RequestID,ArrivalTime,DelayTime,FinishTime,InitiatorID,TargetID,IOType,Size,VolumeID,Offset
0,115006138147,15833,115006153980,4,0,0,30720,4,9864524231
1,115006154463,132941,115006287404,2,0,1,52224,2,5366668941
2,115006287131,51245,115006338376,7,0,1,3584,7,2283469146
3,115006337039,1348,115006338387,5,0,0,512,5,4403016273
4,115006635604,58372,115006693976,9,0,1,7680,9,1276085335
5,115006722334,183395,115006905729,7,0,0,296960,7,7875578221
6,115006756661,151654,115006908315,5,0,0,4096,5,5316049794
7,115007041385,48976,115007090361,9,0,1,2048,9,3443859444
8,115007132928,6274,115007139202,3,0,0,6656,3,2458330522
9,115007147939,82404,115007230343,7,0,0,133632,7,4118726779
10,115007464277,12562,115007476839,2,0,1,266752,2,5497146515
11,115007578908,235612,115007814520,7,0,0,20992,7,947915420
12,115007855257,2942,115007858199,5,0,0,3072,5,9842613400
13,115007902255,1038,115007903293,2,0,0,1024,2,6754223633
14,115007915301,104462,115008019763,3,0,0,169984,3,4780083667
15,115008255368,114916,115008370284,2,0,1,77312,2,6364772003
16,115008529700,14025,115008543725,7,0,0,27136,7,3008123494
17,115008741147,25700,115008766847,7,0,0,46592,7,1136921336
18,115008807017,10753,115008817770,3,0,0,17408,3,3504776168
19,115008907466,1038,115008908504,5,0,0,1024,5,4202152724
20,115009396557,124454,115009521011,4,0,0,202240,4,3500654720
21,115009515399,102137,115009617536,7,0,0,165376,7,8670535255
22,115009751130,105408,115009856538,4,0,0,175104,4,2734767150
23,115009783277,238314,115010021591,9,0,1,7680,9,1127121829
24,115009891894,376029,115010267923,3,0,0,608768,3,7488555892
25,115009894147,400517,115010294664,4,0,0,87040,4,3657176548
26,115010139431,40136,115010179567,7,0,1,16896,7,10603220518
27,115010254874,201795,115010456669,2,0,0,512,2,968132522
28,115010333433,216613,115010550046,7,0,0,351744,7,1454222931
29,115010473503,79449,115010552952,2,0,0,4608,2,10479400194
30,115010589069,3383,115010592452,3,0,0,9728,3,6550748186
31,115010733423,35567,115010768990,7,0,0,62464,7,10171051689
32,115010790128,46725,115010836853,7,0,0,80896,7,10499188883
33,115011036252,3641,115011039893,2,0,0,10240,2,4464947010
34,115011065948,99940,115011165888,7,0,1,28160,7,5514852253
35,115011228417,94337,115011322754,4,0,0,153600,4,4568094414
36,115011233217,89883,115011323100,2,0,0,512,2,9196206324
37,115011272565,105039,115011377604,9,0,1,9216,9,7853508426
38,115011404021,62512,115011466533,8,0,1,6144,8,4621451760
39,115011423294,142120,115011565414,7,0,0,229888,7,4632834182
40,115011475540,91820,115011567360,2,0,0,3072,2,2222510234
41,115011486438,81908,115011568346,2,0,0,1536,2,4346079361
42,115011558612,135103,115011693715,8,0,1,9728,8,2727001374
43,115011563524,226529,115011790053,7,0,1,9216,7,2780384148
44,115011596841,226723,115011823564,5,0,1,124928,5,2176125836
45,115011882341,206229,115012088570,7,0,0,334848,7,4883206354
46,115012150415,33071,115012183486,3,0,0,54272,3,1666129406
47,115012221882,45592,115012267474,9,0,1,1024,9,9601078915
48,115012233236,159500,115012392736,2,0,1,56320,2,7439305042
49,115012368314,269918,115012638232,5,0,1,280064,5,4710122387
50,115012524569,116482,115012641051,4,0,1,9216,4,5310836360
51,115012624050,114602,115012738652,4,0,0,163328,4,4922412494
52,115012652289,118728,115012771017,8,0,1,2560,8,4051266705
53,115012778686,1038,115012779724,2,0,0,1024,2,10229347698
54,115013213225,33587,115013246812,7,0,0,55296,7,529192951
55,115013247549,147385,115013394934,8,0,1,2560,8,9413282796
56,115013454873,115791,115013570664,3,0,0,192000,3,231384467
57,115013498553,45950,115013544503,7,0,1,22016,7,3089219084
58,115013529321,98754,115013628075,7,0,1,9728,7,3026802264
59,115013561574,158162,115013719736,3,0,0,79360,3,4194002168
60,115013735464,76672,115013812136,7,0,1,12288,7,674228348
61,115013807617,123996,115013931613,7,0,1,54784,7,5664318626
62,115013968306,215236,115014183542,2,0,1,245248,2,8435747235
63,115013983473,93594,115014077067,5,0,1,229888,5,4413593157
64,115014062208,314003,115014376211,2,0,1,363520,2,7813604776
65,115014089959,562,115014090521,7,0,0,97280,7,3910091559
66,115014263037,513573,115014776610,8,0,1,1536,8,10592688634
67,115014318778,313223,115014632001,2,0,0,512,2,10569882819
68,115014368257,163497,115014531754,2,0,1,67584,2,9286491705
69,115014416830,232673,115014649503,9,0,1,13312,9,3866032828
70,115014706976,438758,115015145734,4,0,0,714240,4,9608291980
71,115014899235,252503,115015151738,4,0,0,20480,4,8249818655
72,115014908197,337215,115015245412,4,0,0,309248,4,32253878
73,115015062196,46208,115015108404,2,0,1,246272,2,3486743041
74,115015430822,524547,115015955369,3,0,0,79872,3,2714320860
75,115015505001,2942,115015507943,5,0,1,136192,5,2954170060
76,115015592306,148216,115015740522,8,0,1,5632,8,6097856283
77,115015606981,94026,115015701007,2,0,0,3072,2,7147639737
78,115015643919,34275,115015678194,6,0,1,2048,6,3505183787
79,115015734473,186993,115015921466,3,0,0,59904,3,8728976886
80,115015745423,119179,115015864602,6,0,1,5632,6,4593729706
81,115015963961,62512,115016026473,6,0,1,6144,6,1622633159
82,115016274175,54052,115016328227,9,0,1,3584,9,7244165153
83,115016305751,59128,115016364879,9,0,1,5120,9,5487842664
84,115016406154,95020,115016501174,7,0,1,27136,7,8207884735
85,115016427320,103060,115016530380,8,0,1,38400,8,4786153285
86,115016468606,62721,115016531327,9,0,1,3072,9,10370644770
87,115016588749,12821,115016601570,7,0,0,21504,7,5405406755
88,115016596274,133140,115016729414,5,0,1,63488,5,5914486074
89,115016694266,179950,115016874216,2,0,1,78336,2,6184502411
90,115016963067,52545,115017015612,4,0,0,85504,4,8538195455
91,115017031686,53321,115017085007,8,0,0,87040,8,2582337689
92,115017044014,73132,115017117146,9,0,1,43520,9,2082665156
93,115017080237,185422,115017265659,5,0,1,10752,5,252471133
94,115017277158,23891,115017301049,8,0,0,43008,8,8213167358
95,115017577266,59128,115017636394,8,0,1,5120,8,5632381357
96,115017656386,24408,115017680794,3,0,0,44032,3,5618124630
97,115017868791,43900,115017912691,8,0,1,512,8,6300407527
98,115017883548,146683,115018030231,8,0,0,242176,8,5469903765
99,115018022709,74775,115018097484,8,0,0,125440,8,6090453566
100,115018096977,1038,115018098015,8,0,1,23040,8,6186987306
101,115018113521,84471,115018197992,2,0,0,1024,2,2096350267
102,115018131479,193804,115018325283,3,0,0,137728,3,10158948843
103,115018278711,118319,115018397030,9,0,1,35328,9,1591696652
104,115018301681,144166,115018445847,7,0,1,9216,7,2841938711
105,115018358706,278139,115018636845,8,0,1,11776,8,4059937045
106,115018547838,64773,115018612611,8,0,1,4096,8,2194123271
107,115018556270,83569,115018639839,6,0,1,12800,6,10252696154
108,115018640850,114758,115018755608,3,0,0,189952,3,7191880431
109,115018652235,146025,115018798260,4,0,0,146944,4,9589442129
110,115018664911,1514,115018666425,5,0,1,41472,5,8301021098
111,115018799514,187398,115018986912,2,0,0,1536,2,8948294340
112,115018841827,56682,115018898509,7,0,0,79872,7,1166730579
113,115018884950,84508,115018969458,5,0,1,114688,5,7117991465
114,115018890605,27434,115018918039,8,0,1,12800,8,6701176605
115,115018947690,228905,115019176595,3,0,0,48640,3,9902664701
116,115019053858,6274,115019060132,8,0,1,26112,8,6855569174
117,115019130677,4731,115019135408,5,0,1,198144,5,8584140324
118,115019197156,219250,115019416406,2,0,0,6656,2,9805855246
119,115019199045,304036,115019503081,2,0,0,512,2,2914715234
120,115019234173,137078,115019371251,6,0,1,13824,6,2494994568
121,115019339368,53568,115019392936,7,0,0,61440,7,9980982371
122,115019394286,64479,115019458765,4,0,0,105472,4,1817354815
123,115019411995,120083,115019532078,8,0,1,37888,8,6511298412
124,115019455026,217036,115019672062,7,0,1,19456,7,9699877353
125,115019470896,210103,115019680999,5,0,1,43520,5,5522749573
126,115019510560,263038,115019773598,5,0,1,74240,5,2839536105
127,115019646454,87491,115019733945,3,0,0,100352,3,2247288735
128,115019796317,185462,115019981779,7,0,0,301056,7,3477109899
129,115019871829,162868,115020034697,8,0,0,179712,8,6980363461
130,115019924103,112220,115020036323,2,0,0,2560,2,3573202656
131,115019959137,87606,115020046743,6,0,0,33280,6,4664525229
132,115019982934,105027,115020087961,4,0,0,139776,4,8658952828
133,115020006559,74604,115020081163,8,0,1,20992,8,6778380858
134,115020117485,32983,115020150468,8,0,0,121856,8,664791701
135,115020209995,299148,115020509143,4,0,0,57344,4,2193139222
136,115020344705,113714,115020458419,9,0,1,11264,9,3119010221
137,115020506910,108832,115020615742,7,0,1,57344,7,1818327684
138,115020663666,66052,115020729718,7,0,1,7680,7,1045479762
139,115020673207,227355,115020900562,5,0,1,245760,5,10527077368
140,115020884222,1514,115020885736,5,0,1,105984,5,7614326750
141,115020915291,83439,115020998730,6,0,1,12288,6,6992617083
142,115020964474,188513,115021152987,2,0,0,1536,2,10673597081
143,115021000435,356554,115021356989,4,0,0,577536,4,4123405694
144,115021167317,211587,115021378904,4,0,0,80384,4,2163492434
145,115021225179,164862,115021390041,7,0,0,45056,7,7763956194
146,115021380613,178797,115021559410,0,0,1,4096,0,5814645953
147,115021614473,74863,115021689336,3,0,0,122368,3,4203104638
148,115022236027,52360,115022288387,6,0,1,3072,6,1032621529
149,115022261842,85624,115022347466,5,0,1,21504,5,4853719942
150,115022293598,34016,115022327614,4,0,1,15872,4,206993788
151,115022366494,113934,115022480428,3,0,0,59392,3,8850511185
152,115022499631,60862,115022560493,4,0,0,98304,4,8046972061
153,115022563424,12733,115022576157,6,0,0,24576,6,4488365008
154,115022580499,1990,115022582489,8,0,0,2048,8,573974915
155,115022775411,6274,115022781685,4,0,0,6656,4,8637992867
156,115022919119,43883,115022963002,1,0,1,5120,1,7480483894
157,115022924263,54520,115022978783,7,0,0,75264,7,5997618834
158,115023021757,75291,115023097048,6,0,0,126464,6,2971576697
159,115023224393,15575,115023239968,4,0,0,30208,4,69097730
160,115023227228,50301,115023277529,4,0,0,75264,4,4743824714
161,115023239404,97239,115023336643,8,0,1,2048,8,9801439294
162,115023282271,42679,115023324950,2,0,1,71168,2,5717816645
163,115023376618,258718,115023635336,5,0,1,67584,5,1614517051
164,115023414714,232741,115023647455,7,0,0,69632,7,7538322909
165,115023523437,75625,115023599062,1,0,1,6656,1,2652372201
166,115023539639,47864,115023587503,4,0,0,124416,4,7059273563
167,115023559815,148892,115023708707,2,0,1,10752,2,10666068619
168,115023577820,138721,115023716541,4,0,0,41472,4,2055463592
169,115023732496,1514,115023734010,2,0,0,1536,2,8230978813
170,115024087971,59128,115024147099,1,0,1,5120,1,7857734150
171,115024346441,15317,115024361758,3,0,0,29696,3,3620375283
172,115024752875,81928,115024834803,5,0,1,19456,5,4027868712
173,115024898239,71308,115024969547,6,0,1,14848,6,7987551536
174,115024994600,1038,115024995638,2,0,0,1024,2,4615332591
175,115024999222,1990,115025001212,6,0,1,8704,6,6429360569
176,115025048705,64828,115025113533,2,0,0,2048,2,6309253519
177,115025059323,89608,115025148931,1,0,1,19456,1,2080824132
178,115025171559,1038,115025172597,7,0,1,11776,7,7924105576
179,115025175088,78052,115025253140,2,0,0,1024,2,5802060433
180,115025305743,91744,115025397487,8,0,1,16384,8,4346390395
181,115025329047,73756,115025402803,7,0,1,12800,7,6381465579
182,115025418110,43900,115025462010,8,0,1,512,8,798934922
183,115025459086,83152,115025542238,5,0,1,18432,5,7411502886
184,115025522932,193520,115025716452,4,0,0,313344,4,8500418109
185,115025585324,131794,115025717118,2,0,0,1024,2,4355842576
186,115025598174,33329,115025631503,5,0,1,171008,5,167846416
187,115025815084,21654,115025836738,8,0,0,54784,8,5386524715
188,115025843949,378069,115026222018,7,0,0,35328,7,360767886
189,115025999246,3894,115026003140,5,0,1,249856,5,5798407813
190,115026007197,101446,115026108643,7,0,0,4096,7,3883407792
191,115026088328,271445,115026359773,6,0,1,5632,6,1268036704
192,115026104779,169823,115026274602,7,0,1,12800,7,6629703013
193,115026160201,114974,115026275175,5,0,1,51712,5,10728700758
194,115026161823,149939,115026311762,6,0,1,7168,6,9888040264
195,115026365038,76204,115026441242,6,0,1,10752,6,1207105951
196,115026544628,97756,115026642384,0,0,1,20992,0,791356025
197,115026545602,186150,115026731752,8,0,0,305664,8,6443520492
198,115026681541,55090,115026736631,5,0,1,1024,5,4433968917
199,115026731654,34104,115026765758,8,0,1,2048,8,10227489737
200,115026809762,85784,115026895546,7,0,0,56320,7,7845372973
201,115026822815,284224,115027107039,6,0,0,132096,6,2966738969
202,115026906287,287400,115027193687,6,0,0,469504,6,6742679379
203,115027057822,137491,115027195313,2,0,0,2560,2,281216772
204,115027165635,103429,115027269064,8,0,1,27648,8,7151721662
205,115027189149,180012,115027369161,2,0,1,108544,2,1639540500
206,115027225558,41387,115027266945,3,0,0,167936,3,2226458847
207,115027411302,326013,115027737315,4,0,0,67072,4,971496204
208,115027485618,70148,115027555766,8,0,0,65536,8,3769782735
209,115027614607,87589,115027702196,1,0,1,6144,1,7267857378
210,115027692704,15058,115027707762,5,0,1,10240,5,5969435301
211,115027788720,198249,115027986969,3,0,0,29184,3,10102885847
212,115027810157,15833,115027825990,2,0,1,7680,2,4537519079
213,115027858106,104564,115027962670,6,0,1,41984,6,5777019531
214,115027865285,6484,115027871769,3,0,0,30720,3,6751788521
215,115027922883,148635,115028071518,2,0,1,12800,2,6642165561
216,115027956749,107564,115028064313,7,0,0,15872,7,2557622999
217,115028009772,65896,115028075668,5,0,1,7168,5,3634963082
218,115028058907,167708,115028226615,4,0,0,276480,4,8010670864
219,115028096749,85800,115028182549,7,0,1,33792,7,4956466239
220,115028141071,247088,115028388159,2,0,0,9216,2,9642360474
221,115028287821,105028,115028392849,8,0,1,2560,8,7900632038
222,115028681255,106492,115028787747,7,0,1,49664,7,15373587
223,115028794597,65608,115028860205,8,0,1,22016,8,10049426781
224,115028800162,94996,115028895158,6,0,1,4096,6,3178485131
225,115028809550,90698,115028900248,1,0,1,11264,1,6180357168
226,115028887988,25777,115028913765,4,0,0,37888,4,8511937365
227,115028949859,208725,115029158584,8,0,0,343040,8,1877378652
228,115028961564,214007,115029175571,4,0,0,65024,4,2856790501
229,115029175835,109243,115029285078,6,0,1,17920,6,2478842645
230,115029244266,185492,115029429758,5,0,1,28672,5,2321196876
231,115029297557,110384,115029407941,2,0,1,268288,2,2307263924
232,115029357893,309554,115029667447,7,0,0,178176,7,2131092594
233,115029388464,224430,115029612894,8,0,1,18944,8,7387166770
234,115029408126,208687,115029616813,5,0,1,12800,5,1975830122
235,115029607788,109862,115029717650,7,0,1,5632,7,7908366641
236,115029737835,3641,115029741476,8,0,1,7168,8,8192633555
237,115029765844,58216,115029824060,8,0,0,10240,8,9542909844
238,115029881687,3383,115029885070,4,0,0,9728,4,6795676147
239,115029901672,5798,115029907470,2,0,0,6144,2,43406167
240,115030063076,73756,115030136832,2,0,1,12800,2,6808379862
241,115030181202,359825,115030541027,7,0,0,587264,7,1470747423
242,115030207018,416291,115030623309,6,0,0,262656,6,9384151637
243,115030399239,328318,115030727557,8,0,0,335360,8,2344359528
244,115030406758,443248,115030850006,8,0,1,163328,8,5966916362
245,115030572741,277284,115030850025,7,0,0,254976,7,5031625582
246,115030640019,210017,115030850036,4,0,0,4096,4,1619208089
247,115030771813,410933,115031182746,2,0,1,293888,2,6798911817
248,115030800536,389709,115031190245,7,0,1,24576,7,5948633580
249,115030839799,364497,115031204296,2,0,1,46080,2,4558938409
250,115031055910,190109,115031246019,8,0,1,14336,8,4608174187
251,115031411940,104464,115031516404,7,0,1,43008,7,10537159546
252,115031510281,55091,115031565372,7,0,1,2048,7,5660697087
253,115031582662,62670,115031645332,4,0,0,101888,4,1905795875
254,115031788689,57436,115031846125,7,0,1,4608,7,8556565353
255,115031804121,102592,115031906713,7,0,1,36864,7,265870951
256,115032034959,73312,115032108271,7,0,1,16384,7,4568111695
257,115032162799,101032,115032263831,5,0,1,31744,5,298885712
258,115032351913,108052,115032459965,2,0,1,54784,2,8031296313
259,115032598482,96712,115032695194,3,0,1,27648,3,5075453472
260,115032744179,74692,115032818871,6,0,1,15872,6,1445623443
261,115032872641,82816,115032955457,7,0,1,12288,7,8200178753
262,115032900054,83657,115032983711,3,0,1,3072,3,1435648195
263,115032985700,70060,115033055760,3,0,1,10752,3,4982503790
264,115033054947,50668,115033105615,7,0,1,38400,7,8588111530
265,115033065840,103865,115033169705,6,0,1,19456,6,3980309465
266,115033087907,145910,115033233817,3,0,1,2560,3,7311949697
267,115033255773,4846,115033260619,4,0,0,5120,4,2614851364
268,115033312967,92529,115033405496,7,0,0,150016,7,1742529999
269,115033364824,145316,115033510140,8,0,1,29696,8,5672331899
270,115033482673,55300,115033537973,7,0,0,94208,7,5884293026
271,115033555302,95210,115033650512,8,0,1,13312,8,6187918763
272,115033666555,12991,115033679546,4,0,0,25088,4,1527374342
273,115033823019,48976,115033871995,7,0,1,2048,7,2111365761
274,115034018559,52360,115034070919,8,0,1,3072,8,8282404484
275,115034128860,43366,115034172226,4,0,0,74240,4,7983006471
276,115034328818,14283,115034343101,6,0,0,27648,6,4169865155
277,115034341356,100551,115034441907,8,0,1,7168,8,8337643738
278,115034379251,184946,115034564197,4,0,0,300032,4,2815744889
279,115034731189,73054,115034804243,3,0,0,118784,3,1341681042
280,115034775805,100225,115034876030,6,0,1,5120,6,6862979555
281,115035011620,21654,115035033274,5,0,1,23552,5,4850463531
282,115035058188,90856,115035149044,7,0,0,35328,7,2567990022
283,115035072319,30168,115035102487,6,0,0,38400,6,6287239182
284,115035274047,74536,115035348583,8,0,1,15360,8,3166552403
285,115035492165,44056,115035536221,5,0,1,1024,5,9098222843
286,115035540042,98380,115035638422,3,0,1,23040,3,8080874998
287,115035907338,94660,115036001998,8,0,1,15872,8,5848912191
288,115035948255,53754,115036002009,3,0,0,90112,3,1738344440
289,115036054119,214287,115036268406,7,0,0,347136,7,10342207500
290,115036060194,212622,115036272816,1,0,1,30720,1,4568606828
291,115036071542,42937,115036114479,4,0,0,58880,4,10682739157
292,115036278909,279427,115036558336,3,0,0,70144,3,6296230164
293,115036315094,15575,115036330669,3,0,1,19456,3,5718001679
294,115036415998,135603,115036551601,3,0,0,30208,3,8968352124
295,115036484752,45692,115036530444,3,0,0,78848,3,7926394899
296,115036504833,49740,115036554573,3,0,1,1536,3,7755719675
297,115036785847,562,115036786409,2,0,0,512,2,4175516047
298,115036804546,182524,115036987070,2,0,1,147968,2,4018667584
299,115036970245,17379,115036987624,2,0,0,512,2,9596126226
300,115037018510,26734,115037045244,7,0,0,48640,7,8775236349
301,115037324342,84844,115037409186,1,0,1,18944,1,8418027855
302,115037332717,99467,115037432184,3,0,1,2560,3,6863282290
303,115037432224,23979,115037456203,7,0,0,39936,7,3122781774
304,115037485800,24408,115037510208,6,0,0,44032,6,199794571
305,115037496581,13973,115037510554,2,0,0,512,2,5648233588
306,115037564041,86512,115037650553,5,0,1,14336,5,10695651833
307,115037704883,3418,115037708301,2,0,0,3584,2,6727800625
308,115037709392,83608,115037793000,7,0,0,139264,7,8439469730
309,115037726636,98545,115037825181,7,0,0,104960,7,5203020660
310,115037847977,232987,115038080964,3,0,0,376832,3,3668585093
311,115037986057,80434,115038066491,0,0,1,15872,0,7762493396
312,115038000511,207945,115038208456,8,0,1,6656,8,849701282
313,115038001606,144187,115038145793,6,0,0,13312,6,9851250974
314,115038067801,302320,115038370121,4,0,0,233984,4,9808907294
315,115038090136,385140,115038475276,6,0,1,16384,6,7244691299
316,115038252415,196238,115038448653,6,0,0,618496,6,7663389187
317,115038329685,379300,115038708985,7,0,1,11264,7,3443204004
318,115038420436,373548,115038793984,8,0,1,1536,8,5215636130
319,115038567829,210689,115038778518,7,0,1,14848,7,9358608462
320,115038695327,167941,115038863268,5,0,1,65024,5,4887899125
321,115038732217,136475,115038868692,8,0,1,4608,8,5208168917
322,115038819706,122540,115038942246,2,0,1,96256,2,6284058631
323,115038947750,106958,115039054708,6,0,0,178176,6,10005551861
324,115038992440,14329,115039006769,2,0,1,302080,2,10119099307
325,115039040725,363030,115039403755,2,0,0,512,2,7917688004
326,115039112036,243445,115039355481,4,0,0,246272,4,7027414757
327,115039137265,105962,115039243227,7,0,1,24576,7,9500593076
328,115039249530,5798,115039255328,2,0,0,5120,2,151181785
329,115039251273,163019,115039414292,7,0,1,11776,7,6964013538
330,115039379069,313525,115039692594,2,0,0,6144,2,4464953839
331,115039880258,22946,115039903204,7,0,0,37888,7,7651989906
332,115039976539,22687,115039999226,7,0,0,37376,7,7671166374
333,115040019177,395503,115040414680,3,0,0,640000,3,2178248225
334,115040020289,312936,115040333225,0,0,1,9216,0,5397564004
335,115040103050,219283,115040322333,2,0,0,2048,2,3079043132
336,115040199609,187576,115040387185,2,0,0,4608,2,9209275605
337,115040232302,73136,115040305438,2,0,0,1536,2,6731397157
338,115040313768,446812,115040760580,2,0,1,17408,2,219226715
339,115040316238,126692,115040442930,5,0,1,16896,5,5981424132
340,115040348125,252571,115040600696,3,0,0,14848,3,7642400673
341,115040359082,270196,115040629278,6,0,1,31744,6,3569729210
342,115040365939,287206,115040653145,4,0,0,209920,4,3132264146
343,115040405612,354187,115040759799,1,0,1,2048,1,8344893716
344,115040488370,314762,115040803132,6,0,0,509440,6,1479829540
345,115040492432,246535,115040738967,5,0,1,66560,5,8860635441
346,115040558223,129297,115040687520,1,0,0,2560,1,424549854
347,115040717483,108307,115040825790,7,0,1,512,7,8304758731
348,115040748549,556255,115041304804,3,0,0,175616,3,4355801332
349,115041011800,36906,115041048706,6,0,0,59392,6,4346192266
350,115041033364,142274,115041175638,1,0,1,15872,1,1811110436
351,115041143835,65425,115041209260,4,0,0,110592,4,9320172340
352,115041265723,56592,115041322315,3,0,0,96768,3,4852904224
353,115041276595,129739,115041406334,6,0,1,4608,6,1436233485
354,115041495956,52360,115041548316,5,0,1,3072,5,4118694115
355,115041548372,51512,115041599884,7,0,0,83456,7,9636979811
356,115041656630,11787,115041668417,7,0,0,19456,7,9740663641
357,115041871196,57436,115041928632,5,0,1,4608,5,5200141291
358,115041885509,51770,115041937279,2,0,1,71168,2,4796854808
359,115041916966,113044,115042030010,7,0,0,83968,7,2758979430
360,115042007798,1038,115042008836,2,0,0,1024,2,4917771422
361,115042009287,117256,115042126543,2,0,1,84992,2,2895386833
362,115042310312,11787,115042322099,2,0,1,334848,2,2335887116
363,115042328584,50995,115042379579,6,0,0,19456,6,8236915589
364,115042359475,291688,115042651163,2,0,1,45568,2,838443321
365,115042375208,105469,115042480677,4,0,0,82432,4,9838634812
366,115042420603,256455,115042677058,2,0,1,26624,2,5531244749
367,115042496542,203450,115042699992,2,0,0,4608,2,7311637463
368,115042504496,184424,115042688920,6,0,0,109568,6,5793837371
369,115042528682,188187,115042716869,2,0,1,183296,2,9031065491
370,115042529895,106833,115042636728,1,0,1,25088,1,4978762698
371,115042626162,50190,115042676352,6,0,0,126976,6,6180386882
372,115042698256,382349,115043080605,6,0,0,57344,6,4079515488
373,115042890442,208798,115043099240,4,0,0,309760,4,6720979021
374,115042927639,110644,115043038283,5,0,1,13824,5,8877049319
375,115042999118,305961,115043305079,6,0,0,33792,6,5718687304
376,115043398960,3418,115043402378,6,0,0,3584,6,928513242
377,115043495315,42420,115043537735,4,0,0,69120,4,3944355672
378,115043527806,45592,115043573398,7,0,1,1024,7,1440266477
379,115043697309,1038,115043698347,2,0,0,1024,2,1879368053
380,115043767055,70216,115043837271,7,0,1,11264,7,496771824
381,115043771459,101032,115043872491,0,0,1,31744,0,1528052279
382,115043821188,51322,115043872510,3,0,0,72704,3,5482252188
383,115043858335,15726,115043874061,4,0,1,512,4,10346693361
384,115043863983,178426,115044042409,2,0,0,7680,2,2945377501
385,115044155208,16609,115044171817,6,0,1,3072,6,2841106971
386,115044183911,49288,115044233199,3,0,0,32256,3,7419698583
387,115044235756,36083,115044271839,6,0,0,63488,6,4754551614
388,115044403195,31262,115044434457,6,0,0,50688,6,4134735261
389,115044459000,22687,115044481687,4,0,0,37376,4,4831406742
390,115044491655,93592,115044585247,1,0,1,17408,1,195563036
391,115044572950,159025,115044731975,2,0,1,117248,2,5087241162
392,115044793728,83284,115044877012,5,0,1,13824,5,10274835363
393,115044947837,4370,115044952207,7,0,0,4608,7,6126835684
394,115045028858,23633,115045052491,6,0,1,7680,6,3525110295
395,115045034373,102974,115045137347,4,0,0,42496,4,6485286412
396,115045240999,89584,115045330583,0,0,1,14336,0,6399100734
397,115045319371,24666,115045344037,7,0,0,44544,7,4669751100
398,115045350491,3641,115045354132,3,0,0,10240,3,4667755902
399,115045371607,159707,115045531314,5,0,1,512,5,3579261918
400,115045392770,304637,115045697407,7,0,0,493056,7,4955992721
401,115045558207,60073,115045618280,2,0,1,60416,2,2780858586
402,115045638960,84833,115045723793,2,0,0,2560,2,318143186
403,115045655316,293593,115045948909,7,0,0,139264,7,2697362778
404,115045782698,338309,115046121007,2,0,1,225280,2,1848454403
405,115045921970,213743,115046135713,5,0,1,45568,5,9131727077
406,115046249972,44400,115046294372,0,0,1,6656,0,2846638520
407,115046255997,54988,115046310985,4,0,0,76288,4,7126166828
408,115046405535,107116,115046512651,6,0,1,51712,6,1888166589
409,115046460855,51807,115046512662,6,0,0,74752,6,6116565065
410,115046519624,31779,115046551403,4,0,0,51712,4,9631399790
411,115047198270,5450,115047203720,4,0,0,13824,4,6162604063
412,115047286278,94766,115047381044,6,0,0,157696,6,7955000148
413,115047566227,3124,115047569351,6,0,0,9216,6,5148975134
414,115047720103,562,115047720665,2,0,0,512,2,6820147297
415,115047723868,14025,115047737893,4,0,0,27136,4,5132835661
416,115047725309,17973,115047743282,4,0,0,17408,4,7834611109
417,115047790275,110080,115047900355,1,0,1,61440,1,7721532893
418,115047945562,44229,115047989791,6,0,0,72704,6,10362193613
419,115047948891,83084,115048031975,5,0,1,6656,5,1584179840
420,115047949182,79657,115048028839,2,0,1,359936,2,3939100259
421,115047960753,378868,115048339621,6,0,1,14336,6,6040682449
422,115047978362,293333,115048271695,7,0,1,17408,7,6594452955
423,115048034728,378928,115048413656,7,0,0,339968,7,1232963600
424,115048148826,562,115048149388,2,0,1,257536,2,3146476518
425,115048387082,439003,115048826085,2,0,0,512,2,2723094215
426,115048508895,79101,115048587996,5,0,1,512,5,5002077380
427,115048816356,75897,115048892253,7,0,1,6144,7,3158835330
428,115048829741,103060,115048932801,5,0,1,38400,5,4128295882
429,115049021194,13596,115049034790,4,0,0,23040,4,175503942
430,115049049630,89584,115049139214,1,0,1,14336,1,10024177022
431,115049126830,23374,115049150204,3,0,0,41984,3,10018377108
432,115049265208,34275,115049299483,3,0,0,59904,3,9953004713
433,115049293702,15575,115049309277,6,0,0,30208,6,4480030409
434,115049338124,87892,115049426016,5,0,1,13824,5,7046084706
435,115049388227,78520,115049466747,0,0,1,13312,0,9760310919
436,115049514926,46725,115049561651,7,0,0,80896,7,6956629340
437,115049560975,3418,115049564393,6,0,0,3584,6,5672242869
438,115049663644,68891,115049732535,7,0,1,7680,7,1793876984
439,115049677514,64738,115049742252,3,0,0,105984,3,158146310
440,115050049088,2866,115050051954,2,0,0,8704,2,5665892343
441,115050115885,119952,115050235837,5,0,1,10240,5,4847929337
442,115050279549,101656,115050381205,7,0,1,33792,7,1948657474
443,115050596900,32037,115050628937,3,0,0,52224,3,7812924471
444,115050621105,88096,115050709201,0,0,1,24576,0,10087486434
445,115050720021,258833,115050978854,7,0,0,423936,7,5629916052
446,115050775612,242487,115051018099,7,0,1,15360,7,3753985987
447,115051060580,174921,115051235501,5,0,1,25088,5,3628943495
448,115051277473,2466,115051279939,3,0,0,2560,3,7402009538
449,115051387524,88992,115051476516,6,0,1,10240,6,4621761433
450,115051404466,256079,115051660545,3,0,0,415232,3,9945668676
451,115051473078,206094,115051679172,5,0,1,7680,5,2805176723
452,115051535488,157135,115051692623,4,0,0,112640,4,8629554266
453,115051557461,138068,115051695529,2,0,0,4608,2,9300337456
454,115051640049,2866,115051642915,5,0,1,5632,5,5515858786
455,115051823176,211361,115052034537,3,0,0,8704,3,1833093003
456,115051993711,74258,115052067969,3,0,0,124416,3,3572453569
457,115052086331,21912,115052108243,7,0,0,35840,7,2705980003
458,115052146860,42162,115052189022,6,0,0,68608,6,7324755450
459,115052163741,41448,115052205189,3,0,0,52736,3,886278855
460,115052236102,32295,115052268397,3,0,0,52736,3,4183508177
461,115052500378,1514,115052501892,2,0,0,1536,2,8393144985
462,115052609967,105150,115052715117,3,0,0,174592,3,4808981269
463,115053075509,20362,115053095871,3,0,0,32768,3,10021772094
464,115053180263,57436,115053237699,6,0,1,4608,6,9165137032
465,115053462063,4158,115053466221,7,0,1,50176,7,6387213370
466,115053491529,52360,115053543889,5,0,1,3072,5,6234064916
467,115053515601,106648,115053622249,4,0,0,11264,4,9807424266
468,115053664440,101878,115053766318,4,0,0,164864,4,4780152254
469,115053702185,100423,115053802608,4,0,0,116224,4,4111797015
470,115053967341,562,115053967903,4,0,0,512,4,8187008859
471,115054380883,1514,115054382397,6,0,0,1536,6,3766185502
472,115054792513,34363,115054826876,7,0,1,29184,7,2012144016
473,115054823399,100252,115054923651,4,0,0,56832,4,3413999502
474,115054837825,42420,115054880245,7,0,1,1024,7,373673141
475,115054911421,1514,115054912935,3,0,0,69120,3,9200585026
476,115054962827,190614,115055153441,2,0,0,1536,2,2841176105
477,115055096185,13508,115055109693,7,0,0,26112,7,9732904198
478,115055154512,73999,115055228511,6,0,0,123904,6,9006623216
479,115055193841,91844,115055285685,1,0,1,512,1,1154981690
480,115055199376,117859,115055317235,3,0,0,196096,3,2564101790
481,115055403290,1038,115055404328,2,0,0,1024,2,9280959416
482,115055435526,66458,115055501984,4,0,0,112640,4,5307873692
483,115055483589,85775,115055569364,5,0,1,3584,5,5534894557
484,115055558564,202460,115055761024,5,0,1,16896,5,515791801
485,115055578720,87892,115055666612,5,0,1,16896,5,6561428369
486,115055605771,191787,115055797558,5,0,1,13824,5,3156269599
487,115055661753,116717,115055778470,3,0,0,188416,3,817823944
488,115055736929,2942,115055739871,7,0,1,6656,7,3217011276
489,115055802148,198691,115056000839,2,0,0,3072,2,6408815130
490,115055846525,97092,115055943617,4,0,0,162304,4,6641798439
491,115055908557,115085,115056023642,7,0,1,3584,7,3842162296
492,115056045929,34363,115056080292,3,0,0,56832,3,1805074554
493,115056243938,562,115056244500,1,0,1,22016,1,2571391844
494,115056261633,90388,115056352021,2,0,0,512,2,6490604095
495,115056869804,1038,115056870842,2,0,0,1024,2,519404797
496,115056963824,64360,115057028184,6,0,1,7168,6,2171595998
497,115057052781,52672,115057105453,5,0,1,4096,5,601012890
498,115057119026,64204,115057183230,6,0,1,6656,6,5533560522
499,115057196266,1514,115057197780,2,0,0,1536,2,5742573368
500,115057199480,34275,115057233755,3,0,0,59904,3,10188099457
501,115057380165,65896,115057446061,7,0,1,7168,7,5805473025
502,115057612106,110236,115057722342,8,0,1,61952,8,1964503500
503,115057742173,315279,115058057452,7,0,0,510464,7,1877834561
504,115057749473,407472,115058156945,8,0,1,16896,8,5869866261
505,115058211258,70972,115058282230,6,0,1,8704,6,6913359916
506,115058267741,86560,115058354301,7,0,1,24576,7,2415941127
507,115058369998,78364,115058448362,5,0,1,12800,5,4565464090
508,115058602588,31003,115058633591,7,0,1,13312,7,2697243678
509,115058611424,84664,115058696088,6,0,0,50176,6,9740290100
510,115058641111,94094,115058735205,5,0,1,4608,5,10026896616
511,115058725461,154312,115058879773,4,0,0,250368,4,3307292682
512,115058875595,122955,115058998550,0,0,1,1536,0,1331069942
513,115059049863,77740,115059127603,0,0,1,10752,0,3316197895
514,115059199263,5708,115059204971,7,0,0,14336,7,5566759373
515,115059299392,67588,115059366980,7,0,1,7680,7,10507074633
516,115059498567,2466,115059501033,2,0,0,2560,2,3628871550
517,115059552476,10753,115059563229,6,0,0,17408,6,4577436080
518,115059558700,59284,115059617984,7,0,1,5632,7,2889994773
519,115059669042,62154,115059731196,5,0,1,44544,5,6498461520
520,115059672852,104932,115059777784,6,0,0,100864,6,9429652629
521,115059729017,103372,115059832389,0,0,1,39424,0,9245751739
522,115059813633,33587,115059847220,3,0,0,55296,3,2100683207
523,115059819565,102789,115059922354,5,0,1,3584,5,5352674360
524,115060006956,54052,115060061008,7,0,1,3584,7,9062588911
525,115060045411,562,115060045973,0,0,1,8704,0,740078417
526,115060097537,67900,115060165437,2,0,0,512,2,2683955469
527,115060160435,34104,115060194539,7,0,0,56320,7,1662567400
528,115060182079,63874,115060245953,3,0,0,107520,3,4831601554
529,115060253050,562,115060253612,5,0,1,13824,5,7805968033
530,115060288430,122565,115060410995,7,0,1,34304,7,6030158897
531,115060294700,98380,115060393080,2,0,0,512,2,1525141770
532,115060396254,65896,115060462150,5,0,1,23040,5,2802581556
533,115060439604,258788,115060698392,5,0,1,7168,5,1868845705
534,115060461875,106458,115060568333,7,0,1,12288,7,5666999934
535,115060500506,123937,115060624443,8,0,0,201216,8,341756643
536,115060519320,5192,115060524512,5,0,1,8704,5,7953964826
537,115060649319,141483,115060790802,4,0,0,13312,4,8189835190
538,115060711895,238325,115060950220,7,0,0,390656,7,10149620539
539,115060798982,177364,115060976346,4,0,0,92160,4,2100510593
540,115061077005,2942,115061079947,2,0,0,3072,2,6628560762
541,115061199785,3418,115061203203,2,0,0,3584,2,2551849829
542,115061350498,2942,115061353440,2,0,0,3072,2,4331081418
543,115061352608,74087,115061426695,7,0,0,120832,7,6295896860
544,115061443498,127600,115061571098,8,0,1,6144,8,6797926399
545,115061569486,52740,115061622226,0,0,1,4096,0,6309039386
546,115061638816,66458,115061705274,3,0,0,112640,3,7767733388
547,115061679142,3418,115061682560,6,0,1,2048,6,3935230350
548,115061742874,70987,115061813861,8,0,1,25600,8,1201961102
549,115061744856,105739,115061850595,2,0,0,3584,2,1173422729
550,115062317296,66200,115062383496,7,0,0,112128,7,9157346429
551,115062333383,61967,115062395350,3,0,0,40448,3,6305894283
552,115062654711,24150,115062678861,4,0,0,43520,4,5327672417
553,115062662615,84132,115062746747,8,0,1,10240,8,10504488603
554,115062687880,118637,115062806517,1,0,1,5120,1,1145615471
555,115062752061,132887,115062884948,1,0,1,12288,1,5935935632
556,115062958905,64204,115063023109,8,0,1,6656,8,324898483
557,115063268264,99940,115063368204,0,0,1,28160,0,1495457578
558,115063616188,50668,115063666856,8,0,1,2560,8,4921647832
559,115063840533,25183,115063865716,6,0,0,45568,6,4028029203
560,115063855389,11633,115063867022,7,0,0,2048,7,1408192103
561,115063992138,4846,115063996984,7,0,0,5120,7,4774193258
562,115063994258,83608,115064077866,3,0,0,139264,3,10632221410
563,115064117481,32295,115064149776,4,0,0,52736,4,6013626885
564,115064414343,4846,115064419189,2,0,1,1536,2,116674703
565,115064417950,47284,115064465234,2,0,0,5120,2,10225683019
566,115064680561,60820,115064741381,1,0,1,5632,1,261867680
567,115064766808,100408,115064867216,8,0,1,29696,8,1117491127
568,115064886872,35308,115064922180,4,0,0,61952,4,10578922833
569,115065186201,2942,115065189143,0,0,1,22528,0,759067278
570,115065252963,89008,115065341971,2,0,0,3072,2,6655222288
571,115065637520,1990,115065639510,7,0,0,2048,7,2749304455
572,115065663824,155604,115065819428,4,0,0,252928,4,9885197750
573,115065677424,192926,115065870350,0,0,1,12800,0,964685546
574,115065846790,4552,115065851342,8,0,1,4608,8,6237304558
575,115065865809,5798,115065871607,7,0,0,2560,7,2604518921
576,115065892604,2466,115065895070,4,0,0,6144,4,255808862
577,115065928817,126557,115066055374,2,0,0,2560,2,2506558002
578,115066014161,4370,115066018531,3,0,0,4608,3,7460646671
579,115066179002,3894,115066182896,4,0,0,4096,4,3221891595
580,115066431188,70972,115066502160,7,0,1,8704,7,345222051
581,115066435578,124782,115066560360,0,0,1,38400,0,214549634
582,115066640369,86356,115066726725,6,0,1,13824,6,62009350
583,115066744156,12821,115066756977,4,0,0,21504,4,1894310718
584,115066852803,2942,115066855745,7,0,0,3072,7,6947638341
585,115067153019,562,115067153581,7,0,0,512,7,2186556027
586,115067273220,63616,115067336836,3,0,0,107008,3,8769742174
587,115067325059,92642,115067417701,8,0,1,5632,8,4348869267
588,115067357002,145605,115067502607,0,0,1,56320,0,3886459001
589,115067502579,57612,115067560191,0,0,1,5120,0,7619245716
590,115067658179,57436,115067715615,0,0,1,4608,0,8129126635
591,115067798894,123679,115067922573,6,0,0,200704,6,5287209335
592,115067802624,140635,115067943259,4,0,0,74240,4,3566625018
593,115067825920,128988,115067954908,6,0,0,39424,6,7988914278
594,115067940614,56836,115067997450,8,0,1,7680,8,2629050936
595,115068161933,1514,115068163447,7,0,0,1536,7,8546107818
596,115068342687,97092,115068439779,3,0,0,162304,3,9646760819
597,115068409671,237701,115068647372,1,0,1,47104,1,660754283
598,115068602622,71620,115068674242,0,0,1,15872,0,8765035245
599,115069008213,185462,115069193675,3,0,0,301056,3,2919581670
600,115069070732,258834,115069329566,8,0,1,23552,8,7584381475
601,115069373618,84064,115069457682,1,0,1,16384,1,9399266708
602,115069474270,55744,115069530014,6,0,1,4096,6,5745955905
603,115069690486,72820,115069763306,0,0,1,9728,0,2978237101
604,115069695472,100720,115069796192,8,0,1,30720,8,6725578443
605,115069856284,3418,115069859702,1,0,1,9728,1,8541054602
606,115069887968,72820,115069960788,7,0,0,3584,7,887652241
607,115070203106,23204,115070226310,6,0,0,38400,6,7989121678
608,115070341636,113685,115070455321,8,0,1,12800,8,3806322517
609,115070424932,62512,115070487444,1,0,1,6144,1,1469423185
610,115070608655,2942,115070611597,2,0,0,3072,2,9946750628
611,115070687146,16350,115070703496,4,0,0,31744,4,7058919888
612,115070721331,13766,115070735097,6,0,1,8192,6,5736785282
613,115070734346,69280,115070803626,7,0,0,26624,7,4305048095
614,115070906749,45950,115070952699,7,0,0,79360,7,4526822145
615,115071210929,44400,115071255329,6,0,0,76288,6,1759201849
616,115071232422,1514,115071233936,8,0,1,20480,8,2219858850
617,115071313939,244264,115071558203,3,0,0,1536,3,5167016475
618,115071336639,167708,115071504347,4,0,0,276480,4,10582434970
619,115071508654,148046,115071656700,1,0,1,71168,1,1773421330
620,115071537311,119712,115071657023,0,0,1,1024,0,4319288480
621,115071628259,103864,115071732123,1,0,1,16896,1,1021831931
622,115071876443,1990,115071878433,2,0,0,2048,2,6216864188
623,115072119247,94240,115072213487,0,0,1,24576,0,7868625706
624,115072288701,102137,115072390838,6,0,0,165376,6,5116936384
625,115072390998,114071,115072505069,4,0,0,185344,4,9233404426
626,115072531781,76325,115072608106,7,0,0,128512,7,9756937039
627,115072560373,79504,115072639877,7,0,0,102912,7,9078097304
628,115072582088,107898,115072689986,1,0,1,35840,1,1923118556
629,115072619353,272055,115072891408,1,0,1,33280,1,1340270
630,115072886175,194295,115073080470,3,0,0,314880,3,4226907323
631,115073205843,43366,115073249209,7,0,0,74240,7,10050958067
632,115073211752,14800,115073226552,8,0,1,241152,8,4037037451
633,115073282640,281756,115073564396,8,0,1,126464,8,7350099891
634,115073286573,249419,115073535992,3,0,0,28672,3,4353988768
635,115073336858,198326,115073535184,1,0,1,7680,1,6742000705
636,115073421718,163418,115073585136,0,0,1,26112,0,7431169285
637,115073515191,45592,115073560783,1,0,1,38400,1,284591378
638,115073552034,46984,115073599018,3,0,1,1024,3,6644892553
639,115073598363,168456,115073766819,7,0,0,81408,7,8464675919
640,115073870630,10495,115073881125,7,0,0,16896,7,5754631238
641,115074019943,144704,115074164647,6,0,0,235008,6,18708878
642,115074132202,51253,115074183455,1,0,1,8192,1,6893703185
643,115074204227,143361,115074347588,3,0,0,82944,3,7755919744
644,115074315206,293354,115074608560,8,0,1,156160,8,1872358175
645,115074489714,164866,115074654580,7,0,0,270848,7,4171400014
646,115074522991,134175,115074657166,5,0,0,4096,5,7212410909
647,115074781893,4370,115074786263,2,0,0,4608,2,10551967218
648,115074829798,83696,115074913494,3,0,0,136192,3,379383722
649,115074889363,6274,115074895637,6,0,1,7680,6,4953964791
650,115074922827,89824,115075012651,4,0,0,6656,4,8461401027
651,115075011522,23891,115075035413,7,0,0,43008,7,2220627371
652,115075275874,79432,115075355306,3,0,1,11264,3,9993729506
653,115075331465,136041,115075467506,7,0,0,224768,7,3488577568
654,115075704105,2466,115075706571,6,0,0,2560,6,3316112063
655,115075788612,98536,115075887148,6,0,1,23552,6,9668098638
656,115075874374,25958,115075900332,3,0,0,47104,3,2411171513
657,115075899168,63446,115075962614,7,0,0,103424,7,6608490781
658,115075915529,25797,115075941326,8,0,1,188416,8,48320486
659,115075937483,244381,115076181864,2,0,0,1024,2,10021350772
660,115076087940,71997,115076159937,6,0,0,74752,6,6743449643
661,115076103226,131047,115076234273,4,0,0,121344,4,9658557665
662,115076130862,109108,115076239970,6,0,0,18944,6,1705766798
663,115076200118,42118,115076242236,2,0,0,3584,2,4737650646
664,115076383046,129261,115076512307,1,0,1,20480,1,8899112702
665,115076488868,54052,115076542920,1,0,1,3584,1,7339568489
666,115076594099,74258,115076668357,3,0,0,124416,3,953996299
667,115076724393,45592,115076769985,1,0,1,1024,1,7231444133
668,115076736912,157918,115076894830,0,0,1,20480,0,9058372944
669,115076916619,16092,115076932711,4,0,0,31232,4,7716488069
670,115077027671,196275,115077223946,4,0,0,322048,4,10574865097
671,115077344524,1038,115077345562,7,0,0,1024,7,6289723250
672,115077369973,174860,115077544833,8,0,1,27136,8,8269026398
673,115077715832,1038,115077716870,7,0,0,1024,7,1482796188
674,115077820810,53491,115077874301,8,0,0,90624,8,1635664501
675,115078464912,67588,115078532500,0,0,1,7680,0,108421484
676,115078755931,97912,115078853843,0,0,1,21504,0,424828192
677,115078979901,35825,115079015726,6,0,0,62976,6,2363100638
678,115079017905,73912,115079091817,1,0,1,13312,1,2528295597
679,115079246370,92836,115079339206,0,0,1,19968,0,256428515
680,115079372640,51292,115079423932,6,0,1,4608,6,2020863515
681,115079383877,64738,115079448615,3,0,0,105984,3,1904697846
682,115079444959,21137,115079466096,1,0,1,35840,1,5988330156
683,115079476183,144857,115079621040,3,0,0,34304,3,2348889596
684,115079526933,209788,115079736721,1,0,1,55808,1,4708608026
685,115080199249,21654,115080220903,3,0,0,35328,3,9193791497
686,115080389167,1990,115080391157,2,0,0,2048,2,299988026
687,115080415713,74380,115080490093,0,0,1,14848,0,6311534290
688,115080470619,12991,115080483610,0,0,1,2048,0,5905948886
689,115080481034,48976,115080530010,3,0,0,25088,3,2228059504
690,115080596262,32983,115080629245,3,0,0,57344,3,7970905754
691,115081168162,2942,115081171104,2,0,0,3072,2,2146646899
692,115081424441,2942,115081427383,3,0,0,3072,3,596584630
693,115081481469,10753,115081492222,4,0,0,17408,4,7770231391
694,115081484468,5798,115081490266,6,0,1,11264,6,3291074724
695,115081527650,81786,115081609436,7,0,0,6144,7,9066805823
696,115081565770,109487,115081675257,6,0,1,45056,6,7673025673
697,115081781223,43196,115081824419,4,0,0,70656,4,3439781016
698,115081860595,34016,115081894611,1,0,1,35840,1,6952680947
699,115081869769,1038,115081870807,4,0,0,59392,4,2263522811
700,115081916804,102280,115082019084,2,0,0,1024,2,4074664225
701,115081917282,48976,115081966258,1,0,1,2048,1,7492686993
702,115081963674,3124,115081966798,3,0,0,9216,3,10388337041
703,115082025024,127375,115082152399,1,0,1,16384,1,4977546958
704,115082376605,144704,115082521309,3,0,0,235008,3,9078745659
705,115082412662,119989,115082532651,4,0,0,37888,4,1090688393
706,115082571616,562,115082572178,7,0,0,512,7,7560523915
707,115082710578,1514,115082712092,7,0,0,1536,7,3619760212
708,115082768722,562,115082769284,7,0,0,512,7,3150530435
709,115082807826,112420,115082920246,0,0,1,69120,0,7559693375
710,115082940386,82972,115083023358,3,0,1,12800,3,9757541348
711,115083103086,70972,115083174058,1,0,1,8704,1,4810077982
712,115083177248,54783,115083232031,3,0,0,93184,3,7216934584
713,115083187330,46647,115083233977,2,0,0,3072,2,3798607932
714,115083292305,43900,115083336205,1,0,1,512,1,8540602775
715,115083736485,309004,115084045489,8,0,1,391680,8,3239420977
716,115083935620,164693,115084100313,1,0,1,6144,1,6895435318
717,115084141918,80524,115084222442,6,0,1,14848,6,5993495542
718,115084213970,26734,115084240704,6,0,0,48640,6,6873313591
719,115084587979,89788,115084677767,1,0,1,25088,1,5052417764
720,115084626926,89667,115084716593,6,0,1,10240,6,4875177037
721,115084656625,107614,115084764239,6,0,1,9216,6,1432808006
722,115084880760,1990,115084882750,2,0,0,2048,2,8392094947
723,115084882820,165383,115085048203,6,0,0,271872,6,1715980624
724,115084897293,164968,115085062261,1,0,1,27136,1,7925422534
725,115084960934,170370,115085131304,4,0,0,266752,4,1291404810
726,115084976986,154984,115085131970,7,0,0,1024,7,2242760119
727,115084978837,174367,115085153204,6,0,1,6144,6,4192214288
728,115085014011,270408,115085284419,9,0,1,13824,9,617468741
729,115085111945,278449,115085390394,9,0,1,36864,9,6689914154
730,115085221013,98689,115085319702,9,0,1,1536,9,7714531770
731,115085291716,174869,115085466585,3,0,0,152576,3,1024892071
732,115085350196,93821,115085444017,3,0,0,152576,3,4440798210
733,115085670116,1038,115085671154,2,0,0,1024,2,5401280412
734,115085791471,59128,115085850599,1,0,1,5120,1,9108499313
735,115085925175,25700,115085950875,4,0,0,46592,4,930784208
736,115086042355,35050,115086077405,6,0,1,4096,6,9890706027
737,115086060721,124127,115086184848,6,0,0,61440,6,10042392782
738,115086094241,151830,115086246071,6,0,0,515584,6,7598048813
739,115086192251,317863,115086510114,7,0,0,2048,7,1662506721
740,115086222552,221159,115086443711,9,0,1,26112,9,5046998174
741,115086255264,78264,115086333528,6,0,1,53760,6,5721940972
742,115086335492,346503,115086681995,7,0,0,512,7,3641212182
743,115086512937,81112,115086594049,6,0,0,131072,6,1647373366
744,115086643606,189008,115086832614,9,0,1,512,9,8110672051
745,115086846217,52360,115086898577,6,0,1,3072,6,10394436589
746,115086868765,93991,115086962756,4,0,0,156160,4,9099372624
747,115086874269,89793,115086964062,7,0,0,2048,7,401773957
748,115087069498,59440,115087128938,6,0,1,6144,6,9712092730
749,115087154124,96976,115087251100,6,0,1,18432,6,10718176409
750,115087435434,13854,115087449288,1,0,1,24064,1,555476490
751,115087470761,87940,115087558701,6,0,1,18432,6,5491860420
752,115087498721,87760,115087586481,4,0,0,23552,4,938827016
753,115087675170,47440,115087722610,1,0,1,2048,1,10054610682
754,115087885388,101362,115087986750,6,0,0,163840,6,7134987542
755,115087984755,149050,115088133805,0,0,1,2048,0,2392202060
756,115087996233,188182,115088184415,9,0,1,10752,9,1517653988
757,115088246569,56850,115088303419,3,0,0,97280,3,3870731208
758,115088261334,46271,115088307605,2,0,0,6656,2,2592254365
759,115088415895,103429,115088519324,6,0,0,167936,6,2560964437
760,115088432273,151827,115088584100,8,0,1,86016,8,899981768
761,115088496287,277303,115088773590,2,0,1,9728,2,1803248069
762,115088608079,98848,115088706927,9,0,1,27648,9,844570308
763,115088631258,130462,115088761720,6,0,1,24576,6,3163479291
764,115088752047,98536,115088850583,9,0,1,23552,9,6137094929
765,115088830804,50668,115088881472,9,0,1,2560,9,9522717940
766,115088839680,72664,115088912344,8,0,1,9216,8,4707791274
767,115088946290,55041,115089001331,4,0,0,93696,4,6840846778
768,115089061869,12304,115089074173,3,0,0,20480,3,509741848
769,115089067537,73909,115089141446,6,0,1,11264,6,9205532856
770,115089164675,44229,115089208904,3,0,0,72704,3,3301211167
771,115089329980,154312,115089484292,4,0,0,250368,4,1591766024
772,115089474548,83866,115089558414,3,0,0,139776,3,10632109863
773,115089702217,54052,115089756269,9,0,1,3584,9,3029215909
774,115089997000,43900,115090040900,0,0,1,512,0,6845863338
775,115090107884,15058,115090122942,4,0,0,29184,4,5506699897
776,115090334365,52360,115090386725,9,0,1,3072,9,1243234157
777,115090420556,4158,115090424714,8,0,1,36864,8,2414119256
778,115090493591,102592,115090596183,6,0,0,11264,6,7348487121
779,115090515001,8701,115090523702,2,0,0,512,2,356723018
780,115090528085,54208,115090582293,0,0,1,4096,0,1971003993
781,115090530156,205454,115090735610,3,0,0,333312,3,8041451374
782,115090956559,87892,115091044451,8,0,1,13824,8,4513953825
783,115091201566,106648,115091308214,1,0,1,50176,1,8831389972
784,115091263661,52959,115091316620,0,0,1,1024,0,4970917449
785,115091339958,45592,115091385550,8,0,1,1024,8,4131909006
786,115091674526,2942,115091677468,6,0,1,11776,6,8094065713
787,115091703090,6274,115091709364,7,0,0,3072,7,2322450443
788,115091725993,64228,115091790221,2,0,0,6656,2,10402926139
789,115091966660,1514,115091968174,7,0,0,1536,7,2428280188
790,115091988752,59908,115092048660,1,0,1,7680,1,3457108661
791,115092133644,7226,115092140870,4,0,0,7680,4,2724544798
792,115092148170,3418,115092151588,6,0,0,3584,6,1540298235
793,115092172431,60820,115092233251,6,0,1,5632,6,8556817961
794,115092185336,93772,115092279108,9,0,1,23040,9,10017706334
795,115092375861,71152,115092447013,0,0,1,14336,0,6152325713
796,115092481362,62154,115092543516,4,0,0,100864,4,5540620592
797,115092492923,1990,115092494913,8,0,1,197120,8,3031236417
798,115092678333,320112,115092998445,7,0,0,2048,7,7358227133
799,115092767145,47396,115092814541,7,0,0,1536,7,8580652489
800,115092859678,53491,115092913169,4,0,0,90624,4,8857126472
801,115093031235,3894,115093035129,7,0,0,4096,7,753122636
802,115093171266,35567,115093206833,3,0,0,62464,3,7956546659
803,115093323161,91276,115093414437,9,0,1,14848,9,1063877376
804,115093446868,50668,115093497536,1,0,1,39936,1,6700752775
805,115093455673,103528,115093559201,9,0,1,2560,9,4655424746
806,115093491564,101968,115093593532,0,0,1,34816,0,2919457836
807,115093825980,1038,115093827018,7,0,0,1024,7,6781247231
808,115094093098,562,115094093660,1,0,1,17920,1,2628266849
809,115094095583,93748,115094189331,8,0,1,126464,8,7937020098
810,115094151716,24150,115094175866,7,0,0,512,7,6363639766
811,115094171415,1514,115094172929,3,0,0,43520,3,9812812489
812,115094201536,193797,115094395333,0,0,1,12800,0,7533871648
813,115094218176,173296,115094391472,7,0,0,1536,7,5140916325
814,115094296600,117730,115094414330,1,0,1,10240,1,3768654304
815,115094370891,99413,115094470304,1,0,1,16384,1,5688815155
816,115094468016,5222,115094473238,6,0,0,3072,6,7764561146
817,115094609498,1038,115094610536,7,0,0,1024,7,5850845234
818,115094657833,54354,115094712187,3,0,0,89088,3,1598973749
819,115094664155,150159,115094814314,0,0,1,27648,0,9880067689
820,115094688620,142513,115094831133,0,0,1,6144,0,9871932826
821,115094811601,1990,115094813591,9,0,1,17408,9,551790621
822,115094834860,1038,115094835898,2,0,0,2048,2,3743729152
823,115094882886,97833,115094980719,7,0,0,1024,7,5792717994
824,115094883391,11787,115094895178,1,0,1,6144,1,3849060158
825,115094924419,562,115094924981,4,0,0,19456,4,1211613984
826,115094957323,83199,115095040522,7,0,0,512,7,6528327794
827,115095024215,124783,115095148998,1,0,1,1536,1,1631127100
828,115095120378,597,115095120975,6,0,1,48640,6,2456513239
829,115095148412,106180,115095254592,7,0,0,512,7,5625524293
830,115095322373,562,115095322935,2,0,0,512,2,9063491215
831,115095520991,54052,115095575043,0,0,1,3584,0,711242801
832,115095685200,55744,115095740944,6,0,1,4096,6,8268358687
833,115095786320,94060,115095880380,1,0,1,18944,1,7339585727
834,115095788867,97764,115095886631,6,0,1,20480,6,2014563133
835,115095797713,155972,115095953685,1,0,1,33280,1,3867031322
836,115095971513,110080,115096081593,8,0,1,61440,8,1307291263
837,115096093189,5798,115096098987,6,0,0,6144,6,9895019768
838,115096108094,2942,115096111036,7,0,0,3072,7,6351515923
839,115096172386,1990,115096174376,7,0,0,2048,7,1924195110
840,115096179831,1514,115096181345,7,0,0,1536,7,4107520953
841,115096273408,87604,115096361012,0,0,1,17920,0,3794519333
842,115096391153,62512,115096453665,6,0,1,6144,6,1488992432
843,115096475574,562,115096476136,7,0,0,512,7,9545086616
844,115096484836,3894,115096488730,7,0,0,4096,7,1098262211
845,115096507644,6274,115096513918,7,0,0,6656,7,8811341380
846,115096675806,53491,115096729297,3,0,0,90624,3,3025134256
847,115096694583,16717,115096711300,6,0,1,27648,6,1440807751
848,115096712926,147388,115096860314,6,0,0,512,6,3861261439
849,115096979068,55144,115097034212,9,0,1,12800,9,8943706228
850,115096993053,73040,115097066093,0,0,1,7168,0,1244389113
851,115097015117,204420,115097219537,3,0,0,331264,3,4093455201
852,115097089755,1990,115097091745,6,0,1,5120,6,6828402228
853,115097197045,233407,115097430452,1,0,1,19968,1,3223847139
854,115097316676,231184,115097547860,7,0,0,2048,7,3501925678
855,115097329912,110732,115097440644,9,0,1,10240,9,3418592394
856,115097482533,216096,115097698629,4,0,0,350720,4,7188007574
857,115097497490,202125,115097699615,2,0,0,1536,2,9294515913
858,115097680605,3418,115097684023,1,0,1,17920,1,2805619369
859,115097809478,225488,115098034966,7,0,0,3584,7,788067832
860,115097995666,2466,115097998132,7,0,0,2560,7,6592908706
861,115098187222,55744,115098242966,6,0,1,4096,6,10425121866
862,115098240233,4933,115098245166,6,0,0,12800,6,8558722420
863,115098244352,1480,115098245832,7,0,0,1024,7,209084492
864,115098316998,13508,115098330506,4,0,0,26112,4,2124293614
865,115098357905,83464,115098441369,1,0,1,19456,1,2840131656
866,115098533129,25442,115098558571,4,0,0,46080,4,5753598929
867,115098579785,60235,115098640020,0,0,1,2560,0,7947998387
868,115098889168,61637,115098950805,3,0,0,99840,3,8095997077
869,115099357659,83620,115099441279,1,0,1,19968,1,7131133254
870,115099585253,3894,115099589147,3,0,0,4096,3,1646521304
871,115099866525,54988,115099921513,0,0,1,6656,0,3470611897
872,115099956394,2466,115099958860,7,0,0,2560,7,5352431429
873,115099974640,24666,115099999306,3,0,0,44544,3,5393668015
874,115100178568,2942,115100181510,2,0,0,3072,2,4454074518
875,115100219993,98224,115100318217,6,0,1,22528,6,9746745494
876,115100456954,65942,115100522896,3,0,0,111616,3,4571238342
877,115100529610,95283,115100624893,4,0,0,158720,4,2730459211
878,115100616710,10449,115100627159,7,0,0,3584,7,560094004
879,115100763385,63874,115100827259,4,0,0,107520,4,775898116
880,115100924979,87987,115101012966,0,0,1,11776,0,10366301613
881,115100939769,97444,115101037213,6,0,1,19968,6,2799845919
882,115100994482,109612,115101104094,9,0,1,59904,9,6175384453
883,115101006669,144962,115101151631,3,0,0,235520,3,187366927
884,115101098260,54357,115101152617,7,0,0,1536,7,8345381783
885,115101296201,57748,115101353949,1,0,1,5632,1,1918341463
886,115101768013,87604,115101855617,0,0,1,17920,0,4314447445
887,115101961620,60220,115102021840,0,0,1,8704,0,4916371095
888,115102055927,118192,115102174119,8,0,1,88064,8,8359298876
889,115102090978,142457,115102233435,9,0,1,13312,9,4201677475
890,115102158904,562,115102159466,0,0,1,14336,0,3914896666
891,115102229707,97111,115102326818,9,0,1,3584,9,2295464839
892,115102241548,57772,115102299320,7,0,0,512,7,6006520693
893,115102377010,80992,115102458002,6,0,1,16384,6,4954190888
894,115102795769,3383,115102799152,2,0,0,9728,2,4516518131
895,115102847889,2466,115102850355,7,0,0,2560,7,4522760892
896,115102969670,93304,115103062974,3,0,0,151552,3,1669598955
897,115103051005,170106,115103221111,0,0,1,4096,0,5514913155
898,115103281554,100408,115103381962,9,0,1,29696,9,5321335436
899,115103292513,107473,115103399986,1,0,1,8192,1,9194497700
900,115103372481,81748,115103454229,6,0,1,13824,6,7701186598
901,115103435328,60376,115103495704,6,0,1,9216,6,1399357078
902,115103638696,1514,115103640210,0,0,1,2560,0,7928818412
903,115103652713,50668,115103703381,0,0,1,7168,0,1657098788
904,115103679648,65896,115103745544,2,0,0,1536,2,2742772490
905,115103912351,60064,115103972415,6,0,1,8192,6,3854496985
906,115104075981,54052,115104130033,9,0,1,3584,9,5255098287
907,115104139957,2466,115104142423,6,0,0,2560,6,6238986132
908,115104223816,230086,115104453902,8,0,1,227328,8,5270384169
909,115104405819,103633,115104509452,4,0,0,94720,4,6736897299
910,115104648082,113983,115104762065,4,0,0,188416,4,10444517921
911,115104814216,1038,115104815254,6,0,0,1024,6,4028365300
912,115105002259,2466,115105004725,7,0,0,2560,7,4502742453
913,115105049531,115016,115105164547,3,0,0,190464,3,5015689389
914,115105087218,87647,115105174865,3,0,0,32768,3,3997088007
915,115105315141,76072,115105391213,6,0,1,15360,6,1995869581
916,115105572691,43900,115105616591,0,0,1,512,0,6602250689
917,115105805606,72663,115105878269,0,0,1,14336,0,3868559535
918,115105807117,98932,115105906049,1,0,1,9728,1,9214276777
919,115106243662,562,115106244224,7,0,0,512,7,9191163812
920,115106450125,60532,115106510657,0,0,1,9728,0,3817866293
921,115106483991,51512,115106535503,3,0,0,83456,3,1840428058
922,115106581862,1990,115106583852,7,0,0,2048,7,6956602391
923,115106983690,63446,115107047136,4,0,0,103424,4,2975082960
924,115107133210,3418,115107136628,2,0,0,3584,2,4598034539
925,115107136452,86561,115107223013,3,0,1,4096,3,8162418312
926,115107492574,13249,115107505823,4,0,0,25600,4,9882060546
927,115107571788,3418,115107575206,2,0,0,3584,2,1985674213
928,115107704497,67900,115107772397,0,0,1,8704,0,693801086
929,115107811857,105556,115107917413,0,0,1,46592,0,5582233256
930,115108075682,72664,115108148346,1,0,1,9216,1,7484989249
931,115108231615,66052,115108297667,3,0,1,7680,3,6521229359
932,115108320351,4158,115108324509,7,0,0,11264,7,9523937893
933,115108483714,2942,115108486656,2,0,0,3072,2,7976061813
934,115108527277,6274,115108533551,7,0,0,6656,7,700582618
935,115108644938,50668,115108695606,1,0,1,2560,1,9714698413
936,115108741677,185462,115108927139,3,0,0,301056,3,8792440265
937,115108837015,227035,115109064050,0,0,1,11776,0,5532950629
938,115108929833,276499,115109206332,4,0,0,451584,4,1720005752
939,115108943173,268958,115109212131,3,0,0,19456,3,7673310739
940,115109043173,169624,115109212797,6,0,0,1024,6,7075224380
941,115109045946,168157,115109214103,7,0,0,2048,7,5052813058
942,115109054295,111250,115109165545,3,0,1,2048,3,3842089323
943,115109103199,66848,115109170047,7,0,0,512,7,6187428232
944,115109153810,224276,115109378086,3,0,0,21504,3,6562673707
945,115109242982,196000,115109438982,1,0,1,27136,1,8434809965
946,115109268107,213756,115109481863,0,0,1,19968,0,2223463931
947,115109374604,176092,115109550696,1,0,1,12800,1,6600923688
948,115109734650,3894,115109738544,8,0,1,187392,8,5619293313
949,115109761469,197608,115109959077,7,0,0,4096,7,10574071760
950,115110008502,76204,115110084706,6,0,1,10752,6,948722815
951,115110192141,41645,115110233786,4,0,0,67584,4,6097134129
952,115110266339,94145,115110360484,1,0,1,16384,1,288701893
953,115110644081,562,115110644643,4,0,1,34304,4,5407554637
954,115110661599,101812,115110763411,1,0,1,53760,1,6869493157
955,115110733790,107740,115110841530,2,0,0,512,2,3394162367
956,115110827924,3894,115110831818,6,0,0,4096,6,6513571889
957,115110832949,396046,115111228995,8,0,1,445440,8,3977210324
958,115111087434,145316,115111232750,1,0,1,12288,1,8728076310
959,115111207825,99067,115111306892,3,0,1,26112,3,4197372187
960,115111221592,124283,115111345875,1,0,1,13824,1,2006418850
961,115111224236,207754,115111431990,8,0,1,125952,8,4650331241
962,115111451589,5322,115111456911,3,0,1,34816,3,6331532268
963,115111490535,7226,115111497761,2,0,0,5632,2,3705898792
964,115111494730,101968,115111596698,6,0,1,5632,6,2096946565
965,115111511182,60820,115111572002,6,0,0,7680,6,2853258551
966,115111604766,71908,115111676674,3,0,1,11776,3,8114845067
967,115111669366,69904,115111739270,5,0,1,10240,5,6565714157
968,115111885949,77740,115111963689,0,0,1,10752,0,286729479
969,115112117512,562,115112118074,7,0,0,512,7,728923348
970,115112168199,56680,115112224879,3,0,1,7680,3,1583379679
971,115112173167,97458,115112270625,8,0,1,7168,8,8447764756
972,115112290094,1514,115112291608,2,0,0,1536,2,1896853532
973,115112623302,10237,115112633539,4,0,0,16384,4,341909064
974,115112718775,105400,115112824175,6,0,1,46080,6,7883417376
975,115112828076,2466,115112830542,6,0,0,2560,6,7459919414
976,115112934472,62512,115112996984,0,0,1,6144,0,3775530470
977,115113059965,74087,115113134052,4,0,0,120832,4,1810463786
978,115113186836,48976,115113235812,1,0,1,2048,1,2296081691
979,115113399633,562,115113400195,7,0,0,512,7,1061395849
980,115113449662,1038,115113450700,7,0,0,1024,7,1272446504
981,115113533961,125946,115113659907,0,0,1,49664,0,1348281855
982,115113641195,1514,115113642709,8,0,1,16384,8,3407165378
983,115113692126,91744,115113783870,8,0,1,193536,8,8830395848
984,115113696928,199480,115113896408,7,0,0,1536,7,9219750458
985,115113772460,56188,115113828648,8,0,1,217088,8,3219426395
986,115113837876,244936,115114082812,6,0,0,2560,6,9660994402
987,115113895640,307738,115114203378,3,0,0,499200,3,8179148111
988,115114179127,26837,115114205964,2,0,0,4096,2,10143647585
989,115114232820,75550,115114308370,3,0,0,126976,3,9450335551
990,115114259638,50038,115114309676,6,0,0,2048,6,7479451789
991,115114263135,47847,115114310982,6,0,0,2048,6,285778374
992,115114472087,78225,115114550312,3,0,1,5632,3,5333214188
993,115114731422,120844,115114852266,0,0,1,96768,0,3560127078
994,115114878838,3894,115114882732,6,0,0,4096,6,4006842279
995,115115084747,22858,115115107605,4,0,0,40960,4,6124938613
996,115115084967,28642,115115113609,8,0,0,20480,8,2413937495
997,115115095836,1990,115115097826,0,0,1,17920,0,1800593061
998,115115183890,1514,115115185404,7,0,0,2048,7,6808934521
999,115115299007,240052,115115539059,2,0,0,1536,2,9488624116
1000,115115388691,64204,115115452895,6,0,1,6656,6,8624794378
1001,115115477098,61120,115115538218,3,0,0,98816,3,2426252664
1002,115115495799,45645,115115541444,6,0,0,5120,6,9588165934
1003,115115497479,3894,115115501373,3,0,1,6144,3,2285427926
1004,115115572507,107936,115115680443,6,0,0,4096,6,5084660451
1005,115115720470,5450,115115725920,2,0,0,13824,2,410189229
1006,115115739321,4675,115115743996,2,0,0,12288,2,480506231
1007,115115857282,52804,115115910086,1,0,1,16384,1,7682335358
1008,115115858213,562,115115858775,4,0,0,86016,4,7841527921
1009,115115929683,94816,115116024499,7,0,0,512,7,3507320697
1010,115115994991,103345,115116098336,3,0,1,24576,3,9608305265
1011,115116070101,4846,115116074947,3,0,1,3072,3,2245001898
1012,115116101773,52360,115116154133,7,0,0,5120,7,7457737649
1013,115116350204,78700,115116428904,0,0,1,18944,0,5895849962
1014,115116399677,57436,115116457113,0,0,1,4608,0,2393269028
1015,115116446783,356295,115116803078,4,0,0,577024,4,6902416233
1016,115116638401,180844,115116819245,4,0,0,60928,4,6464375237
1017,115116736927,160890,115116897817,6,0,1,7680,6,3179986923
1018,115116777840,33587,115116811427,3,0,1,7680,3,5804544576
1019,115116915796,273162,115117188958,4,0,0,55296,4,1375232882
1020,115116997545,47284,115117044829,3,0,1,1536,3,3166917925
1021,115117269280,1038,115117270318,2,0,0,1024,2,2737243910
1022,115117498498,48976,115117547474,3,0,1,2048,3,6110361800
1023,115117643064,50668,115117693732,1,0,1,2560,1,1194945644
1024,115117681303,3418,115117684721,3,0,1,8192,3,7218610216
1025,115117738477,69280,115117807757,6,0,0,3584,6,8198522705
1026,115117929221,59128,115117988349,9,0,1,5120,9,9533718762
1027,115118158987,74848,115118233835,1,0,1,16384,1,8772882830
1028,115118416918,49444,115118466362,6,0,1,3584,6,6636786522
1029,115118561772,155775,115118717547,4,0,0,256512,4,6288553894
1030,115118570342,355072,115118925414,4,0,0,462336,4,8542138047
1031,115118617468,308292,115118925760,6,0,0,512,6,9745782744
1032,115118643415,228172,115118871587,0,0,1,4096,0,2796256847
1033,115118658464,292225,115118950689,0,0,1,8192,0,6399695455
1034,115118699854,462227,115119162081,1,0,0,3584,1,8590236993
1035,115118853317,320720,115119174037,1,0,1,10752,1,5753990502
1036,115119334306,63358,115119397664,3,0,0,106496,3,3895902076
1037,115119480903,1038,115119481941,3,0,1,11776,3,5422781148
1038,115119500465,78052,115119578517,6,0,0,1024,6,10653447027
1039,115119586601,4846,115119591447,7,0,0,5120,7,2643014221
1040,115119642448,41387,115119683835,4,0,0,67072,4,7801077414
1041,115119747303,4370,115119751673,2,0,0,4608,2,8996295619
1042,115119886328,10495,115119896823,4,0,0,16896,4,7269736880
1043,115119896244,55558,115119951802,3,0,0,94720,3,8044555062
1044,115119970227,101968,115120072195,3,0,1,34816,3,4616841923
1045,115120060465,83437,115120143902,4,0,0,135680,4,9958523483
1046,115120316158,12562,115120328720,4,0,1,11264,4,7547678434
1047,115120346530,79432,115120425962,4,0,0,20992,4,640996235
1048,115120400610,13766,115120414376,4,0,0,26624,4,7950356081
1049,115120465295,3383,115120468678,4,0,0,9728,4,1630163178
1050,115120524120,1038,115120525158,6,0,0,1024,6,4473488050
1051,115120647007,101500,115120748507,0,0,1,33280,0,9080985495
1052,115120782481,48976,115120831457,6,0,1,2048,6,2204694939
1053,115120933865,82816,115121016681,3,0,1,12288,3,7302862403
1054,115120983643,43900,115121027543,1,0,1,512,1,8059944112
1055,115121004615,55041,115121059656,4,0,0,93696,4,3461302408
1056,115121104934,100564,115121205498,9,0,1,30208,9,5471871064
1057,115121224943,54052,115121278995,6,0,1,3584,6,4894192415
1058,115121360499,68992,115121429491,0,0,1,12288,0,9031290323
1059,115121398270,43624,115121441894,3,0,0,74752,3,6220438147
1060,115121436287,181564,115121617851,6,0,1,1536,6,9629256657
1061,115121740154,67588,115121807742,4,0,1,7680,4,8499454690
1062,115121976323,1514,115121977837,6,0,0,1536,6,5929848332
1063,115121985579,1990,115121987569,7,0,0,2048,7,5594366646
1064,115122067678,72664,115122140342,8,0,1,9216,8,7248782790
1065,115122111237,89584,115122200821,9,0,1,14336,9,1872262147
1066,115122144430,124366,115122268796,4,0,0,205312,4,6407602167
1067,115122180587,217000,115122397587,6,0,1,21504,6,10470462918
1068,115122256985,275807,115122532792,9,0,1,116224,9,8780009828
1069,115122666273,64204,115122730477,4,0,1,6656,4,4104722768
1070,115122737060,105088,115122842148,1,0,1,45056,1,4387969489
1071,115122822776,74863,115122897639,4,0,0,122368,4,1249238909
1072,115122936195,4846,115122941041,6,0,0,5120,6,3811965836
1073,115123011925,57436,115123069361,0,0,1,4608,0,48874387
1074,115123079357,1990,115123081347,2,0,0,2048,2,5153247660
1075,115123136175,85675,115123221850,4,0,0,143360,4,1213065104
1076,115123138135,85341,115123223476,7,0,0,2560,7,7929344274
1077,115123391193,60532,115123451725,9,0,1,9728,9,4189422677
1078,115123416144,2942,115123419086,1,0,1,13312,1,216826731
1079,115123480739,89239,115123569978,2,0,0,3072,2,4839490769
1080,115123785479,1990,115123787469,6,0,0,2048,6,10602612960
1081,115123918370,86192,115124004562,3,0,0,144384,3,7378812115
1082,115124100458,3418,115124103876,6,0,0,3584,6,713472750
1083,115124186944,2942,115124189886,7,0,0,3072,7,9261606412
1084,115124334203,95128,115124429331,9,0,1,17408,9,7059275518
1085,115124355793,1038,115124356831,9,0,1,48640,9,7076593555
1086,115124380875,106436,115124487311,1,0,1,46080,1,3350666691
1087,115124433193,562,115124433755,6,0,0,1024,6,5217560114
1088,115124469315,562,115124469877,6,0,0,512,6,6835037215
1089,115124489269,15575,115124504844,7,0,0,512,7,9551290675
1090,115124493583,143892,115124637475,3,0,0,30208,3,8027630041
1091,115124594924,206188,115124801112,8,0,1,215552,8,6180342238
1092,115124809144,1038,115124810182,2,0,0,1024,2,3383547679
1093,115124898646,1514,115124900160,4,0,1,6656,4,5670167740
1094,115124954403,61132,115125015535,2,0,0,1536,2,8051109044
1095,115125017591,1038,115125018629,7,0,0,1024,7,10479379897
1096,115125168265,3900,115125172165,4,0,0,10752,4,3456462449
1097,115125171321,240453,115125411774,8,0,1,123904,8,4250383056
1098,115125258953,289208,115125548161,3,0,0,473088,3,4437613507
1099,115125396667,31667,115125428334,8,0,1,194560,8,5419310564
1100,115125462726,356595,115125819321,8,0,1,39424,8,817917678
1101,115125510036,342223,115125852259,1,0,1,4608,1,7064155586
1102,115125518440,296328,115125814768,7,0,0,3072,7,8176745195
1103,115125932541,62929,115125995470,3,0,0,102400,3,3741178798
1104,115125957699,38117,115125995816,2,0,0,512,2,6136553285
1105,115126064178,152793,115126216971,1,0,1,34304,1,5278594618
1106,115126386384,1514,115126387898,6,0,0,1536,6,3112836033
1107,115126556713,82216,115126638929,4,0,1,15360,4,5919848695
1108,115126586357,76516,115126662873,9,0,1,11776,9,10489544519
1109,115126694855,98536,115126793391,1,0,1,23552,1,4708503540
1110,115126788007,97120,115126885127,9,0,1,16384,9,4631492091
1111,115126830233,59752,115126889985,4,0,1,7168,4,2149419931
1112,115126932515,63448,115126995963,4,0,1,9216,4,9131479030
1113,115127048127,2942,115127051069,6,0,0,3072,6,10016113742
1114,115127113812,64984,115127178796,0,0,1,9216,0,7895704176
1115,115127257726,43900,115127301626,9,0,1,512,9,7460436994
1116,115127431884,57436,115127489320,9,0,1,4608,9,1303480971
1117,115127594203,4158,115127598361,4,0,0,11264,4,3317146004
1118,115127980358,50668,115128031026,1,0,1,2560,1,1913965621
1119,115127983276,75734,115128059010,9,0,1,8704,9,2332420899
1120,115128109095,10237,115128119332,4,0,0,16384,4,6065313048
1121,115128115205,43196,115128158401,4,0,0,70656,4,5641059892
1122,115128604871,1990,115128606861,7,0,0,2048,7,612442949
1123,115128813402,1514,115128814916,6,0,0,1536,6,4539196673
1124,115128926988,4370,115128931358,6,0,0,4608,6,1695566899
1125,115128934132,16350,115128950482,4,0,0,31744,4,8727180849
1126,115128969632,562,115128970194,8,0,1,33280,8,3571186151
1127,115129002803,1514,115129004317,7,0,0,512,7,6699313512
1128,115129046038,69928,115129115966,4,0,1,15360,4,4567656015
1129,115129089556,214783,115129304339,6,0,0,1536,6,8486091095
1130,115129194154,5322,115129199476,4,0,1,20992,4,4233241480
1131,115129210795,82396,115129293191,2,0,0,5632,2,7116860931
1132,115129393847,65896,115129459743,1,0,1,7168,1,1675060463
1133,115129458203,86664,115129544867,1,0,1,14848,1,8940071235
1134,115129562946,48976,115129611922,6,0,1,2048,6,3466452289
1135,115129605226,63448,115129668674,4,0,1,9216,4,4012419442
1136,115129654401,46208,115129700609,3,0,0,79872,3,1001438658
1137,115129735579,2942,115129738521,2,0,0,3072,2,5545240607
1138,115130111350,2466,115130113816,6,0,0,2560,6,9119556374
1139,115130431966,21912,115130453878,4,0,1,20992,4,6676518262
1140,115130443665,97756,115130541421,3,0,0,35840,3,4763485815
1141,115130537064,72376,115130609440,5,0,1,13312,5,6814780364
1142,115130663375,84664,115130748039,0,0,1,13312,0,4797573437
1143,115130820291,4846,115130825137,6,0,0,5120,6,6182969209
1144,115130850732,2942,115130853674,6,0,0,3072,6,1912652352
1145,115130878415,5798,115130884213,6,0,0,6144,6,4929277664
1146,115131166603,1990,115131168593,8,0,1,3584,8,4756530943
1147,115131202075,54052,115131256127,6,0,0,2048,6,2164541469
1148,115131228714,1514,115131230228,8,0,1,301568,8,8310073822
1149,115131294167,301858,115131596025,2,0,0,1536,2,215241039
1150,115131305360,238171,115131543531,5,0,1,42496,5,1135440973
1151,115131525928,20537,115131546465,7,0,0,3072,7,8037522773
1152,115131552541,104776,115131657317,6,0,1,44032,6,9047417778
1153,115131608136,141425,115131749561,8,0,1,47104,8,6635241189
1154,115131718144,101500,115131819644,6,0,1,33280,6,5649735026
1155,115131791950,114478,115131906428,4,0,1,18432,4,1649172892
1156,115131969214,1038,115131970252,0,0,1,11776,0,9568573755
1157,115132024463,79588,115132104051,2,0,0,1024,2,2456350323
1158,115132268586,106960,115132375546,0,0,1,51200,0,9134217449
1159,115132385033,101968,115132487001,8,0,1,34816,8,4325200187
1160,115132471385,101968,115132573353,9,0,1,34816,9,5391011006
1161,115132593990,58060,115132652050,1,0,1,6656,1,5902488474
1162,115132604024,91237,115132695261,4,0,0,147456,4,341934106
1163,115132777452,562,115132778014,7,0,0,512,7,4793317185
1164,115132891962,4370,115132896332,0,0,1,27136,0,5856101024
1165,115132892413,1514,115132893927,1,0,1,14848,1,5479077376
1166,115132898940,91276,115132990216,2,0,0,4608,2,672319304
1167,115132922611,100006,115133022617,7,0,0,1536,7,1053677574
1168,115132981245,89391,115133070636,1,0,1,13824,1,8703998006
1169,115133067192,6378,115133073570,2,0,0,3072,2,7288904625
1170,115133220064,3418,115133223482,6,0,0,3584,6,8387870363
1171,115133348563,62929,115133411492,3,0,0,102400,3,9289123273
1172,115133487062,43900,115133530962,5,0,1,10240,5,8610490745
1173,115133527745,135508,115133663253,1,0,1,512,1,8428838809
1174,115133593296,53232,115133646528,5,0,1,2048,5,8692218762
1175,115133668294,1990,115133670284,7,0,1,41472,7,6157069518
1176,115133740191,103996,115133844187,6,0,0,2048,6,2912260182
1177,115133746286,90988,115133837274,4,0,1,18944,4,6140626580
1178,115133869820,1038,115133870858,6,0,0,1024,6,7842868832
1179,115133875162,1990,115133877152,6,0,0,2048,6,2053992794
1180,115134165964,54052,115134220016,5,0,1,3584,5,7893883412
1181,115134232896,5798,115134238694,4,0,1,6656,4,5095883467
1182,115134271426,64204,115134335630,6,0,1,11264,6,7409038616
1183,115134286486,4933,115134291419,4,0,0,6144,4,6007070822
1184,115134305872,75036,115134380908,2,0,0,12800,2,4779495877
1185,115134375530,1514,115134377044,7,0,1,12800,7,4548800678
1186,115134377486,1514,115134379000,0,0,1,16384,0,6902096354
1187,115134399160,82972,115134482132,7,0,0,1536,7,3889798048
1188,115134429510,88672,115134518182,7,0,0,1536,7,8419077193
1189,115134544904,86708,115134631612,4,0,0,145408,4,4340315275
1190,115134576386,59092,115134635478,7,0,0,6144,7,8406664079
1191,115134580712,60770,115134641482,4,0,0,20480,4,1004130287
1192,115134759808,1514,115134761322,1,0,1,2560,1,4283025926
1193,115134800727,65620,115134866347,9,0,1,3584,9,7610705357
1194,115134803511,54052,115134857563,7,0,0,1536,7,8169991940
1195,115134944795,99316,115135044111,7,0,1,26112,7,3206951916
1196,115135091417,43108,115135134525,4,0,0,73728,4,6975749890
1197,115135187560,57748,115135245308,1,0,1,5632,1,5684359548
1198,115135285075,5798,115135290873,2,0,0,6144,2,1800581386
1199,115135349510,7226,115135356736,6,0,0,7680,6,6545210336
1200,115135388050,116825,115135504875,4,0,0,194048,4,4677934070
1201,115135422255,88419,115135510674,4,0,0,19456,4,2997126077
1202,115135457710,115814,115135573524,0,0,1,1536,0,2094721383
1203,115135579875,2942,115135582817,2,0,0,3072,2,3783550832
1204,115135775192,1514,115135776706,2,0,0,1536,2,13422157
1205,115135893956,205564,115136099520,8,0,1,213504,8,7928038873
1206,115136021204,562,115136021766,8,0,1,410624,8,2942660613
1207,115136141706,363316,115136505022,7,0,1,5632,7,6154984494
1208,115136156442,244549,115136400991,2,0,0,512,2,4287252633
1209,115136242987,146875,115136389862,4,0,1,11776,4,3786169349
1210,115136276527,156961,115136433488,5,0,1,2048,5,8376563249
1211,115136312612,144118,115136456730,7,0,1,12800,7,5670942673
1212,115136341215,216654,115136557869,8,0,1,145920,8,5292400686
1213,115136364688,232522,115136597210,1,0,1,6144,1,4349754104
1214,115136481446,109608,115136591054,6,0,1,6656,6,4067287757
1215,115136608426,154999,115136763425,3,0,0,254976,3,6344024723
1216,115136640845,123566,115136764411,7,0,0,1536,7,2840633813
1217,115136652102,123446,115136775548,4,0,0,36864,4,5930117550
1218,115136730174,2466,115136732640,8,0,1,170496,8,9433079531
1219,115136853273,293674,115137146947,0,0,1,10240,0,886221255
1220,115136877482,173706,115137051188,2,0,0,2560,2,2228470815
1221,115137259850,101656,115137361506,6,0,1,33792,6,8729884962
1222,115137290631,111189,115137401820,9,0,1,8704,9,4495149805
1223,115137354260,50862,115137405122,6,0,0,74752,6,5195975863
1224,115137408316,23721,115137432037,3,0,0,39424,3,4324906896
1225,115137443896,107475,115137551371,4,0,0,179200,4,7117415957
1226,115137564324,71459,115137635783,9,0,1,12288,9,1807019731
1227,115137631434,36859,115137668293,4,0,0,65024,4,8030655517
1228,115137853792,64204,115137917996,1,0,1,6656,1,8014930438
1229,115137887949,86957,115137974906,6,0,1,15872,6,3182500105
1230,115137906214,105556,115138011770,8,0,1,46592,8,9147768693
1231,115138131147,88852,115138219999,5,0,1,22016,5,345299631
1232,115138248906,105712,115138354618,6,0,1,47104,6,7664902183
1233,115138351703,80959,115138432662,0,0,1,11776,0,10294987833
1234,115138377641,157711,115138535352,8,0,1,120832,8,5672541074
1235,115138485158,50205,115138535363,4,0,0,30208,4,8404491679
1236,115138568786,10753,115138579539,6,0,0,17408,6,1842806402
1237,115138587351,109204,115138696555,1,0,1,4096,1,6229704908
1238,115138757056,50980,115138808036,0,0,1,3584,0,9009455959
1239,115138815123,10237,115138825360,4,0,0,16384,4,3057921107
1240,115138840584,86224,115138926808,0,0,1,18432,0,5366572691
1241,115139097797,167708,115139265505,6,0,0,276480,6,5246263474
1242,115139165826,154065,115139319891,0,0,1,9216,0,7124877396
1243,115139258692,103687,115139362379,6,0,0,168448,6,761361549
1244,115139278082,562,115139278644,1,0,1,53248,1,2894059805
1245,115139314962,245049,115139560011,8,0,1,215040,8,5674457838
1246,115139355385,65425,115139420810,5,0,1,56320,5,6148967227
1247,115139400473,531215,115139931688,8,0,1,471040,8,8375708362
1248,115139404863,348985,115139753848,7,0,0,512,7,4342836660
1249,115139500011,70113,115139570124,1,0,1,9216,1,7948554479
1250,115139578712,510793,115140089505,3,0,0,110592,3,9568065507
1251,115139769019,721324,115140490343,1,0,1,18432,1,10482805066
1252,115139778894,358405,115140137299,4,0,0,80896,4,2156371731
1253,115139954010,177325,115140131335,1,0,1,12800,1,5559619239
1254,115140136060,52029,115140188089,3,0,0,84480,3,2265382618
1255,115140186415,110792,115140297207,7,0,1,9216,7,9387379927
1256,115140206553,133749,115140340302,0,0,1,48128,0,8619693294
1257,115140333938,34533,115140368471,3,0,0,60416,3,5603480939
1258,115140428004,1990,115140429994,0,0,1,5120,0,9322329426
1259,115140532234,163990,115140696224,7,0,0,2048,7,7734894235
1260,115140593834,149725,115140743559,8,0,1,82432,8,4432073975
1261,115140659001,86909,115140745910,5,0,1,7680,5,4607038489
1262,115140745398,103252,115140848650,9,0,1,37376,9,4235858200
1263,115140768254,90170,115140858424,0,0,1,17920,0,7344092145
1264,115140809792,67836,115140877628,0,0,1,3072,0,3007085916
1265,115140815434,65896,115140881330,9,0,1,2560,9,3657643302
1266,115140836103,95567,115140931670,9,0,1,7168,9,7964217949
1267,115140915028,54008,115140969036,6,0,0,91648,6,5620438408
1268,115141165437,79300,115141244737,5,0,1,15872,5,4955780788
1269,115141260348,44056,115141304404,5,0,1,1024,5,638484767
1270,115141409961,58684,115141468645,8,0,1,8704,8,7376584181
1271,115141472865,47284,115141520149,2,0,1,1536,2,3628616227
1272,115141625054,1514,115141626568,5,0,1,17408,5,10503995321
1273,115141703962,96664,115141800626,7,0,0,1536,7,4058163287
1274,115142128080,5322,115142133402,0,0,1,32768,0,8734952654
1275,115142183707,101344,115142285051,7,0,1,5120,7,9471643445
1276,115142193844,54520,115142248364,2,0,0,5632,2,7420499076
1277,115142364434,87604,115142452038,4,0,1,17920,4,8261613890
1278,115142719043,562,115142719605,9,0,1,19456,9,1318327237
1279,115142769617,89608,115142859225,2,0,0,512,2,9579073945
1280,115142784291,1990,115142786281,0,0,1,49664,0,348363122
1281,115142927849,193879,115143121728,2,0,0,2048,2,6898739782
1282,115142966095,15450,115142981545,3,0,0,9728,3,6430495556
1283,115143143269,89740,115143233009,1,0,1,14848,1,7274488796
1284,115143256358,92524,115143348882,5,0,1,18944,5,9165451935
1285,115143277149,131535,115143408684,9,0,1,22528,9,4274203275
1286,115143287999,131995,115143419994,3,0,0,213504,3,3083813241
1287,115143356856,145391,115143502247,3,0,0,239616,3,2665633446
1288,115143770440,53233,115143823673,6,0,0,90112,6,1704234628
1289,115143840961,94510,115143935471,8,0,1,8192,8,7528610587
1290,115143912913,82522,115143995435,1,0,1,6144,1,1367411239
1291,115144025739,31003,115144056742,4,0,0,50176,4,2009134538
1292,115144047469,69280,115144116749,3,0,1,10240,3,10291004338
1293,115144051071,88407,115144139478,1,0,1,8192,1,8847570338
1294,115144122343,55558,115144177901,4,0,0,94720,4,3260819524
1295,115144152453,93731,115144246184,9,0,1,5632,9,2289777660
1296,115144658601,62512,115144721113,3,0,1,6144,3,7794296391
1297,115144667515,74356,115144741871,9,0,1,9728,9,124166377
1298,115144696764,87892,115144784656,9,0,1,13824,9,2456516098
1299,115144892813,3641,115144896454,6,0,0,10240,6,6943589737
1300,115145031088,100408,115145131496,3,0,1,29696,3,10431148712
1301,115145132235,108988,115145241223,9,0,1,57856,9,10732081781
1302,115145439166,61132,115145500298,0,0,1,6656,0,1218564501
1303,115145491374,45592,115145536966,9,0,1,1024,9,8643454831
1304,115145716093,2466,115145718559,7,0,0,2560,7,5083612826
1305,115145768183,107272,115145875455,3,0,1,52224,3,10250152151
1306,115145773358,180763,115145954121,8,0,1,82432,8,10360957202
1307,115145831460,130113,115145961573,5,0,1,18944,5,7361079372
1308,115145923352,104449,115146027801,1,0,1,24576,1,6247937647
1309,115146404783,105408,115146510191,4,0,0,175104,4,5610603924
1310,115146594061,36600,115146630661,6,0,0,64512,6,7894365630
1311,115146681375,99850,115146781225,7,0,1,18432,7,7845214700
1312,115146738128,162230,115146900358,3,0,1,26112,3,8265193114
1313,115146933002,64204,115146997206,0,0,1,6656,0,9538520676
1314,115146968463,43900,115147012363,1,0,1,512,1,4464973039
1315,115147048712,562,115147049274,7,0,1,26112,7,9387339378
1316,115147080821,99316,115147180137,7,0,0,512,7,6413130881
1317,115147289672,50668,115147340340,9,0,1,35840,9,4686967735
1318,115147306986,102280,115147409266,0,0,1,2560,0,4702643215
1319,115147330591,11324,115147341915,3,0,1,10752,3,7180849645
1320,115147383562,22858,115147406420,6,0,0,3072,6,4260127530
1321,115147394349,97067,115147491416,6,0,0,40960,6,6826038860
1322,115147420378,95100,115147515478,9,0,1,5120,9,2064660849
1323,115147921825,104932,115148026757,5,0,1,44544,5,3187633653
1324,115147937831,108052,115148045883,9,0,1,54784,9,2514682779
1325,115147997272,84383,115148081655,3,0,0,140800,3,6703409898
1326,115148047349,204784,115148252133,9,0,1,14848,9,4653820500
1327,115148119538,311431,115148430969,1,0,1,15360,1,4902630307
1328,115148149445,243941,115148393386,8,0,1,210944,8,8821979496
1329,115148323889,66081,115148389970,9,0,1,33792,9,3990283705
1330,115148337635,21912,115148359547,3,0,1,33280,3,2523032562
1331,115148344640,118111,115148462751,7,0,1,1536,7,3985764028
1332,115148419724,145837,115148565561,3,0,0,35840,3,3993028452
1333,115148442522,118356,115148560878,9,0,1,33280,9,8851610021
1334,115148494139,90469,115148584608,3,0,1,9216,3,10687852208
1335,115149057285,52360,115149109645,0,0,1,3072,0,8274164437
1336,115149114659,4158,115149118817,5,0,1,4096,5,6530283419
1337,115149158844,52672,115149211516,4,0,0,11264,4,3744195279
1338,115149169939,3418,115149173357,2,0,0,3584,2,8866391807
1339,115149253942,59128,115149313070,1,0,1,5120,1,5790714228
1340,115149321992,70972,115149392964,7,0,1,8704,7,6854086621
1341,115149341493,68241,115149409734,3,0,1,7168,3,10403794981
1342,115149377360,317604,115149694964,6,0,0,515072,6,7645032348
1343,115149574970,1514,115149576484,0,0,1,65024,0,9903755519
1344,115149700886,205982,115149906868,7,0,1,10240,7,1862086445
1345,115149788289,368558,115150156847,7,0,0,1536,7,8549946971
1346,115149920897,112732,115150033629,8,0,1,70144,8,1895081133
1347,115149925304,109711,115150035015,4,0,0,147968,4,8232697889
1348,115149956089,84418,115150040507,3,0,0,26112,3,6641580068
1349,115150025902,58216,115150084118,7,0,1,11776,7,2854365538
1350,115150146333,193347,115150339680,0,0,1,7168,0,1349215259
1351,115150202473,218723,115150421196,0,0,1,34816,0,2865084929
1352,115150361515,113228,115150474743,9,0,1,6656,9,8807670630
1353,115150415265,101878,115150517143,8,0,1,334336,8,5390276667
1354,115150422407,49288,115150471695,4,0,0,164864,4,10512345871
1355,115150426869,216137,115150643006,1,0,1,3584,1,10580588412
1356,115150441699,350463,115150792162,5,0,1,11264,5,6022655269
1357,115150491881,327480,115150819361,4,0,0,56320,4,6525842143
1358,115150567633,201557,115150769190,3,0,0,283648,3,4575571245
1359,115150681123,3894,115150685017,5,0,1,1536,5,4561178751
1360,115150752502,284229,115151036731,5,0,1,12288,5,2144083995
1361,115150804572,115878,115150920450,2,0,0,4096,2,2807495799
1362,115150883320,250451,115151133771,1,0,1,5632,1,5345493981
1363,115150883332,191097,115151074429,3,0,1,23552,3,784891670
1364,115151257657,4846,115151262503,9,0,1,33792,9,7633943404
1365,115151259410,101656,115151361066,7,0,0,5120,7,9398012060
1366,115151287935,2942,115151290877,0,0,1,40448,0,6455792255
1367,115151368350,144404,115151512754,2,0,0,3072,2,4786127003
1368,115151464899,57436,115151522335,3,0,1,18944,3,6707997571
1369,115151508966,147949,115151656915,5,0,1,4608,5,3880716816
1370,115151524857,115533,115151640390,4,0,0,191488,4,1094867989
1371,115151539362,107032,115151646394,3,0,0,20480,3,4047378111
1372,115151742600,562,115151743162,3,0,1,21504,3,10253902792
1373,115151803160,116043,115151919203,2,0,0,512,2,5854836312
1374,115152049507,60064,115152109571,3,0,1,8192,3,2049391125
1375,115152109852,135266,115152245118,4,0,0,223232,4,1261756132
1376,115152232635,62192,115152294827,0,0,1,1024,0,8074862784
1377,115152533194,62980,115152596174,1,0,1,7680,1,3529314780
1378,115152807551,109300,115152916851,0,0,1,58880,0,4049904639
1379,115152949918,62824,115153012742,8,0,1,7168,8,10246801839
1380,115153018557,109456,115153128013,7,0,1,59392,7,1734478167
1381,115153147507,562,115153148069,7,0,0,512,7,9231536510
1382,115153182348,59128,115153241476,3,0,1,5120,3,485391693
1383,115153329214,112108,115153441322,8,0,1,68096,8,3225218165
1384,115153409018,81564,115153490582,9,0,1,10752,9,10329479798
1385,115153540312,1990,115153542302,7,0,0,2048,7,1251321904
1386,115153579527,6274,115153585801,7,0,0,6656,7,7509289684
1387,115153730994,1038,115153732032,3,0,1,8192,3,5686770839
1388,115153752034,58528,115153810562,2,0,0,1024,2,1304921457
1389,115153857280,99628,115153956908,6,0,1,27136,6,3969339793
1390,115153902558,64221,115153966779,4,0,0,104960,4,10526262521
1391,115153958684,195071,115154153755,6,0,1,15872,6,534251690
1392,115153987273,304867,115154292140,6,0,0,316416,6,8610645573
1393,115154244412,69616,115154314028,6,0,1,14336,6,5748220145
1394,115154290993,166765,115154457758,9,0,1,40448,9,1371845960
1395,115154449936,122730,115154572666,8,0,1,77312,8,991349443
1396,115154655592,66052,115154721644,8,0,1,7680,8,5093423549
1397,115155346263,1038,115155347301,3,0,1,4608,3,1615121183
1398,115155348781,55900,115155404681,2,0,0,1024,2,9104430479
1399,115155494534,2942,115155497476,2,0,0,3072,2,8568858677
1400,115155562639,22170,115155584809,4,0,0,36352,4,954506355
1401,115155574848,31520,115155606368,8,0,1,48128,8,4085087801
1402,115155599449,203921,115155803370,8,0,1,22528,8,10720048738
1403,115155762221,285474,115156047695,4,0,0,51200,4,3022141755
1404,115155800607,150220,115155950827,6,0,1,22016,6,9383411119
1405,115155924584,289971,115156214555,8,0,1,137728,8,5058864275
1406,115156089859,64327,115156154186,6,0,0,107008,6,7426230281
1407,115156123205,171582,115156294787,8,0,1,100864,8,5680141469
1408,115156371832,102904,115156474736,0,0,1,37888,0,2633283557
1409,115156456170,102592,115156558762,6,0,1,36864,6,8222966205
1410,115156951321,49444,115157000765,6,0,1,3584,6,3335127644
1411,115157052480,562,115157053042,2,0,0,512,2,7784697446
1412,115157146645,293995,115157440640,4,0,0,475648,4,5254167946
1413,115157305796,161482,115157467278,4,0,0,86528,4,8051387389
1414,115157478136,13854,115157491990,4,0,0,23552,4,2938719512
1415,115157502875,1038,115157503913,7,0,0,1024,7,1465394156
1416,115157637770,97130,115157734900,3,0,1,13312,3,10437567763
1417,115157732006,3924,115157735930,7,0,0,1024,7,4933217011
1418,115157874917,101032,115157975949,3,0,1,31744,3,5626098621
1419,115158032029,33071,115158065100,4,0,0,54272,4,1811452153
1420,115158049306,149968,115158199274,6,0,1,32256,6,3929134094
1421,115158099647,117342,115158216989,3,0,0,195072,3,9205015254
1422,115158285748,2942,115158288690,2,0,0,3072,2,312959801
1423,115158328472,47284,115158375756,6,0,1,1536,6,5201246764
1424,115158426323,69280,115158495603,4,0,1,8192,4,7803953611
1425,115158437407,117859,115158555266,4,0,0,196096,4,7416098393
1426,115158612480,169513,115158781993,4,0,1,27136,4,3886265409
1427,115158804127,86560,115158890687,8,0,1,24576,8,4043859046
1428,115158885756,59128,115158944884,8,0,1,64000,8,3442363638
1429,115158908871,3993,115158912864,3,0,1,5120,3,83888011
1430,115158909552,133975,115159043527,8,0,1,20480,8,5909542740
1431,115158966464,116430,115159082894,2,0,0,2560,2,5195870680
1432,115159045430,43883,115159089313,6,0,0,75264,6,2675506685
1433,115159213634,216484,115159430118,8,0,1,249344,8,9280310851
1434,115159302868,127573,115159430441,6,0,1,1024,6,6333209452
1435,115159536794,3418,115159540212,7,0,0,3584,7,2091579916
1436,115159639383,86068,115159725451,4,0,1,17920,4,9028703395
1437,115159721549,4932,115159726481,2,0,0,1024,2,1454601012
1438,115159791104,50668,115159841772,3,0,1,2560,3,10719494772
1439,115159842876,50737,115159893613,3,0,0,81920,3,6805802991
1440,115160118556,1038,115160119594,0,0,0,1024,0,9933396762
1441,115160247927,95620,115160343547,4,0,1,24064,4,4666110336
1442,115160491160,16092,115160507252,4,0,0,31232,4,10522025889
1443,115160500812,7106,115160507918,7,0,0,1024,7,6612138080
1444,115160829057,74087,115160903144,4,0,0,120832,4,1184334407
1445,115160831366,193172,115161024538,8,0,1,58368,8,8287427822
1446,115160976106,64391,115161040497,6,0,0,108544,6,7229608996
1447,115161013666,186041,115161199707,4,0,1,6144,4,1486205209
1448,115161167809,317604,115161485413,3,0,0,515072,3,8830301575
1449,115161168737,248870,115161417607,3,0,1,18432,3,9254338299
1450,115161238809,79791,115161318600,7,0,0,3584,7,7546408251
1451,115161351464,562,115161352026,4,0,1,5120,4,10654572198
1452,115161376697,403428,115161780125,9,0,1,40960,9,2062964256
1453,115161408234,280956,115161689190,2,0,0,512,2,5621219399
1454,115161536379,349948,115161886327,2,0,0,512,2,4676038864
1455,115161783811,4370,115161788181,7,0,0,4608,7,1162062359
1456,115162154316,73571,115162227887,3,0,0,119808,3,4812853388
1457,115162261331,5708,115162267039,6,0,0,14336,6,4707392825
1458,115162648409,3124,115162651533,5,0,0,9216,5,4801114213
1459,115162652746,2466,115162655212,5,0,0,2560,5,7794261285
1460,115162732832,2942,115162735774,7,0,0,3072,7,7896201305
1461,115162735639,1514,115162737153,2,0,0,1536,2,4296575522
1462,115162791894,3383,115162795277,6,0,0,9728,6,8602611865
1463,115162921217,13766,115162934983,3,0,0,26624,3,854186767
1464,115162940093,14800,115162954893,3,0,1,13824,3,7340446512
1465,115162940421,134638,115163075059,3,0,0,28672,3,1914888478
1466,115163085669,1990,115163087659,3,0,0,2048,3,1998903500
1467,115163210473,562,115163211035,4,0,1,3584,4,5630058126
1468,115163248607,54052,115163302659,7,0,0,512,7,3903385691
1469,115163316862,562,115163317424,3,0,0,512,3,4162371030
1470,115163322596,53491,115163376087,6,0,0,90624,6,7591514229
1471,115163351915,26118,115163378033,5,0,0,3072,5,3105652156
1472,115163512985,20620,115163533605,6,0,0,33280,6,4630200909
1473,115163526078,562,115163526640,8,0,1,229376,8,219468717
1474,115163703618,4846,115163708464,5,0,0,512,5,2222246636
1475,115163716660,307816,115164024476,7,0,0,5120,7,2644814341
1476,115163736542,105171,115163841713,3,0,1,25600,3,572079938
1477,115163788171,135746,115163923917,6,0,1,512,6,489201810
1478,115163994429,1038,115163995467,7,0,0,1024,7,9469350115
1479,115164026210,3418,115164029628,5,0,0,3584,5,1896318583
1480,115164386014,61444,115164447458,4,0,1,7680,4,78387093
1481,115164498311,52029,115164550340,6,0,0,84480,6,9542140045
1482,115164566720,562,115164567282,3,0,0,512,3,6346656126
1483,115164901362,23633,115164924995,4,0,0,42496,4,7697789827
1484,115164946645,3900,115164950545,1,0,1,6144,1,1934919955
1485,115164972638,92328,115165064966,6,0,0,10752,6,10570242075
1486,115165032967,6017,115165038984,7,0,0,5120,7,2894184855
1487,115165098026,55744,115165153770,6,0,1,4096,6,9926432646
1488,115165140861,130555,115165271416,6,0,1,41984,6,2565224802
1489,115165189771,101007,115165290778,3,0,1,3584,3,4705958802
1490,115165201698,277791,115165479489,4,0,0,454144,4,3241625219
1491,115165272837,135480,115165408317,3,0,1,29696,3,4276694400
1492,115165345635,81756,115165427391,5,0,0,2560,5,2713621098
1493,115165392940,242337,115165635277,9,0,1,11776,9,2886038890
1494,115165396222,224506,115165620728,8,0,1,16896,8,10369928365
1495,115165400985,20362,115165421347,5,0,0,2560,5,6517165541
1496,115165609264,268935,115165878199,6,0,0,32768,6,1570447977
1497,115165823903,7226,115165831129,8,0,1,5632,8,8786146806
1498,115165844630,53140,115165897770,3,0,0,7680,3,610249853
1499,115165885562,2466,115165888028,2,0,0,2560,2,2224554885
1500,115165888084,69755,115165957839,1,0,1,9216,1,2075551000
1501,115166152939,1990,115166154929,7,0,0,2048,7,1276648767
1502,115166163811,4846,115166168657,5,0,0,5120,5,6563196789
1503,115166260373,12991,115166273364,4,0,0,25088,4,4492028625
1504,115166281783,89296,115166371079,4,0,1,18432,4,2908684054
1505,115166395566,562,115166396128,3,0,0,512,3,7770362239
1506,115166551110,72664,115166623774,6,0,1,9216,6,9117934602
1507,115166725821,4370,115166730191,8,0,1,144384,8,7547068164
1508,115166738691,173752,115166912443,3,0,1,34816,3,9831497912
1509,115166779506,171509,115166951015,2,0,0,4608,2,9450480050
1510,115166834866,75345,115166910211,4,0,0,118784,4,4585049081
1511,115166869231,1990,115166871221,7,0,1,18432,7,4973880224
1512,115166927347,167098,115167094445,2,0,0,2048,2,4713368531
1513,115167061045,4370,115167065415,3,0,0,4608,3,9131540529
1514,115167160244,3894,115167164138,5,0,0,4096,5,3839152519
1515,115167201918,48976,115167250894,4,0,1,2048,4,1672747052
1516,115167311403,65920,115167377323,6,0,1,12288,6,2210907762
1517,115167380574,105868,115167486442,8,0,1,47616,8,342388001
1518,115167659924,1514,115167661438,2,0,0,1536,2,7964640523
1519,115167713649,91300,115167804949,7,0,1,19968,7,4656166611
1520,115167723434,3894,115167727328,9,0,1,13824,9,8314274010
1521,115167780933,138353,115167919286,1,0,1,22528,1,9733739231
1522,115167809368,2819,115167812187,7,0,0,4096,7,4828511215
1523,115167813405,72784,115167886189,9,0,1,2048,9,10441890662
1524,115167859522,129586,115167989108,2,0,0,512,2,9220803071
1525,115167949439,1038,115167950477,5,0,0,1024,5,1519361600
1526,115168023407,3641,115168027048,6,0,0,10240,6,3708563821
1527,115168037821,79588,115168117409,7,0,1,43008,7,7367023874
1528,115168079420,11787,115168091207,7,0,1,11776,7,3156174473
1529,115168159286,175576,115168334862,4,0,0,19456,4,6939125391
1530,115168257381,3418,115168260799,2,0,0,3584,2,9440951846
1531,115168364593,48991,115168413584,1,0,1,34304,1,228490691
1532,115168364619,101853,115168466472,7,0,1,2048,7,1411859090
1533,115168422213,88208,115168510421,7,0,1,5120,7,5804075374
1534,115168445248,67588,115168512836,3,0,1,7680,3,2848843495
1535,115168576498,1990,115168578488,4,0,1,18432,4,4130830335
1536,115168580294,562,115168580856,5,0,0,2048,5,9068553727
1537,115168639021,3124,115168642145,3,0,0,512,3,3226517988
1538,115168655938,95440,115168751378,5,0,0,9216,5,8954538725
1539,115168828948,84844,115168913792,7,0,1,18944,7,6054654725
1540,115168966434,1514,115168967948,3,0,0,1536,3,10452912592
1541,115168971391,202612,115169174003,6,0,0,327680,6,8873527363
1542,115168983702,168780,115169152482,4,0,1,12800,4,2866663678
1543,115169005889,80888,115169086777,3,0,0,1024,3,1533222519
1544,115169130173,269535,115169399708,6,0,0,124928,6,7035721687
1545,115169200182,137592,115169337774,6,0,0,227840,6,5370236343
1546,115169305802,32318,115169338120,3,0,0,512,3,5132227925
1547,115169411371,4846,115169416217,2,0,0,5120,2,7319223560
1548,115169669729,5322,115169675051,8,0,1,61952,8,6273391900
1549,115169745728,110236,115169855964,7,0,0,5632,7,10727392941
1550,115169792989,3894,115169796883,8,0,1,103936,8,7783441512
1551,115169798091,114446,115169912537,7,0,1,16896,7,3548826150
1552,115169799789,135524,115169935313,9,0,1,26112,9,10273369311
1553,115169894461,208333,115170102794,3,0,0,4096,3,2346667121
1554,115169895666,108319,115170003985,3,0,1,8704,3,10345687406
1555,115170044476,109456,115170153932,8,0,1,59392,8,1170648644
1556,115170128322,43900,115170172222,4,0,1,512,4,7103001004
1557,115170260363,76067,115170336430,4,0,0,128000,4,5523159299
1558,115170372099,3418,115170375517,7,0,0,3584,7,9333376601
1559,115170515747,103858,115170619605,4,0,0,172032,4,5336075412
1560,115170562538,58053,115170620591,2,0,0,1536,2,6811775331
1561,115170585896,35681,115170621577,3,0,0,1536,3,6052783310
1562,115170714572,122558,115170837130,8,0,1,20480,8,4083825150
1563,115170804186,52672,115170856858,1,0,1,4096,1,95870586
1564,115170855731,3585,115170859316,2,0,0,2560,2,600245467
1565,115170884949,146942,115171031891,6,0,0,242688,6,1398349374
1566,115170897127,135737,115171032864,6,0,0,12800,6,5230902492
1567,115171071427,5798,115171077225,8,0,1,1024,8,8697752176
1568,115171101799,132092,115171233891,3,0,0,6144,3,5955756432
1569,115171247139,2866,115171250005,9,0,1,47616,9,2869559066
1570,115171258775,105868,115171364643,7,0,0,8704,7,7635115926
1571,115171290052,97216,115171387268,8,0,1,15360,8,2187826055
1572,115171943371,86692,115172030063,7,0,1,19968,7,7317866724
1573,115172025367,82428,115172107795,4,0,1,10752,4,7095616641
1574,115172109076,101344,115172210420,7,0,1,32768,7,4638749069
1575,115172423354,22946,115172446300,6,0,0,37888,6,4512789021
1576,115172626507,47284,115172673791,1,0,1,7680,1,6836295267
1577,115172635457,67588,115172703045,9,0,1,1536,9,8617601455
1578,115172664166,54525,115172718691,6,0,0,92672,6,7748315779
1579,115173226549,3418,115173229967,4,0,1,29696,4,5003616591
1580,115173264629,100408,115173365037,2,0,0,3584,2,8943490775
1581,115173287343,218592,115173505935,6,0,0,358912,6,1309206964
1582,115173305576,89488,115173395064,1,0,1,21504,1,6223296279
1583,115173416793,87188,115173503981,2,0,0,512,2,1909112945
1584,115173419861,268443,115173688304,3,0,0,11776,3,34786358
1585,115173442879,2942,115173445821,7,0,1,41472,7,5507914239
1586,115173448976,206333,115173655309,7,0,1,4096,7,5879807562
1587,115173532728,201831,115173734559,4,0,1,11776,4,1188668028
1588,115173600155,158466,115173758621,1,0,1,39936,1,2183059113
1589,115173613910,103528,115173717438,2,0,0,3072,2,5746591786
1590,115173729149,1038,115173730187,5,0,0,1024,5,10086732896
1591,115173895113,562,115173895675,3,0,0,512,3,7829792648
1592,115173898895,5322,115173904217,9,0,1,3584,9,6683361244
1593,115173911990,52516,115173964506,5,0,0,5632,5,2426003718
1594,115173946743,1514,115173948257,9,0,1,10240,9,3624569729
1595,115174095268,182122,115174277390,5,0,0,1536,5,5694185457
1596,115174304186,4846,115174309032,7,0,0,5120,7,8126387673
1597,115174327703,1990,115174329693,7,0,0,2048,7,6070987122
1598,115174610390,1038,115174611428,7,0,0,1024,7,2572828768
1599,115174745538,45592,115174791130,7,0,1,1024,7,5848412166
1600,115174909345,1990,115174911335,5,0,0,2048,5,7096729952
1601,115174911377,61288,115174972665,1,0,1,7168,1,756251901
1602,115174952930,69772,115175022702,7,0,1,14848,7,4783597903
1603,115174982636,43900,115175026536,4,0,1,512,4,5399882030
1604,115175138785,32295,115175171080,9,0,1,17920,9,3231716506
1605,115175172798,93748,115175266546,4,0,0,52736,4,6533520300
1606,115175322069,3418,115175325487,2,0,0,3584,2,8182239868
1607,115175372087,101656,115175473743,1,0,1,33792,1,1156585582
1608,115175500343,11787,115175512130,6,0,0,19456,6,1013726474
1609,115175550163,6274,115175556437,5,0,0,6656,5,2999912860
1610,115175760099,1514,115175761613,5,0,0,1536,5,1539309258
1611,115175891458,44658,115175936116,6,0,0,76800,6,4413680666
1612,115176061124,67588,115176128712,1,0,1,7680,1,2917820550
1613,115176097102,102124,115176199226,8,0,1,35328,8,1811223979
1614,115176302953,3418,115176306371,5,0,0,3584,5,5653374903
1615,115176370260,1038,115176371298,2,0,0,1024,2,6884363046
1616,115176524888,26217,115176551105,4,0,0,47616,4,911690140
1617,115176837865,562,115176838427,3,0,0,512,3,5270485575
1618,115177321715,103060,115177424775,5,0,1,38400,5,5185200829
1619,115177417300,13741,115177431041,7,0,0,6656,7,5866341573
1620,115177446046,82840,115177528886,1,0,1,17408,1,7629996550
1621,115177491654,198700,115177690354,8,0,1,190976,8,2065512817
1622,115177740961,13596,115177754557,8,0,1,95232,8,1738483436
1623,115177745736,120376,115177866112,7,0,1,11776,7,1310665076
1624,115177756870,130451,115177887321,6,0,0,23040,6,5118477303
1625,115177798561,77793,115177876354,1,0,1,512,1,3868023105
1626,115177967818,1990,115177969808,8,0,1,71168,8,7516455452
1627,115177981186,1038,115177982224,7,0,0,2048,7,3900343990
1628,115178015120,113044,115178128164,4,0,1,4608,4,133639507
1629,115178037466,79596,115178117062,2,0,0,1024,2,8788759851
1630,115178098288,93436,115178191724,9,0,1,16896,9,8018927833
1631,115178202779,1990,115178204769,7,0,0,2048,7,6203045169
1632,115178423378,1038,115178424416,5,0,0,1024,5,3183414819
1633,115178488575,114791,115178603366,8,0,1,408064,8,7018729203
1634,115178602370,356152,115178958522,7,0,1,5632,7,6979846217
1635,115178723254,124474,115178847728,3,0,0,3072,3,9054750370
1636,115178738285,118707,115178856992,6,0,0,18432,6,9803586896
1637,115178773314,88184,115178861498,3,0,0,7168,3,8547962767
1638,115178837905,101033,115178938938,6,0,0,142848,6,349461165
1639,115179049790,48976,115179098766,1,0,1,2048,1,3564142478
1640,115179121248,2942,115179124190,7,0,0,3072,7,9754239871
1641,115179328664,226479,115179555143,4,0,0,367616,4,5183657302
1642,115179547285,10444,115179557729,3,0,0,4096,3,5185580677
1643,115179713141,99496,115179812637,4,0,1,31744,4,5735435007
1644,115180119871,2942,115180122813,3,0,0,3072,3,1579947147
1645,115180194947,71440,115180266387,8,0,1,10240,8,7020043820
1646,115180286328,70972,115180357300,7,0,1,8704,7,537318826
1647,115180408950,562,115180409512,1,0,0,512,1,5772779125
1648,115180592594,72664,115180665258,9,0,1,9216,9,5375097604
1649,115180593464,93991,115180687455,8,0,1,524288,8,735222133
1650,115180661996,445648,115181107644,6,0,0,156160,6,9819961819
1651,115180942065,93015,115181035080,4,0,1,10240,4,9158274136
1652,115180947628,180939,115181128567,5,0,0,1536,5,6324989158
1653,115181117674,33241,115181150915,4,0,0,57856,4,6653092281
1654,115181225926,4370,115181230296,4,0,1,12800,4,8530097556
1655,115181238784,84073,115181322857,4,0,0,4608,4,3743193046
1656,115181305039,35825,115181340864,4,0,0,62976,4,9365122936
1657,115181398827,562,115181399389,6,0,0,512,6,7144219006
1658,115181545880,45592,115181591472,4,0,1,1024,4,3710049427
1659,115181578182,144962,115181723144,6,0,0,235520,6,168821002
1660,115181783254,59128,115181842382,9,0,1,5120,9,2574248257
1661,115181970345,7226,115181977571,5,0,0,7680,5,2776660512
1662,115182050606,1038,115182051644,6,0,1,30720,6,6685512694
1663,115182070545,45592,115182116137,6,0,1,1024,6,3226748826
1664,115182107518,129312,115182236830,3,0,0,1024,3,10318461781
1665,115182174117,71689,115182245806,4,0,1,7168,4,10728500937
1666,115182311299,2942,115182314241,9,0,1,34304,9,5091693676
1667,115182392061,101812,115182493873,3,0,0,3072,3,3845305076
1668,115182458263,163404,115182621667,6,0,0,264704,6,5264083525
1669,115182567398,123162,115182690560,6,0,0,199680,6,8036097098
1670,115182614150,40692,115182654842,1,0,1,23040,1,8018700123
1671,115182650214,16566,115182666780,3,0,0,512,3,10200279236
1672,115182674686,271692,115182946378,5,0,0,512,5,1865514121
1673,115182866969,45592,115182912561,5,0,1,1024,5,2919049254
1674,115183005539,62929,115183068468,4,0,0,102400,4,6922264413
1675,115183005975,93304,115183099279,7,0,1,4096,7,5616339684
1676,115183044748,1990,115183046738,6,0,0,151552,6,10028813405
1677,115183086822,236029,115183322851,1,0,1,20480,1,1088743911
1678,115183151381,218884,115183370265,7,0,0,2048,7,648346948
1679,115183430295,100096,115183530391,7,0,1,28672,7,1494553589
1680,115183430731,2942,115183433673,4,0,1,19456,4,5975360007
1681,115183562910,152490,115183715400,5,0,0,3072,5,1687318765
1682,115183755367,1990,115183757357,1,0,0,2048,1,6114074444
1683,115183765773,81148,115183846921,9,0,1,16896,9,10048357989
1684,115183861335,2466,115183863801,1,0,0,2560,1,37669586
1685,115183898752,20620,115183919372,4,0,0,33280,4,8244785740
1686,115183901370,562,115183901932,6,0,1,512,6,5197193936
1687,115183913971,51471,115183965442,8,0,1,117248,8,3477817809
1688,115183935294,171526,115184106820,5,0,0,512,5,3742558616
1689,115183967809,82407,115184050216,7,0,1,42496,7,2718325498
1690,115184005285,142870,115184148155,6,0,1,7168,6,1937937270
1691,115184243022,90052,115184333074,6,0,1,15872,6,8618446144
1692,115184252705,84508,115184337213,5,0,1,12800,5,830267845
1693,115184377869,2942,115184380811,3,0,0,3072,3,7656731981
1694,115184412015,562,115184412577,1,0,0,512,1,6207476890
1695,115184412922,5450,115184418372,4,0,1,30720,4,10598088255
1696,115184457292,100720,115184558012,7,0,0,13824,7,357654078
1697,115184511993,73861,115184585854,6,0,1,12800,6,3381696974
1698,115184718888,3641,115184722529,3,0,0,10240,3,4388192223
1699,115184763204,60820,115184824024,4,0,1,5632,4,10557801034
1700,115184851994,1038,115184853032,8,0,1,10752,8,7271210664
1701,115184917480,77740,115184995220,5,0,1,3584,5,2784756426
1702,115184920425,54052,115184974477,3,0,0,1024,3,1361210344
1703,115185039249,89008,115185128257,4,0,1,22528,4,8141225986
1704,115185059242,89073,115185148315,1,0,1,1536,1,3069681408
1705,115185075711,140080,115185215791,8,0,1,76800,8,4691633213
1706,115185129316,54444,115185183760,9,0,1,20992,9,8372057533
1707,115185169044,138933,115185307977,7,0,1,51712,7,8153086688
1708,115185185179,562,115185185741,7,0,1,1536,7,2114416972
1709,115185223241,139627,115185362868,1,0,1,5632,1,5492744153
1710,115185270675,102452,115185373127,7,0,0,512,7,9152522709
1711,115185319924,562,115185320486,1,0,1,34304,1,5763185693
1712,115185460118,198494,115185658612,1,0,0,512,1,1307675782
1713,115185496770,55044,115185551814,9,0,1,512,9,5695062055
1714,115185592927,86200,115185679127,4,0,1,13312,4,1224887846
1715,115185749098,562,115185749660,5,0,0,512,5,1041588398
1716,115185803608,562,115185804170,8,0,1,82944,8,6647620160
1717,115185820620,15058,115185835678,1,0,0,512,1,4937319960
1718,115185853471,116632,115185970103,4,0,1,23552,4,7153490564
1719,115185855321,562,115185855883,6,0,0,29184,6,9265020721
1720,115185944613,124621,115186069234,1,0,0,512,1,6619364911
1721,115185953814,1038,115185954852,9,0,1,2560,9,9783749495
1722,115185987660,113635,115186101295,1,0,0,1024,1,8072583239
1723,115186109342,25958,115186135300,4,0,0,47104,4,4824099396
1724,115186154267,1514,115186155781,3,0,0,1536,3,10085844092
1725,115186165344,1990,115186167334,8,0,1,192512,8,9280051688
1726,115186242827,199168,115186441995,1,0,1,48640,1,7714661842
1727,115186266552,147311,115186413863,8,0,1,305664,8,10306610117
1728,115186273849,103637,115186377486,1,0,0,2048,1,9985199889
1729,115186391183,56491,115186447674,1,0,1,10752,1,4001845591
1730,115186438340,368128,115186806468,4,0,0,96256,4,6224999415
1731,115186566485,23109,115186589594,5,0,1,1536,5,7674398614
1732,115186584002,562,115186584564,9,0,1,4096,9,5320577370
1733,115186615507,115471,115186730978,1,0,0,4096,1,1051403389
1734,115186653066,100295,115186753361,5,0,0,512,5,7246735980
1735,115186677386,143998,115186821384,5,0,1,32768,5,5887105402
1736,115186978693,48976,115187027669,1,0,1,2048,1,2812844083
1737,115187065120,113980,115187179100,8,0,1,74240,8,8734130833
1738,115187130589,99628,115187230217,6,0,1,27136,6,7306068851
1739,115187167367,116820,115187284187,5,0,1,31744,5,4929637001
1740,115187347052,562,115187347614,3,0,0,512,3,5345299113
1741,115187393571,3641,115187397212,6,0,0,10240,6,5853402112
1742,115187542436,54052,115187596488,1,0,1,3584,1,1077106404
1743,115187604134,1038,115187605172,7,0,0,1024,7,2321513491
1744,115187629380,1990,115187631370,3,0,0,2048,3,604942078
1745,115187818455,2466,115187820921,7,0,0,2560,7,7523866495
1746,115187858359,1990,115187860349,9,0,1,44544,9,6485826374
1747,115187883999,1514,115187885513,5,0,0,2048,5,140502700
1748,115187964133,1514,115187965647,5,0,0,1536,5,8552204534
1749,115187966513,173857,115188140370,7,0,0,1536,7,3408803469
1750,115188019317,153220,115188172537,8,0,1,2048,8,4865451736
1751,115188583178,2466,115188585644,1,0,0,2560,1,382870425
1752,115188593436,54052,115188647488,6,0,1,3584,6,2742638350
1753,115188775664,1514,115188777178,9,0,1,21504,9,5661472284
1754,115188817051,97912,115188914963,3,0,0,1536,3,10677020895
1755,115189087416,2466,115189089882,3,0,0,2560,3,4133492171
1756,115189208388,53233,115189261621,6,0,0,90112,6,4693881485
1757,115189278437,25442,115189303879,6,0,0,46080,6,9697281349
1758,115189802310,112732,115189915042,8,0,1,70144,8,9778807625
1759,115189871730,83596,115189955326,5,0,1,14848,5,3627215879
1760,115189905461,104333,115190009794,5,0,1,19968,5,9391752015
1761,115189921630,145479,115190067109,6,0,0,236544,6,10518330895
1762,115189938928,144246,115190083174,4,0,0,60416,4,6422419877
1763,115190152202,1514,115190153716,7,0,0,1536,7,6413140837
1764,115190216376,2866,115190219242,6,0,1,27648,6,2742244266
1765,115190301742,225657,115190527399,4,0,0,8704,4,5118126085
1766,115190571237,1990,115190573227,7,0,0,2048,7,889220287
1767,115190658240,81112,115190739352,6,0,0,131072,6,3167882295
1768,115190870414,50995,115190921409,6,0,0,82432,6,3945768680
1769,115190872485,60061,115190932546,6,0,0,36864,6,7295221285
1770,115190887720,562,115190888282,5,0,1,39936,5,2411683786
1771,115190942833,150107,115191092940,3,0,0,512,3,9475142169
1772,115191140988,247675,115191388663,4,0,0,405504,4,8482444983
1773,115191186638,204200,115191390838,1,0,1,1536,1,10099045930
1774,115191217389,175780,115191393169,3,0,0,7168,3,4961683449
1775,115191296974,97501,115191394475,5,0,0,2048,5,8486438379
1776,115191446722,1514,115191448236,1,0,1,43008,1,6359389432
1777,115191476642,121632,115191598274,6,0,1,7680,6,4684861077
1778,115191529953,194390,115191724343,3,0,0,1536,3,7579460760
1779,115191651045,562,115191651607,5,0,1,7680,5,7690602285
1780,115191668210,67588,115191735798,3,0,0,512,3,4582213013
1781,115191705347,81370,115191786717,6,0,0,131584,6,440145675
1782,115191718597,313112,115192031709,4,0,0,463872,4,8216723715
1783,115191736475,372281,115192108756,4,0,0,253952,4,4790676935
1784,115191899847,220558,115192120405,6,0,0,47616,6,7750362412
1785,115191935372,188579,115192123951,6,0,0,5632,6,1267140861
1786,115192004108,124029,115192128137,1,0,0,6656,1,4740337689
1787,115192229259,228717,115192457976,6,0,0,375296,6,6290627782
1788,115192255257,165248,115192420505,2,0,1,13824,2,1743956371
1789,115192375215,320927,115192696142,4,0,0,263680,4,9026358971
1790,115192399367,303912,115192703279,4,0,0,405504,4,4965772417
1791,115192601884,44497,115192646381,9,0,1,1536,9,6433158807
1792,115192659768,42110,115192701878,3,0,0,1536,3,5295929651
1793,115192668056,9047,115192677103,6,0,0,19968,6,5697505503
1794,115192703385,46725,115192750110,1,0,0,3584,1,8310891847
1795,115192723668,327407,115193051075,6,0,0,80896,6,6181655583
1796,115192772789,223010,115192995799,5,0,1,23040,5,3279188898
1797,115193001753,45592,115193047345,9,0,1,1024,9,5526334164
1798,115193005192,52360,115193057552,6,0,1,3072,6,9001532370
1799,115193122307,86068,115193208375,6,0,1,17920,6,10094539330
1800,115193267593,77608,115193345201,5,0,1,15360,5,10218535943
1801,115193281334,80524,115193361858,5,0,1,23040,5,6357422573
1802,115193314997,131061,115193446058,2,0,1,16384,2,9228025046
1803,115193318886,102401,115193421287,5,0,1,14848,5,1021521578
1804,115193382904,97444,115193480348,2,0,1,19968,2,3622113726
1805,115193540627,73312,115193613939,6,0,0,119296,6,5624374569
1806,115193553348,61052,115193614400,7,0,0,10240,7,1966129252
1807,115193683634,1038,115193684672,7,0,0,1024,7,4632651585
1808,115193685173,5192,115193690365,8,0,1,27648,8,3215814635
1809,115193739998,194034,115193934032,4,0,0,13312,4,6880330117
1810,115194074659,52360,115194127019,5,0,1,13312,5,10039570197
1811,115194079098,76984,115194156082,1,0,1,3072,1,10529301187
1812,115194172813,105408,115194278221,4,0,0,175104,4,4640566973
1813,115194296685,44747,115194341432,2,0,1,512,2,8038001446
1814,115194357032,2942,115194359974,3,0,0,3072,3,3967196401
1815,115194424708,1038,115194425746,1,0,0,1024,1,10637947116
1816,115194507683,43900,115194551583,5,0,1,512,5,8804702898
1817,115194587444,562,115194588006,5,0,0,512,5,2733599191
1818,115194872575,1514,115194874089,3,0,0,1536,3,5798369999
1819,115194889770,48976,115194938746,1,0,1,2048,1,10315738107
1820,115194898118,66364,115194964482,6,0,1,8704,6,940904114
1821,115194952073,80056,115195032129,9,0,1,13312,9,9215271192
1822,115194973555,76048,115195049603,1,0,1,10240,1,9372945317
1823,115195047482,34150,115195081632,4,0,0,52224,4,8990603042
1824,115195091922,146140,115195238062,9,0,1,32256,9,8626853928
1825,115195399980,4370,115195404350,1,0,0,4608,1,7969830869
1826,115195401010,4006,115195405016,7,0,0,1024,7,5778394028
1827,115195461873,112003,115195573876,6,0,0,181248,6,4890893269
1828,115195498443,101881,115195600324,5,0,1,40448,5,6828440100
1829,115195533861,171859,115195705720,9,0,1,7680,9,1043170433
1830,115195671664,2466,115195674130,1,0,0,2560,1,8026189115
1831,115195828281,40612,115195868893,6,0,0,65536,6,10418755280
1832,115195891889,190239,115196082128,1,0,1,6144,1,2360985538
1833,115196028683,4370,115196033053,5,0,1,41984,5,10008621200
1834,115196100872,113517,115196214389,7,0,0,4608,7,5505646535
1835,115196132888,14150,115196147038,1,0,0,5120,1,5594605025
1836,115196353743,35825,115196389568,6,0,0,62976,6,4170654462
1837,115196528261,1990,115196530251,5,0,0,2048,5,2152910958
1838,115196632713,65896,115196698609,2,0,1,7168,2,5513123232
1839,115196697622,75583,115196773205,7,0,0,121856,7,6534349602
1840,115196732839,109897,115196842736,6,0,0,178176,6,8840283013
1841,115196738942,117910,115196856852,1,0,1,4608,1,8612625252
1842,115197050299,198342,115197248641,6,0,0,326144,6,4152298332
1843,115197125466,43400,115197168866,6,0,1,22016,6,6112112270
1844,115197226132,215163,115197441295,7,0,0,67072,7,7104414966
1845,115197468142,53140,115197521282,6,0,1,5632,6,5726511321
1846,115197576336,113983,115197690319,6,0,0,188416,6,2967523039
1847,115197654516,104686,115197759202,5,0,1,15360,5,8388850265
1848,115197707374,217109,115197924483,6,0,1,4608,6,7592149736
1849,115197913015,53062,115197966077,7,0,0,86528,7,9515655263
1850,115197923058,111614,115198034672,1,0,1,6656,1,2709474302
1851,115197971463,79661,115198051124,2,0,1,10240,2,9757164497
1852,115198181653,2466,115198184119,3,0,0,2560,3,7021260674
1853,115198222480,93991,115198316471,4,0,0,156160,4,628460832
1854,115198297374,86450,115198383824,7,0,0,144896,7,5955375199
1855,115198307295,76875,115198384170,5,0,0,512,5,2074145867
1856,115198375344,9492,115198384836,5,0,0,1024,5,6154111980
1857,115198653042,5322,115198658364,1,0,0,5632,1,9457666865
1858,115198750842,43712,115198794554,7,0,0,71680,7,4572622771
1859,115198960280,1990,115198962270,5,0,0,2048,5,7894491869
1860,115199056546,23633,115199080179,7,0,0,42496,7,8549685542
1861,115199102850,65896,115199168746,2,0,1,23552,2,2216010965
1862,115199221327,1990,115199223317,1,0,1,7168,1,7534264230
1863,115199308456,231939,115199540395,5,0,0,2048,5,4427878269
1864,115199350700,1038,115199351738,5,0,0,1024,5,72485785
1865,115199459771,3418,115199463189,5,0,0,3584,5,684988302
1866,115199547521,15575,115199563096,4,0,0,30208,4,3337823928
1867,115199555381,4846,115199560227,1,0,1,4096,1,5150453452
1868,115199562864,73571,115199636435,4,0,0,5120,4,6413916600
1869,115199571743,55205,115199626948,4,0,0,119808,4,4907614121
1870,115199598683,114650,115199713333,2,0,1,1024,2,8131405456
1871,115199623558,67588,115199691146,1,0,1,7680,1,7541301504
1872,115199681524,62512,115199744036,0,0,1,6144,0,7254464998
1873,115199789243,6750,115199795993,1,0,0,7168,1,6304067261
1874,115199812438,35308,115199847746,4,0,0,61952,4,2614737033
1875,115199879296,7702,115199886998,7,0,0,8192,7,2461524742
1876,115199912307,3418,115199915725,1,0,0,3584,1,4407436936
1877,115200006089,89171,115200095260,5,0,1,3072,5,2532507811
1878,115200107519,69748,115200177267,0,0,1,9728,0,7923482573
1879,115200150358,1514,115200151872,5,0,1,512,5,10616315908
1880,115200181588,43900,115200225488,3,0,0,1536,3,6628109072
1881,115200206748,308166,115200514914,4,0,0,503296,4,3101014108
1882,115200209165,151690,115200360855,9,0,1,3072,9,10055690645
1883,115200363570,402887,115200766457,1,0,0,512,1,2959505615
1884,115200426763,244392,115200671155,1,0,1,6144,1,7201019297
1885,115200479069,197650,115200676719,2,0,1,27136,2,5836061074
1886,115200557614,284474,115200842088,8,0,1,79360,8,4629787076
1887,115200724630,246544,115200971174,8,0,1,272384,8,1956885755
1888,115200876508,276499,115201153007,4,0,0,451584,4,1827156180
1889,115200952762,40083,115200992845,5,0,1,9728,5,5709447626
1890,115200996984,35103,115201032087,1,0,1,3072,1,4940316086
1891,115201115510,219559,115201335069,5,0,0,4096,5,10121224922
1892,115201123396,303034,115201426430,7,0,0,4608,7,4479142665
1893,115201123513,5450,115201128963,2,0,1,2048,2,5257571510
1894,115201272041,188110,115201460151,5,0,0,13824,5,5487506767
1895,115201411329,1514,115201412843,3,0,0,1536,3,10494527698
1896,115201543888,23204,115201567092,8,0,1,187904,8,4875927731
1897,115201567992,197764,115201765756,4,0,0,38400,4,6459920890
1898,115201681326,117031,115201798357,1,0,1,2048,1,8546127491
1899,115201800555,5192,115201805747,7,0,0,13312,7,7090652440
1900,115201814456,62512,115201876968,5,0,1,6144,5,1454781010
1901,115201840863,44488,115201885351,7,0,0,73216,7,2861019123
1902,115201920815,85756,115202006571,5,0,1,16896,5,4496582774
1903,115202143345,61288,115202204633,0,0,1,7168,0,48340181
1904,115202208520,1038,115202209558,1,0,0,1024,1,8539523388
1905,115202344009,12562,115202356571,4,0,0,20992,4,2942832025
1906,115202346435,97791,115202444226,5,0,1,23040,5,3044353039
1907,115202530097,1990,115202532087,1,0,0,2048,1,1527496322
1908,115202658582,33241,115202691823,6,0,0,57856,6,7336659915
1909,115202843015,2866,115202845881,7,0,0,8704,7,7374518567
1910,115202912198,562,115202912760,1,0,0,512,1,7192766771
1911,115202950380,2942,115202953322,1,0,0,3072,1,1155256716
1912,115203323116,54364,115203377480,2,0,1,4608,2,9273040341
1913,115203591437,562,115203591999,9,0,1,73216,9,8543727094
1914,115203673083,113668,115203786751,5,0,0,512,5,6227335734
1915,115203754698,102748,115203857446,4,0,1,37376,4,5828200431
1916,115203853676,117898,115203971574,4,0,1,74752,4,5653952636
1917,115203965143,70627,115204035770,5,0,1,6656,5,5561634722
1918,115204184165,67144,115204251309,0,0,1,11264,0,7441153525
1919,115204342037,77920,115204419957,9,0,1,16384,9,2849833331
1920,115204386707,70987,115204457694,7,0,0,114688,7,5424500723
1921,115204432910,90622,115204523532,4,0,1,3072,4,782275419
1922,115204656887,43196,115204700083,4,0,0,70656,4,169955801
1923,115204775856,102748,115204878604,4,0,1,37376,4,1771714481
1924,115204911681,145300,115205056981,8,0,1,136704,8,5413062262
1925,115204924663,149604,115205074267,9,0,1,15872,9,2779361897
1926,115205053515,37733,115205091248,7,0,0,59904,7,9510999911
1927,115205311928,3418,115205315346,5,0,0,3584,5,109604574
1928,115205341113,2466,115205343579,0,0,1,26112,0,1828113658
1929,115205421232,196510,115205617742,1,0,0,2560,1,6790042548
1930,115205459533,81533,115205541066,9,0,1,11264,9,8579783289
1931,115205536997,5099,115205542096,1,0,0,1024,1,3089272221
1932,115205843290,89584,115205932874,5,0,1,14336,5,4056254176
1933,115206245621,74775,115206320396,6,0,0,125440,6,850656260
1934,115206270895,49847,115206320742,3,0,0,512,3,5006233915
1935,115206347978,61378,115206409356,7,0,0,99328,7,9173622697
1936,115206610767,562,115206611329,3,0,0,512,3,6743035952
1937,115206630900,7226,115206638126,3,0,0,7680,3,4764986553
1938,115206743024,82684,115206825708,4,0,1,16896,4,9019877842
1939,115206993097,148234,115207141331,4,0,0,245248,4,10296615712
1940,115207008386,179328,115207187714,4,0,1,11776,4,116114384
1941,115207171216,77393,115207248609,4,0,1,7680,4,9022609669
1942,115207317404,6274,115207323678,3,0,0,6656,3,409105206
1943,115207389354,62512,115207451866,1,0,1,6144,1,10507926203
1944,115207559254,102280,115207661534,2,0,1,35840,2,7556423747
1945,115207674727,3894,115207678621,7,0,0,4096,7,3445012469
1946,115207751620,96317,115207847937,4,0,0,160768,4,967890763
1947,115207785951,62972,115207848923,3,0,0,1536,3,4926542769
1948,115207842279,82885,115207925164,4,0,1,2048,4,9694368105
1949,115207851598,128181,115207979779,1,0,1,6144,1,642902181
1950,115208092988,67588,115208160576,4,0,1,7680,4,8519991750
1951,115208258252,1038,115208259290,1,0,0,1024,1,1574490220
1952,115208278357,64133,115208342490,7,0,0,108032,7,862635886
1953,115208484928,1514,115208486442,3,0,0,1536,3,6137555268
1954,115208557392,105981,115208663373,2,0,1,15360,2,9117942319
1955,115208652945,50668,115208703613,5,0,1,2560,5,4585706083
1956,115208875663,1038,115208876701,1,0,0,1024,1,1793020795
1957,115208898878,149446,115209048324,2,0,1,27136,2,10339350639
1958,115209162270,79432,115209241702,4,0,1,11264,4,2211481542
1959,115209218755,50668,115209269423,4,0,1,2560,4,5958393415
1960,115209288004,2942,115209290946,0,0,1,3584,0,10408725958
1961,115209297755,54052,115209351807,5,0,0,3072,5,4710657314
1962,115209336585,562,115209337147,9,0,1,36864,9,1618887346
1963,115209408724,106919,115209515643,1,0,0,512,1,3805393067
1964,115209411398,51292,115209462690,2,0,1,4608,2,4145161338
1965,115209419216,165212,115209584428,4,0,0,268288,4,8731267040
1966,115209458691,316071,115209774762,6,0,0,442880,6,7657495169
1967,115209577553,20439,115209597992,8,0,1,212992,8,2745490156
1968,115209594943,263894,115209858837,9,0,1,30208,9,7702310610
1969,115209755309,269774,115210025083,1,0,0,1536,1,1546801458
1970,115210240653,86450,115210327103,4,0,0,144896,4,6058527233
1971,115210312916,15173,115210328089,3,0,0,1536,3,4418382599
1972,115210670017,4933,115210674950,4,0,0,12800,4,6311309790
1973,115210707475,50668,115210758143,2,0,1,2560,2,7668920212
1974,115210826020,107272,115210933292,5,0,1,52224,5,10579960980
1975,115210826070,148886,115210974956,5,0,1,27648,5,3590637227
1976,115210920828,64816,115210985644,4,0,1,3072,4,1747707565
1977,115210999581,219292,115211218873,8,0,1,258560,8,10603010574
1978,115211040159,191158,115211231317,5,0,1,14848,5,2495064703
1979,115211218477,67976,115211286453,9,0,1,7680,9,5183734921
1980,115211744063,55744,115211799807,2,0,1,4096,2,6123962894
1981,115211801961,1038,115211802999,1,0,0,1024,1,2261034405
1982,115211881181,55744,115211936925,5,0,1,4096,5,9229805757
1983,115211903818,42937,115211946755,6,0,0,70144,6,2450233302
1984,115211957871,66458,115212024329,4,0,0,112640,4,6335165196
1985,115211986889,38746,115212025635,5,0,0,2048,5,10003407246
1986,115212146663,93821,115212240484,4,0,0,152576,4,6282020047
1987,115212161138,84492,115212245630,1,0,0,8192,1,5416810766
1988,115212236567,11329,115212247896,3,0,0,3584,3,5382510439
1989,115212326323,133029,115212459352,7,0,0,215552,7,6538501305
1990,115212401409,79551,115212480960,4,0,0,70656,4,3718793482
1991,115212430230,52996,115212483226,5,0,0,3584,5,5887655056
1992,115212466826,23374,115212490200,9,0,1,1536,9,139102202
1993,115212531155,94873,115212626028,7,0,0,41984,7,10680139221
1994,115212592472,62412,115212654884,6,0,0,101376,6,3601716130
1995,115212598751,57618,115212656369,6,0,0,15360,6,5986747445
1996,115212657648,1990,115212659638,8,0,1,549376,8,6919351394
1997,115212682350,318645,115213000995,5,0,0,2048,5,8916167582
1998,115212705025,533421,115213238446,9,0,1,15872,9,8188686702
1999,115212756374,438770,115213195144,2,0,1,13312,2,8243790579
2000,115212936506,297805,115213234311,8,0,1,128512,8,9346799023
2001,115213117487,117420,115213234907,3,0,0,512,3,10368697995
2002,115213151079,166664,115213317743,2,0,1,14336,2,10143621603
2003,115213168326,153245,115213321571,9,0,1,11776,9,4750003714
2004,115213189827,318842,115213508669,8,0,1,236544,8,10055889113
2005,115213365096,149356,115213514452,4,0,1,18944,4,7189603495
2006,115213523168,34791,115213557959,4,0,0,60928,4,6817548768
2007,115213579373,3894,115213583267,5,0,0,4096,5,9446489477
2008,115213608243,4933,115213613176,4,0,0,12800,4,3246697387
2009,115213665299,2466,115213667765,5,0,0,2560,5,404451680
2010,115213799069,25183,115213824252,7,0,0,45568,7,361717695
2011,115213847256,74040,115213921296,2,0,1,50688,2,6842747940
2012,115213949002,196252,115214145254,9,0,1,2560,9,8723047819
2013,115214161594,1514,115214163108,4,0,1,13312,4,2357082312
2014,115214207124,81592,115214288716,5,0,0,1536,5,2386782999
2015,115214278395,1038,115214279433,3,0,0,1024,3,1631502986
2016,115214313284,55744,115214369028,9,0,1,4096,9,3571153409
2017,115214433276,1990,115214435266,5,0,0,2048,5,6512309246
2018,115214441147,104776,115214545923,8,0,1,44032,8,7493253357
2019,115214596858,53062,115214649920,4,0,0,86528,4,1643373780
2020,115214598835,315284,115214914119,8,0,1,249856,8,10037740546
2021,115214884039,198039,115215082078,4,0,0,276992,4,4250099027
2022,115214922390,186121,115215108511,4,0,0,85504,4,4460109945
2023,115214948145,69001,115215017146,1,0,1,15360,1,5557507627
2024,115215054961,180924,115215235885,4,0,0,49152,4,114579511
2025,115215058641,97092,115215155733,7,0,0,111104,7,930897674
2026,115215099141,192754,115215291895,2,0,1,8704,2,9425092610
2027,115215204884,107627,115215312511,2,0,1,15872,2,1232933151
2028,115215239005,6854,115215245859,9,0,1,50176,9,6718249497
2029,115215305676,207968,115215513644,3,0,0,6656,3,6816685384
2030,115215307335,153900,115215461235,2,0,1,5120,2,15505467
2031,115215614153,82662,115215696815,4,0,0,134144,4,1412854027
2032,115215639161,59280,115215698441,1,0,0,2560,1,7419234632
2033,115215701410,3900,115215705310,4,0,0,10752,4,5201517002
2034,115215725932,1514,115215727446,9,0,1,15360,9,2965866062
2035,115215818815,151614,115215970429,4,0,1,20992,4,4656661786
2036,115215866289,97756,115215964045,3,0,0,1536,3,9161267126
2037,115216134207,562,115216134769,2,0,1,17408,2,8718956000
2038,115216136519,90520,115216227039,6,0,0,512,6,3112003157
2039,115216279046,65896,115216344942,1,0,1,7168,1,4517754314
2040,115216401712,2942,115216404654,1,0,0,3072,1,2270701542
2041,115216483728,1990,115216485718,5,0,0,2048,5,2495510272
2042,115216691131,102137,115216793268,7,0,0,165376,7,6410150604
2043,115216759055,131278,115216890333,2,0,1,9728,2,5757271035
2044,115216875602,43900,115216919502,2,0,1,512,2,8624903907
2045,115216921294,112003,115217033297,7,0,0,181248,7,5848989395
2046,115216965293,116531,115217081824,9,0,1,4096,9,7251278065
2047,115217179024,562,115217179586,3,0,0,512,3,2538934925
2048,115217252682,3894,115217256576,1,0,0,4096,1,1028832167
2049,115217332211,12821,115217345032,6,0,0,21504,6,6146276221
2050,115217345147,44488,115217389635,4,0,0,73216,4,3401094459
2051,115217418636,25958,115217444594,4,0,0,47104,4,996141843
2052,115217673009,112003,115217785012,6,0,0,181248,6,9339878243
2053,115217685297,105616,115217790913,6,0,0,19968,6,10423672363
2054,115217842660,1990,115217844650,3,0,0,2048,3,2127837375
2055,115217944939,2466,115217947405,0,0,1,3072,0,1873161901
2056,115217967548,52360,115218019908,1,0,0,2560,1,2618020780
2057,115218094291,65764,115218160055,9,0,1,11776,9,2229628370
2058,115218199572,99628,115218299200,2,0,1,27136,2,6750641582
2059,115218425782,5322,115218431104,3,0,0,5632,3,2201375503
2060,115218580434,74346,115218654780,6,0,0,121344,6,8957341682
2061,115218705681,94249,115218799930,7,0,0,156672,7,7243488855
2062,115218791522,8664,115218800186,3,0,0,9216,3,6890604733
2063,115218831839,2942,115218834781,1,0,0,3072,1,5425427900
2064,115218842472,1514,115218843986,1,0,0,1536,1,5446465052
2065,115218952116,562,115218952678,1,0,0,512,1,6327421805
2066,115219079229,123937,115219203166,6,0,0,201216,6,896720196
2067,115219106215,99857,115219206072,3,0,0,4608,3,10208754490
2068,115219133968,108906,115219242874,7,0,0,126976,7,238529865
2069,115219433650,52828,115219486478,6,0,1,31744,6,1500633943
2070,115219477904,78928,115219556832,6,0,1,7680,6,3282878299
2071,115219500125,230696,115219730821,2,0,1,4608,2,3712013596
2072,115219586063,88204,115219674267,8,0,1,98304,8,8252008861
2073,115219598847,175568,115219774415,8,0,1,14848,8,5895869980
2074,115219616261,145537,115219761798,2,0,1,512,2,10097116209
2075,115219779255,32554,115219811809,6,0,0,53248,6,10601885933
2076,115219834201,12821,115219847022,8,0,1,533504,8,781899200
2077,115219949508,474291,115220423799,1,0,1,1536,1,9055656626
2078,115219985832,228811,115220214643,7,0,0,21504,7,3200834211
2079,115220071253,214952,115220286205,9,0,1,26624,9,8881111776
2080,115220079692,359485,115220439177,6,0,0,125440,6,9277006546
2081,115220093562,245871,115220339433,6,0,0,26112,6,6219291646
2082,115220168486,79474,115220247960,1,0,1,15360,1,3438858051
2083,115220239632,230395,115220470027,1,0,0,2048,1,7232069606
2084,115220579511,59128,115220638639,6,0,1,5120,6,1014473956
2085,115220747812,562,115220748374,3,0,0,512,3,749795017
2086,115220815401,2466,115220817867,3,0,0,2560,3,7264875694
2087,115220981063,50668,115221031731,2,0,1,2560,2,3936842063
2088,115221015697,104374,115221120071,7,0,0,173056,7,6801768560
2089,115221053534,1514,115221055048,1,0,1,13312,1,8199846715
2090,115221133909,562,115221134471,1,0,0,1536,1,3849136333
2091,115221160688,1038,115221161726,3,0,0,512,3,4041586000
2092,115221190953,149076,115221340029,3,0,0,1024,3,6525936384
2093,115221215233,234020,115221449253,4,0,0,378880,4,2364253732
2094,115221218741,287334,115221506075,4,0,0,181760,4,8565851270
2095,115221224048,139061,115221363109,9,0,1,15872,9,4055371194
2096,115221404001,339389,115221743390,9,0,1,1536,9,8830899131
2097,115221409051,226099,115221635150,6,0,0,143872,6,2380721314
2098,115221413636,381775,115221795411,2,0,1,43520,2,9229773742
2099,115221457006,454394,115221911400,9,0,1,32256,9,5093438572
2100,115221873795,2942,115221876737,6,0,1,9216,6,7432756585
2101,115221883740,72664,115221956404,3,0,0,3072,3,4022183726
2102,115221916030,3894,115221919924,2,0,1,39424,2,2012020543
2103,115221980936,109095,115222090031,3,0,0,4096,3,4650893647
2104,115222170833,562,115222171395,1,0,0,512,1,2466318333
2105,115222247832,2466,115222250298,1,0,0,2560,1,2352099059
2106,115222275336,64228,115222339564,6,0,1,11776,6,4479859410
2107,115222279383,66208,115222345591,0,0,1,8192,0,8948524398
2108,115222573624,50980,115222624604,9,0,1,3584,9,2512415965
2109,115222609196,111796,115222720992,9,0,1,67072,9,9121792221
2110,115222669943,77395,115222747338,6,0,1,11264,6,7360302039
2111,115222877481,562,115222878043,5,0,0,512,5,2113387838
2112,115223140504,54052,115223194556,1,0,1,3584,1,4990206550
2113,115223181294,62068,115223243362,1,0,1,9728,1,8944297044
2114,115223279689,2942,115223282631,5,0,0,3072,5,7741954869
2115,115223420392,54052,115223474444,6,0,1,3584,6,926571879
2116,115223507244,60820,115223568064,6,0,1,5632,6,6491017670
2117,115223730485,58884,115223789369,0,0,1,19456,0,3451172527
2118,115223744115,81928,115223826043,0,0,1,2560,0,1019872016
2119,115223851132,3124,115223854256,3,0,0,9216,3,4196831903
2120,115223879929,71158,115223951087,9,0,1,1536,9,4298252204
2121,115223899350,54052,115223953402,6,0,1,3584,6,8471991788
2122,115223949910,5322,115223955232,4,0,0,5632,4,6849944090
2123,115223996516,125488,115224122004,7,0,0,204288,7,3678526545
2124,115224112310,57436,115224169746,1,0,1,4608,1,1445813443
2125,115224133536,159136,115224292672,1,0,1,4608,1,631831809
2126,115224150292,202920,115224353212,0,0,1,4608,0,9723156463
2127,115224285017,60237,115224345254,2,0,1,5120,2,5151533031
2128,115224406646,91588,115224498234,2,0,1,15872,2,3155145058
2129,115224456891,72064,115224528955,2,0,1,12288,2,4145900493
2130,115224505144,20878,115224526022,9,0,1,17408,9,7871883498
2131,115224540790,562,115224541352,7,0,0,33792,7,10266369202
2132,115224571612,76696,115224648308,7,0,0,512,7,1820198373
2133,115224657115,43196,115224700311,6,0,1,14336,6,7034120221
2134,115224684258,89584,115224773842,4,0,0,70656,4,482247792
2135,115224703914,69845,115224773759,6,0,1,13824,6,9243718510
2136,115224723697,6251,115224729948,9,0,1,10752,9,3172697546
2137,115224756429,97178,115224853607,1,0,1,22528,1,8373648097
2138,115224767519,117547,115224885066,1,0,0,4608,1,10363204669
2139,115224886751,45175,115224931926,4,0,0,77824,4,896403703
2140,115224969825,137755,115225107580,6,0,1,2560,6,8865156409
2141,115225194288,6750,115225201038,7,0,0,7168,7,4775285094
2142,115225391927,90544,115225482471,9,0,1,22528,9,7884223298
2143,115225631717,3894,115225635611,3,0,0,4096,3,2268322392
2144,115225657391,73483,115225730874,7,0,0,122880,7,3387692828
2145,115225757203,2942,115225760145,1,0,0,3072,1,339731349
2146,115226044484,20620,115226065104,7,0,0,33280,7,3266421014
2147,115226059703,98692,115226158395,2,0,1,24064,2,5083756719
2148,115226135782,66076,115226201858,0,0,1,12800,0,3648457618
2149,115226212621,4370,115226216991,1,0,0,4608,1,2794406924
2150,115226364267,562,115226364829,3,0,0,512,3,8751341738
2151,115226372721,1038,115226373759,1,0,0,1024,1,8029674319
2152,115226384281,20620,115226404901,0,0,1,33792,0,716285132
2153,115226396694,101656,115226498350,7,0,0,33280,7,3213451426
2154,115226503038,98380,115226601418,1,0,1,23040,1,7188107125
2155,115226544140,59128,115226603268,1,0,1,5120,1,8742520317
2156,115226591007,83284,115226674291,2,0,1,13824,2,2420993020
2157,115226727168,70216,115226797384,0,0,1,11264,0,2129312815
2158,115226786671,48976,115226835647,6,0,1,2048,6,6035322571
2159,115226844246,2866,115226847112,6,0,1,27136,6,1604385261
2160,115226870931,99628,115226970559,4,0,0,8704,4,5178276228
2161,115226901208,214287,115227115495,6,0,0,347136,6,3133824114
2162,115227013197,103924,115227117121,1,0,0,2560,1,10433381175
2163,115227102724,13337,115227116061,2,0,1,19456,2,4953821155
2164,115227137171,562,115227137733,7,0,0,22528,7,9377506194
2165,115227273478,42162,115227315640,3,0,0,512,3,8216847243
2166,115227284008,242407,115227526415,7,0,0,68608,7,330129750
2167,115227388210,92529,115227480739,4,0,0,150016,4,10499404844
2168,115227395711,18866,115227414577,1,0,1,4608,1,8179372434
2169,115227467672,164536,115227632208,6,0,0,19456,6,1623487591
2170,115227633106,14113,115227647219,6,0,0,24064,6,506837960
2171,115227678783,99628,115227778411,6,0,1,27136,6,4432161875
2172,115228537697,2466,115228540163,1,0,0,2560,1,919303648
2173,115228568096,26475,115228594571,7,0,0,48128,7,8278401062
2174,115228613154,125481,115228738635,2,0,1,12800,2,7802511901
2175,115228820499,55744,115228876243,2,0,1,4096,2,8749148267
2176,115228971079,12733,115228983812,6,0,0,24576,6,2452222428
2177,115228972217,14501,115228986718,1,0,0,4608,1,3011632040
2178,115229131921,74536,115229206457,2,0,1,15360,2,2527814963
2179,115229168222,92012,115229260234,4,0,0,148992,4,9247371090
2180,115229278905,1038,115229279943,1,0,0,1024,1,10118937916
2181,115229666705,89920,115229756625,0,0,1,20480,0,229934117
2182,115229830550,1038,115229831588,1,0,0,1024,1,1607898490
2183,115229920036,65296,115229985332,6,0,1,10240,6,8751140405
2184,115229982574,53579,115230036153,2,0,1,13312,2,7471200703
2185,115229991891,88950,115230080841,4,0,0,87552,4,3662563057
2186,115230119915,69280,115230189195,0,0,1,8192,0,4874979945
2187,115230234070,2466,115230236536,5,0,0,2560,5,10511751589
2188,115230257843,64360,115230322203,7,0,1,7168,7,4904926737
2189,115230356515,4846,115230361361,1,0,0,5120,1,9697760793
2190,115230367183,1990,115230369173,0,0,1,3072,0,8413491544
2191,115230407811,49288,115230457099,1,0,0,2048,1,10309610864
2192,115230527496,97132,115230624628,1,0,1,18944,1,8970798873
2193,115230568347,90076,115230658423,2,0,1,20992,2,5968250448
2194,115230724861,50668,115230775529,9,0,1,2560,9,8778560039
2195,115230889862,43712,115230933574,6,0,1,18944,6,354583097
2196,115230922964,94060,115231017024,7,0,0,71680,7,10588737625
2197,115231008123,70060,115231078183,7,0,1,10752,7,1903730843
2198,115231176873,173529,115231350402,6,0,0,281088,6,7737004533
2199,115231197424,33671,115231231095,6,0,1,33280,6,2549852893
2200,115231317397,562,115231317959,5,0,0,1024,5,898937726
2201,115231408284,288976,115231697260,5,0,0,512,5,1183620984
2202,115231441147,83866,115231525013,6,0,0,139776,6,3529371364
2203,115231500670,95113,115231595783,7,0,1,6144,7,6920867738
2204,115231568141,102400,115231670541,0,0,1,35328,0,1703131503
2205,115231702465,172495,115231874960,4,0,0,279040,4,85727404
2206,115231798540,78366,115231876906,1,0,0,3072,1,1441754363
2207,115231920565,98692,115232019257,7,0,1,24064,7,9196781401
2208,115232181380,14025,115232195405,1,0,1,32256,1,3052735764
2209,115232195551,1038,115232196589,7,0,0,27136,7,8691985127
2210,115232239017,101188,115232340205,1,0,0,1024,1,4410172729
2211,115232387578,57909,115232445487,1,0,1,36864,1,7703204730
2212,115232394785,102592,115232497377,7,0,1,4608,7,584854983
2213,115232432837,72813,115232505650,1,0,1,14848,1,1820060176
2214,115232458722,52804,115232511526,7,0,0,86016,7,3380056919
2215,115232925401,65452,115232990853,1,0,1,10752,1,9146614356
2216,115233010513,562,115233011075,5,0,0,512,5,6742469026
2217,115233156829,562,115233157391,5,0,0,512,5,6165556863
2218,115233321407,61288,115233382695,4,0,1,7168,4,8126823729
2219,115233405130,78232,115233483362,7,0,1,17408,7,5189832234
2220,115233433918,97350,115233531268,7,0,0,162816,7,4764698127
2221,115233591398,3124,115233594522,1,0,0,9216,1,8890280936
2222,115233963176,562,115233963738,5,0,0,512,5,1704072852
2223,115234319969,5192,115234325161,6,0,0,13312,6,3016215981
2224,115234412514,62824,115234475338,4,0,1,7168,4,5893763890
2225,115234476953,167450,115234644403,4,0,0,275968,4,7150324412
2226,115234666888,1514,115234668402,0,0,1,34304,0,1048757246
2227,115234678965,1038,115234680003,1,0,1,8704,1,10380436646
2228,115234744028,194995,115234939023,1,0,0,1536,1,7938303242
2229,115234792411,185581,115234977992,4,0,0,1024,4,7658353165
2230,115234936957,81887,115235018844,4,0,0,132608,4,9674605698
2231,115234960314,92119,115235052433,9,0,1,9728,9,3396327901
2232,115234972023,92787,115235064810,2,0,1,4096,2,9379034526
2233,115235009288,252868,115235262156,6,0,0,150528,6,10104446925
2234,115235251755,2466,115235254221,5,0,0,2560,5,4612117842
2235,115235254468,1990,115235256458,5,0,0,2048,5,5281327685
2236,115235413938,88360,115235502298,9,0,1,15360,9,7859417882
2237,115235461941,73741,115235535682,7,0,0,123392,7,8198311677
2238,115235560539,64204,115235624743,9,0,1,7168,9,8204373998
2239,115235589802,176261,115235766063,4,0,1,6656,4,7853960078
2240,115235771252,98536,115235869788,4,0,1,23552,4,5783762841
2241,115235883640,55744,115235939384,4,0,1,4096,4,4897190274
2242,115236139341,2942,115236142283,2,0,1,20480,2,7572113439
2243,115236164951,94528,115236259479,6,0,0,3072,6,9348314454
2244,115236273802,1038,115236274840,1,0,0,1024,1,7624627097
2245,115236329480,78988,115236408468,1,0,1,14848,1,10672008710
2246,115236544574,54052,115236598626,2,0,1,3584,2,3168422289
2247,115236626056,54266,115236680322,6,0,0,92160,6,7788775704
2248,115236660660,126604,115236787264,4,0,1,5120,4,8882060803
2249,115236698371,165886,115236864257,7,0,1,26624,7,7181245109
2250,115237202163,50668,115237252831,2,0,1,2560,2,6885790990
2251,115237279999,3124,115237283123,6,0,0,9216,6,6577189687
2252,115237497539,562,115237498101,7,0,1,512,7,4422426586
2253,115237509939,43900,115237553839,5,0,0,512,5,3654424268
2254,115237729599,50668,115237780267,4,0,1,2560,4,5201913064
2255,115237840565,43900,115237884465,7,0,1,512,7,5948459422
2256,115237899489,36859,115237936348,7,0,0,65024,7,8927902938
2257,115238011181,70972,115238082153,0,0,1,8704,0,8619200380
2258,115238230571,59752,115238290323,4,0,1,7168,4,7673851283
2259,115238368590,106180,115238474770,7,0,1,48640,7,3738882628
2260,115238604704,562,115238605266,7,0,1,19456,7,4124258124
2261,115238656786,78856,115238735642,1,0,0,512,1,1325663763
2262,115238859076,64204,115238923280,9,0,1,6656,9,4396819523
2263,115239115710,71152,115239186862,0,0,1,14336,0,4246489966
2264,115239149737,54354,115239204091,7,0,0,89088,7,6712432624
2265,115239158488,46269,115239204757,5,0,0,1024,5,3102382632
2266,115239349121,1514,115239350635,5,0,0,1536,5,7523280360
2267,115239365817,64384,115239430201,7,0,1,12288,7,3949565683
2268,115239366428,63784,115239430212,7,0,0,101888,7,4756151143
2269,115239438882,45592,115239484474,4,0,1,1024,4,6174211188
2270,115239457432,25442,115239482874,4,0,1,1024,4,10420616488
2271,115239539892,10839,115239550731,7,0,0,46080,7,750231819
2272,115239557721,148494,115239706215,1,0,0,5120,1,63582851
2273,115239606818,176190,115239783008,9,0,1,3072,9,3719613913
2274,115239826896,65140,115239892036,7,0,1,9728,7,3133464114
2275,115239847750,55744,115239903494,7,0,1,4096,7,5462534005
2276,115239945319,41128,115239986447,4,0,0,66560,4,6311521808
2277,115239965047,149545,115240114592,9,0,1,26624,9,2999458649
2278,115240344590,78988,115240423578,9,0,1,14848,9,1920781272
2279,115240528668,3418,115240532086,5,0,0,3584,5,7624837422
2280,115240587329,51770,115240639099,6,0,0,83968,6,1195232790
2281,115240599359,106883,115240706242,0,0,1,16384,0,1572302046
2282,115240608636,98057,115240706693,9,0,1,16384,9,5806868446
2283,115240623505,23633,115240647138,3,0,1,5120,3,4643316609
2284,115240714662,146758,115240861420,6,0,0,42496,6,9784602620
2285,115240803183,173114,115240976297,0,0,1,19456,0,7784693114
2286,115240955058,47284,115241002342,9,0,1,1536,9,4450016579
2287,115240996387,48976,115241045363,7,0,1,2048,7,348233946
2288,115241096148,78388,115241174536,9,0,1,17920,9,6166766062
2289,115241433495,44658,115241478153,7,0,0,76800,7,9695093688
2290,115241522941,182635,115241705576,4,0,1,25600,4,4534045204
2291,115241921989,173529,115242095518,7,0,0,281088,7,4938073574
2292,115241955920,74630,115242030550,1,0,1,15872,1,7842520185
2293,115242004363,189791,115242194154,0,0,1,10240,0,10078569544
2294,115242021234,156796,115242178030,5,0,0,512,5,1827532911
2295,115242149498,21395,115242170893,6,0,0,34816,6,3218738600
2296,115242167916,118746,115242286662,9,0,1,28672,9,9270769344
2297,115242200161,142637,115242342798,4,0,1,41984,4,6240627064
2298,115242209342,121478,115242330820,4,0,0,230912,4,2662987749
2299,115242267302,241372,115242508674,1,0,1,11776,1,6870435211
2300,115242268565,267993,115242536558,0,0,1,6144,0,9972898803
2301,115242486065,66364,115242552429,9,0,1,8704,9,1002956434
2302,115242517076,59128,115242576204,2,0,1,5120,2,4190436687
2303,115242597396,65896,115242663292,1,0,1,7168,1,3768444552
2304,115242901750,36859,115242938609,4,0,0,65024,4,5609156884
2305,115242920865,28471,115242949336,7,0,0,43008,7,384144588
2306,115242986203,7702,115242993905,2,0,1,9216,2,374223115
2307,115243133540,173265,115243306805,4,0,0,8192,4,2312095251
2308,115243167557,63187,115243230744,4,0,0,102912,4,5671336195
2309,115243320096,1514,115243321610,0,0,1,2048,0,1866788913
2310,115243348899,48976,115243397875,2,0,0,1536,2,3836506960
2311,115243427115,90700,115243517815,2,0,1,23040,2,3309829613
2312,115243519023,55744,115243574767,4,0,1,4096,4,2796468304
2313,115243533332,47284,115243580616,2,0,1,1536,2,9413006899
2314,115243544709,108052,115243652761,0,0,1,54784,0,4466986869
2315,115243597697,88988,115243686685,4,0,1,2560,4,8722418845
2316,115243719267,3894,115243723161,0,0,1,8192,0,10421671482
2317,115243736612,78684,115243815296,5,0,0,4096,5,501475914
2318,115243837013,562,115243837575,4,0,1,51712,4,9205322523
2319,115243903450,107116,115244010566,5,0,0,512,5,10529534872
2320,115243920037,1038,115243921075,0,0,1,38400,0,6885916730
2321,115243968277,103060,115244071337,5,0,0,1024,5,2402501080
2322,115244220714,70987,115244291701,4,0,0,114688,4,6583966108
2323,115244232042,52545,115244284587,4,0,1,48128,4,7331094580
2324,115244326978,179161,115244506139,5,0,0,85504,5,3634309265
2325,115244441047,70253,115244511300,9,0,1,9728,9,3745500885
2326,115244627503,66076,115244693579,4,0,1,12800,4,1987216691
2327,115244689889,83294,115244773183,9,0,1,16896,9,10149610438
2328,115244755231,146683,115244901914,7,0,0,242176,7,10108110845
2329,115244815178,94059,115244909237,9,0,1,2560,9,5968196821
2330,115244878950,161841,115245040791,0,0,1,9216,0,3294292180
2331,115245066484,69592,115245136076,2,0,1,9216,2,6572343885
2332,115245181175,64984,115245246159,4,0,1,9216,4,6117114296
2333,115245263892,76072,115245339964,4,0,1,15360,4,8884448585
2334,115245264825,107217,115245372042,6,0,0,178688,6,1367823570
2335,115245369437,117196,115245486633,0,0,1,3584,0,1343440380
2336,115245379813,184687,115245564500,0,0,1,12800,0,2701683808
2337,115245381879,35722,115245417601,4,0,0,299520,4,9312963936
2338,115245534710,220156,115245754866,7,0,0,6144,7,1799541219
2339,115245928878,61600,115245990478,1,0,1,8192,1,9302953943
2340,115245949880,73640,115246023520,9,0,1,4608,9,7396226529
2341,115246117690,154054,115246271744,5,0,0,249856,5,2901171253
2342,115246144100,176559,115246320659,2,0,1,19456,2,354958381
2343,115246212175,196104,115246408279,4,0,0,318464,4,5477576024
2344,115246367103,82972,115246450075,9,0,1,12800,9,4058855366
2345,115246428397,24666,115246453063,4,0,0,44544,4,3318403197
2346,115246612238,33587,115246645825,4,0,0,55296,4,3378140799
2347,115246688815,79628,115246768443,4,0,1,6656,4,1819709685
2348,115247098542,48976,115247147518,6,0,1,2048,6,3722526537
2349,115247378977,13766,115247392743,1,0,1,17920,1,5779530858
2350,115247400574,1990,115247402564,6,0,0,26624,6,5979700163
2351,115247444997,78388,115247523385,5,0,0,2048,5,8454548864
2352,115247518351,165988,115247684339,4,0,0,269824,4,3513042004
2353,115247603577,107195,115247710772,4,0,0,93696,4,7012595529
2354,115247610399,148640,115247759039,1,0,1,57344,1,5432518571
2355,115247643483,199856,115247843339,1,0,1,23040,1,6455184738
2356,115247822872,23116,115247845988,6,0,0,41472,6,9663230400
2357,115247943888,162887,115248106775,6,0,0,263680,6,8032091731
2358,115248063932,163326,115248227258,2,0,1,41472,2,4275498978
2359,115248125616,158514,115248284130,2,0,1,15872,2,1420380119
2360,115248274044,101032,115248375076,4,0,1,31744,4,4756570434
2361,115248335520,116032,115248451552,1,0,1,13312,1,793482146
2362,115248365901,85662,115248451563,6,0,0,118784,6,132141722
2363,115248498865,91159,115248590024,6,0,1,512,6,8802105938
2364,115248929785,14113,115248943898,5,0,0,24064,5,8839310374
2365,115249134218,83608,115249217826,4,0,0,139264,4,3249214016
2366,115249244774,23462,115249268236,6,0,0,38912,6,5664803431
2367,115249304886,60820,115249365706,1,0,1,5632,1,9534845767
2368,115249486135,12045,115249498180,6,0,1,15360,6,73059895
2369,115249509291,6484,115249515775,6,0,0,19968,6,10220596533
2370,115249549273,79144,115249628417,4,0,0,15872,4,1324344105
2371,115249591776,104374,115249696150,7,0,0,173056,7,3888120775
2372,115249961056,3900,115249964956,9,0,1,35840,9,3197928824
2373,115249973156,102280,115250075436,6,0,0,10752,6,2018742276
2374,115250452043,84124,115250536167,6,0,0,140288,6,3244194488
2375,115251080594,34363,115251114957,5,0,0,56832,5,3134932379
2376,115251326130,74775,115251400905,4,0,0,125440,4,2538202711
2377,115251544205,104633,115251648838,4,0,0,173568,4,7793908064
2378,115251926265,47284,115251973549,1,0,1,1536,1,1570073723
2379,115251966293,57109,115252023402,4,0,0,97792,4,4953203070
2380,115252164117,124366,115252288483,6,0,0,205312,6,2184877117
2381,115252263676,201952,115252465628,1,0,1,7680,1,2240131519
2382,115252635102,64204,115252699306,4,0,1,6656,4,9940107427
2383,115252677737,60862,115252738599,5,0,0,98304,5,1599028017
2384,115252886986,52360,115252939346,4,0,1,3072,4,8581856553
2385,115252902374,116825,115253019199,5,0,0,194048,5,3706755917
2386,115253055745,123204,115253178949,4,0,1,7680,4,1079138272
2387,115253319430,3900,115253323330,5,0,0,10752,5,348410138
2388,115253438462,76516,115253514978,4,0,1,11776,4,2460477052
2389,115253630703,11529,115253642232,5,0,0,18944,5,4816086616
2390,115253648402,94249,115253742651,6,0,0,156672,6,9818581908
2391,115253804996,66458,115253871454,4,0,0,112640,4,4443058263
2392,115253825216,72057,115253897273,6,0,0,90624,6,70184664
2393,115253872437,95541,115253967978,5,0,0,159232,5,704199857
2394,115253897472,107410,115254004882,6,0,0,119296,6,9504829296
2395,115253995133,16367,115254011500,4,0,0,23552,4,5203631713
2396,115254052643,92012,115254144655,5,0,0,148992,5,1609539426
2397,115254229421,208984,115254438405,7,0,0,343552,7,2757025407
2398,115254279217,200611,115254479828,4,0,0,132608,4,3255354400
2399,115254743051,33587,115254776638,5,0,0,55296,5,7689813772
2400,115254854404,70972,115254925376,4,0,1,8704,4,7035847198
2401,115255054097,1514,115255055611,5,0,0,1536,5,2971805896
2402,115255164299,23374,115255187673,7,0,0,41984,7,590334743
2403,115255232589,31520,115255264109,4,0,0,51200,4,6352790622
2404,115255868435,33241,115255901676,7,0,0,57856,7,7337505534
2405,115256194295,114329,115256308624,5,0,0,185856,5,2225144247
2406,115256674273,65942,115256740215,6,0,0,111616,6,3324745112
2407,115256774545,2466,115256777011,5,0,0,2560,5,8016872630
2408,115257049240,72795,115257122035,6,0,0,118272,6,5292898878
2409,115257537247,93045,115257630292,4,0,0,151040,4,3636767549
2410,115257577244,99297,115257676541,7,0,0,147456,7,10404975745
2411,115257595486,148340,115257743826,4,0,0,191488,4,4644396827
2412,115257793708,90364,115257884072,9,0,1,16896,9,8392704375
2413,115257810230,94232,115257904462,4,0,1,2048,4,1694383996
2414,115258176581,85675,115258262256,5,0,0,143360,5,6438769731
2415,115258645265,94766,115258740031,7,0,0,157696,7,912858980
2416,115258836115,51770,115258887885,5,0,0,83968,5,10481257484
2417,115258949641,102748,115259052389,4,0,1,37376,4,3783934296
2418,115259257785,133287,115259391072,7,0,0,216064,7,4570731548
2419,115259500767,36859,115259537626,5,0,0,65024,5,4974125148
2420,115259569796,121612,115259691408,7,0,0,196608,7,3393449860
2421,115259576955,235672,115259812627,4,0,0,295936,4,2468687954
2422,115260036043,2942,115260038985,6,0,0,3072,6,3194670785
2423,115260983273,1990,115260985263,6,0,0,2048,6,3542950694
2424,115260997871,49132,115261047003,4,0,1,2560,4,3834022238
2425,115261004154,34275,115261038429,4,0,1,17920,4,3223416743
2426,115261041617,84532,115261126149,7,0,0,59904,7,4424182995
2427,115261166700,73571,115261240271,6,0,0,119808,6,9216672939
2428,115261269154,10753,115261279907,6,0,0,17408,6,611005554
2429,115261385499,115104,115261500603,6,0,0,187392,6,5588942102
2430,115261640840,85416,115261726256,5,0,0,142848,5,2442492831
2431,115262005404,5322,115262010726,4,0,0,5632,4,6385407969
2432,115262005493,116263,115262121756,5,0,0,186368,5,4239163760
2433,115262259830,76048,115262335878,4,0,1,10240,4,2337888455
2434,115262535864,97092,115262632956,4,0,0,162304,4,3763626391
2435,115262880737,67588,115262948325,4,0,1,7680,4,8176961569
2436,115263153923,104979,115263258902,7,0,0,171008,7,7687160692
2437,115263294352,152971,115263447323,7,0,1,4096,7,730579721
2438,115263487848,155087,115263642935,7,0,0,251904,7,67776779
2439,115263512846,128934,115263641780,4,0,0,148992,4,9744816375
2440,115263528223,176645,115263704868,7,0,1,12800,7,3388066543
2441,115263699546,104633,115263804179,4,0,0,173568,4,5528421005
2442,115263804450,110403,115263914853,8,0,1,141312,8,2792911772
2443,115263942915,340584,115264283499,4,0,1,6656,4,8638503040
2444,115264032694,112351,115264145045,5,0,0,158720,5,9008714739
2445,115264073499,75881,115264149380,4,0,0,69632,4,2145430927
2446,115264137281,32295,115264169576,8,0,1,225280,8,4589827834
2447,115264212741,44488,115264257229,4,0,0,52736,4,1386581693
2448,115264308815,295078,115264603893,5,0,0,73216,5,10730189735
2449,115264368008,98706,115264466714,5,0,0,56832,5,2412523103
2450,115265128696,45592,115265174288,9,0,1,1024,9,1264748238
2451,115265138756,72064,115265210820,9,0,1,12288,9,8370375381
2452,115265326191,62154,115265388345,7,0,0,100864,7,3747582406
2453,115265573820,5192,115265579012,7,0,0,13312,7,1023250698
2454,115265582947,205712,115265788659,6,0,0,333824,6,5211060816
2455,115265793531,231131,115266024662,4,0,1,20480,4,1156709558
2456,115266282537,4846,115266287383,6,0,0,5120,6,8728602071
2457,115266301863,124454,115266426317,5,0,0,202240,5,9101875278
2458,115266339975,104462,115266444437,8,0,1,271872,8,8678995193
2459,115266387720,61310,115266449030,6,0,0,169984,6,5225302448
2460,115266446732,73999,115266520731,7,0,0,59392,7,5088725195
2461,115266477047,390776,115266867823,9,0,1,15360,9,1787843808
2462,115266505905,349927,115266855832,7,0,0,123904,7,1482039966
2463,115267198421,64204,115267262625,4,0,1,6656,4,6045197865
2464,115267285130,60820,115267345950,8,0,1,5632,8,8255767493
2465,115267373591,3894,115267377485,5,0,0,4096,5,4306901906
2466,115267659457,65896,115267725353,9,0,1,7168,9,4955525481
2467,115267808920,112264,115267921184,9,0,1,68608,9,2443268944
2468,115268093823,35050,115268128873,4,0,0,61440,4,3578647379
2469,115268163964,93570,115268257534,9,0,1,17408,9,317511887
2470,115268523373,4416,115268527789,9,0,1,16384,9,348286172
2471,115268547528,90208,115268637736,6,0,0,11776,6,2430840231
2472,115269065076,76984,115269142060,4,0,1,13312,4,5530815064
2473,115269342158,120376,115269462534,8,0,1,95232,8,7657378959
2474,115269380258,120058,115269500316,2,0,1,21504,2,10261907850
2475,115269771932,82684,115269854616,6,0,1,16896,6,4975025972
2476,115270090560,72664,115270163224,2,0,1,9216,2,9914464321
2477,115270213491,113824,115270327315,8,0,1,73728,8,9477458600
2478,115270289787,144358,115270434145,4,0,0,237568,4,1493057347
2479,115270450528,5322,115270455850,5,0,0,5632,5,2051905390
2480,115270768536,73741,115270842277,4,0,0,123392,4,2274880574
2481,115270887309,14541,115270901850,7,0,0,28160,7,4006924386
2482,115270964621,31520,115270996141,5,0,0,51200,5,2678474274
2483,115271359385,43108,115271402493,7,0,0,73728,7,3456515237
2484,115271720122,99316,115271819438,1,0,1,26112,1,3629727676
2485,115272407376,117412,115272524788,8,0,1,85504,8,5057447388
2486,115272424900,119682,115272544582,2,0,1,8192,2,1575986161
2487,115272817355,60820,115272878175,7,0,1,5632,7,7834629853
2488,115272890170,132770,115273022940,4,0,0,215040,4,4140098277
2489,115272913446,211518,115273124964,8,0,1,16384,8,5717595503
2490,115272932976,269523,115273202499,8,0,1,19456,8,10218890936
2491,115273590706,129580,115273720286,8,0,1,125440,8,9294628539
2492,115273688699,80555,115273769254,2,0,1,2048,2,7780054413
2493,115273720653,50668,115273771321,5,0,1,2560,5,8578832039
2494,115273774746,33241,115273807987,2,0,1,6656,2,2673654638
2495,115273781269,64204,115273845473,4,0,0,57856,4,6421517923
2496,115273924481,75316,115273999797,2,0,1,17920,2,868790286
2497,115273946240,73312,115274019552,7,0,0,119296,7,2070562747
2498,115274008137,134491,115274142628,5,0,1,13312,5,887132666
2499,115274075431,96833,115274172264,5,0,0,161792,5,8740719334
2500,115274092383,354189,115274446572,8,0,1,265728,8,7091705566
2501,115274220459,251560,115274472019,8,0,1,83456,8,8656525575
2502,115274383418,177282,115274560700,8,0,1,74752,8,3305748513
2503,115274515989,64908,115274580897,5,0,0,109568,5,8474901078
2504,115274638450,73741,115274712191,5,0,0,123392,5,9581831245
2505,115274676859,69319,115274746178,5,0,1,1536,5,2173150086
2506,115274707204,184946,115274892150,4,0,0,300032,4,9241984736
2507,115274759125,216565,115274975690,8,0,1,138752,8,10683655814
2508,115274786745,294417,115275081162,8,0,1,42496,8,7197884674
2509,115274794690,334547,115275129237,2,0,1,16384,2,8592594912
2510,115275385514,42937,115275428451,5,0,0,70144,5,6141286555
2511,115275775072,81280,115275856352,2,0,1,12288,2,1733668127
2512,115275920178,62512,115275982690,5,0,1,6144,5,103685938
2513,115275978177,101344,115276079521,7,0,1,32768,7,1064348550
2514,115276143954,23462,115276167416,8,0,1,9728,8,6062167094
2515,115276177147,63604,115276240751,5,0,0,38912,5,8674534981
2516,115276280235,107734,115276387969,7,0,0,179712,7,6548869102
2517,115276303887,136303,115276440190,6,0,0,174592,6,870090433
2518,115276535630,56333,115276591963,8,0,1,269312,8,1178732255
2519,115276674520,290786,115276965306,4,0,0,96256,4,4729323573
2520,115277064342,43454,115277107796,6,0,0,71168,6,5471337365
2521,115277129030,93592,115277222622,4,0,1,17408,4,600042364
2522,115277166482,115533,115277282015,8,0,1,119808,8,7365893234
2523,115277182172,196929,115277379101,4,0,0,191488,4,6801630099
2524,115277523813,30745,115277554558,5,0,0,49664,5,4869506465
2525,115277586606,72832,115277659438,2,0,1,8704,2,9001802209
2526,115277631835,84471,115277716306,6,0,0,137728,6,8786727803
2527,115277835871,71245,115277907116,5,0,0,115200,5,6423269735
2528,115277887252,20530,115277907782,6,0,0,11264,6,691324633
2529,115277999516,53837,115278053353,4,0,0,88064,4,4089421753
2530,115278029197,35088,115278064285,6,0,0,35840,6,2699747754
2531,115278047639,7702,115278055341,7,0,1,36864,7,10176505948
2532,115278120509,102592,115278223101,6,0,0,8192,6,4253760912
2533,115278133196,54354,115278187550,4,0,1,14848,4,920188376
2534,115278213149,139198,115278352347,6,0,0,89088,6,3913226782
2535,115278254365,18040,115278272405,5,0,0,7680,5,2446996532
2536,115278276786,212737,115278489523,6,0,0,344064,6,3818853601
2537,115278431161,220672,115278651833,7,0,1,24576,7,8714355548
2538,115278746186,289660,115279035846,8,0,1,328192,8,10151352142
2539,115279008060,131462,115279139522,7,0,1,40448,7,4973781696
2540,115279129091,107711,115279236802,5,0,1,19456,5,200163038
2541,115279149786,133876,115279283662,7,0,1,22016,7,950382547
2542,115279356765,12045,115279368810,2,0,1,3072,2,7020378542
2543,115279380794,52360,115279433154,5,0,0,19968,5,2699357241
2544,115279423313,32812,115279456125,6,0,0,53760,6,5974469775
2545,115280244833,43883,115280288716,7,0,0,75264,7,3256503856
2546,115280245250,64050,115280309300,4,0,0,65536,4,5537540513
2547,115280264926,46640,115280311566,4,0,0,3584,4,6280347452
2548,115280424779,103429,115280528208,6,0,0,167936,6,3600117854
2549,115280693442,115104,115280808546,7,0,0,187392,7,6443778195
2550,115280770653,76583,115280847236,7,0,0,129024,7,1286897721
2551,115281030581,67588,115281098169,9,0,1,7680,9,7120947777
2552,115281099483,107882,115281207365,9,0,1,23040,9,9624893104
2553,115281250956,42162,115281293118,7,0,1,26624,7,676203051
2554,115281280428,97936,115281378364,5,0,0,68608,5,8421074224
2555,115281385038,3383,115281388421,4,0,0,9728,4,6471997267
2556,115281389897,22687,115281412584,4,0,0,37376,4,5360195360
2557,115281482534,95678,115281578212,7,0,1,11776,7,2613270002
2558,115281532725,61120,115281593845,6,0,0,98816,6,7786248516
2559,115281632576,387704,115282020280,5,0,0,628224,5,4888710139
2560,115281656049,431012,115282087061,6,0,0,212992,6,5563151584
2561,115281883161,445354,115282328515,7,0,0,715776,7,4161283719
2562,115281958006,382158,115282340164,7,0,0,39424,7,2727974010
2563,115282055156,206482,115282261638,2,0,1,18944,2,4708493693
2564,115282097034,182124,115282279158,2,0,1,55808,2,5954649565
2565,115282136268,294139,115282430407,4,0,0,4096,4,698776947
2566,115282181414,43366,115282224780,4,0,0,74752,4,621954564
2567,115282262022,427942,115282689964,7,0,1,2048,7,9109558212
2568,115282391195,338251,115282729446,5,0,0,74240,5,6256354471
2569,115282711597,21137,115282732734,6,0,0,34304,6,5764970914
2570,115282773278,6750,115282780028,4,0,0,7168,4,7454934423
2571,115282795929,175249,115282971178,4,0,0,287744,4,1458251099
2572,115282874848,208030,115283082878,5,0,1,4608,5,10404114231
2573,115283845735,91276,115283937011,7,0,1,14848,7,8625552798
2574,115283990930,97600,115284088530,7,0,1,20480,7,5951821591
2575,115284119233,24150,115284143383,4,0,0,43520,4,4319499594
2576,115284338020,45692,115284383712,4,0,0,78848,4,3406632773
2577,115284396037,74516,115284470553,2,0,1,1024,2,7087425586
2578,115284462034,221020,115284683054,4,0,0,124928,4,3562249088
2579,115285028204,40870,115285069074,5,0,0,66048,5,4522906965
2580,115285083895,84471,115285168366,9,0,1,7680,9,41657969
2581,115285145951,99103,115285245054,6,0,0,137728,6,676486790
2582,115285193921,232881,115285426802,7,0,1,3584,7,9816256453
2583,115285671644,10495,115285682139,5,0,0,16896,5,6566553134
2584,115285736715,164050,115285900765,2,0,1,30208,2,6886044169
2585,115285902985,55744,115285958729,5,0,1,4096,5,4185563463
2586,115285957687,32554,115285990241,6,0,0,51200,6,7241826326
2587,115286089867,106960,115286196827,8,0,1,51200,8,4511436971
2588,115286299698,82145,115286381843,6,0,0,133120,6,9516270239
2589,115286323973,118166,115286442139,5,0,1,3072,5,10430390530
2590,115286478587,54613,115286533200,7,0,0,89600,7,2937806767
2591,115286564656,91237,115286655893,5,0,0,147456,5,3049102933
2592,115286629532,30227,115286659759,6,0,0,6144,6,8803430490
2593,115286689624,31779,115286721403,4,0,0,51712,4,8112628904
2594,115286891962,65296,115286957258,9,0,1,10240,9,5110564951
2595,115286974944,47284,115287022228,4,0,1,1536,4,10048611701
2596,115287004067,76583,115287080650,6,0,0,129024,6,3451138044
2597,115287031359,161637,115287192996,4,0,1,28672,4,6303930535
2598,115287071871,159615,115287231486,9,0,1,7680,9,3170957632
2599,115287326244,51292,115287377536,2,0,1,4608,2,5307416954
2600,115287509898,14025,115287523923,7,0,0,27136,7,466497441
2601,115287575834,162628,115287738462,6,0,0,263168,6,6405730617
2602,115287666810,158833,115287825643,7,0,1,8192,7,6840312380
2603,115287726499,255986,115287982485,9,0,1,11264,9,3678048043
2604,115287886306,42420,115287928726,4,0,0,69120,4,2777385804
2605,115287915285,129830,115288045115,5,0,1,19968,5,9368632431
2606,115288083623,11787,115288095410,6,0,0,19456,6,2507841836
2607,115288335110,52516,115288387626,7,0,1,3584,7,10385723578
2608,115288499559,71776,115288571335,5,0,1,16384,5,1371967376
2609,115288547036,168484,115288715520,6,0,0,278016,6,4710818535
2610,115288921037,123937,115289044974,6,0,0,201216,6,4715459827
2611,115289302410,166933,115289469343,7,0,0,274944,7,4727796492
2612,115289438751,46555,115289485306,7,0,0,51712,7,7930811426
2613,115289482142,159244,115289641386,2,0,1,21504,2,1076077274
2614,115289508788,131877,115289640665,7,0,1,12288,7,9505331745
2615,115289561235,222832,115289784067,2,0,1,6656,2,3208448838
2616,115289582462,55558,115289638020,5,0,1,24064,5,7462780603
2617,115289657801,206441,115289864242,2,0,1,46080,2,3510280599
2618,115289661324,175462,115289836786,5,0,0,94720,5,8680810106
2619,115289708061,176701,115289884762,8,0,1,36352,8,8174082151
2620,115289880132,53598,115289933730,4,0,1,2048,4,5503676804
2621,115289965535,42162,115290007697,6,0,0,68608,6,9825407969
2622,115290114096,5192,115290119288,4,0,1,3072,4,3561333188
2623,115290122996,52360,115290175356,9,0,1,2048,9,7637011301
2624,115290151179,48976,115290200155,6,0,0,13312,6,5889650779
2625,115290365609,47284,115290412893,4,0,1,1536,4,2271027587
2626,115290432674,133029,115290565703,4,0,0,215552,4,509029651
2627,115290824210,44056,115290868266,7,0,1,3072,7,6684872274
2628,115290827336,52360,115290879696,5,0,1,10240,5,1944183949
2629,115290829660,76836,115290906496,5,0,1,1024,5,4284027133
2630,115290883585,50668,115290934253,4,0,1,2560,4,10068865612
2631,115291042201,15317,115291057518,4,0,0,29696,4,10594644103
2632,115291234363,100720,115291335083,5,0,1,30720,5,6957225930
2633,115291297203,59168,115291356371,7,0,1,2560,7,5192757936
2634,115291300477,94192,115291394669,4,0,1,6144,4,626950303
2635,115291461798,65896,115291527694,4,0,1,7168,4,227209799
2636,115291542387,45592,115291587979,4,0,1,1024,4,2491918487
2637,115291706147,135613,115291841760,7,0,0,220672,7,5258676832
2638,115291890999,162392,115292053391,4,0,1,5120,4,8838856748
2639,115291922739,395684,115292318423,7,0,0,914432,7,6164469180
2640,115292028295,562067,115292590362,5,0,1,512,5,4938525220
2641,115292058176,442490,115292500666,4,0,0,51200,4,7355533553
2642,115292428065,113717,115292541782,4,0,0,131072,4,1096715360
2643,115292537214,94211,115292631425,5,0,1,12288,5,3641206815
2644,115292546010,15058,115292561068,4,0,1,10752,4,9070066341
2645,115292644453,245579,115292890032,4,0,1,49152,4,3242155397
2646,115292691508,73495,115292765003,6,0,0,29184,6,8158791507
2647,115292715249,83608,115292798857,2,0,1,3584,2,3918902600
2648,115292762865,94223,115292857088,4,0,0,139264,4,2874339783
2649,115292763694,248378,115293012072,5,0,0,46592,5,6473909639
2650,115292763831,23017,115292786848,5,0,1,28160,5,544628769
2651,115292886156,174809,115293060965,7,0,0,31744,7,7618659261
2652,115292986696,102525,115293089221,4,0,1,26624,4,579797690
2653,115293182379,439275,115293621654,4,0,0,715264,4,204376479
2654,115293363499,243924,115293607423,6,0,0,66048,6,2922690170
2655,115293382755,278841,115293661596,2,0,1,12800,2,9067952507
2656,115293672720,16092,115293688812,7,0,0,31232,7,7909522202
2657,115293708182,1514,115293709696,4,0,0,1536,4,7528790783
2658,115293718597,180135,115293898732,4,0,1,8192,4,267595188
2659,115293896100,65764,115293961864,7,0,1,11776,7,6676302448
2660,115293983207,2942,115293986149,5,0,0,3072,5,3125637954
2661,115294102197,47284,115294149481,4,0,1,1536,4,2458387515
2662,115294276104,43900,115294320004,9,0,1,512,9,9273732557
2663,115294351809,85312,115294437121,7,0,1,20480,7,9541876460
2664,115294439589,65896,115294505485,7,0,1,7168,7,2874690670
2665,115294746352,83437,115294829789,4,0,0,135680,4,4777053349
2666,115294913969,76228,115294990197,3,0,1,15872,3,8540134960
2667,115294956381,118584,115295074965,7,0,1,29696,7,8697542421
2668,115295070374,68787,115295139161,2,0,1,6656,2,10092783854
2669,115295103025,96430,115295199455,7,0,1,16896,7,3479316405
2670,115295237163,14541,115295251704,4,0,0,28160,4,4055637383
2671,115295271337,104204,115295375541,4,0,0,169472,4,3533648259
2672,115295285662,93745,115295379407,6,0,0,6144,6,5072884584
2673,115295289862,60511,115295350373,5,0,1,9728,5,7863732571
2674,115295329726,153916,115295483642,5,0,0,35328,5,6948142744
2675,115295610907,55041,115295665948,6,0,0,93696,6,4149558549
2676,115295767334,21137,115295788471,4,0,0,34304,4,8348757865
2677,115295788020,43366,115295831386,4,0,0,74240,4,1537589025
2678,115295798043,46646,115295844689,4,0,1,3584,4,3911192976
2679,115295808217,94498,115295902715,5,0,0,75776,5,8951321972
2680,115295857200,217650,115296074850,3,0,1,20480,3,9184347268
2681,115295898897,217359,115296116256,4,0,1,64512,4,669290503
2682,115296014112,100062,115296114174,3,0,1,14848,3,4851795641
2683,115296078228,179332,115296257560,7,0,1,19968,7,7462313177
2684,115296246994,267238,115296514232,7,0,0,433664,7,4118673074
2685,115296315697,53491,115296369188,5,0,1,512,5,9211323001
2686,115296508799,43993,115296552792,4,0,0,90624,4,1244389431
2687,115296524506,256850,115296781356,4,0,0,21504,4,5627999322
2688,115296575020,23979,115296598999,5,0,0,39936,5,2737174134
2689,115296704879,182544,115296887423,4,0,1,3072,4,6458362987
2690,115296939568,106336,115297045904,7,0,1,49152,7,725504458
2691,115296970900,76419,115297047319,7,0,1,4608,7,10544254798
2692,115297220249,22946,115297243195,7,0,0,37888,7,6696282709
2693,115297533301,70972,115297604273,2,0,1,8704,2,2581306368
2694,115297760889,65296,115297826185,2,0,1,10240,2,7251900400
2695,115297801619,56828,115297858447,5,0,1,4096,5,5869163411
2696,115297821514,50824,115297872338,5,0,1,3072,5,4009377945
2697,115297925788,69280,115297995068,2,0,1,8192,2,6372069638
2698,115298134481,47284,115298181765,3,0,1,1536,3,3677451059
2699,115298514976,3383,115298518359,7,0,0,9728,7,6901181075
2700,115298523268,63604,115298586872,4,0,1,9728,4,5605423159
2701,115298639953,51512,115298691465,6,0,0,83456,6,6761240760
2702,115298670690,93304,115298763994,4,0,0,151552,4,1659964673
2703,115298698050,36083,115298734133,4,0,1,1536,4,886181652
2704,115298860255,213649,115299073904,7,0,0,63488,7,9073212580
2705,115298923626,105666,115299029292,4,0,0,175616,4,8357122314
2706,115298973752,77660,115299051412,6,0,0,73216,6,5939020448
2707,115298978838,120359,115299099197,5,0,0,163328,5,4017818400
2708,115299150492,32037,115299182529,3,0,1,11264,3,8688097932
2709,115299159449,86967,115299246416,4,0,0,52224,4,5048618690
2710,115299177360,86116,115299263476,9,0,1,4096,9,7599034906
2711,115299183262,176657,115299359919,4,0,0,145920,4,7277407083
2712,115299187481,195094,115299382575,2,0,1,1024,2,7203523152
2713,115299215714,158256,115299373970,4,0,0,241152,4,7968159081
2714,115299335010,165240,115299500250,4,0,1,6656,4,1865870696
2715,115299462016,61120,115299523136,5,0,0,98816,5,10144850958
2716,115299666472,94430,115299760902,7,0,1,6144,7,2096435241
2717,115299836795,121675,115299958470,7,0,1,15360,7,8335269041
2718,115299925637,114846,115300040483,4,0,0,186880,4,6666299528
2719,115300043724,179500,115300223224,9,0,1,8192,9,6888049697
2720,115300307586,43900,115300351486,9,0,1,512,9,8643165976
2721,115300317854,47284,115300365138,9,0,1,1536,9,2864777089
2722,115300350648,21912,115300372560,7,0,1,75776,7,1284033070
2723,115300366350,115078,115300481428,6,0,0,35840,6,563146829
2724,115300432585,59128,115300491713,7,0,1,5120,7,9319770781
2725,115300445131,12733,115300457864,4,0,1,33280,4,1507393030
2726,115300472027,122087,115300594114,2,0,1,21504,2,594591427
2727,115300488965,101754,115300590719,7,0,0,24576,7,8704982824
2728,115300916412,75136,115300991548,3,0,1,12288,3,5909671723
2729,115300986480,72020,115301058500,6,0,0,116736,6,6118755742
2730,115301001024,139879,115301140903,7,0,1,8192,7,7615654168
2731,115301024306,181297,115301205603,4,0,1,1536,4,723999469
2732,115301037558,194547,115301232105,5,0,1,47616,5,431304972
2733,115301259648,75291,115301334939,4,0,0,126464,4,6864507328
2734,115301259756,194125,115301453881,7,0,1,48640,7,5742998479
2735,115301284831,117850,115301402681,3,0,1,8704,3,3281390763
2736,115301385379,240982,115301626361,9,0,1,23552,9,7881833878
2737,115301503246,50668,115301553914,5,0,1,2560,5,5019301576
2738,115301573266,76048,115301649314,2,0,1,10240,2,8377520995
2739,115301669443,52287,115301721730,7,0,0,84992,7,1860360143
2740,115301726392,124971,115301851363,4,0,0,203264,4,343195953
2741,115301748203,182419,115301930622,3,0,1,10752,3,2504624598
2742,115302041105,74775,115302115880,6,0,0,125440,6,2597565497
2743,115302257515,70216,115302327731,7,0,1,11264,7,10364325461
2744,115302388593,78388,115302466981,5,0,1,17920,5,1514480305
2745,115302486073,104891,115302590964,4,0,0,174080,4,610710116
2746,115302523728,93377,115302617105,4,0,1,37888,4,3564100614
2747,115302544077,266462,115302810539,3,0,1,1536,3,3165246016
2748,115302551252,216054,115302767306,6,0,0,432128,6,8455135713
2749,115302604246,399887,115303004133,5,0,0,4096,5,9079023296
2750,115302959018,20362,115302979380,4,0,0,32768,4,1813165854
2751,115303031703,102395,115303134098,7,0,0,165888,7,4635817953
2752,115303134781,106749,115303241530,2,0,1,18944,2,10306091390
2753,115303216643,52360,115303269003,7,0,1,3072,7,10042756188
2754,115303310937,98692,115303409629,4,0,1,24064,4,8183563260
2755,115303398662,14800,115303413462,5,0,0,28672,5,1192209081
2756,115303436533,136038,115303572571,3,0,1,3584,3,5713911967
2757,115303570606,72688,115303643294,4,0,1,14336,4,2296596078
2758,115303614067,4158,115303618225,7,0,1,39424,7,1826335262
2759,115303680387,128179,115303808566,5,0,0,11264,5,4818836689
2760,115303690202,88956,115303779158,2,0,1,2048,2,352933334
2761,115303716365,125916,115303842281,9,0,1,9216,9,792112014
2762,115303719046,157369,115303876415,5,0,0,208384,5,2451325105
2763,115303741990,259717,115304001707,5,0,1,11776,5,1731188599
2764,115303862769,243553,115304106322,3,0,1,37888,3,8354185723
2765,115304018843,87490,115304106333,5,0,0,128512,5,5209200814
2766,115304076501,203904,115304280405,7,0,0,330240,7,6703415666
2767,115304114596,308802,115304423398,6,0,0,399360,6,7291344337
2768,115304181958,45578,115304227536,5,0,1,17920,5,4539471599
2769,115304383619,255689,115304639308,7,0,0,27648,7,9182659334
2770,115304784909,125229,115304910138,5,0,0,203776,5,4055707753
2771,115304897356,2942,115304900298,4,0,1,11776,4,5354922232
2772,115305064772,192935,115305257707,4,0,0,3072,4,10142922860
2773,115305127750,83620,115305211370,9,0,1,19968,9,3503684168
2774,115305172822,81388,115305254210,5,0,1,2048,5,3142887180
2775,115305399702,60064,115305459766,4,0,1,8192,4,4405273972
2776,115305462908,23633,115305486541,5,0,1,7168,5,2259895263
2777,115305473622,65896,115305539518,4,0,0,42496,4,5974470864
2778,115305665388,89476,115305754864,9,0,1,24064,9,6202078275
2779,115305789515,113668,115305903183,5,0,1,73216,5,9453804776
2780,115305848514,54680,115305903194,7,0,0,57856,7,6858400768
2781,115305919382,135525,115306054907,6,0,0,223744,6,5443737425
2782,115305941331,156228,115306097559,7,0,0,146944,7,3263641010
2783,115306021101,76804,115306097905,2,0,0,512,2,3182166916
2784,115306058053,32812,115306090865,7,0,1,11264,7,5915579904
2785,115306178845,179326,115306358171,5,0,0,53760,5,1356446535
2786,115306228198,6750,115306234948,7,0,1,34816,7,10246971051
2787,115306287257,185295,115306472552,7,0,0,7168,7,5315017877
2788,115306360463,106574,115306467037,4,0,1,6656,4,3059231570
2789,115306555164,187958,115306743122,4,0,0,309248,4,4611104055
2790,115306577890,222892,115306800782,4,0,1,3072,4,1717689800
2791,115306838754,194983,115307033737,6,0,0,319488,6,2199078920
2792,115306963379,113983,115307077362,5,0,1,16896,5,1327110449
2793,115307064120,299931,115307364051,6,0,0,188416,6,5677658451
2794,115307194175,116792,115307310967,4,0,1,12800,4,3565430792
2795,115307210432,113568,115307324000,3,0,1,13312,3,9952756252
2796,115307345763,1990,115307347753,7,0,0,2048,7,6434386503
2797,115307742461,66832,115307809293,5,0,1,10240,5,1582165586
2798,115307744063,125512,115307869575,7,0,1,50688,7,9480124907
2799,115307761519,111343,115307872862,5,0,1,10752,5,551220706
2800,115307946012,11012,115307957024,6,0,0,17920,6,3008216896
2801,115308251338,5798,115308257136,7,0,0,6144,7,7652020074
2802,115308321811,33758,115308355569,4,0,0,58880,4,5197407708
2803,115308339138,85178,115308424316,5,0,1,11776,5,10624244669
2804,115308478766,51512,115308530278,4,0,0,83456,4,8003576424
2805,115308627351,42937,115308670288,4,0,0,70144,4,4612271782
2806,115308896450,5322,115308901772,4,0,0,5632,4,329813829
2807,115309006774,54613,115309061387,4,0,0,89600,4,5888231469
2808,115309078092,70972,115309149064,4,0,1,8704,4,8729986795
2809,115309290707,207433,115309498140,5,0,0,340480,5,597543434
2810,115309314542,256843,115309571385,5,0,0,236032,5,10208485508
2811,115309342473,5626,115309348099,4,0,1,39424,4,2403639069
2812,115309436702,254380,115309691082,7,0,1,19456,7,8639011347
2813,115309566105,86312,115309652417,7,0,0,512,7,4864499509
2814,115309630450,417947,115310048397,5,0,1,512,5,10498588142
2815,115309838414,23891,115309862305,6,0,0,43008,6,8213729130
2816,115309971188,56056,115310027244,3,0,1,5120,3,1798445464
2817,115310129626,1038,115310130664,9,0,1,40960,9,6861864213
2818,115310183215,103840,115310287055,7,0,0,1024,7,7010754749
2819,115310207097,106336,115310313433,3,0,1,49152,3,9512981821
2820,115310255060,59632,115310314692,9,0,1,4096,9,243357346
2821,115310599674,65920,115310665594,3,0,1,16896,3,7371401306
2822,115310601635,95397,115310697032,9,0,1,12288,9,986445619
2823,115310778993,50668,115310829661,4,0,1,2560,4,6205700805
2824,115311535816,22858,115311558674,4,0,0,40960,4,1699405422
2825,115312006571,1990,115312008561,7,0,0,2048,7,7612814031
2826,115312366640,41128,115312407768,4,0,0,66560,4,3531193183
2827,115312478546,24238,115312502784,4,0,0,40448,4,7450490751
2828,115312523874,1514,115312525388,7,0,0,1536,7,10383839498
2829,115312588506,53491,115312641997,4,0,0,90624,4,2556504151
2830,115312593001,123954,115312716955,5,0,1,9728,5,6269404409
2831,115312664690,152451,115312817141,3,0,1,9216,3,1849303516
2832,115312778297,88488,115312866785,3,0,1,15872,3,4434493609
2833,115312836614,78856,115312915470,5,0,1,19456,5,4618494922
2834,115312921684,50668,115312972352,3,0,1,2560,3,9196197108
2835,115312931841,48976,115312980817,3,0,1,2048,3,4205284496
2836,115313034245,83954,115313118199,4,0,0,136704,4,1370269319
2837,115313178629,562,115313179191,7,0,0,512,7,6577419714
2838,115313799986,6484,115313806470,5,0,0,15872,5,2788992325
2839,115314417768,562,115314418330,7,0,0,512,7,1336481589
2840,115314429403,144478,115314573881,9,0,1,3584,9,2730544171
2841,115314551676,75550,115314627226,6,0,0,126976,6,3586079209
2842,115314554897,72995,115314627892,7,0,0,1024,7,6310185208
2843,115314625934,104462,115314730396,5,0,0,169984,5,1862110990
2844,115314778372,85675,115314864047,5,0,0,143360,5,2250670361
2845,115314819706,50242,115314869948,4,0,0,19968,4,3858203011
2846,115314994675,106643,115315101318,3,0,1,1536,3,3882520505
2847,115315152795,100408,115315253203,9,0,1,29696,9,5176413541
2848,115315258550,45592,115315304142,5,0,1,49664,5,10320988472
2849,115315294381,106492,115315400873,3,0,1,1024,3,1485162661
2850,115315498024,1038,115315499062,5,0,1,27136,5,5381355230
2851,115315560980,99628,115315660608,7,0,0,1024,7,1292506331
2852,115315614897,562,115315615459,7,0,0,512,7,2777073681
2853,115315710993,6750,115315717743,4,0,1,23552,4,224581826
2854,115315751736,15575,115315767311,6,0,0,7168,6,6464123650
2855,115315771956,95464,115315867420,4,0,0,30208,4,1037435670
2856,115315845854,2466,115315848320,2,0,0,2560,2,3665456234
2857,115315866616,562,115315867178,7,0,0,512,7,3460225131
2858,115315957138,215837,115316172975,4,0,0,350208,4,5321816678
2859,115316050036,68789,115316118825,3,0,1,2560,3,17885394
2860,115316109678,64133,115316173811,5,0,0,26112,5,5429141854
2861,115316178190,262534,115316440724,5,0,0,108032,5,9315778415
2862,115316252849,245980,115316498829,9,0,1,46592,9,2391195234
2863,115316578250,1038,115316579288,7,0,0,1024,7,2098644572
2864,115316673379,61600,115316734979,0,0,1,8192,0,7735869720
2865,115316765684,1990,115316767674,7,0,0,2048,7,5220002351
2866,115317079512,52360,115317131872,0,0,1,3072,0,10549671452
2867,115317153730,3124,115317156854,6,0,0,9216,6,6292762791
2868,115317205103,15317,115317220420,4,0,0,29696,4,4616467725
2869,115317248919,15575,115317264494,4,0,0,30208,4,183606665
2870,115317265984,74087,115317340071,5,0,0,120832,5,10112101904
2871,115317314890,170965,115317485855,5,0,1,3072,5,656011707
2872,115317408153,97444,115317505597,9,0,1,19968,9,5667208252
2873,115317447745,85933,115317533678,5,0,0,143872,5,5568843191
2874,115317501696,116990,115317618686,3,0,1,10240,3,1514871620
2875,115317579429,48976,115317628405,5,0,1,2048,5,9059523429
2876,115317676288,48976,115317725264,5,0,1,2048,5,7959593073
2877,115317738105,48976,115317787081,4,0,1,2048,4,1918358912
2878,115317885571,7226,115317892797,0,0,1,10240,0,1872194063
2879,115317899942,71440,115317971382,7,0,0,7680,7,3053595026
2880,115318462497,65896,115318528393,0,0,1,7168,0,10288015370
2881,115318493192,43900,115318537092,3,0,1,512,3,9767935639
2882,115318519469,109144,115318628613,5,0,1,58368,5,4370073404
2883,115318691625,95440,115318787065,5,0,1,18432,5,2023272026
2884,115318878783,70060,115318948843,9,0,1,10752,9,2849947034
2885,115318998704,1514,115319000218,5,0,0,1536,5,1406267600
2886,115319065082,104776,115319169858,5,0,1,44032,5,7668589157
2887,115319163418,105280,115319268698,9,0,1,24576,9,1489674103
2888,115319211387,54052,115319265439,4,0,1,8192,4,8399981867
2889,115319230581,98741,115319329322,3,0,1,3584,3,92265897
2890,115319354075,2466,115319356541,7,0,0,2560,7,9453413398
2891,115319361822,51594,115319413416,9,0,1,2048,9,3621416728
2892,115319403779,175508,115319579287,5,0,0,288256,5,4284966650
2893,115319412734,78979,115319491713,3,0,1,10240,3,9092610441
2894,115319466088,182960,115319649048,9,0,1,17920,9,2404287541
2895,115319495868,3309,115319499177,9,0,1,16384,9,1506162783
2896,115319500974,210621,115319711595,7,0,0,11264,7,5605311754
2897,115319592939,189589,115319782528,7,0,0,512,7,10016430643
2898,115319824991,45592,115319870583,5,0,1,1024,5,10229885581
2899,115320289223,54354,115320343577,6,0,0,89088,6,9162097191
2900,115320373338,49236,115320422574,0,0,1,1024,0,8460924189
2901,115320468344,4416,115320472760,5,0,0,11776,5,6866735549
2902,115320487574,142637,115320630211,4,0,0,230912,4,3939046538
2903,115320488704,210048,115320698752,0,0,1,8704,0,1533649727
2904,115320654906,2466,115320657372,9,0,1,512,9,5039434434
2905,115320655070,96445,115320751515,9,0,1,31232,9,8429257948
2906,115320717924,1514,115320719438,7,0,0,2560,7,9982012228
2907,115320738998,50668,115320789666,9,0,1,2560,9,10270417129
2908,115320775595,4370,115320779965,7,0,0,1536,7,8258111716
2909,115320787110,202770,115320989880,7,0,0,4608,7,4365635845
2910,115321090102,47284,115321137386,9,0,1,1536,9,7525253076
2911,115321309544,98068,115321407612,9,0,1,22016,9,4731060666
2912,115321316014,95665,115321411679,9,0,1,13312,9,3987377889
2913,115321716995,22946,115321739941,6,0,0,37888,6,3924900705
2914,115321841397,55744,115321897141,3,0,1,4096,3,9662727686
2915,115321882340,55744,115321938084,0,0,1,4096,0,3365906262
2916,115321921407,50668,115321972075,4,0,1,2560,4,8519862588
2917,115322046514,14283,115322060797,4,0,0,27648,4,5973473204
2918,115322218270,1514,115322219784,7,0,0,1536,7,6672563855
2919,115322326825,13337,115322340162,3,0,1,24576,3,875610868
2920,115322328914,137012,115322465926,4,0,0,22528,4,9534217719
2921,115322444510,63616,115322508126,4,0,0,107008,4,1131177373
2922,115322477134,31658,115322508792,7,0,0,1024,7,3861999593
2923,115322691950,6274,115322698224,4,0,0,6656,4,5663505039
2924,115322699974,52360,115322752334,9,0,1,3072,9,6095999223
2925,115322786456,1990,115322788446,1,0,0,2048,1,8505380332
2926,115322823954,51770,115322875724,5,0,0,83968,5,8233644051
2927,115322903533,76828,115322980361,7,0,1,12800,7,9359657736
2928,115322993506,101311,115323094817,9,0,1,13312,9,7457738630
2929,115323255381,50824,115323306205,4,0,1,3072,4,8183884155
2930,115323289302,40612,115323329914,6,0,0,65536,6,4810918508
2931,115323354219,152245,115323506464,6,0,0,246272,6,5090719345
2932,115323418593,109991,115323528584,6,0,0,73216,6,1506160507
2933,115323513961,17849,115323531810,7,0,0,5120,7,4724916313
2934,115323541096,52545,115323593641,5,0,0,85504,5,9663765237
2935,115323582331,135346,115323717677,4,0,1,26624,4,8896816601
2936,115323908921,72532,115323981453,3,0,1,13824,3,2256379253
2937,115323957197,63892,115324021089,0,0,1,512,0,7717714023
2938,115323983086,93562,115324076648,6,0,0,152064,6,5500910342
2939,115324073671,4923,115324078594,1,0,0,3072,1,9051486123
2940,115324074224,6316,115324080540,7,0,0,3072,7,9258807181
2941,115324124593,82816,115324207409,3,0,1,12288,3,641067845
2942,115324214971,123679,115324338650,6,0,0,200704,6,8044606519
2943,115324516462,72220,115324588682,1,0,1,12800,1,3797162798
2944,115324540630,87994,115324628624,7,0,1,6656,7,3538156846
2945,115324677702,5450,115324683152,7,0,0,13824,7,9176933370
2946,115324774296,562,115324774858,1,0,0,512,1,6441559708
2947,115324806580,562,115324807142,7,0,0,512,7,4672756463
2948,115324823930,30487,115324854417,6,0,0,49152,6,5418086202
2949,115324993690,1990,115324995680,4,0,1,4096,4,6054923554
2950,115324996737,1038,115324997775,4,0,0,2048,4,7136970220
2951,115325018393,55744,115325074137,1,0,0,1024,1,8095378370
2952,115325060865,98224,115325159089,4,0,1,22528,4,4342461395
2953,115325113368,54096,115325167464,6,0,0,88576,6,863920166
2954,115325194375,5708,115325200083,5,0,0,14336,5,429116182
2955,115325505997,52804,115325558801,5,0,0,86016,5,3048595315
2956,115325558382,765,115325559147,7,0,0,512,7,9773347480
2957,115325599511,97989,115325697500,0,0,1,23552,0,8426925119
2958,115326020410,101500,115326121910,9,0,1,33280,9,1192797823
2959,115326319177,21395,115326340572,6,0,0,34816,6,6322442974
2960,115326473434,97609,115326571043,4,0,0,163328,4,9376897112
2961,115326533893,37509,115326571402,6,0,0,9728,6,6928555575
2962,115326700124,120644,115326820768,4,0,1,23552,4,8915766615
2963,115326880119,2466,115326882585,7,0,1,6656,7,7136743920
2964,115326889182,64204,115326953386,1,0,0,2560,1,6744649427
2965,115326985042,55900,115327040942,5,0,1,4608,5,5618327197
2966,115327063010,87160,115327150170,7,0,1,21504,7,6532904044
2967,115327105190,61678,115327166868,3,0,1,4608,3,4480230513
2968,115327192549,238325,115327430874,6,0,0,390656,6,5496406111
2969,115327333533,118139,115327451672,4,0,1,6144,4,3802503188
2970,115327338759,54008,115327392767,5,0,0,91648,5,123128926
2971,115327451848,294053,115327745901,6,0,0,91648,6,8754500848
2972,115327516123,562,115327516685,0,0,1,6144,0,1838120186
2973,115327592843,12304,115327605147,0,0,1,9216,0,5206960024
2974,115327649010,223770,115327872780,9,0,1,11776,9,7597080478
2975,115327705048,152575,115327857623,1,0,0,512,1,7978618156
2976,115327711581,152826,115327864407,5,0,0,20480,5,10015392470
2977,115327725117,119639,115327844756,5,0,1,5632,5,264254549
2978,115327783936,33329,115327817265,5,0,1,16896,5,8668311811
2979,115327854235,167456,115328021691,4,0,0,54784,4,10089869849
2980,115328289397,48976,115328338373,0,0,1,2048,0,7670432756
2981,115328651110,64228,115328715338,3,0,1,11776,3,3163854068
2982,115328683883,64221,115328748104,5,0,0,104960,5,5724726462
2983,115328711637,133864,115328845501,5,0,1,28672,5,3408018681
2984,115328834888,98068,115328932956,4,0,1,41472,4,2349406253
2985,115328859740,135567,115328995307,0,0,1,22016,0,4234467291
2986,115329172542,2466,115329175008,9,0,1,7680,9,64216861
2987,115329210580,62980,115329273560,7,0,0,2560,7,6189652288
2988,115329210917,32012,115329242929,6,0,0,51200,6,10308063201
2989,115329248236,43454,115329291690,4,0,1,19456,4,7108169935
2990,115329260251,105614,115329365865,5,0,0,71168,5,5353060097
2991,115329889150,5798,115329894948,0,0,1,10240,0,6620246319
2992,115329892939,66832,115329959771,7,0,0,6144,7,5231264573
2993,115329937815,59128,115329996943,3,0,1,5120,3,8822667103
2994,115329947373,173787,115330121160,6,0,0,281600,6,10333184687
2995,115329963201,125735,115330088936,5,0,1,10240,5,6489999103
2996,115330052064,245054,115330297118,4,0,1,1024,4,6941644649
2997,115330099746,218296,115330318042,3,0,1,15872,3,7636576975
2998,115330419960,287488,115330707448,5,0,0,466432,5,9499580381
2999,115330478219,233415,115330711634,7,0,0,6656,7,8215672095
3000,115330701649,14811,115330716460,1,0,0,7680,1,3855203376
3001,115330708914,7892,115330716806,7,0,0,512,7,6976205215
3002,115330794771,23116,115330817887,5,0,0,41472,5,2796353568
3003,115330825992,21137,115330847129,0,0,1,16896,0,9829782520
3004,115330863608,91900,115330955508,5,0,0,34304,5,8845262963
3005,115330870868,75722,115330946590,4,0,1,4096,4,6754255370
3006,115330883149,105556,115330988705,9,0,1,24064,9,4328792646
3007,115330909983,207420,115331117403,8,0,1,113152,8,1325108453
3008,115330922105,241597,115331163702,5,0,1,46592,5,7823797383
3009,115330980403,91520,115331071923,0,0,1,1536,0,9675295791
3010,115331033237,155723,115331188960,5,0,0,119808,5,4955804490
3011,115331158808,139736,115331298544,5,0,1,4608,5,3797319815
3012,115331251009,35567,115331286576,8,0,1,45056,8,5610053944
3013,115331254289,98068,115331352357,5,0,1,22016,5,9481358744
3014,115331302782,115087,115331417869,6,0,0,62464,6,6116988206
3015,115331497959,1038,115331498997,1,0,0,1024,1,1793224587
3016,115331685496,57592,115331743088,4,0,1,5120,4,5124392085
3017,115331761964,75604,115331837568,7,0,1,13824,7,1441846541
3018,115331822897,43196,115331866093,6,0,0,70656,6,3410528863
3019,115332238587,80212,115332318799,7,0,1,13824,7,9832136503
3020,115332343040,104152,115332447192,3,0,1,41984,3,10450218272
3021,115332629988,1990,115332631978,1,0,0,2048,1,1477173804
3022,115332765025,3894,115332768919,8,0,1,78336,8,4627009601
3023,115332824300,115228,115332939528,7,0,0,4096,7,965655746
3024,115332855862,100252,115332956114,7,0,1,29184,7,4355093355
3025,115332930291,59128,115332989419,4,0,1,5120,4,730157995
3026,115332983943,101656,115333085599,3,0,1,33792,3,9427307912
3027,115333011105,152224,115333163329,8,0,1,60928,8,4396478343
3028,115333028254,135094,115333163348,4,0,0,218624,4,8364634237
3029,115333146301,49832,115333196133,5,0,0,53760,5,3405453784
3030,115333208807,24925,115333233732,0,0,1,10240,0,9778986508
3031,115333261631,251192,115333512823,5,0,0,45056,5,8905846720
3032,115333505480,43900,115333549380,7,0,1,512,7,618567141
3033,115333579043,35567,115333614610,6,0,0,62464,6,9723400971
3034,115333655942,102904,115333758846,7,0,1,37888,7,9322320180
3035,115333781317,118348,115333899665,8,0,1,88576,8,6528819524
3036,115333936816,59128,115333995944,0,0,1,5120,0,1170539107
3037,115334225821,14113,115334239934,5,0,0,24064,5,2420171902
3038,115334277119,113683,115334390802,9,0,1,4096,9,10571659363
3039,115334405785,91768,115334497553,8,0,1,21504,8,6822415041
3040,115334611776,562,115334612338,1,0,0,512,1,2487123770
3041,115334762156,98536,115334860692,3,0,1,23552,3,7748394451
3042,115334774125,99004,115334873129,3,0,1,25088,3,4157556311
3043,115334786983,419541,115335206524,6,0,0,683520,6,9640838738
3044,115334792954,413916,115335206870,0,0,0,512,0,3486358181
3045,115334843013,364203,115335207216,1,0,0,512,1,3371788748
3046,115335155186,52376,115335207562,1,0,0,512,1,10280992860
3047,115335263746,203673,115335467419,4,0,1,24064,4,5939496063
3048,115335283456,327124,115335610580,6,0,0,533504,6,158118065
3049,115335300830,310736,115335611566,7,0,0,1536,7,5474123746
3050,115335309596,303916,115335613512,1,0,0,3072,1,3803041134
3051,115335366771,360435,115335727206,5,0,0,372224,5,7075383584
3052,115335454957,273235,115335728192,7,0,0,1536,7,8450445057
3053,115335500812,233486,115335734298,5,0,0,20992,5,424546280
3054,115335662984,205454,115335868438,4,0,0,333312,4,1410619205
3055,115335703171,81862,115335785033,0,0,1,57856,0,8936778728
3056,115335813214,58641,115335871855,6,0,0,94720,6,2776990125
3057,115335832974,2466,115335835440,8,0,1,278016,8,1944983369
3058,115335838061,196116,115336034177,0,0,0,2560,0,4440505761
3059,115335879593,443258,115336322851,0,0,1,22016,0,6397377169
3060,115335889975,273555,115336163530,0,0,1,19968,0,1767601123
3061,115335915792,333198,115336248990,8,0,1,48640,8,8336140930
3062,115336031245,505345,115336536590,1,0,0,2560,1,9201860650
3063,115336296501,75156,115336371657,4,0,0,54784,4,2613539815
3064,115336328785,110876,115336439661,4,0,0,141312,4,7691424252
3065,115336363547,110592,115336474139,9,0,1,3072,9,2472259388
3066,115336498919,1514,115336500433,7,0,0,1536,7,3686761975
3067,115336523293,57109,115336580402,6,0,0,97792,6,2333957252
3068,115336550825,31203,115336582028,7,0,0,2560,7,10561557099
3069,115336591622,2466,115336594088,0,0,0,2560,0,2179253730
3070,115336592658,2942,115336595600,6,0,1,40960,6,2628664875
3071,115336605490,23462,115336628952,0,0,0,3072,0,4141288424
3072,115336654173,127958,115336782131,0,0,1,18944,0,3354458691
3073,115336662391,126125,115336788516,4,0,0,38912,4,1385458895
3074,115336913209,125916,115337039125,6,0,0,208384,6,1872957140
3075,115336976101,167222,115337143323,9,0,1,7680,9,9885700385
3076,115337186106,1990,115337188096,7,0,0,2048,7,3926987880
3077,115337247710,135525,115337383235,4,0,0,223744,4,6100071239
3078,115337485120,23204,115337508324,4,0,0,38400,4,8609290317
3079,115337604889,1038,115337605927,8,0,1,181248,8,7209177397
3080,115337617230,195736,115337812966,0,0,0,1024,0,8188142270
3081,115337912184,101032,115338013216,0,0,1,31744,0,59810880
3082,115338021644,2866,115338024510,0,0,0,8704,0,6467542487
3083,115338122980,47284,115338170264,0,0,1,1536,0,7705047632
3084,115338388649,4370,115338393019,7,0,0,4608,7,8768446805
3085,115338410787,33758,115338444545,4,0,0,58880,4,227470100
3086,115338459935,22946,115338482881,6,0,0,37888,6,9209325235
3087,115338489133,74775,115338563908,6,0,0,125440,6,1501716247
3088,115338495571,70923,115338566494,1,0,0,4096,1,7804860164
3089,115338518278,48562,115338566840,1,0,0,512,1,8437655569
3090,115338615793,3894,115338619687,0,0,0,4096,0,5358455933
3091,115338700552,1038,115338701590,1,0,0,1024,1,1438099444
3092,115338717476,5322,115338722798,7,0,0,5632,7,3650963383
3093,115338837177,2866,115338840043,5,0,0,8704,5,1108681801
3094,115338845670,54052,115338899722,1,0,1,28672,1,9549474753
3095,115338852390,95488,115338947878,9,0,1,3584,9,1896536183
3096,115339209241,165729,115339374970,5,0,0,269312,5,6989946005
3097,115339209787,165529,115339375316,7,0,0,512,7,2450540765
3098,115339304856,87242,115339392098,6,0,0,64000,6,2174179216
3099,115339644898,2466,115339647364,7,0,0,2560,7,432662774
3100,115339829131,55744,115339884875,7,0,1,4096,7,91542054
3101,115340001876,562,115340002438,0,0,0,512,0,9492371184
3102,115340015774,32295,115340048069,4,0,0,52736,4,3277445014
3103,115340232735,23374,115340256109,4,0,0,41984,4,135642900
3104,115340360708,101656,115340462364,0,0,1,33792,0,9582917084
3105,115340439832,57436,115340497268,0,0,1,4608,0,10146401101
3106,115340762793,6484,115340769277,5,0,0,15872,5,2894285444
3107,115340878513,102592,115340981105,0,0,1,36864,0,5845850813
3108,115340951282,102280,115341053562,0,0,1,35840,0,10413777361
3109,115341044707,62899,115341107606,7,0,1,3584,7,7432108083
3110,115341159336,94084,115341253420,7,0,1,24064,7,1306509763
3111,115341256529,1990,115341258519,7,0,0,2048,7,363870202
3112,115341559340,3418,115341562758,0,0,0,3584,0,3023596833
3113,115341998349,2942,115342001291,7,0,0,3072,7,9695076868
3114,115342113421,45748,115342159169,8,0,1,1536,8,9851047002
3115,115342305517,4370,115342309887,7,0,0,4608,7,1647444062
3116,115342424091,1990,115342426081,9,0,1,2560,9,303402317
3117,115342466106,50668,115342516774,0,0,0,2048,0,6283700398
3118,115342467101,14800,115342481901,3,0,1,17408,3,4483068644
3119,115342492822,1038,115342493860,6,0,0,28672,6,9797987662
3120,115342536424,87448,115342623872,1,0,0,1024,1,9709372660
3121,115342656152,60820,115342716972,0,0,1,5632,0,2998455539
3122,115342660551,101656,115342762207,9,0,1,33792,9,9670778137
3123,115342896934,562,115342897496,0,0,1,37888,0,8345310345
3124,115342923029,102904,115343025933,7,0,0,512,7,960818018
3125,115343189808,206188,115343395996,8,0,1,215552,8,4229535915
3126,115343444943,134491,115343579434,4,0,0,221696,4,4257544944
3127,115343486771,19223,115343505994,0,0,1,2048,0,6819592900
3128,115343561197,124217,115343685414,1,0,0,1536,1,5041980655
3129,115343641525,562,115343642087,9,0,1,14336,9,6137163990
3130,115343652095,2466,115343654561,1,0,0,512,1,9996821332
3131,115343654545,121184,115343775729,0,0,0,2560,0,4367316814
3132,115343944865,562,115343945427,1,0,0,512,1,6873493507
3133,115344103330,42162,115344145492,8,0,1,36864,8,296504395
3134,115344130628,102592,115344233220,6,0,0,68608,6,7503758782
3135,115344253621,45592,115344299213,9,0,1,1024,9,814364238
3136,115344375244,41904,115344417148,5,0,0,68096,5,5719043622
3137,115344542445,48976,115344591421,2,0,1,2048,2,7023010602
3138,115344743775,6274,115344750049,9,0,1,28672,9,6669947158
3139,115344789652,562,115344790214,0,0,0,6656,0,7358908459
3140,115344810204,100096,115344910300,0,0,0,512,0,208716335
3141,115344860301,16092,115344876393,8,0,0,31232,8,816863529
3142,115344872581,4798,115344877379,1,0,0,1536,1,3842438068
3143,115344941755,77896,115345019651,7,0,1,11264,7,587438591
3144,115344965792,73912,115345039704,0,0,1,13312,0,2420665709
3145,115345034491,83179,115345117670,5,0,0,135168,5,8330507600
3146,115345042650,146594,115345189244,0,0,1,6144,0,1817173927
3147,115345086155,108153,115345194308,0,0,1,3584,0,7200017600
3148,115345097573,193093,115345290666,2,0,1,8704,2,989193048
3149,115345583832,84508,115345668340,2,0,1,12800,2,2367646788
3150,115345605118,67588,115345672706,2,0,1,7680,2,2102442543
3151,115345610511,124712,115345735223,6,0,0,202752,6,4667956815
3152,115345626673,112416,115345739089,7,0,0,6144,7,10292865166
3153,115345700845,163145,115345863990,6,0,0,264192,6,9295706366
3154,115345723745,143151,115345866896,1,0,0,4608,1,5914173786
3155,115345818917,64761,115345883678,4,0,0,64000,4,8983355593
3156,115345839513,60844,115345900357,5,0,0,63488,5,8883230211
3157,115345887321,2942,115345890263,0,0,1,25600,0,9368631939
3158,115345957232,194254,115346151486,0,0,0,3072,0,6813008194
3159,115346004369,126692,115346131061,6,0,0,209920,6,1117999988
3160,115346218284,94076,115346312360,9,0,1,9216,9,6983310184
3161,115346317908,2942,115346320850,9,0,1,4608,9,7713197061
3162,115346319278,60091,115346379369,1,0,0,3072,1,6515039885
3163,115346425335,1990,115346427325,0,0,0,2048,0,9464351777
3164,115346521776,1038,115346522814,0,0,1,11776,0,4510019220
3165,115346544685,65764,115346610449,7,0,0,1024,7,6475645344
3166,115346565386,247416,115346812802,4,0,0,404992,4,5494925259
3167,115346569399,244069,115346813468,1,0,0,1024,1,3830892558
3168,115346843298,225874,115347069172,4,0,0,369664,4,8844108323
3169,115346880476,191602,115347072078,7,0,0,4608,7,2608328549
3170,115346901942,185894,115347087836,6,0,0,58880,6,358343563
3171,115346954021,134161,115347088182,1,0,0,512,1,302169938
3172,115347014545,214583,115347229128,0,0,1,34304,0,2749398961
3173,115347113566,165212,115347278778,5,0,0,268288,5,8934501971
3174,115347129058,296537,115347425595,8,0,1,66048,8,788416011
3175,115347612438,1990,115347614428,0,0,0,2048,0,7652600014
3176,115347667573,84641,115347752214,8,0,1,88064,8,4804632469
3177,115347671655,170194,115347841849,4,0,0,141312,4,562644082
3178,115347690689,149987,115347840676,5,0,0,208384,5,4653348101
3179,115347724874,117748,115347842622,7,0,0,3072,7,5220447339
3180,115347740703,117677,115347858380,4,0,0,58880,4,7795016233
3181,115347779301,249163,115348028464,0,0,1,22528,0,4896748349
3182,115348109114,20620,115348129734,8,0,0,33280,8,320780055
3183,115348130051,73741,115348203792,5,0,0,123392,5,7264244687
3184,115348216198,116303,115348332501,8,0,1,41472,8,1036817203
3185,115348300961,226812,115348527773,5,0,1,28672,5,1430663384
3186,115348517330,81112,115348598442,6,0,0,131072,6,9366500312
3187,115348765331,48976,115348814307,2,0,1,2048,2,9929565489
3188,115349035745,11270,115349047015,6,0,0,18432,6,8206011960
3189,115349104365,162887,115349267252,6,0,0,263680,6,8527028660
3190,115349146542,119284,115349265826,2,0,1,13312,2,8688868366
3191,115349148634,184945,115349333579,0,0,0,1024,0,502157242
3192,115349260349,53837,115349314186,9,0,1,10240,9,1304410707
3193,115349277829,1038,115349278867,6,0,0,88064,6,10730782738
3194,115349425489,188686,115349614175,7,0,0,1024,7,3094035206
3195,115349562757,64204,115349626961,5,0,1,6656,5,10624662625
3196,115349627011,32037,115349659048,8,0,0,52224,8,2222337025
3197,115349693367,74775,115349768142,5,0,0,125440,5,4817341024
3198,115349709356,106839,115349816195,5,0,1,26624,5,3898822041
3199,115349750653,88228,115349838881,9,0,1,16384,9,8686292558
3200,115349832000,73364,115349905364,0,0,1,19968,0,2204067717
3201,115349892614,271224,115350163838,2,0,1,7680,2,866841470
3202,115350131050,51253,115350182303,0,0,0,82944,0,4553992267
3203,115350239811,7226,115350247037,0,0,0,7680,0,9657752619
3204,115350274613,126676,115350401289,2,0,1,12288,2,2199976045
3205,115350483268,562,115350483830,7,0,0,512,7,7886055694
3206,115350487344,83954,115350571298,5,0,0,136704,5,9356235256
3207,115350497798,79709,115350577507,4,0,0,29696,4,7429344795
3208,115350706278,86450,115350792728,0,0,0,144896,0,2948898460
3209,115350804426,257007,115351061433,4,0,0,505344,4,6522746305
3210,115350854161,309200,115351163361,8,0,1,12800,8,8444124266
3211,115350997622,117950,115351115572,7,0,0,3072,7,6737011773
3212,115351175743,4370,115351180113,7,0,0,4608,7,7345044060
3213,115351323035,4416,115351327451,8,0,1,101888,8,1051342154
3214,115351363093,187250,115351550343,4,0,0,11776,4,3900585481
3215,115351367968,239359,115351607327,6,0,0,392704,6,5201822263
3216,115351444396,164877,115351609273,7,0,0,3072,7,10151279999
3217,115351452976,162710,115351615686,0,0,0,22528,0,977836458
3218,115351491505,82946,115351574451,8,0,1,46592,8,1628871643
3219,115351554247,273038,115351827285,2,0,1,12800,2,10453019196
3220,115351554450,266428,115351820878,4,0,0,71168,4,9132767655
3221,115351769462,73312,115351842774,6,0,0,119296,6,9752430920
3222,115351792523,191169,115351983692,8,0,0,292864,8,7837103508
3223,115351893831,75872,115351969703,2,0,1,3584,2,5891587901
3224,115351913517,93821,115352007338,0,0,0,27136,0,10476696229
3225,115351944964,152810,115352097774,6,0,0,152576,6,4247631491
3226,115351990044,74775,115352064819,5,0,1,15360,5,1775019706
3227,115352025323,243938,115352269261,0,0,0,125440,0,4602035072
3228,115352028386,146534,115352174920,3,0,1,1536,3,7154980191
3229,115352161776,299010,115352460786,3,0,1,512,3,8647525773
3230,115352169710,266116,115352435826,0,0,0,434688,0,10174238644
3231,115352376355,65475,115352441830,4,0,0,20480,4,8247152260
3232,115352400725,156033,115352556758,8,0,1,95232,8,5555524494
3233,115352408623,75994,115352484617,9,0,1,22016,9,3467350955
3234,115352458585,3418,115352462003,4,0,0,257024,4,3519891290
3235,115352544423,306583,115352851006,5,0,0,19456,5,7861607752
3236,115352579339,357118,115352936457,9,0,1,40448,9,6743524418
3237,115352655635,249904,115352905539,7,0,0,3584,7,2261495782
3238,115352688234,172617,115352860851,3,0,1,12288,3,9422508120
3239,115353145523,102137,115353247660,6,0,0,165376,6,2502833913
3240,115353233208,15758,115353248966,6,0,0,2048,6,9761811123
3241,115353387830,22946,115353410776,8,0,0,37888,8,3667733428
3242,115353539281,7226,115353546507,6,0,0,7680,6,7200359514
3243,115353628687,5192,115353633879,5,0,0,13312,5,9973114960
3244,115353665145,70972,115353736117,2,0,1,3072,2,470019326
3245,115353711755,160605,115353872360,5,0,1,8704,5,4394938627
3246,115353825476,70482,115353895958,2,0,1,11264,2,3538403801
3247,115353838843,13337,115353852180,8,0,1,443904,8,3464607152
3248,115353882498,405853,115354288351,2,0,1,25088,2,4461296461
3249,115353899770,379790,115354279560,8,0,0,22528,8,9330434872
3250,115353907973,412928,115354320901,8,0,1,141312,8,9682779614
3251,115353964437,344112,115354308549,5,0,1,43008,5,5730726253
3252,115354214552,125501,115354340053,0,0,0,51200,0,10693354878
3253,115354236173,84855,115354321028,8,0,1,140288,8,7861532387
3254,115354261304,220997,115354482301,5,0,0,29184,5,3513980129
3255,115354505985,103946,115354609931,8,0,0,168960,8,1468372262
3256,115355178557,52516,115355231073,5,0,1,3584,5,5113479837
3257,115355571963,3418,115355575381,9,0,1,5120,9,7913280293
3258,115355605567,59128,115355664695,6,0,0,3584,6,855657324
3259,115355699210,54783,115355753993,8,0,0,93184,8,1502761584
3260,115355811561,50737,115355862298,5,0,0,81920,5,4877856159
3261,115355849483,75291,115355924774,6,0,0,126464,6,4887680525
3262,115355938452,103060,115356041512,2,0,1,38400,2,4936474323
3263,115356067948,98692,115356166640,3,0,1,1536,3,4587987128
3264,115356163511,45592,115356209103,2,0,1,24064,2,4127032126
3265,115356220616,213845,115356434461,3,0,1,1024,3,6029004769
3266,115356350990,80056,115356431046,4,0,1,13312,4,10529207575
3267,115356431096,5450,115356436546,6,0,0,13824,6,2576042491
3268,115356486090,61912,115356548002,3,0,1,9216,3,7711880914
3269,115356611941,92787,115356704728,6,0,0,150528,6,2227761212
3270,115356648237,157313,115356805550,9,0,1,22528,9,755655830
3271,115357186752,13854,115357200606,6,0,0,23552,6,3039687446
3272,115357192126,24709,115357216835,8,0,0,40960,8,2310911060
3273,115357201845,160702,115357362547,6,0,0,257024,6,9980592645
3274,115357283015,120852,115357403867,6,0,0,132096,6,6868030065
3275,115357643716,121612,115357765328,5,0,0,196608,5,2451859781
3276,115357659867,198403,115357858270,5,0,1,45056,5,9616761180
3277,115357750756,124231,115357874987,5,0,1,8192,5,810914588
3278,115358003478,24238,115358027716,5,0,0,40448,5,7331104664
3279,115358009951,42679,115358052630,9,0,1,2560,9,5659552191
3280,115358037689,19416,115358057105,4,0,0,69632,4,6328861705
3281,115358061720,106040,115358167760,6,0,0,11776,6,5597038854
3282,115358306932,6484,115358313416,5,0,1,14336,5,2216405360
3283,115358314363,81891,115358396254,6,0,0,15872,6,3228435827
3284,115358648892,53491,115358702383,8,0,0,90624,8,571131132
3285,115358793902,13337,115358807239,4,0,0,22528,4,8098978015
3286,115358931726,4933,115358936659,2,0,1,12800,2,1308400871
3287,115358935694,98461,115359034155,5,0,0,12800,5,4977822424
3288,115359192394,71620,115359264014,6,0,1,15872,6,484473776
3289,115359382661,52360,115359435021,2,0,1,3072,2,9139604010
3290,115359532856,65942,115359598798,5,0,0,111616,5,7041845434
3291,115359690966,180253,115359871219,8,0,1,131584,8,4842646232
3292,115359858902,227521,115360086423,8,0,1,240128,8,6161952009
3293,115359901176,192434,115360093610,3,0,1,23552,3,826891635
3294,115360112381,43900,115360156281,3,0,1,512,3,4466234273
3295,115360188717,1990,115360190707,6,0,1,36352,6,5533673133
3296,115360207510,102436,115360309946,0,0,0,2048,0,8264824056
3297,115360260350,30814,115360291164,4,0,0,43520,4,685906054
3298,115360279040,252569,115360531609,4,0,0,582656,4,3571485002
3299,115360383194,357499,115360740693,6,0,1,2560,6,5031104094
3300,115360438428,204217,115360642645,8,0,0,20992,8,8116602568
3301,115360443766,230036,115360673802,0,0,0,108032,0,10521737237
3302,115360458134,278688,115360736822,2,0,1,14336,2,1055933177
3303,115360834200,108605,115360942805,5,0,1,16896,5,7062896830
3304,115360906079,110514,115361016593,3,0,1,14848,3,1305902872
3305,115360917411,195329,115361112740,6,0,0,316928,6,8153833044
3306,115361042256,42679,115361084935,5,0,1,14336,5,2551805305
3307,115361156649,79173,115361235822,0,0,0,69632,0,8731379494
3308,115361214323,328933,115361543256,2,0,1,3584,2,7266847433
3309,115361276941,61249,115361338190,8,0,1,27648,8,4741155207
3310,115361286422,105675,115361392097,9,0,1,7168,9,3516752067
3311,115361309951,115181,115361425132,6,0,0,98816,6,4302859832
3312,115361463329,23979,115361487308,3,0,1,11776,3,7655761410
3313,115361481564,81124,115361562688,8,0,0,39936,8,5489378653
3314,115361492848,166145,115361658993,8,0,0,268288,8,8545197274
3315,115361551837,159406,115361711243,9,0,1,26112,9,8598799868
3316,115361574043,208739,115361782782,3,0,1,31744,3,8973422484
3317,115361616433,190829,115361807262,3,0,1,11264,3,4907729148
3318,115361827503,14283,115361841786,3,0,1,5120,3,4199839791
3319,115361838515,64405,115361902920,6,0,1,14848,6,6634132742
3320,115361874572,85883,115361960455,4,0,0,27648,4,3506527389
3321,115361878149,94348,115361972497,2,0,1,18944,2,10042646368
3322,115361887459,244070,115362131529,8,0,1,192000,8,10124617087
3323,115362050928,84200,115362135128,2,0,1,11776,2,6441801473
3324,115362516741,35825,115362552566,8,0,0,62976,8,1877297860
3325,115362522568,152958,115362675526,5,0,1,20992,5,3823866340
3326,115362569611,115714,115362685325,5,0,0,247808,5,2677154558
3327,115362573350,153020,115362726370,2,0,1,512,2,605201962
3328,115363040855,70972,115363111827,6,0,1,8704,6,10462086021
3329,115363108653,6484,115363115137,3,0,1,33280,3,5001149538
3330,115363125788,101500,115363227288,4,0,0,15872,4,2903161382
3331,115363189206,155346,115363344552,5,0,0,252416,5,3786044826
3332,115363196440,5450,115363201890,3,0,1,6144,3,3197871555
3333,115363360928,281707,115363642635,6,0,0,13824,6,4727259690
3334,115363427914,97092,115363525006,5,0,0,162304,5,4549063765
3335,115363447608,112489,115363560097,6,0,1,512,6,6901083794
3336,115363600038,149371,115363749409,6,0,1,17920,6,2742421573
3337,115363912364,101500,115364013864,6,0,1,33280,6,848116940
3338,115364014430,82684,115364097114,6,0,1,16896,6,10056820593
3339,115364052296,126175,115364178471,0,0,0,208896,0,5372265033
3340,115364214040,74258,115364288298,6,0,0,124416,6,6279922344
3341,115364390184,228949,115364619133,0,0,0,570880,0,4918542007
3342,115364457167,349700,115364806867,3,0,1,15872,3,209760986
3343,115364491690,205777,115364697467,6,0,1,14848,6,6691905780
3344,115364545756,311764,115364857520,8,0,0,39424,8,8036863776
3345,115364678791,135783,115364814574,3,0,1,512,3,10707181689
3346,115364699131,104674,115364803805,9,0,1,19456,9,10308318752
3347,115364702782,324834,115365027616,8,0,1,210944,8,5181728745
3348,115364800909,434009,115365234918,5,0,0,224256,5,8048310855
3349,115364831405,458183,115365289588,9,0,1,30720,9,8722711576
3350,115364843564,130998,115364974562,4,0,0,38912,4,10513960955
3351,115365005995,314959,115365320954,4,0,0,192000,4,3805063620
3352,115365074282,75010,115365149292,6,0,1,3584,6,2442400443
3353,115365084304,129137,115365213441,5,0,0,25088,5,10190080274
3354,115365113951,50737,115365164688,5,0,1,512,5,4037520718
3355,115365181959,166947,115365348906,5,0,0,81920,5,6564057095
3356,115365255817,192267,115365448084,3,0,1,10240,3,3596148048
3357,115365266819,302379,115365569198,2,0,1,65536,2,1183510887
3358,115365504727,64482,115365569209,4,0,0,99328,4,6727708991
3359,115365607815,44658,115365652473,0,0,0,76800,0,8906522016
3360,115365737100,72020,115365809120,5,0,0,116736,5,9749253280
3361,115365765070,212275,115365977345,8,0,1,210432,8,4061625704
3362,115365833598,153462,115365987060,9,0,1,3072,9,1401373366
3363,115365932278,65683,115365997961,5,0,1,26624,5,3270733232
3364,115365978929,251342,115366230271,8,0,0,111104,8,38779753
3365,115366180503,34888,115366215391,8,0,0,51712,8,5222442079
3366,115366257753,13079,115366270832,8,0,0,22016,8,4537631210
3367,115366264576,7882,115366272458,0,0,0,2560,0,1800799254
3368,115366539272,184946,115366724218,6,0,0,300032,6,6771709138
3369,115366549273,237105,115366786378,5,0,0,199168,5,6823734189
3370,115366554455,320669,115366875124,8,0,0,285696,8,5739781348
3371,115366697850,182459,115366880309,6,0,0,24576,6,9077947622
3372,115366730116,187097,115366917213,0,0,0,127488,0,7857652174
3373,115366881086,41312,115366922398,4,0,0,24576,4,1452105820
3374,115366956016,14025,115366970041,8,0,1,148480,8,7767889102
3375,115366990040,44916,115367034956,6,0,0,27136,6,4430251110
3376,115367002948,3894,115367006842,5,0,1,23552,5,8167868158
3377,115367006805,282072,115367288877,8,0,0,77312,8,10260572265
3378,115367082125,381815,115367463940,5,0,1,9216,5,6994807832
3379,115367244873,258525,115367503398,5,0,0,4096,5,10374917981
3380,115367522739,12991,115367535730,4,0,0,25088,4,7334881571
3381,115367616095,88516,115367704611,3,0,1,15872,3,6001797369
3382,115367796577,103528,115367900105,5,0,1,39936,5,817104570
3383,115367910334,70972,115367981306,9,0,1,8704,9,7084491527
3384,115367989273,72279,115368061552,8,0,0,117248,8,856717823
3385,115368022402,231102,115368253504,8,0,0,374784,8,6358877983
3386,115368040362,81282,115368121644,8,0,1,99328,8,1016408707
3387,115368204096,465975,115368670071,0,0,0,103424,0,6462522011
3388,115368552012,60064,115368612076,9,0,1,8192,9,1391272310
3389,115368830702,3894,115368834596,4,0,0,4096,4,6406314513
3390,115368840879,93991,115368934870,8,0,0,156160,8,796855102
3391,115368996876,96009,115369092885,5,0,1,10240,5,7825070605
3392,115369263890,146683,115369410573,0,0,0,242176,0,931296158
3393,115369274421,234267,115369508688,5,0,1,37376,5,2702012486
3394,115369435317,93562,115369528879,0,0,0,152064,0,6061343921
3395,115369712206,4846,115369717052,9,0,1,26112,9,2120363657
3396,115369739782,94708,115369834490,8,0,0,5120,8,8016456521
3397,115369833023,98092,115369931115,4,0,1,27136,4,9429750845
3398,115370426008,25442,115370451450,6,0,0,46080,6,9925726194
3399,115370520688,84900,115370605588,5,0,0,141824,5,2346527983
3400,115370682640,152503,115370835143,6,0,0,246784,6,5381050392
3401,115370713226,184896,115370898122,8,0,0,211456,8,10299036372
3402,115370851079,83947,115370935026,8,0,0,127488,8,9951122764
3403,115370959344,422687,115371382031,8,0,1,340992,8,4466084917
3404,115371027664,362022,115371389686,9,0,1,25088,9,2995672712
3405,115371404656,54988,115371459644,2,0,1,6656,2,10206805204
3406,115371433983,386387,115371820370,8,0,1,473600,8,10059629528
3407,115371724803,401934,115372126737,4,0,0,499712,4,7823222846
3408,115371798079,395951,115372194030,0,0,0,223744,0,3201197270
3409,115371851502,389186,115372240688,6,0,0,157696,6,519968381
3410,115372087758,266601,115372354359,8,0,1,40448,8,9931402547
3411,115372134857,45433,115372180290,2,0,1,28672,2,1170536246
3412,115372272996,44119,115372317115,2,0,1,8704,2,9574906849
3413,115372372469,248595,115372621064,4,0,0,78336,4,7012355300
3414,115372375189,398962,115372774151,2,0,1,1536,2,9365094313
3415,115372384715,197126,115372581841,4,0,0,44032,4,6747552447
3416,115372504651,156291,115372660942,5,0,0,257536,5,9021485593
3417,115372588164,161357,115372749521,8,0,1,2560,8,9732371326
3418,115372645801,244657,115372890458,8,0,1,4096,8,3472973113
3419,115372746218,132167,115372878385,8,0,1,8704,8,4560609694
3420,115372844411,177575,115373021986,8,0,0,292352,8,6163606870
3421,115372849713,193983,115373043696,6,0,0,71168,6,5402027062
3422,115372865719,135122,115373000841,2,0,1,9728,2,6988059776
3423,115372926355,202706,115373129061,9,0,1,2048,9,3424948844
3424,115373101781,105652,115373207433,2,0,1,31744,2,9067088847
3425,115373106673,135492,115373242165,8,0,1,78848,8,5268172229
3426,115373121938,212465,115373334403,8,0,1,26112,8,7357324831
3427,115373169022,217052,115373386074,8,0,1,14336,8,1026784105
3428,115373467956,76828,115373544784,5,0,1,12800,5,9447371528
3429,115373663250,20878,115373684128,4,0,0,33792,4,7463943193
3430,115374160933,52672,115374213605,9,0,1,4096,9,1772395674
3431,115374233343,224412,115374457755,0,0,0,363520,0,2088615365
3432,115374330259,77295,115374407554,2,0,1,20992,2,7420309608
3433,115374396627,242689,115374639316,5,0,0,52736,5,4238791395
3434,115374626876,15833,115374642709,9,0,1,31744,9,6565890457
3435,115374661292,101032,115374762324,8,0,0,30720,8,10080711357
3436,115374718984,98224,115374817208,5,0,1,24064,5,3776728553
3437,115374744418,132965,115374877383,5,0,1,22528,5,9684970066
3438,115375129357,35308,115375164665,8,0,0,61952,8,9562939767
3439,115375436067,76360,115375512427,5,0,1,11264,5,3524256669
3440,115375576325,26217,115375602542,5,0,0,47616,5,7381372706
3441,115375588161,14740,115375602901,5,0,0,9728,5,9017241971
3442,115376038536,141862,115376180398,8,0,0,229376,8,4530970834
3443,115376166484,104979,115376271463,8,0,0,171008,8,6052129944
3444,115376219344,5798,115376225142,2,0,1,19456,2,286683207
3445,115376289445,196496,115376485941,0,0,0,6144,0,6600779836
3446,115376317469,102654,115376420123,5,0,1,2048,5,10679160032
3447,115376368876,107044,115376475920,0,0,0,166400,0,9872979621
3448,115376385991,274034,115376660025,0,0,0,78336,0,1180539239
3449,115376447537,251974,115376699511,9,0,1,24576,9,3938806841
3450,115376681323,185721,115376867044,0,0,0,301568,0,9096054472
3451,115376840510,123679,115376964189,0,0,0,200704,0,6340521321
3452,115376901711,153156,115377054867,5,0,1,40448,5,10731413145
3453,115376944328,149311,115377093639,2,0,1,36864,2,9446793066
3454,115377033302,258514,115377291816,9,0,1,29184,9,9651718165
3455,115377260764,315279,115377576043,4,0,0,510464,4,7957179781
3456,115377279560,333490,115377613050,5,0,0,128000,5,2293630244
3457,115377468397,149799,115377618196,4,0,0,8192,4,5636941523
3458,115377697475,2866,115377700341,0,0,0,8704,0,9388824463
3459,115377790974,175676,115377966650,4,0,0,541696,4,2754484106
3460,115377929888,334753,115378264641,2,0,1,12288,2,158002584
3461,115377960259,170653,115378130912,5,0,0,24576,5,8815158774
3462,115378058503,196016,115378254519,8,0,1,26112,8,7795523076
3463,115378075516,236166,115378311682,5,0,0,321536,5,5363005166
3464,115378080469,230922,115378311391,4,0,0,376320,4,494118173
3465,115378084561,322339,115378406900,6,0,1,2560,6,7644180511
3466,115378276977,192957,115378469934,8,0,1,5632,8,2847262602
3467,115378802013,67588,115378869601,5,0,1,7680,5,9114567555
3468,115378819796,109300,115378929096,9,0,1,58880,9,4970755504
3469,115378955943,64672,115379020615,2,0,1,8192,2,3379137468
3470,115379151309,104891,115379256200,0,0,0,174080,0,3645346605
3471,115379174514,102474,115379276988,4,0,0,66560,4,8317295782
3472,115379195930,81724,115379277654,8,0,0,1024,8,4519203468
3473,115379331409,22429,115379353838,5,0,1,6656,5,3926823526
3474,115379373315,115377,115379488692,5,0,0,36864,5,6675675979
3475,115379415059,43900,115379458959,5,0,1,512,5,9992000489
3476,115379438263,117620,115379555883,8,0,1,18944,8,4975212601
3477,115379585304,60820,115379646124,5,0,1,5632,5,3133198979
3478,115379694111,104891,115379799002,8,0,0,174080,8,2822456184
3479,115379814650,61304,115379875954,9,0,1,4608,9,4839470564
3480,115379946839,60376,115380007215,9,0,1,9216,9,5256193718
3481,115379979528,65896,115380045424,8,0,1,7168,8,5862878124
3482,115380027391,44400,115380071791,8,0,0,76288,8,3781066771
3483,115380240745,52029,115380292774,0,0,0,84480,0,714824678
3484,115380323384,92368,115380415752,5,0,1,15360,5,8224283735
3485,115380377778,177910,115380555688,9,0,1,18432,9,9605303605
3486,115380650871,116308,115380767179,5,0,0,193024,5,6892419094
3487,115380747125,141782,115380888907,2,0,1,12800,2,9288968088
3488,115380977587,72820,115381050407,9,0,1,9728,9,7483925116
3489,115381181054,98380,115381279434,8,0,1,23040,8,8144082104
3490,115381242248,50668,115381292916,5,0,1,2560,5,3372128077
3491,115381392747,70528,115381463275,2,0,1,12288,2,2789389295
3492,115381503298,73741,115381577039,5,0,0,123392,5,1164072440
3493,115381524154,261968,115381786122,5,0,0,397312,5,1459141436
3494,115381793034,308942,115382101976,4,0,0,504832,4,4605158181
3495,115381816038,296460,115382112498,8,0,0,41984,8,4961231903
3496,115382024187,210157,115382234344,2,0,1,7680,2,7163257086
3497,115382030282,275448,115382305730,3,0,1,5632,3,9915234662
3498,115382217901,182986,115382400887,5,0,1,25088,5,8153338015
3499,115382421504,70372,115382491876,3,0,1,11776,3,9464658037
3500,115382457569,102281,115382559850,9,0,1,22016,9,6540734849
3501,115382597291,91636,115382688927,9,0,1,26112,9,7797149765
3502,115382638974,50588,115382689562,2,0,1,2048,2,10031390088
3503,115383245070,24408,115383269478,0,0,0,44032,0,7144262826
3504,115383320439,77164,115383397603,9,0,1,18944,9,1394691918
3505,115383416743,45592,115383462335,5,0,1,1024,5,5041012367
3506,115383425439,50668,115383476107,2,0,1,8704,2,9397406278
3507,115383437288,70972,115383508260,3,0,1,2560,3,4655259105
3508,115383448202,72479,115383520681,9,0,1,1536,9,9203581313
3509,115383557435,50668,115383608103,9,0,1,2560,9,5759407490
3510,115383633617,109768,115383743385,9,0,1,60416,9,4438087578
3511,115383658519,234075,115383892594,5,0,0,882688,5,5234548484
3512,115383744604,542333,115384286937,0,0,0,32256,0,7275119581
3513,115383841394,462969,115384304363,2,0,1,12288,2,3900173109
3514,115383887347,336803,115384224150,4,0,0,54784,4,3848663069
3515,115383937904,292455,115384230359,0,0,0,29696,0,4254304343
3516,115384143303,248031,115384391334,2,0,1,15360,2,1388278338
3517,115384532133,84900,115384617033,4,0,0,141824,4,5750479824
3518,115384763957,191129,115384955086,5,0,1,57344,5,10131685013
3519,115384871730,144616,115385016346,5,0,0,238080,5,8568543851
3520,115384985314,36217,115385021531,0,0,0,24576,0,10275202540
3521,115385197380,183137,115385380517,5,0,0,296448,5,5547129629
3522,115385250479,54096,115385304575,9,0,1,16896,9,3682195744
3523,115385255177,158715,115385413892,8,0,1,56832,8,9567773763
3524,115385331461,260724,115385592185,9,0,1,13312,9,8553076933
3525,115385392483,302380,115385694863,4,0,0,88576,4,4725959049
3526,115385401101,206697,115385607798,9,0,1,11776,9,5789008634
3527,115385463711,228770,115385692481,5,0,0,514048,5,133712911
3528,115385519555,317087,115385836642,3,0,1,2048,3,9442722179
3529,115385696920,33587,115385730507,5,0,1,3072,5,4255102412
3530,115385803995,44141,115385848136,5,0,0,55296,5,1305234240
3531,115385877871,273835,115386151706,0,0,0,75776,0,3749844254
3532,115385956554,24666,115385981220,0,0,0,44544,0,1377117818
3533,115386240768,122904,115386363672,0,0,0,199168,0,7962454281
3534,115386250737,138959,115386389696,0,0,0,83456,0,4644842598
3535,115386314861,80122,115386394983,5,0,0,25088,5,217923611
3536,115386377550,30745,115386408295,4,0,1,101888,4,6447428031
3537,115386395634,245340,115386640974,8,0,0,49664,8,6407710866
3538,115386515096,122454,115386637550,3,0,1,22528,3,3982978203
3539,115386582779,65695,115386648474,5,0,1,7168,5,9248981206
3540,115386905403,60820,115386966223,3,0,1,5632,3,5513131856
3541,115387078209,52360,115387130569,8,0,1,3072,8,10646108483
3542,115387582539,43883,115387626422,5,0,0,75264,5,419837004
3543,115387729705,57436,115387787141,4,0,1,4608,4,64600756
3544,115387773938,103528,115387877466,8,0,1,39936,8,4895114177
3545,115388025622,50995,115388076617,5,0,1,9216,5,1128976917
3546,115388030876,61912,115388092788,4,0,0,82432,4,2582885409
3547,115388172438,1514,115388173952,8,0,1,3584,8,5048486010
3548,115388174084,49444,115388223528,5,0,0,1536,5,10422721769
3549,115388415501,55744,115388471245,5,0,1,4096,5,3593079105
3550,115388489634,101188,115388590822,3,0,1,32256,3,3427915004
3551,115388672359,66988,115388739347,9,0,1,10752,9,5875453911
3552,115388789874,50668,115388840542,8,0,1,2560,8,4185423597
3553,115388876880,43900,115388920780,2,0,1,512,2,329203394
3554,115388905469,45592,115388951061,9,0,1,1024,9,2917571312
3555,115388952879,54052,115389006931,4,0,1,3584,4,9252891497
3556,115388990476,98716,115389089192,2,0,1,29184,2,913730854
3557,115389262638,93148,115389355786,9,0,1,20992,9,9404321631
3558,115389287498,137750,115389425248,9,0,1,20992,9,4731901527
3559,115389359711,60064,115389419775,3,0,1,27136,3,6744515798
3560,115389374791,99628,115389474419,4,0,1,8192,4,7801962039
3561,115389440333,69280,115389509613,8,0,1,8192,8,9260760348
3562,115389540535,50668,115389591203,9,0,1,7168,9,3562103021
3563,115389550318,65896,115389616214,4,0,1,2560,4,3606302794
3564,115389817050,102436,115389919486,5,0,1,36352,5,1128913323
3565,115389901015,215839,115390116854,8,0,0,724992,8,4250183091
3566,115389907810,447679,115390355489,5,0,0,4096,5,4884926097
3567,115390080191,443470,115390523661,8,0,1,1024,8,4991175205
3568,115390213668,137958,115390351626,5,0,0,512,5,6659999666
3569,115390260732,35050,115390295782,2,0,1,31744,2,4726266581
3570,115390471236,24727,115390495963,0,0,0,61440,0,8000567144
3571,115390487870,94961,115390582831,0,0,0,30208,0,10118538767
3572,115390511954,360271,115390872225,8,0,1,1024,8,6805989133
3573,115390583255,66717,115390649972,4,0,0,113152,4,7712088624
3574,115390745502,5967,115390751469,4,0,0,14848,4,9518514243
3575,115390845809,36342,115390882151,0,0,0,64000,0,8520838419
3576,115391151517,60820,115391212337,5,0,1,5632,5,3288561773
3577,115391269016,15833,115391284849,4,0,0,30720,4,7930848367
3578,115391397414,1990,115391399404,5,0,0,2048,5,1446197193
3579,115391574631,64072,115391638703,8,0,1,11264,8,1002709172
3580,115391684997,50737,115391735734,0,0,0,81920,0,4014710934
3581,115391745409,168121,115391913530,8,0,1,3584,8,2387896273
3582,115391890122,133545,115392023667,8,0,0,216576,8,2912818751
3583,115391974466,64754,115392039220,0,0,0,57856,0,6974797805
3584,115392012066,114362,115392126428,9,0,1,9728,9,2282454094
3585,115392050284,106071,115392156355,9,0,1,12288,9,9764273694
3586,115392058688,209522,115392268210,8,0,1,5120,8,4707277672
3587,115392340136,74380,115392414516,8,0,1,14848,8,2563976109
3588,115392428701,66052,115392494753,9,0,1,7680,9,6000547324
3589,115392500337,1514,115392501851,5,0,1,2048,5,2241798813
3590,115392541507,45904,115392587411,5,0,0,1536,5,8034143813
3591,115392738118,64204,115392802322,8,0,1,6656,8,5832109858
3592,115392826858,48976,115392875834,4,0,1,2048,4,5581751544
3593,115392930487,60220,115392990707,5,0,1,8704,5,7301290803
3594,115393024996,99316,115393124312,3,0,1,26112,3,9738440969
3595,115393107849,72020,115393179869,8,0,0,116736,8,3049817308
3596,115393211062,142564,115393353626,5,0,1,10240,5,2818664789
3597,115393345520,97756,115393443276,4,0,1,20992,4,6964555996
3598,115393366167,87484,115393453651,0,0,0,146944,0,2867447959
3599,115393390492,73310,115393463802,9,0,1,1536,9,5559725033
3600,115393848234,4933,115393853167,0,0,0,12800,0,55631526
3601,115394317774,174991,115394492765,0,0,0,287232,0,2026352954
3602,115394377001,126389,115394503390,0,0,0,42496,0,8793787200
3603,115394388184,146239,115394534423,8,0,1,16896,8,3807103690
3604,115394699031,133287,115394832318,0,0,0,216064,0,10513040465
3605,115394755825,200932,115394956757,3,0,1,25088,3,2705624020
3606,115394960906,147975,115395108881,0,0,0,244736,0,3065086674
3607,115395047469,72020,115395119489,3,0,1,17408,3,1573998053
3608,115395114349,7301,115395121650,8,0,0,116736,8,7930122963
3609,115395179414,240953,115395420367,5,0,0,512,5,687394858
3610,115395234995,128359,115395363354,3,0,1,10752,3,9738646608
3611,115395317641,87760,115395405401,8,0,1,18432,8,9802277202
3612,115395761583,52287,115395813870,0,0,0,84992,0,3939382050
3613,115396314922,82816,115396397738,3,0,1,12288,3,2230185184
3614,115396545567,43624,115396589191,4,0,0,74752,4,4411971880
3615,115396608394,59070,115396667464,4,0,1,4096,4,2693361577
3616,115396707339,5967,115396713306,0,0,0,14848,0,7587557739
3617,115396731904,53556,115396785460,5,0,1,22528,5,5419712539
3618,115396759766,98224,115396857990,8,0,1,1536,8,1626865739
3619,115397072652,101032,115397173684,5,0,1,31744,5,3629152727
3620,115397684286,88228,115397772514,2,0,1,19968,2,9185519823
3621,115397776997,147200,115397924197,4,0,0,243200,4,8536754773
3622,115397992575,77100,115398069675,4,0,0,130048,4,2177454875
3623,115398093987,100641,115398194628,4,0,1,4608,4,10703014167
3624,115398250624,24150,115398274774,0,0,0,43520,0,508485642
3625,115398339227,46467,115398385694,3,0,1,13824,3,7352157861
3626,115398339402,83284,115398422686,0,0,0,80384,0,8298569987
3627,115398348372,141091,115398489463,8,0,1,10240,8,1428738082
3628,115398535571,95128,115398630699,9,0,1,17408,9,5659430235
3629,115398651223,64204,115398715427,8,0,1,6656,8,8623697148
3630,115398676787,47284,115398724071,4,0,1,1536,4,4794886984
3631,115398871638,20362,115398892000,9,0,0,32768,9,4857464204
3632,115398883583,71648,115398955231,9,0,1,1024,9,2096479872
3633,115398979689,52516,115399032205,8,0,1,3584,8,1864336031
3634,115398983037,203904,115399186941,9,0,0,330240,9,1424829885
3635,115399582699,52672,115399635371,1,0,1,4096,1,2389162457
3636,115399641761,23204,115399664965,9,0,1,33280,9,10403952141
3637,115399667949,101500,115399769449,4,0,0,38400,4,7651385014
3638,115399731032,194226,115399925258,9,0,1,67072,9,10300432703
3639,115399896413,109233,115400005646,8,0,1,31232,8,3838263734
3640,115400083518,1514,115400085032,5,0,0,1536,5,4401140124
3641,115400324996,81280,115400406276,2,0,1,12288,2,5566090535
3642,115400359550,46737,115400406287,0,0,0,75264,0,6617962863
3643,115400402443,3855,115400406298,8,0,0,1024,8,7907468121
3644,115400788616,102904,115400891520,4,0,1,37888,4,8700697145
3645,115400881347,94097,115400975444,4,0,1,20992,4,7568078758
3646,115400901944,124971,115401026915,0,0,0,203264,0,7692506348
3647,115401139560,92529,115401232089,9,0,0,150016,9,9756225534
3648,115401147592,251401,115401398993,2,0,1,6656,2,3527356836
3649,115401286688,124040,115401410728,2,0,1,3584,2,8370609342
3650,115401520490,562,115401521052,1,0,1,10752,1,10202897868
3651,115401528574,68524,115401597098,5,0,0,512,5,10652608699
3652,115401652756,10237,115401662993,1,0,1,14336,1,4286410204
3653,115401655803,86512,115401742315,3,0,1,13824,3,8014922216
3654,115401656352,5708,115401662060,0,0,0,16384,0,6580279236
3655,115401754456,114029,115401868485,8,0,0,14336,8,4052309975
3656,115402029195,88048,115402117243,1,0,1,14336,1,5675614749
3657,115402036631,82807,115402119438,7,0,1,7168,7,4861386254
3658,115402197963,22687,115402220650,4,0,0,37376,4,8623944977
3659,115402222699,43900,115402266599,4,0,1,512,4,10073604257
3660,115402258024,92524,115402350548,9,0,1,18944,9,8096460788
3661,115402346937,109535,115402456472,2,0,1,20480,2,4352997150
3662,115402682845,89584,115402772429,8,0,1,14336,8,8310536156
3663,115403046469,562,115403047031,4,0,1,1536,4,223224353
3664,115403089190,47284,115403136474,5,0,0,512,5,4744116205
3665,115403101879,107116,115403208995,1,0,1,51712,1,8905510163
3666,115403312144,7226,115403319370,2,0,1,4608,2,8854051447
3667,115403316331,57827,115403374158,0,0,0,7680,0,3244169515
3668,115403545164,61378,115403606542,0,0,0,99328,0,3498932748
3669,115403547323,60525,115403607848,9,0,0,2048,9,7956296429
3670,115403607142,32295,115403639437,4,0,1,9216,4,9744425307
3671,115403693393,10237,115403703630,0,0,0,52736,0,5649951901
3672,115403697234,96551,115403793785,1,0,1,119808,1,10665490403
3673,115403707095,222648,115403929743,1,0,1,107520,1,3193910298
3674,115403714496,5192,115403719688,2,0,1,3072,2,3708427148
3675,115403776399,180516,115403956915,4,0,0,16384,4,5369207465
3676,115403825324,236373,115404061697,3,0,1,7168,3,4318964063
3677,115403831457,120347,115403951804,3,0,1,46080,3,10283710885
3678,115403833806,165357,115403999163,4,0,0,13312,4,2010073187
3679,115403911652,259603,115404171255,1,0,1,90112,1,9507047661
3680,115403972293,124690,115404096983,1,0,1,18432,1,8317213254
3681,115404172441,106180,115404278621,3,0,1,48640,3,6261728174
3682,115404198234,229409,115404427643,1,0,1,178688,1,5389786084
3683,115404277816,9706,115404287522,1,0,1,260096,1,3880534595
3684,115404420795,293245,115404714040,0,0,0,8704,0,9521783924
3685,115404553070,62471,115404615541,9,0,0,73216,9,214219395
3686,115404696369,6484,115404702853,8,0,0,15872,8,5923961195
3687,115404711384,562,115404711946,9,0,0,512,9,10024760382
3688,115404762020,47284,115404809304,3,0,1,1536,3,3882744361
3689,115404871978,5192,115404877170,8,0,1,6656,8,1020049963
3690,115404882038,72203,115404954241,9,0,0,13312,9,9754728755
3691,115404976609,113736,115405090345,3,0,1,9728,3,856287932
3692,115405117954,23462,115405141416,8,0,0,38912,8,8359905418
3693,115405201060,95620,115405296680,4,0,1,12288,4,9866604726
3694,115405205977,156821,115405362798,2,0,1,1536,2,6721650876
3695,115405213484,157844,115405371328,9,0,1,24064,9,2539756769
3696,115405445462,102592,115405548054,3,0,1,36864,3,7093127099
3697,115405538210,10874,115405549084,3,0,0,1024,3,2030342979
3698,115405630443,52360,115405682803,8,0,1,3072,8,8252211068
3699,115405663346,60820,115405724166,0,0,1,5632,0,2192190753
3700,115405868130,80836,115405948966,1,0,1,15872,1,9712548902
3701,115405896328,270568,115406166896,1,0,1,285696,1,1716912580
3702,115405917546,139836,115406057382,4,0,1,8704,4,2235735017
3703,115405974687,253436,115406228123,1,0,1,92160,1,6890998219
3704,115406028475,124655,115406153130,9,0,1,4608,9,1644420991
3705,115406046346,233765,115406280111,9,0,0,148480,9,8933103080
3706,115406048772,116453,115406165225,2,0,1,16384,2,4773132195
3707,115406135206,240891,115406376097,8,0,1,2560,8,727539554
3708,115406267091,50824,115406317915,8,0,1,24576,8,1750081837
3709,115406322073,51132,115406373205,9,0,1,3072,9,7222106552
3710,115406322556,128140,115406450696,3,0,1,2560,3,6924958462
3711,115406354987,195587,115406550574,8,0,0,317440,8,1959253660
3712,115406392868,158372,115406551240,3,0,0,1024,3,4530662282
3713,115406452129,25442,115406477571,2,0,1,1536,2,3652315215
3714,115406459587,1038,115406460625,2,0,1,11776,2,8551335094
3715,115406463268,196383,115406659651,9,0,1,5120,9,4422446761
3716,115406543918,41904,115406585822,8,0,0,46080,8,9155914568
3717,115406580025,263062,115406843087,3,0,0,1024,3,8136051293
3718,115406624452,276127,115406900579,2,0,1,2560,2,9731413868
3719,115406673633,182811,115406856444,9,0,0,68096,9,530596120
3720,115406787875,163920,115406951795,4,0,0,265728,4,1926623351
3721,115406790799,3894,115406794693,1,0,1,469504,1,7626915364
3722,115407010159,14541,115407024700,3,0,0,4096,3,10642263451
3723,115407098268,11529,115407109797,8,0,0,28160,8,1689878363
3724,115407165007,559232,115407724239,2,0,1,512,2,2087297423
3725,115407194593,143150,115407337743,9,0,0,18944,9,9250157738
3726,115407206892,185210,115407392102,5,0,0,2048,5,9331642920
3727,115407213637,141410,115407355047,0,0,0,5120,0,724523944
3728,115407344435,51297,115407395732,4,0,0,72192,4,10646440922
3729,115407381190,55736,115407436926,8,0,1,2048,8,5402455933
3730,115407548898,50668,115407599566,3,0,1,26624,3,6891078361
3731,115407549995,99472,115407649467,9,0,1,2560,9,3995410291
3732,115407612773,62980,115407675753,3,0,1,7680,3,7871506778
3733,115407646600,115745,115407762345,4,0,0,188416,4,9005755248
3734,115407656954,105737,115407762691,5,0,0,512,5,1249850921
3735,115407657070,117372,115407774442,4,0,0,48128,4,9799928207
3736,115407710381,84988,115407795369,1,0,1,77824,1,10705399650
3737,115407780237,260544,115408040781,8,0,0,138752,8,7459317331
3738,115407863336,109784,115407973120,9,0,1,7168,9,7489337161
3739,115407977498,31520,115408009018,1,0,1,378368,1,3014075424
3740,115408008645,13596,115408022241,8,0,0,51200,8,3996044572
3741,115408030838,6274,115408037112,3,0,1,48128,3,3714933660
3742,115408036705,347205,115408383910,3,0,1,25600,3,7124035947
3743,115408158334,521707,115408680041,9,0,1,14336,9,8706868084
3744,115408163840,483042,115408646882,0,0,0,23040,0,10468585131
3745,115408261766,359925,115408621691,3,0,0,6656,3,706675428
3746,115408534047,74863,115408608910,0,0,0,122368,0,8640812409
3747,115408630410,1514,115408631924,3,0,0,1536,3,6308960436
3748,115408635044,562,115408635606,3,0,0,512,3,9802013004
3749,115408789318,1514,115408790832,5,0,0,1536,5,4881093671
3750,115408790040,43900,115408833940,2,0,1,512,2,8282382142
3751,115408885085,1990,115408887075,5,0,0,2048,5,8190719489
3752,115408891866,106700,115408998566,0,0,0,177664,0,9012182362
3753,115409197259,55744,115409253003,9,0,1,4096,9,7128850670
3754,115409527102,4416,115409531518,3,0,0,11776,3,5001009940
3755,115409829565,43900,115409873465,3,0,1,512,3,8994933701
3756,115409841533,111328,115409952861,3,0,1,65536,3,5272967649
3757,115409938876,11258,115409950134,9,0,1,44544,9,6469992076
3758,115409948846,118909,115410067755,3,0,0,7680,3,4836094289
3759,115410127236,55817,115410183053,8,0,0,95232,8,3285673757
3760,115410198663,98548,115410297211,4,0,1,9216,4,1208831390
3761,115410224552,95800,115410320352,0,0,1,3072,0,9588954652
3762,115410270622,176313,115410446935,0,0,0,159744,0,8479853772
3763,115410293163,213360,115410506523,3,0,1,59392,3,3915372227
3764,115410293927,94660,115410388587,8,0,1,23552,8,4531583244
3765,115410439903,133921,115410573824,1,0,1,15872,1,4719665758
3766,115410458062,316927,115410774989,9,0,1,43008,9,6733393201
3767,115410466275,153279,115410619554,8,0,0,248320,8,8872826131
3768,115410492192,173918,115410666110,8,0,0,148992,8,190242661
3769,115410494653,219139,115410713792,8,0,0,154624,8,10603943661
3770,115410632708,83030,115410715738,3,0,0,3072,3,211700456
3771,115410653912,229458,115410883370,2,0,1,17408,2,905004764
3772,115410692125,328646,115411020771,9,0,1,8192,9,3959207290
3773,115410932146,121612,115411053758,0,0,0,196608,0,6066688140
3774,115411046958,177279,115411224237,6,0,1,5632,6,1307746707
3775,115411145653,94407,115411240060,2,0,1,2048,2,2177507234
3776,115411164536,85933,115411250469,4,0,0,143872,4,5915728997
3777,115411358037,60820,115411418857,7,0,1,5632,7,3039596224
3778,115411473870,43900,115411517770,7,0,1,512,7,4670632658
3779,115411549910,68836,115411618746,3,0,1,11776,3,10663471404
3780,115411621834,102436,115411724270,6,0,1,36352,6,7828790612
3781,115411690387,54096,115411744483,0,0,0,88576,0,4477733971
3782,115411703932,113476,115411817408,5,0,1,2048,5,1103832211
3783,115411775500,124258,115411899758,1,0,1,64512,1,4432535312
3784,115411778959,184763,115411963722,5,0,1,11776,5,10364743016
3785,115411904386,74356,115411978742,5,0,1,9728,5,3647489670
3786,115411972126,94079,115412066205,8,0,0,153088,8,2341603530
3787,115412024361,44728,115412069089,9,0,1,10752,9,1446343647
3788,115412027378,223567,115412250945,4,0,0,28160,4,3979793566
3789,115412230798,1038,115412231836,3,0,1,7168,3,1147627259
3790,115412270174,68585,115412338759,5,0,0,1024,5,9963141700
3791,115412521623,1990,115412523613,1,0,1,142336,1,5637203102
3792,115412628277,168520,115412796797,0,0,0,2048,0,5865761835
3793,115412736392,5322,115412741714,9,0,1,26624,9,7219459605
3794,115412767121,120340,115412887461,5,0,0,5632,5,7787339363
3795,115412930842,26217,115412957059,8,0,0,47616,8,878669287
3796,115413026933,102436,115413129369,0,0,1,36352,0,9929422571
3797,115413149442,106648,115413256090,1,0,1,50176,1,9821347734
3798,115413333039,52029,115413385068,9,0,0,84480,9,5582079533
3799,115413342227,41696,115413383923,9,0,1,16384,9,7820795419
3800,115413344857,41125,115413385982,9,0,0,15360,9,9537221674
3801,115413345787,123779,115413469566,8,0,0,9728,8,1591855839
3802,115413349438,202321,115413551759,9,0,0,300544,9,10608416988
3803,115413520772,3418,115413524190,0,0,1,10240,0,8336298693
3804,115413611985,183796,115413795781,1,0,0,3584,1,2738583827
3805,115413638795,134491,115413773286,9,0,0,221696,9,9784575047
3806,115413679983,127223,115413807206,1,0,1,45568,1,10411674996
3807,115413720377,140890,115413861267,2,0,1,9216,2,7737107253
3808,115413725438,163315,115413888753,8,0,1,1536,8,935818962
3809,115413789237,330638,115414119875,0,0,1,22528,0,8693312605
3810,115413991322,54052,115414045374,2,0,1,3584,2,3037256959
3811,115414030449,36342,115414066791,8,0,0,64000,8,10267761286
3812,115414033101,34676,115414067777,5,0,0,1536,5,2322009074
3813,115414144652,92104,115414236756,8,0,1,27648,8,1661518789
3814,115414205462,1990,115414207452,4,0,1,26112,4,9324933136
3815,115414287903,122134,115414410037,8,0,1,7168,8,5741725526
3816,115414297974,56680,115414354654,3,0,0,2048,3,8258025911
3817,115414587522,43900,115414631422,6,0,1,512,6,323096763
3818,115415178154,1990,115415180144,1,0,0,2048,1,3115413246
3819,115415258596,57436,115415316032,0,0,1,4608,0,5240849930
3820,115415560799,2466,115415563265,3,0,0,2560,3,2246602607
3821,115415606336,1990,115415608326,5,0,1,7680,5,6530444917
3822,115415646818,56836,115415703654,3,0,0,2048,3,4542272194
3823,115415696347,213512,115415909859,4,0,0,345600,4,5155561096
3824,115415850086,61719,115415911805,3,0,0,3072,3,3850784898
3825,115416010511,72836,115416083347,0,0,1,5632,0,2619026729
3826,115416046683,76654,115416123337,1,0,1,9728,1,9469157397
3827,115416100291,50668,115416150959,6,0,1,2560,6,1424532262
3828,115416158481,1038,115416159519,5,0,1,1536,5,5139172402
3829,115416193870,47284,115416241154,1,0,0,1024,1,10137894355
3830,115416204295,32295,115416236590,4,0,0,52736,4,1125348518
3831,115416220039,562,115416220601,8,0,1,1024,8,10070290887
3832,115416258075,13249,115416271324,3,0,0,512,3,9827979722
3833,115416265537,123176,115416388713,0,0,0,25600,0,1571867136
3834,115416325408,137333,115416462741,0,0,0,227328,0,5137962192
3835,115416346300,138128,115416484428,1,0,1,289792,1,5703838901
3836,115416370160,282911,115416653071,8,0,0,422912,8,2358856206
3837,115416439769,165199,115416604968,4,0,1,13824,4,10159271417
3838,115416479240,288600,115416767840,2,0,1,52224,2,6285102293
3839,115416492426,221417,115416713843,6,0,1,1024,6,7449552109
3840,115416503527,174045,115416677572,5,0,0,50176,5,6713743941
3841,115416547214,531458,115417078672,4,0,1,2560,4,10735567849
3842,115416608127,262921,115416871048,0,0,0,282112,0,6199796567
3843,115416611733,204737,115416816470,0,0,1,14848,0,9567982498
3844,115416614848,21300,115416636148,0,0,0,51712,0,9537512415
3845,115416673043,457230,115417130273,5,0,0,1024,5,1436471474
3846,115416858003,47963,115416905966,3,0,0,1536,3,824358860
3847,115416873660,378512,115417252172,9,0,0,74240,9,8054394144
3848,115416985272,81628,115417066900,3,0,1,13312,3,4143636052
3849,115417021197,224403,115417245600,9,0,0,132096,9,6517405957
3850,115417090762,132737,115417223499,6,0,1,13312,6,1681730507
3851,115417165434,123420,115417288854,0,0,0,200192,0,5695588543
3852,115417181430,22687,115417204117,1,0,1,282624,1,7274873283
3853,115417194785,186343,115417381128,1,0,1,260096,1,7537055647
3854,115417199292,487723,115417687015,0,0,1,9728,0,9632885139
3855,115417285268,341045,115417626313,3,0,1,10752,3,5326218869
3856,115417308092,406466,115417714558,0,0,0,37376,0,9616185909
3857,115417347402,596427,115417943829,3,0,1,19456,3,4969761087
3858,115417596992,208984,115417805976,8,0,0,343552,8,4214017791
3859,115417639601,177102,115417816703,5,0,0,43008,5,3038350936
3860,115417642021,116877,115417758898,3,0,1,30208,3,8664945496
3861,115417657373,37146,115417694519,3,0,1,2560,3,950358475
3862,115417738364,244484,115417982848,4,0,0,104960,4,2238922576
3863,115417818761,56850,115417875611,1,0,0,1024,1,472429568
3864,115417859051,1990,115417861041,6,0,1,9728,6,5252882602
3865,115417895387,130515,115418025902,8,0,0,97280,8,4815672804
3866,115417960874,481943,115418442817,3,0,0,2048,3,2765617813
3867,115418124212,148939,115418273151,1,0,1,73216,1,9233330843
3868,115418192776,92510,115418285286,5,0,1,20992,5,6488645840
3869,115418303135,95025,115418398160,1,0,1,572928,1,3610975753
3870,115418303453,482842,115418786295,0,0,1,27648,0,8195118762
3871,115418361224,490975,115418852199,5,0,1,4096,5,10274585628
3872,115418371570,242450,115418614020,8,0,0,158208,8,9754733996
3873,115418479251,423645,115418902896,1,0,1,309248,1,2126684475
3874,115418551989,281631,115418833620,9,0,0,370176,9,8684056056
3875,115418589226,542942,115419132168,8,0,1,12800,8,3292704080
3876,115418621276,33558,115418654834,4,0,0,53760,4,7977110558
3877,115418872114,562,115418872676,1,0,0,1536,1,3167250970
3878,115418954478,24238,115418978716,3,0,0,512,3,2486752627
3879,115418984924,487568,115419472492,0,0,0,40448,0,6573487059
3880,115419213290,3383,115419216673,6,0,1,45568,6,5396820860
3881,115419218089,105244,115419323333,3,0,1,47616,3,1594818106
3882,115419237288,14896,115419252184,3,0,0,9728,3,2469902133
3883,115419303649,136397,115419440046,8,0,0,28672,8,2832118591
3884,115419346767,10653,115419357420,3,0,0,3072,3,3704106375
3885,115419402728,43900,115419446628,6,0,1,512,6,4926822288
3886,115419444878,3418,115419448296,3,0,0,3584,3,4136142193
3887,115419816476,97284,115419913760,4,0,1,23040,4,5866253260
3888,115419823060,95294,115419918354,5,0,1,8192,5,795815350
3889,115419896545,206812,115420103357,1,0,1,217600,1,4969351905
3890,115419987888,115480,115420103368,5,0,0,119296,5,1709856998
3891,115420036456,67079,115420103535,6,0,1,512,6,4880721769
3892,115420127225,120113,115420247338,0,0,1,5632,0,9709866399
3893,115420360133,47284,115420407417,2,0,1,1536,2,1509294580
3894,115420424269,163444,115420587713,1,0,1,140800,1,2238867839
3895,115420508763,142646,115420651409,1,0,1,50176,1,10189494851
3896,115420589452,147493,115420736945,7,0,1,31232,7,7825164839
3897,115420666284,205624,115420871908,0,0,0,336896,0,3422733665
3898,115420760047,205000,115420965047,4,0,1,7680,4,8796048329
3899,115420860818,174009,115421034827,2,0,1,20480,2,5517413729
3900,115420926313,137591,115421063904,6,0,1,18944,6,4553679670
3901,115421324711,24925,115421349636,4,0,0,45056,4,5220546696
3902,115421327726,24176,115421351902,3,0,0,3584,3,10593079477
3903,115421390166,562,115421390728,3,0,0,512,3,3087818200
3904,115421391504,286883,115421678387,8,0,0,468480,8,718271086
3905,115421411803,323632,115421735435,4,0,1,9216,4,7478732136
3906,115421456785,287676,115421744461,3,0,1,82432,3,9828191342
3907,115421531918,261921,115421793839,0,0,1,31232,0,1727571011
3908,115421621055,491995,115422113050,7,0,1,18944,7,9302450567
3909,115421922590,3124,115421925714,7,0,1,2560,7,6609041312
3910,115421966263,76315,115422042578,8,0,0,9216,8,2789981595
3911,115421977861,164179,115422142040,9,0,0,266240,9,6885022649
3912,115422052831,91795,115422144626,1,0,0,4096,1,1323992285
3913,115422094239,206481,115422300720,0,0,1,11776,0,7007128173
3914,115422307950,24238,115422332188,0,0,0,40448,0,2766379077
3915,115422398694,52360,115422451054,2,0,1,3072,2,2734539761
3916,115422469208,43900,115422513108,6,0,1,512,6,5987409679
3917,115422638864,2942,115422641806,3,0,0,3072,3,1743665882
3918,115422711908,1990,115422713898,1,0,0,2048,1,79575878
3919,115422731656,119163,115422850819,2,0,1,11776,2,4301956029
3920,115422796646,68524,115422865170,2,0,1,10752,2,3919482681
3921,115422835894,87604,115422923498,3,0,1,17920,3,3905013942
3922,115422877122,59128,115422936250,4,0,1,5120,4,8866524272
3923,115423039827,16609,115423056436,4,0,0,32256,4,1511302549
3924,115423084935,95541,115423180476,8,0,0,159232,8,4757672515
3925,115423127088,54694,115423181782,3,0,0,2048,3,3435406892
3926,115423255989,31262,115423287251,5,0,0,50688,5,4345944497
3927,115423275715,15082,115423290797,8,0,0,5632,8,1744006533
3928,115423276387,16356,115423292743,1,0,0,3072,1,5895550681
3929,115423287495,195971,115423483466,5,0,1,6144,5,9973044162
3930,115423347711,140699,115423488410,3,0,1,12288,3,4705614340
3931,115423418642,358791,115423777433,8,0,0,585216,8,1277920268
3932,115423669422,114629,115423784051,8,0,0,31744,8,5951117493
3933,115423671540,102654,115423774194,5,0,1,13312,5,5658536967
3934,115423741543,226908,115423968451,0,0,0,166400,0,1401835238
3935,115423787786,245453,115424033239,4,0,1,7168,4,6452539951
3936,115423945027,213770,115424158797,0,0,0,346112,0,10677533942
3937,115424090918,212408,115424303326,3,0,1,16384,3,6516942641
3938,115424115110,120522,115424235632,1,0,1,121856,1,1857663803
3939,115424148126,241614,115424389740,0,0,1,17920,0,47369737
3940,115424183911,166493,115424350404,7,0,1,30208,7,1550312105
3941,115424207007,220942,115424427949,0,0,0,150528,0,5918627211
3942,115424275527,110451,115424385978,5,0,1,9728,5,5898960241
3943,115424285566,64479,115424350045,4,0,1,61952,4,1172323352
3944,115424347474,3900,115424351374,5,0,1,6144,5,2584478732
3945,115424359531,4675,115424364206,8,0,0,105472,8,10667087403
3946,115424407754,155032,115424562786,7,0,1,35840,7,3982760217
3947,115424449847,264664,115424714511,0,0,0,10752,0,224439528
3948,115424484412,203982,115424688394,4,0,0,12288,4,3655924374
3949,115424636333,24150,115424660483,8,0,0,43520,8,6040355795
3950,115424668965,22946,115424691911,2,0,1,6144,2,6980100300
3951,115424743923,151341,115424895264,4,0,0,37888,4,9376449535
3952,115424786711,3124,115424789835,6,0,1,4096,6,8906429699
3953,115424802720,97844,115424900564,1,0,1,55296,1,5354336331
3954,115424849332,151537,115425000869,0,0,0,9216,0,4473889274
3955,115424968985,34363,115425003348,4,0,0,56832,4,7804512427
3956,115424973373,77181,115425050554,4,0,1,6656,4,2686434634
3957,115424995041,86217,115425081258,4,0,1,512,4,2919270237
3958,115425131782,65896,115425197678,5,0,1,7168,5,337013414
3959,115425154142,122387,115425276529,5,0,0,198144,5,5783009308
3960,115425179056,73463,115425252519,4,0,1,7168,4,2650619547
3961,115425205012,562,115425205574,1,0,0,3072,1,5010899122
3962,115425295598,165008,115425460606,8,0,0,512,8,4266331829
3963,115425358280,51347,115425409627,5,0,1,1024,5,9360318224
3964,115425398867,562,115425399429,1,0,1,70144,1,6973758010
3965,115425402431,116296,115425518727,4,0,1,5120,4,4535158848
3966,115425468886,114319,115425583205,1,0,0,512,1,196787239
3967,115425499084,11011,115425510095,3,0,1,5120,3,1124226613
3968,115425501854,75199,115425577053,1,0,1,14848,1,1027980116
3969,115425510147,86170,115425596317,1,0,0,11776,1,7753537201
3970,115425788290,316999,115426105289,0,0,0,517120,0,9501181932
3971,115425816360,289915,115426106275,1,0,0,1536,1,3451380639
3972,115425932902,114240,115426047142,4,0,1,25088,4,6851854209
3973,115426033458,375227,115426408685,4,0,0,132608,4,3167681080
3974,115426508565,56592,115426565157,4,0,0,96768,4,7620595614
3975,115426624025,3124,115426627149,1,0,1,15360,1,2155820719
3976,115426664735,71464,115426736199,1,0,0,9216,1,8188517573
3977,115426712218,103060,115426815278,5,0,1,38400,5,2052477733
3978,115426765488,21654,115426787142,1,0,1,220672,1,6036251774
3979,115426821484,222746,115427044230,5,0,0,35328,5,3211223665
3980,115426924461,105669,115427030130,5,0,0,68096,5,9290146449
3981,115427082085,274695,115427356780,5,0,0,524288,5,1830908222
3982,115427090424,324112,115427414536,5,0,1,17920,5,6792385400
3983,115427175013,90399,115427265412,5,0,1,10752,5,5287971054
3984,115427267924,307269,115427575193,7,0,1,41984,7,9188091140
3985,115427318384,126665,115427445049,3,0,0,4096,3,5264633268
3986,115427491206,376478,115427867684,2,0,1,8704,2,4234470782
3987,115427929536,54988,115427984524,7,0,1,6656,7,3686545816
3988,115428242000,56075,115428298075,4,0,0,95744,4,7569140935
3989,115428329204,1514,115428330718,7,0,1,16896,7,10094509144
3990,115428379107,106771,115428485878,1,0,0,1536,1,5764846194
3991,115428454547,3383,115428457930,3,0,0,9728,3,373995617
3992,115428485909,1038,115428486947,8,0,0,1024,8,3250764252
3993,115428498667,44488,115428543155,2,0,1,7680,2,6847720046
3994,115428520599,92054,115428612653,5,0,0,73216,5,7929402941
3995,115428567285,74143,115428641428,6,0,1,7168,6,2909969084
3996,115428703560,60820,115428764380,5,0,1,5632,5,735280327
3997,115428789109,62512,115428851621,5,0,1,6144,5,10397829156
3998,115428796092,156659,115428952751,1,0,1,110080,1,427967238
3999,115428852095,111509,115428963604,0,0,1,10752,0,10181025703
4000,115428967146,6750,115428973896,8,0,0,7168,8,10045370666
4001,115429009072,64204,115429073276,5,0,1,6656,5,2207630162
4002,115429115046,63187,115429178233,0,0,0,102912,0,6970498178
4003,115429144356,562,115429144918,2,0,1,31744,2,2479791694
4004,115429165994,103127,115429269121,1,0,1,58368,1,3035529959
4005,115429197854,1990,115429199844,2,0,1,24064,2,3837913676
4006,115429235185,112463,115429347648,3,0,0,512,3,8908677531
4007,115429299120,6084,115429305204,4,0,0,2048,4,5541339446
4008,115429307167,239073,115429546240,3,0,0,3072,3,6880007299
4009,115429390974,57210,115429448184,0,0,0,73728,0,10358748929
4010,115429396989,51451,115429448440,5,0,0,9216,5,10570285238
4011,115429486358,36859,115429523217,5,0,0,65024,5,6888089127
4012,115429657657,93821,115429751478,1,0,1,238592,1,3712934548
4013,115429710456,254819,115429965275,4,0,0,152576,4,3628224076
4014,115429797260,116787,115429914047,0,0,1,5120,0,2975277664
4015,115429808355,120575,115429928930,5,0,1,10240,5,7666180383
4016,115429811938,153233,115429965171,0,0,1,44544,0,3187361685
4017,115429812954,76991,115429889945,7,0,1,3072,7,2160518840
4018,115429833815,22170,115429855985,0,0,1,25600,0,7864111245
4019,115429890110,199645,115430089755,4,0,0,86528,4,3797211687
4020,115429980954,300015,115430280969,0,0,0,36352,0,8857785233
4021,115430154162,562,115430154724,6,0,1,50176,6,5371862895
4022,115430235566,47284,115430282850,3,0,0,512,3,1682287700
4023,115430244596,206131,115430450727,7,0,1,1536,7,10429314463
4024,115430283507,93496,115430377003,7,0,1,3072,7,5881615486
4025,115430394207,71908,115430466115,6,0,1,11776,6,8670735958
4026,115430488570,562,115430489132,8,0,0,512,8,45456492
4027,115430581942,65896,115430647838,7,0,1,7168,7,9639574975
4028,115430796840,172237,115430969077,0,0,0,278528,0,7013492360
4029,115430798367,172656,115430971023,1,0,0,3072,1,10108559751
4030,115430883986,89623,115430973609,3,0,0,4096,3,8180991126
4031,115431132801,562,115431133363,5,0,1,37376,5,6417462518
4032,115431177264,562,115431177826,1,0,0,512,1,6296212506
4033,115431200262,102748,115431303010,1,0,0,512,1,6499809655
4034,115431201778,113668,115431315446,1,0,1,73216,1,7207742792
4035,115431250361,83303,115431333664,7,0,1,2560,7,8429643913
4036,115431278215,113983,115431392198,0,0,0,188416,0,598104560
4037,115431430056,1514,115431431570,1,0,1,284160,1,6925235645
4038,115431468041,13079,115431481120,4,0,1,31232,4,7300039492
4039,115431511396,2942,115431514338,3,0,0,1536,3,5947627951
4040,115431526596,298425,115431825021,4,0,0,22016,4,7741994259
4041,115431565242,269967,115431835209,8,0,0,3072,8,3835243173
4042,115431782114,57436,115431839550,6,0,1,4608,6,7223700464
4043,115431973423,48976,115432022399,7,0,1,2048,7,4078893772
4044,115432014753,43900,115432058653,2,0,1,512,2,3755492620
4045,115432079930,1038,115432080968,1,0,1,23040,1,2750181297
4046,115432118528,96844,115432215372,2,0,1,8704,2,1623715019
4047,115432154102,100300,115432254402,3,0,0,1024,3,8377275789
4048,115432170715,49951,115432220666,7,0,1,512,7,624039267
4049,115432279372,22687,115432302059,5,0,0,37376,5,148389154
4050,115432298199,97850,115432396049,3,0,1,9216,3,6610711126
4051,115432303092,183093,115432486185,4,0,1,2048,4,2492494369
4052,115432473373,114499,115432587872,0,0,0,189440,0,1663598652
4053,115432480235,129757,115432609992,5,0,0,73216,5,4322750807
4054,115432495020,215306,115432710326,3,0,1,6656,3,9371437628
4055,115432497294,1038,115432498332,1,0,1,232960,1,387601040
4056,115432693059,331136,115433024195,1,0,1,584704,1,6648072392
4057,115432699191,135342,115432834533,6,0,1,19968,6,2377857153
4058,115432719936,63850,115432783786,1,0,0,1024,1,847288956
4059,115432771204,11787,115432782991,8,0,0,512,8,9508216373
4060,115432850596,13249,115432863845,4,0,1,16896,4,6775282476
4061,115432884884,4158,115432889042,4,0,0,19456,4,8382610247
4062,115432980695,3641,115432984336,0,0,0,25600,0,4249189512
4063,115433010588,282821,115433293409,4,0,0,11264,4,4868207484
4064,115433029644,629607,115433659251,3,0,0,10240,3,611824185
4065,115433201707,39474,115433241181,4,0,1,1024,4,5891054574
4066,115433289007,166543,115433455550,1,0,0,6144,1,8162400398
4067,115433382492,7702,115433390194,8,0,0,8192,8,2659296394
4068,115433382624,7916,115433390540,3,0,0,512,3,5738628333
4069,115433425235,53491,115433478726,2,0,1,29184,2,1894537909
4070,115433440811,5322,115433446133,1,0,1,519168,1,6162607827
4071,115433479516,1038,115433480554,0,0,0,90624,0,7489519611
4072,115433542874,255946,115433798820,8,0,0,5632,8,1080376729
4073,115433581918,1038,115433582956,3,0,0,1024,3,9876791889
4074,115433691631,459124,115434150755,3,0,0,1024,3,2177730657
4075,115433714216,185754,115433899970,0,0,0,198144,0,6761702223
4076,115433714319,230196,115433944515,0,0,0,73216,0,850091490
4077,115433763513,128460,115433891973,4,0,1,3072,4,2435451150
4078,115433817041,102048,115433919089,8,0,0,1536,8,8202685470
4079,115433839339,211140,115434050479,6,0,1,6144,6,616191104
4080,115433864896,234733,115434099629,4,0,0,75776,4,9553901012
4081,115433943882,265944,115434209826,4,0,0,427008,4,4529722828
4082,115434047723,228292,115434276015,7,0,1,7680,7,1569823838
4083,115434123476,2466,115434125942,3,0,1,25600,3,2388239290
4084,115434207350,160312,115434367662,1,0,1,1024,1,3672263632
4085,115434275436,324496,115434599932,6,0,1,7168,6,8876726485
4086,115434332081,95195,115434427276,4,0,1,10752,4,434467335
4087,115434364236,224223,115434588459,3,0,0,2560,3,8723544146
4088,115434508347,5322,115434513669,3,0,1,27648,3,2436774807
4089,115434521096,99784,115434620880,1,0,0,5632,1,3250881226
4090,115434559943,55558,115434615501,0,0,0,94720,0,6092716195
4091,115434886107,266979,115435153086,5,0,0,433152,5,2805072482
4092,115435078625,36691,115435115316,0,0,1,8192,0,8380967886
4093,115435119301,43900,115435163201,3,0,0,4608,3,3593363270
4094,115435249782,235781,115435485563,4,0,1,512,4,10600777269
4095,115435292326,106180,115435398506,6,0,1,48640,6,7848490685
4096,115435348005,50512,115435398517,4,0,0,76800,4,8545201542
4097,115435368120,61106,115435429226,6,0,1,1024,6,5209543513
4098,115435419470,233503,115435652973,5,0,0,377856,5,6823117168
4099,115435424939,78137,115435503076,1,0,1,29696,1,355760029
4100,115435451305,78221,115435529526,6,0,1,7168,6,9579386893
4101,115435481779,69575,115435551354,5,0,1,15872,5,6813973987
4102,115435576142,229739,115435805881,3,0,0,2048,3,6981316916
4103,115435577364,289081,115435866445,1,0,0,2048,1,4322413994
4104,115435586676,136399,115435723075,1,0,0,1024,1,8601004995
4105,115435617497,312018,115435929515,7,0,1,2048,7,8948942978
4106,115435833531,2942,115435836473,0,0,1,13312,0,957093616
4107,115435837407,70840,115435908247,1,0,0,3072,1,5889171887
4108,115435851634,83284,115435934918,2,0,1,13824,2,10280109123
4109,115435896572,142683,115436039255,3,0,1,16384,3,6509368316
4110,115435955934,149309,115436105243,1,0,1,101888,1,5528215377
4111,115435980144,133036,115436113180,7,0,1,23552,7,3973298118
4112,115436016740,54354,115436071094,4,0,1,512,4,6672313084
4113,115436026078,53021,115436079099,1,0,1,36352,1,3276185759
4114,115436064927,148442,115436213369,5,0,0,89088,5,7167575930
4115,115436067438,197640,115436265078,5,0,0,13824,5,1475116427
4116,115436117762,140433,115436258195,2,0,1,5120,2,2641060010
4117,115436174449,188809,115436363258,0,0,1,48128,0,2131380556
4118,115436215680,202022,115436417702,6,0,1,50176,6,3206731331
4119,115436278091,153020,115436431111,0,0,0,247808,0,1952717981
4120,115436298256,133201,115436431457,8,0,0,512,8,6833562925
4121,115436409750,4846,115436414596,2,0,1,12800,2,7262351906
4122,115436506568,169272,115436675840,3,0,0,5120,3,6704473492
4123,115436552862,73103,115436625965,5,0,1,17920,5,8744509285
4124,115436565676,153368,115436719044,0,0,1,2048,0,4135128275
4125,115436644032,104620,115436748652,1,0,1,43520,1,1535821997
4126,115436731631,93785,115436825416,3,0,1,20992,3,4172022051
4127,115436822105,88771,115436910876,7,0,1,20992,7,1538344296
4128,115437063547,1038,115437064585,8,0,0,1024,8,6983353849
4129,115437074356,45592,115437119948,6,0,1,1024,6,3668759722
4130,115437076311,82662,115437158973,1,0,1,14336,1,5998424545
4131,115437150676,180573,115437331249,0,0,0,134144,0,4647362176
4132,115437287363,562,115437287925,7,0,1,15360,7,2242432273
4133,115437316864,71464,115437388328,1,0,0,512,1,6852414837
4134,115437437280,102436,115437539716,2,0,1,36352,2,5336716817
4135,115437590452,1514,115437591966,1,0,0,1536,1,2858289067
4136,115437625234,106648,115437731882,3,0,1,50176,3,6654916911
4137,115437658860,96392,115437755252,4,0,1,14848,4,8209210503
4138,115437701425,56438,115437757863,7,0,1,41472,7,6831642708
4139,115437721028,131401,115437852429,2,0,1,1024,2,5517290533
4140,115437830591,5169,115437835760,3,0,0,3072,3,3848903378
4141,115438016507,42162,115438058669,0,0,0,68608,0,3777140895
4142,115438101614,169232,115438270846,0,0,1,9728,0,2338934423
4143,115438214840,86380,115438301220,0,0,1,18944,0,7707617028
4144,115438280506,47284,115438327790,9,0,1,1536,9,5625535673
4145,115438385318,65896,115438451214,2,0,1,7168,2,7364392743
4146,115438482467,562,115438483029,0,0,1,72192,0,10644560020
4147,115438550299,113356,115438663655,8,0,0,512,8,844425767
4148,115438624004,72798,115438696802,6,0,1,8704,6,7729546583
4149,115438642607,6086,115438648693,1,0,1,7168,1,204623327
4150,115438646205,64360,115438710565,2,0,1,512,2,2175651909
4151,115438663733,60929,115438724662,3,0,1,512,3,475964319
4152,115438694608,43900,115438738508,8,0,0,10752,8,4370827574
4153,115438779830,67900,115438847730,0,0,1,8704,0,6508407182
4154,115438921112,3418,115438924530,3,0,0,3584,3,2569623026
4155,115438934342,94267,115439028609,3,0,1,17920,3,9164063582
4156,115439112092,102748,115439214840,1,0,1,37376,1,4721505650
4157,115439298365,69280,115439367645,5,0,1,8192,5,5480738535
4158,115439427314,4370,115439431684,4,0,0,4608,4,5713569869
4159,115439447816,104256,115439552072,5,0,1,33280,5,3099855607
4160,115439655492,45592,115439701084,7,0,1,1024,7,7919910610
4161,115439701445,43900,115439745345,3,0,1,512,3,9567961730
4162,115439889419,65896,115439955315,1,0,1,7168,1,9435124732
4163,115439976234,4846,115439981080,3,0,0,5120,3,3626028039
4164,115440008055,134233,115440142288,5,0,0,221184,5,5553305091
4165,115440059835,118743,115440178578,0,0,0,116224,0,8634222437
4166,115440094577,169536,115440264113,9,0,1,24576,9,8208226045
4167,115440106275,141415,115440247690,7,0,1,10240,7,3033569009
4168,115440167845,243551,115440411396,4,0,1,14336,4,3478998747
4169,115440195504,50668,115440246172,1,0,1,20480,1,4556721707
4170,115440393835,256609,115440650444,7,0,1,2560,7,4539068624
4171,115440461342,7702,115440469044,4,0,1,44544,4,698764999
4172,115440528800,104932,115440633732,4,0,0,8192,4,2959526541
4173,115440552162,14123,115440566285,8,0,0,1024,8,419202739
4174,115440721959,54052,115440776011,9,0,1,3584,9,3436537780
4175,115440881781,45950,115440927731,4,0,0,79360,4,10453574781
4176,115441125604,13249,115441138853,4,0,0,25600,4,10019426699
4177,115441242012,3894,115441245906,8,0,0,4096,8,5082455493
4178,115441257126,562,115441257688,1,0,0,512,1,5546698635
4179,115441257365,124454,115441381819,4,0,0,202240,4,440734917
4180,115441307129,3894,115441311023,5,0,1,512,5,1195909755
4181,115441407325,105277,115441512602,8,0,0,4096,8,9746480483
4182,115441415392,64133,115441479525,0,0,0,108032,0,6551821890
4183,115441426137,54694,115441480831,3,0,0,2048,3,7232743403
4184,115441467526,59128,115441526654,5,0,1,5120,5,1142246125
4185,115441523964,6750,115441530714,8,0,0,7168,8,4094219644
4186,115441770569,51512,115441822081,0,0,0,83456,0,7978502822
4187,115441810552,80558,115441891110,9,0,1,1024,9,937384219
4188,115442096697,55744,115442152441,4,0,1,4096,4,5736709131
4189,115442244330,45592,115442289922,5,0,1,1024,5,8785365864
4190,115442338827,11787,115442350614,0,0,0,19456,0,10665037845
4191,115442449654,54354,115442504008,4,0,0,89088,4,5620642300
4192,115442503623,1514,115442505137,3,0,1,57856,3,3862147813
4193,115442610896,153530,115442764426,3,0,0,1536,3,6401274208
4194,115442748548,1038,115442749586,8,0,0,1024,8,5641027984
4195,115442763950,82662,115442846612,0,0,0,134144,0,1919451572
4196,115442807584,158904,115442966488,4,0,1,31744,4,3638558866
4197,115442944258,99018,115443043276,6,0,1,14336,6,5594279588
4198,115443134399,54052,115443188451,4,0,1,3584,4,7962723792
4199,115443167584,64360,115443231944,9,0,1,7168,9,3447448126
4200,115443198287,80391,115443278678,9,0,1,8192,9,9997527846
4201,115443331000,5798,115443336798,1,0,0,6144,1,6072572536
4202,115443658781,106180,115443764961,3,0,1,48640,3,7318126871
4203,115443666563,106677,115443773240,4,0,1,27136,4,4883032507
4204,115443859087,96064,115443955151,9,0,1,20480,9,9473475027
4205,115443957061,103216,115444060277,0,0,1,38912,0,5094562808
4206,115444204686,1038,115444205724,1,0,0,1024,1,2384597686
4207,115444239457,1038,115444240495,3,0,0,1024,3,8844390307
4208,115444345805,84844,115444430649,4,0,1,18944,4,6747062992
4209,115444420997,1514,115444422511,3,0,1,52224,3,5383367657
4210,115444457655,107272,115444564927,3,0,0,1536,3,3582547350
4211,115444641532,41904,115444683436,7,0,1,15872,7,5502578714
4212,115444653681,88516,115444742197,4,0,0,68096,4,5117972843
4213,115444762319,72664,115444834983,4,0,1,9216,4,7801896157
4214,115444836159,1514,115444837673,1,0,0,1536,1,1621406736
4215,115444904556,110564,115445015120,7,0,1,27136,7,1009393681
4216,115445058952,32812,115445091764,3,0,1,7168,3,1026445977
4217,115445064055,11787,115445075842,0,0,0,53760,0,8609007695
4218,115445097986,55144,115445153130,5,0,0,19456,5,1752907443
4219,115445232794,1990,115445234784,8,0,0,2048,8,7830084724
4220,115445310921,215749,115445526670,5,0,0,353280,5,912423816
4221,115445382788,147748,115445530536,1,0,0,6144,1,1504937900
4222,115445517494,1990,115445519484,7,0,1,7168,7,5983462929
4223,115445598704,562,115445599266,8,0,0,2048,8,8995830630
4224,115445677365,213974,115445891339,1,0,0,512,1,5182962139
4225,115446064877,1038,115446065915,7,0,1,3584,7,539687709
4226,115446070006,49444,115446119450,3,0,0,1024,3,1476928670
4227,115446139824,98224,115446238048,7,0,1,22528,7,5316169565
4228,115446159122,106960,115446266082,5,0,1,51200,5,2833775528
4229,115446163193,124883,115446288076,0,0,0,206336,0,9460460599
4230,115446263837,105386,115446369223,5,0,1,8192,5,3388512014
4231,115446305503,65184,115446370687,9,0,1,1024,9,3824903011
4232,115446599583,43712,115446643295,5,0,0,71680,5,4354135855
4233,115446620504,25057,115446645561,8,0,0,3584,8,9060023458
4234,115446691311,5322,115446696633,0,0,0,5632,0,4203208476
4235,115446741579,3900,115446745479,4,0,0,10752,4,7408417062
4236,115446756286,105408,115446861694,5,0,0,175104,5,5113867233
4237,115446848031,17209,115446865240,1,0,0,5632,1,1702169418
4238,115447226555,57436,115447283991,4,0,1,4608,4,1317743537
4239,115447317333,56212,115447373545,6,0,1,5632,6,119866872
4240,115447452284,205366,115447657650,5,0,0,336384,5,1319766562
4241,115447571915,86401,115447658316,8,0,0,1024,8,5248308330
4242,115447580569,2866,115447583435,5,0,1,6144,5,5495084650
4243,115447595935,34275,115447630210,0,0,1,8192,0,1483590732
4244,115447674070,276668,115447950738,3,0,0,8704,3,4062224697
4245,115447772823,44658,115447817481,5,0,0,59904,5,3069750369
4246,115447829087,319467,115448148554,4,0,1,6656,4,7635629710
4247,115447845296,175713,115448021009,5,0,0,76800,5,229132906
4248,115448026592,77740,115448104332,3,0,1,10752,3,7648283231
4249,115448033616,246641,115448280257,4,0,0,403456,4,7547924742
4250,115448105282,270999,115448376281,0,0,1,11264,0,6038907191
4251,115448399576,76337,115448475913,6,0,1,2048,6,5512440403
4252,115448411817,236604,115448648421,0,0,0,384000,0,303860319
4253,115448446430,97805,115448544235,4,0,1,18432,4,6388223998
4254,115448561548,1514,115448563062,0,0,0,44032,0,4609645868
4255,115448588011,141713,115448729724,4,0,1,3072,4,8784758206
4256,115448644732,327348,115448972080,7,0,1,6144,7,3747364400
4257,115448694977,223134,115448918111,8,0,0,1536,8,7660845958
4258,115448945437,94816,115449040253,9,0,1,16384,9,10265715996
4259,115449000189,47284,115449047473,4,0,1,1536,4,4670053608
4260,115449208529,184687,115449393216,0,0,0,299520,0,3026977598
4261,115449238312,562,115449238874,5,0,1,10752,5,10042073511
4262,115449261956,196334,115449458290,3,0,1,4096,3,6998192160
4263,115449291488,170315,115449461803,5,0,1,7680,5,6374750418
4264,115449430854,236715,115449667569,3,0,0,512,3,574672572
4265,115449454354,100213,115449554567,9,0,1,4096,9,3470697620
4266,115449539700,100127,115449639827,7,0,1,24576,7,5529175718
4267,115449566607,136300,115449702907,0,0,0,225280,0,9955722384
4268,115449587284,108215,115449695499,9,0,1,20480,9,10099534045
4269,115449595038,223041,115449818079,1,0,0,512,1,7727763260
4270,115449635718,1514,115449637232,7,0,1,13824,7,1984141496
4271,115449837458,274167,115450111625,3,0,0,1536,3,9367315649
4272,115449902537,7702,115449910239,7,0,1,25088,7,93401136
4273,115449959126,99004,115450058130,4,0,1,10752,4,4874751968
4274,115449959849,112459,115450072308,8,0,0,8192,8,7860455807
4275,115450129468,1514,115450130982,3,0,0,1536,3,8200349398
4276,115450251442,58372,115450309814,3,0,1,7680,3,7507934295
4277,115450394048,43624,115450437672,5,0,0,74752,5,6752995195
4278,115450513728,2942,115450516670,4,0,0,3072,4,1452571755
4279,115450514353,92596,115450606949,5,0,1,23040,5,2757733987
4280,115450522392,132959,115450655351,6,0,1,19456,6,10275199560
4281,115450695149,65896,115450761045,0,0,1,7168,0,3767078244
4282,115450772786,6750,115450779536,8,0,0,7168,8,5188156900
4283,115450784401,80992,115450865393,0,0,1,16384,0,441690730
4284,115450934969,88360,115451023329,0,0,1,15360,0,8195384601
4285,115451141272,72532,115451213804,6,0,1,13824,6,2301067157
4286,115451227972,33587,115451261559,4,0,0,55296,4,4606150585
4287,115451454989,74356,115451529345,7,0,1,9728,7,10556783839
4288,115451514539,214804,115451729343,5,0,0,348160,5,7497541835
4289,115451526209,209547,115451735756,5,0,0,30720,5,5112902545
4290,115451537095,204562,115451741657,4,0,0,28160,4,10078157963
4291,115451540289,192020,115451732309,3,0,1,5120,3,8051636560
4292,115451550303,267985,115451818288,8,0,0,1024,8,847252812
4293,115451586321,236893,115451823214,6,0,1,13312,6,6582557466
4294,115451726887,97465,115451824352,7,0,1,44032,7,7812002811
4295,115451727581,247706,115451975287,4,0,1,1536,4,1774350243
4296,115451827445,288869,115452116314,9,0,1,4096,9,8018485927
4297,115451955547,102549,115452058096,7,0,1,31232,7,2415545450
4298,115452038456,56992,115452095448,6,0,1,8192,6,5512315510
4299,115452050330,51658,115452101988,3,0,1,512,3,1538839480
4300,115452208823,1514,115452210337,8,0,0,1536,8,6494811246
4301,115452295616,64738,115452360354,5,0,0,105984,5,9741322423
4302,115452326980,22126,115452349106,9,0,1,3072,9,1040833769
4303,115452327519,104003,115452431522,6,0,1,3584,6,10522343467
4304,115452341134,202809,115452543943,3,0,0,4608,3,9041373881
4305,115452528404,86200,115452614604,6,0,1,13312,6,817962306
4306,115452594755,234795,115452829550,4,0,0,380416,4,1269168985
4307,115452669780,243026,115452912806,5,0,1,38400,5,8741768247
4308,115452802805,178026,115452980831,5,0,1,3072,5,5116250556
4309,115452992684,82404,115453075088,0,0,0,133632,0,1138670399
4310,115453102650,10753,115453113403,4,0,0,17408,4,4130096370
4311,115453176011,562,115453176573,3,0,0,512,3,7604365307
4312,115453337581,78076,115453415657,5,0,1,16896,5,2166867474
4313,115453450640,56333,115453506973,4,0,0,96256,4,3304501865
4314,115453469375,41144,115453510519,0,0,0,5632,0,8575391293
4315,115453501624,87225,115453588849,4,0,0,146432,4,2059106471
4316,115453516811,34275,115453551086,4,0,1,6656,4,6128257353
4317,115453587265,187995,115453775260,0,0,0,59904,0,4792037274
4318,115453835284,99316,115453934600,6,0,1,26112,6,7090097680
4319,115454011076,65896,115454076972,5,0,1,7168,5,1100917867
4320,115454082942,22429,115454105371,0,0,0,36864,0,8786037648
4321,115454096509,52828,115454149337,6,0,1,4608,6,9420723030
4322,115454117024,62154,115454179178,0,0,0,100864,0,8198845704
4323,115454151312,153833,115454305145,1,0,1,1536,1,6995927547
4324,115454176132,163495,115454339627,4,0,1,25088,4,1968280461
4325,115454314613,1038,115454315651,1,0,1,6656,1,2908058466
4326,115454360654,68714,115454429368,3,0,0,1024,3,2658623285
4327,115454371970,33499,115454405469,4,0,0,58368,4,6982344386
4328,115454384773,4370,115454389143,1,0,1,7680,1,6248414572
4329,115454410967,72626,115454483593,3,0,0,4608,3,9271827384
4330,115454438352,114543,115454552895,1,0,1,16384,1,3088954367
4331,115454457310,101959,115454559269,5,0,0,164864,5,5381134012
4332,115454689661,96833,115454786494,0,0,0,161792,0,10262247120
4333,115454701318,85522,115454786840,3,0,0,512,3,9656317807
4334,115454733695,102067,115454835762,3,0,1,1536,3,8694293352
4335,115454765366,15058,115454780424,1,0,1,73216,1,8423282551
4336,115454806989,222123,115455029112,7,0,1,10752,7,607135555
4337,115454881897,188123,115455070020,0,0,0,29184,0,512565517
4338,115454940348,75026,115455015374,4,0,1,512,4,381825495
4339,115455013113,50668,115455063781,4,0,1,2560,4,10357072766
4340,115455032758,57945,115455090703,7,0,1,4096,7,4447411443
4341,115455091615,154483,115455246098,0,0,0,253952,0,6977796803
4342,115455193117,53647,115455246764,8,0,0,1024,8,10351222916
4343,115455254418,34533,115455288951,5,0,0,60416,5,7293198382
4344,115455601480,66832,115455668312,5,0,1,10240,5,1062219514
4345,115455724115,20362,115455744477,0,0,0,32768,0,8422718784
4346,115455724833,19990,115455744823,8,0,0,512,8,7751167351
4347,115455880064,562,115455880626,3,0,1,4096,3,5170644358
4348,115455884249,55744,115455939993,3,0,0,512,3,4258574114
4349,115456097597,76672,115456174269,4,0,1,12288,4,10164441367
4350,115456418604,5450,115456424054,5,0,0,13824,5,6321723344
4351,115456446315,44139,115456490454,0,0,1,33792,0,6525785894
4352,115456466296,101656,115456567952,1,0,1,512,1,8560601250
4353,115456536764,11218,115456547982,3,0,0,1536,3,8876343744
4354,115456607522,97444,115456704966,1,0,1,19968,1,3629915803
4355,115456692641,58372,115456751013,0,0,1,10752,0,4704377413
4356,115456695897,80996,115456776893,0,0,1,7680,0,2502760985
4357,115456850285,1990,115456852275,3,0,0,2048,3,4195934583
4358,115456916617,59128,115456975745,9,0,1,5120,9,9797824912
4359,115457055841,89584,115457145425,4,0,1,14336,4,562127938
4360,115457144613,4370,115457148983,6,0,1,1536,6,2342397122
4361,115457168598,48088,115457216686,8,0,0,4608,8,9485034106
4362,115457169985,90570,115457260555,4,0,1,11264,4,2902342793
4363,115457255034,43900,115457298934,4,0,1,512,4,9124407310
4364,115457335490,13337,115457348827,5,0,0,22528,5,334180007
4365,115457371619,103882,115457475501,6,0,1,13824,6,405179356
4366,115457417304,88386,115457505690,0,0,1,45056,0,249716647
4367,115457438595,55316,115457493911,9,0,1,4096,9,8653402435
4368,115457472109,157485,115457629594,4,0,1,512,4,1845681239
4369,115457738863,6225,115457745088,0,0,0,15360,0,2995835867
4370,115458064136,1514,115458065650,8,0,0,1536,8,214136418
4371,115458291473,5798,115458297271,8,0,0,6144,8,5160422382
4372,115458425558,69280,115458494838,1,0,1,8192,1,4673535934
4373,115458582619,101812,115458684431,6,0,1,34304,6,6842146006
4374,115458600992,106336,115458707328,1,0,1,49152,1,925252898
4375,115458743932,73288,115458817220,3,0,1,15360,3,7373423530
4376,115458746525,80572,115458827097,0,0,1,11264,0,6365147947
4377,115458903242,562,115458903804,8,0,0,512,8,7988260146
4378,115458996645,32983,115459029628,5,0,0,57344,5,4180913698
4379,115459052493,131527,115459184020,6,0,1,23552,6,5929636542
4380,115459113882,103216,115459217098,5,0,1,38912,5,2939957246
4381,115459252301,4416,115459256717,3,0,0,11776,3,8328266594
4382,115459259197,2466,115459261663,8,0,0,2560,8,10459922788
4383,115459423560,86404,115459509964,7,0,1,24064,7,7770978246
4384,115459434203,223120,115459657323,0,0,0,360960,0,2407566960
4385,115459455195,64620,115459519815,1,0,1,15360,1,196992100
4386,115459594969,301319,115459896288,8,0,0,3584,8,7160477252
4387,115459680757,43900,115459724657,9,0,1,37376,9,1823661040
4388,115459803795,190145,115459993940,4,0,1,512,4,5708901802
4389,115459845840,54008,115459899848,5,0,0,91648,5,1331014700
4390,115459905674,52545,115459958219,4,0,0,85504,4,4213949059
4391,115459982908,10495,115459993403,0,0,0,16896,0,5473595371
4392,115460007982,3124,115460011106,6,0,1,28672,6,8911397431
4393,115460093479,103579,115460197058,4,0,0,9216,4,9094175124
4394,115460113012,5798,115460118810,3,0,0,6144,3,1336289520
4395,115460132332,91612,115460223944,5,0,1,20992,5,2931306819
4396,115460306664,1514,115460308178,3,0,0,1536,3,10061014525
4397,115460379802,64204,115460444006,5,0,1,6656,5,8090263855
4398,115460430382,2942,115460433324,3,0,1,38400,3,10155596614
4399,115460496586,103060,115460599646,5,0,0,3072,5,10076038261
4400,115460514029,92637,115460606666,4,0,1,14336,4,9998097304
4401,115460696133,92787,115460788920,5,0,0,150528,5,9073336268
4402,115460812331,52545,115460864876,4,0,0,85504,4,9186232868
4403,115460876416,60820,115460937236,6,0,1,5632,6,1891164908
4404,115460969889,63810,115461033699,4,0,1,2048,4,3989594847
4405,115461140402,55744,115461196146,7,0,1,4096,7,2134806773
4406,115461205847,74356,115461280203,7,0,1,9728,7,6658992998
4407,115461291099,5192,115461296291,0,0,1,1024,0,3662655125
4408,115461300545,45592,115461346137,5,0,0,13312,5,3263144780
4409,115461418752,5322,115461424074,6,0,1,2048,6,2390633981
4410,115461443403,64720,115461508123,3,0,0,5632,3,760705205
4411,115461572295,57436,115461629731,5,0,1,4608,5,7030856910
4412,115461578491,104932,115461683423,6,0,1,44544,6,7239297860
4413,115461592966,97501,115461690467,4,0,1,7168,4,3771855487
4414,115461678466,94689,115461773155,8,0,1,14848,8,76087967
4415,115461679624,106671,115461786295,7,0,1,32768,7,6168788685
4416,115461759411,49132,115461808543,7,0,1,2560,7,9032822875
4417,115461847723,67234,115461914957,0,0,0,114176,0,7260326107
4418,115461928291,107135,115462035426,3,0,1,77824,3,853033645
4419,115461928581,194237,115462122818,0,0,1,40448,0,6402434640
4420,115461944905,188939,115462133844,9,0,1,34304,9,6294151468
4421,115462044982,94177,115462139159,4,0,1,17408,4,6906209537
4422,115462219404,3894,115462223298,3,0,0,4096,3,2678614716
4423,115462334451,3641,115462338092,9,0,1,17408,9,3119610114
4424,115462337765,92056,115462429821,8,0,0,10240,8,3174542650
4425,115462469479,45592,115462515071,0,0,1,1024,0,655759491
4426,115462516064,54052,115462570116,1,0,1,21504,1,10509566650
4427,115462529612,106336,115462635948,3,0,1,3584,3,6409646449
4428,115462530104,161104,115462691208,1,0,1,49152,1,8069284015
4429,115462665184,47284,115462712468,5,0,1,1536,5,6318836234
4430,115462824567,6750,115462831317,8,0,0,7168,8,3197177878
4431,115463098570,1038,115463099608,3,0,0,1024,3,5029618191
4432,115463121561,2466,115463124027,3,0,0,2560,3,4173461019
4433,115463259721,69904,115463329625,9,0,1,10240,9,1427263356
4434,115463433479,21912,115463455391,5,0,0,35840,5,5292069403
4435,115463698761,4675,115463703436,0,0,0,12288,0,10478038633
4436,115463738212,1514,115463739726,5,0,1,37376,5,194369686
4437,115463758601,124594,115463883195,3,0,0,1536,3,7961077379
4438,115463816146,1038,115463817184,6,0,1,83456,6,3260072717
4439,115463833203,128626,115463961829,4,0,1,32768,4,8467344886
4440,115463868501,87604,115463956105,5,0,1,17920,5,782149574
4441,115463879388,156371,115464035759,3,0,0,1024,3,7153633638
4442,115464083278,26217,115464109495,4,0,0,47616,4,6472913870
4443,115464209102,1990,115464211092,3,0,0,2048,3,7256314745
4444,115464215406,113295,115464328701,4,0,0,183808,4,1248188211
4445,115464245251,83796,115464329047,8,0,0,512,8,3266092628
4446,115464274555,186150,115464460705,4,0,0,305664,4,7975164936
4447,115464287872,202462,115464490334,5,0,1,26624,5,9127909457
4448,115464294748,394585,115464689333,1,0,1,74752,1,3793154692
4449,115464720486,562,115464721048,3,0,0,512,3,2595865630
4450,115464758425,562,115464758987,3,0,0,512,3,7569592071
4451,115464780727,236346,115465017073,5,0,0,383488,5,8429245400
4452,115464958730,190525,115465149255,6,0,1,3072,6,9377801867
4453,115465033183,50980,115465084163,4,0,1,13824,4,2692320798
4454,115465183442,221137,115465404579,3,0,1,3584,3,4036687804
4455,115465239001,82816,115465321817,6,0,1,12288,6,5304671680
4456,115465254285,4846,115465259131,9,0,1,103424,9,808564540
4457,115465335376,164762,115465500138,0,0,0,5120,0,9379227195
4458,115465525650,1514,115465527164,3,0,0,1536,3,8730809520
4459,115465545218,68680,115465613898,9,0,1,11264,9,921543889
4460,115465677613,2942,115465680555,3,0,0,3072,3,10193180266
4461,115465808579,562,115465809141,8,0,0,512,8,9892623333
4462,115465818767,82084,115465900851,4,0,1,19968,4,9418380006
4463,115465828264,73534,115465901798,2,0,1,3072,2,3588130054
4464,115465991885,68992,115466060877,5,0,1,12288,5,1244676343
4465,115466048486,81748,115466130234,3,0,1,13824,3,10712959479
4466,115466170549,65896,115466236445,5,0,1,7168,5,5459848100
4467,115466231968,23204,115466255172,5,0,0,38400,5,5419439885
4468,115466286470,3418,115466289888,9,0,1,3584,9,10511646796
4469,115466295430,54915,115466350345,3,0,0,3584,3,9260451917
4470,115466560158,57436,115466617594,4,0,1,4608,4,145812085
4471,115466614714,67588,115466682302,6,0,1,7680,6,3994337438
4472,115466623214,65896,115466689110,9,0,1,7168,9,1956111555
4473,115466671371,93733,115466765104,5,0,0,155648,5,5024553201
4474,115466771527,89607,115466861134,9,0,1,8704,9,49070639
4475,115466935418,2466,115466937884,8,0,0,2560,8,9902723033
4476,115467041091,110860,115467151951,4,0,1,64000,4,9658808414
4477,115467072108,103117,115467175225,2,0,1,8192,2,4842864496
4478,115467161631,52360,115467213991,1,0,1,3072,1,5678910904
4479,115467251129,2466,115467253595,5,0,1,14848,5,10579572904
4480,115467262262,1038,115467263300,3,0,0,2560,3,5607289119
4481,115467296208,75916,115467372124,8,0,0,1024,8,284847947
4482,115467616531,3418,115467619949,2,0,1,39936,2,476655626
4483,115467642613,1038,115467643651,8,0,0,3584,8,4539363140
4484,115467673217,103528,115467776745,6,0,1,6144,6,3961091173
4485,115467691353,62512,115467753865,8,0,0,1024,8,6368737732
4486,115468029040,41645,115468070685,4,0,0,67584,4,7233365381
4487,115468153395,562,115468153957,6,0,1,7168,6,7396640023
4488,115468173569,56680,115468230249,5,0,1,7680,5,10080254180
4489,115468190148,81548,115468271696,7,0,0,512,7,5902817055
4490,115468522112,97756,115468619868,9,0,1,20992,9,9013908283
4491,115468587327,84220,115468671547,4,0,1,16896,4,9657302803
4492,115468657950,13596,115468671546,5,0,1,18432,5,2801810957
4493,115468679174,45592,115468724766,2,0,1,1024,2,6717962226
4494,115468686129,75472,115468761601,4,0,0,23040,4,3413924361
4495,115468711953,94004,115468805957,4,0,1,7168,4,3553088783
4496,115468745326,72169,115468817495,4,0,1,3584,4,1987175632
4497,115468922121,54208,115468976329,3,0,1,4096,3,5903267421
4498,115468979256,45592,115469024848,1,0,1,10240,1,10687206358
4499,115468990387,5322,115468995709,6,0,1,1024,6,5845517738
4500,115469035251,79499,115469114750,8,0,0,5632,8,3287645129
4501,115469058627,34483,115469093110,4,0,0,56832,4,5611522575
4502,115469082587,118853,115469201440,6,0,1,34816,6,4577411439
4503,115469105837,125165,115469231002,3,0,1,9728,3,4903202646
4504,115469335867,67588,115469403455,5,0,1,7680,5,4212234894
4505,115469378428,74356,115469452784,3,0,1,9728,3,9267423715
4506,115469465504,59128,115469524632,5,0,1,5120,5,4483619441
4507,115469626366,63704,115469690070,2,0,1,34304,2,8398627185
4508,115469626817,37559,115469664376,4,0,0,103936,4,2643117735
4509,115469657468,101812,115469759280,3,0,0,7168,3,319860339
4510,115469671144,3418,115469674562,4,0,1,49152,4,613107142
4511,115469778546,245431,115470023977,3,0,0,3584,3,1699569862
4512,115469805134,133277,115469938411,5,0,1,29696,5,222386563
4513,115469892811,78148,115469970959,4,0,1,9728,4,2582163068
4514,115469903054,119696,115470022750,0,0,0,176640,0,1670284763
4515,115469932728,91648,115470024376,8,0,0,2560,8,4597377718
4516,115470075352,55744,115470131096,6,0,1,2048,6,3722073756
4517,115470123167,43900,115470167067,6,0,1,8704,6,3241939546
4518,115470147674,114304,115470261978,5,0,1,4096,5,1152703672
4519,115470183521,163355,115470346876,1,0,1,512,1,5680609446
4520,115470187264,115363,115470302627,5,0,0,187904,5,1018211557
4521,115470436603,148234,115470584837,4,0,0,245248,4,9913740912
4522,115470502412,107783,115470610195,3,0,1,9216,3,8550613420
4523,115470507765,177541,115470685306,6,0,1,10752,6,1311788913
4524,115470560267,175237,115470735504,2,0,1,12288,2,3544941742
4525,115470600911,43108,115470644019,7,0,1,512,7,8487705860
4526,115470698727,228644,115470927371,2,0,1,24064,2,5315427367
4527,115470738648,119884,115470858532,4,0,0,73728,4,4928886628
4528,115470874949,44229,115470919178,5,0,0,72704,5,2781320395
4529,115470996278,23462,115471019740,6,0,1,67584,6,2873686776
4530,115471075249,165710,115471240959,7,0,1,11776,7,8763531976
4531,115471098634,23279,115471121913,5,0,0,38912,5,4249253638
4532,115471145927,104211,115471250138,5,0,0,7680,5,8234650526
4533,115471202342,65896,115471268238,2,0,1,7168,2,6970359266
4534,115471305851,1038,115471306889,7,0,0,1024,7,10061668393
4535,115471317551,48976,115471366527,1,0,1,2048,1,4241485965
4536,115471496107,2466,115471498573,3,0,0,2560,3,3819430571
4537,115471695186,1514,115471696700,3,0,0,1536,3,9313929993
4538,115471805165,7702,115471812867,5,0,0,8192,5,2989579977
4539,115471891810,1038,115471892848,9,0,1,4608,9,8801164565
4540,115471899483,45592,115471945075,3,0,0,1024,3,8509783893
4541,115471914478,1038,115471915516,9,0,1,1024,9,9050162968
4542,115471990135,117006,115472107141,3,0,0,1024,3,7144995777
4543,115472002041,81928,115472083969,2,0,1,19456,2,7927028135
4544,115472184077,63704,115472247781,5,0,0,103936,5,3500497744
4545,115472260514,4846,115472265360,3,0,0,5120,3,747503735
4546,115472264421,2942,115472267363,3,0,1,41472,3,6711647480
4547,115472384432,148009,115472532441,8,0,0,3072,8,8118574489
4548,115472655629,1514,115472657143,3,0,0,1536,3,5060793426
4549,115472676527,65059,115472741586,4,0,1,9216,4,4505896881
4550,115472696912,51505,115472748417,2,0,1,512,2,1541749185
4551,115472712641,108832,115472821473,9,0,1,57344,9,42093879
4552,115472718426,117730,115472836156,9,0,1,48128,9,5283346636
4553,115472808186,29443,115472837629,8,0,0,1536,8,708166170
4554,115472867065,43900,115472910965,4,0,1,512,4,6116639575
4555,115472906383,106311,115473012694,3,0,1,3072,3,2711244413
4556,115472949420,81628,115473031048,5,0,0,132096,5,5960090670
4557,115472954546,78768,115473033314,3,0,0,3584,3,5784045619
4558,115472958469,148498,115473106967,5,0,1,1536,5,898406305
4559,115473051928,76153,115473128081,1,0,1,9216,1,8357808186
4560,115473119869,562,115473120431,9,0,1,37376,9,7701407252
4561,115473151976,119522,115473271498,7,0,0,512,7,593685981
4562,115473254886,94084,115473348970,2,0,1,24064,2,7753343499
4563,115473338362,57436,115473395798,2,0,1,4608,2,5748807563
4564,115473517785,50668,115473568453,2,0,1,2560,2,9820638891
4565,115473554186,94972,115473649158,9,0,1,16896,9,5307938911
4566,115473667762,62512,115473730274,4,0,1,6144,4,2384351297
4567,115473833665,72064,115473905729,3,0,1,12288,3,5916193943
4568,115473989620,52828,115474042448,0,0,1,4608,0,1836840474
4569,115474211203,83932,115474295135,7,0,1,20992,7,10379793353
4570,115474303781,47284,115474351065,9,0,1,1536,9,5817984331
4571,115474405981,67744,115474473725,2,0,1,8192,2,7127665948
4572,115474515399,58528,115474573927,4,0,1,8192,4,9279780083
4573,115474571492,107047,115474678539,1,0,1,43520,1,7406811946
4574,115474577708,175249,115474752957,0,0,0,287744,0,7305013485
4575,115474590534,179732,115474770266,9,0,1,7168,9,9465214363
4576,115474631966,1990,115474633956,9,0,1,1536,9,267999607
4577,115474816791,238240,115475055031,8,0,0,2048,8,3950301720
4578,115474904096,58060,115474962156,2,0,1,6656,2,6218076340
4579,115474991767,105088,115475096855,6,0,1,45056,6,930981289
4580,115475014068,1990,115475016058,5,0,1,31232,5,9220381661
4581,115475018325,96800,115475115125,9,0,1,3072,9,8259149097
4582,115475101893,148037,115475249930,7,0,0,2048,7,3482578545
4583,115475118454,76516,115475194970,0,0,1,11776,0,10087581863
4584,115475128189,111487,115475239676,5,0,0,180224,5,1491112922
4585,115475241202,64204,115475305406,4,0,1,5120,4,3906160855
4586,115475320329,94671,115475415000,9,0,1,9728,9,2222100278
4587,115475324280,187773,115475512053,4,0,1,6656,4,5612871556
4588,115475328253,102917,115475431170,6,0,1,7168,6,2028972678
4589,115475408221,34533,115475442754,0,0,0,60416,0,6248709739
4590,115475426008,115150,115475541158,0,0,1,14336,0,10308777423
4591,115475451710,77164,115475528874,7,0,1,512,7,5645957527
4592,115475548163,173784,115475721947,4,0,1,18944,4,6244684747
4593,115475570226,78744,115475648970,3,0,1,9728,3,9144194986
4594,115475684944,1514,115475686458,3,0,0,1536,3,10158995797
4595,115475746338,91480,115475837818,9,0,1,25600,9,936926661
4596,115475849981,1514,115475851495,7,0,0,1536,7,6621836629
4597,115476051411,72064,115476123475,9,0,1,12288,9,2689062712
4598,115476053394,100096,115476153490,4,0,1,28672,4,3604217007
4599,115476304992,141862,115476446854,4,0,0,229376,4,308250013
4600,115476312837,134363,115476447200,7,0,0,512,7,2017023104
4601,115476399357,63703,115476463060,4,0,0,51200,4,7909619157
4602,115476442569,1514,115476444083,2,0,1,13312,2,7904204573
4603,115476486457,2942,115476489399,8,0,0,1536,8,2480766848
4604,115476517455,119371,115476636826,7,0,0,3072,7,2790952734
4605,115476521942,124454,115476646396,4,0,0,202240,4,3914347404
4606,115476547631,104979,115476652610,5,0,1,62464,5,2202244602
4607,115476607366,102592,115476709958,0,0,0,171008,0,7738533364
4608,115476689965,337237,115477027202,5,0,1,1536,5,4184643751
4609,115476860973,55041,115476916014,1,0,1,23552,1,8362963426
4610,115476917670,4846,115476922516,0,0,0,93696,0,3134218132
4611,115476927124,143120,115477070244,3,0,1,6144,3,10364429468
4612,115476982186,1038,115476983224,3,0,0,5120,3,2300739168
4613,115477004811,131127,115477135938,8,0,0,1024,8,672885146
4614,115477068339,41645,115477109984,4,0,0,67584,4,2591884128
4615,115477092545,74863,115477167408,4,0,0,122368,4,7665312504
4616,115477156002,84383,115477240385,4,0,0,140800,4,4795994237
4617,115477212648,29043,115477241691,3,0,0,2048,3,9572304960
4618,115477333780,173270,115477507050,3,0,1,44032,3,2889705471
4619,115477338131,223826,115477561957,4,0,0,280576,4,2335686370
4620,115477498175,105150,115477603325,5,0,0,174592,5,1412127992
4621,115477561449,42542,115477603991,8,0,0,1024,8,3305424177
4622,115477576932,59621,115477636553,3,0,1,512,3,1419732379
4623,115477632630,167860,115477800490,0,0,1,3072,0,7630362476
4624,115477716892,70050,115477786942,6,0,1,6656,6,1066084682
4625,115477825766,46910,115477872676,6,0,1,1024,6,5054660582
4626,115477827084,91744,115477918828,0,0,1,16384,0,6479563648
4627,115477938599,3418,115477942017,3,0,0,3584,3,3131317153
4628,115477972098,1038,115477973136,8,0,0,1024,8,782689933
4629,115478071638,11529,115478083167,2,0,1,4608,2,9620488246
4630,115478106837,52828,115478159665,5,0,0,18944,5,2794297050
4631,115478124380,124186,115478248566,4,0,0,204800,4,8389843325
4632,115478278457,35825,115478314282,4,0,0,62976,4,5194351944
4633,115478331038,562,115478331600,8,0,0,512,8,7817250678
4634,115478427933,1990,115478429923,7,0,0,2048,7,6930289320
4635,115478747282,108364,115478855646,2,0,1,55808,2,1222542230
4636,115478938195,1990,115478940185,8,0,0,2048,8,3490493020
4637,115478976173,43900,115479020073,9,0,1,512,9,4538974228
4638,115479077475,54676,115479132151,7,0,1,5632,7,3388583448
4639,115479419850,246641,115479666491,5,0,0,403456,5,2210388448
4640,115479584542,107118,115479691660,2,0,1,71168,2,1464447910
4641,115479595777,253418,115479849195,5,0,0,442368,5,2217135347
4642,115479673183,273487,115479946670,4,0,0,33280,4,2845088127
4643,115479681891,206501,115479888392,1,0,1,2048,1,3658665798
4644,115479701478,11857,115479713335,1,0,1,4608,1,5168044035
4645,115479708353,205576,115479913929,7,0,1,3584,7,3854265767
4646,115479713662,239082,115479952744,4,0,1,53248,4,8466287293
4647,115479825066,359876,115480184942,3,0,1,24576,3,7238863760
4648,115479871053,96269,115479967322,8,0,0,5120,8,8892852763
4649,115480105206,408981,115480514187,5,0,1,7168,5,9593869502
4650,115480508394,59284,115480567678,3,0,1,5632,3,8474770674
4651,115480641643,3894,115480645537,8,0,0,4096,8,8522168441
4652,115480736716,43366,115480780082,7,0,1,15360,7,6567384713
4653,115480738457,77608,115480816065,0,0,0,74240,0,764159492
4654,115480787702,7046,115480794748,4,0,1,3072,4,3036734346
4655,115480807289,53940,115480861229,5,0,0,11264,5,6476757924
4656,115480826092,65382,115480891474,3,0,1,2048,3,7385261112
4657,115480851449,103429,115480954878,5,0,1,4608,5,10165381188
4658,115480868553,46345,115480914898,0,0,1,5120,0,8783244497
4659,115480922327,225590,115481147917,4,0,0,167936,4,1622159881
4660,115480930444,197093,115481127537,5,0,1,22016,5,9129274684
4661,115480979757,305963,115481285720,3,0,0,512,3,10083276382
4662,115481032176,70060,115481102236,3,0,1,15872,3,2815822579
4663,115481107795,202757,115481310552,5,0,1,10752,5,50408379
4664,115481419078,107655,115481526733,5,0,1,51712,5,621771013
4665,115481419617,145487,115481565104,5,0,1,22016,5,6057622603
4666,115481435604,148382,115481583986,0,0,1,12288,0,9057252948
4667,115481594394,47284,115481641678,0,0,1,1536,0,8765576519
4668,115481618700,61895,115481680595,5,0,0,100352,5,6538911930
4669,115481642706,39195,115481681901,3,0,0,2048,3,6061336382
4670,115481660523,41645,115481702168,7,0,1,14848,7,1076290144
4671,115481813519,229550,115482043069,0,0,0,67584,0,5085686691
4672,115481912571,45592,115481958163,7,0,1,1024,7,8701882989
4673,115481932559,102912,115482035471,0,0,0,166912,0,6033874937
4674,115481952016,83801,115482035817,8,0,0,512,8,5565232183
4675,115482004105,33018,115482037123,8,0,0,2048,8,4985719665
4676,115482007089,82662,115482089751,0,0,1,31232,0,3397932748
4677,115482025606,121976,115482147582,0,0,1,7680,0,7332265603
4678,115482056886,242602,115482299488,4,0,0,134144,4,9472832297
4679,115482074279,13132,115482087411,6,0,1,2048,6,3171509902
4680,115482236578,1038,115482237616,8,0,0,4608,8,7354259516
4681,115482240335,67813,115482308148,1,0,1,4608,1,7837518388
4682,115482254146,289261,115482543407,5,0,0,1024,5,2151702525
4683,115482287613,59128,115482346741,1,0,1,5120,1,6714986481
4684,115482351888,43900,115482395788,1,0,1,512,1,4432232826
4685,115482662005,82084,115482744089,0,0,1,19968,0,6978426535
4686,115482714413,31003,115482745416,4,0,0,50176,4,4607983416
4687,115482738792,94482,115482833274,4,0,1,3584,4,1038335610
4688,115482891917,3418,115482895335,8,0,0,3584,8,8884428007
4689,115483161927,2942,115483164869,7,0,0,3072,7,1721633448
4690,115483558068,101968,115483660036,1,0,1,34816,1,5061061530
4691,115483721810,1990,115483723800,5,0,0,2048,5,7800979289
4692,115483764108,562,115483764670,5,0,0,512,5,10397168558
4693,115483780953,562,115483781515,7,0,1,12800,7,5565113811
4694,115483824390,67612,115483892002,7,0,1,16896,7,3136286708
4695,115483840394,81148,115483921542,3,0,0,512,3,4863034338
4696,115484275303,3418,115484278721,5,0,0,3584,5,1223283455
4697,115484692313,562,115484692875,3,0,0,512,3,3451930465
4698,115484702865,2466,115484705331,7,0,0,2560,7,6848717904
4699,115484769462,106960,115484876422,3,0,1,51200,3,10064298423
4700,115484861305,91181,115484952486,3,0,1,15360,3,1791206349
4701,115484933519,5206,115484938725,7,0,1,5632,7,55257861
4702,115484947291,60820,115485008111,8,0,0,1536,8,294407505
4703,115485118298,62670,115485180968,4,0,0,101888,4,3080539853
4704,115485154213,27101,115485181314,8,0,0,512,8,7427482480
4705,115485177794,133903,115485311697,1,0,1,18944,1,3269763158
4706,115485350842,59128,115485409970,1,0,1,5120,1,7179985137
4707,115485399177,2466,115485401643,3,0,1,512,3,227386780
4708,115485436252,43900,115485480152,0,0,1,4608,0,1286739851
4709,115485440221,57436,115485497657,8,0,0,2560,8,4668706272
4710,115485595732,2942,115485598674,8,0,0,3072,8,1122734922
4711,115485615305,60820,115485676125,0,0,1,5632,0,2315081703
4712,115485685715,56836,115485742551,4,0,1,25600,4,9977514924
4713,115485703090,99160,115485802250,3,0,1,7680,3,631783480
4714,115485791670,47284,115485838954,1,0,1,14848,1,7676477118
4715,115485831255,91404,115485922659,7,0,1,1536,7,3292864560
4716,115485985281,2942,115485988223,4,0,1,3584,4,7630991052
4717,115486007593,54052,115486061645,5,0,0,3072,5,6390729193
4718,115486052678,3894,115486056572,3,0,0,4096,3,5305062188
4719,115486347307,1990,115486349297,5,0,0,2048,5,9812271803
4720,115486391101,266891,115486657992,4,0,0,436224,4,8382981524
4721,115486517677,141301,115486658978,7,0,0,1536,7,6130298707
4722,115486535911,124053,115486659964,7,0,0,1536,7,234068413
4723,115486629604,85416,115486715020,4,0,0,142848,4,4302949403
4724,115486912629,1038,115486913667,3,0,0,1024,3,8552560050
4725,115486941620,64204,115487005824,1,0,1,6656,1,7856614658
4726,115487163490,2466,115487165956,8,0,0,2560,8,4311425368
4727,115487225374,33587,115487258961,4,0,0,55296,4,9901989658
4728,115487590198,3418,115487593616,8,0,0,3584,8,6763738703
4729,115487595239,12821,115487608060,4,0,0,21504,4,3925946547
4730,115488008379,1038,115488009417,8,0,0,1024,8,4257756425
4731,115488100961,103996,115488204957,4,0,1,41472,4,6801538705
4732,115488271051,1990,115488273041,8,0,0,2048,8,1214088328
4733,115488303785,36342,115488340127,4,0,1,37376,4,1386362413
4734,115488358062,102748,115488460810,4,0,0,64000,4,6136462312
4735,115488567073,5798,115488572871,6,0,1,7168,6,4854057034
4736,115488609492,65896,115488675388,8,0,0,6144,8,8396882357
4737,115488844333,1990,115488846323,5,0,0,2048,5,1688390282
4738,115489170897,2466,115489173363,4,0,0,2560,4,6258808850
4739,115489219746,1990,115489221736,7,0,0,2048,7,3798538460
4740,115489288234,1514,115489289748,3,0,0,1536,3,9271095220
4741,115489372568,100096,115489472664,6,0,1,28672,6,6622959082
4742,115489426490,66975,115489493465,0,0,0,113664,0,2725024785
4743,115489488422,302773,115489791195,4,0,1,270848,4,2288065749
4744,115489681464,218075,115489899539,4,0,0,357888,4,3174579480
4745,115489683844,216041,115489899885,7,0,0,512,7,1773184637
4746,115489708941,191930,115489900871,8,0,0,1536,8,4078734203
4747,115489795698,109679,115489905377,7,0,0,7168,7,5084810088
4748,115489817494,90469,115489907963,7,0,0,4096,7,2769538370
4749,115490237772,95555,115490333327,4,0,1,1024,4,5697966645
4750,115490265911,94596,115490360507,4,0,0,154112,4,10171780815
4751,115490288874,70765,115490359639,6,0,1,30208,6,8012725203
4752,115490290088,174119,115490464207,8,0,0,512,8,7385015847
4753,115490530739,2942,115490533681,3,0,0,3072,3,4012707285
4754,115490973414,2466,115490975880,7,0,0,2560,7,7695991862
4755,115490996523,131737,115491128260,0,0,0,212992,0,2358181791
4756,115491264272,166933,115491431205,0,0,0,274944,0,9204602158
4757,115491283580,178884,115491462464,4,0,0,108544,4,529799006
4758,115491327811,136599,115491464410,7,0,0,3072,7,2936817852
4759,115491797619,4370,115491801989,0,0,0,4608,0,3212988542
4760,115491827074,43883,115491870957,0,0,0,75264,0,2456813461
4761,115492026788,562,115492027350,7,0,0,512,7,2098707308
4762,115492097302,326194,115492423496,4,0,1,381440,4,10255618614
4763,115492538578,1990,115492540568,5,0,0,2048,5,3444914025
4764,115492816443,3418,115492819861,0,0,0,3584,0,9668536029
4765,115492841650,4846,115492846496,3,0,0,5120,3,6883716106
4766,115493080490,26217,115493106707,4,0,0,47616,4,5726154656
4767,115493437811,1038,115493438849,3,0,0,1024,3,5260105226
4768,115493753610,2466,115493756076,5,0,0,2560,5,9986215368
4769,115493780234,4370,115493784604,7,0,0,4608,7,100369542
4770,115493817298,1990,115493819288,3,0,0,2048,3,1653400105
4771,115494087921,77740,115494165661,6,0,1,10752,6,9771046684
4772,115494153402,72279,115494225681,0,0,0,117248,0,4075492352
4773,115494320512,14113,115494334625,4,0,0,24064,4,860774114
4774,115494495719,562,115494496281,3,0,0,512,3,7254513780
4775,115494551298,4370,115494555668,3,0,0,4608,3,7732337944
4776,115494739187,3418,115494742605,3,0,0,3584,3,4260405798
4777,115494829771,191836,115495021607,4,0,1,168448,4,2801008538
4778,115495129405,562,115495129967,6,0,1,33280,6,3108507207
4779,115495193813,101500,115495295313,6,0,1,2560,6,10667207564
4780,115495218793,50668,115495269461,5,0,0,512,5,7665736861
4781,115495268509,3418,115495271927,7,0,0,3584,7,7998706744
4782,115495287751,52828,115495340579,6,0,1,4608,6,6572944698
4783,115495438141,33587,115495471728,0,0,0,55296,0,3102744422
4784,115495525943,197825,115495723768,4,0,0,325120,4,1863386131
4785,115495750827,1514,115495752341,7,0,0,1536,7,4580039123
4786,115495758345,1990,115495760335,3,0,0,2048,3,2391760627
4787,115495802558,1990,115495804548,5,0,0,2048,5,4287579312
4788,115495867827,130828,115495998655,4,0,1,129536,4,10631342311
4789,115496493778,3894,115496497672,6,0,1,18944,6,7908526763
4790,115496498159,77164,115496575323,7,0,0,4096,7,156768008
4791,115496641740,95283,115496737023,4,0,0,158720,4,2284092326
4792,115497017272,562,115497017834,0,0,0,512,0,7923689047
4793,115497063435,562,115497063997,4,0,1,74752,4,7150190627
4794,115497130442,114136,115497244578,3,0,0,512,3,5590801035
4795,115497220192,1038,115497221230,7,0,0,1024,7,326173138
4796,115497298640,26475,115497325115,6,0,1,21504,6,6404984794
4797,115497351292,1038,115497352330,4,0,0,48128,4,1009559812
4798,115497388054,97912,115497485966,0,0,0,1024,0,4169821612
4799,115497523237,3383,115497526620,4,0,0,9728,4,10661298456
4800,115497623938,59128,115497683066,6,0,1,5120,6,7415888851
4801,115497919179,1514,115497920693,0,0,0,1536,0,8526363685
4802,115498226035,100096,115498326131,6,0,1,28672,6,4658456184
4803,115498239291,182362,115498421653,4,0,0,294912,4,1505514278
4804,115498444878,562,115498445440,7,0,0,512,7,7862041481
4805,115498561200,127660,115498688860,2,0,1,23552,2,6507487766
4806,115498911471,1038,115498912509,6,0,1,6144,6,9352198629
4807,115498964674,62512,115499027186,7,0,0,1024,7,9568033260
4808,115498996476,1514,115498997990,7,0,0,1536,7,3784700226
4809,115499026280,1514,115499027794,5,0,0,1536,5,6423474553
4810,115499145171,1038,115499146209,0,0,0,1024,0,10717534382
4811,115499152757,129112,115499281869,4,0,1,123904,4,10609315501
4812,115499345039,1514,115499346553,0,0,0,1536,0,6370526133
4813,115499661373,2942,115499664315,0,0,0,3072,0,8354703230
4814,115499839903,1990,115499841893,0,0,0,2048,0,9099934892
4815,115499897894,562,115499898456,7,0,0,512,7,5641714465
4816,115499948158,562,115499948720,5,0,0,512,5,4429537520
4817,115499973686,48976,115500022662,6,0,1,2048,6,3139070355
4818,115500035905,1038,115500036943,3,0,0,1024,3,5647692274
4819,115500118385,10237,115500128622,4,0,0,16384,4,523072291
4820,115500377999,1514,115500379513,7,0,0,1536,7,3218175302
4821,115500420452,43900,115500464352,7,0,1,512,7,6296517522
4822,115500501251,97312,115500598563,3,0,1,24576,3,8430222795
4823,115500547995,66076,115500614071,4,0,1,12800,4,1130955572
4824,115500608108,77452,115500685560,6,0,1,14848,6,8108624083
4825,115500727434,3900,115500731334,4,0,0,10752,4,1484080638
4826,115500730817,3418,115500734235,0,0,0,3584,0,2977027250
4827,115500889600,48976,115500938576,2,0,1,2048,2,9937800841
4828,115501149506,1990,115501151496,7,0,0,2048,7,7977868681
4829,115501331999,3418,115501335417,3,0,0,3584,3,7631373571
4830,115501516599,11787,115501528386,6,0,1,3072,6,10660973064
4831,115501518768,52360,115501571128,4,0,0,19456,4,152485955
4832,115501901148,240688,115502141836,4,0,1,268288,4,7587203647
4833,115501922472,219375,115502141847,4,0,0,274944,4,6389021579
4834,115502146908,3418,115502150326,4,0,1,286208,4,2811501858
4835,115502229062,409678,115502638740,5,0,0,3584,5,8299944275
4836,115502493448,67041,115502560489,7,0,0,4096,7,5807757853
4837,115502504676,122899,115502627575,3,0,1,8704,3,3165218310
4838,115502641365,2466,115502643831,7,0,0,2560,7,4274319145
4839,115502694417,1038,115502695455,4,0,1,19968,4,9660637577
4840,115502699413,79012,115502778425,3,0,0,1024,3,647027545
4841,115502757665,63292,115502820957,3,0,1,8704,3,9179990672
4842,115503039670,1038,115503040708,5,0,0,1024,5,3324323270
4843,115503089380,59128,115503148508,3,0,1,5120,3,7786706973
4844,115503137564,1038,115503138602,6,0,1,6144,6,8655653643
4845,115503141162,65896,115503207058,3,0,1,7168,3,5717024400
4846,115503170777,71844,115503242621,8,0,0,1024,8,8122387623
4847,115503262838,562,115503263400,4,0,1,125440,4,10466394837
4848,115503267248,23633,115503290881,7,0,0,512,7,1062498845
4849,115503366508,236051,115503602559,3,0,1,30720,3,7760266306
4850,115503414242,141752,115503555994,4,0,0,42496,4,10270110914
4851,115503427118,151973,115503579091,3,0,1,47616,3,3537536562
4852,115503709986,79768,115503789754,9,0,1,17408,9,176694291
4853,115503801592,1990,115503803582,7,0,0,2048,7,4618185487
4854,115503882330,7226,115503889556,7,0,0,7680,7,8404102150
4855,115503898274,2466,115503900740,5,0,0,2560,5,4366917971
4856,115503902875,79432,115503982307,9,0,1,11264,9,3735287008
4857,115504001204,87292,115504088496,9,0,1,16896,9,2631484632
4858,115504241807,2942,115504244749,0,0,0,3072,0,7197190486
4859,115504463369,45592,115504508961,6,0,1,1024,6,3231985363
4860,115504753126,194176,115504947302,4,0,1,176128,4,3702373475
4861,115505209106,1990,115505211096,3,0,0,2048,3,6987036521
4862,115505283194,73312,115505356506,4,0,0,119296,4,3498181524
4863,115505385683,562,115505386245,7,0,0,512,7,4065571324
4864,115505466542,3418,115505469960,5,0,0,3584,5,10628787273
4865,115505547097,50668,115505597765,9,0,1,2560,9,8515360671
4866,115505909498,1990,115505911488,3,0,0,2048,3,77335104
4867,115506002728,1514,115506004242,0,0,0,1536,0,4262158858
4868,115506062790,50980,115506113770,3,0,1,3584,3,7103509979
4869,115506105695,89584,115506195279,9,0,1,14336,9,9271917596
4870,115506721000,1514,115506722514,5,0,0,1536,5,1097281994
4871,115506734993,562,115506735555,9,0,1,2048,9,10695670255
4872,115506755567,48976,115506804543,7,0,0,512,7,10382305942
4873,115506829738,2942,115506832680,7,0,0,3072,7,4511122751
4874,115506864267,96220,115506960487,2,0,1,20992,2,10377025244
4875,115507013365,562,115507013927,7,0,0,512,7,6491883812
4876,115507087761,1038,115507088799,5,0,0,1024,5,3708840119
4877,115507218094,74356,115507292450,6,0,1,9728,6,7018800256
4878,115507352308,54052,115507406360,6,0,1,3584,6,10582675407
4879,115507493829,4846,115507498675,3,0,0,5120,3,1676175093
4880,115507679216,95800,115507775016,4,0,0,159744,4,3681467843
4881,115507824534,23633,115507848167,4,0,0,42496,4,2770152418
4882,115507836658,11855,115507848513,3,0,0,512,3,8107015564
4883,115507868782,1514,115507870296,0,0,0,1536,0,2736494567
4884,115507903404,1038,115507904442,5,0,0,1024,5,3454470413
4885,115507939614,2942,115507942556,7,0,0,3072,7,5316205321
4886,115508256350,3124,115508259474,5,0,0,9216,5,7247196059
4887,115508319891,562,115508320453,5,0,0,512,5,2366437341
4888,115508471798,59128,115508530926,9,0,1,5120,9,10285049037
4889,115508559466,103060,115508662526,4,0,1,38400,4,1355086576
4890,115508657182,256176,115508913358,4,0,1,271360,4,316497610
4891,115509161729,562,115509162291,3,0,0,512,3,7507793238
4892,115509358615,562,115509359177,4,0,1,279552,4,9592259820
4893,115509505860,253336,115509759196,5,0,0,512,5,7345030271
4894,115509551265,3900,115509555165,4,0,1,81920,4,5107264179
4895,115509631372,176998,115509808370,7,0,0,10752,7,4786651248
4896,115509723751,5066,115509728817,3,0,0,512,3,775020592
4897,115510122549,3641,115510126190,4,0,1,350720,4,2877900810
4898,115510238815,296524,115510535339,4,0,0,10240,4,493425614
4899,115510551446,96317,115510647763,4,0,0,160768,4,80567059
4900,115510581548,67521,115510649069,1,0,0,2048,1,9271162086
4901,115511005820,14800,115511020620,4,0,0,28672,4,6694830436
4902,115511399348,53140,115511452488,9,0,1,5632,9,7767614295
4903,115511505765,4846,115511510611,6,0,1,5120,6,6203581436
4904,115511533998,57592,115511591590,5,0,0,5120,5,7195993597
4905,115511599176,562,115511599738,7,0,0,512,7,6927802673
4906,115511857367,103372,115511960739,3,0,1,39424,3,3518836816
4907,115511950197,95666,115512045863,3,0,1,14848,3,2903650971
4908,115511994181,122416,115512116597,6,0,1,24064,6,9542435659
4909,115512186140,562,115512186702,1,0,0,512,1,3225237788
4910,115512298077,155516,115512453593,4,0,0,256000,4,3072768974
4911,115512386332,68567,115512454899,1,0,0,2048,1,6334868811
4912,115512643009,1038,115512644047,1,0,0,1024,1,4414131284
4913,115512796405,1038,115512797443,5,0,0,1024,5,7824742833
4914,115512918917,562,115512919479,1,0,0,512,1,1035132473
4915,115513040551,95284,115513135835,3,0,1,17920,3,2394991067
4916,115513134311,5886,115513140197,5,0,0,4608,5,325265157
4917,115513352633,1514,115513354147,3,0,0,1536,3,6926597258
4918,115513452223,4675,115513456898,9,0,1,3072,9,7678748649
4919,115513485233,52360,115513537593,9,0,1,25600,9,1825708368
4920,115513490318,99160,115513589478,5,0,0,12288,5,603367961
4921,115513614150,89632,115513703782,3,0,1,24576,3,5154490244
4922,115513956458,48976,115514005434,9,0,1,2048,9,6549845026
4923,115514328021,2466,115514330487,1,0,0,2560,1,619147780
4924,115514452582,1038,115514453620,7,0,0,1024,7,1846601113
4925,115514543787,31520,115514575307,4,0,0,51200,4,1965243669
4926,115514634964,562,115514635526,7,0,0,512,7,2498096064
4927,115515006976,3418,115515010394,3,0,0,3584,3,5291659559
4928,115515560464,1990,115515562454,1,0,0,2048,1,553510865
4929,115515698158,101500,115515799658,4,0,1,33280,4,7068249278
4930,115515965865,2942,115515968807,9,0,1,8192,9,1365360093
4931,115515973020,64672,115516037692,3,0,0,3072,3,6964689392
4932,115516086034,58684,115516144718,9,0,1,8704,9,3559344854
4933,115516347022,1514,115516348536,5,0,0,1536,5,4282619971
4934,115516602315,82684,115516684999,3,0,1,16896,3,9898803602
4935,115516749025,1038,115516750063,3,0,0,1024,3,8097729340
4936,115516756747,1038,115516757785,9,0,1,10240,9,2290449115
4937,115516813840,69904,115516883744,1,0,0,1024,1,1609610941
4938,115516835685,26734,115516862419,4,0,1,468992,4,2082648159
4939,115516908520,6274,115516914794,4,0,0,48640,4,5985915993
4940,115516955954,424189,115517380143,1,0,0,6656,1,7743086730
4941,115517109740,151549,115517261289,3,0,1,4608,3,10134174267
4942,115517375768,83908,115517459676,3,0,1,15872,3,6159046085
4943,115517529829,106648,115517636477,4,0,1,50176,4,3281000904
4944,115517853158,562,115517853720,3,0,0,512,3,9438161939
4945,115518122406,6274,115518128680,1,0,0,6656,1,1932841726
4946,115518150079,1514,115518151593,1,0,0,1536,1,4176486528
4947,115518179698,4370,115518184068,5,0,0,4608,5,1802511231
4948,115518248015,100738,115518348753,6,0,1,512,6,5147455735
4949,115518364993,115228,115518480221,4,0,1,78336,4,5527692286
4950,115519066788,2466,115519069254,7,0,0,2560,7,8497008358
4951,115519128899,4370,115519133269,5,0,0,4608,5,9348589610
4952,115519274785,64479,115519339264,4,0,0,105472,4,9033957331
4953,115519348973,87531,115519436504,3,0,1,7168,3,3015877786
4954,115519383232,179546,115519562778,9,0,1,49152,9,8137096095
4955,115519703786,110080,115519813866,4,0,1,61440,4,8741935128
4956,115519829761,4370,115519834131,9,0,1,2048,9,4664970249
4957,115519844667,48976,115519893643,1,0,0,4608,1,4543538372
4958,115519954033,201976,115520156009,4,0,1,201728,4,10228791965
4959,115520017557,139719,115520157276,0,0,1,4096,0,7379855895
4960,115520109669,110848,115520220517,9,0,1,7680,9,904797790
4961,115520265030,4846,115520269876,7,0,0,5120,7,9078874693
4962,115520322955,1990,115520324945,3,0,0,2048,3,8163426792
4963,115520334463,562,115520335025,1,0,0,512,1,9373825883
4964,115520386399,40612,115520427011,4,0,0,65536,4,5214278326
4965,115520468824,562,115520469386,5,0,0,512,5,3897836315
4966,115520638220,4370,115520642590,3,0,0,4608,3,5359311606
4967,115520687543,562,115520688105,5,0,0,512,5,1657661889
4968,115520892452,562,115520893014,1,0,0,512,1,6521366392
4969,115520982676,73756,115521056432,9,0,1,12800,9,6378703755
4970,115520984714,101656,115521086370,2,0,1,33792,2,4238198009
4971,115521101407,1990,115521103397,1,0,0,2048,1,720087730
4972,115521134920,203366,115521338286,4,0,1,54272,4,7423138983
4973,115521438453,47284,115521485737,1,0,1,1536,1,8611368069
4974,115521501019,104308,115521605327,4,0,1,42496,4,6264642488
4975,115521725512,562,115521726074,4,0,1,82432,4,8100759176
4976,115521782839,116476,115521899315,5,0,0,512,5,2239256488
4977,115522024705,562,115522025267,5,0,0,512,5,4728940757
4978,115522057765,1514,115522059279,1,0,0,1536,1,4338878103
4979,115522113770,7702,115522121472,3,0,0,8192,3,742350052
4980,115522124174,175854,115522300028,4,0,0,285696,4,1146878937
4981,115523115641,1038,115523116679,3,0,0,1024,3,5432265139
4982,115523200779,562,115523201341,7,0,0,512,7,8788387843
4983,115523634238,6484,115523640722,4,0,0,15872,4,7135862258
4984,115523771566,2942,115523774508,5,0,0,3072,5,1487852692
4985,115523951294,1514,115523952808,1,0,1,8192,1,2042803969
4986,115523969507,69280,115524038787,5,0,0,1536,5,2383357474
4987,115524080369,41387,115524121756,4,0,0,67072,4,5144333095
4988,115524245433,1990,115524247423,5,0,0,2048,5,393649725
4989,115524513967,11012,115524524979,4,0,0,17920,4,595645192
4990,115524714800,1038,115524715838,5,0,0,1024,5,4679344036
4991,115524745873,56850,115524802723,4,0,1,12800,4,10468858536
4992,115524768818,3418,115524772236,5,0,0,97280,5,3768334656
4993,115524846905,177398,115525024303,3,0,0,3584,3,956833094
4994,115525024425,1514,115525025939,1,0,0,1536,1,1972795072
4995,115525443240,13079,115525456319,5,0,0,22016,5,10041428699
4996,115525450656,6649,115525457305,7,0,0,1536,7,4626133740
4997,115525493476,562,115525494038,1,0,0,512,1,637361542
4998,115525967139,5322,115525972461,7,0,0,5632,7,6844966740
4999,115525984809,99472,115526084281,1,0,1,26624,1,1353108399
5000,115526085522,92192,115526177714,9,0,1,9728,9,6855694411
5001,115526409130,42420,115526451550,9,0,0,69120,9,436252558
5002,115526455336,14800,115526470136,4,0,0,28672,4,9218387702
5003,115527207701,101188,115527308889,4,0,1,32256,4,8400144733
5004,115527279142,90995,115527370137,1,0,1,9216,1,2880887150
5005,115527326412,75292,115527401704,9,0,1,12800,9,5579720395
5006,115527641412,7226,115527648638,5,0,0,7680,5,4972719091
5007,115527908501,22170,115527930671,9,0,1,37888,9,4971464533
5008,115527976041,102904,115528078945,9,0,0,36352,9,7773856261
5009,115528202376,123162,115528325538,5,0,0,199680,5,8563255266
5010,115528219660,106544,115528326204,7,0,0,1024,7,7923330335
5011,115528519123,1990,115528521113,7,0,0,2048,7,8283291019
5012,115528559136,86967,115528646103,9,0,0,145920,9,4388580412
5013,115528883984,562,115528884546,7,0,0,512,7,613304138
5014,115528951668,60220,115529011888,9,0,1,8704,9,2114726488
5015,115529081915,562,115529082477,1,0,0,512,1,9727545453
5016,115529315376,11270,115529326646,4,0,0,18432,4,1303392019
5017,115529410534,4846,115529415380,1,0,0,5120,1,4641355169
5018,115529466677,562,115529467239,7,0,0,512,7,2992038717
5019,115529509166,205624,115529714790,9,0,0,336896,9,2733788700
5020,115529594248,136914,115529731162,9,0,0,61952,9,5563661145
5021,115529666945,66163,115529733108,7,0,0,3072,7,7519226363
5022,115529834222,3894,115529838116,3,0,0,4096,3,9423796974
5023,115530142007,84712,115530226719,9,0,1,23552,9,2905559560
5024,115530217681,40612,115530258293,4,0,0,65536,4,5544970477
5025,115530263071,5322,115530268393,1,0,0,5632,1,7934855467
5026,115530271251,562,115530271813,3,0,0,512,3,9419124806
5027,115530551320,1990,115530553310,1,0,0,2048,1,9160148193
5028,115530977918,2466,115530980384,1,0,0,2560,1,6453417219
5029,115531026199,56075,115531082274,4,0,0,95744,4,7472812425
5030,115531035353,47267,115531082620,1,0,0,512,1,8149281595
5031,115531073178,1990,115531075168,1,0,1,12288,1,5211969458
5032,115531129258,96098,115531225356,9,0,1,512,9,2500857452
5033,115531135376,59812,115531195188,1,0,0,2048,1,5216258081
5034,115531215621,4370,115531219991,1,0,0,4608,1,5364198930
5035,115531486071,2866,115531488937,3,0,0,8704,3,6889397210
5036,115531583993,99472,115531683465,1,0,1,26624,1,1557272278
5037,115531640740,67234,115531707974,9,0,0,114176,9,1616619205
5038,115531677498,150899,115531828397,1,0,1,34304,1,6398362402
5039,115531849453,44916,115531894369,4,0,0,77312,4,3201451122
5040,115531875444,64738,115531940182,9,0,0,105984,9,5857954392
5041,115531976826,3894,115531980720,1,0,0,4096,1,2582467921
5042,115532026915,74775,115532101690,9,0,0,125440,9,10023035700
5043,115532029857,73421,115532103278,4,0,0,15872,4,9747567487
5044,115532353199,62512,115532415711,1,0,1,6144,1,1949690703
5045,115532659799,77100,115532736899,3,0,0,130048,3,2492246883
5046,115532775113,73741,115532848854,9,0,0,123392,9,7728524233
5047,115532880491,25183,115532905674,3,0,0,45568,3,1245833690
5048,115532882477,105955,115532988432,5,0,0,156160,5,1074770546
5049,115532894279,99747,115532994026,3,0,0,26624,3,4172686590
5050,115533011168,25183,115533036351,3,0,0,45568,3,8443659356
5051,115533065471,110604,115533176075,9,0,1,5632,9,1224026178
5052,115533149948,123114,115533273062,9,0,1,2048,9,5061853326
5053,115533496675,45592,115533542267,9,0,1,1024,9,8920122638
5054,115534061563,4846,115534066409,3,0,0,5120,3,6823995271
5055,115534108421,31779,115534140200,3,0,0,51712,3,8243858222
5056,115534155615,50737,115534206352,3,0,0,81920,3,8299222331
5057,115534395157,4846,115534400003,7,0,0,5120,7,10101818593
5058,115534438070,23633,115534461703,4,0,0,42496,4,1371769213
5059,115534460622,11270,115534471892,9,0,0,18432,9,2821861349
5060,115534476789,15575,115534492364,9,0,0,30208,9,7704962776
5061,115534476911,73869,115534550780,3,0,0,105984,3,7405163129
5062,115534496238,75842,115534572080,3,0,0,77312,3,5949083852
5063,115534669946,562,115534670508,1,0,1,49152,1,8331499088
5064,115534670227,2866,115534673093,8,0,0,512,8,525188920
5065,115534781070,149398,115534930468,1,0,0,8704,1,6257511002
5066,115534929063,114329,115535043392,5,0,0,185856,5,4249061275
5067,115534966598,79060,115535045658,7,0,0,3584,7,2768588777
5068,115535180465,177317,115535357782,3,0,0,291840,3,259217779
5069,115535205649,39514,115535245163,9,0,1,12800,9,3495576449
5070,115535318614,247278,115535565892,1,0,0,512,1,8109084706
5071,115535671467,60820,115535732287,0,0,1,5632,0,8599690822
5072,115536173410,142895,115536316305,4,0,0,231424,4,9347362528
5073,115536184393,158960,115536343353,3,0,0,88576,3,2405962922
5074,115536284894,79145,115536364039,3,0,0,66048,3,1200746437
5075,115536439921,147934,115536587855,4,0,1,79872,4,10328240567
5076,115536474722,9041,115536483763,9,0,1,27136,9,5874519317
5077,115536501037,156724,115536657761,4,0,1,76288,4,7084860882
5078,115536580320,250174,115536830494,1,0,0,1536,1,3878389410
5079,115536774677,31003,115536805680,3,0,0,50176,3,9916607501
5080,115536808295,258833,115537067128,3,0,0,423936,3,1445823720
5081,115536867027,227251,115537094278,5,0,0,89088,5,1741490600
5082,115536868864,84845,115536953709,1,0,1,2560,1,7331648460
5083,115536891822,33241,115536925063,0,0,1,25600,0,1121998095
5084,115537009779,294884,115537304663,7,0,0,512,7,7963126307
5085,115537086127,318633,115537404760,9,0,0,57856,9,5015581887
5086,115537087378,260200,115537347578,9,0,1,5120,9,4714903320
5087,115537378585,7702,115537386287,1,0,0,8192,1,6836974566
5088,115537538207,35567,115537573774,5,0,0,62464,5,8171568710
5089,115537548191,14283,115537562474,4,0,1,133632,4,4841719598
5090,115537586958,190645,115537777603,9,0,1,3072,9,5915420579
5091,115537656008,152833,115537808841,3,0,0,27648,3,3277876214
5092,115537706705,3418,115537710123,0,0,1,55808,0,7873889433
5093,115537763022,140487,115537903509,1,0,0,3584,1,9118462698
5094,115537886078,130204,115538016282,4,0,1,127488,4,9127007281
5095,115537895073,123560,115538018633,9,0,1,7680,9,1538096090
5096,115537998738,153949,115538152687,4,0,0,217600,4,9960401522
5097,115538076606,79307,115538155913,3,0,0,5120,3,1710785403
5098,115538090249,66637,115538156886,3,0,0,12800,3,4883498256
5099,115538165455,10753,115538176208,5,0,0,17408,5,7126551487
5100,115538229242,108028,115538337270,9,0,1,24576,9,8721612486
5101,115538353514,562,115538354076,7,0,0,512,7,4993101204
5102,115538722634,95283,115538817917,5,0,0,158720,5,3545072791
5103,115538761627,126188,115538887815,1,0,1,11776,1,4967976336
5104,115539005248,6274,115539011522,7,0,0,6656,7,3369495295
5105,115539077241,132512,115539209753,9,0,0,214528,9,774400014
5106,115539079404,301075,115539380479,9,0,0,389632,9,1254837433
5107,115539114956,73748,115539188704,4,0,1,133120,4,681746503
5108,115539307397,309090,115539616487,7,0,0,1024,7,1046099911
5109,115539391479,34073,115539425552,1,0,0,1536,1,7874578013
5110,115539568410,3418,115539571828,1,0,0,3584,1,8887854074
5111,115539589072,101878,115539690950,4,0,0,164864,4,1741053640
5112,115539704730,153225,115539857955,9,0,1,1536,9,10071622443
5113,115539838512,55817,115539894329,3,0,0,95232,3,4820757718
5114,115539926930,22687,115539949617,4,0,0,37376,4,8717988513
5115,115539990199,191065,115540181264,5,0,0,496640,5,6362137392
5116,115540052018,306446,115540358464,7,0,0,2560,7,9560851277
5117,115540069528,246253,115540315781,4,0,1,75264,4,6245633593
5118,115540085159,217938,115540303097,9,0,0,7680,9,5370441533
5119,115540215436,57906,115540273342,1,0,1,22016,1,9708093013
5120,115540246177,7702,115540253879,1,0,0,1536,1,4040424809
5121,115540250173,299487,115540549660,9,0,1,9728,9,9707862701
5122,115540430459,342234,115540772693,9,0,0,8192,9,9076376893
5123,115540994518,1514,115540996032,1,0,0,1536,1,8030595299
5124,115541045111,115016,115541160127,3,0,0,190464,3,356986681
5125,115541065909,99403,115541165312,9,0,0,16384,9,1270987812
5126,115541321701,85675,115541407376,4,0,0,143360,4,2435162823
5127,115541436546,75484,115541512030,4,0,1,184832,4,883080808
5128,115541496472,3383,115541499855,9,0,1,512,9,10669559569
5129,115541620434,263257,115541883691,4,0,0,9728,4,1751616637
5130,115541671157,86074,115541757231,0,0,1,4608,0,6138313988
5131,115541729649,91276,115541820925,9,0,1,14848,9,338804291
5132,115541936469,60820,115541997289,0,0,1,5632,0,1126649408
5133,115542095491,12304,115542107795,5,0,0,20480,5,7535829146
5134,115542261774,98380,115542360154,4,0,1,23040,4,4190645881
5135,115542554615,177058,115542731673,5,0,0,291328,5,7189092568
5136,115542574440,175200,115542749640,0,0,1,7168,0,5404739345
5137,115542593172,243394,115542836566,3,0,0,118272,3,781037925
5138,115542651528,217507,115542869035,1,0,1,44032,1,1464615205
5139,115542781087,101247,115542882334,9,0,1,7680,9,5992966018
5140,115543007951,48976,115543056927,0,0,1,2048,0,3612873887
5141,115543020631,82404,115543103035,3,0,0,133632,3,9432359903
5142,115543035833,69148,115543104981,4,0,0,3072,4,8804639348
5143,115543055108,54699,115543109807,4,0,0,7680,4,2406716510
5144,115543078103,25442,115543103545,4,0,1,244224,4,6560696895
5145,115543156247,122128,115543278375,9,0,0,46080,9,6363220194
5146,115543173253,103151,115543276404,4,0,1,429568,4,3731268098
5147,115543330951,476890,115543807841,4,0,0,197632,4,5828010144
5148,115543352834,13380,115543366214,7,0,0,4608,7,6612693319
5149,115543542643,562,115543543205,7,0,0,1024,7,1329411086
5150,115543590149,565865,115544156014,7,0,0,512,7,5143598770
5151,115543594707,169262,115543763969,5,0,1,9216,5,3658267950
5152,115543846094,103840,115543949934,9,0,1,40960,9,9893993250
5153,115544107726,21137,115544128863,4,0,0,34304,4,9743065601
5154,115544125964,31262,115544157226,2,0,1,19968,2,3196122480
5155,115544153840,85156,115544238996,1,0,1,23552,1,2252231793
5156,115544160351,2866,115544163217,9,0,0,50688,9,7663002469
5157,115544266045,163444,115544429489,1,0,1,24576,1,2416155079
5158,115544293267,67588,115544360855,7,0,0,8704,7,8627184039
5159,115544306044,127317,115544433361,2,0,1,7680,2,8131994110
5160,115544391875,6325,115544398200,9,0,0,5120,9,10631813633
5161,115544473007,562,115544473569,7,0,0,512,7,9203374173
5162,115544574472,206658,115544781130,4,0,0,338944,4,9836561455
5163,115544754408,39029,115544793437,1,0,1,4096,1,2664073643
5164,115544758780,5192,115544763972,3,0,0,55296,3,2060942110
5165,115544809234,227627,115545036861,4,0,1,97280,4,2693933314
5166,115544884270,270655,115545154925,3,0,0,13312,3,912316655
5167,115544993174,279083,115545272257,3,0,0,456704,3,639349379
5168,115545036698,236225,115545272923,1,0,0,1024,1,731895417
5169,115545071622,238820,115545310442,3,0,0,122368,3,8056351948
5170,115545184632,137561,115545322193,9,0,0,39936,9,1268280114
5171,115545284366,10753,115545295119,0,0,1,78336,0,7668457815
5172,115545435666,264681,115545700347,4,0,0,17408,4,7147430346
5173,115545705420,65452,115545770872,2,0,1,10752,2,8784862100
5174,115545775465,236087,115546011552,5,0,0,382976,5,8018387518
5175,115545992877,61637,115546054514,3,0,0,99840,3,5156129044
5176,115546031880,38187,115546070067,3,0,0,49664,3,14930406
5177,115546243144,197764,115546440908,4,0,1,187904,4,10641720602
5178,115546463298,84532,115546547830,1,0,1,17920,1,985675701
5179,115546761425,95283,115546856708,9,0,0,158720,9,5488363226
5180,115546798079,205127,115547003206,7,0,1,512,7,4592634807
5181,115546901453,188322,115547089775,0,0,1,41472,0,160771311
5182,115547401234,6274,115547407508,0,0,1,30720,0,9110284141
5183,115547425606,100720,115547526326,1,0,0,6656,1,571630106
5184,115547625922,32812,115547658734,4,0,0,53760,4,7636700595
5185,115547905977,50668,115547956645,4,0,1,2560,4,7374110001
5186,115547965139,94660,115548059799,8,0,1,15872,8,7330623358
5187,115548228418,79612,115548308030,2,0,1,16896,2,2651725875
5188,115548312508,82060,115548394568,9,0,1,14848,9,626240713
5189,115548425573,62929,115548488502,4,0,0,102400,4,10183822352
5190,115548438979,49677,115548488656,7,0,0,8704,7,1720356010
5191,115548851454,1038,115548852492,5,0,0,1024,5,1229335487
5192,115548912389,97600,115549009989,1,0,1,20480,1,2036942364
5193,115549106251,176283,115549282534,3,0,0,289792,3,6670970379
5194,115549212604,204128,115549416732,0,0,1,9216,0,1322067076
5195,115549715599,129268,115549844867,4,0,1,124416,4,7267557315
5196,115549744347,121870,115549866217,9,0,0,197120,9,2374480997
5197,115549768258,112726,115549880984,0,0,1,6144,0,4761397899
5198,115549997051,343402,115550340453,0,0,1,49152,0,2323178616
5199,115550042129,96604,115550138733,7,0,1,12800,7,5005774442
5200,115550107075,109573,115550216648,3,0,0,171008,3,3073076663
5201,115550111557,108957,115550220514,4,0,0,6144,4,7078404246
5202,115550317381,98536,115550415917,9,0,1,23552,9,7565893103
5203,115550385428,86192,115550471620,9,0,0,144384,9,5094791694
5204,115550398715,62154,115550460869,4,0,1,78336,4,9870175106
5205,115550482823,269342,115550752165,3,0,0,100864,3,3523392672
5206,115550774827,45175,115550820002,4,0,1,280576,4,6977718144
5207,115550861299,270544,115551131843,7,0,1,30208,7,1595057258
5208,115550871381,193295,115551064676,4,0,0,77824,4,9725310978
5209,115550897823,109099,115551006922,1,0,1,22016,1,9929936983
5210,115550999712,71048,115551070760,7,0,1,9216,7,403107130
5211,115551040974,223573,115551264547,0,0,1,4608,0,7941800360
5212,115551051974,102702,115551154676,2,0,1,8704,2,781476383
5213,115551090820,186925,115551277745,3,0,0,307200,3,2079848718
5214,115551122392,166592,115551288984,5,0,0,37376,5,2470378904
5215,115551214255,177517,115551391772,2,0,1,49664,2,2214353826
5216,115551356989,56982,115551413971,9,0,1,4096,9,7282829843
5217,115551481809,20362,115551502171,9,0,0,32768,9,4306599574
5218,115551505758,1990,115551507748,9,0,1,6656,9,7838273326
5219,115551543759,64204,115551607963,7,0,0,2048,7,7320055241
5220,115551556682,85444,115551642126,9,0,1,15872,9,376437063
5221,115551607745,43971,115551651716,4,0,0,72192,4,2656114615
5222,115551620238,118500,115551738738,4,0,1,33280,4,9235563380
5223,115551807248,78832,115551886080,0,0,1,14336,0,8524025365
5224,115551946546,87892,115552034438,7,0,1,13824,7,9205075808
5225,115552186142,195892,115552382034,4,0,1,181760,4,142996902
5226,115552528109,1038,115552529147,4,0,1,246272,4,2338949084
5227,115552638396,215548,115552853944,1,0,1,512,1,9460486571
5228,115552665548,105444,115552770992,1,0,0,1024,1,7920891166
5229,115552691039,311593,115553002632,5,0,0,423936,5,10378082227
5230,115552711524,322367,115553033891,4,0,0,100352,4,6119597804
5231,115552960249,95352,115553055601,4,0,0,71168,4,9033812734
5232,115552993694,13508,115553007202,1,0,1,2560,1,2263959944
5233,115553129533,178488,115553308021,4,0,0,26112,4,5402345521
5234,115553163902,71245,115553235147,9,0,0,115200,9,10119139072
5235,115553174080,62347,115553236427,3,0,0,14336,3,8130658718
5236,115553324796,135045,115553459841,1,0,1,25088,1,5123297670
5237,115553342609,190906,115553533515,9,0,1,38912,9,9136393095
5238,115553647723,4933,115553652656,3,0,0,12800,3,6396760105
5239,115553659203,562,115553659765,1,0,0,512,1,5162604988
5240,115553795416,2466,115553797882,1,0,1,36352,1,7977414297
5241,115553801923,3124,115553805047,4,0,1,39936,4,4405502999
5242,115553812678,102436,115553915114,7,0,0,2560,7,6561413430
5243,115553815904,11320,115553827224,1,0,0,9216,1,5791913815
5244,115553878657,108119,115553986776,4,0,1,87040,4,3576430064
5245,115553886543,174300,115554060843,5,0,0,14336,5,5346296531
5246,115553900783,230503,115554131286,4,0,1,135680,4,10493851664
5247,115554324537,2466,115554327003,1,0,0,2560,1,10709050057
5248,115554424058,74356,115554498414,0,0,1,9728,0,3673171553
5249,115554541604,124712,115554666316,9,0,0,202752,9,6903888416
5250,115554548195,67584,115554615779,2,0,1,10752,2,2600293319
5251,115554599078,89530,115554688608,0,0,0,512,0,4997422062
5252,115554609518,182446,115554791964,5,0,0,114176,5,2993500645
5253,115554671059,230960,115554902019,2,0,1,10752,2,5186645917
5254,115554809597,246988,115555056585,5,0,0,400896,5,3211935632
5255,115554832184,226027,115555058211,7,0,0,2560,7,2594423108
5256,115554848930,214450,115555063380,4,0,1,109568,4,354508640
5257,115554860513,279047,115555139560,0,0,1,6656,0,6279269959
5258,115554861344,329932,115555191276,5,0,0,262144,5,2474997569
5259,115554882987,429001,115555311988,9,0,0,232448,9,9801850393
5260,115554934236,303085,115555237321,0,0,1,17408,0,10030491130
5261,115554974857,381185,115555356042,4,0,0,112640,4,4907508078
5262,115555003572,309102,115555312674,7,0,1,12288,7,3331715841
5263,115555091502,95172,115555186674,1,0,1,115712,1,4551178155
5264,115555157219,477957,115555635176,4,0,1,89088,4,10337413715
5265,115555353002,142523,115555495525,7,0,1,5120,7,8187534889
5266,115555380715,387263,115555767978,4,0,0,126464,4,1270201361
5267,115555476923,236172,115555713095,0,0,1,36352,0,949929619
5268,115555506617,299814,115555806431,8,0,1,43008,8,4462427412
5269,115555685617,120825,115555806442,3,0,0,192000,3,3265889061
5270,115555703010,196922,115555899932,5,0,1,10240,5,1165736426
5271,115555790475,138660,115555929135,7,0,1,10240,7,7359442016
5272,115555935991,3418,115555939409,1,0,0,3584,1,1290662679
5273,115555969184,102210,115556071394,3,0,1,32768,3,714095553
5274,115556139569,52804,115556192373,4,0,0,86016,4,4674637748
5275,115556207425,74516,115556281941,0,0,1,24064,0,8951251614
5276,115556242441,125339,115556367780,4,0,0,124928,4,1420462219
5277,115556397652,1990,115556399642,7,0,0,2048,7,145157137
5278,115556456907,12304,115556469211,5,0,0,20480,5,4906996609
5279,115556502756,1514,115556504270,1,0,1,172544,1,4731683431
5280,115556659722,262852,115556922574,7,0,0,1536,7,10378872344
5281,115556882358,33587,115556915945,3,0,0,55296,3,5865364469
5282,115557085283,1514,115557086797,7,0,0,1536,7,1990595221
5283,115557276925,1514,115557278439,1,0,0,1536,1,10159831593
5284,115557297077,82816,115557379893,2,0,1,12288,2,4279269118
5285,115557586773,3894,115557590667,1,0,0,4096,1,1580645194
5286,115557647574,57436,115557705010,7,0,1,4608,7,7963911912
5287,115557660706,46284,115557706990,7,0,1,1024,7,2809902560
5288,115557735891,79432,115557815323,7,0,1,11264,7,128656394
5289,115557874296,3894,115557878190,2,0,1,11776,2,5504650119
5290,115557875999,81124,115557957123,9,0,0,4096,9,2509840551
5291,115558186961,2942,115558189903,1,0,1,227840,1,5094520178
5292,115558287256,209932,115558497188,9,0,0,3072,9,7719122041
5293,115558419746,59752,115558479498,2,0,1,7168,2,8395707602
5294,115558459504,174991,115558634495,3,0,0,287232,3,7441640088
5295,115558464829,209917,115558674746,7,0,1,11264,7,7280358083
5296,115558549150,175917,115558725067,1,0,1,8704,1,1575618183
5297,115558653215,203562,115558856777,0,0,1,15872,0,1548535466
5298,115558825956,114011,115558939967,1,0,1,60928,1,2544582529
5299,115558904471,84101,115558988572,1,0,1,14848,1,5127248263
5300,115559166801,1990,115559168791,1,0,0,2048,1,10604314163
5301,115559352501,75291,115559427792,4,0,0,126464,4,9223765338
5302,115559504855,1038,115559505893,3,0,0,1024,3,4066814971
5303,115559623754,121468,115559745222,4,0,1,98816,4,7227616585
5304,115559757941,3894,115559761835,9,0,0,4096,9,8333204102
5305,115559823911,65452,115559889363,7,0,1,10752,7,8864689108
5306,115559938195,33846,115559972041,4,0,0,55808,4,4286077416
5307,115560200299,1990,115560202289,7,0,1,32256,7,9831001258
5308,115560213680,101188,115560314868,1,0,0,2048,1,9867860593
5309,115560238745,68640,115560307385,7,0,1,5120,7,1937485224
5310,115560485422,103840,115560589262,6,0,1,40960,6,7538685843
5311,115560516806,94026,115560610832,2,0,1,14848,2,6218958721
5312,115560586603,23462,115560610065,2,0,1,11776,2,7650824
5313,115560600580,100777,115560701357,3,0,0,38912,3,205860520
5314,115560786693,91237,115560877930,3,0,0,147456,3,10014521991
5315,115560792385,294321,115561086706,1,0,1,213504,1,2567478224
5316,115560969304,154884,115561124188,1,0,1,108544,1,10688711139
5317,115561003671,33324,115561036995,0,0,1,41984,0,9916852499
5318,115561021184,103182,115561124366,2,0,1,512,2,5732143647
5319,115561090875,4846,115561095721,1,0,0,3584,1,445500043
5320,115561127648,171235,115561298883,1,0,0,5120,1,6236902683
5321,115561294995,58216,115561353211,2,0,1,7168,2,96023863
5322,115561310105,55744,115561365849,0,0,1,4096,0,6225766155
5323,115561386465,72537,115561459002,3,0,0,117760,3,784909240
5324,115561435188,99004,115561534192,1,0,1,112128,1,10033627891
5325,115561443042,1038,115561444080,0,0,1,25088,0,7671131544
5326,115561481458,202840,115561684298,0,0,1,41472,0,8770351392
5327,115561570515,169217,115561739732,1,0,1,52736,1,5762194291
5328,115561601609,130625,115561732234,9,0,0,1024,9,5275996052
5329,115562108398,1514,115562109912,7,0,1,18944,7,1889997845
5330,115562171265,87916,115562259181,7,0,0,1536,7,1950015375
5331,115562242946,178350,115562421296,4,0,0,293888,4,6552975357
5332,115562369542,56580,115562426122,1,0,0,7680,1,6098274149
5333,115562415597,140620,115562556217,0,0,1,3072,0,5444237864
5334,115562548990,24408,115562573398,1,0,1,170496,1,7826750676
5335,115562560212,2466,115562562678,7,0,1,5120,7,4050950796
5336,115562570617,97058,115562667675,3,0,0,44032,3,2705594236
5337,115562593937,212770,115562806707,4,0,1,533504,4,4034114602
5338,115562650628,6274,115562656902,1,0,0,2560,1,1302271462
5339,115562894160,544839,115563438999,1,0,0,6656,1,1599937460
5340,115562991238,148610,115563139848,7,0,0,1024,7,9595549540
5341,115563116584,151868,115563268452,4,0,0,191488,4,4456328904
5342,115563118090,153385,115563271475,4,0,1,129536,4,4951411634
5343,115563323844,1514,115563325358,9,0,0,1536,9,2727051063
5344,115563340710,282053,115563622763,1,0,1,248832,1,5514084969
5345,115563382667,250559,115563633226,0,0,1,34304,0,1187916165
5346,115563625174,55328,115563680502,0,0,1,1536,0,10332817440
5347,115563814811,61637,115563876448,4,0,0,99840,4,5391757260
5348,115563843008,177736,115564020744,1,0,1,113664,1,2073535435
5349,115563925222,95533,115564020755,3,0,0,150528,3,4469048865
5350,115564041671,214029,115564255700,3,0,0,346624,3,4562053916
5351,115564140772,58160,115564198932,1,0,1,40448,1,1232266453
5352,115564203441,44883,115564248324,3,0,0,28160,3,10023017141
5353,115564233193,209229,115564442422,4,0,0,62464,4,867239094
5354,115564291748,178695,115564470443,0,0,1,35840,0,9952852295
5355,115564320973,27023,115564347996,2,0,1,20992,2,3842343998
5356,115564442033,61362,115564503395,2,0,1,5632,2,8181247938
5357,115564443439,236254,115564679693,3,0,0,43520,3,8580500738
5358,115564467111,72795,115564539906,1,0,1,51712,1,8646389925
5359,115564487386,194577,115564681963,1,0,1,59392,1,1359207576
5360,115564505420,246104,115564751524,4,0,1,226816,4,4199382766
5361,115564567284,4370,115564571654,4,0,0,118272,4,3406037370
5362,115564734334,323968,115565058302,7,0,0,4608,7,8695733096
5363,115564793294,42836,115564836130,1,0,0,7168,1,3539597252
5364,115564866979,33241,115564900220,4,0,0,57856,4,7371404128
5365,115564958566,95025,115565053591,4,0,0,158208,4,3296139152
5366,115564999853,42129,115565041982,4,0,1,29184,4,9745112588
5367,115565018183,156731,115565174914,5,0,0,24064,5,2591229971
5368,115565146434,10161,115565156595,5,0,0,4096,5,1852082926
5369,115565255837,22429,115565278266,4,0,0,36864,4,15491387
5370,115565352903,1038,115565353941,1,0,0,1024,1,3657613127
5371,115565357171,43366,115565400537,3,0,0,74240,3,8941036307
5372,115565362203,1514,115565363717,0,0,1,8192,0,9936392805
5373,115565489487,136389,115565625876,1,0,0,1536,1,1541550383
5374,115565508275,1038,115565509313,7,0,0,1024,7,1166785670
5375,115565971009,2942,115565973951,1,0,0,3072,1,4012389750
5376,115566029800,1990,115566031790,4,0,0,2048,4,36857808
5377,115566054467,2466,115566056933,9,0,0,2560,9,10153719578
5378,115566070004,153537,115566223541,3,0,0,248832,3,4464171380
5379,115566160221,109969,115566270190,0,0,1,5120,0,736590185
5380,115566172273,221869,115566394142,7,0,1,3072,7,1410350206
5381,115566308546,153537,115566462083,4,0,0,248832,4,571843137
5382,115566391741,70731,115566462472,4,0,1,30720,4,3263190646
5383,115566422611,113494,115566536105,4,0,0,108544,4,1518890855
5384,115566451500,192375,115566643875,7,0,1,7168,7,6576973075
5385,115566539750,5798,115566545548,4,0,1,379392,4,9097393774
5386,115566702287,562,115566702849,4,0,0,6144,4,3694788306
5387,115566836380,418729,115567255109,9,0,0,512,9,10663297229
5388,115566930874,152497,115567083371,4,0,1,110080,4,8110792521
5389,115567065026,19851,115567084877,7,0,0,1536,7,6618425812
5390,115567090811,145391,115567236202,5,0,0,239616,5,5250828106
5391,115567548093,12562,115567560655,7,0,1,11776,7,4791497091
5392,115567563635,81124,115567644759,5,0,0,20992,5,2902432074
5393,115567715385,26734,115567742119,3,0,0,48640,3,8782917332
5394,115567931587,193003,115568124590,3,0,0,312320,3,7552210919
5395,115567931910,194626,115568126536,9,0,0,3072,9,6263881067
5396,115567992853,136909,115568129762,1,0,0,5120,1,3737829457
5397,115568058362,66520,115568124882,4,0,1,50176,4,8169384843
5398,115568084235,3894,115568088129,5,0,0,67584,5,9259526390
5399,115568120906,195913,115568316819,4,0,1,112128,4,1873896337
5400,115568186605,48510,115568235115,1,0,0,4096,1,4830350740
5401,115568205776,339784,115568545560,5,0,0,58880,5,3072195381
5402,115568317284,295545,115568612829,5,0,0,478720,5,4860640603
5403,115568511443,137881,115568649324,3,0,0,117248,3,2908654810
5404,115568582702,304378,115568887080,5,0,0,492544,5,10601902138
5405,115568583451,219417,115568802868,1,0,1,167936,1,10672509332
5406,115568668009,500953,115569168962,1,0,0,512,1,10665929000
5407,115569014219,76813,115569091032,7,0,1,7680,7,7099105780
5408,115569260781,53321,115569314102,3,0,0,87040,3,9511279154
5409,115569286257,6750,115569293007,1,0,1,343552,1,599184784
5410,115569325171,41128,115569366299,0,0,1,5632,0,4073939940
5411,115569422263,365215,115569787478,1,0,0,7168,1,3371370362
5412,115569471465,328028,115569799493,3,0,0,66560,3,6677023785
5413,115569670758,53233,115569723991,5,0,0,90112,5,8535614257
5414,115569821408,57436,115569878844,0,0,1,4608,0,1578575210
5415,115569935183,562,115569935745,1,0,0,512,1,2990140206
5416,115570037299,4675,115570041974,4,0,0,12288,4,2794360894
5417,115570289737,11270,115570301007,5,0,0,18432,5,949085831
5418,115570701924,132253,115570834177,3,0,0,214016,3,2062067987
5419,115570739518,95965,115570835483,1,0,0,2048,1,5522464623
5420,115570740546,137486,115570878032,4,0,0,146432,4,4011660627
5421,115570903693,1990,115570905683,1,0,0,2048,1,10541729763
5422,115570907800,83608,115570991408,4,0,0,139264,4,5667283711
5423,115570973762,104116,115571077878,3,0,1,57856,3,987661637
5424,115571066934,31520,115571098454,3,0,0,172544,3,8901570140
5425,115571213722,314584,115571528306,3,0,0,51200,3,7691729371
5426,115571254289,108329,115571362618,2,0,1,8704,2,6154029417
5427,115571351420,136275,115571487695,0,0,1,39936,0,1439684451
5428,115571562785,67588,115571630373,0,0,1,7680,0,3061178603
5429,115571787164,562,115571787726,5,0,0,512,5,7190417570
5430,115571882295,105850,115571988145,0,0,1,29696,0,5138166104
5431,115571913855,150947,115572064802,2,0,1,40448,2,2137477105
5432,115571932834,131517,115572064351,0,0,1,32768,0,2766537486
5433,115572109982,107584,115572217566,4,0,1,53248,4,7996556240
5434,115572361501,4370,115572365871,7,0,0,4608,7,1670624692
5435,115572395243,31520,115572426763,5,0,0,51200,5,10206930892
5436,115572397341,84235,115572481576,2,0,1,12800,2,2450761775
5437,115572646423,5967,115572652390,1,0,0,14848,1,8524182361
5438,115572841796,7226,115572849022,3,0,0,7680,3,450268557
5439,115572850498,102592,115572953090,4,0,1,36864,4,3465727119
5440,115572909603,45433,115572955036,4,0,0,78336,4,8205337201
5441,115572925270,17117,115572942387,2,0,1,12800,2,9135906660
5442,115572940185,108438,115573048623,1,0,0,3584,1,7072159969
5443,115573050879,1514,115573052393,1,0,0,1536,1,3210231139
5444,115573291206,195499,115573486705,3,0,0,320512,3,5473094199
5445,115573395373,92318,115573487691,7,0,0,1536,7,924700057
5446,115573602345,48976,115573651321,6,0,1,2048,6,1859540951
5447,115573939259,76540,115574015799,2,0,1,16896,2,1180745613
5448,115574173528,23462,115574196990,3,0,0,38912,3,8774128350
5449,115574184022,109151,115574293173,6,0,1,53760,6,9390890294
5450,115574226104,1038,115574227142,6,0,1,34304,6,8298552286
5451,115574370308,232459,115574602767,1,0,0,1024,1,7376367316
5452,115574495448,1990,115574497438,1,0,0,2048,1,1876496358
5453,115574526465,6750,115574533215,9,0,0,7168,9,6052453763
5454,115574568860,41387,115574610247,3,0,0,67072,3,897322463
5455,115574596258,101531,115574697789,0,0,1,4608,0,8828194921
5456,115574684700,101032,115574785732,6,0,1,31744,6,282994310
5457,115574866063,1514,115574867577,1,0,0,1536,1,8939078846
5458,115574906650,54052,115574960702,2,0,1,3584,2,7639818209
5459,115574957828,79588,115575037416,2,0,1,11776,2,7817417180
5460,115575033915,6876,115575040791,1,0,0,9728,1,4539282269
5461,115575107599,1038,115575108637,7,0,0,1024,7,7025716850
5462,115575183293,562,115575183855,9,0,0,512,9,8094559134
5463,115575213863,64908,115575278771,4,0,0,109568,4,9535468770
5464,115575242502,164437,115575406939,4,0,1,179200,4,3804574606
5465,115575260748,147600,115575408348,5,0,0,266752,5,7183207978
5466,115575277931,243234,115575521165,7,0,0,512,7,3255003133
5467,115575346622,111473,115575458095,2,0,1,48640,2,3065054714
5468,115575374274,227685,115575601959,5,0,0,67584,5,6455377213
5469,115575500758,219757,115575720515,4,0,1,62464,4,8900436889
5470,115575841371,1990,115575843361,4,0,1,39424,4,1995091340
5471,115575872676,103372,115575976048,1,0,0,2048,1,4438387237
5472,115575985710,2466,115575988176,7,0,0,2560,7,8964088264
5473,115576196971,4846,115576201817,7,0,0,5120,7,4411971403
5474,115576422940,72820,115576495760,2,0,1,9728,2,3750088525
5475,115576592538,2942,115576595480,1,0,0,3072,1,1847190022
5476,115576653317,1038,115576654355,1,0,0,1024,1,10221057934
5477,115576866104,15317,115576881421,4,0,1,172544,4,6707726809
5478,115576925201,6469,115576931670,5,0,0,29696,5,1305876207
5479,115576934395,193084,115577127479,1,0,0,512,1,8683012000
5480,115577049394,72298,115577121692,2,0,1,6144,2,9159160799
5481,115577383025,47752,115577430777,0,0,1,3072,0,187711645
5482,115577442455,98848,115577541303,0,0,1,24576,0,4647361657
5483,115577614594,4846,115577619440,7,0,0,5120,7,7528467410
5484,115577715471,31003,115577746474,3,0,0,50176,3,2524276094
5485,115577885517,72353,115577957870,6,0,1,4096,6,6392394963
5486,115578006666,57436,115578064102,6,0,1,4608,6,5312838630
5487,115578014087,94337,115578108424,4,0,0,153600,4,5186575985
5488,115578231194,117342,115578348536,3,0,0,195072,3,5972662396
5489,115578384492,134941,115578519433,0,0,1,4608,0,9212707245
5490,115578524868,98068,115578622936,2,0,1,22016,2,9710398033
5491,115578666151,562,115578666713,9,0,0,512,9,2730892556
5492,115578685526,53140,115578738666,6,0,1,5632,6,6412668760
5493,115578809440,60376,115578869816,2,0,1,9216,2,4236663990
5494,115578871737,91324,115578963061,2,0,1,25088,2,7448018018
5495,115579074974,562,115579075536,9,0,0,512,9,2650017914
5496,115579095665,87916,115579183581,6,0,1,18944,6,8798166626
5497,115579545176,185979,115579731155,4,0,0,302080,4,10165107980
5498,115579778012,137850,115579915862,4,0,0,228352,4,9960499638
5499,115579871332,45516,115579916848,7,0,0,1536,7,7623404426
5500,115579938224,1038,115579939262,1,0,0,1024,1,8433312105
5501,115580152644,103372,115580256016,6,0,1,39424,6,10110625077
5502,115580425202,307221,115580732423,4,0,0,498176,4,931771488
5503,115580663592,85510,115580749102,5,0,0,63488,5,5810807788
5504,115580725803,1514,115580727317,7,0,1,1536,7,3126632937
5505,115580826421,147018,115580973439,9,0,0,1536,9,1632109111
5506,115580897164,56609,115580953773,5,0,1,30720,5,954652353
5507,115580919637,32812,115580952449,5,0,1,3584,5,7538750543
5508,115580944169,102007,115581046176,7,0,1,21504,7,4547271260
5509,115580944757,97912,115581042669,4,0,0,53760,4,1064462216
5510,115581046897,107740,115581154637,4,0,1,53760,4,1108811441
5511,115581197743,67588,115581265331,2,0,1,7680,2,10716082052
5512,115581202303,104374,115581306677,3,0,0,173056,3,8915587649
5513,115581220786,149842,115581370628,5,0,1,12800,5,6194901681
5514,115581363413,46467,115581409880,5,0,0,80384,5,1750599642
5515,115581383427,156250,115581539677,5,0,1,4096,5,8244184302
5516,115581469875,104890,115581574765,0,0,1,18432,0,6462793164
5517,115581498037,84641,115581582678,4,0,0,141312,4,3533436335
5518,115581595843,54525,115581650368,3,0,0,92672,3,5435511940
5519,115581956130,107896,115582064026,5,0,1,54272,5,5809094112
5520,115581987335,80777,115582068112,6,0,1,1024,6,10600981747
5521,115582049548,110787,115582160335,5,0,0,160768,5,1096311264
5522,115582079236,81765,115582161001,7,0,0,1024,7,9834608608
5523,115582185862,77740,115582263602,3,0,1,10752,3,387704168
5524,115582382449,285448,115582667897,4,0,1,314368,4,9921082521
5525,115582710155,50668,115582760823,7,0,1,12800,7,5291662570
5526,115582714689,76828,115582791517,6,0,1,2560,6,8679278015
5527,115582744790,62991,115582807781,0,0,1,37888,0,8399461127
5528,115582759594,102904,115582862498,6,0,1,6656,6,3089122427
5529,115582899422,112520,115583011942,3,0,0,182272,3,3395247486
5530,115582995830,16778,115583012608,7,0,0,1024,7,2818906823
5531,115583088007,74668,115583162675,0,0,1,10752,0,8623826985
5532,115583198251,20620,115583218871,5,0,0,33280,5,1307615312
5533,115583255245,3383,115583258628,7,0,0,9728,7,4751125738
5534,115583331959,166933,115583498892,3,0,0,274944,3,3918718280
5535,115583485514,19894,115583505408,5,0,0,23040,5,3624057642
5536,115583518184,147009,115583665193,5,0,1,16896,5,9554492797
5537,115583667088,73312,115583740400,3,0,0,119296,3,4863563767
5538,115583703122,43487,115583746609,3,0,0,29696,3,1972305931
5539,115583706472,26962,115583733434,5,0,1,27648,5,2395879613
5540,115583720633,12304,115583732937,1,0,0,1536,1,9334575843
5541,115583725110,147805,115583872915,0,0,1,13312,0,4489844397
5542,115583745498,158933,115583904431,3,0,0,20480,3,2981143158
5543,115583862614,47284,115583909898,0,0,1,2560,0,9197773731
5544,115583951825,137649,115584089474,6,0,1,1536,6,8202040613
5545,115584421943,67456,115584489399,5,0,1,12288,5,9228036558
5546,115584527399,1990,115584529389,2,0,1,19968,2,5971369965
5547,115584540762,82084,115584622846,1,0,0,2048,1,6531281691
5548,115584607488,7785,115584615273,1,0,0,6144,1,7116800043
5549,115584900917,208216,115585109133,4,0,1,222208,4,675669996
5550,115584930724,199793,115585130517,7,0,1,17920,7,27542490
5551,115585004067,176025,115585180092,3,0,0,289280,3,2278126926
5552,115585124144,59494,115585183638,7,0,0,5632,7,1645816971
5553,115585158775,25209,115585183984,1,0,0,512,1,5307459024
5554,115585259251,23891,115585283142,7,0,1,4096,7,277712528
5555,115585281879,92857,115585374736,5,0,0,43008,5,2237172156
5556,115585323098,102395,115585425493,5,0,0,165888,5,6162144067
5557,115585457631,94375,115585552006,6,0,1,10752,6,3665489775
5558,115585509679,1990,115585511669,4,0,1,286208,4,6650573278
5559,115585802132,409362,115586211494,7,0,0,2048,7,2910944159
5560,115585855314,4846,115585860160,0,0,1,7680,0,3234025161
5561,115585968183,131307,115586099490,2,0,1,32256,2,3112971234
5562,115585970604,80056,115586050660,5,0,0,5120,5,10651479642
5563,115585974860,103257,115586078117,6,0,1,13312,6,852951484
5564,115585976554,126849,115586103403,6,0,1,17920,6,4690399988
5565,115586099115,47734,115586146849,5,0,0,71168,5,3510033658
5566,115586155135,127208,115586282343,5,0,0,210944,5,9143028125
5567,115586158207,356766,115586514973,6,0,1,22016,6,1118733717
5568,115586496345,155715,115586652060,4,0,0,459264,4,3805812901
5569,115586623780,283870,115586907650,5,0,1,6656,5,627280167
5570,115586653550,138416,115586791966,3,0,0,39936,3,10692258653
5571,115586945435,61716,115587007151,4,0,0,171008,4,2925867291
5572,115586988547,104979,115587093526,6,0,1,3072,6,4060120514
5573,115586996610,74797,115587071407,3,0,0,67584,3,5993988942
5574,115587116607,2866,115587119473,1,0,0,8704,1,9098547618
5575,115587162198,7226,115587169424,4,0,0,7680,4,2513854707
5576,115587194917,14800,115587209717,3,0,0,28672,3,57187647
5577,115587222063,4846,115587226909,5,0,1,10752,5,5634099728
5578,115587239082,145185,115587384267,0,0,1,16896,0,4702490097
5579,115587358343,26734,115587385077,7,0,0,5120,7,6145661009
5580,115587391192,200610,115587591802,5,0,0,48640,5,7427635344
5581,115587420622,90715,115587511337,5,0,1,16384,5,3636104004
5582,115587684998,1514,115587686512,7,0,0,1536,7,9302957797
5583,115587730173,36859,115587767032,5,0,0,65024,5,1070145720
5584,115587841712,1038,115587842750,8,0,0,1024,8,542385510
5585,115587880266,43624,115587923890,2,0,1,14336,2,4599213672
5586,115587887045,3894,115587890939,5,0,0,74752,5,6782104420
5587,115587949723,80368,115588030091,7,0,0,4096,7,6328350415
5588,115588500422,562,115588500984,9,0,0,512,9,5104899935
5589,115588531580,21912,115588553492,3,0,0,35840,3,4383512676
5590,115588646007,97132,115588743139,5,0,1,18944,5,1227761056
5591,115588733500,98848,115588832348,6,0,1,24576,6,7868960531
5592,115588775672,81112,115588856784,6,0,1,18944,6,6613931019
5593,115588795239,2466,115588797705,4,0,0,131072,4,335063359
5594,115588896411,164342,115589060753,7,0,0,2560,7,4602793369
5595,115588978189,2942,115588981131,5,0,1,1024,5,8793300269
5596,115588978960,81644,115589060604,7,0,0,3072,7,4054920532
5597,115589021270,52360,115589073630,5,0,1,3072,5,7136973054
5598,115589067416,6225,115589073641,9,0,0,6144,9,7905274601
5599,115589070458,4062,115589074520,7,0,0,2048,7,3705181456
5600,115589158679,562,115589159241,9,0,0,512,9,1980996404
5601,115589178900,60820,115589239720,0,0,1,5632,0,10390773536
5602,115589237552,3418,115589240970,9,0,0,3584,9,10435671663
5603,115589325711,1514,115589327225,9,0,0,1536,9,1416372388
5604,115589636695,98068,115589734763,2,0,1,22016,2,5200501657
5605,115589891807,1038,115589892845,1,0,0,1024,1,10090175061
5606,115589922477,279859,115590202336,4,0,0,458240,4,2998590072
5607,115590079348,57482,115590136830,0,0,1,3584,0,184418744
5608,115590145200,42653,115590187853,7,0,0,512,7,3247860837
5609,115590164855,185348,115590350203,0,0,0,7680,0,4361118898
5610,115590212895,6274,115590219169,0,0,1,13824,0,7749524095
5611,115590322558,178846,115590501404,9,0,0,6656,9,1378818771
5612,115590427796,51136,115590478932,2,0,1,4096,2,6714675738
5613,115590626405,92787,115590719192,3,0,0,150528,3,7241444931
5614,115590635966,99189,115590735155,5,0,0,51712,5,1789037932
5615,115590670834,86746,115590757580,2,0,1,4096,2,4073899986
5616,115590817218,60820,115590878038,0,0,1,5632,0,7643009964
5617,115590839265,56850,115590896115,4,0,0,97280,4,8149223024
5618,115590932185,248967,115591181152,5,0,0,408064,5,7800954945
5619,115591006523,206093,115591212616,5,0,0,101376,5,463547380
5620,115591069583,170286,115591239869,5,0,0,97792,5,2362957064
5621,115591313617,1990,115591315607,1,0,0,2048,1,7386304485
5622,115591496315,77608,115591573923,5,0,1,15360,5,8788261352
5623,115591599955,88852,115591688807,0,0,1,22016,0,10302535178
5624,115591695340,562,115591695902,1,0,0,512,1,8397323368
5625,115591979513,1990,115591981503,7,0,0,2048,7,5663109398
5626,115592002652,14025,115592016677,5,0,0,27136,5,300746372
5627,115592018630,562,115592019192,1,0,0,512,1,4507669454
5628,115592068120,3418,115592071538,7,0,0,3584,7,802249056
5629,115592246464,34016,115592280480,3,0,0,59392,3,6062863973
5630,115592283705,109964,115592393669,8,0,1,11776,8,2204039133
5631,115592386337,5700,115592392037,0,0,1,12800,0,6289547475
5632,115592387980,69148,115592457128,9,0,0,3072,9,6463621715
5633,115592594152,56836,115592650988,5,0,1,7680,5,8908095860
5634,115592641406,23721,115592665127,3,0,0,39424,3,5931778636
5635,115592695687,117859,115592813546,5,0,0,196096,5,7264511165
5636,115592989629,2942,115592992571,8,0,1,24576,8,7377995023
5637,115593024927,98848,115593123775,9,0,0,3072,9,8159674716
5638,115593055097,98692,115593153789,2,0,1,24064,2,9329045364
5639,115593252817,4846,115593257663,0,0,1,5632,0,652537965
5640,115593256633,60820,115593317453,1,0,0,5120,1,5971239159
5641,115593499657,297008,115593796665,4,0,0,484864,4,834329221
5642,115593687624,181912,115593869536,6,0,1,12288,6,9570221814
5643,115593806845,136509,115593943354,8,0,1,1024,8,5542517933
5644,115594049203,73288,115594122491,0,0,1,11264,0,4111631628
5645,115594264254,1990,115594266244,7,0,0,2048,7,9375863766
5646,115594507390,103372,115594610762,5,0,1,39424,5,2350972595
5647,115594627723,45592,115594673315,2,0,1,1024,2,2355926855
5648,115594665619,82816,115594748435,8,0,1,12288,8,1976655303
5649,115594751669,3418,115594755087,7,0,0,3584,7,6777684936
5650,115594846082,1514,115594847596,7,0,0,1536,7,8501154532
5651,115594890440,3418,115594893858,7,0,0,3584,7,6431134158
5652,115594900539,1514,115594902053,9,0,0,1536,9,7038111299
5653,115595023358,42937,115595066295,4,0,0,70144,4,1010160244
5654,115595165333,23116,115595188449,5,0,0,41472,5,7023178290
5655,115595339484,68992,115595408476,2,0,1,12288,2,10332150252
5656,115595506218,61637,115595567855,3,0,0,99840,3,4862543147
5657,115595642220,76048,115595718268,2,0,1,10240,2,2214749828
5658,115595956142,114071,115596070213,4,0,0,185344,4,9205054634
5659,115595956218,45175,115596001393,8,0,1,27648,8,1158487146
5660,115596056887,23374,115596080261,5,0,0,77824,5,546565973
5661,115596099348,205701,115596305049,4,0,0,41984,4,9901967516
5662,115596140331,297783,115596438114,4,0,0,486400,4,6829345794
5663,115596251379,290854,115596542233,8,0,1,7168,8,9371018314
5664,115596259112,300782,115596559894,8,0,1,70656,8,5385374074
5665,115596306146,258862,115596565008,5,0,1,28160,5,8514666314
5666,115596325400,253048,115596578448,2,0,1,11776,2,9026163509
5667,115596388368,203075,115596591443,5,0,1,2048,5,2511942507
5668,115596688871,61120,115596749991,4,0,0,98816,4,5808936908
5669,115596742313,94766,115596837079,5,0,0,157696,5,1517583416
5670,115596880215,1990,115596882205,1,0,0,2048,1,3553074174
5671,115597034498,1990,115597036488,9,0,0,2048,9,7405963862
5672,115597188810,2942,115597191752,9,0,0,3072,9,9616666456
5673,115597263481,5192,115597268673,4,0,0,13312,4,8976954909
5674,115597320565,7702,115597328267,1,0,0,8192,1,3157082832
5675,115597816645,87484,115597904129,3,0,0,146944,3,7313788629
5676,115597982385,112911,115598095296,2,0,1,6144,2,857893844
5677,115598388934,55144,115598444078,5,0,1,7168,5,7621039158
5678,115598648140,1514,115598649654,9,0,0,1536,9,4721430293
5679,115598725070,1990,115598727060,7,0,0,2048,7,4344134819
5680,115598758877,14025,115598772902,4,0,0,27136,4,3187342398
5681,115599056816,43900,115599100716,2,0,1,512,2,9890411250
5682,115599441331,91768,115599533099,2,0,1,21504,2,4250355810
5683,115599465193,42937,115599508130,5,0,1,15360,5,7194463528
5684,115599501261,145827,115599647088,5,0,0,70144,5,5885953448
5685,115599668032,3894,115599671926,8,0,1,21504,8,7480666976
5686,115599710327,93304,115599803631,9,0,0,4096,9,2957793477
5687,115599850277,23374,115599873651,4,0,0,41984,4,25340592
5688,115599851203,147698,115599998901,3,0,0,224256,3,5362189319
5689,115599931162,69365,115600000527,9,0,0,2560,9,2776500943
5690,115600136078,1990,115600138068,5,0,1,15872,5,2655160534
5691,115600166360,83260,115600249620,9,0,0,2048,9,9078437338
5692,115600707056,45592,115600752648,8,0,1,1024,8,6871862815
5693,115600904667,85468,115600990135,8,0,1,20992,8,2594023143
5694,115601196953,3383,115601200336,1,0,0,9728,1,6180279940
5695,115601224539,65683,115601290222,5,0,0,111104,5,4824308850
5696,115601435656,81016,115601516672,2,0,1,21504,2,6862310760
5697,115601452550,66317,115601518867,8,0,1,7168,8,6976608326
5698,115601729836,562,115601730398,9,0,0,512,9,9858316840
5699,115601785807,5798,115601791605,3,0,0,6144,3,7330338039
5700,115601846923,23116,115601870039,5,0,0,41472,5,4884925766
5701,115601855579,118100,115601973679,8,0,1,69632,8,10062185878
5702,115601891133,92012,115601983145,5,0,0,148992,5,1650874628
5703,115601979425,4386,115601983811,9,0,0,1024,9,2783056478
5704,115602022870,24408,115602047278,8,0,1,16896,8,8247651239
5705,115602112123,180512,115602292635,3,0,0,44032,3,1835496014
5706,115602193825,31520,115602225345,3,0,0,51200,3,3209834708
5707,115602212958,95900,115602308858,2,0,1,5120,2,6813154978
5708,115602644914,34791,115602679705,3,0,0,60928,3,8891755716
5709,115602687448,94596,115602782044,4,0,0,154112,4,5422763004
5710,115602724442,60188,115602784630,7,0,0,4096,7,4486479263
5711,115602911277,2466,115602913743,9,0,0,2560,9,5687570825
5712,115602947829,13337,115602961166,4,0,0,22528,4,6349220480
5713,115603174425,235312,115603409737,5,0,0,381440,5,3626858212
5714,115603194769,215954,115603410723,7,0,0,1536,7,10056196665
5715,115603208164,218214,115603426378,5,0,0,50176,5,2635720623
5716,115603538000,56936,115603594936,8,0,1,4096,8,8851028863
5717,115603559733,107072,115603666805,2,0,1,22016,2,5746537532
5718,115603634836,104932,115603739768,9,0,1,44544,9,4903283347
5719,115603751558,236087,115603987645,4,0,0,382976,4,7645759253
5720,115603845664,146807,115603992471,9,0,0,7680,9,3438427641
5721,115604066535,134491,115604201026,3,0,0,221696,3,7974943808
5722,115604091152,110860,115604202012,1,0,0,1536,1,9786460653
5723,115604101012,188442,115604289454,3,0,0,337408,3,6219064588
5724,115604102235,239521,115604341756,9,0,1,9728,9,2305829370
5725,115604163474,243840,115604407314,4,0,0,221184,4,4281467715
5726,115604181594,226706,115604408300,9,0,0,1536,9,7636062406
5727,115604254736,153910,115604408646,9,0,0,512,9,5515995623
5728,115604387863,1990,115604389853,9,0,1,53760,9,9485183428
5729,115604408362,21654,115604430016,7,0,0,2048,7,804394609
5730,115604571183,300799,115604871982,8,0,1,9728,8,4224386618
5731,115604593078,180030,115604773108,3,0,0,35328,3,1994910468
5732,115604635343,185374,115604820717,5,0,0,304128,5,8383762191
5733,115604694619,234858,115604929477,1,0,1,36352,1,1252655442
5734,115604957162,64228,115605021390,9,0,1,11776,9,1785189493
5735,115605021887,100720,115605122607,8,0,1,30720,8,8224328326
5736,115605210151,2466,115605212617,9,0,0,2560,9,1790342319
5737,115605220447,14113,115605234560,3,0,0,24064,3,3905143291
5738,115605373327,124432,115605497759,1,0,1,108544,1,2220442402
5739,115605470688,76039,115605546727,5,0,1,2048,5,7244710872
5740,115605624784,1514,115605626298,1,0,0,1536,1,6354769970
5741,115605667380,7226,115605674606,4,0,0,7680,4,6814456287
5742,115605811067,4933,115605816000,3,0,0,12800,3,5595071998
5743,115605811091,99373,115605910464,9,0,1,23552,9,9303022284
5744,115605866319,155863,115606022182,5,0,0,253440,5,802203454
5745,115605928970,223683,115606152653,2,0,1,61440,2,1971920207
5746,115606146104,9007,115606155111,9,0,0,2560,9,8633713958
5747,115606263735,1514,115606265249,7,0,0,1536,7,6586359045
5748,115606434718,97624,115606532342,9,0,1,25600,9,8118941705
5749,115606464732,111230,115606575962,5,0,1,10240,5,5980764918
5750,115606497831,109103,115606606934,2,0,1,31232,2,3025349318
5751,115606698855,91744,115606790599,2,0,1,16384,2,5344371681
5752,115606853737,474886,115607328623,1,0,1,546816,1,5634592378
5753,115606880510,194652,115607075162,1,0,1,269312,1,5441416095
5754,115607133982,530191,115607664173,5,0,0,162816,5,7816532330
5755,115607311030,100242,115607411272,9,0,0,512,9,8388299566
5756,115607380848,54168,115607435016,5,0,0,43520,5,8097296874
5757,115607434118,1564,115607435682,1,0,0,1024,1,2177784869
5758,115607968774,81370,115608050144,4,0,0,131584,4,870755566
5759,115607999814,187379,115608187193,5,0,1,51200,5,9014587293
5760,115608125275,121478,115608246753,8,0,1,20480,8,6329887289
5761,115608127545,100004,115608227549,4,0,1,61440,4,8558323262
5762,115608201671,191178,115608392849,2,0,1,6144,2,9566483445
5763,115608465540,1038,115608466578,7,0,0,1024,7,4553559997
5764,115608477628,91753,115608569381,5,0,0,148480,5,7845685215
5765,115608658334,104776,115608763110,4,0,1,44032,4,4438071648
5766,115608779312,55744,115608835056,8,0,1,4096,8,8154558601
5767,115608785601,158100,115608943701,5,0,0,261120,5,5854505201
5768,115608860880,155451,115609016331,4,0,0,232960,4,10591839548
5769,115609140533,131737,115609272270,5,0,0,212992,5,4598328838
5770,115609172948,109947,115609282895,4,0,0,34304,4,3651731804
5771,115609303461,2942,115609306403,9,0,0,3072,9,4494663717
5772,115609497052,48976,115609546028,5,0,1,2048,5,1804240455
5773,115609499000,64360,115609563360,4,0,1,86016,4,4939810353
5774,115609503193,136955,115609640148,4,0,1,37376,4,9933040273
5775,115609517062,175908,115609692970,9,0,1,7168,9,2511447154
5776,115609836780,3418,115609840198,2,0,1,25088,2,8665096171
5777,115609846288,99004,115609945292,9,0,0,3584,9,1969895582
5778,115609852170,6274,115609858444,2,0,1,13312,2,3179927948
5779,115609994985,174099,115610169084,8,0,1,2560,8,4180091415
5780,115610014045,50668,115610064713,9,0,0,6656,9,10549683789
5781,115610036458,71620,115610108078,9,0,1,15872,9,7535545101
5782,115610127458,55558,115610183016,5,0,0,94720,5,5069950132
5783,115610227291,1990,115610229281,7,0,0,2048,7,5646680653
5784,115610244801,12304,115610257105,4,0,0,20480,4,5526307849
5785,115610263522,82404,115610345926,4,0,0,133632,4,5639138030
5786,115610344868,12733,115610357601,2,0,1,3072,2,8136885654
5787,115610376701,6807,115610383508,4,0,0,24576,4,2201524991
5788,115610382973,161251,115610544224,7,0,0,512,7,6917052551
5789,115610798870,3418,115610802288,8,0,1,11776,8,1069695723
5790,115610821682,78052,115610899734,7,0,0,3584,7,1414378699
5791,115611178114,62512,115611240626,2,0,1,6144,2,4267166372
5792,115611290276,2466,115611292742,1,0,0,2560,1,9491191952
5793,115611343816,562,115611344378,1,0,0,512,1,9307133050
5794,115611390055,42679,115611432734,3,0,0,69632,3,7686575444
5795,115611435000,1038,115611436038,5,0,1,5632,5,7977523347
5796,115611456903,85076,115611541979,7,0,0,1024,7,2580358004
5797,115611481618,144112,115611625730,4,0,1,124416,4,3947063731
5798,115611688934,562,115611689496,7,0,0,512,7,1201351117
5799,115611799968,3894,115611803862,2,0,1,20992,2,6748618311
5800,115611817289,82396,115611899685,1,0,0,4096,1,4950654442
5801,115611843458,82052,115611925510,5,0,1,10240,5,8640360540
5802,115611885160,65896,115611951056,2,0,1,7168,2,5637906670
5803,115612072753,54613,115612127366,4,0,1,105472,4,1762570246
5804,115612080920,123496,115612204416,3,0,0,89600,3,7882717242
5805,115612165647,125667,115612291314,5,0,1,10752,5,2768135422
5806,115612199587,138713,115612338300,8,0,1,32768,8,4517714379
5807,115612315841,105244,115612421085,9,0,1,45568,9,6357245673
5808,115612641112,4370,115612645482,9,0,0,4608,9,7320052788
5809,115612672009,1038,115612673047,9,0,0,1024,9,6494322371
5810,115612843204,562,115612843766,8,0,1,43520,8,786841366
5811,115612895545,104620,115613000165,7,0,0,512,7,5326451228
5812,115612918511,46467,115612964978,4,0,0,80384,4,2036260012
5813,115612999283,105116,115613104399,9,0,1,4096,9,961051252
5814,115613088887,91559,115613180446,3,0,1,12800,3,5118470129
5815,115613773713,562,115613774275,9,0,0,512,9,2827715492
5816,115613856065,147885,115614003950,4,0,1,120832,4,7756425590
5817,115614467374,54052,115614521426,2,0,1,3584,2,8965243013
5818,115614564587,55744,115614620331,8,0,1,4096,8,3017480043
5819,115614598301,114448,115614712749,1,0,1,75776,1,3395301120
5820,115614738282,95776,115614834058,5,0,1,24576,5,9432872714
5821,115614776680,94560,115614871240,8,0,1,19456,8,9258628144
5822,115614918307,155604,115615073911,4,0,0,252928,4,8548915725
5823,115614991498,143263,115615134761,5,0,1,9216,5,3133696728
5824,115615044829,98552,115615143381,5,0,1,2048,5,6756804459
5825,115615055932,109295,115615165227,2,0,1,2048,2,7375787223
5826,115615091067,107022,115615198089,5,0,1,40448,5,9654328585
5827,115615208457,85780,115615294237,2,0,1,22016,2,5642974475
5828,115615416591,23204,115615439795,5,0,0,38400,5,3269478347
5829,115615459232,42679,115615501911,4,0,1,84480,4,4023828377
5830,115615487035,29012,115615516047,4,0,1,341504,4,5385229727
5831,115615497137,137216,115615634353,5,0,0,69632,5,3625633657
5832,115615511150,365410,115615876560,9,0,0,512,9,6997135485
5833,115615788178,71485,115615859663,7,0,0,7680,7,4482157853
5834,115615868845,81124,115615949969,9,0,1,11776,9,3038442655
5835,115616050341,103060,115616153401,4,0,1,38400,4,1455546566
5836,115616074080,26734,115616100814,1,0,1,182272,1,4490546611
5837,115616209317,241771,115616451088,4,0,0,48640,4,9666503557
5838,115616580393,2466,115616582859,1,0,0,2560,1,8732988335
5839,115616850439,3894,115616854333,9,0,0,4096,9,1337260485
5840,115616932617,1038,115616933655,4,0,1,105472,4,7006677080
5841,115617046621,155223,115617201844,1,0,0,1024,1,2524047895
5842,115617066121,178002,115617244123,3,0,0,257536,3,9234923853
5843,115617164050,82965,115617247015,9,0,1,1024,9,4738376616
5844,115617299169,93748,115617392917,2,0,1,17920,2,1633485051
5845,115617552847,43366,115617596213,3,0,0,74240,3,803734869
5846,115617565949,173487,115617739436,1,0,1,75776,1,6205790752
5847,115617752332,115533,115617867865,5,0,0,191488,5,4483442221
5848,115617807566,2942,115617810508,4,0,1,516096,4,1595434422
5849,115617953658,1990,115617955648,3,0,1,6144,3,8096594876
5850,115617986335,1990,115617988325,7,0,0,3072,7,9101575637
5851,115618031121,498498,115618529619,5,0,1,12800,5,10592686275
5852,115618041067,278854,115618319921,5,0,0,2048,5,5971571673
5853,115618107302,358200,115618465502,1,0,0,2048,1,8957451754
5854,115618299733,84781,115618384514,0,0,1,9216,0,4461472641
5855,115618323285,7702,115618330987,4,0,1,328704,4,6362153892
5856,115618395968,300227,115618696195,7,0,0,8192,7,9565015829
5857,115618515126,163145,115618678271,3,0,0,264192,3,145544033
5858,115618623308,154170,115618777478,0,0,1,6144,0,2292114174
5859,115618870727,72664,115618943391,9,0,1,9216,9,5718761250
5860,115618996182,1038,115618997220,3,0,1,11776,3,8959499843
5861,115619005222,90484,115619095706,7,0,0,1024,7,133364712
5862,115619065754,54208,115619119962,9,0,1,4096,9,2261914648
5863,115619755478,197825,115619953303,3,0,0,325120,3,9401300568
5864,115619893431,60858,115619954289,9,0,0,1536,9,9382640675
5865,115619926677,53491,115619980168,5,0,0,90624,5,1492497741
5866,115620153550,14025,115620167575,0,0,1,36352,0,1629252871
5867,115620223491,102436,115620325927,3,0,0,27136,3,6453987392
5868,115620294230,1990,115620296220,7,0,0,2048,7,3327701546
5869,115620310335,21654,115620331989,3,0,0,35328,3,764580122
5870,115620460402,54052,115620514454,3,0,1,3584,3,370395569
5871,115620539951,1990,115620541941,9,0,1,3584,9,10369712319
5872,115620543250,54052,115620597302,9,0,0,2048,9,1497991191
5873,115620814147,32983,115620847130,4,0,0,57344,4,6439867223
5874,115620896284,359234,115621255518,1,0,1,271872,1,10344739362
5875,115621161713,179700,115621341413,4,0,1,90624,4,6595950263
5876,115621164073,562,115621164635,1,0,1,458240,1,3414652364
5877,115621190811,183655,115621374466,5,0,1,26112,5,9303061726
5878,115621265550,468920,115621734470,9,0,1,46080,9,2176359063
5879,115621306430,450149,115621756579,4,0,1,19456,4,10266832240
5880,115621464252,389461,115621853713,9,0,0,512,9,6518114300
5881,115621488226,176624,115621664850,0,0,1,32256,0,3175957525
5882,115621598425,68883,115621667308,5,0,0,2560,5,8339753413
5883,115621703617,117342,115621820959,4,0,0,195072,4,9490612295
5884,115621734173,87452,115621821625,9,0,0,1024,9,6286016251
5885,115621985344,236346,115622221690,5,0,0,383488,5,8722452331
5886,115621985870,127645,115622113515,9,0,1,7168,9,1805614793
5887,115622033060,2942,115622036002,3,0,1,8192,3,10049576934
5888,115622062305,237499,115622299804,9,0,1,18944,9,227287029
5889,115622097271,156373,115622253644,2,0,0,5120,2,10732468596
5890,115622123213,228426,115622351639,0,0,1,12800,0,2252762687
5891,115622133980,330761,115622464741,4,0,1,181248,4,1510475121
5892,115622248854,364875,115622613729,7,0,0,3072,7,6555582665
5893,115622453857,46997,115622500854,9,0,0,2048,9,1283174595
5894,115622454533,46667,115622501200,9,0,0,512,9,6872017071
5895,115622623716,4846,115622628562,7,0,0,5120,7,10541378879
5896,115622647016,59128,115622706144,0,0,1,5120,0,6074583359
5897,115622694384,24150,115622718534,4,0,1,424448,4,1230170157
5898,115622727328,400134,115623127462,1,0,1,242688,1,7626479999
5899,115622837592,48681,115622886273,3,0,0,43520,3,8019720759
5900,115622972752,473793,115623446545,0,0,1,17408,0,10269511123
5901,115623068970,233684,115623302654,4,0,0,41472,4,7951176603
5902,115623754042,5322,115623759364,7,0,0,5632,7,1576484078
5903,115623878978,1038,115623880016,3,0,1,19456,3,9664657800
5904,115623900457,78856,115623979313,7,0,0,1024,7,3462877179
5905,115623925371,131199,115624056570,0,0,1,3072,0,7956163053
5906,115624098630,12562,115624111192,4,0,1,78848,4,1504216973
5907,115624104999,23633,115624128632,5,0,0,20992,5,2441625562
5908,115624126504,157360,115624283864,5,0,0,42496,5,4349412462
5909,115624155576,520104,115624675680,5,0,0,842752,5,4856453533
5910,115624187460,488374,115624675834,1,0,0,8704,1,575392716
5911,115624306215,426338,115624732553,5,0,0,181248,5,8671936709
5912,115624335391,408094,115624743485,3,0,0,35840,3,9301680957
5913,115624404327,339824,115624744151,7,0,0,1024,7,1078709165
5914,115624631181,1514,115624632695,5,0,1,36352,5,3269849235
5915,115624750964,231180,115624982144,7,0,0,1536,7,8928544762
5916,115624867773,2466,115624870239,1,0,0,2560,1,9827089508
5917,115624947245,36859,115624984104,5,0,0,65024,5,7918341668
5918,115624971134,13316,115624984450,9,0,0,512,9,5190490375
5919,115624986712,562,115624987274,9,0,0,512,9,7577925879
5920,115625033867,296233,115625330100,4,0,0,483328,4,1350098601
5921,115625299340,31746,115625331086,9,0,0,1536,9,6726919790
5922,115625340662,14025,115625354687,3,0,0,27136,3,3130733255
5923,115625471296,228458,115625699754,5,0,0,374784,5,4808037636
5924,115625546832,146546,115625693378,0,0,1,17920,0,1430192378
5925,115625554514,107403,115625661917,7,0,0,2048,7,6753915268
5926,115625594323,280389,115625874712,9,0,0,1024,9,5401754753
5927,115626066009,3894,115626069903,9,0,1,5120,9,3151648581
5928,115626071649,59128,115626130777,9,0,0,4096,9,5943600560
5929,115626254703,101344,115626356047,9,0,1,32768,9,7110219641
5930,115626350133,8848,115626358981,7,0,0,3072,7,2202215915
5931,115626358800,1038,115626359838,9,0,0,1024,9,7549619952
5932,115626388120,99734,115626487854,3,0,1,21504,3,3772919423
5933,115626408876,215321,115626624197,4,0,0,349184,4,8390994957
5934,115626418837,408422,115626827259,1,0,1,140800,1,8531191616
5935,115626640548,67929,115626708477,9,0,1,22016,9,917980021
5936,115626660686,193441,115626854127,4,0,1,49664,4,2269559487
5937,115626759341,209591,115626968932,5,0,0,52224,5,8718073761
5938,115626850381,30745,115626881126,3,0,0,49664,3,4683918275
5939,115626945879,131926,115627077805,0,0,1,20992,0,5266569112
5940,115627029714,102592,115627132306,4,0,1,36864,4,10430132075
5941,115627197373,62929,115627260302,4,0,0,102400,4,6459662333
5942,115627335363,142047,115627477410,4,0,1,26112,4,3953557045
5943,115627516723,55744,115627572467,9,0,1,4096,9,6463684017
5944,115627638021,12821,115627650842,3,0,0,21504,3,3584138879
5945,115627689714,13337,115627703051,3,0,0,22528,3,580787177
5946,115627771736,150519,115627922255,4,0,1,66048,4,3489849456
5947,115627846085,237808,115628083893,4,0,0,389632,4,4293379694
5948,115627890627,195852,115628086479,1,0,0,4096,1,2784804626
5949,115628071885,16860,115628088745,1,0,0,3584,1,7868567442
5950,115628265754,44400,115628310154,5,0,0,76288,5,9256785289
5951,115628395195,12821,115628408016,3,0,0,21504,3,3301566714
5952,115628414180,65945,115628480125,9,0,1,6656,9,9769075671
5953,115628757200,13337,115628770537,4,0,0,22528,4,3818260955
5954,115628806161,45592,115628851753,9,0,1,1024,9,10405840725
5955,115628928890,104152,115629033042,4,0,1,41984,4,2899838618
5956,115628932212,101933,115629034145,0,0,1,3584,0,3464698334
5957,115628966973,1990,115628968963,1,0,1,292352,1,3489368585
5958,115629065921,278740,115629344661,7,0,0,2048,7,2073067779
5959,115629081831,171951,115629253782,4,0,1,15872,4,7961143931
5960,115629172107,159128,115629331235,4,0,0,225792,4,6993150727
5961,115629202454,210173,115629412627,1,0,1,80384,1,8326759259
5962,115629311054,192448,115629503502,5,0,1,1024,5,6728903262
5963,115629418097,122989,115629541086,0,0,1,23552,0,7527656694
5964,115629605543,30745,115629636288,4,0,0,49664,4,4893871438
5965,115629616160,141381,115629757541,4,0,0,226304,4,9672526558
5966,115629641823,116998,115629758821,7,0,0,14336,7,7128780595
5967,115629646595,216169,115629862764,1,0,1,209920,1,2276188228
5968,115629718233,377876,115630096109,3,0,1,1024,3,9258396523
5969,115629919333,55570,115629974903,4,0,1,427008,4,1660417624
5970,115630003943,158225,115630162168,5,0,0,61440,5,7233254702
5971,115630127417,504497,115630631914,9,0,1,6144,9,2521156902
5972,115630141129,282720,115630423849,4,0,0,368128,4,2614970649
5973,115630328000,32721,115630360721,0,0,1,2560,0,3164797918
5974,115630393124,289275,115630682399,7,0,0,2048,7,1272053503
5975,115630671780,117568,115630789348,4,0,1,86016,4,1010830426
5976,115630709020,152762,115630861782,5,0,0,247296,5,5423110200
5977,115630764394,97734,115630862128,1,0,0,512,1,943864186
5978,115630778420,85974,115630864394,1,0,0,3584,1,4666031010
5979,115630831066,380408,115631211474,4,0,1,315904,4,1957055606
5980,115631162390,103440,115631265830,3,0,1,4608,3,5571953079
5981,115631506772,562,115631507334,9,0,0,512,9,1515835402
5982,115631737134,13596,115631750730,5,0,0,23040,5,10388821813
5983,115631880807,92480,115631973287,9,0,1,16896,9,5005511730
5984,115632058140,22858,115632080998,4,0,0,40960,4,5184505164
5985,115632072202,90038,115632162240,4,0,0,266752,4,9617819949
5986,115632116645,164437,115632281082,0,0,1,5632,0,3098318202
5987,115632143218,108769,115632251987,9,0,1,11776,9,3337583710
5988,115632144037,257415,115632401452,4,0,0,60928,4,177920265
5989,115632471328,1990,115632473318,7,0,0,2048,7,6615657101
5990,115632605023,1038,115632606061,0,0,1,7680,0,5145923981
5991,115632618521,67588,115632686109,7,0,0,1024,7,3288473151
5992,115632694254,62668,115632756922,5,0,1,6656,5,6475771889
5993,115632854512,62668,115632917180,0,0,1,6656,0,9369943835
5994,115632858863,2227,115632861090,9,0,1,22528,9,10468428828
5995,115632914964,562,115632915526,4,0,0,1024,4,9936882100
5996,115632968497,131079,115633099576,9,0,0,512,9,4391168498
5997,115632983306,51544,115633034850,4,0,0,77312,4,9540434151
5998,115633027790,64479,115633092269,3,0,0,105472,3,1167691583
5999,115633271951,2466,115633274417,7,0,0,2560,7,956407693
6000,115633322444,14541,115633336985,5,0,1,2560,5,9085541294
6001,115633351728,50668,115633402396,5,0,0,28160,5,2493557829
6002,115633539212,1990,115633541202,1,0,1,98816,1,7683067834
6003,115633544867,121468,115633666335,9,0,0,2048,9,8218855753
6004,115633552347,156033,115633708380,3,0,0,257024,3,3501624717
6005,115633562061,240838,115633802899,4,0,1,64512,4,8699467767
6006,115633574323,240649,115633814972,0,0,1,20992,0,4219051501
6007,115633620258,338223,115633958481,3,0,1,18944,3,1967121195
6008,115633639577,285432,115633925009,3,0,1,11264,3,2718837264
6009,115633653662,316898,115633970560,4,0,1,47616,4,10600138268
6010,115633891113,102896,115633994009,5,0,0,155648,5,10690114793
6011,115633980058,74775,115634054833,4,0,0,125440,4,7862919715
6012,115634031953,24186,115634056139,7,0,0,2048,7,7014260594
6013,115634173581,61070,115634234651,5,0,1,7680,5,9007186135
6014,115634192468,114846,115634307314,4,0,0,186880,4,4844909143
6015,115634370225,44488,115634414713,0,0,1,4096,0,9019167874
6016,115634383295,73468,115634456763,5,0,1,31744,5,5435716598
6017,115634412929,63018,115634475947,3,0,1,16896,3,9096854475
6018,115634435669,138512,115634574181,3,0,0,73216,3,6128628329
6019,115634440975,206856,115634647831,3,0,0,79360,3,25491651
6020,115634447124,132191,115634579315,5,0,0,162304,5,10425058051
6021,115634557804,13508,115634571312,5,0,1,22016,5,7325674335
6022,115634611043,4846,115634615889,3,0,0,26112,3,7955150029
6023,115634630570,188562,115634819132,7,0,0,5120,7,9964939018
6024,115634806154,1038,115634807192,9,0,1,10752,9,9611289484
6025,115634810262,3418,115634813680,7,0,0,1024,7,6293135742
6026,115634851886,70060,115634921946,9,0,0,3584,9,1435085286
6027,115635024651,2466,115635027117,5,0,1,6144,5,6913997793
6028,115635026687,56924,115635083611,7,0,0,2560,7,7276245324
6029,115635027568,62512,115635090080,3,0,1,2048,3,9631096650
6030,115635198734,22946,115635221680,4,0,1,253440,4,4507297110
6031,115635199981,1514,115635201495,4,0,0,37888,4,9243585865
6032,115635303131,259734,115635562865,9,0,0,1536,9,4123904518
6033,115635315576,142911,115635458487,3,0,0,206336,3,7319046389
6034,115635416709,56551,115635473260,4,0,0,28672,4,6800331793
6035,115635671546,1990,115635673536,9,0,0,2048,9,895893690
6036,115635833292,76842,115635910134,7,0,0,129536,7,6404237100
6037,115635867050,61378,115635928428,5,0,1,14848,5,1326354506
6038,115635966574,115615,115636082189,4,0,1,7680,4,10321085841
6039,115635997598,270547,115636268145,7,0,0,99328,7,4400171193
6040,115636204047,54676,115636258723,5,0,1,5632,5,322943737
6041,115636220914,64738,115636285652,4,0,0,105984,4,3966454702
6042,115636490679,82864,115636573543,5,0,1,22528,5,9285313062
6043,115636756469,33587,115636790056,4,0,0,55296,4,1450953495
6044,115636935591,103840,115637039431,3,0,1,40960,3,5736119583
6045,115636997421,104350,115637101771,3,0,1,21504,3,1581492416
6046,115637235444,1038,115637236482,9,0,0,1024,9,2818030427
6047,115637416535,45592,115637462127,0,0,1,1024,0,6293203376
6048,115637806342,50668,115637857010,0,0,1,2560,0,4231291047
6049,115637812388,93733,115637906121,7,0,0,155648,7,6964421174
6050,115638204220,112888,115638317108,1,0,1,70656,1,10655323181
6051,115638381255,1514,115638382769,1,0,1,246272,1,8735882702
6052,115638405606,217084,115638622690,9,0,0,1536,9,8592718467
6053,115638604512,103372,115638707884,0,0,1,39424,0,8367110356
6054,115638766026,2942,115638768968,3,0,1,8704,3,10601765221
6055,115638776475,71632,115638848107,9,0,0,3072,9,10184262748
6056,115638799388,101968,115638901356,0,0,1,34816,0,965081823
6057,115638927247,562,115638927809,3,0,1,10240,3,3708442659
6058,115638959985,76048,115639036033,9,0,0,512,9,7509260864
6059,115638982698,56075,115639038773,4,0,0,95744,4,3137087528
6060,115639136479,3383,115639139862,0,0,1,17920,0,8219308290
6061,115639180273,91354,115639271627,9,0,0,9728,9,8673187448
6062,115639265360,64672,115639330032,4,0,1,8192,4,3073875410
6063,115639321691,208060,115639529751,4,0,1,221696,4,4817597407
6064,115639392502,85771,115639478273,1,0,1,33792,1,9934970950
6065,115639407438,143409,115639550847,3,0,1,21504,3,258071504
6066,115639447352,182057,115639629409,0,0,1,8704,0,3516795981
6067,115639763365,33499,115639796864,7,0,0,58368,7,2989230778
6068,115639768027,32383,115639800410,9,0,0,5632,9,7858355852
6069,115639896005,562,115639896567,9,0,0,512,9,10039113120
6070,115639988679,2466,115639991145,4,0,1,95232,4,9569467432
6071,115640012362,144638,115640157000,9,0,0,2560,9,9973746638
6072,115640121358,259319,115640380677,3,0,0,587776,3,9944318473
6073,115640167128,372034,115640539162,8,0,1,12800,8,5713098046
6074,115640231906,343768,115640575674,7,0,0,262656,7,5112493816
6075,115640422105,54354,115640476459,0,0,1,14848,0,1625359859
6076,115640497662,562,115640498224,5,0,1,35328,5,10564939290
6077,115640593591,304565,115640898156,7,0,0,89088,7,8830696532
6078,115640597421,562,115640597983,5,0,1,512,5,1601443967
6079,115640679654,314919,115640994573,4,0,1,61952,4,10101865849
6080,115640717631,251677,115640969308,9,0,0,512,9,9619160392
6081,115640798395,212398,115641010793,9,0,0,512,9,7270746115
6082,115640798564,227004,115641025568,1,0,1,35840,1,5473160180
6083,115640965071,70972,115641036043,5,0,1,8704,5,3541106602
6084,115641009921,94684,115641104605,0,0,1,20992,0,4321771379
6085,115641024213,118689,115641142902,4,0,0,195072,4,1131069328
6086,115641046741,378733,115641425474,1,0,1,331264,1,5924061922
6087,115641194350,191280,115641385630,1,0,1,106496,1,8054124096
6088,115641243451,276936,115641520387,0,0,1,1536,0,1029063861
6089,115641370094,166604,115641536698,1,0,1,21504,1,8799144217
6090,115641526806,73829,115641600635,4,0,0,120320,4,5447355331
6091,115641596411,168936,115641765347,5,0,1,3072,5,4075640901
6092,115641848506,77740,115641926246,3,0,1,10752,3,2501691593
6093,115641971683,7702,115641979385,7,0,0,8192,7,4161820654
6094,115642138968,62154,115642201122,7,0,0,100864,7,8271334944
6095,115642486200,3900,115642490100,3,0,0,10752,3,1189593980
6096,115642683833,562,115642684395,9,0,0,512,9,2345491820
6097,115642706085,145391,115642851476,4,0,0,239616,4,9927177241
6098,115642817697,193733,115643011430,4,0,1,12288,4,8308784289
6099,115643002594,117880,115643120474,4,0,1,87040,4,854326478
6100,115643110823,20396,115643131219,3,0,0,17408,3,5423558596
6101,115643309095,3894,115643312989,9,0,0,4096,9,5907192755
6102,115643362194,84712,115643446906,9,0,1,23552,9,987787369
6103,115643738681,99940,115643838621,4,0,1,28160,4,295126227
6104,115643793860,99940,115643893800,4,0,1,28160,4,10691558004
6105,115643935731,199792,115644135523,4,0,1,194560,4,10338440552
6106,115644085077,105738,115644190815,4,0,0,94208,4,3169807510
6107,115644332874,105088,115644437962,9,0,1,45056,9,943147390
6108,115644383563,155931,115644539494,4,0,1,129024,4,5529359939
6109,115644647318,173270,115644820588,4,0,0,280576,4,278723791
6110,115644839955,345252,115645185207,1,0,1,201728,1,537381583
6111,115645773311,50668,115645823979,5,0,1,39936,5,5630138204
6112,115645806238,103528,115645909766,9,0,1,2560,9,6580854832
6113,115646106147,1990,115646108137,9,0,0,2048,9,7235241558
6114,115646181093,23891,115646204984,3,0,1,15872,3,4053789854
6115,115646212175,94660,115646306835,4,0,0,43008,4,10432947908
6116,115646260154,114742,115646374896,3,0,1,28672,3,6136452826
6117,115646476734,71284,115646548018,0,0,1,9728,0,7978700091
6118,115646739759,116164,115646855923,1,0,1,81408,1,8742898794
6119,115647129239,62380,115647191619,5,0,1,10752,5,131749846
6120,115647276959,44229,115647321188,7,0,0,72704,7,3630788524
6121,115647285876,40458,115647326334,3,0,0,8192,3,9732133534
6122,115647406094,14025,115647420119,3,0,0,27136,3,2968337661
6123,115647415164,159593,115647574757,1,0,1,61440,1,6881765866
6124,115647839256,12304,115647851560,4,0,0,20480,4,9185679317
6125,115647990270,101812,115648092082,3,0,1,34304,3,967267534
6126,115648036283,64457,115648100740,9,0,1,6144,9,5954827968
6127,115648039188,95530,115648134718,4,0,1,5632,4,3743507225
6128,115648066721,72664,115648139385,4,0,1,9216,4,4626406051
6129,115648082408,147187,115648229595,4,0,1,77312,4,8988068465
6130,115648087861,187124,115648274985,4,0,1,53760,4,3994899883
6131,115648121524,187592,115648309116,4,0,1,81408,4,2915334337
6132,115648130747,236048,115648366795,2,0,1,22016,2,1478336748
6133,115648175409,183578,115648358987,9,0,1,4608,9,8715681743
6134,115648507884,32983,115648540867,4,0,0,57344,4,6192860023
6135,115648789783,41645,115648831428,3,0,0,67584,3,6359872432
6136,115648904975,3894,115648908869,7,0,0,4096,7,2157094150
6137,115648973869,136041,115649109910,4,0,0,224768,4,6009044319
6138,115649077707,103216,115649180923,2,0,1,17920,2,1010791262
6139,115649200530,129435,115649329965,0,0,1,38912,0,10476720404
6140,115649204350,261549,115649465899,0,0,1,17408,0,144195473
6141,115649281712,79040,115649360752,3,0,1,15872,3,9020495850
6142,115649354445,90544,115649444989,5,0,1,22528,5,4157780685
6143,115649430128,70840,115649500968,2,0,1,13312,2,10435146507
6144,115649543476,1038,115649544514,9,0,0,1024,9,8664575711
6145,115649600197,279364,115649879561,4,0,1,294400,4,8725263426
6146,115649674322,299355,115649973677,4,0,1,172544,4,1787479414
6147,115649832385,151900,115649984285,9,0,1,28672,9,5495048384
6148,115649910544,1990,115649912534,1,0,1,82432,1,6846041594
6149,115650003832,154975,115650158807,4,0,0,2048,4,9640085480
6150,115650482372,113812,115650596184,7,0,0,184832,7,4945835413
6151,115650527191,118563,115650645754,5,0,1,12288,5,7701938827
6152,115650633763,232089,115650865852,3,0,1,76288,3,1670612386
6153,115650638833,26217,115650665050,3,0,1,41472,3,5787625755
6154,115650672026,175259,115650847285,9,0,1,6656,9,2104357456
6155,115650763417,171736,115650935153,7,0,0,47616,7,166944404
6156,115650811217,71559,115650882776,9,0,1,6656,9,4172342797
6157,115650832095,64481,115650896576,2,0,1,1536,2,10275127765
6158,115650912658,96508,115651009166,0,0,1,16896,0,8979407068
6159,115651027142,53579,115651080721,1,0,1,338432,1,9832351562
6160,115651089926,292780,115651382706,4,0,0,87552,4,3526344287
6161,115651136953,185016,115651321969,9,0,1,6656,9,10356339191
6162,115651249336,75058,115651324394,9,0,0,2560,9,1107272299
6163,115651545096,48976,115651594072,5,0,1,19968,5,2146431523
6164,115651572635,91300,115651663935,0,0,1,2048,0,5614099042
6165,115651629965,33329,115651663294,4,0,0,54784,4,4333208799
6166,115651691543,32295,115651723838,4,0,0,52736,4,866606685
6167,115651699946,28078,115651728024,9,0,0,6656,9,7802387143
6168,115651821164,89673,115651910837,0,0,1,3584,0,1866704575
6169,115652062451,67588,115652130039,9,0,1,7680,9,9799375084
6170,115652225079,52360,115652277439,0,0,1,3072,0,3028978956
6171,115652231753,84820,115652316573,9,0,1,13824,9,4282070725
6172,115652412297,148840,115652561137,1,0,1,138240,1,6137697011
6173,115652589960,33329,115652623289,7,0,0,54784,7,703832156
6174,115652635732,160119,115652795851,1,0,1,142336,1,5654128630
6175,115652912823,23721,115652936544,4,0,0,39424,4,2845407187
6176,115652967424,1514,115652968938,2,0,0,1536,2,1965730542
6177,115652970585,67588,115653038173,9,0,1,7680,9,6594299464
6178,115652973691,562,115652974253,2,0,1,512,2,1725356240
6179,115652983612,95488,115653079100,5,0,1,28672,5,7766067586
6180,115653049199,135691,115653184890,9,0,0,512,9,2225616392
6181,115653103154,64204,115653167358,6,0,1,6656,6,5535703405
6182,115653218679,104979,115653323658,4,0,0,171008,4,7762382058
6183,115653229730,94914,115653324644,2,0,0,1536,2,5105943335
6184,115653435071,75136,115653510207,9,0,1,12288,9,8947722263
6185,115653468713,41387,115653510100,1,0,1,219136,1,8272508862
6186,115653554697,223132,115653777829,3,0,0,67072,3,7674215673
6187,115653672883,133237,115653806120,6,0,1,8192,6,3380854599
6188,115653810362,2942,115653813304,9,0,1,3072,9,6503199312
6189,115653858764,52360,115653911124,9,0,0,3072,9,7168297646
6190,115654007378,1514,115654008892,9,0,1,22016,9,2690215666
6191,115654024849,94996,115654119845,2,0,0,1536,2,90381685
6192,115654049302,178092,115654227394,3,0,0,293376,3,743454662
6193,115654069158,85416,115654154574,0,0,1,36352,0,10628771676
6194,115654213445,269466,115654482911,4,0,0,142848,4,3461653098
6195,115654338959,1038,115654339997,2,0,0,1024,2,7482304180
6196,115654586497,103372,115654689869,2,0,1,39424,2,4298293767
6197,115654708431,22946,115654731377,7,0,0,37888,7,8068279073
6198,115654773444,54520,115654827964,5,0,1,5120,5,10291349848
6199,115654843533,1038,115654844571,9,0,0,1024,9,4878794089
6200,115654955035,1038,115654956073,2,0,0,1024,2,10075746761
6201,115654973195,112732,115655085927,6,0,1,70144,6,7960330772
6202,115655280038,1990,115655282028,0,0,1,18944,0,9040460435
6203,115655339039,90988,115655430027,9,0,0,2048,9,3737028441
6204,115655478478,287229,115655765707,7,0,0,465920,7,2337317450
6205,115655622804,144209,115655767013,9,0,0,2048,9,9982109813
6206,115655920498,47284,115655967782,9,0,1,1536,9,4291971361
6207,115656082124,55744,115656137868,5,0,1,4096,5,5635185029
6208,115656225300,79432,115656304732,2,0,1,11264,2,6537355811
6209,115656316844,50668,115656367512,0,0,1,2560,0,5321653260
6210,115656503072,15317,115656518389,3,0,0,29696,3,4501653830
6211,115656531377,104291,115656635668,5,0,1,8704,5,8969786254
6212,115656574715,179164,115656753879,5,0,1,32256,5,683050338
6213,115656739323,54052,115656793375,0,0,1,3584,0,7731520437
6214,115656751181,86708,115656837889,4,0,0,145408,4,1825062066
6215,115656835531,3344,115656838875,2,0,0,1536,2,2269699418
6216,115656906066,562,115656906628,9,0,0,512,9,6161419811
6217,115657083525,46725,115657130250,6,0,1,14848,6,9450154697
6218,115657087728,75916,115657163644,4,0,0,80896,4,6661073295
6219,115657249725,26217,115657275942,4,0,0,47616,4,1810617868
6220,115657463931,75206,115657539137,6,0,1,4096,6,10043367142
6221,115657483393,74980,115657558373,5,0,1,11776,5,2430189356
6222,115657513706,193779,115657707485,7,0,0,313856,7,8568965935
6223,115657597997,110154,115657708151,2,0,0,1024,2,9930554806
6224,115657952221,3418,115657955639,9,0,0,3584,9,8706353841
6225,115657969381,62512,115658031893,5,0,1,6144,5,6023645663
6226,115658106717,42162,115658148879,7,0,0,68608,7,6097509038
6227,115658310039,562,115658310601,9,0,1,19456,9,3698737645
6228,115658314066,83047,115658397113,9,0,0,512,9,8020644467
6229,115658593681,45592,115658639273,5,0,1,1024,5,5981290583
6230,115658631311,69748,115658701059,2,0,1,9728,2,7803874362
6231,115658827198,4675,115658831873,7,0,0,12288,7,9470026423
6232,115658854116,3418,115658857534,2,0,0,3584,2,3503252765
6233,115659033467,64204,115659097671,6,0,1,6656,6,10349563455
6234,115659034551,14025,115659048576,1,0,1,31232,1,10412007974
6235,115659098370,140070,115659238440,7,0,0,27136,7,4806029805
6236,115659222142,33329,115659255471,4,0,0,54784,4,9817750344
6237,115659511107,61288,115659572395,0,0,1,7168,0,4679416667
6238,115659531058,43900,115659574958,5,0,1,512,5,10027152046
6239,115659603711,59284,115659662995,9,0,1,5632,9,5265526973
6240,115659668337,55744,115659724081,5,0,1,4096,5,4625946952
6241,115659722294,4370,115659726664,2,0,0,4608,2,8577515279
6242,115659835920,109144,115659945064,0,0,1,58368,0,7225747126
6243,115659920523,104204,115660024727,4,0,0,169472,4,10260508241
6244,115659941214,84819,115660026033,9,0,0,2048,9,3356379969
6245,115659990487,5192,115659995679,5,0,1,29696,5,9150516166
6246,115660084990,133137,115660218127,9,0,0,13312,9,138063244
6247,115660247029,7226,115660254255,9,0,0,7680,9,9161099059
6248,115660400997,2942,115660403939,7,0,0,3072,7,7504816846
6249,115660563100,50668,115660613768,6,0,1,2560,6,7167283422
6250,115660568525,121312,115660689837,6,0,1,4096,6,511003805
6251,115660602879,156933,115660759812,1,0,1,98304,1,233150220
6252,115660697605,244425,115660942030,3,0,0,351744,3,10116032589
6253,115660890101,78260,115660968361,9,0,0,84992,9,9244506054
6254,115661062701,133778,115661196479,5,0,1,33280,5,10029943451
6255,115661122843,83526,115661206369,2,0,1,3072,2,7599317310
6256,115661253764,1990,115661255754,2,0,0,2048,2,3297001279
6257,115661307681,33587,115661341268,7,0,0,55296,7,4318431852
6258,115661345443,31779,115661377222,4,0,1,107520,4,4064698914
6259,115661416504,94494,115661510998,7,0,0,51712,7,2319937699
6260,115661428864,260458,115661689322,0,0,1,18432,0,6832394581
6261,115661703276,6274,115661709550,2,0,0,6656,2,849225631
6262,115661739763,114241,115661854004,9,0,0,188928,9,5557025111
6263,115661929567,155004,115662084571,0,0,1,8704,0,9840231161
6264,115662073770,11012,115662084782,4,0,1,328704,4,10373055194
6265,115662074286,289816,115662364102,3,0,0,17920,3,9584897842
6266,115662190658,174507,115662365165,5,0,1,5120,5,2897825604
6267,115662266534,196204,115662462738,0,0,1,25600,0,1487475572
6268,115662409305,147081,115662556386,6,0,1,33280,6,1284795870
6269,115662441395,206400,115662647795,4,0,0,338432,4,4766604749
6270,115662591272,59429,115662650701,2,0,0,4608,2,10369083032
6271,115662622807,219366,115662842173,0,0,1,2048,0,3655531333
6272,115662752437,92012,115662844449,6,0,1,7680,6,9633426759
6273,115662782853,172611,115662955464,3,0,0,148992,3,10407610589
6274,115662840965,156378,115662997343,5,0,1,10752,5,7688080619
6275,115662841286,168501,115663009787,2,0,1,11264,2,9214188238
6276,115663323106,34275,115663357381,3,0,0,59904,3,9850132652
6277,115663332444,136947,115663469391,7,0,0,212480,7,7712712703
6278,115663555161,96823,115663651984,1,0,1,8704,1,8584915693
6279,115664170614,76048,115664246662,6,0,1,10240,6,5387869342
6280,115664198280,145221,115664343501,4,0,0,236032,4,7272867755
6281,115664276625,12562,115664289187,6,0,1,11264,6,7890935056
6282,115664437538,258213,115664695751,5,0,1,1024,5,7968005131
6283,115664446583,2942,115664449525,4,0,0,20992,4,4824171309
6284,115664544611,117562,115664662173,2,0,0,3072,2,9382672141
6285,115664802197,43108,115664845305,4,0,0,73728,4,8575003777
6286,115664870371,43624,115664913995,9,0,0,74752,9,7628902248
6287,115665137751,7702,115665145453,1,0,1,9216,1,2322533124
6288,115665174187,72774,115665246961,3,0,0,8192,3,8726794623
6289,115665264666,97609,115665362275,7,0,0,163328,7,10142461094
6290,115665307643,112074,115665419717,4,0,0,171520,4,8642951138
6291,115665321383,113709,115665435092,3,0,0,255488,3,4208861356
6292,115665356652,200688,115665557340,6,0,1,52736,6,3760088537
6293,115665392842,7702,115665400544,0,0,1,4608,0,5027966233
6294,115665520543,293115,115665813658,4,0,0,8192,4,1217928325
6295,115665610973,81887,115665692860,9,0,0,132608,9,3428933671
6296,115665629394,33587,115665662981,1,0,1,93696,1,1131860654
6297,115665692454,105074,115665797528,2,0,1,6656,2,7108969604
6298,115665719273,311007,115666030280,7,0,0,55296,7,7738617952
6299,115665863560,275928,115666139488,1,0,1,162816,1,1441053717
6300,115666028830,111145,115666139975,2,0,1,1536,2,8089972632
6301,115666071920,225460,115666297380,4,0,1,263680,4,5913068643
6302,115666080777,205626,115666286403,6,0,1,512,6,7138236826
6303,115666091773,82386,115666174159,4,0,0,162304,4,869733471
6304,115666215024,216800,115666431824,3,0,0,4096,3,5920639714
6305,115666233049,1038,115666234087,1,0,1,281600,1,3469508824
6306,115666318410,48976,115666367386,6,0,1,2048,6,8562306053
6307,115666342523,13766,115666356289,2,0,0,1024,2,5713044407
6308,115666467101,49714,115666516815,7,0,0,26624,7,7644693872
6309,115666470036,52922,115666522958,3,0,0,73216,3,10251767917
6310,115666477965,397312,115666875277,4,0,0,36864,4,5779526515
6311,115666559191,19587,115666578778,2,0,1,20992,2,1286479343
6312,115666609726,156630,115666766356,2,0,1,34816,2,1915929756
6313,115666613758,122620,115666736378,2,0,0,3072,2,5420479980
6314,115666635112,118150,115666753262,9,0,1,14848,9,5728324213
6315,115666787631,23204,115666810835,4,0,1,508416,4,6761571226
6316,115666896829,393724,115667290553,4,0,0,38400,4,9845021247
6317,115667129403,174504,115667303907,1,0,1,102400,1,2983293415
6318,115667243124,2466,115667245590,6,0,1,3584,6,9418961378
6319,115667244027,83583,115667327610,4,0,1,156672,4,1831987768
6320,115667318550,216876,115667535426,7,0,0,2560,7,421301088
6321,115667558487,123937,115667682424,7,0,0,201216,7,10716765054
6322,115667704686,216981,115667921667,6,0,1,16384,6,6578441910
6323,115668069968,76067,115668146035,7,0,0,128000,7,1272498079
6324,115668273981,70558,115668344539,0,0,1,6656,0,3750520552
6325,115668328102,47284,115668375386,9,0,1,1536,9,1539968524
6326,115668342049,58060,115668400109,9,0,1,6656,9,1931905687
6327,115668351515,97132,115668448647,7,0,1,18944,7,2335944223
6328,115668480671,3900,115668484571,9,0,0,10752,9,9978558468
6329,115668593690,23374,115668617064,4,0,0,41984,4,3545083915
6330,115668870269,2942,115668873211,2,0,0,3072,2,848654166
6331,115669094281,72664,115669166945,5,0,1,9216,5,10582726591
6332,115669195229,48976,115669244205,7,0,1,2048,7,199722466
6333,115669229870,75291,115669305161,9,0,0,126464,9,2796968662
6334,115669242983,3383,115669246366,4,0,1,78848,4,91527963
6335,115669245245,190324,115669435569,4,0,1,2560,4,6148766832
6336,115669338582,188853,115669527435,9,0,0,9728,9,7845078162
6337,115669435557,165212,115669600769,7,0,0,268288,7,2013852262
6338,115669631191,146942,115669778133,4,0,0,242688,4,8698405999
6339,115669686872,149688,115669836560,6,0,1,14336,6,5348408295
6340,115669710746,2942,115669713688,6,0,1,10240,6,8982932353
6341,115669860689,169471,115670030160,2,0,0,3072,2,3532349834
6342,115669861818,87484,115669949302,3,0,0,146944,3,3638824286
6343,115669866953,165610,115670032563,9,0,0,208384,9,6141180987
6344,115670230732,47284,115670278016,5,0,1,1536,5,5037532928
6345,115670249548,64204,115670313752,0,0,1,6656,0,10495783174
6346,115670258143,83284,115670341427,9,0,1,13824,9,3903252188
6347,115670299656,59128,115670358784,9,0,1,5120,9,2376581394
6348,115670317758,122560,115670440318,4,0,1,102400,4,100593747
6349,115670468471,73288,115670541759,1,0,1,11264,1,289257998
6350,115670559851,4370,115670564221,2,0,0,4608,2,5239393404
6351,115670567491,75604,115670643095,6,0,1,13824,6,8791013961
6352,115670572923,98692,115670671615,6,0,1,24064,6,6797492857
6353,115670691489,1514,115670693003,2,0,0,1536,2,2966118423
6354,115670717429,70972,115670788401,6,0,1,8704,6,2099308846
6355,115670759177,79660,115670838837,0,0,1,5632,0,3056300345
6356,115670848068,109144,115670957212,1,0,1,58368,1,6248635442
6357,115670959473,32983,115670992456,3,0,0,57344,3,8686661879
6358,115671181730,142378,115671324108,9,0,0,230400,9,7127098169
6359,115671287002,32146,115671319148,4,0,1,68096,4,4941850235
6360,115671297351,67300,115671364651,7,0,0,17408,7,1375464981
6361,115671400274,4158,115671404432,5,0,1,11776,5,9223286382
6362,115671464247,272998,115671737245,6,0,1,15872,6,7252198967
6363,115671474223,87972,115671562195,5,0,1,7168,5,235309956
6364,115671527747,113956,115671641703,3,0,0,11264,3,496603989
6365,115671560062,80938,115671641000,9,0,1,16896,9,6029954384
6366,115671817994,84064,115671902058,0,0,1,16384,0,3629132039
6367,115672075241,55041,115672130282,9,0,0,93696,9,4958346965
6368,115672253205,156033,115672409238,7,0,0,257024,7,6194843781
6369,115672319145,116073,115672435218,5,0,1,9216,5,5761653221
6370,115672451745,42162,115672493907,4,0,0,68608,4,8464080856
6371,115672591773,93991,115672685764,4,0,1,638464,4,5673455473
6372,115672701309,19546,115672720855,4,0,0,156160,4,2937976556
6373,115672778020,552323,115673330343,2,0,0,3584,2,7912666069
6374,115672864668,211213,115673075881,0,0,1,62464,0,3660902401
6375,115672912714,299229,115673211943,9,0,1,40960,9,8835377966
6376,115672932894,263674,115673196568,3,0,0,87040,3,6138166060
6377,115672995392,176178,115673171570,7,0,1,48128,7,5918332516
6378,115673012335,231352,115673243687,0,0,1,512,0,5607217990
6379,115673055911,283965,115673339876,5,0,1,24064,5,3010941769
6380,115673262304,30745,115673293049,1,0,1,231424,1,8190762599
6381,115673265091,14800,115673279891,7,0,1,25088,7,4129688222
6382,115673285305,211024,115673496329,6,0,1,9728,6,9028341405
6383,115673286445,215908,115673502353,9,0,0,49664,9,9268597523
6384,115673315782,219121,115673534903,9,0,0,28672,9,9898592535
6385,115673356713,171605,115673528318,5,0,1,27648,5,302563508
6386,115673411088,117241,115673528329,7,0,0,80896,7,6900517338
6387,115673451930,150872,115673602802,0,0,1,43008,0,8082392709
6388,115673560720,95446,115673656166,2,0,1,9216,2,9130446843
6389,115673591889,48976,115673640865,2,0,1,7168,2,9472818042
6390,115673663807,161232,115673825039,2,0,1,2048,2,9279483133
6391,115673902576,154829,115674057405,7,0,0,251392,7,1834645793
6392,115674040559,175766,115674216325,4,0,0,288768,4,9792657637
6393,115674059788,120073,115674179861,7,0,0,626688,7,5923333759
6394,115674100839,455791,115674556630,9,0,0,9216,9,6008253877
6395,115674103772,414996,115674518768,2,0,1,22528,2,7373307007
6396,115674335682,180499,115674516181,2,0,0,512,2,4102236305
6397,115674338975,310200,115674649175,7,0,1,32768,7,926112656
6398,115674457328,11012,115674468340,9,0,1,12800,9,8519859124
6399,115674610442,60220,115674670662,5,0,1,8704,5,2769158904
6400,115674650413,218361,115674868774,4,0,0,17920,4,8652173229
6401,115674662530,99202,115674761732,7,0,1,18432,7,10259243289
6402,115674674703,159279,115674833982,5,0,1,22528,5,1677160981
6403,115674775832,84471,115674860303,5,0,1,6144,5,1508126246
6404,115674777056,121547,115674898603,7,0,1,42496,7,44714232
6405,115674790038,131663,115674921701,9,0,0,137728,9,10350828249
6406,115674848729,145395,115674994124,2,0,1,27136,2,9156463688
6407,115674881622,160910,115675042532,0,0,1,17408,0,757230350
6408,115674913654,135904,115675049558,6,0,1,16384,6,2354154854
6409,115675034112,124172,115675158284,4,0,1,290816,4,1172030990
6410,115675106394,288674,115675395068,0,0,1,1024,0,386650547
6411,115675187199,142462,115675329661,6,0,1,22528,6,3241990458
6412,115675216594,133576,115675350170,4,0,1,55808,4,7295506800
6413,115675309208,76515,115675385723,9,0,1,12800,9,4896254859
6414,115675341235,116246,115675457481,5,0,1,7680,5,1135347139
6415,115675513902,562,115675514464,9,0,1,1024,9,7680785738
6416,115675529146,45592,115675574738,2,0,0,512,2,7451077358
6417,115675618242,68212,115675686454,5,0,1,9728,5,7144930809
6418,115675771729,79432,115675851161,2,0,1,11264,2,9900982652
6419,115675878561,248708,115676127269,6,0,0,407552,6,931933030
6420,115675896727,230888,115676127615,2,0,0,512,2,1552287290
6421,115676555071,2942,115676558013,2,0,0,3072,2,7734811259
6422,115676623952,155258,115676779210,9,0,0,255488,9,4059323552
6423,115676810444,23116,115676833560,0,0,1,28672,0,3159095197
6424,115676893573,212328,115677105901,4,0,0,41472,4,2850988258
6425,115677566914,33846,115677600760,4,0,0,55808,4,1735994195
6426,115677569724,82920,115677652644,0,0,1,24576,0,3170924587
6427,115677654006,146065,115677800071,4,0,0,134656,4,8714649488
6428,115677664236,289381,115677953617,5,0,1,512,5,645554442
6429,115677672340,221627,115677893967,4,0,0,327168,4,4695066533
6430,115677728852,166421,115677895273,2,0,0,2048,2,3182550478
6431,115677851409,85491,115677936900,7,0,1,2048,7,6139489615
6432,115677859500,169579,115678029079,0,0,1,19968,0,4002459206
6433,115678036932,76842,115678113774,4,0,0,129536,4,7081419446
6434,115678089730,88352,115678178082,6,0,1,2048,6,3814823745
6435,115678217403,4158,115678221561,7,0,0,11264,7,3606479457
6436,115678329860,23204,115678353064,9,0,0,38400,9,8479938885
6437,115678406110,57109,115678463219,7,0,0,97792,7,9251147296
6438,115678455467,33846,115678489313,7,0,1,23552,7,10060357430
6439,115678463060,113691,115678576751,6,0,1,25088,6,39841706
6440,115678463340,97531,115678560871,7,0,0,55808,7,2580409408
6441,115678535205,58528,115678593733,5,0,1,16384,5,3552840183
6442,115678607102,228496,115678835598,8,0,1,8192,8,9838586581
6443,115678697210,84532,115678781742,8,0,1,17920,8,27952808
6444,115678907509,176404,115679083913,1,0,1,153088,1,1276444462
6445,115679053816,94293,115679148109,8,0,1,6656,8,7047487773
6446,115679130464,86668,115679217132,2,0,1,14848,2,5088261307
6447,115679208129,135783,115679343912,7,0,0,224256,7,8041767905
6448,115679367057,93148,115679460205,9,0,1,6656,9,9829226806
6449,115679370313,236792,115679607105,6,0,1,60416,6,9929198369
6450,115679409309,242087,115679651396,6,0,1,20992,6,8762160543
6451,115679548338,99004,115679647342,8,0,1,25088,8,4892280018
6452,115679614289,105556,115679719845,1,0,1,46592,1,8964616061
6453,115679694966,71284,115679766250,5,0,1,9728,5,10250634745
6454,115679725559,100720,115679826279,4,0,1,30720,4,2519946871
6455,115679776547,50211,115679826758,5,0,1,1536,5,4977312252
6456,115679794033,68212,115679862245,8,0,1,9728,8,3354768699
6457,115679828431,81304,115679909735,1,0,1,17408,1,10368089711
6458,115679930096,89296,115680019392,5,0,1,18432,5,6754225474
6459,115679964606,87936,115680052542,8,0,1,5120,8,4042194336
6460,115680010393,144962,115680155355,9,0,0,235520,9,6776008943
6461,115680392140,128176,115680520316,1,0,1,120832,1,7784872406
6462,115680438149,122387,115680560536,4,0,0,198144,4,7317378495
6463,115680459534,78818,115680538352,1,0,1,542208,1,8670539616
6464,115680476405,35050,115680511455,2,0,1,12800,2,3255969623
6465,115680508049,401585,115680909634,7,0,0,93184,7,2921329861
6466,115680540668,635227,115681175895,5,0,1,9216,5,2690704421
6467,115680576819,522945,115681099764,2,0,1,16384,2,266310381
6468,115680740998,561923,115681302921,2,0,1,29696,2,9705552990
6469,115680786966,370652,115681157618,7,0,0,61440,7,2199244561
6470,115680867538,214294,115681081832,9,0,1,12800,9,1294450640
6471,115680898771,249856,115681148627,5,0,1,4608,5,6296225625
6472,115680963627,211133,115681174760,6,0,1,16896,6,6282101163
6473,115681095868,108898,115681204766,8,0,1,25088,8,10330766944
6474,115681124143,88204,115681212347,0,0,1,14848,0,8410813185
6475,115681341724,65296,115681407020,6,0,1,10240,6,6927058198
6476,115681378716,122726,115681501442,5,0,1,92160,5,3312890632
6477,115681528155,73741,115681601896,4,0,0,123392,4,5900502206
6478,115681537654,72664,115681610318,9,0,1,2048,9,8740170639
6479,115681657403,226594,115681883997,8,0,1,9216,8,1579244615
6480,115681764102,115533,115681879635,1,0,1,832000,1,9367115801
6481,115681809865,562,115681810427,4,0,0,191488,4,5335446096
6482,115681957414,682427,115682639841,1,0,1,24576,1,5789302150
6483,115682057400,496614,115682554014,8,0,1,47104,8,10148781582
6484,115682152764,410991,115682563755,2,0,0,512,2,980650586
6485,115682634134,33846,115682667980,4,0,0,55808,4,9533032335
6486,115682659299,124548,115682783847,1,0,1,58880,1,1361366513
6487,115682685738,102488,115682788226,6,0,1,14336,6,3320586598
6488,115682739105,99438,115682838543,2,0,1,14336,2,10372834897
6489,115682798300,76357,115682874657,6,0,1,10752,6,6186177867
6490,115682965279,64133,115683029412,4,0,0,108032,4,3162202542
6491,115683056817,66200,115683123017,4,0,1,432128,4,9034889211
6492,115683072001,66717,115683138718,9,0,1,3072,9,2824644101
6493,115683087203,61140,115683148343,9,0,0,112128,9,1588517197
6494,115683127885,390790,115683518675,4,0,0,113152,4,10118010436
6495,115683134026,376601,115683510627,9,0,0,10752,9,1811606360
6496,115683181662,347462,115683529124,4,0,0,563200,4,941866290
6497,115683182424,362182,115683544606,6,0,1,8192,6,3133135637
6498,115683199328,121480,115683320808,2,0,0,105984,2,2985122106
6499,115683248761,13508,115683262269,0,0,1,6144,0,9547681912
6500,115683320520,313848,115683634368,0,0,1,13312,0,7434979524
6501,115683357836,405812,115683763648,4,0,1,131072,4,1668920904
6502,115683379138,22174,115683401312,8,0,1,1536,8,9296756892
6503,115683461740,525680,115683987420,2,0,0,71168,2,4035431258
6504,115683603263,457988,115684061251,8,0,1,5632,8,5718255516
6505,115683628781,598591,115684227372,1,0,1,48640,1,3922172830
6506,115683629705,224060,115683853765,4,0,0,26112,4,8647924908
6507,115683645767,243612,115683889379,1,0,1,70144,1,404977111
6508,115683748692,332003,115684080695,2,0,0,7680,2,3004989640
6509,115684006465,33241,115684039706,9,0,0,57856,9,10042012636
6510,115684028729,267238,115684295967,2,0,0,433664,2,10057463742
6511,115684073093,34791,115684107884,1,0,1,75264,1,8401329754
6512,115684159547,426124,115684585671,1,0,1,253440,1,6333609626
6513,115684325670,443798,115684769468,3,0,1,22528,3,9881031649
6514,115684356397,184858,115684541255,4,0,0,60928,4,2822403235
6515,115684429694,316131,115684745825,2,0,0,303104,2,5463593478
6516,115684439739,306633,115684746372,9,0,1,40960,9,3449013942
6517,115684456399,50668,115684507067,3,0,1,47616,3,1967312046
6518,115684694219,390956,115685085175,1,0,1,259584,1,503494441
6519,115684776830,348911,115685125741,3,0,1,2560,3,7731225134
6520,115685030164,94550,115685124714,2,0,1,13312,2,4444919099
6521,115685125359,72279,115685197638,7,0,0,117248,7,8119404775
6522,115685156400,62026,115685218426,9,0,0,74752,9,5144788483
6523,115685359933,71596,115685431529,6,0,1,10752,6,8204454648
6524,115685431379,40870,115685472249,4,0,1,369152,4,385523882
6525,115685463263,22170,115685485433,9,0,0,66048,9,5061160456
6526,115685474516,302282,115685776798,5,0,1,26112,5,3903399575
6527,115685590932,267128,115685858060,7,0,0,36352,7,9930114047
6528,115685672573,104980,115685777553,9,0,1,512,9,7664520698
6529,115685713741,74863,115685788604,0,0,1,512,0,8070215718
6530,115685741929,138583,115685880512,9,0,0,122368,9,9122043573
6531,115685795291,97491,115685892782,5,0,1,6144,5,8954132968
6532,115685815268,97515,115685912783,6,0,1,3072,6,8786668293
6533,115685881854,187086,115686068940,5,0,1,10752,5,4609429955
6534,115685938467,116320,115686054787,1,0,1,81920,1,9195160853
6535,115685990609,72537,115686063146,4,0,0,117760,4,1368790990
6536,115686080476,119556,115686200032,1,0,1,145408,1,5325178177
6537,115686109050,237866,115686346916,8,0,1,7168,8,10049567813
6538,115686191695,53321,115686245016,9,0,1,23552,9,627832366
6539,115686248988,62530,115686311518,0,0,1,12800,0,10003055542
6540,115686262224,152837,115686415061,6,0,1,4608,6,7830177553
6541,115686266297,99455,115686365752,9,0,0,87040,9,565787176
6542,115686293784,95795,115686389579,4,0,0,115200,4,7981454864
6543,115686319239,162274,115686481513,0,0,1,3072,0,1494649136
6544,115686363620,219957,115686583577,2,0,1,56320,2,350669047
6545,115686784107,77100,115686861207,9,0,0,130048,9,3050408559
6546,115686845933,81371,115686927304,9,0,1,3584,9,4483727505
6547,115686904651,64391,115686969042,7,0,0,108544,7,3494697268
6548,115687068166,60688,115687128854,2,0,1,10240,2,4956957588
6549,115687094940,47284,115687142224,8,0,1,1536,8,2776263920
6550,115687120487,283467,115687403954,1,0,1,290816,1,7769169273
6551,115687251912,155485,115687407397,6,0,1,11264,6,1866454931
6552,115687371361,69632,115687440993,9,0,0,55296,9,4747644326
6553,115687383351,96907,115687480258,5,0,1,14848,5,3197177395
6554,115687579302,34275,115687613577,9,0,1,3584,9,7373430284
6555,115687597033,6274,115687603307,2,0,0,59904,2,5710591457
6556,115687633579,75369,115687708948,9,0,0,6656,9,8592647159
6557,115687640558,24238,115687664796,6,0,1,33280,6,2608059505
6558,115687697611,147594,115687845205,3,0,1,13824,3,9970901757
6559,115687730441,94764,115687825205,7,0,0,40448,7,9711230593
6560,115687773148,132827,115687905975,6,0,1,49664,6,5653653155
6561,115687804416,157583,115687961999,0,0,1,4608,0,2512838317
6562,115687808165,121149,115687929314,2,0,0,260096,2,9251930579
6563,115687850603,169644,115688020247,2,0,0,20480,2,1357506581
6564,115687854732,221233,115688075965,9,0,1,18944,9,3075654916
6565,115687897405,247581,115688144986,8,0,1,54784,8,9733360538
6566,115688009001,230407,115688239408,4,0,1,136704,4,1408149966
6567,115688301834,65942,115688367776,9,0,0,111616,9,5737702000
6568,115688303011,86782,115688389793,2,0,0,80896,2,10463661252
6569,115688452655,164161,115688616816,3,0,1,7168,3,4961293637
6570,115688672618,31779,115688704397,4,0,0,51712,4,4816421717
6571,115688695570,10133,115688705703,2,0,0,2048,2,2675565085
6572,115688841535,10237,115688851772,3,0,1,32256,3,2333265843
6573,115688856419,125699,115688982118,9,0,0,16384,9,3387894991
6574,115688988535,50668,115689039203,0,0,1,2560,0,3706875309
6575,115689013399,101188,115689114587,9,0,1,32256,9,7056823831
6576,115689113196,89011,115689202207,6,0,1,23040,6,2932209899
6577,115689149530,43900,115689193430,3,0,1,6656,3,9692439432
6578,115689158540,64204,115689222744,2,0,1,512,2,1531230832
6579,115689311611,562,115689312173,2,0,0,512,2,8931623834
6580,115689339154,118036,115689457190,4,0,1,87552,4,8791004121
6581,115689436323,100291,115689536614,9,0,1,11264,9,7155302434
6582,115689506527,94708,115689601235,4,0,1,26112,4,2410671042
6583,115689542297,60353,115689602650,9,0,1,4608,9,4575032934
6584,115689605506,45592,115689651098,3,0,1,1024,3,9559630358
6585,115689757895,43900,115689801795,9,0,1,512,9,348339618
6586,115689830022,50668,115689880690,8,0,1,2560,8,8956286125
6587,115689832180,93045,115689925225,7,0,0,151040,7,2391350010
6588,115690020215,71908,115690092123,6,0,1,49664,6,8671334187
6589,115690062373,135844,115690198217,5,0,1,11776,5,4672178904
6590,115690176010,45592,115690221602,9,0,1,1024,9,2817597336
6591,115690272869,53233,115690326102,9,0,0,90112,9,949732282
6592,115690483234,52360,115690535594,0,0,1,3072,0,3508216651
6593,115690546619,16350,115690562969,7,0,0,31744,7,7087396177
6594,115690555399,65145,115690620544,2,0,1,6656,2,3323176748
6595,115690565821,89975,115690655796,0,0,1,20480,0,7999662377
6596,115690744552,7702,115690752254,4,0,0,8192,4,9887198913
6597,115690762575,59930,115690822505,8,0,1,2048,8,2876803538
6598,115690927014,82816,115691009830,9,0,1,12288,9,5236428800
6599,115691121643,64204,115691185847,5,0,1,6656,5,5017533316
6600,115691128722,64516,115691193238,3,0,1,7680,3,7044032603
6601,115691233613,128488,115691362101,4,0,1,121856,4,9716909685
6602,115691327893,146514,115691474407,0,0,1,68608,0,3369000796
6603,115691356802,115913,115691472715,5,0,1,3072,5,4010710125
6604,115691360533,52954,115691413487,9,0,1,6656,9,225828719
6605,115691424399,147081,115691571480,5,0,1,1536,5,10688924570
6606,115691503963,74980,115691578943,9,0,1,11776,9,3145071788
6607,115691520495,85322,115691605817,3,0,1,3072,3,3059622047
6608,115691658013,4846,115691662859,9,0,0,5120,9,4514919492
6609,115691708063,54052,115691762115,0,0,1,3584,0,3678684960
6610,115691754048,45692,115691799740,9,0,0,78848,9,6925490330
6611,115691946167,141862,115692088029,7,0,0,229376,7,9646730397
6612,115692057998,150221,115692208219,3,0,1,9728,3,8635993755
6613,115692108251,162370,115692270621,4,0,0,262656,4,8984951698
6614,115692262107,562,115692262669,2,0,1,512,2,2029010123
6615,115692391757,190952,115692582709,2,0,0,512,2,5421056817
6616,115692465467,48976,115692514443,0,0,1,2048,0,9818413411
6617,115692557251,80524,115692637775,3,0,1,14848,3,4017525096
6618,115692610661,70308,115692680969,0,0,1,14336,0,8989010797
6619,115692640480,43900,115692684380,1,0,1,512,1,2370493730
6620,115692651361,83752,115692735113,9,0,1,15360,9,4308258680
6621,115692818600,52984,115692871584,3,0,1,5120,3,8319233080
6622,115692866903,73753,115692940656,8,0,1,12800,8,5269014542
6623,115692922132,51292,115692973424,2,0,1,4608,2,2734594811
6624,115693012439,54676,115693067115,3,0,1,5632,3,6933196825
6625,115693171066,96556,115693267622,4,0,1,27136,4,2826994305
6626,115693395683,59284,115693454967,2,0,1,5632,2,3149281557
6627,115693620345,46984,115693667329,9,0,0,81408,9,6828486312
6628,115693633570,115308,115693748878,0,0,1,4096,0,9679179195
6629,115694027972,117256,115694145228,4,0,1,84992,4,5003761564
6630,115694057386,120416,115694177802,3,0,1,14336,3,1740528811
6631,115694300009,562,115694300571,2,0,0,512,2,9296423940
6632,115694315988,52360,115694368348,4,0,1,69632,4,7288090432
6633,115694342142,112576,115694454718,0,0,1,3072,0,1044887277
6634,115694395678,144187,115694539865,4,0,0,233984,4,781985173
6635,115694506780,132253,115694639033,4,0,0,214016,4,4112261906
6636,115694569731,100226,115694669957,4,0,1,21504,4,3752185246
6637,115694678560,94210,115694772770,2,0,1,6144,2,10724296648
6638,115694685251,99570,115694784821,0,0,1,13312,0,461078549
6639,115694792603,55744,115694848347,5,0,1,4096,5,5031881376
6640,115694804112,79617,115694883729,9,0,1,8192,9,5048598019
6641,115694844410,46984,115694891394,9,0,0,81408,9,1938209153
6642,115695004306,101188,115695105494,1,0,1,32256,1,8901368122
6643,115695190849,48976,115695239825,9,0,1,2048,9,3316893361
6644,115695385476,99628,115695485104,1,0,1,27136,1,10234116906
6645,115695466509,83608,115695550117,9,0,0,139264,9,9370774579
6646,115695519713,35998,115695555711,7,0,0,18432,7,1060365211
6647,115695692334,143973,115695836307,1,0,1,121344,1,3170171022
6648,115695725718,148810,115695874528,1,0,1,70144,1,1681233923
6649,115695776871,127675,115695904546,1,0,1,11264,1,8014547815
6650,115696076002,62980,115696138982,1,0,1,7680,1,6807434074
6651,115696306469,34275,115696340744,7,0,0,59904,7,7011522424
6652,115696323660,1990,115696325650,2,0,1,29696,2,3842104810
6653,115696354935,101518,115696456453,7,0,0,2048,7,9551955823
6654,115696399899,209030,115696608929,3,0,1,49152,3,9081420598
6655,115696505228,184170,115696689398,7,0,0,298496,7,7202452653
6656,115696535280,156704,115696691984,2,0,0,4096,2,1723258705
6657,115696613533,89485,115696703018,7,0,0,36352,7,9489428878
6658,115696615205,44229,115696659434,8,0,1,22016,8,3491686895
6659,115696684380,318389,115697002769,3,0,1,5120,3,9892430893
6660,115696694722,152532,115696847254,3,0,1,5120,3,912078229
6661,115696728064,286287,115697014351,7,0,0,72704,7,308837344
6662,115696816564,277524,115697094088,1,0,1,51712,1,9860613714
6663,115696957426,129790,115697087216,5,0,1,50688,5,1590411230
6664,115697017602,101812,115697119414,2,0,1,26624,2,4670779556
6665,115697043556,135889,115697179445,9,0,1,34304,9,4055533134
6666,115697515419,74356,115697589775,6,0,1,9728,6,7425508360
6667,115697614076,4370,115697618446,2,0,0,4608,2,914472011
6668,115698176572,36600,115698213172,9,0,0,64512,9,4299899748
6669,115698292802,50824,115698343626,8,0,1,3072,8,4919514809
6670,115698343361,42161,115698385522,7,0,0,68096,7,4161058044
6671,115698409571,71904,115698481475,3,0,1,7680,3,5110457127
6672,115698619342,62929,115698682271,9,0,0,102400,9,8220571636
6673,115698812108,1038,115698813146,2,0,0,1024,2,9649324453
6674,115698955551,47284,115699002835,5,0,1,1536,5,10286353319
6675,115698960393,60820,115699021213,5,0,1,5632,5,10607521130
6676,115698972111,101656,115699073767,2,0,1,33792,2,7575399314
6677,115699018632,141862,115699160494,7,0,0,229376,7,3248645737
6678,115699130625,227683,115699358308,7,0,0,373248,7,8990028037
6679,115699170544,147800,115699318344,9,0,0,279040,9,7614475637
6680,115699219944,275179,115699495123,3,0,1,12800,3,2386366555
6681,115699267018,205753,115699472771,4,0,0,96768,4,6890385202
6682,115699433597,305061,115699738658,1,0,1,86528,1,3765888541
6683,115699698151,84376,115699782527,0,0,1,17408,0,3577953671
6684,115699756405,157509,115699913914,1,0,1,58880,1,4460086438
6685,115700069228,52360,115700121588,9,0,1,3072,9,3441720863
6686,115700083266,196104,115700279370,7,0,0,318464,7,1513734569
6687,115700101588,215198,115700316786,9,0,0,121856,9,3323535517
6688,115700138288,231276,115700369564,2,0,1,21504,2,4987740387
6689,115700350247,126265,115700476512,9,0,1,29184,9,7657960031
6690,115700503950,57436,115700561386,5,0,1,11264,5,5304510868
6691,115700511650,53296,115700564946,8,0,1,4608,8,9396493806
6692,115700574658,127752,115700702410,8,0,1,6144,8,7582002999
6693,115700578694,64738,115700643432,9,0,0,105984,9,8836413098
6694,115700584722,51766,115700636488,5,0,1,25600,5,3179450344
6695,115700602086,261121,115700863207,7,0,0,33280,7,1735135995
6696,115700709435,174045,115700883480,4,0,0,282112,4,5108027495
6697,115700722863,160963,115700883826,2,0,0,512,2,5303596182
6698,115700843781,66304,115700910085,0,0,1,15360,0,7694842137
6699,115700848986,67366,115700916352,7,0,0,101376,7,351256522
6700,115700849230,132102,115700981332,2,0,0,2048,2,8267436151
6701,115701134204,47284,115701181488,3,0,1,1536,3,9742557077
6702,115701569169,92992,115701662161,0,0,1,20480,0,2122074996
6703,115701660901,90548,115701751449,5,0,1,18432,5,2867902340
6704,115701828764,74980,115701903744,5,0,1,11776,5,8205414104
6705,115701939976,4846,115701944822,4,0,0,5120,4,10569465945
6706,115702128258,2942,115702131200,2,0,0,3072,2,8941206185
6707,115702206993,101188,115702308181,6,0,1,32256,6,1317142465
6708,115702599154,23633,115702622787,4,0,0,42496,4,1384612519
6709,115702646531,2866,115702649397,9,0,1,33792,9,4367304849
6710,115702693972,267711,115702961683,1,0,1,343552,1,2100064190
6711,115702748905,206269,115702955174,3,0,1,16896,3,4465089568
6712,115702851908,367216,115703219124,3,0,1,13824,3,2738345270
6713,115702854904,213503,115703068407,7,0,0,8704,7,2380043640
6714,115702919607,167833,115703087440,0,0,1,21504,0,3006161979
6715,115702943297,212910,115703156207,1,0,1,150016,1,3954874796
6716,115703189644,59128,115703248772,0,0,1,5120,0,1607546730
6717,115703214960,85156,115703300116,3,0,1,19968,3,1644160625
6718,115703321494,95332,115703416826,0,0,1,28160,0,6008817315
6719,115703454777,96220,115703550997,3,0,1,20992,3,8488152914
6720,115703541568,9440,115703551008,2,0,0,5632,2,9760488241
6721,115703639128,163955,115703803083,8,0,1,96256,8,10123789702
6722,115703699577,104305,115703803882,2,0,1,2560,2,1611341730
6723,115703750438,103189,115703853627,0,0,1,17920,0,7381135421
6724,115703780246,250503,115704030749,9,0,0,371712,9,535224699
6725,115703898067,260017,115704158084,9,0,1,33792,9,5732688676
6726,115704118194,84143,115704202337,9,0,1,7168,9,416718355
6727,115704556090,187183,115704743273,4,0,0,307712,4,3894414755
6728,115704561330,295591,115704856921,9,0,1,8192,9,8273667992
6729,115704854840,211537,115705066377,1,0,1,226304,1,5628005715
6730,115704987873,78523,115705066396,4,0,0,41472,4,4541232774
6731,115704997168,70239,115705067407,2,0,0,1024,2,4087003083
6732,115705082403,99340,115705181743,2,0,1,31232,2,9556178781
6733,115705117035,121966,115705239001,2,0,1,16384,2,2170391737
6734,115705221047,3418,115705224465,0,0,1,15872,0,1137919225
6735,115705279279,83908,115705363187,2,0,0,3584,2,9743966011
6736,115705295627,9339,115705304966,7,0,0,14848,7,1277564624
6737,115705570264,6274,115705576538,2,0,0,6656,2,191371856
6738,115705587273,101812,115705689085,2,0,1,34304,2,1733568654
6739,115705740815,1038,115705741853,2,0,0,1024,2,6298005962
6740,115705824125,73288,115705897413,1,0,1,11264,1,9919647352
6741,115706232682,108520,115706341202,9,0,1,56320,9,5750849176
6742,115706445198,158368,115706603566,1,0,1,139264,1,8548070468
6743,115706620734,107734,115706728468,7,0,0,179712,7,10668821056
6744,115706736558,45433,115706781991,5,0,1,28672,5,3484895025
6745,115706785743,91751,115706877494,5,0,1,11776,5,1421652773
6746,115706826299,73741,115706900040,9,0,0,78336,9,4640807171
6747,115706879363,242916,115707122279,4,0,0,123392,4,768227635
6748,115707204859,50668,115707255527,9,0,1,2560,9,8794682634
6749,115707334115,1514,115707335629,2,0,0,1536,2,4974999528
6750,115707599178,196363,115707795541,5,0,0,318976,5,6580195587
6751,115707732492,53062,115707785554,2,0,1,3584,2,4767874391
6752,115707771893,216960,115707988853,5,0,0,86528,5,8381814553
6753,115707856546,335133,115708191679,1,0,1,246784,1,8609645554
6754,115708410372,73312,115708483684,9,0,0,119296,9,5143967365
6755,115708710297,163662,115708873959,5,0,0,265216,5,4240558042
6756,115708930146,43883,115708974029,7,0,0,75264,7,2870156895
6757,115708982669,3894,115708986563,2,0,0,4096,2,1878560742
6758,115709059900,64072,115709123972,8,0,1,11264,8,5062156916
6759,115709076527,177058,115709253585,4,0,0,291328,4,8830254468
6760,115709239905,14666,115709254571,2,0,0,1536,2,7237749885
6761,115709268260,175347,115709443607,9,0,1,4608,9,4807303857
6762,115709297242,53837,115709351079,2,0,1,34816,2,2294546318
6763,115709385649,204721,115709590370,9,0,1,8192,9,891143554
6764,115709400984,23721,115709424705,9,0,0,88064,9,4139473027
6765,115709558265,204427,115709762692,7,0,0,39424,7,7384445242
6766,115709654094,4846,115709658940,7,0,0,5120,7,4543156350
6767,115709679916,5322,115709685238,5,0,0,5632,5,8955549355
6768,115709725579,75291,115709800870,4,0,0,126464,4,1007678380
6769,115710033957,73156,115710107113,9,0,1,15872,9,8410333678
6770,115710214391,96976,115710311367,0,0,1,18432,0,171976892
6771,115710267596,72376,115710339972,0,0,1,13312,0,6361318516
6772,115710347539,53579,115710401118,7,0,0,87552,7,798247873
6773,115710348083,173877,115710521960,8,0,1,22528,8,5974110419
6774,115710472309,96532,115710568841,5,0,1,22016,5,4804156434
6775,115710743049,1514,115710744563,9,0,1,18432,9,4075938784
6776,115710763639,93904,115710857543,2,0,0,1536,2,8712764988
6777,115710801084,29426,115710830510,1,0,1,37888,1,4237597419
6778,115710832444,102904,115710935348,5,0,0,45056,5,7726735536
6779,115710967866,72664,115711040530,9,0,1,9216,9,8489276610
6780,115711045439,71503,115711116942,5,0,0,115712,5,9234272090
6781,115711097095,25441,115711122536,7,0,0,18432,7,9497042984
6782,115711145185,15058,115711160243,7,0,0,29184,7,207336554
6783,115711385911,235999,115711621910,7,0,0,386048,7,9792615597
6784,115711472334,187564,115711659898,9,0,1,3072,9,5660453539
6785,115711838490,55744,115711894234,2,0,1,4096,2,9967959112
6786,115711906375,23374,115711929749,9,0,0,41984,9,7042626676
6787,115711919806,31262,115711951068,7,0,0,50688,7,3864726661
6788,115711923953,28293,115711952246,4,0,0,13824,4,2385391187
6789,115712384471,24150,115712408621,9,0,0,43520,9,4891221310
6790,115712516991,112057,115712629048,0,0,1,24064,0,5453027700
6791,115712663751,104204,115712767955,9,0,0,169472,9,3377489392
6792,115712893987,10753,115712904740,4,0,0,17408,4,10229745326
6793,115712955596,81280,115713036876,5,0,1,12288,5,10451241796
6794,115712971832,89788,115713061620,1,0,1,25088,1,3641045093
6795,115713111345,57436,115713168781,2,0,1,4608,2,2892494768
6796,115713150912,162628,115713313540,4,0,0,263168,4,10318065424
6797,115713207103,123219,115713330322,9,0,0,55808,9,4603901345
6798,115713243638,13596,115713257234,5,0,1,2560,5,3845410057
6799,115713352617,255972,115713608589,5,0,1,29184,5,2976084636
6800,115713372531,173157,115713545688,5,0,0,23040,5,7732824326
6801,115713493858,59781,115713553639,5,0,1,23552,5,3754635818
6802,115713519306,92704,115713612010,9,0,0,87040,9,8873436182
6803,115713669821,6225,115713676046,9,0,0,15360,9,2874910748
6804,115713785729,2942,115713788671,2,0,0,3072,2,7747735918
6805,115713826334,1514,115713827848,2,0,0,1536,2,5459953545
6806,115713983861,59752,115714043613,5,0,1,7168,5,3772251483
6807,115713995362,55744,115714051106,0,0,1,4096,0,9013844752
6808,115714017894,112502,115714130396,1,0,1,36352,1,8800125433
6809,115714154590,1990,115714156580,2,0,0,2048,2,10206591761
6810,115714172227,30745,115714202972,7,0,0,49664,7,671398923
6811,115714761610,76672,115714838282,5,0,1,12288,5,10489246887
6812,115714889415,83954,115714973369,9,0,0,136704,9,9759463556
6813,115714958971,69907,115715028878,2,0,1,16896,2,253868433
6814,115714993901,159351,115715153252,2,0,1,9216,2,9777239267
6815,115714995376,209270,115715204646,0,0,1,1024,0,4530417143
6816,115715195757,72664,115715268421,5,0,1,9216,5,8444872040
6817,115715304665,562,115715305227,2,0,0,512,2,10684449357
6818,115715397574,145479,115715543053,4,0,0,236544,4,10621470611
6819,115715410379,137820,115715548199,7,0,0,8192,7,4017895166
6820,115715511615,43202,115715554817,7,0,0,23552,7,7104348281
6821,115715538477,19566,115715558043,7,0,0,5120,7,5070048228
6822,115715589040,71858,115715660898,0,0,1,11776,0,1253046897
6823,115715649775,5708,115715655483,1,0,1,164352,1,9749935048
6824,115715708713,200619,115715909332,0,0,1,11264,0,8483402327
6825,115715719942,145132,115715865074,4,0,0,14336,4,7508132550
6826,115715811448,96218,115715907666,5,0,0,88064,5,10402681938
6827,115715832902,34043,115715866945,7,0,1,9216,7,8404877189
6828,115715874289,93599,115715967888,2,0,0,1024,2,3343425158
6829,115715974151,116834,115716090985,0,0,1,36352,0,3087404928
6830,115715992066,132512,115716124578,5,0,1,30720,5,9817798231
6831,115716003290,17297,115716020587,5,0,0,214528,5,2252697007
6832,115716118851,227773,115716346624,2,0,0,512,2,10468473633
6833,115716154023,47912,115716201935,4,0,0,65536,4,798700534
6834,115716391114,13249,115716404363,4,0,0,25600,4,8064844161
6835,115716435888,2466,115716438354,2,0,0,2560,2,8382873007
6836,115716652828,16092,115716668920,4,0,0,31232,4,1329280725
6837,115716747489,23462,115716770951,2,0,1,20480,2,550952958
6838,115716823619,151566,115716975185,5,0,0,38912,5,3078222298
6839,115716942207,562,115716942769,1,0,1,388608,1,3852840832
6840,115716980754,52545,115717033299,2,0,0,512,2,1015524270
6841,115717110802,350224,115717461026,5,0,0,85504,5,9521266351
6842,115717133895,123153,115717257048,1,0,1,269312,1,3929585096
6843,115717225104,296712,115717521816,5,0,0,95232,5,7083764195
6844,115717235571,195047,115717430618,9,0,0,105984,9,8598768316
6845,115717396361,62412,115717458773,0,0,1,512,0,1657143653
6846,115717448890,83018,115717531908,7,0,0,101376,7,1658542651
6847,115717483064,169888,115717652952,9,0,1,1024,9,8457832496
6848,115717651645,98536,115717750181,5,0,1,23552,5,7512233010
6849,115717675813,135598,115717811411,1,0,1,102400,1,7088305022
6850,115717676674,151379,115717828053,5,0,1,31232,5,8795303356
6851,115717720431,136550,115717856981,1,0,1,18944,1,7841283355
6852,115718173999,131737,115718305736,7,0,0,212992,7,4089737065
6853,115718192849,199536,115718392385,5,0,1,35328,5,9191788336
6854,115718400042,3894,115718403936,9,0,1,9728,9,7668572964
6855,115718496450,134130,115718630580,5,0,0,4096,5,1384107971
6856,115718620317,10237,115718630554,5,0,0,16384,5,9801171703
6857,115718652471,5322,115718657793,5,0,1,7168,5,2937769727
6858,115718676541,102421,115718778962,5,0,0,5632,5,4181567791
6859,115718967932,6750,115718974682,5,0,0,7168,5,2009591375
6860,115719092194,76360,115719168554,5,0,1,11264,5,4261498538
6861,115719313211,99784,115719412995,1,0,1,27648,1,7236258119
6862,115719381621,103946,115719485567,4,0,0,168960,4,4706061791
6863,115719765787,53837,115719819624,7,0,0,88064,7,7131838990
6864,115719778799,73303,115719852102,5,0,1,12288,5,7988633254
6865,115719837550,111089,115719948639,7,0,1,13312,7,4724983991
6866,115719951185,94094,115720045279,9,0,1,17408,9,7128880780
6867,115720057303,7226,115720064529,2,0,0,7680,2,7718205650
6868,115720058365,93856,115720152221,7,0,0,150016,7,5369531797
6869,115720082775,41411,115720124186,9,0,1,31744,9,5029781687
6870,115720126568,173178,115720299746,7,0,0,50688,7,2238386928
6871,115720217190,198950,115720416140,7,0,1,40448,7,1732027177
6872,115720414882,94398,115720509280,7,0,1,20992,7,9788651920
6873,115720507407,562,115720507969,1,0,1,91648,1,9165772754
6874,115720518994,121149,115720640143,9,0,1,49152,9,6034981592
6875,115720529280,11522,115720540802,2,0,0,512,2,5985370747
6876,115720618064,166076,115720784140,2,0,0,1024,2,2512525513
6877,115720707964,1514,115720709478,2,0,0,1536,2,1713793098
6878,115720716791,43900,115720760691,9,0,1,512,9,8999130541
6879,115720817631,48976,115720866607,7,0,1,23040,7,3123493318
6880,115720842731,105252,115720947983,9,0,1,2048,9,2286011400
6881,115721368452,147975,115721516427,5,0,0,244736,5,7677122290
6882,115721405042,13854,115721418896,0,0,1,26112,0,7877212481
6883,115721542098,210164,115721752262,0,0,1,4608,0,2398863272
6884,115721545004,79238,115721624242,9,0,0,23552,9,5510935453
6885,115721635340,3418,115721638758,2,0,0,3584,2,6786243341
6886,115721638661,114499,115721753160,5,0,0,189440,5,1494818808
6887,115721674795,84471,115721759266,4,0,0,29184,4,6514310709
6888,115721758681,2942,115721761623,2,0,0,3072,2,6441184755
6889,115721833532,43454,115721876986,7,0,0,71168,7,370707037
6890,115722006260,111745,115722118005,4,0,0,180736,4,2218438002
6891,115722096751,22240,115722118991,2,0,0,1536,2,1928513880
6892,115722293849,245696,115722539545,5,0,0,398336,5,2397395396
6893,115722305602,288750,115722594352,7,0,1,22528,7,6020162460
6894,115722521117,104891,115722626008,9,0,1,2048,9,1062427593
6895,115722525352,174043,115722699395,5,0,0,174080,5,817163960
6896,115722722736,12821,115722735557,7,0,0,21504,7,7535796759
6897,115722787671,69148,115722856819,5,0,1,12800,5,2588842357
6898,115723008899,58684,115723067583,0,0,1,8704,0,245425335
6899,115723026119,41475,115723067594,4,0,0,66048,4,9692209647
6900,115723085388,1038,115723086426,2,0,0,1024,2,10059165383
6901,115723192988,55744,115723248732,1,0,1,18944,1,3463995517
6902,115723195329,58989,115723254318,9,0,1,4096,9,1601788559
6903,115723201924,120977,115723322901,7,0,1,6144,7,7181813911
6904,115723482939,45175,115723528114,7,0,0,77824,7,5616285399
6905,115723498348,124120,115723622468,5,0,1,7680,5,10091594339
6906,115723590795,229497,115723820292,1,0,1,107520,1,189113778
6907,115723684609,86042,115723770651,7,0,1,4096,7,7990786635
6908,115724054658,218075,115724272733,5,0,0,357888,5,6310687139
6909,115724165529,108190,115724273719,2,0,0,1536,2,4641300112
6910,115724184590,225115,115724409705,5,0,1,26112,5,7923054304
6911,115724293000,346905,115724639905,1,0,1,153600,1,6236624129
6912,115724646776,43900,115724690676,9,0,1,512,9,5540159627
6913,115724742397,68791,115724811188,9,0,1,9728,9,10596026970
6914,115724742886,72820,115724815706,0,0,1,8192,0,7747268622
6915,115724847125,99472,115724946597,5,0,1,26624,5,3934717780
6916,115724956280,74824,115725031104,0,0,1,11264,0,8967924457
6917,115725305803,111796,115725417599,5,0,1,67072,5,10101663305
6918,115725410541,50950,115725461491,9,0,1,512,9,518533439
6919,115725443472,299333,115725742805,4,0,0,489472,4,2056401500
6920,115725554142,193489,115725747631,4,0,0,7680,4,105593991
6921,115725557710,267172,115725824882,7,0,0,246784,7,7018937160
6922,115725666837,215155,115725881992,5,0,1,25088,5,9708830342
6923,115725723475,159355,115725882830,5,0,0,195584,5,4171692757
6924,115725823525,1990,115725825515,5,0,1,8192,5,5859265230
6925,115725882156,201095,115726083251,2,0,0,2048,2,5405955300
6926,115726028442,562,115726029004,5,0,0,512,5,5264132647
6927,115726270564,31262,115726301826,7,0,0,50688,7,3180930054
6928,115726371498,89140,115726460638,0,0,1,17920,0,4273659990
6929,115726488200,136817,115726625017,9,0,0,226304,9,6864416742
6930,115726492218,92012,115726584230,5,0,1,14336,5,6308311409
6931,115726522229,285607,115726807836,0,0,1,10752,0,8110799199
6932,115726596230,262184,115726858414,7,0,0,148992,7,9380067700
6933,115726699316,164017,115726863333,0,0,1,21504,0,7416529290
6934,115726801782,1038,115726802820,7,0,1,1536,7,6703446065
6935,115726889553,145380,115727034933,2,0,0,1024,2,3571001968
6936,115727020634,123420,115727144054,4,0,0,200192,4,9942047002
6937,115727064006,81674,115727145680,2,0,0,2560,2,3510021279
6938,115727123222,1990,115727125212,7,0,1,33792,7,1906232527
6939,115727231762,140465,115727372227,2,0,0,2048,2,210020821
6940,115727411059,1038,115727412097,8,0,0,1024,8,7504093509
6941,115727546352,59128,115727605480,0,0,1,5120,0,10564419684
6942,115727842342,103858,115727946200,4,0,0,172032,4,6462443640
6943,115727845129,107587,115727952716,9,0,0,31232,9,9943236137
6944,115727953931,217679,115728171610,0,0,1,19968,0,7712392412
6945,115728086008,90137,115728176145,7,0,1,14848,7,2450621334
6946,115728116874,116825,115728233699,7,0,0,194048,7,2110707363
6947,115728149804,85380,115728235184,5,0,0,15360,5,483738999
6948,115728185076,75927,115728261003,7,0,0,90624,7,9277038656
6949,115728265270,234828,115728500098,1,0,1,328704,1,2518405883
6950,115728282053,397171,115728679224,7,0,1,12288,7,4207519643
6951,115728486964,176112,115728663076,9,0,1,2048,9,1062407997
6952,115728630384,91812,115728722196,9,0,1,5120,9,3933401392
6953,115728966171,47284,115729013455,9,0,1,1536,9,1274534479
6954,115729452443,101656,115729554099,7,0,1,33792,7,4975584482
6955,115729531776,40612,115729572388,9,0,0,65536,9,661976593
6956,115729633882,562,115729634444,2,0,0,512,2,10615035550
6957,115729693490,562,115729694052,2,0,0,512,2,8630260080
6958,115729827604,49132,115729876736,9,0,1,2560,9,2047714491
6959,115729847702,41645,115729889347,7,0,0,67584,7,3867394007
6960,115729930609,6274,115729936883,2,0,0,6656,2,5151195206
6961,115730101544,73483,115730175027,5,0,0,122880,5,1839803132
6962,115730159190,17463,115730176653,2,0,0,2560,2,6048777314
6963,115730263978,2942,115730266920,2,0,0,3072,2,7690118383
6964,115730472291,101500,115730573791,0,0,1,33280,0,6075178993
6965,115730785563,103216,115730888779,1,0,1,38912,1,6712273032
6966,115731052972,15575,115731068547,9,0,0,30208,9,10721909977
6967,115731197140,172237,115731369377,9,0,0,278528,9,7641584980
6968,115731295960,115147,115731411107,7,0,0,134144,7,9264553123
6969,115731667026,51770,115731718796,9,0,0,83968,9,5857552016
6970,115731802288,73571,115731875859,5,0,1,32256,5,4345833481
6971,115731816982,101188,115731918170,7,0,0,119808,7,7844426618
6972,115731984286,94854,115732079140,4,0,0,154624,4,8338627630
6973,115732092729,392847,115732485576,1,0,1,105984,1,4471292481
6974,115732143304,356608,115732499912,1,0,1,948224,1,3427701856
6975,115732255055,368669,115732623724,9,0,1,2560,9,8804644671
6976,115732350763,880664,115733231427,7,0,1,9216,7,1405877485
6977,115732674176,350895,115733025071,5,0,1,3584,5,600661480
6978,115732680965,394669,115733075634,1,0,1,165888,1,7996859863
6979,115732813406,287705,115733101111,9,0,1,10240,9,4444065797
6980,115733090341,43366,115733133707,7,0,0,74240,7,10134548360
6981,115733288474,84124,115733372598,4,0,0,140288,4,4109274143
6982,115733415348,178069,115733593417,0,0,1,18432,0,2671973859
6983,115733706253,130048,115733836301,1,0,1,126976,1,6282114474
6984,115733761304,83809,115733845113,0,0,1,4608,0,5863474210
6985,115733761348,93693,115733855041,7,0,1,2560,7,6726267323
6986,115734004018,43712,115734047730,4,0,0,71680,4,1538190204
6987,115734125200,53749,115734178949,4,0,0,91136,4,723969884
6988,115734246663,47284,115734293947,8,0,1,1536,8,1854434457
6989,115734270769,71752,115734342521,0,0,1,11264,0,6903137688
6990,115734439539,99628,115734539167,0,0,1,27136,0,5066224660
6991,115734622777,109144,115734731921,1,0,1,58368,1,4568643575
6992,115734755541,77896,115734833437,1,0,1,36352,1,4046913779
6993,115734764278,102436,115734866714,5,0,1,11264,5,1769357131
6994,115734801257,61179,115734862436,7,0,1,1024,7,10507462473
6995,115735113269,62512,115735175781,7,0,1,6144,7,3633878382
6996,115735151509,31779,115735183288,7,0,0,51712,7,8525640958
6997,115735193539,12562,115735206101,7,0,0,20992,7,3036221989
6998,115735281745,95440,115735377185,1,0,1,18432,1,6679297950
6999,115735287828,93045,115735380873,5,0,0,151040,5,2827228462
7000,115735378780,108052,115735486832,2,0,1,18944,2,10110861097
7001,115735405489,220358,115735625847,1,0,1,99840,1,2398684961
7002,115735675305,4846,115735680151,2,0,0,5120,2,4994765297
7003,115735870232,56368,115735926600,0,0,1,6144,0,10617176727
7004,115735940693,2942,115735943635,2,0,0,3072,2,9507996997
7005,115736136651,81928,115736218579,0,0,1,19456,0,10158116869
7006,115736264431,165988,115736430419,9,0,0,269824,9,3513956378
7007,115736290725,121617,115736412342,0,0,1,14336,0,5746451251
7008,115736335952,26029,115736361981,5,0,0,89088,5,7380172477
7009,115736431886,227640,115736659526,4,0,0,512,4,10627188329
7010,115736527966,198266,115736726232,0,0,1,2560,0,3339365782
7011,115736926108,1990,115736928098,9,0,1,512,9,3073070388
7012,115736930590,43900,115736974490,2,0,0,2048,2,759320057
7013,115737056334,3894,115737060228,7,0,1,1024,7,1233996746
7014,115737087821,45592,115737133413,2,0,0,4096,2,3933175125
7015,115737351279,95440,115737446719,7,0,1,18432,7,7630201592
7016,115737443836,72311,115737516147,5,0,1,8704,5,1624228319
7017,115737450906,115791,115737566697,5,0,0,192000,5,6922011154
7018,115737512909,75908,115737588817,5,0,0,73216,5,3691058299
7019,115737630042,33758,115737663800,9,0,0,58880,9,1523832822
7020,115737735094,10237,115737745331,9,0,0,16384,9,5518207007
7021,115738114010,13854,115738127864,5,0,0,23552,5,3740416957
7022,115738284247,3418,115738287665,1,0,1,189440,1,2776868011
7023,115738305376,198232,115738503608,1,0,1,104448,1,3786665397
7024,115738337977,220669,115738558646,2,0,0,3584,2,7782471227
7025,115738664746,59128,115738723874,9,0,1,5120,9,8531948193
7026,115738676842,115363,115738792205,9,0,0,187904,9,1462793680
7027,115738689362,199694,115738889056,1,0,1,46080,1,10358821927
7028,115738793775,95292,115738889067,9,0,0,158208,9,5691640654
7029,115738858327,65425,115738923752,5,0,1,8192,5,481876430
7030,115738901166,138346,115739039512,4,0,0,110592,4,2325475530
7031,115738940642,235430,115739176072,0,0,1,18432,0,4499443985
7032,115739018456,173787,115739192243,5,0,0,281600,5,2997139291
7033,115739062458,135789,115739198247,7,0,0,28672,7,4590749792
7034,115739201321,53233,115739254554,5,0,1,2560,5,1270593218
7035,115739221681,113177,115739334858,0,0,1,6144,0,6608810973
7036,115739273563,143539,115739417102,9,0,0,90112,9,373347402
7037,115739674584,287658,115739962242,7,0,0,470016,7,6573815128
7038,115739697498,387858,115740085356,5,0,1,24576,5,3892950401
7039,115739738720,348831,115740087551,1,0,1,222208,1,9320986146
7040,115739779630,304567,115740084197,5,0,1,6144,5,5237636130
7041,115739831777,446345,115740278122,9,0,1,4608,9,3978809435
7042,115739977734,233618,115740211352,9,0,0,656384,9,6281100645
7043,115740064274,290281,115740354555,7,0,0,169984,7,358268400
7044,115740078210,405628,115740483838,5,0,1,22528,5,4288580125
7045,115740089943,371698,115740461641,0,0,1,1536,0,6050661270
7046,115740376240,61678,115740437918,8,0,0,3072,8,2598800917
7047,115740419756,112921,115740532677,5,0,1,6144,5,8294164592
7048,115740562416,3418,115740565834,1,0,1,89088,1,4908176313
7049,115740700962,191416,115740892378,2,0,0,3584,2,588786106
7050,115740726141,27702,115740753843,2,0,0,512,2,1774325682
7051,115740825859,3418,115740829277,5,0,1,5120,5,5486076997
7052,115740852742,59128,115740911870,2,0,0,3584,2,790133245
7053,115740992618,24238,115741016856,9,0,0,40448,9,4450439272
7054,115741020744,562,115741021306,8,0,0,512,8,5472606802
7055,115741141639,73483,115741215122,4,0,0,122880,4,8949759332
7056,115741328325,5450,115741333775,9,0,0,13824,9,8535084671
7057,115741422123,85933,115741508056,4,0,0,143872,4,2752819026
7058,115741529925,85675,115741615600,7,0,0,143360,7,5194651805
7059,115741597600,45433,115741643033,5,0,0,78336,5,3861738830
7060,115741828955,99160,115741928115,5,0,1,25600,5,5811644913
7061,115742186624,2466,115742189090,8,0,0,2560,8,437856697
7062,115742507553,153537,115742661090,4,0,0,248832,4,7102825966
7063,115742633341,28415,115742661756,8,0,0,1024,8,7821689618
7064,115742701944,90074,115742792018,2,0,1,5120,2,8392132422
7065,115742708245,171164,115742879409,2,0,1,17408,2,319051502
7066,115742899048,126304,115743025352,1,0,1,114688,1,6603052228
7067,115743134912,2942,115743137854,2,0,0,3072,2,1611814911
7068,115743159013,69280,115743228293,9,0,1,8192,9,5284983496
7069,115743281884,40870,115743322754,9,0,0,66048,9,5275966998
7070,115743302228,118773,115743421001,0,0,1,49152,0,1017355974
7071,115743319695,101317,115743421012,4,0,0,153600,4,8527280151
7072,115743366584,104812,115743471396,7,0,0,388096,7,8988161659
7073,115743392042,237033,115743629075,5,0,1,2560,5,10281834750
7074,115743446630,75253,115743521883,2,0,1,9216,2,9634189208
7075,115743528710,215326,115743744036,8,0,0,512,8,5021257205
7076,115743545747,380752,115743926499,0,0,1,7680,0,2151212608
7077,115743604524,1038,115743605562,5,0,1,8192,5,9268149216
7078,115743744471,186882,115743931353,9,0,1,512,9,7906542466
7079,115743782009,71068,115743853077,2,0,0,1024,2,6810062229
7080,115743885001,46208,115743931209,7,0,0,79872,7,8076015288
7081,115743902261,30254,115743932515,9,0,0,2048,9,899802881
7082,115743913966,20495,115743934461,2,0,0,3072,2,5824394487
7083,115743987369,77457,115744064826,2,0,1,2048,2,2329382827
7084,115744009843,257541,115744267384,7,0,0,421376,7,7830839502
7085,115744161719,106536,115744268255,5,0,0,12288,5,2137719060
7086,115744397692,3418,115744401110,2,0,0,3584,2,3358308646
7087,115744584996,62224,115744647220,0,0,1,17920,0,1424796945
7088,115744588186,78388,115744666574,0,0,1,10240,0,8636002003
7089,115744869228,16350,115744885578,7,0,0,31744,7,8333299803
7090,115745150838,6274,115745157112,2,0,0,6656,2,2851401363
7091,115745158019,7226,115745165245,4,0,0,7680,4,4821583630
7092,115745210614,84124,115745294738,4,0,0,140288,4,114026193
7093,115745233346,123790,115745357136,2,0,1,3072,2,460771550
7094,115745605027,43883,115745648910,7,0,0,75264,7,9945824967
7095,115745690285,15833,115745706118,0,0,1,10752,0,8459406798
7096,115745700632,76029,115745776661,9,0,0,30720,9,2323402350
7097,115745768984,117016,115745886000,1,0,1,56320,1,1998412819
7098,115745824556,37879,115745862435,8,0,1,48128,8,45930734
7099,115745848132,163347,115746011479,9,0,0,50176,9,4687345957
7100,115745990106,72279,115746062385,4,0,0,117248,4,8200334333
7101,115746010969,51672,115746062641,8,0,0,9216,8,9291790502
7102,115746273401,145650,115746419051,9,0,0,240128,9,4552627681
7103,115746329116,127146,115746456262,4,0,0,129024,4,6442696510
7104,115746329907,127123,115746457030,8,0,0,11776,8,2930825198
7105,115746354054,51770,115746405824,2,0,1,3584,2,5499725151
7106,115746433598,147423,115746581021,4,0,0,83968,4,7624996302
7107,115746602554,14800,115746617354,9,0,0,28672,9,6950223573
7108,115746625557,79900,115746705457,9,0,1,12800,9,3148280732
7109,115746636353,107217,115746743570,9,0,0,178688,9,4979772571
7110,115746644062,99854,115746743916,8,0,0,512,8,5261333746
7111,115746766764,2942,115746769706,0,0,1,24576,0,7550523603
7112,115746863746,1514,115746865260,0,0,1,1536,0,1310651851
7113,115746917359,192389,115747109748,2,0,0,3072,2,4079022748
7114,115746948037,95886,115747043923,2,0,0,1536,2,6567216134
7115,115746969740,3124,115746972864,9,0,0,9216,9,4853956061
7116,115747244555,6225,115747250780,5,0,0,15360,5,9633868324
7117,115747269716,3894,115747273610,2,0,0,4096,2,8765315280
7118,115747322116,5322,115747327438,8,0,1,5632,8,7353306519
7119,115747326575,53140,115747379715,9,0,0,5632,9,5110732671
7120,115747490345,54052,115747544397,0,0,1,3584,0,340732675
7121,115747771555,156808,115747928363,4,0,0,258560,4,9198158755
7122,115747794410,140571,115747934981,9,0,0,23552,9,8203869226
7123,115747824142,272534,115748096676,9,0,1,17920,9,3161420988
7124,115747930489,108505,115748038994,0,0,1,9728,0,6084397306
7125,115748016668,210474,115748227142,8,0,1,13312,8,7884990118
7126,115748212164,95283,115748307447,7,0,0,158720,7,5196491872
7127,115748415522,6750,115748422272,2,0,0,7168,2,8241030655
7128,115748626098,101344,115748727442,1,0,1,32768,1,8075650842
7129,115748651874,97444,115748749318,6,0,1,19968,6,416646365
7130,115748914501,50995,115748965496,1,0,1,157184,1,7297178812
7131,115748914781,188404,115749103185,4,0,0,82432,4,1449866965
7132,115749062245,41231,115749103476,2,0,0,512,2,6879469511
7133,115749093522,109652,115749203174,1,0,1,29184,1,3721273964
7134,115749298603,1514,115749300117,0,0,1,4096,0,1150851440
7135,115749344961,55744,115749400705,8,0,0,1536,8,6712397590
7136,115749597257,54525,115749651782,4,0,0,92672,4,9234651894
7137,115749663183,276587,115749939770,5,0,0,448512,5,5160508610
7138,115749795293,170093,115749965386,2,0,1,24576,2,2709731905
7139,115749831734,163214,115749994948,4,0,0,198656,4,4946171144
7140,115749839599,146996,115749986595,8,0,0,1536,8,4618046545
7141,115749866339,250405,115750116744,4,0,0,33792,4,3108564245
7142,115749940601,157720,115750098321,0,0,1,3584,0,2835107673
7143,115749977236,175337,115750152573,5,0,0,284672,5,10722339780
7144,115750499880,64672,115750564552,9,0,1,8192,9,3590377714
7145,115750570371,56836,115750627207,0,0,1,7680,0,2387534999
7146,115750879525,168225,115751047750,5,0,0,277504,5,3223615416
7147,115750963164,85047,115751048211,7,0,0,10240,7,10084905284
7148,115751080676,16350,115751097026,9,0,0,31744,9,4397187635
7149,115751150811,32554,115751183365,0,0,1,14336,0,5157453240
7150,115751155850,80368,115751236218,5,0,0,53248,5,10301388747
7151,115751185060,43454,115751228514,2,0,1,11264,2,2045587541
7152,115751208602,23891,115751232493,5,0,0,71168,5,5192339962
7153,115751350769,193514,115751544283,5,0,0,43008,5,8591498358
7154,115751493508,63604,115751557112,6,0,1,9728,6,7529751894
7155,115751505142,50668,115751555810,0,0,1,3072,0,2752471285
7156,115751517346,82458,115751599804,6,0,1,2560,6,284766939
7157,115751531861,73365,115751605226,6,0,1,10240,6,4162985068
7158,115751621152,76048,115751697200,6,0,1,10240,6,7038534
7159,115751765775,1514,115751767289,8,0,0,1536,8,64573890
7160,115751835151,12045,115751847196,4,0,0,19968,4,10373488994
7161,115751835378,49962,115751885340,9,0,1,1024,9,2195349790
7162,115752057824,14541,115752072365,9,0,1,2560,9,9306682922
7163,115752066961,50668,115752117629,7,0,0,28160,7,4319489954
7164,115752174483,51253,115752225736,4,0,0,82944,4,744215803
7165,115752265347,154751,115752420098,7,0,1,2048,7,1890244460
7166,115752383075,64479,115752447554,9,0,0,105472,9,7651698173
7167,115752620028,3894,115752623922,2,0,0,4096,2,1083022951
7168,115752688212,3900,115752692112,2,0,1,512,2,12626271
7169,115752707711,43900,115752751611,5,0,0,10752,5,6251714328
7170,115752789862,12821,115752802683,1,0,1,1536,1,3412413793
7171,115752815674,47284,115752862958,7,0,0,21504,7,3196644021
7172,115752818087,78700,115752896787,9,0,1,10240,9,5844299389
7173,115752960891,103216,115753064107,6,0,1,38912,6,7864567295
7174,115752976682,145738,115753122420,4,0,0,237056,4,9647730813
7175,115753052466,70940,115753123406,8,0,0,1536,8,8467101914
7176,115753153400,42937,115753196337,7,0,0,70144,7,1831755095
7177,115753156835,45813,115753202648,9,0,0,22016,9,7593045588
7178,115753511277,1514,115753512791,8,0,0,1536,8,6621563062
7179,115753572162,80992,115753653154,2,0,1,16384,2,7001054791
7180,115753705297,59128,115753764425,0,0,1,5120,0,3181300081
7181,115753760302,76583,115753836885,7,0,0,129024,7,4079413404
7182,115753787472,156323,115753943795,6,0,1,15872,6,1834959872
7183,115753862537,105150,115753967687,7,0,0,174592,7,3866703878
7184,115753955865,60820,115754016685,8,0,1,22016,8,10543147168
7185,115753975247,57436,115754032683,1,0,1,81920,1,5013260421
7186,115754058217,73710,115754131927,2,0,1,5632,2,3233326611
7187,115754070845,199777,115754270622,0,0,1,2560,0,866151709
7188,115754083333,268254,115754351587,0,0,1,4608,0,10357704296
7189,115754227664,29942,115754257606,7,0,0,24064,7,8702984294
7190,115754371775,88696,115754460471,9,0,1,21504,9,69757478
7191,115754397456,70341,115754467797,6,0,1,4096,6,8235424343
7192,115754462884,91397,115754554281,2,0,1,23552,2,2315537414
7193,115754955533,150647,115755106180,9,0,0,336384,9,215532771
7194,115755000799,205366,115755206165,0,0,1,512,0,7163965909
7195,115755038320,161415,115755199735,0,0,1,1536,0,3926646766
7196,115755112099,115462,115755227561,2,0,1,4608,2,6418790964
7197,115755183064,158793,115755341857,9,0,1,20992,9,3230500293
7198,115755236307,295667,115755531974,1,0,1,51200,1,572332597
7199,115755282527,204841,115755487368,0,0,1,37888,0,5700947194
7200,115755318281,84383,115755402664,6,0,1,9728,6,10325127218
7201,115755407990,68736,115755476726,4,0,0,140800,4,8417743838
7202,115755439395,244154,115755683549,4,0,0,50688,4,5513416192
7203,115755662859,562,115755663421,2,0,1,3584,2,10376091123
7204,115755710965,121491,115755832456,8,0,0,512,8,10400152996
7205,115755905575,13766,115755919341,5,0,0,26624,5,5190286493
7206,115755908071,13536,115755921607,2,0,0,3584,2,1252486518
7207,115756049120,100096,115756149216,0,0,1,28672,0,9672451094
7208,115756091936,59128,115756151064,8,0,1,69120,8,8106683073
7209,115756093667,22687,115756116354,2,0,1,5120,2,6791773573
7210,115756157347,15201,115756172548,4,0,0,37376,4,1325911551
7211,115756166139,5322,115756171461,8,0,0,2048,8,3087907614
7212,115756200262,160912,115756361174,8,0,0,5632,8,6314129446
7213,115756216035,165641,115756381676,5,0,0,272384,5,260494784
7214,115756303563,103932,115756407495,7,0,0,90624,7,7041203646
7215,115756379895,91237,115756471132,5,0,0,147456,5,9755055417
7216,115756385624,86494,115756472118,8,0,0,1536,8,2541166430
7217,115756617468,81112,115756698580,4,0,0,131072,4,10129491712
7218,115756809580,1514,115756811094,2,0,0,1536,2,3253743308
7219,115756889446,562,115756890008,8,0,0,512,8,3789584137
7220,115756940467,1990,115756942457,2,0,0,2048,2,5078137001
7221,115756991680,92968,115757084648,2,0,1,15360,2,7076156127
7222,115757034540,77740,115757112280,6,0,1,10752,6,2681787712
7223,115757043964,105556,115757149520,8,0,1,17408,8,9571687486
7224,115757057722,153630,115757211352,2,0,1,46592,2,8689323345
7225,115757294561,85600,115757380161,1,0,1,16384,1,5998373878
7226,115757513283,1514,115757514797,2,0,0,1536,2,8850538348
7227,115757544109,62929,115757607038,9,0,0,102400,9,4846805980
7228,115758145424,97444,115758242868,0,0,1,19968,0,5499415166
7229,115758155601,98415,115758254016,6,0,1,6144,6,380821142
7230,115758216033,54008,115758270041,0,0,1,42496,0,1214321502
7231,115758217991,163401,115758381392,5,0,0,91648,5,4090795110
7232,115758259102,205770,115758464872,2,0,1,8704,2,2287550351
7233,115758437582,33329,115758470911,5,0,0,54784,5,3285236212
7234,115758457151,150328,115758607479,2,0,1,40448,2,352556826
7235,115758545270,97111,115758642381,0,0,1,7680,0,9180994983
7236,115758706622,124712,115758831334,5,0,0,202752,5,4317998377
7237,115758765411,69183,115758834594,2,0,1,25600,2,1559803167
7238,115758768257,63772,115758832029,5,0,0,20992,5,9311829017
7239,115758775462,184285,115758959747,2,0,1,3072,2,1173703572
7240,115758790040,53837,115758843877,5,0,0,61952,5,1593867195
7241,115758906888,194817,115759101705,5,0,0,88064,5,692392020
7242,115759038385,53914,115759092299,6,0,1,9728,6,548203017
7243,115759087324,130259,115759217583,0,0,1,512,0,9568461560
7244,115759110836,3210,115759114046,9,0,1,6144,9,6424479851
7245,115759165445,62512,115759227957,7,0,0,1024,7,9806086402
7246,115759207615,5708,115759213323,2,0,1,19968,2,8469184371
7247,115759256923,94372,115759351295,2,0,1,17920,2,6198507549
7248,115759271546,56395,115759327941,4,0,0,14336,4,7002896236
7249,115759275312,53737,115759329049,2,0,1,4096,2,5990989568
7250,115759287115,115819,115759402934,2,0,1,1536,2,176389996
7251,115759398539,65896,115759464435,8,0,1,7168,8,7958315972
7252,115759512909,5322,115759518231,2,0,0,5632,2,9233734406
7253,115759633835,50668,115759684503,2,0,1,2560,2,9697109612
7254,115759642741,74087,115759716828,4,0,0,120832,4,6364753597
7255,115759834481,67111,115759901592,6,0,1,2560,6,8846427573
7256,115759888629,75033,115759963662,7,0,0,125952,7,9824279416
7257,115760152145,3894,115760156039,6,0,1,17408,6,435042904
7258,115760205983,87448,115760293431,4,0,0,4096,4,9361108653
7259,115760219208,1038,115760220246,6,0,1,49152,6,6688727735
7260,115760244840,3418,115760248258,2,0,0,1024,2,10084837673
7261,115760268346,562,115760268908,8,0,0,3584,8,8854455872
7262,115760295329,106336,115760401665,8,0,0,512,8,10417481278
7263,115760323352,42937,115760366289,0,0,1,16896,0,6555714650
7264,115760410474,185569,115760596043,0,0,1,22016,0,480923908
7265,115760445946,107598,115760553544,4,0,0,70144,4,5877070839
7266,115760485513,172702,115760658215,6,0,1,81408,6,1715265737
7267,115760492700,71205,115760563905,1,0,1,21504,1,222895757
7268,115760522738,187985,115760710723,0,0,1,1024,0,3642623247
7269,115760590453,185215,115760775668,2,0,1,11264,2,10315048557
7270,115760842863,43900,115760886763,6,0,1,512,6,8372430260
7271,115760854816,174733,115761029549,4,0,0,286720,4,1041156273
7272,115760954970,189243,115761144213,2,0,1,3584,2,3784736729
7273,115761130763,131737,115761262500,4,0,0,212992,4,10393564185
7274,115761155067,107779,115761262846,2,0,0,512,2,155469820
7275,115761222052,51214,115761273266,4,0,0,33280,4,8813418936
7276,115761307545,149486,115761457031,9,0,1,512,9,479709662
7277,115761353006,207950,115761560956,4,0,0,341504,4,6607707062
7278,115761384902,176400,115761561302,4,0,0,512,4,8274707969
7279,115761464568,97400,115761561968,2,0,0,1024,2,9713303841
7280,115761730824,1038,115761731862,2,0,0,1024,2,9881590972
7281,115761770953,64204,115761835157,0,0,1,6656,0,4065060752
7282,115762011025,65896,115762076921,9,0,1,7168,9,2033266798
7283,115762055298,85780,115762141078,8,0,1,22016,8,10663147304
7284,115762178516,49600,115762228116,0,0,1,4096,0,1755782044
7285,115762192193,12304,115762204497,6,0,1,8192,6,1105130543
7286,115762233673,69280,115762302953,9,0,0,20480,9,2482237205
7287,115762338756,1038,115762339794,4,0,0,1024,4,4282868239
7288,115762439847,80402,115762520249,8,0,1,10752,8,3440448769
7289,115762470475,62512,115762532987,9,0,1,6144,9,8565760636
7290,115762608421,50995,115762659416,7,0,0,82432,7,3932297547
7291,115762703064,42420,115762745484,7,0,0,69120,7,5233877625
7292,115762780039,67456,115762847495,0,0,1,12288,0,473545014
7293,115762925945,1038,115762926983,2,0,0,1024,2,225359523
7294,115763064874,98380,115763163254,9,0,1,23040,9,9961066392
7295,115763139856,36083,115763175939,9,0,0,63488,9,9871534325
7296,115763232826,143412,115763376238,7,0,0,232448,7,3146149876
7297,115763494276,57748,115763552024,2,0,1,5632,2,6716271579
7298,115763540032,50668,115763590700,2,0,1,2560,2,5241672045
7299,115763548495,54783,115763603278,5,0,0,93184,5,1747921257
7300,115763628398,5967,115763634365,5,0,0,14848,5,1648451068
7301,115763655391,153839,115763809230,3,0,1,6144,3,21841343
7302,115763751998,124883,115763876881,9,0,0,206336,9,3872507756
7303,115763942451,1990,115763944441,4,0,0,2048,4,5855398152
7304,115763989276,2466,115763991742,4,0,0,2560,4,4144721493
7305,115764109479,101032,115764210511,5,0,1,31744,5,1869346435
7306,115764203548,22429,115764225977,5,0,1,11776,5,9709048503
7307,115764218060,43592,115764261652,5,0,0,36864,5,7547623502
7308,115764220024,80399,115764300423,7,0,0,59904,7,6231572814
7309,115764664420,85158,115764749578,5,0,0,142336,5,9307699825
7310,115764670271,53601,115764723872,8,0,1,43008,8,8126168911
7311,115764692536,1038,115764693574,9,0,1,14848,9,95590454
7312,115764711735,260080,115764971815,5,0,0,50688,5,9720192048
7313,115764834358,295460,115765129818,6,0,1,21504,6,1763545770
7314,115764840951,137936,115764978887,2,0,0,1024,2,1785214114
7315,115765013427,48976,115765062403,3,0,1,2048,3,9626964359
7316,115765080547,53749,115765134296,9,0,0,91136,9,8784622736
7317,115765088003,127853,115765215856,9,0,0,179200,9,9943168927
7318,115765102117,82180,115765184297,9,0,1,14848,9,3856442267
7319,115765136249,142387,115765278636,8,0,1,42496,8,6889956093
7320,115765137542,15854,115765153396,4,0,0,6144,4,8800358537
7321,115765240946,147741,115765388687,5,0,0,20480,5,120353313
7322,115765463026,58060,115765521086,6,0,1,6656,6,7393787924
7323,115765857722,1990,115765859712,6,0,1,512,6,9320417883
7324,115765875187,48192,115765923379,4,0,0,2048,4,4096571710
7325,115766106019,1514,115766107533,6,0,1,6144,6,1724797346
7326,115766120803,1990,115766122793,2,0,0,1536,2,576693899
7327,115766136735,62512,115766199247,2,0,0,2048,2,5618472483
7328,115766167266,36565,115766203831,5,0,0,61952,5,1329153500
7329,115766302852,6225,115766309077,5,0,0,15360,5,2085573229
7330,115766432602,65683,115766498285,9,0,0,111104,9,614240064
7331,115766453232,1514,115766454746,6,0,1,1024,6,4140480029
7332,115766582525,196047,115766778572,5,0,1,15360,5,1982540115
7333,115766604005,73000,115766677005,4,0,0,1536,4,5845493822
7334,115766663375,1038,115766664413,4,0,0,1024,4,7307001176
7335,115766670740,14283,115766685023,6,0,1,31232,6,6781187665
7336,115766672685,117416,115766790101,7,0,0,27648,7,2303730287
7337,115766746238,3641,115766749879,7,0,1,12288,7,3977693290
7338,115766822388,184446,115767006834,5,0,0,10240,5,1569540424
7339,115766926318,6750,115766933068,8,0,1,7168,8,3645599099
7340,115766962375,59752,115767022127,4,0,0,7168,4,8335130049
7341,115767039230,56056,115767095286,6,0,1,5120,6,1808284990
7342,115767423188,2466,115767425654,2,0,0,2560,2,6282310820
7343,115767455381,3383,115767458764,9,0,0,9728,9,9730203758
7344,115767504098,5322,115767509420,2,0,1,18432,2,1119346167
7345,115767530821,89296,115767620117,3,0,1,50176,3,7403611421
7346,115767539127,106648,115767645775,2,0,0,5632,2,5899925588
7347,115767788722,78832,115767867554,5,0,1,19456,5,3047372534
7348,115767791484,64358,115767855842,9,0,1,14336,9,9681128071
7349,115767807685,92680,115767900365,5,0,1,5632,5,7307567856
7350,115767861466,50022,115767911488,9,0,1,1024,9,5413351757
7351,115767868837,70186,115767939023,6,0,1,10752,6,6961032726
7352,115768196177,60376,115768256553,0,0,1,9216,0,5726356662
7353,115768352378,32983,115768385361,9,0,0,57344,9,10337877716
7354,115768359387,28240,115768387627,4,0,0,3584,4,10449518702
7355,115768369392,83084,115768452476,7,0,1,21504,7,10567636103
7356,115768381196,50737,115768431933,5,0,1,33792,5,9264134088
7357,115768416705,139831,115768556536,3,0,1,11776,3,3541476808
7358,115768417945,107921,115768525866,7,0,0,81920,7,4453769812
7359,115768492134,114102,115768606236,8,0,1,3584,8,10075863401
7360,115768532376,185406,115768717782,0,0,1,3584,0,4240278111
7361,115768676183,103528,115768779711,3,0,1,39936,3,9098041646
7362,115768865119,55744,115768920863,3,0,1,4096,3,5558970603
7363,115768972041,54052,115769026093,2,0,1,3584,2,10696739602
7364,115769016611,54052,115769070663,3,0,1,6144,3,5107558519
7365,115769037498,76822,115769114320,2,0,1,3584,2,6452044008
7366,115769255792,41645,115769297437,9,0,0,67584,9,7345978896
7367,115769324307,2466,115769326773,6,0,1,12288,6,8458195814
7368,115769330774,189364,115769520138,5,0,0,2560,5,230778683
7369,115769578712,1514,115769580226,5,0,1,9728,5,3307124892
7370,115769616345,69748,115769686093,2,0,0,1536,2,8804344663
7371,115769694055,82216,115769776271,5,0,1,15360,5,172648121
7372,115769910946,48976,115769959922,6,0,1,2048,6,5435025428
7373,115769957865,54052,115770011917,0,0,1,3584,0,64739563
7374,115769987039,71596,115770058635,9,0,1,10752,9,2181388430
7375,115770060868,98536,115770159404,6,0,1,23552,6,7997412017
7376,115770190069,1514,115770191583,4,0,0,1536,4,4897277980
7377,115770265462,60820,115770326282,9,0,1,5632,9,2422182062
7378,115770325949,4695,115770330644,4,0,0,4608,4,8312259308
7379,115770461052,59128,115770520180,7,0,1,5120,7,4481761618
7380,115770542756,41904,115770584660,5,0,0,68096,5,2687999345
7381,115770587736,106958,115770694694,7,0,0,178176,7,6571278387
7382,115770690688,4992,115770695680,2,0,0,1536,2,1179693396
7383,115770809400,65304,115770874704,7,0,1,1024,7,4318439595
7384,115770892787,1038,115770893825,7,0,1,43008,7,1015611224
7385,115770947531,104464,115771051995,0,0,1,22016,0,8242870449
7386,115770951301,98068,115771049369,2,0,0,1024,2,10387092200
7387,115771008030,30487,115771038517,2,0,1,21504,2,9208677410
7388,115771035981,88696,115771124677,5,0,0,49152,5,559482975
7389,115771075551,22170,115771097721,6,0,1,39936,6,2148596627
7390,115771120184,145766,115771265950,5,0,0,36352,5,5962065854
7391,115771189859,52360,115771242219,9,0,1,24576,9,4263499388
7392,115771204368,148624,115771352992,2,0,1,3072,2,3336380500
7393,115771273946,106147,115771380093,3,0,1,13824,3,3317996431
7394,115771537979,64204,115771602183,5,0,1,6656,5,1518130793
7395,115771545415,58124,115771603539,2,0,1,1024,2,94652781
7396,115771687310,49444,115771736754,9,0,1,3584,9,4839074043
7397,115771813158,79144,115771892302,3,0,1,15360,3,6523810568
7398,115771893388,1990,115771895378,2,0,0,2048,2,6682698659
7399,115771913676,52672,115771966348,7,0,1,4096,7,2825793629
7400,115772040598,146236,115772186834,7,0,0,294400,7,2785042904
7401,115772059221,178609,115772237830,5,0,1,1024,5,9519781699
7402,115772111401,218183,115772329584,2,0,1,29184,2,8491073272
7403,115772201690,88254,115772289944,9,0,1,27136,9,866673603
7404,115772330355,231175,115772561530,6,0,1,512,6,10664574694
7405,115772401198,155516,115772556714,7,0,0,256000,7,862721295
7406,115772407572,88554,115772496126,4,0,1,30208,4,9045082548
7407,115772469786,53476,115772523262,4,0,0,2560,4,10600869335
7408,115772507770,321711,115772829481,2,0,0,4608,2,8699304135
7409,115772546262,76842,115772623104,6,0,1,20992,6,8524561323
7410,115772681091,38665,115772719756,7,0,0,129536,7,7881908706
7411,115772687044,237387,115772924431,7,0,1,13312,7,6965554880
7412,115772689170,99543,115772788713,2,0,1,5120,2,7810195102
7413,115772720574,132105,115772852679,2,0,0,2048,2,8213522390
7414,115772831351,304024,115773135375,9,0,1,6144,9,3978546687
7415,115772999584,76048,115773075632,6,0,1,10240,6,4028734439
7416,115773129507,30745,115773160252,9,0,0,49664,9,3237664334
7417,115773195748,105925,115773301673,7,0,0,176128,7,1647289551
7418,115773413516,82662,115773496178,5,0,0,134144,5,4440921908
7419,115773509471,3124,115773512595,0,0,1,13312,0,9994338215
7420,115773543886,93268,115773637154,2,0,1,47104,2,273138692
7421,115773551442,105712,115773657154,5,0,0,9216,5,4694370845
7422,115773627238,2866,115773630104,6,0,1,18432,6,5821435878
7423,115773674814,84688,115773759502,4,0,0,8704,4,8483123893
7424,115773860209,86200,115773946409,2,0,1,13312,2,6117985313
7425,115773965355,87484,115774052839,7,0,0,146944,7,8650673446
7426,115773969659,89491,115774059150,9,0,0,22016,9,1396143974
7427,115774071903,226368,115774298271,6,0,1,36864,6,3744756001
7428,115774243679,62670,115774306349,7,0,0,101888,7,10709237019
7429,115774249745,174751,115774424496,9,0,1,29184,9,7048545325
7430,115774291760,167782,115774459542,6,0,1,27136,6,2715119124
7431,115774361426,192698,115774554124,7,0,1,28672,7,111273607
7432,115774880223,173787,115775054010,5,0,0,281600,5,2810781049
7433,115774932515,132939,115775065454,5,0,0,38400,5,2477417554
7434,115775015282,1038,115775016320,5,0,1,17408,5,4105741260
7435,115775131509,242735,115775374244,4,0,0,1024,4,9263275535
7436,115775161381,124682,115775286063,0,0,1,25600,0,6891650139
7437,115775410761,21395,115775432156,7,0,0,34816,7,5268186297
7438,115775428806,8176,115775436982,2,0,0,7680,2,9018733586
7439,115775510115,100096,115775610211,5,0,1,28672,5,2786999404
7440,115775688195,54052,115775742247,9,0,1,3584,9,8242386955
7441,115775712362,76516,115775788878,9,0,1,11776,9,789553981
7442,115775821953,65896,115775887849,6,0,1,7168,6,7304907550
7443,115775955791,59596,115776015387,3,0,1,6656,3,1451621622
7444,115776021993,83752,115776105745,6,0,1,15360,6,2753515961
7445,115776283585,562,115776284147,6,0,1,45056,6,5083740202
7446,115776345328,105088,115776450416,2,0,0,512,2,1841599763
7447,115776373385,139756,115776513141,1,0,1,133632,1,6935031462
7448,115776416153,96999,115776513152,7,0,0,120320,7,8137150965
7449,115776453457,59706,115776513163,5,0,0,12800,5,6101520719
7450,115776631989,87892,115776719881,7,0,1,13824,7,3762511556
7451,115776684487,75030,115776759517,0,0,1,512,0,869165565
7452,115776776077,94708,115776870785,0,0,1,26112,0,1356379875
7453,115776904752,6750,115776911502,5,0,0,7168,5,5049839292
7454,115777028046,48976,115777077022,6,0,1,2048,6,3826504001
7455,115777174467,104152,115777278619,0,0,1,41984,0,7236073865
7456,115777321806,80392,115777402198,0,0,1,19456,0,2612707822
7457,115777409436,94396,115777503832,5,0,1,25088,5,6883642953
7458,115777913533,64204,115777977737,8,0,1,6656,8,9140005825
7459,115777941664,80056,115778021720,6,0,1,13312,6,1753733532
7460,115777952283,91136,115778043419,1,0,1,19456,1,5171773380
7461,115778063039,100252,115778163291,7,0,1,29184,7,9832690924
7462,115778098764,64538,115778163302,9,0,0,101376,9,531776239
7463,115778279894,57436,115778337330,8,0,1,4608,8,8733285535
7464,115778346592,5798,115778352390,2,0,0,6144,2,3692361236
7465,115778393331,64738,115778458069,5,0,0,105984,5,7001424612
7466,115778431593,27142,115778458735,2,0,0,1024,2,7338102844
7467,115778551758,65896,115778617654,5,0,1,7168,5,674316495
7468,115778717476,13249,115778730725,5,0,1,82944,5,1111360466
7469,115778733480,73468,115778806948,8,0,1,16896,8,6400020620
7470,115778764227,116632,115778880859,7,0,0,25600,7,1470081310
7471,115778774137,45242,115778819379,8,0,1,22528,8,3146363839
7472,115778789041,78349,115778867390,8,0,1,512,8,6901514116
7473,115778816127,154717,115778970844,7,0,1,9216,7,655259800
7474,115778915487,77740,115778993227,5,0,1,10752,5,5484961924
7475,115778976474,58804,115779035278,1,0,1,53248,1,5420171204
7476,115779020193,121009,115779141202,9,0,1,1536,9,4658224928
7477,115779072056,54052,115779126108,3,0,1,3584,3,7427185854
7478,115779167480,62512,115779229992,7,0,1,6144,7,9738095884
7479,115779203044,43900,115779246944,7,0,1,512,7,6988498600
7480,115779282907,2466,115779285373,2,0,0,2560,2,4752793812
7481,115779445546,1990,115779447536,4,0,0,2048,4,7851063613
7482,115779534310,54052,115779588362,9,0,1,512,9,6791682430
7483,115779538892,84119,115779623011,6,0,1,3584,6,2599272530
7484,115779714597,62824,115779777421,7,0,1,7168,7,101366014
7485,115779860165,562,115779860727,9,0,1,16896,9,10515697375
7486,115779930050,90364,115780020414,2,0,0,512,2,4063800201
7487,115780006737,48976,115780055713,8,0,1,17920,8,6246918269
7488,115780055851,122194,115780178045,7,0,1,2048,7,9201452259
7489,115780060982,53310,115780114292,1,0,1,270336,1,2049463094
7490,115780061298,178151,115780239449,7,0,1,9216,7,8814161651
7491,115780088882,265007,115780353889,0,0,1,16896,0,2506067343
7492,115780128158,83075,115780211233,5,0,0,85504,5,6804230689
7493,115780242925,254286,115780497211,2,0,0,2560,2,288608767
7494,115780271718,119012,115780390730,9,0,0,105984,9,9856839135
7495,115780335117,39596,115780374713,0,0,1,17408,0,6635858651
7496,115780351493,119888,115780471381,5,0,0,9728,5,1867146882
7497,115780416246,195175,115780611421,9,0,1,24064,9,4826150066
7498,115780860377,1514,115780861891,2,0,0,1536,2,7252656013
7499,115780874158,34016,115780908174,7,0,0,59392,7,2656191291
7500,115780931593,15317,115780946910,5,0,0,29696,5,5087717856
7501,115780970205,7226,115780977431,7,0,0,7680,7,9173073793
7502,115780983126,221348,115781204474,9,0,1,56320,9,3166582850
7503,115781091560,105228,115781196788,5,0,1,26112,5,6872468335
7504,115781111563,173172,115781284735,6,0,1,39424,6,4956069493
7505,115781113407,226687,115781340094,3,0,1,6144,3,1250346349
7506,115781385537,137075,115781522612,7,0,0,226816,7,490745028
7507,115781454731,68547,115781523278,2,0,0,1024,2,9801427449
7508,115781572930,63616,115781636546,3,0,1,39424,3,7623237731
7509,115781611848,135006,115781746854,7,0,0,107008,7,1198381246
7510,115781738986,172701,115781911687,7,0,1,14848,7,3530299964
7511,115781858007,69280,115781927287,5,0,1,8192,5,8030952908
7512,115782005930,562,115782006492,4,0,0,512,4,2036690165
7513,115782187692,5322,115782193014,4,0,0,5632,4,3702343118
7514,115782269866,78232,115782348098,9,0,1,17408,9,5868687114
7515,115782316284,129518,115782445802,3,0,1,38400,3,5833531692
7516,115782448582,5798,115782454380,9,0,0,6144,9,6025030849
7517,115782491246,16092,115782507338,0,0,1,3072,0,6288882260
7518,115782516744,52360,115782569104,7,0,0,31232,7,3391100472
7519,115782837925,66458,115782904383,5,0,0,112640,5,1438712262
7520,115782931320,23891,115782955211,5,0,0,43008,5,1692367563
7521,115782953338,47284,115783000622,8,0,1,1536,8,10638174366
7522,115783049405,47284,115783096689,5,0,1,1536,5,5447750328
7523,115783061364,84900,115783146264,9,0,0,141824,9,848672852
7524,115783220027,50668,115783270695,7,0,1,2560,7,4235547150
7525,115783258007,141608,115783399615,8,0,1,47104,8,9486293818
7526,115783290831,120651,115783411482,0,0,1,38912,0,8732706048
7527,115783356390,86536,115783442926,9,0,1,22528,9,3775598323
7528,115783360693,78933,115783439626,0,0,1,19456,0,9352831107
7529,115783383082,117829,115783500911,8,0,1,7680,8,4525406445
7530,115783514630,4933,115783519563,7,0,0,12800,7,6803821805
7531,115783521399,89140,115783610539,5,0,1,17920,5,5235922275
7532,115783576366,208840,115783785206,7,0,1,18432,7,5356160985
7533,115783586208,224309,115783810517,1,0,1,224256,1,2356456699
7534,115783817870,1990,115783819860,4,0,0,2048,4,6011814572
7535,115783887359,23462,115783910821,7,0,0,38912,7,1603828309
7536,115783955596,98114,115784053710,8,0,1,13312,8,5615148764
7537,115784072460,2466,115784074926,1,0,1,114176,1,8780539528
7538,115784138372,126148,115784264520,4,0,0,2560,4,10514806743
7539,115784305406,26217,115784331623,6,0,1,29184,6,8519302618
7540,115784314378,100252,115784414630,5,0,0,47616,5,8234369107
7541,115784477315,138109,115784615424,5,0,0,228864,5,2178818290
7542,115784636061,122449,115784758510,5,0,1,8192,5,6272445158
7543,115785071493,23633,115785095126,7,0,0,42496,7,7390371466
7544,115785162054,64908,115785226962,9,0,0,109568,9,10277379009
7545,115785675688,2942,115785678630,2,0,0,3072,2,2502508233
7546,115785684492,3900,115785688392,5,0,0,10752,5,6917396603
7547,115785712064,4158,115785716222,7,0,0,11264,7,10711826146
7548,115785809938,101620,115785911558,7,0,0,164352,7,4435713956
7549,115785937051,44141,115785981192,5,0,0,75776,5,7080654013
7550,115786059223,1514,115786060737,1,0,1,274944,1,8175603832
7551,115786081928,33846,115786115774,8,0,1,11776,8,4508121709
7552,115786139396,186249,115786325645,4,0,0,1536,4,8513458437
7553,115786155648,1038,115786156686,7,0,0,55808,7,2510396895
7554,115786210267,102934,115786313201,8,0,1,1024,8,6150083427
7555,115786217848,338372,115786556220,2,0,1,5120,2,4625166684
7556,115786230749,175593,115786406342,9,0,1,28672,9,6191543087
7557,115786304836,190065,115786494901,2,0,0,1024,2,9083578004
7558,115786535965,24666,115786560631,9,0,0,44544,9,5960383841
7559,115786599286,56368,115786655654,8,0,1,6144,8,2859531611
7560,115786654374,3738,115786658112,4,0,0,2560,4,2942537675
7561,115786655898,44477,115786700375,6,0,1,512,6,8778007924
7562,115786816137,48976,115786865113,2,0,1,2048,2,934143458
7563,115786822060,114485,115786936545,1,0,1,74240,1,826917859
7564,115786822565,124695,115786947260,0,0,1,10240,0,8302311709
7565,115787093528,45592,115787139120,9,0,1,1024,9,3758182794
7566,115787183763,562,115787184325,4,0,0,512,4,423843037
7567,115787184804,65296,115787250100,5,0,1,10240,5,6908234806
7568,115787225588,47284,115787272872,0,0,1,24064,0,3894118114
7569,115787238649,23462,115787262111,2,0,1,1536,2,1748287662
7570,115787266473,94084,115787360557,7,0,0,38912,7,2348981515
7571,115787283345,99934,115787383279,6,0,1,8704,6,2681078851
7572,115787351849,43900,115787395749,8,0,1,512,8,6730521990
7573,115787469728,10495,115787480223,3,0,1,11776,3,981613123
7574,115787495508,5798,115787501306,7,0,0,16896,7,3456454184
7575,115787532528,81124,115787613652,2,0,0,6144,2,4274036350
7576,115787548423,150100,115787698523,6,0,1,4608,6,428559694
7577,115787791273,3894,115787795167,4,0,0,4096,4,9297013304
7578,115787956456,6274,115787962730,7,0,0,6656,7,2795849333
7579,115787996251,41387,115788037638,9,0,0,67072,9,1328265989
7580,115788213146,80548,115788293694,7,0,1,9216,7,2181499142
7581,115788229746,116912,115788346658,6,0,1,19968,6,9753722122
7582,115788414013,49288,115788463301,7,0,1,3072,7,3519327197
7583,115788498840,1038,115788499878,7,0,1,1024,7,10671400828
7584,115788512853,45592,115788558445,6,0,1,3584,6,429543657
7585,115788515954,54052,115788570006,2,0,0,1024,2,6323514091
7586,115788570204,6750,115788576954,4,0,0,7168,4,1897761370
7587,115788694102,2466,115788696568,8,0,1,2048,8,5745730096
7588,115788704578,60240,115788764818,4,0,0,2560,4,5514848809
7589,115788742811,84844,115788827655,9,0,1,18944,9,9431886596
7590,115788828202,1990,115788830192,2,0,0,2048,2,8982339713
7591,115788863696,79432,115788943128,7,0,1,11264,7,1083825504
7592,115788997787,54364,115789052151,8,0,1,4608,8,10069414228
7593,115789385107,84124,115789469231,9,0,0,140288,9,6739008631
7594,115789464564,11787,115789476351,5,0,1,21504,5,578711735
7595,115789465561,162059,115789627620,5,0,0,19456,5,10439342264
7596,115789513128,66200,115789579328,7,0,1,59904,7,10676525710
7597,115789561048,220907,115789781955,9,0,0,112128,9,10373834705
7598,115789736523,100564,115789837087,3,0,1,30208,3,4602369105
7599,115789802000,148234,115789950234,9,0,0,245248,9,9699844000
7600,115789869605,80975,115789950580,2,0,0,512,2,5732973557
7601,115789936100,195615,115790131715,2,0,1,4096,2,8905409584
7602,115790219366,94528,115790313894,3,0,1,20480,3,4195630144
7603,115790370832,193003,115790563835,9,0,0,312320,9,10310917518
7604,115790374546,204289,115790578835,8,0,1,2560,8,4314612718
7605,115790423948,201535,115790625483,7,0,0,204800,7,7771232771
7606,115790425482,264525,115790690007,5,0,1,28672,5,5232734531
7607,115790444622,258420,115790703042,5,0,0,256512,5,7236788122
7608,115790468470,61714,115790530184,5,0,1,4096,5,7797785270
7609,115790484193,286917,115790771110,5,0,1,10240,5,6734497876
7610,115790521005,115428,115790636433,2,0,1,5120,2,9283636268
7611,115790614578,421149,115791035727,0,0,1,59904,0,3824031933
7612,115790642865,417226,115791060091,7,0,1,28672,7,205594220
7613,115790644234,34016,115790678250,2,0,0,4608,2,9911847904
7614,115790715809,290327,115791006136,3,0,1,17408,3,3283572030
7615,115790756069,454000,115791210069,9,0,1,9728,9,8843744870
7616,115790909781,436483,115791346264,9,0,0,59392,9,850728681
7617,115791299800,78052,115791377852,7,0,1,11776,7,539446654
7618,115791395955,52360,115791448315,3,0,1,3072,3,5892248066
7619,115791404916,79432,115791484348,0,0,1,11264,0,8859637534
7620,115791424456,88917,115791513373,5,0,1,13824,5,4777815806
7621,115791527007,6274,115791533281,7,0,0,6656,7,3876208419
7622,115791684056,123496,115791807552,7,0,1,105472,7,6638785421
7623,115791721468,97092,115791818560,5,0,0,162304,5,6425935002
7624,115791769418,116321,115791885739,9,0,1,22016,9,5812297646
7625,115791769927,162138,115791932065,1,0,1,67072,1,8569583910
7626,115791856947,3418,115791860365,1,0,1,10240,1,3159619318
7627,115791879174,192750,115792071924,1,0,1,350208,1,8823900434
7628,115791993755,376748,115792370503,2,0,0,3584,2,7230085129
7629,115792022654,235999,115792258653,9,0,0,386048,9,4572053295
7630,115792128239,237102,115792365341,8,0,1,11776,8,6839653385
7631,115792254658,62512,115792317170,2,0,1,14336,2,10092545582
7632,115792261386,184466,115792445852,6,0,1,18944,6,6557605051
7633,115792314844,80464,115792395308,3,0,1,6144,3,2960251365
7634,115792382107,86200,115792468307,9,0,1,10752,9,1950642527
7635,115792384591,224620,115792609211,3,0,1,13312,3,9925746434
7636,115792386367,130846,115792517213,2,0,1,13312,2,7483324940
7637,115792410880,141852,115792552732,6,0,1,25088,6,9687237767
7638,115792562295,24238,115792586533,7,0,0,40448,7,7321830935
7639,115792587934,1514,115792589448,9,0,1,56832,9,337324150
7640,115792625043,108676,115792733719,7,0,0,1536,7,1668335161
7641,115792780252,45592,115792825844,3,0,1,1024,3,2053512362
7642,115793019795,50668,115793070463,6,0,1,2560,6,8120436534
7643,115793442363,25442,115793467805,7,0,0,46080,7,8825332724
7644,115793461120,115533,115793576653,5,0,0,191488,5,409068445
7645,115793490565,92949,115793583514,3,0,1,4096,3,5280402705
7646,115793656492,86537,115793743029,3,0,1,512,3,5762849596
7647,115793819134,112576,115793931710,1,0,1,69632,1,6651455023
7648,115793937276,97092,115794034368,7,0,0,162304,7,6618429023
7649,115793978739,140176,115794118915,9,0,1,5632,9,7947603145
7650,115794032677,153073,115794185750,7,0,1,38400,7,4391636814
7651,115794358196,96088,115794454284,5,0,1,25600,5,3837596321
7652,115794455007,2466,115794457473,4,0,0,2560,4,8830257491
7653,115794474240,103946,115794578186,9,0,0,168960,9,3881919243
7654,115794502978,162496,115794665474,0,0,1,10240,0,9863457877
7655,115794533603,154741,115794688344,5,0,0,254464,5,6901157769
7656,115794622719,123494,115794746213,0,0,1,8704,0,7249666443
7657,115794684812,76785,115794761597,5,0,1,13824,5,3268085910
7658,115794727451,72537,115794799988,2,0,1,2048,2,8209165713
7659,115794802535,240044,115795042579,6,0,1,27136,6,4783477493
7660,115794833118,196620,115795029738,7,0,0,117760,7,6903266520
7661,115794939823,125488,115795065311,7,0,0,204288,7,10383720769
7662,115794945649,280932,115795226581,7,0,1,3072,7,8820094222
7663,115794957749,293979,115795251728,1,0,1,188928,1,463833861
7664,115795172751,95800,115795268551,5,0,0,159744,5,9727389451
7665,115795189577,28825,115795218402,9,0,1,1024,9,9723949390
7666,115795189895,114163,115795304058,8,0,1,5120,8,3048677881
7667,115795190757,138133,115795328890,9,0,1,21504,9,4018241318
7668,115795240187,169911,115795410098,5,0,0,10240,5,4735497756
7669,115795451030,101344,115795552374,8,0,1,32768,8,3142520627
7670,115795595730,170704,115795766434,1,0,1,149504,1,4386021288
7671,115795605244,163697,115795768941,7,0,1,8192,7,9700038437
7672,115795659913,3894,115795663807,7,0,1,20992,7,9546100956
7673,115795773911,124881,115795898792,2,0,0,4096,2,10366772019
7674,115795786364,2942,115795789306,7,0,1,32256,7,10714168678
7675,115795810054,101188,115795911242,4,0,0,3072,4,9227466888
7676,115795841387,46488,115795887875,2,0,1,1024,2,6594846968
7677,115796089223,40612,115796129835,9,0,0,65536,9,8555624389
7678,115796283589,43900,115796327489,2,0,1,512,2,8584768639
7679,115796354281,1990,115796356271,2,0,0,2048,2,5112774068
7680,115796364941,71464,115796436405,6,0,1,15360,6,8484814508
7681,115796491147,56850,115796547997,9,0,0,97280,9,1520027998
7682,115796494516,207050,115796701566,1,0,1,235520,1,4326137921
7683,115796498125,367641,115796865766,1,0,1,419840,1,3257007712
7684,115796576477,230069,115796806546,7,0,1,1536,7,9459170778
7685,115796634283,160181,115796794464,0,0,1,7168,0,3367846967
7686,115796764291,576373,115797340664,7,0,1,8704,7,2626932488
7687,115796912637,161880,115797074517,9,0,0,103424,9,9312552475
7688,115796948760,203470,115797152230,7,0,1,10752,7,538888619
7689,115797323889,6750,115797330639,4,0,0,7168,4,3790898346
7690,115797397925,1990,115797399915,2,0,1,8704,2,1193216743
7691,115797400433,70972,115797471405,4,0,0,2048,4,4078507085
7692,115797409877,86200,115797496077,3,0,1,13312,3,3445361349
7693,115797447365,67588,115797514953,0,0,1,7680,0,3581113263
7694,115797549190,562,115797549752,4,0,0,512,4,10228320478
7695,115797681476,5322,115797686798,8,0,0,5632,8,4865739979
7696,115797721618,65896,115797787514,8,0,1,7168,8,1479642673
7697,115797735416,195268,115797930684,1,0,1,179712,1,9980685256
7698,115797788360,172495,115797960855,5,0,0,279040,5,964396837
7699,115797884089,3124,115797887213,1,0,1,65536,1,9880323671
7700,115797891246,46208,115797937454,5,0,1,44032,5,1305956535
7701,115797984402,271986,115798256388,5,0,0,9216,5,147906396
7702,115798031197,133536,115798164733,3,0,1,19456,3,5400151265
7703,115798068555,320059,115798388614,5,0,0,79872,5,7637021875
7704,115798074418,137522,115798211940,0,0,1,2048,0,1170401992
7705,115798306629,64984,115798371613,9,0,1,9216,9,4051148305
7706,115798430805,3894,115798434699,1,0,1,55296,1,3665832501
7707,115798509175,108208,115798617383,2,0,0,4096,2,2607724732
7708,115798559584,23204,115798582788,7,0,0,38400,7,6581971508
7709,115798724147,70060,115798794207,2,0,1,10752,2,7065147117
7710,115798824952,13249,115798838201,7,0,0,25600,7,7062703195
7711,115798851408,63962,115798915370,0,0,1,512,0,9426856037
7712,115798859614,113141,115798972755,9,0,0,104448,9,6595941699
7713,115798938219,62380,115799000599,7,0,1,10240,7,4652918850
7714,115798980852,169572,115799150424,6,0,1,10752,6,5768534644
7715,115799006580,175635,115799182215,1,0,1,93184,1,4334350805
7716,115799112332,71240,115799183572,7,0,1,3072,7,8765598077
7717,115799170741,185062,115799355803,1,0,1,143872,1,2639870687
7718,115799311818,47284,115799359102,2,0,1,1536,2,7557110301
7719,115799330702,145313,115799476015,1,0,1,94720,1,9316911121
7720,115799541200,106648,115799647848,1,0,1,50176,1,5261113565
7721,115799658212,2466,115799660678,4,0,0,2560,4,3710493837
7722,115799807229,122404,115799929633,1,0,1,101888,1,7458726794
7723,115799944340,1514,115799945854,8,0,1,8704,8,1005505818
7724,115799975769,2866,115799978635,6,0,1,34304,6,7997749695
7725,115799984260,61756,115800046016,5,0,0,1536,5,2412050241
7726,115799996993,12821,115800009814,4,0,0,8704,4,2120429194
7727,115800021516,101812,115800123328,5,0,0,21504,5,8623351998
7728,115800062616,58844,115800121460,2,0,1,4608,2,4108451056
7729,115800076213,74204,115800150417,9,0,1,14848,9,2567089198
7730,115800138993,105238,115800244231,9,0,0,171520,9,7277601130
7731,115800280469,94569,115800375038,6,0,1,9216,6,287899220
7732,115800400834,47284,115800448118,6,0,1,1536,6,4506268586
7733,115800430668,42420,115800473088,5,0,0,69120,5,2817099287
7734,115800445405,76432,115800521837,6,0,1,10752,6,7434961624
7735,115800464448,97777,115800562225,5,0,1,6144,5,6339120521
7736,115800530986,85288,115800616274,7,0,1,15360,7,3049517478
7737,115800978863,1038,115800979901,9,0,0,1024,9,1175012412
7738,115801005246,2866,115801008112,2,0,0,8704,2,3067162736
7739,115801185880,5322,115801191202,4,0,0,5632,4,4129947797
7740,115801237839,62412,115801300251,9,0,0,101376,9,10512680395
7741,115801305549,43883,115801349432,7,0,0,75264,7,9376627571
7742,115801621230,1038,115801622268,4,0,0,1024,4,6418118146
7743,115801631388,86380,115801717768,5,0,1,18944,5,4816537349
7744,115801731360,108208,115801839568,2,0,1,55296,2,10736874567
7745,115801959384,49444,115802008828,9,0,1,3584,9,768681980
7746,115802015570,6484,115802022054,9,0,0,15872,9,7181332289
7747,115802125637,6484,115802132121,1,0,1,58368,1,5993097650
7748,115802126149,125623,115802251772,9,0,0,15872,9,8188200006
7749,115802142116,156046,115802298162,2,0,1,29696,2,2789275592
7750,115802226809,95814,115802322623,9,0,0,182272,9,5042853926
7751,115802231611,112520,115802344131,5,0,0,207872,5,30093547
7752,115802232229,89231,115802321460,2,0,1,1024,2,4698454264
7753,115802234506,176565,115802411071,6,0,1,18432,6,9508769864
7754,115802243525,169797,115802413322,2,0,0,8192,2,6397569570
7755,115802273687,229471,115802503158,9,0,1,6656,9,1038102005
7756,115802540256,13766,115802554022,5,0,1,14848,5,7891461084
7757,115802582337,41067,115802623404,7,0,0,26624,7,4580891810
7758,115802583535,113956,115802697491,7,0,0,56320,7,9794805275
7759,115802665911,120842,115802786753,6,0,1,17920,6,3082163686
7760,115802736311,85912,115802822223,0,0,1,17408,0,8296558499
7761,115802772200,103033,115802875233,6,0,1,13824,6,10209904278
7762,115802905165,52984,115802958149,7,0,1,5120,7,4071891416
7763,115802949167,100386,115803049553,2,0,1,25600,2,1313332492
7764,115803273370,94216,115803367586,2,0,1,19456,2,1489066424
7765,115803334424,70972,115803405396,2,0,1,8704,2,5749804643
7766,115803359886,55744,115803415630,9,0,1,4096,9,4754864100
7767,115803418995,60688,115803479683,2,0,1,10240,2,1012146166
7768,115803448287,124156,115803572443,2,0,1,25088,2,10671512808
7769,115803565980,87447,115803653427,2,0,1,16384,2,1714354026
7770,115803641746,55744,115803697490,6,0,1,4096,6,7820542085
7771,115803933717,60820,115803994537,2,0,1,5632,2,3601008145
7772,115803947506,113983,115804061489,9,0,0,188416,9,6360385219
7773,115804032728,29107,115804061835,4,0,0,512,4,4408854082
7774,115804105364,161660,115804267024,2,0,1,28160,2,8336659444
7775,115804169316,119565,115804288881,0,0,1,9216,0,5972572171
7776,115804265374,101771,115804367145,6,0,1,11776,6,2860201989
7777,115804425047,45592,115804470639,9,0,1,1024,9,6359067897
7778,115804425185,201196,115804626381,1,0,1,199168,1,6209653020
7779,115804777951,13766,115804791717,2,0,0,26624,2,9671867694
7780,115804802973,86536,115804889509,2,0,1,19456,2,647178195
7781,115805326635,83152,115805409787,9,0,1,18432,9,7003397606
7782,115805440557,98692,115805539249,9,0,1,24064,9,3367953521
7783,115805588821,562,115805589383,4,0,0,512,4,921823944
7784,115805596861,562,115805597423,4,0,0,512,4,4754473211
7785,115805792936,204004,115805996940,1,0,1,208384,1,9761121634
7786,115805982368,100944,115806083312,9,0,1,18944,9,4274255346
7787,115806107871,562,115806108433,4,0,0,512,4,6193400442
7788,115806218336,13249,115806231585,9,0,0,25600,9,4784793760
7789,115806236024,2942,115806238966,9,0,1,18432,9,3971257317
7790,115806301593,87760,115806389353,7,0,0,3072,7,10046190549
7791,115806420654,23462,115806444116,9,0,0,38912,9,2537091128
7792,115806451404,131947,115806583351,7,0,1,27648,7,7055984603
7793,115806507238,145765,115806653003,9,0,1,8704,9,7412526667
7794,115806670849,100564,115806771413,3,0,1,30208,3,5600333289
7795,115806720829,52360,115806773189,2,0,1,3072,2,5350446213
7796,115806985784,103687,115807089471,9,0,0,168448,9,861829966
7797,115807348282,1514,115807349796,4,0,0,1536,4,2512842519
7798,115807358248,1514,115807359762,0,0,1,20992,0,2066770629
7799,115807391279,88540,115807479819,0,0,0,1536,0,3011819834
7800,115807460268,89788,115807550056,5,0,1,25088,5,4392305639
7801,115807566763,5450,115807572213,4,0,0,13824,4,5973795767
7802,115807587194,1514,115807588708,4,0,0,1536,4,5336229159
7803,115807641887,44916,115807686803,5,0,0,77312,5,10287408142
7804,115807713192,63446,115807776638,2,0,0,103424,2,2608353255
7805,115807741228,333832,115808075060,1,0,1,331776,1,5704129916
7806,115807766692,310719,115808077411,7,0,1,7680,7,10640363899
7807,115808058729,119238,115808177967,3,0,1,30208,3,5215051620
7808,115808157863,33587,115808191450,4,0,0,55296,4,4308475963
7809,115808165187,34727,115808199914,2,0,1,3584,2,9128647504
7810,115808174502,114633,115808289135,6,0,1,6144,6,648171306
7811,115808177298,113778,115808291076,2,0,0,59392,2,972576864
7812,115808317307,61508,115808378815,5,0,1,15872,5,6066134523
7813,115808323265,95908,115808419173,3,0,1,5632,3,10213447644
7814,115808323953,124688,115808448641,3,0,1,19968,3,9988396232
7815,115808513476,54676,115808568152,2,0,1,5632,2,1199485276
7816,115808620246,3894,115808624140,2,0,0,4096,2,7073995724
7817,115808676937,60532,115808737469,7,0,1,9728,7,5385329557
7818,115809134913,5450,115809140363,7,0,1,2560,7,7010035498
7819,115809143368,50668,115809194036,4,0,0,13824,4,7880146272
7820,115809313028,98068,115809411096,7,0,1,22016,7,4983108317
7821,115809556071,3418,115809559489,6,0,1,40960,6,8623217702
7822,115809615077,103840,115809718917,1,0,1,214016,1,518653723
7823,115809637180,238022,115809875202,7,0,0,3584,7,4620693689
7824,115809692778,160332,115809853110,2,0,0,210432,2,6235966058
7825,115809729753,173363,115809903116,3,0,1,11776,3,5355092020
7826,115809898132,101578,115809999710,6,0,1,9728,6,5946258995
7827,115809927362,4370,115809931732,7,0,1,23040,7,9296990707
7828,115809986839,159761,115810146600,1,0,1,34304,1,7222114500
7829,115810022008,93562,115810115570,4,0,0,4608,4,5530981332
7830,115810028254,83475,115810111729,1,0,1,310784,1,1138903493
7831,115810032965,14800,115810047765,2,0,0,152064,2,3574426880
7832,115810043398,237690,115810281088,5,0,0,512,5,4169770684
7833,115810128300,128995,115810257295,5,0,0,28672,5,2415006125
7834,115810184852,73312,115810258164,7,0,1,24064,7,5786584897
7835,115810194800,447467,115810642267,7,0,1,1536,7,8530603196
7836,115810304399,281400,115810585799,2,0,0,119296,2,9552629530
7837,115810843603,2466,115810846069,5,0,0,2560,5,9071543358
7838,115810850405,562,115810850967,7,0,0,512,7,3893670869
7839,115811001020,111172,115811112192,1,0,1,65024,1,4767056575
7840,115811069874,42329,115811112203,4,0,0,39936,4,7942909987
7841,115811216062,70972,115811287034,6,0,1,8704,6,5481250304
7842,115811426161,154054,115811580215,4,0,0,249856,4,4419879319
7843,115811530130,51071,115811581201,7,0,0,1536,7,4254352482
7844,115811539320,43827,115811583147,7,0,0,3072,7,1314524782
7845,115811580378,51770,115811632148,9,0,0,83968,9,5848594804
7846,115811691408,43196,115811734604,2,0,0,70656,2,6175800600
7847,115811764882,54613,115811819495,5,0,0,89600,5,3889946257
7848,115812004318,74087,115812078405,2,0,0,120832,2,252677731
7849,115812497399,152762,115812650161,5,0,0,247296,5,10186707551
7850,115812524739,266809,115812791548,6,0,1,8192,6,5410285610
7851,115812663062,168476,115812831538,7,0,1,12288,7,2289138451
7852,115812905832,99004,115813004836,6,0,1,25088,6,10187431125
7853,115813075387,66200,115813141587,2,0,0,112128,2,3877086133
7854,115813105720,118638,115813224358,2,0,0,189952,2,6321367455
7855,115813540282,1038,115813541320,7,0,0,1024,7,9294746128
7856,115813560721,50668,115813611389,7,0,1,2560,7,2409348607
7857,115813621629,76842,115813698471,2,0,0,129536,2,5548739471
7858,115813644028,60754,115813704782,4,0,0,22016,4,9755923760
7859,115813684956,54096,115813739052,2,0,0,88576,2,1659927027
7860,115813693308,16350,115813709658,9,0,1,23040,9,7910580440
7861,115813815853,215690,115814031543,9,0,0,31744,9,3601729668
7862,115813821749,117526,115813939275,7,0,1,15360,7,5543418164
7863,115814052385,98848,115814151233,7,0,1,24576,7,8181986258
7864,115814115666,97624,115814213290,9,0,1,25600,9,864870177
7865,115814268981,77452,115814346433,3,0,1,14848,3,1623306327
7866,115814433635,24925,115814458560,5,0,0,45056,5,3464323751
7867,115814560853,54052,115814614905,9,0,1,3584,9,6519016139
7868,115814570376,247675,115814818051,4,0,0,405504,4,5467277199
7869,115814665323,162188,115814827511,7,0,1,5120,7,9128374229
7870,115814972358,92836,115815065194,9,0,1,19968,9,9200878783
7871,115815081147,59128,115815140275,6,0,1,5120,6,6777165055
7872,115815121779,206916,115815328695,2,0,0,339456,2,5375383673
7873,115815213846,142946,115815356792,5,0,0,132608,5,7447058853
7874,115815223787,156272,115815380059,7,0,1,6144,7,1529067651
7875,115815526467,31003,115815557470,9,0,0,50176,9,9702278460
7876,115815685255,79432,115815764687,9,0,1,11264,9,10529057469
7877,115815750512,14186,115815764698,4,0,0,17408,4,2386175805
7878,115815798249,101812,115815900061,3,0,1,34304,3,392009121
7879,115815894263,80306,115815974569,9,0,0,124928,9,8143389948
7880,115815902722,228324,115816131046,9,0,1,16896,9,8246930713
7881,115815915233,330431,115816245664,2,0,0,336384,2,10545415005
7882,115816197575,307908,115816505483,9,0,0,502784,9,871679495
7883,115816651188,1514,115816652702,7,0,0,1536,7,2074030688
7884,115816721395,5450,115816726845,4,0,0,13824,4,7142974891
7885,115816901718,112003,115817013721,9,0,0,181248,9,1114166920
7886,115817025533,13508,115817039041,6,0,1,3584,6,7981325798
7887,115817052825,156828,115817209653,5,0,0,26112,5,3918800521
7888,115817160524,33241,115817193765,2,0,0,57856,2,8174942653
7889,115817356544,43900,115817400444,6,0,1,512,6,253891216
7890,115817546926,12733,115817559659,2,0,0,24576,2,2533979099
7891,115817592262,2942,115817595204,7,0,0,3072,7,9226966719
7892,115817648657,63446,115817712103,5,0,0,103424,5,3825560409
7893,115817810748,13508,115817824256,9,0,1,7680,9,5311501633
7894,115817834470,67588,115817902058,4,0,0,26112,4,7718127184
7895,115817901781,59128,115817960909,9,0,1,11776,9,8231599167
7896,115817955590,71245,115818026835,6,0,1,5120,6,8450929070
7897,115817975994,66535,115818042529,4,0,0,115200,4,2899826210
7898,115818070134,243498,115818313632,9,0,1,2560,9,8232105935
7899,115818324064,43900,115818367964,9,0,1,512,9,5666036846
7900,115818341491,562,115818342053,7,0,1,20480,7,5301308530
7901,115818372494,91456,115818463950,7,0,0,512,7,1793176373
7902,115818661974,54676,115818716650,6,0,1,5632,6,8394724149
7903,115818730505,562,115818731067,7,0,0,512,7,948048698
7904,115818756202,54052,115818810254,6,0,1,3584,6,7869612191
7905,115818976276,62512,115819038788,6,0,1,6144,6,4133455430
7906,115819410457,61120,115819471577,4,0,0,98816,4,3680405627
7907,115819463042,5708,115819468750,9,0,1,9216,9,6787115915
7908,115819483507,121554,115819605061,2,0,0,14336,2,5920186622
7909,115819538959,90185,115819629144,7,0,1,8704,7,10155345876
7910,115819565226,81904,115819647130,9,0,1,14336,9,2488484456
7911,115819591367,185721,115819777088,2,0,0,301568,2,5423955356
7912,115819657794,127338,115819785132,6,0,1,3072,6,529412355
7913,115819910918,13079,115819923997,2,0,0,22016,2,4388099186
7914,115819944045,43624,115819987669,5,0,0,74752,5,9505905404
7915,115820099620,98224,115820197844,7,0,1,22528,7,5516227356
7916,115820154567,65425,115820219992,9,0,0,110592,9,676781736
7917,115820200464,64650,115820265114,4,0,0,109056,4,6774760734
7918,115820227820,39560,115820267380,5,0,0,3584,5,1390964867
7919,115820264297,25700,115820289997,5,0,0,46592,5,152697504
7920,115820269146,104953,115820374099,5,0,0,159232,5,6988285529
7921,115820295935,104802,115820400737,5,0,0,94720,5,6292893885
7922,115820604264,94079,115820698343,2,0,0,153088,2,6083051887
7923,115820646004,53312,115820699316,7,0,0,12800,7,5568630576
7924,115820793106,76453,115820869559,7,0,1,1536,7,7951986255
7925,115820841785,62929,115820904714,2,0,0,102400,2,1104860344
7926,115821098237,47284,115821145521,7,0,1,1536,7,5396335185
7927,115821327989,3418,115821331407,7,0,0,3584,7,10677545810
7928,115821351079,55744,115821406823,6,0,1,4096,6,2824220139
7929,115821464179,75604,115821539783,7,0,1,13824,7,5429395702
7930,115821523548,184429,115821707977,5,0,0,299008,5,5546677934
7931,115821611304,102574,115821713878,2,0,0,19968,2,10026140261
7932,115821831619,94164,115821925783,7,0,1,21504,7,7369398156
7933,115822031474,5192,115822036666,2,0,0,13312,2,4063126191
7934,115822072224,286712,115822358936,9,0,0,464896,9,3297913343
7935,115822166015,193587,115822359602,2,0,0,1024,2,6092759085
7936,115822209526,170660,115822380186,5,0,0,73728,5,3686692990
7937,115822218701,162151,115822380852,7,0,0,1024,7,8925298432
7938,115822223410,159388,115822382798,7,0,0,3072,7,6631726382
7939,115822406547,32295,115822438842,4,0,0,52736,4,6213399245
7940,115823004530,1038,115823005568,2,0,0,1024,2,4002998966
7941,115823193838,99160,115823292998,6,0,1,25600,6,2673570234
7942,115823616620,562,115823617182,2,0,0,512,2,6226632348
7943,115824078630,1514,115824080144,9,0,1,5632,9,424605713
7944,115824135954,60820,115824196774,2,0,0,1536,2,8566818142
7945,115824483307,2466,115824485773,7,0,1,512,7,4991827513
7946,115824496819,43900,115824540719,7,0,0,2560,7,9723671026
7947,115824529510,4370,115824533880,9,0,1,2048,9,9275035778
7948,115824557284,48976,115824606260,9,0,1,20992,9,9934922725
7949,115824562476,83932,115824646408,2,0,0,4608,2,1161921903
7950,115824578823,102124,115824680947,6,0,1,35328,6,5251409544
7951,115824636754,74511,115824711265,6,0,1,7680,6,10186658456
7952,115824791849,52360,115824844209,6,0,1,3072,6,4077411944
7953,115824808443,96664,115824905107,9,0,1,17408,9,10399407642
7954,115824998425,562,115824998987,9,0,1,1536,9,8622959154
7955,115825034444,47284,115825081728,7,0,0,512,7,10348978237
7956,115825055761,63874,115825119635,4,0,0,107520,4,6061012504
7957,115825095462,88172,115825183634,5,0,1,1024,5,4738681998
7958,115825239793,107217,115825347010,9,0,0,178688,9,8665201779
7959,115825310111,143247,115825453358,5,0,1,12288,5,4433632861
7960,115825324922,179599,115825504521,9,0,1,30720,9,5608011204
7961,115825470233,43900,115825514133,9,0,1,512,9,156558204
7962,115825520007,10753,115825530760,9,0,1,3072,9,8334653149
7963,115825522202,52360,115825574562,4,0,0,17408,4,8910682147
7964,115825631969,54525,115825686494,5,0,0,92672,5,4740256346
7965,115825753046,57436,115825810482,6,0,1,4608,6,262943523
7966,115825918197,47596,115825965793,9,0,1,2560,9,3059439901
7967,115826003058,71620,115826074678,9,0,1,15872,9,1341043184
7968,115826058314,1990,115826060304,5,0,1,4608,5,5416262489
7969,115826101894,51292,115826153186,2,0,0,2048,2,8190521905
7970,115826143799,50668,115826194467,3,0,1,2560,3,10243827630
7971,115826159145,67234,115826226379,5,0,0,114176,5,2809326738
7972,115826267315,4675,115826271990,5,0,0,12288,5,8864425195
7973,115826684896,34791,115826719687,9,0,0,60928,9,2071356348
7974,115826704227,16126,115826720353,2,0,0,1024,2,8266783497
7975,115826725672,50668,115826776340,3,0,1,11264,3,9945598759
7976,115826759253,186773,115826946026,5,0,1,2560,5,9141817486
7977,115826804404,124625,115826929029,3,0,1,10240,3,592755436
7978,115827087932,125229,115827213161,9,0,0,203776,9,4551421534
7979,115827105566,248148,115827353714,4,0,0,329728,4,9910953398
7980,115827165204,121163,115827286367,9,0,1,7168,9,1659088460
7981,115827235137,321105,115827556242,7,0,0,4096,7,7348143710
7982,115827406550,147134,115827553684,7,0,1,9216,7,3336503316
7983,115827427729,147458,115827575187,4,0,0,243712,4,7339645589
7984,115827513965,167722,115827681687,9,0,0,637952,9,8080974981
7985,115827560992,268190,115827829182,7,0,0,158720,7,8136720522
7986,115827578076,391500,115827969576,5,0,0,65024,5,3077457059
7987,115827636724,390811,115828027535,8,0,1,2048,8,4926906466
7988,115827637264,208041,115827845305,8,0,1,2560,8,9125155808
7989,115827651663,390714,115828042377,9,0,0,80896,9,4767638184
7990,115827707830,339144,115828046974,3,0,1,1024,3,1672077272
7991,115827760178,292258,115828052436,7,0,1,512,7,6231363851
7992,115827844078,275822,115828119900,5,0,0,421376,5,1573074780
7993,115827975201,171942,115828147143,9,0,1,1024,9,378308818
7994,115828070519,294710,115828365229,8,0,1,8192,8,10548858119
7995,115828366401,186408,115828552809,4,0,0,306176,4,334915184
7996,115828380831,140599,115828521430,5,0,1,7680,5,4972688659
7997,115828453989,299261,115828753250,3,0,1,11776,3,2921562807
7998,115828598907,192567,115828791474,8,0,1,3584,8,3297885022
7999,115828722498,97624,115828820122,3,0,1,25600,3,7299433738
8000,115828978015,68368,115829046383,3,0,1,10240,3,5954524591
8001,115829203536,60820,115829264356,7,0,1,5632,7,9317819007
8002,115829286184,54832,115829341016,3,0,1,6144,3,1978788313
8003,115829338355,47284,115829385639,3,0,1,1536,3,7109735040
8004,115829405566,83954,115829489520,4,0,0,136704,4,10298185250
8005,115829427204,184500,115829611704,9,0,0,266752,9,6102432272
8006,115829641895,112067,115829753962,3,0,1,3584,3,4184756901
8007,115829783025,102904,115829885929,7,0,1,37888,7,10178940104
8008,115829887254,204162,115830091416,4,0,0,330752,4,5518538
8009,115830121837,6750,115830128587,2,0,0,7168,2,5353364963
8010,115830206579,2942,115830209521,2,0,0,3072,2,1267362934
8011,115830251540,75033,115830326573,5,0,0,125952,5,5401074705
8012,115830414287,173270,115830587557,5,0,0,280576,5,7646673646
8013,115830832024,132770,115830964794,4,0,0,215040,4,3285708643
8014,115830887329,110560,115830997889,5,0,1,3072,5,6706496152
8015,115830930777,94596,115831025373,9,0,0,154112,9,3258254913
8016,115831003404,27870,115831031274,5,0,0,19968,5,4119022267
8017,115831122012,133029,115831255041,9,0,0,215552,9,3657659449
8018,115831145555,120930,115831266485,9,0,0,46592,9,6511354739
8019,115831350683,4370,115831355053,5,0,0,4608,5,5847323396
8020,115831416476,45433,115831461909,4,0,0,78336,4,2404455490
8021,115831459148,99160,115831558308,9,0,1,25600,9,4634921308
8022,115831490143,134579,115831624722,7,0,0,218624,7,7644527991
8023,115831555167,96296,115831651463,5,0,0,87040,5,393769740
8024,115831574605,113660,115831688265,9,0,0,118784,9,2319262636
8025,115831755748,144962,115831900710,7,0,0,235520,7,8690353015
8026,115831764877,34275,115831799152,7,0,1,20480,7,955275587
8027,115831898196,234637,115832132833,7,0,0,59904,7,580513347
8028,115832023218,42937,115832066155,9,0,0,70144,9,5740763445
8029,115832277661,217300,115832494961,9,0,0,356352,9,6806619976
8030,115832311894,225616,115832537510,9,0,0,138240,9,10059124617
8031,115832538206,121421,115832659627,3,0,1,9728,3,4208116640
8032,115832712402,71331,115832783733,7,0,1,4096,7,1935310773
8033,115832825632,102436,115832928068,3,0,1,36352,3,5395974843
8034,115832926158,56256,115832982414,4,0,0,89088,4,324396149
8035,115832936284,75561,115833011845,7,0,0,96768,7,2806309205
8036,115832963992,23891,115832987883,5,0,1,22528,5,126217277
8037,115833045391,320886,115833366277,4,0,0,43008,4,9475067396
8038,115833614560,60820,115833675380,3,0,1,5632,3,3970499456
8039,115833920016,1990,115833922006,2,0,0,2048,2,4645063955
8040,115834111370,1990,115834113360,9,0,1,6144,9,8293857758
8041,115834118588,63861,115834182449,2,0,0,2048,2,285048878
8042,115834133029,79432,115834212461,7,0,1,11264,7,9039268099
8043,115834198524,57737,115834256261,9,0,1,1536,9,2419784698
8044,115834266721,83179,115834349900,4,0,0,135168,4,5438868758
8045,115834549768,43883,115834593651,9,0,0,75264,9,6919531483
8046,115834582344,94337,115834676681,5,0,0,153600,5,56599881
8047,115834708906,5450,115834714356,5,0,0,13824,5,6016694692
8048,115834764263,98536,115834862799,9,0,1,23552,9,2706095163
8049,115834883567,1990,115834885557,2,0,0,2048,2,9924218564
8050,115835215277,23116,115835238393,9,0,0,41472,9,4367361655
8051,115835222729,129599,115835352328,5,0,0,205312,5,6093506047
8052,115835945969,135096,115836081065,9,0,0,219648,9,3486347418
8053,115835958727,108680,115836067407,5,0,0,262144,5,8061566302
8054,115836013180,216327,115836229507,7,0,1,38912,7,1782836019
8055,115836039960,103969,115836143929,7,0,1,4096,7,8929505668
8056,115836133766,283902,115836417668,3,0,1,12800,3,6201601633
8057,115836214880,480370,115836695250,5,0,1,6656,5,3125795007
8058,115836423491,50995,115836474486,7,0,1,15872,7,1735784743
8059,115836447545,85444,115836532989,7,0,0,82432,7,6095756946
8060,115836507136,137057,115836644193,5,0,0,223232,5,10452344953
8061,115836790435,15575,115836806010,9,0,0,30208,9,3641620670
8062,115836808263,177833,115836986096,7,0,0,292864,7,3362048412
8063,115837003299,70987,115837074286,9,0,0,114688,9,290587814
8064,115837016293,1990,115837018283,8,0,1,14848,8,1203716241
8065,115837116979,161121,115837278100,9,0,0,2048,9,4432175855
8066,115837218517,2466,115837220983,2,0,0,2560,2,1105876451
8067,115837442046,52984,115837495030,5,0,1,5120,5,5761982298
8068,115837728410,100720,115837829130,7,0,1,30720,7,1185743354
8069,115837763251,134381,115837897632,3,0,1,22528,3,8515561202
8070,115837980746,24238,115838004984,4,0,0,40448,4,10303977249
8071,115838014953,91753,115838106706,4,0,0,148480,4,896062911
8072,115838900184,50668,115838950852,3,0,1,2560,3,9365318029
8073,115839095043,23462,115839118505,5,0,0,38912,5,2101704985
8074,115839133502,76048,115839209550,3,0,1,10240,3,5410292935
8075,115839136771,92056,115839228827,4,0,1,17408,4,9000508671
8076,115839372457,22170,115839394627,5,0,0,36352,5,10585067124
8077,115839421024,3641,115839424665,9,0,0,10240,9,2225056677
8078,115839604029,144358,115839748387,4,0,0,237568,4,2133378834
8079,115839614060,279222,115839893282,9,0,1,22016,9,2140457088
8080,115839915372,97132,115840012504,9,0,1,18944,9,8624169404
8081,115839996620,51512,115840048132,4,0,0,83456,4,2061646466
8082,115840038905,62154,115840101059,5,0,0,100864,5,4522150568
8083,115840058654,31805,115840090459,3,0,1,34304,3,10316982673
8084,115840074439,136573,115840211012,5,0,0,16384,5,5534434401
8085,115840111946,89740,115840201686,7,0,1,14848,7,2559855491
8086,115840156536,95562,115840252098,7,0,1,6656,7,8821514741
8087,115840452765,562,115840453327,2,0,0,512,2,9505632740
8088,115840603294,103687,115840706981,4,0,0,168448,4,1697346791
8089,115840728399,146562,115840874961,9,0,1,2048,9,4630524004
8090,115841035543,224735,115841260278,4,0,0,598528,4,1238245660
8091,115841038061,274388,115841312449,9,0,0,162816,9,2005631429
8092,115841087397,367366,115841454763,9,0,1,14848,9,3252716636
8093,115841090496,412530,115841503026,7,0,1,512,7,446990770
8094,115841139982,262934,115841402916,3,0,1,8192,3,7886863291
8095,115841198999,101288,115841300287,5,0,0,46080,5,5494095104
8096,115841253535,224156,115841477691,7,0,0,58880,7,4917363655
8097,115841366995,415238,115841782233,7,0,1,1024,7,4207359217
8098,115841629144,13766,115841642910,9,0,1,17920,9,1248534726
8099,115841675447,138054,115841813501,5,0,0,26624,5,6708233075
8100,115841836891,562,115841837453,2,0,0,512,2,3712326251
8101,115841848584,215749,115842064333,5,0,0,353280,5,8771851789
8102,115842370795,142378,115842513173,4,0,0,230400,4,7660194815
8103,115842372213,70737,115842442950,9,0,1,1024,9,9855911145
8104,115842444382,22932,115842467314,2,0,0,3072,2,5351683969
8105,115842497013,562,115842497575,2,0,0,7680,2,8403161815
8106,115842521568,165431,115842686999,2,0,0,512,2,9145326827
8107,115842602437,46467,115842648904,5,0,0,80384,5,7900414663
8108,115842666554,562,115842667116,2,0,0,512,2,5576864155
8109,115842734979,5322,115842740301,2,0,0,5632,2,7192393227
8110,115842752678,5798,115842758476,4,0,1,73216,4,7996932360
8111,115842760398,143926,115842904324,2,0,0,6144,2,6572375808
8112,115842768200,349458,115843117658,7,0,1,6144,7,4061422104
8113,115842894877,53749,115842948626,1,0,1,1016320,1,4209569059
8114,115843132186,45450,115843177636,4,0,0,91136,4,3643035483
8115,115843161888,6750,115843168638,4,0,0,77824,4,6700306491
8116,115843199393,767797,115843967190,8,0,1,3584,8,10466886156
8117,115843228742,464384,115843693126,3,0,1,20480,3,10549811048
8118,115843303043,345563,115843648606,5,0,0,7168,5,7983638356
8119,115843318225,441345,115843759570,7,0,0,176640,7,2978026850
8120,115843450829,242591,115843693420,4,0,0,41984,4,2186344882
8121,115843459424,154993,115843614417,8,0,1,43520,8,523040069
8122,115843466177,99015,115843565192,7,0,1,12800,7,2828422365
8123,115843538773,201736,115843740509,2,0,0,512,2,5482332492
8124,115843540749,362548,115843903297,8,0,1,11264,8,5409760317
8125,115843595417,359706,115843955123,2,0,0,1024,2,8102897277
8126,115843940462,102592,115844043054,7,0,1,36864,7,7033357819
8127,115844231474,12821,115844244295,7,0,0,21504,7,5035448605
8128,115844363433,129424,115844492857,4,0,1,124928,4,3376190888
8129,115844499619,93991,115844593610,7,0,0,156160,7,3000148010
8130,115844564638,23721,115844588359,7,0,1,6656,7,4817344749
8131,115844606511,97822,115844704333,7,0,0,39424,7,5439514464
8132,115844650335,33758,115844684093,9,0,0,58880,9,9706489128
8133,115844845308,104374,115844949682,5,0,0,173056,5,2272572804
8134,115844851706,134573,115844986279,9,0,0,117760,9,5705264224
8135,115844971648,84471,115845056119,5,0,0,137728,5,4743467014
8136,115845241102,44488,115845285590,4,0,0,73216,4,10254414699
8137,115845266018,24078,115845290096,7,0,0,7168,7,2037678247
8138,115845324493,103060,115845427553,7,0,1,38400,7,2641066300
8139,115845378382,88087,115845466469,8,0,1,2560,8,3493728036
8140,115845436821,65654,115845502475,8,0,1,8704,8,5722575669
8141,115845761157,1514,115845762671,9,0,0,1536,9,9051202010
8142,115846028207,562,115846028769,2,0,0,512,2,5430300366
8143,115846037284,117600,115846154884,5,0,0,195584,5,52149232
8144,115846125570,29660,115846155230,2,0,0,512,2,6879120527
8145,115846217719,164866,115846382585,9,0,0,270848,9,615724282
8146,115846261757,293131,115846554888,5,0,1,85504,5,6362080206
8147,115846341662,213393,115846555055,4,0,1,512,4,7509634153
8148,115846879204,11270,115846890474,9,0,0,18432,9,2095755643
8149,115846985854,36342,115847022196,7,0,0,64000,7,9010374169
8150,115847097310,5798,115847103108,2,0,0,6144,2,2273801812
8151,115847132918,60820,115847193738,3,0,1,5632,3,4872401345
8152,115847136080,100876,115847236956,7,0,1,31232,7,2639960138
8153,115847336984,1514,115847338498,2,0,0,1536,2,10697940504
8154,115847347837,1514,115847349351,5,0,1,512,5,7006131203
8155,115847399669,138492,115847538161,2,0,0,1536,2,4856950256
8156,115847422028,73912,115847495940,3,0,1,13312,3,6242506933
8157,115847454372,5708,115847460080,7,0,1,18432,7,10060268915
8158,115847496657,90832,115847587489,2,0,1,6144,2,4030307936
8159,115847532636,62512,115847595148,5,0,0,14336,5,9334478373
8160,115847692798,20362,115847713160,5,0,0,32768,5,4810876571
8161,115847767671,6274,115847773945,9,0,0,6656,9,4372428931
8162,115847839957,44916,115847884873,9,0,0,77312,9,2698299500
8163,115848041211,145221,115848186432,9,0,0,236032,9,3338767935
8164,115848194826,30745,115848225571,7,0,1,20992,7,3113648123
8165,115848323807,187424,115848511231,4,0,0,49664,4,9953341059
8166,115848423977,10753,115848434730,9,0,0,17408,9,7608548077
8167,115848577925,60820,115848638745,2,0,1,5632,2,7465166015
8168,115848892609,57436,115848950045,3,0,1,4608,3,6444046817
8169,115848957005,48976,115849005981,7,0,1,2048,7,3728123404
8170,115849186054,32554,115849218608,4,0,0,53248,4,6051718937
8171,115849210768,52029,115849262797,4,0,0,84480,4,10412578761
8172,115849228744,39852,115849268596,4,0,0,27648,4,7222089789
8173,115849396593,42679,115849439272,5,0,0,69632,5,2571772213
8174,115849619326,94766,115849714092,5,0,0,157696,5,9646543654
8175,115849938671,91744,115850030415,8,0,1,16384,8,5973885153
8176,115850019729,134749,115850154478,9,0,0,222208,9,2980901637
8177,115850046042,42838,115850088880,7,0,1,38912,7,1716975217
8178,115850104825,79257,115850184082,3,0,1,1024,3,8805487571
8179,115850114226,77740,115850191966,2,0,0,4096,2,1062647451
8180,115850247960,294128,115850542088,3,0,1,10752,3,6067675422
8181,115850280700,153137,115850433837,4,0,1,112128,4,4960770489
8182,115850506519,83866,115850590385,4,0,0,139776,4,9315306939
8183,115850614268,77743,115850692011,4,0,1,248832,4,8035985789
8184,115850712611,322534,115851035145,8,0,1,5120,8,550767988
8185,115850767177,178157,115850945334,2,0,1,22528,2,8239698085
8186,115850861518,109310,115850970828,3,0,1,56832,3,5954781317
8187,115850880181,183952,115851064133,8,0,1,4096,8,5996439899
8188,115850967679,113037,115851080716,5,0,0,183296,5,595267960
8189,115851023975,99741,115851123716,8,0,1,2560,8,193075251
8190,115851037891,171799,115851209690,2,0,1,51712,2,8033331241
8191,115851096764,108959,115851205723,2,0,1,10752,2,1586215579
8192,115851177741,195857,115851373598,0,0,1,8704,0,1827400165
8193,115851360114,43454,115851403568,4,0,0,71168,4,8814625518
8194,115851371673,284078,115851655751,4,0,1,108544,4,7285550533
8195,115851540684,97027,115851637711,4,0,1,402944,4,443394223
8196,115851683127,372533,115852055660,8,0,1,1024,8,6058515632
8197,115851976438,69436,115852045874,0,0,1,8704,0,5928011837
8198,115852354060,62512,115852416572,8,0,1,6144,8,6465940081
8199,115852364562,100408,115852464970,0,0,1,29696,0,10097801782
8200,115852488079,6750,115852494829,2,0,0,7168,2,8609584543
8201,115852509939,49132,115852559071,8,0,1,2560,8,2015033598
8202,115852538680,205108,115852743788,4,0,0,335872,4,4497000810
8203,115852552358,207700,115852760058,4,0,0,61440,4,5381277067
8204,115852576301,171711,115852748012,0,0,1,9728,0,4969562249
8205,115852600679,267705,115852868384,8,0,1,3072,8,142402330
8206,115852767368,148884,115852916252,4,0,1,109568,4,314952647
8207,115852788526,11419,115852799945,2,0,1,34816,2,2455882050
8208,115852932208,4416,115852936624,4,0,0,15360,4,2107314559
8209,115852963064,305757,115853268821,9,0,0,11776,9,6012574018
8210,115853083561,60820,115853144381,3,0,1,5632,3,3915955462
8211,115853229244,99160,115853328404,7,0,1,25600,7,9269295612
8212,115853257329,50668,115853307997,2,0,1,10752,2,674277189
8213,115853301242,140963,115853442205,8,0,1,2560,8,83597526
8214,115853398429,43900,115853442329,2,0,1,26624,2,3687870517
8215,115853407404,43624,115853451028,8,0,1,512,8,5254053307
8216,115853414000,99472,115853513472,2,0,1,7168,2,1540730728
8217,115853438908,86096,115853525004,7,0,0,74752,7,2451642339
8218,115853520502,58141,115853578643,2,0,1,1024,2,3367727843
8219,115853582609,62512,115853645121,0,0,1,6144,0,8814699773
8220,115853776423,78052,115853854475,7,0,1,11776,7,8697378554
8221,115853851722,77359,115853929081,0,0,1,31232,0,5748419592
8222,115853862336,103621,115853965957,9,0,0,130560,9,4053450863
8223,115854313323,72664,115854385987,8,0,1,9216,8,8640825258
8224,115854358488,346170,115854704658,5,0,0,560640,5,5160178228
8225,115854416300,324648,115854740948,7,0,0,116224,7,4216284298
8226,115854650094,111642,115854761736,4,0,0,74752,4,991391399
8227,115854821612,14800,115854836412,4,0,0,28672,4,2736977515
8228,115854870718,2942,115854873660,2,0,0,3072,2,4591685393
8229,115854923820,104928,115855028748,8,0,1,9216,8,2788463670
8230,115854941731,216870,115855158601,7,0,1,8704,7,236242845
8231,115855259864,52029,115855311893,4,0,0,84480,4,5633532818
8232,115855293913,18953,115855312866,7,0,0,12800,7,6836966568
8233,115855357253,13249,115855370502,0,0,1,512,0,6934193888
8234,115855376468,171285,115855547753,9,0,0,25600,9,6129344733
8235,115855459431,81293,115855540724,8,0,1,4096,8,2166311482
8236,115855692582,142637,115855835219,7,0,0,230912,7,1935673063
8237,115855705961,158142,115855864103,5,0,0,244736,5,1984559198
8238,115855742054,205018,115855947072,0,0,1,2048,0,1849350630
8239,115855855001,82923,115855937924,9,0,0,88064,9,135643811
8240,115856286653,89944,115856376597,2,0,1,25600,2,10576315171
8241,115856418675,69748,115856488423,7,0,1,9728,7,6321635981
8242,115856521933,85416,115856607349,7,0,0,142848,7,7025050509
8243,115856623959,98848,115856722807,7,0,1,587776,7,2056374857
8244,115856701661,10351,115856712012,0,0,1,24576,0,148396060
8245,115856770034,4370,115856774404,0,0,1,23552,0,185972847
8246,115856796117,601767,115857397884,5,0,0,14848,5,8322558069
8247,115856870660,389881,115857260541,7,0,1,114176,7,10348825812
8248,115856884085,214906,115857098991,2,0,0,4608,2,3839546105
8249,115856889185,115382,115857004567,7,0,1,906240,7,2883296870
8250,115857029928,634672,115857664600,3,0,1,38912,3,8690404468
8251,115857048536,932263,115857980799,2,0,0,3072,2,10062282816
8252,115857161371,450663,115857612034,9,0,0,29696,9,3565830781
8253,115857320347,411604,115857731951,8,0,1,3584,8,1562393726
8254,115857400904,833517,115858234421,4,0,1,98816,4,6852783256
8255,115857439974,544217,115857984191,2,0,0,261120,2,5043254522
8256,115857498028,368575,115857866603,0,0,1,6656,0,4225883033
8257,115857627575,97979,115857725554,8,0,1,512,8,4938096785
8258,115857661472,315529,115857977001,7,0,0,201216,7,9693899635
8259,115857818216,329077,115858147293,8,0,1,4096,8,1938502108
8260,115857857080,143889,115858000969,7,0,0,33280,7,9349393432
8261,115857911728,120809,115858032537,7,0,0,175616,7,2213436794
8262,115857916216,141339,115858057555,3,0,1,3584,3,10189329987
8263,115858031008,154054,115858185062,5,0,0,249856,5,1439995703
8264,115858037440,163789,115858201229,4,0,0,52736,4,8192745682
8265,115858043508,208156,115858251664,3,0,1,33792,3,839308487
8266,115858157512,80509,115858238021,8,0,1,1024,8,1364917169
8267,115858216971,205741,115858422712,0,0,1,8192,0,4803405921
8268,115858320519,427737,115858748256,2,0,1,2560,2,8729720602
8269,115858361311,163404,115858524715,9,0,0,264704,9,5835349959
8270,115858469928,85803,115858555731,7,0,1,164352,7,3024853517
8271,115858488622,236735,115858725357,2,0,1,512,2,7692966943
8272,115858542936,309585,115858852521,6,0,1,7168,6,8180306061
8273,115859151795,102395,115859254190,5,0,0,165888,5,5957214090
8274,115859182996,11012,115859194008,8,0,1,10240,8,7502542606
8275,115859278117,137232,115859415349,2,0,0,17920,2,5662258640
8276,115859832106,70972,115859903078,6,0,1,8704,6,4651819775
8277,115860099684,77740,115860177424,0,0,1,10752,0,8226656961
8278,115860192909,264395,115860457304,2,0,0,428032,2,7979824341
8279,115860426131,72795,115860498926,5,0,0,118272,5,5912873365
8280,115860796197,7702,115860803899,4,0,1,21504,4,2507095881
8281,115860830380,82552,115860912932,5,0,0,8192,5,3634419403
8282,115861049117,86536,115861135653,0,0,1,19456,0,3224782930
8283,115861108513,100252,115861208765,3,0,1,29184,3,8004214032
8284,115861351689,6225,115861357914,5,0,0,15360,5,5177757007
8285,115861462840,71458,115861534298,6,0,1,5120,6,7616661082
8286,115861508470,55300,115861563770,7,0,0,94208,7,992589885
8287,115861605631,96542,115861702173,2,0,1,42496,2,9944136764
8288,115861681771,185649,115861867420,6,0,1,14848,6,7671743983
8289,115861748892,42399,115861791291,2,0,0,60928,2,6109919758
8290,115861776754,35308,115861812062,4,0,1,48640,4,5811884427
8291,115861823482,208616,115862032098,9,0,0,61952,9,1256066189
8292,115861961027,48976,115862010003,3,0,1,2048,3,110852579
8293,115862277478,41128,115862318606,4,0,0,66560,4,7470540660
8294,115862281350,42543,115862323893,5,0,0,25088,5,32675934
8295,115862285625,49610,115862335235,9,0,0,37888,9,7574499981
8296,115862313095,118977,115862432072,5,0,1,7680,5,1004606905
8297,115862634035,4370,115862638405,5,0,0,4608,5,2553781468
8298,115862782788,100720,115862883508,5,0,1,30720,5,3311053160
8299,115862985056,98404,115863083460,8,0,1,28160,8,7919870334
8300,115862988921,41128,115863030049,7,0,1,144384,7,1235206805
8301,115863063284,216309,115863279593,9,0,0,66560,9,4795492534
8302,115863283116,209308,115863492424,1,0,1,225792,1,6985330237
8303,115863358215,139532,115863497747,5,0,1,17408,5,6104744799
8304,115863488720,104572,115863593292,2,0,1,31232,2,1653092266
8305,115863538007,56388,115863594395,5,0,1,3584,5,9958558467
8306,115863710828,60820,115863771648,5,0,1,5632,5,9781681634
8307,115863748043,86450,115863834493,2,0,0,144896,2,1690368412
8308,115863886458,165212,115864051670,9,0,0,268288,9,3967304236
8309,115863898329,255434,115864153763,2,0,0,301056,2,109826643
8310,115863935730,204809,115864140539,7,0,1,100352,7,3561254274
8311,115863950030,24103,115863974133,5,0,0,13312,5,8671886156
8312,115864053929,253442,115864307371,6,0,1,13312,6,683189358
8313,115864133962,238558,115864372520,7,0,0,5120,7,1797049145
8314,115864468811,71464,115864540275,2,0,1,15360,2,5188291536
8315,115864635147,2942,115864638089,9,0,0,3072,9,6947687106
8316,115864676239,203848,115864880087,7,0,1,207872,7,8566402311
8317,115864868918,133482,115865002400,8,0,1,46080,8,3777299524
8318,115864872541,155094,115865027635,6,0,1,28160,6,12262773
8319,115865031962,112888,115865144850,4,0,1,70656,4,7188647017
8320,115865032265,168601,115865200866,1,0,1,93184,1,8029605414
8321,115865055397,267408,115865322805,4,0,0,437248,4,8646657537
8322,115865123327,65203,115865188530,3,0,1,39424,3,4750463020
8323,115865257961,309533,115865567494,4,0,0,9728,4,7712000291
8324,115865264088,130245,115865394333,5,0,0,497152,5,1195987719
8325,115865293532,306704,115865600236,5,0,0,38400,5,7159540445
8326,115865391974,288704,115865680678,2,0,1,12800,2,5626771276
8327,115865419969,167759,115865587728,5,0,0,17920,5,2358444253
8328,115865426445,43712,115865470157,2,0,1,12800,2,3441617451
8329,115865655548,372303,115866027851,7,0,0,71680,7,2061240903
8330,115865733970,174437,115865908407,6,0,1,41472,6,3120644962
8331,115865833359,264654,115866098013,2,0,0,428544,2,862286290
8332,115865919098,184612,115866103710,4,0,0,27136,4,5561338810
8333,115866002502,107007,115866109509,5,0,0,27648,5,9764502362
8334,115866005350,104723,115866110073,5,0,0,10752,5,8193149372
8335,115866022245,139312,115866161557,9,0,0,172544,9,3433755324
8336,115866051952,137201,115866189153,7,0,1,60928,7,10010653969
8337,115866129008,309501,115866438509,4,0,0,415744,4,3764459549
8338,115866184510,256337,115866440847,3,0,1,1024,3,345182342
8339,115866223526,213201,115866436727,7,0,0,163840,7,6526505300
8340,115866417215,82145,115866499360,3,0,1,8704,3,2590093519
8341,115866426130,221273,115866647403,2,0,1,3072,2,4090505774
8342,115866493895,243958,115866737853,3,0,1,32768,3,3909582535
8343,115866496367,164655,115866661022,9,0,0,133120,9,9436783307
8344,115866502026,293542,115866795568,2,0,0,423424,2,9470001256
8345,115866532394,3900,115866536294,8,0,1,31744,8,8535744751
8346,115866537078,317102,115866854180,5,0,1,6656,5,5174670682
8347,115866617877,372488,115866990365,8,0,1,6144,8,3359274577
8348,115866809103,275728,115867084831,4,0,0,10752,4,2597733228
8349,115866847240,105925,115866953165,2,0,0,176128,2,2196182194
8350,115866933315,50668,115866983983,4,0,1,149504,4,7801603295
8351,115867103031,334614,115867437645,7,0,1,142848,7,9155447005
8352,115867142298,287970,115867430268,5,0,1,2560,5,4215397689
8353,115867229911,174986,115867404897,5,0,1,27136,5,5943792856
8354,115867476522,14283,115867490805,9,0,0,27648,9,5963672494
8355,115867495110,96637,115867591747,2,0,1,4096,2,4061337343
8356,115867539571,97890,115867637461,2,0,1,16896,2,954108947
8357,115867565997,95752,115867661749,6,0,1,20992,6,2760544047
8358,115867770957,85156,115867856113,6,0,1,19968,6,4172292934
8359,115867816007,98692,115867914699,2,0,1,24064,2,2643955738
8360,115867841741,374737,115868216478,5,0,0,606208,5,1067842102
8361,115868045842,304965,115868350807,9,0,0,430080,9,4326807476
8362,115868047568,381630,115868429198,7,0,1,38400,7,8796223382
8363,115868052073,382765,115868434838,5,0,0,265728,5,10311437768
8364,115868088047,187971,115868276018,2,0,0,120320,2,1380053095
8365,115868139705,472226,115868611931,4,0,1,66048,4,8087453079
8366,115868289562,49038,115868338600,9,0,0,32256,9,303702498
8367,115868470767,474245,115868945012,4,0,0,69120,4,6809301054
8368,115868523075,110660,115868633735,3,0,1,5632,3,2776304719
8369,115868566767,189196,115868755963,7,0,1,47616,7,4720572142
8370,115868612335,230138,115868842473,5,0,1,76288,5,2200801301
8371,115868666607,240714,115868907321,6,0,1,32256,6,5878297315
8372,115868825334,82154,115868907488,2,0,1,512,2,9435210061
8373,115868892756,11529,115868904285,3,0,1,35328,3,5170798193
8374,115868992992,153250,115869146242,2,0,1,2048,2,119396721
8375,115869008274,78886,115869087160,9,0,0,18944,9,9245841793
8376,115869070293,124722,115869195015,6,0,1,58880,6,2622350685
8377,115869124386,175508,115869299894,4,0,0,288256,4,1768151209
8378,115869223778,78062,115869301840,4,0,0,3072,4,6613183890
8379,115869417080,46725,115869463805,7,0,0,80896,7,1723133708
8380,115869443892,108988,115869552880,7,0,1,57856,7,3051819118
8381,115869478996,215321,115869694317,7,0,0,349184,7,9819593369
8382,115869532597,305302,115869837899,2,0,1,9728,2,4903755998
8383,115869724021,148054,115869872075,3,0,1,26112,3,5776021438
8384,115869801418,166957,115869968375,7,0,1,42496,7,6136176364
8385,115869901973,72020,115869973993,2,0,0,116736,2,3696589537
8386,115870072797,41387,115870114184,5,0,0,67072,5,8601302486
8387,115870089909,25700,115870115609,7,0,1,109568,7,4508850226
8388,115870169810,272981,115870442791,7,0,1,3072,7,8467877417
8389,115870221242,194027,115870415269,2,0,1,46592,2,7858224301
8390,115870254708,156802,115870411510,4,0,1,100864,4,3547989736
8391,115870270157,94972,115870365129,4,0,0,46592,4,5334299311
8392,115870357063,237135,115870594198,4,0,0,123904,4,5713029087
8393,115870380970,167179,115870548149,8,0,1,17408,8,679364373
8394,115870554434,4933,115870559367,9,0,0,12800,9,556443554
8395,115870609269,71762,115870681031,5,0,0,116224,5,7914754625
8396,115870695406,10753,115870706159,0,0,1,17920,0,8535938593
8397,115870873169,209782,115871082951,2,0,0,17408,2,3743043696
8398,115870955934,269217,115871225151,4,0,0,440832,4,3600397716
8399,115871085509,187017,115871272526,7,0,0,153088,7,9934838950
8400,115871136307,146390,115871282697,2,0,1,512,2,10635893050
8401,115871147631,54096,115871201727,7,0,1,84992,7,3415020495
8402,115871284288,177591,115871461879,0,0,1,24576,0,1369988173
8403,115871298203,362562,115871660765,2,0,0,88576,2,7217845838
8404,115871480607,79963,115871560570,3,0,1,4096,3,10040895872
8405,115871563577,97350,115871660927,2,0,0,162816,2,5215803197
8406,115871617085,42420,115871659505,2,0,1,36864,2,2584162871
8407,115871698160,333396,115872031556,2,0,0,69120,2,4339154271
8408,115871782852,92529,115871875381,1,0,1,326656,1,8876384519
8409,115871862497,82835,115871945332,0,0,1,12800,0,10196831955
8410,115871866199,199968,115872066167,6,0,1,2048,6,8995227012
8411,115871875418,445537,115872320955,4,0,1,370176,4,10032533787
8412,115871889475,369811,115872259286,2,0,0,150016,2,2238484860
8413,115871900449,497081,115872397530,5,0,0,14336,5,5614002792
8414,115872000832,283657,115872284489,4,0,1,167936,4,8492181718
8415,115872054605,324172,115872378777,8,0,1,20480,8,1453970570
8416,115872088861,130032,115872218893,4,0,0,352256,4,356316010
8417,115872174664,60850,115872235514,2,0,1,53248,2,9923952751
8418,115872261266,473094,115872734360,5,0,0,20992,5,5559086289
8419,115872346194,315497,115872661691,7,0,0,35840,7,2591471192
8420,115872416118,74054,115872490172,5,0,0,72192,5,3151203139
8421,115872643273,58060,115872701333,7,0,1,130560,7,10196283944
8422,115872675529,103496,115872779025,6,0,1,6656,6,13759964
8423,115872680089,279660,115872959749,6,0,1,26624,6,419133671
8424,115872719872,355262,115873075134,7,0,0,574976,7,6723478329
8425,115872760090,61378,115872821468,4,0,1,136192,4,1579434447
8426,115873152155,565886,115873718041,5,0,0,99328,5,4603259963
8427,115873239476,34533,115873274009,8,0,1,26112,8,6324470183
8428,115873435827,244287,115873680114,7,0,0,60416,7,3119919760
8429,115873505230,50737,115873555967,5,0,0,81920,5,911911078
8430,115873547691,90676,115873638367,5,0,1,17920,5,10222937972
8431,115873563415,120292,115873683707,2,0,1,41472,2,8780538886
8432,115873652857,55744,115873708601,2,0,1,4096,2,8661767550
8433,115873747453,81628,115873829081,5,0,0,132096,5,663132858
8434,115873779554,162756,115873942310,6,0,1,45056,6,7711629023
8435,115873941021,100285,115874041306,6,0,1,25088,6,560932623
8436,115873945361,104633,115874049994,9,0,0,173568,9,7258469532
8437,115874221018,72064,115874293082,0,0,1,12288,0,8528920597
8438,115874282754,101344,115874384098,3,0,1,32768,3,8489044086
8439,115874290371,102942,115874393313,4,0,1,30208,4,2775720642
8440,115874321072,73483,115874394555,7,0,0,122880,7,89594319
8441,115874425591,21137,115874446728,5,0,0,34304,5,2801878994
8442,115874445227,205362,115874650589,4,0,1,188416,4,7407345092
8443,115874541266,114638,115874655904,5,0,1,17408,5,6511936407
8444,115874654964,35982,115874690946,4,0,0,61440,4,1471559858
8445,115874664840,28052,115874692892,1,0,0,3072,1,4942001626
8446,115874816933,82816,115874899749,6,0,1,12288,6,8799620768
8447,115874843948,57109,115874901057,5,0,0,97792,5,10308664543
8448,115874878090,34104,115874912194,9,0,1,54272,9,1944364094
8449,115875024074,84820,115875108894,2,0,1,13824,2,9874427875
8450,115875049959,253071,115875303030,4,0,0,56320,4,4966876007
8451,115875132633,121850,115875254483,3,0,1,13824,3,8237990362
8452,115875143509,177335,115875320844,5,0,1,64000,5,4520591093
8453,115875225565,21266,115875246831,0,0,1,24064,0,436781244
8454,115875299589,107944,115875407533,1,0,0,5120,1,3006137894
8455,115875309022,86985,115875396007,5,0,1,17408,5,2460955951
8456,115875333237,119098,115875452335,6,0,1,40960,6,2212219967
8457,115875490204,211336,115875701540,4,0,1,232448,4,8952403190
8458,115875582154,76933,115875659087,0,0,1,28672,0,9298481719
8459,115875624618,185907,115875810525,5,0,0,66560,5,7461350871
8460,115875930638,31779,115875962417,4,0,0,51712,4,8371002403
8461,115876033096,1514,115876034610,4,0,1,202752,4,623319493
8462,115876092937,202288,115876295225,1,0,0,1536,1,5425864197
8463,115876132837,102558,115876235395,2,0,0,103424,2,8599005608
8464,115876213026,31520,115876244546,5,0,1,2048,5,7500053034
8465,115876238058,4675,115876242733,6,0,0,51200,6,2607711509
8466,115876301304,118819,115876420123,7,0,0,12288,7,8229570198
8467,115876669035,4158,115876673193,1,0,0,11264,1,9855316279
8468,115876723356,93148,115876816504,2,0,1,20992,2,7906265984
8469,115876920792,73288,115876994080,3,0,1,11264,3,3291908731
8470,115877052549,23979,115877076528,3,0,1,2048,3,8160291791
8471,115877056595,48976,115877105571,9,0,0,39936,9,2393088103
8472,115877175228,25700,115877200928,5,0,0,46592,5,9906620129
8473,115877283322,66717,115877350039,6,0,0,113152,6,10227412411
8474,115877308817,97944,115877406761,5,0,1,16896,5,10687760696
8475,115877313275,173784,115877487059,6,0,1,512,6,9808240091
8476,115877473484,244920,115877718404,6,0,0,396800,6,5324076424
8477,115877555129,87234,115877642363,0,0,1,1024,0,8371568446
8478,115877647747,78502,115877726249,9,0,0,62976,9,7257429534
8479,115877653519,213374,115877866893,6,0,1,512,6,1485673432
8480,115877657145,156291,115877813436,1,0,0,1024,1,3544840693
8481,115877675345,4370,115877679715,2,0,1,38400,2,7064355711
8482,115877682531,109324,115877791855,6,0,0,257536,6,4988605641
8483,115877853258,109576,115877962834,0,0,1,20992,0,4342513661
8484,115877853485,338311,115878191796,2,0,1,1536,2,5259602152
8485,115877915158,391005,115878306163,1,0,0,4608,1,6830513103
8486,115878031918,47284,115878079202,8,0,1,1536,8,10471694304
8487,115878137025,53491,115878190516,5,0,0,90624,5,9885192315
8488,115878168253,135669,115878303922,8,0,1,19968,8,3722633970
8489,115878271109,80570,115878351679,2,0,1,20480,2,3723536360
8490,115878297880,16079,115878313959,0,0,1,15360,0,3236790995
8491,115878362382,164539,115878526921,4,0,0,24064,4,7616967263
8492,115878393767,75808,115878469575,8,0,1,5632,8,3215731828
8493,115878483037,183216,115878666253,4,0,0,127488,4,7106496011
8494,115878498928,72346,115878571274,4,0,0,348672,4,9242858480
8495,115878515929,238081,115878754010,3,0,1,1536,3,8993287705
8496,115878680906,199390,115878880296,5,0,1,36864,5,7710252014
8497,115878976268,266204,115879242472,9,0,0,431616,9,9550776246
8498,115879124597,120141,115879244738,2,0,0,3584,2,1093203426
8499,115879135338,521777,115879657115,4,0,1,420352,4,733939312
8500,115879637210,164876,115879802086,4,0,1,113664,4,7430624891
8501,115879676094,133179,115879809273,6,0,1,23552,6,3666524240
8502,115880124657,55300,115880179957,9,0,0,94208,9,3732337202
8503,115880219100,55817,115880274917,5,0,0,95232,5,4013557725
8504,115880256384,65896,115880322280,9,0,1,7168,9,3602768741
8505,115880396238,562,115880396800,1,0,0,512,1,4898616681
8506,115880411731,275932,115880687663,4,0,1,283136,4,1581557912
8507,115880590677,108557,115880699234,5,0,1,37888,5,7010085125
8508,115880617254,176188,115880793442,2,0,0,156672,2,9510876059
8509,115880663301,210660,115880873961,9,0,0,298496,9,5464779022
8510,115880689918,267798,115880957716,9,0,1,6656,9,6296145361
8511,115880789288,199759,115880989047,6,0,0,187392,6,9424749828
8512,115880812548,181825,115880994373,7,0,0,128512,7,4187942457
8513,115880833353,213608,115881046961,2,0,1,17408,2,1770580177
8514,115880840633,202202,115881042835,7,0,0,63488,7,6311930911
8515,115880864264,235905,115881100169,4,0,0,184320,4,7207275951
8516,115880949819,35825,115880985644,2,0,1,27136,2,6218656475
8517,115881153850,36600,115881190450,5,0,0,62976,5,2323360814
8518,115881154953,310718,115881465671,6,0,1,10240,6,4102696262
8519,115881207189,51512,115881258701,9,0,0,64512,9,2415036115
8520,115881249645,265019,115881514664,5,0,0,83456,5,8991064654
8521,115881369268,84729,115881453997,5,0,0,138240,5,1111217735
8522,115881408887,93657,115881502544,6,0,1,9216,6,5547588017
8523,115881431310,154774,115881586084,0,0,1,1536,0,7036752947
8524,115881507767,85416,115881593183,5,0,0,142848,5,2510154386
8525,115881520754,101911,115881622665,0,0,1,10752,0,891013977
8526,115881523350,106934,115881630284,5,0,0,112640,5,1901100268
8527,115881569865,212566,115881782431,9,0,1,5120,9,9551676368
8528,115881721804,11527,115881733331,7,0,0,16896,7,3788465662
8529,115881754007,189613,115881943620,4,0,1,53760,4,6542267595
8530,115881841401,116451,115881957852,2,0,1,9728,2,2381175277
8531,115882083883,87136,115882171019,5,0,1,16384,5,2025673317
8532,115882147179,101812,115882248991,3,0,1,34304,3,9902898087
8533,115882198057,156126,115882354183,1,0,1,79872,1,6644616576
8534,115882223557,287229,115882510786,5,0,0,465920,5,8019080532
8535,115882236899,276628,115882513527,5,0,1,2048,5,8600047109
8536,115882286187,66821,115882353008,2,0,1,52736,2,9604288188
8537,115882447511,102395,115882549906,9,0,0,5632,9,3471825181
8538,115882479333,361759,115882841092,2,0,0,165888,2,4048631481
8539,115882603057,64133,115882667190,4,0,1,20992,4,6736465083
8540,115882646605,21978,115882668583,4,0,1,49152,4,8070852853
8541,115882684592,222657,115882907249,5,0,1,9728,5,8717489481
8542,115882744115,277541,115883021656,7,0,0,108032,7,7117471629
8543,115882786936,206312,115882993248,1,0,0,1024,1,4708055895
8544,115882887760,63187,115882950947,5,0,0,102912,5,5084392931
8545,115882958515,79346,115883037861,5,0,0,300544,5,7540366837
8546,115883047567,185204,115883232771,4,0,1,1536,4,3279030260
8547,115883118536,208325,115883326861,6,0,1,10752,6,6479036259
8548,115883305060,52360,115883357420,0,0,1,3072,0,5753084256
8549,115883387494,63962,115883451456,7,0,0,104448,7,10489731998
8550,115883458763,112520,115883571283,7,0,0,182272,7,10544818252
8551,115883484772,75042,115883559814,9,0,1,20992,9,8073876717
8552,115883517439,167588,115883685027,7,0,0,76800,7,8669828079
8553,115883559448,3383,115883562831,2,0,1,53760,2,9560150434
8554,115883684688,163451,115883848139,7,0,0,9728,7,119369544
8555,115883888624,23204,115883911828,4,0,0,38400,4,4186738344
8556,115883998192,48976,115884047168,0,0,1,27136,0,9816049467
8557,115884025875,99628,115884125503,0,0,1,2048,0,4376977633
8558,115884102969,267238,115884370207,6,0,0,433664,6,943636591
8559,115884168933,57053,115884225986,2,0,1,49664,2,9138405218
8560,115884236506,214369,115884450875,8,0,1,7680,8,112157873
8561,115884240405,35567,115884275972,2,0,1,32256,2,9608998503
8562,115884316700,371895,115884688595,4,0,0,5632,4,6594553704
8563,115884485270,349582,115884834852,5,0,0,62464,5,220535516
8564,115884491515,147996,115884639511,0,0,1,13312,0,2458643584
8565,115884608359,63760,115884672119,2,0,1,10240,2,4175454546
8566,115884612029,204937,115884816966,4,0,0,332288,4,5899617515
8567,115884644441,178938,115884823379,4,0,0,22528,4,3606948534
8568,115884704226,92473,115884796699,0,0,1,12800,0,1613069798
8569,115884731777,125281,115884857058,2,0,0,12288,2,1444785467
8570,115884804918,53749,115884858667,7,0,0,91136,7,4904551663
8571,115884856394,2942,115884859336,4,0,1,407552,4,8550166942
8572,115884893118,1514,115884894632,1,0,0,3072,1,3684457070
8573,115884941891,506945,115885448836,8,0,1,30208,8,4254073312
8574,115884963534,293467,115885257001,1,0,0,1536,1,1764411843
8575,115885070827,431618,115885502445,3,0,1,3072,3,2274636950
8576,115885114890,259878,115885374768,8,0,1,4096,8,8517748913
8577,115885183548,182955,115885366503,0,0,1,75776,0,6921000026
8578,115885191824,188955,115885380779,6,0,0,186368,6,3637449661
8579,115885209245,284758,115885494003,9,0,0,38912,9,9202460697
8580,115885672629,109144,115885781773,5,0,1,58368,5,8988460289
8581,115885854667,68368,115885923035,0,0,1,10240,0,2008692634
8582,115885881123,67588,115885948711,8,0,1,7680,8,9499113321
8583,115885882656,82145,115885964801,8,0,1,39936,8,1010936339
8584,115885886049,103528,115885989577,6,0,0,133120,6,5686547736
8585,115886037095,16609,115886053704,4,0,1,171008,4,856600277
8586,115886136948,562,115886137510,4,0,0,32256,4,517062808
8587,115886169159,212926,115886382085,1,0,0,512,1,10163193100
8588,115886245460,30253,115886275713,9,0,0,46592,9,3093926928
8589,115886287474,14025,115886301499,4,0,0,27136,4,5491425617
8590,115886365392,24150,115886389542,4,0,0,43520,4,7948645763
8591,115886510612,23721,115886534333,2,0,0,39424,2,5315188357
8592,115886683064,118816,115886801880,0,0,1,90112,0,2250531656
8593,115886761585,96088,115886857673,4,0,1,25600,4,191992482
8594,115886887648,3418,115886891066,1,0,0,3584,1,9130001610
8595,115886955711,104721,115887060432,2,0,0,170496,2,1433455033
8596,115886996178,32295,115887028473,2,0,1,38400,2,1659963436
8597,115887051318,164062,115887215380,7,0,0,52736,7,1903607423
8598,115887412777,123028,115887535805,4,0,1,103936,4,1155499125
8599,115887527495,185360,115887712855,6,0,0,291328,6,2124540146
8600,115887540184,15833,115887556017,4,0,1,438272,4,9003371511
8601,115887794590,556053,115888350643,4,0,0,30720,4,1389685652
8602,115888004972,92788,115888097760,1,0,0,1536,1,9139758747
8603,115888086047,23633,115888109680,4,0,1,48640,4,4963089423
8604,115888132791,116387,115888249178,5,0,0,42496,5,6036841270
8605,115888335846,96575,115888432421,5,0,0,161280,5,9072220327
8606,115888457282,12991,115888470273,6,0,0,25088,6,10164194269
8607,115888732312,76360,115888808672,0,0,1,11264,0,115387774
8608,115888772400,74356,115888846756,0,0,1,9728,0,7653822919
8609,115889036661,94079,115889130740,5,0,0,153088,5,1696120611
8610,115889068147,63566,115889131713,9,0,0,12800,9,3436887616
8611,115889174109,86462,115889260571,3,0,1,17408,3,2787203860
8612,115889473768,75550,115889549318,9,0,0,126976,9,783438387
8613,115889579592,5798,115889585390,1,0,0,6144,1,6881069754
8614,115889588927,4675,115889593602,4,0,0,12288,4,944619866
8615,115889603548,11012,115889614560,6,0,0,17920,6,797165740
8616,115889733457,85912,115889819369,2,0,1,17408,2,5571378565
8617,115889817437,38266,115889855703,9,0,0,64000,9,3867452261
8618,115889885708,562,115889886270,1,0,0,512,1,3167379429
8619,115889935700,119128,115890054828,4,0,1,91136,4,1663080179
8620,115890058311,184170,115890242481,5,0,0,298496,5,6158716782
8621,115890226785,17962,115890244747,1,0,0,3584,1,2199376083
8622,115890275579,1514,115890277093,1,0,0,1536,1,83541910
8623,115890377656,54052,115890431708,5,0,1,3584,5,8746714901
8624,115890531593,34016,115890565609,6,0,0,59392,6,7386434085
8625,115890688607,58528,115890747135,2,0,1,6144,2,7218557959
8626,115890696875,70780,115890767655,5,0,1,8192,5,7512468916
8627,115890711992,97600,115890809592,9,0,1,20480,9,6418154615
8628,115890985243,65683,115891050926,4,0,0,111104,4,4631339309
8629,115891116078,179316,115891295394,2,0,1,44544,2,3911777864
8630,115891301095,82662,115891383757,4,0,0,134144,4,2409042015
8631,115891469805,14283,115891484088,2,0,0,27648,2,4149105570
8632,115891507274,44916,115891552190,4,0,0,77312,4,2444522953
8633,115891516388,39988,115891556376,2,0,0,6656,2,5110621857
8634,115891543217,12733,115891555950,9,0,1,3584,9,6468093860
8635,115891564493,14541,115891579034,4,0,0,24576,4,4798973140
8636,115891579600,202553,115891782153,4,0,1,183296,4,32547161
8637,115891610771,270078,115891880849,4,0,0,28160,4,7973092459
8638,115891617943,90120,115891708063,2,0,1,24576,2,10651502135
8639,115891643258,245157,115891888415,5,0,1,83456,5,5270396928
8640,115891759569,256233,115892015802,9,0,0,81920,9,4389213011
8641,115892015816,43196,115892059012,2,0,1,17408,2,1129847041
8642,115892055571,95128,115892150699,2,0,0,70656,2,10312115328
8643,115892080683,84729,115892165412,6,0,0,138240,6,1402941009
8644,115892247359,55558,115892302917,4,0,0,94720,4,4116150612
8645,115892502343,33241,115892535584,4,0,1,274432,4,5053928808
8646,115892525636,257920,115892783556,6,0,0,57856,6,6743172209
8647,115892615807,102569,115892718376,4,0,1,33280,4,9900402366
8648,115892660677,202585,115892863262,5,0,1,9728,5,373863368
8649,115892714395,187797,115892902192,2,0,1,50688,2,4032897452
8650,115892814957,128051,115892943008,9,0,0,205824,9,1759140229
8651,115893039609,4158,115893043767,5,0,1,1024,5,6299775241
8652,115893059011,45592,115893104603,9,0,0,11264,9,9523673336
8653,115893067731,152673,115893220404,2,0,1,5120,2,3290138074
8654,115893407431,75808,115893483239,9,0,0,127488,9,8900864822
8655,115893478658,211042,115893689700,4,0,1,18432,4,2845626561
8656,115893647616,66930,115893714546,5,0,1,3072,5,6416420310
8657,115893681901,43900,115893725801,5,0,1,512,5,670845427
8658,115893728391,103996,115893832387,4,0,1,41472,4,1902258436
8659,115893792337,63446,115893855783,6,0,0,103424,6,9815548147
8660,115893936451,107741,115894044192,2,0,1,2048,2,6451667983
8661,115893982698,92622,115894075320,2,0,1,23552,2,5319406506
8662,115894443903,97444,115894541347,2,0,1,19968,2,1153083424
8663,115894477190,134837,115894612027,5,0,0,219136,5,10439986880
8664,115894565213,213650,115894778863,3,0,1,35840,3,4515828653
8665,115895193349,32983,115895226332,2,0,0,57344,2,4961414323
8666,115895407477,94864,115895502341,5,0,1,26624,5,890548169
8667,115895504562,67588,115895572150,2,0,1,7680,2,1067029030
8668,115895624315,76842,115895701157,9,0,0,129536,9,10098693824
8669,115895681688,53491,115895735179,4,0,0,90624,4,1787590749
8670,115895794101,54525,115895848626,4,0,0,92672,4,8912586042
8671,115895816473,48525,115895864998,2,0,0,53760,2,3434269197
8672,115895969959,30745,115896000704,5,0,0,49664,5,4304924305
8673,115896055075,25183,115896080258,5,0,0,45568,5,6126838293
8674,115896090503,74258,115896164761,6,0,0,124416,6,5607116310
8675,115896124757,125896,115896250653,9,0,1,11776,9,5384195207
8676,115896145109,76452,115896221561,2,0,1,45568,2,2996665560
8677,115896272071,73054,115896345125,2,0,1,8704,2,8071763155
8678,115896281709,228470,115896510179,4,0,0,118784,4,191575950
8679,115896339771,102395,115896442166,6,0,0,165888,6,9545578444
8680,115896401510,71915,115896473425,5,0,0,108544,5,7417322194
8681,115896419224,75706,115896494930,5,0,0,78336,5,10318099579
8682,115896531542,95089,115896626631,2,0,1,5120,2,8729894267
8683,115896588000,15317,115896603317,4,0,1,224256,4,6335201560
8684,115896639103,14113,115896653216,2,0,0,29696,2,3004191552
8685,115896677377,307176,115896984553,6,0,0,24064,6,364910561
8686,115896803690,91497,115896895187,5,0,0,61440,5,9158172940
8687,115896817605,74520,115896892125,3,0,1,16384,3,8303281293
8688,115896820842,129174,115896950016,3,0,1,512,3,502051095
8689,115896846812,213117,115897059929,2,0,0,270336,2,7374005554
8690,115896900961,304202,115897205163,2,0,0,372736,2,5341177279
8691,115897150525,53782,115897204307,9,0,1,20480,9,4369446735
8692,115897163235,317892,115897481127,4,0,0,48640,4,8967725888
8693,115897514770,76842,115897591612,6,0,0,129536,6,9910975101
8694,115897543007,304732,115897847739,4,0,1,182784,4,9590782788
8695,115897849043,5708,115897854751,9,0,0,14336,9,2911438149
8696,115897911631,1038,115897912669,1,0,0,1024,1,1457541963
8697,115897965976,105556,115898071532,3,0,1,46592,3,104656510
8698,115898025460,62929,115898088389,5,0,1,19968,5,4029538153
8699,115898032517,85918,115898118435,5,0,0,102400,5,6487647934
8700,115898067907,87313,115898155220,6,0,0,136192,6,7009365516
8701,115898098089,68882,115898166971,9,0,0,39936,9,9314611553
8702,115898213923,77100,115898291023,4,0,0,130048,4,7678200679
8703,115898219596,188100,115898407696,4,0,0,437248,4,820689821
8704,115898251904,301425,115898553329,6,0,0,49664,6,981406985
8705,115898262894,284670,115898547564,5,0,1,2048,5,3533777023
8706,115898596591,81887,115898678478,4,0,0,132608,4,7087531016
8707,115898757531,93304,115898850835,9,0,0,151552,9,3653902650
8708,115898803483,64134,115898867617,6,0,0,64000,6,2799983217
8709,115898862186,104462,115898966648,4,0,1,560640,4,6765464665
8710,115898987906,613832,115899601738,2,0,1,29696,2,8796395831
8711,115899046427,497171,115899543598,9,0,0,169984,9,2306531839
8712,115899217550,282226,115899499776,4,0,1,48128,4,176418916
8713,115899288028,215035,115899503063,9,0,1,10752,9,10267044179
8714,115899362903,217006,115899579909,5,0,1,21504,5,9278830096
8715,115899378692,211555,115899590247,4,0,0,146432,4,2683367108
8716,115899403950,228846,115899632796,9,0,0,142336,9,6197991597
8717,115899662666,101968,115899764634,3,0,1,34816,3,4432908009
8718,115899685789,16350,115899702139,4,0,1,514560,4,10417883853
8719,115899756599,13596,115899770195,3,0,1,24064,3,6059350514
8720,115899764916,446885,115900211801,9,0,0,31744,9,7999665751
8721,115899803434,383426,115900186860,4,0,1,50176,4,7614783236
8722,115899903720,351890,115900255610,6,0,0,23040,6,1974542439
8723,115900060102,220581,115900280683,6,0,0,207360,6,1782687439
8724,115900272683,73483,115900346166,6,0,0,122880,6,4281739978
8725,115900382097,1038,115900383135,4,0,1,328704,4,6942414910
8726,115900400571,62412,115900462983,1,0,0,1024,1,9041954197
8727,115900438320,31262,115900469582,5,0,0,101376,5,4796511782
8728,115900475509,37799,115900513308,3,0,1,28160,3,4123469226
8729,115900498257,289816,115900788073,5,0,0,50688,5,1697920703
8730,115900509805,128872,115900638677,5,0,0,55808,5,1581999553
8731,115900545088,58744,115900603832,3,0,1,6656,3,1086267256
8732,115900619094,52804,115900671898,4,0,0,4096,4,7209016799
8733,115900664676,354204,115901018880,9,0,1,12800,9,363930544
8734,115900678274,167546,115900845820,4,0,0,86016,4,7538374379
8735,115900690522,285389,115900975911,5,0,0,248832,5,3487444251
8736,115900855303,178511,115901033814,2,0,1,11264,2,8190706660
8737,115900887272,166167,115901053439,2,0,1,5632,2,3305417337
8738,115901056315,155775,115901212090,4,0,0,256512,4,7364607076
8739,115901208767,1038,115901209805,9,0,1,4096,9,9061822201
8740,115901269692,133750,115901403442,1,0,0,1024,1,3484015659
8741,115901272964,44400,115901317364,3,0,1,31232,3,5373463203
8742,115901322211,37694,115901359905,4,0,1,224256,4,9394783094
8743,115901392182,54354,115901446536,4,0,0,76288,4,7412284734
8744,115901405097,283194,115901688291,4,0,0,21504,4,927501469
8745,115901430490,261929,115901692419,2,0,0,89088,2,1771942742
8746,115901522077,26475,115901548552,4,0,1,164352,4,3704998045
8747,115901743521,344555,115902088076,5,0,0,48128,5,4429014599
8748,115902018662,562,115902019224,9,0,0,512,9,6929900623
8749,115902145356,34275,115902179631,9,0,0,59904,9,2331989594
8750,115902150666,227020,115902377686,6,0,0,346624,6,3896396215
8751,115902165424,215488,115902380912,1,0,0,5120,1,3033547422
8752,115902182552,267568,115902450120,5,0,1,28160,5,6988751524
8753,115902980628,87760,115903068388,9,0,1,18432,9,6603211971
8754,115903034368,76828,115903111196,0,0,1,12800,0,4640411897
8755,115903044146,84900,115903129046,9,0,0,141824,9,7446958945
8756,115903163393,146528,115903309921,3,0,1,10752,3,9398661463
8757,115903271239,44916,115903316155,6,0,0,77312,6,3566376439
8758,115903280896,90760,115903371656,5,0,1,6656,5,9329255574
8759,115903306110,92269,115903398379,5,0,1,2560,5,5940122040
8760,115903380347,114637,115903494984,3,0,1,2560,3,3450699327
8761,115903529985,59596,115903589581,5,0,1,6656,5,6452564538
8762,115903586330,103429,115903689759,9,0,0,167936,9,509051481
8763,115903609976,55454,115903665430,5,0,1,3584,5,8647953697
8764,115903656322,44343,115903700665,2,0,0,72704,2,516453356
8765,115903672259,131095,115903803354,6,0,0,7680,6,3473904841
8766,115903841024,86068,115903927092,5,0,1,17920,5,3176943110
8767,115904260459,66520,115904326979,0,0,1,9216,0,331146140
8768,115904325048,94056,115904419104,4,0,1,189440,4,1834532633
8769,115904366557,200155,115904566712,3,0,1,1536,3,10724421003
8770,115904555706,71503,115904627209,2,0,0,115712,2,5877221343
8771,115904641246,115791,115904757037,3,0,1,26112,3,809983755
8772,115904737197,294512,115905031709,6,0,0,476672,6,5307715885
8773,115904852069,176860,115905028929,7,0,1,381952,7,10134654692
8774,115904856232,344097,115905200329,6,0,0,14848,6,8930406355
8775,115904899579,535044,115905434623,0,0,1,38400,0,5417072346
8776,115904955048,393010,115905348058,4,0,1,48640,4,8001914801
8777,115905015018,467811,115905482829,4,0,1,68608,4,5776947584
8778,115905374726,55806,115905430532,0,0,1,26112,0,2316883656
8779,115905411986,22638,115905434624,4,0,0,77312,4,681665119
8780,115905446140,141297,115905587437,1,0,0,1536,1,3560429816
8781,115905584156,92529,115905676685,9,0,0,150016,9,7681305213
8782,115905691100,179411,115905870511,3,0,1,8192,3,6987762367
8783,115906018645,118660,115906137305,7,0,1,89600,7,8664103536
8784,115906042669,106462,115906149131,7,0,1,16384,7,7388425817
8785,115906202912,41904,115906244816,5,0,0,68096,5,8544329439
8786,115906257031,80672,115906337703,5,0,1,1536,5,1792005824
8787,115906407546,4846,115906412392,1,0,0,5120,1,625316177
8788,115906432765,52672,115906485437,4,0,1,4096,4,5774376316
8789,115906692699,348925,115907041624,6,0,0,569344,6,731002526
8790,115906770900,333088,115907103988,5,0,0,200192,5,3957307524
8791,115907023131,184429,115907207560,5,0,0,299008,5,5615677496
8792,115907040220,220572,115907260792,9,0,0,168960,9,6966452468
8793,115907047585,227948,115907275533,0,0,1,30208,0,8276817420
8794,115907232511,10237,115907242748,0,0,1,34304,0,935147059
8795,115907364749,1038,115907365787,4,0,0,16384,4,87087984
8796,115907397689,239044,115907636733,2,0,0,1024,2,10577197443
8797,115907427649,160405,115907588054,9,0,1,14848,9,8045302120
8798,115907665244,3418,115907668662,1,0,0,3584,1,5193872235
8799,115907686310,166675,115907852985,5,0,0,274432,5,4750105348
8800,115907854930,167955,115908022885,9,0,1,13312,9,1685265885
8801,115908131086,6225,115908137311,0,0,1,62464,0,6034582349
8802,115908145896,110392,115908256288,9,0,0,15360,9,80547885
8803,115908239315,108959,115908348274,3,0,1,50688,3,6486659531
8804,115908253043,133545,115908386588,4,0,0,216576,4,841850568
8805,115908268502,124397,115908392899,5,0,0,22016,5,6129670445
8806,115908427627,13249,115908440876,6,0,0,25600,6,10255517308
8807,115908435625,22429,115908458054,7,0,0,36864,7,10699351329
8808,115908471127,62154,115908533281,5,0,0,100864,5,4953549980
8809,115908541595,24666,115908566261,6,0,0,44544,6,269940255
8810,115908580493,43712,115908624205,7,0,1,100352,7,9157431734
8811,115908689243,19468,115908708711,7,0,0,71680,7,10210384963
8812,115908716713,258824,115908975537,1,0,0,5120,1,246771019
8813,115908724437,61480,115908785917,4,0,1,172032,4,5321933501
8814,115908813137,224570,115909037707,7,0,0,61952,7,8996337528
8815,115908848819,12145,115908860964,4,0,1,273408,4,34543083
8816,115908938861,31128,115908969989,1,0,0,2048,1,8045144111
8817,115908943178,371132,115909314310,7,0,0,44544,7,9396576727
8818,115908998191,295287,115909293478,6,0,0,478208,6,10088130042
8819,115909103016,128357,115909231373,3,0,1,2048,3,5456707951
8820,115909169947,152265,115909322212,7,0,0,7680,7,7954412639
8821,115909172677,41645,115909214322,7,0,0,94720,7,6363643840
8822,115909234408,39437,115909273845,7,0,1,99840,7,6348953424
8823,115909299036,410084,115909709120,3,0,1,30208,3,7821898392
8824,115909389474,274849,115909664323,9,0,1,18944,9,1096340560
8825,115909451426,190194,115909641620,9,0,0,67584,9,8026227167
8826,115909459433,419783,115909879216,4,0,0,27648,4,157722359
8827,115909613016,116050,115909729066,6,0,0,192512,6,3619452864
8828,115909776418,44658,115909821076,5,0,0,76800,5,3032184168
8829,115909891587,1038,115909892625,1,0,0,1024,1,2013530574
8830,115909924732,109456,115910034188,4,0,1,59392,4,7326725658
8831,115910076751,6225,115910082976,6,0,0,15360,6,1185558744
8832,115910080709,15829,115910096538,5,0,0,29184,5,575400282
8833,115910083520,32609,115910116129,9,0,0,46592,9,759469305
8834,115910273668,82920,115910356588,7,0,0,134656,7,5155583807
8835,115910396248,203904,115910600152,5,0,0,330240,5,406346410
8836,115910528333,4370,115910532703,5,0,1,10752,5,8321603562
8837,115910627828,42162,115910669990,7,0,1,193536,7,7309421450
8838,115910653954,281522,115910935476,7,0,0,4608,7,5324276568
8839,115910763196,286871,115911050067,4,0,0,68608,4,2099171973
8840,115910814329,282825,115911097154,7,0,1,187904,7,6842212787
8841,115911024640,206032,115911230672,7,0,1,215040,7,959817318
8842,115911090421,140262,115911230683,6,0,0,177664,6,4358004003
8843,115911149382,69302,115911218684,0,0,1,14848,0,7624566194
8844,115911161392,119591,115911280983,6,0,0,55296,6,10558950542
8845,115911233883,114758,115911348641,7,0,0,189952,7,7864992606
8846,115911484326,108676,115911593002,4,0,1,56832,4,3971758879
8847,115911536815,137823,115911674638,9,0,1,25088,9,4929843134
8848,115911737447,65942,115911803389,9,0,0,111616,9,8852408735
8849,115911756713,182143,115911938856,9,0,1,87040,9,1284317880
8850,115911775793,163074,115911938867,7,0,0,259584,7,8012346236
8851,115911896279,562,115911896841,7,0,1,792064,7,8600274338
8852,115912016781,1990,115912018771,9,0,1,9728,9,6670101767
8853,115912048805,112779,115912161584,2,0,0,512,2,7863760649
8854,115912073132,338388,115912411520,2,0,0,2048,2,9400711835
8855,115912175216,746410,115912921626,5,0,0,182784,5,8211242502
8856,115912391455,251253,115912642708,6,0,0,96768,6,10064535374
8857,115912445276,198593,115912643869,2,0,0,1024,2,4175609841
8858,115912471401,186187,115912657588,9,0,1,9216,9,2155710658
8859,115912480330,171282,115912651612,7,0,0,41984,7,7044803335
8860,115912495901,294185,115912790086,4,0,0,11264,4,5713354375
8861,115912515516,276621,115912792137,4,0,0,215040,4,9834563007
8862,115912578403,255157,115912833560,7,0,0,140800,7,6639904885
8863,115912592529,267772,115912860301,9,0,0,95232,9,9266618776
8864,115912649127,211840,115912860967,0,0,0,1024,0,3931235231
8865,115912777280,85953,115912863233,2,0,0,3584,2,5195664280
8866,115912918085,11529,115912929614,5,0,0,18944,5,8084327574
8867,115912978950,13249,115912992199,7,0,0,25600,7,1313988197
8868,115912989896,2649,115912992545,2,0,0,512,2,6692897119
8869,115913080404,1038,115913081442,2,0,0,1024,2,7548644632
8870,115913148650,324112,115913472762,7,0,0,524288,7,659884688
8871,115913186799,286309,115913473108,0,0,0,512,0,4247195313
8872,115913308327,167047,115913475374,1,0,0,3584,1,267373903
8873,115913359797,118163,115913477960,0,0,0,4096,0,8402640084
8874,115913411059,116988,115913528047,3,0,1,8192,3,5282424515
8875,115913435079,267238,115913702317,6,0,0,433664,6,8524370826
8876,115913556575,146728,115913703303,2,0,0,1536,2,5069587144
8877,115913660013,44596,115913704609,0,0,0,2048,0,953678121
8878,115913716678,6484,115913723162,4,0,1,95232,4,3879493220
8879,115913823318,281098,115914104416,0,0,1,17408,0,8094864283
8880,115913828508,147690,115913976198,6,0,0,15872,6,1186628220
8881,115913850105,140424,115913990529,2,0,0,234496,2,2052520117
8882,115913857382,199898,115914057280,1,0,0,5120,1,1860691693
8883,115913987151,36076,115914023227,7,0,0,38400,7,6305655262
8884,115914004300,70391,115914074691,9,0,0,110080,9,5252809504
8885,115914090629,3894,115914094523,1,0,0,4096,1,5081512106
8886,115914095017,111487,115914206504,9,0,0,180224,9,4277808317
8887,115914145181,72869,115914218050,7,0,0,38912,7,7470040805
8888,115914146866,53355,115914200221,9,0,1,24064,9,2014891846
8889,115914171416,46687,115914218103,6,0,0,32256,6,805659799
8890,115914184190,11376,115914195566,2,0,0,29184,2,5311600788
8891,115914221767,132228,115914353995,1,0,0,3584,1,4951749457
8892,115914227866,57109,115914284975,2,0,0,97792,2,6725252618
8893,115914240456,298018,115914538474,3,0,1,14336,3,7452061760
8894,115914417363,157583,115914574946,5,0,0,260096,5,6286378536
8895,115914469848,111204,115914581052,6,0,0,20992,6,9023942732
8896,115914500507,80891,115914581398,1,0,0,512,1,6517445905
8897,115914509031,108657,115914617688,7,0,0,124416,7,8949108734
8898,115914601088,16946,115914618034,0,0,0,512,0,6451087035
8899,115914625960,25183,115914651143,5,0,0,45568,5,2633393434
8900,115914722841,56524,115914779365,7,0,1,6656,7,1524548056
8901,115914828961,74356,115914903317,0,0,1,9728,0,8702781663
8902,115914888567,34363,115914922930,4,0,1,393216,4,8919207962
8903,115915069537,341516,115915411053,7,0,0,56832,7,4873409359
8904,115915421580,31003,115915452583,5,0,0,50176,5,7745310663
8905,115915442893,10036,115915452929,0,0,0,512,0,4151228027
8906,115915482728,132634,115915615362,7,0,1,52224,7,26094594
8907,115915507914,165641,115915673555,6,0,0,272384,6,4814769740
8908,115915661406,162088,115915823494,0,0,1,512,0,9969129951
8909,115915679699,218599,115915898298,0,0,1,17920,0,5550817892
8910,115915980572,43900,115916024472,4,0,1,512,4,10641101873
8911,115916018291,92056,115916110347,6,0,1,17408,6,8029118647
8912,115916253883,124971,115916378854,4,0,0,203264,4,6499239770
8913,115916297171,60287,115916357458,7,0,1,218112,7,4883369190
8914,115916301249,168905,115916470154,4,0,1,32768,4,6104197471
8915,115916320155,321213,115916641368,9,0,0,15872,9,2421775283
8916,115916450637,167758,115916618395,6,0,0,260096,6,8740300838
8917,115916500776,242414,115916743190,9,0,1,52736,9,3713784684
8918,115916810350,6225,115916816575,6,0,0,15360,6,10218323874
8919,115916842772,83696,115916926468,6,0,0,136192,6,3016138628
8920,115916884364,42770,115916927134,4,0,0,11264,4,2661873391
8921,115917094317,23633,115917117950,6,0,0,42496,6,4174081347
8922,115917118263,2466,115917120729,9,0,1,1024,9,3243815385
8923,115917150459,45592,115917196051,1,0,0,2560,1,9346778536
8924,115917228201,156291,115917384492,9,0,0,257536,9,6119664204
8925,115917246176,138982,115917385158,0,0,0,1024,0,3884600627
8926,115917255385,150459,115917405844,7,0,0,74240,7,8392556883
8927,115917429344,3418,115917432762,1,0,0,3584,1,3159146779
8928,115917579089,10753,115917589842,6,0,0,17408,6,7766046882
8929,115917596697,23116,115917619813,7,0,0,41472,7,4824620140
8930,115917659778,33587,115917693365,9,0,0,55296,9,8347209325
8931,115917798894,76067,115917874961,6,0,0,128000,6,6511388414
8932,115918007265,109136,115918116401,6,0,1,26624,6,2120183166
8933,115918154796,110704,115918265500,7,0,1,63488,7,5457184875
8934,115918168518,108069,115918276587,1,0,1,36352,1,8988680181
8935,115918272676,11605,115918284281,2,0,0,8192,2,8407734815
8936,115918352950,23721,115918376671,5,0,0,39424,5,2478615957
8937,115918497072,22429,115918519501,4,0,0,36864,4,9721218282
8938,115918540069,51136,115918591205,1,0,1,254976,1,4970658663
8939,115918545376,113075,115918658451,0,0,1,4096,0,4935814843
8940,115918552427,285819,115918838246,9,0,1,27136,9,3885607243
8941,115918588577,240442,115918829019,7,0,1,10240,7,10293608567
8942,115918658766,114562,115918773328,4,0,1,68608,4,5008673398
8943,115918714468,231029,115918945497,7,0,0,111104,7,6617082925
8944,115918956881,73741,115919030622,9,0,0,123392,9,3986590860
8945,115919004807,26071,115919030878,4,0,0,9216,4,191601425
8946,115919115837,177871,115919293708,4,0,1,119808,4,4392957956
8947,115919260818,40584,115919301402,0,0,0,8192,0,449241186
8948,115919315188,2942,115919318130,0,0,0,3072,0,281712433
8949,115919317878,4675,115919322553,1,0,1,71680,1,960537192
8950,115919370436,113200,115919483636,4,0,1,50176,4,5426878237
8951,115919378034,195319,115919573353,9,0,0,12288,9,1994584312
8952,115919672416,3124,115919675540,5,0,0,9216,5,3489980043
8953,115919697650,1990,115919699640,1,0,0,2048,1,7497221797
8954,115919699777,6274,115919706051,0,0,0,6656,0,2938713698
8955,115919774657,25183,115919799840,2,0,0,45568,2,7114693252
8956,115919969102,1514,115919970616,1,0,0,1536,1,8027782562
8957,115920290984,45433,115920336417,7,0,1,222208,7,8091559874
8958,115920322385,562,115920322947,0,0,1,1024,0,2713855011
8959,115920322646,209752,115920532398,2,0,0,78336,2,9428809964
8960,115920333382,178690,115920512072,7,0,1,477184,7,7626378413
8961,115920363001,62058,115920425059,1,0,1,43008,1,9350835609
8962,115920401973,249707,115920651680,1,0,0,512,1,1624928265
8963,115920442870,555165,115920998035,0,0,0,4096,0,5837583585
8964,115920444877,235005,115920679882,9,0,1,7168,9,4741184929
8965,115920611863,235181,115920847044,4,0,1,182272,4,8901724561
8966,115920653609,224592,115920878201,5,0,0,324608,5,10403862804
8967,115920655047,451895,115921106942,1,0,0,1536,1,6172143316
8968,115920666622,351522,115921018144,1,0,0,1536,1,3830653164
8969,115920676051,267697,115920943748,4,0,1,34304,4,2062511497
8970,115920695699,197521,115920893220,9,0,0,76288,9,2308813850
8971,115920756481,166453,115920922934,9,0,1,2048,9,6103697766
8972,115920765886,190366,115920956252,5,0,0,34816,5,1789835021
8973,115920800101,123997,115920924098,4,0,1,192512,4,6997385434
8974,115920871378,562,115920871940,7,0,0,185856,7,593044250
8975,115920906219,454792,115921361011,4,0,0,193024,4,8505483527
8976,115920920974,231538,115921152512,0,0,1,3584,0,8163177127
8977,115920972947,414356,115921387303,4,0,0,9728,4,13187995
8978,115921088453,441003,115921529456,7,0,1,14336,7,4850008550
8979,115921102368,202870,115921305238,1,0,0,512,1,849905145
8980,115921145173,157223,115921302396,6,0,1,31232,6,10690551257
8981,115921148791,280236,115921429027,6,0,0,328192,6,9292091487
8982,115921201159,301198,115921502357,7,0,0,24064,7,1705121774
8983,115921464525,61120,115921525645,6,0,0,98816,6,9749954273
8984,115921530455,133839,115921664294,2,0,0,275968,2,857253649
8985,115921543261,167450,115921710711,9,0,1,6144,9,5422380975
8986,115921588824,13766,115921602590,9,0,1,9216,9,9592906611
8987,115921694685,168554,115921863239,4,0,0,26624,4,6286226138
8988,115921816332,21912,115921838244,6,0,0,35840,6,1599742020
8989,115921984903,1038,115921985941,0,0,0,1024,0,7270277250
8990,115922121571,12304,115922133875,7,0,0,20480,7,7747702442
8991,115922125730,27572,115922153302,7,0,0,46080,7,3214962741
8992,115922207648,41387,115922249035,2,0,0,67072,2,2957052342
8993,115922224993,25668,115922250661,1,0,0,2560,1,3040086739
8994,115922453410,226391,115922679801,9,0,0,370688,9,6052827938
8995,115922482232,21912,115922504144,4,0,1,203776,4,1002377735
8996,115922525048,473598,115922998646,1,0,1,202752,1,2621660312
8997,115922791866,492569,115923284435,6,0,0,35840,6,6688188983
8998,115923015282,3841,115923019123,0,0,0,1536,0,5300275115
8999,115923074334,45592,115923119926,4,0,1,1024,4,1327897253
9000,115923203133,23374,115923226507,7,0,0,41984,7,7295319022
9001,115923221725,5653,115923227378,9,0,0,12288,9,1361658877
9002,115923379346,140185,115923519531,1,0,1,98816,1,2738159831
9003,115923428681,124108,115923552789,5,0,0,204800,5,4729567003
9004,115923456507,113064,115923569571,5,0,0,64000,5,5660854324
9005,115923499573,3418,115923502991,0,0,1,1536,0,8106870186
9006,115923534367,515235,115924049602,7,0,1,457728,7,2953239431
9007,115923666887,550508,115924217395,4,0,1,242688,4,5497986195
9008,115923903931,457149,115924361080,1,0,0,3584,1,8731826756
9009,115924042782,87471,115924130253,5,0,0,15360,5,1987123235
9010,115924261758,105088,115924366846,7,0,1,45056,7,6652970351
9011,115924331433,35424,115924366857,2,0,0,36864,2,1090612870
9012,115924516446,3900,115924520346,2,0,0,10752,2,9727307904
9013,115924590391,20878,115924611269,7,0,0,33792,7,8487204256
9014,115924591973,24481,115924616454,4,0,0,16384,4,8188683863
9015,115924652102,5322,115924657424,0,0,0,5632,0,7208870369
9016,115924665313,2942,115924668255,0,0,0,3072,0,8087226298
9017,115924998074,77100,115925075174,2,0,0,130048,2,365449066
9018,115925052567,52287,115925104854,7,0,0,84992,7,4691525801
9019,115925099965,21395,115925121360,4,0,0,34816,4,9899958227
9020,115925409715,107116,115925516831,1,0,1,51712,1,2749079457
9021,115925649748,2942,115925652690,1,0,0,3072,1,3341613626
9022,115925752580,86536,115925839116,9,0,1,19456,9,6486034852
9023,115925775874,94249,115925870123,7,0,0,156672,7,5472174234
9024,115925888099,177088,115926065187,9,0,1,17408,9,4015790369
9025,115925904498,202767,115926107265,4,0,1,8192,4,1652344870
9026,115926030693,109614,115926140307,0,0,1,4608,0,4471326256
9027,115926482820,41128,115926523948,6,0,0,66560,6,1947607340
9028,115926514280,137813,115926652093,5,0,1,26624,5,425327158
9029,115926515721,106442,115926622163,1,0,1,156160,1,1950651659
9030,115926597522,367464,115926964986,5,0,0,177152,5,4383711115
9031,115926647095,87225,115926734320,7,0,1,348672,7,4037453489
9032,115926745587,226015,115926971602,0,0,1,19456,0,6552119300
9033,115926835180,435567,115927270747,5,0,0,146432,5,5795496627
9034,115926964094,227617,115927191711,7,0,1,57344,7,9845345972
9035,115927191972,2466,115927194438,1,0,1,7680,1,4137094005
9036,115927193140,58372,115927251512,7,0,0,2560,7,186380178
9037,115927351512,84212,115927435724,2,0,0,137216,2,3823630214
9038,115927365906,96866,115927462772,5,0,0,96768,5,1637719843
9039,115927590295,59128,115927649423,7,0,1,5120,7,4485973668
9040,115927702537,4158,115927706695,1,0,0,11264,1,2663486567
9041,115927747375,34275,115927781650,9,0,0,59904,9,2249647895
9042,115927860534,63358,115927923892,2,0,0,106496,2,3079118952
9043,115927934022,21395,115927955417,6,0,0,34816,6,8193508892
9044,115927941825,36441,115927978266,9,0,0,55296,9,4592886554
9045,115928099896,24408,115928124304,7,0,0,44032,7,63135484
9046,115928197662,2466,115928200128,9,0,0,2560,9,7083562340
9047,115928239494,52360,115928291854,0,0,1,3072,0,268673190
9048,115928371849,57436,115928429285,7,0,1,4608,7,8410830726
9049,115928542237,62380,115928604617,7,0,1,10752,7,1829697749
9050,115928705282,104979,115928810261,4,0,0,171008,4,8927399429
9051,115928740123,111561,115928851684,2,0,0,132608,2,7638083087
9052,115928786574,75735,115928862309,7,0,0,34304,7,6060780004
9053,115928993517,105414,115929098931,0,0,1,14336,0,3970771142
9054,115929068413,80300,115929148713,9,0,1,10240,9,8674477508
9055,115929139305,26217,115929165522,5,0,0,47616,5,10013983653
9056,115929247649,154829,115929402478,2,0,0,251392,2,6367089078
9057,115929257104,126605,115929383709,9,0,1,3072,9,70666142
9058,115929276219,228829,115929505048,5,0,0,512,5,8105636472
9059,115929289774,229670,115929519444,2,0,0,314368,2,10456773191
9060,115929289919,111837,115929401756,1,0,0,1536,1,5798942556
9061,115929323153,309208,115929632361,2,0,0,147968,2,9399401426
9062,115929331427,243170,115929574597,1,0,1,103424,1,5276542920
9063,115929448907,143506,115929592413,9,0,1,1024,9,556789737
9064,115929465086,24284,115929489370,7,0,0,138752,7,9957174173
9065,115929514144,61637,115929575781,1,0,1,100352,1,3190620247
9066,115929585076,443474,115930028550,5,0,0,11776,5,9154086221
9067,115929635447,342817,115929978264,2,0,0,99840,2,3563977686
9068,115929704336,152636,115929856972,7,0,0,238080,7,4186444313
9069,115929810701,46282,115929856983,2,0,0,23552,2,422299341
9070,115930144771,204162,115930348933,6,0,0,330752,6,10605302094
9071,115930205115,122134,115930327249,7,0,1,118272,7,4058783675
9072,115930259082,354593,115930613675,2,0,0,105472,2,10284477261
9073,115930263292,314171,115930577463,9,0,0,463872,9,1086350068
9074,115930365323,213489,115930578812,9,0,1,2048,9,3146097460
9075,115930369671,278528,115930648199,6,0,0,27136,6,1792633323
9076,115930448416,214424,115930662840,9,0,1,14848,9,8542097317
9077,115930503643,35825,115930539468,1,0,1,293376,1,1407936491
9078,115930516770,460328,115930977098,7,0,1,137728,7,2715645495
9079,115930704400,266290,115930970690,7,0,1,22016,7,7864112981
9080,115930713916,495895,115931209811,0,0,1,4096,0,2240956177
9081,115930756485,344026,115931100511,0,0,1,46592,0,3557921575
9082,115930786100,344474,115931130574,2,0,0,62976,2,7499900397
9083,115931169110,194554,115931363664,5,0,0,315392,5,5756533334
9084,115931179371,187519,115931366890,1,0,0,5120,1,4898412002
9085,115931209389,188863,115931398252,4,0,0,100864,4,5828342330
9086,115931363417,52804,115931416221,7,0,1,109568,7,3715201601
9087,115931411688,135783,115931547471,5,0,0,86016,5,205296111
9088,115931451514,84707,115931536221,5,0,0,224256,5,863940615
9089,115931506136,275080,115931781216,5,0,0,5632,5,7235130553
9090,115931626522,274842,115931901364,7,0,1,151552,7,10077673151
9091,115931824730,81105,115931905835,0,0,1,7168,0,4721903884
9092,115931842224,205799,115932048023,7,0,1,161280,7,9782542590
9093,115931855747,33071,115931888818,7,0,1,274944,7,21834929
9094,115932053421,345522,115932398943,6,0,0,54272,6,7563746661
9095,115932201688,174304,115932375992,9,0,0,282624,9,9491315577
9096,115932300536,91419,115932391955,4,0,0,59904,4,7350836762
9097,115932304676,211588,115932516264,9,0,1,53248,9,3218299542
9098,115932455339,56075,115932511414,9,0,1,33792,9,8886060873
9099,115932533658,1514,115932535172,2,0,0,95744,2,4297777100
9100,115932614634,218695,115932833329,6,0,0,1536,6,8369503982
9101,115932698268,224095,115932922363,4,0,1,157184,4,9445492125
9102,115933059743,105666,115933165409,2,0,0,175616,2,799173846
9103,115933350896,101032,115933451928,1,0,1,31744,1,9793460109
9104,115933384684,6484,115933391168,7,0,1,38400,7,1842024359
9105,115933413010,129518,115933542528,1,0,1,47104,1,5298002399
9106,115933438282,76711,115933514993,9,0,1,2560,9,8948427641
9107,115933457385,54400,115933511785,7,0,0,15872,7,6003845374
9108,115933461103,123808,115933584911,2,0,0,90112,2,10032644872
9109,115933499110,37719,115933536829,2,0,0,52736,2,7121630675
9110,115933516454,66200,115933582654,9,0,0,112128,9,7017108676
9111,115933539436,114676,115933654112,6,0,0,167936,6,2468547173
9112,115933856375,33241,115933889616,0,0,1,10240,0,1744320942
9113,115933881704,15701,115933897405,7,0,1,126976,7,8128039681
9114,115933896003,98566,115933994569,5,0,0,57856,5,738848684
9115,115933915809,182456,115934098265,1,0,0,3584,1,4059307704
9116,115933963242,61282,115934024524,1,0,1,60928,1,2775995302
9117,115934044274,53365,115934097639,7,0,0,67072,7,1665497910
9118,115934057888,34208,115934092096,6,0,0,27136,6,2415474446
9119,115934079951,12306,115934092257,2,0,0,4608,2,1641498241
9120,115934102826,177958,115934280784,9,0,0,12800,9,6460989074
9121,115934139345,8597,115934147942,4,0,0,7168,4,1960937450
9122,115934168874,16609,115934185483,6,0,0,32256,6,10043837896
9123,115934175330,18738,115934194068,4,0,0,29696,4,5034320267
9124,115934192120,182878,115934374998,2,0,0,295936,2,8433713881
9125,115934500642,179161,115934679803,1,0,1,30208,1,36037694
9126,115934539677,211011,115934750688,7,0,1,100352,7,6882680196
9127,115934651089,173012,115934824101,6,0,0,280064,6,7261871313
9128,115934694425,150362,115934844787,9,0,0,74240,9,5198316515
9129,115934718740,128313,115934847053,1,0,0,3584,1,3294066414
9130,115934764812,7226,115934772038,7,0,1,119808,7,7011830731
9131,115934840068,300333,115935140401,0,0,1,18944,0,3221196439
9132,115934939226,239264,115935178490,9,0,0,7680,9,3530979300
9133,115934959552,167600,115935127152,9,0,1,29696,9,10574571934
9134,115935067818,161605,115935229423,0,0,1,35840,0,3708223433
9135,115935214129,23462,115935237591,2,0,0,38912,2,4257962565
9136,115935280939,4846,115935285785,1,0,0,5120,1,8674896200
9137,115935379189,1990,115935381179,5,0,0,2048,5,8706666190
9138,115935465481,51770,115935517251,2,0,0,83968,2,4771428677
9139,115935596205,12733,115935608938,6,0,0,24576,6,8528405848
9140,115935615394,14800,115935630194,1,0,1,404480,1,8344078400
9141,115935669390,388852,115936058242,7,0,0,28672,7,9469893087
9142,115935791737,266348,115936058085,7,0,1,176640,7,5386537384
9143,115935903116,155966,115936059082,8,0,0,1024,8,7307911578
9144,115936069338,119440,115936188778,1,0,1,92160,1,796400346
9145,115936281982,86450,115936368432,9,0,0,144896,9,5569960770
9146,115936363249,5529,115936368778,1,0,0,512,1,1369388000
9147,115936397024,33758,115936430782,2,0,0,58880,2,3321552831
9148,115936516989,1990,115936518979,8,0,0,2048,8,2456243744
9149,115936530388,112779,115936643167,1,0,1,309248,1,9510488283
9150,115936594889,392179,115936987068,5,0,0,182784,5,9959493506
9151,115936605839,330155,115936935994,9,0,1,44032,9,7836041324
9152,115936766872,149084,115936915956,1,0,1,61440,1,203198644
9153,115936792018,3894,115936795912,6,0,1,2560,6,8800014183
9154,115936888545,4370,115936892915,9,0,1,1536,9,4571001663
9155,115936948148,258706,115937206854,1,0,0,4096,1,1314499532
9156,115936985751,137512,115937123263,8,0,0,4608,8,6154593532
9157,115937107023,55744,115937162767,0,0,1,4096,0,4705082512
9158,115937137864,96058,115937233922,4,0,0,160256,4,9766269080
9159,115937239582,61378,115937300960,5,0,0,99328,5,9522359715
9160,115937348512,1990,115937350502,1,0,0,2048,1,2974564348
9161,115937351465,126035,115937477500,1,0,1,15360,1,6715278382
9162,115937506494,93733,115937600227,4,0,0,155648,4,6829934353
9163,115937515042,19487,115937534529,6,0,1,17408,6,6729867004
9164,115937580295,254341,115937834636,7,0,1,17920,7,1263686938
9165,115937587051,50995,115937638046,5,0,0,22016,5,5896809521
9166,115937672301,179168,115937851469,9,0,1,89088,9,7991188327
9167,115937701375,276645,115937978020,0,0,1,20992,0,10260055972
9168,115937772263,161972,115937934235,6,0,0,82432,6,884846488
9169,115937867664,33587,115937901251,7,0,0,55296,7,5492340057
9170,115937867942,39006,115937906948,7,0,0,18944,7,5906061910
9171,115937913792,23462,115937937254,6,0,1,3584,6,6236215064
9172,115937924157,73829,115937997986,2,0,0,38912,2,7425254469
9173,115937924637,138622,115938063259,6,0,1,14848,6,6582396607
9174,115937945448,20878,115937966326,5,0,0,120320,5,9912985238
9175,115938033517,168073,115938201590,2,0,0,33792,2,8137938935
9176,115938112135,43624,115938155759,5,0,0,74752,5,8620574717
9177,115938121783,35461,115938157244,9,0,0,15360,9,4676020260
9178,115938134437,25713,115938160150,1,0,0,4608,1,8322051777
9179,115938172538,1514,115938174052,8,0,0,1536,8,5059961039
9180,115938226885,4370,115938231255,8,0,0,4608,8,8464126110
9181,115938249338,82920,115938332258,7,0,0,134656,7,538692285
9182,115938304197,56075,115938360272,7,0,0,95744,7,6002992763
9183,115938314737,102951,115938417688,9,0,0,137216,9,6318530589
9184,115938324991,91876,115938416867,6,0,1,19968,6,4532325326
9185,115938328398,43151,115938371549,1,0,0,4096,1,2191533789
9186,115938387441,562,115938388003,4,0,0,32768,4,2830982108
9187,115938457094,3900,115938460994,1,0,0,512,1,1168353604
9188,115938467061,36859,115938503920,2,0,0,10752,2,3234405218
9189,115938536074,32812,115938568886,5,0,0,65024,5,2155510097
9190,115938582498,19678,115938602176,7,0,1,340480,7,8402475438
9191,115938611090,340545,115938951635,7,0,1,17408,7,549298816
9192,115938615296,53062,115938668358,4,0,0,53760,4,4241660607
9193,115938630056,155132,115938785188,8,0,0,2560,8,764790836
9194,115938643129,134220,115938777349,4,0,0,86528,4,8316351155
9195,115938659150,157325,115938816475,0,0,1,9728,0,8698833191
9196,115938717192,136924,115938854116,6,0,0,259584,6,8533983859
9197,115938763822,2289,115938766111,2,0,0,92672,2,7162578499
9198,115938899763,539122,115939438885,1,0,0,2048,1,240399685
9199,115939028543,69307,115939097850,6,0,1,33792,6,5191097085
9200,115939057780,202592,115939260372,5,0,0,13824,5,8892898220
9201,115939149088,221985,115939371073,1,0,1,159232,1,9896591399
9202,115939213052,318808,115939531860,2,0,0,520704,2,6362840419
9203,115939242704,345875,115939588579,6,0,0,189440,6,6035915562
9204,115939317533,273312,115939590845,8,0,0,3584,8,659724436
9205,115939438214,131566,115939569780,0,0,1,49664,0,9379114229
9206,115939461225,211911,115939673136,1,0,0,3072,1,1766348877
9207,115939515220,60862,115939576082,1,0,1,214528,1,6034052621
9208,115939599217,27530,115939626747,2,0,0,98304,2,8863513189
9209,115939633855,6750,115939640605,1,0,0,2048,1,607914026
9210,115939700672,15058,115939715730,8,0,0,7168,8,658460138
9211,115939717089,124023,115939841112,7,0,1,32768,7,7264169167
9212,115939728585,433605,115940162190,5,0,0,29184,5,8370195284
9213,115939748032,241731,115939989763,1,0,1,7168,1,9293132689
9214,115939988447,11012,115939999459,4,0,0,17920,4,211901882
9215,115940016326,35825,115940052151,9,0,0,62976,9,7710243590
9216,115940137275,1514,115940138789,1,0,0,1536,1,7347256523
9217,115940190308,1514,115940191822,7,0,1,70656,7,7085853826
9218,115940221066,167519,115940388585,8,0,0,1536,8,8544795770
9219,115940283149,125488,115940408637,2,0,0,204288,2,1939006385
9220,115940360220,115016,115940475236,7,0,0,190464,7,7711990668
9221,115940382687,149883,115940532570,6,0,0,184320,6,6035031348
9222,115940423227,114169,115940537396,5,0,0,7680,5,1134574617
9223,115940465534,107845,115940573379,6,0,0,114688,6,135932763
9224,115940520696,194715,115940715411,0,0,1,22528,0,3065671290
9225,115940581793,379721,115940961514,7,0,1,273408,7,6370326222
9226,115940858906,102619,115940961525,6,0,0,46592,6,9509942649
9227,115940862010,99526,115940961536,8,0,0,7168,8,6777949555
9228,115941175430,4370,115941179800,8,0,0,4608,8,2815271218
9229,115941198880,95541,115941294421,7,0,0,159232,7,2467691039
9230,115941280828,52029,115941332857,9,0,0,84480,9,2432257080
9231,115941297311,46888,115941344199,5,0,0,46080,5,1476004476
9232,115941389846,71245,115941461091,2,0,0,115200,2,1015164226
9233,115941480235,84900,115941565135,2,0,0,141824,2,6732464819
9234,115941581303,562,115941581865,1,0,0,512,1,849518303
9235,115941617480,46984,115941664464,7,0,1,169984,7,5613628718
9236,115941635581,192613,115941828194,1,0,1,440320,1,4670887165
9237,115941638556,195758,115941834314,6,0,0,81408,6,1403526739
9238,115941754419,466118,115942220537,5,0,0,321024,5,4476290347
9239,115941774361,327349,115942101710,7,0,0,128512,7,1804980901
9240,115941816191,285530,115942101721,9,0,0,52224,9,2624941128
9241,115941851495,43058,115941894553,7,0,1,452608,7,1777922793
9242,115941869742,7226,115941876968,7,0,1,77824,7,2768945361
9243,115941926850,24925,115941951775,1,0,1,15872,1,7474166525
9244,115942060169,554855,115942615024,8,0,0,1536,8,4477269951
9245,115942169614,560339,115942729953,0,0,1,1536,0,3082822392
9246,115942222283,260946,115942483229,2,0,0,7680,2,6366818001
9247,115942237338,508557,115942745895,5,0,0,45056,5,2868080498
9248,115942271601,140265,115942411866,4,0,0,401408,4,5426409204
9249,115942462561,409373,115942871934,0,0,1,512,0,5101513838
9250,115942555851,129309,115942685160,7,0,0,6656,7,3236598121
9251,115942691738,20620,115942712358,2,0,0,33280,2,8663255658
9252,115942744901,2466,115942747367,1,0,0,2560,1,7548041475
9253,115942898528,35567,115942934095,6,0,0,62464,6,1242383763
9254,115943003344,3900,115943007244,9,0,0,10752,9,1014829252
9255,115943178184,34533,115943212717,0,0,1,12288,0,6132262072
9256,115943200051,75136,115943275187,1,0,1,67584,1,5812146906
9257,115943209234,34016,115943243250,5,0,0,60416,5,4164178859
9258,115943237530,15888,115943253418,5,0,0,59392,5,5896079098
9259,115943261662,111952,115943373614,7,0,0,28672,7,2886699160
9260,115943373869,43196,115943417065,6,0,1,26112,6,3812295103
9261,115943385904,167855,115943553759,6,0,0,70656,6,5232249929
9262,115943624205,69280,115943693485,0,0,1,8192,0,1791495915
9263,115943693511,11787,115943705298,2,0,0,19456,2,1422334168
9264,115943767646,21395,115943789041,2,0,0,34816,2,9143606258
9265,115943769196,105940,115943875136,9,0,0,161792,9,7515185422
9266,115943807204,70198,115943877402,1,0,0,3584,1,201540905
9267,115943819252,74522,115943893774,9,0,0,53760,9,7268719980
9268,115943932572,4158,115943936730,6,0,1,47616,6,309848946
9269,115943949353,7226,115943956579,1,0,0,11264,1,7090695847
9270,115943958041,30487,115943988528,1,0,0,7680,1,6341793009
9271,115944143715,260242,115944403957,4,0,0,49152,4,5948231780
9272,115944176988,52360,115944229348,6,0,1,3072,6,4342565362
9273,115944186651,53579,115944240230,1,0,1,352768,1,3638823685
9274,115944234811,3124,115944237935,4,0,0,87552,4,10626708385
9275,115944310859,15058,115944325917,8,0,0,9216,8,9492954579
9276,115944317160,6274,115944323434,9,0,0,29184,9,4267964065
9277,115944341172,370054,115944711226,7,0,0,6656,7,8896051239
9278,115944419380,77634,115944497014,1,0,1,70656,1,10512253828
9279,115944436695,106765,115944543460,0,0,1,55296,0,4984580258
9280,115944511634,65577,115944577211,5,0,0,53248,5,6741657441
9281,115944528994,297126,115944826120,0,0,1,5632,0,2534911240
9282,115944572148,92787,115944664935,4,0,0,105984,4,2955199455
9283,115944645224,341830,115944987054,5,0,0,150528,5,2987783828
9284,115944925033,86192,115945011225,7,0,0,144384,7,9806390642
9285,115944937303,136233,115945073536,2,0,0,169984,2,1154426595
9286,115945087837,94079,115945181916,5,0,0,153088,5,10449763765
9287,115945348989,115115,115945464104,7,0,1,67072,7,615240740
9288,115945366354,135783,115945502137,0,0,1,28160,0,559904851
9289,115945369609,171550,115945541159,9,0,0,224256,9,10255831207
9290,115945559148,14283,115945573431,7,0,0,27648,7,8509527689
9291,115945850924,4158,115945855082,6,0,1,31232,6,9022898446
9292,115945929112,100876,115946029988,1,0,0,11264,1,9466644123
9293,115946069489,104979,115946174468,2,0,0,171008,2,2322466707
9294,115946202943,5322,115946208265,4,0,0,5632,4,6024562567
9295,115946383670,54208,115946437878,0,0,1,4096,0,8495218747
9296,115946446515,54525,115946501040,2,0,0,92672,2,9443214844
9297,115946452662,67730,115946520392,8,0,1,1024,8,6403163078
9298,115946615191,14113,115946629304,5,0,0,24064,5,5267215890
9299,115946727217,23979,115946751196,4,0,0,39936,4,8375698943
9300,115946741090,10260,115946751350,9,0,0,8704,9,5433567156
9301,115946771335,115309,115946886644,6,0,1,9728,6,8890539325
9302,115946950689,46208,115946996897,1,0,1,119808,1,4096262986
9303,115946966833,127864,115947094697,9,0,0,79872,9,10558915205
9304,115947108558,13854,115947122412,9,0,0,23552,9,465537239
9305,115947152399,7702,115947160101,0,0,1,14848,0,358252478
9306,115947202214,88204,115947290418,2,0,0,8192,2,1883834070
9307,115947248720,1514,115947250234,1,0,0,1536,1,7041295975
9308,115947271090,31003,115947302093,6,0,0,50176,6,7594746566
9309,115947310589,178350,115947488939,6,0,0,293888,6,2203890750
9310,115947382255,120534,115947502789,1,0,1,60416,1,6314162301
9311,115947384675,94116,115947478791,5,0,0,53248,5,4808334341
9312,115947422435,228216,115947650651,6,0,0,46080,6,10545682878
9313,115947496960,70987,115947567947,0,0,1,5632,0,7207176282
9314,115947533635,52582,115947586217,3,0,1,7168,3,8708714568
9315,115947552378,221507,115947773885,7,0,0,114688,7,8865488849
9316,115947571129,105467,115947676596,8,0,0,512,8,2865314723
9317,115947622183,66720,115947688903,0,0,1,3584,0,10339406418
9318,115947646913,164866,115947811779,7,0,0,270848,7,10321395511
9319,115947698571,280941,115947979512,2,0,0,269824,2,6875560039
9320,115947716859,196936,115947913795,0,0,1,3584,0,3298680555
9321,115947823170,89221,115947912391,2,0,0,56320,2,8739536336
9322,115947931612,4416,115947936028,1,0,0,11776,1,4355560144
9323,115947959581,5798,115947965379,1,0,0,6144,1,1122131973
9324,115947989576,253495,115948243071,7,0,1,167424,7,3713763951
9325,115948003030,74293,115948077323,9,0,0,410112,9,473504840
9326,115948013559,261417,115948274976,7,0,1,41472,7,2982445473
9327,115948182578,372062,115948554640,8,0,0,512,8,8309382783
9328,115948215636,110850,115948326486,7,0,1,58368,7,7871600966
9329,115948250799,1514,115948252313,5,0,0,155136,5,2049357007
9330,115948413907,346295,115948760202,8,0,0,1536,8,1723474285
9331,115948569181,5322,115948574503,4,0,0,5632,4,3654129647
9332,115948570908,24963,115948595871,9,0,0,45056,9,2971868016
9333,115948783986,52029,115948836015,6,0,0,84480,6,10606314114
9334,115948866877,2466,115948869343,1,0,0,2560,1,774890168
9335,115948988191,63874,115949052065,9,0,0,107520,9,9800358227
9336,115949109800,4370,115949114170,9,0,0,4608,9,1977204320
9337,115949226290,3894,115949230184,8,0,0,4096,8,6716962296
9338,115949305920,325102,115949631022,1,0,1,377856,1,4609554558
9339,115949553406,93183,115949646589,5,0,0,30208,5,10622827445
9340,115949693602,141947,115949835549,7,0,1,107008,7,1654559725
9341,115949801130,52828,115949853958,6,0,1,4608,6,699259421
9342,115949840516,26475,115949866991,6,0,0,48128,6,7458779790
9343,115949938357,75291,115950013648,5,0,0,126464,5,5121559722
9344,115950055434,190422,115950245856,3,0,1,19968,3,5894098079
9345,115950414118,172753,115950586871,6,0,0,279552,6,5167052826
9346,115950668946,84688,115950753634,1,0,1,18432,1,5911350822
9347,115950767794,1514,115950769308,4,0,0,1536,4,6012874929
9348,115950771164,16092,115950787256,4,0,0,31232,4,4611958518
9349,115950827778,21654,115950849432,9,0,0,35328,9,7016004641
9350,115950906594,6484,115950913078,3,0,1,1536,3,963098159
9351,115950994737,97364,115951092101,6,0,0,15872,6,10122494228
9352,115951096373,562,115951096935,1,0,0,512,1,6788563130
9353,115951285007,529883,115951814890,2,0,0,861696,2,5477611828
9354,115951405545,558868,115951964413,5,0,0,486400,5,8544493386
9355,115951423620,541049,115951964669,8,0,0,9216,8,4067371167
9356,115951435553,539536,115951975089,6,0,0,41472,6,995962350
9357,115951812567,562,115951813129,9,0,1,10240,9,4890059215
9358,115951882351,280132,115952162483,0,0,1,28160,0,8137116854
9359,115951959194,562,115951959756,1,0,1,39424,1,4403515723
9360,115951963806,232681,115952196487,6,0,1,6656,6,549132185
9361,115952037237,372060,115952409297,8,0,0,512,8,463175025
9362,115952038529,212946,115952251475,6,0,1,4608,6,260406713
9363,115952058996,324771,115952383767,3,0,1,11264,3,4836109554
9364,115952113549,246851,115952360400,1,0,0,512,1,5275616845
9365,115952178606,145140,115952323746,3,0,1,19968,3,1038359516
9366,115952290479,61895,115952352374,5,0,0,100352,5,4061022785
9367,115952379698,2466,115952382164,1,0,0,2560,1,5396989081
9368,115952569989,84376,115952654365,9,0,1,17408,9,3599128647
9369,115952616411,108538,115952724949,7,0,1,19968,7,4932502717
9370,115952636595,44488,115952681083,1,0,1,114688,1,8258975365
9371,115952696773,38716,115952735489,2,0,0,73216,2,5492881128
9372,115952713682,186676,115952900358,2,0,0,45056,2,8094194578
9373,115952825356,42420,115952867776,6,0,0,69120,6,1215419914
9374,115952887787,92012,115952979799,4,0,0,148992,4,9369987550
9375,115953030365,117600,115953147965,2,0,0,195584,2,1638146757
9376,115953373697,57436,115953431133,9,0,1,4608,9,9668575276
9377,115953534261,65896,115953600157,8,0,1,7168,8,288212871
9378,115953621098,33587,115953654685,5,0,0,55296,5,9983344686
9379,115953725304,3418,115953728722,5,0,0,3584,5,10063376883
9380,115953803929,81772,115953885701,3,0,1,18944,3,464061482
9381,115953933345,99628,115954032973,8,0,1,27136,8,10564377240
9382,115954039407,50980,115954090387,8,0,1,3584,8,6034365432
9383,115954086797,59882,115954146679,6,0,1,4608,6,2680785521
9384,115954307215,34275,115954341490,2,0,0,59904,2,3855844908
9385,115954432769,69304,115954502073,6,0,1,13312,6,7633432498
9386,115954486104,15980,115954502084,4,0,0,25088,4,7196307799
9387,115954489801,25391,115954515192,7,0,0,34816,7,4972691628
9388,115954685461,3418,115954688879,0,0,1,52736,0,7841830979
9389,115954713723,12562,115954726285,8,0,0,3584,8,3424112216
9390,115954724238,107428,115954831666,4,0,0,20992,4,2706264005
9391,115954731191,115533,115954846724,5,0,0,191488,5,6547846701
9392,115955115175,6750,115955121925,6,0,0,7168,6,2173968666
9393,115955153583,77359,115955230942,4,0,0,130560,4,3091922321
9394,115955217273,26734,115955244007,6,0,0,48640,6,6841836766
9395,115955225020,75178,115955300198,8,0,1,9216,8,5562099547
9396,115955311114,65942,115955377056,3,0,1,18944,3,2588468586
9397,115955322668,3894,115955326562,8,0,1,37376,8,5329405031
9398,115955328241,1990,115955330231,4,0,0,111616,4,8459067177
9399,115955402420,134589,115955537009,8,0,0,4096,8,2467866552
9400,115955410252,192930,115955603182,8,0,0,2048,8,9472859239
9401,115955607543,3900,115955611443,9,0,0,10752,9,7287073116
9402,115955711955,3418,115955715373,8,0,0,3584,8,1860583078
9403,115955728275,125916,115955854191,5,0,0,208384,5,5064157798
9404,115955797795,109314,115955907109,5,0,0,179712,5,6663471811
9405,115955818993,89742,115955908735,1,0,0,2560,1,1511455202
9406,115956083974,20362,115956104336,7,0,0,32768,7,8116334406
9407,115956102766,266184,115956368950,1,0,1,216576,1,3708859773
9408,115956455387,61378,115956516765,2,0,0,99328,2,5466466276
9409,115956525746,2466,115956528212,8,0,0,2560,8,5753426942
9410,115956605791,4846,115956610637,1,0,0,5120,1,2518536559
9411,115956605876,5682,115956611558,5,0,0,11264,5,2615969224
9412,115956741663,73741,115956815404,9,0,0,123392,9,1973299743
9413,115956789360,26710,115956816070,6,0,0,11264,6,137204212
9414,115956814133,137525,115956951658,6,0,1,31744,6,4425960187
9415,115956993470,126692,115957120162,5,0,0,209920,5,6674586824
9416,115957149577,3418,115957152995,8,0,1,55808,8,7081983856
9417,115957162839,137097,115957299936,8,0,0,3584,8,2583905218
9418,115957216771,121870,115957338641,2,0,0,197120,2,7474334700
9419,115957327640,143699,115957471339,1,0,1,50176,1,9811632005
9420,115957353362,231833,115957585195,8,0,1,6656,8,9093136057
9421,115957355217,383554,115957738771,7,0,1,249344,7,6592194686
9422,115957532915,195400,115957728315,0,0,1,13824,0,7988475656
9423,115957543382,210106,115957753488,7,0,0,197120,7,6750297215
9424,115957697892,36340,115957734232,8,0,1,5632,8,91949388
9425,115957710073,82013,115957792086,4,0,0,9728,4,6975602879
9426,115957714976,66728,115957781704,9,0,0,82432,9,1106222747
9427,115957730607,101702,115957832309,8,0,0,512,8,2324191460
9428,115957858766,132047,115957990813,8,0,1,43008,8,3962039887
9429,115958123630,120844,115958244474,7,0,1,96768,7,507726384
9430,115958326212,84471,115958410683,6,0,0,137728,6,80925927
9431,115958341575,70734,115958412309,8,0,0,2560,8,6703476219
9432,115958362947,56344,115958419291,8,0,1,2048,8,5660097430
9433,115958372132,25705,115958397837,7,0,0,60928,7,8014146742
9434,115958403117,203726,115958606843,8,0,0,512,8,9000345980
9435,115958469134,1990,115958471124,8,0,1,12800,8,7036188951
9436,115958574334,177124,115958751458,8,0,0,2048,8,4462513620
9437,115958631734,194295,115958826029,7,0,0,314880,7,6129797949
9438,115958680476,23116,115958703592,7,0,1,262144,7,2604625021
9439,115958816303,36342,115958852645,5,0,0,41472,5,10339941841
9440,115958850016,413004,115959263020,5,0,0,64000,5,5468283234
9441,115959019983,74604,115959094587,0,0,1,83456,0,7046870702
9442,115959095113,81628,115959176741,7,0,0,121856,7,6050252729
9443,115959138550,343028,115959481578,9,0,1,23552,9,6984263574
9444,115959176109,14040,115959190149,9,0,0,132096,9,1947489089
9445,115959333403,249559,115959582962,8,0,1,18432,8,10463742284
9446,115959345894,142078,115959487972,0,0,1,14848,0,1710966526
9447,115959354438,134620,115959489058,2,0,0,13824,2,950103706
9448,115959453434,14626,115959468060,7,0,1,10240,7,6403102961
9449,115959475388,86264,115959561652,7,0,0,28160,7,1827569700
9450,115959553545,34533,115959588078,6,0,1,17920,6,6968509464
9451,115959570318,31223,115959601541,7,0,0,60416,7,771300809
9452,115959579427,93748,115959673175,4,0,0,27648,4,9794620478
9453,115959599696,116308,115959716004,7,0,0,193024,7,6051582227
9454,115959600311,144685,115959744996,0,0,1,8192,0,8224926982
9455,115959605155,170673,115959775828,1,0,1,19456,1,8057680618
9456,115959617331,256112,115959873443,6,0,0,348160,6,9656915993
9457,115959686329,223097,115959909426,4,0,0,122880,4,4994572086
9458,115959734036,176056,115959910092,1,0,0,1024,1,1891383862
9459,115959736394,189456,115959925850,2,0,0,50688,2,3355410736
9460,115959851791,101209,115959953000,5,0,0,89088,5,9205307543
9461,115959956703,35567,115959992270,5,0,0,62464,5,2165010455
9462,115959960674,68601,115960029275,7,0,0,90624,7,4652125056
9463,115960028632,14113,115960042745,9,0,0,24064,9,10341535332
9464,115960075261,200803,115960276064,8,0,1,2560,8,4799530034
9465,115960205269,73917,115960279186,0,0,1,7168,0,6795965961
9466,115960269545,94079,115960363624,7,0,0,153088,7,6220078676
9467,115960299115,70718,115960369833,6,0,0,29696,6,9141132476
9468,115960376191,171480,115960547671,6,0,1,24064,6,5266186214
9469,115960506461,105408,115960611869,2,0,0,175104,2,6123201850
9470,115960570199,84571,115960654770,6,0,1,512,6,7883449082
9471,115960574044,195241,115960769285,7,0,0,320000,7,8014901156
9472,115960611292,158979,115960770271,1,0,0,1536,1,3784022141
9473,115960850640,13249,115960863889,7,0,0,25600,7,228650318
9474,115960863844,106446,115960970290,2,0,0,177152,2,4726892933
9475,115960900057,70899,115960970956,1,0,0,1024,1,413273313
9476,115960949466,101656,115961051122,9,0,1,22528,9,6493426045
9477,115960967294,257465,115961224759,0,0,1,33792,0,9774449814
9478,115961287986,86380,115961374366,0,0,1,18944,0,3520675827
9479,115961372354,36537,115961408891,7,0,0,60416,7,7974963183
9480,115961579184,87892,115961667076,8,0,1,13824,8,2453080065
9481,115961763509,57436,115961820945,9,0,1,4608,9,8989522020
9482,115961817684,11787,115961829471,0,0,1,10752,0,6078551134
9483,115961838202,77740,115961915942,4,0,0,19456,4,7176326594
9484,115961847296,120903,115961968199,8,0,1,50688,8,6450040796
9485,115961930635,108104,115962038739,2,0,1,24576,2,6815700459
9486,115962044450,23374,115962067824,6,0,0,41984,6,8231827012
9487,115962064936,55744,115962120680,6,0,1,4096,6,8677463248
9488,115962075122,71401,115962146523,0,0,1,2048,0,9914838413
9489,115962110625,222130,115962332755,7,0,1,113664,7,2762036968
9490,115962133513,202217,115962335730,7,0,1,9728,7,8908365693
9491,115962268873,66868,115962335741,4,0,0,99840,4,1850579632
9492,115962349986,166884,115962516870,0,0,1,9216,0,8325095193
9493,115962498515,1038,115962499553,9,0,1,21504,9,1846523690
9494,115962526091,82552,115962608643,8,0,0,1024,8,7318469982
9495,115962615921,31003,115962646924,7,0,0,50176,7,3221311213
9496,115962741191,14541,115962755732,2,0,0,28160,2,7851094697
9497,115962819617,1990,115962821607,8,0,0,2048,8,9919862263
9498,115962842721,41128,115962883849,6,0,1,30720,6,3996948697
9499,115962875001,14368,115962889369,6,0,0,66560,6,10663642259
9500,115962906587,100720,115963007307,1,0,0,7680,1,6772965345
9501,115962961121,562,115962961683,6,0,1,14336,6,10291076905
9502,115962988218,74224,115963062442,8,0,0,512,8,3732558463
9503,115963029620,7226,115963036846,1,0,1,121856,1,7717117654
9504,115963149271,182410,115963331681,1,0,0,7680,1,6258751518
9505,115963181845,99169,115963281014,0,0,1,12288,0,1840006071
9506,115963217041,111709,115963328750,1,0,1,37888,1,869545088
9507,115963260574,116050,115963376624,9,0,0,192512,9,7444416776
9508,115963344533,32245,115963376778,5,0,0,8704,5,8255174947
9509,115963522985,13596,115963536581,6,0,0,23040,6,341383834
9510,115963591549,94596,115963686145,4,0,0,154112,4,5809923166
9511,115963765479,5708,115963771187,2,0,0,14336,2,9670959453
9512,115963910516,22170,115963932686,9,0,0,36352,9,598939662
9513,115964020304,173867,115964194171,7,0,1,102912,7,5210725202
9514,115964252272,80909,115964333181,7,0,1,40960,7,2491724146
9515,115964253717,103840,115964357557,8,0,1,4608,8,10354399681
9516,115964519622,111640,115964631262,7,0,1,66560,7,2046718293
9517,115964645906,68836,115964714742,6,0,1,11776,6,5209867670
9518,115964727523,78832,115964806355,9,0,1,14336,9,2829268600
9519,115964758054,5967,115964764021,9,0,1,71680,9,338495698
9520,115964829454,113200,115964942654,9,0,0,14848,9,3817239041
9521,115964876127,1514,115964877641,1,0,0,1536,1,2970615047
9522,115964881495,3418,115964884913,1,0,0,3584,1,10499070372
9523,115964994371,14283,115965008654,1,0,1,52736,1,3195410979
9524,115965049998,107428,115965157426,2,0,0,27648,2,7862856333
9525,115965081490,101188,115965182678,9,0,1,32256,9,8568104116
9526,115965152683,127984,115965280667,5,0,0,212480,5,7578175774
9527,115965200215,107500,115965307715,6,0,0,96768,6,5832869383
9528,115965302270,125400,115965427670,7,0,0,207360,7,678550355
9529,115965304244,137392,115965441636,1,0,1,15872,1,10289771497
9530,115965412137,131423,115965543560,9,0,1,4096,9,9779087825
9531,115965817234,4370,115965821604,8,0,0,4608,8,4543110130
9532,115966114735,14113,115966128848,6,0,0,24064,6,7043458257
9533,115966238169,2942,115966241111,8,0,0,3072,8,3395036821
9534,115966258498,83437,115966341935,4,0,0,135680,4,8788444135
9535,115966265117,113313,115966378430,4,0,0,117248,4,1202755135
9536,115966376446,3418,115966379864,7,0,1,210432,7,7574999018
9537,115966408654,284963,115966693617,8,0,0,3584,8,9706187553
9538,115966585489,77343,115966662832,6,0,1,4608,6,2409483578
9539,115966613210,153010,115966766220,2,0,0,167936,2,10495327594
9540,115966767743,4370,115966772113,8,0,0,4608,8,2661871995
9541,115966921235,54052,115966975287,9,0,1,3584,9,6421854800
9542,115966975646,5322,115966980968,8,0,0,5632,8,7679560747
9543,115966991105,91753,115967082858,6,0,0,148480,6,3433754429
9544,115967091560,3418,115967094978,1,0,0,3584,1,1753355879
9545,115967130198,3894,115967134092,8,0,0,4096,8,2449539515
9546,115967190330,145133,115967335463,2,0,1,512,2,1881329271
9547,115967211933,87970,115967299903,2,0,0,239104,2,2371448937
9548,115967274249,63310,115967337559,9,0,1,11264,9,3934689803
9549,115967305283,136417,115967441700,7,0,0,123904,7,9077906300
9550,115967331889,222029,115967553918,1,0,0,3072,1,2856041139
9551,115967647513,4370,115967651883,1,0,1,474624,1,9177557366
9552,115967703103,46467,115967749570,1,0,0,4608,1,9091616699
9553,115967712169,383428,115968095597,9,0,0,80384,9,9367151816
9554,115967837251,195909,115968033160,9,0,1,7168,9,7276959893
9555,115967905402,143550,115968048952,7,0,0,30720,7,9909415478
9556,115967932442,201745,115968134187,7,0,1,3584,7,10234550420
9557,115967948827,335915,115968284742,1,0,1,238080,1,10016914602
9558,115968189086,97539,115968286625,6,0,1,6144,6,3374877619
9559,115968206310,85014,115968291324,2,0,1,15360,2,6159867445
9560,115968276739,190052,115968466791,6,0,0,288256,6,8221088972
9561,115968342837,310534,115968653371,7,0,1,178688,7,6303125970
9562,115968536398,165436,115968701834,2,0,1,3072,2,4859593761
9563,115968703269,55744,115968759013,0,0,1,4096,0,291780485
9564,115968708027,64650,115968772677,7,0,1,339456,7,7961513675
9565,115968711730,293092,115969004822,7,0,0,109056,7,67241763
9566,115968860336,145646,115969005982,6,0,1,15872,6,8142792078
9567,115968918969,88045,115969007014,1,0,1,208896,1,3691196922
9568,115968963329,286302,115969249631,4,0,0,78336,4,4512078992
9569,115969087964,345654,115969433618,7,0,0,559616,7,3541621304
9570,115969136003,213884,115969349887,0,0,1,136704,0,1866338250
9571,115969243404,198114,115969441518,0,0,1,4096,0,10246738008
9572,115969261874,293686,115969555560,9,0,0,136192,9,6835914209
9573,115969303770,105747,115969409517,2,0,0,83968,2,6098865581
9574,115969432324,453541,115969885865,4,0,0,123904,4,5551470539
9575,115969517433,202980,115969720413,0,0,1,24576,0,585671486
9576,115969789482,6225,115969795707,2,0,0,15360,2,4162637902
9577,115969915007,21137,115969936144,0,0,1,512,0,9231810049
9578,115969929648,43900,115969973548,4,0,0,34304,4,10193788169
9579,115969946959,94372,115970041331,6,0,1,19968,6,9751194302
9580,115970102092,64204,115970166296,2,0,1,6656,2,9123696035
9581,115970203936,1038,115970204974,8,0,0,1024,8,5921877055
9582,115970222113,21395,115970243508,4,0,0,34816,4,7833441374
9583,115970275025,63187,115970338212,7,0,0,102912,7,1358364730
9584,115970416148,122387,115970538535,7,0,0,198144,7,7535408448
9585,115970497596,64391,115970561987,0,0,1,6656,0,5821287891
9586,115970556483,202612,115970759095,4,0,0,108544,4,4047241005
9587,115970617241,185721,115970802962,7,0,0,301568,7,4181071283
9588,115970821802,4416,115970826218,6,0,1,13824,6,705963100
9589,115970888901,118592,115971007493,5,0,0,11776,5,8303416954
9590,115970942360,4416,115970946776,7,0,1,200192,7,4489635054
9591,115970945551,206778,115971152329,4,0,0,11776,4,8914545201
9592,115971076076,125229,115971201305,7,0,0,203776,7,7821462366
9593,115971163944,102378,115971266322,0,0,1,11776,0,1755945143
9594,115971182104,212887,115971394991,6,0,1,1536,6,1043262117
9595,115971254937,221285,115971476222,7,0,1,28160,7,4513250849
9596,115971449974,91744,115971541718,6,0,1,16384,6,4300776027
9597,115971477320,94344,115971571664,0,0,1,7680,0,6403238261
9598,115971554209,66200,115971620409,5,0,0,112128,5,3751851582
9599,115971647603,24925,115971672528,7,0,1,84480,7,5863948164
9600,115971689236,31112,115971720348,4,0,0,45056,4,5944291442
9601,115971697343,268423,115971965766,4,0,0,46080,4,5468622434
9602,115971782836,133209,115971916045,6,0,0,210944,6,7641291399
9603,115971890515,140286,115972030801,9,0,0,189952,9,2066352706
9604,115971913418,170198,115972083616,6,0,0,179200,6,9441627950
9605,115971953599,145775,115972099374,2,0,0,50688,2,5400145514
9606,115971972341,137658,115972109999,7,0,0,34304,7,1568663861
9607,115971994810,50995,115972045805,0,0,1,46080,0,9200469296
9608,115972105324,350499,115972455823,0,0,1,34304,0,10079547992
9609,115972125971,113812,115972239783,4,0,0,82432,4,4163793619
9610,115972250225,97191,115972347416,6,0,1,48640,6,3021785108
9611,115972270049,180523,115972450572,9,0,0,184832,9,8364496701
9612,115972317724,356042,115972673766,2,0,0,99328,2,7558734212
9613,115972360273,112960,115972473233,0,0,1,38912,0,3793912745
9614,115972399461,103717,115972503178,6,0,1,4608,6,1858098331
9615,115972420844,83732,115972504576,7,0,0,152576,7,4135768756
9616,115972446423,210085,115972656508,2,0,0,26624,2,8030034060
9617,115972502265,144874,115972647139,6,0,0,238592,6,9606685289
9618,115972510834,103687,115972614521,7,0,1,62976,7,363572569
9619,115972689982,25123,115972715105,5,0,0,168448,5,10317547270
9620,115972772412,325623,115973098035,1,0,0,6144,1,6935676439
9621,115972929935,14025,115972943960,6,0,0,27136,6,6921395945
9622,115973057428,53491,115973110919,6,0,0,90624,6,9126038074
9623,115973064161,47104,115973111265,8,0,0,512,8,2378009552
9624,115973082767,29062,115973111829,6,0,0,10752,6,8869393723
9625,115973099001,91753,115973190754,6,0,0,148480,6,9236862448
9626,115973145793,71394,115973217187,2,0,0,85504,2,6801614222
9627,115973249313,1514,115973250827,8,0,0,1536,8,3210701320
9628,115973284300,123420,115973407720,5,0,0,200192,5,1139462719
9629,115973334342,64311,115973398653,2,0,1,8704,2,3389991369
9630,115973346955,132178,115973479133,5,0,0,5632,5,6734236305
9631,115973363860,562,115973364422,1,0,1,109568,1,1926656588
9632,115973528928,22429,115973551357,1,0,0,512,1,522278357
9633,115973591963,429139,115974021102,4,0,0,36864,4,9423326471
9634,115973799134,55744,115973854878,0,0,1,4096,0,7301302576
9635,115973941830,106960,115974048790,2,0,1,51200,2,343508234
9636,115973954264,104053,115974058317,2,0,1,31232,2,858968716
9637,115974120786,3418,115974124204,8,0,0,3584,8,5805955072
9638,115974174581,1038,115974175619,1,0,0,1024,1,8032851800
9639,115974218938,318706,115974537644,7,0,1,356864,7,9488908859
9640,115974271412,272335,115974543747,2,0,1,19968,2,497558428
9641,115974379879,207247,115974587126,1,0,1,142336,1,2902570684
9642,115974477943,110656,115974588599,5,0,0,1536,5,9899695489
9643,115974755857,5322,115974761179,8,0,0,5632,8,8620777358
9644,115974985486,64204,115975049690,3,0,1,6656,3,8472399747
9645,115975072860,60862,115975133722,7,0,1,342016,7,2749129968
9646,115975111122,45370,115975156492,4,0,0,98304,4,2550016121
9647,115975132413,2466,115975134879,6,0,0,27648,6,2100274590
9648,115975219879,314182,115975534061,3,0,1,4096,3,10145078246
9649,115975269252,198698,115975467950,5,0,0,2560,5,9746025251
9650,115975359214,387903,115975747117,9,0,0,587776,9,706784088
9651,115975431650,294223,115975725873,7,0,1,266752,7,4057335802
9652,115975455480,456887,115975912367,8,0,0,4096,8,238639355
9653,115975514354,93463,115975607817,3,0,1,16896,3,7904329211
9654,115975795085,38113,115975833198,7,0,0,55296,7,2335048968
9655,115975840951,406530,115976247481,3,0,1,21504,3,3471923835
9656,115975851014,179150,115976030164,1,0,0,512,1,2399141110
9657,115975998510,22170,115976020680,9,0,0,36352,9,3984427980
9658,115976315144,45592,115976360736,3,0,1,1024,3,7208871741
9659,115976610798,50737,115976661535,4,0,0,81920,4,1631963013
9660,115976635125,151342,115976786467,0,0,1,32256,0,8547534040
9661,115976771143,152762,115976923905,2,0,0,247296,2,3049309151
9662,115976868773,58038,115976926811,5,0,0,4608,5,728385157
9663,115976953782,72537,115977026319,2,0,0,117760,2,5668048509
9664,115977070555,15833,115977086388,7,0,0,30720,7,8918049445
9665,115977312596,144962,115977457558,9,0,0,235520,9,5887275494
9666,115977485829,5798,115977491627,1,0,1,61952,1,1032574483
9667,115977573239,1038,115977574277,8,0,0,6144,8,1254412827
9668,115977626079,180130,115977806209,5,0,0,1024,5,2902102154
9669,115977674379,75033,115977749412,7,0,1,500736,7,10104663886
9670,115977701040,55041,115977756081,4,0,0,125952,4,5679753030
9671,115977777838,63704,115977841542,4,0,0,93696,4,855357264
9672,115977866651,433540,115978300191,9,0,0,103936,9,282276927
9673,115977869910,257060,115978126970,7,0,1,62464,7,7177490948
9674,115977914265,167790,115978082055,1,0,1,263168,1,9494974139
9675,115978024822,410269,115978435091,2,0,0,111104,2,9969221956
9676,115978247204,154330,115978401534,3,0,1,18432,3,9325135017
9677,115978498168,73912,115978572080,0,0,1,13312,0,820290936
9678,115978641281,62380,115978703661,3,0,1,10752,3,5744403603
9679,115978722379,22858,115978745237,4,0,0,40960,4,1164097902
9680,115978835002,7226,115978842228,4,0,1,146432,4,4739972831
9681,115978878216,185354,115979063570,6,0,0,7680,6,9157862588
9682,115978887455,345654,115979233109,2,0,0,559616,2,4850196246
9683,115978896239,348212,115979244451,9,0,0,37888,9,9222784218
9684,115978910590,355776,115979266366,4,0,0,72192,4,3982186525
9685,115978991030,286780,115979277810,6,0,0,46592,6,2190058327
9686,115979100710,224270,115979324980,9,0,0,160256,9,952213547
9687,115979250951,219268,115979470219,3,0,1,10240,3,8191405393
9688,115979460645,121612,115979582257,6,0,0,196608,6,5270768835
9689,115979526401,125141,115979651542,0,0,1,18432,0,1904319469
9690,115979575937,288602,115979864539,7,0,0,206848,7,2668622448
9691,115979676454,152503,115979828957,1,0,1,86528,1,2046365093
9692,115979699287,123475,115979822762,6,0,0,246784,6,1449920984
9693,115979720272,21137,115979741409,1,0,1,294400,1,1202067325
9694,115979743970,73741,115979817711,9,0,0,58368,9,6160464500
9695,115979910334,63446,115979973780,4,0,0,34304,4,9963976040
9696,115979926420,454500,115980380920,9,0,0,123392,9,10479549621
9697,115979972976,524693,115980497669,0,0,1,17408,0,8946757560
9698,115979989065,347507,115980336572,7,0,0,103424,7,7632509717
9699,115980131729,273572,115980405301,4,0,0,330752,4,8174694195
9700,115980212268,376579,115980588847,6,0,0,468480,6,8004073513
9701,115980353628,236525,115980590153,5,0,0,2048,5,6110587001
9702,115980462012,160219,115980622231,6,0,0,104448,6,3764848521
9703,115980478706,184641,115980663347,2,0,0,139264,2,7982830357
9704,115980494515,190849,115980685364,6,0,0,80896,6,2216993019
9705,115980565513,91883,115980657396,1,0,1,229888,1,1438653728
9706,115980570922,106958,115980677880,3,0,1,10240,3,5880431094
9707,115980594787,251846,115980846633,1,0,0,2048,1,1940281367
9708,115980624860,156061,115980780921,9,0,1,6144,9,2127662136
9709,115980695216,248851,115980944067,4,0,0,178176,4,7055186749
9710,115980705331,70986,115980776317,9,0,1,8192,9,2211446774
9711,115980710342,45258,115980755600,7,0,0,194048,7,8454115284
9712,115980816205,449265,115981265470,9,0,0,66560,9,10454072654
9713,115980842919,38386,115980881305,5,0,0,1536,5,2391480908
9714,115980911410,336930,115981248340,0,0,1,4096,0,8865995143
9715,115980978850,1514,115980980364,5,0,0,2560,5,9197597681
9716,115981114645,227454,115981342099,1,0,0,1536,1,7243854082
9717,115981286613,20620,115981307233,7,0,0,33280,7,7283744586
9718,115981427798,112262,115981540060,7,0,0,181760,7,10502224090
9719,115981499400,134151,115981633551,9,0,1,26112,9,10480712818
9720,115981721575,44916,115981766491,6,0,0,77312,6,5789673802
9721,115981836918,13854,115981850772,2,0,0,23552,2,3810531605
9722,115981842978,98515,115981941493,4,0,0,162816,4,1280329806
9723,115981848026,24666,115981872692,9,0,1,9728,9,2252431614
9724,115982004393,223907,115982228300,2,0,0,44544,2,1240668019
9725,115982193008,1038,115982194046,8,0,0,1024,8,1283064623
9726,115982218740,58528,115982277268,3,0,1,8192,3,4101747381
9727,115982293354,74346,115982367700,2,0,0,121344,2,3341957920
9728,115982320794,58248,115982379042,7,0,0,37888,7,6794876253
9729,115982441955,1038,115982442993,8,0,0,1024,8,1017036428
9730,115982527025,23462,115982550487,6,0,0,38912,6,79624602
9731,115982594061,3894,115982597955,1,0,0,4096,1,6668069509
9732,115982723218,113775,115982836993,3,0,1,4608,3,4182829978
9733,115982933037,562,115982933599,0,0,1,1024,0,1633504646
9734,115982945278,45592,115982990870,5,0,0,512,5,5479275382
9735,115982960406,103372,115983063778,0,0,1,39424,0,3430200983
9736,115983059563,5192,115983064755,3,0,1,43008,3,10465561993
9737,115983069852,54364,115983124216,2,0,0,13312,2,8706627033
9738,115983080941,34533,115983115474,0,0,1,4608,0,8087993877
9739,115983115833,108671,115983224504,9,0,0,60416,9,9400847871
9740,115983169508,562,115983170070,4,0,0,512,4,5898841528
9741,115983193885,50737,115983244622,9,0,0,81920,9,1776808487
9742,115983403568,194554,115983598122,7,0,0,315392,7,6781458644
9743,115983415754,213422,115983629176,7,0,0,107520,7,8074054299
9744,115983507731,122111,115983629842,2,0,0,11264,2,7880796381
9745,115983516221,129788,115983646009,7,0,0,52736,7,3270809958
9746,115983528803,122352,115983651155,7,0,0,8192,7,10137777656
9747,115983536903,145716,115983682619,9,0,0,109568,9,7787811420
9748,115983615159,247232,115983862391,3,0,1,3072,3,8857789664
9749,115983965738,116944,115984082682,1,0,1,83968,1,8616522163
9750,115984029321,75033,115984104354,6,0,0,125952,6,6890207337
9751,115984040016,104570,115984144586,4,0,0,100352,4,10553463970
9752,115984061416,88867,115984150283,7,0,0,18944,7,2130564475
9753,115984132853,17776,115984150629,1,0,0,512,1,2126688953
9754,115984168194,73571,115984241765,7,0,0,119808,7,4234635760
9755,115984198370,132518,115984330888,0,0,1,50688,0,8417950027
9756,115984310918,21395,115984332313,4,0,0,34816,4,6112591788
9757,115984346673,175487,115984522160,9,0,1,10240,9,3633078228
9758,115984435925,200077,115984636002,7,0,1,21504,7,10631943567
9759,115984789988,245179,115985035167,4,0,0,397312,4,2923778295
9760,115984805207,261014,115985066221,4,0,0,107520,4,1333811386
9761,115984856117,261884,115985118001,3,0,1,4608,3,9086063941
9762,115985286918,134233,115985421151,9,0,0,221184,9,3339353945
9763,115985335230,90427,115985425657,1,0,0,7168,1,2810512046
9764,115985382731,22623,115985405354,3,0,1,41472,3,9020764315
9765,115985404980,196474,115985601454,5,0,0,3072,5,9590351800
9766,115985570414,144566,115985714980,2,0,0,224256,2,6683963903
9767,115985579995,95071,115985675066,3,0,1,34304,3,9009083199
9768,115985585388,72279,115985657667,1,0,1,399360,1,3430368356
9769,115985626425,92529,115985718954,9,0,0,31232,9,3433082275
9770,115985706348,346693,115986053041,7,0,1,516096,7,10726631516
9771,115985718600,116825,115985835425,4,0,0,117248,4,995615519
9772,115985767288,649787,115986417075,2,0,0,150016,2,8427183095
9773,115985823370,741377,115986564747,9,0,1,56832,9,5278389036
9774,115985837308,641682,115986478990,9,0,0,194048,9,4723607234
9775,115985869666,218833,115986088499,7,0,1,250880,7,3480808464
9776,115986107233,673268,115986780501,1,0,1,117248,1,3186168346
9777,115986247634,147670,115986395304,9,0,1,4608,9,2367165356
9778,115986396737,486047,115986882784,5,0,0,1536,5,9678206383
9779,115986449691,274306,115986723997,1,0,1,86016,1,1305009428
9780,115986650667,74121,115986724788,6,0,1,2560,6,4423181034
9781,115986692743,43712,115986736455,6,0,0,71680,6,2596453525
9782,115986739894,13854,115986753748,7,0,0,23552,7,569427872
9783,115986820430,562,115986820992,5,0,0,512,5,1737611313
9784,115986830683,5322,115986836005,1,0,1,5120,1,465925110
9785,115986833166,98231,115986931397,5,0,0,5632,5,3962544610
9786,115986951855,2942,115986954797,6,0,1,13312,6,10025473235
9787,115986998582,1412,115986999994,8,0,0,3072,8,357037778
9788,115987000458,57436,115987057894,5,0,0,512,5,5958657514
9789,115987036134,224576,115987260710,0,0,1,4608,0,10200174926
9790,115987192963,5322,115987198285,1,0,0,5632,1,10196157815
9791,115987218256,34275,115987252531,7,0,1,323584,7,3578309717
9792,115987321847,4776,115987326623,6,0,0,59904,6,5354180383
9793,115987352972,308566,115987661538,5,0,0,2560,5,7446303690
9794,115987440560,158006,115987598566,3,0,1,11264,3,6461562488
9795,115987564002,54052,115987618054,6,0,1,3584,6,9016708706
9796,115987615903,3894,115987619797,9,0,1,24576,9,5288177689
9797,115987654770,98848,115987753618,5,0,0,4096,5,7012535849
9798,115987692376,188428,115987880804,7,0,1,162304,7,8354255069
9799,115987706692,264912,115987971604,2,0,0,429056,2,6731978924
9800,115987787847,185063,115987972910,8,0,0,2048,8,1651023434
9801,115987960415,92529,115988052944,3,0,1,164864,3,4468922137
9802,115988002655,31779,115988034434,2,0,0,150016,2,8102763936
9803,115988195305,69468,115988264773,9,0,1,5120,9,9325135839
9804,115988227775,364976,115988592751,6,0,0,51712,6,4558294412
9805,115988418067,95620,115988513687,3,0,1,24064,3,259320258
9806,115988468441,13596,115988482037,1,0,1,297984,1,4415584288
9807,115988581238,43971,115988625209,2,0,0,23040,2,7175814917
9808,115988594628,280456,115988875084,7,0,0,72192,7,10087706053
9809,115988699449,98416,115988797865,6,0,1,2048,6,10054120201
9810,115988994254,64221,115989058475,6,0,0,104960,6,4557815181
9811,115989041802,21499,115989063301,5,0,0,7680,5,3212758922
9812,115989090218,3418,115989093636,2,0,0,3584,2,2210656991
9813,115989129484,186666,115989316150,9,0,0,306688,9,7402891970
9814,115989154614,170423,115989325037,9,0,1,1536,9,3374985841
9815,115989180814,265119,115989445933,1,0,1,41472,1,8967324983
9816,115989209415,320549,115989529964,0,0,1,11264,0,8087549755
9817,115989330429,241488,115989571917,7,0,1,45056,7,742572115
9818,115989467076,152151,115989619227,1,0,1,37888,1,5477013129
9819,115989559897,110704,115989670601,0,0,1,24064,0,6659971121
9820,115989652682,235079,115989887761,2,0,0,1037824,2,6485651831
9821,115989787754,640829,115990428583,1,0,0,512,1,917255286
9822,115989872399,506103,115990378502,5,0,0,512,5,6527137100
9823,115989875341,421804,115990297145,2,0,1,6144,2,5715420360
9824,115989919411,391487,115990310898,7,0,0,66048,7,8187522910
9825,115989925494,397581,115990323075,7,0,1,34304,7,1706047136
9826,115989944746,385798,115990330544,9,0,0,50176,9,2346300666
9827,115990186184,55497,115990241681,9,0,1,25600,9,597488166
9828,115990316100,1990,115990318090,9,0,0,89600,9,6335418896
9829,115990407308,317717,115990725025,0,0,1,1024,0,8570324295
9830,115990420127,162000,115990582127,5,0,0,2048,5,3114401705
9831,115990537859,41645,115990579504,1,0,1,158720,1,10555546178
9832,115990564308,227764,115990792072,4,0,0,67584,4,7617009429
9833,115990603982,146942,115990750924,3,0,1,145920,3,8337086096
9834,115990620432,150436,115990770868,6,0,0,242688,6,8501620254
9835,115990664313,137801,115990802114,4,0,0,153088,4,7806191647
9836,115990677294,55131,115990732425,1,0,0,512,1,7699598193
9837,115990760630,42102,115990802732,1,0,0,1024,1,4523231832
9838,115990785513,22226,115990807739,2,0,0,40448,2,1887819913
9839,115990808295,299916,115991108211,8,0,0,4608,8,5545294404
9840,115990865191,205461,115991070652,2,0,1,47104,2,9870563695
9841,115990901582,263263,115991164845,9,0,0,328704,9,6540734821
9842,115990964405,168662,115991133067,7,0,0,91648,7,55282303
9843,115991077506,80212,115991157718,2,0,1,13824,2,4440898792
9844,115991122140,35567,115991157707,7,0,1,10752,7,9849519332
9845,115991148134,116701,115991264835,4,0,0,62464,4,2276665949
9846,115991252111,7702,115991259813,1,0,0,8192,1,1017942054
9847,115991290285,5450,115991295735,2,0,1,32256,2,2110667856
9848,115991296447,31262,115991327709,6,0,0,13824,6,4062832501
9849,115991341738,22946,115991364684,2,0,0,50688,2,2760643965
9850,115991399421,3900,115991403321,7,0,1,31232,7,2641617451
9851,115991402994,195338,115991598332,4,0,0,37888,4,9194573396
9852,115991445948,1990,115991447938,9,0,0,10752,9,9851650883
9853,115991465139,189473,115991654612,9,0,1,27136,9,6927470952
9854,115991482340,138474,115991620814,5,0,1,25088,5,925881778
9855,115991494900,218666,115991713566,7,0,1,88064,7,1964327325
9856,115991521230,26332,115991547562,8,0,0,2048,8,9216147598
9857,115991687805,12892,115991700697,8,0,0,512,8,10038272716
9858,115991704733,261249,115991965982,5,0,0,4096,5,5647489556
9859,115991739070,562,115991739632,8,0,0,512,8,2056567347
9860,115991795902,13596,115991809498,2,0,0,23040,2,4717845255
9861,115991932304,5967,115991938271,7,0,0,14848,7,3427430718
9862,115992226636,105238,115992331874,9,0,0,171520,9,5199328293
9863,115992291194,34392,115992325586,6,0,1,12800,6,8045158237
9864,115992300388,206371,115992506759,8,0,0,4608,8,2423219969
9865,115992384847,350734,115992735581,7,0,0,572928,7,86013980
9866,115992390658,345487,115992736145,9,0,0,10752,9,10129816582
9867,115992498850,253638,115992752488,4,0,0,259584,4,1998630223
9868,115992541480,315468,115992856948,8,0,1,21504,8,5836364933
9869,115992666403,142433,115992808836,6,0,1,10752,6,9825539818
9870,115992676071,121251,115992797322,7,0,0,6656,7,10658031671
9871,115992702847,56534,115992759381,2,0,0,26624,2,2523834964
9872,115992768870,5450,115992774320,8,0,0,2048,8,5329778230
9873,115992840659,264200,115993104859,2,0,0,13824,2,2947767081
9874,115992867962,75291,115992943253,4,0,0,126464,4,4518872205
9875,115992873016,562,115992873578,3,0,1,15872,3,6377384948
9876,115992875011,252881,115993127892,2,0,1,30208,2,1034768721
9877,115992941284,55558,115992996842,3,0,1,32256,3,9356739172
9878,115992979493,114848,115993094341,7,0,0,512,7,7840170759
9879,115993023095,294517,115993317612,0,0,1,5120,0,5522425527
9880,115993108608,218319,115993326927,0,0,1,512,0,8348977968
9881,115993111168,411163,115993522331,6,0,0,94720,6,7855923540
9882,115993139392,275213,115993414605,2,0,0,444416,2,8741142125
9883,115993160894,347590,115993508484,7,0,0,310272,7,10450979984
9884,115993247252,108274,115993355526,3,0,1,5632,3,8552149181
9885,115993431522,65018,115993496540,7,0,1,13312,7,1682089105
9886,115993436295,184881,115993621176,6,0,0,123392,6,9434033679
9887,115993491097,370878,115993861975,6,0,0,47104,6,5136654828
9888,115993516820,141862,115993658682,7,0,0,229376,7,3952607632
9889,115993655003,43900,115993698903,1,0,1,512,1,5776459303
9890,115993664839,1038,115993665877,7,0,1,545792,7,8235257513
9891,115993722868,270679,115993993547,8,0,0,1024,8,9448264178
9892,115993813515,590470,115994403985,6,0,1,24064,6,5943642449
9893,115993866143,301561,115994167704,1,0,1,165888,1,4686649929
9894,115993953767,528420,115994482187,7,0,0,373248,7,113684388
9895,115994108818,190403,115994299221,1,0,1,194048,1,7861752768
9896,115994204179,174505,115994378684,6,0,0,186368,6,514287056
9897,115994220088,127798,115994347886,1,0,0,3584,1,776270236
9898,115994266806,52491,115994319297,7,0,0,14336,7,9753236846
9899,115994294325,1990,115994296315,2,0,1,13312,2,8577245641
9900,115994344095,1514,115994345609,8,0,0,2048,8,7539911904
9901,115994387787,160029,115994547816,9,0,1,9728,9,5566184960
9902,115994435506,64221,115994499727,6,0,1,32256,6,518496006
9903,115994444462,544310,115994988772,8,0,0,2048,8,1185156695
9904,115994448754,362870,115994811624,1,0,0,1536,1,2733530495
9905,115994473079,199571,115994672650,1,0,1,50688,1,6492881467
9906,115994507308,259891,115994767199,7,0,1,11776,7,5115133574
9907,115994510230,191688,115994701918,4,0,0,104960,4,1491664173
9908,115994574898,204937,115994779835,2,0,0,332288,2,9942727310
9909,115994589017,193084,115994782101,1,0,0,3584,1,1911759649
9910,115994630898,1990,115994632888,0,0,1,23552,0,2250273615
9911,115994699839,252122,115994951961,0,0,1,20480,0,8032346514
9912,115994862071,221240,115995083311,5,0,0,2048,5,1858171551
9913,115994937897,5450,115994943347,3,0,1,9728,3,6646129305
9914,115994947108,78712,115995025820,9,0,1,14336,9,972031482
9915,115994999375,182037,115995181412,6,0,0,13824,6,3689261815
9916,115995105649,45190,115995150839,6,0,1,14336,6,3879081930
9917,115995123435,78832,115995202267,8,0,1,512,8,4486058620
9918,115995499237,104776,115995604013,9,0,1,44032,9,6206526182
9919,115995617841,7702,115995625543,0,0,1,40448,0,1515211590
9920,115995642967,103684,115995746651,4,0,0,8192,4,1732938224
9921,115995652171,117528,115995769699,6,0,1,20992,6,9977502727
9922,115995734689,197764,115995932453,7,0,1,187904,7,8709712545
9923,115995764544,188507,115995953051,7,0,1,52736,7,10143741780
9924,115995888316,13490,115995901806,0,0,1,5120,0,6681239930
9925,115995942495,100185,115996042680,1,0,0,3072,1,8748619272
9926,115995988723,45592,115996034315,6,0,1,1024,6,10524642289
9927,115996124000,95908,115996219908,9,0,1,19968,9,7819733534
9928,115996248623,53062,115996301685,9,0,0,86528,9,8216673596
9929,115996360038,97288,115996457326,3,0,1,19456,3,10644035542
9930,115996533358,1038,115996534396,3,0,1,16384,3,5084658077
9931,115996541963,94816,115996636779,5,0,0,1024,5,1531573610
9932,115996715698,50668,115996766366,8,0,1,2560,8,2020885580
9933,115996737331,32295,115996769626,2,0,1,10752,2,6707391420
9934,115996769630,76204,115996845834,9,0,0,52736,9,2779787544
9935,115996805136,8410,115996813546,7,0,0,15360,7,1983967877
9936,115996949023,96352,115997045375,1,0,1,16384,1,4573186974
9937,115997031187,234795,115997265982,2,0,0,380416,2,7123307380
9938,115997093347,178354,115997271701,3,0,1,1024,3,6609761493
9939,115997103871,171816,115997275687,8,0,1,6656,8,4052854871
9940,115997125323,80788,115997206111,9,0,0,99840,9,1545451008
9941,115997216697,196057,115997412754,1,0,0,512,1,1823620016
9942,115997284588,207915,115997492503,2,0,1,10752,2,8635236942
9943,115997504989,84900,115997589889,6,0,0,141824,6,4311539336
9944,115997529654,272064,115997801718,7,0,1,41472,7,1378579719
9945,115997610897,212211,115997823108,7,0,1,9728,7,8281134389
9946,115997883432,3894,115997887326,1,0,0,4096,1,723275924
9947,115997970422,21137,115997991559,6,0,0,34304,6,9128019044
9948,115998003017,1514,115998004531,8,0,0,1536,8,4759063287
9949,115998331454,1514,115998332968,8,0,0,1536,8,2264678239
9950,115998368036,83908,115998451944,8,0,1,15872,8,5384881926
9951,115998434531,64650,115998499181,2,0,0,109056,2,5907751764
9952,115998442698,1038,115998443736,7,0,1,46592,7,9795880668
9953,115998522060,180179,115998702239,4,0,0,1024,4,4870632512
9954,115998556536,87642,115998644178,5,0,1,4608,5,5634720498
9955,115998584394,66832,115998651226,8,0,1,10240,8,9649505454
9956,115998673101,562,115998673663,5,0,0,512,5,3645770402
9957,115998705405,34016,115998739421,2,0,1,20992,2,4220026042
9958,115998750076,97756,115998847832,7,0,0,59392,7,4776053813
9959,115998835073,97156,115998932229,2,0,1,24064,2,6128238270
9960,115998954476,1990,115998956466,4,0,0,2048,4,4926471898
9961,115999032627,103684,115999136311,0,0,1,40448,0,4483554110
9962,115999080897,82920,115999163817,2,0,0,134656,2,10454274804
9963,115999092779,63187,115999155966,8,0,1,8704,8,2398586428
9964,115999131512,146567,115999278079,5,0,1,33792,5,4631245032
9965,115999159013,1038,115999160051,6,0,0,102912,6,5317025896
9966,115999167021,4416,115999171437,1,0,1,582656,1,3777538335
9967,115999179467,252491,115999431958,1,0,1,113664,1,4342201653
9968,115999323197,64391,115999387588,8,0,0,1024,8,1018989332
9969,115999328856,315842,115999644698,5,0,0,11776,5,4350193595
9970,115999348616,27581,115999376197,3,0,1,41472,3,9767867270
9971,115999372045,91334,115999463379,2,0,0,108544,2,7265941811
9972,115999419784,33329,115999453113,8,0,0,2560,8,5874604803
9973,115999507809,22442,115999530251,2,0,1,3584,2,10307611911
9974,115999595155,666074,116000261229,0,0,1,4096,0,2131221325
9975,115999616018,497126,116000113144,7,0,0,54784,7,7355028657
9976,115999628851,195282,115999824133,8,0,0,3072,8,6442237539
9977,115999650471,251865,115999902336,9,0,0,41984,9,2755890649
9978,115999691648,196459,115999888107,7,0,0,66560,7,1918449761
9979,115999914040,100720,116000014760,0,0,1,30720,0,2527739126
9980,115999981626,70996,116000052622,8,0,1,13824,8,4750708654
9981,116000043401,51136,116000094537,8,0,1,4096,8,3701387194
9982,116000125506,3894,116000129400,4,0,0,4096,4,5847548777
9983,116000212434,198743,116000411177,3,0,1,3584,3,4181699861
9984,116000258821,279676,116000538497,7,0,1,295424,7,3681161308
9985,116000261963,496753,116000758716,7,0,0,803840,7,5143008816
9986,116000486359,354537,116000840896,9,0,0,270336,9,94258757
9987,116000539430,311784,116000851214,2,0,0,40960,2,351918305
9988,116000662318,192122,116000854440,7,0,0,5120,7,8436610
9989,116000731893,123213,116000855106,4,0,0,1024,4,10576543573
9990,116000760744,95988,116000856732,4,0,0,2560,4,1007890553
9991,116000769735,112816,116000882551,2,0,0,90624,2,7672053555
9992,116000771350,25495,116000796845,1,0,1,14848,1,5089296950
9993,116000859322,4370,116000863692,8,0,0,3584,8,5256553713
9994,116000909004,2466,116000911470,6,0,1,5120,6,5743505416
9995,116000930177,107020,116001037197,8,0,1,10240,8,859567726
9996,116000957988,264534,116001222522,3,0,1,4608,3,1604229448
9997,116000966579,125484,116001092063,1,0,0,4608,1,7166694586
9998,116000976883,176602,116001153485,7,0,0,2560,7,5902721626
9999,116001188207,83696,116001271903,9,0,0,136192,9,9539347171
