RequestID,ArrivalTime,DelayTime,FinishTime,InitiatorID,TargetID,IOType,Size,VolumeID,Offset
0,115584244784,95176,115584339960,5,0,1,27648,5,5160476929
1,115584383475,47596,115584431071,8,0,1,2560,8,7558028251
2,115584427928,232228,115584660156,0,0,1,265728,0,1238130744
3,115584459359,200808,115584660167,1,0,0,302080,1,9606157412
4,115584470911,147003,115584617914,4,0,0,996352,4,5658003859
5,115584518488,296324,115584814812,4,0,1,8704,4,1901086135
6,115584772688,693246,115585465934,1,0,1,15872,1,8695177302
7,115584864150,316379,115585180529,6,0,0,61952,6,6192645508
8,115584935123,251512,115585186635,3,0,0,20992,3,8773947660
9,115585025669,170554,115585196223,0,0,1,176640,0,10335745685
10,115585027627,304895,115585332522,1,0,0,47104,1,8955396447
11,115585068506,481116,115585549622,5,0,1,58368,5,2856106732
12,115585411245,28446,115585439691,6,0,1,36864,6,6260258546
13,115585483281,26852,115585510133,3,0,0,12800,3,9702450157
14,115585489550,134754,115585624304,4,0,0,14336,4,2745035030
15,115585581562,101344,115585682906,4,0,1,93696,4,4076271982
16,115585657028,216878,115585873906,5,0,1,32768,5,7481743275
17,115585698177,100274,115585798451,3,0,0,145920,3,1017550425
18,115585701488,264394,115585965882,0,0,1,253952,0,8881630669
19,115585914406,155451,115586069857,7,0,0,449536,7,3271429209
20,115585924360,328614,115586252974,5,0,1,6144,5,180045578
21,115585962314,316689,115586279003,1,0,0,114688,1,2082764163
22,115586055013,171594,115586226607,8,0,1,45056,8,7556363369
23,115586107768,241166,115586348934,7,0,0,9728,7,4270635026
24,115586167347,426082,115586593429,5,0,1,34816,5,4901524910
25,115586590636,112888,115586703524,8,0,1,70656,8,5373495570
26,115586753148,105400,115586858548,8,0,1,46080,8,379088095
27,115586772709,174733,115586947442,4,0,0,286720,4,1115818725
28,115586876996,236206,115587113202,0,0,1,90624,0,6717134727
29,115587027136,163404,115587190540,4,0,0,264704,4,10714965037
30,115587083690,118192,115587201882,5,0,0,37888,5,4696910561
31,115587250612,84064,115587334676,4,0,1,43520,4,9328616186
32,115587313644,160830,115587474474,0,0,1,16384,0,1458556104
33,115587441200,3641,115587444841,5,0,0,10240,5,6740361739
34,115587611457,100876,115587712333,4,0,1,31232,4,1507210295
35,115587717245,10237,115587727482,4,0,0,16384,4,688253249
36,115587773494,117256,115587890750,8,0,1,84992,8,9795368495
37,115587867108,125914,115587993022,8,0,1,35840,8,4099655088
38,115587871465,166953,115588038418,4,0,1,53760,4,4986430063
39,115587974220,70987,115588045207,4,0,0,114688,4,5930000023
40,115588261379,104464,115588365843,4,0,1,43008,4,6152048021
41,115588456820,61120,115588517940,1,0,0,98816,1,7714291504
42,115588475715,77720,115588553435,7,0,0,112640,7,10384060245
43,115588637049,5450,115588642499,0,0,1,108032,0,4284359230
44,115588638855,145522,115588784377,7,0,0,13824,7,1698835078
45,115588814760,81628,115588896388,6,0,0,132096,6,1832650362
46,115588925558,65166,115588990724,0,0,1,523776,0,9133246449
47,115589053054,1514,115589054568,4,0,0,110080,4,6728032705
48,115589181946,517995,115589699941,7,0,0,1536,7,3513265849
49,115589322111,222154,115589544265,5,0,1,30720,5,8898988291
50,115589426875,242657,115589669532,4,0,0,366592,4,1521811038
51,115589467618,224034,115589691652,7,0,0,81408,7,4493885069
52,115589554117,124262,115589678379,8,0,1,54784,8,7282934851
53,115589578117,114470,115589692587,1,0,0,34816,1,9576806843
54,115589593708,257748,115589851456,5,0,0,19456,5,6177536746
55,115589639085,292967,115589932052,8,0,1,28160,8,4302217110
56,115589866526,53062,115589919588,4,0,1,49664,4,1286765218
57,115589887230,179699,115590066929,5,0,0,86528,5,1851578485
58,115590038040,76857,115590114897,9,0,1,11264,9,6126672982
59,115590107604,92793,115590200397,6,0,1,17408,6,1763433945
60,115590195739,223162,115590418901,0,0,1,256000,0,7812353241
61,115590399379,65106,115590464485,4,0,1,1024,4,5577244634
62,115590706634,84664,115590791298,5,0,1,13312,5,850254975
63,115590717635,348408,115591066043,7,0,0,568320,7,39000692
64,115590976807,120290,115591097097,3,0,0,107520,3,3210118859
65,115591067767,53837,115591121604,5,0,1,41984,5,3164043179
66,115591110183,11012,115591121195,6,0,0,88064,6,5510910476
67,115591178326,271681,115591450007,1,0,0,17920,1,1533013575
68,115591358016,99628,115591457644,5,0,1,27136,5,8909342648
69,115591359566,108073,115591467639,6,0,1,32768,6,7057158272
70,115591383516,140746,115591524262,9,0,1,43008,9,4932764870
71,115591545284,154741,115591700025,3,0,0,254464,3,185995775
72,115591586490,108783,115591695273,6,0,1,28160,6,7565668121
73,115591633279,235300,115591868579,3,0,0,135680,3,10086876279
74,115591700718,121083,115591821801,6,0,0,190976,6,7415438679
75,115591934356,168090,115592102446,0,0,1,68096,0,10293066688
76,115591977649,400325,115592377974,1,0,0,652800,1,10190091595
77,115592611018,274888,115592885906,0,0,1,289792,0,2392681697
78,115592653395,155039,115592808434,8,0,1,37376,8,10285495595
79,115592731622,184102,115592915724,5,0,1,62976,5,942938106
80,115592741486,273728,115593015214,5,0,1,34816,5,5750351001
81,115593105858,77452,115593183310,8,0,1,14848,8,2727992086
82,115593118502,98780,115593217282,6,0,1,20480,6,9161205753
83,115593138866,348408,115593487274,4,0,0,568320,4,123845769
84,115593139326,255866,115593395192,5,0,1,15360,5,231338871
85,115593178915,454750,115593633665,4,0,0,1052160,4,10507599201
86,115593267020,371828,115593638848,6,0,1,19456,6,2274753138
87,115593454949,457602,115593912551,4,0,1,33280,4,5945160329
88,115593488928,783146,115594272074,0,0,1,67072,0,5190367494
89,115593545756,467891,115594013647,6,0,0,173056,6,8840788590
90,115593688020,283657,115593971677,4,0,1,10240,4,9420981210
91,115593731475,229679,115593961154,7,0,0,15360,7,10195363512
92,115593791662,237740,115594029402,1,0,0,29696,1,3332985596
93,115593810649,65019,115593875668,7,0,0,96768,7,6120534178
94,115593846104,16256,115593862360,5,0,1,28160,5,9408798705
95,115594004158,417514,115594421672,3,0,0,74752,3,5558424392
96,115594018743,370310,115594389053,5,0,1,44544,5,5040182496
97,115594058925,26350,115594085275,4,0,0,28672,4,748939739
98,115594119597,321638,115594441235,6,0,1,9216,6,2997474575
99,115594213260,234596,115594447856,1,0,0,38400,1,4957386732
100,115594269613,132935,115594402548,5,0,1,11776,5,4012582497
101,115594313846,117342,115594431188,1,0,0,195072,1,4476214859
102,115594337241,201380,115594538621,8,0,1,11264,8,1690844736
103,115594380202,207473,115594587675,6,0,1,78848,6,6464153648
104,115594483628,126433,115594610061,7,0,0,209408,7,4337215455
105,115594489177,189375,115594678552,5,0,1,14336,5,2327798789
106,115594969148,78052,115595047200,5,0,1,11776,5,5165195740
107,115595001023,148555,115595149578,0,0,1,119808,0,2946221357
108,115595096726,52871,115595149597,5,0,0,67584,5,2793536858
109,115595125219,65996,115595191215,7,0,0,67584,7,3349752256
110,115595259500,101812,115595361312,8,0,1,34304,8,6094027510
111,115595333929,144358,115595478287,4,0,0,237568,4,10524962700
112,115595335502,153205,115595488707,7,0,0,41472,7,6213508949
113,115595386572,103441,115595490013,7,0,0,2048,7,4073047754
114,115595620649,104462,115595725111,5,0,0,169984,5,96023658
115,115595621568,104209,115595725777,7,0,0,1024,7,9592672766
116,115595811563,57436,115595868999,6,0,1,4608,6,7949122988
117,115595859709,114499,115595974208,5,0,0,189440,5,2509526565
118,115596067813,12304,115596080117,4,0,0,20480,4,6758827973
119,115596106013,114071,115596220084,6,0,1,99328,6,6181423941
120,115596130167,262445,115596392612,1,0,0,185344,1,5614220977
121,115596140070,189695,115596329765,5,0,0,325120,5,1179115181
122,115596192346,244443,115596436789,4,0,1,26112,4,5396337216
123,115596315994,6274,115596322268,5,0,1,26112,5,10667296584
124,115596467499,2466,115596469965,7,0,0,6656,7,9820928831
125,115596516420,220711,115596737131,7,0,0,2560,7,9124371600
126,115596676874,309502,115596986376,0,0,1,326656,0,5874519753
127,115596697021,253422,115596950443,6,0,1,34816,6,6629319655
128,115596722506,348613,115597071119,0,0,1,105472,0,2444867375
129,115596727089,324165,115597051254,3,0,1,4096,3,5645923959
130,115596732973,415977,115597148950,5,0,0,302592,5,2741453381
131,115596887490,315491,115597202981,3,0,0,351744,3,6811595673
132,115597063633,142894,115597206527,7,0,0,5632,7,4917930974
133,115597321649,31003,115597352652,1,0,0,50176,1,4717622260
134,115597445540,155087,115597600627,4,0,0,251904,4,4559452311
135,115597546506,240189,115597786695,6,0,0,537600,6,3930255889
136,115597606487,329192,115597935679,3,0,1,29184,3,1624447494
137,115597624642,316895,115597941537,3,0,1,102912,3,9412551385
138,115597625415,291824,115597917239,6,0,1,1024,6,167493154
139,115597670577,299351,115597969928,7,0,1,1024,7,8913248194
140,115597696740,516419,115598213159,3,0,1,4608,3,2097941228
141,115598101249,43971,115598145220,5,0,1,13824,5,6161912288
142,115598106397,13337,115598119734,5,0,0,72192,5,9428229879
143,115598211603,223085,115598434688,3,0,0,22528,3,4387489925
144,115598269259,56022,115598325281,8,0,1,3072,8,10587912466
145,115598342714,11270,115598353984,8,0,1,66560,8,7399067820
146,115598389010,111640,115598500650,4,0,0,18432,4,4937977569
147,115598560766,105400,115598666166,4,0,1,46080,4,7852082477
148,115598650863,296579,115598947442,4,0,0,480768,4,2586109337
149,115598732462,448509,115599180971,0,0,1,254976,0,7305699109
150,115598763874,414594,115599178468,4,0,1,6144,4,3241168569
151,115598767548,447695,115599215243,0,0,1,157184,0,2057630936
152,115598795092,491932,115599287024,3,0,1,94208,3,517776198
153,115598983796,232848,115599216644,3,0,1,5632,3,8822277581
154,115599026963,310277,115599337240,6,0,1,1024,6,4632570810
155,115599162568,370616,115599533184,5,0,0,442880,5,7106987483
156,115599227855,2466,115599230321,8,0,1,56320,8,2537266563
157,115599262998,502455,115599765453,0,0,1,240640,0,1091202456
158,115599538126,571501,115600109627,7,0,0,2560,7,2228479546
159,115599673035,216525,115599889560,5,0,0,354816,5,5422661792
160,115599710322,211316,115599921638,1,0,0,104448,1,1489489228
161,115599713076,324468,115600037544,5,0,1,37888,5,6587583802
162,115600036297,24613,115600060910,3,0,0,41984,3,6884836119
163,115600157691,41645,115600199336,6,0,0,67584,6,6887230327
164,115600184872,103372,115600288244,3,0,1,39424,3,9338748156
165,115600289527,21912,115600311439,4,0,0,35840,4,6844063470
166,115600307213,136989,115600444202,6,0,1,25600,6,6155464128
167,115600500286,85600,115600585886,8,0,1,16384,8,2020593496
168,115600522957,154829,115600677786,4,0,0,251392,4,4034929976
169,115600564156,501308,115601065464,6,0,0,753664,6,9655032892
170,115600743871,353671,115601097542,5,0,0,104448,5,1934971806
171,115600800532,384425,115601184957,3,0,0,287232,3,5151498960
172,115600940088,322223,115601262311,5,0,0,255488,5,1945390388
173,115601080322,230838,115601311160,4,0,1,2560,4,1654994455
174,115601347635,5450,115601353085,7,0,0,13824,7,532919168
175,115601376817,94928,115601471745,4,0,1,34304,4,8618000618
176,115601422285,186662,115601608947,5,0,1,1024,5,6706569266
177,115601450491,141517,115601592008,3,0,1,15360,3,3811793099
178,115601637733,104116,115601741849,1,0,0,172544,1,6493186062
179,115601672044,96665,115601768709,4,0,1,2048,4,10286114126
180,115601681371,109148,115601790519,1,0,0,123904,1,5360086832
181,115601690905,146251,115601837156,3,0,0,72704,3,5198728936
182,115601726717,246705,115601973422,4,0,0,474624,4,4133535595
183,115601766949,313616,115602080565,6,0,1,10240,6,5218892093
184,115601812274,410718,115602222992,5,0,0,535040,5,8634471187
185,115601882640,398300,115602280940,4,0,0,187392,4,8567003844
186,115601937321,285534,115602222855,4,0,1,10240,4,2124644266
187,115601996712,145513,115602142225,7,0,0,2048,7,4726204397
188,115602053687,477167,115602530854,3,0,1,12800,3,7451085389
189,115602178975,213770,115602392745,1,0,0,136704,1,3603365776
190,115602201771,413914,115602615685,0,0,1,447488,0,5487256404
191,115602225438,218251,115602443689,3,0,0,346112,3,4972266431
192,115602236141,58899,115602295040,3,0,1,4608,3,5165405360
193,115602266280,2942,115602269222,4,0,1,423424,4,2172477460
194,115602299335,390404,115602689739,1,0,0,260608,1,4344907662
195,115602362731,764421,115603127152,6,0,1,33280,6,8577831049
196,115602459673,201194,115602660867,3,0,0,1536,3,5927822322
197,115602722625,841267,115603563892,7,0,0,3072,7,5006601916
198,115602765009,872821,115603637830,4,0,0,122880,4,2303333980
199,115602784750,447003,115603231753,1,0,0,695808,1,3742587349
200,115602793441,441538,115603234979,7,0,0,5120,7,6015237884
201,115602842976,544353,115603387329,5,0,0,455168,5,6916201222
202,115602950889,348981,115603299870,4,0,1,349696,4,7817407240
203,115603038707,336596,115603375303,3,0,0,9728,3,8943835306
204,115603052078,208805,115603260883,4,0,0,1536,4,5528953000
205,115603181175,144947,115603326122,3,0,0,2048,3,10334142884
206,115603286558,221806,115603508364,5,0,0,141312,5,9685542183
207,115603292261,225566,115603517827,4,0,1,606208,4,10320247630
208,115603313248,812644,115604125892,4,0,0,336384,4,8721352399
209,115603407476,905894,115604313370,1,0,0,313344,1,7718910361
210,115603621420,475698,115604097118,8,0,1,12800,8,4553303270
211,115603722468,469506,115604191974,5,0,0,514560,5,9241994991
212,115603728671,580668,115604309339,3,0,0,3584,3,5005966009
213,115603775087,23374,115603798461,5,0,1,41984,5,2820648661
214,115604348286,645840,115604994126,1,0,0,41984,1,3057053155
215,115604427942,2942,115604430884,6,0,1,4096,6,6631422806
216,115604436039,183624,115604619663,3,0,0,3072,3,6567049225
217,115604464264,165212,115604629476,5,0,0,268288,5,10611378492
218,115604777113,169701,115604946814,5,0,1,78848,5,4379407675
219,115604793904,464641,115605258545,4,0,1,356352,4,4032580977
220,115605049881,232231,115605282112,6,0,1,77312,6,4127581799
221,115605135254,153429,115605288683,8,0,1,21504,8,10572724474
222,115605259028,82516,115605341544,6,0,1,6144,6,2626491485
223,115605313371,44229,115605357600,1,0,0,72704,1,6911198726
224,115605320768,122021,115605442789,1,0,0,178688,1,8774260832
225,115605348642,238758,115605587400,8,0,1,23040,8,8062191203
226,115605485760,277016,115605762776,1,0,0,452608,1,4099741999
227,115605622502,140940,115605763442,3,0,0,1024,3,2629597214
228,115605696370,193688,115605890058,0,0,1,282112,0,6647832985
229,115605697961,111811,115605809772,3,0,1,2048,3,798452035
230,115605706426,21691,115605728117,4,0,1,39936,4,1817401083
231,115605788322,444104,115606232426,5,0,0,174080,5,6535308941
232,115605878453,443148,115606321601,3,0,0,3072,3,10002422714
233,115605889996,251124,115606141120,5,0,0,355840,5,2676808647
234,115605900137,279435,115606179572,0,0,1,886272,0,1643395381
235,115605948768,587882,115606536650,3,0,1,17920,3,6999384584
236,115605959938,447862,115606407800,3,0,1,30208,3,1783526669
237,115606160604,1006819,115607167423,8,0,1,47104,8,676334056
238,115606186887,760715,115606947602,3,0,1,16896,3,2095546718
239,115606212057,714733,115606926790,8,0,1,17920,8,3460194338
240,115606943979,194488,115607138467,0,0,1,177152,0,1351344206
241,115607098153,224031,115607322184,0,0,1,297984,0,2704253476
242,115607098365,320762,115607419127,5,0,0,297984,5,1951983647
243,115607248308,234901,115607483209,3,0,1,28160,3,3557725736
244,115607259208,254392,115607513600,8,0,1,81408,8,3630984304
245,115607405173,131668,115607536841,6,0,1,7680,6,129781476
246,115607451339,108168,115607559507,3,0,1,32256,3,96712335
247,115607454129,62633,115607516762,5,0,1,140800,5,8633579227
248,115607525208,155019,115607680227,8,0,1,48128,8,5084571207
249,115607580507,269009,115607849516,3,0,1,1536,3,8333123274
250,115607723455,216525,115607939980,4,0,0,354816,4,424155144
251,115607759376,196464,115607955840,4,0,0,51200,4,8140392541
252,115607765523,190983,115607956506,3,0,0,1024,3,9479017474
253,115607811859,244415,115608056274,4,0,1,16384,4,7802788857
254,115607860181,75027,115607935208,3,0,1,38912,3,5994069369
255,115608017173,320073,115608337246,6,0,0,343552,6,8756728917
256,115608029280,208984,115608238264,4,0,0,49664,4,9245718553
257,115608067051,212430,115608279481,1,0,0,212480,1,7562390025
258,115608081623,237843,115608319466,3,0,0,1024,3,6161183770
259,115608090870,223937,115608314807,4,0,1,512,4,319820066
260,115608210348,152136,115608362484,5,0,0,182272,5,9341131715
261,115608469695,50668,115608520363,6,0,1,2560,6,9715996067
262,115608549750,5798,115608555548,4,0,1,4096,4,9867909575
263,115608617682,75806,115608693488,3,0,0,6144,3,3568557116
264,115608915526,107428,115609022954,5,0,1,52736,5,9879493512
265,115609018914,114892,115609133806,3,0,1,64000,3,8912256138
266,115609411022,4846,115609415868,3,0,0,5120,3,8377303865
267,115609457939,184736,115609642675,3,0,1,90624,3,1874117356
268,115609474548,259609,115609734157,5,0,0,425472,5,5455884919
269,115609561147,35343,115609596490,3,0,1,42496,3,8012818322
270,115609699685,33001,115609732686,5,0,0,12288,5,6877988710
271,115609705253,295892,115610001145,3,0,0,5120,3,10696240838
272,115609814994,142399,115609957393,8,0,1,12288,8,10435942465
273,115609996528,94596,115610091124,1,0,0,154112,1,4717798864
274,115610025274,291181,115610316455,3,0,1,4608,3,10726008208
275,115610039865,347951,115610387816,6,0,0,466432,6,3286402308
276,115610086300,535138,115610621438,6,0,0,862208,6,3433865929
277,115610091077,629655,115610720732,3,0,1,64512,3,8668295252
278,115610141672,611699,115610753371,5,0,0,121856,5,153772197
279,115610181566,721738,115610903304,6,0,0,488448,6,8667701601
280,115610515744,434525,115610950269,5,0,0,159232,5,7928212933
281,115610558864,374290,115610933154,0,0,1,179200,0,956194267
282,115610601729,246274,115610848003,0,0,1,7680,0,5217957468
283,115610755684,11012,115610766696,4,0,0,173568,4,3962151489
284,115610831912,543153,115611375065,5,0,1,2048,5,7817553697
285,115610893140,270740,115611163880,8,0,1,9728,8,7302533964
286,115610998919,212487,115611211406,4,0,0,17920,4,10504792775
287,115611140429,207433,115611347862,1,0,0,340480,1,7321013329
288,115611243476,175690,115611419166,5,0,1,48128,5,1092165970
289,115611261492,216421,115611477913,6,0,1,3584,6,4987372285
290,115611374400,174045,115611548445,6,0,0,282112,6,2046353999
291,115611379609,189624,115611569233,4,0,0,74752,4,3900486726
292,115611396165,466858,115611863023,4,0,0,619520,4,8423033336
293,115611529319,310443,115611839762,5,0,1,512,5,5394079884
294,115611749065,536780,115612285845,8,0,1,3072,8,5058722902
295,115612550281,103840,115612654121,5,0,1,40960,5,10671499697
296,115612614265,85114,115612699379,8,0,1,22016,8,4027081127
297,115612667179,83698,115612750877,8,0,1,5120,8,2150592774
298,115612764441,54613,115612819054,5,0,0,89600,5,6706328596
299,115613082316,3418,115613085734,3,0,0,3584,3,8519237161
300,115613084148,192148,115613276296,3,0,1,57856,3,1705033034
301,115613086397,212036,115613298433,0,0,1,169472,0,5699650244
302,115613551583,562,115613552145,3,0,0,512,3,7002332942
303,115613663573,31520,115613695093,4,0,0,51200,4,4596729311
304,115613762103,1038,115613763141,3,0,0,1024,3,3191357673
305,115613972148,388479,115614360627,4,0,0,629760,4,5580531535
306,115614143223,188643,115614331866,1,0,0,45568,1,4322616738
307,115614182300,228643,115614410943,5,0,1,17920,5,2501989739
308,115614198740,343452,115614542192,1,0,0,948736,1,9455649920
309,115614209763,583092,115614792855,5,0,0,219648,5,9459962140
310,115614266560,640181,115614906741,5,0,1,37376,5,63229797
311,115614437381,423802,115614861183,4,0,0,37376,4,8087538666
312,115614674020,126725,115614800745,6,0,1,5632,6,9734922018
313,115614755554,301965,115615057519,6,0,0,68096,6,10068906803
314,115614859540,6750,115614866290,8,0,1,23040,8,7768306522
315,115614882451,274947,115615157398,0,0,1,418304,0,8781194778
316,115615002908,2942,115615005850,8,0,1,5632,8,3997669542
317,115615032594,563925,115615596519,1,0,0,7168,1,1232179336
318,115615146419,445195,115615591614,3,0,0,3072,3,10712351061
319,115615276763,174627,115615451390,5,0,1,10752,5,5390439985
320,115615359031,217393,115615576424,8,0,1,33792,8,5138387768
321,115615573926,56327,115615630253,6,0,0,88064,6,9100238378
322,115615607700,248885,115615856585,8,0,1,101376,8,4957751492
323,115615776424,84852,115615861276,8,0,1,15360,8,9688179815
324,115615782507,135323,115615917830,8,0,1,52224,8,8929550448
325,115615917678,49120,115615966798,8,0,1,2048,8,7343789623
326,115615954814,94124,115616048938,5,0,1,12288,5,6825736899
327,115616030161,55558,115616085719,1,0,0,94720,1,10416453274
328,115616063235,38549,115616101784,6,0,0,60416,6,4823719695
329,115616237637,549754,115616787391,0,0,1,653824,0,10577849163
330,115616295260,493078,115616788338,5,0,1,3072,5,8538453545
331,115616322881,474984,115616797865,3,0,1,31232,3,1642402480
332,115616531117,297819,115616828936,7,0,1,101888,7,8087489574
333,115616651205,242681,115616893886,5,0,0,311296,5,792116476
334,115616652957,351927,115617004884,5,0,1,20992,5,2851293942
335,115616691293,434982,115617126275,0,0,1,34304,0,6439021764
336,115616734241,342720,115617076961,0,0,1,257024,0,4280652865
337,115616749562,411452,115617161014,7,0,1,19968,7,9145386226
338,115616765135,337629,115617102764,5,0,0,227840,5,7902642330
339,115616871322,231453,115617102775,3,0,0,3584,3,3440079086
340,115616977434,125360,115617102794,4,0,0,6656,4,2881560136
341,115617021419,144172,115617165591,8,0,1,5120,8,8534224054
342,115617084457,261738,115617346195,8,0,1,128512,8,8937199196
343,115617095474,385917,115617481391,1,0,0,613888,1,7467030858
344,115617161418,357629,115617519047,6,0,0,89600,6,7649227324
345,115617170017,400310,115617570327,3,0,0,512,3,4247195928
346,115617204080,391722,115617595802,0,0,1,252928,0,10719425770
347,115617294983,295951,115617590934,8,0,1,1536,8,356868360
348,115617316599,353102,115617669701,4,0,0,515584,4,7756478610
349,115617421315,387148,115617808463,4,0,0,400384,4,2821770361
350,115617524063,352715,115617876778,4,0,0,757248,4,5085887814
351,115617586967,275251,115617862218,1,0,0,208896,1,653367918
352,115617594487,627333,115618221820,8,0,1,7168,8,2142935384
353,115617682600,626896,115618309496,5,0,1,46592,5,7041165950
354,115617762950,347556,115618110506,7,0,1,11776,7,1535643201
355,115617866653,316135,115618182788,3,0,0,512,3,7247474844
356,115617872142,217316,115618089458,7,0,1,30208,7,3603880981
357,115617960848,486691,115618447539,1,0,0,210432,1,3201656306
358,115618052850,871164,115618924014,0,0,1,268288,0,10090736541
359,115618064813,81504,115618146317,3,0,0,8192,3,8941115278
360,115618471904,992640,115619464544,6,0,1,4608,6,5921302277
361,115618478493,154151,115618632644,3,0,0,6656,3,1918989355
362,115618585455,7702,115618593157,7,0,1,7168,7,3084170496
363,115618614727,14541,115618629268,0,0,1,3281408,0,7522862925
364,115618659037,4370,115618663407,5,0,1,38912,5,4339762765
365,115618723817,4158,115618727975,3,0,0,8192,3,5479770135
366,115618744896,1017198,115619762094,5,0,0,28160,5,8236408042
367,115618834611,1197602,115620032213,3,0,1,14848,3,3301816354
368,115618929184,647117,115619576301,0,0,1,3584,0,5328110507
369,115618952293,193934,115619146227,3,0,0,4608,3,3379893074
370,115619347720,1509244,115620856964,3,0,0,11264,3,7104876613
371,115619430347,450539,115619880886,8,0,1,9216,8,633017749
372,115619726661,562067,115620288728,5,0,0,914432,5,4904644960
373,115619747257,2713060,115622460317,8,0,1,7680,8,7640621268
374,115619889055,1311680,115621200735,7,0,1,1024,7,342280651
375,115620016158,2680668,115622696826,1,0,0,460800,1,4247030791
376,115620057507,1073241,115621130748,0,0,1,217600,0,1330920139
377,115620070515,1273916,115621344431,7,0,1,15360,7,2438692609
378,115620266491,1353243,115621619734,6,0,0,256512,6,5418545362
379,115620267185,1379157,115621646342,5,0,0,385024,5,3516669999
380,115620317713,1258814,115621576527,0,0,1,550912,0,9510642340
381,115620398783,1523089,115621921872,0,0,1,2048,0,4302617643
382,115620408726,1334851,115621743577,5,0,0,76800,5,5208158963
383,115620430750,1364489,115621795239,5,0,1,100352,5,9505911868
384,115620480235,1446576,115621926811,3,0,1,12800,3,6908222119
385,115620505962,885271,115621391233,4,0,0,34304,4,8700760545
386,115620581755,613355,115621195110,8,0,1,6656,8,9158867065
387,115620665927,1457458,115622123385,8,0,1,39936,8,1660566004
388,115620731795,1163756,115621895551,7,0,1,24064,7,9932162327
389,115620735754,1241835,115621977589,8,0,1,85504,8,313301603
390,115620960099,1328046,115622288145,5,0,0,215040,5,2743553125
391,115621119050,1200118,115622319168,5,0,0,418304,5,5135952851
392,115621244266,816833,115622061099,7,0,1,39936,7,10571151924
393,115621266579,669315,115621935894,4,0,0,77312,4,2865677596
394,115621341421,594484,115621935905,6,0,0,25088,6,4267511292
395,115621376646,479356,115621856002,0,0,1,33280,0,736685149
396,115621422233,569421,115621991654,6,0,1,4608,6,8331236405
397,115621456560,452309,115621908869,3,0,0,4096,3,1376728510
398,115621493769,375537,115621869306,1,0,0,49152,1,3617876345
399,115621570552,363702,115621934254,3,0,0,5120,3,10291466013
400,115621573358,789420,115622362778,8,0,1,26112,8,1338047926
401,115621656242,678449,115622334691,3,0,1,20480,3,8578928322
402,115621665994,769915,115622435909,5,0,1,3584,5,5938813282
403,115621682104,499935,115622182039,1,0,0,214528,1,5226568608
404,115621705371,712396,115622417767,7,0,1,166400,7,6633815215
405,115621873831,878627,115622752458,5,0,0,638976,5,7145810972
406,115621917389,856739,115622774128,5,0,0,972800,5,2448482067
407,115621930216,896830,115622827046,1,0,0,179712,1,7376682015
408,115621980094,849858,115622829952,3,0,0,4608,3,9751836232
409,115622122433,1011722,115623134155,0,0,1,523776,0,10343311545
410,115622522134,615472,115623137606,8,0,1,11264,8,4774627650
411,115622861645,487145,115623348790,1,0,0,788480,1,3501963441
412,115622945488,183943,115623129431,6,0,1,25088,6,9996808985
413,115623165308,523948,115623689256,3,0,0,10240,3,4275133760
414,115623314114,278025,115623592139,7,0,1,42496,7,4691288475
415,115623369752,379147,115623748899,1,0,1,31744,1,537756953
416,115623646239,148123,115623794362,7,0,1,8192,7,3545431551
417,115623746156,159429,115623905585,3,0,1,38400,3,10557716874
418,115623897103,395049,115624292152,1,0,0,656384,1,1448161524
419,115623912351,414102,115624326453,7,0,1,37376,7,9176165347
420,115623931140,210463,115624141603,5,0,1,79360,5,7782908925
421,115624101728,216238,115624317966,3,0,0,1536,3,9604718434
422,115624127622,551708,115624679330,6,0,0,110592,6,162331088
423,115624409570,188932,115624598502,6,0,1,3584,6,5014762599
424,115624583504,2466,115624585970,6,0,1,50688,6,4483737300
425,115624708465,195105,115624903570,8,0,1,33280,8,431370380
426,115624710666,127083,115624837749,6,0,1,80384,6,1768204947
427,115624713162,162803,115624875965,3,0,0,2560,3,10445391203
428,115624930419,98848,115625029267,3,0,1,24576,3,6324534843
429,115625141707,132253,115625273960,4,0,0,214016,4,8947893577
430,115625276402,130381,115625406783,7,0,1,14848,7,1006928856
431,115625293723,222780,115625516503,8,0,1,56832,8,4914060829
432,115625569175,198083,115625767258,5,0,0,325632,5,4484610075
433,115625580763,186649,115625767412,4,0,0,8704,4,5313257247
434,115625831711,10495,115625842206,6,0,0,16896,6,5165414344
435,115626144715,209464,115626354179,0,0,1,226304,0,4015196014
436,115626492963,1990,115626494953,0,0,1,109568,0,10112065714
437,115626544906,124744,115626669650,3,0,0,2048,3,6002035507
438,115626841184,46467,115626887651,7,0,1,101888,7,5876358871
439,115626867637,122404,115626990041,4,0,0,80384,4,549186375
440,115627141262,104932,115627246194,7,0,1,44544,7,10525951037
441,115627176167,152101,115627328268,8,0,1,80896,8,2164135748
442,115627401374,103372,115627504746,3,0,1,39424,3,4863693478
443,115627465874,136817,115627602691,5,0,0,226304,5,3171243764
444,115627568525,285162,115627853687,1,0,0,461824,1,5116417584
445,115627717219,270572,115627987791,1,0,0,758272,1,5946357370
446,115627788122,468187,115628256309,8,0,1,7168,8,1081601945
447,115627814599,6034,115627820633,3,0,1,10240,3,753546251
448,115628176458,425368,115628601826,5,0,1,23552,5,5432014163
449,115628179718,93821,115628273539,5,0,0,512,5,2574203811
450,115628216559,33846,115628250405,5,0,0,152576,5,7012534364
451,115628361400,245948,115628607348,1,0,0,55808,1,35771935
452,115628476190,96833,115628573023,6,0,0,161792,6,2204682729
453,115628728462,61912,115628790374,7,0,1,9216,7,5851600371
454,115628835140,92529,115628927669,4,0,0,150016,4,1425940158
455,115629002660,2866,115629005526,3,0,0,8704,3,8759948657
456,115629176312,101620,115629277932,5,0,0,164352,5,9937228329
457,115629648734,42937,115629691671,5,0,0,70144,5,4565806800
458,115629673429,16092,115629689521,7,0,1,6656,7,9978443361
459,115629703099,562,115629703661,0,0,1,331776,0,4937377049
460,115629764975,241330,115630006305,1,0,0,31232,1,108981330
461,115629835510,327590,115630163100,8,0,1,66048,8,3029934599
462,115629853284,216320,115630069604,3,0,0,512,3,8472155528
463,115630068651,98692,115630167343,8,0,1,24064,8,8789172210
464,115630122251,101620,115630223871,1,0,0,164352,1,1114500568
465,115630149483,125054,115630274537,7,0,1,24576,7,3985150965
466,115630159306,171213,115630330519,2,0,1,6144,2,8500108130
467,115630280853,55817,115630336670,4,0,0,95232,4,6030876147
468,115630382491,167192,115630549683,6,0,0,275456,6,8179621633
469,115630544120,7189,115630551309,3,0,0,2560,3,4346099265
470,115630571084,106915,115630677999,8,0,1,23040,8,3218906701
471,115630693953,199572,115630893525,1,0,0,376320,1,8884070741
472,115630714631,229234,115630943865,7,0,1,10240,7,2972141221
473,115630898141,6345,115630904486,5,0,1,33792,5,10270885858
474,115630918148,63801,115630981949,3,0,0,2048,3,7408640350
475,115630921755,56850,115630978605,5,0,1,16896,5,5615005449
476,115630990156,306000,115631296156,2,0,1,512,2,4640613942
477,115631023324,309494,115631332818,4,0,0,97280,4,7638575271
478,115631350645,73312,115631423957,2,0,1,16384,2,58136175
479,115631418530,45592,115631464122,2,0,1,1024,2,3413584709
480,115631615412,21912,115631637324,5,0,0,35840,5,6887210684
481,115631653237,1514,115631654751,3,0,0,1536,3,8175081265
482,115631654237,88360,115631742597,3,0,1,15360,3,3161409188
483,115631693549,130678,115631824227,7,0,1,55296,7,2411489918
484,115631813192,120795,115631933987,5,0,1,60416,5,1378451833
485,115631959876,315020,115632274896,1,0,0,509952,1,9625787752
486,115632078242,239203,115632317445,1,0,0,146432,1,4931329962
487,115632141649,266050,115632407699,3,0,1,512,3,2466598550
488,115632362765,390200,115632752965,6,0,0,636416,6,7712971821
489,115632412303,382187,115632794490,1,0,0,133120,1,1779615576
490,115632413718,95217,115632508935,7,0,1,20992,7,1903418748
491,115632431966,420684,115632852650,3,0,1,25088,3,7134713282
492,115632576791,98036,115632674827,2,0,1,7680,2,9319575095
493,115632589295,248249,115632837544,5,0,1,10240,5,9147152418
494,115632685904,120089,115632805993,2,0,1,3072,2,5638137844
495,115632730327,444268,115633174595,1,0,0,99328,1,5487005263
496,115632736377,316294,115633052671,6,0,0,24064,6,8266657411
497,115632744459,192279,115632936738,2,0,0,105472,2,3232246666
498,115632763766,284474,115633048240,1,0,0,253440,1,5907060904
499,115632985165,52287,115633037452,5,0,0,84992,5,1496603176
500,115633024247,35050,115633059297,4,0,0,61440,4,1864595430
501,115633113900,100101,115633214001,0,0,1,352256,0,10178482925
502,115633155702,53321,115633209023,2,0,1,29184,2,10503815773
503,115633297552,442021,115633739573,6,0,0,87040,6,2436350469
504,115633454852,96944,115633551796,8,0,0,145408,8,1162315777
505,115633506278,187786,115633694064,7,0,1,1536,7,149018995
506,115633578314,128152,115633706466,5,0,0,176640,5,3712780914
507,115633620794,200299,115633821093,5,0,0,274944,5,5924139707
508,115633658111,89267,115633747378,2,0,1,53760,2,7684946176
509,115633738035,187610,115633925645,5,0,0,29696,5,1224001426
510,115633775002,469116,115634244118,0,0,1,341504,0,1888147283
511,115633862529,101807,115633964336,7,0,1,63488,7,1849462916
512,115633895513,415495,115634311008,0,0,1,336384,0,3225124972
513,115634034778,273532,115634308310,2,0,1,3584,2,7228983922
514,115634140304,102859,115634243163,7,0,1,4608,7,4674066595
515,115634147667,613766,115634761433,3,0,0,5632,3,10617290118
516,115634205462,370398,115634575860,4,0,0,101376,4,8354069571
517,115634437033,148491,115634585524,8,0,0,122368,8,7039961515
518,115634540971,48739,115634589710,3,0,0,6656,3,540217486
519,115634625370,76384,115634701754,8,0,1,16384,8,7035693866
520,115634667430,56592,115634724022,1,0,0,96768,1,9365978706
521,115634731883,44488,115634776371,5,0,1,24064,5,704486913
522,115634769583,135634,115634905217,5,0,0,73216,5,8611907934
523,115634809089,145655,115634954744,5,0,1,67072,5,2282646911
524,115634852542,147322,115634999864,5,0,1,11264,5,3311506226
525,115635030754,45592,115635076346,6,0,1,1024,6,5157914286
526,115635172013,1038,115635173051,3,0,0,1024,3,6706359572
527,115635174680,97156,115635271836,2,0,1,24064,2,6767564749
528,115635346210,31262,115635377472,5,0,1,13312,5,2572645853
529,115635359503,83128,115635442631,0,0,1,822784,0,2416098397
530,115635386580,728272,115636114852,1,0,0,50688,1,9115592485
531,115635414717,337360,115635752077,8,0,1,30720,8,4694136313
532,115635451618,938119,115636389737,0,0,1,779264,0,1542826458
533,115635579738,836374,115636416112,7,0,1,86528,7,1427647572
534,115635680316,472624,115636152940,0,0,1,93696,0,2330728375
535,115635750434,1010777,115636761211,4,0,0,246784,4,3030192916
536,115635876840,456517,115636333357,3,0,1,52736,3,9877650679
537,115635917277,364828,115636282105,2,0,1,29184,2,10271657024
538,115635943499,576143,115636519642,2,0,0,160256,2,6790233957
539,115635968988,801226,115636770214,2,0,0,101376,2,448232012
540,115636000235,491138,115636491373,4,0,0,790016,4,1105341593
541,115636014283,608834,115636623117,0,0,1,78336,0,4016785106
542,115636033872,655343,115636689215,4,0,0,243712,4,730064814
543,115636072076,694848,115636766924,5,0,1,37376,5,6275146584
544,115636135686,281596,115636417282,2,0,1,10752,2,2370431427
545,115636376714,234127,115636610841,0,0,1,242688,0,4428430192
546,115636448430,692657,115637141087,3,0,0,2048,3,8089786736
547,115636502005,147717,115636649722,4,0,0,20992,4,4956872097
548,115636596522,97257,115636693779,2,0,1,4096,2,1181721364
549,115636667602,361945,115637029547,2,0,1,89088,2,3426022121
550,115636685204,73999,115636759203,8,0,0,244224,8,3793364129
551,115636772363,822576,115637594939,2,0,0,118272,2,9769655135
552,115636846394,558843,115637405237,5,0,1,25600,5,3678722806
553,115636996082,455240,115637451322,1,0,0,123904,1,6960353372
554,115637098759,214600,115637313359,7,0,1,20992,7,1687104345
555,115637156481,71012,115637227493,2,0,1,23040,2,4550893466
556,115637156736,347563,115637504299,5,0,0,238592,5,5426634100
557,115637266598,272408,115637539006,5,0,1,4096,5,1611266420
558,115637331174,306769,115637637943,4,0,0,98304,4,10001371359
559,115637379505,223378,115637602883,2,0,1,146944,2,8815871199
560,115637472423,546351,115638018774,8,0,1,31232,8,2028680306
561,115637529198,173645,115637702843,5,0,0,242176,5,613817780
562,115637711116,25958,115637737074,8,0,1,11776,8,8038436704
563,115637864642,273350,115638137992,5,0,0,47104,5,2128802725
564,115638065930,107896,115638173826,5,0,1,54272,5,707572855
565,115638127769,72537,115638200306,0,0,1,185856,0,10002203050
566,115638187892,204763,115638392655,5,0,0,117760,5,798260013
567,115638277438,96473,115638373911,8,0,0,67072,8,3619576066
568,115638352620,283887,115638636507,1,0,1,15872,1,8246635410
569,115638354560,253581,115638608141,0,0,1,236544,0,2210590368
570,115638418261,324069,115638742330,0,0,1,109568,0,299026285
571,115638420126,266878,115638687004,1,0,1,33792,1,2317648665
572,115638658247,402999,115639061246,3,0,1,14848,3,1591751281
573,115638685671,434958,115639120629,0,0,1,493056,0,4709987157
574,115638687424,413313,115639100737,5,0,0,679936,5,8185286401
575,115638689357,379504,115639068861,2,0,0,265728,2,6171285721
576,115638689887,422210,115639112097,8,0,1,32768,8,3113523930
577,115638730103,498696,115639228799,1,0,1,20992,1,618421595
578,115638809873,388805,115639198678,5,0,0,42496,5,5287629353
579,115638849819,467379,115639317198,5,0,0,378880,5,1559896851
580,115639062599,301155,115639363754,5,0,0,157184,5,4523367473
581,115639077344,343177,115639420521,1,0,1,18432,1,1698804594
582,115639108709,333092,115639441801,5,0,0,290816,5,586184870
583,115639120420,402084,115639522504,3,0,0,2560,3,6265998291
584,115639145242,395673,115639540915,7,0,1,67584,7,2920094879
585,115639152521,4610,115639157131,1,0,1,37888,1,1750564785
586,115639358155,408136,115639766291,1,0,1,482304,1,7768628167
587,115639512329,11151,115639523480,5,0,1,18432,5,3955021738
588,115639537335,41904,115639579239,3,0,0,1024,3,1579584011
589,115639552440,121612,115639674052,3,0,0,3072,3,6337018334
590,115639562195,676932,115640239127,5,0,0,68096,5,8763658622
591,115639601122,528385,115640129507,4,0,0,196608,4,5697479389
592,115639986365,263325,115640249690,4,0,0,343552,4,4214548102
593,115640153596,174472,115640328068,8,0,0,252416,8,10300422603
594,115640198342,298897,115640497239,5,0,1,1536,5,9388978860
595,115640307485,209340,115640516825,5,0,1,7168,5,1973324038
596,115640384081,274003,115640658084,8,0,0,443392,8,959191672
597,115640596466,62284,115640658750,3,0,0,1024,3,9239785642
598,115640646273,4416,115640650689,8,0,1,10240,8,10280478690
599,115640768344,178756,115640947100,3,0,0,11776,3,3095358728
600,115640821681,23374,115640845055,8,0,0,41984,8,2608630219
601,115640912605,85312,115640997917,2,0,1,20480,2,809332776
602,115640937055,23204,115640960259,0,0,1,168960,0,6812399581
603,115640998171,212302,115641210473,1,0,1,147456,1,6402935697
604,115641046744,214096,115641260840,2,0,0,38400,2,2741349875
605,115641067135,487225,115641554360,1,0,0,999424,1,8798090998
606,115641132857,617737,115641750594,5,0,1,1536,5,2104065329
607,115641135946,562998,115641698944,3,0,1,3072,3,5766995694
608,115641186786,462889,115641649675,0,0,1,387072,0,329088115
609,115641237741,770221,115642007962,5,0,0,58880,5,1463177973
610,115641284274,150804,115641435078,3,0,1,46592,3,3632052019
611,115641761502,691525,115642453027,3,0,1,2048,3,3370604007
612,115641806222,361849,115642168071,4,0,0,87552,4,8044627647
613,115641842195,300353,115642142548,8,0,0,699392,8,10068153262
614,115641872500,544262,115642416762,5,0,1,37888,5,9446747503
615,115641915185,559506,115642474691,2,0,0,283136,2,2968285195
616,115642083964,437283,115642521247,5,0,0,157184,5,2591461502
617,115642087027,474895,115642561922,4,0,0,1102848,4,1596311482
618,115642087080,521125,115642608205,7,0,1,66560,7,1755697636
619,115642152249,290896,115642443145,8,0,1,67072,8,6590188993
620,115642189646,239626,115642429272,8,0,0,87040,8,8439688675
621,115642506509,898538,115643405047,5,0,1,53248,5,53499125
622,115642530853,488889,115643019742,8,0,1,36352,8,1579756377
623,115642727510,830107,115643557617,2,0,1,1024,2,4920831752
624,115642828404,424243,115643252647,7,0,1,52224,7,10431606488
625,115642951401,303441,115643254842,8,0,1,7168,8,1260813418
626,115643112660,286971,115643399631,4,0,0,465408,4,7206604991
627,115643142817,405887,115643548704,5,0,1,27648,5,3654062258
628,115643340923,37173,115643378096,0,0,1,241664,0,2791933432
629,115643353660,485249,115643838909,0,0,1,11264,0,436768328
630,115643511542,509077,115644020619,8,0,0,62464,8,8915445159
631,115643597264,206658,115643803922,0,0,1,800256,0,9276716290
632,115643731854,3894,115643735748,1,0,0,338944,1,5110688768
633,115644110751,853868,115644964619,3,0,0,4096,3,6134156047
634,115644282416,101669,115644384085,8,0,1,25088,8,8044345872
635,115644353850,279877,115644633727,1,0,0,4608,1,2059863693
636,115644480658,132632,115644613290,5,0,1,24576,5,6990395937
637,115644571518,307914,115644879432,0,0,1,367616,0,4549699692
638,115644619254,398863,115645018117,8,0,0,646656,8,10202946307
639,115644730978,317778,115645048756,1,0,1,162304,1,5221122408
640,115644777488,282578,115645060066,1,0,0,254464,1,6065599056
641,115644969372,155863,115645125235,8,0,1,17920,8,3149815211
642,115645040743,237919,115645278662,1,0,1,14848,1,7189548991
643,115645086230,597147,115645683377,7,0,1,6656,7,8553360404
644,115645101596,67628,115645169224,8,0,0,253440,8,9469326627
645,115645149166,237233,115645386399,8,0,1,2048,8,3737307756
646,115645150724,358695,115645509419,0,0,1,336896,0,8599163192
647,115645260508,446193,115645706701,1,0,0,88576,1,1661528593
648,115645327504,269424,115645596928,8,0,0,359424,8,3038347552
649,115645334875,287561,115645622436,7,0,1,69120,7,346957207
650,115645397086,245877,115645642963,8,0,0,403968,8,2225634662
651,115645414954,337850,115645752804,8,0,1,58880,8,4105841556
652,115645469722,553279,115646023001,8,0,0,107008,8,3625109987
653,115645500802,2466,115645503268,1,0,1,258560,1,5721470675
654,115645744019,4416,115645748435,7,0,1,7680,7,10641849899
655,115645921876,563686,115646485562,1,0,0,2560,1,4265605334
656,115645963731,322828,115646286559,3,0,0,11776,3,9977226734
657,115645993383,336546,115646329929,0,0,1,65536,0,9278171641
658,115646117212,63244,115646180456,2,0,1,2048,2,10073230177
659,115646200495,268005,115646468500,5,0,1,72192,5,1263895022
660,115646266696,287721,115646554417,4,0,0,94720,4,8937824355
661,115646449068,151944,115646601012,9,0,1,11776,9,8715328404
662,115646592154,205108,115646797262,8,0,0,335872,8,9240709544
663,115646667424,57146,115646724570,8,0,1,73728,8,236094880
664,115646741422,290411,115647031833,3,0,0,2048,3,1958281218
665,115646866998,562,115646867560,0,0,1,93696,0,8067698385
666,115646868685,167297,115647035982,0,0,1,261632,0,2769116735
667,115646910562,285339,115647195901,9,0,1,6656,9,2816245669
668,115646981917,179011,115647160928,2,0,1,28160,2,9556430805
669,115647036190,4018,115647040208,3,0,0,512,3,1595664074
670,115647121921,402966,115647524887,8,0,1,82944,8,10494624865
671,115647159844,175021,115647334865,3,0,0,3072,3,5387235253
672,115647194994,183297,115647378291,2,0,1,50176,2,8572170169
673,115647440556,64133,115647504689,1,0,0,108032,1,4599791039
674,115647441159,5798,115647446957,8,0,1,22528,8,2129560068
675,115647522879,243376,115647766255,4,0,0,6144,4,1438808768
676,115647524007,252146,115647776153,1,0,1,207872,1,10680493901
677,115647689137,80637,115647769774,8,0,1,68096,8,8156684437
678,115647695527,129894,115647825421,5,0,0,37376,5,6952322362
679,115647711186,127467,115647838653,5,0,0,211456,5,1739129199
680,115647737966,676761,115648414727,7,0,1,13824,7,6586315987
681,115647745969,449590,115648195559,1,0,1,658944,1,3513801053
682,115647798487,688998,115648487485,2,0,1,12288,2,4075005768
683,115647866368,632248,115648498616,4,0,1,47104,4,2970289511
684,115647871032,407269,115648278301,4,0,1,24576,4,1105863828
685,115647958042,270415,115648228457,8,0,1,7168,8,7847879615
686,115647973151,567240,115648540391,9,0,0,450048,9,9032314987
687,115647980961,276050,115648257011,4,0,1,70656,4,6801138793
688,115648023477,478861,115648502338,8,0,0,209408,8,3463797404
689,115648160350,700001,115648860351,4,0,0,126976,4,1755249874
690,115648162233,610522,115648772755,1,0,0,158720,1,6591780079
691,115648192313,380763,115648573076,8,0,0,183808,8,10570636117
692,115648292811,227600,115648520411,1,0,1,4608,1,499640878
693,115648319444,122399,115648441843,5,0,1,22528,5,968935966
694,115648351070,292895,115648643965,3,0,0,18432,3,8170547223
695,115648434802,348902,115648783704,4,0,1,10752,4,5511651291
696,115648458217,246406,115648704623,3,0,0,3072,3,9681635787
697,115648790941,174212,115648965153,0,0,1,377856,0,4414938252
698,115648885733,52915,115648938648,5,0,1,39424,5,6263710871
699,115648931389,384154,115649315543,2,0,1,16384,2,3213717732
700,115648957638,248725,115649206363,4,0,1,4608,4,4407767178
701,115649007041,238664,115649245705,1,0,0,78848,1,5651571070
702,115649071033,15058,115649086091,2,0,1,44544,2,9174445688
703,115649089559,218354,115649307913,4,0,1,3072,4,8502363364
704,115649118779,178334,115649297113,4,0,1,13824,4,8278324837
705,115649164957,223513,115649388470,8,0,1,13312,8,128453252
706,115649196620,108871,115649305491,1,0,0,29184,1,2532639259
707,115649242260,192246,115649434506,9,0,1,28672,9,1952947268
708,115649242325,132598,115649374923,4,0,1,25600,4,6051054251
709,115649247822,127984,115649375806,5,0,0,212480,5,5552733696
710,115649298022,138718,115649436740,5,0,1,8704,5,8742880394
711,115649316892,264806,115649581698,7,0,1,16384,7,5094969926
712,115649586947,95541,115649682488,4,0,0,159232,4,8336440415
713,115649611600,11610,115649623210,4,0,1,56320,4,5932089259
714,115649672504,181904,115649854408,3,0,0,2560,3,2578301852
715,115649740929,144632,115649885561,5,0,0,337920,5,9611118065
716,115649802218,206141,115650008359,1,0,1,37888,1,6593049038
717,115649854107,92461,115649946568,2,0,1,18944,2,8354894304
718,115649896646,243388,115650140034,1,0,0,135680,1,5122400047
719,115650072634,122904,115650195538,8,0,1,45568,8,3592033113
720,115650097089,224371,115650321460,9,0,1,22016,9,1504904809
721,115650142631,293283,115650435914,8,0,0,199168,8,2476355075
722,115650188492,158696,115650347188,1,0,0,379392,1,5988398127
723,115650199796,249168,115650448964,2,0,0,84992,2,2104772914
724,115650268966,264195,115650533161,8,0,1,7168,8,3727713411
725,115650341842,237591,115650579433,8,0,1,15872,8,3737326122
726,115650483204,92012,115650575216,8,0,1,6656,8,9166272088
727,115650591751,210369,115650802120,1,0,0,148992,1,2584695561
728,115650703203,225962,115650929165,0,0,1,488448,0,4447895489
729,115650755483,453794,115651209277,1,0,0,366592,1,895094630
730,115650832967,324041,115651157008,8,0,0,236032,8,6469054346
731,115650935513,261501,115651197014,9,0,1,5120,9,3445649380
732,115650939750,306874,115651246624,0,0,1,58880,0,4937204212
733,115650970469,316054,115651286523,4,0,0,512000,4,5922118871
734,115651235716,284903,115651520619,5,0,0,443392,5,1483224880
735,115651268522,150878,115651419400,1,0,1,16896,1,7295049441
736,115651286060,227132,115651513192,1,0,1,33280,1,9272914405
737,115651327515,428216,115651755731,9,0,1,48128,9,9549137778
738,115651345138,433764,115651778902,2,0,1,7168,2,8348636156
739,115651375847,183137,115651558984,2,0,0,20992,2,5250439873
740,115651602124,99765,115651701889,2,0,0,296448,2,9521819175
741,115651696940,556477,115652253417,8,0,0,46592,8,7156218171
742,115651793435,55744,115651849179,9,0,1,30208,9,6237785203
743,115651827458,152718,115651980176,5,0,1,13312,5,5734489976
744,115651870278,204874,115652075152,7,0,1,4096,7,9750885683
745,115651941844,199405,115652141249,2,0,1,45056,2,9729582970
746,115651977013,110958,115652087971,9,0,1,34304,9,3087035758
747,115652030302,210112,115652240414,2,0,0,171520,2,260001338
748,115652054114,1990,115652056104,0,0,1,587776,0,8482256648
749,115652195308,83940,115652279248,4,0,1,35840,4,4169652838
750,115652229309,36859,115652266168,0,0,1,15360,0,9148732199
751,115652274853,264350,115652539203,2,0,1,9728,2,6854682442
752,115652283179,364209,115652647388,3,0,0,2048,3,5789087145
753,115652303660,562,115652304222,7,0,1,56832,7,731273199
754,115652374544,365437,115652739981,2,0,0,65024,2,7770718030
755,115652415956,270936,115652686892,7,0,1,58368,7,8244379257
756,115652596716,811877,115653408593,3,0,0,512,3,4118791237
757,115652808837,181787,115652990624,2,0,0,205824,2,6187543658
758,115652835111,381089,115653216200,8,0,0,466432,8,5490677925
759,115652902260,335445,115653237705,5,0,0,78336,5,9302146645
760,115653189794,16764,115653206558,2,0,1,34304,2,8917140563
761,115653205260,206280,115653411540,1,0,1,50176,1,1756315667
762,115653226087,263689,115653489776,3,0,0,8192,3,8095531791
763,115653390735,10495,115653401230,1,0,1,39424,1,8790610532
764,115653480655,121482,115653602137,3,0,0,16896,3,4004773597
765,115653521498,197825,115653719323,5,0,0,325120,5,5905006315
766,115653526855,209455,115653736310,2,0,0,56832,2,9906627550
767,115653552408,119607,115653672015,0,0,1,1061376,0,8834025981
768,115653632666,355262,115653987928,4,0,0,59904,4,4543286681
769,115653709403,231007,115653940410,1,0,0,574976,1,6723222768
770,115653778706,45272,115653823978,0,0,1,157184,0,6693241438
771,115653843976,1067107,115654911083,5,0,0,32768,5,849130547
772,115654014256,621650,115654635906,4,0,1,53760,4,3061027574
773,115654030697,905103,115654935800,3,0,0,1536,3,7058799493
774,115654548034,232327,115654780361,8,0,1,13312,8,4474502270
775,115654566587,313325,115654879912,1,0,1,48640,1,5740451298
776,115654612074,360342,115654972416,5,0,1,105984,5,3518516621
777,115654914854,37526,115654952380,8,0,0,46080,8,6880438736
778,115654923043,1038,115654924081,0,0,1,423424,0,6883891136
779,115654971525,155202,115655126727,3,0,0,1024,3,7469570233
780,115655006948,368659,115655375607,7,0,1,1024,7,5797561979
781,115655020627,271094,115655291721,4,0,0,431104,4,7293480050
782,115655091079,247592,115655338671,4,0,0,175616,4,7100557461
783,115655138076,110528,115655248604,5,0,1,22016,5,2616628890
784,115655238563,290695,115655529258,8,0,0,41472,8,7613523175
785,115655299446,268553,115655567999,4,0,0,426496,4,2176754237
786,115655356408,178246,115655534654,1,0,1,6144,1,4495429987
787,115655396474,231717,115655628191,4,0,0,24064,4,7267880459
788,115655405879,375184,115655781063,4,0,0,202752,4,2375810252
789,115655425310,205624,115655630934,8,0,1,5120,8,1575756640
790,115655547755,432915,115655980670,0,0,1,743424,0,4412440163
791,115655625828,881149,115656506977,2,0,0,336896,2,3363325555
792,115655744583,677134,115656421717,8,0,1,27648,8,6112079064
793,115655751805,497727,115656249532,4,0,0,993792,4,10353468988
794,115655931231,692810,115656624041,8,0,0,29696,8,675589084
795,115656203512,223788,115656427300,8,0,1,14848,8,1681364873
796,115656305086,191778,115656496864,5,0,1,99840,5,469032164
797,115656325592,24408,115656350000,8,0,0,181248,8,10500601908
798,115656363196,298807,115656662003,8,0,0,18432,8,7193967746
799,115656413849,445386,115656859235,4,0,1,6144,4,7567570403
800,115656611176,606195,115657217371,8,0,0,44032,8,5569686781
801,115656701353,203128,115656904481,2,0,0,328704,2,209281973
802,115656814850,100973,115656915823,4,0,0,37888,4,9542603851
803,115656915898,146589,115657062487,8,0,1,30208,8,2083841810
804,115657111478,358819,115657470297,0,0,1,403968,0,1120536473
805,115657187542,338638,115657526180,9,0,1,183296,9,5608839124
806,115657200304,356939,115657557243,7,0,1,101888,7,3215636517
807,115657243607,325145,115657568752,1,0,0,526336,1,10224785728
808,115657376408,351842,115657728250,5,0,1,78336,5,136335758
809,115657395824,395137,115657790961,7,0,1,24576,7,6141262167
810,115657403120,375980,115657779100,2,0,1,5632,2,10434851461
811,115657480128,255304,115657735432,4,0,1,78336,4,4858833402
812,115657607094,194629,115657801723,4,0,0,413696,4,605130828
813,115657680761,105004,115657785765,4,0,1,38400,4,3993782327
814,115657754750,426022,115658180772,8,0,1,71168,8,4725740634
815,115657770397,197050,115657967447,3,0,0,5120,3,2232413205
816,115657785849,299112,115658084961,8,0,1,43008,8,10293405732
817,115657833921,303977,115658137898,5,0,0,323584,5,860177957
818,115657917091,235781,115658152872,8,0,1,8192,8,3349427511
819,115657956546,317775,115658274321,3,0,0,518656,3,5578503411
820,115657985872,304514,115658290386,1,0,0,52224,1,8860414489
821,115658189050,265946,115658454996,2,0,0,431104,2,133997099
822,115658203448,282514,115658485962,1,0,1,18432,1,2806615190
823,115658240389,396961,115658637350,1,0,0,218624,1,5069989487
824,115658264966,298841,115658563807,2,0,1,4608,2,3749149513
825,115658412448,541525,115658953973,7,0,1,56320,7,5978528286
826,115658424638,351649,115658776287,2,0,1,42496,2,475099078
827,115658658095,186845,115658844940,1,0,1,512,1,351163937
828,115658786095,31779,115658817874,4,0,1,18944,4,5335742781
829,115658914733,198201,115659112934,5,0,0,51712,5,8330892064
830,115658925808,92236,115659018044,9,0,1,41472,9,3821011434
831,115658947516,145910,115659093426,2,0,1,23040,2,9589876907
832,115659061194,33978,115659095172,8,0,0,38912,8,4153755930
833,115659105393,82216,115659187609,7,0,1,15360,7,5582828967
834,115659238317,368937,115659607254,1,0,0,683520,1,3950080047
835,115659252563,373246,115659625809,2,0,1,8704,2,6684928286
836,115659259416,419541,115659678957,1,0,0,51712,1,8262195859
837,115659264370,414405,115659678775,9,0,1,6144,9,9666906079
838,115659336135,348106,115659684241,4,0,0,33280,4,5839435135
839,115659515710,527116,115660042826,3,0,0,1001472,3,5234674904
840,115659587698,618770,115660206468,1,0,1,54784,1,1053964377
841,115659597022,478223,115660075245,5,0,1,81408,5,7546943679
842,115659677967,320526,115659998493,8,0,0,79360,8,8371951408
843,115659836432,689625,115660526057,1,0,0,11776,1,8173036873
844,115660033219,272115,115660305334,4,0,1,25088,4,1671697635
845,115660046278,308241,115660354519,2,0,1,27136,2,2852954988
846,115660086555,365128,115660451683,2,0,0,590848,2,4576074267
847,115660141723,321302,115660463025,8,0,0,46080,8,1348497027
848,115660297146,143537,115660440683,1,0,1,47616,1,10511288190
849,115660382848,84988,115660467836,7,0,1,20992,7,2817023042
850,115660387190,328540,115660715730,8,0,0,217600,8,395130239
851,115660418097,267234,115660685331,5,0,1,20992,5,10475786235
852,115660523998,314153,115660838151,3,0,0,138752,3,6166220666
853,115660559814,459819,115661019633,0,0,1,6144,0,10431740521
854,115660670887,377233,115661048120,8,0,0,614400,8,4737989643
855,115660718513,299632,115661018145,5,0,0,322048,5,347905050
856,115660729961,373477,115661103438,1,0,0,135680,1,7763541699
857,115660759177,427698,115661186875,7,0,1,12288,7,10417457994
858,115660762213,458287,115661220500,1,0,0,244224,1,7290522334
859,115660772599,499280,115661271879,1,0,1,7168,1,818168438
860,115660774879,512535,115661287414,5,0,0,82944,5,583800544
861,115661039079,358344,115661397423,7,0,1,13312,7,8316047708
862,115661057959,302381,115661360340,5,0,0,420352,5,1813262653
863,115661166020,448683,115661614703,8,0,0,167424,8,2513503121
864,115661368615,141209,115661509824,4,0,0,140800,4,4040866343
865,115661389626,143154,115661532780,1,0,1,2048,1,2930471707
866,115661480334,205782,115661686116,7,0,1,1024,7,5489538655
867,115661482543,302165,115661784708,5,0,0,231936,5,6777802916
868,115661495531,217817,115661713348,5,0,1,48128,5,2234957247
869,115661576989,399749,115661976738,7,0,1,121344,7,3882271094
870,115661598662,496743,115662095405,2,0,0,357376,2,1105774667
871,115661619633,239558,115661859191,2,0,1,11776,2,416291386
872,115661759650,274315,115662033965,1,0,1,61952,1,1932502764
873,115661823902,372434,115662196336,8,0,1,14336,8,2276954618
874,115661838553,516180,115662354733,2,0,1,14336,2,662731838
875,115661941092,281567,115662222659,1,0,1,51200,1,6465657012
876,115662144502,196445,115662340947,0,0,1,86016,0,8811557091
877,115662275594,65364,115662340958,3,0,0,104960,3,3096917170
878,115662286595,55166,115662341761,4,0,0,3072,4,2723434455
879,115662298575,179052,115662477627,4,0,1,95744,4,335494374
880,115662299412,185870,115662485282,7,0,1,25088,7,7928638580
881,115662508130,149565,115662657695,4,0,1,14848,4,10707377027
882,115662532942,275118,115662808060,2,0,1,9728,2,9152690207
883,115662586248,422213,115663008461,0,0,1,454144,0,5184927304
884,115662626509,499508,115663126017,8,0,0,812544,8,6365485279
885,115662699431,524984,115663224415,3,0,0,323584,3,6592279711
886,115662707285,544915,115663252200,8,0,0,382464,8,2811744094
887,115662798729,636370,115663435099,2,0,1,38912,2,5583569337
888,115662855731,529651,115663385382,5,0,0,134144,5,2453725609
889,115663097260,390926,115663488186,8,0,1,34816,8,3338077024
890,115663103991,361367,115663465358,3,0,0,623616,3,9822608568
891,115663109627,441135,115663550762,8,0,0,1352192,8,6856375452
892,115663163974,546150,115663710124,1,0,0,89600,1,1107668311
893,115663186850,546129,115663732979,4,0,1,16384,4,2780138644
894,115663215933,336271,115663552204,8,0,0,157696,8,3167530448
895,115663224845,931778,115664156623,4,0,1,17408,4,7634170539
896,115663362478,1184640,115664547118,5,0,1,76288,5,2275127388
897,115663450448,687796,115664138244,4,0,0,25088,4,7497949385
898,115663547741,1155564,115664703305,1,0,0,4608,1,1221578775
899,115663631723,495428,115664127151,7,0,1,43008,7,5624539905
900,115663636853,362179,115663999032,1,0,1,14848,1,9324765297
901,115663866677,1152590,115665019267,2,0,1,8704,2,6229852518
902,115663888241,918086,115664806327,5,0,1,8704,5,1835891370
903,115663993399,822250,115664815649,5,0,0,97792,5,6638030242
904,115663995910,403845,115664399755,5,0,0,92160,5,2701613026
905,115664006333,427460,115664433793,1,0,1,20992,1,8511264847
906,115664141843,228042,115664369885,5,0,1,512,5,7989396653
907,115664205748,379400,115664585148,4,0,0,41472,4,43973484
908,115664312880,298057,115664610937,7,0,1,4096,7,8739179199
909,115664353691,382176,115664735867,1,0,1,69120,1,9660081125
910,115664618969,170270,115664789239,5,0,1,12288,5,10124996164
911,115664693119,157975,115664851094,8,0,1,28160,8,400534198
912,115664720636,264964,115664985600,7,0,1,19456,7,9574126877
913,115664919315,175344,115665094659,6,0,1,97792,6,6556446773
914,115664989644,53579,115665043223,7,0,1,75776,7,5399114082
915,115665051555,352556,115665404111,4,0,0,87552,4,7713312383
916,115665180012,151987,115665331999,7,0,1,23040,7,9062562650
917,115665231250,221453,115665452703,2,0,0,245760,2,2267874052
918,115665390613,148234,115665538847,3,0,0,245248,3,8305629788
919,115665632949,124954,115665757903,7,0,1,37376,7,5430261220
920,115665692436,146005,115665838441,8,0,1,73728,8,10701174475
921,115665735253,115530,115665850783,5,0,1,12288,5,6026647500
922,115665816806,121411,115665938217,8,0,1,27648,8,7111988717
923,115665855914,134749,115665990663,4,0,0,222208,4,2101081363
924,115666005516,52360,115666057876,8,0,1,1024,8,5819466571
925,115666040124,238322,115666278446,1,0,1,139776,1,9682958557
926,115666101730,273253,115666374983,7,0,1,3072,7,9242367888
927,115666168163,630358,115666798521,1,0,0,1024000,1,6177076038
928,115666423056,541309,115666964365,2,0,0,540160,2,5480628296
929,115666553546,194860,115666748406,2,0,1,5632,2,8785369910
930,115666774011,92219,115666866230,3,0,0,7168,3,8401741292
931,115666871600,448764,115667320364,7,0,1,51712,7,4274889594
932,115666886018,151399,115667037417,7,0,1,19968,7,9294241939
933,115666887789,242820,115667130609,1,0,0,36864,1,7847343833
934,115666981715,328337,115667310052,1,0,1,30720,1,9805149918
935,115666994917,396061,115667390978,2,0,1,68608,2,4870231251
936,115666995720,382067,115667377787,4,0,0,610304,4,10090533685
937,115667054590,344060,115667398650,8,0,0,92160,8,5016143177
938,115667120525,379419,115667499944,5,0,1,18432,5,4600069561
939,115667177839,499965,115667677804,5,0,0,757760,5,896997964
940,115667272656,425732,115667698388,3,0,0,73728,3,549406427
941,115667375305,324267,115667699572,4,0,1,30720,4,4393697952
942,115667394705,420131,115667814836,8,0,0,65536,8,7425152592
943,115667411027,291769,115667702796,4,0,0,623104,4,6651454247
944,115667567022,503153,115668070175,6,0,1,4096,6,7599175676
945,115667620415,300486,115667920901,3,0,0,32256,3,2156349716
946,115667631451,278869,115667910320,4,0,1,8192,4,6993062454
947,115667649287,361205,115668010492,2,0,1,32256,2,3055116787
948,115667658711,479656,115668138367,5,0,0,55296,5,3426946234
949,115667742991,559054,115668302045,2,0,0,905216,2,1835376838
950,115668030743,298247,115668328990,4,0,0,88064,4,7756916145
951,115668098391,292861,115668391252,1,0,0,207872,1,193379182
952,115668119390,283115,115668402505,8,0,1,65024,8,4863608200
953,115668119888,81345,115668201233,5,0,0,48128,5,6374672426
954,115668162487,397226,115668559713,1,0,1,25088,1,22356254
955,115668288037,232564,115668520601,5,0,1,47616,5,8616351889
956,115668323284,427665,115668750949,4,0,0,2560,4,1915634111
957,115668342570,401935,115668744505,6,0,1,15360,6,4322977160
958,115668419412,517520,115668936932,1,0,0,837632,1,1801236380
959,115668614464,344765,115668959229,5,0,1,24576,5,9062803009
960,115668710287,258211,115668968498,3,0,0,110080,3,8230427231
961,115668714409,366166,115669080575,8,0,1,553984,8,1189910479
962,115668756886,346498,115669103384,3,0,0,502272,3,7755970986
963,115668824236,256599,115669080835,3,0,0,154624,3,6296514661
964,115668845628,225120,115669070748,2,0,1,61952,2,3091519213
965,115668916721,852121,115669768842,5,0,0,4096,5,8913446320
966,115669045334,739805,115669785139,1,0,1,1024,1,9679010122
967,115669270654,357758,115669628412,3,0,0,583168,3,8757306930
968,115669410793,233070,115669643863,2,0,0,57344,2,9431458447
969,115669449039,728573,115670177612,8,0,1,382976,8,1267493525
970,115669847622,347785,115670195407,4,0,1,58368,4,2059068244
971,115669871863,348390,115670220253,8,0,0,958976,8,3203091279
972,115669872135,374927,115670247062,8,0,0,64512,8,4763882631
973,115669907459,300387,115670207846,8,0,0,86528,8,5097603135
974,115670046718,592337,115670639055,4,0,1,5120,4,3520987907
975,115670056288,606728,115670663016,7,0,1,10752,7,3621468267
976,115670112622,271395,115670384017,8,0,1,216064,8,7857538390
977,115670163802,598042,115670761844,4,0,1,29184,4,4120677644
978,115670175212,334155,115670509367,2,0,0,6144,2,2705284372
979,115670222210,268885,115670491095,2,0,1,34816,2,6659189868
980,115670240828,592407,115670833235,4,0,0,512,4,9310027868
981,115670332619,372421,115670705040,4,0,0,454656,4,3879005091
982,115670589478,73054,115670662532,8,0,1,631296,8,5561828581
983,115670602490,84900,115670687390,8,0,1,151040,8,3779987070
984,115670616937,118499,115670735436,1,0,1,15872,1,5241116293
985,115670663978,61895,115670725873,6,0,1,15872,6,6919130015
986,115670736014,388041,115671124055,5,0,0,118784,5,8040952805
987,115670781049,54783,115670835832,3,0,0,141824,3,2714090067
988,115670784969,352648,115671137617,3,0,0,122368,3,49982798
989,115670813097,615593,115671428690,6,0,1,18432,6,7167442109
990,115670891519,53848,115670945367,3,0,0,100352,3,4901995144
991,115670913640,647804,115671561444,5,0,1,71680,5,3550591272
992,115671081998,914663,115671996661,8,0,0,93184,8,7708717649
993,115671110101,394987,115671505088,4,0,1,3072,4,1623901762
994,115671131978,613299,115671745277,6,0,1,7168,6,10517809354
995,115671137348,397156,115671534504,2,0,1,8192,2,6969956391
996,115671156721,310331,115671467052,4,0,1,46080,4,2727670866
997,115671164246,394304,115671558550,2,0,0,20992,2,6515617622
998,115671218814,390526,115671609340,4,0,0,344576,4,7972094881
999,115671527879,272465,115671800344,5,0,0,439808,5,432128029
1000,115671666009,136601,115671802610,8,0,0,3584,8,6026612674
1001,115671759585,193349,115671952934,1,0,1,18944,1,1527436441
1002,115671938012,153795,115672091807,1,0,0,249344,1,6246434563
1003,115671954251,153826,115672108077,4,0,0,61440,4,4775846208
1004,115672011775,106902,115672118677,1,0,1,512,1,3860576679
1005,115672105655,199848,115672305503,5,0,1,29184,5,3908083191
1006,115672110719,250399,115672361118,8,0,0,654336,8,5487600700
1007,115672203866,401100,115672604966,7,0,1,14848,7,5018336082
1008,115672224002,328005,115672552007,6,0,1,22528,6,8452349423
1009,115672231291,178241,115672409532,1,0,0,161792,1,8794413371
1010,115672413236,35681,115672448917,3,0,0,113152,3,8303468805
1011,115672560622,411010,115672971632,2,0,0,7680,2,10394581452
1012,115672674234,109518,115672783752,2,0,1,2560,2,6277575627
1013,115672766845,93045,115672859890,5,0,0,151040,5,10663897036
1014,115672799409,160681,115672960090,4,0,1,60416,4,1566852531
1015,115672807266,276667,115673083933,0,0,1,190464,0,1017396710
1016,115672912546,275554,115673188100,8,0,0,446464,8,10458887775
1017,115672915742,309569,115673225311,8,0,0,120832,8,2123881378
1018,115672938931,165012,115673103943,5,0,1,22528,5,10690553218
1019,115672996341,395179,115673391520,5,0,1,12800,5,1119519336
1020,115673118145,96317,115673214462,8,0,0,195072,8,9715678019
1021,115673150856,525953,115673676809,6,0,1,37888,6,10192672076
1022,115673159852,367699,115673527551,0,0,1,822272,0,1216597007
1023,115673353379,815605,115674168984,2,0,1,7680,2,1110305585
1024,115673367348,836164,115674203512,2,0,1,231424,2,1389099903
1025,115673410559,520493,115673931052,4,0,0,160768,4,1989631141
1026,115673426473,336458,115673762931,1,0,1,19968,1,4669434490
1027,115673467318,695873,115674163191,7,0,1,2560,7,4613372017
1028,115673656216,657972,115674314188,4,0,1,15872,4,9323042423
1029,115673768097,405467,115674173564,7,0,1,7680,7,1614197634
1030,115673843666,457704,115674301370,8,0,1,199168,8,3261586382
1031,115673876814,329757,115674206571,1,0,0,544256,1,966349296
1032,115673970168,522411,115674492579,8,0,0,75264,8,8416259504
1033,115673970431,449948,115674420379,5,0,0,83968,5,6542060256
1034,115673977552,475811,115674453363,4,0,1,19456,4,8513147613
1035,115674120266,331673,115674451939,4,0,0,18944,4,5731231151
1036,115674282328,54659,115674336987,4,0,1,56320,4,635477406
1037,115674404001,403747,115674807748,3,0,0,32256,3,9031197309
1038,115674562934,127509,115674690443,6,0,1,5120,6,7213709996
1039,115674629311,63015,115674692326,5,0,1,6144,5,8232487232
1040,115674785539,158359,115674943898,1,0,0,261632,1,4272095228
1041,115674905455,145650,115675051105,5,0,0,240128,5,154133026
1042,115675117971,20362,115675138333,2,0,1,44032,2,7938161079
1043,115675179856,52761,115675232617,5,0,0,32768,5,9788763540
1044,115675182303,151094,115675333397,3,0,0,77824,3,3854024833
1045,115675198771,117799,115675316570,1,0,1,37888,1,9671742985
1046,115675199761,176674,115675376435,8,0,1,442368,8,6113404019
1047,115675206404,186238,115675392642,8,0,1,92160,8,7662959360
1048,115675319950,24482,115675344432,1,0,0,302592,1,6217315227
1049,115675337231,212124,115675549355,4,0,1,512,4,3963973680
1050,115675425004,524434,115675949438,8,0,1,456192,8,2234780648
1051,115675487198,647575,115676134773,4,0,0,17920,4,4347582764
1052,115675498421,633293,115676131714,2,0,1,194048,2,10340521784
1053,115675562855,336294,115675899149,8,0,1,55296,8,758905242
1054,115675644343,243889,115675888232,2,0,1,31232,2,5956012099
1055,115675663914,504292,115676168206,8,0,1,193536,8,3247981590
1056,115675665812,602639,115676268451,5,0,1,90112,5,8809753705
1057,115675802787,560567,115676363354,5,0,1,24064,5,1621352756
1058,115675895203,586136,115676481339,3,0,0,275456,3,7211427877
1059,115675929544,317008,115676246552,2,0,1,512,2,7263803905
1060,115675934951,385222,115676320173,8,0,0,3584,8,4983853662
1061,115676031193,487038,115676518231,0,0,1,107008,0,2969368506
1062,115676065954,354227,115676420181,2,0,1,11776,2,1377377134
1063,115676098295,331257,115676429552,2,0,1,30720,2,1068082678
1064,115676307522,185979,115676493501,3,0,0,302080,3,2499201864
1065,115676454154,247709,115676701863,2,0,1,32256,2,8567472497
1066,115676472611,67624,115676540235,7,0,1,112128,7,3889520312
1067,115676656937,300028,115676956965,6,0,1,2560,6,7427850504
1068,115676758010,113469,115676871479,8,0,1,24576,8,1540092063
1069,115676929914,127396,115677057310,5,0,1,118272,5,356900190
1070,115676979446,144206,115677123652,0,0,1,108032,0,1072853642
1071,115677024049,329703,115677353752,8,0,1,291328,8,4717072382
1072,115677214344,160175,115677374519,0,0,1,68096,0,9941812198
1073,115677262056,265702,115677527758,8,0,1,1060352,8,9263182041
1074,115677262476,337473,115677599949,1,0,1,11264,1,4405989807
1075,115677285972,163228,115677449200,4,0,0,408064,4,2560072927
1076,115677453918,940419,115678394337,5,0,1,20480,5,1167461436
1077,115677472713,741317,115678214030,1,0,1,37888,1,4691345739
1078,115677501845,766363,115678268208,1,0,0,141824,1,10537381626
1079,115677521817,711447,115678233264,7,0,1,42496,7,5885355818
1080,115677942828,322482,115678265310,2,0,0,52224,2,3801832493
1081,115678001721,604276,115678605997,2,0,0,578048,2,3513372801
1082,115678028010,676999,115678705009,5,0,0,318464,5,3321150337
1083,115678161697,549930,115678711627,5,0,0,23552,5,7940030128
1084,115678167425,632334,115678799759,4,0,0,282624,4,3082555808
1085,115678285310,596731,115678882041,8,0,0,270848,8,8972453314
1086,115678289885,608733,115678898618,5,0,0,54784,5,8814141869
1087,115678330034,733170,115679063204,8,0,1,261632,8,10487075754
1088,115678342325,487969,115678830294,2,0,0,683520,2,3046065659
1089,115678378702,721433,115679100135,4,0,0,34304,4,1887701858
1090,115678407006,792341,115679199347,4,0,1,83456,4,10437634416
1091,115678579302,766589,115679345891,6,0,1,13312,6,6249027594
1092,115678606521,689112,115679295633,1,0,0,490496,1,10113612142
1093,115678788384,515559,115679303943,5,0,1,12288,5,8177861657
1094,115678796446,574140,115679370586,5,0,0,53760,5,5469075371
1095,115678804748,337038,115679141786,4,0,0,221696,4,4277192215
1096,115678912265,741769,115679654034,8,0,1,347136,8,2799246223
1097,115679053601,513761,115679567362,5,0,0,48128,5,231910727
1098,115679152772,400704,115679553476,2,0,1,40960,2,9246515948
1099,115679260809,225300,115679486109,8,0,1,390656,8,7626540850
1100,115679265840,898395,115680164235,8,0,0,632320,8,1197587139
1101,115679454127,704860,115680158987,8,0,0,103936,8,3569651536
1102,115679580850,438537,115680019387,4,0,0,567808,4,6307278547
1103,115679679388,388392,115680067780,1,0,0,150528,1,8901367867
1104,115679684436,336920,115680021356,8,0,1,326656,8,5460156371
1105,115679745723,342176,115680087899,3,0,0,49152,3,3886217740
1106,115679775519,219534,115679995053,2,0,0,115200,2,5724323719
1107,115679782919,458660,115680241579,6,0,1,17408,6,7507083412
1108,115679911276,208153,115680119429,6,0,1,3584,6,3035570708
1109,115680043465,195065,115680238530,8,0,0,128512,8,7740181645
1110,115680046173,771625,115680817798,4,0,1,1536,4,2159675335
1111,115680089684,410383,115680500067,5,0,1,6144,5,4521789273
1112,115680259051,153484,115680412535,0,0,1,445952,0,7281758399
1113,115680298937,163186,115680462123,5,0,1,25600,5,4995727105
1114,115680385951,123270,115680509221,3,0,0,134656,3,9619630539
1115,115680386567,608722,115680995289,2,0,0,40960,2,3855803416
1116,115680458561,305801,115680764362,2,0,0,112640,2,5686613848
1117,115680561983,576658,115681138641,2,0,0,285184,2,3421114632
1118,115680635395,240211,115680875606,2,0,0,93696,2,3773552965
1119,115680850046,13508,115680863554,4,0,1,17408,4,4615117112
1120,115681014720,284212,115681298932,7,0,1,22528,7,1282656281
1121,115681018189,363979,115681382168,4,0,0,26112,4,2481204635
1122,115681226099,322883,115681548982,0,0,1,165888,0,808786724
1123,115681441225,211444,115681652669,5,0,1,115712,5,4909341207
1124,115681511225,172603,115681683828,1,0,0,219136,1,2312517432
1125,115681516040,194529,115681710569,3,0,0,87040,3,7134238839
1126,115681551852,283887,115681835739,4,0,1,5632,4,565232213
1127,115681898410,99160,115681997570,2,0,1,25600,2,7390420751
1128,115681976701,146166,115682122867,5,0,0,241152,5,5518934705
1129,115682066971,135354,115682202325,3,0,0,220160,3,1008928395
1130,115682136949,122198,115682259147,4,0,0,181760,4,9270746131
1131,115682174296,4846,115682179142,8,0,1,451584,8,3341073630
1132,115682185528,562592,115682748120,8,0,1,163840,8,3189435917
1133,115682272631,324850,115682597481,2,0,0,5120,2,9104838253
1134,115682412049,254789,115682666838,2,0,0,434176,2,4373949607
1135,115682481518,601321,115683082839,5,0,1,3584,5,6582745199
1136,115682482121,306450,115682788571,3,0,0,27136,3,490898891
1137,115682690924,254009,115682944933,1,0,0,261120,1,1120058299
1138,115682715304,270464,115682985768,1,0,0,702976,1,10113248980
1139,115682991575,582314,115683573889,2,0,1,36352,2,4257966370
1140,115683025436,278595,115683304031,4,0,0,30720,4,5130340970
1141,115683060611,179815,115683240426,0,0,1,141312,0,2220953952
1142,115683116592,175596,115683292188,2,0,1,19968,2,9342593739
1143,115683168358,347270,115683515628,4,0,1,2048,4,2680554358
1144,115683209508,357569,115683567077,3,0,1,40960,3,3508194471
1145,115683236108,582419,115683818527,5,0,0,285184,5,6778637755
1146,115683608880,60100,115683668980,1,0,0,47104,1,9285076841
1147,115683665802,13596,115683679398,4,0,0,23040,4,7860727149
1148,115683699267,43196,115683742463,3,0,0,70656,3,6731974046
1149,115683718052,86400,115683804452,4,0,0,139264,4,6796988949
1150,115683845195,142797,115683987992,4,0,1,39424,4,8855189601
1151,115683936592,53749,115683990341,5,0,0,91136,5,5324641305
1152,115684307062,178609,115684485671,3,0,0,294400,3,8548987163
1153,115684332247,190943,115684523190,2,0,0,130560,2,10485007320
1154,115684353775,195336,115684549111,8,0,0,82944,8,1918772547
1155,115684364607,241063,115684605670,8,0,1,32768,8,5494367721
1156,115684405130,324511,115684729641,6,0,1,20992,6,4566950793
1157,115684430877,372378,115684803255,7,0,1,12800,7,6200740759
1158,115684743972,33547,115684777519,2,0,0,52736,2,3381176414
1159,115684858232,98536,115684956768,6,0,1,23552,6,7158967707
1160,115684908426,95238,115685003664,7,0,1,18944,7,496949203
1161,115684979020,169868,115685148888,6,0,1,150528,6,2834896397
1162,115685104406,143478,115685247884,4,0,1,25088,4,7011519308
1163,115685665792,114136,115685779928,6,0,1,74752,6,7100134708
1164,115685739044,43971,115685783015,3,0,0,72192,3,10034748617
1165,115685743935,190984,115685934919,3,0,0,254976,3,10249341346
1166,115685786273,217377,115686003650,7,0,1,25088,7,4974649133
1167,115685807763,319860,115686127623,8,0,0,275968,8,2325109277
1168,115686411525,22170,115686433695,8,0,0,36352,8,2599662265
1169,115686577199,77100,115686654299,7,0,1,134144,7,3889955709
1170,115686584045,138376,115686722421,5,0,0,130048,5,7601772179
1171,115686763281,194812,115686958093,1,0,0,315904,1,5185688306
1172,115686857131,106556,115686963687,8,0,0,18432,8,8742725915
1173,115687035784,44658,115687080442,4,0,0,76800,4,2869016306
1174,115687271078,477480,115687748558,5,0,0,807424,5,7954738619
1175,115687297145,503558,115687800703,7,0,1,57856,7,3357782341
1176,115687300880,546421,115687847301,4,0,0,257024,4,6945120855
1177,115687625263,178130,115687803393,0,0,1,43520,0,1671614824
1178,115687661455,80583,115687742038,6,0,1,62464,6,9771673419
1179,115687711720,46055,115687757775,1,0,0,146432,1,5745308012
1180,115687820404,328950,115688149354,2,0,0,36864,2,10236123411
1181,115687870383,101895,115687972278,2,0,0,49152,2,217870967
1182,115687904909,473396,115688378305,6,0,1,26624,6,4743993528
1183,115687949402,238065,115688187467,4,0,0,162304,4,451024759
1184,115687968341,174644,115688142985,2,0,0,197120,2,3194720512
1185,115688161498,137075,115688298573,3,0,0,226816,3,8519146901
1186,115688229102,65166,115688294268,7,0,1,8704,7,1598019550
1187,115688245052,10753,115688255805,0,0,1,787456,0,955226870
1188,115688288741,92787,115688381528,3,0,0,110080,3,4775621067
1189,115688378374,557232,115688935606,6,0,1,14336,6,3817746688
1190,115688521982,787499,115689309481,3,0,0,17408,3,7762830511
1191,115688651327,658556,115689309883,1,0,0,150528,1,9561945001
1192,115688692640,351789,115689044429,6,0,1,24576,6,8071347100
1193,115688770961,273479,115689044440,1,0,0,412160,1,7914190012
1194,115689092493,65425,115689157918,2,0,0,110592,2,847308016
1195,115689159342,298817,115689458159,5,0,0,488448,5,6442505329
1196,115689229466,234390,115689463856,8,0,0,18944,8,564201513
1197,115689314200,310379,115689624579,6,0,1,61440,6,58664104
1198,115689342747,114499,115689457246,8,0,1,101376,8,170955152
1199,115689488575,366534,115689855109,7,0,1,1536,7,3717850333
1200,115689549061,239799,115689788860,4,0,1,15360,4,6797896104
1201,115689557577,300421,115689857998,8,0,0,189440,8,6498738482
1202,115689704601,556614,115690261215,1,0,0,898048,1,306751210
1203,115689971735,382950,115690354685,1,0,0,300032,1,5357529753
1204,115690053635,299904,115690353539,8,0,1,373248,8,3886525289
1205,115690087167,243805,115690330972,1,0,0,105984,1,9253418717
1206,115690131031,237742,115690368773,4,0,1,9728,4,750397933
1207,115690201009,455010,115690656019,5,0,0,186368,5,8424577633
1208,115690217902,681726,115690899628,5,0,0,43520,5,5199275503
1209,115690444320,81887,115690526207,8,0,1,562688,8,114225810
1210,115690583027,369069,115690952096,0,0,1,337920,0,2074527586
1211,115690653252,903037,115691556289,7,0,1,48128,7,1411425098
1212,115690680076,218514,115690898590,0,0,1,724992,0,3484832646
1213,115690741404,889724,115691631128,0,0,1,28672,0,8487232866
1214,115690786484,705741,115691492225,8,0,1,633344,8,7077123032
1215,115690787769,236191,115691023960,7,0,1,68096,7,301109281
1216,115691002673,167333,115691170006,6,0,1,9216,6,6026860372
1217,115691003984,167173,115691171157,4,0,0,132608,4,563353639
1218,115691065973,35825,115691101798,4,0,1,9728,4,8521964723
1219,115691091217,1304872,115692396089,0,0,1,568832,0,66972898
1220,115691128854,985094,115692113948,5,0,0,161792,5,9291784432
1221,115691257330,1349190,115692606520,1,0,0,212480,1,6262149887
1222,115691326199,939444,115692265643,3,0,0,19456,3,9953312127
1223,115691344862,1411956,115692756818,5,0,0,98304,5,4021010809
1224,115691647387,1280590,115692927977,1,0,0,62976,1,10593968841
1225,115691686998,661924,115692348922,0,0,1,51200,0,1054885024
1226,115691709894,641712,115692351606,3,0,0,788992,3,7607145714
1227,115691730117,700442,115692430559,2,0,0,12288,2,963982406
1228,115691745054,649752,115692394806,7,0,1,20480,7,2570141408
1229,115691753548,725353,115692478901,1,0,0,452096,1,4821735009
1230,115691883627,718722,115692602349,5,0,0,402432,5,10530941990
1231,115691904814,826424,115692731238,1,0,0,412160,1,6880211304
1232,115692123432,267004,115692390436,4,0,1,6144,4,7125589803
1233,115692470340,95030,115692565370,8,0,0,20992,8,4796040889
1234,115692564096,124196,115692688292,7,0,1,77312,7,6865364693
1235,115692643594,452540,115693096134,8,0,0,14336,8,10454112717
1236,115692826562,959775,115693786337,4,0,0,201728,4,1945143697
1237,115692866806,440552,115693307358,1,0,0,683008,1,5182754864
1238,115692994163,401736,115693395899,3,0,0,284672,3,4203031100
1239,115693057648,400718,115693458366,5,0,0,208896,5,1937333532
1240,115693259504,44658,115693304162,7,0,1,42496,7,10580069062
1241,115693465371,66011,115693531382,1,0,0,76800,1,8218732402
1242,115693466780,408129,115693874909,3,0,0,72192,3,7468883383
1243,115693556669,117083,115693673752,0,0,1,550912,0,7352555490
1244,115693961916,52240,115694014156,2,0,0,194560,2,9394142999
1245,115694042926,29875,115694072801,5,0,0,52736,5,7047248277
1246,115694070476,831191,115694901667,3,0,0,16384,3,9642711742
1247,115694158221,281552,115694439773,8,0,1,141312,8,9107021697
1248,115694291120,165880,115694457000,4,0,1,12800,4,9861241005
1249,115694612354,107740,115694720094,8,0,1,53760,8,9676488001
1250,115694758620,216008,115694974628,5,0,0,353792,5,9761993552
1251,115695276935,147717,115695424652,1,0,0,244224,1,7873984227
1252,115695278554,228205,115695506759,3,0,0,252416,3,2499016788
1253,115695347545,269251,115695616796,4,0,0,310272,4,4117647592
1254,115695389532,157325,115695546857,7,0,1,53248,7,2048204932
1255,115695430403,390279,115695820682,4,0,1,13824,4,9449016187
1256,115695555894,439475,115695995369,8,0,0,259584,8,3699457074
1257,115695664171,236863,115695901034,5,0,0,384512,5,3934644901
1258,115695690255,314310,115696004565,2,0,0,331776,2,6414253059
1259,115695715667,412142,115696127809,4,0,0,393216,4,6816225042
1260,115695811820,327126,115696138946,3,0,0,36864,3,2834577062
1261,115695974237,257155,115696231392,5,0,0,303104,5,10350648570
1262,115696005341,314490,115696319831,5,0,0,284160,5,6241474960
1263,115696245103,62670,115696307773,8,0,1,1213952,8,7834196498
1264,115696394175,195846,115696590021,2,0,0,101888,2,10418929977
1265,115696433315,165212,115696598527,5,0,1,81920,5,3402478047
1266,115696564010,162828,115696726838,4,0,0,317952,4,2853917502
1267,115696723937,152762,115696876699,4,0,0,268288,4,68977211
1268,115696758195,92145,115696850340,1,0,0,103424,1,4029662678
1269,115696805577,713259,115697518836,8,0,1,150528,8,6936364871
1270,115696893622,532621,115697426243,5,0,0,247296,5,1569813444
1271,115696970816,1505209,115698476025,8,0,0,54784,8,5519924031
1272,115697270861,479462,115697750323,8,0,0,244736,8,1414461615
1273,115697469932,301712,115697771644,5,0,0,34304,5,10041010782
1274,115697476615,137976,115697614591,4,0,1,1024,4,3865971233
1275,115697525982,307757,115697833739,5,0,1,11264,5,5805272570
1276,115697537445,409145,115697946590,4,0,1,18944,4,4343857276
1277,115697544116,381050,115697925166,5,0,1,18432,5,3432606680
1278,115697639365,253998,115697893363,5,0,0,18944,5,62482603
1279,115697696223,441447,115698137670,3,0,0,1017344,3,318270994
1280,115697709988,323953,115698033941,8,0,1,102400,8,6151972924
1281,115697721005,603834,115698324839,5,0,1,43520,5,4638126931
1282,115697774982,699145,115698474127,7,0,1,38400,7,7972342079
1283,115697989202,393886,115698383088,5,0,1,63488,5,9378212515
1284,115698017240,465203,115698482443,2,0,0,58880,2,2856964455
1285,115698075787,378629,115698454416,3,0,0,101888,3,7290560280
1286,115698252484,205966,115698458450,5,0,0,50688,5,8840361028
1287,115698366801,195251,115698562052,8,0,1,783872,8,6936654649
1288,115698371257,35585,115698406842,1,0,0,308736,1,2055609542
1289,115698541650,349442,115698891092,2,0,0,43008,2,10142386568
1290,115698560919,340721,115698901640,4,0,0,570368,4,10505297087
1291,115698590838,843925,115699434763,4,0,0,76800,4,4319125103
1292,115698731369,479368,115699210737,5,0,0,445952,5,4712518083
1293,115698883712,775331,115699659043,8,0,1,413184,8,8241056106
1294,115699104055,298063,115699402118,5,0,1,35328,5,2046621695
1295,115699360991,565782,115699926773,2,0,0,294912,2,1197862296
1296,115699376392,344218,115699720610,8,0,1,131072,8,10074380888
1297,115699387902,297909,115699685811,8,0,1,20992,8,6244843233
1298,115699555799,216783,115699772582,4,0,0,297984,4,8119664940
1299,115699710223,671884,115700382107,7,0,1,31232,7,1861721604
1300,115700173347,165124,115700338471,5,0,0,271360,5,5149799721
1301,115700203109,222869,115700425978,4,0,1,5632,4,10548667811
1302,115700393071,34275,115700427346,2,0,0,59904,2,7213178347
1303,115700423816,571675,115700995491,2,0,0,929792,2,6754259246
1304,115700511989,464790,115700976779,0,0,1,343040,0,6170694712
1305,115700537114,107252,115700644366,2,0,0,22528,2,8079054485
1306,115700622793,53233,115700676026,0,0,1,218624,0,7023134402
1307,115700801440,285619,115701087059,8,0,1,6144,8,9667394049
1308,115700853757,789684,115701643441,7,0,1,4096,7,3333813967
1309,115700905891,512655,115701418546,5,0,0,45568,5,7167302981
1310,115701026208,814377,115701840585,4,0,0,90112,4,3041309626
1311,115701519476,208208,115701727684,5,0,0,342016,5,9703437424
1312,115701524155,322613,115701846768,0,0,1,712704,0,1944823127
1313,115701567261,312720,115701879981,1,0,0,434688,1,7464654684
1314,115701624222,752552,115702376774,5,0,0,151552,5,6731422721
1315,115701713241,563485,115702276726,2,0,0,527872,2,1371127020
1316,115701903000,262123,115702165123,6,0,1,11776,6,8535569266
1317,115701961980,327764,115702289744,6,0,1,42496,6,4932657400
1318,115702005196,399771,115702404967,8,0,1,9728,8,677010721
1319,115702014622,348238,115702362860,5,0,0,51712,5,3649710797
1320,115702119493,254820,115702374313,5,0,1,30720,5,3975558376
1321,115702135628,306062,115702441690,4,0,0,245760,4,553646288
1322,115702152394,278021,115702430415,6,0,1,4096,6,10415548646
1323,115702164600,325031,115702489631,6,0,1,15360,6,3220741031
1324,115702170390,356962,115702527352,2,0,0,32256,2,7818752756
1325,115702181378,204136,115702385514,8,0,1,42496,8,2491172640
1326,115702185593,461197,115702646790,4,0,1,2048,4,7703711485
1327,115702367183,465700,115702832883,8,0,1,57344,8,1188266064
1328,115702439897,234449,115702674346,4,0,1,30208,4,517380165
1329,115702904747,158632,115703063379,6,0,1,59904,6,9283431778
1330,115703034210,94766,115703128976,2,0,0,157696,2,8144925490
1331,115703174923,49288,115703224211,5,0,1,3072,5,1279615678
1332,115703227964,69748,115703297712,4,0,1,9728,4,10585026443
1333,115703395982,491967,115703887949,5,0,0,801280,5,7997825042
1334,115703494263,512411,115704006674,4,0,0,388096,4,8783763299
1335,115703674736,419455,115704094191,1,0,0,287744,1,426501108
1336,115703833483,368937,115704202420,8,0,1,25088,8,1777680630
1337,115703958886,411484,115704370370,2,0,0,671232,2,1863748944
1338,115704063703,350403,115704414106,6,0,1,6144,6,1160354052
1339,115704076292,272698,115704348990,4,0,1,4608,4,2471775666
1340,115704150385,117946,115704268331,1,0,0,178688,1,9056369697
1341,115704321407,393093,115704714500,4,0,0,61440,4,999480515
1342,115704527785,121612,115704649397,1,0,0,196608,1,6085542179
1343,115704690730,207692,115704898422,7,0,1,21504,7,7391996954
1344,115704730977,238471,115704969448,4,0,1,16384,4,9794682272
1345,115704746133,306732,115705052865,1,0,0,340992,1,3565676911
1346,115704974346,66975,115705041321,5,0,1,63488,5,3624832105
1347,115705015995,176448,115705192443,1,0,0,113664,1,7801881399
1348,115705041287,286273,115705327560,4,0,1,13312,4,6522695991
1349,115705181093,196828,115705377921,7,0,1,184832,7,6923235792
1350,115705240596,295232,115705535828,4,0,1,34816,4,10268513789
1351,115705593281,103060,115705696341,6,0,1,38400,6,9233210960
1352,115705665913,95800,115705761713,1,0,0,159744,1,1429491387
1353,115706185398,77740,115706263138,6,0,1,10752,6,8501227047
1354,115706927641,60820,115706988461,5,0,1,5632,5,9248592016
1355,115707038146,69280,115707107426,4,0,1,8192,4,1014182000
1356,115707157197,24150,115707181347,5,0,0,43520,5,5152128270
1357,115707261204,114071,115707375275,4,0,0,185344,4,2422487079
1358,115707591942,111640,115707703582,8,0,1,66560,8,654049818
1359,115707623799,159235,115707783034,8,0,1,27648,8,1693579215
1360,115707750073,112407,115707862480,5,0,1,60416,5,4564351166
1361,115707880955,45592,115707926547,6,0,1,1024,6,5287337057
1362,115708203407,112108,115708315515,4,0,1,68096,4,4119018694
1363,115708215751,159680,115708375431,4,0,1,103424,4,681571818
1364,115708367335,66772,115708434107,6,0,1,8704,6,8158778676
1365,115708777195,60976,115708838171,4,0,1,6144,4,9607979547
1366,115708934425,118972,115709053397,6,0,1,90624,6,9690626842
1367,115708957433,76029,115709033462,7,0,1,158208,7,5815622440
1368,115709050672,233634,115709284306,2,0,0,119296,2,7952331566
1369,115709082438,141796,115709224234,6,0,1,14336,6,3417166758
1370,115709185164,155264,115709340428,5,0,1,20992,5,8481993704
1371,115709711057,64516,115709775573,6,0,1,7680,6,9714163087
1372,115709810631,104932,115709915563,6,0,1,44544,6,9466731693
1373,115710600304,360600,115710960904,1,0,0,588800,1,2649627852
1374,115710659709,311566,115710971275,8,0,1,18944,8,4592761562
1375,115710737675,437033,115711174708,5,0,0,283648,5,1896292386
1376,115711348720,295545,115711644265,1,0,0,478720,1,7026298268
1377,115711614516,55744,115711670260,8,0,1,5120,8,3093051909
1378,115711648222,237252,115711885474,8,0,1,61440,8,5924952966
1379,115711718366,254498,115711972864,4,0,1,4096,4,4523479849
1380,115711797511,171551,115711969062,5,0,1,51200,5,1302150576
1381,115712313981,48976,115712362957,4,0,1,2048,4,5733718098
1382,115712318710,63187,115712381897,2,0,0,102912,2,5510923123
1383,115712422543,54052,115712476595,7,0,1,3584,7,5029700333
1384,115712499424,112520,115712611944,1,0,0,182272,1,7427891323
1385,115712501827,81370,115712583197,8,0,1,13312,8,6906785740
1386,115712533891,224223,115712758114,0,0,1,299520,0,9051013026
1387,115712611810,452366,115713064176,1,0,0,131584,1,2428422961
1388,115712941807,178933,115713120740,1,0,0,221696,1,4935667307
1389,115713328495,98692,115713427187,4,0,1,24064,4,9488341084
1390,115713364478,76072,115713440550,5,0,1,15360,5,8344003377
1391,115713459094,102748,115713561842,7,0,1,37376,7,1726875905
1392,115713573906,326437,115713900343,2,0,0,528896,2,2789981288
1393,115713864918,51388,115713916306,6,0,0,59904,6,8513126863
1394,115713893892,257348,115714151240,6,0,1,66560,6,8080086009
1395,115713989330,163404,115714152734,1,0,0,264704,1,5086922340
1396,115714099667,141125,115714240792,5,0,1,51712,5,265722053
1397,115714315534,133193,115714448727,6,0,1,25088,6,10051113662
1398,115714461756,74356,115714536112,6,0,1,9728,6,6945668765
1399,115714657570,84471,115714742041,2,0,0,137728,2,10609952186
1400,115714666332,523409,115715189741,1,0,0,797696,1,7033891647
1401,115714780507,399304,115715179811,4,0,0,119808,4,3390839561
1402,115714802155,446241,115715248396,4,0,1,23552,4,9687713066
1403,115715051825,236878,115715288703,1,0,0,198144,1,10155106110
1404,115715166781,197418,115715364199,4,0,1,62464,4,1159309169
1405,115715170862,283328,115715454190,8,0,1,16896,8,7357224304
1406,115715434392,235650,115715670042,8,0,1,10752,8,3437165401
1407,115715458331,231074,115715689405,6,0,1,43520,6,9519447872
1408,115715551022,206441,115715757463,4,0,1,38912,4,9708019545
1409,115715682844,74630,115715757474,2,0,0,104960,2,6558005475
1410,115715995165,83954,115716079119,1,0,0,136704,1,3559864932
1411,115716178566,103992,115716282558,4,0,1,20992,4,5746807743
1412,115716499665,67588,115716567253,6,0,1,7680,6,10372343016
1413,115716651255,99316,115716750571,8,0,1,26112,8,4102964811
1414,115717118835,3124,115717121959,2,0,0,9216,2,8083155842
1415,115717220616,60820,115717281436,4,0,1,5632,4,4882786374
1416,115717290138,82060,115717372198,6,0,1,14848,6,2770943272
1417,115717341146,106220,115717447366,7,0,1,12288,7,10563682937
1418,115717502236,64133,115717566369,4,0,0,108032,4,10097367478
1419,115717672042,151987,115717824029,1,0,0,245760,1,7284242325
1420,115717698267,243945,115717942212,4,0,0,320000,4,6206582006
1421,115717931446,65942,115717997388,1,0,0,111616,1,5542387893
1422,115718264883,7226,115718272109,2,0,0,7680,2,2240759369
1423,115718324605,67588,115718392193,5,0,1,7680,5,9770438795
1424,115718504589,43712,115718548301,2,0,0,71680,2,1246050942
1425,115718509111,254305,115718763416,4,0,1,1536,4,7920354750
1426,115718608921,155516,115718764437,1,0,0,256000,1,1592375165
1427,115718610153,297666,115718907819,8,0,1,84992,8,695180669
1428,115718721425,349700,115719071125,2,0,0,570880,2,458519523
1429,115718898978,197966,115719096944,4,0,0,82432,4,10128954903
1430,115719244332,90232,115719334564,6,0,1,21504,6,8019969217
1431,115719297298,194879,115719492177,2,0,0,765952,2,2315348310
1432,115719311349,470425,115719781774,4,0,0,70144,4,9350071855
1433,115719426778,477879,115719904657,4,0,1,55296,4,6883843085
1434,115719485714,384684,115719870398,1,0,0,103424,1,2950169838
1435,115719511606,335388,115719846994,8,0,1,1536,8,4390636181
1436,115719566001,307814,115719873815,1,0,0,178688,1,4042331695
1437,115719613747,318552,115719932299,6,0,1,3584,6,4461477021
1438,115719851691,84641,115719936332,1,0,0,141312,1,3557123716
1439,115719939153,183915,115720123068,6,0,1,23040,6,1183453980
1440,115720065191,201194,115720266385,7,0,1,31232,7,1594965492
1441,115720169750,347116,115720516866,4,0,0,565760,4,5315634027
1442,115720245856,281681,115720527537,1,0,0,309248,1,8653967159
1443,115720267438,364684,115720632122,8,0,1,17920,8,2043706571
1444,115720794692,53233,115720847925,2,0,0,90112,2,5434146342
1445,115720869971,12562,115720882533,2,0,0,20992,2,9179178032
1446,115721328719,79300,115721408019,8,0,1,15872,8,812361782
1447,115721449526,54613,115721504139,4,0,0,89600,4,7013779956
1448,115721516957,156674,115721673631,4,0,1,1536,4,2089289799
1449,115722127004,78364,115722205368,4,0,1,12800,4,9751916152
1450,115722297631,102436,115722400067,4,0,1,36352,4,1039581103
1451,115722703573,104152,115722807725,6,0,1,41984,6,8559162776
1452,115723251608,65896,115723317504,7,0,1,7168,7,8112252643
1453,115723295605,110236,115723405841,8,0,1,61952,8,10361260686
1454,115723436971,67612,115723504583,8,0,1,12800,8,6881877199
1455,115723473736,89113,115723562849,4,0,1,16384,4,5644722040
1456,115723583213,61912,115723645125,6,0,1,9216,6,7860794198
1457,115723585901,15833,115723601734,8,0,1,32256,8,2500204421
1458,115723655305,101188,115723756493,2,0,0,30720,2,4071088293
1459,115723744190,54052,115723798242,8,0,1,3584,8,1298780928
1460,115723857492,109300,115723966792,7,0,1,58880,7,9859362608
1461,115724442435,123937,115724566372,1,0,0,201216,1,539329377
1462,115724613651,119648,115724733299,8,0,1,56832,8,9174956316
1463,115725249604,113980,115725363584,6,0,1,74240,6,3957660168
1464,115725277861,426178,115725704039,4,0,0,711680,4,8182128077
1465,115725304946,453274,115725758220,0,0,1,54272,0,4986909204
1466,115725369788,373804,115725743592,7,0,1,5120,7,7720166012
1467,115725391520,211418,115725602938,7,0,1,7168,7,2939416790
1468,115725420617,447212,115725867829,2,0,0,247808,2,1348842360
1469,115725594037,601852,115726195889,1,0,0,36352,1,709740618
1470,115725922356,85239,115726007595,6,0,1,12800,6,2977448562
1471,115726018993,55558,115726074551,2,0,0,94720,2,4346269920
1472,115726152978,75214,115726228192,8,0,1,5632,8,5562483900
1473,115726155885,173357,115726329242,6,0,1,6144,6,4949076015
1474,115726233676,94542,115726328218,8,0,1,6144,8,7372920413
1475,115726432090,113812,115726545902,0,0,1,324096,0,8667468387
1476,115726453916,288412,115726742328,4,0,0,184832,4,1417640138
1477,115726770733,277533,115727048266,4,0,0,453632,4,2508436039
1478,115726926447,173405,115727099852,4,0,0,173056,4,5334668358
1479,115727322575,104152,115727426727,8,0,1,41984,8,8126382586
1480,115727556368,122092,115727678460,0,0,1,100864,0,8627360157
1481,115727734136,70972,115727805108,7,0,1,8704,7,6295041503
1482,115727834023,14800,115727848823,4,0,0,28672,4,6213446106
1483,115728188256,5322,115728193578,4,0,0,5632,4,558680149
1484,115728199242,319837,115728519079,0,0,1,334336,0,10160237795
1485,115728366109,152981,115728519090,1,0,0,86016,1,9803657450
1486,115728468633,55124,115728523757,4,0,0,12288,4,910905343
1487,115728649033,166426,115728815459,8,0,1,24576,8,4497674539
1488,115728814530,41533,115728856063,3,0,0,65536,3,3775615085
1489,115729378299,5322,115729383621,7,0,1,37888,7,9537035378
1490,115729396139,102904,115729499043,3,0,0,5632,3,1576777589
1491,115729432515,61637,115729494152,3,0,0,99840,3,3896119533
1492,115729476575,311271,115729787846,8,0,1,93184,8,3859785942
1493,115729589060,216277,115729805337,7,0,1,57344,7,6237002723
1494,115729688411,304460,115729992871,0,0,1,671232,0,2159077686
1495,115729761282,292699,115730053981,8,0,1,19968,8,100899577
1496,115729812409,624915,115730437324,6,0,1,22016,6,9088458954
1497,115729968390,402199,115730370589,0,0,1,187904,0,8693140520
1498,115730340755,104172,115730444927,1,0,0,121344,1,9395916552
1499,115730578563,107896,115730686459,6,0,1,54272,6,3278874012
1500,115730663457,97092,115730760549,3,0,0,162304,3,5337761114
1501,115730667196,192990,115730860186,7,0,1,20992,7,7656327355
1502,115730706268,13854,115730720122,8,0,1,29696,8,9841569823
1503,115730901819,251962,115731153781,3,0,0,23552,3,2040343931
1504,115730943789,99784,115731043573,6,0,1,27648,6,6766705546
1505,115731051634,113554,115731165188,2,0,0,184320,2,8626149855
1506,115731200534,80080,115731280614,7,0,1,18432,7,9838256461
1507,115731430098,104633,115731534731,1,0,0,173568,1,4974768130
1508,115731522703,40612,115731563315,3,0,0,65536,3,9776531552
1509,115732048408,14113,115732062521,1,0,0,24064,1,7433937273
1510,115732052939,106374,115732159313,8,0,1,3584,8,10401125518
1511,115732228120,286454,115732514574,2,0,0,464384,2,4063373869
1512,115732275814,999955,115733275769,3,0,0,1470976,3,7746895857
1513,115732300158,1022064,115733322222,3,0,0,156672,3,5592495913
1514,115732323393,1143731,115733467124,4,0,0,464384,4,4175549767
1515,115732626023,985184,115733611207,4,0,0,468480,4,6800331903
1516,115732787318,952428,115733739746,0,0,1,331776,0,7498018451
1517,115732901880,1002091,115733903971,8,0,1,41472,8,2090221858
1518,115732938880,1217776,115734156656,0,0,1,778240,0,6058020573
1519,115733654483,350622,115734005105,4,0,0,160256,4,3148341669
1520,115733696232,520688,115734216920,2,0,0,427520,2,3658887801
1521,115733805928,285199,115734091127,0,0,1,186368,0,3571054585
1522,115733910748,492050,115734402798,2,0,1,85504,2,2260802581
1523,115733937622,702688,115734640310,2,0,0,19968,2,5647530939
1524,115734429057,188914,115734617971,7,0,1,14848,7,7674884099
1525,115735046675,85912,115735132587,8,0,1,17408,8,3371047174
1526,115735087837,368658,115735456495,4,0,0,601088,4,3138482726
1527,115735118726,330037,115735448763,8,0,1,31232,8,7175806580
1528,115735167252,389680,115735556932,7,0,1,41472,7,7371519202
1529,115735253389,307513,115735560902,6,0,1,67584,6,1442972604
1530,115735317977,281032,115735599009,7,0,1,18944,7,1316565155
1531,115735352169,271467,115735623636,1,0,0,686080,1,9103116220
1532,115735445054,420833,115735865887,2,0,1,88576,2,4021791842
1533,115735512223,358460,115735870683,4,0,0,311808,4,1423849543
1534,115735636288,233815,115735870103,0,0,1,452096,0,3175091668
1535,115735655960,4846,115735660806,6,0,1,10240,6,6303732067
1536,115735772372,418555,115736190927,2,0,1,48128,2,4652227962
1537,115735865340,790785,115736656125,0,0,1,230400,0,5417488160
1538,115736059659,631944,115736691603,1,0,0,5120,1,9330051317
1539,115736128664,378303,115736506967,6,0,1,31744,6,3334157188
1540,115736570518,94372,115736664890,8,0,1,19968,8,7911321972
1541,115736743429,58528,115736801957,2,0,1,8192,2,9246891989
1542,115736745131,82216,115736827347,8,0,1,15360,8,710555673
1543,115736810482,81887,115736892369,1,0,0,132608,1,10173912022
1544,115737015531,84664,115737100195,8,0,1,13312,8,3220713502
1545,115737090141,133029,115737223170,1,0,0,215552,1,3408300074
1546,115737126384,366827,115737493211,4,0,0,546816,4,1143779499
1547,115737156404,352565,115737508969,4,0,0,58880,4,10286663644
1548,115737254737,297633,115737552370,0,0,1,324096,0,9134479183
1549,115737289407,236481,115737525888,2,0,0,250880,2,1705869143
1550,115737403383,86708,115737490091,0,0,1,37888,0,2725676477
1551,115737433865,655359,115738089224,2,0,0,267776,2,4787261179
1552,115737508647,329348,115737837995,6,0,1,47616,6,8460506565
1553,115737597828,535348,115738133176,8,0,1,49152,8,6709805054
1554,115737634707,465491,115738100198,1,0,0,145408,1,4370374489
1555,115737684784,344911,115738029695,2,0,1,8192,2,3403377438
1556,115737985413,164501,115738149914,6,0,1,13824,6,9953318283
1557,115738004445,225472,115738229917,2,0,1,67584,2,4366204250
1558,115738306100,101656,115738407756,7,0,1,33792,7,6271211192
1559,115738437234,134233,115738571467,2,0,0,221184,2,10061566129
1560,115738613217,63187,115738676404,7,0,1,97280,7,3298537726
1561,115738626468,5450,115738631918,3,0,0,102912,3,2979152118
1562,115738666285,163827,115738830112,6,0,1,44544,6,8254646044
1563,115738726285,141946,115738868231,2,0,0,13824,2,8137398913
1564,115739448897,56333,115739505230,3,0,0,96256,3,1137535315
1565,115739473262,171001,115739644263,7,0,1,82432,7,5583162427
1566,115739623861,127510,115739751371,7,0,1,51712,7,8774766335
1567,115739633525,117857,115739751382,2,0,0,150016,2,2946129328
1568,115739765936,122734,115739888670,6,0,1,13824,6,516828774
1569,115739830629,160982,115739991611,7,0,1,7168,7,2941730565
1570,115739936341,105712,115740042053,6,0,1,47104,6,1381443663
1571,115740059198,76325,115740135523,1,0,0,128512,1,6421581104
1572,115740244451,44658,115740289109,4,0,0,76800,4,10081878908
1573,115740543346,100408,115740643754,6,0,1,29696,6,5782566488
1574,115740652435,73624,115740726059,7,0,1,17408,7,3015550190
1575,115740695681,43196,115740738877,1,0,0,70656,1,10592353783
1576,115740792355,95464,115740887819,8,0,1,23552,8,4909835342
1577,115740886053,55810,115740941863,2,0,1,3584,2,5875074882
1578,115741057966,310234,115741368200,4,0,0,507392,4,2881747846
1579,115741157953,257417,115741415370,1,0,0,160256,1,6515096795
1580,115741343534,98372,115741441906,2,0,0,86016,2,4755523879
1581,115741397815,264997,115741662812,2,0,1,10752,2,6288039373
1582,115741490436,410450,115741900886,1,0,0,669184,1,3438810162
1583,115741743525,250725,115741994250,8,0,1,109568,8,140486184
1584,115741820795,373607,115742194402,8,0,1,45568,8,7219827795
1585,115742166330,23116,115742189446,4,0,0,41472,4,8249816075
1586,115742333901,80524,115742414425,7,0,1,14848,7,879271577
1587,115742374605,79432,115742454037,7,0,1,11264,7,2860533763
1588,115742689085,34533,115742723618,2,0,0,60416,2,10145284784
1589,115742891849,88696,115742980545,8,0,1,21504,8,6546040707
1590,115743226436,80992,115743307428,6,0,1,16384,6,2678626697
1591,115743260398,327641,115743588039,1,0,0,534528,1,669385989
1592,115743414269,308713,115743722982,1,0,0,441344,1,9407354135
1593,115743720477,67234,115743787711,3,0,0,114176,3,1205549669
1594,115743910717,316829,115744227546,3,0,0,513536,3,4452068191
1595,115743967642,267570,115744235212,1,0,1,2048,1,676726431
1596,115743971727,259049,115744230776,3,0,0,48128,3,8592612444
1597,115744016231,314304,115744330535,4,0,0,122880,4,1624565163
1598,115744149262,270047,115744419309,6,0,1,39936,6,5394777009
1599,115744889686,34533,115744924219,4,0,0,60416,4,3653584080
1600,115745058401,35308,115745093709,2,0,0,61952,2,4899216271
1601,115745113781,14113,115745127894,2,0,0,24064,2,7167476367
1602,115745199197,65920,115745265117,2,0,1,12288,2,1836822675
1603,115745244711,307738,115745552449,1,0,0,499200,1,4401615260
1604,115745370260,144287,115745514547,6,0,1,24576,6,5280486704
1605,115745409647,253926,115745663573,1,0,0,15360,1,9078384068
1606,115746426886,303610,115746730496,3,0,0,861696,3,7410456789
1607,115746628752,529883,115747158635,7,0,1,6656,7,2801967172
1608,115746709156,330714,115747039870,2,0,0,274944,2,3419869018
1609,115746794599,328679,115747123278,2,0,0,276480,2,6019914226
1610,115746897584,226360,115747123944,4,0,0,11264,4,10339352475
1611,115746994948,145983,115747140931,1,0,0,56832,1,4803424323
1612,115747093753,287229,115747380982,3,0,0,465920,3,5291840806
1613,115747165908,252388,115747418296,5,0,0,121344,5,2532610380
1614,115747220223,220151,115747440374,3,0,0,320512,3,8441674924
1615,115747227327,295856,115747523183,7,0,1,24576,7,6593726617
1616,115747278258,382928,115747661186,5,0,0,465408,5,3319849050
1617,115747329560,274014,115747603574,6,0,1,29184,6,3830446335
1618,115747407858,407217,115747815075,1,0,0,74240,1,224025248
1619,115747949473,2466,115747951939,2,0,0,2560,2,3192937876
1620,115748106631,57904,115748164535,7,0,1,6144,7,6515571834
1621,115748245847,230964,115748476811,2,0,0,941568,2,7814869044
1622,115748259095,443701,115748702796,6,0,1,8192,6,8817974582
1623,115748318422,581113,115748899535,7,0,1,2560,7,1297390406
1624,115748485460,239108,115748724568,6,0,1,84480,6,134094053
1625,115748490131,222894,115748713025,6,0,1,7680,6,2257811171
1626,115748624859,132096,115748756955,2,0,0,128000,2,7546106569
1627,115748652722,67269,115748719991,3,0,0,39424,3,2313352373
1628,115748745466,2466,115748747932,4,0,0,3072,4,8818422083
1629,115748841962,464099,115749306061,3,0,0,102400,3,3847820711
1630,115748912885,696746,115749609631,4,0,0,2560,4,9948175706
1631,115749014221,3894,115749018115,4,0,0,4096,4,10380287508
1632,115749019982,3418,115749023400,7,0,1,25600,7,420928041
1633,115749046469,160499,115749206968,4,0,0,3584,4,5724527051
1634,115749060425,161364,115749221789,2,0,1,32256,2,1054708076
1635,115749060626,175838,115749236464,6,0,1,48128,6,10304735161
1636,115749134387,222356,115749356743,7,0,1,94720,7,6997865432
1637,115749305935,203645,115749509580,5,0,0,329728,5,10689507952
1638,115749416233,12821,115749429054,7,0,1,67072,7,10683075580
1639,115749625123,300996,115749926119,1,0,1,43520,1,3624738038
1640,115749674154,132546,115749806700,1,0,0,21504,1,10232088037
1641,115749702955,127820,115749830775,2,0,0,184320,2,8390051680
1642,115749770560,96198,115749866758,1,0,0,114688,1,5849723012
1643,115749871876,41387,115749913263,2,0,0,67072,2,7967716249
1644,115749924163,34533,115749958696,2,0,0,60416,2,2863061705
1645,115749979954,100946,115750080900,6,0,1,4608,6,2050448268
1646,115750087986,116567,115750204553,5,0,0,193536,5,9771219887
1647,115750426555,5798,115750432353,4,0,0,6144,4,6349064614
1648,115750546145,107896,115750654041,6,0,1,54272,6,6238919783
1649,115750569020,87448,115750656468,7,0,1,83456,7,5289678264
1650,115750603041,164911,115750767952,7,0,1,17408,7,1825756006
1651,115750711092,117856,115750828948,2,0,0,158208,2,3504724865
1652,115750775691,210882,115750986573,2,0,1,81408,2,3536126340
1653,115751086346,225187,115751311533,5,0,0,365056,5,6652663550
1654,115751163798,159384,115751323182,3,0,0,39424,3,8030705845
1655,115751340065,127904,115751467969,2,0,1,30208,2,6955061377
1656,115751508680,72020,115751580700,3,0,0,116736,3,9726837494
1657,115751515708,105713,115751621421,3,0,1,7680,3,7855246306
1658,115751675337,98224,115751773561,1,0,1,22528,1,9929882640
1659,115751684968,327988,115752012956,1,0,0,531968,1,3716426784
1660,115751823911,190351,115752014262,1,0,0,2048,1,4139492397
1661,115751942877,100096,115752042973,2,0,1,90112,2,5609160793
1662,115752086246,132329,115752218575,7,0,1,9728,7,1485221082
1663,115752088641,321051,115752409692,6,0,1,28672,6,3476579060
1664,115752185182,173832,115752359014,7,0,1,82944,7,9344662987
1665,115752250213,113180,115752363393,4,0,1,14336,4,9065324000
1666,115752254131,263051,115752517182,1,0,0,409600,1,10547945535
1667,115752268580,327082,115752595662,2,0,0,261120,2,629304047
1668,115752361352,270497,115752631849,5,0,0,123904,5,1526282932
1669,115752546009,137938,115752683947,1,0,0,167424,1,1144742902
1670,115752689843,310080,115752999923,2,0,1,101888,2,9681137960
1671,115752807836,226812,115753034648,2,0,1,8704,2,1920855066
1672,115752981846,49164,115753031010,6,0,1,4096,6,5286932262
1673,115753026680,7226,115753033906,1,0,1,512,1,8842821083
1674,115753069676,105842,115753175518,1,0,0,7680,1,8917485711
1675,115753169347,87484,115753256831,5,0,0,146944,5,5519325973
1676,115753295790,284128,115753579918,1,0,0,459776,1,4668636624
1677,115753767357,110236,115753877593,7,0,1,61952,7,1819000370
1678,115753768934,176531,115753945465,7,0,1,123392,7,4775384476
1679,115753896384,19308,115753915692,7,0,1,57344,7,8882882211
1680,115753926711,108832,115754035543,5,0,0,512,5,2753271586
1681,115753948316,141656,115754089972,7,0,1,35840,7,3923810558
1682,115753953190,254787,115754207977,1,0,0,412672,1,5060478333
1683,115753977948,47401,115754025349,3,0,1,7680,3,4427690694
1684,115754164122,247580,115754411702,5,0,0,5632,5,8259935487
1685,115754471325,77740,115754549065,7,0,1,10752,7,8253054886
1686,115754800972,307133,115755108105,3,0,0,501248,3,9591616089
1687,115755179793,2466,115755182259,5,0,0,2560,5,6050012746
1688,115755253301,62380,115755315681,6,0,1,10752,6,1177527989
1689,115755410635,98224,115755508859,1,0,1,22528,1,7726319640
1690,115755637344,62512,115755699856,1,0,1,6144,1,5766165166
1691,115755709522,43900,115755753422,2,0,1,512,2,5575201281
1692,115755816528,102912,115755919440,1,0,0,166912,1,6236914502
1693,115755848727,175775,115756024502,1,0,1,11776,1,2638218064
1694,115756243896,104620,115756348516,7,0,1,43520,7,4727985977
1695,115756443665,74863,115756518528,3,0,0,122368,3,3773160628
1696,115756576737,99139,115756675876,7,0,1,18944,7,8500363187
1697,115756634949,166567,115756801516,2,0,1,18944,2,2263607376
1698,115756653287,149465,115756802752,3,0,1,52736,3,10410051485
1699,115756775914,57436,115756833350,7,0,1,4608,7,779682629
1700,115756800812,67091,115756867903,3,0,1,7680,3,7650779629
1701,115756801442,70072,115756871514,7,0,1,11776,7,1238096246
1702,115756881546,60532,115756942078,6,0,1,9728,6,4871508341
1703,115757094103,43900,115757138003,6,0,1,512,6,10559438032
1704,115757461442,62512,115757523954,7,0,1,6144,7,3721070607
1705,115758093460,99628,115758193088,1,0,1,27136,1,1524361068
1706,115758326730,70987,115758397717,3,0,0,114688,3,6788975287
1707,115758451356,56368,115758507724,2,0,1,6144,2,2707092215
1708,115758863001,106960,115758969961,2,0,1,51200,2,425722088
1709,115758956715,117546,115759074261,7,0,1,42496,7,2824409951
1710,115759203053,58060,115759261113,6,0,1,6656,6,9884635571
1711,115759549103,54052,115759603155,6,0,1,3584,6,8832311231
1712,115759786054,57436,115759843490,1,0,1,4608,1,5230112623
1713,115759913884,67744,115759981628,7,0,1,8192,7,4838189597
1714,115759916865,72537,115759989402,3,0,0,117760,3,10647166540
1715,115760022037,100408,115760122445,6,0,1,29696,6,2991862845
1716,115760082154,9996,115760092150,2,0,1,17408,2,2793520893
1717,115760101961,116776,115760218737,1,0,1,29696,1,2361211731
1718,115760112460,111792,115760224252,1,0,0,10752,1,9191536866
1719,115760186488,46208,115760232696,2,0,1,37376,2,6888038751
1720,115760191226,109834,115760301060,3,0,0,79872,3,7125837793
1721,115760322188,99316,115760421504,6,0,1,26112,6,1699575962
1722,115760482549,88984,115760571533,7,0,1,17408,7,9790050485
1723,115760528632,69460,115760598092,5,0,1,13824,5,9364028560
1724,115760542328,90520,115760632848,6,0,1,17408,6,9861167062
1725,115760572004,123396,115760695400,7,0,1,48640,7,3032372251
1726,115760688494,33115,115760721609,1,0,0,47616,1,1444688107
1727,115760867097,59128,115760926225,3,0,1,10752,3,1670484142
1728,115760878399,73717,115760952116,7,0,1,5120,7,2336827907
1729,115760946697,51292,115760997989,5,0,1,4608,5,9320716535
1730,115761064490,273306,115761337796,3,0,0,1020416,3,8804971898
1731,115761111351,532346,115761643697,3,0,1,24064,3,7576614883
1732,115761114034,630187,115761744221,3,0,0,560640,3,10666119264
1733,115761298147,755933,115762054080,3,0,1,27648,3,8966425617
1734,115761536355,458006,115761994361,2,0,1,12288,2,10206591451
1735,115762233359,101344,115762334703,6,0,1,32768,6,6167650410
1736,115762542903,126175,115762669078,3,0,0,208896,3,9527181115
1737,115762550716,281173,115762831889,1,0,1,114688,1,7575430196
1738,115762768686,107549,115762876235,7,0,1,32256,7,5757461362
1739,115762793208,94407,115762887615,6,0,1,109056,6,9726140727
1740,115762816217,175889,115762992106,1,0,1,22016,1,8479014896
1741,115762817083,159599,115762976682,7,0,1,1536,7,9968044861
1742,115762978920,5322,115762984242,5,0,0,5632,5,2061987704
1743,115763001012,2942,115763003954,5,0,0,3072,5,8666735962
1744,115763053327,104776,115763158103,6,0,1,44032,6,7425691132
1745,115763153385,70942,115763224327,6,0,1,13312,6,1221531059
1746,115763246619,49132,115763295751,6,0,1,2560,6,1229158847
1747,115763314216,105712,115763419928,7,0,1,47104,7,7175828552
1748,115763432940,80236,115763513176,8,0,1,18944,8,7601973421
1749,115763635277,98380,115763733657,2,0,1,23040,2,2746311187
1750,115763751131,1038,115763752169,5,0,0,1024,5,455342372
1751,115763875722,274520,115764150242,1,0,0,444416,1,10024847591
1752,115763896951,259397,115764156348,1,0,0,20992,1,2301223365
1753,115763935583,511159,115764446742,1,0,0,698880,1,9978657411
1754,115764054206,396722,115764450928,1,0,0,6656,1,10727541915
1755,115764143693,414860,115764558553,2,0,1,27648,2,9485068743
1756,115764266590,300693,115764567283,7,0,1,14848,7,9134914626
1757,115764613079,2466,115764615545,6,0,1,25600,6,8355940824
1758,115764656076,99160,115764755236,5,0,0,2560,5,4976484631
1759,115764679194,4158,115764683352,2,0,1,41984,2,305527324
1760,115764722006,104152,115764826158,1,0,0,11264,1,5277215336
1761,115765200322,91744,115765292066,3,0,1,39936,3,9800716392
1762,115765201237,104838,115765306075,1,0,1,16384,1,9607508985
1763,115765218324,100043,115765318367,6,0,1,17920,6,469645884
1764,115765454383,478483,115765932866,1,0,0,778240,1,806277580
1765,115765521655,411877,115765933532,5,0,0,1024,5,6731487086
1766,115765763556,227617,115765991173,2,0,0,185856,2,6244091118
1767,115765789721,219345,115766009066,5,0,1,17408,5,3880599121
1768,115765882264,175511,115766057775,0,0,1,9728,0,8826984600
1769,115766223082,167787,115766390869,3,0,1,35840,3,9665700398
1770,115766306081,85119,115766391200,1,0,1,1024,1,8187055461
1771,115766384102,121519,115766505621,5,0,1,76800,5,506976351
1772,115766538116,105556,115766643672,6,0,1,46592,6,1598699515
1773,115766609062,192424,115766801486,1,0,0,653824,1,9384062521
1774,115766674989,400842,115767075831,2,0,0,35328,2,7060281889
1775,115766793712,345745,115767139457,5,0,1,24576,5,1937630718
1776,115766906763,130548,115767037311,1,0,0,54784,1,142812906
1777,115766916603,225020,115767141623,1,0,0,738304,1,3201625334
1778,115766958855,417681,115767376536,2,0,1,26624,2,7370170517
1779,115766981350,463154,115767444504,2,0,1,33280,2,4490730622
1780,115767111724,195943,115767307667,6,0,1,2048,6,7035405502
1781,115767215060,120636,115767335696,2,0,1,32256,2,3010555162
1782,115767246998,46832,115767293830,2,0,0,204288,2,8832683638
1783,115767303238,377549,115767680787,6,0,1,29184,6,2300367961
1784,115767324571,628460,115767953031,5,0,0,3584,5,10523638602
1785,115767380662,396639,115767777301,6,0,1,75264,6,2434661586
1786,115767401921,350892,115767752813,1,0,0,5632,1,2428433450
1787,115767538465,199964,115767738429,4,0,1,22528,4,728786509
1788,115767614310,225811,115767840121,2,0,1,23040,2,2757664941
1789,115767752522,103060,115767855582,2,0,1,38400,2,2721111542
1790,115768086783,97132,115768183915,1,0,1,18944,1,9164526841
1791,115768473802,111172,115768584974,5,0,1,65024,5,1837136089
1792,115768623463,246641,115768870104,2,0,0,403456,2,4032796775
1793,115768664875,184450,115768849325,3,0,1,28160,3,1418132399
1794,115768686934,127045,115768813979,1,0,0,14336,1,9157439428
1795,115768747565,257450,115769005015,5,0,0,5120,5,9513669479
1796,115769148907,45592,115769194499,4,0,1,1024,4,2085559527
1797,115769423809,1514,115769425323,6,0,1,7680,6,8243599446
1798,115769428455,58372,115769486827,1,0,0,1536,1,4931191124
1799,115769443678,48976,115769492654,3,0,1,23040,3,2834506931
1800,115769458997,98380,115769557377,3,0,1,2048,3,7185557558
1801,115769557156,5798,115769562954,5,0,0,6144,5,7260215666
1802,115769717750,562,115769718312,5,0,0,512,5,5043235673
1803,115769961701,108988,115770070689,3,0,1,57856,3,4002149192
1804,115770080782,5798,115770086580,5,0,0,6144,5,3004297475
1805,115770210451,1038,115770211489,2,0,1,10752,2,664245686
1806,115770252034,1514,115770253548,2,0,0,1024,2,9529987615
1807,115770254098,62380,115770316478,4,0,1,5632,4,2207066790
1808,115770264911,60820,115770325731,1,0,0,1536,1,6434247465
1809,115770411273,5322,115770416595,5,0,1,69632,5,10326192096
1810,115770430336,112576,115770542912,1,0,0,5632,1,717194075
1811,115770447114,145705,115770592819,1,0,1,62976,1,6621277063
1812,115770511492,96321,115770607813,1,0,1,10240,1,4065225613
1813,115770605774,68263,115770674037,3,0,1,13312,3,3509401010
1814,115770609379,103946,115770713325,2,0,0,168960,2,3827255820
1815,115770625035,7702,115770632737,2,0,1,44032,2,1989557044
1816,115770770889,234872,115771005761,5,0,0,8192,5,2699393626
1817,115770776841,1038,115770777879,4,0,1,58368,4,3878907022
1818,115770893360,4370,115770897730,1,0,0,1024,1,8445680240
1819,115770906205,173591,115771079796,1,0,0,4608,1,8298552073
1820,115770965343,562,115770965905,5,0,0,512,5,4304829053
1821,115771172357,101656,115771274013,2,0,1,33792,2,6374155815
1822,115771294790,98068,115771392858,6,0,1,22016,6,9701445590
1823,115771400655,4370,115771405025,6,0,1,15872,6,5380456299
1824,115771444963,76228,115771521191,5,0,0,4608,5,8674766666
1825,115771604672,21654,115771626326,2,0,0,35328,2,8733245785
1826,115771648189,110696,115771758885,5,0,1,23552,5,8469816939
1827,115771799945,82060,115771882005,4,0,1,14848,4,5482984984
1828,115771810011,85444,115771895455,0,0,1,15872,0,3234366694
1829,115771832644,101188,115771933832,2,0,1,32256,2,9690632855
1830,115771946277,64479,115772010756,2,0,0,105472,2,2130471652
1831,115772081919,1990,115772083909,2,0,0,2048,2,4517757639
1832,115772331700,104152,115772435852,9,0,1,41984,9,9591859656
1833,115772484091,64204,115772548295,1,0,1,6656,1,3999479978
1834,115772707891,562,115772708453,3,0,1,1536,3,7831898137
1835,115772709341,47284,115772756625,5,0,0,512,5,156025302
1836,115772919757,3641,115772923398,2,0,1,23040,2,3083746298
1837,115772992470,98380,115773090850,2,0,0,10240,2,5380902684
1838,115773150582,116164,115773266746,7,0,1,81408,7,9554807592
1839,115773168860,98833,115773267693,1,0,1,3072,1,2602395679
1840,115773268736,56056,115773324792,5,0,1,5120,5,9914867738
1841,115773329681,57436,115773387117,3,0,1,4608,3,2504199059
1842,115773468130,1038,115773469168,1,0,0,1024,1,5915842005
1843,115773686189,2942,115773689131,0,0,1,66048,0,4546448101
1844,115773689128,111484,115773800612,2,0,0,3072,2,5719238856
1845,115773808614,2466,115773811080,2,0,1,13824,2,3574246138
1846,115773847938,80212,115773928150,4,0,1,8192,4,4551594831
1847,115773875361,67744,115773943105,5,0,0,2560,5,4395027422
1848,115773923973,106336,115774030309,6,0,1,49152,6,3467684742
1849,115773958494,143125,115774101619,5,0,1,50176,5,8492932353
1850,115774081442,45592,115774127034,3,0,1,18944,3,7619648283
1851,115774109371,97132,115774206503,3,0,1,1024,3,9969615691
1852,115774149075,82084,115774231159,2,0,1,19968,2,8761679595
1853,115774364108,74068,115774438176,4,0,1,13824,4,7501736340
1854,115774437660,101696,115774539356,6,0,1,32256,6,8919479145
1855,115774555563,3383,115774558946,5,0,0,9728,5,5445606804
1856,115774697579,1038,115774698617,1,0,0,1024,1,7420544104
1857,115774784740,67588,115774852328,5,0,1,7680,5,8835115582
1858,115774925044,5798,115774930842,2,0,0,6144,2,2711715045
1859,115774987155,562,115774987717,5,0,0,512,5,3645127242
1860,115775157168,7702,115775164870,5,0,0,8192,5,8082818898
1861,115775237942,5798,115775243740,2,0,0,6144,2,258013405
1862,115775308118,116008,115775424126,6,0,1,80896,6,4907722173
1863,115775476138,562,115775476700,2,0,0,512,2,9754842861
1864,115775504193,118192,115775622385,3,0,1,88064,3,6813635416
1865,115775537752,170813,115775708565,0,0,1,56320,0,3376511323
1866,115775617962,3641,115775621603,5,0,1,26624,5,1386934175
1867,115775717692,151017,115775868709,2,0,1,12800,2,3137914638
1868,115775718416,72220,115775790636,2,0,1,19456,2,428276179
1869,115775748204,87348,115775835552,5,0,0,10240,5,6775468364
1870,115776104120,113444,115776217564,2,0,1,69632,2,4207188264
1871,115776104988,12821,115776117809,6,0,1,18432,6,6240765499
1872,115776238744,165570,115776404314,2,0,0,21504,2,9386805984
1873,115776356907,103372,115776460279,0,0,1,43008,0,5691210234
1874,115776357676,117256,115776474932,2,0,1,39424,2,6533678715
1875,115776388150,111706,115776499856,3,0,1,13312,3,7637650117
1876,115776517522,4416,115776521938,1,0,0,11776,1,3872884436
1877,115777108784,562,115777109346,5,0,0,512,5,10141062523
1878,115777256475,55744,115777312219,6,0,1,4096,6,2992398474
1879,115777258881,78232,115777337113,6,0,1,17408,6,7973586601
1880,115777463434,562,115777463996,5,0,0,512,5,3430902891
1881,115777757791,4846,115777762637,2,0,0,5120,2,5461929594
1882,115778081323,79432,115778160755,2,0,1,11264,2,9577255580
1883,115778170529,62512,115778233041,0,0,1,6144,0,8083832580
1884,115778208787,126794,115778335581,2,0,1,43008,2,7612114721
1885,115778412170,562,115778412732,5,0,0,512,5,3993181740
1886,115778420279,98536,115778518815,1,0,1,23552,1,8707101559
1887,115778513808,7941,115778521749,5,0,0,3072,5,4482325089
1888,115778532318,3418,115778535736,1,0,1,18944,1,4870087969
1889,115778563847,92524,115778656371,2,0,0,3584,2,8679112598
1890,115778799620,1038,115778800658,5,0,0,1024,5,8702947508
1891,115778812045,117724,115778929769,5,0,1,86528,5,9899398890
1892,115779115702,127708,115779243410,2,0,1,119296,2,2950238225
1893,115779191544,61058,115779252602,6,0,1,1024,6,10045876712
1894,115779204198,89012,115779293210,0,0,1,13312,0,374952034
1895,115779425531,1514,115779427045,5,0,0,1536,5,7820813338
1896,115779444368,1514,115779445882,2,0,0,1536,2,4417566902
1897,115779518912,6750,115779525662,7,0,1,4096,7,3014025449
1898,115779523072,55744,115779578816,5,0,0,7168,5,5340460234
1899,115779530810,94684,115779625494,5,0,1,20992,5,10016119101
1900,115779637813,562,115779638375,1,0,0,512,1,7816555080
1901,115779997395,76228,115780073623,2,0,1,15872,2,6293191658
1902,115780133115,91144,115780224259,2,0,1,19456,2,4220782722
1903,115780325831,562,115780326393,1,0,0,512,1,7661000988
1904,115780345839,1514,115780347353,1,0,0,1536,1,4660174544
1905,115780390492,6750,115780397242,0,0,1,8704,0,5674632244
1906,115780395934,60220,115780456154,1,0,0,7168,1,2986762174
1907,115780737151,57436,115780794587,0,0,1,4608,0,3473736243
1908,115780789971,102280,115780892251,1,0,1,35840,1,3524257576
1909,115781045195,562,115781045757,1,0,1,60416,1,10170681274
1910,115781047591,109768,115781157359,2,0,0,512,2,6239138395
1911,115781147898,12396,115781160294,5,0,0,5632,5,5004029561
1912,115781152309,121019,115781273328,5,0,1,88576,5,8338223661
1913,115781233129,125267,115781358396,1,0,1,68096,1,9096723844
1914,115781273249,3941,115781277190,5,0,1,3072,5,9205313158
1915,115781278740,101080,115781379820,2,0,1,14848,2,10400823953
1916,115781357389,112926,115781470315,2,0,0,3072,2,8022330705
1917,115781501913,2942,115781504855,2,0,0,3072,2,5588189016
1918,115781557956,104932,115781662888,3,0,1,44544,3,1949148997
1919,115781696147,11012,115781707159,2,0,0,17920,2,4152430082
1920,115781849057,99784,115781948841,0,0,1,27648,0,10167184021
1921,115781859250,89914,115781949164,2,0,1,1024,2,5893474745
1922,115781924950,1038,115781925988,6,0,1,8192,6,7763322937
1923,115781936729,63136,115781999865,2,0,1,44032,2,1985652763
1924,115781954579,111429,115782066008,2,0,0,1024,2,5770461420
1925,115782008266,90388,115782098654,2,0,1,22016,2,9775397633
1926,115782054489,120293,115782174782,6,0,1,27648,6,5611875754
1927,115782101047,78307,115782179354,1,0,1,5120,1,3762936903
1928,115782219885,79432,115782299317,1,0,1,11264,1,1146427782
1929,115782500451,97132,115782597583,7,0,1,18944,7,7056898941
1930,115782751606,7702,115782759308,2,0,0,8192,2,153318059
1931,115782765825,121312,115782887137,6,0,1,98304,6,10525730792
1932,115783271046,55744,115783326790,3,0,1,4096,3,8620616870
1933,115783445163,70972,115783516135,7,0,1,8704,7,556052961
1934,115783588444,88360,115783676804,6,0,1,15360,6,317970717
1935,115783651443,108832,115783760275,3,0,1,57344,3,8432548072
1936,115783951566,89764,115784041330,1,0,1,19968,1,7527824290
1937,115784006657,117551,115784124208,1,0,1,64000,1,10672876615
1938,115784381073,112420,115784493493,3,0,1,69120,3,2520627243
1939,115784516765,57436,115784574201,7,0,1,4608,7,7592202824
1940,115784573965,109372,115784683337,6,0,1,58368,6,7492831006
1941,115784652652,109381,115784762033,2,0,1,22016,2,3314767834
1942,115784739637,86200,115784825837,1,0,1,13312,1,10219500542
1943,115784761547,76526,115784838073,3,0,1,10240,3,7530478467
1944,115784832230,103840,115784936070,0,0,1,40960,0,7373435145
1945,115784946991,2466,115784949457,5,0,0,2560,5,8139368809
1946,115785295221,105244,115785400465,2,0,1,45568,2,7248662330
1947,115785310414,116979,115785427393,7,0,1,23040,7,3926077045
1948,115785488029,4675,115785492704,1,0,1,29696,1,6060400793
1949,115785509111,100408,115785609519,5,0,0,12288,5,2766318790
1950,115785529296,63604,115785592900,0,0,1,9728,0,2279925523
1951,115785635333,562,115785635895,1,0,0,512,1,2809976578
1952,115785710087,98068,115785808155,2,0,1,22016,2,916231904
1953,115785780712,99160,115785879872,5,0,1,25600,5,659982036
1954,115785786184,116800,115785902984,7,0,1,40960,7,3498618000
1955,115785874785,3641,115785878426,0,0,1,3584,0,5459562470
1956,115785924110,59131,115785983241,2,0,0,10240,2,8658889601
1957,115786193207,1514,115786194721,1,0,0,1536,1,9374754946
1958,115786292541,3894,115786296435,7,0,1,17408,7,10086992311
1959,115786320563,562,115786321125,5,0,1,512,5,6364678138
1960,115786330363,93592,115786423955,5,0,1,78848,5,3548520048
1961,115786337301,125979,115786463280,1,0,0,4096,1,6843281134
1962,115786369577,145488,115786515065,5,0,0,512,5,5346321723
1963,115786621700,1514,115786623214,1,0,1,52224,1,4001330785
1964,115786679171,107272,115786786443,5,0,0,1536,5,384307562
1965,115786823082,81304,115786904386,0,0,1,17408,0,1691929332
1966,115786833520,89140,115786922660,1,0,1,17920,1,713545829
1967,115786838165,119643,115786957808,0,0,1,12288,0,5466239075
1968,115786914100,114730,115787028830,3,0,1,17408,3,1533839200
1969,115786973647,103060,115787076707,3,0,1,38400,3,2583940610
1970,115787071905,7918,115787079823,1,0,0,9216,1,4060466841
1971,115787109709,1038,115787110747,5,0,0,1024,5,835614595
1972,115787145952,100252,115787246204,6,0,1,29184,6,10265874956
1973,115787181366,440184,115787621550,2,0,0,1163264,2,8737216838
1974,115787218759,278768,115787497527,0,0,1,5120,0,5972603199
1975,115787280447,312447,115787592894,5,0,1,1024,5,6539773294
1976,115787294301,520310,115787814611,5,0,1,32256,5,7070869318
1977,115787469593,534058,115788003651,3,0,1,6656,3,9907914081
1978,115787487987,718987,115788206974,2,0,1,17408,2,5318372581
1979,115787634521,451153,115788085674,1,0,1,7680,1,5285269428
1980,115787720315,373687,115788094002,6,0,1,14848,6,4404747754
1981,115787817642,306358,115788124000,2,0,1,23040,2,5320229527
1982,115787833493,427182,115788260675,2,0,0,499712,2,111225617
1983,115788112922,325853,115788438775,0,0,1,122880,0,5397126548
1984,115788477253,1514,115788478767,5,0,0,1536,5,7902251585
1985,115788725086,103060,115788828146,3,0,1,38400,3,8328112350
1986,115788818240,92714,115788910954,0,0,1,12288,0,6095852894
1987,115788840796,120220,115788961016,7,0,1,94720,7,6815377795
1988,115788936578,135602,115789072180,6,0,1,65024,6,8787711458
1989,115789054922,107302,115789162224,6,0,1,15872,6,5694846594
1990,115789327195,5798,115789332993,5,0,0,6144,5,9423037504
1991,115789458838,98848,115789557686,5,0,1,24576,5,6727415899
1992,115789520710,102592,115789623302,5,0,1,36864,5,2929441237
1993,115789670105,56592,115789726697,2,0,0,96768,2,2833380103
1994,115789819045,43900,115789862945,0,0,1,17408,0,9275224041
1995,115789826771,76696,115789903467,2,0,1,512,2,3426963080
1996,115789957791,105868,115790063659,2,0,1,47616,2,5262048116
1997,115790068808,99160,115790167968,6,0,1,25600,6,5671594512
1998,115790247964,76048,115790324012,7,0,1,10240,7,6968103048
1999,115790328586,43900,115790372486,0,0,1,512,0,8614743398
2000,115790379335,2942,115790382277,5,0,1,30720,5,8893514371
2001,115790406688,100720,115790507408,5,0,0,3072,5,1683759017
2002,115790564283,86192,115790650475,5,0,0,144384,5,7600331593
2003,115790614252,3418,115790617670,0,0,1,26112,0,6714909675
2004,115790779954,242860,115791022814,1,0,0,3584,1,6406657341
2005,115790817698,113905,115790931603,3,0,1,71680,3,653358377
2006,115791046243,3418,115791049661,1,0,0,3584,1,8708904414
2007,115791138119,101656,115791239775,1,0,1,33792,1,10673600068
2008,115791247438,52360,115791299798,4,0,1,3072,4,5849265603
2009,115791297100,89320,115791386420,1,0,1,23552,1,8581584354
2010,115791610586,359050,115791969636,5,0,0,585728,5,7959594426
2011,115791738078,210416,115791948494,5,0,1,27648,5,10494958298
2012,115791804947,312584,115792117531,6,0,1,19968,6,7027546951
2013,115791811168,185210,115791996378,3,0,1,62976,3,2756833688
2014,115791878324,264403,115792142727,7,0,1,13824,7,10023772837
2015,115791932228,372647,115792304875,0,0,1,30208,0,9399196248
2016,115792036618,152200,115792188818,1,0,1,16384,1,5706164600
2017,115792333072,67588,115792400660,0,0,1,7680,0,5768104484
2018,115792508518,116476,115792624994,7,0,1,82432,7,1514731306
2019,115792664451,62512,115792726963,0,0,1,6144,0,831658243
2020,115792721164,105088,115792826252,3,0,1,45056,3,1328667813
2021,115792932988,1038,115792934026,1,0,0,1024,1,409212885
2022,115792985148,105088,115793090236,0,0,1,45056,0,4993880916
2023,115793208545,48976,115793257521,1,0,1,2048,1,7115536677
2024,115793347360,466378,115793813738,5,0,0,754688,5,702820805
2025,115793466490,381538,115793848028,1,0,1,9216,1,7545185703
2026,115793672540,353369,115794025909,3,0,1,31744,3,2380784668
2027,115793859756,164395,115794024151,0,0,1,12288,0,4298777942
2028,115793922130,235690,115794157820,6,0,1,18432,6,3721680644
2029,115794255299,1038,115794256337,1,0,0,1024,1,2249585580
2030,115794386378,11529,115794397907,1,0,0,18944,1,5348187151
2031,115794433135,110392,115794543527,7,0,1,37888,7,4361530328
2032,115794494697,185328,115794680025,7,0,1,62464,7,7217432651
2033,115794517497,236863,115794754360,2,0,0,384512,2,2039111256
2034,115794519442,364946,115794884388,1,0,1,32256,1,10695090679
2035,115794671806,260417,115794932223,1,0,1,23552,1,159738675
2036,115794939217,62512,115795001729,0,0,1,6144,0,1282007572
2037,115795142698,102124,115795244822,0,0,1,35328,0,6830762630
2038,115795160782,89199,115795249981,5,0,1,16896,5,2927079705
2039,115795583480,54052,115795637532,0,0,1,3584,0,1497209899
2040,115795840996,61912,115795902908,3,0,1,9216,3,2697960084
2041,115795993281,103216,115796096497,0,0,1,38912,0,1855903257
2042,115796195995,45592,115796241587,5,0,1,1024,5,8854742687
2043,115796300121,69148,115796369269,1,0,1,12800,1,1264294678
2044,115796302545,98848,115796401393,5,0,1,24576,5,5365277912
2045,115796425311,56680,115796481991,3,0,1,7168,3,2296831705
2046,115796642053,79432,115796721485,7,0,1,11264,7,508199049
2047,115796744258,67588,115796811846,0,0,1,7680,0,9725236553
2048,115796993683,45592,115797039275,7,0,1,21504,7,9081486703
2049,115797015170,93304,115797108474,6,0,1,1024,6,7954072827
2050,115797166636,1514,115797168150,1,0,0,1536,1,4745288721
2051,115797519424,3894,115797523318,1,0,0,4096,1,8517185933
2052,115797522077,1907,115797523984,1,0,0,1024,1,6561087625
2053,115797656666,101032,115797757698,3,0,1,31744,3,1707457548
2054,115797767716,562,115797768278,1,0,0,512,1,1789626644
2055,115797822223,74512,115797896735,6,0,1,10240,6,5388183595
2056,115797856225,113980,115797970205,3,0,1,74240,3,4174997308
2057,115798105778,49444,115798155222,5,0,1,3584,5,10185212887
2058,115798150122,246988,115798397110,3,0,0,400896,3,4063134834
2059,115798174206,222371,115798396577,6,0,1,14336,6,2226420070
2060,115798176045,285021,115798461066,1,0,0,2048,1,5456238043
2061,115798181200,301631,115798482831,2,0,0,226304,2,806448411
2062,115798244306,386239,115798630545,0,0,1,34816,0,5862526012
2063,115798539744,126950,115798666694,2,0,0,210432,2,920613809
2064,115798596267,116140,115798712407,1,0,1,13312,1,6446485469
2065,115798683016,243314,115798926330,7,0,1,5632,7,9230853751
2066,115798976890,91768,115799068658,7,0,1,21504,7,7349838081
2067,115799185162,44056,115799229218,0,0,1,1024,0,430935519
2068,115799308543,64204,115799372747,5,0,1,6656,5,3448898543
2069,115799351725,131674,115799483399,7,0,1,70144,7,8444761131
2070,115799456357,118506,115799574863,7,0,1,70656,7,2619781883
2071,115799569302,137548,115799706850,3,0,0,213504,3,7473472477
2072,115799755172,4846,115799760018,3,0,1,13312,3,3833730715
2073,115799835735,114312,115799950047,1,0,0,5120,1,9546247323
2074,115800074310,74356,115800148666,7,0,1,9728,7,3314833381
2075,115800249318,84664,115800333982,5,0,1,13312,5,252204511
2076,115800383502,6750,115800390252,1,0,0,7168,1,6270598312
2077,115800399203,82145,115800481348,2,0,0,133120,2,7195397400
2078,115800451223,183653,115800634876,7,0,1,1024,7,10175045581
2079,115800712560,83696,115800796256,3,0,0,136192,3,9809972314
2080,115800741879,159766,115800901645,7,0,1,22016,7,4150756596
2081,115800835935,170272,115801006207,6,0,1,137216,6,5197471793
2082,115800938306,80704,115801019010,5,0,1,20480,5,2194504076
2083,115801031861,106804,115801138665,6,0,1,50688,6,2462711239
2084,115801063874,147061,115801210935,3,0,1,59904,3,7856997603
2085,115801088672,128202,115801216874,7,0,1,19456,7,6646245506
2086,115801314013,98380,115801412393,1,0,1,23040,1,10432910842
2087,115801443443,103060,115801546503,1,0,1,38400,1,7754104602
2088,115801459428,158379,115801617807,6,0,1,111104,6,10153845256
2089,115801698629,76048,115801774677,6,0,1,10240,6,7614372936
2090,115801783797,1990,115801785787,1,0,0,2048,1,8307548269
2091,115801839458,92524,115801931982,1,0,1,18944,1,1215623459
2092,115801907014,6750,115801913764,5,0,1,56320,5,9381224009
2093,115801933206,4370,115801937576,1,0,0,7168,1,652932212
2094,115801961356,135387,115802096743,1,0,0,4608,1,4982795171
2095,115802075399,47596,115802122995,6,0,1,14336,6,8538950696
2096,115802092507,125868,115802218375,1,0,1,2560,1,10683593017
2097,115802171387,59128,115802230515,3,0,1,5120,3,7628701822
2098,115802227475,127984,115802355459,2,0,0,212480,2,7191063421
2099,115802445978,536484,115802982462,2,0,0,1339904,2,8844070752
2100,115802478174,639734,115803117908,2,0,1,11776,2,10286613757
2101,115802500648,825058,115803325706,1,0,1,52736,1,1324477707
2102,115802505393,765989,115803271382,1,0,0,512,1,4514289800
2103,115802667525,605163,115803272688,4,0,0,2048,4,6968147728
2104,115803274368,227336,115803501704,0,0,1,47104,0,1872491178
2105,115803291207,260401,115803551608,3,0,1,7680,3,2316577103
2106,115803438974,144506,115803583480,7,0,1,22016,7,8329894817
2107,115803734817,2866,115803737683,1,0,0,8704,1,8950356789
2108,115803942644,105400,115804048044,6,0,1,46080,6,2227910042
2109,115804062380,107116,115804169496,7,0,1,51712,7,4913094929
2110,115804159376,108180,115804267556,1,0,1,22016,1,4238018971
2111,115804291666,5322,115804296988,3,0,0,5632,3,2264027679
2112,115804397461,3894,115804401355,1,0,0,4096,1,1246777965
2113,115804417069,42937,115804460006,2,0,0,70144,2,8340673215
2114,115804760435,99316,115804859751,7,0,1,26112,7,7248205591
2115,115804951788,98536,115805050324,7,0,1,23552,7,5098643993
2116,115805191511,1514,115805193025,7,0,1,22528,7,1087463870
2117,115805194981,98224,115805293205,1,0,0,1536,1,7017244914
2118,115805463792,73132,115805536924,1,0,1,10752,1,7603214155
2119,115805635056,72664,115805707720,3,0,1,9216,3,797792288
2120,115805715173,98380,115805813553,6,0,1,23040,6,330194360
2121,115805764325,1514,115805765839,5,0,1,46592,5,5086755820
2122,115805816626,110848,115805927474,1,0,0,1536,1,3447895153
2123,115805965711,4158,115805969869,7,0,1,30720,7,4492252036
2124,115806001898,100720,115806102618,3,0,0,11264,3,8408292028
2125,115806050495,81748,115806132243,3,0,1,13824,3,4284982522
2126,115806425525,89608,115806515133,0,0,1,19456,0,2197877684
2127,115806465358,49786,115806515144,2,0,0,80384,2,6265074922
2128,115806677967,562,115806678529,1,0,0,512,1,5590203515
2129,115806969576,97092,115807066668,2,0,0,162304,2,8259947154
2130,115807538085,99784,115807637869,7,0,1,27648,7,8928541780
2131,115807566720,663575,115808230295,3,0,0,1078784,3,8106499943
2132,115808098813,192854,115808291667,6,0,1,12288,6,4948640181
2133,115808141997,150560,115808292557,3,0,0,199680,3,1536382979
2134,115808357694,31520,115808389214,3,0,1,94208,3,10506319348
2135,115808373338,4846,115808378184,3,0,0,51200,3,2878614001
2136,115808541952,254236,115808796188,1,0,0,5120,1,606324983
2137,115808561213,1990,115808563203,5,0,1,225792,5,3517616786
2138,115808742196,262168,115809004364,1,0,0,2048,1,7491144234
2139,115808849133,10237,115808859370,1,0,0,16384,1,9359451300
2140,115809042812,78208,115809121020,6,0,1,12288,6,878151211
2141,115809211819,2866,115809214685,1,0,0,8704,1,3257652298
2142,115809324693,103060,115809427753,7,0,1,38400,7,5926321393
2143,115809601500,107896,115809709396,6,0,1,54272,6,1525290288
2144,115809922937,6274,115809929211,1,0,0,6656,1,5437124291
2145,115809988313,201701,115810190014,3,0,1,175104,3,10153294182
2146,115810022710,206627,115810229337,3,0,1,30208,3,2430026987
2147,115810263742,562,115810264304,1,0,0,512,1,6130437284
2148,115810302662,101500,115810404162,7,0,1,33280,7,1871765055
2149,115810566917,3124,115810570041,1,0,0,9216,1,2302197679
2150,115810718679,66208,115810784887,3,0,1,8192,3,9827629870
2151,115810894924,54008,115810948932,2,0,0,91648,2,2798819499
2152,115811342026,111952,115811453978,6,0,1,67584,6,3631819621
2153,115811935689,248192,115812183881,2,0,0,406528,2,7956061747
2154,115812436277,33241,115812469518,3,0,0,57856,3,6544797932
2155,115812704918,3124,115812708042,4,0,0,9216,4,7415387051
2156,115812739045,3418,115812742463,4,0,0,3584,4,4566857213
2157,115812790664,226738,115813017402,3,0,0,368128,3,7881264613
2158,115812915154,103234,115813018388,1,0,0,1536,1,6116695844
2159,115812921516,102654,115813024170,3,0,1,3072,3,9492502501
2160,115812966222,269931,115813236153,7,0,1,24064,7,4023440044
2161,115812978297,259611,115813237908,3,0,0,166400,3,3771840362
2162,115813050220,326608,115813376828,2,0,0,532480,2,6247074223
2163,115813057163,340761,115813397924,3,0,0,68096,3,6178350286
2164,115813173556,224932,115813398488,4,0,0,10752,4,4173474877
2165,115813381325,51512,115813432837,6,0,1,1024,6,5428021045
2166,115813457089,238973,115813696062,6,0,1,13824,6,8631693390
2167,115813487313,202418,115813689731,2,0,0,83456,2,1851859363
2168,115813553666,141223,115813694889,3,0,1,17920,3,7072500264
2169,115813858304,64360,115813922664,7,0,1,7168,7,228362451
2170,115813922326,114934,115814037260,7,0,1,76288,7,4494702171
2171,115814030171,123245,115814153416,9,0,1,81408,9,6954865589
2172,115814071392,82347,115814153739,2,0,1,1024,2,7655825710
2173,115814195277,12304,115814207581,1,0,0,20480,1,8553543963
2174,115814324606,52360,115814376966,7,0,1,3072,7,2246214708
2175,115814395856,75033,115814470889,2,0,0,125952,2,6052346883
2176,115814747600,43454,115814791054,3,0,0,71168,3,3582618214
2177,115814815874,92860,115814908734,2,0,1,87552,2,8462974225
2178,115814845280,220967,115815066247,2,0,1,25088,2,6328950728
2179,115815236039,62512,115815298551,7,0,1,6144,7,7806915973
2180,115815303863,51136,115815354999,7,0,1,4096,7,6294323992
2181,115815351844,155087,115815506931,3,0,0,251904,3,8262530993
2182,115815518407,2942,115815521349,7,0,1,4608,7,2350157077
2183,115815584312,188505,115815772817,1,0,0,3072,1,7133405664
2184,115815601936,124392,115815726328,6,0,1,17920,6,7384107818
2185,115815747551,105400,115815852951,3,0,1,46080,3,1462873166
2186,115815875397,50668,115815926065,5,0,1,2560,5,8301230556
2187,115816100099,4846,115816104945,1,0,0,5120,1,5986268244
2188,115816166364,67900,115816234264,6,0,1,8704,6,10267881580
2189,115816257776,72844,115816330620,3,0,1,14848,3,4634185389
2190,115816342684,135096,115816477780,3,0,0,219648,3,3445136604
2191,115816686715,107475,115816794190,2,0,0,179200,2,3956517207
2192,115817073505,3383,115817076888,7,0,1,17408,7,6054665681
2193,115817133701,81304,115817215005,4,0,0,9728,4,6862353216
2194,115817272955,3418,115817276373,4,0,0,3584,4,2082268883
2195,115817340487,10753,115817351240,1,0,0,17408,1,6182684286
2196,115817744395,63136,115817807531,2,0,1,8192,2,2912719763
2197,115817908836,324370,115818233206,4,0,0,524800,4,6811036901
2198,115818080378,162697,115818243075,6,0,1,42496,6,6917557855
2199,115818107106,290726,115818397832,2,0,0,117760,2,7474608406
2200,115818113515,272449,115818385964,2,0,1,8704,2,3761645422
2201,115818240641,12733,115818253374,2,0,1,34816,2,9236530380
2202,115818317808,183747,115818501555,7,0,1,46592,7,7300373323
2203,115818403906,315493,115818719399,2,0,0,24576,2,2842711208
2204,115818643745,3641,115818647386,4,0,0,10240,4,6499384505
2205,115819498512,1990,115819500502,1,0,0,2048,1,2066733962
2206,115819513312,72532,115819585844,3,0,1,13824,3,5655017140
2207,115819574265,253237,115819827502,2,0,0,409600,2,4588877184
2208,115819603618,224870,115819828488,1,0,0,1536,1,3932108970
2209,115819923938,53233,115819977171,2,0,0,90112,2,10226216762
2210,115820063969,195329,115820259298,2,0,0,316928,2,8945772852
2211,115820218853,152144,115820370997,6,0,1,14336,6,5614669246
2212,115820501244,94084,115820595328,3,0,1,24064,3,8308323178
2213,115820616040,94249,115820710289,8,0,0,156672,8,9296153475
2214,115820696522,107475,115820803997,4,0,0,179200,4,1536800964
2215,115820719008,111525,115820830533,3,0,0,94208,3,8968890767
2216,115820991451,98276,115821089727,7,0,1,9728,7,2237732291
2217,115821090136,115104,115821205240,3,0,0,187392,3,6653341952
2218,115821165546,41960,115821207506,1,0,0,3584,1,1702777184
2219,115821263690,43196,115821306886,2,0,0,70656,2,111882731
2220,115821466010,2866,115821468876,3,0,0,8704,3,7932379134
2221,115821629732,84844,115821714576,7,0,1,18944,7,4249776486
2222,115821974497,246212,115822220709,4,0,0,399360,4,9302410695
2223,115822021253,203962,115822225215,3,0,0,7168,3,8503080249
2224,115822313898,3900,115822317798,3,0,0,10752,3,1975378980
2225,115822344388,166675,115822511063,4,0,0,274432,4,9419155931
2226,115822705987,32295,115822738282,2,0,0,52736,2,3224599716
2227,115822753927,95800,115822849727,4,0,0,159744,4,9194935796
2228,115822773872,78121,115822851993,3,0,0,3584,3,4092120521
2229,115822887087,86436,115822973523,6,0,1,19456,6,2762097277
2230,115822927645,35308,115822962953,6,0,1,5632,6,6450999677
2231,115823019875,233680,115823253555,2,0,0,61952,2,5333224682
2232,115823086818,94079,115823180897,2,0,0,153088,2,8471820156
2233,115823294306,1514,115823295820,1,0,0,1536,1,8514013095
2234,115823661541,22946,115823684487,2,0,0,37888,2,4424988653
2235,115823712273,114587,115823826860,4,0,0,186368,4,2373626755
2236,115823894916,6274,115823901190,3,0,0,6656,3,954475779
2237,115824075659,4933,115824080592,1,0,0,12800,1,7180074704
2238,115824078012,114328,115824192340,7,0,1,70144,7,10235334126
2239,115824498411,195758,115824694169,4,0,0,321024,4,2446962362
2240,115824879878,2466,115824882344,1,0,0,2560,1,4317028634
2241,115824925484,52360,115824977844,3,0,1,3072,3,5728562662
2242,115824974020,478571,115825452591,2,0,0,775168,2,6589515105
2243,115825048620,465619,115825514239,2,0,0,196608,2,290558200
2244,115825214306,309284,115825523590,6,0,1,10752,6,4094340302
2245,115825447725,75876,115825523601,3,0,0,20992,3,7567088019
2246,115825468881,19771,115825488652,6,0,1,111616,6,3129398092
2247,115825503841,304416,115825808257,3,0,0,8704,3,6405810198
2248,115825949361,40870,115825990231,4,0,0,66048,4,6296725989
2249,115826149305,562,115826149867,1,0,0,512,1,3043675200
2250,115826446328,111952,115826558280,3,0,1,67584,3,9477176167
2251,115826507340,94084,115826601424,3,0,1,24064,3,8753199146
2252,115826798529,1514,115826800043,3,0,0,1536,3,457961152
2253,115826870128,57436,115826927564,7,0,1,4608,7,801497429
2254,115826970083,103684,115827073767,7,0,1,40448,7,9619293466
2255,115826977721,164386,115827142107,7,0,1,103424,7,3341904164
2256,115827170188,562,115827170750,1,0,0,512,1,1971115052
2257,115827200069,347462,115827547531,2,0,0,563200,2,7644164878
2258,115827661713,104308,115827766021,6,0,1,42496,6,5061667761
2259,115828250772,2942,115828253714,3,0,0,3072,3,4727547403
2260,115828303512,1514,115828305026,3,0,0,1536,3,3563556889
2261,115828414554,5322,115828419876,1,0,0,5632,1,654912760
2262,115828578696,22429,115828601125,2,0,0,36864,2,8587493074
2263,115828688824,3418,115828692242,1,0,0,3584,1,3190426849
2264,115828736521,197567,115828934088,4,0,0,324608,4,906024855
2265,115828837715,102172,115828939887,4,0,0,19456,4,3514879148
2266,115829255143,30745,115829285888,4,0,0,49664,4,663403913
2267,115829272045,14611,115829286656,1,0,0,11776,1,1465273485
2268,115829412004,1038,115829413042,3,0,0,1024,3,3483431727
2269,115829449184,103840,115829553024,7,0,1,40960,7,7519175344
2270,115830017951,33241,115830051192,4,0,0,57856,4,7124717975
2271,115830262936,92012,115830354948,4,0,0,148992,4,2306762392
2272,115830514326,116308,115830630634,4,0,0,193024,4,2849634384
2273,115830554073,102994,115830657067,2,0,0,85504,2,8073911716
2274,115830837201,211936,115831049137,7,0,1,182272,7,7967881390
2275,115831350469,2466,115831352935,1,0,0,2560,1,10720672711
2276,115831538777,1038,115831539815,3,0,0,1024,3,7923381697
2277,115831546951,562,115831547513,3,0,0,512,3,8042818975
2278,115831884217,4370,115831888587,3,0,0,4608,3,5134571394
2279,115832012815,53296,115832066111,6,0,1,6144,6,7508739447
2280,115832284970,7702,115832292672,1,0,0,8192,1,230444556
2281,115832576460,2942,115832579402,3,0,0,3072,3,1016395098
2282,115832755308,70996,115832826304,6,0,1,13824,6,4118772718
2283,115832856116,1990,115832858106,1,0,0,2048,1,174741444
2284,115832974468,562,115832975030,1,0,0,512,1,4536354772
2285,115833009729,1990,115833011719,3,0,0,2048,3,6240361872
2286,115833075051,2942,115833077993,3,0,0,3072,3,8803867239
2287,115833143289,43971,115833187260,4,0,0,72192,4,9290337543
2288,115833453044,155258,115833608302,2,0,0,255488,2,9814760122
2289,115833687158,82684,115833769842,7,0,1,16896,7,7794218099
2290,115833910021,119908,115834029929,7,0,1,93696,7,3842809257
2291,115834068963,135096,115834204059,4,0,0,219648,4,9077036670
2292,115834283714,1038,115834284752,7,0,1,53248,7,9920981347
2293,115834323936,107584,115834431520,1,0,0,1024,1,10482052542
2294,115834456228,215321,115834671549,2,0,0,349184,2,5943819244
2295,115834694556,2466,115834697022,1,0,0,2560,1,4044042296
2296,115834892070,99160,115834991230,6,0,1,25600,6,9317461011
2297,115835067980,2466,115835070446,1,0,0,2560,1,8744036779
2298,115835821962,1514,115835823476,1,0,0,1536,1,5422507296
2299,115835884291,562,115835884853,3,0,0,512,3,10406843628
2300,115835990091,65920,115836056011,7,0,1,12288,7,4488706611
2301,115836163054,7702,115836170756,8,0,1,11264,8,9029125897
2302,115836223809,74824,115836298633,3,0,0,8192,3,7939308773
2303,115836279612,1038,115836280650,1,0,0,1024,1,2465712445
2304,115836404373,1990,115836406363,1,0,0,2048,1,1195310183
2305,115836439529,24238,115836463767,4,0,0,40448,4,18023122
2306,115836456614,161368,115836617982,7,0,1,77824,7,3325191575
2307,115836852720,1038,115836853758,1,0,0,1024,1,5779302690
2308,115836893220,48976,115836942196,7,0,1,2048,7,1832295673
2309,115836913830,177833,115837091663,4,0,0,292864,4,4869941155
2310,115837050039,45810,115837095849,3,0,0,6656,3,7493608519
2311,115837303511,143929,115837447440,9,0,0,233472,9,5026024016
2312,115837326833,29895,115837356728,0,0,1,18944,0,9193036426
2313,115837417891,4416,115837422307,1,0,0,512,1,2782376547
2314,115837485894,222476,115837708370,1,0,0,11776,1,7529376959
2315,115837572485,226805,115837799290,7,0,1,86016,7,2836751057
2316,115837969929,81748,115838051677,4,0,1,13824,4,8222774021
2317,115838166296,6484,115838172780,4,0,1,25088,4,4764525344
2318,115838206457,95932,115838302389,1,0,0,15872,1,9122139348
2319,115838292419,57109,115838349528,4,0,0,97792,4,9557548343
2320,115838315019,36775,115838351794,1,0,0,3584,1,6954058119
2321,115838565900,24238,115838590138,0,0,1,21504,0,931615650
2322,115838566687,107978,115838674665,2,0,0,40448,2,401844673
2323,115838778326,96317,115838874643,4,0,0,160768,4,553487613
2324,115838878230,562,115838878792,1,0,0,512,1,1060367630
2325,115839247971,46208,115839294179,0,0,1,28672,0,9805783426
2326,115839284545,97024,115839381569,4,0,0,79872,4,3112488536
2327,115839385232,1038,115839386270,1,0,0,1024,1,4568201087
2328,115839679163,102124,115839781287,6,0,1,35328,6,4998225774
2329,115839726867,97548,115839824415,7,0,1,13312,7,537250518
2330,115840089219,12045,115840101264,1,0,0,19968,1,5361440302
2331,115840530754,1514,115840532268,1,0,0,1536,1,4594823766
2332,115840584686,124108,115840708794,4,0,0,204800,4,7125679927
2333,115840617205,73729,115840690934,7,0,1,16384,7,8094618440
2334,115840755057,216584,115840971641,7,0,1,5632,7,639351790
2335,115840831393,340413,115841171806,4,0,0,551424,4,8273482275
2336,115840874051,142502,115841016553,0,0,1,4608,0,4541027822
2337,115840906988,333725,115841240713,7,0,1,24576,7,2563037641
2338,115841030290,396611,115841426901,3,0,0,1536,3,763296655
2339,115841390198,64204,115841454402,0,0,1,6656,0,6152560190
2340,115841571104,85600,115841656704,7,0,1,16384,7,450586439
2341,115841638754,104776,115841743530,7,0,1,44032,7,3001489871
2342,115841777353,2942,115841780295,7,0,1,49152,7,159702062
2343,115841798839,106336,115841905175,3,0,0,3072,3,10438160000
2344,115841909339,3900,115841913239,3,0,0,10752,3,9461736179
2345,115841937241,114329,115842051570,2,0,0,185856,2,4188299373
2346,115842283470,13249,115842296719,2,0,0,25600,2,10416356408
2347,115842315988,97936,115842413924,0,0,1,26624,0,9675739389
2348,115842798068,562,115842798630,6,0,1,8192,6,8086847888
2349,115842807874,63136,115842871010,2,0,0,512,2,596057625
2350,115842941993,79432,115843021425,7,0,1,11264,7,8432035616
2351,115843319627,193779,115843513406,2,0,0,313856,2,2368232096
2352,115843515181,135603,115843650784,0,0,1,19968,0,4889739983
2353,115843625991,66717,115843692708,2,0,0,113152,2,2184015089
2354,115843846477,99628,115843946105,7,0,1,27136,7,1285296818
2355,115843958383,1990,115843960373,1,0,0,2048,1,3314126219
2356,115844386397,23721,115844410118,1,0,0,39424,1,9616862837
2357,115844572629,151987,115844724616,2,0,0,245760,2,4055429302
2358,115844708056,18506,115844726562,3,0,0,3072,3,6170620946
2359,115844752949,91237,115844844186,2,0,0,147456,2,7337251911
2360,115844863962,24666,115844888628,6,0,1,46592,6,1959907894
2361,115844935928,139186,115845075114,1,0,0,44544,1,10164396901
2362,115844941988,153654,115845095642,6,0,1,10752,6,6924070046
2363,115845084615,153508,115845238123,6,0,1,84992,6,7842541627
2364,115845200958,121453,115845322411,6,0,1,61952,6,561177927
2365,115845790964,2866,115845793830,3,0,0,8704,3,6104392545
2366,115845970282,103996,115846074278,0,0,1,41472,0,3780591736
2367,115846037224,13735,115846050959,7,0,1,5632,7,588068610
2368,115846060554,85186,115846145740,3,0,0,1536,3,2959386770
2369,115846128244,3894,115846132138,3,0,0,4096,3,10404169567
2370,115846152841,46984,115846199825,9,0,0,81408,9,3362104544
2371,115846250644,156550,115846407194,2,0,0,258048,2,1623342764
2372,115846456248,224808,115846681056,7,0,1,65024,7,1377827293
2373,115846807078,562,115846807640,6,0,1,17408,6,4357023842
2374,115846812206,90520,115846902726,3,0,0,512,3,3184468810
2375,115846870337,348309,115847218646,2,0,0,1118720,2,181260604
2376,115847207601,690937,115847898538,7,0,1,82432,7,9118429825
2377,115847234774,342408,115847577182,7,0,1,1024,7,10393571403
2378,115847261415,370763,115847632178,3,0,0,138240,3,1969318096
2379,115847327710,40612,115847368322,6,0,1,94208,6,2269411026
2380,115847546535,380256,115847926791,0,0,1,64512,0,3464791662
2381,115847637841,67234,115847705075,1,0,0,65536,1,5933843500
2382,115847797162,406828,115848203990,1,0,0,114176,1,9629357704
2383,115847910115,46984,115847957099,6,0,1,3072,6,3056885272
2384,115847958296,118655,115848076951,4,0,0,81408,4,7645059131
2385,115848038526,304895,115848343421,2,0,0,493568,2,3224663784
2386,115848321994,32154,115848354148,9,0,0,34816,9,741045944
2387,115848471892,107217,115848579109,3,0,0,178688,3,6232799536
2388,115848574547,355520,115848930067,2,0,0,575488,2,1876777590
2389,115848968576,24408,115848992984,1,0,0,44032,1,7023177738
2390,115849074511,253495,115849328006,3,0,0,410112,3,3288971912
2391,115849121715,163275,115849284990,0,0,1,18432,0,279214624
2392,115849186543,96039,115849282582,4,0,0,79872,4,4686481776
2393,115849259373,93304,115849352677,1,0,0,26624,1,7737415862
2394,115849333376,43166,115849376542,2,0,0,151552,2,6151197003
2395,115849352080,345121,115849697201,7,0,1,44032,7,9735922862
2396,115849354514,286816,115849641330,6,0,1,15872,6,8292034329
2397,115849399681,324373,115849724054,3,0,0,60928,3,8424346171
2398,115849769707,117568,115849887275,0,0,1,86016,0,8006034241
2399,115850093941,254529,115850348470,4,0,0,412160,4,7308764541
2400,115850123593,313009,115850436602,3,0,0,282624,3,9334211306
2401,115850217686,224613,115850442299,2,0,0,27136,2,519276857
2402,115850547650,46984,115850594634,9,0,0,81408,9,3283183919
2403,115850724298,101968,115850826266,2,0,1,34816,2,1552908774
2404,115850830636,97912,115850928548,7,0,1,21504,7,10663527031
2405,115850860869,113295,115850974164,2,0,0,183808,2,9602394864
2406,115850863905,113434,115850977339,3,0,1,12288,3,7924225007
2407,115850886754,100619,115850987373,1,0,0,83456,1,447675176
2408,115850930623,213314,115851143937,3,0,0,99328,3,1169471592
2409,115850950965,225762,115851176727,6,0,1,10752,6,1924949929
2410,115851075861,151710,115851227571,3,0,0,363520,3,7672702507
2411,115851165568,461757,115851627325,2,0,0,50176,2,437220957
2412,115851328851,196495,115851525346,8,0,1,16896,8,9959398006
2413,115851420136,105229,115851525365,9,0,0,170496,9,10042027617
2414,115851524182,86314,115851610496,1,0,0,142336,1,8102105962
2415,115851747520,70028,115851817548,0,0,1,6656,0,638984327
2416,115852096023,24408,115852120431,4,0,0,44032,4,2236150696
2417,115852269991,54052,115852324043,7,0,1,3584,7,2597732437
2418,115852381464,23721,115852405185,6,0,1,18944,6,10728731683
2419,115852397450,84844,115852482294,9,0,0,39424,9,3153295351
2420,115852577985,202046,115852780031,9,0,0,733184,9,5002270605
2421,115852769819,450175,115853219994,1,0,0,206336,1,303829125
2422,115852800500,320296,115853120796,3,0,1,8192,3,9285496202
2423,115852893572,290217,115853183789,3,0,0,301056,3,2403892278
2424,115852999134,190966,115853190100,1,0,0,22016,1,6439637689
2425,115853212436,287181,115853499617,3,0,1,43520,3,6177011545
2426,115853272514,317863,115853590377,3,0,0,515584,3,5145304036
2427,115853559457,57763,115853617220,1,0,0,95744,1,4040691477
2428,115853591740,47395,115853639135,1,0,0,72192,1,4012292955
2429,115853718973,33499,115853752472,3,0,1,1536,3,6658777321
2430,115853731771,144031,115853875802,2,0,0,58368,2,9473660955
2431,115853859259,121612,115853980871,1,0,0,196608,1,8385903904
2432,115853877388,186019,115854063407,3,0,0,233984,3,8539792020
2433,115854074665,260291,115854334956,7,0,1,9216,7,10539192550
2434,115854125973,227907,115854353880,7,0,1,15872,7,7497296411
2435,115854167210,307133,115854474343,4,0,0,501248,4,6505965123
2436,115854360999,195728,115854556727,9,0,0,263168,9,5115597467
2437,115854412074,79040,115854491114,0,0,1,61440,0,746178385
2438,115854489541,55729,115854545270,1,0,0,40448,1,8812419228
2439,115854712928,391201,115855104129,6,0,1,5120,6,4692132155
2440,115854875604,24925,115854900529,3,0,0,45056,3,2309796061
2441,115855014629,67588,115855082217,0,0,1,7680,0,5690738798
2442,115855031832,350734,115855382566,3,0,0,572928,3,5940708918
2443,115855077234,341417,115855418651,9,0,0,123392,9,2313944957
2444,115855081839,429733,115855511572,6,0,1,51712,6,1712637076
2445,115855138823,404505,115855543328,2,0,0,400384,2,3442923380
2446,115855264635,210526,115855475161,7,0,1,16384,7,2359512072
2447,115855343734,159296,115855503030,3,0,0,44032,3,7494300922
2448,115855465746,63647,115855529393,7,0,1,16896,7,338333053
2449,115855468311,444195,115855912506,3,0,0,244736,3,2566307771
2450,115855585363,114846,115855700209,3,0,0,77824,3,2524717952
2451,115855669840,328130,115855997970,3,0,0,186880,3,7437008876
2452,115855718868,242006,115855960874,4,0,0,378880,4,4836843594
2453,115855724993,267190,115855992183,3,0,1,512,3,6326090547
2454,115855763753,255069,115856018822,3,0,0,195584,3,932584630
2455,115856128934,176063,115856304997,6,0,1,3072,6,1240136323
2456,115856410925,193779,115856604704,1,0,0,313856,1,1603168192
2457,115856457761,234671,115856692432,2,0,0,606720,2,2811483821
2458,115856475249,423853,115856899102,6,0,1,36352,6,1032448634
2459,115856856410,74258,115856930668,1,0,0,124416,1,9217033759
2460,115857191991,113368,115857305359,9,0,1,29696,9,9390573547
2461,115857293404,73483,115857366887,3,0,0,122880,3,2443617182
2462,115857298152,94656,115857392808,1,0,0,91136,1,10246227394
2463,115857320413,536060,115857856473,4,0,0,805888,4,4529016725
2464,115857383269,479822,115857863091,1,0,0,23552,1,1205151655
2465,115857499656,389868,115857889524,4,0,0,93696,4,8253258036
2466,115857509257,390585,115857899842,2,0,0,32768,2,9313065024
2467,115857783112,138542,115857921654,1,0,0,79872,1,5342920123
2468,115857786737,91237,115857877974,3,0,1,97792,3,10518801160
2469,115857798298,365028,115858163326,7,0,1,24064,7,10102549035
2470,115857930379,156578,115858086957,7,0,1,19968,7,5872833303
2471,115857977675,183128,115858160803,4,0,0,147456,4,367872301
2472,115858008631,283361,115858291992,6,0,1,6144,6,10067096358
2473,115858015057,474135,115858489192,4,0,0,288256,4,4356873870
2474,115858118378,107280,115858225658,7,0,1,54784,7,7652181136
2475,115858153603,114572,115858268175,3,0,0,137728,3,5884985130
2476,115858169173,299213,115858468386,6,0,1,3072,6,6645850743
2477,115858606702,113812,115858720514,2,0,0,184832,2,2637799284
2478,115858625435,115765,115858741200,2,0,0,74240,2,6265503441
2479,115858682169,63857,115858746026,1,0,0,7680,1,3589879302
2480,115858717059,94249,115858811308,9,0,1,5632,9,1149013617
2481,115858730508,192173,115858922681,9,0,0,156672,9,8255239459
2482,115858894258,167450,115859061708,9,0,0,275968,9,9096618979
2483,115859284797,117342,115859402139,4,0,0,195072,4,2989206987
2484,115859583318,121468,115859704786,3,0,1,98816,3,5408704917
2485,115859653567,51230,115859704797,1,0,0,34816,1,10031403225
2486,115859730716,42162,115859772878,2,0,0,68608,2,2844711710
2487,115859931185,117412,115860048597,3,0,1,85504,3,739536951
2488,115860047109,167468,115860214577,9,0,0,269824,9,70883046
2489,115860192035,43945,115860235980,2,0,0,69632,2,1140813768
2490,115860222959,18615,115860241574,9,0,0,18432,9,7400618623
2491,115860223325,5322,115860228647,9,0,1,87040,9,6265408936
2492,115860377677,224390,115860602067,3,0,0,5632,3,6455064701
2493,115860720303,82816,115860803119,7,0,1,12288,7,9792330300
2494,115860833486,97600,115860931086,7,0,1,20480,7,1759981565
2495,115861007206,5708,115861012914,3,0,0,14336,3,7437000749
2496,115861161317,13249,115861174566,6,0,1,11776,6,4501652048
2497,115861168521,67300,115861235821,3,0,0,25600,3,2636724709
2498,115861287497,358363,115861645860,2,0,0,581120,2,7340082382
2499,115861402301,316132,115861718433,6,0,1,19456,6,2349014558
2500,115861561339,274013,115861835352,0,0,1,101376,0,10422105445
2501,115861720449,190906,115861911355,7,0,1,10752,7,1247772706
2502,115861795533,255733,115862051266,9,0,0,417792,9,5316325931
2503,115861993312,88344,115862081656,0,0,1,2560,0,8751679217
2504,115862076781,228732,115862305513,6,0,1,6656,6,3008849699
2505,115862095171,161499,115862256670,7,0,1,9216,7,3677817299
2506,115862117977,159021,115862276998,6,0,1,20480,6,8413236107
2507,115862307462,93991,115862401453,4,0,0,156160,4,5465841023
2508,115862433998,82816,115862516814,3,0,1,12288,3,8216408508
2509,115862847839,109300,115862957139,6,0,1,58880,6,1670238892
2510,115863100446,36342,115863136788,7,0,1,14848,7,7240820239
2511,115863123705,69772,115863193477,3,0,0,64000,3,5509468858
2512,115863185044,168502,115863353546,7,0,1,5632,7,6745604075
2513,115863317231,69148,115863386379,7,0,1,12800,7,9551196173
2514,115863394313,56850,115863451163,4,0,0,97280,4,2691575555
2515,115863602872,98692,115863701564,6,0,1,24064,6,8331866510
2516,115863616717,122419,115863739136,0,0,1,76800,0,63142672
2517,115863624310,127333,115863751643,5,0,1,40960,5,2593389021
2518,115863642089,146951,115863789040,7,0,1,31744,7,513663677
2519,115863648342,162887,115863811229,6,0,1,11776,6,172601238
2520,115863717657,88728,115863806385,2,0,0,93184,2,4746569741
2521,115863728224,88581,115863816805,3,0,0,33280,3,3412761197
2522,115863790105,86680,115863876785,6,0,1,14848,6,2281170374
2523,115863886162,85933,115863972095,9,0,0,143872,9,1809960872
2524,115864106472,101032,115864207504,6,0,1,31744,6,9606368308
2525,115864138975,99231,115864238206,0,0,1,20480,0,3462619263
2526,115864604613,273487,115864878100,2,0,0,442368,2,7014780064
2527,115864647334,662858,115865310192,9,0,0,924672,9,5213844711
2528,115864724827,671142,115865395969,3,0,0,1487360,3,3068758430
2529,115864840147,450906,115865291053,0,0,1,329216,0,3683534872
2530,115864883956,1098751,115865982707,9,0,0,167936,9,9551282874
2531,115864956499,1214082,115866170581,4,0,0,93184,4,2172461048
2532,115865015606,1105627,115866121233,0,0,1,38912,0,8258460141
2533,115865232965,1059415,115866292380,2,0,0,9728,2,9928875535
2534,115865365914,783308,115866149222,3,0,1,13824,3,4495710011
2535,115865537465,549988,115866087453,3,0,0,628224,3,1572615453
2536,115865612941,705999,115866318940,9,0,0,2048,9,2778309741
2537,115865693465,630534,115866323999,0,0,1,110592,0,9211348559
2538,115865836563,550990,115866387553,3,0,0,552960,3,4537655543
2539,115865849667,357172,115866206839,3,0,0,755712,3,5919482535
2540,115865898482,775229,115866673711,4,0,0,215552,4,4963372048
2541,115866159933,344023,115866503956,3,0,0,14336,3,3962509836
2542,115866244899,793908,115867038807,3,0,1,44032,3,3085189602
2543,115866318668,535722,115866854390,6,0,1,2560,6,9388040158
2544,115866608791,159597,115866768388,4,0,0,241664,4,2620450941
2545,115866657927,156914,115866814841,1,0,0,148480,1,3935016987
2546,115867074262,334495,115867408757,1,0,0,541184,1,2311259556
2547,115867283738,5798,115867289536,0,0,1,70144,0,5046153098
2548,115867423038,22170,115867445208,3,0,0,6144,3,3809361182
2549,115867458133,401151,115867859284,2,0,0,36352,2,4938032707
2550,115867662209,133287,115867795496,4,0,0,216064,4,8706161801
2551,115867664341,208478,115867872819,9,0,0,235008,9,7393079192
2552,115867719057,268034,115867987091,4,0,0,644096,4,4487814808
2553,115867838320,478233,115868316553,1,0,0,477184,1,1488577444
2554,115867839718,508288,115868348006,5,0,1,22528,5,4788595883
2555,115868216941,228270,115868445211,9,0,0,324608,9,92868394
2556,115868300830,26439,115868327269,0,0,1,54272,0,6862546617
2557,115868429499,353627,115868783126,4,0,0,34816,4,2780829916
2558,115868918448,53233,115868971681,2,0,0,90112,2,6142410278
2559,115868961029,21654,115868982683,3,0,1,29184,3,8965041527
2560,115868981492,238008,115869219500,2,0,0,35328,2,174074146
2561,115869030668,126692,115869157360,8,0,1,103424,8,424257483
2562,115869075262,209730,115869284992,1,0,0,209920,1,5896085017
2563,115869322022,50668,115869372690,8,0,1,2560,8,4016324001
2564,115869327002,190887,115869517889,0,0,1,76288,0,8182314500
2565,115869726108,157067,115869883175,4,0,0,259072,4,4167908347
2566,115870123681,60820,115870184501,8,0,1,5632,8,10537969836
2567,115870306408,14541,115870320949,9,0,0,28160,9,5933301067
2568,115870312218,153367,115870465585,7,0,1,142336,7,6424399389
2569,115870320914,287019,115870607933,1,0,1,31232,1,9289154860
2570,115870891767,53491,115870945258,4,0,0,90624,4,3480167848
2571,115871080654,47284,115871127938,1,0,1,1536,1,6864001519
2572,115871125592,125368,115871250960,9,0,1,111616,9,5486039191
2573,115871155083,87980,115871243063,0,0,1,22528,0,4791973901
2574,115871189740,137001,115871326741,0,0,1,5632,0,5570372512
2575,115871315049,22858,115871337907,1,0,0,40960,1,7813071385
2576,115871432705,387358,115871820063,2,0,0,630784,2,9798132435
2577,115871463362,362193,115871825555,2,0,0,17920,2,4370440709
2578,115871488465,408666,115871897131,1,0,1,16896,1,5224374299
2579,115871584206,365309,115871949515,3,0,0,396800,3,3094960922
2580,115871714417,221711,115871936128,0,0,1,53248,0,4355378511
2581,115871759985,421636,115872181621,1,0,0,104960,1,6232187015
2582,115871924250,228717,115872152967,2,0,0,375296,2,7356193548
2583,115871999346,164758,115872164104,1,0,0,36864,1,3342013536
2584,115872069433,138216,115872207649,8,0,1,12288,8,1557163108
2585,115872082812,197099,115872279911,2,0,0,182272,2,7686758330
2586,115872175638,325016,115872500654,6,0,1,3072,6,1618470919
2587,115872313589,194269,115872507858,9,0,1,9216,9,1966814414
2588,115872678190,137592,115872815782,3,0,0,227840,3,8476832264
2589,115873016238,65896,115873082134,3,0,1,7168,3,2138133316
2590,115873100964,118571,115873219535,8,0,1,85504,8,4341299481
2591,115873102123,127917,115873230040,8,0,1,17920,8,6846206248
2592,115873168036,94739,115873262775,6,0,1,31232,6,8120227400
2593,115873170431,107497,115873277928,8,0,1,1024,8,6966010721
2594,115873196373,236424,115873432797,2,0,0,345088,2,6130110856
2595,115873202864,307184,115873510048,9,0,0,254976,9,3139925336
2596,115873602737,114398,115873717135,9,0,1,512,9,9109705980
2597,115873716185,103528,115873819713,1,0,1,39936,1,8182214381
2598,115873947891,94372,115874042263,3,0,1,19968,3,5956055605
2599,115873987515,107428,115874094943,6,0,1,52736,6,5524077489
2600,115874151178,78052,115874229230,0,0,1,11776,0,10106170105
2601,115874159037,165239,115874324276,0,0,1,95744,0,7231618209
2602,115874319507,62353,115874381860,9,0,1,5120,9,3055837846
2603,115874391045,95596,115874486641,1,0,1,18944,1,6876795806
2604,115874405857,103996,115874509853,1,0,1,41472,1,7498859746
2605,115874636410,99472,115874735882,0,0,1,26624,0,6883366581
2606,115874833187,76228,115874909415,6,0,1,15872,6,4382893803
2607,115874871136,84212,115874955348,9,0,0,137216,9,6232241294
2608,115874882993,306071,115875189064,9,0,0,447488,9,8209104558
2609,115874973957,333733,115875307690,9,0,1,57344,9,1280995678
2610,115875002168,305533,115875307701,1,0,0,328704,1,7473694014
2611,115875153631,175560,115875329191,1,0,0,120832,1,4568082471
2612,115875187612,127114,115875314726,8,0,1,20992,8,3788021486
2613,115875228306,313217,115875541523,4,0,0,92672,4,375951547
2614,115875350099,246124,115875596223,1,0,0,402432,1,7978972331
2615,115875445363,618147,115876063510,2,0,0,956928,2,757094352
2616,115875455298,665341,115876120639,3,0,0,191488,3,187401031
2617,115875615480,260120,115875875600,0,0,1,5632,0,8878360657
2618,115875823324,273669,115876096993,1,0,1,13824,1,3215962247
2619,115875873658,398166,115876271824,0,0,1,20992,0,4283520960
2620,115875937873,359425,115876297298,3,0,0,247296,3,3214344040
2621,115875943598,255809,115876199407,9,0,1,7680,9,7970943138
2622,115875977285,644566,115876621851,2,0,0,109568,2,4794264977
2623,115875981987,134062,115876116049,8,0,1,73216,8,5010244089
2624,115876128387,417265,115876545652,6,0,1,69632,6,5351184118
2625,115876224351,292092,115876516443,9,0,0,217600,9,6264474625
2626,115876418730,392199,115876810929,2,0,0,636928,2,4051139283
2627,115876550767,263213,115876813980,1,0,1,7680,1,255044358
2628,115876610882,267871,115876878753,1,0,1,12288,1,5741452644
2629,115876796511,178006,115876974517,2,0,0,378880,2,8101598922
2630,115876834039,234020,115877068059,0,0,1,7680,0,2491191129
2631,115876921869,114154,115877036023,2,0,0,17920,2,7912661668
2632,115877022842,134491,115877157333,4,0,0,221696,4,4247179418
2633,115877115489,1514,115877117003,0,0,1,60928,0,755024854
2634,115877180146,299068,115877479214,1,0,0,1536,1,1975897253
2635,115877545415,112108,115877657523,6,0,1,68096,6,10216133953
2636,115877579654,43624,115877623278,0,0,1,30720,0,8220795725
2637,115877584472,171271,115877755743,8,0,1,133120,8,5090257521
2638,115877587185,217621,115877804806,8,0,1,39936,8,8641721645
2639,115877629064,156808,115877785872,4,0,0,74752,4,9832471283
2640,115877681017,191708,115877872725,9,0,0,258560,9,4782024091
2641,115877691115,357120,115878048235,8,0,1,5632,8,2115344160
2642,115877710593,333532,115878044125,6,0,1,34304,6,4664848906
2643,115877749986,518451,115878268437,3,0,0,967168,3,3312620771
2644,115877760971,607671,115878368642,0,0,1,9728,0,4186445665
2645,115877788052,580117,115878368169,6,0,1,25600,6,10541435268
2646,115877790038,441864,115878231902,1,0,1,6656,1,1467917896
2647,115877994544,315212,115878309756,0,0,1,15360,0,2201311586
2648,115878079986,750888,115878830874,3,0,1,23552,3,786329227
2649,115878113401,436689,115878550090,6,0,1,9216,6,900344174
2650,115878143793,357587,115878501380,1,0,1,7680,1,3423836728
2651,115878241611,357602,115878599213,3,0,0,579584,3,6105150473
2652,115878243184,605392,115878848576,3,0,0,15872,3,644239654
2653,115878453378,293662,115878747040,9,0,1,48640,9,8120073666
2654,115878752004,6225,115878758229,0,0,1,61952,0,1439700734
2655,115878810428,169767,115878980195,9,0,0,15360,9,8928641084
2656,115879128238,408138,115879536376,3,0,0,1148928,3,897080598
2657,115879208011,287946,115879495957,3,0,0,69120,3,4038257624
2658,115879208412,406725,115879615137,0,0,1,5120,0,9743113315
2659,115879255363,709895,115879965258,2,0,0,51712,2,6268732252
2660,115879318722,651422,115879970144,3,0,0,123904,3,8711809347
2661,115879388349,620033,115880008382,1,0,0,415232,1,5638029313
2662,115879405214,592861,115879998075,0,0,1,46080,0,8350499290
2663,115879431592,464992,115879896584,8,0,1,6144,8,6741557313
2664,115879492902,408069,115879900971,3,0,1,512,3,2108829027
2665,115879512298,475991,115879988289,0,0,1,51712,0,8777627877
2666,115879568796,656449,115880225245,3,0,1,27136,3,3566141486
2667,115879593817,486039,115880079856,1,0,1,13824,1,3629470911
2668,115879607043,389400,115879996443,4,0,0,175104,4,7584802727
2669,115879715942,355912,115880071854,3,0,1,27136,3,8196666603
2670,115879749441,301014,115880050455,2,0,0,24576,2,8260167300
2671,115879804350,288851,115880093201,1,0,0,30720,1,1466884494
2672,115879821730,705393,115880527123,3,0,0,28160,3,9893097923
2673,115879852520,397932,115880250452,2,0,0,448512,2,30560094
2674,115879996452,277092,115880273544,8,0,1,34304,8,3479576212
2675,115880002654,295283,115880297937,1,0,1,11264,1,6906450445
2676,115880080559,163997,115880244556,8,0,1,107008,8,377491156
2677,115880139065,162702,115880301767,3,0,0,178176,3,239489758
2678,115880162172,13766,115880175938,2,0,0,71680,2,10657254379
2679,115880341640,115363,115880457003,9,0,0,26624,9,1149446360
2680,115880354507,75550,115880430057,1,0,0,187904,1,6442211883
2681,115880484231,61033,115880545264,3,0,0,126976,3,9638327356
2682,115880504547,584557,115881089104,2,0,0,27648,2,6350219077
2683,115880531906,195587,115880727493,2,0,0,317440,2,3696662587
2684,115880636691,333829,115880970520,3,0,0,494592,3,8181240656
2685,115880724253,99623,115880823876,3,0,1,59392,3,881803194
2686,115880725498,351746,115881077244,9,0,1,59904,9,2560007422
2687,115880762966,374867,115881137833,8,0,1,47104,8,2965054104
2688,115880887167,138252,115881025419,2,0,0,53248,2,545502271
2689,115880999592,178110,115881177702,2,0,0,210944,2,3797016957
2690,115881049868,126950,115881176818,4,0,0,245760,4,9103726199
2691,115881107117,48934,115881156051,1,0,1,46592,1,478958516
2692,115881173286,616797,115881790083,9,0,0,210432,9,3515183827
2693,115881194309,252953,115881447262,3,0,1,19968,3,2434535990
2694,115881260346,354352,115881614698,0,0,1,44544,0,1060128018
2695,115881262541,125488,115881388029,9,0,0,45568,9,8770668831
2696,115881312105,350778,115881662883,0,0,1,65536,0,4123052039
2697,115881490461,145901,115881636362,1,0,0,204288,1,6337452816
2698,115881543411,469335,115882012746,3,0,0,225792,3,8777548549
2699,115881558684,204511,115881763195,9,0,1,9216,9,2542328710
2700,115881609014,186408,115881795422,0,0,1,44544,0,9902981201
2701,115881628184,64333,115881692517,9,0,0,306176,9,10216723073
2702,115881755405,117061,115881872466,4,0,0,8192,4,6114057471
2703,115881799604,175854,115881975458,9,0,1,1024,9,5817233395
2704,115881809750,167716,115881977466,1,0,0,285696,1,8216522168
2705,115881828615,170445,115881999060,9,0,0,43008,9,798673230
2706,115881831480,498648,115882330128,9,0,0,26624,9,3894837415
2707,115881917110,10753,115881927863,8,0,1,79360,8,8598725512
2708,115882068133,281192,115882349325,9,0,1,13312,9,4754640113
2709,115882117845,210089,115882327934,4,0,0,17408,4,4945236785
2710,115882343632,104404,115882448036,1,0,1,1024,1,3318572028
2711,115882381636,177515,115882559151,1,0,1,34304,1,2621685171
2712,115882477421,114011,115882591432,3,0,1,46080,3,4526028517
2713,115882719905,146942,115882866847,9,0,0,242688,9,10088897559
2714,115882804768,113768,115882918536,2,0,0,173568,2,7223849762
2715,115882838756,276041,115883114797,1,0,1,99328,1,4806043961
2716,115883023195,492484,115883515679,9,0,0,802304,9,6952957998
2717,115883229550,307737,115883537287,3,0,0,70656,3,7767513660
2718,115883324119,436779,115883760898,4,0,0,707072,4,10485072737
2719,115883820149,389683,115884209832,1,0,0,635392,1,7506482686
2720,115883848003,386041,115884234044,1,0,1,11264,1,8816601963
2721,115884314305,53062,115884367367,1,0,0,86528,1,3428761218
2722,115884504077,31262,115884535339,9,0,0,50688,9,5748125836
2723,115884567570,105990,115884673560,8,0,1,47104,8,10495355211
2724,115884664661,19644,115884684305,1,0,0,17408,1,3048605658
2725,115884709894,35825,115884745719,1,0,0,62976,1,9778017798
2726,115884798390,42937,115884841327,9,0,1,33280,9,3277017708
2727,115884850508,120084,115884970592,1,0,0,70144,1,10145755683
2728,115885002195,46467,115885048662,2,0,0,80384,2,2635012722
2729,115885003660,55729,115885059389,2,0,0,34816,2,5560849227
2730,115885189156,145221,115885334377,9,0,0,236032,9,6400875102
2731,115885219747,185951,115885405698,9,0,1,1024,9,7694392791
2732,115885274789,74863,115885349652,0,0,1,67584,0,5247361747
2733,115885280994,194294,115885475288,6,0,1,6656,6,5567956966
2734,115885326980,42162,115885369142,1,0,1,21504,1,7493637703
2735,115885363557,202862,115885566419,1,0,0,122368,1,3858937589
2736,115885460286,287525,115885747811,1,0,0,68608,1,7551390621
2737,115885490945,222194,115885713139,6,0,1,134144,6,3889378393
2738,115885719537,104932,115885824469,7,0,1,44544,7,992981135
2739,115885732289,101252,115885833541,5,0,1,13824,5,7923202257
2740,115886241958,65896,115886307854,1,0,1,7168,1,1961737223
2741,115886250044,117792,115886367836,0,0,1,16384,0,5960245494
2742,115886540093,122092,115886662185,9,0,1,100864,9,9827781455
2743,115886554313,265429,115886819742,2,0,0,430080,2,5195179224
2744,115886599346,260330,115886859676,2,0,0,299520,2,1932357486
2745,115886601082,316669,115886917751,9,0,0,210432,9,8055081159
2746,115886636941,374801,115887011742,3,0,0,255488,3,10287885530
2747,115886655674,416296,115887071970,6,0,1,35328,6,4680432858
2748,115886952961,113852,115887066813,0,0,1,20992,0,9968085744
2749,115886965921,272068,115887237989,3,0,0,86016,3,278805462
2750,115887038095,192388,115887230483,7,0,1,22016,7,3171814335
2751,115887067517,238314,115887305831,7,0,1,13312,7,6222016616
2752,115887440380,309717,115887750097,3,0,0,506368,3,2537265843
2753,115887477222,93589,115887570811,0,0,1,36352,0,5263813339
2754,115887535246,417938,115887953184,1,0,1,7168,1,1467348004
2755,115887692900,182620,115887875520,2,0,0,116736,2,7149497835
2756,115887735080,423575,115888158655,3,0,0,295424,3,9596107854
2757,115888017680,145479,115888163159,7,0,1,76288,7,2162495254
2758,115888051453,270151,115888321604,9,0,1,85504,9,8367068770
2759,115888071944,358161,115888430105,1,0,0,236544,1,6612117362
2760,115888261623,148314,115888409937,3,0,1,1024,3,4853509102
2761,115888342051,135266,115888477317,1,0,0,223232,1,7386568369
2762,115888633386,84088,115888717474,0,0,1,21504,0,10073645540
2763,115888729074,45592,115888774666,7,0,1,1024,7,6369072804
2764,115888990332,69460,115889059792,9,0,1,13824,9,8751187856
2765,115889089695,57436,115889147131,8,0,1,4608,8,5372865927
2766,115889165798,103840,115889269638,9,0,1,40960,9,2708835845
2767,115889182460,88125,115889270585,3,0,1,3072,3,5918231072
2768,115889196759,137925,115889334684,3,0,1,16384,3,2276853275
2769,115889231081,142603,115889373684,1,0,1,13312,1,4911601699
2770,115889299849,91781,115889391630,6,0,1,512,6,4160337954
2771,115889567700,93304,115889661004,3,0,0,151552,3,8461539627
2772,115889711299,114846,115889826145,3,0,0,186880,3,7863550406
2773,115890064288,562,115890064850,3,0,0,512,3,4780306009
2774,115890098463,63616,115890162079,9,0,0,107008,9,3711888130
2775,115890282283,106492,115890388775,6,0,1,49664,6,822938231
2776,115890489496,101968,115890591464,9,0,1,34816,9,9535501333
2777,115890606698,107116,115890713814,9,0,1,51712,9,8856759653
2778,115890624011,436779,115891060790,2,0,0,707072,2,906840073
2779,115890696739,391099,115891087838,3,0,0,96768,3,1311841947
2780,115890761363,398593,115891159956,4,0,0,238592,4,7975386563
2781,115890854340,305209,115891159549,9,0,1,51712,9,4842080448
2782,115890857013,277231,115891134244,4,0,0,3584,4,4471247053
2783,115890941915,438260,115891380175,9,0,0,182272,9,2015945008
2784,115890980011,316032,115891296043,7,0,1,11264,7,9326935004
2785,115891015601,568404,115891584005,1,0,0,920064,1,2207641163
2786,115891128640,461062,115891589702,4,0,0,18944,4,6120698312
2787,115891365185,322812,115891687997,1,0,0,323072,1,5601652033
2788,115891376963,426937,115891803900,6,0,1,79872,6,103406476
2789,115891412779,161356,115891574135,3,0,1,42496,3,6303585663
2790,115891642555,172372,115891814927,9,0,0,248320,9,1226589627
2791,115891660571,126713,115891787284,4,0,0,120320,4,8386768147
2792,115891712541,41128,115891753669,1,0,0,30208,1,8130786258
2793,115891824956,529677,115892354633,0,0,1,42496,0,3723948672
2794,115891825828,134927,115891960755,3,0,0,66560,3,5633830515
2795,115891840013,301129,115892141142,9,0,1,13824,9,2251974497
2796,115892086292,186549,115892272841,7,0,1,26624,7,4066429629
2797,115892132767,141021,115892273788,0,0,1,3072,0,3069179751
2798,115892206772,269147,115892475919,8,0,1,38912,8,9799403373
2799,115892481588,265858,115892747446,9,0,0,434176,9,7181837520
2800,115892543384,236980,115892780364,9,0,0,154624,9,2630766907
2801,115892550334,251744,115892802078,0,0,1,19968,0,7452527980
2802,115892601595,241010,115892842605,4,0,0,161792,4,4746606511
2803,115892727670,54096,115892781766,6,0,1,27136,6,5898891854
2804,115892791336,255041,115893046377,0,0,1,78336,0,5145830206
2805,115892845821,425206,115893271027,0,0,1,97792,0,4764207444
2806,115892860812,92012,115892952824,1,0,0,88576,1,3653650627
2807,115892949775,435597,115893385372,9,0,1,31232,9,9764320253
2808,115893085655,341170,115893426825,3,0,0,148992,3,5368959138
2809,115893409404,74775,115893484179,2,0,0,125440,2,462101220
2810,115893418064,104900,115893522964,2,0,0,126464,2,131403561
2811,115893526317,113037,115893639354,4,0,0,183296,4,6118362063
2812,115893531068,129484,115893660552,3,0,0,76800,3,8779401532
2813,115893736104,104210,115893840314,0,0,1,34816,0,9683461124
2814,115893775948,256508,115894032456,1,0,0,419328,1,3630099485
2815,115893789419,261336,115894050755,0,0,1,23040,0,5918957277
2816,115893813669,33763,115893847432,3,0,0,138240,3,5614112087
2817,115893818309,333933,115894152242,1,0,1,92160,1,2727764495
2818,115894004382,402903,115894407285,6,0,1,99328,6,6968488678
2819,115894047348,161516,115894208864,9,0,0,20992,9,7655264194
2820,115894062078,319014,115894381092,6,0,1,3072,6,3966110774
2821,115894147036,96058,115894243094,9,0,1,14336,9,6879238526
2822,115894233417,308813,115894542230,1,0,0,160256,1,5038133060
2823,115894302526,198682,115894501208,0,0,1,2560,0,8637716249
2824,115894339423,195620,115894535043,7,0,1,7680,7,9955039861
2825,115894403895,214804,115894618699,2,0,0,348160,2,3423806832
2826,115894581797,128055,115894709852,9,0,1,51712,9,7639694742
2827,115894665312,245441,115894910753,7,0,1,6144,7,5692084481
2828,115894848715,15058,115894863773,6,0,1,6656,6,5191013145
2829,115894858332,56524,115894914856,9,0,0,29184,9,5262644150
2830,115894961696,277357,115895239053,2,0,0,1341952,2,9628252741
2831,115895025379,621806,115895647185,1,0,1,5120,1,3782756120
2832,115895196024,826092,115896022116,2,0,0,142848,2,1381116292
2833,115895317531,372833,115895690364,9,0,1,1024,9,2814243495
2834,115895421204,633596,115896054800,7,0,1,9728,7,9424620423
2835,115895522097,323383,115895845480,9,0,0,59392,9,8062325662
2836,115895524299,376607,115895900906,9,0,1,41472,9,1815622306
2837,115895620109,331619,115895951728,0,0,1,49152,0,3127841822
2838,115895661519,608387,115896269906,4,0,0,984576,4,3432678598
2839,115896287286,81628,115896368914,1,0,0,132096,1,5148918769
2840,115896295440,94672,115896390112,9,0,0,76800,9,7769317490
2841,115896335462,130586,115896466048,1,0,0,190464,1,3212636119
2842,115896355525,4370,115896359895,9,0,1,167424,9,8417193879
2843,115896477779,355619,115896833398,3,0,1,8192,3,4259290300
2844,115896513855,257454,115896771309,5,0,0,4608,5,3634526704
2845,115896637503,397829,115897035332,2,0,0,644608,2,1857215589
2846,115896929673,347019,115897276692,1,0,1,61952,1,8533361356
2847,115897643121,72020,115897715141,2,0,0,116736,2,2632594740
2848,115897707816,304378,115898012194,9,0,0,492544,9,431530441
2849,115897912554,266204,115898178758,3,0,0,431616,3,675982438
2850,115897973415,217197,115898190612,3,0,0,40448,3,73547958
2851,115898030698,395454,115898426152,5,0,0,603136,5,2777740546
2852,115898208935,418716,115898627651,4,0,0,630784,4,6864885995
2853,115898295399,368337,115898663736,9,0,0,123392,9,5404555312
2854,115898357089,364390,115898721479,5,0,0,194560,5,5795430978
2855,115898396246,367128,115898763374,7,0,1,24064,7,5620114440
2856,115898452726,272605,115898725331,7,0,1,107520,7,2529640505
2857,115898541422,85679,115898627101,1,0,0,295424,1,3001624820
2858,115898595064,311227,115898906291,8,0,1,11776,8,5788906981
2859,115898764423,648804,115899413227,1,0,1,17408,1,5273973236
2860,115898770488,408264,115899178752,1,0,0,136192,1,1343737373
2861,115899071052,66458,115899137510,8,0,1,11776,8,8887481530
2862,115899111986,23891,115899135877,3,0,0,112640,3,10516725726
2863,115899184791,254233,115899439024,5,0,0,43008,5,8028975657
2864,115899214095,183395,115899397490,3,0,0,296960,3,10627058197
2865,115899397481,6750,115899404231,7,0,1,123904,7,3930934231
2866,115899467027,12562,115899479589,3,0,0,7168,3,3048212262
2867,115899505134,296575,115899801709,1,0,0,20992,1,8622297123
2868,115899512625,181442,115899694067,3,0,0,279552,3,9030111897
2869,115899594606,150617,115899745223,9,0,0,1180672,9,1558347266
2870,115899764170,315342,115900079512,2,0,0,111616,2,6858605460
2871,115899835106,368645,115900203751,4,0,1,6656,4,2817897896
2872,115899887429,275996,115900163425,8,0,1,22016,8,6076267249
2873,115899950237,732880,115900683117,5,0,0,49152,5,6825443239
2874,115899982686,335745,115900318431,8,0,1,6144,8,3389764652
2875,115899992189,595190,115900587379,7,0,1,12288,7,3740286242
2876,115900019583,424574,115900444157,8,0,1,33792,8,571554017
2877,115900100897,366872,115900467769,5,0,0,305664,5,9206974431
2878,115900141064,553933,115900694997,8,0,1,96768,8,9707214842
2879,115900408175,315795,115900723970,5,0,0,511488,5,2895177244
2880,115900485742,259119,115900744861,3,0,0,67072,3,7065200648
2881,115900532803,238799,115900771602,5,0,0,87040,5,10504583710
2882,115900610711,193170,115900803881,8,0,1,12288,8,10509898823
2883,115900650698,465862,115901116560,5,0,0,753664,5,4565788219
2884,115900712569,414194,115901126763,8,0,1,5632,8,7955254691
2885,115900718841,464427,115901183268,9,0,0,54272,9,7644422764
2886,115900724355,311538,115901035893,3,0,0,673280,3,4166603805
2887,115900874278,336166,115901210444,8,0,1,19456,8,3114210684
2888,115900937945,619492,115901557437,4,0,1,30208,4,2524418075
2889,115900979810,401351,115901381161,4,0,0,121344,4,9277768151
2890,115900994167,398643,115901392810,9,0,0,39424,9,4644546003
2891,115900995404,578874,115901574278,7,0,1,26624,7,8267286075
2892,115901177247,635716,115901812963,3,0,0,1693184,3,4616805867
2893,115901268100,394768,115901662868,5,0,1,6144,5,10356422745
2894,115901540830,1040852,115902581682,5,0,0,288256,5,5396408802
2895,115901809734,392622,115902202356,3,0,0,383488,3,5988285921
2896,115901816668,761757,115902578425,4,0,1,19456,4,2442680650
2897,115901841257,613140,115902454397,2,0,0,48640,2,3602247386
2898,115901870972,356093,115902227065,8,0,1,3072,8,3504981564
2899,115901957145,593575,115902550720,1,0,0,406528,1,8668005037
2900,115902076500,311904,115902388404,5,0,1,14336,5,7661547502
2901,115902126002,606845,115902732847,6,0,1,8704,6,3348321861
2902,115902147713,542885,115902690598,4,0,0,406016,4,3040070542
2903,115902213410,486367,115902699777,4,0,0,33280,4,8909817477
2904,115902402504,319085,115902721589,9,0,0,79872,9,5841318803
2905,115902623517,134669,115902758186,3,0,0,117760,3,2271480750
2906,115902706638,344878,115903051516,6,0,1,35328,6,2049696224
2907,115902763229,483681,115903246910,5,0,0,558080,5,6845679789
2908,115902804563,303476,115903108039,1,0,1,88064,1,10030913157
2909,115902880178,342443,115903222621,9,0,0,368128,9,4768136371
2910,115902893228,147545,115903040773,5,0,1,512,5,7727500054
2911,115903024157,469156,115903493313,1,0,1,2048,1,4776920989
2912,115903070326,338301,115903408627,7,0,1,6656,7,2518558970
2913,115903086622,327548,115903414170,4,0,0,47104,4,4688067452
2914,115903090491,367816,115903458307,9,0,0,517120,9,5689450315
2915,115903098622,398151,115903496773,6,0,1,104960,6,6211752764
2916,115903104772,411665,115903516437,4,0,0,323584,4,7392029780
2917,115903275701,277435,115903553136,9,0,0,126464,9,2034296516
2918,115903293153,241212,115903534365,8,0,1,9216,8,3926089757
2919,115903318440,137888,115903456328,5,0,0,31232,5,8778876780
2920,115903335601,122359,115903457960,7,0,1,46592,7,10627172244
2921,115903364103,80823,115903444926,4,0,1,512,4,3911879758
2922,115903421855,266950,115903688805,5,0,1,26624,5,3893999925
2923,115903423147,311627,115903734774,2,0,0,14848,2,573095888
2924,115903458566,480081,115903938647,4,0,1,29696,4,3253053599
2925,115903465007,473686,115903938693,4,0,0,84992,4,4788793951
2926,115903518089,63358,115903581447,1,0,0,38912,1,4265577116
2927,115903553461,552170,115904105631,7,0,1,31744,7,296860206
2928,115903632907,402851,115904035758,1,0,1,17920,1,2057682770
2929,115903837528,451841,115904289369,5,0,0,106496,5,9083009695
2930,115903861893,72537,115903934430,9,0,1,64000,9,745062948
2931,115903990506,403847,115904394353,5,0,1,20480,5,10402759748
2932,115904167727,288086,115904455813,1,0,0,117760,1,474490479
2933,115904280671,111064,115904391735,4,0,1,18944,4,1582379060
2934,115904301795,88516,115904390311,0,0,1,2048,0,9154404070
2935,115904369847,177769,115904547616,8,0,1,15872,8,9667425816
2936,115904377092,400067,115904777159,1,0,0,652288,1,7324388063
2937,115904510312,308167,115904818479,4,0,0,132096,4,7440347394
2938,115904632863,192132,115904824995,9,0,0,31232,9,4233420734
2939,115904794183,62929,115904857112,1,0,1,8192,1,5650815707
2940,115904803155,178538,115904981693,5,0,0,102400,5,6256055228
2941,115904915228,130317,115905045545,6,0,1,26112,6,3450583570
2942,115904921137,217870,115905139007,6,0,1,26112,6,4498843721
2943,115905094635,80212,115905174847,1,0,1,13824,1,2838223546
2944,115905122310,57117,115905179427,0,0,1,39936,0,7321145721
2945,115905127595,99950,115905227545,9,0,1,9216,9,4105627320
2946,115905142783,154140,115905296923,0,0,1,4096,0,8280264716
2947,115905243752,118192,115905361944,1,0,1,88064,1,9608147065
2948,115905245683,218592,115905464275,1,0,0,358912,1,6057591930
2949,115905307833,227520,115905535353,5,0,1,12288,5,8371529765
2950,115905449896,150371,115905600267,8,0,1,2048,8,9123156537
2951,115905473748,135133,115905608881,7,0,1,69632,7,9086220857
2952,115905483423,230650,115905714073,1,0,1,15872,1,8781645947
2953,115905917870,91768,115906009638,0,0,1,21504,0,5249919106
2954,115905984957,99940,115906084897,6,0,1,28160,6,2587665777
2955,115906086799,111172,115906197971,9,0,1,65024,9,2266479129
2956,115906175467,96317,115906271784,9,0,0,160768,9,5788689445
2957,115906249533,91877,115906341410,6,0,1,1024,6,10455980440
2958,115906433696,113668,115906547364,7,0,1,73216,7,1999568343
2959,115906562773,84844,115906647617,5,0,1,18944,5,10526494403
2960,115906653706,105400,115906759106,5,0,1,46080,5,9751675530
2961,115906663120,163920,115906827040,4,0,0,265728,4,4698242679
2962,115906735452,136857,115906872309,6,0,1,27136,6,1387280330
2963,115906755693,167067,115906922760,4,0,0,265216,4,6361544355
2964,115906822067,223470,115907045537,5,0,1,22016,5,4767326337
2965,115906824815,168484,115906993299,1,0,1,51712,1,7595160495
2966,115906842031,286759,115907128790,7,0,1,27136,7,5936941703
2967,115906870910,64908,115906935818,1,0,1,46592,1,1432541257
2968,115906903258,349975,115907253233,1,0,1,120832,1,6515849128
2969,115906920877,71473,115906992350,2,0,0,278016,2,7059161361
2970,115907118118,515961,115907634079,2,0,0,109568,2,3525811986
2971,115907185691,562516,115907748207,4,0,0,110080,4,1521412953
2972,115907227277,420833,115907648110,5,0,0,686080,5,1269219580
2973,115907355806,222329,115907578135,9,0,1,66560,9,5085372032
2974,115907494503,417316,115907911819,8,0,1,12288,8,8473808319
2975,115907515926,323227,115907839153,6,0,1,44032,6,4733776396
2976,115907616582,245954,115907862536,5,0,1,8192,5,5312054846
2977,115907620460,238466,115907858926,2,0,0,398848,2,9961380484
2978,115907685179,456415,115908141594,9,0,0,183808,9,9695781438
2979,115907842621,262117,115908104738,7,0,1,3072,7,8800953390
2980,115907870798,172532,115908043330,1,0,1,16384,1,8703003953
2981,115907961046,267791,115908228837,4,0,1,64512,4,4083529611
2982,115908128600,69038,115908197638,9,0,1,44032,9,4302180377
2983,115908128671,124394,115908253065,4,0,1,5120,4,273898700
2984,115908131827,150400,115908282227,3,0,1,35840,3,2827342523
2985,115908279204,101620,115908380824,4,0,0,164352,4,10087869692
2986,115908314155,127970,115908442125,9,0,0,182784,9,4421890641
2987,115908315406,184264,115908499670,4,0,1,25088,4,8582658809
2988,115908437130,103840,115908540970,5,0,0,494080,5,7529332333
2989,115908559914,125320,115908685234,3,0,1,11264,3,10487639602
2990,115908615671,305154,115908920825,9,0,1,40960,9,5187040800
2991,115908616104,132017,115908748121,0,0,1,45056,0,6729670519
2992,115908616373,23374,115908639747,4,0,0,29184,4,9551675908
2993,115908793453,133029,115908926482,7,0,1,512,7,2952824834
2994,115908817261,126485,115908943746,2,0,0,41984,2,5743226492
2995,115908838403,232096,115909070499,9,0,0,215552,9,8810034115
2996,115908861831,479986,115909341817,5,0,0,64512,5,10549769561
2997,115908953709,209285,115909162994,9,0,0,610304,9,4786737221
2998,115909046261,378840,115909425101,4,0,0,143360,4,2027410105
2999,115909123253,326187,115909449440,5,0,1,32768,5,8299869806
3000,115909158611,258260,115909416871,5,0,0,417280,5,7998180706
3001,115909213287,345154,115909558441,5,0,1,20480,5,6223286446
3002,115909245494,26977,115909272471,0,0,1,5120,0,428800730
3003,115909311417,322596,115909634013,0,0,1,42496,0,950249306
3004,115909362723,278513,115909641236,3,0,1,56320,3,2775039195
3005,115909434372,292020,115909726392,1,0,1,15360,1,5167414225
3006,115909440128,436896,115909877024,3,0,1,7168,3,4218599601
3007,115909481388,624424,115910105812,4,0,0,20480,4,9967646609
3008,115909531825,458355,115909990180,3,0,1,247296,3,9472254639
3009,115909659589,343706,115910003295,5,0,1,43008,5,3742431721
3010,115909720669,191760,115909912429,4,0,1,6144,4,8544741298
3011,115909811546,284528,115910096074,4,0,0,181248,4,4898479115
3012,115909939793,21470,115909961263,1,0,1,1024,1,1426763828
3013,115909994489,109097,115910103586,2,0,0,17408,2,6265342663
3014,115909997949,282449,115910280398,9,0,1,14848,9,8543542973
3015,115910045909,329708,115910375617,1,0,0,538624,1,8806008783
3016,115910146128,265779,115910411907,9,0,0,124416,9,9228733128
3017,115910189470,251082,115910440552,9,0,1,19968,9,10531759733
3018,115910191789,316055,115910507844,1,0,1,5120,1,4815548856
3019,115910216230,326918,115910543148,1,0,1,10240,1,7520822633
3020,115910283925,268703,115910552628,4,0,1,1024,4,5962017924
3021,115910549500,101656,115910651156,8,0,1,33792,8,7302813979
3022,115910606784,96560,115910703344,9,0,1,11264,9,185733397
3023,115910623128,110533,115910733661,4,0,1,40960,4,2213604701
3024,115910723649,129444,115910853093,6,0,1,92160,6,4052052610
3025,115910771583,151698,115910923281,7,0,1,43008,7,3985542437
3026,115910787455,80393,115910867848,6,0,1,38400,6,5750558554
3027,115910857642,175894,115911033536,5,0,1,4608,5,945518277
3028,115910911064,119077,115911030141,5,0,1,18432,5,3862806955
3029,115911043959,97912,115911141871,1,0,1,21504,1,9700688185
3030,115911074916,76048,115911150964,7,0,1,10240,7,1722820362
3031,115911141501,98742,115911240243,1,0,1,23040,1,9149307800
3032,115911211712,55744,115911267456,7,0,1,4096,7,4603312739
3033,115911272562,54052,115911326614,0,0,1,3584,0,6036353259
3034,115911527159,107116,115911634275,8,0,1,51712,8,4938167418
3035,115911569349,65873,115911635222,6,0,1,3072,6,10086679789
3036,115911758102,112888,115911870990,0,0,1,70656,0,1895105210
3037,115911762106,113731,115911875837,4,0,1,15872,4,2397757519
3038,115911836289,43624,115911879913,9,0,0,74752,9,8664122053
3039,115911854577,105904,115911960481,9,0,1,23040,9,5681604003
3040,115911874102,181439,115912055541,4,0,1,41984,4,3103862389
3041,115912080823,110704,115912191527,4,0,1,63488,4,7818667284
3042,115912113758,95499,115912209257,1,0,1,4608,1,4256044782
3043,115912208060,115013,115912323073,6,0,1,73728,6,4707990743
3044,115912301420,112400,115912413820,1,0,0,303104,1,5259482367
3045,115912304298,206545,115912510843,1,0,0,119296,1,10205531917
3046,115912318455,240571,115912559026,9,0,1,53760,9,4447585291
3047,115912377932,167923,115912545855,4,0,0,1536,4,1743916481
3048,115912453429,90978,115912544407,1,0,0,199680,1,9132412923
3049,115912502797,154688,115912657485,1,0,1,4608,1,4712847213
3050,115912555482,90051,115912645533,2,0,0,130048,2,10621875982
3051,115912608817,247584,115912856401,1,0,1,2048,1,9979069712
3052,115912609905,252142,115912862047,1,0,1,59392,1,7895839833
3053,115912740064,33787,115912773851,6,0,1,27136,6,66949399
3054,115912782093,215239,115912997332,5,0,1,16896,5,2609558393
3055,115912845089,217725,115913062814,1,0,0,34816,1,8828433332
3056,115912930987,157253,115913088240,6,0,1,26624,6,5856934273
3057,115912987961,126097,115913114058,7,0,1,36864,7,8984625114
3058,115913124771,93821,115913218592,4,0,0,152576,4,801143627
3059,115913282050,23633,115913305683,5,0,0,42496,5,7916682994
3060,115913391711,49716,115913441427,8,0,1,3072,8,1416415006
3061,115913461304,562,115913461866,5,0,0,512,5,4429467453
3062,115913509300,54052,115913563352,5,0,1,3584,5,10566873339
3063,115913798606,206229,115914004835,9,0,0,334848,9,4411340085
3064,115913837990,167873,115914005863,6,0,1,9216,6,7774026925
3065,115913847792,38595,115913886387,4,0,0,43520,4,10454508579
3066,115913949515,211246,115914160761,4,0,1,2048,4,1109057272
3067,115913987900,100951,115914088851,2,0,0,43520,2,4595891285
3068,115914111176,54096,115914165272,1,0,0,88576,1,8658496178
3069,115914112722,73441,115914186163,4,0,0,75264,4,6566150602
3070,115914131602,176993,115914308595,6,0,1,21504,6,1929027801
3071,115914219676,266204,115914485880,2,0,0,431616,2,2485474387
3072,115914300385,235233,115914535618,0,0,1,91136,0,8559006906
3073,115914414757,97609,115914512366,7,0,1,7680,7,1965795647
3074,115914530822,11012,115914541834,3,0,1,12288,3,1735809913
3075,115914612209,344357,115914956566,1,0,0,163328,1,10406367307
3076,115914657116,262612,115914919728,0,0,1,38912,0,5009412884
3077,115914713975,52569,115914766544,1,0,0,17920,1,3210995400
3078,115914833131,245825,115915078956,4,0,1,3072,4,5703331124
3079,115914883411,87369,115914970780,7,0,1,17920,7,4985340933
3080,115914954218,24666,115914978884,5,0,1,38400,5,9437260442
3081,115915010092,114110,115915124202,5,0,0,44544,5,6031207796
3082,115915100017,385510,115915485527,2,0,0,712192,2,7992467407
3083,115915134102,439363,115915573465,6,0,1,3584,6,4794328212
3084,115915138529,580660,115915719189,5,0,0,573952,5,9924324677
3085,115915222374,553842,115915776216,1,0,0,190976,1,430954432
3086,115915332506,614584,115915947090,5,0,0,556032,5,10474797927
3087,115915370650,505102,115915875752,4,0,0,432640,4,469654984
3088,115915385932,711281,115916097213,2,0,0,49664,2,6581129357
3089,115915463941,711552,115916175493,6,0,1,15872,6,250688526
3090,115915595346,559267,115916154613,1,0,0,183296,1,7551468524
3091,115915758328,403186,115916161514,9,0,1,5120,9,6269809840
3092,115915809478,296648,115916106126,9,0,0,196096,9,9211927105
3093,115915875801,585434,115916461235,8,0,1,74240,8,617793544
3094,115915989229,442311,115916431540,8,0,1,7168,8,2038288009
3095,115915992045,629608,115916621653,1,0,0,717312,1,7983292518
3096,115916139073,449094,115916588167,8,0,1,5120,8,228570207
3097,115916436293,24150,115916460443,1,0,1,5120,1,2293142285
3098,115916592777,232265,115916825042,5,0,0,43520,5,9231071982
3099,115916784297,160226,115916944523,4,0,1,4096,4,5033903543
3100,115916986089,14541,115917000630,6,0,1,16896,6,742302208
3101,115917059433,96508,115917155941,9,0,0,28160,9,575564706
3102,115917131756,185204,115917316960,9,0,0,300544,9,5976032565
3103,115917297074,134888,115917431962,1,0,1,42496,1,3247567506
3104,115917326913,226650,115917553563,4,0,0,371200,4,9511511683
3105,115917398809,123268,115917522077,8,0,1,50176,8,5645019400
3106,115917548420,163467,115917711887,7,0,1,13312,7,9585178116
3107,115917550349,330306,115917880655,4,0,1,36352,4,10633440157
3108,115917631216,145450,115917776666,4,0,1,16896,4,3674294561
3109,115917720271,163141,115917883412,6,0,1,139264,6,1008603383
3110,115917738320,103537,115917841857,5,0,1,1536,5,4973052820
3111,115917779886,145582,115917925468,0,0,0,102400,0,3411133935
3112,115917833591,43446,115917877037,7,0,1,20992,7,7375114311
3113,115917835599,82396,115917917995,8,0,1,29696,8,9300948537
3114,115917840467,96058,115917936525,4,0,0,27136,4,9805868631
3115,115917891275,220299,115918111574,4,0,0,160256,4,4872365546
3116,115917967282,52029,115918019311,7,0,1,72192,7,1978092574
3117,115918027417,235698,115918263115,4,0,0,84480,4,5948066947
3118,115918141715,350734,115918492449,4,0,0,572928,4,1863066207
3119,115918230101,100647,115918330748,4,0,1,12800,4,3822959964
3120,115918352315,316500,115918668815,6,0,1,32256,6,10181037601
3121,115918392775,270007,115918662782,9,0,0,12800,9,2360524103
3122,115918625759,71503,115918697262,0,0,0,115712,0,7537811064
3123,115918671637,134735,115918806372,6,0,1,1024,6,9993948076
3124,115918715227,235571,115918950798,2,0,0,381952,2,5533260225
3125,115918755681,56592,115918812273,4,0,1,25088,4,8985075581
3126,115918943783,301958,115919245741,4,0,0,96768,4,9294604982
3127,115919065280,420727,115919486007,4,0,0,718336,4,2030393028
3128,115919072232,440825,115919513057,4,0,1,29184,4,7751525623
3129,115919467197,178079,115919645276,1,0,1,11264,1,1783389204
3130,115919561148,126950,115919688098,4,0,0,210432,4,324407449
3131,115919566033,267747,115919833780,2,0,0,342528,2,6744939864
3132,115919755974,99414,115919855388,2,0,0,70656,2,2775461312
3133,115919817699,262607,115920080306,8,0,1,18944,8,9624751527
3134,115920083961,33329,115920117290,4,0,0,54784,4,9039762917
3135,115920367537,106024,115920473561,8,0,1,48128,8,9969822161
3136,115920725733,1990,115920727723,1,0,0,2048,1,377350627
3137,115920831056,354144,115921185200,0,0,0,1716224,0,2678597845
3138,115920967702,319807,115921287509,1,0,1,28160,1,4284842773
3139,115921144972,652300,115921797272,7,0,1,7680,7,5328892253
3140,115921229926,328069,115921557995,0,0,0,261632,0,3685368067
3141,115921289821,1057675,115922347496,4,0,1,4096,4,5194599530
3142,115921390732,737388,115922128120,6,0,1,27648,6,10185610491
3143,115921565673,365490,115921931163,9,0,0,820736,9,10664521
3144,115921671580,658650,115922330230,1,0,0,204800,1,8138772019
3145,115921676591,614391,115922290982,6,0,1,2560,6,1983121117
3146,115921831438,569644,115922401082,6,0,1,27648,6,5727207368
3147,115921904617,289047,115922193664,4,0,0,977920,4,5758284729
3148,115922083270,248799,115922332069,7,0,1,1536,7,387510922
3149,115922196350,685283,115922881633,6,0,1,7168,6,6494368694
3150,115922272511,533168,115922805679,4,0,1,17920,4,2974207256
3151,115922316376,364213,115922680589,9,0,1,7168,9,6591073774
3152,115922334717,373908,115922708625,1,0,0,379904,1,3090674569
3153,115922420931,185380,115922606311,1,0,1,14336,1,9961579621
3154,115922431877,251331,115922683208,6,0,1,2048,6,1942842205
3155,115922503240,260040,115922763280,1,0,1,20992,1,6255429506
3156,115922503510,188237,115922691747,7,0,1,23552,7,9745086337
3157,115922531937,449857,115922981794,4,0,1,10752,4,8356899420
3158,115922577678,113611,115922691289,0,0,0,421376,0,3266756106
3159,115922670577,552451,115923223028,9,0,0,76288,9,8406229087
3160,115922791759,481587,115923273346,2,0,0,148992,2,7054730371
3161,115922855763,225874,115923081637,0,0,0,369664,0,9493620848
3162,115922865334,776309,115923641643,1,0,0,1094144,1,5661821965
3163,115922984216,605367,115923589583,1,0,1,47616,1,7942223606
3164,115923052239,157730,115923209969,9,0,0,59904,9,10478080465
3165,115923465657,695825,115924161482,7,0,1,24064,7,3534746704
3166,115923506187,162692,115923668879,9,0,0,30208,9,7766541803
3167,115923517360,419212,115923936572,0,0,0,30208,0,5437144016
3168,115923702524,91237,115923793761,9,0,1,69120,9,2138719641
3169,115923830882,182790,115924013672,9,0,0,147456,9,7779339923
3170,115923847898,491886,115924339784,0,0,0,251392,0,7968616579
3171,115924229660,122553,115924352213,7,0,1,7680,7,7011509042
3172,115924265605,561291,115924826896,0,0,0,912896,0,8147049047
3173,115924337345,650159,115924987504,4,0,0,523264,4,8635435172
3174,115924429829,605152,115925034981,2,0,0,161792,2,3196982313
3175,115924606495,224757,115924831252,8,0,1,41472,8,9401126208
3176,115924720561,224286,115924944847,9,0,1,32256,9,801595923
3177,115924749165,364240,115925113405,9,0,1,32256,9,1374410189
3178,115924845444,193873,115925039317,7,0,1,1536,7,4065393295
3179,115924878500,264362,115925142862,2,0,0,226304,2,4962142998
3180,115924934630,17496,115924952126,1,0,0,90112,1,5609811538
3181,115924951371,544436,115925495807,9,0,1,42496,9,8331773642
3182,115925198248,773167,115925971415,1,0,0,31744,1,8422503169
3183,115925324729,73483,115925398212,7,0,1,118784,7,4132673376
3184,115925357534,161014,115925518548,1,0,0,122880,1,1285455082
3185,115925460021,369164,115925829185,9,0,1,16896,9,9880654121
3186,115925475306,222966,115925698272,2,0,1,14336,2,4552967210
3187,115925701888,51136,115925753024,6,0,1,4096,6,1375582619
3188,115925762108,411484,115926173592,1,0,0,671232,1,2340833744
3189,115925904575,308664,115926213239,7,0,1,22016,7,1729787356
3190,115926005800,114747,115926120547,9,0,0,262144,9,1808575556
3191,115926049082,249972,115926299054,4,0,0,178688,4,3273323973
3192,115926109449,259403,115926368852,6,0,1,1024,6,665738887
3193,115926133934,151717,115926285651,0,0,1,6144,0,9516896940
3194,115926140216,236956,115926377172,8,0,1,37376,8,7522578571
3195,115926162874,152106,115926314980,1,0,0,29184,1,3448421950
3196,115926225545,270631,115926496176,1,0,1,1536,1,5458080969
3197,115926302491,104884,115926407375,1,0,1,19968,1,6213691102
3198,115926551940,139796,115926691736,2,0,1,48640,2,3899406578
3199,115926782214,271385,115927053599,0,0,0,538112,0,6761696266
3200,115926797699,329450,115927127149,0,0,1,512,0,3947581625
3201,115926836590,420386,115927256976,0,0,0,466432,0,2429141874
3202,115927165762,153783,115927319545,4,0,0,209408,4,2356472418
3203,115927240886,168484,115927409370,2,0,0,278016,2,698638034
3204,115927260744,147717,115927408461,1,0,1,16384,1,6277482620
3205,115927363964,344782,115927708746,9,0,0,244224,9,837499717
3206,115927368476,252488,115927620964,9,0,1,7680,9,3781811895
3207,115927595349,77359,115927672708,1,0,1,50688,1,6705004753
3208,115927634818,219945,115927854763,0,0,0,130560,0,3460475158
3209,115927702655,159539,115927862194,2,0,1,44544,2,6283805758
3210,115927813740,203735,115928017475,2,0,1,65024,2,10563595463
3211,115927979015,54613,115928033628,4,0,0,89600,4,3105517914
3212,115928014181,101503,115928115684,9,0,1,27648,9,8049579776
3213,115928128011,147717,115928275728,1,0,0,244224,1,7090948837
3214,115928162134,120212,115928282346,4,0,0,23552,4,4345954880
3215,115928172704,110001,115928282705,9,0,0,9728,9,8820503482
3216,115928178635,158441,115928337076,0,0,1,14848,0,840395868
3217,115928296282,24408,115928320690,8,0,1,12288,8,2197191068
3218,115928411130,15416,115928426546,0,0,0,44032,0,10114884997
3219,115928422068,155735,115928577803,9,0,0,3072,9,10533669685
3220,115928615493,113356,115928728849,0,0,1,72192,0,7684097149
3221,115928635146,102793,115928737939,9,0,1,5120,9,8485594552
3222,115928672264,167585,115928839849,9,0,1,111616,9,1457822065
3223,115928738657,101983,115928840640,2,0,1,2560,2,802705095
3224,115928804684,208725,115929013409,0,0,0,343040,0,2384136943
3225,115928810815,254692,115929065507,1,0,0,167424,1,3348215217
3226,115928962506,108103,115929070609,2,0,1,53760,2,3539487025
3227,115928968643,15575,115928984218,0,0,0,37376,0,7612559386
3228,115928984953,341765,115929326718,1,0,1,29696,1,1593868601
3229,115929097497,201190,115929298687,4,0,0,30208,4,10011375
3230,115929124464,74512,115929198976,9,0,1,70144,9,4492642706
3231,115929168443,168522,115929336965,2,0,1,8704,2,9540625514
3232,115929257627,442668,115929700295,9,0,1,10240,9,4757569597
3233,115929633708,4846,115929638554,9,0,0,5120,9,8381325979
3234,115929957059,72020,115930029079,0,0,0,116736,0,1366014523
3235,115930069266,116825,115930186091,4,0,0,194048,4,2509455571
3236,115930156165,31872,115930188037,9,0,0,3072,9,9792236370
3237,115930224320,10237,115930234557,9,0,0,16384,9,2198840827
3238,115930352185,149910,115930502095,1,0,1,59392,1,125857477
3239,115930565676,74512,115930640188,9,0,1,10240,9,10055782984
3240,115930596980,82106,115930679086,0,0,1,10752,0,2836400950
3241,115930652724,76384,115930729108,1,0,1,16384,1,4835732337
3242,115930808284,127396,115930935680,7,0,1,118272,7,3976203982
3243,115931203827,216354,115931420181,0,0,0,351232,0,8610999753
3244,115931388581,124995,115931513576,6,0,1,3072,6,3817963917
3245,115931393029,478483,115931871512,0,0,0,778240,0,3461545731
3246,115931490790,541433,115932032223,4,0,0,515584,4,5722451041
3247,115931635211,443773,115932078984,2,0,0,150016,2,8291832131
3248,115932071329,8001,115932079330,9,0,0,512,9,9939038034
3249,115932086597,26475,115932113072,0,0,0,48128,0,1479784263
3250,115932106257,10041,115932116298,9,0,0,5120,9,5917397100
3251,115932171394,63358,115932234752,1,0,0,106496,1,6031722641
3252,115932261796,135266,115932397062,1,0,0,223232,1,8831317185
3253,115932297135,340205,115932637340,1,0,0,498688,1,3660323271
3254,115932635267,10753,115932646020,2,0,0,17408,2,3017755465
3255,115932643580,12991,115932656571,0,0,0,25088,0,10571504464
3256,115932689388,43196,115932732584,1,0,0,70656,1,5293909325
3257,115932691982,56872,115932748854,1,0,0,53248,1,6542935824
3258,115932958163,77740,115933035903,9,0,1,10752,9,10270470908
3259,115932974928,88410,115933063338,7,0,1,10240,7,9284398431
3260,115933122993,85927,115933208920,0,0,1,19456,0,9473076332
3261,115933164586,116911,115933281497,7,0,1,32768,7,4917144908
3262,115933311463,2466,115933313929,9,0,0,2560,9,1340291405
3263,115933344037,72020,115933416057,0,0,0,116736,0,1282748378
3264,115933655069,23979,115933679048,4,0,0,39936,4,7521000329
3265,115933700724,1038,115933701762,0,0,0,1024,0,7785320040
3266,115933730192,5192,115933735384,1,0,0,13312,1,9673915319
3267,115933768000,3894,115933771894,9,0,0,4096,9,738983725
3268,115933770759,135613,115933906372,1,0,0,220672,1,58092320
3269,115933813807,136221,115933950028,7,0,1,6144,7,6098651372
3270,115933946511,224160,115934170671,0,0,1,67072,0,9038888118
3271,115933974284,185206,115934159490,2,0,0,486400,2,4249622525
3272,115933999745,305833,115934305578,4,0,0,332800,4,2499872644
3273,115934094900,376058,115934470958,3,0,1,30720,3,9080851862
3274,115934152605,15317,115934167922,9,0,1,4608,9,10721982653
3275,115934175253,308704,115934483957,0,0,1,71168,0,7097731548
3276,115934406632,74087,115934480719,4,0,0,29696,4,4865897636
3277,115934543894,486026,115935029920,2,0,0,120832,2,6003222497
3278,115934655349,140514,115934795863,7,0,1,33792,7,3804356556
3279,115934796596,1038,115934797634,0,0,0,1024,0,3556910963
3280,115934810399,58060,115934868459,1,0,1,6656,1,6505867156
3281,115934961409,46467,115935007876,1,0,0,80384,1,2126688216
3282,115935082686,99160,115935181846,9,0,1,25600,9,5699920536
3283,115935202678,3894,115935206572,9,0,0,4096,9,6299266793
3284,115935273839,2466,115935276305,9,0,0,2560,9,3333730106
3285,115935654069,1514,115935655583,0,0,0,1536,0,10016520381
3286,115935743559,24925,115935768484,9,0,1,40448,9,6625557163
3287,115935804044,119639,115935923683,1,0,0,45056,1,3464800116
3288,115936027992,56992,115936084984,0,0,1,8192,0,3102317015
3289,115936147052,2942,115936149994,9,0,0,3072,9,6284273813
3290,115936184398,3418,115936187816,9,0,0,3584,9,6300557984
3291,115936272125,47284,115936319409,0,0,1,1536,0,2031444828
3292,115936357112,112003,115936469115,2,0,0,181248,2,4132049283
3293,115936375860,95521,115936471381,9,0,0,3584,9,6339889260
3294,115936469838,145216,115936615054,1,0,1,40448,1,9978298748
3295,115936552839,132208,115936685047,7,0,1,32768,7,9274275560
3296,115936657166,308425,115936965591,4,0,0,503808,4,3805819582
3297,115936740077,293626,115937033703,4,0,0,227840,4,5929904911
3298,115936767814,9724,115936777538,7,0,1,36352,7,3232858737
3299,115936854379,313264,115937167643,9,0,1,22016,9,10244360669
3300,115936911678,233418,115937145096,7,0,1,20480,7,4777913874
3301,115937024965,239847,115937264812,9,0,0,1536,9,3817822731
3302,115937053181,1990,115937055171,7,0,1,39936,7,9594719996
3303,115937215678,223247,115937438925,9,0,0,2048,9,2587957995
3304,115937481884,54096,115937535980,2,0,0,88576,2,4098622496
3305,115937510330,130138,115937640468,1,0,0,331264,1,1689386637
3306,115937552933,204420,115937757353,7,0,1,11264,7,392093755
3307,115937638203,169980,115937808183,1,0,1,23040,1,9181835760
3308,115937825007,61637,115937886644,9,0,1,2048,9,8112771492
3309,115937872842,198598,115938071440,1,0,0,99840,1,1148557996
3310,115937897440,147873,115938045313,1,0,1,12800,1,3323113750
3311,115938305121,4416,115938309537,9,0,0,11776,9,2208444839
3312,115938371467,4846,115938376313,9,0,0,5120,9,4438784529
3313,115938755792,104721,115938860513,2,0,0,170496,2,9954560618
3314,115939265966,1514,115939267480,9,0,0,1536,9,510530365
3315,115939275206,100096,115939375302,0,0,1,28672,0,7899044220
3316,115939333753,41560,115939375313,2,0,0,57344,2,7890631693
3317,115939554768,55744,115939610512,9,0,1,4096,9,10587479368
3318,115939556850,93304,115939650154,2,0,0,151552,2,6691986408
3319,115939622822,244691,115939867513,4,0,0,507904,4,3075533173
3320,115939652361,313987,115939966348,0,0,0,2048,0,10355287287
3321,115939662565,285754,115939948319,5,0,1,2560,5,2641730802
3322,115939741321,139237,115939880558,5,0,1,100352,5,1267257310
3323,115939799864,314706,115940114570,0,0,0,1536,0,3109183849
3324,115940037894,45592,115940083486,0,0,1,54272,0,4023942103
3325,115940088091,161687,115940249778,3,0,1,1024,3,1362176424
3326,115940097487,250716,115940348203,3,0,1,33280,3,690112505
3327,115940162791,161591,115940324382,9,0,1,3072,9,6975066094
3328,115940287582,1038,115940288620,1,0,1,33280,1,9626509520
3329,115940393501,169405,115940562906,0,0,0,1024,0,2535533462
3330,115940453675,74456,115940528131,3,0,1,14336,3,2408024211
3331,115940549374,89788,115940639162,5,0,1,25088,5,6690909894
3332,115940732742,102436,115940835178,6,0,1,36352,6,9471666042
3333,115940750617,88713,115940839330,3,0,1,4608,3,7949238400
3334,115940803500,123232,115940926732,3,0,1,63488,3,3118526588
3335,115940816065,142623,115940958688,9,0,1,83456,9,434707153
3336,115940861122,175764,115941036886,5,0,1,112128,5,9680374825
3337,115941109921,92368,115941202289,5,0,1,18432,5,6266129046
3338,115941113396,154054,115941267450,1,0,0,249856,1,3139176744
3339,115941198380,115626,115941314006,1,0,0,148992,1,8539867403
3340,115941217893,218753,115941436646,9,0,1,9216,9,4941496014
3341,115941549555,81370,115941630925,2,0,0,131584,2,10062057917
3342,115941553718,15317,115941569035,0,0,1,31744,0,5167286073
3343,115941704612,275730,115941980342,4,0,0,29696,4,8965162389
3344,115941804731,109456,115941914187,3,0,1,30720,3,7736983011
3345,115941807485,172936,115941980421,1,0,1,59392,1,2838125288
3346,115941992237,78052,115942070289,0,0,1,11776,0,1713218667
3347,115942009899,82145,115942092044,2,0,0,133120,2,10036125541
3348,115942195118,96144,115942291262,5,0,1,8704,5,5468233405
3349,115942420441,6484,115942426925,0,0,1,44032,0,3490292138
3350,115942455253,104776,115942560029,9,0,0,15872,9,8408183630
3351,115942508451,106024,115942614475,5,0,1,48128,5,7812088039
3352,115942532887,235999,115942768886,2,0,0,386048,2,9002115404
3353,115942894648,128686,115943023334,1,0,1,108032,1,3778434725
3354,115943054315,186150,115943240465,4,0,0,305664,4,9302093461
3355,115943129965,167322,115943297287,5,0,0,181760,5,10032792277
3356,115943395693,128703,115943524396,1,0,0,236032,1,2472783368
3357,115943410419,145221,115943555640,1,0,1,15360,1,860135794
3358,115943452486,209492,115943661978,4,0,0,314880,4,4240065583
3359,115943496345,304885,115943801230,2,0,0,389120,2,10332556612
3360,115943609008,214545,115943823553,7,0,1,21504,7,9282090746
3361,115943746555,210002,115943956557,4,0,0,347648,4,8530971479
3362,115943797347,289041,115944086388,8,0,0,155648,8,2826826425
3363,115943811061,272339,115944083400,2,0,0,304640,2,7097610041
3364,115943828941,555995,115944384936,1,0,0,13824,1,9334562936
3365,115943854491,361082,115944215573,1,0,1,65536,1,8517397111
3366,115944142014,243298,115944385312,9,0,1,28672,9,99635746
3367,115944189498,239728,115944429226,9,0,1,44544,9,8948504962
3368,115944193196,332724,115944525920,7,0,1,7680,7,7179774914
3369,115944226263,298823,115944525086,3,0,1,15360,3,3095024539
3370,115944425367,97609,115944522976,1,0,0,163328,1,9784318041
3371,115944469263,166826,115944636089,3,0,1,34816,3,79459069
3372,115944484700,151400,115944636100,4,0,0,228864,4,6141113566
3373,115944545439,259846,115944805285,1,0,0,404480,1,533748700
3374,115944621725,189871,115944811596,2,0,0,30208,2,7003937334
3375,115944669819,178681,115944848500,8,0,0,119296,8,8325307429
3376,115944835954,152980,115944988934,7,0,1,14848,7,10113659731
3377,115945080247,97132,115945177379,9,0,1,18944,9,7479263997
3378,115945082546,165729,115945248275,8,0,0,269312,8,5947579172
3379,115945195251,125916,115945321167,5,0,0,208384,5,341979579
3380,115945206101,70690,115945276791,9,0,1,20992,9,3671254616
3381,115945253383,209211,115945462594,9,0,0,4608,9,377096580
3382,115945398746,242560,115945641306,3,0,1,55296,3,9761288779
3383,115945500175,236516,115945736691,8,0,0,387072,8,8556360583
3384,115945668156,300782,115945968938,3,0,1,35840,3,5668018931
3385,115945885314,243370,115946128684,4,0,0,393728,4,1034648599
3386,115945899028,291989,115946191017,9,0,1,44032,9,107973821
3387,115945921766,331010,115946252776,4,0,0,404992,4,8517025806
3388,115946030776,252850,115946283626,5,0,0,98304,5,5469758292
3389,115946060986,243838,115946304824,2,0,0,76800,2,5132971623
3390,115946108544,12045,115946120589,0,0,1,13312,0,512742796
3391,115946254096,301051,115946555147,9,0,1,7680,9,443713679
3392,115946294513,53233,115946347746,9,0,1,10752,9,6802436392
3393,115946305294,181004,115946486298,9,0,1,33792,9,9442456154
3394,115946334912,287925,115946622837,9,0,0,19968,9,2620612399
3395,115946378625,265895,115946644520,8,0,0,90112,8,9500198799
3396,115946505409,77687,115946583096,5,0,1,3072,5,7656407145
3397,115946545289,41645,115946586934,5,0,1,7168,5,2484818641
3398,115946595393,235119,115946830512,2,0,0,67584,2,5983966265
3399,115946846120,103684,115946949804,0,0,1,40448,0,7569874021
3400,115947241710,3418,115947245128,9,0,1,47616,9,8920421592
3401,115947274689,105868,115947380557,0,0,1,47104,0,2357895085
3402,115947297290,143731,115947441021,9,0,0,3584,9,2433470807
3403,115947356234,168937,115947525171,7,0,1,26624,7,7298748196
3404,115947437734,101795,115947539529,9,0,1,2048,9,9420484699
3405,115947518540,62367,115947580907,1,0,1,4096,1,8738869984
3406,115947520673,90190,115947610863,1,0,0,143360,1,5943600868
3407,115947648714,60820,115947709534,3,0,1,11264,3,7004995372
3408,115947685231,174004,115947859235,5,0,1,5632,5,7473995153
3409,115947744670,137964,115947882634,3,0,1,46592,3,2528465388
3410,115947807965,41128,115947849093,5,0,1,65536,5,7159090851
3411,115947854442,145637,115948000079,6,0,1,32256,6,10088265128
3412,115947860239,138172,115947998411,1,0,0,66560,1,5912678229
3413,115947986607,230928,115948217535,1,0,0,364544,1,919141329
3414,115948015740,202781,115948218521,9,0,0,1536,9,2903212535
3415,115948166490,53619,115948220109,2,0,0,15872,2,2167731557
3416,115948436483,110236,115948546719,6,0,1,61952,6,6130467955
3417,115948467929,62172,115948530101,7,0,1,1024,7,10124961080
3418,115948484558,116704,115948601262,8,0,0,82944,8,5771916203
3419,115948651542,66076,115948717618,0,0,1,12800,0,3972559411
3420,115948679359,187183,115948866542,2,0,0,307712,2,1632858967
3421,115948810787,186150,115948996937,2,0,0,305664,2,6370702128
3422,115948969654,193945,115949163599,6,0,1,44544,6,756482558
3423,115949138741,264654,115949403395,4,0,0,428544,4,6877539572
3424,115949161373,272799,115949434172,8,0,0,367104,8,8666737377
3425,115949196960,270897,115949467857,1,0,1,11776,1,2993199048
3426,115949252314,361849,115949614163,3,0,1,45568,3,5243125700
3427,115949291034,263267,115949554301,1,0,0,125952,1,4706092187
3428,115949381602,85543,115949467145,7,0,1,41984,7,4494568815
3429,115949472624,221305,115949693929,9,0,0,6144,9,3742292096
3430,115949655052,2942,115949657994,6,0,1,106496,6,4024029624
3431,115949694308,214837,115949909145,9,0,0,3072,9,491700898
3432,115949816815,124258,115949941073,9,0,1,40448,9,5969774315
3433,115949872452,238067,115950110519,2,0,0,390144,2,166693009
3434,115949893814,261085,115950154899,5,0,1,1536,5,9118808215
3435,115950061160,235703,115950296863,9,0,1,8192,9,1616784856
3436,115950453035,92992,115950546027,9,0,1,20480,9,8931923473
3437,115950539306,105925,115950645231,1,0,0,176128,1,2670801408
3438,115950563097,243959,115950807056,2,0,0,346624,2,522752472
3439,115950798241,286439,115951084680,5,0,1,37888,5,8820025766
3440,115950877609,251011,115951128620,1,0,1,90112,1,5352161343
3441,115951035440,286252,115951321692,1,0,0,586240,1,7030231055
3442,115951093347,359308,115951452655,4,0,1,47104,4,8553515343
3443,115951108478,46725,115951155203,6,0,1,33792,6,2751739089
3444,115951114448,345788,115951460236,1,0,1,14848,1,3879578484
3445,115951152263,373955,115951526218,9,0,1,26112,9,7222816615
3446,115951243560,384116,115951627676,7,0,1,49152,7,6362973429
3447,115951375659,337961,115951713620,8,0,0,80896,8,8776620526
3448,115951490811,136095,115951626906,9,0,1,20480,9,8800648113
3449,115951659751,5322,115951665073,6,0,1,284672,6,7769920440
3450,115951761484,6274,115951767758,9,0,0,5632,9,4574205291
3451,115951902133,335813,115952237946,9,0,0,6656,9,6424494328
3452,115952089767,73312,115952163079,5,0,0,119296,5,4158390317
3453,115952329025,100252,115952429277,5,0,1,29184,5,5687843434
3454,115952398541,163662,115952562203,2,0,0,265216,2,6446864677
3455,115952571596,89453,115952661049,0,0,1,5632,0,6450896813
3456,115952778131,58060,115952836191,7,0,1,6656,7,9249403251
3457,115952913756,152503,115953066259,4,0,0,246784,4,6543232832
3458,115952926056,202465,115953128521,2,0,0,207872,2,5087520282
3459,115952968499,86906,115953055405,7,0,1,60416,7,1325582720
3460,115953019486,141251,115953160737,9,0,1,18432,9,808556604
3461,115953048603,279738,115953328341,2,0,1,6656,2,4135076606
3462,115953049809,201681,115953251490,1,0,1,2048,1,10280721650
3463,115953052752,20228,115953072980,8,0,0,36864,8,2439179524
3464,115953234861,6767,115953241628,9,0,0,5120,9,10178024275
3465,115953249948,300510,115953550458,1,0,0,2560,1,6689693903
3466,115953270038,224371,115953494409,4,0,0,1007616,4,1180777693
3467,115953336238,406978,115953743216,1,0,0,236544,1,2525858650
3468,115953387025,620233,115954007258,2,0,0,105984,2,8922514414
3469,115953392535,627380,115954019915,8,0,0,73216,8,1673702775
3470,115953417676,608979,115954026655,7,0,1,22016,7,4183412800
3471,115953519761,625589,115954145350,5,0,1,19456,5,10111369985
3472,115953538927,547206,115954086133,8,0,0,219136,8,4026953905
3473,115953689182,403160,115954092342,1,0,0,29696,1,7803607651
3474,115953705831,428446,115954134277,1,0,0,143360,1,6428663176
3475,115953746132,423762,115954169894,9,0,1,3584,9,10132225391
3476,115953792177,330293,115954122470,6,0,1,296960,6,3014687130
3477,115953852932,32812,115953885744,9,0,1,19456,9,9996119230
3478,115953962548,562423,115954524971,1,0,1,9728,1,9193415447
3479,115954123783,402306,115954526089,6,0,1,202752,6,1244813581
3480,115954145662,146942,115954292604,3,0,1,48640,3,7386193302
3481,115954160410,81447,115954241857,2,0,0,53760,2,8544427750
3482,115954233763,179244,115954413007,8,0,0,242688,8,9469842968
3483,115954283126,387760,115954670886,5,0,1,17408,5,6535923024
3484,115954304852,217784,115954522636,9,0,0,18432,9,8215194711
3485,115954305397,66894,115954372291,5,0,0,205312,5,10136807562
3486,115954324293,486076,115954810369,8,0,0,193024,8,1864949101
3487,115954475849,411950,115954887799,9,0,0,1024,9,7168040750
3488,115954503511,191732,115954695243,3,0,1,512,3,6200478124
3489,115954539827,318033,115954857860,4,0,0,519168,4,4727440792
3490,115954615943,247102,115954863045,8,0,0,24576,8,7761494380
3491,115954943228,161667,115955104895,9,0,1,28160,9,9076141827
3492,115954963783,242807,115955206590,6,0,1,70656,6,3334989075
3493,115955015777,141162,115955156939,3,0,1,24576,3,9155796018
3494,115955097290,300438,115955397728,5,0,1,15360,5,3747619374
3495,115955101520,192903,115955294423,5,0,1,22528,5,8853094803
3496,115955277803,34275,115955312078,0,0,1,12288,0,361283042
3497,115955284532,82816,115955367348,5,0,0,59904,5,3088344970
3498,115955289038,206565,115955495603,2,0,0,311808,2,8119519233
3499,115955299140,197539,115955496679,5,0,0,13312,5,1105781117
3500,115955402032,127875,115955529907,0,0,1,20992,0,5579783438
3501,115955461190,145479,115955606669,7,0,1,91136,7,2817369765
3502,115955582407,159128,115955741535,4,0,0,236544,4,6738706465
3503,115955593432,4933,115955598365,6,0,1,851456,6,374643058
3504,115955596011,224905,115955820916,9,0,0,97792,9,8166685203
3505,115955628759,481406,115956110165,9,0,1,26112,9,9534389084
3506,115955671067,167909,115955838976,5,0,1,42496,5,3053683305
3507,115955785246,72537,115955857783,8,0,0,12800,8,7428660184
3508,115955916799,866370,115956783169,2,0,0,229888,2,9292922909
3509,115955964527,507454,115956471981,7,0,1,39936,7,5873928886
3510,115956123936,813889,115956937825,2,0,0,117760,2,2676798255
3511,115956132155,352812,115956484967,8,0,0,448512,8,3745318369
3512,115956223302,477368,115956700670,6,0,1,205312,6,6405091863
3513,115956264866,356717,115956621583,2,0,0,420864,2,5966379760
3514,115956452400,326279,115956778679,4,0,0,221696,4,5063518872
3515,115956498493,728951,115957227444,8,0,0,58368,8,8775434728
3516,115956509726,456477,115956966203,3,0,1,28160,3,2342206439
3517,115956654497,278244,115956932741,0,0,1,4096,0,1574107685
3518,115956687970,124227,115956812197,8,0,0,432640,8,431083274
3519,115956930413,414803,115957345216,1,0,0,165888,1,1306720412
3520,115956992945,403701,115957396646,0,0,1,72192,0,8529435886
3521,115957291265,123420,115957414685,9,0,0,200192,9,7641377999
3522,115957447024,287773,115957734797,3,0,1,56832,3,7638361592
3523,115957470238,264570,115957734808,2,0,0,415744,2,827759240
3524,115957543514,23374,115957566888,9,0,1,70656,9,406019462
3525,115957804805,319387,115958124192,1,0,0,41984,1,1338739994
3526,115957944579,64391,115958008970,0,0,1,29184,0,8848521448
3527,115957964852,110346,115958075198,8,0,0,108544,8,1080178759
3528,115958096779,52360,115958149139,7,0,1,3072,7,4578068651
3529,115958244057,354487,115958598544,5,0,0,573440,5,2222844920
3530,115958272927,336599,115958609526,7,0,1,33280,7,5694168069
3531,115958283757,307230,115958590987,9,0,0,71680,9,5196536002
3532,115958349928,426123,115958776051,8,0,0,126976,8,7073875313
3533,115958445262,278946,115958724208,6,0,1,17920,6,385149306
3534,115958449173,276302,115958725475,1,0,0,220672,1,10420825456
3535,115958569693,159377,115958729070,3,0,1,13312,3,2720742929
3536,115958593351,324671,115958918022,5,0,0,97792,5,5494742265
3537,115958634097,190133,115958824230,9,0,1,17408,9,2195819196
3538,115958775409,104116,115958879525,9,0,1,18944,9,3922000381
3539,115958876361,108881,115958985242,1,0,0,172544,1,9723498267
3540,115958877478,376167,115959253645,9,0,1,5632,9,4245015537
3541,115958882118,223602,115959105720,9,0,0,41984,9,8944429335
3542,115959007823,72020,115959079843,0,0,1,104960,0,1456358046
3543,115959106740,287036,115959393776,2,0,0,116736,2,7719813064
3544,115959186780,13249,115959200029,6,0,1,576512,6,10513333068
3545,115959390227,649434,115960039661,6,0,1,1038848,6,6851009804
3546,115959400424,437748,115959838172,8,0,0,25600,8,5589816785
3547,115959403469,53321,115959456790,1,0,1,16384,1,6527515163
3548,115959484098,440166,115959924264,6,0,1,603648,6,7595672665
3549,115959546995,1066771,115960613766,9,0,1,29184,9,5268021206
3550,115959653551,1156867,115960810418,5,0,1,512,5,10507791115
3551,115959890774,1102881,115960993655,9,0,0,87040,9,8752245156
3552,115959994501,655434,115960649935,4,0,0,919552,4,6687360612
3553,115960060266,705776,115960766042,0,0,1,2560,0,8919183490
3554,115960120134,482628,115960602762,1,0,0,289280,1,1249433408
3555,115960160072,725586,115960885658,4,0,0,151552,4,4798373128
3556,115960206635,826199,115961032834,9,0,0,300032,9,10243040436
3557,115960312781,762512,115961075293,5,0,1,68608,5,10166954537
3558,115960342776,683245,115961026021,1,0,1,21504,1,7925985893
3559,115960403019,669379,115961072398,9,0,1,53248,9,9281398585
3560,115960479671,154831,115960634502,1,0,1,9216,1,1388710833
3561,115960686799,133021,115960819820,7,0,1,61440,7,8482321193
3562,115960715290,35825,115960751115,5,0,1,4096,5,6542898059
3563,115960881506,168541,115961050047,9,0,0,223232,9,6678851954
3564,115960908057,678994,115961587051,7,0,1,68096,7,4866185807
3565,115960935190,454504,115961389694,8,0,0,103424,8,8454931925
3566,115960947705,654027,115961601732,0,0,1,15360,0,641047304
3567,115961062569,453528,115961516097,8,0,0,62976,8,576702125
3568,115961259151,86955,115961346106,9,0,1,9728,9,4368204373
3569,115961345867,200924,115961546791,2,0,0,115200,2,296126604
3570,115961408776,116691,115961525467,1,0,1,70144,1,5366167767
3571,115961419097,132612,115961551709,5,0,1,8192,5,5696187631
3572,115961515991,340939,115961856930,1,0,1,43008,1,10017268004
3573,115961546286,244094,115961790380,7,0,1,105984,7,1108297813
3574,115961798321,136300,115961934621,9,0,0,225280,9,10029745958
3575,115961893536,41853,115961935389,8,0,0,11776,8,2237003809
3576,115961922192,116050,115962038242,0,0,1,3072,0,1043809452
3577,115961935977,168496,115962104473,8,0,0,192512,8,7008184166
3578,115962032084,152245,115962184329,1,0,0,246272,1,327163400
3579,115962303170,116567,115962419737,2,0,0,193536,2,9590853161
3580,115962396744,177058,115962573802,1,0,0,291328,1,1681570691
3581,115962423288,156211,115962579499,9,0,0,18944,9,9570713760
3582,115962446920,297929,115962744849,1,0,0,410112,1,4140650004
3583,115962549254,262376,115962811630,5,0,0,212992,5,8050587495
3584,115962578640,272677,115962851317,9,0,1,16384,9,9824134572
3585,115962611583,259035,115962870618,4,0,0,241152,4,5397803128
3586,115962620572,399091,115963019663,8,0,0,353792,8,9067562138
3587,115962628858,371840,115963000698,7,0,1,3072,7,2130195050
3588,115962703021,295190,115962998211,5,0,0,19456,5,3922899325
3589,115962760501,392563,115963153064,2,0,0,460288,2,3661253038
3590,115962961912,236425,115963198337,7,0,1,48128,7,1836202235
3591,115962963415,299618,115963263033,7,0,1,9216,7,940347435
3592,115962972865,387817,115963360682,0,0,1,512,0,9771873458
3593,115962994198,389133,115963383331,8,0,0,248320,8,10161523242
3594,115963029458,434135,115963463593,1,0,0,617472,1,1081686289
3595,115963200513,324728,115963525241,1,0,0,196608,1,1019009637
3596,115963208700,358783,115963567483,4,0,0,136704,4,8892753524
3597,115963326645,287496,115963614141,9,0,0,149504,9,5470169213
3598,115963645680,258213,115963903893,5,0,1,91136,5,10455071437
3599,115964306301,92860,115964399161,1,0,1,25088,1,5829249890
3600,115964382456,95800,115964478256,5,0,0,159744,5,1803156215
3601,115964394893,180128,115964575021,0,0,1,19968,0,7581362367
3602,115964726985,116308,115964843293,2,0,0,193024,2,4400519797
3603,115964868453,141586,115965010039,4,0,0,390656,4,4435625482
3604,115964872325,215534,115965087859,4,0,0,183296,4,6457745596
3605,115964881166,238325,115965119491,3,0,1,5632,3,4544505161
3606,115964943894,291582,115965235476,3,0,1,4096,3,2741038491
3607,115965068804,247933,115965316737,8,0,0,406016,8,7797401981
3608,115965124732,248827,115965373559,2,0,0,189952,2,10338858086
3609,115965165743,133074,115965298817,1,0,0,835584,1,4958991516
3610,115965173953,481979,115965655932,5,0,0,203264,5,6360748580
3611,115965253644,601263,115965854907,5,0,1,8704,5,1675637054
3612,115965342416,656032,115965998448,1,0,0,69120,1,7624724297
3613,115965374402,508869,115965883271,2,0,0,987648,2,8604408882
3614,115965530954,371016,115965901970,9,0,0,13824,9,3937919618
3615,115965549818,823819,115966373637,1,0,1,35840,1,928015141
3616,115965602604,668445,115966271049,8,0,0,284672,8,7808001429
3617,115965612544,486759,115966099303,5,0,1,99328,5,308737072
3618,115965704603,685336,115966389939,7,0,1,11264,7,8847343036
3619,115965745123,734929,115966480052,3,0,1,34816,3,7169064717
3620,115965853598,424956,115966278554,7,0,1,98816,7,2764362574
3621,115965966924,389173,115966356097,2,0,0,342016,2,5027875295
3622,115966024212,591602,115966615814,8,0,0,78336,8,53212146
3623,115966041027,164726,115966205753,5,0,1,70144,5,6694905798
3624,115966071726,486744,115966558470,0,0,1,10752,0,10073355722
3625,115966242667,329894,115966572561,5,0,1,8192,5,9668016880
3626,115966305686,544913,115966850599,9,0,0,182784,9,3826120036
3627,115966569955,438071,115967008026,8,0,0,709632,8,1861973271
3628,115966843063,206820,115967049883,7,0,1,16384,7,2327777153
3629,115966860388,176800,115967037188,0,0,1,291328,0,5259189261
3630,115966920130,293914,115967214044,5,0,0,290816,5,7913352895
3631,115966931681,293190,115967224871,1,0,0,355328,1,8628182515
3632,115966983889,33241,115967017130,5,0,0,164352,5,2993841879
3633,115967064994,659156,115967724150,1,0,1,20480,1,2039851182
3634,115967152552,312625,115967465177,0,0,1,46592,0,8368512397
3635,115967208506,382786,115967591292,1,0,1,5120,1,2066447669
3636,115967259615,276241,115967535856,1,0,0,57856,1,829546545
3637,115967266501,530342,115967796843,7,0,1,8192,7,6255569299
3638,115967297742,369706,115967667448,8,0,0,451072,8,7649900940
3639,115967410302,591937,115968002239,6,0,1,628224,6,725253959
3640,115967420639,939103,115968359742,1,0,0,772608,1,2068920478
3641,115967671017,683859,115968354876,7,0,1,17920,7,8485648137
3642,115967850157,571025,115968421182,0,0,1,214016,0,6673034613
3643,115968436101,416270,115968852371,8,0,0,673792,8,5555914889
3644,115968560720,452054,115969012774,5,0,0,514048,5,7131347363
3645,115968783883,326768,115969110651,1,0,0,395264,1,345033253
3646,115968796213,352544,115969148757,1,0,1,65024,1,6721463851
3647,115968907952,245257,115969153209,1,0,0,55808,1,874833189
3648,115968967135,258500,115969225635,1,0,0,231936,1,7830348421
3649,115969002777,228657,115969231434,5,0,0,27648,5,2306843233
3650,115969019299,169899,115969189198,9,0,1,54272,9,2789646782
3651,115969072160,196972,115969269132,2,0,0,42496,2,2858277577
3652,115969122748,352182,115969474930,2,0,0,257024,2,9166957805
3653,115969390934,391307,115969782241,0,0,1,183808,0,1120177860
3654,115969505152,277100,115969782252,5,0,0,365568,5,1117317137
3655,115969527942,296433,115969824375,1,0,0,301568,1,5712595468
3656,115969563051,292276,115969855327,9,0,0,107008,9,8210283446
3657,115969689019,339465,115970028484,9,0,1,19456,9,9403486933
3658,115970072749,126950,115970199699,8,0,0,210432,8,9263268312
3659,115970184999,115071,115970300070,9,0,1,82944,9,322210432
3660,115970270348,185086,115970455434,7,0,1,10752,7,2728579465
3661,115970303392,341583,115970644975,5,0,1,56832,5,7915465085
3662,115970474088,347891,115970821979,5,0,0,567296,5,6335726682
3663,115970475349,367568,115970842917,7,0,1,60928,7,4144779489
3664,115970485568,430058,115970915626,8,0,0,99840,8,8937956330
3665,115970505053,497131,115971002184,7,0,1,48128,7,9671448338
3666,115970616277,459994,115971076271,8,0,0,649728,8,7498509872
3667,115970691089,355064,115971046153,6,0,1,168960,6,6920295866
3668,115970747538,182198,115970929736,5,0,0,84992,5,6684317475
3669,115970839540,657932,115971497472,6,0,1,179712,6,214907024
3670,115970857083,393032,115971250115,6,0,1,58368,6,717962564
3671,115970882818,393621,115971276439,6,0,1,324096,6,6880420492
3672,115970981435,257425,115971238860,1,0,1,19456,1,10545074135
3673,115971003710,682198,115971685908,2,0,0,267776,2,8135354881
3674,115971008297,557858,115971566155,5,0,0,513024,5,9790872812
3675,115971118119,950749,115972068868,6,0,1,541696,6,8783035710
3676,115971141043,1042448,115972183491,6,0,1,94208,6,7716361876
3677,115971150804,868518,115972019322,4,0,0,22016,4,1650462715
3678,115971177664,632490,115971810154,7,0,1,95744,7,648622037
3679,115971178468,1645628,115972824096,8,0,0,1876480,8,3700797197
3680,115971227199,500877,115971728076,2,0,0,104960,2,2383192984
3681,115971543978,1669985,115973213963,1,0,0,7168,1,3380463885
3682,115971558926,1357712,115972916638,0,0,1,868864,0,9161685139
3683,115971594337,378382,115971972719,6,0,1,692736,6,4407003998
3684,115971804235,1165192,115972969427,8,0,0,119808,8,524234262
3685,115972108626,781063,115972889689,1,0,1,9216,1,8774176554
3686,115972233038,369409,115972602447,5,0,0,73728,5,10599621964
3687,115972396113,729424,115973125537,0,0,1,24064,0,9477260900
3688,115972420000,2200779,115974620779,5,0,0,248832,5,3269143474
3689,115972467466,851451,115973318917,5,0,0,173568,5,1837948219
3690,115972589255,1935667,115974524922,5,0,1,47616,5,5440717204
3691,115972597822,883418,115973481240,8,0,0,596992,8,875159503
3692,115972657099,958756,115973615855,1,0,1,37376,1,10710785019
3693,115972671227,885362,115973556589,9,0,0,171008,9,10372668027
3694,115972673117,2424429,115975097546,6,0,1,87040,6,2108680268
3695,115973169716,813650,115973983366,1,0,0,455680,1,3563838919
3696,115973251833,885350,115974137183,1,0,0,718336,1,10241921825
3697,115973382005,885813,115974267818,8,0,0,962560,8,4214360791
3698,115973417082,1194440,115974611522,7,0,1,141824,7,1556875524
3699,115973648122,997213,115974645335,9,0,0,228352,9,4818355894
3700,115973728693,934565,115974663258,1,0,0,53248,1,1114704927
3701,115974126038,431115,115974557153,5,0,1,66048,5,4862111091
3702,115974270345,277898,115974548243,5,0,0,109568,5,7515059471
3703,115974442139,625359,115975067498,8,0,0,65536,8,6542403619
3704,115974567078,406253,115974973331,5,0,1,45056,5,1768235434
3705,115974582595,412892,115974995487,9,0,0,663040,9,4381886493
3706,115974602560,498919,115975101479,2,0,0,341504,2,7646072327
3707,115974840005,391445,115975231450,4,0,0,410112,4,10342650939
3708,115974866482,512125,115975378607,5,0,0,389632,5,5354584421
3709,115974955129,498916,115975454045,4,0,0,212480,4,3560158208
3710,115975178185,83866,115975262051,1,0,1,35840,1,9328736537
3711,115975528478,627318,115976155796,4,0,0,139776,4,4123046379
3712,115975542604,391065,115975933669,1,0,1,34304,1,2381543143
3713,115976125885,22429,115976148314,5,0,0,36864,5,6170814931
3714,115976164584,200506,115976365090,7,0,1,8192,7,3841822385
3715,115976435042,76842,115976511884,5,0,1,2560,5,4199827430
3716,115976487584,166307,115976653891,8,0,0,129536,8,6298862369
3717,115976591128,53579,115976644707,8,0,0,87552,8,5280702248
3718,115976657620,354745,115977012365,1,0,0,573952,1,8638608846
3719,115976716381,423864,115977140245,6,0,1,257024,6,1453557174
3720,115976727348,633851,115977361199,5,0,0,443392,5,7030545569
3721,115976864340,530029,115977394369,9,0,0,690688,9,655128510
3722,115976969793,531968,115977501761,7,0,1,41472,7,2432047809
3723,115977011474,497306,115977508780,9,0,0,375808,9,7396374306
3724,115977097357,723325,115977820682,1,0,0,854528,1,3294369263
3725,115977192683,664289,115977856972,9,0,0,124416,9,7188922874
3726,115977283609,656669,115977940278,9,0,0,267776,9,3171507602
3727,115977299754,775467,115978075221,4,0,0,433152,4,5791254163
3728,115977427211,725208,115978152419,1,0,1,11264,1,8324506067
3729,115977557139,577219,115978134358,5,0,1,32768,5,7928097898
3730,115977611799,645833,115978257632,2,0,0,372736,2,3897344606
3731,115977784993,487331,115978272324,9,0,0,275968,9,5780126473
3732,115977839730,462433,115978302163,2,0,0,93696,2,9205754189
3733,115977865723,460052,115978325775,7,0,1,3584,7,6806306133
3734,115978314186,22946,115978337132,4,0,0,37888,4,6071322298
3735,115978480604,364747,115978845351,5,0,0,1345536,5,8796211816
3736,115978527629,844672,115979372301,6,0,1,214528,6,7613228581
3737,115978546981,891708,115979438689,5,0,0,150016,5,347359520
3738,115978737441,825358,115979562799,4,0,1,10752,4,2804844989
3739,115978821343,645477,115979466820,4,0,0,118272,4,8533517230
3740,115978893506,574116,115979467622,1,0,1,1536,1,7521993812
3741,115979011555,452570,115979464125,6,0,1,864256,6,6970492794
3742,115979046983,212201,115979259184,4,0,1,51712,4,7699580851
3743,115979056481,325426,115979381907,1,0,0,371712,1,4516856517
3744,115979094397,215062,115979309459,4,0,1,41984,4,3400638054
3745,115979321726,21738,115979343464,7,0,1,8192,7,2698447116
3746,115979329133,720306,115980049439,2,0,0,113664,2,6193144224
3747,115979449351,1009002,115980458353,2,0,0,348672,2,2323662266
3748,115979644058,1367012,115981011070,1,0,0,14848,1,3462071128
3749,115980123132,265964,115980389096,8,0,0,16896,8,10104188126
3750,115980177445,223277,115980400722,9,0,0,405504,9,4580024991
3751,115980312975,453979,115980766954,4,0,1,19968,4,1950100642
3752,115980407608,351239,115980758847,6,0,1,612352,6,8990515097
3753,115980442277,446493,115980888770,4,0,0,466944,4,3309501710
3754,115980491925,728333,115981220258,1,0,0,464384,1,3565037618
3755,115980518707,617261,115981135968,4,0,0,166400,4,10288866362
3756,115980559651,578512,115981138163,7,0,1,7168,7,1001859555
3757,115980766994,309492,115981076486,7,0,1,40448,7,4283787001
3758,115980828690,283788,115981112478,2,0,0,189952,2,5165312789
3759,115980854413,437904,115981292317,5,0,0,99328,5,8694855821
3760,115980973850,315257,115981289107,7,0,1,8192,7,10543888057
3761,115980986876,229331,115981216207,9,0,0,265728,9,2427138528
3762,115981017365,284056,115981301421,5,0,1,2560,5,2997587627
3763,115981074748,278131,115981352879,4,0,0,3072,4,9458971484
3764,115981125266,123857,115981249123,5,0,1,29184,5,4485521865
3765,115981150756,455395,115981606151,1,0,0,343040,1,305659767
3766,115981347272,652527,115981999799,8,0,0,144896,8,6257751305
3767,115981551830,21654,115981573484,1,0,1,9216,1,2866968338
3768,115981726388,7702,115981734090,4,0,0,35328,4,4738540215
3769,115981804690,290951,115982095641,1,0,0,8192,1,3994386391
3770,115981844669,247376,115982092045,4,0,1,36864,4,5050154768
3771,115982136119,35825,115982171944,8,0,0,62976,8,3267372087
3772,115982215213,97288,115982312501,7,0,1,19456,7,7875817719
3773,115982239131,113352,115982352483,6,0,1,59904,6,9671823493
3774,115982280612,248708,115982529320,2,0,0,407552,2,622459215
3775,115982384206,249654,115982633860,7,0,1,3584,7,5813134917
3776,115982467446,196407,115982663853,1,0,1,16384,1,8787984673
3777,115982552600,196363,115982748963,9,0,0,318976,9,6753004344
3778,115982664874,254270,115982919144,2,0,0,411648,2,7762892936
3779,115982962406,10753,115982973159,4,0,1,14848,4,7917659572
3780,115983075961,222307,115983298268,2,0,0,17408,2,4751186284
3781,115983116725,145229,115983261954,5,0,1,4096,5,3680625814
3782,115983182316,186301,115983368617,5,0,0,297984,5,374069083
3783,115983319006,85798,115983404804,1,0,0,123904,1,6541651837
3784,115983353647,352602,115983706249,5,0,0,570368,5,4804559276
3785,115983681944,237550,115983919494,5,0,0,389120,5,5306032958
3786,115983691746,244018,115983935764,5,0,0,61440,5,5476515042
3787,115983857406,104279,115983961685,1,0,0,82944,1,1199650687
3788,115984024651,113554,115984138205,2,0,0,184320,2,6898087964
3789,115984313148,357499,115984670647,2,0,0,582656,2,4826936636
3790,115984460291,277728,115984738019,5,0,1,90112,5,7731833225
3791,115984535144,289350,115984824494,1,0,1,49152,1,327759977
3792,115984802970,152649,115984955619,4,0,1,77824,4,7002610993
3793,115984844660,7702,115984852362,5,0,1,24064,5,3511029442
3794,115984956947,209560,115985166507,5,0,0,8192,5,2555693848
3795,115984975318,154483,115985129801,4,0,0,253952,4,649021500
3796,115984975666,252446,115985228112,1,0,1,16384,1,7269875344
3797,115984991505,328590,115985320095,4,0,0,434176,4,10406019127
3798,115985056657,357215,115985413872,5,0,0,301568,5,1796090214
3799,115985253718,186383,115985440101,9,0,0,84480,9,3485573530
3800,115985310939,3124,115985314063,5,0,1,55296,5,4027962434
3801,115985443966,418408,115985862374,6,0,1,158720,6,2001189776
3802,115985469038,97350,115985566388,9,0,0,9216,9,4707992823
3803,115985503750,90209,115985593959,4,0,1,80896,4,10054587995
3804,115985624775,92194,115985716969,4,0,1,25600,4,938134366
3805,115985690099,434332,115986124431,5,0,0,162816,5,2440587227
3806,115985697906,399207,115986097113,1,0,0,1024,1,4663512425
3807,115985737139,286001,115986023140,2,0,0,139776,2,6892174760
3808,115985806206,131443,115985937649,5,0,1,4608,5,601802604
3809,115985898455,47330,115985945785,5,0,0,61440,5,4246559699
3810,115986035220,61637,115986096857,9,0,0,99840,9,2512321284
3811,115986451601,518983,115986970584,8,0,0,843776,8,4230792252
3812,115986463846,515203,115986979049,1,0,1,26112,1,1655773765
3813,115986472041,592115,115987064156,2,0,0,300544,2,3356371808
3814,115986603916,475895,115987079811,8,0,0,50176,8,3312619032
3815,115986658632,463011,115987121643,4,0,0,142848,4,3004088913
3816,115986687577,573425,115987261002,4,0,0,445952,4,1861071578
3817,115986849520,458687,115987308207,4,0,1,28672,4,3379653224
3818,115986869991,149408,115987019399,4,0,1,17408,4,9984949126
3819,115987159174,516605,115987675779,5,0,0,162304,5,4187733130
3820,115987376427,4416,115987380843,7,0,1,6144,7,3374520925
3821,115987389295,208274,115987597569,9,0,0,11776,9,2181471386
3822,115987450722,279594,115987730316,4,0,1,80896,4,3408152372
3823,115987686262,136300,115987822562,2,0,0,225280,2,8446592619
3824,115987758086,70070,115987828156,4,0,0,18432,4,2301938440
3825,115987836013,225874,115988061887,9,0,0,369664,9,2652633198
3826,115987966008,182391,115988148399,5,0,1,30720,5,1093699468
3827,115988092870,297354,115988390224,1,0,0,482304,1,9357799189
3828,115988129946,414116,115988544062,7,0,1,48640,7,8638674688
3829,115988768145,74087,115988842232,5,0,0,120832,5,7857687053
3830,115988770607,141075,115988911682,5,0,1,139264,5,10059222191
3831,115988786347,317667,115989104014,9,0,0,198144,9,2046347117
3832,115988928461,188896,115989117357,4,0,1,512,4,5773206746
3833,115989223371,235571,115989458942,4,0,0,381952,4,2478026462
3834,115989354899,188421,115989543320,4,0,1,3584,4,7668056358
3835,115989702521,108364,115989810885,1,0,1,55808,1,7955871098
3836,115989712475,40953,115989753428,6,0,1,565760,6,1793396378
3837,115989719247,281118,115990000365,7,0,1,8704,7,6509569630
3838,115989719685,442555,115990162240,9,0,1,18432,9,9231918930
3839,115989769943,640006,115990409949,5,0,0,44544,5,6023744590
3840,115989831884,258211,115990090095,6,0,1,598016,6,3351806948
3841,115990094297,188159,115990282456,9,0,0,311296,9,9072035352
3842,115990190556,821698,115991012254,4,0,0,47616,4,2126931306
3843,115990199111,463226,115990662337,5,0,1,28672,5,1758094055
3844,115990449281,318960,115990768241,7,0,1,65024,7,8107356250
3845,115990544391,224758,115990769149,5,0,0,859136,5,8623477616
3846,115990605877,648184,115991254061,9,0,1,97280,9,7759960084
3847,115990614582,322736,115990937318,4,0,0,210432,4,317696524
3848,115990691385,640767,115991332152,2,0,1,23552,2,9818648830
3849,115990739712,521641,115991261353,1,0,0,20480,1,3762827210
3850,115990830628,306130,115991136758,1,0,0,246784,1,7289882277
3851,115990890588,507976,115991398564,9,0,1,13312,9,9572534029
3852,115990964965,515537,115991480502,7,0,1,9216,7,1095854083
3853,115990967662,812180,115991779842,2,0,0,462848,2,9162027021
3854,115991032392,469261,115991501653,2,0,1,55808,2,3564429336
3855,115991060699,590002,115991650701,2,0,0,150016,2,6046607706
3856,115991201384,458461,115991659845,2,0,1,122880,2,3847706211
3857,115991276991,474705,115991751696,1,0,1,2048,1,7065074996
3858,115991289162,611229,115991900391,2,0,0,990208,2,26919600
3859,115991627484,277733,115991905217,9,0,0,7680,9,7683064060
3860,115991833887,338340,115992172227,4,0,1,2560,4,5045634303
3861,115992058697,234975,115992293672,4,0,1,2560,4,2394130067
3862,115992063087,262004,115992325091,8,0,0,935936,8,163564007
3863,115992179396,477491,115992656887,5,0,0,16896,5,10451595562
3864,115992179980,594395,115992774375,4,0,1,123392,4,5026502834
3865,115992245969,478097,115992724066,9,0,1,20480,9,7040539562
3866,115992265394,500180,115992765574,5,0,0,380928,5,3318768921
3867,115992710514,288175,115992998689,5,0,0,471040,5,721126793
3868,115992852963,220414,115993073377,5,0,1,44032,5,9141632539
3869,115993242349,130672,115993373021,6,0,1,129024,6,8965594431
3870,115993315339,127984,115993443323,2,0,0,212480,2,7724225630
3871,115993319471,242194,115993561665,4,0,1,21504,4,4352569034
3872,115993419824,163828,115993583652,4,0,1,3584,4,23477940
3873,115993500364,127467,115993627831,2,0,0,211456,2,2830413728
3874,115993572806,418596,115993991402,8,0,0,678400,8,6799089430
3875,115993742358,389120,115994131478,5,0,0,449536,5,4466396086
3876,115993962952,55817,115994018769,5,0,1,102400,5,7171365675
3877,115994133682,335226,115994468908,1,0,0,95232,1,3320200920
3878,115994299636,64133,115994363769,9,0,1,28672,9,7835417056
3879,115994337215,162778,115994499993,5,0,1,2048,5,7349462962
3880,115994366419,48253,115994414672,8,0,0,108032,8,139115243
3881,115994457519,182463,115994639982,8,0,0,74240,8,2592939739
3882,115994634511,76714,115994711225,1,0,1,6144,1,693102937
3883,115994673366,71284,115994744650,7,0,1,9728,7,8972428171
3884,115994755566,67144,115994822710,1,0,1,11264,1,2893715895
3885,115994839277,126950,115994966227,6,0,1,885248,6,4891412052
3886,115994917093,250736,115995167829,2,0,1,11264,2,214365711
3887,115994933261,699688,115995632949,5,0,1,46592,5,10226740015
3888,115995009794,529650,115995539444,4,0,1,1536,4,9202081111
3889,115995013297,620406,115995633703,9,0,1,3072,9,2697864978
3890,115995081951,640025,115995721976,8,0,0,210432,8,5399994509
3891,115995312569,207232,115995519801,2,0,0,203776,2,8130497281
3892,115995319728,369812,115995689540,8,0,0,28160,8,6043420421
3893,115995370191,368554,115995738745,4,0,0,61440,4,8353141504
3894,115995457774,334361,115995792135,7,0,1,54272,7,1213609374
3895,115995475217,357731,115995832948,2,0,0,306176,2,8792495359
3896,115995507088,469344,115995976432,4,0,0,384000,4,1647872348
3897,115995658463,90824,115995749287,4,0,1,7680,4,7396354582
3898,115995807748,143197,115995950945,5,0,1,52736,5,2063878188
3899,115995879505,135228,115996014733,7,0,1,2560,7,5298071597
3900,115995905211,49906,115995955117,4,0,1,5120,4,8152738100
3901,115995908087,366151,115996274238,9,0,0,213504,9,3869487662
3902,115996010088,583458,115996593546,9,0,0,63488,9,4287684945
3903,115996034129,176800,115996210929,6,0,1,989696,6,7187292776
3904,115996069749,105989,115996175738,9,0,1,52224,9,2878847744
3905,115996113563,482081,115996595644,5,0,1,5120,5,9367694272
3906,115996320758,86708,115996407466,8,0,0,290816,8,1138338998
3907,115996391928,1019247,115997411175,4,0,0,9728,4,6848792204
3908,115996594032,941384,115997535416,2,0,0,145408,2,3885335949
3909,115996678678,376592,115997055270,1,0,1,1024,1,4569220785
3910,115996993331,173696,115997167027,4,0,1,50176,4,9008160000
3911,115997190260,122387,115997312647,6,0,1,704000,6,1605092486
3912,115997220395,573466,115997793861,2,0,0,198144,2,230107657
3913,115997308559,386899,115997695458,1,0,1,29184,1,10637506124
3914,115997385426,472669,115997858095,2,0,1,28160,2,2166867619
3915,115997458012,376312,115997834324,1,0,1,139264,1,1225312927
3916,115997563735,274188,115997837923,7,0,1,11776,7,6635776693
3917,115997690575,175752,115997866327,1,0,0,385024,1,3227437416
3918,115997705484,326170,115998031654,2,0,0,493568,2,3318224978
3919,115997711386,497985,115998209371,5,0,1,47616,5,4467757302
3920,115997814629,352148,115998166777,6,0,1,320512,6,6830694220
3921,115997892641,339680,115998232321,5,0,0,140288,5,7295357199
3922,115997926921,231346,115998158267,2,0,0,79872,2,1244209276
3923,115998051730,712043,115998763773,9,0,0,54272,9,3743286932
3924,115998171171,204053,115998375224,6,0,1,282624,6,7519259519
3925,115998322630,198730,115998521360,1,0,0,249344,1,5037447938
3926,115998344885,608257,115998953142,9,0,0,215040,9,5873572905
3927,115998604296,175143,115998779439,4,0,0,175104,4,634037532
3928,115998665386,511148,115999176534,6,0,1,369664,6,7544444254
3929,115999282524,4416,115999286940,9,0,0,11776,9,2146583733
3930,115999360565,376287,115999736852,8,0,0,609280,8,9256786217
3931,115999427062,479182,115999906244,0,0,1,232960,0,6549220347
3932,115999609604,327729,115999937333,9,0,0,531456,9,7276739653
3933,115999660796,339004,115999999800,4,0,0,200704,4,5760619462
3934,115999735908,275802,116000011710,9,0,1,30720,9,7671319687
3935,115999756281,364232,116000120513,9,0,0,113664,9,6087343839
3936,115999810668,260169,116000070837,2,0,1,89088,2,8702512901
3937,115999811907,406211,116000218118,1,0,1,4096,1,1362181765
3938,115999903887,413210,116000317097,6,0,1,15360,6,7217565945
3939,115999994012,303103,116000297115,9,0,1,16384,9,1168177945
3940,116000054588,55300,116000109888,9,0,1,3072,9,5429606561
3941,116000260823,274230,116000535053,1,0,0,94208,1,3323850431
3942,116000270239,158168,116000428407,1,0,1,36352,1,3076769159
3943,116000394772,4846,116000399618,5,0,1,51712,5,10688349559
3944,116000440422,160827,116000601249,6,0,1,242688,6,4248326645
3945,116000473887,91753,116000565640,1,0,0,5120,1,2704382854
3946,116000482548,293534,116000776082,9,0,0,148480,9,8079441954
3947,116000619247,104633,116000723880,2,0,1,13824,2,6815335032
3948,116000629374,128572,116000757946,9,0,0,173568,9,1083376587
3949,116000797975,24238,116000822213,1,0,1,41984,1,6124177315
3950,116000884435,139433,116001023868,9,0,1,12800,9,7921093940
3951,116000959694,238696,116001198390,9,0,0,40448,9,5126593953
3952,116000964668,84095,116001048763,2,0,1,17408,2,6471865710
3953,116000973743,83437,116001057180,8,0,0,135680,8,3228763816
3954,116000999491,98907,116001098398,1,0,0,131584,1,5361259898
3955,116001047856,495620,116001543476,2,0,0,790528,2,10072685451
3956,116001100055,480735,116001580790,8,0,0,129536,8,4816229131
3957,116001160394,431430,116001591824,2,0,0,36352,2,3983811514
3958,116001166866,493172,116001660038,9,0,0,220160,9,7384193136
3959,116001204588,507446,116001712034,5,0,0,166912,5,5151242258
3960,116001212221,829199,116002041420,6,0,1,505344,6,9167112196
3961,116001213579,741752,116001955331,1,0,0,1042432,1,10173530830
3962,116001358869,892792,116002251661,1,0,1,95232,1,9756283319
3963,116001519961,429215,116001949176,2,0,1,14848,2,6785781162
3964,116001608303,591230,116002199533,2,0,0,298496,2,7394408581
3965,116001689660,752103,116002441763,9,0,0,771584,9,2495218056
3966,116001715617,401133,116002116750,4,0,1,16384,4,4397176402
3967,116001824233,751353,116002575586,5,0,1,7680,5,4026348506
3968,116001853378,609347,116002462725,8,0,0,63488,8,491923827
3969,116001994250,420623,116002414873,4,0,1,6144,4,4893841999
3970,116002064034,298161,116002362195,0,0,1,249856,0,1689071939
3971,116002066299,199781,116002266080,9,0,0,81920,9,6097524645
3972,116002107543,205930,116002313473,9,0,1,61440,9,6352286753
3973,116002226441,771857,116002998298,1,0,1,57856,1,2318078132
3974,116002231368,125198,116002356566,4,0,0,152576,4,9336135336
3975,116002334933,38227,116002373160,4,0,0,16384,4,7665348733
3976,116002344646,624781,116002969427,1,0,0,41472,1,6962962897
3977,116002401981,600003,116003001984,5,0,1,20480,5,9165968864
3978,116002409177,304464,116002713641,5,0,1,19968,5,3587861535
3979,116002465168,566765,116003031933,0,0,1,22016,0,4963596983
3980,116002472189,431242,116002903431,0,0,1,684544,0,4323613272
3981,116002474725,857159,116003331884,2,0,0,154112,2,5701030681
3982,116002514912,816319,116003331231,1,0,1,6144,1,484907850
3983,116002565882,740898,116003306780,9,0,0,6656,9,4654702165
3984,116002607520,889977,116003497497,9,0,1,56320,9,6634816127
3985,116002849486,512846,116003362332,2,0,1,23552,2,10737387261
3986,116002883066,489573,116003372639,9,0,1,33792,9,6063306046
3987,116003016132,632210,116003648342,0,0,1,465408,0,1979991265
3988,116003107479,543370,116003650849,4,0,1,8192,4,5529057183
3989,116003158679,491301,116003649980,6,0,1,633856,6,8914270403
3990,116003162055,402193,116003564248,4,0,1,8192,4,8009106244
3991,116003251174,272389,116003523563,8,0,0,349696,8,9161901430
3992,116003380989,432285,116003813274,9,0,0,58880,9,6293569312
3993,116003432321,218893,116003651214,9,0,0,595456,9,5109992591
3994,116003534577,230639,116003765216,4,0,1,15872,4,1483852023
3995,116003671634,1042236,116004713870,2,0,0,82944,2,3530244368
3996,116003716607,671185,116004387792,9,0,0,189440,9,5130936294
3997,116003789447,386578,116004176025,9,0,1,7680,9,5703598555
3998,116003819195,418677,116004237872,1,0,0,514560,1,5288647669
3999,116003907779,521561,116004429340,8,0,0,739328,8,7310640331
4000,116003987614,484026,116004471640,1,0,0,151040,1,6581930568
4001,116003999263,287713,116004286976,2,0,0,107520,2,2903376646
4002,116004026509,510288,116004536797,1,0,0,1220096,1,8744953250
4003,116004033912,543189,116004577101,1,0,1,29184,1,7386496650
4004,116004155202,1011417,116005166619,2,0,0,168448,2,4004680705
4005,116004195783,609075,116004804858,9,0,1,8704,9,141648928
4006,116004233808,937660,116005171468,4,0,0,215552,4,10329096653
4007,116004360482,923526,116005284008,2,0,0,231936,2,10453781065
4008,116004415053,869180,116005284233,5,0,0,201216,5,8556400096
4009,116004420576,905847,116005326423,9,0,0,3584,9,6907151053
4010,116004452856,356956,116004809812,1,0,0,270336,1,1762871714
4011,116004483776,906884,116005390660,4,0,1,14848,4,5363090831
4012,116004496200,352302,116004848502,2,0,0,138240,2,978093505
4013,116004766598,976976,116005743574,4,0,0,176640,4,3890153958
4014,116004808233,303581,116005111814,8,0,0,27136,8,4654765556
4015,116004970493,1180516,116006151009,5,0,1,20992,5,10684036679
4016,116005027931,753091,116005781022,5,0,1,10752,5,3876085538
4017,116005125039,1111551,116006236590,0,0,1,522752,0,4140847628
4018,116005180147,452001,116005632148,9,0,1,82432,9,3598929357
4019,116005249249,1071030,116006320279,2,0,1,6656,2,1367460424
4020,116005277963,601319,116005879282,1,0,0,4096,1,6745724987
4021,116005338358,724262,116006062620,2,0,0,133120,2,9132527787
4022,116005379673,566062,116005945735,2,0,0,29184,2,8744914034
4023,116005427251,524758,116005952009,9,0,1,3584,9,7231347808
4024,116005749578,215576,116005965154,4,0,1,109056,4,296033255
4025,116005840918,135266,116005976184,1,0,1,40960,1,4167613830
4026,116005907384,475875,116006383259,1,0,1,31232,1,10707948644
4027,116005966432,298677,116006265109,2,0,1,12288,2,7437397375
4028,116006056028,115533,116006171561,8,0,0,223232,8,3118924272
4029,116006163717,471383,116006635100,2,0,0,191488,2,2726034395
4030,116006300600,77893,116006378493,5,0,0,112128,5,2184135043
4031,116006425575,33587,116006459162,6,0,1,587776,6,2119045326
4032,116006506569,144358,116006650927,1,0,0,55296,1,788399766
4033,116006524715,835617,116007360332,6,0,1,472576,6,4420222320
4034,116006672045,248155,116006920200,5,0,0,237568,5,53324959
4035,116007013048,219447,116007232495,5,0,0,143872,5,5902640958
4036,116007041783,960616,116008002399,9,0,0,313856,9,489526397
4037,116007150360,334990,116007485350,8,0,0,188416,8,5700013083
4038,116007214969,270392,116007485361,4,0,0,76800,4,8627994554
4039,116007261375,382056,116007643431,2,0,0,261120,2,6481087391
4040,116007715867,170477,116007886344,5,0,1,10752,5,10388855976
4041,116007865439,56850,116007922289,1,0,0,97280,1,8832321945
4042,116007932216,14113,116007946329,2,0,0,24064,2,2337626683
4043,116007940229,223718,116008163947,2,0,1,19968,2,6184297825
4044,116008058772,238312,116008297084,8,0,0,1339392,8,6273018718
4045,116008114037,824800,116008938837,9,0,0,512,9,1527022778
4046,116008148013,769881,116008917894,5,0,0,274944,5,3013483364
4047,116008341727,578402,116008920129,6,0,1,105472,6,3306802775
4048,116008345869,819006,116009164875,2,0,1,44544,2,6866770097
4049,116008379094,635300,116009014394,2,0,0,161280,2,317173170
4050,116008463074,458116,116008921190,5,0,1,3584,5,4562400904
4051,116008561872,478954,116009040826,8,0,0,18432,8,7806521990
4052,116008567979,386763,116008954742,4,0,0,88064,4,8375659807
4053,116008680754,769905,116009450659,1,0,0,65536,1,1163477247
4054,116008724786,389041,116009113827,1,0,1,7168,1,3287665235
4055,116008737619,376219,116009113838,2,0,0,98816,2,993153627
4056,116008982901,131326,116009114227,2,0,0,50688,2,3948162139
4057,116009012945,349583,116009362528,6,0,1,182784,6,6871853805
4058,116009063149,532775,116009595924,5,0,1,234496,5,3860525021
4059,116009266460,329475,116009595935,9,0,0,519168,9,9526723244
4060,116009513743,284326,116009798069,4,0,1,3072,4,8919882594
4061,116009623566,286207,116009909773,2,0,1,79360,2,9814131246
4062,116009738083,102912,116009840995,0,0,1,62976,0,4851566583
4063,116009759332,300627,116010059959,5,0,1,8192,5,1034945125
4064,116009881552,142267,116010023819,4,0,0,166912,4,1607298503
4065,116009896454,307572,116010204026,5,0,0,117248,5,6247083179
4066,116009930212,160560,116010090772,9,0,1,4608,9,3267187387
4067,116010192687,277275,116010469962,9,0,0,453120,9,9812745213
4068,116010211201,270512,116010481713,5,0,0,39936,5,7580717789
4069,116010269513,295301,116010564814,2,0,0,266752,2,9646477738
4070,116010358387,211253,116010569640,8,0,0,7680,8,7173251399
4071,116010416756,81112,116010497868,9,0,1,3072,9,5334521216
4072,116010610954,284721,116010895675,2,0,0,131072,2,3509537513
4073,116010692740,109522,116010802262,2,0,1,111616,2,3777056134
4074,116010704066,146425,116010850491,9,0,0,241664,9,7156932975
4075,116010739464,81143,116010820607,1,0,1,1536,1,3855137845
4076,116010770334,489664,116011259998,8,0,0,1536,8,8830567732
4077,116010832105,192379,116011024484,4,0,0,1007104,4,9867773366
4078,116011042448,621613,116011664061,2,0,1,4096,2,4852687331
4079,116011097315,358029,116011455344,5,0,0,2560,5,1762973358
4080,116011168444,542763,116011711207,2,0,1,80384,2,1645388943
4081,116011329386,255495,116011584881,6,0,1,644608,6,4433138465
4082,116011569872,854298,116012424170,6,0,1,83456,6,8730892059
4083,116011629219,198395,116011827614,5,0,1,16384,5,4500390116
4084,116011669483,706518,116012376001,6,0,1,101376,6,3980008745
4085,116011700606,661177,116012361783,0,0,1,747520,0,2512048585
4086,116011921695,857825,116012779520,5,0,1,69632,5,1297529213
4087,116011985300,443807,116012429107,8,0,0,3584,8,6930875376
4088,116012125563,668918,116012794481,1,0,1,35840,1,7837116768
4089,116012315061,367459,116012682520,6,0,1,64000,6,8400864404
4090,116012368022,314509,116012682531,4,0,0,143360,4,349706037
4091,116012397750,495102,116012892852,2,0,0,423424,2,7919952017
4092,116012486867,499250,116012986117,2,0,0,299008,2,3196685801
4093,116012829266,425408,116013254674,6,0,1,90112,6,10353189554
4094,116012838180,560917,116013399097,0,0,1,320000,0,3691059917
4095,116013075724,203425,116013279149,0,0,1,15360,0,6364779678
4096,116013195683,328075,116013523758,9,0,0,177152,9,10396152642
4097,116013317578,272621,116013590199,4,0,0,306176,4,3058035311
4098,116013526662,84325,116013610987,5,0,0,74752,5,6777791977
4099,116013622477,6750,116013629227,8,0,0,7168,8,3353498033
4100,116013670708,481842,116014152550,2,0,0,784896,2,3183499020
4101,116013708533,444990,116014153523,4,0,0,12800,4,1158006925
4102,116013740666,414691,116014155357,0,0,1,233984,0,1647649264
4103,116013745143,353125,116014098268,2,0,0,22016,2,10720989319
4104,116013813327,357314,116014170641,2,0,0,23552,2,5568801929
4105,116013835981,548676,116014384657,2,0,0,95744,2,6420881900
4106,116013869537,430797,116014300334,5,0,1,23040,5,9194387151
4107,116014047280,50737,116014098017,6,0,1,24576,6,7656208957
4108,116014290901,383015,116014673916,9,0,0,81920,9,3985322300
4109,116014374195,2942,116014377137,9,0,1,125440,9,7312818197
4110,116014386946,237785,116014624731,2,0,1,15360,2,9195672283
4111,116014459639,323775,116014783414,8,0,0,3072,8,9095436757
4112,116014468245,403007,116014871252,5,0,1,82944,5,10453126943
4113,116014751427,180250,116014931677,5,0,0,253952,5,7527545083
4114,116014933024,202916,116015135940,6,0,1,40960,6,538176226
4115,116015074408,81572,116015155980,9,0,1,45056,9,1267871854
4116,116015085341,106244,116015191585,9,0,1,3072,9,5766404922
4117,116015142556,109612,116015252168,9,0,1,59904,9,9383805120
4118,116015300555,79300,116015379855,0,0,1,15872,0,7619243912
4119,116015324835,100252,116015425087,0,0,1,29184,0,6079710650
4120,116015516251,44229,116015560480,5,0,0,72704,5,5886806542
4121,116015645757,7226,116015652983,6,0,1,9728,6,4734164783
4122,116015651328,68212,116015719540,8,0,0,7680,8,8075919506
4123,116015984130,212995,116016197125,4,0,0,344576,4,2912822590
4124,116016224855,12991,116016237846,5,0,0,25088,5,2558219917
4125,116016316588,69280,116016385868,6,0,1,8192,6,3302659148
4126,116016543696,1038,116016544734,5,0,0,1024,5,2103461511
4127,116016590880,54783,116016645663,5,0,0,93184,5,7044702807
4128,116016591849,128634,116016720483,4,0,0,411136,4,5690906649
4129,116016708232,281484,116016989716,1,0,1,17920,1,3862793922
4130,116016709248,229337,116016938585,9,0,1,6656,9,781360995
4131,116016716584,407744,116017124328,0,0,1,225792,0,5350871073
4132,116017125767,98380,116017224147,5,0,1,23040,5,9323648025
4133,116017289518,57109,116017346627,0,0,1,291328,0,3068297676
4134,116017294294,171274,116017465568,1,0,1,4608,1,9366293796
4135,116017360412,278428,116017638840,9,0,0,97792,9,7234715767
4136,116017601595,59722,116017661317,5,0,1,5120,5,4081594331
4137,116017607466,50668,116017658134,5,0,1,17920,5,10659124507
4138,116017620378,96820,116017717198,5,0,1,37888,5,3569356252
4139,116017627231,102904,116017730135,9,0,1,2560,9,1417676096
4140,116017702216,65510,116017767726,6,0,1,9216,6,5319447634
4141,116017820115,108052,116017928167,6,0,1,54784,6,5839332451
4142,116017842941,95456,116017938397,1,0,1,1536,1,7930081137
4143,116018171789,111952,116018283741,6,0,1,67584,6,4816892814
4144,116018368143,95908,116018464051,6,0,1,19968,6,648635617
4145,116018493698,146942,116018640640,4,0,0,242688,4,296134297
4146,116018609856,163468,116018773324,1,0,1,50176,1,90246525
4147,116018661007,278825,116018939832,5,0,0,456192,5,10524910217
4148,116018744967,227512,116018972479,0,0,1,512,0,5770959273
4149,116018773217,218509,116018991726,9,0,0,166400,9,6947313342
4150,116018800762,4158,116018804920,5,0,1,3072,5,1116845789
4151,116018941072,76325,116019017397,0,0,1,422912,0,3485640512
4152,116019094682,443545,116019538227,8,0,0,11264,8,8017453255
4153,116019132706,584810,116019717516,4,0,0,128512,4,8346774271
4154,116019311284,75285,116019386569,8,0,0,1024,8,5634198699
4155,116019817430,376287,116020193717,9,0,0,609280,9,9621665408
4156,116019858280,140124,116019998404,9,0,1,33280,9,6747110077
4157,116019868027,378874,116020246901,9,0,1,17920,9,5212835007
4158,116020101173,90483,116020191656,5,0,0,154112,5,9073678557
4159,116020157125,442453,116020599578,4,0,0,22016,4,3777462158
4160,116020206354,176541,116020382895,5,0,0,290304,5,4877848474
4161,116020207076,250412,116020457488,5,0,1,50688,5,5015952944
4162,116020233581,226565,116020460146,9,0,0,246784,9,10301974232
4163,116020247812,109957,116020357769,9,0,1,15360,9,10262972454
4164,116020386664,282559,116020669223,6,0,1,11776,6,8764593387
4165,116020414098,140357,116020554455,6,0,1,8704,6,8888339526
4166,116020595214,260895,116020856109,5,0,1,10240,5,8810282859
4167,116020698725,232582,116020931307,1,0,1,54272,1,2592431204
4168,116020942538,262084,116021204622,0,0,1,278016,0,172246728
4169,116021064247,248537,116021312784,0,0,1,243712,0,7742747067
4170,116021236611,129580,116021366191,0,0,1,125440,0,5667044209
4171,116021254051,659376,116021913427,0,0,1,676864,0,1053283410
4172,116021434609,498173,116021932782,9,0,1,63488,9,9691821413
4173,116021634917,299436,116021934353,5,0,1,5120,5,2009393106
4174,116021792546,212786,116022005332,5,0,0,114688,5,8556248579
4175,116022043735,50980,116022094715,1,0,1,3584,1,8471853879
4176,116022063237,98224,116022161461,1,0,1,22528,1,7705276218
4177,116022384169,1038,116022385207,8,0,0,1024,8,8800522172
4178,116022429266,99472,116022528738,1,0,1,26624,1,4778431699
4179,116022457527,255969,116022713496,0,0,1,243712,0,8640153226
4180,116022492721,105801,116022598522,0,0,1,642560,0,8092212456
4181,116022607706,615197,116023222903,5,0,0,57344,5,394789421
4182,116022677806,431059,116023108865,6,0,1,3072,6,10573206665
4183,116022787557,321327,116023108884,5,0,0,446976,5,1781419094
4184,116022985612,230533,116023216145,5,0,0,415744,5,7970000412
4185,116023139165,384097,116023523262,9,0,1,23040,9,9863762107
4186,116023156594,295947,116023452541,5,0,1,15360,5,6598854623
4187,116023460752,101456,116023562208,9,0,1,29696,9,4577937367
4188,116023511267,183521,116023694788,5,0,1,18944,5,6020970760
4189,116023573712,70572,116023644284,4,0,0,108032,4,10481831109
4190,116023581220,52663,116023633883,7,0,1,5120,7,1368247633
4191,116023591632,84593,116023676225,8,0,0,11776,8,6254489946
4192,116023597083,87490,116023684573,5,0,0,124416,5,949775351
4193,116023689049,63874,116023752923,4,0,0,107520,4,2420658471
4194,116024014057,102124,116024116181,9,0,1,35328,9,10543997709
4195,116024122765,10495,116024133260,3,0,1,4096,3,7735473272
4196,116024133595,51136,116024184731,8,0,0,16896,8,6443487321
4197,116024421515,113200,116024534715,6,0,1,71680,6,6562563118
4198,116024626247,47284,116024673531,5,0,1,1536,5,3253863883
4199,116024673319,186448,116024859767,0,0,1,155136,0,8918588637
4200,116025102303,52287,116025154590,0,0,1,292352,0,5860311459
4201,116025113078,278740,116025391818,5,0,0,84992,5,10483910834
4202,116026006051,78544,116026084595,6,0,1,18432,6,7836801421
4203,116026063035,44141,116026107176,4,0,0,75776,4,1035009547
4204,116026418508,4370,116026422878,8,0,0,4608,8,1200515728
4205,116026949569,104462,116027054031,4,0,0,169984,4,3286722079
4206,116027000941,53436,116027054377,8,0,0,512,8,5502305412
4207,116027130232,13596,116027143828,4,0,0,23040,4,146261036
4208,116027481701,103840,116027585541,6,0,1,40960,6,4859923559
4209,116027593814,3894,116027597708,8,0,0,4096,8,3911329794
4210,116027803760,116320,116027920080,6,0,1,81920,6,5803996738
4211,116027842773,234279,116028077052,5,0,0,379392,5,3171263873
4212,116028017207,101985,116028119192,5,0,0,136192,5,6153166751
4213,116028076385,34510,116028110895,0,0,1,265216,0,1855810750
4214,116028101464,375032,116028476496,4,0,0,55808,4,4855218844
4215,116028167109,296643,116028463752,5,0,1,40448,5,5809543033
4216,116028262492,290253,116028552745,0,0,1,141824,0,5156951812
4217,116028654850,2942,116028657792,5,0,0,3072,5,4430221657
4218,116028682419,179484,116028861903,9,0,1,22016,9,609695544
4219,116029036859,45592,116029082451,6,0,1,1024,6,7419757087
4220,116029236965,116164,116029353129,6,0,1,81408,6,1941386704
4221,116029773938,97000,116029870938,9,0,1,23552,9,9291286525
4222,116029835032,205564,116030040596,0,0,1,213504,0,9569323273
4223,116030272430,97600,116030370030,9,0,1,20480,9,5941155127
4224,116030282810,116716,116030399526,6,0,1,21504,6,7166617894
4225,116030381740,108520,116030490260,6,0,1,56320,6,4578056050
4226,116030479779,114313,116030594092,9,0,1,40960,9,4396435370
4227,116030740274,117880,116030858154,0,0,1,87040,0,4005024306
4228,116030857539,4977,116030862516,8,0,0,4608,8,9430544048
4229,116030995834,562,116030996396,8,0,0,512,8,401276895
4230,116031017672,562,116031018234,9,0,1,47616,9,265476454
4231,116031071945,106040,116031177985,8,0,0,512,8,4750503681
4232,116031209918,87760,116031297678,6,0,1,18432,6,2767908725
4233,116031349163,1514,116031350677,0,0,1,283136,0,4432528228
4234,116031417742,266716,116031684458,8,0,0,1536,8,840599113
4235,116031510221,109413,116031619634,5,0,1,12288,5,6478122001
4236,116031521373,110292,116031631665,0,0,1,39424,0,6828913842
4237,116031589638,99448,116031689086,5,0,1,13824,5,943538388
4238,116031647077,95649,116031742726,6,0,1,6144,6,9880688495
4239,116031720318,99940,116031820258,5,0,1,28160,5,468132507
4240,116031901440,197452,116032098892,0,0,1,186880,0,10456950171
4241,116032087215,12231,116032099446,8,0,0,512,8,2058028487
4242,116032222121,45592,116032267713,5,0,1,1024,5,5179801520
4243,116032276692,115104,116032391796,4,0,0,187392,4,9044073725
4244,116032343483,249590,116032593073,0,0,1,60928,0,1959830536
4245,116032345779,43454,116032389233,0,0,1,545280,0,668048703
4246,116032478868,173464,116032652332,0,0,1,479744,0,10223526
4247,116032623536,252010,116032875546,4,0,0,71168,4,7458072231
4248,116032701322,774113,116033475435,9,0,1,8704,9,53245395
4249,116032774036,298137,116033072173,6,0,1,9728,6,4422983273
4250,116032821766,255422,116033077188,4,0,0,351232,4,1328363709
4251,116032864500,48577,116032913077,5,0,0,253440,5,10422707321
4252,116033073784,860903,116033934687,8,0,0,2560,8,4940592140
4253,116033196558,226489,116033423047,5,0,1,13824,5,9597517849
4254,116034159391,562,116034159953,8,0,0,512,8,6555814719
4255,116034203027,66676,116034269703,6,0,1,9728,6,5767998457
4256,116034580652,96088,116034676740,5,0,1,25600,5,6601469993
4257,116034624768,6484,116034631252,0,0,1,505856,0,7092153706
4258,116034697369,437064,116035134433,0,0,1,707584,0,2064646300
4259,116034757754,783305,116035541059,8,0,0,15872,8,6614872908
4260,116035284440,342134,116035626574,4,0,0,240640,4,357561538
4261,116035798225,74516,116035872741,4,0,0,124928,4,1182223289
4262,116035810112,64329,116035874441,6,0,1,65024,6,10071984581
4263,116035814518,562,116035815080,5,0,0,29184,5,208413799
4264,116035865051,186870,116036051921,8,0,1,6656,8,1001918512
4265,116035893588,184963,116036078551,8,0,0,512,8,3633330554
4266,116036151035,109144,116036260179,6,0,1,58368,6,1288017594
4267,116036386902,20362,116036407264,9,0,1,7168,9,8295324052
4268,116036406683,56680,116036463363,4,0,0,32768,4,2331826410
4269,116036409187,270891,116036680078,5,0,0,425984,5,10136232171
4270,116036422898,259446,116036682344,8,0,0,3584,8,6776406129
4271,116036463364,292122,116036755486,5,0,0,235520,5,3002913490
4272,116036643361,159910,116036803271,5,0,0,155136,5,5427672145
4273,116036793543,11674,116036805217,8,0,0,3072,8,5576243380
4274,116036817259,1990,116036819249,6,0,1,11264,6,6377004066
4275,116036881545,100920,116036982465,8,0,0,2048,8,2246473414
4276,116037082477,43900,116037126377,9,0,1,512,9,4460060067
4277,116037133249,6484,116037139733,8,0,0,15872,8,5555760705
4278,116037190530,5967,116037196497,6,0,1,17920,6,4196013189
4279,116037231138,86068,116037317206,4,0,0,14848,4,8071935910
4280,116037293389,57436,116037350825,5,0,1,4608,5,1553599590
4281,116037368159,57436,116037425595,5,0,1,4608,5,4100879599
4282,116037384540,174045,116037558585,4,0,0,282112,4,7425112182
4283,116037775926,305670,116038081596,5,0,0,495104,5,3822030530
4284,116038067784,115104,116038182888,5,0,0,187392,5,395072109
4285,116038355866,74229,116038430095,8,0,1,4096,8,3079920720
4286,116038467859,72664,116038540523,9,0,1,9216,9,1703372962
4287,116038725356,89482,116038814838,6,0,1,69120,6,8037228536
4288,116038734287,148657,116038882944,5,0,1,65536,5,3960420262
4289,116038970635,278050,116039248685,0,0,1,966144,0,9341454632
4290,116038975653,263322,116039238975,5,0,1,7168,5,6159613732
4291,116039034310,193633,116039227943,8,0,1,58880,8,889704672
4292,116039110085,750106,116039860191,4,0,0,454656,4,8975045153
4293,116039125479,704382,116039829861,7,0,0,1024,7,2240671714
4294,116039210926,430594,116039641520,4,0,0,58880,4,10214427730
4295,116039308109,765245,116040073354,4,0,0,306688,4,1251469497
4296,116039375539,365386,116039740925,5,0,0,405504,5,4155563017
4297,116039561190,327725,116039888915,5,0,0,244736,5,2730316319
4298,116039645752,254651,116039900403,3,0,1,18432,3,6736955306
4299,116039723612,191429,116039915041,4,0,0,83968,4,136991439
4300,116039757239,336877,116040094116,5,0,0,945152,5,2081230846
4301,116039889316,491228,116040380544,8,0,1,32768,8,1365238076
4302,116039975459,665185,116040640644,8,0,1,114688,8,9040192809
4303,116039983327,250258,116040233585,0,0,1,16384,0,3847371497
4304,116040198804,238206,116040437010,4,0,0,86528,4,3970766339
4305,116040213442,359374,116040572816,8,0,0,4096,8,9528352878
4306,116040215518,648407,116040863925,5,0,0,401408,5,1011625267
4307,116040457274,166603,116040623877,4,0,0,108032,4,1132048033
4308,116040461090,342550,116040803640,5,0,1,18944,5,6390899126
4309,116040755118,305670,116041060788,5,0,0,495104,5,8075645814
4310,116041000384,229145,116041229529,9,0,1,4608,9,1009182362
4311,116041004024,379817,116041383841,5,0,0,619520,5,7493535167
4312,116041558019,193597,116041751616,5,0,1,16896,5,8622764914
4313,116041717193,43900,116041761093,5,0,1,512,5,8208866739
4314,116041750979,90105,116041841084,9,0,1,24064,9,8843369543
4315,116041817495,63704,116041881199,5,0,0,103936,5,833196375
4316,116041916862,76644,116041993506,6,0,1,10240,6,9593207466
4317,116042013336,116944,116042130280,6,0,1,83968,6,2095076161
4318,116042172482,108364,116042280846,9,0,1,55808,9,6138569224
4319,116042175268,107461,116042282729,9,0,1,6144,9,9788863742
4320,116042378238,194176,116042572414,6,0,1,176128,6,6890591519
4321,116042463316,142836,116042606152,9,0,1,58880,9,289400369
4322,116042505220,132770,116042637990,4,0,0,215040,4,9631658392
4323,116042553622,95095,116042648717,4,0,0,43008,4,3643104867
4324,116042822686,45592,116042868278,9,0,1,1024,9,7507237779
4325,116042881943,62824,116042944767,9,0,1,7168,9,1531315102
4326,116043074543,52360,116043126903,5,0,1,3072,5,432734404
4327,116043174399,122645,116043297044,4,0,0,198656,4,2611757771
4328,116043187574,102527,116043290101,5,0,1,68608,5,7386777212
4329,116043200521,258651,116043459172,5,0,0,20480,5,6827026519
4330,116043332624,145237,116043477861,8,0,1,512,8,9444185632
4331,116043479755,4158,116043483913,0,0,1,283648,0,3301628946
4332,116043491354,271480,116043762834,8,0,0,11264,8,5713858304
4333,116043687760,121371,116043809131,9,0,1,6144,9,2595109686
4334,116043801759,113044,116043914803,8,0,1,71168,8,5972384729
4335,116044125294,3418,116044128712,8,0,0,3584,8,950563772
4336,116044145336,100564,116044245900,9,0,1,30208,9,10505980205
4337,116044255886,69748,116044325634,5,0,1,9728,5,4659668699
4338,116044363482,67900,116044431382,4,0,1,8704,4,3138904637
4339,116044578986,110548,116044689534,0,0,1,62976,0,10694368537
4340,116044646314,134579,116044780893,5,0,0,218624,5,4769623606
4341,116044704666,119455,116044824121,8,0,1,2048,8,9433139744
4342,116044757932,1514,116044759446,6,0,1,230400,6,4031920425
4343,116044910926,3418,116044914344,8,0,0,1536,8,9904248980
4344,116044982282,315588,116045297870,4,0,0,3584,4,5223214384
4345,116045070914,107686,116045178600,0,0,1,45056,0,5209987151
4346,116045187279,114071,116045301350,0,0,1,975360,0,8448362813
4347,116045231491,799336,116046030827,6,0,1,117248,6,12868267
4348,116045250663,399804,116045650467,5,0,0,185344,5,974108429
4349,116045487061,790870,116046277931,9,0,1,52224,9,9849288665
4350,116045502066,537622,116046039688,8,0,1,56832,8,8511405478
4351,116045586822,568550,116046155372,5,0,0,185856,5,711428391
4352,116046014378,64391,116046078769,9,0,1,1525760,9,3251157887
4353,116046141715,21137,116046162852,9,0,1,710144,9,4534189733
4354,116046225667,1348059,116047573726,0,0,1,267776,0,1925980144
4355,116046278624,598631,116046877255,3,0,1,5632,3,380355099
4356,116046396941,1218396,116047615337,5,0,0,108544,5,9175288207
4357,116046663206,786088,116047449294,0,0,1,335872,0,7171877954
4358,116046666262,1175477,116047841739,3,0,1,27136,3,2643539995
4359,116046727715,1528785,116048256500,5,0,0,34304,5,9541615647
4360,116046763825,737573,116047501398,5,0,0,510464,5,6576381293
4361,116046932962,1109676,116048042638,8,0,0,2048,8,1479286078
4362,116047102823,505844,116047608667,3,0,1,174592,3,8828713348
4363,116047140646,655213,116047795859,5,0,0,207360,5,5732145933
4364,116047216101,748450,116047964551,5,0,0,335872,5,2914867363
4365,116047267985,554658,116047822643,3,0,1,3072,3,454945985
4366,116047436304,774888,116048211192,9,0,1,385024,9,6367677689
4367,116047437922,553078,116047991000,5,0,0,49152,5,10453908695
4368,116047674720,316291,116047991011,8,0,0,6656,8,218693721
4369,116047878589,269981,116048148570,8,0,1,6144,8,9288156704
4370,116047923899,340439,116048264338,8,0,1,82944,8,10228608316
4371,116047970479,391493,116048361972,3,0,1,17408,3,2253344699
4372,116048009574,413561,116048423135,6,0,1,200704,6,10119137417
4373,116048072607,664387,116048736994,0,0,1,532992,0,4273030953
4374,116048075626,669499,116048745125,9,0,1,26624,9,6570970152
4375,116048220381,564067,116048784448,0,0,1,129024,0,1203343093
4376,116048435149,516422,116048951571,9,0,1,405504,9,4030535582
4377,116048577375,174847,116048752222,8,0,1,42496,8,7269623426
4378,116048768343,387478,116049155821,0,0,1,708096,0,2951728409
4379,116048777047,634338,116049411385,8,0,1,1024,8,9798037755
4380,116049084780,323372,116049408152,3,0,1,17920,3,6683261167
4381,116049249207,193512,116049442719,5,0,0,60416,5,7583654056
4382,116049252219,372147,116049624366,3,0,1,59392,3,257274381
4383,116049304778,442813,116049747591,0,0,1,259584,0,9608789712
4384,116049554178,176039,116049730217,3,0,1,3072,3,10169827104
4385,116049763518,6750,116049770268,8,0,0,7168,8,2515521313
4386,116049809430,154483,116049963913,5,0,0,253952,5,8586017011
4387,116050343966,113812,116050457778,5,0,0,184832,5,1970673291
4388,116050492351,1038,116050493389,9,0,1,582656,9,4365506734
4389,116050675623,188475,116050864098,8,0,0,1024,8,5792658818
4390,116050685347,597721,116051283068,5,0,0,310272,5,10593043319
4391,116051071986,18640,116051090626,8,0,0,512,8,3581410558
4392,116051314732,559294,116051874026,0,0,1,662528,0,5048161630
4393,116051330142,348987,116051679129,0,0,1,111616,0,7298627416
4394,116051533318,586182,116052119500,8,0,1,27136,8,8219993660
4395,116051562947,506112,116052069059,6,0,1,501248,6,7569621118
4396,116051612514,467320,116052079834,0,0,1,35328,0,501594212
4397,116051990149,200537,116052190686,9,0,1,64000,9,7395950524
4398,116051998080,562,116051998642,0,0,1,534528,0,7212314413
4399,116052181375,571320,116052752695,9,0,1,35328,9,4084257829
4400,116052246884,398816,116052645700,8,0,0,512,8,7835181054
4401,116052438511,346454,116052784965,6,0,1,246272,6,4531727265
4402,116052451669,339235,116052790904,4,0,1,19456,4,3935850158
4403,116052876166,12304,116052888470,5,0,0,20480,5,5183084819
4404,116052960075,128952,116053089027,1,0,1,64000,1,2717750164
4405,116053149710,382336,116053532046,9,0,1,471040,9,7895706037
4406,116053211846,280540,116053492386,6,0,1,29696,6,6013733826
4407,116053254793,262723,116053517516,8,0,1,10752,8,4438180367
4408,116053276989,336925,116053613914,8,0,1,14336,8,5008668082
4409,116053378184,196494,116053574678,9,0,1,84992,9,8521555178
4410,116053846554,180568,116054027122,9,0,1,156672,9,8556866373
4411,116054055138,47504,116054102642,8,0,1,15360,8,6290532481
4412,116054079836,89896,116054169732,1,0,1,1536,1,9553478910
4413,116054153308,1514,116054154822,8,0,0,1536,8,3029821069
4414,116054454157,129736,116054583893,6,0,1,125952,6,5821241706
4415,116054848725,58528,116054907253,7,0,1,8192,7,6051134102
4416,116055045924,254270,116055300194,5,0,0,411648,5,4151497149
4417,116055501254,197140,116055698394,6,0,1,185856,6,3840183712
4418,116055791230,2942,116055794172,9,0,1,75264,9,3515349560
4419,116055863711,114292,116055978003,8,0,0,3072,8,6049504107
4420,116055878143,61120,116055939263,5,0,0,98816,5,2099496236
4421,116055896313,1990,116055898303,6,0,1,865792,6,7763398109
4422,116056141047,752147,116056893194,6,0,1,225280,6,5065526407
4423,116056321351,576080,116056897431,8,0,0,2048,8,7028615101
4424,116056461479,563406,116057024885,9,0,1,451584,9,2050289277
4425,116056483412,636956,116057120368,0,0,1,313344,0,983339000
4426,116057273591,89476,116057363067,1,0,1,24064,1,1647489579
4427,116057303737,170450,116057474187,8,0,1,89088,8,7998247923
4428,116057876683,381244,116058257927,0,0,1,467456,0,9801502934
4429,116058044723,241763,116058286486,6,0,1,93696,6,1781417847
4430,116058108996,188897,116058297893,7,0,1,37376,7,7680586483
4431,116058235342,65918,116058301260,8,0,0,9728,8,431236019
4432,116058282821,581690,116058864511,0,0,1,686592,0,8962099865
4433,116058439070,425452,116058864522,5,0,0,666112,5,1239022533
4434,116058483174,528673,116059011847,1,0,1,101376,1,2044243257
4435,116059015460,24408,116059039868,9,0,1,320512,9,6154324991
4436,116059094291,287320,116059381611,5,0,0,44032,5,8909477363
4437,116059327791,130700,116059458491,7,0,1,14848,7,3686518664
4438,116059479660,282328,116059761988,0,0,1,304128,0,2233922278
4439,116059573321,378603,116059951924,0,0,1,340480,0,1747548434
4440,116059599637,353702,116059953339,1,0,1,4608,1,4147421233
4441,116060544501,116788,116060661289,1,0,1,83456,1,1925010584
4442,116061006856,3894,116061010750,8,0,0,4096,8,1081693801
4443,116061176908,58216,116061235124,1,0,1,7168,1,6785691448
4444,116061301953,189184,116061491137,6,0,1,159744,6,2120694952
4445,116061375591,170350,116061545941,1,0,1,39936,1,1341557017
4446,116061578404,111796,116061690200,1,0,1,67072,1,7511800062
4447,116061762239,101032,116061863271,7,0,1,31744,7,2596445989
4448,116061889908,59128,116061949036,1,0,1,5120,1,10093848295
4449,116062080314,406714,116062487028,9,0,1,519680,9,9409472170
4450,116062169358,329800,116062499158,1,0,1,26112,1,1702843553
4451,116062209866,322163,116062532029,6,0,1,76288,6,1231887982
4452,116062216002,475170,116062691172,9,0,1,697856,9,10470050567
4453,116062310761,728772,116063039533,1,0,1,8192,1,8937849983
4454,116062642958,305259,116062948217,8,0,1,11264,8,10571832892
4455,116062797155,335318,116063132473,9,0,1,158720,9,1688441027
4456,116063130728,52405,116063183133,7,0,1,2560,7,3102716044
4457,116063201585,75760,116063277345,1,0,1,14336,1,3448616972
4458,116063378467,562,116063379029,7,0,1,6144,7,6820710017
4459,116063401344,62512,116063463856,8,0,0,512,8,4233392310
4460,116063522216,100876,116063623092,6,0,1,31232,6,6191799892
4461,116063535700,306187,116063841887,5,0,0,496128,5,8731387009
4462,116063551329,290917,116063842246,0,0,0,9728,0,4816344463
4463,116063756513,614997,116064371510,9,0,1,585216,9,4673644047
4464,116064088336,294573,116064382909,6,0,1,37376,6,9807411606
4465,116064154318,233282,116064387600,1,0,1,15360,1,2017391458
4466,116064321716,70722,116064392438,8,0,0,5120,8,5318121886
4467,116064541745,5798,116064547543,9,0,1,607744,9,3640995969
4468,116064605954,493450,116065099404,8,0,0,6144,8,5878530067
4469,116065020042,83825,116065103867,8,0,1,11264,8,8637684149
4470,116066435930,102124,116066538054,1,0,1,35328,1,2062248067
4471,116066548380,91495,116066639875,5,0,0,147968,5,1117228862
4472,116066568172,72369,116066640541,8,0,0,1024,8,4150115427
4473,116066702134,562,116066702696,8,0,0,512,8,5377633746
4474,116066722227,387202,116067109429,6,0,1,420352,6,2403150028
4475,116066975098,136058,116067111156,7,0,1,5632,7,7343446858
4476,116067863173,109924,116067973097,9,0,1,60928,9,7423258056
4477,116067952337,99316,116068051653,8,0,1,26112,8,3178123324
4478,116068076252,6274,116068082526,7,0,0,6656,7,4123178094
4479,116068142602,262426,116068405028,6,0,1,278016,6,9042497649
4480,116068465960,136041,116068602001,5,0,0,224768,5,6966538090
4481,116068502537,250381,116068752918,7,0,1,92160,7,1657371387
4482,116068902649,308692,116069211341,9,0,1,390656,9,1226310946
4483,116068951999,259361,116069211360,5,0,0,292352,5,1774386193
4484,116069004276,207095,116069211371,8,0,0,512,8,4998014023
4485,116069102120,495633,116069597753,5,0,0,625664,5,6656390598
4486,116069422010,233935,116069655945,8,0,1,39936,8,6116821052
4487,116069584774,179516,116069764290,8,0,1,22016,8,8488231104
4488,116069703692,97092,116069800784,6,0,1,193536,6,6829260589
4489,116069785327,265644,116070050971,5,0,0,162304,5,7676893580
4490,116069927528,43314,116069970842,8,0,0,1536,8,1696357940
4491,116070095863,45592,116070141455,1,0,1,1024,1,9401402303
4492,116070176977,99940,116070276917,1,0,1,28160,1,8791854284
4493,116070541238,103858,116070645096,5,0,0,172032,5,5593939954
4494,116070614323,134062,116070748385,5,0,0,217600,5,1543900279
4495,116070658431,306514,116070964945,1,0,1,80896,1,6970192875
4496,116070867172,145367,116071012539,7,0,1,31232,7,3607737621
4497,116070923623,164437,116071088060,5,0,0,266752,5,2864817764
4498,116071121738,88151,116071209889,9,0,1,454656,9,6557126491
4499,116071188296,509375,116071697671,1,0,1,2560,1,383365219
4500,116071642065,62980,116071705045,7,0,1,7680,7,2660634684
4501,116071765811,132770,116071898581,5,0,0,215040,5,1116902118
4502,116071861608,360750,116072222358,9,0,1,190976,9,3387081426
4503,116071894037,451378,116072345415,6,0,1,207360,6,8508539790
4504,116072612120,264556,116072876676,9,0,1,281088,9,1075487572
4505,116072924503,155775,116073080278,5,0,0,256512,5,529379795
4506,116073102368,173531,116073275899,7,0,1,3072,7,6527774145
4507,116073307308,204160,116073511468,9,0,1,208896,9,9177058473
4508,116073351284,171620,116073522904,1,0,1,12288,1,10311857430
4509,116073619372,2466,116073621838,8,0,0,2560,8,4321561256
4510,116073701336,4846,116073706182,8,0,0,5120,8,2547900034
4511,116073801878,4158,116073806036,8,0,0,11264,8,6290000259
4512,116073836358,3900,116073840258,8,0,0,10752,8,3207081739
4513,116074171543,105244,116074276787,6,0,1,45568,6,9356936893
4514,116074387260,21137,116074408397,5,0,0,34304,5,506351041
4515,116074472963,4933,116074477896,0,0,1,357888,0,4947267868
4516,116074540227,308266,116074848493,8,0,0,12800,8,3049347982
4517,116074730728,151525,116074882253,0,0,1,31744,0,446357483
4518,116074857795,21930,116074879725,9,0,1,369664,9,9168884267
4519,116074882227,303832,116075186059,5,0,0,35840,5,3780657505
4520,116074906809,226738,116075133547,9,0,1,254464,9,4834380083
4521,116074973702,505645,116075479347,5,0,0,368128,5,6353400576
4522,116075386541,4933,116075391474,0,0,1,114176,0,6963812166
4523,116075538728,202144,116075740872,8,0,0,12800,8,5971551260
4524,116075756630,1990,116075758620,8,0,0,2048,8,3400885941
4525,116075813021,4675,116075817696,8,0,0,12288,8,3372017292
4526,116075860595,383977,116076244572,0,0,1,451584,0,258249662
4527,116076123429,122649,116076246078,8,0,0,1536,8,7983383122
4528,116076244711,3788,116076248499,5,0,0,3584,5,10431372729
4529,116076753163,3894,116076757057,8,0,0,4096,8,6837557372
4530,116076836047,119752,116076955799,6,0,1,93184,6,7367002544
4531,116076904963,146942,116077051905,5,0,0,242688,5,7262685340
4532,116077051150,1421,116077052571,8,0,0,1024,8,8812970857
4533,116077111958,476567,116077588525,6,0,1,420352,6,5205735534
4534,116077182882,578215,116077761097,9,0,1,502784,9,1942938134
4535,116077484619,278829,116077763448,8,0,1,7680,8,2607900861
4536,116078129979,6274,116078136253,8,0,0,6656,8,5004410400
4537,116078387134,562,116078387696,8,0,0,512,8,4720933540
4538,116078546594,116632,116078663226,0,0,1,82944,0,2387449107
4539,116078675759,85675,116078761434,5,0,0,143360,5,7466398547
4540,116079041271,186666,116079227937,7,0,0,306688,7,9342070781
4541,116079199420,134321,116079333741,9,0,1,786944,9,8062797091
4542,116079271491,779043,116080050534,5,0,0,218112,5,3203433132
4543,116079318787,308658,116079627445,6,0,1,66048,6,3832578288
4544,116079669816,679822,116080349638,5,0,0,141824,5,3243935451
4545,116079897376,584067,116080481443,6,0,1,572928,6,1287594414
4546,116081027282,11012,116081038294,8,0,0,17920,8,10121845249
4547,116081138707,223222,116081361929,6,0,1,204800,6,2443659729
4548,116081264840,97100,116081361940,2,0,0,109568,2,8328178540
4549,116081575165,222076,116081797241,0,0,1,262656,0,1422442670
4550,116082352534,97600,116082450134,9,0,1,20480,9,8134746519
4551,116082424619,280612,116082705231,6,0,1,298496,6,977540952
4552,116082478829,233589,116082712418,9,0,1,23552,9,10046006739
4553,116082493361,310210,116082803571,0,0,1,160256,0,989039869
4554,116082715229,89913,116082805142,8,0,1,5120,8,10469321435
4555,116082821889,1990,116082823879,6,0,1,580096,6,1583566961
4556,116082870590,486562,116083357152,8,0,0,2048,8,4018808333
4557,116083082882,392255,116083475137,6,0,1,415232,6,10188216598
4558,116083083960,470132,116083554092,6,0,1,259072,6,8873890605
4559,116083262969,312202,116083575171,9,0,1,69120,9,1374491381
4560,116083354477,374823,116083729300,5,0,0,287744,5,441103855
4561,116083674587,194983,116083869570,5,0,0,319488,5,2597483184
4562,116083762433,317293,116084079726,2,0,0,499200,2,6206252786
4563,116083988206,164765,116084152971,4,0,0,244224,4,2565670204
4564,116083990547,367668,116084358215,6,0,1,19456,6,6532879021
4565,116084173525,195071,116084368596,4,0,0,316416,4,5816815205
4566,116084230377,333049,116084563426,9,0,1,17408,9,6390894377
4567,116084316318,320732,116084637050,6,0,1,139776,6,9574779904
4568,116084539899,178213,116084718112,2,0,0,772608,2,7173707164
4569,116084702017,301505,116085003522,9,0,1,62464,9,1113768470
4570,116084791229,477279,116085268508,8,0,1,1024,8,479531283
4571,116084947848,72236,116085020084,8,0,0,4608,8,5517945364
4572,116084997280,34275,116085031555,0,0,1,20480,0,4809838240
4573,116085007132,141899,116085149031,2,0,0,59904,2,5682831715
4574,116085009132,333028,116085342160,0,0,1,91648,0,1029563071
4575,116085503495,288256,116085791751,0,0,1,323584,0,1311669001
4576,116085512733,286377,116085799110,8,0,1,24064,8,5592411391
4577,116085607030,202462,116085809492,6,0,1,949248,6,7516852184
4578,116085730152,924601,116086654753,4,0,0,216576,4,2987892795
4579,116085743700,801514,116086545214,9,0,1,44544,9,7714120130
4580,116085980620,678487,116086659107,2,0,0,1097728,2,243275060
4581,116086403369,337098,116086740467,9,0,1,28160,9,2612359425
4582,116086515612,24666,116086540278,5,0,0,498688,5,8218817207
4583,116086958871,630281,116087589152,4,0,0,44544,4,619548159
4584,116087212876,103840,116087316716,0,0,1,40960,0,10719762935
4585,116087249119,3418,116087252537,6,0,1,318464,6,8814150694
4586,116087407516,304555,116087712071,8,0,0,3584,8,6882583469
4587,116087423525,130160,116087553685,4,0,0,147456,4,6352796387
4588,116087628212,375770,116088003982,4,0,0,608256,4,9472586616
4589,116087872738,1038,116087873776,8,0,1,45056,8,8921599760
4590,116087964329,337136,116088301465,0,0,1,154112,0,5803853648
4591,116088030992,302122,116088333114,8,0,0,1024,8,9325735809
4592,116088121409,145061,116088266470,4,0,0,211456,4,5333306912
4593,116088236945,266132,116088503077,6,0,1,183296,6,4382090228
4594,116088253881,272578,116088526459,0,0,1,52224,0,4909035052
4595,116088345439,189452,116088534891,6,0,1,105984,6,6542935961
4596,116088361525,246552,116088608077,8,0,1,29184,8,1059837558
4597,116088441725,196424,116088638149,6,0,1,67584,6,2241743232
4598,116088479464,372288,116088851752,4,0,0,568832,4,5868473009
4599,116088489776,362962,116088852738,8,0,0,1536,8,6181857268
4600,116088550942,430275,116088981217,2,0,0,410112,2,887538204
4601,116088577093,408630,116088985723,8,0,0,7168,8,7505845767
4602,116088594843,484350,116089079193,2,0,0,308224,2,7318266906
4603,116088609775,490923,116089100698,5,0,0,78336,5,8633886921
4604,116088772871,359291,116089132162,4,0,0,109568,4,411903065
4605,116088842317,290306,116089132623,8,0,0,10240,8,93785957
4606,116088897824,348698,116089246522,4,0,0,373248,4,3118717640
4607,116088966979,107475,116089074454,0,0,1,243712,0,8380668347
4608,116089312403,571713,116089884116,5,0,0,179200,5,1868778542
4609,116089434986,103320,116089538306,8,0,1,47616,8,8932703842
4610,116089435383,281093,116089716476,2,0,0,159232,2,6521470737
4611,116089774336,277565,116090051901,8,0,1,51712,8,2358240612
4612,116090242640,110860,116090353500,8,0,1,64000,8,442101209
4613,116090353988,768358,116091122346,6,0,1,1026048,6,930843778
4614,116090607547,578778,116091186325,6,0,1,209920,6,10009717384
4615,116090636794,585742,116091222536,0,0,1,118784,0,10377020534
4616,116090722915,501504,116091224419,1,0,1,6144,1,1759550985
4617,116090882987,343791,116091226778,1,0,1,7680,1,2675914204
4618,116090980241,239278,116091219519,5,0,0,236544,5,1358460367
4619,116091106289,391975,116091498264,7,0,1,97792,7,223666490
4620,116091326427,30173,116091356600,1,0,1,3584,1,8950247664
4621,116091342709,6225,116091348934,8,0,0,1024,8,9435127630
4622,116091392199,197801,116091590000,8,0,0,15360,8,4655813718
4623,116091657884,4158,116091662042,4,0,0,11264,4,9648270179
4624,116091954477,64228,116092018705,0,0,1,11776,0,9962515824
4625,116092021927,5322,116092027249,8,0,0,5632,8,7741274089
4626,116092097045,7702,116092104747,8,0,0,8192,8,7215434681
4627,116092367917,3641,116092371558,1,0,1,45056,1,8286581848
4628,116092424110,105088,116092529198,8,0,0,10240,8,9897606828
4629,116092431226,266979,116092698205,2,0,0,433152,2,802264262
4630,116092542316,221541,116092763857,0,0,1,47616,0,9460701794
4631,116092554227,273412,116092827639,1,0,1,77312,1,377206546
4632,116092812654,211860,116093024514,1,0,1,53248,1,10667181216
4633,116092930903,203904,116093134807,2,0,0,330240,2,6363681667
4634,116092970662,278088,116093248750,1,0,1,11264,1,4763585739
4635,116093033712,224412,116093258124,4,0,0,363520,4,7764851067
4636,116093061716,169253,116093230969,6,0,1,263168,6,3123346153
4637,116093100213,274765,116093374978,5,0,0,37888,5,2589616883
4638,116093129066,275052,116093404118,2,0,0,405504,2,3182620160
4639,116093134168,515869,116093650037,5,0,0,25600,5,3474279285
4640,116093333949,61411,116093395360,7,0,1,32768,7,262311790
4641,116093430212,275857,116093706069,6,0,1,531968,6,6907356402
4642,116093457399,417867,116093875266,7,0,1,61952,7,7683054772
4643,116093481326,435682,116093917008,8,0,1,46592,8,9157972098
4644,116093517204,180610,116093697814,8,0,0,1024,8,6398206947
4645,116093736409,743811,116094480220,2,0,0,278016,2,6960398450
4646,116094097949,112149,116094210098,2,0,0,63488,2,8474092414
4647,116094197291,183395,116094380686,2,0,0,296960,2,7685996661
4648,116094208566,172466,116094381032,8,0,0,512,8,9504162637
4649,116094247615,289665,116094537280,0,0,1,38400,0,3765958418
4650,116094386527,222700,116094609227,7,0,1,65536,7,8235154825
4651,116094537197,121806,116094659003,0,0,1,67584,0,3494647218
4652,116094723836,10753,116094734589,4,0,0,17408,4,8172453127
4653,116094895376,375940,116095271316,6,0,1,450048,6,6397697515
4654,116095100664,170671,116095271335,2,0,0,149504,2,8705415861
4655,116095186493,151906,116095338399,8,0,1,5632,8,10124612800
4656,116095224211,74258,116095298469,0,0,1,44032,0,2496976357
4657,116095231097,4933,116095236030,7,0,1,15872,7,7952206950
4658,116095306444,236815,116095543259,2,0,0,124416,2,2832032921
4659,116095383181,245148,116095628329,8,0,0,12800,8,2657041581
4660,116095454873,75033,116095529906,4,0,0,125952,4,7178803106
4661,116095706120,62512,116095768632,7,0,1,6144,7,799768970
4662,116095911449,96058,116096007507,4,0,0,160256,4,2737306680
4663,116095944878,94503,116096039381,2,0,0,103424,2,1991356872
4664,116096012671,121253,116096133924,0,0,1,35840,0,8216168848
4665,116096078987,562,116096079549,7,0,1,7680,7,76771087
4666,116096257047,11019,116096268066,8,0,0,512,8,4592980499
4667,116096257610,202717,116096460327,8,0,0,17920,8,2828222968
4668,116096379387,102280,116096481667,7,0,1,35840,7,6986399188
4669,116096449838,213676,116096663514,6,0,1,240128,6,2076521243
4670,116096644275,131751,116096776026,2,0,0,182272,2,3125365466
4671,116096778226,335529,116097113755,5,0,0,543232,5,8556124979
4672,116096934457,286513,116097220970,7,0,1,20480,7,7504845353
4673,116097644205,15058,116097659263,2,0,0,29184,2,2899820754
4674,116097953504,36859,116097990363,2,0,1,147456,2,6932379437
4675,116097993270,162400,116098155670,2,0,1,5120,2,6574031775
4676,116097994846,124205,116098119051,4,0,0,65024,4,10019501654
4677,116098281766,164437,116098446203,5,0,0,266752,5,3342931360
4678,116098309430,169159,116098478589,4,0,0,105984,4,9866318094
4679,116098373387,161921,116098535308,2,0,0,181248,2,733450558
4680,116098443897,470281,116098914178,6,0,1,418304,6,5564896279
4681,116098509256,404941,116098914197,4,0,0,508928,4,10609695050
4682,116098766718,147490,116098914208,2,0,0,112640,2,9096101393
4683,116098787312,1990,116098789302,0,0,1,42496,0,8706934230
4684,116098918934,3418,116098922352,7,0,1,21504,7,878100625
4685,116098946211,235874,116099182085,8,0,0,2048,8,1350083378
4686,116099033131,403418,116099436549,0,0,0,3584,0,4069601325
4687,116099086374,105150,116099191524,2,0,0,174592,2,91515509
4688,116099378566,562,116099379128,8,0,0,512,8,1876204184
4689,116099400296,6750,116099407046,6,0,1,1645568,6,2008315862
4690,116099461441,562,116099462003,0,0,0,7168,0,2899706625
4691,116099723397,53491,116099776888,0,0,1,4608,0,5738289077
4692,116099749608,385089,116100134697,0,0,0,512,0,4046343091
4693,116099751710,1442635,116101194345,6,0,1,450560,6,7032661035
4694,116099909705,576797,116100486502,4,0,0,90624,4,749857253
4695,116099919605,1229779,116101149384,4,0,0,1218048,4,4786249765
4696,116100020831,821639,116100842470,5,0,0,103424,5,1014077044
4697,116100193409,1095486,116101288895,2,0,1,110080,2,8348436154
4698,116100267393,994271,116101261664,8,0,1,4096,8,10404532740
4699,116100400762,707148,116101107910,6,0,0,150528,6,5274354561
4700,116100421903,680002,116101101905,2,0,1,69120,2,2724660998
4701,116100484180,586236,116101070416,5,0,0,167424,5,7550419883
4702,116100497331,695147,116101192478,2,0,1,35840,2,10711216269
4703,116100578612,169650,116100748262,0,0,0,11264,0,4333677164
4704,116100670473,1990,116100672463,7,0,1,69632,7,2453494043
4705,116100892770,632490,116101525260,2,0,1,91648,2,8231505316
4706,116101090729,902131,116101992860,5,0,0,238592,5,3832700400
4707,116101264479,480219,116101744698,0,0,0,2048,0,5270057274
4708,116101268738,104979,116101373717,5,0,0,171008,5,2301383251
4709,116101274403,135706,116101410109,5,0,0,124928,5,6940032696
4710,116101317759,168872,116101486631,9,0,1,2560,9,5332800269
4711,116101444102,134491,116101578593,8,0,0,221696,8,3871692415
4712,116101550692,562,116101551254,7,0,1,17408,7,2179227132
4713,116101680503,236618,116101917121,0,0,0,512,0,6147983427
4714,116101694829,132774,116101827603,8,0,0,376320,8,10101982667
4715,116101713057,229234,116101942291,8,0,1,8704,8,1012375019
4716,116101741009,119806,116101860815,7,0,1,6656,7,5026536206
4717,116101804821,290448,116102095269,0,0,0,10752,0,893416311
4718,116102266795,218485,116102485280,2,0,0,646656,2,5965585717
4719,116102433683,398863,116102832546,2,0,1,27648,2,9941613527
4720,116102435513,250062,116102685575,7,0,1,14848,7,4394344713
4721,116102660690,457029,116103117719,8,0,0,739840,8,5131672150
4722,116102874745,279366,116103154111,8,0,0,116736,8,5896175169
4723,116102887423,398091,116103285514,2,0,1,32768,2,2031880415
4724,116103283086,141594,116103424680,8,0,1,5632,8,8851183449
4725,116103513519,135525,116103649044,8,0,0,223744,8,5518409501
4726,116103565766,84641,116103650407,2,0,1,15360,2,8131743837
4727,116103608464,207927,116103816391,4,0,0,141312,4,1118810719
4728,116103748642,54525,116103803167,2,0,0,92672,2,636828189
4729,116103757965,216679,116103974644,2,0,1,102400,2,4929837653
4730,116103886155,33894,116103920049,6,0,1,509952,6,3319627714
4731,116103944636,508098,116104452734,0,0,0,4096,0,4679895474
4732,116104123765,273463,116104397228,0,0,1,9728,0,9611744752
4733,116104176234,235981,116104412215,6,0,1,49152,6,5579922216
4734,116104387441,272182,116104659623,2,0,0,404992,2,7698713089
4735,116104569133,132425,116104701558,4,0,0,143360,4,3525123696
4736,116104621947,95471,116104717418,5,0,0,59392,5,3745585342
4737,116104766711,12991,116104779702,4,0,0,25088,4,3887314689
4738,116104782429,152765,116104935194,7,0,1,20992,7,1509751871
4739,116105084390,35050,116105119440,2,0,0,61440,2,438368066
4740,116105182933,1514,116105184447,0,0,0,1536,0,3620151379
4741,116105202850,74863,116105277713,5,0,0,122368,5,5007416100
4742,116105355416,3894,116105359310,0,0,0,4096,0,5999378758
4743,116105672142,34363,116105706505,7,0,1,54784,7,3273115411
4744,116105703418,108052,116105811470,8,0,0,56832,8,9578150170
4745,116105820681,76842,116105897523,2,0,0,129536,2,2803522134
4746,116106261329,410967,116106672296,8,0,0,670208,8,1174610178
4747,116106277989,300365,116106578354,6,0,1,190976,6,5216421698
4748,116106373237,171011,116106544248,8,0,0,2048,8,9009940979
4749,116106395242,212234,116106607476,0,0,1,97280,0,4617398092
4750,116106519475,586420,116107105895,5,0,0,56320,5,1297088672
4751,116106560944,559594,116107120538,5,0,0,272896,5,4514527922
4752,116106590673,502626,116107093299,8,0,0,731136,8,9226078277
4753,116106642721,522696,116107165417,5,0,0,238592,5,2371751640
4754,116106688013,484022,116107172035,4,0,0,31744,4,6497674069
4755,116106784543,398117,116107182660,8,0,0,34304,8,328203367
4756,116107165708,21138,116107186846,0,0,0,6656,0,3576906731
4757,116107198007,137333,116107335340,5,0,0,227328,5,4638653484
4758,116107213101,126745,116107339846,0,0,0,7168,0,1494024315
4759,116107536544,184954,116107721498,8,0,1,9216,8,9128726736
4760,116107730233,105408,116107835641,5,0,0,175104,5,1055402852
4761,116108027784,25700,116108053484,4,0,0,46592,4,9320991246
4762,116108130307,246124,116108376431,8,0,0,402432,8,4141320617
4763,116108211691,258926,116108470617,9,0,1,89600,9,7902584075
4764,116108252548,218080,116108470628,4,0,0,288768,4,7317797265
4765,116108491672,3383,116108495055,0,0,0,9728,0,1294544598
4766,116108644290,72020,116108716310,7,0,1,18432,7,3520423345
4767,116108677341,122804,116108800145,5,0,0,116736,5,912488246
4768,116108801446,118613,116108920059,9,0,1,4608,9,6725214030
4769,116108883855,202437,116109086292,0,0,1,88064,0,5211683638
4770,116109067683,118192,116109185875,7,0,1,88064,7,3645479633
4771,116109098570,52828,116109151398,8,0,1,31232,8,2556845344
4772,116109145467,34125,116109179592,0,0,1,4608,0,4866025659
4773,116109173137,137915,116109311052,0,0,0,34816,0,8621269927
4774,116109219701,81887,116109301588,8,0,0,132608,8,6558703133
4775,116109357841,1990,116109359831,0,0,1,1536,0,3196711115
4776,116109483005,184952,116109667957,0,0,0,2048,0,10063628433
4777,116109537917,588912,116110126829,8,0,0,953344,8,1353329403
4778,116109803911,102871,116109906782,6,0,1,192000,6,8610089230
4779,116109980819,63004,116110043823,9,0,1,12800,9,5347298587
4780,116110061067,114499,116110175566,8,0,0,120320,8,5111011716
4781,116110101280,35514,116110136794,0,0,0,512,0,8818436852
4782,116110109191,273637,116110382828,8,0,0,189440,8,10731670137
4783,116110193002,562732,116110755734,0,0,0,7680,0,9912406481
4784,116110546620,205624,116110752244,4,0,0,336896,4,1355774480
4785,116110687688,126408,116110814096,4,0,0,205824,4,145635465
4786,116110695535,134728,116110830263,4,0,0,60928,4,10143055224
4787,116110776291,58052,116110834343,2,0,1,1024,2,6696990136
4788,116110783450,95105,116110878555,2,0,0,37376,2,7575933640
4789,116110826998,283550,116111110548,9,0,1,58880,9,9093012561
4790,116111072891,81370,116111154261,5,0,0,131584,5,2733311901
4791,116111206679,34791,116111241470,8,0,0,60928,8,4091689283
4792,116111213448,129736,116111343184,8,0,1,15360,8,6834474421
4793,116111289234,162534,116111451768,4,0,1,80896,4,5691764388
4794,116111600890,134233,116111735123,0,0,0,221184,0,3325519476
4795,116112239249,104152,116112343401,2,0,1,41984,2,7933761194
4796,116112286353,100302,116112386655,2,0,1,21504,2,5693674646
4797,116112540011,15317,116112555328,8,0,0,29696,8,8631782923
4798,116112596009,70972,116112666981,7,0,1,8704,7,3288750158
4799,116112657902,50668,116112708570,7,0,1,2560,7,3669386146
4800,116112820131,15833,116112835964,5,0,0,30720,5,9782722935
4801,116113149637,84088,116113233725,7,0,1,21504,7,10679809352
4802,116113191347,113037,116113304384,4,0,0,183296,4,7611676627
4803,116113297455,145738,116113443193,8,0,0,237056,8,2572864962
4804,116113672896,114499,116113787395,5,0,0,189440,5,2976984417
4805,116113978537,12821,116113991358,4,0,0,21504,4,8622767249
4806,116113990398,55041,116114045439,0,0,0,93696,0,1859737109
4807,116114216326,106180,116114322506,2,0,1,48640,2,2522275414
4808,116114332249,112262,116114444511,2,0,0,181760,2,4677625307
4809,116114484079,165641,116114649720,4,0,0,272384,4,9953536996
4810,116114486297,174587,116114660884,8,0,1,37376,8,716077193
4811,116114498128,278014,116114776142,9,0,1,29184,9,2437269670
4812,116114587663,341266,116114928929,2,0,1,1024,2,6851218283
4813,116114832377,97312,116114929689,9,0,1,24576,9,1449250721
4814,116114849248,104891,116114954139,1,0,0,174080,1,1527806891
4815,116115250296,111484,116115361780,9,0,1,66048,9,9575133253
4816,116115446028,277533,116115723561,2,0,0,453632,2,4452013450
4817,116115671182,256508,116115927690,1,0,0,419328,1,8593741849
4818,116115838598,752116,116116590714,5,0,0,1221120,5,9653830150
4819,116115914461,676919,116116591380,2,0,0,11264,2,5950973293
4820,116116110288,497157,116116607445,2,0,0,52224,2,10449703912
4821,116116215498,532514,116116748012,6,0,1,326144,6,5958293074
4822,116116251338,496685,116116748023,2,0,0,177152,2,7431055832
4823,116116486771,167094,116116653865,9,0,1,32768,9,6807570774
4824,116116580940,223296,116116804236,4,0,0,13824,4,6971869062
4825,116116682330,3124,116116685454,2,0,0,260096,2,7587714177
4826,116116714213,6750,116116720963,8,0,1,16896,8,3684564913
4827,116116908721,495562,116117404283,1,0,0,9216,1,3638460122
4828,116116932500,329473,116117261973,8,0,0,7168,8,5978386381
4829,116116968242,177833,116117146075,6,0,1,140288,6,5301217950
4830,116116976250,4416,116116980666,2,0,1,13824,2,9369489252
4831,116117019136,313652,116117332788,2,0,0,292864,2,5350990900
4832,116117185127,371428,116117556555,9,0,1,5632,9,2267860636
4833,116117279514,156756,116117436270,9,0,0,11776,9,10051855846
4834,116117302658,1038,116117303696,9,0,1,28672,9,10265699031
4835,116117401487,208388,116117609875,1,0,0,1024,1,4934806324
4836,116117413740,174412,116117588152,1,0,1,53760,1,3131899596
4837,116117577024,23424,116117600448,1,0,0,20480,1,9656541570
4838,116117615659,26734,116117642393,0,0,0,48640,0,6503209500
4839,116117630291,182857,116117813148,0,0,0,295424,0,515067047
4840,116117813774,84900,116117898674,8,0,0,141824,8,2778532538
4841,116117874849,93991,116117968840,2,0,0,156160,2,5859426463
4842,116118557802,1514,116118559316,2,0,0,1536,2,8344121756
4843,116118637450,234279,116118871729,5,0,0,379392,5,4353502292
4844,116118736310,136085,116118872395,5,0,0,1024,5,4821203240
4845,116118874628,73312,116118947940,5,0,0,119296,5,9224729811
4846,116118903596,85349,116118988945,8,0,0,215040,8,1563306421
4847,116118935145,140199,116119075344,2,0,1,512,2,2108283016
4848,116119198184,125141,116119323325,8,0,0,206848,8,5019750378
4849,116119228570,105994,116119334564,8,0,0,37376,8,9476270900
4850,116119261786,187021,116119448807,2,0,0,286208,2,7293030436
4851,116119594763,143412,116119738175,2,0,0,232448,2,8049328649
4852,116119609705,222524,116119832229,1,0,1,23040,1,9153075619
4853,116119787334,282724,116120070058,2,0,1,9728,2,463404862
4854,116120276439,54783,116120331222,4,0,0,93184,4,351826193
4855,116120335146,149260,116120484406,2,0,1,55296,2,4210165922
4856,116120481257,15445,116120496702,8,0,0,20480,8,489813792
4857,116120910793,102592,116121013385,2,0,1,36864,2,1009181842
4858,116121134210,24925,116121159135,8,0,0,45056,8,2662758054
4859,116121144670,76112,116121220782,4,0,0,118272,4,10157069441
4860,116121433952,82084,116121516036,9,0,1,19968,9,7620235212
4861,116122014610,84729,116122099339,0,0,0,138240,0,1536683085
4862,116122427406,1514,116122428920,1,0,0,1536,1,8085522935
4863,116122512423,155863,116122668286,2,0,0,253440,2,9957794893
4864,116122657665,25700,116122683365,2,0,0,46592,2,4700299864
4865,116122893798,83179,116122976977,4,0,0,135168,4,5238561728
4866,116122930269,20620,116122950889,2,0,1,52224,2,7352093281
4867,116123017285,161506,116123178791,5,0,0,33280,5,784071612
4868,116123226660,3641,116123230301,1,0,0,10240,1,7683145504
4869,116123236615,64908,116123301523,0,0,0,109568,0,5097293241
4870,116123398641,66200,116123464841,4,0,0,112128,4,6213536736
4871,116123476509,83696,116123560205,1,0,1,202752,1,607978527
4872,116123584787,258953,116123843740,5,0,0,136192,5,5629077884
4873,116123587562,164445,116123752007,8,0,0,207872,8,1961856372
4874,116123616336,182022,116123798358,8,0,0,147968,8,6494678049
4875,116123631948,121036,116123752984,9,0,1,5632,9,5988292316
4876,116123677681,249509,116123927190,1,0,0,9728,1,8767894726
4877,116123950094,83608,116124033702,9,0,1,5632,9,1785195958
4878,116123966337,132899,116124099236,4,0,0,139264,4,10095614559
4879,116123987117,156812,116124143929,8,0,0,299008,8,3230237883
4880,116123989103,206147,116124195250,1,0,1,19456,1,7546521764
4881,116124194832,63358,116124258190,5,0,0,106496,5,4707684214
4882,116124512630,145908,116124658538,8,0,0,240640,8,9804284477
4883,116124603755,309975,116124913730,0,0,0,506880,0,8874416030
4884,116124720062,303000,116125023062,2,0,1,81920,2,8192079143
4885,116124840196,425878,116125266074,4,0,0,689152,4,3909268154
4886,116125130256,136804,116125267060,1,0,0,1536,1,657062263
4887,116125205578,138109,116125343687,2,0,1,49664,2,4826341243
4888,116125231506,145346,116125376852,0,0,0,228864,0,8112878225
4889,116125367956,358039,116125725995,1,0,1,1024,1,1393893280
4890,116125389248,78076,116125467324,9,0,1,7680,9,5855194338
4891,116125495756,206199,116125701955,2,0,1,16896,2,8860687119
4892,116125541792,85185,116125626977,1,0,1,18432,1,2876731661
4893,116125579735,47253,116125626988,5,0,0,70144,5,7404956253
4894,116125685677,13596,116125699273,5,0,0,23040,5,8307739706
4895,116125774182,10495,116125784677,8,0,0,16896,8,4171641343
4896,116125776752,96618,116125873370,2,0,0,156160,2,1450996975
4897,116125932019,150719,116126082738,2,0,1,16384,2,5589137670
4898,116125973918,198994,116126172912,9,0,1,109568,9,8083549761
4899,116126139652,56456,116126196108,5,0,0,38400,5,9707453647
4900,116126193268,248192,116126441460,5,0,0,406528,5,8682240169
4901,116126289927,152711,116126442638,8,0,0,13824,8,1396710592
4902,116126299572,130865,116126430437,1,0,1,70656,1,945300342
4903,116126358943,308540,116126667483,2,0,0,160256,2,4394336127
4904,116126535135,81112,116126616247,2,0,0,131072,2,3867085385
4905,116126593561,160789,116126754350,2,0,1,27648,2,8119972963
4906,116126776476,114614,116126891090,1,0,1,3584,1,4401277904
4907,116127040615,45433,116127086048,5,0,0,78336,5,9303021848
4908,116127059718,71272,116127130990,4,0,0,112640,4,44652062
4909,116127124221,75550,116127199771,8,0,0,126976,8,1158178365
4910,116127243924,66717,116127310641,4,0,0,113152,4,6423071146
4911,116127300064,141644,116127441708,1,0,1,55296,1,3704294857
4912,116127522377,315744,116127838121,4,0,0,901120,4,2066023118
4913,116127585601,256750,116127842351,4,0,0,14848,4,9964977098
4914,116127612572,440542,116128053114,9,0,1,3584,9,7824559792
4915,116127692490,556987,116128249477,2,0,1,6144,2,2308743215
4916,116127706760,495146,116128201906,2,0,0,562176,2,5658724636
4917,116127771102,549585,116128320687,4,0,1,26112,4,9385345327
4918,116127951935,301836,116128253771,1,0,1,72192,1,4206137358
4919,116127954855,283132,116128237987,1,0,0,512,1,3787010731
4920,116128066005,218601,116128284606,0,0,0,303104,0,6229687265
4921,116128157789,488500,116128646289,4,0,0,97792,4,8802973860
4922,116128178569,157462,116128336031,9,0,1,25088,9,3821961665
4923,116128297203,316917,116128614120,2,0,0,251904,2,5304835890
4924,116128331234,202014,116128533248,8,0,0,253440,8,4635277650
4925,116128417543,13854,116128431397,2,0,1,39424,2,5610856836
4926,116128593814,310521,116128904335,2,0,1,34304,2,7916191281
4927,116128668119,163920,116128832039,0,0,0,23552,0,4492346680
4928,116128715584,356460,116129072044,1,0,1,12288,1,9878219639
4929,116128751625,14541,116128766166,4,0,0,265728,4,1450949730
4930,116128952129,309222,116129261351,2,0,0,28160,2,7633285475
4931,116129167072,2942,116129170014,1,0,0,3072,1,7490039536
4932,116129197877,33071,116129230948,0,0,0,54272,0,4532529970
4933,116129217228,203771,116129420999,2,0,1,56832,2,7490003636
4934,116129395423,154054,116129549477,5,0,0,249856,5,3101431244
4935,116129511176,239429,116129750605,9,0,1,38400,9,6408649731
4936,116129553997,265799,116129819796,5,0,1,82944,5,10488095607
4937,116129864085,78520,116129942605,4,0,1,13312,4,9587977175
4938,116129923449,129184,116130052633,4,0,1,74752,4,4161511861
4939,116129923518,129126,116130052644,5,0,0,189952,5,2687471535
4940,116129924776,174292,116130099068,0,0,0,195584,0,6687782321
4941,116129971054,159240,116130130294,9,0,1,13824,9,7009640818
4942,116130027341,230919,116130258260,4,0,0,336896,4,88109945
4943,116130054493,292759,116130347252,1,0,1,27136,1,1818211564
4944,116130132491,357661,116130490152,5,0,0,541696,5,3044585791
4945,116130153505,159660,116130313165,8,0,0,238592,8,3960396704
4946,116130290488,408765,116130699253,5,0,1,31744,5,9842330355
4947,116130382942,190055,116130572997,4,0,0,43008,4,8244804500
4948,116130386684,154313,116130540997,5,0,1,1024,5,7705249162
4949,116130431753,13766,116130445519,2,0,1,122880,2,6774642523
4950,116130445732,291804,116130737536,5,0,0,88576,5,4374125090
4951,116130620810,442752,116131063562,8,0,0,26624,8,10448502184
4952,116130653073,175337,116130828410,0,0,0,284672,0,1457796212
4953,116130747790,2942,116130750732,5,0,1,14336,5,4329204327
4954,116130906405,249144,116131155549,1,0,0,3072,1,1775948653
4955,116130926637,245179,116131171816,2,0,0,397312,2,9094861363
4956,116130949455,341700,116131291155,0,0,0,391168,0,5243871329
4957,116131204026,224100,116131428126,9,0,1,9216,9,45634671
4958,116131260486,175812,116131436298,5,0,1,15872,5,7569730243
4959,116131432513,230515,116131663028,5,0,0,368128,5,6879862937
4960,116131462637,223328,116131685965,1,0,1,20480,1,7730075755
4961,116131684299,155376,116131839675,9,0,1,24064,9,8109285635
4962,116131816902,164179,116131981081,0,0,0,266240,0,9194459842
4963,116131869890,323218,116132193108,8,0,0,477696,8,10459590386
4964,116131924314,201122,116132125436,9,0,1,8704,9,555513839
4965,116131980266,192087,116132172353,5,0,1,16384,5,7570701641
4966,116131995212,305536,116132300748,0,0,0,5120,0,1997864642
4967,116132014872,256532,116132271404,5,0,0,42496,5,10351841168
4968,116132025948,300248,116132326196,2,0,0,390656,2,7983410244
4969,116132240915,127625,116132368540,2,0,0,145408,2,2457520652
4970,116132249503,132512,116132382015,2,0,1,24064,2,1980177153
4971,116132314225,30506,116132344731,4,0,1,16384,4,7740304422
4972,116132362829,328597,116132691426,0,0,0,214528,0,6699816028
4973,116132465821,350951,116132816772,1,0,0,1536,1,2161376115
4974,116132746871,25958,116132772829,5,0,0,47104,5,7136017030
4975,116132812195,1514,116132813709,1,0,0,1536,1,2287967327
4976,116132858989,4416,116132863405,1,0,0,11776,1,9850821584
4977,116132871500,314503,116133186003,5,0,0,508928,5,1477756483
4978,116132928243,164676,116133092919,1,0,1,18432,1,4554271770
4979,116133052996,66481,116133119477,5,0,0,110592,5,115089431
4980,116133183372,343844,116133527216,2,0,0,104960,2,5180266783
4981,116133243580,3418,116133246998,9,0,1,11776,9,10143766027
4982,116133283212,193580,116133476792,1,0,0,3584,1,3175985125
4983,116133345075,94766,116133439841,0,0,0,157696,0,1945925020
4984,116133379914,97036,116133476950,8,0,0,128512,8,9405912222
4985,116133384347,129098,116133513445,0,0,0,125440,0,1848862646
4986,116133611752,116825,116133728577,2,0,0,194048,2,8018930460
4987,116133662491,96109,116133758600,2,0,1,5632,2,6270277103
4988,116133848267,99784,116133948051,5,0,1,11264,5,4181263249
4989,116133852031,26475,116133878506,9,0,1,27648,9,3688021692
4990,116133962193,237575,116134199768,0,0,0,48128,0,9555116148
4991,116134016007,112003,116134128010,2,0,0,181248,2,9818523089
4992,116134051970,3900,116134055870,9,0,1,96256,9,6193778065
4993,116134131339,32812,116134164151,4,0,0,10752,4,8864248152
4994,116134191786,360829,116134552615,0,0,0,53760,0,10113026691
4995,116134662114,306446,116134968560,0,0,0,496640,0,2796354307
4996,116134859435,457804,116135317239,9,0,0,741376,9,8317732105
4997,116134900533,471265,116135371798,5,0,0,218112,5,1878375772
4998,116134940203,512597,116135452800,2,0,0,34304,2,4761543239
4999,116134941854,472938,116135414792,9,0,1,125952,9,10159985257
5000,116135202744,261037,116135463781,9,0,0,227840,9,47255518
5001,116135290918,123790,116135414708,9,0,1,44544,9,2657184595
5002,116135340862,301864,116135642726,5,0,0,12288,5,3280299652
5003,116135450127,239100,116135689227,9,0,0,392192,9,1915733006
5004,116135625909,63882,116135689791,1,0,0,10752,1,3601833275
5005,116135777013,1038,116135778051,1,0,0,1024,1,6244618184
5006,116135780940,378354,116136159294,5,0,0,613376,5,7805598783
5007,116135814475,397020,116136211495,8,0,0,167936,8,9934295378
5008,116135890461,399514,116136289975,4,0,0,261120,4,4906847033
5009,116136016169,480518,116136496687,0,0,0,648192,0,7770418246
5010,116136095027,463717,116136558744,0,0,0,198656,0,7226679494
5011,116136138506,325376,116136463882,4,0,1,5632,4,5347546346
5012,116136236914,460123,116136697037,1,0,0,5632,1,9357931372
5013,116136589318,41904,116136631222,8,0,0,68096,8,5745732588
5014,116136761568,23204,116136784772,0,0,0,38400,0,6574596827
5015,116136793989,4846,116136798835,9,0,1,28160,9,2667428668
5016,116136901375,141591,116137042966,2,0,1,5120,2,7428346577
5017,116136943174,280592,116137223766,5,0,1,12288,5,5440607709
5018,116137007124,139611,116137146735,1,0,0,5120,1,7738983959
5019,116137084456,31520,116137115976,4,0,1,9216,4,7122625902
5020,116137100558,21478,116137122036,8,0,0,51200,8,5542074056
5021,116137117218,69859,116137187077,0,0,0,31744,0,1203249337
5022,116137159089,43624,116137202713,8,0,0,74752,8,821585214
5023,116137226787,43900,116137270687,2,0,1,512,2,653042423
5024,116137252275,145391,116137397666,2,0,0,239616,2,10098113063
5025,116137263955,140432,116137404387,8,0,0,32256,8,843446163
5026,116137348172,22946,116137371118,2,0,1,47104,2,8902047447
5027,116137400130,1038,116137401168,8,0,0,37888,8,9397254589
5028,116137566107,254190,116137820297,1,0,0,1024,1,10575842937
5029,116137659484,127725,116137787209,9,0,0,211968,9,8254971895
5030,116137725214,62354,116137787568,9,0,0,9728,9,4028869950
5031,116137894295,66520,116137960815,5,0,1,9216,5,7466801775
5032,116137897137,157325,116138054462,0,0,0,259584,0,7454421124
5033,116137926049,172365,116138098414,9,0,1,9216,9,219725
5034,116137932710,178471,116138111181,8,0,0,189440,8,6928563996
5035,116138027059,203146,116138230205,4,0,1,56320,4,4432555583
5036,116138093159,124196,116138217355,5,0,1,13824,5,2545907457
5037,116138180396,238826,116138419222,8,0,0,201728,8,7131936786
5038,116138245779,90379,116138336158,2,0,0,101888,2,114329886
5039,116138395391,3418,116138398809,1,0,0,3584,1,7110014459
5040,116138400596,237758,116138638354,2,0,1,18944,2,6729727004
5041,116138627976,105238,116138733214,5,0,0,171520,5,3762636682
5042,116138681959,159797,116138841756,0,0,0,401920,0,5495141675
5043,116138704439,245866,116138950305,2,0,1,7168,2,4647217780
5044,116138708175,220214,116138928389,1,0,0,10752,1,9733539050
5045,116138712638,278355,116138990993,4,0,1,35840,4,9901868709
5046,116138889186,235483,116139124669,2,0,0,385024,2,2176338429
5047,116139016536,288175,116139304711,8,0,0,471040,8,8355658589
5048,116139245894,106294,116139352188,0,0,0,153600,0,742475847
5049,116139311518,41016,116139352534,1,0,0,512,1,9328309093
5050,116139332822,429408,116139762230,5,0,0,699392,5,6584274698
5051,116139386641,387033,116139773674,4,0,0,46592,4,1320407482
5052,116139503109,140852,116139643961,5,0,1,5632,5,10233905120
5053,116139649501,397185,116140046686,5,0,0,63488,5,6358664982
5054,116139913036,45950,116139958986,4,0,0,79360,4,6436722029
5055,116139943560,176283,116140119843,0,0,0,289792,0,5486279583
5056,116140170679,104979,116140275658,8,0,0,171008,8,2550593096
5057,116140175972,340872,116140516844,8,0,0,475648,8,7719714312
5058,116140220632,317922,116140538554,0,0,0,71168,0,10550124922
5059,116140270856,508100,116140778956,9,0,0,634880,9,5306442443
5060,116140387806,406601,116140794407,2,0,0,57344,2,2885280299
5061,116140532934,265339,116140798273,1,0,0,6144,1,2080185155
5062,116140562830,305818,116140868648,5,0,0,685056,5,5905610425
5063,116140595598,459917,116141055515,1,0,1,16384,1,3721692259
5064,116140681359,369911,116141051270,9,0,0,289280,9,10690636578
5065,116140740724,429287,116141170011,9,0,1,26112,9,10287716021
5066,116140790122,321833,116141111955,1,0,0,14848,1,10521647036
5067,116140893741,222400,116141116141,1,0,0,6656,1,6293177562
5068,116141182546,73999,116141256545,8,0,0,123904,8,6259501475
5069,116141241460,249250,116141490710,9,0,1,45568,9,6968003838
5070,116141271108,138498,116141409606,2,0,1,20480,2,9627271455
5071,116141421854,364524,116141786378,9,0,1,51200,9,9201159741
5072,116141549979,277256,116141827235,4,0,0,436224,4,6398404885
5073,116141587472,290202,116141877674,5,0,1,31744,5,7026877344
5074,116141593855,261440,116141855295,0,0,0,189952,0,861450419
5075,116141705821,464256,116142170077,0,0,0,275456,0,9262689965
5076,116141762332,267444,116142029776,2,0,1,12800,2,2364018107
5077,116141798247,383702,116142181949,9,0,1,18432,9,4808486080
5078,116141821498,379453,116142200951,4,0,0,591872,4,3847712131
5079,116142041301,305106,116142346407,9,0,1,11776,9,7913451273
5080,116142089800,711962,116142801762,5,0,0,1153024,5,4417046169
5081,116142166564,652185,116142818749,2,0,0,65024,2,9885400848
5082,116142437753,397573,116142835326,8,0,0,62976,8,8367567081
5083,116142510280,330192,116142840472,5,0,0,8192,5,1577188466
5084,116142511247,331811,116142843058,0,0,0,4096,0,2689209884
5085,116142556657,365279,116142921936,2,0,1,23552,2,8361829157
5086,116142670067,278742,116142948809,5,0,1,8192,5,3505350816
5087,116142710874,259609,116142970483,9,0,1,47616,9,659045216
5088,116142750363,217107,116142967470,9,0,0,425472,9,7408099291
5089,116142793211,349605,116143142816,0,0,0,512,0,7097648644
5090,116142942293,118197,116143060490,4,0,0,121344,4,8749357079
5091,116143033158,27343,116143060501,0,0,0,2560,0,1222398752
5092,116143102657,192745,116143295402,9,0,0,311808,9,5059005669
5093,116143152076,154053,116143306129,5,0,0,34816,5,7471883977
5094,116143308760,692488,116144001248,9,0,0,1121792,9,3517774968
5095,116143386221,641358,116144027579,5,0,0,84992,5,10642760557
5096,116143387872,1384908,116144772780,2,0,0,1774592,2,887120271
5097,116143602068,1021877,116144623945,5,0,0,274432,5,5535880420
5098,116143621132,1253711,116144874843,9,0,0,704000,9,3427142783
5099,116143794993,1452705,116145247698,5,0,1,7680,5,5439985398
5100,116143901704,1028704,116144930408,2,0,1,90112,2,8795162598
5101,116144099236,538736,116144637972,8,0,0,190976,8,1283952487
5102,116144452348,750721,116145203069,5,0,0,240128,5,9874355209
5103,116144530645,232672,116144763317,2,0,0,400384,2,6975272758
5104,116144562345,1384274,116145946619,0,0,0,3072,0,7493480403
5105,116144664322,799830,116145464152,2,0,1,18432,2,6372122576
5106,116144864434,770076,116145634510,4,0,0,72704,4,8586771683
5107,116144911558,485079,116145396637,2,0,1,52224,2,5227560512
5108,116144922873,469511,116145392384,9,0,1,46592,9,1017274747
5109,116144962098,418982,116145381080,4,0,0,77824,4,468124011
5110,116144985238,384118,116145369356,5,0,1,4608,5,1192124171
5111,116145021718,355229,116145376947,1,0,1,11776,1,2197556584
5112,116145035176,264004,116145299180,9,0,0,158208,9,2382946701
5113,116145066024,405737,116145471761,1,0,0,14336,1,6002551812
5114,116145088270,353061,116145441331,1,0,1,2048,1,9770066988
5115,116145158120,289723,116145447843,2,0,0,12288,2,6423333808
5116,116145189735,262947,116145452682,5,0,0,184320,5,3813626696
5117,116145217817,191442,116145409259,2,0,0,2048,2,1543217070
5118,116145223138,263820,116145486958,5,0,1,512,5,4237562781
5119,116145290308,590722,116145881030,0,0,0,1536,0,2631655177
5120,116145354538,273615,116145628153,9,0,1,43008,9,2476618608
5121,116145427853,273745,116145701598,8,0,0,442880,8,7557337738
5122,116145679966,26138,116145706104,1,0,0,7168,1,2825957762
5123,116145715620,2942,116145718562,1,0,1,45056,1,7389192019
5124,116145756851,216814,116145973665,2,0,1,37888,2,5558098801
5125,116145767247,216582,116145983829,2,0,1,15360,2,6739239988
5126,116145780976,23891,116145804867,1,0,0,3072,1,2608545812
5127,116145855733,429164,116146284897,2,0,1,111104,2,8780733209
5128,116146101123,451545,116146552668,9,0,0,43008,9,1230739928
5129,116146143376,294383,116146437759,0,0,1,73728,0,798249174
5130,116146233544,246346,116146479890,6,0,1,138240,6,64225015
5131,116146389651,137333,116146526984,5,0,0,227328,5,6360180269
5132,116146458500,71070,116146529570,0,0,0,4096,0,9552155086
5133,116146515757,20534,116146536291,4,0,0,24064,4,1165293250
5134,116146637163,381109,116147018272,4,0,0,622080,4,6496055363
5135,116146803018,268290,116147071308,9,0,1,16896,9,7154591764
5136,116146809164,207518,116147016682,2,0,1,11776,2,6477613736
5137,116146873527,7226,116146880753,0,0,1,9728,0,2427675915
5138,116146876655,343838,116147220493,9,0,1,28160,9,1505666812
5139,116147091110,298570,116147389680,0,0,0,7680,0,5071396109
5140,116147391931,276071,116147668002,5,0,0,447488,5,2461726810
5141,116147402443,322176,116147724619,5,0,0,188928,5,9792361396
5142,116147645442,116008,116147761450,1,0,1,84480,1,9042316300
5143,116147791856,348480,116148140336,1,0,1,2560,1,6573493963
5144,116147894408,366420,116148260828,8,0,0,593408,8,2156249355
5145,116148053313,209781,116148263094,0,0,0,3584,0,3066940271
5146,116148082546,182814,116148265360,1,0,0,3584,1,9856070244
5147,116148202404,84871,116148287275,4,0,0,72192,4,10419410239
5148,116148222856,46208,116148269064,2,0,1,14848,2,6430876698
5149,116148309737,159904,116148469641,8,0,0,79872,8,10666075444
5150,116148347928,34843,116148382771,2,0,0,54784,2,8073175828
5151,116148403371,1038,116148404409,0,0,0,1024,0,5840190335
5152,116148421198,134579,116148555777,8,0,0,218624,8,5003836556
5153,116148653821,136558,116148790379,2,0,0,225792,2,10086519071
5154,116148753276,68874,116148822150,9,0,0,111104,9,10157886610
5155,116148847027,2942,116148849969,1,0,0,3072,1,2606378120
5156,116148855622,115016,116148970638,8,0,0,190464,8,2350837573
5157,116149075978,6274,116149082252,2,0,1,11264,2,1864228033
5158,116149161829,136761,116149298590,0,0,0,6656,0,3448531592
5159,116149238210,306962,116149545172,5,0,0,497664,5,1926989292
5160,116149286502,294051,116149580553,5,0,0,770048,5,7434608617
5161,116149286698,579426,116149866124,2,0,1,10752,2,453128725
5162,116149362005,530049,116149892054,8,0,0,92160,8,2973078407
5163,116149447423,265528,116149712951,6,0,1,352768,6,2986363095
5164,116149467846,700298,116150168144,2,0,1,2560,2,6854756553
5165,116149538711,680674,116150219385,6,0,1,478208,6,5726103033
5166,116149539678,627745,116150167423,9,0,1,61952,9,5052139071
5167,116149631032,101351,116149732383,0,0,0,7168,0,1145987300
5168,116149875815,871791,116150747606,6,0,1,173056,6,4025428355
5169,116149971532,442257,116150413789,9,0,1,10752,9,8456178000
5170,116150050805,666492,116150717297,1,0,1,46080,1,4187057633
5171,116150067069,577897,116150644966,0,0,0,1024,0,9682049867
5172,116150127957,500756,116150628713,4,0,0,732672,4,2078821035
5173,116150310335,234808,116150545143,9,0,1,2048,9,9729453559
5174,116150393916,360403,116150754319,0,0,0,4096,0,2188030204
5175,116150530533,376653,116150907186,2,0,0,590336,2,5751712290
5176,116150532447,478782,116151011229,9,0,0,334336,9,5365248123
5177,116150775291,257443,116151032734,5,0,0,78336,5,4929076790
5178,116150852245,319746,116151171991,9,0,0,453632,9,291954923
5179,116150978152,236286,116151214438,5,0,0,137728,5,1682566335
5180,116151012201,45540,116151057741,6,0,1,187904,6,2218940388
5181,116151152482,267442,116151419924,1,0,1,13824,1,9174644680
5182,116151169564,587779,116151757343,0,0,0,1024,0,7502425953
5183,116151459378,228458,116151687836,5,0,0,374784,5,178012596
5184,116151483600,235598,116151719198,2,0,0,100864,2,7145323352
5185,116151791382,312485,116152103867,2,0,0,707584,2,2857378103
5186,116151868187,292937,116152161124,7,0,1,20992,7,1792439938
5187,116151918816,437037,116152355853,7,0,1,20992,7,6670671398
5188,116151948270,273114,116152221384,0,0,1,10240,0,6181769083
5189,116151961002,163333,116152124335,9,0,0,27136,9,236852101
5190,116152071769,162519,116152234288,9,0,0,1536,9,2391284950
5191,116152078382,306577,116152384959,1,0,0,19456,1,10355343976
5192,116152098739,304637,116152403376,5,0,0,493056,5,9352422523
5193,116152162949,207805,116152370754,6,0,1,500224,6,2017578032
5194,116152198157,14550,116152212707,1,0,0,4096,1,2610306588
5195,116152392078,194295,116152586373,1,0,0,1024,1,867604812
5196,116152490646,741451,116153232097,5,0,0,314880,5,6678020913
5197,116152671992,239603,116152911595,9,0,1,23552,9,3225168301
5198,116152880292,128612,116153008904,5,0,0,162816,5,177940543
5199,116153062865,535667,116153598532,9,0,0,1106432,9,6142452921
5200,116153101593,626434,116153728027,1,0,1,30208,1,4163650569
5201,116153103299,681241,116153784540,1,0,1,62464,1,503990256
5202,116153402176,342916,116153745092,1,0,0,1536,1,7084540733
5203,116153418404,352405,116153770809,5,0,0,81920,5,308766521
5204,116153463874,471243,116153935117,5,0,0,532480,5,276815749
5205,116153484193,456928,116153941121,0,0,0,20480,0,9465027734
5206,116153590186,301978,116153892164,3,0,1,219136,3,637662775
5207,116153648457,267269,116153915726,6,0,1,33280,6,10721218521
5208,116153655413,251547,116153906960,5,0,0,53248,5,10103127416
5209,116153692708,246383,116153939091,0,0,0,4096,0,4119903135
5210,116153755127,645752,116154400879,2,0,1,15872,2,479852484
5211,116153902494,177261,116154079755,6,0,1,134144,6,9617369007
5212,116153917085,675747,116154592832,9,0,0,402944,9,725700705
5213,116154058688,167192,116154225880,5,0,0,158720,5,4731621934
5214,116154167203,68881,116154236084,4,0,0,275456,4,7416633093
5215,116154266820,38508,116154305328,1,0,0,2048,1,2157123204
5216,116154281508,491634,116154773142,1,0,1,53248,1,2927213278
5217,116154302019,130110,116154432129,2,0,0,7680,2,3372982051
5218,116154318194,82114,116154400308,9,0,0,204800,9,3062832816
5219,116154324384,2942,116154327326,6,0,1,120832,6,6651363998
5220,116154367816,303243,116154671059,1,0,0,2560,1,421209952
5221,116154379849,371989,116154751838,3,0,1,28160,3,8010561046
5222,116154480434,345365,116154825799,0,0,0,3072,0,1732550251
5223,116154526879,304809,116154831688,0,0,1,48128,0,3406671665
5224,116154788085,124971,116154913056,9,0,0,203264,9,9627429251
5225,116154828542,86460,116154915002,1,0,0,3072,1,5375570334
5226,116154945901,152245,116155098146,9,0,0,246272,9,8797258586
5227,116155054440,296321,116155350761,9,0,0,480256,9,3754003262
5228,116155072446,168846,116155241292,6,0,1,179712,6,8271757633
5229,116155188533,161070,116155349603,5,0,0,31744,5,7297780988
5230,116155206876,610909,116155817785,2,0,1,3072,2,10400110415
5231,116155314879,243170,116155558049,3,0,1,20992,3,1956384330
5232,116155440196,242353,116155682549,4,0,0,376832,4,3793875577
5233,116155473379,231574,116155704953,2,0,0,138240,2,1746074439
5234,116155485784,417007,116155902791,1,0,0,2560,1,4750070059
5235,116155541491,285170,116155826661,6,0,1,324096,6,1676158513
5236,116155623373,196275,116155819648,3,0,1,26624,3,8064592255
5237,116155779071,607293,116156386364,9,0,0,322048,9,5976828630
5238,116155809450,105927,116155915377,6,0,1,626176,6,602211778
5239,116155934851,76337,116156011188,6,0,1,255488,6,4447765006
5240,116156042884,577070,116156619954,2,0,0,156672,2,1762921994
5241,116156104759,893270,116156998029,5,0,0,52736,5,443098421
5242,116156122802,846100,116156968902,2,0,0,1305600,2,5334795274
5243,116156188511,806210,116156994721,2,0,0,90624,2,9386411280
5244,116156228538,709015,116156937553,2,0,0,180736,2,9844420537
5245,116156327902,822800,116157150702,5,0,0,1089536,5,8819350905
5246,116156340779,451647,116156792426,2,0,1,12800,2,3134432199
5247,116156926478,359567,116157286045,3,0,1,20480,3,4024144476
5248,116156950386,1128415,116158078801,0,0,0,3584,0,4121769882
5249,116157046830,508197,116157555027,9,0,1,22528,9,9062078786
5250,116157097335,377927,116157475262,5,0,0,55296,5,3143827006
5251,116157214707,265993,116157480700,9,0,1,8704,9,3061730980
5252,116157261529,404525,116157666054,2,0,0,610304,2,1422222862
5253,116157270316,411393,116157681709,4,0,0,58368,4,10623304182
5254,116157672129,82920,116157755049,3,0,1,46592,3,2132078636
5255,116157691439,63358,116157754797,0,0,1,23552,0,6411110976
5256,116157721570,388682,116158110252,5,0,0,134656,5,7718933868
5257,116157969892,417518,116158387410,4,0,0,106496,4,10495065949
5258,116158019511,57109,116158076620,9,0,1,53760,9,6180983514
5259,116158061734,150788,116158212522,9,0,1,18944,9,3822483374
5260,116158097348,209852,116158307200,5,0,0,97792,5,1257154922
5261,116158127124,159426,116158286550,2,0,1,2560,2,6832116326
5262,116158203174,23891,116158227065,0,0,1,26624,0,2418571131
5263,116158308229,206087,116158514316,9,0,0,43008,9,6583622527
5264,116158313692,128071,116158441763,9,0,1,6144,9,1323354797
5265,116158351731,313987,116158665718,9,0,0,507904,9,9962296491
5266,116158504383,203475,116158707858,2,0,0,136192,2,5231849839
5267,116158509651,138110,116158647761,0,0,1,50688,0,10120909913
5268,116158509860,298248,116158808108,2,0,1,3584,2,7082988597
5269,116158602134,352183,116158954317,5,0,0,114176,5,2058822817
5270,116158909421,35050,116158944471,2,0,1,87552,2,503548671
5271,116159065771,327216,116159392987,3,0,0,61440,3,3952333641
5272,116159293862,97912,116159391774,1,0,1,21504,1,2730463221
5273,116159351381,54266,116159405647,0,0,1,260608,0,9154027306
5274,116159359948,231859,116159591807,9,0,0,92160,9,9333056065
5275,116159487114,297783,116159784897,4,0,0,486400,4,5707181952
5276,116159716389,138758,116159855147,9,0,1,13824,9,4328808271
5277,116159740135,252801,116159992936,2,0,1,35840,2,2927796988
5278,116160100064,3641,116160103705,4,0,0,10240,4,1953220852
5279,116160200906,33587,116160234493,4,0,0,55296,4,7946667764
5280,116160230694,113983,116160344677,9,0,0,188416,9,6330436597
5281,116160326199,73054,116160399253,4,0,0,118784,4,8808371736
5282,116160431276,53837,116160485113,2,0,0,88064,2,1237971080
5283,116160433783,190038,116160623821,5,0,0,397312,5,6212890218
5284,116160461920,121176,116160583096,2,0,1,9216,2,2734166239
5285,116160522570,183232,116160705802,0,0,1,17920,0,6599201787
5286,116160557822,272030,116160829852,5,0,0,668672,5,6141408522
5287,116160565330,431756,116160997086,0,0,1,30208,0,8587029594
5288,116160571621,464308,116161035929,2,0,0,156160,2,7020417485
5289,116160654572,382983,116161037555,0,0,0,2560,0,8921666694
5290,116160755498,493848,116161249346,4,0,0,679936,4,7647440501
5291,116160778904,495469,116161274373,2,0,1,17408,2,54309729
5292,116161215900,2942,116161218842,3,0,1,11264,3,7562216072
5293,116161398474,257697,116161656171,0,0,0,3072,0,2172918099
5294,116161426421,142226,116161568647,0,0,1,63488,0,4006212332
5295,116161493746,93911,116161587657,0,0,1,15360,0,1700767171
5296,116161501998,125157,116161627155,3,0,1,12800,3,2666322642
5297,116161670733,92236,116161762969,3,0,1,23040,3,159043716
5298,116161778787,95752,116161874539,9,0,1,19456,9,4957579103
5299,116162116274,87922,116162204196,9,0,1,60416,9,4174126276
5300,116162237665,100876,116162338541,3,0,1,31232,3,2370695256
5301,116162278179,91276,116162369455,3,0,1,14848,3,9218612958
5302,116162281343,113295,116162394638,4,0,0,183808,4,8813250491
5303,116162312985,113117,116162426102,4,0,0,101376,4,6937147811
5304,116162333362,96134,116162429496,3,0,1,8704,3,9560784902
5305,116162440949,249424,116162690373,5,0,1,19456,5,8843658922
5306,116162662607,34104,116162696711,5,0,0,56320,5,2748585833
5307,116162673692,51716,116162725408,3,0,1,1024,3,3589153267
5308,116162762285,3418,116162765703,5,0,0,3584,5,1202674118
5309,116162935992,294770,116163230762,5,0,0,477184,5,7809649285
5310,116162938098,350305,116163288403,5,0,0,194048,5,9641631569
5311,116163012161,298157,116163310318,5,0,0,80384,5,1186374579
5312,116163247748,72661,116163320409,8,0,1,4096,8,312788257
5313,116163254336,7226,116163261562,2,0,0,55296,2,8642020503
5314,116163380037,156720,116163536757,2,0,0,7680,2,7854089878
5315,116163519793,562,116163520355,0,0,0,512,0,825117202
5316,116163559981,196016,116163755997,4,0,0,321536,4,1185698727
5317,116163648687,53579,116163702266,3,0,1,55296,3,4925922102
5318,116163789858,44637,116163834495,0,0,1,33792,0,8421254588
5319,116163835660,266991,116164102651,9,0,0,87552,9,2685181343
5320,116163845908,141114,116163987022,1,0,0,2048,1,2935580884
5321,116164012689,46725,116164059414,2,0,0,80896,2,1000918842
5322,116164068134,3894,116164072028,4,0,0,4096,4,3444227990
5323,116164215211,4846,116164220057,1,0,0,5120,1,3125107641
5324,116164269279,61637,116164330916,9,0,0,99840,9,4197880861
5325,116164324124,336821,116164660945,5,0,0,545792,5,9992483463
5326,116164429484,231807,116164661291,0,0,0,512,0,8798630170
5327,116164437086,256737,116164693823,2,0,1,11264,2,1334507088
5328,116164576146,166601,116164742747,8,0,1,53760,8,6355440842
5329,116164607407,287171,116164894578,9,0,1,47616,9,2067045811
5330,116164658440,341920,116165000360,8,0,1,10752,8,10024624977
5331,116164688868,687196,116165376064,4,0,0,1326592,4,4879322312
5332,116164699245,816484,116165515729,2,0,1,9728,2,1359629172
5333,116164916446,610002,116165526448,9,0,0,68096,9,10242948057
5334,116165071968,469931,116165541899,2,0,0,49152,2,4316844661
5335,116165221263,332117,116165553380,0,0,1,6656,0,9127845134
5336,116165379799,316225,116165696024,3,0,1,41472,3,3184072576
5337,116165893312,260730,116166154042,2,0,0,1056768,2,2914284178
5338,116165926993,650608,116166577601,1,0,0,8704,1,5822271145
5339,116165991324,617081,116166608405,1,0,0,10752,1,354718086
5340,116166103796,553314,116166657110,8,0,1,11264,8,2155741081
5341,116166192592,496948,116166689540,4,0,0,464384,4,152842573
5342,116166444470,420053,116166864523,2,0,0,567296,2,361843334
5343,116166783100,24666,116166807766,2,0,1,79360,2,381622093
5344,116166793852,562,116166794414,0,0,1,12800,0,6445328654
5345,116166876897,84641,116166961538,0,0,1,3584,0,385363898
5346,116166894301,299896,116167194197,9,0,0,44544,9,418644108
5347,116166996224,237032,116167233256,1,0,0,512,1,8038546933
5348,116166999084,142008,116167141092,2,0,0,141312,2,9462805299
5349,116167067607,459615,116167527222,2,0,1,23040,2,5322754112
5350,116167274400,2466,116167276866,1,0,0,2560,1,7723840384
5351,116167355950,102904,116167458854,3,0,1,37888,3,4860596149
5352,116167626768,101344,116167728112,9,0,1,32768,9,224272125
5353,116167749385,308166,116168057551,2,0,0,503296,2,5019392446
5354,116167826796,231626,116168058422,0,0,0,12288,0,3644150075
5355,116168246262,45433,116168291695,4,0,0,78336,4,10647978332
5356,116168249088,43273,116168292361,1,0,0,1024,1,8262367331
5357,116168586017,2466,116168588483,3,0,1,25088,3,1683487559
5358,116168661950,88252,116168750202,0,0,0,2560,0,551858619
5359,116168779558,228975,116169008533,2,0,0,375808,2,6378466804
5360,116168895466,175943,116169071409,9,0,0,202752,9,5287710516
5361,116169072328,328158,116169400486,2,0,0,535552,2,4115786082
5362,116169161555,215074,116169376629,0,0,1,51200,0,1901038071
5363,116169179856,146607,116169326463,0,0,1,57856,0,1547043864
5364,116169187038,139658,116169326696,0,0,0,2560,0,10372879374
5365,116169256811,20388,116169277199,0,0,0,2048,0,4570747446
5366,116169270173,10133,116169280306,0,0,0,22528,0,4340002673
5367,116169326433,293163,116169619596,2,0,1,60928,2,7394724755
5368,116169390007,408391,116169798398,1,0,0,10752,1,7825404859
5369,116169402528,73249,116169475777,9,0,0,3584,9,2791355638
5370,116169537954,69457,116169607411,0,0,1,3072,0,2733595705
5371,116169556298,345177,116169901475,9,0,0,95232,9,3530352890
5372,116169584464,362003,116169946467,4,0,0,1426432,4,5430418705
5373,116169750313,517701,116170268014,0,0,1,47616,0,4375214098
5374,116169780019,582270,116170362289,3,0,1,32256,3,10060235017
5375,116169814639,210021,116170024660,3,0,1,512,3,9573609846
5376,116169954461,896042,116170850503,2,0,0,6656,2,1058483564
5377,116170028505,530231,116170558736,0,0,0,2560,0,4428485340
5378,116170203784,457813,116170661597,6,0,1,36352,6,6522487172
5379,116170469428,18196,116170487624,1,0,0,2048,1,4120987788
5380,116170901830,20620,116170922450,2,0,0,33280,2,9642531976
5381,116170991291,7702,116170998993,0,0,0,8192,0,2754594697
5382,116171277822,91768,116171369590,0,0,1,21504,0,5698282754
5383,116171571487,63704,116171635191,4,0,0,103936,4,2912582911
5384,116171816176,98068,116171914244,3,0,1,22016,3,3964978454
5385,116172129670,102280,116172231950,2,0,1,35840,2,45559515
5386,116172305146,53837,116172358983,2,0,0,88064,2,708195910
5387,116172429981,31262,116172461243,2,0,0,50688,2,10279731155
5388,116172433520,263773,116172697293,9,0,0,845312,9,4486350230
5389,116172641937,531712,116173173649,2,0,1,5632,2,5018097801
5390,116172796019,175524,116172971543,2,0,0,30208,2,10721321909
5391,116172887871,132836,116173020707,3,0,1,1536,3,7755855936
5392,116172944467,117083,116173061550,3,0,1,2560,3,9151567779
5393,116173004204,125534,116173129738,9,0,0,194560,9,6180005542
5394,116173006480,215943,116173222423,9,0,0,43008,9,1535043945
5395,116173079037,42420,116173121457,5,0,1,24576,5,3590126023
5396,116173144485,67744,116173212229,4,0,0,69120,4,4040957590
5397,116173196820,141434,116173338254,9,0,1,8192,9,3601009520
5398,116173198208,291887,116173490095,9,0,1,26624,9,4063838538
5399,116173377269,87892,116173465161,3,0,1,13824,3,10164739612
5400,116173477144,45950,116173523094,3,0,1,49152,3,7358066092
5401,116173508141,28581,116173536722,4,0,0,79360,4,7858892716
5402,116173526816,106336,116173633152,1,0,0,2048,1,4406006627
5403,116173819522,244662,116174064184,4,0,0,396288,4,2265362238
5404,116173989549,116775,116174106324,2,0,0,144384,2,5944742223
5405,116173995693,121358,116174117051,9,0,0,43008,9,7644815767
5406,116174007545,109865,116174117410,1,0,0,9728,1,6850878879
5407,116174266988,10237,116174277225,0,0,0,16384,0,1852015473
5408,116174316136,13854,116174329990,2,0,0,23552,2,3732709495
5409,116174331465,1514,116174332979,2,0,1,45568,2,1097715776
5410,116174361516,131594,116174493110,1,0,0,1536,1,2212152928
5411,116174435242,119863,116174555105,2,0,1,34816,2,1874343273
5412,116175207508,3124,116175210632,0,0,0,9216,0,3819426121
5413,116175408244,1990,116175410234,0,0,0,2048,0,3933470533
5414,116175603006,101032,116175704038,3,0,1,31744,3,99509579
5415,116175614475,115104,116175729579,4,0,0,187392,4,7477030870
5416,116175670789,59456,116175730245,0,0,0,1024,0,6720938557
5417,116175695644,145229,116175840873,3,0,1,28672,3,2435702689
5418,116175697266,155598,116175852864,3,0,1,18944,3,8814172027
5419,116175724236,311320,116176035556,3,0,1,166912,3,1278167138
5420,116176084001,50668,116176134669,2,0,1,2560,2,3702464391
5421,116176117025,119128,116176236153,3,0,1,91136,3,10219030976
5422,116176232723,47322,116176280045,9,0,1,512,9,7030548827
5423,116176470555,52360,116176522915,3,0,1,3072,3,3871354372
5424,116176640651,10237,116176650888,1,0,0,16384,1,6686735930
5425,116176905134,77359,116176982493,9,0,0,130560,9,6174570903
5426,116176953453,406662,116177360115,6,0,0,658432,6,4642107689
5427,116177230264,202648,116177432912,9,0,1,3584,9,5527869982
5428,116177286792,310070,116177596862,2,0,1,15360,2,4422149018
5429,116177327973,216613,116177544586,6,0,0,351744,6,7353500981
5430,116177413110,147541,116177560651,5,0,0,52224,5,7164962741
5431,116177588163,5450,116177593613,3,0,1,88576,3,8688396784
5432,116177752087,213877,116177965964,0,0,0,13824,0,8276152197
5433,116178439809,275554,116178715363,2,0,0,446464,2,913381447
5434,116178457704,260885,116178718589,0,0,0,5120,0,8168461838
5435,116178607008,110197,116178717205,9,0,1,6656,9,8807376180
5436,116178613218,164757,116178777975,0,0,0,7680,0,9460537785
5437,116178630879,149256,116178780135,5,0,0,230912,5,10307651716
5438,116178647686,224391,116178872077,1,0,0,2048,1,5920094625
5439,116178977172,101362,116179078534,2,0,0,163840,2,10680072024
5440,116179228334,58930,116179287264,3,0,1,512,3,4549817892
5441,116179301604,44141,116179345745,5,0,0,75776,5,6072648880
5442,116179618898,102904,116179721802,9,0,1,37888,9,7710118281
5443,116180023336,104776,116180128112,3,0,1,44032,3,613888980
5444,116180112637,105712,116180218349,3,0,1,47104,3,10241378173
5445,116180168414,207175,116180375589,9,0,0,339968,9,2449395192
5446,116180184018,223035,116180407053,5,0,0,109568,5,1917450129
5447,116180187295,220424,116180407719,1,0,0,1024,1,4189254094
5448,116180204700,254831,116180459531,3,0,1,20480,3,6125767534
5449,116180240815,168758,116180409573,6,0,0,281600,6,2152225981
5450,116180282692,320591,116180603283,4,0,0,133632,4,6832221269
5451,116180310800,254582,116180565382,5,0,0,193536,5,8190424291
5452,116180320608,284013,116180604621,9,0,0,104960,9,2747275055
5453,116180339406,306386,116180645792,5,0,0,4608,5,7388082330
5454,116180350282,290494,116180640776,3,0,1,23040,3,9279750170
5455,116180381895,248876,116180630771,5,0,0,12288,5,1824711111
5456,116180420716,368793,116180789509,2,0,1,28672,2,7836798221
5457,116180658661,215321,116180873982,2,0,0,349184,2,10162006596
5458,116180741225,133218,116180874443,9,0,0,10240,9,5799909702
5459,116180757840,120149,116180877989,0,0,0,5632,0,617841820
5460,116180777130,112201,116180889331,6,0,0,37888,6,3084273659
5461,116180781702,1990,116180783692,3,0,1,3584,3,9819011856
5462,116180898706,5798,116180904504,1,0,0,2048,1,652483417
5463,116180929298,252097,116181181395,1,0,0,6144,1,8038956232
5464,116180936690,250285,116181186975,2,0,1,40960,2,3279219200
5465,116181197097,43454,116181240551,5,0,0,71168,5,7896756683
5466,116181223718,183912,116181407630,5,0,0,297984,5,1941430672
5467,116181271190,194183,116181465373,4,0,0,194560,4,6781912714
5468,116181398715,118347,116181517062,6,0,0,173568,6,8998893773
5469,116181446322,362405,116181808727,4,0,0,578560,4,5645719068
5470,116181463459,366056,116181829515,6,0,0,66560,6,2015911698
5471,116181592315,345352,116181937667,0,0,0,345600,0,2828802192
5472,116181650082,405091,116182055173,3,0,1,60928,3,10167921417
5473,116181656536,331334,116181987870,9,0,0,396800,9,4533284336
5474,116181731164,236223,116181967387,1,0,0,12288,1,7991957264
5475,116181827581,491130,116182318711,5,0,0,2048,5,3521250791
5476,116182009102,321217,116182330319,3,0,1,13312,3,4615244794
5477,116182103731,236613,116182340344,3,0,1,8192,3,7747807067
5478,116182134118,214335,116182348453,0,0,0,505344,0,7069648652
5479,116182205327,316286,116182521613,3,0,1,27136,3,7623424006
5480,116182805871,65764,116182871635,9,0,1,11776,9,6540407696
5481,116182903997,25183,116182929180,5,0,1,41984,5,1605896163
5482,116182905113,104152,116183009265,4,0,0,45568,4,525650238
5483,116182953192,195499,116183148691,9,0,0,320512,9,7237228836
5484,116183107287,367971,116183475258,0,0,0,596480,0,4417700570
5485,116183165568,376626,116183542194,2,0,1,43520,2,10500310232
5486,116183259662,282543,116183542205,0,0,0,206336,0,814680568
5487,116183285556,280074,116183565630,0,0,1,29696,0,10660751893
5488,116183323637,306431,116183630068,9,0,0,296960,9,6580952577
5489,116183336772,397236,116183734008,6,0,0,342016,6,3316313022
5490,116183397313,339313,116183736626,4,0,0,738816,4,3095175847
5491,116183508221,606045,116184114266,2,0,1,73728,2,10338613176
5492,116183599917,475457,116184075374,0,0,0,229888,0,1168603222
5493,116183654465,421575,116184076040,1,0,0,1024,1,10480907765
5494,116183664928,416258,116184081186,4,0,0,8192,4,6279148315
5495,116183957610,321167,116184278777,3,0,1,25600,3,10576869853
5496,116184090300,302933,116184393233,5,0,1,18944,5,5089745351
5497,116184228603,184170,116184412773,0,0,0,298496,0,2118000100
5498,116184277326,288766,116184566092,3,0,1,45568,3,2964399467
5499,116184294164,297525,116184591689,2,0,1,7168,2,191948489
5500,116184368880,231489,116184600369,6,0,0,485888,6,4568800483
5501,116184456216,453943,116184910159,5,0,0,69120,5,3961206835
5502,116184459858,330527,116184790385,0,0,0,639488,0,8203581032
5503,116184479434,473486,116184952920,2,0,1,22528,2,1575919560
5504,116184633789,141076,116184774865,2,0,1,35840,2,5452104697
5505,116184635693,335906,116184971599,9,0,1,39424,9,6368162812
5506,116184639681,415596,116185055277,5,0,1,18944,5,724507170
5507,116184797094,32037,116184829131,5,0,0,7680,5,6749710627
5508,116185067861,518844,116185586705,9,0,0,52224,9,5301170214
5509,116185148819,57385,116185206204,6,0,0,87552,6,4042006042
5510,116185178165,155497,116185333662,4,0,0,250368,4,7062017427
5511,116185715880,64204,116185780084,3,0,1,6656,3,2147297183
5512,116185794970,56075,116185851045,5,0,0,95744,5,1134969572
5513,116185867592,55817,116185923409,4,0,0,95232,4,7286844058
5514,116185870840,84471,116185955311,9,0,1,5632,9,5980380756
5515,116185923212,220749,116186143961,5,0,0,137728,5,3868708308
5516,116186045996,196236,116186242232,3,0,1,109568,3,1277417655
5517,116186083215,159028,116186242243,9,0,0,225792,9,5716086115
5518,116186105097,140802,116186245899,4,0,0,92160,4,9478512640
5519,116186177575,69400,116186246975,1,0,0,13312,1,2199854685
5520,116186220158,146052,116186366210,2,0,1,26112,2,9145321883
5521,116186605260,57748,116186663008,9,0,1,5632,9,5152550037
5522,116186658639,177317,116186835956,2,0,0,291840,2,8854004568
5523,116186689459,213278,116186902737,5,0,0,212992,5,189722666
5524,116186759347,170335,116186929682,9,0,0,88064,9,9896025345
5525,116186973007,25958,116186998965,0,0,0,47104,0,8161287608
5526,116187219263,1990,116187221253,1,0,0,2048,1,3207200669
5527,116187302486,562,116187303048,3,0,1,45056,3,1812642422
5528,116187342489,125930,116187468419,5,0,1,83968,5,10263456995
5529,116187350496,116944,116187467440,2,0,0,512,2,10039732993
5530,116187402631,100831,116187503462,5,0,1,13312,5,9219147054
5531,116187686604,74516,116187761120,2,0,0,124928,2,1416822437
5532,116187718830,44556,116187763386,1,0,0,3584,1,8449216930
5533,116187804642,32812,116187837454,9,0,0,53760,9,2360107348
5534,116187820754,19286,116187840040,1,0,0,4096,1,5141392793
5535,116188019130,114241,116188133371,5,0,0,188928,5,28548782
5536,116188144223,3418,116188147641,6,0,0,3584,6,10126520837
5537,116188158573,145392,116188303965,9,0,1,89600,9,10300556942
5538,116188282534,65911,116188348445,6,0,0,73216,6,3091866972
5539,116188610888,52804,116188663692,0,0,0,86016,0,3152937290
5540,116188728193,189252,116188917445,2,0,1,129536,2,62474196
5541,116188882822,81899,116188964721,9,0,1,1536,9,5424737226
5542,116188978605,52360,116189030965,5,0,1,3072,5,6428003977
5543,116189076393,286366,116189362759,9,0,0,467456,9,3327643545
5544,116189171491,197169,116189368660,4,0,0,19968,4,6985810828
5545,116189305039,84409,116189389448,5,0,0,74752,5,10022830597
5546,116189309597,121479,116189431076,0,0,0,141824,0,1221215530
5547,116189378177,58493,116189436670,1,0,0,26624,1,9533273116
5548,116189420891,1990,116189422881,3,0,1,60928,3,4774628306
5549,116189530957,278247,116189809204,1,0,0,2048,1,9424078680
5550,116189593113,74346,116189667459,0,0,1,20480,0,7485007007
5551,116189667438,75550,116189742988,6,0,0,121344,6,5090252447
5552,116189723199,224626,116189947825,2,0,0,126976,2,10324054851
5553,116189791174,94766,116189885940,6,0,0,157696,6,4754069016
5554,116189798789,974427,116190773216,4,0,0,1511936,4,4927338893
5555,116190178519,646181,116190824700,0,0,0,172544,0,7471907523
5556,116190361409,572672,116190934081,9,0,0,359936,9,7010557808
5557,116190630727,405250,116191035977,5,0,0,1314304,5,9090158412
5558,116190835259,518842,116191354101,5,0,1,512,5,3597307120
5559,116190900632,811920,116191712552,0,0,1,10752,0,9702840786
5560,116190929537,549400,116191478937,4,0,0,124416,4,601538620
5561,116191156515,407074,116191563589,2,0,1,18432,2,10377347647
5562,116191181480,422032,116191603512,0,0,0,399872,0,4169398255
5563,116191190559,424397,116191614956,9,0,0,46592,9,1109469535
5564,116191221032,308040,116191529072,0,0,0,112128,0,5093576002
5565,116191338767,425900,116191764667,5,0,1,14336,5,9552766895
5566,116191390866,355078,116191745944,2,0,0,326656,2,6301544823
5567,116191391222,411953,116191803175,5,0,0,183808,5,3979568533
5568,116191656297,229570,116191885867,2,0,0,272896,2,6146817237
5569,116191695860,410732,116192106592,3,0,1,18432,3,10467916745
5570,116191716249,473703,116192189952,0,0,0,733696,0,163933207
5571,116191751631,470502,116192222133,5,0,0,104960,5,7821906110
5572,116191755630,493551,116192249181,2,0,0,96768,2,1228967380
5573,116191820749,428778,116192249527,1,0,0,512,1,2760975226
5574,116191838603,483759,116192322362,0,0,0,233984,0,6496826468
5575,116191929272,399196,116192328468,9,0,0,29184,9,6216400675
5576,116191939220,399770,116192338990,5,0,0,33792,5,6064490985
5577,116191978632,391381,116192370013,1,0,1,23552,1,514556265
5578,116191988725,493645,116192482370,6,0,0,131072,6,5473363795
5579,116192042416,299084,116192341500,2,0,0,1087488,2,3707968425
5580,116192167542,779605,116192947147,0,0,0,25088,0,2864708140
5581,116192191355,656323,116192847678,0,0,0,210944,0,3500703499
5582,116192236131,697569,116192933700,0,0,0,155136,0,5473822451
5583,116192301473,446596,116192748069,5,0,1,13824,5,4447808294
5584,116192398638,704310,116193102948,4,0,0,144896,4,6734639257
5585,116192417288,584460,116193001748,2,0,1,27136,2,8263893222
5586,116192447431,453819,116192901250,1,0,1,231936,1,8344511727
5587,116192461131,327921,116192789052,1,0,1,2048,1,4360568867
5588,116192535180,361374,116192896554,5,0,0,19968,5,7829554550
5589,116192576873,236752,116192813625,0,0,1,60416,0,5968834561
5590,116192673035,340522,116193013557,9,0,0,27136,9,8899781202
5591,116192708982,120901,116192829883,5,0,0,221184,5,2610584433
5592,116192763368,769004,116193532372,3,0,1,2048,3,643142650
5593,116192859884,262015,116193121899,1,0,1,2048,1,7234654051
5594,116192959111,923876,116193882987,1,0,1,15360,1,7300769584
5595,116192996113,681649,116193677762,2,0,0,149504,2,7073176929
5596,116193214441,4416,116193218857,9,0,1,1536,9,3467557493
5597,116193272953,247055,116193520008,1,0,1,16384,1,520581679
5598,116193379953,116825,116193496778,4,0,0,11776,4,10627888998
5599,116193422284,326855,116193749139,6,0,0,194048,6,1689083502
5600,116193466886,136371,116193603257,9,0,1,6656,9,6864670455
5601,116193621297,207433,116193828730,0,0,0,340480,0,1451063512
5602,116193677191,132044,116193809235,5,0,1,53760,5,7677675672
5603,116193718396,114037,116193832433,5,0,0,71168,5,8410051641
5604,116193743021,255816,116193998837,4,0,0,31744,4,5721992321
5605,116193762600,266305,116194028905,3,0,1,24576,3,9853619617
5606,116194110894,14541,116194125435,0,0,0,28160,0,7383774221
5607,116194183182,30487,116194213669,9,0,0,49152,9,7076908701
5608,116194213016,187959,116194400975,9,0,1,6144,9,8376402838
5609,116194296227,148608,116194444835,1,0,1,40448,1,5617823507
5610,116194342446,140640,116194483086,0,0,1,23040,0,9688601244
5611,116194351651,63446,116194415097,2,0,1,7168,2,2863417510
5612,116194503839,303942,116194807781,9,0,0,103424,9,5816789212
5613,116194576362,44400,116194620762,0,0,1,15872,0,9207410067
5614,116194613854,171457,116194785311,5,0,0,76288,5,3531378634
5615,116194736069,65683,116194801752,4,0,0,111104,4,1133733649
5616,116194818164,64307,116194882471,3,0,1,8192,3,9605961745
5617,116194873728,139964,116195013692,3,0,1,41472,3,222995233
5618,116194888721,214166,116195102887,5,0,1,1536,5,8508846314
5619,116194989437,155516,116195144953,6,0,0,256000,6,5230454081
5620,116195007676,126920,116195134596,5,0,1,39424,5,980397504
5621,116195021259,14800,116195036059,1,0,0,5120,1,740439171
5622,116195154245,284013,116195438258,9,0,1,512,9,8226538478
5623,116195161332,137611,116195298943,4,0,0,28672,4,5709943427
5624,116195225493,93991,116195319484,2,0,0,156160,2,1707667528
5625,116195253272,156667,116195409939,4,0,0,226304,4,8387217041
5626,116195422012,204506,116195626518,0,0,1,41984,0,4062768496
5627,116195428394,225606,116195654000,5,0,1,7680,5,2596837968
5628,116195679470,268183,116195947653,5,0,0,438784,5,4866235988
5629,116195742205,198080,116195940285,0,0,1,13824,0,10188163325
5630,116195750559,259419,116196009978,1,0,0,1536,1,6725259630
5631,116195760550,255177,116196015727,0,0,0,214528,0,5717697506
5632,116195933038,196382,116196129420,1,0,1,11264,1,6597348751
5633,116195947735,224757,116196172492,1,0,1,37376,1,2480782504
5634,116195960780,290811,116196251591,0,0,1,30720,0,1721425872
5635,116196246755,75033,116196321788,5,0,0,125952,5,6903091004
5636,116196259588,149797,116196409385,0,0,1,15872,0,7056523344
5637,116196312607,194983,116196507590,4,0,0,319488,4,2492506681
5638,116196976820,339058,116197315878,4,0,0,553472,4,10095576036
5639,116197008551,389604,116197398155,5,0,1,41984,5,7864642126
5640,116197270472,101620,116197372092,2,0,1,55296,2,2749407221
5641,116197373564,362188,116197735752,4,0,0,164352,4,6384280663
5642,116197645885,67588,116197713473,2,0,1,7680,2,4853751151
5643,116197654824,174304,116197829128,5,0,0,282624,5,4070133977
5644,116197764338,147458,116197911796,5,0,0,243712,5,8891111300
5645,116197899796,144962,116198044758,4,0,0,235520,4,2455741758
5646,116197966999,239702,116198206701,9,0,1,88064,9,1658392220
5647,116198025183,200226,116198225409,0,0,1,1024,0,9438258928
5648,116198044553,235261,116198279814,1,0,1,28160,1,10384068026
5649,116198046434,289634,116198336068,3,0,1,38912,3,132800772
5650,116198059154,314894,116198374048,3,0,1,34816,3,2200801908
5651,116198150442,326179,116198476621,9,0,0,528384,9,452381676
5652,116198315549,165578,116198481127,2,0,0,7168,2,9295527247
5653,116198335994,202672,116198538666,4,0,0,185344,4,1976361442
5654,116198380575,159077,116198539652,4,0,0,1536,4,3704381534
5655,116198488889,67545,116198556434,6,0,0,64000,6,5739780359
5656,116198500285,60015,116198560300,5,0,0,6144,5,6558212403
5657,116198570237,273895,116198844132,0,0,1,86528,0,1839864419
5658,116198733958,39756,116198773714,1,0,1,7168,1,1359694661
5659,116198760830,37828,116198798658,3,0,1,81408,3,5859437121
5660,116198804387,216044,116199020431,6,0,0,28672,6,9254648155
5661,116198806326,224389,116199030715,5,0,0,19456,5,5000848390
5662,116198976653,84366,116199061019,4,0,0,127488,4,1184729702
5663,116199021287,158937,116199180224,5,0,1,50176,5,9274890384
5664,116199052380,139634,116199192014,0,0,1,2048,0,9132604848
5665,116199112452,145350,116199257802,1,0,1,10752,1,9862810993
5666,116199203067,441083,116199644150,4,0,0,718848,4,2873039037
5667,116199210167,547121,116199757288,9,0,1,51200,9,948154069
5668,116199274111,514531,116199788642,0,0,0,470528,0,8930929163
5669,116199463702,336179,116199799881,6,0,0,45568,6,9534427102
5670,116199505753,393243,116199898996,4,0,0,327168,4,4980887747
5671,116199594783,340912,116199935695,9,0,0,118272,9,654812215
5672,116199639778,348425,116199988203,6,0,0,177664,6,1897022533
5673,116199746281,318969,116200065250,0,0,0,253952,0,3766135286
5674,116199878900,186696,116200065596,1,0,0,512,1,7038427267
5675,116199901064,241988,116200143052,2,0,0,247808,2,9727086886
5676,116199987547,448196,116200435743,6,0,0,726016,6,2776783530
5677,116199987819,451470,116200439289,1,0,0,5632,1,10665574846
5678,116200058062,484655,116200542717,9,0,0,339456,9,413696576
5679,116200261482,343497,116200604979,4,0,0,207872,4,8273116983
5680,116200315879,290176,116200606055,4,0,0,13312,4,8029500897
5681,116200396629,173376,116200570005,3,0,1,5120,3,6336407484
5682,116200438171,318345,116200756516,5,0,0,17920,5,1383739050
5683,116200446553,469257,116200915810,0,0,1,19968,0,9192710175
5684,116200614432,192553,116200806985,9,0,0,924672,9,2890091561
5685,116200720815,570729,116201291544,2,0,0,175616,2,987343537
5686,116200792209,516444,116201308653,2,0,1,1536,2,332527170
5687,116200796634,534607,116201331241,0,0,0,302592,0,7470427981
5688,116200830122,507840,116201337962,9,0,0,24064,9,2555180123
5689,116200899232,537112,116201436344,4,0,0,692224,4,3744772855
5690,116200923646,655187,116201578833,2,0,0,238592,2,1200745862
5691,116200962281,345180,116201307461,9,0,1,43008,9,9082820552
5692,116201221420,702891,116201924311,0,0,1,9216,0,10427436671
5693,116201237394,394840,116201632234,4,0,0,18944,4,1984951717
5694,116201255273,392412,116201647685,2,0,0,49152,2,8440808321
5695,116201260941,443771,116201704712,0,0,0,182784,0,5753505412
5696,116201264300,446006,116201710306,1,0,0,18432,1,2827831149
5697,116201361755,287096,116201648851,5,0,1,20480,5,2661759160
5698,116201423425,421689,116201845114,0,0,0,489472,0,4511043538
5699,116201435174,437018,116201872192,0,0,1,5632,0,9943206657
5700,116201827712,114241,116201941953,2,0,1,25088,2,1351424554
5701,116201856636,296821,116202153457,5,0,1,13312,5,2759646481
5702,116201887903,16503,116201904406,2,0,1,58880,2,833060816
5703,116201990780,16228,116202007008,0,0,0,188928,0,950215729
5704,116202047063,10501,116202057564,5,0,1,24064,5,7383691603
5705,116202118289,385511,116202503800,1,0,1,48128,1,150029808
5706,116202169769,1990,116202171759,5,0,0,1536,5,8084669644
5707,116202172892,3418,116202176310,4,0,0,4096,4,7874548073
5708,116202179285,513129,116202692414,5,0,0,1024,5,6484159559
5709,116202318685,313161,116202631846,4,0,0,2048,4,8750730316
5710,116202322875,182233,116202505108,5,0,0,3584,5,5731315826
5711,116202360253,438872,116202799125,0,0,1,134144,0,2082979712
5712,116202399041,165183,116202564224,9,0,1,12800,9,147325989
5713,116202665414,1990,116202667404,0,0,1,11776,0,1125117980
5714,116202713267,74980,116202788247,4,0,0,2048,4,5328723973
5715,116202753920,33758,116202787678,5,0,1,19968,5,8464251826
5716,116202771919,92836,116202864755,9,0,0,58880,9,545014379
5717,116202846469,123441,116202969910,6,0,0,199680,6,2818013975
5718,116202898182,83070,116202981252,0,0,0,46080,0,8736053194
5719,116202915564,96845,116203012409,9,0,0,108032,9,7249267703
5720,116202943950,73285,116203017235,1,0,0,7680,1,7428146549
5721,116202996455,46208,116203042663,9,0,0,79872,9,10172350104
5722,116203019250,91495,116203110745,3,0,1,18944,3,4828466899
5723,116203035648,120793,116203156441,0,0,1,33280,0,10260967830
5724,116203048114,257198,116203305312,9,0,0,147968,9,8851395251
5725,116203099806,190287,116203290093,1,0,1,2048,1,10167361383
5726,116203118414,539749,116203658163,9,0,0,877568,9,7151510140
5727,116203316152,396335,116203712487,1,0,1,38400,1,7286873632
5728,116203474514,202600,116203677114,2,0,1,33792,2,7405791556
5729,116203509898,235164,116203745062,2,0,0,155648,2,271332529
5730,116203552144,351226,116203903370,2,0,0,273920,2,10090957223
5731,116203578884,66200,116203645084,3,0,1,23552,3,4836465059
5732,116203769706,6503,116203776209,2,0,0,112128,2,10234885225
5733,116203830389,283856,116204114245,1,0,0,1536,1,5967487560
5734,116204074938,2466,116204077404,2,0,1,10752,2,3654064502
5735,116204186725,122550,116204309275,1,0,0,2560,1,2130492875
5736,116204250382,43900,116204294282,0,0,1,512,0,7766878190
5737,116204398627,54052,116204452679,2,0,1,3584,2,3820682565
5738,116204498131,119596,116204617727,9,0,1,92672,9,6491313775
5739,116204527583,123198,116204650781,3,0,1,58880,3,4116725271
5740,116204678906,3900,116204682806,4,0,0,10752,4,9404392837
5741,116204807957,3418,116204811375,1,0,0,3584,1,5752903779
5742,116204832489,4416,116204836905,4,0,0,11776,4,1851927495
5743,116205067252,3418,116205070670,1,0,0,3584,1,7440186716
5744,116205156148,79432,116205235580,3,0,1,11264,3,9086908868
5745,116205217584,111328,116205328912,9,0,1,65536,9,7807982250
5746,116205301540,27383,116205328923,2,0,0,47616,2,3431638868
5747,116205342813,36600,116205379413,9,0,0,64512,9,7753251044
5748,116205416812,5798,116205422610,5,0,0,6144,5,5260023873
5749,116205606423,13596,116205620019,0,0,0,23040,0,4381424169
5750,116205670752,237972,116205908724,2,0,0,777216,2,7309906791
5751,116205747005,318304,116206065309,9,0,0,221184,9,281211316
5752,116205773544,479604,116206253148,9,0,1,9728,9,5759680617
5753,116205817153,470132,116206287285,5,0,1,10752,5,3163924768
5754,116206044978,35369,116206080347,9,0,1,68096,9,5474495209
5755,116206182434,2866,116206185300,1,0,0,1024,1,2788564687
5756,116206189979,341688,116206531667,4,0,1,13312,4,9242235122
5757,116206308868,132465,116206441333,1,0,1,13312,1,1107221663
5758,116206329939,97662,116206427601,4,0,0,8704,4,234213229
5759,116206354502,307282,116206661784,0,0,1,512,0,6936003897
5760,116206456191,225704,116206681895,6,0,0,366080,6,3879738221
5761,116206460937,209302,116206670239,4,0,1,16384,4,1180262895
5762,116206503647,328653,116206832300,6,0,0,107520,6,3904181016
5763,116206604886,209520,116206814406,6,0,1,593408,6,212462572
5764,116206606141,187854,116206793995,0,0,0,335872,0,5009047562
5765,116206777347,704450,116207481797,3,0,1,4608,3,523900225
5766,116206845494,479178,116207324672,3,0,1,52224,3,9055213494
5767,116206850925,412712,116207263637,5,0,1,68096,5,10385708886
5768,116206925366,508515,116207433881,4,0,1,26112,4,351693380
5769,116206935967,429925,116207365892,9,0,0,700416,9,7433972087
5770,116206972403,481684,116207454087,6,0,0,192512,6,8801229243
5771,116207257324,6750,116207264074,3,0,1,38400,3,7045540767
5772,116207371602,14541,116207386143,0,0,1,28672,0,5102566844
5773,116207486450,203925,116207690375,5,0,1,5120,5,10596304944
5774,116207493439,9561,116207503000,1,0,0,7168,1,6465071856
5775,116207494190,104919,116207599109,3,0,1,12288,3,3412162038
5776,116207551200,562,116207551762,9,0,0,28160,9,1874902946
5777,116207571280,239812,116207811092,5,0,0,5632,5,7893235501
5778,116207605913,497644,116208103557,4,0,0,512,4,5945361920
5779,116207651027,103952,116207754979,6,0,0,172032,6,8064412752
5780,116207931855,5322,116207937177,5,0,0,5632,5,9142853778
5781,116208059320,13508,116208072828,0,0,0,26112,0,5579517082
5782,116208149578,5322,116208154900,4,0,1,10240,4,7424168554
5783,116208163883,74512,116208238395,1,0,0,5632,1,6517054670
5784,116208356101,103996,116208460097,5,0,1,41472,5,526781343
5785,116208441951,339796,116208781747,6,0,1,407040,6,10131546001
5786,116208544910,314503,116208859413,2,0,0,508928,2,2635127438
5787,116208555799,306840,116208862639,5,0,0,5120,5,9965799744
5788,116208567851,382370,116208950221,9,0,0,537600,9,5654834295
5789,116208577292,544732,116209122024,5,0,0,4096,5,6120343523
5790,116208578176,537877,116209116053,4,0,1,6144,4,4372571154
5791,116208648479,605640,116209254119,9,0,0,452096,9,3142657535
5792,116208854023,328550,116209182573,6,0,1,165376,6,3166731684
5793,116208890184,4370,116208894554,0,0,1,29184,0,6113590813
5794,116208962678,695396,116209658074,9,0,0,128512,9,503805716
5795,116209176541,668138,116209844679,5,0,1,22528,5,3342844874
5796,116209199750,359995,116209559745,3,0,1,4608,3,1467439379
5797,116209384422,395350,116209779772,5,0,0,4608,5,589127040
5798,116209445288,190674,116209635962,6,0,1,86016,6,2508145131
5799,116209496146,168928,116209665074,4,0,1,512,4,6486048863
5800,116209524142,43665,116209567807,9,0,0,251904,9,8541242900
5801,116209546874,171791,116209718665,4,0,0,1536,4,2789898244
5802,116209588558,407795,116209996353,6,0,1,17920,6,2384212762
5803,116209672483,357120,116210029603,5,0,0,512,5,8235135412
5804,116209758210,136364,116209894574,6,0,0,221184,6,9952301280
5805,116209795551,294190,116210089741,9,0,0,387072,9,4741415542
5806,116209817676,314409,116210132085,2,0,0,145408,2,8695428889
5807,116209886692,4675,116209891367,5,0,1,512,5,6001529451
5808,116210170877,339398,116210510275,1,0,0,12288,1,5229197627
5809,116210441621,34533,116210476154,6,0,1,744448,6,943014374
5810,116210467592,258553,116210726145,3,0,1,69120,3,4076443582
5811,116210472155,5192,116210477347,6,0,0,60416,6,10553686838
5812,116210497116,421981,116210919097,5,0,1,71680,5,7623030009
5813,116210562149,675562,116211237711,4,0,1,23552,4,10293187748
5814,116210859745,641934,116211501679,1,0,0,13312,1,4222373710
5815,116210907984,236397,116211144381,1,0,0,5632,1,5166673043
5816,116210925749,242119,116211167868,3,0,1,2560,3,5249057384
5817,116210973445,251026,116211224471,6,0,0,136192,6,4582636904
5818,116211103091,142783,116211245874,2,0,0,69632,2,4744340963
5819,116211310957,173529,116211484486,6,0,0,281088,6,4031470435
5820,116211399563,160300,116211559863,3,0,1,11776,3,8633480241
5821,116211451256,219887,116211671143,5,0,1,58880,5,4568985436
5822,116211514633,16991,116211531624,4,0,1,39424,4,2143971222
5823,116211532515,157672,116211690187,3,0,1,25600,3,8244252351
5824,116211660111,250764,116211910875,1,0,0,14848,1,8389592155
5825,116211833070,3418,116211836488,4,0,0,3584,4,9589693811
5826,116211883242,3894,116211887136,4,0,1,3072,4,4290904314
5827,116211899175,49288,116211948463,1,0,0,4096,1,2183008697
5828,116211999941,2866,116212002807,6,0,0,8704,6,5825485700
5829,116212032182,162370,116212194552,9,0,0,262656,9,7979105191
5830,116212171201,147737,116212318938,4,0,1,47616,4,4830268734
5831,116212271844,142504,116212414348,8,0,1,67072,8,1390602933
5832,116212398055,17323,116212415378,4,0,0,1024,4,10059007628
5833,116212420704,3900,116212424604,1,0,0,10752,1,8599895109
5834,116212449990,54354,116212504344,0,0,0,89088,0,5049222912
5835,116212553411,234537,116212787948,9,0,0,379904,9,9124293644
5836,116212586525,190418,116212776943,3,0,1,10752,3,8571342758
5837,116212592286,239392,116212831678,4,0,1,106496,4,6024197590
5838,116212602356,7226,116212609582,4,0,0,7680,4,3056934594
5839,116212852146,346450,116213198596,4,0,0,7680,4,1132972783
5840,116213013533,65452,116213078985,5,0,1,10752,5,10057106259
5841,116213041392,97912,116213139304,0,0,1,21504,0,3370103711
5842,116213078580,174442,116213253022,9,0,0,282112,9,7647393109
5843,116213408620,6750,116213415370,1,0,0,7168,1,3118070735
5844,116213456377,1990,116213458367,9,0,0,2048,9,1639490981
5845,116213576526,164696,116213741222,6,0,0,267264,6,9835950971
5846,116213675848,197732,116213873580,7,0,1,6656,7,2872449387
5847,116213740258,62670,116213802928,4,0,1,25600,4,2847615201
5848,116213814272,163309,116213977581,0,0,0,101888,0,8909930051
5849,116213860719,80061,116213940780,5,0,1,8192,5,1293107824
5850,116214028544,2942,116214031486,4,0,0,3072,4,3609513259
5851,116214150099,94508,116214244607,0,0,0,157184,0,1098021408
5852,116214356773,82972,116214439745,5,0,1,12800,5,2649850494
5853,116214379818,85936,116214465754,7,0,1,22528,7,6380987433
5854,116214548441,562,116214549003,9,0,0,512,9,4306678984
5855,116214620798,1990,116214622788,4,0,0,2048,4,1123298585
5856,116214656151,1514,116214657665,4,0,0,1536,4,5492941706
5857,116214898818,1038,116214899856,1,0,0,1024,1,100946113
5858,116214994407,4846,116214999253,1,0,0,5120,1,3336180755
5859,116215037662,96058,116215133720,2,0,0,160256,2,261022568
5860,116215138613,133029,116215271642,6,0,0,215552,6,6595348643
5861,116215218968,64327,116215283295,4,0,1,1536,4,6073941662
5862,116215292330,228474,116215520804,6,0,1,15872,6,8212040538
5863,116215395744,136927,116215532671,7,0,1,38912,7,3583556092
5864,116215471779,114041,116215585820,3,0,1,10240,3,4678110897
5865,116215507872,102912,116215610784,0,0,0,166912,0,2428846524
5866,116215569134,180092,116215749226,5,0,1,66048,5,8043822696
5867,116215814467,101500,116215915967,7,0,1,33280,7,3816239810
5868,116215860435,56323,116215916758,3,0,1,2560,3,5848384377
5869,116215866478,50759,116215917237,5,0,1,1536,5,8014925896
5870,116215964739,175249,116216139988,6,0,0,287744,6,438552576
5871,116215973268,151341,116216124609,4,0,1,13312,4,8462225822
5872,116215991233,54386,116216045619,9,0,0,4096,9,9539771750
5873,116216093334,314864,116216408198,9,0,0,8192,9,6042178740
5874,116216336659,84383,116216421042,5,0,1,90112,5,1610113359
5875,116216374441,16633,116216391074,0,0,0,140800,0,8583691336
5876,116216428444,158520,116216586964,3,0,1,81920,3,3225949012
5877,116216445097,15317,116216460414,1,0,0,4608,1,9923470866
5878,116216465267,199490,116216664757,3,0,1,27648,3,2275247319
5879,116216470170,171102,116216641272,3,0,1,5632,3,10102598576
5880,116216532368,167926,116216700294,2,0,0,29696,2,3016495655
5881,116216640051,84844,116216724895,5,0,1,18944,5,5835194470
5882,116216674975,50399,116216725374,7,0,1,1536,7,11414452
5883,116216692960,129030,116216821990,5,0,1,10752,5,8153338165
5884,116216837382,101656,116216939038,6,0,1,33792,6,7610124979
5885,116216969543,1514,116216971057,4,0,0,1536,4,36955184
5886,116216977508,89896,116217067404,3,0,1,15360,3,1383643038
5887,116217200087,218200,116217418287,6,0,1,254976,6,7657491751
5888,116217218499,206039,116217424538,7,0,1,20480,7,1213199151
5889,116217406966,59209,116217466175,0,0,0,67584,0,9916990678
5890,116217648260,109612,116217757872,6,0,1,59904,6,2280591988
5891,116217815756,232580,116218048336,6,0,0,943104,6,7095244911
5892,116217961291,580249,116218541540,5,0,1,22016,5,6164445447
5893,116218002052,398139,116218400191,4,0,0,6656,4,4013343452
5894,116218103363,45353,116218148716,5,0,1,42496,5,6453513984
5895,116218327157,450471,116218777628,0,0,1,512,0,2993792218
5896,116218355184,216937,116218572121,9,0,0,512,9,6352933531
5897,116218552328,562,116218552890,4,0,0,512,4,2058147742
5898,116218639417,64479,116218703896,0,0,0,105472,0,7027419008
5899,116218703941,1514,116218705455,7,0,1,50176,7,4721635951
5900,116218745241,223781,116218969022,1,0,0,1536,1,1674413906
5901,116218819105,214804,116219033909,6,0,0,348160,6,3219987345
5902,116218835027,271820,116219106847,2,0,0,242688,2,2368157749
5903,116218865810,212830,116219078640,0,0,1,113664,0,2138840625
5904,116218889903,333914,116219223817,4,0,1,14848,4,6602601983
5905,116218895643,314356,116219209999,9,0,0,2560,9,1242290272
5906,116218957406,336309,116219293715,0,0,1,26624,0,4987475678
5907,116219293266,21836,116219315102,2,0,0,34816,2,2955373046
5908,116219376191,2942,116219379133,4,0,1,12288,4,1380690654
5909,116219397767,79744,116219477511,9,0,0,3072,9,728737290
5910,116219568407,107428,116219675835,6,0,1,52736,6,996323117
5911,116219611152,64694,116219675846,2,0,0,89088,2,2092795068
5912,116219858451,78544,116219936995,0,0,1,18432,0,2185331151
5913,116219997930,67588,116220065518,7,0,1,7680,7,6639258504
5914,116220309317,7226,116220316543,9,0,0,7680,9,2493863484
5915,116220318425,55300,116220373725,2,0,0,94208,2,4895255702
5916,116220323431,179399,116220502830,6,0,1,48640,6,8013577573
5917,116220346206,131496,116220477702,0,0,0,325120,0,1064825342
5918,116220388848,198822,116220587670,7,0,1,9216,7,8540747664
5919,116220426401,119293,116220545694,4,0,0,1024,4,5101791271
5920,116220776934,3418,116220780352,1,0,0,3584,1,2057578125
5921,116220867620,6750,116220874370,7,0,1,69120,7,10729625150
5922,116220968395,133947,116221102342,0,0,1,13312,0,3104394275
5923,116220969258,86200,116221055458,1,0,0,7168,1,7847284086
5924,116221036855,136817,116221173672,2,0,0,226304,2,8665330796
5925,116221145154,175079,116221320233,6,0,0,284160,6,241835573
5926,116221339117,136087,116221475204,4,0,1,25088,4,6066976690
5927,116221420181,55034,116221475215,2,0,0,86016,2,4344595237
5928,116221484535,1038,116221485573,9,0,0,1024,9,5215439741
5929,116221519282,1990,116221521272,1,0,1,5632,1,4406991422
5930,116221556618,6750,116221563368,4,0,0,2048,4,6852323921
5931,116221563508,118374,116221681882,1,0,0,7168,1,2543505682
5932,116221674250,81370,116221755620,2,0,0,131584,2,1991276352
5933,116221744002,26217,116221770219,6,0,0,47616,6,212536129
5934,116221798578,125488,116221924066,6,0,0,204288,6,1557911970
5935,116221934362,52287,116221986649,0,0,1,7680,0,3183230134
5936,116221983518,1038,116221984556,1,0,0,84992,1,810264357
5937,116222092214,135265,116222227479,1,0,1,18944,1,10472577090
5938,116222102151,330792,116222432943,0,0,1,28672,0,7202262940
5939,116222133283,208446,116222341729,4,0,0,1024,4,8099695323
5940,116222394389,267238,116222661627,1,0,0,433664,1,729325147
5941,116222431878,230415,116222662293,1,0,0,1024,1,4501670893
5942,116222449136,27597,116222476733,0,0,1,49664,0,10710991404
5943,116222476721,5322,116222482043,6,0,1,118272,6,4172716977
5944,116222490315,327569,116222817884,4,0,1,12800,4,6136878440
5945,116222636002,370305,116223006307,9,0,0,2048,9,3365551236
5946,116222679757,64859,116222744616,4,0,0,5632,4,3199971705
5947,116222754593,67821,116222822414,1,0,0,79872,1,6230145781
5948,116222757040,362001,116223119041,4,0,0,13824,4,1344088153
5949,116223306212,103060,116223409272,1,0,1,38400,1,8443910006
5950,116223366798,112716,116223479514,4,0,1,40960,4,5545595536
5951,116223375789,125488,116223501277,0,0,0,204288,0,274842391
5952,116223450723,232163,116223682886,1,0,1,28160,1,10469086209
5953,116223705528,2866,116223708394,4,0,0,8704,4,347068341
5954,116223772657,515632,116224288289,6,0,1,613888,6,4344523059
5955,116224322067,51253,116224373320,1,0,0,82944,1,2694991709
5956,116224456683,1038,116224457721,4,0,0,1024,4,503676994
5957,116224497119,67300,116224564419,4,0,1,11776,4,10181809677
5958,116224625806,3383,116224629189,2,0,0,9728,2,3610661894
5959,116224651169,2866,116224654035,2,0,1,77312,2,6235237562
5960,116224693378,122070,116224815448,2,0,1,18432,2,5423576310
5961,116224731781,155777,116224887558,9,0,0,8704,9,4098542258
5962,116224743998,315279,116225059277,6,0,0,510464,6,2538374091
5963,116224751066,386007,116225137073,1,0,1,52736,1,8331521185
5964,116224761439,380222,116225141661,1,0,0,263168,1,5907872014
5965,116224821805,417844,116225239649,1,0,0,321536,1,4216839341
5966,116224861488,538667,116225400155,0,0,0,514560,0,8261343461
5967,116225077433,327999,116225405432,6,0,1,393216,6,980192308
5968,116225095098,408281,116225503379,0,0,0,338432,0,217348721
5969,116225107457,580537,116225687994,1,0,1,3072,1,3225657015
5970,116225214847,443134,116225657981,0,0,0,199680,0,10198777416
5971,116225346673,311335,116225658008,0,0,0,176128,0,3582477892
5972,116225422686,235333,116225658019,4,0,0,3584,4,10524251610
5973,116225590401,70210,116225660611,4,0,1,60928,4,1004439760
5974,116225604644,82897,116225687541,4,0,1,37888,4,9293301269
5975,116225623929,422940,116226046869,0,0,0,63488,0,3288200862
5976,116225648769,459017,116226107786,0,0,0,92160,0,4935299278
5977,116225811599,329632,116226141231,2,0,1,18944,2,10094430301
5978,116225867468,285425,116226152893,7,0,1,24064,7,1650523692
5979,116226177320,89546,116226266866,1,0,1,4096,1,1067755594
5980,116226198253,145248,116226343501,7,0,1,46592,7,6920807322
5981,116226287857,260532,116226548389,4,0,1,7680,4,7952809067
5982,116226349558,237291,116226586849,6,0,0,388608,6,1996541303
5983,116226359052,238319,116226597371,6,0,0,41984,6,5245642706
5984,116226365913,324825,116226690738,0,0,0,299520,0,9386014029
5985,116226386437,117171,116226503608,0,0,1,19456,0,4216496771
5986,116226393135,319680,116226712815,7,0,1,10752,7,3148923166
5987,116226441178,333546,116226774724,0,0,1,66048,0,4174661337
5988,116226536206,450084,116226986290,0,0,1,20480,0,8650742151
5989,116226577113,267232,116226844345,6,0,0,5632,6,9166343973
5990,116226592736,411554,116227004290,2,0,1,52736,2,1043299959
5991,116226807965,3418,116226811383,2,0,1,43520,2,6370209253
5992,116226956101,224768,116227180869,4,0,0,3584,4,8680880215
5993,116227030529,134470,116227164999,2,0,1,15872,2,7069630310
5994,116227124493,89664,116227214157,7,0,1,9728,7,1379647713
5995,116227192148,90700,116227282848,4,0,1,23040,4,5094614316
5996,116227261415,92836,116227354251,7,0,1,19968,7,658199779
5997,116227349488,101287,116227450775,4,0,1,22016,4,3018376320
5998,116227487356,109144,116227596500,1,0,1,58368,1,4726318937
5999,116227623760,562,116227624322,4,0,0,512,4,6371692043
6000,116227751764,7702,116227759466,4,0,0,8192,4,9584400266
6001,116227898893,4370,116227903263,4,0,0,4608,4,5819462093
6002,116228149875,2942,116228152817,9,0,0,3072,9,8207577486
6003,116228160181,562,116228160743,9,0,0,512,9,6631768869
6004,116228207190,98536,116228305726,1,0,1,23552,1,4743629461
6005,116228235609,254012,116228489621,0,0,0,411136,0,7112282086
6006,116228253428,224255,116228477683,1,0,1,25088,1,5372872377
6007,116228312024,334980,116228647004,1,0,0,149504,1,2703163541
6008,116228326725,277022,116228603747,7,0,1,12800,7,6953051247
6009,116228367646,282430,116228650076,6,0,0,364544,6,8239148627
6010,116228374937,290677,116228665614,7,0,1,4608,7,788171897
6011,116228385715,105137,116228490852,2,0,1,47616,2,7979720101
6012,116228566649,309267,116228875916,6,0,0,71168,6,3247816252
6013,116228585765,109228,116228694993,2,0,0,47616,2,4578188679
6014,116228688090,316414,116229004504,6,0,1,668672,6,1662629572
6015,116228836961,725657,116229562618,2,0,1,12800,2,459387324
6016,116229114485,299273,116229413758,6,0,0,169472,6,9059872117
6017,116229452277,64908,116229517185,1,0,0,109568,1,9164428995
6018,116229607419,108208,116229715627,0,0,1,55296,0,4862500648
6019,116229717305,100408,116229817713,7,0,1,29696,7,8004682260
6020,116229804268,62929,116229867197,1,0,0,102400,1,6151725449
6021,116229842685,28058,116229870743,9,0,0,5632,9,7162053964
6022,116229848559,129554,116229978113,2,0,1,15872,2,4906417019
6023,116230041124,283870,116230324994,6,0,0,459264,6,7749258397
6024,116230109801,241114,116230350915,0,0,0,91136,0,3674739056
6025,116230248020,226391,116230474411,6,0,0,370688,6,7874773503
6026,116230423314,54613,116230477927,4,0,1,20992,4,8796264904
6027,116230516893,264619,116230781512,1,0,0,89600,1,3989224337
6028,116230518831,492306,116231011137,1,0,0,755712,1,1745084458
6029,116230641125,367360,116231008485,6,0,1,285696,6,1347656343
6030,116230654607,151021,116230805628,6,0,0,35328,6,3143034138
6031,116230871305,33071,116230904376,9,0,0,9728,9,1923945730
6032,116231090135,581870,116231672005,0,0,0,54272,0,2967064784
6033,116231115821,275295,116231391116,2,0,0,445952,2,10219407824
6034,116231162899,92670,116231255569,7,0,1,24576,7,1722342295
6035,116231300392,277182,116231577574,4,0,0,3072,4,7269528598
6036,116231577508,2466,116231579974,6,0,1,314880,6,4901140009
6037,116231593415,5192,116231598607,9,0,0,2560,9,3842390062
6038,116231758325,321663,116232079988,1,0,0,13312,1,5883753319
6039,116231869176,130083,116231999259,1,0,1,28672,1,492832648
6040,116231956409,522083,116232478492,1,0,0,849920,1,8011515053
6041,116232006955,475934,116232482889,6,0,0,48128,6,8700730317
6042,116232019446,488436,116232507882,2,0,1,27648,2,4536935341
6043,116232180918,314484,116232495402,9,0,0,2048,9,667818072
6044,116232185864,311996,116232497860,0,0,0,22016,0,13483858
6045,116232293964,229613,116232523577,6,0,0,90112,6,9745656342
6046,116232462393,72526,116232534919,0,0,0,46080,0,8226992639
6047,116232477243,177575,116232654818,6,0,1,425472,6,638180553
6048,116232512034,214984,116232727018,6,0,0,292352,6,3050741591
6049,116232547051,78686,116232625737,0,0,0,240128,0,4734779775
6050,116232628113,71974,116232700087,1,0,1,13824,1,6288941759
6051,116232695100,535939,116233231039,6,0,0,39936,6,1924716667
6052,116232726804,389308,116233116112,2,0,1,4096,2,5301960198
6053,116232733583,277847,116233011430,1,0,0,111104,1,7246950599
6054,116232739593,205699,116232945292,1,0,0,388608,1,4193661830
6055,116232813704,123511,116232937215,4,0,0,2048,4,6377960898
6056,116232896238,375809,116233272047,1,0,0,512,1,6564701108
6057,116232956080,1514,116232957594,6,0,1,411136,6,5568180742
6058,116233064243,4846,116233069089,9,0,1,2048,9,4391022826
6059,116233177177,4370,116233181547,1,0,0,1536,1,4347385254
6060,116233197577,309726,116233507303,4,0,0,5120,4,3767503137
6061,116233261342,82145,116233343487,9,0,0,4608,9,852029311
6062,116233296848,1990,116233298838,0,0,0,133120,0,7930503614
6063,116233379533,602352,116233981885,1,0,0,2048,1,349709805
6064,116233386777,99437,116233486214,2,0,1,14336,2,4815760957
6065,116233463374,233819,116233697193,4,0,0,4608,4,7487318927
6066,116233510928,259490,116233770418,2,0,1,54784,2,5750763353
6067,116233627354,203128,116233830482,6,0,0,328704,6,1364312573
6068,116233805504,247416,116234052920,6,0,0,404992,6,2489305391
6069,116233831688,221578,116234053266,0,0,0,512,0,5816424016
6070,116233900788,153464,116234054252,9,0,0,1536,9,7186274641
6071,116234000916,158016,116234158932,7,0,1,11776,7,9057641228
6072,116234047724,95858,116234143582,1,0,1,64512,1,5600846099
6073,116234138430,206231,116234344661,4,0,1,12800,4,8114995617
6074,116234203723,187183,116234390906,6,0,0,307712,6,238424104
6075,116234313393,527387,116234840780,2,0,0,853504,2,7793406146
6076,116234479711,365575,116234845286,9,0,0,7168,9,3314172968
6077,116234616955,228997,116234845952,0,0,0,1024,0,9539002454
6078,116234738665,108593,116234847258,9,0,0,2048,9,1069848876
6079,116234813286,206580,116235019866,1,0,1,24576,1,3889490290
6080,116234859185,2466,116234861651,6,0,1,118272,6,5171857235
6081,116235098558,288616,116235387174,4,0,0,2560,4,359654690
6082,116235120260,29047,116235149307,1,0,0,1536,1,2454091101
6083,116235206720,195071,116235401791,2,0,0,316416,2,7208649713
6084,116235304038,176336,116235480374,2,0,0,253440,2,4104293723
6085,116235367794,8094,116235375888,1,0,1,22528,1,9994872110
6086,116235421047,5798,116235426845,7,0,1,143872,7,2751827576
6087,116235424304,294355,116235718659,1,0,1,71680,1,3046941379
6088,116235472626,336822,116235809448,1,0,0,512,1,7722453575
6089,116235531339,5322,116235536661,6,0,1,408064,6,5300950450
6090,116235555989,501555,116236057544,6,0,0,6144,6,8399845702
6091,116235575951,630441,116236206392,6,0,1,44032,6,8603381163
6092,116235765509,492221,116236257730,6,0,0,5632,6,6126724158
6093,116236051942,17260,116236069202,6,0,0,1024,6,3025340926
6094,116236205954,7702,116236213656,1,0,0,8192,1,388723820
6095,116236282380,1514,116236283894,9,0,0,1536,9,748134368
6096,116236308519,1514,116236310033,6,0,1,698880,6,3623894113
6097,116236395024,587608,116236982632,1,0,0,1536,1,4711681010
6098,116236636257,310589,116236946846,6,0,1,166400,6,712824390
6099,116236801281,220986,116237022267,6,0,1,114176,6,7401684171
6100,116236936790,225539,116237162329,2,0,0,352768,2,25161443
6101,116236986229,177726,116237163955,6,0,0,2560,6,7982700100
6102,116237022648,3124,116237025772,3,0,1,65536,3,766331950
6103,116237184303,222016,116237406319,1,0,1,30208,1,9233646217
6104,116237187636,92147,116237279783,7,0,1,2048,7,5657292087
6105,116237203637,133351,116237336988,4,0,0,9216,4,4543620350
6106,116237231724,14147,116237245871,6,0,1,311808,6,10493410704
6107,116237303518,6225,116237309743,1,0,0,5632,1,7413223610
6108,116237477301,425907,116237903208,7,0,1,1536,7,5978294428
6109,116237519111,180809,116237699920,6,0,0,15360,6,4809902608
6110,116237595321,64295,116237659616,9,0,0,1536,9,1480431627
6111,116237712057,43900,116237755957,9,0,1,512,9,8104345356
6112,116237791695,5322,116237797017,7,0,1,34304,7,743574
6113,116237831713,101812,116237933525,9,0,0,5632,9,6222517604
6114,116237909179,1514,116237910693,1,0,1,74240,1,6341047544
6115,116238003711,205061,116238208772,4,0,1,24064,4,1417774228
6116,116238063605,117872,116238181477,6,0,0,1536,6,2963095706
6117,116238087165,111675,116238198840,1,0,1,52224,1,9439472212
6118,116238218053,1990,116238220043,9,0,0,2048,9,85128372
6119,116238402833,104152,116238506985,4,0,1,41984,4,10716000833
6120,116238585008,301743,116238886751,2,0,0,845824,2,7070025804
6121,116238730490,526751,116239257241,4,0,1,40448,4,1830020844
6122,116238810005,88029,116238898034,7,0,1,36864,7,3614934471
6123,116239023741,424964,116239448705,0,0,0,2048,0,8466121906
6124,116239122485,345429,116239467914,6,0,1,217088,6,2500298013
6125,116239309462,164859,116239474321,1,0,1,20992,1,8357083403
6126,116239528456,4846,116239533302,0,0,0,5120,0,9357947429
6127,116239571073,109456,116239680529,4,0,1,59392,4,5035173458
6128,116239975986,111328,116240087314,4,0,1,65536,4,811209415
6129,116240345793,2942,116240348735,1,0,0,3072,1,83105879
6130,116240409836,101656,116240511492,7,0,1,33792,7,935193579
6131,116240458455,98560,116240557015,1,0,1,28672,1,6800103524
6132,116240852473,2942,116240855415,9,0,0,3072,9,10561660347
6133,116241027593,1038,116241028631,6,0,1,91648,6,3989649557
6134,116241096414,562,116241096976,1,0,0,1024,1,7243439042
6135,116241098476,119284,116241217760,6,0,0,512,6,3224577019
6136,116241120151,27280,116241147431,9,0,0,512,9,477491445
6137,116241147496,1038,116241148534,4,0,0,1024,4,5773452764
6138,116241248524,101656,116241350180,1,0,1,33792,1,4612348155
6139,116241269926,1990,116241271916,6,0,1,206336,6,4538909075
6140,116241437730,1990,116241439720,0,0,0,2048,0,8359872878
6141,116241444563,251440,116241696003,6,0,0,2048,6,7608738922
6142,116241450394,70991,116241521385,2,0,0,105472,2,6039722490
6143,116241506284,104928,116241611212,1,0,1,25600,1,8545542008
6144,116241589995,224927,116241814922,7,0,1,17408,7,8467770084
6145,116241814176,297778,116242111954,6,0,1,283136,6,3763302726
6146,116241822932,320397,116242143329,6,0,1,102912,6,7231230492
6147,116241861960,284040,116242146000,1,0,1,8704,1,10084359577
6148,116242034913,211713,116242246626,1,0,1,132096,1,2230635345
6149,116242064668,262394,116242327062,7,0,1,106496,7,4570463800
6150,116242537554,562,116242538116,1,0,0,512,1,2060821332
6151,116242537913,54832,116242592745,3,0,1,6144,3,6923063448
6152,116242633100,131790,116242764890,7,0,1,36864,7,9350916795
6153,116242662298,172309,116242834607,7,0,1,40448,7,10350054336
6154,116242835790,255045,116243090835,2,0,0,413184,2,3855429133
6155,116242861403,230738,116243092141,0,0,0,2048,0,1620089275
6156,116242862977,344644,116243207621,7,0,1,85504,7,8912406607
6157,116243107485,100147,116243207632,2,0,0,159232,2,2671626434
6158,116243138590,57976,116243196566,3,0,1,54784,3,10666317931
6159,116243149667,5192,116243154859,6,0,0,512,6,1642718031
6160,116243244163,310050,116243554213,7,0,1,62976,7,1023122647
6161,116243288629,241107,116243529736,4,0,0,13312,4,8923872054
6162,116243528615,1038,116243529653,1,0,0,1024,1,3691430968
6163,116243581079,562,116243581641,6,0,0,512,6,4423022501
6164,116243786873,187780,116243974653,6,0,1,155136,6,5720963454
6165,116243826066,153754,116243979820,1,0,1,16896,1,10068832536
6166,116243929097,54100,116243983197,9,0,0,3584,9,3577825705
6167,116244047712,1038,116244048750,6,0,1,130048,6,7234701499
6168,116244048804,132076,116244180880,1,0,1,6656,1,5956087319
6169,116244092073,133023,116244225096,0,0,0,1024,0,10668285397
6170,116244281922,1990,116244283912,9,0,0,2048,9,3222231599
6171,116244331577,106492,116244438069,3,0,1,49664,3,867552136
6172,116244482419,1514,116244483933,0,0,0,1536,0,8046852574
6173,116244483217,135525,116244618742,2,0,0,223744,2,10343912984
6174,116244518938,101084,116244620022,9,0,0,14336,9,6420048196
6175,116244544586,76742,116244621328,0,0,0,2048,0,5169329175
6176,116244667021,159263,116244826284,7,0,1,39936,7,2006361177
6177,116244915168,1038,116244916206,0,0,0,1024,0,3870298190
6178,116245045901,562,116245046463,0,0,0,512,0,3284538454
6179,116245196448,3900,116245200348,6,0,0,10752,6,8366839389
6180,116245351002,4675,116245355677,9,0,0,12288,9,1327234829
6181,116245431043,3900,116245434943,6,0,0,10752,6,8098671341
6182,116245462785,12562,116245475347,2,0,0,20992,2,10583208818
6183,116245488466,6750,116245495216,6,0,1,251392,6,91025485
6184,116245549966,562,116245550528,0,0,0,7168,0,7192771238
6185,116245578782,248880,116245827662,4,0,0,512,4,9907130843
6186,116245765933,6274,116245772207,6,0,0,6656,6,7919514128
6187,116246052925,7702,116246060627,6,0,0,8192,6,1433397352
6188,116246055528,107353,116246162881,1,0,1,36352,1,4707602258
6189,116246184862,49444,116246234306,6,0,1,3584,6,9721045369
6190,116246351158,1990,116246353148,1,0,0,2048,1,1921222117
6191,116246536426,111016,116246647442,7,0,1,64512,7,1171949320
6192,116246627282,20171,116246647453,9,0,0,6144,9,7375271104
6193,116246655514,562,116246656076,9,0,0,512,9,4434423804
6194,116246950179,5967,116246956146,0,0,0,14848,0,10498148354
6195,116246981006,5322,116246986328,7,0,1,62976,7,6457536195
6196,116247029160,123014,116247152174,6,0,0,5632,6,5091427751
6197,116247095632,12538,116247108170,0,0,0,11264,0,1953500555
6198,116247225608,3383,116247228991,0,0,0,9728,0,4107293649
6199,116247353145,112003,116247465148,2,0,0,181248,2,5622597591
6200,116247388646,97086,116247485732,2,0,0,65536,2,7921821458
6201,116247673677,3418,116247677095,2,0,0,3584,2,9149375544
6202,116247729732,206968,116247936700,6,0,1,218112,6,9973674262
6203,116248114464,5798,116248120262,4,0,0,6144,4,2652953396
6204,116248147383,562,116248147945,6,0,1,109568,6,1154050848
6205,116248168129,132808,116248300937,6,0,0,512,6,300430059
6206,116248224535,3418,116248227953,3,0,1,36352,3,5196351396
6207,116248286067,1038,116248287105,1,0,0,3584,1,8999250897
6208,116248302237,124656,116248426893,0,0,0,1024,0,2246441901
6209,116248334005,52360,116248386365,7,0,1,3072,7,5618619414
6210,116248506801,1514,116248508315,1,0,1,56832,1,3130099258
6211,116248523593,110603,116248634196,6,0,0,1536,6,7650019146
6212,116248598322,4416,116248602738,7,0,1,1536,7,1722046769
6213,116248627620,47284,116248674904,4,0,0,11776,4,5524180409
6214,116248671072,3383,116248674455,4,0,0,9728,4,8938521173
6215,116248864318,101500,116248965818,3,0,1,33280,3,8052939966
6216,116248987826,79900,116249067726,1,0,1,12800,1,8832448761
6217,116249161995,2942,116249164937,1,0,0,3072,1,1262828053
6218,116249344993,1514,116249346507,8,0,1,18944,8,6331167322
6219,116249360499,97132,116249457631,4,0,0,1536,4,3885986739
6220,116249449840,13854,116249463694,6,0,1,208896,6,6773188742
6221,116249451413,4675,116249456088,1,0,1,5632,1,1661818576
6222,116249464175,7846,116249472021,7,0,1,68608,7,5849067942
6223,116249512264,257128,116249769392,6,0,0,23552,6,9678293704
6224,116249515249,263708,116249778957,7,0,1,3584,7,10465715958
6225,116249587928,213737,116249801665,4,0,0,12288,4,8591057728
6226,116249588245,279308,116249867553,9,0,0,4608,9,5613539076
6227,116249668367,3383,116249671750,3,0,1,11264,3,7809951535
6228,116249769694,127755,116249897449,2,0,0,9728,2,10708360907
6229,116249817883,5322,116249823205,6,0,0,5632,6,3345222343
6230,116249855831,107584,116249963415,3,0,1,53248,3,8820611612
6231,116249885737,141812,116250027549,9,0,1,30720,9,8469637265
6232,116249898228,220608,116250118836,9,0,1,36352,9,10168386184
6233,116250387672,48976,116250436648,3,0,1,2048,3,2468397142
6234,116250526712,2942,116250529654,2,0,0,3072,2,7870466082
6235,116250623570,57436,116250681006,1,0,1,4608,1,633838836
6236,116250935024,4933,116250939957,4,0,0,12800,4,9119239588
6237,116251036626,4846,116251041472,6,0,1,239616,6,2738662280
6238,116251067099,215056,116251282155,6,0,0,5120,6,617011974
6239,116251163081,117845,116251280926,9,0,1,40960,9,10713021709
6240,116251346107,5798,116251351905,9,0,0,6144,9,7838803040
6241,116251346857,5798,116251352655,6,0,1,79360,6,200098230
6242,116251393666,116711,116251510377,2,0,0,6144,2,935777826
6243,116251715960,4846,116251720806,0,0,0,5120,0,8274464673
6244,116251769043,4675,116251773718,2,0,0,12288,2,7153412733
6245,116251947306,115228,116252062534,1,0,1,78336,1,4321345319
6246,116252088155,4846,116252093001,3,0,1,30208,3,8403662698
6247,116252110301,100564,116252210865,1,0,0,5120,1,9094888106
6248,116252257666,5798,116252263464,6,0,0,6144,6,4742619515
6249,116252325612,172551,116252498163,6,0,1,108544,6,8083824462
6250,116252571868,2466,116252574334,1,0,0,2560,1,5700851747
6251,116252612149,5450,116252617599,0,0,0,13824,0,1611501385
6252,116252628466,1990,116252630456,4,0,0,2048,4,7357356832
6253,116252641793,3894,116252645687,6,0,0,4096,6,519173726
6254,116252724210,2466,116252726676,9,0,1,30720,9,3350305227
6255,116252792171,100720,116252892891,6,0,0,2560,6,6354232956
6256,116252986943,97492,116253084435,1,0,1,30208,1,2384292097
6257,116253076533,106430,116253182963,9,0,1,23552,9,6018089116
6258,116253194824,100096,116253294920,6,0,1,28672,6,6461814617
6259,116253312514,562,116253313076,9,0,0,512,9,7001224653
6260,116253329926,1038,116253330964,6,0,0,1024,6,2723104104
6261,116253656016,1990,116253658006,2,0,0,2048,2,3804127645
6262,116253714193,5192,116253719385,4,0,0,13312,4,3417096931
6263,116253870617,1990,116253872607,6,0,0,2048,6,2944375227
6264,116254066116,64204,116254130320,1,0,1,6656,1,7575790337
6265,116254167800,65896,116254233696,9,0,1,7168,9,1217560076
6266,116254233210,1516,116254234726,4,0,0,1024,4,5839904212
6267,116254389490,4846,116254394336,2,0,0,5120,2,2589030659
6268,116254485288,562,116254485850,1,0,0,512,1,393791859
6269,116254496936,102124,116254599060,9,0,1,35328,9,9382512702
6270,116254663820,47440,116254711260,9,0,1,2048,9,2155309374
6271,116254709414,1857,116254711271,0,0,0,1536,0,10493947115
6272,116254711323,562,116254711885,1,0,1,46080,1,2316062077
6273,116254714401,105400,116254819801,3,0,1,89088,3,5518533688
6274,116254776517,164578,116254941095,9,0,0,512,9,8187969139
6275,116254941312,1990,116254943302,6,0,0,2048,6,5903985788
6276,116255037003,3124,116255040127,6,0,1,13312,6,7761302545
6277,116255037862,67768,116255105630,2,0,0,9216,2,3011843710
6278,116255220353,2942,116255223295,1,0,1,102400,1,6621831457
6279,116255278011,122560,116255400571,4,0,0,3072,4,9290133169
6280,116255359930,46208,116255406138,1,0,0,79872,1,10224271075
6281,116255363385,43739,116255407124,2,0,0,1536,2,491612061
6282,116255416618,4846,116255421464,2,0,0,5120,2,7137345309
6283,116255486856,108988,116255595844,1,0,1,57856,1,8293206304
6284,116255629833,10495,116255640328,9,0,1,60928,9,2941757080
6285,116255631539,1038,116255632577,8,0,1,11264,8,345504363
6286,116255651469,78016,116255729485,0,0,0,16896,0,6039746570
6287,116255684589,109924,116255794513,4,0,0,1024,4,6059075976
6288,116255936404,12304,116255948708,1,0,0,20480,1,4654776784
6289,116255946362,3332,116255949694,2,0,0,1536,2,6940051810
6290,116256070466,1990,116256072456,2,0,0,2048,2,2786408784
6291,116256354373,11529,116256365902,4,0,0,18944,4,517969783
6292,116256385815,6274,116256392089,9,0,0,6656,9,9646624158
6293,116256396550,3418,116256399968,4,0,0,3584,4,2829611690
6294,116256531937,255045,116256786982,1,0,0,413184,1,8754943342
6295,116256688384,100864,116256789248,4,0,0,3584,4,5949555465
6296,116256693674,98800,116256792474,2,0,0,5120,2,7223255468
6297,116256794467,87484,116256881951,1,0,0,146944,1,9160783586
6298,116256799966,83611,116256883577,6,0,0,2560,6,4599966329
6299,116257199425,104891,116257304316,1,0,0,174080,1,8980396288
6300,116257223020,64841,116257287861,7,0,1,24064,7,1633294177
6301,116257241421,89541,116257330962,6,0,0,3072,6,5524023488
6302,116257249107,176122,116257425229,1,0,0,114176,1,363639209
6303,116257535091,2942,116257538033,6,0,1,276480,6,1159269973
6304,116257581865,293020,116257874885,0,0,0,3072,0,7695616992
6305,116257618757,15753,116257634510,7,0,1,5120,7,3691711989
6306,116257718148,227981,116257946129,6,0,1,250368,6,4470390491
6307,116257767603,272776,116258040379,6,0,1,459776,6,5514633104
6308,116257815758,55309,116257871067,2,0,0,9728,2,10261268014
6309,116257853585,3894,116257857479,5,0,1,3584,5,2529148412
6310,116257914120,504043,116258418163,6,0,1,67072,6,7428134855
6311,116258003778,278643,116258282421,8,0,1,35328,8,8172931516
6312,116258023269,165488,116258188757,5,0,1,2560,5,2038918531
6313,116258091854,429950,116258521804,2,0,0,4096,2,1872218352
6314,116258116944,389870,116258506814,1,0,0,120832,1,3424064951
6315,116258246360,70668,116258317028,6,0,0,22016,6,2934879000
6316,116258326258,7702,116258333960,2,0,0,8192,2,1321780433
6317,116258527309,1990,116258529299,0,0,0,2048,0,1066307215
6318,116258967342,3383,116258970725,2,0,0,9728,2,9130629673
6319,116258985208,1990,116258987198,9,0,0,2048,9,9242275276
6320,116259110577,562,116259111139,4,0,0,512,4,6477711511
6321,116259191162,50668,116259241830,5,0,1,2560,5,9545008501
6322,116259246320,57436,116259303756,5,0,1,4608,5,650513236
6323,116259331917,72664,116259404581,7,0,1,9216,7,6242625248
6324,116259485123,562,116259485685,9,0,1,3584,9,1744789794
6325,116259537370,54052,116259591422,9,0,0,512,9,10430104644
6326,116259549508,72688,116259622196,5,0,1,14336,5,7256030220
6327,116259585488,7702,116259593190,6,0,1,476672,6,324764118
6328,116259679851,4330,116259684181,4,0,0,8192,4,6017890927
6329,116259684849,7702,116259692551,4,0,0,2560,4,4704415617
6330,116259741285,1514,116259742799,9,0,0,8192,9,5588487382
6331,116259780454,1038,116259781492,9,0,0,1536,9,6362899955
6332,116259791303,404362,116260195665,9,0,0,1024,9,3240103649
6333,116260043912,104932,116260148844,5,0,1,44544,5,5242867371
6334,116260302894,1038,116260303932,2,0,0,1024,2,4616278096
6335,116260702518,4370,116260706888,4,0,0,4608,4,8171373816
6336,116260718604,50668,116260769272,9,0,1,2560,9,3524580624
6337,116260740773,117342,116260858115,9,0,0,195072,9,9719357626
6338,116260758133,100136,116260858269,6,0,0,8704,6,9835736320
6339,116260860261,1514,116260861775,2,0,0,1536,2,10486624269
6340,116261039430,57436,116261096866,7,0,1,4608,7,1957457360
6341,116261044558,321168,116261365726,6,0,1,264704,6,6187646021
6342,116261087143,98909,116261186052,8,0,1,159744,8,3187194136
6343,116261266836,327285,116261594121,1,0,0,59392,1,9400688040
6344,116261288449,182981,116261471430,8,0,1,47104,8,4736381741
6345,116261806235,1990,116261808225,0,0,0,2048,0,1409716357
6346,116261876104,100720,116261976824,9,0,1,30720,9,1895585194
6347,116261930456,5967,116261936423,2,0,1,32256,2,1729957293
6348,116261983934,1990,116261985924,1,0,0,14848,1,6350784002
6349,116262016865,4846,116262021711,2,0,0,2048,2,4222086684
6350,116262035960,122784,116262158744,6,0,0,5120,6,8625379747
6351,116262076490,255562,116262332052,9,0,0,414208,9,2965551576
6352,116262099096,4846,116262103942,6,0,1,101888,6,6932222641
6353,116262242963,93018,116262335981,2,0,1,5632,2,10719842443
6354,116262364842,399828,116262764670,1,0,1,18944,1,5576863361
6355,116262365242,269098,116262634340,6,0,0,5120,6,7225497060
6356,116262504984,5192,116262510176,9,0,1,46080,9,3150476292
6357,116262528976,134058,116262663034,4,0,0,13312,4,4137297858
6358,116262688992,1038,116262690030,6,0,0,1024,6,6698425329
6359,116262708193,13337,116262721530,4,0,0,22528,4,1167655495
6360,116262770634,99004,116262869638,5,0,1,25088,5,10061299959
6361,116262942951,31779,116262974730,9,0,0,51712,9,614147296
6362,116263002629,6225,116263008854,0,0,0,15360,0,4057231327
6363,116263116292,62154,116263178446,3,0,0,100864,3,2414419817
6364,116263227072,3900,116263230972,4,0,0,10752,4,9812512017
6365,116263306858,73756,116263380614,9,0,1,12800,9,7677452854
6366,116263440933,296579,116263737512,3,0,0,480768,3,800845003
6367,116263531675,217614,116263749289,1,0,1,121856,1,6814825331
6368,116263551669,223250,116263774919,3,0,0,102912,3,8248813872
6369,116263563020,332777,116263895797,1,0,0,65024,1,1431667357
6370,116263574474,289989,116263864463,9,0,0,235008,9,445605795
6371,116263641614,222860,116263864474,2,0,0,512,2,2856732252
6372,116263817687,7702,116263825389,9,0,1,59904,9,941333701
6373,116263887286,292621,116264179907,2,0,0,8192,2,865878578
6374,116263919463,45433,116263964896,6,0,1,206848,6,893649959
6375,116264065894,1514,116264067408,3,0,0,78336,3,10206404710
6376,116264070426,215319,116264285745,8,0,1,82944,8,131945377
6377,116264119474,429317,116264548791,0,0,0,1536,0,8367794303
6378,116264296582,57512,116264354094,0,0,0,5632,0,2664557464
6379,116264433708,3894,116264437602,0,0,0,4096,0,5099283198
6380,116264485443,1038,116264486481,9,0,1,1024,9,9038700133
6381,116264496881,45592,116264542473,6,0,0,1024,6,8302283800
6382,116264558479,2466,116264560945,2,0,0,2560,2,2614836621
6383,116264661491,126433,116264787924,9,0,0,209408,9,5564976439
6384,116265013161,449141,116265462302,3,0,0,731136,3,7362122238
6385,116265094052,368916,116265462968,4,0,0,1024,4,9076190024
6386,116265188065,275889,116265463954,0,0,0,1536,0,10691313703
6387,116265258563,207337,116265465900,4,0,0,3072,4,7961796357
6388,116265347780,133980,116265481760,9,0,0,51200,9,8686777361
6389,116265449435,147717,116265597152,1,0,0,244224,1,2562918682
6390,116265574462,52545,116265627007,1,0,0,85504,1,1691461381
6391,116265697564,94337,116265791901,9,0,0,153600,9,1023215761
6392,116265937606,82372,116266019978,9,0,1,15872,9,174864760
6393,116266082934,2942,116266085876,2,0,0,3072,2,5169757107
6394,116266208812,2466,116266211278,6,0,0,2560,6,3279857050
6395,116266217556,6274,116266223830,4,0,0,6656,4,10196915400
6396,116266378908,7226,116266386134,0,0,0,7680,0,2949674445
6397,116266499620,120787,116266620407,1,0,1,18432,1,6363084599
6398,116266578263,113070,116266691333,7,0,1,68608,7,8139433285
6399,116266704120,562,116266704682,6,0,1,157184,6,656177895
6400,116266794511,2466,116266796977,4,0,0,512,4,10045536944
6401,116266814846,179188,116266994034,6,0,0,2560,6,7011331228
6402,116266903471,4370,116266907841,6,0,0,4608,6,7397916647
6403,116266929418,2466,116266931884,0,0,0,2560,0,662856179
6404,116266973185,284128,116267257313,3,0,0,459776,3,4502375935
6405,116267000330,282802,116267283132,9,0,0,90624,9,216448255
6406,116267001182,233767,116267234949,3,0,0,443904,3,5657945684
6407,116267034387,420900,116267455287,0,0,0,5632,0,3980248279
6408,116267057009,391241,116267448250,8,0,1,2048,8,4762366271
6409,116267382586,44348,116267426934,0,0,0,2048,0,9932883891
6410,116267507252,65409,116267572661,1,0,1,14848,1,765481411
6411,116267529464,92156,116267621620,6,0,1,6656,6,9363311882
6412,116267623383,166158,116267789541,9,0,0,273408,9,6008914124
6413,116267707158,124113,116267831271,1,0,0,142336,1,10319316622
6414,116267751658,7226,116267758884,7,0,1,40448,7,2607706124
6415,116267899747,257747,116268157494,6,0,0,7680,6,421757438
6416,116267982462,26954,116268009416,1,0,0,33280,1,6683480999
6417,116268018392,6484,116268024876,2,0,0,15872,2,8447136393
6418,116268226803,110236,116268337039,8,0,1,61952,8,9423531148
6419,116268349962,49288,116268399250,7,0,1,3072,7,6139298139
6420,116268657954,44229,116268702183,3,0,0,72704,3,5524217139
6421,116268830522,127467,116268957989,3,0,0,211456,3,6609429584
6422,116269037846,2466,116269040312,0,0,0,2560,0,5497087915
6423,116269137953,25700,116269163653,9,0,0,46592,9,6712096094
6424,116269230941,5322,116269236263,2,0,0,5632,2,8707216424
6425,116269278879,6750,116269285629,6,0,0,7168,6,9851922841
6426,116269374797,12733,116269387530,9,0,0,24576,9,8509317582
6427,116269457201,1990,116269459191,6,0,0,2048,6,6649597090
6428,116269464705,97756,116269562461,2,0,1,20992,2,9150568725
6429,116269660166,62536,116269722702,7,0,1,11264,7,9050870417
6430,116269756039,5322,116269761361,0,0,0,5632,0,8388211031
6431,116269923341,55041,116269978382,9,0,0,93696,9,8340889710
6432,116270220217,1038,116270221255,6,0,1,295936,6,5473732601
6433,116270283976,279832,116270563808,2,0,0,1024,2,10395377073
6434,116270459743,43716,116270503459,4,0,0,3584,4,2220394802
6435,116270719951,123937,116270843888,9,0,0,201216,9,10160147130
6436,116270732777,97554,116270830331,8,0,1,50176,8,8925035049
6437,116270773587,3418,116270777005,9,0,0,89600,9,4267625755
6438,116270886517,394665,116271281182,6,0,1,928768,6,2661969012
6439,116270907300,35308,116270942608,6,0,0,3584,6,711324185
6440,116270985289,37922,116271023211,6,0,1,294400,6,5344043144
6441,116271040517,288045,116271328562,2,0,1,38912,2,3579183634
6442,116271073520,427899,116271501419,7,0,1,65536,7,10297705767
6443,116271167863,13596,116271181459,2,0,1,22016,2,5537127303
6444,116271173574,3383,116271176957,2,0,1,18432,2,7156579750
6445,116271286005,444742,116271730747,9,0,0,61952,9,10328283853
6446,116271288537,577580,116271866117,2,0,0,8192,2,8834596697
6447,116271330731,1047578,116272378309,2,0,1,84992,2,224118398
6448,116271338712,1038525,116272377237,6,0,1,195072,6,1495161271
6449,116271389181,744549,116272133730,8,0,1,2560,8,8326013654
6450,116271411779,680861,116272092640,2,0,1,30720,2,3516447125
6451,116271554273,704250,116272258523,4,0,0,23040,4,4471644783
6452,116271593317,788607,116272381924,2,0,0,9728,2,9656442394
6453,116271659713,470408,116272130121,7,0,1,35328,7,1805896727
6454,116271726064,153519,116271879583,6,0,1,26624,6,8806197895
6455,116271977624,74196,116272051820,0,0,0,1024,0,4334611690
6456,116272066974,455125,116272522099,0,0,0,17408,0,1985081797
6457,116272259455,4416,116272263871,8,0,1,10752,8,1069548055
6458,116272280438,63916,116272344354,0,0,0,11776,0,3166175782
6459,116272429924,145650,116272575574,9,0,0,240128,9,3791261497
6460,116272580468,20362,116272600830,1,0,0,32768,1,2011408499
6461,116272595950,1990,116272597940,5,0,1,45056,5,10531873271
6462,116272666554,133106,116272799660,2,0,0,2048,2,5045276578
6463,116272692705,64738,116272757443,9,0,0,105984,9,5628236206
6464,116272703571,69425,116272772996,1,0,0,57856,1,10667408790
6465,116272745887,175854,116272921741,2,0,1,29184,2,217169108
6466,116272749453,288996,116273038449,9,0,0,285696,9,1246861192
6467,116272761235,432559,116273193794,6,0,1,160256,6,1534813975
6468,116273066989,126816,116273193805,9,0,0,132096,9,5009429773
6469,116273085708,3641,116273089349,7,0,1,7168,7,2425226704
6470,116273115744,136234,116273251978,5,0,1,16384,5,2023736063
6471,116273207097,133924,116273341021,4,0,0,10240,4,9379204481
6472,116273277691,219720,116273497411,6,0,1,137728,6,7005320684
6473,116274369361,106648,116274476009,7,0,1,50176,7,5168195860
6474,116274381322,159469,116274540791,5,0,1,34816,5,7295386110
6475,116274432682,131676,116274564358,8,0,1,77312,8,6510220624
6476,116274629539,1038,116274630577,6,0,0,1024,6,3690100114
6477,116274705408,2466,116274707874,6,0,0,2560,6,3730897395
6478,116274878705,51253,116274929958,1,0,0,82944,1,4186869753
6479,116274892106,64982,116274957088,1,0,0,86528,1,10461188355
6480,116274946386,4846,116274951232,7,0,1,6656,7,3461333917
6481,116275037676,4846,116275042522,6,0,0,5120,6,1022147689
6482,116275052392,149812,116275202204,4,0,0,5120,4,9378632326
6483,116275136821,7702,116275144523,4,0,0,8192,4,7887994343
6484,116275170891,44229,116275215120,1,0,0,72704,1,4827064268
6485,116275308757,562,116275309319,0,0,0,512,0,10037497657
6486,116275314465,1990,116275316455,4,0,0,2048,4,8220231029
6487,116275448626,1514,116275450140,7,0,1,18432,7,5823095575
6488,116275463516,92368,116275555884,2,0,0,1536,2,4959118777
6489,116275637809,3418,116275641227,0,0,0,3584,0,3199267366
6490,116275672157,562,116275672719,4,0,0,512,4,7041060379
6491,116275751144,43624,116275794768,9,0,0,74752,9,9274758966
6492,116275814835,527128,116276341963,1,0,0,852992,1,9301905294
6493,116275917966,476095,116276394061,3,0,0,175616,3,9208772736
6494,116276015932,400146,116276416078,3,0,0,72704,3,5835830654
6495,116276462887,150560,116276613447,5,0,1,13312,5,4413127709
6496,116276464586,156730,116276621316,9,0,1,13824,9,10549392203
6497,116276610706,8922,116276619628,2,0,0,8192,2,3466421488
6498,116276618396,124366,116276742762,7,0,1,7168,7,614197232
6499,116276636547,50391,116276686938,9,0,0,205312,9,10428613598
6500,116276696757,191557,116276888314,1,0,1,10752,1,7495616336
6501,116276712148,191207,116276903355,6,0,0,2560,6,8756827381
6502,116276895504,11012,116276906516,4,0,0,17920,4,6298257555
6503,116276977929,562,116276978491,4,0,0,512,4,5324389682
6504,116277004005,1990,116277005995,0,0,0,2048,0,4764442824
6505,116277101733,1990,116277103723,6,0,0,2048,6,5021252732
6506,116277462607,118972,116277581579,7,0,1,90624,7,3714176134
6507,116277484478,153147,116277637625,8,0,1,46592,8,10062979496
6508,116277513383,197424,116277710807,7,0,1,53760,7,1320090507
6509,116277666961,1514,116277668475,6,0,1,224768,6,7308767166
6510,116277740213,219514,116277959727,0,0,0,1536,0,4836836856
6511,116277864044,25564,116277889608,6,0,0,9216,6,210309684
6512,116277872521,21446,116277893967,0,0,0,12288,0,8867724263
6513,116278023533,1990,116278025523,0,0,0,2048,0,2464812719
6514,116278203503,10237,116278213740,6,0,0,16384,6,8267466290
6515,116278405929,200104,116278606033,6,0,1,195584,6,9153001463
6516,116278477645,170244,116278647889,8,0,1,33280,8,6898533304
6517,116278639767,84956,116278724723,1,0,0,129536,1,2037972896
6518,116278702691,5798,116278708489,8,0,1,18944,8,1202830088
6519,116278727650,174966,116278902616,7,0,1,512,7,1383777929
6520,116278778658,219023,116278997681,7,0,1,80384,7,1048687266
6521,116278779103,116615,116278895718,2,0,0,6144,2,5731788262
6522,116278873337,235797,116279109134,5,0,1,19968,5,1648737351
6523,116278937743,141147,116279078890,6,0,1,78848,6,9762823836
6524,116279003096,73610,116279076706,6,0,1,365056,6,4657141082
6525,116279006227,1990,116279008217,5,0,1,3072,5,616764344
6526,116279102159,330764,116279432923,7,0,1,10752,7,10074540602
6527,116279148864,234988,116279383852,2,0,0,2048,2,2088274483
6528,116279271731,33287,116279305018,5,0,1,84992,5,2352758789
6529,116279308723,182664,116279491387,6,0,0,5120,6,7130206076
6530,116279400110,10657,116279410767,8,0,1,12800,8,1720684460
6531,116279448576,76828,116279525404,2,0,0,5120,2,6121464752
6532,116279510926,166158,116279677084,9,0,0,273408,9,3618224361
6533,116279523677,179118,116279702795,2,0,1,24576,2,276436065
6534,116279574960,2505,116279577465,2,0,1,74752,2,1574458100
6535,116279595286,266538,116279861824,7,0,1,6656,7,6800199047
6536,116279771910,238042,116280009952,0,0,0,1536,0,1109624781
6537,116279820688,4675,116279825363,6,0,0,12288,6,7176939557
6538,116279963736,5192,116279968928,6,0,0,13312,6,4674431528
6539,116280037914,91900,116280129814,8,0,1,16896,8,10595601278
6540,116280049982,387146,116280437128,6,0,1,348672,6,8423025757
6541,116280052605,384534,116280437139,9,0,0,517632,9,6002554909
6542,116280093695,603070,116280696765,3,0,0,786944,3,8443037816
6543,116280101028,244566,116280345594,3,0,0,531456,3,4421833693
6544,116280260141,761478,116281021619,7,0,1,138752,7,10286598869
6545,116280282342,261017,116280543359,1,0,0,37888,1,5143043603
6546,116280336903,591506,116280928409,8,0,1,35840,8,1466762584
6547,116280340117,750974,116281091091,9,0,0,532992,9,3151369196
6548,116280513730,698141,116281211871,3,0,0,37376,3,9599669729
6549,116280563591,535767,116281099358,2,0,0,1536,2,4441421970
6550,116280603135,486892,116281090027,2,0,1,5120,2,759967765
6551,116280603898,448211,116281052109,2,0,0,2560,2,4605549078
6552,116280610115,468964,116281079079,4,0,1,4096,4,7684970307
6553,116280671686,132391,116280804077,9,0,0,284672,9,965188927
6554,116281009245,835087,116281844332,0,0,0,1536,0,6917034863
6555,116281037273,241571,116281278844,2,0,1,512,2,2165960233
6556,116281349535,180990,116281530525,2,0,1,3584,2,5299840330
6557,116281360519,101620,116281462139,2,0,1,26112,2,4483059285
6558,116281466438,97701,116281564139,3,0,0,164352,3,4920816278
6559,116281476975,26740,116281503715,1,0,0,23552,1,3120312312
6560,116281486679,259456,116281746135,6,0,1,9216,6,6503530839
6561,116281528458,1038,116281529496,7,0,1,13312,7,7376878701
6562,116281549882,222492,116281772374,2,0,0,3072,2,10315464654
6563,116281606814,203550,116281810364,6,0,1,133120,6,5794718617
6564,116281643192,188946,116281832138,2,0,1,1024,2,3225665090
6565,116281681295,3641,116281684936,0,0,0,1024,0,2499511470
6566,116281773896,480102,116282253998,6,0,1,685568,6,5408984539
6567,116281998183,649110,116282647293,0,0,0,10240,0,967467445
6568,116282028255,403038,116282431293,8,0,1,27136,8,7279019772
6569,116282198738,243330,116282442068,2,0,1,35328,2,6134219073
6570,116282252867,251591,116282504458,3,0,1,17920,3,1735633770
6571,116282456599,134579,116282591178,1,0,0,218624,1,5238875205
6572,116282496527,394874,116282891401,3,0,0,600064,3,4302972068
6573,116282539129,356138,116282895267,6,0,0,6144,6,5036251801
6574,116282680518,213359,116282893877,8,0,1,7680,8,6885577695
6575,116282687195,28099,116282715294,0,0,0,16896,0,3625225703
6576,116282692521,291222,116282983743,2,0,1,20480,2,10046327302
6577,116282873633,293309,116283166942,6,0,0,13824,6,8103649771
6578,116282967141,90644,116283057785,9,0,1,1024,9,419435672
6579,116283273690,1038,116283274728,0,0,0,1024,0,7833272359
6580,116283677408,67300,116283744708,4,0,1,11776,4,9099866478
6581,116283744591,130001,116283874592,1,0,1,126464,1,8389172849
6582,116283841280,3894,116283845174,1,0,1,122880,1,10212107251
6583,116283926833,162104,116284088937,4,0,0,4096,4,7386638558
6584,116283947336,80912,116284028248,2,0,1,5632,2,2191698018
6585,116284037171,3894,116284041065,5,0,1,15872,5,7597964470
6586,116284057050,83908,116284140958,6,0,0,4096,6,3053551190
6587,116284190908,5708,116284196616,4,0,0,14336,4,10048564396
6588,116284264472,1038,116284265510,0,0,0,1024,0,6052595180
6589,116284369226,207175,116284576401,1,0,0,339968,1,4479606266
6590,116284386573,55041,116284441614,2,0,1,38400,2,5906529007
6591,116284464012,316335,116284780347,7,0,1,33792,7,9314649840
6592,116284589960,288423,116284878383,9,0,0,93696,9,6297355169
6593,116284605143,58528,116284663671,9,0,0,438272,9,1510651219
6594,116284767827,281339,116285049166,2,0,1,8192,2,2670044374
6595,116285073924,74346,116285148270,1,0,0,121344,1,10331296963
6596,116285334178,5322,116285339500,9,0,1,171008,9,2156191069
6597,116285450690,192616,116285643306,6,0,0,5632,6,3262627893
6598,116285713907,2466,116285716373,1,0,1,740864,1,9893708742
6599,116285826380,583162,116286409542,6,0,0,2560,6,9273064411
6600,116285982347,325349,116286307696,8,0,1,34816,8,10633395763
6601,116286119317,280804,116286400121,4,0,1,38400,4,6425655176
6602,116286192510,226654,116286419164,4,0,1,62464,4,341512458
6603,116286296272,3894,116286300166,1,0,1,1162752,1,8717267871
6604,116286662288,961886,116287624174,2,0,1,18432,2,6134843378
6605,116286899699,601505,116287501204,6,0,0,4096,6,9292107832
6606,116286902779,361189,116287263968,2,0,1,512,2,5727717627
6607,116286908723,341371,116287250094,5,0,1,51712,5,9143001653
6608,116286942968,20516,116286963484,1,0,0,32768,1,8724463810
6609,116287024665,4370,116287029035,3,0,1,69120,3,3537264627
6610,116287258627,471548,116287730175,5,0,1,9728,5,4873425029
6611,116287264098,120552,116287384650,2,0,1,14336,2,9861340586
6612,116287268329,395057,116287663386,6,0,0,7168,6,10242991259
6613,116287298402,164070,116287462472,7,0,1,97280,7,7337737042
6614,116287315116,187564,116287502680,2,0,1,19456,2,2990304529
6615,116287315397,272081,116287587478,0,0,0,4608,0,7366544316
6616,116287616384,6225,116287622609,1,0,1,518144,1,7663542906
6617,116287626536,449254,116288075790,5,0,1,54272,5,4819158103
6618,116287742176,455649,116288197825,2,0,0,15360,2,537798608
6619,116287770732,337992,116288108724,7,0,1,87040,7,6968992816
6620,116287932944,201593,116288134537,7,0,1,3072,7,8589364492
6621,116288005133,308949,116288314082,1,0,0,336384,1,7714899953
6622,116288187267,131641,116288318908,6,0,0,7680,6,64973681
6623,116288278858,41356,116288320214,2,0,0,2048,2,4087061683
6624,116288328674,105367,116288434041,5,0,1,16384,5,9798469291
6625,116288408802,161969,116288570771,3,0,1,64512,3,8761186632
6626,116288471788,120619,116288592407,7,0,1,12288,7,3649224581
6627,116288531343,68524,116288599867,2,0,1,10752,2,3724793264
6628,116288604664,98092,116288702756,8,0,1,27136,8,3022831616
6629,116288671569,1038,116288672607,7,0,1,31744,7,3437962197
6630,116288767572,123899,116288891471,8,0,1,35840,8,2098534852
6631,116288771433,102280,116288873713,2,0,0,1024,2,5425216347
6632,116288774091,373351,116289147442,1,0,1,396288,1,813814807
6633,116288938013,224572,116289162585,5,0,1,49664,5,4936200205
6634,116289056964,208517,116289265481,3,0,1,37888,3,585714264
6635,116289284989,45748,116289330737,8,0,1,1536,8,8517404251
6636,116289415282,95776,116289511058,8,0,1,24576,8,5690987564
6637,116289491233,71752,116289562985,2,0,1,11264,2,186366319
6638,116289510824,120813,116289631637,5,0,1,75264,5,10520892492
6639,116289635885,74848,116289710733,4,0,1,16384,4,2926747469
6640,116289790484,109300,116289899784,2,0,1,58880,2,9824162190
6641,116289808108,92623,116289900731,1,0,1,3072,1,7668189121
6642,116289867430,218850,116290086280,1,0,0,359424,1,364380914
6643,116290123867,1990,116290125857,9,0,0,2048,9,10599274389
6644,116290134715,130402,116290265117,8,0,1,6656,8,9248713127
6645,116290136853,154538,116290291391,9,0,1,1024,9,5699915517
6646,116290317718,1990,116290319708,9,0,1,14848,9,2819652866
6647,116290333706,6274,116290339980,2,0,0,2048,2,10700733383
6648,116290369048,91276,116290460324,4,0,0,6656,4,3962931142
6649,116290417460,103372,116290520832,5,0,1,39424,5,2069621358
6650,116290469233,562,116290469795,2,0,1,62464,2,625331891
6651,116290645740,2942,116290648682,0,0,0,512,0,5069573685
6652,116290649015,202331,116290851346,4,0,0,3072,4,1366171545
6653,116290654691,131001,116290785692,5,0,1,74752,5,5312246982
6654,116290786058,82240,116290868298,7,0,1,20480,7,4929307016
6655,116290912960,57436,116290970396,1,0,1,4608,1,4011343681
6656,116290944815,124108,116291068923,1,0,0,204800,1,10211836074
6657,116291020831,52918,116291073749,6,0,0,7680,6,8855370545
6658,116291081103,562,116291081665,2,0,0,512,2,6555871715
6659,116291311964,97468,116291409432,9,0,1,25088,9,6274715006
6660,116291394924,3418,116291398342,7,0,1,38912,7,3797488686
6661,116291480202,103216,116291583418,6,0,0,3584,6,4147107813
6662,116291509416,3124,116291512540,5,0,1,89600,5,1767802536
6663,116291533018,118660,116291651678,1,0,0,9216,1,7876111438
6664,116291610572,19962,116291630534,6,0,0,2560,6,8670088545
6665,116291748239,6750,116291754989,6,0,0,7168,6,8981548146
6666,116291750323,54201,116291804524,9,0,1,3584,9,4774644158
6667,116291875522,70972,116291946494,2,0,1,8704,2,8229043019
6668,116291914518,58562,116291973080,3,0,1,4096,3,223007516
6669,116292087542,1514,116292089056,0,0,0,1536,0,1001994563
6670,116292151712,97600,116292249312,5,0,1,20480,5,3069203066
6671,116292303844,45592,116292349436,7,0,1,1024,7,1230473691
6672,116292679640,4846,116292684486,0,0,0,5120,0,2258551321
6673,116292709037,6484,116292715521,0,0,0,15872,0,2998759591
6674,116292802649,3418,116292806067,6,0,0,3584,6,1047241856
6675,116292845966,2942,116292848908,0,0,0,3072,0,1446988459
6676,116292858093,344362,116293202455,1,0,0,557056,1,2127015977
6677,116292932923,286717,116293219640,4,0,1,8704,4,8335701072
6678,116292998680,233974,116293232654,9,0,1,16384,9,1951819347
6679,116293056370,333111,116293389481,4,0,1,9216,4,9449033686
6680,116293122182,241992,116293364174,8,0,1,23552,8,9673449430
6681,116293264420,562,116293264982,3,0,1,56320,3,4208121186
6682,116293408229,209374,116293617603,9,0,1,4608,9,7993566233
6683,116293431638,80871,116293512509,4,0,0,512,4,1423037950
6684,116293434996,76280,116293511276,5,0,1,16896,5,6103288910
6685,116293497284,43108,116293540392,8,0,1,4096,8,1817254370
6686,116293532439,92159,116293624598,1,0,0,73728,1,7503771216
6687,116293586596,133545,116293720141,1,0,0,216576,1,3665423285
6688,116293663847,140596,116293804443,3,0,1,8192,3,2144085391
6689,116293675063,243386,116293918449,1,0,1,87040,1,5737524275
6690,116293714523,4370,116293718893,4,0,1,31232,4,5237165493
6691,116293799636,21912,116293821548,1,0,1,627712,1,3713489384
6692,116293801656,346015,116294147671,1,0,1,190976,1,5728004242
6693,116293897931,51253,116293949184,5,0,1,68096,5,5919055744
6694,116293943766,2866,116293946632,8,0,1,15872,8,897147060
6695,116293954993,640927,116294595920,2,0,0,4608,2,7025253300
6696,116293968817,501668,116294470485,5,0,1,13824,5,5589488893
6697,116293971451,568262,116294539713,1,0,0,35840,1,5813812282
6698,116294020384,501631,116294522015,9,0,0,82944,9,166999168
6699,116294066843,732282,116294799125,1,0,1,183296,1,8623092352
6700,116294086555,323430,116294409985,4,0,0,8704,4,9460677069
6701,116294272598,291096,116294563694,1,0,1,50688,1,4489136307
6702,116294276576,35894,116294312470,9,0,0,217088,9,9756206827
6703,116294309576,248793,116294558369,6,0,0,1024,6,5246749015
6704,116294373353,40962,116294414315,3,0,1,46592,3,6265060458
6705,116294417926,367692,116294785618,1,0,1,64512,1,4072696114
6706,116294484325,629306,116295113631,4,0,1,56832,4,2658886857
6707,116294568644,297890,116294866534,0,0,0,6144,0,2210003948
6708,116294581195,248818,116294830013,9,0,0,28160,9,8633817311
6709,116294777615,98848,116294876463,5,0,1,24576,5,1536707987
6710,116294842593,307738,116295150331,9,0,0,499200,9,2934211478
6711,116295096065,56212,116295152277,6,0,0,3072,6,2453078721
6712,116295153668,5322,116295158990,4,0,0,5632,4,8901466281
6713,116295391184,1990,116295393174,4,0,1,26112,4,2486990775
6714,116295468144,99316,116295567460,6,0,0,2048,6,4738415873
6715,116295588006,6274,116295594280,3,0,1,31744,3,4150873401
6716,116295596059,35825,116295631884,4,0,0,6656,4,2368951738
6717,116295607581,101032,116295708613,1,0,0,62976,1,9454213249
6718,116295748336,1038,116295749374,6,0,0,1024,6,8892924229
6719,116295811377,5798,116295817175,1,0,1,607232,1,9068189566
6720,116295840572,104204,116295944776,4,0,0,6144,4,5094094486
6721,116295842585,562,116295843147,1,0,0,169472,1,2339991055
6722,116295949769,2866,116295952635,2,0,0,512,2,5621238310
6723,116296042119,544633,116296586752,2,0,0,8704,2,1407851172
6724,116296117941,239640,116296357581,4,0,1,5120,4,5781293175
6725,116296268285,3383,116296271668,8,0,1,67584,8,8836621053
6726,116296385601,201240,116296586841,2,0,0,9728,2,3559327340
6727,116296557035,99628,116296656663,9,0,1,27136,9,3941439953
6728,116296575008,1514,116296576522,9,0,1,44544,9,5109866791
6729,116296641544,104932,116296746476,2,0,1,48640,2,10038756903
6730,116296656730,5322,116296662052,4,0,0,1536,4,9042698679
6731,116296693020,109106,116296802126,1,0,1,18432,1,5614972119
6732,116296709462,2866,116296712328,4,0,0,5632,4,7153124152
6733,116296798572,120111,116296918683,6,0,0,8704,6,4874612879
6734,116296805638,72532,116296878170,7,0,1,59904,7,3102495995
6735,116296824916,149329,116296974245,3,0,1,13824,3,1255880623
6736,116296858280,160347,116297018627,1,0,1,107520,1,6585905164
6737,116296968053,124744,116297092797,5,0,1,205312,5,6063979092
6738,116296979055,562,116296979617,9,0,1,109568,9,1721109091
6739,116297003522,264758,116297268280,2,0,1,10240,2,3837311636
6740,116297015292,1514,116297016806,1,0,1,358912,1,6587156604
6741,116297095833,368681,116297464514,4,0,1,91136,4,5241379488
6742,116297096625,339418,116297436043,4,0,1,70144,4,7742912393
6743,116297114864,401692,116297516556,4,0,0,512,4,6841742342
6744,116297305210,592400,116297897610,6,0,0,1536,6,4977888602
6745,116297373132,241591,116297614723,4,0,1,23040,4,7380602539
6746,116297486285,137825,116297624110,7,0,1,30720,7,295018882
6747,116297581533,116320,116297697853,9,0,0,394240,9,3318688353
6748,116297601012,286164,116297887176,5,0,1,36864,5,441199256
6749,116297753733,116550,116297870283,6,0,0,4096,6,445420202
6750,116297775271,187765,116297963036,1,0,0,296448,1,9738849522
6751,116297961394,1990,116297963384,7,0,1,3584,7,6594740985
6752,116298038705,1038,116298039743,2,0,0,2048,2,9406831803
6753,116298099292,200122,116298299414,1,0,1,70656,1,101975016
6754,116298100276,152122,116298252398,4,0,0,1024,4,7396984526
6755,116298120670,2942,116298123612,3,0,1,65536,3,532913683
6756,116298141413,143327,116298284740,2,0,1,25600,2,1598744887
6757,116298252958,250037,116298502995,0,0,0,3072,0,3675961431
6758,116298307476,65114,116298372590,2,0,1,6144,2,7970023817
6759,116298340831,115935,116298456766,2,0,1,62976,2,5984951409
6760,116298392086,85158,116298477244,9,0,0,142336,9,5590733059
6761,116298629952,6274,116298636226,6,0,0,6656,6,4739880675
6762,116298695983,96400,116298792383,9,0,1,26624,9,2160136233
6763,116298896560,1038,116298897598,2,0,0,1024,2,3618844114
6764,116298922268,12991,116298935259,9,0,0,25088,9,6090344841
6765,116298928651,67206,116298995857,5,0,1,7168,5,9305696771
6766,116299023387,43900,116299067287,5,0,1,512,5,9618161529
6767,116299215056,113200,116299328256,8,0,1,71680,8,5799820712
6768,116299243518,139692,116299383210,1,0,1,24064,1,7940387322
6769,116299304360,90988,116299395348,7,0,1,18944,7,3246262467
6770,116299503979,109300,116299613279,5,0,1,58880,5,5259687751
6771,116299681101,4416,116299685517,0,0,0,11776,0,10223802582
6772,116299719191,35308,116299754499,5,0,1,2560,5,1981714556
6773,116299729187,144525,116299873712,1,0,0,61952,1,263836546
6774,116299811595,53233,116299864828,1,0,0,90112,1,5210354005
6775,116299879167,5322,116299884489,6,0,0,5632,6,559961952
6776,116299930046,4370,116299934416,0,0,0,4608,0,10160864973
6777,116300085514,2866,116300088380,7,0,1,104448,7,2455280029
6778,116300118443,123184,116300241627,2,0,0,8704,2,3111965992
6779,116300196706,44796,116300241502,1,0,0,53760,1,8439134151
6780,116300209279,69892,116300279171,2,0,1,3584,2,7240864938
6781,116300555320,3641,116300558961,4,0,0,10240,4,10201815254
6782,116300615857,57436,116300673293,1,0,1,465408,1,100654350
6783,116300621869,468458,116301090327,5,0,1,4608,5,2082191232
6784,116300837076,221356,116301058432,8,0,1,19968,8,5334201151
6785,116300874366,264749,116301139115,9,0,1,37376,9,6260256644
6786,116300985931,81582,116301067513,7,0,1,13824,7,10230655759
6787,116301021240,168756,116301189996,6,0,0,1024,6,277692732
6788,116301140769,58178,116301198947,2,0,1,3584,2,4919164200
6789,116301356732,96820,116301453552,8,0,1,17920,8,8964196827
6790,116301457754,119596,116301577350,0,0,1,92672,0,10621609491
6791,116301638102,94249,116301732351,1,0,0,156672,1,1983230903
6792,116301786226,120532,116301906758,7,0,1,95744,7,8981618361
6793,116301849263,4933,116301854196,7,0,1,11776,7,6387243979
6794,116301916348,109053,116302025401,6,0,0,12800,6,3339780229
6795,116301999184,52828,116302052012,7,0,1,4608,7,1339663741
6796,116302263741,99160,116302362901,9,0,1,25600,9,6403498165
6797,116302424648,562,116302425210,0,0,0,512,0,3429929314
6798,116302510060,1514,116302511574,0,0,0,1536,0,252567808
6799,116302692705,43108,116302735813,1,0,0,73728,1,4278155576
6800,116302696489,353999,116303050488,1,0,0,542720,1,4126890048
6801,116302844979,226297,116303071276,1,0,0,74752,1,10190543878
6802,116302964409,101870,116303066279,7,0,1,28160,7,2949266704
6803,116302971032,214169,116303185201,0,0,0,2560,0,9907489412
6804,116303354876,4846,116303359722,4,0,0,5120,4,419981231
6805,116303411911,4370,116303416281,2,0,0,4608,2,5297236995
6806,116303703825,22170,116303725995,1,0,0,36352,1,2747255231
6807,116303730321,1990,116303732311,6,0,0,2048,6,10004391109
6808,116303836092,15833,116303851925,2,0,0,30720,2,4570638164
6809,116303928108,562,116303928670,0,0,0,512,0,3685550762
6810,116304070379,2466,116304072845,7,0,1,33792,7,2382546863
6811,116304075470,4846,116304080316,4,0,0,2560,4,4509777108
6812,116304117884,101656,116304219540,0,0,0,5120,0,8339570429
6813,116304230264,73000,116304303264,8,0,1,15360,8,6219946668
6814,116304435448,100408,116304535856,9,0,1,29696,9,9283974331
6815,116304842432,187700,116305030132,1,0,0,308736,1,7821855319
6816,116304904849,126589,116305031438,2,0,0,2048,2,7225313854
6817,116305310315,105400,116305415715,9,0,1,46080,9,9704897342
6818,116305628648,194800,116305823448,1,0,1,178176,1,840073887
6819,116305773100,53723,116305826823,4,0,0,9728,4,10131627041
6820,116305892486,74356,116305966842,5,0,1,9728,5,4832989535
6821,116305944413,81370,116306025783,1,0,0,131584,1,7047445399
6822,116305966591,562,116305967153,5,0,1,86016,5,10442968631
6823,116306031416,3418,116306034834,0,0,0,512,0,2332018796
6824,116306057561,1990,116306059551,2,0,0,3584,2,9851804804
6825,116306061316,285003,116306346319,2,0,0,2048,2,10171220739
6826,116306086822,14541,116306101363,8,0,1,38912,8,3187078981
6827,116306274003,243625,116306517628,1,0,0,28160,1,414730587
6828,116306415367,81904,116306497271,7,0,1,14336,7,7053569944
6829,116306607084,4370,116306611454,0,0,0,4608,0,2449241565
6830,116306619492,123301,116306742793,1,0,1,104448,1,143708867
6831,116306697089,84641,116306781730,1,0,0,141312,1,8749366563
6832,116306797345,115043,116306912388,9,0,1,31232,9,1845516943
6833,116306888379,117412,116307005791,7,0,1,85504,7,3335686320
6834,116307039133,87160,116307126293,8,0,1,21504,8,6274390052
6835,116307142363,1514,116307143877,8,0,1,53760,8,8477055535
6836,116307155171,107740,116307262911,0,0,0,1536,0,5380202637
6837,116307417277,95020,116307512297,8,0,1,27136,8,7677813024
6838,116307522868,3418,116307526286,0,0,0,3584,0,6796303254
6839,116307531700,86967,116307618667,4,0,0,145920,4,3400545188
6840,116307539156,6750,116307545906,3,0,1,2560,3,4555594777
6841,116307555865,137193,116307693058,7,0,1,6144,7,239895222
6842,116307625526,101500,116307727026,0,0,0,7168,0,991320862
6843,116307652639,238814,116307891453,8,0,1,33280,8,9062879526
6844,116307869332,105088,116307974420,8,0,1,45056,8,10700947399
6845,116307954748,100564,116308055312,7,0,1,30208,7,9662926150
6846,116307975341,103170,116308078511,7,0,1,140800,7,1717536429
6847,116307980942,70029,116308050971,5,0,1,20992,5,975799996
6848,116308001019,41791,116308042810,4,0,0,167424,4,5316426382
6849,116308036746,183129,116308219875,0,0,0,4096,0,9600600562
6850,116308069490,183935,116308253425,2,0,0,7168,2,6988273063
6851,116308277279,3641,116308280920,8,0,1,58368,8,1450888939
6852,116308294237,3418,116308297655,1,0,0,10240,1,6242494395
6853,116308316231,109144,116308425375,6,0,0,3584,6,7821421469
6854,116308492056,3383,116308495439,6,0,0,9728,6,5970303896
6855,116308522618,72664,116308595282,5,0,1,9216,5,6814029511
6856,116308581668,112779,116308694447,1,0,0,182784,1,57605651
6857,116308760211,73468,116308833679,9,0,1,16896,9,3314628078
6858,116308862003,371572,116309233575,1,0,1,435712,1,3689738019
6859,116308900179,336067,116309236246,7,0,1,8704,7,9674129111
6860,116309106191,131102,116309237293,0,0,0,1024,0,558256519
6861,116309197321,42664,116309239985,0,0,0,3584,0,2584996188
6862,116309220523,61107,116309281630,4,0,0,72192,4,518879624
6863,116309356401,256079,116309612480,1,0,0,415232,1,4505018630
6864,116309588395,15592,116309603987,5,0,1,2560,5,9695192596
6865,116309597042,230962,116309828004,2,0,0,8704,2,1543014475
6866,116310168548,222862,116310391410,4,0,0,360448,4,2092432834
6867,116310187715,2466,116310190181,7,0,1,3072,7,8744418864
6868,116310398916,1514,116310400430,6,0,0,2560,6,7840526803
6869,116310409189,292538,116310701727,0,0,0,1536,0,1985278282
6870,116310575412,2942,116310578354,6,0,0,3072,6,9165431190
6871,116310672392,3418,116310675810,6,0,0,3584,6,3785125789
6872,116310773604,5322,116310778926,6,0,0,5632,6,9994549846
6873,116310786691,3383,116310790074,2,0,0,9728,2,6377065489
6874,116310835307,4370,116310839677,6,0,0,4608,6,3716474496
6875,116310911114,84064,116310995178,7,0,1,16384,7,4918848310
6876,116311373609,77608,116311451217,1,0,1,15360,1,9240500616
6877,116311417218,62097,116311479315,5,0,1,5632,5,2691812760
6878,116311629034,5798,116311634832,1,0,1,189952,1,7767744499
6879,116311732374,198388,116311930762,1,0,1,678400,1,6081699815
6880,116311754261,104932,116311859193,0,0,0,6144,0,6496988821
6881,116311760103,4416,116311764519,8,0,1,44544,8,4226531325
6882,116311770641,404998,116312175639,5,0,1,51712,5,3677940324
6883,116311973445,685012,116312658457,2,0,0,11776,2,6268874244
6884,116312127994,298295,116312426289,5,0,1,29184,5,5631516021
6885,116312570847,48976,116312619823,7,0,1,2048,7,6748582432
6886,116312660768,15833,116312676601,1,0,1,67584,1,7249019692
6887,116312734195,111952,116312846147,4,0,0,30720,4,1465725340
6888,116312837585,2466,116312840051,2,0,0,2560,2,7764459216
6889,116312921216,43900,116312965116,0,0,1,512,0,768187319
6890,116313104507,1990,116313106497,0,0,0,2048,0,2276108416
6891,116313214722,562,116313215284,6,0,0,512,6,10370702166
6892,116313260660,30487,116313291147,4,0,0,49152,4,3303681641
6893,116313356604,60820,116313417424,8,0,1,5632,8,767547505
6894,116313395420,1514,116313396934,7,0,1,24064,7,4369180197
6895,116313450757,87940,116313538697,0,0,1,3072,0,9137131982
6896,116313460934,52360,116313513294,0,0,0,1536,0,10716341900
6897,116313665340,60220,116313725560,8,0,1,8704,8,433876793
6898,116313885537,4933,116313890470,0,0,0,12800,0,5060527265
6899,116314021121,98536,116314119657,5,0,1,23552,5,10219020699
6900,116314113059,8104,116314121163,1,0,0,1536,1,4222306197
6901,116314253112,1990,116314255102,0,0,0,2048,0,9493592940
6902,116314506517,187442,116314693959,4,0,0,308224,4,2402377651
6903,116314553206,142379,116314695585,0,0,0,2560,0,2081786404
6904,116314752705,1990,116314754695,6,0,0,2048,6,8029907815
6905,116314793468,129516,116314922984,8,0,1,33792,8,202081271
6906,116314893634,399160,116315292794,4,0,0,979456,4,7707396845
6907,116314899039,402779,116315301818,4,0,0,188928,4,8252201269
6908,116314954872,602308,116315557180,8,0,1,12288,8,4371929509
6909,116315079768,354670,116315434438,5,0,1,15360,5,7113701545
6910,116315174479,653520,116315827999,8,0,1,20992,8,6378258637
6911,116315325093,230692,116315555785,0,0,0,5120,0,2645019257
6912,116315469634,128291,116315597925,1,0,0,144384,1,10528771756
6913,116315700300,134491,116315834791,4,0,0,221696,4,1228910865
6914,116315801926,65425,116315867351,1,0,0,110592,1,2890329371
6915,116316679237,73288,116316752525,5,0,1,11264,5,1926948188
6916,116316776527,94079,116316870606,1,0,0,153088,1,1572189122
6917,116316860504,224154,116317084658,1,0,0,363008,1,9746843491
6918,116317099380,5322,116317104702,2,0,0,5632,2,2078262602
6919,116317301371,97756,116317399127,8,0,1,20992,8,6486076503
6920,116317547165,3894,116317551059,6,0,0,4096,6,742830290
6921,116317678625,5322,116317683947,6,0,0,5632,6,1492049302
6922,116317827172,2466,116317829638,2,0,0,2560,2,1659773194
6923,116317902805,35308,116317938113,1,0,0,61952,1,6560171953
6924,116317908569,183277,116318091846,0,0,1,19968,0,231056703
6925,116318550074,72664,116318622738,7,0,1,9216,7,5435255585
6926,116318717168,78232,116318795400,8,0,1,17408,8,750618764
6927,116318918956,78052,116318997008,8,0,1,11776,8,9673577991
6928,116319097126,189808,116319286934,7,0,1,161792,7,4507857956
6929,116319338600,101032,116319439632,8,0,1,31744,8,2955047342
6930,116319417705,7226,116319424931,5,0,1,4608,5,7012112838
6931,116319422512,57436,116319479948,5,0,1,14848,5,10012920558
6932,116319448437,71308,116319519745,2,0,0,7680,2,8765373888
6933,116319502988,83932,116319586920,7,0,1,20992,7,6625066283
6934,116319581588,110100,116319691688,2,0,1,44032,2,3516701011
6935,116319644989,64221,116319709210,1,0,0,104960,1,10627794552
6936,116319725474,113581,116319839055,5,0,1,24064,5,3404201829
6937,116319976632,4370,116319981002,2,0,0,4608,2,2938796742
6938,116319981961,3894,116319985855,6,0,0,4096,6,5195562687
6939,116320014627,52828,116320067455,7,0,1,4608,7,620568381
6940,116320091850,244920,116320336770,1,0,0,396800,1,6227356935
6941,116320094211,258373,116320352584,2,0,1,5632,2,2005267243
6942,116320472839,7702,116320480541,0,0,0,8192,0,7559318806
6943,116320822496,71776,116320894272,2,0,1,28160,2,4986530120
6944,116320840142,99940,116320940082,2,0,1,16384,2,380759440
6945,116321046694,98848,116321145542,7,0,1,24576,7,5232348433
6946,116321299582,105400,116321404982,7,0,1,46080,7,8595641054
6947,116321462978,83776,116321546754,2,0,1,20480,2,10155585642
6948,116321615021,562,116321615583,0,0,0,512,0,10551326197
6949,116321783652,6225,116321789877,1,0,0,15360,1,8391627789
6950,116321938696,1514,116321940210,0,0,0,1536,0,9657117220
6951,116321955345,45592,116322000937,8,0,1,5120,8,4753131558
6952,116322003116,59440,116322062556,2,0,1,6144,2,2888688085
6953,116322014910,147924,116322162834,8,0,1,1024,8,2467386532
6954,116322091433,339575,116322431008,1,0,0,554496,1,7132955250
6955,116322141626,289638,116322431264,9,0,0,9216,9,4149096518
6956,116322166613,161988,116322328601,8,0,1,13824,8,1244194852
6957,116322310699,88872,116322399571,4,0,0,132608,4,6372769994
6958,116322383969,381256,116322765225,0,0,0,8704,0,831341173
6959,116322429928,214287,116322644215,4,0,0,347136,4,10285163675
6960,116322449987,194894,116322644881,2,0,0,1024,2,7677111002
6961,116322453963,147271,116322601234,5,0,1,69632,5,2268823534
6962,116322498916,344392,116322843308,0,0,0,2048,0,7272558028
6963,116322592689,220792,116322813481,0,0,1,12288,0,8707103715
6964,116322954399,10753,116322965152,7,0,1,50688,7,690432138
6965,116322955931,106804,116323062735,0,0,0,17408,0,8720673848
6966,116323223881,60532,116323284413,2,0,1,9728,2,207759543
6967,116323248343,174562,116323422905,4,0,0,283136,4,7652492765
6968,116323410896,6750,116323417646,7,0,1,20480,7,6748761135
6969,116323433833,183466,116323617299,2,0,0,7168,2,10162603236
6970,116323601083,136041,116323737124,4,0,0,224768,4,10053768704
6971,116323712865,164766,116323877631,5,0,1,26624,5,626542307
6972,116323901730,3383,116323905113,2,0,1,1024,2,6129252559
6973,116323936772,45592,116323982364,6,0,0,9728,6,3352398054
6974,116324049709,1038,116324050747,0,0,1,17920,0,7708442113
6975,116324075335,90676,116324166011,0,0,0,1024,0,2246163350
6976,116324263705,36083,116324299788,4,0,0,63488,4,8721356546
6977,116324281267,59267,116324340534,8,0,1,4608,8,1042940321
6978,116324355669,526612,116324882281,1,0,0,851968,1,2397006831
6979,116324691877,221617,116324913494,2,0,1,2560,2,5276929701
6980,116324825215,157654,116324982869,7,0,1,16384,7,8380064606
6981,116324902794,88228,116324991022,5,0,1,81920,5,3096785311
6982,116325034792,253855,116325288647,8,0,1,19968,8,4047041105
6983,116325036043,2866,116325038909,7,0,1,107520,7,5828604107
6984,116325056657,148284,116325204941,0,0,1,30720,0,6124322465
6985,116325067819,176894,116325244713,7,0,1,44032,7,1919702331
6986,116325159550,233803,116325393353,2,0,0,8704,2,4885233185
6987,116325521821,23979,116325545800,1,0,0,39936,1,1247225404
6988,116325646385,1038,116325647423,5,0,1,40960,5,2294401565
6989,116325700675,103840,116325804515,0,0,1,67072,0,6471363495
6990,116325720921,148814,116325869735,0,0,0,1024,0,2493937321
6991,116325943988,1990,116325945978,0,0,0,2048,0,2868391267
6992,116325961182,562,116325961744,6,0,0,512,6,4921000519
6993,116325969676,102280,116326071956,5,0,1,35840,5,1412787364
6994,116325990806,153108,116326143914,7,0,1,44032,7,4818260649
6995,116326234379,2942,116326237321,1,0,0,3072,1,554125880
6996,116326297664,1038,116326298702,2,0,0,1024,2,2031127643
6997,116326482143,45592,116326527735,0,0,1,1024,0,7730042527
6998,116326869966,15058,116326885024,1,0,0,29184,1,6859746104
6999,116326874107,92056,116326966163,0,0,1,25088,0,1658259486
7000,116326896012,227164,116327123176,5,0,1,17408,5,10442560278
7001,116327003293,154420,116327157713,2,0,1,32768,2,10235211019
7002,116327102690,24666,116327127356,0,0,1,7680,0,4045293847
7003,116327164343,101823,116327266166,1,0,0,44544,1,2526910879
7004,116327335034,1038,116327336072,0,0,1,97280,0,4645820662
7005,116327362999,121000,116327483999,7,0,1,6144,7,5137191596
7006,116327380190,94918,116327475108,0,0,0,1024,0,7777884594
7007,116327470527,100252,116327570779,8,0,1,29184,8,8784110517
7008,116327530105,6633,116327536738,7,0,1,8192,7,2556297604
7009,116327565176,69280,116327634456,0,0,0,1024,0,10598536359
7010,116327925841,78388,116328004229,0,0,1,17920,0,7606438473
7011,116328051393,3418,116328054811,0,0,0,3584,0,9931838315
7012,116328247637,1514,116328249151,0,0,0,1536,0,8694069234
7013,116328579009,85936,116328664945,0,0,1,22528,0,46011944
7014,116328965596,1514,116328967110,6,0,0,1536,6,5907606252
7015,116328983363,60820,116329044183,2,0,1,5632,2,5101506752
7016,116329144479,4675,116329149154,0,0,0,12288,0,1935983351
7017,116329444457,23116,116329467573,1,0,0,41472,1,2873433260
7018,116329596217,83596,116329679813,7,0,1,14848,7,1422021992
7019,116329668577,346429,116330015006,4,0,0,561152,4,4906449147
7020,116329693783,353610,116330047393,1,0,0,341504,1,6027192924
7021,116329712828,425061,116330137889,2,0,0,1536,2,3728232171
7022,116329742698,407002,116330149700,2,0,1,55296,2,477019787
7023,116330001150,118857,116330120007,3,0,1,18944,3,3637022220
7024,116330001959,100587,116330102546,0,0,0,1536,0,138832842
7025,116330020485,63446,116330083931,6,0,0,9216,6,8267795188
7026,116330046438,58712,116330105150,0,0,1,20992,0,10397130211
7027,116330071448,59636,116330131084,5,0,1,3072,5,10010524536
7028,116330128161,15530,116330143691,1,0,0,103424,1,318953054
7029,116330133241,177205,116330310446,0,0,0,512,0,8205218423
7030,116330136823,282457,116330419280,1,0,0,7168,1,5663956005
7031,116330146330,335712,116330482042,0,0,1,24064,0,7583721758
7032,116330182235,5322,116330187557,2,0,0,2048,2,10035001301
7033,116330440229,308337,116330748566,2,0,0,5632,2,2297095488
7034,116330495766,116461,116330612227,7,0,1,17920,7,3058359147
7035,116330598672,212428,116330811100,1,0,1,236032,1,5432518783
7036,116330730915,80204,116330811119,2,0,0,120832,2,2106618954
7037,116330737239,370105,116331107344,2,0,0,1329152,2,7275981115
7038,116330997797,895123,116331892920,0,0,1,9728,0,7684414603
7039,116331432999,287495,116331720494,1,0,0,282624,1,7074532799
7040,116331901677,5322,116331906999,6,0,0,5632,6,4127650881
7041,116331904703,5522,116331910225,6,0,0,5120,6,9483160216
7042,116331928967,254666,116332183633,1,0,1,137728,1,7502716060
7043,116332019615,168397,116332188012,7,0,1,14336,7,7995920507
7044,116332217490,300109,116332517599,8,0,0,491008,8,1796610847
7045,116332402066,55326,116332457392,7,0,1,10240,7,3988321260
7046,116332465819,188087,116332653906,0,0,0,5632,0,7624965146
7047,116332581731,128282,116332710013,5,0,1,19968,5,1484297623
7048,116332786658,101968,116332888626,5,0,1,34816,5,6991330800
7049,116333009467,55744,116333065211,0,0,1,4096,0,6719171082
7050,116333142870,3124,116333145994,6,0,0,9216,6,4108944905
7051,116333252905,69706,116333322611,3,0,1,8192,3,307395416
7052,116333265619,94972,116333360591,5,0,1,16896,5,5237627935
7053,116333274298,288692,116333562990,1,0,0,472064,1,9501115468
7054,116333310714,240695,116333551409,8,0,1,2048,8,6509212043
7055,116333341293,191176,116333532469,7,0,1,8704,7,3610918561
7056,116333359936,68065,116333428001,0,0,1,39424,0,586247435
7057,116333419599,276336,116333695935,0,0,0,163328,0,6087388166
7058,116333509693,354452,116333864145,0,0,1,19456,0,9835356126
7059,116333544976,251200,116333796176,6,0,0,3584,6,2392065233
7060,116333667188,121652,116333788840,5,0,1,29184,5,6724682129
7061,116333837725,15575,116333853300,5,0,1,12288,5,4629284025
7062,116333884952,75136,116333960088,1,0,0,30208,1,5018835606
7063,116333927430,126433,116334053863,2,0,0,209408,2,9149386451
7064,116334000380,68934,116334069314,0,0,0,57344,0,4492506037
7065,116334003150,129267,116334132417,1,0,0,189440,1,4510500556
7066,116334008689,315657,116334324346,2,0,0,407552,2,8910817473
7067,116334021369,183385,116334204754,0,0,1,38400,0,1764380758
7068,116334167906,441370,116334609276,2,0,0,88064,2,6179219425
7069,116334216535,256979,116334473514,5,0,1,35328,5,7174121403
7070,116334622715,179718,116334802433,3,0,1,48640,3,1789343146
7071,116334818743,152245,116334970988,0,0,0,246272,0,9569212402
7072,116335030652,2466,116335033118,0,0,0,2560,0,1480985210
7073,116335060266,132770,116335193036,1,0,0,215040,1,9760706054
7074,116335377976,173012,116335550988,1,0,0,280064,1,2079457995
7075,116335429806,205200,116335635006,5,0,1,9216,5,2462054699
7076,116335430601,398943,116335829544,2,0,0,592896,2,6262087092
7077,116335463765,433686,116335897451,0,0,0,226816,0,8730726377
7078,116335650619,172572,116335823191,8,0,1,54272,8,2551380480
7079,116335787755,135549,116335923304,2,0,0,202752,2,3684555329
7080,116335826084,338470,116336164554,6,0,0,2048,6,1003360515
7081,116336054541,54354,116336108895,0,0,0,89088,0,8795642519
7082,116336071546,103033,116336174579,0,0,0,372224,0,10010341596
7083,116336157778,237354,116336395132,8,0,1,11264,8,6634463920
7084,116336241062,250162,116336491224,5,0,1,17920,5,9066986741
7085,116336597971,33071,116336631042,1,0,0,54272,1,6644043322
7086,116336603060,28341,116336631401,2,0,0,9728,2,2073285303
7087,116336628739,139909,116336768648,5,0,1,43520,5,6380989260
7088,116336732833,216008,116336948841,0,0,0,353792,0,7983436259
7089,116336844111,110734,116336954845,2,0,0,28672,2,9004603730
7090,116336949002,6714,116336955716,6,0,0,12288,6,10306008058
7091,116337431617,101500,116337533117,5,0,1,33280,5,9117603198
7092,116337542019,5192,116337547211,6,0,0,13312,6,6926113177
7093,116337837175,367712,116338204887,1,0,0,595968,1,4188156773
7094,116337889443,423698,116338313141,1,0,0,354304,1,9857350313
7095,116338116469,41387,116338157856,3,0,1,14336,3,261606447
7096,116338261102,322551,116338583653,5,0,1,12800,5,5928397522
7097,116338392664,268796,116338661460,0,0,0,67072,0,1496711708
7098,116338541965,175279,116338717244,5,0,1,63488,5,7783821569
7099,116338727710,1038,116338728748,6,0,0,1024,6,5116790765
7100,116338838289,192487,116339030776,7,0,0,311296,7,2322858214
7101,116338925672,207654,116339133326,8,0,1,2560,8,2666143075
7102,116339048577,273919,116339322496,3,0,1,162304,3,7119094636
7103,116339129453,52108,116339181561,8,0,1,3584,8,3896273293
7104,116339145672,414634,116339560306,1,0,1,392192,1,1032140499
7105,116339260628,431956,116339692584,8,0,1,37376,8,1097684329
7106,116339270399,312180,116339582579,1,0,0,35328,1,1886657262
7107,116339593470,355779,116339949249,7,0,0,576000,7,2101199394
7108,116339717845,147241,116339865086,5,0,1,15360,5,8692530939
7109,116339746518,243127,116339989645,1,0,1,14336,1,10566345808
7110,116339769681,251676,116340021357,8,0,1,14848,8,6098431131
7111,116339802776,236040,116340038816,2,0,0,11776,2,4435504711
7112,116339848026,256299,116340104325,3,0,1,37888,3,8931361084
7113,116339906276,470130,116340376406,0,0,0,1038848,0,6961677427
7114,116340019673,654228,116340673901,6,0,0,1536,6,10190770318
7115,116340090363,540842,116340631205,3,0,1,59392,3,902221281
7116,116340882972,61756,116340944728,3,0,1,8704,3,3021575380
7117,116340919067,155258,116341074325,0,0,0,255488,0,9119161007
7118,116341226333,72820,116341299153,3,0,1,9728,3,2618117150
7119,116341976857,100408,116342077265,8,0,1,29696,8,5898136684
7120,116342128545,107217,116342235762,7,0,0,178688,7,7477190209
7121,116342189371,87609,116342276980,1,0,0,131584,1,10482624812
7122,116342221327,77773,116342299100,0,0,0,81408,0,9014750021
7123,116342336231,217041,116342553272,1,0,0,355840,1,2781755800
7124,116342398956,132647,116342531603,1,0,1,101376,1,9772431135
7125,116342421931,227161,116342649092,6,0,0,2048,6,6617626068
7126,116342716752,23633,116342740385,5,0,1,37376,5,2657534765
7127,116342815766,158353,116342974119,2,0,0,42496,2,8769808906
7128,116342973255,72664,116343045919,5,0,1,9216,5,4568253890
7129,116343092531,58684,116343151215,5,0,1,8704,5,7403227540
7130,116343254396,63962,116343318358,1,0,0,104448,1,5645686501
7131,116343346877,226738,116343573615,0,0,0,368128,0,1178288147
7132,116343485343,307391,116343792734,1,0,0,501760,1,9205497877
7133,116343638177,176062,116343814239,7,0,0,70144,7,1140619187
7134,116343853612,1038,116343854650,6,0,0,1024,6,7222838669
7135,116344108787,376029,116344484816,2,0,0,608768,2,4655547692
7136,116344366954,118118,116344485072,2,0,0,9216,2,2218085410
7137,116344435773,51245,116344487018,6,0,0,3072,6,8801240104
7138,116344505439,5708,116344511147,7,0,0,14336,7,3172068278
7139,116344529703,56075,116344585778,3,0,0,95744,3,1171413884
7140,116344639426,53321,116344692747,6,0,1,292352,6,2267324824
7141,116344733002,353781,116345086783,2,0,0,87040,2,808399156
7142,116344897406,68668,116344966074,5,0,1,36352,5,5227816947
7143,116344926045,138602,116345064647,6,0,0,1536,6,565632101
7144,116345171809,166933,116345338742,7,0,0,274944,7,5253832419
7145,116345360437,214545,116345574982,7,0,0,347648,7,2425641137
7146,116345504808,235999,116345740807,7,0,0,386048,7,6754602290
7147,116345651524,103687,116345755211,1,0,1,653824,1,1334153366
7148,116345733103,177058,116345910161,1,0,0,168448,1,7073163129
7149,116345788616,114071,116345902687,7,0,0,291328,7,10029489711
7150,116345971747,77823,116346049570,7,0,0,185344,7,4511109200
7151,116346014716,749081,116346763797,7,0,0,32256,7,4744819400
7152,116346390969,142398,116346533367,1,0,0,215040,1,10510831308
7153,116346498905,60793,116346559698,1,0,0,84992,1,5120953578
7154,116346533300,86215,116346619515,5,0,1,4608,5,3065004349
7155,116346729745,562,116346730307,1,0,1,52736,1,9036488477
7156,116346808765,2942,116346811707,6,0,0,512,6,7973914592
7157,116346864346,192347,116347056693,6,0,0,3072,6,8787995557
7158,116346884614,83696,116346968310,1,0,0,136192,1,10308540867
7159,116346892920,249076,116347141996,0,0,0,350208,0,3744391034
7160,116347141602,1060,116347142662,6,0,0,1024,6,6336278810
7161,116347172128,3418,116347175546,6,0,0,3584,6,2998776747
7162,116347288639,155346,116347443985,1,0,0,252416,1,7046803031
7163,116347568814,52360,116347621174,3,0,1,3072,3,5202946782
7164,116348187863,14025,116348201888,1,0,0,27136,1,5739339283
7165,116348381625,2466,116348384091,1,0,1,356864,1,10093819251
7166,116348482401,298396,116348780797,6,0,0,2560,6,4990682642
7167,116348742492,104721,116348847213,7,0,0,170496,7,2849765074
7168,116348751380,218622,116348970002,5,0,1,47104,5,2065338761
7169,116348938244,36668,116348974912,3,0,1,12288,3,7557903095
7170,116348967689,73600,116349041289,7,0,0,56832,7,10507085974
7171,116349048613,512250,116349560863,1,0,1,636416,1,8945879584
7172,116349116236,453374,116349569610,3,0,1,28672,3,6520447620
7173,116349519979,136315,116349656294,5,0,1,19968,5,2084121830
7174,116349616542,153537,116349770079,0,0,0,248832,0,8122042179
7175,116349698368,128533,116349826901,0,0,0,181760,0,9331760835
7176,116349698724,401502,116350100226,7,0,0,561152,7,9735991664
7177,116349765046,34796,116349799842,1,0,1,83968,1,6031279636
7178,116350067056,117859,116350184915,7,0,0,2560,7,3846738265
7179,116350123362,33758,116350157120,1,0,0,196096,1,5839588319
7180,116350160792,17197,116350177989,5,0,1,94208,5,1323112455
7181,116350259647,702440,116350962087,7,0,0,58880,7,1285284827
7182,116350282212,335409,116350617621,0,0,0,20480,0,10352407410
7183,116350391155,292556,116350683711,7,0,1,50688,7,10353923954
7184,116350672378,163312,116350835690,7,0,0,245760,7,1737661093
7185,116350809645,47141,116350856786,2,0,0,68096,2,5337756126
7186,116351190789,60376,116351251165,5,0,1,9216,5,5780303062
7187,116351332545,206229,116351538774,7,0,0,334848,7,1296528871
7188,116351406964,374072,116351781036,1,0,1,188416,1,3400573473
7189,116351620661,161166,116351781827,3,0,1,2560,3,2654218209
7190,116352080504,120688,116352201192,3,0,1,96256,3,5294034610
7191,116352373852,82396,116352456248,5,0,1,20992,5,9280809225
7192,116352820013,54096,116352874109,7,0,0,88576,7,7224182790
7193,116353049990,4158,116353054148,2,0,0,11264,2,451494446
7194,116353110965,86450,116353197415,7,0,0,144896,7,8119073785
7195,116353150511,152885,116353303396,7,0,0,245248,7,89767492
7196,116353261484,240023,116353501507,7,0,0,584192,7,7085865751
7197,116353291069,249720,116353540789,3,0,1,5632,3,5356176402
7198,116353292306,358275,116353650581,3,0,1,3072,3,2403484848
7199,116353803456,225187,116354028643,1,0,1,1007616,1,1674186812
7200,116353811549,294338,116354105887,2,0,0,365056,2,4251430976
7201,116353889756,360354,116354250110,3,0,1,61440,3,4753314044
7202,116353995913,883614,116354879527,2,0,1,3072,2,9897511660
7203,116354005864,816045,116354821909,3,0,1,3072,3,9971573240
7204,116354234194,471618,116354705812,1,0,0,468480,1,9741537891
7205,116354680723,47010,116354727733,1,0,0,35840,1,3911547449
7206,116354699937,63529,116354763466,1,0,0,80896,1,1006813041
7207,116354996295,57436,116355053731,3,0,1,4608,3,10351019393
7208,116355108769,85156,116355193925,5,0,1,19968,5,1076669960
7209,116355179743,81370,116355261113,2,0,0,131584,2,10688860920
7210,116355254467,135008,116355389475,7,0,0,222720,7,10299417373
7211,116355376679,92012,116355468691,0,0,0,148992,0,7413680316
7212,116355449154,310234,116355759388,0,0,0,507392,0,8562544924
7213,116355526666,243756,116355770422,1,0,0,44544,1,1708489299
7214,116355685581,247158,116355932739,7,0,0,404480,7,4455278455
7215,116355835210,1514,116355836724,3,0,1,6144,3,3163320008
7216,116355984881,282895,116356267776,1,0,0,1536,1,7933780714
7217,116356277413,111665,116356389078,3,0,1,33280,3,387182791
7218,116356655006,442587,116357097593,2,0,0,879616,2,1035592
7219,116356692288,540783,116357233071,5,0,1,24064,5,7828602375
7220,116356726689,347566,116357074255,6,0,1,245760,6,6751899544
7221,116356791104,415475,116357206579,5,0,1,11264,5,4328664202
7222,116356793354,300545,116357093899,2,0,1,18432,2,712869499
7223,116356854227,221879,116357076106,1,0,0,20480,1,7070022318
7224,116356906045,696734,116357602779,1,0,0,15360,1,3990253855
7225,116357069326,635696,116357705022,2,0,0,281600,2,9911299387
7226,116357210977,387427,116357598404,1,0,1,177152,1,5230004178
7227,116357250279,360929,116357611208,0,0,1,36864,0,805302637
7228,116357504790,156972,116357661762,3,0,1,6144,3,10271138693
7229,116358011837,126692,116358138529,2,0,0,209920,2,4323664161
7230,116358020016,129855,116358149871,7,0,0,37888,7,2593939719
7231,116358355363,500800,116358856163,7,0,0,815104,7,5046863898
7232,116358406269,453760,116358860029,1,0,0,6144,1,6572657894
7233,116358443415,438017,116358881432,2,0,0,69632,2,105518360
7234,116358469616,577660,116359047276,7,0,0,531968,7,1098066075
7235,116358734488,522835,116359257323,1,0,1,207872,1,4061240226
7236,116359630918,382648,116360013566,1,0,1,472064,1,3024264988
7237,116359709900,196440,116359906340,6,0,1,370176,6,10204449018
7238,116359817145,199341,116360016486,2,0,0,165376,2,2179895139
7239,116359897938,157551,116360055489,7,0,0,136192,7,3614783280
7240,116359940394,2942,116359943336,1,0,0,1024,1,5138263107
7241,116360032380,541240,116360573620,2,0,1,14848,2,6804074070
7242,116360133511,223303,116360356814,1,0,0,3072,1,2352263304
7243,116360234104,246904,116360481008,1,0,1,163840,1,8972959603
7244,116360343820,479775,116360823595,7,0,0,780800,7,10453731876
7245,116360360648,541530,116360902178,7,0,0,253440,7,8800258476
7246,116360499712,412886,116360912598,2,0,0,41472,2,8960927436
7247,116360670498,464781,116361135279,6,0,1,208896,6,6954925555
7248,116360910802,203387,116361114189,6,0,1,193536,6,9794038960
7249,116360959946,43454,116361003400,2,0,0,329216,2,5334984986
7250,116361034431,249561,116361283992,2,0,1,41984,2,7981806280
7251,116361132646,501406,116361634052,3,0,1,52224,3,9345657695
7252,116361191289,157182,116361348471,2,0,0,71168,2,7525642252
7253,116361255037,295496,116361550533,2,0,0,169472,2,8846897664
7254,116361512346,49653,116361561999,2,0,1,512,2,8932579256
7255,116361658502,114241,116361772743,2,0,0,188928,2,367403162
7256,116361808660,56075,116361864735,7,0,0,95744,7,9982834183
7257,116361813000,157651,116361970651,0,0,0,215040,0,2645530887
7258,116362086164,3418,116362089582,1,0,0,3584,1,3987226306
7259,116362264257,277104,116362541361,2,0,0,449536,2,3412062495
7260,116362447472,16424,116362463896,6,0,1,415744,6,4729326592
7261,116362531350,5322,116362536672,0,0,0,30720,0,9187098458
7262,116362548331,195329,116362743660,7,0,0,5632,7,8985053931
7263,116362558128,761342,116363319470,6,0,1,831488,6,729045352
7264,116362565379,265946,116362831325,7,0,0,316928,7,10248841398
7265,116362666158,41160,116362707318,1,0,1,139776,1,7053151620
7266,116362958568,1010339,116363968907,7,0,0,431104,7,10718559507
7267,116363193774,944924,116364138698,0,0,0,33280,0,8346788264
7268,116363359374,208166,116363567540,4,0,1,5632,4,7082336873
7269,116363437004,288097,116363725101,0,0,0,56320,0,10011887121
7270,116363549662,71207,116363620869,2,0,1,16896,2,3280565024
7271,116363577829,70898,116363648727,1,0,0,6144,1,3923406906
7272,116363603133,163197,116363766330,0,0,0,75264,0,7086965825
7273,116363710553,138840,116363849393,0,0,0,524288,0,9722161911
7274,116363861035,326410,116364187445,2,0,1,27648,2,523319234
7275,116363959858,320049,116364279907,5,0,1,65536,5,6976234928
7276,116364079241,249788,116364329029,5,0,1,18944,5,4877516994
7277,116364243738,140995,116364384733,6,0,1,40448,6,6660564123
7278,116364369049,120532,116364489581,3,0,1,95744,3,3991248180
7279,116364514658,102904,116364617562,4,0,1,37888,4,10379329107
7280,116364683726,2942,116364686668,1,0,0,3072,1,331401811
7281,116364839263,30745,116364870008,3,0,1,15360,3,5959341660
7282,116364856230,89896,116364946126,0,0,0,49664,0,5338964018
7283,116364992631,3641,116364996272,1,0,0,10240,1,1128350712
7284,116365057574,163410,116365220984,3,0,1,69632,3,8370697084
7285,116365136786,86988,116365223774,4,0,1,2048,4,6139955195
7286,116365411734,15833,116365427567,7,0,0,30720,7,10141108430
7287,116365484339,1514,116365485853,1,0,0,1536,1,7373746463
7288,116365523380,51770,116365575150,0,0,0,83968,0,3259879236
7289,116365598566,62154,116365660720,7,0,0,100864,7,307184833
7290,116365614812,189225,116365804037,6,0,1,39424,6,271544882
7291,116365854525,195071,116366049596,7,0,0,316416,7,945404865
7292,116365920810,133292,116366054102,1,0,0,7168,1,3103411799
7293,116365982637,76957,116366059594,7,0,0,17920,7,2868893571
7294,116366074883,13249,116366088132,1,0,0,25600,1,9535558460
7295,116366464872,31779,116366496651,2,0,0,51712,2,9007490350
7296,116366905269,108052,116367013321,2,0,1,54784,2,9627612652
7297,116367000895,15284,116367016179,1,0,0,8704,1,5968102385
7298,116367022860,123028,116367145888,3,0,1,103936,3,1413336042
7299,116367137545,144275,116367281820,2,0,0,265216,2,875373903
7300,116367166533,173274,116367339807,5,0,1,5120,5,3362154264
7301,116367212437,179086,116367391523,2,0,1,2560,2,3689143911
7302,116367217983,214440,116367432423,4,0,1,512,4,2825054783
7303,116367275427,315537,116367590964,2,0,0,510976,2,6600160345
7304,116367306652,201979,116367508631,3,0,1,19968,3,2606338338
7305,116367391571,317687,116367709258,1,0,0,4096,1,6940039481
7306,116367446076,248034,116367694110,2,0,1,75776,2,2749855268
7307,116367709840,3418,116367713258,1,0,0,3584,1,6619205915
7308,116367818843,3418,116367822261,4,0,1,6144,4,371178905
7309,116367860830,54832,116367915662,1,0,0,3584,1,6956461008
7310,116367924308,356133,116368280441,0,0,0,1068544,0,7967740822
7311,116368176192,660045,116368836237,4,0,1,4096,4,8335698517
7312,116368192974,576321,116368769295,0,0,0,590336,0,4181870671
7313,116368322432,707374,116369029806,1,0,1,373760,1,393937021
7314,116369366052,51136,116369417188,2,0,1,4096,2,10324981336
7315,116369432457,183460,116369615917,4,0,1,151040,4,8905876446
7316,116369569537,59436,116369628973,2,0,1,5120,2,1889496079
7317,116369623088,104993,116369728081,5,0,1,30720,5,6668350521
7318,116369942266,306352,116370248618,1,0,1,382976,1,8593645884
7319,116370025413,251296,116370276709,8,0,1,92160,8,10717264261
7320,116370103358,282168,116370385526,6,0,1,215040,6,9368604774
7321,116370259462,147977,116370407439,3,0,1,73728,3,210137594
7322,116370272697,205036,116370477733,2,0,1,30720,2,1427977068
7323,116370374845,297211,116370672056,6,0,1,305152,6,8438303230
7324,116370716114,229649,116370945763,6,0,1,543232,6,6745251799
7325,116370753869,473883,116371227752,4,0,1,109056,4,6187470894
7326,116370794821,332143,116371126964,3,0,1,9216,3,2944838429
7327,116370863169,474690,116371337859,3,0,1,17408,3,6703305290
7328,116371079806,56382,116371136188,5,0,1,1024,5,8331077594
7329,116371144497,161090,116371305587,5,0,1,68608,5,8980752964
7330,116371175835,196318,116371372153,1,0,0,10240,1,8403755997
7331,116371445609,279364,116371724973,6,0,1,294400,6,4661921374
7332,116371570023,171402,116371741425,3,0,1,53760,3,7707258811
7333,116371611797,171604,116371783401,1,0,1,30208,1,7483836911
7334,116371748401,6750,116371755151,6,0,1,638976,6,10365657
7335,116371810932,3641,116371814573,1,0,0,7168,1,3288515040
7336,116371953005,11270,116371964275,1,0,0,10240,1,8842610569
7337,116372023965,528710,116372552675,1,0,0,18432,1,6074624893
7338,116372138344,7226,116372145570,6,0,1,354304,6,4063862479
7339,116372185368,436400,116372621768,5,0,1,50688,5,9166138965
7340,116372301246,404831,116372706077,1,0,0,7680,1,10217207397
7341,116372540524,151479,116372692003,9,0,1,34304,9,173802323
7342,116372753990,107740,116372861730,1,0,1,53760,1,187725734
7343,116372853387,65771,116372919158,0,0,1,4608,0,1353755856
7344,116372919682,129112,116373048794,1,0,1,123904,1,3716711371
7345,116372989988,212995,116373202983,2,0,0,344576,2,2801794608
7346,116373016822,333973,116373350795,4,0,1,52224,4,8114234441
7347,116373276315,108520,116373384835,5,0,1,56320,5,1732889805
7348,116373296035,277082,116373573117,6,0,1,220672,6,5380155138
7349,116373339581,240411,116373579992,5,0,1,22528,5,6286104716
7350,116373573272,19445,116373592717,2,0,0,24576,2,8220122862
7351,116373761673,43900,116373805573,4,0,1,512,4,4164768242
7352,116373810270,121312,116373931582,6,0,1,98304,6,592391108
7353,116373953638,70972,116374024610,3,0,1,8704,3,10059084680
7354,116374025657,45592,116374071249,4,0,1,1024,4,4363846244
7355,116374063470,60820,116374124290,5,0,1,5632,5,6752453121
7356,116374216716,99628,116374316344,2,0,1,27136,2,3135369228
7357,116374241173,134433,116374375606,4,0,1,13824,4,3365628164
7358,116374295461,95541,116374391002,7,0,1,82432,7,5809541329
7359,116374302890,150201,116374453091,2,0,0,159232,2,655011524
7360,116374507186,101610,116374608796,6,0,1,2560,6,2030353983
7361,116374536489,286196,116374822685,2,0,0,463872,2,4232507951
7362,116374602778,127205,116374729983,3,0,1,38912,3,7795054261
7363,116374696658,562,116374697220,1,0,0,13824,1,3518492341
7364,116374774945,326810,116375101755,4,0,1,93696,4,1810637382
7365,116374838764,311632,116375150396,1,0,0,512,1,655578080
7366,116374958876,169976,116375128852,7,0,1,65024,7,10132386708
7367,116375181549,103840,116375285389,2,0,1,40960,2,5569226606
7368,116375293909,7226,116375301135,1,0,0,7680,1,10286625252
7369,116375421062,6225,116375427287,7,0,1,79872,7,8953486571
7370,116375496510,115696,116375612206,1,0,0,15360,1,9885481860
7371,116375588628,101968,116375690596,3,0,1,34816,3,5091046102
7372,116375747510,43900,116375791410,4,0,1,512,4,9363197490
7373,116375784031,197050,116375981081,2,0,0,323584,2,6469911948
7374,116375873347,195106,116376068453,2,0,0,419840,2,5361220936
7375,116375936510,266099,116376202609,2,0,1,26624,2,668095181
7376,116376238341,640827,116376879168,6,0,1,1346560,6,7594823299
7377,116376284493,1252233,116377536726,5,0,1,41984,5,7172706854
7378,116376524157,874339,116377398496,6,0,1,536064,6,1413899096
7379,116376623266,736394,116377359660,2,0,1,23040,2,1393023098
7380,116376642011,890888,116377532899,7,0,1,9728,7,2588774479
7381,116376793514,1172085,116377965599,7,0,1,105984,7,1660015887
7382,116377214937,486972,116377701909,7,0,1,18432,7,6786273375
7383,116377240794,461142,116377701936,1,0,0,3584,1,283086993
7384,116377291399,301729,116377593128,3,0,1,2048,3,5642942058
7385,116377326859,147401,116377474260,2,0,1,15360,2,2338828519
7386,116377404509,453811,116377858320,1,0,0,4608,1,3379062428
7387,116377569208,454768,116378023976,2,0,0,22528,2,4281298695
7388,116377797246,2866,116377800112,1,0,0,8704,1,2808060451
7389,116377886181,81628,116377967809,6,0,1,517632,6,1282499507
7390,116377916266,26217,116377942483,2,0,0,132096,2,4977332953
7391,116377976810,423277,116378400087,3,0,1,7680,3,5036242865
7392,116378001026,308607,116378309633,2,0,0,47616,2,3289102608
7393,116378005386,327097,116378332483,3,0,1,14848,3,2170431626
7394,116378005471,367063,116378372534,4,0,1,60928,4,7581779378
7395,116378413235,87448,116378500683,7,0,1,17408,7,9558328738
7396,116379327948,285937,116379613885,2,0,0,463360,2,4500293266
7397,116379439082,230580,116379669662,5,0,1,33280,5,8126583122
7398,116379626977,161771,116379788748,7,0,1,34304,7,298333170
7399,116380174655,100096,116380274751,7,0,1,28672,7,10408658661
7400,116380277263,69616,116380346879,2,0,1,14336,2,8877158125
7401,116380477029,375472,116380852501,6,0,1,448512,6,8011347877
7402,116380642158,210354,116380852512,2,0,0,192512,2,3678799561
7403,116380692458,262434,116380954892,2,0,0,411136,2,5871383875
7404,116380697094,261024,116380958118,1,0,0,5120,1,6281518170
7405,116381123019,1990,116381125009,1,0,0,2048,1,8352665454
7406,116381719207,78364,116381797571,3,0,1,12800,3,1843972060
7407,116381930928,107740,116382038668,5,0,1,53760,5,3124014577
7408,116381946786,142120,116382088906,2,0,0,229888,2,8587473322
7409,116381973767,187596,116382161363,4,0,1,60928,4,584414074
7410,116382243814,61288,116382305102,5,0,1,7168,5,3543897684
7411,116382391975,107584,116382499559,7,0,1,53248,7,4237955754
7412,116382635175,24150,116382659325,8,0,1,11264,8,1213249130
7413,116382644105,79432,116382723537,2,0,0,43520,2,8901695007
7414,116382774920,96688,116382871608,5,0,1,22528,5,155668289
7415,116382794612,248450,116383043062,2,0,0,407040,2,2658540737
7416,116382841188,227950,116383069138,5,0,1,10240,5,8249039096
7417,116383289098,66717,116383355815,2,0,0,113152,2,8455309686
7418,116383595623,562,116383596185,1,0,0,512,1,1488714083
7419,116383768907,3900,116383772807,1,0,0,10752,1,2686501719
7420,116383822439,2466,116383824905,1,0,0,2560,1,6429966683
7421,116383832697,1038,116383833735,1,0,0,1024,1,7401601559
7422,116384180148,297525,116384477673,2,0,0,485888,2,7118855340
7423,116384342417,248351,116384590768,2,0,1,7680,2,418557747
7424,116385034524,5322,116385039846,1,0,0,5632,1,120342034
7425,116385086140,47284,116385133424,5,0,1,1536,5,1729678950
7426,116385142082,100720,116385242802,5,0,1,30720,5,3876796700
7427,116385212934,52828,116385265762,3,0,1,4608,3,4946429179
7428,116385213680,57109,116385270789,2,0,0,97792,2,6501228387
7429,116385867803,116632,116385984435,5,0,1,82944,5,5886559435
7430,116386022042,97132,116386119174,3,0,1,18944,3,2595964029
7431,116386158834,103684,116386262518,5,0,1,40448,5,9201441677
7432,116386390905,43900,116386434805,4,0,1,512,4,7457700505
7433,116386452158,4416,116386456574,1,0,0,11776,1,1474568102
7434,116386460680,2942,116386463622,1,0,0,3072,1,6918122268
7435,116386517399,145606,116386663005,3,0,1,61952,3,8341795879
7436,116387006170,50668,116387056838,3,0,1,2560,3,7955753326
7437,116387052766,98068,116387150834,2,0,1,22016,2,2161675900
7438,116387208873,5450,116387214323,3,0,1,100864,3,2674862484
7439,116387242455,122092,116387364547,1,0,0,13824,1,10568260965
7440,116387593804,70528,116387664332,7,0,1,12288,7,1065383992
7441,116387607642,108364,116387716006,3,0,1,55808,3,9060648303
7442,116387639084,95152,116387734236,8,0,1,22528,8,7314742831
7443,116387716601,63391,116387779992,5,0,1,4096,5,4895757500
7444,116387809186,55744,116387864930,7,0,1,4096,7,6306538402
7445,116387961990,127864,116388089854,8,0,1,119808,8,2435746666
7446,116388091769,71596,116388163365,8,0,1,10752,8,1747034780
7447,116388117560,78067,116388195627,5,0,1,4608,5,9843133604
7448,116388367445,1038,116388368483,1,0,0,1024,1,1303025274
7449,116388474034,13766,116388487800,2,0,0,26624,2,8248519789
7450,116388520554,6274,116388526828,1,0,0,6656,1,220161387
7451,116388560928,151479,116388712407,3,0,1,60928,3,905999367
7452,116388607467,117119,116388724586,3,0,1,39936,3,5436049863
7453,116388716016,98926,116388814942,4,0,1,16896,4,38505211
7454,116388835190,64204,116388899394,7,0,1,18432,7,185768226
7455,116388860683,95324,116388956007,4,0,1,6656,4,4709411817
7456,116389224599,5192,116389229791,3,0,1,35840,3,5616034255
7457,116389310517,102280,116389412797,1,0,0,13312,1,157331030
7458,116389487392,10753,116389498145,8,0,1,35840,8,9945355947
7459,116389517742,102280,116389620022,2,0,0,17408,2,3155965429
7460,116389534744,170876,116389705620,5,0,1,67072,5,7680855012
7461,116389571506,237331,116389808837,5,0,1,120320,5,9195970180
7462,116389957265,52360,116390009625,4,0,1,3072,4,5628066766
7463,116390225085,87448,116390312533,8,0,1,17408,8,9858888834
7464,116390286126,98848,116390384974,5,0,1,24576,5,6647588181
7465,116390499431,104620,116390604051,2,0,1,43520,2,3703771694
7466,116390753174,106180,116390859354,4,0,1,48640,4,6226280294
7467,116390929026,41387,116390970413,2,0,0,67072,2,3543064311
7468,116391016663,99472,116391116135,5,0,1,26624,5,6176018159
7469,116391124261,242067,116391366328,2,0,0,482304,2,7672268768
7470,116391160520,297354,116391457874,4,0,1,3072,4,3633515731
7471,116391185216,388365,116391573581,2,0,1,42496,2,8683285325
7472,116391459641,178609,116391638250,2,0,0,294400,2,9623052942
7473,116391599546,94596,116391694142,3,0,1,50176,3,8878827932
7474,116391619671,46451,116391666122,7,0,1,57344,7,1663014282
7475,116391668308,198281,116391866589,2,0,0,154112,2,3437750049
7476,116391719999,285684,116392005683,2,0,0,5632,2,7564344733
7477,116391946695,5450,116391952145,1,0,0,13824,1,4682952663
7478,116392144044,562,116392144606,1,0,0,512,1,7025060866
7479,116392261011,62512,116392323523,5,0,1,6144,5,7901312227
7480,116392281306,275983,116392557289,2,0,0,450560,2,1707494203
7481,116392347488,448992,116392796480,2,0,0,612352,2,9817001871
7482,116392646103,154883,116392800986,1,0,0,7168,1,5721892982
7483,116392846271,299134,116393145405,2,0,1,133120,2,3127279081
7484,116393114939,122490,116393237429,5,0,1,8192,5,7740397271
7485,116393359439,101656,116393461095,8,0,1,33792,8,2699438434
7486,116393501129,102280,116393603409,2,0,1,35840,2,1721373485
7487,116393682798,114448,116393797246,5,0,1,75776,5,8402758019
7488,116393771719,33846,116393805565,2,0,0,55808,2,3053744669
7489,116393850468,57061,116393907529,5,0,1,120832,5,10169502274
7490,116393950081,215952,116394166033,4,0,1,4096,4,9676751050
7491,116393956450,171008,116394127458,4,0,1,93184,4,7201840152
7492,116394078704,79180,116394157884,2,0,1,8192,2,5302517192
7493,116394100194,79616,116394179810,7,0,1,3072,7,9212159092
7494,116394116049,5322,116394121371,8,0,1,19456,8,5579673981
7495,116394227356,136575,116394363931,1,0,0,5632,1,6315394981
7496,116394276925,95025,116394371950,2,0,0,158208,2,9408958240
7497,116394441279,100876,116394542155,3,0,1,31232,3,9406682559
7498,116394534792,112443,116394647235,4,0,1,45056,4,7732340194
7499,116394651203,2866,116394654069,7,0,1,14848,7,6204840547
7500,116394696362,86668,116394783030,1,0,0,8704,1,7079725661
7501,116394947342,62512,116395009854,2,0,1,6144,2,454889810
7502,116394948827,89635,116395038462,4,0,1,14336,4,5341021055
7503,116394960907,80842,116395041749,4,0,1,10752,4,3985264423
7504,116395021713,329450,116395351163,2,0,0,538112,2,7412656801
7505,116395103783,281442,116395385225,4,0,1,8704,4,6980377641
7506,116395402582,58019,116395460601,8,0,1,3584,8,5238704595
7507,116395512295,106024,116395618319,2,0,1,48128,2,1133272801
7508,116395702102,80080,116395782182,5,0,1,18432,5,386759825
7509,116395820436,108676,116395929112,5,0,1,56832,5,7261843492
7510,116395916214,15832,116395932046,1,0,0,3072,1,9789062920
7511,116396037856,69616,116396107472,4,0,1,14336,4,5686585455
7512,116396085640,73444,116396159084,5,0,1,11776,5,7681605144
7513,116396284257,162370,116396446627,2,0,0,262656,2,9399872001
7514,116396310264,140383,116396450647,2,0,1,1536,2,3646805766
7515,116396494531,253495,116396748026,2,0,0,410112,2,3277386728
7516,116396510658,255431,116396766089,4,0,1,7680,4,8794689733
7517,116396938934,562,116396939496,1,0,0,512,1,5608827536
7518,116397086964,48976,116397135940,7,0,1,2048,7,3606170687
7519,116397126081,117256,116397243337,8,0,1,84992,8,412990990
7520,116397232976,120631,116397353607,7,0,1,30720,7,795361544
7521,116397259663,110444,116397370107,4,0,1,44544,4,2389907289
7522,116397487579,43900,116397531479,4,0,1,512,4,2159764890
7523,116397668833,79432,116397748265,5,0,1,11264,5,9990706497
7524,116397781087,4416,116397785503,1,0,0,11776,1,5716164324
7525,116397982014,64133,116398046147,2,0,0,108032,2,5989581749
7526,116398333143,64204,116398397347,7,0,1,6656,7,6133946557
7527,116398536526,46725,116398583251,2,0,0,80896,2,4051031001
7528,116398631453,414779,116399046232,8,0,1,99840,8,9946426282
7529,116398705090,518847,116399223937,6,0,1,487424,6,8994403990
7530,116398829806,323313,116399153119,4,0,1,9216,4,9630176414
7531,116398916969,197082,116399114051,5,0,1,27136,5,3839390775
7532,116398957296,245688,116399202984,2,0,1,4096,2,416312868
7533,116399132236,113853,116399246089,2,0,1,14336,2,6430577989
7534,116399135977,143220,116399279197,5,0,1,32256,5,1787887635
7535,116399409115,104620,116399513735,8,0,1,43520,8,4977126452
7536,116399470471,146179,116399616650,1,0,1,186880,1,1370095994
7537,116399503336,235995,116399739331,2,0,1,28160,2,1253996553
7538,116400061810,116632,116400178442,8,0,1,82944,8,9084806683
7539,116400141529,115897,116400257426,5,0,1,42496,5,6732013001
7540,116400254416,9752,116400264168,2,0,0,7168,2,4131082063
7541,116400328167,88672,116400416839,2,0,1,16384,2,1942163899
7542,116400480247,66717,116400546964,2,0,0,113152,2,2386061543
7543,116400540234,3418,116400543652,7,0,1,12800,7,4394408078
7544,116400545513,116540,116400662053,8,0,1,81920,8,1227132896
7545,116400633159,256897,116400890056,1,0,0,3584,1,10611828661
7546,116400745736,92194,116400837930,2,0,1,9728,2,228535255
7547,116400870495,33329,116400903824,2,0,0,54784,2,9577405655
7548,116400890845,64391,116400955236,2,0,0,108544,2,8545768717
7549,116401059209,61720,116401120929,2,0,1,5632,2,2018039049
7550,116401260733,104776,116401365509,8,0,1,44032,8,1068224635
7551,116401432189,102904,116401535093,4,0,1,37888,4,8927983126
7552,116401458190,137474,116401595664,8,0,1,24576,8,66259936
7553,116401459593,146376,116401605969,4,0,1,78848,4,7339946314
7554,116401928421,101656,116402030077,2,0,1,33792,2,3675713752
7555,116402186311,187156,116402373467,1,0,1,153088,1,357577209
7556,116402514505,76048,116402590553,4,0,1,10240,4,8488131906
7557,116402587037,15317,116402602354,1,0,0,29696,1,8630568605
7558,116402626274,50824,116402677098,4,0,1,3072,4,366448411
7559,116403039795,48976,116403088771,4,0,1,2048,4,2301605329
7560,116403209532,192772,116403402304,1,0,1,171520,1,4876773468
7561,116403212760,199695,116403412455,5,0,1,33280,5,5278315208
7562,116403338589,73877,116403412466,2,0,0,23040,2,5051770652
7563,116403362006,96044,116403458050,8,0,1,1024,8,3288501202
7564,116403416516,101968,116403518484,8,0,1,34816,8,3276324278
7565,116403700732,55744,116403756476,2,0,1,4096,2,9763202513
7566,116403932004,43900,116403975904,0,0,1,512,0,7664692705
7567,116404291552,6750,116404298302,1,0,0,7168,1,1928083208
7568,116404375923,69280,116404445203,4,0,1,8192,4,9658473856
7569,116404417764,78520,116404496284,8,0,1,13312,8,250143403
7570,116404655567,101968,116404757535,8,0,1,34816,8,1076495190
7571,116404931943,3124,116404935067,2,0,0,9216,2,6697441662
7572,116404992123,102280,116405094403,4,0,1,35840,4,5774572723
7573,116404993850,120059,116405113909,5,0,1,28160,5,1216091470
7574,116405371970,52360,116405424330,5,0,1,3072,5,6314630017
7575,116405379973,104721,116405484694,2,0,0,170496,2,903027985
7576,116405416180,144558,116405560738,1,0,1,190464,1,7913523354
7577,116405446856,184429,116405631285,8,0,1,5632,8,4272601475
7578,116405494682,348209,116405842891,2,0,0,299008,2,5940474942
7579,116405682263,374607,116406056870,8,0,1,37376,8,7596010127
7580,116405843355,107154,116405950509,1,0,1,393216,1,2353534736
7581,116405982176,391397,116406373573,5,0,1,512,5,9436492775
7582,116406108455,133796,116406242251,5,0,1,24576,5,5275327920
7583,116406332789,125212,116406458001,4,0,1,111104,4,8026722543
7584,116406473798,1514,116406475312,1,0,0,1536,1,3390810215
7585,116406946242,286540,116407232782,1,0,1,317952,1,797387563
7586,116407170276,151507,116407321783,2,0,1,17408,2,4168571127
7587,116407200606,199813,116407400419,8,0,1,114176,8,8014857556
7588,116407345644,88852,116407434496,4,0,1,22016,4,6860115788
7589,116407353533,143339,116407496872,1,0,1,90624,1,1322717898
7590,116407425870,98692,116407524562,2,0,1,24064,2,5613689103
7591,116407635932,98068,116407734000,8,0,1,22016,8,3955018391
7592,116407677327,98692,116407776019,8,0,1,34304,8,7990015042
7593,116407702322,134150,116407836472,1,0,1,24064,1,9569059350
7594,116407782764,106024,116407888788,1,0,1,48128,1,3554599994
7595,116407933809,1990,116407935799,1,0,0,2048,1,9073643317
7596,116407990778,83954,116408074732,2,0,0,136704,2,7219713961
7597,116408021352,287624,116408308976,7,0,1,60416,7,7844905096
7598,116408256935,141003,116408397938,1,0,1,124416,1,1866085583
7599,116408505297,230509,116408735806,1,0,1,244224,1,7794089244
7600,116408527026,237339,116408764365,5,0,1,93696,5,6305463948
7601,116408743566,25466,116408769032,1,0,0,12288,1,9162805109
7602,116409091871,43900,116409135771,0,0,1,15872,0,3845359116
7603,116409114603,76228,116409190831,4,0,1,512,4,5973240547
7604,116409209965,43900,116409253865,0,0,1,512,0,1652385681
7605,116409319467,205876,116409525343,1,0,1,214528,1,7539255543
7606,116409371939,123380,116409495319,5,0,1,3072,5,1152102291
7607,116409456611,186289,116409642900,1,0,1,94208,1,3041582130
7608,116409464256,279553,116409743809,4,0,1,97792,4,8930894374
7609,116409568968,4846,116409573814,1,0,1,139776,1,7559150956
7610,116409686429,189943,116409876372,2,0,0,5120,2,316464998
7611,116409739116,121911,116409861027,2,0,1,35328,2,2577470644
7612,116409753882,4450,116409758332,5,0,1,36864,5,5112298162
7613,116409858559,156765,116410015324,1,0,0,2048,1,7330499268
7614,116409960290,3418,116409963708,1,0,1,540160,1,9907867632
7615,116409961300,341612,116410302912,4,0,1,52224,4,171979964
7616,116410074242,507213,116410581455,4,0,1,14336,4,324125119
7617,116410084845,397640,116410482485,2,0,0,3584,2,247629247
7618,116410252394,201002,116410453396,4,0,1,21504,4,3821695558
7619,116410272919,228090,116410501009,7,0,1,6656,7,10528601894
7620,116410455042,128494,116410583536,6,0,1,38400,6,2943687303
7621,116410603141,64204,116410667345,7,0,1,6656,7,10285209227
7622,116410676338,52360,116410728698,7,0,1,3072,7,6365015303
7623,116410833258,59752,116410893010,7,0,1,7168,7,9366226200
7624,116411018900,66208,116411085108,7,0,1,8192,7,3595037201
7625,116411085783,6750,116411092533,1,0,0,7168,1,10123085422
7626,116411118480,292851,116411411331,1,0,1,72704,1,6938341448
7627,116411130053,1038,116411131091,1,0,1,880128,1,2650950759
7628,116411456567,764518,116412221085,0,0,1,31232,0,1999696381
7629,116411602584,447531,116412050115,2,0,1,10240,2,5587613477
7630,116411623258,304653,116411927911,2,0,0,1024,2,4609140655
7631,116411680321,292137,116411972458,2,0,1,10240,2,5955006127
7632,116411729509,497919,116412227428,1,0,1,296448,1,2554141060
7633,116411940792,382162,116412322954,4,0,1,220672,4,4639638934
7634,116412316646,106708,116412423354,6,0,1,29696,6,7757385268
7635,116412369895,67300,116412437195,4,0,1,11776,4,4505365904
7636,116412373792,79490,116412453282,2,0,1,9728,2,9617693417
7637,116412485533,43900,116412529433,0,0,1,512,0,2969127068
7638,116412536256,562,116412536818,2,0,0,512,2,5179289679
7639,116412565997,83908,116412649905,7,0,1,15872,7,3153504408
7640,116412996213,100876,116413097089,4,0,1,31232,4,7191871087
7641,116413117037,6274,116413123311,2,0,0,6656,2,5051523568
7642,116413186045,45592,116413231637,7,0,1,1024,7,10505770659
7643,116413268672,2942,116413271614,5,0,1,25600,5,7179877543
7644,116413316630,93016,116413409646,5,0,1,25600,5,9371402009
7645,116413342665,99160,116413441825,1,0,0,3072,1,2637315943
7646,116413547564,45592,116413593156,4,0,1,22016,4,10712337977
7647,116413564419,98068,116413662487,5,0,1,1024,5,854659591
7648,116413576317,228800,116413805117,1,0,1,429056,1,8870694962
7649,116413599490,410253,116414009743,7,0,1,20480,7,5840989660
7650,116413916635,30833,116413947468,1,0,1,813056,1,4744211807
7651,116413956316,4846,116413961162,2,0,0,512,2,2195306329
7652,116414058708,1990,116414060698,3,0,0,5120,3,10656492273
7653,116414076699,562,116414077261,2,0,0,2048,2,3264847407
7654,116414140121,779875,116414919996,1,0,1,504320,1,2414760610
7655,116414197345,507920,116414705265,7,0,1,28672,7,4613567559
7656,116414416082,718847,116415134929,2,0,0,512,2,9682349081
7657,116414499841,367266,116414867107,6,0,1,26624,6,5008210618
7658,116414560280,225572,116414785852,1,0,0,512,1,7710347097
7659,116414569254,323409,116414892663,1,0,1,76288,1,209792155
7660,116414620683,263025,116414883708,2,0,0,3072,2,4972518295
7661,116414658106,53158,116414711264,7,0,1,54272,7,4732031126
7662,116414794541,24240,116414818781,6,0,1,108032,6,1109361631
7663,116414794653,562,116414795215,5,0,1,64512,5,6268765320
7664,116414831085,360466,116415191551,1,0,0,512,1,1495447592
7665,116414860669,225859,116415086528,1,0,0,1024,1,8890696750
7666,116414869861,152534,116415022395,5,0,1,6144,5,8499862454
7667,116414905576,1990,116414907566,2,0,0,512,2,5920127519
7668,116414979128,312569,116415291697,1,0,1,10240,1,8504509867
7669,116415042743,36070,116415078813,1,0,0,2048,1,4985506921
7670,116415067180,131124,116415198304,2,0,1,36352,2,6800951034
7671,116415071051,193432,116415264483,2,0,0,9728,2,3732871265
7672,116415395037,1514,116415396551,2,0,0,1536,2,2292132871
7673,116415432601,109612,116415542213,0,0,1,59904,0,253690204
7674,116415471073,120346,116415591419,8,0,1,64000,8,8610883512
7675,116415493004,147609,116415640613,5,0,1,32768,5,6761943581
7676,116415733801,3383,116415737184,1,0,0,9728,1,3060106069
7677,116416155818,43900,116416199718,4,0,1,512,4,4925231650
7678,116416205659,1990,116416207649,6,0,1,116224,6,6438617965
7679,116416224364,126772,116416351136,1,0,1,35840,1,2864728911
7680,116416279909,118998,116416398907,2,0,0,2048,2,1174498823
7681,116416339290,113676,116416452966,2,0,1,59904,2,3371275785
7682,116416342778,2866,116416345644,6,0,1,148480,6,10011426482
7683,116416385820,181548,116416567368,1,0,1,46080,1,6040601092
7684,116416445222,269841,116416715063,8,0,1,100864,8,6059443593
7685,116416507415,107555,116416614970,1,0,1,7680,1,4887620968
7686,116416524435,209836,116416734271,1,0,0,8704,1,6204454806
7687,116416525837,297755,116416823592,6,0,1,264704,6,10574004226
7688,116416703404,3383,116416706787,6,0,1,445952,6,5439438328
7689,116416709744,229450,116416939194,0,0,1,512,0,1194426606
7690,116416918877,414176,116417333053,1,0,0,9728,1,4235137075
7691,116416963275,72512,116417035787,6,0,1,1029120,6,1763018955
7692,116417045639,812986,116417858625,2,0,0,512,2,9086729949
7693,116417110178,667186,116417777364,2,0,1,3584,2,2593997533
7694,116417207169,584090,116417791259,8,0,1,45568,8,3681500587
7695,116417217894,576964,116417794858,2,0,1,11776,2,899780731
7696,116417339283,451663,116417790946,7,0,1,5632,7,8558430092
7697,116417355382,469489,116417824871,4,0,1,39936,4,1215780153
7698,116417423046,386205,116417809251,7,0,1,1536,7,9445570213
7699,116417529713,282489,116417812202,2,0,0,3072,2,10438306647
7700,116417737329,77800,116417815129,1,0,0,12800,1,9038992651
7701,116417785659,31416,116417817075,1,0,0,3072,1,5588451993
7702,116417876347,155566,116418031913,4,0,1,57344,4,9789989976
7703,116418023427,3418,116418026845,6,0,1,369664,6,6575091179
7704,116418039239,310774,116418350013,2,0,0,3584,2,2205867728
7705,116418076271,68220,116418144491,1,0,1,529408,1,9337083640
7706,116418117145,220240,116418337385,8,0,1,7680,8,2935273971
7707,116418173356,358158,116418531514,2,0,1,26624,2,8977307361
7708,116418240591,570284,116418810875,2,0,1,512,2,10719770238
7709,116418268464,481338,116418749802,1,0,0,2560,1,2762349084
7710,116418365659,297626,116418663285,8,0,1,28160,8,2381908981
7711,116418495244,1038,116418496282,2,0,1,46080,2,7010556141
7712,116418528984,237790,116418766774,4,0,1,17920,4,7725807816
7713,116418635714,165541,116418801255,7,0,1,46592,7,6613354489
7714,116418744076,322585,116419066661,1,0,0,1024,1,10434631574
7715,116418927153,2466,116418929619,2,0,0,2560,2,624607433
7716,116418932288,2942,116418935230,1,0,1,414208,1,4310104241
7717,116419020287,6274,116419026561,1,0,0,3072,1,369555549
7718,116419189305,1038,116419190343,1,0,0,6656,1,6773823775
7719,116419208440,404726,116419613166,2,0,0,1024,2,6063385060
7720,116419310559,27502,116419338061,2,0,0,1024,2,6819733501
7721,116419326532,108255,116419434787,5,0,1,20992,5,3843072669
7722,116419343591,104932,116419448523,2,0,1,44544,2,9923019827
7723,116419467888,193864,116419661752,1,0,1,175104,1,5487007895
7724,116419992190,108364,116420100554,8,0,1,55808,8,8746401367
7725,116420057282,99628,116420156910,7,0,1,27136,7,1900431084
7726,116420214629,50668,116420265297,5,0,1,2560,5,5843915524
7727,116420283344,4848,116420288192,2,0,0,5120,2,4801560980
7728,116420288165,4846,116420293011,1,0,1,1150464,1,3221959238
7729,116420313223,4846,116420318069,7,0,1,71680,7,10440262184
7730,116420394258,1038,116420395296,1,0,1,185856,1,5098744125
7731,116420478703,52360,116420531063,2,0,0,5120,2,919792894
7732,116420527983,974722,116421502705,1,0,0,5120,1,10373641683
7733,116420536074,925268,116421461342,1,0,0,1024,1,9038817085
7734,116420859984,1028162,116421888146,5,0,1,3072,5,365449001
7735,116420989399,419571,116421408970,0,0,1,18944,0,8851678369
7736,116421308001,1514,116421309515,2,0,1,72704,2,9482207447
7737,116421341354,545564,116421886918,6,0,1,647680,6,4574450277
7738,116421534188,601080,116422135268,1,0,0,1536,1,3894952580
7739,116421674575,248245,116421922820,4,0,1,45056,4,2128486644
7740,116421949848,562,116421950410,1,0,0,512,1,7642880880
7741,116422021694,11787,116422033481,0,0,1,34816,0,5124524429
7742,116422060149,101968,116422162117,1,0,0,19456,1,8978709677
7743,116422068227,92726,116422160953,7,0,1,8704,7,4250329486
7744,116422155666,45592,116422201258,0,0,1,1024,0,4606241109
7745,116422486490,5322,116422491812,2,0,0,5632,2,6465726274
7746,116422526273,1038,116422527311,2,0,0,1024,2,7385918365
7747,116422566135,306538,116422872673,1,0,1,316928,1,9228088459
7748,116422661223,149924,116422811147,2,0,1,22016,2,628442339
7749,116422725880,122370,116422848250,8,0,1,10240,8,9616072695
7750,116422758601,226467,116422985068,2,0,1,16896,2,35938842
7751,116422826833,62806,116422889639,2,0,0,2048,2,10481617206
7752,116422890623,76048,116422966671,2,0,1,10240,2,9668301479
7753,116422937156,1990,116422939146,8,0,1,29184,8,2571803471
7754,116422982552,100252,116423082804,2,0,0,2048,2,5891998518
7755,116423006582,54052,116423060634,8,0,1,3584,8,7654784644
7756,116423059415,100542,116423159957,4,0,1,29184,4,9814106422
7757,116423364081,79273,116423443354,4,0,1,43520,4,7048146126
7758,116423367952,104620,116423472572,8,0,1,17920,8,2551301088
7759,116423368579,140565,116423509144,4,0,1,12800,4,6165483833
7760,116423476739,54052,116423530791,7,0,1,24576,7,4934591668
7761,116423492408,114517,116423606925,0,0,1,3584,0,1045828973
7762,116423495882,280444,116423776326,6,0,1,242688,6,5908873254
7763,116423576551,217882,116423794433,1,0,1,59392,1,4540484952
7764,116423791624,63621,116423855245,7,0,1,5632,7,2274523853
7765,116423811644,125212,116423936856,1,0,1,111104,1,8413166707
7766,116424151147,43900,116424195047,0,0,1,512,0,4753203399
7767,116424191532,7226,116424198758,6,0,1,701952,6,7948531645
7768,116424445115,79925,116424525040,5,0,1,1024,5,8816454276
7769,116424467805,572842,116425040647,2,0,0,7680,2,2265669099
7770,116424515925,252524,116424768449,8,0,1,13312,8,3204534274
7771,116424626690,145101,116424771791,2,0,0,9728,2,10224517374
7772,116424798056,103060,116424901116,7,0,1,38400,7,770908699
7773,116424902571,581134,116425483705,6,0,1,734208,6,372383219
7774,116425039965,446715,116425486680,0,0,1,9728,0,8016292679
7775,116425334961,207455,116425542416,1,0,1,4096,1,10165086878
7776,116425336744,245417,116425582161,7,0,1,23552,7,6883320909
7777,116425637006,94864,116425731870,2,0,1,26624,2,3021430088
7778,116425791225,48976,116425840201,0,0,1,2048,0,1624217997
7779,116425933490,209776,116426143266,1,0,1,227328,1,9550955742
7780,116426062105,89609,116426151714,8,0,1,15872,8,6916386057
7781,116426111793,108605,116426220398,5,0,1,13824,5,2764294744
7782,116426167957,55744,116426223701,2,0,1,4096,2,10448248766
7783,116426233731,96712,116426330443,3,0,1,27648,3,5501134144
7784,116426403115,387796,116426790911,6,0,1,488960,6,8973769037
7785,116426426752,364326,116426791078,5,0,1,512,5,1860821719
7786,116426427883,324997,116426752880,5,0,1,78848,5,9535601411
7787,116426471627,554605,116427026232,1,0,1,1320448,1,3963004528
7788,116426611786,611662,116427223448,6,0,1,168960,6,2909954780
7789,116426690602,539637,116427230239,4,0,1,27136,4,6930282490
7790,116426844224,7226,116426851450,8,0,1,4608,8,3445135010
7791,116426861237,1490763,116428352000,1,0,1,931328,1,1584032939
7792,116427480031,1384936,116428864967,1,0,0,7680,1,7775003962
7793,116427657225,633419,116428290644,1,0,1,145920,1,5282157124
7794,116428329698,196705,116428526403,6,0,1,833024,6,2728303764
7795,116428507058,660394,116429167452,2,0,1,4608,2,8276739487
7796,116428530125,484449,116429014574,5,0,1,8192,5,4111879225
7797,116428606893,401317,116429008210,2,0,1,54784,2,4120072688
7798,116428846287,111546,116428957833,5,0,1,23552,5,9302004664
7799,116428955916,260451,116429216367,2,0,1,512,2,9964783845
7800,116429092825,80080,116429172905,5,0,1,18432,5,8895250535
7801,116429506161,109300,116429615461,4,0,1,58880,4,2447138468
7802,116429569728,562,116429570290,5,0,1,39424,5,1281160224
7803,116429634099,103372,116429737471,2,0,1,6656,2,3326393430
7804,116429637360,84997,116429722357,1,0,0,512,1,1449737588
7805,116429997766,123964,116430121730,5,0,1,107008,5,8715861854
7806,116430056682,31965,116430088647,5,0,1,1206784,5,5844442960
7807,116430069040,219322,116430288362,0,0,1,21504,0,10072136153
7808,116430094127,3418,116430097545,2,0,0,4608,2,4975400537
7809,116430143241,562,116430143803,4,0,1,15360,4,2151813348
7810,116430154975,410491,116430565466,2,0,1,4608,2,7137588198
7811,116430181543,115581,116430297124,2,0,1,7680,2,6069434784
7812,116430332904,981279,116431314183,2,0,0,3584,2,2625449174
7813,116430535688,899411,116431435099,2,0,0,512,2,2105822434
7814,116430545423,889092,116431434515,7,0,1,1024,7,164280479
7815,116430651164,396346,116431047510,2,0,1,11264,2,8887733767
7816,116430906381,529697,116431436078,5,0,1,491520,5,7767711364
7817,116431053714,395339,116431449053,8,0,1,42496,8,1760942971
7818,116431091494,401874,116431493368,5,0,1,145408,5,8832136216
7819,116431136860,366199,116431503059,2,0,1,31744,2,6010237653
7820,116431313173,118828,116431432001,1,0,1,63488,1,4659482750
7821,116431385252,233601,116431618853,2,0,0,17408,2,2437793562
7822,116431495092,3383,116431498475,2,0,1,8192,2,8189105945
7823,116431574559,113124,116431687683,1,0,0,9728,1,2793015725
7824,116431623014,191368,116431814382,5,0,1,166912,5,8818490067
7825,116431820329,70216,116431890545,5,0,1,11264,5,656139962
7826,116432041977,128644,116432170621,2,0,1,122368,2,1531439628
7827,116432046268,128420,116432174688,8,0,1,13312,8,9212190131
7828,116432215425,213520,116432428945,1,0,1,239616,1,6812232997
7829,116432405205,89496,116432494701,0,0,1,11776,0,809117046
7830,116432425509,111661,116432537170,8,0,1,55296,8,3304776702
7831,116433021544,1990,116433023534,1,0,0,2048,1,10430785716
7832,116433029229,252276,116433281505,5,0,1,201728,5,9394328298
7833,116433034121,260811,116433294932,0,0,1,44032,0,3668262114
7834,116433407332,395908,116433803240,6,0,1,515584,6,7734263349
7835,116433602445,208622,116433811067,0,0,1,25600,0,2873748711
7836,116433649752,163264,116433813016,1,0,0,2048,1,9692985519
7837,116433698099,210714,116433908813,6,0,1,46592,6,5025726189
7838,116433875489,103528,116433979017,0,0,1,39936,0,1119827696
7839,116434044382,1990,116434046372,1,0,0,2048,1,10498181038
7840,116434195900,1038,116434196938,5,0,1,665600,5,3488603125
7841,116434266535,3641,116434270176,2,0,1,8704,2,35107212
7842,116434431933,551717,116434983650,2,0,0,1024,2,6370201841
7843,116434464025,483745,116434947770,1,0,0,10240,1,7066817828
7844,116434667764,562,116434668326,1,0,1,733184,1,6068923258
7845,116434776587,1038,116434777625,1,0,0,512,1,1268988802
7846,116434850833,2866,116434853699,1,0,0,1024,1,2624762985
7847,116434910961,1514,116434912475,7,0,1,63488,7,8643406679
7848,116434911775,832632,116435744407,5,0,1,339968,5,3834933421
7849,116434978174,692224,116435670398,5,0,1,381952,5,2442743663
7850,116435028047,712393,116435740440,7,0,1,51200,7,8591358778
7851,116435122607,858600,116435981207,2,0,0,8704,2,9064372991
7852,116435150460,824338,116435974798,1,0,0,1536,1,5273283030
7853,116435236568,11012,116435247580,5,0,1,1259520,5,3402873610
7854,116435399150,514841,116435913991,1,0,1,129024,1,1464246995
7855,116435512055,1234203,116436746258,8,0,1,24576,8,8837037400
7856,116435890529,1110944,116437001473,2,0,0,17920,2,3466299862
7857,116436221431,87971,116436309402,2,0,1,37888,2,9549226131
7858,116436307533,253246,116436560779,7,0,1,2560,7,8901368299
7859,116436423203,391559,116436814762,2,0,0,1024,2,946991330
7860,116436600201,45093,116436645294,7,0,1,512,7,2409611393
7861,116436795476,7702,116436803178,3,0,1,11264,3,8118536838
7862,116436832481,79432,116436911913,1,0,0,8192,1,1586795749
7863,116436878202,11787,116436889989,1,0,0,19456,1,5391143148
7864,116436881030,237156,116437118186,7,0,1,109056,7,7014238614
7865,116436908633,297998,116437206631,1,0,1,169472,1,2156267062
7866,116437133407,104297,116437237704,2,0,1,8704,2,7817006325
7867,116437140751,650387,116437791138,6,0,1,790528,6,4147128752
7868,116437611211,298555,116437909766,7,0,1,84480,7,2499963050
7869,116437717379,133020,116437850399,3,0,1,23552,3,2084016333
7870,116437760765,22745,116437783510,2,0,1,15872,2,2878001189
7871,116437784409,175713,116437960122,2,0,1,25088,2,10569548341
7872,116437872193,235605,116438107798,1,0,1,279040,1,760890712
7873,116437898284,306433,116438204717,2,0,0,10240,2,10263209838
7874,116437951310,261334,116438212644,6,0,1,56832,6,9736366987
7875,116437956771,284130,116438240901,3,0,1,129536,3,3818858263
7876,116438182562,53399,116438235961,2,0,0,512,2,8264030161
7877,116438260134,228844,116438488978,1,0,1,264704,1,3626059433
7878,116438407439,81550,116438488989,2,0,0,1536,2,10435842805
7879,116438803738,3418,116438807156,7,0,1,8704,7,5556116589
7880,116438829220,70972,116438900192,1,0,0,3584,1,10355296068
7881,116438963247,118816,116439082063,7,0,1,90112,7,5447741860
7882,116439258355,83284,116439341639,1,0,1,13824,1,9151879012
7883,116439302848,108751,116439411599,7,0,1,14336,7,3025504622
7884,116439325350,118517,116439443867,6,0,1,49664,6,2739789472
7885,116439637953,73756,116439711709,2,0,1,12800,2,1458622489
7886,116439769070,70972,116439840042,7,0,1,8704,7,4502685121
7887,116439989382,3894,116439993276,1,0,0,4096,1,8509006361
7888,116440070897,135678,116440206575,6,0,1,54272,6,2555586322
7889,116440251084,11012,116440262096,1,0,0,17920,1,9399559760
7890,116440527355,33758,116440561113,9,0,0,58880,9,8482932142
7891,116440766457,214924,116440981381,1,0,1,244224,1,3073606359
7892,116440844109,137307,116440981416,9,0,0,219648,9,2133666294
7893,116440856622,185245,116441041867,5,0,1,884736,5,3799136600
7894,116440893520,208194,116441101714,9,0,0,194560,9,5031532665
7895,116440916458,113316,116441029774,1,0,1,26112,1,6584035045
7896,116441001767,99743,116441101510,9,0,0,54784,9,8918598148
7897,116441017286,961494,116441978780,1,0,0,3072,1,5575598584
7898,116441221069,538969,116441760038,6,0,1,56320,6,7302177708
7899,116441282450,617521,116441899971,7,0,1,10752,7,2171913327
7900,116441408376,442986,116441851362,3,0,1,53248,3,3262084359
7901,116441409195,460040,116441869235,7,0,1,44544,7,4359983009
7902,116441513588,526336,116442039924,5,0,1,511488,5,2527501227
7903,116441564161,499338,116442063499,5,0,1,77312,5,21136122
7904,116441582895,484515,116442067410,2,0,1,12800,2,3746873648
7905,116441655211,424386,116442079597,3,0,1,39936,3,10567426172
7906,116441903145,1990,116441905135,1,0,1,506880,1,1484004668
7907,116441987146,530027,116442517173,5,0,1,343040,5,10334515780
7908,116442111974,83220,116442195194,0,0,1,19456,0,7743430474
7909,116442130471,28871,116442159342,2,0,0,2048,2,10216763910
7910,116442293576,587254,116442880830,2,0,1,1024,2,9049422308
7911,116442352452,468373,116442820825,1,0,0,2560,1,8174491514
7912,116442407787,287094,116442694881,2,0,0,1536,2,8367554909
7913,116442490646,94353,116442584999,2,0,0,4608,2,205479608
7914,116442699851,87484,116442787335,9,0,0,146944,9,8988316605
7915,116442735221,337609,116443072830,9,0,0,535552,9,665800258
7916,116442840465,198346,116443038811,3,0,1,67584,3,4860566065
7917,116442875470,378919,116443254389,1,0,0,1536,1,9837435657
7918,116443194893,84848,116443279741,2,0,1,6144,2,10197266489
7919,116443315287,93016,116443408303,0,0,1,25600,0,6641458663
7920,116443465793,1990,116443467783,1,0,0,2048,1,6209417344
7921,116443478045,203692,116443681737,1,0,1,207360,1,2771896525
7922,116443624794,164051,116443788845,7,0,1,51712,7,7258198121
7923,116443799895,116567,116443916462,9,0,0,193536,9,9761248910
7924,116443928739,6274,116443935013,1,0,0,6656,1,3452758987
7925,116444218147,216096,116444434243,1,0,1,907776,1,6670480557
7926,116444249156,204829,116444453985,3,0,1,84992,3,9926193199
7927,116444373870,749560,116445123430,2,0,0,350720,2,9413561827
7928,116444390629,559899,116444950528,2,0,0,26112,2,2142796542
7929,116444395042,748689,116445143731,5,0,1,560128,5,969038560
7930,116444412039,809139,116445221178,0,0,1,13824,0,6433606221
7931,116444748608,461832,116445210440,0,0,1,20480,0,7819615591
7932,116444858895,324035,116445182930,5,0,1,119808,5,9468157425
7933,116444891260,392923,116445284183,3,0,1,15872,3,3065262019
7934,116444894005,362660,116445256665,3,0,1,15872,3,5565004879
7935,116445111957,168035,116445279992,9,0,0,105984,9,7685764482
7936,116445170411,325463,116445495874,5,0,1,302080,5,1063333222
7937,116445230280,269209,116445499489,7,0,1,11776,7,3325038518
7938,116445384444,123644,116445508088,2,0,1,28160,2,808020552
7939,116445416485,53592,116445470077,1,0,1,1055232,1,5290148383
7940,116445427658,332281,116445759939,2,0,1,54272,2,8770273563
7941,116445455017,629908,116446084925,1,0,0,512,1,8042638123
7942,116445577297,304895,116445882192,3,0,1,74752,3,75719977
7943,116445656393,328791,116445985184,0,0,1,4608,0,1704455702
7944,116445737559,1141817,116446879376,1,0,1,650752,1,881011063
7945,116445762890,1003792,116446766682,8,0,1,24576,8,805521352
7946,116445835982,825714,116446661696,2,0,0,493568,2,6741399920
7947,116445894470,430590,116446325060,9,0,0,263168,9,1423211396
7948,116445953143,488419,116446441562,0,0,1,16896,0,4228887162
7949,116446031764,564829,116446596593,2,0,1,7680,2,9059012659
7950,116446105823,667890,116446773713,2,0,1,18432,2,741968012
7951,116446158025,1102610,116447260635,2,0,0,331776,2,10222996177
7952,116446176751,705549,116446882300,3,0,1,41984,3,10576703949
7953,116446226052,691631,116446917683,5,0,1,108544,5,3969071068
7954,116446701930,165953,116446867883,5,0,1,356352,5,7787685176
7955,116446888022,46957,116446934979,9,0,0,225280,9,4472501431
7956,116447007274,501179,116447508453,1,0,0,9216,1,10318312733
7957,116447203742,64133,116447267875,1,0,0,108032,1,8179346801
7958,116447265747,43196,116447308943,9,0,0,70656,9,8525295854
7959,116447277758,66975,116447344733,0,0,1,13824,0,2430867611
7960,116447302508,112015,116447414523,5,0,1,2560,5,8576873766
7961,116447310310,46208,116447356518,2,0,0,113664,2,1245335249
7962,116447405097,777468,116448182565,1,0,1,847360,1,1322148888
7963,116447426932,880848,116448307780,7,0,1,50176,7,7949356069
7964,116447468166,636505,116448104671,5,0,1,155136,5,3946677591
7965,116447537473,592757,116448130230,0,0,1,21504,0,1819836525
7966,116447575886,465784,116448041670,7,0,1,95232,7,6040024599
7967,116447619018,811388,116448430406,7,0,1,60416,7,1566675575
7968,116447628381,637721,116448266102,7,0,1,28672,7,7008013234
7969,116447757237,725829,116448483066,3,0,1,6144,3,9009404486
7970,116447760711,388783,116448149494,9,0,0,79872,9,5056797281
7971,116447885520,877386,116448762906,0,0,1,98304,0,1546151441
7972,116447909482,489995,116448399477,6,0,1,114688,6,6765859254
7973,116447939777,435749,116448375526,2,0,0,15872,2,5556499701
7974,116448129201,247584,116448376785,3,0,1,4096,3,2788694702
7975,116448423331,219604,116448642935,1,0,1,259584,1,4600072695
7976,116448495868,164455,116448660323,3,0,1,22016,3,7209317649
7977,116448834715,77764,116448912479,0,0,1,15872,0,6222552562
7978,116448896513,21395,116448917908,2,0,0,34816,2,2675254614
7979,116449066558,23891,116449090449,1,0,0,43008,1,2947021410
7980,116449078133,473584,116449551717,1,0,1,391168,1,5943768149
7981,116449092662,377470,116449470132,6,0,1,495104,6,9038452490
7982,116449135550,707641,116449843191,1,0,1,104448,1,3043719582
7983,116449164085,642001,116449806086,8,0,1,18944,8,2373439640
7984,116449175662,753747,116449929409,8,0,1,4608,8,2233572576
7985,116449200426,114214,116449314640,1,0,1,831488,1,9715849558
7986,116449376373,236820,116449613193,1,0,1,148992,1,9127770814
7987,116449766312,1056653,116450822965,7,0,1,2560,7,70911701
7988,116449888127,926121,116450814248,0,0,1,25600,0,1721644280
7989,116450070087,6274,116450076361,1,0,1,630784,1,5317684710
7990,116450209553,709300,116450918853,8,0,1,86528,8,6872132585
7991,116450305872,205740,116450511612,6,0,1,1536,6,6680100066
7992,116450409542,707947,116451117489,7,0,1,31232,7,949777321
7993,116450460246,948624,116451408870,4,0,0,6656,4,10055057607
7994,116450500339,802791,116451303130,5,0,1,1081856,5,7231367235
7995,116450647743,1050519,116451698262,3,0,1,5120,3,7495330360
7996,116450747968,566072,116451314040,1,0,0,282624,1,5732922218
7997,116450909384,468269,116451377653,8,0,1,27648,8,10523609302
7998,116450918032,422642,116451340674,7,0,1,78848,7,3760740693
7999,116450962187,1300948,116452263135,1,0,1,108032,1,598112582
8000,116451015846,581241,116451597087,8,0,0,305664,8,6962391810
8001,116451061484,642495,116451703979,1,0,0,98304,1,9872745274
8002,116451156973,271691,116451428664,8,0,1,11776,8,10663360073
8003,116451393731,607689,116452001420,6,0,1,1217024,6,5342555631
8004,116451416188,31262,116451447450,2,0,0,224768,2,850742871
8005,116451544621,594290,116452138911,1,0,1,66048,1,391614872
8006,116451553902,1152693,116452706595,7,0,1,26112,7,6417106456
8007,116451612094,1021938,116452634032,2,0,1,36352,2,6571643859
8008,116452015052,965568,116452980620,9,0,0,50688,9,1584521350
8009,116452152482,432991,116452585473,0,0,1,25600,0,1086645745
8010,116452250664,331476,116452582140,1,0,1,381952,1,5113407869
8011,116452266827,113349,116452380176,2,0,0,21504,2,212931450
8012,116452363365,623463,116452986828,3,0,1,36864,3,10701735956
8013,116452499847,522005,116453021852,1,0,0,34304,1,1676963251
8014,116452576464,335461,116452911925,1,0,1,87040,1,4215424334
8015,116452676990,239946,116452916936,2,0,1,16384,2,9134544897
8016,116452825557,144469,116452970026,8,0,1,56832,8,9777467225
8017,116452826985,183462,116453010447,6,0,1,58880,6,1219420581
8018,116452854795,273251,116453128046,2,0,1,35840,2,3094247383
8019,116452876036,289774,116453165810,0,0,1,512,0,7763596774
8020,116452967092,283384,116453250476,5,0,1,214528,5,3805081488
8021,116453227609,90759,116453318368,0,0,1,8704,0,6433809947
8022,116453511319,278894,116453790213,5,0,1,773120,5,4829168849
8023,116453682405,685551,116454367956,1,0,1,75776,1,3693893133
8024,116453759135,439938,116454199073,3,0,1,7168,3,4276982188
8025,116453904278,294806,116454199084,2,0,0,132096,2,6761773529
8026,116453933765,299394,116454233159,9,0,0,59392,9,8289944767
8027,116454075488,158017,116454233505,1,0,0,512,1,5117264162
8028,116454077617,83315,116454160932,5,0,1,204288,5,1789526223
8029,116454149663,61618,116454211281,3,0,1,512,3,5721176556
8030,116454196234,324240,116454520474,2,0,0,100864,2,942570012
8031,116454219237,252361,116454471598,2,0,0,2048,2,9127272248
8032,116454275402,237762,116454513164,1,0,1,174080,1,2075657022
8033,116454400041,164393,116454564434,8,0,1,28672,8,5528621386
8034,116454461030,97000,116454558030,1,0,1,882688,1,1696807175
8035,116454514124,884805,116455398929,8,0,1,23552,8,8807434253
8036,116454759761,728053,116455487814,1,0,1,465920,1,1111558810
8037,116454858743,629550,116455488293,3,0,1,1536,3,6042260255
8038,116454937250,510611,116455447861,5,0,1,581632,5,6376387335
8039,116455077414,828002,116455905416,1,0,1,197120,1,7207606335
8040,116455679540,554290,116456233830,6,0,1,546304,6,10262622943
8041,116455802346,442103,116456244449,8,0,1,34816,8,10371376817
8042,116456498693,212584,116456711277,1,0,1,236544,1,9570530093
8043,116456595396,116984,116456712380,7,0,1,3584,7,9750809554
8044,116456796221,104116,116456900337,1,0,0,172544,1,6743204230
8045,116457063768,16350,116457080118,6,0,0,31744,6,9774234892
8046,116457113310,64357,116457177667,7,0,1,4608,7,1125704691
8047,116457407304,1990,116457409294,5,0,1,705536,5,8767000826
8048,116457458605,1038,116457459643,5,0,1,4096,5,9886926166
8049,116457535133,237886,116457773019,6,0,0,2048,6,9377857511
8050,116457556519,648004,116458204523,3,0,1,19456,3,6404366683
8051,116457558983,597970,116458156953,0,0,1,140800,0,189446915
8052,116457609956,540511,116458150467,1,0,0,1024,1,1159877471
8053,116457869925,173262,116458043187,8,0,1,20480,8,4449907924
8054,116457875668,279903,116458155571,1,0,1,136192,1,8850224292
8055,116457920048,5322,116457925370,5,0,1,160256,5,4979945037
8056,116457959748,358568,116458318316,1,0,0,58368,1,6709573009
8057,116458153434,2466,116458155900,2,0,0,5632,2,1274890477
8058,116458247435,148850,116458396285,7,0,1,44544,7,10674918052
8059,116458299234,558042,116458857276,6,0,0,2560,6,6252861868
8060,116458536021,1514,116458537535,2,0,0,1536,2,5453276653
8061,116458549183,131482,116458680665,5,0,1,108032,5,7188212421
8062,116458600342,4846,116458605188,6,0,1,5120,6,7860037582
8063,116458611601,285237,116458896838,7,0,1,36864,7,2053918051
8064,116458660992,245239,116458906231,1,0,1,216064,1,907434022
8065,116458689240,255305,116458944545,8,0,1,3584,8,5826367876
8066,116458764652,228160,116458992812,2,0,0,5120,2,8771311298
8067,116458765652,188115,116458953767,3,0,1,75776,3,9955346493
8068,116458820380,146845,116458967225,3,0,1,23040,3,4838230526
8069,116458847782,163889,116459011671,8,0,1,39424,8,760659085
8070,116458887100,164875,116459051975,2,0,1,73216,2,5047222230
8071,116458887671,175859,116459063530,8,0,1,37888,8,6374460828
8072,116458897579,203084,116459100663,8,0,1,18944,8,1297009058
8073,116459129116,77740,116459206856,8,0,1,10752,8,4306156999
8074,116459208648,98536,116459307184,8,0,1,23552,8,1657140733
8075,116459322213,3124,116459325337,6,0,0,9216,6,4674704253
8076,116459349332,1514,116459350846,6,0,0,1536,6,1007531255
8077,116459517389,51770,116459569159,6,0,1,879616,6,3003100987
8078,116459596167,723742,116460319909,6,0,1,285184,6,1064930245
8079,116459702630,512660,116460215290,3,0,1,14848,3,5136745833
8080,116459745798,749202,116460495000,3,0,1,56832,3,1477066389
8081,116459868381,647274,116460515655,9,0,0,83968,9,7041868786
8082,116460117973,246310,116460364283,6,0,1,47104,6,3092139841
8083,116460220418,421099,116460641517,9,0,0,453120,9,1506422559
8084,116460231621,2466,116460234087,5,0,1,1396736,5,3239619123
8085,116460377880,1291241,116461669121,6,0,1,67584,6,2488134395
8086,116460567051,973302,116461540353,3,0,1,57344,3,1653751576
8087,116460664105,1183076,116461847181,8,0,1,33792,8,1088193220
8088,116460717411,614259,116461331670,5,0,1,886784,5,414874003
8089,116460767019,847179,116461614198,2,0,1,116736,2,3224328387
8090,116460897254,395304,116461292558,2,0,0,2560,2,10000963149
8091,116460964352,980884,116461945236,2,0,1,57856,2,7426886611
8092,116460997666,701328,116461698994,8,0,1,70656,8,725370440
8093,116461006890,1251786,116462258676,3,0,1,28672,3,265977353
8094,116461218905,971054,116462189959,1,0,0,12800,1,9244286454
8095,116461331798,655673,116461987471,8,0,1,31232,8,6998424360
8096,116461375522,621788,116461997310,2,0,1,32256,2,2412434560
8097,116461583661,464672,116462048333,1,0,1,167424,1,2156378131
8098,116461940620,71624,116462012244,7,0,1,26112,7,8259952716
8099,116461977781,26045,116462003826,2,0,0,1024,2,3555796503
8100,116462023706,562,116462024268,6,0,0,512,6,3187018492
8101,116462057279,207021,116462264300,2,0,1,38912,2,7448134144
8102,116462074523,103216,116462177739,0,0,1,30720,0,1296728446
8103,116462132286,120944,116462253230,2,0,0,512,2,3123195701
8104,116462218531,2466,116462220997,8,0,1,92160,8,10512827236
8105,116462274422,119440,116462393862,1,0,1,13312,1,574457120
8106,116462289693,121617,116462411310,2,0,0,2560,2,2165817364
8107,116462381240,96508,116462477748,7,0,1,16896,7,1201711808
8108,116462489053,3124,116462492177,6,0,1,297472,6,6281638305
8109,116462617471,280300,116462897771,2,0,1,66560,2,4202984893
8110,116462620509,172173,116462792682,6,0,0,9216,6,4543976578
8111,116462828609,1514,116462830123,2,0,1,8704,2,7905426738
8112,116462884691,61756,116462946447,2,0,0,1536,2,8357102658
8113,116462986519,48976,116463035495,2,0,1,2048,2,3442805865
8114,116463005655,59284,116463064939,3,0,1,5632,3,675886143
8115,116463377951,85288,116463463239,7,0,1,15360,7,7972566020
8116,116463378061,201506,116463579567,5,0,1,190464,5,4927860067
8117,116463406435,151330,116463557765,7,0,1,126464,7,6348892690
8118,116463411906,2466,116463414372,2,0,1,59392,2,9224569211
8119,116463428256,259958,116463688214,9,0,0,203264,9,3520540104
8120,116463529229,272594,116463801823,7,0,1,52224,7,6970206184
8121,116463614631,291054,116463905685,2,0,0,2560,2,3849171809
8122,116463756394,64524,116463820918,7,0,1,2048,7,2111859871
8123,116463990683,195424,116464186107,8,0,1,180224,8,4855416448
8124,116464071717,98531,116464170248,7,0,1,86528,7,3840976894
8125,116464094615,59976,116464154591,3,0,1,23040,3,9310839808
8126,116464137023,203940,116464340963,6,0,0,4096,6,525415085
8127,116464276240,562,116464276802,6,0,1,212992,6,3763045017
8128,116464371121,225718,116464596839,2,0,0,512,2,5086698791
8129,116464377208,124761,116464501969,1,0,0,108032,1,7011586703
8130,116464554106,11787,116464565893,1,0,0,19456,1,7537834850
8131,116464689953,390975,116465080928,9,0,0,637952,9,469136731
8132,116464761548,245756,116465007304,1,0,1,519168,1,1922572733
8133,116464840766,2942,116464843708,1,0,0,18432,1,6487846590
8134,116464887985,30745,116464918730,8,0,1,36352,8,2717531639
8135,116464926804,64133,116464990937,9,0,1,29696,9,8875571296
8136,116465123429,417183,116465540612,1,0,1,370176,1,9205625011
8137,116465223397,740634,116465964031,6,0,0,3072,6,7500976595
8138,116465227752,181310,116465409062,9,0,0,49664,9,4156554577
8139,116465250946,825079,116466076025,1,0,0,108032,1,10135341292
8140,116465300855,883689,116466184544,8,0,1,17408,8,7495977261
8141,116465320883,715548,116466036431,1,0,0,94208,1,7789718774
8142,116465388374,546356,116465934730,3,0,1,49664,3,7691763151
8143,116465396274,459517,116465855791,6,0,1,1318400,6,1074352419
8144,116465523591,614023,116466137614,5,0,1,309248,5,7293292870
8145,116465535698,97350,116465633048,0,0,1,9728,0,9231354285
8146,116465608375,828030,116466436405,3,0,1,46080,3,3697487014
8147,116465609744,1199207,116466808951,8,0,1,10752,8,2557114813
8148,116465725505,1598758,116467324263,2,0,1,5120,2,1316129027
8149,116465757093,651951,116466409044,6,0,1,642560,6,10194427946
8150,116466122183,1571935,116467694118,1,0,1,282624,1,6646341028
8151,116466160603,1534232,116467694835,9,0,0,162816,9,1196663597
8152,116466303703,950359,116467254062,6,0,1,165376,6,6985382217
8153,116466321211,1262304,116467583515,1,0,1,202752,1,6669506607
8154,116466347997,1131191,116467479188,7,0,1,23040,7,6064077052
8155,116466349332,1175470,116467524802,7,0,1,20480,7,5205976786
8156,116466663519,716438,116467379957,9,0,0,70144,9,6713417702
8157,116466789770,842748,116467632518,8,0,1,31232,8,6810482561
8158,116466945076,668226,116467613302,5,0,1,351232,5,2516939912
8159,116467188364,407525,116467595889,5,0,1,311808,5,3624736875
8160,116467211888,404070,116467615958,2,0,1,19968,2,9633249744
8161,116467247902,197308,116467445210,8,0,1,3072,8,8360831424
8162,116467262770,866147,116468128917,1,0,0,87552,1,5492426843
8163,116467299350,1100019,116468399369,6,0,1,80384,6,9577449329
8164,116467410790,1347232,116468758022,1,0,1,1304064,1,2685388206
8165,116467485527,638256,116468123783,7,0,1,9216,7,6876148887
8166,116467515581,698327,116468213908,6,0,1,466944,6,8298408506
8167,116467762392,1694671,116469457063,3,0,1,9216,3,1915297190
8168,116467843909,1400327,116469244236,9,0,0,324096,9,4967758163
8169,116468089693,1512572,116469602265,3,0,1,94720,3,7104659891
8170,116468120885,921624,116469042509,3,0,1,3584,3,93520512
8171,116468127444,1289495,116469416939,3,0,1,68608,3,358679510
8172,116468213353,852273,116469065626,5,0,1,45056,5,8811511691
8173,116468383827,554649,116468938476,9,0,0,1207296,9,3918622746
8174,116468412840,664072,116469076912,8,0,1,15872,8,5980466584
8175,116468517416,416969,116468934385,8,0,1,20992,8,9159626442
8176,116468588761,428907,116469017668,6,0,0,3584,6,7469388882
8177,116468663706,851817,116469515523,7,0,1,12288,7,3010889410
8178,116468721087,735438,116469456525,0,0,1,17408,0,625000694
8179,116468766902,1425066,116470191968,8,0,1,11264,8,8256291815
8180,116468778015,1222398,116470000413,5,0,1,45056,5,5726639883
8181,116468992041,1108524,116470100565,1,0,0,252416,1,612407761
8182,116469051201,897496,116469948697,3,0,1,138752,3,9262253510
8183,116469107959,773678,116469881637,1,0,1,228864,1,3393031355
8184,116469282681,1045719,116470328400,8,0,1,46592,8,9899811837
8185,116469615892,45578,116469661470,7,0,1,33280,7,9076661236
8186,116469781071,2866,116469783937,6,0,1,632832,6,2144278506
8187,116470121858,642577,116470764435,9,0,0,26624,9,7612774183
8188,116470166198,562,116470166760,1,0,1,74752,1,2965293142
8189,116470177719,253452,116470431171,9,0,0,8704,9,8350884755
8190,116470193997,317183,116470511180,8,0,1,4608,8,9380866769
8191,116470282617,895137,116471177754,6,0,0,512,6,5332528031
8192,116470860681,84064,116470944745,0,0,1,16384,0,4565294422
8193,116470897619,112732,116471010351,0,0,1,70144,0,4103706993
8194,116471044203,1990,116471046193,6,0,0,2048,6,9530812071
8195,116471470346,1038,116471471384,6,0,0,1024,6,7668335532
8196,116471653756,107272,116471761028,5,0,1,52224,5,8632902436
8197,116471764469,100907,116471865376,5,0,1,27648,5,4804235537
8198,116471785902,75808,116471861710,5,0,1,126464,5,6652728283
8199,116471834047,12991,116471847038,1,0,0,127488,1,7811704214
8200,116471905563,179044,116472084607,1,0,0,25088,1,1590852673
8201,116472050438,1514,116472051952,5,0,1,7680,5,3574519510
8202,116472064738,58372,116472123110,6,0,0,1536,6,9323187580
8203,116472134452,103216,116472237668,8,0,1,38912,8,6277641197
8204,116472293142,143929,116472437071,1,0,0,233472,1,10505087526
8205,116472387057,205442,116472592499,9,0,1,18944,9,2352544491
8206,116472702008,52360,116472754368,8,0,1,3072,8,8450763029
8207,116472770125,236516,116473006641,1,0,0,387072,1,7587260106
8208,116472784735,391687,116473176422,0,0,1,62464,0,3832614810
8209,116472861176,374220,116473235396,6,0,1,184320,6,2630215983
8210,116473041215,267763,116473308978,8,0,1,36352,8,1402614701
8211,116473157314,279938,116473437252,1,0,1,229376,1,7809568824
8212,116473160961,284882,116473445843,6,0,1,28160,6,1476310505
8213,116473274227,181683,116473455910,6,0,1,143360,6,5986445205
8214,116473331365,287505,116473618870,1,0,1,144896,1,10267659460
8215,116473382780,178963,116473561743,1,0,0,126464,1,1603976060
8216,116473835529,110548,116473946077,9,0,1,62976,9,10628198941
8217,116473941076,264785,116474205861,1,0,1,280576,1,2698313777
8218,116474451463,68524,116474519987,0,0,1,10752,0,3600470896
8219,116474537296,131995,116474669291,9,0,0,213504,9,2922656521
8220,116474548001,182938,116474730939,1,0,0,196608,1,2339163173
8221,116474646819,229643,116474876462,8,0,1,4096,8,3490751326
8222,116474731753,227431,116474959184,8,0,1,47616,8,2066520900
8223,116474968217,266204,116475234421,1,0,0,431616,1,677835797
8224,116475059502,17210,116475076712,6,0,1,137728,6,5016069122
8225,116475219477,422094,116475641571,6,0,0,3584,6,2917507211
8226,116475353039,639745,116475992784,1,0,1,714240,1,7239724478
8227,116475704151,303784,116476007935,8,0,1,49664,8,359144545
8228,116475736074,271872,116476007946,1,0,0,203776,1,6062073010
8229,116475798567,212781,116476011348,6,0,0,3584,6,5134501504
8230,116475886521,192413,116476078934,0,0,1,13824,0,3125152148
8231,116476010470,7702,116476018172,1,0,1,244224,1,8405380772
8232,116476095912,270087,116476365999,9,0,0,8192,9,1974144140
8233,116476256314,150227,116476406541,1,0,1,113664,1,7878940976
8234,116476672537,3418,116476675955,1,0,1,333312,1,1931212461
8235,116476695879,291220,116476987099,0,0,1,15872,0,9656414728
8236,116476712092,201300,116476913392,6,0,0,3584,6,6373184555
8237,116476769176,281259,116477050435,5,0,1,22016,5,4484880932
8238,116476963524,201900,116477165424,1,0,1,178688,1,6057255181
8239,116477004909,200805,116477205714,4,0,1,82944,4,810446142
8240,116477306768,183484,116477490252,1,0,1,156160,1,56419299
8241,116477425671,3418,116477429089,4,0,1,13312,4,6351622594
8242,116477501826,1038,116477502864,6,0,0,3584,6,7036783713
8243,116477501933,103149,116477605082,4,0,1,103936,4,4721597340
8244,116477513174,167653,116477680827,6,0,0,1024,6,3820511213
8245,116477672579,108520,116477781099,1,0,1,56320,1,8123717878
8246,116477675134,154805,116477829939,0,0,1,55296,0,10173373
8247,116477765916,54613,116477820529,8,0,1,28160,8,398163185
8248,116477785277,125217,116477910494,9,0,0,89600,9,2168409538
8249,116477936050,131607,116478067657,1,0,1,64512,1,10666694879
8250,116477956641,2466,116477959107,3,0,1,70144,3,3626677421
8251,116478014463,182194,116478196657,9,0,1,3584,9,981751805
8252,116478091270,130546,116478221816,6,0,0,2560,6,5303417411
8253,116478136153,247416,116478383569,6,0,1,698880,6,9674109977
8254,116478261383,672360,116478933743,9,0,0,404992,9,9552304135
8255,116478514054,323650,116478837704,0,0,1,95744,0,9782166953
8256,116478752289,219865,116478972154,9,0,0,221696,9,5232998875
8257,116479116700,49444,116479166144,0,0,1,3584,0,7252841753
8258,116479128636,380464,116479509100,1,0,1,464896,1,8177746613
8259,116479133037,140946,116479273983,1,0,1,328192,1,1056841251
8260,116479369251,497569,116479866820,6,0,0,1024,6,3264864177
8261,116479386197,179160,116479565357,7,0,1,1024,7,5801216871
8262,116479451457,244743,116479696200,1,0,0,52736,1,4175666177
8263,116479481442,218659,116479700101,1,0,0,283136,1,6264340295
8264,116479525849,273820,116479799669,0,0,1,16896,0,4481904868
8265,116479674342,232935,116479907277,6,0,1,67072,6,4398253812
8266,116479765681,27042,116479792723,9,0,1,29696,9,5008522991
8267,116479880246,198785,116480079031,6,0,0,7680,6,9131364008
8268,116480064006,3641,116480067647,1,0,0,10240,1,1961203437
8269,116480157290,227942,116480385232,9,0,0,373760,9,9828089247
8270,116480212789,173429,116480386218,6,0,0,1536,6,7454419879
8271,116480724324,597844,116481322168,1,0,1,687104,1,560598656
8272,116480895923,368635,116481264558,6,0,1,227840,6,3666675627
8273,116480901324,349185,116481250509,1,0,1,232960,1,1834542735
8274,116480949973,501217,116481451190,9,0,1,12800,9,324257540
8275,116480959784,352411,116481312195,4,0,1,20480,4,7649117147
8276,116480982365,482238,116481464603,8,0,1,10240,8,7546245453
8277,116481075889,605743,116481681632,5,0,1,84480,5,10718460564
8278,116481255446,89623,116481345069,6,0,1,563712,6,3059860366
8279,116481347520,627121,116481974641,1,0,1,222720,1,6914016174
8280,116481379626,240907,116481620533,3,0,1,113664,3,618468198
8281,116481392864,505637,116481898501,9,0,1,41472,9,2565648927
8282,116481422401,272790,116481695191,8,0,1,3072,8,1758367655
8283,116481464605,478938,116481943543,9,0,0,85504,9,4703024778
8284,116481627594,609892,116482237486,4,0,1,6144,4,1292276178
8285,116481644947,709869,116482354816,4,0,1,10752,4,6050869759
8286,116481828969,422571,116482251540,9,0,0,571904,9,5866572483
8287,116481891407,360479,116482251886,6,0,0,512,6,3052446112
8288,116481970267,349321,116482319588,1,0,0,225792,1,9985797441
8289,116482295680,240638,116482536318,5,0,1,24576,5,7709978449
8290,116482324645,270007,116482594652,1,0,1,108032,1,7821196630
8291,116482349225,327514,116482676739,8,0,1,44032,8,5508818891
8292,116482538436,114514,116482652950,8,0,1,2560,8,7505186655
8293,116482577975,89740,116482667715,1,0,1,14848,1,5361987741
8294,116482597244,142399,116482739643,9,0,1,89600,9,10389117499
8295,116482707882,89409,116482797291,8,0,1,19456,8,5304336016
8296,116482762500,34363,116482796863,5,0,1,208896,5,7041483063
8297,116482799708,232971,116483032679,1,0,0,56832,1,4830261098
8298,116483041518,52672,116483094190,9,0,1,4096,9,4827912988
8299,116483044746,53579,116483098325,9,0,0,87552,9,9357372817
8300,116483308224,107272,116483415496,6,0,1,52224,6,5194000754
8301,116483443323,1990,116483445313,6,0,0,2048,6,9520979120
8302,116483567058,236516,116483803574,1,0,0,387072,1,868676427
8303,116483569654,277176,116483846830,2,0,1,6144,2,8413631869
8304,116483802319,73829,116483876148,6,0,1,583680,6,7992946066
8305,116483812179,296670,116484108849,0,0,0,120320,0,1540129135
8306,116483857071,568679,116484425750,3,0,1,44544,3,6419686175
8307,116483877240,527510,116484404750,0,0,1,22528,0,9704199261
8308,116483891152,498733,116484389885,0,0,0,811008,0,88441497
8309,116483947123,468991,116484416114,9,0,0,92672,9,2692894273
8310,116484107750,376373,116484484123,0,0,0,227328,0,3511898296
8311,116484180109,371716,116484551825,3,0,0,225792,3,9441948316
8312,116484232279,298815,116484531094,6,0,1,29696,6,203015833
8313,116484255916,7702,116484263618,6,0,0,4608,6,4545466044
8314,116484347598,457339,116484804937,5,0,1,512,5,10323524290
8315,116484613498,428197,116485041695,6,0,0,8192,6,10347809052
8316,116484645654,5322,116484650976,8,0,1,49152,8,4961005870
8317,116484817620,256753,116485074373,6,0,0,5632,6,2498199708
8318,116484980300,50668,116485030968,9,0,1,2560,9,1145375396
8319,116485266083,82552,116485348635,4,0,1,21504,4,6930465609
8320,116485297412,365197,116485662609,6,0,1,410624,6,2491739628
8321,116485380430,249202,116485629632,0,0,1,72192,0,3930013431
8322,116485389926,319329,116485709255,5,0,1,45056,5,4408838500
8323,116485393224,389653,116485782877,6,0,1,585728,6,1128248734
8324,116485428550,125916,116485554466,6,0,1,49664,6,5927070005
8325,116485750516,101044,116485851560,1,0,0,208384,1,6637381183
8326,116485790941,768712,116486559653,0,0,0,57856,0,6693756775
8327,116485920558,241413,116486161971,0,0,0,310272,0,9361362411
8328,116485959640,171612,116486131252,5,0,1,146944,5,8175085204
8329,116485995212,416629,116486411841,6,0,0,5120,6,2971940274
8330,116486009108,224274,116486233382,6,0,1,130048,6,8501774111
8331,116486214734,548337,116486763071,9,0,1,43520,9,10262478853
8332,116486352311,4933,116486357244,4,0,1,86016,4,4410852342
8333,116486369090,4416,116486373506,5,0,1,97792,5,4107539299
8334,116486418677,230218,116486648895,6,0,1,28672,6,3959848333
8335,116486467039,273216,116486740255,4,0,1,52736,4,3636712183
8336,116486511845,215605,116486727450,6,0,0,12800,6,1600794598
8337,116486518932,188003,116486706935,6,0,0,11776,6,10482787517
8338,116486582498,12821,116486595319,9,0,1,46592,9,8953838119
8339,116486696276,148577,116486844853,9,0,0,21504,9,518453583
8340,116486732302,75291,116486807593,0,0,0,126464,0,5988703496
8341,116486769872,193756,116486963628,9,0,0,311808,9,2799488309
8342,116486802688,176924,116486979612,3,0,1,6656,3,2796395206
8343,116487046666,117841,116487164507,3,0,1,10752,3,7927850145
8344,116487266105,33071,116487299176,9,0,0,54272,9,3872840086
8345,116487278871,2866,116487281737,6,0,1,24064,6,9723256732
8346,116487312898,153519,116487466417,6,0,0,8704,6,7170483266
8347,116487322802,249364,116487572166,1,0,1,173056,1,2921288784
8348,116487380579,191598,116487572177,0,0,0,299520,0,2726082472
8349,116487418255,206299,116487624554,6,0,1,79360,6,3451006125
8350,116487716509,459778,116488176287,1,0,1,412672,1,941511647
8351,116487911228,329262,116488240490,3,0,1,122368,3,1112762569
8352,116487913024,368353,116488281377,1,0,1,216576,1,6986749888
8353,116488338664,116308,116488454972,6,0,0,193024,6,7336914249
8354,116488340582,70262,116488410844,3,0,1,5632,3,3281729016
8355,116488358900,161091,116488519991,4,0,1,4608,4,7704956586
8356,116488410427,167379,116488577806,9,0,0,90112,9,6638671445
8357,116488461778,124040,116488585818,6,0,1,53760,6,6347842302
8358,116488645390,20362,116488665752,6,0,0,32768,6,6453064403
8359,116489084218,33758,116489117976,9,0,0,58880,9,2206667611
8360,116489201144,350080,116489551224,1,0,1,405504,1,10164900611
8361,116489283978,269597,116489553575,4,0,1,7680,4,8179680056
8362,116489460796,184196,116489644992,0,0,1,18944,0,4734041809
8363,116489547561,105398,116489652959,0,0,1,26112,0,9180647527
8364,116489560148,143676,116489703824,4,0,1,41984,4,5657829479
8365,116489854761,294971,116490149732,6,0,0,523776,6,3327113957
8366,116489862887,320359,116490183246,6,0,1,3584,6,7893252834
8367,116489863271,52287,116489915558,1,0,1,515584,1,9782132322
8368,116490175630,668156,116490843786,3,0,1,67072,3,496035023
8369,116490213601,376252,116490589853,6,0,0,84992,6,7851324668
8370,116490220400,28581,116490248981,6,0,1,84480,6,1548848352
8371,116490309289,377585,116490686874,9,0,1,37376,9,8156070428
8372,116490327365,276091,116490603456,9,0,1,17920,9,6336670669
8373,116490442600,70196,116490512796,5,0,1,41472,5,3278645041
8374,116490530536,343806,116490874342,6,0,0,7680,6,4110327008
8375,116490548943,81628,116490630571,6,0,0,109568,6,6786744632
8376,116490592813,230988,116490823801,4,0,1,16384,4,4216984717
8377,116490629882,413763,116491043645,0,0,0,132096,0,8841446111
8378,116490806381,380850,116491187231,1,0,0,621568,1,9501806685
8379,116490873369,385752,116491259121,3,0,1,77824,3,9273484447
8380,116490886520,360652,116491247172,1,0,1,335872,1,3471888357
8381,116490956466,104278,116491060744,5,0,1,7168,5,6560871918
8382,116490976102,621627,116491597729,9,0,0,478208,9,6664689524
8383,116491244330,611738,116491856068,6,0,0,48640,6,2743214861
8384,116491279263,351780,116491631043,4,0,1,43008,4,2153999828
8385,116491359206,394055,116491753261,1,0,1,693760,1,1944427067
8386,116491469278,489501,116491958779,0,0,1,28160,0,9335919706
8387,116491529980,352132,116491882112,5,0,1,13824,5,7844951976
8388,116491613552,845741,116492459293,9,0,1,76288,9,2075864541
8389,116491631150,614650,116492245800,1,0,1,80384,1,10109971601
8390,116491680645,554432,116492235077,9,0,1,22528,9,6087135486
8391,116491700128,539640,116492239768,4,0,1,15360,4,8671965983
8392,116491839206,404941,116492244147,4,0,1,14336,4,3323199835
8393,116492246751,441971,116492688722,6,0,1,530944,6,1837699930
8394,116492328231,360710,116492688941,9,0,1,42496,9,796765765
8395,116492329583,375021,116492704604,9,0,1,5120,9,2567445520
8396,116492335768,407437,116492743205,1,0,0,659968,1,3451133046
8397,116492629239,82404,116492711643,0,0,1,2048,0,9671571550
8398,116492733697,345680,116493079377,0,0,0,133632,0,3382345767
8399,116492772072,137918,116492909990,6,0,1,433152,6,9792200949
8400,116492786045,256894,116493042939,0,0,1,6656,0,3646203148
8401,116492871777,382867,116493254644,9,0,1,15360,9,5215240303
8402,116492886254,608538,116493494792,3,0,1,48128,3,804829910
8403,116493019192,43108,116493062300,5,0,1,26624,5,7592858282
8404,116493116688,731582,116493848270,1,0,1,785920,1,10347171333
8405,116493135449,837201,116493972650,6,0,1,185856,6,7980732337
8406,116493421884,777583,116494199467,9,0,1,100864,9,3819841722
8407,116493533297,521891,116494055188,1,0,0,73728,1,6680068149
8408,116493561471,605494,116494166965,6,0,1,466432,6,659563298
8409,116494097009,569561,116494666570,1,0,0,809472,1,1021204219
8410,116494152204,576628,116494728832,9,0,0,207872,9,6548598052
8411,116494408622,126480,116494535102,5,0,1,87040,5,7721524253
8412,116494644799,14025,116494658824,9,0,0,137728,9,8575586365
8413,116494648192,451957,116495100149,6,0,1,333312,6,5235259389
8414,116494650519,512724,116495163243,4,0,1,9728,4,5614866958
8415,116494806636,513380,116495320016,0,0,0,27136,0,619613759
8416,116494809222,487178,116495296400,1,0,1,220672,1,4251683080
8417,116494836697,490602,116495327299,6,0,1,101376,6,9222129458
8418,116495066109,282890,116495348999,1,0,0,303616,1,8750371686
8419,116495113548,298430,116495411978,9,0,0,203264,9,6296245500
8420,116495268360,113891,116495382251,0,0,1,66560,0,7885519513
8421,116495281428,188993,116495470421,5,0,1,10240,5,9915002453
8422,116495295256,145275,116495440531,5,0,1,1024,5,5349717518
8423,116495299713,354879,116495654592,0,0,0,2560,0,763745239
8424,116495330796,317518,116495648314,1,0,0,208896,1,9791694781
8425,116495403952,473401,116495877353,6,0,1,113664,6,1064348875
8426,116495495254,246518,116495741772,3,0,0,379392,3,7042881038
8427,116495532655,659010,116496191665,6,0,0,944128,6,10228729059
8428,116495658324,713560,116496371884,1,0,0,576000,1,7055347401
8429,116495814451,670558,116496485009,4,0,1,89088,4,6075231408
8430,116495982899,717870,116496700769,3,0,1,5632,3,5692275469
8431,116496034931,463248,116496498179,6,0,1,80384,6,3130738462
8432,116496064455,671098,116496735553,1,0,1,504832,1,939673504
8433,116496169529,504914,116496674443,6,0,1,215552,6,10192280765
8434,116496304526,864146,116497168672,1,0,1,45056,1,1031954785
8435,116496340404,312094,116496652498,3,0,1,15360,3,1748143263
8436,116496534962,967183,116497502145,3,0,0,475648,3,4799530169
8437,116496956907,176265,116497133172,5,0,1,26624,5,3098660457
8438,116496999861,183363,116497183224,0,0,1,7168,0,9335334519
8439,116497293719,108052,116497401771,3,0,1,54784,3,6007640386
8440,116497311631,127247,116497438878,5,0,1,24064,5,9592825852
8441,116497402086,53233,116497455319,1,0,1,15360,1,2667891266
8442,116497422418,91432,116497513850,6,0,0,90112,6,7257827927
8443,116497426338,124773,116497551111,4,0,1,32256,4,2452449728
8444,116497455459,117600,116497573059,6,0,1,311808,6,4557896048
8445,116497537035,328935,116497865970,1,0,0,195584,1,10654429305
8446,116497553732,199043,116497752775,0,0,1,59904,0,2071214049
8447,116497565308,296829,116497862137,7,0,1,12288,7,2777218307
8448,116497585362,342675,116497928037,3,0,0,231424,3,1187663031
8449,116497607566,148003,116497755569,5,0,1,19456,5,2922662715
8450,116497748415,117817,116497866232,3,0,0,157696,3,1175682539
8451,116497782459,374021,116498156480,0,0,0,68096,0,4298677709
8452,116497866045,114329,116497980374,1,0,1,136704,1,1924667162
8453,116497871928,124073,116497996001,3,0,0,185856,3,2089775529
8454,116497904221,286734,116498190955,6,0,0,143872,6,8800438401
8455,116497942262,192217,116498134479,0,0,1,64512,0,1589781936
8456,116497960573,197567,116498158140,3,0,0,282624,3,3302218713
8457,116497989713,401352,116498391065,4,0,1,8704,4,5254699886
8458,116498104301,380943,116498485244,1,0,0,324608,1,4213070048
8459,116498199676,36083,116498235759,1,0,1,61952,1,3312532489
8460,116498264251,405316,116498669567,3,0,1,6144,3,8652248352
8461,116498325703,134316,116498460019,3,0,1,9216,3,9921932606
8462,116498351439,342635,116498694074,6,0,1,781824,6,9007097716
8463,116498379246,483084,116498862330,1,0,0,63488,1,4620117348
8464,116498470687,295206,116498765893,0,0,0,212480,0,1078854775
8465,116498475537,805483,116499281020,4,0,1,45568,4,5175579479
8466,116498525457,695280,116499220737,3,0,0,461824,3,6529491962
8467,116498818580,353036,116499171616,3,0,1,2560,3,2198540693
8468,116498845010,306253,116499151263,5,0,1,28160,5,495196480
8469,116498871458,341292,116499212750,0,0,1,19968,0,7074974631
8470,116498981884,160187,116499142071,1,0,1,15360,1,4114569637
8471,116499181583,61895,116499243478,1,0,1,26112,1,7109482855
8472,116499258657,419006,116499677663,5,0,1,10752,5,9529469964
8473,116499315340,186530,116499501870,3,0,0,100352,3,2570696301
8474,116499495986,5322,116499501308,1,0,0,5632,1,1828399739
8475,116499580828,134837,116499715665,3,0,0,219136,3,579606700
8476,116499611411,99944,116499711355,3,0,1,49152,3,5313894472
8477,116499647083,346345,116499993428,3,0,0,100864,3,8600488397
8478,116499687549,445845,116500133394,6,0,1,352256,6,8227074515
8479,116499910599,256249,116500166848,6,0,0,418816,6,3395879494
8480,116499914676,481534,116500396210,6,0,1,59392,6,5858599047
8481,116499938833,489260,116500428093,5,0,1,41984,5,4264786899
8482,116500066654,223190,116500289844,6,0,0,775680,6,8417446868
8483,116500201314,545611,116500746925,1,0,0,58880,1,5120067140
8484,116500297495,426709,116500724204,5,0,1,40448,5,9144971860
8485,116500641172,287384,116500928556,4,0,1,20480,4,2109800021
8486,116500743874,154312,116500898186,0,0,1,14336,0,6241743745
8487,116500818255,289770,116501108025,1,0,0,250368,1,3125957537
8488,116501123770,124624,116501248394,6,0,0,205824,6,1860279952
8489,116501338416,337854,116501676270,3,0,0,547840,3,685244329
8490,116501436928,363200,116501800128,6,0,0,404480,6,4678130015
8491,116501615115,36843,116501651958,1,0,1,67584,1,8181767603
8492,116501768470,470618,116502239088,1,0,0,24576,1,9663445083
8493,116501904770,187058,116502091828,1,0,1,19968,1,2238081067
8494,116502098976,118192,116502217168,0,0,1,88064,0,9814879359
8495,116502186299,265687,116502451986,0,0,0,430592,0,5663768966
8496,116502405083,77857,116502482940,6,0,1,193024,6,5495196936
8497,116502426286,53837,116502480123,0,0,1,96768,0,4354680773
8498,116502503500,380232,116502883732,5,0,1,8704,5,6609042489
8499,116502536488,388524,116502925012,1,0,0,88064,1,8037284770
8500,116502679620,135201,116502814821,0,0,0,206336,0,4773671072
8501,116502880329,123506,116503003835,0,0,1,84480,0,7874860061
8502,116502995524,123687,116503119211,8,0,1,78848,8,9250178210
8503,116503035184,102904,116503138088,4,0,1,22016,4,7457923518
8504,116503086086,160525,116503246611,0,0,1,37888,0,858553895
8505,116503191256,115773,116503307029,5,0,1,65536,5,2776109288
8506,116503247352,448883,116503696235,1,0,0,730624,1,1088495437
8507,116503311394,421232,116503732626,6,0,1,404480,6,10158891389
8508,116503337174,418965,116503756139,0,0,1,34816,0,4054026035
8509,116503347531,462169,116503809700,3,0,0,240640,3,801997774
8510,116503355904,266009,116503621913,9,0,0,20992,9,9426191711
8511,116503533345,170524,116503703869,6,0,0,77312,6,10213654186
8512,116503595431,758317,116504353748,4,0,1,29184,4,7972162194
8513,116503637191,301930,116503939121,6,0,0,47104,6,10697813705
8514,116503715791,361134,116504076925,3,0,1,23552,3,5005232629
8515,116503767792,250280,116504018072,6,0,0,314880,6,4830387195
8516,116503826656,240277,116504066933,1,0,0,320512,1,10626651775
8517,116503836670,542315,116504378985,3,0,0,22528,3,9524041511
8518,116503973849,521136,116504494985,6,0,0,677376,6,5386840194
8519,116503995530,536052,116504531582,1,0,0,117760,1,6895184928
8520,116504305359,267369,116504572728,0,0,0,485888,0,2268584899
8521,116504318106,375644,116504693750,1,0,1,16384,1,9008678779
8522,116504354016,353523,116504707539,1,0,0,94208,1,1043270152
8523,116504397491,341205,116504738696,0,0,0,99840,0,10320078692
8524,116504880194,15833,116504896027,6,0,0,30720,6,2235853527
8525,116504975585,46467,116505022052,0,0,0,80384,0,6954821280
8526,116505046020,107822,116505153842,3,0,1,46592,3,1705066921
8527,116505109427,179785,116505289212,1,0,1,32256,1,5082129305
8528,116505156962,162790,116505319752,5,0,1,41984,5,7982858704
8529,116505203372,366174,116505569546,3,0,1,56832,3,5016727941
8530,116505633140,55744,116505688884,5,0,1,4096,5,7539013765
8531,116505726195,283655,116506009850,3,0,0,520192,3,447667005
8532,116505727178,318550,116506045728,3,0,1,1024,3,10113264276
8533,116505737730,323797,116506061527,6,0,0,55808,6,9013912789
8534,116506045474,77100,116506122574,6,0,0,130048,6,5537114093
8535,116506095411,42818,116506138229,0,0,0,58368,0,1800077320
8536,116506177119,112610,116506289729,3,0,1,14848,3,1348604839
8537,116506463210,256854,116506720064,3,0,0,416768,3,8437494656
8538,116506720690,287568,116507008258,6,0,1,114176,6,447705625
8539,116506786394,447679,116507234073,0,0,0,724992,0,3793503381
8540,116506848325,392366,116507240691,3,0,0,23552,3,796291400
8541,116507181061,227942,116507409003,6,0,0,373760,6,9508434202
8542,116507243383,200766,116507444149,6,0,1,625664,6,2722775575
8543,116507327494,802822,116508130316,1,0,1,28160,1,9229013959
8544,116507536984,521244,116508058228,6,0,1,39424,6,1429171040
8545,116507806370,353353,116508159723,6,0,1,971776,6,3272619118
8546,116507817418,209881,116508027299,6,0,1,322560,6,8315851018
8547,116507944124,242731,116508186855,1,0,1,3072,1,497974243
8548,116507960901,340408,116508301309,1,0,0,111104,1,832454589
8549,116507991786,107467,116508099253,6,0,0,230400,6,8185014998
8550,116507997956,47103,116508045059,6,0,0,289280,6,6113038604
8551,116508117442,464641,116508582083,5,0,1,22016,5,7252375976
8552,116508221209,226496,116508447705,5,0,1,19968,5,9044405451
8553,116508241419,384647,116508626066,6,0,0,41984,6,9360806630
8554,116508313329,1025705,116509339034,0,0,0,38912,0,8858189948
8555,116508516272,320362,116508836634,1,0,1,14848,1,8957715898
8556,116508603918,323962,116508927880,1,0,0,147456,1,9496018202
8557,116508741833,206355,116508948188,6,0,0,123904,6,6660838338
8558,116508742371,222234,116508964605,5,0,1,34816,5,9666563132
8559,116508810654,307528,116509118182,1,0,0,327168,1,6627608050
8560,116508824585,299294,116509123879,8,0,0,27136,8,8689297467
8561,116508944106,362576,116509306682,3,0,0,457216,3,6901088226
8562,116509078553,402704,116509481257,1,0,1,50688,1,1092609873
8563,116509183676,264395,116509448071,3,0,1,28672,3,5091064181
8564,116509410399,620880,116510031279,1,0,0,428032,1,6649687888
8565,116510392445,234279,116510626724,6,0,0,379392,6,5904533018
8566,116510428027,200250,116510628277,5,0,1,4608,5,1904201375
8567,116510513261,286899,116510800160,3,0,1,3584,3,10490030083
8568,116510614535,149438,116510763973,5,0,1,12800,5,9366233140
8569,116510626029,80077,116510706106,2,0,1,15360,2,2350847313
8570,116510715364,206574,116510921938,2,0,1,9216,2,5436024272
8571,116510757978,195071,116510953049,6,0,0,316416,6,8493379124
8572,116510788771,289450,116511078221,1,0,1,109568,1,1004847154
8573,116511205904,12562,116511218466,0,0,0,20992,0,5760177414
8574,116511209590,105507,116511315097,1,0,1,37376,1,2583214516
8575,116511215531,150434,116511365965,0,0,1,43008,0,6423686825
8576,116511236875,187896,116511424771,5,0,1,63488,5,493508697
8577,116511411092,64339,116511475431,2,0,1,2560,2,1766806754
8578,116511763796,118660,116511882456,2,0,1,89600,2,7972790929
8579,116511781999,102496,116511884495,3,0,1,6656,3,6658723346
8580,116512079987,4370,116512084357,6,0,0,4608,6,2446292967
8581,116512225411,77359,116512302770,6,0,0,130560,6,4424938340
8582,116512246433,83282,116512329715,6,0,0,88064,6,2629022941
8583,116512330350,367108,116512697458,6,0,0,598016,6,10704025480
8584,116512470271,268712,116512738983,0,0,0,133120,0,397760750
8585,116512536638,233911,116512770549,6,0,0,110080,6,7102386888
8586,116512587664,240833,116512828497,6,0,0,195584,6,883689590
8587,116512683247,324887,116513008134,1,0,0,525824,1,2931662381
8588,116512711932,388014,116513099946,3,0,0,539648,3,9393545646
8589,116512751143,461943,116513213086,1,0,1,5120,1,5999733829
8590,116512866470,282586,116513149056,2,0,1,40448,2,10619338316
8591,116513020997,488602,116513509599,3,0,0,416256,3,7420613576
8592,116513021605,339209,116513360814,6,0,0,183808,6,310457539
8593,116513039426,326777,116513366203,6,0,0,25600,6,6752395812
8594,116513085300,400140,116513485440,1,0,0,382464,1,421747784
8595,116513139173,419248,116513558421,1,0,1,27648,1,6010266756
8596,116513231914,377896,116513609810,0,0,0,398848,0,53804475
8597,116513382668,256428,116513639096,6,0,1,492032,6,809147595
8598,116513410101,412231,116513822332,1,0,0,181248,1,4044259195
8599,116513434209,6225,116513440434,3,0,1,9216,3,8869928445
8600,116513517167,656575,116514173742,1,0,1,35840,1,151760870
8601,116513881142,533007,116514414149,1,0,0,15360,1,2667981434
8602,116514125418,133287,116514258705,1,0,0,216064,1,7927565049
8603,116514143798,171524,116514315322,0,0,0,180736,0,8344571491
8604,116514205029,131696,116514336725,0,0,0,69632,0,3578630422
8605,116514294618,96575,116514391193,1,0,0,161280,1,3149779568
8606,116514351842,57849,116514409691,6,0,1,243200,6,6685872632
8607,116514355361,96317,116514451678,3,0,0,72704,3,5279718119
8608,116514381046,195329,116514576375,0,0,0,160768,0,10274256845
8609,116514416914,478294,116514895208,1,0,1,57344,1,10654542798
8610,116514474260,430713,116514904973,0,0,0,316928,0,6708399477
8611,116514771180,329147,116515100327,3,0,1,11264,3,578058947
8612,116514954939,349959,116515304898,6,0,1,159232,6,3299316148
8613,116515012227,297613,116515309840,0,0,0,482816,0,9299798716
8614,116515149500,235632,116515385132,0,0,0,626688,0,9347909627
8615,116515225005,150464,116515375469,2,0,1,1024,2,8228331246
8616,116515351652,396821,116515748473,1,0,0,6656,1,3701609729
8617,116515368577,198855,116515567432,1,0,1,41472,1,2954512457
8618,116515394431,240570,116515635001,3,0,1,20480,3,5714057611
8619,116515439415,220165,116515659580,0,0,0,358400,0,6897083077
8620,116515540238,412185,116515952423,1,0,1,148992,1,623703302
8621,116516182250,303886,116516486136,6,0,1,308224,6,9810885467
8622,116516203601,337627,116516541228,6,0,1,166400,6,7691161213
8623,116516451904,110140,116516562044,2,0,1,14848,2,3952466037
8624,116516516262,126307,116516642569,3,0,1,9216,3,3303746515
8625,116516538109,150973,116516689082,2,0,1,74240,2,157197484
8626,116516812900,50668,116516863568,8,0,1,2560,8,5981386893
8627,116517067469,120688,116517188157,8,0,1,96256,8,3263286206
8628,116517201850,100096,116517301946,2,0,1,28672,2,4278940689
8629,116517325014,35308,116517360322,6,0,0,61952,6,6032972807
8630,116517355193,106610,116517461803,2,0,1,15360,2,815649544
8631,116517520105,124712,116517644817,1,0,0,202752,1,9113249368
8632,116517573401,77010,116517650411,3,0,0,18432,3,9132731829
8633,116517642181,8576,116517650757,0,0,0,512,0,5190276676
8634,116517644573,347878,116517992451,6,0,1,261632,6,788322015
8635,116517699200,333510,116518032710,6,0,1,132096,6,4504648838
8636,116517960815,136383,116518097198,6,0,0,105472,6,3516844567
8637,116518008335,132132,116518140467,3,0,1,53760,3,6569531723
8638,116518117321,162199,116518279520,0,0,1,113664,0,1089195169
8639,116518185788,80250,116518266038,8,0,1,27648,8,703660710
8640,116518199281,152688,116518351969,3,0,0,85504,3,9392467798
8641,116518263122,119004,116518382126,8,0,1,13824,8,1870831267
8642,116518268440,179365,116518447805,6,0,1,54272,6,9014399746
8643,116518299654,340092,116518639746,0,0,0,555520,0,9360648928
8644,116518349546,91753,116518441299,3,0,1,117248,3,5769636007
8645,116518495363,53621,116518548984,2,0,1,15360,2,8288926944
8646,116518544790,416845,116518961635,8,0,1,92160,8,5948568320
8647,116518596049,363456,116518959505,1,0,0,148480,1,2977179716
8648,116518638367,278439,116518916806,3,0,0,6656,3,2589958725
8649,116518657602,454698,116519112300,7,0,1,10752,7,2096232831
8650,116518737202,334335,116519071537,6,0,0,494080,6,3968006945
8651,116519263405,32812,116519296217,0,0,0,53760,0,7010498129
8652,116519440932,102124,116519543056,3,0,1,35328,3,7803741592
8653,116519626308,366679,116519992987,3,0,0,593920,3,4120802607
8654,116519680647,246235,116519926882,3,0,1,5120,3,9878334479
8655,116519687444,217457,116519904901,2,0,1,11776,2,7147438212
8656,116519758298,383809,116520142107,1,0,0,47104,1,3835100015
8657,116519810915,380611,116520191526,1,0,1,4608,1,1985933489
8658,116519838867,224200,116520063067,1,0,0,165888,1,5419565637
8659,116519841758,265673,116520107431,8,0,1,65536,8,2453708840
8660,116519848087,341545,116520189632,3,0,0,51712,3,10152479938
8661,116519945922,169420,116520115342,3,0,1,24064,3,10001516119
8662,116519995008,15575,116520010583,1,0,1,46080,1,1900546743
8663,116520038216,268669,116520306885,1,0,1,12800,1,6944831664
8664,116520152538,382823,116520535361,7,0,1,57344,7,4186976876
8665,116520186412,33846,116520220258,3,0,1,47616,3,8081761130
8666,116520203212,172071,116520375283,3,0,0,30208,3,9303283978
8667,116520222360,222538,116520444898,1,0,1,26624,1,470522602
8668,116520298024,326807,116520624831,0,0,0,55808,0,8585020840
8669,116520468484,132147,116520600631,2,0,1,60416,2,10471798827
8670,116520485014,167096,116520652110,3,0,1,16384,3,3117122106
8671,116520574972,147225,116520722197,2,0,1,61440,2,1387429735
8672,116521065871,122404,116521188275,8,0,1,101888,8,9256987364
8673,116521103142,123203,116521226345,2,0,1,24064,2,6363245672
8674,116521270546,91495,116521362041,0,0,0,147968,0,6425590418
8675,116521738278,185891,116521924169,1,0,0,305152,1,6162151364
8676,116521759907,307792,116522067699,3,0,0,383488,3,10491442218
8677,116521760658,417181,116522177839,7,0,1,88576,7,3956531644
8678,116521768871,526959,116522295830,6,0,0,566784,6,10101391986
8679,116522122113,11012,116522133125,9,0,1,69120,9,5695184991
8680,116522310819,377086,116522687905,3,0,0,17920,3,8970029399
8681,116522492742,139994,116522632736,6,0,0,216576,6,2286410116
8682,116522611150,22572,116522633722,1,0,0,1536,1,1368383710
8683,116522746351,96580,116522842931,1,0,1,15872,1,1942669626
8684,116522940550,54008,116522994558,1,0,0,91648,1,14731967
8685,116523053488,115104,116523168592,1,0,0,187392,1,1504497682
8686,116523323822,79900,116523403722,1,0,1,12800,1,10291136965
8687,116523411911,16350,116523428261,1,0,0,31744,1,9832201698
8688,116523454131,54096,116523508227,6,0,0,88576,6,4094100919
8689,116523456274,138336,116523594610,8,0,1,40448,8,7194641130
8690,116523539541,128420,116523667961,8,0,1,44032,8,4044407722
8691,116523559277,278050,116523837327,9,0,1,25088,9,10311499187
8692,116523970336,82145,116524052481,6,0,0,133120,6,659872517
8693,116524085089,5798,116524090887,7,0,1,16896,7,189534089
8694,116524226642,158012,116524384654,3,0,0,6144,3,9681449207
8695,116524248340,31262,116524279602,6,0,0,50688,6,2310250339
8696,116524377454,89320,116524466774,3,0,1,23552,3,984069964
8697,116524614180,188560,116524802740,6,0,1,157696,6,10480355760
8698,116524771152,137916,116524909068,7,0,1,49152,7,1401394206
8699,116524829899,82768,116524912667,9,0,1,11776,9,2923355103
8700,116524846632,251412,116525098044,6,0,1,208384,6,678052254
8701,116525099018,122977,116525221995,6,0,1,102912,6,5748515489
8702,116525119589,111451,116525231040,7,0,1,16384,7,6934340234
8703,116525255463,101968,116525357431,8,0,1,34816,8,3520081460
8704,116525540773,380075,116525920848,6,0,0,620032,6,9456799203
8705,116525606780,68656,116525675436,0,0,1,8704,0,3287134735
8706,116525670245,371069,116526041314,1,0,1,87040,1,4315281108
8707,116525789745,450086,116526239831,6,0,1,97792,6,2634934196
8708,116525863738,360425,116526224163,6,0,0,47104,6,8344183535
8709,116525865805,453934,116526319739,6,0,0,719872,6,4009946873
8710,116525888394,478869,116526367263,6,0,1,236032,6,1689092904
8711,116525921012,444498,116526365510,3,0,1,39424,3,4882721200
8712,116526003432,485053,116526488485,3,0,1,15872,3,9948214535
8713,116526040364,245866,116526286230,8,0,1,56320,8,5232652078
8714,116526312962,838407,116527151369,6,0,0,401920,6,10164046402
8715,116526460813,322406,116526783219,6,0,1,51200,6,10021251769
8716,116526890344,4158,116526894502,1,0,0,11264,1,3608444183
8717,116527011790,227683,116527239473,6,0,0,373248,6,4347230952
8718,116527026443,840359,116527866802,6,0,1,771584,6,6516952373
8719,116527190328,460426,116527650754,6,0,1,356352,6,8213626199
8720,116527206388,785384,116527991772,1,0,0,1253888,1,972527856
8721,116527314483,772366,116528086849,3,0,0,615936,3,1327397631
8722,116527406699,854551,116528261250,9,0,1,1024,9,352574716
8723,116527462830,826625,116528289455,6,0,0,402432,6,4791983776
8724,116527603606,456211,116528059817,9,0,1,19968,9,10407618035
8725,116527645611,717807,116528363418,4,0,1,46080,4,5627790686
8726,116527831726,689853,116528521579,3,0,1,39936,3,1225519530
8727,116527849144,492409,116528341553,6,0,0,167424,6,1930556247
8728,116527851732,402216,116528253948,7,0,1,26112,7,3042397325
8729,116527960023,312997,116528273020,6,0,0,66048,6,9606355286
8730,116528071054,304407,116528375461,1,0,0,71680,1,8853557813
8731,116528084150,632988,116528717138,6,0,0,7168,6,8253704377
8732,116528387286,325985,116528713271,7,0,1,18432,7,5676300229
8733,116528405718,206229,116528611947,8,0,1,3584,8,3281433003
8734,116528528718,392265,116528920983,4,0,1,23552,4,6742587389
8735,116528545176,317266,116528862442,6,0,0,334848,6,9961404179
8736,116528710159,255991,116528966150,6,0,0,418304,6,110807462
8737,116528713028,89174,116528802202,8,0,1,71680,8,6543541363
8738,116528753783,182463,116528936246,7,0,1,54784,7,3468837652
8739,116528866429,507547,116529373976,1,0,1,7168,1,3207853214
8740,116528892939,618613,116529511552,1,0,0,59904,1,1122189382
8741,116529283000,270589,116529553589,6,0,1,160256,6,6211909207
8742,116529584663,477537,116530062200,6,0,0,773120,6,1418107812
8743,116529709471,356120,116530065591,7,0,1,6656,7,6340607195
8744,116529760149,13337,116529773486,3,0,1,56320,3,8527788254
8745,116529977562,366654,116530344216,7,0,1,5632,7,10417781057
8746,116530008005,198806,116530206811,7,0,1,29184,7,4296458392
8747,116530072288,136346,116530208634,1,0,0,22528,1,3838864934
8748,116530087975,253899,116530341874,5,0,1,4096,5,8738987779
8749,116530089367,176760,116530266127,9,0,1,13824,9,5943192440
8750,116530114219,152075,116530266294,1,0,1,512,1,351329223
8751,116530286909,113044,116530399953,3,0,1,71168,3,5516066932
8752,116530390274,84027,116530474301,3,0,1,9728,3,1110777767
8753,116530488867,92212,116530581079,1,0,1,17920,1,731279523
8754,116530601899,104308,116530706207,4,0,1,42496,4,7187779649
8755,116530818451,239323,116531057774,6,0,0,745472,6,4301694945
8756,116530894967,340595,116531235562,1,0,1,5120,1,659984306
8757,116530910975,244777,116531155752,7,0,1,4608,7,8568834833
8758,116531025814,458233,116531484047,8,0,1,21504,8,258971342
8759,116531243807,150850,116531394657,3,0,1,32256,3,1411531213
8760,116531282685,270308,116531552993,4,0,1,34304,4,1818129330
8761,116531430875,155547,116531586422,8,0,1,5120,8,7672013316
8762,116531656312,116476,116531772788,1,0,1,82432,1,9123829659
8763,116531817841,45592,116531863433,8,0,1,1024,8,1385758117
8764,116531910131,100096,116532010227,3,0,1,28672,3,6158291997
8765,116532107262,122128,116532229390,3,0,0,197632,3,4924115500
8766,116532219744,178070,116532397814,1,0,1,59392,1,1695843804
8767,116532310155,145521,116532455676,7,0,1,23040,7,4782729092
8768,116532327726,173256,116532500982,4,0,1,14336,4,6655335563
8769,116533020794,47284,116533068078,4,0,1,1536,4,80406053
8770,116533027710,100720,116533128430,7,0,1,30720,7,10120788993
8771,116533144773,102124,116533246897,3,0,1,35328,3,325291889
8772,116533330462,23462,116533353924,6,0,0,38912,6,5968562561
8773,116533409322,47284,116533456606,7,0,1,1536,7,3188043419
8774,116533488053,78460,116533566513,3,0,1,4608,3,2217149584
8775,116533554973,55744,116533610717,8,0,1,4096,8,599197477
8776,116533627619,64828,116533692447,9,0,1,8704,9,8386989583
8777,116533726713,105712,116533832425,9,0,1,47104,9,2562495805
8778,116533895785,3894,116533899679,4,0,1,47616,4,5805055099
8779,116533927266,105868,116534033134,3,0,0,4096,3,319325655
8780,116534079629,499690,116534579319,6,0,1,628224,6,5528405465
8781,116534150305,439789,116534590094,3,0,1,35328,3,4728704664
8782,116534340299,253238,116534593537,1,0,1,11264,1,5932102707
8783,116534576868,124136,116534701004,3,0,0,179200,3,8356403383
8784,116534816394,74258,116534890652,6,0,0,124416,6,3308496818
8785,116534955242,172753,116535127995,3,0,0,279552,3,3548380952
8786,116535077700,128275,116535205975,6,0,1,25088,6,109094191
8787,116535122631,233089,116535355720,3,0,1,19456,3,9426848983
8788,116535173157,165796,116535338953,6,0,1,36864,6,6761586932
8789,116535310816,57748,116535368564,7,0,1,5632,7,1979998199
8790,116535831282,69904,116535901186,2,0,1,10240,2,7330725849
8791,116535987378,49132,116536036510,3,0,1,24576,3,5537260200
8792,116536007102,89632,116536096734,3,0,1,2560,3,4185435421
8793,116536136442,445810,116536582252,3,0,0,976896,3,8540375743
8794,116536154507,346223,116536500730,1,0,1,15360,1,8730054
8795,116536290489,601016,116536891505,8,0,1,19968,8,5287535836
8796,116536313198,3383,116536316581,5,0,1,10240,5,2299050734
8797,116536794475,495491,116537289966,6,0,0,9728,6,3805056777
8798,116536958690,185721,116537144411,5,0,1,52736,5,6659427671
8799,116536976982,292601,116537269583,7,0,1,93184,7,839070010
8800,116536983489,326972,116537310461,3,0,0,301568,3,2745009983
8801,116537163223,227516,116537390739,1,0,1,51712,1,10357268748
8802,116537310391,115670,116537426061,5,0,1,10240,5,4170110445
8803,116537326149,170770,116537496919,5,0,1,80384,5,9526586906
8804,116537326163,21116,116537347279,7,0,1,56320,7,2096787529
8805,116537373105,209721,116537582826,3,0,1,24576,3,7160656541
8806,116537385759,170264,116537556023,5,0,1,35328,5,1870884917
8807,116537489146,176319,116537665465,6,0,0,22528,6,6034910318
8808,116537761326,33758,116537795084,6,0,0,58880,6,7653204030
8809,116537789761,59128,116537848889,1,0,1,57856,1,3819415177
8810,116537921508,232654,116538154162,9,0,1,5120,9,4610920900
8811,116537965742,82552,116538048294,7,0,1,21504,7,7584351529
8812,116538431470,228458,116538659928,6,0,0,374784,6,5615571035
8813,116538444615,341340,116538785955,3,0,1,38400,3,2306429863
8814,116538590797,266116,116538856913,3,0,0,434688,3,6005803723
8815,116538840548,225243,116539065791,7,0,1,1024,7,8607273675
8816,116539405189,201664,116539606853,6,0,1,200704,6,9946938356
8817,116539582407,51933,116539634340,6,0,0,201728,6,5889289100
8818,116539598837,148651,116539747488,1,0,1,512,1,9518933331
8819,116539651260,171363,116539822623,2,0,1,44032,2,1320985667
8820,116539719370,172827,116539892197,7,0,1,16896,7,6178426421
8821,116540094596,269734,116540364330,3,0,0,441856,3,4304882172
8822,116540410726,130990,116540541716,2,0,1,20992,2,6785176225
8823,116540595296,57436,116540652732,5,0,1,4608,5,9768598513
8824,116540818552,47284,116540865836,2,0,1,1536,2,4002555695
8825,116540858862,33587,116540892449,6,0,0,55296,6,1989647189
8826,116541075131,113044,116541188175,7,0,1,71168,7,8170909062
8827,116541253146,101188,116541354334,2,0,1,32256,2,4536702469
8828,116541257483,109030,116541366513,9,0,1,39936,9,5457338754
8829,116541298349,55306,116541353655,1,0,1,10240,1,3471265125
8830,116541351146,126490,116541477636,5,0,1,20992,5,8036220789
8831,116541353644,113115,116541466759,3,0,0,69120,3,6763478481
8832,116541464521,225446,116541689967,6,0,0,365568,6,874736098
8833,116542035613,35825,116542071438,3,0,0,62976,3,7254424485
8834,116542148012,22170,116542170182,9,0,1,32768,9,3056702729
8835,116542273161,179500,116542452661,3,0,0,36352,3,6540162973
8836,116542291398,144616,116542436014,2,0,1,12288,2,2677843351
8837,116542329073,279777,116542608850,6,0,0,238080,6,7198608708
8838,116542499929,224064,116542723993,7,0,1,33280,7,6970748863
8839,116542635779,216525,116542852304,6,0,0,354816,6,7019898408
8840,116542639418,168553,116542807971,6,0,0,720896,6,2266833735
8841,116542733516,550155,116543283671,8,0,1,20480,8,6467025577
8842,116542850462,455364,116543305826,1,0,1,74240,1,8124251690
8843,116542928064,421400,116543349464,3,0,0,519680,3,1572179760
8844,116543277776,148234,116543426010,3,0,0,245248,3,1805192608
8845,116543391361,62144,116543453505,3,0,1,2560,3,2883127762
8846,116543768902,3383,116543772285,1,0,1,15360,1,113842100
8847,116543832385,75461,116543907846,3,0,0,9728,3,1837944571
8848,116544060101,135354,116544195455,6,0,0,220160,6,9592481716
8849,116544158700,73000,116544231700,3,0,1,38400,3,6754911328
8850,116544173216,198591,116544371807,9,0,1,1024,9,9670764843
8851,116544239946,242908,116544482854,3,0,1,15360,3,8600311631
8852,116544314117,158100,116544472217,3,0,0,261120,3,3836096070
8853,116544561156,54052,116544615208,9,0,1,3584,9,5938348190
8854,116544834276,305728,116545140004,6,0,1,380928,6,7562522821
8855,116545113669,75303,116545188972,7,0,1,2048,7,1236691802
8856,116545369610,71308,116545440918,3,0,1,14848,3,5419510225
8857,116545430721,100408,116545531129,9,0,1,29696,9,9522864025
8858,116545538064,135266,116545673330,6,0,0,223232,6,2895292802
8859,116545740226,113131,116545853357,8,0,1,20992,8,2240389686
8860,116545749188,116567,116545865755,6,0,0,193536,6,9371767684
8861,116545750140,156562,116545906702,3,0,1,1024,3,7648006417
8862,116545913361,173488,116546086849,8,0,1,48128,8,9938344489
8863,116545927858,202660,116546130518,6,0,1,153600,6,672799113
8864,116546303073,57109,116546360182,3,0,0,97792,3,2136457174
8865,116546645549,110860,116546756409,7,0,1,64000,7,5689878749
8866,116546725642,104651,116546830293,3,0,1,16896,3,4987407872
8867,116546745450,118847,116546864297,8,0,1,54272,8,4820407398
8868,116547110841,135613,116547246454,6,0,0,220672,6,3177087593
8869,116547221154,192200,116547413354,9,0,1,16896,9,2718806726
8870,116547282269,144187,116547426456,3,0,0,233984,3,2823470894
8871,116547417861,206229,116547624090,3,0,0,334848,3,6869684557
8872,116547910132,84664,116547994796,7,0,1,13312,7,8570915739
8873,116547960067,110392,116548070459,5,0,1,62464,5,8139219242
8874,116548151788,102748,116548254536,8,0,1,37376,8,10624199604
8875,116548262261,151600,116548413861,6,0,1,137216,6,6742982882
8876,116548277474,356725,116548634199,6,0,1,309760,6,8491934683
8877,116548419895,214315,116548634210,3,0,0,220672,3,5932902112
8878,116549160086,59128,116549219214,8,0,1,5120,8,4148580094
8879,116549284200,106804,116549391004,8,0,1,50688,8,6751148838
8880,116549354023,75760,116549429783,2,0,1,14336,2,28770765
8881,116549464698,99160,116549563858,1,0,1,25600,1,8143985559
8882,116549567664,94708,116549662372,3,0,1,26112,3,2016463522
8883,116549611408,93016,116549704424,8,0,1,25600,8,3965006083
8884,116549639075,55558,116549694633,5,0,1,18432,5,1989101070
8885,116549659449,111123,116549770572,2,0,1,59904,2,5637642852
8886,116549663512,112527,116549776039,3,0,0,94720,3,5363325818
8887,116549675069,126710,116549801779,8,0,1,9216,8,4576679008
8888,116549864965,1038,116549866003,6,0,0,1024,6,5117702746
8889,116550031904,83620,116550115524,3,0,1,19968,3,3391079727
8890,116550045085,108347,116550153432,9,0,1,13312,9,7615902014
8891,116550189834,637390,116550827224,6,0,1,807936,6,9510608102
8892,116550268710,411622,116550680332,5,0,1,34304,5,9381862665
8893,116550370022,570860,116550940882,5,0,1,19456,5,9576277615
8894,116550417485,475487,116550892972,3,0,1,6144,3,6752019593
8895,116550665805,217494,116550883299,9,0,1,63488,9,4871611499
8896,116550671932,290450,116550962382,8,0,1,512,8,3022368589
8897,116550728200,276377,116551004577,0,0,1,60928,0,780533805
8898,116550745487,305026,116551050513,3,0,0,332288,3,2501755734
8899,116551067139,129366,116551196505,3,0,1,5120,3,6142381582
8900,116551293494,94766,116551388260,6,0,0,157696,6,7482387735
8901,116551369376,87452,116551456828,5,0,1,512,5,9934763094
8902,116552071718,114916,116552186634,8,0,1,77312,8,5342647663
8903,116552242205,80704,116552322909,0,0,1,20480,0,8311674089
8904,116553010917,98872,116553109789,5,0,1,29696,5,122889665
8905,116553141927,23204,116553165131,6,0,0,38400,6,6142934687
8906,116553179125,55744,116553234869,5,0,1,4096,5,2103841422
8907,116553456437,121612,116553578049,3,0,0,196608,3,335695781
8908,116553474553,197054,116553671607,2,0,1,20992,2,2171837352
8909,116553654365,105610,116553759975,6,0,1,16384,6,5975446559
8910,116553836628,55744,116553892372,7,0,1,4096,7,8586479262
8911,116554006233,103684,116554109917,7,0,1,40448,7,10034785905
8912,116554202191,205883,116554408074,6,0,0,337408,6,5610899439
8913,116554212765,262099,116554474864,9,0,1,46080,9,3615669754
8914,116554218708,351127,116554569835,6,0,0,233472,6,8402460593
8915,116554383553,338947,116554722500,6,0,1,79360,6,6664574454
8916,116554423206,390679,116554813885,6,0,0,1015808,6,837499673
8917,116554458742,495491,116554954233,2,0,1,10240,2,6727154315
8918,116554469374,627862,116555097236,3,0,0,59904,3,512716111
8919,116554538510,597657,116555136167,2,0,1,8704,2,6534181595
8920,116554789032,371878,116555160910,3,0,0,302080,3,4462743195
8921,116554811054,377006,116555188060,3,0,0,97280,3,770656047
8922,116554830413,196693,116555027106,6,0,1,477696,6,4183693743
8923,116554866599,621875,116555488474,2,0,1,55296,2,7618153024
8924,116555068721,602548,116555671269,6,0,0,255488,6,7836984328
8925,116555219694,263208,116555482902,5,0,1,45056,5,48893811
8926,116555367789,125766,116555493555,7,0,1,25088,7,174295492
8927,116555433937,73741,116555507678,3,0,0,129536,3,10371814880
8928,116555504905,238531,116555743436,2,0,1,49664,2,6527593874
8929,116555652303,495701,116556148004,6,0,0,123392,6,8427200239
8930,116555700204,247835,116555948039,8,0,1,17920,8,5650246873
8931,116555703476,125229,116555828705,8,0,1,15872,8,4884263740
8932,116555897490,376901,116556274391,6,0,0,203776,6,6358933776
8933,116555899648,193359,116556093007,8,0,1,15872,8,4861863622
8934,116556208059,33587,116556241646,3,0,0,55296,3,4999306494
8935,116556221116,81925,116556303041,8,0,1,28672,8,4756218140
8936,116556238104,238048,116556476152,3,0,1,22016,3,4348457282
8937,116556277953,282350,116556560303,2,0,1,9728,2,5869850327
8938,116556372809,196016,116556568825,6,0,0,321536,6,398448099
8939,116556643234,302794,116556946028,6,0,1,304640,6,9031735426
8940,116556674950,279357,116556954307,3,0,1,27136,3,4962620448
8941,116556942947,320552,116557263499,0,0,0,505344,0,1336672109
8942,116557081543,283171,116557364714,8,0,1,54272,8,3278633572
8943,116557380232,187181,116557567413,3,0,1,66560,3,1595031959
8944,116557454300,134749,116557589049,3,0,0,222208,3,2004029914
8945,116557575480,24296,116557599776,9,0,0,34816,9,6491497425
8946,116557795781,169994,116557965775,5,0,1,103424,5,437587210
8947,116557903855,94996,116557998851,5,0,1,22016,5,5412082112
8948,116558234455,61288,116558295743,7,0,1,7168,7,10323722104
8949,116558301639,287632,116558589271,6,0,1,321536,6,482713474
8950,116558327837,276577,116558604414,7,0,1,49664,7,3320514142
8951,116558428731,468616,116558897347,6,0,0,762368,6,3609986625
8952,116558516058,194983,116558711041,2,0,1,169472,2,10537056508
8953,116558728554,557011,116559285565,8,0,1,64512,8,5571461223
8954,116558814477,422008,116559236485,3,0,0,319488,3,1024494208
8955,116558854834,335061,116559189895,2,0,1,512,2,8476185155
8956,116558884066,343550,116559227616,2,0,1,23552,2,6653539842
8957,116558998701,448454,116559447155,3,0,0,726528,3,1924567741
8958,116559002545,258588,116559261133,5,0,1,48128,5,9423482062
8959,116559012037,534806,116559546843,3,0,1,35328,3,3958803312
8960,116559131262,602319,116559733581,6,0,1,283136,6,4657665896
8961,116559202058,334915,116559536973,6,0,1,40960,6,4801468985
8962,116559271988,636120,116559908108,8,0,1,6656,8,1336384195
8963,116559272242,528379,116559800621,7,0,1,109056,7,4856482176
8964,116559757850,144392,116559902242,8,0,1,10752,8,10219116111
8965,116559879589,153541,116560033130,9,0,1,112128,9,4221785077
8966,116560019655,88540,116560108195,2,0,1,27648,2,4474368157
8967,116560047861,189814,116560237675,5,0,1,20992,5,1464845873
8968,116560202907,118506,116560321413,5,0,1,67584,5,5782642451
8969,116560250269,284420,116560534689,2,0,1,266240,2,4582240742
8970,116560593674,255821,116560849495,6,0,0,414720,6,1348370776
8971,116560993994,15833,116561009827,6,0,0,30720,6,4773194745
8972,116561002247,54389,116561056636,9,0,0,90112,9,7285272047
8973,116561188135,35050,116561223185,6,0,0,61440,6,1849293412
8974,116561273072,136765,116561409837,2,0,1,11264,2,5766200993
8975,116561281253,264502,116561545755,6,0,1,229376,6,7378122772
8976,116561473774,113295,116561587069,3,0,0,183808,3,3244556404
8977,116561824757,72664,116561897421,5,0,1,9216,5,6834220959
8978,116561935717,105088,116562040805,3,0,1,45056,3,486154084
8979,116562024055,120532,116562144587,7,0,1,95744,7,5691295095
8980,116562157011,25183,116562182194,3,0,0,45568,3,8835657185
8981,116562225749,2866,116562228615,9,0,0,8704,9,1219227818
8982,116562386638,60820,116562447458,2,0,1,26624,2,4148104728
8983,116562402008,99472,116562501480,8,0,1,5632,8,2371674067
8984,116562403618,125488,116562529106,3,0,0,204288,3,6781767423
8985,116562617708,3894,116562621602,7,0,1,44544,7,4054749887
8986,116562635783,104932,116562740715,9,0,0,4096,9,10586654482
8987,116562715924,58478,116562774402,6,0,0,83968,6,5503991451
8988,116562993074,121780,116563114854,5,0,1,99840,5,2948998403
8989,116563032946,275554,116563308500,6,0,0,446464,6,2124850609
8990,116563034479,198235,116563232714,2,0,1,91136,2,6751067981
8991,116563117061,197426,116563314487,3,0,1,1536,3,8019225506
8992,116563157527,188738,116563346265,3,0,0,148480,3,1558490558
8993,116563206790,268973,116563475763,2,0,1,7680,2,7157941241
8994,116563207380,309806,116563517186,8,0,1,22016,8,78230464
8995,116563284674,552919,116563837593,3,0,1,46080,3,1625037320
8996,116563413936,255134,116563669070,1,0,1,52224,1,8370938451
8997,116563624741,12937,116563637678,0,0,1,24064,0,2007136279
8998,116563656687,4158,116563660845,9,0,0,512,9,3824320197
8999,116563696567,98692,116563795259,9,0,0,11264,9,1362862052
9000,116563736073,113824,116563849897,5,0,1,73728,5,4692015262
9001,116563861183,102904,116563964087,5,0,1,37888,5,615560478
9002,116564167574,1038,116564168612,9,0,0,1024,9,7450584292
9003,116564345936,3894,116564349830,0,0,1,38912,0,7543813367
9004,116564426027,103216,116564529243,9,0,0,4096,9,5534124414
9005,116564540508,126433,116564666941,3,0,0,209408,3,10641022869
9006,116564615587,2866,116564618453,7,0,1,15872,7,10323448044
9007,116564726998,134878,116564861876,3,0,1,68096,3,7095835627
9008,116564739842,257843,116564997685,9,0,0,8704,9,6280053610
9009,116564748386,172306,116564920692,3,0,0,647680,3,1448298812
9010,116564878132,397741,116565275873,3,0,1,142848,3,9945504917
9011,116564898026,147308,116565045334,7,0,1,1024,7,8994117439
9012,116564999805,430715,116565430520,3,0,0,1536,3,10639229405
9013,116565353314,178060,116565531374,5,0,1,6144,5,2171333294
9014,116565413566,214144,116565627710,6,0,1,241664,6,2578197435
9015,116565422289,208864,116565631153,3,0,1,11264,3,2763086732
9016,116565485970,498045,116565984015,6,0,0,806400,6,1177587298
9017,116565772516,47341,116565819857,7,0,1,6656,7,5323399416
9018,116565938300,562,116565938862,9,0,0,2560,9,8957869963
9019,116566065475,410666,116566476141,9,0,0,512,9,7081094575
9020,116566173364,11787,116566185151,7,0,1,31744,7,8048050958
9021,116566232489,101032,116566333521,6,0,0,19456,6,3998668850
9022,116566278890,109456,116566388346,3,0,1,59392,3,10669763156
9023,116566407207,97444,116566504651,3,0,1,19968,3,1969961884
9024,116566681184,98848,116566780032,7,0,1,24576,7,10363574965
9025,116566691845,185204,116566877049,6,0,0,300544,6,5789847357
9026,116566722358,43842,116566766200,0,0,1,4096,0,10559000780
9027,116566728284,195817,116566924101,7,0,1,78848,7,2485219575
9028,116566833553,299093,116567132646,9,0,0,512,9,5818161728
9029,116567045386,84688,116567130074,3,0,1,18432,3,9763150576
9030,116567546336,45592,116567591928,0,0,1,1024,0,3902580020
9031,116567616555,119185,116567735740,3,0,1,149504,3,10210973873
9032,116567634774,182967,116567817741,3,0,1,25088,3,2049333799
9033,116567798158,143734,116567941892,3,0,0,230400,3,2358245322
9034,116567941865,72279,116568014144,6,0,0,117248,6,4928900188
9035,116567992006,156459,116568148465,7,0,1,19968,7,1320010446
9036,116568035317,257290,116568292607,8,0,1,103936,8,1154336665
9037,116568241146,89608,116568330754,5,0,1,19456,5,1831411765
9038,116568335959,13854,116568349813,3,0,0,23552,3,3694572689
9039,116568589905,4675,116568594580,9,0,1,25600,9,107812348
9040,116568613758,99160,116568712918,9,0,0,12288,9,8543477434
9041,116568858084,6274,116568864358,9,0,0,6656,9,9144083183
9042,116568891406,52360,116568943766,0,0,1,3072,0,8874042644
9043,116569282163,94840,116569377003,3,0,1,21504,3,3753279713
9044,116569426254,110080,116569536334,3,0,1,61440,3,4396647206
9045,116569446399,267666,116569714065,3,0,0,437760,3,5755868242
9046,116569481328,238331,116569719659,3,0,0,18432,3,3834735834
9047,116569598722,173308,116569772030,5,0,1,35840,5,8765784170
9048,116569607222,263939,116569871161,9,0,1,2560,9,7091033572
9049,116569904852,87892,116569992744,8,0,1,13824,8,3950813090
9050,116570411904,60820,116570472724,9,0,1,45056,9,9168763762
9051,116570441991,105088,116570547079,8,0,1,5632,8,6036139997
9052,116570635908,63448,116570699356,0,0,1,9216,0,1474516020
9053,116570813805,184687,116570998492,3,0,0,299520,3,3747094328
9054,116570956042,226265,116571182307,3,0,1,12288,3,3677061386
9055,116571117756,147867,116571265623,9,0,1,124416,9,9028035782
9056,116571283126,4675,116571287801,3,0,0,12288,3,4025463177
9057,116571526088,3894,116571529982,9,0,0,4096,9,5676490910
9058,116571587917,562,116571588479,9,0,0,512,9,4239322659
9059,116571656530,63760,116571720290,8,0,1,10240,8,2725285203
9060,116571766336,2942,116571769278,9,0,0,3072,9,238373382
9061,116572315717,193520,116572509237,6,0,0,313344,6,901992294
9062,116572322958,188225,116572511183,9,0,0,3072,9,7103077272
9063,116572336021,200554,116572536575,3,0,1,3584,3,4138295388
9064,116572698784,112779,116572811563,3,0,0,182784,3,10154666809
9065,116572712656,282460,116572995116,6,0,0,644096,6,147875195
9066,116572747217,439457,116573186674,3,0,1,112640,3,10722879107
9067,116572873858,335794,116573209652,3,0,0,193536,3,8003970553
9068,116573213738,105150,116573318888,6,0,0,174592,6,3808390358
9069,116573344098,233250,116573577348,9,0,1,22016,9,845456296
9070,116573626011,85600,116573711611,7,0,1,16384,7,4792819447
9071,116573728058,113554,116573841612,3,0,0,184320,3,4305034459
9072,116573811780,54354,116573866134,9,0,1,4608,9,9155820451
9073,116573866737,50305,116573917042,6,0,0,89088,6,7632975874
9074,116573891677,179395,116574071072,6,0,0,75264,6,6601534669
9075,116573984218,251864,116574236082,0,0,1,130048,0,2802876219
9076,116574125500,128954,116574254454,7,0,1,36864,7,9122363877
9077,116574192234,62855,116574255089,9,0,1,2048,9,10525977487
9078,116574399972,121156,116574521128,0,0,1,97792,0,1827854194
9079,116574468401,86945,116574555346,9,0,1,17408,9,3399877030
9080,116574564619,5322,116574569941,9,0,0,5632,9,6601304647
9081,116574705850,80524,116574786374,0,0,1,14848,0,8284090741
9082,116575064086,62412,116575126498,0,0,0,101376,0,9310472296
9083,116575227408,139341,116575366749,5,0,1,29696,5,4170912431
9084,116575299409,121156,116575420565,9,0,1,97792,9,6021509366
9085,116575536948,107272,116575644220,7,0,1,52224,7,3778881461
9086,116575673498,13337,116575686835,6,0,0,22528,6,1599513126
9087,116575725450,97912,116575823362,7,0,1,21504,7,41184278
9088,116575883871,255304,116576139175,6,0,0,413696,6,5604277328
9089,116576073884,41128,116576115012,7,0,1,44032,7,6600685895
9090,116576132848,177501,116576310349,9,0,1,14848,9,8860774555
9091,116576242155,329655,116576571810,3,0,0,66560,3,9149442664
9092,116576357637,761554,116577119191,6,0,0,1232896,6,10571037635
9093,116576854436,272520,116577126956,0,0,1,5632,0,593795044
9094,116576882756,318271,116577201027,6,0,0,115200,6,8544640838
9095,116576907137,328491,116577235628,0,0,1,4096,0,7025890845
9096,116576994315,355932,116577350247,0,0,1,25088,0,2215553287
9097,116577482975,101188,116577584163,0,0,1,32256,0,10343562623
9098,116577534520,126161,116577660681,5,0,1,95744,5,5907946719
9099,116577568185,139925,116577708110,0,0,1,36864,0,17372087
9100,116577917470,104152,116578021622,5,0,1,41984,5,9607298978
9101,116578111090,63760,116578174850,7,0,1,10240,7,3847500083
9102,116578304657,6225,116578310882,9,0,0,15360,9,7144408846
9103,116578328105,26475,116578354580,8,0,0,48128,8,5639620404
9104,116578837093,109768,116578946861,7,0,1,60416,7,6292660650
9105,116579466298,163145,116579629443,6,0,0,264192,6,3565255633
9106,116579519415,158933,116579678348,4,0,1,8704,4,10010893007
9107,116579671049,64738,116579735787,6,0,0,105984,6,4648217148
9108,116579805097,50995,116579856092,7,0,1,13824,7,10443339753
9109,116579954403,208004,116580162407,3,0,0,82432,3,5190815102
9110,116580032506,120972,116580153478,7,0,1,36864,7,5875748840
9111,116580083145,117959,116580201104,5,0,1,12288,5,3219229816
9112,116580242518,78520,116580321038,5,0,1,13312,5,351952043
9113,116580313144,7905,116580321049,9,0,0,13312,9,2758338670
9114,116580418373,73444,116580491817,5,0,1,11776,5,102143790
9115,116580517661,96976,116580614637,5,0,1,18432,5,7049353210
9116,116580541256,104721,116580645977,3,0,0,170496,3,4693924622
9117,116580614582,204731,116580819313,3,0,1,27136,3,4297082650
9118,116581022449,13596,116581036045,6,0,0,23040,6,5655348303
9119,116581104222,11529,116581115751,6,0,0,18944,6,9319076673
9120,116581186100,78232,116581264332,9,0,1,17408,9,1563060338
9121,116581270390,52267,116581322657,3,0,1,2048,3,4576960095
9122,116581401243,258317,116581659560,6,0,0,422912,6,2512971431
9123,116581410874,277231,116581688105,4,0,1,4608,4,9004183814
9124,116581497276,234505,116581731781,6,0,0,239104,6,2271892917
9125,116581720372,229895,116581950267,5,0,1,4608,5,4078379677
9126,116581914864,74980,116581989844,4,0,1,11776,4,1226211469
9127,116581978037,115696,116582093733,7,0,1,79872,7,9427977147
9128,116582663964,246900,116582910864,3,0,0,403968,3,8574299751
9129,116582885878,207433,116583093311,6,0,0,340480,6,7370276281
9130,116582886911,206656,116583093567,6,0,0,9216,6,7224482180
9131,116583137800,75033,116583212833,3,0,0,125952,3,10275671705
9132,116583338985,43900,116583382885,5,0,1,512,5,7741123639
9133,116583686178,52029,116583738207,3,0,0,84480,3,3800930162
9134,116583697716,41477,116583739193,9,0,0,1536,9,2513738243
9135,116583768089,51253,116583819342,3,0,0,82944,3,3539477961
9136,116583891174,79432,116583970606,4,0,1,11264,4,7837275264
9137,116584060015,40612,116584100627,6,0,0,65536,6,1781792101
9138,116584146436,5798,116584152234,9,0,0,6144,9,856334515
9139,116584610814,2942,116584613756,9,0,0,3072,9,10680862909
9140,116584849933,7702,116584857635,9,0,0,8192,9,6473609986
9141,116584933404,94240,116585027644,7,0,1,24576,7,6526864960
9142,116585075195,127864,116585203059,6,0,1,119808,6,209794781
9143,116585225090,1038,116585226128,7,0,1,30208,7,4892275382
9144,116585298404,100564,116585398968,9,0,0,1024,9,5400702542
9145,116585332572,41387,116585373959,9,0,0,67072,9,6888751046
9146,116585455285,87484,116585542769,5,0,1,35328,5,1226868037
9147,116585460627,110968,116585571595,9,0,0,146944,9,6407091966
9148,116585589410,25958,116585615368,9,0,0,47104,9,3057029908
9149,116585700573,43971,116585744544,5,0,1,98304,5,1350758266
9150,116585702004,173950,116585875954,6,0,0,72192,6,3237539445
9151,116585738010,138396,116585876406,5,0,1,6144,5,4603223667
9152,116585963976,57436,116586021412,4,0,1,4608,4,7366469996
9153,116586093294,82084,116586175378,7,0,1,19968,7,270456618
9154,116586336699,519758,116586856457,3,0,0,845312,3,7768807122
9155,116586941607,201253,116587142860,5,0,1,31744,5,7647659254
9156,116587176752,266462,116587443214,9,0,0,432128,9,1265766941
9157,116587749143,74346,116587823489,9,0,0,121344,9,10247064653
9158,116587811058,163243,116587974301,7,0,1,175104,7,7250429411
9159,116587835543,298998,116588134541,3,0,1,37888,3,3019766204
9160,116588273353,104204,116588377557,6,0,0,169472,6,10565775462
9161,116588340581,301072,116588641653,3,0,1,125952,3,7217510325
9162,116588361535,660739,116589022274,6,0,1,719872,6,2558153159
9163,116588404655,553044,116588957699,3,0,0,947712,3,9385814498
9164,116588475801,237008,116588712809,4,0,1,21504,4,5862741964
9165,116588738674,633432,116589372106,6,0,0,34304,6,5266628056
9166,116588801052,299424,116589100476,5,0,1,30208,5,9254095413
9167,116588814376,338555,116589152931,3,0,0,186880,3,9812153685
9168,116588902180,265721,116589167901,7,0,1,46592,7,2324748737
9169,116588923909,369560,116589293469,3,0,0,126464,3,9802927278
9170,116589074505,357758,116589432263,5,0,1,48128,5,1584157189
9171,116589176781,727433,116589904214,9,0,0,583168,9,788852784
9172,116589251222,448239,116589699461,3,0,0,527360,3,8869962080
9173,116589315859,394841,116589710700,6,0,0,45568,6,938418859
9174,116589366928,458286,116589825214,9,0,0,376320,9,2217987830
9175,116589535794,462164,116589997958,3,0,1,7680,3,5677031409
9176,116589540125,564197,116590104322,3,0,1,25600,3,2165925577
9177,116589892247,294850,116590187097,8,0,1,18944,8,3177673451
9178,116590278410,230366,116590508776,6,0,1,253952,6,31425502
9179,116590324283,119633,116590443916,8,0,1,3072,8,8081544233
9180,116590389154,258090,116590647244,9,0,0,112640,9,1643685297
9181,116590406284,604729,116591011013,6,0,1,631296,6,10068899536
9182,116590804385,501336,116591305721,3,0,0,1073664,3,6403997258
9183,116590930062,660991,116591591053,5,0,1,20992,5,7046469187
9184,116590952014,2942,116590954956,6,0,1,114176,6,8708070371
9185,116591229870,715626,116591945496,3,0,1,31232,3,5237348183
9186,116591294026,979365,116592273391,6,0,1,906752,6,5668907640
9187,116591391255,883403,116592274658,7,0,1,4096,7,2992322705
9188,116591406664,390504,116591797168,8,0,1,45056,8,4134266668
9189,116591424696,668228,116592092924,3,0,1,5632,3,6920772439
9190,116591427219,1363721,116592790940,6,0,1,593920,6,6865349402
9191,116591556227,779339,116592335566,8,0,1,65024,8,8821699473
9192,116591612708,996633,116592609341,8,0,1,15360,8,8998379063
9193,116591647099,332549,116591979648,5,0,0,3072,5,3240233388
9194,116591885741,1232145,116593117886,7,0,1,5120,7,1341473318
9195,116592045970,613717,116592659687,3,0,1,1024,3,2659300478
9196,116592121470,1236718,116593358188,7,0,1,25600,7,4643686048
9197,116592130002,542507,116592672509,7,0,1,36352,7,5406224450
9198,116592202766,257801,116592460567,9,0,1,81408,9,7888413383
9199,116592420803,500661,116592921464,7,0,1,19968,7,9534136510
9200,116592510256,197656,116592707912,7,0,1,76800,7,966355342
9201,116592516508,265910,116592782418,5,0,0,17408,5,905822713
9202,116592655180,96904,116592752084,6,0,0,478720,6,10589535102
9203,116592681164,162904,116592844068,7,0,1,71680,7,2938903491
9204,116592686816,349130,116593035946,8,0,1,9728,8,9784017797
9205,116592709366,387902,116593097268,3,0,0,297472,3,2589497392
9206,116592767487,164301,116592931788,7,0,1,29696,7,6159600296
9207,116592934593,367412,116593302005,5,0,0,2560,5,956899048
9208,116592942553,195165,116593137718,7,0,1,9216,7,5991464687
9209,116593263542,34363,116593297905,6,0,0,56832,6,9306508752
9210,116593336745,3418,116593340163,5,0,0,3584,5,5989005940
9211,116593367174,83179,116593450353,6,0,1,297472,6,8992866514
9212,116593379313,304240,116593683553,6,0,0,135168,6,9842360055
9213,116593392834,300743,116593693577,3,0,1,72704,3,1906173449
9214,116593423491,145391,116593568882,3,0,1,22528,3,2999139150
9215,116593548702,7702,116593556404,6,0,0,239616,6,4437082942
9216,116593713595,334517,116594048112,5,0,0,8192,5,8653511141
9217,116593886023,32812,116593918835,3,0,0,53760,3,5330763648
9218,116594243165,67612,116594310777,3,0,1,12800,3,6534521743
9219,116594303640,247416,116594551056,3,0,0,404992,3,3351677924
9220,116594389518,318577,116594708095,6,0,1,639488,6,1153108100
9221,116594396974,220079,116594617053,9,0,0,471552,9,9366509841
9222,116594527755,768483,116595296238,3,0,0,113664,3,2774934757
9223,116595230525,15575,116595246100,3,0,1,50688,3,8466348325
9224,116595272109,5322,116595277431,6,0,0,30208,6,568365424
9225,116595305388,116564,116595421952,3,0,0,5632,3,8641388132
9226,116595881825,98692,116595980517,5,0,1,24064,5,300268019
9227,116595979063,104662,116596083725,7,0,1,38912,7,321960316
9228,116596295531,14025,116596309556,6,0,0,27136,6,10436785613
9229,116596297116,91108,116596388224,8,0,1,17408,8,5755652198
9230,116596356624,99004,116596455628,7,0,1,25088,7,2458146550
9231,116596570176,60688,116596630864,8,0,1,10240,8,2105500789
9232,116596615000,95020,116596710020,7,0,1,27136,7,6609019781
9233,116596709487,21403,116596730890,9,0,0,33792,9,2396531989
9234,116596879073,94062,116596973135,3,0,1,17920,3,9748337086
9235,116597124519,73912,116597198431,7,0,1,13312,7,8150658858
9236,116597409532,105868,116597515400,8,0,1,47616,8,6552510772
9237,116597571018,358256,116597929274,6,0,0,912384,6,8730339483
9238,116597608341,475461,116598083802,9,0,1,49152,9,7539233891
9239,116597671870,238873,116597910743,5,0,1,34304,5,2797973890
9240,116597721247,561033,116598282280,6,0,0,135680,6,8453391413
9241,116597848538,452841,116598301379,3,0,1,11776,3,5710503445
9242,116597998123,324008,116598322131,5,0,1,16896,5,8446685924
9243,116598188284,5322,116598193606,7,0,1,34816,7,6549021096
9244,116598313744,273087,116598586831,9,0,1,79872,9,7330600128
9245,116598321253,181821,116598503074,5,0,1,53248,5,598110637
9246,116598396600,257508,116598654108,5,0,0,5632,5,7113399927
9247,116598586469,63448,116598649917,7,0,1,9216,7,8465740726
9248,116598779205,101968,116598881173,5,0,1,34816,5,6660786570
9249,116598854900,184687,116599039587,6,0,0,299520,6,6885396467
9250,116598873162,223964,116599097126,3,0,0,185344,3,4810656657
9251,116599168078,12821,116599180899,3,0,1,3584,3,2930673273
9252,116599207743,100991,116599308734,9,0,1,14336,9,3875146933
9253,116599213728,74356,116599288084,6,0,0,21504,6,9038673053
9254,116599234755,5798,116599240553,3,0,1,9728,3,10421960039
9255,116599413898,218723,116599632621,5,0,0,6144,5,1477086659
9256,116599500367,55744,116599556111,5,0,1,4096,5,9697595039
9257,116599581459,67588,116599649047,9,0,1,7680,9,3937714371
9258,116599673033,106648,116599779681,5,0,1,50176,5,10206916385
9259,116599840563,196016,116600036579,9,0,0,321536,9,7068534268
9260,116599868747,169458,116600038205,5,0,0,2560,5,670077623
9261,116599897311,243101,116600140412,5,0,1,3072,5,8496316257
9262,116599943312,179308,116600122620,8,0,1,64512,8,9753592792
9263,116599999576,167218,116600166794,3,0,1,18432,3,6567073409
9264,116600048966,306115,116600355081,8,0,1,16896,8,1746767699
9265,116600318765,45592,116600364357,5,0,1,1024,5,8600328751
9266,116600344410,100252,116600444662,3,0,1,29184,3,2933169672
9267,116600379772,112770,116600492542,9,0,1,37888,9,5523805563
9268,116600604027,101812,116600705839,9,0,1,34304,9,2510416701
9269,116600725752,6750,116600732502,5,0,0,7168,5,2033785405
9270,116600819018,34533,116600853551,3,0,0,60416,3,3570538185
9271,116601039046,21912,116601060958,9,0,0,35840,9,709955645
9272,116601187203,43900,116601231103,7,0,1,512,7,2555748266
9273,116601250248,84641,116601334889,6,0,0,141312,6,2225116600
9274,116601251618,50687,116601302305,5,0,1,3072,5,8244334890
9275,116601280672,243567,116601524239,7,0,1,53248,7,7599956003
9276,116601300472,290047,116601590519,3,0,0,53248,3,1924714457
9277,116601334095,245995,116601580090,7,0,1,30720,7,871375274
9278,116601407236,173333,116601580569,9,0,1,1536,9,8755814836
9279,116601592944,103946,116601696890,6,0,0,168960,6,2314767104
9280,116601599965,98231,116601698196,5,0,0,2048,5,1197512908
9281,116601779087,23462,116601802549,9,0,0,38912,9,5942737980
9282,116601987894,100096,116602087990,3,0,1,28672,3,2560622610
9283,116601990194,105763,116602095957,5,0,1,26112,5,8499689298
9284,116602135762,79432,116602215194,9,0,1,11264,9,659994656
9285,116602140437,216354,116602356791,6,0,0,351232,6,6797502538
9286,116602220109,142174,116602362283,9,0,0,26112,9,4701789331
9287,116602623787,104308,116602728095,3,0,1,42496,3,1296153653
9288,116602666792,72795,116602739587,6,0,0,118272,6,6315435364
9289,116602703419,90313,116602793732,8,0,1,5632,8,209777928
9290,116602755598,47284,116602802882,8,0,1,22528,8,1907672930
9291,116602808783,213749,116603022532,9,0,1,1536,9,3839165972
9292,116603134330,66052,116603200382,5,0,1,7680,5,10061408218
9293,116603402362,100720,116603503082,7,0,1,30720,7,9942991290
9294,116603508880,101188,116603610068,3,0,1,32256,3,8372898159
9295,116603545391,120435,116603665826,5,0,1,57856,5,6541417615
9296,116603633924,72376,116603706300,7,0,1,13312,7,8962406411
9297,116603644695,125445,116603770140,8,0,1,66560,8,8452603033
9298,116603741234,78676,116603819910,9,0,1,13824,9,10309995413
9299,116603806758,112572,116603919330,5,0,1,40448,5,8545276972
9300,116603968462,123420,116604091882,6,0,0,200192,6,7588012236
9301,116604084818,62412,116604147230,9,0,0,101376,9,3841695557
9302,116604147342,26217,116604173559,3,0,0,47616,3,1800893842
9303,116604205147,4158,116604209305,5,0,0,11264,5,8434438195
9304,116604958050,67588,116605025638,3,0,1,7680,3,6678001614
9305,116605198888,134680,116605333568,2,0,1,132096,2,1553019088
9306,116605239698,154338,116605394036,3,0,1,40960,3,197604050
9307,116605400599,261385,116605661984,6,0,0,902656,6,8354570649
9308,116605499717,338054,116605837771,5,0,1,52224,5,8270179351
9309,116605672727,610193,116606282920,6,0,1,197120,6,3653236180
9310,116606522819,101656,116606624475,8,0,1,33792,8,7167531541
9311,116606539213,85585,116606624798,2,0,1,1024,2,7596824627
9312,116606737123,101500,116606838623,2,0,1,33280,2,10509080758
9313,116606898117,59128,116606957245,5,0,1,5120,5,10041222307
9314,116606949855,105400,116607055255,9,0,1,46080,9,2577149487
9315,116606987525,124052,116607111577,7,0,1,28160,7,1831730980
9316,116607027894,143497,116607171391,2,0,1,67072,2,1773221245
9317,116607080215,186238,116607266453,7,0,0,302592,7,3564761639
9318,116607107381,189636,116607297017,2,0,1,1024,2,5673310901
9319,116607139335,248915,116607388250,3,0,0,353280,3,6649095498
9320,116607272319,323994,116607596313,9,0,1,41472,9,1855591985
9321,116607389860,223120,116607612980,6,0,0,360960,6,1615263693
9322,116607718690,856467,116608575157,3,0,0,1391104,3,2141291851
9323,116607790478,438610,116608229088,9,0,0,214016,9,235793711
9324,116608165759,269749,116608435508,0,0,1,78336,0,8739757656
9325,116608226495,851664,116609078159,0,0,1,63488,0,4637099528
9326,116608335879,302237,116608638116,7,0,1,4096,7,8026556574
9327,116608382557,116086,116608498643,3,0,0,138752,3,9679793331
9328,116608573893,484734,116609058627,5,0,0,16384,5,3794613167
9329,116608746073,1038,116608747111,7,0,1,20992,7,1235617180
9330,116608806835,274765,116609081600,5,0,0,1024,5,5289709242
9331,116608925630,10753,116608936383,9,0,1,14336,9,7455281090
9332,116608975364,122557,116609097921,5,0,1,8192,5,209120223
9333,116609010096,55300,116609065396,6,0,0,11776,6,2005877624
9334,116609032259,150674,116609182933,9,0,0,94208,9,7110667782
9335,116609071630,56592,116609128222,7,0,1,24064,7,7748473140
9336,116609089857,49610,116609139467,6,0,0,96768,6,7891774239
9337,116609100705,205501,116609306206,5,0,0,6144,5,7455361687
9338,116609548931,110080,116609659011,8,0,1,61440,8,4065864208
9339,116609771226,104152,116609875378,9,0,1,41984,9,2638016742
9340,116609934759,96088,116610030847,9,0,1,25600,9,727976962
9341,116610021012,75760,116610096772,2,0,1,14336,2,2072309014
9342,116610022349,99004,116610121353,3,0,1,25088,3,2051360434
9343,116610107041,63616,116610170657,9,0,0,107008,9,9084237635
9344,116610229669,31262,116610260931,6,0,0,50688,6,9872362223
9345,116610302131,50668,116610352799,8,0,1,15360,8,2470706907
9346,116610403848,201173,116610605021,3,0,1,2560,3,4532141265
9347,116610695837,1038,116610696875,5,0,0,1024,5,5768449912
9348,116610715819,98536,116610814355,7,0,1,23552,7,7281515795
9349,116610781871,32983,116610814854,6,0,0,57344,6,1306310661
9350,116610788517,87717,116610876234,9,0,0,129536,9,1767560109
9351,116610839564,95284,116610934848,3,0,1,17920,3,6165486041
9352,116611031290,55300,116611086590,7,0,0,94208,7,6122345615
9353,116611132229,286205,116611418434,6,0,0,807936,6,5693223563
9354,116611228275,498821,116611727096,6,0,0,497664,6,2869314861
9355,116611321393,391577,116611712970,9,0,1,49152,9,8163241248
9356,116611325159,386535,116611711694,5,0,1,42496,5,9787618206
9357,116611340213,280886,116611621099,7,0,1,25088,7,7044643461
9358,116611487215,558045,116612045260,3,0,1,6144,3,5458933103
9359,116611547908,305397,116611853305,6,0,0,214016,6,9098249737
9360,116611572032,374333,116611946365,9,0,0,306176,9,2567378028
9361,116611641694,336749,116611978443,7,0,0,104448,7,5855148794
9362,116611647800,331514,116611979314,5,0,0,12288,5,9307100428
9363,116611734238,212616,116611946854,8,0,1,32768,8,1175680648
9364,116611793951,173723,116611967674,6,0,0,89600,6,7921931271
9365,116611829766,377224,116612206990,2,0,1,23552,2,4815222970
9366,116611843469,267482,116612110951,9,0,0,34304,9,60225377
9367,116611863324,402832,116612266156,2,0,1,26112,2,1439591862
9368,116611951815,320203,116612272018,8,0,1,7168,8,2367520943
9369,116612282788,206093,116612488881,2,0,1,15360,2,6914165408
9370,116612439145,102956,116612542101,3,0,1,17920,3,5977397439
9371,116612513244,79432,116612592676,3,0,1,26624,3,8763122685
9372,116612523629,126701,116612650330,9,0,1,11264,9,9850881663
9373,116612777345,46984,116612824329,6,0,0,81408,6,1225965882
9374,116612889464,45592,116612935056,5,0,1,1024,5,1890555131
9375,116612936277,227425,116613163702,3,0,0,372736,3,5773685553
9376,116613206027,231623,116613437650,2,0,1,85504,2,9010631306
9377,116613281998,182878,116613464876,7,0,0,295936,7,2914946173
9378,116613519551,153138,116613672689,8,0,1,3584,8,2044250785
9379,116613531839,173082,116613704921,3,0,1,8704,3,2002855535
9380,116613734726,186386,116613921112,7,0,0,979456,7,6052812564
9381,116613745316,284347,116614029663,5,0,0,3584,5,10261169321
9382,116613775408,602308,116614377716,3,0,0,171520,3,4620972379
9383,116613789209,593984,116614383193,9,0,0,7168,9,5895213835
9384,116613844440,616810,116614461250,3,0,0,284160,3,2015594536
9385,116613875787,607515,116614483302,2,0,1,2560,2,9348904201
9386,116613957234,640723,116614597957,7,0,1,12800,7,1758983261
9387,116613998212,487105,116614485317,5,0,0,8704,5,6453100075
9388,116614016095,255805,116614271900,6,0,0,427008,6,9175540657
9389,116614135617,377935,116614513552,3,0,0,88576,3,5615089909
9390,116614166071,458914,116614624985,9,0,1,27648,9,7358239094
9391,116614203658,608901,116614812559,7,0,1,29696,7,8136234106
9392,116614273305,510462,116614783767,9,0,1,16384,9,3342829803
9393,116614277408,124010,116614401418,2,0,1,9216,2,7945231314
9394,116614538134,491838,116615029972,9,0,0,60416,9,2317734195
9395,116614674974,214238,116614889212,8,0,1,35840,8,10676734632
9396,116614814867,238695,116615053562,7,0,1,57856,7,10498161934
9397,116614858642,429408,116615288050,7,0,0,699392,7,2452296535
9398,116614942240,306903,116615249143,3,0,1,3584,3,329678245
9399,116615007273,411787,116615419060,6,0,0,83968,6,2225212277
9400,116615069653,399281,116615468934,7,0,0,495104,7,4880297294
9401,116615079034,199878,116615278912,7,0,1,34816,7,576884267
9402,116615280705,7226,116615287931,3,0,0,39424,3,5548409494
9403,116615426203,567182,116615993385,3,0,1,8704,3,5390200597
9404,116615517909,227259,116615745168,9,0,1,17408,9,8705720997
9405,116615580527,237435,116615817962,8,0,1,16896,8,5335903677
9406,116615604532,197655,116615802187,2,0,1,8192,2,10694487017
9407,116615604656,177041,116615781697,5,0,0,7680,5,882107732
9408,116615649590,253470,116615903060,7,0,1,2048,7,4252596173
9409,116615715501,86634,116615802135,3,0,0,340480,3,5440743801
9410,116615726048,207433,116615933481,9,0,1,10240,9,1931882085
9411,116615818722,356568,116616175290,7,0,1,6656,7,4915408162
9412,116615984580,562,116615985142,7,0,1,2048,7,5668248530
9413,116616011487,212436,116616223923,2,0,1,45568,2,3715317064
9414,116616136460,255357,116616391817,7,0,0,512,7,8656371216
9415,116616146240,150555,116616296795,8,0,1,51200,8,2320561189
9416,116616190086,123443,116616313529,2,0,1,9216,2,1108452177
9417,116616321150,198801,116616519951,3,0,0,808448,3,4164050588
9418,116616438615,290487,116616729102,7,0,0,239616,7,1726010545
9419,116616481562,499079,116616980641,2,0,1,10240,2,7021551556
9420,116616531191,350121,116616881312,8,0,1,79360,8,8469029918
9421,116616563276,453937,116617017213,7,0,1,12800,7,5700181074
9422,116616705404,290884,116616996288,3,0,0,340992,3,10351840987
9423,116616729108,239589,116616968697,8,0,1,19968,8,8575913692
9424,116616782928,473212,116617256140,3,0,0,84480,3,10554839262
9425,116617041797,202957,116617244754,3,0,1,32256,3,4332125346
9426,116617135775,226293,116617362068,9,0,1,46592,9,9646029229
9427,116617180651,117215,116617297866,7,0,1,75776,7,2285462460
9428,116617261210,239461,116617500671,3,0,1,17920,3,4563914631
9429,116617269045,65120,116617334165,9,0,1,6656,9,9523184169
9430,116617377501,178300,116617555801,2,0,1,6656,2,1617508270
9431,116617427245,96976,116617524221,8,0,1,18432,8,3739002431
9432,116617471313,90256,116617561569,8,0,1,26624,8,9027883682
9433,116617622352,153279,116617775631,3,0,0,248320,3,2216716519
9434,116617650870,171419,116617822289,7,0,0,157696,7,6578431711
9435,116617701532,125903,116617827435,3,0,0,8192,3,124543943
9436,116618122181,4370,116618126551,7,0,0,4608,7,5743679334
9437,116618956342,147717,116619104059,3,0,0,244224,3,357054388
9438,116619070133,178354,116619248487,9,0,1,9728,9,4100851514
9439,116619229623,339575,116619569198,3,0,0,554496,3,4083376242
9440,116619307836,272738,116619580574,9,0,1,11776,9,8551799831
9441,116619324015,342938,116619666953,9,0,1,15872,9,3905473271
9442,116619781910,103429,116619885339,3,0,0,167936,3,10167775557
9443,116619942335,7226,116619949561,5,0,0,7680,5,7629936244
9444,116620031725,98536,116620130261,8,0,1,23552,8,3337238201
9445,116620059527,155928,116620215455,7,0,1,70144,7,3805330584
9446,116620155478,91063,116620246541,8,0,1,9728,8,131869860
9447,116620215623,74980,116620290603,2,0,1,11776,2,1206966332
9448,116620306516,45592,116620352108,2,0,1,1024,2,9069165826
9449,116620506224,100564,116620606788,8,0,1,30208,8,2100199213
9450,116620547953,365645,116620913598,3,0,0,591872,3,1820036243
9451,116620640642,113139,116620753781,7,0,1,36352,7,5570696339
9452,116620816524,338679,116621155203,3,0,0,52224,3,4643958448
9453,116621254727,66975,116621321702,2,0,1,49664,2,522344517
9454,116621266251,106492,116621372743,6,0,0,113664,6,1901857768
9455,116621472297,3641,116621475938,5,0,0,10240,5,6898256828
9456,116621518522,215321,116621733843,6,0,0,349184,6,10153647566
9457,116621635318,104631,116621739949,7,0,0,29184,7,5379836678
9458,116621704947,116217,116621821164,7,0,1,16896,7,6997398840
9459,116621845273,280363,116622125636,2,0,1,79872,2,6282051285
9460,116622081407,56680,116622138087,7,0,1,7168,7,1549175416
9461,116622417878,74692,116622492570,7,0,1,15872,7,5038363980
9462,116622635636,34363,116622669999,7,0,0,56832,7,5583128938
9463,116622756584,125658,116622882242,3,0,0,207872,3,9339984494
9464,116622898085,137102,116623035187,8,0,1,512,8,5201741761
9465,116622932568,188475,116623121043,3,0,0,310272,3,2625572004
9466,116623038409,157009,116623195418,7,0,1,8192,7,4543095786
9467,116623095407,268958,116623364365,7,0,0,440320,7,6363933104
9468,116623202973,290862,116623493835,3,0,1,8192,3,6697332187
9469,116623428401,166456,116623594857,7,0,1,21504,7,162176290
9470,116623493985,104374,116623598359,6,0,0,173056,6,2989256385
9471,116623554365,77081,116623631446,9,0,1,22016,9,751492695
9472,116623598783,253821,116623852604,7,0,1,512,7,8609182006
9473,116623614800,218275,116623833075,2,0,1,11776,2,7223451096
9474,116623766703,113886,116623880589,3,0,1,15360,3,7751016940
9475,116624012078,50668,116624062746,2,0,1,12800,2,5861312663
9476,116624027968,73756,116624101724,9,0,1,2560,9,1685944165
9477,116624205632,116944,116624322576,9,0,1,83968,9,515923254
9478,116624348893,3894,116624352787,5,0,0,4096,5,10242131141
9479,116624370294,21654,116624391948,6,0,0,35328,6,2967698779
9480,116624500548,47596,116624548144,7,0,1,2560,7,8034688410
9481,116624610761,286234,116624896995,7,0,0,688640,7,4798098378
9482,116624682357,425620,116625107977,2,0,1,2048,2,758426449
9483,116624829816,196829,116625026645,3,0,1,92160,3,9871185980
9484,116624876456,129890,116625006346,3,0,0,119296,3,1882716484
9485,116624949706,24219,116624973925,5,0,0,22016,5,8585945151
9486,116625061995,320010,116625382005,6,0,0,23552,6,2520627828
9487,116625204417,562,116625204979,5,0,0,512,5,10208935622
9488,116625275541,123011,116625398552,7,0,1,41472,7,8116289184
9489,116625429896,108988,116625538884,3,0,1,57856,3,1906365489
9490,116625724424,2942,116625727366,2,0,1,40960,2,4990121655
9491,116625794769,103840,116625898609,5,0,0,3072,5,6453812436
9492,116625912652,7702,116625920354,5,0,0,8192,5,8216381867
9493,116625919735,2466,116625922201,9,0,1,108544,9,5578320712
9494,116626046451,244790,116626291241,5,0,0,2560,5,5643174851
9495,116626116927,183137,116626300064,6,0,0,296448,6,3519347291
9496,116626243616,67380,116626310996,3,0,0,35840,3,6344522387
9497,116626385884,145572,116626531456,3,0,1,17920,3,10620884760
9498,116626604560,562,116626605122,7,0,0,512,7,5268629603
9499,116626761075,286366,116627047441,7,0,0,467456,7,9496973182
9500,116626781836,266271,116627048107,5,0,0,1024,5,238488095
9501,116626866215,100867,116626967082,9,0,1,17920,9,4280473830
9502,116626959094,279944,116627239038,6,0,0,48640,6,8379977966
9503,116627105385,63616,116627169001,7,0,0,107008,7,7998774101
9504,116627232491,13508,116627245999,6,0,0,26112,6,556970825
9505,116627408819,113356,116627522175,9,0,1,72192,9,6922729248
9506,116627499269,319583,116627818852,3,0,0,522240,3,10691008418
9507,116627533487,343416,116627876903,3,0,0,187904,3,7784542715
9508,116627737771,139798,116627877569,5,0,0,1024,5,1406105246
9509,116627743330,175911,116627919241,6,0,0,415744,6,7953789142
9510,116627765226,263844,116628029070,7,0,1,35328,7,1806665527
9511,116627779430,191941,116627971371,9,0,1,15360,9,10421028464
9512,116627820391,396742,116628217133,3,0,1,30208,3,823443394
9513,116627825960,352886,116628178846,3,0,0,43008,3,8311647377
9514,116627893235,280053,116628173288,7,0,0,447488,7,1390926378
9515,116627906747,266552,116628173299,5,0,0,2048,5,2605985085
9516,116628010381,124940,116628135321,7,0,1,40960,7,1904518123
9517,116628049858,413175,116628463033,5,0,0,6656,5,6684904051
9518,116628261520,212895,116628474415,9,0,1,4096,9,5277509600
9519,116628546977,1990,116628548967,5,0,0,2048,5,3121491732
9520,116628561009,117585,116628678594,9,0,1,26112,9,417964774
9521,116628588877,95440,116628684317,7,0,1,18432,7,9030709821
9522,116628645396,61637,116628707033,3,0,0,99840,3,2660461604
9523,116628758923,176541,116628935464,7,0,0,290304,7,605855709
9524,116628936453,140991,116629077444,7,0,1,19968,7,2273596845
9525,116628954613,106652,116629061265,9,0,1,42496,9,10286265980
9526,116629013278,217950,116629231228,9,0,1,32256,9,2779859025
9527,116629283300,4370,116629287670,5,0,0,4608,5,8644218789
9528,116629341412,114760,116629456172,9,0,1,76800,9,953595576
9529,116629569302,45592,116629614894,2,0,1,1024,2,5885207370
9530,116629648672,22170,116629670842,3,0,0,36352,3,5907290190
9531,116630015979,99628,116630115607,2,0,1,27136,2,3775279477
9532,116630188990,101812,116630290802,7,0,1,34304,7,7898756162
9533,116630545602,52360,116630597962,7,0,1,3072,7,3328784128
9534,116630621515,237033,116630858548,3,0,0,388096,3,4499607409
9535,116630639152,221662,116630860814,5,0,0,3584,5,5050603185
9536,116630676351,185449,116630861800,5,0,0,1536,5,518898318
9537,116630725107,175067,116630900174,3,0,1,18944,3,1324907714
9538,116630728156,42937,116630771093,6,0,0,132608,6,4374600142
9539,116630814046,257263,116631071309,2,0,1,57344,2,9277699209
9540,116630897016,334487,116631231503,3,0,0,70144,3,9966420682
9541,116631125042,65095,116631190137,3,0,1,5120,3,6223530864
9542,116631473390,100096,116631573486,7,0,1,28672,7,5643344858
9543,116631567171,126683,116631693854,6,0,1,95232,6,7161691234
9544,116631862148,55744,116631917892,9,0,1,4096,9,1932720046
9545,116631880678,136316,116632016994,7,0,1,101376,7,8681722722
9546,116632084316,101188,116632185504,7,0,1,32256,7,9277647318
9547,116632367976,278825,116632646801,3,0,0,456192,3,9400262182
9548,116632898701,71308,116632970009,3,0,1,14848,3,687144592
9549,116633014220,1038,116633015258,5,0,0,1024,5,4995236883
9550,116633153744,1038,116633154782,5,0,0,1024,5,8464000597
9551,116633196494,55744,116633252238,9,0,1,4096,9,5250102885
9552,116633342146,2942,116633345088,9,0,1,13824,9,1415072545
9553,116633392593,87892,116633480485,6,0,0,3072,6,7561555741
9554,116633718059,133287,116633851346,7,0,0,216064,7,2895357135
9555,116633860120,46208,116633906328,6,0,0,79872,6,5131748922
9556,116633897296,124366,116634021662,6,0,1,229376,6,979678960
9557,116633932296,36342,116633968638,6,0,0,205312,6,9216853604
9558,116634014521,380018,116634394539,6,0,1,71168,6,4875736359
9559,116634042288,317843,116634360131,7,0,0,64000,7,9190567236
9560,116634108783,276787,116634385570,6,0,1,6656,6,4253667463
9561,116634916181,5967,116634922148,6,0,1,178176,6,5491956341
9562,116634949092,194800,116635143892,7,0,0,14848,7,9198326752
9563,116634953898,459008,116635412906,6,0,0,747008,6,7825005995
9564,116635127761,409003,116635536764,6,0,0,404480,6,8728173050
9565,116635192782,468712,116635661494,3,0,1,38912,3,5224781721
9566,116635498966,287141,116635786107,7,0,0,468992,7,8893179113
9567,116635600516,274132,116635874648,7,0,0,284672,7,2691306479
9568,116635713028,612413,116636325441,6,0,1,366080,6,8955503826
9569,116635815143,409909,116636225052,2,0,1,1536,2,6929273431
9570,116635906350,512504,116636418854,6,0,1,339968,6,7142096518
9571,116635917259,524892,116636442151,3,0,1,5632,3,794904262
9572,116636094587,337946,116636432533,3,0,1,4096,3,8817062124
9573,116636320165,95885,116636416050,3,0,0,151040,3,10441300731
9574,116636342636,172236,116636514872,0,0,1,22016,0,7771160059
9575,116636343292,186691,116636529983,7,0,1,22016,7,7718246534
9576,116636384400,209173,116636593573,7,0,1,2048,7,1879566188
9577,116636659752,70840,116636730592,3,0,1,13312,3,9858458290
9578,116636704159,84244,116636788403,3,0,1,22016,3,6056291462
9579,116636828079,562,116636828641,5,0,0,512,5,9885929171
9580,116636871074,51512,116636922586,7,0,0,83456,7,3163489254
9581,116637166945,276587,116637443532,7,0,0,448512,7,3537818256
9582,116637577484,144358,116637721842,7,0,0,237568,7,4926022460
9583,116637738660,1990,116637740650,9,0,1,51712,9,9793646493
9584,116637749925,62412,116637812337,6,0,1,74752,6,5060125778
9585,116637767805,284111,116638051916,5,0,0,2048,5,9078376347
9586,116637821407,342637,116638164044,3,0,0,101376,3,6937647779
9587,116637987989,236258,116638224247,3,0,0,386560,3,1311789878
9588,116638101190,38160,116638139350,2,0,1,18944,2,6136027764
9589,116638134354,57743,116638192097,7,0,1,2560,7,2558890315
9590,116638188353,270630,116638458983,5,0,0,3584,5,5794429551
9591,116638190173,316756,116638506929,6,0,0,77824,6,2475627664
9592,116638385105,206658,116638591763,3,0,0,338944,3,3821448578
9593,116638473138,140933,116638614071,7,0,1,33280,7,3164674508
9594,116638476450,281390,116638757840,6,0,1,112128,6,6125854170
9595,116638489489,294861,116638784350,5,0,1,18944,5,2839660322
9596,116638738062,127042,116638865104,5,0,1,52224,5,810802365
9597,116638821140,64204,116638885344,9,0,1,6656,9,1199133296
9598,116638850788,5798,116638856586,7,0,1,24064,7,8387876469
9599,116638942480,131168,116639073648,5,0,0,6144,5,4854248338
9600,116638984216,209863,116639194079,6,0,1,102400,6,2312018559
9601,116639191304,102263,116639293567,0,0,1,31744,0,2172240736
9602,116639263405,70972,116639334377,0,0,1,8704,0,7624652449
9603,116639778517,5322,116639783839,2,0,1,96768,2,3434619021
9604,116639828324,120844,116639949168,4,0,1,29184,4,7347678219
9605,116639847635,141753,116639989388,5,0,0,5632,5,4365094353
9606,116639921867,201035,116640122902,6,0,1,145920,6,3538569316
9607,116640015166,142120,116640157286,6,0,0,229888,6,736333687
9608,116640111726,379785,116640491511,2,0,1,81920,2,7635825222
9609,116640207284,441829,116640649113,6,0,1,371200,6,6161819656
9610,116640295057,416012,116640711069,3,0,0,673280,3,8383440398
9611,116640359077,3900,116640362977,9,0,1,14848,9,9373617239
9612,116640593741,3383,116640597124,5,0,1,1024,5,6045864609
9613,116640666500,422776,116641089276,6,0,1,1096704,6,5125782406
9614,116640712593,1514,116640714107,2,0,0,10752,2,2483000005
9615,116640753096,44488,116640797584,7,0,0,9728,7,4066868440
9616,116640842383,83696,116640926079,5,0,0,1536,5,1261976373
9617,116640868016,281683,116641149699,0,0,1,19456,0,10707949875
9618,116640940525,967109,116641907634,3,0,1,6656,3,2729637418
9619,116640973182,1040191,116642013373,7,0,0,73216,7,9345588517
9620,116641094060,771855,116641865915,7,0,0,136192,7,9468597542
9621,116641097705,550289,116641647994,5,0,1,26624,5,1561340089
9622,116641184649,427801,116641612450,8,0,1,23040,8,891473154
9623,116641223324,415971,116641639295,3,0,1,10240,3,9431547704
9624,116641245773,484126,116641729899,5,0,1,34816,5,1772725685
9625,116641765050,1990,116641767040,5,0,0,2048,5,5083724231
9626,116642009201,103216,116642112417,6,0,1,38912,6,5649568020
9627,116642078288,193747,116642272035,5,0,1,168448,5,1887482619
9628,116642079284,358171,116642437455,6,0,1,250368,6,621902864
9629,116642195018,277712,116642472730,7,0,1,115712,7,5653291557
9630,116642373067,171652,116642544719,3,0,1,52224,3,2378404039
9631,116642489269,157246,116642646515,3,0,1,126976,3,568227161
9632,116642745527,104152,116642849679,5,0,1,41984,5,4114439761
9633,116642814815,131632,116642946447,4,0,1,59904,4,4121943783
9634,116642840862,132645,116642973507,3,0,1,32768,3,8960969682
9635,116642950827,103372,116643054199,7,0,1,39424,7,441589922
9636,116643066318,50668,116643116986,7,0,1,2560,7,5244940097
9637,116643098108,263362,116643361470,7,0,0,425984,7,6115203735
9638,116643211215,222952,116643434167,0,0,1,10752,0,2264426666
9639,116643270837,21395,116643292232,9,0,1,33280,9,9634293917
9640,116643343536,207085,116643550621,4,0,1,1024,4,9244583920
9641,116643398044,305864,116643703908,5,0,1,80384,5,387329764
9642,116643452017,223458,116643675475,3,0,0,34816,3,652131315
9643,116643888609,2466,116643891075,3,0,1,51712,3,10228664235
9644,116643963999,107116,116644071115,5,0,0,2560,5,1828507013
9645,116643995201,147976,116644143177,7,0,1,138752,7,1764828087
9646,116644280390,97756,116644378146,3,0,1,20992,3,2896302751
9647,116644514917,196104,116644711021,7,0,0,318464,7,3655502500
9648,116644572550,266356,116644838906,7,0,0,371712,7,8152016357
9649,116644762430,295442,116645057872,2,0,1,41984,2,9596759469
9650,116645145629,32037,116645177666,7,0,0,52224,7,6055765391
9651,116645207031,349543,116645556574,6,0,1,1223168,6,8238478041
9652,116645294220,303734,116645597954,9,0,1,2048,9,4058777334
9653,116645356550,165900,116645522450,3,0,1,20480,3,2121255154
9654,116645425385,399482,116645824867,6,0,1,25088,6,2836047590
9655,116645426064,581054,116646007118,0,0,1,31744,0,710345322
9656,116645604156,1137585,116646741741,3,0,0,272896,3,4897817698
9657,116645752033,600394,116646352427,2,0,1,25600,2,1075781100
9658,116645824982,420530,116646245512,0,0,1,9216,0,3555607644
9659,116645904287,536359,116646440646,0,0,1,18944,0,9779967734
9660,116645937992,462837,116646400829,9,0,1,19968,9,5435151038
9661,116645957170,474869,116646432039,6,0,1,212992,6,5215780126
9662,116646113447,99465,116646212912,4,0,1,28672,4,3861552519
9663,116646343361,353765,116646697126,6,0,0,17408,6,9379049004
9664,116646344930,238139,116646583069,6,0,1,104960,6,8794416753
9665,116646409208,36463,116646445671,6,0,1,103424,6,519476232
9666,116646546617,205395,116646752012,7,0,0,44544,7,9318656507
9667,116646824665,108832,116646933497,9,0,1,17920,9,8685613432
9668,116646836376,156147,116646992523,4,0,1,57344,4,4804654132
9669,116646934158,99088,116647033246,7,0,1,22528,7,8478209380
9670,116646982782,87940,116647070722,0,0,1,24064,0,7603519975
9671,116647021960,76384,116647098344,4,0,1,16384,4,4194677105
9672,116647252102,97132,116647349234,3,0,1,18944,3,8862466712
9673,116647354870,99628,116647454498,0,0,1,27136,0,8122192411
9674,116647449889,70497,116647520386,2,0,1,7168,2,3498604301
9675,116647500167,102280,116647602447,0,0,1,35840,0,185321614
9676,116647577999,33329,116647611328,2,0,1,19456,2,5961977668
9677,116647588351,88072,116647676423,7,0,0,54784,7,7366056226
9678,116647768841,46208,116647815049,7,0,0,79872,7,10638944322
9679,116647771114,170744,116647941858,7,0,1,25600,7,7872288108
9680,116647886918,162370,116648049288,7,0,0,262656,7,7408604570
9681,116647931741,198595,116648130336,9,0,1,17408,9,4565065780
9682,116648006578,235571,116648242149,6,0,0,381952,6,5923669181
9683,116648078752,252383,116648331135,6,0,1,28160,6,10114092255
9684,116648118047,424419,116648542466,4,0,1,54272,4,7577238860
9685,116648156073,478992,116648635065,6,0,1,288768,6,2553550376
9686,116648220309,303312,116648523621,7,0,1,68096,7,8075482665
9687,116648306694,111839,116648418533,2,0,1,42496,2,3783396465
9688,116648357689,259521,116648617210,0,0,1,9728,0,6935510317
9689,116648499164,418951,116648918115,5,0,0,1024,5,9546302204
9690,116648610491,269234,116648879725,6,0,0,685056,6,5154135955
9691,116648627956,420317,116649048273,2,0,1,11776,2,8125115274
9692,116648734256,243064,116648977320,7,0,1,4096,7,5232580517
9693,116648819208,266267,116649085475,6,0,0,109568,6,9150725858
9694,116648890125,532035,116649422160,4,0,1,51200,4,8062214344
9695,116649021820,63874,116649085694,9,0,1,7168,9,1034241465
9696,116649211513,301731,116649513244,3,0,0,107520,3,8821008827
9697,116649276275,73862,116649350137,3,0,1,2560,3,1854518720
9698,116649296914,140541,116649437455,3,0,1,38400,3,3473804565
9699,116649345270,36859,116649382129,0,0,1,24064,0,6651313691
9700,116649442123,206933,116649649056,6,0,1,38912,6,3183092888
9701,116649470034,180150,116649650184,3,0,0,65024,3,5678771352
9702,116649664253,592227,116650256480,7,0,0,1009664,7,5949351090
9703,116649668607,621266,116650289873,6,0,1,163328,6,9744773609
9704,116649820533,442958,116650263491,7,0,1,17408,7,326571073
9705,116649846427,646162,116650492589,9,0,0,6144,9,6778031020
9706,116649951136,782112,116650733248,6,0,1,496128,6,8416793604
9707,116650100168,721054,116650821222,7,0,0,1167360,7,8952305903
9708,116650148946,641881,116650790827,3,0,1,1536,3,1993656735
9709,116650183527,412974,116650596501,5,0,0,6656,5,9657934966
9710,116650413740,316200,116650729940,5,0,0,2048,5,5925288186
9711,116650432062,307252,116650739314,3,0,1,26624,3,479908598
9712,116650512460,541370,116651053830,2,0,0,3072,2,7767568844
9713,116650563548,264772,116650828320,3,0,0,136192,3,6690996297
9714,116650761680,885767,116651647447,3,0,1,105472,3,8837642319
9715,116650769462,87217,116650856679,0,0,1,62976,0,2910260563
9716,116650847782,289084,116651136866,2,0,1,13312,2,6317358383
9717,116650935916,435015,116651370931,6,0,1,435712,6,2523331659
9718,116650947507,76325,116651023832,3,0,0,131072,3,3260901861
9719,116651139546,61895,116651201441,4,0,1,11264,4,7160470448
9720,116651197268,1990,116651199258,7,0,0,128512,7,7159280290
9721,116651310343,658533,116651968876,6,0,0,100352,6,3147428105
9722,116651406089,458346,116651864435,5,0,0,2048,5,6716073863
9723,116651747284,115558,116651862842,9,0,1,15872,9,2486827453
9724,116651812777,71762,116651884539,7,0,0,116224,7,445704622
9725,116651821477,66928,116651888405,2,0,0,6144,2,1323831370
9726,116651965174,92973,116652058147,3,0,1,7168,3,8723483260
9727,116651983391,296688,116652280079,6,0,0,875008,6,9293154840
9728,116652083698,540096,116652623794,6,0,0,65536,6,7595018778
9729,116652122666,460373,116652583039,6,0,1,424960,6,195632280
9730,116652131663,472072,116652603735,9,0,1,51200,9,8689281685
9731,116652210432,293114,116652503546,6,0,1,58880,6,9318998401
9732,116652313472,481085,116652794557,8,0,1,68096,8,9018813548
9733,116652350683,801382,116653152065,8,0,1,5120,8,1293697157
9734,116652354883,570112,116652924995,3,0,1,3072,3,5261158862
9735,116652409893,517765,116652927658,7,0,1,8704,7,7745468396
9736,116652626260,306089,116652932349,8,0,1,15360,8,8171216021
9737,116652716172,297354,116653013526,7,0,0,482304,7,8203633201
9738,116652973363,71115,116653044478,6,0,0,107008,6,6386710097
9739,116652976298,219248,116653195546,2,0,1,15360,2,5717549178
9740,116653182112,187204,116653369316,2,0,1,11776,2,281408463
9741,116653182646,62512,116653245158,3,0,1,53760,3,1990102419
9742,116653321157,272216,116653593373,9,0,1,6144,9,460786516
9743,116653328214,212424,116653540638,9,0,1,67072,9,1945526168
9744,116653489686,106512,116653596198,2,0,1,10240,2,8257514792
9745,116653517291,142120,116653659411,3,0,0,229888,3,6267590513
9746,116653536055,562,116653536617,4,0,1,40960,4,8541291233
9747,116653577965,246187,116653824152,4,0,1,39936,4,4159992756
9748,116653613740,189193,116653802933,8,0,1,1536,8,5286340470
9749,116653690703,262419,116653953122,5,0,0,512,5,10675713293
9750,116653755544,157067,116653912611,7,0,0,259072,7,9569681730
9751,116653757952,209443,116653967395,0,0,1,44032,0,7579690280
9752,116653795568,332722,116654128290,6,0,0,1288704,6,6659818523
9753,116653814483,184022,116653998505,4,0,1,27136,4,3846311268
9754,116654063104,456274,116654519378,6,0,1,53248,6,9599365536
9755,116654209186,838500,116655047686,0,0,1,11776,0,3523071298
9756,116654228933,523450,116654752383,6,0,0,377856,6,8432730648
9757,116654336145,521827,116654857972,2,0,1,165888,2,8315928099
9758,116654520519,442662,116654963181,0,0,1,25088,0,1956636751
9759,116654837989,113990,116654951979,3,0,1,143360,3,9713681774
9760,116654887414,368880,116655256294,4,0,1,7168,4,7337627126
9761,116655185302,24430,116655209732,7,0,1,9728,7,6789187476
9762,116655185839,82091,116655267930,3,0,0,9728,3,3260668113
9763,116655231023,1038,116655232061,6,0,1,31232,6,9578703474
9764,116655361781,159692,116655521473,5,0,0,1024,5,2083841878
9765,116655468073,102904,116655570977,2,0,1,37888,2,3653861370
9766,116655625823,91012,116655716835,3,0,1,24064,3,2475547428
9767,116655640338,98536,116655738874,0,0,1,23552,0,10552647118
9768,116655645570,174221,116655819791,7,0,1,32256,7,8883707058
9769,116655665003,203493,116655868496,4,0,1,59392,4,7761545638
9770,116655871061,282484,116656153545,6,0,1,304640,6,8404450837
9771,116656083246,106116,116656189362,7,0,0,62976,7,506818644
9772,116656189142,107217,116656296359,7,0,0,178688,7,7198669443
9773,116656347072,122645,116656469717,8,0,1,32768,8,8447963553
9774,116656363471,207482,116656570953,3,0,0,198656,3,10342150242
9775,116656548726,143749,116656692475,3,0,1,2560,3,4379774
9776,116656613164,94695,116656707859,9,0,1,7680,9,10560696056
9777,116656677748,78232,116656755980,3,0,1,17408,3,5580706736
9778,116656843884,41387,116656885271,6,0,0,67072,6,4110390689
9779,116656967461,14025,116656981486,7,0,0,27136,7,6718178284
9780,116657036182,562,116657036744,2,0,0,512,2,5913877630
9781,116657324327,144832,116657469159,6,0,1,135168,6,4486123893
9782,116657461282,10811,116657472093,2,0,0,3072,2,4907010752
9783,116657470391,216397,116657686788,7,0,1,51712,7,6769054584
9784,116657587850,77146,116657664996,2,0,1,6144,2,6416586185
9785,116657609653,103486,116657713139,6,0,0,125440,6,9235602905
9786,116657665428,1514,116657666942,3,0,1,5632,3,7119086129
9787,116657696999,5450,116657702449,2,0,0,1536,2,6597848017
9788,116657734875,92786,116657827661,5,0,0,13824,5,3728830337
9789,116657779815,562,116657780377,9,0,1,8192,9,3326561401
9790,116657820013,99166,116657919179,5,0,0,512,5,10203368315
9791,116657849584,64204,116657913788,0,0,1,6656,0,6511646558
9792,116657876544,128087,116658004631,6,0,0,207872,6,71497484
9793,116657973096,2942,116657976038,9,0,1,23040,9,1196980698
9794,116658006620,3418,116658010038,2,0,0,3072,2,3610645590
9795,116658021437,258586,116658280023,5,0,0,3584,5,8369746151
9796,116658040428,1038,116658041466,4,0,1,55808,4,690419685
9797,116658100638,341698,116658442336,6,0,1,455680,6,2582722898
9798,116658264354,430630,116658694984,2,0,0,1024,2,3728433801
9799,116658378091,145323,116658523414,9,0,1,73216,9,2300163738
9800,116658388468,178019,116658566487,3,0,1,8192,3,5227106728
9801,116658415691,120435,116658536126,7,0,1,33792,7,10616662842
9802,116658436672,217225,116658653897,2,0,0,1024,2,3042397966
9803,116658565395,210777,116658776172,6,0,1,204288,6,6748668295
9804,116658576127,221240,116658797367,6,0,1,22016,6,3594577928
9805,116658577883,230526,116658808409,4,0,1,75264,4,7513691076
9806,116658689565,127714,116658817279,4,0,1,20480,4,5494156967
9807,116658771900,77552,116658849452,9,0,1,11264,9,3429262
9808,116658857752,4846,116658862598,5,0,0,5120,5,814839617
9809,116659079162,294761,116659373923,7,0,0,929280,7,10453901048
9810,116659120163,377873,116659498036,9,0,1,72704,9,462950500
9811,116659165315,571416,116659736731,5,0,0,1024,5,3767564270
9812,116659181879,485929,116659667808,6,0,0,385536,6,9723337618
9813,116659199895,587578,116659787473,2,0,1,4608,2,6063305625
9814,116659222627,445890,116659668517,2,0,1,15360,2,6279097450
9815,116659245161,703644,116659948805,7,0,1,32768,7,9923723203
9816,116659259181,192051,116659451232,6,0,1,352768,6,4260087921
9817,116659324233,124901,116659449134,2,0,0,1024,2,3681919190
9818,116659474983,732025,116660207008,2,0,1,59904,2,2737220058
9819,116659536234,530289,116660066523,5,0,1,72192,5,1227633091
9820,116659613697,895250,116660508947,3,0,1,42496,3,9604196402
9821,116659631767,640204,116660271971,7,0,0,130048,7,5888282874
9822,116659698928,575700,116660274628,2,0,0,5120,2,5585113006
9823,116660019665,48247,116660067912,2,0,1,23552,2,2497513552
9824,116660142222,221359,116660363581,5,0,0,1024,5,5975142499
9825,116660153822,188763,116660342585,0,0,1,77824,0,1295082925
9826,116660175398,349491,116660524889,5,0,1,50176,5,2405711473
9827,116660268339,643583,116660911922,3,0,0,1046528,3,6953423950
9828,116660285190,628678,116660913868,2,0,0,3072,2,7881882935
9829,116660733786,290184,116661023970,2,0,1,16896,2,7689871968
9830,116660770535,353516,116661124051,5,0,1,4608,5,8238337782
9831,116660848628,26734,116660875362,2,0,1,31744,2,2429746865
9832,116660991963,309064,116661301027,0,0,1,12800,0,9144616159
9833,116661100549,175860,116661276409,6,0,0,48640,6,2584616060
9834,116661164922,120752,116661285674,3,0,0,196096,3,440892442
9835,116661205184,50670,116661255854,6,0,1,586240,6,6987318858
9836,116661215975,153657,116661369632,2,0,1,24064,2,7555409034
9837,116661224357,327178,116661551535,2,0,1,13824,2,4247207550
9838,116661235350,179636,116661414986,2,0,0,512,2,1279472455
9839,116661285595,400809,116661686404,4,0,1,11776,4,8154819511
9840,116661503169,710371,116662213540,5,0,1,23040,5,1342988259
9841,116661568691,364659,116661933350,4,0,1,58368,4,2550295769
9842,116661838758,24508,116661863266,0,0,1,15360,0,4813734911
9843,116661914326,60862,116661975188,5,0,0,13824,5,6179884434
9844,116661926190,50345,116661976535,7,0,1,95744,7,1339042797
9845,116661957544,128893,116662086437,3,0,0,98304,3,7360878774
9846,116661970647,236754,116662207401,2,0,0,4096,2,1327273671
9847,116661994496,367145,116662361641,6,0,1,263168,6,9767320641
9848,116662086944,305440,116662392384,6,0,1,100864,6,10438855475
9849,116662309077,249974,116662559051,6,0,0,274432,6,3259751991
9850,116662465379,170554,116662635933,0,0,1,1536,0,3079987754
9851,116662570189,166384,116662736573,4,0,1,4608,4,2023376479
9852,116662676386,294535,116662970921,7,0,1,145408,7,5718632310
9853,116662699928,1038,116662700966,6,0,1,396288,6,4665596368
9854,116662926060,402750,116663328810,2,0,0,1024,2,7007302564
9855,116662975647,127510,116663103157,5,0,1,1536,5,8335099556
9856,116663317575,45592,116663363167,2,0,1,1024,2,5664423834
9857,116663440444,59128,116663499572,7,0,1,5120,7,6319023341
9858,116663537672,147716,116663685388,6,0,1,121344,6,4377823376
9859,116663557056,135987,116663693043,4,0,1,25088,4,8696756819
9860,116663752183,6274,116663758457,2,0,0,6656,2,10719953790
9861,116663804382,175249,116663979631,7,0,0,287744,7,4523130828
9862,116663847808,133206,116663981014,5,0,0,14848,5,10648308363
9863,116664045195,93669,116664138864,5,0,1,8192,5,3324634824
9864,116664147998,128488,116664276486,6,0,1,121856,6,2745393233
9865,116664273204,214298,116664487502,6,0,1,231424,6,8187669749
9866,116664318187,345137,116664663324,3,0,0,558592,3,5429231708
9867,116664349190,201231,116664550421,2,0,1,5120,2,8403725138
9868,116664468404,350301,116664818705,3,0,0,22016,3,3675148680
9869,116664519470,208011,116664727481,9,0,0,186880,9,2830228993
9870,116664540728,47267,116664587995,7,0,1,109056,7,5628160455
9871,116664697098,368767,116665065865,3,0,0,64512,3,9036800421
9872,116664739855,54008,116664793863,5,0,1,79872,5,1003384445
9873,116664748942,278616,116665027558,0,0,1,34816,0,1101091090
9874,116664868537,330004,116665198541,3,0,0,91648,3,8463104916
9875,116664891049,398554,116665289603,6,0,1,264192,6,735879054
9876,116665022282,267488,116665289770,7,0,1,512,7,4117370916
9877,116665040631,253526,116665294157,2,0,1,14336,2,9843288900
9878,116665245963,2866,116665248829,7,0,1,4608,7,3375386702
9879,116665315482,101235,116665416717,2,0,0,8704,2,8169250761
9880,116665320815,257800,116665578615,7,0,0,421888,7,7668394727
9881,116665322077,293237,116665615314,3,0,0,126464,3,7499470638
9882,116665511278,129158,116665640436,5,0,1,51712,5,1140323957
9883,116665517006,5322,116665522328,7,0,1,1536,7,2289541585
9884,116665726685,24408,116665751093,5,0,0,5632,5,3236316429
9885,116665762996,293744,116666056740,2,0,0,44032,2,7361035170
9886,116665763310,80657,116665843967,7,0,1,6144,7,215980191
9887,116665799220,140081,116665939301,3,0,0,122368,3,2002776960
9888,116665816078,110162,116665926240,3,0,0,184832,3,10492804519
9889,116665861960,215919,116666077879,3,0,0,51712,3,7457693970
9890,116665924003,75291,116665999294,6,0,1,1059840,6,9838178121
9891,116665970607,972348,116666942955,6,0,0,126464,6,7523019441
9892,116666109011,794683,116666903694,7,0,1,24064,7,10579937112
9893,116666395349,523020,116666918369,2,0,1,48128,2,8015451848
9894,116666451671,479666,116666931337,3,0,1,15872,3,4231916473
9895,116666479274,512116,116666991390,7,0,1,133120,7,8344623507
9896,116666524552,439714,116666964266,6,0,1,1536,6,10464441851
9897,116666774746,195521,116666970267,7,0,0,14848,7,724135224
9898,116666789048,309191,116667098239,5,0,1,84480,5,811113233
9899,116666950088,156118,116667106206,2,0,1,26112,2,4738352261
9900,116667049699,96833,116667146532,3,0,0,161792,3,7993432468
9901,116667104816,42382,116667147198,5,0,0,11264,5,202540251
9902,116667122535,330340,116667452875,6,0,1,294400,6,6676175593
9903,116667242508,213678,116667456186,0,0,1,10752,0,2870971249
9904,116667335282,123420,116667458702,3,0,0,200192,3,2534419904
9905,116667365469,191148,116667556617,4,0,1,3072,4,7038810775
9906,116667396510,161442,116667557952,7,0,1,17408,7,9642677119
9907,116667422804,323880,116667746684,4,0,1,34816,4,3572689727
9908,116667437148,348843,116667785991,1,0,1,197120,1,1823975254
9909,116667526186,407125,116667933311,0,0,1,26624,0,2736754933
9910,116667885824,118660,116668004484,5,0,1,89600,5,2085566441
9911,116668117347,294184,116668411531,6,0,1,343040,6,6324787502
9912,116668193947,217595,116668411542,5,0,0,186368,5,5898502867
9913,116668369799,176056,116668545855,7,0,0,218112,7,2261169391
9914,116668454918,133179,116668588097,3,0,0,136704,3,792001312
9915,116668611789,129612,116668741401,7,0,1,6656,7,1480291040
9916,116668621609,213428,116668835037,6,0,1,16384,6,5868568698
9917,116668725431,160308,116668885739,4,0,1,32768,4,3475542964
9918,116668786972,135367,116668922339,4,0,1,41984,4,6390231683
9919,116668855862,82145,116668938007,6,0,0,133120,6,10197261901
9920,116669061566,51136,116669112702,5,0,1,4096,5,7540949754
9921,116669076918,84508,116669161426,6,0,1,12800,6,5135424542
9922,116669090202,75291,116669165493,2,0,0,126464,2,630336728
9923,116669102833,84063,116669186896,3,0,0,69632,3,6921796425
9924,116669153282,34275,116669187557,9,0,1,118272,9,7011636983
9925,116669221266,215505,116669436771,3,0,1,7680,3,234620678
9926,116669238105,79199,116669317304,3,0,0,59904,3,3561308987
9927,116669289599,149883,116669439482,2,0,0,114688,2,9668739484
9928,116669376315,75808,116669452123,3,0,0,127488,3,1521368688
9929,116669672714,55744,116669728458,3,0,1,4096,3,8932368799
9930,116669983657,45950,116670029607,7,0,0,79360,7,3706325170
9931,116670054494,222310,116670276804,6,0,1,20480,6,595717690
9932,116670234682,105244,116670339926,2,0,1,45568,2,6566126791
9933,116670293991,127253,116670421244,3,0,1,84480,3,9276894637
9934,116670317781,53321,116670371102,7,0,1,44032,7,9153796822
9935,116670392295,160601,116670552896,6,0,0,87040,6,999088554
9936,116670485146,139517,116670624663,6,0,1,61952,6,89693993
9937,116670582059,501833,116671083892,6,0,0,817152,6,10721576141
9938,116670916875,219627,116671136502,3,0,0,178176,3,517190996
9939,116670993659,271220,116671264879,6,0,0,409600,6,3983948831
9940,116671147295,86761,116671234056,5,0,1,83456,5,4420503064
9941,116671183815,417512,116671601327,6,0,0,27136,6,8745517827
9942,116671790727,108676,116671899403,7,0,1,56832,7,10084690508
9943,116671817450,160439,116671977889,7,0,1,81408,7,4044970774
9944,116671914679,73741,116671988420,2,0,0,123392,2,2932802287
9945,116672007383,4158,116672011541,3,0,1,78336,3,6201403752
9946,116672037214,55744,116672092958,2,0,0,11264,2,5021773050
9947,116672099780,219913,116672319693,2,0,1,4096,2,10117481138
9948,116672326194,25700,116672351894,5,0,0,46592,5,1426278700
9949,116672346670,51512,116672398182,5,0,0,83456,5,2617651838
9950,116672373178,278790,116672651968,3,0,0,773632,3,3675143064
9951,116672558259,477795,116673036054,2,0,1,27136,2,6863437748
9952,116672573079,297296,116672870375,9,0,1,20992,9,5074462564
9953,116672622043,292011,116672914054,2,0,0,203776,2,791657407
9954,116672688577,98935,116672787512,5,0,1,29184,5,2475476385
9955,116672831389,428697,116673260086,5,0,0,53248,5,6136238802
9956,116672959595,220977,116673180572,3,0,0,751104,3,35527010
9957,116673181081,461075,116673642156,5,0,1,14336,5,6445365146
9958,116673400469,25898,116673426367,2,0,0,18944,2,10185319928
9959,116673535750,141485,116673677235,2,0,1,9728,2,238051696
9960,116673602559,125229,116673727788,2,0,0,203776,2,2793883439
9961,116673626773,133298,116673760071,7,0,0,105472,7,6093145520
9962,116673626898,133737,116673760635,2,0,0,10752,2,1165881757
9963,116673904012,42420,116673946432,3,0,0,69120,3,5511349942
9964,116673969866,244145,116674214011,7,0,0,395264,7,10343386606
9965,116674022985,218299,116674241284,9,0,1,19456,9,2099317248
9966,116674033829,242079,116674275908,4,0,1,12288,4,9482568252
9967,116674098097,193882,116674291979,5,0,0,250368,5,1538422237
9968,116674259390,160753,116674420143,7,0,0,251904,7,6320245283
9969,116674277007,53062,116674330069,7,0,1,13824,7,3734328933
9970,116674343700,178553,116674522253,6,0,1,13824,6,8452639158
9971,116674396157,143573,116674539730,6,0,0,86528,6,10702549709
9972,116674431451,45950,116674477401,4,0,1,432128,4,6046686242
9973,116674505661,392569,116674898230,6,0,1,35840,6,3230590310
9974,116674525892,618685,116675144577,6,0,1,109568,6,9801861458
9975,116674638674,555422,116675194096,6,0,0,79360,6,6975732701
9976,116674775024,640234,116675415258,6,0,1,597504,6,7358602764
9977,116674931833,501420,116675433253,6,0,1,316416,6,7514090512
9978,116674937117,644567,116675581684,6,0,1,76288,6,8502421730
9979,116675208061,373810,116675581871,3,0,1,17920,3,1043052815
9980,116675262964,318918,116675581882,7,0,0,143360,7,10105431106
9981,116675292198,253880,116675546078,2,0,1,15360,2,3749801318
9982,116675328013,294386,116675622399,2,0,0,17408,2,5530675685
9983,116675679075,562,116675679637,2,0,0,512,2,5541133974
9984,116675984864,411484,116676396348,3,0,0,671232,3,6375417331
9985,116676513203,207717,116676720920,6,0,1,138240,6,10378540868
9986,116676542149,184086,116676726235,2,0,1,17408,2,2315347880
9987,116676626386,133757,116676760143,4,0,1,32768,4,2703614560
9988,116676807211,50668,116676857879,3,0,1,2560,3,2555935683
9989,116676855319,133287,116676988606,3,0,0,216064,3,8556304179
9990,116677011053,20362,116677031415,2,0,0,32768,2,7222486713
9991,116677013178,60892,116677074070,1,0,1,5120,1,4010099898
9992,116677049536,264395,116677313931,3,0,0,428032,3,3531438911
9993,116677067722,364627,116677432349,6,0,0,378368,6,4017225628
9994,116677296802,121561,116677418363,1,0,1,10752,1,4701478435
9995,116677348204,147253,116677495457,7,0,0,130048,7,5246937757
9996,116677380255,174045,116677554300,6,0,0,186368,6,789022076
9997,116677478471,359512,116677837983,6,0,0,282112,6,4322355902
9998,116677594435,204679,116677799114,6,0,0,331776,6,10642410678
9999,116677664532,265703,116677930235,1,0,1,40448,1,8559026488
