RequestID,ArrivalTime,DelayTime,FinishTime,InitiatorID,TargetID,IOType,Size,VolumeID,Offset
0,0,5131,5131,0,0,1,5120,13,10178969954
1,1,89679,89680,5,0,0,2048,15,8272163050
2,2,15609,15611,2,0,1,26624,19,4315306202
3,3,297926,297929,8,0,0,68096,14,5083331466
4,4,16990,16994,4,0,1,14848,26,5656255295
5,5,277122,277127,9,0,0,191488,21,2390704376
6,6,25487,25493,3,0,1,17920,20,1457452532
7,7,62096,62103,1,0,1,68608,23,5921404355
8,8,125443,125451,7,0,0,512,20,3391121286
9,9,340693,340702,6,0,0,15872,11,2293739045
10,17340,979595,996935,6,0,0,48640,11,10624907471
11,19630,58845,78475,6,0,1,53760,11,3121828820
12,24180,151907,176087,7,0,0,4096,20,8114324520
13,36340,397203,433543,5,0,0,2048,15,9149211395
14,40590,756941,797531,8,0,0,122368,14,4720636211
15,46430,566643,613073,9,0,0,254464,21,3901403547
16,76040,852322,928362,1,0,0,187904,23,10435227039
17,98000,652875,750875,9,0,0,130560,21,4104218891
18,122950,41132,164082,2,0,1,66560,19,6897691408
19,125350,39705,165055,1,0,1,12800,23,10211763565
20,156320,9094,165414,0,0,1,9728,13,8419859150
21,181510,3898,185408,2,0,1,4096,19,10699030532
22,194010,83140,277150,4,0,1,69120,26,10601707115
23,230550,68881,299431,3,0,1,1536,20,8958316359
24,251850,60043,311893,1,0,1,26112,23,2607424941
25,261910,56735,318645,2,0,1,20480,19,7512277781
26,275350,43756,319106,3,0,1,10240,20,2497953110
27,292700,371197,663897,1,0,0,22528,23,9924192067
28,310970,10722,321692,3,0,1,4096,20,5324147015
29,349010,20882,369892,1,0,1,33792,23,8728611607
30,361790,13287,375077,2,0,1,24576,19,4104030603
31,377560,738483,1116043,1,0,0,123904,23,8212815852
32,394010,3645,397655,3,0,1,10240,20,7299088672
33,394150,438729,832879,8,0,0,37376,14,8737236620
34,396079,815995,1212074,3,0,0,2048,20,4709532125
35,398910,3645,402555,1,0,1,10240,23,8038033566
36,431670,7706,439376,4,0,1,8192,26,5483847274
37,441800,769620,1211420,6,0,0,188928,11,7893439446
38,442260,12566,454826,1,0,1,20992,23,3256612779
39,456400,4374,460774,1,0,1,4608,23,3949414364
40,463260,201120,664380,5,0,0,1536,15,4107914494
41,483900,12049,495949,2,0,1,19968,19,616294178
42,495550,434699,930249,6,0,0,6144,11,6252709917
43,498450,5454,503904,2,0,1,13824,19,6438800853
44,504400,1994,506394,3,0,1,2048,20,447438670
45,507430,570793,1078223,9,0,0,154112,21,10680987669
46,513550,2870,516420,1,0,1,8704,23,6137280602
47,526770,3422,530192,0,0,1,3584,13,3473456604
48,550530,803108,1353638,1,0,0,117248,23,9155498884
49,569090,979372,1548462,9,0,0,83456,21,4654775900
50,580970,972373,1553343,7,0,0,1536,20,2808353096
51,581610,736289,1317899,1,0,0,170496,23,4684848685
52,599310,27108,626418,3,0,1,25600,20,9136312687
53,615830,11561,627391,2,0,1,12800,19,2218473557
54,615850,773014,1388864,5,0,0,3072,15,10423991258
55,640240,882741,1522981,8,0,0,192000,14,2311931598
56,649430,704403,1353833,6,0,0,512,11,6183363910
57,649440,711443,1360883,9,0,0,23040,21,5948229343
58,673510,14287,687797,2,0,1,27648,19,5600287421
59,694290,2470,696760,6,0,1,2560,11,5175940077
60,715390,1002563,1717953,8,0,0,172032,14,1134782763
61,721149,491876,1213025,3,0,0,3072,20,3485914365
62,799770,143933,943703,6,0,1,233472,11,1173736342
63,825280,123608,948888,2,0,1,24576,19,9719091420
64,846950,532856,1379806,1,0,0,61952,23,6823870039
65,860600,217638,1078238,6,0,1,262656,11,8005736498
66,891670,1048289,1939959,8,0,0,339968,14,345823218
67,931200,147053,1078253,4,0,1,4608,26,7416191958
68,932760,145508,1078268,1,0,1,30208,23,6807031973
69,939570,176496,1116066,6,0,1,30208,11,9240019902
70,959200,156905,1116105,2,0,1,87552,19,2620584166
71,967980,148140,1116120,2,0,1,5632,19,5644272530
72,992110,124033,1116143,4,0,1,7680,26,3661501759
73,995840,120318,1116158,0,0,1,12288,13,3997848476
74,1013460,1064025,2077485,8,0,0,376832,14,4658863771
75,1025950,692962,1718912,5,0,0,3072,15,3600591787
76,1050719,344559,1395278,3,0,0,3584,20,4064902541
77,1055530,62656,1118186,4,0,1,2048,26,3082299886
78,1059450,61011,1120461,2,0,1,10240,19,10053955087
79,1069150,67399,1136549,2,0,1,32256,19,349809988
80,1074180,478680,1552860,5,0,0,2560,15,8029896531
81,1089950,629141,1719091,6,0,0,512,11,8703900278
82,1112430,25105,1137535,3,0,1,1536,20,2312956922
83,1118230,716047,1834277,7,0,0,60928,20,6115355410
84,1152610,399455,1552065,6,0,0,11776,11,10354086928
85,1153510,57925,1211435,4,0,1,512,26,1123461099
86,1192080,1123523,2315603,1,0,0,337920,23,10051720332
87,1195840,27718,1223558,2,0,1,16896,19,3617210802
88,1211240,19792,1231032,3,0,1,21504,20,2219586606
89,1222030,1412317,2634347,7,0,0,366080,20,3470175536
90,1237090,1285483,2522573,7,0,0,408576,20,973639992
91,1239160,16354,1255514,3,0,1,31744,20,2151096486
92,1240100,1156653,2396753,6,0,0,4608,11,5488516415
93,1247390,1147944,2395334,1,0,0,261632,23,1816536791
94,1251480,102368,1353848,4,0,1,57856,26,1504018070
95,1252270,131757,1384027,2,0,1,11264,19,4647045694
96,1255160,131265,1386425,1,0,1,9216,23,4683505106
97,1265930,123597,1389527,2,0,1,3584,19,6935405755
98,1297940,1341031,2638971,5,0,0,3584,15,8683900529
99,1302710,97224,1399934,0,0,1,24576,13,6994354313
100,1303460,101761,1405221,1,0,1,16896,23,6843006521
101,1306219,413838,1720057,3,0,0,3072,20,3774746727
102,1331450,1419189,2750639,7,0,0,110080,20,4799055925
103,1334970,1375331,2710301,8,0,0,232448,14,2420214848
104,1348570,1048697,2397267,6,0,0,512,11,8394587178
105,1348620,63054,1411674,4,0,1,19456,26,9503244177
106,1375870,147134,1523004,6,0,1,130048,11,5953771979
107,1377420,145599,1523019,6,0,1,43520,11,3715869243
108,1474349,680106,2154455,3,0,0,5632,20,3933811963
109,1547300,6601,1553901,1,0,1,512,23,522424743
110,1554870,842218,2397088,5,0,0,1024,15,5421046167
111,1560330,837732,2398062,6,0,0,2560,11,5979613601
112,1606940,1030869,2637809,5,0,0,10240,15,2681556348
113,1640800,2870,1643670,2,0,1,8704,19,5155667526
114,1662620,56486,1719106,0,0,1,75264,13,6175768750
115,1664570,59350,1723920,0,0,1,10752,13,5194402656
116,1695170,50296,1745466,0,0,1,36352,13,6779199250
117,1719300,31965,1751265,4,0,1,27648,26,3245826666
118,1724940,413636,2138576,5,0,0,4096,15,4365140433
119,1734269,788499,2522768,3,0,0,512,20,4616353553
120,1741350,10581,1751931,2,0,1,1024,19,6299433420
121,1760930,14804,1775734,6,0,1,28672,11,507519429
122,1832320,807142,2639462,6,0,0,1536,11,986721768
123,1847230,230286,2077516,0,0,1,58368,13,7794112037
124,1849020,228511,2077531,0,0,1,13312,13,232424130
125,1918830,158716,2077546,6,0,1,12288,11,1867617825
126,1946840,134215,2081055,4,0,1,9728,26,466957014
127,1971770,111990,2083760,1,0,1,9216,23,267217840
128,1986010,773848,2759858,7,0,0,30208,20,5544334884
129,2004810,101750,2106560,4,0,1,41472,26,2039898527
130,2028890,83674,2112564,1,0,1,20480,23,5105643005
131,2032720,94783,2127503,1,0,1,45568,23,9033304153
132,2046210,156702,2202912,6,0,1,145408,11,2725437938
133,2058340,658261,2716601,6,0,0,7680,11,6788180914
134,2125810,82594,2208404,6,0,1,26112,11,4533913814
135,2139910,573838,2713748,6,0,0,11264,11,185891228
136,2174060,460614,2634674,6,0,0,1024,11,977908733
137,2280540,436544,2717084,6,0,0,1536,11,6460178224
138,2287379,426852,2714231,3,0,0,1536,20,9095351549
139,2367040,270824,2637864,4,0,1,26112,26,611015610
140,2392050,370631,2762681,8,0,0,9216,14,3129873002
141,2416550,297696,2714246,4,0,1,512,26,227465537
142,2439960,423439,2863399,6,0,1,365568,11,10358939556
143,2443209,383908,2827117,3,0,0,18944,20,2680445864
144,2459130,321279,2780409,6,0,0,512,11,4785309071
145,2483140,539890,3023030,1,0,0,24064,23,6267237405
146,2529730,349734,2879464,6,0,1,60416,11,7249188185
147,2534950,819208,3354158,1,0,0,249856,23,1705219286
148,2581990,696025,3278015,8,0,0,183296,14,10339379876
149,2681020,204755,2885775,1,0,1,30208,23,2375844854
150,2757729,218117,2975846,3,0,0,3072,20,2561727568
151,2780210,141957,2922167,6,0,1,116736,11,6946108148
152,2836420,101710,2938130,6,0,1,59904,11,7854098548
153,2918740,20568,2939308,1,0,1,13824,23,6152834030
154,2935910,864914,3800824,8,0,0,297472,14,4039155036
155,2946579,5454,2952033,9,0,1,13824,21,4934042794
156,2973690,588288,3561978,6,0,0,11264,11,10124419053
157,2994340,559426,3553766,8,0,0,366080,14,4446397986
158,3078850,476194,3555044,1,0,0,3584,23,10627025519
159,3087909,5712,3093621,9,0,1,14336,21,2543953966
160,3106020,452471,3558491,8,0,0,11264,14,2031432357
161,3114069,461851,3575920,3,0,0,16384,20,10359085195
162,3122739,440082,3562821,3,0,0,2560,20,8460064015
163,3125140,428797,3553937,6,0,0,512,11,4112580871
164,3137079,10757,3147836,8,0,1,17408,14,1655108530
165,3171499,6488,3177987,8,0,1,15872,14,7676045123
166,3172799,8005,3180804,9,0,1,11776,21,2983502808
167,3227680,392051,3619731,6,0,0,3072,11,3992514059
168,3242790,165722,3408512,6,0,1,92160,11,8865705662
169,3252369,157769,3410138,9,0,1,2560,21,3355934003
170,3264389,171950,3436339,9,0,1,90112,21,3092501503
171,3330070,107140,3437210,6,0,1,12288,11,8734123707
172,3355950,82643,3438593,5,0,1,14848,15,5076795949
173,3371200,684210,4055410,8,0,0,17408,14,4663506605
174,3398610,517918,3916528,1,0,0,102400,23,7995271174
175,3434460,165475,3599935,6,0,1,268800,11,9920620691
176,3464339,136160,3600499,9,0,1,10752,21,3506765103
177,3464760,137224,3601984,5,0,1,15360,15,8330903319
178,3514979,93418,3608397,9,0,1,22528,21,5111933730
179,3516910,97593,3614503,5,0,1,29184,15,2745631572
180,3526650,88724,3615374,5,0,1,12288,15,4574631933
181,3549229,72354,3621583,9,0,1,21504,21,7250175672
182,3571369,50470,3621839,9,0,1,9216,21,7621550307
183,3572020,478071,4050091,8,0,0,84992,14,85656175
184,3586330,330237,3916567,6,0,1,471552,11,5819269171
185,3597699,318883,3916582,9,0,1,1536,21,5719932980
186,3614920,487349,4102269,1,0,0,6656,23,6053412272
187,3646350,473556,4119906,6,0,0,2560,11,4702247284
188,3654160,446066,4100226,8,0,0,83456,14,4781572080
189,3658760,257837,3916597,6,0,1,16384,11,5146239473
190,3705989,210623,3916612,8,0,1,11776,14,10707907479
191,3740010,205179,3945189,6,0,0,3584,11,7125251205
192,3742950,173677,3916627,3,0,1,25088,20,8875076872
193,3773459,143183,3916642,9,0,1,9216,21,8911041779
194,3805480,465069,4270549,8,0,0,34304,14,8097737225
195,3807150,109507,3916657,6,0,1,15872,11,113289005
196,3816519,100153,3916672,8,0,1,1024,14,2026015510
197,3827860,286303,4114163,6,0,0,1536,11,7355795177
198,3837799,85555,3923354,8,0,1,62976,14,7472057239
199,3874759,59117,3933876,8,0,1,41984,14,2217572261
200,3875499,59453,3934952,8,0,1,13312,14,4095880959
201,3876460,398659,4275119,1,0,0,7168,23,782859426
202,3888490,384422,4272912,6,0,0,7680,11,6683697703
203,3916919,18379,3935298,9,0,1,512,21,9310664207
204,3950820,1994,3952814,5,0,1,2048,15,525083609
205,3983409,30749,4014158,8,0,1,49664,14,8064300598
206,4017799,4162,4021961,9,0,1,11264,21,7050026810
207,4060410,135100,4195510,6,0,1,219648,11,7277827872
208,4144919,60909,4205828,9,0,1,40960,21,4213965367
209,4179929,164946,4344875,3,0,0,3584,20,10691348958
210,4193280,99674,4292954,6,0,0,512,11,2458977582
211,4239100,280981,4520081,6,0,0,1024,11,7148713715
212,4264520,11996,4276516,6,0,1,10240,11,7476512900
213,4297139,6278,4303417,8,0,1,6656,14,10502017036
214,4307100,103950,4411050,6,0,1,168960,11,10427323543
215,4347220,79383,4426603,5,0,1,49664,15,10327534195
216,4376079,51907,4427986,8,0,1,14848,14,8452562816
217,4379970,137240,4517210,6,0,0,1536,11,4997559850
218,4423450,197327,4620777,6,0,0,512,11,8344895198
219,4444780,299056,4743836,6,0,0,512,11,9397580529
220,4489500,360376,4849876,8,0,0,74240,14,1584643819
221,4506380,53583,4559963,6,0,1,87552,11,5430950000
222,4512669,64281,4576950,8,0,1,65024,14,346380812
223,4524770,81417,4606187,6,0,1,90112,11,3808016211
224,4554660,53793,4608453,5,0,1,3584,15,6669244480
225,4558530,56029,4614559,1,0,1,20992,23,8595044392
226,4560640,371086,4931726,8,0,0,45568,14,10331538449
227,4571680,146258,4717938,6,0,0,2560,11,2585589691
228,4599160,20225,4619385,5,0,1,7680,15,8009258049
229,4651340,6278,4657618,5,0,1,6656,15,3028373602
230,4660769,257058,4917827,3,0,0,2560,20,10596969783
231,4664670,336566,5001236,6,0,1,545280,11,10177742316
232,4716710,490116,5206826,6,0,1,578048,11,4497931171
233,4718989,488298,5207287,9,0,1,10240,21,5071851328
234,4739089,473024,5212113,8,0,1,7680,14,2609166698
235,4755170,458428,5213598,1,0,1,15360,23,4091179333
236,4788090,459838,5247928,1,0,0,33792,23,8477165365
237,4843330,387633,5230963,8,0,0,12288,14,9938757742
238,4848500,268424,5116924,1,0,0,12800,23,3062972361
239,4899829,1231922,6131751,3,0,0,3072,20,7333794739
240,4925709,293688,5219397,9,0,1,27648,21,5571953321
241,4929560,291220,5220780,5,0,1,14848,15,1571831576
242,4964730,266470,5231200,4,0,1,33280,26,8120238969
243,4997209,236577,5233786,9,0,1,4096,21,5003939505
244,5021230,706282,5727512,1,0,0,324096,23,3640914036
245,5026079,211253,5237332,8,0,1,5632,14,2994244407
246,5050840,197103,5247943,3,0,1,17408,20,8880606969
247,5053360,199986,5253346,5,0,1,42496,15,6900840198
248,5057890,786954,5844844,8,0,0,257024,14,463135527
249,5059060,938206,5997266,1,0,0,147456,23,5299888626
250,5062450,191869,5254319,5,0,1,12800,15,5745954917
251,5066479,188404,5254883,9,0,1,10752,21,4960572153
252,5069190,201451,5270641,6,0,1,50688,11,9571374268
253,5101960,170627,5272587,5,0,1,3072,15,4719207155
254,5199759,74774,5274533,9,0,1,3072,21,439271992
255,5204930,80433,5285363,4,0,1,35328,26,3605377880
256,5210570,79978,5290548,5,0,1,16384,15,6128157713
257,5219800,873217,6093017,8,0,0,214016,14,8331470462
258,5228959,1072281,6301240,3,0,0,1536,20,6412225256
259,5237039,59820,5296859,8,0,1,30208,14,4120837077
260,5237179,60346,5297525,8,0,1,11264,14,3321269617
261,5243540,901167,6144707,6,0,0,1536,11,3182822819
262,5280100,981553,6261653,6,0,0,6144,11,387744934
263,5287240,442502,5729742,6,0,0,7168,11,7052700124
264,5360979,12566,5373545,9,0,1,20992,21,5718768771
265,5449270,4937,5454207,5,0,1,12800,15,10483028169
266,5463220,476596,5939816,8,0,0,5632,14,2410233994
267,5545990,584802,6130792,1,0,0,123904,23,1371117884
268,5604250,333835,5938085,8,0,0,28160,14,3950732040
269,5604570,122957,5727527,6,0,1,53248,11,483590003
270,5644669,604344,6249013,3,0,0,7168,20,9119525520
271,5664520,990166,6654686,1,0,0,399360,23,5959456293
272,5698740,43394,5742134,1,0,1,20480,23,2381609255
273,5709939,33821,5743760,9,0,1,2560,21,2236899718
274,5716340,28291,5744631,1,0,1,12288,23,9981499781
275,5724850,29598,5754448,1,0,1,23552,23,9981062403
276,5727250,505453,6232703,1,0,0,129024,23,3921973896
277,5770720,762271,6532991,8,0,0,151040,14,9839204960
278,5825840,41212,5867052,5,0,1,36352,15,4233366605
279,5837840,838100,6675940,8,0,0,50688,14,861908836
280,5851100,28645,5879745,5,0,1,39424,15,4282781356
281,5852470,983461,6835931,1,0,0,296448,23,6077774456
282,5857120,28322,5885442,1,0,1,27136,23,2953337815
283,5876670,433191,6309861,6,0,0,1536,11,9807725027
284,5879050,16354,5895404,2,0,1,31744,19,3000808976
285,5890210,8100,5898310,5,0,1,4608,15,4709485418
286,5915060,5802,5920862,5,0,1,6144,15,8152245092
287,5943400,53897,5997297,2,0,1,40960,19,3532699916
288,5952220,59375,6011595,1,0,1,27648,23,2852417460
289,5957180,55491,6012671,1,0,1,13312,23,4750702396
290,5988910,457239,6446149,6,0,0,6656,11,10018966898
291,6010910,874488,6885398,8,0,0,162304,14,1957884533
292,6027880,938678,6966558,1,0,0,160256,23,5287427172
293,6054610,93012,6147622,2,0,1,30720,19,8526199819
294,6077110,395775,6472885,6,0,0,8704,11,10002728574
295,6098789,561692,6660481,3,0,0,18944,20,3481416724
296,6102830,1007364,7110194,1,0,0,134144,23,4811227429
297,6145350,13858,6159208,2,0,1,23552,19,6953845714
298,6207360,36351,6243711,2,0,1,17920,19,9840173669
299,6287889,13600,6301489,9,0,1,23040,21,1022705987
300,6302050,44145,6346195,1,0,1,75776,23,3554359067
301,6317240,30261,6347501,1,0,1,2048,23,3926873902
302,6361139,606697,6967836,3,0,0,4096,20,4394918222
303,6400760,604489,7005249,1,0,0,52224,23,4251073629
304,6411650,1021541,7433191,8,0,0,148992,14,2306362695
305,6426519,43458,6469977,9,0,1,71168,21,5857228742
306,6509289,192831,6702120,9,0,1,47616,21,1829796439
307,6661250,42496,6703746,1,0,1,2560,23,8841910470
308,6696819,415753,7112572,3,0,0,7168,20,910491191
309,6710810,497298,7208108,8,0,0,155648,14,7599372757
310,6728399,7230,6735629,9,0,1,7680,21,8224200937
311,6838100,888293,7726393,1,0,0,220672,23,3069156310
312,6848800,42678,6891478,1,0,1,14848,23,7134376546
313,6851420,258945,7110365,6,0,0,512,11,9526092497
314,6855599,37505,6893104,9,0,1,2560,21,4070987256
315,6868419,30098,6898517,9,0,1,8192,21,2636842729
316,6878269,88304,6966573,9,0,1,58880,21,5278093064
317,6966649,12453,6979102,9,0,1,18432,21,7323640492
318,6985300,341351,7326651,6,0,0,7168,11,3093890906
319,6994440,261300,7255740,6,0,0,4096,11,6954392507
320,7002339,10157,7012496,9,0,1,7680,21,3706991155
321,7010310,22950,7033260,0,0,1,37888,13,1074489558
322,7015460,211647,7227107,6,0,0,2048,11,6609737980
323,7067410,366740,7434150,6,0,0,3072,11,195306313
324,7099149,402583,7501732,3,0,0,8704,20,2007686751
325,7118979,315818,7434797,3,0,0,2048,20,3968172388
326,7160080,153918,7313998,6,0,0,5120,11,5775236144
327,7163390,1127811,8291201,8,0,0,807936,14,8367593263
328,7178780,42428,7221208,2,0,1,22016,19,5192772677
329,7231460,22862,7254322,2,0,1,40960,19,4206229628
330,7304180,16096,7320276,2,0,1,31232,19,5659736468
331,7320520,14545,7335065,1,0,1,28160,23,1722090886
332,7323270,30033,7353303,2,0,1,43520,19,9745820232
333,7344220,35829,7380049,2,0,1,62976,19,6808241772
334,7350920,1098258,8449178,8,0,0,387584,14,5704281580
335,7394330,44374,7438704,2,0,1,4096,19,7583435372
336,7397310,49243,7446553,2,0,1,16896,19,4458091118
337,7406580,432052,7838632,6,0,0,1536,11,6710812384
338,7426950,23789,7450739,2,0,1,6656,19,6099568274
339,7453630,876022,8329652,1,0,0,112640,23,249167118
340,7533319,797752,8331071,3,0,0,4608,20,1013009460
341,7543429,4374,7547803,8,0,1,4608,14,2509547650
342,7545719,745965,8291684,3,0,0,1536,20,8297909262
343,7579370,379721,7959091,6,0,0,7168,11,4167804023
344,7620240,861713,8481953,8,0,0,107520,14,10188336979
345,7626100,111491,7737591,2,0,1,180224,19,9250403537
346,7636180,657718,8293898,6,0,0,1024,11,9857094842
347,7708759,30010,7738769,9,0,1,13824,21,8102627723
348,7771150,735778,8506928,8,0,0,81920,14,1758800056
349,7814380,480937,8295317,6,0,0,4608,11,8818846827
350,7879710,413861,8293571,6,0,0,6144,11,173703026
351,7943610,625385,8568995,1,0,0,203264,23,1524169888
352,7969220,692492,8661712,2,0,1,1121792,19,2439750399
353,7979520,941857,8921377,1,0,0,111104,23,338175776
354,7986000,686234,8672234,1,0,1,33792,23,10252806117
355,7992540,685186,8677726,1,0,1,26112,23,525429760
356,8006589,677858,8684447,8,0,1,24064,14,5247464625
357,8027760,959109,8986869,6,0,0,1024,11,4553118702
358,8033949,656195,8690144,8,0,1,18944,14,2301472315
359,8051339,740598,8791937,3,0,0,9728,20,2082396640
360,8065750,627620,8693370,1,0,1,5120,23,6754058297
361,8068540,646438,8714978,1,0,1,78848,23,10164607527
362,8141940,583868,8725808,2,0,1,43520,19,1682355907
363,8181500,1061706,9243206,8,0,0,188928,14,3272787556
364,8194440,568887,8763327,2,0,1,130560,19,1011729702
365,8232279,531407,8763686,8,0,1,9728,14,7590876095
366,8292180,652151,8944331,8,0,0,45056,14,6068944184
367,8341979,427813,8769792,8,0,1,20992,14,3240466801
368,8389590,555848,8945438,6,0,0,3584,11,7045453340
369,8413189,361890,8775079,8,0,1,25088,14,10477577298
370,8444449,481594,8926043,3,0,0,10240,20,9316833571
371,8455800,330621,8786421,1,0,1,37888,23,4903886322
372,8459970,337383,8797353,1,0,1,35840,23,7265572300
373,8472810,326489,8799299,1,0,1,3072,23,579631822
374,8480879,340540,8821419,8,0,1,73216,14,3354503568
375,8505740,327021,8832761,1,0,1,46080,23,1870265521
376,8516529,319458,8835987,8,0,1,5120,14,5681884362
377,8527280,265296,8792576,6,0,0,2048,11,2155265540
378,8564200,775711,9339911,8,0,0,177152,14,3302336548
379,8785370,61037,8846407,1,0,1,33280,23,1664039928
380,8815620,470300,9285920,8,0,0,20480,14,10194033104
381,8861500,259382,9120882,8,0,0,29696,14,3002148128
382,8869780,534816,9404596,8,0,0,172032,14,7046601926
383,8958000,3898,8961898,1,0,1,4096,23,10167383535
384,8981330,277420,9258750,6,0,0,1024,11,7608117547
385,9022650,11016,9033666,1,0,1,17920,23,3004425899
386,9025289,315885,9341174,3,0,0,4096,20,8207242570
387,9037090,681310,9718400,7,0,0,105984,20,3467900275
388,9067500,6278,9073778,4,0,1,6656,26,7840268791
389,9073669,333468,9407137,3,0,0,2048,20,9617852350
390,9111020,16096,9127116,1,0,1,31232,23,817468451
391,9129710,498169,9627879,8,0,0,295936,14,7265766122
392,9144370,262128,9406498,6,0,0,4096,11,4043881928
393,9171549,233686,9405235,3,0,0,2048,20,4616972534
394,9181030,250827,9431857,6,0,0,512,11,8333621033
395,9256740,5971,9262711,1,0,1,14848,23,2029040497
396,9328140,429431,9757571,8,0,0,128512,14,1356232647
397,9475009,166139,9641148,3,0,0,8192,20,671806154
398,9510300,5326,9515626,1,0,1,5632,23,3928811888
399,9554230,90062,9644292,4,0,1,31744,26,4118251269
400,9554819,378168,9932987,3,0,0,2560,20,114307553
401,9606190,47257,9653447,4,0,1,30720,26,6831561966
402,9606509,218954,9825463,3,0,0,4096,20,7781089741
403,9655200,7706,9662906,4,0,1,8192,26,7522498006
404,9665970,11533,9677503,4,0,1,18944,26,9619654650
405,9728510,35282,9763792,1,0,1,15360,23,9542980032
406,9790640,566,9791206,1,0,1,512,23,5805012879
407,9886959,181010,10067969,3,0,0,4608,20,7788050717
408,9887930,3898,9891828,1,0,1,4096,23,7672153444
409,9891460,6754,9898214,1,0,1,7168,23,9507135582
410,9919530,1518,9921048,4,0,1,1536,26,4793496833
411,10012370,256061,10268431,6,0,0,1024,11,6586225504
412,10079359,226948,10306307,3,0,0,512,20,544538241
413,10080050,2870,10082920,1,0,1,8704,23,3200228522
414,10134580,218059,10352639,8,0,0,118784,14,4458661918
415,10149920,1518,10151438,4,0,1,1536,26,3005152556
416,10173030,126932,10299962,6,0,0,2560,11,1943820338
417,10183110,3645,10186755,1,0,1,10240,23,10008885103
418,10259170,4374,10263544,4,0,1,4608,26,6828520645
419,10260719,142883,10403602,3,0,0,8192,20,3228385244
420,10316030,260562,10576592,8,0,0,92672,14,4537067939
421,10439709,4162,10443871,9,0,1,11264,21,5796935971
422,10444420,31524,10475944,1,0,1,51200,23,499856818
423,10471470,308773,10780243,8,0,0,173568,14,10330297874
424,10483760,194915,10678675,6,0,0,1536,11,5012442362
425,10507150,3898,10511048,4,0,1,4096,26,3930853033
426,10530460,4162,10534622,1,0,1,11264,23,6936383092
427,10564860,12290,10577150,4,0,1,512,26,4317781189
428,10579370,24929,10604299,1,0,1,45056,23,491853920
429,10623830,157052,10780882,6,0,0,2048,11,1471327686
430,10642949,77765,10720714,3,0,0,6656,20,1952141966
431,10783560,45596,10829156,6,0,0,1024,11,9271456103
432,10880220,3904,10884124,1,0,1,10752,23,1456668475
433,10889970,45596,10935566,6,0,0,1024,11,5666034068
434,10942830,13341,10956171,6,0,1,22528,11,6524982338
435,10946490,16095,10962585,1,0,1,21504,23,8603027676
436,10949099,15432,10964531,8,0,1,3072,14,10581209739
437,10984600,223313,11207913,8,0,0,20480,14,2759126785
438,11093990,13770,11107760,0,0,1,26624,13,4932555893
439,11111109,154166,11265275,3,0,0,2048,20,4622031993
440,11118369,58282,11176651,3,0,0,4096,20,7225494191
441,11173810,97720,11271530,8,0,0,20480,14,9723111196
442,11220180,117087,11337267,6,0,1,194560,11,7827312463
443,11324240,25962,11350202,1,0,1,47104,23,10252851685
444,11367400,11791,11379191,1,0,1,19456,23,5353468203
445,11371580,7957,11379537,0,0,1,512,13,5529184481
446,11462520,91925,11554445,6,0,0,2560,11,10393016108
447,11497949,49679,11547628,3,0,0,1536,20,3480677301
448,11536420,52364,11588784,6,0,0,3072,11,7806456010
449,11550260,4374,11554634,3,0,1,4608,20,5440562785
450,11577180,78895,11656075,8,0,0,10240,14,2487602224
451,11588060,238270,11826330,6,0,1,389120,11,5567481943
452,11606050,380654,11986704,8,0,0,82944,14,4643418317
453,11627500,204936,11832436,0,0,1,20992,13,7238429659
454,11734340,102922,11837262,1,0,1,7680,23,3228324598
455,11776560,155779,11932339,6,0,1,256512,11,4870887397
456,11778510,154085,11932595,0,0,1,9216,13,5091612397
457,11778690,148993,11927683,6,0,0,2048,11,9424540286
458,11811950,255494,12067444,6,0,0,4608,11,9559609842
459,11858830,89830,11948660,6,0,1,52224,11,6585531877
460,11860930,129460,11990390,6,0,1,134144,11,9954697
461,11869250,132482,12001732,6,0,1,37888,11,9739647481
462,11871120,161974,12033094,6,0,1,100864,11,1140823776
463,11889520,160253,12049773,0,0,1,55296,13,2334508714
464,11918210,132869,12051079,1,0,1,2048,23,8332382894
465,11925320,236241,12161561,6,0,0,2560,11,7521824317
466,11949580,102267,12051847,1,0,1,11776,23,2078765500
467,11985380,103883,12089263,1,0,1,130048,23,9204383295
468,12058220,176968,12235188,8,0,0,42496,14,8933386370
469,12102060,1518,12103578,0,0,1,1536,13,7277619848
470,12122979,263096,12386075,3,0,0,512,20,6164596898
471,12166510,138334,12304844,6,0,0,2048,11,3348962877
472,12282700,13512,12296212,0,0,1,26112,13,8157306930
473,12302810,494915,12797725,8,0,0,119808,14,7106283475
474,12320560,34537,12355097,0,0,1,60416,13,434527238
475,12321900,51413,12373313,1,0,1,59904,23,1663329308
476,12322650,62414,12385064,1,0,1,48128,23,2365940243
477,12340800,234331,12575131,6,0,1,328704,11,9025222085
478,12423439,417383,12840822,3,0,0,10752,20,5414363919
479,12429120,258512,12687632,1,0,1,349184,23,309704651
480,12437730,265557,12703287,5,0,1,50176,15,2964195302
481,12466040,238118,12704158,1,0,1,12288,23,4591930303
482,12472410,232516,12704926,4,0,1,11776,26,647606877
483,12490000,697190,13187190,8,0,0,218112,14,2571470164
484,12497209,504783,13001992,3,0,0,2560,20,4798907101
485,12541800,781304,13323104,8,0,0,175616,14,37028219
486,12598000,108309,12706309,0,0,1,14848,13,3584151537
487,12617930,114608,12732538,1,0,1,84480,23,5182056019
488,12657340,164183,12821523,6,0,1,266240,11,10208373766
489,12678120,211720,12889840,6,0,1,228864,11,1804441609
490,12683790,217596,12901386,5,0,1,47104,15,1463327610
491,12692280,246215,12938495,6,0,1,120320,11,3303177524
492,12717140,258157,12975297,6,0,1,118784,11,6889029970
493,12776920,219473,12996393,6,0,1,68096,11,2896420070
494,12808150,379071,13187221,1,0,1,412672,23,6861212727
495,12824730,424014,13248744,8,0,0,75776,14,7888559673
496,12878169,492591,13370760,3,0,0,1024,20,9816853179
497,12989540,565209,13554749,8,0,0,30720,14,2975550366
498,13034160,214599,13248759,6,0,1,184832,11,9867164587
499,13099260,153265,13252525,6,0,0,3072,11,2821926643
500,13136650,112124,13248774,5,0,1,2560,15,7613140837
501,13158240,90557,13248797,5,0,1,30208,15,6506895158
502,13194100,361444,13555544,6,0,0,2560,11,4171696072
503,13233789,326925,13560714,3,0,0,5120,20,8442954517
504,13253700,2870,13256570,5,0,1,8704,15,2281480574
505,13255070,7819,13262889,5,0,1,15872,15,4182179979
506,13273120,650143,13923263,1,0,1,971776,23,573915347
507,13274840,464631,13739471,8,0,0,119808,14,6479218632
508,13282500,641531,13924031,5,0,1,11776,15,4202145653
509,13297030,647687,13944717,6,0,1,74240,11,6485817397
510,13321970,649078,13971048,6,0,1,84992,11,4713924669
511,13336510,631333,13967843,8,0,0,44032,14,4630123856
512,13348370,391428,13739798,6,0,0,1024,11,179997609
513,13411090,400508,13811598,8,0,0,34816,14,6842741845
514,13441600,530831,13972431,6,0,1,14848,11,2579514475
515,13447649,490051,13937700,3,0,0,3072,20,2204686440
516,13458080,542038,14000118,6,0,1,94720,11,101187604
517,13459490,545378,14004868,5,0,1,19456,15,9209957978
518,13531080,551551,14082631,6,0,1,249344,11,4296976964
519,13535670,464433,14000103,6,0,0,4096,11,7141592174
520,13540010,579423,14119433,1,0,1,118784,23,6141627181
521,13567020,593620,14160640,6,0,1,124928,11,6703018935
522,13569349,592571,14161920,9,0,1,14336,21,10706651562
523,13673630,496061,14169691,5,0,1,20480,15,10281837179
524,13689420,487043,14176463,2,0,1,32256,19,380530014
525,13710470,474160,14184630,1,0,1,23552,23,7628952758
526,13714370,574058,14288428,2,0,1,337408,19,2633218814
527,13719960,440598,14160558,5,0,0,512,15,7549212154
528,13723020,335306,14058326,5,0,0,1024,15,6670805222
529,13724240,582125,14306365,2,0,1,64512,19,9133726690
530,13745710,583430,14329140,1,0,1,70144,23,234502844
531,13748230,527873,14276103,5,0,0,2048,15,5670662854
532,13766640,571947,14338587,5,0,1,25600,15,10364725172
533,13788310,603151,14391461,1,0,1,184832,23,6644946310
534,13932590,465848,14398438,1,0,1,33280,23,10408897460
535,13979259,477792,14457051,3,0,0,16896,20,8058701865
536,13996340,546505,14542845,5,0,0,7168,15,308878445
537,14015400,388184,14403584,3,0,1,8192,20,10430404104
538,14027270,342310,14369580,5,0,0,3072,15,7241762287
539,14035760,335132,14370892,6,0,0,3072,11,6393179278
540,14043660,361230,14404890,5,0,1,2048,15,8005987350
541,14076730,331706,14408436,5,0,1,17920,15,7615475105
542,14150970,258942,14409912,5,0,0,4096,15,8930458385
543,14157690,252237,14409927,5,0,1,12288,15,9907717083
544,14209150,450234,14659384,8,0,0,40960,14,2024043970
545,14224830,186103,14410933,6,0,1,2560,11,1029454043
546,14227750,203460,14431210,5,0,0,1536,15,1039572937
547,14234110,483633,14717743,8,0,0,191488,14,4871027701
548,14275330,150183,14425513,1,0,1,50176,23,282005033
549,14308930,120129,14429059,3,0,1,5632,20,710107585
550,14343650,117692,14461342,1,0,1,113664,23,378000927
551,14354600,620146,14974746,8,0,0,91136,14,7040722737
552,14370829,347273,14718102,3,0,0,1024,20,5153253028
553,14400830,409325,14810155,6,0,0,2048,11,1974312740
554,14412780,158831,14571611,6,0,0,1024,11,548870802
555,14430930,544938,14975868,5,0,0,1536,15,9722700761
556,14433020,328469,14761489,6,0,0,8704,11,2989969126
557,14444960,57113,14502073,2,0,1,97792,19,5866665121
558,14458430,46229,14504659,3,0,1,4096,20,7475134893
559,14482940,22795,14505735,6,0,1,13312,11,1605814989
560,14493319,32987,14526306,9,0,1,57344,21,8483162078
561,14499290,607149,15106439,8,0,0,242688,14,3608697620
562,14500329,30803,14531132,9,0,1,7680,21,10233979454
563,14566530,278848,14845378,6,0,0,6656,11,2600500597
564,14589309,2870,14592179,9,0,1,8704,21,10348142820
565,14664900,67328,14732228,3,0,1,24064,20,8199920970
566,14667450,356392,15023842,6,0,0,1024,11,5115500806
567,14674040,115628,14789668,1,0,1,104960,23,7832017714
568,14679050,112001,14791051,6,0,1,14848,11,2958998943
569,14696230,116633,14812863,2,0,1,71680,19,3900180923
570,14716820,106565,14823385,3,0,1,41984,20,3431382482
571,14737400,237985,14975385,4,0,0,2048,26,7007185338
572,14742720,96832,14839552,1,0,1,60928,23,712098913
573,14873630,22174,14895804,4,0,1,36352,26,7555529904
574,14919410,665223,15584633,8,0,0,222720,14,10119674784
575,14958420,53527,15011947,1,0,1,63488,23,6191506018
576,14985200,37269,15022469,2,0,1,41984,19,1168387119
577,14999620,200982,15200602,1,0,1,311296,23,4280320101
578,15007720,289875,15297595,8,0,0,26624,14,5562425042
579,15015010,273109,15288119,2,0,1,279552,19,4510910611
580,15016940,324097,15341037,2,0,1,171520,19,5963081145
581,15020420,373330,15393750,1,0,1,170496,23,8410851119
582,15036680,435798,15472478,1,0,1,202240,23,8620448135
583,15038740,474335,15513075,3,0,1,45568,20,5947403194
584,15039070,704631,15743701,8,0,0,332288,14,3696872496
585,15049599,535049,15584648,9,0,1,16384,21,2507903958
586,15053070,265665,15318735,4,0,0,2048,26,1508020507
587,15067010,312575,15379585,6,0,0,1024,11,9665967389
588,15088720,657210,15745930,5,0,0,6656,15,4151855420
589,15112690,631182,15743872,5,0,0,512,15,1383973110
590,15144160,459054,15603214,2,0,1,71168,19,6586014936
591,15168920,661553,15830473,8,0,0,1536,14,7254908059
592,15205960,537927,15743887,1,0,1,55296,23,4656700901
593,15226760,567062,15793822,1,0,1,217600,23,1720097584
594,15236140,514173,15750313,5,0,0,14336,15,7747626989
595,15243309,637065,15880374,3,0,0,7680,20,6396115013
596,15246520,720355,15966875,2,0,1,345088,19,4870343994
597,15332070,497920,15829990,8,0,0,102912,14,2482714170
598,15340130,411617,15751747,5,0,0,2048,15,139405854
599,15342829,632573,15975402,9,0,1,33280,21,539633638
600,15371170,379938,15751108,4,0,0,2560,26,7939315632
601,15413740,812763,16226503,1,0,1,440320,23,8752385926
602,15428149,402495,15830644,3,0,0,512,20,4545146981
603,15432400,796357,16228757,3,0,1,27136,20,7376679362
604,15435209,797011,16232220,9,0,1,15872,21,6324236775
605,15515439,405824,15921263,3,0,0,3072,20,5415894708
606,15549810,822991,16372801,1,0,1,270336,23,501793468
607,15572869,801558,16374427,8,0,1,2560,14,3231135460
608,15609680,782841,16392521,3,0,1,35328,20,8698071900
609,15631030,559401,16190431,4,0,0,2560,26,9138069083
610,15644340,752687,16397027,3,0,1,7168,20,1522711697
611,15658089,752700,16410789,9,0,1,41984,21,123876469
612,15689620,722552,16412172,3,0,1,14848,20,6486670908
613,15705450,706978,16412428,4,0,1,9216,26,5555966305
614,15706890,831006,16537896,2,0,1,248832,19,678970514
615,15739910,1017391,16757301,2,0,1,185344,19,9832105315
616,15740720,1067966,16808686,6,0,1,41472,11,6350521790
617,15747520,1063432,16810952,3,0,1,3584,20,9073449691
618,15764380,1054605,16818985,6,0,1,7168,11,7918603630
619,15773849,1046724,16820573,9,0,1,15872,21,7793375836
620,15786770,491725,16278495,8,0,0,139776,14,1419179862
621,15797380,1402767,17200147,1,0,1,437248,23,8883255759
622,15828270,1378733,17207003,3,0,1,9216,20,1048426033
623,15836290,677742,16514032,5,0,0,3584,15,3649989367
624,15847840,643749,16491589,5,0,0,2560,15,8059509116
625,15856910,1351399,17208309,3,0,1,2048,20,4034702494
626,15866770,559664,16426434,4,0,0,2560,26,2009048685
627,15912639,1307972,17220611,9,0,1,13312,21,9897134659
628,15921409,1309609,17231018,8,0,1,35328,14,8957112901
629,15941700,674492,16616192,6,0,0,4096,11,5757224702
630,15953259,442708,16395967,3,0,0,512,20,2755030948
631,15989169,1248417,17237586,8,0,1,39424,14,8651039876
632,15997870,1253512,17251382,4,0,1,7168,26,3454575411
633,16020830,398080,16418910,6,0,0,3072,11,7511849835
634,16105640,1682895,17788535,2,0,1,663040,19,7007830550
635,16125420,1720019,17845439,4,0,1,47616,26,6305715594
636,16141080,375398,16516478,4,0,0,5632,26,2330472964
637,16146110,307835,16453945,4,0,0,5120,26,6886746865
638,16151920,1733330,17885250,2,0,1,48640,19,373575949
639,16158700,1729838,17888538,1,0,1,23040,23,1304058982
640,16186230,1730411,17916641,4,0,1,8704,26,1402555156
641,16188059,1756539,17944598,9,0,1,58368,21,411832203
642,16202230,1973326,18175556,1,0,1,148992,23,9963071131
643,16203900,679498,16883398,8,0,0,90112,14,2828359885
644,16215260,1960311,18175571,4,0,1,11264,26,7177649118
645,16245810,946147,17191957,5,0,0,3072,15,4833002644
646,16248060,1927526,18175586,3,0,1,5120,20,6712442695
647,16270130,1905471,18175601,4,0,1,17408,26,6863439577
648,16313480,1862152,18175632,2,0,1,40448,19,6798028296
649,16340969,1837189,18178158,8,0,1,18944,14,8642705425
650,16347510,1924756,18272266,1,0,1,231936,23,8054933116
651,16356180,2135518,18491698,2,0,1,301568,19,4893899866
652,16363340,616013,16979353,8,0,0,314880,14,1591335169
653,16364330,240042,16604372,6,0,0,5632,11,5968787968
654,16372420,2122325,18494745,3,0,1,14336,20,327139160
655,16376550,776025,17152575,8,0,0,343552,14,5350517343
656,16397819,583229,16981048,3,0,0,5120,20,947839758
657,16446210,2054142,18500352,2,0,1,18432,19,4681773070
658,16495740,2005278,18501018,3,0,1,1024,20,8115680169
659,16517250,657351,17174601,8,0,0,56320,14,292596114
660,16518860,3629261,20148121,2,0,1,633856,19,2074707305
661,16584599,419449,17004048,3,0,0,2560,20,6133935912
662,16585610,3562534,20148144,7,0,1,4096,20,3897633280
663,16610159,3538795,20148954,9,0,1,10240,21,4991400679
664,16617620,424121,17041741,8,0,0,59904,14,6324188706
665,16668749,3480391,20149140,8,0,1,15360,14,7122656648
666,16685299,490565,17175864,3,0,0,4096,20,7383964726
667,16702200,569366,17271566,5,0,0,10752,15,9993289251
668,16703910,3494088,20197998,3,0,1,19456,20,447425658
669,16747409,663319,17410728,3,0,0,3072,20,5839157088
670,16753510,3507146,20260656,4,0,1,73216,26,10468806179
671,16772820,3487851,20260671,3,0,1,11264,20,924233087
672,16817960,553042,17371002,5,0,0,512,15,6961144658
673,16835099,3427022,20262121,9,0,1,19456,21,8901954309
674,16844190,308932,17153122,4,0,0,1536,26,2041267296
675,16849550,401817,17251367,8,0,0,22016,14,5506716564
676,16850619,3412000,20262619,8,0,1,15360,14,2890255360
677,16886440,3475292,20361732,4,0,1,14336,26,5177870156
678,16911690,667871,17579561,8,0,0,280576,14,60072308
679,16912899,3448848,20361747,8,0,1,50688,14,1816263720
680,16913839,3545936,20459775,8,0,1,69120,14,6407565377
681,16942749,3517041,20459790,8,0,1,2560,14,3741009436
682,16959470,343244,17302714,4,0,0,6656,26,9173005026
683,16963820,3495985,20459805,2,0,1,6144,19,905385507
684,16984450,628853,17613303,8,0,0,6144,14,87961736
685,16996620,641220,17637840,5,0,0,4608,15,9286664729
686,17030270,585451,17615721,6,0,0,4608,11,3244727288
687,17039000,3423190,20462190,2,0,1,129024,19,10527912406
688,17045850,336836,17382686,5,0,0,512,15,2260822409
689,17072070,297396,17369466,4,0,0,512,26,10015129677
690,17075200,633260,17708460,8,0,0,202240,14,10208099622
691,17080709,3470926,20551635,9,0,1,34816,21,2561910652
692,17132200,448498,17580698,6,0,0,2048,11,4298420015
693,17160639,3391011,20551650,9,0,1,31744,21,4722935675
694,17202300,377759,17580059,6,0,0,1024,11,6114249200
695,17210180,3532023,20742203,2,0,1,123392,19,8262773822
696,17226730,692919,17919649,6,0,0,1536,11,7007831195
697,17244929,3499540,20744469,8,0,1,3584,14,4877133213
698,17279390,300342,17579732,5,0,0,512,15,10525429795
699,17298139,3447815,20745954,9,0,1,15360,21,372702643
700,17320389,3434078,20754467,9,0,1,22016,21,5137592125
701,17379940,241145,17621085,6,0,0,2048,11,4800477671
702,17406939,3350434,20757373,9,0,1,4608,21,8011318647
703,17423260,750847,18174107,8,0,0,358912,14,6843771011
704,17437779,3324300,20762079,9,0,1,16384,21,4274423636
705,17446050,5056452,22502502,2,0,1,740352,19,456462193
706,17488029,351916,17839945,3,0,0,4096,20,2910309155
707,17495420,702112,18197532,8,0,0,61440,14,9669035761
708,17525399,4982686,22508085,8,0,1,19968,14,6013293899
709,17526820,463970,17990790,6,0,0,2048,11,641389854
710,17530829,398158,17928987,3,0,0,1536,20,926040656
711,17561950,389456,17951406,6,0,0,8704,11,7662281561
712,17570339,494397,18064736,3,0,0,3584,20,331589255
713,17574530,5253037,22827567,2,0,1,107520,19,5042844896
714,17594830,353901,17948731,4,0,0,5120,26,5359393177
715,17597550,442352,18039902,0,0,0,4608,13,1858146465
716,17638020,5528526,23166546,2,0,1,246784,19,10442294032
717,17660700,537627,18198327,5,0,0,2560,15,9694975130
718,17673699,501842,18175541,3,0,0,512,20,1627805491
719,17674220,372738,18046958,6,0,0,2560,11,432479652
720,17687369,216388,17903757,3,0,0,512,20,8476143192
721,17793699,384444,18178143,3,0,0,8192,20,7268599704
722,17846240,329130,18175370,5,0,0,4096,15,3035161376
723,17881860,5317390,23199250,6,0,1,46080,11,7887834539
724,17882110,296687,18178797,6,0,0,2048,11,10428274535
725,17884710,500824,18385534,8,0,0,187392,14,1743373128
726,17926519,5287470,23213989,8,0,1,12288,14,8293507132
727,17947629,5268642,23216271,9,0,1,15872,21,10182447310
728,17966379,5262365,23228744,8,0,1,17408,14,3485039961
729,17985809,5247761,23233570,9,0,1,7680,21,1809704904
730,18052169,225473,18277642,3,0,0,512,20,4329721540
731,18106199,416640,18522839,3,0,0,4096,20,8005126724
732,18112249,284495,18396744,3,0,0,3072,20,7921670967
733,18197869,188772,18386641,3,0,0,3584,20,6576532681
734,18233919,5082594,23316513,9,0,1,35328,21,7024278127
735,18260190,1096230,19356420,2,0,0,394752,19,6067747726
736,18275610,5040918,23316528,2,0,1,33280,19,4905563367
737,18378300,516389,18894689,2,0,0,229888,19,10165679115
738,18383820,572060,18955880,2,0,0,200704,19,1118795894
739,18404769,561535,18966304,3,0,0,3072,20,929522798
740,18429450,528161,18957611,4,0,0,5632,26,2433991253
741,18488119,4881323,23369442,9,0,1,24576,21,8645635670
742,18497130,541416,19038546,5,0,0,1024,15,5545981907
743,18506219,4905076,23411295,8,0,1,7168,14,928702689
744,18515040,930783,19445823,2,0,0,293376,19,9965089185
745,18524029,4887281,23411310,8,0,1,3584,14,831694762
746,18534499,4878557,23413056,8,0,1,6144,14,215808794
747,18549100,4972360,23521460,2,0,1,36864,19,1759936645
748,18565889,4955602,23521491,9,0,1,39424,21,5940864991
749,18573859,395205,18969064,3,0,0,2048,20,4830274396
750,18575899,4945607,23521506,9,0,1,11776,21,2628139913
751,18587590,1009927,19597517,2,0,0,249856,19,2800732998
752,18622719,4898810,23521529,9,0,1,54272,21,1108936568
753,18640030,1459552,20099582,2,0,0,593408,19,367840750
754,18642249,4879295,23521544,9,0,1,9216,21,6276603993
755,18671820,980628,19652448,2,0,0,36352,19,8859750841
756,18696210,4825349,23521559,7,0,1,3072,20,913133501
757,18743380,4778234,23521614,3,0,1,6656,20,6009869927
758,18785680,661921,19447601,4,0,0,4608,26,7137671663
759,18808919,4712710,23521629,8,0,1,1024,14,5175943306
760,18825639,4766228,23591867,9,0,1,48128,21,8719726827
761,18829020,1431549,20260569,2,0,0,205312,19,9622345611
762,18835180,964547,19799727,2,0,0,87552,19,1827126709
763,18845089,601085,19446174,3,0,0,1024,20,3453267893
764,18905020,1242187,20147207,2,0,0,154112,19,627134017
765,18964229,4658112,23622341,9,0,1,102912,21,8012767662
766,18972669,4649695,23622364,9,0,1,7168,21,4632491095
767,18973239,1289365,20262604,3,0,0,1536,20,456613882
768,18987930,1210053,20197983,2,0,0,160256,19,10549753384
769,18990030,4632349,23622379,7,0,1,6144,20,2529427255
770,19040719,407209,19447928,3,0,0,1024,20,6983842712
771,19137320,591464,19728784,6,0,0,1024,11,6961409544
772,19160839,4461555,23622394,9,0,1,11264,21,2826967571
773,19196460,253699,19450159,2,0,0,7168,19,8000033418
774,19210490,4412254,23622744,2,0,1,14848,19,2518984711
775,19217090,486370,19703460,6,0,0,7168,11,9123970228
776,19218729,4496865,23715594,8,0,1,38400,14,2297868642
777,19267260,1194120,20461380,6,0,0,5120,11,99805169
778,19274080,441372,19715452,4,0,0,2560,26,721564144
779,19278430,1016184,20294614,8,0,0,104960,14,84773453
780,19292480,417008,19709488,6,0,0,8192,11,3121295852
781,19365140,735096,20100236,5,0,0,512,15,7667653039
782,19400389,4315220,23715609,8,0,1,6656,14,582432653
783,19417259,4298365,23715624,9,0,1,13824,21,569570784
784,19423160,725779,20148939,4,0,0,2560,26,8855032252
785,19449580,350318,19799898,4,0,0,512,26,1276519366
786,19455760,1003190,20458950,2,0,0,318976,19,4532800820
787,19485680,614385,20100065,5,0,0,1536,15,6779662475
788,19485710,1085654,20571364,5,0,0,3072,15,5390679540
789,19498650,649440,20148090,6,0,0,2560,11,8432385424
790,19535819,613306,20149125,3,0,0,512,20,6956787055
791,19539170,822539,20361709,2,0,0,220160,19,5594683965
792,19548770,4173006,23721776,2,0,1,243200,19,8744825771
793,19552260,907500,20459760,5,0,0,512,15,3273949863
794,19555939,4165852,23721791,8,0,1,16384,14,5456598561
795,19559960,4271112,23831072,2,0,1,221184,19,6683201406
796,19565909,283914,19849823,3,0,0,512,20,10209548858
797,19620240,4310640,23930880,2,0,1,206336,19,9573232283
798,19626660,635430,20262090,4,0,0,4608,26,4135062227
799,19639220,4686287,24325507,2,0,1,437760,19,10322505220
800,19677210,4775908,24453118,2,0,1,37888,19,4877636156
801,19716120,835500,20551620,7,0,0,191488,20,5148079882
802,19725989,4739287,24465276,8,0,1,7168,14,9101859831
803,19752030,1147957,20899987,8,0,0,51712,14,3291495017
804,19759799,702376,20462175,3,0,0,2560,20,4172543262
805,19770059,4736668,24506727,8,0,1,41984,14,5513490268
806,19778870,822655,20601525,6,0,0,5120,11,4785187967
807,19785260,1273758,21059018,2,0,0,376320,19,6665303857
808,19799980,889510,20689490,2,0,0,27136,19,3440828900
809,19825529,4970270,24795799,9,0,1,102400,21,10093975280
810,19844629,4988403,24833032,9,0,1,15872,21,1338056667
811,19869360,5269422,25138782,2,0,1,104448,19,6520095797
812,19914480,548817,20463297,2,0,0,3584,19,2564780412
813,19921519,564153,20485672,3,0,0,1024,20,3945296282
814,20043940,15204142,35248082,2,0,1,995328,19,8169292046
815,20045069,856805,20901874,3,0,0,6144,20,5879896963
816,20074069,385520,20459589,3,0,0,2048,20,689480455
817,20136150,1077999,21214149,8,0,0,286720,14,8862014623
818,20156779,15098308,35255087,8,0,1,9728,14,2529115740
819,20164269,15091382,35255651,8,0,1,10752,14,6317689398
820,20172719,15169733,35342452,8,0,1,29696,14,2358979275
821,20204980,15657694,35862674,5,0,1,39424,15,7779860349
822,20225300,1100636,21325936,8,0,0,96768,14,2293100036
823,20253440,36150319,56403759,2,0,1,441856,19,10651972216
824,20276130,539419,20815549,6,0,0,2560,11,10369808306
825,20278790,36149062,56427852,2,0,1,43008,19,3621563444
826,20291119,923825,21214944,3,0,0,2560,20,6511532532
827,20399459,36028416,56427875,8,0,1,5632,14,3866007192
828,20482899,35944999,56427898,8,0,1,512,14,4690268791
829,20531189,35950107,56481296,8,0,1,33792,14,1738166719
830,20536360,523453,21059813,5,0,0,2560,15,9155799566
831,20561949,35919370,56481319,9,0,1,3072,21,5284042427
832,20589070,868993,21458063,4,0,0,215552,26,7552236287
833,20589280,1356014,21945294,8,0,0,235520,14,5136439046
834,20601440,737631,21339071,2,0,0,43008,19,2219397666
835,20636319,35845023,56481342,8,0,1,1536,14,1238074363
836,20678460,438389,21116849,8,0,0,39936,14,3599385814
837,20682530,1116987,21799517,4,0,0,16384,26,2657506522
838,20700400,1042457,21742857,4,0,0,195072,26,8397053685
839,20729410,1409943,22139353,2,0,0,37888,19,8146307
840,20775040,908366,21683406,7,0,0,350208,20,10625101434
841,20788270,978506,21766776,2,0,0,38912,19,5530339235
842,20872260,1466724,22338984,4,0,0,379904,26,8413621586
843,20967630,1826348,22793978,2,0,0,202752,19,2590955397
844,20989920,2326578,23316498,7,0,0,238080,20,428940567
845,21043850,1386061,22429911,6,0,0,1024,11,9662741163
846,21072919,35659074,56731993,8,0,1,33792,14,1520221412
847,21121790,964192,22085982,4,0,0,162816,26,4107821581
848,21210200,652756,21862956,2,0,0,6656,19,6690779199
849,21254690,845059,22099749,4,0,0,45056,26,3033736285
850,21255450,2265995,23521445,7,0,0,302080,20,10492389185
851,21298740,1090263,22389003,7,0,0,25088,20,8671447122
852,21299530,1055731,22355261,4,0,0,39936,26,802202668
853,21346619,996459,22343078,3,0,0,11776,20,7097139942
854,21357600,855673,22213273,2,0,0,41984,19,7200797954
855,21359420,2232432,23591852,4,0,0,230400,26,3239193104
856,21396939,609951,22006890,3,0,0,3072,20,7789480904
857,21407980,737316,22145296,4,0,0,19456,26,6487991339
858,21419640,745208,22164848,2,0,0,10240,19,1055046748
859,21420859,35311165,56732024,8,0,1,4096,14,4153267136
860,21537899,801568,22339467,3,0,0,1536,20,1614667683
861,21571729,35188601,56760330,8,0,1,59904,14,7630089921
862,21586089,769351,22355440,3,0,0,512,20,3939464000
863,21596060,833524,22429584,4,0,0,41984,26,6311853056
864,21629969,35138419,56768388,8,0,1,49664,14,3885615865
865,21647629,35138909,56786538,8,0,1,10240,14,5495467742
866,21681369,35177310,56858679,8,0,1,7680,14,5852728989
867,21690460,783161,22473621,2,0,0,14336,19,2779743310
868,21811950,1015602,22827552,7,0,0,44032,20,8575488387
869,21824370,1189117,23013487,4,0,0,107520,26,7921227789
870,21872930,623311,22496241,2,0,0,23040,19,8256020540
871,21889900,466373,22356273,6,0,0,512,11,156792762
872,21900410,536013,22436423,6,0,0,6144,11,4243773833
873,21903000,759315,22662315,7,0,0,22528,20,2183616594
874,21913930,540244,22454174,4,0,0,46080,26,9508415194
875,21939300,691319,22630619,5,0,0,1024,15,9835502224
876,22004159,35083206,57087365,8,0,1,22016,14,10398107892
877,22017070,339024,22356094,5,0,0,1536,15,3175325895
878,22019079,35068309,57087388,8,0,1,15360,14,610936994
879,22038959,35198133,57237092,8,0,1,32256,14,9601946118
880,22046070,748251,22794321,6,0,0,1024,11,7538163345
881,22053799,35183316,57237115,8,0,1,4608,14,5809690340
882,22097710,938412,23036122,7,0,0,74240,20,4776241423
883,22104310,251301,22355611,5,0,0,512,15,6169652694
884,22170789,35066349,57237138,8,0,1,2560,14,9666089060
885,22209380,713796,22923176,4,0,0,225280,26,3104866291
886,22232749,938101,23170850,3,0,0,6656,20,9456757121
887,22266020,34971141,57237161,0,0,1,6656,13,1847186171
888,22313020,775630,23088650,2,0,0,96768,19,7531798093
889,22352170,1059110,23411280,7,0,0,130560,20,5132258195
890,22354150,34991078,57345228,0,0,1,23040,13,4879919196
891,22369050,256805,22625855,2,0,0,512,19,10533044619
892,22376910,791516,23168426,5,0,0,2048,15,6598154960
893,22378550,1337029,23715579,7,0,0,304640,20,7676340195
894,22397940,811694,23209634,7,0,0,23040,20,1161181801
895,22406940,687079,23094019,5,0,0,7168,15,9700620238
896,22527740,35128488,57656228,0,0,1,58368,13,2802194596
897,22527899,448987,22976886,3,0,0,512,20,4108826897
898,22545140,35399151,57944291,4,0,1,23040,26,5334678621
899,22607480,1014846,23622326,7,0,0,99840,20,4217425687
900,22620140,749287,23369427,4,0,0,173568,26,8071189273
901,22660810,301610,22962420,2,0,0,3584,19,4643677761
902,22729170,481904,23211074,2,0,0,2560,19,3646225550
903,22751920,619565,23371485,5,0,0,6656,15,3410997870
904,22755090,388334,23143424,2,0,0,2560,19,3715831602
905,22755780,657261,23413041,5,0,0,5632,15,8720714385
906,22847730,35140024,57987754,0,0,1,31744,13,5166088655
907,22896180,533130,23429310,5,0,0,6144,15,6657960577
908,22966920,460503,23427423,4,0,0,47104,26,7193547513
909,23041819,35312790,58354609,9,0,1,81408,21,9822533170
910,23056990,565731,23622721,5,0,0,1024,15,1172514201
911,23128720,36546102,59674822,2,0,1,678400,19,6301808605
912,23146210,36528635,59674845,0,0,1,10752,13,1055288529
913,23162240,558087,23720327,6,0,0,15360,11,7773058209
914,23180780,808099,23988879,7,0,0,143360,20,291849462
915,23187110,36549892,59737002,6,0,1,42496,11,1109300850
916,23201590,545974,23747564,5,0,0,5632,15,4960997492
917,23244490,476632,23721122,6,0,0,2560,11,5113265016
918,23275380,36461645,59737025,0,0,1,3584,13,4337137339
919,23307139,36429909,59737048,9,0,1,512,21,8407967477
920,23340309,36396762,59737071,9,0,1,18432,21,6602652920
921,23340450,389697,23730147,2,0,0,7680,19,4117322050
922,23385529,36351565,59737094,9,0,1,5120,21,865975311
923,23389270,394288,23783558,5,0,0,1536,15,372261195
924,23408580,317021,23725601,5,0,0,1024,15,9044710202
925,23454300,267461,23721761,5,0,0,2048,15,2217027992
926,23471559,311516,23783075,3,0,0,4096,20,2647280487
927,23502150,655296,24157446,7,0,0,137216,20,9243838533
928,23528800,467114,23995914,6,0,0,23040,11,2007183351
929,23555749,36252558,59808307,9,0,1,70144,21,6471924700
930,23736519,36071811,59808330,9,0,1,7168,21,1025762514
931,23785910,36022443,59808353,2,0,1,54272,19,5496263600
932,23786260,36105958,59892218,0,0,1,52736,13,8982639934
933,23813959,36184541,59998500,9,0,1,16896,21,5358580068
934,23844830,36156391,60001221,0,0,1,20480,13,9632112277
935,23853430,574362,24427792,4,0,0,119808,26,8528160489
936,23873850,685420,24559270,6,0,0,79360,11,2658929128
937,23879439,221745,24101184,3,0,0,4608,20,10346989086
938,23883390,912394,24795784,6,0,0,294912,11,5763256656
939,23930709,702696,24633405,3,0,0,10240,20,3837565311
940,24026620,806397,24833017,4,0,0,107008,26,5875139109
941,24037519,798711,24836230,3,0,0,3072,20,7405155393
942,24038710,1098450,25137160,7,0,0,352256,20,3716537577
943,24040960,936589,24977549,6,0,0,68608,11,478579193
944,24086380,176349,24262729,5,0,0,2048,15,3634270247
945,24140429,1149320,25289749,3,0,0,4096,20,2214730242
946,24144610,1543873,25688483,6,0,0,31232,11,5532023540
947,24153630,1350864,25504494,6,0,0,237056,11,9005745301
948,24157210,1263555,25420765,6,0,0,58880,11,5863598140
949,24180940,984728,25165668,4,0,0,87552,26,2366803584
950,24197750,1090736,25288486,4,0,0,48640,26,1707055487
951,24225849,913120,25138969,3,0,0,512,20,5095559
952,24264879,35736365,60001244,9,0,1,7680,21,9072733340
953,24322280,1497081,25819361,4,0,0,222720,26,5919947165
954,24333730,35668044,60001774,0,0,1,19456,13,1560585362
955,24350260,35651537,60001797,0,0,1,4096,13,5127690281
956,24375410,35751497,60126907,1,0,1,143872,23,10211894652
957,24396790,1332528,25729318,7,0,0,36352,20,3978335606
958,24406750,455913,24862663,5,0,0,1536,15,2258641110
959,24469990,559827,25029817,7,0,0,100352,20,3080666119
960,24473599,35751830,60225429,9,0,1,6656,21,7936116469
961,24499230,1373038,25872268,4,0,0,173568,26,3004402456
962,24573610,984777,25558387,6,0,0,50688,11,7793177798
963,24585180,553571,25138751,5,0,0,5120,15,9695166512
964,24642610,631041,25273651,6,0,0,123392,11,313702091
965,24646050,679954,25326004,7,0,0,6144,20,1518874045
966,24673020,563020,25236040,4,0,0,20480,26,353825798
967,24679890,1345264,26025154,6,0,0,22016,11,2810746228
968,24688340,36843755,61532095,2,0,1,522752,19,6529704381
969,24720630,700418,25421048,5,0,0,512,15,2505159329
970,24825500,36706618,61532118,6,0,1,11776,11,5966333383
971,24839140,545655,25384795,7,0,0,45056,20,8606102204
972,24844480,447156,25291636,5,0,0,6144,15,6749087689
973,24925000,288537,25213537,2,0,0,1024,19,5617995652
974,24935970,36737226,61673196,6,0,1,8704,11,4315652790
975,24948340,36724879,61673219,0,0,1,14848,13,10704801694
976,24958280,1394084,26352364,7,0,0,384000,20,786931635
977,25022650,482171,25504821,2,0,0,1024,19,3441529668
978,25032870,36770125,61802995,2,0,1,264192,19,10357445987
979,25048370,836705,25885075,6,0,0,41984,11,9687318116
980,25055080,36963314,62018394,2,0,1,271360,19,6542541214
981,25079200,37079484,62158684,2,0,1,229888,19,5965784655
982,25083500,1885019,26968519,5,0,0,4096,15,7048428421
983,25092180,37066527,62158707,5,0,1,1024,15,2166823801
984,25132160,37026570,62158730,5,0,1,34304,15,688682961
985,25133110,37025643,62158753,5,0,1,5632,15,4003928416
986,25136430,1373740,26510170,7,0,0,290816,20,3621505001
987,25154340,37004436,62158776,6,0,1,8704,11,4213624170
988,25167309,889184,26056493,3,0,0,5632,20,1767516929
989,25204990,972488,26177478,5,0,0,14336,15,2618850364
990,25210370,2027108,27237478,6,0,0,422912,11,3188502514
991,25216690,36942109,62158799,6,0,1,36352,11,10569984300
992,25220230,36938600,62158830,6,0,1,22016,11,327205612
993,25222500,36936353,62158853,5,0,1,1536,15,1063060379
994,25223199,717495,25940694,3,0,0,16896,20,9600717736
995,25260879,1091968,26352847,3,0,0,1536,20,3311407138
996,25295830,36864317,62160147,6,0,1,23040,11,8680521883
997,25311190,1656042,26967232,4,0,0,145920,26,5472155691
998,25324789,36835560,62160349,9,0,1,60928,21,7631982098
999,25347720,36812652,62160372,6,0,1,31744,11,1038694639
1000,25367800,36792595,62160395,6,0,1,1536,11,2096847897
1001,25401200,1466131,26867331,7,0,0,444416,20,7160894773
1002,25417530,1501608,26919138,6,0,0,169984,11,6804676924
1003,25468850,233655,25702505,2,0,0,512,19,4700336642
1004,25470580,1107914,26578494,7,0,0,57856,20,3093356537
1005,25470729,414557,25885286,3,0,0,512,20,1451002166
1006,25501640,2039582,27541222,4,0,0,358912,26,1561997304
1007,25505100,36655318,62160418,0,0,1,16896,13,1563942792
1008,25516540,36643901,62160441,6,0,1,24576,11,3312721856
1009,25522100,36638364,62160464,5,0,1,14336,15,10116712002
1010,25551770,36608717,62160487,0,0,1,9216,13,2913473791
1011,25581140,36579370,62160510,0,0,1,20480,13,3659109814
1012,25581700,935701,26517401,4,0,0,23552,26,10236499087
1013,25606760,36553773,62160533,0,0,1,5632,13,8824874617
1014,25610500,2150292,27760792,7,0,0,367616,20,6427236821
1015,25612480,1635963,27248443,4,0,0,17920,26,3370378034
1016,25616240,36545376,62161616,6,0,1,7680,11,5289559618
1017,25619120,2311590,27930710,7,0,0,297984,20,5461597689
1018,25619170,36569656,62188826,5,0,1,36864,15,8763763554
1019,25658140,2181763,27839903,6,0,0,154624,11,8899749071
1020,25693980,2288641,27982621,4,0,0,76800,26,1936561355
1021,25698190,36524936,62223126,2,0,1,32256,19,9400540542
1022,25702670,1396350,27099020,5,0,0,2560,15,6258189022
1023,25705360,911175,26616535,5,0,0,1024,15,1720402607
1024,25717620,1205121,26922741,2,0,0,11776,19,3500808095
1025,25738300,1504668,27242968,4,0,0,17408,26,8398247976
1026,25741490,36491558,62233048,5,0,1,34816,15,3623713715
1027,25750870,2687718,28438588,6,0,0,292352,11,9697028361
1028,25776129,2310166,28086295,3,0,0,2560,20,5068476170
1029,25795759,1294957,27090716,3,0,0,512,20,5714230494
1030,25800879,1436770,27237649,3,0,0,512,20,9628082620
1031,25830680,36403354,62234034,5,0,1,1536,15,3756829298
1032,25833700,36443852,62277552,5,0,1,18944,15,2943711239
1033,25837450,36443538,62280988,6,0,1,2048,11,4959234898
1034,25853930,36427724,62281654,0,0,1,1024,13,6129064678
1035,25871270,1550530,27421800,4,0,0,193536,26,6120650097
1036,25887010,1874577,27761587,2,0,0,2560,19,6999358614
1037,25991350,2591651,28583001,7,0,0,267264,20,6672052038
1038,26010660,36275500,62286160,6,0,1,7168,11,8604700122
1039,26027140,2747795,28774935,6,0,0,180224,11,7811925726
1040,26056710,2895819,28952529,7,0,0,212480,20,9673840655
1041,26075160,36240962,62316122,0,0,1,66048,13,386073587
1042,26086810,36266784,62353594,0,0,1,43520,13,7241989106
1043,26094230,36259710,62353940,6,0,1,512,11,4978237305
1044,26095950,1445599,27541549,5,0,0,1024,15,1433139444
1045,26117700,1889532,28007232,6,0,0,13312,11,5206540843
1046,26128080,36233378,62361458,6,0,1,15872,11,3816122597
1047,26214210,1578566,27792776,6,0,0,26624,11,128309441
1048,26232580,1032416,27264996,2,0,0,1536,19,6587241806
1049,26323470,2862239,29185709,7,0,0,102400,20,1244554429
1050,26343300,36620554,62963854,6,0,1,43520,11,6849062204
1051,26404549,2179871,28584420,3,0,0,4608,20,1849966745
1052,26429540,3114585,29544125,4,0,0,167424,26,7737108233
1053,26436300,1557996,27994296,5,0,0,6144,15,4896886109
1054,26441100,1872034,28313134,7,0,0,311808,20,8687946057
1055,26444150,2709758,29153908,6,0,0,267776,11,2604009389
1056,26454830,843554,27298384,2,0,0,512,19,615405175
1057,26484970,36500949,62985919,6,0,1,19968,11,4857864908
1058,26518890,1953308,28472198,4,0,0,107008,26,8398735725
1059,26528730,1041326,27570056,7,0,0,55808,20,2641749
1060,26540080,1060342,27600422,4,0,0,56832,26,2188179610
1061,26559460,1220103,27779563,5,0,0,5120,15,9528097835
1062,26596000,1899297,28495297,4,0,0,72192,26,7332117753
1063,26624220,1460382,28084602,7,0,0,29184,20,5473609000
1064,26629050,1308437,27937487,2,0,0,15872,19,8027178988
1065,26646860,2585294,29232154,7,0,0,44544,20,3634874766
1066,26665040,36325605,62990645,0,0,1,9728,13,1002493459
1067,26683010,1249610,27932620,5,0,0,2048,15,3876842676
1068,26694930,1744617,28439547,2,0,0,3072,19,7189318966
1069,26819280,1530217,28349497,7,0,0,119296,20,2630171528
1070,26837180,36153488,62990668,6,0,1,5632,11,8332685019
1071,26897580,2824523,29722103,6,0,0,84992,11,3877230088
1072,26935490,36104240,63039730,1,0,1,54784,23,5011741296
1073,26949820,1859138,28808958,6,0,0,111616,11,1604907640
1074,26982360,3472363,30454723,6,0,0,936960,11,7510441535
1075,27015550,1802986,28818536,2,0,0,512,19,8382951599
1076,27083070,848903,27931973,5,0,0,4096,15,1644000352
1077,27096070,3511454,30607524,7,0,0,486400,20,1888841076
1078,27096850,36455288,63552138,1,0,1,417792,23,2041214782
1079,27133850,36423114,63556964,6,0,1,7680,11,2409493903
1080,27173310,36461426,63634736,0,0,1,11264,13,2673468815
1081,27180820,1772972,28953792,5,0,0,4096,15,3909651489
1082,27201420,36589077,63790497,1,0,1,192000,23,1174639899
1083,27202480,2966748,30169228,4,0,0,261120,26,10064620464
1084,27274410,3770949,31045359,7,0,0,253440,20,6234985349
1085,27275320,3576148,30851468,6,0,0,797696,11,16266548
1086,27296449,2331859,29628308,3,0,0,2048,20,5754090674
1087,27352340,3574430,30926770,7,0,0,242688,20,3885613387
1088,27368980,36516647,63885627,1,0,1,71168,23,442221910
1089,27406910,36498115,63905025,1,0,1,92672,23,3479561663
1090,27461980,4642797,32104777,4,0,0,1500160,26,2459093181
1091,27485820,5014003,32499823,7,0,0,586240,20,4915996241
1092,27514080,2944870,30458950,5,0,0,13824,15,8998733800
1093,27523400,3524532,31047932,2,0,0,3072,19,4377576084
1094,27534310,4600396,32134706,4,0,0,61440,26,8037791823
1095,27566339,2892970,30459309,3,0,0,1024,20,502982398
1096,27567940,1386023,28953963,2,0,0,512,19,889201231
1097,27582720,5440976,33023696,4,0,0,822784,26,7869904914
1098,27586840,36828543,64415383,1,0,1,260096,23,9143866211
1099,27620410,3848545,31468955,4,0,0,60416,26,215133555
1100,27653820,3314296,30968116,5,0,0,5632,15,1965941194
1101,27672370,3488733,31161103,7,0,0,174080,20,2917950382
1102,27690430,36768384,64458814,2,0,1,18432,19,4584148583
1103,27707950,2900447,30608397,5,0,0,1536,15,2426596277
1104,27737780,2870118,30607898,5,0,0,512,15,10223843324
1105,27757600,36800717,64558317,0,0,1,65024,13,7706057779
1106,27895110,3412394,31307504,5,0,0,2048,15,3467945379
1107,27900560,5156702,33057262,4,0,0,104960,26,7788731222
1108,27916150,36753380,64669530,0,0,1,84992,13,7210563351
1109,27961990,3003436,30965426,4,0,0,119808,26,6023882302
1110,27967730,4307415,32275145,4,0,0,213504,26,5054574337
1111,27985080,2943165,30928245,2,0,0,4608,19,2371667022
1112,28003980,36669416,64673396,6,0,1,6144,11,1476935819
1113,28018460,36714052,64732512,6,0,1,10240,11,5491212977
1114,28096080,4055256,32151336,4,0,0,3584,26,6169973840
1115,28112309,5038106,33150415,3,0,0,19968,20,1910569087
1116,28208700,3047755,31256455,4,0,0,134144,26,7816106207
1117,28241060,3955734,32196794,5,0,0,512,15,7559161688
1118,28338359,2708622,31046981,3,0,0,1024,20,5010684891
1119,28386460,4638783,33025243,2,0,0,4608,19,9654514937
1120,28390700,4380714,32771414,4,0,0,72704,26,4091434761
1121,28405920,3241591,31647511,6,0,0,281088,11,10593208030
1122,28441120,2605534,31046654,5,0,0,4096,15,2176684023
1123,28447910,4943117,33391027,7,0,0,283136,20,10004534655
1124,28451260,2477647,30928907,2,0,0,1536,19,10646751206
1125,28669190,36063345,64732535,4,0,1,6144,26,1322728120
1126,28705400,4818873,33524273,6,0,0,64512,11,1988396059
1127,28774840,35957718,64732558,4,0,1,4608,26,5825584474
1128,28779340,2268927,31048267,5,0,0,1024,15,8182332829
1129,28821770,4937846,33759616,6,0,0,273920,11,5844861574
1130,28957100,35805552,64762652,0,0,1,75264,13,9596581051
1131,28963300,35996714,64960014,3,0,1,31744,20,9722083443
1132,28968399,1997986,30966385,3,0,0,3072,20,1572654110
1133,28971700,36081047,65052747,0,0,1,22528,13,2802906639
1134,29006299,36046471,65052770,9,0,1,12288,21,4798958816
1135,29035280,36017513,65052793,0,0,1,512,13,5386425622
1136,29063050,3147020,32210070,5,0,0,1536,15,833650897
1137,29066750,35986066,65052816,7,0,1,4608,20,994519155
1138,29070350,35982489,65052839,7,0,1,22016,20,4237073092
1139,29143459,885699,30029158,3,0,0,3072,20,9117054828
1140,29167390,3362879,32530269,2,0,0,5120,19,9466405946
1141,29179880,2270652,31450532,4,0,0,26112,26,4999399660
1142,29193710,35859152,65052862,0,0,1,19968,13,3732630001
1143,29252640,3275926,32528566,7,0,0,94208,20,2988765326
1144,29353860,2842739,32196599,4,0,0,148480,26,1053802976
1145,29404590,35648295,65052885,7,0,1,11776,20,7322155622
1146,29414989,1513427,30928416,3,0,0,512,20,3814939848
1147,29422609,1430154,30852763,3,0,0,4096,20,353245220
1148,29428029,2849174,32277203,3,0,0,2048,20,2400798515
1149,29448920,2701293,32150213,4,0,0,50688,26,536753772
1150,29460800,4578869,34039669,7,0,0,487936,20,8419896840
1151,29480740,1723472,31204212,5,0,0,4096,15,6661145947
1152,29490329,35883473,65373802,8,0,1,24064,14,5454269981
1153,29506880,3196847,32703727,7,0,0,104960,20,6019637344
1154,29524110,35850038,65374148,7,0,1,512,20,3850739407
1155,29547510,1639801,31187311,2,0,0,1536,19,6172655055
1156,29708650,1707284,31415934,7,0,0,20480,20,2851768132
1157,29715480,35667992,65383472,0,0,1,35328,13,9033810737
1158,29791370,816349,30607719,2,0,0,512,19,6384070238
1159,29797460,1850222,31647682,5,0,0,512,15,5823185986
1160,29902510,35564197,65466707,0,0,1,42496,13,6773739736
1161,29927010,2188873,32115883,6,0,0,35328,11,7757705973
1162,29928980,35615451,65544431,0,0,1,15360,13,5616310046
1163,29939070,2270477,32209547,6,0,0,36352,11,5147545511
1164,29988590,35586608,65575198,0,0,1,39424,13,7382071445
1165,30001190,1368647,31369837,2,0,0,4608,19,1516468938
1166,30027970,35559271,65587241,0,0,1,3072,13,7183758361
1167,30028230,2169999,32198229,5,0,0,4608,15,10022165244
1168,30049739,2226825,32276564,3,0,0,4608,20,5556473645
1169,30084480,4327375,34411855,7,0,0,99328,20,2113775946
1170,30150269,2622720,32772989,3,0,0,5120,20,9847042521
1171,30188020,35404508,65592528,0,0,1,16896,13,10087604174
1172,30231010,4464325,34695335,7,0,0,495616,20,6160558939
1173,30231350,35564818,65796168,7,0,1,37888,20,3949172899
1174,30286509,2865325,33151834,3,0,0,4608,20,8488337780
1175,30297160,35499031,65796191,0,0,1,8192,13,1260592616
1176,30307060,35489154,65796214,0,0,1,1536,13,1733040004
1177,30331660,35464577,65796237,0,0,1,4096,13,3772693495
1178,30339840,35456420,65796260,0,0,1,34816,13,6805316081
1179,30379830,5188457,35568287,7,0,0,458752,20,5864062379
1180,30409950,2699917,33109867,5,0,0,2048,15,7583377702
1181,30493490,4518661,35012151,7,0,0,113664,20,2044965190
1182,30523450,3528768,34052218,7,0,0,29184,20,1653975401
1183,30587020,35210089,65797109,1,0,1,122880,23,3885972361
1184,30593310,3788266,34381576,4,0,0,417792,26,1730350256
1185,30638570,3905742,34544312,4,0,0,132096,26,9294254351
1186,30642820,35155583,65798403,0,0,1,6144,13,4272041590
1187,30667230,2069432,32736662,6,0,0,64512,11,3875664014
1188,30702190,2802412,33504602,7,0,0,154112,20,10400121715
1189,30716030,4217100,34933130,7,0,0,425472,20,1715911877
1190,30723290,5097553,35820843,4,0,0,524288,26,9204221358
1191,30737170,1367934,32105104,5,0,0,1024,15,3515888817
1192,30763340,5150525,35913865,4,0,0,167936,26,9990924567
1193,30810940,4237464,35048404,6,0,0,33792,11,5859113710
1194,30850169,2755455,33605624,3,0,0,5632,20,2004395001
1195,30913850,2195370,33109220,6,0,0,56320,11,2693280589
1196,30921360,3878166,34799526,6,0,0,154624,11,746266949
1197,31014860,4970289,35985149,6,0,0,178688,11,10427554005
1198,31136510,34661916,65798426,6,0,1,43520,11,5203017624
1199,31155530,34699076,65854606,6,0,1,26112,11,4883674582
1200,31166510,5092215,36258725,7,0,0,101376,20,5333214745
1201,31229470,5181824,36411294,7,0,0,36352,20,10512681319
1202,31235890,3248077,34483967,5,0,0,1536,15,9209451583
1203,31261230,34593399,65854629,5,0,1,9728,15,8427385029
1204,31291950,2751361,34043311,7,0,0,8192,20,290768995
1205,31293669,904747,32198416,3,0,0,512,20,1895080826
1206,31314470,3437913,34752383,4,0,0,164864,26,9212091164
1207,31318329,1739120,33057449,3,0,0,512,20,6042642632
1208,31323470,34531182,65854652,6,0,1,10752,11,4785663567
1209,31337160,2439590,33776750,5,0,0,1536,15,9381151456
1210,31378320,3423717,34802037,5,0,0,8192,15,5328327530
1211,31379450,3585379,34964829,7,0,0,43008,20,5823489544
1212,31419540,3067373,34486913,2,0,0,512,19,330692005
1213,31428859,3522851,34951710,3,0,0,4608,20,525204895
1214,31438460,34416215,65854675,5,0,1,512,15,10169765586
1215,31479550,3222586,34702136,7,0,0,19968,20,10404122067
1216,31484140,34370558,65854698,5,0,1,21504,15,3503383403
1217,31487340,3759448,35246788,6,0,0,85504,11,8895301906
1218,31493730,3439571,34933301,5,0,0,512,15,10712879781
1219,31545210,35165957,66711167,2,0,1,563200,19,9488724597
1220,31565680,4296245,35861925,6,0,0,130048,11,7212127179
1221,31583040,2639522,34222562,2,0,0,512,19,1819788516
1222,31605210,1557577,33162787,2,0,0,5120,19,5498260628
1223,31640100,5238696,36878796,4,0,0,363008,26,5680504021
1224,31660490,3746864,35407354,4,0,0,56832,26,9157130415
1225,31694650,35016540,66711190,5,0,1,1536,15,3250756018
1226,31744090,5021023,36765113,7,0,0,768000,20,2723789276
1227,31753570,2328631,34082201,6,0,0,98304,11,6475007318
1228,31757820,2365838,34123658,2,0,0,3584,19,2232942311
1229,31776119,928559,32704678,3,0,0,3072,20,1791024897
1230,31808960,34902253,66711213,6,0,1,7680,11,238482620
1231,31839660,3360544,35200204,6,0,0,4608,11,7370029105
1232,31853820,34857416,66711236,5,0,1,2560,15,9654119770
1233,31860650,34850609,66711259,5,0,1,35328,15,8050586837
1234,31882980,35027881,66910861,2,0,1,384000,19,3142651664
1235,31884579,35041174,66925753,9,0,1,9216,21,7045059380
1236,31898670,3761056,35659726,6,0,0,300032,11,7240287480
1237,31914939,35021175,66936114,9,0,1,14848,21,2668232658
1238,31920930,35039034,66959964,5,0,1,43520,15,4349807748
1239,31986510,34989091,66975601,2,0,1,29696,19,7621715551
1240,32009589,1220878,33230467,3,0,0,512,20,4281696826
1241,32014210,5049591,37063801,6,0,0,249344,11,9216457766
1242,32035419,34945367,66980786,9,0,1,16384,21,9865526041
1243,32037659,1723416,33761075,3,0,0,4608,20,2482869150
1244,32048590,4351597,36400187,7,0,0,175104,20,8483013840
1245,32123980,3078735,35202715,2,0,0,8192,19,1918878799
1246,32142889,34841701,66984590,9,0,1,9216,21,10263963786
1247,32183320,34872074,67055394,2,0,1,171008,19,6740272438
1248,32204060,3718244,35922304,6,0,0,27648,11,541900324
1249,32206870,2831223,35038093,7,0,0,78848,20,6910557466
1250,32210429,34933098,67143527,9,0,1,55808,21,5527070091
1251,32239659,34905046,67144705,9,0,1,13824,21,862432374
1252,32247769,34966101,67213870,9,0,1,34304,21,5401032351
1253,32285160,1390957,33676117,6,0,0,88576,11,1712311103
1254,32291550,3707342,35998892,7,0,0,45056,20,9230394887
1255,32294790,5159227,37454017,7,0,0,561152,20,3395894579
1256,32319369,2865900,35185269,3,0,0,4608,20,3735261664
1257,32327130,4129903,36457033,2,0,0,5632,19,6393536634
1258,32334040,2643464,34977504,4,0,0,41472,26,4996990147
1259,32349770,3780132,36129902,4,0,0,37376,26,6027854112
1260,32361580,34856476,67218056,5,0,1,6656,15,7404622085
1261,32387729,1142030,33529759,3,0,0,2560,20,4809582134
1262,32404280,34890797,67295077,5,0,1,48640,15,41617755
1263,32404490,2966401,35370891,6,0,0,12800,11,8100949452
1264,32463700,35678942,68142642,2,0,1,583680,19,5782739696
1265,32523679,2626208,35149887,3,0,0,512,20,5417264099
1266,32530020,35612645,68142665,2,0,1,9216,19,10447805188
1267,32530559,731816,33262375,3,0,0,2048,20,6138935956
1268,32534460,35608228,68142688,2,0,1,1536,19,466592737
1269,32540990,5376195,37917185,6,0,0,1033728,11,6738868890
1270,32595709,3226561,35822270,3,0,0,4608,20,361609967
1271,32613850,3823053,36436903,2,0,0,4608,19,4103045038
1272,32639379,3223029,35862408,3,0,0,1536,20,6663762190
1273,32668970,5464009,38132979,4,0,0,83968,26,6529647555
1274,32672380,35470331,68142711,2,0,1,22016,19,7582560965
1275,32687590,35455144,68142734,2,0,1,8704,19,3525978030
1276,32691580,35451177,68142757,2,0,1,9728,19,10233821013
1277,32698160,35444620,68142780,5,0,1,17920,15,8473095821
1278,32730480,4746492,37476972,7,0,0,75264,20,8257350134
1279,32798720,5200919,37999639,4,0,0,169472,26,9498603753
1280,32842580,1959792,34802372,2,0,0,1024,19,1041755963
1281,32867750,35302220,68169970,5,0,1,4608,15,8662673218
1282,32899589,1903890,34803479,3,0,0,3584,20,4321438835
1283,32912950,35257043,68169993,7,0,1,4608,20,7566305671
1284,32943550,1139830,34083380,2,0,0,3584,19,7228019344
1285,32968980,1285285,34254265,4,0,0,50688,26,3837901891
1286,32975960,5220370,38196330,4,0,0,207872,26,4791458152
1287,32980740,5073069,38053809,6,0,0,169984,11,5334319544
1288,33008620,3937560,36946180,7,0,0,43008,20,416404993
1289,33015059,35154957,68170016,9,0,1,19456,21,5479920997
1290,33019529,1021263,34040792,3,0,0,3584,20,9050644313
1291,33052169,2195890,35248059,3,0,0,4096,20,739354219
1292,33087570,35082469,68170039,7,0,1,32256,20,7587955478
1293,33089210,35080868,68170078,7,0,1,17408,20,4173596254
1294,33121300,35058423,68179723,4,0,1,53760,26,1925904786
1295,33168380,35012316,68180696,5,0,1,12800,15,3865670836
1296,33186040,35023865,68209905,7,0,1,22528,20,9329593241
1297,33233020,35000760,68233780,7,0,1,38400,20,3957953473
1298,33241619,34993147,68234766,9,0,1,1536,21,7669196256
1299,33260710,34996758,68257468,5,0,1,46592,15,9290905754
1300,33318360,34957730,68276090,5,0,1,24576,15,195849082
1301,33320500,34960762,68281262,7,0,1,8192,20,10602177426
1302,33421510,34866884,68288394,4,0,1,41984,26,10367487296
1303,33426489,3340425,36766914,3,0,0,512,20,1892529455
1304,33431820,1516232,34948052,7,0,0,48128,20,9051053900
1305,33496520,34831751,68328271,7,0,1,58880,20,6803725437
1306,33531350,34798547,68329897,7,0,1,2560,20,1629788709
1307,33545690,34827850,68373540,4,0,1,34304,26,6263924703
1308,33553180,4008795,37561975,6,0,0,175616,11,5598386024
1309,33577609,34807888,68385497,8,0,1,27136,14,5142110513
1310,33590940,3992742,37583682,6,0,0,71168,11,7445355567
1311,33605390,34788313,68393703,5,0,1,39424,15,9730806926
1312,33619970,34926376,68546346,7,0,1,6144,20,6596664570
1313,33653759,1395552,35049311,3,0,0,2560,20,8511909545
1314,33663619,1286672,34950291,3,0,0,7168,20,7221005969
1315,33667130,34879370,68546500,0,0,1,8704,13,4711099735
1316,33674319,34876047,68550366,9,0,1,6144,21,5523702474
1317,33720090,3046613,36766703,2,0,0,4096,19,3343100347
1318,33739479,956558,34696037,3,0,0,1024,20,130456446
1319,33741590,35274317,69015907,7,0,1,29696,20,4245781864
1320,33758310,35262743,69021053,5,0,1,8192,15,2770565500
1321,33761840,4465839,38227679,7,0,0,76800,20,1001980095
1322,33796430,3711351,37507781,6,0,0,23040,11,8001851678
1323,33886110,1127936,35014046,2,0,0,6144,19,3777941786
1324,33886850,35167369,69054219,4,0,1,5632,26,9118840993
1325,33892149,35678033,69570182,9,0,1,82432,21,6291579224
1326,33894959,35675246,69570205,8,0,1,17920,14,3690650984
1327,33900509,35669719,69570228,8,0,1,11264,14,5019717242
1328,33950569,745133,34695702,3,0,0,1024,20,886240250
1329,33978590,35593088,69571678,5,0,1,3072,15,4962209755
1330,34025400,35555916,69581316,7,0,1,72704,20,6151791290
1331,34042279,35541623,69583902,9,0,1,4096,21,8012516280
1332,34047750,35537228,69584978,7,0,1,13312,20,9449545014
1333,34069020,35531478,69600498,0,0,1,23040,13,619029263
1334,34069260,1024089,35093349,2,0,0,2048,19,5478245332
1335,34086670,35558386,69645056,5,0,1,34816,15,6547267575
1336,34107119,4123625,38230744,3,0,0,8192,20,10479292914
1337,34163070,35604648,69767718,0,0,1,26624,13,1661294255
1338,34218570,36197644,70416214,5,0,1,14336,15,9007033038
1339,34223470,212722,34436192,2,0,0,4096,19,660271888
1340,34225400,853081,35078481,7,0,0,14336,20,8730313753
1341,34306910,36109327,70416237,0,0,1,13312,13,10341367054
1342,34310409,36235252,70545661,8,0,1,20992,14,9082990631
1343,34345579,36200105,70545684,9,0,1,8704,21,8802097827
1344,34367970,36177745,70545715,7,0,1,26624,20,10173686375
1345,34369880,3578092,37947972,4,0,0,100864,26,4085208978
1346,34399930,2365510,36765440,0,0,0,1024,13,293084656
1347,34400700,36314976,70715676,7,0,1,51712,20,2111212315
1348,34419610,36296089,70715699,4,0,1,1024,26,7535938889
1349,34422199,36293523,70715722,9,0,1,2048,21,8958067207
1350,34442960,36272785,70715745,7,0,1,4608,20,2917448831
1351,34444240,36271528,70715768,5,0,1,14848,15,3212205559
1352,34482959,36233791,70716750,8,0,1,8192,14,1514064589
1353,34490700,36226073,70716773,7,0,1,11264,20,4524325774
1354,34520649,36196147,70716796,8,0,1,9216,14,9100330787
1355,34525170,3679062,38204232,2,0,0,3584,19,6911317879
1356,34532830,36222856,70755686,4,0,1,19968,26,4170775981
1357,34540289,672343,35212632,3,0,0,512,20,72629947
1358,34554739,36203068,70757807,9,0,1,38400,21,8510973686
1359,34578110,3711732,38289842,2,0,0,1536,19,1407109378
1360,34611910,36145920,70757830,7,0,1,39936,20,4505556294
1361,34613360,36210282,70823642,4,0,1,25600,26,1313531386
1362,34659549,453049,35112598,3,0,0,512,20,5510911543
1363,34694120,36206027,70900147,7,0,1,24064,20,2652345787
1364,34698010,2810434,37508444,6,0,0,2048,11,8568588628
1365,34698239,36221656,70919895,8,0,1,36352,14,247548107
1366,34710559,36217494,70928053,8,0,1,14848,14,10408082709
1367,34711430,36324870,71036300,4,0,1,24064,26,163793625
1368,34721540,36314799,71036339,4,0,1,11776,26,10566750044
1369,34730149,36915523,71645672,9,0,1,105984,21,3942696248
1370,34790840,3898473,38689313,7,0,0,264192,20,9976591295
1371,34795480,36863634,71659114,4,0,1,8704,26,697146003
1372,34837520,351025,35188545,0,0,0,2048,13,419947394
1373,34853999,37066779,71920778,8,0,1,35328,14,10178731247
1374,34865190,3420635,38285825,6,0,0,86528,11,4735741501
1375,34897580,1981903,36879483,0,0,0,2048,13,6679274488
1376,34941160,719057,35660217,0,0,0,1536,13,2571223913
1377,34948660,3545035,38493695,7,0,0,56832,20,1998382456
1378,34951590,37105110,72056700,4,0,1,10752,26,4255748332
1379,34965760,3036242,38002002,7,0,0,7680,20,8543811927
1380,34971270,953435,35924705,2,0,0,1536,19,7831623144
1381,35013980,3093392,38107372,8,0,0,175616,14,2318234328
1382,35041289,619763,35661052,3,0,0,2560,20,4184258759
1383,35077460,36979263,72056723,7,0,1,4608,20,9093871890
1384,35094150,334346,35428496,8,0,0,29184,14,6684372519
1385,35154580,2128438,37283018,6,0,0,134656,11,6110326360
1386,35185070,3919959,39105029,6,0,0,592896,11,1339121751
1387,35205519,1562658,36768177,3,0,0,4096,20,2775077652
1388,35230529,2997704,38228233,3,0,0,512,20,8023606633
1389,35244870,617709,35862579,0,0,0,512,13,5276421537
1390,35250809,37011568,72262377,9,0,1,80384,21,4476017535
1391,35267199,37059539,72326738,8,0,1,13312,14,991571977
1392,35276350,3888208,39164558,8,0,0,15872,14,5737885312
1393,35356939,37009678,72366617,9,0,1,19968,21,6969155824
1394,35418720,505502,35924222,2,0,0,2560,19,7971769098
1395,35439880,483547,35923427,0,0,0,3584,13,3675848880
1396,35467920,4296005,39763925,7,0,0,880640,20,738656304
1397,35515279,36851838,72367117,9,0,1,13824,21,10346019419
1398,35515870,36887362,72403232,7,0,1,12288,20,7080756342
1399,35531680,4335883,39867563,7,0,0,339456,20,2189731311
1400,35546240,2833584,38379824,4,0,0,212992,26,5715435319
1401,35560090,36877597,72437687,1,0,1,75264,23,10057859442
1402,35582930,36891520,72474450,4,0,1,3072,26,6280680369
1403,35583090,1488378,37071468,6,0,0,25088,11,4499670144
1404,35584619,36889854,72474473,9,0,1,4096,21,5575916902
1405,35586959,599907,36186866,3,0,0,2048,20,10567166797
1406,35596080,2636395,38232475,0,0,0,5632,13,10158594816
1407,35622280,3536600,39158880,4,0,0,176640,26,2793369219
1408,35628240,3597734,39225974,0,0,0,5120,13,3434428017
1409,35686230,36933648,72619878,1,0,1,101888,23,8130970224
1410,35697980,781031,36479011,2,0,0,1024,19,5536829801
1411,35702060,4459725,40161785,7,0,0,436224,20,4878458599
1412,35718230,37474430,73192660,1,0,1,468992,23,1677303998
1413,35721480,37848403,73569883,1,0,1,251392,23,8549856008
1414,35738260,347777,36086037,2,0,0,5120,19,2274881773
1415,35805780,1328749,37134529,0,0,0,1536,13,5351266919
1416,35825410,2632566,38457976,2,0,0,5632,19,4583909105
1417,35928020,5057922,40985942,4,0,0,416256,26,593717738
1418,35930170,4516384,40446554,7,0,0,359424,20,10464845245
1419,35949459,37620447,73569906,9,0,1,1024,21,3242058326
1420,35957910,4819982,40777892,6,0,0,243712,11,5672882914
1421,35963520,3998023,39961543,4,0,0,154112,26,1839002556
1422,35991210,4211140,40202350,6,0,0,52736,11,7688001807
1423,35993550,37576379,73569929,0,0,1,5632,13,3522991399
1424,35999430,3220816,39220246,0,0,0,512,13,8732775720
1425,36002830,4537933,40540763,4,0,0,149504,26,964361259
1426,36013429,37556523,73569952,8,0,1,21504,14,3191420229
1427,36022610,1476069,37498679,4,0,0,71168,26,8599619264
1428,36026319,37543656,73569975,9,0,1,34816,21,4891247253
1429,36047140,37522858,73569998,1,0,1,90112,23,2328591432
1430,36052060,3862504,39914564,8,0,0,98816,14,8628165185
1431,36059330,37510691,73570021,0,0,1,16384,13,5069061190
1432,36066059,37503985,73570044,9,0,1,4096,21,9483507341
1433,36100749,37469318,73570067,8,0,1,54784,14,4829820495
1434,36114220,1386502,37500722,0,0,0,6656,13,7435593418
1435,36129839,37452754,73582593,9,0,1,17920,21,9268856729
1436,36190709,37391907,73582616,8,0,1,5120,14,2706779450
1437,36202860,2660661,38863521,8,0,0,197120,14,4368772291
1438,36220020,37362619,73582639,4,0,1,14848,26,9128651251
1439,36232989,37349673,73582662,9,0,1,22528,21,9043579163
1440,36275110,2884581,39159691,2,0,0,2560,19,4991302339
1441,36283490,37299195,73582685,1,0,1,1536,23,6735847438
1442,36301009,37281739,73582748,9,0,1,25088,21,8909197103
1443,36312849,37311550,73624399,9,0,1,69632,21,6460929236
1444,36355270,3610890,39966160,0,0,0,3072,13,8605731488
1445,36360830,3668020,40028850,7,0,0,204800,20,4616844354
1446,36380169,2314931,38695100,3,0,0,18944,20,5753236435
1447,36387600,4226288,40613888,8,0,0,207360,14,3138961558
1448,36390860,37244704,73635564,0,0,1,17408,13,9707405216
1449,36411180,4073921,40485101,8,0,0,126464,14,8565919675
1450,36412510,37270975,73683485,0,0,1,85504,13,4893101463
1451,36424280,37321261,73745541,1,0,1,104960,23,10442044566
1452,36433350,3730049,40163399,2,0,0,2560,19,6880133213
1453,36484590,39435907,75920497,1,0,1,516096,23,6043773314
1454,36523149,39397371,75920520,9,0,1,10752,21,4731060567
1455,36594530,4067682,40662212,7,0,0,57856,20,6543607702
1456,36600280,1627782,38228062,2,0,0,1024,19,10002838884
1457,36645290,39275253,75920543,4,0,1,13824,26,2569407875
1458,36684480,4458917,41143397,6,0,0,280064,11,980450274
1459,36703830,39243302,75947132,1,0,1,112128,23,14882259
1460,36705809,39241346,75947155,8,0,1,4096,14,5018885262
1461,36712309,39234869,75947178,8,0,1,2048,14,521224425
1462,36785940,4233955,41019895,4,0,0,84992,26,8032227806
1463,36851199,39096002,75947201,9,0,1,512,21,6316722483
1464,36852689,39094535,75947224,8,0,1,12288,14,816593755
1465,36899280,4350863,41250143,6,0,0,74752,11,3060298061
1466,36911129,39050813,75961942,9,0,1,66560,21,7558909242
1467,36925530,1277539,38203069,8,0,0,22016,14,6601246219
1468,36947749,39014216,75961965,8,0,1,43520,14,8218625246
1469,36968739,1525283,38494022,3,0,0,1024,20,7234188792
1470,37010050,3174322,40184372,2,0,0,4096,19,5748837172
1471,37026959,38935045,75962004,9,0,1,3584,21,7147716999
1472,37044480,2839961,39884441,0,0,0,5120,13,1033006159
1473,37085500,4131754,41217254,8,0,0,38912,14,8262780434
1474,37090970,3090852,40181822,8,0,0,60416,14,5247198297
1475,37102050,4593520,41695570,8,0,0,75776,14,6567655563
1476,37104950,39003354,76108304,1,0,1,269824,23,141809801
1477,37162860,4394465,41557325,6,0,0,522240,11,709901063
1478,37168200,39067431,76235631,1,0,1,118784,23,9834773677
1479,37198610,39124749,76323359,1,0,1,36352,23,256267250
1480,37242670,39084640,76327310,1,0,1,126976,23,5437484958
1481,37292150,4079478,41371628,6,0,0,113152,11,34827453
1482,37315790,4298546,41614336,7,0,0,186880,20,9557385057
1483,37347870,39795024,77142894,1,0,1,323072,23,1810452661
1484,37352890,4476631,41829521,4,0,0,314368,26,9660189355
1485,37360790,2825477,40186267,0,0,0,6144,13,770020536
1486,37376080,4486896,41862976,6,0,0,64512,11,4142968840
1487,37401149,3213894,40615043,3,0,0,3584,20,769158383
1488,37504810,3300405,40805215,6,0,0,89600,11,7060829580
1489,37516080,4701318,42217398,4,0,0,351232,26,2097670959
1490,37571300,3585527,41156827,0,0,0,512,13,5460613293
1491,37574200,39700063,77274263,1,0,1,238592,23,3927692062
1492,37618130,39847342,77465472,1,0,1,232960,23,3609055282
1493,37642699,2321059,39963758,3,0,0,7168,20,9041084579
1494,37675380,4257838,41933218,0,0,0,1536,13,1560469041
1495,37677350,40036206,77713556,1,0,1,592384,23,6194830408
1496,37691210,3300987,40992197,6,0,0,20480,11,7740854038
1497,37752380,4551795,42304175,0,0,0,3584,13,8327668890
1498,37765540,4475289,42240829,6,0,0,76800,11,5412870671
1499,37785560,4896770,42682330,6,0,0,395264,11,7708354070
1500,37786600,40252324,78038924,1,0,1,517632,23,711780871
1501,37793090,40276224,78069314,6,0,1,19968,11,8747392516
1502,37810560,40258777,78069337,6,0,1,11776,11,3292106750
1503,37934070,1948796,39882866,8,0,0,50176,14,9697121198
1504,37934379,40167799,78102178,8,0,1,62464,14,7784595072
1505,37944779,2238330,40183109,3,0,0,4096,20,9019128431
1506,37964550,4901033,42865583,8,0,0,447488,14,6606983299
1507,38005129,2247253,40252382,3,0,0,4608,20,8676465252
1508,38026550,1446254,39472804,8,0,0,57856,14,6736359892
1509,38049379,2613160,40662539,3,0,0,1024,20,1638654271
1510,38055070,5043217,43098287,4,0,0,104960,26,7683377987
1511,38078589,1886596,39965185,3,0,0,4608,20,173106888
1512,38078860,2779183,40858043,8,0,0,65536,14,6592406048
1513,38083150,40197585,78280735,1,0,1,314880,23,7979060850
1514,38101520,40197260,78298780,1,0,1,116736,23,9447654607
1515,38105080,40201486,78306566,6,0,1,15360,11,9608908063
1516,38116140,4822361,42938501,6,0,0,136192,11,2061274413
1517,38226900,2919647,41146547,0,0,0,1536,13,4561682021
1518,38259330,1504790,39764120,2,0,0,512,19,2367268759
1519,38267030,3401399,41668429,0,0,0,2560,13,2573671336
1520,38282410,2267260,40549670,8,0,0,29184,14,1429480913
1521,38326800,4855792,43182592,6,0,0,150528,11,5776788229
1522,38377070,3531801,41908871,0,0,0,6656,13,10514177606
1523,38402240,3645833,42048073,6,0,0,238080,11,4300831810
1524,38404520,1758060,40162580,0,0,0,2560,13,2541293736
1525,38406390,4933076,43339466,0,0,0,1024,13,9250456116
1526,38484630,2010478,40495108,6,0,0,32768,11,9450936734
1527,38635080,1688359,40323439,0,0,0,7168,13,670524842
1528,38685660,39623172,78308832,6,0,1,3584,11,4902928721
1529,38705640,5657390,44363030,7,0,0,358912,20,2583864429
1530,38708830,2312500,41021330,2,0,0,4608,19,6980639226
1531,38721960,4002505,42724465,9,0,0,64000,21,3410550607
1532,38727810,3834065,42561875,7,0,0,184320,20,2425573342
1533,38748540,39567101,78315641,2,0,1,1024,19,10284965698
1534,38760260,4864887,43625147,8,0,0,110592,14,3868475725
1535,38773580,3059880,41833460,6,0,0,12800,11,9000270148
1536,38784300,39536526,78320826,6,0,1,16384,11,2441834381
1537,38797620,39541877,78339497,2,0,1,40448,19,2789236461
1538,38799660,39593726,78393386,2,0,1,70656,19,4606468500
1539,38805489,3508960,42314449,3,0,0,1024,20,2442274740
1540,38808230,1158133,39966363,2,0,0,512,19,6567579854
1541,38816659,39582927,78399586,8,0,1,15872,14,6233548386
1542,38819920,4859496,43679416,8,0,0,63488,14,1374424315
1543,38821110,5912965,44734075,9,0,0,552448,21,4762455793
1544,38829740,1720905,40550645,0,0,0,3072,13,8903223052
1545,38832680,1830654,40663334,2,0,0,2560,19,8248655581
1546,38834720,5112177,43946897,8,0,0,454656,14,8581739856
1547,38887860,39552304,78440164,6,0,1,78848,11,8690203002
1548,38891720,39558317,78450037,6,0,1,6144,11,3473397520
1549,38896459,3348769,42245228,3,0,0,14336,20,9034206570
1550,38904060,39547923,78451983,2,0,1,3072,19,10395272724
1551,38905969,39546680,78452649,8,0,1,1024,14,7702563026
1552,38914000,39549326,78463326,2,0,1,25088,19,9011183286
1553,38930970,5043242,43974212,9,0,0,89600,21,10135826853
1554,38981980,1633234,40615214,2,0,0,512,19,5582668297
1555,39017569,1976367,40993936,3,0,0,5632,20,7382449682
1556,39049880,5028878,44078758,6,0,0,4608,11,10698567163
1557,39054800,39454856,78509656,2,0,1,58368,19,551702905
1558,39102590,5379343,44481933,7,0,0,390144,20,3577803215
1559,39134530,2260217,41394747,6,0,0,75776,11,3303442522
1560,39142770,6307315,45450085,9,0,0,1076224,21,4606751442
1561,39229539,3080516,42310055,3,0,0,12800,20,2500707997
1562,39251660,5724293,44975953,7,0,0,123392,20,3496900821
1563,39255699,4995277,44250976,3,0,0,103424,20,4513884159
1564,39319880,1826184,41146064,2,0,0,8704,19,1073699693
1565,39351500,6292053,45643553,4,0,0,343040,26,9409709616
1566,39381489,39131138,78512627,8,0,1,30720,14,2513692418
1567,39401350,5421872,44823222,9,0,0,64000,21,5559571111
1568,39443260,39087052,78530312,2,0,1,8192,19,646810856
1569,39457780,5107948,44565728,4,0,0,274944,26,2526768710
1570,39461960,6541888,46003848,9,0,0,312832,21,4373065099
1571,39464790,1931244,41396034,0,0,0,4096,13,9480209209
1572,39484900,6355024,45839924,9,0,0,195584,21,7507549876
1573,39506529,6002327,45508856,3,0,0,77312,20,4317637330
1574,39540529,38990449,78530978,8,0,1,11264,14,2030867289
1575,39544210,39003852,78548062,2,0,1,5120,19,6109819716
1576,39651560,38897885,78549445,2,0,1,14848,19,4075100121
1577,39686880,6441541,46128421,9,0,0,95744,21,7064647502
1578,39693190,3533263,43226453,9,0,0,22528,21,5333712326
1579,39717120,6055826,45772946,4,0,0,417792,26,5321352005
1580,39719300,7098312,46817612,6,0,0,199680,11,3321319466
1581,39728189,5756441,45484630,3,0,0,93696,20,9980390738
1582,39758770,7340713,47099483,6,0,0,112128,11,5166269910
1583,39816640,6472185,46288825,0,0,0,1024,13,6235730819
1584,39816840,6377498,46194338,4,0,0,185856,26,6200946461
1585,39836280,6849499,46685779,8,0,0,430592,14,10200772783
1586,39876829,4877651,44754480,3,0,0,41472,20,7203531016
1587,39888340,2998701,42887041,4,0,0,59392,26,8199994949
1588,39899219,4841922,44741141,3,0,0,21504,20,4029761668
1589,39907650,2980818,42888468,0,0,0,4608,13,7188721141
1590,39916890,2351524,42268414,8,0,0,49152,14,6594679289
1591,39918069,4954176,44872245,3,0,0,36864,20,1054101167
1592,39923620,6109891,46033511,6,0,0,97280,11,6478477519
1593,39933200,2935706,42868906,2,0,0,10752,19,4960896127
1594,39982390,7500285,47482675,4,0,0,339456,26,2304466822
1595,39990009,38570959,78560968,8,0,1,32768,14,303287156
1596,40049539,38566380,78615919,8,0,1,16896,14,5226995748
1597,40063050,5717251,45780301,9,0,0,24064,21,6371925082
1598,40065129,39093257,79158386,8,0,1,68096,14,3750753135
1599,40067779,7135619,47203398,3,0,0,158208,20,5609032056
1600,40079370,6283740,46363110,4,0,0,118272,26,10721826414
1601,40147670,39011382,79159052,3,0,1,11264,20,6119326117
1602,40177740,39227968,79405708,7,0,1,13312,20,3461920717
1603,40188250,5910976,46099226,7,0,0,215552,20,1791382963
1604,40208340,3594143,43802483,2,0,0,4608,19,9349741123
1605,40212670,3322269,43534939,4,0,0,11264,26,7775709370
1606,40249349,7298140,47547489,3,0,0,512,20,5805318786
1607,40261700,39144031,79405731,7,0,1,6656,20,970995849
1608,40288009,5996075,46284084,3,0,0,289792,20,5785266003
1609,40307040,39098714,79405754,7,0,1,58880,20,4515832804
1610,40312019,39093758,79405777,8,0,1,5632,14,8955680069
1611,40319019,39086781,79405800,8,0,1,3072,14,8635508015
1612,40347500,3159093,43506593,2,0,0,2048,19,8974588348
1613,40362040,39043783,79405823,5,0,1,2560,15,3644600371
1614,40376279,39029567,79405846,8,0,1,15360,14,1287729698
1615,40380920,39024949,79405869,3,0,1,15360,20,6213403298
1616,40392940,5250948,45643888,0,0,0,1024,13,41758097
1617,40395670,7472500,47868170,4,0,0,428032,26,1398401713
1618,40406940,8453687,48860627,6,0,0,121344,11,4589080009
1619,40409710,2725888,43135598,9,0,0,39936,21,3316394024
1620,40427339,3826312,44253651,3,0,0,8704,20,10441057089
1621,40431309,38974583,79405892,8,0,1,3072,14,4416603815
1622,40433020,2855652,43288672,0,0,0,7168,13,7977127666
1623,40442610,6619364,47061974,7,0,0,379904,20,2284785184
1624,40472720,3050808,43523528,2,0,0,4096,19,3615915067
1625,40474630,7599685,48074315,7,0,0,485888,20,7436402447
1626,40477800,38928115,79405915,2,0,1,4096,19,5347668425
1627,40484640,2652073,43136713,2,0,0,3584,19,9766574733
1628,40538980,38866958,79405938,5,0,1,17920,15,10486482573
1629,40559240,3416235,43975475,0,0,0,4096,13,845728695
1630,40568070,7765273,48333343,8,0,0,414720,14,9246678395
1631,40574980,8057093,48632073,8,0,0,582144,14,1425276305
1632,40595979,38811721,79407700,8,0,1,30208,14,4075515326
1633,40617159,2566868,43184027,3,0,0,4608,20,745520791
1634,40631199,3470054,44101253,3,0,0,53760,20,235149921
1635,40641120,38767406,79408526,7,0,1,32256,20,9128314015
1636,40675689,38732860,79408549,8,0,1,36864,14,5225011966
1637,40703530,6451306,47154836,4,0,0,129024,26,3398468224
1638,40728970,38679610,79408580,5,0,1,18432,15,9093188138
1639,40748489,4189837,44938326,3,0,0,95744,20,7269480931
1640,40788810,38621052,79409862,2,0,1,6656,19,5372626915
1641,40810300,5927762,46738062,8,0,0,171520,14,7813098029
1642,40848030,6699280,47547310,6,0,0,177664,11,1961939349
1643,40858070,4677173,45535243,6,0,0,86528,11,2529923215
1644,40874910,4034221,44909131,6,0,0,73216,11,1632350996
1645,40881059,6856337,47737396,3,0,0,89600,20,177145286
1646,40904630,38511300,79415930,5,0,1,6656,15,7047618004
1647,40927060,8062242,48989302,8,0,0,29184,14,7719563124
1648,40934140,38482136,79416276,5,0,1,512,15,1216753823
1649,40960570,4685057,45645627,9,0,0,5632,21,10235540229
1650,40987120,5897276,46884396,4,0,0,51200,26,9082229001
1651,41008329,4900001,45908330,3,0,0,219136,20,9107226232
1652,41017740,4823799,45841539,6,0,0,5120,11,9717644967
1653,41046210,2684894,43731104,0,0,0,2560,13,5842060836
1654,41052160,38425847,79478007,3,0,1,38400,20,1354195313
1655,41116280,5079485,46195765,0,0,0,4608,13,9068105218
1656,41142149,38388432,79530581,8,0,1,18432,14,3526171521
1657,41142600,4396410,45539010,4,0,0,12288,26,3445935777
1658,41146500,4309559,45456059,2,0,0,512,19,5049993011
1659,41187400,38353215,79540615,3,0,1,11264,20,5759850990
1660,41208210,6718038,47926248,4,0,0,143872,26,4491065157
1661,41214730,4241150,45455880,8,0,0,18944,14,4310208017
1662,41232520,3508800,44741320,0,0,0,512,13,4810219881
1663,41260150,38317634,79577784,0,0,1,23040,13,9892782871
1664,41263730,38317600,79581330,5,0,1,5632,15,8034775657
1665,41296380,5805778,47102158,8,0,0,8704,14,6935816177
1666,41323489,38278773,79602262,8,0,1,19456,14,6087663075
1667,41337830,4799350,46137180,7,0,0,28672,20,6393462439
1668,41343690,5882958,47226648,8,0,0,43008,14,8988053719
1669,41356340,38251068,79607408,5,0,1,8192,15,4467240441
1670,41372000,38236074,79608074,0,0,1,1024,13,9306356326
1671,41378580,7726271,49104851,2,0,0,3072,19,2811527573
1672,41399630,38212950,79612580,5,0,1,7168,15,3484916127
1673,41417620,5737551,47155171,0,0,0,1024,13,6859262037
1674,41436140,4939473,46375613,4,0,0,40960,26,7783669613
1675,41450209,38167336,79617545,8,0,1,4608,14,9357279878
1676,41460510,7854499,49315009,4,0,0,117248,26,9843148762
1677,41474660,4663019,46137679,0,0,0,1536,13,5459513015
1678,41487550,38337639,79825189,5,0,1,5120,15,9860323868
1679,41553930,3931347,45485277,0,0,0,2048,13,9750182601
1680,41595930,38334316,79930246,5,0,1,46592,15,4024432593
1681,41614250,38316019,79930269,5,0,1,13312,15,8774308130
1682,41658070,5084148,46742218,0,0,0,512,13,10487036508
1683,41673100,5083649,46756749,8,0,0,47616,14,7620316062
1684,41693930,7939521,49633451,7,0,0,117760,20,1006439455
1685,41700520,6659522,48360042,9,0,0,87552,21,831129139
1686,41735649,4773678,46509327,3,0,0,137728,20,581764906
1687,41785440,38144852,79930292,0,0,1,4608,13,1730856629
1688,41795720,2938846,44734566,2,0,0,1536,19,8236782645
1689,41848710,6974914,48823624,6,0,0,504320,11,1198068930
1690,41880640,4574357,46454997,8,0,0,55296,14,2298105926
1691,41883950,8105467,49989417,8,0,0,52736,14,9228788864
1692,41892250,8010666,49902916,7,0,0,204288,20,6066227775
1693,41898220,38032430,79930650,0,0,1,23040,13,10443146415
1694,41905970,7070634,48976604,9,0,0,261632,21,4988000083
1695,41906890,7197002,49103892,7,0,0,77824,20,505948572
1696,41962870,37967867,79930737,0,0,1,61952,13,1500893706
1697,42035419,7562129,49597548,3,0,0,354816,20,8968345827
1698,42040970,6122498,48163468,8,0,0,41472,14,10145043048
1699,42050030,37890737,79940767,5,0,1,30208,15,2941881934
1700,42059950,8139894,50199844,4,0,0,43008,26,2185022782
1701,42065280,5817109,47882389,8,0,0,46592,14,9774783655
1702,42145400,37795390,79940790,5,0,1,12800,15,992686851
1703,42153730,4586874,46740604,2,0,0,4608,19,4526401913
1704,42182810,37758003,79940813,5,0,1,11776,15,9461132298
1705,42233429,7601893,49835322,3,0,0,413184,20,9211262280
1706,42288119,7685199,49973318,3,0,0,214528,20,8385528113
1707,42301850,8283319,50585169,7,0,0,179712,20,5154738808
1708,42362310,5788491,48150801,9,0,0,65536,21,9359717351
1709,42364680,37576156,79940836,0,0,1,12800,13,8368468676
1710,42386780,4441102,46827882,8,0,0,28160,14,6702884612
1711,42474260,5656550,48130810,7,0,0,185344,20,5784222810
1712,42494080,37446779,79940859,0,0,1,20480,13,9445711127
1713,42494730,37446176,79940906,3,0,1,30208,20,4671552115
1714,42500770,37440159,79940929,0,0,1,31232,13,6846704021
1715,42636380,38283348,80919728,5,0,1,273920,15,6687261527
1716,42639820,5808283,48448103,7,0,0,55296,20,7347153840
1717,42648700,38692288,81340988,4,0,1,14848,26,6540037652
1718,42650910,4414386,47065296,2,0,0,512,19,6707194625
1719,42667230,4071947,46739177,2,0,0,3584,19,4546075751
1720,42686340,7452774,50139114,8,0,0,293888,14,76227053
1721,42696840,5734392,48431232,6,0,0,167424,11,1656431289
1722,42703850,4361267,47065117,8,0,0,10240,14,203221773
1723,42771350,5871518,48642868,7,0,0,35328,20,672960510
1724,42778470,38600055,81378525,3,0,1,12800,20,881800277
1725,42812170,5388332,48200502,6,0,0,68096,11,4028616019
1726,42837270,38845594,81682864,0,0,1,36864,13,1966450047
1727,42846420,7981503,50827923,9,0,0,284672,21,4311868526
1728,42853150,4472574,47325724,2,0,0,1024,19,3952694329
1729,42879370,5777717,48657087,6,0,0,46592,11,5708115354
1730,42883140,8025489,50908629,1,0,0,94720,23,8606992333
1731,42909690,38773197,81682887,0,0,1,8704,13,10629885801
1732,42910240,38772678,81682918,0,0,1,15360,13,5626635006
1733,42912350,4793383,47705733,6,0,0,89088,11,6984040834
1734,42915380,7356472,50271852,4,0,0,128512,26,3685564114
1735,42930980,5449217,48380197,1,0,0,66048,23,6498167408
1736,42933530,38778138,81711668,3,0,1,13824,20,5305024036
1737,42964750,6180345,49145095,7,0,0,19456,20,9426289006
1738,42987750,38723941,81711691,4,0,1,19456,26,8566323817
1739,43010660,7509934,50520594,4,0,0,232960,26,923902204
1740,43015670,38696847,81712517,0,0,1,512,13,3160631866
1741,43016080,5163635,48179715,7,0,0,53248,20,657336019
1742,43027720,5637970,48665690,4,0,0,28160,26,2561585717
1743,43059390,4678341,47737731,0,0,0,1024,13,3963535604
1744,43062430,7572370,50634800,9,0,0,162816,21,5271763974
1745,43071549,38640991,81712540,8,0,1,4096,14,7293828102
1746,43093360,5802858,48896218,6,0,0,116736,11,7247049178
1747,43102520,4380802,47483322,0,0,0,2048,13,9380259424
1748,43109110,8152639,51261749,8,0,0,373248,14,1741023964
1749,43115370,3626669,46742039,2,0,0,4608,19,3728128073
1750,43123910,8470741,51594651,7,0,0,83456,20,9170519557
1751,43132780,8401274,51534054,1,0,0,566784,23,515921297
1752,43140010,7691212,50831222,1,0,0,10752,23,977540509
1753,43173849,7891935,51065784,3,0,0,158720,20,8734643478
1754,43178840,6729091,49907931,0,0,0,16384,13,10567051172
1755,43206250,4067874,47274124,0,0,0,3072,13,7938132000
1756,43239369,5430564,48669933,3,0,0,13824,20,5645469165
1757,43242580,8065524,51308104,6,0,0,152064,11,4088795993
1758,43259240,38581313,81840553,0,0,1,45056,13,3175866934
1759,43279890,38560686,81840576,0,0,1,12288,13,1788493807
1760,43301570,38593808,81895378,0,0,1,45568,13,6773469044
1761,43309469,38585932,81895401,9,0,1,6144,21,5332460190
1762,43309910,38695361,82005271,0,0,1,50176,13,6191157332
1763,43320770,8324939,51645709,1,0,0,162816,23,680965010
1764,43376059,8448009,51824068,3,0,0,174080,20,10216198419
1765,43403150,5869129,49272279,6,0,0,83456,11,5771079798
1766,43403399,5051279,48454678,3,0,0,21504,20,1245735376
1767,43443710,8327287,51770997,6,0,0,280064,11,8728754530
1768,43445960,38688361,82134321,5,0,1,177664,15,1229765316
1769,43463090,5433775,48896865,2,0,0,2048,19,4739835999
1770,43485880,8399617,51885497,9,0,0,11264,21,497362044
1771,43489850,38652496,82142346,0,0,1,52224,13,5723568979
1772,43491950,39477377,82969327,5,0,1,600064,15,7873634477
1773,43524390,39445296,82969686,0,0,1,9728,13,1036475273
1774,43562760,39644729,83207489,5,0,1,209920,15,6721115224
1775,43564130,6622587,50186717,6,0,0,156160,11,10102442854
1776,43580859,39872824,83453683,9,0,1,26112,21,7357183965
1777,43587239,39866467,83453706,9,0,1,9216,21,3385919792
1778,43597309,9001096,52598405,3,0,0,385024,20,1177902006
1779,43604340,8705171,52309511,7,0,0,610304,20,8786483022
1780,43606700,40645699,84252399,5,0,1,1196544,15,6522653667
1781,43627080,40625342,84252422,0,0,1,10240,13,3348063501
1782,43630519,6814360,50444879,3,0,0,9216,20,9667429696
1783,43667870,5647630,49315500,7,0,0,1536,20,7555417026
1784,43673530,40594811,84268341,4,0,1,40448,26,2917176415
1785,43682529,8971201,52653730,3,0,0,92160,20,3644860639
1786,43688100,6152549,49840649,1,0,0,17408,23,4208521431
1787,43690570,9034084,52724654,8,0,0,197120,14,2422190439
1788,43727099,40552019,84279118,9,0,1,28160,21,3941362946
1789,43772190,9092575,52864765,9,0,0,459776,21,3106600341
1790,43782240,9229383,53011623,6,0,0,219648,11,9058610435
1791,43804780,2103729,45908509,2,0,0,512,19,5613419012
1792,43805779,8615318,52421097,3,0,0,313856,20,3058305758
1793,43845470,6368749,50214219,6,0,0,47104,11,4317135013
1794,43855520,40439586,84295106,5,0,1,46080,15,6242118506
1795,43909330,40420879,84330209,5,0,1,82432,15,9961314816
1796,43921050,40429008,84350058,0,0,1,23552,13,9140986896
1797,43926730,5053657,48980387,1,0,0,12288,23,1045099079
1798,43931830,8549061,52480891,9,0,0,111104,21,6803240896
1799,43933020,7428311,51361331,9,0,0,174592,21,6970134067
1800,43948850,9664343,53613193,2,0,0,3072,19,7162540932
1801,43959650,9496635,53456285,9,0,0,393728,21,8502354541
1802,43984590,40393441,84378031,5,0,1,85504,15,4789809981
1803,43995480,9127908,53123388,1,0,0,316416,23,6242614994
1804,44002130,4988287,48990417,1,0,0,3584,23,1627874950
1805,44031970,6694913,50726883,6,0,0,94208,11,2209962069
1806,44035100,3328489,47363589,0,0,0,3072,13,7912386460
1807,44057279,40328164,84385443,8,0,1,11776,14,3406587760
1808,44066590,9163860,53230450,8,0,0,349184,14,4769320790
1809,44068830,8556789,52625619,4,0,0,60416,26,8338448658
1810,44085800,7595295,51681095,9,0,0,92672,21,3168027713
1811,44103150,9798253,53901403,4,0,0,237056,26,9621382072
1812,44141679,40250955,84392634,9,0,1,11776,21,7316984582
1813,44155180,40712797,84867977,5,0,1,230912,15,9200977815
1814,44159150,9159883,53319033,0,0,0,15360,13,3726667570
1815,44173570,7395451,51569021,9,0,0,114688,21,7695515399
1816,44250440,7395760,51646200,0,0,0,1536,13,10400390471
1817,44321759,40546241,84868000,8,0,1,7680,14,8119098558
1818,44322120,40545903,84868023,0,0,1,33792,13,2111200011
1819,44323590,7272488,51596078,0,0,0,4608,13,8907400438
1820,44340690,40527356,84868046,0,0,1,15872,13,7024682701
1821,44341450,7532467,51873917,9,0,0,64000,21,7307092493
1822,44358519,8974178,53332697,3,0,0,36864,20,8359647793
1823,44382480,6449233,50831713,2,0,0,1536,19,5642113138
1824,44403850,6038198,50442048,4,0,0,66048,26,7148084724
1825,44415210,9127256,53542466,1,0,0,207360,23,10261910225
1826,44418149,40449920,84868069,9,0,1,512,21,9354655224
1827,44420139,40447953,84868092,8,0,1,31744,14,8404948729
1828,44425900,40442215,84868115,4,0,1,2048,26,8375609834
1829,44461900,40418764,84880664,4,0,1,7680,26,8273855643
1830,44492100,40388627,84880727,4,0,1,56320,26,1966256907
1831,44493650,7584813,52078463,8,0,0,13312,14,10094872711
1832,44506580,7143761,51650341,4,0,0,7680,26,8810965257
1833,44506790,7940226,52447016,6,0,0,84992,11,6583703114
1834,44521019,40381536,84902555,9,0,1,35840,21,135139972
1835,44524330,9561699,54086029,8,0,0,131072,14,8229274600
1836,44533149,40373912,84907061,8,0,1,7168,14,7464233979
1837,44538220,9031280,53569500,0,0,0,8192,13,2373909279
1838,44560489,40347558,84908047,8,0,1,1536,14,6557057992
1839,44572400,8738779,53311179,4,0,0,5632,26,3154750045
1840,44591879,40317141,84909020,8,0,1,12800,14,6109352867
1841,44627980,8316696,52944676,8,0,0,262144,14,3716142117
1842,44632350,9855080,54487430,8,0,0,423936,14,5336456003
1843,44634320,7318594,51952914,1,0,0,19968,23,6886687727
1844,44638989,7414191,52053180,3,0,0,5120,20,1777030418
1845,44644289,40289731,84934020,9,0,1,8192,21,3860593117
1846,44664579,40271183,84935762,9,0,1,24576,21,5900119115
1847,44672060,7653386,52325446,4,0,0,52224,26,6693667777
1848,44692060,9111961,53804021,4,0,0,163840,26,4359312171
1849,44698860,8610580,53309440,4,0,0,148992,26,2788354102
1850,44731770,9203460,53935230,4,0,0,74752,26,9936812578
1851,44741639,9952279,54693918,3,0,0,167936,20,9599471661
1852,44850259,40114203,84964462,8,0,1,20480,14,9592975944
1853,44876130,40111260,84987390,4,0,1,512,26,7697369047
1854,44886609,9206174,54092783,3,0,0,18432,20,6998633777
1855,44908810,6776832,51685642,7,0,0,14848,20,7923192584
1856,44909169,9401546,54310715,3,0,0,384512,20,2690721274
1857,44910580,5725647,50636227,1,0,0,4608,23,10403016971
1858,44913300,40074861,84988161,4,0,1,9728,26,2940226615
1859,44928340,8405168,53333508,7,0,0,2560,20,10665969847
1860,44947290,5884758,50832048,2,0,0,1024,19,2759772921
1861,44951700,40046908,84998608,0,0,1,36352,13,8863271906
1862,44974810,9383429,54358239,7,0,0,4096,20,3756600093
1863,45008049,9826300,54834349,3,0,0,228352,20,5294783052
1864,45031779,39986406,85018185,9,0,1,3072,21,1999607654
1865,45099790,40004232,85104022,6,0,1,48128,11,9877366992
1866,45128190,9464251,54592441,6,0,0,344576,11,7926777765
1867,45152540,39951505,85104045,0,0,1,4608,13,1356566859
1868,45162010,8159432,53321442,0,0,0,5632,13,695501185
1869,45165439,9924360,55089799,3,0,0,354816,20,1743455341
1870,45183100,6386100,51569200,7,0,0,512,20,7111382069
1871,45231070,8088142,53319212,0,0,0,512,13,5499884953
1872,45236820,39867248,85104068,0,0,1,73216,13,10279957478
1873,45264669,39839422,85104091,9,0,1,28672,21,6380014653
1874,45272150,39831964,85104114,0,0,1,13312,13,7911647365
1875,45277440,8301310,53578750,6,0,0,27648,11,6382849662
1876,45279130,7375894,52655024,0,0,0,1024,13,9567921398
1877,45315530,9041430,54356960,4,0,0,139776,26,1292613789
1878,45328709,39775428,85104137,8,0,1,4608,14,6787332329
1879,45339100,6308878,51647978,2,0,0,2048,19,10068464730
1880,45353359,9942282,55295641,3,0,0,318464,20,7943710288
1881,45369370,9605540,54974910,9,0,0,415232,21,5211832342
1882,45392500,10468882,55861382,6,0,0,677888,11,4370142745
1883,45393569,39744997,85138566,8,0,1,33792,14,6481195432
1884,45424020,9336768,54760788,0,0,0,3584,13,4595862391
1885,45458410,39680179,85138589,4,0,1,10240,26,9708701378
1886,45467330,39671290,85138620,4,0,1,9216,26,4334849497
1887,45486680,9636370,55123050,8,0,0,109056,14,135337122
1888,45488380,7538577,53026957,0,0,0,38912,13,3274774155
1889,45488460,8598684,54087144,9,0,0,3584,21,5028247451
1890,45506229,39632414,85138643,8,0,1,16384,14,1509185508
1891,45508960,8058021,53566981,6,0,0,80384,11,8570571752
1892,45520339,7743674,53264013,3,0,0,110080,20,7692477766
1893,45524090,8229988,53754078,0,0,0,80896,13,4157621709
1894,45534759,39603907,85138666,8,0,1,9216,14,3683299767
1895,45556020,9771624,55327644,1,0,0,104960,23,2212386301
1896,45566430,9811062,55377492,4,0,0,6656,26,2593847899
1897,45569469,39569220,85138689,8,0,1,3584,14,6289709005
1898,45578970,39562502,85141472,0,0,1,19456,13,5157208556
1899,45582879,39559259,85142138,8,0,1,1024,14,6591708963
1900,45583180,10741325,56324505,1,0,0,1172992,23,3117695919
1901,45642280,10751605,56393885,9,0,0,203776,21,7101549146
1902,45643260,9498510,55141770,7,0,0,10240,20,9325004042
1903,45647379,39729743,85377122,9,0,1,42496,21,1216207569
1904,45666140,39711648,85377788,4,0,1,1024,26,3148431544
1905,45674870,5972453,51647323,2,0,0,3584,19,961599532
1906,45678089,40040217,85718306,8,0,1,74752,14,10377371786
1907,45683650,10648124,56331774,7,0,0,8192,20,10200826462
1908,45686460,10741369,56427829,2,0,0,4608,19,843239560
1909,45692639,40029533,85722172,9,0,1,6144,21,2589956439
1910,45705599,40274603,85980202,8,0,1,68608,14,7831719911
1911,45730399,40252389,85982788,8,0,1,4096,14,6074042297
1912,45731699,40435890,86167589,8,0,1,55808,14,5279566616
1913,45731779,40435833,86167612,8,0,1,13312,14,8286057618
1914,45742540,9713558,55456098,0,0,0,49152,13,670199346
1915,45750430,40522758,86273188,0,0,1,104448,13,1642940657
1916,45772159,40608932,86381091,9,0,1,41984,21,837461206
1917,45777160,7823788,53600948,1,0,0,70144,23,2046883703
1918,45800269,6864294,52664563,3,0,0,31232,20,4993761444
1919,45808310,40661799,86470109,4,0,1,66048,26,6075489925
1920,45825460,6781728,52607188,4,0,0,28672,26,8197029647
1921,45835500,7179578,53015078,0,0,0,11264,13,7668360676
1922,45848359,41006128,86854487,8,0,1,50688,14,5931669634
1923,45872530,8770197,54642727,6,0,0,79360,11,8120263419
1924,45885270,40999375,86884645,0,0,1,11776,13,6336713871
1925,45898990,41108695,87007685,0,0,1,45056,13,499468500
1926,45963680,7350642,53314322,2,0,0,10240,19,1549467328
1927,45966110,7613443,53579553,7,0,0,2560,20,9207471391
1928,45978799,41028909,87007708,9,0,1,32256,21,8369048660
1929,46005930,10475343,56481273,0,0,0,175104,13,1176579191
1930,46011690,40996041,87007731,4,0,1,4096,26,632971291
1931,46029900,7443724,53473624,4,0,0,56832,26,3329610628
1932,46030770,9544698,55575468,4,0,0,46592,26,2097779449
1933,46064740,9839276,55904016,4,0,0,24064,26,7868806391
1934,46072440,8241909,54314349,0,0,0,5120,13,642654276
1935,46074120,6580569,52654689,2,0,0,3072,19,4253601940
1936,46079540,10929124,57008664,0,0,0,231936,13,9327961084
1937,46105510,40946714,87052224,4,0,1,29696,26,9877916982
1938,46106330,10506254,56612584,6,0,0,403968,11,2078625361
1939,46121789,10730916,56852705,3,0,0,217088,20,4023868107
1940,46132270,6991765,53124035,2,0,0,2048,19,5518244159
1941,46204989,40850548,87055537,9,0,1,4608,21,6349647644
1942,46205950,40987493,87193443,0,0,1,56832,13,4501604203
1943,46210170,10507581,56717751,1,0,0,345088,23,2240404157
1944,46213219,40980247,87193466,9,0,1,5632,21,2635132757
1945,46227240,10859759,57086999,9,0,0,257024,21,4956543325
1946,46295990,10981309,57277299,2,0,0,512,19,3047403117
1947,46309370,40884119,87193489,4,0,1,54272,26,6140706274
1948,46333779,7859757,54193536,3,0,0,97280,20,6659771758
1949,46371470,10566503,56937973,6,0,0,142848,11,5191203788
1950,46400430,40934052,87334482,4,0,1,69120,26,740051854
1951,46408209,10828852,57237061,3,0,0,243712,20,8323151719
1952,46429340,8916735,55346075,6,0,0,60416,11,6312765138
1953,46452699,10710083,57162782,3,0,0,138752,20,1177287983
1954,46469650,6011420,52481070,7,0,0,512,20,4463396810
1955,46472660,40868334,87340994,4,0,1,29696,26,1580578114
1956,46485770,41295458,87781228,5,0,1,76288,15,7115836612
1957,46488669,10856536,57345205,3,0,0,133632,20,9454569670
1958,46512280,41285124,87797404,4,0,1,4096,26,5776719591
1959,46548370,41447721,87996091,5,0,1,78336,15,4783996771
1960,46567350,8051166,54618516,9,0,0,85504,21,4076737654
1961,46570570,8132599,54703169,0,0,0,30208,13,8420502116
1962,46612860,10787468,57400328,1,0,0,31232,23,128521510
1963,46670030,41630417,88300447,5,0,1,90112,15,5093958569
1964,46675740,41647380,88323120,4,0,1,10752,26,10559229047
1965,46690730,41689872,88380602,0,0,1,24064,13,150721147
1966,46707300,8870063,55577363,2,0,0,6144,19,5750853075
1967,46715000,41925376,88640376,5,0,1,104960,15,3304178818
1968,46717879,9178782,55896661,3,0,0,115712,20,1797363589
1969,46725220,6594483,53319703,2,0,0,1536,19,6131397411
1970,46728850,42463744,89192594,5,0,1,358912,15,5767797138
1971,46741020,10563446,57304466,4,0,0,89088,26,641160308
1972,46756830,10769058,57525888,4,0,0,244736,26,2164074009
1973,46781670,42410963,89192633,0,0,1,32256,13,6701022376
1974,46797650,42395006,89192656,5,0,1,71680,15,1421486866
1975,46820480,10542510,57362990,0,0,0,56320,13,2439118100
1976,46926450,9040636,55967086,4,0,0,187904,26,9113418408
1977,46938280,6540983,53479263,9,0,0,18432,21,717492024
1978,46946170,42292552,89238722,4,0,1,62976,26,10518309923
1979,46963980,6606323,53570303,7,0,0,2560,20,5382930778
1980,46986530,10457376,57443906,6,0,0,132608,11,7610394337
1981,47054920,42183825,89238745,4,0,1,11776,26,10677960362
1982,47056090,10221030,57277120,6,0,0,131072,11,9245927857
1983,47100789,10692348,57793137,3,0,0,422912,20,7248034483
1984,47112689,9313713,56426402,3,0,0,74240,20,2485860504
1985,47153240,42085536,89238776,4,0,1,4096,26,4265559370
1986,47153399,10655985,57809384,3,0,0,53248,20,9498710053
1987,47159739,8750072,55909811,3,0,0,18944,20,8739760292
1988,47177750,10766518,57944268,9,0,0,126976,21,1395173622
1989,47187240,10376579,57563819,9,0,0,124416,21,6346872074
1990,47191790,11316837,58508627,0,0,0,79360,13,2570098202
1991,47219060,7093706,54312766,7,0,0,6656,20,3133134555
1992,47231400,6862030,54093430,7,0,0,2048,20,8119884838
1993,47241920,41996879,89238799,4,0,1,6656,26,479715628
1994,47265430,9502903,56768333,4,0,0,26112,26,967170966
1995,47276359,11078227,58354586,3,0,0,753152,20,2292412016
1996,47278990,7696411,54975401,7,0,0,1536,20,3493637473
1997,47294620,11241399,58536019,0,0,0,67072,13,3500859744
1998,47320239,9169238,56489477,3,0,0,26624,20,10335507658
1999,47326310,41912512,89238822,4,0,1,4608,26,3141551662
2000,47330190,41910541,89240731,0,0,1,16384,13,595706626
2001,47370230,41885977,89256207,3,0,1,24576,20,1450484342
2002,47371130,9523296,56894426,9,0,0,117248,21,1020702612
2003,47371320,9749163,57120483,6,0,0,108544,11,9329136498
2004,47394860,41910540,89305400,4,0,1,16384,26,1866064997
2005,47413260,41895046,89308306,4,0,1,4608,26,10719575173
2006,47428950,41935172,89364122,5,0,1,54272,15,3134892392
2007,47456830,41909014,89365844,0,0,1,12800,13,3406650258
2008,47478450,41888470,89366920,4,0,1,13312,26,6699906526
2009,47577450,8751290,56328740,0,0,0,13824,13,10590088458
2010,47600840,10257239,57858079,4,0,0,159744,26,10542637777
2011,47649500,11066044,58715544,6,0,0,244224,11,10519909666
2012,47661610,41801044,89462654,3,0,1,36352,20,1169856299
2013,47663240,42619003,90282243,5,0,1,194560,15,3636491547
2014,47666860,9723921,57390781,6,0,0,91136,11,8548636532
2015,47671870,42831795,90503665,4,0,1,58368,26,9156434202
2016,47678070,11314154,58992224,1,0,0,340480,23,8593323642
2017,47692460,10432611,58125071,9,0,0,256000,21,4246904864
2018,47693730,10790694,58484424,6,0,0,425984,11,9152480760
2019,47731690,9126966,56858656,0,0,0,19456,13,6698935713
2020,47746400,42906420,90652820,5,0,1,135680,15,2609310280
2021,47753520,42931758,90685278,3,0,1,38400,20,1688912283
2022,47776100,43236269,91012369,5,0,1,163328,15,2665648513
2023,47776540,43255547,91032087,0,0,1,69120,13,8300506418
2024,47786700,43276961,91063661,4,0,1,79360,26,5584932485
2025,47811290,43252394,91063684,4,0,1,6656,26,7513325744
2026,47821950,11242530,59064480,6,0,0,105472,11,3010172110
2027,47853990,43221134,91075124,0,0,1,23552,13,4122145467
2028,47859609,10010357,57869966,3,0,0,38912,20,9120665546
2029,47871020,43206370,91077390,4,0,1,3584,26,2789117788
2030,47884010,10629632,58513642,6,0,0,16384,11,1012274734
2031,47888380,8843590,56731970,1,0,0,46592,23,3809829852
2032,47941880,43136816,91078696,0,0,1,2048,13,3539411296
2033,47969030,10067965,58036995,9,0,0,137216,21,2548359273
2034,47972880,9986449,57959329,7,0,0,1024,20,9308363698
2035,48003949,8756342,56760291,3,0,0,92672,20,9845880511
2036,48117610,42963672,91081282,0,0,1,4096,13,463183439
2037,48134090,8195141,56329231,2,0,0,1536,19,1044737685
2038,48182469,42945360,91127829,8,0,1,29184,14,2418430717
2039,48212250,8191486,56403736,6,0,0,32256,11,4145946913
2040,48214800,10299801,58514601,2,0,0,3072,19,6363513147
2041,48264259,42891518,91155777,8,0,1,29184,14,2269902138
2042,48286970,43060874,91347844,5,0,1,155136,15,703150081
2043,48313620,43061557,91375177,5,0,1,45568,15,8020467968
2044,48332010,8454505,56786515,4,0,0,59392,26,2231095293
2045,48336510,44182504,92519014,5,0,1,500736,15,978677076
2046,48341110,44177927,92519037,4,0,1,20992,26,3042661801
2047,48362240,10828213,59190453,1,0,0,70144,23,3801749826
2048,48373860,9672541,58046401,2,0,0,4096,19,8249979141
2049,48377770,11027548,59405318,1,0,0,559104,23,7353719056
2050,48396770,44122290,92519060,0,0,1,3072,13,6636376956
2051,48405200,44113891,92519091,1,0,1,133632,23,4646867956
2052,48408919,44110195,92519114,8,0,1,4096,14,6987167083
2053,48413600,44274703,92688303,3,0,1,64512,20,8177981459
2054,48447120,10406312,58853432,4,0,0,44544,26,2405311252
2055,48456100,8631242,57087342,2,0,0,1024,19,8458325878
2056,48471730,44216596,92688326,0,0,1,2560,13,10477109035
2057,48472720,44661660,93134380,3,0,1,497152,20,9482973585
2058,48472939,44661464,93134403,8,0,1,22528,14,2513415396
2059,48480940,44727921,93208861,4,0,1,14848,26,1673399264
2060,48487490,44728749,93216239,0,0,1,6656,13,3324468376
2061,48511169,44705101,93216270,8,0,1,24576,14,2100936020
2062,48512330,11100046,59612376,6,0,0,505856,11,7930438577
2063,48525830,8877641,57403471,9,0,0,10240,21,6202165485
2064,48536430,11138369,59674799,4,0,0,204800,26,5648801222
2065,48542300,44673993,93216293,0,0,1,512,13,6662403934
2066,48543579,11454898,59998477,3,0,0,348672,20,7554857175
2067,48547770,11231935,59779705,9,0,0,139776,21,7581084325
2068,48549599,44666717,93216316,8,0,1,7680,14,1815081720
2069,48552910,8792881,57345791,7,0,0,1536,20,3387930561
2070,48558070,44658269,93216339,0,0,1,7168,13,8316688522
2071,48563510,9395468,57958978,1,0,0,48128,23,10166906730
2072,48567070,44656804,93223874,1,0,1,64000,23,3294148536
2073,48569479,10599579,59169058,3,0,0,54272,20,1492404536
2074,48581340,44670508,93251848,0,0,1,19968,13,7150143961
2075,48625750,44674745,93300495,4,0,1,24064,26,5223803107
2076,48661909,44638609,93300518,8,0,1,2048,14,9882271297
2077,48670410,44630131,93300541,0,0,1,10240,13,9550549293
2078,48698920,8905259,57604179,6,0,0,30720,11,3743509568
2079,48712820,9192737,57905557,1,0,0,116736,23,8292777606
2080,48732519,44568045,93300564,8,0,1,1536,14,7087059119
2081,48746299,11351937,60098236,3,0,0,316416,20,1882444756
2082,48771630,9275418,58047048,2,0,0,2048,19,6238510743
2083,48800840,44499747,93300587,4,0,1,38912,26,9424090133
2084,48806290,44503668,93309958,4,0,1,512,26,7097807723
2085,48814800,10260336,59075136,1,0,0,32256,23,8838621417
2086,48815790,11185961,60001751,2,0,0,1536,19,6032606092
2087,48832930,44502431,93335361,5,0,1,52736,15,2460095173
2088,48839790,44539586,93379376,0,0,1,32256,13,9514886378
2089,48841090,9204040,58045130,1,0,0,26624,23,3382093736
2090,48856490,10138409,58994899,2,0,0,8704,19,10680573108
2091,48859770,44520374,93380144,4,0,1,11776,26,6144687872
2092,48865359,10592866,59458225,3,0,0,173568,20,5454025375
2093,48865470,45858110,94723580,3,0,1,479232,20,5316022595
2094,48879650,11345756,60225406,1,0,0,323072,23,1439223660
2095,48879989,45843614,94723603,8,0,1,9216,14,1381733444
2096,48886000,45837626,94723626,7,0,1,13824,20,4510254053
2097,48891220,9624340,58515560,2,0,0,3072,19,4285175801
2098,48921940,45883320,94805260,0,0,1,7168,13,1251459072
2099,48933570,45871713,94805283,7,0,1,33280,20,5914039479
2100,48966780,45838526,94805306,0,0,1,7680,13,6292512002
2101,49007660,45797669,94805329,0,0,1,32256,13,3417773137
2102,49016660,11536903,60553563,6,0,0,257024,11,143773469
2103,49018680,45786672,94805352,5,0,1,46080,15,5909369604
2104,49027390,11246929,60274319,6,0,0,82432,11,4187832961
2105,49067190,45777864,94845054,1,0,1,137216,23,65000611
2106,49077759,10658885,59736644,3,0,0,202752,20,1047500241
2107,49102299,10705977,59808276,3,0,0,93696,20,2876170910
2108,49104269,45740808,94845077,8,0,1,9216,14,2585704183
2109,49139050,46013114,95152164,1,0,1,345088,23,2276647145
2110,49145690,10746505,59892195,6,0,0,201216,11,2643656241
2111,49146120,46113830,95259950,4,0,1,65536,26,8393146141
2112,49147030,46112943,95259973,4,0,1,21504,26,4437780917
2113,49157880,11317340,60475220,6,0,0,123392,11,7535875592
2114,49161840,46592358,95754198,5,0,1,244736,15,9260365357
2115,49173740,11630923,60804663,9,0,0,491520,21,9742473890
2116,49174039,46668782,95842821,8,0,1,55296,14,5089119220
2117,49200330,10917429,60117759,4,0,0,64000,26,9232559558
2118,49202910,9573880,58776790,1,0,0,25600,23,2501721116
2119,49219390,10611450,59830840,1,0,0,73728,23,7501177802
2120,49229160,9913812,59142972,4,0,0,53248,26,10148516883
2121,49266890,9743320,59010210,4,0,0,50176,26,9377111761
2122,49267970,46574874,95842844,4,0,1,22528,26,10075522501
2123,49284800,46687410,95972210,7,0,1,30720,20,8671619919
2124,49290490,46681743,95972233,1,0,1,1536,23,7447158882
2125,49327600,11482234,60809834,9,0,0,16896,21,8706496630
2126,49366740,10955682,60322422,1,0,0,157696,23,8990196036
2127,49372420,46599836,95972256,4,0,1,29184,26,2796956342
2128,49383540,46588739,95972279,4,0,1,13312,26,3014621815
2129,49403260,11407065,60810325,7,0,0,1536,20,7178402541
2130,49474710,9728268,59202978,2,0,0,2048,19,9808859657
2131,49487410,10761770,60249180,9,0,0,77824,21,6715879345
2132,49517640,46454662,95972302,1,0,1,72192,23,5399951417
2133,49551000,46421325,95972325,7,0,1,512,20,405095993
2134,49566930,46405418,95972348,7,0,1,512,20,1715675188
2135,49567059,46405312,95972371,8,0,1,8704,14,3565030883
2136,49574190,11602337,61176527,4,0,0,68096,26,3778731269
2137,49578919,11385811,60964730,3,0,0,214528,20,4556270235
2138,49598360,10138619,59736979,7,0,0,1024,20,7253044451
2139,49639490,46394743,96034233,5,0,1,84992,15,9482916047
2140,49672720,10328478,60001198,2,0,0,4096,19,4227140719
2141,49687209,11559079,61246288,3,0,0,33280,20,852753482
2142,49693410,10306517,59999927,2,0,0,4608,19,2428598995
2143,49695390,10431315,60126705,9,0,0,28160,21,937510660
2144,49756840,10361262,60118102,7,0,0,1024,20,8376025478
2145,49772830,46354893,96127723,0,0,1,7168,13,1920825912
2146,49773990,11245680,61019670,4,0,0,173056,26,7986798995
2147,49790380,11711093,61501473,4,0,0,228864,26,10158014405
2148,49859030,10267854,60126884,2,0,0,512,19,6665551131
2149,49905470,11286368,61191838,6,0,0,50176,11,712920024
2150,49913850,46276699,96190549,1,0,1,179712,23,1525217714
2151,49933479,46608553,96542032,8,0,1,19456,14,3143576971
2152,49986300,46557209,96543509,7,0,1,11776,20,10539666624
2153,50002249,11756528,61758777,3,0,0,141312,20,1097067617
2154,50029740,11347450,61377190,9,0,0,229888,21,1503750170
2155,50033620,11639553,61673173,1,0,0,462848,23,4203189461
2156,50044900,46590387,96635287,2,0,1,7680,19,8389436600
2157,50068380,46783965,96852345,5,0,1,166400,15,1819723953
2158,50083110,46769258,96852368,7,0,1,9728,20,8016378112
2159,50093600,11062156,61155756,4,0,0,260096,26,6554942374
2160,50127530,46974565,97102095,1,0,1,200192,23,8789566107
2161,50147729,46954389,97102118,8,0,1,9728,14,3686771901
2162,50159350,46942799,97102149,7,0,1,36864,20,10584115946
2163,50160290,47396111,97556401,7,0,1,551424,20,6718828193
2164,50170819,47385736,97556555,8,0,1,8704,14,5707847692
2165,50173550,47493194,97666744,1,0,1,103424,23,6341382408
2166,50198950,10877527,61076477,2,0,0,186368,19,280306268
2167,50240890,11474808,61715698,4,0,0,139264,26,10285913170
2168,50270180,47484181,97754361,2,0,1,94208,19,366499112
2169,50277720,11525610,61803330,2,0,0,1024,19,10006602115
2170,50335450,47420476,97755926,1,0,1,74752,23,8810564041
2171,50353140,11449832,61802972,6,0,0,144896,11,6759318167
2172,50369699,47504415,97874114,8,0,1,60416,14,4793053115
2173,50376589,47509619,97886208,8,0,1,10752,14,7443329194
2174,50392990,47733339,98126329,1,0,1,206336,23,6180506445
2175,50395089,47731263,98126352,8,0,1,1024,14,366112995
2176,50419690,47706685,98126375,2,0,1,14336,19,8911620248
2177,50430639,47695759,98126398,8,0,1,512,14,7192244553
2178,50451780,11566591,62018371,9,0,0,439808,21,2674415431
2179,50477000,47679259,98156259,2,0,1,14848,19,3944365451
2180,50488420,11043652,61532072,1,0,0,100352,23,3118761425
2181,50507569,47650431,98158000,8,0,1,24576,14,9119053475
2182,50517140,47734048,98251188,1,0,1,100352,23,4072457355
2183,50523100,47728111,98251211,2,0,1,2560,19,6039229983
2184,50523710,47727524,98251234,2,0,1,4096,19,2325365193
2185,50533100,47731908,98265008,2,0,1,7680,19,7849591829
2186,50533209,11625452,62158661,3,0,0,460288,20,3801662782
2187,50562440,47703541,98265981,4,0,1,12800,26,1656848442
2188,50570850,10809951,61380801,7,0,0,11776,20,621857341
2189,50587189,47685157,98272346,8,0,1,18944,14,8708072343
2190,50635789,47646521,98282310,8,0,1,3072,14,2367876153
2191,50678769,47609993,98288762,8,0,1,10240,14,9131244368
2192,50686830,47603558,98290388,4,0,1,2560,26,682583559
2193,50698380,47592367,98290747,2,0,1,9728,19,4620915079
2194,50708390,47747820,98456210,6,0,1,45568,11,9958493546
2195,50731460,47724837,98456297,2,0,1,12800,19,1131929352
2196,50787410,47668910,98456320,4,0,1,9216,26,3989345936
2197,50831840,47698977,98530817,1,0,1,102912,23,114824101
2198,50895640,48868282,99763922,7,0,1,497152,20,9218769626
2199,50905809,48891699,99797508,8,0,1,18432,14,2082015063
2200,50927970,48869561,99797531,7,0,1,6656,20,5796334073
2201,50954230,48843324,99797554,3,0,1,6656,20,8606002943
2202,50972950,11187376,62160326,7,0,0,512,20,6454353991
2203,50983390,11176734,62160124,7,0,0,4096,20,1967816211
2204,50986620,11817977,62804597,1,0,0,162304,23,2773615790
2205,51026580,48770997,99797577,6,0,1,22528,11,4119730050
2206,51026970,48814193,99841163,6,0,1,45568,11,470888989
2207,51056310,11120482,62176792,9,0,0,25600,21,9581975260
2208,51075579,48765607,99841186,8,0,1,12288,14,7080627722
2209,51078830,48762379,99841209,2,0,1,17408,19,8908726756
2210,51085380,11759288,62844668,4,0,0,119808,26,9786085702
2211,51088760,12213698,63302458,4,0,0,82944,26,7183623335
2212,51099030,11603702,62702732,6,0,0,225792,11,156911758
2213,51114209,11876413,62990622,3,0,0,15360,20,8027805037
2214,51144649,11839352,62984001,3,0,0,66048,20,8075819219
2215,51210050,48631222,99841272,4,0,1,38400,26,4373414783
2216,51233100,48664115,99897215,3,0,1,50176,20,9075038413
2217,51261590,11490058,62751648,1,0,0,51712,23,7532474337
2218,51287880,11984736,63272616,1,0,0,480768,23,6220827218
2219,51289120,11674711,62963831,9,0,0,136192,21,10243471398
2220,51301870,11684026,62985896,7,0,0,6144,20,729656476
2221,51301950,48597126,99899076,2,0,1,11264,19,2478281632
2222,51303800,11190495,62494295,1,0,0,4096,23,1853267087
2223,51310000,11307091,62617091,2,0,0,140288,19,350792300
2224,51315710,11723981,63039691,6,0,0,160768,11,10231494392
2225,51337150,10961542,62298692,7,0,0,1024,20,1858190444
2226,51360950,48586699,99947649,4,0,1,66560,26,4678088344
2227,51360989,48828744,100189733,8,0,1,25600,14,1582644343
2228,51371800,48817956,100189756,6,0,1,5120,11,5334407418
2229,51417170,48772625,100189795,1,0,1,12800,23,7674759264
2230,51433290,48773399,100206689,4,0,1,10752,26,7111636878
2231,51468020,48738700,100206720,4,0,1,16384,26,1315207590
2232,51502070,11344025,62846095,1,0,0,4608,23,7918769690
2233,51507580,48699163,100206743,4,0,1,11776,26,1551278153
2234,51508260,11586978,63095238,9,0,0,24576,21,7312802018
2235,51513590,48825487,100339077,4,0,1,24576,26,3632481159
2236,51560070,48779030,100339100,6,0,1,15872,11,5090627107
2237,51571530,48767593,100339123,4,0,1,13824,26,7571897123
2238,51590650,48748496,100339146,6,0,1,512,11,7182738648
2239,51593020,11320322,62913342,7,0,0,1536,20,9071302143
2240,51638270,48700899,100339169,2,0,1,22016,19,6292500052
2241,51643080,48696112,100339192,4,0,1,41984,26,9555501303
2242,51661600,11715137,63376737,2,0,0,243712,19,7618915929
2243,51664390,48674825,100339215,4,0,1,33792,26,1758729845
2244,51698210,11352129,63050339,1,0,0,1536,23,5446054785
2245,51706920,11694660,63401580,2,0,0,81408,19,863660535
2246,51712710,11564453,63277163,2,0,0,14848,19,8439955626
2247,51719220,11733932,63453152,2,0,0,165376,19,8141985850
2248,51762470,48576768,100339238,2,0,1,9728,19,2438415841
2249,51792150,48547111,100339261,4,0,1,61440,26,9754068911
2250,51806400,48532884,100339284,6,0,1,5120,11,9908417971
2251,51833439,11801274,63634713,3,0,0,205312,20,7612867265
2252,51837120,11623699,63460819,6,0,0,25088,11,2393794452
2253,51837520,48569826,100407346,6,0,1,32768,11,9337473268
2254,51894760,48521860,100416620,6,0,1,17920,11,4244090922
2255,51895910,11506340,63402250,1,0,0,512,23,8630792986
2256,51916610,11835377,63751987,9,0,0,159744,21,5535652448
2257,51966300,11919304,63885604,2,0,0,59392,19,309681403
2258,52015320,48404022,100419342,1,0,1,107520,23,954700639
2259,52042060,11711666,63753726,1,0,0,5632,23,9783110642
2260,52063450,48355987,100419437,4,0,1,11264,26,10362359737
2261,52075710,48343750,100419460,2,0,1,3584,19,830771315
2262,52076020,11326051,63402071,1,0,0,1536,23,3261219812
2263,52091120,11311621,63402741,7,0,0,1536,20,39321214
2264,52108590,48310893,100419483,1,0,1,16384,23,8303717013
2265,52112310,48307196,100419506,3,0,1,7680,20,8158349316
2266,52147780,48861095,101008875,3,0,1,313344,20,2943817825
2267,52150119,11553173,63703292,3,0,0,104960,20,763902744
2268,52151570,48858291,101009861,6,0,1,1536,11,89893024
2269,52156990,11710495,63867485,2,0,0,138752,19,2889979754
2270,52160990,49700222,101861212,3,0,1,221184,20,8582642619
2271,52186730,49832010,102018740,3,0,1,347136,20,5919538510
2272,52199300,49875536,102074836,3,0,1,252416,20,7534381679
2273,52208480,11545589,63754069,1,0,0,1024,23,1086448872
2274,52211140,49875779,102086919,1,0,1,25600,23,1161059620
2275,52220470,49882728,102103198,2,0,1,46592,19,8843929781
2276,52285490,11979746,64265236,9,0,0,98816,21,4513464818
2277,52288810,11850397,64139207,9,0,0,97792,21,8647429375
2278,52308050,12250244,64558294,2,0,0,242688,19,7591420123
2279,52314519,11969039,64283558,3,0,0,29696,20,8026571506
2280,52339500,49763852,102103352,2,0,1,8704,19,8499132107
2281,52345750,11927465,64273215,2,0,0,26112,19,9788172625
2282,52386160,11595585,63981745,1,0,0,91136,23,1356974670
2283,52400689,12559302,64959991,3,0,0,547328,20,5221290672
2284,52410400,49725524,102135924,4,0,1,3584,26,3008880366
2285,52433510,12298979,64732489,1,0,0,189952,23,10279302020
2286,52463820,50400770,102864590,4,0,1,1243136,26,8618008566
2287,52481870,50511379,102993249,3,0,1,207360,20,189885428
2288,52490379,12559046,65049425,3,0,0,293376,20,2244115426
2289,52502000,50494821,102996821,2,0,1,5632,19,7009409430
2290,52535890,50462557,102998447,2,0,1,2560,19,5565799307
2291,52538560,50471486,103010046,1,0,1,54784,23,305225516
2292,52541090,12545826,65086916,9,0,0,111616,21,1510850297
2293,52548579,12607780,65156359,3,0,0,227840,20,5247963915
2294,52578920,50466856,103045776,1,0,1,13312,23,7196014796
2295,52631740,12420984,65052724,6,0,0,10752,11,9208950939
2296,52633910,50415412,103049322,1,0,1,5632,23,10621116265
2297,52639950,12533336,65173286,9,0,0,55296,21,8551419892
2298,52643390,50406700,103050090,2,0,1,11776,19,4291736270
2299,52649570,12894838,65544408,9,0,0,131072,21,7498435184
2300,52651870,12809996,65461866,6,0,0,81408,11,3168642983
2301,52659600,50405717,103065317,6,0,1,10752,11,3075133543
2302,52678490,13117655,65796145,6,0,0,522752,11,2473860528
2303,52694770,12568381,65263151,1,0,0,142336,23,7896178570
2304,52707600,13146983,65854583,2,0,0,150528,19,1451112138
2305,52746930,13226723,65973653,9,0,0,313344,21,5082313605
2306,52783080,50313900,103096980,2,0,1,43008,19,592901912
2307,52784370,13012069,65796439,2,0,0,512,19,2549739616
2308,52814070,50437077,103251147,4,0,1,190976,26,9546844652
2309,52832950,50658827,103491777,3,0,1,195584,20,7375919159
2310,52906080,50585720,103491800,1,0,1,40448,23,1711165236
2311,52933300,50558523,103491823,6,0,1,3584,11,2687893381
2312,52995160,50503431,103498591,1,0,1,45056,23,3283692523
2313,53016530,12846793,65863323,2,0,0,2560,19,6973454858
2314,53027970,50627392,103655362,3,0,1,300544,20,7000355305
2315,53029390,50627598,103656988,2,0,1,2560,19,80137224
2316,53031840,50629974,103661814,2,0,1,7680,19,2648612758
2317,53041050,12573709,65614759,7,0,0,1536,20,2259905354
2318,53057500,50665917,103723417,3,0,1,136704,20,2914368092
2319,53105630,50798859,103904489,5,0,1,157696,15,1750876987
2320,53155080,12642006,65797086,6,0,0,2048,11,8685261964
2321,53208280,50704526,103912806,6,0,1,2048,11,2752249120
2322,53235940,50677532,103913472,2,0,1,11264,19,8928346997
2323,53319490,50597208,103916698,2,0,1,5120,19,6513400806
2324,53350120,50573640,103923760,3,0,1,23552,20,75829902
2325,53366680,50568964,103935644,1,0,1,1536,23,1606454215
2326,53367570,50818885,104186455,1,0,1,75776,23,1465860582
2327,53375670,12423715,65799385,7,0,0,3072,20,4352547575
2328,53377900,12596868,65974768,6,0,0,3584,11,10531907573
2329,53404030,12394350,65798380,7,0,0,4096,20,3539545424
2330,53409320,50778985,104188305,1,0,1,6656,23,1774355356
2331,53417080,50772301,104189381,2,0,1,13312,19,8485356410
2332,53426099,12650992,66077091,3,0,0,76800,20,7265676526
2333,53461020,13162172,66623192,1,0,0,188928,23,3984309488
2334,53470740,51029493,104500233,3,0,1,298496,20,9726437925
2335,53472260,51027996,104500256,1,0,1,5120,23,5467960718
2336,53480800,13084805,66565605,2,0,0,276480,19,1440454240
2337,53492070,12780658,66272728,9,0,0,124928,21,1919468109
2338,53510170,50990109,104500279,6,0,1,8192,11,3631650092
2339,53527430,51100652,104628082,3,0,1,192000,20,7675523462
2340,53549480,13123865,66673345,2,0,0,162816,19,7261171300
2341,53555119,12618502,66173621,3,0,0,18944,20,9280470171
2342,53559700,51076459,104636159,1,0,1,13312,23,1553454839
2343,53560190,13290290,66850480,6,0,0,3072,11,2531761534
2344,53562960,13148160,66711120,2,0,0,123904,19,6501367006
2345,53563430,13060276,66623706,7,0,0,512,20,6678990044
2346,53581690,12852966,66434656,6,0,0,1024,11,3637122685
2347,53581900,13267621,66849521,9,0,0,451072,21,5485148192
2348,53589020,51068324,104657344,1,0,1,22016,23,7337865594
2349,53602780,51055230,104658010,2,0,1,1024,19,7387489930
2350,53636070,51025806,104661876,2,0,1,6144,19,4141240215
2351,53637699,13235424,66873123,3,0,0,74240,20,6434891774
2352,53678210,12945317,66623527,7,0,0,1024,20,7894535389
2353,53688330,50973700,104662030,1,0,1,8704,23,488517726
2354,53689420,13184974,66874394,7,0,0,4096,20,2595286641
2355,53723720,12988342,66712062,9,0,0,2560,21,1477163425
2356,53730020,51537003,105267023,3,0,1,638976,20,9834740617
2357,53760830,51524304,105285134,6,0,1,8192,11,2319594406
2358,53773700,52277180,106050880,3,0,1,280576,20,3062920366
2359,53810000,52241226,106051226,2,0,1,512,19,10161825237
2360,53823020,13315824,67138844,2,0,0,94720,19,6142559713
2361,53837110,13436549,67273659,2,0,0,111104,19,144246771
2362,53838740,13720411,67559151,9,0,0,169472,21,4441333048
2363,53850750,52282672,106133422,1,0,1,64000,23,648983725
2364,53867900,52538690,106406590,3,0,1,181248,20,8302077663
2365,53886000,13478724,67364724,2,0,0,141824,19,7404844962
2366,53914030,52615741,106529771,2,0,1,16384,19,748473687
2367,53959840,52621301,106581141,6,0,1,5632,11,9687593466
2368,53974980,52606184,106581164,2,0,1,512,19,10538725201
2369,53986819,52594368,106581187,8,0,1,7680,14,2419789437
2370,54003860,52577350,106581210,2,0,1,11264,19,4084830972
2371,54030810,13264244,67295054,9,0,0,70144,21,131153311
2372,54041540,52539693,106581233,6,0,1,4096,11,528223505
2373,54044390,52536866,106581256,1,0,1,10752,23,1327008535
2374,54051980,52529299,106581279,2,0,1,5120,19,2643077459
2375,54092460,52515229,106607689,6,0,1,31744,11,9830461731
2376,54107850,13091648,67199498,7,0,0,2560,20,7815482874
2377,54156750,13269326,67426076,9,0,0,27136,21,4226906091
2378,54181350,13532906,67714256,2,0,0,191488,19,1654792907
2379,54191129,13702901,67894030,3,0,0,293376,20,7536025280
2380,54198730,52608957,106807687,3,0,1,64512,20,2049233117
2381,54200580,13589305,67789885,2,0,0,121856,19,8259791961
2382,54210599,13810183,68020782,3,0,0,58880,20,1237755831
2383,54213240,52594470,106807710,1,0,1,7168,23,1940746755
2384,54218000,13349759,67567759,9,0,0,19456,21,7551976582
2385,54233800,52841025,107074825,3,0,1,287232,20,4622373076
2386,54250779,13551921,67802700,3,0,0,41984,20,9042874777
2387,54277790,52853019,107130809,6,0,1,20992,11,4092307895
2388,54305610,13272151,67577761,6,0,0,7680,11,4118710297
2389,54308550,52841655,107150205,2,0,1,4096,19,7838520574
2390,54318430,13824189,68142619,1,0,0,279040,23,5630684672
2391,54331350,13629962,67961312,7,0,0,3584,20,4921464373
2392,54341710,13891780,68233490,6,0,0,11776,11,665989944
2393,54352340,13635089,67987429,6,0,0,3584,11,5384463756
2394,54355700,13814247,68169947,2,0,0,89088,19,5128550044
2395,54369860,52853544,107223404,2,0,1,7168,19,7353483853
2396,54399010,52886915,107285925,2,0,1,47616,19,2658222482
2397,54435920,13851962,68287882,7,0,0,14336,20,6725031126
2398,54448060,13753763,68201823,7,0,0,512,20,211492271
2399,54449320,13893999,68343319,2,0,0,41472,19,2098016772
2400,54477820,52812611,107290431,2,0,1,7168,19,2662500230
2401,54479860,14331402,68811262,2,0,0,129536,19,5140083749
2402,54494750,13728921,68223671,7,0,0,5120,20,920020481
2403,54504150,52925092,107429242,1,0,1,34304,23,3690745918
2404,54521840,14113880,68635720,2,0,0,109056,19,8036258314
2405,54523290,14363916,68887206,1,0,0,120320,23,5392894797
2406,54538940,14177945,68716885,2,0,0,119808,19,3188195665
2407,54540150,54078357,108618507,3,0,1,720896,20,5039176891
2408,54568010,15002149,69570159,9,0,0,342016,21,6310146685
2409,54574530,14238003,68812533,9,0,0,4096,21,8568955973
2410,54588190,54031611,108619801,1,0,1,81920,23,6259462564
2411,54605510,14238341,68843851,6,0,0,1024,11,5579742261
2412,54606640,13895677,68502317,7,0,0,512,20,1796291009
2413,54622180,14281801,68903981,9,0,0,51200,21,10499643046
2414,54629200,54012074,108641274,4,0,1,117760,26,3031500285
2415,54653090,54003841,108656931,3,0,1,52224,20,2271213765
2416,54751180,53916997,108668177,2,0,1,26624,19,2743031999
2417,54764110,14677993,69442103,9,0,0,1024,21,2645026496
2418,54764869,14478034,69242903,3,0,0,290304,20,6101312270
2419,54773650,53897753,108671403,2,0,1,5120,19,4992073881
2420,54774710,53908706,108683416,1,0,1,8192,23,3838643393
2421,54781439,14863594,69645033,3,0,0,125440,20,1847766002
2422,54834050,53884349,108718399,4,0,1,71680,26,7529497971
2423,54878580,53851008,108729588,3,0,1,37888,20,3644909348
2424,54891020,13745840,68636860,7,0,0,1024,20,3077259707
2425,54909300,53844671,108753971,2,0,1,30720,19,138529992
2426,54957730,53798290,108756020,2,0,1,15872,19,536956451
2427,54980970,15198915,70179885,9,0,0,87040,21,892284680
2428,54998260,53875707,108873967,3,0,1,269312,20,7297000847
2429,55012450,15110582,70123032,1,0,0,794624,23,2348689117
2430,55023300,53853893,108877193,1,0,1,5120,23,8721464059
2431,55028400,53902139,108930539,3,0,1,108032,20,7577834689
2432,55038690,54051977,109090667,4,0,1,265728,26,1826248446
2433,55065680,14013667,69079347,7,0,0,8704,20,3198753419
2434,55084690,54011571,109096261,1,0,1,18432,23,10724706474
2435,55110740,14132498,69243238,7,0,0,1024,20,704734928
2436,55180280,54966658,110146938,3,0,1,1260544,20,5466919679
2437,55220460,15191496,70411956,9,0,0,550912,21,9401219632
2438,55225150,54931516,110156666,1,0,1,33280,23,2710066214
2439,55233330,14338325,69571655,6,0,0,4608,11,2145892856
2440,55269740,55409881,110679621,3,0,1,1010688,20,1553347505
2441,55293259,14896633,70189892,3,0,0,32768,20,2384352876
2442,55295150,14849433,70144583,9,0,0,70656,21,9313895747
2443,55309020,55374278,110683298,1,0,1,4608,23,9825388988
2444,55318530,14328658,69647188,6,0,0,3072,11,7397509719
2445,55318919,15324943,70643862,3,0,0,322048,20,2491792377
2446,55323849,14829493,70153342,3,0,0,28672,20,2743796005
2447,55375320,55314136,110689456,2,0,1,29184,19,8801406132
2448,55395580,15147687,70543267,9,0,0,367616,21,7251707082
2449,55425030,15875342,71300372,2,0,0,163840,19,10189049794
2450,55453960,55241973,110695933,2,0,1,1536,19,6397449486
2451,55474850,14956386,70431236,2,0,0,49152,19,7107403014
2452,55556280,15384642,70940922,9,0,0,39936,21,6634882549
2453,55609950,55087417,110697367,1,0,1,3584,23,1613951319
2454,55613500,15102145,70715645,1,0,0,235520,23,4286511655
2455,55639700,55059613,110699313,1,0,1,3072,23,563386395
2456,55651499,15248625,70900124,3,0,0,73728,20,10148390421
2457,55680470,14735721,70416191,2,0,0,13824,19,10537502122
2458,55695979,15949670,71645649,3,0,0,134144,20,7018112394
2459,55697340,55005519,110702859,1,0,1,5632,23,8414939463
2460,55735770,54985468,110721238,1,0,1,31744,23,7942851108
2461,55822680,15683750,71506430,2,0,0,239104,19,9362579977
2462,55898150,14861263,70759413,7,0,0,5120,20,4896702485
2463,55934370,15101891,71036261,2,0,0,312832,19,823472186
2464,55938760,14606870,70545630,7,0,0,7680,20,6792240910
2465,55979500,14776163,70755663,9,0,0,127488,21,867849488
2466,56048550,14829087,70877637,1,0,0,144384,23,8168649627
2467,56056760,14659967,70716727,7,0,0,3072,20,3986743557
2468,56066630,14690015,70756645,1,0,0,3072,23,5286921734
2469,56071469,14848224,70919693,3,0,0,59392,20,2081403141
2470,56078380,14679380,70757760,1,0,0,3584,23,412233300
2471,56079470,14700066,70779536,2,0,0,34816,19,4441986554
2472,56085210,15694077,71779287,7,0,0,512,20,3445934148
2473,56115190,14812840,70928030,9,0,0,26624,21,4091036028
2474,56117270,14983483,71100753,1,0,0,60416,23,6609101012
2475,56164670,54564464,110729134,2,0,1,11776,19,3045353199
2476,56178420,54556103,110734523,2,0,1,17408,19,4333620056
2477,56202430,14726301,70928731,6,0,0,1024,11,9036723600
2478,56226300,14675274,70901574,1,0,0,4608,23,10387336619
2479,56234580,14804925,71039505,6,0,0,6656,11,9280961274
2480,56236270,54501244,110737514,2,0,1,10240,19,4620211647
2481,56280200,15028944,71309144,6,0,0,4096,11,10713150463
2482,56308530,14619858,70928388,6,0,0,1024,11,7859998635
2483,56363840,54399089,110762929,1,0,1,44032,23,3763542157
2484,56384490,54455881,110840371,1,0,1,68608,23,2963625408
2485,56407159,14630295,71037454,3,0,0,3584,20,6889525105
2486,56417820,14639283,71057103,6,0,0,4096,11,1910995633
2487,56467640,54376917,110844557,1,0,1,6656,23,295872068
2488,56516870,14616744,71133614,2,0,0,18944,19,1874242037
2489,56528840,15874369,72403209,1,0,0,97280,23,3132927978
2490,56532090,14387782,70919872,7,0,0,512,20,10698015582
2491,56548239,15593460,72141699,3,0,0,95232,20,7681532472
2492,56578580,15478097,72056677,9,0,0,260096,21,2342424637
2493,56582269,16069791,72652060,3,0,0,80896,20,2463004666
2494,56601230,14553265,71154495,6,0,0,6144,11,1660600754
2495,56607550,54245444,110852994,2,0,1,21504,19,6861663260
2496,56620860,54238650,110859510,1,0,1,23040,23,1473223024
2497,56637079,14554856,71191935,3,0,0,106496,20,3804223916
2498,56652389,16221566,72873955,3,0,0,132096,20,6811487587
2499,56673250,15105858,71779108,1,0,0,283648,23,7912922754
2500,56757220,14565232,71322452,1,0,0,24576,23,705546582
2501,56758850,14286962,71045812,7,0,0,5632,20,1262138819
2502,56767630,14534325,71301955,6,0,0,5120,11,8135355685
2503,56802010,14981067,71783077,7,0,0,7168,20,1768111910
2504,56865400,14532649,71398049,6,0,0,4608,11,9017641884
2505,56889790,54027751,110917541,7,0,1,41984,20,5323434136
2506,56908360,14992208,71900568,7,0,0,385536,20,2246629618
2507,56932940,14987775,71920715,9,0,0,66048,21,572139573
2508,56957920,14425369,71383289,6,0,0,1536,11,10736277403
2509,56989600,14987806,71977406,1,0,0,125440,23,5076558863
2510,57018020,54405450,111423470,3,0,1,446976,20,2493520307
2511,57030280,54575071,111605351,7,0,1,333312,20,7230381383
2512,57033090,54894750,111927840,5,0,1,368128,15,3344218373
2513,57068380,54859483,111927863,2,0,1,10240,19,9517022106
2514,57109800,54818086,111927886,2,0,1,16896,19,7188489477
2515,57148170,14909512,72057682,6,0,0,3072,11,5386606856
2516,57155560,54787786,111943346,3,0,1,106496,20,4001508469
2517,57160970,15458885,72619855,7,0,0,340992,20,9681194093
2518,57165900,54957981,112123881,7,0,1,458240,20,9904634957
2519,57173290,54986327,112159617,1,0,1,90112,23,4154496063
2520,57181450,15895752,73077202,7,0,0,243712,20,8528514884
2521,57181760,55006077,112187837,5,0,1,39424,15,1903407518
2522,57218430,54985402,112203832,2,0,1,25088,19,2175511699
2523,57244370,54964608,112208978,1,0,1,8192,23,8124538663
2524,57259850,55085940,112345790,7,0,1,152576,20,5304090959
2525,57280010,14500860,71780870,6,0,0,5120,11,1763599084
2526,57303540,55050835,112354375,1,0,1,2048,23,2971926851
2527,57318440,55233883,112552323,7,0,1,331264,20,6201953419
2528,57325830,14936516,72262346,7,0,0,383488,20,3625381100
2529,57327690,55281028,112608718,7,0,1,98816,20,2990602735
2530,57328020,55292246,112620266,7,0,1,46592,20,5881567542
2531,57339690,15149598,72489288,6,0,0,9216,11,6115667991
2532,57340549,15009946,72350495,3,0,0,51200,20,9415617046
2533,57351269,15123158,72474427,3,0,0,81408,20,6339746006
2534,57352010,55617573,112969583,4,0,1,291328,26,143259760
2535,57366580,55652053,113018633,1,0,1,53760,23,1603371273
2536,57380630,15329953,72710583,2,0,0,192000,19,8921025672
2537,57391400,55876799,113268199,5,0,1,140288,15,10119178721
2538,57415120,14951466,72366586,2,0,0,52736,19,1273473219
2539,57430900,55837322,113268222,2,0,1,8704,19,1602391724
2540,57457250,15170139,72627389,1,0,0,24576,23,8356540071
2541,57515869,15317767,72833636,3,0,0,304128,20,3334595971
2542,57526340,55805115,113331455,4,0,1,248832,26,626178915
2543,57548790,55873690,113422480,7,0,1,179200,20,663237153
2544,57557050,55868336,113425386,2,0,1,4608,19,5375516176
2545,57572310,55857928,113430238,1,0,1,7680,23,9253681873
2546,57573770,15159456,72733226,2,0,0,74240,19,6074120299
2547,57583790,55847473,113431263,4,0,1,20992,26,653489708
2548,57606780,55935239,113542019,5,0,1,84992,15,887198142
2549,57620990,55921052,113542042,5,0,1,8704,15,1045222434
2550,57656990,55885075,113542065,7,0,1,5120,20,8725665684
2551,57661130,55920173,113581303,3,0,1,128512,20,5446899365
2552,57671810,15898050,73569860,2,0,0,653312,19,7919860864
2553,57679230,57073585,114752815,5,0,1,517120,15,6278520413
2554,57725760,57631432,115357192,7,0,1,603648,20,45441068
2555,57726600,57647985,115374585,5,0,1,29696,15,8356592977
2556,57737720,57645900,115383620,2,0,1,36352,19,2032884755
2557,57747760,15372321,73120081,2,0,0,30208,19,6278683674
2558,57758360,15414129,73172489,9,0,0,6144,21,10621035935
2559,57764690,57676193,115440883,4,0,1,122368,26,1248843593
2560,57770590,57864363,115634953,7,0,1,165376,20,9917625997
2561,57777020,15559457,73336477,2,0,0,30208,19,1413375519
2562,57781170,58140059,115921229,2,0,1,43520,19,1207084292
2563,57892680,58114253,116006933,5,0,1,385024,15,3898385517
2564,57900530,58233128,116133658,7,0,1,237056,20,6312866826
2565,57942250,15640320,73582570,9,0,0,40960,21,2697606134
2566,57951100,58191339,116142439,3,0,1,70144,20,3074957682
2567,57978129,15348929,73327058,3,0,0,221696,20,4809163624
2568,58003790,58190637,116194427,4,0,1,110080,26,2642646682
2569,58020540,59012067,117032607,5,0,1,430080,15,1377550087
2570,58023890,59025841,117049731,4,0,1,31744,26,9961556348
2571,58032720,15304248,73336968,6,0,0,1536,11,9094302942
2572,58045580,15637882,73683462,7,0,0,137728,20,10083759082
2573,58081650,59752418,117834068,5,0,1,647168,15,1509685833
2574,58104880,59890255,117995135,5,0,1,159232,15,5064163091
2575,58131670,60099450,118231120,3,0,1,352256,20,6564328008
2576,58137140,16052061,74189201,9,0,0,22528,21,4019350224
2577,58139170,16748724,74887894,1,0,0,190976,23,5505986821
2578,58157560,15934303,74091863,9,0,0,6656,21,4712542910
2579,58179520,16650163,74829683,1,0,0,144896,23,5262975569
2580,58191960,60164198,118356158,3,0,1,95232,20,8729734541
2581,58195130,16501853,74696983,9,0,0,93184,21,2507977819
2582,58201350,60399096,118600446,3,0,1,449024,20,10718668596
2583,58228470,15664932,73893402,0,0,0,83456,13,6654893086
2584,58237220,17014891,75252111,2,0,0,169984,19,9902226042
2585,58269530,60474788,118744318,4,0,1,127488,26,4800550529
2586,58300000,60841256,119141256,3,0,1,681472,20,8556991977
2587,58326310,60822153,119148463,3,0,1,22016,20,8482999701
2588,58336220,16028190,74364410,2,0,0,45568,19,5261565738
2589,58353120,16055172,74408292,1,0,0,134144,23,8858500202
2590,58356949,15993554,74350503,3,0,0,496640,20,8175961642
2591,58368120,15999277,74367397,6,0,0,9728,11,4716221969
2592,58370760,16287021,74657781,1,0,0,256512,23,356276410
2593,58473840,17446634,75920474,7,0,0,338432,20,3178144187
2594,58493010,60697268,119190278,3,0,1,55296,20,899712583
2595,58504440,17286508,75790948,7,0,0,687616,20,7209521105
2596,58521550,16147018,74668568,2,0,0,35328,19,4255028847
2597,58533619,16571545,75105164,3,0,0,237568,20,8838449594
2598,58551190,60679355,119230545,2,0,1,51712,19,2968434336
2599,58569469,16404106,74973575,3,0,0,118784,20,2662876732
2600,58580300,61175021,119755321,3,0,1,146432,20,8851837586
2601,58586710,17359284,75945994,7,0,0,83456,20,1963988925
2602,58613060,16501196,75114256,6,0,0,1536,11,1464873247
2603,58614450,17332659,75947109,1,0,0,3584,23,6485716046
2604,58616070,17201265,75817335,9,0,0,86528,21,994519171
2605,58618349,17343570,75961919,3,0,0,48128,20,6210938500
2606,58622239,17467396,76089635,3,0,0,418816,20,3797473071
2607,58668550,61391942,120060492,3,0,1,104448,20,7694871227
2608,58688970,16879348,75568318,1,0,0,124416,23,1227865044
2609,58723520,61336995,120060515,3,0,1,22016,20,4476433955
2610,58738680,61424708,120163388,2,0,1,20480,19,5439570266
2611,58748920,17574416,76323336,9,0,0,236544,21,3982664851
2612,58752889,17638543,76391432,3,0,0,183808,20,392850355
2613,58857450,17629284,76486734,9,0,0,222208,21,3064658222
2614,58864590,61298821,120163411,2,0,1,7168,19,5346499166
2615,58881340,61415503,120296843,3,0,1,281600,20,7574541103
2616,58889140,61508803,120397943,3,0,1,79872,20,8800020059
2617,58912980,17831353,76744333,9,0,0,257024,21,2164325568
2618,58942130,18101815,77043945,1,0,0,587264,23,9652937639
2619,58957250,17532939,76490189,1,0,0,11264,23,122402399
2620,59046890,61351076,120397966,2,0,1,1024,19,5648432856
2621,59047150,61350839,120397989,2,0,1,10240,19,3337516610
2622,59051070,17152914,76203984,6,0,0,6144,11,6150680149
2623,59073850,61324162,120398012,3,0,1,50688,20,5102926874
2624,59082780,18059748,77142528,9,0,0,181248,21,6145828426
2625,59088280,61967059,121055339,3,0,1,229376,20,114175082
2626,59116030,17120988,76237018,6,0,0,512,11,1223354612
2627,59146000,61966143,121112143,3,0,1,49664,20,10227228166
2628,59188630,17028570,76217200,6,0,0,7168,11,9133538024
2629,59253990,17833259,77087249,1,0,0,97792,23,3679582617
2630,59276380,61862789,121139169,2,0,1,10752,19,3115737621
2631,59287450,61911766,121199216,3,0,1,39936,20,1306032452
2632,59291720,17280984,76572704,7,0,0,188416,20,4934994235
2633,59295290,17762140,77057430,1,0,0,14848,23,1618800540
2634,59305480,61909708,121215188,2,0,1,13824,19,1241903994
2635,59334010,17443975,76777985,7,0,0,15360,20,1895860479
2636,59375460,62060836,121436296,3,0,1,285696,20,10148659551
2637,59387100,17860676,77247776,7,0,0,90112,20,3378603561
2638,59392320,62265663,121657983,3,0,1,38912,20,1243974860
2639,59397540,62260466,121658006,2,0,1,31744,19,2244369412
2640,59404000,18061449,77465449,9,0,0,409600,21,8272382952
2641,59464160,17588723,77052883,1,0,0,27648,23,8148247329
2642,59469050,17575386,77044436,6,0,0,1536,11,5516956258
2643,59524350,62133679,121658029,2,0,1,11264,19,5631985892
2644,59526780,62131272,121658052,6,0,1,512,11,7413449250
2645,59588699,17585433,77174132,3,0,0,9728,20,9848417340
2646,59590120,62067955,121658075,6,0,1,4608,11,4676708666
2647,59613500,17529371,77142871,6,0,0,1024,11,7011425139
2648,59632700,62074843,121707543,3,0,1,86016,20,9449767503
2649,59653220,62398911,122052131,3,0,1,192000,20,3076896759
2650,59657160,62423877,122081037,0,0,1,30208,13,6969725548
2651,59660250,62568367,122228617,0,0,1,68608,13,5565304497
2652,59686990,62650093,122337083,6,0,1,20992,11,4052505342
2653,59714570,17934327,77648897,6,0,0,2560,11,6363180075
2654,59715010,62863195,122578205,3,0,1,257536,20,10574025866
2655,59758720,62824311,122583031,2,0,1,7680,19,7616261577
2656,59835680,17850982,77686662,2,0,0,98304,19,5484597506
2657,59845700,17925828,77771528,1,0,0,90624,23,9000648191
2658,59852620,62820606,122673226,3,0,1,47104,20,8028994017
2659,59869840,18075946,77945786,1,0,0,120320,23,6507583910
2660,59871640,62804445,122676085,0,0,1,12288,13,7513815138
2661,59880810,18188481,78069291,9,0,0,63488,21,670518861
2662,59905499,18375213,78280712,3,0,0,178176,20,217828852
2663,59910160,63034094,122944254,2,0,1,31744,19,9827203210
2664,59913950,63030327,122944277,2,0,1,8704,19,1887727095
2665,59918620,18474743,78393363,2,0,0,50176,19,7345133767
2666,59920470,63270324,123190794,3,0,1,419840,20,7646026893
2667,59971929,18643967,78615896,3,0,0,128512,20,9336442496
2668,59980860,63209957,123190817,0,0,1,3584,13,4863823470
2669,60019980,18828104,78848084,2,0,0,209920,19,99607002
2670,60038990,18578824,78617814,6,0,0,6144,11,4598887421
2671,60042420,63148420,123190840,0,0,1,18432,13,8570347641
2672,60053270,63149316,123202586,1,0,1,71168,23,5960538272
2673,60073110,63129499,123202609,2,0,1,9728,19,3326701067
2674,60074540,19330319,79404859,7,0,0,634368,20,9701612788
2675,60087300,19318050,79405350,6,0,0,1536,11,4770159564
2676,60117360,63950615,124067975,3,0,1,215552,20,796416705
2677,60118210,18438011,78556221,1,0,0,5632,23,2837139720
2678,60124670,19281015,79405685,6,0,0,1024,11,5926169789
2679,60155130,19253373,79408503,7,0,0,2560,20,3940296118
2680,60183490,64049677,124233167,0,0,1,14336,13,3878020104
2681,60206170,64027020,124233190,1,0,1,5632,23,9279358031
2682,60229570,18981982,79211552,9,0,0,140288,21,10333633348
2683,60317410,64256147,124573557,3,0,1,226304,20,7835593074
2684,60325310,64497863,124823173,3,0,1,169984,20,10333608076
2685,60334700,19135124,79469824,6,0,0,1024,11,8020291757
2686,60430240,64426466,124856706,2,0,1,13312,19,4281587932
2687,60433720,18646731,79080451,2,0,0,6144,19,1271708600
2688,60439590,19385576,79825166,9,0,0,678912,21,8569987413
2689,60450040,64468531,124918571,1,0,1,7680,23,10041803111
2690,60467170,64457780,124924950,1,0,1,7680,23,10727576435
2691,60479180,64910662,125389842,3,0,1,270848,20,9273947221
2692,60493460,64912512,125405972,0,0,1,13824,13,3417110484
2693,60522680,18884997,79407677,6,0,0,5632,11,392243870
2694,60524710,64881285,125405995,1,0,1,11264,23,353463175
2695,60541400,64877548,125418948,0,0,1,46592,13,6060401594
2696,60545250,18885440,79430690,1,0,0,9728,23,822438997
2697,60556480,64993169,125549649,1,0,1,43008,23,10180923989
2698,60557350,64992322,125549672,2,0,1,12288,19,10128429766
2699,60558560,64991135,125549695,3,0,1,16384,20,7096977966
2700,60620290,19308974,79929264,7,0,0,341504,20,4243239149
2701,60638470,64911248,125549718,0,0,1,22528,13,471219239
2702,60651530,18847377,79498907,6,0,0,5120,11,1461347817
2703,60689970,65032636,125722606,7,0,1,199168,20,4020596533
2704,60730570,19413584,80144154,9,0,0,66048,21,5851550229
2705,60737240,65114128,125851368,0,0,1,51200,13,9727724143
2706,60740370,65111021,125851391,0,0,1,29696,13,931516196
2707,60745270,19301036,80046306,1,0,0,274944,23,5615245491
2708,60775840,19164904,79940744,4,0,0,32768,26,6417393355
2709,60808970,65163679,125972649,7,0,1,70144,20,3888156773
2710,60857430,19198727,80056157,1,0,0,32256,23,2402883653
2711,60871370,65101302,125972672,7,0,1,56832,20,2110380018
2712,60879320,65093375,125972695,2,0,1,2560,19,555189750
2713,60894270,65078456,125972726,0,0,1,69120,13,5362613088
2714,60904420,65068329,125972749,2,0,1,24576,19,5726073086
2715,60963130,65248410,126211540,7,0,1,351744,20,7400246726
2716,60985360,65652473,126637833,7,0,1,310272,20,5443503487
2717,60987359,19110161,80097520,3,0,0,135680,20,9965705159
2718,60999390,65773124,126772514,3,0,1,59904,20,7372816413
2719,61030460,19076154,80106614,7,0,0,28672,20,1827366597
2720,61059760,18870463,79930223,6,0,0,3072,11,9918733659
2721,61077260,65695277,126772537,0,0,1,1536,13,4040149415
2722,61086370,18844257,79930627,6,0,0,1024,11,220328412
2723,61113570,18984285,80097855,6,0,0,1024,11,3128437090
2724,61126690,65645870,126772560,0,0,1,33792,13,4283575988
2725,61139820,19099229,80239049,6,0,0,2048,11,2410080635
2726,61188140,19594344,80782484,1,0,0,272384,23,6623897154
2727,61230920,65567236,126798156,7,0,1,160768,20,3637403332
2728,61231620,65646098,126877718,3,0,1,154624,20,9911797823
2729,61243110,65634874,126877984,0,0,1,12800,13,4187392743
2730,61243730,19308588,80552318,2,0,0,67584,19,10301845985
2731,61245490,65725972,126971462,7,0,1,178176,20,9984630861
2732,61251390,65808728,127060118,4,0,1,230912,26,2545929993
2733,61274310,65836276,127110586,7,0,1,124416,20,9808061223
2734,61297759,18902533,80200292,3,0,0,39936,20,1249105533
2735,61317360,65806502,127123862,2,0,1,45568,19,3784742703
2736,61333970,18823236,80157206,2,0,0,38400,19,824471754
2737,61363569,19130246,80493815,3,0,0,211968,20,5707116932
2738,61413710,19108014,80521724,9,0,0,13824,21,6948475301
2739,61546970,18870899,80417869,9,0,0,48640,21,5328137016
2740,61547559,18855467,80403026,3,0,0,28672,20,167313096
2741,61560310,18936820,80497130,6,0,0,10752,11,3875305524
2742,61591750,19645204,81236954,9,0,0,110592,21,6894175401
2743,61658460,65611080,127269540,3,0,1,204800,20,3413156604
2744,61677140,65698968,127376108,7,0,1,167424,20,9941794213
2745,61692710,18805731,80498441,6,0,0,3072,11,9791581594
2746,61704479,19414369,81118848,3,0,0,562688,20,5012019056
2747,61709860,65869211,127579071,3,0,1,236544,20,748797284
2748,61785189,19741483,81526672,3,0,0,377856,20,6831212105
2749,61823180,65755914,127579094,1,0,1,5632,23,2718300524
2750,61857170,19447050,81304220,9,0,0,4096,21,4683445017
2751,61862340,18781361,80643701,6,0,0,2048,11,7008505198
2752,61887680,65701822,127589502,1,0,1,33280,23,2607464302
2753,61892830,18663567,80556397,9,0,0,13312,21,7105392224
2754,61915940,65759896,127675836,3,0,1,152576,20,1709084500
2755,61940710,19736313,81677023,9,0,0,189952,21,9686768783
2756,61942820,19260415,81203235,2,0,0,108544,19,10041506994
2757,61956710,66096585,128053295,7,0,1,388096,20,5360599401
2758,61987370,66082470,128069840,7,0,1,148992,20,1995285082
2759,61999089,19583953,81583042,3,0,0,74752,20,8535375720
2760,62046640,66037835,128084475,2,0,1,10752,19,7523931530
2761,62075969,19764561,81840530,3,0,0,380928,20,1600991634
2762,62130210,19430025,81560235,2,0,0,110080,19,3221034358
2763,62133850,66116741,128250591,7,0,1,371200,20,2289642947
2764,62134460,66132633,128267093,7,0,1,42496,20,360328187
2765,62162620,19454453,81617073,7,0,0,111616,20,3255087706
2766,62162990,66110555,128273545,1,0,1,10240,23,3732407507
2767,62165119,66109706,128274825,9,0,1,14336,21,7587522545
2768,62173690,19831558,82005248,2,0,0,360448,19,7972381786
2769,62196990,19422134,81619124,6,0,0,6656,11,19428816
2770,62244290,19651065,81895355,9,0,0,179712,21,7343904167
2771,62248220,19463425,81711645,9,0,0,94208,21,3964916503
2772,62284330,65991481,128275811,6,0,1,1536,11,7780388638
2773,62286820,19791194,82078014,9,0,0,238592,21,3718689527
2774,62290369,19392293,81682662,3,0,0,18432,20,3006642742
2775,62376400,19348043,81724443,9,0,0,38912,21,7479952170
2776,62405270,65871412,128276682,1,0,1,12288,23,6653147555
2777,62415639,65895168,128310807,9,0,1,51200,21,782454976
2778,62426300,19707966,82134266,2,0,0,131072,19,5430600904
2779,62463460,19219381,81682841,6,0,0,512,11,1063522450
2780,62497950,19214544,81712494,9,0,0,2560,21,8827953464
2781,62500889,65813605,128314494,9,0,1,15360,21,8326851976
2782,62507330,65890837,128398167,3,0,1,79872,20,4079111533
2783,62508139,65890051,128398190,9,0,1,5120,21,4518929352
2784,62512609,19581698,82094307,3,0,0,34304,20,7924030849
2785,62529760,19549993,82079753,2,0,0,5632,19,1385961901
2786,62541890,66914573,129456463,7,0,1,658432,20,1842818856
2787,62542130,19600193,82142323,2,0,0,17408,19,7436998840
2788,62622500,66833986,129456486,3,0,1,33792,20,8320568644
2789,62637460,19446372,82083832,1,0,0,13312,23,853387777
2790,62666620,66973608,129640228,3,0,1,305152,20,3876756196
2791,62671490,67080090,129751580,4,0,1,213504,26,6888090787
2792,62690510,19580075,82270585,1,0,0,250880,23,7777271062
2793,62707630,19582478,82290108,2,0,0,64000,19,3303180720
2794,62709700,67361141,130070841,4,0,1,533504,26,580555778
2795,62721570,19641709,82363279,7,0,0,95232,20,5888136279
2796,62725240,19411756,82136996,6,0,0,8704,11,8241439021
2797,62738300,19570287,82308587,6,0,0,9216,11,4935036031
2798,62739120,67332707,130071827,1,0,1,1536,23,2331037725
2799,62769190,67327883,130097073,4,0,1,80896,26,8642526252
2800,62771240,19540669,82311909,6,0,0,1536,11,7930762883
2801,62796230,67720557,130516787,7,0,1,997376,20,202647747
2802,62797730,67933597,130731327,4,0,1,535552,26,6053502031
2803,62800739,20150942,82951681,3,0,0,223232,20,2144401995
2804,62815560,19495858,82311418,7,0,0,9216,20,7598916955
2805,62829560,67928114,130757674,3,0,1,83968,20,6748758281
2806,62831930,20621730,83453660,2,0,0,747520,19,494815208
2807,62882540,19629291,82511831,2,0,0,33792,19,4329248362
2808,62903890,67858767,130762657,3,0,1,512,20,9013480421
2809,62906849,20057803,82964652,3,0,0,42496,20,7323437483
2810,62938300,67832524,130770824,1,0,1,23552,23,8929612949
2811,62979390,67868104,130847494,4,0,1,231424,26,6136196277
2812,63002320,20535360,83537680,1,0,0,190976,23,5132336087
2813,63006509,67855362,130861871,9,0,1,4608,21,4809055717
2814,63025600,67853759,130879359,4,0,1,53248,26,6543965274
2815,63065480,67819780,130885260,1,0,1,19968,23,10690390548
2816,63107060,20483730,83590790,9,0,0,161792,21,3414991566
2817,63109840,67877449,130987289,4,0,1,263168,26,6092487684
2818,63133659,67866060,130999719,9,0,1,20480,21,1946441277
2819,63189400,67815465,131004865,4,0,1,8192,26,7572840637
2820,63189770,20351677,83541447,1,0,0,12288,23,3585552358
2821,63198120,20557853,83755973,1,0,0,336384,23,2554515909
2822,63228999,20602496,83831495,3,0,0,23552,20,2203460275
2823,63257140,67756532,131013672,3,0,1,24576,20,4740925175
2824,63273240,67807425,131080665,7,0,1,129536,20,1093710002
2825,63315329,20164140,83479469,3,0,0,84480,20,1176227881
2826,63349520,68177458,131526978,5,0,1,547328,15,3890024369
2827,63373650,19844621,83218271,6,0,0,1024,11,9207106827
2828,63375070,68183874,131558944,0,0,1,47616,13,2569052773
2829,63426420,68153077,131579497,1,0,1,21504,23,10227989757
2830,63427560,68158914,131586474,1,0,1,33280,23,3135740952
2831,63432330,68219710,131652040,1,0,1,20480,23,7734361099
2832,63434260,20758790,84193050,2,0,0,614912,19,10242965606
2833,63445570,68206493,131652063,1,0,1,15872,23,8494531129
2834,63468580,68183506,131652086,0,0,1,8192,13,319910104
2835,63484040,20348414,83832454,6,0,0,3072,11,7060688453
2836,63492010,68239081,131731091,4,0,1,171520,26,4136512351
2837,63497749,68233365,131731114,9,0,1,15872,21,1061657451
2838,63499210,20752675,84251885,2,0,0,193024,19,9832732223
2839,63520470,20731906,84252376,6,0,0,1536,11,7653669410
2840,63521309,68209828,131731137,9,0,1,2560,21,8071474060
2841,63547950,21556049,85103999,2,0,0,236032,19,4822653976
2842,63576710,21049396,84626106,1,0,0,3584,23,10058113617
2843,63608390,21272251,84880641,6,0,0,22016,11,922061241
2844,63614050,21259860,84873910,1,0,0,18944,23,6127746850
2845,63619339,68111821,131731160,9,0,1,12288,21,3777835787
2846,63623939,21514604,85138543,3,0,0,81408,20,671345292
2847,63629060,21238894,84867954,1,0,0,497664,23,10147365487
2848,63635819,68095364,131731183,9,0,1,1024,21,2165637257
2849,63641160,68090046,131731206,0,0,1,3072,13,5333114062
2850,63643710,68381864,132025574,5,0,1,475136,15,8007045214
2851,63674000,21281255,84955255,6,0,0,4608,11,9715094468
2852,63677919,68355127,132033046,9,0,1,23552,21,10638801962
2853,63685630,21301737,84987367,9,0,0,39424,21,4935990911
2854,63685770,68363323,132049093,0,0,1,22528,13,634304591
2855,63688049,22227856,85915905,3,0,0,177152,20,8527720219
2856,63690750,68428598,132119348,0,0,1,12800,13,8967825544
2857,63725870,68393501,132119371,0,0,1,6656,13,6134100927
2858,63732460,68485566,132218026,1,0,1,43520,23,8425426280
2859,63744660,21369016,85113676,1,0,0,31232,23,1981288750
2860,63769260,68449752,132219012,1,0,1,1536,23,5253670067
2861,63784700,68449365,132234065,5,0,1,37888,15,5538151437
2862,63801650,21898409,85700059,9,0,0,97280,21,1742797566
2863,63806970,68476655,132283625,6,0,1,31232,11,9808489168
2864,63817990,68554473,132372463,6,0,1,22016,11,2545144272
2865,63837400,68535086,132372486,6,0,1,17408,11,10337573647
2866,63839740,68532769,132372509,0,0,1,6656,13,6591031171
2867,63843860,68833195,132677055,7,0,1,204288,20,2923074378
2868,63886140,68790938,132677078,1,0,1,4608,23,5807697513
2869,63904630,68772471,132677101,1,0,1,4096,23,1059620909
2870,63906869,21955037,85861906,3,0,0,5632,20,6145576663
2871,63912600,69037784,132950384,5,0,1,221696,15,10422484088
2872,63918690,69079487,132998177,5,0,1,17408,15,8685839043
2873,63939820,69058380,132998200,3,0,1,10752,20,6062158939
2874,63971200,69027023,132998223,1,0,1,1536,23,1962060299
2875,63980990,22286805,86267795,7,0,0,120320,20,6713414138
2876,64033000,22424924,86457924,1,0,0,98304,23,3435474110
2877,64044810,22109629,86154439,7,0,0,482304,20,7754660445
2878,64064789,21795378,85860167,3,0,0,247296,20,100144248
2879,64106300,22274433,86380733,2,0,0,146432,19,4400572788
2880,64111980,69288873,133400853,4,0,1,436224,26,7331399384
2881,64112650,69380007,133492657,6,0,1,70656,11,1393652533
2882,64128850,69390825,133519675,0,0,1,8192,13,6549312837
2883,64129220,69397960,133527180,1,0,1,7168,23,2517697014
2884,64138929,21514118,85653047,3,0,0,23040,20,10363151753
2885,64140239,21794721,85934960,3,0,0,62464,20,9388292524
2886,64143440,69403106,133546546,4,0,1,48128,26,5109006644
2887,64153180,69399008,133552188,6,0,1,5632,11,5071212178
2888,64171250,22563952,86735202,9,0,0,457728,21,3827612335
2889,64174270,22032148,86206418,1,0,0,114688,23,9686837221
2890,64180460,69382120,133562580,1,0,1,15872,23,6837740487
2891,64198930,69367836,133566766,6,0,1,6656,11,4658068669
2892,64219480,69352049,133571529,5,0,1,6144,15,3146074127
2893,64225030,22005279,86230309,7,0,0,78336,20,1663452751
2894,64234520,69495114,133729634,4,0,1,155648,26,9425348061
2895,64297520,21870046,86167566,9,0,0,43008,21,5773378383
2896,64297950,69449050,133747000,4,0,1,8192,26,7040670542
2897,64312940,69434214,133747154,1,0,1,8704,23,1953996736
2898,64314569,22539895,86854464,3,0,0,137216,20,9648832198
2899,64316739,69444037,133760776,9,0,1,16896,21,8771195873
2900,64338120,22855300,87193420,9,0,0,291328,21,7989631626
2901,64346190,69416532,133762722,6,0,1,25600,11,10012099044
2902,64388420,22619242,87007662,1,0,0,240640,23,795125328
2903,64446670,21784442,86231112,6,0,0,2560,11,7718233240
2904,64452890,69477316,133930206,4,0,1,160768,26,4131074723
2905,64479360,69546129,134025489,1,0,1,88576,23,9956031363
2906,64490370,69572613,134062983,4,0,1,109568,26,6985678929
2907,64490479,22286003,86776482,3,0,0,46080,20,8124139253
2908,64494630,22785017,87279647,1,0,0,186368,23,2641009446
2909,64519520,21861548,86381068,6,0,0,1024,11,7632023524
2910,64532410,69530596,134063006,0,0,1,1536,13,5513107367
2911,64566250,69936464,134502714,4,0,1,412160,26,2643956094
2912,64574080,69986667,134560747,1,0,1,29184,23,8273036329
2913,64586400,23098343,87684743,6,0,0,293888,11,3905092285
2914,64600340,22622500,87222840,6,0,0,96256,11,8058134577
2915,64620760,23101602,87722362,1,0,0,123392,23,2261696690
2916,64667620,22926588,87594208,9,0,0,296960,21,5895068074
2917,64692090,22811615,87503705,3,0,0,411648,20,2276034958
2918,64692890,69954510,134647400,1,0,1,37888,23,8347215399
2919,64712120,69976743,134688863,6,0,1,47104,11,7666060982
2920,64714529,70036018,134750547,9,0,1,45056,21,9090105634
2921,64770030,69992651,134762681,0,0,1,29184,13,9115745198
2922,64785610,23059443,87845053,2,0,0,62976,19,2892720209
2923,64861210,69917396,134778606,6,0,1,13824,11,2672143563
2924,64885340,69898921,134784261,6,0,1,24576,11,6342711397
2925,64911120,69874767,134785887,6,0,1,2560,11,10734850756
2926,64926980,23255921,88182901,2,0,0,65536,19,7146408567
2927,64956790,69829558,134786348,6,0,1,10240,11,6203438684
2928,64958270,69830024,134788294,6,0,1,3072,11,2896572284
2929,64969060,69868575,134837635,1,0,1,47104,23,3111967468
2930,65028330,22752867,87781197,1,0,0,193024,23,7909508871
2931,65055920,23205496,88261416,9,0,0,199680,21,10343221560
2932,65157570,23287126,88444696,7,0,0,155648,20,1918290785
2933,65162880,23477473,88640353,1,0,0,442368,23,6559930997
2934,65171990,23823844,88995834,1,0,0,68096,23,4439767688
2935,65198070,23658123,88856193,2,0,0,414720,19,3845991583
2936,65205850,23748076,88953926,6,0,0,90624,11,2946323683
2937,65224170,23501405,88725575,1,0,0,279552,23,3057420718
2938,65273350,22918347,88191697,6,0,0,8704,11,8268064935
2939,65273860,22815662,88089522,7,0,0,49664,20,6557667618
2940,65305870,22519406,87825276,6,0,0,3584,11,4396296167
2941,65337380,23673929,89011309,7,0,0,50688,20,3942737204
2942,65386810,23010439,88397249,9,0,0,50688,21,5348201770
2943,65390450,22635724,88026174,6,0,0,3072,11,9486898514
2944,65412880,69425626,134838506,6,0,1,12288,11,4407535423
2945,65495740,23672784,89168524,1,0,0,118784,23,7764532936
2946,65594610,22339498,87934108,2,0,0,5120,19,8812622540
2947,65652520,22701349,88353869,9,0,0,69632,21,9274133103
2948,65675980,69262080,134938060,6,0,1,44032,11,6249101649
2949,65685680,23240603,88926283,7,0,0,215040,20,3166963113
2950,65690690,23283726,88974416,9,0,0,66048,21,7028650537
2951,65697030,69304740,135001770,6,0,1,12800,11,524494362
2952,65729190,23509509,89238699,1,0,0,151040,23,7127296730
2953,65747200,23445371,89192571,1,0,0,78848,23,8780082327
2954,65779770,23287597,89067367,1,0,0,77824,23,3285012942
2955,65833489,69168304,135001793,8,0,1,15360,14,2145088348
2956,65849580,23613051,89462631,7,0,0,259584,20,9429530559
2957,65854050,23121013,88975063,6,0,0,2048,11,5095723331
2958,65857550,23253832,89111382,1,0,0,144384,23,8832424534
2959,65870690,22859120,88729810,6,0,0,13824,11,4402406623
2960,65888720,69113096,135001816,6,0,1,41984,11,2577958920
2961,65916280,22944460,88860740,2,0,0,14848,19,1992333774
2962,66029320,23014304,89043624,1,0,0,105984,23,10392717316
2963,66066540,22887729,88954269,6,0,0,1024,11,8825058896
2964,66069750,69116858,135186608,4,0,1,93184,26,5394777947
2965,66091990,23040319,89132309,9,0,0,68608,21,942301634
2966,66130700,69550695,135681395,4,0,1,408064,26,6765306061
2967,66132670,23440547,89573217,9,0,0,87040,21,483118167
2968,66173810,23694017,89867827,2,0,0,62976,19,7853802260
2969,66228510,69469638,135698148,3,0,1,28672,20,7863026544
2970,66266700,69885365,136152065,4,0,1,460288,26,9786029967
2971,66288900,23075199,89364099,7,0,0,164352,20,1318945368
2972,66326090,69992311,136318401,4,0,1,343552,26,5635003233
2973,66376250,23837767,90214017,6,0,0,3072,11,928204939
2974,66417890,23750623,90168513,2,0,0,176128,19,10253658192
2975,66466950,70083742,136550692,4,0,1,472064,26,8097653006
2976,66491380,23567255,90058635,2,0,0,270336,19,6706903425
2977,66496550,23333791,89830341,2,0,0,137216,19,10179343355
2978,66498120,70123046,136621166,4,0,1,199168,26,8549670879
2979,66499650,23563220,90062870,1,0,0,13824,23,4467564773
2980,66542290,23420286,89962576,2,0,0,11264,19,4799500249
2981,66668980,23544062,90213042,2,0,0,143872,19,6742733143
2982,66681920,23277201,89959121,2,0,0,110592,19,5806010330
2983,66704050,23788173,90492223,9,0,0,335872,21,10529659122
2984,66713070,23831638,90544708,7,0,0,115712,20,9012329557
2985,66785650,23304291,90089941,6,0,0,7680,11,4509690868
2986,66795240,23373764,90169004,6,0,0,1536,11,10555613741
2987,66798200,70062479,136860679,7,0,1,403456,20,9716352124
2988,66827850,23562014,90389864,1,0,0,184832,23,6911875573
2989,66863770,69998535,136862305,7,0,1,2560,20,4316963600
2990,66891960,23340427,90232387,9,0,0,45568,21,6709946548
2991,66912710,23590932,90503642,2,0,0,37376,19,7438242051
2992,66941140,24090924,91032064,2,0,0,64512,19,10267827102
2993,66962490,23371035,90333525,2,0,0,39936,19,1643528088
2994,67035710,24211971,91247681,1,0,0,65024,23,717775662
2995,67087470,22761146,89848616,9,0,0,59904,21,1955396933
2996,67197320,23866302,91063622,9,0,0,103424,21,4566977731
2997,67219520,24128301,91347821,9,0,0,40960,21,8070151052
2998,67221720,23721316,90943036,1,0,0,446976,23,6972591893
2999,67244950,23729465,90974415,1,0,0,102912,23,1561463436
3000,67258350,22910833,90169183,6,0,0,512,11,4708997259
3001,67343680,24301087,91644767,9,0,0,303616,21,4765448082
3002,67367390,23818482,91185872,6,0,0,2048,11,3965570179
3003,67500770,24475872,91976642,2,0,0,261120,19,6236077463
3004,67538550,23473796,91012346,2,0,0,124416,19,9486562709
3005,67541290,69333612,136874902,7,0,1,28160,20,3949340371
3006,67554810,69321398,136876208,2,0,1,2048,19,6625157867
3007,67568290,23221591,90789881,7,0,0,45056,20,3156702857
3008,67571750,24415234,91986984,7,0,0,30720,20,6454264404
3009,67597380,69288199,136885579,2,0,1,23040,19,8442660380
3010,67608060,23771566,91379626,1,0,0,12288,23,3543977974
3011,67612010,69290422,136902432,2,0,1,4608,19,10631163730
3012,67620590,24203100,91823690,1,0,0,4096,23,4801125729
3013,67651110,69251988,136903098,7,0,1,1024,20,1987993270
3014,67676130,69240236,136916366,2,0,1,41984,19,4445809964
3015,67773270,69179691,136952961,7,0,1,2560,20,3734851389
3016,67822700,69231166,137053866,4,0,1,124416,26,1310565285
3017,67824970,69228919,137053889,2,0,1,11776,19,1841493683
3018,67825810,23726336,91552146,9,0,0,146944,21,4769099804
3019,67828200,69400026,137228226,7,0,1,143360,20,2439676040
3020,67863920,24413638,92277558,1,0,0,295424,23,9232215564
3021,67883810,69602487,137486297,4,0,1,88576,26,9080543915
3022,67914730,69571590,137486320,7,0,1,1536,20,3739249535
3023,67935290,69551053,137486343,2,0,1,20992,19,7956860902
3024,67962320,69524046,137486366,3,0,1,27136,20,10412328365
3025,68039030,23066390,91105420,7,0,0,4608,20,8038037478
3026,68103380,23217152,91320532,2,0,0,126976,19,2583352880
3027,68113120,69373269,137486389,7,0,1,47616,20,96413450
3028,68163760,69675187,137838947,4,0,1,474112,26,5218344907
3029,68164810,69684533,137849343,2,0,1,16384,19,360707684
3030,68174910,69676059,137850969,7,0,1,2560,20,4704683110
3031,68181690,24310446,92492136,2,0,0,476160,19,7488361327
3032,68205130,69658777,137863907,2,0,1,26624,19,2638886615
3033,68266870,23510330,91777200,9,0,0,58368,21,6685661082
3034,68276840,69643770,137920610,4,0,1,65024,26,4075946217
3035,68284260,69797202,138081462,4,0,1,413184,26,3532583508
3036,68357490,23317096,91674586,9,0,0,97792,21,3471218244
3037,68361850,69813268,138175118,4,0,1,170496,26,8237785148
3038,68382620,24136371,92518991,9,0,0,88064,21,7550073295
3039,68434830,69743834,138178664,3,0,1,5632,20,358744767
3040,68478460,69701024,138179484,2,0,1,19968,19,869348812
3041,68484600,23205063,91689663,2,0,0,3072,19,2268352350
3042,68534000,69711073,138245073,4,0,1,152576,26,3441349311
3043,68535110,69713535,138248645,4,0,1,5632,26,1536150300
3044,68535880,24152400,92688280,7,0,0,526848,20,6053522853
3045,68540900,23327441,91868341,6,0,0,512,11,9133820198
3046,68592170,24124134,92716304,7,0,0,90112,20,428197586
3047,68614490,69634616,138249106,3,0,1,10240,20,1276827820
3048,68659050,23318551,91977601,6,0,0,3072,11,9847679042
3049,68665760,24072875,92738635,9,0,0,73216,21,5363500240
3050,68705670,23431713,92137383,1,0,0,173056,23,6680278934
3051,68743910,24085361,92829271,1,0,0,40960,23,5014725960
3052,68764960,69488896,138253856,4,0,1,17408,26,4106479825
3053,68765710,69613649,138379359,4,0,1,90112,26,1886264258
3054,68790530,69595848,138386378,0,0,1,23552,13,6534846564
3055,68802320,23946166,92748486,9,0,0,32256,21,1165070040
3056,68820150,24388688,93208838,2,0,0,244224,19,3234036632
3057,68824460,23517303,92341763,9,0,0,95744,21,10352563604
3058,68829090,69561794,138390884,3,0,1,7168,20,1376947746
3059,68836160,69558859,138395019,0,0,1,10752,13,8407175055
3060,68839740,69567324,138407064,0,0,1,7680,13,482391191
3061,68841760,23847057,92688817,6,0,0,1536,11,3107336249
3062,68877370,24180992,93058362,2,0,0,362496,19,7798516497
3063,68900290,69842233,138742523,4,0,1,210432,26,3486791660
3064,68908290,24226067,93134357,1,0,0,249344,23,8119622586
3065,68982360,69768103,138750463,3,0,1,6144,20,1812689651
3066,69055109,69720298,138775407,9,0,1,37888,21,762239845
3067,69061490,69724687,138786177,3,0,1,14336,20,10716370118
3068,69069790,24590895,93660685,2,0,0,164864,19,1973248189
3069,69096610,69689913,138786523,7,0,1,512,20,5916962446
3070,69099560,69688141,138787701,3,0,1,13824,20,6122119149
3071,69128380,24087836,93216216,1,0,0,24064,23,6951296197
3072,69141300,69662240,138803540,4,0,1,18944,26,4143538826
3073,69144780,69660348,138805128,3,0,1,15872,20,5707792300
3074,69145980,69680636,138826616,0,0,1,22528,13,10558267738
3075,69165170,24135302,93300472,1,0,0,91648,23,9040392007
3076,69166879,69705243,138872122,9,0,1,4096,21,1193064202
3077,69178040,24303564,93481604,9,0,0,59392,21,9450069174
3078,69178380,24645367,93823747,7,0,0,144384,20,6207732905
3079,69225779,69658163,138883942,9,0,1,54272,21,4525113422
3080,69230880,24618474,93849354,2,0,0,83968,19,1023957295
3081,69279850,24451370,93731220,9,0,0,231424,21,9786096152
3082,69283680,69612033,138895713,7,0,1,18944,20,4071371998
3083,69284010,69641917,138925927,0,0,1,66560,13,7483450656
3084,69286380,69657681,138944061,7,0,1,41984,20,3401714913
3085,69291600,69886168,139177768,4,0,1,233472,26,9791293087
3086,69353230,69829732,139182962,7,0,1,15872,20,522740075
3087,69363910,69846041,139209951,4,0,1,71680,26,6815159271
3088,69376639,69844299,139220938,9,0,1,3072,21,9185763800
3089,69427379,69799972,139227351,9,0,1,22528,21,8134416394
3090,69444690,24604264,94048954,7,0,0,97280,20,10010154895
3091,69452350,69986868,139439218,3,0,1,1024,20,6662942265
3092,69501650,69937591,139439241,3,0,1,3072,20,2146693110
3093,69525660,25197897,94723557,2,0,0,525824,19,7644048244
3094,69559930,24612260,94172190,7,0,0,89088,20,8624979218
3095,69583840,24168275,93752115,1,0,0,62464,23,5755483889
3096,69590780,69880643,139471423,3,0,1,113664,20,6390428149
3097,69599820,69998548,139598368,4,0,1,155648,26,3794054848
3098,69616740,24898644,94515384,9,0,0,558080,21,4060703864
3099,69633840,70004802,139638642,7,0,1,10752,20,9992028130
3100,69637060,70002888,139639948,7,0,1,2048,20,835478784
3101,69640480,24445563,94086043,1,0,0,19968,23,6827567807
3102,69674710,25130527,94805237,1,0,0,267776,23,3435019704
3103,69727900,25165092,94892992,2,0,0,157184,19,905201733
3104,69755800,25089223,94845023,7,0,0,130048,20,4738632709
3105,69785170,25169325,94954495,7,0,0,201728,20,10620416760
3106,69832579,69906646,139739225,9,0,1,25600,21,8138610136
3107,69901950,24377575,94279525,9,0,0,33792,21,2123038890
3108,69906140,25107213,95013353,7,0,0,182272,20,10328421550
3109,69926370,69816325,139742695,7,0,1,15360,20,5215313673
3110,69927910,69816168,139744078,7,0,1,14848,20,8648306235
3111,69966680,69820030,139786710,3,0,1,17920,20,1624124584
3112,69970740,25181401,95152141,2,0,0,173568,19,5306141575
3113,70051220,69736796,139788016,7,0,1,2048,20,6970131972
3114,70134189,69659935,139794124,9,0,1,36864,21,1299577131
3115,70180970,69891622,140072592,7,0,1,73728,20,10233128132
3116,70206600,24751194,94957794,2,0,0,10752,19,309279824
3117,70215040,25295492,95510532,2,0,0,79872,19,2002462780
3118,70240500,25012852,95253352,9,0,0,317440,21,3526110205
3119,70254040,25063434,95317474,2,0,0,7168,19,1160769451
3120,70266590,25199428,95466018,9,0,0,139264,21,8858903456
3121,70289620,25025647,95315267,7,0,0,82432,20,5672841691
3122,70292409,69791640,140084049,9,0,1,24064,21,6707712947
3123,70337300,24922627,95259927,2,0,0,21504,19,5537579853
3124,70402839,69681233,140084072,9,0,1,7168,21,10244011539
3125,70458000,69626095,140084095,7,0,1,53248,20,10402211242
3126,70535250,25140123,95675373,9,0,0,53248,21,4436436187
3127,70576920,69507198,140084118,7,0,1,14848,20,7348961065
3128,70584969,69512450,140097419,9,0,1,56320,21,5292568364
3129,70596130,24890035,95486165,7,0,0,66048,20,7991179504
3130,70617090,25355097,95972187,2,0,0,377856,19,9726844420
3131,70655700,25378470,96034170,1,0,0,202752,23,4800449310
3132,70705129,69399853,140104982,9,0,1,1024,21,10012836160
3133,70768210,69552567,140320777,7,0,1,106496,20,4453125670
3134,70798860,69521940,140320800,7,0,1,16384,20,8298488247
3135,70809650,25033148,95842798,1,0,0,52224,23,3507598754
3136,70816250,69581922,140398172,4,0,1,66560,26,8648625596
3137,70836370,25291330,96127700,7,0,0,306688,20,2429420205
3138,70858009,69542519,140400528,8,0,1,27648,14,44208132
3139,70877789,69523405,140401194,9,0,1,1024,21,3683198990
3140,70905070,69502267,140407337,7,0,1,8192,20,6821964410
3141,70924789,69526296,140451085,9,0,1,41472,21,5966943459
3142,70927480,25420908,96348388,1,0,0,46592,23,2911300756
3143,70933140,25818219,96751359,2,0,0,230400,19,8287837051
3144,70968570,25883744,96852314,2,0,0,331264,19,3729151814
3145,71005460,25178713,96184173,7,0,0,109568,20,3682145768
3146,71027140,26433951,97461091,7,0,0,39936,20,7471946411
3147,71071009,69403785,140474794,9,0,1,47616,21,4553994403
3148,71120519,69400791,140521310,9,0,1,33792,21,8129992991
3149,71140290,69954526,141094816,7,0,1,339456,20,10733150587
3150,71143560,25398449,96542009,9,0,0,176640,21,4046591861
3151,71155920,70266781,141422701,7,0,1,450048,20,1071633958
3152,71241400,26184355,97425755,7,0,0,501760,20,8759386260
3153,71280180,70227630,141507810,4,0,1,121856,26,4574859043
3154,71301950,25913009,97214959,9,0,0,106496,21,9727161102
3155,71333180,70267511,141600691,4,0,1,243712,26,4975864541
3156,71346390,25527997,96874387,1,0,0,72192,23,1342743570
3157,71354030,70249761,141603791,0,0,1,50688,13,322731216
3158,71354439,70261529,141615968,9,0,1,7168,21,696964117
3159,71378040,70290260,141668300,4,0,1,106496,26,6480451261
3160,71399859,70273267,141673126,9,0,1,7680,21,4538639418
3161,71447760,25654312,97102072,9,0,0,48128,21,3977280835
3162,71470069,70204440,141674509,9,0,1,14848,21,9196471732
3163,71491100,25596285,97087385,9,0,0,204288,21,10035232318
3164,71504370,25636628,97140998,7,0,0,106496,20,2741363413
3165,71533050,70221078,141754128,4,0,1,126976,26,331920229
3166,71549800,70212763,141762563,5,0,1,27136,15,7162363111
3167,71560660,70323469,141884129,5,0,1,151040,15,1123771929
3168,71562560,70349819,141912379,4,0,1,88064,26,9467367034
3169,71566500,25706352,97272852,9,0,0,81920,21,4548368365
3170,71586380,25951692,97538072,7,0,0,238080,20,10660255231
3171,71588940,70454489,142043429,4,0,1,253952,26,1897302951
3172,71591880,26074841,97666721,2,0,0,99840,19,5800724124
3173,71618580,25808142,97426722,5,0,0,3072,15,2374553577
3174,71622760,70578196,142200956,7,0,1,236544,20,8607928819
3175,71633870,70581733,142215603,7,0,1,14336,20,2662261804
3176,71636600,25808476,97445076,1,0,0,7168,23,4655942208
3177,71653670,70564596,142218266,4,0,1,29184,26,9156471774
3178,71688410,26065928,97754338,9,0,0,213504,21,6725678411
3179,71766480,70570070,142336550,4,0,1,227328,26,1268038849
3180,71766980,70621290,142388270,7,0,1,105472,20,4261995480
3181,71786480,26744298,98530778,1,0,0,162304,23,7512829717
3182,71834300,26416865,98251165,2,0,0,237568,19,10032567660
3183,71869300,26586887,98456187,2,0,0,421888,19,1193849655
3184,71883120,26243186,98126306,9,0,0,55808,21,4293942054
3185,71892850,70617281,142510131,5,0,1,281088,15,627078226
3186,71925020,26331853,98256873,7,0,0,18432,20,497443657
3187,71984450,70581868,142566318,5,0,1,94720,15,5226679592
3188,71994010,70795450,142789460,4,0,1,476672,26,670026843
3189,71995850,70926603,142922453,7,0,1,279552,20,2361592836
3190,72000340,26633869,98634209,9,0,0,125952,21,10180071828
3191,72047230,26434073,98481303,9,0,0,81920,21,3506691934
3192,72119720,70820195,142939915,1,0,1,44032,23,8573687983
3193,72142940,70889465,143032405,7,0,1,210944,20,5389656828
3194,72162980,70958982,143121962,7,0,1,235520,20,5871154304
3195,72188940,71047850,143236790,4,0,1,275968,26,5348230303
3196,72199160,71063484,143262644,4,0,1,61952,26,1564513138
3197,72203770,26392040,98595810,2,0,0,77312,19,1851896204
3198,72258280,27181492,99439772,7,0,0,57856,20,1797449167
3199,72262650,71055012,143317662,7,0,1,137216,20,5668981502
3200,72280510,71192215,143472725,5,0,1,223232,15,2085452745
3201,72294609,71178139,143472748,8,0,1,6656,14,5709446108
3202,72382140,26926572,99308712,2,0,0,148992,19,3573968086
3203,72388280,71201245,143589525,7,0,1,282624,20,9041450488
3204,72399300,71191301,143590601,4,0,1,13312,26,8670982264
3205,72468370,71171433,143639803,5,0,1,122368,15,5155380219
3206,72469660,71175635,143645295,1,0,1,17920,23,1524581869
3207,72514820,27326304,99841124,2,0,0,142848,19,5000656748
3208,72524650,27137202,99661852,7,0,0,301056,20,9067588116
3209,72541180,26809675,99350855,7,0,0,138240,20,121760833
3210,72545250,27644460,100189710,2,0,0,791552,19,8400689455
3211,72578410,71070431,143648841,6,0,1,5632,11,6845114716
3212,72579320,71102737,143682057,7,0,1,91136,20,2529163807
3213,72593910,71106889,143700799,6,0,1,46080,11,8267946830
3214,72598760,27165139,99763899,7,0,0,334848,20,4140443753
3215,72611570,71166978,143778548,7,0,1,198144,20,9749001058
3216,72636580,71155995,143792575,4,0,1,7168,26,3756950777
3217,72636760,27160725,99797485,7,0,0,110080,20,4776603480
3218,72653110,27685944,100339054,2,0,0,434176,19,4745439946
3219,72654770,27195099,99849869,9,0,0,25088,21,8540475178
3220,72675139,71122262,143797401,8,0,1,7680,14,8063980438
3221,72738160,27669163,100407323,7,0,0,223232,20,6816463799
3222,72820800,70996061,143816861,6,0,1,64512,11,2601636628
3223,72846030,71096657,143942687,7,0,1,336384,20,10580883266
3224,72887560,27319106,100206666,9,0,0,55296,21,5184822981
3225,72889120,71171957,144061077,7,0,1,306176,20,3512514326
3226,72906080,71155253,144061333,4,0,1,9216,26,8457856600
3227,72910380,71197810,144108190,7,0,1,91648,20,3714269008
3228,72914110,71195360,144109470,4,0,1,14336,26,3044818637
3229,72941640,71174140,144115780,4,0,1,16384,26,3142155783
3230,72959439,71161487,144120926,9,0,1,8192,21,9250586593
3231,72977680,71149957,144127637,6,0,1,2560,11,10198349494
3232,73061840,27413541,100475381,2,0,0,123904,19,3780681394
3233,73083640,71044151,144127791,4,0,1,8704,26,8153654605
3234,73085740,27330833,100416573,2,0,0,30208,19,8339089752
3235,73092950,71046863,144139813,4,0,1,35328,26,10603188440
3236,73121489,71023823,144145312,8,0,1,9216,14,9427886845
3237,73215870,27203449,100419319,2,0,0,8704,19,5188225431
3238,73243950,70903948,144147898,6,0,1,4096,11,473754523
3239,73279890,27703176,100983066,2,0,0,442880,19,1597184164
3240,73304730,70845114,144149844,6,0,1,3072,11,1113911842
3241,73327359,70825865,144153224,8,0,1,1024,14,5156328252
3242,73327540,70832200,144159740,6,0,1,23040,11,4469848034
3243,73352770,70841519,144194289,7,0,1,60416,20,6705129318
3244,73355439,70852124,144207563,8,0,1,26112,14,4106947531
3245,73359020,70874753,144233773,7,0,1,42496,20,493791300
3246,73371670,70873597,144245267,5,0,1,17920,15,1127938628
3247,73375420,27472683,100848103,9,0,0,108544,21,9878388659
3248,73382230,28195532,101577762,2,0,0,892416,19,4164297575
3249,73416190,70936635,144352825,5,0,1,160768,15,4349968834
3250,73457209,70917175,144374384,8,0,1,6656,14,903854901
3251,73471080,27578296,101049376,2,0,0,29696,19,2328253513
3252,73482370,71037548,144519918,5,0,1,180224,15,2479361334
3253,73495730,71024534,144520264,4,0,1,512,26,7551623670
3254,73501209,71027158,144528367,8,0,1,38912,14,4281506320
3255,73558440,70985507,144543947,6,0,1,14848,11,3563158429
3256,73622000,70941341,144563341,4,0,1,20992,26,404464594
3257,73630380,27026103,100656483,7,0,0,12288,20,5362960826
3258,73631530,70938745,144570275,7,0,1,10752,20,6244635803
3259,73639699,71073792,144713491,8,0,1,88576,14,2702896815
3260,73644370,71069144,144713514,4,0,1,10752,26,6585048461
3261,73650160,71512849,145163009,5,0,1,942080,15,5853752567
3262,73690890,71489389,145180279,5,0,1,53248,15,9229439416
3263,73691130,27299157,100990287,9,0,0,2048,21,8185433244
3264,73712040,71471785,145183825,4,0,1,5632,26,3068288671
3265,73740860,27444031,101184891,7,0,0,52736,20,10412351729
3266,73772020,27878461,101650481,7,0,0,238592,20,3378815190
3267,73784720,71407024,145191744,6,0,1,19456,11,2430135
3268,73788260,71484493,145272753,5,0,1,219648,15,1706853192
3269,73932510,27755590,101688100,7,0,0,123392,20,7263153834
3270,73942850,27816097,101758947,7,0,0,232448,20,908129799
3271,73965870,27895319,101861189,2,0,0,251392,19,71621709
3272,73970060,71304319,145274379,6,0,1,2560,11,2776804121
3273,73977240,27992142,101969382,9,0,0,41984,21,8207802753
3274,73983760,27800802,101784562,9,0,0,83968,21,2038762433
3275,73994200,27962367,101956567,7,0,0,312832,20,9219117267
3276,74015960,71324220,145340180,7,0,1,182272,20,3617399607
3277,74029880,71431908,145461788,7,0,1,282624,20,1167061803
3278,74041270,27977447,102018717,7,0,0,161792,20,2639918395
3279,74041579,71423755,145465334,8,0,1,5632,14,6721630188
3280,74043150,71424450,145467600,6,0,1,3584,11,6150076369
3281,74077000,71394466,145471466,7,0,1,6144,20,5789482392
3282,74079139,71393812,145472951,8,0,1,15360,14,7843207854
3283,74104790,28031111,102135901,7,0,0,76800,20,6615887294
3284,74105240,71379200,145484440,0,0,1,42496,13,6729609738
3285,74109230,71394086,145503316,7,0,1,16384,20,1390600355
3286,74126029,71379233,145505262,8,0,1,3072,14,5037931173
3287,74166020,71383229,145549249,7,0,1,52736,20,449597242
3288,74323990,71225515,145549505,7,0,1,9216,20,1698162147
3289,74351079,71200052,145551131,8,0,1,2560,14,1916229286
3290,74399520,28215867,102615387,2,0,0,361472,19,9532498267
3291,74402100,71150875,145552975,3,0,1,25088,20,163983816
3292,74468500,71085551,145554051,6,0,1,13312,11,10612003531
3293,74479830,28181132,102660962,9,0,0,149504,21,5788702447
3294,74556230,71011521,145567751,6,0,1,27136,11,8032337642
3295,74567400,71007418,145574818,6,0,1,28160,11,2277261658
3296,74679900,28531801,103211701,2,0,0,23552,19,6803526809
3297,74727670,28450599,103178269,7,0,0,223232,20,3481641202
3298,74914240,28488888,103403128,9,0,0,138752,21,320979163
3299,74978089,70597497,145575586,8,0,1,11776,14,5375730931
3300,74995040,28209462,103204502,2,0,0,41472,19,7323537296
3301,74999230,28510606,103509836,9,0,0,30208,21,3040560118
3302,75124209,70476679,145600888,8,0,1,41984,14,9097095741
3303,75140420,70497005,145637425,5,0,1,83968,15,6208237510
3304,75140839,70508046,145648885,8,0,1,25600,14,9821043564
3305,75141930,71077240,146219170,5,0,1,313856,15,6864482956
3306,75168420,28323334,103491754,9,0,0,196608,21,8224580836
3307,75215840,71023968,146239808,5,0,1,14336,15,8014535588
3308,75217279,71213757,146431036,8,0,1,30720,14,6197930819
3309,75244329,71186730,146431059,8,0,1,18432,14,3677373295
3310,75255500,28267129,103522629,2,0,0,3584,19,691846770
3311,75281749,71149333,146431082,8,0,1,512,14,7780433772
3312,75288570,28408294,103696864,2,0,0,33280,19,1898622870
3313,75357070,28543742,103900812,7,0,0,34304,20,5895126064
3314,75405800,28780632,104186432,2,0,0,387584,19,9858346747
3315,75409080,71022025,146431105,6,0,1,16896,11,3605025631
3316,75432379,71002828,146435207,9,0,1,13824,21,8359026451
3317,75481660,70963448,146445108,2,0,1,30720,19,4034290481
3318,75487820,70987059,146474879,6,0,1,36352,11,7076795928
3319,75540410,71066937,146607347,6,0,1,100352,11,9908766597
3320,75682750,29260553,104943303,7,0,0,680448,20,7466449685
3321,75784660,28715550,104500210,9,0,0,129024,21,7254097490
3322,75805840,29170090,104975930,2,0,0,107008,19,1407188873
3323,75815180,29338247,105153427,7,0,0,80896,20,4084335049
3324,75847829,70861432,146709261,8,0,1,15872,14,8224413753
3325,75883150,70826134,146709284,6,0,1,17920,11,316828957
3326,75888850,29127663,105016513,9,0,0,133120,21,3375280056
3327,75899860,70809790,146709650,6,0,1,44032,11,8676599560
3328,75943600,28391705,104335305,7,0,0,50688,20,316296741
3329,75983690,70725983,146709673,6,0,1,32256,11,4849173359
3330,76006689,70703007,146709696,8,0,1,15360,14,9590011416
3331,76015620,28675419,104691039,2,0,0,13824,19,8034474815
3332,76050220,70659499,146709719,1,0,1,10240,23,5960001041
3333,76081440,29185560,105267000,9,0,0,114176,21,4327612834
3334,76102449,70607293,146709742,8,0,1,17920,14,5351386172
3335,76126979,70582965,146709944,8,0,1,75264,14,5131105224
3336,76138010,28454530,104592540,7,0,0,26624,20,7675955410
3337,76148200,28887703,105035903,2,0,0,52224,19,6189877319
3338,76176970,70536248,146713218,1,0,1,1024,23,3549256648
3339,76203880,70516212,146720092,1,0,1,32768,23,3170622877
3340,76216029,70539891,146755920,8,0,1,20480,14,8151585259
3341,76254310,28957557,105211867,9,0,0,60416,21,5184316526
3342,76272980,29179710,105452690,2,0,0,299008,19,2292607895
3343,76294080,28879806,105173886,2,0,0,67072,19,4635387812
3344,76295990,28723978,105019968,7,0,0,11264,20,10582048429
3345,76316800,28862881,105179681,9,0,0,18944,21,9806205283
3346,76319770,28726764,105046534,9,0,0,34816,21,4059034855
3347,76362349,70400547,146762896,8,0,1,4096,14,8733544362
3348,76379300,70410755,146790055,6,0,1,71680,11,3141015794
3349,76379710,28961448,105341158,7,0,0,63488,20,663081074
3350,76472830,29031182,105504012,2,0,0,133632,19,3835738191
3351,76534680,70361702,146896382,1,0,1,103424,23,7233134415
3352,76629210,28985412,105614622,9,0,0,31744,21,2716120119
3353,76659520,29046062,105705582,7,0,0,168960,20,10721061126
3354,76700470,29661856,106362326,2,0,0,251392,19,10299474974
3355,76755510,29751439,106506949,2,0,0,323584,19,8304407340
3356,76769160,28803701,105572861,2,0,0,40960,19,9376204365
3357,76781260,70123485,146904745,3,0,1,34816,20,6640371841
3358,76793410,29951426,106744836,7,0,0,450048,20,6948989790
3359,76833050,29275879,106108929,7,0,0,112128,20,7043057729
3360,76889680,29071670,105961350,9,0,0,93696,21,5021389125
3361,76923490,28999436,105922926,2,0,0,26624,19,6786568619
3362,76924850,29184882,106109732,5,0,0,2560,15,592428948
3363,76970700,29636966,106607666,7,0,0,86528,20,9906896903
3364,77018930,29018034,106036964,9,0,0,2048,21,5658346338
3365,77032080,29244141,106276221,2,0,0,69120,19,10729420355
3366,77126940,29402808,106529748,7,0,0,74752,20,119777164
3367,77164230,29724935,106889165,7,0,0,267264,20,8043839413
3368,77229510,29351608,106581118,7,0,0,168448,20,10187293401
3369,77331240,29413947,106745187,9,0,0,1024,21,5841986375
3370,77413020,29384770,106797790,7,0,0,172544,20,5502360549
3371,77416530,29391134,106807664,9,0,0,5632,21,837457816
3372,77432820,28766745,106199565,9,0,0,512,21,2303710180
3373,77450930,29463584,106914514,2,0,0,71680,19,8632808631
3374,77453800,29460925,106914725,9,0,0,512,21,2885854589
3375,77552070,69354160,146906230,4,0,1,15360,26,7222616660
3376,77665600,29226864,106892464,9,0,0,10752,21,5937750987
3377,77687670,29118255,106805925,7,0,0,26624,20,8625289600
3378,77700010,69227665,146927675,4,0,1,15872,26,4593616737
3379,77720730,29198230,106918960,2,0,0,13824,19,1335224284
3380,77901690,29086176,106987866,9,0,0,3584,21,9403593693
3381,77940570,29696378,107636948,7,0,0,278016,20,33072527
3382,78052860,29015812,107068672,7,0,0,67072,20,9203396712
3383,78131250,28761401,106892651,9,0,0,512,21,2544482573
3384,78184260,68844962,147029222,3,0,1,88576,20,1907087099
3385,78250410,68810808,147061218,3,0,1,22528,20,3041240505
3386,78334840,28888541,107223381,7,0,0,159744,20,259995781
3387,78372520,29179697,107552217,2,0,0,107520,19,10180384993
3388,78409710,29106914,107516624,9,0,0,512,21,10309033683
3389,78448400,28512598,106960998,7,0,0,126464,20,8157717936
3390,78553570,28875641,107429211,7,0,0,331776,20,1875090046
3391,78591290,68598752,147190042,3,0,1,46592,20,7819568314
3392,78620470,28650503,107270973,2,0,0,154624,19,8856211788
3393,78630680,68573453,147204133,2,0,1,14848,19,10249824847
3394,78643760,68564879,147208639,3,0,1,7168,20,4807697895
3395,78682240,68530872,147213112,3,0,1,5632,20,3949294433
3396,78712800,68500978,147213778,3,0,1,11264,20,4274469974
3397,78783810,28945903,107729713,7,0,0,134656,20,8886250389
3398,78840860,28675585,107516445,2,0,0,111104,19,10330070017
3399,78862060,68359935,147221995,3,0,1,7168,20,3621075664
3400,79078650,28780445,107859095,7,0,0,19456,20,2596824501
3401,79141410,28375393,107516803,9,0,0,512,21,8553336770
3402,79281150,67942151,147223301,3,0,1,2048,20,10162673074
3403,79379280,67865709,147244989,7,0,1,18432,20,6150141025
3404,79474980,28523943,107998923,9,0,0,5120,21,2691402016
3405,79499250,28670703,108169953,2,0,0,177152,19,8290448128
3406,79573110,28159902,107733012,9,0,0,10752,21,159609902
3407,79597040,28387053,107984093,2,0,0,201728,19,9466606383
3408,79607720,67637935,147245655,7,0,1,1024,20,10672374898
3409,79674400,28786237,108460637,2,0,0,496640,19,5943947921
3410,79683360,67632251,147315611,7,0,1,32768,20,4712224967
3411,79727770,28109937,107837707,2,0,0,25088,19,7115234830
3412,79733110,68091700,147824810,5,0,1,468992,15,6960842391
3413,79946940,28627787,108574727,7,0,0,370688,20,8457912202
3414,79967730,28618728,108586458,7,0,0,38400,20,10724074653
3415,80021800,67803033,147824833,3,0,1,26112,20,1340784060
3416,80048810,28591606,108640416,2,0,0,67584,19,8819530571
3417,80082240,67787639,147869879,1,0,1,56320,23,10179865537
3418,80180390,28070218,108250608,2,0,0,44032,19,2807697433
3419,80186410,28431895,108618305,2,0,0,104448,19,6956149500
3420,80200650,68645012,148845662,3,0,1,30208,20,7937936743
3421,80291290,68710418,149001708,3,0,1,36352,20,9517355157
3422,80311360,27997934,108309294,2,0,0,104448,19,9006531193
3423,80325260,27925995,108251255,7,0,0,2048,20,9000442953
3424,80334710,27917036,108251746,9,0,0,1536,21,8988786453
3425,80385780,68615967,149001747,7,0,1,52224,20,3641319188
3426,80408380,27784860,108193240,9,0,0,512,21,1468921064
3427,80463060,28355877,108818937,2,0,0,26624,19,1100965787
3428,80571670,27890082,108461752,9,0,0,3584,21,10386135360
3429,80603790,28230573,108834363,7,0,0,512,20,9393629112
3430,80629910,68371860,149001770,7,0,1,35328,20,3426225635
3431,80647549,68354244,149001793,8,0,1,31232,14,3939932521
3432,80673280,27946498,108619778,7,0,0,4096,20,729565754
3433,80730620,27887864,108618484,9,0,0,512,21,4164383565
3434,80733360,68268456,149001816,7,0,1,26112,20,6996954892
3435,80753819,68248020,149001839,8,0,1,11264,14,9241229013
3436,80755180,68360135,149115315,3,0,1,32768,20,7264110142
3437,80904830,27736421,108641251,9,0,0,2560,21,4252535691
3438,80904970,28124689,109029659,7,0,0,8704,20,9263284270
3439,80907310,68208028,149115338,3,0,1,3072,20,9537596962
3440,80985030,27861021,108846051,7,0,0,3584,20,3412564399
3441,81029520,68085849,149115369,3,0,1,43008,20,5895397404
3442,81047510,27928782,108976292,9,0,0,2048,21,5210324038
3443,81048920,68153075,149201995,3,0,1,15360,20,2669964365
3444,81080060,68121958,149202018,7,0,1,20992,20,7291125174
3445,81148100,68053941,149202041,7,0,1,19456,20,5065875010
3446,81187440,27725148,108912588,7,0,0,8192,20,3045674223
3447,81192770,27643005,108835775,7,0,0,1024,20,4095308909
3448,81297340,67904724,149202064,7,0,1,32256,20,8369580183
3449,81301890,27578136,108880026,9,0,0,4096,21,6419227021
3450,81331280,67870807,149202087,3,0,1,30720,20,4672586670
3451,81360990,27503460,108864450,7,0,0,2560,20,6071360230
3452,81418020,27508293,108926313,9,0,0,7680,21,6232785030
3453,81425740,67776370,149202110,7,0,1,6144,20,3664375999
3454,81512790,27670163,109182953,9,0,0,1536,21,193059526
3455,81580320,27357990,108938310,7,0,0,1024,20,7331004178
3456,81590100,67612033,149202133,7,0,1,17408,20,6161643502
3457,81680550,67522097,149202647,7,0,1,15360,20,5615190300
3458,81702520,27306805,109009325,9,0,0,3584,21,7329620673
3459,81711170,27488235,109199405,7,0,0,5120,20,426954699
3460,81906880,67295790,149202670,7,0,1,26624,20,8991593425
3461,81924320,67278373,149202693,3,0,1,48128,20,3110420508
3462,81949420,67253296,149202716,3,0,1,11264,20,217323766
3463,81998910,27483724,109482634,9,0,0,1024,21,2901960050
3464,82000130,27482169,109482299,7,0,0,382976,20,595706711
3465,82089620,27687318,109776938,7,0,0,78848,20,8714555817
3466,82097200,67105539,149202739,7,0,1,18944,20,4275644849
3467,82134500,27163107,109297607,9,0,0,512,21,1978629675
3468,82152270,27026723,109178993,9,0,0,8704,21,3672005319
3469,82155630,27328119,109483749,9,0,0,3584,21,7425833205
3470,82183470,27496321,109679791,9,0,0,311808,21,7167575167
3471,82185390,67017372,149202762,3,0,1,15872,20,1462744956
3472,82192860,28123148,110316008,7,0,0,125952,20,3491917054
3473,82221689,66981096,149202785,7,0,1,4096,20,3913425064
3474,82242890,66959918,149202808,3,0,1,3072,20,8884918203
3475,82278490,27722952,110001442,7,0,0,166912,20,9683595689
3476,82321210,28059521,110380731,7,0,0,53760,20,4240869076
3477,82407520,28085246,110492766,9,0,0,91648,21,5533857377
3478,82414810,27600227,110015037,9,0,0,44544,21,5485222026
3479,82454190,27569468,110023658,9,0,0,4608,21,4270186485
3480,82462400,66740431,149202831,2,0,1,4608,19,80583083
3481,82487710,66715144,149202854,7,0,1,1024,20,4231693575
3482,82521190,28104554,110625744,7,0,0,34816,20,6002072503
3483,82545070,66657807,149202877,2,0,1,3584,19,5590362053
3484,82548680,27887168,110435848,7,0,0,175616,20,1478659364
3485,82583120,66759118,149342238,2,0,1,49664,19,3225313703
3486,82593270,66753794,149347064,3,0,1,7680,20,1660545671
3487,82636760,28175266,110812026,9,0,0,118272,21,1606579293
3488,82642550,28443081,111085631,9,0,0,67584,21,5009955409
3489,82680450,28015460,110695910,7,0,0,8704,20,6189611080
3490,82727520,28487581,111215101,4,0,0,282624,26,7305120645
3491,82729200,67600416,150329616,2,0,1,16384,19,2571422447
3492,82750020,67593838,150343858,3,0,1,4608,20,4892204081
3493,82823730,28552464,111376194,9,0,0,224256,21,2518034112
3494,82843270,28441708,111284978,9,0,0,35328,21,1235705645
3495,82848190,67495691,150343881,3,0,1,7680,20,6432068353
3496,82906370,67437534,150343904,2,0,1,14848,19,4264626316
3497,82917670,67563622,150481292,7,0,1,42496,20,9885161087
3498,82961939,67897957,150859896,8,0,1,149504,14,3145991291
3499,82985400,28567368,111552768,7,0,0,284160,20,7281570421
3500,83028010,67920692,150948702,2,0,1,16384,19,10411706160
3501,83082570,67866155,150948725,4,0,1,9728,26,219892017
3502,83127890,67884419,151012309,2,0,1,19456,19,411604873
3503,83135470,67876862,151012332,3,0,1,8192,20,6334921707
3504,83154850,67857505,151012355,3,0,1,9728,20,6426495675
3505,83168840,28297325,111466165,7,0,0,104448,20,445799891
3506,83183480,28369787,111553267,9,0,0,1536,21,5177283758
3507,83235000,67777402,151012402,3,0,1,6144,20,3138124649
3508,83237350,28354835,111592185,7,0,0,66560,20,4238572873
3509,83297510,67714915,151012425,4,0,1,4608,26,7817562977
3510,83358979,67653469,151012448,8,0,1,27136,14,104716343
3511,83393309,67619162,151012471,8,0,1,10240,14,7770736238
3512,83460760,67551734,151012494,3,0,1,7168,20,300822753
3513,83462829,67549688,151012517,8,0,1,6656,14,10019182883
3514,83475230,67537310,151012540,3,0,1,8704,20,10457986498
3515,83498000,28429817,111927817,9,0,0,300544,21,6066500820
3516,83500530,67512041,151012571,7,0,1,7168,20,7342718284
3517,83508089,67608717,151116806,7,0,1,10752,20,3789191297
3518,83563020,67553809,151116829,7,0,1,16384,20,8460819395
3519,83648860,67467992,151116852,7,0,1,14848,20,3070647709
3520,83669220,28366650,112035870,7,0,0,3584,20,6086078416
3521,83717180,67525932,151243112,7,0,1,67072,20,5289205383
3522,83765250,28740224,112505474,9,0,0,300544,21,9124274926
3523,83784789,67470259,151255048,8,0,1,8704,14,6288438364
3524,83842020,28697017,112539037,9,0,0,110080,21,6749660894
3525,83862430,67416924,151279354,7,0,1,1536,20,8222008889
3526,83866570,67422064,151288634,7,0,1,22528,20,3306054818
3527,83987649,67440188,151427837,8,0,1,35328,14,9542574585
3528,84033729,67396374,151430103,8,0,1,3584,14,6437055480
3529,84070610,28803869,112874479,9,0,0,58880,21,7891858812
3530,84132059,67363503,151495562,8,0,1,7680,14,10037349568
3531,84152330,67494153,151646483,7,0,1,18944,20,8790386871
3532,84159340,67487166,151646506,7,0,1,10240,20,8114487157
3533,84201220,29066956,113268176,9,0,0,122880,21,6743426788
3534,84234300,28996413,113230713,9,0,0,413184,21,428450114
3535,84250730,28761258,113011988,1,0,0,57344,23,10407933383
3536,84393210,28649178,113042388,9,0,0,43520,21,2030116263
3537,84455720,29086276,113541996,7,0,0,192512,20,4862733634
3538,84497540,28821132,113318672,9,0,0,97280,21,10238772456
3539,84536460,28752541,113289001,9,0,0,68096,21,7195184628
3540,84593670,67056486,151650156,7,0,1,5120,20,10489394497
3541,84601560,67049110,151650670,7,0,1,17920,20,4095064859
3542,84670450,28812867,113483317,1,0,0,63488,23,10700808823
3543,84763320,28804508,113567828,7,0,0,84480,20,9569188298
3544,84779650,66953286,151732936,7,0,1,50688,20,5396683318
3545,84791420,29359872,114151292,7,0,0,166912,20,8089137449
3546,84793870,28820983,113614853,9,0,0,3072,21,10353797929
3547,84799930,66933037,151732967,1,0,1,20992,23,2403168352
3548,84921670,29662482,114584152,9,0,0,200192,21,4526629281
3549,85001870,29632754,114634624,7,0,0,79872,20,5620836742
3550,85020050,29503083,114523133,1,0,0,35840,23,4579115112
3551,85044310,29467880,114512190,9,0,0,222208,21,7664474361
3552,85064169,66699620,151763789,9,0,1,20480,21,6945424541
3553,85151650,29292813,114444463,7,0,0,832000,20,10280561831
3554,85154390,66656792,151811182,2,0,1,21504,19,3517703383
3555,85157380,29789450,114946830,0,0,0,442368,13,1463446377
3556,85186270,29414925,114601195,1,0,0,55808,23,604546698
3557,85188629,66622899,151811528,9,0,1,512,21,6601990997
3558,85190290,66624784,151815074,7,0,1,5632,20,8779847529
3559,85212680,29772549,114985229,0,0,0,125952,13,8185668565
3560,85222869,67440108,152662977,9,0,1,706560,21,6440168666
3561,85234779,67808576,153043355,9,0,1,550912,21,3001196724
3562,85240830,67802548,153043378,7,0,1,2048,20,1741741140
3563,85337990,29854142,115192132,0,0,0,139264,13,90846830
3564,85401870,67693825,153095695,5,0,1,107520,15,7422212437
3565,85432920,29887452,115320372,1,0,0,115712,23,494592294
3566,85437210,67721952,153159162,7,0,1,69632,20,3059759744
3567,85538140,29663375,115201515,1,0,0,30720,23,7396635717
3568,85600940,30405946,116006886,0,0,0,25600,13,1382308538
3569,85601380,30319826,115921206,0,0,0,637440,13,7187687792
3570,85603940,30393696,115997636,7,0,0,75776,20,8243786276
3571,85626400,67532785,153159185,7,0,1,3072,20,9288846446
3572,85707280,30374431,116081711,1,0,0,167424,23,4514119533
3573,85743800,29983163,115726963,7,0,0,190976,20,1974286202
3574,85746340,30178508,115924848,0,0,0,11776,13,10391647315
3575,85764780,30209745,115974525,7,0,0,126464,20,6353186616
3576,85950670,30182965,116133635,9,0,0,109568,21,9497740575
3577,85968560,29958183,115926743,1,0,0,6144,23,9095432982
3578,86009310,29926660,115935970,1,0,0,30208,23,8983470613
3579,86061920,29968748,116030668,7,0,0,77824,20,6118852528
3580,86093090,29905973,115999063,1,0,0,4608,23,8021022801
3581,86133630,67034961,153168591,7,0,1,4096,20,5396821287
3582,86191300,30566387,116757687,7,0,0,297984,20,1210438084
3583,86257370,66911268,153168638,7,0,1,22016,20,8240081212
3584,86270430,66928177,153198607,6,0,1,41984,11,594476488
3585,86305420,66898679,153204099,6,0,1,8704,11,4324403572
3586,86333610,29898959,116232569,7,0,0,39936,20,5062299573
3587,86338950,30595804,116934754,7,0,0,224768,20,1111381509
3588,86434200,30014669,116448869,9,0,0,100864,21,5674633443
3589,86463730,29902439,116366169,0,0,0,17408,13,3924186039
3590,86539680,66691931,153231611,7,0,1,48640,20,6830938851
3591,86571240,66661344,153232584,7,0,1,12800,20,6509563574
3592,86613100,30220948,116834048,7,0,0,187392,20,7404782421
3593,86621000,30155921,116776921,0,0,0,60928,13,10368018883
3594,86653300,29954641,116607941,0,0,0,19456,13,8872433062
3595,86741520,30016814,116758334,9,0,0,2048,21,10279377579
3596,86769060,66539520,153308580,7,0,1,16384,20,7423922032
3597,86823470,30204907,117028377,0,0,0,307200,13,1539550144
3598,86845010,30002329,116847339,7,0,0,43520,20,6877378920
3599,86870660,31221218,118091878,0,0,0,317440,13,9456169695
3600,86884670,30208594,117093264,7,0,0,125440,20,6053509071
3601,86922090,66407648,153329738,6,0,1,14336,11,374405962
3602,86926589,66404225,153330814,8,0,1,13312,14,3140727423
3603,86930600,31275219,118205819,7,0,0,206336,20,4885675161
3604,86930630,66490061,153420691,7,0,1,27648,20,4181298289
3605,86954240,30836101,117790341,7,0,0,109056,20,446412853
3606,86979690,31345823,118325513,9,0,0,305664,21,10513734501
3607,87044650,30641751,117686401,0,0,0,315904,13,3482922260
3608,87049440,30742016,117791456,9,0,0,3584,21,6903845775
3609,87176550,31224910,118401460,7,0,0,121344,20,4584808725
3610,87186780,31379261,118566041,7,0,0,252416,20,1691533230
3611,87218920,30329565,117548485,7,0,0,24576,20,5082116935
3612,87241320,30753792,117995112,7,0,0,100352,20,9909122314
3613,87251240,31493055,118744295,0,0,0,187904,13,7276567414
3614,87341490,31235962,118577452,1,0,0,37376,23,321812309
3615,87378020,30974816,118352836,0,0,0,89600,13,4134894012
3616,87464420,30900029,118364449,7,0,0,27136,20,9325464175
3617,87577780,65842934,153420714,6,0,1,2560,11,3393978170
3618,87634890,30721245,118356135,7,0,0,10752,20,6437623813
3619,87639770,65801944,153441714,5,0,1,87040,15,9633016657
3620,87664300,30936107,118600407,1,0,0,75264,23,6159319426
3621,87722110,31216170,118938280,9,0,0,172544,21,2068703383
3622,87727830,65839272,153567102,5,0,1,49664,15,3812295830
3623,87737850,65829275,153567125,5,0,1,18944,15,3723998454
3624,87765820,31110906,118876726,0,0,0,161792,13,6210960906
3625,87801310,31187381,118988691,1,0,0,165376,23,1028309541
3626,87892730,31174119,119066849,0,0,0,94720,13,2630447086
3627,87908600,65689692,153598292,6,0,1,59904,11,2661466347
3628,87923680,65691407,153615087,6,0,1,28160,11,676338209
3629,87939240,65689492,153628732,6,0,1,20992,11,5722056614
3630,87983110,31200258,119183368,9,0,0,30208,21,2940600968
3631,88003480,65638894,153642374,6,0,1,6144,11,3750280766
3632,88005360,30987140,118992500,9,0,0,7168,21,4489931495
3633,88008400,32017570,120025970,1,0,0,758784,23,1995239841
3634,88102420,65790080,153892500,5,0,1,141312,15,2205560503
3635,88115500,31515060,119630560,9,0,0,184832,21,6980342408
3636,88146900,65745631,153892531,6,0,1,40448,11,1676039522
3637,88231460,31926578,120158038,1,0,0,320000,23,5120608959
3638,88268580,31894785,120163365,0,0,0,17408,13,8438855681
3639,88275210,65617344,153892554,6,0,1,3072,11,7000962175
3640,88303820,65588757,153892577,6,0,1,1024,11,3535475379
3641,88331620,31907966,120239586,0,0,0,249856,13,3668003712
3642,88449780,31610689,120060469,1,0,0,113152,23,8001930279
3643,88450170,31947750,120397920,0,0,0,292864,13,896259506
3644,88453190,32050276,120503466,0,0,0,224768,13,2560049137
3645,88460440,65432160,153892600,1,0,1,16384,23,6676873620
3646,88480780,65473154,153953934,1,0,1,22016,23,449242078
3647,88492200,32076364,120568564,7,0,0,39424,20,105788177
3648,88503870,65451370,153955240,1,0,1,2048,23,6296771990
3649,88537190,32019339,120556529,0,0,0,174080,13,9887052005
3650,88587300,65634437,154221737,5,0,1,142848,15,5193995490
3651,88665080,65556680,154221760,1,0,1,4608,23,7729092061
3652,88752380,32518234,121270614,9,0,0,100352,21,1314572742
3653,88835180,32580002,121415182,9,0,0,87552,21,2726375027
3654,88855940,32802020,121657960,0,0,0,656384,13,2412201284
3655,88882460,33169648,122052108,9,0,0,755712,21,1433760213
3656,88889790,32300781,121190571,9,0,0,54272,21,4221776701
3657,89071390,32215549,121286939,0,0,0,24576,13,6798006165
3658,89111720,65458539,154570259,5,0,1,140288,15,1054080128
3659,89191670,32244595,121436265,9,0,0,69120,21,2442853212
3660,89193170,32041446,121234616,1,0,0,17920,23,7639689192
3661,89209600,65431529,154641129,6,0,1,6144,11,7851915671
3662,89229960,65411192,154641152,6,0,1,17408,11,544302740
3663,89268460,65770708,155039168,6,0,1,34816,11,2990681473
3664,89306910,32774104,122081014,1,0,0,94720,23,3965175371
3665,89343250,66062756,155406006,5,0,1,192000,15,3291117823
3666,89391250,66044724,155435974,5,0,1,40960,15,7633504351
3667,89392000,66048927,155440927,6,0,1,21504,11,716922156
3668,89456710,32880350,122337060,9,0,0,355840,21,9578869923
3669,89469870,33107767,122577637,1,0,0,236544,23,4005412796
3670,89497340,66156060,155653400,5,0,1,266752,15,7775519848
3671,89498640,33310628,122809268,7,0,0,283648,20,2902989080
3672,89558530,66124488,155683018,1,0,1,41984,23,9046712878
3673,89686690,66001820,155688510,6,0,1,17920,11,7234429170
3674,89783960,32698388,122482348,2,0,0,71168,19,3318535159
3675,89833470,32395124,122228594,9,0,0,223232,21,2564097126
3676,89921920,65791096,155713016,1,0,1,35840,23,3334228977
3677,89925850,33018381,122944231,9,0,0,442880,21,1094691317
3678,89935260,65784771,155720031,6,0,1,19968,11,9282975066
3679,89968350,65760235,155728585,6,0,1,9728,11,9928336873
3680,90109160,32942233,123051393,7,0,0,45056,20,2937934808
3681,90115700,65622976,155738676,6,0,1,19968,11,9099395996
3682,90186640,65564506,155751146,6,0,1,51200,11,8591798514
3683,90216520,32382866,122599386,9,0,0,4096,21,2928975160
3684,90262110,32882142,123144252,7,0,0,304640,20,3788223678
3685,90313640,65447956,155761596,1,0,1,33792,23,6071728969
3686,90375660,32622616,122998276,0,0,0,177152,13,3781882259
3687,90464570,32726201,123190771,9,0,0,152576,21,9421080161
3688,90471910,32555881,123027791,7,0,0,96768,20,630301788
3689,90498730,65264492,155763222,1,0,1,2560,23,6161590668
3690,90518770,32518872,123037642,9,0,0,32256,21,4018935779
3691,90523420,32783027,123306447,0,0,0,213504,13,3342839704
3692,90531040,65252298,155783338,6,0,1,9728,11,7869132783
3693,90570150,65218580,155788730,1,0,1,31232,23,8027658589
3694,90592610,65204646,155797256,6,0,1,18944,11,9932519711
3695,90593830,65207932,155801762,6,0,1,7168,11,5906708836
3696,90672630,32744583,123417213,0,0,0,177664,13,3302512417
3697,90691870,32510693,123202563,9,0,0,38400,21,9589068602
3698,90752890,65220132,155973022,1,0,1,57344,23,10450206950
3699,90784890,33048858,123833748,0,0,0,541696,13,10366767408
3700,90791200,32656612,123447812,7,0,0,100352,20,4664123175
3701,90837050,65135995,155973045,6,0,1,13312,11,6366839305
3702,90868630,65104438,155973068,6,0,1,18944,11,4585921645
3703,90874220,33099742,123973962,9,0,0,103936,21,509388586
3704,90912260,65060831,155973091,1,0,1,31744,23,2018600210
3705,90963080,32672025,123635105,7,0,0,49152,20,3938708167
3706,91038350,32989751,124028101,0,0,0,93184,13,51684629
3707,91043920,33644160,124688080,7,0,0,55808,20,2049568724
3708,91122490,33225928,124348418,7,0,0,96768,20,5624294677
3709,91150150,32743860,123894010,9,0,0,174080,21,5800202990
3710,91291880,32549067,123840947,0,0,0,23552,13,4162488847
3711,91309270,33249889,124559159,0,0,0,442368,13,3241846799
3712,91362590,32921784,124284374,0,0,0,82432,13,4335001588
3713,91393340,32839804,124233144,7,0,0,403968,20,7364270363
3714,91419270,33601476,125020746,7,0,0,259072,20,6645707112
3715,91421840,33967979,125389819,0,0,0,162816,13,8111611527
3716,91427350,33813916,125241266,9,0,0,171008,21,8222603817
3717,91463310,33159039,124622349,0,0,0,27648,13,9722950211
3718,91547990,33025544,124573534,0,0,0,47104,13,4952280579
3719,91557770,64415344,155973114,1,0,1,13824,23,471852303
3720,91632200,32652977,124285177,4,0,0,2560,26,6720685866
3721,91679530,64335750,156015280,1,0,1,33792,23,1099953491
3722,91690600,32897956,124588556,0,0,0,49152,13,1187999911
3723,91757190,64258113,156015303,1,0,1,3072,23,1941775174
3724,91866890,64148436,156015326,1,0,1,10240,23,1988110948
3725,91890400,64124949,156015349,1,0,1,1024,23,3761866969
3726,91994000,64021372,156015372,1,0,1,8192,23,77641897
3727,91997190,33549605,125546795,0,0,0,306688,13,8175656731
3728,92118550,32909551,125028101,0,0,0,24064,13,2746161322
3729,92241290,33450171,125691461,0,0,0,392192,13,7828246439
3730,92335500,32925994,125261494,0,0,0,50176,13,454580221
3731,92369170,63646225,156015395,1,0,1,3584,23,1849464989
3732,92419740,63599827,156019567,1,0,1,53248,23,6366604060
3733,92517200,32888733,125405933,9,0,0,52736,21,5616779353
3734,92527070,33324259,125851329,9,0,0,422400,21,3956545099
3735,92704640,32324576,125029216,0,0,0,3584,13,4487203814
3736,92728090,33244536,125972626,9,0,0,397824,21,7535647135
3737,92737900,33277936,126015836,9,0,0,141312,21,31971990
3738,92790860,63481434,156272294,5,0,1,332800,15,8780702692
3739,92796010,64570126,157366136,5,0,1,634880,15,3546725109
3740,92799730,32749896,125549626,9,0,0,9216,21,5994660151
3741,92812070,64554089,157366159,4,0,1,11264,26,2310361325
3742,92819930,33686303,126506233,0,0,0,81920,13,1116395144
3743,92876120,32846463,125722583,9,0,0,65024,21,4777987784
3744,92935200,64430982,157366182,3,0,1,512,20,6136379926
3745,92940700,64516735,157457435,5,0,1,115712,15,4218329352
3746,92945060,64518942,157464002,1,0,1,31232,23,7983043478
3747,92988100,64503731,157491831,1,0,1,26624,23,5249417750
3748,93010620,64491496,157502116,1,0,1,4096,23,5111975885
3749,93067570,65998816,159066386,5,0,1,582656,15,10714167096
3750,93070320,32632428,125702748,9,0,0,36864,21,9495128968
3751,93073220,66204118,159277338,5,0,1,85504,15,2553138198
3752,93087860,66189992,159277852,3,0,1,23040,20,1531446907
3753,93089560,66188315,159277875,3,0,1,2560,20,5262617727
3754,93111460,66167241,159278701,1,0,1,55296,23,7598269991
3755,93122710,32906901,126029611,0,0,0,45056,13,3643955984
3756,93123360,33088157,126211517,0,0,0,46080,13,9176562252
3757,93166610,33471200,126637810,7,0,0,340992,20,7343866249
3758,93192740,33134905,126327645,9,0,0,23552,21,8287391046
3759,93213550,66191341,159404891,5,0,1,114176,15,8142191165
3760,93223760,66189357,159413117,1,0,1,24064,23,3255524202
3761,93231440,66249382,159480822,3,0,1,72704,20,10206576076
3762,93251130,66751701,160002831,5,0,1,147456,15,1784826723
3763,93290390,33459458,126749848,9,0,0,314368,21,4501734514
3764,93303300,33152187,126455487,9,0,0,43520,21,792980330
3765,93359690,66643164,160002854,3,0,1,12800,20,6803094754
3766,93368730,66634147,160002877,3,0,1,21504,20,10486063241
3767,93383300,66753407,160136707,5,0,1,104448,15,10340918424
3768,93394660,32904613,126299273,7,0,0,31744,20,4773166841
3769,93425740,33055510,126481250,7,0,0,84480,20,8848807100
3770,93434040,66702690,160136730,3,0,1,1536,20,241739949
3771,93473090,33302933,126776023,9,0,0,11264,21,8138312443
3772,93492350,66644403,160136753,3,0,1,78336,20,7840791738
3773,93590390,66547985,160138375,5,0,1,208384,15,4803270152
3774,93655380,33222299,126877679,9,0,0,237568,21,8178070502
3775,93680410,33092081,126772491,7,0,0,74240,20,6318598421
3776,93701540,66436858,160138398,1,0,1,3072,23,9315300457
3777,93712430,66425991,160138421,1,0,1,18432,23,5684048358
3778,93773930,66364514,160138444,3,0,1,10240,20,1065557005
3779,93787840,66350627,160138467,1,0,1,12288,23,63557804
3780,93977849,66160641,160138490,8,0,1,2560,14,624267617
3781,93980570,66235903,160216473,5,0,1,194048,15,573042183
3782,94045920,33330165,127376085,7,0,0,179712,20,2010399395
3783,94070110,66146426,160216536,0,0,1,6656,13,2271663097
3784,94090140,66126598,160216738,1,0,1,44544,23,5689491990
3785,94104340,66112421,160216761,5,0,1,19456,15,8272291755
3786,94176280,66040504,160216784,0,0,1,15360,13,4401031626
3787,94257369,66079499,160336868,9,0,1,286720,21,2454730506
3788,94342330,65997444,160339774,0,0,1,4608,13,6040596145
3789,94348790,65996130,160344920,3,0,1,8192,20,9585605096
3790,94359670,33219378,127579048,7,0,0,133120,20,9145550086
3791,94457670,65887404,160345074,5,0,1,8704,15,7669834052
3792,94474970,65872358,160347328,3,0,1,27136,20,3320976516
3793,94509790,33028675,127538465,9,0,0,89088,21,2171615999
3794,94511000,33164813,127675813,9,0,0,124416,21,6668763292
3795,94562220,65799317,160361537,5,0,1,19968,15,649772902
3796,94571660,33481612,128053272,9,0,0,332288,21,4456127508
3797,94675240,33217748,127892988,7,0,0,68608,20,7858657154
3798,94720210,33480811,128201021,9,0,0,36352,21,10550512782
3799,94750490,65612635,160363125,3,0,1,15872,20,976085121
3800,94755700,33369229,128124929,7,0,0,61440,20,8218379449
3801,94777650,65632153,160409803,3,0,1,79360,20,3035771182
3802,94777830,65757645,160535475,5,0,1,228352,15,1446940863
3803,94850710,65689278,160539988,3,0,1,15360,20,5524770146
3804,94864490,65675959,160540449,5,0,1,10240,15,3552717505
3805,94916200,33425011,128341211,9,0,0,43520,21,6165270656
3806,94954710,65593647,160548357,7,0,1,17408,20,7960271437
3807,94956740,65634609,160591349,5,0,1,21504,15,10178852339
3808,95025560,34079414,129104974,0,0,0,722944,13,4153276747
3809,95044690,33353454,128398144,7,0,0,65024,20,4726539012
3810,95059790,65557657,160617447,7,0,1,33280,20,7842812553
3811,95070850,65731572,160802422,5,0,1,411136,15,5901921339
3812,95097150,65732916,160830066,3,0,1,18944,20,9916562567
3813,95105920,34085345,129191265,0,0,0,283136,13,5043248901
3814,95159390,65745151,160904541,5,0,1,149504,15,4309441022
3815,95170670,65734127,160904797,3,0,1,9216,20,2040054185
3816,95181910,34222528,129404438,9,0,0,584192,21,885588903
3817,95218590,65706756,160925346,7,0,1,33280,20,1872139350
3818,95230890,65749359,160980249,5,0,1,138240,15,1325374283
3819,95233960,33963568,129197528,9,0,0,20480,21,2741916708
3820,95259170,65735627,160994797,3,0,1,4608,20,898935211
3821,95276850,34179590,129456440,9,0,0,32256,21,2453015731
3822,95316250,34130339,129446589,0,0,0,138240,13,9899559878
3823,95386280,33840131,129226411,9,0,0,94720,21,2160725711
3824,95412900,34227305,129640205,9,0,0,132608,21,3648583965
3825,95427210,65664890,161092100,5,0,1,105984,15,6451637331
3826,95431180,34072163,129503343,9,0,0,37888,21,5573146468
3827,95540630,65555656,161096286,7,0,1,6656,20,8278998700
3828,95554840,34165262,129720102,0,0,0,122880,13,9095960584
3829,95605920,65493272,161099192,3,0,1,4608,20,8895643410
3830,95627790,65509039,161136829,3,0,1,29184,20,1141994820
3831,95708130,34309834,130017964,7,0,0,229376,20,292426645
3832,95718410,65427991,161146401,7,0,1,8192,20,808261277
3833,95730100,65499355,161229455,7,0,1,75264,20,5066771211
3834,95755690,65476031,161231721,3,0,1,3584,20,5198848329
3835,95762190,65476943,161239133,3,0,1,11776,20,3234900596
3836,95892929,65346563,161239492,8,0,1,9728,14,9654434879
3837,95906410,65350369,161256779,5,0,1,53760,15,3180356106
3838,95925520,65342550,161268070,7,0,1,3072,20,5177961724
3839,95936569,65335047,161271616,8,0,1,5632,14,4369318518
3840,95943799,65330723,161274522,8,0,1,4608,14,6300519398
3841,96015850,65271987,161287837,7,0,1,18432,20,3030653557
3842,96028459,65260146,161288605,8,0,1,11776,14,4095349594
3843,96044600,65310016,161354616,7,0,1,9728,20,7412056842
3844,96060880,35003871,131064751,0,0,0,24064,13,9914621419
3845,96104710,35370572,131475282,8,0,0,223744,14,7446540137
3846,96109940,65261266,161371206,7,0,1,15872,20,9594405406
3847,96126959,65332030,161458989,8,0,1,116224,14,125834523
3848,96180370,35471647,131652017,0,0,0,215040,13,5562791406
3849,96186969,65290455,161477424,8,0,1,4096,14,7508996719
3850,96240400,34907542,131147942,9,0,0,6144,21,2965615474
3851,96264419,65213991,161478410,8,0,1,1536,14,8969983699
3852,96337560,35176736,131514296,7,0,0,104448,20,7774342392
3853,96356040,35375028,131731068,7,0,0,77824,20,8240030565
3854,96374530,35152425,131526955,9,0,0,41472,21,4250202488
3855,96465160,65152176,161617336,5,0,1,108032,15,10725658612
3856,96473860,65183062,161656922,5,0,1,112640,15,4121759066
3857,96496740,65160205,161656945,7,0,1,17408,20,767522677
3858,96540540,65116428,161656968,7,0,1,4608,20,4802162706
3859,96575530,35627100,132202630,9,0,0,136192,21,8656414644
3860,96577470,65184717,161762187,5,0,1,145408,15,7932122618
3861,96628179,65138399,161766578,8,0,1,19968,14,7167921076
3862,96651500,35467825,132119325,7,0,0,118272,20,3356661361
3863,96652720,65117724,161770444,7,0,1,6144,20,105339369
3864,96682050,35994982,132677032,0,0,0,207872,13,7183958127
3865,96698720,36055694,132754414,0,0,0,91648,13,3646755324
3866,96701710,65122884,161824594,7,0,1,101888,20,790988656
3867,96738699,65099036,161837735,8,0,1,26624,14,301860927
3868,96743230,65109465,161852695,7,0,1,17408,20,6529976216
3869,96750290,35849072,132599362,7,0,0,226304,20,1220484436
3870,96793280,65073139,161866419,7,0,1,18944,20,2003384151
3871,96813510,36184644,132998154,0,0,0,140288,13,5573347067
3872,96832280,65065563,161897843,7,0,1,8704,20,10158305898
3873,96844040,35528400,132372440,9,0,0,225280,21,10168617126
3874,96905769,65002046,161907815,8,0,1,20992,14,49773792
3875,96959750,64964156,161923906,6,0,1,51712,11,2302308633
3876,97011900,64943290,161955190,5,0,1,46080,15,2911371580
3877,97031690,35842265,132873955,0,0,0,351744,13,9628143237
3878,97037100,64937637,161974737,5,0,1,38912,15,8410327897
3879,97100510,64879412,161979922,5,0,1,24576,15,3258877353
3880,97177809,64807659,161985468,8,0,1,6144,14,7773398050
3881,97189390,64797358,161986748,7,0,1,14336,20,3235739033
3882,97192820,64941085,162133905,0,0,1,18944,13,7547853253
3883,97199360,65006679,162206039,7,0,1,37888,20,2784583596
3884,97204020,65016038,162220058,0,0,1,34304,13,5193996136
3885,97213689,65031733,162245422,8,0,1,23552,14,8362014028
3886,97225470,35820154,133045624,7,0,0,151040,20,9938151848
3887,97290550,35932934,133223484,7,0,0,204288,20,2609329002
3888,97291439,65043323,162334762,9,0,1,81920,21,617802911
3889,97304730,65085399,162390129,7,0,1,12288,20,8096011630
3890,97310700,35625627,132936327,0,0,0,94208,13,2646569333
3891,97382090,65022420,162404510,7,0,1,21504,20,9600749348
3892,97419200,36218254,133637454,9,0,0,71168,21,3464514624
3893,97434250,35723455,133157705,1,0,0,111616,23,4717998930
3894,97439570,64981303,162420873,0,0,1,8192,13,10172771477
3895,97456560,65177783,162634343,5,0,1,31744,15,1051717507
3896,97466099,65168267,162634366,8,0,1,6656,14,9852976235
3897,97512500,35758019,133270519,1,0,0,94208,23,6425390125
3898,97526530,65107859,162634389,0,0,1,49664,13,1630220389
3899,97543400,35827878,133371278,7,0,0,21504,20,1980801405
3900,97567919,65066493,162634412,8,0,1,20480,14,9229773648
3901,97610229,65024206,162634435,8,0,1,1536,14,3186734596
3902,97619030,36311145,133930175,9,0,0,541184,21,9115101767
3903,97741160,64895349,162636509,7,0,1,13824,20,7115731432
3904,97765059,64871473,162636532,8,0,1,4096,14,6928973538
3905,97785560,64850995,162636555,4,0,1,7168,26,663957853
3906,97819790,36205668,134025458,9,0,0,225792,21,3453668744
3907,97875580,35819318,133694898,4,0,0,22016,26,9149081162
3908,97916279,64720299,162636578,8,0,1,64000,14,3349586498
3909,97940760,36014608,133955368,0,0,0,78848,13,3285879828
3910,98062730,36000222,134062952,1,0,0,122880,23,1730167672
3911,98073890,35857431,133931321,9,0,0,3584,21,8636708859
3912,98137470,64524738,162662208,5,0,1,6656,15,10055553840
3913,98167860,35788779,133956639,7,0,0,4096,20,8921899432
3914,98190079,64472176,162662255,8,0,1,10240,14,1485137058
3915,98267089,64431248,162698337,8,0,1,34816,14,10348635481
3916,98319260,64379100,162698360,5,0,1,7168,15,476350706
3917,98334640,64363743,162698383,7,0,1,15360,20,1881369048
3918,98342660,35807207,134149867,1,0,0,55296,23,10608313343
3919,98355360,35728013,134083373,0,0,0,64512,13,5617029564
3920,98375629,64322793,162698422,8,0,1,23040,14,7521953735
3921,98391320,35773814,134165134,9,0,0,37376,21,3844239215
3922,98407370,35725626,134132996,9,0,0,44032,21,5486183340
3923,98442300,64256145,162698445,7,0,1,29184,20,10569956339
3924,98456550,64255357,162711907,5,0,1,4096,15,6628548330
3925,98474430,36276094,134750524,1,0,0,61952,23,5218067312
3926,98502190,35974170,134476360,0,0,0,64512,13,517900409
3927,98524920,35773643,134298563,9,0,0,38400,21,641010487
3928,98562670,36351601,134914271,7,0,0,208896,20,2775158253
3929,98680309,64031629,162711938,8,0,1,3584,14,8912345202
3930,98727770,35919607,134647377,7,0,0,138752,20,10331176072
3931,98733089,63978872,162711961,8,0,1,27136,14,4414111902
3932,98736320,63988257,162724577,7,0,1,11264,20,2331637681
3933,98788310,63940581,162728891,5,0,1,17408,15,9812387281
3934,98804660,35607728,134412388,1,0,0,15872,23,7163492002
3935,98891820,35662254,134554074,7,0,0,3584,20,7805969486
3936,98896030,63833629,162729659,7,0,1,11776,20,6747661251
3937,98943720,36205394,135149114,0,0,0,310784,13,7703568326
3938,98968220,35616747,134584967,7,0,0,5632,20,4690577575
3939,99091650,35910089,135001739,9,0,0,208896,21,7295863510
3940,99116520,35937879,135054399,0,0,0,129536,13,5113115116
3941,99129590,35808447,134938037,9,0,0,69632,21,1484380937
3942,99138460,35665818,134804278,7,0,0,3072,20,2306751859
3943,99147130,35769668,134916798,1,0,0,8192,23,1067075588
3944,99162470,63703186,162865656,7,0,1,2048,20,2302749425
3945,99313970,65140639,164454609,5,0,1,19968,15,426863422
3946,99343620,35842965,135186585,1,0,0,122880,23,4734583767
3947,99374010,65081905,164455915,7,0,1,2048,20,1387580663
3948,99382860,35874441,135257301,1,0,0,219648,23,2888561974
3949,99403660,65261033,164664693,4,0,1,35840,26,6991420845
3950,99414630,65308667,164723297,4,0,1,33792,26,6258845312
3951,99461530,65266273,164727803,4,0,1,7168,26,3676687710
3952,99581140,35979643,135560783,1,0,0,179200,23,6916802128
3953,99601480,65204816,164806296,7,0,1,15360,20,1806669698
3954,99615440,65463329,165078769,4,0,1,2560,26,5942526404
3955,99635740,65443052,165078792,7,0,1,512,20,8994130633
3956,99715790,35741402,135457192,9,0,0,315392,21,3915451681
3957,99857510,35921366,135778876,9,0,0,110080,21,1424244702
3958,99870750,65210919,165081669,7,0,1,53760,20,2884827934
3959,100089560,64992132,165081692,4,0,1,1024,26,10131489435
3960,100094220,64992735,165086955,7,0,1,27648,20,6857661519
3961,100174090,35283593,135457683,7,0,0,1536,20,913877498
3962,100176500,35296494,135472994,1,0,0,50176,23,3495370752
3963,100186390,64949319,165135709,4,0,1,13824,26,6609341073
3964,100206710,35053110,135259820,0,0,0,8192,13,8809313982
3965,100344430,35240088,135584518,1,0,0,77824,23,7774465165
3966,100373390,64880305,165253695,4,0,1,88576,26,8170465736
3967,100374650,65154165,165528815,7,0,1,6656,20,2998778341
3968,100486540,65042322,165528862,4,0,1,22016,26,4443938053
3969,100497480,35107445,135604925,1,0,0,32256,23,6197762309
3970,100511210,65017675,165528885,7,0,1,39424,20,3831973520
3971,100534080,35395248,135929328,9,0,0,161792,21,3987594295
3972,100552790,64976118,165528908,4,0,1,5632,26,3702824533
3973,100568130,64960801,165528931,7,0,1,7680,20,4686957183
3974,100602550,65041867,165644417,7,0,1,46592,20,9989254178
3975,100715140,35065007,135780147,7,0,0,4096,20,4729336836
3976,100718290,35356640,136074930,0,0,0,250368,13,5453228348
3977,100759640,35502226,136261866,0,0,0,162816,13,4177688703
3978,100858400,35510193,136368593,9,0,0,119296,21,5344634076
3979,100861250,35088118,135949368,7,0,0,5632,20,538089016
3980,100887640,35314655,136202295,0,0,0,43520,13,9313747200
3981,100913810,64753764,165667574,4,0,1,53248,26,1049198944
3982,100919870,35167251,136087121,9,0,0,39936,21,5943459630
3983,100974070,35173184,136147254,7,0,0,512,20,7321409845
3984,101017760,35373164,136390924,0,0,0,73216,13,4664170962
3985,101103660,35352052,136455712,7,0,0,4096,20,5667531136
3986,101127550,35459149,136586699,7,0,0,2048,20,1964036418
3987,101128509,64539088,165667597,8,0,1,5632,14,9185111650
3988,101129180,64538440,165667620,4,0,1,31232,26,2140018018
3989,101166500,64570274,165736774,2,0,1,17920,19,5107892499
3990,101235999,64504097,165740096,8,0,1,23552,14,1579081105
3991,101306139,64462668,165768807,8,0,1,35328,14,8354769724
3992,101321280,64449757,165771037,3,0,1,75776,20,5959220899
3993,101441050,35414673,136855723,1,0,0,85504,23,9534113153
3994,101469610,35343441,136813051,0,0,0,17920,13,911524118
3995,101570980,35482863,137053843,1,0,0,221184,23,3070039215
3996,101572749,64198319,165771068,8,0,1,36864,14,25056807
3997,101664019,64107072,165771091,8,0,1,10752,14,738039877
3998,101677510,36122223,137799733,0,0,0,272384,13,1964361919
3999,101678100,35867075,137545175,1,0,0,129536,23,4488218699
4000,101709170,35936669,137645839,7,0,0,5632,20,4870674538
4001,101714979,64056135,165771114,8,0,1,17408,14,5846979584
4002,101741399,35744875,137486274,3,0,0,294400,20,2175948332
4003,101765230,35878870,137644100,0,0,0,238080,13,934990771
4004,101805390,63965763,165771153,3,0,1,15872,20,1779629807
4005,101840750,35831944,137672694,0,0,0,88064,13,10153619690
4006,101854800,63978955,165833755,4,0,1,1024,26,4155248550
4007,101856599,63977179,165833778,8,0,1,19456,14,2849954637
4008,101869050,63964751,165833801,3,0,1,4096,20,8043563479
4009,101880440,64010051,165890491,7,0,1,20480,20,3648962598
4010,101967240,63923290,165890530,4,0,1,12800,26,4679532852
4011,101983249,63911266,165894515,8,0,1,131072,14,9765895854
4012,101989930,35828702,137818632,0,0,0,61952,13,8308632457
4013,101991400,63928952,165920352,4,0,1,47104,26,9705908433
4014,102005720,35914867,137920587,1,0,0,146432,23,5871954339
4015,102013220,35805903,137819123,7,0,0,1536,20,2265402903
4016,102018890,63908200,165927090,3,0,1,2560,20,8629859604
4017,102027129,63906723,165933852,8,0,1,13312,14,2667437902
4018,102027840,36097945,138125785,0,0,0,55808,13,7801016993
4019,102038369,63899029,165937398,8,0,1,5632,14,10666015358
4020,102078170,63861648,165939818,7,0,1,12288,20,4431770125
4021,102079759,64971245,167051004,8,0,1,40448,14,6190408532
4022,102090630,64960732,167051362,3,0,1,23040,20,9276634037
4023,102097719,65063825,167161544,8,0,1,34816,14,3609471748
4024,102098910,65062657,167161567,3,0,1,4096,20,8965522043
4025,102109489,65052101,167161590,8,0,1,4096,14,4447033787
4026,102141339,65020274,167161613,8,0,1,16384,14,5897417943
4027,102155190,65170464,167325654,7,0,1,35328,20,8547136777
4028,102157140,65169808,167326948,4,0,1,12800,26,655911303
4029,102179520,65148606,167328126,4,0,1,64000,26,7241878064
4030,102179840,65148309,167328149,7,0,1,39424,20,258502085
4031,102242190,36453544,138695734,0,0,0,379904,13,4666483233
4032,102249870,65078302,167328172,4,0,1,15872,26,1630111626
4033,102282320,37122064,139404384,0,0,0,578048,13,10608931635
4034,102315090,65013105,167328195,4,0,1,2560,26,7192484809
4035,102324880,37242825,139567705,0,0,0,102400,13,10702211482
4036,102338260,65003874,167342134,1,0,1,42496,23,8484245259
4037,102380410,64970323,167350733,3,0,1,14848,20,6942660930
4038,102394070,64960529,167354599,3,0,1,6144,20,2511807601
4039,102433779,36707822,139141601,3,0,0,52224,20,9023807066
4040,102450720,64918895,167369615,3,0,1,23040,20,364498263
4041,102458090,64912396,167370486,4,0,1,12288,26,2435551270
4042,102460540,36236153,138696693,7,0,0,3072,20,7689862123
4043,102474650,64927644,167402294,7,0,1,25600,20,10378148868
4044,102535789,64891946,167427735,8,0,1,6144,14,9589417070
4045,102552560,36886635,139439195,1,0,0,114176,23,10628179178
4046,102562010,36615735,139177745,0,0,0,106496,13,1793719032
4047,102590840,64849925,167440765,7,0,1,34816,20,10159566124
4048,102598850,65069158,167668008,7,0,1,7680,20,8959353030
4049,102608209,65095748,167703957,8,0,1,48128,14,9644832445
4050,102630580,36878618,139509198,1,0,0,123904,23,9628906471
4051,102645979,65058001,167703980,8,0,1,33280,14,5377784560
4052,102682080,36500859,139182939,7,0,0,16896,20,3055753849
4053,102695900,65015146,167711046,7,0,1,14848,20,10649082098
4054,102722150,64989098,167711248,7,0,1,19456,20,4381848934
4055,102843400,64867871,167711271,3,0,1,3072,20,6185012308
4056,102959570,64751724,167711294,7,0,1,10752,20,677687165
4057,102976590,64734727,167711317,0,0,1,6656,13,6896316557
4058,103094850,36376550,139471400,1,0,0,105472,23,1101710809
4059,103107070,64604449,167711519,7,0,1,50688,20,1694331990
4060,103109610,64601932,167711542,1,0,1,8704,23,9597013867
4061,103136690,64577706,167714396,0,0,1,8704,13,3866323576
4062,103159010,64657947,167816957,3,0,1,49152,20,6543784653
4063,103180170,36642833,139823003,1,0,0,22528,23,1304211914
4064,103194399,64622589,167816988,8,0,1,23552,14,4328369081
4065,103204400,64612619,167817019,7,0,1,8192,20,6806695988
4066,103207400,37037359,140244759,1,0,0,333312,23,1757316150
4067,103221650,64595392,167817042,7,0,1,5120,20,10268748079
4068,103239950,64577115,167817065,0,0,1,7168,13,99527086
4069,103270050,36247595,139517645,0,0,0,27648,13,2110248201
4070,103275109,36797460,140072569,3,0,0,624640,20,7346204471
4071,103279910,64537513,167817423,3,0,1,51712,20,2609876861
4072,103308060,64510901,167818961,0,0,1,25600,13,2197982192
4073,103317360,64502739,167820099,0,0,1,38400,13,2290759003
4074,103319249,64500873,167820122,8,0,1,24576,14,5432361639
4075,103336560,64483585,167820145,7,0,1,7680,20,8887260905
4076,103337840,36746186,140084026,1,0,0,34304,23,5288778682
4077,103355840,64464328,167820168,1,0,1,5120,23,3808981606
4078,103381499,36939255,140320754,3,0,0,249344,20,6196741390
4079,103409320,37054447,140463767,0,0,0,36864,13,2597933564
4080,103414560,36658991,140073551,7,0,0,3072,20,2348255095
4081,103432439,36694482,140126921,3,0,0,39936,20,5647507059
4082,103444359,37259381,140703740,3,0,0,431104,20,3084117623
4083,103444770,64375756,167820526,7,0,1,48128,20,5523303692
4084,103452380,64381944,167834324,3,0,1,24064,20,7203415504
4085,103525429,64344114,167869543,8,0,1,62464,14,7888518644
4086,103527440,36923622,140451062,0,0,0,80384,13,10648107046
4087,103529580,64344149,167873729,3,0,1,6656,20,4668287481
4088,103633700,64282936,167916636,7,0,1,104448,20,7226439310
4089,103637569,64280038,167917607,8,0,1,512,14,10471803920
4090,103680250,64249568,167929818,0,0,1,24576,13,2709144897
4091,103699800,36643293,140343093,7,0,0,2048,20,8208627917
4092,103712180,64231633,167943813,0,0,1,27648,13,440523654
4093,103740270,64230306,167970576,1,0,1,26624,23,6042625648
4094,103755670,64215892,167971562,0,0,1,1536,13,345040092
4095,103761950,36690562,140452512,5,0,0,4608,15,10480143541
4096,103769290,64202938,167972228,0,0,1,1024,13,2780385238
4097,103794150,64182264,167976414,1,0,1,6656,23,3317685537
4098,103851830,64132867,167984697,7,0,1,23040,20,6152157848
4099,103886489,36940239,140826728,3,0,0,129024,20,8402066399
4100,103888740,64101142,167989882,1,0,1,16384,23,1186420217
4101,103911110,36954797,140865907,1,0,0,128512,23,5331180458
4102,103928010,36859383,140787393,1,0,0,141312,23,8935592668
4103,103940290,64049848,167990138,1,0,1,9216,23,10285597711
4104,103944839,37438660,141383499,3,0,0,183296,20,6207767334
4105,103950000,64040804,167990804,3,0,1,1024,20,153678389
4106,103956460,36747771,140704231,7,0,0,1536,20,5149965097
4107,103959699,37204321,141164020,3,0,0,124928,20,7305394964
4108,103998190,63992768,167990958,1,0,1,8704,23,8088238361
4109,104031839,63962184,167994023,8,0,1,10752,14,3959488441
4110,104074930,37347748,141422678,0,0,0,128512,13,7915929270
4111,104102060,63908593,168010653,3,0,1,29696,20,6269882687
4112,104122160,37478508,141600668,0,0,0,246272,13,9712393554
4113,104140730,37367057,141507787,0,0,0,121344,13,1021782042
4114,104207290,63822714,168030004,3,0,1,13312,20,6706087762
4115,104255489,63789826,168045315,8,0,1,38912,14,5220542246
4116,104259490,37494615,141754105,1,0,0,246272,23,7666066352
4117,104295570,63758553,168054123,1,0,1,9216,23,8760460090
4118,104329650,63724729,168054379,0,0,1,9216,13,4549693443
4119,104341320,63717072,168058392,7,0,1,2048,20,8657375874
4120,104354530,63707088,168061618,0,0,1,5120,13,9995602418
4121,104448880,63661643,168110523,1,0,1,97792,23,2661297891
4122,104465700,63698219,168163919,3,0,1,83968,20,8117410358
4123,104470810,37200841,141671651,0,0,0,9728,13,5287584675
4124,104474519,63727064,168201583,8,0,1,40960,14,2169599160
4125,104475320,37408786,141884106,0,0,0,129024,13,9866454194
4126,104502080,63703273,168205353,7,0,1,10752,20,5948984220
4127,104511780,63700384,168212164,7,0,1,6144,20,7465196508
4128,104537810,63682726,168220536,5,0,1,13312,15,8416998732
4129,104602109,63654826,168256935,8,0,1,35328,14,3293641634
4130,104614250,63650963,168265213,1,0,1,512,23,5704661184
4131,104629490,63696099,168325589,0,0,1,88064,13,5834036726
4132,104717050,37406513,142123563,1,0,0,24064,23,10491154788
4133,104723810,37257304,141981114,0,0,0,63488,13,2967229835
4134,104750190,63578625,168328815,1,0,1,5120,23,1575517532
4135,104771510,63557651,168329161,0,0,1,512,13,2312766078
4136,104773430,37406391,142179821,0,0,0,143360,13,8867426735
4137,104797300,63532732,168330032,3,0,1,12288,20,1234538432
4138,104797429,63535189,168332618,8,0,1,4096,14,6025289722
4139,104797500,63561617,168359117,7,0,1,59392,20,5421156462
4140,104808090,37467264,142275354,1,0,0,15872,23,1334027684
4141,104824410,63555700,168380110,1,0,1,51200,23,5045367007
4142,104900760,37522031,142422791,7,0,0,1024,20,8905895220
4143,104980209,63409233,168389442,8,0,1,14848,14,1897512816
4144,104996369,63399932,168396301,8,0,1,35328,14,2199353198
4145,105007910,37601157,142609067,1,0,0,94720,23,1254772852
4146,105022329,63398288,168420617,8,0,1,15360,14,4395100295
4147,105069510,63356253,168425763,1,0,1,8192,23,2769678159
4148,105074390,63368208,168442598,1,0,1,35840,23,6526490192
4149,105124700,37508542,142633242,0,0,0,2048,13,6675650084
4150,105127140,37491199,142618339,7,0,0,4608,20,4611293171
4151,105132250,63318618,168450868,0,0,1,6144,13,7843322383
4152,105134660,37476614,142611274,0,0,0,7168,13,238551276
4153,105135970,63318764,168454734,3,0,1,6144,20,6481748396
4154,105198000,63262072,168460072,7,0,1,13312,20,5210644020
4155,105227830,63257669,168485499,3,0,1,41984,20,354325350
4156,105265090,63222151,168487241,3,0,1,24576,20,4530793576
4157,105309479,63199030,168508509,8,0,1,4608,14,486533096
4158,105311170,63223417,168534587,1,0,1,75776,23,6385500984
4159,105352870,63191689,168544559,3,0,1,13824,20,242519886
4160,105368410,38104292,143472702,0,0,0,169472,13,485904503
4161,105401789,63149978,168551767,8,0,1,10240,14,10666272526
4162,105414240,63156740,168570980,3,0,1,25088,20,597672250
4163,105415950,63163649,168579599,1,0,1,25600,23,1385937319
4164,105422170,63157583,168579753,0,0,1,8704,13,3353347240
4165,105431570,38162610,143594180,7,0,0,3072,20,6884730307
4166,105434989,63158297,168593286,8,0,1,19456,14,2663757443
4167,105438210,63195114,168633324,1,0,1,25600,23,8138908554
4168,105454450,63183060,168637510,6,0,1,6656,11,5350762843
4169,105496340,63144396,168640736,1,0,1,5120,23,10703942839
4170,105518410,63126960,168645370,7,0,1,17920,20,4372824114
4171,105533860,63116336,168650196,7,0,1,7680,20,3186888016
4172,105549779,63101697,168651476,8,0,1,14336,14,607553748
4173,105555300,63101261,168656561,6,0,1,20992,11,8554781937
4174,105565590,63096360,168661950,1,0,1,17408,23,4597556245
4175,105578410,63130045,168708455,7,0,1,46592,20,10564477638
4176,105582439,63142532,168724971,8,0,1,26112,14,8972219439
4177,105583099,63148952,168732051,8,0,1,33792,14,8164826388
4178,105638120,38677901,144316021,1,0,0,8192,23,5982320304
4179,105638800,63105004,168743804,7,0,1,47616,20,9761697183
4180,105640850,63117527,168758377,5,0,1,20480,15,9769037406
4181,105660470,38425064,144085534,1,0,0,1536,23,1128311138
4182,105679820,63082743,168762563,3,0,1,6656,20,8627149069
4183,105689580,63078129,168767709,1,0,1,8192,23,1627396455
4184,105692009,38986157,144678166,3,0,0,217600,20,6878677750
4185,105692840,39121186,144814026,0,0,0,105472,13,7654147088
4186,105715780,38786397,144502177,1,0,0,4608,23,5531914170
4187,105747509,63020559,168768068,8,0,1,9728,14,3003260311
4188,105761360,38738544,144499904,7,0,0,1536,20,4871181708
4189,105779350,62993864,168773214,6,0,1,8192,11,9863212312
4190,105790360,38718873,144509233,7,0,0,2560,20,3355004866
4191,105793560,62979808,168773368,7,0,1,8704,20,5602729822
4192,105808370,62969490,168777860,0,0,1,6656,13,10652187262
4193,105808990,62999454,168808444,3,0,1,23040,20,1858119073
4194,105856590,62953480,168810070,6,0,1,2560,11,2235253882
4195,105857920,62956976,168814896,6,0,1,7680,11,9419960642
4196,105957440,62858762,168816202,1,0,1,2048,23,1869300723
4197,105990880,38877613,144868493,0,0,0,178688,13,7302822370
4198,106006670,38544261,144550931,7,0,0,512,20,711276938
4199,106042720,38670748,144713468,0,0,0,103936,13,3864122357
4200,106094360,38325294,144419654,0,0,0,3072,13,2377153296
4201,106098430,38371902,144470332,7,0,0,6144,20,5569802323
4202,106127100,38554677,144681777,7,0,0,11776,20,3243346768
4203,106212980,62613796,168826776,6,0,1,33792,11,857061406
4204,106216360,62612682,168829042,3,0,1,3584,20,1375688007
4205,106251690,38476638,144728328,7,0,0,3072,20,4858524573
4206,106261649,62568379,168830028,8,0,1,1536,14,6393655259
4207,106264680,38604936,144869616,1,0,0,3584,23,7878806877
4208,106278039,62554473,168832512,8,0,1,15872,14,3963889220
4209,106280310,62555108,168835418,4,0,1,4608,26,6546461751
4210,106287089,62548829,168835918,8,0,1,9216,14,9165813675
4211,106304530,62536534,168841064,3,0,1,8192,20,4617738506
4212,106313000,62601040,168914040,6,0,1,113664,11,7167377586
4213,106318569,62610519,168929088,8,0,1,19968,14,7220841607
4214,106383590,62557005,168940595,6,0,1,35328,11,2429517222
4215,106400359,62558820,168959179,8,0,1,41984,14,3296390655
4216,106431800,62529645,168961445,6,0,1,3584,11,8452172803
4217,106443650,38513770,144957420,1,0,0,2048,23,8912957097
4218,106467769,38450511,144918280,3,0,0,4608,20,5988313896
4219,106477530,62488272,168965802,4,0,1,512,26,221788765
4220,106497280,62473348,168970628,4,0,1,7680,26,770497728
4221,106542060,62476233,169018293,7,0,1,97792,20,4154070861
4222,106558410,62476201,169034611,7,0,1,52224,20,6253225429
4223,106563890,62497347,169061237,7,0,1,26112,20,3082333201
4224,106569579,62495204,169064783,8,0,1,5632,14,5879504191
4225,106611900,62457735,169069635,7,0,1,7680,20,8744265747
4226,106619389,62500086,169119475,8,0,1,67584,14,6105617415
4227,106656640,62463501,169120141,3,0,1,1024,20,839287553
4228,106656690,62479426,169136116,4,0,1,32256,26,7318475310
4229,106724279,62419569,169143848,8,0,1,23552,14,1784167575
4230,106727690,38822221,145549911,1,0,0,512,23,9625970735
4231,106743870,38791706,145535576,1,0,0,9728,23,1555835083
4232,106762710,62392455,169155165,7,0,1,26112,20,3574996082
4233,106802900,62377224,169180124,6,0,1,46592,11,8457662288
4234,106803500,62390579,169194079,3,0,1,47616,20,6125882643
4235,106809929,62405201,169215130,8,0,1,6656,14,4715139187
4236,106818100,62398976,169217076,7,0,1,3072,20,10562301682
4237,106884949,62336864,169221813,8,0,1,18432,14,5226934354
4238,106886620,38715970,145602590,1,0,0,1536,23,10283077025
4239,106936020,62292295,169228315,6,0,1,19968,11,6650758246
4240,106945460,38781407,145726867,7,0,0,1024,20,10522637442
4241,106955129,39174138,146129267,3,0,0,160256,20,8934025918
4242,106977410,62301533,169278943,4,0,1,111104,26,2457888256
4243,106978139,39629185,146607324,3,0,0,371200,20,9829218430
4244,107006589,62284274,169290863,8,0,1,4096,14,7641008707
4245,107040229,38847004,145887233,3,0,0,77824,20,1355549083
4246,107060530,62231639,169292169,7,0,1,2048,20,5094926229
4247,107074550,62218131,169292681,3,0,1,18432,20,2990952621
4248,107088799,39342214,146431013,3,0,0,460288,20,9437698755
4249,107104729,39330455,146435184,3,0,0,13312,20,8603817977
4250,107112739,62199655,169312394,8,0,1,43008,14,1352761955
4251,107114170,39042944,146157114,7,0,0,5632,20,605511167
4252,107144930,62184954,169329884,4,0,1,26624,26,4401554307
4253,107148439,39064935,146213374,3,0,0,77312,20,5057882589
4254,107155450,62192458,169347908,7,0,1,33792,20,4632369811
4255,107156050,39553188,146709238,0,0,0,334336,13,7683214227
4256,107175460,39574029,146749489,1,0,0,7680,23,10690071063
4257,107185530,39678475,146864005,0,0,0,222208,13,8359082218
4258,107200040,62162909,169362949,4,0,1,15872,26,5977633371
4259,107229570,39480709,146710279,7,0,0,1024,20,2674756397
4260,107252220,39457407,146709627,7,0,0,1024,20,2997701066
4261,107282670,62101645,169384315,6,0,1,40960,11,1099826922
4262,107287469,39675944,146963413,3,0,0,82432,20,7871493372
4263,107337060,62052081,169389141,7,0,1,7680,20,9198989005
4264,107357930,39421790,146779720,7,0,0,7168,20,2442707261
4265,107390579,39505764,146896343,3,0,0,85504,20,10397629515
4266,107414919,61977128,169392047,8,0,1,4608,14,2536264628
4267,107423230,61971877,169395107,4,0,1,13312,26,9408061779
4268,107439840,62010633,169450473,7,0,1,60928,20,8228958817
4269,107444160,39265761,146709921,7,0,0,512,20,8591833194
4270,107449570,62009552,169459122,7,0,1,14336,20,1000744175
4271,107454600,62005086,169459686,3,0,1,10752,20,2921550276
4272,107468060,62010586,169478646,6,0,1,65536,11,5179281670
4273,107469279,39400989,146870268,3,0,0,20480,20,7114331300
4274,107481300,62002172,169483472,3,0,1,7680,20,3912726541
4275,107511690,39402048,146913738,0,0,0,24064,13,482029744
4276,107550860,39413512,146964372,1,0,0,3072,23,1190558681
4277,107564610,61919835,169484445,6,0,1,12800,11,6811930006
4278,107581330,39655891,147237221,7,0,0,2560,20,9070953697
4279,107653039,39280445,146933484,3,0,0,2048,20,1875421907
4280,107657930,39708931,147366861,0,0,0,100352,13,9551320440
4281,107699540,61800186,169499726,3,0,1,24576,20,8774922003
4282,107762460,39470468,147232928,7,0,0,1536,20,10093085988
4283,107814220,61698139,169512359,6,0,1,43520,11,7286824806
4284,107840080,39454472,147294552,7,0,0,10240,20,6800405423
4285,107914790,39698927,147613717,0,0,0,614400,13,9879259191
4286,107989100,38945840,146934940,7,0,0,2048,20,9459556664
4287,108003400,61531452,169534852,4,0,1,7680,26,7080873073
4288,108018570,61516948,169535518,4,0,1,1024,26,3656214589
4289,108028860,61507119,169535979,2,0,1,10240,19,8970421823
4290,108038240,61512772,169551012,3,0,1,38912,20,4364221301
4291,108156230,39474514,147630744,0,0,0,55808,13,8611214735
4292,108162390,39123831,147286221,1,0,0,2048,23,2181471407
4293,108171040,61381117,169552157,6,0,1,14848,11,7471872406
4294,108185530,61367933,169553463,1,0,1,2048,23,10647110480
4295,108201040,61353703,169554743,3,0,1,14336,20,7607306483
4296,108214580,38914629,147129209,1,0,0,1024,23,2589825582
4297,108246950,39489874,147736824,7,0,0,2560,20,7662694486
4298,108264980,61303032,169568012,4,0,1,27648,26,6692292322
4299,108268200,61321682,169589882,3,0,1,17920,20,3904942561
4300,108274860,39375586,147650446,0,0,0,58880,13,3983273181
4301,108318470,61273358,169591828,6,0,1,3072,11,2387383938
4302,108337350,61262042,169599392,6,0,1,9728,11,1635739792
4303,108377780,38937808,147315588,0,0,0,25600,13,4964979791
4304,108415570,61222126,169637696,4,0,1,79872,26,3515271987
4305,108429230,61214060,169643290,6,0,1,18432,11,2020194705
4306,108464040,61185885,169649925,3,0,1,10752,20,9900993363
4307,108467720,61214774,169682494,3,0,1,51200,20,4027925852
4308,108490880,39141603,147632483,1,0,0,5632,23,9462436027
4309,108539690,61209813,169749503,3,0,1,81408,20,8383181760
4310,108548930,61219817,169768747,6,0,1,39424,11,5620081905
4311,108560750,61231102,169791852,1,0,1,27648,23,8760840021
4312,108571359,39161363,147732722,3,0,0,71168,20,5802998334
4313,108596030,61220389,169816419,6,0,1,63488,11,8689523597
4314,108618420,61207200,169825620,6,0,1,16896,11,8914216233
4315,108629220,39072126,147701346,1,0,0,1024,23,1318811281
4316,108635440,39100581,147736021,1,0,0,10752,23,583281447
4317,108639820,61185954,169825774,6,0,1,8704,11,8633199371
4318,108654450,39170337,147824787,0,0,0,188416,13,3427783729
4319,108676740,61186870,169863610,3,0,1,33792,20,3213847646
4320,108706550,38991407,147697957,0,0,0,69120,13,5507580944
4321,108841990,61029303,169871293,1,0,1,4096,23,2427516057
4322,108849650,61029901,169879551,4,0,1,47616,26,9988360540
4323,108852010,61061537,169913547,4,0,1,47616,26,4670177796
4324,108860810,38990341,147851151,0,0,0,83456,13,2158386518
4325,108900930,39238743,148139673,0,0,0,318464,13,4181819414
4326,108909360,39485354,148394714,1,0,0,1024,23,7574742116
4327,108948380,61000224,169948604,1,0,1,35840,23,6025659746
4328,108985740,60968049,169953789,0,0,1,16384,13,9036026285
4329,108991410,60964223,169955633,0,0,1,25088,13,6839968619
4330,109048279,39797025,148845304,3,0,0,1097216,20,10057366768
4331,109048729,40066563,149115292,3,0,0,359424,20,2587547426
4332,109053170,60928073,169981243,4,0,1,13312,26,4746691925
4333,109127630,39874055,149001685,0,0,0,512000,13,3304251951
4334,109189309,61052513,170241822,9,0,1,449024,21,4169455797
4335,109190530,39655109,148845639,1,0,0,1024,23,2108946122
4336,109224690,61019398,170244088,4,0,1,3584,26,1993501578
4337,109248039,61250493,170498532,9,0,1,472576,21,3222418629
4338,109259811,61240309,170500120,1,0,1,15872,23,6866406010
4339,109260550,61245779,170506329,1,0,1,21504,23,3199618608
4340,109346459,39855513,149201972,3,0,0,284160,20,1246969975
4341,109378530,61158774,170537304,1,0,1,31744,23,5430184222
4342,109426480,40375341,149801821,0,0,0,71680,13,8628178524
4343,109462480,61080960,170543440,0,0,1,18944,13,5247287894
4344,109507230,39909444,149416674,1,0,0,7168,23,2206147853
4345,109511619,61089462,170601081,9,0,1,123392,21,8499872241
4346,109515109,40611858,150126967,3,0,0,583168,20,2264424064
4347,109658950,39980679,149639629,7,0,0,2560,20,7753437686
4348,109719020,60899518,170618538,1,0,1,64512,23,10531314908
4349,109761350,40523535,150284885,0,0,0,406016,13,2086893304
4350,109768080,39434544,149202624,7,0,0,1536,20,270858499
4351,109781750,40571693,150353443,0,0,0,31232,13,7796092907
4352,109788649,39782993,149571642,3,0,0,58880,20,6479335423
4353,109834269,40493117,150327386,3,0,0,19968,20,6198651108
4354,109909640,39493740,149403380,1,0,0,1536,23,9911544273
4355,109956170,39804714,149760884,1,0,0,3072,23,8166601305
4356,110000530,60624773,170625303,2,0,1,19456,19,6396443982
4357,110010499,40662703,150673202,3,0,0,107520,20,6366951798
4358,110021070,40322765,150343835,0,0,0,46592,13,2931113175
4359,110043399,40556109,150599508,3,0,0,185856,20,8609853745
4360,110045520,40427918,150473438,0,0,0,393728,13,5478240042
4361,110047799,40592620,150640419,3,0,0,134144,20,1714000763
4362,110072620,60574926,170647546,7,0,1,34816,20,6052301979
4363,110075800,40085354,150161154,0,0,0,112128,13,3654149284
4364,110090070,60569632,170659702,2,0,1,11776,19,988745238
4365,110192000,39535781,149727781,1,0,0,5120,23,9169285275
4366,110200000,60463248,170663248,2,0,1,5632,19,6788026191
4367,110296170,40242764,150538934,0,0,0,151552,13,2475668788
4368,110309639,40011640,150321279,3,0,0,118272,20,4385856076
4369,110351690,60311917,170663607,7,0,1,9728,20,680335528
4370,110354920,60309033,170663953,7,0,1,512,20,3545617215
4371,110376180,60289553,170665733,2,0,1,11264,19,9003877495
4372,110447190,40669585,151116775,0,0,0,252928,13,4803043027
4373,110476029,40368574,150844603,3,0,0,203776,20,7423226081
4374,110494360,39835233,150329593,0,0,0,7168,13,1927754376
4375,110539860,60127717,170667577,7,0,1,25088,20,4916314080
4376,110612200,60061323,170673523,3,0,1,7168,20,5610823530
4377,110622079,39859182,150481261,3,0,0,25600,20,9003084186
4378,110641150,40034906,150676056,1,0,0,7168,23,964035165
4379,110654780,40540386,151195166,1,0,0,2048,23,7352277252
4380,110659720,60017669,170677389,2,0,1,6144,19,7698187525
4381,110712210,39966412,150678622,0,0,0,7680,13,6795778504
4382,110715859,39776852,150492711,3,0,0,37376,20,8730794081
4383,110716460,39568760,150285220,7,0,0,1024,20,8381440892
4384,110752290,39790567,150542857,7,0,0,12800,20,779685759
4385,110905129,40043550,150948679,3,0,0,222720,20,5604986357
4386,110988350,59703523,170691873,1,0,1,4096,23,2105543225
4387,111011160,40599085,151610245,0,0,0,376320,13,7392674450
4388,111027631,59669068,170696699,1,0,1,7680,23,10365747606
4389,111116540,59581504,170698044,1,0,1,11264,23,8997897129
4390,111148049,39846875,150994924,3,0,0,151552,20,1186107141
4391,111152030,39521819,150673849,1,0,0,2048,23,3739754637
4392,111234850,39441393,150676243,7,0,0,512,20,1182966453
4393,111240710,59474987,170715697,2,0,1,32256,19,346030499
4394,111257070,59460573,170717643,2,0,1,3072,19,689320243
4395,111318480,39865686,151184166,0,0,0,171008,13,9096759003
4396,111363250,59355699,170718949,6,0,1,2048,11,4338099853
4397,111364480,59372534,170737014,6,0,1,15360,11,7983683579
4398,111445240,39567046,151012286,7,0,0,11776,20,5669682998
4399,111445920,39562755,151008675,0,0,0,45056,13,2075860912
4400,111517670,59225297,170742967,2,0,1,17920,19,1556534815
4401,111564820,59184048,170748868,2,0,1,19968,19,3016309494
4402,111590020,59165326,170755346,2,0,1,27648,19,5933522443
4403,111602530,59156682,170759212,6,0,1,6144,11,10056012257
4404,111605960,59160166,170766126,2,0,1,31744,19,8791791647
4405,111637860,39617165,151255025,7,0,0,5120,20,268047512
4406,111653599,39841940,151495539,3,0,0,202240,20,8939328107
4407,111695510,40037395,151732905,0,0,0,269824,13,3122752804
4408,111700960,39323907,151024867,1,0,0,1536,23,8767235423
4409,111714590,59059947,170774537,6,0,1,21504,11,8373090652
4410,111731070,39453743,151184813,1,0,0,2048,23,5138375228
4411,111735120,59051868,170786988,2,0,1,3072,19,10511141113
4412,111740870,59064825,170805695,6,0,1,47616,11,6936419414
4413,111757170,59050545,170807715,6,0,1,10752,11,1664794767
4414,111789320,59024527,170813847,2,0,1,9728,19,7669887828
4415,111911100,58904373,170815473,2,0,1,2560,19,4705065881
4416,111945530,39365547,151311077,1,0,0,2560,23,1438955143
4417,111946030,39335137,151281167,1,0,0,2048,23,8737832004
4418,112031430,58786962,170818392,6,0,1,15872,11,7511617828
4419,112121810,39528307,151650117,1,0,0,11776,23,3543097181
4420,112128770,58692528,170821298,6,0,1,4608,11,4566892851
4421,112185260,58636806,170822066,6,0,1,11776,11,414532488
4422,112195110,39707470,151902580,8,0,0,238592,14,2610866556
4423,112228220,58597392,170825612,6,0,1,5632,11,2411192349
4424,112238220,39914562,152152782,8,0,0,122368,14,7215680508
4425,112296220,58531658,170827878,6,0,1,3584,11,3230020713
4426,112308220,39342427,151650647,1,0,0,1536,23,9562710863
4427,112343089,58646181,170989270,9,0,1,226816,21,3183381707
4428,112373499,39587831,151961330,3,0,0,19968,20,7050418380
4429,112492800,58496816,170989616,6,0,1,512,11,7415971165
4430,112505899,39449316,151955215,3,0,0,172544,20,5008741016
4431,112577700,39443385,152021085,8,0,0,100864,14,5780242431
4432,112610730,58381152,170991882,7,0,1,3584,20,9471759012
4433,112615950,39030510,151646460,0,0,0,118784,13,7299939879
4434,112619560,39564601,152184161,0,0,0,102912,13,4507938542
4435,112637610,39477865,152115475,0,0,0,173568,13,4825995843
4436,112647050,58352810,170999860,6,0,1,15872,11,4092254916
4437,112647860,58355226,171003086,7,0,1,5120,20,10579005409
4438,112672260,39599762,152272022,0,0,0,82944,13,9740225714
4439,112673050,39076476,151749526,8,0,0,54272,14,7727833556
4440,112693639,58316889,171010528,9,0,1,35840,21,1811635311
4441,112759219,58345666,171104885,9,0,1,176640,21,5618081149
4442,112761830,58353676,171115506,6,0,1,17408,11,2104600351
4443,112779989,38971276,151751265,3,0,0,5632,20,5452007569
4444,112792960,39036901,151829861,8,0,0,33280,14,7913282091
4445,112793270,58337897,171131167,6,0,1,6144,11,6635713957
4446,112812779,58340409,171153188,9,0,1,44544,21,3227931482
4447,112820810,58334046,171154856,7,0,1,10752,20,6643022779
4448,112822820,39203280,152026100,0,0,0,16384,13,453235757
4449,112830630,40212702,153043332,8,0,0,117248,14,10727538695
4450,112893429,58346311,171239740,9,0,1,172544,21,8012342829
4451,112908410,39692213,152600623,1,0,0,8704,23,9657082830
4452,112918260,39451159,152369419,1,0,0,3072,23,8383382814
4453,112934880,39995587,152930467,0,0,0,267776,13,7226182345
4454,112959589,58411442,171371031,9,0,1,223232,21,9325297973
4455,112966830,38996239,151963069,1,0,0,5632,23,1022954081
4456,112986050,58387496,171373546,6,0,1,512,11,1071747499
4457,112994820,58379712,171374532,7,0,1,1536,20,3470243626
4458,113041269,58410925,171452194,9,0,1,162816,21,1564362190
4459,113041790,58418984,171460774,6,0,1,24064,11,3657841487
4460,113045750,39699228,152744978,8,0,0,127488,14,8588653694
4461,113045969,58471927,171517896,9,0,1,133632,21,1175956340
4462,113074419,58444143,171518562,9,0,1,1024,21,1393912555
4463,113079579,58680897,171760476,9,0,1,192512,21,5697743316
4464,113123570,40035569,153159139,0,0,0,162304,13,1776156585
4465,113172780,39394410,152567190,0,0,0,11264,13,7294800883
4466,113178919,58685576,171864495,9,0,1,107008,21,6070236304
4467,113180850,40127707,153308557,4,0,0,212992,26,10677959880
4468,113206860,58697496,171904356,7,0,1,44032,20,9649625699
4469,113246849,58687834,171934683,8,0,1,3584,14,8169491385
4470,113251969,39402918,152654887,3,0,0,62464,20,6383156964
4471,113274420,58662209,171936629,6,0,1,3072,11,1719807514
4472,113287440,58650265,171937705,7,0,1,13312,20,6134539582
4473,113384970,58575592,171960562,6,0,1,8192,11,8225891421
4474,113423920,58542357,171966277,7,0,1,5632,20,4637391038
4475,113450479,58531240,171981719,9,0,1,33280,21,6693492430
4476,113532259,58462440,171994699,9,0,1,7680,21,8901899993
4477,113540250,58463026,172003276,7,0,1,25600,20,7144879698
4478,113546629,39874015,153420644,3,0,0,185344,20,6829031945
4479,113549050,58458412,172007462,7,0,1,6656,20,4049525114
4480,113601470,58406248,172007718,5,0,1,9216,15,6741221674
4481,113621520,39945543,153567063,0,0,0,109056,13,747488043
4482,113643919,39524649,153168568,3,0,0,30720,20,9695457998
4483,113645040,58366864,172011904,5,0,1,6656,15,10190167297
4484,113653430,40117579,153771009,0,0,0,389120,13,7520894406
4485,113658510,40233959,153892469,0,0,0,178176,13,5194277472
4486,113666359,58418460,172084819,9,0,1,146944,21,3919369291
4487,113676359,58408483,172084842,9,0,1,10240,21,1640133638
4488,113701300,58383565,172084865,7,0,1,9216,20,5052019141
4489,113804060,58283099,172087159,5,0,1,14848,15,9355333013
4490,113836020,40002138,153838158,8,0,0,175104,14,8469696488
4491,113883200,58209204,172092404,5,0,1,6144,15,8800185331
4492,113894919,58198151,172093070,8,0,1,1024,14,6877998223
4493,113910190,58191817,172102007,7,0,1,11776,20,1250729700
4494,113913820,39862672,153776492,8,0,0,17920,14,6007598017
4495,113927950,39856833,153784783,0,0,0,27136,13,8344069465
4496,113936709,58427584,172364293,9,0,1,441344,21,7068849603
4497,113946540,58423529,172370069,5,0,1,47616,15,6998550858
4498,113956290,39995320,153951610,0,0,0,13824,13,9768556472
4499,113962130,58409885,172372015,7,0,1,3072,20,6906661875
4500,113996209,58558956,172555165,9,0,1,355328,21,800151808
4501,113997920,58559844,172557764,7,0,1,15360,20,5678742341
4502,114000239,58636777,172637016,9,0,1,174080,21,5885717807
4503,114040359,40600747,154641106,3,0,0,232448,20,8776874725
4504,114050840,58591406,172642246,7,0,1,5632,20,9298485200
4505,114068870,58575962,172644832,7,0,1,4096,20,2143802905
4506,114081570,58567448,172649018,5,0,1,6656,15,2894308126
4507,114093910,40711876,154805786,0,0,0,248832,13,4151843018
4508,114104910,40116804,154221714,0,0,0,334848,13,2836881722
4509,114112800,58541505,172654305,7,0,1,16896,20,10070151481
4510,114112940,40125192,154238132,8,0,0,52736,14,4541658643
4511,114134580,58521031,172655611,5,0,1,2048,15,7823261613
4512,114135030,58521887,172656917,5,0,1,2048,15,8006819919
4513,114179700,40345585,154525285,8,0,0,81920,14,3897258049
4514,114186590,58470673,172657263,5,0,1,512,15,2793556778
4515,114205869,58455580,172661449,8,0,1,6656,14,6996002099
4516,114235390,40084372,154319762,8,0,0,92672,14,8302969064
4517,114246340,58415877,172662217,7,0,1,11776,20,9993914050
4518,114327520,40711625,155039145,0,0,0,360448,13,7549878726
4519,114347550,58317253,172664803,4,0,1,4096,26,2982168559
4520,114405839,39942361,154348200,3,0,0,48128,20,292311554
4521,114459290,40110946,154570236,0,0,0,147456,13,8948672073
4522,114517640,40542634,155060274,8,0,0,67072,14,6681186664
4523,114549170,40093729,154642899,1,0,0,5632,23,7309430089
4524,114561189,40353087,154914276,3,0,0,190976,20,8294685162
4525,114579840,40226905,154806745,6,0,0,3072,11,3303678989
4526,114604820,40800984,155405804,8,0,0,135680,14,8078078754
4527,114648890,40715551,155364441,0,0,0,610816,13,6517778344
4528,114666950,40249065,154916015,6,0,0,5632,11,7609055860
4529,114684589,40244709,154929298,3,0,0,43520,20,723994723
4530,114691020,57976049,172667069,2,0,1,3584,19,7343023120
4531,114772280,40267535,155039815,1,0,0,2048,23,2453380440
4532,114774510,57893545,172668055,1,0,1,1536,23,228503056
4533,114789480,40725233,155514713,0,0,0,101376,13,8465627873
4534,114832190,40812308,155644498,6,0,0,3584,11,9629549382
4535,114832710,57860192,172692902,2,0,1,44032,19,2518813644
4536,114834990,57857935,172692925,2,0,1,1024,19,2638641742
4537,114850690,57843514,172694204,6,0,1,25088,11,4383631606
4538,114890890,41081306,155972196,8,0,0,504832,14,7997886022
4539,114919730,57782233,172701963,6,0,1,33792,11,2289155872
4540,114925020,40597719,155522739,0,0,0,23552,13,9141300109
4541,114977290,40428693,155405983,1,0,0,512,23,6714523293
4542,114981420,40470146,155451566,8,0,0,12800,14,4857419373
4543,115001039,40429973,155431012,3,0,0,80896,20,2937512435
4544,115022450,40383891,155406341,1,0,0,1024,23,8212573642
4545,115069269,40390666,155459935,3,0,0,17408,20,1030271504
4546,115103320,57604032,172707352,2,0,1,25600,19,3660647436
4547,115119399,40487261,155606660,3,0,0,64000,20,10283935600
4548,115120770,40487161,155607931,6,0,0,4096,11,10299088101
4549,115181599,57541672,172723271,8,0,1,5632,14,5346344796
4550,115216699,58811222,174027921,9,0,1,367104,21,9282274452
4551,115266149,58761795,174027944,8,0,1,37888,14,1200608667
4552,115268369,58759598,174027967,8,0,1,8704,14,584610776
4553,115313820,40701910,156015730,1,0,0,1024,23,5063336261
4554,115347699,58680291,174027990,8,0,1,20992,14,2169141961
4555,115386260,58641753,174028013,1,0,1,9216,23,2157915741
4556,115396700,40694482,156091182,8,0,0,53760,14,8499359916
4557,115397860,40621660,156019520,0,0,0,11776,13,6081900468
4558,115430450,40584807,156015257,8,0,0,138240,14,3884598479
4559,115439310,40728713,156168023,8,0,0,91136,14,4116487745
4560,115507169,58520867,174028036,8,0,1,32256,14,9714273034
4561,115529599,58498460,174028059,8,0,1,512,14,1819587940
4562,115632170,40340829,155972999,1,0,0,2560,23,1754931646
4563,115689189,58338893,174028082,8,0,1,27648,14,1200489763
4564,115690829,58339015,174029844,8,0,1,12800,14,1626993492
4565,115692800,58337067,174029867,2,0,1,28672,19,6364538072
4566,115703740,40568531,156272271,8,0,0,56320,14,189842520
4567,115750140,40265769,156015909,6,0,0,512,11,2126162731
4568,115759819,40756031,156515850,3,0,0,150016,20,6574071614
4569,115813770,40702883,156516653,6,0,0,2560,11,5129398650
4570,115833720,40350306,156184026,0,0,0,24576,13,10583523318
4571,115899380,58131469,174030849,2,0,1,37376,19,7716789389
4572,115921660,40432349,156354009,1,0,0,7168,23,4075304544
4573,115935859,58095013,174030872,8,0,1,28160,14,2726519043
4574,115936990,40318098,156255088,0,0,0,15872,13,8026886364
4575,115949720,40070026,156019746,1,0,0,512,23,6806085130
4576,116012620,40567655,156580275,8,0,0,125440,14,1276570246
4577,116032330,58063507,174095837,2,0,1,2048,19,2502387636
4578,116092949,41206498,157299447,3,0,0,265728,20,6499707417
4579,116104560,40742459,156847019,6,0,0,1536,11,7145494971
4580,116111180,57984680,174095860,5,0,1,11264,15,8853737929
4581,116114889,57981082,174095971,8,0,1,13312,14,8136922424
4582,116130810,40188684,156319494,1,0,0,1536,23,2354846614
4583,116136810,41303985,157440795,8,0,0,119296,14,10447830003
4584,116265100,40415293,156680393,0,0,0,15360,13,5677595822
4585,116282090,57813904,174095994,5,0,1,20480,15,7860887202
4586,116301409,57794608,174096017,8,0,1,7680,14,6032049841
4587,116305470,40277480,156582950,1,0,0,8704,23,4308943798
4588,116348930,40266769,156615699,8,0,0,80384,14,5963919849
4589,116359010,40663589,157022599,0,0,0,32256,13,4050701824
4590,116365010,41420794,157785804,0,0,0,428032,13,3645899728
4591,116431490,40019374,156450864,8,0,0,3072,14,757493908
4592,116499709,57835573,174335282,8,0,1,18944,14,8619628116
4593,116547440,57787865,174335305,2,0,1,17920,19,2045569960
4594,116553410,57781918,174335328,1,0,1,7168,23,2315289763
4595,116555360,57779991,174335351,5,0,1,26624,15,6895725389
4596,116562510,40256143,156818653,6,0,0,4608,11,8979101498
4597,116563150,57772224,174335374,2,0,1,5632,19,794048603
4598,116568069,40388630,156956699,3,0,0,3584,20,5399977
4599,116581030,57754367,174335397,5,0,1,20992,15,9695664487
4600,116643250,57692170,174335420,5,0,1,10240,15,10272022755
4601,116656609,41202873,157859482,3,0,0,165888,20,10104790160
4602,116677060,40405573,157082633,8,0,0,188928,14,9274339683
4603,116707099,57631175,174338274,8,0,1,35840,14,8515331105
4604,116717559,57620738,174338297,8,0,1,7680,14,5431292514
4605,116723500,57614820,174338320,1,0,1,51200,23,9237191391
4606,116740529,41336420,158076949,3,0,0,286208,20,4288582758
4607,116757830,40608283,157366113,6,0,0,4096,11,9106477143
4608,116788460,40576374,157364834,0,0,0,214528,13,9095565594
4609,116795160,57543183,174338343,5,0,1,16384,15,8236746455
4610,116818569,57519797,174338366,8,0,1,22016,14,9914635319
4611,116845669,40557352,157403021,3,0,0,120832,20,5868363419
4612,116845750,40696549,157542299,8,0,0,58368,14,10254278209
4613,116897860,57440529,174338389,2,0,1,37888,19,1048862434
4614,116899569,40649461,157549030,3,0,0,22016,20,6805339060
4615,116972909,57366618,174339527,8,0,1,19456,14,9968552130
4616,116989310,41138225,158127535,0,0,0,27648,13,6630893133
4617,116992190,57347376,174339566,1,0,1,48128,23,10359277958
4618,117028690,40780225,157808915,8,0,0,75776,14,9697922043
4619,117095029,57244560,174339589,8,0,1,14336,14,1747260298
4620,117105759,57233853,174339612,8,0,1,37888,14,9068598014
4621,117115010,57224625,174339635,5,0,1,17920,15,4080904905
4622,117117600,41740521,158858121,8,0,0,555520,14,9551341487
4623,117121770,40810130,157931900,6,0,0,5632,11,6363486489
4624,117125240,57249876,174375116,5,0,1,43520,15,829344979
4625,117217490,40742400,157959890,6,0,0,512,11,5920771144
4626,117220900,40879183,158100083,6,0,0,16384,11,4437041011
4627,117232529,40862539,158095068,3,0,0,59392,20,7881384849
4628,117258980,40719596,157978576,1,0,0,3072,23,4313211055
4629,117317580,41960249,159277829,6,0,0,1536,11,7243107392
4630,117346100,41929944,159276044,8,0,0,571904,14,5760175937
4631,117439750,40832165,158271915,0,0,0,137216,13,3317302559
4632,117495230,41126333,158621563,0,0,0,220160,13,7527655740
4633,117610670,40818567,158429237,6,0,0,1536,11,6966679539
4634,117619479,56755660,174375139,8,0,1,8192,14,468031361
4635,117625640,41385343,159010983,9,0,0,309248,21,288356062
4636,117643450,40806560,158450010,1,0,0,3584,23,4660050214
4637,117669630,41721175,159390805,0,0,0,301568,13,10726536588
4638,117685070,42317738,160002808,8,0,0,1102848,14,2275310452
4639,117756050,41864698,159620748,0,0,0,138752,13,8313886161
4640,117766300,41638568,159404868,8,0,0,46080,14,9522787809
4641,117869540,56505622,174375162,5,0,1,11776,15,1254076828
4642,117912730,41098588,159011318,8,0,0,1024,14,8761452363
4643,118012260,41265055,159277315,6,0,0,4096,11,5813807607
4644,118061990,56313195,174375185,5,0,1,22016,15,9519808458
4645,118134270,41144408,159278678,6,0,0,2560,11,8399774467
4646,118140940,41995744,160136684,0,0,0,271360,13,3007347147
4647,118150320,41896595,160046915,1,0,0,1024,23,9475036372
4648,118151359,56284117,174435476,8,0,1,82944,14,1142615484
4649,118151420,41897702,160049122,6,0,0,7168,11,4491445219
4650,118161890,42051347,160213237,0,0,0,245248,13,5605521076
4651,118213100,56235901,174449001,5,0,1,10752,15,10178766045
4652,118225170,56228657,174453827,5,0,1,7680,15,9805036356
4653,118253570,41396747,159650317,1,0,0,1536,23,8097875123
4654,118322200,41724380,160046580,0,0,0,143360,13,2703879136
4655,118363490,41851642,160215132,1,0,0,6144,23,7111089236
4656,118374489,56095734,174470223,8,0,1,29184,14,3216018268
4657,118384399,56134102,174518501,8,0,1,29184,14,9858576304
4658,118454230,41599751,160053981,0,0,0,15872,13,4534032772
4659,118556750,55961774,174518524,5,0,1,14336,15,5476367899
4660,118558010,55960537,174518547,5,0,1,14848,15,10298040391
4661,118578980,41559356,160138336,0,0,0,5120,13,2562339483
4662,118638950,41577476,160216426,0,0,0,3584,13,4351003343
4663,118694000,55824570,174518570,5,0,1,4608,15,744666938
4664,118726080,41489231,160215311,0,0,0,512,13,7534727964
4665,118753060,55781517,174534577,5,0,1,23552,15,7838471006
4666,118782410,41545550,160327960,6,0,0,3584,11,4287120875
4667,118792000,41539344,160331344,1,0,0,4608,23,6876974364
4668,118815150,41481748,160296898,8,0,0,3584,14,217635135
4669,118818270,41398445,160216715,0,0,0,512,13,4577147438
4670,118829650,55710073,174539723,5,0,1,8192,15,8633092085
4671,118831620,41421597,160253217,6,0,0,2560,11,8632302080
4672,118897000,55644925,174541925,5,0,1,12288,15,7114813047
4673,118916820,55625978,174542798,0,0,1,512,13,1733452045
4674,118946080,55607587,174553667,5,0,1,37376,15,10717798752
4675,118953190,41483819,160437009,0,0,0,4096,13,6095402284
4676,118964339,55611844,174576183,8,0,1,25600,14,6679137176
4677,118990619,55606028,174596647,8,0,1,43520,14,8686380666
4678,119056530,55551802,174608332,5,0,1,17920,15,8701745678
4679,119091280,41329312,160420592,1,0,0,4608,23,5445673435
4680,119133679,55480606,174614285,8,0,1,17920,14,9583639643
4681,119177630,55441161,174618791,5,0,1,7168,15,1953980303
4682,119213240,41327854,160541094,8,0,0,1536,14,2459033689
4683,119225550,41242589,160468139,0,0,0,12288,13,7762164670
4684,119230250,55405383,174635633,1,0,1,23040,23,9045055383
4685,119324999,55322003,174647002,8,0,1,17920,14,7053985886
4686,119334750,41182429,160517179,6,0,0,1536,11,7817181172
4687,119372470,41164329,160536799,8,0,0,512,14,3213362854
4688,119398750,41009623,160408373,6,0,0,2048,11,548918202
4689,119427489,55226936,174654425,8,0,1,6144,14,3370136090
4690,119430889,55238340,174669229,8,0,1,38912,14,88052635
4691,119455760,41008612,160464372,1,0,0,2048,23,1492720035
4692,119604060,40958287,160562347,6,0,0,1536,11,6918067579
4693,119608050,40938904,160546954,6,0,0,3584,11,4035293205
4694,119632090,41063729,160695819,6,0,0,2560,11,3815754114
4695,119763950,40799459,160563409,1,0,0,1024,23,5065489323
4696,119766080,40870089,160636169,8,0,0,4608,14,9475405976
4697,119916849,54755402,174672251,8,0,1,16384,14,1226168262
4698,119931470,40613759,160545229,0,0,0,3072,13,9334657838
4699,120018860,54654198,174673058,0,0,1,10752,13,2822941003
4700,120039490,54638753,174678243,0,0,1,16384,13,5316686186
4701,120057900,40485670,160543570,6,0,0,2560,11,9524599490
4702,120093890,54584814,174678704,0,0,1,10240,13,9720255402
4703,120102860,40681782,160784642,1,0,0,512,23,2548185155
4704,120128770,40610286,160739056,0,0,0,1536,13,7671981090
4705,120137330,40489544,160626874,0,0,0,5632,13,5883695129
4706,120174550,40565153,160739703,1,0,0,2048,23,6270649005
4707,120255400,40457782,160713182,6,0,0,2048,11,10711572639
4708,120278070,40407511,160685581,8,0,0,4608,14,3668233018
4709,120290570,40593845,160884415,6,0,0,2048,11,10290031003
4710,120346060,40350671,160696731,8,0,0,512,14,4047095683
4711,120358569,54320801,174679370,8,0,1,1024,14,5463280693
4712,120360900,54324320,174685220,2,0,1,22528,19,4574935843
4713,120370509,54329915,174700424,8,0,1,17408,14,9032687746
4714,120399490,40300284,160699774,0,0,0,2560,13,786692178
4715,120478059,54243138,174721197,8,0,1,14848,14,1663368147
4716,120483859,54241985,174725844,8,0,1,16896,14,10406206798
4717,120554560,40211733,160766293,8,0,0,2560,14,2568961680
4718,120560800,40344993,160905793,1,0,0,512,23,4996888233
4719,120567560,54163110,174730670,1,0,1,7680,23,2745446495
4720,120591860,40216588,160808448,8,0,0,2048,14,1404583848
4721,120600940,40335088,160936028,1,0,0,3584,23,1034368555
4722,120610020,40322123,160932143,1,0,0,1024,23,7737579347
4723,120722410,40217327,160939737,8,0,0,1024,14,684952205
4724,120727110,54021483,174748593,1,0,1,54784,23,9487981967
4725,120731130,40407710,161138840,0,0,0,3584,13,10641277072
4726,120788800,40284552,161073352,1,0,0,44032,23,8891683700
4727,120792199,53975423,174767622,8,0,1,23552,14,1860504126
4728,120835510,53939849,174775359,1,0,1,28160,23,4141345888
4729,120848640,53973334,174821974,1,0,1,39424,23,2657522363
4730,120910479,53915886,174826365,8,0,1,19968,14,1141766658
4731,120984280,39891425,160875705,0,0,0,512,13,9100368228
4732,120991320,53839871,174831191,1,0,1,7680,23,8775499981
4733,121011010,39970670,160981680,6,0,0,2560,11,4732155648
4734,121015910,40338683,161354593,1,0,0,173056,23,2863822882
4735,121024230,39961631,160985861,0,0,0,2048,13,3043381733
4736,121058949,53846396,174905345,8,0,1,45056,14,6582904572
4737,121072030,39941977,161014007,6,0,0,2560,11,10701479400
4738,121077790,40293385,161371175,6,0,0,54272,11,6702069909
4739,121105989,53816050,174922039,8,0,1,19968,14,6108985062
4740,121115410,40306222,161421632,6,0,0,49152,11,2266749049
4741,121140120,40154296,161294416,0,0,0,512,13,3957115244
4742,121146940,53777147,174924087,1,0,1,26112,23,616706084
4743,121236810,40215144,161451954,8,0,0,512,14,2679094497
4744,121286220,53645809,174932029,1,0,1,4096,23,6590070505
4745,121293730,53734487,175028217,6,0,1,48128,11,985041561
4746,121302110,53728344,175030454,6,0,1,3584,11,7177415968
4747,121374699,53839404,175214103,8,0,1,76288,14,6861246408
4748,121402509,53811617,175214126,8,0,1,19456,14,2984241924
4749,121434610,40182703,161617313,1,0,0,294912,23,8241053405
4750,121443050,40019402,161462452,8,0,0,6656,14,8214780246
4751,121466290,53797490,175263780,0,0,1,24064,13,2056130996
4752,121468770,53795033,175263803,1,0,1,8192,23,63857946
4753,121475400,40181499,161656899,1,0,0,70144,23,2534813639
4754,121484760,53779066,175263826,6,0,1,39936,11,10137359945
4755,121485940,53778906,175264846,1,0,1,53248,23,4198767442
4756,121488601,53823749,175312350,6,0,1,3584,11,9880300068
4757,121499280,40172933,161672213,0,0,0,512,13,8473924786
4758,121500710,53811663,175312373,1,0,1,17408,23,2991331656
4759,121513720,53798676,175312396,7,0,1,11264,20,9488847006
4760,121522920,53789499,175312419,7,0,1,3584,20,4952905039
4761,121569450,53742992,175312442,0,0,1,10752,13,3869009157
4762,121592610,53719855,175312465,0,0,1,53248,13,656434500
4763,121612810,53703495,175316305,7,0,1,11776,20,2293936370
4764,121694760,39935079,161629839,1,0,0,40960,23,8648042593
4765,121709620,53628649,175338269,1,0,1,37376,23,1965592025
4766,121716520,53622313,175338833,7,0,1,10752,20,8940452600
4767,121763400,53582404,175345804,1,0,1,512,23,6727285503
4768,121777340,53586114,175363454,1,0,1,36864,23,2025062660
4769,121786290,40026694,161812984,6,0,0,127488,11,10536846048
4770,121790580,53573220,175363800,0,0,1,512,13,9642247271
4771,121820970,39882796,161703766,1,0,0,2048,23,6453991796
4772,121855560,53512542,175368102,6,0,1,18432,11,685826054
4773,121867600,53518094,175385694,7,0,1,23552,20,6131968594
4774,121892520,53503207,175395727,0,0,1,26112,13,9302262578
4775,121899000,39925571,161824571,6,0,0,18432,11,1851528131
4776,121943840,53476523,175420363,6,0,1,34304,11,1709282664
4777,121957290,53464379,175421669,0,0,1,2048,13,6645833379
4778,121965380,53458236,175423616,0,0,1,25600,13,8817895490
4779,121966640,40239376,162206016,1,0,0,206848,23,8521548151
4780,121984460,53441102,175425562,1,0,1,3072,23,8276267382
4781,122000540,39884517,161885057,6,0,0,7168,11,463894585
4782,122040750,39794625,161835375,0,0,0,1536,13,3699396589
4783,122069510,53365704,175435214,7,0,1,15360,20,5164056880
4784,122090200,53347498,175437698,0,0,1,15872,13,2442839908
4785,122113060,53327544,175440604,1,0,1,4608,23,6413367760
4786,122123090,53321700,175444790,0,0,1,6656,13,6824554888
4787,122183520,40147398,162330918,1,0,0,52224,23,6092190230
4788,122187330,53279956,175467286,1,0,1,33792,23,8610004124
4789,122200180,40098766,162298946,6,0,0,41472,11,4558891163
4790,122243830,40390490,162634320,6,0,0,558592,11,7219010697
4791,122350760,53132670,175483430,1,0,1,22528,23,652787107
4792,122405990,53091337,175497327,0,0,1,23040,13,4970005823
4793,122407000,39814910,162221910,0,0,0,4096,13,7892831977
4794,122442710,53071969,175514679,1,0,1,25600,23,4611210479
4795,122588600,39873366,162461966,0,0,0,2560,13,10019073076
4796,122594000,40042486,162636486,0,0,0,6656,13,10268489364
4797,122618280,39648402,162266682,0,0,0,1536,13,3181360316
4798,122698480,39516881,162215361,0,0,0,5120,13,1007713575
4799,122725510,52814761,175540271,7,0,1,73216,20,4948789782
4800,122757650,52789713,175547363,1,0,1,11264,23,3179335697
4801,122820840,52737968,175558808,0,0,1,46080,13,559958046
4802,122828370,52731104,175559474,0,0,1,11264,13,3181103994
4803,122836310,52752268,175588578,7,0,1,38400,20,10150340591
4804,122904130,52691431,175595561,0,0,1,512,13,1003329902
4805,122931590,52669117,175600707,7,0,1,8192,20,9630766570
4806,122957800,39422228,162380028,0,0,0,512,13,2267182936
4807,123053810,52548844,175602654,0,0,1,25600,13,4858134564
4808,123069109,52535811,175604920,8,0,1,3584,14,10193893285
4809,123078140,39584045,162662185,6,0,0,83968,11,8772426202
4810,123101740,52536585,175638325,5,0,1,43008,15,4123502987
4811,123123790,52520436,175644226,4,0,1,19968,26,10423251619
4812,123136990,39588362,162725352,0,0,0,2048,13,9416682573
4813,123182940,52462147,175645087,0,0,1,512,13,4048960850
4814,123299470,39398844,162698314,9,0,0,118272,21,8486074220
4815,123344800,39408088,162752888,6,0,0,18944,11,9540343516
4816,123356550,52291648,175648198,0,0,1,17920,13,1168323810
4817,123521860,52131484,175653344,0,0,1,8192,13,7533546957
4818,123570130,39141754,162711884,9,0,0,44032,21,8540573271
4819,123577690,39958919,163536609,6,0,0,532480,11,4440765430
4820,123596150,39150943,162747093,0,0,0,2560,13,2863394750
4821,123680920,39149562,162830482,1,0,0,50688,23,7044298380
4822,123713610,51941881,175655491,0,0,1,14336,13,790872421
4823,123721500,39335490,163056990,0,0,0,1024,13,6118022207
4824,123738130,39980288,163718418,6,0,0,134656,11,4087271752
4825,123740440,40122355,163862795,6,0,0,454144,11,10565382931
4826,123743680,51916014,175659694,0,0,1,7680,13,8132507743
4827,123766830,51895450,175662280,0,0,1,4096,13,8724738813
4828,123790710,40084627,163875337,6,0,0,33792,11,8836055101
4829,123790740,39886627,163677367,6,0,0,461312,11,651032655
4830,123851790,40013228,163865018,0,0,0,7168,13,8256104507
4831,123913880,40057220,163971100,6,0,0,286720,11,3363712375
4832,123929120,39177799,163106919,0,0,0,512,13,3912852393
4833,123940260,40234150,164174410,9,0,0,267264,21,3815775852
4834,124092920,51584316,175677236,3,0,1,26624,20,1050748150
4835,124106230,51585725,175691955,4,0,1,5120,26,9074831393
4836,124159380,39377408,163536788,0,0,0,512,13,9348348852
4837,124216400,51485153,175701553,4,0,1,17920,26,7942592549
4838,124263200,40138087,164401287,9,0,0,279552,21,7461535169
4839,124313570,40773027,165086597,9,0,0,12800,21,5372514472
4840,124372760,39351632,163724392,6,0,0,10240,11,3849157067
4841,124373620,41270774,165644394,6,0,0,378880,11,9537472568
4842,124390770,52836593,177227363,4,0,1,58880,26,4796270287
4843,124421970,39843278,164265248,9,0,0,28160,21,1886988971
4844,124461020,39795625,164256645,9,0,0,269824,21,9249865655
4845,124468840,52758546,177227386,3,0,1,20480,20,8095186441
4846,124499900,39766463,164266363,9,0,0,3584,21,7688908877
4847,124534260,52695200,177229460,5,0,1,21504,15,7944169954
4848,124537060,40541686,165078746,6,0,0,857600,11,6420756177
4849,124555829,40972316,165528145,3,0,0,898048,20,9099218711
4850,124619930,52610200,177230130,5,0,1,8192,15,3662846900
4851,124629590,39091659,163721249,0,0,0,9216,13,3228335374
4852,124654180,39798941,164453121,1,0,0,62976,23,9099010081
4853,124665269,52677342,177342611,8,0,1,67584,14,5148206372
4854,124680000,39978750,164658750,1,0,0,1024,23,1125599651
4855,124680629,52718126,177398755,8,0,1,38400,14,7265418288
4856,124699350,40382296,165081646,0,0,0,6144,13,9994657460
4857,124714290,40365461,165079751,1,0,0,3072,23,5543917371
4858,124715990,53367052,178083042,5,0,1,81408,15,84379980
4859,124730259,53352806,178083065,8,0,1,9728,14,7844458502
4860,124732840,39939061,164671901,0,0,0,1024,13,3594278934
4861,124739890,53343845,178083735,4,0,1,9216,26,2413363364
4862,124762480,40489765,165252245,9,0,0,134144,21,1704213705
4863,124779760,40887612,165667372,6,0,0,75264,11,9038305463
4864,124797580,39719960,164517540,1,0,0,4608,23,663728869
4865,124867790,53215968,178083758,5,0,1,8192,15,5698115307
4866,124922010,40830925,165752935,6,0,0,41984,11,9558715413
4867,124932750,40804001,165736751,9,0,0,226816,21,9428515223
4868,125032800,40634751,165667551,1,0,0,512,23,6768841555
4869,125043510,53158775,178202285,6,0,1,74752,11,716985644
4870,125148280,40380512,165528792,0,0,0,2048,13,995534243
4871,125173420,40597594,165771014,1,0,0,7168,23,142552119
4872,125178031,53024277,178202308,6,0,1,10752,11,8520199197
4873,125199030,53003341,178202371,4,0,1,6144,26,10330932564
4874,125222879,53448775,178671654,9,0,1,410112,21,6938984422
4875,125223170,39859325,165082495,0,0,0,2560,13,8364368384
4876,125258170,39925516,165183686,6,0,0,153088,11,9185283805
4877,125261200,53410915,178672115,2,0,1,10240,19,7221600415
4878,125571220,39511454,165082674,1,0,0,512,23,7854748638
4879,125592440,40147633,165740073,6,0,0,10752,11,3636083678
4880,125598040,39488892,165086932,1,0,0,1024,23,10567058632
4881,125610129,53067132,178677261,8,0,1,8192,14,827375565
4882,125620229,53061538,178681767,8,0,1,7168,14,7450540488
4883,125621440,39566936,165188376,1,0,0,1536,23,6268397134
4884,125647670,39606002,165253672,0,0,0,4608,13,5577287722
4885,125679450,53167099,178846549,7,0,1,66560,20,6075956779
4886,125684710,40069184,165753894,1,0,0,3072,23,8738745694
4887,125704450,40129282,165833732,6,0,0,205312,11,4026839890
4888,125717790,40050994,165768784,6,0,0,47104,11,3684501176
4889,125765030,39489468,165254498,1,0,0,2560,23,7623620615
4890,125832220,39922189,165754409,0,0,0,1536,13,4294392479
4891,125857869,52988703,178846572,8,0,1,45568,14,7444800187
4892,125917909,52928686,178846595,8,0,1,3072,14,2987410939
4893,125918680,39971772,165890452,9,0,0,185856,21,9997710563
4894,125935889,52910729,178846618,8,0,1,65024,14,5977694678
4895,125947191,52952201,178899392,6,0,1,50688,11,7256322021
4896,126059870,52839545,178899415,5,0,1,512,15,3361764207
4897,126091020,52808418,178899438,6,0,1,1024,11,244798456
4898,126092480,40024265,166116745,6,0,0,237568,11,1540087493
4899,126126430,52804098,178930528,6,0,1,65536,11,286406070
4900,126180719,52749832,178930551,8,0,1,14336,14,2901361340
4901,126187331,52743243,178930574,6,0,1,2048,11,10057875406
4902,126216389,52714208,178930597,8,0,1,32768,14,10603366533
4903,126246290,39647243,165893533,9,0,0,9728,21,495186205
4904,126259010,52764227,179023237,5,0,1,32768,15,1714494786
4905,126337399,52697781,179035180,8,0,1,7680,14,8613459511
4906,126341810,52736926,179078736,5,0,1,46080,15,3096002804
4907,126345670,52856443,179202113,7,0,1,2048,20,4934574834
4908,126374500,40292780,166667280,6,0,0,122880,11,7349917985
4909,126435579,52767984,179203563,8,0,1,22016,14,1781185154
4910,126486950,39478471,165965421,1,0,0,1024,23,28274360
4911,126490910,39403582,165894492,1,0,0,3072,23,4769322904
4912,126584810,52621816,179206626,6,0,1,108032,11,2524054602
4913,126628810,39669248,166298058,6,0,0,88064,11,9445689646
4914,126677760,39264279,165942039,1,0,0,1024,23,10313289397
4915,126680111,52536739,179216850,6,0,1,15872,11,10332786577
4916,126693010,39234057,165927067,6,0,0,19456,11,4904474725
4917,126824530,40502395,167326925,0,0,0,4096,13,4451716183
4918,126834300,40439812,167274112,6,0,0,369152,11,9804106706
4919,126841221,52407760,179248981,6,0,1,17920,11,1142287278
4920,126858210,40192771,167050981,6,0,0,571904,11,10401562546
4921,126972350,39904356,166876706,6,0,0,116736,11,7737199045
4922,126997860,39128268,166126128,6,0,0,30720,11,4555248132
4923,127022311,52261989,179284300,6,0,1,4096,11,7659628970
4924,127052210,39142308,166194518,1,0,0,4608,23,8154270722
4925,127067220,39741259,166808479,9,0,0,143360,21,4778126737
4926,127098680,39711382,166810062,1,0,0,5120,23,3021766505
4927,127180691,52103632,179284323,6,0,1,11776,11,4741429722
4928,127296410,39754929,167051339,0,0,0,1024,13,8648330507
4929,127311660,39166303,166477963,6,0,0,8192,11,1769936482
4930,127327731,51956615,179284346,6,0,1,20480,11,4764330496
4931,127367950,39793571,167161521,6,0,0,361472,11,5964490100
4932,127379560,51904809,179284369,0,0,1,8704,13,8457714812
4933,127485621,51798771,179284392,6,0,1,7680,11,9389195497
4934,127491430,51794223,179285653,0,0,1,5632,13,10047856799
4935,127520180,51775445,179295625,5,0,1,15872,15,932275729
4936,127524700,51774151,179298851,5,0,1,5120,15,991651312
4937,127527921,51785973,179313894,6,0,1,38912,11,4879005625
4938,127534520,39212365,166746885,9,0,0,25600,21,3344988592
4939,127673240,51657887,179331127,5,0,1,39424,15,1129278782
4940,127715300,39995723,167711023,9,0,0,23040,21,586687481
4941,127718950,39930604,167649554,9,0,0,684544,21,142712802
4942,127749170,51644498,179393668,0,0,1,110080,13,4889137929
4943,127810600,39892999,167703599,6,0,0,116736,11,9061864205
4944,127823040,51571396,179394436,0,0,1,11776,13,6699774237
4945,127830140,39495491,167325631,9,0,0,168960,21,1877241581
4946,127830230,38877874,166708104,9,0,0,18944,21,4572402865
4947,127929149,51503562,179432711,8,0,1,19456,14,2464243264
4948,127949600,39866375,167815975,9,0,0,333312,21,10133163758
4949,128017380,51424965,179442345,0,0,1,19456,13,5291993652
4950,128021990,39689235,167711225,0,0,0,512,13,4786937330
4951,128030540,51421139,179451679,5,0,1,5120,15,2341322495
4952,128069420,51415974,179485394,0,0,1,56320,13,2131181521
4953,128077020,51420600,179497620,5,0,1,39936,15,9905238943
4954,128101380,51401012,179502392,5,0,1,14848,15,1490417871
4955,128223760,39169386,167393146,0,0,0,512,13,6569161635
4956,128267630,39400355,167667985,9,0,0,60416,21,8691645799
4957,128277900,39063146,167341046,1,0,0,2560,23,1124576067
4958,128281881,51221382,179503263,6,0,1,12288,11,9374001795
4959,128304360,39512574,167816934,1,0,0,3072,23,6751619145
4960,128350950,38977145,167328095,0,0,0,3584,13,2971903949
4961,128428140,51078309,179506449,5,0,1,11264,15,8408967713
4962,128477490,51053756,179531246,5,0,1,29184,15,1799163192
4963,128493161,51049085,179542246,6,0,1,7168,11,1883359946
4964,128522581,51063762,179586343,6,0,1,11776,11,8990218548
4965,128545690,39165806,167711496,0,0,0,512,13,9641316099
4966,128575780,51061133,179636913,5,0,1,9216,15,10406740526
4967,128599621,51462723,180062344,6,0,1,17408,11,4043896419
4968,128612670,51462240,180074910,5,0,1,16384,15,3779133328
4969,128674950,51416381,180091331,4,0,1,12288,26,2946275682
4970,128693951,51710618,180404569,6,0,1,84992,11,4564730240
4971,128710830,51694432,180405262,5,0,1,27136,15,3421143189
4972,128740490,51686502,180426992,5,0,1,7680,15,727370512
4973,128781060,51645955,180427015,5,0,1,4608,15,2718504324
4974,128794720,38919653,167714373,1,0,0,9216,23,10161362458
4975,128813610,51732727,180546337,1,0,1,23040,23,1737248283
4976,128928520,38775414,167703934,1,0,0,1024,23,10022966311
4977,128964110,51582250,180546360,4,0,1,4096,26,10338769331
4978,128983600,51562783,180546383,6,0,1,8704,11,1159963063
4979,129003600,38816903,167820503,0,0,0,1024,13,3378255361
4980,129037130,38780270,167817400,0,0,0,1024,13,2830448502
4981,129044860,51503390,180548250,1,0,1,16896,23,1140151021
4982,129128480,51432636,180561116,1,0,1,27136,23,1790492846
4983,129162310,51399472,180561782,4,0,1,1024,26,7138237007
4984,129163720,51398933,180562653,5,0,1,12288,15,188289140
4985,129197900,38622176,167820076,0,0,0,3584,13,3115315775
4986,129208710,38610180,167818890,1,0,0,4608,23,3791124646
4987,129219750,51352748,180572498,4,0,1,5632,26,2556679646
4988,129229290,38755956,167985246,1,0,0,1536,23,3799943698
4989,129321130,51391310,180712440,1,0,1,10240,23,2136651696
4990,129405600,51340582,180746182,6,0,1,48128,11,1047648625
4991,129440030,38562771,168002801,1,0,0,5632,23,1739866264
4992,129490140,51262796,180752936,4,0,1,30208,26,4392688721
4993,129490700,51262259,180752959,5,0,1,24576,15,5754619791
4994,129506731,51246251,180752982,6,0,1,19968,11,9448191684
4995,129520330,51232675,180753005,4,0,1,7168,26,10069201071
4996,129521090,51231938,180753028,5,0,1,51712,15,1518476560
4997,129529380,51254439,180783819,6,0,1,51712,11,5727175899
4998,129536450,51254951,180791401,5,0,1,17920,15,56757748
4999,129567780,38465590,168033370,0,0,0,2048,13,10191371143
5000,129572010,38339005,167911015,0,0,0,4608,13,7569688242
5001,129585520,51238450,180823970,5,0,1,28160,15,4373479242
5002,129634210,38556581,168190791,0,0,0,3072,13,3429655685
5003,129662380,51163856,180826236,5,0,1,3584,15,1871556537
5004,129760910,38160269,167921179,1,0,0,3584,23,2673053003
5005,129797409,51035599,180833008,8,0,1,32256,14,2697790995
5006,129803560,51045764,180849324,6,0,1,23040,11,494451417
5007,129822650,51029900,180852550,2,0,1,5120,19,1654795616
5008,129865000,51013659,180878659,2,0,1,40448,19,6490020537
5009,129894779,50984341,180879120,8,0,1,10240,14,6099494339
5010,129942280,50940642,180882922,2,0,1,14848,19,3050941780
5011,130003190,50918176,180921366,2,0,1,93696,19,5173463003
5012,130046070,38083633,168129703,1,0,0,5632,23,7328383158
5013,130055720,50901157,180956877,6,0,1,50176,11,6453188105
5014,130085100,37869214,167954314,0,0,0,1536,13,1719942611
5015,130126390,50851373,180977763,6,0,1,18944,11,8326066743
5016,130137750,50895961,181033711,6,0,1,69120,11,775761241
5017,130200610,37833394,168034004,0,0,0,512,13,2366902262
5018,130273020,37994148,168267168,0,0,0,512,13,8710939024
5019,130384630,50652854,181037484,0,0,1,5120,13,4852820991
5020,130433680,37811642,168245322,0,0,0,512,13,8003896726
5021,130469820,37707890,168177710,1,0,0,4608,23,5016038613
5022,130581090,37642544,168223634,1,0,0,4096,23,6244879679
5023,130593020,50500425,181093445,2,0,1,3584,19,7383260313
5024,130613900,37579060,168192960,0,0,0,1024,13,10166071260
5025,130617990,50475478,181093468,4,0,1,512,26,2497983525
5026,130628590,50464901,181093491,4,0,1,31232,26,2830338540
5027,130638780,37551052,168189832,1,0,0,16384,23,1934590026
5028,130692190,50404462,181096652,2,0,1,30208,19,6392105833
5029,130792600,50328303,181120903,6,0,1,17408,11,8456991930
5030,130827770,50295399,181123169,4,0,1,3584,26,4412350149
5031,130922850,37207450,168130300,1,0,0,512,23,705392874
5032,130985010,50142691,181127701,6,0,1,7168,11,2210957812
5033,131020590,37252980,168273570,1,0,0,6144,23,6300952791
5034,131037800,50090247,181128047,4,0,1,512,26,6986875200
5035,131190580,49947030,181137610,4,0,1,25088,26,9579940151
5036,131195390,49943206,181138596,3,0,1,1536,20,1399005198
5037,131220690,49921452,181142142,2,0,1,5632,19,941315407
5038,131256380,36863743,168120123,1,0,0,512,23,6492490345
5039,131309750,49835938,181145688,3,0,1,5632,20,8207506147
5040,131392430,36917609,168310039,1,0,0,512,23,5829995702
5041,131397700,49751534,181149234,2,0,1,5632,19,5769239609
5042,131446160,49704559,181150719,4,0,1,15360,26,5242309980
5043,131544950,49660435,181205385,2,0,1,16384,19,8259232862
5044,131589300,49620591,181209891,4,0,1,7168,26,4025860003
5045,131643300,36645049,168288349,0,0,0,1024,13,10448213914
5046,131758400,49453437,181211837,2,0,1,3072,19,2896470903
5047,131814240,49404276,181218516,5,0,1,6656,15,1062432984
5048,131836170,49524171,181360341,4,0,1,156160,26,4005244019
5049,131881810,49494333,181376143,0,0,1,45568,13,2234765108
5050,131936240,36400723,168336963,1,0,0,5632,23,4576320401
5051,131943330,49432836,181376166,5,0,1,51200,15,8630979439
5052,131965660,49451747,181417407,3,0,1,50688,20,6682231822
5053,131968410,49455884,181424294,3,0,1,21504,20,4824465303
5054,131984040,49446988,181431028,0,0,1,24064,13,10232062155
5055,131994830,49473399,181468229,2,0,1,43520,19,9170685189
5056,132020610,49461571,181482181,4,0,1,50688,26,7503161131
5057,132036200,49466898,181503098,0,0,1,24064,13,3685639054
5058,132064670,49452253,181516923,2,0,1,1024,19,2662408210
5059,132068460,49449129,181517589,0,0,1,1024,13,422346917
5060,132086910,49433905,181520815,0,0,1,5120,13,1676260586
5061,132090800,49443380,181534180,4,0,1,38912,26,9078521976
5062,132096500,49444517,181541017,0,0,1,29184,13,4161679675
5063,132098770,49477008,181575778,3,0,1,41984,20,213540833
5064,132137410,49444150,181581560,0,0,1,7168,13,7735892605
5065,132150280,49432245,181582525,0,0,1,512,13,1209416788
5066,132178380,49408370,181586750,2,0,1,15872,19,7695360337
5067,132239360,49357461,181596821,2,0,1,24576,19,5264405347
5068,132271130,49331296,181602426,3,0,1,1536,20,3048921402
5069,132274470,49335445,181609915,3,0,1,35840,20,5089720372
5070,132308550,49349371,181657921,0,0,1,44032,13,1518545271
5071,132317200,36125375,168442575,1,0,0,6656,23,8393842262
5072,132362910,36197282,168560192,0,0,0,1536,13,2978613940
5073,132444540,36044370,168488910,0,0,0,2560,13,2734639847
5074,132480060,49242329,181722389,0,0,1,81920,13,2435995988
5075,132517490,49232336,181749826,3,0,1,7680,20,3081853202
5076,132529310,49220539,181749849,3,0,1,6144,20,10734896
5077,132546010,35914039,168460049,0,0,0,7168,13,8914874667
5078,132586370,49163502,181749872,0,0,1,3072,13,3782969368
5079,132598020,49151875,181749895,2,0,1,10240,19,1601202987
5080,132621440,35780219,168401659,1,0,0,512,23,5319866860
5081,132655940,49116350,181772290,4,0,1,56832,26,7183774763
5082,132710830,49062126,181772956,0,0,1,1024,13,9581803864
5083,132725630,49051832,181777462,2,0,1,7168,19,1275696632
5084,132734850,49047758,181782608,3,0,1,8192,20,84757824
5085,132758330,49029872,181788202,0,0,1,19456,13,5914672879
5086,132783970,49013854,181797824,0,0,1,8704,13,3603403238
5087,132813120,49004459,181817579,3,0,1,29696,20,5139775083
5088,132838490,48988348,181826838,3,0,1,20480,20,2636724764
5089,132858840,35784230,168643070,0,0,0,1024,13,6460326149
5090,132861460,49066548,181928008,7,0,1,96768,20,6942295818
5091,132867370,49088630,181956000,0,0,1,5632,13,7227679361
5092,132888890,49067133,181956023,0,0,1,8192,13,6293222287
5093,132897930,49092242,181990172,2,0,1,17920,19,3535083228
5094,133006850,49105878,182112728,7,0,1,82432,20,2854124570
5095,133011590,49117344,182128934,4,0,1,14848,26,10520743021
5096,133014900,49121030,182135930,4,0,1,16896,26,1820378445
5097,133033750,49131397,182165147,2,0,1,6656,19,6601599542
5098,133054750,49116042,182170792,7,0,1,34816,20,3333328909
5099,133055420,49146163,182201583,7,0,1,28672,20,6990534705
5100,133065710,35713867,168779577,0,0,0,512,13,3885273144
5101,133065720,49180142,182245862,0,0,1,86016,13,8536005638
5102,133077020,49171428,182248448,4,0,1,4096,26,7860308759
5103,133078830,49247795,182326625,4,0,1,4608,26,10011150073
5104,133139020,49187628,182326648,3,0,1,4608,20,2768534342
5105,133275280,35595027,168870307,1,0,0,4096,23,5382552171
5106,133304700,49021971,182326671,4,0,1,3584,26,1748627815
5107,133393740,35504089,168897829,1,0,0,2560,23,176603239
5108,133395550,48931144,182326694,2,0,1,7680,19,2085876136
5109,133452700,48878866,182331566,4,0,1,46592,26,3708772876
5110,133469150,48875333,182344483,7,0,1,28672,20,1047703031
5111,133480799,48934595,182415394,9,0,1,115712,21,1059532514
5112,133481180,48943940,182425120,4,0,1,38400,26,2642672496
5113,133502620,48928098,182430718,3,0,1,1024,20,254492615
5114,133527890,48907654,182435544,7,0,1,7680,20,1821385944
5115,133537930,35256947,168794877,0,0,0,2560,13,5704029268
5116,133550270,48967378,182517648,2,0,1,174080,19,1638850814
5117,133555470,35329882,168885352,1,0,0,2560,23,1184008098
5118,133617920,35382036,168999956,1,0,0,3584,23,10396838601
5119,133641010,48883052,182524062,3,0,1,23552,20,1390432305
5120,133649830,48883565,182533395,7,0,1,17408,20,839243833
5121,133658630,48903645,182562275,7,0,1,40960,20,4920544173
5122,133673600,48902294,182575894,7,0,1,47616,20,6947934436
5123,133675840,48920394,182596234,1,0,1,19456,23,3493180251
5124,133684690,48916396,182601086,4,0,1,7680,26,6480328272
5125,133707400,35360618,169068018,1,0,0,3072,23,10101037294
5126,133747110,48890411,182637521,1,0,1,39936,23,4171882073
5127,133798680,48838995,182637675,7,0,1,8704,20,97836539
5128,133835950,35170868,169006818,0,0,0,2048,13,7391449091
5129,133841910,48807561,182649471,2,0,1,12800,19,6722806733
5130,133859030,48792490,182651520,7,0,1,26112,20,7833669855
5131,133865160,48790866,182656026,4,0,1,7168,26,4151916881
5132,133936570,48729941,182666511,2,0,1,33280,19,5047263853
5133,133943030,35137797,169080827,0,0,0,2048,13,3085345852
5134,133956450,48806360,182762810,4,0,1,173056,26,6996443923
5135,133960090,48829266,182789356,7,0,1,18944,20,622975010
5136,133975440,48818102,182793542,2,0,1,6656,19,3128496248
5137,134002410,48793078,182795488,2,0,1,3072,19,5940695272
5138,134020600,49053690,183074290,4,0,1,512000,26,9485392034
5139,134028340,35070496,169098836,1,0,0,512,23,9897160572
5140,134046090,49034176,183080266,1,0,1,9728,23,5305794818
5141,134049600,49049447,183099047,1,0,1,54272,23,5243658974
5142,134067650,49032383,183100033,7,0,1,1536,20,4542757693
5143,134107730,49007025,183114755,5,0,1,43520,15,1551790357
5144,134113320,49047804,183161124,7,0,1,81408,20,7543100128
5145,134137740,49025330,183163070,4,0,1,3072,26,6724854191
5146,134214290,48962624,183176914,7,0,1,56832,20,7231554923
5147,134216720,35249969,169466689,0,0,0,4608,13,887188862
5148,134240530,48937555,183178085,2,0,1,512,19,4794338753
5149,134322780,48960764,183283544,4,0,1,233984,26,6998865354
5150,134341230,48959969,183301199,2,0,1,23040,19,2995665836
5151,134460820,48861807,183322627,7,0,1,19456,20,3338093646
5152,134477160,48863644,183340804,4,0,1,73216,26,6290056360
5153,134519750,48861517,183381267,4,0,1,37888,26,8592591000
5154,134573140,48821179,183394319,4,0,1,27136,26,990071200
5155,134581040,34772437,169353477,1,0,0,2048,23,1024162443
5156,134728210,48674590,183402800,7,0,1,512,20,7128788269
5157,134737900,48684735,183422635,7,0,1,65024,20,2874595414
5158,134750690,48899489,183650179,4,0,1,455680,26,3242877688
5159,134775720,48910981,183686701,7,0,1,23040,20,6778344186
5160,134776520,48916134,183692654,6,0,1,28160,11,1990622234
5161,134799600,48893400,183693000,6,0,1,512,11,2145888143
5162,134855810,48842016,183697826,7,0,1,7680,20,4622029974
5163,134858510,48845448,183703958,7,0,1,9728,20,10240767251
5164,134896510,48862985,183759495,4,0,1,179200,26,10735293351
5165,134975160,34562735,169537895,0,0,0,512,13,8357957709
5166,135001710,34549279,169550989,1,0,0,3072,23,4345945241
5167,135120500,48651592,183772092,7,0,1,28160,20,7305511281
5168,135144240,34632945,169777185,0,0,0,4096,13,4549605883
5169,135154680,48618078,183772758,6,0,1,11264,11,7654521014
5170,135175760,48603874,183779634,6,0,1,18944,11,704119479
5171,135193380,48599136,183792516,7,0,1,15360,20,330107214
5172,135212800,48582942,183795742,7,0,1,5120,20,5808022708
5173,135280820,48516548,183797368,6,0,1,2560,11,10661875974
5174,135322480,48478754,183801234,6,0,1,6144,11,2111051408
5175,135331460,48473026,183804486,6,0,1,5120,11,6706874904
5176,135334280,34263531,169597811,0,0,0,3072,13,7268800793
5177,135378290,48426964,183805254,7,0,1,11776,20,747775547
5178,135412600,48393474,183806074,6,0,1,19968,11,10132848071
5179,135412740,48403289,183816029,7,0,1,7168,20,6418773341
5180,135437270,48391497,183828767,6,0,1,36864,11,5401324893
5181,135437511,48416541,183854052,6,0,1,34816,11,10508851774
5182,135474160,48391605,183865765,7,0,1,28672,20,2303511388
5183,135510780,34031948,169542728,1,0,0,1024,23,489096913
5184,135552300,48323117,183875417,7,0,1,26624,20,5708994325
5185,135611270,34204943,169816213,0,0,0,4096,13,5455612162
5186,135628040,48248555,183876595,6,0,1,13824,11,9145551307
5187,135680950,48217078,183898028,7,0,1,6144,20,5943522392
5188,135684700,34209804,169894504,0,0,0,1536,13,7842331035
5189,135711410,48191905,183903315,7,0,1,16896,20,8120576627
5190,135777010,33948190,169725200,1,0,0,1024,23,6263558131
5191,135796020,48119867,183915887,7,0,1,51712,20,4733109142
5192,135847570,34018841,169866411,0,0,0,3072,13,4067321541
5193,135854470,48083063,183937533,6,0,1,48128,11,3481229754
5194,136021031,47940503,183961534,6,0,1,38912,11,7222107401
5195,136115840,33632664,169748504,0,0,0,6144,13,1671379783
5196,136120330,33772038,169892368,1,0,0,4608,23,7965418647
5197,136127300,47859217,183986517,6,0,1,45568,11,10716652243
5198,136137119,48029731,184166850,9,0,1,307712,21,2184747310
5199,136159060,33686084,169845144,1,0,0,10240,23,8676504113
5200,136213400,33666078,169879478,1,0,0,4608,23,256864826
5201,136319200,47876079,184195279,6,0,1,49152,11,1471939740
5202,136345671,47874995,184220666,6,0,1,51712,11,3927803264
5203,136398609,47850546,184249155,9,0,1,68096,21,3906019873
5204,136427329,47893205,184320534,9,0,1,179712,21,5313916599
5205,136444720,33588146,170032866,0,0,0,9216,13,2770424027
5206,136447059,47920903,184367962,9,0,1,55808,21,5832238422
5207,136486490,47892879,184379369,3,0,1,37888,20,4225486532
5208,136497430,33404201,169901631,1,0,0,2560,23,4231320595
5209,136511639,48095011,184606650,9,0,1,487424,21,10183428491
5210,136516770,48125468,184642238,5,0,1,51200,15,2814502403
5211,136647330,48096070,184743400,4,0,1,171008,26,6126612382
5212,136714730,48055493,184770223,3,0,1,57344,20,444997999
5213,136830410,33238076,170068486,1,0,0,1024,23,6513251159
5214,136836650,33246041,170082691,0,0,0,10240,13,4065632976
5215,136923840,33202275,170126115,1,0,0,4608,23,2718959773
5216,136955350,47821353,184776703,3,0,1,5632,20,1939452082
5217,137004040,32920235,169924275,0,0,0,512,13,3034326840
5218,137031520,33253748,170285268,1,0,0,512,23,931647170
5219,137041010,47742184,184783194,3,0,1,26624,20,5856468206
5220,137049430,47742175,184791605,2,0,1,29696,19,8926882636
5221,137090120,47719086,184809206,3,0,1,20480,20,10732754984
5222,137098960,33217366,170316326,1,0,0,512,23,6601804868
5223,137109530,47714011,184823541,2,0,1,39424,19,3127800234
5224,137150840,33135279,170286119,0,0,0,512,13,3820124047
5225,137161420,47857997,185019417,4,0,1,219648,26,10431117128
5226,137191680,47851201,185042881,2,0,1,27648,19,4071738541
5227,137215830,48066329,185282159,4,0,1,572416,26,6000603146
5228,137409371,32826042,170235413,0,0,0,512,13,6811591890
5229,137424620,33004355,170428975,1,0,0,512,23,7091853648
5230,137436480,47850992,185287472,2,0,1,12800,19,9555333528
5231,137466960,47930547,185397507,4,0,1,229376,26,7796549360
5232,137503251,32882143,170385394,0,0,0,2048,13,5346446830
5233,137568720,47836023,185404743,3,0,1,20992,20,3408811317
5234,137583950,47889712,185473662,4,0,1,183296,26,1910858548
5235,137596820,32695684,170292504,1,0,0,4096,23,2895546555
5236,137635080,47870899,185505979,4,0,1,51200,26,1974934631
5237,137636500,47873985,185510485,2,0,1,7168,19,34587438
5238,137652460,47864695,185517155,4,0,1,39936,26,7486402855
5239,137662030,47858031,185520061,4,0,1,4608,26,3060470062
5240,137740510,47801997,185542507,3,0,1,10752,20,3864243863
5241,137928530,32978646,170907176,9,0,0,10752,21,6978991218
5242,138033490,47516712,185550202,3,0,1,30208,20,1053040939
5243,138114190,32572356,170686546,1,0,0,512,23,5910085984
5244,138133010,47426269,185559279,2,0,1,22528,19,5925691092
5245,138297720,47267256,185564976,3,0,1,18944,20,1997621906
5246,138314740,47251516,185566256,3,0,1,14336,20,2349922947
5247,138328880,47243958,185572838,3,0,1,2048,20,10130014510
5248,138344340,47233004,185577344,3,0,1,7168,20,3424994494
5249,138449130,47150791,185599921,3,0,1,62976,20,4961111565
5250,138515170,47085622,185600792,2,0,1,12288,19,1975640048
5251,138540980,47062718,185603698,3,0,1,4608,20,5913691110
5252,138557090,32256539,170813629,0,0,0,4096,13,7965084112
5253,138610780,46996144,185606924,3,0,1,5120,20,8467359636
5254,138660730,46962938,185623668,3,0,1,47104,20,5344004210
5255,138758430,46874387,185632817,2,0,1,3584,19,6058117532
5256,138765921,32042941,170808862,0,0,0,2560,13,1649157159
5257,138844230,46794540,185638770,3,0,1,28160,20,2057058682
5258,138875340,31897596,170772936,0,0,0,4096,13,7467177280
5259,138882700,46762837,185645537,2,0,1,8192,19,10235688365
5260,138889480,46756518,185645998,2,0,1,10240,19,6623791005
5261,138898180,32039251,170937431,0,0,0,2048,13,6291841889
5262,138903830,32009632,170913462,0,0,0,4608,13,2224694259
5263,138933810,46718601,185652411,2,0,1,22528,19,1263885459
5264,139013760,31834936,170848696,0,0,0,6144,13,5964931114
5265,139018600,46637357,185655957,0,0,1,5632,13,672121874
5266,139023370,46646823,185670193,3,0,1,38912,20,2801819903
5267,139045470,46698292,185743762,0,0,1,107008,13,3676983430
5268,139085860,46686367,185772227,2,0,1,74240,19,8335185116
5269,139087230,46708080,185795310,3,0,1,22528,20,6447761242
5270,139173200,46624283,185797483,0,0,1,11264,13,8016861096
5271,139180541,46897958,186078499,6,0,1,60928,11,8144795363
5272,139293181,46930343,186223524,6,0,1,20480,11,2905500580
5273,139313690,31556828,170870518,1,0,0,1024,23,8112312880
5274,139404920,46941737,186346657,2,0,1,79360,19,7850494821
5275,139422380,46938427,186360807,3,0,1,20992,20,1883692835
5276,139480370,46897480,186377850,2,0,1,7680,19,2980491958
5277,139496970,31410853,170907823,0,0,0,2048,13,2773581844
5278,139505890,46889696,186395586,2,0,1,32768,19,4599960838
5279,139507140,47270355,186777495,5,0,1,64512,15,5244561626
5280,139531340,47246178,186777518,0,0,1,2560,13,3103719974
5281,139548940,47256860,186805800,5,0,1,27648,15,1760392574
5282,139627830,47177993,186805823,5,0,1,31744,15,4758618513
5283,139688480,47167153,186855633,5,0,1,14336,15,1431100264
5284,139689791,47165865,186855656,6,0,1,2560,11,6267700040
5285,139693841,47161838,186855679,6,0,1,17408,11,2854201723
5286,139698440,47158689,186857129,0,0,1,26624,13,2649114336
5287,139739950,47117202,186857152,0,0,1,6144,13,8330042741
5288,139780320,47076855,186857175,3,0,1,9728,20,9648434382
5289,139806040,47051158,186857198,1,0,1,1024,23,5743640544
5290,139822180,31162604,170984784,1,0,0,2048,23,9990785854
5291,139829970,47027251,186857221,3,0,1,1536,20,8007125480
5292,139847430,47009814,186857244,2,0,1,25088,19,5050474592
5293,139853320,31178082,171031402,1,0,0,2560,23,7830452110
5294,139873490,46983777,186857267,2,0,1,20480,19,4398209282
5295,139878421,31302658,171181079,0,0,0,1024,13,10012100988
5296,139923930,46933360,186857290,2,0,1,4096,19,4312912816
5297,139945780,46911533,186857313,0,0,1,2560,13,3355714271
5298,139956230,31231188,171187418,1,0,0,2048,23,1895100955
5299,139958470,31167297,171125767,1,0,0,512,23,7180042743
5300,139994601,46862735,186857336,6,0,1,17408,11,3967223324
5301,140009340,46848019,186857359,0,0,1,4608,13,8910981322
5302,140032560,31061428,171093988,0,0,0,2048,13,2342633343
5303,140049620,46807762,186857382,5,0,1,11264,15,9721680101
5304,140055741,46801664,186857405,6,0,1,5632,11,5713647875
5305,140067110,46790318,186857428,0,0,1,20992,13,6872584969
5306,140086451,46771000,186857451,6,0,1,1024,11,2457046143
5307,140132191,46725283,186857474,6,0,1,14848,11,2128508095
5308,140164501,46692996,186857497,6,0,1,22016,11,1075311442
5309,140172390,46685130,186857520,5,0,1,19456,15,8097848865
5310,140225430,31025564,171250994,1,0,0,512,23,3133274605
5311,140229070,46628473,186857543,2,0,1,44032,19,736160696
5312,140232390,46625176,186857566,2,0,1,41984,19,4589510525
5313,140252080,46605509,186857589,0,0,1,1024,13,2109387400
5314,140298881,46604774,186903655,6,0,1,13824,11,10630993159
5315,140319699,46583979,186903678,8,0,1,11776,14,666215392
5316,140405060,46498657,186903717,2,0,1,25088,19,6494370969
5317,140452760,31895909,172348669,1,0,0,657920,23,4939660339
5318,140472350,46431390,186903740,5,0,1,8192,15,4541744498
5319,140509221,46394550,186903771,6,0,1,32256,11,5856589791
5320,140509400,46394394,186903794,3,0,1,35328,20,10573772134
5321,140560330,46343639,186903969,0,0,1,107520,13,5924914739
5322,140605521,46312090,186917611,6,0,1,54784,11,8934977699
5323,140638511,46331751,186970262,6,0,1,59904,11,3859356016
5324,140640310,31264023,171904333,1,0,0,104960,23,1693639687
5325,140686750,46298158,186984908,0,0,1,41984,13,795780701
5326,140687110,31397686,172084796,1,0,0,47616,23,1964349162
5327,140717540,46270914,186988454,2,0,1,5632,19,2691297842
5328,140738860,46288248,187027108,0,0,1,90624,13,2185426713
5329,140814900,46263990,187078890,0,0,1,108032,13,6668437705
5330,140865390,46223080,187088470,2,0,1,4096,19,1081567145
5331,140885590,46204468,187090058,5,0,1,15872,15,2099513088
5332,140886700,46203512,187090212,2,0,1,8704,19,10034702532
5333,140909460,46219446,187128906,2,0,1,12800,19,5873719827
5334,140915700,46213229,187128929,2,0,1,16896,19,1385087322
5335,140966331,31383609,172349940,0,0,0,4096,13,5314674995
5336,141127010,31231137,172358147,1,0,0,26624,23,1503910130
5337,141162790,46354027,187516817,0,0,1,563200,13,778071176
5338,141270600,46261320,187531920,2,0,1,17408,19,3497873242
5339,141294920,46240295,187535215,2,0,1,8704,19,3016813901
5340,141387030,46151923,187538953,3,0,1,4096,20,3218038940
5341,141445850,46189287,187635137,0,0,1,144896,13,10608873320
5342,141526400,46170855,187697255,0,0,1,168448,13,1553521559
5343,141540980,46168846,187709826,1,0,1,51712,23,101567863
5344,141587620,46163351,187750971,2,0,1,51712,19,3666535937
5345,141613240,31079639,172692879,1,0,0,49664,23,8048985607
5346,141663490,46090707,187754197,0,0,1,5120,13,10539140213
5347,141664910,46109668,187774578,0,0,1,56832,13,8347094908
5348,141673130,30691124,172364254,1,0,0,19968,23,7119349826
5349,141677700,46107901,187785601,2,0,1,34816,19,10629754968
5350,141683930,46109449,187793379,2,0,1,28672,19,2302910600
5351,141693130,46119411,187812541,5,0,1,39424,15,669548795
5352,141697530,46122743,187820273,2,0,1,12288,19,6167377392
5353,141721400,46123672,187845072,5,0,1,62976,15,3308895898
5354,141778670,31242332,173021002,1,0,0,177664,23,5734530098
5355,141862550,45986401,187848951,2,0,1,13312,19,2180222024
5356,141897740,30943529,172841269,0,0,0,1536,13,2746291292
5357,141960560,30814843,172775403,0,0,0,3584,13,9114597
5358,141965940,31566766,173532706,1,0,0,21504,23,2577152775
5359,142028160,45823697,187851857,2,0,1,4608,19,8697216207
5360,142038440,45819869,187858309,0,0,1,10240,13,5763663406
5361,142121120,30819546,172940666,8,0,0,3584,14,7865798016
5362,142125590,30681284,172806874,0,0,0,3072,13,2156918329
5363,142132530,31521280,173653810,0,0,0,8192,13,2390440695
5364,142163000,45701838,187864838,2,0,1,23040,19,1489018928
5365,142164150,31177468,173341618,1,0,0,108544,23,7167410579
5366,142180100,31846059,174026159,1,0,0,1086464,23,789105087
5367,142257350,30867278,173124628,1,0,0,27648,23,5813572811
5368,142270380,30647462,172917842,1,0,0,2048,23,9481805926
5369,142271510,45603019,187874529,2,0,1,23552,19,10125446331
5370,142409300,45468455,187877755,2,0,1,5120,19,1292504385
5371,142409860,45478883,187888743,0,0,1,16896,13,9243009860
5372,142421770,45469879,187891649,2,0,1,4608,19,3669589439
5373,142457930,45447839,187905769,5,0,1,39424,15,1393443742
5374,142464930,45443105,187908035,2,0,1,3584,19,6304189129
5375,142508150,31827109,174335259,1,0,0,778752,23,8395708620
5376,142572660,31455238,174027898,1,0,0,5632,23,9116940277
5377,142595300,31500514,174095814,1,0,0,197632,23,753683742
5378,142604610,31430965,174035575,1,0,0,15360,23,3473380460
5379,142748880,31589371,174338251,0,0,0,9216,13,5553452209
5380,142815620,30742098,173557718,0,0,0,512,13,6365072223
5381,142822500,45089069,187911569,5,0,1,18944,15,3383008128
5382,142979720,45019277,187998997,0,0,1,171008,13,7273917790
5383,143022260,44989014,188011274,0,0,1,27648,13,6334293557
5384,143038540,44974680,188013220,2,0,1,3072,19,5591310498
5385,143064060,30630628,173694688,0,0,0,5120,13,7833210898
5386,143067200,30963626,174030826,0,0,0,3072,13,8985160896
5387,143078790,45632111,188710901,0,0,1,383488,13,6493517877
5388,143109850,30919971,174029821,0,0,0,5632,13,8132734273
5389,143186659,45524273,188710932,8,0,1,12288,14,7798118610
5390,143224290,31247785,174472075,0,0,0,1536,13,9308481722
5391,143305640,45405650,188711290,2,0,1,6656,19,5235688648
5392,143313240,31205238,174518478,1,0,0,114688,23,9887281070
5393,143313250,31059636,174372886,1,0,0,109056,23,7576726168
5394,143468650,30870854,174339504,0,0,0,3584,13,2506861379
5395,143579160,45132153,188711313,0,0,1,38400,13,9925711770
5396,143659960,45051376,188711336,2,0,1,38400,19,8559287453
5397,143806490,44904869,188711359,0,0,1,6656,13,515597623
5398,143839550,44871840,188711390,2,0,1,12800,19,9843666514
5399,143869880,44841533,188711413,2,0,1,19968,19,7842422915
5400,143876570,44835357,188711927,5,0,1,23552,15,590843707
5401,143924580,44792853,188717433,2,0,1,30720,19,5747525231
5402,143945961,30429132,174375093,0,0,0,7168,13,9973070359
5403,143966721,30481972,174448693,0,0,0,1536,13,10667673015
5404,144010640,44706816,188717456,2,0,1,12800,19,3064228053
5405,144021600,44786330,188807930,0,0,1,245760,13,9707672432
5406,144040990,44776468,188817458,0,0,1,22528,13,1706149654
5407,144041570,44829648,188871218,0,0,1,156672,13,5636763448
5408,144042809,45150446,189193255,9,0,1,307712,21,705009273
5409,144104050,45647355,189751405,0,0,1,654336,13,2870727712
5410,144174569,45578167,189752736,9,0,1,10752,21,8158756031
5411,144201250,45553432,189754682,5,0,1,3072,15,9996293401
5412,144207861,30366408,174574269,0,0,0,2048,13,8267314224
5413,144225050,45541645,189766695,0,0,1,33792,13,648709034
5414,144252270,45534849,189787119,5,0,1,66560,15,5557300008
5415,144271480,45520465,189791945,2,0,1,7680,19,6686463585
5416,144271610,45527976,189799586,5,0,1,18944,15,1002221933
5417,144273280,31039047,175312327,1,0,0,124928,23,3188061271
5418,144322519,45593058,189915577,9,0,1,179712,21,7697417248
5419,144383360,45534803,189918163,2,0,1,4096,19,814112572
5420,144402110,45519919,189922029,5,0,1,6144,15,7146279401
5421,144429260,45493640,189922900,5,0,1,12288,15,1866501297
5422,144452470,45537456,189989926,0,0,1,136192,13,1151839424
5423,144464430,45528402,189992832,5,0,1,4608,15,5536293320
5424,144466259,45720641,190186900,9,0,1,329216,21,9893087474
5425,144490210,45746733,190236943,5,0,1,77824,15,2188890806
5426,144507700,45730869,190238569,5,0,1,2560,15,3320881536
5427,144509090,45730452,190239542,2,0,1,12800,19,3828377694
5428,144526929,45928373,190455302,9,0,1,359424,21,1528589188
5429,144537760,45929592,190467352,1,0,1,24576,23,10090269230
5430,144539690,45938298,190477988,2,0,1,27648,19,1670764388
5431,144557740,30617785,175175525,1,0,0,249856,23,7541615850
5432,144581190,30632890,175214080,1,0,0,126464,23,6245203191
5433,144601970,45892573,190494543,1,0,1,27648,23,2566315478
5434,144617020,45884911,190501931,1,0,1,41472,23,6899646977
5435,144621550,45880740,190502290,1,0,1,9728,23,9706063744
5436,144709040,45796709,190505749,1,0,1,3584,23,4794565730
5437,144736620,45781525,190518145,1,0,1,16896,23,9574847650
5438,144765999,46081459,190847458,9,0,1,449024,21,8360924867
5439,144799199,46056368,190855567,9,0,1,15360,21,6348651892
5440,144803030,46057727,190860757,5,0,1,7168,15,4651223541
5441,144807189,46194082,191001271,9,0,1,184320,21,7207267141
5442,144887881,30090325,174978206,0,0,0,2048,13,1095913708
5443,144894109,46107185,191001294,9,0,1,43520,21,4237819181
5444,144944019,46057298,191001317,9,0,1,35328,21,2920828217
5445,144966250,46038037,191004287,1,0,1,6144,23,8354361076
5446,144973490,46036186,191009676,5,0,1,17408,15,1150432786
5447,145016289,46236234,191252523,9,0,1,557568,21,468662189
5448,145022481,30053246,175075727,0,0,0,1024,13,8597472788
5449,145076550,46186465,191263015,7,0,1,34816,20,1989897544
5450,145191000,46101147,191292147,7,0,1,40448,20,2638602383
5451,145192930,30070827,175263757,1,0,0,162816,23,2856577202
5452,145229009,46107215,191336224,9,0,1,80384,21,2414831788
5453,145258800,46104283,191363083,4,0,1,29696,26,7716982803
5454,145290150,46075839,191365989,1,0,1,4608,23,852609871
5455,145377320,46075959,191453279,2,0,1,86016,19,8039886808
5456,145412280,29615914,175028194,7,0,0,512,20,6040456803
5457,145448271,46059987,191508258,6,0,1,27136,11,1929409767
5458,145460630,30857246,176317876,1,0,0,54784,23,3111763921
5459,145527450,31350084,176877534,1,0,0,203776,23,4993607808
5460,145539260,30669218,176208478,1,0,0,88576,23,3766461252
5461,145547311,31379637,176926948,0,0,0,2560,13,5359065327
5462,145557960,45950321,191508281,2,0,1,10240,19,6368640451
5463,145597610,45910694,191508304,5,0,1,18944,15,7172804340
5464,145679060,45829267,191508327,2,0,1,7168,19,8107163345
5465,145739210,45769140,191508350,5,0,1,5120,15,6533980357
5466,145747050,45761323,191508373,2,0,1,71168,19,8980333164
5467,145753570,45768713,191522283,1,0,1,28160,23,3313488473
5468,145791750,45784654,191576404,7,0,1,53760,20,8938467869
5469,145794041,29942675,175736716,0,0,0,512,13,1107603008
5470,145794950,45787087,191582037,1,0,1,17408,23,7805507900
5471,145798890,31428450,177227340,1,0,0,626688,23,1791952144
5472,145814440,30260358,176074798,0,0,0,4096,13,261312039
5473,145840210,45749687,191589897,0,0,1,22016,13,1993637180
5474,145896759,45847689,191744448,9,0,1,189440,21,653998884
5475,145901720,45849967,191751687,7,0,1,2048,20,9132443087
5476,145949360,45804593,191753953,1,0,1,3584,23,6069847475
5477,146010370,30370590,176380960,1,0,0,45056,23,8524195983
5478,146050940,45705279,191756219,7,0,1,3584,20,8656624526
5479,146065200,29738852,175804052,0,0,0,2560,13,4844807551
5480,146080180,29575288,175655468,0,0,0,6144,13,8476849272
5481,146080460,45676105,191756565,2,0,1,512,19,8531166489
5482,146164750,45593121,191757871,7,0,1,2048,20,1800752643
5483,146178930,30723922,176902852,8,0,0,2048,14,8924150756
5484,146210740,30248345,176459085,1,0,0,139264,23,10460332382
5485,146244870,45518288,191763158,7,0,1,16896,20,8614883546
5486,146254380,29388376,175642756,5,0,0,1024,15,1554206506
5487,146262380,45622442,191884822,1,0,1,62976,23,9225753442
5488,146276730,29854466,176131196,1,0,0,164352,23,8274966229
5489,146277450,30746663,177024113,0,0,0,4096,13,9470001509
5490,146288280,45606105,191894385,1,0,1,25088,23,4681455129
5491,146357540,45581515,191939055,1,0,1,14848,23,8789733167
5492,146368930,45572391,191941321,7,0,1,3584,20,2333344620
5493,146425150,30038014,176463164,5,0,0,13312,15,991010563
5494,146464850,30097464,176562314,1,0,0,50688,23,3691312687
5495,146507680,45462070,191969750,7,0,1,35328,20,6295645630
5496,146561400,29305006,175866406,5,0,0,3072,15,5952819175
5497,146566310,45440643,192006953,7,0,1,32256,20,6491972850
5498,146597300,29559222,176156522,1,0,0,20480,23,5735992061
5499,146614999,45742717,192357716,9,0,1,141824,21,7996966428
5500,146652660,29047566,175700226,0,0,0,512,13,6629612506
5501,146663590,30006710,176670300,5,0,0,512,15,1740132563
5502,146684440,30558037,177242477,1,0,0,40448,23,4205242246
5503,146699190,45658549,192357739,7,0,1,25088,20,3444872857
5504,146722560,45635202,192357762,7,0,1,25088,20,3792215939
5505,146765970,45591815,192357785,2,0,1,19968,19,9844693703
5506,146851380,29051746,175903126,1,0,0,6144,23,5707390275
5507,146935880,45421928,192357808,1,0,1,2048,23,2867148728
5508,146971050,45386781,192357831,2,0,1,6144,19,1383592825
5509,146972210,45385644,192357854,2,0,1,4096,19,7323316798
5510,147021751,45336126,192357877,6,0,1,11264,11,8436523792
5511,147178050,29579698,176757748,1,0,0,32768,23,7695942917
5512,147240830,29550427,176791257,5,0,0,1536,15,507701146
5513,147243560,29401096,176644656,1,0,0,141312,23,4316113147
5514,147292670,28562204,175854874,5,0,0,512,15,3519747564
5515,147297130,45060770,192357900,1,0,1,21504,23,7822748700
5516,147304940,29597265,176902205,1,0,0,80896,23,3268005988
5517,147307890,45050033,192357923,1,0,1,31744,23,2635270141
5518,147378250,45051791,192430041,1,0,1,9728,23,1795725621
5519,147378570,28906446,176285016,5,0,0,3584,15,7085488848
5520,147397840,28498242,175896082,1,0,0,43520,23,7974973689
5521,147463560,44966504,192430064,7,0,1,12800,20,2823557486
5522,147485500,28664751,176150251,1,0,0,62464,23,5030989241
5523,147557480,28660578,176218058,0,0,0,9728,13,6057802420
5524,147582540,28314033,175896573,0,0,0,1536,13,2704140054
5525,147589000,28136664,175725664,0,0,0,1024,13,4998765789
5526,147601680,28814898,176416578,1,0,0,46080,23,9597350332
5527,147711910,44718177,192430087,2,0,1,4096,19,1695233466
5528,147858900,29739535,177598435,1,0,0,635392,23,5831304356
5529,147927860,44502250,192430110,2,0,1,25600,19,10330371740
5530,147938450,29403803,177342253,1,0,0,188928,23,5843950188
5531,147963180,29009648,176972828,0,0,0,1024,13,7678744483
5532,147965160,29264277,177229437,5,0,0,6656,15,3963991215
5533,147982390,44447807,192430197,2,0,1,16896,19,8814089282
5534,148013090,44417130,192430220,0,0,1,16384,13,827328668
5535,148017570,29605263,177622833,1,0,0,75776,23,5970391281
5536,148105670,44343316,192448986,0,0,1,18944,13,2391625850
5537,148162870,44318510,192481380,0,0,1,83968,13,1739937621
5538,148172890,29057217,177230107,0,0,0,2048,13,665643842
5539,148183970,29059333,177243303,5,0,0,512,15,6607158881
5540,148236680,29546615,177783295,1,0,0,276992,23,7411368628
5541,148270970,44216897,192487867,0,0,1,34816,13,3805622363
5542,148286740,29827781,178114521,1,0,0,100864,23,8283049137
5543,148319080,27889577,176208657,0,0,0,512,13,10308191145
5544,148327150,29359088,177686238,1,0,0,135680,23,3845564083
5545,148331430,27988497,176319927,0,0,0,6656,13,2244028334
5546,148356780,44133065,192489845,2,0,1,512,19,9010418167
5547,148361300,29238422,177599722,0,0,0,4096,13,4349175229
5548,148423920,44579001,193002921,0,0,1,486912,13,1215561911
5549,148464090,44538854,193002944,2,0,1,13312,19,5704534692
5550,148496910,29147965,177644875,1,0,0,66560,23,7487165439
5551,148531420,29551599,178083019,1,0,0,567808,23,9593707921
5552,148604700,44398267,193002967,2,0,1,9216,19,3056307269
5553,148650659,44366479,193017138,9,0,1,30208,21,3189479804
5554,148720100,29481983,178202083,1,0,0,285696,23,2108032808
5555,148727980,44532192,193260172,0,0,1,270336,13,10194085302
5556,148813120,27973217,176786337,0,0,0,512,13,8017546888
5557,148852419,44407776,193260195,9,0,1,1536,21,2420128975
5558,148902090,44358128,193260218,2,0,1,27648,19,9916828200
5559,148928180,29319470,178247650,1,0,0,148480,23,2041885660
5560,148957290,44302951,193260241,2,0,1,6656,19,2338469704
5561,149027940,28852841,177880781,0,0,0,3072,13,6462200308
5562,149032570,44227694,193260264,2,0,1,24064,19,9630652973
5563,149033710,28308878,177342588,5,0,0,1024,15,10231524915
5564,149047130,44218558,193265688,2,0,1,21504,19,4561249803
5565,149047650,29287578,178335228,1,0,0,271872,23,1824874752
5566,149066450,29373968,178440418,1,0,0,192512,23,667346658
5567,149131930,44216415,193348345,0,0,1,187392,13,8164076563
5568,149133909,44429979,193563888,9,0,1,496128,21,3185332950
5569,149137280,28105844,177243124,0,0,0,2048,13,3765132136
5570,149173520,44390920,193564440,2,0,1,8704,19,6238474389
5571,149192380,44415199,193607579,0,0,1,48640,13,1123027889
5572,149199970,44408275,193608245,2,0,1,11264,19,1384148170
5573,149248850,44371260,193620110,2,0,1,8704,19,971911926
5574,149262919,44659786,193922705,9,0,1,274432,21,7812484264
5575,149263400,44659328,193922728,2,0,1,22528,19,7394362214
5576,149265390,28359182,177624572,0,0,0,5632,13,5831914661
5577,149279290,28922972,178202262,5,0,0,512,15,4811966153
5578,149294750,29147103,178441853,0,0,0,4608,13,6862482976
5579,149311510,44611241,193922751,0,0,1,97792,13,10227106181
5580,149316390,44606384,193922774,5,0,1,5120,15,2078260233
5581,149340320,44613735,193954055,0,0,1,77824,13,2740909106
5582,149361630,44633361,193994991,0,0,1,67584,13,1917926349
5583,149406560,28975179,178381739,1,0,0,152576,23,2102595916
5584,149427499,44751374,194178873,9,0,1,355328,21,4533751763
5585,149438220,44789890,194228110,0,0,1,135168,13,5914899040
5586,149471220,44757876,194229096,2,0,1,1536,19,2739414066
5587,149551900,44683540,194235440,2,0,1,18944,19,6144882260
5588,149554589,44816269,194370858,9,0,1,258560,21,958795494
5589,149600000,44774367,194374367,2,0,1,14336,19,4681278342
5590,149638000,44783606,194421606,0,0,1,95232,13,9976930870
5591,149642220,29204298,178846518,1,0,0,445952,23,3051948622
5592,149658090,44915760,194573850,0,0,1,187904,13,7774618362
5593,149667230,28447782,178115012,0,0,0,1536,13,7654307398
5594,149668610,28120400,177789010,0,0,0,3072,13,4748285471
5595,149672279,45065006,194737285,9,0,1,168960,21,5104260274
5596,149766930,28485439,178252369,0,0,0,15360,13,6663898717
5597,149857090,28722455,178579545,1,0,0,41984,23,9861789971
5598,149991929,44773276,194765205,9,0,1,134144,21,6026120803
5599,150007390,28603373,178610763,1,0,0,42496,23,3506656787
5600,150015470,27796865,177812335,5,0,0,2048,15,8432136851
5601,150044040,28039672,178083712,5,0,0,2048,15,7136126842
5602,150090350,44729553,194819903,0,0,1,111104,13,9088665519
5603,150113249,44882353,194995602,9,0,1,429056,21,2975588887
5604,150178910,28751595,178930505,1,0,0,101888,23,4488057027
5605,150207289,45025833,195233122,9,0,1,484352,21,8213267696
5606,150217180,28738134,178955314,5,0,0,13824,15,5324938546
5607,150218879,28308701,178527580,3,0,0,112640,20,5041730150
5608,150288669,44991885,195280554,9,0,1,144384,21,9129364945
5609,150302240,44980580,195282820,0,0,1,3584,13,9066252090
5610,150303079,45048129,195351208,9,0,1,178176,21,405828378
5611,150352150,28306153,178658303,1,0,0,95744,23,5060211278
5612,150361929,45163406,195525335,9,0,1,318976,21,251460290
5613,150405950,45167323,195573273,0,0,1,52736,13,9361592733
5614,150451619,45124240,195575859,9,0,1,4096,21,7161198764
5615,150594660,45467623,196062283,0,0,1,757760,13,10186856865
5616,150606289,45490593,196096882,9,0,1,57344,21,7838883169
5617,150609710,28289659,178899369,1,0,0,173056,23,8966997081
5618,150628710,27924996,178553706,1,0,0,49664,23,2550001875
5619,150649420,45511953,196161373,0,0,1,160256,13,7639224569
5620,150682410,45482258,196164668,3,0,1,3072,20,7612912131
5621,150695810,45475631,196171441,3,0,1,32256,20,4222588543
5622,150705999,45513446,196219445,9,0,1,100352,21,9049102091
5623,150710450,28220326,178930776,5,0,0,512,15,400629139
5624,150713720,28237359,178951079,1,0,0,66560,23,10721112542
5625,150729479,45694438,196423917,9,0,1,335872,21,4327977565
5626,150770370,45667015,196437385,3,0,1,18432,20,5972787838
5627,150809230,28392860,179202090,1,0,0,378880,23,6622116268
5628,150852500,45709308,196561808,0,0,1,274432,13,10587202712
5629,150856480,45708880,196565360,3,0,1,3072,20,10715390667
5630,150901030,46371361,197272391,0,0,1,1470464,13,10025408681
5631,150912580,46383962,197296542,3,0,1,53248,20,9155342449
5632,150913610,46383905,197297515,4,0,1,12800,26,589107916
5633,150932610,28128875,179061485,5,0,0,1024,15,8838411154
5634,150936220,28267320,179203540,5,0,0,4608,15,8430857803
5635,150982249,28302028,179284277,3,0,0,107008,20,6182444892
5636,150987489,46323481,197310970,9,0,1,48640,21,3293740775
5637,151049389,28536931,179586320,3,0,0,63488,20,2086286092
5638,151060370,29298555,180358925,1,0,0,163840,23,9477497053
5639,151068030,46271407,197339437,3,0,1,54784,20,5144743149
5640,151093240,46246351,197339591,3,0,1,8704,20,6999598652
5641,151137459,46251593,197389052,9,0,1,137728,21,3320758637
5642,151142430,46445115,197587545,0,0,1,487936,13,10405294083
5643,151154789,28983323,180138112,3,0,0,141312,20,9543319648
5644,151235129,28752458,179987587,3,0,0,101888,20,10520980405
5645,151243869,29063678,180307547,3,0,0,555520,20,978359680
5646,151300850,46288001,197588851,3,0,1,2048,20,5329783367
5647,151325579,28543247,179868826,3,0,0,10240,20,6031086678
5648,151370080,28407355,179777435,5,0,0,1024,15,9319845866
5649,151379420,46285399,197664819,0,0,1,195072,13,4410480782
5650,151387729,28971375,180359104,3,0,0,512,20,413075204
5651,151428250,46393620,197821870,0,0,1,116224,13,4821398643
5652,151431400,28995569,180426969,1,0,0,71168,23,3417530552
5653,151506280,46315613,197821893,3,0,1,15360,20,9293279463
5654,151508490,28553831,180062321,1,0,0,97792,23,3890584833
5655,151609899,28288041,179897940,3,0,0,1536,20,7479375999
5656,151610080,46211836,197821916,3,0,1,12288,20,4623926474
5657,151622539,46441168,198063707,9,0,1,567808,21,8407229186
5658,151667300,28830406,180497706,1,0,0,231936,23,6096074766
5659,151668380,46396198,198064578,3,0,1,12288,20,885455975
5660,151673719,28872595,180546314,3,0,0,1536,20,4670199188
5661,151729530,28675016,180404546,1,0,0,145920,23,6218331501
5662,151806460,27640834,179447294,5,0,0,1536,15,7364682027
5663,151917749,27704718,179622467,3,0,0,3072,20,3299567011
5664,151935530,28373452,180308982,1,0,0,4608,23,3699356789
5665,151997390,46223223,198220613,0,0,1,163840,13,6928984571
5666,152021810,46213667,198235477,3,0,1,62464,20,5878425313
5667,152055379,46184825,198240204,8,0,1,5632,14,5200353555
5668,152058890,28485015,180543905,1,0,0,151552,23,3799511082
5669,152072810,46167548,198240358,1,0,1,8704,23,822847458
5670,152152530,27749883,179902413,5,0,0,512,15,9035084494
5671,152157820,46083768,198241588,4,0,1,22016,26,515454155
5672,152242219,46063221,198305440,9,0,1,81920,21,3466379456
5673,152286499,28118405,180404904,3,0,0,1024,20,5501861108
5674,152291349,46039121,198330470,9,0,1,60928,21,2838426382
5675,152295699,46174682,198470381,9,0,1,332288,21,8698270670
5676,152324649,46195842,198520491,7,0,1,97792,20,4484501885
5677,152350040,28010023,180360063,5,0,0,3072,15,1208100870
5678,152369520,46186000,198555520,3,0,1,4608,20,5196549469
5679,152387620,46222211,198609831,0,0,1,120320,13,8894205043
5680,152392709,28012530,180405239,3,0,0,1024,20,4651507428
5681,152394319,46268865,198663184,7,0,1,94720,20,9741443409
5682,152402040,46270387,198672427,0,0,1,24576,13,1515293275
5683,152402160,46342326,198744486,0,0,1,204800,13,1825973424
5684,152423010,46327430,198750440,4,0,1,2048,26,8490352146
5685,152492609,46262977,198755586,9,0,1,8192,21,2949288428
5686,152498740,46264251,198762991,3,0,1,16896,20,3618923641
5687,152519389,28024851,180544240,3,0,0,1024,20,5972517512
5688,152614450,28131709,180746159,1,0,0,110592,23,9485049379
5689,152641310,46198297,198839607,0,0,1,232960,13,4385985107
5690,152641339,46213542,198854881,9,0,1,24576,21,9010971147
5691,152669550,46192411,198861961,3,0,1,9728,20,4053724041
5692,152689020,46178387,198867407,3,0,1,15360,20,4109478973
5693,152690210,46180033,198870243,3,0,1,512,20,1834525225
5694,152692650,46181736,198874386,1,0,1,16896,23,10669557412
5695,152725410,27987007,180712417,1,0,0,415232,23,7835110575
5696,152747110,46142139,198889249,1,0,1,48128,23,2266620554
5697,152747240,28005673,180752913,1,0,0,22016,23,8217599913
5698,152799590,46832056,199631646,0,0,1,834048,13,2498888508
5699,152827500,27718323,180545823,5,0,0,5120,15,6350290401
5700,152827680,46882213,199709893,0,0,1,152576,13,7404673882
5701,152836490,46876629,199713119,1,0,1,5120,23,3786635642
5702,152882330,46915534,199797864,0,0,1,226816,13,10192488150
5703,152899580,28288933,181188513,5,0,0,512,15,8226420788
5704,152911980,28182626,181094606,5,0,0,3584,15,10693041779
5705,152926040,28450080,181376120,1,0,0,51712,23,1900280388
5706,152949649,28255638,181205287,3,0,0,9216,20,551634849
5707,152954500,46844235,199798735,1,0,1,12288,23,2323987156
5708,152969229,47096741,200065970,9,0,1,43520,21,9848476314
5709,152980100,47085893,200065993,4,0,1,9728,26,2482291903
5710,153007240,47058776,200066016,1,0,1,31232,23,10699948588
5711,153028770,47037269,200066039,4,0,1,9216,26,4260906433
5712,153033510,47032552,200066062,4,0,1,22016,26,10305394774
5713,153040620,47025465,200066085,1,0,1,5632,23,9369558902
5714,153091269,46974839,200066108,7,0,1,7680,20,3187077153
5715,153109300,46956831,200066131,3,0,1,34304,20,7001274484
5716,153131840,46934314,200066154,7,0,1,33792,20,5810011394
5717,153153000,46913177,200066177,7,0,1,11264,20,6804052610
5718,153184590,46881610,200066200,1,0,1,1024,23,8627170265
5719,153222430,28137880,181360310,1,0,0,139776,23,7248614926
5720,153225200,46841023,200066223,1,0,1,78336,23,7199121722
5721,153254670,46811576,200066246,4,0,1,88576,26,9575948240
5722,153266599,46799670,200066269,9,0,1,9728,21,2577149423
5723,153273769,46792523,200066292,9,0,1,53248,21,4074907287
5724,153276270,27602188,180878458,5,0,0,1536,15,7166931
5725,153296550,46769765,200066315,1,0,1,13824,23,6932677504
5726,153326589,46739749,200066338,9,0,1,7168,21,7223482801
5727,153341240,27679263,181020503,5,0,0,512,15,3146718934
5728,153370900,46695461,200066361,4,0,1,19456,26,2280271309
5729,153387980,46678404,200066384,4,0,1,14848,26,7210615552
5730,153418800,46656126,200074926,0,0,1,146432,13,2362437781
5731,153427140,46678675,200105815,0,0,1,67072,13,5245485271
5732,153487170,46703388,200190558,0,0,1,183296,13,4926131755
5733,153499840,46710688,200210528,7,0,1,33792,20,354140275
5734,153516859,27578400,181095259,3,0,0,1536,20,2263774498
5735,153523710,27569712,181093422,1,0,0,146432,23,1041793627
5736,153527970,46686547,200214517,4,0,1,26624,26,2032030988
5737,153545820,46689200,200235020,7,0,1,49152,20,6604852884
5738,153571050,46678211,200249261,1,0,1,6656,23,3357935341
5739,153591170,47466681,201057851,0,0,1,312320,13,4015036086
5740,153604000,47566427,201170427,7,0,1,57344,20,10562500875
5741,153625560,27798559,181424119,5,0,0,1536,15,7369637513
5742,153705120,47633985,201339105,0,0,1,257536,13,10733048897
5743,153725679,47613449,201339128,9,0,1,3584,21,1668951602
5744,153751610,47587541,201339151,4,0,1,11264,26,1550395696
5745,153756960,47582214,201339174,1,0,1,23040,23,5341314402
5746,153762599,47576598,201339197,9,0,1,6144,21,3404099979
5747,153771269,27546430,181317699,3,0,0,1536,20,2809160310
5748,153808320,47530900,201339220,4,0,1,6656,26,3106816060
5749,153826660,47512583,201339243,1,0,1,43008,23,7078602947
5750,153859449,27588684,181448133,3,0,0,2048,20,7398724068
5751,153864350,47474916,201339266,1,0,1,6656,23,6256196854
5752,153909280,47430009,201339289,7,0,1,13312,20,110787058
5753,153910450,47555101,201465551,1,0,1,63488,23,6432584955
5754,153944860,27438539,181383399,5,0,0,2048,15,9116666933
5755,153956600,47508974,201465574,7,0,1,4096,20,6809928964
5756,153960710,47578409,201539119,4,0,1,29696,26,9147977325
5757,153993411,47545731,201539142,6,0,1,16384,11,9077617629
5758,154005260,47533905,201539165,7,0,1,23040,20,7520752506
5759,154027370,47511818,201539188,0,0,1,64512,13,3757469568
5760,154048280,47490963,201539243,4,0,1,10240,26,5608133362
5761,154089410,47449856,201539266,3,0,1,3584,20,7008918623
5762,154095910,47797939,201893849,0,0,1,311296,13,8669691776
5763,154101230,47793695,201894925,1,0,1,13312,23,10378466869
5764,154139920,47829892,201969812,4,0,1,16384,26,5620811119
5765,154177840,48139793,202317633,1,0,1,101888,23,6706767418
5766,154195740,48121916,202317656,4,0,1,2560,26,3907449873
5767,154199040,48118639,202317679,1,0,1,26624,23,7440371458
5768,154210460,48107242,202317702,1,0,1,1536,23,3795546641
5769,154229570,48088155,202317725,7,0,1,20992,20,3508796043
5770,154237800,48079948,202317748,3,0,1,45568,20,4510705313
5771,154255790,48063613,202319403,3,0,1,19456,20,1902761020
5772,154271000,48078539,202349539,1,0,1,40448,23,7773839645
5773,154341909,27091191,181433100,3,0,0,3584,20,8254821069
5774,154404560,27129059,181533619,1,0,0,29696,23,7603838264
5775,154455230,27294573,181749803,1,0,0,77312,23,9061860202
5776,154496390,27006685,181503075,1,0,0,14336,23,3973896904
5777,154508430,47845295,202353725,3,0,1,6656,20,8001244632
5778,154549480,47808150,202357630,1,0,1,15360,23,2516781012
5779,154573210,47787288,202360498,3,0,1,30208,20,1354839491
5780,154591789,47772575,202364364,8,0,1,6144,14,1250425341
5781,154686290,27412945,182099235,1,0,0,88576,23,4447422138
5782,154703380,27252597,181955977,1,0,0,34304,23,9587431399
5783,154714490,47681682,202396172,1,0,1,27136,23,6044677294
5784,154725889,47697997,202423886,8,0,1,29184,14,6583172091
5785,154880119,47543790,202423909,8,0,1,14336,14,4979847580
5786,154900730,27425693,182326423,1,0,0,253952,23,1212838836
5787,154902140,47543023,202445163,3,0,1,21504,20,8380716020
5788,155000870,26927115,181927985,1,0,0,79872,23,9867282093
5789,155023030,26739715,181762745,5,0,0,3584,15,1945637903
5790,155052699,47393450,202446149,8,0,1,1536,14,1830898313
5791,155080480,26971066,182051546,5,0,0,4608,15,3935632253
5792,155080560,47367536,202448096,1,0,1,25600,23,6448558944
5793,155162919,47292192,202455111,8,0,1,19968,14,1406753918
5794,155190979,47264900,202455879,7,0,1,11776,20,7576171641
5795,155224880,47504882,202729762,0,0,1,361472,13,10419819838
5796,155305420,26716274,182021694,1,0,0,75264,23,6966691468
5797,155309560,26500165,181809725,5,0,0,8192,15,2873443644
5798,155311570,47418215,202729785,1,0,1,20992,23,6925666869
5799,155340109,47389699,202729808,8,0,1,43520,14,9376454565
5800,155342750,47387588,202730338,0,0,1,65024,13,1666353545
5801,155368620,47363474,202732094,0,0,1,6144,13,6072381709
5802,155382520,26318534,181701054,5,0,0,1024,15,10708195077
5803,155419620,26812037,182231657,1,0,0,26112,23,3427123972
5804,155443750,26603632,182047382,5,0,0,1024,15,8243699040
5805,155470990,47286936,202757926,7,0,1,14336,20,354930288
5806,155500109,47262003,202762112,8,0,1,6656,14,10176471533
5807,155574959,26467528,182042487,3,0,0,3584,20,8893939361
5808,155579780,26444688,182024468,5,0,0,2560,15,9678552940
5809,155607810,47157874,202765684,7,0,1,5632,20,9574361653
5810,155636820,47137275,202774095,1,0,1,21504,23,2114753663
5811,155636930,47165808,202802738,5,0,1,53760,15,8130246063
5812,155671220,47177409,202848629,0,0,1,125952,13,4747150671
5813,155708740,47147016,202855756,1,0,1,17408,23,1049685893
5814,155719919,47139703,202859622,9,0,1,18432,21,6572969185
5815,155764820,47095468,202860288,0,0,1,1024,13,1608800574
5816,155774579,26188609,181963188,3,0,0,2560,20,683513534
5817,155788259,47073015,202861274,8,0,1,1536,14,7109071102
5818,155956230,47094857,203051087,0,0,1,353792,13,7113314264
5819,156024409,26305272,182329681,3,0,0,9728,20,4798727896
5820,156031570,47036241,203067811,4,0,1,28160,26,7648411501
5821,156053530,26087132,182140662,5,0,0,5632,15,4718049351
5822,156060749,26270047,182330796,3,0,0,3584,20,10101931605
5823,156117600,46951197,203068797,7,0,1,1536,20,10224886301
5824,156210520,46862463,203072983,7,0,1,6656,20,3269037522
5825,156221620,46877478,203099098,4,0,1,71168,26,577296784
5826,156221930,47204329,203426259,1,0,1,177664,23,4019507343
5827,156247580,47179345,203426925,4,0,1,1024,26,4559001200
5828,156272149,47164772,203436921,8,0,1,9728,14,2489763988
5829,156278350,47163717,203442067,1,0,1,8192,23,10148205542
5830,156308999,47135334,203444333,8,0,1,3584,14,10267727498
5831,156313790,47133577,203447367,4,0,1,15360,26,2970288616
5832,156324170,47157130,203481300,7,0,1,28672,20,7728955790
5833,156357810,47123513,203481323,7,0,1,3584,20,8213602607
5834,156399239,47162790,203562029,8,0,1,11776,14,5889999232
5835,156439689,25903510,182343199,3,0,0,1024,20,6659297430
5836,156454470,47107582,203562052,7,0,1,3072,20,3303390722
5837,156474270,47087805,203562075,1,0,1,25088,23,2779302073
5838,156625010,46937088,203562098,1,0,1,21504,23,9353532191
5839,156712170,25614432,182326602,5,0,0,512,15,4625154752
5840,156821690,46768690,203590380,1,0,1,34304,23,6734102763
5841,156848940,46768029,203616969,1,0,1,11264,23,4809118062
5842,156898520,46718488,203617008,4,0,1,4096,26,5566651398
5843,156920050,46696981,203617031,7,0,1,10240,20,3228662531
5844,156928300,47146743,204075043,4,0,1,32256,26,10357126616
5845,157044779,25287662,182332441,3,0,0,512,20,7614673696
5846,157064900,47403714,204468614,1,0,1,109056,23,3393456348
5847,157066809,25271703,182338512,3,0,0,2560,20,6701224557
5848,157068230,25586895,182655125,5,0,0,3072,15,7655550903
5849,157079370,47451499,204530869,1,0,1,59904,23,3784249665
5850,157166799,25362709,182529508,3,0,0,512,20,1064584973
5851,157186690,47354949,204541639,1,0,1,18432,23,8970789089
5852,157209140,47339476,204548616,4,0,1,33280,26,4327239921
5853,157246900,47303490,204550390,4,0,1,2048,26,8190475012
5854,157264250,47455920,204720170,1,0,1,38400,23,1185346712
5855,157305600,47506211,204811811,2,0,1,32768,19,422318354
5856,157313680,47498489,204812169,4,0,1,3072,26,3424845475
5857,157315439,25272206,182587645,3,0,0,1536,20,7106929930
5858,157322700,47489492,204812192,4,0,1,18944,26,7220233830
5859,157355210,47457005,204812215,4,0,1,22016,26,5037533194
5860,157374620,47437618,204812238,1,0,1,23552,23,2570205168
5861,157397119,25302454,182699573,3,0,0,512,20,2444903098
5862,157459910,47352375,204812285,1,0,1,64512,23,4608400275
5863,157512610,47299698,204812308,1,0,1,4608,23,3647863516
5864,157520270,25050623,182570893,5,0,0,512,15,3563052660
5865,157529340,47282991,204812331,4,0,1,16384,26,9729864566
5866,157564169,25161843,182726012,3,0,0,5632,20,1579504019
5867,157596460,47215894,204812354,4,0,1,2048,26,6656018886
5868,157613770,47198607,204812377,4,0,1,512,26,2348638746
5869,157640080,47172320,204812400,4,0,1,8704,26,8787700574
5870,157724550,25046978,182771528,5,0,0,1536,15,9753529987
5871,157858330,46999372,204857702,7,0,1,52736,20,9720497096
5872,157858970,46998755,204857725,1,0,1,37888,23,8842313943
5873,157917689,24899162,182816851,3,0,0,4608,20,8441829048
5874,157945070,46912678,204857748,7,0,1,3584,20,9088611681
5875,157961130,46896641,204857771,1,0,1,6656,23,841994740
5876,157963710,46894084,204857794,7,0,1,512,20,5238636077
5877,158065180,46803585,204868765,7,0,1,23040,20,2411182668
5878,158075879,24819628,182895507,3,0,0,3584,20,2729147613
5879,158094960,24686465,182781425,5,0,0,512,15,9859649679
5880,158163250,46715304,204878554,7,0,1,17408,20,5267030653
5881,158167980,46724493,204892473,7,0,1,40448,20,2970196653
5882,158190710,46704856,204895566,7,0,1,2560,20,7386346693
5883,158249920,46652175,204902095,7,0,1,23040,20,494705360
5884,158294610,46625461,204920071,7,0,1,4608,20,1427459744
5885,158350250,46608553,204958803,7,0,1,29184,20,331467275
5886,158480910,46631155,205112065,1,0,1,30208,23,902556480
5887,158526730,46585358,205112088,4,0,1,19456,26,3204876704
5888,158548500,46563611,205112111,7,0,1,4608,20,4006230039
5889,158617790,46494344,205112134,7,0,1,22528,20,1967076179
5890,158699520,46416412,205115932,0,0,1,72192,13,524029973
5891,158747210,24219081,182966291,5,0,0,512,15,2413003954
5892,158784840,24274513,183059353,5,0,0,3072,15,6830194473
5893,159022400,46103585,205125985,7,0,1,64512,20,10234913367
5894,159075440,24038508,183113948,5,0,0,1536,15,928268734
5895,159119149,46006859,205126008,7,0,1,5632,20,8207152759
5896,159202139,45929999,205132138,9,0,1,12800,21,5299909216
5897,159205370,24041447,183246817,5,0,0,1536,15,1239954130
5898,159252600,45879569,205132169,2,0,1,6144,19,6529791365
5899,159321159,45811033,205132192,9,0,1,6656,21,3329354234
5900,159381749,45750466,205132215,9,0,1,3072,21,6958123927
5901,159419259,45712979,205132238,7,0,1,1536,20,5970088894
5902,159437779,45709181,205146960,9,0,1,19968,21,2004719524
5903,159470759,23854951,183325710,3,0,0,6144,20,9078418124
5904,159473830,45705486,205179316,7,0,1,1536,20,8613672258
5905,159582979,45596360,205179339,9,0,1,4608,21,1178706852
5906,159703220,45476142,205179362,4,0,1,18944,26,4981297587
5907,159727460,23925669,183653129,5,0,0,5632,15,7794615261
5908,159745769,45437291,205183060,7,0,1,10240,20,3850216208
5909,159747359,23736674,183484033,3,0,0,1536,20,6192630718
5910,159754780,23884981,183639761,5,0,0,2048,15,7392436902
5911,159819580,23702615,183522195,5,0,0,512,15,5885202581
5912,159890750,45366429,205257179,4,0,1,46592,26,1073933530
5913,159936619,45419058,205355677,7,0,1,45056,20,6239041437
5914,159945940,45831714,205777654,4,0,1,92160,26,508629136
5915,159988379,23814216,183802595,3,0,0,2048,20,8578214742
5916,160000499,45840989,205841488,7,0,1,16896,20,1889655192
5917,160123730,45717781,205841511,4,0,1,5120,26,4233663875
5918,160192350,45913269,206105619,4,0,1,8192,26,3723003874
5919,160214880,46007779,206222659,7,0,1,3584,20,6384784857
5920,160218709,46003973,206222682,7,0,1,1536,20,5960712891
5921,160219580,46003125,206222705,4,0,1,31232,26,5609306331
5922,160245200,23668311,183913511,5,0,0,512,15,6013496655
5923,160246019,46009639,206255658,7,0,1,5632,20,10098273459
5924,160254949,23704911,183959860,3,0,0,1536,20,8076038090
5925,160326129,46036710,206362839,7,0,1,85504,20,6105071573
5926,160518000,46056128,206574128,4,0,1,19456,26,785780162
5927,160526219,23552972,184079191,3,0,0,11776,20,4267084211
5928,160527539,23533706,184061245,3,0,0,5632,20,10501285520
5929,160601079,46124006,206725085,8,0,1,89088,14,1959191298
5930,160636359,46091632,206727991,7,0,1,4608,20,296804738
5931,160799080,46122068,206921148,4,0,1,101888,26,7153814287
5932,160802509,46125988,206928497,7,0,1,13312,20,9741331001
5933,160803280,23235273,184038553,5,0,0,512,15,1595654070
5934,161002100,22985750,183987850,5,0,0,1536,15,2935542213
5935,161012160,45923199,206935359,4,0,1,8192,26,159016450
5936,161187750,22843477,184031227,5,0,0,8704,15,3578371859
5937,161203959,22829692,184033651,3,0,0,1536,20,2895443205
5938,161206700,23012002,184218702,5,0,0,5120,15,1780728373
5939,161216999,46260154,207477153,8,0,1,101376,14,9039624154
5940,161280360,22857296,184137656,5,0,0,2048,15,5612048000
5941,161339610,46137574,207477184,4,0,1,51712,26,199327792
5942,161379420,22843166,184222586,5,0,0,3072,15,1253883823
5943,161396060,22587026,183983086,5,0,0,1024,15,5168665028
5944,161526560,45950647,207477207,4,0,1,4096,26,5825656091
5945,161570380,45906850,207477230,4,0,1,4608,26,3815966173
5946,161669849,22421493,184091342,3,0,0,2048,20,9711285009
5947,161695170,45782083,207477253,4,0,1,25088,26,9147324553
5948,161898609,22266830,184165439,3,0,0,9216,20,5614039453
5949,161947440,45529836,207477276,4,0,1,11776,26,5627535716
5950,161979820,45627107,207606927,4,0,1,40448,26,6608364539
5951,162078990,45537295,207616285,5,0,1,32256,15,5276746283
5952,162086730,45532141,207618871,4,0,1,4096,26,8226818660
5953,162148400,22207018,184355418,5,0,0,3584,15,3116099058
5954,162174100,45446154,207620254,4,0,1,14848,26,2258169644
5955,162725580,44915684,207641264,4,0,1,1024,26,9452403851
5956,162728410,44923044,207651454,4,0,1,32768,26,5753146744
5957,162737419,21623814,184361233,3,0,0,512,20,9750708412
5958,162743440,21642510,184385950,5,0,0,1024,15,7299798959
5959,162949690,45041681,207991371,4,0,1,29696,26,5998633486
5960,163058309,21266271,184324580,3,0,0,1536,20,7717064849
5961,163071919,21352914,184424833,3,0,0,2048,20,3481285164
5962,163092150,45138188,208230338,4,0,1,23040,26,10537458152
5963,163113239,21581133,184694372,3,0,0,5632,20,9014501612
5964,163160220,45165054,208325274,5,0,1,7168,15,6295594528
5965,163204580,21118552,184323132,5,0,0,4608,15,7038514669
5966,163239500,45200087,208439587,4,0,1,11776,26,8126537872
5967,163310060,45129550,208439610,5,0,1,39936,15,872387308
5968,163323340,45119383,208442723,1,0,1,11776,23,10504606761
5969,163341050,45205402,208546452,5,0,1,45568,15,8316752548
5970,163366780,45179695,208546475,4,0,1,20992,26,8785785955
5971,163370970,21397959,184768929,4,0,0,72704,26,7833246990
5972,163375419,21394781,184770200,3,0,0,4096,20,8757576594
5973,163402080,45244292,208646372,5,0,1,27136,15,764246456
5974,163414540,45259810,208674350,1,0,1,15872,23,3105537842
5975,163533960,45193320,208727280,5,0,1,22016,15,9029181083
5976,163575570,45151733,208727303,4,0,1,18432,26,7068210108
5977,163582860,45144466,208727326,1,0,1,2048,23,3745345876
5978,163746430,21272964,185019394,5,0,0,222720,15,7543348545
5979,163937380,44789985,208727365,5,0,1,20992,15,7626309572
5980,164018530,44874316,208892846,4,0,1,108032,26,7679681559
5981,164043740,44849129,208892869,5,0,1,24576,15,7604059987
5982,164081570,44811322,208892892,2,0,1,36352,19,994586708
5983,164107770,45280058,209387828,0,0,1,671232,13,5373153784
5984,164120130,45268684,209388814,1,0,1,1536,23,6169978477
5985,164182139,21008153,185190292,3,0,0,1024,20,5934177498
5986,164317780,45071802,209389582,1,0,1,11776,23,10131327934
5987,164320629,45102711,209423340,9,0,1,51200,21,8690159392
5988,164373770,45066810,209440580,5,0,1,1024,15,7397434559
5989,164380090,45065316,209445406,0,0,1,7680,13,7737976370
5990,164404399,20838207,185242606,3,0,0,512,20,10240550200
5991,164417000,20886682,185303682,5,0,0,17920,15,6143128995
5992,164423460,45024971,209448431,1,0,1,20480,23,7037407655
5993,164437510,45012862,209450372,5,0,1,13824,15,1604797158
5994,164437639,45013194,209450833,8,0,1,10240,14,6488232517
5995,164441100,45072969,209514069,5,0,1,66560,15,4868423432
5996,164481560,45056730,209538290,1,0,1,30208,23,3022591366
5997,164502330,21378729,185881059,5,0,0,47104,15,202829366
5998,164536609,21010550,185547159,3,0,0,2048,20,4520483139
5999,164572970,44992182,209565152,5,0,1,51712,15,8891116935
6000,164620550,45669191,210289741,0,0,1,234496,13,3082285420
6001,164669609,21017168,185686777,3,0,0,512,20,5044392376
6002,164690229,45641834,210332063,8,0,1,35840,14,622646577
6003,164697510,22079962,186777472,5,0,0,1133056,15,7824749475
6004,164761350,45591099,210352449,4,0,1,50176,26,5429897873
6005,164810010,45543425,210353435,4,0,1,1536,26,4266537764
6006,164832770,45522931,210355701,1,0,1,3584,23,1426188581
6007,164840480,45607294,210447774,1,0,1,29696,23,6580941379
6008,164897179,21250523,186147702,3,0,0,1536,20,9796960763
6009,164903649,45609246,210512895,8,0,1,49152,14,7873582874
6010,164907810,45636738,210544548,1,0,1,89088,23,7160930835
6011,164926769,45618343,210545112,8,0,1,10752,14,10106885911
6012,164937460,45871816,210809276,0,0,1,257024,13,3135762073
6013,164977220,45832087,210809307,1,0,1,19968,23,4284068193
6014,164992580,45911028,210903608,0,0,1,89088,13,7574019123
6015,165094880,21760730,186855610,5,0,0,163328,15,491567074
6016,165096660,45806971,210903631,5,0,1,5632,15,10023038138
6017,165113589,21219423,186333012,3,0,0,512,20,5257790701
6018,165131200,46089328,211220528,0,0,1,18944,13,221962015
6019,165142290,46078261,211220551,5,0,1,9216,15,5489296501
6020,165145270,21660507,186805777,5,0,0,92672,15,2422572931
6021,165146460,46074114,211220574,0,0,1,46080,13,7295124091
6022,165146990,46073607,211220597,1,0,1,13312,23,6399493744
6023,165163561,46057059,211220620,6,0,1,15360,11,444302046
6024,165254100,45999041,211253141,5,0,1,6144,15,6221882410
6025,165261659,46048171,211309830,7,0,1,30208,20,5584747016
6026,165335879,45989011,211324890,8,0,1,23040,14,4655860606
6027,165435830,45902296,211338126,5,0,1,4608,15,7595786421
6028,165442880,47228148,212671028,0,0,1,475136,13,8620675006
6029,165454970,47216081,212671051,1,0,1,17920,23,2681294215
6030,165456310,47214764,212671074,0,0,1,117248,13,6598479564
6031,165483489,47187608,212671097,7,0,1,21504,20,3107084141
6032,165520890,47150230,212671120,1,0,1,40960,23,9460721704
6033,165586759,47084384,212671143,7,0,1,22016,20,8958923103
6034,165619399,21237707,186857106,3,0,0,4608,20,8300947013
6035,165644520,21259112,186903632,5,0,0,151040,15,1733083747
6036,165683701,21233863,186917564,5,0,0,44544,15,5156536527
6037,165696540,46974626,212671166,1,0,1,15872,23,2007539919
6038,165707950,46963239,212671189,0,0,1,59392,13,8094920259
6039,165732239,47000772,212733011,8,0,1,41984,14,4813539953
6040,165769459,21266800,187036259,3,0,0,1536,20,6874663903
6041,165772380,21473758,187246138,5,0,0,133632,15,9644524290
6042,165774711,46958323,212733034,1,0,1,29696,23,5428869639
6043,165784501,21344382,187128883,5,0,0,78848,15,2717418043
6044,165792659,47042133,212834792,7,0,1,43520,20,476741353
6045,165799950,47034865,212834815,0,0,1,37376,13,1163750451
6046,165800761,47034077,212834838,1,0,1,11264,23,410769580
6047,165811039,21436378,187247417,3,0,0,4096,20,9740191731
6048,165851230,46983631,212834861,5,0,1,14848,15,1720995086
6049,165874460,46960424,212834884,0,0,1,11264,13,3777017991
6050,165877350,46957557,212834907,0,0,1,12800,13,5913480286
6051,165879671,21258349,187138020,5,0,0,24576,15,6154973871
6052,165941939,46893031,212834970,8,0,1,25088,14,8032516124
6053,165995759,21177310,187173069,3,0,0,3584,20,9143526246
6054,166032379,21365711,187398090,3,0,0,5632,20,2486670511
6055,166043549,21120413,187163962,3,0,0,2048,20,4902798156
6056,166064771,21375933,187440704,5,0,0,130048,15,3960703132
6057,166097059,46737934,212834993,7,0,1,43520,20,1487016352
6058,166105010,46730006,212835016,5,0,1,16384,15,1849175163
6059,166112420,46722627,212835047,5,0,1,62464,15,5189390686
6060,166115120,46719950,212835070,0,0,1,15872,13,3619847945
6061,166141299,20828940,186970239,3,0,0,3072,20,1451544375
6062,166161141,46673952,212835093,1,0,1,7680,23,7095568559
6063,166163661,46671455,212835116,1,0,1,22528,23,4471906671
6064,166215089,46620050,212835139,7,0,1,44032,20,6989669006
6065,166219360,46615802,212835162,1,0,1,4608,23,6473132121
6066,166226161,46609024,212835185,1,0,1,10240,23,1679018547
6067,166250500,46584708,212835208,1,0,1,4608,23,5900564459
6068,166253729,46581502,212835231,7,0,1,5120,20,7115098417
6069,166256999,46578255,212835254,8,0,1,30208,14,6389893970
6070,166265009,46570268,212835277,7,0,1,27136,20,10019614308
6071,166279969,46555331,212835300,8,0,1,38400,14,10169042840
6072,166290070,46545253,212835323,0,0,1,14336,13,4052815851
6073,166294870,46567646,212862516,0,0,1,62464,13,8828993246
6074,166334009,46559766,212893775,8,0,1,19968,14,10171104685
6075,166335799,46626423,212962222,7,0,1,53248,20,3119001722
6076,166385120,47132110,213517230,5,0,1,50688,15,4899486126
6077,166397700,47236090,213633790,0,0,1,22016,13,10652837506
6078,166403489,20935724,187339213,3,0,0,6144,20,8908216177
6079,166472569,47161244,213633813,9,0,1,10752,21,7515334340
6080,166473411,47268643,213742054,1,0,1,33280,23,4637601813
6081,166474330,47267747,213742077,5,0,1,16896,15,9090495782
6082,166493001,47249099,213742100,1,0,1,9216,23,8334369730
6083,166497601,21019193,187516794,5,0,0,45056,15,7910837867
6084,166500159,47272453,213772612,8,0,1,17920,14,10050144690
6085,166561889,47212349,213774238,9,0,1,2560,21,3024637493
6086,166605080,47285834,213890914,5,0,1,24064,15,6706100686
6087,166637749,47253188,213890937,8,0,1,2560,14,1914657643
6088,166643209,47345453,213988662,8,0,1,81408,14,1600964446
6089,166691280,47298262,213989542,4,0,1,11776,26,2748462153
6090,166694189,47296429,213990618,9,0,1,13312,21,4081468185
6091,166717690,47305554,214023244,5,0,1,13312,15,10046049459
6092,166749849,47277261,214027110,9,0,1,6144,21,3734170608
6093,166773511,47268756,214042267,1,0,1,32256,23,5565841070
6094,166805929,47374180,214180109,9,0,1,20480,21,9057192771
6095,166873490,47306642,214180132,0,0,1,5632,13,1007331245
6096,166901679,47322522,214224201,7,0,1,137216,20,272522513
6097,166941349,20513952,187455301,3,0,0,2560,20,9321566261
6098,166971489,47252743,214224232,7,0,1,14336,20,1167484314
6099,166985409,47238846,214224255,7,0,1,2048,20,6551765601
6100,167015769,47219283,214235052,7,0,1,6144,20,777287226
6101,167049849,47190388,214240237,7,0,1,16384,20,8772297084
6102,167071361,47184344,214255705,1,0,1,4608,23,7067671551
6103,167072919,47185052,214257971,7,0,1,3584,20,7763920968
6104,167100081,47172150,214272231,1,0,1,24576,23,2725693540
6105,167116950,47168739,214285689,5,0,1,25600,15,2129284341
6106,167132419,47156944,214289363,8,0,1,16384,14,7035323892
6107,167264789,47042536,214307325,8,0,1,30208,14,6009507626
6108,167266030,47058069,214324099,5,0,1,14848,15,8972593511
6109,167285121,21027463,188312584,5,0,0,103936,15,7337226922
6110,167295081,21253800,188548881,5,0,0,323584,15,2598118866
6111,167308160,47018205,214326365,5,0,1,3584,15,7536282239
6112,167323739,21387528,188711267,3,0,0,1024,20,10046956245
6113,167324930,47012254,214337184,0,0,1,5120,13,677642773
6114,167378661,21246215,188624876,5,0,0,249344,15,705954638
6115,167394250,46956285,214350535,0,0,1,19968,13,4443632071
6116,167439829,46953652,214393481,8,0,1,8192,14,4342274309
6117,167450270,46943234,214393504,5,0,1,11264,15,1587323554
6118,167568309,20867209,188435518,3,0,0,1024,20,10466351537
6119,167573440,46820087,214393527,5,0,1,23552,15,10411304364
6120,167588200,21122678,188710878,5,0,0,281600,15,4686086143
6121,167612419,46781131,214393550,8,0,1,1024,14,8798815838
6122,167638890,46754683,214393573,5,0,1,4608,15,5754526448
6123,167661730,46731866,214393596,5,0,1,8192,15,4207215918
6124,167698939,46702615,214401554,8,0,1,37376,14,310718039
6125,167801299,46695916,214497215,8,0,1,1024,14,3776332634
6126,167816649,46680589,214497238,7,0,1,4096,20,7213894129
6127,167934620,46562641,214497261,3,0,1,33280,20,8696926991
6128,167953540,20844689,188798229,5,0,0,56320,15,277179350
6129,167965730,20751680,188717410,5,0,0,17920,15,6165626630
6130,167970930,46526354,214497284,5,0,1,5120,15,4124450198
6131,168040570,46456745,214497315,5,0,1,36352,15,8046007604
6132,168150109,20474946,188625055,3,0,0,512,20,5382862821
6133,168167259,20544645,188711904,3,0,0,1536,20,2599909291
6134,168202931,46294407,214497338,6,0,1,9216,11,6763667899
6135,168224830,20690677,188915507,5,0,0,37888,15,622404792
6136,168273009,46224352,214497361,9,0,1,7168,21,4876733035
6137,168323529,46224315,214547844,9,0,1,32256,21,4890419765
6138,168448519,46118878,214567397,9,0,1,5120,21,3372751332
6139,168470340,46099643,214569983,5,0,1,4096,15,3661202615
6140,168587430,20880853,189468283,5,0,0,152064,15,6015036062
6141,168642539,45928622,214571161,9,0,1,13824,21,730685788
6142,168666989,20363065,189030054,3,0,0,8704,20,1201298842
6143,168751709,45837161,214588870,8,0,1,10752,14,10692984347
6144,168777909,45863358,214641267,9,0,1,22528,21,2089795118
6145,168784359,46093546,214877905,7,0,1,38912,20,2776196356
6146,168798599,46104614,214903213,9,0,1,7680,21,7694883572
6147,168904369,19983554,188887923,3,0,0,1024,20,6693025027
6148,168949739,45953497,214903236,7,0,1,13824,20,10318775190
6149,168980789,45922470,214903259,9,0,1,8704,21,6958672198
6150,169052509,45886929,214939438,7,0,1,3584,20,8631450584
6151,169204899,45735103,214940002,8,0,1,10752,14,1694127895
6152,169206779,45735489,214942268,7,0,1,3584,20,8399441927
6153,169214550,20413446,189627996,5,0,0,409600,15,9062029828
6154,169244349,45970962,215215311,8,0,1,512,14,6627965738
6155,169251759,46120398,215372157,7,0,1,58880,20,8336490216
6156,169271509,46100671,215372180,8,0,1,18432,14,608642773
6157,169360910,20376153,189737063,5,0,0,357888,15,2116900712
6158,169490520,45881683,215372203,3,0,1,7680,20,9275179888
6159,169511409,45860817,215372226,7,0,1,14848,20,1214557692
6160,169541149,46078534,215619683,9,0,1,67584,21,3223644512
6161,169557429,46479602,216037031,7,0,1,133632,20,10331889898
6162,169576369,46460701,216037070,9,0,1,55808,21,8817466731
6163,169606449,46652101,216258550,7,0,1,60928,20,6870270103
6164,169692779,46565802,216258581,7,0,1,13312,20,9839856711
6165,169726460,20423889,190150349,5,0,0,126976,15,1326765833
6166,169729769,46603426,216333195,7,0,1,9728,20,8058530884
6167,169747449,20349172,190096621,3,0,0,6144,20,3260089810
6168,169752739,46580479,216333218,9,0,1,26112,21,2131879091
6169,169800679,46532562,216333241,7,0,1,7168,20,2850342925
6170,169804709,46528555,216333264,7,0,1,1536,20,3026159808
6171,169805039,46593947,216398986,8,0,1,20992,14,8433988762
6172,169822400,20502472,190324872,5,0,0,109056,15,3648426726
6173,169840209,46560227,216400436,7,0,1,8192,20,1126472255
6174,169873779,46625763,216499542,7,0,1,37888,20,1168331917
6175,169888500,20450591,190339091,5,0,0,46592,15,1564966564
6176,169943729,46568878,216512607,7,0,1,98816,20,3384276580
6177,169998469,46514161,216512630,7,0,1,5120,20,87620657
6178,170152179,20187247,190339426,3,0,0,1024,20,2324194641
6179,170156091,46356562,216512653,1,0,1,8192,23,6849161777
6180,170227391,20566707,190794098,5,0,0,286720,15,4856225518
6181,170252530,46260146,216512676,5,0,1,43520,15,9743989364
6182,170268361,46246724,216515085,1,0,1,12288,23,4888036703
6183,170285269,46229847,216515116,7,0,1,40960,20,7555194400
6184,170353370,46305716,216659086,0,0,1,20992,13,7669417373
6185,170355890,20645358,191001248,5,0,0,152064,15,2104785122
6186,170380609,46278500,216659109,9,0,1,7680,21,9994386789
6187,170399660,46259472,216659132,1,0,1,1024,23,302460705
6188,170414041,46245114,216659155,1,0,1,17920,23,7561403241
6189,170544180,20483638,191027818,5,0,0,25088,15,6723053521
6190,170566120,46093058,216659178,0,0,1,25088,13,951412813
6191,170585260,46073941,216659201,0,0,1,14848,13,10177625098
6192,170597059,46062165,216659224,7,0,1,8704,20,5645526732
6193,170597840,46238966,216836806,0,0,1,14848,13,1992069303
6194,170606200,46230629,216836829,1,0,1,9728,23,5927359197
6195,170656661,46681001,217337662,1,0,1,27648,23,5087417229
6196,170721319,46637254,217358573,9,0,1,17920,21,6082879933
6197,170736500,46859145,217595645,0,0,1,36864,13,4137198659
6198,170746639,46864184,217610823,9,0,1,10752,21,1309013964
6199,170749750,46959867,217709617,0,0,1,38400,13,4610644557
6200,170768770,20616651,191385421,5,0,0,4096,15,10325287186
6201,170808390,20699845,191508235,5,0,0,179200,15,6579273417
6202,170839339,46871276,217710615,7,0,1,45056,20,10448764255
6203,170841110,46869544,217710654,0,0,1,512,13,9899422526
6204,170879921,46830756,217710677,1,0,1,14336,23,5821373333
6205,171019760,46816387,217836147,0,0,1,6144,13,10345092214
6206,171071910,21285783,192357693,5,0,0,710144,15,2371459603
6207,171109019,46727151,217836170,7,0,1,19456,20,7324934604
6208,171124609,46801791,217926400,8,0,1,26112,14,5984905940
6209,171187780,46765350,217953130,0,0,1,19968,13,9178648673
6210,171279461,46673692,217953153,1,0,1,18944,23,1141869446
6211,171390550,46621804,218012354,0,0,1,70656,13,1171868992
6212,171466560,20963458,192430018,5,0,0,236544,15,10196229874
6213,171500710,46511667,218012377,1,0,1,14336,23,4297554075
6214,171510010,20938953,192448963,5,0,0,61440,15,5927013707
6215,171593390,46419026,218012416,1,0,1,40448,23,90354601
6216,171607169,46405270,218012439,7,0,1,33280,20,5888423201
6217,171697009,46315453,218012462,7,0,1,18944,20,7718003586
6218,171752040,46261264,218013304,1,0,1,39936,23,3437997163
6219,171753030,46288096,218041126,1,0,1,51712,23,2904202154
6220,171765040,46276173,218041213,1,0,1,57856,23,5064209459
6221,171777690,46263546,218041236,1,0,1,5120,23,6092524419
6222,171881720,46174901,218056621,1,0,1,512,23,9389778486
6223,171883150,20598151,192481301,5,0,0,105984,15,8271655448
6224,171926440,46131167,218057607,1,0,1,1536,23,7264917281
6225,171958600,46102553,218061153,1,0,1,5632,23,8420096778
6226,171979870,46081629,218061499,1,0,1,512,23,3306823247
6227,172002350,46063975,218066325,1,0,1,7680,23,4566275588
6228,172007359,46067160,218074519,7,0,1,18432,20,5930793973
6229,172015960,46089503,218105463,0,0,1,22016,13,2453158440
6230,172023819,46126039,218149858,7,0,1,49152,20,5051124303
6231,172034650,46195485,218230135,1,0,1,61440,23,2330735269
6232,172142750,20517190,192659940,5,0,0,171520,15,2589327151
6233,172160959,46081426,218242385,7,0,1,10240,20,9172312879
6234,172191450,46068564,218260014,0,0,1,36352,13,4829918018
6235,172246289,46030112,218276401,7,0,1,16896,20,2815527843
6236,172264580,46029078,218293658,0,0,1,16384,13,6957683234
6237,172336060,20792732,193128792,5,0,0,222720,15,9488106049
6238,172359420,20242092,192601512,5,0,0,76800,15,9741240465
6239,172369700,45929697,218299397,0,0,1,7168,13,2702301736
6240,172372500,45929163,218301663,1,0,1,3584,23,3123133731
6241,172395000,20607898,193002898,5,0,0,317952,15,7179988505
6242,172443859,45858470,218302329,7,0,1,1024,20,5347426375
6243,172448300,45856820,218305120,1,0,1,17408,23,8538539454
6244,172541300,45764384,218305684,1,0,1,10752,23,4625581799
6245,172547889,45760701,218308590,7,0,1,4608,20,1269224683
6246,172576470,45738892,218315362,0,0,1,10752,13,5075086805
6247,172605690,45829834,218435524,0,0,1,47104,13,3767501658
6248,172637789,45800405,218438194,8,0,1,13312,14,3890209913
6249,172695080,45925917,218620997,1,0,1,75776,23,8570865068
6250,172695609,45925411,218621020,7,0,1,6144,20,898934394
6251,172726260,45894783,218621043,0,0,1,1536,13,8901368642
6252,172807289,19854078,192661367,3,0,0,4608,20,6146268052
6253,172824640,20208692,193033332,5,0,0,15360,15,8626696056
6254,172839510,45781556,218621066,0,0,1,512,13,6220613804
6255,172996820,45624269,218621089,1,0,1,6656,23,9796122877
6256,173042060,45579052,218621112,0,0,1,1536,13,9297653173
6257,173105380,45625781,218731161,0,0,1,32256,13,7920598887
6258,173217831,20042318,193260149,5,0,0,236032,15,9189898693
6259,173298440,45434687,218733127,1,0,1,52224,23,2897993481
6260,173326740,45406410,218733150,1,0,1,9216,23,6007536669
6261,173378490,45354683,218733173,2,0,1,13824,19,1534331595
6262,173463720,45269476,218733196,2,0,1,9216,19,3328083195
6263,173482329,45250890,218733219,8,0,1,10752,14,8778583658
6264,173484990,45248252,218733242,1,0,1,512,23,2833850107
6265,173551940,45181325,218733265,0,0,1,18432,13,5371743153
6266,173585749,45154488,218740237,8,0,1,8192,14,586597844
6267,173601600,45145409,218747009,2,0,1,32256,19,9777261147
6268,173660669,45088184,218748853,8,0,1,25088,14,5573622824
6269,173700150,45136927,218837077,0,0,1,47104,13,9587189253
6270,173711111,45127572,218838683,1,0,1,42496,23,3007495284
6271,173718440,45120266,218838706,1,0,1,10240,23,1614280804
6272,173852619,44986601,218839220,8,0,1,32256,14,92086813
6273,173864960,19774487,193639447,5,0,0,13824,15,3715412457
6274,173962399,44881864,218844263,8,0,1,512,14,341328236
6275,173994051,19665699,193659750,5,0,0,66560,15,1961307055
6276,174082679,44761738,218844417,8,0,1,8704,14,514730814
6277,174227371,19695311,193922682,5,0,0,247808,15,4401695346
6278,174278380,44576985,218855365,2,0,1,16384,19,3067422661
6279,174301780,44587538,218889318,2,0,1,19456,19,10205874527
6280,174379220,44524668,218903888,1,0,1,1024,23,532744812
6281,174417870,44587098,219004968,2,0,1,85504,19,2587450709
6282,174495479,44576045,219071524,8,0,1,74240,14,5428669520
6283,174518910,44559924,219078834,3,0,1,22528,20,1648648760
6284,174605851,19555513,194161364,5,0,0,138240,15,2692107465
6285,174655820,44423360,219079180,1,0,1,512,23,2532847645
6286,174698050,19491415,194189465,5,0,0,7680,15,7104396814
6287,174756430,44397907,219154337,1,0,1,39936,23,7009882625
6288,174764729,44497963,219262692,8,0,1,20480,14,889695270
6289,174836980,44425735,219262715,3,0,1,6656,20,10169074310
6290,174892000,44388972,219280972,3,0,1,31232,20,5485642587
6291,174897170,44423027,219320197,0,0,1,20992,13,1546973075
6292,174914560,19822702,194737262,5,0,0,214528,15,2049524215
6293,175002590,19568816,194571406,4,0,0,93184,26,1258921748
6294,175023460,44296760,219320220,3,0,1,17920,20,1084564309
6295,175205870,44124813,219330683,1,0,1,1024,23,9792335901
6296,175258879,44074710,219333589,8,0,1,4608,14,4217401490
6297,175279459,44181558,219461017,8,0,1,118272,14,1983131501
6298,175310270,44151311,219461581,3,0,1,10752,20,8627647778
6299,175316171,44193588,219509759,1,0,1,20992,23,4182530281
6300,175453710,44067592,219521302,3,0,1,2560,20,5815211150
6301,175501680,44081999,219583679,1,0,1,12800,23,5912452080
6302,175544081,44048641,219592722,1,0,1,15872,23,8718819622
6303,175547249,44051272,219598521,8,0,1,19456,14,1634994906
6304,175673471,43991107,219664578,6,0,1,16896,11,2636079761
6305,175719520,19361133,195080653,5,0,0,30720,15,7234221424
6306,175722660,43941941,219664601,3,0,1,22528,20,4696271684
6307,175761001,43910134,219671135,1,0,1,3072,23,10082881740
6308,175763191,43908290,219671481,1,0,1,512,23,9885124279
6309,175818660,19693346,195512006,5,0,0,96256,15,7520103314
6310,175889250,19636062,195525312,5,0,0,13312,15,141412365
6311,175932940,19588293,195521233,5,0,0,30208,15,4069290391
6312,175948969,43753174,219702143,8,0,1,36864,14,8572964048
6313,176003470,20058782,196062252,5,0,0,146944,15,1996136764
6314,176016669,43760524,219777193,8,0,1,48128,14,2114315571
6315,176030210,19920741,195950951,5,0,0,110592,15,3646250095
6316,176032780,19984677,196017457,4,0,0,119808,26,10485368647
6317,176053819,43740740,219794559,9,0,1,40448,21,7941872431
6318,176076389,43718324,219794713,9,0,1,8704,21,3267745451
6319,176151540,20067882,196219422,4,0,0,79872,26,10022752699
6320,176219300,43635670,219854970,3,0,1,51712,20,1912227104
6321,176275700,20286085,196561785,5,0,0,151040,15,4008792151
6322,176407670,43453276,219860946,3,0,1,31232,20,3357742401
6323,176467220,20219635,196686855,5,0,0,12800,15,9433695188
6324,176506529,43382493,219889022,9,0,1,27648,21,4393008625
6325,176528350,20082630,196610980,4,0,0,91136,26,7683234380
6326,176582400,43312112,219894512,3,0,1,6656,20,5165479642
6327,176606380,20169379,196775759,5,0,0,122368,15,1692196048
6328,176659440,43252247,219911687,3,0,1,35328,20,6781282132
6329,176689800,20132169,196821969,4,0,0,29696,26,10084036152
6330,176714129,43219732,219933861,9,0,1,8704,21,5319114905
6331,176724860,43215159,219940019,3,0,1,29184,20,6428596632
6332,176733809,43215501,219949310,9,0,1,4608,21,337650165
6333,176863430,43109503,219972933,3,0,1,2048,20,10274956199
6334,176933580,20011300,196944880,5,0,0,27648,15,6710414474
6335,176933780,43094592,220028372,3,0,1,20992,20,2326101615
6336,176965069,43063326,220028395,9,0,1,22528,21,3897191133
6337,176976930,43051488,220028418,3,0,1,19456,20,5353982434
6338,177033499,43007332,220040831,8,0,1,23040,14,10021015535
6339,177058720,20763127,197821847,4,0,0,155648,26,4239933720
6340,177081149,42964188,220045337,9,0,1,7168,21,5541396164
6341,177172509,42875790,220048299,7,0,1,4608,20,9926302457
6342,177184989,42873864,220058853,7,0,1,28160,20,1844576846
6343,177301870,42757751,220059621,3,0,1,11776,20,1387301887
6344,177424649,42649631,220074280,7,0,1,19456,20,5577231603
6345,177437430,20336970,197774400,5,0,0,68096,15,7862471974
6346,177463050,42694241,220157291,5,0,1,40448,15,4473143103
6347,177500529,42734742,220235271,7,0,1,79360,20,4530878547
6348,177536530,20768879,198305409,4,0,0,198656,26,8722029011
6349,177544160,20567332,198111492,4,0,0,55808,26,657526669
6350,177697119,42581737,220278856,9,0,1,34304,21,10504227245
6351,177697669,42586954,220284623,9,0,1,7680,21,1380725123
6352,177719090,42647956,220367046,3,0,1,48128,20,6634641254
6353,177720280,42646789,220367069,3,0,1,7168,20,7560858450
6354,177721439,42677580,220399019,9,0,1,39936,21,9138900906
6355,177725770,42716374,220442144,3,0,1,4096,20,39940370
6356,177768340,42674186,220442526,2,0,1,2560,19,7077464808
6357,177793900,42648649,220442549,3,0,1,1536,20,4846055644
6358,177802220,42640352,220442572,2,0,1,34304,19,4324674833
6359,177819440,20731157,198550597,5,0,0,87552,15,2327339426
6360,177838720,20803188,198641908,4,0,0,62464,26,4157843211
6361,177856760,42585835,220442595,2,0,1,512,19,1742888816
6362,177909910,42564155,220474065,3,0,1,11776,20,10682935205
6363,177940949,43071110,221012059,9,0,1,90112,21,186817505
6364,177957229,43133388,221090617,9,0,1,28672,21,2478449400
6365,177969340,43155925,221125265,7,0,1,14848,20,1848056840
6366,177972730,43234252,221206982,3,0,1,30208,20,5390452438
6367,177996460,43210545,221207005,2,0,1,512,19,9983690842
6368,178013900,21247215,199261115,5,0,0,162304,15,9262830859
6369,178053040,22012907,200065947,5,0,0,847872,15,7633427419
6370,178089160,43117868,221207028,2,0,1,62976,19,7944498137
6371,178094510,43189144,221283654,3,0,1,35840,20,8264459969
6372,178108349,43393080,221501429,7,0,1,40960,20,6778865822
6373,178113780,43542523,221656303,7,0,1,20992,20,8786028490
6374,178125870,43578473,221704343,4,0,1,37888,26,1596370255
6375,178149070,43643191,221792261,2,0,1,3584,19,5509020230
6376,178164560,43917783,222082343,2,0,1,77824,19,4608225231
6377,178201889,43880477,222082366,9,0,1,3072,21,9665568822
6378,178202230,43880159,222082389,2,0,1,1024,19,4640673956
6379,178205510,43879695,222085205,3,0,1,12288,20,7387820513
6380,178225640,44006135,222231775,7,0,1,50688,20,3030867315
6381,178286710,43945088,222231798,3,0,1,36864,20,1947315084
6382,178303359,43933993,222237352,9,0,1,17408,21,741808026
6383,178368480,44008802,222377282,3,0,1,16384,20,8714455466
6384,178369050,44008255,222377305,2,0,1,2048,19,3614693329
6385,178400890,43976438,222377328,0,0,1,14336,13,2057409214
6386,178498930,43878421,222377351,2,0,1,46080,19,3503446121
6387,178499330,43897879,222397209,3,0,1,512,20,5072854468
6388,178513620,43883612,222397232,0,0,1,3584,13,9994177887
6389,178516220,21558611,200074831,5,0,0,27648,15,1972841588
6390,178521880,43875375,222397255,2,0,1,45568,19,6468117945
6391,178546660,43850618,222397278,0,0,1,6144,13,1861181233
6392,178567209,43836939,222404148,9,0,1,28160,21,7897239271
6393,178693220,43727492,222420712,0,0,1,20992,13,1821360288
6394,178707700,43750018,222457718,2,0,1,48640,19,3653806795
6395,178743080,22244391,200987471,5,0,0,122368,15,1033094121
6396,178763750,22694267,201458017,5,0,0,380416,15,10166183922
6397,178776330,22173834,200950164,4,0,0,151040,26,10403876352
6398,178827050,22343354,201170404,4,0,0,284672,26,7972896043
6399,178883320,21814992,200698312,5,0,0,69120,15,10387428026
6400,178887760,21913601,200801361,7,0,0,2048,20,6688478278
6401,178888430,43586557,222474987,2,0,1,35840,19,7058086400
6402,178891070,21319435,200210505,7,0,0,8192,20,10584132677
6403,178897049,43588456,222485505,9,0,1,9216,21,6845126357
6404,178900330,21322511,200222841,7,0,0,2048,20,4230550195
6405,178944870,43543243,222488113,0,0,1,15360,13,7739400086
6406,178952271,22586825,201539096,5,0,0,179712,15,9454705167
6407,178994800,43593551,222588351,0,0,1,39936,13,6134145224
6408,179016770,22467547,201484317,5,0,0,61440,15,6746490911
6409,179047290,21243561,200290851,7,0,0,3584,20,6972473431
6410,179109660,21794461,200904121,5,0,0,231424,15,4168988606
6411,179117971,22221111,201339082,5,0,0,208896,15,4692881157
6412,179155319,43433055,222588374,9,0,1,4608,21,7411254696
6413,179193259,43523393,222716652,9,0,1,55808,21,9191124048
6414,179207610,21873212,201080822,7,0,0,4096,20,10065941189
6415,179249070,21819620,201068690,7,0,0,4608,20,6788137934
6416,179262199,43454500,222716699,9,0,1,56832,21,1833264542
6417,179274980,21425383,200700363,4,0,0,6656,26,3023368375
6418,179276580,43440142,222716722,0,0,1,6144,13,2999479723
6419,179295609,43421136,222716745,9,0,1,1024,21,10537071801
6420,179326930,22371978,201698908,4,0,0,203776,26,9866544197
6421,179385379,43331389,222716768,9,0,1,512,21,6079560569
6422,179415200,43334287,222749487,2,0,1,59392,19,10412368979
6423,179415479,43334047,222749526,9,0,1,25600,21,7681723592
6424,179419570,21756496,201176066,5,0,0,18432,15,712862362
6425,179526501,43223048,222749549,6,0,1,9728,11,3461106984
6426,179527140,21938388,201465528,5,0,0,24576,15,8012504526
6427,179533119,43257610,222790729,9,0,1,5120,21,7915926897
6428,179559029,43236582,222795611,9,0,1,20480,21,257072784
6429,179566929,43228769,222795698,9,0,1,8192,21,6082379588
6430,179581299,43214430,222795729,9,0,1,30720,21,2328243759
6431,179604150,43196996,222801146,0,0,1,13824,13,6627463465
6432,179661470,22214148,201875618,4,0,0,224768,26,3587902130
6433,179666380,22651230,202317610,4,0,0,376832,26,8291906184
6434,179720350,21842273,201562623,7,0,0,12800,20,644011775
6435,179730771,43071681,222802452,6,0,1,2048,11,378693894
6436,179732011,43081417,222813428,6,0,1,10752,11,4919518433
6437,179786090,43043026,222829116,2,0,1,36352,19,3744508539
6438,179801909,43030267,222832176,9,0,1,13312,21,8126265387
6439,179806270,22204894,202011164,6,0,0,2560,11,7243431990
6440,179823840,43010180,222834020,2,0,1,25088,19,5507955045
6441,179846970,22122819,201969789,4,0,0,143360,26,1888901318
6442,179857680,21841407,201699087,7,0,0,512,20,5986727214
6443,179862009,42978820,222840829,9,0,1,23552,21,3227837222
6444,179893021,42987883,222880904,6,0,1,39936,11,3630234837
6445,179920279,42966681,222886960,7,0,1,36864,20,359265259
6446,179936500,42987931,222924431,2,0,1,21504,19,10249591126
6447,180043820,22146347,202190167,7,0,0,4096,20,8058359009
6448,180047590,22080953,202128543,4,0,0,23040,26,583245603
6449,180076590,21933771,202010361,4,0,0,115200,26,1169736153
6450,180077271,42847183,222924454,6,0,1,4096,11,1975494993
6451,180095180,22630769,202725949,5,0,0,342016,15,1953908719
6452,180104120,42821111,222925231,7,0,1,11264,20,3970972402
6453,180110500,22511218,202621718,4,0,0,205312,26,1051138814
6454,180129051,42827773,222956824,6,0,1,15872,11,7775860735
6455,180168790,42788188,222956978,7,0,1,8704,20,9864086702
6456,180176481,42788345,222964826,6,0,1,2048,11,1498888138
6457,180181510,22242353,202423863,4,0,0,75776,26,669895311
6458,180194130,42777468,222971598,3,0,1,10752,20,3529305167
6459,180195040,42778043,222973083,3,0,1,15360,20,79675343
6460,180195520,22180293,202375813,7,0,0,512,20,3063569914
6461,180197420,42798445,222995865,2,0,1,23040,19,1553486945
6462,180222371,42778640,223001011,6,0,1,8192,11,2386531534
6463,180260850,42741134,223001984,7,0,1,12800,20,2864751333
6464,180280420,42726070,223006490,3,0,1,7168,20,5873999872
6465,180294650,42760428,223055078,3,0,1,82944,20,4013781351
6466,180296869,42766646,223063515,9,0,1,21504,21,5838601173
6467,180309060,42771003,223080063,3,0,1,35328,20,9133171614
6468,180344080,42737929,223082009,3,0,1,3072,20,851676643
6469,180355690,42738387,223094077,3,0,1,27136,20,634550571
6470,180359810,42742639,223102449,3,0,1,13312,20,6625597199
6471,180409490,22074521,202484011,7,0,0,6144,20,5833755174
6472,180423541,42681935,223105476,6,0,1,11264,11,5930464135
6473,180431210,22298529,202729739,7,0,0,6144,20,5545893727
6474,180503640,42687624,223191264,7,0,1,48128,20,1767634919
6475,180526770,42760616,223287386,3,0,1,90112,20,3819359489
6476,180607470,42679939,223287409,2,0,1,9216,19,1560414145
6477,180622899,42708676,223331575,9,0,1,29696,21,10633078193
6478,180669709,42661889,223331598,9,0,1,1536,21,3528196899
6479,180674220,42830796,223505016,2,0,1,81920,19,291301188
6480,180675721,42866144,223541865,1,0,1,17920,23,9992486241
6481,180686670,42863342,223550012,7,0,1,12800,20,9817751289
6482,180694720,42939977,223634697,3,0,1,36352,20,2118564359
6483,180696460,22031384,202727844,7,0,0,6144,20,7213083777
6484,180744229,42896523,223640752,9,0,1,28672,21,1262419423
6485,180799499,21930800,202730299,3,0,0,1536,20,2029272974
6486,180808679,22042499,202851178,3,0,0,1024,20,2605241662
6487,180834320,42853458,223687778,2,0,1,16896,19,7552048926
6488,180836270,42851531,223687801,3,0,1,2048,20,8851492880
6489,180841080,42846744,223687824,2,0,1,1536,19,9054095286
6490,180847850,22235836,203083686,7,0,0,22016,20,7353716948
6491,180890779,21992410,202883189,3,0,0,1536,20,2154523558
6492,180906219,42781628,223687847,9,0,1,8704,21,6901819791
6493,180978180,42709690,223687870,3,0,1,512,20,6470882225
6494,180985810,42754242,223740052,2,0,1,26112,19,2156038423
6495,181047120,42798153,223845273,2,0,1,109568,19,9348910760
6496,181101870,42745025,223846895,3,0,1,31232,20,8952136329
6497,181184680,42662238,223846918,2,0,1,13312,19,8340908663
6498,181214090,22347908,203561998,5,0,0,264704,15,3040566307
6499,181216499,42631869,223848368,9,0,1,23552,21,1826662892
6500,181270940,21644910,202915850,7,0,0,1024,20,295028952
6501,181272220,21908793,203181013,5,0,0,82944,15,3804956704
6502,181277760,21670958,202948718,7,0,0,1536,20,3719373689
6503,181283849,21805394,203089243,3,0,0,9728,20,8884010870
6504,181323820,22266537,203590357,5,0,0,92672,15,4060841181
6505,181339540,42562268,223901808,3,0,1,57344,20,7654385657
6506,181344969,21855187,203200156,3,0,0,512,20,2513460734
6507,181393270,42512443,223905713,2,0,1,15360,19,10216277160
6508,181447480,21964995,203412475,5,0,0,39936,15,2563452274
6509,181455379,21966930,203422309,3,0,0,512,20,4456311706
6510,181466800,42635353,224102153,2,0,1,11264,19,9075372630
6511,181497700,22115791,203613491,5,0,0,75776,15,1334741296
6512,181546109,21595278,203141387,3,0,0,4096,20,1076133398
6513,181546310,22070636,203616946,4,0,0,11264,26,7419607796
6514,181556459,42668135,224224594,9,0,1,61952,21,5415833113
6515,181569190,21700975,203270165,4,0,0,34304,26,3507620634
6516,181571520,22276837,203848357,4,0,0,75776,26,5107895574
6517,181594270,21887007,203481277,4,0,0,70656,26,9469229576
6518,181604580,21770485,203375065,5,0,0,30720,15,4956099724
6519,181635621,42643360,224278981,6,0,1,12288,11,4526574508
6520,181648470,42683095,224331565,3,0,1,26112,20,7144648013
6521,181678601,42652987,224331588,6,0,1,22016,11,1855450129
6522,181685171,42705598,224390769,6,0,1,8704,11,5987826423
6523,181707391,42684556,224391947,6,0,1,13824,11,2359948852
6524,181749530,21895300,203644830,4,0,0,91136,26,6861170987
6525,181776740,22691843,204468583,4,0,0,717312,26,2251199519
6526,181783899,42671112,224455011,9,0,1,512,21,2459682186
6527,181796611,42659168,224455779,6,0,1,11776,11,7784362596
6528,181802280,42712864,224515144,2,0,1,3584,19,9069561691
6529,181812521,42832206,224644727,6,0,1,35840,11,5407727309
6530,181869180,42827485,224696665,3,0,1,27648,20,781841685
6531,181900659,42798080,224698739,9,0,1,7680,21,642056955
6532,181934179,42764583,224698762,9,0,1,18432,21,2781065246
6533,181940310,22917353,204857663,4,0,0,148480,26,180516887
6534,181946029,22148544,204094573,3,0,0,2048,20,2886908782
6535,181987759,42729294,224717053,9,0,1,25088,21,6157199171
6536,182060440,22751706,204812146,7,0,0,1024,20,9695111248
6537,182064960,22655187,204720147,5,0,0,396288,15,3306525667
6538,182102780,21868325,203971105,7,0,0,1024,20,8385660896
6539,182136630,22675158,204811788,4,0,0,294400,26,898193723
6540,182154849,42596298,224751147,9,0,1,19968,21,1587697997
6541,182187840,21968345,204156185,4,0,0,26112,26,1120273841
6542,182230389,42702132,224932521,9,0,1,26624,21,2535813744
6543,182258730,21991274,204250004,7,0,0,20992,20,9576063967
6544,182260051,42705744,224965795,6,0,1,40960,11,80491946
6545,182272309,42721924,224994233,9,0,1,41984,21,4808109989
6546,182312000,42682256,224994256,3,0,1,15360,20,6700400486
6547,182339220,42655059,224994279,2,0,1,5632,19,7151500877
6548,182351059,42643243,224994302,9,0,1,69632,21,6471557561
6549,182361400,42632925,224994325,2,0,1,5120,19,8782243308
6550,182373390,22217094,204590484,5,0,0,108032,15,4329219827
6551,182390440,42603908,224994348,3,0,1,8192,20,2404255362
6552,182393970,22718048,205112018,4,0,0,502784,26,7057601779
6553,182405560,22186142,204591702,7,0,0,2560,20,3350016911
6554,182409379,42584992,224994371,9,0,1,23552,21,3449688215
6555,182484040,22474740,204958780,4,0,0,89600,26,3040946154
6556,182576500,42417894,224994394,2,0,1,59392,19,2218296342
6557,182607330,22114735,204722065,7,0,0,6144,20,4309384737
6558,182620320,42374097,224994417,2,0,1,18432,19,7764461112
6559,182646461,42347979,224994440,6,0,1,17920,11,6716105169
6560,182647620,22218851,204866471,7,0,0,6656,20,10411420184
6561,182752690,42254539,225007229,3,0,1,73728,20,9816084181
6562,182834760,42173852,225008612,2,0,1,14848,19,3420338690
6563,182841811,42175462,225017273,1,0,1,512,23,5193544244
6564,182853141,42172771,225025912,1,0,1,13312,23,2215749080
6565,182871461,42176180,225047641,1,0,1,32256,23,4134907822
6566,182902991,42179931,225082922,6,0,1,68096,11,6095469683
6567,182910289,42188415,225098704,9,0,1,22016,21,459275879
6568,182910621,42220636,225131257,1,0,1,42496,23,2623837484
6569,182911650,22223355,205135005,7,0,0,3072,20,7851259720
6570,182912620,22234293,205146913,5,0,0,27136,15,8125570989
6571,182994170,22137945,205132115,4,0,0,19968,26,2271680596
6572,182994781,22166237,205161018,5,0,0,25600,15,5824373380
6573,182997141,42173466,225170607,6,0,1,13312,11,3796148918
6574,183001730,22123897,205125627,4,0,0,31744,26,224795554
6575,183041260,22138033,205179293,5,0,0,59904,15,3131599442
6576,183052599,22100596,205153195,3,0,0,1536,20,10105464373
6577,183059681,42115347,225175028,6,0,1,19968,11,3627048374
6578,183067739,22048170,205115909,3,0,0,12288,20,5017933062
6579,183096620,22160536,205257156,5,0,0,107520,15,8684975455
6580,183102411,42114699,225217110,6,0,1,46592,11,4402979571
6581,183116431,42113785,225230216,1,0,1,40448,23,4779055284
6582,183123640,42119634,225243274,2,0,1,37376,19,6178813564
6583,183129921,42142979,225272900,6,0,1,57344,11,7626917787
6584,183147429,21978533,205125962,3,0,0,1024,20,5704623857
6585,183217260,22188161,205405421,7,0,0,3072,20,390146171
6586,183250320,42023860,225274180,3,0,1,14336,20,2798757535
6587,183254771,42032530,225287301,6,0,1,12800,11,1787403728
6588,183268900,42041617,225310517,2,0,1,21504,19,5472434270
6589,183281401,42032982,225314383,1,0,1,6144,23,8681260897
6590,183306149,22149419,205455568,3,0,0,48640,20,9932023702
6591,183332540,42004337,225336877,3,0,1,40448,20,5441962300
6592,183368731,41989379,225358110,6,0,1,30208,11,7548084390
6593,183479070,21784372,205263442,5,0,0,20480,15,469968545
6594,183492490,41866926,225359416,3,0,1,2048,20,6771593547
6595,183505019,22105553,205610572,3,0,0,118784,20,3723165538
6596,183577090,41789457,225366547,3,0,1,19456,20,2359080543
6597,183592210,41786891,225379101,3,0,1,29184,20,9292796893
6598,183605719,41824828,225430547,9,0,1,41984,21,306766646
6599,183626409,41804292,225430701,9,0,1,8704,21,3762943221
6600,183658490,22304901,205963391,7,0,0,1024,20,7606790531
6601,183666609,22413068,206079677,3,0,0,87040,20,2648354971
6602,183670281,41760766,225431047,6,0,1,512,11,6934119982
6603,183728789,41874332,225603121,9,0,1,51200,21,6812788534
6604,183822809,22282787,206105596,3,0,0,84992,20,7964015020
6605,183843719,41832731,225676450,9,0,1,12288,21,1482003363
6606,183865329,41824548,225689877,9,0,1,7168,21,9237997620
6607,183875950,41816193,225692143,2,0,1,3584,19,3200441730
6608,183919451,41780930,225700381,6,0,1,3584,11,4319593871
6609,183961560,42227967,226189527,2,0,1,43520,19,4162369059
6610,183963079,21791310,205754389,3,0,0,171008,20,9474074986
6611,183992241,42216363,226208604,6,0,1,18944,11,3833571380
6612,184045010,21796455,205841465,4,0,0,204800,26,6212338247
6613,184045581,42188829,226234410,6,0,1,7680,11,10101126043
6614,184057159,42249768,226306927,8,0,1,38912,14,7006263215
6615,184090880,21803407,205894287,7,0,0,129024,20,3367849355
6616,184202349,22160467,206362816,3,0,0,299520,20,8455703013
6617,184210870,21730998,205941868,4,0,0,99840,26,8576623219
6618,184277640,21853324,206130964,4,0,0,22528,26,1200912290
6619,184280300,42199531,226479831,2,0,1,17920,19,5195215150
6620,184353689,42126165,226479854,9,0,1,13312,21,7561090578
6621,184477210,42054014,226531224,3,0,1,42496,20,8055262058
6622,184486430,21200250,205686680,5,0,0,160768,15,8020374649
6623,184487750,21199577,205687327,5,0,0,2048,15,9305784757
6624,184553300,42009638,226562938,2,0,1,25088,19,6808026638
6625,184576200,22085643,206661843,7,0,0,141312,20,4018893962
6626,184586549,41977559,226564108,8,0,1,69120,14,9564144859
6627,184604579,21618057,206222636,3,0,0,135680,20,9146625318
6628,184612890,21950113,206563003,4,0,0,285696,26,1953080132
6629,184614260,41949871,226564131,2,0,1,15872,19,3631418655
6630,184614549,22227480,206842029,3,0,0,259584,20,5806517912
6631,184616530,41947624,226564154,3,0,1,7168,20,6856568406
6632,184631860,22289265,206921125,4,0,0,41984,26,1725632130
6633,184677240,41886937,226564177,3,0,1,6144,20,6957702967
6634,184682450,21888376,206570826,4,0,0,25600,26,7772485271
6635,184689390,41881553,226570943,3,0,1,8704,20,9142409640
6636,184769350,21635651,206405001,4,0,0,7168,26,2736211398
6637,184806329,22557320,207363649,3,0,0,715776,20,2665271893
6638,184825729,41766370,226592099,8,0,1,15872,14,4775321260
6639,184902641,41691605,226594246,1,0,1,5632,23,4460525570
6640,184953601,22027912,206981513,5,0,0,121856,15,10707722191
6641,184976390,41630901,226607291,5,0,1,38400,15,8666354872
6642,184978460,41670517,226648977,5,0,1,37888,15,7935965590
6643,185000940,41667806,226668746,3,0,1,54272,20,3119364063
6644,185010931,41721045,226731976,1,0,1,35840,23,1447197735
6645,185018610,22458520,207477130,4,0,0,282112,26,3441587096
6646,185026210,41708032,226734242,3,0,1,3584,20,830642182
6647,185051200,41704939,226756139,3,0,1,30208,20,6213300597
6648,185097951,41668522,226766473,1,0,1,14336,23,8928579504
6649,185106470,41663549,226770019,5,0,1,5632,15,1091705843
6650,185133681,41638442,226772123,1,0,1,15360,23,5497132493
6651,185157690,22427725,207585415,5,0,0,202240,15,4123254794
6652,185215741,41743588,226959329,1,0,1,55296,23,2416281117
6653,185372619,22476858,207849477,3,0,0,628224,20,285997145
6654,185411530,41547822,226959352,5,0,1,14336,15,750085951
6655,185470849,21920302,207391151,3,0,0,45056,20,2048509504
6656,185484880,21892520,207377400,5,0,0,45056,15,3610317582
6657,185555770,21968002,207523772,5,0,0,147456,15,6182463020
6658,185565790,22425558,207991348,7,0,0,304128,20,3356519711
6659,185566370,41393005,226959375,5,0,1,12800,15,4677049179
6660,185582500,22283224,207865724,7,0,0,53248,20,1355400122
6661,185628179,41331219,226959398,8,0,1,9728,14,4595619690
6662,185634090,41470388,227104478,5,0,1,7680,15,8239210165
6663,185636820,41568749,227205569,5,0,1,18944,15,5748645807
6664,185640669,22374252,208014921,3,0,0,59904,20,37357176
6665,185661250,41589861,227251111,4,0,1,3072,26,2927184208
6666,185687540,22542775,208230315,7,0,0,291840,20,2955798351
6667,185706220,41546171,227252391,3,0,1,14336,20,643855292
6668,185713790,41567477,227281267,4,0,1,1024,26,7657304450
6669,185765300,22674264,208439564,5,0,0,330240,15,6018021415
6670,185765799,22753775,208519574,3,0,0,244224,20,8224334684
6671,185770820,22818566,208589386,5,0,0,132096,15,8492308428
6672,185795730,41487803,227283533,3,0,1,3584,20,2076900447
6673,185827709,41457104,227284813,8,0,1,14336,14,3813495452
6674,185896470,22749879,208646349,4,0,0,186880,26,301457542
6675,185924810,41361340,227286150,3,0,1,512,20,9652382679
6676,185995010,41292126,227287136,3,0,1,1536,20,3526934475
6677,185996430,22549999,208546429,4,0,0,88064,26,7638158443
6678,186000640,41582331,227582971,7,0,1,54784,20,3667305272
6679,186016940,41566054,227582994,3,0,1,39424,20,2321503084
6680,186121300,41585089,227706389,7,0,1,61440,20,5438017549
6681,186124749,22768074,208892823,3,0,0,478208,20,10378738902
6682,186176190,41602021,227778211,3,0,1,19968,20,6972229082
6683,186179900,22547357,208727257,5,0,0,173568,15,712976952
6684,186182761,22104836,208287597,5,0,0,10240,15,8615322902
6685,186197209,22477118,208674327,3,0,0,91648,20,4885455071
6686,186210730,41567504,227778234,3,0,1,10752,20,7475583968
6687,186216170,41562087,227778257,3,0,1,6144,20,8019194544
6688,186256400,41600857,227857257,3,0,1,3584,20,1907286650
6689,186281789,22460887,208742676,3,0,0,50176,20,4846312590
6690,186324450,41547086,227871536,7,0,1,12800,20,5175665051
6691,186333340,41562740,227896080,2,0,1,3072,19,6889989241
6692,186345330,41750686,228096016,5,0,1,7168,15,8557934832
6693,186394240,22699529,209093769,4,0,0,89600,26,4190070266
6694,186464721,22445042,208909763,5,0,0,55296,15,6955081532
6695,186520440,22493528,209013968,4,0,0,20480,26,4852388264
6696,186529170,41566869,228096039,7,0,1,22528,20,8358796314
6697,186557130,22486033,209043163,4,0,0,95744,26,2739997314
6698,186557500,41544194,228101694,7,0,1,14336,20,3080541230
6699,186566370,41580052,228146422,7,0,1,18944,20,3694987433
6700,186625750,22620839,209246589,4,0,0,208384,26,8165939524
6701,186680019,22386419,209066438,3,0,0,76288,20,7149079886
6702,186738220,41493667,228231887,5,0,1,15872,15,4117178433
6703,186780570,41459049,228239619,7,0,1,12288,20,9136059731
6704,186797239,41449392,228246631,8,0,1,15360,14,281372964
6705,186841210,22427398,209268608,4,0,0,72192,26,2899239617
6706,186854300,41397503,228251803,5,0,1,8192,15,4499965615
6707,186871160,41382128,228253288,5,0,1,15360,15,2215788885
6708,186916821,41338606,228255427,6,0,1,11264,11,8310694845
6709,186955210,41351933,228307143,2,0,1,4608,19,5384090611
6710,186965531,22364797,209330328,5,0,0,42496,15,1579956322
6711,186975120,41332046,228307166,3,0,1,21504,20,5726897235
6712,187018640,41288549,228307189,2,0,1,23040,19,151837545
6713,187067780,41354607,228422387,2,0,1,9216,19,4490074227
6714,187155511,22117488,209272999,5,0,0,14336,15,8045978467
6715,187181980,41240430,228422410,7,0,1,36352,20,7313025031
6716,187182760,41239673,228422433,2,0,1,512,19,4064207064
6717,187191681,22157242,209348923,5,0,0,52736,15,5921093868
6718,187219649,22705773,209925422,3,0,0,229376,20,5951633998
6719,187251129,22889927,210141056,3,0,0,195072,20,6151119132
6720,187257611,22737777,209995388,5,0,0,74752,15,4462232952
6721,187269510,41204255,228473765,3,0,1,46080,20,9630211194
6722,187271980,41369105,228641085,2,0,1,24576,19,5339468461
6723,187302919,22986799,210289718,3,0,0,223232,20,8877405531
6724,187325680,23122063,210447743,4,0,0,298496,26,226036476
6725,187347450,41587463,228934913,7,0,1,131072,20,9213876178
6726,187389470,41756502,229145972,3,0,1,77312,20,7401083728
6727,187421370,41724625,229145995,2,0,1,9216,19,6563559949
6728,187434741,22897299,210332040,5,0,0,138752,15,7173751160
6729,187462500,41683518,229146018,7,0,1,26624,20,8282039012
6730,187521129,22986104,210507233,3,0,0,195072,20,1144293552
6731,187549769,22667392,210217161,3,0,0,43008,20,4614317084
6732,187559160,23230212,210789372,4,0,0,263680,26,6648734579
6733,187585200,41657608,229242808,7,0,1,61440,20,408451440
6734,187648310,41594521,229242831,7,0,1,11264,20,417231430
6735,187726920,41515934,229242854,2,0,1,8192,19,681460236
6736,187734520,41508357,229242877,0,0,1,22016,13,1753001928
6737,187762029,22750843,210512872,3,0,0,18432,20,7939124607
6738,187782961,22926048,210709009,5,0,0,268800,15,7470427612
6739,187803030,41439870,229242900,3,0,1,12288,20,3451109779
6740,187868600,41530862,229399462,2,0,1,97280,19,6771315177
6741,187947130,22859760,210806890,4,0,0,34304,26,3049806248
6742,187959070,41826727,229785797,7,0,1,38400,20,3530204119
6743,187976830,41808990,229785820,7,0,1,6144,20,10252050032
6744,188042799,22753616,210796415,3,0,0,23040,20,4847127714
6745,188052250,22940507,210992757,4,0,0,86016,26,1663745449
6746,188065660,41720183,229785843,2,0,1,16896,19,8873543620
6747,188098720,23121785,211220505,4,0,0,276480,26,9185699375
6748,188112810,22696443,210809253,0,0,0,7680,13,3172433724
6749,188152240,41639732,229791972,7,0,1,39424,20,8476464619
6750,188186650,41732740,229919390,7,0,1,36352,20,2197559938
6751,188202150,41717263,229919413,3,0,1,14848,20,7692816097
6752,188210781,22755745,210966526,5,0,0,86528,15,863016145
6753,188290100,22613485,210903585,4,0,0,39936,26,3704569162
6754,188327239,23395154,211722393,3,0,0,663040,20,4436250790
6755,188404880,41514556,229919436,7,0,1,2048,20,3047710605
6756,188445130,41474329,229919459,2,0,1,6656,19,9618128658
6757,188533180,22697135,211230315,4,0,0,31744,26,390648822
6758,188538740,41381064,229919804,7,0,1,20480,20,9382035041
6759,188596511,22814873,211411384,5,0,0,83968,15,3952278779
6760,188622140,41303720,229925860,7,0,1,28672,20,1892972923
6761,188627980,22622358,211250338,4,0,0,65536,26,9646501993
6762,188635950,22865246,211501196,0,0,0,69120,13,2732065170
6763,188684480,41241726,229926206,2,0,1,512,19,4046380603
6764,188751650,41175542,229927192,2,0,1,1536,19,4143982064
6765,188805750,41135600,229941350,7,0,1,24064,20,2180721398
6766,188824120,23106232,211930352,4,0,0,131072,26,8487150893
6767,188824669,41128382,229953051,9,0,1,14848,21,9367192047
6768,188828540,41131231,229959771,7,0,1,7680,20,8038437204
6769,188835780,41130763,229966543,7,0,1,10752,20,4349176473
6770,188842350,41129890,229972240,2,0,1,18944,19,9420859927
6771,188875861,22906927,211782788,5,0,0,198144,15,8688282208
6772,188908610,22571503,211480113,4,0,0,29184,26,5666517799
6773,189053329,23617676,212671005,3,0,0,1083904,20,1624217642
6774,189097940,40991893,230089833,7,0,1,21504,20,4240726495
6775,189121610,40968246,230089856,2,0,1,10752,19,4209914157
6776,189141550,40948329,230089879,2,0,1,12800,19,7519190376
6777,189265461,40824620,230090081,1,0,1,27136,23,3094702561
6778,189296451,22918531,212214982,5,0,0,49152,15,9567106020
6779,189303570,40786534,230090104,7,0,1,6656,20,6015988974
6780,189306760,40783367,230090127,2,0,1,19968,19,8672109802
6781,189329921,23504848,212834769,5,0,0,333824,15,4096731950
6782,189339571,40750579,230090150,1,0,1,2560,23,6933093360
6783,189347780,40742393,230090173,7,0,1,10240,20,5781026570
6784,189354170,23378818,212732988,4,0,0,202752,26,4320460071
6785,189491339,40598857,230090196,8,0,1,1024,14,5322251550
6786,189557329,23637255,213194584,3,0,0,96256,20,3223273215
6787,189559001,40531218,230090219,1,0,1,7680,23,7842116320
6788,189666080,40438144,230104224,7,0,1,28672,20,10072278201
6789,189711061,40439221,230150282,1,0,1,62976,23,6831294944
6790,189748631,24142260,213890891,5,0,0,6656,15,5517178166
6791,189804029,23361204,213165233,3,0,0,198144,20,8529651401
6792,189824880,23525603,213350483,4,0,0,94208,26,6085823092
6793,189992781,40160454,230153235,1,0,1,1024,23,8475011748
6794,190101041,23532726,213633767,5,0,0,198144,15,4614322474
6795,190166250,22892493,213058743,4,0,0,36352,26,4017080026
6796,190207131,40035309,230242440,1,0,1,32256,23,5878304451
6797,190220199,23147592,213367791,3,0,0,56320,20,9266587958
6798,190246071,23230464,213476535,5,0,0,251904,15,5105865627
6799,190276391,39966072,230242463,1,0,1,6656,23,3820872392
6800,190328810,23244562,213573372,0,0,0,153088,13,2059466114
6801,190344840,39915157,230259997,0,0,1,6144,13,8469876396
6802,190365490,39894530,230260020,0,0,1,5632,13,5172897697
6803,190383500,23358531,213742031,0,0,0,181760,13,1432886702
6804,190386350,39920643,230306993,0,0,1,41472,13,4918400727
6805,190483500,39867232,230350732,0,0,1,28672,13,3893635276
6806,190506729,23428847,213935576,3,0,0,146432,20,3562831186
6807,190531210,39823545,230354755,0,0,1,20480,13,7953948977
6808,190547171,23131133,213678304,5,0,0,2048,15,1439957169
6809,190618261,23270571,213888832,5,0,0,332800,15,1092526359
6810,190646989,39712592,230359581,8,0,1,7680,14,1931671435
6811,190647460,23532626,214180086,0,0,0,319488,13,2427806203
6812,190656730,39833010,230489740,0,0,1,29696,13,7863825503
6813,190701509,39851714,230553223,8,0,1,34304,14,7333977871
6814,190748501,39828867,230577368,6,0,1,19456,11,3610703328
6815,190773711,39851210,230624921,1,0,1,18944,23,912390042
6816,190777851,39847093,230624944,1,0,1,2560,23,1623832002
6817,190786990,39837977,230624967,2,0,1,14848,19,1884121174
6818,190788220,22407175,213195395,0,0,0,2560,13,904478826
6819,190793660,22683216,213476876,9,0,0,1024,21,1709687530
6820,190794939,39830051,230624990,8,0,1,9728,14,1763001509
6821,190850940,22911619,213762559,4,0,0,67072,26,2570030247
6822,190884460,39747108,230631568,2,0,1,14848,19,327390078
6823,190894490,39743829,230638319,2,0,1,512,19,7648124385
6824,190941799,39696866,230638665,8,0,1,512,14,7803545129
6825,190984241,23409217,214393458,5,0,0,128512,15,1050271951
6826,190998230,39649767,230647997,2,0,1,14848,19,5420574416
6827,191013060,23211110,214224170,4,0,0,56320,26,2230815555
6828,191046960,39613002,230659962,2,0,1,33280,19,2347519833
6829,191089361,23407831,214497192,5,0,0,230912,15,5836028725
6830,191091489,23207646,214299135,3,0,0,11776,20,6329279628
6831,191129041,23077946,214206987,5,0,0,88064,15,5294846482
6832,191163050,39627421,230790471,0,0,1,18432,13,569316014
6833,191190641,39599853,230790494,6,0,1,2560,11,6434446471
6834,191204641,40132649,231337290,6,0,1,23040,11,843743141
6835,191220350,22726226,213946576,4,0,0,21504,26,8956204981
6836,191231859,40386049,231617908,8,0,1,93184,14,7533790702
6837,191263550,23080690,214344240,9,0,0,7680,21,6116792388
6838,191271189,40346742,231617931,9,0,1,1536,21,754000597
6839,191273441,40344513,231617954,6,0,1,11264,11,740632025
6840,191284760,40354456,231639216,2,0,1,5632,19,5431204520
6841,191287659,40351580,231639239,9,0,1,2048,21,5489054700
6842,191292809,40431254,231724063,9,0,1,77824,21,8317870182
6843,191311679,40412407,231724086,8,0,1,3072,14,10058256109
6844,191324520,40399589,231724109,0,0,1,7168,13,3339325101
6845,191326841,23240533,214567374,5,0,0,56832,15,5195855893
6846,191339821,40413779,231753600,1,0,1,40448,23,4245663753
6847,191340691,40458984,231799675,6,0,1,6144,11,661642188
6848,191347889,40581779,231929668,8,0,1,31232,14,4647369774
6849,191359449,40572449,231931898,9,0,1,14336,21,2349123190
6850,191361370,40570551,231931921,2,0,1,9728,19,5353637749
6851,191373601,40771166,232144767,6,0,1,46080,11,6417566922
6852,191384611,40829329,232213940,6,0,1,58880,11,8641933058
6853,191397780,23003751,214401531,0,0,0,8704,13,5917636847
6854,191412241,40836854,232249095,6,0,1,59392,11,4917829577
6855,191426781,40926012,232352793,1,0,1,36864,23,7153874306
6856,191457329,40898050,232355379,9,0,1,4096,21,1613241853
6857,191471070,23060322,214531392,5,0,0,111616,15,2094146436
6858,191473390,23741898,215215288,4,0,0,226304,26,8618175324
6859,191508250,41084229,232592479,2,0,1,9216,19,9500571595
6860,191509860,23862274,215372134,0,0,0,190464,13,10468220919
6861,191526170,23537155,215063325,5,0,0,153600,15,6285417706
6862,191527430,23294775,214822205,0,0,0,38912,13,3861233975
6863,191534040,41058462,232592502,2,0,1,10240,19,9892435066
6864,191537961,41054564,232592525,6,0,1,29184,11,6652111614
6865,191539760,41114626,232654386,2,0,1,24064,19,2045044765
6866,191541439,41426504,232967943,8,0,1,18432,14,8827621726
6867,191574321,41393645,232967966,1,0,1,3072,23,6274358746
6868,191581680,41456704,233038384,2,0,1,49152,19,9740290640
6869,191599109,41441513,233040622,8,0,1,9216,14,3355711816
6870,191601781,41438864,233040645,1,0,1,12288,23,5627986132
6871,191624660,23980155,215604815,5,0,0,15872,15,7169805228
6872,191691430,23615627,215307057,5,0,0,36352,15,6629432228
6873,191694810,23208380,214903190,5,0,0,73216,15,10481726012
6874,191715600,23746635,215462235,4,0,0,136192,26,7435161344
6875,191719349,41321319,233040668,9,0,1,38912,21,1052885299
6876,191738860,41329006,233067866,3,0,1,1536,20,8974223269
6877,191744651,41400961,233145612,1,0,1,37376,23,5745933175
6878,191755929,41572072,233328001,9,0,1,103424,21,5425186218
6879,191759541,41677900,233437441,6,0,1,49664,11,5249391762
6880,191761790,42507604,234269394,6,0,1,44032,11,9448264477
6881,191803269,42503128,234306397,9,0,1,25600,21,3029010599
6882,191803959,42540467,234344426,8,0,1,13312,14,3007038711
6883,191835440,23279296,215114736,0,0,0,19968,13,8700327751
6884,191892200,23911737,215803937,4,0,0,118784,26,4474372576
6885,191914690,22803302,214717992,9,0,0,1024,21,4838367698
6886,191916221,42540593,234456814,6,0,1,27648,11,6604409432
6887,191935500,42522502,234458002,0,0,1,5120,13,5285863391
6888,191978361,42507194,234485555,1,0,1,19968,23,471255876
6889,191979619,42521305,234500924,8,0,1,10752,14,2889328168
6890,191983390,24052035,216035425,5,0,0,345600,15,2462711070
6891,191990309,42524168,234514477,8,0,1,6656,14,611465858
6892,191993160,42555634,234548794,2,0,1,12800,19,1792295954
6893,192037201,42522091,234559292,1,0,1,14336,23,3167097110
6894,192046351,42512964,234559315,6,0,1,27648,11,4300731367
6895,192049680,42509674,234559354,0,0,1,11264,13,5280438530
6896,192074850,23232854,215307704,9,0,0,2048,21,346421680
6897,192080740,42588884,234669624,6,0,1,66560,11,1843866972
6898,192088790,23050935,215139725,0,0,0,30208,13,4756482296
6899,192109540,23820562,215930102,9,0,0,6144,21,1869788366
6900,192177019,42659914,234836933,8,0,1,94208,14,4813740627
6901,192249340,42587951,234837291,6,0,1,18944,11,4618222804
6902,192255060,23932604,216187664,0,0,0,394240,13,5055203988
6903,192256209,42581105,234837314,9,0,1,6144,21,6304833432
6904,192309910,23333414,215643324,9,0,0,3072,21,667709471
6905,192333989,42503348,234837337,8,0,1,7680,14,9134791080
6906,192334420,42730325,235064745,6,0,1,17408,11,2970453825
6907,192373491,42691277,235064768,1,0,1,9728,23,7334435803
6908,192375029,42689762,235064791,8,0,1,7168,14,9032263651
6909,192375810,23552397,215928207,5,0,0,289792,15,5524845442
6910,192385469,42689820,235075289,9,0,1,34816,21,3718191206
6911,192472780,23860392,216333172,5,0,0,244736,15,2502854838
6912,192476899,42692394,235169293,8,0,1,28160,14,8474735981
6913,192496660,22965754,215462414,4,0,0,512,26,1437219556
6914,192502601,42666715,235169316,1,0,1,3584,23,9894044849
6915,192555929,42613410,235169339,8,0,1,38400,14,8085279165
6916,192569770,23929749,216499519,0,0,0,325120,13,650550106
6917,192584481,42613920,235198401,1,0,1,23040,23,5004839229
6918,192629299,42569928,235199227,9,0,1,14848,21,5473861141
6919,192636880,23430633,216067513,4,0,0,99840,26,8084087180
6920,192642200,42557385,235199585,7,0,1,9216,20,4403080521
6921,192642940,42556684,235199624,0,0,1,4608,13,8754505591
6922,192692970,23344038,216037008,4,0,0,5120,26,8056732264
6923,192702900,42496747,235199647,6,0,1,3072,11,1896829180
6924,192718279,23540248,216258527,3,0,0,232448,20,6516542593
6925,192737750,22881318,215619068,9,0,0,1536,21,1135387899
6926,192744699,23654264,216398963,3,0,0,215552,20,215667987
6927,192754861,42444809,235199670,1,0,1,4608,23,3692089761
6928,192812930,23694303,216507233,4,0,0,25088,26,7105328243
6929,192833590,23566823,216400413,9,0,0,4608,21,2902501164
6930,192835179,42365965,235201144,8,0,1,34304,14,1294193677
6931,192843420,23815643,216659063,4,0,0,371200,26,1826245384
6932,192876979,42324188,235201167,9,0,1,9216,21,5223261188
6933,192880249,42320941,235201190,8,0,1,49152,14,170986594
6934,192889920,23622640,216512560,9,0,0,17408,21,4557674993
6935,192921281,42279932,235201213,1,0,1,45568,23,4581651071
6936,192983440,23853343,216836783,5,0,0,160768,15,1886905482
6937,193005190,42196046,235201236,7,0,1,2048,20,5330004721
6938,193011689,42189594,235201283,8,0,1,20992,14,2571029386
6939,193017761,42235743,235253504,1,0,1,34816,23,1533382110
6940,193022380,23492035,216514415,9,0,0,5632,21,759260228
6941,193027270,23679379,216706649,0,0,0,50688,13,6499825130
6942,193043760,23471302,216515062,9,0,0,2048,21,3554333785
6943,193048420,42205107,235253527,7,0,1,20480,20,9872945253
6944,193063809,42189741,235253550,8,0,1,13824,14,4418339586
6945,193063829,42189744,235253573,9,0,1,12800,21,774804329
6946,193067359,24514200,217581559,3,0,0,652800,20,1103197940
6947,193067490,24085050,217152540,5,0,0,256000,15,1786986295
6948,193072030,24002487,217074517,5,0,0,62976,15,6684579166
6949,193077551,42176045,235253596,1,0,1,4096,23,588218784
6950,193157990,42136782,235294772,6,0,1,51200,11,8954966216
6951,193169320,42158605,235327925,7,0,1,25600,20,9153172253
6952,193199679,24509915,217709594,3,0,0,324096,20,7090012880
6953,193202629,42125642,235328271,9,0,1,512,21,1707837876
6954,193214360,23798295,217012655,5,0,0,31744,15,3579260474
6955,193216120,42112919,235329039,6,0,1,11776,11,3294557638
6956,193234130,42179966,235414096,6,0,1,12800,11,3886232691
6957,193280590,42153349,235433939,6,0,1,2560,11,1868209972
6958,193331150,42106899,235438049,3,0,1,16384,20,8784059655
6959,193334580,42105467,235440047,3,0,1,13824,20,9766239100
6960,193334890,24260732,217595622,0,0,0,46080,13,3662042223
6961,193379960,24456164,217836124,4,0,0,411648,26,10406509232
6962,193385700,42191138,235576838,7,0,1,39424,20,8585215794
6963,193414010,23739177,217153187,9,0,0,2048,21,4637069158
6964,193423260,42189689,235612949,6,0,1,11776,11,2400294675
6965,193424759,24586301,218011060,3,0,0,189952,20,9635744803
6966,193429210,23780476,217209686,9,0,0,512,21,2729087817
6967,193465640,24145160,217610800,4,0,0,49664,26,6887442226
6968,193521240,24405121,217926361,0,0,0,295936,13,5377789500
6969,193593669,42774179,236367848,9,0,1,37376,21,9178341290
6970,193631309,42736562,236367871,8,0,1,2560,14,3998165056
6971,193683549,42684345,236367894,8,0,1,8704,14,2416836883
6972,193696280,42671637,236367917,6,0,1,5120,11,4786678321
6973,193719449,42648491,236367940,8,0,1,29696,14,86513689
6974,193721081,42954007,236675088,1,0,1,5120,23,5571361090
6975,193721260,42954494,236675754,4,0,1,1024,26,4760156940
6976,193736980,23973596,217710576,9,0,0,3072,21,1498743421
6977,193748030,24205077,217953107,4,0,0,87552,26,933278940
6978,193753279,24287824,218041103,3,0,0,91136,20,6761020236
6979,193754129,43008585,236762714,9,0,1,3072,21,5277341401
6980,193768700,43138197,236906897,7,0,1,73216,20,10136149354
6981,193776800,24235531,218012331,0,0,0,4096,13,3562331632
6982,193799990,43117889,236917879,6,0,1,10752,11,8881418445
6983,193818280,24194985,218013265,0,0,0,2560,13,8914864996
6984,193829280,43107482,236936762,6,0,1,34816,11,4799338066
6985,193851101,43121416,236972517,1,0,1,1024,23,3085304579
6986,193858250,43129983,236988233,7,0,1,26112,20,1840270089
6987,193873359,43463029,237336388,9,0,1,95232,21,6759676302
6988,193917560,43428242,237345802,6,0,1,12288,11,330969096
6989,193919500,43509301,237428801,0,0,1,19456,13,4984232418
6990,193933110,24313537,218246647,0,0,0,3584,13,8846480244
6991,193950499,43478325,237428824,9,0,1,10240,21,167829635
6992,193961139,24234597,218195736,3,0,0,105984,20,458927939
6993,193963469,43476906,237440375,8,0,1,2560,14,5754440780
6994,193994029,43446602,237440631,9,0,1,9216,21,8792615922
6995,194037959,43419294,237457253,9,0,1,20992,21,7536252762
6996,194054509,24566465,218620974,3,0,0,254976,20,8713199996
6997,194071240,43386781,237458021,6,0,1,11776,11,7702125030
6998,194094890,43389650,237484540,4,0,1,1024,26,148904421
6999,194129489,24070014,218199503,3,0,0,12288,20,6386331907
7000,194133511,43387550,237521061,1,0,1,59392,23,6679520578
7001,194141040,23934050,218075090,5,0,0,1536,15,8684586248
7002,194162580,43456177,237618757,4,0,1,22016,26,1201971717
7003,194209860,43408920,237618780,6,0,1,6144,11,340063081
7004,194210871,43407932,237618803,1,0,1,5120,23,9291126370
7005,194240381,43378445,237618826,1,0,1,3584,23,4341397111
7006,194280790,24343933,218624723,5,0,0,11776,15,9261480756
7007,194322559,43351693,237674252,9,0,1,7680,21,5804168410
7008,194327410,43346865,237674275,0,0,1,36352,13,5174251493
7009,194336669,43337629,237674298,8,0,1,38400,14,8848776746
7010,194356170,43318191,237674361,0,0,1,20992,13,8228260888
7011,194364871,43309513,237674384,1,0,1,8704,23,2767936917
7012,194377600,24453019,218830619,4,0,0,211456,26,1343000148
7013,194384659,43289748,237674407,8,0,1,33792,14,2373269327
7014,194398430,24367738,218766168,0,0,0,8704,13,9202346878
7015,194418620,43255810,237674430,7,0,1,5120,20,9954186861
7016,194430379,24300759,218731138,3,0,0,349184,20,9851868220
7017,194439760,43235775,237675535,4,0,1,32256,26,8224387794
7018,194441229,24486337,218927566,3,0,0,48128,20,5273016084
7019,194451820,43228934,237680754,4,0,1,4096,26,6910099143
7020,194458460,43255907,237714367,7,0,1,38912,20,2583686818
7021,194459909,43254481,237714390,9,0,1,13312,21,7340176268
7022,194462781,43330976,237793757,1,0,1,41984,23,2213492833
7023,194464270,24372784,218837054,4,0,0,20992,26,6525857848
7024,194483560,43454730,237938290,0,0,1,123904,13,2183855407
7025,194495239,43449362,237944601,8,0,1,22016,14,6841610290
7026,194495711,43629559,238125270,1,0,1,33792,23,7044404316
7027,194515831,43609462,238125293,1,0,1,5120,23,1785916091
7028,194528639,43596677,238125316,8,0,1,41472,14,2874576712
7029,194531030,24202074,218733104,5,0,0,6144,15,4496540596
7030,194534910,43639420,238174330,7,0,1,12800,20,10113931339
7031,194559830,43614523,238174353,7,0,1,15360,20,5523390822
7032,194567689,43606866,238174555,8,0,1,10752,14,7127194355
7033,194568880,43605698,238174578,6,0,1,12800,11,10062269696
7034,194577611,43608796,238186407,1,0,1,59904,23,8252503896
7035,194580829,24424116,219004945,3,0,0,163840,20,6162083425
7036,194596160,23869985,218466145,5,0,0,1536,15,6024727305
7037,194654039,43532522,238186561,8,0,1,8704,14,3632310143
7038,194656120,43532067,238188187,6,0,1,2560,11,8528813936
7039,194665339,43565358,238230697,8,0,1,35840,14,10222460800
7040,194668570,43711364,238379934,0,0,1,5632,13,4881163945
7041,194698030,43681927,238379957,0,0,1,1024,13,3318098321
7042,194717380,43664027,238381407,7,0,1,2048,20,991974711
7043,194731810,43649620,238381430,4,0,1,11264,26,6302035152
7044,194743520,24095677,218839197,0,0,0,1536,13,6764840917
7045,194753120,24085540,218838660,5,0,0,5120,15,6107481407
7046,194756181,43625272,238381453,1,0,1,5120,23,7772613634
7047,194769080,43612396,238381476,6,0,1,2048,11,3360986098
7048,194778430,43603069,238381499,0,0,1,1024,13,731496019
7049,194797080,43584442,238381522,4,0,1,512,26,9143332368
7050,194802420,43579125,238381545,0,0,1,9728,13,9361285057
7051,194831990,24739372,219571362,5,0,0,67584,15,8440924748
7052,194832559,25534464,220367023,3,0,0,261120,20,5943896812
7053,194850330,24156377,219006707,0,0,0,5632,13,8728777789
7054,194857460,24323951,219181411,9,0,0,1024,21,7837583314
7055,194885860,43495708,238381568,6,0,1,56320,11,10383875305
7056,194943310,23904403,218847713,0,0,0,2048,13,4823570161
7057,194985169,43396422,238381591,8,0,1,3072,14,4930660685
7058,195018060,43363554,238381614,7,0,1,32256,20,7516901082
7059,195018340,23926558,218944898,0,0,0,2560,13,7143669287
7060,195023380,24239289,219262669,4,0,0,210944,26,1206956126
7061,195038419,43376236,238414655,8,0,1,30208,14,6301259624
7062,195043780,43515610,238559390,0,0,1,41472,13,8440353645
7063,195059750,23852368,218912118,9,0,0,4608,21,6756456871
7064,195095940,43464116,238560056,0,0,1,11264,13,7954123574
7065,195125509,24191811,219317320,3,0,0,62464,20,3618741799
7066,195148860,24170667,219319527,9,0,0,7168,21,7518418365
7067,195149549,43413413,238562962,9,0,1,4608,21,4752806503
7068,195191930,24965338,220157268,4,0,0,129536,26,6342283620
7069,195196119,43371349,238567468,9,0,1,7168,21,10183750972
7070,195221930,43349724,238571654,7,0,1,6656,20,2417891908
7071,195248899,43481934,238730833,8,0,1,21504,14,10737109033
7072,195271400,43513064,238784464,7,0,1,27648,20,8584066969
7073,195276091,43617049,238893140,1,0,1,2560,23,7350722675
7074,195298949,43594214,238893163,9,0,1,1536,21,5947240663
7075,195334400,43558786,238893186,7,0,1,512,20,10474014670
7076,195371309,23909640,219280949,3,0,0,46080,20,5467746015
7077,195397671,43495538,238893209,1,0,1,3072,23,3377767206
7078,195406021,43487211,238893232,1,0,1,2560,23,7889775690
7079,195437420,23882754,219320174,9,0,0,2048,21,10723623851
7080,195519709,44231929,239751638,9,0,1,32768,21,2254276180
7081,195562291,44189911,239752202,1,0,1,10752,23,1837642935
7082,195568851,44219736,239788587,1,0,1,6144,23,7963160139
7083,195571420,23962912,219534332,5,0,0,27648,15,4102980884
7084,195584380,44204230,239788610,0,0,1,13824,13,6029396929
7085,195626941,44173747,239800688,1,0,1,4608,23,7618225301
7086,195641050,44160304,239801354,6,0,1,11264,11,8615282265
7087,195649440,44225030,239874470,0,0,1,21504,13,8136962028
7088,195655700,44363217,240018917,0,0,1,10240,13,10340566532
7089,195674920,44355431,240030351,6,0,1,19456,11,5567293531
7090,195676780,24797254,220474034,4,0,0,100864,26,10520044366
7091,195679950,23937677,219617627,0,0,0,4608,13,4074140300
7092,195716200,23947864,219664064,5,0,0,127488,15,9337650425
7093,195720569,44447140,240167709,9,0,1,47104,21,9060115168
7094,195723870,23946283,219670153,0,0,0,2048,13,4611154384
7095,195745490,24031680,219777170,4,0,0,152064,26,3771841517
7096,195764220,23900335,219664555,9,0,0,1536,21,5515396160
7097,195787920,44499209,240287129,7,0,1,40960,20,5510772204
7098,195803259,24787517,220590776,3,0,0,94720,20,928806488
7099,195810491,44476661,240287152,1,0,1,27648,23,1627797606
7100,195816940,44626024,240442964,0,0,1,1024,13,7951963679
7101,195820730,44632888,240453618,7,0,1,40448,20,10535025243
7102,195853429,44629883,240483312,9,0,1,119808,21,686200569
7103,195872459,44631671,240504130,9,0,1,18432,21,10021380144
7104,195884940,24143409,220028349,5,0,0,166400,15,4125521678
7105,195897690,44640354,240538044,7,0,1,6144,20,9742700715
7106,195920540,44619578,240540118,0,0,1,26112,13,8877271467
7107,195924299,44615842,240540141,9,0,1,16384,21,10549963087
7108,195969629,44579606,240549235,8,0,1,23040,14,9289732053
7109,196054710,44494572,240549282,0,0,1,9728,13,1172977805
7110,196060120,44547821,240607941,7,0,1,38400,20,6889868040
7111,196080200,44529971,240610171,0,0,1,42496,13,9136436041
7112,196085160,44525034,240610194,0,0,1,10752,13,10660109863
7113,196087350,44522867,240610217,5,0,1,10752,15,7974310988
7114,196134370,23832540,219966910,9,0,0,1536,21,2687067397
7115,196142650,44628984,240771634,7,0,1,45056,20,2277489808
7116,196146090,44627490,240773580,7,0,1,3072,20,5354662493
7117,196154870,45113242,241268112,2,0,1,19968,19,6628373787
7118,196170030,24108803,220278833,4,0,0,10752,26,8762761147
7119,196174520,45143924,241318444,0,0,1,28672,13,8218974348
7120,196269839,24258837,220528676,3,0,0,52224,20,2907151948
7121,196279039,23909612,220188651,3,0,0,76800,20,3395198163
7122,196332270,24359948,220692218,9,0,0,3072,21,9160483464
7123,196333680,44984787,241318467,2,0,1,9728,19,5948213899
7124,196382660,44935830,241318490,2,0,1,7168,19,5230979119
7125,196425210,44963031,241388241,0,0,1,26624,13,1688521077
7126,196464440,24532847,220997287,5,0,0,94208,15,1974778328
7127,196466660,44922349,241389009,2,0,1,11776,19,1131799929
7128,196468960,44927866,241396826,0,0,1,1536,13,942240565
7129,196470740,23971381,220442121,5,0,0,136704,15,799421785
7130,196540990,23858006,220398996,5,0,0,91648,15,1979444963
7131,196579020,23863483,220442503,9,0,0,1024,21,1475385401
7132,196621909,44785832,241407741,8,0,1,15872,14,10145901793
7133,196641610,23950125,220591735,0,0,0,3072,13,4197246759
7134,196649359,24144903,220794262,3,0,0,20992,20,2958731043
7135,196654620,23937294,220591914,0,0,0,512,13,5818703691
7136,196705690,23568643,220274333,9,0,0,1024,21,8282356394
7137,196824830,23575616,220400446,0,0,0,4608,13,5050104994
7138,196839800,44568095,241407895,0,0,1,8704,13,8195201806
7139,196861620,23985182,220846802,4,0,0,152576,26,635790610
7140,196946720,44462046,241408766,0,0,1,12288,13,6537123674
7141,196978200,44511533,241489733,3,0,1,5632,20,6186155927
7142,196978340,23634880,220613220,0,0,0,1024,13,7521399012
7143,197004540,24086054,221090594,4,0,0,204288,26,7362460944
7144,197009680,44480412,241490092,0,0,1,9728,13,4083984899
7145,197102000,44402080,241504080,5,0,1,2048,15,6958427985
7146,197103250,23865310,220968560,4,0,0,359424,26,353560336
7147,197162170,44369415,241531585,5,0,1,7168,15,4313046976
7148,197173560,44369405,241542965,0,0,1,11264,13,747936504
7149,197222850,44363141,241585991,5,0,1,23040,15,2329370074
7150,197231710,23975249,221206959,4,0,0,227328,26,2753615264
7151,197232210,24022231,221254441,4,0,0,119296,26,5864829278
7152,197247890,23753164,221001054,9,0,0,12288,21,6179975795
7153,197263080,44334066,241597146,3,0,1,46080,20,7063193561
7154,197283430,44440189,241723619,3,0,1,61952,20,7512042067
7155,197332210,44413640,241745850,3,0,1,15872,20,8402566979
7156,197365850,44383226,241749076,5,0,1,5120,15,494672080
7157,197383560,44543412,241926972,3,0,1,17408,20,2619802147
7158,197405150,44816497,242221647,5,0,1,69120,15,9848840705
7159,197448219,24049865,221498084,3,0,0,336896,20,6051157198
7160,197483900,44805497,242289397,0,0,1,53760,13,8328188156
7161,197529340,23482680,221012020,4,0,0,34304,26,2001928118
7162,197531320,23727512,221258832,4,0,0,14336,26,7647768130
7163,197568019,24088261,221656280,3,0,0,161792,20,9001913563
7164,197576310,23425235,221001545,9,0,0,1536,21,4328824468
7165,197578020,23703113,221281133,4,0,0,11264,26,8066186270
7166,197602759,24214641,221817400,3,0,0,82432,20,4480025501
7167,197610680,44882787,242493467,2,0,1,100352,19,148723032
7168,197624860,44868630,242493490,2,0,1,512,19,2049867695
7169,197625900,44867613,242493513,0,0,1,13312,13,1463091168
7170,197630750,44933064,242563814,2,0,1,48640,19,115066065
7171,197670210,44898511,242568721,9,0,1,7680,21,1079278790
7172,197723820,23642835,221366655,5,0,0,23040,15,5937219990
7173,197729730,44840937,242570667,5,0,1,3072,15,5247919057
7174,197760420,23846541,221606961,5,0,0,261120,15,8375102280
7175,197813720,23445759,221259479,0,0,0,2048,13,3149454714
7176,197827169,44748004,242575173,9,0,1,7168,21,6161912381
7177,197829360,44774806,242604166,5,0,1,22528,15,7467579618
7178,197846790,24235530,222082320,4,0,0,395264,26,5914884073
7179,197846920,45120307,242967227,7,0,1,5632,20,510979148
7180,197861670,45264770,243126440,0,0,1,15360,13,4940997060
7181,197894860,45231603,243126463,0,0,1,8192,13,4432399485
7182,197926760,45206581,243133341,7,0,1,2560,20,4199134126
7183,197948679,45236171,243184850,9,0,1,46592,21,4671953127
7184,197951340,45233533,243184873,7,0,1,8704,20,10549930493
7185,197953100,24278652,222231752,5,0,0,280576,15,9065835277
7186,197960750,23831488,221792238,5,0,0,155136,15,9447407289
7187,198003599,45218865,243222464,9,0,1,24064,21,1758314456
7188,198004360,24372899,222377259,5,0,0,337408,15,4152824915
7189,198077860,24319326,222397186,5,0,0,65024,15,8171963207
7190,198103690,45289684,243393374,5,0,1,36352,15,1722495488
7191,198104290,45289107,243393397,2,0,1,14848,19,4474769492
7192,198106980,45286440,243393420,6,0,1,4096,11,2985332245
7193,198119330,24468998,222588328,4,0,0,307712,26,10281162888
7194,198121169,45411168,243532337,9,0,1,5632,21,9051049586
7195,198136720,45596205,243732925,0,0,1,24064,13,1259557272
7196,198144390,45891082,244035472,2,0,1,16384,19,5749962475
7197,198187380,24529249,222716629,4,0,0,420864,26,6742482253
7198,198212560,45857079,244069639,7,0,1,3072,20,10128468089
7199,198243090,23998441,222241531,0,0,0,1536,13,2285104663
7200,198319839,45751285,244071124,8,0,1,15360,14,8121747478
7201,198320229,45802001,244122230,8,0,1,11264,14,2523038353
7202,198321040,45987094,244308134,2,0,1,41472,19,7573064341
7203,198330260,24155204,222485464,9,0,0,1536,21,5422687550
7204,198349630,46060382,244410012,0,0,1,83968,13,4368151733
7205,198360640,46066987,244427627,6,0,1,10240,11,5675244045
7206,198372360,24025129,222397489,0,0,0,512,13,2540836797
7207,198450210,24288577,222738787,5,0,0,72192,15,120327099
7208,198457699,24291765,222749464,3,0,0,31232,20,1890655731
7209,198481390,45947863,244429253,7,0,1,2560,20,8402508069
7210,198492010,24246956,222738966,0,0,0,512,13,1686811774
7211,198499650,24240275,222739925,0,0,0,3072,13,4094145255
7212,198535310,45938993,244474303,7,0,1,5120,20,3206927461
7213,198536959,24258629,222795588,3,0,0,15872,20,1897837051
7214,198548229,45930260,244478489,8,0,1,6656,14,115087189
7215,198575450,46029984,244605434,6,0,1,65024,11,4181016659
7216,198579510,46025947,244605457,0,0,1,10752,13,8038584101
7217,198579990,46039888,244619878,6,0,1,22016,11,8209059980
7218,198599870,46027074,244626944,7,0,1,1536,20,3262720528
7219,198607160,46019807,244626967,0,0,1,22528,13,9932022083
7220,198610390,46069227,244679617,2,0,1,12288,19,2473133483
7221,198611670,46160197,244771867,2,0,1,18944,19,2983057070
7222,198626149,46325809,244951958,8,0,1,38912,14,10380421410
7223,198683169,24107537,222790706,3,0,0,133632,20,10023011662
7224,198693189,46352416,245045605,8,0,1,38400,14,1153356243
7225,198702130,46443829,245145959,2,0,1,5632,19,249492075
7226,198704740,46441242,245145982,3,0,1,2048,20,53007722
7227,198709130,46436875,245146005,7,0,1,4608,20,10254003246
7228,198724330,24200078,222924408,5,0,0,89088,15,1613664069
7229,198753649,46392379,245146028,8,0,1,6656,14,3297881481
7230,198760410,46395336,245155746,0,0,1,25088,13,2870450557
7231,198786490,46692054,245478544,2,0,1,102912,19,6619158089
7232,198800550,46678017,245478567,7,0,1,17920,20,8646347036
7233,198816460,46663713,245480173,7,0,1,7680,20,4630318300
7234,198849249,46630947,245480196,8,0,1,38912,14,1587686183
7235,198872330,46607889,245480219,2,0,1,3072,19,6953307356
7236,198885440,24401923,223287363,5,0,0,78848,15,4888720656
7237,198897299,46643985,245541284,8,0,1,46080,14,5271673450
7238,198902340,46638967,245541307,7,0,1,21504,20,7164385911
7239,198958150,46583180,245541330,0,0,1,44032,13,10632768317
7240,198969259,46572929,245542188,8,0,1,23040,14,3360959014
7241,198981949,46560262,245542211,8,0,1,512,14,8840177547
7242,198982849,46561440,245544289,9,0,1,20480,21,7806182095
7243,199000980,46548387,245549367,7,0,1,9216,20,7008205178
7244,199004430,46604238,245608668,7,0,1,71680,20,6580138522
7245,199005679,24073620,223079299,3,0,0,19456,20,3162685841
7246,199013859,46668798,245682657,9,0,1,20480,21,6386416611
7247,199016640,46720819,245737459,2,0,1,14336,19,4867397797
7248,199063700,46673782,245737482,2,0,1,15360,19,9337828632
7249,199083899,46678492,245762391,8,0,1,2048,14,8551459480
7250,199086970,24114028,223200998,9,0,0,512,21,5667180943
7251,199141690,46623287,245764977,6,0,1,4096,11,1593558550
7252,199154650,23929763,223084413,0,0,0,2560,13,1960551214
7253,199159280,46611086,245770366,7,0,1,17408,20,1448606045
7254,199199200,24540797,223739997,4,0,0,171008,26,7481890073
7255,199213759,47540820,246754579,9,0,1,70144,21,8333382101
7256,199217320,47641979,246859299,2,0,1,39936,19,9247774062
7257,199227900,24103652,223331552,5,0,0,43008,15,5784955094
7258,199231980,24156981,223388961,5,0,0,184320,15,9107209287
7259,199249619,47650572,246900191,9,0,1,20992,21,4691220086
7260,199280120,47677241,246957361,7,0,1,30720,20,5608088539
7261,199286540,47679041,246965581,6,0,1,19456,11,3860016023
7262,199289650,47903834,247193484,6,0,1,32768,11,2365152983
7263,199299880,24118434,223418314,9,0,0,2560,21,5590323472
7264,199323430,24290763,223614193,0,0,0,1024,13,4382859497
7265,199331150,23984995,223316145,0,0,0,1536,13,10019042108
7266,199350830,24142225,223493055,5,0,0,71680,15,1916195491
7267,199404580,47788927,247193507,6,0,1,2048,11,633974473
7268,199406239,47787291,247193530,9,0,1,31744,21,9799351476
7269,199408809,47886970,247295779,9,0,1,6144,21,8030499942
7270,199409280,24110079,223519359,0,0,0,11264,13,605720147
7271,199421450,47874352,247295802,6,0,1,26112,11,10480717437
7272,199479130,24369215,223848345,0,0,0,4608,13,7448912377
7273,199479460,23825317,223304777,0,0,0,1024,13,1752413189
7274,199487610,24033393,223521003,9,0,0,1536,21,8735431545
7275,199490420,47805405,247295825,2,0,1,3072,19,4204270940
7276,199525810,47770038,247295848,7,0,1,22528,20,705355149
7277,199528310,47767561,247295871,6,0,1,23552,11,3123644250
7278,199533560,47762334,247295894,7,0,1,4608,20,2777151369
7279,199596720,24248522,223845242,5,0,0,340480,15,7792347986
7280,199601279,47694654,247295933,8,0,1,1024,14,4843132516
7281,199647259,47648697,247295956,9,0,1,20480,21,9049909592
7282,199681910,23783076,223464986,0,0,0,7680,13,9529014667
7283,199686220,47609759,247295979,2,0,1,2560,19,8165867772
7284,199712250,47583752,247296002,7,0,1,30720,20,7151831948
7285,199740860,23946895,223687755,4,0,0,80384,26,10281943212
7286,199775200,47530173,247305373,7,0,1,5120,20,293647824
7287,199853200,47507231,247360431,6,0,1,51200,11,4868795042
7288,199892900,23722673,223615573,9,0,0,512,21,1546505195
7289,199895650,47572824,247468474,7,0,1,49664,20,1760862939
7290,199906480,23665550,223572030,0,0,0,512,13,8830762091
7291,199954840,47513665,247468505,2,0,1,3584,19,7656614928
7292,200002160,23739319,223741479,9,0,0,4608,21,2506400043
7293,200007570,47460958,247468528,2,0,1,11776,19,4567084331
7294,200023420,47810286,247833706,2,0,1,5120,19,8176120239
7295,200037130,23809726,223846856,9,0,0,5120,21,3361708562
7296,200037950,23822016,223859966,9,0,0,1536,21,4467572338
7297,200071999,47791505,247863504,8,0,1,39424,14,10169899145
7298,200075240,47990579,248065819,2,0,1,23040,19,3140462676
7299,200090510,48083513,248174023,2,0,1,75264,19,3008766998
7300,200106030,23753437,223859467,4,0,0,36352,26,941451729
7301,200129340,23972790,224102130,5,0,0,254464,15,8260121886
7302,200184200,23961442,224145642,7,0,0,57344,20,6858140883
7303,200264470,24668020,224932490,4,0,0,594944,26,3794666299
7304,200301570,47876639,248178209,2,0,1,6656,19,2347072746
7305,200310099,47900358,248210457,8,0,1,20992,14,8871221967
7306,200393240,48013548,248406788,2,0,1,27648,19,7966538966
7307,200408320,48300837,248709157,4,0,1,41472,26,3282464519
7308,200417840,23930975,224348815,4,0,0,29696,26,9624561212
7309,200420419,48437979,248858398,8,0,1,33792,14,3300353702
7310,200453360,48458436,248911796,6,0,1,14336,11,2042112983
7311,200460920,23687853,224148773,5,0,0,1536,15,7447738141
7312,200460990,48451008,248911998,7,0,1,5632,20,6336125184
7313,200490280,48421741,248912021,6,0,1,6656,11,2946165757
7314,200490469,48538830,249029299,8,0,1,28672,14,8690989248
7315,200497060,48532597,249029657,2,0,1,4096,19,9107045301
7316,200501989,48711973,249213962,8,0,1,64512,14,7674403693
7317,200563480,23918355,224481835,9,0,0,23040,21,8282812912
7318,200565130,49042261,249607391,6,0,1,169472,11,8399176111
7319,200613810,23836525,224450335,9,0,0,86016,21,3707656414
7320,200618120,48989294,249607414,2,0,1,5120,19,2447285254
7321,200669810,49088806,249758616,2,0,1,2048,19,3693466530
7322,200809750,23469208,224278958,9,0,0,60928,21,6206233280
7323,200838580,23492962,224331542,5,0,0,72192,15,4919084663
7324,200843080,48947718,249790798,7,0,1,3584,20,1100531374
7325,200881880,48908949,249790829,2,0,1,49152,19,558088400
7326,200928700,24037072,224965772,4,0,0,109056,26,1339348568
7327,200980989,48812616,249793605,8,0,1,16896,14,6648490002
7328,201031520,23613184,224644704,4,0,0,161280,26,9149819071
7329,201035841,23660801,224696642,5,0,0,165888,15,2101103763
7330,201166631,23550399,224717030,5,0,0,26112,15,10066068145
7331,201265639,49527566,250793205,8,0,1,6144,14,7315118451
7332,201313009,50264828,251577837,8,0,1,86016,14,8275942660
7333,201330409,50247451,251577860,8,0,1,52736,14,7031493974
7334,201348700,50368583,251717283,2,0,1,19968,19,4245190194
7335,201450910,50515403,251966313,6,0,1,125952,11,4159691238
7336,201526101,23225023,224751124,5,0,0,90624,15,5307642541
7337,201548170,50418166,251966336,2,0,1,7168,19,1005751289
7338,201559250,23139466,224698716,9,0,0,6656,21,2515001211
7339,201572160,23422050,224994210,9,0,0,93184,21,9877873559
7340,201583800,50445496,252029296,6,0,1,64512,11,3500776359
7341,201600619,50428700,252029319,8,0,1,7680,14,2645656416
7342,201604079,50425263,252029342,8,0,1,12288,14,4505376795
7343,201629390,50581855,252211245,5,0,1,25600,15,1898977881
7344,201655170,50581572,252236742,6,0,1,53248,11,1349315021
7345,201694320,51574107,253268427,6,0,1,308224,11,9125370390
7346,201747760,51520698,253268458,7,0,1,14848,20,3301863424
7347,201781400,51509359,253290759,5,0,1,21504,15,6438160713
7348,201826140,52076426,253902566,6,0,1,833024,11,6811037025
7349,201827400,52114256,253941656,6,0,1,102400,11,10371803513
7350,201871730,52080387,253952117,2,0,1,9728,19,2194626961
7351,201891780,52155335,254047115,6,0,1,239104,11,8513478913
7352,201949530,23089189,225038719,9,0,0,39936,21,10337097631
7353,201949560,52175376,254124936,6,0,1,112640,11,6753260354
7354,201957860,23259227,225217087,4,0,0,85504,26,2762038022
7355,201965460,52162621,254128081,2,0,1,12288,19,3478401656
7356,201979381,23489997,225469378,5,0,0,104448,15,8837654125
7357,201992130,52141987,254134117,7,0,1,12288,20,4548284489
7358,202017210,52215800,254233010,6,0,1,150528,11,5166099712
7359,202034850,52220358,254255208,7,0,1,39936,20,391409653
7360,202036070,23963018,225999088,9,0,0,139776,21,4535585280
7361,202038250,52259917,254298167,6,0,1,52224,11,10030404549
7362,202038390,52263003,254301393,5,0,1,5120,15,7469803389
7363,202078880,52268083,254346963,7,0,1,2048,20,7312975802
7364,202094779,52367511,254462290,9,0,1,54784,21,3866709990
7365,202109519,52352794,254462313,8,0,1,14848,14,4216109558
7366,202130310,52919709,255050019,6,0,1,193024,11,1532150608
7367,202132409,52917633,255050042,8,0,1,10240,14,4139288769
7368,202182340,52867725,255050065,7,0,1,9728,20,7936632592
7369,202184411,23649486,225833897,5,0,0,354304,15,3740917602
7370,202201721,23754756,225956477,5,0,0,45056,15,9452458827
7371,202218140,52831948,255050088,5,0,1,10752,15,2702614542
7372,202265031,23887676,226152707,5,0,0,153600,15,4368472216
7373,202267070,52783041,255050111,2,0,1,22016,19,8323189400
7374,202279690,53067415,255347105,6,0,1,306176,11,3562317284
7375,202293709,53053419,255347128,8,0,1,7680,14,5599156037
7376,202355519,52991632,255347151,8,0,1,20992,14,10174928968
7377,202389819,52957355,255347174,8,0,1,6144,14,4190235775
7378,202402240,23459292,225861532,4,0,0,90624,26,3652676105
7379,202435380,23751173,226186553,9,0,0,108032,21,8192966728
7380,202446131,24202823,226648954,5,0,0,111104,15,10680329139
7381,202461980,53461952,255923932,6,0,1,380416,11,2412180155
7382,202487520,23208359,225695879,9,0,0,6656,21,7298825454
7383,202495200,53450069,255945269,6,0,1,26112,11,5255208671
7384,202500240,53448421,255948661,7,0,1,12800,20,5538304791
7385,202533170,23998031,226531201,9,0,0,168448,21,1868227219
7386,202561150,53459591,256020741,6,0,1,95744,11,8116248511
7387,202606210,53458621,256064831,2,0,1,7680,19,7480525608
7388,202717400,24241906,226959306,4,0,0,448000,26,4241467176
7389,202745780,23818297,226564077,9,0,0,3584,21,2227181658
7390,202835310,53431275,256266585,7,0,1,59392,20,4339210130
7391,202837500,23584229,226421729,9,0,0,169984,21,8599806271
7392,202870530,23416212,226286742,9,0,0,96256,21,2053950249
7393,202872610,23032021,225904631,5,0,0,35840,15,2386299066
7394,202890000,53449997,256339997,6,0,1,24064,11,7296962024
7395,202892740,23699336,226592076,4,0,0,35328,26,9266032223
7396,202942740,53889680,256832420,2,0,1,8704,19,2802488608
7397,202954920,23524888,226479808,4,0,0,190464,26,1477305530
7398,202978429,53854014,256832443,8,0,1,13312,14,4788130668
7399,202984740,54111664,257096404,7,0,1,38912,20,6731531677
7400,203001530,54094897,257096427,2,0,1,41984,19,5566641746
7401,203018500,23287773,226306273,9,0,0,3584,21,7758477338
7402,203032790,54063660,257096450,2,0,1,8192,19,91190057
7403,203046270,54298746,257345016,6,0,1,71680,11,463753277
7404,203077609,54267430,257345039,8,0,1,30720,14,6503875888
7405,203143570,23922476,227066046,4,0,0,70144,26,1402477276
7406,203156141,54188921,257345062,1,0,1,19968,23,7904308327
7407,203218550,54218442,257436992,6,0,1,70656,11,2745204874
7408,203251861,54185162,257437023,1,0,1,22016,23,5499396108
7409,203294630,23937950,227232580,4,0,0,88576,26,1401253576
7410,203325529,54127616,257453145,8,0,1,11776,14,5039552314
7411,203340870,23222045,226562915,4,0,0,103936,26,8042866091
7412,203353919,54223916,257577835,8,0,1,22016,14,260168526
7413,203362060,54215806,257577866,2,0,1,19968,19,933311898
7414,203362731,54215166,257577897,1,0,1,38400,23,2462240075
7415,203364960,54747371,258112331,6,0,1,445440,11,3185024504
7416,203487230,54655753,258142983,6,0,1,52736,11,2634717745
7417,203524639,54640505,258165144,8,0,1,40448,14,5966538321
7418,203584611,54635837,258220448,1,0,1,27136,23,7986207847
7419,203587120,23618426,227205546,4,0,0,151040,26,6728873242
7420,203603440,54722198,258325638,6,0,1,84480,11,2219252891
7421,203613571,54712090,258325661,1,0,1,11776,23,9588048306
7422,203620991,54704693,258325684,1,0,1,20992,23,8795672140
7423,203646760,23326577,226973337,4,0,0,45568,26,8428810699
7424,203658941,54720495,258379436,1,0,1,164352,23,1589217434
7425,203760529,54635830,258396359,8,0,1,38400,14,8013390493
7426,203855840,23922332,227778172,4,0,0,235520,26,9183781497
7427,203925840,54483005,258408845,2,0,1,7168,19,9628128511
7428,204001860,23581080,227582940,4,0,0,219648,26,7112450217
7429,204014390,55114955,259129345,6,0,1,542208,11,10066932035
7430,204052380,23653986,227706366,2,0,0,295936,19,7409475881
7431,204084311,24062088,228146399,5,0,0,95744,15,1351732912
7432,204097920,23998073,228095993,4,0,0,622080,26,6522079217
7433,204124870,55282577,259407447,2,0,1,73216,19,1754360042
7434,204170280,55604448,259774728,6,0,1,313344,11,1030907334
7435,204187681,24187337,228375018,5,0,0,188416,15,9861690788
7436,204187780,24119292,228307072,2,0,0,61440,19,8100957765
7437,204205830,24352666,228558496,5,0,0,278016,15,5882691821
7438,204209690,55565061,259774751,7,0,1,4608,20,8399440161
7439,204212330,55562444,259774774,6,0,1,26624,11,1051242076
7440,204218680,55592043,259810723,2,0,1,25600,19,1973421233
7441,204225430,23249078,227474508,4,0,0,14336,26,2464872927
7442,204243261,24347238,228590499,5,0,0,104960,15,4331031459
7443,204260240,24162092,228422332,2,0,0,112128,19,5238242079
7444,204292320,55713663,260005983,6,0,1,148992,11,2093884587
7445,204322849,56610570,260933419,8,0,1,384000,14,4048634268
7446,204383049,56943913,261326962,8,0,1,237056,14,10705948654
7447,204396559,56930426,261326985,8,0,1,34304,14,2230210940
7448,204495049,56908266,261403315,8,0,1,123904,14,10084648782
7449,204500670,56931083,261431753,2,0,1,24576,19,81732151
7450,204534221,56917710,261451931,1,0,1,35840,23,6315973673
7451,204539601,56912353,261451954,1,0,1,13824,23,6557300320
7452,204546761,56905216,261451977,1,0,1,6656,23,5148653816
7453,204586249,56865759,261452008,8,0,1,57344,14,3654954590
7454,204597800,56854231,261452031,2,0,1,3072,19,5350369057
7455,204625070,24285282,228910352,2,0,0,41984,19,10067638944
7456,204626100,56825954,261452054,7,0,1,512,20,2253353912
7457,204651090,23737055,228388145,9,0,0,43008,21,8853589554
7458,204657589,56957648,261615237,8,0,1,308736,14,3148196649
7459,204660171,23628158,228288329,5,0,0,99328,15,7724553869
7460,204690431,56924960,261615391,1,0,1,8704,23,5404379716
7461,204694409,57696397,262390806,8,0,1,419328,14,9228374772
7462,204720001,57670828,262390829,1,0,1,10752,23,7639856027
7463,204726360,23444265,228170625,2,0,0,79360,19,4077194708
7464,204734480,57661387,262395867,2,0,1,3072,19,2514107309
7465,204743700,24153829,228897529,4,0,0,238592,26,2411219821
7466,204785270,57668536,262453806,6,0,1,110080,11,2622613515
7467,204804310,23955729,228760039,2,0,0,379904,19,2822112645
7468,204807290,57652648,262459938,3,0,1,9728,20,9483226103
7469,204838370,57627865,262466235,3,0,1,1024,20,8587828328
7470,204876260,57591563,262467823,2,0,1,15872,19,1906944255
7471,204896290,57582791,262479081,3,0,1,5632,20,873757510
7472,204943840,24202109,229145949,9,0,0,285184,21,1340748901
7473,204952761,23982129,228934890,5,0,0,19456,15,10022934302
7474,204971139,57510528,262481667,8,0,1,16384,14,10157252895
7475,204997640,23937928,228935568,9,0,0,2048,21,2459590482
7476,205020540,57462433,262482973,2,0,1,2048,19,6549579080
7477,205046120,23778682,228824802,2,0,0,212480,19,1890632490
7478,205068720,24174041,229242761,4,0,0,317440,26,6807175894
7479,205090420,57394819,262485239,3,0,1,3584,20,9906321757
7480,205116440,23357302,228473742,9,0,0,44032,21,4373595640
7481,205116560,57386552,262503112,2,0,1,25088,19,3124427539
7482,205151549,57553410,262704959,8,0,1,261632,14,8220312453
7483,205172801,57774462,262947263,1,0,1,84480,23,9318694936
7484,205179451,57767835,262947286,1,0,1,1024,23,7919884350
7485,205184200,57763117,262947317,7,0,1,7168,20,2211047691
7486,205185221,57867393,263052614,1,0,1,16896,23,3234589056
7487,205227529,58032310,263259839,8,0,1,68096,14,9225398219
7488,205244459,58015403,263259862,8,0,1,57856,14,3021011733
7489,205266510,57993375,263259885,2,0,1,8192,19,2385379599
7490,205268380,24030087,229298467,9,0,0,163840,21,6578417779
7491,205276070,57983846,263259916,5,0,1,7680,15,598702971
7492,205300251,23628688,228928939,5,0,0,60928,15,9072188308
7493,205309281,57984237,263293518,1,0,1,49664,23,3616773255
7494,205341590,57951951,263293541,7,0,1,11776,20,2038846755
7495,205346529,58007602,263354131,8,0,1,53760,14,4265728477
7496,205354399,58261868,263616267,8,0,1,316928,14,4311625626
7497,205361020,58288365,263649385,2,0,1,57344,19,1947277766
7498,205363210,58286198,263649408,2,0,1,4608,19,5308393804
7499,205379290,23679744,229059034,2,0,0,134144,19,5844117814
7500,205393230,58256209,263649439,2,0,1,10752,19,4617302762
7501,205464410,24063502,229527912,4,0,0,259584,26,623866941
7502,205488831,58211145,263699976,1,0,1,53248,23,10429619407
7503,205493271,58226172,263719443,1,0,1,20992,23,5774085445
7504,205521370,58204178,263725548,2,0,1,1536,19,818676065
7505,205530169,58304114,263834283,8,0,1,121856,14,9882752489
7506,205535059,58463975,263999034,8,0,1,136704,14,9693797454
7507,205552170,58557160,264109330,5,0,1,36864,15,1900054657
7508,205587690,23857111,229444801,4,0,0,48128,26,5764670568
7509,205588170,58521183,264109353,7,0,1,53760,20,5404859439
7510,205613390,24170333,229783723,4,0,0,386048,26,4403672648
7511,205623990,58553095,264177085,2,0,1,9728,19,5050835920
7512,205671171,24248196,229919367,5,0,0,358912,15,6167017184
7513,205701170,58475938,264177108,2,0,1,1536,19,10161908754
7514,205708560,24532734,230241294,2,0,0,258048,19,7144429526
7515,205719369,58465327,264184696,8,0,1,54272,14,9868136354
7516,205753960,58518604,264272564,5,0,1,63488,15,10119995497
7517,205765521,24324289,230089810,5,0,0,361472,15,516268989
7518,205792020,58481312,264273332,3,0,1,11776,20,10142170640
7519,205808460,58541705,264350165,5,0,1,9216,15,4483721783
7520,205829151,58521037,264350188,1,0,1,17408,23,5471173017
7521,205844170,58530244,264374414,5,0,1,24064,15,3996196971
7522,205875471,58498966,264374437,1,0,1,6144,23,10472475914
7523,205897801,58476659,264374460,1,0,1,10752,23,1094357412
7524,205901520,58472963,264374483,2,0,1,10752,19,10009721537
7525,205916820,23868954,229785774,4,0,0,6656,26,8449848184
7526,205918861,58455645,264374506,1,0,1,1024,23,9221237095
7527,205937020,58437509,264374529,3,0,1,26112,20,514305314
7528,205940690,24319268,230259958,9,0,0,57344,21,2417805022
7529,205982060,58439023,264421083,7,0,1,12288,20,7997389938
7530,205996410,23974045,229970455,4,0,0,1536,26,7224542413
7531,206044930,58381290,264426220,3,0,1,13824,20,7518522880
7532,206120990,59744393,265865383,1,0,1,6656,23,10601832315
7533,206127720,59737686,265865406,7,0,1,1536,20,2914371847
7534,206159970,59705459,265865429,3,0,1,10240,20,9596252900
7535,206169541,59695911,265865452,1,0,1,16896,23,2148746021
7536,206358400,59507075,265865475,5,0,1,3072,15,6080266356
7537,206372780,59544689,265917469,7,0,1,16896,20,8289709458
7538,206398670,59521029,265919699,5,0,1,11264,15,9432504403
7539,206424280,59495442,265919722,3,0,1,4608,20,2544861755
7540,206444220,23906489,230350709,1,0,0,30208,23,4401338442
7541,206493040,59426705,265919745,5,0,1,7168,15,10570993419
7542,206512350,23730067,230242417,4,0,0,3584,26,7113982988
7543,206533080,59386688,265919768,5,0,1,5120,15,1110872116
7544,206596750,23493308,230090058,4,0,0,512,26,7423768447
7545,206597330,59322461,265919791,7,0,1,11776,20,7303329500
7546,206642500,59277314,265919814,7,0,1,6144,20,2058109667
7547,206704560,24079157,230783717,2,0,0,343040,19,9753304190
7548,206706731,59224384,265931115,1,0,1,13312,23,266166133
7549,206760910,59170228,265931138,3,0,1,2048,20,9858686596
7550,206785770,59239482,266025252,3,0,1,63488,20,4387047830
7551,206857180,59168119,266025299,7,0,1,8192,20,6235105723
7552,206877760,23644316,230522076,4,0,0,6656,26,1661848281
7553,206922921,23867527,230790448,5,0,0,22016,15,6807013468
7554,206942060,23607997,230550057,9,0,0,45056,21,2343222187
7555,206982181,59043173,266025354,1,0,1,4608,23,7895214701
7556,206991951,59033426,266025377,1,0,1,23040,23,4844113133
7557,207093410,58971825,266065235,3,0,1,82432,20,6092085783
7558,207094510,59007836,266102346,7,0,1,36352,20,5068029549
7559,207102590,59437230,266539820,1,0,1,3584,23,3439046622
7560,207118690,23285449,230404139,4,0,0,512,26,4700166876
7561,207176320,59521009,266697329,3,0,1,36352,20,10018572009
7562,207190080,23931454,231121534,9,0,0,227840,21,3762490857
7563,207202960,23421938,230624898,9,0,0,104960,21,8349920408
7564,207216610,59547306,266763916,5,0,1,8704,15,2659567951
7565,207216741,59557969,266774710,1,0,1,27136,23,2459456031
7566,207229421,23666176,230895597,5,0,0,148480,15,586706689
7567,207242050,59533019,266775069,5,0,1,9728,15,4302803733
7568,207265940,23287260,230553200,4,0,0,10240,26,3281401072
7569,207270671,59766419,267037090,1,0,1,1536,23,6222175340
7570,207313901,24120006,231433907,5,0,0,245248,15,5843803821
7571,207341960,59695153,267037113,5,0,1,5120,15,2492650993
7572,207348070,59689066,267037136,3,0,1,18944,20,1869646993
7573,207363250,23796712,231159962,5,0,0,19456,15,4817611899
7574,207399300,23754711,231154011,2,0,0,49152,19,9596062638
7575,207403350,23522097,230925447,4,0,0,3072,26,5376506225
7576,207416210,23508270,230924480,2,0,0,94720,19,9632638767
7577,207431270,59776179,267207449,1,0,1,15872,23,5658619210
7578,207458940,24265100,231724040,2,0,0,124928,19,1777648033
7579,207489170,23468838,230958008,4,0,0,4096,26,6863413794
7580,207538210,24476882,232015092,2,0,0,110080,19,7808621833
7581,207551430,24066455,231617885,5,0,0,459776,15,4067818781
7582,207574130,59674393,267248523,3,0,1,1024,20,7084094560
7583,207647460,59601086,267248546,3,0,1,5632,20,4892213669
7584,207670709,59827698,267498407,8,0,1,70144,14,5362797824
7585,207686740,23643108,231329848,5,0,0,21504,15,1320388311
7586,207719680,59779393,267499073,5,0,1,11264,15,8414306265
7587,207784740,23854453,231639193,2,0,0,69632,19,96673830
7588,207789410,24140235,231929645,5,0,0,350720,15,8954694211
7589,207805740,60002718,267808458,5,0,1,18944,15,221308190
7590,207813300,59995181,267808481,5,0,1,14336,15,1145119458
7591,207834910,24367756,232202666,5,0,0,189952,15,1516882256
7592,207859389,61286912,269146301,8,0,1,259072,14,1778285927
7593,207891940,24700516,232592456,2,0,0,521728,19,7111407743
7594,207914860,23750845,231665705,4,0,0,5120,26,3811523862
7595,207929569,61511810,269441379,8,0,1,148992,14,4409291068
7596,207936560,24411125,232347685,5,0,0,129024,15,5417511977
7597,207978919,61637415,269616334,8,0,1,35328,14,3453299502
7598,208022749,62085907,270108656,8,0,1,342016,14,5226142733
7599,208033859,62184524,270218383,8,0,1,131072,14,4083531082
7600,208047609,62331261,270378870,8,0,1,145920,14,10678322925
7601,208112590,62417014,270529604,5,0,1,8192,15,3574644054
7602,208138410,23793465,231931875,4,0,0,7168,26,3269680064
7603,208234760,63365345,271600105,6,0,1,336896,11,3122524864
7604,208240380,23784733,232025113,9,0,0,14848,21,8659772983
7605,208249980,23731549,231981529,5,0,0,154112,15,4915116546
7606,208278329,63321799,271600128,8,0,1,6144,14,8046006676
7607,208294700,63305451,271600151,5,0,1,11776,15,1753552531
7608,208299330,23845414,232144744,9,0,0,139264,21,515711118
7609,208311800,23720531,232032331,4,0,0,2560,26,6631032714
7610,208315450,63284724,271600174,3,0,1,11776,20,8163359109
7611,208323450,24610595,232934045,2,0,0,424960,19,178986965
7612,208373470,63226735,271600205,5,0,1,1536,15,5430985705
7613,208436970,24217393,232654363,5,0,0,123392,15,3422709440
7614,208463370,63489801,271953171,6,0,1,123904,11,5610578389
7615,208471790,63544935,272016725,6,0,1,48128,11,3174040292
7616,208521470,24446450,232967920,9,0,0,111104,21,9453528013
7617,208584710,63454373,272039083,6,0,1,45056,11,8657749255
7618,208587990,64081146,272669136,6,0,1,523264,11,10300847134
7619,208615210,24001518,232616728,5,0,0,79360,15,3255855377
7620,208634180,23629877,232264057,9,0,0,15872,21,1578544514
7621,208657450,23595086,232252536,4,0,0,1536,26,77582076
7622,208699490,24086777,232786267,5,0,0,157184,15,1971200172
7623,208712100,23492001,232204101,2,0,0,4608,19,5854642566
7624,208735820,24068722,232804542,2,0,0,59904,19,5299490702
7625,208739399,64048822,272788221,8,0,1,202240,14,9021060519
7626,208751980,64036264,272788244,5,0,1,38400,15,3326437556
7627,208778870,64009397,272788267,5,0,1,3072,15,1340541192
7628,208780520,23957832,232738352,2,0,0,75776,19,171927684
7629,208797220,23503558,232300778,4,0,0,1024,26,5119292752
7630,208814919,64072187,272887106,8,0,1,221696,14,2863616625
7631,208825129,64062000,272887129,8,0,1,4096,14,4795895472
7632,208879220,24161379,233040599,4,0,0,7168,26,9534483450
7633,208949800,24088561,233038361,9,0,0,230912,21,3407897240
7634,208959990,63927162,272887152,5,0,1,11776,15,3642719470
7635,208975860,24691148,233667008,2,0,0,451072,19,3744860583
7636,209005790,63881385,272887175,5,0,1,40448,15,6785070714
7637,209139570,24144214,233283784,5,0,0,279040,15,7602381550
7638,209141460,23926375,233067835,2,0,0,89088,19,1063314583
7639,209157390,24170588,233327978,9,0,0,142848,21,1368593217
7640,209179569,63740975,272920544,8,0,1,36864,14,4014432739
7641,209244400,23924333,233168733,8,0,0,1536,14,9585782870
7642,209343510,23986565,233330075,4,0,0,3072,26,1166861698
7643,209381929,63746268,273128197,8,0,1,367104,14,529526618
7644,209445900,23624174,233070074,8,0,0,5632,14,110582225
7645,209483919,64184433,273668352,8,0,1,656896,14,8328294720
7646,209527780,23802474,233330254,8,0,0,512,14,6083690881
7647,209636870,24173204,233810074,5,0,0,334336,15,3441472619
7648,209642570,24261170,233903740,9,0,0,91136,21,6599577298
7649,209650860,24038213,233689073,5,0,0,33792,15,7591452154
7650,209653630,23869631,233523261,8,0,0,22528,14,10444329567
7651,209674150,24646422,234320572,9,0,0,35328,21,6488360634
7652,209755080,63913295,273668375,4,0,1,15872,26,6529197397
7653,209765920,63902478,273668398,4,0,1,11776,26,5872163204
7654,209781880,23547236,233329116,8,0,0,3584,14,1603614293
7655,209831750,23599837,233431587,9,0,0,77824,21,9255788201
7656,209899490,63834340,273733830,4,0,1,3584,26,9980920432
7657,209932480,23736735,233669215,4,0,0,7168,26,584287887
7658,210041100,23150792,233191892,8,0,0,1024,14,3046370260
7659,210047110,23447279,233494389,8,0,0,7680,14,8450561094
7660,210068750,23215681,233284431,8,0,0,2048,14,8538449108
7661,210109260,23961723,234070983,7,0,0,62464,20,9169865096
7662,210172680,63561173,273733853,4,0,1,5120,26,10193067740
7663,210177070,24060276,234237346,9,0,0,474112,21,1044511633
7664,210218660,23819667,234038327,8,0,0,2560,14,9316462527
7665,210233450,23791212,234024662,9,0,0,83968,21,3790130655
7666,210272090,23406664,233678754,2,0,0,31232,19,3626396479
7667,210306450,23995986,234302436,7,0,0,108032,20,4818277240
7668,210315810,63418066,273733876,4,0,1,1024,26,4125968166
7669,210376240,24172531,234548771,7,0,0,89600,20,5413454142
7670,210409660,24425035,234834695,7,0,0,541696,20,7402628273
7671,210430330,63303569,273733899,4,0,1,41984,26,1399040127
7672,210484160,24555064,235039224,5,0,0,662528,15,3418413397
7673,210526830,63207092,273733922,4,0,1,1024,26,7372419607
7674,210565660,63168285,273733945,4,0,1,20992,26,8166739693
7675,210579290,23456037,234035327,7,0,0,17920,20,6816374235
7676,210634540,63099428,273733968,3,0,1,11776,20,250178004
7677,210638780,23818011,234456791,2,0,0,163840,19,9432520229
7678,210761030,23478991,234240021,7,0,0,8704,20,7888013876
7679,210767020,24297702,235064722,7,0,0,82944,20,9460994231
7680,210839130,23735167,234574297,8,0,0,2560,14,10319141836
7681,210864470,62869521,273733991,7,0,1,16384,20,8502740052
7682,210886600,62847414,273734014,4,0,1,19456,26,2558277753
7683,210897300,62843602,273740902,3,0,1,28160,20,7679267121
7684,210935070,62811541,273746611,3,0,1,14336,20,5631815864
7685,210948800,23720801,234669601,5,0,0,148992,15,9120913043
7686,210965320,62845407,273810727,3,0,1,22528,20,5234350940
7687,211020020,23539249,234559269,5,0,0,34304,15,2680457063
7688,211021660,62789090,273810750,7,0,1,9216,20,9323389103
7689,211035180,23802088,234837268,8,0,0,1024,14,8353040063
7690,211042790,62767983,273810773,3,0,1,31232,20,4467199976
7691,211079130,62731666,273810796,4,0,1,7168,26,8872558750
7692,211084000,62726819,273810819,4,0,1,11776,26,2710309400
7693,211089030,62767559,273856589,7,0,1,97792,20,2865263230
7694,211091990,62802929,273894919,3,0,1,44544,20,2288901531
7695,211156651,62790957,273947608,1,0,1,52224,23,575626196
7696,211161770,63282918,274444688,4,0,1,94208,26,5441399728
7697,211163260,23673650,234836910,4,0,0,7168,26,5722110010
7698,211206241,63307279,274513520,1,0,1,32768,23,6166062394
7699,211217530,23862150,235079680,5,0,0,14336,15,9685052681
7700,211227290,63312441,274539731,3,0,1,7680,20,8595368407
7701,211227590,23970788,235198378,2,0,0,95232,19,6997902561
7702,211242920,23925703,235168623,2,0,0,291840,19,10595975804
7703,211286800,63445482,274732282,7,0,1,41984,20,9730510780
7704,211314861,63554146,274869007,1,0,1,12800,23,9106647695
7705,211317400,63553096,274870496,5,0,1,48640,15,3589994386
7706,211320540,23754726,235075266,9,0,0,34304,21,9488819991
7707,211320910,23848360,235169270,4,0,0,2048,26,4540131804
7708,211333550,23705853,235039403,4,0,0,512,26,2769559956
7709,211346820,23852742,235199562,4,0,0,1024,26,1247830549
7710,211349340,23849864,235199204,8,0,0,2560,14,4926552572
7711,211362530,63508948,274871478,4,0,1,20480,26,4117094401
7712,211364370,63507131,274871501,5,0,1,2048,15,2264567614
7713,211381830,23871112,235252942,9,0,0,169472,21,7536787706
7714,211413850,23839607,235253457,4,0,0,1536,26,7510334235
7715,211418530,63453932,274872462,4,0,1,12288,26,4348662794
7716,211423850,63450878,274874728,7,0,1,3584,20,5211937032
7717,211462890,23738231,235201121,4,0,0,4608,26,8208399303
7718,211479560,23793715,235273275,7,0,0,64512,20,9430144393
7719,211480230,63394857,274875087,4,0,1,9728,26,4408026893
7720,211515600,63369730,274885330,4,0,1,7168,26,2101238045
7721,211558020,63350785,274908805,7,0,1,2048,20,8656458746
7722,211558310,23884749,235443059,9,0,0,3072,21,2549183452
7723,211573910,23840163,235414073,9,0,0,85504,21,4345360513
7724,211592960,23983855,235576815,2,0,0,157696,19,299240254
7725,211598990,63315666,274914656,3,0,1,25600,20,9141584236
7726,211616520,23883347,235499867,9,0,0,42496,21,5617711852
7727,211622570,63309977,274932547,7,0,1,46080,20,2782193633
7728,211645710,24704464,236350174,7,0,0,336384,20,8608473216
7729,211668780,24474617,236143397,5,0,0,113152,15,2966122792
7730,211672490,63276248,274948738,3,0,1,7168,20,6044398131
7731,211695020,63282745,274977765,3,0,1,15872,20,8988086090
7732,211728770,63250884,274979654,5,0,1,14848,15,3814755368
7733,211741500,63242980,274984480,3,0,1,7680,20,8068690736
7734,211774950,23596152,235371102,8,0,0,3072,14,10456040909
7735,211775920,24262337,236038257,7,0,0,165888,20,5972103024
7736,211783850,63202256,274986106,7,0,1,2560,20,9681524062
7737,211784840,63338720,275123560,3,0,1,44544,20,2025827937
7738,211794320,23717823,235512143,4,0,0,7168,26,5105776651
7739,211797640,63325943,275123583,7,0,1,2048,20,8126267853
7740,211828150,63295456,275123606,3,0,1,7168,20,2599436464
7741,211829151,63294478,275123629,1,0,1,7680,23,1143450576
7742,211844120,23779245,235623365,4,0,0,3072,26,8602856444
7743,211871860,24495965,236367825,9,0,0,57856,21,1160203694
7744,211888050,23616147,235504197,4,0,0,512,26,3413900381
7745,211936410,24722182,236658592,9,0,0,329728,21,8730174901
7746,211938010,23865195,235803205,2,0,0,247296,19,7555610392
7747,211958360,24599654,236558014,5,0,0,61952,15,6095472324
7748,211976380,24503420,236479800,7,0,0,21504,20,6831556720
7749,211988950,63134702,275123652,5,0,1,1024,15,5400082369
7750,212016400,63176718,275193118,5,0,1,10752,15,4167023217
7751,212033120,63160021,275193141,7,0,1,23552,20,9658697890
7752,212066530,23737946,235804476,8,0,0,4096,14,8420230196
7753,212080230,24349434,236429664,9,0,0,136192,21,5693899543
7754,212084650,63108514,275193164,3,0,1,18944,20,9369459746
7755,212100240,23823069,235923309,2,0,0,11264,19,290387060
7756,212102430,63090757,275193187,3,0,1,512,20,3575008558
7757,212115020,23462153,235577173,8,0,0,1024,14,7371937869
7758,212118340,24119460,236237800,9,0,0,309760,21,4042530919
7759,212135920,63057290,275193210,7,0,1,4096,20,3586877173
7760,212151230,63940838,276092068,7,0,1,30720,20,5277822513
7761,212154400,24608291,236762691,7,0,0,70144,20,8986828978
7762,212182860,24247139,236429999,4,0,0,1024,26,4901092275
7763,212185090,64069318,276254408,3,0,1,10240,20,9543108150
7764,212185920,64167446,276353366,5,0,1,19968,15,10201539336
7765,212189530,24327569,236517099,7,0,0,81408,20,2288126254
7766,212229090,64462651,276691741,7,0,1,26624,20,7811600302
7767,212233190,24014461,236247651,5,0,0,32256,15,4970620331
7768,212257330,64434434,276691764,3,0,1,6656,20,10694739936
7769,212281320,24379167,236660487,8,0,0,6144,14,2601718170
7770,212297290,65357886,277655176,5,0,1,68608,15,3442922612
7771,212302270,24604604,236906874,5,0,0,130048,15,8881628045
7772,212305421,65349778,277655199,1,0,1,3072,23,2259597086
7773,212349100,24518127,236867227,2,0,0,246784,19,9862329925
7774,212385751,65269471,277655222,1,0,1,1536,23,4223784761
7775,212395890,24385598,236781488,7,0,0,55296,20,5119587300
7776,212420340,65234913,277655253,3,0,1,27136,20,9780266124
7777,212421020,65261743,277682763,5,0,1,19456,15,2727195776
7778,212426280,65263828,277690108,5,0,1,22016,15,3071135433
7779,212441970,24716859,237158829,5,0,0,537600,15,2951654297
7780,212460690,65254526,277715216,5,0,1,5632,15,2673317033
7781,212522370,24740085,237262455,9,0,0,322048,21,10061700961
7782,212547560,24881218,237428778,5,0,0,77312,15,1501402152
7783,212564090,24353750,236917840,9,0,0,35840,21,8968616482
7784,212574320,65141664,277715984,7,0,1,11776,20,79321563
7785,212651300,24510695,237161995,8,0,0,512,14,4673176558
7786,212696290,65054094,277750384,4,0,1,8704,26,2157682703
7787,212704700,24059909,236764609,8,0,0,6144,14,10590195280
7788,212708690,24453126,237161816,8,0,0,9728,14,3136371522
7789,212717160,24615789,237332949,4,0,0,4096,26,5868538564
7790,212750600,65002370,277752970,2,0,1,4096,19,6330743544
7791,212768449,65912451,278680900,8,0,1,172544,14,1624507416
7792,212786190,65964644,278750834,7,0,1,14848,20,1228564234
7793,212786790,65991413,278778203,0,0,1,26624,13,2918728388
7794,212799310,65997659,278796969,2,0,1,8192,19,1050018297
7795,212807240,65989752,278796992,4,0,1,8704,26,6370132348
7796,212812480,24806254,237618734,7,0,0,299008,20,1405374199
7797,212842560,65954463,278797023,2,0,1,31232,19,8935259350
7798,212914550,24382678,237297228,8,0,0,1024,14,1680986208
7799,212917181,65879865,278797046,1,0,1,3584,23,3710858597
7800,212918530,65919278,278837808,7,0,1,4096,20,2202279830
7801,212941970,65895861,278837831,7,0,1,6656,20,3106478051
7802,213000330,65837524,278837854,5,0,1,7680,15,5994064514
7803,213011900,65904491,278916391,4,0,1,2560,26,6343299137
7804,213029169,65888828,278917997,8,0,1,70656,14,3534744551
7805,213048750,25076497,238125247,2,0,0,438272,19,1183220880
7806,213052959,65900746,278953705,8,0,1,68096,14,2724508686
7807,213065410,65888334,278953744,3,0,1,31744,20,3980508091
7808,213076340,24597889,237674229,5,0,0,181760,15,2623546181
7809,213082900,65870867,278953767,3,0,1,48640,20,5920681530
7810,213091010,65928113,279019123,2,0,1,84992,19,6039569234
7811,213107250,65911904,279019154,5,0,1,8704,15,3102616524
7812,213108681,65966573,279075254,1,0,1,27648,23,9717563083
7813,213118159,66395165,279513324,8,0,1,140288,14,3252767934
7814,213126430,66386917,279513347,7,0,1,22528,20,4582233987
7815,213127580,66385798,279513378,4,0,1,12288,26,866513418
7816,213156390,25017917,238174307,9,0,0,137216,21,271380484
7817,213182020,24532308,237714328,9,0,0,109056,21,3563760188
7818,213182719,67783980,280966699,8,0,1,391168,14,4135696327
7819,213194330,67772392,280966722,2,0,1,6144,19,7359772549
7820,213259140,24666571,237925711,2,0,0,108032,19,2100186016
7821,213281310,67685435,280966745,7,0,1,9728,20,7854948959
7822,213281400,24662239,237943639,8,0,0,512,14,1191481541
7823,213286610,67694377,280980987,5,0,1,1536,15,248104366
7824,213296009,67685001,280981010,8,0,1,5120,14,8969275358
7825,213306000,67706694,281012694,2,0,1,40448,19,6737128137
7826,213317120,24511908,237829028,8,0,0,3072,14,7313532384
7827,213372030,24436364,237808394,7,0,0,32256,20,2738981055
7828,213398051,67737654,281135705,1,0,1,1536,23,4785239623
7829,213402670,67733058,281135728,1,0,1,2560,23,9188598114
7830,213429580,67706171,281135751,7,0,1,1536,20,2323337696
7831,213443140,67692634,281135774,1,0,1,1536,23,1204758579
7832,213443791,67692006,281135797,1,0,1,16384,23,310393269
7833,213453720,67682100,281135820,7,0,1,5632,20,4704158649
7834,213493530,67642313,281135843,7,0,1,8704,20,624178238
7835,213500989,67917704,281418693,8,0,1,131584,14,4086952199
7836,213504559,68417425,281921984,8,0,1,225280,14,6524576215
7837,213511509,68490595,282002104,8,0,1,54272,14,7882490458
7838,213511680,24335940,237847620,8,0,0,2560,14,5040559476
7839,213514730,24865181,238379911,5,0,0,442880,15,5594223872
7840,213514989,68579207,282094196,8,0,1,50176,14,3141162168
7841,213534971,68573408,282108379,1,0,1,14336,23,6603458296
7842,213540841,68656016,282196857,1,0,1,17920,23,7469911590
7843,213549870,68839696,282389566,7,0,1,81408,20,10360244850
7844,213586080,68806567,282392647,7,0,1,14336,20,2350195619
7845,213586110,24828522,238414632,7,0,0,11776,20,1559149889
7846,213599330,69085781,282685111,2,0,1,52224,19,4592664666
7847,213634460,69050674,282685134,2,0,1,2048,19,6988821503
7848,213661879,69023278,282685157,8,0,1,20480,14,1720300450
7849,213693030,69372960,283065990,5,0,1,47104,15,5999865712
7850,213743880,24637504,238381384,4,0,0,4608,26,9065645269
7851,213753030,24657943,238410973,2,0,0,96256,19,4714151419
7852,213769040,24772476,238541516,2,0,0,148992,19,4281263655
7853,213778810,24395722,238174532,8,0,0,512,14,1716357728
7854,213801740,69358395,283160135,2,0,1,36352,19,10248707811
7855,213817910,24829880,238647790,9,0,0,195584,21,239556523
7856,213831530,69328644,283160174,5,0,1,8192,15,5667572165
7857,213836080,69324117,283160197,5,0,1,3584,15,5203293100
7858,213837900,24864314,238702214,2,0,0,50176,19,5605586194
7859,213854230,69305990,283160220,5,0,1,1536,15,3256581812
7860,213857759,69320603,283178362,8,0,1,27136,14,10672161810
7861,213867620,24854083,238721703,7,0,0,23040,20,8115690224
7862,213913510,69264875,283178385,5,0,1,512,15,1698787584
7863,213963530,24579101,238542631,8,0,0,3584,14,6203964699
7864,213972510,24920607,238893117,9,0,0,255488,21,8742418300
7865,213997500,24914966,238912466,4,0,0,2048,26,149285727
7866,214002140,69176268,283178408,5,0,1,1024,15,10665691805
7867,214007360,25291729,239299089,5,0,0,161792,15,7494229284
7868,214023870,69154561,283178431,5,0,1,2560,15,2110091707
7869,214043920,24659097,238703017,8,0,0,2560,14,4094039744
7870,214070980,24985063,239056043,4,0,0,1536,26,7376744123
7871,214095740,25090819,239186559,5,0,0,20992,15,7852909524
7872,214104130,69074324,283178454,5,0,1,3584,15,10632360633
7873,214129929,69226426,283356355,8,0,1,106496,14,963655255
7874,214168781,69259559,283428340,1,0,1,52224,23,5874688070
7875,214191160,24725409,238916569,7,0,0,13312,20,7887125058
7876,214197140,24981729,239178869,7,0,0,356864,20,9013703674
7877,214209699,70033382,284243081,8,0,1,206336,14,8596251923
7878,214226650,70172436,284399086,7,0,1,50688,20,9664247436
7879,214231860,24679959,238911819,5,0,0,60928,15,263991768
7880,214262470,24917670,239180140,8,0,0,4096,14,10486506344
7881,214272940,70126169,284399109,2,0,1,25600,19,5506726841
7882,214293370,24631191,238924561,8,0,0,512,14,676117242
7883,214351430,24650697,239002127,8,0,0,1024,14,7732371640
7884,214368360,25325302,239693662,7,0,0,312320,20,8135197136
7885,214370740,70028392,284399132,5,0,1,1024,15,6607664419
7886,214372830,24410951,238783781,8,0,0,5120,14,3931224961
7887,214402110,24518070,238920180,5,0,0,11776,15,5136611840
7888,214416410,69982745,284399155,0,0,1,23552,13,2659503644
7889,214418540,25600354,240018894,9,0,0,456192,21,3869676495
7890,214426970,25052289,239479259,9,0,0,128000,21,8208874347
7891,214437340,69961838,284399178,2,0,1,1024,19,3863316499
7892,214492240,25238784,239731024,9,0,0,108032,21,3291382420
7893,214493880,25673774,240167654,9,0,0,450560,21,3403487959
7894,214517140,24989910,239507050,9,0,0,91136,21,1457948707
7895,214586890,69812311,284399201,5,0,1,3072,15,10615556553
7896,214600790,69808613,284409403,6,0,1,77312,11,1228439194
7897,214613720,24945759,239559479,8,0,0,4608,14,5494798229
7898,214691540,69749657,284441197,7,0,1,22528,20,3734825740
7899,214706880,69742621,284449501,6,0,1,11776,11,1735254550
7900,214747640,25040924,239788564,2,0,0,61952,19,9417250967
7901,214760940,69693067,284454007,7,0,1,7168,20,8869053798
7902,214804680,24890097,239694777,8,0,0,3584,14,8061255722
7903,214844450,25002050,239846500,8,0,0,2048,14,1939398171
7904,214861540,69607217,284468757,5,0,1,5120,15,1652343672
7905,214880920,24817023,239697943,8,0,0,1024,14,2699600587
7906,214944630,25319053,240263683,5,0,0,234496,15,2524240535
7907,214946830,69522695,284469525,2,0,1,11776,19,1228916013
7908,215087490,69406563,284494053,2,0,1,36352,19,1974862308
7909,215118980,69401951,284520931,5,0,1,57344,15,1055828949
7910,215119610,24612373,239731983,8,0,0,3072,14,293102537
7911,215149950,24410771,239560721,4,0,0,1024,26,2521013182
7912,215165860,25121471,240287331,8,0,0,512,14,4346134515
7913,215177630,25265287,240442917,2,0,0,506880,19,10121214992
7914,215207280,24185206,239392486,4,0,0,4096,26,1187676248
7915,215208320,24489288,239697608,4,0,0,9216,26,5024797484
7916,215216380,69308417,284524797,7,0,1,6144,20,4574679818
7917,215238350,69296176,284534526,2,0,1,15872,19,4118816385
7918,215242850,69293059,284535909,2,0,1,14848,19,10288311997
7919,215265500,25238607,240504107,5,0,0,68096,15,5834916917
7920,215362190,69242859,284605049,7,0,1,25600,20,6537355440
7921,215384330,25098951,240483281,5,0,0,97280,15,5591836865
7922,215409780,24878674,240288454,8,0,0,3584,14,7673057554
7923,215439430,25168488,240607918,2,0,0,171008,19,8473007468
7924,215445320,69159752,284605072,2,0,1,8704,19,4234170687
7925,215466500,24987095,240453595,5,0,0,34816,15,1970121509
7926,215508350,24521978,240030328,5,0,0,37376,15,6797124291
7927,215539960,24747146,240287106,5,0,0,76800,15,5629186544
7928,215553260,69051835,284605095,2,0,1,5120,19,8005359742
7929,215591780,69013673,284605453,2,0,1,31744,19,8696549937
7930,215608910,69170342,284779252,6,0,1,93696,11,1714995091
7931,215623080,24926132,240549212,2,0,0,29696,19,2330129715
7932,215671080,69108195,284779275,2,0,1,71680,19,5004576102
7933,215678500,69804232,285482732,2,0,1,24064,19,2126684853
7934,215844620,24693393,240538013,9,0,0,111104,21,2335401543
7935,215912680,24747516,240660196,2,0,0,109568,19,1274737041
7936,215974400,69508355,285482755,2,0,1,2048,19,5153550530
7937,215989490,69493288,285482778,0,0,1,13312,13,9956365594
7938,216029430,69677813,285707243,0,0,1,39936,13,10525546702
7939,216054620,69826667,285881287,0,0,1,68096,13,3358603741
7940,216191640,24727540,240919180,8,0,0,3072,14,8075681249
7941,216292650,24247445,240540095,8,0,0,6656,14,1330141618
7942,216330570,69551690,285882260,0,0,1,12800,13,6618292064
7943,216334230,69567246,285901476,2,0,1,20992,19,8776081955
7944,216363210,24246938,240610148,8,0,0,7168,14,2222991347
7945,216371890,69676711,286048601,0,0,1,29696,13,10261835072
7946,216398350,24869739,241268089,2,0,0,526336,19,4695028533
7947,216424470,70570874,286995344,7,0,1,29696,20,986562000
7948,216479640,71323917,287803557,2,0,1,17920,19,9488870820
7949,216509900,71293680,287803580,2,0,1,1536,19,8137225907
7950,216552780,71298614,287851394,7,0,1,15872,20,8716662451
7951,216609860,71301645,287911505,2,0,1,11776,19,9636437708
7952,216662940,24306645,240969585,8,0,0,2560,14,6725706871
7953,216664750,71251261,287916011,2,0,1,7168,19,10268158285
7954,216758000,71158357,287916357,7,0,1,512,20,1374177698
7955,216797410,24487105,241284515,2,0,0,53760,19,8827635345
7956,216863060,71094770,287957830,2,0,1,7680,19,1529999408
7957,216919550,24139610,241059160,2,0,0,93696,19,5088980180
7958,216932130,71085280,288017410,0,0,1,2048,13,6136750042
7959,216943740,71078816,288022556,0,0,1,8192,13,4186593526
7960,216959730,24358683,241318413,2,0,0,72704,19,4381200218
7961,217012870,71146327,288159197,0,0,1,35328,13,6420452967
7962,217053090,24314156,241367246,5,0,0,26624,15,8631829835
7963,217079550,24915642,241995192,5,0,0,109056,15,10199416634
7964,217089310,24307055,241396365,5,0,0,20480,15,7781526439
7965,217090210,24633386,241723596,9,0,0,351744,21,9763092874
7966,217124070,23982502,241106572,9,0,0,17408,21,3159068031
7967,217153870,24773079,241926949,5,0,0,569856,15,4172956754
7968,217193260,24102978,241296238,2,0,0,38400,19,10724673911
7969,217200470,25164298,242364768,5,0,0,247296,15,1172905414
7970,217228510,24255201,241483711,5,0,0,15360,15,10301865240
7971,217241510,24845857,242087367,2,0,0,71680,19,590549708
7972,217248720,70910500,288159220,7,0,1,8704,20,3692648036
7973,217269040,71610767,288879807,0,0,1,104448,13,7960816948
7974,217279970,25009404,242289374,2,0,0,222208,19,3487457798
7975,217284770,24301198,241585968,8,0,0,7168,14,9445440286
7976,217310640,71569190,288879830,7,0,1,3584,20,6596024544
7977,217330000,71549853,288879853,7,0,1,13824,20,211383487
7978,217352610,24869006,242221616,5,0,0,77312,15,6020899299
7979,217373050,24554257,241927307,8,0,0,1024,14,3574368923
7980,217373240,25120025,242493265,5,0,0,95232,15,9422473839
7981,217415460,71474891,288890351,7,0,1,1536,20,2493997920
7982,217448720,71471496,288920216,0,0,1,25088,13,4497942495
7983,217450820,71535126,288985946,0,0,1,15360,13,4807656733
7984,217470240,24935759,242405999,2,0,0,135168,19,2100683458
7985,217520110,24021757,241541867,9,0,0,16384,21,3840636034
7986,217528710,24611717,242140427,2,0,0,66048,19,8078904627
7987,217532360,71465020,288997380,0,0,1,7168,13,9747848043
7988,217537280,71460123,288997403,7,0,1,2560,20,7150534286
7989,217556160,24392778,241948938,9,0,0,22016,21,4083599823
7990,217557810,71523802,289081612,2,0,1,48640,19,1880472840
7991,217581480,24882746,242464226,5,0,0,117760,15,8603467502
7992,217609930,24411341,242021271,2,0,0,50176,19,5377902909
7993,217623010,71458625,289081635,2,0,1,2560,19,7797060003
7994,217623830,24869614,242493444,8,0,0,512,14,4280672443
7995,217684200,24405374,242089574,8,0,0,7168,14,348445955
7996,217706690,24490856,242197546,2,0,0,187392,19,8285402114
7997,217711360,71370298,289081658,0,0,1,2048,13,10654247192
7998,217778030,71303651,289081681,0,0,1,11264,13,896812359
7999,217804370,71277334,289081704,4,0,1,17408,26,3834975414
8000,217814100,71314193,289128293,7,0,1,42496,20,210068881
8001,217819840,71308476,289128316,2,0,1,26112,19,3189647327
8002,217860369,71267970,289128339,7,0,1,14336,20,2870901248
8003,217871070,24326967,242198037,8,0,0,1536,14,2938159945
8004,217875980,24163701,242039681,8,0,0,3072,14,323892665
8005,217883670,71338659,289222329,2,0,1,30208,19,4602297273
8006,217890140,24819109,242709249,5,0,0,332288,15,3210450693
8007,217899960,71322400,289222360,2,0,1,29696,19,2634908000
8008,217930580,25014247,242944827,2,0,0,349696,19,7377004740
8009,217935230,71300304,289235534,4,0,1,9728,26,10679305694
8010,217947990,71391954,289339944,0,0,1,8704,13,9809716039
8011,218034590,24374248,242408838,8,0,0,9216,14,9108557019
8012,218110450,24413490,242523940,8,0,0,6656,14,7311469055
8013,218140240,71249241,289389481,4,0,1,53760,26,3870374222
8014,218164900,24673356,242838256,9,0,0,199168,21,1106317086
8015,218198500,24925063,243123563,2,0,0,23040,19,10074716179
8016,218211190,71313909,289525099,2,0,1,7680,19,7577956952
8017,218227219,71297903,289525122,7,0,1,15360,20,7212702496
8018,218234510,24373472,242607982,8,0,0,4096,14,3364602644
8019,218253120,71380693,289633813,4,0,1,44544,26,5460929439
8020,218281890,71392857,289674747,2,0,1,7168,19,9517846548
8021,218358300,71316470,289674770,4,0,1,5120,26,9583051938
8022,218423530,24296381,242719911,2,0,0,31232,19,847475143
8023,218430220,24678477,243108697,2,0,0,386560,19,8919881637
8024,218495210,24631207,243126417,9,0,0,7168,21,9159603973
8025,218581869,72004902,290586771,7,0,1,42496,20,4973670534
8026,218665450,24044922,242710372,8,0,0,3584,14,3968402828
8027,218732490,24384030,243116520,9,0,0,25600,21,7376334469
8028,218743719,72064897,290808616,7,0,1,24064,20,575029930
8029,218785020,24608331,243393351,2,0,0,407040,19,154334224
8030,218805080,24141642,242946722,8,0,0,6144,14,2854671496
8031,218927960,24565479,243493439,2,0,0,328192,19,763122277
8032,218941740,24243087,243184827,2,0,0,20992,19,10048846158
8033,218945440,24178770,243124210,8,0,0,2048,14,7267361243
8034,219015829,71945214,290961043,9,0,1,22528,21,4103594167
8035,219082189,71878877,290961066,9,0,1,26624,21,4494492456
8036,219133230,24399084,243532314,8,0,0,127488,14,2659432595
8037,219136770,24564601,243701371,2,0,0,247808,19,1361805942
8038,219154249,71957041,291111290,9,0,1,31744,21,1199034206
8039,219221579,71889734,291111313,9,0,1,18432,21,4299244309
8040,219233970,23756136,242990106,5,0,0,6144,15,1204223522
8041,219238010,24560694,243798704,9,0,0,49152,21,7045890590
8042,219248340,71912471,291160811,9,0,1,10752,21,763929167
8043,219286729,71874105,291160834,9,0,1,22016,21,4293463280
8044,219310710,24505163,243815873,9,0,0,52224,21,7069307386
8045,219328009,71832848,291160857,9,0,1,4608,21,2021796375
8046,219342680,24441025,243783705,8,0,0,101888,14,8200564271
8047,219356709,72723019,292079728,8,0,1,206336,14,4598097338
8048,219358551,72721200,292079751,1,0,1,3072,23,1465389306
8049,219361710,24946401,244308111,8,0,0,600064,14,10421684381
8050,219371399,72809867,292181266,8,0,1,48128,14,9389554513
8051,219381729,73026665,292408394,8,0,1,98304,14,2609468654
8052,219397091,73011326,292408417,1,0,1,8704,23,2134048060
8053,219435490,24102018,243537508,8,0,0,16896,14,9631934690
8054,219495780,24214373,243710153,5,0,0,10752,15,2641824387
8055,219522210,72886230,292408440,1,0,1,8704,23,3697407304
8056,219561680,24145174,243706854,5,0,0,17920,15,7744331660
8057,219575470,23988366,243563836,5,0,0,31744,15,4051886874
8058,219577050,24767223,244344273,5,0,0,82432,15,5969018285
8059,219586320,72840418,292426738,1,0,1,25600,23,1990702639
8060,219586420,24730629,244317049,2,0,0,29184,19,3983379503
8061,219605030,24327555,243932585,2,0,0,112640,19,1264199886
8062,219659430,25226028,244885458,5,0,0,372736,15,6882985641
8063,219668820,72757941,292426761,3,0,1,1536,20,177743746
8064,219738530,24866881,244605411,8,0,0,373760,14,658009917
8065,219753339,72673445,292426784,8,0,1,10240,14,605044603
8066,219842450,72584357,292426807,4,0,1,2048,26,2724485423
8067,219878000,72548830,292426830,4,0,1,6656,26,8241767423
8068,219927690,24691362,244619052,5,0,0,44544,15,2917730828
8069,219939670,24952675,244892345,9,0,0,22528,21,9970967588
8070,219941249,72485604,292426853,9,0,1,5632,21,10467786269
8071,219955220,24671701,244626921,5,0,0,23040,15,3368254827
8072,220005870,72421006,292426876,4,0,1,11776,26,1735580321
8073,220106709,72408353,292515062,8,0,1,59392,14,5821041905
8074,220121639,73559890,293681529,8,0,1,532480,14,3603892819
8075,220176200,24595636,244771836,2,0,0,302592,19,1061240002
8076,220183320,73498232,293681552,4,0,1,2560,26,5855840951
8077,220192591,73492364,293684955,1,0,1,27136,23,6556670293
8078,220223859,73461557,293685416,9,0,1,10240,21,7536851900
8079,220279099,24400463,244679562,3,0,0,172544,20,2567587428
8080,220311090,24834846,245145936,2,0,0,312320,19,9813382193
8081,220348069,73671344,294019413,8,0,1,447488,14,7266142636
8082,220408440,24211415,244619855,2,0,0,2560,19,2174808287
8083,220412250,25129011,245541261,8,0,0,50688,14,8056218634
8084,220430230,25111927,245542157,0,0,0,2560,13,2282978141
8085,220450860,25027014,245477874,8,0,0,450560,14,3095878179
8086,220465860,24781571,245247431,9,0,0,122880,21,3776464593
8087,220491210,25034584,245525794,8,0,0,149504,14,8048946475
8088,220493491,73525945,294019436,1,0,1,4096,23,6023525071
8089,220510710,24776551,245287261,2,0,0,7168,19,8142446202
8090,220541060,24741787,245282847,5,0,0,104448,15,9117252353
8091,220599510,24610458,245209968,0,0,0,6656,13,9046800834
8092,220621469,74255249,294876718,8,0,1,652288,14,6765048371
8093,220627570,24528153,245155723,9,0,0,31744,21,2486995389
8094,220644149,74232592,294876741,9,0,1,73216,21,4995198249
8095,220716929,74206697,294923626,8,0,1,122368,14,10645613352
8096,220725000,74198657,294923657,4,0,1,35328,26,557552897
8097,220777940,24562631,245340571,2,0,0,101888,19,2149744244
8098,220825010,74098670,294923680,4,0,1,10240,26,2263890598
8099,220834760,24450294,245285054,0,0,0,7168,13,7201171661
8100,220847189,74182566,295029755,9,0,1,19968,21,12999221
8101,220855000,74255733,295110733,6,0,1,12288,11,7026428779
8102,220879840,24598681,245478521,0,0,0,2048,13,9110091097
8103,220882640,24274573,245157213,0,0,0,4608,13,2756258987
8104,220888520,24591630,245480150,0,0,0,5120,13,10289373320
8105,220895030,74369502,295264532,4,0,1,24064,26,2690848221
8106,220935270,74488780,295424050,6,0,1,94208,11,8670631925
8107,220947341,74476732,295424073,1,0,1,15360,23,1997019469
8108,220956010,74471368,295427378,2,0,1,6144,19,3902771705
8109,220962130,74472583,295434713,6,0,1,22528,11,4238176654
8110,220965550,74471429,295436979,1,0,1,3584,23,7060855679
8111,220972860,74464785,295437645,2,0,1,11264,19,2590601884
8112,220980620,74496043,295476663,1,0,1,19968,23,8126980634
8113,220986220,74508117,295494337,2,0,1,47104,19,1998993736
8114,220986500,24750936,245737436,5,0,0,179712,15,4778649748
8115,220994050,24688584,245682634,5,0,0,58880,15,8299386644
8116,221061260,24552050,245613310,0,0,0,6656,13,823100809
8117,221130610,74398538,295529148,2,0,1,46080,19,8402794185
8118,221145760,74389387,295535147,1,0,1,1024,23,9880859000
8119,221146540,24887546,246034086,8,0,0,155136,14,4398935844
8120,221163050,24770487,245933537,8,0,0,52224,14,2055144226
8121,221167540,24750062,245917602,5,0,0,99840,15,8847790490
8122,221174410,74362222,295536632,4,0,1,15360,26,6014083546
8123,221178260,24708899,245887159,8,0,0,126976,14,4243349861
8124,221213190,74339375,295552565,4,0,1,1024,26,10186193009
8125,221213720,24598813,245812533,8,0,0,44032,14,2158724534
8126,221229661,74323058,295552719,1,0,1,8704,23,2002858153
8127,221248250,24507017,245755267,5,0,0,30720,15,1790383215
8128,221285809,74531256,295817065,8,0,1,103424,14,1763504920
8129,221326340,74491186,295817526,4,0,1,10240,26,1324576871
8130,221351439,74800615,296152054,8,0,1,81920,14,10054979231
8131,221372130,74779947,296152077,6,0,1,18944,11,2847860120
8132,221382340,74842479,296224819,4,0,1,14336,26,9889663018
8133,221386010,74838832,296224842,2,0,1,7168,19,5769585318
8134,221401870,25043961,246445831,8,0,0,291328,14,5695291883
8135,221403460,74821405,296224865,2,0,1,15872,19,3917644472
8136,221407090,74849536,296256626,6,0,1,49152,11,2786881048
8137,221431960,24805380,246237340,9,0,0,5632,21,2703173553
8138,221433190,25093335,246526525,0,0,0,512,13,7513640067
8139,221477620,74787476,296265096,2,0,1,19456,19,6377001455
8140,221518130,25164194,246682324,0,0,0,1536,13,2097119869
8141,221569880,74865562,296435442,4,0,1,48640,26,4328647771
8142,221593050,24879148,246472198,8,0,0,64512,14,3093761941
8143,221636820,25658936,247295756,2,0,0,170496,19,7630793867
8144,221700740,74735996,296436736,6,0,1,9728,11,8785224005
8145,221706840,24974985,246681825,5,0,0,154624,15,5584940479
8146,221735770,24898920,246634690,5,0,0,310272,15,102645537
8147,221760310,25433151,247193461,8,0,0,659456,14,5202380536
8148,221772760,25782131,247554891,8,0,0,168448,14,7848876026
8149,221772830,25470955,247243785,5,0,0,164864,15,1330618118
8150,221873050,25595401,247468451,2,0,0,291840,19,9125654813
8151,221973530,74463643,296437173,6,0,1,16896,11,7960918604
8152,222021530,74455047,296476577,2,0,1,20992,19,5807189014
8153,222041700,25791983,247833683,5,0,0,500224,15,10363757156
8154,222048330,74429873,296478203,4,0,1,2560,26,4723045460
8155,222102260,25465290,247567550,9,0,0,41472,21,5298517015
8156,222129110,74350681,296479791,4,0,1,15872,26,1899712638
8157,222205020,74287722,296492742,2,0,1,6144,19,2519274219
8158,222273120,74259236,296532356,6,0,1,7168,11,8251168127
8159,222290350,74244592,296534942,5,0,1,4096,15,5596362729
8160,222354350,74272004,296626354,2,0,1,48640,19,204189751
8161,222395530,25108014,247503544,5,0,0,83968,15,2599057533
8162,222395551,25073624,247469175,0,0,0,2048,13,5679571605
8163,222420510,25645286,248065796,8,0,0,205824,14,5111469565
8164,222440130,24856831,247296961,5,0,0,3072,15,9643697057
8165,222471750,74333515,296805265,2,0,1,15872,19,5788723463
8166,222480680,74382351,296863031,1,0,1,512,23,4331833399
8167,222517209,74345845,296863054,7,0,1,17408,20,3288051784
8168,222517810,25485251,248003061,8,0,0,421888,14,3841361579
8169,222550790,25813029,248363819,9,0,0,438784,21,3341451582
8170,222563540,25553314,248116854,2,0,0,167424,19,8574642698
8171,222572190,25810996,248383186,5,0,0,63488,15,6516955494
8172,222576490,74366053,296942543,2,0,1,24064,19,8135178011
8173,222588320,74376403,296964723,6,0,1,85504,11,1624451031
8174,222608260,25067373,247675633,9,0,0,512,21,3274666190
8175,222620080,74490827,297110907,2,0,1,53760,19,10254259698
8176,222623150,25981775,248604925,2,0,0,72704,19,7705295944
8177,222632650,25577784,248210434,2,0,0,86016,19,7308330725
8178,222646520,74484952,297131472,2,0,1,83456,19,9722576274
8179,222670530,74494135,297164665,6,0,1,45568,11,1724673174
8180,222786970,74381561,297168531,2,0,1,6144,19,4154055723
8181,222808921,25773829,248582750,0,0,0,2048,13,6502294329
8182,222816250,25765853,248582103,8,0,0,96768,14,5341688866
8183,222821300,25585465,248406765,5,0,0,77312,15,2237737106
8184,222829270,74352447,297181717,2,0,1,54784,19,6237012368
8185,222862470,74320444,297182914,6,0,1,13312,11,8456475923
8186,222885730,25666866,248552596,2,0,0,99328,19,518416103
8187,222948381,25168652,248117033,0,0,0,512,13,1630957325
8188,222958980,25657824,248616804,2,0,0,38912,19,3617030362
8189,223056000,25735115,248791115,6,0,0,208384,11,7877244197
8190,223093900,74183446,297277346,2,0,1,39936,19,5540525746
8191,223096950,74180419,297277369,4,0,1,9216,26,608368045
8192,223154560,25554574,248709134,9,0,0,138240,21,2481166739
8193,223155550,74151872,297307422,2,0,1,35840,19,10456888220
8194,223275560,25582815,248858375,5,0,0,106496,15,10718589189
8195,223285130,25515836,248800966,6,0,0,32256,11,7633096473
8196,223314480,73996063,297310543,4,0,1,3072,26,9619158203
8197,223318320,25593453,248911773,8,0,0,175104,14,3808179897
8198,223320570,25708706,249029276,5,0,0,187904,15,7365185592
8199,223391100,25822839,249213939,9,0,0,40960,21,5403376535
8200,223402660,25119649,248522309,6,0,0,125952,11,6663756614
8201,223415150,73896469,297311619,4,0,1,13312,26,1834734588
8202,223437300,73888055,297325355,2,0,1,31744,19,5075429824
8203,223468790,73970043,297438833,2,0,1,6656,19,7571715454
8204,223475670,25938089,249413759,6,0,0,508928,11,5700124462
8205,223499360,26085958,249585318,6,0,0,165376,11,1779931370
8206,223515940,25532085,249048025,9,0,0,43520,21,6282723551
8207,223535869,75190984,298726853,9,0,1,23040,21,5451513185
8208,223548950,75177926,298726876,2,0,1,10240,19,1814090477
8209,223555360,75171539,298726899,4,0,1,16384,26,1672184323
8210,223571270,25920824,249492094,6,0,0,257024,11,2817809789
8211,223575521,25368440,248943961,0,0,0,5120,13,1913810611
8212,223601570,75125352,298726922,4,0,1,2048,26,2161897125
8213,223620760,75106185,298726945,2,0,1,8192,19,7523249962
8214,223661680,25539756,249201436,5,0,0,168448,15,6644593385
8215,223823711,25088264,248911975,0,0,0,512,13,393217874
8216,224003280,74808295,298811575,6,0,1,39424,11,8934883449
8217,224016110,74798538,298814648,6,0,1,30720,11,1900810762
8218,224021390,25237282,249258672,8,0,0,73728,14,6361827924
8219,224041380,25749395,249790775,8,0,0,105472,14,2025343613
8220,224057850,25057743,249115593,5,0,0,10240,15,1854411988
8221,224067211,25426154,249493365,0,0,0,4096,13,3072628005
8222,224107121,24922513,249029634,0,0,0,1024,13,3997249139
8223,224136510,25398397,249534907,5,0,0,94208,15,8746882962
8224,224156160,74658642,298814802,6,0,1,8704,11,4898086678
8225,224180310,25412987,249593297,9,0,0,26112,21,4031016957
8226,224278691,24935458,249214149,0,0,0,512,13,6700690321
8227,224293620,26218671,250512291,9,0,0,237056,21,770639939
8228,224312990,25353225,249666215,5,0,0,23040,15,10001418012
8229,224342370,25163810,249506180,9,0,0,41984,21,7409327497
8230,224345290,25564630,249909920,9,0,0,145920,21,236383960
8231,224409090,25902465,250311555,9,0,0,209920,21,44344634
8232,224467840,74479282,298947122,6,0,1,31232,11,7678705103
8233,224470250,25137118,249607368,6,0,0,46080,11,972533705
8234,224478130,74483025,298961155,6,0,1,3584,11,1266173050
8235,224484430,25274163,249758593,6,0,0,140288,11,7180538689
8236,224551120,25499458,250050578,5,0,0,64512,15,9712085189
8237,224551890,25439462,249991352,9,0,0,52736,21,8040466302
8238,224565540,25831690,250397230,8,0,0,281088,14,7578945720
8239,224617861,25247576,249865437,0,0,0,53248,13,493722737
8240,224622581,25930162,250552743,0,0,0,130560,13,1465456230
8241,224688080,26308747,250996827,9,0,0,403456,21,6169409057
8242,224727971,25519601,250247572,0,0,0,108032,13,3017577711
8243,224738280,25961445,250699725,2,0,0,140288,19,3523661353
8244,224828399,74324416,299152815,8,0,1,183808,14,4534650596
8245,224866740,26214874,251081614,9,0,0,55296,21,5193779357
8246,224868649,74686707,299555356,8,0,1,194560,14,3578508729
8247,224882301,25910881,250793182,0,0,0,109056,13,5277844646
8248,225055570,26522244,251577814,2,0,0,678400,19,516684247
8249,225070601,25939665,251010266,0,0,0,44032,13,583863883
8250,225109070,25733610,250842680,6,0,0,162304,11,2897330307
8251,225168100,74387279,299555379,5,0,1,4608,15,672466519
8252,225194730,26061741,251256471,5,0,0,204800,15,661678372
8253,225198140,26768150,251966290,8,0,0,817152,14,9981826802
8254,225212989,74342413,299555402,8,0,1,25088,14,5774555932
8255,225260880,26347111,251607991,9,0,0,98816,21,6743837252
8256,225265309,74290116,299555425,8,0,1,72704,14,4759660167
8257,225269341,26777184,252046525,0,0,0,56320,13,5907017980
8258,225279740,26437520,251717260,2,0,0,223232,19,5672210975
8259,225304491,26344730,251649221,0,0,0,37376,13,439291737
8260,225312940,74311373,299624313,5,0,1,8192,15,1369550892
8261,225347680,74276656,299624336,5,0,1,6144,15,6195966427
8262,225349610,74274749,299624359,5,0,1,3072,15,2488329344
8263,225362400,26751384,252113784,5,0,0,220672,15,7195881980
8264,225393010,26602544,251995554,2,0,0,46592,19,7767237184
8265,225405670,26623603,252029273,6,0,0,110592,11,683570322
8266,225412900,26224910,251637810,6,0,0,97792,11,3965874974
8267,225436900,25697886,251134786,8,0,0,28160,14,500660457
8268,225503440,74120942,299624382,5,0,1,28160,15,3787922796
8269,225589130,26392205,251981335,9,0,0,49152,21,2366246389
8270,225701300,26509914,252211214,2,0,0,159744,19,7753418974
8271,225730410,26432077,252162487,9,0,0,159744,21,1826714512
8272,225756949,73867456,299624405,8,0,1,122368,14,2593042286
8273,225841509,73861793,299703302,8,0,1,190976,14,837695880
8274,225845050,26391669,252236719,8,0,0,33792,14,2467873977
8275,225892060,26334340,252226400,6,0,0,49664,11,8901120671
8276,225897680,26426133,252323813,5,0,0,285696,15,9566150661
8277,225901740,26566368,252468108,5,0,0,133120,15,9895874055
8278,225925730,73777595,299703325,5,0,1,28160,15,3339049757
8279,225961470,26466055,252427525,8,0,0,200192,14,8718527814
8280,225977490,26780530,252758020,6,0,0,147456,11,9715135764
8281,225991660,26661659,252653319,9,0,0,216576,21,9244669450
8282,226047670,26294894,252342564,9,0,0,61440,21,7013673672
8283,226087611,26943991,253031602,0,0,0,439296,13,4614084659
8284,226100120,73603228,299703348,1,0,1,12288,23,3923122956
8285,226102200,73601171,299703371,1,0,1,5632,23,8868967406
8286,226103501,73599893,299703394,1,0,1,45568,23,7053985347
8287,226214000,73502692,299716692,6,0,1,20992,11,5754561863
8288,226317849,74488740,300806589,8,0,1,326144,14,3007178011
8289,226333590,26331764,252665354,8,0,0,39424,14,5360293155
8290,226334960,26763901,253098861,6,0,0,220672,11,6318065893
8291,226366770,74447758,300814528,6,0,1,27648,11,2029530050
8292,226404320,26780882,253185202,9,0,0,252416,21,4802881577
8293,226407360,74458154,300865514,5,0,1,14848,15,7307780001
8294,226424610,74512373,300936983,5,0,1,40960,15,3069492801
8295,226426050,74530099,300956149,1,0,1,9728,23,8812677935
8296,226427030,27056576,253483606,9,0,0,323072,21,7895095596
8297,226433240,74634069,301067309,6,0,1,88576,11,4713862369
8298,226497740,74569592,301067332,1,0,1,16384,23,5572580807
8299,226550950,26704163,253255113,8,0,0,229376,14,1657695137
8300,226553000,74514355,301067355,1,0,1,13312,23,3479256732
8301,226554960,74548802,301103762,6,0,1,68608,11,9898673101
8302,226564590,26820557,253385147,8,0,0,249856,14,6654479342
8303,226571620,74535562,301107182,5,0,1,12800,15,518084824
8304,226587011,26681385,253268396,0,0,0,43520,13,5101883785
8305,226613290,74510536,301123826,6,0,1,3584,11,6939302745
8306,226636000,74994749,301630749,5,0,1,65024,15,4160687614
8307,226725130,26916088,253641218,8,0,0,172032,14,143678379
8308,226803900,74826872,301630772,1,0,1,1024,23,7780530277
8309,226812150,74818645,301630795,5,0,1,9216,15,4945884075
8310,226832370,74798448,301630818,5,0,1,49152,15,4651144798
8311,226845800,74803940,301649740,6,0,1,10240,11,1744215624
8312,226881180,26630654,253511834,5,0,0,45056,15,4525154740
8313,226890390,74759373,301649763,0,0,1,32256,13,4747476556
8314,226894600,27113522,254008122,9,0,0,143872,21,9826371113
8315,226924160,74803805,301727965,1,0,1,13312,23,2858555731
8316,226935220,74792768,301727988,1,0,1,2560,23,8055376300
8317,226935330,74792681,301728011,9,0,1,4608,21,3165651372
8318,226948740,27211181,254159921,6,0,0,67072,11,3787755138
8319,226978430,74749604,301728034,6,0,1,50688,11,2239206075
8320,226981940,27184868,254166808,2,0,0,22528,19,2694203559
8321,227005120,27457147,254462267,8,0,0,282624,14,6518184090
8322,227007790,28042206,255049996,6,0,0,610816,11,6461004401
8323,227030810,74697247,301728057,6,0,1,10240,11,6492696626
8324,227049800,27419712,254469512,2,0,0,23552,19,368403232
8325,227065660,27688445,254754105,9,0,0,70144,21,3457572300
8326,227077471,27717250,254794721,0,0,0,61952,13,1598587210
8327,227092511,28119608,255212119,0,0,0,112128,13,3776018198
8328,227132920,27941082,255074002,2,0,0,78336,19,3628169987
8329,227135320,28018228,255153548,5,0,0,134144,15,3613400037
8330,227236190,28318117,255554307,6,0,0,365056,11,6745930454
8331,227253420,27924512,255177932,9,0,0,27136,21,1763415538
8332,227258340,28088742,255347082,2,0,0,74240,19,9570738966
8333,227275580,27945610,255221190,8,0,0,29696,14,4642146990
8334,227309470,28354800,255664270,5,0,0,66560,15,3461009069
8335,227319490,28542426,255861916,2,0,0,206848,19,5999688611
8336,227403240,28199941,255603181,5,0,0,151552,15,5782644795
8337,227512431,28646114,256158545,0,0,0,81408,13,10534473822
8338,227530861,28026121,255556982,0,0,0,8704,13,3100694504
8339,227535781,28197464,255733245,0,0,0,226304,13,9105390217
8340,227537420,28349947,255887367,5,0,0,83456,15,7692774205
8341,227556041,28227926,255783967,0,0,0,68608,13,7359019326
8342,227581500,28439218,256020718,8,0,0,154112,14,2605197926
8343,227635320,28331292,255966612,8,0,0,31232,14,3098841542
8344,227644220,28887578,256531798,5,0,0,73216,15,7900568523
8345,227652340,28990280,256642620,9,0,0,233984,21,9527657558
8346,227666960,28842507,256509467,6,0,0,361984,11,3299304967
8347,227719980,29168802,256888782,2,0,0,184832,19,7811651874
8348,227749660,29082737,256832397,5,0,0,202752,15,8926717927
8349,227758350,28409033,256167383,2,0,0,1024,19,6878848183
8350,227775510,28515893,256291403,6,0,0,60928,11,632605646
8351,227779550,28991048,256770598,2,0,0,125440,19,10639222354
8352,227900500,28760395,256660895,6,0,0,59904,11,4762124504
8353,227917861,29427132,257344993,0,0,0,461312,13,8806127097
8354,227943910,29152471,257096381,8,0,0,177664,14,8948859483
8355,228077230,29359739,257436969,6,0,0,301568,11,4255901066
8356,228081520,29038041,257119561,6,0,0,75776,11,10100959432
8357,228139780,29438032,257577812,5,0,0,409088,15,3287596121
8358,228179791,29024513,257204304,0,0,0,51200,13,5277534254
8359,228226630,29226492,257453122,2,0,0,52736,19,918476200
8360,228248700,29365256,257613956,9,0,0,118272,21,7428619850
8361,228253611,29365984,257619595,0,0,0,18432,13,10587836589
8362,228289000,29472226,257761226,9,0,0,340992,21,8588463994
8363,228432031,29632074,258064105,0,0,0,161280,13,4827511174
8364,228464410,29419953,257884363,9,0,0,96768,21,7698953937
8365,228548450,29777165,258325615,5,0,0,345088,15,559239542
8366,228575750,29236278,257812028,9,0,0,88064,21,9543707112
8367,228593590,29182323,257775913,9,0,0,48128,21,4940021409
8368,228623230,29352411,257975641,8,0,0,32256,14,9100385057
8369,228763780,29456645,258220425,6,0,0,121344,11,6231513871
8370,228827110,29512793,258339903,8,0,0,46592,14,5027195077
8371,228853600,29559209,258412809,8,0,0,7680,14,6236911646
8372,228892500,29516322,258408822,6,0,0,37888,11,7788031534
8373,228901710,29871212,258772922,8,0,0,61952,14,4263088332
8374,228907421,30074044,258981465,0,0,0,200704,13,4272160032
8375,228920000,29801740,258721740,6,0,0,122368,11,6655527741
8376,228926649,30554944,259481593,3,0,0,121856,20,331341483
8377,228936930,30470494,259407424,5,0,0,614400,15,1780198381
8378,228949770,29891274,258841044,2,0,0,74752,19,10500674124
8379,228968471,29874624,258843095,0,0,0,6656,13,4394566606
8380,228976200,29750711,258726911,5,0,0,16896,15,8528895693
8381,228988369,29931921,258920290,3,0,0,50176,20,3507920697
8382,229038780,30405662,259444442,8,0,0,121344,14,3657872833
8383,229065310,30709395,259774705,8,0,0,326656,14,8831473938
8384,229090600,30567005,259657605,5,0,0,347136,15,1462200593
8385,229152320,30652273,259804593,9,0,0,97792,21,4867402397
8386,229206260,30776277,259982537,6,0,0,274432,11,8770800803
8387,229217210,30788750,260005960,8,0,0,76800,14,9509944934
8388,229227191,30583509,259810700,0,0,0,19968,13,7051984080
8389,229235020,31265343,260500363,5,0,0,36352,15,4685964495
8390,229274830,31340872,260615702,6,0,0,53248,11,9509059457
8391,229285670,30796673,260082343,6,0,0,2560,11,8561455812
8392,229316559,31616837,260933396,3,0,0,384000,20,691166785
8393,229361069,30875478,260236547,3,0,0,55808,20,1467712955
8394,229396680,30989184,260385864,6,0,0,23040,11,5237741027
8395,229398990,30979831,260378821,5,0,0,263680,15,3501353736
8396,229427759,31126517,260554276,3,0,0,158720,20,4491273040
8397,229461791,31233359,260695150,0,0,0,156160,13,7039589400
8398,229489300,31837639,261326939,8,0,0,704512,14,6240364577
8399,229496719,31906573,261403292,3,0,0,250368,20,8660805206
8400,229505090,31518683,261023773,8,0,0,155136,14,2704748824
8401,229543100,31888630,261431730,9,0,0,93184,21,1791722348
8402,229551930,31417170,260969100,5,0,0,8704,15,3840485267
8403,229570470,32041303,261611773,8,0,0,65536,14,5708724983
8404,229581220,32010562,261591782,9,0,0,282112,21,6832476888
8405,229582870,31869038,261451908,2,0,0,66048,19,6624933944
8406,229588771,32039065,261627836,0,0,0,36352,13,2646659912
8407,229639020,32126100,261765120,6,0,0,36864,11,5211709779
8408,229659000,32516858,262175858,8,0,0,110080,14,2192308794
8409,229661020,32443993,262105013,2,0,0,299008,19,642823944
8410,229674460,32339426,262013886,6,0,0,174080,11,972996062
8411,229835599,32511263,262346862,3,0,0,458752,20,7385152766
8412,229995729,32395046,262390775,3,0,0,54784,20,10380310495
8413,230007500,31780263,261787763,5,0,0,74240,15,6486539620
8414,230042880,32352964,262395844,8,0,0,16384,14,2338651623
8415,230065789,32308263,262374052,3,0,0,33792,20,2306010529
8416,230111281,32391808,262503089,0,0,0,52736,13,8532706085
8417,230136780,32226953,262363733,9,0,0,55296,21,9991342275
8418,230200520,33092959,263293479,8,0,0,110080,14,4551593759
8419,230242739,33218284,263461023,3,0,0,82944,20,2880317017
8420,230289790,32506710,262796500,9,0,0,30208,21,8004816621
8421,230298130,33203632,263501762,9,0,0,133632,21,2191138692
8422,230304130,32926023,263230153,8,0,0,549376,14,10041550456
8423,230326010,32616059,262942069,8,0,0,72192,14,6861164182
8424,230388639,32558601,262947240,3,0,0,16896,20,5891261709
8425,230390050,33226194,263616244,9,0,0,132096,21,6942766268
8426,230448480,32905612,263354092,9,0,0,198656,21,2173502457
8427,230455570,32300671,262756241,8,0,0,9216,14,4256878660
8428,230532550,32727266,263259816,8,0,0,97280,14,738248350
8429,230634349,32801379,263435728,3,0,0,114688,20,7915192598
8430,230653610,32995752,263649362,6,0,0,108544,11,2453002244
8431,230709460,32994900,263704360,9,0,0,2048,21,8296648581
8432,230732510,33243236,263975746,5,0,0,83968,15,5960007341
8433,230754509,32920905,263675414,3,0,0,26112,20,6623359741
8434,230813100,33007384,263820484,8,0,0,130048,14,9498497201
8435,230855330,33029982,263885312,6,0,0,60416,11,9751765953
8436,230862520,33246787,264109307,6,0,0,261120,11,10217763650
8437,230900501,33449641,264350142,0,0,0,169472,13,4626349404
8438,230955240,33221822,264177062,5,0,0,158720,15,7815120733
8439,231014010,33360381,264374391,6,0,0,79360,11,5894223155
8440,231137470,33161013,264298483,8,0,0,76288,14,9982498895
8441,231208440,33498987,264707427,9,0,0,245248,21,10237177802
8442,231227100,33590289,264817389,9,0,0,5120,21,4377839230
8443,231290780,33221575,264512355,5,0,0,512,15,4217833980
8444,231302470,33447256,264749726,2,0,0,138752,19,195902856
8445,231315520,34204151,265519671,2,0,0,315392,19,2901356877
8446,231337389,34044768,265382157,3,0,0,576000,20,3490841181
8447,231348310,33655781,265004091,6,0,0,47104,11,7096075143
8448,231385270,34532176,265917446,2,0,0,170496,19,7979668008
8449,231388981,34922956,266311937,0,0,0,306688,13,854921123
8450,231411390,34653790,266065180,9,0,0,130560,21,8279947545
8451,231412070,34613159,266025229,8,0,0,308736,14,1974545088
8452,231413809,33505778,264919587,3,0,0,41984,20,9266768526
8453,231455469,34409891,265865360,3,0,0,32256,20,6943984793
8454,231458650,34396859,265855509,6,0,0,846848,11,5744582444
8455,231556320,34662150,266218470,5,0,0,172032,15,4130492068
8456,231566800,34352876,265919676,2,0,0,7168,19,8561625585
8457,231611931,34319161,265931092,0,0,0,13312,13,1429912074
8458,231621281,34305732,265927013,0,0,0,23552,13,4900379003
8459,231670110,34869687,266539797,6,0,0,540160,11,3024188246
8460,231683310,35013996,266697306,8,0,0,210944,14,8364360701
8461,231714040,34826271,266540311,4,0,0,1536,26,5614578843
8462,231724570,34607233,266331803,2,0,0,58368,19,310681447
8463,231747770,34627424,266375194,6,0,0,142336,11,6562390373
8464,231797680,34911536,266709216,5,0,0,38912,15,6076475223
8465,231813420,34943110,266756530,2,0,0,24576,19,7157362419
8466,231822351,34491645,266313996,0,0,0,6656,13,1214349798
8467,231876111,34872908,266749019,0,0,0,130560,13,8784676549
8468,231905819,35342681,267248500,3,0,0,134656,20,4398706513
8469,231917140,34715871,266633011,6,0,0,290304,11,3763829573
8470,231941610,34856556,266798166,5,0,0,13312,15,9316830810
8471,231964890,35049690,267014580,5,0,0,167936,15,10202224253
8472,231965430,34798463,266763893,2,0,0,24064,19,8811655498
8473,231975469,35231957,267207426,3,0,0,472064,20,5074973908
8474,232032750,35227987,267260737,5,0,0,39936,15,1794941783
8475,232105250,34835421,266940671,4,0,0,6144,26,708989832
8476,232148989,35424587,267573576,3,0,0,147968,20,7075578321
8477,232157360,34894627,267051987,6,0,0,48640,11,3776346041
8478,232181760,34855307,267037067,5,0,0,73728,15,1116620896
8479,232190110,35618325,267808435,8,0,0,326656,14,865324890
8480,232225940,35434187,267660127,2,0,0,223232,19,6570189749
8481,232260110,35038737,267298847,4,0,0,1536,26,10496413404
8482,232280720,35577236,267857956,5,0,0,162304,15,5050999718
8483,232382621,35489749,267872370,0,0,0,26624,13,8190040205
8484,232414180,34861244,267275424,6,0,0,48128,11,8539529889
8485,232426260,35631484,268057744,6,0,0,201728,11,10150113572
8486,232488831,35428498,267917329,0,0,0,88064,13,10357207154
8487,232490760,35809821,268300581,8,0,0,49664,14,60896063
8488,232530820,34744783,267275603,4,0,0,512,26,3819247949
8489,232562510,35400706,267963216,5,0,0,150528,15,10604736013
8490,232583100,34991747,267574847,4,0,0,4096,26,9787136100
8491,232601709,35965054,268566763,3,0,0,263168,20,6478298996
8492,232602690,35506869,268109559,8,0,0,169984,14,9524718802
8493,232687971,35597455,268285426,0,0,0,237056,13,2112247976
8494,232708460,35616689,268325149,2,0,0,40960,19,2553122477
8495,232749690,35865144,268614834,8,0,0,157696,14,1503758076
8496,232832040,35320687,268152727,5,0,0,30720,15,1759236559
8497,232888440,34984733,267873173,4,0,0,2560,26,5471633751
8498,232911110,35930676,268841786,9,0,0,98304,21,6522052325
8499,232917410,35870042,268787452,2,0,0,273408,19,77186230
8500,232925740,34938495,267864235,9,0,0,20480,21,6185897418
8501,232930050,35374766,268304816,6,0,0,13824,11,305102847
8502,232965920,35151732,268117652,2,0,0,1024,19,7147547398
8503,232994790,35944487,268939277,6,0,0,220160,11,1551219877
8504,233003141,36004555,269007696,0,0,0,141312,13,3304742063
8505,233020381,36125897,269146278,0,0,0,324608,13,8367993094
8506,233022920,35941697,268964617,6,0,0,73216,11,2529268753
8507,233056530,36316280,269372810,6,0,0,283648,11,7164996591
8508,233104700,35707111,268811811,9,0,0,79872,21,1963110174
8509,233121480,36292693,269414173,2,0,0,135680,19,3260002697
8510,233122180,35925171,269047351,2,0,0,130048,19,1605209875
8511,233164560,36121803,269286363,2,0,0,185344,19,1868082645
8512,233175220,36019974,269195194,4,0,0,4608,26,10575370652
8513,233180580,36475401,269655981,2,0,0,130048,19,9592286125
8514,233190700,36425611,269616311,2,0,0,385536,19,3359351168
8515,233227040,35927084,269154124,8,0,0,25600,14,5607073164
8516,233251540,36189808,269441348,8,0,0,89088,14,5227831652
8517,233259679,36450179,269709858,3,0,0,105984,20,4414644402
8518,233297740,36427117,269724857,9,0,0,49152,21,7844480856
8519,233423540,36452525,269876065,8,0,0,315904,14,6160970643
8520,233489290,35954608,269443898,2,0,0,8192,19,7113525975
8521,233498439,36422421,269920860,3,0,0,146944,20,1428718195
8522,233525400,36583233,270108633,8,0,0,351232,14,4076395742
8523,233548720,36410414,269959134,6,0,0,6656,11,598054677
8524,233579400,36098143,269677543,8,0,0,37888,14,3576058345
8525,233623700,36333375,269957075,9,0,0,118784,21,1548465674
8526,233654820,36487733,270142553,4,0,0,3584,26,1488912794
8527,233672260,36981433,270653693,9,0,0,244224,21,9568412723
8528,233683551,36281655,269965206,0,0,0,2560,13,1477307708
8529,233727360,36501052,270228412,6,0,0,31232,11,2313061469
8530,233760401,36738246,270498647,0,0,0,382976,13,202708949
8531,233828881,36322968,270151849,0,0,0,5120,13,6332805896
8532,233889700,36639234,270528934,8,0,0,99328,14,7602050751
8533,233891020,36669027,270560047,2,0,0,99840,19,4428937898
8534,233904480,36770312,270674792,9,0,0,69120,21,9216435432
8535,233919300,36610281,270529581,4,0,0,2048,26,4391728801
8536,234023220,36556038,270579258,9,0,0,62976,21,9086929598
8537,234037610,37283802,271321412,8,0,0,556032,14,2917789462
8538,234041860,36848101,270889961,9,0,0,228352,21,6357649374
8539,234074040,37499343,271573383,5,0,0,647168,15,3330017469
8540,234214840,37575367,271790207,9,0,0,349696,21,7999913830
8541,234228350,37094177,271322527,4,0,0,3584,26,9692785008
8542,234232460,37367622,271600082,5,0,0,87552,15,2886260723
8543,234280020,36672987,270953007,6,0,0,75264,11,275090436
8544,234286620,37598614,271885234,5,0,0,311808,15,4518778087
8545,234328600,37589105,271917705,9,0,0,106496,21,4239254510
8546,234333700,37682994,272016694,5,0,0,208384,15,8336366268
8547,234340630,37612510,271953140,9,0,0,116224,21,3143678547
8548,234406210,38381988,272788198,5,0,0,289280,15,8795247494
8549,234407950,38222140,272630090,5,0,0,308224,15,7855331720
8550,234444859,37763851,272208710,3,0,0,229376,20,2131765304
8551,234561520,38107593,272669113,9,0,0,128000,21,6564549734
8552,234597200,38323321,272920521,9,0,0,102912,21,3903389807
8553,234607530,38279553,272887083,5,0,0,185856,15,3846689069
8554,234743700,38334584,273078284,6,0,0,125440,11,9592844835
8555,234766609,38834584,273601193,3,0,0,137728,20,5636452926
8556,234873891,38794438,273668329,0,0,0,176640,13,7333522991
8557,234887440,38225388,273112828,4,0,0,6656,26,10387984578
8558,234910830,38474286,273385116,6,0,0,78336,11,6432765840
8559,234917380,38398850,273316230,9,0,0,45568,21,1742902587
8560,234939560,38322925,273262485,8,0,0,12800,14,453933724
8561,234960440,38773367,273733807,9,0,0,210432,21,3037552922
8562,235042041,38768655,273810696,0,0,0,131584,13,10457847085
8563,235055430,38715151,273770581,6,0,0,12800,11,3164864440
8564,235073130,38761923,273835053,8,0,0,23552,14,9588148784
8565,235082910,39046570,274129480,9,0,0,173056,21,1709140369
8566,235280879,39570922,274851801,3,0,0,392192,20,8017845218
8567,235349901,39092428,274442329,0,0,0,18432,13,8218917960
8568,235388460,39804635,275193095,5,0,0,227840,15,3177459631
8569,235416119,38884158,274300277,3,0,0,52224,20,6417244133
8570,235460430,38697615,274158045,9,0,0,11264,21,2032026550
8571,235487300,39404288,274891588,4,0,0,7168,26,5348762406
8572,235512430,39611107,275123537,6,0,0,309760,11,3800711971
8573,235531410,38860627,274392037,6,0,0,15360,11,3726874247
8574,235567970,38745274,274313244,8,0,0,2048,14,4618811374
8575,235581190,38966641,274547831,4,0,0,1536,26,10337142841
8576,235599390,39269594,274868984,5,0,0,56320,15,7164877034
8577,235628470,39349272,274977742,8,0,0,61952,14,734017818
8578,235671310,39060949,274732259,9,0,0,415232,21,6634534839
8579,235677000,39193465,274870465,9,0,0,4096,21,9080232640
8580,235714990,38659764,274374754,8,0,0,4608,14,5315507785
8581,235796270,38564445,274360715,4,0,0,2048,26,9582244108
8582,235884630,39590158,275474788,9,0,0,26112,21,4114898515
8583,235892080,39477817,275369897,5,0,0,259072,15,9454300197
8584,235917651,39103345,275020996,0,0,0,25088,13,9671840319
8585,236015011,39207090,275222101,0,0,0,68096,13,10051039740
8586,236047130,39372380,275419510,6,0,0,84480,11,558946795
8587,236132300,38739155,274871455,9,0,0,3072,21,5859284124
8588,236140840,38728354,274869194,5,0,0,512,15,9574296704
8589,236197951,39268850,275466801,0,0,0,155136,13,6041773991
8590,236386490,40088370,276474860,5,0,0,55296,15,5518189000
8591,236458310,39895025,276353335,9,0,0,324608,21,8456435838
8592,236516691,39695543,276212234,0,0,0,382464,13,6703416300
8593,236516891,39578788,276095679,0,0,0,11776,13,7276277572
8594,236566540,39525505,276092045,5,0,0,376320,15,1704829700
8595,236571800,39311221,275883021,4,0,0,6144,26,6892341849
8596,236633000,39341304,275974304,6,0,0,28160,11,10118688635
8597,236708881,39190855,275899736,0,0,0,54784,13,5562512950
8598,236831271,39049855,275881126,0,0,0,604160,13,1008279978
8599,236832460,39554469,276386929,6,0,0,110080,11,7025316179
8600,237038550,39215835,276254385,9,0,0,138240,21,6120200940
8601,237055920,39513059,276568979,5,0,0,42496,15,4057227441
8602,237118800,38781583,275900383,4,0,0,2048,26,10308219645
8603,237295571,39396147,276691718,0,0,0,206336,13,9960952657
8604,237353901,39702029,277055930,0,0,0,295424,13,9051200085
8605,237397550,39133977,276531527,4,0,0,2560,26,6481587979
8606,237454000,39623325,277077325,9,0,0,70144,21,3940842566
8607,237466240,39139063,276605303,6,0,0,76288,11,1122270453
8608,237496640,39609747,277106387,8,0,0,94208,14,6815689133
8609,237515450,39425110,276940560,8,0,0,250368,14,1946982658
8610,237558120,38895905,276454025,4,0,0,4096,26,8337170871
8611,237656960,39150939,276807899,6,0,0,76800,11,308063498
8612,237665110,39119366,276784476,5,0,0,69120,15,8174637491
8613,237681350,39973803,277655153,9,0,0,172032,21,6710501566
8614,237737320,39542503,277279823,5,0,0,92672,15,574151441
8615,237774770,38794544,276569314,4,0,0,1024,26,130861858
8616,237792350,39572604,277364954,8,0,0,178176,14,5307226494
8617,237934320,39748412,277682732,9,0,0,90112,21,9542747646
8618,237941230,38868096,276809326,4,0,0,4608,26,7735985023
8619,238056120,39021540,277077660,4,0,0,1024,26,3547960210
8620,238111770,39717066,277828836,8,0,0,83968,14,6424928615
8621,238123291,39465961,277589252,0,0,0,278016,13,1558000687
8622,238125960,40471278,278597238,6,0,0,868352,11,9417774272
8623,238198450,39398313,277596763,8,0,0,24576,14,3763988468
8624,238274670,39619856,277894526,9,0,0,33280,21,8806167589
8625,238288990,39832990,278121980,5,0,0,380416,15,5348855163
8626,238340520,39262194,277602714,5,0,0,19456,15,1858461021
8627,238360000,40436946,278796946,6,0,0,61440,11,8145103506
8628,238404520,40276357,278680877,6,0,0,274432,11,10705228089
8629,238408431,39841751,278250182,0,0,0,230400,13,991291096
8630,238461440,40376345,278837785,9,0,0,133632,21,2621432496
8631,238473050,39703264,278176314,9,0,0,85504,21,7930559629
8632,238496980,39239648,277736628,6,0,0,3584,11,9589788757
8633,238524280,40226531,278750811,5,0,0,229376,15,1685434478
8634,238550050,39600189,278150239,8,0,0,92672,14,403742482
8635,238553470,40372210,278925680,6,0,0,25088,11,348725627
8636,238560850,40349411,278910261,6,0,0,237568,11,3796584872
8637,238563790,40389892,278953682,5,0,0,84480,15,1248053361
8638,238574350,40202091,278776441,6,0,0,83968,11,4488871806
8639,238586670,40735884,279322554,5,0,0,640512,15,5160611027
8640,238633141,40372964,279006105,0,0,0,168960,13,5759460363
8641,238663420,40264483,278927903,8,0,0,7168,14,10659395229
8642,238675810,40242164,278917974,4,0,0,5120,26,4096992175
8643,238698870,40079310,278778180,4,0,0,5632,26,5903374736
8644,238819780,40693521,279513301,6,0,0,75776,11,8768015770
8645,238845931,40589145,279435076,0,0,0,293888,13,9274619004
8646,238854260,40062108,278916368,8,0,0,19968,14,5934164490
8647,238865380,40153696,279019076,8,0,0,42496,14,5197100565
8648,238937120,40551487,279488607,6,0,0,175616,11,1316650994
8649,238959170,39995432,278954602,4,0,0,2560,26,8341998789
8650,238976681,40805538,279782219,0,0,0,81920,13,2450784796
8651,239004440,40341069,279345509,9,0,0,75264,21,817308319
8652,239075631,40637630,279713261,0,0,0,142848,13,9698654257
8653,239090740,40554973,279645713,8,0,0,33280,14,4333975409
8654,239189590,39893068,279082658,4,0,0,1536,26,1932119096
8655,239195820,40824426,280020246,6,0,0,215552,11,5813720801
8656,239273250,41862432,281135682,9,0,0,328192,21,4554520009
8657,239300780,41584909,280885689,6,0,0,226816,11,7357977597
8658,239371220,40803994,280175214,6,0,0,60928,11,8462380340
8659,239450070,41707636,281157706,5,0,0,71680,15,9032552731
8660,239461510,40189530,279651040,9,0,0,17408,21,8007079516
8661,239519950,41798000,281317950,8,0,0,203264,14,5295026925
8662,239625969,39864221,279490190,3,0,0,5120,20,6210098899
8663,239628980,41691177,281320157,4,0,0,7168,26,4219211698
8664,239643160,40097157,279740317,6,0,0,81408,11,5739224263
8665,239672100,40445047,280117147,4,0,0,4096,26,6989214984
8666,239675170,41807373,281482543,6,0,0,151040,11,7942960009
8667,239677419,40479208,280156627,3,0,0,37888,20,6697114122
8668,239701971,40504489,280206460,0,0,0,20480,13,8811456124
8669,239736010,40210061,279946071,4,0,0,2560,26,3961360693
8670,239761531,41219433,280980964,0,0,0,46592,13,6618230811
8671,239800420,42121541,281921961,6,0,0,684032,11,8424923500
8672,239963871,40236326,280200197,0,0,0,81920,13,3093036192
8673,239977519,42024562,282002081,3,0,0,249344,20,2732762706
8674,239983900,42179683,282163583,6,0,0,140800,11,6599132163
8675,239990010,42051030,282041040,8,0,0,103936,14,9205333330
8676,240002360,40054907,280057267,4,0,0,9216,26,10548583687
8677,240035360,40931316,280966676,9,0,0,265728,21,10626247499
8678,240036979,42547030,282584009,3,0,0,419840,20,887057185
8679,240114891,40452045,280566936,0,0,0,72704,13,8204431208
8680,240159250,41235186,281394436,9,0,0,243712,21,2906426262
8681,240190590,42664630,282855220,9,0,0,558080,21,10680041364
8682,240198850,41287951,281486801,4,0,0,1024,26,2766052069
8683,240224920,41488602,281713522,5,0,0,116224,15,599678415
8684,240238119,42899030,283137149,3,0,0,233472,20,1702594679
8685,240241000,41685086,281926086,4,0,0,12288,26,2084533972
8686,240242680,41193820,281436500,5,0,0,58368,15,6457847684
8687,240259970,41158700,281418670,9,0,0,73216,21,7282756263
8688,240273610,41375297,281648907,5,0,0,58880,15,10254858528
8689,240289850,42650780,282940630,8,0,0,175616,14,6507462442
8690,240302500,41222334,281524834,4,0,0,512,26,8715819772
8691,240303660,43575864,283879524,6,0,0,292352,11,9052663837
8692,240304541,41181925,281486466,0,0,0,12800,13,2405278953
8693,240308320,42909469,283217789,8,0,0,129024,14,10543304258
8694,240341010,41668339,282009349,9,0,0,10752,21,3579114265
8695,240359800,41734373,282094173,8,0,0,68608,14,3161638138
8696,240381469,41014862,281396331,3,0,0,6144,20,6428127654
8697,240394020,41528299,281922319,4,0,0,1024,26,8431780060
8698,240412540,42747564,283160104,5,0,0,75264,15,10055639788
8699,240431859,43730842,284162701,3,0,0,107520,20,3780738591
8700,240434110,43523629,283957739,5,0,0,103936,15,8751153494
8701,240451139,41554576,282005715,3,0,0,11776,20,8283204837
8702,240470170,41601337,282071507,5,0,0,99840,15,5432804753
8703,240551369,42335730,282887099,3,0,0,104448,20,5500589090
8704,240554160,41451890,282006050,4,0,0,1024,26,4649858842
8705,240609191,41587643,282196834,0,0,0,109056,13,8607061833
8706,240630440,41442806,282073246,4,0,0,5632,26,10548799458
8707,240632990,41750756,282383746,4,0,0,5120,26,4452906510
8708,240658610,42358951,283017561,5,0,0,252416,15,6763947427
8709,240671200,42013888,282685088,6,0,0,179712,11,1033458399
8710,240671950,43709774,284381724,8,0,0,164352,14,3284382104
8711,240701559,42725955,283427514,3,0,0,233472,20,5920027776
8712,240725489,43715685,284441174,3,0,0,41472,20,795437458
8713,240759861,42418478,283178339,0,0,0,59392,13,3501661220
8714,240819170,43106878,283926048,9,0,0,78336,21,3951638115
8715,240826730,41580519,282407249,4,0,0,1024,26,6731502463
8716,240833260,42523072,283356332,8,0,0,76288,14,8356477102
8717,240847520,43784164,284631684,5,0,0,86016,15,5945546520
8718,240904991,43841432,284746423,0,0,0,250368,13,6196121645
8719,240924010,42105742,283029752,8,0,0,39936,14,6655974824
8720,240959331,43892854,284852185,0,0,0,31744,13,8945357179
8721,240968390,42097577,283065967,8,0,0,118784,14,10380236948
8722,240980481,42547409,283527890,0,0,0,173056,13,7287055600
8723,241012240,42580447,283592687,6,0,0,146944,11,27236205
8724,241100600,42328231,283428831,4,0,0,1536,26,110808619
8725,241156060,42062072,283218132,4,0,0,1024,26,5913668550
8726,241228250,43882625,285110875,8,0,0,325120,14,10585470371
8727,241232670,42195647,283428317,4,0,0,2560,26,603883971
8728,241280750,42261605,283542355,6,0,0,28160,11,5081944602
8729,241300860,44181849,285482709,8,0,0,510976,14,4269689291
8730,241338279,42388418,283726697,3,0,0,187392,20,919123536
8731,241347459,42845529,284192988,3,0,0,99328,20,5037895265
8732,241402961,42126044,283529005,0,0,0,3584,13,193728408
8733,241441639,42018415,283460054,3,0,0,102400,20,1122737133
8734,241539081,43115738,284654819,0,0,0,75776,13,1252797642
8735,241639920,43502022,285141942,8,0,0,101888,14,1873936673
8736,241655500,42856664,284512164,6,0,0,6656,11,621607767
8737,241705371,42899655,284605026,0,0,0,83456,13,2403646474
8738,241774620,42106487,283881107,6,0,0,5120,11,2840172718
8739,241785511,42546114,284331625,0,0,0,269824,13,10570235909
8740,241853141,42152025,284005166,0,0,0,20992,13,1233800687
8741,241860000,43738383,285598383,8,0,0,178688,14,3074386537
8742,241928430,42044540,283972970,4,0,0,1024,26,7812415202
8743,241954200,43236601,285190801,4,0,0,1536,26,4518810518
8744,241955809,42453563,284409372,3,0,0,33280,20,4163031202
8745,241974219,42109611,284083830,3,0,0,45568,20,1045706910
8746,241980091,42418972,284399063,0,0,0,56832,13,5910797969
8747,241987140,43019160,285006300,8,0,0,9728,14,5242841896
8748,242015440,42198974,284214414,4,0,0,5632,26,3046227726
8749,242351710,41864911,284216621,4,0,0,7168,26,3435775110
8750,242402731,42369143,284771874,0,0,0,83456,13,357535507
8751,242406809,42372420,284779229,3,0,0,24064,20,8719518584
8752,242468090,43239130,285707220,8,0,0,83968,14,4995813299
8753,242597680,41893605,284491285,4,0,0,5632,26,9576007681
8754,242676749,43895876,286572625,3,0,0,491520,20,877946193
8755,242733110,42896496,285629606,8,0,0,102400,14,10716938656
8756,242818620,42991987,285810607,4,0,0,2560,26,5751852968
8757,242850360,41755070,284605430,6,0,0,1024,11,6464443968
8758,242858950,43189628,286048578,6,0,0,106496,11,2860626604
8759,242903281,42059085,284962366,0,0,0,30208,13,3980382227
8760,242936010,43925092,286861102,6,0,0,319488,11,2175365434
8761,242951580,41842093,284793673,4,0,0,1024,26,5191841411
8762,243020289,43742791,286763080,3,0,0,441344,20,8818203426
8763,243155030,42510990,285666020,4,0,0,4608,26,3283348326
8764,243226781,42291588,285518369,0,0,0,116736,13,2918864943
8765,243239400,42425193,285664593,8,0,0,95232,14,1676486812
8766,243337869,42496757,285834626,3,0,0,72192,20,1048760988
8767,243355190,41826091,285181281,4,0,0,5632,26,7345589932
8768,243365150,42156698,285521848,6,0,0,11264,11,4340394943
8769,243404679,42401245,285805924,3,0,0,104960,20,10628274948
8770,243455070,43481270,286936340,6,0,0,127488,11,10057414115
8771,243477800,42538307,286016107,8,0,0,180736,14,10310149237
8772,243504930,43687206,287192136,8,0,0,310272,14,6608417943
8773,243517869,44051735,287569604,3,0,0,325120,20,5576467029
8774,243535260,42628155,286163415,4,0,0,3584,26,2218507166
8775,243538211,43041925,286580136,0,0,0,24576,13,10143736666
8776,243550799,44134531,287685330,3,0,0,120832,20,114955681
8777,243581270,42338906,285920176,4,0,0,2048,26,6941033946
8778,243688851,42717154,286406005,0,0,0,105984,13,5110360544
8779,243715379,42612020,286327399,3,0,0,40448,20,1483494389
8780,243755809,43190070,286945879,3,0,0,31232,20,2428368475
8781,243805171,44354003,288159174,0,0,0,332800,13,5343614446
8782,243841409,44516499,288357908,3,0,0,203264,20,2215256755
8783,243850230,43419317,287269547,4,0,0,1536,26,10015382148
8784,243949819,43938188,287888007,3,0,0,66560,20,3320233539
8785,243990529,44396784,288387313,3,0,0,25088,20,2864192145
8786,244003040,42625545,286628585,8,0,0,158720,14,9862925983
8787,244056090,42707637,286763727,4,0,0,2048,26,6779731665
8788,244096590,44623974,288720564,8,0,0,568832,14,9697981637
8789,244181090,42716383,286897473,6,0,0,119296,11,3047228668
8790,244205010,42870738,287075748,6,0,0,89600,11,698169466
8791,244206959,44607384,288814343,3,0,0,307712,20,5542728510
8792,244217570,43051486,287269056,4,0,0,5120,26,4034500439
8793,244295730,44584046,288879776,4,0,0,4096,26,2048989856
8794,244454680,42737947,287192627,4,0,0,1536,26,9148157417
8795,244478030,44507893,288985923,8,0,0,215552,14,2047399222
8796,244571449,42899072,287470521,3,0,0,272896,20,3609008167
8797,244591199,42676274,287267473,3,0,0,161280,20,8665325191
8798,244675259,43558240,288233499,3,0,0,243712,20,373560088
8799,244714830,43088704,287803534,4,0,0,332288,26,9402661531
8800,244755620,42834387,287590007,4,0,0,31744,26,5445077152
8801,244801700,44420574,289222274,4,0,0,308224,26,3713866299
8802,244930859,42936845,287867704,3,0,0,22528,20,1058679662
8803,244996771,44084802,289081573,0,0,0,275456,13,8849179698
8804,245077100,42880707,287957807,8,0,0,132608,14,10465508088
8805,245101329,44134182,289235511,3,0,0,43008,20,9139687755
8806,245136661,43313551,288450212,0,0,0,206336,13,9192612545
8807,245139069,43130185,288269254,3,0,0,117248,20,6315659938
8808,245195069,43344867,288539936,3,0,0,36352,20,4273008999
8809,245292370,42608772,287901142,8,0,0,43008,14,7662748637
8810,245310811,43163144,288473955,0,0,0,77824,13,7668941572
8811,245369759,43508746,288878505,3,0,0,107008,20,3868877937
8812,245449470,42846483,288295953,6,0,0,87552,11,10622183310
8813,245504990,43834931,289339921,4,0,0,342528,26,7371057668
8814,245643140,42721031,288364171,8,0,0,20480,14,332048670
8815,245695340,42684306,288379646,4,0,0,50688,26,5444235440
8816,245714760,43655159,289369919,8,0,0,98304,14,9529240288
8817,245723400,43122478,288845878,6,0,0,103424,11,9764971082
8818,245792439,43204918,288997357,3,0,0,37376,20,5541447145
8819,245883660,42641308,288524968,8,0,0,61440,14,10544849133
8820,245890830,42999498,288890328,6,0,0,34304,11,1130054211
8821,245921829,42994129,288915958,3,0,0,83968,20,8802787869
8822,245924320,43203950,289128270,4,0,0,53760,26,9253665815
8823,245954020,43644335,289598355,8,0,0,137216,14,3571348532
8824,245983010,43542058,289525068,8,0,0,444928,14,171004593
8825,245988060,42932133,288920193,6,0,0,13824,11,1790102322
8826,246023270,43088565,289111835,8,0,0,98816,14,1571233388
8827,246051511,43649670,289701181,0,0,0,86528,13,5558109526
8828,246165050,42832532,288997582,6,0,0,512,11,10642604668
8829,246178160,43455630,289633790,6,0,0,116224,11,10205300911
8830,246288890,43100560,289389450,8,0,0,64000,14,2482401194
8831,246373050,43367958,289741008,4,0,0,19968,26,7491913893
8832,246394610,43499103,289893713,8,0,0,177664,14,10152682536
8833,246403140,43271576,289674716,7,0,0,134144,20,3313445447
8834,246550309,43260408,289810717,3,0,0,41984,20,4563976756
8835,246662520,42894004,289556524,7,0,0,88064,20,8410056792
8836,246736800,43331483,290068283,4,0,0,154624,26,8426671807
8837,246745199,43441849,290187048,3,0,0,223232,20,3971263889
8838,246875330,42654339,289529669,7,0,0,14848,20,6281262546
8839,246891080,43868745,290759825,8,0,0,434688,14,2015916488
8840,246944220,44167047,291111267,8,0,0,474624,14,4026782384
8841,246950640,43248310,290198950,6,0,0,17408,11,6646413931
8842,246960900,44000120,290961020,8,0,0,291328,14,9685863841
8843,246965900,43539411,290505311,4,0,0,311296,26,2260102158
8844,246984550,43805718,290790268,7,0,0,99840,20,7151076003
8845,247119269,42702305,289821574,3,0,0,9728,20,6036298561
8846,247170491,44116289,291286780,0,0,0,413184,13,479820320
8847,247203580,43181208,290384788,6,0,0,35328,11,3329386345
8848,247277911,42915712,290193623,0,0,0,21504,13,7594923398
8849,247310591,44720575,292031166,0,0,0,648192,13,2904103010
8850,247382490,43201530,290584020,7,0,0,34816,20,7334218645
8851,247401430,43759358,291160788,6,0,0,162304,11,10586669113
8852,247414780,45011935,292426715,6,0,0,59904,11,7575338641
8853,247427910,44980437,292408347,6,0,0,456192,11,2374485282
8854,247437380,43999171,291436551,6,0,0,105472,11,5166091914
8855,247524650,44168665,291693315,8,0,0,13312,14,1281413369
8856,247535870,44122572,291658442,4,0,0,134144,26,9777153178
8857,247584320,44504658,292088978,6,0,0,30208,11,5788263721
8858,247643120,44436585,292079705,7,0,0,159232,20,6690156355
8859,247670261,43724745,291395006,0,0,0,68096,13,2005795681
8860,247693430,43907394,291600824,7,0,0,157696,20,5850861522
8861,247725600,43891939,291617539,8,0,0,54784,14,5400627090
8862,247730491,44512294,292242785,0,0,0,201728,13,10617669889
8863,247735569,44442219,292177788,3,0,0,44544,20,9655019765
8864,247800320,44772641,292572961,6,0,0,189952,11,210242210
8865,247802921,44361272,292164193,0,0,0,246784,13,10026535476
8866,247828311,44686728,292515039,0,0,0,289280,13,10436485381
8867,247833789,44435539,292269328,3,0,0,87040,20,10513290563
8868,247835069,44346174,292181243,3,0,0,11264,20,161413615
8869,247953590,44768765,292722355,7,0,0,385024,20,2700043224
8870,248073851,44531169,292605020,0,0,0,104960,13,8899272064
8871,248163760,44894640,293058400,6,0,0,379904,11,4724116586
8872,248228311,45086545,293314856,0,0,0,69120,13,2405718098
8873,248322020,44773999,293096019,4,0,0,123392,26,10415595989
8874,248395270,45147046,293542316,7,0,0,492544,20,1971356633
8875,248444301,44490825,292935126,0,0,0,67584,13,2643485708
8876,248445829,44278741,292724570,3,0,0,7168,20,8993602076
8877,248514200,44684288,293198488,7,0,0,103424,20,7947514780
8878,248530649,45087974,293618623,3,0,0,250368,20,8848572656
8879,248531550,45378063,293909613,8,0,0,597504,14,1516343041
8880,248588759,45092747,293681506,3,0,0,148992,20,10331574198
8881,248617300,45402090,294019390,6,0,0,112128,11,194986134
8882,248644011,45326621,293970632,0,0,0,200192,13,5653586034
8883,248710230,44922776,293633006,4,0,0,47104,26,8921047471
8884,248752680,45398744,294151424,4,0,0,144384,26,9050537574
8885,248768710,45206477,293975187,7,0,0,14848,20,9266386933
8886,248788660,45793715,294582375,7,0,0,115712,20,6875515837
8887,248794570,45586933,294381503,6,0,0,159744,11,9220304109
8888,248834350,45411796,294246146,4,0,0,60928,26,4902944263
8889,248879910,45667186,294547096,2,0,0,171008,19,10415841160
8890,248881380,45880476,294761856,4,0,0,305664,26,1611417632
8891,248908690,45996778,294905468,4,0,0,94208,26,9908251258
8892,248939640,45937055,294876695,8,0,0,376832,14,7123104878
8893,248944729,45978858,294923587,3,0,0,59392,20,838694726
8894,248977660,46276366,295254026,8,0,0,467968,14,9527516697
8895,248988120,46368492,295356612,6,0,0,209920,11,4261588719
8896,248991831,46272670,295264501,0,0,0,34304,13,9261531859
8897,249009130,46414897,295424027,8,0,0,221184,14,8349331265
8898,249047120,46429504,295476624,7,0,0,119808,20,7172800485
8899,249051120,46443194,295494314,4,0,0,57856,26,1328842307
8900,249160480,46858576,296019056,4,0,0,423936,26,6236369229
8901,249163380,47093223,296256603,6,0,0,93696,11,2972371231
8902,249176440,47048356,296224796,2,0,0,238592,19,7798303297
8903,249183051,46968980,296152031,0,0,0,243200,13,5973265178
8904,249224721,46803718,296028439,0,0,0,30720,13,6379552275
8905,249234531,47030542,296265073,0,0,0,27648,13,5656365824
8906,249239950,47195469,296435419,6,0,0,229888,11,5094626075
8907,249273170,46954862,296228032,8,0,0,10240,14,6395121799
8908,249326350,46976389,296302739,7,0,0,123392,20,2630020096
8909,249343250,47093463,296436713,8,0,0,4096,14,3398603733
8910,249373271,47429140,296802411,0,0,0,529408,13,3000420245
8911,249400890,47505867,296906757,2,0,0,143360,19,5245480175
8912,249558800,47383704,296942504,7,0,0,117248,20,8369592456
8913,249712060,46745321,296457381,2,0,0,3072,19,3382218377
8914,249737620,47125388,296863008,2,0,0,189440,19,7976763040
8915,249766261,47344623,297110884,0,0,0,418304,13,9705515112
8916,249779500,47473589,297253089,8,0,0,217600,14,3405144920
8917,249904390,46900852,296805242,8,0,0,9216,14,6216560047
8918,250019660,47251548,297271208,6,0,0,59392,11,4490015502
8919,250106710,47324859,297431569,6,0,0,104960,11,5742779490
8920,250123070,47613343,297736413,2,0,0,130560,19,8061599762
8921,250218091,47059224,297277315,0,0,0,19968,13,8000196423
8922,250242661,48026434,298269095,0,0,0,727552,13,845314308
8923,250276570,47071747,297348317,2,0,0,7680,19,3164555508
8924,250287300,48314387,298601687,2,0,0,395264,19,985768107
8925,250310670,48112443,298423113,4,0,0,292352,26,2382171542
8926,250331201,48106443,298437644,0,0,0,47616,13,5713097380
8927,250385890,48766902,299152792,4,0,0,451072,26,9146680678
8928,250437520,47896494,298334014,7,0,0,212992,20,2930621378
8929,250460031,48266791,298726822,0,0,0,410624,13,222946824
8930,250474780,48336740,298811520,8,0,0,277504,14,9600965660
8931,250496540,49058793,299555333,6,0,0,1070592,11,7296209699
8932,250500190,48714897,299215087,8,0,0,30208,14,2941312426
8933,250594630,49029660,299624290,2,0,0,122880,19,9551370347
8934,250609220,48977607,299586827,2,0,0,94720,19,3272245492
8935,250816870,48741074,299557944,8,0,0,8192,14,8756536727
8936,250874810,48828445,299703255,4,0,0,146432,26,856266700
8937,250900380,48758236,299658616,2,0,0,112128,19,1242782961
8938,250906800,48927642,299834442,2,0,0,25088,19,8784988454
8939,250918141,49399494,300317635,0,0,0,345600,13,8541057085
8940,250946250,49046543,299992793,6,0,0,206848,11,10342496177
8941,251014481,50616245,301630726,0,0,0,1345536,13,7268765622
8942,251085480,50642462,301727942,4,0,0,256512,26,7605146511
8943,251100930,48902650,300003580,4,0,0,35328,26,3920827717
8944,251157490,49256151,300413641,8,0,0,110080,14,1403472361
8945,251159400,48956005,300115405,4,0,0,33280,26,1094962849
8946,251249960,49282572,300532532,2,0,0,37376,19,4939212353
8947,251300630,49766656,301067286,6,0,0,175616,11,9304000732
8948,251309421,49872697,301182118,0,0,0,169472,13,4602230278
8949,251405780,49715959,301121739,2,0,0,7680,19,9546813979
8950,251639730,50155586,301795316,8,0,0,220672,14,4065299946
8951,251647420,50002297,301649717,2,0,0,61952,19,9102774151
