RequestID,ArrivalTime,DelayTime,FinishTime,InitiatorID,TargetID,IOType,Size,VolumeID,Offset
0,2075820743,43904,2075864647,24,0,0,512,24,2318469552
1,2075843912,105149,2075949061,28,0,0,44544,28,1549648722
2,2075862838,3898,2075866736,17,0,1,4096,17,7026748841
3,2075867601,2470,2075870071,17,0,1,2560,17,10684136399
4,2075888519,130472,2076018991,6,0,0,46080,6,1196897332
5,2075914339,199041,2076113380,12,0,0,512,12,10643615070
6,2075925271,188296,2076113567,29,0,0,512,29,2034610076
7,2075932258,3128,2075935386,28,0,1,9216,28,8843759256
8,2075951419,4679,2075956098,18,0,1,12288,18,6183090699
9,2075952485,160724,2076113209,25,0,0,117248,25,4335371440
10,2075982776,1042,2075983818,17,0,1,1024,17,6114045511
11,2076001427,307771,2076309198,13,0,0,50176,13,308828820
12,2076011517,11857,2076023374,3,0,1,4608,3,5828875571
13,2076016713,217119,2076233832,5,0,0,35840,5,1997793203
14,2076051211,5802,2076057013,0,0,1,6144,0,6493096923
15,2076058253,92024,2076150277,13,0,0,14848,13,5713147406
16,2076066400,1518,2076067918,21,0,1,1536,21,6098188281
17,2076087274,103985,2076191259,21,0,0,2048,21,9151943794
18,2076096681,20743,2076117424,28,0,1,4096,28,5295146453
19,2076130993,2946,2076133939,14,0,1,3072,14,870710920
20,2076185865,88392,2076274257,19,0,0,6144,19,4393140425
21,2076201039,45596,2076246635,3,0,0,1024,3,2884868205
22,2076214307,95233,2076309540,9,0,0,1024,9,2056160689
23,2076230819,183661,2076414480,18,0,0,56832,18,6218931023
24,2076240502,45596,2076286098,17,0,0,1024,17,968524080
25,2076248353,1994,2076250347,29,0,1,2048,29,6250379032
26,2076256675,122740,2076379415,15,0,0,47616,15,8373477093
27,2076266123,1042,2076267165,9,0,1,1024,9,2185824230
28,2076270825,80307,2076351132,13,0,0,10240,13,8435599007
29,2076281969,105294,2076387263,7,0,0,512,7,3670921630
30,2076293720,15493,2076309213,11,0,1,2048,11,3968727302
31,2076310541,248685,2076559226,6,0,0,27648,6,7617597917
32,2076313798,566,2076314364,27,0,1,512,27,378590463
33,2076338898,4850,2076343748,6,0,1,5120,6,618135186
34,2076349033,3133,2076352166,1,0,1,1024,1,5945592038
35,2076359341,139364,2076498705,3,0,0,512,3,6629847021
36,2076366899,56412,2076423311,24,0,0,512,24,4528290208
37,2076369766,94784,2076464550,17,0,0,1024,17,879282975
38,2076377966,6817,2076384783,6,0,1,5632,6,259352780
39,2076386713,110495,2076497208,23,0,0,28672,23,2893528125
40,2076418918,6278,2076425196,11,0,1,6656,11,5124121127
41,2076485510,1042,2076486552,13,0,1,1024,13,9252247035
42,2076495178,96686,2076591864,25,0,0,15872,25,10274830971
43,2076500633,5326,2076505959,14,0,1,5632,14,4993543152
44,2076502693,4572,2076507265,5,0,1,2048,5,955230481
45,2076514523,1042,2076515565,3,0,1,1024,3,6200917544
46,2076529678,172048,2076701726,26,0,0,22016,26,6000325110
47,2076553493,154659,2076708152,13,0,0,20480,13,7739439703
48,2076558218,119778,2076677996,26,0,0,46080,26,6440084643
49,2076562180,62384,2076624564,0,0,0,10752,0,7204504883
50,2076592051,215635,2076807686,22,0,0,82432,22,3873318917
51,2076592926,159368,2076752294,19,0,0,61952,19,9928174111
52,2076606812,202324,2076809136,16,0,0,4096,16,8848805662
53,2076632391,69506,2076701897,17,0,0,512,17,6829736874
54,2076643016,190714,2076833730,0,0,0,13312,0,9359436859
55,2076687485,1994,2076689479,17,0,1,2048,17,6708741144
56,2076742436,65437,2076807873,3,0,0,512,3,5962800093
57,2076786078,25963,2076812041,15,0,1,3072,15,4730617139
58,2076793345,23916,2076817261,9,0,1,7680,9,257844460
59,2076836330,1042,2076837372,20,0,1,1024,20,511668854
60,2076867718,108680,2076976398,7,0,0,56832,7,4282848642
61,2076878840,1518,2076880358,22,0,1,1536,22,7863892116
62,2076890491,164801,2077055292,0,0,0,102912,0,4182776281
63,2076905523,1518,2076907041,14,0,1,1536,14,7211774544
64,2076927575,83050,2077010625,23,0,0,2560,23,2879465300
65,2076933336,122298,2077055634,17,0,0,1024,17,4423199212
66,2077022337,32970,2077055307,22,0,1,2560,22,3529962957
67,2077036413,188540,2077224953,13,0,0,60928,13,4234770121
68,2077057365,4850,2077062215,20,0,1,5120,20,10100908269
69,2077081182,2946,2077084128,24,0,1,3072,24,157188592
70,2077090421,566,2077090987,23,0,1,512,23,31730362
71,2077121982,122962,2077244944,28,0,0,65536,28,10031681023
72,2077145365,566,2077145931,17,0,1,512,17,1718960562
73,2077152509,176376,2077328885,12,0,0,1536,12,4238994626
74,2077155273,5326,2077160599,11,0,1,5632,11,5619283991
75,2077157118,217663,2077374781,22,0,0,39936,22,8535894414
76,2077162420,2470,2077164890,0,0,1,2560,0,9965036967
77,2077176886,134409,2077311295,6,0,0,61952,6,4081653453
78,2077196332,2470,2077198802,29,0,1,2560,29,3502132070
79,2077215533,95933,2077311466,29,0,0,512,29,3439534235
80,2077234100,11895,2077245995,10,0,1,1024,10,603038694
81,2077243979,4232,2077248211,13,0,1,3072,13,5918416362
82,2077267725,4850,2077272575,24,0,1,5120,24,10455488866
83,2077277969,110828,2077388797,15,0,0,15360,15,9869032622
84,2077278909,6754,2077285663,18,0,1,7168,18,2795409210
85,2077309374,82558,2077391932,15,0,0,10240,15,3882059497
86,2077326369,4679,2077331048,14,0,1,12288,14,5530719990
87,2077352958,59132,2077412090,18,0,0,5120,18,2291061187
88,2077353061,59200,2077412261,10,0,0,512,10,2592486341
89,2077385691,144345,2077530036,15,0,0,12288,15,4693735315
90,2077413124,2476,2077415600,12,0,1,2560,12,2347729760
91,2077413171,144255,2077557426,28,0,0,15360,28,8341732737
92,2077439337,4850,2077444187,27,0,1,5120,27,4497476712
93,2077446719,2470,2077449189,15,0,1,2560,15,6731036669
94,2077448369,158369,2077606738,16,0,0,40448,16,3416426715
95,2077466009,2946,2077468955,22,0,1,3072,22,5820920897
96,2077484018,122891,2077606909,20,0,0,512,20,10218099385
97,2077492774,4937,2077497711,27,0,1,12800,27,6108934568
98,2077495991,76665,2077572656,29,0,0,2560,29,4849248353
99,2077526375,9882,2077536257,28,0,1,15360,28,3693556451
100,2077545200,74600,2077619800,9,0,0,1536,9,5393360887
101,2077558124,566,2077558690,12,0,1,512,12,2697557423
102,2077558524,4937,2077563461,21,0,1,12800,21,9049280272
103,2077568478,268557,2077837035,5,0,0,56320,5,7629918438
104,2077574317,1042,2077575359,5,0,1,1024,5,8188975086
105,2077626749,491031,2078117780,22,0,0,134656,22,5556262823
106,2077660354,128986,2077789340,23,0,0,43008,23,215749674
107,2077669601,1994,2077671595,29,0,1,2048,29,1941245731
108,2077688963,245175,2077934138,1,0,0,10752,1,1621326985
109,2077733716,3422,2077737138,17,0,1,3584,17,6433316760
110,2077738867,16096,2077754963,3,0,1,31232,3,6204118227
111,2077742163,74243,2077816406,5,0,0,9728,5,9723765044
112,2077748694,9175,2077757869,12,0,1,4608,12,8304943140
113,2077786906,5372,2077792278,29,0,1,3072,29,8326665497
114,2077843592,1042,2077844634,17,0,1,1024,17,788414857
115,2077858259,217955,2078076214,16,0,0,158208,16,5792508055
116,2077875602,566,2077876168,3,0,1,512,3,1139788392
117,2077883010,193711,2078076721,10,0,0,1536,10,7448306423
118,2077893916,361613,2078255529,19,0,0,275968,19,5014116875
119,2077898018,566,2077898584,14,0,1,512,14,6008265649
120,2077914613,4374,2077918987,0,0,1,4608,0,1389194272
121,2077930566,212464,2078143030,19,0,0,12288,19,1229158226
122,2077930589,325275,2078255864,9,0,0,1024,9,1698137533
123,2077935402,1994,2077937396,0,0,1,2048,0,5784064117
124,2078032830,89308,2078122138,23,0,1,4608,23,5641698804
125,2078032873,89611,2078122484,10,0,1,512,10,9066287569
126,2078034796,89954,2078124750,11,0,1,3584,11,9678769105
127,2078040067,87269,2078127336,23,0,1,4096,23,3490933583
128,2078047783,81819,2078129602,3,0,1,3584,3,2930495857
129,2078066781,63282,2078130063,9,0,1,10240,9,9561094913
130,2078078953,52736,2078131689,27,0,1,2560,27,2582245534
131,2078126648,183057,2078309705,13,0,0,7168,13,1021207998
132,2078141110,131984,2078273094,7,0,0,55808,7,4986500922
133,2078152115,103920,2078256035,9,0,0,512,9,7257811663
134,2078175186,149313,2078324499,10,0,0,1024,10,4610156684
135,2078232171,89756,2078321927,22,0,0,7168,22,8166990126
136,2078232847,40772,2078273619,14,0,1,512,14,9469994390
137,2078240586,35569,2078276155,18,0,1,3072,18,4224262658
138,2078240629,277491,2078518120,22,0,0,58368,22,9779479854
139,2078241586,87989,2078329575,21,0,0,2560,21,9559201458
140,2078260185,86004,2078346189,24,0,0,512,24,6590825877
141,2078292624,1994,2078294618,14,0,1,2048,14,2446868529
142,2078305713,180455,2078486168,13,0,0,71168,13,3542245640
143,2078335842,198525,2078534367,7,0,0,53248,7,4319926634
144,2078355864,3898,2078359762,28,0,1,4096,28,6651246626
145,2078362335,214435,2078576770,6,0,0,20480,6,7013980616
146,2078368348,1994,2078370342,12,0,1,2048,12,6520209495
147,2078406704,79799,2078486503,16,0,0,1024,16,4354327740
148,2078414686,7230,2078421916,13,0,1,7680,13,5204996154
149,2078420220,143443,2078563663,2,0,0,34304,2,7698157971
150,2078425896,5196,2078431092,27,0,1,13312,27,2982839421
151,2078436824,566,2078437390,11,0,1,512,11,986323837
152,2078440649,151844,2078592493,22,0,0,16896,22,5779554197
153,2078450247,4850,2078455097,3,0,1,5120,3,10531231073
154,2078452123,190970,2078643093,12,0,0,1024,12,157337001
155,2078460665,1994,2078462659,1,0,1,2048,1,10603290176
156,2078470734,121930,2078592664,3,0,0,512,3,6436096465
157,2078501434,38694,2078540128,29,0,1,6144,29,2049677478
158,2078533516,7278,2078540794,11,0,1,1024,11,1630353949
159,2078565247,67136,2078632383,1,0,0,2048,1,8896215904
160,2078586530,7230,2078593760,1,0,1,7680,1,9195791272
161,2078600088,184942,2078785030,18,0,0,8192,18,1192735253
162,2078611174,1518,2078612692,6,0,1,1536,6,4067218946
163,2078623249,211259,2078834508,7,0,0,7168,7,5320798426
164,2078688394,181912,2078870306,19,0,0,29184,19,7147105685
165,2078689760,70976,2078760736,15,0,0,8704,15,2462348069
166,2078698421,124673,2078823094,3,0,0,512,3,9627120179
167,2078714073,226099,2078940172,21,0,0,131584,21,2074068515
168,2078719787,3128,2078722915,29,0,1,9216,29,10522462873
169,2078723451,300379,2079023830,2,0,0,178176,2,10208142866
170,2078766338,195777,2078962115,13,0,0,4608,13,8230200981
171,2078784381,156906,2078941287,10,0,0,3584,10,9517139727
172,2078902827,44697,2078947524,11,0,1,6656,11,9033196951
173,2078960210,85940,2079046150,7,0,0,22528,7,2176879943
174,2079001157,81977,2079083134,3,0,0,512,3,10580503591
175,2079010820,62007,2079072827,10,0,0,2048,10,6600190002
176,2079030098,2870,2079032968,17,0,1,8704,17,1692223718
177,2079038820,7345,2079046165,20,0,1,1024,20,5287266639
178,2079076373,566,2079076939,21,0,1,512,21,596927623
179,2079088953,248231,2079337184,1,0,0,1024,1,8681583741
180,2079097840,2470,2079100310,14,0,1,2560,14,8399980843
181,2079103228,5802,2079109030,21,0,1,6144,21,8494931523
182,2079103884,7412,2079111296,20,0,1,3584,20,5749597148
183,2079112320,566,2079112886,28,0,1,512,28,8505303776
184,2079128216,208518,2079336734,25,0,0,76288,25,1905587211
185,2079133927,3898,2079137825,23,0,1,4096,23,59014674
186,2079186841,1994,2079188835,18,0,1,2048,18,8307256365
187,2079187335,3307,2079190642,1,0,1,9216,1,9170177339
188,2079223948,4374,2079228322,13,0,1,4608,13,7646001820
189,2079279673,225902,2079505575,15,0,0,512,15,10681848533
190,2079289347,1042,2079290389,20,0,1,1024,20,9366461836
191,2079322914,15330,2079338244,18,0,1,1536,18,676166413
192,2079341521,306800,2079648321,23,0,0,135168,23,3017796189
193,2079347092,566,2079347658,29,0,1,512,29,5358280031
194,2079354937,190202,2079545139,2,0,0,84992,2,5790009431
195,2079356032,95309,2079451341,21,0,0,5120,21,9391731631
196,2079360875,298233,2079659108,4,0,0,35328,4,3255225025
197,2079364465,138038,2079502503,10,0,0,512,10,9808275436
198,2079367363,236138,2079603501,21,0,0,43520,21,962134662
199,2079371673,5326,2079376999,6,0,1,5632,6,1537290203
200,2079409741,3645,2079413386,19,0,1,10240,19,3127354637
201,2079457686,214401,2079672087,22,0,0,42496,22,917538516
202,2079459470,101011,2079560481,19,0,0,8192,19,8229542788
203,2079479360,66598,2079545958,17,0,0,2560,17,10486928492
204,2079487618,91877,2079579495,18,0,0,15360,18,9312729388
205,2079521775,190062,2079711837,5,0,0,38912,5,3331558015
206,2079522813,28430,2079551243,28,0,1,5632,28,3142006377
207,2079530565,21024,2079551589,11,0,1,512,11,4909278870
208,2079556561,179444,2079736005,13,0,0,17408,13,7741099375
209,2079556992,3504,2079560496,1,0,1,8704,1,10726909926
210,2079590188,182844,2079773032,17,0,0,512,17,508024215
211,2079609855,107587,2079717442,1,0,0,10752,1,9646523858
212,2079621688,139265,2079760953,23,0,0,12800,23,566806781
213,2079623882,276894,2079900776,18,0,0,20992,18,160125666
214,2079651577,32293,2079683870,20,0,1,19456,20,8572227427
215,2079697015,165200,2079862215,15,0,0,112128,15,3135081335
216,2079722915,147295,2079870210,19,0,0,26112,19,7112989471
217,2079758077,4386,2079762463,6,0,1,1536,6,3827549258
218,2079772991,168484,2079941475,1,0,0,82944,1,8986830887
219,2079784065,243080,2080027145,16,0,0,58368,16,518190488
220,2079814244,1042,2079815286,28,0,1,1024,28,10685619950
221,2079829564,355228,2080184792,28,0,0,86016,28,1371487582
222,2079840131,34200,2079874331,20,0,1,11264,20,72407612
223,2079848323,209839,2080058162,5,0,0,19968,5,9632735492
224,2079865451,349955,2080215406,21,0,0,98816,21,2885653456
225,2079875204,282882,2080158086,15,0,0,136192,15,5034072250
226,2079906319,153877,2080060196,15,0,0,2560,15,9469785051
227,2079983440,2946,2079986386,27,0,1,3072,27,9798452460
228,2079992185,566,2079992751,24,0,1,512,24,578155458
229,2080015752,12903,2080028655,29,0,1,1536,29,793146030
230,2080029172,129397,2080158569,23,0,0,1536,23,7187757864
231,2080038507,566,2080039073,20,0,1,512,20,8049917801
232,2080063244,122031,2080185275,9,0,0,1536,9,3279124026
233,2080076507,4374,2080080881,20,0,1,4608,20,6199032453
234,2080174348,111175,2080285523,0,0,0,29184,0,2699533580
235,2080194263,24797,2080219060,6,0,1,10240,6,7061792839
236,2080201631,17775,2080219406,21,0,1,512,21,10052782578
237,2080236086,4374,2080240460,20,0,1,4608,20,2262294355
238,2080236183,14956,2080251139,20,0,1,23040,20,2073925064
239,2080341649,165851,2080507500,13,0,0,117760,13,1521580103
240,2080366626,103617,2080470243,23,0,0,5120,23,6507375713
241,2080379628,161979,2080541607,26,0,0,10240,26,1097017913
242,2080400878,4162,2080405040,11,0,1,11264,11,6751787884
243,2080406517,103814,2080510331,2,0,0,9216,2,342014283
244,2080410038,108949,2080518987,0,0,0,1536,0,2600886864
245,2080443896,126655,2080570551,5,0,0,24576,5,9838464662
246,2080487363,27827,2080515190,9,0,1,5120,9,6490559155
247,2080499580,17024,2080516604,24,0,1,12288,24,4836292106
248,2080500696,70338,2080571034,17,0,0,1536,17,6724458558
249,2080508409,76783,2080585192,29,0,0,512,29,4839754902
250,2080537745,3898,2080541643,13,0,1,4096,13,1944676638
251,2080564037,130058,2080694095,15,0,0,512,15,7730008068
252,2080638562,43904,2080682466,3,0,0,512,3,4068377155
253,2080639040,47288,2080686328,15,0,0,1536,15,1416963048
254,2080645917,4374,2080650291,15,0,1,4608,15,6049862598
255,2080661295,43904,2080705199,3,0,0,512,3,7490542870
256,2080681737,12049,2080693786,13,0,1,19968,13,2379586265
257,2080697153,3898,2080701051,21,0,1,4096,21,364030890
258,2080725904,6754,2080732658,18,0,1,7168,18,10271930733
259,2080739337,61916,2080801253,19,0,0,9216,19,9281097361
260,2080770336,78836,2080849172,26,0,0,14336,26,5909105719
261,2080804674,104936,2080909610,5,0,0,44544,5,1398918076
262,2080838662,136978,2080975640,16,0,0,33280,16,6693297877
263,2080860698,3422,2080864120,12,0,1,3584,12,6990469950
264,2080864977,56633,2080921610,20,0,0,1024,20,3928698268
265,2080869444,1994,2080871438,4,0,1,2048,4,3106140416
266,2080878085,151855,2081029940,28,0,0,2560,28,7223933695
267,2080879004,139638,2081018642,19,0,0,57344,19,774721795
268,2080921374,794,2080922168,24,0,1,512,24,4599053513
269,2080955956,4850,2080960806,9,0,1,5120,9,5783861161
270,2080960016,2096,2080962112,0,0,1,2048,0,7107774202
271,2081012759,6441,2081019200,11,0,1,512,11,2050330610
272,2081018814,45621,2081064435,12,0,0,1024,12,6519623218
273,2081035393,44060,2081079453,9,0,0,1024,9,6626108700
274,2081048846,5454,2081054300,24,0,1,13824,24,4266861468
275,2081063162,109304,2081172466,0,0,0,58880,0,590588460
276,2081082722,48980,2081131702,10,0,0,2048,10,9832272062
277,2081102171,137867,2081240038,26,0,0,41472,26,1970372302
278,2081124413,6278,2081130691,5,0,1,6656,5,9995395394
279,2081160646,16203,2081176849,20,0,1,4608,20,6382692308
280,2081171946,48449,2081220395,17,0,0,1024,17,7038585162
281,2081235409,48525,2081283934,17,0,0,512,17,5851219191
282,2081259252,3128,2081262380,22,0,1,9216,22,1033318015
283,2081279737,1518,2081281255,6,0,1,1536,6,4567119178
284,2081351441,72757,2081424198,4,0,0,3072,4,7473185004
285,2081352853,5326,2081358179,21,0,1,5632,21,2084177125
286,2081383207,12308,2081395515,18,0,1,20480,18,4813523724
287,2081402386,2946,2081405332,15,0,1,3072,15,657429433
288,2081422124,130568,2081552692,16,0,0,50688,16,4623159530
289,2081428500,178210,2081606710,2,0,0,8192,2,8812131882
290,2081430603,101504,2081532107,2,0,0,33280,2,8903046569
291,2081454668,128120,2081582788,21,0,0,1024,21,7892654788
292,2081482336,1518,2081483854,5,0,1,1536,5,4632471816
293,2081491304,112895,2081604199,22,0,0,23552,22,3135232633
294,2081502336,50770,2081553106,9,0,0,512,9,3566536967
295,2081533761,18946,2081552707,18,0,1,13824,18,9700570187
296,2081565153,127081,2081692234,25,0,0,76800,25,6957698468
297,2081589275,1994,2081591269,1,0,1,2048,1,3125045393
298,2081612099,566,2081612665,1,0,1,512,1,537952287
299,2081623747,7706,2081631453,12,0,1,8192,12,3953996359
300,2081676148,114798,2081790946,5,0,0,29184,5,10273619617
301,2081676980,219825,2081896805,16,0,0,23552,16,6311880306
302,2081680531,14215,2081694746,21,0,1,2560,21,6142999886
303,2081744163,87481,2081831644,4,0,0,20480,4,1444205708
304,2081781791,102504,2081884295,9,0,0,1536,9,9498883563
305,2081792080,4374,2081796454,27,0,1,4608,27,7080338345
306,2081804039,5326,2081809365,9,0,1,5632,9,5655784384
307,2081805984,123011,2081928995,1,0,0,67584,1,2340317426
308,2081809355,90300,2081899655,2,0,0,1536,2,2345194615
309,2081822016,215612,2082037628,21,0,0,76288,21,2618236501
310,2081835722,1042,2081836764,29,0,1,1024,29,6549004722
311,2081852229,3422,2081855651,14,0,1,3584,14,2750637512
312,2081867821,87628,2081955449,24,0,0,2048,24,5984191226
313,2081941745,122892,2082064637,18,0,0,15360,18,3411965831
314,2081951941,1518,2081953459,1,0,1,1536,1,7068246927
315,2081958302,153480,2082111782,13,0,0,13824,13,3547521719
316,2081966653,345500,2082312153,18,0,0,61952,18,8476117440
317,2081982501,85634,2082068135,12,0,0,512,12,4458169263
318,2082001454,7230,2082008684,13,0,1,7680,13,10410282893
319,2082015092,109398,2082124490,25,0,0,5120,25,3253013953
320,2082016164,210354,2082226518,13,0,0,28672,13,7756258711
321,2082045080,1518,2082046598,21,0,1,1536,21,1748668694
322,2082097794,53217,2082151011,10,0,0,512,10,5434683153
323,2082102192,566,2082102758,9,0,1,512,9,1840385137
324,2082131471,12566,2082144037,21,0,1,20992,21,4557293255
325,2082132777,97968,2082230745,22,0,0,13824,22,1580228385
326,2082160350,70878,2082231228,17,0,0,1536,17,1378866180
327,2082174872,4850,2082179722,13,0,1,5120,13,10689273169
328,2082176438,5550,2082181988,17,0,1,3584,17,8224626803
329,2082187664,10241,2082197905,24,0,1,16384,24,1241741126
330,2082191943,7588,2082199531,11,0,1,2560,11,1435139219
331,2082200385,151576,2082351961,12,0,0,512,12,10709741010
332,2082257564,177966,2082435530,9,0,0,1536,9,8674043496
333,2082276695,6754,2082283449,28,0,1,7168,28,8287872366
334,2082279130,7225,2082286355,28,0,1,4608,28,3383663097
335,2082286255,2946,2082289201,29,0,1,3072,29,9702914931
336,2082330456,4850,2082335306,6,0,1,5120,6,2042966767
337,2082330652,6920,2082337572,21,0,1,3584,21,2955002712
338,2082339984,2870,2082342854,24,0,1,8704,24,7405766555
339,2082340538,6997,2082347535,22,0,1,5120,22,8442335096
340,2082385823,566,2082386389,12,0,1,512,12,7703766325
341,2082399087,112270,2082511357,7,0,0,17920,7,2496724040
342,2082409872,1042,2082410914,15,0,1,1024,15,9646395057
343,2082410379,65258,2082475637,5,0,0,1536,5,2174733836
344,2082445233,89434,2082534667,9,0,0,2560,9,116814702
345,2082453897,45596,2082499493,29,0,0,1024,29,7336696305
346,2082464834,2470,2082467304,4,0,1,2560,4,83473995
347,2082474425,4850,2082479275,22,0,1,5120,22,9474576397
348,2082486113,2946,2082489059,17,0,1,3072,17,293137901
349,2082530456,101816,2082632272,13,0,0,34304,13,10141522950
350,2082540104,95459,2082635563,18,0,0,10752,18,845107273
351,2082540677,197769,2082738446,1,0,0,63488,1,5329568250
352,2082555792,5802,2082561594,28,0,1,6144,28,10646279967
353,2082577211,13600,2082590811,11,0,1,23040,11,4074754841
354,2082580178,11619,2082591797,9,0,1,1536,9,1907882027
355,2082602057,310042,2082912099,13,0,0,72704,13,3813418478
356,2082660423,3645,2082664068,19,0,1,10240,19,5874767387
357,2082713165,111753,2082824918,1,0,0,47616,1,4643927893
358,2082804623,144594,2082949217,25,0,0,55296,25,6557362867
359,2082841005,71280,2082912285,10,0,0,512,10,9209098357
360,2082844457,4420,2082848877,9,0,1,11776,9,5973462935
361,2082888965,23149,2082912114,21,0,1,3584,21,7962985964
362,2082914911,1994,2082916905,6,0,1,2048,6,10416026039
363,2082933066,21486,2082954552,15,0,1,5632,15,9883727222
364,2082939355,92699,2083032054,18,0,0,12288,18,3807585889
365,2082992336,6754,2082999090,18,0,1,7168,18,4456409628
366,2082992585,252235,2083244820,2,0,0,171520,2,3426561214
367,2083000265,4937,2083005202,1,0,1,12800,1,6152808107
368,2083042260,241690,2083283950,1,0,0,60416,1,8649171006
369,2083043625,212754,2083256379,5,0,0,37888,5,4993939733
370,2083077868,232790,2083310658,6,0,0,53760,6,5218347307
371,2083098763,4374,2083103137,4,0,1,4608,4,2735281435
372,2083114385,1518,2083115903,17,0,1,1536,17,1386692030
373,2083119670,1518,2083121188,29,0,1,1536,29,3998449391
374,2083166525,3422,2083169947,20,0,1,3584,20,8321822015
375,2083169095,7230,2083176325,28,0,1,7680,28,4173828942
376,2083169545,141381,2083310926,22,0,0,512,22,1086161505
377,2083192302,149231,2083341533,19,0,0,48640,19,8137100735
378,2083207302,50629,2083257931,18,0,1,1536,18,10289325440
379,2083223268,241871,2083465139,13,0,0,26112,13,2800289830
380,2083232109,300807,2083532916,2,0,0,155648,2,6432544344
381,2083263388,566,2083263954,11,0,1,512,11,7060871844
382,2083284730,98228,2083382958,25,0,0,22528,25,4936755986
383,2083294076,16597,2083310673,6,0,1,5120,6,6714194535
384,2083311929,221782,2083533711,7,0,0,2560,7,7822874541
385,2083327517,24507,2083352024,19,0,1,16896,19,3017553175
386,2083353293,116541,2083469834,23,0,0,15360,23,678168786
387,2083364070,120656,2083484726,24,0,0,2048,24,7266398138
388,2083369856,2946,2083372802,14,0,1,3072,14,8614762247
389,2083370696,3732,2083374428,10,0,1,2560,10,9436174624
390,2083387620,1994,2083389614,17,0,1,2048,17,8102455801
391,2083404643,164440,2083569083,24,0,0,1536,24,8838678013
392,2083414096,1042,2083415138,21,0,1,1024,21,4068221393
393,2083478508,185064,2083663572,19,0,0,37888,19,8606776222
394,2083524168,53439,2083577607,17,0,0,512,17,5464840296
395,2083532857,1913,2083534770,5,0,1,1024,5,1278327112
396,2083540860,96514,2083637374,10,0,0,1536,10,2186595659
397,2083584115,43904,2083628019,21,0,0,512,21,4467271788
398,2083613550,60480,2083674030,2,0,0,512,2,4123012542
399,2083623137,566,2083623703,12,0,1,512,12,1716715532
400,2083637535,3898,2083641433,9,0,1,4096,9,18082387
401,2083699358,2470,2083701828,19,0,1,2560,19,9296729027
402,2083794719,2870,2083797589,4,0,1,8704,4,7493888785
403,2083835476,6754,2083842230,13,0,1,7168,13,6431693962
404,2083945273,113580,2084058853,21,0,0,26112,21,1767636351
405,2083969550,45596,2084015146,15,0,0,1024,15,3586747876
406,2084033679,43904,2084077583,12,0,0,512,12,7288401756
407,2084068758,1518,2084070276,20,0,1,1536,20,9733286786
408,2084088348,566,2084088914,17,0,1,512,17,4516061549
409,2084096877,207420,2084304297,2,0,0,95744,2,10608098435
410,2084116770,110567,2084227337,16,0,0,17408,16,9362277776
411,2084131487,6488,2084137975,28,0,1,15872,28,7748636376
412,2084138779,1518,2084140297,27,0,1,1536,27,2658936222
413,2084151312,4374,2084155686,23,0,1,4608,23,2118653236
414,2084170861,192161,2084363022,13,0,0,58880,13,9798962888
415,2084187338,157706,2084345044,28,0,0,68096,28,4227888883
416,2084212986,5802,2084218788,20,0,1,6144,20,4249544245
417,2084282771,62296,2084345067,9,0,1,38912,9,6045325992
418,2084284331,103939,2084388270,12,0,0,512,12,9620705576
419,2084299806,65238,2084365044,24,0,0,1024,24,6423154745
420,2084317748,93556,2084411304,9,0,0,1024,9,5447967428
421,2084324943,39606,2084364549,15,0,1,1536,15,47831648
422,2084332474,348101,2084680575,0,0,0,84480,0,3781741143
423,2084335903,32496,2084368399,5,0,1,5120,5,9659847170
424,2084347716,90354,2084438070,10,0,0,2048,10,6764698490
425,2084353617,16088,2084369705,21,0,1,2048,21,4113797751
426,2084375177,1994,2084377171,24,0,1,2048,24,7151552801
427,2084382605,134328,2084516933,17,0,0,1536,17,986773095
428,2084398385,6278,2084404663,23,0,1,6656,23,7715054413
429,2084408512,161154,2084569666,21,0,0,25088,21,4604403442
430,2084415776,212090,2084627866,21,0,0,7168,21,7940810731
431,2084467422,117220,2084584642,5,0,0,8704,5,4795085231
432,2084471246,119568,2084590814,21,0,0,10752,21,8652022860
433,2084473241,3898,2084477139,14,0,1,4096,14,4890937132
434,2084479662,5802,2084485464,11,0,1,6144,11,6228150348
435,2084521633,2470,2084524103,18,0,1,2560,18,9477121042
436,2084522062,92554,2084614616,24,0,0,2048,24,6440816971
437,2084528102,2470,2084530572,3,0,1,2560,3,7370900206
438,2084587828,94731,2084682559,24,0,0,512,24,5672663243
439,2084604114,4374,2084608488,5,0,1,4608,5,1019392593
440,2084605267,3567,2084608834,5,0,1,512,5,8800384618
441,2084607017,6488,2084613505,29,0,1,15872,29,2284541814
442,2084624232,5802,2084630034,18,0,1,6144,18,6253854517
443,2084628204,77744,2084705948,16,0,0,10752,16,1954923267
444,2084652618,1042,2084653660,3,0,1,1024,3,10569432811
445,2084670004,56362,2084726366,9,0,0,1024,9,9690213645
446,2084681230,5196,2084686426,18,0,1,13312,18,9160113942
447,2084737820,61136,2084798956,4,0,0,6656,4,2880604189
448,2084744628,125320,2084869948,7,0,0,78336,7,2987759109
449,2084765192,4420,2084769612,23,0,1,11776,23,4152349336
450,2084771019,1042,2084772061,20,0,1,1024,20,3774108975
451,2084788667,45596,2084834263,13,0,0,1024,13,4970392786
452,2084803824,66607,2084870431,12,0,0,1536,12,1987538453
453,2084873602,286924,2085160526,5,0,0,191488,5,1304376927
454,2084885865,566,2084886431,9,0,1,512,9,10664749633
455,2084915140,1518,2084916658,12,0,1,1536,12,7628338920
456,2084926477,566,2084927043,18,0,1,512,18,9024185790
457,2084931657,1042,2084932699,6,0,1,1024,6,266815884
458,2084932354,169166,2085101520,21,0,0,58880,21,9130664991
459,2084982419,197170,2085179589,13,0,0,62464,13,9819912805
460,2085012853,2946,2085015799,29,0,1,3072,29,10509952717
461,2085014784,87375,2085102159,25,0,0,2048,25,62538478
462,2085073964,4937,2085078901,13,0,1,12800,13,341231075
463,2085085591,372296,2085457887,6,0,0,18432,6,3508081089
464,2085114756,237290,2085352046,23,0,0,167424,23,9304456001
465,2085117164,235701,2085352865,19,0,0,2560,19,507468286
466,2085141059,261885,2085402944,23,0,0,106496,23,3756135506
467,2085181900,7706,2085189606,14,0,1,8192,14,1818353405
468,2085216239,241819,2085458058,17,0,0,512,17,6237733114
469,2085219677,403321,2085622998,21,0,0,150528,21,8887284348
470,2085233930,270690,2085504620,7,0,0,24576,7,739816206
471,2085236465,437598,2085674063,26,0,0,112128,26,2716601492
472,2085243536,2470,2085246006,19,0,1,2560,19,9596640611
473,2085297069,215849,2085512918,7,0,0,27136,7,1719993844
474,2085303855,336021,2085639876,25,0,0,33792,25,1075002759
475,2085308461,432199,2085740660,26,0,0,18432,26,5401437848
476,2085318487,311078,2085629565,28,0,0,21504,28,6782091575
477,2085325618,32243,2085357861,9,0,1,12800,9,5861750480
478,2085329396,351546,2085680942,16,0,0,22528,16,2184325372
479,2085335744,25454,2085361198,13,0,1,4608,13,9480823523
480,2085338533,351541,2085690074,13,0,0,14848,13,3721046425
481,2085368289,1042,2085369331,18,0,1,1024,18,7750675684
482,2085371462,205657,2085577119,0,0,0,38400,0,7263602526
483,2085391063,290237,2085681300,5,0,0,512,5,2099665686
484,2085402949,2039,2085404988,17,0,1,2048,17,3058509125
485,2085461636,1994,2085463630,13,0,1,2048,13,3134647851
486,2085474669,2870,2085477539,10,0,1,8704,10,559642794
487,2085489877,4850,2085494727,4,0,1,5120,4,8111790205
488,2085496395,8240,2085504635,21,0,1,3072,21,2562253766
489,2085500592,270511,2085771103,21,0,0,99840,21,3039778800
490,2085521554,163981,2085685535,26,0,0,13824,26,4713185557
491,2085530021,151100,2085681121,3,0,0,512,3,9332070883
492,2085547502,6754,2085554256,5,0,1,7168,5,143450419
493,2085612678,77427,2085690105,29,0,1,512,29,10184947704
494,2085624644,71191,2085695835,4,0,1,6144,4,7855374338
495,2085653393,43428,2085696821,28,0,1,1536,28,6498120465
496,2085683752,114502,2085798254,2,0,0,9728,2,4378126052
497,2085684483,13964,2085698447,6,0,1,2560,6,5748269423
498,2085690276,9157,2085699433,1,0,1,1536,1,4747459266
499,2085717166,4420,2085721586,0,0,1,11776,0,5356274939
500,2085736943,37065,2085774008,11,0,1,3072,11,9986373906
501,2085770217,4137,2085774354,22,0,1,512,22,385899499
502,2085781043,104156,2085885199,13,0,0,41984,13,2733927032
503,2085801866,6278,2085808144,24,0,1,6656,24,8256649925
504,2085802857,5748,2085808605,10,0,1,10240,10,4436555120
505,2085841508,48980,2085890488,10,0,0,2048,10,3774099171
506,2085850073,139499,2085989572,5,0,0,53760,5,1998245596
507,2085869654,15560,2085885214,0,0,1,12800,0,106190610
508,2085899329,152803,2086052132,25,0,0,68608,25,8484024592
509,2085903358,121487,2086024845,2,0,0,11264,2,3383678269
510,2085926317,63738,2085990055,15,0,0,1536,15,7695220980
511,2085939307,146219,2086085526,13,0,0,6144,13,5634618385
512,2085947333,105758,2086053091,24,0,0,3072,24,5984784006
513,2085964492,3422,2085967914,21,0,1,3584,21,4899270798
514,2086011446,101182,2086112628,6,0,0,13312,6,1331982545
515,2086042830,14594,2086057424,20,0,1,4608,20,8635400057
516,2086098741,104019,2086202760,18,0,0,24576,18,8024213631
517,2086108952,164149,2086273101,9,0,0,1024,9,1153115017
518,2086109593,13568,2086123161,12,0,1,16896,12,8542262478
519,2086110383,18443,2086128826,12,0,1,17920,12,3370548105
520,2086119626,10186,2086129812,6,0,1,1536,6,1062894836
521,2086165063,86212,2086251275,16,0,0,9728,16,3303527707
522,2086176915,48980,2086225895,3,0,0,2048,3,2859701284
523,2086179286,93488,2086272774,12,0,0,27136,12,2013409219
524,2086183482,45596,2086229078,24,0,0,1024,24,5701009555
525,2086196591,86845,2086283436,3,0,0,512,3,2803454521
526,2086244577,14804,2086259381,19,0,1,28672,19,4197606733
527,2086279593,274652,2086554245,26,0,0,8704,26,9519259013
528,2086286923,102128,2086389051,6,0,0,35328,6,1870021668
529,2086291022,149989,2086441011,5,0,0,44544,5,1275641363
530,2086302647,2870,2086305517,9,0,1,8704,9,1770027379
531,2086306461,1518,2086307979,13,0,1,1536,13,4596128054
532,2086313235,175873,2086489108,9,0,0,1024,9,9465961862
533,2086363495,6278,2086369773,17,0,1,6656,17,3137086073
534,2086384685,10863,2086395548,29,0,1,15872,29,1588741477
535,2086387221,57595,2086444816,21,0,0,4096,21,6892433021
536,2086396402,118596,2086514998,22,0,0,512,22,5780175864
537,2086412473,60506,2086472979,29,0,0,1024,29,3631016141
538,2086412915,79577,2086492492,10,0,0,2048,10,9899966718
539,2086418152,6278,2086424430,23,0,1,6656,23,2080467278
540,2086426652,14374,2086441026,7,0,1,1536,7,272069194
541,2086463301,117442,2086580743,4,0,0,33792,4,3998611529
542,2086466349,82556,2086548905,4,0,0,21504,4,233958060
543,2086466845,6149,2086472994,4,0,1,14848,4,5983710015
544,2086472948,45634,2086518582,15,0,0,1024,15,294095868
545,2086508028,4374,2086512402,22,0,1,4608,22,8108798797
546,2086509356,210254,2086719610,28,0,0,62464,28,5350389436
547,2086555629,4679,2086560308,22,0,1,12288,22,10730960855
548,2086558520,2134,2086560654,24,0,1,512,24,10685630061
549,2086566530,300602,2086867132,1,0,0,19456,1,7959782720
550,2086586103,138911,2086725014,29,0,0,1024,29,1004060037
551,2086586174,81776,2086667950,19,0,0,18944,19,2589058320
552,2086608420,258883,2086867303,15,0,0,512,15,9528859202
553,2086609193,231677,2086840870,21,0,0,160768,21,4147761721
554,2086641631,4374,2086646005,15,0,1,4608,15,8742734584
555,2086667451,177966,2086845417,26,0,0,14848,26,2782051186
556,2086674573,3422,2086677995,12,0,1,3584,12,2510168656
557,2086720118,293012,2087013130,21,0,0,94208,21,9522756067
558,2086750549,566,2086751115,6,0,1,512,6,1389543149
559,2086779332,143792,2086923124,16,0,0,36864,16,9750144058
560,2086786456,194664,2086981120,2,0,0,8192,2,8228424035
561,2086787165,137222,2086924387,26,0,0,4096,26,8819899533
562,2086804973,46706,2086851679,29,0,1,6656,29,6309484183
563,2086830763,21262,2086852025,19,0,1,512,19,6339250194
564,2086888030,155205,2087043235,12,0,0,15872,12,7239914149
565,2086921682,5567,2086927249,5,0,1,8704,5,2848144044
566,2086933153,11016,2086944169,22,0,1,17920,22,9159429871
567,2086995812,20749,2087016561,9,0,1,3584,9,1898761744
568,2086997309,24152,2087021461,27,0,1,7680,27,6693126358
569,2087034968,245090,2087280058,25,0,0,136192,25,6442973385
570,2087047652,4420,2087052072,3,0,1,11776,3,3382459158
571,2087057195,149675,2087206870,19,0,0,36352,19,5688366185
572,2087065351,3898,2087069249,23,0,1,4096,23,9247332192
573,2087084258,566,2087084824,5,0,1,512,5,4657728497
574,2087144461,566,2087145027,22,0,1,512,22,1016108786
575,2087203563,7203,2087210766,0,0,1,10752,0,9774090882
576,2087223679,56550,2087280229,17,0,0,512,17,2247106853
577,2087229952,139974,2087369926,3,0,0,1024,3,6980272740
578,2087272052,12543,2087284595,22,0,1,4608,22,8324251032
579,2087280614,5607,2087286221,21,0,1,2560,21,928211586
580,2087304696,43904,2087348600,9,0,0,512,9,10356349863
581,2087307605,147975,2087455580,13,0,0,1024,13,3495331939
582,2087340891,4937,2087345828,5,0,1,12800,5,6737068023
583,2087364879,3422,2087368301,5,0,1,3584,5,4114317614
584,2087375013,78875,2087453888,15,0,0,512,15,903056788
585,2087479271,6754,2087486025,14,0,1,7168,14,3351397918
586,2087491029,176083,2087667112,5,0,0,53760,5,8471194385
587,2087495050,155659,2087650709,19,0,0,57856,19,8373227003
588,2087503505,248324,2087751829,29,0,0,4608,29,9538904142
589,2087509477,1518,2087510995,19,0,1,1536,19,156608115
590,2087520824,229586,2087750410,26,0,0,116736,26,10053085174
591,2087548229,4374,2087552603,10,0,1,4608,10,9521785731
592,2087597382,566,2087597948,5,0,1,512,5,10359976013
593,2087599848,100433,2087700281,10,0,0,1536,10,1801784424
594,2087623531,1518,2087625049,4,0,1,1536,4,4349887262
595,2087636056,37293,2087673349,11,0,1,6656,11,7946727766
596,2087651226,25349,2087676575,3,0,1,5120,3,9242439183
597,2087666764,106135,2087772899,25,0,0,36352,25,7645138303
598,2087690605,566,2087691171,17,0,1,512,17,382597648
599,2087706789,2470,2087709259,18,0,1,2560,18,7774569785
600,2087747376,272327,2088019703,5,0,0,84480,5,7940947306
601,2087764901,108870,2087873771,26,0,0,31232,26,460076393
602,2087815751,147594,2087963345,1,0,0,127488,1,1428003730
603,2087846226,1518,2087847744,21,0,1,1536,21,2013574498
604,2087856696,2870,2087859566,20,0,1,8704,20,5546544718
605,2087857311,250105,2088107416,0,0,0,43008,0,4754801798
606,2087863660,230629,2088094289,28,0,0,30720,28,3489155483
607,2087926231,42023,2087968254,1,0,1,5120,1,213976361
608,2087942178,268769,2088210947,0,0,0,39424,0,3756325257
609,2087942229,117333,2088059562,12,0,0,15872,12,9792656956
610,2087960613,183238,2088143851,4,0,0,29184,4,7781625473
611,2087974770,11016,2087985786,1,0,1,17920,1,6957897849
612,2087989829,1518,2087991347,15,0,1,1536,15,6553379464
613,2088006457,277357,2088283814,3,0,0,1024,3,9899965225
614,2088091693,52329,2088144022,3,0,0,512,3,1052287751
615,2088119604,242849,2088362453,0,0,0,207872,0,6541522858
616,2088176484,2946,2088179430,24,0,1,3072,24,6387271135
617,2088209719,152905,2088362624,9,0,0,512,9,7905108787
618,2088252727,182908,2088435635,19,0,0,28160,19,5326370504
619,2088272373,97146,2088369519,21,0,0,22528,21,10282748383
620,2088314495,56025,2088370520,22,0,1,1024,22,3830710442
621,2088336763,171118,2088507881,0,0,0,32256,0,443512550
622,2088362758,99173,2088461931,18,0,0,27648,18,2253252708
623,2088372158,11274,2088383432,22,0,1,18432,22,10653973624
624,2088382407,43904,2088426311,22,0,0,512,22,3801139017
625,2088396131,82820,2088478951,19,0,0,12288,19,5024085312
626,2088445641,2946,2088448587,4,0,1,3072,4,6330522616
627,2088462671,73076,2088535747,21,0,0,6144,21,3120524455
628,2088516171,4374,2088520545,23,0,1,4608,23,5041650000
629,2088524634,31007,2088555641,4,0,1,50176,4,7097989843
630,2088528914,29953,2088558867,14,0,1,5120,14,1969320611
631,2088539850,22563,2088562413,4,0,1,5632,4,8667849527
632,2088540773,94266,2088635039,22,0,0,1024,22,4451209954
633,2088587976,4162,2088592138,23,0,1,11264,23,5897155168
634,2088608966,117927,2088726893,25,0,0,27648,25,5716858232
635,2088669191,204222,2088873413,1,0,0,17920,1,3771470936
636,2088688327,259192,2088947519,17,0,0,512,17,570369872
637,2088695381,97760,2088793141,2,0,0,20992,2,1788411672
638,2088716191,142148,2088858339,28,0,0,10240,28,747628523
639,2088720590,12097,2088732687,15,0,1,6144,15,3324787041
640,2088732768,210977,2088943745,5,0,0,154112,5,1042267237
641,2088742455,204893,2088947348,13,0,0,11776,13,9191025530
642,2088747040,90007,2088837047,7,0,0,512,7,8328407639
643,2088759271,260433,2089019704,1,0,0,2048,1,10206492794
644,2088759321,125396,2088884717,4,0,0,4608,4,9263000640
645,2088763731,13512,2088777243,24,0,1,26112,24,7813998467
646,2088764372,14177,2088778549,21,0,1,2048,21,1402871388
647,2088789736,186577,2088976313,3,0,0,512,3,1482638423
648,2088807241,1518,2088808759,14,0,1,1536,14,1794997280
649,2088838267,4374,2088842641,19,0,1,4608,19,7956014599
650,2088847322,221956,2089069278,19,0,0,116736,19,4959678843
651,2088860225,109840,2088970065,3,0,0,512,3,9607016431
652,2088869815,212887,2089082702,19,0,0,12800,19,3651828105
653,2088912517,213743,2089126260,13,0,0,75776,13,9518765014
654,2088934360,135417,2089069777,20,0,0,1536,20,10667182042
655,2088942380,10507,2088952887,17,0,1,5632,17,5932626189
656,2088980782,206293,2089187075,25,0,0,47616,25,1856373441
657,2089039170,33512,2089072682,5,0,1,3072,5,9305249488
658,2089041346,44388,2089085734,12,0,1,29184,12,9313102679
659,2089097948,1518,2089099466,12,0,1,1536,12,8916747065
660,2089143838,1518,2089145356,1,0,1,1536,1,8575872346
661,2089163270,250773,2089414043,26,0,0,92672,26,8824208157
662,2089189516,155251,2089344767,28,0,0,26624,28,3851701874
663,2089199842,145096,2089344938,23,0,0,512,23,5376183106
664,2089243351,566,2089243917,19,0,1,512,19,1431864609
665,2089250020,1042,2089251062,20,0,1,1024,20,1752912829
666,2089265021,7706,2089272727,4,0,1,8192,4,9149348126
667,2089307944,45596,2089353540,12,0,0,1024,12,10239184164
668,2089337361,76853,2089414214,9,0,0,512,9,3827388701
669,2089425476,1518,2089426994,10,0,1,1536,10,6447501144
670,2089449588,2946,2089452534,7,0,1,3072,7,719101130
671,2089476472,107900,2089584372,1,0,0,54272,1,7450044624
672,2089510601,164588,2089675189,23,0,0,36352,23,3174754780
673,2089516910,113386,2089630296,0,0,0,6144,0,3919174088
674,2089525478,2946,2089528424,14,0,1,3072,14,753026525
675,2089537652,6278,2089543930,27,0,1,6656,27,3519752608
676,2089574330,15377,2089589707,15,0,1,5632,15,4136902479
677,2089583458,48867,2089632325,24,0,0,1536,24,5999988891
678,2089585536,185285,2089770821,5,0,0,22016,5,3202162390
679,2089592621,1518,2089594139,6,0,1,1536,6,7601806713
680,2089593750,163493,2089757243,10,0,0,1536,10,3425680531
681,2089601225,5196,2089606421,29,0,1,13312,29,2276800179
682,2089611582,178342,2089789924,4,0,0,10752,4,5646140362
683,2089615182,108304,2089723486,3,0,0,512,3,835594292
684,2089644438,75440,2089719878,18,0,0,8192,18,7429941853
685,2089714736,5157,2089719893,14,0,1,4096,14,9219715772
686,2089716328,4572,2089720900,20,0,1,3584,20,908158722
687,2089738884,51835,2089790719,29,0,0,2560,29,2730362036
688,2089776141,2470,2089778611,12,0,1,2560,12,5201937619
689,2089792536,2470,2089795006,9,0,1,2560,9,4793922328
690,2089822933,566,2089823499,12,0,1,512,12,2661790171
691,2089874333,1518,2089875851,20,0,1,1536,20,3866915377
692,2089896662,56216,2089952878,5,0,0,5632,5,9858521625
693,2089919598,4374,2089923972,5,0,1,4608,5,6701057000
694,2089958956,43904,2090002860,10,0,0,512,10,823531314
695,2089973356,84512,2090057868,13,0,0,12800,13,2650639488
696,2089976125,7706,2089983831,19,0,1,8192,19,8660699991
697,2089997341,107276,2090104617,19,0,0,52224,19,10510013961
698,2090006906,1994,2090008900,21,0,1,2048,21,4835755229
699,2090049157,73418,2090122575,13,0,0,9216,13,5973872215
700,2090058738,1994,2090060732,19,0,1,2048,19,8430906436
701,2090064929,43904,2090108833,7,0,0,512,7,7852620713
702,2090071179,5454,2090076633,20,0,1,13824,20,1277589598
703,2090085924,18708,2090104632,6,0,1,6656,6,8522888807
704,2090113580,24670,2090138250,24,0,1,44544,24,8957684982
705,2090139390,4162,2090143552,17,0,1,11264,17,2978556153
706,2090153666,55030,2090208696,19,0,0,512,19,2356979264
707,2090159759,45596,2090205355,10,0,0,1024,10,2778303178
708,2090161664,3645,2090165309,23,0,1,10240,23,8568144606
709,2090226695,69616,2090296311,15,0,0,512,15,8467410935
710,2090230366,191035,2090421401,21,0,0,112128,21,4857050317
711,2090234693,186879,2090421572,17,0,0,512,17,5755810052
712,2090252693,5802,2090258495,9,0,1,6144,9,1193118532
713,2090294439,3128,2090297567,10,0,1,9216,10,7463421590
714,2090311558,117736,2090429294,0,0,0,9728,0,5843079519
715,2090313825,566,2090314391,15,0,1,512,15,1072821608
716,2090327296,94455,2090421751,3,0,0,512,3,4334499807
717,2090354934,68080,2090423014,28,0,0,4096,28,8005089049
718,2090400669,25432,2090426101,3,0,1,9216,3,9775601240
719,2090421669,64681,2090486350,6,0,0,3584,6,5742168896
720,2090430276,4679,2090434955,5,0,1,12288,5,1224740113
721,2090442578,1994,2090444572,3,0,1,2048,3,6265736135
722,2090446120,103417,2090549537,23,0,0,27648,23,5575118218
723,2090451269,50806,2090502075,7,0,0,2048,7,2946590445
724,2090453090,66535,2090519625,20,0,0,1024,20,9570937046
725,2090453815,199238,2090653053,25,0,0,24064,25,10031349226
726,2090454968,81836,2090536804,25,0,0,11776,25,6503395599
727,2090458750,3387,2090462137,9,0,1,9728,9,423624135
728,2090486071,3693,2090489764,20,0,1,3584,20,872553671
729,2090488490,61374,2090549864,15,0,0,1024,15,4566278861
730,2090517340,6229,2090523569,24,0,1,15360,24,10586247895
731,2090524634,3128,2090527762,10,0,1,9216,10,7225838310
732,2090586318,177471,2090763789,0,0,0,24064,0,1852413939
733,2090603719,81152,2090684871,2,0,0,16896,2,10475621189
734,2090611906,95045,2090706951,23,0,0,8704,23,5480514365
735,2090619879,1042,2090620921,23,0,1,1024,23,137123927
736,2090628959,2470,2090631429,19,0,1,2560,19,920005093
737,2090656982,1518,2090658500,11,0,1,1536,11,4875475259
738,2090698985,1042,2090700027,3,0,1,1024,3,850347491
739,2090705112,60096,2090765208,1,0,0,4608,1,5219373722
740,2090753743,1518,2090755261,17,0,1,1536,17,2192737122
741,2090764362,3784,2090768146,20,0,1,3072,20,7886205256
742,2090820340,100256,2090920596,5,0,0,29184,5,4318192045
743,2090844244,566,2090844810,13,0,1,512,13,5662225169
744,2090910500,101816,2091012316,18,0,0,34304,18,7487897311
745,2090924825,57440,2090982265,10,0,0,4608,10,3193209896
746,2090935059,47221,2090982280,24,0,1,79872,24,4688192057
747,2090966298,166906,2091133204,6,0,0,86016,6,195835158
748,2090967935,111815,2091079750,23,0,0,27648,23,7214544885
749,2090968102,87946,2091056048,7,0,0,1024,7,16114681
750,2091011045,218407,2091229452,28,0,0,95744,28,2137503912
751,2091040085,12049,2091052134,20,0,1,19968,20,6945155424
752,2091043477,10603,2091054080,9,0,1,3072,9,6747068854
753,2091070366,63025,2091133391,15,0,0,512,15,1995841372
754,2091072381,10783,2091083164,18,0,1,3584,18,717155187
755,2091110903,148311,2091259214,21,0,0,34304,21,7231228049
756,2091116180,60945,2091177125,20,0,0,512,20,3392028045
757,2091148891,14117,2091163008,12,0,1,24064,12,10014439162
758,2091149648,150444,2091300092,6,0,0,31232,6,2760622535
759,2091159932,83383,2091243315,13,0,0,6144,13,6410765086
760,2091164816,135447,2091300263,3,0,0,512,3,7872904395
761,2091174237,1994,2091176231,0,0,1,2048,0,3431919176
762,2091215278,134963,2091350241,26,0,0,12800,26,7255746981
763,2091236843,66097,2091302940,13,0,0,5632,13,3101023107
764,2091240055,566,2091240621,0,0,1,512,0,8059176852
765,2091256642,116860,2091373502,25,0,0,75264,25,10578884877
766,2091258320,27649,2091285969,24,0,1,48640,24,4820156231
767,2091269158,181385,2091450543,22,0,0,2048,22,8009066364
768,2091275709,11643,2091287352,13,0,1,14848,13,6450534713
769,2091323713,49960,2091373673,7,0,0,512,7,5208507344
770,2091368627,119822,2091488449,29,0,0,1024,29,6806173874
771,2091370505,47089,2091417594,3,0,0,512,3,8613109494
772,2091476783,63608,2091540391,4,0,0,9728,4,1973159833
773,2091498745,5326,2091504071,23,0,1,5632,23,7003383928
774,2091507674,142288,2091649962,13,0,0,134144,13,8761354102
775,2091507769,147091,2091654860,16,0,0,15872,16,8662259901
776,2091509649,6754,2091516403,15,0,1,7168,15,10321540349
777,2091513172,7737,2091520909,18,0,1,7168,18,1540944159
778,2091533575,1518,2091535093,6,0,1,1536,6,6932658892
779,2091571881,32041,2091603922,24,0,1,52224,24,6619017802
780,2091604961,566,2091605527,10,0,1,512,10,9367138711
781,2091608794,41183,2091649977,15,0,1,5120,15,2853892354
782,2091621283,139723,2091761006,24,0,1,176640,24,9348679939
783,2091636840,303069,2091939909,5,0,0,20992,5,841798449
784,2091642445,322217,2091964662,23,0,0,36352,23,9722626148
785,2091646741,129181,2091775922,2,0,0,1536,2,4646720020
786,2091669770,92542,2091762312,5,0,1,2048,5,6876308203
787,2091691464,84644,2091776108,17,0,0,512,17,8612085176
788,2091699453,64165,2091763618,19,0,1,2048,19,3443858347
789,2091725158,39126,2091764284,23,0,1,1024,23,5663128490
790,2091727545,45596,2091773141,15,0,0,1024,15,3843509677
791,2091740733,25497,2091766230,1,0,1,3072,1,3112028161
792,2091773009,2928,2091775937,20,0,1,2560,20,3416420151
793,2091773856,93335,2091867191,7,0,0,512,7,9387222092
794,2091815485,163838,2091979323,0,0,0,33280,0,312336982
795,2091822968,12995,2091835963,7,0,1,25088,7,10071082467
796,2091903945,3422,2091907367,9,0,1,3584,9,52250356
797,2091918095,5802,2091923897,3,0,1,6144,3,6328138290
798,2091926925,165662,2092092587,1,0,0,68096,1,3253756766
799,2091955902,23436,2091979338,14,0,1,7680,14,7265821447
800,2091974012,141849,2092115861,0,0,0,12288,0,2694880660
801,2092014564,5802,2092020366,19,0,1,6144,19,4123346166
802,2092020831,2870,2092023701,19,0,1,8704,19,5757239597
803,2092037211,106601,2092143812,10,0,0,1536,10,1169508169
804,2092058861,59051,2092117912,13,0,0,6656,13,9552317716
805,2092061981,212568,2092274549,23,0,0,91648,23,88266380
806,2092063962,102811,2092166773,16,0,0,24064,16,6012345599
807,2092082158,55294,2092137452,19,0,0,512,19,6291509116
808,2092089963,5587,2092095550,13,0,1,3072,13,8216417915
809,2092102845,6754,2092109599,1,0,1,7168,1,8809680176
810,2092112682,8317,2092120999,5,0,1,9216,5,1138296737
811,2092118774,12711,2092131485,10,0,1,17408,10,9080149547
812,2092149255,5326,2092154581,27,0,1,5632,27,3834554133
813,2092168298,289106,2092457404,13,0,0,82944,13,7194250172
814,2092257052,18072,2092275124,29,0,1,512,29,1759984502
815,2092272685,7831,2092280516,23,0,1,6144,23,8347979607
816,2092287610,2470,2092290080,18,0,1,2560,18,6505413101
817,2092294432,237597,2092532029,21,0,0,44032,21,832798025
818,2092295830,4374,2092300204,4,0,1,4608,4,8238897933
819,2092311782,206816,2092518598,5,0,0,55808,5,1443645639
820,2092317064,1042,2092318106,0,0,1,1024,0,9933995226
821,2092318555,154191,2092472746,18,0,0,6144,18,6244512290
822,2092320461,5196,2092325657,4,0,1,13312,4,6986295636
823,2092371532,94886,2092466418,26,0,0,8192,26,3309115034
824,2092397497,1042,2092398539,3,0,1,1024,3,3947769152
825,2092397619,1586,2092399205,1,0,1,1024,1,10556902821
826,2092418363,161136,2092579499,17,0,0,512,17,2447348579
827,2092458769,129703,2092588472,17,0,0,512,17,6106961434
828,2092464392,8369,2092472761,26,0,1,6144,26,3928220189
829,2092507394,29001,2092536395,13,0,1,4608,13,6179404217
830,2092567192,4850,2092572042,20,0,1,5120,20,780635963
831,2092588596,1994,2092590590,3,0,1,2048,3,6741661954
832,2092597176,4937,2092602113,18,0,1,12800,18,2101183074
833,2092599481,52316,2092651797,9,0,0,2560,9,3393865743
834,2092615679,57340,2092673019,15,0,0,512,15,1221855005
835,2092626080,3387,2092629467,14,0,1,9728,14,9038171940
836,2092643302,3422,2092646724,27,0,1,3584,27,8779666581
837,2092687198,26221,2092713419,24,0,1,47616,24,9770112625
838,2092723642,1518,2092725160,13,0,1,1536,13,1501322482
839,2092724414,1732,2092726146,22,0,1,1536,22,288391584
840,2092727979,4374,2092732353,17,0,1,4608,17,7751503131
841,2092741433,566,2092741999,29,0,1,512,29,1756087164
842,2092747831,175914,2092923745,15,0,0,2560,15,3254700049
843,2092760242,2946,2092763188,14,0,1,3072,14,3178267392
844,2092797966,4374,2092802340,23,0,1,4608,23,4087289336
845,2092798227,147982,2092946209,6,0,0,15872,6,424292152
846,2092810310,74516,2092884826,0,0,0,10240,0,10400666042
847,2092813145,105560,2092918705,2,0,0,46592,2,9918220322
848,2092829418,566,2092829984,7,0,1,512,7,8138257275
849,2092861636,91691,2092953327,29,0,0,2048,29,3242636508
850,2092873731,1518,2092875249,3,0,1,1536,3,8525599438
851,2092911372,127341,2093038713,13,0,0,67584,13,7437896485
852,2092911577,12183,2092923760,29,0,1,5120,29,8178105079
853,2092915324,12771,2092928095,22,0,1,7168,22,747534703
854,2092944783,11917,2092956700,24,0,1,16896,24,1848536377
855,2092959975,6754,2092966729,10,0,1,7168,10,8852726541
856,2092978646,109427,2093088073,4,0,0,20480,4,4667366974
857,2092979591,3898,2092983489,7,0,1,4096,7,9293753869
858,2093024488,235748,2093260236,28,0,0,28160,28,246137178
859,2093030851,38370,2093069221,24,0,1,49152,24,7605177755
860,2093043614,28193,2093071807,3,0,1,4096,3,103303417
861,2093053912,157209,2093211121,19,0,0,12800,19,4454434497
862,2093057770,90897,2093148667,9,0,0,512,9,114179139
863,2093067853,213378,2093281231,12,0,0,19968,12,861726904
864,2093105986,64527,2093170513,10,0,0,512,10,4940586032
865,2093177321,70976,2093248297,2,0,0,8704,2,5222361737
866,2093180652,204850,2093385502,12,0,0,72704,12,1740070855
867,2093192485,2946,2093195431,5,0,1,3072,5,1753577334
868,2093194486,65765,2093260251,24,0,1,102912,24,5956704838
869,2093197198,195230,2093392428,22,0,0,22528,22,9298690075
870,2093211009,49257,2093260266,7,0,1,3584,7,204813934
871,2093211146,114063,2093325209,19,0,0,3584,19,8635304457
872,2093240257,23232,2093263489,20,0,1,5632,20,4814557179
873,2093250162,14953,2093265115,12,0,1,2560,12,4238069940
874,2093266722,3904,2093270626,12,0,1,10752,12,6222806663
875,2093288768,204332,2093493100,21,0,0,44032,21,1372202420
876,2093301731,111714,2093413445,10,0,0,3584,10,8131409207
877,2093312137,229631,2093541768,21,0,0,47104,21,1894786465
878,2093316457,1042,2093317499,27,0,1,1024,27,1691077917
879,2093323243,198348,2093521591,6,0,0,71680,6,7073090303
880,2093341545,2946,2093344491,21,0,1,3072,21,901337795
881,2093353057,174344,2093527401,13,0,0,17920,13,7877578656
882,2093361239,24294,2093385533,14,0,1,7168,14,1467404107
883,2093361360,32545,2093393905,3,0,1,1536,3,1696784042
884,2093366801,201182,2093567983,25,0,0,14336,25,5959457498
885,2093372616,208595,2093581211,15,0,0,512,15,1571049308
886,2093382877,11374,2093394251,27,0,1,512,27,2507840064
887,2093447249,74677,2093521926,7,0,0,1024,7,2918965660
888,2093484744,72130,2093556874,15,0,0,512,15,1392386071
889,2093484976,12039,2093497015,12,0,1,4096,12,2797697857
890,2093500942,161819,2093662761,9,0,0,2048,9,3512681317
891,2093516999,95531,2093612530,7,0,0,2048,7,8756731618
892,2093541278,3894,2093545172,15,0,1,9728,15,7021816049
893,2093543245,3071,2093546316,6,0,1,1536,6,10596152008
894,2093557801,43904,2093601705,3,0,0,512,3,10006506159
895,2093619602,55748,2093675350,19,0,0,4096,19,10519053966
896,2093628721,5802,2093634523,1,0,1,6144,1,4598042493
897,2093682660,1994,2093684654,18,0,1,2048,18,5645584236
898,2093684319,1518,2093685837,15,0,1,1536,15,8220373360
899,2093722936,10499,2093733435,1,0,1,16896,1,6792747989
900,2093776839,566,2093777405,14,0,1,512,14,10464631607
901,2093777888,3898,2093781786,27,0,1,4096,27,9911126840
902,2093787768,145704,2093933472,23,0,0,15360,23,9226614275
903,2093796997,160341,2093957338,22,0,0,512,22,252106349
904,2093808939,43904,2093852843,3,0,0,512,3,8201044712
905,2093838884,104744,2093943628,25,0,0,32256,25,10088751931
906,2093867304,84946,2093952250,10,0,0,512,10,8563192651
907,2093884299,181646,2094065945,7,0,0,1024,7,8997611212
908,2093884356,98540,2093982896,0,0,0,23552,0,8852415163
909,2093890514,175104,2094065618,4,0,0,67072,4,5367661405
910,2093974136,137366,2094111502,28,0,0,40448,28,10161277963
911,2094096969,14572,2094111541,27,0,1,17920,27,6810135893
912,2094102699,9411,2094112110,3,0,1,512,3,974237373
913,2094103371,21582,2094124953,26,0,1,25600,26,308069106
914,2094106079,67534,2094173613,12,0,0,3584,12,6764724040
915,2094119111,95506,2094214617,7,0,0,1024,7,102931741
916,2094129997,88216,2094218213,7,0,0,512,7,3107235907
917,2094145062,80098,2094225160,12,0,0,15360,12,9611486251
918,2094149105,155433,2094304538,18,0,0,16384,18,163717774
919,2094152076,74864,2094226940,18,0,0,5632,18,6402193867
920,2094152156,45596,2094197752,10,0,0,1024,10,8956561905
921,2094171491,128032,2094299523,1,0,0,51712,1,2430061041
922,2094178219,94585,2094272804,13,0,0,25088,13,1661299625
923,2094223402,315925,2094539327,18,0,0,15360,18,10371758158
924,2094239627,1518,2094241145,29,0,1,1536,29,2505952367
925,2094241152,124975,2094366127,1,0,0,37888,1,238526920
926,2094250729,134156,2094384885,25,0,0,25088,25,7670973963
927,2094251996,125230,2094377226,19,0,0,36352,19,4304886576
928,2094271468,152803,2094424271,0,0,0,28160,0,1390557280
929,2094294785,92864,2094387649,7,0,0,1536,7,9157340174
930,2094299732,6333,2094306065,1,0,1,1536,1,5781903311
931,2094299941,8202,2094308143,21,0,1,9216,21,3744610103
932,2094312706,6754,2094319460,21,0,1,7168,21,4226520434
933,2094318237,3489,2094321726,0,0,1,3584,0,6924390740
934,2094322197,280010,2094602207,2,0,0,60416,2,1457112136
935,2094355981,94859,2094450840,18,0,0,1024,18,1292157638
936,2094368087,17373,2094385460,1,0,1,512,1,7611395818
937,2094378440,137115,2094515555,2,0,0,23040,2,5653394263
938,2094442851,72875,2094515726,17,0,0,512,17,3541182241
939,2094467991,146582,2094614573,22,0,0,4096,22,6327128183
940,2094534920,68870,2094603790,26,0,0,5120,26,6902337960
941,2094536980,3423,2094540403,6,0,1,1024,6,654335819
942,2094537257,5838,2094543095,12,0,1,3584,12,8118147124
943,2094544061,82686,2094626747,26,0,0,12288,26,6417851029
944,2094555576,48541,2094604117,9,0,0,1024,9,1429657365
945,2094561608,6278,2094567886,15,0,1,6656,15,9983894688
946,2094562449,223393,2094785842,1,0,0,17408,1,7799463814
947,2094578631,1042,2094579673,1,0,1,1024,1,8736718311
948,2094593179,13367,2094606546,14,0,1,2560,14,6207930972
949,2094624227,78141,2094702368,9,0,0,512,9,8403904135
950,2094689380,43904,2094733284,15,0,0,512,15,1203557812
951,2094698853,1994,2094700847,13,0,1,2048,13,4919925578
952,2094719515,6278,2094725793,23,0,1,6656,23,6806111478
953,2094723188,3271,2094726459,22,0,1,1024,22,4428283017
954,2094778438,186362,2094964800,13,0,0,28672,13,3364865567
955,2094786567,7706,2094794273,5,0,1,8192,5,570226991
956,2094795881,209543,2095005424,23,0,0,71168,23,873085661
957,2094808152,229542,2095037694,1,0,0,39936,1,3343133239
958,2094819148,3645,2094822793,0,0,1,10240,0,4973588505
959,2094848019,1518,2094849537,0,0,1,1536,0,6743357131
960,2094920851,144257,2095065108,3,0,0,512,3,10548195525
961,2094926555,157524,2095084079,6,0,0,59392,6,1556319639
962,2094932225,73370,2095005595,17,0,0,512,17,533013626
963,2094965262,79536,2095044798,7,0,0,512,7,6291431340
964,2094971665,137963,2095109628,1,0,0,43008,1,7441426211
965,2094973596,2946,2094976542,4,0,1,3072,4,7993980776
966,2095021598,566,2095022164,7,0,1,512,7,1538948666
967,2095062787,566,2095063353,6,0,1,512,6,8647192704
968,2095066615,73204,2095139819,3,0,0,4096,3,5623082485
969,2095085338,164146,2095249484,16,0,0,74752,16,7242851561
970,2095123184,212298,2095335482,18,0,0,129024,18,2320173424
971,2095130520,140718,2095271238,17,0,0,512,17,7176372683
972,2095139988,132942,2095272930,20,0,0,1024,20,2088140058
973,2095151896,70808,2095222704,16,0,0,8704,16,4174220367
974,2095173044,76939,2095249983,15,0,0,1536,15,1484564068
975,2095227663,128607,2095356270,24,0,0,5120,24,3600566784
976,2095235476,154444,2095389920,6,0,0,69632,6,2431854095
977,2095265395,236779,2095502174,23,0,0,89088,23,6995060736
978,2095271359,3898,2095275257,20,0,1,4096,20,8536065981
979,2095285257,50240,2095335497,18,0,1,22016,18,554617500
980,2095301383,36100,2095337483,9,0,1,2048,9,1145519431
981,2095336516,93262,2095429778,1,0,0,12800,1,2551472423
982,2095341282,67592,2095408874,2,0,0,7680,2,8267007564
983,2095412699,89646,2095502345,10,0,0,512,10,4897540673
984,2095464774,69284,2095534058,0,0,0,8192,0,7137755396
985,2095502004,3978,2095505982,5,0,1,10240,5,1748487182
986,2095513169,93932,2095607101,5,0,0,23552,5,3542979182
987,2095564126,3898,2095568024,15,0,1,4096,15,1593262904
988,2095639957,45596,2095685553,24,0,0,1024,24,5780285256
989,2095646835,5454,2095652289,27,0,1,13824,27,1989178558
990,2095689633,5454,2095695087,13,0,1,13824,13,909264061
991,2095692627,115030,2095807657,1,0,0,68608,1,629323647
992,2095705754,1518,2095707272,26,0,1,1536,26,5270919024
993,2095706948,109511,2095816459,13,0,0,5632,13,10623412472
994,2095722644,91031,2095813675,17,0,0,1536,17,2610977329
995,2095780630,77961,2095858591,29,0,0,512,29,1802489064
996,2095785216,22456,2095807672,1,0,1,4096,1,6339034397
997,2095796262,11985,2095808247,7,0,1,512,7,4231039156
998,2095802798,8684,2095811482,20,0,1,10240,20,6337991299
999,2095808329,114329,2095922658,16,0,0,66560,16,6524306958
1000,2095834985,1042,2095836027,0,0,1,1024,0,3078079502
1001,2095841016,6278,2095847294,22,0,1,6656,22,7533269778
1002,2095856754,66231,2095922985,20,0,0,1024,20,9351619279
1003,2095860235,1994,2095862229,10,0,1,2048,10,4916229017
1004,2095866831,145312,2096012143,22,0,0,38912,22,10331075023
1005,2095906884,20960,2095927844,0,0,1,5120,0,8360205660
1006,2095921380,6810,2095928190,10,0,1,512,10,2762245284
1007,2095941372,201913,2096143285,5,0,0,58880,5,7320847221
1008,2095946265,566,2095946831,29,0,1,512,29,5313681933
1009,2095955035,123114,2096078149,4,0,0,22528,4,9173219067
1010,2095965273,90937,2096056210,10,0,0,512,10,4653897193
1011,2095988535,129022,2096117557,1,0,0,5632,1,5421219800
1012,2096008792,47247,2096056039,24,0,0,512,24,396355745
1013,2096033603,168116,2096201719,28,0,0,32768,28,441191357
1014,2096048699,127772,2096176471,18,0,0,16384,18,3521721378
1015,2096079496,111843,2096191339,6,0,0,13824,6,4555413666
1016,2096080416,6278,2096086694,18,0,1,6656,18,2011024265
1017,2096094956,184181,2096279137,0,0,0,58880,0,8891143038
1018,2096112011,2470,2096114481,7,0,1,2560,7,4544584631
1019,2096165999,4679,2096170678,12,0,1,12288,12,7791796481
1020,2096233169,15321,2096248490,24,0,1,29696,24,2802355759
1021,2096250293,55748,2096306041,12,0,0,4096,12,6976369102
1022,2096255594,5454,2096261048,5,0,1,13824,5,7215936788
1023,2096263967,59066,2096323033,17,0,0,512,17,7524986466
1024,2096283709,227631,2096511340,0,0,0,30208,0,6611849858
1025,2096299805,88023,2096387828,26,0,0,8704,26,8115048274
1026,2096304547,3898,2096308445,26,0,1,4096,26,3919415430
1027,2096332822,1042,2096333864,7,0,1,1024,7,3246760153
1028,2096335255,179376,2096514631,2,0,0,10752,2,1292999778
1029,2096336863,1042,2096337905,11,0,1,1024,11,8677642635
1030,2096337455,4937,2096342392,17,0,1,12800,17,4796603961
1031,2096373570,1042,2096374612,6,0,1,1024,6,6394464910
1032,2096420323,5712,2096426035,12,0,1,14336,12,10175323096
1033,2096448137,1042,2096449179,13,0,1,1024,13,10282256914
1034,2096458643,253523,2096712166,0,0,0,38912,0,7784512111
1035,2096468285,46673,2096514958,20,0,0,1024,20,3299899557
1036,2096472287,3898,2096476185,17,0,1,4096,17,8783867308
1037,2096523216,129682,2096652898,22,0,0,7680,22,7888836293
1038,2096532404,120821,2096653225,9,0,0,1024,9,7752223551
1039,2096560347,1994,2096562341,20,0,1,2048,20,4513688646
1040,2096568411,4850,2096573261,15,0,1,5120,15,4644742255
1041,2096608228,48006,2096656234,24,0,0,1536,24,3188090441
1042,2096629763,105560,2096735323,5,0,0,46592,5,10255748257
1043,2096655225,1994,2096657219,22,0,1,2048,22,5857300230
1044,2096658511,5196,2096663707,3,0,1,13312,3,8906704772
1045,2096687258,1518,2096688776,3,0,1,1536,3,2947227474
1046,2096733796,183119,2096916915,21,0,0,11264,21,3284552421
1047,2096748880,1994,2096750874,7,0,1,2048,7,10239507141
1048,2096749553,3128,2096752681,27,0,1,9216,27,8957449851
1049,2096793000,6278,2096799278,17,0,1,6656,17,5981313721
1050,2096810061,2946,2096813007,26,0,1,3072,26,1873884270
1051,2096812864,127523,2096940387,6,0,0,37888,6,7668839004
1052,2096821651,1994,2096823645,29,0,1,2048,29,3066020323
1053,2096833866,174555,2097008421,12,0,0,28160,12,8276698742
1054,2096863281,79617,2096942898,26,0,0,8192,26,616691465
1055,2096869272,176452,2097045724,5,0,0,75264,5,10092312006
1056,2096887076,95874,2096982950,15,0,0,1536,15,2581461581
1057,2096892477,116427,2097008904,17,0,0,1536,17,3807816982
1058,2096961982,7230,2096969212,26,0,1,7680,26,7528390759
1059,2096970362,43904,2097014266,3,0,0,512,3,4301392130
1060,2096979126,78207,2097057333,10,0,0,1536,10,3905295622
1061,2096983773,566,2096984339,10,0,1,512,10,2225665988
1062,2097010685,43904,2097054589,20,0,0,512,20,7502027424
1063,2097039049,192137,2097231186,1,0,0,33792,1,3211071396
1064,2097042161,55763,2097097924,12,0,0,2560,12,5834237965
1065,2097048446,87041,2097135487,0,0,0,512,0,1372208264
1066,2097051343,113613,2097164956,19,0,0,15872,19,3737603476
1067,2097071928,43904,2097115832,17,0,0,512,17,8354461488
1068,2097088170,206418,2097294588,2,0,0,18944,2,4521346227
1069,2097102990,2946,2097105936,17,0,1,3072,17,7341411855
1070,2097104239,281903,2097386142,12,0,0,46080,12,3122720691
1071,2097112265,3582,2097115847,13,0,1,3584,13,8931780633
1072,2097165418,1042,2097166460,22,0,1,1024,22,3987251445
1073,2097184683,64821,2097249504,10,0,0,2048,10,1759648201
1074,2097215760,88751,2097304511,9,0,0,512,9,8479429629
1075,2097235571,100661,2097336232,2,0,0,24576,2,2060770968
1076,2097245296,3422,2097248718,5,0,1,3584,5,5503476845
1077,2097253937,1042,2097254979,18,0,1,1024,18,955354813
1078,2097265106,102695,2097367801,2,0,0,27136,2,9753668083
1079,2097286480,52364,2097338844,19,0,0,3072,19,2232688104
1080,2097328216,123753,2097451969,18,0,0,70656,18,10550222565
1081,2097348552,2870,2097351422,13,0,1,8704,13,2457589975
1082,2097458100,96824,2097554924,6,0,0,17920,6,4015849629
1083,2097470312,6754,2097477066,5,0,1,7168,5,9579637504
1084,2097513717,6278,2097519995,29,0,1,6656,29,4917536865
1085,2097551572,88948,2097640520,0,0,0,16384,0,9569227427
1086,2097559146,113093,2097672239,6,0,0,30208,6,4785130779
1087,2097595093,7230,2097602323,13,0,1,7680,13,4711021735
1088,2097706802,167895,2097874697,28,0,0,102912,28,2587434864
1089,2097707091,69284,2097776375,23,0,0,8192,23,8233769380
1090,2097714740,167460,2097882200,0,0,0,24576,0,5123593208
1091,2097718345,566,2097718911,10,0,1,512,10,550447342
1092,2097723191,233604,2097956795,21,0,0,13312,21,1801151142
1093,2097738075,2946,2097741021,6,0,1,3072,6,3415281936
1094,2097772842,3548,2097776390,17,0,1,9728,17,10104585094
1095,2097790939,92368,2097883307,19,0,0,3584,19,10213789003
1096,2097801896,202064,2098003960,19,0,0,150016,19,7521446387
1097,2097805508,354387,2098159895,6,0,0,57344,6,4703153513
1098,2097808643,92051,2097900694,22,0,0,1536,22,9093480045
1099,2097810479,242351,2098052830,6,0,0,82432,6,8460407797
1100,2097814471,199184,2098013655,25,0,0,31744,25,7114684508
1101,2097855180,32023,2097887203,26,0,1,10752,26,5041421398
1102,2097892699,8010,2097900709,17,0,1,8192,17,8265152893
1103,2097893510,219345,2098112855,0,0,0,64512,0,5817167941
1104,2097949913,168885,2098118798,6,0,0,19456,6,5667150094
1105,2097971733,48159,2098019892,5,0,1,6656,5,3732194308
1106,2098021677,5326,2098027003,17,0,1,5632,17,2783171012
1107,2098034411,229892,2098264303,4,0,0,28672,4,7998238712
1108,2098053227,235123,2098288350,6,0,0,78848,6,59888185
1109,2098055629,144215,2098199844,6,0,0,31232,6,1544218978
1110,2098067737,255598,2098323335,2,0,0,75264,2,8682964674
1111,2098075328,155597,2098230925,1,0,0,26112,1,3670243500
1112,2098083812,117763,2098201575,28,0,0,5632,28,1754898754
1113,2098093103,108643,2098201746,3,0,0,512,3,6903594413
1114,2098099632,22121,2098121753,23,0,1,3072,23,6568309264
1115,2098105333,17406,2098122739,4,0,1,1536,4,10644134134
1116,2098151361,280268,2098431629,26,0,0,36352,26,10004696040
1117,2098184690,314183,2098498873,28,0,0,31744,28,4408575892
1118,2098233029,3422,2098236451,1,0,1,3584,1,1097274210
1119,2098254975,214784,2098469759,23,0,0,117760,23,514260317
1120,2098256620,92283,2098348903,5,0,0,6656,5,7980480540
1121,2098263242,106791,2098370033,20,0,0,1024,20,8762775145
1122,2098271642,120081,2098391723,3,0,0,512,3,2873739895
1123,2098295625,175896,2098471521,16,0,0,5120,16,3605844534
1124,2098311088,16143,2098327231,29,0,1,10752,29,2358373660
1125,2098344338,2470,2098346808,13,0,1,2560,13,4447005100
1126,2098345476,3442,2098348918,27,0,1,8704,27,894490759
1127,2098350703,387060,2098737763,4,0,0,126464,4,6172917232
1128,2098353258,116672,2098469930,10,0,0,512,10,5371613845
1129,2098358718,118746,2098477464,23,0,0,19456,23,4472249175
1130,2098399824,259079,2098658903,26,0,0,51200,26,1553516608
1131,2098441409,351819,2098793228,13,0,0,6144,13,8182431604
1132,2098447940,114274,2098562214,3,0,0,512,3,469730768
1133,2098482724,3387,2098486111,10,0,1,9728,10,3278721549
1134,2098528992,10241,2098539233,13,0,1,16384,13,2479037634
1135,2098536796,260678,2098797474,0,0,0,4608,0,10367163259
1136,2098537058,254275,2098791333,21,0,0,69120,21,9379641939
1137,2098543237,124883,2098668120,18,0,0,9216,18,1495792189
1138,2098551792,218450,2098770242,26,0,0,106496,26,2302593639
1139,2098609854,6754,2098616608,9,0,1,7168,9,9398809050
1140,2098618003,257730,2098875733,19,0,0,67584,19,9446260230
1141,2098624237,11533,2098635770,12,0,1,18944,12,2162115520
1142,2098627577,8961,2098636538,9,0,1,11776,9,9218763151
1143,2098661409,7230,2098668639,18,0,1,7680,18,2550681723
1144,2098664642,4983,2098669625,6,0,1,1536,6,1414457095
1145,2098673585,149429,2098823014,24,0,0,1536,24,1305351856
1146,2098706175,87076,2098793251,6,0,1,4608,6,10378043202
1147,2098717607,104924,2098822531,19,0,0,21504,19,7075138088
1148,2098740019,57470,2098797489,19,0,1,4096,19,1613981313
1149,2098746662,51685,2098798347,23,0,1,10752,23,5492990424
1150,2098798243,4374,2098802617,4,0,1,4608,4,1354724305
1151,2098810485,566,2098811051,22,0,1,512,22,9620272402
1152,2098820942,136282,2098957224,21,0,0,38400,21,301069775
1153,2098825747,3128,2098828875,6,0,1,9216,6,4213667506
1154,2098844574,3387,2098847961,11,0,1,9728,11,2164828190
1155,2098854307,21441,2098875748,10,0,1,6656,10,499255242
1156,2098896593,1518,2098898111,15,0,1,1536,15,1622437634
1157,2098900501,68561,2098969062,7,0,0,512,7,1943459913
1158,2098901828,2946,2098904774,12,0,1,3072,12,9212196104
1159,2098910862,4420,2098915282,13,0,1,11776,13,9088375228
1160,2098928896,78927,2099007823,9,0,0,512,9,7591418325
1161,2098931781,10499,2098942280,17,0,1,16896,17,8456207875
1162,2098940019,211846,2099151865,2,0,0,101888,2,9395874711
1163,2098944097,13142,2098957239,11,0,1,3584,11,8782622748
1164,2098950406,12627,2098963033,13,0,1,6144,13,2396724603
1165,2098967906,11016,2098978922,6,0,1,17920,6,5932577741
1166,2098979225,178895,2099158120,1,0,0,20480,1,2405846427
1167,2099025565,4679,2099030244,11,0,1,12288,11,4138954827
1168,2099049996,4850,2099054846,3,0,1,5120,3,6112825429
1169,2099094945,63346,2099158291,9,0,0,512,9,508075657
1170,2099102196,156358,2099258554,19,0,0,9728,19,1328262974
1171,2099153335,6942,2099160277,9,0,1,2048,9,9241182838
1172,2099196400,90309,2099286709,9,0,0,1024,9,7513542358
1173,2099198911,4162,2099203073,10,0,1,11264,10,10644576398
1174,2099260394,43904,2099304298,9,0,0,512,9,1879195966
1175,2099261363,4162,2099265525,22,0,1,11264,22,9929578558
1176,2099300950,10499,2099311449,6,0,1,16896,6,9900341030
1177,2099310543,2946,2099313489,0,0,1,3072,0,8996024485
1178,2099320520,43904,2099364424,7,0,0,512,7,6686737273
1179,2099324755,1994,2099326749,22,0,1,2048,22,5875927917
1180,2099347142,163705,2099510847,6,0,0,34816,6,657556307
1181,2099356776,7230,2099364006,26,0,1,7680,26,7059954677
1182,2099359227,6725,2099365952,29,0,1,3072,29,5766612515
1183,2099386818,74291,2099461109,20,0,0,2048,20,2663508607
1184,2099388231,2946,2099391177,3,0,1,3072,3,2724026174
1185,2099389419,3384,2099392803,17,0,1,2560,17,2647418684
1186,2099407259,7706,2099414965,26,0,1,8192,26,1145556987
1187,2099425251,151600,2099576851,23,0,0,16896,23,2949954623
1188,2099427115,1042,2099428157,3,0,1,1024,3,2417407689
1189,2099428311,4374,2099432685,1,0,1,4608,1,9606032047
1190,2099441719,119511,2099561230,12,0,0,7680,12,4549651204
1191,2099443730,72433,2099516163,5,0,0,10752,5,1108217756
1192,2099461433,4162,2099465595,6,0,1,11264,6,3975680881
1193,2099473325,62837,2099536162,3,0,0,1024,3,9066032648
1194,2099478195,70388,2099548583,7,0,0,512,7,6167383868
1195,2099512871,156445,2099669316,4,0,0,25088,4,521668722
1196,2099513775,5827,2099519602,23,0,1,3584,23,250204415
1197,2099524637,6754,2099531391,17,0,1,7168,17,2840942366
1198,2099537020,7706,2099544726,15,0,1,8192,15,6594613966
1199,2099539513,6519,2099546032,11,0,1,2048,11,3923591475
1200,2099571984,6853,2099578837,9,0,1,2048,9,8551469039
1201,2099593317,3904,2099597221,1,0,1,10752,1,2003886374
1202,2099645617,115031,2099760648,0,0,0,30208,0,6433738305
1203,2099668011,75657,2099743668,21,0,0,9728,21,4517180843
1204,2099683961,200181,2099884142,22,0,0,32768,22,3046856945
1205,2099707611,3898,2099711509,5,0,1,4096,5,2050692831
1206,2099714693,3898,2099718591,27,0,1,4096,27,7713665242
1207,2099718707,181940,2099900647,20,0,0,1024,20,9034242034
1208,2099773796,126345,2099900141,22,0,0,33792,22,9732535110
1209,2099787461,3422,2099790883,15,0,1,3584,15,3647995329
1210,2099792949,110365,2099903314,26,0,0,8704,26,5772617006
1211,2099851764,48556,2099900320,15,0,0,512,15,4986134082
1212,2099854973,6754,2099861727,13,0,1,7168,13,1685609431
1213,2099870985,2470,2099873455,17,0,1,2560,17,1466232520
1214,2099877977,152990,2100030967,17,0,0,1536,17,713712620
1215,2099880688,4989,2099885677,0,0,1,1536,0,5523484557
1216,2099890678,18397,2099909075,1,0,1,6144,1,9038989618
1217,2100010864,1994,2100012858,26,0,1,2048,26,9738364778
1218,2100011213,3194,2100014407,23,0,1,8704,23,5642942571
1219,2100059254,4679,2100063933,20,0,1,12288,20,8293058090
1220,2100062802,5182,2100067984,20,0,1,12800,20,2299470415
1221,2100075249,15062,2100090311,3,0,1,29184,3,8708910292
1222,2100097731,59288,2100157019,5,0,0,5632,5,2255983541
1223,2100106799,234710,2100341509,12,0,0,122368,12,2201393770
1224,2100107391,286750,2100394141,1,0,0,105472,1,7650859661
1225,2100109502,4374,2100113876,11,0,1,4608,11,4129376160
1226,2100128657,323774,2100452431,4,0,0,48640,4,9335533012
1227,2100128762,1994,2100130756,15,0,1,2048,15,6107790964
1228,2100145448,147407,2100292855,7,0,0,1024,7,5708051402
1229,2100156506,5831,2100162337,5,0,1,5632,5,1502680149
1230,2100162003,322389,2100484392,25,0,0,60928,25,5581992617
1231,2100232725,1518,2100234243,15,0,1,1536,15,6159838055
1232,2100259912,4850,2100264762,9,0,1,5120,9,6148087825
1233,2100273158,154841,2100427999,1,0,0,13824,1,4311163585
1234,2100281529,2946,2100284475,23,0,1,3072,23,8745843248
1235,2100303852,37672,2100341524,2,0,1,2048,2,6868615828
1236,2100323222,92561,2100415783,9,0,0,2048,9,3008666658
1237,2100329624,18688,2100348312,1,0,1,7168,1,2964658087
1238,2100332826,18712,2100351538,6,0,1,5120,6,4580865797
1239,2100345842,142621,2100488463,25,0,0,13312,25,4061337447
1240,2100347185,7899,2100355084,3,0,1,5632,3,2580645776
1241,2100441264,197495,2100638759,28,0,0,40448,28,6369822094
1242,2100458595,4162,2100462757,4,0,1,11264,4,701231660
1243,2100458626,141645,2100600271,26,0,0,24064,26,5524331442
1244,2100497983,43904,2100541887,7,0,0,512,7,418955781
1245,2100573860,4374,2100578234,6,0,1,4608,6,9413716311
1246,2100585987,2946,2100588933,11,0,1,3072,11,6590183085
1247,2100594483,107908,2100702391,16,0,0,35328,16,2123064373
1248,2100643896,43904,2100687800,9,0,0,512,9,3634361486
1249,2100656571,216614,2100873185,12,0,0,11264,12,9503258981
1250,2100662505,114808,2100777313,28,0,0,53248,28,10533756185
1251,2100721418,103593,2100825011,26,0,0,30720,26,2224592741
1252,2100723339,78184,2100801523,7,0,0,512,7,6006928466
1253,2100724250,2946,2100727196,6,0,1,3072,6,1139639724
1254,2100731737,101557,2100833294,2,0,0,27136,2,6387199508
1255,2100769892,8931,2100778823,22,0,1,1536,22,8103590139
1256,2100781114,77208,2100858322,15,0,0,1024,15,10345781513
1257,2100784240,1042,2100785282,0,0,1,1024,0,9708649095
1258,2100797388,5326,2100802714,6,0,1,5632,6,2587707148
1259,2100836246,3904,2100840150,22,0,1,10752,22,8800350984
1260,2100845103,1994,2100847097,3,0,1,2048,3,3512203500
1261,2100845278,122647,2100967925,10,0,0,1024,10,2715254182
1262,2100853057,6278,2100859335,15,0,1,6656,15,7713207364
1263,2100870971,262759,2101133730,25,0,0,88064,25,130824825
1264,2100885426,129368,2101014794,21,0,0,13824,21,7383413735
1265,2100915872,11274,2100927146,4,0,1,18432,4,9366885371
1266,2100915961,73810,2100989771,25,0,0,1024,25,9843867336
1267,2100958157,1042,2100959199,29,0,1,1024,29,5693302103
1268,2100982811,117771,2101100582,4,0,0,15872,4,716661380
1269,2101021476,2946,2101024422,7,0,1,3072,7,10082869804
1270,2101023177,5196,2101028373,13,0,1,13312,13,4231120392
1271,2101033071,104886,2101137957,1,0,0,13824,1,4603083039
1272,2101060773,1042,2101061815,3,0,1,1024,3,6503825036
1273,2101061422,97202,2101158624,22,0,0,17408,22,8827893227
1274,2101087696,203376,2101291072,21,0,0,105984,21,4237984746
1275,2101092675,7922,2101100597,21,0,1,4096,21,9563874263
1276,2101150765,1994,2101152759,4,0,1,2048,4,10243418523
1277,2101153153,92130,2101245283,2,0,0,12800,2,5518372712
1278,2101160343,6754,2101167097,23,0,1,7168,23,2040053772
1279,2101199357,3898,2101203255,10,0,1,4096,10,4568015563
1280,2101232493,58766,2101291259,9,0,0,512,9,10107621418
1281,2101245945,7706,2101253651,5,0,1,8192,5,2143646648
1282,2101246351,125362,2101371713,22,0,0,13312,22,2513550751
1283,2101248176,79553,2101327729,6,0,0,10752,6,8625340958
1284,2101267678,26010,2101293688,17,0,1,2560,17,8236631596
1285,2101269227,201096,2101470323,18,0,0,103936,18,6216510265
1286,2101303551,167590,2101471141,26,0,0,1536,26,7773457733
1287,2101331455,5196,2101336651,23,0,1,13312,23,7544274805
1288,2101369253,3018,2101372271,15,0,1,512,15,1562129122
1289,2101373909,97715,2101471624,6,0,0,1536,6,8227159074
1290,2101377878,3128,2101381006,26,0,1,9216,26,512429808
1291,2101394119,76531,2101470650,9,0,0,1024,9,10191981851
1292,2101398029,7230,2101405259,2,0,1,7680,2,10283024867
1293,2101409558,111942,2101521500,22,0,0,27136,22,8998669529
1294,2101434270,43904,2101478174,20,0,0,512,20,4426930867
1295,2101446082,32255,2101478337,22,0,1,7168,22,132286373
1296,2101497839,3387,2101501226,7,0,1,9728,7,4641375915
1297,2101523648,566,2101524214,2,0,1,512,2,8351264458
1298,2101531324,3904,2101535228,5,0,1,10752,5,9932837787
1299,2101536063,2946,2101539009,18,0,1,3072,18,10148561423
1300,2101549369,1518,2101550887,29,0,1,1536,29,9126949016
1301,2101593797,2470,2101596267,7,0,1,2560,7,1549833152
1302,2101595464,60824,2101656288,21,0,0,5632,21,7770662304
1303,2101600236,159593,2101759829,18,0,0,18432,18,1938693850
1304,2101629697,5802,2101635499,20,0,1,6144,20,4663916963
1305,2101642939,5326,2101648265,29,0,1,5632,29,9106217481
1306,2101655309,157266,2101812575,7,0,0,1536,7,3435220129
1307,2101673553,71624,2101745177,2,0,0,15872,2,10717363531
1308,2101690760,3422,2101694182,2,0,1,3584,2,7553520274
1309,2101742099,57498,2101799597,20,0,0,512,20,4735090358
1310,2101743639,2121,2101745760,6,0,1,512,6,7541223500
1311,2101755519,54974,2101810493,6,0,0,2560,6,4870938978
1312,2101793070,6278,2101799348,6,0,1,6656,6,964670309
1313,2101815613,6754,2101822367,1,0,1,7168,1,9164729222
1314,2101818975,255480,2102074455,19,0,0,16384,19,8852376794
1315,2101821412,217315,2102038727,16,0,0,25088,16,10052723339
1316,2101848391,97184,2101945575,26,0,0,29184,26,8975823838
1317,2101871817,43904,2101915721,17,0,0,512,17,2294059614
1318,2101882578,2946,2101885524,11,0,1,3072,11,9511548413
1319,2101900429,121052,2102021481,21,0,0,60416,21,6861992927
1320,2101915143,69284,2101984427,26,0,0,8192,26,6049224102
1321,2102016344,11424,2102027768,10,0,1,6656,10,4277219559
1322,2102019463,182259,2102201722,12,0,0,48640,12,4500672144
1323,2102043149,138539,2102181688,25,0,0,28160,25,3913075586
1324,2102045042,216038,2102261080,18,0,0,122368,18,2172322961
1325,2102091119,174040,2102265159,1,0,0,13312,1,8845268967
1326,2102100940,220242,2102321182,21,0,0,91648,21,2775323476
1327,2102106493,7706,2102114199,23,0,1,8192,23,7985137474
1328,2102126368,152534,2102278902,21,0,0,45056,21,1361930011
1329,2102150903,566,2102151469,22,0,1,512,22,615465913
1330,2102163713,209123,2102372836,12,0,0,28160,12,7752931176
1331,2102171513,10190,2102181703,22,0,1,10240,22,9024849628
1332,2102190470,99176,2102289646,26,0,0,1024,26,4032388875
1333,2102228902,50525,2102279427,20,0,1,512,20,4145074757
1334,2102269849,105966,2102375815,18,0,0,9728,18,6445847770
1335,2102296309,29715,2102326024,1,0,1,5120,1,5432909055
1336,2102403543,3422,2102406965,3,0,1,3584,3,4263847546
1337,2102424632,57440,2102482072,4,0,0,4608,4,224466120
1338,2102446613,1042,2102447655,29,0,1,1024,29,5969837514
1339,2102459971,2470,2102462441,15,0,1,2560,15,10265339269
1340,2102470152,119912,2102590064,4,0,0,93696,4,6277982510
1341,2102490030,1042,2102491072,15,0,1,1024,15,1502657133
1342,2102506552,5454,2102512006,20,0,1,13824,20,3387827020
1343,2102513873,149403,2102663276,16,0,0,34304,16,10311266017
1344,2102549068,178978,2102728046,1,0,0,10752,1,5197801104
1345,2102575711,125822,2102701533,4,0,0,57856,4,7734439988
1346,2102611447,4374,2102615821,20,0,1,4608,20,1553743968
1347,2102634556,2470,2102637026,26,0,1,2560,26,2927806037
1348,2102643244,3898,2102647142,7,0,1,4096,7,8028915354
1349,2102655019,117248,2102772267,28,0,0,28672,28,3630432347
1350,2102680653,120712,2102801365,10,0,0,1536,10,1916798630
1351,2102703269,2870,2102706139,10,0,1,8704,10,4683978978
1352,2102730330,69008,2102799338,13,0,0,512,13,8934205232
1353,2102766731,10854,2102777585,21,0,1,5632,21,9649715533
1354,2102772403,6808,2102779211,4,0,1,2560,4,5896221647
1355,2102809567,566,2102810133,15,0,1,512,15,2193132289
1356,2102820054,216859,2103036913,26,0,0,54272,26,7765053612
1357,2102839714,156466,2102996180,28,0,0,19968,28,8371939043
1358,2102842570,2946,2102845516,24,0,1,3072,24,5959995248
1359,2102851393,101575,2102952968,23,0,0,9216,23,3395821785
1360,2102877341,6278,2102883619,1,0,1,6656,1,2061746334
1361,2102880833,163427,2103044260,13,0,0,24064,13,1184710986
1362,2102898779,566,2102899345,23,0,1,512,23,8980388768
1363,2102913388,1042,2102914430,12,0,1,1024,12,9922733476
1364,2102924372,60824,2102985196,18,0,0,5632,18,8956896524
1365,2102925659,2470,2102928129,19,0,1,2560,19,4043518870
1366,2102935572,2946,2102938518,0,0,1,3072,0,4741982660
1367,2102946637,6346,2102952983,18,0,1,4608,18,7536934697
1368,2102949074,174550,2103123624,22,0,0,18432,22,5137016847
1369,2103004350,178713,2103183063,18,0,0,12288,18,6468288547
1370,2103005844,108109,2103113953,22,0,0,40448,22,7498476331
1371,2103008570,66244,2103074814,10,0,0,512,10,8560820743
1372,2103010550,7230,2103017780,20,0,1,7680,20,3871711602
1373,2103066231,57572,2103123803,10,0,0,512,10,299928431
1374,2103101321,128533,2103229854,2,0,0,55296,2,8118906697
1375,2103120450,7686,2103128136,11,0,1,4608,11,8425578288
1376,2103133030,6754,2103139784,22,0,1,7168,22,2186863620
1377,2103144398,3898,2103148296,23,0,1,4096,23,1398770893
1378,2103225200,16179,2103241379,9,0,1,18944,9,6797281782
1379,2103313648,6229,2103319877,0,0,1,15360,0,520636384
1380,2103319874,43904,2103363778,10,0,0,512,10,8636398589
1381,2103329749,117986,2103447735,12,0,0,14848,12,9067098417
1382,2103330617,74672,2103405289,4,0,0,10752,4,6359948554
1383,2103331316,5326,2103336642,27,0,1,5632,27,9126594629
1384,2103376975,4162,2103381137,26,0,1,11264,26,4311796369
1385,2103394866,53040,2103447906,7,0,0,512,7,1285325566
1386,2103400830,4474,2103405304,23,0,1,2048,23,5987252072
1387,2103494712,7706,2103502418,24,0,1,8192,24,6832315032
1388,2103550996,6278,2103557274,19,0,1,6656,19,111601125
1389,2103572543,4850,2103577393,13,0,1,5120,13,6987901188
1390,2103580484,41908,2103622392,0,0,1,68096,0,4908588687
1391,2103587128,35930,2103623058,9,0,1,1024,9,1023852221
1392,2103629250,7230,2103636480,19,0,1,7680,19,8394699449
1393,2103632765,189153,2103821918,0,0,0,61952,0,6194602217
1394,2103637292,148086,2103785378,2,0,0,75264,2,7730201177
1395,2103656100,313758,2103969858,16,0,0,6144,16,3413314441
1396,2103670788,1518,2103672306,13,0,1,1536,13,10330834537
1397,2103674679,147418,2103822097,7,0,0,512,7,1489435092
1398,2103679255,6754,2103686009,15,0,1,7168,15,9032395802
1399,2103717899,67650,2103785549,29,0,0,512,29,10579407142
1400,2103750066,5802,2103755868,9,0,1,6144,9,4029296000
1401,2103754276,111376,2103865652,4,0,0,12800,4,7465528068
1402,2103769953,73521,2103843474,15,0,0,1024,15,7158903737
1403,2103772747,67674,2103840421,20,0,0,1024,20,6997134475
1404,2103773704,12453,2103786157,5,0,1,512,5,3654357720
1405,2103804026,22404,2103826430,20,0,1,4608,20,6660153018
1406,2103839758,215894,2104055652,0,0,0,180736,0,9884059792
1407,2103841382,2470,2103843852,13,0,1,2560,13,1223734902
1408,2103863233,194656,2104057889,9,0,0,3584,9,2927096375
1409,2103866312,566,2103866878,12,0,1,512,12,403496530
1410,2103873855,203679,2104077534,0,0,0,24576,0,4123422139
1411,2103889834,166948,2104056782,5,0,0,2048,5,4512809584
1412,2103897802,158341,2104056143,15,0,0,1536,15,2925882810
1413,2103923902,1042,2103924944,20,0,1,1024,20,3952789108
1414,2103933904,7230,2103941134,29,0,1,7680,29,5936847954
1415,2103989902,566,2103990468,11,0,1,512,11,5257278514
1416,2103999447,120537,2104119984,21,0,0,61952,21,7003111227
1417,2104010192,114916,2104125108,16,0,0,13824,16,5605045519
1418,2104039824,314196,2104354020,23,0,0,20992,23,3036587843
1419,2104048201,90089,2104138290,9,0,0,512,9,3049681190
1420,2104051983,169533,2104221516,25,0,0,20480,25,6948482286
1421,2104058801,7706,2104066507,11,0,1,8192,11,4449688977
1422,2104062581,239041,2104301622,22,0,0,56832,22,6017029395
1423,2104129753,91934,2104221687,10,0,0,512,10,4074330890
1424,2104140654,136179,2104276833,15,0,0,512,15,6559259156
1425,2104157471,119191,2104276662,4,0,0,13824,4,4031207161
1426,2104163648,43904,2104207552,17,0,0,512,17,9992547566
1427,2104169051,6278,2104175329,10,0,1,6656,10,3926079909
1428,2104200231,1994,2104202225,22,0,1,2048,22,3776390967
1429,2104202678,47288,2104249966,7,0,0,1536,7,8583446223
1430,2104212557,89556,2104302113,28,0,0,1536,28,6994821383
1431,2104298542,7929,2104306471,21,0,1,4608,21,1775818210
1432,2104299416,9001,2104308417,24,0,1,3072,24,8240102206
1433,2104381152,5802,2104386954,1,0,1,6144,1,6108201211
1434,2104398991,566,2104399557,3,0,1,512,3,1733922213
1435,2104409103,2870,2104411973,26,0,1,8704,26,5782675011
1436,2104418009,4850,2104422859,11,0,1,5120,11,10219262355
1437,2104432163,219221,2104651384,26,0,0,42496,26,9515393062
1438,2104434642,1518,2104436160,21,0,1,1536,21,2505501929
1439,2104435958,1042,2104437000,23,0,1,1024,23,5782535531
1440,2104442506,566,2104443072,1,0,1,512,1,1693102282
1441,2104445297,56000,2104501297,24,0,0,1536,24,715151024
1442,2104464446,7706,2104472152,23,0,1,8192,23,5170094203
1443,2104549733,109169,2104658902,22,0,0,24576,22,5185994608
1444,2104579146,216485,2104795631,4,0,0,49152,4,7803633383
1445,2104587230,566,2104587796,19,0,1,512,19,8833901609
1446,2104637804,13595,2104651399,12,0,1,3072,12,1789013877
1447,2104645501,17813,2104663314,18,0,1,11776,18,6972741737
1448,2104665269,1518,2104666787,3,0,1,1536,3,6137460550
1449,2104667821,212752,2104880573,21,0,0,74752,21,83061395
1450,2104689959,152172,2104842131,21,0,0,40448,21,3626664700
1451,2104697221,43904,2104741125,15,0,0,512,15,7288131788
1452,2104721902,120408,2104842310,29,0,0,512,29,6293807206
1453,2104790693,108848,2104899541,12,0,0,14848,12,10277273787
1454,2104832780,15226,2104848006,10,0,1,14336,10,2239982044
1455,2104840933,7419,2104848352,17,0,1,512,17,6647972583
1456,2104855868,45596,2104901464,17,0,0,1024,17,5886539429
1457,2104868474,55995,2104924469,20,0,0,512,20,5411774390
1458,2104908417,47288,2104955705,20,0,0,1536,20,2553128680
1459,2104910437,201540,2105111977,26,0,0,11264,26,4064028724
1460,2104914545,146380,2105060925,3,0,0,512,3,9886852297
1461,2104915120,145634,2105060754,28,0,0,5632,28,3390069454
1462,2104963580,11274,2104974854,19,0,1,18432,19,10689345849
1463,2104973124,119953,2105093077,26,0,0,9728,26,937482566
1464,2105033034,137683,2105170717,22,0,0,512,22,1305300056
1465,2105045513,109517,2105155030,22,0,0,26624,22,5785922834
1466,2105047762,566,2105048328,18,0,1,512,18,24287555
1467,2105066226,104312,2105170538,0,0,0,42496,0,2773492623
1468,2105068425,47288,2105115713,15,0,0,1536,15,1343547233
1469,2105086874,1994,2105088868,6,0,1,2048,6,5941460056
1470,2105097370,566,2105097936,26,0,1,512,26,7179215000
1471,2105113898,157058,2105270956,2,0,0,4096,2,9969291668
1472,2105164436,136122,2105300558,22,0,0,4096,22,1381944662
1473,2105167624,7459,2105175083,22,0,1,4608,22,2239869997
1474,2105202449,7706,2105210155,29,0,1,8192,29,4991533293
1475,2105225775,3898,2105229673,26,0,1,4096,26,332040060
1476,2105238019,47288,2105285307,6,0,0,1536,6,1520096108
1477,2105241650,45596,2105287246,12,0,0,1024,12,3598906283
1478,2105276042,3422,2105279464,10,0,1,3584,10,8919230989
1479,2105283335,50672,2105334007,9,0,0,2560,9,9309908320
1480,2105337832,1042,2105338874,13,0,1,1024,13,6405840109
1481,2105364313,170094,2105534407,28,0,0,8704,28,6246282856
1482,2105408732,5326,2105414058,13,0,1,5632,13,10472256061
1483,2105426777,45596,2105472373,20,0,0,1024,20,7543471486
1484,2105449336,128313,2105577649,4,0,0,18432,4,3306803416
1485,2105450935,1518,2105452453,3,0,1,1536,3,5092826735
1486,2105469769,49524,2105519293,9,0,0,1536,9,2685316415
1487,2105494144,4374,2105498518,7,0,1,4608,7,7143635460
1488,2105538746,94556,2105633302,5,0,0,25600,5,3523752098
1489,2105546429,1042,2105547471,4,0,1,1024,4,8481827332
1490,2105568126,3422,2105571548,27,0,1,3584,27,3998567909
1491,2105574396,9733,2105584129,15,0,1,15872,15,2155729502
1492,2105583981,132397,2105716378,26,0,0,38912,26,3318766699
1493,2105610544,106013,2105716557,15,0,0,512,15,8656600479
1494,2105619647,1042,2105620689,9,0,1,1024,9,3963419863
1495,2105633568,6278,2105639846,29,0,1,6656,29,743019322
1496,2105650024,67600,2105717624,20,0,0,1024,20,2466224401
1497,2105652008,80312,2105732320,10,0,0,3072,10,7224775539
1498,2105678595,2946,2105681541,11,0,1,3072,11,9437143511
1499,2105707504,9578,2105717082,17,0,1,512,17,6335837022
1500,2105732700,6754,2105739454,5,0,1,7168,5,5176259411
1501,2105733541,57140,2105790681,25,0,0,4096,25,9112220190
1502,2105760718,1994,2105762712,18,0,1,2048,18,7992880458
1503,2105779698,240147,2106019845,2,0,0,147456,2,8634454301
1504,2105821229,11533,2105832762,10,0,1,18944,10,9268634955
1505,2105833942,189194,2106023136,13,0,0,10752,13,7328122956
1506,2105910143,50672,2105960815,7,0,0,2560,7,7330428063
1507,2105943259,3898,2105947157,5,0,1,4096,5,4230923048
1508,2106013987,11611,2106025598,18,0,1,2560,18,6495426818
1509,2106037011,43904,2106080915,9,0,0,512,9,1333953748
1510,2106077389,44060,2106121449,20,0,0,1024,20,4394100669
1511,2106089997,99090,2106189087,19,0,0,19456,19,2608463097
1512,2106116157,566,2106116723,11,0,1,512,11,9010752408
1513,2106131226,183685,2106314911,2,0,0,89088,2,8357769536
1514,2106150437,133549,2106283986,0,0,1,216576,0,738695820
1515,2106194213,349854,2106544067,2,0,0,27136,2,7550480296
1516,2106202679,269873,2106472552,28,0,0,26624,28,7321968938
1517,2106224703,196801,2106421504,5,0,0,80896,5,3023727748
1518,2106227839,214078,2106441917,20,0,0,512,20,1730891411
1519,2106235508,49758,2106285266,4,0,1,14336,4,5995343658
1520,2106244058,307183,2106551241,19,0,0,8704,19,9667154986
1521,2106256046,31486,2106287532,11,0,1,3584,11,6130306176
1522,2106260111,54815,2106314926,5,0,1,1536,5,9165988363
1523,2106267395,353865,2106621260,2,0,0,30208,2,7983771195
1524,2106274922,225363,2106500285,3,0,0,512,3,9268360617
1525,2106293317,267917,2106561234,3,0,0,512,3,3540816325
1526,2106298256,429112,2106727368,4,0,0,20480,4,4977986881
1527,2106318742,253843,2106572585,22,0,0,8704,22,10461349541
1528,2106327952,195715,2106523667,3,0,0,512,3,8210071965
1529,2106341781,5326,2106347107,22,0,1,5632,22,5372369316
1530,2106353725,31007,2106384732,0,0,1,50176,0,9919825463
1531,2106362582,24736,2106387318,26,0,1,4096,26,180299490
1532,2106365448,408390,2106773838,5,0,0,30720,5,6523444814
1533,2106396317,25202,2106421519,27,0,1,7168,27,1806052717
1534,2106405403,26865,2106432268,21,0,1,17408,21,5595041657
1535,2106429483,3771,2106433254,19,0,1,1536,19,2962676445
1536,2106448590,154218,2106602808,5,0,0,6656,5,2901707130
1537,2106462865,67437,2106530302,29,0,0,1536,29,3989569944
1538,2106463301,61124,2106524425,0,0,1,98816,0,4815562709
1539,2106489127,102808,2106591935,24,0,0,512,24,9966584762
1540,2106512161,12725,2106524886,3,0,1,10240,3,421198174
1541,2106517730,8782,2106526512,3,0,1,2560,3,3254186774
1542,2106525280,294020,2106819300,0,0,0,22528,0,3878309924
1543,2106624136,13083,2106637219,10,0,1,22016,10,10630965252
1544,2106636487,233874,2106870361,22,0,0,10240,22,9345989261
1545,2106636839,91012,2106727851,29,0,0,1536,29,1007883511
1546,2106651559,11016,2106662575,21,0,1,17920,21,7008724881
1547,2106652025,304598,2106956623,13,0,0,37376,13,10110612233
1548,2106658673,6808,2106665481,22,0,1,4608,22,3180652556
1549,2106665874,145063,2106810937,19,0,0,29184,19,9375081597
1550,2106672124,566,2106672690,3,0,1,512,3,7177941066
1551,2106681766,130122,2106811888,23,0,0,3072,23,7770071923
1552,2106693524,11791,2106705315,27,0,1,19456,27,3028750378
1553,2106707460,139969,2106847429,17,0,0,512,17,3788414745
1554,2106711298,307722,2107019020,0,0,0,80384,0,2677746995
1555,2106711469,328158,2107039627,19,0,0,67584,19,607356879
1556,2106737714,566,2106738280,6,0,1,512,6,1417568196
1557,2106742342,1518,2106743860,20,0,1,1536,20,8711876411
1558,2106772053,4247,2106776300,24,0,1,2560,24,3881622315
1559,2106811820,72683,2106884503,2,0,0,5120,2,4868154126
1560,2106821652,3898,2106825550,15,0,1,4096,15,5620180963
1561,2106828871,1518,2106830389,2,0,1,1536,2,6507763423
1562,2106867344,182378,2107049722,10,0,0,3584,10,105946427
1563,2106877854,2946,2106880800,21,0,1,3072,21,1367882501
1564,2106879364,161898,2107041262,7,0,0,1024,7,3720661298
1565,2106903680,1042,2106904722,10,0,1,1024,10,395333507
1566,2106917604,137281,2107054885,13,0,0,16896,13,9841108596
1567,2106935525,3645,2106939170,12,0,1,10240,12,1487502070
1568,2106950282,7851,2106958133,5,0,1,1536,5,1450033665
1569,2107016305,69895,2107086200,17,0,0,1024,17,1403518993
1570,2107062908,115372,2107178280,26,0,0,62976,26,6903575258
1571,2107115292,2470,2107117762,13,0,1,2560,13,9007083896
1572,2107118834,69908,2107188742,26,0,0,10240,26,690313680
1573,2107121237,149029,2107270266,12,0,0,116736,12,2779836630
1574,2107158553,200187,2107358740,25,0,0,32768,25,1303911926
1575,2107192131,11274,2107203405,3,0,1,18432,3,5686104831
1576,2107195501,12730,2107208231,11,0,1,7680,11,1558572097
1577,2107302874,76133,2107379007,15,0,0,1536,15,4458392656
1578,2107338271,122227,2107460498,26,0,0,89088,26,8760299939
1579,2107341115,1994,2107343109,9,0,1,2048,9,8671745157
1580,2107362258,114024,2107476282,15,0,0,4096,15,963215935
1581,2107368675,2946,2107371621,2,0,1,3072,2,219918403
1582,2107378659,1382,2107380041,10,0,1,1024,10,2391730179
1583,2107380615,178687,2107559302,26,0,0,34304,26,8933821397
1584,2107406242,68777,2107475019,29,0,0,512,29,7836032091
1585,2107420622,85004,2107505626,2,0,0,19456,2,4390393830
1586,2107425544,2946,2107428490,12,0,1,3072,12,2054756964
1587,2107440310,73630,2107513940,10,0,0,2560,10,8464950601
1588,2107441287,237890,2107679177,6,0,0,30208,6,7643644938
1589,2107446684,21086,2107467770,23,0,1,7680,23,9720964402
1590,2107463412,5344,2107468756,3,0,1,1536,3,10715481243
1591,2107467571,3898,2107471469,29,0,1,4096,29,791693535
1592,2107474853,2463,2107477316,29,0,1,1024,29,384893769
1593,2107482938,3387,2107486325,4,0,1,9728,4,6766868257
1594,2107554869,346154,2107901023,5,0,0,29696,5,2591340413
1595,2107557701,269392,2107827093,19,0,0,29696,19,1269850259
1596,2107567656,149918,2107717574,20,0,0,512,20,8637116656
1597,2107570986,1042,2107572028,17,0,1,1024,17,583105344
1598,2107572185,45596,2107617781,16,0,0,1024,16,1746385624
1599,2107585407,115624,2107701031,10,0,0,1536,10,7378466897
1600,2107596648,101797,2107698445,6,0,0,17408,6,463410949
1601,2107597151,3387,2107600538,9,0,1,9728,9,7366508959
1602,2107600620,217410,2107818030,21,0,0,69120,21,1933992897
1603,2107621679,43904,2107665583,10,0,0,512,10,1905717647
1604,2107634928,65404,2107700332,6,0,0,6144,6,9400200688
1605,2107652777,7706,2107660483,9,0,1,8192,9,1478787363
1606,2107724647,1994,2107726641,6,0,1,2048,6,7335419596
1607,2107725004,103269,2107828273,24,0,0,2048,24,184899008
1608,2107763747,192938,2107956685,25,0,0,100864,25,4731143534
1609,2107766310,226321,2107992631,25,0,0,61440,25,1891180378
1610,2107766318,252232,2108018550,21,0,0,84992,21,8636840621
1611,2107775975,1518,2107777493,11,0,1,1536,11,2545254943
1612,2107791625,85488,2107877113,3,0,0,512,3,10566880915
1613,2107801227,31660,2107832887,1,0,1,6144,1,5656008823
1614,2107859577,5802,2107865379,4,0,1,6144,4,3739576182
1615,2107916527,56814,2107973341,23,0,0,1536,23,289709312
1616,2107945335,73542,2108018877,6,0,0,1024,6,7338150514
1617,2107947035,115796,2108062831,22,0,0,29184,22,9153213593
1618,2107982540,136817,2108119357,13,0,0,22016,13,5336338059
1619,2108019688,99996,2108119684,19,0,0,1024,19,9627134636
1620,2108030876,69354,2108100230,22,0,0,11776,22,3003201557
1621,2108053255,132702,2108185957,1,0,0,74240,1,5041455916
1622,2108124458,174236,2108298694,5,0,0,67072,5,9185201083
1623,2108126185,566,2108126751,4,0,1,512,4,5432660805
1624,2108131695,175069,2108306764,28,0,0,11776,28,9462766137
1625,2108136827,88811,2108225638,6,0,0,13824,6,401143235
1626,2108137742,111644,2108249386,12,0,0,66560,12,9761694987
1627,2108172365,147204,2108319569,0,0,0,12288,0,2280540235
1628,2108176548,200638,2108377186,26,0,0,19968,26,9218977300
1629,2108226980,1518,2108228498,1,0,1,1536,1,3912749685
1630,2108238355,224482,2108462837,5,0,0,21504,5,1908040923
1631,2108247866,7339,2108255205,20,0,1,6144,20,5766045206
1632,2108275086,138911,2108413997,16,0,0,22528,16,4568079316
1633,2108292258,52024,2108344282,15,0,0,1024,15,7083555650
1634,2108316379,4224,2108320603,19,0,1,1024,19,6977425900
1635,2108357588,160311,2108517899,25,0,0,29696,25,1972400827
1636,2108379445,4850,2108384295,6,0,1,5120,6,6691686287
1637,2108400802,4679,2108405481,17,0,1,12288,17,6806137688
1638,2108428826,163059,2108591885,26,0,0,44544,26,6164377027
1639,2108492773,43904,2108536677,13,0,0,512,13,726296950
1640,2108494540,79436,2108573976,28,0,0,11264,28,6225102749
1641,2108526996,99726,2108626722,28,0,0,16896,28,9508940718
1642,2108573166,18734,2108591900,23,0,1,5632,23,1506017203
1643,2108597458,7230,2108604688,18,0,1,7680,18,5428578634
1644,2108602442,5472,2108607914,24,0,1,5120,24,1171829208
1645,2108630639,43904,2108674543,7,0,0,512,7,2551561464
1646,2108632225,50454,2108682679,24,0,0,512,24,8209549427
1647,2108663496,116969,2108780465,6,0,0,78336,6,2990554505
1648,2108680593,123191,2108803784,7,0,0,2048,7,3492726253
1649,2108688059,153663,2108841722,28,0,0,41984,28,2743633024
1650,2108700327,80309,2108780636,7,0,0,512,7,9908643160
1651,2108702481,78638,2108781119,20,0,0,1536,20,1912766119
1652,2108709562,45596,2108755158,15,0,0,1024,15,9131284601
1653,2108709760,3422,2108713182,22,0,1,3584,22,10367994428
1654,2108845970,2470,2108848440,22,0,1,2560,22,3336696972
1655,2108854754,4850,2108859604,12,0,1,5120,12,7948102288
1656,2108861978,122793,2108984771,16,0,0,44032,16,5303297897
1657,2108877643,7230,2108884873,17,0,1,7680,17,6371872515
1658,2108881841,251231,2109133072,1,0,0,55296,1,8773433247
1659,2108890182,4374,2108894556,18,0,1,4608,18,6747656432
1660,2108960551,1518,2108962069,9,0,1,1536,9,6021388966
1661,2108987631,145932,2109133563,21,0,0,1536,21,5604374971
1662,2108996757,119444,2109116201,26,0,0,92160,26,3698433952
1663,2108997503,3422,2109000925,15,0,1,3584,15,9854161050
1664,2108998698,2573,2109001271,4,0,1,512,4,6832614774
1665,2109011193,172940,2109184133,12,0,0,20480,12,7873970612
1666,2109029836,566,2109030402,29,0,1,512,29,8761884940
1667,2109037379,4374,2109041753,2,0,1,4608,2,769454546
1668,2109072119,6754,2109078873,27,0,1,7168,27,309823765
1669,2109108706,51391,2109160097,9,0,0,512,9,3403438782
1670,2109117498,114574,2109232072,18,0,0,25088,18,117496975
1671,2109158220,97311,2109255531,17,0,0,2048,17,8802837954
1672,2109173005,1518,2109174523,20,0,1,1536,20,1172584437
1673,2109175040,43904,2109218944,7,0,0,512,7,1113525242
1674,2109187299,101816,2109289115,22,0,0,34304,22,6848209154
1675,2109198072,566,2109198638,17,0,1,512,17,10142983767
1676,2109200487,73575,2109274062,0,0,1,119808,0,6691504191
1677,2109248247,121921,2109370168,29,0,0,512,29,8240944707
1678,2109299224,11533,2109310757,15,0,1,18944,15,1895562531
1679,2109326709,1518,2109328227,13,0,1,1536,13,5998788700
1680,2109336380,566,2109336946,9,0,1,512,9,7199603363
1681,2109338935,4850,2109343785,7,0,1,5120,7,1459212301
1682,2109381155,1042,2109382197,26,0,1,1024,26,1192924454
1683,2109389252,107994,2109497246,16,0,0,2560,16,7370957895
1684,2109390950,5802,2109396752,22,0,1,6144,22,6744032536
1685,2109392930,4488,2109397418,19,0,1,1024,19,3091719382
1686,2109417546,45596,2109463142,24,0,0,1024,24,5072528936
1687,2109459476,2946,2109462422,11,0,1,3072,11,7313642794
1688,2109492224,48980,2109541204,29,0,0,2048,29,4737119856
1689,2109525566,197024,2109722590,12,0,0,36352,12,9486896667
1690,2109544262,105962,2109650224,0,0,0,17408,0,8766809689
1691,2109559799,1042,2109560841,7,0,1,1024,7,8635187619
1692,2109600731,51522,2109652253,16,0,0,2048,16,890606764
1693,2109605541,7706,2109613247,21,0,1,8192,21,3073207507
1694,2109615798,53333,2109669131,7,0,0,1536,7,5507884109
1695,2109648235,103173,2109751408,2,0,0,32256,2,3085268876
1696,2109661830,204111,2109865941,4,0,0,35840,4,2372582556
1697,2109664352,4850,2109669202,26,0,1,5120,26,3135110414
1698,2109685763,2470,2109688233,24,0,1,2560,24,5208034454
1699,2109689566,2946,2109692512,15,0,1,3072,15,9634419884
1700,2109724992,2946,2109727938,29,0,1,3072,29,6239405467
1701,2109767553,2870,2109770423,17,0,1,8704,17,5511057003
1702,2109778138,3645,2109781783,19,0,1,10240,19,5979960187
1703,2109784154,223547,2110007701,17,0,0,1536,17,5878635124
1704,2109802009,256668,2110058677,22,0,0,62976,22,6609049591
1705,2109815612,279599,2110095211,4,0,0,107520,4,8946337545
1706,2109846407,133432,2109979839,13,0,0,55808,13,1065068048
1707,2109919346,143090,2110062436,18,0,0,12288,18,9987501244
1708,2109966592,26492,2109993084,7,0,1,25600,7,2898106769
1709,2109998829,7230,2110006059,2,0,1,7680,2,8808985364
1710,2110056083,42365,2110098448,27,0,1,9216,27,8162556023
1711,2110060584,82007,2110142591,3,0,0,1536,3,11224361
1712,2110066539,263067,2110329606,12,0,0,161792,12,3500813523
1713,2110067808,30986,2110098794,27,0,1,512,27,9599539720
1714,2110073797,151292,2110225089,13,0,0,15360,13,6209678439
1715,2110082585,19597,2110102182,6,0,1,4096,6,2152165504
1716,2110171637,162516,2110334153,25,0,0,14848,25,2811268061
1717,2110249562,99008,2110348570,1,0,0,25088,1,1923564119
1718,2110282067,55492,2110337559,24,0,1,3584,24,9007561816
1719,2110326545,122364,2110448909,25,0,0,76800,25,10037100678
1720,2110359083,186877,2110545960,2,0,0,37888,2,3186709885
1721,2110390464,131634,2110522098,9,0,0,1024,9,5346273722
1722,2110419685,3422,2110423107,23,0,1,3584,23,4344768517
1723,2110428822,23249,2110452071,27,0,1,9216,27,8571048553
1724,2110431110,22159,2110453269,4,0,1,1536,4,9557853883
1725,2110432869,22346,2110455215,1,0,1,3072,1,8978475800
1726,2110495798,190592,2110686390,22,0,0,164352,22,6032332333
1727,2110496682,50999,2110547681,0,0,1,82432,0,5845115319
1728,2110508951,379920,2110888871,21,0,0,14336,21,4639204381
1729,2110509894,404171,2110914065,16,0,0,39424,16,4442061619
1730,2110535807,14140,2110549947,9,0,1,3584,9,4397401554
1731,2110541741,162916,2110704657,5,0,0,59904,5,3549481060
1732,2110542750,341738,2110884488,28,0,0,138240,28,7457845307
1733,2110549977,4162,2110554139,2,0,1,11264,2,9806804086
1734,2110618386,92222,2110710608,26,0,0,19456,26,6831961872
1735,2110621642,119397,2110741039,20,0,0,3584,20,8325411760
1736,2110627114,103485,2110730599,10,0,0,4608,10,5705788313
1737,2110629584,3422,2110633006,4,0,1,3584,4,4942757507
1738,2110629914,3939,2110633853,19,0,1,9216,19,8500820636
1739,2110691776,19357,2110711133,20,0,1,512,20,10462754716
1740,2110715974,173224,2110889198,3,0,0,1024,3,4180185273
1741,2110728083,315013,2111043096,23,0,0,20480,23,744534302
1742,2110740770,7491,2110748261,17,0,1,7680,17,9782227179
1743,2110755246,4850,2110760096,6,0,1,5120,6,3932895161
1744,2110768748,225140,2110993888,25,0,0,89088,25,1881768230
1745,2110790428,1042,2110791470,26,0,1,1024,26,8229595956
1746,2110798757,2946,2110801703,29,0,1,3072,29,334724943
1747,2110841423,202000,2111043423,10,0,0,1024,10,1335359794
1748,2110876741,14919,2110891660,19,0,1,2560,19,5284907323
1749,2110898534,3422,2110901956,17,0,1,3584,17,9185580674
1750,2110932374,79148,2111011522,16,0,0,15360,16,9624810599
1751,2110975564,165158,2111140722,18,0,0,97792,18,2722791949
1752,2110978218,19602,2110997820,23,0,1,4096,23,1825654031
1753,2110988515,180474,2111168989,16,0,0,92672,16,747107415
1754,2111057271,566,2111057837,19,0,1,512,19,8411491841
1755,2111114078,60672,2111174750,22,0,1,6144,22,7578582747
1756,2111125038,121885,2111246923,12,0,0,48640,12,8485600169
1757,2111142386,50925,2111193311,0,0,1,36864,0,10480264038
1758,2111159947,38190,2111198137,2,0,1,7680,2,8486718160
1759,2111169313,209606,2111378919,7,0,0,1536,7,10445461392
1760,2111219458,63261,2111282719,7,0,0,2560,7,7978441833
1761,2111231196,114435,2111345631,17,0,0,1024,17,6802809097
1762,2111250883,192116,2111442999,2,0,0,30720,2,2903181545
1763,2111260096,1994,2111262090,15,0,1,2048,15,7372005270
1764,2111278838,4374,2111283212,29,0,1,4608,29,8405269726
1765,2111306692,5326,2111312018,5,0,1,5632,5,8865682032
1766,2111341946,219869,2111561815,4,0,0,47104,4,3226042831
1767,2111353513,76076,2111429589,1,0,0,15360,1,4145224363
1768,2111361358,34020,2111395378,0,0,1,59392,0,5005859188
1769,2111400939,566,2111401505,18,0,1,512,18,3159717840
1770,2111422338,7266,2111429604,17,0,1,8704,17,5726876202
1771,2111427451,68648,2111496099,6,0,0,6144,6,753924168
1772,2111446547,5454,2111452001,26,0,1,13824,26,7905546076
1773,2111458796,1994,2111460790,17,0,1,2048,17,5415891839
1774,2111489294,6820,2111496114,0,0,1,15360,0,9209940652
1775,2111511558,84223,2111595781,5,0,0,11264,5,10078133227
1776,2111517076,4679,2111521755,23,0,1,12288,23,4876304977
1777,2111562465,103174,2111665639,0,0,1,167424,0,1844837311
1778,2111590950,93208,2111684158,1,0,0,1536,1,265420972
1779,2111591027,78158,2111669185,29,0,1,5632,29,4703288306
1780,2111598769,475883,2112074652,1,0,0,167424,1,8306026936
1781,2111623169,49882,2111673051,12,0,1,6144,12,1384266368
1782,2111630275,58534,2111688809,0,0,1,58880,0,4139468
1783,2111665747,85420,2111751167,0,0,1,142848,0,1799169015
1784,2111675403,218535,2111893938,6,0,0,13824,6,9869398686
1785,2111703986,377241,2112081227,26,0,0,21504,26,3309946137
1786,2111749462,376901,2112126363,25,0,0,55296,25,3584277779
1787,2111754393,2470,2111756863,15,0,1,2560,15,7708396634
1788,2111771866,251759,2112023625,22,0,0,114688,22,3092037767
1789,2111838059,128080,2111966139,9,0,0,512,9,7744728606
1790,2111838065,419885,2112257950,25,0,0,91648,25,1005700076
1791,2111870912,5326,2111876238,29,0,1,5632,29,5215157113
1792,2111878151,15802,2111893953,24,0,1,23040,24,8654328482
1793,2111880015,202646,2112082661,28,0,0,4096,28,3699576337
1794,2111886127,196861,2112082988,15,0,0,1024,15,9922309661
1795,2111902799,1518,2111904317,18,0,1,1536,18,8403000377
1796,2111931572,402728,2112334300,13,0,0,102400,13,5693925557
1797,2111944777,136621,2112081398,17,0,0,512,17,1578178502
1798,2111944987,1042,2111946029,11,0,1,1024,11,3951384350
1799,2111949991,313153,2112263144,13,0,0,7680,13,1539561699
1800,2111961308,4162,2111965470,27,0,1,11264,27,3291083500
1801,2112000727,387201,2112387928,0,0,0,32256,0,8252257235
1802,2112064141,22303,2112086444,23,0,1,3584,23,7164818355
1803,2112071845,16431,2112088276,7,0,1,11264,7,10390861970
1804,2112076205,17619,2112093824,9,0,1,6656,9,10053496678
1805,2112084014,278873,2112362887,0,0,0,93696,0,861243276
1806,2112122985,316123,2112439108,22,0,0,38912,22,8528906426
1807,2112128240,2946,2112131186,10,0,1,3072,10,3145810487
1808,2112142134,118655,2112260789,18,0,0,9216,18,5657552702
1809,2112154687,125265,2112279952,20,0,0,512,20,8184655611
1810,2112160385,204093,2112364478,13,0,0,5120,13,3191851470
1811,2112166649,2470,2112169119,21,0,1,2560,21,694620315
1812,2112200532,359139,2112559671,19,0,0,77824,19,921254639
1813,2112215808,191846,2112407654,0,0,0,13824,0,7187834770
1814,2112243036,270539,2112513575,24,0,0,1024,24,2168595550
1815,2112245281,18864,2112264145,27,0,1,1024,27,5705156121
1816,2112265600,99205,2112364805,17,0,0,1024,17,3290337981
1817,2112269928,252562,2112522490,4,0,0,29184,4,9302620384
1818,2112291556,7706,2112299262,24,0,1,8192,24,10586122419
1819,2112296693,184308,2112481001,3,0,0,512,3,5411496342
1820,2112310796,153410,2112464206,22,0,0,6144,22,831681488
1821,2112320969,45781,2112366750,9,0,1,10752,9,524941164
1822,2112328217,240638,2112568855,28,0,0,6656,28,5008966388
1823,2112348152,165096,2112513248,25,0,0,30208,25,9208414253
1824,2112372243,163686,2112535929,21,0,0,44032,21,2942307678
1825,2112382931,279134,2112662065,24,0,0,1024,24,5839868501
1826,2112385591,273786,2112659377,13,0,0,75776,13,2353991035
1827,2112395352,217558,2112612910,28,0,0,11264,28,6456374180
1828,2112407269,5703,2112412972,11,0,1,5632,11,10473198928
1829,2112424835,14288,2112439123,22,0,1,5120,22,2668442295
1830,2112499663,159885,2112659548,3,0,0,512,3,6541232615
1831,2112509971,25973,2112535944,13,0,1,5120,13,6320745515
1832,2112555733,103838,2112659571,0,0,1,139264,0,10185536761
1833,2112586907,115813,2112702720,1,0,0,30208,1,1599501201
1834,2112600674,227591,2112828265,19,0,0,16384,19,8067265257
1835,2112619126,103512,2112722638,0,0,0,23552,0,2605435830
1836,2112633028,26558,2112659586,26,0,1,10240,26,7129305593
1837,2112638016,23050,2112661066,4,0,1,1536,4,1260966713
1838,2112662329,2870,2112665199,11,0,1,8704,11,6876865820
1839,2112665971,566,2112666537,18,0,1,512,18,5228411535
1840,2112679400,5712,2112685112,21,0,1,14336,21,2712798803
1841,2112688827,13908,2112702735,24,0,1,7168,24,7439092390
1842,2112701200,11768,2112712968,11,0,1,16384,11,5697433025
1843,2112710533,2781,2112713314,17,0,1,512,17,7009309322
1844,2112718664,83882,2112802546,7,0,0,512,7,6326082747
1845,2112755537,4420,2112759957,9,0,1,11776,9,8147628010
1846,2112793006,324956,2113117962,2,0,0,53248,2,952516842
1847,2112812502,277938,2113090440,2,0,0,120320,2,8241237130
1848,2112816460,566,2112817026,20,0,1,512,20,355709193
1849,2112857680,143868,2113001548,5,0,0,10752,5,10359528149
1850,2112862289,5802,2112868091,21,0,1,6144,21,7000966323
1851,2112901927,1042,2112902969,17,0,1,1024,17,8297175989
1852,2112910024,4850,2112914874,29,0,1,5120,29,7118271573
1853,2112941181,1994,2112943175,22,0,1,2048,22,141196648
1854,2112954792,48980,2113003772,2,0,0,2048,2,4885689217
1855,2112964432,1042,2112965474,27,0,1,1024,27,1885456482
1856,2112977780,6229,2112984009,0,0,1,15360,0,1612603050
1857,2112983977,297586,2113281563,0,0,0,66048,0,693994083
1858,2113007977,566,2113008543,23,0,1,512,23,4562184109
1859,2113009988,80779,2113090767,24,0,0,1024,24,4405038760
1860,2113023966,178450,2113202416,5,0,0,25088,5,5394577174
1861,2113025126,137514,2113162640,21,0,0,512,21,6861772737
1862,2113026920,3898,2113030818,18,0,1,4096,18,658374898
1863,2113028135,124023,2113152158,0,0,1,201216,0,1372570793
1864,2113063990,232408,2113296398,25,0,0,48640,25,8193698347
1865,2113091587,226843,2113318430,28,0,0,6144,28,1623310130
1866,2113096874,160265,2113257139,22,0,0,24064,22,8259145510
1867,2113163995,229045,2113393040,23,0,0,23040,23,7326135827
1868,2113188068,6278,2113194346,29,0,1,6656,29,1840079047
1869,2113190997,66937,2113257934,23,0,0,2560,23,10236493998
1870,2113199283,100726,2113300009,26,0,0,11776,26,2336358320
1871,2113266682,34353,2113301035,4,0,1,1024,4,3531707238
1872,2113296048,17510,2113313558,15,0,1,25600,15,4826658419
1873,2113300164,112934,2113413098,17,0,0,2048,17,1464002360
1874,2113333654,117262,2113450916,0,0,0,10240,0,5282820877
1875,2113364102,130417,2113494519,10,0,0,512,10,9148736160
1876,2113406878,1994,2113408872,13,0,1,2048,13,6658391563
1877,2113432637,1042,2113433679,20,0,1,1024,20,546505883
1878,2113455272,46258,2113501530,9,0,0,512,9,625884302
1879,2113513449,69440,2113582889,0,0,0,8704,0,762196336
1880,2113517748,43904,2113561652,17,0,0,512,17,746287386
1881,2113523840,4162,2113528002,26,0,1,11264,26,6921835295
1882,2113528744,5454,2113534198,20,0,1,13824,20,7658646992
1883,2113567896,4162,2113572058,29,0,1,11264,29,3400941577
1884,2113568134,5237,2113573371,21,0,1,2048,21,97924468
1885,2113590852,4374,2113595226,10,0,1,4608,10,4812839095
1886,2113604164,106045,2113710209,29,0,0,512,29,6793142238
1887,2113611636,10499,2113622135,20,0,1,16896,20,7300002555
1888,2113651834,1518,2113653352,4,0,1,1536,4,8916342203
1889,2113720958,2946,2113723904,15,0,1,3072,15,1713128380
1890,2113742221,107555,2113849776,18,0,0,48128,18,2461943551
1891,2113747650,111000,2113858650,17,0,0,512,17,4212171832
1892,2113778090,102718,2113880808,20,0,0,1536,20,4386666585
1893,2113780088,2946,2113783034,27,0,1,3072,27,8213082387
1894,2113782007,2333,2113784340,5,0,1,2048,5,9436560540
1895,2113810301,566,2113810867,5,0,1,512,5,10260569725
1896,2113818621,47288,2113865909,12,0,0,1536,12,2016949793
1897,2113818762,6278,2113825040,5,0,1,6656,5,8332114898
1898,2113825449,55530,2113880979,12,0,0,512,12,4972777000
1899,2113893762,1042,2113894804,9,0,1,1024,9,9160263628
1900,2113899161,112914,2114012075,15,0,0,1024,15,10059788172
1901,2113904799,3128,2113907927,21,0,1,9216,21,712909655
1902,2113946928,134843,2114081771,25,0,0,58368,25,7592733350
1903,2114007442,120874,2114128316,22,0,0,20992,22,1049162363
1904,2114007870,566,2114008436,27,0,1,512,27,5370964231
1905,2114020698,61408,2114082106,9,0,0,1024,9,1919276717
1906,2114033566,137362,2114170928,12,0,0,34816,12,9634644048
1907,2114037879,15062,2114052941,18,0,1,29184,18,809306996
1908,2114040844,18730,2114059574,5,0,1,24576,5,3343312351
1909,2114043348,47401,2114090749,17,0,0,512,17,3954065905
1910,2114064204,201317,2114265521,19,0,0,14336,19,2189374806
1911,2114072654,326926,2114399580,6,0,0,53760,6,7799075677
1912,2114085343,393209,2114478552,28,0,0,26624,28,8711423122
1913,2114102492,258321,2114360813,0,0,1,422912,0,3237571252
1914,2114124384,455015,2114579399,12,0,0,30208,12,8589412392
1915,2114141799,336924,2114478723,17,0,0,512,17,7998637879
1916,2114156346,389213,2114545559,12,0,0,19968,12,1672217367
1917,2114173712,347159,2114520871,13,0,0,56320,13,8562518552
1918,2114209971,151303,2114361274,29,0,1,10240,29,2407892091
1919,2114221104,143314,2114364418,12,0,0,3584,12,7099872835
1920,2114224309,265009,2114489318,4,0,0,512,4,456066461
1921,2114283007,84680,2114367687,0,0,1,30720,0,1408218208
1922,2114284360,180401,2114464761,10,0,0,512,10,5152672762
1923,2114284577,248433,2114533010,9,0,0,512,9,6971369099
1924,2114308624,394071,2114702695,5,0,0,90112,5,4804490727
1925,2114333176,248763,2114581939,2,0,0,8192,2,946381779
1926,2114340208,256825,2114597033,4,0,0,4608,4,5261004799
1927,2114375892,566,2114376458,27,0,1,512,27,7622804522
1928,2114382689,179118,2114561807,24,0,0,1024,24,7674284053
1929,2114392732,162549,2114555281,29,0,0,512,29,4543085647
1930,2114411610,240585,2114652195,6,0,0,5120,6,633567383
1931,2114421335,292879,2114714214,12,0,0,7680,12,8176242196
1932,2114424335,363311,2114787646,19,0,0,79360,19,6178011700
1933,2114453841,355036,2114808877,2,0,0,69632,2,7680226018
1934,2114488124,2470,2114490594,24,0,1,2560,24,10316528570
1935,2114541110,134114,2114675224,26,0,0,6144,26,10030806231
1936,2114566510,255509,2114822019,13,0,0,6656,13,862276903
1937,2114588012,3422,2114591434,15,0,1,3584,15,3541699809
1938,2114590451,6597,2114597048,6,0,1,15872,6,531013421
1939,2114607838,1994,2114609832,20,0,1,2048,20,2043789634
1940,2114613755,206221,2114819976,26,0,0,36352,26,2446655379
1941,2114632299,3422,2114635721,23,0,1,3584,23,6880110934
1942,2114641590,3898,2114645488,1,0,1,4096,1,5715094795
1943,2114649136,173218,2114822354,20,0,0,1024,20,9007697973
1944,2114662385,1518,2114663903,17,0,1,1536,17,1988031639
1945,2114671212,31498,2114702710,26,0,1,10752,26,5991956677
1946,2114698976,257150,2114956126,2,0,0,156672,2,1953444062
1947,2114708871,265858,2114974729,16,0,0,60928,16,5847970271
1948,2114719859,257225,2114977084,29,0,0,7680,29,4739279807
1949,2114746700,6278,2114752978,11,0,1,6656,11,10687407912
1950,2114747425,7179,2114754604,18,0,1,2560,18,8144111283
1951,2114756808,1042,2114757850,0,0,1,1024,0,7818256132
1952,2114780458,45894,2114826352,26,0,1,4608,26,3722024034
1953,2114889327,566,2114889893,21,0,1,512,21,7035798349
1954,2114911357,66728,2114978085,1,0,1,1024,1,2552057105
1955,2114938802,39629,2114978431,13,0,1,512,13,9382919481
1956,2114946796,83288,2115030084,23,0,0,13312,23,9529197034
1957,2114990446,69284,2115059730,26,0,0,8192,26,7810081997
1958,2115020050,124274,2115144324,0,0,0,57856,0,10406221696
1959,2115033358,165363,2115198721,22,0,0,18432,22,588725890
1960,2115056732,5454,2115062186,4,0,1,13824,4,896435092
1961,2115072746,200585,2115273331,25,0,0,35328,25,4995139681
1962,2115081062,3422,2115084484,21,0,1,3584,21,9162211731
1963,2115126614,79600,2115206214,13,0,0,3072,13,3673662062
1964,2115146034,3128,2115149162,20,0,1,9216,20,8853295524
1965,2115150575,179834,2115330409,5,0,0,14848,5,1535042180
1966,2115170466,83542,2115254008,28,0,0,18944,28,9196170981
1967,2115175191,84889,2115260080,28,0,0,3584,28,6232771810
1968,2115205180,7230,2115212410,10,0,1,7680,10,1402880042
1969,2115238479,111142,2115349621,22,0,0,17408,22,6047016551
1970,2115288857,3128,2115291985,24,0,1,9216,24,693461992
1971,2115293643,4374,2115298017,7,0,1,4608,7,3217466680
1972,2115332978,5326,2115338304,13,0,1,5632,13,6473766471
1973,2115333913,100462,2115434375,6,0,0,27136,6,9229785517
1974,2115334819,4791,2115339610,21,0,1,2048,21,5139833487
1975,2115355607,215302,2115570909,21,0,0,103424,21,5159961182
1976,2115363621,1518,2115365139,4,0,1,1536,4,5024001941
1977,2115394643,13341,2115407984,10,0,1,22528,10,8691373540
1978,2115450624,1994,2115452618,12,0,1,2048,12,10021072100
1979,2115543213,105768,2115648981,6,0,0,16896,6,8259423343
1980,2115559429,16823,2115576252,15,0,1,5632,15,7702290165
1981,2115584485,181556,2115766041,0,0,0,5632,0,1269607531
1982,2115588702,566,2115589268,2,0,1,512,2,5160816410
1983,2115591668,302439,2115894107,28,0,0,249344,28,3225447558
1984,2115602436,566,2115603002,5,0,1,512,5,9321019795
1985,2115609208,138533,2115747741,9,0,0,1024,9,5934852467
1986,2115620748,280550,2115901298,0,0,0,23552,0,8574184625
1987,2115628764,302229,2115930993,25,0,0,97280,25,5683150031
1988,2115636271,5326,2115641597,12,0,1,5632,12,8753406563
1989,2115673389,269880,2115943269,29,0,0,14336,29,2296173840
1990,2115729260,6754,2115736014,24,0,1,7168,24,794610832
1991,2115740199,194709,2115934908,16,0,0,12800,16,3825503844
1992,2115746875,218271,2115965146,18,0,0,20480,18,4245002591
1993,2115748078,4420,2115752498,7,0,1,11776,7,1406426423
1994,2115749193,189693,2115938886,26,0,0,12288,26,9870006920
1995,2115755276,214406,2115969682,25,0,0,5120,25,5400334968
1996,2115791405,152035,2115943440,9,0,0,512,9,928616782
1997,2115802668,132411,2115935079,24,0,0,512,24,4014026681
1998,2115864438,79033,2115943471,6,0,1,13312,6,3766298986
1999,2115873505,69981,2115943486,13,0,1,9728,13,1647264734
2000,2115876966,67962,2115944928,1,0,1,8704,1,5875141090
2001,2115879113,72085,2115951198,11,0,1,15872,11,3772749114
2002,2115880054,72770,2115952824,7,0,1,2560,7,3555119688
2003,2115904279,166423,2116070702,5,0,0,32256,5,4043660248
2004,2115920702,35718,2115956420,15,0,1,14848,15,642029323
2005,2115933731,155558,2116089289,29,0,0,60928,29,7784303717
2006,2115976180,84671,2116060851,5,0,0,13824,5,8077851953
2007,2115998669,2946,2116001615,29,0,1,3072,29,5250365682
2008,2116011061,1042,2116012103,22,0,1,1024,22,7273669030
2009,2116011330,1759,2116013089,5,0,1,1536,5,1205615285
2010,2116038023,156680,2116194703,2,0,0,9216,2,5465406605
2011,2116058620,173459,2116232079,22,0,0,1024,22,7131823498
2012,2116062473,128422,2116190895,22,0,0,44544,22,2440120702
2013,2116078505,63140,2116141645,6,0,0,3072,6,7439405680
2014,2116081809,86935,2116168744,19,0,0,11264,19,9919669768
2015,2116083949,123836,2116207785,3,0,0,3072,3,3316238229
2016,2116130964,10696,2116141660,19,0,1,16384,19,293727798
2017,2116141465,99074,2116240539,26,0,0,3584,26,6040039620
2018,2116172748,3422,2116176170,17,0,1,3584,17,8563414383
2019,2116210565,2946,2116213511,19,0,1,3072,19,982438764
2020,2116241132,5802,2116246934,29,0,1,6144,29,4127975316
2021,2116257211,1994,2116259205,23,0,1,2048,23,2876561745
2022,2116348880,566,2116349446,6,0,1,512,6,7784602295
2023,2116350547,188096,2116538643,25,0,0,156160,25,5824239601
2024,2116416424,227627,2116644051,0,0,0,49152,0,1849386976
2025,2116427752,5454,2116433206,15,0,1,13824,15,8699239358
2026,2116435345,193715,2116629060,9,0,0,28672,9,9521680911
2027,2116461032,5802,2116466834,12,0,1,6144,12,8646710206
2028,2116476736,99896,2116576632,26,0,0,17920,26,7685663749
2029,2116488234,50424,2116538658,18,0,1,25088,18,8504024984
2030,2116511474,32978,2116544452,12,0,1,6144,12,6524645671
2031,2116543672,205013,2116748685,29,0,0,33792,29,8255556279
2032,2116572876,119139,2116692015,21,0,0,75776,21,5107122759
2033,2116588975,55411,2116644386,7,0,0,1024,7,5667288821
2034,2116625997,178350,2116804347,16,0,0,38912,16,9019413446
2035,2116640557,63418,2116703975,10,0,0,512,10,8465385562
2036,2116659439,1994,2116661433,24,0,1,2048,24,10376010521
2037,2116670330,90789,2116761119,10,0,0,512,10,7881397558
2038,2116676997,154458,2116831455,21,0,0,22016,21,4915082953
2039,2116681903,268327,2116950230,28,0,0,32768,28,10411511692
2040,2116691583,45889,2116737472,20,0,0,512,20,8364662933
2041,2116696866,190489,2116887355,25,0,0,27136,25,4371465209
2042,2116702508,237191,2116939699,22,0,0,58368,22,1913808277
2043,2116716470,3422,2116719892,7,0,1,3584,7,6669707850
2044,2116725941,90704,2116816645,9,0,0,23040,9,3607567364
2045,2116735958,12750,2116748708,9,0,1,14848,9,7895941399
2046,2116739809,64865,2116804674,20,0,0,1024,20,4039562048
2047,2116769201,2946,2116772147,11,0,1,3072,11,7410172922
2048,2116787099,123175,2116910274,21,0,0,18432,21,8783410512
2049,2116805679,224645,2117030324,22,0,0,72704,22,9670072877
2050,2116826446,179283,2117005729,18,0,0,47104,18,9406212056
2051,2116833044,229702,2117062746,1,0,0,57856,1,8229108019
2052,2116859113,268560,2117127673,28,0,0,52736,28,8576626053
2053,2116870023,5802,2116875825,5,0,1,6144,5,2335589832
2054,2116898278,566,2116898844,23,0,1,512,23,1361706455
2055,2116942510,196173,2117138683,1,0,0,2048,1,9550657494
2056,2116946172,16641,2116962813,15,0,1,20992,15,241490885
2057,2117002523,27816,2117030339,29,0,1,2560,29,3230291418
2058,2117017858,15877,2117033735,15,0,1,9728,15,5098876659
2059,2117020362,211651,2117232013,6,0,0,80384,6,7578990450
2060,2117049899,13422,2117063321,27,0,1,512,27,4492110410
2061,2117049915,260380,2117310295,18,0,0,94208,18,6817563246
2062,2117072017,204233,2117276250,21,0,0,11264,21,434452738
2063,2117134842,1042,2117135884,26,0,1,1024,26,7220323968
2064,2117168965,178457,2117347422,21,0,0,23040,21,5054824925
2065,2117174646,272864,2117447510,19,0,0,72192,19,4918025442
2066,2117211348,178490,2117389838,23,0,0,24064,23,2894205386
2067,2117231681,3295,2117234976,11,0,1,3072,11,3759801632
2068,2117275862,2850,2117278712,7,0,1,2560,7,1525546732
2069,2117279440,111505,2117390945,12,0,0,3584,12,7089952198
2070,2117348959,7230,2117356189,26,0,1,7680,26,8215718952
2071,2117350594,8821,2117359415,19,0,1,5120,19,265436361
2072,2117392972,101157,2117494129,12,0,0,16896,12,10694655505
2073,2117397885,76988,2117474873,21,0,0,13312,21,4182041688
2074,2117405383,566,2117405949,23,0,1,512,23,7386091664
2075,2117416053,2470,2117418523,12,0,1,2560,12,1208109719
2076,2117424648,22877,2117447525,11,0,1,4608,11,587767692
2077,2117445949,55624,2117501573,0,0,0,3584,0,2014847466
2078,2117452141,7230,2117459371,29,0,1,7680,29,3952786342
2079,2117454315,5402,2117459717,22,0,1,512,22,6011206553
2080,2117470081,56477,2117526558,9,0,0,1024,9,5558626425
2081,2117511891,4937,2117516828,27,0,1,12800,27,9545470468
2082,2117517989,2870,2117520859,26,0,1,8704,26,4129671533
2083,2117547804,143876,2117691680,17,0,0,1536,17,5920624814
2084,2117556114,95312,2117651426,28,0,0,23040,28,1575844098
2085,2117573331,291536,2117864867,19,0,0,90112,19,6278419716
2086,2117581109,566,2117581675,26,0,1,512,26,3491313621
2087,2117594258,169914,2117764172,3,0,0,2048,3,6581857680
2088,2117601432,263606,2117865038,15,0,0,512,15,7609269532
2089,2117607860,335163,2117943023,12,0,0,36864,12,5304301531
2090,2117610197,91572,2117701769,28,0,0,4608,28,2930049555
2091,2117628910,1042,2117629952,20,0,1,1024,20,9035203868
2092,2117632888,130645,2117763533,28,0,0,40960,28,6343742951
2093,2117645176,175831,2117821007,28,0,0,72192,28,2369986948
2094,2117653689,135348,2117789037,3,0,0,512,3,8349428772
2095,2117668763,213199,2117881962,26,0,0,17408,26,4631073499
2096,2117704805,177990,2117882795,24,0,0,512,24,7020769282
2097,2117709735,3645,2117713380,16,0,1,10240,16,2193766586
2098,2117732309,225691,2117958000,23,0,0,44032,23,5682901927
2099,2117740999,1042,2117742041,17,0,1,1024,17,5021504218
2100,2117773891,1518,2117775409,15,0,1,1536,15,5522709436
2101,2117775482,56337,2117831819,0,0,1,96256,0,1563585032
2102,2117780276,240495,2118020771,16,0,0,24064,16,926530229
2103,2117786019,118984,2117905003,24,0,0,2560,24,6510061683
2104,2117793950,248247,2118042197,24,0,0,512,24,5213975000
2105,2117823983,177636,2118001619,20,0,0,1536,20,5463992467
2106,2117828446,213556,2118042002,4,0,0,69632,4,9858124524
2107,2117888961,153407,2118042368,15,0,0,512,15,8368458201
2108,2117952770,104363,2118057133,10,0,0,1024,10,2021683347
2109,2118011684,81128,2118092812,29,0,0,11776,29,1198690345
2110,2118024515,23291,2118047806,18,0,1,13824,18,94260901
2111,2118026636,23116,2118049752,17,0,1,3072,17,6593863996
2112,2118030163,175666,2118205829,13,0,0,76800,13,3871194065
2113,2118041329,10850,2118052179,2,0,1,12288,2,8931164944
2114,2118047198,14344,2118061542,22,0,1,16384,22,7123519941
2115,2118116507,154141,2118270648,25,0,0,90624,25,7727810156
2116,2118119334,6278,2118125612,9,0,1,6656,9,2941298214
2117,2118157680,1518,2118159198,18,0,1,1536,18,5557872730
2118,2118159989,3904,2118163893,27,0,1,10752,27,4799826138
2119,2118162689,2619,2118165308,17,0,1,2048,17,6849419688
2120,2118172920,291035,2118463955,12,0,0,152576,12,6830792071
2121,2118206534,146733,2118353267,0,0,0,1024,0,7187444041
2122,2118218495,6754,2118225249,4,0,1,7168,4,6593277808
2123,2118228589,2946,2118231535,3,0,1,3072,3,199142959
2124,2118234632,1994,2118236626,11,0,1,2048,11,4957355572
2125,2118258506,239655,2118498161,22,0,0,36864,22,6165824387
2126,2118262843,8864,2118271707,20,0,1,1024,20,7077898356
2127,2118306317,320365,2118626682,22,0,0,83968,22,5953036398
2128,2118332080,133154,2118465234,4,0,0,4096,4,9336947503
2129,2118339566,425370,2118764936,29,0,0,172032,29,792502623
2130,2118368340,465302,2118833642,21,0,0,109056,21,3792092958
2131,2118383298,4374,2118387672,2,0,1,4608,2,1574328000
2132,2118389153,271323,2118660476,12,0,0,53248,12,5131053496
2133,2118419228,208896,2118628124,1,0,0,4608,1,467614021
2134,2118425280,45765,2118471045,11,0,1,6144,11,354299670
2135,2118461652,38450,2118500102,0,0,1,57344,0,5936780925
2136,2118461993,42615,2118504608,10,0,1,7168,10,2830717417
2137,2118483601,405740,2118889341,13,0,0,77824,13,8347574816
2138,2118485733,19234,2118504967,5,0,1,9728,5,3910630335
2139,2118529396,1518,2118530914,22,0,1,1536,22,4310430041
2140,2118530698,234877,2118765575,20,0,0,2048,20,7832088944
2141,2118536171,150066,2118686237,19,0,0,39936,19,10605090588
2142,2118537694,12825,2118550519,27,0,1,21504,27,7339093226
2143,2118600346,26351,2118626697,21,0,1,2048,21,1542451602
2144,2118623436,9497,2118632933,24,0,1,5120,24,2786722162
2145,2118628115,8049,2118636164,29,0,1,15872,29,4080525483
2146,2118630399,8066,2118638465,27,0,1,10752,27,10378828920
2147,2118649288,11746,2118661034,26,0,1,512,26,4962266040
2148,2118678125,89181,2118767306,2,0,0,5632,2,9536193963
2149,2118678726,98783,2118777509,6,0,0,14336,6,2751199748
2150,2118753439,80382,2118833821,17,0,0,512,17,272228913
2151,2118780612,7230,2118787842,4,0,1,7680,4,2770570528
2152,2118807398,32184,2118839582,27,0,1,6144,27,6193230350
2153,2118847395,4162,2118851557,21,0,1,11264,21,4875827512
2154,2118881348,128226,2119009574,7,0,0,1024,7,9505071869
2155,2118902842,179672,2119082514,21,0,0,29184,21,2099468915
2156,2118978494,1042,2118979536,1,0,1,1024,1,3895264445
2157,2118987562,83734,2119071296,26,0,0,20992,26,4123311048
2158,2119035895,90256,2119126151,7,0,0,512,7,8484628382
2159,2119045426,63322,2119108748,20,0,0,512,20,9582868121
2160,2119061337,124299,2119185636,26,0,0,32768,26,8873002692
2161,2119084471,45596,2119130067,3,0,0,1024,3,6868290616
2162,2119089746,96061,2119185807,15,0,0,512,15,5953383923
2163,2119135395,52364,2119187759,22,0,0,3072,22,10205625256
2164,2119137927,91617,2119229544,2,0,0,13312,2,10221107214
2165,2119168906,2470,2119171376,20,0,1,2560,20,2607807828
2166,2119193966,57440,2119251406,9,0,0,4608,9,2640344452
2167,2119198756,2470,2119201226,29,0,1,2560,29,131761206
2168,2119213538,80372,2119293910,18,0,0,14336,18,6053281831
2169,2119215894,4374,2119220268,11,0,1,4608,11,6509844664
2170,2119216019,7795,2119223814,29,0,1,5632,29,817371877
2171,2119229949,83131,2119313080,5,0,0,512,5,1179176231
2172,2119240182,98278,2119338460,21,0,0,8192,21,3627816160
2173,2119244007,4420,2119248427,0,0,1,11776,0,3669447088
2174,2119253349,185336,2119438685,22,0,0,96768,22,447804970
2175,2119263317,106938,2119370255,21,0,0,2048,21,3160854430
2176,2119292246,15426,2119307672,4,0,1,26624,4,7448950000
2177,2119346783,3645,2119350428,21,0,1,10240,21,6719443700
2178,2119357648,4374,2119362022,1,0,1,4608,1,1850434203
2179,2119374077,106130,2119480207,27,0,0,31744,27,1219050902
2180,2119387547,3898,2119391445,5,0,1,4096,5,10240639375
2181,2119402960,79587,2119482547,3,0,0,4608,3,7707178692
2182,2119413260,27428,2119440688,15,0,1,2048,15,2004811677
2183,2119437093,296292,2119733385,22,0,0,94720,22,403763419
2184,2119441004,5802,2119446806,9,0,1,6144,9,3402773609
2185,2119446086,4679,2119450765,3,0,1,12288,3,4944416082
2186,2119455444,117187,2119572631,19,0,0,41472,19,6301413418
2187,2119458075,1994,2119460069,4,0,1,2048,4,5502515130
2188,2119464199,3387,2119467586,13,0,1,9728,13,8117425747
2189,2119477657,5412,2119483069,16,0,1,8704,16,8639871160
2190,2119481675,73623,2119555298,7,0,0,1536,7,4118133987
2191,2119487623,203018,2119690641,23,0,0,54784,23,1962982828
2192,2119500142,104875,2119605017,9,0,0,41472,9,11452299
2193,2119585465,2946,2119588411,19,0,1,3072,19,206279152
2194,2119590862,107543,2119698405,18,0,0,5120,18,8946588606
2195,2119613004,566,2119613570,13,0,1,512,13,10299638240
2196,2119676130,156024,2119832154,16,0,0,22016,16,4770672425
2197,2119701826,112268,2119814094,1,0,0,68608,1,3705827263
2198,2119716390,19499,2119735889,2,0,1,2560,2,4644673795
2199,2119718196,195228,2119913424,1,0,0,50688,1,2796936456
2200,2119724661,136240,2119860901,9,0,0,8192,9,9289249898
2201,2119742961,6278,2119749239,3,0,1,6656,3,5046759826
2202,2119744419,9326,2119753745,6,0,1,7168,6,10538337881
2203,2119771560,214163,2119985723,12,0,0,53248,12,3239848997
2204,2119789931,127252,2119917183,1,0,0,12288,1,6681019875
2205,2119825072,131984,2119957056,2,0,0,5120,2,3921400302
2206,2119860350,193499,2120053849,0,0,0,8704,0,3220513041
2207,2119863106,151353,2120014459,15,0,0,1536,15,7823590213
2208,2119883128,5802,2119888930,27,0,1,6144,27,5884438163
2209,2119890846,5802,2119896648,13,0,1,6144,13,4643539275
2210,2119922183,566,2119922749,3,0,1,512,3,8469032619
2211,2119926708,66329,2119993037,7,0,0,512,7,10597623450
2212,2119927684,4374,2119932058,13,0,1,4608,13,6548505722
2213,2119934551,3422,2119937973,12,0,1,3584,12,1807611816
2214,2119935724,4835,2119940559,4,0,1,4096,4,7577869375
2215,2119942128,5454,2119947582,7,0,1,13824,7,3400955706
2216,2119946742,12308,2119959050,1,0,1,20480,1,7370776107
2217,2119952201,33545,2119985746,16,0,1,34304,16,171601070
2218,2119973128,19366,2119992494,3,0,1,7168,3,5441835872
2219,2119980294,16386,2119996680,19,0,1,6656,19,4186029193
2220,2119987418,10568,2119997986,16,0,1,2048,16,2408013513
2221,2120011900,3128,2120015028,13,0,1,9216,13,2363714496
2222,2120016117,168195,2120184312,15,0,0,512,15,1714128927
2223,2120021399,2946,2120024345,24,0,1,3072,24,1672509461
2224,2120072583,6278,2120078861,9,0,1,6656,9,10674723875
2225,2120106934,7706,2120114640,15,0,1,8192,15,10467091657
2226,2120116546,219889,2120336435,20,0,0,1024,20,3719378242
2227,2120150994,170654,2120321648,7,0,0,512,7,8720966119
2228,2120199713,121764,2120321477,9,0,0,28672,9,5412506416
2229,2120203462,5802,2120209264,22,0,1,6144,22,6172609409
2230,2120213560,4850,2120218410,4,0,1,5120,4,2026082340
2231,2120227854,173801,2120401655,18,0,0,53760,18,9483087109
2232,2120245755,136988,2120382743,29,0,0,16896,29,9367773961
2233,2120263652,12049,2120275701,15,0,1,19968,15,7954646121
2234,2120263930,13051,2120276981,3,0,1,14336,3,8004332317
2235,2120286133,122836,2120408969,10,0,0,1024,10,415432797
2236,2120291235,1994,2120293229,24,0,1,2048,24,3533526348
2237,2120338159,83284,2120421443,22,0,0,512,22,7949257951
2238,2120416824,6278,2120423102,24,0,1,6656,24,9970324289
2239,2120462901,1042,2120463943,10,0,1,1024,10,4532296421
2240,2120471967,6754,2120478721,2,0,1,7168,2,4043427966
2241,2120480652,123409,2120604061,1,0,0,17408,1,1562607653
2242,2120506683,105224,2120611907,29,0,0,11776,29,9218226072
2243,2120513665,4374,2120518039,19,0,1,4608,19,2355631217
2244,2120523725,2470,2120526195,17,0,1,2560,17,6580108376
2245,2120535405,171212,2120706617,25,0,0,89600,25,6721145469
2246,2120551984,159643,2120711627,10,0,0,4096,10,8306347930
2247,2120557376,1994,2120559370,13,0,1,2048,13,3052707640
2248,2120581183,6278,2120587461,12,0,1,6656,12,7485006367
2249,2120615565,217652,2120833217,6,0,0,49152,6,8925434709
2250,2120618920,178081,2120797001,6,0,0,56320,6,2779908446
2251,2120625406,141054,2120766460,17,0,0,1024,17,4825163778
2252,2120655960,265344,2120921304,22,0,0,60416,22,4680283370
2253,2120671712,197829,2120869541,16,0,0,97792,16,6585451997
2254,2120686940,110388,2120797328,7,0,0,1024,7,8480393941
2255,2120715387,2470,2120717857,26,0,1,2560,26,9544985073
2256,2120765391,104477,2120869868,7,0,0,1024,7,6035593214
2257,2120796039,179604,2120975643,29,0,0,45056,29,2073971659
2258,2120808726,4679,2120813405,11,0,1,12288,11,2296258089
2259,2120809236,117708,2120926944,27,0,0,18432,27,1370353204
2260,2120870813,82242,2120953055,24,0,0,512,24,6220085912
2261,2120884339,58462,2120942801,17,0,0,1024,17,2250558344
2262,2120924044,51778,2120975822,17,0,0,512,17,4157878928
2263,2120928985,4850,2120933835,11,0,1,5120,11,8938724341
2264,2120953002,5499,2120958501,17,0,1,13824,17,1585162290
2265,2120954944,105584,2121060528,9,0,0,38912,9,10084377557
2266,2120972400,252287,2121224687,16,0,0,75776,16,509636606
2267,2120983327,1042,2120984369,11,0,1,1024,11,3683388254
2268,2120997276,74934,2121072210,5,0,0,512,5,4948417772
2269,2121038258,2470,2121040728,3,0,1,2560,3,740536363
2270,2121043540,110624,2121154164,18,0,0,11264,18,10342852486
2271,2121045276,1518,2121046794,20,0,1,1536,20,8717354954
2272,2121052019,9067,2121061086,11,0,1,512,11,553612278
2273,2121077168,205733,2121282901,28,0,0,31744,28,4562451865
2274,2121114257,3898,2121118155,7,0,1,4096,7,4660730737
2275,2121116779,156108,2121272887,25,0,0,84992,25,3284410934
2276,2121156956,5326,2121162282,9,0,1,5632,9,2473762989
2277,2121158133,235966,2121394099,18,0,0,21504,18,3885788902
2278,2121163642,5971,2121169613,11,0,1,14848,11,1902585308
2279,2121165289,13942,2121179231,6,0,1,17920,6,3106355083
2280,2121192378,80836,2121273214,24,0,0,1024,24,2361417255
2281,2121215955,9290,2121225245,2,0,1,512,2,1631284018
2282,2121288663,7230,2121295893,26,0,1,7680,26,8536590463
2283,2121324869,2470,2121327339,23,0,1,2560,23,3038778661
2284,2121347016,122086,2121469102,23,0,0,76288,23,3432698377
2285,2121351788,2946,2121354734,12,0,1,3072,12,3498382768
2286,2121354494,71910,2121426404,17,0,0,1024,17,10200427525
2287,2121355148,130103,2121485251,6,0,0,20992,6,3121215959
2288,2121386571,83802,2121470373,3,0,0,4096,3,1148614681
2289,2121394875,94277,2121489152,4,0,0,3072,4,5770358127
2290,2121428603,91750,2121520353,17,0,0,512,17,8057811054
2291,2121446115,39159,2121485274,13,0,1,19968,13,6782304944
2292,2121468125,17164,2121485289,10,0,1,11264,10,10629068541
2293,2121477593,291575,2121769168,1,0,0,61440,1,5868469638
2294,2121552560,3898,2121556458,26,0,1,4096,26,1630571931
2295,2121563487,5802,2121569289,12,0,1,6144,12,7939776060
2296,2121569118,1042,2121570160,27,0,1,1024,27,2544681378
2297,2121572101,120741,2121692842,23,0,0,38912,23,9619693214
2298,2121619433,1518,2121620951,6,0,1,1536,6,10440645516
2299,2121661235,3422,2121664657,21,0,1,3584,21,4334779839
2300,2121680879,93263,2121774142,3,0,0,1024,3,732891861
2301,2121768187,14314,2121782501,12,0,1,22528,12,2356910388
2302,2121798177,96824,2121895001,23,0,0,17920,23,8294645211
2303,2121799770,150677,2121950447,5,0,0,2560,5,1526979752
2304,2121844748,43904,2121888652,10,0,0,512,10,9557628282
2305,2121845863,1518,2121847381,2,0,1,1536,2,6014409871
2306,2121883697,182894,2122066591,3,0,0,2048,3,1523863953
2307,2121889538,11684,2121901222,2,0,1,15360,2,2130075009
2308,2121928108,1042,2121929150,1,0,1,1024,1,4994310692
2309,2121931335,7230,2121938565,17,0,1,7680,17,7798774808
2310,2121953334,54056,2122007390,22,0,0,3584,22,7669127345
2311,2121980527,15062,2121995589,6,0,1,29184,6,3662696522
2312,2121986974,9601,2121996575,4,0,1,1536,4,6604122885
2313,2121992301,147051,2122139352,21,0,0,29696,21,5252353604
2314,2122018341,77913,2122096254,27,0,0,3072,27,5553732529
2315,2122112534,6488,2122119022,17,0,1,15872,17,10686850912
2316,2122131604,304237,2122435841,1,0,0,14336,1,8214353386
2317,2122134536,15091,2122149627,4,0,1,16384,4,8449150694
2318,2122135281,16612,2122151893,10,0,1,3584,10,4671691395
2319,2122152819,268928,2122421747,29,0,0,29696,29,8734414055
2320,2122152854,72107,2122224961,24,0,0,512,24,2429374607
2321,2122179978,3128,2122183106,19,0,1,9216,19,1124638390
2322,2122184676,105587,2122290263,23,0,0,16384,23,10127780510
2323,2122193406,6488,2122199894,23,0,1,15872,23,6623418626
2324,2122197938,127023,2122324961,15,0,0,512,15,8339901028
2325,2122234134,3645,2122237779,27,0,1,10240,27,3034224330
2326,2122243314,3898,2122247212,9,0,1,4096,9,6041643310
2327,2122257620,1042,2122258662,22,0,1,1024,22,2714503938
2328,2122264645,121570,2122386215,9,0,0,18944,9,9436362452
2329,2122307685,147567,2122455252,9,0,0,22528,9,4937096353
2330,2122309629,87164,2122396793,19,0,0,21504,19,7044002668
2331,2122316618,566,2122317184,9,0,1,512,9,6181389220
2332,2122331219,92727,2122423946,16,0,0,7168,16,8797529193
2333,2122337898,566,2122338464,27,0,1,512,27,6419831658
2334,2122350885,566,2122351451,5,0,1,512,5,3173623765
2335,2122389391,175342,2122564733,1,0,0,36864,1,570628072
2336,2122402921,246592,2122649513,0,0,0,51200,0,224339606
2337,2122437281,140524,2122577805,10,0,0,1024,10,4237393879
2338,2122453769,79219,2122532988,6,0,0,10752,6,1362362729
2339,2122468834,14117,2122482951,24,0,1,24064,24,6499916951
2340,2122470319,12978,2122483297,2,0,1,512,2,3278799213
2341,2122477027,100451,2122577478,22,0,0,24576,22,2858326293
2342,2122496641,189413,2122686054,22,0,0,71168,22,6309244180
2343,2122508498,3422,2122511920,2,0,1,3584,2,2533099878
2344,2122513105,2470,2122515575,26,0,1,2560,26,8108885898
2345,2122530028,3994,2122534022,4,0,1,1024,4,1957809253
2346,2122535685,4162,2122539847,13,0,1,11264,13,7450429912
2347,2122545134,111726,2122656860,19,0,0,24064,19,5044625904
2348,2122548141,16607,2122564748,1,0,1,7168,1,3091042492
2349,2122559799,229579,2122789378,4,0,0,122368,4,7947931351
2350,2122564350,92525,2122656875,0,0,1,138752,0,10051041538
2351,2122582979,212535,2122795514,4,0,0,7168,4,2644707061
2352,2122595167,61723,2122656890,6,0,1,1536,6,4909374009
2353,2122618595,218153,2122836748,4,0,0,29696,4,5277606391
2354,2122620961,257165,2122878126,29,0,0,512,29,8834647276
2355,2122623232,33673,2122656905,29,0,1,4096,29,2340023265
2356,2122662657,23412,2122686069,5,0,1,11264,5,9599240727
2357,2122777425,15073,2122792498,15,0,1,9216,15,9769845435
2358,2122792509,113558,2122906067,5,0,0,1536,5,5726745305
2359,2122795850,3898,2122799748,3,0,1,4096,3,3021999781
2360,2122796472,51458,2122847930,15,0,0,512,15,9678910968
2361,2122817334,131289,2122948623,1,0,0,16896,1,4146840426
2362,2122818419,78085,2122896504,10,0,0,512,10,3911620621
2363,2122881498,5802,2122887300,17,0,1,6144,17,3200732091
2364,2122895894,5971,2122901865,2,0,1,14848,2,5038792177
2365,2122951532,6278,2122957810,6,0,1,6656,6,539467184
2366,2123009925,4374,2123014299,19,0,1,4608,19,8804239319
2367,2123025638,1042,2123026680,13,0,1,1024,13,9007737071
2368,2123035167,1042,2123036209,22,0,1,1024,22,834643054
2369,2123058462,2946,2123061408,22,0,1,3072,22,9639370320
2370,2123098247,125222,2123223469,18,0,0,102912,18,5835476163
2371,2123100542,5326,2123105868,16,0,1,5632,16,7537181478
2372,2123106109,6278,2123112387,23,0,1,6656,23,10606943711
2373,2123107492,153327,2123260819,28,0,0,4608,28,4031137625
2374,2123108542,119482,2123228024,23,0,0,14848,23,6502056305
2375,2123115025,159759,2123274784,12,0,0,2048,12,7362319146
2376,2123116017,4420,2123120437,29,0,1,11776,29,2639468264
2377,2123128123,146022,2123274145,19,0,0,40960,19,8931359610
2378,2123147370,1994,2123149364,19,0,1,2048,19,170594200
2379,2123186901,114484,2123301385,4,0,0,19456,4,4492664712
2380,2123198216,36997,2123235213,22,0,1,7680,22,7554722517
2381,2123204552,122303,2123326855,1,0,0,6144,1,3812863403
2382,2123246949,141512,2123388461,4,0,0,13824,4,5710303283
2383,2123247684,1042,2123248726,22,0,1,1024,22,1137362830
2384,2123258482,87085,2123345567,12,0,0,10752,12,1013043200
2385,2123276924,134813,2123411737,23,0,0,51712,23,4198405986
2386,2123304812,86628,2123391440,29,0,0,9728,29,6203228141
2387,2123326663,258570,2123585233,13,0,0,34304,13,1660807584
2388,2123338124,78840,2123416964,10,0,0,1024,10,4593351891
2389,2123352742,2470,2123355212,7,0,1,2560,7,244201937
2390,2123364275,112446,2123476721,21,0,0,18944,21,3787222071
2391,2123366329,122514,2123488843,1,0,0,11264,1,4628160660
2392,2123394053,108894,2123502947,26,0,0,3072,26,5509659374
2393,2123395946,16792,2123412738,21,0,1,1024,21,3090789853
2394,2123448437,87344,2123535781,5,0,0,3072,5,9189144627
2395,2123507615,97784,2123605399,1,0,0,3584,1,6724598715
2396,2123517199,4374,2123521573,16,0,1,4608,16,8700600137
2397,2123534411,84956,2123619367,16,0,0,9216,16,7673739279
2398,2123538581,4374,2123542955,15,0,1,4608,15,4512578448
2399,2123542875,197356,2123740231,23,0,0,15360,23,4193335156
2400,2123564888,114461,2123679349,9,0,0,43520,9,3005809777
2401,2123592999,93394,2123686393,6,0,0,6144,6,2505335172
2402,2123614846,1518,2123616364,2,0,1,1536,2,4605298297
2403,2123616449,5196,2123621645,15,0,1,13312,15,9856975568
2404,2123622559,162725,2123785284,2,0,0,45568,2,4544330250
2405,2123654303,105808,2123760111,6,0,0,8192,6,6082720270
2406,2123694051,121476,2123815527,22,0,0,33792,22,1037658280
2407,2123742963,1042,2123744005,21,0,1,1024,21,7505466424
2408,2123746681,2946,2123749627,1,0,1,3072,1,4759225337
2409,2123752403,1042,2123753445,12,0,1,1024,12,5621733566
2410,2123762776,22523,2123785299,4,0,1,17408,4,3565730400
2411,2123767539,135777,2123903316,19,0,0,58880,19,10190278201
2412,2123768262,135225,2123903487,5,0,0,512,5,9954261332
2413,2123775695,14275,2123789970,3,0,1,12288,3,1814855531
2414,2123786356,5598,2123791954,18,0,1,8704,18,8924667610
2415,2123789276,3075,2123792351,26,0,1,512,26,3315027194
2416,2123843293,1994,2123845287,7,0,1,2048,7,8174131026
2417,2123851769,6754,2123858523,5,0,1,7168,5,10133131623
2418,2123880086,152775,2124032861,25,0,0,12288,25,1210351119
2419,2123991438,3422,2123994860,17,0,1,3584,17,7019575795
2420,2124000749,1994,2124002743,10,0,1,2048,10,4587334175
2421,2124025377,12566,2124037943,0,0,1,20992,0,820221172
2422,2124027060,12189,2124039249,19,0,1,2048,19,4341627458
2423,2124029509,120317,2124149826,12,0,0,81920,12,2171196472
2424,2124040910,277342,2124318252,28,0,0,13312,28,1007985890
2425,2124082256,126778,2124209034,23,0,0,18944,23,3965999986
2426,2124110781,1042,2124111823,21,0,1,1024,21,2054906924
2427,2124141928,51794,2124193722,17,0,0,512,17,10436767489
2428,2124155701,7230,2124162931,29,0,1,7680,29,4343431955
2429,2124156747,62482,2124219229,7,0,0,1024,7,4000281612
2430,2124161690,70959,2124232649,25,0,0,5120,25,10548319427
2431,2124164301,135310,2124299611,12,0,0,36864,12,7713011417
2432,2124170687,74725,2124245412,16,0,0,6144,16,5401678214
2433,2124171305,6278,2124177583,29,0,1,6656,29,3656466550
2434,2124177842,58323,2124236165,7,0,0,1536,7,5005552586
2435,2124182011,3898,2124185909,11,0,1,4096,11,6908542907
2436,2124195383,186932,2124382315,19,0,0,95232,19,7142436650
2437,2124218240,566,2124218806,4,0,1,512,4,8787640735
2438,2124219601,1042,2124220643,7,0,1,1024,7,10045634132
2439,2124234220,1960,2124236180,22,0,1,1536,22,10236098293
2440,2124242017,230350,2124472367,22,0,0,37376,22,2441229444
2441,2124319257,120346,2124439603,26,0,0,13824,26,4979936349
2442,2124327798,566,2124328364,23,0,1,512,23,1286341754
2443,2124368101,15741,2124383842,21,0,1,1536,21,8927360312
2444,2124378282,9360,2124387642,17,0,1,5120,17,1198914523
2445,2124429691,157738,2124587429,28,0,0,18432,28,7966766969
2446,2124429961,84886,2124514847,19,0,0,8192,19,3716223386
2447,2124438628,4865,2124443493,5,0,1,4096,5,952369755
2448,2124449388,2946,2124452334,18,0,1,3072,18,5113312783
2449,2124478721,158147,2124636868,16,0,0,8704,16,4875001955
2450,2124520975,141766,2124662741,19,0,0,31232,19,3653692064
2451,2124569979,141368,2124711347,9,0,0,35840,9,5231986299
2452,2124570390,82820,2124653210,18,0,0,12288,18,430145312
2453,2124592192,1994,2124594186,18,0,1,2048,18,663999387
2454,2124600838,4850,2124605688,3,0,1,5120,3,5750527493
2455,2124613779,157857,2124771636,16,0,0,40960,16,6681067343
2456,2124630379,87754,2124718133,9,0,0,11264,9,8988025648
2457,2124630757,6134,2124636891,4,0,1,6144,4,6546689536
2458,2124635017,5741,2124640758,23,0,1,4096,23,5492378123
2459,2124640018,2470,2124642488,13,0,1,2560,13,8490128830
2460,2124662374,4263,2124666637,22,0,1,10752,22,6504129521
2461,2124665685,93391,2124759076,4,0,0,14336,4,5312797778
2462,2124681828,5802,2124687630,9,0,1,6144,9,304772909
2463,2124709169,3212,2124712381,15,0,1,1024,15,9513701507
2464,2124721131,4162,2124725293,7,0,1,11264,7,1282930623
2465,2124723197,2442,2124725639,3,0,1,512,3,3685422824
2466,2124723919,78351,2124802270,2,0,0,13824,2,9385732432
2467,2124729614,135999,2124865613,18,0,0,55296,18,1347504588
2468,2124733363,290674,2125024037,16,0,0,119296,16,10117369912
2469,2124748328,185908,2124934236,22,0,0,40448,22,10376259229
2470,2124777931,2946,2124780877,21,0,1,3072,21,4918909876
2471,2124800561,153942,2124954503,28,0,0,25600,28,7704510780
2472,2124867005,164067,2125031072,1,0,0,23040,1,9823226068
2473,2124940040,5326,2124945366,4,0,1,5632,4,2092197478
2474,2124941122,95908,2125037030,13,0,0,18944,13,2335332653
2475,2124965843,65400,2125031243,5,0,0,512,5,590696758
2476,2124970674,7706,2124978380,5,0,1,8192,5,8979263419
2477,2124979171,98334,2125077505,10,0,0,512,10,8993202279
2478,2125032005,133378,2125165383,18,0,0,121344,18,1084879650
2479,2125036806,132032,2125168838,27,0,0,11264,27,5978539018
2480,2125051607,1042,2125052649,8,0,1,1024,8,4802790254
2481,2125055568,2946,2125058514,21,0,1,3072,21,6516791216
2482,2125069643,4850,2125074493,10,0,1,5120,10,995549289
2483,2125072748,119545,2125192293,4,0,0,22016,4,8824909700
2484,2125131834,205246,2125337080,28,0,0,84992,28,3331527459
2485,2125151747,23071,2125174818,12,0,1,14848,12,3011711553
2486,2125157567,21000,2125178567,6,0,1,13312,6,1208868219
2487,2125170690,93034,2125263724,10,0,0,512,10,573720310
2488,2125176938,61395,2125238333,6,0,0,5632,6,154201315
2489,2125211697,5971,2125217668,3,0,1,14848,3,4363297223
2490,2125224663,5454,2125230117,29,0,1,13824,29,6859355895
2491,2125247244,146828,2125394072,27,0,0,19456,27,2033429035
2492,2125279853,232573,2125512426,7,0,0,512,7,7100239623
2493,2125298698,135109,2125433807,25,0,0,57344,25,5947846784
2494,2125313740,158767,2125472507,20,0,0,23040,20,8792349107
2495,2125317447,25621,2125343068,23,0,1,14848,23,88012529
2496,2125375717,4850,2125380567,16,0,1,5120,16,2616743702
2497,2125381493,153390,2125534883,21,0,0,44032,21,9011899738
2498,2125393025,3985,2125397010,17,0,1,3072,17,5646945244
2499,2125419160,115894,2125535054,7,0,0,512,7,2422882168
2500,2125441147,2946,2125444093,15,0,1,3072,15,5731764602
2501,2125460719,1994,2125462713,3,0,1,2048,3,8605304129
2502,2125476986,188426,2125665412,29,0,0,57344,29,6195487096
2503,2125490179,7230,2125497409,20,0,1,7680,20,1128091944
2504,2125561108,5802,2125566910,11,0,1,6144,11,6904236405
2505,2125569928,4420,2125574348,1,0,1,11776,1,2146554824
2506,2125620070,4679,2125624749,27,0,1,12288,27,1478045642
2507,2125643661,108212,2125751873,19,0,0,55296,19,2023101458
2508,2125748573,58284,2125806857,18,0,0,6656,18,4576393784
2509,2125766639,47288,2125813927,10,0,0,1536,10,5681464375
2510,2125787467,1994,2125789461,13,0,1,2048,13,1011072550
2511,2125802272,58405,2125860677,26,0,0,4608,26,319389443
2512,2125843971,45596,2125889567,28,0,0,1024,28,1802887115
2513,2125853406,566,2125853972,24,0,1,512,24,6300127918
2514,2125864654,3422,2125868076,22,0,1,3584,22,563043241
2515,2125865928,53789,2125919717,3,0,0,3072,3,7006294735
2516,2125888051,3645,2125891696,5,0,1,10240,5,9533593615
2517,2125897065,43904,2125940969,2,0,0,512,2,3689310084
2518,2125949124,47288,2125996412,15,0,0,1536,15,3027593647
2519,2125964295,3645,2125967940,24,0,1,10240,24,7330193925
2520,2125971343,74612,2126045955,15,0,0,512,15,3758407170
2521,2125976319,3422,2125979741,1,0,1,3584,1,7296037999
2522,2125978232,319107,2126297339,28,0,0,266240,28,3149845208
2523,2125992747,311673,2126304420,19,0,0,12288,19,2513460499
2524,2125998274,2470,2126000744,2,0,1,2560,2,4753692269
2525,2126002132,307295,2126309427,9,0,0,16384,9,8529136541
2526,2126044807,154207,2126199014,24,0,0,512,24,10310409413
2527,2126056929,243397,2126300326,19,0,0,9728,19,1273584179
2528,2126073747,14804,2126088551,1,0,1,28672,1,9916212491
2529,2126074114,15103,2126089217,1,0,1,1024,1,506886772
2530,2126115899,1994,2126117893,8,0,1,2048,8,7969214969
2531,2126131072,6754,2126137826,13,0,1,7168,13,1526621309
2532,2126141108,3904,2126145012,21,0,1,10752,21,742241942
2533,2126164722,185791,2126350513,9,0,0,38400,9,7050254207
2534,2126193884,106769,2126300653,10,0,0,1024,10,10014301131
2535,2126199610,2870,2126202480,11,0,1,8704,11,1662979455
2536,2126223540,193747,2126417287,19,0,0,93184,19,5285329042
2537,2126250818,59159,2126309977,13,0,1,512,13,9734731447
2538,2126277742,37021,2126314763,9,0,1,13312,9,3434736698
2539,2126317841,143734,2126461575,2,0,0,29184,2,1600724851
2540,2126326681,10241,2126336922,8,0,1,16384,8,2553263514
2541,2126345124,5947,2126351071,22,0,1,512,22,4297101282
2542,2126374189,285927,2126660116,29,0,0,22528,29,6207124495
2543,2126394342,182356,2126576698,23,0,0,26624,23,2522983587
2544,2126405670,25584,2126431254,0,0,1,23552,0,1638506900
2545,2126407403,272384,2126679787,1,0,0,64512,1,5369776723
2546,2126409249,22351,2126431600,10,0,1,512,10,9125698465
2547,2126411916,283018,2126694934,6,0,0,49664,6,2000515368
2548,2126415628,18558,2126434186,4,0,1,4096,4,9152535642
2549,2126423253,56009,2126479262,25,0,1,90112,25,307085326
2550,2126440281,108426,2126548707,2,0,0,9216,2,6857588083
2551,2126449108,204114,2126653222,2,0,0,102912,2,5171527868
2552,2126473038,266013,2126739051,25,0,0,1536,25,8695173243
2553,2126494459,295077,2126789536,20,0,0,26112,20,9180969363
2554,2126509775,2946,2126512721,18,0,1,3072,18,169816750
2555,2126536897,491501,2127028398,20,0,0,89600,20,3765127704
2556,2126589086,1994,2126591080,1,0,1,2048,1,8890675393
2557,2126596858,236450,2126833308,12,0,0,27648,12,5072223881
2558,2126598081,348453,2126946534,4,0,0,156160,4,1771220867
2559,2126604781,5196,2126609977,16,0,1,13312,16,7007478526
2560,2126611390,6278,2126617668,4,0,1,6656,4,9861530221
2561,2126611829,227578,2126839407,1,0,0,19968,1,3479707861
2562,2126621605,31632,2126653237,3,0,1,512,3,7408758432
2563,2126655710,194560,2126850270,25,0,0,1536,25,8788905855
2564,2126659542,81005,2126740547,10,0,0,1024,10,1770668574
2565,2126666462,202868,2126869330,28,0,0,6144,28,8700491074
2566,2126675475,24418,2126699893,15,0,1,5120,15,2096086153
2567,2126679399,25640,2126705039,6,0,1,8192,6,3707540175
2568,2126692442,268030,2126960472,4,0,0,45056,4,4073145858
2569,2126749654,139544,2126889198,24,0,0,1536,24,2998403608
2570,2126807521,139192,2126946713,17,0,0,512,17,9798550507
2571,2126815666,160512,2126976178,9,0,0,11776,9,8109244962
2572,2126843964,2470,2126846434,16,0,1,2560,16,6200672764
2573,2126858308,7230,2126865538,20,0,1,7680,20,6766629344
2574,2126870638,2470,2126873108,12,0,1,2560,12,1915142548
2575,2126870842,190710,2127061552,29,0,0,64000,29,3695250177
2576,2126901221,60728,2126961949,13,0,1,1536,13,8667652401
2577,2126915315,210358,2127125673,1,0,0,3072,1,9278692179
2578,2126928412,39717,2126968129,0,0,1,7680,0,7932644152
2579,2126964398,11795,2126976193,11,0,1,7168,11,3326153951
2580,2126972065,4143,2126976208,13,0,1,2560,13,5751305390
2581,2126989612,186117,2127175729,23,0,0,45056,23,88573057
2582,2126998374,91748,2127090122,9,0,0,16384,9,8942501727
2583,2127002181,213129,2127215310,9,0,0,67072,9,4775241375
2584,2127015530,111521,2127127051,17,0,0,1536,17,3807031504
2585,2127028992,202459,2127231451,28,0,0,9216,28,9860311729
2586,2127057062,6476,2127063538,18,0,1,2048,18,4921440467
2587,2127071429,5802,2127077231,3,0,1,6144,3,8126187359
2588,2127090231,247299,2127337530,22,0,0,24064,22,1358259875
2589,2127102117,113520,2127215637,7,0,0,1024,7,3008513431
2590,2127112438,122110,2127234548,10,0,0,3072,10,8437336653
2591,2127175977,76388,2127252365,22,0,0,16384,22,873499085
2592,2127260460,64208,2127324668,22,0,0,6656,22,3497334604
2593,2127274384,100138,2127374522,9,0,0,17920,9,4528016427
2594,2127296198,56002,2127352200,3,0,0,512,3,5356103105
2595,2127300504,146025,2127446529,23,0,0,68608,23,7245238681
2596,2127314835,60014,2127374849,15,0,0,1024,15,3823363167
2597,2127315286,4420,2127319706,17,0,1,11776,17,998299557
2598,2127338520,45596,2127384116,5,0,0,1024,5,950326572
2599,2127346157,4374,2127350531,6,0,1,4608,6,334877550
2600,2127351485,1518,2127353003,9,0,1,1536,9,6836662466
2601,2127356165,4850,2127361015,9,0,1,5120,9,10615211964
2602,2127358900,252588,2127611488,18,0,0,66048,18,585935511
2603,2127373380,5881,2127379261,13,0,1,11776,13,126721698
2604,2127375301,291737,2127667038,15,0,0,1024,15,85288962
2605,2127376569,6354,2127382923,2,0,1,11776,2,10032732922
2606,2127389519,1042,2127390561,6,0,1,1024,6,3173246088
2607,2127402564,2870,2127405434,17,0,1,8704,17,1881311539
2608,2127414658,174471,2127589129,22,0,0,23552,22,6647047919
2609,2127420133,246540,2127666673,22,0,0,116736,22,4569038568
2610,2127421626,24918,2127446544,21,0,1,13312,21,1433833223
2611,2127431379,17151,2127448530,24,0,1,2048,24,6712832700
2612,2127486888,191137,2127678025,7,0,0,512,7,9392191951
2613,2127512866,207432,2127720298,25,0,0,1024,25,544801642
2614,2127526137,1042,2127527179,10,0,1,1024,10,8964503802
2615,2127541726,566,2127542292,24,0,1,512,24,5115620828
2616,2127568560,151411,2127719971,27,0,0,43520,27,1928831456
2617,2127569601,136415,2127706016,10,0,0,512,10,8017467892
2618,2127583429,28074,2127611503,20,0,1,3584,20,7920158802
2619,2127584280,27238,2127611518,11,0,1,6656,11,2216947969
2620,2127586543,80145,2127666688,25,0,1,80384,25,6618779302
2621,2127588640,117205,2127705845,18,0,0,49664,18,3468148547
2622,2127593904,72799,2127666703,9,0,1,1024,9,4629269450
2623,2127603950,179867,2127783817,28,0,0,25088,28,4411982328
2624,2127652911,424842,2128077753,18,0,0,78336,18,7735614905
2625,2127696665,23648,2127720313,6,0,1,4096,6,4712127252
2626,2127702975,409380,2128112355,23,0,0,61952,23,1270191049
2627,2127729846,131500,2127861346,1,0,0,1536,1,5608221101
2628,2127737476,1994,2127739470,13,0,1,2048,13,2431361547
2629,2127740665,263321,2128003986,3,0,0,1024,3,5049069543
2630,2127764266,2870,2127767136,15,0,1,8704,15,5900073683
2631,2127787436,4374,2127791810,22,0,1,4608,22,6701314038
2632,2127795446,1042,2127796488,1,0,1,1024,1,1458726646
2633,2127832337,161752,2127994089,22,0,0,103424,22,5227200311
2634,2127836532,166628,2128003160,18,0,0,29696,18,8983829010
2635,2127838405,2946,2127841351,13,0,1,3072,13,4302074079
2636,2127924169,204581,2128128750,28,0,0,53760,28,7941601766
2637,2127930181,73470,2128003651,25,0,0,1536,25,8356925118
2638,2127967189,42909,2128010098,12,0,1,15872,12,1027746659
2639,2127975501,154200,2128129701,21,0,0,3072,21,7167918378
2640,2128058727,188886,2128247613,29,0,0,76800,29,76536267
2641,2128123984,8579,2128132563,5,0,1,8704,5,9170365221
2642,2128134373,77924,2128212297,27,0,0,16384,27,6606226793
2643,2128155312,303730,2128459042,0,0,0,25088,0,2645723156
2644,2128227763,27548,2128255311,26,0,1,8192,26,7647502790
2645,2128268726,122308,2128391034,12,0,0,75776,12,7181087674
2646,2128278125,121192,2128399317,16,0,0,27136,16,9177607530
2647,2128303173,248731,2128551904,1,0,0,101888,1,7745166799
2648,2128306057,93431,2128399488,25,0,0,512,25,8332524638
2649,2128349665,57657,2128407322,2,0,0,1536,2,5373846651
2650,2128434640,127271,2128561911,4,0,0,32768,4,6486778859
2651,2128438111,217348,2128655459,22,0,0,56320,22,7196800725
2652,2128449458,9607,2128459065,27,0,1,10240,27,8154301777
2653,2128452087,10369,2128462456,2,0,1,3584,2,4205956743
2654,2128475151,566,2128475717,29,0,1,512,29,8142643348
2655,2128479295,127110,2128606405,20,0,0,17408,20,5025225622
2656,2128481640,1994,2128483634,18,0,1,2048,18,4547077343
2657,2128489820,2870,2128492690,13,0,1,8704,13,10329020830
2658,2128496438,2870,2128499308,8,0,1,8704,8,4497383458
2659,2128529563,36752,2128566315,8,0,1,11776,8,6665704664
2660,2128545355,113551,2128658906,12,0,0,11264,12,3292412476
2661,2128586072,12566,2128598638,29,0,1,20992,29,4855307262
2662,2128608828,166288,2128775116,28,0,0,34816,28,4255450743
2663,2128662173,2946,2128665119,8,0,1,3072,8,3051082958
2664,2128675607,1042,2128676649,12,0,1,1024,12,6759737151
2665,2128676934,265525,2128942459,12,0,0,60416,12,10677899025
2666,2128682601,1518,2128684119,7,0,1,1536,7,3611968872
2667,2128698688,5712,2128704400,27,0,1,14336,27,8541420422
2668,2128710533,5326,2128715859,10,0,1,5632,10,1968539840
2669,2128715186,1659,2128716845,21,0,1,1536,21,3088053817
2670,2128717643,4850,2128722493,29,0,1,5120,29,263271274
2671,2128738840,566,2128739406,22,0,1,512,22,3015920026
2672,2128774287,44725,2128819012,22,0,0,512,22,5982892309
2673,2128807446,156088,2128963534,26,0,0,69120,26,2522285985
2674,2128809669,1042,2128810711,2,0,1,1024,2,7751307502
2675,2128836776,134214,2128970990,15,0,0,512,15,7542098981
2676,2128841122,11791,2128852913,9,0,1,19456,9,7026056967
2677,2128854029,4374,2128858403,1,0,1,4608,1,1796284188
2678,2128872826,3422,2128876248,7,0,1,3584,7,2729310014
2679,2128895299,1042,2128896341,12,0,1,1024,12,1477297275
2680,2128902687,566,2128903253,16,0,1,512,16,8769239081
2681,2128941672,113806,2129055478,18,0,0,27136,18,836667590
2682,2128954087,191964,2129146051,12,0,0,31744,12,2588069626
2683,2128963589,6757,2128970346,17,0,1,7168,17,8183258263
2684,2128981991,6754,2128988745,13,0,1,7168,13,7136533025
2685,2128989284,1518,2128990802,15,0,1,1536,15,3804625489
2686,2129024828,111536,2129136364,21,0,0,39424,21,8908970671
2687,2129027536,4850,2129032386,22,0,1,5120,22,4210637279
2688,2129044648,20882,2129065530,25,0,1,33792,25,1390204312
2689,2129050136,102830,2129152966,17,0,0,2048,17,4942412785
2690,2129058672,90910,2129149582,25,0,0,1024,25,9345966185
2691,2129088111,92206,2129180317,3,0,0,512,3,6985435540
2692,2129100997,81064,2129182061,24,0,0,1024,24,819312916
2693,2129148737,3387,2129152124,20,0,1,9728,20,9974259180
2694,2129155944,2946,2129158890,11,0,1,3072,11,10731508723
2695,2129201496,7230,2129208726,27,0,1,7680,27,7367877341
2696,2129212773,101660,2129314433,18,0,0,33792,18,4981865130
2697,2129218634,43904,2129262538,15,0,0,512,15,4632046414
2698,2129225283,1042,2129226325,16,0,1,1024,16,2560472433
2699,2129266413,1994,2129268407,21,0,1,2048,21,5848762528
2700,2129286243,566,2129286809,9,0,1,512,9,8039496994
2701,2129291263,95912,2129387175,16,0,0,19968,16,7910375166
2702,2129294717,60824,2129355541,12,0,0,5632,12,7942351211
2703,2129335882,67211,2129403093,9,0,0,512,9,7377149951
2704,2129338572,48774,2129387346,15,0,0,512,15,8750315571
2705,2129378699,119132,2129497831,4,0,0,91136,4,8945943139
2706,2129396762,131501,2129528263,28,0,0,29696,28,10374952644
2707,2129413174,92271,2129505445,20,0,0,4096,20,4231175043
2708,2129421363,124461,2129545824,12,0,0,5120,12,5735070412
2709,2129459751,109817,2129569568,2,0,0,512,2,4646432987
2710,2129463838,99225,2129563063,25,0,0,512,25,4480825067
2711,2129473474,70775,2129544249,20,0,0,1024,20,5538205542
2712,2129481147,19188,2129500335,20,0,1,2560,20,5359241658
2713,2129496143,49852,2129545995,15,0,0,512,15,7754739142
2714,2129564254,5802,2129570056,2,0,1,6144,2,5353668994
2715,2129570331,117032,2129687363,2,0,0,5632,2,2377585859
2716,2129575694,566,2129576260,0,0,1,512,0,6589326633
2717,2129589839,95785,2129685624,12,0,0,18944,12,4053183475
2718,2129600676,1994,2129602670,16,0,1,2048,16,4009092387
2719,2129606497,84633,2129691130,4,0,0,12288,4,5420910366
2720,2129649191,129301,2129778492,26,0,0,24064,26,2324317951
2721,2129653400,2946,2129656346,22,0,1,3072,22,9349478482
2722,2129665491,119568,2129785059,18,0,0,21504,18,4923752918
2723,2129668500,120318,2129788818,12,0,0,12288,12,7947140284
2724,2129683350,7803,2129691153,2,0,1,3584,2,7225327756
2725,2129687453,47573,2129735026,5,0,0,512,5,10340475218
2726,2129710372,79711,2129790083,15,0,0,1024,15,4026182709
2727,2129711658,217718,2129929376,20,0,0,67584,20,6917199972
2728,2129717217,108842,2129826059,9,0,0,3072,9,2937063928
2729,2129719929,3128,2129723057,17,0,1,9216,17,8169483195
2730,2129731880,1518,2129733398,9,0,1,1536,9,2154789114
2731,2129744343,3422,2129747765,2,0,1,3584,2,2847100955
2732,2129797452,144912,2129942364,13,0,0,42496,13,3018185785
2733,2129849183,2470,2129851653,12,0,1,2560,12,826358094
2734,2129870004,122906,2129992910,28,0,0,48128,28,10336548195
2735,2129872837,4420,2129877257,29,0,1,11776,29,7701061652
2736,2129901885,4420,2129906305,9,0,1,11776,9,8044562170
2737,2129917421,116883,2130034304,27,0,0,44544,27,10719994127
2738,2129935426,119356,2130054782,26,0,0,14848,26,3650072676
2739,2129943958,154798,2130098756,21,0,0,16896,21,4232004463
2740,2130035945,1994,2130037939,10,0,1,2048,10,1234203784
2741,2130056869,60549,2130117418,28,0,0,4608,28,1798928286
2742,2130064621,43887,2130108508,0,0,1,75264,0,3516387571
2743,2130067043,169979,2130237022,19,0,0,88576,19,7904658768
2744,2130104718,165718,2130270436,12,0,0,66048,12,5215333008
2745,2130112434,5802,2130118236,9,0,1,6144,9,2920674873
2746,2130114533,8529,2130123062,23,0,1,7680,23,1728743275
2747,2130133136,3422,2130136558,16,0,1,3584,16,6231866167
2748,2130139503,6278,2130145781,20,0,1,6656,20,8476366623
2749,2130172360,127444,2130299804,21,0,0,5632,21,9132431366
2750,2130177914,6278,2130184192,26,0,1,6656,26,5145024958
2751,2130179964,95734,2130275698,27,0,0,1536,27,10080761842
2752,2130230137,261015,2130491152,20,0,0,45056,20,10696458869
2753,2130266833,8921,2130275754,13,0,1,5632,13,4313705574
2754,2130272330,275405,2130547735,29,0,0,39936,29,394968760
2755,2130287660,12159,2130299819,21,0,1,17408,21,7968520124
2756,2130292471,184938,2130477409,29,0,0,52224,29,9946930824
2757,2130293015,9908,2130302923,15,0,1,7168,15,10628031826
2758,2130298627,193008,2130491635,17,0,0,1536,17,10513564881
2759,2130325929,1994,2130327923,12,0,1,2048,12,414513204
2760,2130328109,6754,2130334863,1,0,1,7168,1,7650057336
2761,2130367272,129222,2130496494,4,0,0,15872,4,9349337592
2762,2130403288,3898,2130407186,16,0,1,4096,16,396370420
2763,2130404838,5894,2130410732,18,0,1,5632,18,2024893656
2764,2130409722,195433,2130605155,16,0,0,67072,16,1583649928
2765,2130416479,336979,2130753458,27,0,0,74240,27,10279216187
2766,2130427484,1518,2130429002,15,0,1,1536,15,8774705181
2767,2130451059,125963,2130577022,24,0,0,1536,24,8331828387
2768,2130468704,168743,2130637447,4,0,0,16384,4,9944825989
2769,2130479562,20328,2130499890,6,0,1,9728,6,789307200
2770,2130491490,113992,2130605482,7,0,0,1024,7,8288366382
2771,2130499022,3916,2130502938,20,0,1,3584,20,3801989376
2772,2130521396,137359,2130658755,4,0,0,26624,4,9671630908
2773,2130525164,174306,2130699470,6,0,0,58368,6,5988548510
2774,2130535923,12863,2130548786,20,0,1,1024,20,4229950122
2775,2130539569,11433,2130551002,22,0,1,3072,22,9377845330
2776,2130617094,51266,2130668360,3,0,0,512,3,417006086
2777,2130628730,3128,2130631858,15,0,1,9216,15,3433598138
2778,2130647774,1994,2130649768,21,0,1,2048,21,5458433737
2779,2130701380,52257,2130753637,5,0,0,512,5,8515855914
2780,2130710440,98650,2130809090,7,0,0,512,7,9984811198
2781,2130720694,49976,2130770670,19,0,0,2048,19,4680880061
2782,2130742991,113367,2130856358,0,0,0,37888,0,3114581488
2783,2130812557,130273,2130942830,12,0,0,22016,12,2399326677
2784,2130814281,4374,2130818655,5,0,1,4608,5,7409335504
2785,2130814559,4762,2130819321,1,0,1,1024,1,1661938720
2786,2130834650,3898,2130838548,1,0,1,4096,1,1602448208
2787,2130918592,43904,2130962496,7,0,0,512,7,1056799944
2788,2130918657,7706,2130926363,23,0,1,8192,23,7723322039
2789,2130920008,46790,2130966798,17,0,0,1024,17,3331773252
2790,2130920182,134396,2131054578,19,0,0,74752,19,2528381359
2791,2130944836,127677,2131072513,17,0,0,3072,17,3125495821
2792,2130952318,153021,2131105339,12,0,0,66560,12,5525912857
2793,2130959078,4937,2130964015,12,0,1,12800,12,7394369123
2794,2131034302,71223,2131105525,25,0,0,512,25,2612611313
2795,2131038412,66942,2131105354,25,0,1,70144,25,6445628915
2796,2131062047,43493,2131105540,17,0,1,2048,17,3822740436
2797,2131071344,53693,2131125037,3,0,0,2048,3,2631816256
2798,2131075650,75841,2131151491,4,0,0,2048,4,3986008134
2799,2131101281,7673,2131108954,3,0,1,3584,3,2092624052
2800,2131186317,171778,2131358095,28,0,0,33792,28,6970360704
2801,2131225760,1518,2131227278,7,0,1,1536,7,7598089990
2802,2131226902,165878,2131392780,20,0,0,21504,20,2625963212
2803,2131235260,3422,2131238682,11,0,1,3584,11,5621874270
2804,2131258749,2946,2131261695,26,0,1,3072,26,9034143336
2805,2131286842,43904,2131330746,24,0,0,512,24,4023218659
2806,2131307450,4850,2131312300,4,0,1,5120,4,3274563557
2807,2131333916,72668,2131406584,29,0,0,9216,29,2038099208
2808,2131337460,177926,2131515386,15,0,0,1536,15,9609935566
2809,2131343474,169808,2131513282,22,0,0,121344,22,1748750136
2810,2131374717,140178,2131514895,4,0,0,2048,4,7804511738
2811,2131374900,146429,2131521329,28,0,0,19456,28,7609579050
2812,2131379280,134976,2131514256,5,0,0,3072,5,2851104510
2813,2131396770,226787,2131623557,6,0,0,67584,6,3739354837
2814,2131405654,3868,2131409522,16,0,1,3072,16,8136366989
2815,2131416928,96377,2131513305,0,0,1,106496,0,2701059927
2816,2131470983,166021,2131637004,21,0,0,44032,21,4212939344
2817,2131475607,210500,2131686107,23,0,0,4096,23,3752470466
2818,2131479732,45976,2131525708,4,0,1,11776,4,10190011387
2819,2131497513,29181,2131526694,23,0,1,1536,23,1956967715
2820,2131552758,4374,2131557132,3,0,1,4608,3,1494535636
2821,2131559728,5326,2131565054,1,0,1,5632,1,4447846405
2822,2131566155,71028,2131637183,7,0,0,512,7,1281302628
2823,2131593852,357886,2131951738,13,0,0,44544,13,9449816788
2824,2131603306,44931,2131648237,8,0,1,18432,8,3225664731
2825,2131607271,66975,2131674246,6,0,0,2560,6,6333249463
2826,2131628960,20263,2131649223,11,0,1,1536,11,10006635743
2827,2131631099,19750,2131650849,29,0,1,2560,29,6205705233
2828,2131641382,260892,2131902274,1,0,0,43520,1,2051172094
2829,2131642855,164391,2131807246,20,0,0,36352,20,7429167367
2830,2131695877,1042,2131696919,2,0,1,1024,2,8832687841
2831,2131697175,6278,2131703453,7,0,1,6656,7,5533689577
2832,2131711277,6278,2131717555,0,0,1,6656,0,3785993762
2833,2131724892,1042,2131725934,11,0,1,1024,11,8390616381
2834,2131743383,1518,2131744901,22,0,1,1536,22,5421604044
2835,2131781200,144593,2131925793,1,0,0,5632,1,796904848
2836,2131795114,107814,2131902928,2,0,0,1024,2,8622557905
2837,2131801527,12465,2131813992,10,0,1,7168,10,9323837386
2838,2131831864,297493,2132129357,28,0,0,98304,28,4911447708
2839,2131835750,66851,2131902601,26,0,0,1024,26,9326454619
2840,2131839923,163839,2132003762,16,0,0,20992,16,5358677960
2841,2131871872,224544,2132096416,19,0,0,117760,19,8731144744
2842,2131877317,4850,2131882167,8,0,1,5120,8,6001606410
2843,2131888152,167177,2132055329,9,0,0,1536,9,6663204239
2844,2131897361,6125,2131903486,3,0,1,512,3,9263634771
2845,2131912010,224025,2132136035,23,0,0,8192,23,4772874805
2846,2131947393,7482,2131954875,4,0,1,9216,4,5200179394
2847,2131950323,6702,2131957025,29,0,1,2560,29,5053279122
2848,2131960947,6278,2131967225,17,0,1,6656,17,9885509278
2849,2132005839,194012,2132199851,0,0,0,56320,0,5520036569
2850,2132049565,201332,2132250897,1,0,0,15872,1,6929151462
2851,2132055927,232676,2132288603,17,0,0,2560,17,543853602
2852,2132061143,68229,2132129372,12,0,1,10240,12,10025767350
2853,2132066618,256147,2132322765,6,0,0,55296,6,8639169301
2854,2132071128,58259,2132129387,23,0,1,4096,23,4509340813
2855,2132073593,55809,2132129402,2,0,1,2560,2,4925774148
2856,2132091569,37848,2132129417,18,0,1,1536,18,1862652170
2857,2132113306,126230,2132239536,5,0,0,1536,5,5169651537
2858,2132158969,121486,2132280455,17,0,0,1024,17,10343852084
2859,2132175230,130664,2132305894,18,0,0,38912,18,8562295136
2860,2132229726,2470,2132232196,15,0,1,2560,15,7885338674
2861,2132233876,131329,2132365205,23,0,0,24576,23,1139405386
2862,2132264498,166972,2132431470,18,0,0,59392,18,3020783755
2863,2132299279,132362,2132431641,15,0,0,512,15,9883039900
2864,2132305739,60922,2132366661,25,0,0,512,25,7716894821
2865,2132306113,17711,2132323824,18,0,1,1024,18,6006309028
2866,2132332903,109085,2132441988,17,0,0,2048,17,7227899550
2867,2132381389,70630,2132452019,23,0,0,8704,23,7356890236
2868,2132393201,3422,2132396623,27,0,1,3584,27,4609675662
2869,2132429307,5454,2132434761,12,0,1,9216,12,1058607309
2870,2132441485,4869,2132446354,13,0,1,4608,13,8088011649
2871,2132500689,5802,2132506491,27,0,1,6144,27,5182332113
2872,2132509286,3898,2132513184,11,0,1,4096,11,1231077051
2873,2132530980,1042,2132532022,21,0,1,1024,21,2911108327
2874,2132554035,1518,2132555553,23,0,1,1536,23,2066943634
2875,2132568281,566,2132568847,26,0,1,512,26,8354930303
2876,2132596673,3422,2132600095,9,0,1,3584,9,400800182
2877,2132598677,85656,2132684333,12,0,0,512,12,4848029884
2878,2132669921,106989,2132776910,16,0,0,34304,16,8858571186
2879,2132687790,3422,2132691212,2,0,1,3584,2,3598977397
2880,2132704727,156295,2132861022,0,0,1,257536,0,6393382847
2881,2132709892,151476,2132861368,9,0,1,512,9,9700633044
2882,2132725346,136176,2132861522,21,0,1,8704,21,7468355055
2883,2132797748,66040,2132863788,8,0,1,3584,8,964453452
2884,2132798835,67539,2132866374,5,0,1,4096,5,2277822677
2885,2132829988,36642,2132866630,5,0,1,9216,5,9180045768
2886,2132877982,171182,2133049164,1,0,0,3584,1,1757744217
2887,2132924305,85868,2133010173,10,0,0,3584,10,8254275299
2888,2132939055,5802,2132944857,22,0,1,6144,22,10523582217
2889,2133027975,87632,2133115607,6,0,0,23040,6,10587885191
2890,2133028426,5326,2133033752,26,0,1,5632,26,7578628534
2891,2133041555,1518,2133043073,18,0,1,1536,18,4244078892
2892,2133067322,107016,2133174338,1,0,0,16384,1,3355160257
2893,2133069662,14804,2133084466,0,0,1,28672,0,3871517743
2894,2133072021,318872,2133390893,27,0,0,97792,27,947257159
2895,2133081988,226327,2133308315,4,0,0,19456,4,3613539374
2896,2133095749,110194,2133205943,29,0,0,45056,29,7684725588
2897,2133099241,227045,2133326286,3,0,0,512,3,4497032195
2898,2133115093,5702,2133120795,4,0,1,13312,4,3258760945
2899,2133158679,118135,2133276814,2,0,0,19968,2,10242000668
2900,2133174634,7706,2133182340,21,0,1,8192,21,7971022585
2901,2133179477,3128,2133182605,1,0,1,9216,1,4343258758
2902,2133200802,157344,2133358146,29,0,0,14336,29,3677249236
2903,2133224722,5326,2133230048,13,0,1,5632,13,10023270448
2904,2133296451,11879,2133308330,29,0,1,7168,29,2577655856
2905,2133310888,246893,2133557781,6,0,0,23552,6,4317314132
2906,2133312364,120437,2133432801,3,0,0,512,3,7039164169
2907,2133318781,112268,2133431049,27,0,0,68608,27,5692047189
2908,2133328651,188840,2133517491,16,0,0,119296,16,345298224
2909,2133343808,182875,2133526683,9,0,0,1024,9,186948021
2910,2133373182,271386,2133644568,24,0,0,1024,24,514144852
2911,2133399044,227028,2133626072,22,0,0,71680,22,5119667447
2912,2133410696,177764,2133588460,5,0,0,2048,5,1813153546
2913,2133411889,20695,2133432584,12,0,1,1536,12,10181700756
2914,2133437746,1994,2133439740,10,0,1,2048,10,7595694377
2915,2133476944,40562,2133517506,12,0,1,13824,12,5191047762
2916,2133511536,237980,2133749516,21,0,0,111616,21,5358688376
2917,2133518577,566,2133519143,4,0,1,512,4,5288900151
2918,2133539480,111558,2133651038,18,0,0,16384,18,5797387568
2919,2133574209,243059,2133817268,23,0,0,34304,23,4086006022
2920,2133584402,128114,2133712516,24,0,0,2560,24,7779241310
2921,2133637054,123249,2133760303,6,0,0,35328,6,3818784377
2922,2133652932,128134,2133781066,25,0,0,4608,25,6558074254
2923,2133675296,1042,2133676338,13,0,1,1024,13,9457973564
2924,2133691500,7230,2133698730,7,0,1,7680,7,4746785182
2925,2133697482,126993,2133824475,21,0,0,23552,21,8025913532
2926,2133716739,49325,2133766064,5,0,1,6144,5,581698605
2927,2133754761,125845,2133880606,16,0,0,12288,16,9595619897
2928,2133758321,115113,2133873434,2,0,0,7680,2,3772213801
2929,2133774300,12308,2133786608,29,0,1,20480,29,10624551337
2930,2133775898,11376,2133787274,9,0,1,1024,9,1102875607
2931,2133799550,235048,2134034598,6,0,0,53760,6,6365964159
2932,2133800784,2946,2133803730,8,0,1,3072,8,8338551113
2933,2133807817,178168,2133985985,15,0,0,93696,15,4318638092
2934,2133809493,20912,2133830405,23,0,1,14848,23,5886095842
2935,2133825709,5362,2133831071,20,0,1,1024,20,326062607
2936,2133829355,12321,2133841676,3,0,1,20480,3,5881462302
2937,2133846207,2470,2133848677,15,0,1,2560,15,8869591876
2938,2133887773,5326,2133893099,18,0,1,5632,18,2483610205
2939,2133911001,1518,2133912519,11,0,1,1536,11,2231667288
2940,2133922771,2946,2133925717,15,0,1,3072,15,346032472
2941,2133946220,1042,2133947262,29,0,1,1024,29,9076450667
2942,2133948864,89126,2134037990,7,0,0,1024,7,5148822456
2943,2133970770,259035,2134229805,15,0,0,4096,15,4346277366
2944,2134004052,188395,2134192447,23,0,0,41984,23,5613858118
2945,2134011435,181503,2134192938,1,0,0,1536,1,9427472378
2946,2134012502,22111,2134034613,16,0,1,7680,16,5220464615
2947,2134022807,19504,2134042311,5,0,1,8192,5,4656258278
2948,2134035807,52015,2134087822,23,0,0,2560,23,8234929572
2949,2134037771,80600,2134118371,12,0,0,1024,12,6315818785
2950,2134056918,122691,2134179609,29,0,0,58368,29,1226275753
2951,2134083502,72682,2134156184,29,0,0,5632,29,3471717007
2952,2134113852,189401,2134303253,28,0,0,37376,28,5882090140
2953,2134158508,21124,2134179632,20,0,1,6144,20,2549043126
2954,2134163343,30105,2134193448,11,0,1,1024,11,6670874489
2955,2134164756,217028,2134381784,2,0,0,33280,2,7594023822
2956,2134186100,8014,2134194114,17,0,1,1024,17,8711745329
2957,2134197810,1518,2134199328,5,0,1,1536,5,3004157516
2958,2134213385,168570,2134381955,24,0,0,512,24,3521243068
2959,2134220462,3387,2134223849,21,0,1,9728,21,5247213195
2960,2134270563,101066,2134371629,1,0,0,30208,1,3935250229
2961,2134271835,4162,2134275997,5,0,1,11264,5,9976962978
2962,2134284444,2946,2134287390,4,0,1,3072,4,4114259652
2963,2134310342,241765,2134552107,28,0,0,16384,28,1908729964
2964,2134317091,273530,2134590621,29,0,0,33280,29,7560867491
2965,2134329737,4937,2134334674,10,0,1,12800,10,5110216158
2966,2134355471,50802,2134406273,10,0,0,512,10,6585134593
2967,2134360295,148390,2134508685,5,0,0,1024,5,3766743425
2968,2134366450,22727,2134389177,2,0,1,7680,2,4336608021
2969,2134401436,36863,2134438299,25,0,1,65024,25,10174336534
2970,2134442548,217589,2134660137,15,0,0,37376,15,4647977438
2971,2134461875,6754,2134468629,15,0,1,7168,15,1061070139
2972,2134531751,240688,2134772439,3,0,0,1536,3,3965027754
2973,2134553140,343436,2134896576,13,0,0,168448,13,1843584060
2974,2134572214,352659,2134924873,18,0,0,30208,18,9978963172
2975,2134574109,271128,2134845237,15,0,0,123392,15,4856766941
2976,2134595460,152061,2134747521,25,0,0,1536,25,727443898
2977,2134602276,165105,2134767381,23,0,0,29184,23,10566799276
2978,2134637366,293348,2134930714,24,0,0,2560,24,7188400119
2979,2134644003,143346,2134787349,1,0,0,1024,1,3062496786
2980,2134659821,255833,2134915654,13,0,0,34304,13,7199899191
2981,2134701927,223117,2134925044,29,0,0,512,29,6643236086
2982,2134750940,154247,2134905187,29,0,0,28160,29,9378837636
2983,2134759634,19530,2134779164,6,0,1,19456,6,619451684
2984,2134778423,151488,2134929911,16,0,0,15872,16,1843601456
2985,2134790612,4374,2134794986,15,0,1,4608,15,1307243132
2986,2134821529,159551,2134981080,6,0,0,12800,6,8638144414
2987,2134823541,270627,2135094168,22,0,0,24576,22,2694685795
2988,2134877553,282777,2135160330,13,0,0,201728,13,3738970269
2989,2134888882,42382,2134931264,26,0,1,512,26,8765659656
2990,2134891508,40864,2134932372,3,0,1,1536,3,781568844
2991,2134912740,251981,2135164721,0,0,0,14336,0,2876814667
2992,2134937316,304714,2135242030,16,0,0,107008,16,10255608488
2993,2134939846,225210,2135165056,3,0,0,1024,3,1647510489
2994,2134940849,3645,2134944494,23,0,1,10240,23,4607005329
2995,2134957382,3422,2134960804,12,0,1,3584,12,5350508766
2996,2134989209,1042,2134990251,7,0,1,1024,7,7391661971
2997,2135000393,4420,2135004813,12,0,1,11776,12,10209124498
2998,2135023922,566,2135024488,22,0,1,512,22,10173558023
2999,2135038875,2946,2135041821,23,0,1,3072,23,644117925
3000,2135045005,149344,2135194349,17,0,0,512,17,61872435
3001,2135045897,209587,2135255484,19,0,0,41984,19,6351366252
3002,2135052259,148702,2135200961,17,0,0,2048,17,1906438878
3003,2135107222,186204,2135293426,2,0,0,46592,2,7030387914
3004,2135125024,46294,2135171318,4,0,1,6656,4,4774527633
3005,2135164275,7709,2135171984,9,0,1,1024,9,9730971297
3006,2135174716,67961,2135242677,25,0,0,2048,25,8363027450
3007,2135177892,5712,2135183604,4,0,1,14336,4,8212910999
3008,2135181527,188109,2135369636,0,0,0,8192,0,7978908983
3009,2135181970,5818,2135187788,21,0,1,13824,21,1962693162
3010,2135209609,206000,2135415609,15,0,0,48128,15,3150157493
3011,2135271209,61758,2135332967,24,0,0,1536,24,139710511
3012,2135303814,20366,2135324180,0,0,1,32768,0,2040049236
3013,2135309346,17100,2135326446,8,0,1,3584,8,3264808827
3014,2135320396,12586,2135332982,11,0,1,20992,11,2859499300
3015,2135336764,91807,2135428571,24,0,0,512,24,7017859429
3016,2135337579,1042,2135338621,12,0,1,1024,12,3786673604
3017,2135348393,103810,2135452203,0,0,0,15872,0,5207881104
3018,2135402569,17211,2135419780,13,0,1,11264,13,9643437262
3019,2135414761,5365,2135420126,5,0,1,512,5,4874245452
3020,2135421476,134222,2135555698,2,0,0,49152,2,10254310475
3021,2135454898,4850,2135459748,18,0,1,5120,18,8125211842
3022,2135460767,150137,2135610904,22,0,0,22528,22,3944896366
3023,2135465752,5196,2135470948,11,0,1,13312,11,4489644072
3024,2135500120,2870,2135502990,17,0,1,8704,17,7769317083
3025,2135531459,2870,2135534329,22,0,1,8704,22,984190205
3026,2135533975,21738,2135555713,17,0,1,7680,17,3218259548
3027,2135538371,122287,2135660658,20,0,0,44032,20,9146537632
3028,2135555878,197819,2135753697,20,0,0,58368,20,6848596898
3029,2135568858,4679,2135573537,20,0,1,12288,20,3301543029
3030,2135569092,142114,2135711206,24,0,0,512,24,1790254780
3031,2135594945,158923,2135753868,10,0,0,512,10,4727839436
3032,2135604701,9634,2135614335,3,0,1,3584,3,10013998468
3033,2135605032,10289,2135615321,26,0,1,1536,26,2148467463
3034,2135672523,99910,2135772433,4,0,0,3584,4,7614940681
3035,2135731011,184800,2135915811,24,0,0,1536,24,10548137194
3036,2135733242,1518,2135734760,20,0,1,1536,20,8002234905
3037,2135759936,223405,2135983341,4,0,0,15360,4,9740060062
3038,2135772391,5360,2135777751,7,0,1,5632,7,6596998019
3039,2135797525,116440,2135913965,15,0,0,73728,15,5479821169
3040,2135797553,11287,2135808840,12,0,1,18432,12,2190463833
3041,2135814551,566,2135815117,8,0,1,512,8,777984644
3042,2135855252,5802,2135861054,21,0,1,6144,21,4715288141
3043,2135872465,63656,2135936121,17,0,0,1536,17,1927106916
3044,2135900511,179027,2136079538,0,0,0,11776,0,6136023927
3045,2135912508,3318,2135915826,26,0,1,1536,26,8794903252
3046,2135914555,79544,2135994099,16,0,0,10752,16,2284136652
3047,2135920571,5454,2135926025,20,0,1,13824,20,2700641089
3048,2135925323,2008,2135927331,9,0,1,2048,9,1894910807
3049,2135934473,1663,2135936136,7,0,1,1536,7,2952035396
3050,2135943774,5802,2135949576,15,0,1,6144,15,2222576672
3051,2135966818,66599,2136033417,12,0,0,1024,12,4853935732
3052,2135986399,126747,2136113146,16,0,0,26112,16,25829780
3053,2135988579,5535,2135994114,6,0,1,5120,6,9074334977
3054,2136024080,178933,2136203013,1,0,0,21504,1,5256575864
3055,2136039379,152427,2136191806,18,0,0,14848,18,5249152168
3056,2136050318,1042,2136051360,8,0,1,1024,8,6631113031
3057,2136053531,31783,2136085314,0,0,1,51712,0,8788353580
3058,2136056208,29465,2136085673,21,0,1,9728,21,1224745621
3059,2136096968,2470,2136099438,22,0,1,2560,22,3563072201
3060,2136099969,92008,2136191977,7,0,0,512,7,595184475
3061,2136176395,180799,2136357194,22,0,0,68608,22,3475976506
3062,2136182456,179461,2136361917,23,0,0,9216,23,391340260
3063,2136219772,1042,2136220814,7,0,1,1024,7,8009581701
3064,2136227141,140809,2136367950,21,0,0,1024,21,6740514181
3065,2136232490,4850,2136237340,7,0,1,5120,7,6722055024
3066,2136250116,1994,2136252110,29,0,1,2048,29,8233404022
3067,2136300097,110735,2136410832,9,0,0,1024,9,7276811587
3068,2136344080,17852,2136361932,27,0,1,3584,27,5601288189
3069,2136366591,125973,2136492564,19,0,0,28672,19,6691339354
3070,2136381976,1518,2136383494,2,0,1,1536,2,482100859
3071,2136384043,43904,2136427947,17,0,0,512,17,10222160688
3072,2136387019,1518,2136388537,23,0,1,1536,23,1623942004
3073,2136439672,7230,2136446902,17,0,1,7680,17,7217314883
3074,2136449143,43904,2136493047,16,0,0,512,16,8613980382
3075,2136478199,3898,2136482097,5,0,1,4096,5,1715994123
3076,2136497921,7230,2136505151,2,0,1,7680,2,6388445518
3077,2136501488,15837,2136517325,25,0,1,30720,25,5131204079
3078,2136517015,61458,2136578473,25,0,0,1536,25,7448701486
3079,2136521017,119538,2136640555,29,0,0,32768,29,4437227817
3080,2136535958,50797,2136586755,25,0,0,2560,25,4797290530
3081,2136555064,6229,2136561293,2,0,1,15360,2,460745652
3082,2136568290,102944,2136671234,7,0,0,512,7,3103433791
3083,2136570196,197001,2136767197,27,0,0,11264,27,1859936197
3084,2136627139,13431,2136640570,26,0,1,6144,26,4288921802
3085,2136699815,67553,2136767368,12,0,0,512,12,129683918
3086,2136747569,3645,2136751214,6,0,1,10240,6,7200143325
3087,2136748655,71170,2136819825,29,0,0,7680,29,4228866735
3088,2136765881,107045,2136872926,26,0,0,19456,26,2036917219
3089,2136802929,3645,2136806574,21,0,1,10240,21,3086149216
3090,2136963185,1994,2136965179,12,0,1,2048,12,6911574220
3091,2136980827,7706,2136988533,18,0,1,8192,18,7585690732
3092,2137001154,7706,2137008860,9,0,1,8192,9,10659719759
3093,2137065926,1518,2137067444,4,0,1,1536,4,10468223755
3094,2137096154,98384,2137194538,21,0,0,23040,21,1935382682
3095,2137100420,65300,2137165720,19,0,0,10240,19,9440428821
3096,2137125520,113124,2137238644,27,0,0,20480,27,9221812612
3097,2137128193,1518,2137129711,12,0,1,1536,12,3105625134
3098,2137146676,51053,2137197729,9,0,0,1536,9,6873012745
3099,2137151087,6278,2137157365,11,0,1,6656,11,2311613839
3100,2137163587,7321,2137170908,8,0,1,13312,8,3286017166
3101,2137178595,242228,2137420823,22,0,0,68608,22,10454207432
3102,2137185539,9014,2137194553,4,0,1,12288,4,5957475419
3103,2137207015,101613,2137308628,1,0,0,25088,1,2362241350
3104,2137258088,140655,2137398743,19,0,0,11264,19,3455415695
3105,2137259061,178157,2137437218,29,0,0,53760,29,5866085501
3106,2137262259,1042,2137263301,3,0,1,1024,3,7483271082
3107,2137278958,1994,2137280952,6,0,1,2048,6,6902899791
3108,2137291883,3422,2137295305,13,0,1,3584,13,10551082542
3109,2137326961,119115,2137446076,3,0,0,2560,3,8342662247
3110,2137358331,2946,2137361277,10,0,1,3072,10,609460304
3111,2137428969,12920,2137441889,6,0,1,12288,6,5688977049
3112,2137469110,293310,2137762420,19,0,0,17920,19,10412239097
3113,2137472233,6278,2137478511,27,0,1,6656,27,8761697295
3114,2137500311,1994,2137502305,27,0,1,2048,27,1989917142
3115,2137507176,1994,2137509170,12,0,1,2048,12,586121170
3116,2137508638,54655,2137563293,4,0,0,2048,4,10503030732
3117,2137516754,5802,2137522556,8,0,1,6144,8,6095210873
3118,2137538963,2946,2137541909,26,0,1,3072,26,3208638878
3119,2137550369,47288,2137597657,17,0,0,1536,17,8027531124
3120,2137591423,6754,2137598177,27,0,1,7168,27,7095008026
3121,2137600424,295838,2137896262,13,0,0,219136,13,3035281349
3122,2137604703,47600,2137652303,5,0,0,2560,5,9263881721
3123,2137614402,2470,2137616872,9,0,1,2560,9,10557929402
3124,2137622496,75812,2137698308,25,0,1,127488,25,7798675993
3125,2137650970,134760,2137785730,6,0,0,2560,6,1208932852
3126,2137661831,37463,2137699294,15,0,1,1536,15,3424795222
3127,2137680351,216098,2137896449,17,0,0,512,17,8160089536
3128,2137725767,4374,2137730141,17,0,1,4608,17,2054364451
3129,2137749793,5326,2137755119,22,0,1,5632,22,5627570681
3130,2137759105,4825,2137763930,3,0,1,1536,3,6201077189
3131,2137787418,4162,2137791580,3,0,1,11264,3,3748531459
3132,2137797149,266268,2138063417,26,0,0,25088,26,4633898755
3133,2137839885,59068,2137898953,27,0,1,2560,27,5767426210
3134,2137843945,56705,2137900650,9,0,1,9728,9,3852476021
3135,2137863699,133100,2137996799,15,0,0,9216,15,5593707768
3136,2137870617,105153,2137975770,15,0,0,15872,15,8718683175
3137,2137884579,22136,2137906715,2,0,1,15872,2,8766079422
3138,2137901292,162296,2138063588,5,0,0,512,5,2681950824
3139,2137901874,7747,2137909621,7,0,1,4608,7,10466568970
3140,2137926746,166257,2138093003,18,0,0,5120,18,4059089925
3141,2137947347,14287,2137961634,11,0,1,27648,11,3910560894
3142,2137961332,77658,2138038990,23,0,0,15872,23,3653382321
3143,2137967824,43904,2138011728,9,0,0,512,9,1934470008
3144,2137978054,43904,2138021958,5,0,0,512,5,7938844531
3145,2137983570,7706,2137991276,22,0,1,8192,22,4265769263
3146,2138011382,111409,2138122791,3,0,0,1536,3,1166042445
3147,2138088341,1518,2138089859,15,0,1,1536,15,6695152164
3148,2138096925,155934,2138252859,13,0,0,7168,13,7953816192
3149,2138117497,107276,2138224773,4,0,0,52224,4,4006867536
3150,2138216344,74657,2138291001,6,0,0,10240,6,10373630096
3151,2138251762,1655,2138253417,16,0,1,512,16,4781610550
3152,2138256808,566,2138257374,23,0,1,512,23,7640722120
3153,2138264239,566,2138264805,13,0,1,512,13,6175681805
3154,2138269130,43370,2138312500,0,0,1,74240,0,270919545
3155,2138287246,25600,2138312846,21,0,1,512,21,2122754834
3156,2138287908,26884,2138314792,20,0,1,3072,20,1157549556
3157,2138290234,66693,2138356927,23,0,0,3584,23,3443582317
3158,2138299662,17716,2138317378,6,0,1,4096,6,5443992533
3159,2138359625,181860,2138541485,13,0,0,12800,13,5149667561
3160,2138401841,93486,2138495327,13,0,0,2048,13,1163287697
3161,2138403299,125424,2138528723,15,0,0,15872,15,6356832167
3162,2138405557,2946,2138408503,16,0,1,3072,16,7880263734
3163,2138408983,5802,2138414785,6,0,1,6144,6,7514485584
3164,2138438296,1042,2138439338,16,0,1,1024,16,7597369208
3165,2138453734,3128,2138456862,10,0,1,9216,10,5305750212
3166,2138466169,4374,2138470543,6,0,1,4608,6,9840131441
3167,2138477776,68113,2138545889,9,0,0,512,9,3909268136
3168,2138532826,80049,2138612875,21,0,0,2048,21,4707609106
3169,2138539369,87580,2138626949,20,0,0,20992,20,6984945548
3170,2138600718,99944,2138700662,4,0,0,28160,4,3244341746
3171,2138606369,227513,2138833882,20,0,0,101376,20,4175308469
3172,2138607278,141948,2138749226,26,0,0,66560,26,4360055188
3173,2138625037,177942,2138802979,23,0,0,31744,23,8193367425
3174,2138625497,212144,2138837641,21,0,0,12288,21,5410638518
3175,2138678830,211012,2138889842,29,0,0,67072,29,2566478831
3176,2138690869,9808,2138700677,26,0,1,6656,26,8206322658
3177,2138739191,166893,2138906084,19,0,0,18432,19,8588277834
3178,2138755193,90102,2138845295,17,0,0,1024,17,6497341659
3179,2138760762,1518,2138762280,15,0,1,1536,15,9297852835
3180,2138762898,74922,2138837820,26,0,0,512,26,1139482280
3181,2138765523,4374,2138769897,23,0,1,4608,23,4385447653
3182,2138786303,2946,2138789249,11,0,1,3072,11,7539384868
3183,2138801189,88832,2138890021,12,0,0,512,12,7235514039
3184,2138831078,59114,2138890192,24,0,0,512,24,5678083109
3185,2138856650,1994,2138858644,15,0,1,2048,15,10391089369
3186,2138865203,1518,2138866721,13,0,1,1536,13,8177777261
3187,2138871777,142775,2139014552,7,0,0,512,7,10379102046
3188,2138915428,132411,2139047839,2,0,0,27136,2,2783447194
3189,2138916055,122191,2139038246,5,0,0,1536,5,2705718141
3190,2138943680,3128,2138946808,17,0,1,9216,17,8969766386
3191,2138944688,2891,2138947579,2,0,1,1024,2,291479403
3192,2138968944,1994,2138970938,16,0,1,2048,16,10362198785
3193,2138986514,64126,2139050640,7,0,0,512,7,2297418072
3194,2139014410,12442,2139026852,0,0,1,20480,0,2674016496
3195,2139015569,50663,2139066232,7,0,0,512,7,9775948425
3196,2139020506,67591,2139088097,5,0,0,512,5,234491620
3197,2139049193,48980,2139098173,10,0,0,2048,10,10153315100
3198,2139080206,206913,2139287119,1,0,0,67072,1,9468921485
3199,2139093826,87247,2139181073,28,0,0,17408,28,2363048239
3200,2139115190,21399,2139136589,25,0,1,34816,25,1671266505
3201,2139127671,171010,2139298681,7,0,0,3072,7,2757218552
3202,2139140521,3645,2139144166,25,0,1,10240,25,8358795683
3203,2139143121,1711,2139144832,23,0,1,1024,23,5176833924
3204,2139146528,3898,2139150426,11,0,1,4096,11,7583860437
3205,2139155589,2946,2139158535,4,0,1,3072,4,4894750453
3206,2139187043,170769,2139357812,19,0,0,48640,19,6419237224
3207,2139198657,410498,2139609155,29,0,0,99328,29,3111100976
3208,2139205447,4850,2139210297,17,0,1,5120,17,4406102375
3209,2139212073,207221,2139419294,20,0,0,17408,20,9285625500
3210,2139291443,363453,2139654896,27,0,0,103936,27,3344824126
3211,2139302680,3422,2139306102,16,0,1,3584,16,3358563656
3212,2139323920,134530,2139458450,13,0,0,14848,13,1742710685
3213,2139353130,8836,2139361966,2,0,1,11264,2,6436909613
3214,2139362442,371687,2139734129,17,0,0,1536,17,7998672284
3215,2139366946,210933,2139577879,27,0,0,69120,27,8757854288
3216,2139367132,211074,2139578206,9,0,0,1024,9,7596089957
3217,2139374930,88007,2139462937,24,0,0,512,24,2787458668
3218,2139386506,192370,2139578876,10,0,0,1536,10,2031517287
3219,2139423831,4850,2139428681,20,0,1,5120,20,10695761205
3220,2139437371,389290,2139826661,23,0,0,39936,23,6681362657
3221,2139441451,136934,2139578385,3,0,0,512,3,6755601251
3222,2139458869,218598,2139677467,17,0,0,512,17,4675764832
3223,2139463410,270236,2139733646,1,0,0,119296,1,662510132
3224,2139471845,451648,2139923493,18,0,0,43520,18,6788217671
3225,2139471861,57934,2139529795,10,0,0,2048,10,1556135619
3226,2139479192,411643,2139890835,19,0,0,72192,19,9701755745
3227,2139483621,171446,2139655067,3,0,0,512,3,6639232482
3228,2139493999,3128,2139497127,13,0,1,9216,13,1429321212
3229,2139501745,1994,2139503739,25,0,1,2048,25,1413757423
3230,2139520795,139926,2139660721,21,0,0,4608,21,4620542716
3231,2139528290,284449,2139812739,22,0,0,123392,22,7506176355
3232,2139532657,6754,2139539411,12,0,1,7168,12,8053518418
3233,2139539391,119903,2139659294,0,0,0,13824,0,7861641782
3234,2139541114,201922,2139743036,28,0,0,29184,28,1508472085
3235,2139549126,2946,2139552072,5,0,1,3072,5,5863253845
3236,2139559205,184158,2139743363,5,0,0,1024,5,2832332646
3237,2139560931,48774,2139609705,12,0,1,512,12,10562461552
3238,2139574072,240398,2139814470,29,0,0,5632,29,7596460016
3239,2139584509,253095,2139837604,4,0,0,35840,4,3069698390
3240,2139587504,25789,2139613293,6,0,1,4096,6,75559468
3241,2139587694,27545,2139615239,22,0,1,3072,22,8430105721
3242,2139593301,22957,2139616258,4,0,1,12288,4,2944735525
3243,2139614302,2302,2139616604,2,0,1,512,2,4344727508
3244,2139645725,17825,2139663550,26,0,1,8704,26,8939050857
3245,2139662771,1176,2139663947,29,0,1,512,29,5825372707
3246,2139670992,2870,2139673862,20,0,1,8704,20,5793944932
3247,2139684595,242235,2139926830,0,0,0,2048,0,9779052139
3248,2139688589,5712,2139694301,12,0,1,14336,12,499479216
3249,2139690818,261287,2139952105,22,0,0,29184,22,4791191064
3250,2139744325,165893,2139910218,27,0,0,63488,27,9083292865
3251,2139770211,3645,2139773856,5,0,1,10240,5,6884564578
3252,2139783028,142680,2139925708,20,0,0,7168,20,2591755478
3253,2139812392,237437,2140049829,9,0,0,1024,9,3500869960
3254,2139851703,74488,2139926191,6,0,0,1536,6,817031580
3255,2139870061,59669,2139929730,15,0,1,6656,15,1578244952
3256,2139870873,317907,2140188780,29,0,0,54784,29,7520483087
3257,2139876331,60403,2139936734,24,0,0,512,24,9302798781
3258,2139908733,115169,2140023902,16,0,0,13312,16,2954059381
3259,2139943871,11189,2139955060,11,0,1,3072,11,7384791072
3260,2139945929,126759,2140072688,15,0,0,26112,15,7350253710
3261,2139985906,132736,2140118642,17,0,0,512,17,9414560655
3262,2139986940,1518,2139988458,7,0,1,1536,7,8864566830
3263,2139987822,73938,2140061760,12,0,0,512,12,9595242264
3264,2139991196,10499,2140001695,11,0,1,16896,11,7100934266
3265,2139994188,133617,2140127805,7,0,0,1024,7,5686833870
3266,2140002480,259194,2140261674,1,0,0,66048,1,3352182052
3267,2140012747,105716,2140118463,23,0,0,47104,23,3893459390
3268,2140044343,566,2140044909,23,0,1,512,23,6659573404
3269,2140051453,566,2140052019,27,0,1,512,27,9092224084
3270,2140052835,260387,2140313222,26,0,0,27648,26,1701935744
3271,2140105446,180066,2140285512,27,0,0,32256,27,6316088180
3272,2140114490,49740,2140164230,9,0,0,1024,9,5566055401
3273,2140150044,88598,2140238642,19,0,0,1536,19,7389908508
3274,2140156595,78063,2140234658,3,0,0,512,3,3855532731
3275,2140161828,236924,2140398752,1,0,0,80384,1,6251014760
3276,2140182934,134772,2140317706,9,0,0,2048,9,10634993990
3277,2140187328,98682,2140286010,7,0,0,1536,7,6340112589
3278,2140219368,2946,2140222314,26,0,1,3072,26,3312155450
3279,2140241507,212757,2140454264,27,0,0,13312,27,8655629190
3280,2140246614,18222,2140264836,17,0,1,9216,17,207495249
3281,2140248268,103167,2140351435,20,0,0,14848,20,6235175164
3282,2140256992,56713,2140313705,15,0,0,1536,15,8181033292
3283,2140274285,11242,2140285527,8,0,1,9216,8,1410701078
3284,2140288381,3387,2140291768,29,0,1,9728,29,3558579491
3285,2140297535,4374,2140301909,3,0,1,4608,3,6536024140
3286,2140326478,1994,2140328472,12,0,1,2048,12,3071599198
3287,2140343792,140166,2140483958,0,0,0,37888,0,3752276468
3288,2140348601,242981,2140591582,0,0,0,95232,0,9701351134
3289,2140357661,4374,2140362035,29,0,1,4608,29,657133338
3290,2140366703,1994,2140368697,26,0,1,2048,26,343275876
3291,2140374488,24839,2140399327,22,0,1,512,22,351166968
3292,2140393960,10759,2140404719,26,0,1,6144,26,8147575150
3293,2140419204,81692,2140500896,19,0,0,6656,19,9185419877
3294,2140476850,21146,2140497996,13,0,1,27136,13,10663494666
3295,2140478311,132963,2140611274,16,0,0,14848,16,6051049199
3296,2140486459,14452,2140500911,23,0,1,1536,23,435494824
3297,2140491192,11656,2140502848,29,0,1,6144,29,4893132544
3298,2140515461,76292,2140591753,25,0,0,512,25,3523175786
3299,2140561755,30013,2140591768,20,0,1,4608,20,2496508882
3300,2140582081,140984,2140723065,17,0,0,1024,17,10720483281
3301,2140587858,218749,2140806607,1,0,0,40448,1,5514279108
3302,2140594917,44087,2140639004,12,0,0,512,12,1140794094
3303,2140622639,108446,2140731085,2,0,0,25600,2,6653504498
3304,2140636966,53923,2140690889,12,0,0,1024,12,1006631549
3305,2140638730,3422,2140642152,15,0,1,3584,15,493143554
3306,2140640491,43904,2140684395,15,0,0,512,15,6502622376
3307,2140641385,4937,2140646322,17,0,1,12800,17,668168839
3308,2140664343,1518,2140665861,26,0,1,1536,26,7976077983
3309,2140676191,134727,2140810918,27,0,0,2048,27,7498637592
3310,2140682430,2870,2140685300,26,0,1,8704,26,6156179748
3311,2140710955,70940,2140781895,5,0,0,2560,5,8953631022
3312,2140719527,230624,2140950151,1,0,0,75776,1,9406137648
3313,2140722826,8274,2140731100,15,0,1,512,15,10383996957
3314,2140734837,252020,2140986857,18,0,0,116736,18,2045852312
3315,2140763591,326399,2141089990,1,0,0,10752,1,10421813882
3316,2140770038,3422,2140773460,29,0,1,3584,29,9897888178
3317,2140776019,2470,2140778489,23,0,1,2560,23,7723198876
3318,2140785708,63985,2140849693,15,0,0,1024,15,4359178133
3319,2140793948,12674,2140806622,22,0,1,11264,22,5626347754
3320,2140812213,228402,2141040615,4,0,0,76800,4,7201037916
3321,2140818245,133029,2140951274,15,0,0,3584,15,6022090094
3322,2140820302,3898,2140824200,16,0,1,4096,16,7967477882
3323,2140827083,160756,2140987839,0,0,0,2560,0,5621047097
3324,2140866353,134211,2141000564,25,0,0,512,25,7869768940
3325,2140869243,117785,2140987028,9,0,0,512,9,196056855
3326,2140920959,3898,2140924857,25,0,1,4096,25,1341580900
3327,2140931228,163895,2141095123,3,0,0,512,3,10432031390
3328,2140932195,56786,2140988981,15,0,1,2048,15,7638340039
3329,2140958820,30827,2140989647,7,0,1,1024,7,4222495054
3330,2140974782,89419,2141064201,17,0,0,512,17,4992672681
3331,2140984567,81630,2141066197,29,0,0,4608,29,443285440
3332,2141026657,158691,2141185348,23,0,0,95744,23,6686002916
3333,2141028366,18754,2141047120,4,0,1,15872,4,7375158569
3334,2141041285,6821,2141048106,29,0,1,1536,29,10004054120
3335,2141062805,154486,2141217291,10,0,0,512,10,4918839673
3336,2141077668,3904,2141081572,26,0,1,10752,26,1335422829
3337,2141080314,2673,2141082987,23,0,1,2048,23,5500205713
3338,2141091701,93818,2141185519,5,0,0,512,5,3499751409
3339,2141100301,1042,2141101343,21,0,1,1024,21,3242944988
3340,2141129749,125976,2141255725,2,0,0,86528,2,10706928993
3341,2141142254,206139,2141348393,0,0,0,62464,0,5935001957
3342,2141230363,188069,2141418432,23,0,0,43008,23,1318337615
3343,2141277617,230245,2141507862,2,0,0,108544,2,1714534500
3344,2141283671,92078,2141375749,17,0,0,2048,17,5712273419
3345,2141336872,12079,2141348951,5,0,1,512,5,4087521229
3346,2141385065,3904,2141388969,2,0,1,10752,2,5842528050
3347,2141400260,1042,2141401302,5,0,1,1024,5,4679227438
3348,2141408420,108388,2141516808,6,0,0,10752,6,8533200784
3349,2141416692,49045,2141465737,24,0,0,1536,24,5798316230
3350,2141424030,1518,2141425548,17,0,1,1536,17,4145686928
3351,2141424511,88086,2141512597,0,0,0,15360,0,1096143922
3352,2141441775,128442,2141570217,10,0,0,2048,10,4432109946
3353,2141447991,180168,2141628159,4,0,0,100352,4,10345960566
3354,2141467479,5326,2141472805,2,0,1,5632,2,7303273471
3355,2141484945,31878,2141516823,15,0,1,1536,15,9865964780
3356,2141493336,173207,2141666543,25,0,0,2560,25,8340445640
3357,2141502748,162962,2141665710,20,0,0,79872,20,1510646211
3358,2141505214,129231,2141634445,21,0,0,11776,21,5926637200
3359,2141505920,124922,2141630842,29,0,0,8704,29,2607307949
3360,2141518505,170161,2141688666,13,0,0,16896,13,9406092869
3361,2141561883,2470,2141564353,29,0,1,2560,29,4185260480
3362,2141564843,2946,2141567789,27,0,1,3072,27,3477391966
3363,2141586105,239775,2141825880,29,0,0,512,29,8000255398
3364,2141592366,96627,2141688993,3,0,0,1024,3,5470117447
3365,2141598469,39357,2141637826,29,0,1,3584,29,6339640270
3366,2141606451,59274,2141665725,8,0,1,7168,8,8386471324
3367,2141633891,31849,2141665740,10,0,1,8704,10,6551578170
3368,2141652800,361412,2142014212,28,0,0,64000,28,1158504147
3369,2141680034,137489,2141817523,27,0,0,53248,27,5083933430
3370,2141708532,74347,2141782879,20,0,0,16384,20,2696469455
3371,2141737044,10241,2141747285,11,0,1,16384,11,6431239173
3372,2141743773,86397,2141830170,5,0,0,1024,5,7132272369
3373,2141749368,4679,2141754047,10,0,1,12288,10,8450814676
3374,2141754730,566,2141755296,16,0,1,512,16,4105930100
3375,2141765912,4374,2141770286,20,0,1,4608,20,5160780089
3376,2141852880,3422,2141856302,17,0,1,3584,17,9718606588
3377,2141853140,78495,2141931635,17,0,0,1536,17,7581823281
3378,2141866915,205673,2142072588,29,0,0,7168,29,8266587982
3379,2141869684,3422,2141873106,26,0,1,3584,26,1064810249
3380,2141929044,13770,2141942814,27,0,1,26624,27,4273280217
3381,2141956000,110240,2142066240,2,0,0,61952,2,4022931484
3382,2141973654,155262,2142128916,0,0,0,30720,0,8976779565
3383,2141977982,94933,2142072915,9,0,0,1024,9,4124481277
3384,2141987581,6229,2141993810,3,0,1,15360,3,2740459899
3385,2142006237,60018,2142066255,0,0,1,62464,0,10482259218
3386,2142033998,169216,2142203214,28,0,0,46592,28,7258761518
3387,2142050323,17442,2142067765,10,0,1,1536,10,4635477943
3388,2142122112,124776,2142246888,3,0,0,512,3,6638653805
3389,2142139676,7706,2142147382,3,0,1,8192,3,7579475324
3390,2142161710,252017,2142413727,16,0,0,77824,16,5505462193
3391,2142178944,1518,2142180462,9,0,1,1536,9,9562358306
3392,2142211594,75567,2142287161,0,0,0,12288,0,1570620215
3393,2142254025,74828,2142328853,4,0,0,11264,4,3616930412
3394,2142263116,7706,2142270822,21,0,1,8192,21,2785167543
3395,2142283461,6162,2142289623,17,0,1,2560,17,5822311264
3396,2142299249,7706,2142306955,6,0,1,8192,6,996325102
3397,2142302609,4692,2142307301,18,0,1,512,18,9141701765
3398,2142312556,1994,2142314550,5,0,1,2048,5,1139433545
3399,2142314376,1518,2142315894,26,0,1,1536,26,1044801194
3400,2142321716,176143,2142497859,4,0,0,54272,4,5866112290
3401,2142339270,76828,2142416098,0,0,0,7680,0,7382704463
3402,2142353619,11016,2142364635,7,0,1,17920,7,2379959599
3403,2142397804,20748,2142418552,16,0,1,2560,16,8986003309
3404,2142408270,267123,2142675393,2,0,0,70656,2,2316065898
3405,2142409758,10740,2142420498,10,0,1,3072,10,1624035989
3406,2142418468,4296,2142422764,16,0,1,3584,16,3129639761
3407,2142434423,1994,2142436417,17,0,1,2048,17,3255794018
3408,2142438822,321488,2142760310,13,0,0,8192,13,576560180
3409,2142440986,205673,2142646659,28,0,0,31232,28,5874622645
3410,2142457697,1042,2142458739,15,0,1,1024,15,4740930670
3411,2142469994,7706,2142477700,29,0,1,8192,29,4035698679
3412,2142478411,321625,2142800036,13,0,0,21504,13,3363705086
3413,2142481976,171874,2142653850,21,0,0,23552,21,9300792729
3414,2142505997,480488,2142986485,16,0,0,60416,16,3743858004
3415,2142511339,328202,2142839541,5,0,0,512,5,4658257535
3416,2142531535,255296,2142786831,19,0,0,35328,19,7862262729
3417,2142532807,3422,2142536229,7,0,1,3584,7,10255483047
3418,2142566493,7230,2142573723,16,0,1,7680,16,9687687041
3419,2142570454,7775,2142578229,26,0,1,7168,26,2485948034
3420,2142599860,230491,2142830351,2,0,0,40448,2,9095414572
3421,2142619134,375557,2142994691,6,0,0,25600,6,427948910
3422,2142623463,337088,2142960551,19,0,0,27136,19,7154171458
3423,2142634846,310207,2142945053,26,0,0,188928,26,10677711445
3424,2142661069,306985,2142968054,20,0,0,24576,20,6861607960
3425,2142690511,261733,2142952244,26,0,0,23552,26,4969730095
3426,2142712885,5326,2142718211,8,0,1,5632,8,1231641644
3427,2142714375,8982,2142723357,10,0,1,8192,10,1715937063
3428,2142723471,119220,2142842691,6,0,0,9728,6,10669890262
3429,2142774035,85481,2142859516,12,0,0,1024,12,3662461698
3430,2142796716,6734,2142803450,27,0,1,3584,27,6146644324
3431,2142824212,162640,2142986852,3,0,0,1024,3,5478154687
3432,2142872971,248978,2143121949,22,0,0,5120,22,9386680204
3433,2142906219,91574,2142997793,20,0,1,18432,20,7637725174
3434,2142912621,207745,2143120366,28,0,0,148480,28,9240526984
3435,2142920708,77751,2142998459,27,0,1,1024,27,2283264326
3436,2142934854,64591,2142999445,16,0,1,1536,16,9827471829
3437,2142943143,56661,2142999804,2,0,1,9728,2,9584245106
3438,2142943394,58036,2143001430,10,0,1,2560,10,7691385351
3439,2142943559,230900,2143174459,16,0,0,22528,16,6086321499
3440,2142962253,39433,2143001686,2,0,1,9216,2,6790951808
3441,2142977135,166691,2143143826,2,0,0,26624,2,3729625517
3442,2142990301,273363,2143263664,21,0,0,91136,21,6070343199
3443,2142994496,282222,2143276718,22,0,0,28160,22,6769786583
3444,2143035427,280326,2143315753,26,0,0,75264,26,5896132765
3445,2143035737,86383,2143122120,24,0,0,512,24,1987515709
3446,2143059127,1042,2143060169,17,0,1,1024,17,9625238460
3447,2143063650,566,2143064216,16,0,1,512,16,10062032265
3448,2143088316,34880,2143123196,13,0,1,1024,13,4867493500
3449,2143105733,299138,2143404871,9,0,0,1024,9,6179735427
3450,2143113207,10655,2143123862,20,0,1,1024,20,22890749
3451,2143117924,206759,2143324683,18,0,0,28672,18,1895766075
3452,2143126224,2470,2143128694,10,0,1,2560,10,10391284036
3453,2143136750,10490,2143147240,8,0,1,3584,8,911599054
3454,2143165020,9454,2143174474,21,0,1,5632,21,2552104394
3455,2143180393,2470,2143182863,23,0,1,2560,23,9231842428
3456,2143183530,132402,2143315932,3,0,0,512,3,1068406968
3457,2143183856,5802,2143189658,6,0,1,6144,6,998922237
3458,2143187958,216586,2143404544,4,0,0,47616,4,2988344956
3459,2143239336,165706,2143405042,25,0,0,512,25,8246874623
3460,2143274358,67264,2143341622,25,0,1,109568,25,3693770955
3461,2143279819,62367,2143342186,9,0,1,10752,9,4152949469
3462,2143323708,20066,2143343774,10,0,1,15872,10,9310107694
3463,2143327073,21886,2143348959,3,0,1,24576,3,8967153432
3464,2143332957,191450,2143524407,6,0,0,10752,6,4467115101
3465,2143359660,113788,2143473448,29,0,0,19456,29,1272564108
3466,2143443019,158407,2143601426,29,0,0,23552,29,3151840464
3467,2143457423,7230,2143464653,26,0,1,7680,26,5234471893
3468,2143462458,194283,2143656741,16,0,0,67584,16,7073486796
3469,2143465243,1042,2143466285,3,0,1,1024,3,4334129611
3470,2143480953,7706,2143488659,9,0,1,8192,9,8419918668
3471,2143540133,167476,2143707609,21,0,0,73216,21,5320595571
3472,2143551182,3898,2143555080,15,0,1,4096,15,8262229873
3473,2143579499,566,2143580065,10,0,1,512,10,6414768037
3474,2143613397,69576,2143682973,10,0,0,1536,10,3676801387
3475,2143625154,204098,2143829252,17,0,0,1536,17,4346278565
3476,2143680699,566,2143681265,20,0,1,512,20,5476149539
3477,2143701050,127711,2143828761,23,0,0,97792,23,8992004340
3478,2143721113,3422,2143724535,22,0,1,3584,22,2523854394
3479,2143762252,67483,2143829735,17,0,0,1536,17,568791070
3480,2143763277,3904,2143767181,7,0,1,10752,7,6738202122
3481,2143768135,146006,2143914141,29,0,0,78336,29,7626560329
3482,2143793027,86806,2143879833,3,0,0,1024,3,8572340670
3483,2143804753,25983,2143830736,22,0,1,1024,22,10456811775
3484,2143847481,132562,2143980043,5,0,0,512,5,3760992845
3485,2143886987,162915,2144049902,1,0,0,93696,1,3563978664
3486,2143902605,16854,2143919459,7,0,1,5632,7,1758676444
3487,2143923928,87828,2144011756,3,0,0,512,3,4757019122
3488,2143958755,209952,2144168707,18,0,0,158720,18,3279200397
3489,2143973158,220134,2144193292,5,0,0,1024,5,9993710599
3490,2143976284,203062,2144179346,20,0,0,34816,20,1174903565
3491,2143989289,11791,2144001080,18,0,1,19456,18,4301612973
3492,2144035104,157845,2144192949,21,0,0,44544,21,8930778941
3493,2144064845,4374,2144069219,9,0,1,4608,9,5502003778
3494,2144076426,3645,2144080071,5,0,1,10240,5,4210215699
3495,2144105086,4937,2144110023,25,0,1,12800,25,6115081011
3496,2144121954,90649,2144212603,15,0,0,512,15,7058774920
3497,2144135448,153521,2144288969,4,0,0,82944,4,7808663054
3498,2144156304,41454,2144197758,11,0,1,5120,11,1608491243
3499,2144168120,31584,2144199704,22,0,1,3072,22,5120298655
3500,2144222224,67422,2144289646,9,0,0,2048,9,5799842867
3501,2144228192,86671,2144314863,18,0,0,12288,18,7194191325
3502,2144234170,54814,2144288984,0,0,1,55296,0,9837539770
3503,2144237044,51955,2144288999,4,0,1,5120,4,3270318400
3504,2144285134,5037,2144290171,3,0,1,512,3,3525031733
3505,2144314885,7230,2144322115,26,0,1,7680,26,1807442129
3506,2144320907,200973,2144521880,18,0,0,72704,18,8866440239
3507,2144324277,212839,2144537116,21,0,0,35840,21,7586758221
3508,2144326694,5971,2144332665,6,0,1,14848,6,140192665
3509,2144351454,1518,2144352972,21,0,1,1536,21,6120218353
3510,2144388311,4937,2144393248,9,0,1,12800,9,2435965112
3511,2144400719,6278,2144406997,3,0,1,6656,3,5668056199
3512,2144425557,99557,2144525114,10,0,0,1536,10,4492845402
3513,2144487696,3904,2144491600,7,0,1,10752,7,8892485042
3514,2144495042,78217,2144573259,25,0,0,512,25,3263087727
3515,2144496757,205136,2144701893,21,0,0,54784,21,3060887804
3516,2144518404,69266,2144587670,7,0,0,1024,7,761157586
3517,2144550749,45892,2144596641,25,0,0,512,25,3071131080
3518,2144562289,4850,2144567139,29,0,1,5120,29,10295288895
3519,2144571026,254041,2144825067,0,0,0,110080,0,3801224264
3520,2144614396,330410,2144944806,16,0,0,39936,16,9935771401
3521,2144617174,217892,2144835066,0,0,0,32768,0,5569728568
3522,2144621059,116565,2144737624,23,0,0,18944,23,4439562717
3523,2144623932,260652,2144884584,29,0,0,45056,29,3201174567
3524,2144668501,72882,2144741383,0,0,0,12288,0,410401967
3525,2144669204,2946,2144672150,5,0,1,3072,5,10438172495
3526,2144678256,23652,2144701908,6,0,1,18944,6,5684793996
3527,2144731776,107557,2144839333,23,0,0,13824,23,2274944523
3528,2144759717,80606,2144840323,3,0,0,1024,3,1623345422
3529,2144767827,260883,2145028710,25,0,0,512,25,10046961493
3530,2144771979,67993,2144839972,3,0,0,2048,3,8672152958
3531,2144800791,40182,2144840973,6,0,1,1024,6,1894834801
3532,2144805163,36476,2144841639,7,0,1,1024,7,750477946
3533,2144814394,213422,2145027816,19,0,0,79360,19,6974843371
3534,2144818929,73782,2144892711,16,0,0,4608,16,10308187840
3535,2144826685,15300,2144841985,9,0,1,512,9,5850934793
3536,2144844609,14287,2144858896,25,0,1,27648,25,5092316059
3537,2144844697,18705,2144863402,20,0,1,7168,20,2978621138
3538,2144852972,62226,2144915198,28,0,0,2560,28,7282705385
3539,2144870660,228574,2145099234,4,0,0,70656,4,3706094551
3540,2144937185,101414,2145038599,2,0,0,1536,2,6116222953
3541,2144952846,188899,2145141745,1,0,0,11264,1,2076780345
3542,2144953176,13253,2144966429,11,0,1,25600,11,8238367407
3543,2144954780,12315,2144967095,17,0,1,1024,17,8403183573
3544,2144987512,4850,2144992362,23,0,1,5120,23,7005058882
3545,2145002134,234897,2145237031,26,0,0,80896,26,6155256126
3546,2145016382,12510,2145028892,9,0,1,1024,9,3813643235
3547,2145022831,38576,2145061407,0,0,1,57856,0,1154726847
3548,2145027607,290969,2145318576,18,0,0,27648,18,9914153968
3549,2145063185,404942,2145468127,4,0,0,128000,4,7711955545
3550,2145063687,173523,2145237210,12,0,0,512,12,9540917636
3551,2145081183,316089,2145397272,18,0,0,11264,18,1580174009
3552,2145095579,427634,2145523213,6,0,0,75776,6,2645432541
3553,2145191217,102070,2145293287,20,0,0,4608,20,8590820724
3554,2145209093,1994,2145211087,9,0,1,2048,9,5722125814
3555,2145223147,95444,2145318591,0,0,1,119808,0,5943381888
3556,2145250661,67953,2145318614,25,0,1,22528,25,167042350
3557,2145279517,39112,2145318629,13,0,1,512,13,2409020909
3558,2145307617,105171,2145412788,29,0,0,8192,29,8860815463
3559,2145317001,3108,2145320109,18,0,1,1536,18,456241629
3560,2145339398,128900,2145468298,7,0,0,512,7,2756771839
3561,2145352988,170404,2145523392,9,0,0,512,9,5413496333
3562,2145398320,171033,2145569353,28,0,0,8192,28,10004047101
3563,2145426123,1994,2145428117,26,0,1,2048,26,5188213817
3564,2145453557,172551,2145626108,16,0,0,4096,16,424792038
3565,2145491860,72891,2145564751,7,0,0,512,7,9226564778
3566,2145508822,21283,2145530105,20,0,1,7168,20,8783908737
3567,2145543079,3898,2145546977,5,0,1,4096,5,6964597867
3568,2145606263,118783,2145725046,16,0,0,1024,16,302504313
3569,2145609030,2470,2145611500,27,0,1,2560,27,4001091099
3570,2145622093,1994,2145624087,17,0,1,2048,17,10669034078
3571,2145630630,116106,2145746736,25,0,0,512,25,395445616
3572,2145634105,1042,2145635147,25,0,1,1024,25,10432756610
3573,2145634593,2870,2145637463,20,0,1,8704,20,9958141614
3574,2145639731,3645,2145643376,8,0,1,10240,8,7562639245
3575,2145661181,47288,2145708469,7,0,0,1536,7,2888361989
3576,2145693003,83979,2145776982,10,0,0,512,10,7927967507
3577,2145706069,1518,2145707587,5,0,1,1536,5,4814973466
3578,2145718460,109468,2145827928,28,0,0,15360,28,2530491634
3579,2145797256,4850,2145802106,2,0,1,5120,2,2003659982
3580,2145801701,2470,2145804171,29,0,1,2560,29,760536031
3581,2145807772,3422,2145811194,27,0,1,3584,27,2191651077
3582,2145845853,68000,2145913853,4,0,0,5632,4,9258137041
3583,2145896732,111956,2146008688,16,0,0,67584,16,9735245594
3584,2145909539,23378,2145932917,25,0,1,41984,25,785487102
3585,2145929638,13858,2145943496,9,0,1,23552,9,7258336170
3586,2145940714,4728,2145945442,18,0,1,3072,18,9023117105
3587,2145971526,42166,2146013692,25,0,1,68608,25,10035757777
3588,2145976741,39217,2146015958,15,0,1,3584,15,6052115643
3589,2146019828,309375,2146329203,15,0,0,512,15,6771689280
3590,2146025812,5326,2146031138,29,0,1,5632,29,9833972789
3591,2146031919,1042,2146032961,29,0,1,1024,29,2595173109
3592,2146077214,566,2146077780,9,0,1,512,9,7603604403
3593,2146106228,2946,2146109174,13,0,1,3072,13,6913456581
3594,2146121096,103532,2146224628,6,0,0,39936,6,3552955965
3595,2146135287,3387,2146138674,3,0,1,9728,3,2520964778
3596,2146146387,3898,2146150285,23,0,1,4096,23,4599740829
3597,2146149288,23983,2146173271,25,0,1,39936,25,5531696182
3598,2146171839,2098,2146173937,25,0,1,1024,25,6266379131
3599,2146196144,2946,2146199090,3,0,1,3072,3,10136659437
3600,2146203092,5802,2146208894,27,0,1,6144,27,5395291069
3601,2146210360,189979,2146400339,3,0,0,2048,3,4824406435
3602,2146240444,12995,2146253439,0,0,1,25088,0,10497349119
3603,2146243967,9818,2146253785,15,0,1,512,15,8067377080
3604,2146255796,4420,2146260216,13,0,1,11776,13,6612985789
3605,2146300329,242642,2146542971,20,0,0,67584,20,5361875627
3606,2146340655,74576,2146415231,15,0,0,512,15,657211652
3607,2146354787,1518,2146356305,4,0,1,1536,4,1364222597
3608,2146359656,142036,2146501692,1,0,0,51200,1,2330870646
3609,2146369265,12049,2146381314,20,0,1,19968,20,2982567567
3610,2146380042,3218,2146383260,15,0,1,3072,15,1397053402
3611,2146385805,178543,2146564348,7,0,0,512,7,7103997918
3612,2146415890,1042,2146416932,6,0,1,1024,6,5268190491
3613,2146432693,4850,2146437543,27,0,1,5120,27,8445991774
3614,2146443988,1042,2146445030,18,0,1,1024,18,10644684878
3615,2146445887,202876,2146648763,13,0,0,110080,13,5958612445
3616,2146468203,87521,2146555724,6,0,0,13312,6,2207869758
3617,2146484871,274106,2146758977,4,0,0,157184,4,7186413451
3618,2146496424,165571,2146661995,24,0,0,512,24,1466109494
3619,2146497240,164584,2146661824,1,0,0,5632,1,6586594838
3620,2146525206,176866,2146702072,2,0,0,6656,2,5604500865
3621,2146546183,212988,2146759171,9,0,0,512,9,10583840125
3622,2146563523,147547,2146711070,23,0,0,17920,23,4298864455
3623,2146592750,289070,2146881820,10,0,0,512,10,1015893937
3624,2146596076,566,2146596642,12,0,1,512,12,7330312843
3625,2146605243,64549,2146669792,24,0,0,1536,24,9250335742
3626,2146632636,18631,2146651267,7,0,1,2560,7,10219116776
3627,2146638474,15782,2146654256,21,0,1,12288,21,8768837528
3628,2146639839,16904,2146656743,22,0,1,3584,22,5086625888
3629,2146654528,2561,2146657089,27,0,1,512,27,9136099819
3630,2146689702,69640,2146759342,5,0,0,512,5,9660653913
3631,2146704352,54640,2146758992,29,0,1,3584,29,3740908975
3632,2146720882,144611,2146865493,4,0,0,9728,4,183709173
3633,2146785451,1994,2146787445,11,0,1,2048,11,4241597645
3634,2146791603,50828,2146842431,25,0,0,3072,25,7342891452
3635,2146818913,277577,2147096490,22,0,0,9728,22,9514429335
3636,2146851325,1518,2146852843,17,0,1,1536,17,8588050218
3637,2146871497,156896,2147028393,13,0,0,46592,13,5612477550
3638,2146872145,367757,2147239902,23,0,0,180736,23,557070164
3639,2146890059,5326,2146895385,13,0,1,5632,13,6048205662
3640,2146894870,170822,2147065692,12,0,0,512,12,5741021844
3641,2146904390,53237,2146957627,0,0,1,90112,0,6447468665
3642,2146956109,284744,2147240853,5,0,0,3072,5,8708619779
3643,2146959908,7230,2146967138,4,0,1,7680,4,8921686959
3644,2147027392,249590,2147276982,1,0,0,48640,1,2149409881
3645,2147033380,1518,2147034898,18,0,1,1536,18,52687335
3646,2147058786,100994,2147159780,28,0,0,20992,28,3472746702
3647,2147060055,1994,2147062049,16,0,1,2048,16,3042158062
3648,2147061348,11016,2147072364,12,0,1,17920,12,1848411403
3649,2147066842,189486,2147256328,1,0,0,50688,1,6565234681
3650,2147085585,80035,2147165620,10,0,0,512,10,8017766229
3651,2147088857,244705,2147333562,19,0,0,27136,19,7590953075
3652,2147126429,1518,2147127947,27,0,1,1536,27,9694325182
3653,2147130047,4374,2147134421,2,0,1,4608,2,236175701
3654,2147133585,3422,2147137007,12,0,1,3584,12,2296877950
3655,2147137785,124362,2147262147,18,0,0,18944,18,7395472373
3656,2147139317,229600,2147368917,29,0,0,23552,29,10377772726
3657,2147168878,108639,2147277517,28,0,0,1536,28,10087996163
3658,2147198321,78676,2147276997,29,0,1,1536,29,7517305121
3659,2147214770,62242,2147277012,25,0,1,32256,25,2541739056
3660,2147242272,239573,2147481845,2,0,0,59392,2,6300854246
3661,2147245606,336385,2147581991,20,0,0,84480,20,3790233031
3662,2147280270,225455,2147505725,5,0,0,1024,5,7281783886
3663,2147285355,341108,2147626463,18,0,0,69120,18,4115017978
3664,2147313169,134828,2147447997,20,0,0,3584,20,6509517017
3665,2147321227,122378,2147443605,25,0,0,512,25,7952527965
3666,2147345627,80990,2147426617,25,0,0,512,25,8014546362
3667,2147362278,80175,2147442453,3,0,0,512,3,1124992687
3668,2147377829,211665,2147589494,18,0,0,24576,18,2261007752
3669,2147382713,106416,2147489129,21,0,0,7680,21,9191223039
3670,2147430823,1042,2147431865,11,0,1,1024,11,6384461047
3671,2147445086,1518,2147446604,29,0,1,1536,29,2537692263
3672,2147515028,7230,2147522258,6,0,1,7680,6,3203247516
3673,2147523891,105083,2147628974,22,0,0,8192,22,2131828043
3674,2147530179,172592,2147702771,22,0,0,39424,22,2250546189
3675,2147532362,218649,2147751011,6,0,0,107008,6,3108714077
3676,2147539492,3898,2147543390,4,0,1,4096,4,6894342751
3677,2147550323,45596,2147595919,10,0,0,1024,10,8579960109
3678,2147575549,14979,2147590528,27,0,1,1024,27,3121792099
3679,2147591328,218624,2147809952,17,0,0,1024,17,7818487177
3680,2147602006,54056,2147656062,5,0,0,3584,5,5117269417
3681,2147602702,206923,2147809625,0,0,0,86528,0,8002409730
3682,2147695747,11436,2147707183,25,0,1,11776,25,4305856308
3683,2147722468,33861,2147756329,3,0,1,5632,3,4196258047
3684,2147754340,104611,2147858951,21,0,0,3072,21,3031698283
3685,2147756035,5802,2147761837,17,0,1,6144,17,4291436511
3686,2147767035,2470,2147769505,16,0,1,2560,16,2961689787
3687,2147779647,1518,2147781165,6,0,1,1536,6,9632963743
3688,2147828604,182714,2148011318,1,0,0,26624,1,5345243315
3689,2147863275,75579,2147938854,22,0,0,1536,22,7195170605
3690,2147875797,1042,2147876839,7,0,1,1024,7,7268098783
3691,2147908183,95000,2148003183,26,0,0,22016,26,9563468030
3692,2147909916,4374,2147914290,3,0,1,4608,3,913961244
3693,2147925301,86212,2148011513,15,0,0,512,15,7094104546
3694,2147951908,570,2147952478,16,0,1,512,16,6960631030
3695,2147951953,3570,2147955523,16,0,1,3584,16,1448583259
3696,2147976427,264785,2148241212,2,0,0,136192,2,1543457839
3697,2147999067,16108,2148015175,23,0,1,4096,23,1955980943
3698,2148007874,7967,2148015841,15,0,1,1024,15,5892822287
3699,2148009550,120440,2148129990,4,0,0,5120,4,4397250526
3700,2148025117,113481,2148138598,25,0,0,512,25,2480886932
3701,2148059200,96356,2148155556,4,0,0,16384,4,3735335487
3702,2148085026,156677,2148241703,15,0,0,1536,15,7966921030
3703,2148110737,2946,2148113683,16,0,1,3072,16,8564887787
3704,2148112833,52748,2148165581,0,0,0,3072,0,9363363215
3705,2148120641,566,2148121207,5,0,1,512,5,9960831047
3706,2148130641,152390,2148283031,17,0,0,512,17,8274392198
3707,2148134195,191867,2148326062,4,0,0,49152,4,928223457
3708,2148156444,126408,2148282852,6,0,0,58880,6,8566347857
3709,2148167456,4850,2148172306,0,0,1,5120,0,3064780529
3710,2148225226,63266,2148288492,10,0,0,1536,10,10539869400
3711,2148248734,124646,2148373380,1,0,0,56320,1,5994247271
3712,2148266459,19401,2148285860,2,0,1,8704,2,3033766922
3713,2148285841,47247,2148333088,24,0,0,512,24,4494624245
3714,2148325822,1750,2148327572,20,0,1,1536,20,9839139676
3715,2148326722,1196,2148327918,8,0,1,512,8,6589401895
3716,2148332076,4850,2148336926,27,0,1,5120,27,9186995417
3717,2148355572,43904,2148399476,9,0,0,512,9,9724259630
3718,2148397398,1042,2148398440,17,0,1,1024,17,1069796054
3719,2148407923,3645,2148411568,9,0,1,10240,9,6089510671
3720,2148418015,242163,2148660178,21,0,0,54272,21,9996784915
3721,2148422251,144650,2148566901,24,0,0,512,24,4209730614
3722,2148481951,45596,2148527547,24,0,0,1024,24,150858401
3723,2148514914,47288,2148562202,5,0,0,1536,5,10660327127
3724,2148544583,59598,2148604181,5,0,0,1024,5,2714810209
3725,2148548506,12825,2148561331,18,0,1,21504,18,5272931278
3726,2148613298,74348,2148687646,25,0,0,1024,25,126459071
3727,2148650637,15762,2148666399,20,0,1,15360,20,5244979971
3728,2148703029,1042,2148704071,0,0,1,1024,0,2232756996
3729,2148719290,5802,2148725092,15,0,1,6144,15,8659010276
3730,2148744509,43904,2148788413,7,0,0,512,7,3885269452
3731,2148802124,114183,2148916307,16,0,0,59904,16,1793712334
3732,2148807772,117754,2148925526,22,0,0,30208,22,6777530195
3733,2148813325,129087,2148942412,9,0,0,2048,9,4021378785
3734,2148815114,58690,2148873804,9,0,0,2560,9,6597609815
3735,2148879165,566,2148879731,3,0,1,512,3,2096249855
3736,2149027877,126413,2149154290,13,0,0,92672,13,4857164446
3737,2149031954,231784,2149263738,28,0,0,52736,28,4385303251
3738,2149034690,130691,2149165381,4,0,0,36352,4,2553371694
3739,2149057264,108288,2149165552,9,0,0,512,9,1648933632
3740,2149060889,215685,2149276574,20,0,0,1536,20,3850487270
3741,2149082524,22691,2149105215,25,0,1,37376,25,949343979
3742,2149084102,141465,2149225567,16,0,0,17920,16,9590162607
3743,2149104722,839,2149105561,12,0,1,512,12,9230838365
3744,2149116104,117590,2149233694,4,0,0,26624,4,1789247534
3745,2149167511,159247,2149326758,21,0,0,25088,21,2788568489
3746,2149177884,292932,2149470816,2,0,0,77824,2,5894959992
3747,2149191342,23637,2149214979,25,0,1,42496,25,2580499112
3748,2149244493,62075,2149306568,12,0,0,3072,12,3768984052
3749,2149279337,96871,2149376208,20,0,0,5120,20,6467108225
3750,2149334401,1994,2149336395,29,0,1,2048,29,9789185736
3751,2149346946,243699,2149590645,1,0,0,66048,1,4665654358
3752,2149360158,307085,2149667243,22,0,0,46080,22,5900130483
3753,2149381778,4374,2149386152,10,0,1,4608,10,3336589721
3754,2149433190,3422,2149436612,9,0,1,3584,9,7074902741
3755,2149439115,131391,2149570506,16,0,0,71168,16,5273296689
3756,2149443434,89568,2149533002,7,0,0,1024,7,5676479069
3757,2149443439,27392,2149470831,8,0,1,11776,8,3852075223
3758,2149450949,202239,2149653188,1,0,0,41472,1,4876512518
3759,2149451917,246383,2149698300,29,0,0,96256,29,2042332876
3760,2149466031,7312,2149473343,11,0,1,2560,11,7095699861
3761,2149505297,6754,2149512051,9,0,1,7168,9,8388259497
3762,2149509512,5712,2149515224,0,0,1,14336,0,10375928920
3763,2149516844,204234,2149721078,3,0,0,1024,3,5323842381
3764,2149527953,566,2149528519,21,0,1,512,21,480541042
3765,2149536803,170055,2149706858,21,0,0,14848,21,7070503746
3766,2149539882,273500,2149813382,19,0,0,4608,19,295584987
3767,2149540395,195015,2149735410,2,0,0,10240,2,3492647452
3768,2149545947,1518,2149547465,16,0,1,1536,16,9701061483
3769,2149575137,236826,2149811963,16,0,0,108544,16,6252806483
3770,2149588381,3799,2149592180,9,0,1,1536,9,3528180439
3771,2149593612,4420,2149598032,9,0,1,11776,9,2953201100
3772,2149654150,185503,2149839653,0,0,0,11776,0,4673907875
3773,2149660229,38086,2149698315,0,0,1,15872,0,4811362742
3774,2149718260,51453,2149769713,7,0,0,1536,7,2612865411
3775,2149756708,143936,2149900644,18,0,0,93696,18,10201621734
3776,2149824382,3898,2149828280,21,0,1,4096,21,2984918956
3777,2149826796,6754,2149833550,9,0,1,7168,9,5865055879
3778,2149827827,266560,2150094387,7,0,0,512,7,2945170345
3779,2149914499,3422,2149917921,5,0,1,3584,5,6430029602
3780,2149922101,108680,2150030781,22,0,0,56832,22,4412688049
3781,2149922999,3898,2149926897,2,0,1,4096,2,9918304382
3782,2149971726,178389,2150150115,27,0,0,27136,27,4861859612
3783,2149974304,61163,2150035467,7,0,0,512,7,6783881231
3784,2149989910,16096,2150006006,3,0,1,31232,3,207172767
3785,2150021295,61842,2150083137,15,0,0,3072,15,4806691664
3786,2150048529,144478,2150193007,15,0,0,1024,15,5814430365
3787,2150144068,12317,2150156385,3,0,1,6656,3,6327581751
3788,2150187439,128877,2150316316,19,0,0,20480,19,3242977787
3789,2150218589,35312,2150253901,0,0,1,61952,0,7518321234
3790,2150225820,70826,2150296646,23,0,0,5120,23,7276699619
3791,2150261999,21916,2150283915,25,0,1,35840,25,6823140504
3792,2150285884,6754,2150292638,17,0,1,7168,17,686508502
3793,2150286828,7756,2150294584,21,0,1,3072,21,8381617572
3794,2150321615,4850,2150326465,29,0,1,5120,29,8554100474
3795,2150332512,179314,2150511826,5,0,0,512,5,3984560861
3796,2150354953,1042,2150355995,5,0,1,1024,5,5665905696
3797,2150419866,13083,2150432949,10,0,1,22016,10,10435397563
3798,2150444202,3128,2150447330,9,0,1,9216,9,8940179812
3799,2150458434,3904,2150462338,21,0,1,10752,21,9191633723
3800,2150470184,2870,2150473054,26,0,1,8704,26,9015205835
3801,2150482083,87569,2150569652,20,0,0,16896,20,1663635535
3802,2150484923,210472,2150695395,20,0,0,36864,20,7075604011
3803,2150490313,7230,2150497543,20,0,1,7680,20,10020952892
3804,2150555286,4374,2150559660,5,0,1,4608,5,582579557
3805,2150567645,4869,2150572514,16,0,1,8704,16,7541973245
3806,2150648695,2946,2150651641,4,0,1,3072,4,9826098883
3807,2150695333,3476,2150698809,12,0,1,3584,12,3472799593
3808,2150732499,3422,2150735921,16,0,1,3584,16,10688493383
3809,2150744515,2470,2150746985,12,0,1,2560,12,6275074006
3810,2150745305,159679,2150904984,21,0,0,18944,21,4951437345
3811,2150763322,286292,2151049614,22,0,0,17408,22,9553299003
3812,2150804808,2946,2150807754,26,0,1,3072,26,1910885662
3813,2150821115,2946,2150824061,21,0,1,3072,21,9744304516
3814,2150830477,97604,2150928081,0,0,0,20480,0,3783279831
3815,2150837329,2870,2150840199,23,0,1,8704,23,3026981806
3816,2150838866,89386,2150928252,7,0,0,512,7,10054238706
3817,2150842280,4374,2150846654,16,0,1,4608,16,6306069549
3818,2150871355,4679,2150876034,20,0,1,12288,20,178135212
3819,2150883165,2870,2150886035,5,0,1,8704,5,10724207663
3820,2150888156,246718,2151134874,16,0,0,84480,16,7172461022
3821,2150890735,153381,2151044116,23,0,0,50688,23,5348200244
3822,2150893091,5712,2150898803,26,0,1,14336,26,8443007802
3823,2150930246,1994,2150932240,20,0,1,2048,20,10522751816
3824,2150933234,1042,2150934276,17,0,1,1024,17,8837874984
3825,2150945058,1518,2150946576,18,0,1,1536,18,3418101695
3826,2150954737,89558,2151044295,9,0,0,512,9,3692203165
3827,2150957964,177105,2151135069,12,0,0,512,12,3255271492
3828,2150975869,3898,2150979767,21,0,1,4096,21,7490322715
3829,2151024654,220909,2151245563,21,0,0,99328,21,2045584489
3830,2151026748,147000,2151173748,12,0,0,2048,12,2349428782
3831,2151038312,158488,2151196800,28,0,0,49664,28,6431686415
3832,2151061323,3645,2151064968,21,0,1,10240,21,6129718443
3833,2151085947,6754,2151092701,27,0,1,7168,27,5190344790
3834,2151098780,1042,2151099822,29,0,1,1024,29,420682628
3835,2151111957,269918,2151381875,6,0,0,55808,6,25836624
3836,2151127121,11805,2151138926,5,0,1,4096,5,8366335862
3837,2151127920,130781,2151258701,3,0,0,512,3,3095039606
3838,2151139735,207835,2151347570,16,0,0,28160,16,1398120743
3839,2151158355,6754,2151165109,23,0,1,7168,23,9228946156
3840,2151185776,144168,2151329944,22,0,0,69632,22,2373279095
3841,2151205658,94983,2151300641,15,0,0,2048,15,10113820871
3842,2151210546,233780,2151444326,18,0,0,50176,18,7975175635
3843,2151228427,17694,2151246121,27,0,1,512,27,1030797460
3844,2151265719,2470,2151268189,23,0,1,2560,23,3569916831
3845,2151300963,254615,2151555578,23,0,0,110592,23,5377095719
3846,2151301816,1518,2151303334,18,0,1,1536,18,1175310818
3847,2151310560,144395,2151454955,2,0,0,1024,2,6172208650
3848,2151326642,7223,2151333865,18,0,1,10752,18,10332164444
3849,2151388545,190324,2151578869,16,0,0,23040,16,4922133148
3850,2151398178,46163,2151444341,0,0,1,75776,0,8408860009
3851,2151405495,150270,2151555765,15,0,0,512,15,393569230
3852,2151406291,38065,2151444356,5,0,1,3072,5,8741355260
3853,2151407209,65677,2151472886,9,0,0,512,9,263667709
3854,2151427669,17164,2151444833,11,0,1,10752,11,430140023
3855,2151471883,126894,2151598777,22,0,0,4608,22,9454851901
3856,2151472778,264011,2151736789,7,0,0,512,7,6340980773
3857,2151492185,186336,2151678521,4,0,0,65024,4,5099609091
3858,2151507990,1994,2151509984,4,0,1,2048,4,2335876226
3859,2151527822,31806,2151559628,26,0,1,10752,26,1839254808
3860,2151535067,29735,2151564802,21,0,1,6144,21,252177918
3861,2151564747,1056,2151565803,4,0,1,1024,4,4291982913
3862,2151586479,12313,2151598792,22,0,1,19968,22,6118821252
3863,2151600909,186809,2151787718,16,0,0,9216,16,10245888928
3864,2151615509,140085,2151755594,23,0,0,31232,23,10203450604
3865,2151644159,92444,2151736603,27,0,0,10752,27,262811112
3866,2151649795,109375,2151759170,19,0,0,7680,19,3947122968
3867,2151659885,21098,2151680983,15,0,1,2560,15,108700873
3868,2151688377,48903,2151737280,3,0,0,1536,3,233469763
3869,2151697693,82860,2151780553,21,0,0,7680,21,1833421700
3870,2151711991,143947,2151855938,16,0,0,25600,16,244880980
3871,2151723476,60360,2151783836,22,0,0,1024,22,5019300683
3872,2151729634,6984,2151736618,3,0,1,4096,3,8613142419
3873,2151734924,112184,2151847108,4,0,0,30720,4,4187246595
3874,2151747083,13846,2151760929,17,0,1,5632,17,10038560826
3875,2151750558,13597,2151764155,13,0,1,5120,13,7903491454
3876,2151775594,2470,2151778064,10,0,1,2560,10,3338898009
3877,2151807657,4374,2151812031,21,0,1,4608,21,1694032203
3878,2151820084,71902,2151891986,5,0,0,512,5,10350404703
3879,2151820846,14117,2151834963,0,0,1,24064,0,9998502051
3880,2151832886,47288,2151880174,18,0,0,1536,18,9467086352
3881,2151838754,93607,2151932361,19,0,0,6144,19,1461800111
3882,2151839507,168292,2152007799,21,0,0,35840,21,8548102513
3883,2151847455,87105,2151934560,29,0,0,7168,29,5306065093
3884,2151866503,43904,2151910407,9,0,0,512,9,2200017915
3885,2151871921,121472,2151993393,9,0,0,2560,9,10451130356
3886,2151881275,7706,2151888981,27,0,1,8192,27,4660555421
3887,2151886688,79495,2151966183,23,0,0,5120,23,4729235420
3888,2151898829,566,2151899395,16,0,1,512,16,7628365556
3889,2151921263,213778,2152135041,4,0,0,72192,4,2104443270
3890,2151922489,135850,2152058339,15,0,0,2048,15,9951434088
3891,2151945258,566,2151945824,21,0,1,512,21,4316532360
3892,2151951614,5326,2151956940,10,0,1,5632,10,1971920441
3893,2151967382,4679,2151972061,21,0,1,12288,21,5109126866
3894,2152005945,6696,2152012641,12,0,1,5120,12,7263132699
3895,2152022139,566,2152022705,29,0,1,512,29,9054523279
3896,2152044776,289744,2152334520,13,0,0,26624,13,1446816220
3897,2152062744,215295,2152278039,20,0,0,79872,20,10039630990
3898,2152071867,179997,2152251864,6,0,0,70144,6,9091027276
3899,2152073598,1518,2152075116,11,0,1,1536,11,1457334182
3900,2152074798,5802,2152080600,27,0,1,6144,27,4205189761
3901,2152086237,84789,2152171026,17,0,0,2560,17,10538657732
3902,2152093456,228025,2152321481,26,0,0,37888,26,6157212634
3903,2152099170,210744,2152309914,27,0,0,27648,27,7099207337
3904,2152109929,1994,2152111923,4,0,1,2048,4,1205828971
3905,2152130196,80562,2152210758,23,0,0,9728,23,8903074848
3906,2152204256,566,2152204822,6,0,1,512,6,3191881614
3907,2152230831,66891,2152297722,25,0,0,512,25,1211136925
3908,2152253826,303326,2152557152,1,0,0,80384,1,2387753035
3909,2152286039,566,2152286605,2,0,1,512,2,2676828811
3910,2152303843,228802,2152532645,27,0,0,17920,27,1607265849
3911,2152316276,170961,2152487237,19,0,0,87552,19,5752829226
3912,2152334608,43904,2152378512,10,0,0,512,10,1305813166
3913,2152346782,247339,2152594121,0,0,0,58368,0,6487829999
3914,2152397299,123394,2152520693,28,0,0,24064,28,2211300303
3915,2152432704,236471,2152669175,23,0,0,71680,23,8014176027
3916,2152478255,87810,2152566065,20,0,0,14336,20,2853870296
3917,2152491648,29060,2152520708,0,0,1,45568,0,8849145412
3918,2152494939,25792,2152520731,27,0,1,3584,27,10602489223
3919,2152516872,9024,2152525896,23,0,1,13312,23,7396081328
3920,2152587453,13431,2152600884,23,0,1,7168,23,3527911574
3921,2152593273,170517,2152763790,16,0,0,52224,16,6367691329
3922,2152600274,94654,2152694928,17,0,0,1536,17,544948646
3923,2152650338,25124,2152675462,9,0,1,6656,9,5851955449
3924,2152661208,14920,2152676128,6,0,1,1024,6,9333233999
3925,2152676639,2946,2152679585,4,0,1,3072,4,1433647946
3926,2152713970,138320,2152852290,13,0,0,43008,13,9673342584
3927,2152715014,63175,2152778189,9,0,0,512,9,5490494134
3928,2152804163,132097,2152936260,6,0,0,90624,6,7327532803
3929,2152814480,45596,2152860076,12,0,0,1024,12,1964075723
3930,2152845498,91581,2152937079,3,0,0,2560,3,3194117587
3931,2152847123,92252,2152939375,24,0,0,512,24,9239782206
3932,2152897178,55318,2152952496,3,0,0,512,3,7368042561
3933,2152904462,3898,2152908360,27,0,1,4096,27,383950646
3934,2152916252,88927,2153005179,4,0,0,6656,4,9844720836
3935,2152922155,20685,2152942840,16,0,1,6144,16,7019626095
3936,2152935970,7216,2152943186,10,0,1,512,10,5831853503
3937,2152979887,1042,2152980929,8,0,1,1024,8,8548895580
3938,2152992862,1994,2152994856,17,0,1,2048,17,10643384736
3939,2153005913,3422,2153009335,10,0,1,3584,10,4750855349
3940,2153008904,103688,2153112592,26,0,0,40448,26,9129443769
3941,2153013572,47288,2153060860,3,0,0,1536,3,2466421358
3942,2153017922,94841,2153112763,12,0,0,512,12,4193854693
3943,2153047679,338607,2153386286,9,0,0,3072,9,7468225065
3944,2153054994,6278,2153061272,9,0,1,6656,9,6064263447
3945,2153058073,103957,2153162030,10,0,0,512,10,6052134309
3946,2153067350,77104,2153144454,0,0,1,130048,0,10297152408
3947,2153088818,296019,2153384837,13,0,0,49664,13,1536424719
3948,2153098385,135004,2153233389,22,0,0,512,22,599470011
3949,2153114040,139365,2153253405,1,0,0,10752,1,7478769586
3950,2153138676,93721,2153232397,19,0,0,3584,19,877291506
3951,2153166613,4420,2153171033,6,0,1,11776,6,6906340803
3952,2153182845,2946,2153185791,3,0,1,3072,3,2222192802
3953,2153199077,56308,2153255385,7,0,0,1024,7,1049218563
3954,2153211882,49448,2153261330,26,0,0,3584,26,3216134364
3955,2153230293,100327,2153330620,29,0,0,14848,29,8532697085
3956,2153240505,144830,2153385335,7,0,0,1536,7,4453473036
3957,2153265002,566,2153265568,4,0,1,512,4,6022591127
3958,2153311370,148256,2153459626,3,0,0,1024,3,9103704308
3959,2153357649,169814,2153527463,5,0,0,3584,5,548061114
3960,2153359364,1042,2153360406,17,0,1,1024,17,9143546744
3961,2153367806,17046,2153384852,15,0,1,2048,15,3045031094
3962,2153385591,3163,2153388754,8,0,1,2560,8,7038924178
3963,2153388690,1042,2153389732,29,0,1,1024,29,1222252846
3964,2153414565,49825,2153464390,7,0,0,1536,7,186659317
3965,2153423972,124401,2153548373,25,0,0,512,25,2062113952
3966,2153434508,108548,2153543056,29,0,0,31744,29,2742315736
3967,2153445256,48992,2153494248,7,0,0,2048,7,3000347468
3968,2153456645,12737,2153469382,16,0,1,24576,16,9143886002
3969,2153463933,139500,2153603433,16,0,0,17920,16,9413205345
3970,2153477435,193589,2153671024,25,0,0,512,25,9489145300
3971,2153482335,11274,2153493609,2,0,1,18432,2,679497660
3972,2153482990,11285,2153494275,2,0,1,1024,2,10470165989
3973,2153504837,2470,2153507307,13,0,1,2560,13,7763075645
3974,2153505868,2105,2153507973,2,0,1,1024,2,5273895721
3975,2153515460,91485,2153606945,26,0,0,512,26,9247074759
3976,2153532611,186484,2153719095,16,0,0,47104,16,2239431136
3977,2153553973,4162,2153558135,3,0,1,11264,3,6100270638
3978,2153612348,290594,2153902942,16,0,0,10752,16,9427985596
3979,2153625746,53583,2153679329,25,0,1,87552,25,3555858003
3980,2153646899,34696,2153681595,26,0,1,3584,26,5859854207
3981,2153649775,36326,2153686101,27,0,1,7168,27,243832351
3982,2153664531,289633,2153954164,21,0,0,51712,21,6161148761
3983,2153673148,15219,2153688367,8,0,1,3584,8,1987498347
3984,2153673958,215026,2153888984,23,0,0,48128,23,1082515355
3985,2153674749,15564,2153690313,20,0,1,3072,20,973766487
3986,2153679629,15830,2153695459,16,0,1,8192,16,3103053579
3987,2153707690,14360,2153722050,10,0,1,3072,10,6880168956
3988,2153708854,195422,2153904276,13,0,0,2560,13,1020410122
3989,2153756383,222459,2153978842,21,0,0,71680,21,9490630379
3990,2153758275,198712,2153956987,6,0,0,9216,6,8184054194
3991,2153762409,216604,2153979013,12,0,0,512,12,1955912935
3992,2153773200,33850,2153807050,25,0,1,55808,25,7339565234
3993,2153796227,198525,2153994752,6,0,0,5632,6,7568704490
3994,2153802753,9443,2153812196,16,0,1,8192,16,7226300366
3995,2153817242,104700,2153921942,3,0,0,1024,3,4965313647
3996,2153828916,501064,2154329980,18,0,0,16384,18,3203755029
3997,2153830849,209073,2154039922,6,0,0,54784,6,4741955675
3998,2153844106,3898,2153848004,4,0,1,4096,4,4168489596
3999,2153847209,298151,2154145360,13,0,0,39936,13,6083675217
4000,2153859019,7230,2153866249,23,0,1,7680,23,9386187552
4001,2153912254,3422,2153915676,5,0,1,3584,5,7128773338
4002,2153913923,2099,2153916022,4,0,1,512,4,3666057506
4003,2153926556,114161,2154040717,17,0,0,2560,17,1228845127
4004,2153932072,233952,2154166024,16,0,0,57344,16,2000466878
4005,2153935407,1994,2153937401,5,0,1,2048,5,4006326746
4006,2153955932,333606,2154289538,28,0,0,66560,28,5124667036
4007,2153956329,27092,2153983421,3,0,1,4608,3,9555443760
4008,2153969723,14684,2153984407,20,0,1,1536,20,6067462842
4009,2153984879,64961,2154049840,3,0,0,512,3,5723697582
4010,2153992676,247031,2154239707,6,0,0,158208,6,456694806
4011,2153997295,352579,2154349874,2,0,0,1024,2,55747552
4012,2154009729,315244,2154324973,0,0,0,116224,0,3872611537
4013,2154012802,60866,2154073668,0,0,1,98304,0,8340174927
4014,2154026480,49134,2154075614,21,0,1,3072,21,3429194000
4015,2154038060,365887,2154403947,4,0,0,17408,4,6461964880
4016,2154043431,32337,2154075768,11,0,1,8704,11,1395714850
4017,2154087858,1994,2154089852,26,0,1,2048,26,2447998103
4018,2154088312,296171,2154384483,16,0,0,59392,16,8491522654
4019,2154129099,62158,2154191257,0,0,1,100864,0,4583530247
4020,2154169725,333486,2154503211,28,0,0,51712,28,7735995801
4021,2154169730,297490,2154467220,18,0,0,38912,18,5329184030
4022,2154200812,371285,2154572097,6,0,0,59904,6,10085778333
4023,2154238622,4048,2154242670,18,0,1,3072,18,812982297
4024,2154270170,133948,2154404118,9,0,0,512,9,9503812585
4025,2154351771,3898,2154355669,18,0,1,4096,18,10052376517
4026,2154363689,208891,2154572580,17,0,0,1536,17,5354432236
4027,2154405222,62169,2154467391,17,0,0,512,17,1356524419
4028,2154406750,104552,2154511302,17,0,0,512,17,7535102484
4029,2154450335,1042,2154451377,13,0,1,1024,13,3786198037
4030,2154451046,176614,2154627660,15,0,0,74240,15,6306105956
4031,2154470120,320857,2154790977,16,0,0,176128,16,6027547297
4032,2154507024,3387,2154510411,16,0,1,9728,16,6337022096
4033,2154512534,192658,2154705192,22,0,0,512,22,9953483372
4034,2154558076,20298,2154578374,23,0,1,6144,23,2912556163
4035,2154608146,106927,2154715073,10,0,0,1024,10,3804951263
4036,2154617192,94653,2154711845,7,0,0,512,7,3701591889
4037,2154629302,11274,2154640576,17,0,1,18432,17,10441402180
4038,2154639784,83036,2154722820,21,0,0,11264,21,8573303150
4039,2154650667,140637,2154791304,25,0,0,1024,25,3560476089
4040,2154685114,227952,2154913066,18,0,0,119808,18,10710909889
4041,2154693345,2946,2154696291,5,0,1,3072,5,7834537911
4042,2154724807,99395,2154824202,4,0,0,5120,4,5437089332
4043,2154765551,79093,2154844644,2,0,0,512,2,4657859388
4044,2154786675,11400,2154798075,3,0,1,7168,3,536834482
4045,2154839959,7706,2154847665,27,0,1,8192,27,851833119
4046,2154856525,86516,2154943041,15,0,0,14336,15,9629907298
4047,2154869118,99632,2154968750,20,0,0,27136,20,8109945974
4048,2154912937,65281,2154978218,7,0,0,512,7,10518833923
4049,2154951977,5802,2154957779,10,0,1,6144,10,4368783062
4050,2154968687,43959,2155012646,2,0,0,512,2,6873465619
4051,2154984575,68996,2155053571,20,0,0,12288,20,6254724660
4052,2154993472,128127,2155121599,20,0,0,74240,20,3281299263
4053,2155030324,4679,2155035003,21,0,1,12288,21,6132468740
4054,2155039593,44205,2155083798,9,0,0,512,9,3412763339
4055,2155051290,4267,2155055557,17,0,1,2048,17,9243874881
4056,2155100653,82590,2155183243,5,0,0,512,5,7026667302
4057,2155108420,227860,2155336280,4,0,0,205824,4,8250145360
4058,2155111586,11097,2155122683,27,0,1,1024,27,1695850859
4059,2155130048,3645,2155133693,21,0,1,10240,21,10732837656
4060,2155143856,305944,2155449800,16,0,0,103424,16,1315118565
4061,2155172786,173189,2155345975,20,0,0,31744,20,2076954912
4062,2155175541,171544,2155347085,12,0,0,512,12,6847098662
4063,2155186924,3898,2155190822,12,0,1,4096,12,1324512371
4064,2155217701,6754,2155224455,2,0,1,7168,2,5990266481
4065,2155234847,159560,2155394407,24,0,0,1024,24,6300116540
4066,2155260828,566,2155261394,8,0,1,512,8,2564560435
4067,2155265471,1042,2155266513,17,0,1,1024,17,7341889630
4068,2155269988,124084,2155394072,26,0,0,17408,26,7542024177
4069,2155291937,61728,2155353665,26,0,1,8192,26,2851049433
4070,2155332748,24143,2155356891,27,0,1,5120,27,3261292967
4071,2155341874,200750,2155542624,1,0,0,79872,1,4627468012
4072,2155362057,119711,2155481768,17,0,0,512,17,1137829889
4073,2155374491,207613,2155582104,23,0,0,48128,23,647070461
4074,2155376769,3422,2155380191,9,0,1,3584,9,5540295400
4075,2155378546,134277,2155512823,9,0,0,1024,9,1820596990
4076,2155391649,5187,2155396836,24,0,1,2560,24,9451968828
4077,2155431275,160984,2155592259,22,0,0,33280,22,10290960468
4078,2155457779,174566,2155632345,24,0,0,3072,24,487164493
4079,2155467084,566,2155467650,18,0,1,512,18,6274850236
4080,2155480597,3904,2155484501,3,0,1,10752,3,6437336355
4081,2155486387,71790,2155558177,18,0,0,2560,18,3367355100
4082,2155490385,134861,2155625246,16,0,0,14336,16,1249684969
4083,2155585592,8177,2155593769,3,0,1,1536,3,4914833425
4084,2155593192,2946,2155596138,10,0,1,3072,10,3567661000
4085,2155593938,229914,2155823852,26,0,0,57856,26,5821357027
4086,2155623586,140656,2155764242,13,0,0,29696,13,7017465560
4087,2155637665,52364,2155690029,25,0,0,3072,25,7835796390
4088,2155650743,80308,2155731051,17,0,0,1024,17,6873479014
4089,2155658831,43904,2155702735,5,0,0,512,5,9400239321
4090,2155661817,62764,2155724581,24,0,0,512,24,10709551498
4091,2155666645,129930,2155796575,2,0,0,1024,2,5631615020
4092,2155686739,6278,2155693017,20,0,1,6656,20,431963381
4093,2155696848,295627,2155992475,18,0,0,64000,18,4910824086
4094,2155699011,105582,2155804593,20,0,0,19456,20,1827807424
4095,2155713213,51200,2155764413,2,0,0,512,2,1146017176
4096,2155715150,121041,2155836191,27,0,0,40448,27,1489680446
4097,2155717624,566,2155718190,10,0,1,512,10,3791538762
4098,2155863985,45596,2155909581,3,0,0,1024,3,4664552648
4099,2155889861,113401,2156003262,28,0,0,35328,28,5165542468
4100,2155916750,2470,2155919220,20,0,1,2560,20,7338332638
4101,2155922924,95555,2156018479,27,0,0,10240,27,7638835828
4102,2155953894,64912,2156018806,3,0,0,1024,3,3078752187
4103,2155963592,56999,2156020591,3,0,0,2048,3,2281093756
4104,2155980600,159535,2156140135,6,0,0,94720,6,6398032469
4105,2156007505,1994,2156009499,5,0,1,2048,5,2584888930
4106,2156022103,1518,2156023621,11,0,1,1536,11,1668184947
4107,2156038904,16613,2156055517,9,0,1,32256,9,5792812529
4108,2156042544,18772,2156061316,2,0,1,19456,2,815069212
4109,2156070020,110168,2156180188,20,0,0,6144,20,6269411308
4110,2156088171,10241,2156098412,26,0,1,16384,26,8864770557
4111,2156099312,2470,2156101782,26,0,1,2560,26,7564910534
4112,2156103243,51880,2156155123,9,0,0,512,9,6810808547
4113,2156110098,30052,2156140150,25,0,1,7680,25,2666276446
4114,2156133687,10875,2156144562,17,0,1,11776,17,10202211636
4115,2156179785,1913,2156181698,4,0,1,1536,4,2830609943
4116,2156216040,49040,2156265080,2,0,0,512,2,3605142336
4117,2156218970,3422,2156222392,11,0,1,3584,11,121839964
4118,2156226293,2946,2156229239,10,0,1,3072,10,8752736106
4119,2156236213,48980,2156285193,12,0,0,2048,12,511559434
4120,2156263339,5712,2156269051,17,0,1,14336,17,7603606721
4121,2156308445,43904,2156352349,25,0,0,512,25,5504485447
4122,2156354611,50672,2156405283,10,0,0,2560,10,4138123786
4123,2156369516,1994,2156371510,11,0,1,2048,11,9798449045
4124,2156412313,90212,2156502525,1,0,0,16384,1,5554437762
4125,2156475110,3128,2156478238,3,0,1,9216,3,6241199354
4126,2156480678,1518,2156482196,21,0,1,1536,21,6738201916
4127,2156486639,63512,2156550151,17,0,0,1536,17,10653270885
4128,2156491581,143933,2156635514,25,0,1,233472,25,4505705762
4129,2156519809,236333,2156756142,7,0,0,512,7,713436279
4130,2156520864,329232,2156850096,0,0,0,80896,0,1800297530
4131,2156544283,92217,2156636500,15,0,1,1536,15,6706694589
4132,2156569184,73217,2156642401,3,0,1,19968,3,6346775459
4133,2156572680,105639,2156678319,12,0,0,1536,12,2429294578
4134,2156589207,213542,2156802749,23,0,0,40960,23,2028155654
4135,2156593794,341010,2156934804,3,0,0,1024,3,4048852525
4136,2156647354,3904,2156651258,27,0,1,4096,27,10603016841
4137,2156651227,6278,2156657505,21,0,1,6656,21,2843612372
4138,2156678845,301574,2156980419,22,0,0,40448,22,7863509814
4139,2156716272,1518,2156717790,22,0,1,1536,22,2197128043
4140,2156732351,203614,2156935965,2,0,0,1536,2,653799563
4141,2156752262,63393,2156815655,17,0,0,1536,17,4953505105
4142,2156764435,200576,2156965011,29,0,0,12288,29,8917648189
4143,2156790527,12780,2156803307,18,0,1,512,18,361950713
4144,2156822824,27287,2156850111,0,0,1,5632,0,8315384496
4145,2156835718,14968,2156850686,6,0,1,512,6,5554261509
4146,2156839745,94732,2156934477,19,0,0,11776,19,958721927
4147,2156922927,60342,2156983269,25,0,0,512,25,2813862976
4148,2156938729,3422,2156942151,11,0,1,3584,11,2096993015
4149,2156956171,3422,2156959593,12,0,1,3584,12,3119136255
4150,2156966540,13894,2156980434,23,0,1,5120,23,2373106259
4151,2156982786,226785,2157209571,27,0,0,62464,27,4936225568
4152,2156984623,72668,2157057291,15,0,0,9216,15,7493441350
4153,2157002597,233938,2157236535,21,0,0,14848,21,6222737986
4154,2157005827,2946,2157008773,3,0,1,3072,3,4615107025
4155,2157055315,198698,2157254013,2,0,0,512,2,5375376192
4156,2157057801,7706,2157065507,20,0,1,8192,20,2518696702
4157,2157066671,2946,2157069617,25,0,1,3072,25,8177099763
4158,2157073426,7230,2157080656,15,0,1,7680,15,4701312078
4159,2157080467,129914,2157210381,9,0,0,2560,9,551087045
4160,2157100431,47288,2157147719,4,0,0,1536,4,3795837229
4161,2157121465,135776,2157257241,17,0,0,1024,17,8007270980
4162,2157125459,14804,2157140263,24,0,1,28672,24,5556096154
4163,2157145241,2493,2157147734,4,0,1,2560,4,1232030674
4164,2157186550,23036,2157209586,29,0,1,8192,29,2922544343
4165,2157219560,21399,2157240959,25,0,1,34816,25,1616240445
4166,2157222773,69960,2157292733,6,0,0,6144,6,2095497605
4167,2157267800,3898,2157271698,8,0,1,4096,8,9606672915
4168,2157272253,127407,2157399660,21,0,0,78336,21,10043524467
4169,2157283960,5802,2157289762,4,0,1,6144,4,10061278303
4170,2157297429,73487,2157370916,25,0,1,122880,25,3796335465
4171,2157311498,88185,2157399683,18,0,1,20480,18,10549344208
4172,2157355318,275324,2157630642,0,0,0,38912,0,5293187276
4173,2157357111,163185,2157520296,10,0,0,512,10,3793433231
4174,2157376776,23968,2157400744,11,0,1,1024,11,6323072539
4175,2157380354,26148,2157406502,0,0,1,15872,0,1046803391
4176,2157399602,186481,2157586083,5,0,0,1024,5,3839513559
4177,2157401453,184303,2157585756,23,0,0,38912,23,9815817491
4178,2157413532,121995,2157535527,0,0,0,45568,0,3874786624
4179,2157439565,132097,2157571662,21,0,0,6656,21,362412526
4180,2157457065,227739,2157684804,18,0,0,18944,18,9686948578
4181,2157466753,566,2157467319,11,0,1,512,11,3888352561
4182,2157510074,3898,2157513972,13,0,1,4096,13,379379048
4183,2157525326,14567,2157539893,17,0,1,4608,17,1030236824
4184,2157541252,5326,2157546578,13,0,1,5632,13,608348980
4185,2157545097,6229,2157551326,12,0,1,15360,12,6746291813
4186,2157551078,6488,2157557566,2,0,1,15872,2,7393654457
4187,2157593075,112888,2157705963,10,0,0,1024,10,5720807272
4188,2157594144,3898,2157598042,4,0,1,4096,4,5616994307
4189,2157602082,1518,2157603600,6,0,1,1536,6,7484050970
4190,2157644364,7230,2157651594,2,0,1,7680,2,2772502585
4191,2157697791,109148,2157806939,13,0,0,58368,13,7481721696
4192,2157706118,291140,2157997258,15,0,0,39936,15,3175201660
4193,2157713657,98913,2157812570,1,0,0,18432,1,10297013508
4194,2157727339,2870,2157730209,16,0,1,8704,16,1865308838
4195,2157729157,83584,2157812741,3,0,0,512,3,5674801094
4196,2157730005,83219,2157813224,25,0,0,1536,25,5664145001
4197,2157748402,86654,2157835056,2,0,0,1024,2,7277331519
4198,2157837528,2946,2157840474,27,0,1,3072,27,4033363244
4199,2157841318,137184,2157978502,22,0,0,55808,22,4046825439
4200,2157848219,10241,2157858460,24,0,1,16384,24,6586539813
4201,2157875022,1042,2157876064,4,0,1,1024,4,2784746271
4202,2157910450,183435,2158093885,22,0,0,21504,22,7565113109
4203,2157929851,1994,2157931845,27,0,1,2048,27,7101868457
4204,2157948173,49568,2157997741,3,0,0,1536,3,9313469042
4205,2157951143,136175,2158087318,0,0,0,35840,0,6889956525
4206,2157962943,16593,2157979536,2,0,1,1024,2,5687432356
4207,2158009376,185823,2158195199,0,0,0,111104,0,7276712305
4208,2158010598,3898,2158014496,5,0,1,4096,5,5337391801
4209,2158065211,5326,2158070537,12,0,1,5632,12,5404104484
4210,2158102685,177924,2158280609,16,0,0,25088,16,7399110844
4211,2158149927,138547,2158288474,7,0,0,1024,7,10040294300
4212,2158153133,4420,2158157553,23,0,1,11776,23,4874541808
4213,2158154584,40630,2158195214,5,0,1,5120,5,3347458374
4214,2158164472,311215,2158475687,5,0,0,1536,5,612892410
4215,2158209581,249144,2158458725,28,0,0,27648,28,2382646764
4216,2158213490,235799,2158449289,23,0,0,14336,23,5957821766
4217,2158220836,566,2158221402,16,0,1,512,16,3200787005
4218,2158229879,116177,2158346056,16,0,0,22528,16,9110307496
4219,2158264127,85532,2158349659,26,0,0,11776,26,2668324710
4220,2158266985,2470,2158269455,20,0,1,2560,20,10641641488
4221,2158277766,285197,2158562963,6,0,0,237568,6,9446174059
4222,2158297757,278192,2158575949,23,0,0,21504,23,1466589079
4223,2158343257,10810,2158354067,4,0,1,4608,4,6465719610
4224,2158343560,225822,2158569382,21,0,0,20992,21,9497243205
4225,2158349627,337680,2158687307,0,0,0,44032,0,1894369375
4226,2158365221,267464,2158632685,27,0,0,64512,27,8473953066
4227,2158384663,224049,2158608712,20,0,0,40448,20,9977012881
4228,2158389388,351570,2158740958,6,0,0,130560,6,2415464018
4229,2158392140,566,2158392706,18,0,1,512,18,7234974816
4230,2158409135,1994,2158411129,12,0,1,2048,12,5251960705
4231,2158418933,324544,2158743477,17,0,0,8192,17,7277357422
4232,2158428107,566,2158428673,23,0,1,512,23,4915515392
4233,2158446747,11993,2158458740,17,0,1,6144,17,8180419121
4234,2158456451,135060,2158591511,0,0,0,21504,0,9437761476
4235,2158472842,218109,2158690951,5,0,0,2560,5,604851560
4236,2158491080,88851,2158579931,2,0,1,4096,2,1913119510
4237,2158514856,173848,2158688704,5,0,0,1024,5,3570411512
4238,2158522684,262776,2158785460,19,0,0,48640,19,3691757973
4239,2158536705,45172,2158581877,3,0,1,3072,3,8870516628
4240,2158543097,144864,2158687961,25,0,0,512,25,7137790038
4241,2158549422,138368,2158687790,7,0,0,1536,7,10326908455
4242,2158609119,303688,2158912807,18,0,0,23552,18,10637895042
4243,2158614413,189281,2158803694,22,0,0,31744,22,5387437756
4244,2158631867,112273,2158744140,9,0,0,2048,9,5579915220
4245,2158644171,52291,2158696462,25,0,1,84992,25,8927510625
4246,2158654066,315915,2158969981,29,0,0,33280,29,8661251238
4247,2158698527,1042,2158699569,22,0,1,1024,22,4525521097
4248,2158704360,247990,2158952350,19,0,0,26112,19,6871939924
4249,2158721827,119823,2158841650,27,0,0,25600,27,6074435107
4250,2158727530,21506,2158749036,6,0,1,12800,6,3064045149
4251,2158729750,241198,2158970948,15,0,0,3072,15,5400437373
4252,2158754693,182203,2158936896,16,0,0,58368,16,7835145374
4253,2158776643,14263,2158790906,16,0,1,13824,16,5710631349
4254,2158786311,6272,2158792583,9,0,1,8704,9,6511978139
4255,2158793670,10047,2158803717,25,0,1,9728,25,4032720084
4256,2158794300,202033,2158996333,16,0,0,18944,16,411123629
4257,2158809810,1042,2158810852,5,0,1,1024,5,683789492
4258,2158820208,202648,2159022856,5,0,0,1536,5,2128614622
4259,2158832558,9107,2158841665,13,0,1,4096,13,5710611193
4260,2158878424,79610,2158958034,1,0,0,5632,1,9878274016
4261,2158900118,12704,2158912822,3,0,1,6656,3,1872108670
4262,2158963326,9099,2158972425,27,0,1,1536,27,6793740653
4263,2158963878,220487,2159184365,0,0,0,41984,0,4296673358
4264,2158994063,6636,2159000699,8,0,1,4608,8,2744042455
4265,2158997197,4808,2159002005,23,0,1,2048,23,8522359196
4266,2159008976,4850,2159013826,23,0,1,5120,23,1194635954
4267,2159027228,104828,2159132056,4,0,0,16384,4,819633405
4268,2159054338,5802,2159060140,8,0,1,6144,8,9323515617
4269,2159066988,122384,2159189372,29,0,0,16384,29,3837814393
4270,2159067672,3387,2159071059,20,0,1,9728,20,10534256833
4271,2159132470,98999,2159231469,23,0,0,11776,23,6133991460
4272,2159183648,187305,2159370953,9,0,0,2560,9,10696922095
4273,2159196564,143144,2159339708,26,0,0,134656,26,9875197204
4274,2159234966,112638,2159347604,3,0,0,2048,3,3011156295
4275,2159235733,134425,2159370158,21,0,0,36864,21,9890084713
4276,2159237276,3904,2159241180,18,0,1,10752,18,740558832
4277,2159283794,2470,2159286264,2,0,1,2560,2,9904858327
4278,2159295416,44307,2159339723,15,0,1,5120,15,6462109323
4279,2159309748,75719,2159385467,3,0,0,1536,3,4381694269
4280,2159318019,71604,2159389623,2,0,0,1536,2,8461001123
4281,2159338206,4029,2159342235,13,0,1,2560,13,3307061305
4282,2159342713,2870,2159345583,26,0,1,8704,26,8100972243
4283,2159371406,2470,2159373876,22,0,1,2560,22,5969061977
4284,2159383748,338909,2159722657,0,0,0,16896,0,280127172
4285,2159391069,47288,2159438357,24,0,0,1536,24,726870152
4286,2159404872,155407,2159560279,21,0,0,19456,21,8598309481
4287,2159411051,75021,2159486072,3,0,0,1024,3,10099006844
4288,2159411093,1042,2159412135,17,0,1,1024,17,8639909925
4289,2159416887,45596,2159462483,24,0,0,1024,24,9798726613
4290,2159424410,4374,2159428784,5,0,1,4608,5,5410530713
4291,2159453934,247711,2159701645,17,0,0,23552,17,5247764446
4292,2159467578,7230,2159474808,3,0,1,7680,3,17489677
4293,2159479852,104763,2159584615,19,0,0,33792,19,7326825399
4294,2159506808,1042,2159507850,20,0,1,1024,20,2420250455
4295,2159508324,159613,2159667937,21,0,0,74240,21,1841827747
4296,2159511439,91518,2159602957,21,0,0,7168,21,6570676099
4297,2159514925,72045,2159586970,29,0,0,7680,29,6171838874
4298,2159516994,160783,2159677777,20,0,0,10752,20,1089607870
4299,2159556779,111329,2159668108,2,0,0,512,2,417551124
4300,2159582777,9987,2159592764,9,0,1,6144,9,7258864422
4301,2159606917,189522,2159796439,20,0,0,20992,20,7339910588
4302,2159615716,5802,2159621518,26,0,1,6144,26,6457020115
4303,2159626589,566,2159627155,9,0,1,512,9,3709451447
4304,2159643243,108296,2159751539,25,0,0,512,25,2643232036
4305,2159659320,9346,2159668666,24,0,1,512,24,5305532297
4306,2159672292,89221,2159761513,24,0,0,1024,24,8274250523
4307,2159696424,8159,2159704583,26,0,1,3072,26,8880879486
4308,2159716773,566,2159717339,5,0,1,512,5,10563276395
4309,2159725427,2946,2159728373,6,0,1,3072,6,7063411415
4310,2159731433,146877,2159878310,15,0,0,35328,15,6263724951
4311,2159753759,5802,2159759561,22,0,1,6144,22,4968086789
4312,2159796560,136498,2159933058,23,0,0,48128,23,7333267006
4313,2159813650,3422,2159817072,5,0,1,3584,5,927282990
4314,2159821738,21658,2159843396,0,0,1,35328,0,1845965849
4315,2159822705,22637,2159845342,18,0,1,3072,18,9788147795
4316,2159848371,7230,2159855601,29,0,1,7680,29,961588066
4317,2159850692,43009,2159893701,25,0,1,70144,25,8132729372
4318,2159855343,153921,2160009264,25,0,0,1536,25,7653956174
4319,2159867443,27244,2159894687,0,0,1,1536,0,501304037
4320,2159877244,100514,2159977758,2,0,0,512,2,902212399
4321,2159883880,12113,2159895993,26,0,1,2048,26,3420076666
4322,2159905074,304272,2160209346,0,0,0,25600,0,2295059405
4323,2159947132,235483,2160182615,1,0,0,76800,1,3095292444
4324,2159952008,1994,2159954002,16,0,1,2048,16,17549244
4325,2159969282,64744,2160034026,12,0,0,1024,12,7619532968
4326,2159984551,93925,2160078476,2,0,0,1024,2,7441481018
4327,2159997124,47288,2160044412,3,0,0,1536,3,5250854312
4328,2160002082,45596,2160047678,1,0,0,1024,1,9245046041
4329,2160049888,2946,2160052834,27,0,1,3072,27,8502707333
4330,2160055782,3645,2160059427,2,0,1,10240,2,3128154522
4331,2160107977,566,2160108543,5,0,1,512,5,5461456129
4332,2160163946,92555,2160256501,28,0,0,6656,28,640534613
4333,2160168696,19755,2160188451,29,0,1,6144,29,868862091
4334,2160174567,56864,2160231431,9,0,0,1536,9,2281687697
4335,2160192778,4374,2160197152,18,0,1,4608,18,864508757
4336,2160245535,154536,2160400071,22,0,0,124928,22,9925337136
4337,2160246817,67910,2160314727,0,0,0,6144,0,5276464249
4338,2160251306,90669,2160341975,24,0,0,1536,24,553679867
4339,2160258167,5326,2160263493,4,0,1,5632,4,4991817904
4340,2160272016,136305,2160408321,4,0,0,6144,4,4428636241
4341,2160336842,79227,2160416069,4,0,0,18432,4,4092528362
4342,2160347728,158467,2160506195,19,0,0,101376,19,9232239211
4343,2160354670,109832,2160464502,6,0,0,6656,6,2353658926
4344,2160359371,153139,2160512510,26,0,0,7168,26,5061265583
4345,2160361085,39001,2160400086,16,0,1,1024,16,8156634431
4346,2160367431,38925,2160406356,4,0,1,6656,4,4184955462
4347,2160406310,187458,2160593768,2,0,0,512,2,10685745584
4348,2160435091,137959,2160573050,16,0,0,44544,16,3822483855
4349,2160452772,60377,2160513149,24,0,0,2048,24,4007493644
4350,2160458768,67940,2160526708,7,0,0,512,7,8401405928
4351,2160476416,33175,2160509591,20,0,1,9728,20,5649046153
4352,2160479861,122049,2160601910,26,0,0,15360,26,1356450488
4353,2160549927,47288,2160597215,3,0,0,1536,3,3177063686
4354,2160550889,82149,2160633038,0,0,1,133120,0,1518622462
4355,2160560060,73964,2160634024,27,0,1,1536,27,8895247055
4356,2160561414,127581,2160688995,20,0,0,19968,20,6319372284
4357,2160579039,93661,2160672700,0,0,0,11776,0,3806073444
4358,2160587684,49886,2160637570,12,0,1,5632,12,205446590
4359,2160643155,140984,2160784139,17,0,0,512,17,5129859835
4360,2160653913,1994,2160655907,6,0,1,2048,6,4262759855
4361,2160663966,136507,2160800473,4,0,0,10752,4,8978888290
4362,2160664032,8683,2160672715,24,0,1,15872,24,4063401590
4363,2160676756,104436,2160781192,10,0,0,1536,10,8222231577
4364,2160701638,209311,2160910949,2,0,0,512,2,1647975879
4365,2160718337,170937,2160889274,6,0,0,41472,6,1386774515
4366,2160731654,75554,2160807208,25,0,1,126976,25,3460885215
4367,2160744178,64976,2160809154,20,0,1,3072,20,9935984001
4368,2160745225,66195,2160811420,17,0,1,3584,17,1733865626
4369,2160746699,164839,2160911538,12,0,0,512,12,7877429100
4370,2160754346,62771,2160817117,8,0,1,18944,8,8415485124
4371,2160785526,376366,2161161892,20,0,0,135680,20,6529987860
4372,2160797636,67312,2160864948,25,0,1,105472,25,2616150766
4373,2160808805,60329,2160869134,9,0,1,6656,9,10729216831
4374,2160828159,42563,2160870722,16,0,1,15872,16,9790556424
4375,2160830048,153391,2160983439,13,0,0,21504,13,5059080412
4376,2160919259,4850,2160924109,16,0,1,5120,16,4952536916
4377,2160947752,1042,2160948794,23,0,1,1024,23,6183286451
4378,2160967290,221200,2161188490,1,0,0,35328,1,9693330062
4379,2161012910,566,2161013476,12,0,1,512,12,9796818636
4380,2161046091,260596,2161306687,0,0,0,32256,0,2668481625
4381,2161081743,1042,2161082785,3,0,1,1024,3,5531680077
4382,2161082626,189567,2161272193,15,0,0,75264,15,887611686
4383,2161083313,4679,2161087992,15,0,1,12288,15,6009873378
4384,2161112054,78705,2161190759,12,0,0,512,12,4720352758
4385,2161113689,4679,2161118368,22,0,1,12288,22,1056986880
4386,2161124422,38980,2161163402,18,0,1,1536,18,4443199654
4387,2161188733,120621,2161309354,1,0,0,8704,1,8124071032
4388,2161227665,94424,2161322089,10,0,0,1024,10,2607570424
4389,2161249869,26214,2161276083,24,0,1,4096,24,6981347529
4390,2161301881,52338,2161354219,12,0,0,512,12,4409719700
4391,2161308009,4308,2161312317,9,0,1,3072,9,8330215207
4392,2161355741,113217,2161468958,4,0,0,22528,4,10547090117
4393,2161357812,43904,2161401716,12,0,0,512,12,6642360028
4394,2161394412,110498,2161504910,13,0,0,24576,13,767439561
4395,2161412389,12566,2161424955,4,0,1,20992,4,4643916112
4396,2161413834,101356,2161515190,17,0,0,16384,17,5614511486
4397,2161452090,3645,2161455735,24,0,1,10240,24,6231483538
4398,2161458529,96848,2161555377,4,0,0,23040,4,9326751726
4399,2161461260,65116,2161526376,25,0,0,512,25,2385383253
4400,2161504813,74006,2161578819,13,0,0,3072,13,5013443845
4401,2161526628,32558,2161559186,0,0,1,53248,0,8750362742
4402,2161568001,4374,2161572375,8,0,1,4608,8,5749525689
4403,2161576418,12995,2161589413,12,0,1,25088,12,10051547950
4404,2161585117,268808,2161853925,4,0,0,14848,4,10116042323
4405,2161589433,4850,2161594283,0,0,1,5120,0,9766579821
4406,2161605090,145449,2161750539,6,0,0,20992,6,9436139334
4407,2161612665,75028,2161687693,23,0,0,7680,23,845765686
4408,2161622891,47288,2161670179,24,0,0,1536,24,10425582078
4409,2161624985,1042,2161626027,11,0,1,1024,11,10341694906
4410,2161638819,7230,2161646049,21,0,1,7680,21,6905428064
4411,2161674088,99897,2161773985,13,0,0,19456,13,1424002283
4412,2161682746,94802,2161777548,10,0,0,512,10,5946580331
4413,2161693589,112573,2161806162,24,0,0,2560,24,7470457443
4414,2161698939,6754,2161705693,6,0,1,7168,6,2003253850
4415,2161729382,120004,2161849386,19,0,0,37376,19,1860406932
4416,2161751546,47288,2161798834,5,0,0,1536,5,1633447471
4417,2161772325,89823,2161862148,18,0,0,15360,18,6637878859
4418,2161778146,47363,2161825509,5,0,0,1536,5,6645443211
4419,2161801998,13512,2161815510,20,0,1,26112,20,5211144328
4420,2161804310,256037,2162060347,29,0,0,33280,29,5650819871
4421,2161810783,144996,2161955779,26,0,0,48128,26,3084693571
4422,2161855239,131942,2161987181,17,0,0,12288,17,3149719199
4423,2161872487,117552,2161990039,12,0,0,2048,12,387657742
4424,2161873990,95624,2161969614,0,0,0,24064,0,7415488172
4425,2161925609,5326,2161930935,5,0,1,5632,5,3749061275
4426,2161942038,141576,2162083614,20,0,0,76288,20,2883776859
4427,2161960484,178217,2162138701,16,0,0,62464,16,1569825082
4428,2161964352,7741,2161972093,12,0,1,2560,12,483819994
4429,2161965662,6777,2161972439,26,0,1,512,26,6411548959
4430,2161977309,566,2161977875,3,0,1,512,3,5013396741
4431,2161987056,227479,2162214535,23,0,0,78336,23,9266262247
4432,2161988375,234302,2162222677,22,0,0,4608,22,281388104
4433,2162014857,92300,2162107157,12,0,0,512,12,7365605032
4434,2162033846,187412,2162221258,22,0,0,22016,22,1144827687
4435,2162052639,44446,2162097085,29,0,1,26112,29,2487247010
4436,2162091901,8410,2162100311,9,0,1,5120,9,3807021285
4437,2162095790,132504,2162228294,10,0,0,2560,10,7970702626
4438,2162113377,109627,2162223004,12,0,0,1024,12,9940248671
4439,2162127704,13459,2162141163,16,0,1,2560,16,9589798324
4440,2162146704,144583,2162291287,27,0,0,20480,27,1212908346
4441,2162165640,2946,2162168586,15,0,1,3072,15,8989148424
4442,2162188668,62384,2162251052,0,0,0,512,0,1333379250
4443,2162254166,4850,2162259016,23,0,1,5120,23,1365547593
4444,2162255201,44478,2162299679,25,0,0,512,25,3048834975
4445,2162262250,566,2162262816,22,0,1,512,22,724197386
4446,2162264310,1994,2162266304,14,0,1,2048,14,1379875066
4447,2162297687,300810,2162598497,1,0,0,20480,1,9755668277
4448,2162335715,2470,2162338185,18,0,1,2560,18,111036588
4449,2162338335,3904,2162342239,18,0,1,10752,18,9050317595
4450,2162343411,82994,2162426405,15,0,0,10752,15,7389877663
4451,2162343579,1042,2162344621,10,0,1,1024,10,3793928659
4452,2162348661,97448,2162446109,23,0,0,19968,23,10157082169
4453,2162367868,5802,2162373670,15,0,1,6144,15,7655623075
4454,2162389628,43904,2162433532,1,0,0,512,1,6777440125
4455,2162423844,141179,2162565023,9,0,0,3584,9,2396860899
4456,2162445650,3873,2162449523,8,0,1,3584,8,3450611792
4457,2162467534,43904,2162511438,10,0,0,512,10,4033241850
4458,2162476737,48980,2162525717,7,0,0,2048,7,2976760557
4459,2162494011,6488,2162500499,3,0,1,15872,3,1876012627
4460,2162523538,67985,2162591523,2,0,0,1536,2,10732551792
4461,2162564700,55125,2162619825,29,0,0,2560,29,10179067238
4462,2162571043,49421,2162620464,9,0,0,2048,9,8713089744
4463,2162588795,566,2162589361,3,0,1,512,3,6665471288
4464,2162596590,5321,2162601911,3,0,1,3584,3,1064767532
4465,2162598828,3429,2162602257,2,0,1,512,2,10513992599
4466,2162609983,5802,2162615785,24,0,1,6144,24,6492566063
4467,2162625042,1994,2162627036,17,0,1,2048,17,5307951201
4468,2162630584,7706,2162638290,26,0,1,8192,26,1478057061
4469,2162664232,11791,2162676023,0,0,1,19456,0,8650998680
4470,2162685907,194183,2162880090,13,0,0,99840,13,2756216009
4471,2162698955,1994,2162700949,22,0,1,2048,22,3679459685
4472,2162755432,80915,2162836347,6,0,0,5120,6,4642858259
4473,2162773868,256334,2163030202,4,0,0,202240,4,6767186432
4474,2162813042,155525,2162968567,23,0,0,41472,23,8356810367
4475,2162844369,2870,2162847239,23,0,1,8704,23,6593420861
4476,2162906240,124141,2163030381,10,0,0,512,10,3251449931
4477,2162973034,179557,2163152591,26,0,0,42496,26,1156187178
4478,2163044615,20624,2163065239,25,0,1,33280,25,2061221356
4479,2163059865,147493,2163207358,18,0,0,37376,18,9406051633
4480,2163068699,119219,2163187918,1,0,0,18944,1,9364846850
4481,2163077456,118499,2163195955,18,0,0,22016,18,3421936621
4482,2163105015,157879,2163262894,29,0,0,23040,29,7379238701
4483,2163164279,1042,2163165321,29,0,1,1024,29,10260093346
4484,2163232050,5196,2163237246,23,0,1,13312,23,4337783044
4485,2163236709,169524,2163406233,16,0,0,16896,16,4236685297
4486,2163257287,18594,2163275881,0,0,1,25088,0,10135884949
4487,2163269985,261213,2163531198,29,0,0,73728,29,3759739239
4488,2163271145,7002,2163278147,4,0,1,3584,4,7044592528
4489,2163273187,169576,2163442763,1,0,0,103936,1,6598250134
4490,2163282464,1518,2163283982,2,0,1,1536,2,10265532312
4491,2163312645,10241,2163322886,21,0,1,16384,21,10060095042
4492,2163366843,101667,2163468510,27,0,0,4096,27,2318389276
4493,2163387702,5196,2163392898,11,0,1,13312,11,7379263112
4494,2163406757,566,2163407323,9,0,1,512,9,4453529417
4495,2163418327,264938,2163683265,27,0,0,106496,27,7992620272
4496,2163442960,3898,2163446858,5,0,1,4096,5,9902601509
4497,2163447246,91260,2163538506,13,0,0,15360,13,6340586298
4498,2163480932,59149,2163540081,19,0,0,5120,19,5337321703
4499,2163529940,153652,2163683592,9,0,0,1024,9,1703954070
4500,2163544915,4937,2163549852,2,0,1,12800,2,2579953563
4501,2163559453,199685,2163759138,27,0,0,100864,27,3789821315
4502,2163581702,146689,2163728391,20,0,0,26624,20,264439252
4503,2163649806,191886,2163841692,27,0,0,58880,27,4553880387
4504,2163655640,29003,2163684643,29,0,1,1024,29,10563160406
4505,2163682959,76974,2163759933,15,0,0,2560,15,7692681171
4506,2163685727,13083,2163698810,29,0,1,22016,29,1561648648
4507,2163764734,134324,2163899058,16,0,0,34304,16,9622072639
4508,2163781388,240028,2164021416,4,0,0,46592,4,9346361652
4509,2163782929,220034,2164002963,2,0,0,512,2,7927683180
4510,2163829358,173434,2164002792,20,0,0,92160,20,7769371371
4511,2163865616,221057,2164086673,7,0,0,512,7,936455357
4512,2163893046,75318,2163968364,21,0,0,7168,21,4133246615
4513,2163899027,5850,2163904877,22,0,1,6144,22,8305729051
4514,2163905896,179078,2164084974,17,0,0,32256,17,8875256638
4515,2163914454,205836,2164120290,23,0,0,83456,23,7653948244
4516,2163929809,211244,2164141053,19,0,0,68096,19,5310447786
4517,2163954279,105057,2164059336,25,0,0,1024,25,7290128781
4518,2163998196,145228,2164143424,15,0,0,7680,15,392577142
4519,2164015808,7135,2164022943,4,0,1,1536,4,4638546152
4520,2164016794,126957,2164143751,7,0,0,1024,7,3520995932
4521,2164021777,150498,2164172275,22,0,0,17920,22,2963606800
4522,2164078765,10099,2164088864,10,0,1,4096,10,177347079
4523,2164113494,31734,2164145228,16,0,1,1536,16,5401627738
4524,2164118713,28141,2164146854,22,0,1,2560,22,5985385713
4525,2164187786,4937,2164192723,26,0,1,12800,26,8463081343
4526,2164199775,1042,2164200817,13,0,1,1024,13,9584875036
4527,2164225220,146150,2164371370,26,0,0,24576,26,7804207527
4528,2164249478,78212,2164327690,17,0,0,12288,17,627688395
4529,2164298533,566,2164299099,8,0,1,512,8,5376064169
4530,2164301577,94628,2164396205,24,0,0,512,24,1815876976
4531,2164397602,88412,2164486014,6,0,0,25600,6,2164315782
4532,2164407672,135294,2164542966,27,0,0,51200,27,8021714525
4533,2164430682,1042,2164431724,21,0,1,1024,21,10310523938
4534,2164460570,62516,2164523086,0,0,0,6144,0,394154734
4535,2164469398,210059,2164679457,1,0,0,73216,1,10429293553
4536,2164489251,10499,2164499750,17,0,1,16896,17,5142059027
4537,2164494287,6436,2164500723,13,0,1,12800,13,5887445789
4538,2164553035,221889,2164774924,17,0,0,16384,17,5834660527
4539,2164560862,10241,2164571103,23,0,1,16384,23,5659381784
4540,2164572886,3422,2164576308,29,0,1,3584,29,4265795713
4541,2164573282,6252,2164579534,26,0,1,5120,26,3243449241
4542,2164581838,155696,2164737534,16,0,0,28672,16,4199818790
4543,2164584475,5802,2164590277,17,0,1,6144,17,5143586714
4544,2164588597,5326,2164593923,10,0,1,5632,10,2566011932
4545,2164588862,7327,2164596189,16,0,1,3584,16,2169212973
4546,2164630610,192217,2164822827,17,0,0,96768,17,8018939250
4547,2164643667,189330,2164832997,0,0,0,6656,0,6947999110
4548,2164647277,183677,2164830954,23,0,0,26624,23,6958114100
4549,2164662390,24306,2164686696,12,0,1,7680,12,749885928
4550,2164677790,10532,2164688322,5,0,1,2560,5,9399240302
4551,2164708131,4374,2164712505,22,0,1,4608,22,1687984465
4552,2164709180,6231,2164715411,2,0,1,4608,2,6987515224
4553,2164813862,63056,2164876918,5,0,0,512,5,679727023
4554,2164814207,85194,2164899401,2,0,0,2048,2,5808711103
4555,2164850421,59912,2164910333,15,0,0,7680,15,6805103768
4556,2164862919,4374,2164867293,3,0,1,4608,3,1512207191
4557,2164866603,3645,2164870248,3,0,1,10240,3,6565575420
4558,2164886300,5326,2164891626,11,0,1,5632,11,10126635309
4559,2164963932,78392,2165042324,15,0,0,17920,15,9681588333
4560,2164967241,126634,2165093875,27,0,0,5632,27,5357543622
4561,2165001397,6278,2165007675,29,0,1,6656,29,7846097807
4562,2165009750,3387,2165013137,8,0,1,9728,8,8096106032
4563,2165025297,192814,2165218111,16,0,0,12288,16,4256165502
4564,2165035083,149158,2165184241,26,0,0,74240,26,6827810429
4565,2165058254,5802,2165064056,13,0,1,6144,13,7512823264
4566,2165118915,1518,2165120433,3,0,1,1536,3,9372771458
4567,2165125512,58900,2165184412,9,0,0,512,9,3626293766
4568,2165157119,126215,2165283334,27,0,0,19968,27,6188697986
4569,2165177690,8232,2165185922,10,0,1,1536,10,8603975671
4570,2165218103,59132,2165277235,27,0,0,5120,27,12121523
4571,2165221818,67592,2165289410,13,0,0,7680,13,10261203452
4572,2165232359,4374,2165236733,24,0,1,4608,24,4032917835
4573,2165265690,151241,2165416931,20,0,0,74240,20,3138671976
4574,2165274957,147605,2165422562,15,0,0,18432,15,321481627
4575,2165284454,98072,2165382526,15,0,0,22016,15,5452324668
4576,2165307277,4850,2165312127,8,0,1,5120,8,7712286074
4577,2165308494,114239,2165422733,12,0,0,512,12,884681886
4578,2165331495,186497,2165517992,13,0,0,48128,13,9554535395
4579,2165336438,3422,2165339860,22,0,1,3584,22,3057923752
4580,2165390620,3422,2165394042,16,0,1,3584,16,4917976193
4581,2165436711,2946,2165439657,2,0,1,3072,2,8274678322
4582,2165461571,4420,2165465991,22,0,1,11776,22,1325648916
4583,2165471108,203090,2165674198,20,0,0,14336,20,824816037
4584,2165478354,68822,2165547176,3,0,0,512,3,3369245192
4585,2165481863,6278,2165488141,20,0,1,6656,20,8237149281
4586,2165492004,2946,2165494950,18,0,1,3072,18,6840990924
4587,2165525495,131258,2165656753,3,0,0,512,3,3746622829
4588,2165525652,3422,2165529074,23,0,1,3584,23,6476636952
4589,2165527242,226910,2165754152,6,0,0,50176,6,10038898544
4590,2165529391,2946,2165532337,18,0,1,3072,18,2858107344
4591,2165533230,1042,2165534272,11,0,1,1024,11,8255899756
4592,2165540363,1994,2165542357,11,0,1,2048,11,10711222174
4593,2165541498,99862,2165641360,27,0,0,8192,27,8336915601
4594,2165561806,566,2165562372,8,0,1,512,8,4035871679
4595,2165617711,44011,2165661722,26,0,0,512,26,5738755190
4596,2165654166,170278,2165824444,0,0,0,32768,0,7653335982
4597,2165696767,5712,2165702479,18,0,1,14336,18,703615331
4598,2165701606,201660,2165903266,6,0,0,63488,6,9512464796
4599,2165717378,20882,2165738260,25,0,1,33792,25,5685176182
4600,2165741814,218277,2165960091,20,0,0,7168,20,6562357475
4601,2165752558,255532,2166008090,19,0,0,26112,19,8919346591
4602,2165753380,13809,2165767189,15,0,1,25088,15,7413088203
4603,2165776496,126941,2165903437,5,0,0,512,5,9667756998
4604,2165780136,69284,2165849420,16,0,0,8192,16,2892364553
4605,2165786679,3128,2165789807,14,0,1,9216,14,2062892997
4606,2165812808,24670,2165837478,25,0,1,44544,25,8166241750
4607,2165826760,76692,2165903452,0,0,1,125440,0,10402207539
4608,2165882197,139939,2166022136,24,0,0,512,24,7207932616
4609,2165938191,147707,2166085898,25,0,0,512,25,9822668728
4610,2165945817,3387,2165949204,24,0,1,9728,24,2676901481
4611,2165950306,7230,2165957536,20,0,1,7680,20,7830312238
4612,2165950832,13396,2165964228,3,0,1,18944,3,1596209438
4613,2165972771,6278,2165979049,24,0,1,6656,24,8127031793
4614,2166038533,4374,2166042907,20,0,1,4608,20,7342876614
4615,2166060120,1042,2166061162,16,0,1,1024,16,4210780198
4616,2166068290,6754,2166075044,5,0,1,7168,5,3370706250
4617,2166078470,566,2166079036,20,0,1,512,20,1002780005
4618,2166082295,4850,2166087145,4,0,1,5120,4,403514916
4619,2166091860,223339,2166315199,0,0,0,69120,0,180385179
4620,2166095340,112704,2166208044,6,0,0,13824,6,5581914914
4621,2166104535,132046,2166236581,24,0,0,1536,24,6284093841
4622,2166144241,178747,2166322988,2,0,0,512,2,6132911388
4623,2166175335,117345,2166292680,19,0,0,32256,19,4461437991
4624,2166223833,6278,2166230111,8,0,1,6656,8,5926693633
4625,2166238278,54573,2166292851,25,0,0,512,25,589072475
4626,2166261901,188489,2166450390,18,0,0,112128,18,4339897422
4627,2166272576,42638,2166315214,0,0,1,53248,0,3336381884
4628,2166278119,37110,2166315229,24,0,1,9216,24,4342865877
4629,2166313563,5556,2166319119,9,0,1,4096,9,7041770951
4630,2166316683,3742,2166320425,9,0,1,2048,9,10694578024
4631,2166343612,11016,2166354628,5,0,1,17920,5,1255321660
4632,2166363697,192571,2166556268,29,0,0,2560,29,2628373748
4633,2166367621,82948,2166450569,24,0,0,512,24,10289591213
4634,2166383333,272526,2166655859,27,0,0,123392,27,9209499618
4635,2166388326,1994,2166390320,5,0,1,2048,5,9707655898
4636,2166392168,4374,2166396542,14,0,1,4608,14,8725107696
4637,2166412512,3128,2166415640,21,0,1,9216,21,9132228468
4638,2166419323,138543,2166557866,23,0,0,512,23,7057541892
4639,2166430012,252279,2166682291,22,0,0,46080,22,1199236084
4640,2166447562,7398,2166454960,14,0,1,4608,14,3377272306
4641,2166475862,207224,2166683086,4,0,0,2560,4,3382541505
4642,2166482473,75214,2166557687,28,0,0,4608,28,4459282
4643,2166497166,6229,2166503395,3,0,1,15360,3,9507044311
4644,2166503069,164988,2166668057,9,0,0,1536,9,3361615373
4645,2166511648,155926,2166667574,27,0,0,38400,27,961559460
4646,2166536769,566,2166537335,8,0,1,512,8,2948258843
4647,2166551073,43904,2166594977,9,0,0,512,9,9244099212
4648,2166555768,128121,2166683889,25,0,0,2560,25,8066561005
4649,2166589893,78343,2166668236,2,0,0,512,2,851348411
4650,2166654896,32047,2166686943,29,0,1,4096,29,5441707985
4651,2166700331,3904,2166704235,16,0,1,10752,16,550209369
4652,2166706246,3898,2166710144,18,0,1,4096,18,10600450820
4653,2166723434,2470,2166725904,20,0,1,2560,20,1227079941
4654,2166740238,101348,2166841586,21,0,0,32768,21,6705508212
4655,2166762086,1518,2166763604,13,0,1,1536,13,1478281538
4656,2166787034,189969,2166977003,19,0,0,99328,19,8967622766
4657,2166791986,65158,2166857144,24,0,0,2048,24,5367153308
4658,2166808522,171156,2166979678,22,0,0,8704,22,6559453718
4659,2166815742,65056,2166880798,0,0,0,1536,0,4550784163
4660,2166831318,10283,2166841601,14,0,1,7168,14,8866674632
4661,2166865402,5802,2166871204,8,0,1,6144,8,1289719933
4662,2166914153,566,2166914719,1,0,1,512,1,7253660432
4663,2166915894,65219,2166981113,23,0,0,4608,23,8549343812
4664,2166924698,61740,2166986438,3,0,0,1536,3,2873466906
4665,2166934607,10757,2166945364,11,0,1,17408,11,5144278443
4666,2166938183,7745,2166945928,2,0,1,10752,2,8118805297
4667,2166954314,214798,2167169112,26,0,0,61952,26,2979079372
4668,2166960587,26973,2166987560,8,0,1,15872,8,10674528966
4669,2166964431,26803,2166991234,3,0,1,5632,3,2743717984
4670,2167014788,7230,2167022018,15,0,1,7680,15,2275741278
4671,2167027248,4374,2167031622,26,0,1,4608,26,7878411580
4672,2167062474,106965,2167169439,2,0,0,1024,2,6572014221
4673,2167067139,2946,2167070085,22,0,1,3072,22,3694870824
4674,2167071208,3422,2167074630,10,0,1,3584,10,10080638364
4675,2167104423,230330,2167334753,1,0,0,46080,1,5961070448
4676,2167116774,334576,2167451350,29,0,0,10752,29,7000991409
4677,2167122307,137602,2167259909,9,0,0,1024,9,8756616257
4678,2167144506,115076,2167259582,28,0,0,77824,28,7796707782
4679,2167167274,280777,2167448051,17,0,0,189952,17,10507337067
4680,2167179463,3128,2167182591,12,0,1,9216,12,3775652316
4681,2167185498,149426,2167334924,7,0,0,512,7,4103984684
4682,2167248893,138150,2167387043,23,0,0,19968,23,7170226669
4683,2167256983,4002,2167260985,9,0,1,1024,9,5901296673
4684,2167259084,45146,2167304230,0,0,1,72192,0,2145185491
4685,2167278222,27288,2167305510,5,0,1,14336,5,1850630932
4686,2167293236,317822,2167611058,15,0,0,135680,15,3586575550
4687,2167302975,3841,2167306816,1,0,1,2048,1,8121635728
4688,2167346536,13083,2167359619,14,0,1,22016,14,8007146127
4689,2167352602,8003,2167360605,21,0,1,1536,21,748746163
4690,2167352981,11490,2167364471,8,0,1,6144,8,10410667634
4691,2167366806,5802,2167372608,8,0,1,6144,8,5540228554
4692,2167381098,161446,2167542544,5,0,0,1536,5,4686388783
4693,2167386951,182752,2167569703,20,0,0,61440,20,6002620814
4694,2167390674,65389,2167456063,29,0,1,12288,29,148537912
4695,2167400731,56318,2167457049,18,0,1,1536,18,2939071559
4696,2167420546,93710,2167514256,10,0,0,512,10,9938223252
4697,2167443953,207850,2167651803,13,0,0,41472,13,8997316598
4698,2167450663,216338,2167667001,2,0,0,512,2,9267368520
4699,2167492227,143784,2167636011,18,0,0,14848,18,1613706081
4700,2167535250,137499,2167672749,23,0,0,13312,23,8094430184
4701,2167582843,32598,2167615441,11,0,1,4608,11,2954500668
4702,2167608836,115543,2167724379,0,0,0,11264,0,2320320321
4703,2167632840,53835,2167686675,16,0,0,2560,16,5965548021
4704,2167635625,82548,2167718173,10,0,0,1024,10,843707364
4705,2167678982,3898,2167682880,9,0,1,4096,9,6217771498
4706,2167695058,566,2167695624,20,0,1,512,20,4191452395
4707,2167748163,2946,2167751109,29,0,1,3072,29,4881017537
4708,2167751546,198507,2167950053,24,0,0,1024,24,3790046663
4709,2167777521,1042,2167778563,20,0,1,1024,20,2116262131
4710,2167796689,3422,2167800111,13,0,1,3584,13,10550581914
4711,2167797072,51233,2167848305,24,0,0,2048,24,2237363791
4712,2167802190,279120,2168081310,17,0,0,163840,17,9700506575
4713,2167829250,5326,2167834576,13,0,1,5632,13,6749240226
4714,2167833597,165777,2167999374,21,0,0,25600,21,2065745576
4715,2167846502,2470,2167848972,21,0,1,2560,21,8115958461
4716,2167850046,566,2167850612,23,0,1,512,23,6178839177
4717,2167855584,249524,2168105108,20,0,0,66048,20,6976608745
4718,2167879156,152204,2168031360,23,0,0,58880,23,5068890912
4719,2167933394,151543,2168084937,15,0,0,11776,15,9975930300
4720,2167994150,156807,2168150957,0,0,0,83456,0,8437983823
4721,2167996132,175261,2168171393,22,0,0,19456,22,6459913155
4722,2167997434,33941,2168031375,17,0,1,27136,17,2401783187
4723,2168037502,67629,2168105131,23,0,1,1024,23,9371700517
4724,2168042530,62616,2168105146,4,0,1,512,4,6414000615
4725,2168053892,51269,2168105161,21,0,1,5120,21,2032229451
4726,2168078061,33760,2168111821,15,0,1,7168,15,8838395402
4727,2168099891,83505,2168183396,25,0,1,128000,25,5517938540
4728,2168102281,84021,2168186302,5,0,1,4608,5,9380491181
4729,2168113306,131123,2168244429,25,0,0,1536,25,2963080522
4730,2168135551,51737,2168187288,13,0,1,1536,13,6820533102
4731,2168174863,15331,2168190194,16,0,1,4608,16,8677005447
4732,2168178636,84496,2168263132,25,0,0,512,25,3910180123
4733,2168181448,10372,2168191820,8,0,1,2560,8,4480638996
4734,2168181594,10892,2168192486,2,0,1,1024,2,1443981678
4735,2168184267,172741,2168357008,15,0,0,46080,15,7819689859
4736,2168203679,379034,2168582713,18,0,0,69120,18,6376344317
4737,2168232477,198739,2168431216,20,0,0,68608,20,8602578679
4738,2168245533,186034,2168431567,25,0,0,1024,25,6046726338
4739,2168263112,2958,2168266070,29,0,1,3072,29,6212884139
4740,2168269796,363969,2168633765,23,0,0,114688,23,1703365934
4741,2168271508,3904,2168275412,18,0,1,10752,18,1228177263
4742,2168272407,121620,2168394027,24,0,0,2048,24,3650186376
4743,2168292427,566,2168292993,22,0,1,512,22,3471566957
4744,2168296246,5971,2168302217,29,0,1,14848,29,7788739579
4745,2168304202,4937,2168309139,15,0,1,12800,15,3293055537
4746,2168314192,171445,2168485637,24,0,0,18944,24,9592156151
4747,2168324297,267806,2168592103,23,0,0,1536,23,6682826768
4748,2168372385,219235,2168591620,28,0,0,29184,28,4204340891
4749,2168377953,566,2168378519,5,0,1,512,5,9754053958
4750,2168393129,4374,2168397503,24,0,1,4608,24,4632179887
4751,2168398030,34795,2168432825,25,0,1,60928,25,6177476406
4752,2168408697,29132,2168437829,15,0,1,6656,15,7173020227
4753,2168413841,29134,2168442975,10,0,1,8192,10,2494304884
4754,2168414937,28909,2168443846,1,0,1,12288,1,2730315162
4755,2168427967,20385,2168448352,6,0,1,7168,6,2272189280
4756,2168444712,7506,2168452218,2,0,1,6144,2,5611472463
4757,2168466139,168897,2168635036,20,0,0,4096,20,3222973014
4758,2168473062,261460,2168734522,19,0,0,92672,19,8973786640
4759,2168482123,289280,2168771403,23,0,0,2048,23,9903954006
4760,2168494417,366388,2168860805,6,0,0,54272,6,7983882003
4761,2168512140,2470,2168514610,9,0,1,2560,9,897823411
4762,2168515208,384664,2168899872,17,0,0,13824,17,7058997104
4763,2168540100,1994,2168542094,10,0,1,2048,10,3838885452
4764,2168542511,6754,2168549265,13,0,1,7168,13,10401663154
4765,2168547634,4217,2168551851,2,0,1,4096,2,10611058536
4766,2168580346,157334,2168737680,20,0,0,9216,20,3387570300
4767,2168604944,129913,2168734857,3,0,0,1024,3,10171253533
4768,2168624882,13109,2168637991,3,0,1,3072,3,5735185054
4769,2168626425,13201,2168639626,15,0,1,10240,15,2946703626
4770,2168655459,127165,2168782624,12,0,0,512,12,2712148415
4771,2168660952,5802,2168666754,24,0,1,6144,24,696153441
4772,2168665743,3128,2168668871,14,0,1,9216,14,7132269375
4773,2168665855,6167,2168672022,12,0,1,3584,12,703139683
4774,2168716754,24814,2168741568,16,0,1,10752,16,83650169
4775,2168734092,8462,2168742554,13,0,1,1536,13,3287388126
4776,2168758424,159356,2168917780,1,0,0,11776,1,5664871243
4777,2168761670,43904,2168805574,12,0,0,512,12,769624563
4778,2168831357,82820,2168914177,16,0,0,12288,16,9378879426
4779,2168860877,156339,2169017216,6,0,0,18432,6,1945065790
4780,2168871691,135504,2169007195,29,0,0,89600,29,6309816702
4781,2168879648,128685,2169008333,20,0,0,3072,20,4042316046
4782,2168936079,71287,2169007366,5,0,0,512,5,5363852069
4783,2168949998,566,2168950564,13,0,1,512,13,1125170093
4784,2168954078,81060,2169035138,5,0,0,512,5,9502395349
4785,2168973505,566,2168974071,3,0,1,512,3,7650144508
4786,2168985037,152337,2169137374,4,0,0,18944,4,551646084
4787,2168987406,128106,2169115512,6,0,0,48128,6,5419572729
4788,2169001087,8280,2169009367,9,0,1,1024,9,6420315934
4789,2169024697,5196,2169029893,0,0,1,13312,0,4715940027
4790,2169055998,1042,2169057040,29,0,1,1024,29,6412701704
4791,2169090170,4162,2169094332,0,0,1,11264,0,1606390605
4792,2169136225,5039,2169141264,1,0,1,4096,1,1222748504
4793,2169139558,2692,2169142250,8,0,1,1536,8,10233729075
4794,2169143156,5326,2169148482,22,0,1,5632,22,6288012379
4795,2169147737,99320,2169247057,20,0,0,26112,20,815395476
4796,2169149575,134892,2169284467,6,0,0,36864,6,9700402769
4797,2169185743,2946,2169188689,11,0,1,3072,11,7647735103
4798,2169217373,93255,2169310628,13,0,0,4608,13,7329154050
4799,2169284363,221315,2169505678,0,0,0,175104,0,8211373141
4800,2169290655,88552,2169379207,5,0,0,1024,5,7905696506
4801,2169309847,211149,2169520996,21,0,0,50176,21,10662656398
4802,2169397787,566,2169398353,9,0,1,512,9,9981840442
4803,2169398097,178525,2169576622,6,0,0,18944,6,8962952157
4804,2169408591,4374,2169412965,6,0,1,4608,6,6996088164
4805,2169428176,142659,2169570835,24,0,0,103424,24,2616892043
4806,2169437471,5326,2169442797,3,0,1,5632,3,1381049778
4807,2169439378,6005,2169445383,15,0,1,4096,15,4479447551
4808,2169443326,3128,2169446454,0,0,1,9216,0,1671491007
4809,2169451851,53842,2169505693,14,0,1,1024,14,5027971234
4810,2169477301,288074,2169765375,15,0,0,92160,15,168063312
4811,2169495691,356182,2169851873,15,0,0,58368,15,3590948498
4812,2169498104,26321,2169524425,5,0,1,9728,5,9193187309
4813,2169526658,4374,2169531032,4,0,1,4608,4,9852419457
4814,2169629035,181016,2169810051,29,0,0,87040,29,8987211441
4815,2169631794,411875,2170043669,16,0,0,65536,16,10607578730
4816,2169642595,524028,2170166623,20,0,0,48640,20,4186769303
4817,2169698376,482965,2170181341,10,0,0,512,10,7321181359
4818,2169715046,95200,2169810246,10,0,0,512,10,5920936339
4819,2169727027,424558,2170151585,16,0,0,248320,16,7846761774
4820,2169773278,189229,2169962507,1,0,0,27136,1,10345671854
4821,2169788321,259692,2170048013,23,0,0,512,23,5008196878
4822,2169789156,392006,2170181162,16,0,0,47616,16,7423576648
4823,2169793208,18515,2169811723,5,0,1,1536,5,9952903827
4824,2169826578,1518,2169828096,1,0,1,1536,1,484020427
4825,2169829176,1042,2169830218,29,0,1,1024,29,5023554732
4826,2169836413,237022,2170073435,22,0,0,3584,22,2782942767
4827,2169841387,372274,2170213661,6,0,0,41472,6,7429666158
4828,2169843489,21696,2169865185,14,0,1,25600,14,9991317228
4829,2169848136,22195,2169870331,18,0,1,8192,18,4110071867
4830,2169892614,2470,2169895084,18,0,1,2560,18,1157206834
4831,2169895537,148303,2170043840,25,0,0,512,25,6637719597
4832,2169943886,3128,2169947014,11,0,1,9216,11,5321403045
4833,2169982037,169743,2170151780,7,0,0,512,7,6024307197
4834,2169997011,231230,2170228241,16,0,0,38912,16,9007222984
4835,2170100602,80754,2170181356,20,0,1,2560,20,3146382807
4836,2170109924,180687,2170290611,10,0,0,512,10,2777499617
4837,2170110549,300247,2170410796,21,0,0,122880,21,2506744539
4838,2170123200,58179,2170181379,9,0,1,5120,9,5432680901
4839,2170165243,208090,2170373333,0,0,0,44032,0,10386523643
4840,2170171677,84728,2170256405,23,0,0,3072,23,10311965083
4841,2170185625,237370,2170422995,6,0,0,39936,6,8324759479
4842,2170209427,141013,2170350440,10,0,0,2560,10,1262339889
4843,2170220816,11579,2170232395,29,0,1,11264,29,7354338981
4844,2170282061,1994,2170284055,1,0,1,2048,1,5310630832
4845,2170286409,143349,2170429758,26,0,0,11264,26,4356576160
4846,2170295504,346974,2170642478,13,0,0,37888,13,9446739501
4847,2170307029,3898,2170310927,0,0,1,4096,0,5836977718
4848,2170314941,3904,2170318845,5,0,1,10752,5,3950699297
4849,2170367634,55392,2170423026,11,0,1,8704,11,9195765871
4850,2170372641,185610,2170558251,19,0,0,65536,19,6321084179
4851,2170405438,24335,2170429773,12,0,1,4608,12,2901532541
4852,2170411220,18576,2170429796,15,0,1,3584,15,10016787763
4853,2170415782,18081,2170433863,22,0,1,6656,22,60695083
4854,2170425938,10191,2170436129,25,0,1,3584,25,3487234457
4855,2170448534,3128,2170451662,13,0,1,9216,13,4737600804
4856,2170466285,3898,2170470183,15,0,1,4096,15,9720286379
4857,2170478130,179074,2170657204,18,0,0,36864,18,7254354883
4858,2170517668,210355,2170728023,29,0,0,19968,29,6477041047
4859,2170530477,5712,2170536189,8,0,1,14336,8,7506259791
4860,2170537027,21239,2170558266,6,0,1,4096,6,8234338808
4861,2170549042,126117,2170675159,29,0,0,58880,29,2852636487
4862,2170612590,136271,2170748861,5,0,0,1536,5,1020791466
4863,2170636220,108033,2170744253,12,0,0,1536,12,10584247994
4864,2170652739,25400,2170678139,24,0,1,3072,24,9906254342
4865,2170660527,23308,2170683835,5,0,1,8192,5,6155107956
4866,2170664862,20279,2170685141,11,0,1,2048,11,744281210
4867,2170695667,3898,2170699565,12,0,1,4096,12,4562258872
4868,2170706801,5454,2170712255,5,0,1,13824,5,3608468231
4869,2170731181,74021,2170805202,23,0,0,1536,23,7569933238
4870,2170742250,43904,2170786154,2,0,0,512,2,2455903132
4871,2170748438,47703,2170796141,9,0,0,1536,9,6295531767
4872,2170803416,1042,2170804458,12,0,1,1024,12,2078133261
4873,2170823974,1042,2170825016,14,0,1,1024,14,10576656542
4874,2170855606,5326,2170860932,23,0,1,5632,23,1997982231
4875,2170896816,111224,2171008040,25,0,0,2048,25,771567202
4876,2170899908,3898,2170903806,8,0,1,4096,8,1518113432
4877,2170923572,6754,2170930326,12,0,1,7168,12,9354185372
4878,2170931813,48980,2170980793,2,0,0,2048,2,4511456751
4879,2170951630,85209,2171036839,0,0,0,15360,0,2082332179
4880,2170993347,2470,2170995817,14,0,1,2560,14,8682842881
4881,2170997037,204974,2171202011,4,0,0,29184,4,10611356082
4882,2171002700,3387,2171006087,5,0,1,9728,5,5345763064
4883,2171022150,112436,2171134586,15,0,0,41472,15,6906822886
4884,2171026554,166550,2171193104,1,0,0,63488,1,7463143696
4885,2171026777,4162,2171030939,9,0,1,11264,9,8734374766
4886,2171113610,88728,2171202338,28,0,0,1024,28,1924374799
4887,2171117147,142255,2171259402,13,0,0,80896,13,9920163368
4888,2171144299,115438,2171259737,12,0,0,1024,12,2697410652
4889,2171153437,6278,2171159715,6,0,1,6656,6,1227350537
4890,2171199213,132465,2171331678,26,0,0,18432,26,10564083035
4891,2171225623,189413,2171415036,26,0,0,33792,26,3335354702
4892,2171226565,1042,2171227607,15,0,1,1024,15,2020874048
4893,2171254556,160651,2171415207,23,0,0,512,23,10150700249
4894,2171272488,106652,2171379140,28,0,0,50176,28,8781291704
4895,2171279489,118971,2171398460,28,0,0,43008,28,3068876921
4896,2171284818,4374,2171289192,6,0,1,4608,6,5068187600
4897,2171312505,187019,2171499524,19,0,0,59904,19,8198510738
4898,2171331952,172516,2171504468,5,0,0,512,5,8575248348
4899,2171349003,302067,2171651070,4,0,0,33792,4,10165545061
4900,2171352657,127317,2171479974,27,0,0,18944,27,2718233434
4901,2171358099,3422,2171361521,3,0,1,3584,3,6774020465
4902,2171359556,222797,2171582353,6,0,0,81920,6,7589942812
4903,2171368873,358265,2171727138,27,0,0,172544,27,9203858716
4904,2171372951,9334,2171382285,17,0,1,9216,17,2438114342
4905,2171401346,2946,2171404292,10,0,1,3072,10,1895720723
4906,2171420897,4679,2171425576,29,0,1,12288,29,7748019574
4907,2171429988,222056,2171652044,6,0,0,3072,6,8109774770
4908,2171451659,4374,2171456033,8,0,1,4608,8,5482510809
4909,2171453595,308373,2171761968,0,0,0,58880,0,6651015460
4910,2171469454,183073,2171652527,29,0,0,1536,29,6358668109
4911,2171477121,285657,2171762778,12,0,0,512,12,9430604121
4912,2171485455,19790,2171505245,4,0,1,14336,4,1262780726
4913,2171496725,9186,2171505911,9,0,1,1024,9,985191428
4914,2171557792,28215,2171586007,9,0,1,10240,9,6956793503
4915,2171568570,20334,2171588904,8,0,1,3584,8,10333376912
4916,2171583336,318707,2171902043,17,0,0,102400,17,5654867591
4917,2171591685,48298,2171639983,12,0,0,512,12,9697634982
4918,2171622195,199786,2171821981,19,0,0,10240,19,2205335823
4919,2171631533,19552,2171651085,0,0,1,25088,0,5350131802
4920,2171647591,115016,2171762607,2,0,0,2048,2,9665104974
4921,2171722977,6623,2171729600,9,0,1,2560,9,818766919
4922,2171730578,189460,2171920038,16,0,0,23040,16,2685794813
4923,2171740808,21993,2171762801,0,0,1,21504,0,4669211693
4924,2171745223,19115,2171764338,15,0,1,1536,15,10162303032
4925,2171759534,83825,2171843359,0,0,0,8704,0,9799263717
4926,2171762163,172857,2171935020,25,0,0,512,25,4956925745
4927,2171792559,1042,2171793601,3,0,1,1024,3,5649440941
4928,2171803939,13083,2171817022,11,0,1,22016,11,6935179340
4929,2171805224,16772,2171821996,20,0,1,6656,20,10256071621
4930,2171829833,256085,2172085918,2,0,0,512,2,2336004293
4931,2171836678,1994,2171838672,29,0,1,2048,29,7311493972
4932,2171846010,56056,2171902066,0,0,1,59392,0,7772859208
4933,2171875342,32570,2171907912,16,0,1,6144,16,1985939129
4934,2171882185,26188,2171908373,5,0,1,10240,5,2758897593
4935,2171882730,28276,2171911006,25,0,1,10752,25,1515145461
4936,2171889319,230300,2172119619,3,0,0,512,3,8366426982
4937,2171913921,205527,2172119448,1,0,0,44544,1,52017546
4938,2171916165,63212,2171979377,21,0,0,512,21,2932887196
4939,2171933064,152683,2172085747,28,0,0,99328,28,2715190960
4940,2171938745,566,2171939311,24,0,1,512,24,4987696629
4941,2171970418,566,2171970984,11,0,1,512,11,7470633921
4942,2172044048,566,2172044614,13,0,1,512,13,6951798441
4943,2172050730,88850,2172139580,3,0,0,512,3,9616283916
4944,2172059093,117966,2172177059,16,0,0,10752,16,10094190111
4945,2172138961,3422,2172142383,18,0,1,3584,18,10404141967
4946,2172143983,566,2172144549,26,0,1,512,26,6504553720
4947,2172159874,56089,2172215963,2,0,0,3584,2,6585995121
4948,2172161090,88432,2172249522,5,0,0,512,5,970158703
4949,2172161490,3898,2172165388,29,0,1,4096,29,10341097851
4950,2172183043,7706,2172190749,3,0,1,8192,3,433531991
4951,2172195886,105273,2172301159,3,0,0,27648,3,8659343226
4952,2172196577,1042,2172197619,17,0,1,1024,17,1267298953
4953,2172249822,4374,2172254196,12,0,1,4608,12,9898978223
4954,2172264293,80684,2172344977,28,0,0,15360,28,41640984
4955,2172300465,3632,2172304097,17,0,1,3072,17,8217815584
4956,2172311190,47288,2172358478,25,0,0,1536,25,9810688078
4957,2172321484,1042,2172322526,9,0,1,1024,9,7424288082
4958,2172355632,4374,2172360006,23,0,1,4608,23,4357920507
4959,2172408293,102284,2172510577,18,0,0,25600,18,9605216837
4960,2172442140,54787,2172496927,0,0,1,93184,0,2963295842
4961,2172453939,107102,2172561041,9,0,0,1024,9,8866929506
4962,2172538644,57440,2172596084,21,0,0,4608,21,5808975648
4963,2172550010,47288,2172597298,12,0,0,1536,12,269019106
4964,2172595622,4352,2172599974,10,0,1,4096,10,7084420042
4965,2172610374,7230,2172617604,17,0,1,7680,17,9455636302
4966,2172617316,43904,2172661220,5,0,0,512,5,557727458
4967,2172656265,5454,2172661719,24,0,1,13824,24,2856421847
4968,2172663714,1042,2172664756,3,0,1,1024,3,3788976506
4969,2172668719,71766,2172740485,0,0,1,116224,0,7781290889
4970,2172677985,130659,2172808644,20,0,0,6656,20,5052460600
4971,2172699624,44727,2172744351,1,0,1,6144,1,9271318675
4972,2172712282,34015,2172746297,16,0,1,3072,16,1999696043
4973,2172718902,30301,2172749203,14,0,1,4608,14,2950879192
4974,2172729364,21145,2172750509,5,0,1,2048,5,3935604732
4975,2172757481,1042,2172758523,1,0,1,1024,1,4529059336
4976,2172757676,270827,2173028503,7,0,0,512,7,9747469405
4977,2172763556,3422,2172766978,11,0,1,3584,11,6177881948
4978,2172786326,176445,2172962771,12,0,0,512,12,10676404351
4979,2172816171,250274,2173066445,27,0,0,24064,27,5271450023
4980,2172837194,221569,2173058763,17,0,0,71680,17,8813378783
4981,2172838035,7706,2172845741,22,0,1,8192,22,7913212948
4982,2172838364,259672,2173098036,3,0,0,62976,3,6871467849
4983,2172841352,186980,2173028332,18,0,0,112128,18,7314889236
4984,2172896675,2470,2172899145,6,0,1,2560,6,1127848691
4985,2172911286,147812,2173059098,10,0,0,1024,10,6484520393
4986,2172922864,1042,2172923906,21,0,1,1024,21,10391533398
4987,2172940870,5712,2172946582,20,0,1,14336,20,4745684340
4988,2172977314,120893,2173098207,9,0,0,512,9,6206066492
4989,2173018862,105892,2173124754,3,0,0,10240,3,10148114182
4990,2173045574,27108,2173072682,6,0,1,6656,6,2400279337
4991,2173062888,69941,2173132829,5,0,0,1024,5,6854438716
4992,2173114318,1042,2173115360,10,0,1,1024,10,6484985314
4993,2173114766,1580,2173116346,6,0,1,1536,6,4921512728
4994,2173120920,6278,2173127198,18,0,1,6656,18,6941209415
4995,2173130772,162531,2173293303,3,0,0,38912,3,9077053949
4996,2173142116,2470,2173144586,16,0,1,2560,16,154517625
4997,2173144891,3904,2173148795,24,0,1,10752,24,4288201302
4998,2173162923,1994,2173164917,21,0,1,2048,21,7786316355
4999,2173169301,138213,2173307514,21,0,0,46592,21,1383750234
5000,2173169830,4374,2173174204,4,0,1,4608,4,9657200364
5001,2173176259,161994,2173338253,19,0,0,59392,19,1835485877
5002,2173194150,45596,2173239746,12,0,0,1024,12,6786178980
5003,2173227147,2946,2173230093,13,0,1,3072,13,3857071714
5004,2173257496,2470,2173259966,12,0,1,2560,12,8790338173
5005,2173341878,185441,2173527319,0,0,0,121344,0,6849516401
5006,2173358705,112325,2173471030,27,0,0,33280,27,7032613451
5007,2173387887,6754,2173394641,6,0,1,7168,6,5615179340
5008,2173401078,3898,2173404976,8,0,1,4096,8,637518527
5009,2173416848,61934,2173478782,12,0,0,1024,12,4555890175
5010,2173490332,188128,2173678460,15,0,0,34816,15,1496267851
5011,2173497204,145303,2173642507,29,0,0,37888,29,5406948685
5012,2173516730,366006,2173882736,3,0,0,148480,3,448662445
5013,2173566440,77515,2173643955,12,0,0,1024,12,7834407931
5014,2173581789,3422,2173585211,29,0,1,3584,29,7048851498
5015,2173601562,220171,2173821733,21,0,0,60416,21,6796060866
5016,2173620111,277460,2173897571,13,0,0,48640,13,2131627884
5017,2173635873,162226,2173798099,4,0,0,87552,4,6349641309
5018,2173671245,14913,2173686158,17,0,1,8192,17,62180716
5019,2173705402,2470,2173707872,5,0,1,2560,5,1907003449
5020,2173708929,113443,2173822372,12,0,0,2048,12,1475504895
5021,2173738146,163223,2173901369,0,0,0,10752,0,7319926794
5022,2173738521,177917,2173916438,7,0,0,2560,7,1607356339
5023,2173749128,4850,2173753978,17,0,1,5120,17,7334668127
5024,2173752282,45832,2173798114,15,0,1,34304,15,166225933
5025,2173762567,35562,2173798129,8,0,1,1024,8,9013202327
5026,2173769416,128646,2173898062,2,0,0,1536,2,9888524833
5027,2173791063,180957,2173972020,17,0,0,4096,17,10104006296
5028,2173801091,133370,2173934461,29,0,0,50176,29,3672392611
5029,2173810844,13038,2173823882,26,0,1,1536,26,6047566826
5030,2173824087,133883,2173957970,12,0,0,512,12,6732501195
5031,2173854047,51179,2173905226,6,0,1,4096,6,1101225390
5032,2173859518,47995,2173907513,3,0,1,12800,3,10179684668
5033,2173864872,244168,2174109040,4,0,0,45056,4,8884614891
5034,2173916000,18484,2173934484,13,0,1,12288,13,10135958839
5035,2173920460,112253,2174032713,23,0,0,1536,23,1229140312
5036,2173929706,134124,2174063830,15,0,0,87552,15,1764797060
5037,2173945897,119048,2174064945,16,0,0,3584,16,1371852609
5038,2173956009,183346,2174139355,12,0,0,512,12,5584677802
5039,2173969614,2946,2173972560,1,0,1,3072,1,2891179963
5040,2174000139,191599,2174191738,27,0,0,83456,27,8681183087
5041,2174020832,5326,2174026158,0,0,1,5632,0,325845143
5042,2174035124,174050,2174209174,0,0,0,34816,0,2867428337
5043,2174038896,241900,2174280796,0,0,0,36864,0,4236692685
5044,2174088380,147416,2174235796,13,0,0,5120,13,10611386621
5045,2174098816,17463,2174116279,1,0,1,7680,1,5547466880
5046,2174106641,126619,2174233260,1,0,0,30720,1,577369929
5047,2174132425,3898,2174136323,22,0,1,4096,22,2394019637
5048,2174160790,566,2174161356,17,0,1,512,17,7214450025
5049,2174184219,83148,2174267367,23,0,0,512,23,1966991592
5050,2174200591,9617,2174210208,13,0,1,1024,13,6847964085
5051,2174228378,7820,2174236198,9,0,1,3072,9,939281132
5052,2174233315,101349,2174334664,19,0,0,29696,19,5528022943
5053,2174251345,1518,2174252863,11,0,1,1536,11,10154344290
5054,2174263665,2470,2174266135,15,0,1,2560,15,3969204911
5055,2174297217,5712,2174302929,21,0,1,14336,21,3140691801
5056,2174345744,63779,2174409523,7,0,0,512,7,6871735238
5057,2174380605,1994,2174382599,5,0,1,2048,5,6798403293
5058,2174455592,2470,2174458062,17,0,1,2560,17,7194021929
5059,2174474234,5196,2174479430,11,0,1,13312,11,2277657008
5060,2174480695,123888,2174604583,13,0,0,32768,13,1757081493
5061,2174508743,1042,2174509785,12,0,1,1024,12,10509320019
5062,2174520093,3422,2174523515,5,0,1,3584,5,5188995895
5063,2174521620,43904,2174565524,23,0,0,512,23,1086285704
5064,2174547204,114204,2174661408,17,0,0,48640,17,3485185025
5065,2174550870,125858,2174676728,18,0,0,14336,18,5690693448
5066,2174599490,10539,2174610029,5,0,1,13824,5,3732172457
5067,2174623250,566,2174623816,8,0,1,512,8,6150955235
5068,2174650906,61166,2174712072,20,0,0,2560,20,3517300782
5069,2174654843,8576,2174663419,29,0,1,2048,29,3151335417
5070,2174667753,63990,2174731743,23,0,0,1024,23,2982625455
5071,2174744031,4374,2174748405,22,0,1,4608,22,2701662539
5072,2174751965,47288,2174799253,2,0,0,1536,2,6785037600
5073,2174774598,16354,2174790952,18,0,1,31744,18,5731588938
5074,2174794314,2470,2174796784,26,0,1,2560,26,3353093461
5075,2174841772,43904,2174885676,7,0,0,512,7,7540737797
5076,2174894458,6278,2174900736,26,0,1,6656,26,4868301542
5077,2174901269,190662,2175091931,0,0,0,35840,0,8390030245
5078,2174904001,94281,2174998282,4,0,0,23040,4,8453387756
5079,2174917784,134901,2175052685,1,0,0,59392,1,9247420057
5080,2174942267,48980,2174991247,23,0,0,2048,23,5123754789
5081,2174966278,6278,2174972556,12,0,1,6656,12,8713185707
5082,2174973595,2946,2174976541,12,0,1,3072,12,4815831156
5083,2174974823,169875,2175144698,17,0,0,53760,17,1819592825
5084,2174979810,6754,2174986564,18,0,1,7168,18,10408478003
5085,2174993705,10023,2175003728,14,0,1,13824,14,4364627516
5086,2175038944,265590,2175304534,16,0,0,33792,16,4040849289
5087,2175048713,5983,2175054696,8,0,1,2048,8,5415350511
5088,2175054886,4420,2175059306,4,0,1,11776,4,855429988
5089,2175055675,4937,2175060612,6,0,1,2048,6,10617712097
5090,2175066988,169742,2175236730,2,0,0,2048,2,3869782009
5091,2175114104,209224,2175323328,27,0,0,53248,27,6386379707
5092,2175124214,126586,2175250800,2,0,0,2048,2,7542399594
5093,2175124724,220178,2175344902,24,0,0,70656,24,8108862285
5094,2175127064,222028,2175349092,17,0,0,2048,17,7787132041
5095,2175161926,228500,2175390426,6,0,0,40448,6,4385953457
5096,2175174993,3898,2175178891,11,0,1,4096,11,4256829598
5097,2175212555,280538,2175493093,24,0,0,133120,24,6185217814
5098,2175246070,119948,2175366018,7,0,0,1024,7,2530172204
5099,2175269485,6754,2175276239,14,0,1,7168,14,7038882042
5100,2175295538,74932,2175370470,12,0,0,512,12,4042540672
5101,2175295572,27771,2175323343,13,0,1,3584,13,3853155172
5102,2175313632,359348,2175672980,4,0,0,145920,4,2978304439
5103,2175315909,182699,2175498608,6,0,0,17920,6,1783857901
5104,2175330835,85031,2175415866,12,0,0,1024,12,3415445098
5105,2175421479,394968,2175816447,6,0,0,1536,6,9315386788
5106,2175428850,334309,2175763159,18,0,0,53248,18,10057251191
5107,2175431556,261937,2175693493,3,0,0,6656,3,2305267290
5108,2175433355,195126,2175628481,6,0,0,117248,6,5127378265
5109,2175437840,235327,2175673167,5,0,0,512,5,1109881973
5110,2175443297,2470,2175445767,13,0,1,2560,13,8084608778
5111,2175445909,245541,2175691450,4,0,0,59904,4,51247634
5112,2175454008,47981,2175501989,13,0,1,3584,13,764428625
5113,2175462314,52149,2175514463,3,0,1,28672,3,5896571290
5114,2175462722,462403,2175925125,15,0,0,44544,15,2933267111
5115,2175464850,53159,2175518009,20,0,1,5632,20,1235283865
5116,2175478775,400010,2175878785,21,0,0,38400,21,4903206614
5117,2175516896,4850,2175521746,12,0,1,5120,12,10639537207
5118,2175547654,397822,2175945476,24,0,0,58368,24,2660587904
5119,2175556038,472330,2176028368,29,0,0,63488,29,10480331390
5120,2175589148,223900,2175813048,21,0,0,33792,21,7149988403
5121,2175596299,189949,2175786248,5,0,0,512,5,7505001389
5122,2175601811,374347,2175976158,13,0,0,51200,13,1094430631
5123,2175618080,75452,2175693532,22,0,1,3072,22,9847795497
5124,2175622245,193158,2175815403,19,0,0,7680,19,6246090498
5125,2175638173,58149,2175696322,29,0,1,8704,29,5896753732
5126,2175657367,42635,2175700002,17,0,1,4096,17,7801428090
5127,2175673361,161157,2175834518,9,0,0,1536,9,9683042060
5128,2175677255,24373,2175701628,17,0,1,2560,17,10127186820
5129,2175677759,27735,2175705494,10,0,1,6144,10,10360010324
5130,2175686423,192719,2175879142,2,0,0,512,2,3234425465
5131,2175695428,11692,2175707120,24,0,1,2560,24,9298183641
5132,2175696857,10929,2175707786,16,0,1,1024,16,1186545825
5133,2175711119,1518,2175712637,12,0,1,1536,12,1952247265
5134,2175712042,166929,2175878971,25,0,0,512,25,5527733056
5135,2175712716,4162,2175716878,0,0,1,11264,0,1399394001
5136,2175729604,247193,2175976797,9,0,0,2048,9,6611695822
5137,2175764610,3645,2175768255,17,0,1,10240,17,5727932060
5138,2175799475,1042,2175800517,11,0,1,1024,11,2713400312
5139,2175862372,16428,2175878800,5,0,1,8192,5,670073932
5140,2175890139,4850,2175894989,20,0,1,5120,20,1893458884
5141,2175897415,4374,2175901789,17,0,1,4608,17,1004525503
5142,2175905658,170402,2176076060,6,0,0,12800,6,6919660469
5143,2175931760,16671,2175948431,17,0,1,3072,17,190171607
5144,2175945046,5331,2175950377,17,0,1,3072,17,10520300611
5145,2175946328,5035,2175951363,11,0,1,1536,11,2509901299
5146,2176052386,71472,2176123858,18,0,0,9728,18,2754421020
5147,2176054223,71256,2176125479,10,0,0,512,10,5124102004
5148,2176097955,1042,2176098997,10,0,1,1024,10,10329799462
5149,2176130907,43904,2176174811,23,0,0,512,23,2249091545
5150,2176132519,45596,2176178115,23,0,0,1024,23,4400639210
5151,2176148841,3422,2176152263,10,0,1,3584,10,3151288515
5152,2176152004,181819,2176333823,15,0,0,12800,15,9239518248
5153,2176161789,3898,2176165687,3,0,1,4096,3,4755558727
5154,2176181053,3898,2176184951,14,0,1,4096,14,9161349801
5155,2176183164,87229,2176270393,25,0,1,146432,25,3500082115
5156,2176195397,80142,2176275539,25,0,1,8192,25,3981899012
5157,2176240561,83872,2176324433,25,0,0,1024,25,6512651418
5158,2176256005,262310,2176518315,12,0,0,512,12,9417366289
5159,2176256307,20218,2176276525,11,0,1,1536,11,5591737668
5160,2176269320,8511,2176277831,25,0,1,2048,25,7466259734
5161,2176291605,7706,2176299311,18,0,1,8192,18,5705857232
5162,2176301431,209662,2176511093,27,0,0,57344,27,7632707998
5163,2176317910,6538,2176324448,21,0,1,15360,21,7976511203
5164,2176318236,347979,2176666215,16,0,0,176640,16,8040812293
5165,2176354249,3387,2176357636,11,0,1,9728,11,7175164288
5166,2176371820,297530,2176669350,20,0,0,10240,20,4293213240
5167,2176373591,4420,2176378011,17,0,1,11776,17,1909808772
5168,2176375748,15080,2176390828,20,0,1,23040,20,6281371774
5169,2176400717,156340,2176557057,12,0,0,512,12,2392367052
5170,2176435214,5196,2176440410,26,0,1,13312,26,8142125226
5171,2176477126,2946,2176480072,25,0,1,3072,25,3288837679
5172,2176481868,2470,2176484338,11,0,1,2560,11,8542051993
5173,2176491737,19371,2176511108,9,0,1,2560,9,3157586202
5174,2176502757,12247,2176515004,29,0,1,10752,29,5948009770
5175,2176560812,168108,2176728920,13,0,0,42496,13,2173379826
5176,2176580414,88959,2176669373,25,0,1,87040,25,4857613697
5177,2176629758,135168,2176764926,28,0,0,4608,28,5934497991
5178,2176648394,24896,2176673290,22,0,1,4096,22,5121809686
5179,2176668227,142323,2176810550,26,0,0,38400,26,3174360537
5180,2176673608,176371,2176849979,9,0,0,1536,9,7091474188
5181,2176702482,214687,2176917169,26,0,0,22528,26,99663261
5182,2176717445,12551,2176729996,24,0,1,1024,24,7151893007
5183,2176722610,223460,2176946070,28,0,0,31744,28,4309487977
5184,2176728837,1825,2176730662,20,0,1,1024,20,9368272337
5185,2176767203,105342,2176872545,26,0,0,14336,26,10632602962
5186,2176794431,1518,2176795949,8,0,1,1536,8,7875037544
5187,2176798015,186227,2176984242,22,0,0,51712,22,1743195898
5188,2176807198,273158,2177080356,4,0,0,134144,4,1377968717
5189,2176825222,3422,2176828644,1,0,1,3584,1,10063147145
5190,2176852994,105406,2176958400,9,0,0,512,9,3686019722
5191,2176919487,1042,2176920529,0,0,1,1024,0,2402497782
5192,2176958426,6229,2176964655,22,0,1,15360,22,524843811
5193,2176987961,116441,2177104402,24,0,0,43008,24,7869676870
5194,2177013758,66785,2177080543,5,0,0,512,5,2971451664
5195,2177041864,119768,2177161632,19,0,0,12288,19,5081088733
5196,2177054417,97854,2177152271,29,0,0,5120,29,4175880552
5197,2177113968,134994,2177248962,29,0,0,72192,29,2171933154
5198,2177117532,7230,2177124762,10,0,1,7680,10,2796412490
5199,2177133655,10241,2177143896,13,0,1,16384,13,416594930
5200,2177135014,17272,2177152286,20,0,1,22016,20,8316408913
5201,2177171061,4850,2177175911,15,0,1,5120,15,3147678703
5202,2177188499,88620,2177277119,4,0,0,2048,4,3801352736
5203,2177198328,111172,2177309500,9,0,0,2048,9,3419832554
5204,2177216287,1042,2177217329,6,0,1,1024,6,6495512884
5205,2177218489,268694,2177487183,25,0,0,3584,25,7162371374
5206,2177227009,72701,2177299710,23,0,0,512,23,5703953776
5207,2177231127,171085,2177402212,7,0,0,2560,7,8011970894
5208,2177236230,13816,2177250046,12,0,1,1024,12,5252248978
5209,2177285871,47288,2177333159,23,0,0,1536,23,7974038
5210,2177337261,48980,2177386241,29,0,0,2048,29,9987519011
5211,2177344154,76232,2177420386,1,0,0,15872,1,7613065322
5212,2177356875,156294,2177513169,9,0,0,2048,9,4436690996
5213,2177370794,60926,2177431720,20,0,0,1536,20,107279195
5214,2177397205,14545,2177411750,29,0,1,28160,29,7890967424
5215,2177420420,134038,2177554458,27,0,0,55808,27,2523976341
5216,2177430427,181565,2177611992,16,0,0,1536,16,960922021
5217,2177448121,247595,2177695716,29,0,0,22016,29,3572458472
5218,2177458145,96796,2177554941,28,0,0,1536,28,6459731405
5219,2177461422,64912,2177526334,25,0,1,109568,25,1493638248
5220,2177462268,65052,2177527320,20,0,1,1536,20,989908994
5221,2177494436,131259,2177625695,26,0,0,33792,26,8037661580
5222,2177502467,26133,2177528600,14,0,1,14336,14,3251614973
5223,2177538434,109580,2177648014,5,0,0,512,5,7374778991
5224,2177539607,323019,2177862626,27,0,0,109056,27,10061481480
5225,2177563639,6278,2177569917,6,0,1,6656,6,1193893303
5226,2177566566,213691,2177780257,0,0,0,121856,0,4264861639
5227,2177622950,8539,2177631489,12,0,1,6144,12,3123629190
5228,2177632519,196261,2177828780,5,0,0,1536,5,6304537272
5229,2177664101,3387,2177667488,14,0,1,9728,14,10485122680
5230,2177733716,1994,2177735710,10,0,1,2048,10,8524431071
5231,2177737725,136700,2177874425,18,0,0,25600,18,6941522182
5232,2177744272,120717,2177864989,15,0,0,7680,15,4815514323
5233,2177777962,123054,2177901016,0,0,0,3584,0,7657572733
5234,2177810767,3422,2177814189,14,0,1,3584,14,5337528585
5235,2177834355,76118,2177910473,9,0,0,512,9,361359477
5236,2177841675,210874,2178052549,13,0,0,38912,13,4512893185
5237,2177894532,1994,2177896526,24,0,1,2048,24,2673347113
5238,2177898867,1042,2177899909,0,0,1,1024,0,734481759
5239,2177905093,91168,2177996261,10,0,0,512,10,1860267996
5240,2177934596,1042,2177935638,29,0,1,1024,29,8529545590
5241,2177939735,4850,2177944585,24,0,1,5120,24,3058625431
5242,2177942380,51168,2177993548,2,0,0,2560,2,3958192897
5243,2177964068,566,2177964634,9,0,1,512,9,6200882575
5244,2177975614,52364,2178027978,1,0,0,3072,1,10185021925
5245,2177984773,1518,2177986291,16,0,1,1536,16,4897999816
5246,2178019557,4374,2178023931,5,0,1,4608,5,5740330397
5247,2178021368,47288,2178068656,2,0,0,1536,2,7884552461
5248,2178056946,1994,2178058940,23,0,1,2048,23,3646712239
5249,2178058454,1994,2178060448,0,0,1,2048,0,6235745506
5250,2178063057,3422,2178066479,10,0,1,3584,10,3090674494
5251,2178091280,48980,2178140260,19,0,0,2048,19,10437253494
5252,2178094063,110381,2178204444,25,0,0,2048,25,6031136880
5253,2178140968,2946,2178143914,15,0,1,3072,15,1246962800
5254,2178149272,106184,2178255456,15,0,0,48640,15,137935808
5255,2178163074,110850,2178273924,0,0,0,23552,0,4429926049
5256,2178165563,67703,2178233266,9,0,0,512,9,4463120272
5257,2178206142,99944,2178306086,19,0,0,28160,19,7668314713
5258,2178220521,1994,2178222515,1,0,1,2048,1,6462350276
5259,2178227799,83921,2178311720,25,0,0,512,25,5366706178
5260,2178248354,11944,2178260298,3,0,1,5120,3,2310503422
5261,2178268581,124942,2178393523,16,0,0,15872,16,3282420286
5262,2178271926,150461,2178422387,0,0,0,54272,0,4444725974
5263,2178324822,338576,2178663398,24,0,0,224256,24,5472327547
5264,2178351473,5326,2178356799,11,0,1,5632,11,6041367374
5265,2178353641,10499,2178364140,11,0,1,16896,11,6724644587
5266,2178380638,7706,2178388344,17,0,1,8192,17,2555012406
5267,2178399485,4374,2178403859,4,0,1,4608,4,9213735842
5268,2178430072,3422,2178433494,1,0,1,3584,1,9080669232
5269,2178432612,2870,2178435482,0,0,1,8704,0,2790871675
5270,2178444300,1042,2178445342,8,0,1,1024,8,6693499712
5271,2178445886,222363,2178668249,20,0,0,15872,20,1430942232
5272,2178446167,222588,2178668755,9,0,0,1024,9,7119155641
5273,2178473813,566,2178474379,6,0,1,512,6,154882410
5274,2178511110,7706,2178518816,29,0,1,8192,29,10721246449
5275,2178520294,148126,2178668420,28,0,0,512,28,3797017643
5276,2178542113,48980,2178591093,0,0,0,2048,0,6434675926
5277,2178550430,3904,2178554334,21,0,1,10752,21,8968577188
5278,2178565087,3128,2178568215,16,0,1,9216,16,6520136932
5279,2178583147,1518,2178584665,12,0,1,1536,12,7026009784
5280,2178586777,1042,2178587819,10,0,1,1024,10,6593080730
5281,2178599592,192049,2178791641,24,0,0,37376,24,7747406526
5282,2178636452,166764,2178803216,4,0,0,20480,4,5495103569
5283,2178643975,25380,2178669355,14,0,1,512,14,8327833410
5284,2178658698,138263,2178796961,24,0,0,11264,24,8537256963
5285,2178710761,106600,2178817361,25,0,0,512,25,4245077525
5286,2178743505,129602,2178873107,19,0,0,28160,19,84453920
5287,2178760794,6278,2178767072,17,0,1,6656,17,4662047840
5288,2178769902,47288,2178817190,9,0,0,1536,9,9628881102
5289,2178790329,143162,2178933491,15,0,0,65024,15,2212475099
5290,2178792068,86202,2178878270,19,0,0,16896,19,7024789096
5291,2178819417,231367,2179050784,16,0,0,68096,16,5295421364
5292,2178832844,129180,2178962024,6,0,0,9728,6,4686896590
5293,2178835137,5802,2178840939,20,0,1,6144,20,1899404749
5294,2178852074,5802,2178857876,20,0,1,6144,20,9004907469
5295,2178871490,127518,2178999008,5,0,0,512,5,3385568864
5296,2178874007,124830,2178998837,18,0,0,24064,18,2042203610
5297,2178880372,232230,2179112602,15,0,0,43008,15,7789544667
5298,2178924520,16260,2178940780,12,0,1,7680,12,4303498170
5299,2178929061,17845,2178946906,17,0,1,17920,17,9958096531
5300,2178931188,76946,2179008134,19,0,0,6656,19,568985238
5301,2178932064,23144,2178955208,4,0,1,23552,4,4970853352
5302,2179017669,1042,2179018711,1,0,1,1024,1,3054906125
5303,2179079084,1518,2179080602,1,0,1,1536,1,3750452823
5304,2179102794,16029,2179118823,13,0,1,15360,13,712399488
5305,2179185998,134136,2179320134,6,0,0,43520,6,1969694658
5306,2179186672,2946,2179189618,8,0,1,3072,8,5417171452
5307,2179198071,4420,2179202491,29,0,1,11776,29,8349095102
5308,2179201947,155416,2179357363,7,0,0,512,7,4477664191
5309,2179210888,4937,2179215825,13,0,1,12800,13,9896450193
5310,2179217693,3898,2179221591,14,0,1,4096,14,10135209315
5311,2179246262,222547,2179468809,16,0,0,25600,16,10612281674
5312,2179254052,566,2179254618,11,0,1,512,11,10631876806
5313,2179255064,102128,2179357192,13,0,0,35328,13,2663608601
5314,2179289630,77856,2179367486,20,0,0,5120,20,6341582511
5315,2179320215,193919,2179514134,21,0,0,22016,21,6963444438
5316,2179323687,79314,2179403001,9,0,0,1024,9,5059232725
5317,2179352675,6716,2179359391,16,0,1,2048,16,9683238536
5318,2179352892,154519,2179507411,23,0,0,24064,23,9591354490
5319,2179354430,78707,2179433137,26,0,0,13312,26,6395055754
5320,2179358680,5326,2179364006,24,0,1,5632,24,7727551255
5321,2179374790,3422,2179378212,23,0,1,3584,23,4003973607
5322,2179380196,3422,2179383618,14,0,1,3584,14,3447104105
5323,2179395876,7706,2179403582,15,0,1,8192,15,4628272774
5324,2179407543,109570,2179517113,6,0,0,9728,6,2578259139
5325,2179454135,139511,2179593646,18,0,0,62976,18,10189590356
5326,2179460906,11533,2179472439,17,0,1,18944,17,3929810229
5327,2179463265,138040,2179601305,21,0,0,25088,21,6702520584
5328,2179471426,5326,2179476752,26,0,1,5632,26,2097334288
5329,2179478217,1042,2179479259,15,0,1,1024,15,8171319409
5330,2179481015,120781,2179601796,10,0,0,1536,10,33218201
5331,2179534479,1042,2179535521,26,0,1,1024,26,9722917621
5332,2179559545,242169,2179801714,23,0,0,1536,23,6698505264
5333,2179565554,4850,2179570404,5,0,1,5120,5,1031936984
5334,2179592859,12024,2179604883,10,0,1,9216,10,1546809633
5335,2179612851,43904,2179656755,9,0,0,512,9,1131667315
5336,2179668801,48980,2179717781,3,0,0,2048,3,7392188243
5337,2179682940,2470,2179685410,14,0,1,2560,14,3716291901
5338,2179731754,55291,2179787045,12,0,0,3584,12,8681086822
5339,2179745914,1042,2179746956,6,0,1,1024,6,8926685096
5340,2179753299,100412,2179853711,0,0,0,29696,0,2740295534
5341,2179762200,7230,2179769430,12,0,1,7680,12,7580240539
5342,2179807423,6754,2179814177,3,0,1,7168,3,392739520
5343,2179811440,134780,2179946220,18,0,0,71680,18,5168619177
5344,2179815630,3898,2179819528,4,0,1,4096,4,3839614838
5345,2179852244,2501,2179854745,22,0,1,1024,22,2050991050
5346,2179930445,20158,2179950603,9,0,1,4608,9,888781258
5347,2179938560,14309,2179952869,11,0,1,3584,11,9544071926
5348,2179946778,53695,2180000473,10,0,0,4608,10,8962853623
5349,2179984643,3904,2179988547,8,0,1,10752,8,8552963039
5350,2180076503,2946,2180079449,9,0,1,3072,9,10387344424
5351,2180103925,4937,2180108862,18,0,1,12800,18,2085791516
5352,2180125190,3387,2180128577,14,0,1,9728,14,2630631763
5353,2180171687,5326,2180177013,1,0,1,5632,1,10574198381
5354,2180198753,2470,2180201223,22,0,1,2560,22,895836682
5355,2180215745,94006,2180309751,17,0,0,15360,17,9658320897
5356,2180217273,5712,2180222985,29,0,1,14336,29,4457481871
5357,2180246598,90368,2180336966,22,0,0,16896,22,7516590689
5358,2180257860,124929,2180382789,21,0,0,57344,21,7976785575
5359,2180304486,5280,2180309766,15,0,1,4096,15,3378644785
5360,2180330872,130003,2180460875,21,0,0,32256,21,8858265984
5361,2180342564,108468,2180451032,6,0,0,50176,6,10685856184
5362,2180358567,1518,2180360085,11,0,1,1536,11,5184363766
5363,2180364984,17820,2180382804,5,0,1,4608,5,8929715131
5364,2180376153,11493,2180387646,22,0,1,5120,22,8571658031
5365,2180390941,137679,2180528620,7,0,0,1024,7,2286376160
5366,2180399432,126974,2180526406,13,0,0,60416,13,1662243495
5367,2180446826,18908,2180465734,20,0,1,5120,20,4796856705
5368,2180450146,18814,2180468960,18,0,1,5120,18,4011326806
5369,2180476899,2946,2180479845,3,0,1,3072,3,3893436600
5370,2180484766,3904,2180488670,11,0,1,10752,11,358403878
5371,2180560180,144939,2180705119,2,0,0,512,2,4665458989
5372,2180563167,6278,2180569445,14,0,1,6656,14,5369226628
5373,2180590684,106964,2180697648,4,0,0,51200,4,7676849576
5374,2180596443,5802,2180602245,10,0,1,6144,10,1799032439
5375,2180604826,7230,2180612056,20,0,1,7680,20,1647023497
5376,2180608539,3863,2180612402,5,0,1,512,5,6715564828
5377,2180613771,91815,2180705586,7,0,0,512,7,7367090149
5378,2180638929,128296,2180767225,18,0,0,36864,18,8411381544
5379,2180642285,195870,2180838155,26,0,0,65536,26,7545865508
5380,2180648648,6229,2180654877,26,0,1,15360,26,8659229699
5381,2180662822,1042,2180663864,16,0,1,1024,16,9970537150
5382,2180675996,140573,2180816569,13,0,0,12288,13,1340295476
5383,2180682895,309339,2180992234,4,0,0,16384,4,1147261188
5384,2180713117,1518,2180714635,21,0,1,1536,21,7230284931
5385,2180742724,1042,2180743766,24,0,1,1024,24,7668191470
5386,2180748204,207262,2180955466,23,0,0,36864,23,6168346343
5387,2180749416,43904,2180793320,10,0,0,512,10,7023194308
5388,2180783408,117911,2180901319,16,0,0,62464,16,8867680976
5389,2180790084,3898,2180793982,21,0,1,4096,21,6453719431
5390,2180830374,8339,2180838713,0,0,1,512,0,9451051332
5391,2180860581,78601,2180939182,20,0,0,3584,20,2173571038
5392,2180891937,135685,2181027622,26,0,0,14336,26,5702953854
5393,2180900055,83575,2180983630,7,0,0,1024,7,10649826291
5394,2180904442,222078,2181126520,27,0,0,100864,27,173604626
5395,2180940661,566,2180941227,5,0,1,512,5,2446682619
5396,2180982272,1518,2180983790,21,0,1,1536,21,6584635439
5397,2180987984,4808,2180992792,21,0,1,512,21,5108731573
5398,2181020951,156385,2181177336,15,0,0,32256,15,8656881962
5399,2181031443,566,2181032009,8,0,1,512,8,9674634442
5400,2181033624,6754,2181040378,9,0,1,7168,9,3319663315
5401,2181064275,90446,2181154721,23,0,0,10752,23,10666677208
5402,2181066968,4850,2181071818,18,0,1,5120,18,2571078434
5403,2181084292,3422,2181087714,11,0,1,3584,11,2676264952
5404,2181114004,137460,2181251464,4,0,0,34816,4,3159168117
5405,2181159661,213028,2181372689,22,0,0,60928,22,4555409060
5406,2181171633,124114,2181295747,25,0,0,3584,25,4144080949
5407,2181175879,3944,2181179823,1,0,1,2560,1,6984247072
5408,2181195266,194882,2181390148,27,0,0,32256,27,3102824397
5409,2181199527,95113,2181294640,29,0,0,23040,29,5023209030
5410,2181200675,221656,2181422331,22,0,0,28160,22,8877107232
5411,2181201027,59803,2181260830,12,0,0,1024,12,3916789261
5412,2181205054,5326,2181210380,12,0,1,5632,12,3222569181
5413,2181208256,5670,2181213926,23,0,1,5632,23,7305347556
5414,2181212696,4374,2181217070,16,0,1,4608,16,9480024602
5415,2181214803,103603,2181318406,22,0,0,21504,22,7158949503
5416,2181221127,5326,2181226453,6,0,1,5632,6,6166314211
5417,2181234532,26313,2181260845,25,0,1,47616,25,7303485689
5418,2181281792,5712,2181287504,10,0,1,14336,10,4745663481
5419,2181336137,1518,2181337655,22,0,1,1536,22,474796553
5420,2181414944,225582,2181640526,16,0,0,25600,16,7835629846
5421,2181421866,45897,2181467763,9,0,0,512,9,7781644748
5422,2181457303,566,2181457869,29,0,1,512,29,6856368656
5423,2181462284,1994,2181464278,1,0,1,2048,1,7173179475
5424,2181535289,67275,2181602564,25,0,0,1536,25,8224977129
5425,2181543060,195779,2181738839,19,0,0,67072,19,3254304325
5426,2181552570,45596,2181598166,12,0,0,1024,12,1434230350
5427,2181554800,1518,2181556318,16,0,1,1536,16,9908019356
5428,2181568678,566,2181569244,9,0,1,512,9,7767597306
5429,2181572398,145990,2181718388,18,0,0,48128,18,5549970646
5430,2181582008,2470,2181584478,26,0,1,2560,26,10235827102
5431,2181587406,160356,2181747762,6,0,0,29184,6,5937761960
5432,2181588320,2870,2181591190,9,0,1,8704,9,8075317127
5433,2181690523,69841,2181760364,2,0,0,512,2,7994036512
5434,2181698737,108211,2181806948,24,0,0,42496,24,7425832659
5435,2181717145,36378,2181753523,25,0,1,6144,25,7550711407
5436,2181724206,127508,2181851714,1,0,0,16896,1,9570132176
5437,2181761091,566,2181761657,22,0,1,512,22,31687745
5438,2181765033,41930,2181806963,25,0,1,64000,25,10224968535
5439,2181807896,286104,2182094000,20,0,0,53760,20,3298690715
5440,2181811468,96190,2181907658,5,0,0,12288,5,5848854936
5441,2181813518,200292,2182013810,25,0,0,512,25,1393173130
5442,2181832432,75553,2181907985,2,0,0,1024,2,9484429419
5443,2181851185,47809,2181898994,28,0,0,1536,28,5829204261
5444,2181857321,4162,2181861483,26,0,1,11264,26,666620940
5445,2181862692,147190,2182009882,29,0,0,87552,29,1459231981
5446,2181886044,286084,2182172128,21,0,0,107520,21,7694332485
5447,2181908665,314110,2182222775,18,0,0,43520,18,4459070391
5448,2181934911,112085,2182046996,7,0,0,1024,7,5963281561
5449,2181947720,90432,2182038152,9,0,0,1536,9,9536481535
5450,2181965817,109121,2182074938,18,0,0,10240,18,3477653808
5451,2181966658,1518,2181968176,16,0,1,1536,16,6858022061
5452,2181970665,5326,2181975991,5,0,1,5632,5,8483576808
5453,2182000135,103977,2182104112,0,0,0,15360,0,6436819463
5454,2182007064,5781,2182012845,19,0,1,3072,19,4043563800
5455,2182026148,296741,2182322889,18,0,0,111616,18,5543938321
5456,2182028846,154700,2182183546,22,0,0,9728,22,1363300574
5457,2182035847,144720,2182180567,22,0,0,27648,22,4856523367
5458,2182047596,327823,2182375419,5,0,0,50176,5,10035547225
5459,2182055691,269553,2182325244,1,0,0,7680,1,6750189002
5460,2182072027,167749,2182239776,10,0,0,512,10,6151432348
5461,2182086174,295500,2182381674,20,0,0,20480,20,400420964
5462,2182101756,166541,2182268297,3,0,0,4096,3,8777286402
5463,2182112269,3898,2182116167,15,0,1,4096,15,5325546552
5464,2182114681,84216,2182198897,25,0,1,137216,25,9565898928
5465,2182119958,208897,2182328855,13,0,0,11776,13,4630986921
5466,2182121552,78331,2182199883,15,0,1,1536,15,1197265471
5467,2182155510,263799,2182419309,7,0,0,1536,7,8478198671
5468,2182162252,168070,2182330322,7,0,0,2048,7,3993999010
5469,2182239282,1994,2182241276,0,0,1,2048,0,8645618184
5470,2182240712,215647,2182456359,7,0,0,1024,7,642125497
5471,2182242008,392013,2182634021,5,0,0,140800,5,2024708737
5472,2182256994,4374,2182261368,11,0,1,4608,11,4579797489
5473,2182261994,3898,2182265892,0,0,1,4096,0,1936130854
5474,2182303992,86923,2182390915,10,0,0,512,10,1706659143
5475,2182351882,3387,2182355269,19,0,1,9728,19,1602214667
5476,2182358620,23069,2182381689,1,0,1,9216,1,3249635600
5477,2182364785,211220,2182576005,12,0,0,512,12,5169605973
5478,2182390486,10757,2182401243,0,0,1,17408,0,4794714418
5479,2182391846,10063,2182401909,10,0,1,1024,10,10344532120
5480,2182451068,140038,2182591106,4,0,0,15872,4,2367887821
5481,2182464009,2470,2182466479,19,0,1,2560,19,2467413912
5482,2182467258,207896,2182675154,19,0,0,53760,19,580267404
5483,2182538195,3645,2182541840,10,0,1,10240,10,6623321535
5484,2182572423,2946,2182575369,16,0,1,3072,16,972202241
5485,2182580596,100180,2182680776,28,0,0,512,28,10437776032
5486,2182611135,132066,2182743201,10,0,0,1024,10,3391519832
5487,2182615288,127586,2182742874,27,0,0,57344,27,2350560002
5488,2182637469,127569,2182765038,20,0,0,34304,20,7853362896
5489,2182644177,3898,2182648075,9,0,1,4096,9,9750160503
5490,2182650674,93478,2182744152,22,0,0,3072,22,10505910847
5491,2182652929,566,2182653495,18,0,1,512,18,5446205056
5492,2182661497,15167,2182676664,9,0,1,1536,9,4949706723
5493,2182716440,1518,2182717958,3,0,1,1536,3,257416619
5494,2182721178,195705,2182916883,24,0,0,30720,24,1744980471
5495,2182738153,10407,2182748560,24,0,1,4608,24,4672620968
5496,2182741178,8688,2182749866,0,0,1,2048,0,2667590892
5497,2182743513,61407,2182804920,25,0,0,512,25,9666543057
5498,2182752287,59971,2182812258,7,0,0,512,7,4043032119
5499,2182756768,131348,2182888116,13,0,0,21504,13,8241781524
5500,2182761335,146173,2182907508,20,0,0,29696,20,4560598848
5501,2182791854,185667,2182977521,3,0,0,39424,3,5844318880
5502,2182826702,4850,2182831552,17,0,1,5120,17,10393210798
5503,2182834455,160853,2182995308,26,0,0,25600,26,776162107
5504,2182841736,3645,2182845381,24,0,1,10240,24,1333264037
5505,2182863278,3128,2182866406,23,0,1,9216,23,3385161402
5506,2182881273,6858,2182888131,21,0,1,6144,21,3726569316
5507,2182887052,8301,2182895353,19,0,1,7680,19,1606200370
5508,2182902384,18882,2182921266,11,0,1,4608,11,8468577286
5509,2182914208,9324,2182923532,21,0,1,3584,21,6082258918
5510,2182919192,6606,2182925798,16,0,1,3584,16,2593346430
5511,2182924805,3422,2182928227,26,0,1,3584,26,7752112093
5512,2182999892,101972,2183101864,5,0,0,34816,5,2692975117
5513,2183026617,92847,2183119464,25,0,0,1536,25,2752966481
5514,2183040406,566,2183040972,4,0,1,512,4,4314230911
5515,2183057526,207099,2183264625,27,0,0,60928,27,3809986699
5516,2183057826,234270,2183292096,18,0,0,90112,18,7057758424
5517,2183065651,1042,2183066693,12,0,1,1024,12,3785118854
5518,2183073160,2946,2183076106,14,0,1,3072,14,9447021040
5519,2183081965,2946,2183084911,24,0,1,3072,24,4718099014
5520,2183100755,124422,2183225177,15,0,0,4096,15,2626125520
5521,2183107545,566,2183108111,24,0,1,512,24,9307211256
5522,2183141896,191897,2183333793,0,0,0,71168,0,1966687559
5523,2183145076,4937,2183150013,1,0,1,12800,1,4244944557
5524,2183156563,10757,2183167320,19,0,1,17408,19,5308901368
5525,2183190492,101799,2183292291,9,0,0,512,9,4881765537
5526,2183209863,195576,2183405439,19,0,0,78336,19,5520441395
5527,2183269123,163526,2183432649,0,0,0,10240,0,6652531067
5528,2183278590,15178,2183293768,11,0,1,1536,11,4140324033
5529,2183283858,72311,2183356169,25,0,0,1024,25,4641359046
5530,2183305749,219528,2183525277,6,0,0,9728,6,61206549
5531,2183310379,566,2183310945,11,0,1,512,11,1198868595
5532,2183323999,12732,2183336731,26,0,1,3072,26,6440280999
5533,2183340332,6278,2183346610,10,0,1,6656,10,8708430906
5534,2183388974,140107,2183529081,10,0,0,2048,10,7529519407
5535,2183418319,100256,2183518575,26,0,0,29184,26,2538813228
5536,2183430524,129775,2183560299,28,0,0,2560,28,8057875530
5537,2183441646,4374,2183446020,4,0,1,4608,4,2873697112
5538,2183452694,5802,2183458496,14,0,1,6144,14,6780036100
5539,2183453295,81676,2183534971,26,0,0,8192,26,8213027831
5540,2183454866,4936,2183459802,21,0,1,2048,21,3831446699
5541,2183477156,133663,2183610819,22,0,0,32256,22,1591898297
5542,2183493900,62269,2183556169,2,0,0,1024,2,2166979870
5543,2183511455,7678,2183519133,19,0,1,512,19,4159475509
5544,2183569875,13341,2183583216,29,0,1,22528,29,618157173
5545,2183581951,98564,2183680515,3,0,0,28672,3,8789382877
5546,2183602360,54047,2183656407,7,0,0,1024,7,5131834308
5547,2183642248,566,2183642814,9,0,1,512,9,8910197510
5548,2183697912,50672,2183748584,17,0,0,2560,17,8380430945
5549,2183705215,89012,2183794227,23,0,0,22528,23,423972870
5550,2183744654,1994,2183746648,15,0,1,2048,15,7881924862
5551,2183747172,59992,2183807164,29,0,0,3072,29,8941369925
5552,2183788300,82595,2183870895,6,0,0,12288,6,3189489275
5553,2183800360,5712,2183806072,15,0,1,14336,15,2883515710
5554,2183896731,3645,2183900376,18,0,1,10240,18,7161130922
5555,2183909810,190156,2184099966,22,0,0,11264,22,6654247881
5556,2183928834,15837,2183944671,25,0,1,30720,25,2298325545
5557,2183936307,10310,2183946617,20,0,1,3072,20,895892401
5558,2183945412,2870,2183948282,12,0,1,8704,12,7834346029
5559,2183949551,269294,2184218845,2,0,0,1024,2,7534527593
5560,2183952136,193009,2184145145,1,0,0,512,1,161572565
5561,2183961436,2470,2183963906,26,0,1,2560,26,5999094158
5562,2183968100,4420,2183972520,25,0,1,11776,25,7829843402
5563,2183999265,96224,2184095489,23,0,0,20992,23,3408303221
5564,2184002309,173094,2184175403,18,0,0,55296,18,2859173196
5565,2184019506,6754,2184026260,12,0,1,7168,12,5224882287
5566,2184048023,170487,2184218510,16,0,0,68608,16,8446866183
5567,2184072698,1994,2184074692,17,0,1,2048,17,9072775563
5568,2184079433,139903,2184219336,22,0,0,1536,22,5631670415
5569,2184084311,154711,2184239022,19,0,0,9728,19,3755205778
5570,2184103859,75927,2184179786,16,0,0,14336,16,5361764053
5571,2184121333,136905,2184258238,4,0,0,25600,4,9298350389
5572,2184188700,185956,2184374656,18,0,0,48640,18,7433411893
5573,2184194841,138151,2184332992,16,0,0,73216,16,2776709190
5574,2184199488,133831,2184333319,17,0,0,1024,17,10022304765
5575,2184206217,15072,2184221289,15,0,1,2048,15,7337059120
5576,2184229953,5712,2184235665,23,0,1,14336,23,1147983332
5577,2184294251,171212,2184465463,27,0,0,33280,27,913764345
5578,2184323293,12964,2184336257,15,0,1,3072,15,9402000211
5579,2184378509,4420,2184382929,10,0,1,11776,10,1441346126
5580,2184427653,11791,2184439444,21,0,1,19456,21,293909032
5581,2184471702,1518,2184473220,17,0,1,1536,17,621150413
5582,2184513310,1042,2184514352,5,0,1,1024,5,1455519209
5583,2184528187,218546,2184746733,16,0,0,62976,16,264167968
5584,2184545663,45596,2184591259,10,0,0,1024,10,8445833166
5585,2184572343,93056,2184665399,12,0,0,512,12,646549281
5586,2184585329,134110,2184719439,26,0,0,28160,26,273415791
5587,2184612338,177679,2184790017,5,0,0,36864,5,2052944723
5588,2184627352,2470,2184629822,19,0,1,2560,19,6362102360
5589,2184649230,100326,2184749556,20,0,0,9216,20,8298537882
5590,2184675047,7230,2184682277,10,0,1,7680,10,3995122288
5591,2184715722,77118,2184792840,19,0,0,9216,19,8945893590
5592,2184741772,91451,2184833223,29,0,0,10752,29,1775926930
5593,2184786977,7415,2184794392,21,0,1,1536,21,2273536333
5594,2184791324,3414,2184794738,26,0,1,512,26,2543745980
5595,2184791602,110272,2184901874,16,0,0,57856,16,4679603364
5596,2184873445,6754,2184880199,29,0,1,7168,29,2396504983
5597,2184881345,20544,2184901889,29,0,1,7168,29,3617326294
5598,2184945801,2946,2184948747,10,0,1,3072,10,6947264890
5599,2184956768,6754,2184963522,23,0,1,7168,23,6376596759
5600,2184960269,92554,2185052823,6,0,0,9728,6,2199681591
5601,2184968933,47288,2185016221,28,0,0,1536,28,1675745035
5602,2184975154,4374,2184979528,17,0,1,4608,17,8071120965
5603,2184977662,2212,2184979874,22,0,1,512,22,9552908800
5604,2184979293,118246,2185097539,27,0,0,40448,27,10527915001
5605,2185012556,5802,2185018358,11,0,1,6144,11,5004170054
5606,2185049696,120669,2185170365,15,0,0,22528,15,125388028
5607,2185091875,9095,2185100970,18,0,1,3584,18,8865892657
5608,2185094051,196332,2185290383,0,0,0,27136,0,9101859054
5609,2185097923,150328,2185248251,21,0,0,50176,21,1673811921
5610,2185103288,3645,2185106933,24,0,1,10240,24,2653819449
5611,2185105953,5700,2185111653,23,0,1,13312,23,7675676213
5612,2185115639,235439,2185351078,7,0,0,1024,7,1271901718
5613,2185132261,137560,2185269821,13,0,0,24064,13,7586841024
5614,2185184588,47600,2185232188,3,0,0,2560,3,9775107738
5615,2185206856,130795,2185337651,26,0,0,3584,26,7396089807
5616,2185212475,566,2185213041,7,0,1,512,7,3777812166
5617,2185225022,83026,2185308048,10,0,0,1024,10,5256474271
5618,2185230752,17514,2185248266,18,0,1,4096,18,8746823108
5619,2185243236,17071,2185260307,12,0,1,19968,12,6690902101
5620,2185275956,88676,2185364632,4,0,0,16384,4,5168589283
5621,2185283640,7301,2185290941,0,0,1,512,0,6574571643
5622,2185324729,1042,2185325771,24,0,1,1024,24,6542485804
5623,2185368957,45596,2185414553,4,0,0,1024,4,4712718701
5624,2185380232,48980,2185429212,2,0,0,2048,2,10554583499
5625,2185436744,200049,2185636793,18,0,0,71680,18,527307954
5626,2185450713,153476,2185604189,4,0,0,45568,4,478028044
5627,2185481082,1042,2185482124,16,0,1,1024,16,7047208252
5628,2185484335,2870,2185487205,14,0,1,8704,14,10637592389
5629,2185498270,87655,2185585925,2,0,0,512,2,4069098212
5630,2185500582,233589,2185734171,0,0,0,11264,0,3784521527
5631,2185517331,91875,2185609206,10,0,0,512,10,3652757846
5632,2185521318,6278,2185527596,0,0,1,6656,0,8843546555
5633,2185585612,118263,2185703875,4,0,0,54272,4,1633307783
5634,2185600538,4226,2185604764,3,0,1,512,3,4370669713
5635,2185600787,5085,2185605872,21,0,1,1536,21,9807131948
5636,2185607213,123511,2185730724,5,0,0,48128,5,9321959407
5637,2185610688,184998,2185795686,16,0,0,38400,16,8678485168
5638,2185641092,3422,2185644514,10,0,1,3584,10,8972169774
5639,2185709327,101192,2185810519,20,0,0,32256,20,9276834818
5640,2185729493,11424,2185740917,12,0,1,7168,12,3599550438
5641,2185735996,135071,2185871067,22,0,0,15360,22,9789020471
5642,2185752454,101240,2185853694,18,0,0,11264,18,3837333255
5643,2185763160,2470,2185765630,24,0,1,2560,24,1233039143
5644,2185813836,68426,2185882262,10,0,0,1024,10,1206982278
5645,2185824637,5326,2185829963,4,0,1,5632,4,584366055
5646,2185831821,62289,2185894110,28,0,0,512,28,5854006003
5647,2185863936,7146,2185871082,17,0,1,3584,17,2319450767
5648,2185889097,43904,2185933001,10,0,0,512,10,9321034771
5649,2185905459,1518,2185906977,3,0,1,1536,3,5871529876
5650,2185971491,82220,2186053711,19,0,0,15360,19,9553613973
5651,2185987464,186239,2186173703,24,0,0,26112,24,1808566229
5652,2185988025,100880,2186088905,13,0,0,31232,13,3595291825
5653,2185993333,4850,2185998183,16,0,1,5120,16,10601019706
5654,2186002128,88615,2186090743,18,0,0,3584,18,7948788495
5655,2186052975,154358,2186207333,29,0,0,49664,29,7326416031
5656,2186058280,7706,2186065986,0,0,1,8192,0,9377501325
5657,2186060728,255613,2186316341,24,0,0,104960,24,5123912086
5658,2186061333,296378,2186357711,22,0,0,101376,22,5846464387
5659,2186081655,183274,2186264929,4,0,0,4096,4,4685111448
5660,2186125964,200844,2186326808,24,0,0,34304,24,943815000
5661,2186198384,21266,2186219650,1,0,1,20480,1,379854
5662,2186199688,23508,2186223196,12,0,1,5632,12,7779837822
5663,2186273890,84328,2186358218,7,0,0,1536,7,6189224901
5664,2186312701,149583,2186462284,17,0,0,22528,17,10128259535
5665,2186320874,45034,2186365908,15,0,1,8192,15,10091868294
5666,2186337087,118318,2186455405,6,0,0,30720,6,6036444767
5667,2186348608,62308,2186410916,28,0,0,512,28,8794838361
5668,2186366068,2946,2186369014,7,0,1,3072,7,9507672760
5669,2186371392,191225,2186562617,6,0,0,9216,6,3755958220
5670,2186384905,132322,2186517227,22,0,0,9728,22,8387051693
5671,2186400051,96610,2186496661,3,0,0,2560,3,673965841
5672,2186441660,33591,2186475251,25,0,1,55296,25,9076087393
5673,2186447556,58649,2186506205,1,0,0,512,1,3426565167
5674,2186461693,74368,2186536061,16,0,0,12800,16,8666089930
5675,2186495634,172157,2186667791,7,0,0,1024,7,5457281323
5676,2186505542,238806,2186744348,23,0,0,37888,23,8693213907
5677,2186545192,93752,2186638944,15,0,0,17920,15,958962171
5678,2186586898,225154,2186812052,17,0,0,73216,17,5276778038
5679,2186607666,4937,2186612603,17,0,1,12800,17,7910413313
5680,2186626813,13512,2186640325,29,0,1,26112,29,1404611896
5681,2186647122,566,2186647688,0,0,1,512,0,5870529671
5682,2186650422,72668,2186723090,0,0,0,9216,0,5917766281
5683,2186650679,95661,2186746340,5,0,0,4096,5,6189127873
5684,2186653404,2870,2186656274,23,0,1,8704,23,9873409990
5685,2186659761,45596,2186705357,17,0,0,1024,17,7248462499
5686,2186660396,1994,2186662390,20,0,1,2048,20,2170408693
5687,2186702961,109730,2186812691,3,0,0,2048,3,8147159944
5688,2186723306,89556,2186812862,10,0,0,512,10,271816742
5689,2186728215,127240,2186855455,3,0,0,3072,3,3263300953
5690,2186776418,71616,2186848034,17,0,0,8704,17,2391232639
5691,2186777282,3898,2186781180,9,0,1,4096,9,8888582078
5692,2186777806,7880,2186785686,12,0,1,7168,12,2923353075
5693,2186802095,144735,2186946830,0,0,0,31232,0,4760337955
5694,2186819713,104780,2186924493,26,0,0,44032,26,1600203931
5695,2186824717,57194,2186881911,7,0,0,512,7,870781807
5696,2186839569,4374,2186843943,0,0,1,4608,0,5378491704
5697,2186846768,113383,2186960151,20,0,0,8704,20,7661653186
5698,2186847474,187983,2187035457,6,0,0,43008,6,4539597191
5699,2186862334,2870,2186865204,20,0,1,8704,20,10500641645
5700,2186868866,91986,2186960852,2,0,0,512,2,10469358931
5701,2186871284,2946,2186874230,7,0,1,3072,7,10108811038
5702,2186898132,2470,2186900602,22,0,1,2560,22,2289486863
5703,2186907041,101026,2187008067,5,0,0,29184,5,1516712954
5704,2186967011,5802,2186972813,15,0,1,6144,15,8901966356
5705,2186972435,5326,2186977761,18,0,1,5632,18,717706032
5706,2186981593,61430,2187043023,1,0,0,512,1,501750520
5707,2186999910,13645,2187013555,0,0,1,13824,0,3013997366
5708,2187001660,148880,2187150540,29,0,0,128512,29,8307359698
5709,2187007053,143830,2187150883,25,0,0,1024,25,3952973221
5710,2187036520,115166,2187151686,27,0,0,2560,27,4815661302
5711,2187047364,2470,2187049834,26,0,1,2560,26,791986024
5712,2187056226,566,2187056792,15,0,1,512,15,7305233010
5713,2187072951,1042,2187073993,26,0,1,1024,26,6039172707
5714,2187095386,213299,2187308685,5,0,0,77824,5,4535398727
5715,2187110689,112644,2187223333,18,0,0,31744,18,2573256211
5716,2187113848,125976,2187239824,1,0,0,512,1,8368495576
5717,2187115043,235444,2187350487,23,0,0,42496,23,7373397535
5718,2187134244,20823,2187155067,22,0,1,3584,22,2866638691
5719,2187163798,4374,2187168172,5,0,1,4608,5,5192252974
5720,2187196457,1994,2187198451,26,0,1,2048,26,3604676357
5721,2187213452,10499,2187223951,4,0,1,16896,4,10086026275
5722,2187294480,18095,2187312575,18,0,1,4096,18,5596917337
5723,2187347310,100473,2187447783,20,0,0,20480,20,8852761074
5724,2187375030,103216,2187478246,6,0,0,12288,6,3153978604
5725,2187376721,185678,2187562399,23,0,0,58368,23,10673241809
5726,2187378092,4374,2187382466,11,0,1,4608,11,8834910956
5727,2187389894,101660,2187491554,21,0,0,33792,21,10401820562
5728,2187467355,103483,2187570838,0,0,0,27648,0,1747688025
5729,2187467833,566,2187468399,17,0,1,512,17,10511998925
5730,2187489183,94354,2187583537,23,0,0,5632,23,10546563879
5731,2187561243,121855,2187683098,17,0,0,68608,17,764055332
5732,2187571534,174510,2187746044,23,0,0,55808,23,7335249145
5733,2187580844,50672,2187631516,17,0,0,2560,17,7310945799
5734,2187587577,136021,2187723598,21,0,0,25088,21,5712991732
5735,2187602123,402074,2188004197,6,0,0,1024,6,6565699108
5736,2187608175,217159,2187825334,4,0,0,6656,4,4756387102
5737,2187619941,3904,2187623845,7,0,1,10752,7,6276266451
5738,2187643247,201167,2187844414,7,0,0,512,7,513326514
5739,2187658965,24180,2187683145,25,0,1,35328,25,82724672
5740,2187665339,111371,2187776710,13,0,0,22528,13,7675462574
5741,2187670381,15730,2187686111,18,0,1,3072,18,372351399
5742,2187673536,15161,2187688697,14,0,1,4096,14,9254293635
5743,2187680351,276334,2187956685,17,0,0,86528,17,6694964791
5744,2187687116,6754,2187693870,23,0,1,7168,23,8887894108
5745,2187690612,230395,2187921007,24,0,0,54272,24,995290012
5746,2187715399,243961,2187959360,26,0,0,8704,26,7002708774
5747,2187721701,6568,2187728269,18,0,1,12288,18,3782597984
5748,2187724849,279021,2188003870,22,0,0,22528,22,7816736902
5749,2187748518,20624,2187769142,29,0,1,33280,29,4815164859
5750,2187752906,23827,2187776733,12,0,1,3072,12,8922553226
5751,2187754343,22405,2187776748,11,0,1,4608,11,960320548
5752,2187770367,129577,2187899944,17,0,0,23552,17,8233311257
5753,2187796843,1042,2187797885,16,0,1,1024,16,9325621631
5754,2187831144,5326,2187836470,21,0,1,5632,21,656422370
5755,2187841534,135486,2187977020,3,0,0,2048,3,4514015482
5756,2187844550,231566,2188076116,24,0,0,26624,24,5012622190
5757,2187862015,3904,2187865919,10,0,1,10752,10,2327320894
5758,2187866455,7706,2187874161,18,0,1,8192,18,7049990818
5759,2187868075,178677,2188046752,21,0,0,47104,21,5455326258
5760,2187930877,33292,2187964169,18,0,1,5120,18,659161650
5761,2187988255,5326,2187993581,10,0,1,5632,10,10725196662
5762,2187989042,5525,2187994567,6,0,1,1536,6,1647621678
5763,2188026298,1994,2188028292,9,0,1,2048,9,10660296614
5764,2188048091,144663,2188192754,22,0,0,65536,22,4398471870
5765,2188051292,566,2188051858,20,0,1,512,20,4419737004
5766,2188053373,566,2188053939,26,0,1,512,26,7503199869
5767,2188059057,6278,2188065335,6,0,1,6656,6,10541947078
5768,2188117148,191565,2188308713,24,0,0,56832,24,7735583119
5769,2188126042,3422,2188129464,22,0,1,3584,22,10691285130
5770,2188166659,4162,2188170821,10,0,1,11264,10,10148181345
5771,2188171258,104834,2188276092,6,0,0,9728,6,10046503994
5772,2188194298,3422,2188197720,1,0,1,3584,1,6977037180
5773,2188199869,566,2188200435,3,0,1,512,3,53443331
5774,2188226598,1518,2188228116,20,0,1,1536,20,7547276931
5775,2188241117,1042,2188242159,24,0,1,1024,24,5985206060
5776,2188280020,7230,2188287250,24,0,1,7680,24,5355455650
5777,2188280506,8690,2188289196,5,0,1,3072,5,6566327619
5778,2188289868,175074,2188464942,22,0,0,44544,22,831523067
5779,2188313594,3128,2188316722,12,0,1,9216,12,3867261049
5780,2188353862,47288,2188401150,21,0,0,1536,21,2752244540
5781,2188368141,11791,2188379932,25,0,1,19456,25,6668985391
5782,2188380635,3128,2188383763,21,0,1,9216,21,7279429450
5783,2188383963,198095,2188582058,23,0,0,62464,23,3240333134
5784,2188405079,3391,2188408470,20,0,1,9728,20,2692622543
5785,2188408406,4374,2188412780,14,0,1,4608,14,5554157510
5786,2188412183,174890,2188587073,4,0,0,16384,4,6203759211
5787,2188420884,277357,2188698241,13,0,0,98816,13,6837375503
5788,2188431798,231631,2188663429,26,0,0,51200,26,5402260256
5789,2188459914,72890,2188532804,3,0,0,512,3,3606771677
5790,2188466401,315869,2188782270,20,0,0,34816,20,4152861169
5791,2188480588,64483,2188545071,25,0,1,105472,25,5999025530
5792,2188508097,40840,2188548937,9,0,1,6144,9,6910617675
5793,2188508957,94352,2188603309,19,0,0,5120,19,2888868137
5794,2188515505,35378,2188550883,9,0,1,3072,9,6110383900
5795,2188528351,26078,2188554429,11,0,1,5632,11,7344549650
5796,2188564938,62708,2188627646,3,0,0,1024,3,359686382
5797,2188578430,193209,2188771639,24,0,0,92672,24,9560233344
5798,2188621321,1994,2188623315,1,0,1,2048,1,8917237652
5799,2188667392,144707,2188812099,9,0,0,512,9,8217224116
5800,2188714887,3898,2188718785,24,0,1,4096,24,10402947300
5801,2188746715,41817,2188788532,16,0,1,6656,16,3790303752
5802,2188771533,17972,2188789505,26,0,1,12800,26,9534582076
5803,2188779986,105550,2188885536,9,0,0,1024,9,1028576902
5804,2188789597,1042,2188790639,12,0,1,1024,12,4542055361
5805,2188794450,142528,2188936978,15,0,0,41984,15,105762298
5806,2188818477,1518,2188819995,0,0,1,1536,0,9661710831
5807,2188835652,162534,2188998186,4,0,0,18432,4,4947076891
5808,2188837814,128549,2188966363,15,0,0,22016,15,5881558387
5809,2188868186,130327,2188998513,1,0,0,1024,1,9402812420
5810,2188889821,153205,2189043026,18,0,0,39424,18,3597808727
5811,2188914443,3422,2188917865,14,0,1,3584,14,2913128961
5812,2188919243,47447,2188966690,3,0,0,1024,3,7980479945
5813,2188921694,15299,2188936993,18,0,1,7680,18,5974421661
5814,2188942816,100397,2189043213,10,0,0,512,10,6890293089
5815,2188981701,566,2188982267,10,0,1,512,10,7629567854
5816,2189002350,82064,2189084414,17,0,0,14848,17,4974369191
5817,2189024469,45596,2189070065,7,0,0,1024,7,10586678511
5818,2189038196,250288,2189288484,23,0,0,69632,23,8786098804
5819,2189040229,3509,2189043738,19,0,1,512,19,2449456830
5820,2189047645,2870,2189050515,23,0,1,8704,23,1960682899
5821,2189052981,5326,2189058307,0,0,1,5632,0,5710712061
5822,2189072049,6278,2189078327,4,0,1,6656,4,5713149513
5823,2189073098,46427,2189119525,28,0,0,512,28,9894685854
5824,2189080851,208007,2189288858,10,0,0,512,10,5555127898
5825,2189098673,168580,2189267253,29,0,0,25600,29,1096907652
5826,2189102842,134953,2189237795,5,0,0,44544,5,9342768335
5827,2189110798,4679,2189115477,10,0,1,12288,10,7358871296
5828,2189121665,166990,2189288655,3,0,0,512,3,9525605620
5829,2189132939,2470,2189135409,18,0,1,2560,18,10618071941
5830,2189139188,3898,2189143086,19,0,1,4096,19,8937925918
5831,2189155489,3898,2189159387,6,0,1,4096,6,1679860770
5832,2189165152,35829,2189200981,29,0,1,62976,29,8842105351
5833,2189166337,37230,2189203567,14,0,1,4096,14,4240933015
5834,2189201871,4602,2189206473,23,0,1,4608,23,10090664561
5835,2189220716,147671,2189368387,4,0,0,38912,4,8261964927
5836,2189230524,21121,2189251645,17,0,1,23552,17,8440375765
5837,2189248952,4420,2189253372,0,0,1,11776,0,2427189553
5838,2189250363,3995,2189254358,26,0,1,1536,26,551965701
5839,2189269220,20163,2189289383,1,0,1,512,1,7617274708
5840,2189273575,20335,2189293910,7,0,1,12800,7,4127720723
5841,2189277568,286706,2189564274,19,0,0,46592,19,8345620789
5842,2189283986,13049,2189297035,14,0,1,11264,14,4256456674
5843,2189323358,5802,2189329160,14,0,1,6144,14,4558135721
5844,2189333628,566,2189334194,12,0,1,512,12,10236500353
5845,2189352674,151564,2189504238,18,0,0,33280,18,5419854317
5846,2189360020,10846,2189370866,20,0,1,2560,20,7734388385
5847,2189365461,182431,2189547892,6,0,0,12288,6,9795531061
5848,2189369762,2730,2189372492,0,0,1,2560,0,8798737498
5849,2189376192,202605,2189578797,24,0,0,47616,24,569952283
5850,2189402055,135903,2189537958,24,0,0,17920,24,10414315683
5851,2189412407,217040,2189629447,19,0,0,18944,19,3017841382
5852,2189444497,7230,2189451727,4,0,1,7680,4,10001233343
5853,2189528035,566,2189528601,26,0,1,512,26,1680207551
5854,2189561295,24741,2189586036,15,0,1,7680,15,3018825515
5855,2189573466,14196,2189587662,22,0,1,2560,22,8094946388
5856,2189600399,51581,2189651980,3,0,0,2048,3,4435063814
5857,2189604350,175472,2189779822,22,0,0,30208,22,2086972133
5858,2189644403,70602,2189715005,10,0,0,512,10,5944536060
5859,2189655457,96824,2189752281,0,0,0,17920,0,9042138905
5860,2189656568,1042,2189657610,21,0,1,1024,21,1854026952
5861,2189663088,2470,2189665558,0,0,1,2560,0,6810030585
5862,2189683726,566,2189684292,1,0,1,512,1,2205874783
5863,2189683821,86782,2189770603,18,0,0,14848,18,1618810182
5864,2189736330,7706,2189744036,9,0,1,8192,9,3776945246
5865,2189738747,108964,2189847711,20,0,0,57344,20,6757160884
5866,2189756922,5196,2189762118,1,0,1,13312,1,2828012795
5867,2189762207,149170,2189911377,24,0,0,33280,24,7779343712
5868,2189768799,158700,2189927499,12,0,0,512,12,1884324282
5869,2189780166,114132,2189894298,20,0,0,4608,20,7162629687
5870,2189825414,153767,2189979181,18,0,0,38912,18,3996299829
5871,2189833120,78428,2189911548,28,0,0,512,28,7229828375
5872,2189836355,90965,2189927320,22,0,0,11776,22,8048858843
5873,2189841407,9991,2189851398,11,0,1,10240,11,6510676393
5874,2189867499,12049,2189879548,22,0,1,19968,22,6245999396
5875,2189867923,28142,2189896065,29,0,1,36864,29,1445717981
5876,2189888960,133940,2190022900,15,0,0,58880,15,7223611257
5877,2189920026,126796,2190046822,7,0,0,512,7,6057676049
5878,2189924573,98818,2190023391,28,0,0,1536,28,9269882321
5879,2189933267,2870,2189936137,1,0,1,8704,1,8006427357
5880,2189956492,3898,2189960390,10,0,1,4096,10,9352049918
5881,2189963116,566,2189963682,12,0,1,512,12,6596176984
5882,2189966377,12819,2189979196,16,0,1,7168,16,9170886566
5883,2190007932,191124,2190199056,4,0,0,68608,4,224113696
5884,2190018002,5947,2190023949,0,0,1,512,0,140734621
5885,2190032930,3898,2190036828,17,0,1,4096,17,7250602368
5886,2190048501,1994,2190050495,6,0,1,2048,6,5535418204
5887,2190051848,58083,2190109931,1,0,0,2560,1,6617535915
5888,2190068356,225095,2190293451,26,0,0,59904,26,4983686837
5889,2190081444,2946,2190084390,15,0,1,3072,15,8357746806
5890,2190087927,4374,2190092301,5,0,1,4608,5,9265009466
5891,2190095916,2470,2190098386,23,0,1,2560,23,541199738
5892,2190139022,136111,2190275133,26,0,0,62976,26,2301795087
5893,2190151459,4850,2190156309,6,0,1,5120,6,10543206170
5894,2190186550,169920,2190356470,16,0,0,6656,16,2586577297
5895,2190199149,1518,2190200667,5,0,1,1536,5,7562538256
5896,2190266687,116519,2190383206,6,0,0,54784,6,322275550
5897,2190273026,149191,2190422217,15,0,0,26624,15,7640302110
5898,2190285699,122247,2190407946,9,0,0,2048,9,795599028
5899,2190295283,4850,2190300133,16,0,1,5120,16,9222726541
5900,2190296828,11855,2190308683,29,0,1,19456,29,10645682866
5901,2190330822,5802,2190336624,12,0,1,6144,12,6211656194
5902,2190356099,8069,2190364168,29,0,1,8192,29,7595109276
5903,2190360450,80733,2190441183,13,0,0,2048,13,1194870311
5904,2190376495,10601,2190387096,18,0,1,4096,18,9382662461
5905,2190387692,6754,2190394446,22,0,1,7168,22,9834603033
5906,2190402199,1518,2190403717,15,0,1,1536,15,3641076317
5907,2190409549,122990,2190532539,25,0,0,1536,25,6952470039
5908,2190452101,45596,2190497697,12,0,0,1024,12,1817562579
5909,2190454003,5326,2190459329,11,0,1,5632,11,8008806390
5910,2190471534,130130,2190601664,25,0,0,512,25,576885309
5911,2190502254,147971,2190650225,24,0,0,23040,24,4422436838
5912,2190512351,55748,2190568099,2,0,0,4096,2,9319619525
5913,2190546551,58497,2190605048,0,0,0,1536,0,8027555420
5914,2190603216,96308,2190699524,23,0,0,22016,23,3376790162
5915,2190613229,2946,2190616175,3,0,1,3072,3,6632404365
5916,2190630781,1042,2190631823,0,0,1,1024,0,106834652
5917,2190632638,3898,2190636536,17,0,1,4096,17,8108066719
5918,2190648402,5713,2190654115,0,0,1,4096,0,6160228869
5919,2190653510,7706,2190661216,14,0,1,8192,14,2218959071
5920,2190679766,1042,2190680808,18,0,1,1024,18,6267686604
5921,2190709667,123327,2190832994,18,0,0,42496,18,9861320271
5922,2190715992,10241,2190726233,25,0,1,16384,25,5927272039
5923,2190723393,3506,2190726899,23,0,1,1024,23,1165617295
5924,2190727906,106663,2190834569,21,0,0,5120,21,2811662162
5925,2190730214,2946,2190733160,6,0,1,3072,6,6821500844
5926,2190770814,566,2190771380,11,0,1,512,11,1272099945
5927,2190772212,1518,2190773730,4,0,1,1536,4,8806466411
5928,2190779862,128479,2190908341,6,0,0,31232,6,7002007593
5929,2190782961,181034,2190963995,26,0,0,51200,26,1372218306
5930,2190790721,50672,2190841393,21,0,0,2560,21,3298938664
5931,2190800896,1518,2190802414,7,0,1,1536,7,4816510593
5932,2190843881,3898,2190847779,11,0,1,4096,11,4051436630
5933,2190865373,31266,2190896639,25,0,1,50688,25,2079147122
5934,2190877852,19773,2190897625,1,0,1,1536,1,2956882299
5935,2190916950,120645,2191037595,4,0,0,34304,4,3792817210
5936,2190925513,4850,2190930363,16,0,1,5120,16,5694736320
5937,2190982563,68095,2191050658,1,0,0,512,1,2635522888
5938,2191004416,48980,2191053396,17,0,0,2048,17,858341177
5939,2191040418,566,2191040984,12,0,1,512,12,7713524173
5940,2191042260,164777,2191207037,26,0,0,80384,26,2733040473
5941,2191059721,3422,2191063143,12,0,1,3584,12,1873798075
5942,2191091017,566,2191091583,19,0,1,512,19,1536449721
5943,2191091291,145820,2191237111,21,0,0,15872,21,3763231681
5944,2191119707,2946,2191122653,21,0,1,3072,21,3037060925
5945,2191147610,92615,2191240225,12,0,0,512,12,2233445612
5946,2191159721,254929,2191414650,5,0,0,125952,5,10054275643
5947,2191166876,3387,2191170263,22,0,1,9728,22,173273840
5948,2191172531,160950,2191333481,29,0,0,39424,29,7841138590
5949,2191204627,96148,2191300775,3,0,0,1536,3,6224823696
5950,2191231166,1042,2191232208,16,0,1,1024,16,5246876115
5951,2191232000,5126,2191237126,3,0,1,3584,3,2416109739
5952,2191240331,235465,2191475796,20,0,0,88576,20,3734725856
5953,2191248958,16096,2191265054,17,0,1,31232,17,1913663793
5954,2191255002,78806,2191333808,10,0,0,1024,10,4612577911
5955,2191309573,166877,2191476450,12,0,0,1536,12,467768356
5956,2191329393,5449,2191334842,22,0,1,1024,22,4048400115
5957,2191335247,184013,2191519260,22,0,0,7168,22,935342120
5958,2191353065,1518,2191354583,24,0,1,1536,24,6362213399
5959,2191373533,41132,2191414665,3,0,1,13824,3,8733882949
5960,2191383818,92149,2191475967,3,0,0,512,3,8344479034
5961,2191420314,566,2191420880,11,0,1,512,11,5342191456
5962,2191436659,128472,2191565131,19,0,0,9216,19,8038728754
5963,2191483656,2946,2191486602,4,0,1,3072,4,5185280294
5964,2191512607,6668,2191519275,24,0,1,12800,24,8905322381
5965,2191563811,1878,2191565689,19,0,1,512,19,9005135115
5966,2191592931,114427,2191707358,25,0,0,1024,25,9022329515
5967,2191624008,6278,2191630286,0,0,1,6656,0,10543320286
5968,2191628510,99944,2191728454,25,0,0,28160,25,6131389750
5969,2191652194,114721,2191766915,4,0,0,24064,4,8356120722
5970,2191715506,110396,2191825902,15,0,0,62464,15,7001457888
5971,2191743982,3904,2191747886,15,0,1,10752,15,8455916260
5972,2191772142,3898,2191776040,11,0,1,4096,11,7400141438
5973,2191806910,23404,2191830314,11,0,1,11776,11,3406951624
5974,2191828187,5242,2191833429,26,0,1,4096,26,7389116833
5975,2191909449,54056,2191963505,21,0,0,3584,21,8839783262
5976,2191949203,108212,2192057415,24,0,0,55296,24,3087542979
5977,2191982866,47288,2192030154,3,0,0,1536,3,487773273
5978,2192009106,566,2192009672,6,0,1,512,6,4849708279
5979,2192013885,566,2192014451,3,0,1,512,3,5001849962
5980,2192079509,43904,2192123413,26,0,0,512,26,572321192
5981,2192091600,1994,2192093594,7,0,1,2048,7,6706587017
5982,2192107441,1518,2192108959,16,0,1,1536,16,10191844682
5983,2192149759,4420,2192154179,15,0,1,11776,15,6958452221
5984,2192182263,5326,2192187589,9,0,1,5632,9,2678820710
5985,2192195938,1042,2192196980,24,0,1,1024,24,1665709118
5986,2192223026,99164,2192322190,22,0,0,25600,22,5648516054
5987,2192239476,216043,2192455519,0,0,0,7680,0,5335327996
5988,2192260479,98384,2192358863,20,0,0,23040,20,2151414682
5989,2192292456,130897,2192423353,26,0,0,34304,26,65097949
5990,2192299490,250343,2192549833,22,0,0,99328,22,7280067071
5991,2192348545,566,2192349111,11,0,1,512,11,2624564563
5992,2192358956,305858,2192664814,20,0,0,70144,20,6979229093
5993,2192411652,11716,2192423368,3,0,1,3584,3,6797140272
5994,2192428416,566,2192428982,4,0,1,512,4,5251121124
5995,2192428933,4945,2192433878,26,0,1,12800,26,6758056654
5996,2192438393,44492,2192482885,25,0,1,73216,25,1340658083
5997,2192461186,310639,2192771825,20,0,0,19968,20,9182450796
5998,2192466929,18542,2192485471,14,0,1,4096,14,6329136376
5999,2192479619,6620,2192486239,16,0,1,11776,16,9713864775
6000,2192479903,6490,2192486393,21,0,1,8704,21,5220243083
6001,2192544809,7010,2192551819,7,0,1,2048,7,885547796
6002,2192557437,79904,2192637341,15,0,0,12800,15,7324467802
6003,2192568150,354737,2192922887,16,0,0,126464,16,4436257222
6004,2192571396,3423,2192574819,4,0,1,3584,4,9196637613
6005,2192571438,286370,2192857808,24,0,0,106496,24,199319006
6006,2192605248,151556,2192756804,6,0,0,13312,6,6763945432
6007,2192608205,254142,2192862347,17,0,0,14848,17,5968021396
6008,2192620103,5454,2192625557,5,0,1,13824,5,6229645372
6009,2192626209,3422,2192629631,5,0,1,3584,5,8183456980
6010,2192640086,410813,2193050899,27,0,0,6144,27,3468462655
6011,2192644751,180594,2192825345,22,0,0,34304,22,9137549151
6012,2192656798,10520,2192667318,4,0,1,2560,4,5843137644
6013,2192663652,8730,2192672382,14,0,1,7168,14,4742378596
6014,2192673964,324617,2192998581,0,0,0,8192,0,88237441
6015,2192682225,462626,2193144851,15,0,0,146944,15,424713395
6016,2192707462,67288,2192774750,12,0,0,512,12,6335790055
6017,2192712770,1518,2192714288,0,0,1,1536,0,9987941993
6018,2192725913,270157,2192996070,24,0,0,66560,24,5353440314
6019,2192730427,2946,2192733373,18,0,1,3072,18,2056533165
6020,2192785785,11016,2192796801,1,0,1,17920,1,10338745782
6021,2192786046,213174,2192999220,9,0,0,2048,9,111318467
6022,2192793015,152831,2192945846,15,0,0,15360,15,8050302159
6023,2192793307,83479,2192876786,9,0,0,1024,9,9743298124
6024,2192806545,3898,2192810443,4,0,1,4096,4,3212329021
6025,2192843111,165950,2193009061,3,0,0,1024,3,4075530821
6026,2192863582,139885,2193003467,12,0,0,512,12,173278260
6027,2192891292,37108,2192928400,17,0,1,13824,17,1338322694
6028,2192894450,277366,2193171816,27,0,0,71168,27,4979446370
6029,2192902404,362067,2193264471,23,0,0,136192,23,4861152933
6030,2192904322,187390,2193091712,25,0,0,47104,25,8867185596
6031,2192953877,74487,2193028364,10,0,0,512,10,6311161074
6032,2192965788,2870,2192968658,15,0,1,8704,15,3445629341
6033,2192988911,16103,2193005014,0,0,1,6144,0,8057232184
6034,2193023819,148324,2193172143,10,0,0,1024,10,1147193679
6035,2193031325,344428,2193375753,18,0,0,112128,18,169973799
6036,2193064679,207441,2193272120,5,0,0,5632,5,5536715055
6037,2193065142,6754,2193071896,22,0,1,7168,22,1831324368
6038,2193073553,18174,2193091727,23,0,1,4608,23,4124716729
6039,2193074728,225977,2193300705,29,0,0,27136,29,4514590124
6040,2193089695,377990,2193467685,18,0,0,114176,18,6247720883
6041,2193098649,46217,2193144866,15,0,1,3584,15,6800862429
6042,2193170057,5465,2193175522,5,0,1,9728,5,4520202564
6043,2193177050,3422,2193180472,9,0,1,3584,9,3036952237
6044,2193269082,6278,2193275360,10,0,1,6656,10,10363030423
6045,2193269268,315291,2193584559,23,0,0,103424,23,9967590450
6046,2193305950,6278,2193312228,18,0,1,6656,18,6666031541
6047,2193325659,164554,2193490213,24,0,0,54272,24,5747975449
6048,2193330354,185865,2193516219,12,0,0,40448,12,7085279898
6049,2193344617,423010,2193767627,0,0,0,110592,0,8535440218
6050,2193360784,18415,2193379199,22,0,1,9728,22,9386794750
6051,2193363609,18812,2193382421,12,0,1,10240,12,6727834827
6052,2193371305,14495,2193385800,9,0,1,10752,9,9501558840
6053,2193377208,10516,2193387724,9,0,1,2560,9,944943555
6054,2193382403,38426,2193420829,25,0,1,60928,25,6611539390
6055,2193403675,422974,2193826649,24,0,0,46080,24,9315404647
6056,2193405268,460759,2193866027,12,0,0,17920,12,4729655452
6057,2193411107,14868,2193425975,1,0,1,8192,1,3928839617
6058,2193432526,35174,2193467700,23,0,1,5120,23,5235330964
6059,2193441766,48462,2193490228,14,0,1,24064,14,6085499360
6060,2193447507,80859,2193528366,25,0,1,87040,25,4493279080
6061,2193492032,53218,2193545250,29,0,1,56320,29,9425077766
6062,2193539624,12825,2193552449,6,0,1,21504,6,234417702
6063,2193555063,462136,2194017199,5,0,0,26624,5,5869914304
6064,2193576298,11165,2193587463,15,0,1,8704,15,7524370837
6065,2193584067,183747,2193767814,3,0,0,512,3,7735302584
6066,2193592318,201819,2193794137,5,0,0,46592,5,5567507967
6067,2193648280,268796,2193917076,21,0,0,118272,21,1487120808
6068,2193655188,12049,2193667237,5,0,1,19968,5,65353401
6069,2193660004,138851,2193798855,27,0,0,15360,27,9672774226
6070,2193700993,303879,2194004872,13,0,0,46080,13,5176469357
6071,2193715297,3904,2193719201,17,0,1,10752,17,4628188871
6072,2193733480,197971,2193931451,21,0,0,47104,21,7365451733
6073,2193740506,378618,2194119124,22,0,0,30208,22,5544608459
6074,2193743601,24788,2193768389,3,0,1,512,3,5026857020
6075,2193758214,174352,2193932566,18,0,0,3584,18,4527138722
6076,2193758989,393795,2194152784,0,0,0,100352,0,179250436
6077,2193778856,15304,2193794160,26,0,1,5632,26,8890622275
6078,2193780829,153936,2193934765,29,0,0,7168,29,3721281369
6079,2193823899,6640,2193830539,17,0,1,4096,17,4540477831
6080,2193839381,5712,2193845093,15,0,1,14336,15,3305461263
6081,2193843888,218864,2194062752,13,0,0,73728,13,9881362411
6082,2193893581,308073,2194201654,13,0,0,32768,13,9643854010
6083,2193916575,335947,2194252522,13,0,0,38400,13,1267551675
6084,2193923456,15205,2193938661,5,0,1,10752,5,6296805124
6085,2193984938,99182,2194084120,1,0,0,1024,1,9419332746
6086,2193987591,17296,2194004887,0,0,1,4608,0,3674089605
6087,2194019277,1518,2194020795,5,0,1,1536,5,2112693242
6088,2194068490,192198,2194260688,26,0,0,24064,26,2626864908
6089,2194071743,4374,2194076117,22,0,1,4608,22,5026770746
6090,2194074593,191615,2194266208,7,0,0,1536,7,8890355401
6091,2194088859,7706,2194096565,26,0,1,8192,26,363492357
6092,2194091893,5645,2194097538,24,0,1,12800,24,5024310605
6093,2194133872,76344,2194210216,20,0,0,4608,20,4723166756
6094,2194143022,312479,2194455501,26,0,0,27648,26,8687661636
6095,2194152650,227742,2194380392,4,0,0,9216,4,347854103
6096,2194173877,4679,2194178556,11,0,1,12288,11,5669760468
6097,2194179790,2946,2194182736,10,0,1,3072,10,4373477487
6098,2194230977,3422,2194234399,14,0,1,3584,14,9634786745
6099,2194249855,10848,2194260703,10,0,1,14848,10,1138939862
6100,2194251056,115939,2194366995,13,0,0,27136,13,10318674957
6101,2194251589,11203,2194262792,6,0,1,14336,6,7851819610
6102,2194253712,104992,2194358704,24,0,0,25600,24,10055973984
6103,2194277264,4374,2194281638,22,0,1,4608,22,9183988877
6104,2194277754,99815,2194377569,24,0,0,24576,24,6500895125
6105,2194290893,111196,2194402089,23,0,0,3584,23,780711277
6106,2194340322,3645,2194343967,4,0,1,10240,4,1777291208
6107,2194351079,91777,2194442856,2,0,0,512,2,6099394618
6108,2194423273,3645,2194426918,14,0,1,10240,14,9632388471
6109,2194429589,102440,2194532029,22,0,0,36352,22,4718336206
6110,2194465161,7230,2194472391,17,0,1,7680,17,9088720652
6111,2194539914,1994,2194541908,16,0,1,2048,16,5635481869
6112,2194582204,566,2194582770,1,0,1,512,1,9161585665
6113,2194590098,1518,2194591616,19,0,1,1536,19,6815440910
6114,2194614265,107744,2194722009,27,0,0,53760,27,5342963751
6115,2194617650,63620,2194681270,29,0,1,107008,29,8651754277
6116,2194650564,31474,2194682038,19,0,1,11776,19,10460982491
6117,2194683468,1518,2194684986,14,0,1,1536,14,10398509355
6118,2194688313,240491,2194928804,18,0,0,61952,18,10333538586
6119,2194689163,2870,2194692033,16,0,1,8704,16,899030123
6120,2194695459,190707,2194886166,5,0,0,1536,5,4193445391
6121,2194728603,3904,2194732507,0,0,1,10752,0,2884062965
6122,2194732588,170010,2194902598,4,0,0,17920,4,7755510842
6123,2194742973,148259,2194891232,25,0,0,9216,25,7325343177
6124,2194748982,108350,2194857332,3,0,0,1024,3,5290984856
6125,2194795001,148178,2194943179,0,0,0,47104,0,6449285724
6126,2194819353,132515,2194951868,0,0,0,1536,0,1988257179
6127,2194823056,1994,2194825050,17,0,1,2048,17,3591607166
6128,2194850251,126529,2194976780,13,0,0,7680,13,1153807233
6129,2194855076,211076,2195066152,17,0,0,28672,17,9365419844
6130,2194905105,66212,2194971317,6,0,0,8192,6,4664492348
6131,2194917551,62073,2194979624,4,0,0,3072,4,7956404956
6132,2194941156,64999,2195006155,18,0,0,7680,18,5262375794
6133,2194958655,3645,2194962300,29,0,1,10240,29,115100777
6134,2194975840,5782,2194981622,18,0,1,5120,18,1432026278
6135,2194977423,198707,2195176130,5,0,0,74240,5,9679826672
6136,2194996300,70179,2195066479,9,0,0,1024,9,784262228
6137,2195036225,1994,2195038219,19,0,1,2048,19,7671246252
6138,2195046856,53583,2195100439,29,0,1,87552,29,3216983936
6139,2195062187,60382,2195122569,7,0,0,2048,7,5852445713
6140,2195081352,43904,2195125256,2,0,0,512,2,10030827161
6141,2195124615,138917,2195263532,0,0,0,133120,0,3257366065
6142,2195129818,163579,2195293397,19,0,0,26112,19,7988021488
6143,2195135142,1042,2195136184,7,0,1,1024,7,2760355086
6144,2195230686,192511,2195423197,20,0,0,30208,20,7917171928
6145,2195233877,41997,2195275874,16,0,1,20480,16,2311533567
6146,2195255530,137931,2195393461,16,0,0,43520,16,8087606548
6147,2195282664,10748,2195293412,9,0,1,4096,9,2465749251
6148,2195299214,95198,2195394412,24,0,0,3072,24,101075297
6149,2195299370,104506,2195403876,7,0,0,1024,7,7128030756
6150,2195309590,4850,2195314440,0,0,1,5120,0,5727241206
6151,2195344254,4850,2195349104,19,0,1,5120,19,135627601
6152,2195347755,52364,2195400119,29,0,0,3072,29,602287980
6153,2195347799,2611,2195350410,24,0,1,2048,24,4599903178
6154,2195366707,1042,2195367749,5,0,1,1024,5,9149671253
6155,2195423231,100256,2195523487,25,0,0,29184,25,7718751517
6156,2195430528,3128,2195433656,22,0,1,9216,22,4862958959
6157,2195475188,106677,2195581865,29,0,0,13824,29,2066903927
6158,2195496060,122144,2195618204,13,0,0,24064,13,8887460892
6159,2195521065,195149,2195716214,19,0,0,117760,19,385272690
6160,2195578361,5490,2195583851,15,0,1,2048,15,3953144775
6161,2195600721,1042,2195601763,23,0,1,1024,23,9089538214
6162,2195620803,171207,2195792010,4,0,0,11776,4,4657153244
6163,2195648629,4937,2195653566,15,0,1,12800,15,4192059408
6164,2195659728,56673,2195716401,10,0,0,512,10,415823629
6165,2195682336,79466,2195761802,7,0,0,1024,7,6886738660
6166,2195684407,126236,2195810643,25,0,0,3584,25,2629856563
6167,2195705349,74856,2195780205,6,0,0,5632,6,10654896420
6168,2195707908,10504,2195718412,20,0,1,2048,20,4846856292
6169,2195744021,43904,2195787925,28,0,0,512,28,10164096580
6170,2195745770,566,2195746336,18,0,1,512,18,9985957001
6171,2195795166,4420,2195799586,16,0,1,11776,16,5144957059
6172,2195798643,115080,2195913723,18,0,0,77312,18,5528109486
6173,2195806329,4329,2195810658,9,0,1,4096,9,3709134232
6174,2195821776,112389,2195934165,23,0,0,7168,23,6236518846
6175,2195863531,7230,2195870761,23,0,1,7680,23,2754397545
6176,2195889664,24074,2195913738,11,0,1,1536,11,2127651350
6177,2195909595,9461,2195919056,9,0,1,5632,9,3459172931
6178,2195914168,65879,2195980047,1,0,0,1024,1,9400545931
6179,2195921567,5971,2195927538,22,0,1,14848,22,540441910
6180,2195924873,3011,2195927884,18,0,1,512,18,5976917803
6181,2195931399,566,2195931965,3,0,1,512,3,7588635210
6182,2195941883,109175,2196051058,18,0,0,37888,18,9621019523
6183,2196015644,4420,2196020064,12,0,1,11776,12,268023746
6184,2196071309,47288,2196118597,2,0,0,1536,2,3758843153
6185,2196089124,54056,2196143180,20,0,0,3584,20,9328062661
6186,2196093397,243585,2196336982,23,0,0,14336,23,9314715099
6187,2196120273,3898,2196124171,12,0,1,4096,12,4050946314
6188,2196121811,16354,2196138165,4,0,1,31744,4,2250564833
6189,2196125964,167356,2196293320,9,0,0,78848,9,8161554536
6190,2196143550,3387,2196146937,0,0,1,9728,0,497119602
6191,2196162144,13858,2196176002,25,0,1,23552,25,3843644498
6192,2196230698,158455,2196389153,26,0,0,64512,26,4505089050
6193,2196274006,290699,2196564705,27,0,0,30720,27,8957797205
6194,2196303987,359737,2196663724,25,0,0,9728,25,3632619009
6195,2196310619,13512,2196324131,25,0,1,26112,25,6676322301
6196,2196312783,12334,2196325117,0,0,1,1536,0,5657815317
6197,2196332742,4815,2196337557,18,0,1,512,18,9632535190
6198,2196336770,178814,2196515584,16,0,0,69120,16,8598037376
6199,2196338704,212948,2196551652,29,0,0,41472,29,326768620
6200,2196344038,150463,2196494501,13,0,0,45056,13,8161619387
6201,2196380849,9831,2196390680,18,0,1,1536,18,6588873524
6202,2196381786,138961,2196520747,0,0,0,16896,0,5613587363
6203,2196408062,67693,2196475755,5,0,0,2048,5,7854554467
6204,2196409438,4850,2196414288,11,0,1,5120,11,6156661941
6205,2196419289,3422,2196422711,10,0,1,3584,10,8943417731
6206,2196454456,235859,2196690315,26,0,0,48640,26,3097051195
6207,2196455034,158667,2196613701,21,0,0,30208,21,5049819973
6208,2196490023,170519,2196660542,26,0,0,81408,26,2177670288
6209,2196539373,25347,2196564720,0,0,1,11776,0,9598451864
6210,2196551914,12829,2196564743,6,0,1,14848,6,295685428
6211,2196560498,100239,2196660737,7,0,0,512,7,1744399441
6212,2196568479,247476,2196815955,29,0,0,65536,29,9386737259
6213,2196576210,1518,2196577728,18,0,1,1536,18,9953716881
6214,2196588383,166435,2196754818,0,0,0,24064,0,8172308220
6215,2196642878,411121,2197053999,18,0,0,43008,18,3478416436
6216,2196651337,218171,2196869508,15,0,0,71680,15,4709453066
6217,2196653012,274876,2196927888,26,0,0,107520,26,3785738520
6218,2196658736,281187,2196939923,25,0,0,39424,25,3675094522
6219,2196661283,8921,2196670204,10,0,1,15872,10,10017591493
6220,2196665216,8252,2196673468,10,0,1,5120,10,6187786075
6221,2196666474,360632,2197027106,7,0,0,2560,7,10019143230
6222,2196683838,322140,2197005978,21,0,0,145408,21,6710708697
6223,2196698415,327896,2197026311,12,0,0,2048,12,8845113402
6224,2196710283,7230,2196717513,0,0,1,7680,0,8165078041
6225,2196750994,258431,2197009425,23,0,0,11264,23,5269867522
6226,2196788637,237035,2197025672,23,0,0,53248,23,9859656823
6227,2196797507,286950,2197084457,17,0,0,37376,17,7104708418
6228,2196830181,5196,2196835377,22,0,1,13312,22,9336531106
6229,2196872630,200416,2197073046,21,0,0,62464,21,523588520
6230,2196896845,246614,2197143459,25,0,0,58368,25,4127276972
6231,2196912833,173602,2197086435,9,0,0,1024,9,3754786945
6232,2196914280,35943,2196950223,6,0,1,16384,6,886188049
6233,2196938418,17830,2196956248,21,0,1,18432,21,5974512782
6234,2196939604,18910,2196958514,18,0,1,3584,18,10486058698
6235,2196954172,7248,2196961420,9,0,1,4608,9,1239850585
6236,2196978011,56334,2197034345,26,0,1,7680,26,1484291239
6237,2196990285,197127,2197187412,27,0,0,33280,27,4139809524
6238,2196994392,294015,2197288407,20,0,0,32768,20,4708222636
6239,2197032354,61662,2197094016,3,0,0,512,3,7022383001
6240,2197037451,165330,2197202781,13,0,0,25088,13,8179286927
6241,2197046928,280908,2197327836,29,0,0,40448,29,3161485549
6242,2197104926,151465,2197256391,16,0,0,18432,16,8300878478
6243,2197115234,153502,2197268736,2,0,0,512,2,1013286913
6244,2197131929,19228,2197151157,5,0,1,8192,5,9141215167
6245,2197150282,155219,2197305501,2,0,0,2048,2,10587616686
6246,2197298407,111673,2197410080,0,0,0,16896,0,5867687880
6247,2197320928,10322,2197331250,0,0,1,3584,0,7605112656
6248,2197337852,305729,2197643581,0,0,0,28160,0,3342417238
6249,2197338334,221493,2197559827,4,0,0,26624,4,4855810601
6250,2197349361,1042,2197350403,16,0,1,1024,16,8175880355
6251,2197365731,2470,2197368201,24,0,1,2560,24,638072103
6252,2197366777,4374,2197371151,11,0,1,4608,11,521965149
6253,2197375694,123892,2197499586,29,0,0,9216,29,4157801
6254,2197376753,3898,2197380651,22,0,1,4096,22,7281309363
6255,2197377323,248660,2197625983,5,0,0,82432,5,1171797545
6256,2197378056,2941,2197380997,3,0,1,512,3,241315237
6257,2197404015,6080,2197410095,9,0,1,4096,9,3111825060
6258,2197408040,5469,2197413509,26,0,1,3584,26,5565134053
6259,2197441925,23378,2197465303,29,0,1,41984,29,4502102542
6260,2197529423,3422,2197532845,19,0,1,3584,19,5784380045
6261,2197530400,247844,2197778244,1,0,0,1024,1,6218344790
6262,2197553643,72519,2197626162,1,0,0,512,1,7944578578
6263,2197568825,273930,2197842755,19,0,0,67584,19,3116164559
6264,2197580887,1042,2197581929,17,0,1,1024,17,835242060
6265,2197583508,42669,2197626177,25,0,1,60416,25,4845652305
6266,2197583558,259680,2197843238,1,0,0,1536,1,4936563077
6267,2197627537,150364,2197777901,20,0,0,115200,20,8391715908
6268,2197649218,2470,2197651688,23,0,1,2560,23,10009047439
6269,2197681014,1994,2197683008,7,0,1,2048,7,7192728769
6270,2197687509,99482,2197786991,7,0,0,512,7,8434751030
6271,2197694421,6754,2197701175,15,0,1,7168,15,3763459159
6272,2197731084,144647,2197875731,25,0,0,24576,25,6595554814
6273,2197733925,118064,2197851989,0,0,0,28672,0,8045704800
6274,2197736245,84538,2197820783,10,0,0,512,10,9605445132
6275,2197746113,33608,2197779721,19,0,1,1536,19,8282029320
6276,2197764756,281560,2198046316,4,0,0,142336,4,4989095347
6277,2197820828,182097,2198002925,20,0,0,52736,20,5170025173
6278,2197828108,234624,2198062732,24,0,0,26624,24,2678827149
6279,2197831630,24750,2197856380,16,0,1,4608,16,6212009124
6280,2197869886,177880,2198047766,19,0,0,4096,19,2805989892
6281,2197929016,216438,2198145454,19,0,0,70144,19,5437172482
6282,2197951235,95260,2198046495,15,0,0,512,15,6448910115
6283,2197968599,150929,2198119528,23,0,0,51712,23,5723716730
6284,2197989005,58784,2198047789,11,0,1,512,11,551734818
6285,2198007545,154391,2198161936,19,0,0,7168,19,4586061849
6286,2198035447,12902,2198048349,3,0,1,512,3,3644710331
6287,2198047708,98073,2198145781,1,0,0,1024,1,1132207591
6288,2198083737,104630,2198188367,6,0,0,38400,6,5508681097
6289,2198099239,117610,2198216849,21,0,0,26112,21,459401655
6290,2198108683,299698,2198408381,13,0,0,143872,13,5168605216
6291,2198113355,9612,2198122967,6,0,1,3584,6,6907663269
6292,2198131273,17012,2198148285,0,0,1,2560,0,8614511550
6293,2198140526,119160,2198259686,28,0,0,512,28,8600865566
6294,2198145468,71872,2198217340,28,0,0,1536,28,5060449021
6295,2198181029,78486,2198259515,5,0,0,14336,5,1775840276
6296,2198211953,297463,2198509416,29,0,0,84992,29,10425504423
6297,2198233713,4374,2198238087,11,0,1,4608,11,8340956502
6298,2198243911,3422,2198247333,9,0,1,3584,9,4598191414
6299,2198250321,23208,2198273529,25,0,1,38400,25,6338038549
6300,2198360046,79042,2198439088,4,0,0,7680,4,3062544513
6301,2198381495,127936,2198509431,29,0,1,147968,29,2715564109
6302,2198383735,170153,2198553888,26,0,0,69632,26,4222873289
6303,2198404567,113837,2198518404,22,0,0,4608,22,8332191942
6304,2198406547,102899,2198509446,7,0,1,3584,7,2150725164
6305,2198412833,96628,2198509461,23,0,1,5120,23,9653893244
6306,2198429335,94332,2198523667,7,0,0,512,7,3627333440
6307,2198438810,70666,2198509476,3,0,1,2048,3,4857389134
6308,2198467298,42665,2198509963,15,0,1,5120,15,6862401109
6309,2198513690,192589,2198706279,25,0,0,116736,25,3850421796
6310,2198544609,12693,2198557302,11,0,1,3584,11,4285630088
6311,2198607398,4937,2198612335,18,0,1,12800,18,1931189883
6312,2198612010,159266,2198771276,18,0,0,1024,18,4417114362
6313,2198617603,111291,2198728894,22,0,0,7168,22,3689986079
6314,2198621856,188296,2198810152,17,0,0,66048,17,878225956
6315,2198634954,251499,2198886453,25,0,0,68096,25,3711265170
6316,2198649098,1042,2198650140,23,0,1,1024,23,9036244924
6317,2198655098,2946,2198658044,5,0,1,3072,5,7057094805
6318,2198655783,187909,2198843692,19,0,0,18432,19,5540572752
6319,2198679462,27392,2198706854,11,0,1,512,11,8037198822
6320,2198699469,13463,2198712932,2,0,1,15872,2,2102770383
6321,2198715188,2946,2198718134,12,0,1,3072,12,6106254876
6322,2198736413,2946,2198739359,17,0,1,3072,17,5889775338
6323,2198757908,2470,2198760378,25,0,1,2560,25,1894632913
6324,2198809216,1970,2198811186,11,0,1,1024,11,6482307836
6325,2198834781,210434,2199045215,24,0,0,162816,24,1068341743
6326,2198863514,22954,2198886468,7,0,1,3584,7,8434345711
6327,2198863845,22638,2198886483,18,0,1,5120,18,3421454225
6328,2198918410,209869,2199128279,6,0,0,68608,6,7509096135
6329,2198926019,3904,2198929923,20,0,1,10752,20,3770980349
6330,2198998326,180900,2199179226,18,0,0,13312,18,7969927703
6331,2199004320,41520,2199045840,2,0,1,512,2,2802571252
6332,2199012431,186727,2199199158,22,0,0,31744,22,2423108051
6333,2199012975,33211,2199046186,14,0,1,512,14,6316371163
6334,2199052124,246604,2199298728,15,0,0,130560,15,8807010468
6335,2199064168,2470,2199066638,18,0,1,2560,18,3865857165
6336,2199101228,112039,2199213267,1,0,0,512,1,8195456301
6337,2199133506,1042,2199134548,23,0,1,1024,23,1336995386
6338,2199157251,3645,2199160896,6,0,1,10240,6,9952489149
6339,2199195091,118160,2199313251,15,0,0,47616,15,3601303654
6340,2199293542,187805,2199481347,15,0,0,151040,15,1046218029
6341,2199294782,62461,2199357243,29,0,1,72192,29,2176210065
6342,2199324303,33196,2199357499,21,0,1,9216,21,7056142463
6343,2199330970,30715,2199361685,24,0,1,6656,24,6268141919
6344,2199346011,17620,2199363631,19,0,1,3072,19,8660428783
6345,2199487813,43904,2199531717,1,0,0,512,1,3708648342
6346,2199488691,136749,2199625440,28,0,0,512,28,4112671150
6347,2199547841,1042,2199548883,15,0,1,1024,15,5720588019
6348,2199552409,5971,2199558380,2,0,1,14848,2,842349730
6349,2199590195,43904,2199634099,7,0,0,512,7,7456367917
6350,2199621966,6278,2199628244,3,0,1,6656,3,2491616863
6351,2199634681,131400,2199766081,23,0,0,36352,23,6248560329
6352,2199643978,70976,2199714954,22,0,0,8704,22,1137241477
6353,2199697411,7230,2199704641,24,0,1,7680,24,7598575240
6354,2199876826,1518,2199878344,5,0,1,1536,5,8320419155
6355,2199877767,100568,2199978335,4,0,0,30208,4,673790904
6356,2199891950,113204,2200005154,22,0,0,71680,22,4182514732
6357,2199931479,94057,2200025536,6,0,0,21504,6,5669537547
6358,2199950413,111081,2200061494,18,0,0,17408,18,8464519060
6359,2199963470,128252,2200091722,5,0,0,10752,5,6614503582
6360,2200018191,7368,2200025559,16,0,1,2560,16,1234727743
6361,2200020030,148442,2200168472,13,0,0,101376,13,7322096600
6362,2200041375,128539,2200169914,1,0,0,2560,1,8364197459
6363,2200046220,122899,2200169119,29,0,0,2048,29,571236840
6364,2200054855,6662,2200061517,3,0,1,2560,3,4672000821
6365,2200056286,6718,2200063004,9,0,1,1536,9,4982211202
6366,2200073149,2946,2200076095,4,0,1,3072,4,7130247631
6367,2200107427,62658,2200170085,1,0,0,512,1,4800010154
6368,2200137812,190277,2200328089,16,0,0,79360,16,9965565064
6369,2200173451,124225,2200297676,16,0,0,13312,16,6799648441
6370,2200217420,152370,2200369790,13,0,0,22016,13,10460103355
6371,2200315480,115197,2200430677,5,0,0,36864,5,7477279592
6372,2200379330,111176,2200490506,25,0,0,65024,25,3415868862
6373,2200384010,154760,2200538770,17,0,0,72192,17,7964433673
6374,2200396401,4374,2200400775,0,0,1,4608,0,2477757900
6375,2200399463,236180,2200635643,25,0,0,13824,25,6420187154
6376,2200403677,97323,2200501000,18,0,0,2560,18,8585242614
6377,2200419779,17168,2200436947,4,0,1,6656,4,8587123758
6378,2200468369,22152,2200490521,22,0,1,4096,22,1336698315
6379,2200475317,67560,2200542877,0,0,0,3072,0,8803772308
6380,2200476894,134434,2200611328,12,0,0,77312,12,9003046638
6381,2200511652,205201,2200716853,23,0,0,62464,23,10288805037
6382,2200543317,137812,2200681129,6,0,0,10752,6,3359913530
6383,2200600431,154189,2200754620,27,0,0,91648,27,3367975800
6384,2200612114,69186,2200681300,28,0,0,512,28,4722244692
6385,2200618459,148344,2200766803,9,0,0,39936,9,8276979513
6386,2200667281,146679,2200813960,27,0,0,65536,27,3019355731
6387,2200713369,57298,2200770667,25,0,0,1024,25,9915622214
6388,2200719873,5326,2200725199,4,0,1,5632,4,2737231493
6389,2200730416,112986,2200843402,23,0,0,14848,23,2083336879
6390,2200750880,20636,2200771516,7,0,1,12288,7,4224577120
6391,2200762069,9793,2200771862,25,0,1,512,25,9840218202
6392,2200772222,88658,2200860880,7,0,0,512,7,5839353759
6393,2200775288,1994,2200777282,6,0,1,2048,6,8397623265
6394,2200822469,269944,2201092413,5,0,0,229376,5,2559797527
6395,2200903763,206152,2201109915,9,0,0,8704,9,3504327546
6396,2200910878,2470,2200913348,7,0,1,2560,7,9259770095
6397,2200914620,2470,2200917090,17,0,1,2560,17,3731943025
6398,2200930909,1042,2200931951,6,0,1,1024,6,3080127693
6399,2200941612,165636,2201107248,16,0,0,48640,16,477602072
6400,2200942846,23208,2200966054,26,0,1,38400,26,7595471086
6401,2200953830,13850,2200967680,24,0,1,2560,24,5042893508
6402,2201001704,143075,2201144779,22,0,0,28672,22,176012640
6403,2201006016,566,2201006582,25,0,1,512,25,5316730276
6404,2201010000,101802,2201111802,9,0,0,6144,9,9561370265
6405,2201014167,121861,2201136028,16,0,0,12288,16,73997560
6406,2201161317,100412,2201261729,6,0,0,29696,6,10428513991
6407,2201163353,128292,2201291645,13,0,0,22016,13,8350147526
6408,2201170544,99189,2201269733,1,0,0,512,1,4984524489
6409,2201240329,6754,2201247083,3,0,1,7168,3,10532752126
6410,2201280518,54056,2201334574,1,0,0,3584,1,5609236932
6411,2201293933,3898,2201297831,18,0,1,4096,18,8760033776
6412,2201315993,45596,2201361589,7,0,0,1024,7,7721434146
6413,2201346341,2946,2201349287,6,0,1,3072,6,1328773189
6414,2201374792,50672,2201425464,29,0,0,2560,29,1643604587
6415,2201379298,208912,2201588210,16,0,0,141312,16,6268964423
6416,2201408443,97601,2201506044,6,0,0,4096,6,662263469
6417,2201443885,77183,2201521068,7,0,0,1536,7,5424272222
6418,2201452270,90848,2201543118,18,0,0,8704,18,8373899668
6419,2201494162,10499,2201504661,17,0,1,16896,17,9672992537
6420,2201497879,90526,2201588405,7,0,0,512,7,1189886565
6421,2201501723,4884,2201506607,10,0,1,3072,10,7556654333
6422,2201552508,116222,2201668730,4,0,0,14848,4,10157902789
6423,2201553884,37476,2201591360,5,0,1,3072,5,7167174517
6424,2201567407,124874,2201692281,10,0,0,512,10,1977855369
6425,2201577891,15735,2201593626,10,0,1,3584,10,1345083252
6426,2201579604,112506,2201692110,0,0,0,40448,0,6132546408
6427,2201620035,1518,2201621553,18,0,1,1536,18,4475659539
6428,2201627471,101192,2201728663,13,0,0,32256,13,4521886444
6429,2201654294,191545,2201845839,18,0,0,18432,18,7022202719
6430,2201660149,566,2201660715,6,0,1,512,6,2973031922
6431,2201704161,47770,2201751931,20,0,0,512,20,1837954536
6432,2201711092,107139,2201818231,27,0,0,21504,27,9391646330
6433,2201770136,2946,2201773082,18,0,1,3072,18,9457569533
6434,2201774647,102155,2201876802,5,0,0,26624,5,6514018248
6435,2201806129,98228,2201904357,17,0,0,22528,17,4220968086
6436,2201815354,319574,2202134928,27,0,0,96256,27,634954825
6437,2201837043,8827,2201845870,5,0,1,10240,5,3891705176
6438,2201837238,160242,2201997480,5,0,0,26112,5,4151038347
6439,2201838634,12934,2201851568,9,0,1,14336,9,112596726
6440,2201875553,275481,2202151034,4,0,0,18432,4,29163420
6441,2201880060,225525,2202105585,21,0,0,75776,21,9891156518
6442,2201902501,9554,2201912055,9,0,1,8192,9,8117708044
6443,2201945531,213950,2202159481,25,0,0,27648,25,8791394012
6444,2201971980,173415,2202145395,19,0,0,34304,19,9677126612
6445,2201980320,272099,2202252419,5,0,0,7680,5,1784832025
6446,2202007372,12049,2202019421,12,0,1,19968,12,2724875842
6447,2202013173,7554,2202020727,20,0,1,2048,20,9132755297
6448,2202032146,183398,2202215544,27,0,0,51712,27,10503484648
6449,2202043663,6488,2202050151,18,0,1,15872,18,8437628684
6450,2202130430,29066,2202159496,18,0,1,4608,18,5947197858
6451,2202198291,17268,2202215559,5,0,1,9216,5,23057075
6452,2202204920,12149,2202217069,14,0,1,1536,14,7933710123
6453,2202249723,2711,2202252434,23,0,1,1536,23,740403449
6454,2202263629,111329,2202374958,4,0,0,55808,4,7617162906
6455,2202266327,1994,2202268321,22,0,1,2048,22,7783473156
6456,2202301803,1994,2202303797,0,0,1,2048,0,4932445012
6457,2202306988,4374,2202311362,0,0,1,4608,0,8415149573
6458,2202307925,187142,2202495067,12,0,0,10752,12,2351413142
6459,2202326077,1518,2202327595,0,0,1,1536,0,4781965439
6460,2202330952,1042,2202331994,15,0,1,1024,15,5200891605
6461,2202386075,99788,2202485863,26,0,0,27648,26,8789181163
6462,2202399415,3898,2202403313,21,0,1,4096,21,2507125041
6463,2202428259,98445,2202526704,25,0,0,13824,25,9086111562
6464,2202431549,68516,2202500065,16,0,0,2560,16,7250037497
6465,2202437925,150487,2202588412,21,0,0,54272,21,9755028327
6466,2202442758,566,2202443324,3,0,1,512,3,1026104660
6467,2202464603,5326,2202469929,16,0,1,5632,16,3658360160
6468,2202471347,99632,2202570979,0,0,0,27136,0,10423220976
6469,2202487770,160243,2202648013,29,0,0,27136,29,10151609208
6470,2202505057,116724,2202621781,10,0,0,1536,10,9993281721
6471,2202509476,138864,2202648340,1,0,0,1024,1,3728410798
6472,2202512322,566,2202512888,23,0,1,512,23,1734535882
6473,2202547567,162175,2202709742,29,0,0,42496,29,6159486270
6474,2202558333,105092,2202663425,4,0,0,45056,4,4114323704
6475,2202615922,105092,2202721014,15,0,0,23040,15,8408961704
6476,2202627949,6278,2202634227,23,0,1,6656,23,8070375434
6477,2202629335,92786,2202722121,21,0,0,3584,21,8707985945
6478,2202667761,115923,2202783684,27,0,0,15872,27,5635131073
6479,2202669107,2470,2202671577,2,0,1,2560,2,1700299897
6480,2202713519,45596,2202759115,28,0,0,1024,28,10660415355
6481,2202718944,83907,2202802851,1,0,0,1024,1,7508568264
6482,2202731106,6754,2202737860,11,0,1,7168,11,7132061466
6483,2202733339,8707,2202742046,11,0,1,6656,11,1684819921
6484,2202752711,130697,2202883408,22,0,0,55808,22,8584062483
6485,2202762086,3645,2202765731,6,0,1,10240,6,6529699370
6486,2202799979,105599,2202905578,21,0,0,26624,21,7122801904
6487,2202800239,159015,2202959254,13,0,0,41472,13,10373472522
6488,2202818093,98540,2202916633,18,0,0,23552,18,9093600659
6489,2202895640,65189,2202960829,18,0,0,5120,18,2751667646
6490,2202942545,1518,2202944063,18,0,1,1536,18,238100795
6491,2202975208,99944,2203075152,24,0,0,28160,24,3078056894
6492,2202994269,48980,2203043249,29,0,0,2048,29,7133541286
6493,2203026842,6754,2203033596,5,0,1,7168,5,8481105548
6494,2203027625,7597,2203035222,2,0,1,2560,2,357588737
6495,2203045933,4937,2203050870,20,0,1,12800,20,2359686050
6496,2203059684,3422,2203063106,6,0,1,3584,6,6653593542
6497,2203086753,114110,2203200863,4,0,0,51712,4,4427804064
6498,2203120094,151767,2203271861,6,0,0,51712,6,5541667248
6499,2203130434,1518,2203131952,14,0,1,1536,14,6874791585
6500,2203149069,130730,2203279799,10,0,0,1024,10,6344150256
6501,2203165052,152283,2203317335,27,0,0,13312,27,1536129480
6502,2203210784,62496,2203273280,21,0,0,4608,21,6891171105
6503,2203230306,111587,2203341893,10,0,0,2048,10,5991231149
6504,2203245955,3898,2203249853,3,0,1,4096,3,8701186628
6505,2203277515,2470,2203279985,17,0,1,2560,17,8640832069
6506,2203282182,43904,2203326086,10,0,0,512,10,2165627950
6507,2203351237,101504,2203452741,6,0,0,33280,6,6760424292
6508,2203358256,1042,2203359298,19,0,1,1024,19,4624358653
6509,2203378284,1994,2203380278,26,0,1,2048,26,3063239066
6510,2203386403,48681,2203435084,10,0,0,512,10,10081142064
6511,2203388052,3645,2203391697,15,0,1,10240,15,1036064387
6512,2203389872,5247,2203395119,4,0,1,4096,4,3311242381
6513,2203422245,2470,2203424715,25,0,1,2560,25,8553211340
6514,2203440400,1518,2203441918,22,0,1,1536,22,5719628757
6515,2203448765,7096,2203455861,22,0,1,9216,22,8113099648
6516,2203458787,97160,2203555947,17,0,0,24064,17,964790768
6517,2203514554,566,2203515120,12,0,1,512,12,7896528843
6518,2203527140,2946,2203530086,20,0,1,3072,20,1848985963
6519,2203543064,144376,2203687440,0,0,0,3584,0,3287084732
6520,2203558141,1994,2203560135,23,0,1,2048,23,6198638090
6521,2203598424,1042,2203599466,25,0,1,1024,25,9351384415
6522,2203612253,74072,2203686325,12,0,0,13824,12,10275741449
6523,2203636499,4850,2203641349,16,0,1,5120,16,3244534368
6524,2203637968,6628,2203644596,19,0,1,15872,19,10036579219
6525,2203653667,1518,2203655185,7,0,1,1536,7,3207532607
6526,2203658601,3128,2203661729,23,0,1,9216,23,6150879867
6527,2203683367,130245,2203813612,26,0,0,2560,26,8485960030
6528,2203698023,195070,2203893093,27,0,0,75776,27,6038950240
6529,2203698745,4374,2203703119,17,0,1,4608,17,5317260867
6530,2203709834,100724,2203810558,17,0,0,30720,17,1570592792
6531,2203759747,4374,2203764121,26,0,1,4608,26,7963545088
6532,2203776238,91349,2203867587,9,0,0,1024,9,5933180787
6533,2203814233,4420,2203818653,29,0,1,11776,29,665253438
6534,2203855506,3128,2203858634,11,0,1,9216,11,9333454988
6535,2203889884,56928,2203946812,2,0,0,512,2,419058903
6536,2203893606,1994,2203895600,11,0,1,2048,11,902959059
6537,2203921359,45596,2203966955,10,0,0,1024,10,1530882531
6538,2203930101,48980,2203979081,15,0,0,2048,15,4105520663
6539,2203939996,566,2203940562,3,0,1,512,3,4483256655
6540,2203956006,43904,2203999910,18,0,0,512,18,3722403502
6541,2203965761,93596,2204059357,9,0,0,17408,9,922870466
6542,2203973097,176232,2204149329,17,0,0,102912,17,1006627967
6543,2203977454,566,2203978020,29,0,1,512,29,7696622162
6544,2203983469,190884,2204174353,13,0,0,72192,13,8180171662
6545,2203986484,196999,2204183483,5,0,0,21504,5,6635276288
6546,2204034353,4374,2204038727,24,0,1,4608,24,5223174298
6547,2204042993,167190,2204210183,10,0,0,1024,10,3504490337
6548,2204083066,106387,2204189453,26,0,0,9728,26,10567211099
6549,2204085052,1042,2204086094,23,0,1,1024,23,76300868
6550,2204127733,98264,2204225997,23,0,0,12288,23,2513945275
6551,2204142705,94988,2204237693,18,0,0,11776,18,2269181953
6552,2204152811,30687,2204183498,16,0,1,12288,16,1662969288
6553,2204190811,60824,2204251635,18,0,0,5632,18,1410959424
6554,2204209220,4374,2204213594,19,0,1,4608,19,5193813056
6555,2204218203,47288,2204265491,13,0,0,1536,13,7578581517
6556,2204223554,6597,2204230151,12,0,1,11264,12,667223643
6557,2204241218,2946,2204244164,2,0,1,3072,2,10249394591
6558,2204247062,48980,2204296042,15,0,0,2048,15,9445572749
6559,2204250171,134930,2204385101,13,0,0,73216,13,9380928934
6560,2204256552,25446,2204281998,29,0,1,46080,29,9168304632
6561,2204264700,18924,2204283624,4,0,1,2560,4,4286789057
6562,2204290920,2946,2204293866,20,0,1,3072,20,7559847192
6563,2204325995,147404,2204473399,18,0,0,40960,18,1695833332
6564,2204347672,6754,2204354426,17,0,1,7168,17,4879047832
6565,2204369072,19666,2204388738,9,0,1,10240,9,4695647157
6566,2204388807,90535,2204479342,19,0,0,19456,19,8934718658
6567,2204397669,176378,2204574047,22,0,0,19968,22,3589521848
6568,2204408685,7230,2204415915,2,0,1,7680,2,3415248558
6569,2204439162,160692,2204599854,21,0,0,13824,21,5178167043
6570,2204449776,566,2204450342,6,0,1,512,6,4033286559
6571,2204453268,5326,2204458594,17,0,1,5632,17,7290724392
6572,2204483111,103109,2204586220,15,0,0,29696,15,7906767422
6573,2204512001,176886,2204688887,29,0,0,28160,29,2460829296
6574,2204531978,70276,2204602254,3,0,0,1536,3,6960980495
6575,2204570017,4588,2204574605,24,0,1,512,24,7352320724
6576,2204614876,2470,2204617346,4,0,1,2560,4,10336774685
6577,2204633322,87170,2204720492,24,0,0,6656,24,3900018269
6578,2204637967,5326,2204643293,22,0,1,5632,22,7456836357
6579,2204644986,220975,2204865961,5,0,0,29184,5,4143949324
6580,2204647133,48980,2204696113,3,0,0,2048,3,5719423522
6581,2204651498,55821,2204707319,29,0,1,95232,29,1585940721
6582,2204659813,349185,2205008998,26,0,0,132096,26,4192624974
6583,2204661733,255444,2204917177,2,0,0,512,2,7796579477
6584,2204672160,73854,2204746014,3,0,0,512,3,10337824554
6585,2204672759,295976,2204968735,15,0,0,57856,15,7389531654
6586,2204680742,29483,2204710225,24,0,1,4608,24,9313312405
6587,2204683797,238962,2204922759,7,0,0,512,7,10470370932
6588,2204690260,226738,2204916998,13,0,0,59392,13,3199850627
6589,2204692480,317001,2205009481,3,0,0,1536,3,8419789113
6590,2204694719,366025,2205060744,13,0,0,29696,13,9573072132
6591,2204718047,160862,2204878909,4,0,0,6144,4,8059389757
6592,2204748531,4850,2204753381,2,0,1,5120,2,10712959892
6593,2204763545,1994,2204765539,17,0,1,2048,17,1330809096
6594,2204786822,79325,2204866147,3,0,0,512,3,6470019956
6595,2204818498,2470,2204820968,5,0,1,2560,5,4249484822
6596,2204819735,106282,2204926017,20,0,0,1024,20,6255714914
6597,2204821371,1994,2204823365,6,0,1,2048,6,4177795083
6598,2204822310,103380,2204925690,28,0,0,1024,28,3041703641
6599,2204840044,1994,2204842038,29,0,1,2048,29,7355630762
6600,2204844233,566,2204844799,21,0,1,512,21,7938572642
6601,2204855968,10008,2204865976,9,0,1,1536,9,1470728513
6602,2204897218,113838,2205011056,6,0,0,5120,6,3067339477
6603,2204899012,192332,2205091344,18,0,0,37888,18,1811041676
6604,2205014347,4850,2205019197,9,0,1,5120,9,10613700676
6605,2205042944,566,2205043510,19,0,1,512,19,432075019
6606,2205056725,47915,2205104640,10,0,0,512,10,1680640641
6607,2205085302,8028,2205093330,7,0,1,2048,7,3950125397
6608,2205120107,3645,2205123752,23,0,1,10240,23,2139792343
6609,2205125798,242106,2205367904,19,0,0,153600,19,781006256
6610,2205135704,110072,2205245776,10,0,0,2048,10,8360721508
6611,2205212337,3898,2205216235,11,0,1,4096,11,1512368984
6612,2205224901,1042,2205225943,26,0,1,1024,26,9435655425
6613,2205250343,4850,2205255193,7,0,1,5120,7,8221194852
6614,2205269521,45596,2205315117,28,0,0,1024,28,7822493406
6615,2205289256,4420,2205293676,19,0,1,11776,19,7142559436
6616,2205301301,90124,2205391425,2,0,0,512,2,1657694547
6617,2205321453,146774,2205468227,4,0,0,29184,4,2586756874
6618,2205321729,216184,2205537913,23,0,0,27648,23,4458201966
6619,2205327071,52941,2205380012,5,0,1,19968,5,7566093600
6620,2205339024,190442,2205529466,16,0,0,93184,16,2984514146
6621,2205426118,119884,2205546002,12,0,0,16384,12,3916726265
6622,2205438636,6754,2205445390,9,0,1,7168,9,599774717
6623,2205453121,124037,2205577158,24,0,0,16384,24,9461205018
6624,2205476592,104481,2205581073,19,0,0,12800,19,1285109100
6625,2205501113,44904,2205546017,17,0,1,6656,17,1837769255
6626,2205532851,71168,2205604019,2,0,0,1536,2,2889236152
6627,2205551942,6754,2205558696,4,0,1,7168,4,10447833374
6628,2205564076,107960,2205672036,13,0,0,16896,13,7189193214
6629,2205585847,566,2205586413,5,0,1,512,5,8897240288
6630,2205603713,71325,2205675038,19,0,0,9728,19,5422742990
6631,2205612124,4374,2205616498,9,0,1,4608,9,9483666192
6632,2205631200,5326,2205636526,15,0,1,5632,15,4084154302
6633,2205645613,68507,2205714120,18,0,0,1536,18,3755136527
6634,2205647013,175109,2205822122,22,0,0,37376,22,1158137786
6635,2205664082,7977,2205672059,11,0,1,9216,11,6807519024
6636,2205666498,73122,2205739620,0,0,0,7680,0,6875746529
6637,2205705771,2470,2205708241,0,0,1,2560,0,5194740905
6638,2205722823,87896,2205810719,5,0,0,13824,5,8371704445
6639,2205740647,141935,2205882582,25,0,0,9728,25,2557354443
6640,2205750695,72066,2205822761,7,0,0,2048,7,6891397666
6641,2205775677,78141,2205853818,7,0,0,1024,7,8064535080
6642,2205786924,5326,2205792250,26,0,1,5632,26,7145374808
6643,2205824045,54056,2205878101,18,0,0,3584,18,6582383189
6644,2205919892,43904,2205963796,10,0,0,512,10,7170066339
6645,2205956688,101192,2206057880,22,0,0,32256,22,2897111587
6646,2205960206,196963,2206157169,19,0,0,52224,19,7167140885
6647,2205976833,220595,2206197428,25,0,0,34304,25,1951758647
6648,2205980566,2470,2205983036,14,0,1,2560,14,262772781
6649,2205985285,222153,2206207438,28,0,0,2048,28,3044073002
6650,2205999427,1518,2206000945,4,0,1,1536,4,9146463419
6651,2206026518,90456,2206116974,2,0,0,1024,2,8712379852
6652,2206080075,566,2206080641,6,0,1,512,6,141926919
6653,2206081872,3898,2206085770,22,0,1,4096,22,1815373838
6654,2206110380,1518,2206111898,17,0,1,1536,17,204792377
6655,2206130560,200104,2206330664,19,0,0,49152,19,4621107188
6656,2206155950,200664,2206356614,23,0,0,7168,23,4695489560
6657,2206189401,11917,2206201318,24,0,1,4096,24,2171030375
6658,2206231983,102128,2206334111,17,0,0,11264,17,8499426570
6659,2206247868,4374,2206252242,2,0,1,4608,2,7317231491
6660,2206263758,71460,2206335218,22,0,0,3584,22,8985097138
6661,2206279350,1518,2206280868,11,0,1,1536,11,1872574497
6662,2206287560,566,2206288126,7,0,1,512,7,4900777999
6663,2206341256,3898,2206345154,10,0,1,4096,10,8057556192
6664,2206342099,102582,2206444681,23,0,0,35328,23,7375427741
6665,2206363340,266616,2206629956,23,0,0,232960,23,6216637639
6666,2206376070,261397,2206637467,26,0,0,24576,26,6873537287
6667,2206390404,258314,2206648718,9,0,0,1024,9,1437073382
6668,2206436793,233642,2206670435,25,0,0,55808,25,9974717273
6669,2206481853,54524,2206536377,9,0,0,5120,9,9390346649
6670,2206503855,263780,2206767635,6,0,0,213504,6,6904451194
6671,2206508225,1042,2206509267,9,0,1,1024,9,5907479175
6672,2206581917,56100,2206638017,20,0,1,512,20,3427291396
6673,2206620406,147400,2206767806,12,0,0,512,12,1383326045
6674,2206644532,202798,2206847330,0,0,0,72192,0,3428743102
6675,2206644773,2870,2206647643,23,0,1,8704,23,6566730322
6676,2206670806,1518,2206672324,21,0,1,1536,21,1449311103
6677,2206687850,79971,2206767821,6,0,1,41984,6,2264093216
6678,2206714206,172181,2206886387,26,0,0,24064,26,199756445
6679,2206737271,152770,2206890041,16,0,0,9728,16,9765973635
6680,2206773135,5802,2206778937,24,0,1,6144,24,5315563744
6681,2206791192,143567,2206934759,15,0,0,21504,15,8709494938
6682,2206794125,175308,2206969433,25,0,0,38400,25,174001338
6683,2206820472,26873,2206847345,24,0,1,6656,24,5733547064
6684,2206832092,160603,2206992695,13,0,0,12800,13,9009196989
6685,2206833547,88912,2206922459,24,0,0,4096,24,10142876993
6686,2206948094,83624,2207031718,19,0,0,19968,19,7679334445
6687,2206965480,5004,2206970484,4,0,1,1024,4,5318599053
6688,2206967188,300059,2207267247,27,0,0,37888,27,1968362118
6689,2206970927,1042,2206971969,2,0,1,1024,2,4557063666
6690,2207000974,21141,2207022115,29,0,1,34304,29,2052828063
6691,2207011410,11691,2207023101,3,0,1,1536,3,8875210603
6692,2207033742,85760,2207119502,5,0,0,16896,5,9649845588
6693,2207073623,3422,2207077045,4,0,1,3584,4,8893352612
6694,2207090339,566,2207090905,0,0,1,512,0,10198151511
6695,2207106159,14117,2207120276,29,0,1,24064,29,5629005182
6696,2207124662,2946,2207127608,11,0,1,3072,11,10533408517
6697,2207175066,109112,2207284178,29,0,0,26112,29,3967754516
6698,2207183047,4420,2207187467,11,0,1,11776,11,2122286729
6699,2207215938,4850,2207220788,12,0,1,5120,12,10725371813
6700,2207228441,103302,2207331743,26,0,0,27136,26,6664933606
6701,2207241281,98228,2207339509,13,0,0,22528,13,9956721778
6702,2207245766,1994,2207247760,17,0,1,2048,17,3781445657
6703,2207246256,143173,2207389429,6,0,0,55296,6,533859718
6704,2207267326,161906,2207429232,23,0,0,512,23,10129820356
6705,2207272184,12009,2207284193,24,0,1,6656,24,5030643708
6706,2207280278,178160,2207458438,16,0,0,16384,16,2415952
6707,2207287019,142042,2207429061,4,0,0,70144,4,4299685305
6708,2207362464,127711,2207490175,0,0,0,16384,0,1064240762
6709,2207369241,20203,2207389444,0,0,1,6656,0,7640626591
6710,2207413272,28018,2207441290,3,0,1,19968,3,6490335094
6711,2207426392,19404,2207445796,14,0,1,7168,14,6357796438
6712,2207437537,128748,2207566285,27,0,0,58368,27,9793945728
6713,2207481738,89588,2207571326,25,0,0,14336,25,8533474045
6714,2207549106,91238,2207640344,27,0,0,11776,27,4374362995
6715,2207549288,22053,2207571341,5,0,1,2048,5,5356409912
6716,2207549433,84798,2207634231,4,0,0,8704,4,4118816028
6717,2207560219,11137,2207571356,12,0,1,1024,12,689879469
6718,2207565128,6807,2207571935,23,0,1,4608,23,10405088986
6719,2207603974,2946,2207606920,11,0,1,3072,11,5598823032
6720,2207613964,7230,2207621194,26,0,1,7680,26,5890130263
6721,2207627569,566,2207628135,21,0,1,512,21,65293676
6722,2207645668,3898,2207649566,0,0,1,4096,0,66193297
6723,2207650467,210286,2207860753,18,0,0,37376,18,6186150227
6724,2207666351,45596,2207711947,20,0,0,1024,20,8670251378
6725,2207711263,109932,2207821195,19,0,0,59904,19,9577464023
6726,2207714815,126288,2207841103,20,0,0,14336,20,6251538679
6727,2207742192,141373,2207883565,19,0,0,21504,19,4682179857
6728,2207742754,3387,2207746141,23,0,1,9728,23,1191576494
6729,2207749840,210475,2207960315,28,0,0,1536,28,7957620878
6730,2207787723,1994,2207789717,25,0,1,2048,25,5098610047
6731,2207788556,4850,2207793406,15,0,1,5120,15,7612835464
6732,2207797670,72732,2207870402,26,0,0,5120,26,4158283974
6733,2207797835,23375,2207821210,16,0,1,5632,16,8183986833
6734,2207812346,147486,2207959832,15,0,0,70656,15,9867154025
6735,2207817840,8237,2207826077,16,0,1,5120,16,4725332152
6736,2207830145,247185,2208077330,23,0,0,61952,23,4754090903
6737,2207852252,9059,2207861311,24,0,1,512,24,8927463329
6738,2207868277,271442,2208139719,25,0,0,146432,25,5885854332
6739,2207974246,1518,2207975764,26,0,1,1536,26,3833813935
6740,2208072747,67167,2208139914,7,0,0,512,7,4813151685
6741,2208096320,101637,2208197957,7,0,0,2048,7,270609324
6742,2208099875,116093,2208215968,4,0,0,15872,4,407313236
6743,2208108146,83979,2208192125,26,0,0,3072,26,9350066613
6744,2208124726,16698,2208141424,7,0,1,1536,7,6844669338
6745,2208156488,5802,2208162290,25,0,1,6144,25,1845083354
6746,2208160112,5404,2208165516,6,0,1,5120,6,1430017842
6747,2208176316,112939,2208289255,2,0,0,512,2,2266065816
6748,2208192208,47288,2208239496,2,0,0,1536,2,6164424563
6749,2208236702,122597,2208359299,9,0,0,68096,9,2971329776
6750,2208248516,5326,2208253842,6,0,1,5632,6,3126187532
6751,2208274992,53495,2208328487,29,0,1,90624,29,9049031191
6752,2208302532,148613,2208451145,29,0,0,23552,29,396777264
6753,2208352803,98677,2208451480,3,0,0,1024,3,742337873
6754,2208369557,228930,2208598487,17,0,0,41472,17,5734104792
6755,2208416672,92673,2208509345,27,0,0,5632,27,10659160135
6756,2208437846,54735,2208492581,1,0,0,1024,1,5904454155
6757,2208446932,77365,2208524297,12,0,0,15872,12,3310416241
6758,2208517607,10241,2208527848,2,0,1,16384,2,6746142483
6759,2208533850,122988,2208656838,29,0,0,18944,29,7224146274
6760,2208547554,102908,2208650462,16,0,0,37888,16,6640210591
6761,2208575801,122499,2208698300,4,0,0,12288,4,753753763
6762,2208591439,9986,2208601425,26,0,1,3072,26,6765101296
6763,2208613390,2470,2208615860,16,0,1,2560,16,8000462691
6764,2208617345,2470,2208619815,22,0,1,2560,22,5151807282
6765,2208618144,4897,2208623041,10,0,1,5120,10,5848924865
6766,2208634604,1994,2208636598,20,0,1,2048,20,6873809341
6767,2208635579,172002,2208807581,20,0,0,77312,20,1460293501
6768,2208665320,5196,2208670516,23,0,1,13312,23,3226321416
6769,2208667420,140332,2208807752,2,0,0,512,2,9244324794
6770,2208705827,254491,2208960318,15,0,0,96256,15,493202341
6771,2208721338,293439,2209014777,15,0,0,178688,15,9179197606
6772,2208764637,65687,2208830324,29,0,1,111104,29,8448785479
6773,2208786105,46805,2208832910,25,0,1,4096,25,4001785347
6774,2208794779,223476,2209018255,28,0,0,9216,28,2146032748
6775,2208795867,42189,2208838056,16,0,1,8192,16,3886919003
6776,2208871888,170631,2209042519,16,0,0,9728,16,3405046452
6777,2208893932,121484,2209015416,7,0,0,2048,7,202416369
6778,2208900236,1518,2208901754,3,0,1,1536,3,2973127960
6779,2208909344,242845,2209152189,23,0,0,87552,23,6357839190
6780,2208923096,1518,2208924614,20,0,1,1536,20,1799842498
6781,2208992572,27160,2209019732,16,0,1,1536,16,6819303614
6782,2208995552,237037,2209232589,23,0,0,21504,23,5272106620
6783,2209018845,6488,2209025333,3,0,1,15872,3,7461501719
6784,2209039612,169277,2209208889,27,0,0,92160,27,6178805953
6785,2209042580,210973,2209253553,15,0,0,4608,15,8550887219
6786,2209047034,246029,2209293063,26,0,0,37376,26,7254481890
6787,2209057199,4162,2209061361,9,0,1,11264,9,3551834500
6788,2209070195,3898,2209074093,26,0,1,4096,26,7598044819
6789,2209093192,200845,2209294037,2,0,0,512,2,4578329109
6790,2209096972,211202,2209308174,28,0,0,4608,28,5840295463
6791,2209107546,566,2209108112,20,0,1,512,20,6510433156
6792,2209120343,1994,2209122337,26,0,1,2048,26,309779159
6793,2209166168,566,2209166734,21,0,1,512,21,6138696169
6794,2209180845,113675,2209294520,10,0,0,1536,10,8786297106
6795,2209215142,17462,2209232604,15,0,1,25600,15,3041488795
6796,2209236271,57595,2209293866,16,0,0,2560,16,9919459523
6797,2209257946,113723,2209371669,29,0,0,6656,29,3225624702
6798,2209259845,144003,2209403848,19,0,0,67072,19,485666141
6799,2209273721,195572,2209469293,22,0,0,12288,22,9809353058
6800,2209285444,180090,2209465534,22,0,0,46592,22,8537037920
6801,2209344965,202117,2209547082,22,0,0,14848,22,10639857592
6802,2209361046,109997,2209471043,19,0,0,512,19,4966829464
6803,2209365624,1518,2209367142,17,0,1,1536,17,6105514371
6804,2209411366,58254,2209469620,10,0,0,1024,10,216967712
6805,2209424721,185597,2209610318,15,0,0,34816,15,1502223443
6806,2209431321,1042,2209432363,20,0,1,1024,20,4179877897
6807,2209447798,3128,2209450926,20,0,1,9216,20,6171468468
6808,2209450480,114727,2209565207,5,0,0,19968,5,3697742625
6809,2209479054,254717,2209733771,6,0,0,44032,6,10280486670
6810,2209484312,566,2209484878,23,0,1,512,23,5356334341
6811,2209503086,3128,2209506214,26,0,1,9216,26,78291538
6812,2209510440,4374,2209514814,7,0,1,4608,7,7460262983
6813,2209525602,566,2209526168,6,0,1,512,6,7131363781
6814,2209539159,288668,2209827827,27,0,0,7680,27,3833420937
6815,2209540125,6972,2209547097,23,0,1,3072,23,6176424658
6816,2209541944,140209,2209682153,24,0,0,6656,24,578958103
6817,2209558137,7085,2209565222,2,0,1,8704,2,6076444285
6818,2209569546,566,2209570112,4,0,1,512,4,3207018541
6819,2209585332,43904,2209629236,1,0,0,512,1,1883795579
6820,2209599104,114867,2209713971,5,0,0,4096,5,3157018633
6821,2209612504,4374,2209616878,15,0,1,4608,15,9629070186
6822,2209628991,150761,2209779752,20,0,0,40448,20,790298195
6823,2209638349,178762,2209817111,24,0,0,48128,24,52026502
6824,2209654856,3904,2209658760,23,0,1,10752,23,511309103
6825,2209684716,6488,2209691204,21,0,1,15872,21,1520620814
6826,2209700745,79186,2209779931,1,0,0,512,1,923067420
6827,2209721178,13168,2209734346,7,0,1,512,7,2432866342
6828,2209725908,111216,2209837124,28,0,0,9728,28,6493889485
6829,2209735123,1994,2209737117,25,0,1,2048,25,3848394242
6830,2209751955,1042,2209752997,4,0,1,1024,4,2441285001
6831,2209769615,83289,2209852904,23,0,0,15872,23,6268558828
6832,2209789862,67836,2209857698,1,0,0,512,1,1476301457
6833,2209843588,3645,2209847233,3,0,1,10240,3,8783321818
6834,2209854003,145057,2209999060,28,0,0,62464,28,10696534064
6835,2209861321,173320,2210034641,17,0,0,65024,17,969445449
6836,2209880989,160762,2210041751,1,0,0,1536,1,10595162733
6837,2209905809,142929,2210048738,4,0,0,3072,4,6090812419
6838,2209907094,4850,2209911944,20,0,1,5120,20,5363126483
6839,2209919255,566,2209919821,9,0,1,512,9,4092119684
6840,2209931077,116710,2210047787,4,0,0,11264,4,1092958121
6841,2209933953,201455,2210135408,12,0,0,47104,12,3662682087
6842,2209938459,3898,2209942357,7,0,1,4096,7,7538275256
6843,2209974156,113123,2210087279,15,0,0,14848,15,5749812863
6844,2209996577,4945,2210001522,6,0,1,2560,6,7943687243
6845,2210018428,102613,2210121041,0,0,0,24064,0,3422104744
6846,2210056977,10499,2210067476,5,0,1,16896,5,4960005619
6847,2210063273,4562,2210067835,5,0,1,9728,5,2085728762
6848,2210072606,217068,2210289674,6,0,0,31744,6,6897821265
6849,2210078261,1994,2210080255,26,0,1,2048,26,9161277812
6850,2210084572,254520,2210339092,29,0,0,66048,29,224228256
6851,2210137441,142546,2210279987,16,0,0,28160,16,5078345632
6852,2210160341,2870,2210163211,20,0,1,8704,20,9708739459
6853,2210161015,6401,2210167416,2,0,1,4608,2,5187792321
6854,2210230779,566,2210231345,9,0,1,512,9,5623687629
6855,2210242693,98598,2210341291,24,0,0,7168,24,2585803194
6856,2210275599,19280,2210294879,9,0,1,13312,9,1432618231
6857,2210277237,20922,2210298159,29,0,1,11776,29,3693078815
6858,2210298630,97604,2210396234,25,0,0,20480,25,6421588829
6859,2210303933,6278,2210310211,20,0,1,6656,20,1507681407
6860,2210304615,7862,2210312477,22,0,1,3584,22,9206091760
6861,2210341303,123563,2210464866,27,0,0,55808,27,5687001304
6862,2210347823,180046,2210527869,20,0,0,19456,20,5510799493
6863,2210360091,117894,2210477985,4,0,0,43008,4,1488808553
6864,2210367033,44963,2210411996,7,0,0,512,7,5593771888
6865,2210368709,1518,2210370227,10,0,1,1536,10,9339787948
6866,2210369282,2946,2210372228,22,0,1,3072,22,7923101408
6867,2210402489,307168,2210709657,27,0,0,81408,27,2697690311
6868,2210409372,69096,2210478468,17,0,0,1536,17,10014859323
6869,2210412849,161262,2210574111,15,0,0,13824,15,8809090186
6870,2210433863,79929,2210513792,20,0,0,9728,20,761933623
6871,2210475550,3476,2210479026,10,0,1,512,10,8703666711
6872,2210481579,1994,2210483573,4,0,1,2048,4,5567734599
6873,2210488792,6229,2210495021,5,0,1,15360,5,8048815280
6874,2210491651,228340,2210719991,16,0,0,23552,16,1870875419
6875,2210526794,2109,2210528903,7,0,1,1024,7,5632635069
6876,2210537851,108888,2210646739,20,0,0,53760,20,4136738023
6877,2210594293,118499,2210712792,29,0,0,10240,29,8728089768
6878,2210597358,4420,2210601778,20,0,1,11776,20,10502335159
6879,2210651287,2470,2210653757,11,0,1,2560,11,3805609273
6880,2210654573,1042,2210655615,26,0,1,1024,26,9408205950
6881,2210676465,4850,2210681315,24,0,1,5120,24,7767627950
6882,2210699634,23738,2210723372,26,0,1,3584,26,7780126683
6883,2210746868,4162,2210751030,14,0,1,11264,14,8623901235
6884,2210749611,5588,2210755199,14,0,1,5120,14,1885602356
6885,2210753888,209227,2210963115,6,0,0,41984,6,2612079045
6886,2210772598,3904,2210776502,16,0,1,10752,16,2981115510
6887,2210791270,5971,2210797241,19,0,1,14848,19,4409545622
6888,2210801735,3422,2210805157,4,0,1,3584,4,7419105662
6889,2210802159,4944,2210807103,12,0,1,3072,12,8070854803
6890,2210807914,1994,2210809908,9,0,1,2048,9,8661297436
6891,2210833564,47288,2210880852,21,0,0,1536,21,3746190672
6892,2210851354,566,2210851920,23,0,1,512,23,6394511943
6893,2210872794,1042,2210873836,0,0,1,1024,0,6953794135
6894,2210887373,277727,2211165100,25,0,0,91136,25,9592569010
6895,2210892009,2470,2210894479,0,0,1,2560,0,2656845300
6896,2210896494,109071,2211005565,25,0,0,13824,25,9378137781
6897,2210931519,85554,2211017073,20,0,0,11264,20,8278549341
6898,2210936267,125806,2211062073,26,0,0,43008,26,4154426815
6899,2210940162,122082,2211062244,1,0,0,512,1,16328697
6900,2210970219,5802,2210976021,10,0,1,6144,10,4162782264
6901,2210978542,3898,2210982440,9,0,1,4096,9,1809868920
6902,2210986519,2946,2210989465,3,0,1,3072,3,243563448
6903,2210986625,6066,2210992691,21,0,1,5120,21,2163724145
6904,2210988143,269751,2211257894,27,0,0,59904,27,6029467936
6905,2211011260,5828,2211017088,15,0,1,3072,15,1464452799
6906,2211012621,75966,2211088587,6,0,0,6144,6,10420198051
6907,2211025534,187416,2211212950,18,0,0,35328,18,7052690912
6908,2211027778,140161,2211167939,28,0,0,9216,28,6421688701
6909,2211053876,11230,2211065106,26,0,1,8704,26,3505888925
6910,2211076505,225861,2211302366,0,0,0,44544,0,9429392217
6911,2211097271,1518,2211098789,21,0,1,1536,21,2265216622
6912,2211097680,229616,2211327296,22,0,0,31232,22,10098102201
6913,2211099850,6754,2211106604,22,0,1,7168,22,10333093763
6914,2211141833,26656,2211168489,9,0,1,512,9,3895893271
6915,2211143837,230005,2211373842,24,0,0,35328,24,9921558102
6916,2211165077,243331,2211408408,27,0,0,30208,27,4531570476
6917,2211184543,118321,2211302864,1,0,0,1536,1,8544711495
6918,2211210424,8796,2211219220,25,0,1,6656,25,6698124649
6919,2211216581,146482,2211363063,22,0,0,23552,22,8094283928
6920,2211222005,5971,2211227976,22,0,1,14848,22,3689378600
6921,2211234501,1042,2211235543,9,0,1,1024,9,10422755803
6922,2211264285,3898,2211268183,12,0,1,4096,12,4118543552
6923,2211288318,14063,2211302381,6,0,1,1536,6,370080871
6924,2211306244,110596,2211416840,15,0,0,15360,15,3058777784
6925,2211333402,98481,2211431883,23,0,0,10240,23,1486723219
6926,2211341554,4850,2211346404,5,0,1,5120,5,6864339397
6927,2211346305,4374,2211350679,2,0,1,4608,2,266871334
6928,2211347084,101227,2211448311,18,0,0,8704,18,6367687075
6929,2211388344,325905,2211714249,12,0,0,96768,12,4858981231
6930,2211410346,167970,2211578316,9,0,0,47616,9,4746320256
6931,2211437980,229031,2211667011,18,0,0,53760,18,3174536008
6932,2211475181,60374,2211535555,1,0,0,512,1,2258781822
6933,2211500160,142155,2211642315,26,0,0,28160,26,10027891036
6934,2211502282,212318,2211714600,1,0,0,1024,1,5879084985
6935,2211510564,1518,2211512082,6,0,1,1536,6,4630665644
6936,2211514281,213438,2211727719,13,0,0,43008,13,8781464193
6937,2211537715,6278,2211543993,6,0,1,6656,6,9119657374
6938,2211572531,105679,2211678210,27,0,0,4096,27,7437876809
6939,2211660131,7438,2211667569,11,0,1,512,11,9382968170
6940,2211681925,57440,2211739365,15,0,0,4608,15,5174388931
6941,2211693346,40610,2211733956,21,0,1,6656,21,3559833606
6942,2211697316,121627,2211818943,26,0,0,32768,26,7374439776
6943,2211698037,38825,2211736862,7,0,1,4608,7,4702525353
6944,2211767650,66695,2211834345,7,0,0,1536,7,2032157336
6945,2211772924,49448,2211822372,15,0,0,3584,15,6391044570
6946,2211839609,53892,2211893501,3,0,0,512,3,5047152616
6947,2211849597,74360,2211923957,15,0,0,9728,15,1064259779
6948,2211878063,108368,2211986431,6,0,0,55808,6,4331612721
6949,2211908854,129951,2212038805,23,0,0,14848,23,7582841505
6950,2211929723,271276,2212200999,17,0,0,79360,17,4232622686
6951,2211948514,2470,2211950984,10,0,1,2560,10,8570125555
6952,2211967991,1042,2211969033,5,0,1,1024,5,5586346296
6953,2211979589,10273,2211989862,6,0,1,3584,6,9823762301
6954,2211983340,186226,2212169566,27,0,0,60416,27,6097973412
6955,2212006678,7706,2212014384,12,0,1,8192,12,6200553958
6956,2212008886,21736,2212030622,29,0,1,34816,29,5341334704
6957,2212050079,4679,2212054758,12,0,1,12288,12,3194297639
6958,2212051884,6888,2212058772,11,0,1,5120,11,10121063342
6959,2212052016,8920,2212060936,9,0,1,13824,9,1860552693
6960,2212052033,12987,2212065020,12,0,1,5632,12,4508081458
6961,2212096948,105314,2212202262,5,0,0,4096,5,4178364838
6962,2212109606,147200,2212256806,1,0,0,512,1,4420127672
6963,2212110388,137612,2212248000,18,0,0,25600,18,3357858492
6964,2212130242,109943,2212240185,26,0,0,32256,26,5101628007
6965,2212163269,222635,2212385904,5,0,0,70144,5,7507411260
6966,2212165066,115406,2212280472,3,0,0,512,3,2369983591
6967,2212166960,176986,2212343946,13,0,0,39424,13,8371428028
6968,2212168134,155244,2212323378,1,0,0,4096,1,41367935
6969,2212270367,1994,2212272361,5,0,1,2048,5,4937149095
6970,2212299978,113810,2212413788,20,0,0,2048,20,2104901374
6971,2212317192,188163,2212505355,6,0,0,70656,6,10413823978
6972,2212333964,12861,2212346825,3,0,1,8704,3,7276799770
6973,2212343762,5791,2212349553,3,0,1,3072,3,9009293729
6974,2212345996,4543,2212350539,14,0,1,1536,14,5130801777
6975,2212369524,104292,2212473816,28,0,0,18944,28,4345049508
6976,2212413388,135075,2212548463,28,0,0,7680,28,6163348334
6977,2212449261,6488,2212455749,15,0,1,15872,15,4736003872
6978,2212494032,115221,2212609253,6,0,0,3584,6,9285987092
6979,2212494479,12887,2212507366,11,0,1,2048,11,4474837161
6980,2212505598,98519,2212604117,22,0,0,22016,22,96893435
6981,2212564865,47288,2212612153,10,0,0,1536,10,8392570983
6982,2212577979,2870,2212580849,10,0,1,8704,10,7836619390
6983,2212614352,125626,2212739978,12,0,0,64512,12,6077729904
6984,2212626655,566,2212627221,7,0,1,512,7,5736841078
6985,2212688609,120928,2212809537,15,0,0,73728,15,1143490828
6986,2212689162,1042,2212690204,0,0,1,1024,0,5904415898
6987,2212712894,116503,2212829397,24,0,0,17920,24,3960026483
6988,2212719169,20824,2212739993,14,0,1,9216,14,985444271
6989,2212756163,1994,2212758157,5,0,1,2048,5,10496684056
6990,2212764999,84324,2212849323,3,0,0,1536,3,141166996
6991,2212766706,10757,2212777463,12,0,1,17408,12,2517807008
6992,2212780910,3645,2212784555,7,0,1,10240,7,7149798256
6993,2212815609,45596,2212861205,3,0,0,1024,3,4160025096
6994,2212823621,102383,2212926004,7,0,0,512,7,5567158569
6995,2212845851,208144,2213053995,25,0,0,6144,25,1151537774
6996,2212860270,5971,2212866241,0,0,1,14848,0,7831201035
6997,2212860883,152211,2213013094,29,0,0,58368,29,4677018897
6998,2212885811,136361,2213022172,17,0,0,28672,17,283154284
6999,2212891169,3422,2212894591,22,0,1,3584,22,7484576381
7000,2212898076,91053,2212989129,21,0,0,1536,21,8896022496
7001,2212902554,110867,2213013421,3,0,0,1024,3,7720121043
7002,2212938095,85199,2213023294,19,0,0,1536,19,2712728434
7003,2212963116,59695,2213022811,19,0,0,2048,19,1395008269
7004,2213038338,107589,2213145927,18,0,0,21504,18,8476660814
7005,2213039450,1518,2213040968,17,0,1,1536,17,2969289494
7006,2213054155,190672,2213244827,0,0,0,58368,0,3696079527
7007,2213068270,80633,2213148903,3,0,0,1024,3,5516762856
7008,2213083357,234407,2213317764,15,0,0,49152,15,5198487389
7009,2213103758,1994,2213105752,21,0,1,2048,21,8885448242
7010,2213118750,184023,2213302773,23,0,0,116736,23,4207012381
7011,2213147290,102635,2213249925,26,0,0,1536,26,4258361811
7012,2213207838,117609,2213325447,26,0,0,25088,26,4059758312
7013,2213224751,257620,2213482371,12,0,0,168448,12,1561619306
7014,2213238789,95976,2213334765,6,0,0,12800,6,7283288738
7015,2213243542,1868,2213245410,16,0,1,512,16,2838540472
7016,2213299859,26614,2213326473,9,0,1,1024,9,4506826338
7017,2213308997,17822,2213326819,24,0,1,512,24,10132838905
7018,2213310515,24265,2213334780,0,0,1,5632,0,3303909914
7019,2213317474,20898,2213338372,24,0,1,17408,24,4637461630
7020,2213329738,213232,2213542970,18,0,0,1536,18,5910867686
7021,2213343528,74877,2213418405,1,0,0,512,1,10641134694
7022,2213366991,2946,2213369937,9,0,1,3072,9,6552189326
7023,2213518947,105986,2213624933,23,0,0,28672,23,3078829177
7024,2213567130,5454,2213572584,14,0,1,13824,14,2913648494
7025,2213580854,116181,2213697035,24,0,0,35840,24,4877798966
7026,2213590833,259904,2213850737,7,0,0,2560,7,8397768283
7027,2213599741,4374,2213604115,6,0,1,4608,6,9034875154
7028,2213621867,260737,2213882604,16,0,0,46592,16,2560454321
7029,2213630973,4679,2213635652,26,0,1,12288,26,9632045691
7030,2213634402,73025,2213707427,3,0,0,1024,3,5976585290
7031,2213659507,150370,2213809877,20,0,0,30720,20,6367933997
7032,2213664294,50672,2213714966,22,0,0,2560,22,873208047
7033,2213672491,1518,2213674009,12,0,1,1536,12,5852049408
7034,2213673825,169561,2213843386,13,0,0,106496,13,3616219464
7035,2213703780,142273,2213846053,5,0,0,8704,5,10694518886
7036,2213737907,62416,2213800323,29,0,1,101376,29,665054716
7037,2213751825,110132,2213861957,16,0,0,4096,16,4810558071
7038,2213772327,73749,2213846076,29,0,1,105984,29,4767061719
7039,2213787412,196131,2213983543,0,0,0,9728,0,1665153658
7040,2213809032,155034,2213964066,27,0,0,3072,27,5585925660
7041,2213824740,277174,2214101914,28,0,0,16384,28,3086767653
7042,2213844054,2590,2213846644,10,0,1,512,10,6921203137
7043,2213849598,119054,2213968652,29,0,0,2048,29,6888959339
7044,2213870715,162065,2214032780,25,0,0,51200,25,1941663529
7045,2213876270,243529,2214119799,26,0,0,16896,26,7262343512
7046,2213931471,4679,2213936150,26,0,1,12288,26,1182128221
7047,2213976525,161911,2214138436,13,0,0,34304,13,6084229813
7048,2214025047,8767,2214033814,17,0,1,1024,17,2598300683
7049,2214034033,180885,2214214918,18,0,0,57344,18,1726715760
7050,2214053428,218021,2214271449,10,0,0,37376,10,2660406572
7051,2214084714,130531,2214215245,2,0,0,1024,2,8865501782
7052,2214129655,14244,2214143899,26,0,1,13824,26,1106677317
7053,2214137366,188804,2214326170,5,0,0,117760,5,174639753
7054,2214138928,6277,2214145205,7,0,1,2048,7,4106043686
7055,2214149682,253961,2214403643,27,0,0,70144,27,3242587162
7056,2214157806,119393,2214277199,24,0,0,8192,24,1358357486
7057,2214222667,2470,2214225137,12,0,1,2560,12,10693632286
7058,2214242332,139924,2214382256,17,0,0,12288,17,9042475049
7059,2214255109,184623,2214439732,29,0,0,37888,29,6886434900
7060,2214298178,125194,2214423372,19,0,0,512,19,3789181777
7061,2214319805,87441,2214407246,23,0,0,11776,23,7716724697
7062,2214376682,112892,2214489574,20,0,0,13824,20,1249769053
7063,2214412340,109496,2214521836,17,0,0,7680,17,7376266613
7064,2214430885,14052,2214444937,5,0,1,13312,5,2463295303
7065,2214436420,9183,2214445603,23,0,1,1024,23,6414842273
7066,2214444290,21141,2214465431,29,0,1,34304,29,198827958
7067,2214461882,111188,2214573070,20,0,0,18432,20,3800917325
7068,2214488650,176865,2214665515,5,0,0,72192,5,2884684135
7069,2214505074,138430,2214643504,26,0,0,61952,26,6739073509
7070,2214505088,43921,2214549009,3,0,0,512,3,2999355139
7071,2214524509,4162,2214528671,6,0,1,11264,6,6678598520
7072,2214549853,298614,2214848467,23,0,0,169984,23,7785336733
7073,2214613930,162639,2214776569,21,0,0,10752,21,3484403892
7074,2214619427,2470,2214621897,17,0,1,2560,17,5247826785
7075,2214628704,301585,2214930289,24,0,0,119808,24,6635632390
7076,2214645228,25154,2214670382,16,0,1,5120,16,7759824234
7077,2214674194,199849,2214874043,9,0,0,67584,9,9119545574
7078,2214704550,146756,2214851306,12,0,0,9216,12,3470192506
7079,2214716721,223583,2214940304,16,0,0,32768,16,1044800146
7080,2214735375,566,2214735941,23,0,1,512,23,7070048540
7081,2214744873,261334,2215006207,13,0,0,55296,13,8479041168
7082,2214751775,188880,2214940655,2,0,0,1024,2,5412637604
7083,2214808455,65603,2214874058,22,0,1,3584,22,6893746270
7084,2214810297,63776,2214874073,2,0,1,7168,2,8463776760
7085,2214818862,160890,2214979752,19,0,0,2048,19,666443277
7086,2214823626,50462,2214874088,10,0,1,1536,10,5306958461
7087,2214840328,33775,2214874103,0,0,1,2048,0,6504527055
7088,2214898802,42503,2214941305,0,0,1,1024,0,5939307464
7089,2214913931,28360,2214942291,26,0,1,1536,26,2798767628
7090,2214932148,11769,2214943917,14,0,1,2560,14,6422393384
7091,2214953180,288806,2215241986,10,0,0,15360,10,292449164
7092,2215011502,1994,2215013496,15,0,1,2048,15,1617705159
7093,2215019631,117636,2215137267,13,0,0,48640,13,8490449813
7094,2215029904,92528,2215122432,17,0,0,18944,17,6373026144
7095,2215083540,2870,2215086410,26,0,1,8704,26,4237454675
7096,2215098578,138713,2215237291,15,0,0,91136,15,4136798229
7097,2215113716,75903,2215189619,28,0,0,13824,28,2879457264
7098,2215127947,16083,2215144030,22,0,1,7168,22,1166006682
7099,2215132425,13551,2215145976,22,0,1,3072,22,2144057202
7100,2215175500,120409,2215295909,15,0,0,4608,15,1397080910
7101,2215190542,52239,2215242781,7,0,0,2560,7,5373646661
7102,2215199389,1042,2215200431,25,0,1,1024,25,7387877610
7103,2215254832,7230,2215262062,12,0,1,7680,12,10099871051
7104,2215264797,1994,2215266791,11,0,1,2048,11,4368223272
7105,2215269336,4162,2215273498,0,0,1,11264,0,9919775570
7106,2215272777,103629,2215376406,28,0,0,39424,28,6629491067
7107,2215313249,63952,2215377201,16,0,0,2560,16,1028379844
7108,2215322378,3645,2215326023,21,0,1,10240,21,2994315246
7109,2215355243,76531,2215431774,18,0,0,7168,18,8187132963
7110,2215373617,178058,2215551675,7,0,0,1536,7,7733239284
7111,2215392793,13341,2215406134,3,0,1,22528,3,1108684674
7112,2215407302,1994,2215409296,12,0,1,2048,12,7056216419
7113,2215416194,2946,2215419140,12,0,1,3072,12,8789910445
7114,2215425617,89623,2215515240,3,0,0,1536,3,4550379817
7115,2215453789,4374,2215458163,26,0,1,4608,26,3060484257
7116,2215506092,43904,2215549996,2,0,0,512,2,4551209524
7117,2215510764,77300,2215588064,9,0,0,14336,9,7527399305
7118,2215535488,70210,2215605698,3,0,0,512,3,2031339147
7119,2215542720,79904,2215622624,18,0,0,12800,18,8013850169
7120,2215548139,45596,2215593735,1,0,0,1024,1,498847190
7121,2215622135,46389,2215668524,10,0,0,2048,10,7313896283
7122,2215627455,122720,2215750175,24,0,0,102912,24,5753570299
7123,2215720112,92127,2215812239,18,0,0,9728,18,867175157
7124,2215729372,24242,2215753614,6,0,1,3584,6,7285540875
7125,2215756333,104936,2215861269,27,0,0,44544,27,7441327469
7126,2215759436,169393,2215928829,12,0,0,104960,12,3105418345
7127,2215768610,566,2215769176,7,0,1,512,7,281888026
7128,2215800243,209421,2216009664,26,0,0,59392,26,8547872238
7129,2215805886,6368,2215812254,4,0,1,13824,4,8694841148
7130,2215811894,5678,2215817572,10,0,1,5632,10,6209178622
7131,2215849805,80295,2215930100,3,0,0,4096,3,6947800870
7132,2215901772,34590,2215936362,25,0,1,6656,25,9516199365
7133,2215915973,186194,2216102167,1,0,0,1536,1,487705541
7134,2215935755,79436,2216015191,9,0,0,11264,9,872781706
7135,2215949789,3898,2215953687,26,0,1,4096,26,8859511455
7136,2215962133,119957,2216082090,5,0,0,69120,5,4666172893
7137,2215963795,52035,2216015830,13,0,0,2048,13,9717941172
7138,2215966397,138454,2216104851,1,0,0,1536,1,1565047327
7139,2215971098,566,2215971664,19,0,1,512,19,869952722
7140,2216017218,1042,2216018260,23,0,1,1024,23,290880626
7141,2216023347,566,2216023913,25,0,1,512,25,2832377025
7142,2216032514,6278,2216038792,7,0,1,6656,7,2364945347
7143,2216033598,136830,2216170428,3,0,0,512,3,9724391542
7144,2216041133,5196,2216046329,12,0,1,13312,12,9476386911
7145,2216069426,232090,2216301516,28,0,0,80384,28,64423570
7146,2216092475,2946,2216095421,24,0,1,3072,24,2420041337
7147,2216106049,64208,2216170257,0,0,0,6656,0,4086787168
7148,2216125376,5712,2216131088,2,0,1,14336,2,4714031927
7149,2216129681,175454,2216305135,26,0,0,11776,26,3506512155
7150,2216132617,229771,2216362388,12,0,0,14336,12,5376479852
7151,2216148196,71399,2216219595,10,0,0,6144,10,9513541416
7152,2216171260,105749,2216277009,13,0,0,38912,13,2550340335
7153,2216184460,190111,2216374571,21,0,0,39936,21,552863516
7154,2216280713,144555,2216425268,6,0,0,59392,6,3605637936
7155,2216288687,180993,2216469680,12,0,0,64000,12,1215743844
7156,2216320074,1518,2216321592,22,0,1,1536,22,757059529
7157,2216377518,168360,2216545878,9,0,0,4096,9,9534297015
7158,2216393548,1518,2216395066,15,0,1,1536,15,5839729006
7159,2216459113,14204,2216473317,10,0,1,10240,10,7085234947
7160,2216477179,217582,2216694761,15,0,0,160256,15,101774515
7161,2216484549,1994,2216486543,26,0,1,2048,26,7487938444
7162,2216538092,1994,2216540086,5,0,1,2048,5,2061930026
7163,2216567824,219564,2216787388,15,0,0,43008,15,4134395645
7164,2216576565,325430,2216901995,23,0,0,28672,23,8317365530
7165,2216598903,116456,2216715359,22,0,0,25088,22,9453605286
7166,2216615011,1042,2216616053,25,0,1,1024,25,1414867945
7167,2216623002,121733,2216744735,16,0,0,18432,16,4205261018
7168,2216670857,85112,2216755969,29,0,1,98816,29,822560664
7169,2216673487,96718,2216770205,21,0,0,5120,21,3299822586
7170,2216674218,84337,2216758555,3,0,1,4096,3,4183464675
7171,2216693459,67042,2216760501,25,0,1,3072,25,161362277
7172,2216693912,210293,2216904205,12,0,0,5632,12,7498558972
7173,2216753835,125896,2216879731,1,0,0,2048,1,6116756714
7174,2216776667,11755,2216788422,10,0,1,1024,10,7763100206
7175,2216788659,5326,2216793985,21,0,1,5632,21,4461099822
7176,2216792468,2503,2216794971,0,0,1,1536,0,2865590599
7177,2216798740,2946,2216801686,16,0,1,3072,16,7003391644
7178,2216799799,2873,2216802672,25,0,1,1536,25,7732857328
7179,2216804247,213553,2217017800,24,0,0,1024,24,6953496297
7180,2216816473,11533,2216828006,4,0,1,18944,4,5596804220
7181,2216842009,95297,2216937306,27,0,0,6144,27,5071918887
7182,2216846165,3898,2216850063,25,0,1,4096,25,7080083067
7183,2216851303,566,2216851869,24,0,1,512,24,2494167846
7184,2216854276,143574,2216997850,27,0,0,12288,27,4258785756
7185,2216858431,566,2216858997,23,0,1,512,23,7570699094
7186,2216870710,144960,2217015670,3,0,0,512,3,9309179527
7187,2216886844,566,2216887410,21,0,1,512,21,1078034141
7188,2216982558,33762,2217016320,29,0,1,58880,29,3953082702
7189,2216992821,56509,2217049330,7,0,0,1536,7,2488240428
7190,2216995212,122555,2217117767,13,0,0,8192,13,2545855325
7191,2217055636,1994,2217057630,23,0,1,2048,23,7668594063
7192,2217064173,236067,2217300240,4,0,0,19968,4,2339279926
7193,2217091932,81591,2217173523,29,0,0,5632,29,7238750787
7194,2217109238,1994,2217111232,15,0,1,2048,15,7562337293
7195,2217115602,78512,2217194114,15,0,0,7168,15,9761362382
7196,2217128214,187131,2217315345,10,0,0,17920,10,2140699117
7197,2217155176,103844,2217259020,20,0,0,40960,20,336978474
7198,2217169221,93090,2217262311,17,0,0,10752,17,3128548811
7199,2217169377,4161,2217173538,0,0,1,3584,0,3224550779
7200,2217191110,89120,2217280230,22,0,0,3584,22,10351423461
7201,2217212709,157846,2217370555,19,0,0,1024,19,8209444780
7202,2217216459,1042,2217217501,0,0,1,1024,0,5197833425
7203,2217218839,91016,2217309855,20,0,0,24064,20,1769277068
7204,2217256648,53222,2217309870,29,0,1,66048,29,1944908399
7205,2217286460,117923,2217404383,15,0,0,41472,15,4120841139
7206,2217342101,366871,2217708972,15,0,0,19456,15,4333532342
7207,2217346895,213528,2217560423,0,0,0,87040,0,9382350522
7208,2217391857,71944,2217463801,1,0,0,2048,1,10214693434
7209,2217411010,3645,2217414655,25,0,1,10240,25,8213613616
7210,2217462664,219509,2217682173,18,0,0,38400,18,3264781576
7211,2217465311,566,2217465877,23,0,1,512,23,1567247519
7212,2217500385,159686,2217660071,0,0,0,129536,0,11539199
7213,2217504491,10499,2217514990,9,0,1,16896,9,2615403707
7214,2217518279,228802,2217747081,15,0,0,90112,15,5535686638
7215,2217559812,122688,2217682500,19,0,0,1024,19,1311250920
7216,2217573235,2470,2217575705,9,0,1,2560,9,4025749558
7217,2217643057,135814,2217778871,23,0,0,1024,23,1769654144
7218,2217647905,236751,2217884656,7,0,0,512,7,1404073457
7219,2217653929,290188,2217944117,29,0,0,55808,29,2616437251
7220,2217668153,1042,2217669195,5,0,1,1024,5,5955977508
7221,2217684123,189115,2217873238,4,0,0,107520,4,6420684891
7222,2217713360,171125,2217884485,29,0,0,36864,29,4578454730
7223,2217748965,3422,2217752387,21,0,1,3584,21,10121313200
7224,2217773159,3422,2217776581,15,0,1,3584,15,7336280957
7225,2217786969,236353,2218023322,10,0,0,21504,10,1761704501
7226,2217787813,119220,2217907033,7,0,0,512,7,1340622267
7227,2217796642,104929,2217901571,28,0,0,13312,28,6573640407
7228,2217816707,70976,2217887683,25,0,0,8704,25,2137851297
7229,2217850878,93254,2217944132,29,0,1,71680,29,1006196941
7230,2217855776,88371,2217944147,7,0,1,2560,7,10094039473
7231,2217857449,86713,2217944162,29,0,1,21504,29,1867233795
7232,2217872297,247519,2218119816,16,0,0,65024,16,10706723984
7233,2217872551,71626,2217944177,23,0,1,4096,23,679593750
7234,2217874464,69728,2217944192,15,0,1,2048,15,274324819
7235,2217956091,3904,2217959995,23,0,1,10752,23,385612408
7236,2217959082,300485,2218259567,12,0,0,128000,12,1598867951
7237,2217971595,180063,2218151658,23,0,0,14336,23,7383839785
7238,2217972398,3422,2217975820,11,0,1,3584,11,6699486338
7239,2217997284,124050,2218121334,3,0,0,512,3,10005391828
7240,2218014258,9087,2218023345,17,0,1,15360,17,589283040
7241,2218018762,124418,2218143180,24,0,0,512,24,10733429197
7242,2218045507,1042,2218046549,12,0,1,1024,12,353004683
7243,2218049220,6278,2218055498,2,0,1,6656,2,3837885521
7244,2218049826,6440,2218056266,26,0,1,11776,26,5878723323
7245,2218092295,1518,2218093813,9,0,1,1536,9,3682921436
7246,2218152936,173703,2218326639,22,0,0,50176,22,1841489644
7247,2218215335,44247,2218259582,29,0,1,30208,29,1276790556
7248,2218240529,21039,2218261568,22,0,1,2048,22,4756945895
7249,2218286988,87704,2218374692,19,0,0,512,19,5052269771
7250,2218293582,62540,2218356122,20,0,0,11264,20,3742422964
7251,2218301618,250256,2218551874,3,0,0,3072,3,1558355421
7252,2218310025,69284,2218379309,26,0,0,8192,26,5860490282
7253,2218347760,8377,2218356137,22,0,1,7680,22,8195224577
7254,2218350544,5971,2218356515,24,0,1,14848,24,10543248877
7255,2218385785,265480,2218651265,17,0,0,23040,17,4821614002
7256,2218387040,2870,2218389910,22,0,1,8704,22,8409508033
7257,2218390207,225085,2218615292,18,0,0,5120,18,6753753065
7258,2218405715,49136,2218454851,17,0,0,2560,17,1235713631
7259,2218426860,4162,2218431022,16,0,1,11264,16,867353144
7260,2218431602,94919,2218526521,25,0,0,10240,25,5034730991
7261,2218436203,5196,2218441399,14,0,1,13312,14,9389753525
7262,2218439367,3018,2218442385,19,0,1,1536,19,3422430224
7263,2218444052,2470,2218446522,9,0,1,2560,9,5229655509
7264,2218465700,12566,2218478266,7,0,1,20992,7,9757606006
7265,2218486717,4850,2218491567,6,0,1,5120,6,74064317
7266,2218640193,11087,2218651280,6,0,1,5632,6,9149326012
7267,2218646504,9184,2218655688,6,0,1,4608,6,2686783298
7268,2218646588,9766,2218656354,21,0,1,1024,21,1124313552
7269,2218646620,10080,2218656700,2,0,1,512,2,10633899555
7270,2218657814,2870,2218660684,10,0,1,8704,10,1897702365
7271,2218706767,5326,2218712093,6,0,1,5632,6,3929905238
7272,2218719287,566,2218719853,25,0,1,512,25,9638002229
7273,2218737270,2470,2218739740,16,0,1,2560,16,7166659603
7274,2218773788,111788,2218885576,16,0,0,35840,16,1605793407
7275,2218805383,59132,2218864515,26,0,0,5120,26,1456042102
7276,2218812792,245519,2219058311,0,0,0,53760,0,1838662941
7277,2218820236,13341,2218833577,15,0,1,22528,15,7655348608
7278,2218838638,1994,2218840632,17,0,1,2048,17,5645642749
7279,2218846916,389547,2219236463,25,0,0,131584,25,5167458472
7280,2218860477,4053,2218864530,17,0,1,9728,17,2634589685
7281,2218912773,1042,2218913815,15,0,1,1024,15,2045640580
7282,2218919376,6278,2218925654,16,0,1,6656,16,7835730468
7283,2218925522,43904,2218969426,12,0,0,512,12,8603546439
7284,2218938541,1994,2218940535,0,0,1,2048,0,1038069281
7285,2218974592,2946,2218977538,24,0,1,3072,24,8436247919
7286,2218980720,157187,2219137907,13,0,0,45568,13,10132017660
7287,2218982439,98414,2219080853,15,0,0,5632,15,5482436741
7288,2218986931,209410,2219196341,23,0,0,19456,23,8592208051
7289,2219009976,66587,2219076563,19,0,0,512,19,8199949374
7290,2219035326,4162,2219039488,6,0,1,11264,6,4631674801
7291,2219054394,93479,2219147873,18,0,0,1536,18,8294089725
7292,2219058152,742,2219058894,12,0,1,512,12,1598263534
7293,2219077444,159190,2219236634,29,0,0,512,29,6420664889
7294,2219122664,55203,2219177867,0,0,0,3072,0,649500179
7295,2219140689,1042,2219141731,22,0,1,1024,22,9457152806
7296,2219149521,120589,2219270110,1,0,0,512,1,7397924614
7297,2219154037,104608,2219258645,23,0,0,25088,23,4628016955
7298,2219155047,121340,2219276387,24,0,0,1536,24,2692188488
7299,2219162283,4850,2219167133,12,0,1,5120,12,6998450232
7300,2219188517,7839,2219196356,19,0,1,4608,19,3874549713
7301,2219306481,102596,2219409077,21,0,0,36864,21,6594616788
7302,2219310086,3422,2219313508,29,0,1,3584,29,10275245812
7303,2219365201,245085,2219610286,18,0,0,58368,18,10137803159
7304,2219391767,75618,2219467385,23,0,0,9216,23,3609918046
7305,2219397111,108056,2219505167,0,0,0,54784,0,6348851640
7306,2219400731,189995,2219590726,15,0,0,66048,15,5887006256
7307,2219425532,145047,2219570579,17,0,0,29184,17,4189645932
7308,2219532253,11274,2219543527,3,0,1,18432,3,6380343324
7309,2219545953,124670,2219670623,23,0,0,57856,23,3880663954
7310,2219564506,45795,2219610301,9,0,1,3584,9,10438425854
7311,2219576187,94927,2219671114,3,0,0,1536,3,5523778599
7312,2219591373,18943,2219610316,9,0,1,1536,9,8569074059
7313,2219627016,2946,2219629962,16,0,1,3072,16,4135539183
7314,2219653994,60525,2219714519,3,0,0,512,3,10446190611
7315,2219672561,185220,2219857781,0,0,0,81408,0,5977299713
7316,2219699740,62516,2219762256,16,0,0,6144,16,5091260113
7317,2219741481,43904,2219785385,1,0,0,512,1,5275147484
7318,2219750935,127179,2219878114,18,0,0,17920,18,2235521153
7319,2219757667,101744,2219859411,5,0,0,2048,5,2138851135
7320,2219775790,155688,2219931478,9,0,0,31744,9,3602048609
7321,2219787085,71647,2219858732,1,0,0,3072,1,9210802188
7322,2219792747,342629,2220135376,16,0,0,170496,16,2902670468
7323,2219810815,239332,2220050147,15,0,0,56832,15,6051312956
7324,2219811359,2470,2219813829,5,0,1,2560,5,8153851204
7325,2219820049,462222,2220282271,26,0,0,28160,26,5779803005
7326,2219823644,180061,2220003705,24,0,0,512,24,7984149927
7327,2219841035,25665,2219866700,6,0,1,7680,6,9069938443
7328,2219841346,28580,2219869926,2,0,1,5120,2,4549029693
7329,2219842727,316688,2220159415,17,0,0,78848,17,5010855621
7330,2219843802,27750,2219871552,11,0,1,2560,11,9052359791
7331,2219843804,34325,2219878129,2,0,1,4608,2,3768341955
7332,2219847515,374941,2220222456,25,0,0,47616,25,10615313504
7333,2219849946,28198,2219878144,0,0,1,1536,0,4685185109
7334,2219850620,122881,2219973501,29,0,1,179200,29,3641284788
7335,2219855423,121944,2219977367,9,0,1,6144,9,7851293685
7336,2219922033,237873,2220159906,3,0,0,1536,3,10327307103
7337,2219931673,46040,2219977713,17,0,1,512,17,4347900115
7338,2219945312,260452,2220205764,4,0,0,10752,4,830425691
7339,2219961318,278551,2220239869,20,0,0,512,20,1829510954
7340,2219992850,10499,2220003349,7,0,1,16896,7,937353628
7341,2220003203,171607,2220174810,19,0,0,1024,19,2928420697
7342,2220016866,34367,2220051233,29,0,1,56832,29,5135252966
7343,2220038911,219204,2220258115,2,0,0,1024,2,945770401
7344,2220054181,404164,2220458345,9,0,0,65024,9,4357650179
7345,2220077566,3645,2220081211,9,0,1,10240,9,232653096
7346,2220139492,21916,2220161408,4,0,1,1536,4,1738828798
7347,2220156135,7093,2220163228,12,0,1,8704,12,1862706850
7348,2220170723,10757,2220181480,9,0,1,17408,9,10492351615
7349,2220195444,46729,2220242173,29,0,1,80896,29,6780502010
7350,2220223564,400516,2220624080,23,0,0,72192,23,7970454091
7351,2220226855,410212,2220637067,16,0,0,42496,16,5751698001
7352,2220228555,353321,2220581876,28,0,0,216576,28,8719442364
7353,2220235831,198406,2220434237,19,0,0,1024,19,3539800011
7354,2220237006,9033,2220246039,3,0,1,6144,3,6233153366
7355,2220237933,8465,2220246398,10,0,1,9728,10,3552490927
7356,2220247230,1994,2220249224,2,0,1,2048,2,5427936215
7357,2220309577,284974,2220594551,28,0,0,41472,28,9012289819
7358,2220317324,282546,2220599870,27,0,0,17408,27,4922967512
7359,2220380391,2470,2220382861,14,0,1,2560,14,436684506
7360,2220383452,218617,2220602069,26,0,0,7168,26,827046053
7361,2220403772,566,2220404338,21,0,1,512,21,989280993
7362,2220434837,1994,2220436831,10,0,1,2048,10,4359849633
7363,2220462337,1042,2220463379,23,0,1,1024,23,6018894995
7364,2220485256,300522,2220785778,18,0,0,26624,18,9804177753
7365,2220511376,128990,2220640366,17,0,0,10752,17,10452353411
7366,2220542669,140038,2220682707,10,0,0,9728,10,4170200220
7367,2220545581,326351,2220871932,5,0,0,81408,5,2565392902
7368,2220555234,85163,2220640397,5,0,1,6144,5,2332653532
7369,2220579162,111055,2220690217,25,0,0,11776,25,1064571732
7370,2220583827,205948,2220789775,22,0,0,9728,22,734059853
7371,2220593478,48924,2220642402,21,0,1,2048,21,1480973364
7372,2220619061,24647,2220643708,6,0,1,2048,6,3033133293
7373,2220619806,86861,2220706667,24,0,0,512,24,2466769179
7374,2220631382,246676,2220878058,4,0,0,4608,4,2018464348
7375,2220642521,132296,2220774817,12,0,0,512,12,4603793616
7376,2220647051,7706,2220654757,23,0,1,8192,23,1617405364
7377,2220695274,6754,2220702028,0,0,1,7168,0,2122097624
7378,2220708801,285391,2220994192,3,0,0,2560,3,850588551
7379,2220743748,268093,2221011841,21,0,0,44544,21,7870717333
7380,2220750354,3898,2220754252,3,0,1,4096,3,1363256114
7381,2220751545,7213,2220758758,11,0,1,7168,11,3338401938
7382,2220788185,233967,2221022152,23,0,0,33792,23,3875521697
7383,2220793987,230611,2221024598,9,0,0,7168,9,10675203093
7384,2220829669,3128,2220832797,12,0,1,9216,12,1845915894
7385,2220845563,26384,2220871947,29,0,1,3072,29,2741630175
7386,2220860590,55253,2220915843,24,0,0,512,24,866780457
7387,2220886075,240982,2221127057,15,0,0,163840,15,1635549022
7388,2220912624,258832,2221171456,13,0,0,22528,13,3623148668
7389,2220948932,186720,2221135652,23,0,0,28160,23,338018850
7390,2220982724,157155,2221139879,28,0,0,13824,28,8709323124
7391,2220992015,151229,2221143244,24,0,0,512,24,819207779
7392,2221028235,191606,2221219841,9,0,0,44032,9,4244420133
7393,2221036271,212320,2221248591,29,0,0,50176,29,8178279810
7394,2221044925,13600,2221058525,3,0,1,23040,3,8588252957
7395,2221067475,165797,2221233272,20,0,0,44032,20,6127293857
7396,2221074109,2870,2221076979,15,0,1,8704,15,2643803935
7397,2221123312,19046,2221142358,25,0,1,2560,25,10112117761
7398,2221131441,63770,2221195211,19,0,0,1024,19,7602095074
7399,2221146458,566,2221147024,4,0,1,512,4,3267882355
7400,2221154130,96143,2221250273,19,0,0,512,19,3662915132
7401,2221217174,37889,2221255063,0,0,1,15872,0,8546180190
7402,2221224355,182160,2221406515,16,0,0,54272,16,6614400587
7403,2221229143,26906,2221256049,0,0,1,1536,0,5582721043
7404,2221233542,24815,2221258357,12,0,1,11776,12,1339716024
7405,2221246967,11736,2221258703,16,0,1,512,16,8808259281
7406,2221285075,190902,2221475977,18,0,0,54272,18,4502673194
7407,2221302856,221379,2221524235,15,0,0,19968,15,7305542597
7408,2221325999,4374,2221330373,21,0,1,4608,21,7601061553
7409,2221350105,183792,2221533897,25,0,0,512,25,9663441796
7410,2221366184,5326,2221371510,9,0,1,5632,9,3311676569
7411,2221388310,18220,2221406530,10,0,1,13824,10,10164013917
7412,2221415401,566,2221415967,26,0,1,512,26,1314371944
7413,2221423518,7230,2221430748,4,0,1,7680,4,6994313031
7414,2221472489,4522,2221477011,2,0,1,1024,2,8399133791
7415,2221477681,179798,2221657479,27,0,0,55296,27,1136156686
7416,2221482139,6754,2221488893,11,0,1,7168,11,2693109175
7417,2221573472,88093,2221661565,27,0,0,13312,27,7609152532
7418,2221573537,2470,2221576007,6,0,1,2560,6,7793150936
7419,2221600753,1518,2221602271,15,0,1,1536,15,3832360059
7420,2221603453,12825,2221616278,21,0,1,21504,21,1857968167
7421,2221614302,89636,2221703938,26,0,0,24576,26,4234816420
7422,2221622682,566,2221623248,21,0,1,512,21,1577595889
7423,2221633333,140037,2221773370,25,0,0,91136,25,1667148335
7424,2221640044,17450,2221657494,2,0,1,5120,2,7610562801
7425,2221670534,103171,2221773705,29,0,0,1024,29,3226346131
7426,2221707316,90989,2221798305,13,0,0,3072,13,3666920895
7427,2221714344,135260,2221849604,15,0,0,14336,15,6835951336
7428,2221727418,157948,2221885366,9,0,0,19968,9,3205905666
7429,2221748007,103369,2221851376,20,0,0,3072,20,6160962538
7430,2221774351,14545,2221788896,3,0,1,28160,3,4732470115
7431,2221809855,2470,2221812325,26,0,1,2560,26,9612762053
7432,2221816544,113940,2221930484,16,0,0,67072,16,58352279
7433,2221874657,10724,2221885381,23,0,1,6656,23,2301278257
7434,2221904775,133560,2222038335,22,0,0,69632,22,917470721
7435,2221919419,76957,2221996376,13,0,0,7168,13,8692037319
7436,2221950430,147203,2222097633,16,0,0,31232,16,4709539417
7437,2221958078,84986,2222043064,12,0,0,512,12,3584404789
7438,2222034128,77527,2222111655,7,0,0,512,7,6972622127
7439,2222051462,4374,2222055836,6,0,1,4608,6,406481709
7440,2222080843,7230,2222088073,15,0,1,7680,15,5460923315
7441,2222109374,43904,2222153278,12,0,0,512,12,6833713737
7442,2222150368,6754,2222157122,17,0,1,7168,17,7562013897
7443,2222168339,47288,2222215627,3,0,0,1536,3,10278671348
7444,2222223682,1994,2222225676,26,0,1,2048,26,4605300612
7445,2222249864,5802,2222255666,21,0,1,6144,21,7119465226
7446,2222285974,228122,2222514096,9,0,0,20992,9,18938180
7447,2222291929,45596,2222337525,7,0,0,1024,7,494739001
7448,2222318688,67460,2222386148,17,0,0,12288,17,2308784657
7449,2222324917,45596,2222370513,24,0,0,1024,24,3582527715
7450,2222327397,2946,2222330343,16,0,1,3072,16,1890533780
7451,2222336200,566,2222336766,17,0,1,512,17,5165312048
7452,2222371445,83184,2222454629,6,0,0,21504,6,2509578249
7453,2222373328,157787,2222531115,27,0,0,55808,27,55716619
7454,2222416596,2473,2222419069,16,0,1,2560,16,7369361393
7455,2222419005,4162,2222423167,14,0,1,11264,14,5886830859
7456,2222421327,147879,2222569206,18,0,0,39424,18,4173582667
7457,2222475481,5971,2222481452,7,0,1,14848,7,8788599578
7458,2222496693,52364,2222549057,6,0,0,3072,6,7910193892
7459,2222522545,16285,2222538830,0,0,1,8192,0,8156228432
7460,2222529294,113014,2222642308,15,0,0,65024,15,2010111647
7461,2222533933,6203,2222540136,22,0,1,2048,22,3885797071
7462,2222562060,115834,2222677894,9,0,0,14336,9,8771485396
7463,2222579605,216132,2222795737,2,0,0,68096,2,8602022418
7464,2222602387,119997,2222722384,28,0,0,28160,28,10019191540
7465,2222621446,20877,2222642323,6,0,1,3584,6,10425046836
7466,2222633036,14475,2222647511,23,0,1,13312,23,1697799309
7467,2222674301,10815,2222685116,16,0,1,7680,16,6770529707
7468,2222682171,71023,2222753194,4,0,0,7168,4,10156171231
7469,2222697549,12995,2222710544,21,0,1,25088,21,7056085012
7470,2222729831,1994,2222731825,5,0,1,2048,5,7531150130
7471,2222763392,2470,2222765862,10,0,1,2560,10,5240412700
7472,2222779873,22134,2222802007,11,0,1,6656,11,4462412163
7473,2222798922,116211,2222915133,4,0,0,48128,4,1960699871
7474,2222822205,566,2222822771,15,0,1,512,15,2882710183
7475,2222873884,4374,2222878258,9,0,1,4608,9,2321451643
7476,2222879615,83151,2222962766,9,0,0,13824,9,8202070225
7477,2222884254,4850,2222889104,6,0,1,5120,6,8656616498
7478,2222911234,137494,2223048728,23,0,0,93184,23,3625612333
7479,2222914947,1245,2222916192,0,0,1,1024,0,1697623390
7480,2222915692,1166,2222916858,3,0,1,1024,3,3122866539
7481,2222950250,1518,2222951768,24,0,1,1536,24,3663107827
7482,2222973468,123692,2223097160,9,0,0,23040,9,8607918282
7483,2222974895,3422,2222978317,9,0,1,3584,9,3908069634
7484,2222993871,4374,2222998245,5,0,1,4608,5,8369926535
7485,2223020466,210058,2223230524,23,0,0,73728,23,5719702783
7486,2223028065,27476,2223055541,10,0,1,7168,10,5954692288
7487,2223035789,205373,2223241162,25,0,0,32768,25,4047473644
7488,2223040275,190888,2223231163,27,0,0,2048,27,1166240264
7489,2223050858,305915,2223356773,15,0,0,44032,15,8278328757
7490,2223074446,70788,2223145234,3,0,0,1024,3,2371411843
7491,2223079648,1042,2223080690,7,0,1,1024,7,7976931944
7492,2223109295,2470,2223111765,3,0,1,2560,3,4297136658
7493,2223128957,153191,2223282148,0,0,0,29184,0,6775496723
7494,2223154736,188606,2223343342,15,0,0,49664,15,8956367553
7495,2223157461,104468,2223261929,5,0,0,43008,5,3206632564
7496,2223159546,202086,2223361632,16,0,0,15872,16,3241026843
7497,2223166314,1042,2223167356,25,0,1,1024,25,5590846846
7498,2223178941,1042,2223179983,4,0,1,1024,4,2416988581
7499,2223248252,13692,2223261944,0,0,1,2560,0,5495281524
7500,2223273646,147358,2223421004,21,0,0,37376,21,9214245058
7501,2223277018,174972,2223451990,16,0,0,27648,16,3683404926
7502,2223279315,7742,2223287057,2,0,1,5120,2,9819196739
7503,2223280206,9757,2223289963,26,0,1,4608,26,5911400396
7504,2223288560,2709,2223291269,0,0,1,2048,0,6492547060
7505,2223343776,160836,2223504612,29,0,0,45568,29,7290725519
7506,2223385282,1042,2223386324,16,0,1,1024,16,6286533869
7507,2223432216,2470,2223434686,15,0,1,2560,15,5968969469
7508,2223501382,6350,2223507732,15,0,1,9216,15,3420429646
7509,2223520069,1518,2223521587,4,0,1,1536,4,1072755939
7510,2223526748,82868,2223609616,22,0,0,22528,22,2527269993
7511,2223535260,3904,2223539164,26,0,1,10752,26,8937709728
7512,2223586447,81568,2223668015,4,0,0,16896,4,10344254409
7513,2223614823,70046,2223684869,1,0,0,512,1,4867549398
7514,2223616654,4374,2223621028,15,0,1,4608,15,4442614900
7515,2223622870,83845,2223706715,1,0,0,512,1,4148817090
7516,2223668952,566,2223669518,14,0,1,512,14,4695947371
7517,2223680436,107276,2223787712,10,0,0,52224,10,6360387048
7518,2223697843,116851,2223814694,6,0,0,33792,6,9880497990
7519,2223705031,136220,2223841251,10,0,0,12288,10,5704199811
7520,2223712147,3898,2223716045,7,0,1,4096,7,4421734480
7521,2223748812,274853,2224023665,9,0,0,104448,9,651225688
7522,2223751873,133237,2223885110,25,0,0,512,25,5295249573
7523,2223755214,2470,2223757684,23,0,1,2560,23,9121365749
7524,2223764030,4374,2223768404,3,0,1,4608,3,9851532086
7525,2223788584,6754,2223795338,0,0,1,7168,0,9991568141
7526,2223798657,4374,2223803031,4,0,1,4608,4,6617700141
7527,2223829836,5802,2223835638,7,0,1,6144,7,9326826068
7528,2223853339,138487,2223991826,15,0,0,34816,15,3354555293
7529,2223862261,114218,2223976479,26,0,0,19968,26,4833689089
7530,2223902502,166162,2224068664,29,0,1,273408,29,878589907
7531,2223903772,362000,2224265772,19,0,0,512,19,4464771875
7532,2223947184,208033,2224155217,12,0,0,512,12,4633334036
7533,2223970375,371351,2224341726,0,0,0,61440,0,8595122093
7534,2223974353,436937,2224411290,21,0,0,27136,21,4344504179
7535,2223975152,318970,2224294122,12,0,0,512,12,3469899618
7536,2223980747,90503,2224071250,23,0,1,4096,23,363431172
7537,2224001762,288232,2224289994,16,0,0,19456,16,4776025221
7538,2224020060,53136,2224073196,12,0,1,3072,12,1829120977
7539,2224027207,46655,2224073862,23,0,1,1024,23,8622443469
7540,2224028142,50866,2224079008,3,0,1,8192,3,8720254266
7541,2224032466,49768,2224082234,21,0,1,5120,21,8314646345
7542,2224055802,26586,2224082388,14,0,1,8704,14,7454150910
7543,2224071657,404182,2224475839,23,0,0,158208,23,10108360022
7544,2224082126,180461,2224262587,4,0,0,124928,4,5186987196
7545,2224097749,547152,2224644901,9,0,0,41472,9,3512059887
7546,2224130997,3898,2224134895,2,0,1,4096,2,10071167017
7547,2224144755,340825,2224485580,12,0,0,512,12,7172191280
7548,2224151261,114325,2224265586,23,0,0,7680,23,9365001763
7549,2224152451,206517,2224358968,4,0,0,12288,4,8985333055
7550,2224153207,342132,2224495339,5,0,0,25600,5,10277014480
7551,2224170229,5326,2224175555,12,0,1,5632,12,8857871875
7552,2224190520,7706,2224198226,12,0,1,8192,12,5581023263
7553,2224221608,163673,2224385281,7,0,0,1024,7,8583051169
7554,2224225421,40180,2224265601,0,0,1,1024,0,3343005099
7555,2224228315,256743,2224485058,20,0,0,30208,20,4944111059
7556,2224232474,298768,2224531242,25,0,0,40960,25,7313091345
7557,2224235934,249459,2224485393,19,0,0,1024,19,732176665
7558,2224277744,273034,2224550778,27,0,0,14336,27,2479374861
7559,2224297154,724143,2225021297,4,0,0,50176,4,7656406725
7560,2224312621,1994,2224314615,6,0,1,2048,6,2140755538
7561,2224331555,95005,2224426560,1,0,0,512,1,7814171004
7562,2224349840,232102,2224581942,5,0,0,10752,5,4474806531
7563,2224396367,286525,2224682892,26,0,0,109056,26,1674737791
7564,2224414015,1518,2224415533,17,0,1,1536,17,6668016672
7565,2224415303,4850,2224420153,13,0,1,5120,13,2444011559
7566,2224428244,67110,2224495354,6,0,1,4096,6,3466528297
7567,2224445757,387733,2224833490,13,0,0,44544,13,2252412420
7568,2224469737,654287,2225124024,26,0,0,45056,26,9341277143
7569,2224487007,15579,2224502586,29,0,1,30208,29,7084134148
7570,2224491461,16617,2224508078,17,0,1,17920,17,1025881706
7571,2224492870,16514,2224509384,2,0,1,2048,2,2455154464
7572,2224515694,207093,2224722787,2,0,0,69120,2,5318877332
7573,2224521432,10368,2224531800,15,0,1,512,15,10432691210
7574,2224559702,400840,2224960542,19,0,0,1024,19,402672113
7575,2224562071,393277,2224955348,29,0,0,34816,29,7360501577
7576,2224578493,427501,2225005994,0,0,0,52736,0,5402104897
7577,2224581824,7816,2224589640,16,0,1,8192,16,6097314719
7578,2224586422,4844,2224591266,22,0,1,2560,22,5246678200
7579,2224594306,365893,2224960199,15,0,0,15872,15,1129084164
7580,2224602005,566,2224602571,25,0,1,512,25,336976042
7581,2224608859,205383,2224814242,1,0,0,512,1,1481248297
7582,2224613488,566,2224614054,3,0,1,512,3,6119280412
7583,2224625341,319344,2224944685,23,0,0,246784,23,6288579799
7584,2224675729,13433,2224689162,17,0,1,6656,17,8392103705
7585,2224695847,5802,2224701649,3,0,1,6144,3,10182139792
7586,2224727631,1994,2224729625,5,0,1,2048,5,10112009651
7587,2224762744,5326,2224768070,17,0,1,5632,17,6031116193
7588,2224788340,290872,2225079212,28,0,0,34816,28,2188213105
7589,2224806947,245143,2225052090,17,0,0,41984,17,9291029715
7590,2224808485,6754,2224815239,5,0,1,7168,5,6951171100
7591,2224838650,7230,2224845880,25,0,1,7680,25,8908239319
7592,2224848347,14804,2224863151,24,0,1,28672,24,1480305517
7593,2224872399,180018,2225052417,24,0,0,1024,24,8472888658
7594,2224876469,91395,2224967864,11,0,1,8192,11,3366345692
7595,2224880062,90708,2224970770,2,0,1,4608,2,3096916658
7596,2224881750,212240,2225093990,3,0,0,1536,3,6645302386
7597,2224895208,192287,2225087495,10,0,0,27136,10,4159937126
7598,2224993630,32033,2225025663,6,0,1,4608,6,7848322858
7599,2225080135,87380,2225167515,25,0,0,9216,25,9107618578
7600,2225084343,93824,2225178167,23,0,0,17920,23,7072302377
7601,2225133927,1518,2225135445,3,0,1,1536,3,10137829314
7602,2225141404,2870,2225144274,7,0,1,8704,7,4670903405
7603,2225154710,5802,2225160512,7,0,1,6144,7,8360604024
7604,2225164741,3332,2225168073,17,0,1,512,17,9345435586
7605,2225186320,3422,2225189742,13,0,1,3584,13,9398407725
7606,2225208420,284584,2225493004,23,0,0,20480,23,2285659993
7607,2225210782,336163,2225546945,4,0,0,170496,4,1735598878
7608,2225219103,7706,2225226809,19,0,1,8192,19,962057809
7609,2225231662,1518,2225233180,3,0,1,1536,3,10287773918
7610,2225247965,12049,2225260014,23,0,1,19968,23,3171215001
7611,2225253434,6926,2225260360,17,0,1,512,17,285203707
7612,2225256818,152506,2225409324,16,0,0,83968,16,5157075517
7613,2225329049,5326,2225334375,26,0,1,5632,26,1532688485
7614,2225348796,261724,2225610520,5,0,0,106496,5,5989445881
7615,2225377013,254275,2225631288,16,0,0,56832,16,5738852225
7616,2225436020,1994,2225438014,3,0,1,2048,3,1742587525
7617,2225442813,104982,2225547795,19,0,0,2560,19,2120323901
7618,2225474467,189735,2225664202,16,0,0,49664,16,4459326759
7619,2225488318,58650,2225546968,19,0,1,23552,19,404725187
7620,2225504034,47624,2225551658,7,0,1,10752,7,7054193305
7621,2225507087,48317,2225555404,24,0,1,4608,24,608239578
7622,2225516999,165901,2225682900,20,0,0,17920,20,3304449999
7623,2225518944,36806,2225555750,16,0,1,512,16,9277524170
7624,2225527746,119097,2225646843,29,0,1,156672,29,6655367780
7625,2225551844,112373,2225664217,29,0,1,33792,29,6476613707
7626,2225553492,110740,2225664232,17,0,1,3584,17,7241054706
7627,2225562008,112790,2225674798,19,0,0,1536,19,3574525936
7628,2225572710,91537,2225664247,5,0,1,6656,5,7519977204
7629,2225595182,234059,2225829241,6,0,0,40448,6,8840821612
7630,2225601749,65934,2225667683,6,0,1,6144,6,7983551762
7631,2225619159,49830,2225668989,13,0,1,2048,13,9592969581
7632,2225700205,566,2225700771,0,0,1,512,0,5987687213
7633,2225761999,141964,2225903963,10,0,0,14336,10,2750483685
7634,2225767728,279437,2226047165,5,0,0,130048,5,9395284507
7635,2225776651,4937,2225781588,13,0,1,12800,13,10076926537
7636,2225808309,135386,2225943695,20,0,0,18432,20,5313650245
7637,2225810227,1518,2225811745,12,0,1,1536,12,2843671640
7638,2225860907,206918,2226067825,24,0,0,1024,24,3064334763
7639,2225868262,2470,2225870732,14,0,1,2560,14,62263742
7640,2225904198,150946,2226055144,13,0,0,26112,13,3182547205
7641,2225914818,152509,2226067327,16,0,0,39936,16,1938224806
7642,2225923965,22433,2225946398,29,0,1,36864,29,4061851164
7643,2225937564,129934,2226067498,19,0,0,512,19,4636422168
7644,2225945618,127839,2226073457,29,0,0,7680,29,4156348313
7645,2225956552,4374,2225960926,25,0,1,4608,25,8243580971
7646,2225957829,5363,2225963192,0,0,1,3584,0,4210491117
7647,2225975882,1994,2225977876,10,0,1,2048,10,1194021684
7648,2225990078,2470,2225992548,16,0,1,2560,16,6790489093
7649,2226010515,318649,2226329164,2,0,0,53248,2,6610906510
7650,2226070022,127024,2226197046,16,0,0,114688,16,6896275664
7651,2226097382,196620,2226294002,6,0,0,58880,6,8217140659
7652,2226098737,127559,2226226296,20,0,0,23040,20,6175453510
7653,2226128510,68567,2226197077,21,0,1,102912,21,6281584152
7654,2226162797,37688,2226200485,12,0,1,3584,12,8656820630
7655,2226188433,15278,2226203711,15,0,1,5120,15,7031140227
7656,2226212818,143560,2226356378,6,0,0,14336,6,3392937497
7657,2226227258,262743,2226490001,26,0,0,9728,26,2428983785
7658,2226244637,2470,2226247107,13,0,1,2560,13,2733627986
7659,2226245876,64509,2226310385,1,0,0,512,1,8032890899
7660,2226246752,240270,2226487022,13,0,0,82944,13,4350613707
7661,2226274370,155216,2226429586,17,0,0,22016,17,5909921692
7662,2226303337,115189,2226418526,6,0,0,19456,6,1831357942
7663,2226304495,59328,2226363823,13,0,0,1024,13,4073450180
7664,2226306970,4850,2226311820,19,0,1,5120,19,141110748
7665,2226307163,5003,2226312166,4,0,1,512,4,4029939472
7666,2226409574,8967,2226418541,3,0,1,11264,3,5011267959
7667,2226420521,107839,2226528360,22,0,0,27648,22,8315892869
7668,2226451929,566,2226452495,11,0,1,512,11,7850069346
7669,2226512631,210092,2226722723,26,0,0,228352,26,7940659654
7670,2226527194,216385,2226743579,18,0,0,42496,18,917541961
7671,2226590787,1042,2226591829,14,0,1,1024,14,308770660
7672,2226634170,2946,2226637116,17,0,1,3072,17,1340212835
7673,2226671139,52209,2226723348,16,0,1,512,16,1417982446
7674,2226681076,48616,2226729692,4,0,1,7168,4,506918909
7675,2226701030,42564,2226743594,0,0,1,1536,0,4234437099
7676,2226720721,158719,2226879440,1,0,0,512,1,9023790327
7677,2226726857,16752,2226743609,21,0,1,8704,21,5043653446
7678,2226745192,566,2226745758,3,0,1,512,3,5564831551
7679,2226746177,367463,2227113640,20,0,0,193536,20,66297023
7680,2226753510,2470,2226755980,11,0,1,2560,11,318006775
7681,2226777786,566,2226778352,9,0,1,512,9,3207020757
7682,2226785580,3898,2226789478,13,0,1,4096,13,4863902682
7683,2226797218,3904,2226801122,17,0,1,10752,17,3468388762
7684,2226799511,324470,2227123981,3,0,0,512,3,8874913576
7685,2226805297,199593,2227004890,22,0,0,48128,22,244833809
7686,2226826599,128893,2226955492,5,0,0,3072,5,8886281878
7687,2226851307,164188,2227015495,27,0,0,15872,27,5169144475
7688,2226870775,183882,2227054657,22,0,0,7168,22,7763552681
7689,2226892924,230559,2227123483,27,0,0,32256,27,928402166
7690,2226897316,226494,2227123810,24,0,0,1024,24,5452733953
7691,2226899776,257063,2227156839,2,0,0,8704,2,6561785920
7692,2226911549,1994,2226913543,26,0,1,2048,26,9622242412
7693,2226926902,333635,2227260537,16,0,0,100864,16,9499710086
7694,2226966847,163109,2227129956,23,0,0,19456,23,9966775336
7695,2226987017,1994,2226989011,26,0,1,2048,26,5775211582
7696,2226992132,14285,2227006417,6,0,1,1536,6,2418455790
7697,2226992311,227786,2227220097,5,0,0,28672,5,6690837531
7698,2227029764,2470,2227032234,14,0,1,2560,14,6883133494
7699,2227085213,123903,2227209116,0,0,0,7168,0,7508827368
7700,2227094636,38250,2227132886,2,0,1,3072,2,1924843968
7701,2227104487,29385,2227133872,17,0,1,1536,17,1878255202
7702,2227107890,64045,2227171935,1,0,0,512,1,8254283746
7703,2227122719,156502,2227279221,10,0,0,56320,10,8464826307
7704,2227186818,175599,2227362417,21,0,0,29696,21,935413138
7705,2227207775,12337,2227220112,11,0,1,3584,11,10607421250
7706,2227226195,213761,2227439956,21,0,0,18944,21,3238289234
7707,2227244759,16812,2227261571,26,0,1,1024,26,4182275846
7708,2227265544,60500,2227326044,7,0,0,512,7,2683614415
7709,2227267905,24328,2227292233,25,0,1,25088,25,5396797439
7710,2227304527,251571,2227556098,15,0,0,81408,15,2631477270
7711,2227307734,1518,2227309252,24,0,1,1536,24,9830806373
7712,2227310564,327769,2227638333,0,0,0,269824,0,1283079512
7713,2227337298,305738,2227643036,5,0,0,15360,5,4389134578
7714,2227405881,5196,2227411077,17,0,1,13312,17,5645719823
7715,2227408783,282423,2227691206,29,0,0,53760,29,2306426932
7716,2227418401,226686,2227645087,21,0,0,6656,21,7131598888
7717,2227422769,4850,2227427619,0,0,1,5120,0,3544113387
7718,2227432199,566,2227432765,0,0,1,512,0,7480324550
7719,2227436826,226606,2227663432,10,0,0,34304,10,7476720458
7720,2227479670,6278,2227485948,5,0,1,6656,5,8703555663
7721,2227486618,4162,2227490780,25,0,1,11264,25,1437015089
7722,2227487312,292330,2227779642,28,0,0,91136,28,9780913787
7723,2227493145,232480,2227725625,26,0,0,9216,26,1318799414
7724,2227546702,176100,2227722802,2,0,0,11264,2,7191760007
7725,2227558773,342181,2227900954,17,0,0,107520,17,7802842740
7726,2227617363,34437,2227651800,13,0,1,7168,13,7280380464
7727,2227658007,267313,2227925320,29,0,0,79360,29,4403031060
7728,2227691815,246045,2227937860,5,0,0,40960,5,4826166458
7729,2227734677,166448,2227901125,17,0,0,512,17,5141993829
7730,2227745807,1042,2227746849,25,0,1,1024,25,9154175581
7731,2227788298,154429,2227942727,18,0,0,15872,18,4248244094
7732,2227805816,3898,2227809714,25,0,1,4096,25,3157898554
7733,2227812734,112601,2227925335,21,0,1,107520,21,1830050525
7734,2227826645,98705,2227925350,10,0,1,10240,10,5015380284
7735,2227835986,89379,2227925365,9,0,1,2048,9,7072020303
7736,2227864273,158374,2228022647,0,0,0,6656,0,10107172353
7737,2227891392,181289,2228072681,18,0,0,23552,18,269410949
7738,2227921643,289661,2228211304,1,0,0,18944,1,5342404692
7739,2227946997,3904,2227950901,5,0,1,10752,5,2095256162
7740,2227956120,2470,2227958590,24,0,1,2560,24,2463939400
7741,2228018547,87179,2228105726,0,0,0,512,0,4778575224
7742,2228040665,5454,2228046119,10,0,1,13824,10,10338385702
7743,2228043382,162119,2228205501,9,0,0,111104,9,4148662387
7744,2228049069,6488,2228055557,21,0,1,15872,21,5888050885
7745,2228107626,203983,2228311609,16,0,0,60928,16,7885523158
7746,2228119888,278943,2228398831,26,0,0,114176,26,7075369221
7747,2228123421,137330,2228260751,5,0,0,47616,5,2093971598
7748,2228124035,299927,2228423962,25,0,0,82432,25,5880459050
7749,2228148473,4850,2228153323,16,0,1,5120,16,3486124745
7750,2228174364,177830,2228352194,9,0,0,10240,9,9410993108
7751,2228184403,277532,2228461935,0,0,0,3072,0,10476273448
7752,2228217664,243320,2228460984,22,0,0,50688,22,530507046
7753,2228217718,113401,2228331119,16,0,0,4096,16,2209028078
7754,2228223973,5326,2228229299,23,0,1,5632,23,946518985
7755,2228230055,3645,2228233700,19,0,1,10240,19,2273780733
7756,2228253314,177635,2228430949,6,0,0,11776,6,7187084552
7757,2228276922,11533,2228288455,9,0,1,18944,9,5057646210
7758,2228279732,204541,2228484273,7,0,0,1024,7,2664915555
7759,2228283331,6110,2228289441,9,0,1,1536,9,6707527585
7760,2228328573,2561,2228331134,7,0,1,2048,7,8115141985
7761,2228330896,175046,2228505942,7,0,0,512,7,2669526856
7762,2228354076,159598,2228513674,0,0,0,512,0,9377263942
7763,2228357718,74182,2228431900,20,0,0,3072,20,3155891727
7764,2228362387,216975,2228579362,28,0,0,54784,28,3981907270
7765,2228401222,24250,2228425472,14,0,1,1536,14,4185800016
7766,2228468397,162683,2228631080,28,0,0,6144,28,6907969631
7767,2228470841,50069,2228520910,18,0,0,4096,18,1025274908
7768,2228504592,50672,2228555264,5,0,0,2560,5,3888261580
7769,2228559145,1518,2228560663,10,0,1,1536,10,1684195163
7770,2228579808,154974,2228734782,23,0,0,6144,23,4271612240
7771,2228597032,52364,2228649396,24,0,0,3072,24,4216047743
7772,2228597827,66763,2228664590,28,0,0,4096,28,387688132
7773,2228599239,5971,2228605210,13,0,1,14848,13,9624550628
7774,2228602481,4355,2228606836,0,0,1,2560,0,7331295414
7775,2228642305,1994,2228644299,15,0,1,2048,15,6673190290
7776,2228710816,67634,2228778450,3,0,0,1024,3,3820808
7777,2228734555,44123,2228778678,19,0,0,512,19,8448675695
7778,2228734643,6644,2228741287,4,0,1,15872,4,9101564108
7779,2228746079,4850,2228750929,24,0,1,5120,24,1679209021
7780,2228750848,5802,2228756650,6,0,1,6144,6,3803152508
7781,2228786409,53917,2228840326,4,0,0,3072,4,5174411907
7782,2228791302,566,2228791868,0,0,1,512,0,2795636135
7783,2228858863,1042,2228859905,6,0,1,1024,6,2284476860
7784,2228891983,104936,2228996919,4,0,0,44544,4,3165726766
7785,2228922543,104000,2229026543,17,0,0,41472,17,8170520996
7786,2228934383,64720,2228999103,25,0,0,4096,25,6542796937
7787,2228937314,155394,2229092708,28,0,0,19968,28,9718326429
7788,2228951464,2946,2228954410,12,0,1,3072,12,10694277813
7789,2228955808,93233,2229049041,7,0,0,512,7,8342719854
7790,2228978450,3904,2228982354,13,0,1,10752,13,6983070308
7791,2229011166,15392,2229026558,17,0,1,8704,17,2812673086
7792,2229027696,131092,2229158788,10,0,0,30720,10,2594758210
7793,2229050388,145436,2229195824,19,0,0,512,19,3607690304
7794,2229072093,48980,2229121073,12,0,0,2048,12,10605095955
7795,2229072917,3387,2229076304,16,0,1,9728,16,3037507888
7796,2229082361,59288,2229141649,4,0,0,5632,4,4041782036
7797,2229114559,108967,2229223526,29,0,0,4608,29,9717166903
7798,2229130138,1518,2229131656,5,0,1,1536,5,4963520692
7799,2229154538,256216,2229410754,27,0,0,30720,27,6508847499
7800,2229154727,302270,2229456997,26,0,0,2560,26,9741997965
7801,2229160437,181357,2229341794,29,0,0,113152,29,7727615550
7802,2229163508,75284,2229238792,5,0,0,3072,5,9510659989
7803,2229221945,179434,2229401379,21,0,0,73728,21,910714998
7804,2229229933,6278,2229236211,26,0,1,6656,26,5826235785
7805,2229257959,1518,2229259477,5,0,1,1536,5,2193000094
7806,2229279184,62781,2229341965,24,0,0,512,24,10725785662
7807,2229343018,5326,2229348344,22,0,1,5632,22,732235424
7808,2229363398,68216,2229431614,2,0,0,9728,2,1443780060
7809,2229376916,1518,2229378434,13,0,1,1536,13,7884001754
7810,2229399937,15659,2229415596,14,0,1,5120,14,4886265795
7811,2229449770,3898,2229453668,24,0,1,4096,24,6240619907
7812,2229450499,126016,2229576515,13,0,0,5120,13,3640449701
7813,2229455259,43904,2229499163,7,0,0,512,7,6767841052
7814,2229467051,566,2229467617,6,0,1,512,6,6072124051
7815,2229473093,1994,2229475087,26,0,1,2048,26,114693209
7816,2229477363,84104,2229561467,23,0,0,6144,23,7507761828
7817,2229494961,566,2229495527,9,0,1,512,9,449423013
7818,2229539587,566,2229540153,13,0,1,512,13,7098802342
7819,2229556217,5265,2229561482,15,0,1,10240,15,8565038421
7820,2229558682,5554,2229564236,14,0,1,5120,14,10412021741
7821,2229575995,5362,2229581357,5,0,1,5120,5,3712692371
7822,2229603707,3422,2229607129,13,0,1,3584,13,8143569544
7823,2229620402,566,2229620968,15,0,1,512,15,8978587891
7824,2229623288,103688,2229726976,1,0,0,40448,1,6734297796
7825,2229683103,7230,2229690333,24,0,1,7680,24,4156333310
7826,2229701443,1042,2229702485,15,0,1,1024,15,7191937620
7827,2229716947,77613,2229794560,13,0,0,7680,13,9049768907
7828,2229730216,6754,2229736970,24,0,1,7168,24,3085817768
7829,2229763057,6754,2229769811,16,0,1,7168,16,1673784789
7830,2229773379,126402,2229899781,22,0,0,13824,22,6366979574
7831,2229786562,2946,2229789508,13,0,1,3072,13,97598464
7832,2229786612,3882,2229790494,14,0,1,1536,14,10652627945
7833,2229870071,50672,2229920743,19,0,0,2560,19,10021576521
7834,2229872060,54212,2229926272,23,0,0,4096,23,5851553501
7835,2229879755,128429,2230008184,17,0,0,111616,17,4096911667
7836,2229895480,140547,2230036027,10,0,0,51712,10,351085630
7837,2229931224,1042,2229932266,23,0,1,1024,23,9595683107
7838,2229932372,76147,2230008519,24,0,0,1024,24,7972330686
7839,2229943256,1042,2229944298,23,0,1,1024,23,2566613318
7840,2229982460,28964,2230011424,13,0,1,3072,13,3847161206
7841,2230011260,5712,2230016972,24,0,1,14336,24,6823362797
7842,2230038472,5326,2230043798,0,0,1,5632,0,5317211289
7843,2230050463,3645,2230054108,16,0,1,10240,16,8534985387
7844,2230063433,66992,2230130425,16,0,0,10752,16,7433991670
7845,2230128160,184521,2230312681,23,0,0,157184,23,1772275464
7846,2230136886,7706,2230144592,1,0,1,8192,1,8128119588
7847,2230152848,2470,2230155318,10,0,1,2560,10,6165485908
7848,2230164450,149391,2230313841,12,0,0,1536,12,175674552
7849,2230167329,152455,2230319784,27,0,0,19456,27,610883562
7850,2230174025,145930,2230319955,29,0,0,512,29,2407750867
7851,2230182593,130274,2230312867,0,0,0,512,0,6771383899
7852,2230188430,124920,2230313350,19,0,0,1536,19,5916863057
7853,2230260067,52629,2230312696,6,0,1,13312,6,5639419438
7854,2230283523,36957,2230320480,26,0,1,512,26,5189970082
7855,2230314277,52164,2230366441,1,0,0,512,1,8715518846
7856,2230325558,4850,2230330408,12,0,1,5120,12,2865070475
7857,2230344073,3387,2230347460,13,0,1,9728,13,9445633107
7858,2230373285,1042,2230374327,6,0,1,1024,6,1644062979
7859,2230401212,566,2230401778,4,0,1,512,4,41133300
7860,2230408806,6754,2230415560,5,0,1,7168,5,10729320489
7861,2230418670,5802,2230424472,12,0,1,6144,12,1978625576
7862,2230421872,202223,2230624095,1,0,0,55296,1,2218760502
7863,2230448797,5326,2230454123,24,0,1,5632,24,5462481916
7864,2230454969,91410,2230546379,0,0,0,1024,0,2146026122
7865,2230462909,213428,2230676337,22,0,0,2048,22,3676022687
7866,2230518318,1994,2230520312,16,0,1,2048,16,5846049967
7867,2230530075,103338,2230633413,19,0,0,4096,19,3475388509
7868,2230535688,6754,2230542442,25,0,1,7168,25,7591532099
7869,2230544255,3898,2230548153,5,0,1,4096,5,9064172273
7870,2230566665,3387,2230570052,25,0,1,9728,25,2125929393
7871,2230587925,118819,2230706744,15,0,0,12288,15,4225716234
7872,2230589289,5326,2230594615,7,0,1,5632,7,5026533291
7873,2230606461,236830,2230843291,6,0,0,40960,6,10491875340
7874,2230615461,92078,2230707539,23,0,0,2560,23,7540201134
7875,2230648336,99856,2230748192,6,0,0,7168,6,8508209423
7876,2230707599,3898,2230711497,11,0,1,4096,11,1792144962
7877,2230730755,43904,2230774659,0,0,0,512,0,3573161318
7878,2230755855,96187,2230852042,17,0,0,28672,17,8246911711
7879,2230777775,2946,2230780721,7,0,1,3072,7,2802229881
7880,2230782920,113018,2230895938,24,0,0,512,24,4145447086
7881,2230789737,79796,2230869533,3,0,0,1536,3,3335613011
7882,2230797363,132400,2230929763,20,0,0,25088,20,9809515573
7883,2230802832,49389,2230852221,7,0,0,512,7,1183652510
7884,2230816862,11274,2230828136,3,0,1,18432,3,5197172441
7885,2230843012,90986,2230933998,25,0,0,13824,25,7613983686
7886,2230881515,1042,2230882557,24,0,1,1024,24,1308812857
7887,2230883699,120158,2231003857,28,0,0,30208,28,767265076
7888,2230923064,125739,2231048803,16,0,0,10240,16,2084888108
7889,2230955486,162593,2231118079,29,0,0,28672,29,2016744999
7890,2230990226,43904,2231034130,12,0,0,512,12,10152266375
7891,2231012837,6754,2231019591,15,0,1,7168,15,6553297176
7892,2231025900,182864,2231208764,27,0,0,154112,27,5952694638
7893,2231063188,152003,2231215191,15,0,0,20992,15,8715187091
7894,2231065932,167222,2231233154,28,0,0,15872,28,7395014481
7895,2231066733,148941,2231215674,0,0,0,1536,0,9932772622
7896,2231102076,3645,2231105721,23,0,1,10240,23,8816488775
7897,2231110423,12498,2231122921,23,0,1,5120,23,445076177
7898,2231171165,83187,2231254352,0,0,0,1024,0,1379225710
7899,2231183281,36275,2231219556,16,0,1,4096,16,9133417361
7900,2231203692,18130,2231221822,0,0,1,3584,0,2893597469
7901,2231236707,1518,2231238225,11,0,1,1536,11,9843058873
7902,2231264288,566,2231264854,25,0,1,512,25,4606201905
7903,2231266283,48980,2231315263,7,0,0,2048,7,2825415135
7904,2231288420,3128,2231291548,6,0,1,9216,6,5001253359
7905,2231370640,118167,2231488807,18,0,0,24576,18,8298614511
7906,2231381864,10241,2231392105,24,0,1,16384,24,2833721838
7907,2231388383,141770,2231530153,27,0,0,23040,27,172878610
7908,2231400777,224564,2231625341,13,0,0,77824,13,3316734353
7909,2231501609,3898,2231505507,7,0,1,4096,7,7340223574
7910,2231539258,45596,2231584854,3,0,0,1024,3,1564870802
7911,2231546224,566,2231546790,20,0,1,512,20,1088326699
7912,2231551410,3387,2231554797,13,0,1,9728,13,2763865828
7913,2231568508,278156,2231846664,13,0,0,37376,13,1421962504
7914,2231568920,3422,2231572342,10,0,1,3584,10,2661258130
7915,2231571893,57474,2231629367,12,0,0,512,12,9726627636
7916,2231583141,1728,2231584869,9,0,1,1536,9,6064056767
7917,2231589719,1994,2231591713,26,0,1,2048,26,4821762532
7918,2231606843,195682,2231802525,24,0,0,2560,24,9673994744
7919,2231607353,21150,2231628503,3,0,1,9216,3,1455683841
7920,2231615041,14660,2231629701,22,0,1,1536,22,4888948655
7921,2231647068,174294,2231821362,26,0,0,37376,26,9681516980
7922,2231694916,566,2231695482,17,0,1,512,17,199727391
7923,2231715688,2946,2231718634,22,0,1,3072,22,7231813103
7924,2231734690,4850,2231739540,3,0,1,5120,3,3129163992
7925,2231776713,99008,2231875721,26,0,0,25088,26,1084658464
7926,2231789614,4162,2231793776,3,0,1,11264,3,5135422607
7927,2231840261,18703,2231858964,12,0,1,20480,12,834343565
7928,2231876456,43904,2231920360,24,0,0,512,24,3928406212
7929,2231886361,147084,2232033445,7,0,0,512,7,9559932104
7930,2231889776,143490,2232033266,18,0,0,83456,18,10550900253
7931,2231926318,13512,2231939830,29,0,1,26112,29,6959747247
7932,2232003431,102908,2232106339,17,0,0,37888,17,5249645000
7933,2232010555,242651,2232253206,10,0,0,33792,10,9411739045
7934,2232017114,21666,2232038780,3,0,1,5632,3,3176670514
7935,2232019129,121297,2232140426,22,0,0,51200,22,2144693530
7936,2232092836,103001,2232195837,1,0,0,30208,1,10393701508
7937,2232118146,83141,2232201287,7,0,0,512,7,3834533877
7938,2232118890,108296,2232227186,10,0,0,35328,10,9756026637
7939,2232127473,68847,2232196320,1,0,0,1536,1,10149024875
7940,2232127607,161661,2232289268,0,0,0,1024,0,9416109131
7941,2232145746,4420,2232150166,22,0,1,11776,22,5344883148
7942,2232153845,266295,2232420140,25,0,0,90624,25,16996288
7943,2232217573,320472,2232538045,23,0,0,131072,23,6184445406
7944,2232261761,168066,2232429827,26,0,0,31744,26,3770138021
7945,2232337856,4374,2232342230,14,0,1,4608,14,8508216207
7946,2232350742,147344,2232498086,20,0,0,98304,20,10641806944
7947,2232370552,4374,2232374926,25,0,1,4608,25,7982861835
7948,2232378517,1994,2232380511,15,0,1,2048,15,9426281689
7949,2232427601,3736,2232431337,6,0,1,1536,6,7046920500
7950,2232446804,5802,2232452606,26,0,1,6144,26,10068510407
7951,2232451659,150516,2232602175,2,0,0,43008,2,9202264648
7952,2232474860,199031,2232673891,6,0,0,13824,6,10021297950
7953,2232510024,73609,2232583633,0,0,0,1024,0,9381519304
7954,2232533551,106122,2232639673,18,0,0,28672,18,8264275188
7955,2232576335,5802,2232582137,15,0,1,6144,15,2577633057
7956,2232582384,43904,2232626288,7,0,0,512,7,10552745585
7957,2232620206,73011,2232693217,18,0,0,512,18,162077890
7958,2232632864,13572,2232646436,9,0,1,7168,9,8106420321
7959,2232637066,10676,2232647742,5,0,1,2048,5,9517203250
7960,2232760097,64364,2232824461,29,0,0,7168,29,9107030927
7961,2232777572,4420,2232781992,16,0,1,11776,16,7187334442
7962,2232782985,76708,2232859693,24,0,0,2048,24,9677893943
7963,2232795167,1518,2232796685,17,0,1,1536,17,7330884698
7964,2232811328,109121,2232920449,13,0,0,22528,13,5565917822
7965,2232814204,2470,2232816674,14,0,1,2560,14,6743078896
7966,2232825268,42166,2232867434,29,0,1,68608,29,3799540903
7967,2232833966,37654,2232871620,23,0,1,6656,23,10220253781
7968,2232845247,96042,2232941289,24,0,0,1024,24,1115292441
7969,2232845723,27843,2232873566,24,0,1,3072,24,10159991072
7970,2232878348,1042,2232879390,15,0,1,1024,15,1894773596
7971,2232956512,5326,2232961838,17,0,1,5632,17,4852609618
7972,2232967453,70005,2233037458,7,0,0,512,7,635525885
7973,2232976103,43904,2233020007,19,0,0,512,19,417052016
7974,2232978773,91280,2233070053,18,0,0,14848,18,1377413793
7975,2232985616,130463,2233116079,15,0,0,23552,15,5533586677
7976,2233014853,1518,2233016371,2,0,1,1536,2,6703681826
7977,2233051741,104624,2233156365,22,0,0,43520,22,3626929585
7978,2233092967,12566,2233105533,3,0,1,20992,3,2157292143
7979,2233101598,102718,2233204316,24,0,0,512,24,10709082699
7980,2233125351,62516,2233187867,23,0,0,6144,23,6983543134
7981,2233140948,99164,2233240112,18,0,0,25600,18,3341780402
7982,2233159624,2470,2233162094,20,0,1,2560,20,613078785
7983,2233239263,103125,2233342388,2,0,0,35840,2,6717208844
7984,2233262534,112938,2233375472,0,0,0,1024,0,1415841311
7985,2233276602,3898,2233280500,23,0,1,4096,23,6282626973
7986,2233296563,566,2233297129,13,0,1,512,13,10228089694
7987,2233327949,1042,2233328991,20,0,1,1024,20,2287972040
7988,2233334791,12915,2233347706,7,0,1,5632,7,6569416199
7989,2233353520,1518,2233355038,25,0,1,1536,25,2325542641
7990,2233358771,172556,2233531327,28,0,0,35840,28,4933385900
7991,2233363433,115652,2233479085,2,0,0,8192,2,5812241126
7992,2233384450,114141,2233498591,12,0,0,512,12,6539440111
7993,2233390513,2470,2233392983,25,0,1,2560,25,3377435583
7994,2233419128,153791,2233572919,29,0,0,61440,29,8652838676
7995,2233440247,143919,2233584166,5,0,0,36864,5,5565432799
7996,2233446339,45596,2233491935,20,0,0,1024,20,1913958279
7997,2233482063,153227,2233635290,17,0,0,13312,17,6986051037
7998,2233486072,4374,2233490446,23,0,1,4608,23,4304250348
7999,2233501412,143565,2233644977,27,0,0,31744,27,9775058236
8000,2233511293,3387,2233514680,2,0,1,9728,2,4545528978
8001,2233513091,71254,2233584345,3,0,0,512,3,10082178301
8002,2233567530,17866,2233585396,11,0,1,1024,11,1828712891
8003,2233578537,8165,2233586702,25,0,1,2048,25,10419486408
8004,2233579090,10198,2233589288,9,0,1,4096,9,8251099372
8005,2233618914,1994,2233620908,17,0,1,2048,17,775574455
8006,2233634776,65941,2233700717,23,0,0,4096,23,8125657612
8007,2233639646,10215,2233649861,12,0,1,5120,12,1075477787
8008,2233639796,12011,2233651807,10,0,1,3072,10,5355340486
8009,2233648922,4511,2233653433,16,0,1,2560,16,3100023152
8010,2233681365,101475,2233782840,27,0,0,9728,27,1780359133
8011,2233730533,110311,2233840844,18,0,0,32256,18,727221082
8012,2233739652,60824,2233800476,25,0,0,5632,25,3129342161
8013,2233757677,4850,2233762527,2,0,1,5120,2,195458031
8014,2233775924,6931,2233782855,11,0,1,6144,11,657957010
8015,2233782619,2222,2233784841,19,0,1,2048,19,8850066017
8016,2233803609,7230,2233810839,10,0,1,7680,10,4692967908
8017,2233830271,72536,2233902807,27,0,0,13824,27,6335336595
8018,2233846249,1518,2233847767,15,0,1,1536,15,8578901556
8019,2233851507,3645,2233855152,6,0,1,10240,6,7141522221
8020,2233852297,6277,2233858574,23,0,1,4096,23,3334214544
8021,2233871847,53495,2233925342,21,0,1,90624,21,4888197202
8022,2233878034,68669,2233946703,12,0,0,512,12,4629237006
8023,2233886103,39905,2233926008,14,0,1,11264,14,3071635663
8024,2233888683,42612,2233931295,0,0,1,16896,0,3656063899
8025,2233893315,167770,2234061085,6,0,0,18432,6,6982978720
8026,2233900819,175044,2234075863,28,0,0,3584,28,3863087963
8027,2233903255,108294,2234011549,19,0,0,2048,19,10142409911
8028,2233920045,48624,2233968669,19,0,0,512,19,79944007
8029,2233925325,11257,2233936582,25,0,1,16896,25,1566421860
8030,2233932431,4919,2233937350,12,0,1,11776,12,886655288
8031,2233933558,284751,2234218309,13,0,0,14336,13,10672008012
8032,2233947799,192780,2234140579,6,0,0,61440,6,9513264542
8033,2233956557,3422,2233959979,10,0,1,3584,10,4914767735
8034,2234022415,147456,2234169871,23,0,0,22528,23,2546055503
8035,2234033420,6754,2234040174,12,0,1,7168,12,2544091224
8036,2234073652,157306,2234230958,13,0,0,23040,13,6392110757
8037,2234085871,5454,2234091325,12,0,1,13824,12,4656169967
8038,2234090040,2591,2234092631,16,0,1,2048,16,9322068747
8039,2234102738,254100,2234356838,21,0,0,25600,21,7122617749
8040,2234147778,55567,2234203345,7,0,0,512,7,4566893461
8041,2234164682,10394,2234175076,12,0,1,13312,12,7709051618
8042,2234167878,149251,2234317129,22,0,0,44032,22,10155106652
8043,2234176277,114382,2234290659,10,0,0,2048,10,9575612353
8044,2234202167,1193,2234203360,12,0,1,1024,12,6427970050
8045,2234211890,6434,2234218324,7,0,1,3584,7,1541662827
8046,2234225029,12675,2234237704,22,0,1,7168,22,4818436511
8047,2234234215,229813,2234464028,4,0,0,88064,4,8873697792
8048,2234257946,162052,2234419998,22,0,0,25088,22,8743433
8049,2234258452,122758,2234381210,22,0,0,14848,22,2642492078
8050,2234291392,190048,2234481440,1,0,0,34304,1,8056016038
8051,2234348792,8061,2234356853,22,0,1,5632,22,6935293287
8052,2234364376,189802,2234554178,6,0,0,45056,6,10665811313
8053,2234365254,98953,2234464207,7,0,0,512,7,1418463101
8054,2234387300,47212,2234434512,7,0,0,1024,7,5961149213
8055,2234448284,18752,2234467036,17,0,1,8704,17,4376158414
8056,2234465400,48919,2234514319,12,0,0,1024,12,4203397608
8057,2234479635,2839,2234482474,17,0,1,1024,17,5891885285
8058,2234481724,3967,2234485691,9,0,1,4096,9,8040181866
8059,2234510548,4420,2234514968,5,0,1,11776,5,8868994021
8060,2234534741,149315,2234684056,4,0,0,23040,4,7158484861
8061,2234536520,124534,2234661054,18,0,0,103936,18,6984768742
8062,2234573226,87999,2234661225,24,0,0,512,24,3797490862
8063,2234584523,201599,2234786122,18,0,0,130048,18,9837157188
8064,2234586740,1042,2234587782,19,0,1,1024,19,8766883582
8065,2234598260,188033,2234786293,12,0,0,512,12,4838321797
8066,2234658823,7720,2234666543,10,0,1,5632,10,4387048109
8067,2234664306,6423,2234670729,14,0,1,6656,14,5951853228
8068,2234693457,3422,2234696879,20,0,1,3584,20,4264207779
8069,2234702531,4374,2234706905,23,0,1,4608,23,2575520856
8070,2234734056,1994,2234736050,20,0,1,2048,20,9857610052
8071,2234740915,566,2234741481,24,0,1,512,24,6913754529
8072,2234755059,150385,2234905444,25,0,0,52736,25,3575190963
8073,2234775708,13089,2234788797,22,0,1,2560,22,498604057
8074,2234785240,124170,2234909410,22,0,0,12800,22,1903284567
8075,2234790155,1994,2234792149,25,0,1,2048,25,1717639960
8076,2234792458,67592,2234860050,27,0,0,7680,27,1118798880
8077,2234794150,6278,2234800428,3,0,1,6656,3,8295032712
8078,2234794372,131048,2234925420,16,0,0,19456,16,7954316050
8079,2234819277,3128,2234822405,5,0,1,9216,5,9294159046
8080,2234832991,3422,2234836413,24,0,1,3584,24,6071453246
8081,2234836424,2946,2234839370,3,0,1,3072,3,4965437350
8082,2234856687,5454,2234862141,29,0,1,13824,29,2437055168
8083,2234863464,14804,2234878268,2,0,1,28672,2,10282842359
8084,2234921743,7056,2234928799,22,0,1,9728,22,9907728330
8085,2234947923,363114,2235311037,2,0,0,86016,2,5164964195
8086,2235028208,6278,2235034486,16,0,1,6656,16,2383971294
8087,2235064256,1994,2235066250,19,0,1,2048,19,388507212
8088,2235071902,5802,2235077704,10,0,1,6144,10,1094773922
8089,2235093899,190915,2235284814,12,0,0,2560,12,5173985466
8090,2235099662,4162,2235103824,1,0,1,11264,1,4100957650
8091,2235101343,3147,2235104490,10,0,1,1024,10,3184554123
8092,2235127573,118939,2235246512,18,0,0,1536,18,5260016109
8093,2235139770,144249,2235284019,17,0,0,115200,17,9030227290
8094,2235155326,156062,2235311388,24,0,0,1024,24,951936726
8095,2235171935,252636,2235424571,9,0,0,141824,9,554687612
8096,2235209771,1994,2235211765,16,0,1,2048,16,5204422923
8097,2235219719,222567,2235442286,22,0,0,30720,22,8244828270
8098,2235237313,144031,2235381344,25,0,0,13312,25,8894220994
8099,2235260682,52183,2235312865,12,0,1,1536,12,5216292325
8100,2235264970,51695,2235316665,11,0,1,5120,11,4365640917
8101,2235272815,44004,2235316819,11,0,1,8704,11,10075934029
8102,2235323663,4850,2235328513,5,0,1,5120,5,6977743044
8103,2235333830,114344,2235448174,7,0,0,1536,7,10419410608
8104,2235381341,110216,2235491557,15,0,0,3072,15,6136756727
8105,2235403525,23950,2235427475,14,0,1,8704,14,6022548900
8106,2235406003,24200,2235430203,19,0,1,3072,19,6612298750
8107,2235434230,217567,2235651797,29,0,0,5120,29,10094512051
8108,2235447722,99764,2235547486,26,0,0,26112,26,1286551409
8109,2235464325,137337,2235601662,29,0,1,227328,29,6039923030
8110,2235468168,271968,2235740136,22,0,0,72704,22,3246902967
8111,2235472094,129914,2235602008,23,0,1,512,23,932227645
8112,2235552608,50386,2235602994,11,0,1,1536,11,6160008202
8113,2235583736,19604,2235603340,17,0,1,512,17,6934284612
8114,2235612628,351188,2235963816,27,0,0,62976,27,8082782511
8115,2235648758,3054,2235651812,19,0,1,2048,19,3074914047
8116,2235661831,228623,2235890454,13,0,0,50176,13,7078679567
8117,2235677145,23983,2235701128,29,0,1,39936,29,2121857304
8118,2235682958,18529,2235701487,20,0,1,9728,20,10362668250
8119,2235693104,9049,2235702153,25,0,1,1024,25,10129648472
8120,2235696560,326239,2236022799,28,0,0,193536,28,5360331867
8121,2235735830,290588,2236026418,13,0,0,11776,13,2556108230
8122,2235742303,157526,2235899829,13,0,0,30720,13,7660236994
8123,2235806927,231526,2236038453,29,0,0,39424,29,4624792530
8124,2235826676,6754,2235833430,25,0,1,7168,25,1367002929
8125,2235843589,5971,2235849560,14,0,1,14848,14,2404764179
8126,2235854081,190705,2236044786,29,0,0,7680,29,8933882235
8127,2235871380,170520,2236041900,2,0,0,11264,2,877047059
8128,2235886706,155693,2236042399,24,0,0,1536,24,6654123812
8129,2235913901,148602,2236062503,13,0,0,19456,13,9105670097
8130,2235973146,71655,2236044801,21,0,1,512,21,10354198324
8131,2235981496,63320,2236044816,11,0,1,1024,11,8925015251
8132,2235990060,56664,2236046724,7,0,1,4096,7,7057798981
8133,2236004079,81717,2236085796,0,0,0,512,0,6809675059
8134,2236021552,90715,2236112267,13,0,0,4096,13,6157643468
8135,2236027772,81745,2236109517,29,0,1,105984,29,552852252
8136,2236046095,63768,2236109863,14,0,1,512,14,3469506181
8137,2236046170,66112,2236112282,0,0,1,3584,0,8431006349
8138,2236057335,58660,2236115995,22,0,1,6144,22,6711244499
8139,2236071628,301741,2236373369,9,0,0,145408,9,7662113091
8140,2236092549,24522,2236117071,26,0,1,13312,26,6745814915
8141,2236126459,2470,2236128929,22,0,1,2560,22,7725111749
8142,2236147055,141574,2236288629,7,0,0,1536,7,555103180
8143,2236161690,136948,2236298638,0,0,0,1024,0,9945459728
8144,2236161736,2470,2236164206,5,0,1,2560,5,7059918940
8145,2236180421,4374,2236184795,21,0,1,4608,21,4548603318
8146,2236205566,1518,2236207084,19,0,1,1536,19,5438069110
8147,2236227348,261524,2236488872,15,0,0,73216,15,1556480637
8148,2236237612,228937,2236466549,6,0,0,20480,6,271362301
8149,2236257655,139924,2236397579,2,0,0,27136,2,3871155554
8150,2236279807,3422,2236283229,12,0,1,3584,12,4587557887
8151,2236300906,83631,2236384537,13,0,0,512,13,1754901428
8152,2236313900,206932,2236520832,29,0,0,14848,29,1897189906
8153,2236315326,178584,2236493910,24,0,0,512,24,5275576554
8154,2236315747,220867,2236536614,29,0,0,42496,29,2824534856
8155,2236333339,160400,2236493739,20,0,0,15872,20,10673605036
8156,2236358454,16450,2236374904,19,0,1,1536,19,7176197274
8157,2236384281,4162,2236388443,22,0,1,11264,22,106770675
8158,2236431834,1994,2236433828,19,0,1,2048,19,2093266114
8159,2236453611,151643,2236605254,22,0,0,23552,22,4739253647
8160,2236466837,128860,2236595697,20,0,0,50688,20,6433154564
8161,2236478128,74308,2236552436,3,0,0,2560,3,7779424899
8162,2236486043,125499,2236611542,9,0,0,1536,9,9103199155
8163,2236502115,52925,2236555040,9,0,0,1024,9,1696768649
8164,2236556631,122597,2236679228,2,0,0,15872,2,5410245310
8165,2236564901,1042,2236565943,3,0,1,1024,3,3585837808
8166,2236604794,3322,2236608116,20,0,1,8704,20,5973270685
8167,2236618883,186375,2236805258,27,0,0,99328,27,9452243286
8168,2236734214,6754,2236740968,12,0,1,7168,12,3194199201
8169,2236735100,8454,2236743554,19,0,1,4096,19,1491607871
8170,2236742212,2648,2236744860,11,0,1,2048,11,2451614659
8171,2236757409,2470,2236759879,0,0,1,2560,0,1279945526
8172,2236780871,266158,2237047029,28,0,0,94208,28,1132269927
8173,2236786795,299732,2237086527,17,0,0,129536,17,2509744277
8174,2236801736,98287,2236900023,26,0,0,1024,26,7102497775
8175,2236817192,297839,2237115031,23,0,0,76800,23,2869198981
8176,2236861929,3898,2236865827,7,0,1,4096,7,10472758543
8177,2236872242,316488,2237188730,20,0,0,18944,20,204541874
8178,2236875692,239540,2237115232,7,0,0,512,7,2312425692
8179,2236924432,162274,2237086706,21,0,0,512,21,398404857
8180,2236940182,11533,2236951715,3,0,1,18944,3,7213652316
8181,2236954575,6754,2236961329,11,0,1,7168,11,5748685110
8182,2236955760,6030,2236961790,10,0,1,10240,10,5731134888
8183,2237006031,41013,2237047044,21,0,1,26112,21,4411349654
8184,2237010807,117277,2237128084,25,0,0,24064,25,4807526616
8185,2237060348,54698,2237115046,12,0,1,23552,12,8444417010
8186,2237074728,40333,2237115061,13,0,1,5632,13,1180654421
8187,2237123510,237062,2237360572,22,0,0,69120,22,4184608231
8188,2237126977,48412,2237175389,3,0,0,1536,3,7488513605
8189,2237143182,140111,2237283293,16,0,0,65024,16,6474771857
8190,2237184941,102735,2237287676,21,0,0,14336,21,7883857747
8191,2237215482,166485,2237381967,16,0,0,70144,16,7287451692
8192,2237238388,77261,2237315649,24,0,0,512,24,1775494901
8193,2237291614,566,2237292180,10,0,1,512,10,5116155705
8194,2237293088,119222,2237412310,6,0,0,14848,6,3769435002
8195,2237293139,6229,2237299368,10,0,1,15360,10,7644442663
8196,2237328710,91304,2237420014,25,0,0,19968,25,7664279265
8197,2237341861,44439,2237386300,12,0,1,4608,12,4278720637
8198,2237388302,2470,2237390772,13,0,1,2560,13,9300009061
8199,2237395276,102284,2237497560,2,0,0,35840,2,6349189285
8200,2237416596,8753,2237425349,14,0,1,5632,14,8911970799
8201,2237418965,11530,2237430495,29,0,1,8192,29,6255464626
8202,2237448331,1042,2237449373,20,0,1,1024,20,10266212865
8203,2237457435,5326,2237462761,1,0,1,5632,1,1829351892
8204,2237476299,43904,2237520203,12,0,0,512,12,2137183266
8205,2237486590,50672,2237537262,15,0,0,2560,15,3077457073
8206,2237488406,249846,2237738252,13,0,0,90112,13,10330632437
8207,2237498052,1042,2237499094,10,0,1,1024,10,6093803907
8208,2237505223,109304,2237614527,1,0,0,58880,1,8682586732
8209,2237532752,101816,2237634568,6,0,0,34304,6,8047013855
8210,2237548357,6754,2237555111,1,0,1,7168,1,9638508796
8211,2237554295,3422,2237557717,6,0,1,3584,6,10648186827
8212,2237567084,203784,2237770868,27,0,0,35840,27,7571159977
8213,2237569356,222167,2237791523,20,0,0,60928,20,9337326476
8214,2237594751,19791,2237614542,12,0,1,9216,12,1125836403
8215,2237603205,285242,2237888447,3,0,0,1024,3,6074727238
8216,2237619287,3645,2237622932,10,0,1,10240,10,401617809
8217,2237655537,160361,2237815898,18,0,0,12288,18,1700847270
8218,2237670707,217242,2237887949,25,0,0,67584,25,4093346630
8219,2237698806,111602,2237810408,7,0,0,2048,7,6990163427
8220,2237703580,108559,2237812139,18,0,0,5632,18,3680127318
8221,2237704995,102596,2237807591,4,0,0,36864,4,8642610978
8222,2237741297,162402,2237903699,13,0,0,12288,13,7495473240
8223,2237782976,11667,2237794643,10,0,1,9216,10,1604036116
8224,2237797693,254427,2238052120,4,0,0,37888,4,6152615215
8225,2237811878,9814,2237821692,9,0,1,6144,9,9802980554
8226,2237819291,68829,2237888120,7,0,0,512,7,3469261173
8227,2237823489,1994,2237825483,4,0,1,2048,4,7909639523
8228,2237866736,76863,2237943599,19,0,0,1024,19,363042442
8229,2237876781,14128,2237890909,20,0,1,2560,20,5538940918
8230,2237929374,4850,2237934224,19,0,1,5120,19,6065370448
8231,2237945049,6754,2237951803,10,0,1,7168,10,506068625
8232,2237965577,88930,2238054507,18,0,0,1536,18,6402870877
8233,2237986344,48512,2238034856,19,0,0,512,19,6822227915
8234,2238026188,3898,2238030086,6,0,1,4096,6,7514233291
8235,2238048053,10288,2238058341,22,0,1,15360,22,1013748051
8236,2238053962,59802,2238113764,0,0,0,1024,0,4333963270
8237,2238115713,4850,2238120563,13,0,1,5120,13,8399557549
8238,2238123987,5712,2238129699,22,0,1,14336,22,9342268915
8239,2238139376,174700,2238314076,23,0,0,71680,23,7945048070
8240,2238146838,171629,2238318467,28,0,0,14336,28,1223730549
8241,2238151150,566,2238151716,6,0,1,512,6,503997512
8242,2238179097,105132,2238284229,12,0,0,2560,12,7409721905
8243,2238225836,132998,2238358834,13,0,0,8704,13,6924344859
8244,2238233584,107508,2238341092,28,0,0,32256,28,1506073315
8245,2238261967,1042,2238263009,3,0,1,1024,3,4335128588
8246,2238273668,4162,2238277830,0,0,1,11264,0,1359248023
8247,2238292306,29507,2238321813,0,0,1,9728,0,460467913
8248,2238320364,6271,2238326635,0,0,1,13312,0,9782327126
8249,2238325696,15411,2238341107,25,0,1,6144,25,6430452587
8250,2238332630,14288,2238346918,15,0,1,6144,15,2855138846
8251,2238336249,233485,2238569734,21,0,0,15360,21,6011152842
8252,2238355792,10757,2238366549,11,0,1,17408,11,4779050725
8253,2238403998,6278,2238410276,19,0,1,6656,19,10515977764
8254,2238424196,175521,2238599717,22,0,0,88064,22,9932767600
8255,2238432369,116893,2238549262,15,0,0,38912,15,5114467836
8256,2238435848,6278,2238442126,29,0,1,6656,29,7637033037
8257,2238439862,4210,2238444072,24,0,1,3072,24,3565376382
8258,2238440221,7077,2238447298,7,0,1,5120,7,7100989192
8259,2238451990,13858,2238465848,4,0,1,23552,4,7584190209
8260,2238456753,150914,2238607667,22,0,0,7168,22,8000668662
8261,2238469981,164428,2238634409,10,0,0,64000,10,10248750140
8262,2238472873,1994,2238474867,0,0,1,2048,0,8916172173
8263,2238497241,211696,2238708937,6,0,0,26112,6,7249893937
8264,2238541155,210377,2238751532,2,0,0,17408,2,6584644177
8265,2238555237,3898,2238559135,4,0,1,4096,4,2016312086
8266,2238580083,151125,2238731208,7,0,0,512,7,7193729914
8267,2238603110,4572,2238607682,9,0,1,8704,9,4688773427
8268,2238611169,175406,2238786575,24,0,0,512,24,5042885653
8269,2238643358,257391,2238900749,28,0,0,36352,28,6826907863
8270,2238660242,1994,2238662236,11,0,1,2048,11,3423576920
8271,2238671638,1994,2238673632,15,0,1,2048,15,2588991898
8272,2238698400,133321,2238831721,1,0,0,23552,1,974440168
8273,2238744558,6989,2238751547,29,0,1,2048,29,7066686766
8274,2238839309,85614,2238924923,10,0,0,8704,10,10125431059
8275,2238863505,1042,2238864547,5,0,1,1024,5,5968716309
8276,2238935238,5196,2238940434,9,0,1,13312,9,8802436041
8277,2238943076,3387,2238946463,19,0,1,9728,19,1445971901
8278,2238944636,48741,2238993377,0,0,0,1536,0,9969460733
8279,2239010350,45682,2239056032,9,0,0,1024,9,9882639907
8280,2239015744,166445,2239182189,20,0,0,60928,20,8678726594
8281,2239051358,2946,2239054304,15,0,1,3072,15,8922493698
8282,2239065788,3422,2239069210,11,0,1,3584,11,270474947
8283,2239090881,197741,2239288622,15,0,0,45568,15,2082685845
8284,2239101361,115388,2239216749,20,0,0,78848,20,8907436304
8285,2239151108,148250,2239299358,2,0,0,13824,2,6258713381
8286,2239166642,135235,2239301877,21,0,0,8192,21,2320615120
8287,2239167251,17842,2239185093,14,0,1,8704,14,9704331161
8288,2239181102,4339,2239185441,6,0,1,512,6,10584002148
8289,2239197376,91737,2239289113,9,0,0,1536,9,3067090429
8290,2239209666,10998,2239220664,6,0,1,4096,6,5480971592
8291,2239229368,3422,2239232790,16,0,1,3584,16,8698125336
8292,2239232815,56625,2239289440,3,0,0,1024,3,10424978051
8293,2239234207,1042,2239235249,16,0,1,1024,16,6588531861
8294,2239241903,222261,2239464164,2,0,0,82944,2,5885074463
8295,2239243913,166815,2239410728,16,0,0,36864,16,3645000395
8296,2239248481,4850,2239253331,24,0,1,5120,24,2705075004
8297,2239264733,174128,2239438861,2,0,0,68096,2,4479818404
8298,2239265837,152253,2239418090,4,0,0,24064,4,9117526111
8299,2239281381,183125,2239464506,7,0,0,1024,7,3999353662
8300,2239296264,197008,2239493272,27,0,0,72192,27,2528654917
8301,2239315712,62024,2239377736,9,0,0,512,9,2169502806
8302,2239326348,566,2239326914,22,0,1,512,22,955489345
8303,2239326915,3135,2239330050,11,0,1,9216,11,226216977
8304,2239368954,1042,2239369996,0,0,1,1024,0,8007415352
8305,2239380582,129934,2239510516,7,0,0,512,7,8251679648
8306,2239394624,16119,2239410743,5,0,1,6144,5,6954926584
8307,2239410789,53390,2239464179,2,0,1,1536,2,5256339319
8308,2239419205,115140,2239534345,23,0,0,27136,23,186099656
8309,2239516852,111956,2239628808,26,0,0,67584,26,513346581
8310,2239520317,1994,2239522311,11,0,1,2048,11,3611475267
8311,2239547524,116534,2239664058,5,0,0,10752,5,2868565538
8312,2239570441,59794,2239630235,1,0,0,4608,1,4686725056
8313,2239590299,107449,2239697748,20,0,0,14336,20,1829958720
8314,2239612521,104397,2239716918,0,0,0,512,0,955408267
8315,2239732424,2946,2239735370,19,0,1,3072,19,383725598
8316,2239805498,2470,2239807968,26,0,1,2560,26,9728790873
8317,2239825827,4850,2239830677,26,0,1,5120,26,2563415989
8318,2239915161,5326,2239920487,19,0,1,5632,19,4586424048
8319,2239915230,123743,2240038973,20,0,0,47616,20,5517616935
8320,2239951295,94376,2240045671,28,0,0,19968,28,8398161043
8321,2239959585,103711,2240063296,3,0,0,512,3,4965257910
8322,2239963612,124658,2240088270,13,0,0,19456,13,1614761592
8323,2239977130,85995,2240063125,24,0,0,512,24,5585905669
8324,2239986903,170363,2240157266,24,0,0,512,24,7084766197
8325,2239994092,162987,2240157079,28,0,0,80896,28,5728149074
8326,2240004292,62143,2240066435,3,0,0,512,3,952916567
8327,2240023491,566,2240024057,25,0,1,512,25,6355436792
8328,2240033131,57966,2240091097,24,0,0,1024,24,10666395895
8329,2240042797,235850,2240278647,9,0,0,3584,9,3322829338
8330,2240053017,367632,2240420649,17,0,0,92672,17,9237768652
8331,2240065320,3128,2240068448,29,0,1,9216,29,243359690
8332,2240066721,324406,2240391127,2,0,0,19456,2,3605127561
8333,2240066752,280749,2240347501,20,0,0,58880,20,7687702296
8334,2240071693,20882,2240092575,21,0,1,33792,21,9654955852
8335,2240072977,22504,2240095481,10,0,1,4608,10,2352902119
8336,2240089272,213571,2240302843,13,0,0,74752,13,671104587
8337,2240091890,4897,2240096787,17,0,1,2048,17,3784125631
8338,2240118519,2946,2240121465,7,0,1,3072,7,956331229
8339,2240134901,215128,2240350029,16,0,0,2048,16,439581193
8340,2240136135,26441,2240162576,0,0,1,5632,0,4101497318
8341,2240144213,18517,2240162730,22,0,1,8704,22,4653911907
8342,2240162165,3128,2240165293,4,0,1,9216,4,206737803
8343,2240173033,6754,2240179787,5,0,1,7168,5,4326064607
8344,2240180656,4374,2240185030,4,0,1,4608,4,6123872017
8345,2240224496,1042,2240225538,5,0,1,1024,5,5883953536
8346,2240226960,3422,2240230382,20,0,1,3584,20,8995904780
8347,2240295494,10728,2240306222,2,0,1,9728,2,8608513283
8348,2240303540,5271,2240308811,22,0,1,3072,22,8000999324
8349,2240304543,123453,2240427996,20,0,0,24064,20,718341282
8350,2240317874,142549,2240460423,13,0,0,33792,13,5291199710
8351,2240337355,15592,2240352947,4,0,1,13824,4,8046900781
8352,2240426333,2221,2240428554,16,0,1,512,16,3143263951
8353,2240438708,3387,2240442095,11,0,1,9728,11,9671208896
8354,2240470550,5326,2240475876,12,0,1,5632,12,8811602063
8355,2240497441,566,2240498007,4,0,1,512,4,7432470092
8356,2240505724,43904,2240549628,22,0,0,512,22,5349673988
8357,2240544858,43904,2240588762,9,0,0,512,9,6758632939
8358,2240595083,45113,2240640196,9,0,0,512,9,1743934727
8359,2240596292,139886,2240736178,28,0,0,87552,28,8917159132
8360,2240601030,2470,2240603500,19,0,1,2560,19,8852104202
8361,2240619096,118977,2240738073,26,0,0,6144,26,8557354832
8362,2240638376,5802,2240644178,9,0,1,6144,9,5748622516
8363,2240665804,81084,2240746888,4,0,0,5632,4,682746271
8364,2240723032,137481,2240860513,7,0,0,1536,7,5742416135
8365,2240727560,13392,2240740952,20,0,1,8704,20,6864857205
8366,2240736296,123734,2240860030,27,0,0,100352,27,6579201920
8367,2240748259,1518,2240749777,26,0,1,1536,26,1984571292
8368,2240755990,149954,2240905944,21,0,0,33280,21,299404915
8369,2240756116,15062,2240771178,20,0,1,29184,20,2434165874
8370,2240784366,128500,2240912866,18,0,0,19456,18,4595160810
8371,2240822966,5802,2240828768,10,0,1,6144,10,56052247
8372,2240863991,224720,2241088711,13,0,0,94208,13,2905713433
8373,2240881095,4937,2240886032,10,0,1,12800,10,7645117941
8374,2240881302,5716,2240887018,19,0,1,1536,19,3264393214
8375,2240883569,5395,2240888964,20,0,1,3072,20,8926363359
8376,2240921990,210067,2241132057,20,0,0,17920,20,617899473
8377,2240946309,1518,2240947827,7,0,1,1536,7,3570990790
8378,2240963686,1042,2240964728,11,0,1,1024,11,3121991924
8379,2241061930,88361,2241150291,3,0,0,1024,3,336273352
8380,2241176272,45596,2241221868,9,0,0,1024,9,1856588244
8381,2241183470,93644,2241277114,2,0,0,27648,2,9732612864
8382,2241183993,3898,2241187891,5,0,1,4096,5,242740117
8383,2241198521,3898,2241202419,14,0,1,4096,14,6610095737
8384,2241213885,2470,2241216355,4,0,1,2560,4,1895216111
8385,2241220890,161405,2241382295,10,0,0,20992,10,9496555321
8386,2241248893,1994,2241250887,2,0,1,2048,2,6943067348
8387,2241262477,4374,2241266851,11,0,1,4608,11,2940318098
8388,2241278585,1994,2241280579,9,0,1,2048,9,7444321764
8389,2241299316,3898,2241303214,29,0,1,4096,29,7410314428
8390,2241301748,67958,2241369706,24,0,0,1536,24,7364184336
8391,2241310572,3645,2241314217,1,0,1,10240,1,1726984556
8392,2241336901,52179,2241389080,16,0,0,2560,16,5014165936
8393,2241343245,206208,2241549453,15,0,0,53760,15,8914198801
8394,2241357462,3898,2241361360,23,0,1,4096,23,2016402867
8395,2241382180,673,2241382853,4,0,1,512,4,3905765903
8396,2241422527,1518,2241424045,3,0,1,1536,3,5994147184
8397,2241493644,5326,2241498970,25,0,1,5632,25,1236869966
8398,2241543549,69816,2241613365,16,0,0,10752,16,2179851731
8399,2241547398,234685,2241782083,23,0,0,87040,23,10497250018
8400,2241600422,5196,2241605618,17,0,1,13312,17,4657668566
8401,2241615047,128633,2241743680,23,0,0,109568,23,1902558198
8402,2241625335,124351,2241749686,27,0,0,7168,27,7600411443
8403,2241658536,1994,2241660530,5,0,1,2048,5,8769008035
8404,2241664441,2946,2241667387,17,0,1,3072,17,7946813017
8405,2241668169,122069,2241790238,21,0,0,5632,21,1563963738
8406,2241669020,3128,2241672148,5,0,1,9216,5,4099442338
8407,2241681443,1042,2241682485,15,0,1,1024,15,1556431030
8408,2241700310,1994,2241702304,2,0,1,2048,2,10703832143
8409,2241714292,120060,2241834352,27,0,0,17920,27,1693480665
8410,2241717626,128857,2241846483,27,0,0,512,27,9330122691
8411,2241752583,29515,2241782098,19,0,1,6144,19,1884155260
8412,2241776190,79624,2241855814,3,0,0,1536,3,1095191891
8413,2241788316,1937,2241790253,22,0,1,1024,22,8907290006
8414,2241796343,87346,2241883689,12,0,0,512,12,9211266624
8415,2241802518,2470,2241804988,23,0,1,2560,23,3143732791
8416,2241845007,1042,2241846049,5,0,1,1024,5,5980795356
8417,2241880358,1042,2241881400,14,0,1,1024,14,874799797
8418,2241893274,64208,2241957482,6,0,0,6656,6,8548290921
8419,2241938598,136737,2242075335,25,0,0,77824,25,6998732370
8420,2241960952,5196,2241966148,13,0,1,13312,13,6738634051
8421,2241961096,192881,2242153977,25,0,0,132608,25,2406418826
8422,2241970844,5326,2241976170,15,0,1,5632,15,7008093181
8423,2241990500,163968,2242154468,24,0,0,1536,24,3185643341
8424,2242052291,190948,2242243239,29,0,0,67072,29,4740818292
8425,2242064553,95858,2242160411,5,0,0,19456,5,7690253770
8426,2242118032,256117,2242374149,22,0,0,153088,22,7785393474
8427,2242169045,13600,2242182645,4,0,1,23040,4,3093020123
8428,2242181008,2943,2242183951,16,0,1,2048,16,9041921310
8429,2242186715,56695,2242243410,12,0,0,512,12,5629114767
8430,2242187702,56035,2242243737,3,0,0,1024,3,3099976324
8431,2242212804,3898,2242216702,27,0,1,4096,27,4479888072
8432,2242215867,3422,2242219289,1,0,1,3584,1,6309387758
8433,2242218318,1317,2242219635,25,0,1,512,25,6622650621
8434,2242219086,2470,2242221556,5,0,1,2560,5,5276714238
8435,2242251340,10241,2242261581,24,0,1,16384,24,4263032415
8436,2242258713,5454,2242264167,23,0,1,4096,23,5180799352
8437,2242275856,100804,2242376660,16,0,0,8192,16,9548775538
8438,2242323725,1994,2242325719,2,0,1,2048,2,5539934008
8439,2242363676,130409,2242494085,13,0,0,27136,13,819551049
8440,2242406002,43904,2242449906,0,0,0,512,0,2206451348
8441,2242466756,131689,2242598445,27,0,0,87552,27,690940292
8442,2242471966,99788,2242571754,22,0,0,27648,22,2977428023
8443,2242513810,87014,2242600824,13,0,0,7680,13,10373114068
8444,2242549255,566,2242549821,9,0,1,512,9,4507126388
8445,2242577011,67022,2242644033,12,0,0,1024,12,3315224276
8446,2242578319,32963,2242611282,5,0,1,16896,5,2505228413
8447,2242585239,333056,2242918295,2,0,0,91136,2,8729149653
8448,2242607602,45596,2242653198,3,0,0,1024,3,3770424400
8449,2242610980,14545,2242625525,21,0,1,28160,21,5207209840
8450,2242639541,2470,2242642011,0,0,1,2560,0,9252096124
8451,2242660914,202703,2242863617,26,0,0,33792,26,3452197247
8452,2242679659,87896,2242767555,29,0,0,13824,29,8486317632
8453,2242733755,349188,2243082943,18,0,0,126976,18,2091476337
8454,2242743640,566,2242744206,25,0,1,512,25,4180897917
8455,2242744619,1042,2242745661,25,0,1,1024,25,6009201529
8456,2242745589,213940,2242959529,23,0,0,20480,23,1179471971
8457,2242756626,3422,2242760048,7,0,1,3584,7,5675333497
8458,2242775315,335465,2243110780,26,0,0,1024,26,3192872309
8459,2242777547,2946,2242780493,10,0,1,3072,10,5046959915
8460,2242804681,173115,2242977796,20,0,0,59904,20,8652745583
8461,2242809985,1518,2242811503,17,0,1,1536,17,2046104175
8462,2242814443,3422,2242817865,17,0,1,3584,17,5747568037
8463,2242828705,4374,2242833079,14,0,1,4608,14,5096441699
8464,2242856290,250084,2243106374,6,0,0,76800,6,5893566542
8465,2242894798,24598,2242919396,24,0,1,1024,24,10489723343
8466,2242899744,19998,2242919742,3,0,1,512,3,6971386933
8467,2242909413,12355,2242921768,15,0,1,3072,15,9620710685
8468,2242917349,5725,2242923074,23,0,1,2048,23,3977481478
8469,2242923295,1994,2242925289,9,0,1,2048,9,9264124885
8470,2242943478,1518,2242944996,9,0,1,1536,9,6726706057
8471,2243008165,111210,2243119375,23,0,0,28160,23,3222412300
8472,2243017468,3387,2243020855,20,0,1,9728,20,1618322114
8473,2243018667,91786,2243110453,2,0,0,13312,2,1439838805
8474,2243044834,152027,2243196861,5,0,0,19456,5,720310274
8475,2243072642,154592,2243227234,1,0,0,1024,1,1357142052
8476,2243078445,170498,2243248943,3,0,0,2048,3,4578009288
8477,2243114093,10124,2243124217,14,0,1,5120,14,2618162007
8478,2243120037,91175,2243211212,10,0,0,21504,10,232090821
8479,2243126423,159726,2243286149,17,0,0,48128,17,6626407997
8480,2243127151,7706,2243134857,13,0,1,8192,13,8536552590
8481,2243172180,4679,2243176859,25,0,1,12288,25,6723032769
8482,2243176365,156392,2243332757,4,0,0,49152,4,8764777132
8483,2243193828,5988,2243199816,23,0,1,3072,23,7240279496
8484,2243195340,7145,2243202485,7,0,1,12288,7,3608937112
8485,2243240649,130443,2243371092,15,0,0,62464,15,8673386292
8486,2243251833,2470,2243254303,10,0,1,2560,10,7435377332
8487,2243262859,5971,2243268830,3,0,1,14848,3,6634612712
8488,2243338569,118470,2243457039,5,0,0,77312,5,10631617192
8489,2243348143,566,2243348709,14,0,1,512,14,3379207177
8490,2243368342,6646,2243374988,5,0,1,10752,5,7927571494
8491,2243377063,81806,2243458869,7,0,0,1536,7,5971710453
8492,2243421966,6754,2243428720,14,0,1,7168,14,6649719640
8493,2243438922,20621,2243459543,25,0,1,2560,25,7691763007
8494,2243445512,211525,2243657037,2,0,0,12288,2,10046806061
8495,2243452348,68941,2243521289,22,0,0,6656,22,3327111563
8496,2243460025,45596,2243505621,7,0,0,1024,7,7425024067
8497,2243484260,169003,2243653263,20,0,0,18432,20,2440887858
8498,2243503701,117120,2243620821,13,0,0,18944,13,7200645450
8499,2243525594,249379,2243774973,22,0,0,89088,22,2657954185
8500,2243550230,168379,2243718609,4,0,0,25088,4,470358795
8501,2243602795,72499,2243675294,23,0,0,7168,23,6681833206
8502,2243631989,143490,2243775479,26,0,0,1536,26,8354623262
8503,2243644486,8792,2243653278,20,0,1,5632,20,5920856795
8504,2243692651,1994,2243694645,2,0,1,2048,2,326937975
8505,2243720571,3645,2243724216,0,0,1,10240,0,1658624851
8506,2243741655,33333,2243774988,11,0,1,6656,11,7666943515
8507,2243748675,29233,2243777908,10,0,1,2560,10,653306189
8508,2243779395,265456,2244044851,10,0,0,35840,10,1888986864
8509,2243797305,106631,2243903936,10,0,0,8192,10,1521159783
8510,2243819404,1042,2243820446,20,0,1,1024,20,8209343466
8511,2243851903,43904,2243895807,10,0,0,512,10,5669348271
8512,2243852756,181160,2244033916,23,0,0,77824,23,7925099249
8513,2243864527,137165,2244001692,22,0,0,15872,22,2669268761
8514,2243870776,4850,2243875626,11,0,1,5120,11,10716003138
8515,2243935118,197462,2244132580,17,0,0,81920,17,4132807783
8516,2243987620,104844,2244092464,21,0,0,10752,21,565762079
8517,2244073704,3422,2244077126,25,0,1,3584,25,8096114894
8518,2244101613,2946,2244104559,24,0,1,3072,24,7579465406
8519,2244111630,24406,2244136036,3,0,1,3584,3,267182602
8520,2244116698,81799,2244198497,13,0,0,7168,13,9383388767
8521,2244116949,62961,2244179910,29,0,0,1536,29,5716049751
8522,2244146016,43904,2244189920,9,0,0,512,9,10208184099
8523,2244162911,566,2244163477,2,0,1,512,2,9423203700
8524,2244169639,5802,2244175441,7,0,1,6144,7,8852306004
8525,2244178877,1048,2244179925,1,0,1,1024,1,1323706037
8526,2244181398,5802,2244187200,21,0,1,6144,21,1202861642
8527,2244196523,112760,2244309283,25,0,0,43520,25,10068865042
8528,2244207639,201302,2244408941,5,0,0,82432,5,4632847782
8529,2244245612,223097,2244468709,25,0,0,150016,25,3604570506
8530,2244252389,5802,2244258191,15,0,1,6144,15,5272049509
8531,2244278583,294768,2244573351,26,0,0,18944,26,1179186626
8532,2244282967,185921,2244468888,12,0,0,512,12,5172766616
8533,2244284290,3128,2244287418,25,0,1,9216,25,3864087907
8534,2244287991,1994,2244289985,17,0,1,2048,17,7457010434
8535,2244314992,94120,2244409112,19,0,0,512,19,6989740133
8536,2244315162,220931,2244536093,29,0,0,75776,29,1466115977
8537,2244329387,153582,2244482969,16,0,0,512,16,8678430853
8538,2244349849,306134,2244655983,9,0,0,1024,9,7120041888
8539,2244351883,5802,2244357685,12,0,1,6144,12,10095801258
8540,2244368732,1535,2244370267,24,0,1,1536,24,2191763078
8541,2244368733,257702,2244626435,17,0,0,44544,17,4077006509
8542,2244377447,5802,2244383249,13,0,1,6144,13,8560560290
8543,2244454578,132497,2244587075,20,0,0,30720,20,4743490805
8544,2244466668,188988,2244655656,16,0,0,65536,16,9069188423
8545,2244470450,4374,2244474824,21,0,1,4608,21,7813847670
8546,2244513991,159183,2244673174,23,0,0,56320,23,4025903338
8547,2244530561,8677,2244539238,4,0,1,9216,4,2803084956
8548,2244542362,136030,2244678392,29,0,0,5120,29,30654875
8549,2244559965,566,2244560531,13,0,1,512,13,7361801565
8550,2244577547,231506,2244809053,7,0,0,512,7,5587414496
8551,2244588919,117454,2244706373,17,0,0,18432,17,7581875420
8552,2244610448,16002,2244626450,9,0,1,10240,9,9580291240
8553,2244620543,185696,2244806239,25,0,0,62976,25,6857515195
8554,2244621570,5463,2244627033,21,0,1,512,21,8328554758
8555,2244641622,37814,2244679436,24,0,1,6656,24,336161525
8556,2244646807,248376,2244895183,10,0,0,50176,10,1356817368
8557,2244654055,29567,2244683622,12,0,1,6656,12,434641480
8558,2244672727,11881,2244684608,3,0,1,1536,3,7392845138
8559,2244674004,16505,2244690509,2,0,1,19968,2,573894013
8560,2244680196,12899,2244693095,11,0,1,4096,11,4823352325
8561,2244687155,186367,2244873522,18,0,0,11264,18,4059181832
8562,2244699714,6674,2244706388,25,0,1,2048,25,10584212054
8563,2244723625,5326,2244728951,25,0,1,5632,25,6320904627
8564,2244731462,88685,2244820147,0,0,0,512,0,668325924
8565,2244752427,124306,2244876733,6,0,0,4096,6,2475938381
8566,2244768615,43904,2244812519,19,0,0,512,19,2081287530
8567,2244778655,63043,2244841698,0,0,0,512,0,9226992257
8568,2244789621,105733,2244895354,12,0,0,512,12,10046243556
8569,2244795568,20929,2244816497,11,0,1,16384,11,6184572376
8570,2244850244,64208,2244914452,21,0,0,6656,21,7786370252
8571,2244862264,54680,2244916944,26,0,0,5632,26,2839959899
8572,2244867143,1994,2244869137,12,0,1,2048,12,1840388945
8573,2244878126,17243,2244895369,17,0,1,4608,17,3634429520
8574,2244890650,134836,2245025486,25,0,0,107520,25,5828880844
8575,2244890779,226152,2245116931,21,0,0,512,21,883898377
8576,2244894355,2574,2244896929,15,0,1,1536,15,2061528075
8577,2244922925,357560,2245280485,2,0,0,248832,2,8983308830
8578,2244934448,3422,2244937870,20,0,1,3584,20,3319847345
8579,2244935023,4153,2244939176,19,0,1,2048,19,9782045481
8580,2244937472,53135,2244990607,0,0,0,1536,0,6808655817
8581,2244960339,135058,2245095397,24,0,0,1536,24,288147720
8582,2244967529,225153,2245192682,26,0,0,44032,26,2693347495
8583,2244967562,1050,2244968612,23,0,1,1024,23,144730969
8584,2244974496,1994,2244976490,15,0,1,2048,15,8879254265
8585,2244998783,32973,2245031756,29,0,1,6656,29,4145663515
8586,2245056312,1994,2245058306,14,0,1,2048,14,7486419559
8587,2245188582,95202,2245283784,18,0,0,10752,18,8755424546
8588,2245237813,48901,2245286714,29,0,1,3072,29,7337670769
8589,2245280145,113403,2245393548,15,0,0,60416,15,8353875962
8590,2245309600,156289,2245465889,1,0,0,13824,1,8166728044
8591,2245312684,2470,2245315154,16,0,1,2560,16,354320128
8592,2245344683,1042,2245345725,15,0,1,1024,15,9225024010
8593,2245371257,22306,2245393563,29,0,1,7680,29,119801388
8594,2245399877,127374,2245527251,29,0,0,22528,29,9217951075
8595,2245407562,250789,2245658351,2,0,0,57344,2,9201942564
8596,2245429865,5454,2245435319,4,0,1,13824,4,6241999611
8597,2245468123,111430,2245579553,4,0,0,31744,4,8463437873
8598,2245474403,2946,2245477349,27,0,1,3072,27,6912876119
8599,2245481145,1994,2245483139,26,0,1,2048,26,9036480580
8600,2245497480,5326,2245502806,3,0,1,5632,3,6170118556
8601,2245507036,51747,2245558783,24,0,0,1536,24,7571252790
8602,2245529544,111284,2245640828,22,0,0,17920,22,5227401169
8603,2245579562,2470,2245582032,20,0,1,2560,20,1385026471
8604,2245604005,3422,2245607427,9,0,1,3584,9,1775359966
8605,2245606838,155206,2245762044,27,0,0,97792,27,8011601321
8606,2245614511,3387,2245617898,17,0,1,9728,17,7252496430
8607,2245618972,194386,2245813358,13,0,0,46080,13,7930486280
8608,2245632603,81596,2245714199,13,0,0,13312,13,5108353659
8609,2245659930,54956,2245714886,0,0,0,512,0,3695536560
8610,2245661723,172480,2245834203,16,0,0,57856,16,6312769169
8611,2245682637,4162,2245686799,5,0,1,11264,5,1279830595
8612,2245693972,1518,2245695490,2,0,1,1536,2,2583302835
8613,2245712437,163340,2245875777,16,0,0,6656,16,2066488907
8614,2245727695,4374,2245732069,25,0,1,4608,25,1890621283
8615,2245738068,27432,2245765500,5,0,1,3584,5,8041719141
8616,2245740609,25948,2245766557,26,0,1,9728,26,282703441
8617,2245749365,17858,2245767223,2,0,1,1024,2,10377654131
8618,2245767595,1518,2245769113,16,0,1,1536,16,6740057612
8619,2245787649,2470,2245790119,15,0,1,2560,15,9293499284
8620,2245817459,18747,2245836206,12,0,1,2048,12,6318760334
8621,2245832679,5153,2245837832,25,0,1,2560,25,863962714
8622,2245854065,1042,2245855107,9,0,1,1024,9,4407387890
8623,2245893388,3898,2245897286,26,0,1,4096,26,6033086983
8624,2245896922,43904,2245940826,0,0,0,512,0,7244572841
8625,2245899560,131676,2246031236,6,0,0,55296,6,7681227229
8626,2245918166,43904,2245962070,19,0,0,512,19,8622584070
8627,2245934053,122995,2246057048,18,0,0,24064,18,9117293829
8628,2245938500,2470,2245940970,17,0,1,2560,17,273896203
8629,2245957725,1518,2245959243,25,0,1,1536,25,2416002813
8630,2245975071,86672,2246061743,0,0,0,1024,0,10327049892
8631,2246024925,128525,2246153450,15,0,0,54784,15,3183940740
8632,2246039581,2470,2246042051,20,0,1,2560,20,6322598170
8633,2246056470,13911,2246070381,9,0,1,22528,9,8097215864
8634,2246062901,8146,2246071047,2,0,1,1024,2,5586113426
8635,2246064669,11665,2246076334,20,0,1,16896,20,2402611707
8636,2246104656,3898,2246108554,25,0,1,4096,25,2498936775
8637,2246141969,16816,2246158785,20,0,1,5632,20,4650299247
8638,2246150330,11041,2246161371,7,0,1,4096,7,1947129233
8639,2246193794,566,2246194360,15,0,1,512,15,3428041451
8640,2246199118,2470,2246201588,13,0,1,2560,13,937878492
8641,2246285461,1042,2246286503,2,0,1,1024,2,463552586
8642,2246286720,2470,2246289190,10,0,1,2560,10,2703986188
8643,2246297585,174142,2246471727,18,0,0,13312,18,8999001141
8644,2246328440,95697,2246424137,23,0,0,15872,23,8584778774
8645,2246339553,1518,2246341071,29,0,1,1536,29,9834944748
8646,2246382602,2946,2246385548,0,0,1,3072,0,7260755524
8647,2246384524,83132,2246467656,10,0,0,13312,10,6478900581
8648,2246385498,173968,2246559466,18,0,0,53760,18,5561692
8649,2246391068,283736,2246674804,26,0,0,43008,26,4579822461
8650,2246430772,4850,2246435622,17,0,1,5120,17,2066827750
8651,2246451392,182684,2246634076,25,0,0,70656,25,3446637861
8652,2246490956,3645,2246494601,14,0,1,10240,14,2169766454
8653,2246499553,2946,2246502499,15,0,1,3072,15,6553948940
8654,2246513389,566,2246513955,11,0,1,512,11,686396139
8655,2246552534,9870,2246562404,27,0,1,3072,27,9747334668
8656,2246573039,2470,2246575509,14,0,1,2560,14,5946749255
8657,2246574623,173093,2246747716,29,0,0,17920,29,9851172754
8658,2246574893,1994,2246576887,23,0,1,2048,23,6547867043
8659,2246598202,6754,2246604956,29,0,1,7168,29,4624327870
8660,2246607708,1042,2246608750,16,0,1,1024,16,2274395507
8661,2246672467,90093,2246762560,21,0,0,6144,21,9323228331
8662,2246672771,196790,2246869561,23,0,0,4608,23,8784947613
8663,2246675296,150145,2246825441,15,0,0,31744,15,7714334386
8664,2246696022,45196,2246741218,0,0,0,512,0,10641111699
8665,2246711893,43904,2246755797,3,0,0,512,3,8736765572
8666,2246719082,91952,2246811034,5,0,0,27136,5,5139029859
8667,2246722869,145273,2246868142,2,0,0,53248,2,975079225
8668,2246728034,566,2246728600,25,0,1,512,25,6990612339
8669,2246757475,237166,2246994641,20,0,0,34304,20,3305860974
8670,2246790693,193465,2246984158,26,0,0,104960,26,3291956165
8671,2246790887,4850,2246795737,13,0,1,5120,13,7617199491
8672,2246806990,188774,2246995764,9,0,0,3584,9,1925747342
8673,2246827552,107184,2246934736,29,0,0,7168,29,6915077390
8674,2246828782,3645,2246832427,11,0,1,10240,11,8719852177
8675,2246831368,1725,2246833093,29,0,1,1024,29,1344559005
8676,2246843685,93529,2246937214,26,0,0,4096,26,6737444079
8677,2246849922,62818,2246912740,12,0,0,512,12,7903277038
8678,2246869573,234293,2247103866,21,0,0,95232,21,4216379798
8679,2246881480,3904,2246885384,26,0,1,10752,26,3706586785
8680,2246883799,6460,2246890259,15,0,1,13824,15,3817798701
8681,2246887472,4730,2246892202,14,0,1,9216,14,1913039651
8682,2246945488,50759,2246996247,3,0,0,1536,3,573376836
8683,2246953546,42716,2246996262,27,0,1,1536,27,775360858
8684,2246959249,37535,2246996784,21,0,1,1024,21,8734065466
8685,2247003378,6754,2247010132,21,0,1,7168,21,9278059957
8686,2247029416,75097,2247104513,4,0,0,2048,4,7002819412
8687,2247032086,2870,2247034956,16,0,1,8704,16,9474393267
8688,2247032612,5121,2247037733,19,0,1,3072,19,3837997366
8689,2247041760,11791,2247053551,4,0,1,19456,4,7662030501
8690,2247042259,283541,2247325800,26,0,0,87040,26,1153251226
8691,2247054808,103295,2247158103,20,0,0,17920,20,3544551320
8692,2247062158,1518,2247063676,21,0,1,1536,21,8098247200
8693,2247078495,26543,2247105038,1,0,1,512,1,1673202996
8694,2247110338,121664,2247232002,6,0,0,7168,6,1239445699
8695,2247129897,144795,2247274692,6,0,0,4096,6,6944465535
8696,2247195715,48980,2247244695,19,0,0,2048,19,3364527193
8697,2247244996,143265,2247388261,4,0,0,55808,4,1127820860
8698,2247246197,202551,2247448748,6,0,0,104448,6,8429433751
8699,2247263624,566,2247264190,15,0,1,512,15,1164324091
8700,2247267497,1042,2247268539,26,0,1,1024,26,9028907957
8701,2247333348,116983,2247450331,21,0,0,5120,21,5290929425
8702,2247347285,118635,2247465920,10,0,0,17408,10,381747579
8703,2247368853,141055,2247509908,25,0,0,32256,25,8250617289
8704,2247414920,126546,2247541466,25,0,0,37376,25,6375359848
8705,2247426716,26494,2247453210,20,0,1,8704,20,1488483674
8706,2247428698,24860,2247453558,14,0,1,512,14,4030560910
8707,2247434212,21882,2247456094,1,0,1,3072,1,10118284928
8708,2247464274,47116,2247511390,19,0,0,512,19,429486181
8709,2247469458,83548,2247553006,22,0,0,11264,22,9528649945
8710,2247482837,60204,2247543041,6,0,0,5120,6,8643145747
8711,2247506618,125585,2247632203,10,0,0,78336,10,4117445861
8712,2247539121,7816,2247546937,17,0,1,10752,17,9714331823
8713,2247661087,98627,2247759714,21,0,0,15360,21,8074227196
8714,2247661463,93556,2247755019,16,0,0,23552,16,3324776131
8715,2247681456,177927,2247859383,27,0,0,56320,27,9031017701
8716,2247705740,333073,2248038813,26,0,0,72192,26,2502132511
8717,2247707376,218223,2247925599,4,0,0,44544,4,10349682101
8718,2247718179,4374,2247722553,15,0,1,4608,15,578234959
8719,2247728759,138694,2247867453,3,0,0,1024,3,4723097171
8720,2247731595,232452,2247964047,28,0,0,54784,28,8641433143
8721,2247736384,6278,2247742662,1,0,1,6656,1,8493661993
8722,2247751762,12811,2247764573,3,0,1,5120,3,3548963446
8723,2247756673,8566,2247765239,4,0,1,1024,4,8534058850
8724,2247789190,138140,2247927330,25,0,0,5632,25,2129863995
8725,2247953714,86797,2248040511,22,0,0,1024,22,9695848778
8726,2247954057,12970,2247967027,1,0,1,3072,1,410818897
8727,2247960466,165233,2248125699,13,0,0,119296,13,10316930778
8728,2247967601,1994,2247969595,27,0,1,2048,27,441418154
8729,2247994736,7706,2248002442,9,0,1,8192,9,4114329181
8730,2248007330,2470,2248009800,14,0,1,2560,14,8123257379
8731,2248010763,185135,2248195898,15,0,0,97792,15,8549306690
8732,2248032680,8595,2248041275,4,0,1,2560,4,3673422382
8733,2248091245,312160,2248403405,28,0,0,149504,28,9530821761
8734,2248115257,103198,2248218455,16,0,0,4608,16,9904665404
8735,2248127162,3422,2248130584,9,0,1,3584,9,7272972809
8736,2248154070,128482,2248282552,25,0,0,16384,25,5891904970
8737,2248204257,128743,2248333000,5,0,0,28672,5,9005905430
8738,2248294424,4937,2248299361,29,0,1,12800,29,2827391293
8739,2248310878,107994,2248418872,27,0,0,50688,27,5576371568
8740,2248312738,1994,2248314732,7,0,1,2048,7,3000653227
8741,2248339856,1518,2248341374,25,0,1,1536,25,10566017524
8742,2248392201,39455,2248431656,20,0,1,21504,20,7830353705
8743,2248432290,111087,2248543377,20,0,0,13312,20,10116574119
8744,2248436333,3904,2248440237,9,0,1,10752,9,6612906799
8745,2248444030,4937,2248448967,1,0,1,12800,1,7861811358
8746,2248446393,167861,2248614254,13,0,0,26112,13,6575697896
8747,2248455776,89020,2248544796,29,0,0,4608,29,3120384084
8748,2248462368,303425,2248765793,25,0,0,141312,25,3241026134
8749,2248482254,299497,2248781751,22,0,0,1024,22,4224641266
8750,2248493455,229267,2248722722,1,0,0,82432,1,6883144238
8751,2248513712,183879,2248697591,13,0,0,26624,13,5249012843
8752,2248557664,3422,2248561086,14,0,1,3584,14,7728694339
8753,2248564685,2870,2248567555,14,0,1,8704,14,5802139473
8754,2248570901,210523,2248781424,20,0,0,51200,20,3746656995
8755,2248576843,112621,2248689464,6,0,0,39936,6,2600650958
8756,2248584381,1994,2248586375,11,0,1,2048,11,8146419298
8757,2248646474,4374,2248650848,19,0,1,4608,19,6452809492
8758,2248702811,148904,2248851715,0,0,0,512,0,6160798865
8759,2248727320,89162,2248816482,22,0,0,2560,22,5311230370
8760,2248747889,35865,2248783754,13,0,1,2048,13,6723722231
8761,2248763262,88282,2248851544,23,0,0,14848,23,1204575377
8762,2248794046,100536,2248894582,10,0,0,11776,10,10667218668
8763,2248796098,47288,2248843386,19,0,0,1536,19,9782448580
8764,2248800694,119251,2248919945,23,0,0,34816,23,2943982617
8765,2248807296,3422,2248810718,10,0,1,3584,10,7633140023
8766,2248815250,141469,2248956719,15,0,0,8192,15,495308584
8767,2248850561,71583,2248922144,6,0,0,7168,6,9161170588
8768,2248855226,122535,2248977761,22,0,0,512,22,8316050988
8769,2248874607,566,2248875173,26,0,1,512,26,46625950
8770,2248882372,54056,2248936428,24,0,0,3584,24,3689337493
8771,2248923047,1042,2248924089,22,0,1,1024,22,5822528756
8772,2248935497,76975,2249012472,26,0,0,10240,26,6401123266
8773,2248935779,149286,2249085065,18,0,0,85504,18,2037109492
8774,2248947681,73004,2249020685,29,0,0,15360,29,5447778673
8775,2248950112,97111,2249047223,9,0,0,512,9,4718027274
8776,2248973169,4850,2248978019,1,0,1,5120,1,1884671341
8777,2248980781,158236,2249139017,2,0,0,13312,2,1820127786
8778,2248991319,6278,2248997597,7,0,1,6656,7,2539030131
8779,2249015623,102959,2249118582,19,0,0,512,19,8900075391
8780,2249023127,2470,2249025597,22,0,1,2560,22,7592294172
8781,2249035083,2946,2249038029,22,0,1,3072,22,1955803774
8782,2249073931,105856,2249179787,28,0,0,19968,28,10151777074
8783,2249108697,138020,2249246717,5,0,0,36864,5,4675649859
8784,2249163589,254515,2249418104,18,0,0,96256,18,5331839052
8785,2249166321,99432,2249265753,25,0,0,10240,25,57658513
8786,2249171111,217650,2249388761,18,0,0,112640,18,4979808516
8787,2249186918,2946,2249189864,22,0,1,3072,22,2065072922
8788,2249204904,3422,2249208326,13,0,1,3584,13,5509288210
8789,2249206734,2258,2249208992,14,0,1,1024,14,1225583686
8790,2249237186,68071,2249305257,7,0,0,1536,7,6687715375
8791,2249243134,210278,2249453412,1,0,0,91648,1,10072052018
8792,2249246428,4246,2249250674,15,0,1,4096,15,7232505937
8793,2249246676,171599,2249418275,3,0,0,512,3,9313709971
8794,2249279867,231127,2249510994,27,0,0,47616,27,2148161115
8795,2249296015,3422,2249299437,22,0,1,3584,22,6267610048
8796,2249320444,98002,2249418446,9,0,0,512,9,5287688715
8797,2249398295,22613,2249420908,14,0,1,2560,14,693461626
8798,2249440072,157197,2249597269,20,0,0,20992,20,3963602356
8799,2249447276,225934,2249673210,5,0,0,98304,5,7482022190
8800,2249477733,1994,2249479727,5,0,1,2048,5,8702396706
8801,2249491768,53523,2249545291,0,0,0,512,0,9001554706
8802,2249518589,566,2249519155,20,0,1,512,20,1364959879
8803,2249549065,66599,2249615664,6,0,0,3584,6,8780136428
8804,2249558244,115137,2249673381,10,0,0,512,10,3233254962
8805,2249559811,6278,2249566089,13,0,1,6656,13,9634291160
8806,2249577733,135652,2249713385,19,0,0,1024,19,8008854119
8807,2249580078,5802,2249585880,27,0,1,6144,27,2383967161
8808,2249591433,90340,2249681773,26,0,0,12800,26,9994328061
8809,2249653446,20493,2249673939,4,0,1,512,4,1432767025
8810,2249690671,5802,2249696473,7,0,1,6144,7,7286625005
8811,2249699317,5712,2249705029,19,0,1,14336,19,6385733893
8812,2249710629,67359,2249777988,6,0,0,4096,6,3206535839
8813,2249728928,222081,2249951009,18,0,0,2048,18,9946354706
8814,2249729146,221208,2249950354,10,0,0,119808,10,5163119921
8815,2249737433,1518,2249738951,13,0,1,1536,13,3782513648
8816,2249764029,105454,2249869483,19,0,0,1024,19,6710594638
8817,2249777496,5810,2249783306,27,0,1,5632,27,4619968861
8818,2249798749,170734,2249969483,9,0,0,1024,9,2235751512
8819,2249849029,4850,2249853879,23,0,1,5120,23,3923695030
8820,2249850375,171727,2250022102,1,0,0,75776,1,9616911588
8821,2249890890,88816,2249979706,22,0,0,512,22,1519120144
8822,2249902040,3898,2249905938,14,0,1,4096,14,7614991280
8823,2249908330,54444,2249962774,12,0,0,2048,12,315052786
8824,2249909069,204374,2250113443,21,0,0,49664,21,6914626521
8825,2249938400,15696,2249954096,29,0,1,9216,29,899392228
8826,2249945797,48478,2249994275,22,0,0,512,22,7014276176
8827,2249959424,1042,2249960466,25,0,1,1024,25,584359397
8828,2249969524,1994,2249971518,14,0,1,2048,14,10224519111
8829,2249992357,122973,2250115330,25,0,0,6144,25,7831695911
8830,2249996521,566,2249997087,20,0,1,512,20,1630123764
8831,2250008160,27534,2250035694,29,0,1,23040,29,9052844742
8832,2250030669,7931,2250038600,15,0,1,4608,15,484186270
8833,2250031631,159336,2250190967,15,0,0,59392,15,9024493806
8834,2250037872,5326,2250043198,19,0,1,5632,19,1196606238
8835,2250093428,166362,2250259790,4,0,0,20480,4,9584051181
8836,2250095922,1518,2250097440,22,0,1,1536,22,10323541144
8837,2250105434,14050,2250119484,16,0,1,11264,16,4577472926
8838,2250118196,3077,2250121273,11,0,1,2560,11,2999742538
8839,2250137657,57440,2250195097,27,0,0,4608,27,8518327683
8840,2250156521,189010,2250345531,24,0,0,1024,24,3198621162
8841,2250163963,3904,2250167867,12,0,1,10752,12,3285859307
8842,2250169777,141661,2250311438,13,0,0,28672,13,302684655
8843,2250224028,175383,2250399411,6,0,0,26624,6,6914706226
8844,2250231982,84708,2250316690,26,0,0,8192,26,9353655662
8845,2250272451,7230,2250279681,3,0,1,7680,3,2426663710
8846,2250274543,6444,2250280987,2,0,1,2048,2,9757932765
8847,2250325866,3898,2250329764,17,0,1,4096,17,7423750555
8848,2250333668,1994,2250335662,10,0,1,2048,10,6467898033
8849,2250338084,3422,2250341506,9,0,1,3584,9,9414272845
8850,2250338495,4637,2250343132,13,0,1,2560,13,8596136644
8851,2250371759,1994,2250373753,11,0,1,2048,11,10666235735
8852,2250383090,127596,2250510686,17,0,0,20992,17,1825338572
8853,2250386280,566,2250386846,13,0,1,512,13,936686371
8854,2250414763,5326,2250420089,4,0,1,5632,4,451826089
8855,2250418817,155886,2250574703,26,0,0,28160,26,2275885469
8856,2250447851,111640,2250559491,28,0,0,33792,28,4913969161
8857,2250492993,4850,2250497843,29,0,1,5120,29,1108764628
8858,2250514211,269317,2250783528,5,0,0,17408,5,3355436049
8859,2250521161,3387,2250524548,26,0,1,9728,26,4278965139
8860,2250522944,2748,2250525692,15,0,1,1536,15,3694187389
8861,2250531286,2470,2250533756,3,0,1,2560,3,5006667908
8862,2250534800,142969,2250677769,27,0,0,47616,27,8672610003
8863,2250539145,51174,2250590319,15,0,0,2560,15,4436920474
8864,2250543916,1042,2250544958,24,0,1,1024,24,7558889310
8865,2250566054,8664,2250574718,3,0,1,4608,3,9496032552
8866,2250577191,182546,2250759737,16,0,0,26624,16,6562227185
8867,2250594969,112908,2250707877,6,0,0,15360,6,7511693603
8868,2250595477,3898,2250599375,1,0,1,4096,1,4911304209
8869,2250611544,2946,2250614490,12,0,1,3072,12,7840950479
8870,2250636372,11791,2250648163,5,0,1,19456,5,3863860253
8871,2250636522,184962,2250821484,17,0,0,5632,17,16336694
8872,2250672618,118881,2250791499,21,0,0,26112,21,3892223589
8873,2250683897,117777,2250801674,24,0,0,512,24,4125932658
8874,2250703468,5919,2250709387,9,0,1,1536,9,2498776871
8875,2250769113,112867,2250881980,24,0,0,1536,24,5274273031
8876,2250807723,3898,2250811621,22,0,1,4096,22,4839201401
8877,2250833430,1994,2250835424,27,0,1,2048,27,7461648846
8878,2250836625,5802,2250842427,22,0,1,6144,22,675048404
8879,2250842029,109641,2250951670,23,0,0,17408,23,10124631030
8880,2250879541,1042,2250880583,22,0,1,1024,22,9569874085
8881,2250897482,566,2250898048,14,0,1,512,14,4583384044
8882,2250921147,99008,2251020155,23,0,0,25088,23,1825149013
8883,2250940234,4374,2250944608,5,0,1,4608,5,10018455770
8884,2250979015,1994,2250981009,26,0,1,2048,26,3571200457
8885,2251026264,3422,2251029686,20,0,1,3584,20,3841490790
8886,2251035548,3422,2251038970,23,0,1,3584,23,7410972587
8887,2251062114,3128,2251065242,3,0,1,9216,3,95488760
8888,2251096715,91835,2251188550,26,0,0,19968,26,10231585385
8889,2251113621,132780,2251246401,22,0,0,512,22,6477512002
8890,2251118293,2946,2251121239,1,0,1,3072,1,10507103392
8891,2251125849,2946,2251128795,1,0,1,3072,1,5343864837
8892,2251128536,45718,2251174254,0,0,0,512,0,1277885118
8893,2251148172,566,2251148738,29,0,1,512,29,699256979
8894,2251167170,55852,2251223022,0,0,0,2048,0,3560968431
8895,2251191976,4420,2251196396,23,0,1,11776,23,3113584420
8896,2251199504,11016,2251210520,27,0,1,17920,27,4932041549
8897,2251209268,1918,2251211186,3,0,1,1024,3,5719917497
8898,2251229598,5326,2251234924,2,0,1,5632,2,1821106460
8899,2251276732,61026,2251337758,12,0,0,1536,12,9478728518
8900,2251322634,82261,2251404895,12,0,0,1536,12,8776260769
8901,2251333436,70976,2251404412,13,0,0,8704,13,9911115400
8902,2251337818,4937,2251342755,23,0,1,12800,23,6072412517
8903,2251350176,3904,2251354080,2,0,1,10752,2,6538339734
8904,2251388395,5326,2251393721,13,0,1,5632,13,5282590667
8905,2251389244,56364,2251445608,3,0,0,512,3,3204390681
8906,2251472848,1042,2251473890,28,0,1,1024,28,4660337051
8907,2251485000,4374,2251489374,10,0,1,4608,10,6289064242
8908,2251508524,5971,2251514495,29,0,1,14848,29,7613033514
8909,2251515315,102908,2251618223,21,0,0,37888,21,2027265448
8910,2251526348,4374,2251530722,12,0,1,4608,12,926512019
8911,2251548505,163618,2251712123,5,0,0,8192,5,8975601959
8912,2251558788,254549,2251813337,27,0,0,31744,27,10413883885
8913,2251569261,187658,2251756919,10,0,0,39936,10,9989910318
8914,2251571351,119922,2251691273,18,0,0,2048,18,2951252961
8915,2251571725,5802,2251577527,4,0,1,6144,4,9896893761
8916,2251572263,363990,2251936253,4,0,0,90112,4,4819501688
8917,2251573980,84851,2251658831,21,0,0,2560,21,7975839275
8918,2251574760,47288,2251622048,3,0,0,1536,3,110816950
8919,2251575026,315789,2251890815,28,0,0,51712,28,4467961589
8920,2251576006,4850,2251580856,20,0,1,5120,20,1282532774
8921,2251592288,209409,2251801697,17,0,0,31744,17,8107424844
8922,2251607051,167886,2251774937,6,0,0,24576,6,2048325395
8923,2251614721,205651,2251820372,4,0,0,23040,4,3198761418
8924,2251653640,5206,2251658846,28,0,1,5120,28,3693726715
8925,2251728241,146803,2251875044,16,0,0,7680,16,8518235020
8926,2251735674,217286,2251952960,26,0,0,54784,26,361075354
8927,2251767295,139969,2251907264,6,0,0,35328,6,4513096092
8928,2251774302,7857,2251782159,14,0,1,7680,14,7050809692
8929,2251793027,184092,2251977119,24,0,0,44544,24,9861404308
8930,2251847444,3128,2251850572,16,0,1,9216,16,10041373332
8931,2251857728,1518,2251859246,12,0,1,1536,12,6321815174
8932,2251891292,116504,2252007796,29,0,0,22528,29,6602442224
8933,2251905071,180566,2252085637,1,0,0,14336,1,2627111171
8934,2251924092,115861,2252039953,7,0,0,512,7,6515316862
8935,2251925723,28789,2251954512,16,0,1,1536,16,3553698108
8936,2251947078,8740,2251955818,15,0,1,2048,15,5804749811
8937,2251955092,5802,2251960894,11,0,1,6144,11,6277025618
8938,2251994179,182959,2252177138,6,0,0,28672,6,9215460414
8939,2252004121,5661,2252009782,2,0,1,2048,2,4208211312
8940,2252015408,1518,2252016926,9,0,1,1536,9,3982187364
8941,2252034190,70773,2252104963,7,0,0,1024,7,9574762010
8942,2252040252,2470,2252042722,14,0,1,2560,14,334102364
8943,2252069378,2946,2252072324,26,0,1,3072,26,99407814
8944,2252071254,5326,2252076580,5,0,1,5632,5,3465987878
8945,2252080128,1042,2252081170,13,0,1,1024,13,98595058
8946,2252090883,6278,2252097161,27,0,1,6656,27,1292519039
8947,2252095156,261331,2252356487,7,0,0,1536,7,3091773982
8948,2252104180,251318,2252355498,18,0,0,193024,18,1126993595
8949,2252114570,241426,2252355996,22,0,0,512,22,10401164289
8950,2252131102,5802,2252136904,12,0,1,6144,12,5122216662
8951,2252134368,3842,2252138210,3,0,1,2048,3,7920956852
8952,2252156894,2946,2252159840,28,0,1,3072,28,636035423
8953,2252167271,9890,2252177161,17,0,1,4096,17,8881607476
8954,2252168034,12483,2252180517,3,0,1,9728,3,684148903
8955,2252188493,261242,2252449735,23,0,0,85504,23,7994072172
8956,2252194544,161281,2252355825,19,0,0,1024,19,10163863888
8957,2252227471,132471,2252359942,2,0,0,11264,2,10675560134
8958,2252229266,6754,2252236020,1,0,1,7168,1,7065069820
8959,2252235742,1518,2252237260,1,0,1,1536,1,2940180435
8960,2252287178,4937,2252292115,24,0,1,12800,24,2217999122
8961,2252330812,189841,2252520653,1,0,0,37376,1,8053367333
8962,2252338191,139779,2252477970,19,0,0,1024,19,2668987341
8963,2252365344,87058,2252452402,0,0,0,8704,0,445875108
8964,2252378457,234182,2252612639,5,0,0,25600,5,9745134123
8965,2252388461,12049,2252400510,26,0,1,19968,26,8612803132
8966,2252444442,208334,2252652776,23,0,0,100864,23,3102745092
8967,2252499278,104049,2252603327,15,0,0,512,15,7346045384
8968,2252507445,13223,2252520668,11,0,1,2048,11,4725411844
8969,2252513233,11801,2252525034,7,0,1,4608,7,628488403
8970,2252525852,143424,2252669276,24,0,0,1536,24,7133326928
8971,2252542693,3422,2252546115,7,0,1,3584,7,4932610562
8972,2252547430,139207,2252686637,29,0,0,5632,29,7217967252
8973,2252554752,217275,2252772027,6,0,0,74752,6,8138502260
8974,2252627839,28074,2252655913,20,0,1,9216,20,2456265365
8975,2252642401,97819,2252740220,28,0,0,15360,28,639244880
8976,2252685715,48285,2252734000,12,0,0,512,12,2675939880
8977,2252707573,11016,2252718589,21,0,1,17920,21,3455768742
8978,2252730468,94097,2252824565,20,0,0,5632,20,6302196196
8979,2252736991,97009,2252834000,3,0,0,512,3,8866127024
8980,2252759850,81453,2252841303,20,0,0,8192,20,9261329734
8981,2252775624,187486,2252963110,16,0,0,29184,16,6493948569
8982,2252786066,566,2252786632,2,0,1,512,2,5158691259
8983,2252788942,43904,2252832846,7,0,0,512,7,1017892875
8984,2252811498,111435,2252922933,25,0,0,48128,25,523782671
8985,2252826508,1518,2252828026,23,0,1,1536,23,4394377786
8986,2252875918,2946,2252878864,19,0,1,3072,19,6565698293
8987,2252883164,135842,2253019006,10,0,0,44032,10,6061062989
8988,2252898163,1994,2252900157,12,0,1,2048,12,5319492806
8989,2252904222,1042,2252905264,13,0,1,1024,13,7625492944
8990,2252915277,14895,2252930172,20,0,1,7680,20,1578558500
8991,2252915536,158649,2253074185,26,0,0,16384,26,9956699170
8992,2252940104,10757,2252950861,23,0,1,17408,23,2504909314
8993,2252951468,43904,2252995372,15,0,0,512,15,1528837661
8994,2252966558,4679,2252971237,14,0,1,12288,14,2500504382
8995,2252987303,3904,2252991207,15,0,1,10752,15,5453961106
8996,2253008902,11656,2253020558,25,0,1,1536,25,1681057836
8997,2253014215,12999,2253027214,4,0,1,8192,4,4640804158
8998,2253014917,13603,2253028520,29,0,1,2048,29,3939420718
8999,2253040107,231177,2253271284,2,0,0,72192,2,2463370368
9000,2253040479,5326,2253045805,14,0,1,5632,14,5618318722
9001,2253049610,191653,2253241263,19,0,0,1024,19,7735693649
9002,2253079840,222941,2253302781,5,0,0,10240,5,3166761781
9003,2253102305,7230,2253109535,16,0,1,7680,16,8418244952
9004,2253137977,140990,2253278967,27,0,0,25088,27,8541746584
9005,2253143419,4850,2253148269,14,0,1,5120,14,3133901037
9006,2253153674,135448,2253289122,17,0,0,33280,17,3496799452
9007,2253174244,138796,2253313040,0,0,0,8192,0,7892274821
9008,2253175821,1994,2253177815,12,0,1,2048,12,1985699567
9009,2253176187,137032,2253313219,19,0,0,512,19,695675272
9010,2253181462,126210,2253307672,9,0,0,1024,9,3668680695
9011,2253229972,94463,2253324435,5,0,0,16896,5,6517960616
9012,2253249815,272052,2253521867,4,0,0,134656,4,1179534220
9013,2253256826,312087,2253568913,20,0,0,5632,20,5178812050
9014,2253266330,28747,2253295077,15,0,1,14848,15,4923359608
9015,2253269164,71623,2253340787,3,0,0,1536,3,7520816430
9016,2253302908,163727,2253466635,17,0,0,27648,17,3935240076
9017,2253311228,4420,2253315648,10,0,1,2560,10,7597298816
9018,2253313196,248491,2253561687,29,0,0,39936,29,43660917
9019,2253320979,102138,2253423117,26,0,0,9728,26,7670234948
9020,2253330831,82941,2253413772,12,0,0,2560,12,2654379031
9021,2253384655,69910,2253454565,12,0,0,512,12,6660878137
9022,2253401156,171117,2253572273,19,0,0,1536,19,8667110032
9023,2253404002,118192,2253522194,22,0,0,1024,22,7318270219
9024,2253449684,183039,2253632723,20,0,0,12288,20,1201130630
9025,2253600733,138898,2253739631,4,0,0,63488,4,3560893393
9026,2253636704,4162,2253640866,17,0,1,11264,17,232949528
9027,2253636993,165704,2253802697,17,0,0,42496,17,3585587223
9028,2253640732,43904,2253684636,22,0,0,512,22,6564636585
9029,2253645406,43904,2253689310,12,0,0,512,12,301007498
9030,2253679164,1994,2253681158,11,0,1,2048,11,1265840585
9031,2253681011,1518,2253682529,21,0,1,1536,21,7895067114
9032,2253681362,7963,2253689325,12,0,1,8192,12,2262316072
9033,2253682016,10132,2253692148,20,0,1,4608,20,9497959372
9034,2253707513,138507,2253846020,3,0,0,1024,3,2953112905
9035,2253715935,93242,2253809177,22,0,0,1024,22,3951861060
9036,2253728727,15833,2253744560,20,0,1,12800,20,9647576913
9037,2253761109,566,2253761675,20,0,1,512,20,6041280892
9038,2253793704,11455,2253805159,20,0,1,2560,20,1018883443
9039,2253812537,82289,2253894826,29,0,0,8192,29,2089900241
9040,2253842306,3729,2253846035,16,0,1,3584,16,9428299307
9041,2253849430,45567,2253894997,7,0,0,512,7,5555118574
9042,2253876212,566,2253876778,21,0,1,512,21,3158807447
9043,2253891577,4937,2253896514,23,0,1,12800,23,1267232556
9044,2253892613,4887,2253897500,21,0,1,1536,21,8027647424
9045,2253908772,566,2253909338,19,0,1,512,19,3983685884
9046,2253952719,7230,2253959949,24,0,1,7680,24,2594661918
9047,2253956822,3793,2253960615,7,0,1,1024,7,5568304093
9048,2253959586,231175,2254190761,23,0,0,62464,23,7013922003
9049,2253960804,76988,2254037792,16,0,0,13312,16,9286834856
9050,2253975677,107703,2254083380,16,0,0,39424,16,1637080064
9051,2253987988,211498,2254199486,21,0,0,512,21,8188799049
9052,2253997982,160517,2254158499,4,0,0,6656,4,4250039569
9053,2254034141,6130,2254040271,5,0,1,2560,5,650074868
9054,2254037176,4721,2254041897,1,0,1,2560,1,7744938946
9055,2254063280,146627,2254209907,10,0,0,21504,10,10308936848
9056,2254064375,198608,2254262983,5,0,0,61440,5,8613391754
9057,2254075770,317395,2254393165,4,0,0,104448,4,5901109207
9058,2254091996,5196,2254097192,4,0,1,13312,4,186809183
9059,2254096729,185652,2254282381,7,0,0,1536,7,674842901
9060,2254115386,5454,2254120840,9,0,1,13824,9,534202144
9061,2254128024,7706,2254135730,5,0,1,8192,5,287366522
9062,2254155961,165276,2254321237,10,0,0,29696,10,9020711617
9063,2254162720,102946,2254265666,10,0,0,8704,10,4729565271
9064,2254170621,1042,2254171663,16,0,1,1024,16,9118977501
9065,2254178977,217487,2254396464,15,0,0,10752,15,10315136759
9066,2254215217,3422,2254218639,5,0,1,3584,5,9303279872
9067,2254225485,566,2254226051,27,0,1,512,27,2467227485
9068,2254245576,21567,2254267143,17,0,1,1536,17,4288526028
9069,2254253996,14453,2254268449,14,0,1,2048,14,6399309419
9070,2254293404,2470,2254295874,5,0,1,2560,5,1692833859
9071,2254306690,14562,2254321252,28,0,1,16384,28,9661260198
9072,2254347423,4850,2254352273,26,0,1,5120,26,2261336242
9073,2254369490,30355,2254399845,9,0,1,3584,9,9638241445
9074,2254399756,5802,2254405558,16,0,1,6144,16,9728209811
9075,2254415741,63608,2254479349,21,0,0,9728,21,9264997493
9076,2254427003,6278,2254433281,22,0,1,6656,22,5021249978
9077,2254493791,84512,2254578303,6,0,0,12800,6,7940326627
9078,2254496829,43904,2254540733,7,0,0,512,7,2968722027
9079,2254501062,124179,2254625241,29,0,0,24576,29,296241393
9080,2254527583,5802,2254533385,24,0,1,6144,24,4237771620
9081,2254537738,6278,2254544016,25,0,1,6656,25,205129083
9082,2254572605,93126,2254665731,4,0,0,4096,4,5319736802
9083,2254584290,4937,2254589227,24,0,1,12800,24,7277213100
9084,2254594304,57295,2254651599,4,0,0,4096,4,1604528871
9085,2254595282,134909,2254730191,0,0,0,74240,0,4177416770
9086,2254596838,103844,2254700682,26,0,0,40960,26,5162756339
9087,2254635706,96380,2254732086,23,0,0,6144,23,5407618097
9088,2254649936,98858,2254748794,24,0,0,5120,24,2288290664
9089,2254663650,4679,2254668329,23,0,1,12288,23,2219619295
9090,2254681433,2946,2254684379,15,0,1,3072,15,152061848
9091,2254699638,69617,2254769255,19,0,0,512,19,925279465
9092,2254704012,44953,2254748965,12,0,0,512,12,5758348431
9093,2254719425,54662,2254774087,19,0,0,512,19,927260939
9094,2254730551,4949,2254735500,17,0,1,3584,17,10701186570
9095,2254779034,2470,2254781504,24,0,1,2560,24,3852702597
9096,2254817666,104468,2254922134,4,0,0,43008,4,8090289240
9097,2254836168,89413,2254925581,0,0,0,11264,0,6582240450
9098,2254838269,106763,2254945032,13,0,0,4608,13,11590808
9099,2254854281,89324,2254943605,6,0,0,23552,6,382145542
9100,2254858059,132911,2254990970,21,0,0,25600,21,3282077627
9101,2254879965,4162,2254884127,14,0,1,11264,14,595087987
9102,2254886702,224070,2255110772,18,0,0,115200,18,4830281013
9103,2254896859,114211,2255011070,25,0,0,20992,25,10471429325
9104,2254927036,200755,2255127791,20,0,0,55808,20,2807687463
9105,2254928784,5802,2254934586,4,0,1,6144,4,1760307122
9106,2254940486,11259,2254951745,3,0,1,7168,3,8388413307
9107,2254953509,5802,2254959311,24,0,1,6144,24,2455493323
9108,2254977377,4679,2254982056,24,0,1,12288,24,5163358875
9109,2254992432,3904,2254996336,28,0,1,10752,28,1931301138
9110,2255024179,216970,2255241149,7,0,0,512,7,960748419
9111,2255054498,4420,2255058918,27,0,1,11776,27,6718265302
9112,2255056316,164183,2255220499,17,0,0,8704,17,2334268080
9113,2255059817,4374,2255064191,11,0,1,4608,11,5077547170
9114,2255060055,8642,2255068697,22,0,1,7168,22,341397090
9115,2255069172,221045,2255290217,21,0,0,15360,21,8414746620
9116,2255081118,277333,2255358451,29,0,0,94720,29,3643656956
9117,2255115797,15450,2255131247,4,0,1,3584,4,3320583847
9118,2255118754,210814,2255329568,24,0,0,46592,24,5411983695
9119,2255191679,11016,2255202695,28,0,1,17920,28,10115219340
9120,2255198112,5249,2255203361,14,0,1,1024,14,4381556049
9121,2255229346,5326,2255234672,16,0,1,5632,16,1275946224
9122,2255231007,146382,2255377389,18,0,0,53760,18,780129208
9123,2255248978,190519,2255439497,26,0,0,29184,26,3270500574
9124,2255258996,1042,2255260038,22,0,1,1024,22,1654293194
9125,2255259349,1035,2255260384,15,0,1,512,15,8225713802
9126,2255271892,148016,2255419908,17,0,0,26624,17,609953300
9127,2255279505,81489,2255360994,25,0,0,8192,25,6098590637
9128,2255318601,58819,2255377420,20,0,1,15360,20,7131454531
9129,2255330697,50549,2255381246,22,0,1,4096,22,2895462199
9130,2255334182,161068,2255495250,9,0,0,2048,9,3487872862
9131,2255340332,148128,2255488460,25,0,0,27136,25,8311860182
9132,2255363885,18667,2255382552,20,0,1,2048,20,10618237395
9133,2255386820,149068,2255535888,21,0,0,13312,21,9192275537
9134,2255402113,5802,2255407915,5,0,1,6144,5,8465246014
9135,2255407226,47508,2255454734,15,0,0,1024,15,6863326067
9136,2255448805,54530,2255503335,7,0,0,512,7,4262483171
9137,2255457308,63723,2255521031,2,0,0,1024,2,8279100916
9138,2255473253,1994,2255475247,15,0,1,2048,15,2013283689
9139,2255501348,3422,2255504770,21,0,1,3584,21,1344893023
9140,2255503200,300187,2255803387,26,0,0,45568,26,9752540474
9141,2255509950,206554,2255716504,29,0,0,10240,29,8465536049
9142,2255519829,1994,2255521823,22,0,1,2048,22,9904513508
9143,2255520177,117009,2255637186,17,0,0,70656,17,3384020127
9144,2255522440,267040,2255789480,25,0,0,50688,25,9976946592
9145,2255543413,4850,2255548263,10,0,1,5120,10,8526206333
9146,2255598491,92372,2255690863,15,0,0,18432,15,471485977
9147,2255598880,69213,2255668093,2,0,0,3072,2,6077088474
9148,2255654682,162152,2255816834,28,0,0,44032,28,3593453394
9149,2255663677,2870,2255666547,10,0,1,8704,10,9991268479
9150,2255731418,4850,2255736268,14,0,1,5120,14,5143006804
9151,2255753111,4850,2255757961,11,0,1,5120,11,9843038386
9152,2255757971,113516,2255871487,26,0,0,72704,26,10507656895
9153,2255768324,1042,2255769366,4,0,1,1024,4,5065286624
9154,2255780694,36163,2255816857,11,0,1,6656,11,7747812821
9155,2255788515,35032,2255823547,17,0,1,7168,17,254058549
9156,2255825637,170392,2255996029,21,0,0,61440,21,1791766319
9157,2255829097,1994,2255831091,27,0,1,2048,27,9272718857
9158,2255838751,171540,2256010291,29,0,0,16384,29,6478016153
9159,2255844111,3898,2255848009,3,0,1,4096,3,820460140
9160,2255864227,10198,2255874425,9,0,1,3072,9,64171850
9161,2255905383,12049,2255917432,1,0,1,19968,1,6381547015
9162,2255920448,6278,2255926726,2,0,1,6656,2,7519940495
9163,2255921582,44847,2255966429,9,0,0,512,9,8149643423
9164,2255927592,1518,2255929110,20,0,1,1536,20,7807084676
9165,2255933138,3422,2255936560,4,0,1,3584,4,3469906769
9166,2255936378,6229,2255942607,25,0,1,15360,25,2819568452
9167,2255945583,80559,2256026142,9,0,0,512,9,4724986085
9168,2255984753,76306,2256061059,12,0,0,3072,12,9981467271
9169,2255990081,8435,2255998516,10,0,1,2560,10,4117811487
9170,2256035315,566,2256035881,24,0,1,512,24,8926395852
9171,2256055035,72025,2256127060,3,0,0,4608,3,3475283790
9172,2256055832,45596,2256101428,22,0,0,1024,22,6491056952
9173,2256083785,85316,2256169101,15,0,0,20480,15,4201924742
9174,2256088206,5326,2256093532,11,0,1,5632,11,1877136628
9175,2256110652,238647,2256349299,10,0,0,45568,10,8089167421
9176,2256113084,43904,2256156988,12,0,0,512,12,7742687692
9177,2256130405,143680,2256274085,13,0,0,50176,13,2500457741
9178,2256146249,317687,2256463936,20,0,0,95744,20,7889560829
9179,2256147893,146963,2256294856,17,0,0,68096,17,757444997
9180,2256163785,6826,2256170611,12,0,1,1536,12,7719973980
9181,2256184497,165909,2256350406,3,0,0,3584,3,9977771537
9182,2256203263,201705,2256404968,4,0,0,38912,4,8101998005
9183,2256211052,5454,2256216506,3,0,1,13824,3,2875164679
9184,2256258718,96227,2256354945,13,0,0,14848,13,2368320925
9185,2256259590,41454,2256301044,2,0,1,15360,2,3374858422
9186,2256277589,25860,2256303449,16,0,1,10752,16,2342650225
9187,2256283993,24154,2256308147,17,0,1,5632,17,10129639989
9188,2256315373,4374,2256319747,9,0,1,4608,9,6624771396
9189,2256346839,11044,2256357883,23,0,1,3072,23,1417926577
9190,2256356371,132671,2256489042,15,0,0,70144,15,7913438566
9191,2256395131,15631,2256410762,25,0,1,6144,25,1774285219
9192,2256413077,83207,2256496284,28,0,0,2048,28,6745245875
9193,2256429891,4850,2256434741,23,0,1,5120,23,7792418784
9194,2256438895,172482,2256611377,21,0,0,1536,21,7647102651
9195,2256459105,29952,2256489057,1,0,1,5120,1,6302920591
9196,2256493295,103376,2256596671,27,0,0,39424,27,7538384295
9197,2256497320,2946,2256500266,3,0,1,3072,3,9237195491
9198,2256504904,1994,2256506898,7,0,1,2048,7,1871832954
9199,2256512221,2470,2256514691,17,0,1,2560,17,10227935241
9200,2256564855,566,2256565421,5,0,1,512,5,7332993237
9201,2256573371,566,2256573937,9,0,1,512,9,7041549684
9202,2256619582,5712,2256625294,7,0,1,14336,7,5505888378
9203,2256629224,13253,2256642477,4,0,1,25600,4,5448235119
9204,2256671137,6488,2256677625,21,0,1,15872,21,7054049091
9205,2256750560,3898,2256754458,10,0,1,4096,10,5753065885
9206,2256779878,5326,2256785204,17,0,1,5632,17,7224915766
9207,2256798272,97932,2256896204,27,0,0,17408,27,2519631750
9208,2256799501,86869,2256886370,23,0,0,9216,23,9625608530
9209,2256863150,3898,2256867048,9,0,1,4096,9,2163715627
9210,2256876415,192336,2257068751,2,0,0,101888,2,5784400373
9211,2256876881,212960,2257089841,28,0,0,68096,28,174490408
9212,2256924565,178422,2257102987,2,0,0,20992,2,9459083541
9213,2256932915,2470,2256935385,13,0,1,2560,13,6281760480
9214,2256936917,1518,2256938435,1,0,1,1536,1,10558930513
9215,2256961595,107483,2257069078,19,0,0,1024,19,5347486830
9216,2256962359,4374,2256966733,9,0,1,4608,9,1837056484
9217,2257008409,5326,2257013735,1,0,1,5632,1,8766469945
9218,2257012045,82507,2257094552,4,0,0,15360,4,945718959
9219,2257061121,194183,2257255304,28,0,0,135680,28,7987786485
9220,2257075149,19928,2257095077,12,0,1,512,12,7054137182
9221,2257102354,3571,2257105925,16,0,1,3072,16,3363499702
9222,2257103340,100165,2257203505,26,0,0,7680,26,555475451
9223,2257103568,192518,2257296086,2,0,0,41472,2,5870292259
9224,2257114792,168627,2257283419,23,0,0,41984,23,4739667390
9225,2257174344,125345,2257299689,6,0,0,11776,6,6065683952
9226,2257180792,75018,2257255810,9,0,0,1536,9,7044362083
9227,2257211780,43539,2257255319,5,0,1,4096,5,10466556125
9228,2257224371,76536,2257300907,3,0,0,1024,3,2676567091
9229,2257244783,11602,2257256385,16,0,1,512,16,1470358156
9230,2257251883,186491,2257438374,12,0,0,1024,12,3995593315
9231,2257260965,4850,2257265815,7,0,1,5120,7,5294990746
9232,2257269240,72004,2257341244,4,0,0,1536,4,10355786706
9233,2257271813,114300,2257386113,29,0,0,2560,29,3461842669
9234,2257273730,58686,2257332416,3,0,0,2048,3,3669962683
9235,2257304562,1518,2257306080,13,0,1,1536,13,2092301059
9236,2257322951,2470,2257325421,20,0,1,2560,20,2508389337
9237,2257334657,189136,2257523793,21,0,0,46080,21,758784031
9238,2257335441,66658,2257402099,7,0,0,1024,7,3652825358
9239,2257340800,161591,2257502391,16,0,0,66048,16,7253046901
9240,2257344361,3645,2257348006,29,0,1,10240,29,5995461094
9241,2257360661,149077,2257509738,21,0,0,24064,21,9440071992
9242,2257370728,3898,2257374626,23,0,1,4096,23,3804429530
9243,2257439688,148497,2257588185,9,0,0,2560,9,1853788990
9244,2257456541,67743,2257524284,22,0,0,1536,22,1486047835
9245,2257457024,161617,2257618641,17,0,0,11776,17,6053703355
9246,2257517783,10834,2257528617,26,0,1,4608,26,2662387254
9247,2257535986,6488,2257542474,27,0,1,15872,27,7082022249
9248,2257576380,59132,2257635512,4,0,0,5120,4,10278448901
9249,2257636540,10757,2257647297,11,0,1,17408,11,1533063697
9250,2257658911,127094,2257786005,24,0,0,76288,24,1791261438
9251,2257684700,5326,2257690026,3,0,1,5632,3,5255496515
9252,2257729357,88479,2257817836,27,0,0,1536,27,10217149262
9253,2257731783,16354,2257748137,7,0,1,31744,7,4380382352
9254,2257732806,108330,2257841136,25,0,0,27136,25,1723692501
9255,2257735216,13267,2257748483,16,0,1,512,16,620116176
9256,2257752222,317458,2258069680,12,0,0,37376,12,6393785742
9257,2257759662,451862,2258211524,28,0,0,187904,28,968818222
9258,2257768751,22113,2257790864,7,0,1,5120,7,282067729
9259,2257782381,275896,2258058277,28,0,0,79872,28,1187268428
9260,2257800797,353460,2258154257,23,0,0,114176,23,7163338192
9261,2257816430,6754,2257823184,7,0,1,7168,7,873752179
9262,2257838400,4263,2257842663,13,0,1,1536,13,7805936241
9263,2257840552,117308,2257957860,6,0,0,9728,6,5438154226
9264,2257876897,157029,2258033926,10,0,0,54272,10,6515307791
9265,2257877556,566,2257878122,9,0,1,512,9,4051839615
9266,2257911395,161298,2258072693,7,0,0,512,7,8927476098
9267,2257989574,5454,2257995028,23,0,1,13824,23,5945488363
9268,2258065895,7199,2258073094,23,0,1,3584,23,5567900492
9269,2258115719,138098,2258253817,20,0,0,35328,20,5223550570
9270,2258116021,127017,2258243038,29,0,0,53760,29,6891014293
9271,2258126932,269753,2258396685,5,0,0,64512,5,4930328898
9272,2258131775,150142,2258281917,4,0,0,11776,4,6372750349
9273,2258139845,76162,2258216007,21,0,1,4608,21,906469334
9274,2258147990,209053,2258357043,23,0,0,40448,23,3721914318
9275,2258155055,63178,2258218233,25,0,1,13312,25,491074969
9276,2258193847,204569,2258398416,28,0,0,5632,28,7383124886
9277,2258213108,204355,2258417463,0,0,0,62464,0,3861383790
9278,2258254875,167283,2258422158,1,0,0,15360,1,3002905323
9279,2258256588,5326,2258261914,22,0,1,5632,22,3891589290
9280,2258272304,159295,2258431599,26,0,0,1536,26,9064740775
9281,2258283141,190276,2258473417,7,0,0,512,7,2581060139
9282,2258305584,1518,2258307102,26,0,1,1536,26,8819005822
9283,2258315179,10241,2258325420,2,0,1,16384,2,5297408967
9284,2258332487,140759,2258473246,6,0,0,96256,6,6998763951
9285,2258425875,56784,2258482659,17,0,0,512,17,7680186129
9286,2258447022,71952,2258518974,17,0,0,512,17,2877511658
9287,2258473658,4374,2258478032,12,0,1,4608,12,4704725798
9288,2258489112,566,2258489678,25,0,1,512,25,642464899
9289,2258489351,76052,2258565403,1,0,0,10240,1,1378403786
9290,2258491439,63743,2258555182,19,0,0,1024,19,9077811259
9291,2258504589,70699,2258575288,9,0,0,512,9,7846785267
9292,2258530894,52364,2258583258,3,0,0,3072,3,8932922148
9293,2258532855,6278,2258539133,21,0,1,6656,21,6725325426
9294,2258637656,45596,2258683252,3,0,0,1024,3,9387335060
9295,2258662522,103206,2258765728,16,0,0,32768,16,7507130258
9296,2258664380,52364,2258716744,5,0,0,3072,5,6709035111
9297,2258676659,3898,2258680557,17,0,1,4096,17,8508525105
9298,2258678397,109221,2258787618,29,0,0,19968,29,4031580353
9299,2258680789,107320,2258788109,0,0,0,1536,0,5728838099
9300,2258680911,5971,2258686882,22,0,1,14848,22,7033565766
9301,2258695208,58043,2258753251,17,0,0,2048,17,7551240491
9302,2258702735,90942,2258793677,18,0,0,12800,18,1364303880
9303,2258705779,6754,2258712533,28,0,1,7168,28,794016163
9304,2258710225,3294,2258713519,19,0,1,1536,19,6931041102
9305,2258717110,126254,2258843364,1,0,0,10240,1,1341713353
9306,2258745183,240418,2258985601,13,0,0,38400,13,8375985948
9307,2258756586,13313,2258769899,28,0,1,11264,28,6849237816
9308,2258761296,95478,2258856774,1,0,0,12800,1,5322271605
9309,2258785687,74922,2258860609,28,0,1,117760,28,6110644974
9310,2258789043,75752,2258864795,26,0,1,6656,26,1713866851
9311,2258819712,54990,2258874702,22,0,0,2560,22,5472336076
9312,2258834618,153338,2258987956,10,0,0,7680,10,7276635659
9313,2258852432,13669,2258866101,10,0,1,2048,10,5856743596
9314,2258854559,196474,2259051033,10,0,0,7680,10,9976938021
9315,2258863882,47444,2258911326,7,0,0,2048,7,6593290586
9316,2258932035,3645,2258935680,22,0,1,10240,22,5014437996
9317,2258971935,45596,2259017531,19,0,0,1024,19,6846482898
9318,2258991535,63966,2259055501,28,0,1,104448,28,9803981914
9319,2259009326,72514,2259081840,23,0,0,3584,23,3611943947
9320,2259034215,225862,2259260077,20,0,0,142336,20,5349968204
9321,2259057233,159445,2259216678,12,0,0,56832,12,6287249344
9322,2259059249,339983,2259399232,10,0,0,86528,10,9078953134
9323,2259086648,224470,2259311118,2,0,0,18944,2,10264445751
9324,2259087076,1994,2259089070,4,0,1,2048,4,5993463390
9325,2259142939,1518,2259144457,2,0,1,1536,2,3688310260
9326,2259206926,56532,2259263458,15,0,1,3584,15,9287276923
9327,2259208045,58639,2259266684,27,0,1,5120,27,6177240820
9328,2259244852,22498,2259267350,19,0,1,1024,19,5105408326
9329,2259249322,237913,2259487235,5,0,0,57344,5,443947703
9330,2259251172,23436,2259274608,11,0,1,18944,11,2753386150
9331,2259266974,189187,2259456161,5,0,0,8192,5,5192993093
9332,2259272000,230382,2259502382,15,0,0,49664,15,3577920219
9333,2259299355,2946,2259302301,19,0,1,3072,19,2288370322
9334,2259309313,247195,2259556508,24,0,0,44032,24,4664687558
9335,2259343170,126578,2259469748,29,0,0,44544,29,3794196599
9336,2259347578,1042,2259348620,23,0,1,1024,23,9950270417
9337,2259366946,32301,2259399247,2,0,1,7168,2,1572051467
9338,2259389289,24512,2259413801,11,0,1,28160,11,2950022269
9339,2259393785,21962,2259415747,28,0,1,3072,28,4926578090
9340,2259419660,5802,2259425462,2,0,1,6144,2,8321791814
9341,2259490824,199395,2259690219,0,0,0,33280,0,27102777
9342,2259492680,127518,2259620198,15,0,0,25088,15,8161251798
9343,2259507385,4850,2259512235,5,0,1,5120,5,1248061721
9344,2259524563,139118,2259663681,19,0,0,512,19,4798781217
9345,2259571791,145512,2259717303,13,0,0,11264,13,5888886341
9346,2259573784,1994,2259575778,28,0,1,2048,28,7090549956
9347,2259595889,56459,2259652348,13,0,0,3584,13,98078371
9348,2259637667,1042,2259638709,7,0,1,1024,7,9752197619
9349,2259640171,54056,2259694227,15,0,0,3584,15,7375351940
9350,2259642304,63956,2259706260,26,0,0,512,26,2466863881
9351,2259643875,129744,2259773619,0,0,0,12288,0,9493062629
9352,2259669577,3422,2259672999,19,0,1,3584,19,4267381726
9353,2259686317,6364,2259692681,20,0,1,2560,20,7630415729
9354,2259692237,44746,2259736983,19,0,0,512,19,1043073205
9355,2259692335,48980,2259741315,22,0,0,2048,22,7709037409
9356,2259694281,150194,2259844475,24,0,0,16384,24,4241800209
9357,2259707841,155407,2259863248,1,0,0,27648,1,5063990250
9358,2259733673,3645,2259737318,16,0,1,10240,16,8648674976
9359,2259763901,566,2259764467,25,0,1,512,25,2918701989
9360,2259777179,3904,2259781083,15,0,1,10752,15,6490193720
9361,2259829950,566,2259830516,27,0,1,512,27,3895633430
9362,2259833867,1518,2259835385,3,0,1,1536,3,7418439252
9363,2259841825,3701,2259845526,29,0,1,1024,29,9653148221
9364,2259842989,5705,2259848694,4,0,1,4096,4,8894390076
9365,2259873136,14029,2259887165,22,0,1,27136,22,6902357924
9366,2259877003,13388,2259890391,10,0,1,5120,10,3275630985
9367,2259887428,4909,2259892337,23,0,1,3072,23,9146364887
9368,2259889528,13600,2259903128,1,0,1,23040,1,7196942973
9369,2259893266,13728,2259906994,10,0,1,6144,10,7700075806
9370,2259900597,6756,2259907353,11,0,1,9728,11,1552712940
9371,2259923834,341564,2260265398,13,0,0,37376,13,7373959411
9372,2259928512,1042,2259929554,20,0,1,1024,20,913306735
9373,2259929354,114801,2260044155,3,0,0,2560,3,1208714364
9374,2259943006,1518,2259944524,4,0,1,1536,4,221022386
9375,2259948832,182282,2260131114,17,0,0,73728,17,9374766538
9376,2259966143,167334,2260133477,25,0,0,7680,25,1735657631
9377,2259970826,51327,2260022153,13,0,0,2048,13,9371907718
9378,2259996106,1518,2259997624,23,0,1,1536,23,467052359
9379,2259999106,254881,2260253987,10,0,0,73728,10,3510425572
9380,2259999995,7230,2260007225,9,0,1,7680,9,875311890
9381,2260067009,1518,2260068527,25,0,1,1536,25,4005946611
9382,2260068903,3128,2260072031,12,0,1,9216,12,6301853906
9383,2260103784,2470,2260106254,12,0,1,2560,12,76152130
9384,2260110409,29305,2260139714,16,0,1,6656,16,4990537030
9385,2260142853,187649,2260330502,16,0,0,33280,16,1290253327
9386,2260149328,315682,2260465010,10,0,0,32256,10,407348004
9387,2260150976,159117,2260310093,24,0,0,55808,24,4037299038
9388,2260171961,5802,2260177763,7,0,1,6144,7,5816454636
9389,2260173673,97849,2260271522,4,0,0,1024,4,4127221807
9390,2260180713,230282,2260410995,19,0,0,512,19,2682562678
9391,2260198354,144730,2260343084,6,0,0,23040,6,5374891162
9392,2260199351,211449,2260410800,28,0,0,83968,28,3523435124
9393,2260202234,263103,2260465337,9,0,0,1024,9,5596965427
9394,2260219616,10499,2260230115,25,0,1,16896,25,6218590742
9395,2260236544,95377,2260331921,25,0,0,4608,25,2084004962
9396,2260250279,204873,2260455152,18,0,0,78848,18,8706282967
9397,2260257766,9643,2260267409,9,0,1,2048,9,2996634556
9398,2260292311,192331,2260484642,3,0,0,2560,3,2111971614
9399,2260293259,22538,2260315797,17,0,1,14336,17,9525537823
9400,2260346924,2470,2260349394,10,0,1,2560,10,9476273237
9401,2260353822,11016,2260364838,4,0,1,17920,4,10127822151
9402,2260385357,31875,2260417232,19,0,1,6656,19,715063805
9403,2260386604,200638,2260587242,21,0,0,2560,21,3577966207
9404,2260386853,91201,2260478054,2,0,0,6144,2,9416570146
9405,2260413202,99164,2260512366,28,0,0,25600,28,6201074891
9406,2260413277,125849,2260539126,9,0,0,512,9,1395471196
9407,2260416231,2947,2260419178,21,0,1,3072,21,6728800966
9408,2260421992,33175,2260455167,22,0,1,18944,22,6445843316
9409,2260429883,259214,2260689097,0,0,0,92160,0,6314227415
9410,2260441446,274573,2260716019,17,0,0,28160,17,2087501637
9411,2260470259,1042,2260471301,29,0,1,1024,29,10282919596
9412,2260473074,217286,2260690360,0,0,0,4096,0,5794756167
9413,2260482336,154441,2260636777,28,0,0,6144,28,5798685006
9414,2260492599,199180,2260691779,10,0,0,4608,10,10050611300
9415,2260495256,566,2260495822,13,0,1,512,13,938180160
9416,2260505693,9611,2260515304,15,0,1,3072,15,2923635923
9417,2260551743,1042,2260552785,17,0,1,1024,17,6398783279
9418,2260560744,186749,2260747493,23,0,0,63488,23,4887098266
9419,2260586040,205213,2260791253,12,0,0,47104,12,6388046352
9420,2260623255,2946,2260626201,22,0,1,3072,22,3669893387
9421,2260645766,3898,2260649664,16,0,1,4096,16,2632764618
9422,2260697668,18366,2260716034,17,0,1,17920,17,9406854437
9423,2260699655,16394,2260716049,20,0,1,1024,20,337407914
9424,2260749584,91494,2260841078,26,0,0,512,26,6828437454
9425,2260812060,48980,2260861040,7,0,0,2048,7,8916465509
9426,2260820897,164821,2260985718,16,0,0,20992,16,2381624677
9427,2260838397,4374,2260842771,20,0,1,4608,20,3772665564
9428,2260843571,1994,2260845565,12,0,1,2048,12,7459608021
9429,2260880466,239815,2261120281,16,0,0,15360,16,7584197466
9430,2260884470,85784,2260970254,16,0,0,22016,16,5511447019
9431,2260897204,4374,2260901578,17,0,1,4608,17,2414810217
9432,2260931412,100962,2261032374,22,0,0,512,22,4364340132
9433,2260950506,1518,2260952024,29,0,1,1536,29,6075631432
9434,2260991914,108212,2261100126,29,0,0,55296,29,1442264559
9435,2260999156,2946,2261002102,21,0,1,3072,21,5459659910
9436,2261029603,1518,2261031121,4,0,1,1536,4,7680206321
9437,2261076190,1518,2261077708,20,0,1,1536,20,5309347583
9438,2261092434,53280,2261145714,19,0,0,1024,19,8366831085
9439,2261110978,104667,2261215645,4,0,0,28672,4,54142350
9440,2261120797,48299,2261169096,19,0,0,1024,19,1407788028
9441,2261121722,2470,2261124192,29,0,1,2560,29,1702199144
9442,2261124772,3898,2261128670,25,0,1,4096,25,2506542596
9443,2261142458,95600,2261238058,25,0,0,18944,25,5102387736
9444,2261152480,152568,2261305048,15,0,0,15872,15,6250376733
9445,2261158180,3422,2261161602,10,0,1,3584,10,5217185680
9446,2261180941,43904,2261224845,9,0,0,512,9,9882864623
9447,2261216081,65893,2261281974,5,0,0,5632,5,612388319
9448,2261221965,3898,2261225863,17,0,1,4096,17,3512871759
9449,2261225204,98758,2261323962,25,0,0,17408,25,3154779606
9450,2261248713,5326,2261254039,22,0,1,5632,22,10489551603
9451,2261261199,566,2261261765,23,0,1,512,23,2555336834
9452,2261273860,1994,2261275854,19,0,1,2048,19,2792021119
9453,2261275271,49026,2261324297,26,0,0,1024,26,861786958
9454,2261308913,85004,2261393917,25,0,0,12800,25,4435134943
9455,2261312691,1042,2261313733,4,0,1,1024,4,7136439636
9456,2261313079,4937,2261318016,25,0,1,12800,25,1432095506
9457,2261319029,91292,2261410321,24,0,0,6144,24,7943943148
9458,2261334277,126031,2261460308,12,0,0,1536,12,2378848756
9459,2261340916,1994,2261342910,12,0,1,2048,12,10135877031
9460,2261349773,6278,2261356051,15,0,1,6656,15,6655818118
9461,2261359623,2470,2261362093,16,0,1,2560,16,6220753799
9462,2261367596,3128,2261370724,14,0,1,9216,14,7627871708
9463,2261394596,99944,2261494540,24,0,0,28160,24,9814324015
9464,2261396731,181633,2261578364,28,0,0,17408,28,2233360839
9465,2261443400,5326,2261448726,7,0,1,5632,7,7320340326
9466,2261447867,2946,2261450813,22,0,1,3072,22,1108155729
9467,2261462480,6278,2261468758,23,0,1,6656,23,2152789748
9468,2261473914,132297,2261606211,10,0,0,8704,10,5295055160
9469,2261487427,91420,2261578847,22,0,0,1536,22,7718285768
9470,2261488140,206374,2261694514,23,0,0,1536,23,8629261733
9471,2261501412,5802,2261507214,5,0,1,6144,5,4655669383
9472,2261513347,46406,2261559753,22,0,0,512,22,4667842460
9473,2261541014,97663,2261638677,1,0,0,13312,1,7228819978
9474,2261548978,1518,2261550496,11,0,1,1536,11,2953411677
9475,2261551375,3128,2261554503,21,0,1,9216,21,3045366133
9476,2261566083,139874,2261705957,7,0,0,1536,7,323139417
9477,2261586402,107629,2261694031,0,0,0,31232,0,8596981400
9478,2261595429,213816,2261809245,2,0,0,87552,2,6224536110
9479,2261607558,97916,2261705474,15,0,0,21504,15,6518259418
9480,2261617626,10757,2261628383,23,0,1,17408,23,10260363772
9481,2261630047,1042,2261631089,10,0,1,1024,10,2662501649
9482,2261634684,184560,2261819244,6,0,0,32768,6,5588201479
9483,2261635926,5913,2261641839,23,0,1,9216,23,6771580881
9484,2261638263,226981,2261865244,24,0,0,46592,24,8358038351
9485,2261744507,6754,2261751261,2,0,1,7168,2,4838121429
9486,2261765035,111399,2261876434,3,0,0,1536,3,9976613469
9487,2261808133,146235,2261954368,6,0,0,39424,6,3797872738
9488,2261878883,111354,2261990237,1,0,0,25600,1,9383123494
9489,2261894713,7706,2261902419,25,0,1,8192,25,9776638530
9490,2261895959,111689,2262007648,15,0,0,20480,15,8725365905
9491,2261912263,4937,2261917200,16,0,1,12800,16,9844120813
9492,2261922422,239167,2262161589,24,0,0,80384,24,2926374143
9493,2261927681,3422,2261931103,23,0,1,3584,23,3378834654
9494,2261934672,1042,2261935714,22,0,1,1024,22,4135135784
9495,2261953093,108777,2262061870,7,0,0,512,7,324600144
9496,2261969046,141502,2262110548,2,0,0,8704,2,318707948
9497,2261990525,566,2261991091,3,0,1,512,3,2906606030
9498,2262004051,340905,2262344956,21,0,0,47616,21,4224882600
9499,2262070064,3898,2262073962,10,0,1,4096,10,9641075845
9500,2262081255,116480,2262197735,6,0,0,82432,6,3932864086
9501,2262113580,5802,2262119382,28,0,1,6144,28,1756341115
9502,2262117061,132603,2262249664,13,0,0,49664,13,3049955790
9503,2262128313,566,2262128879,12,0,1,512,12,7158288603
9504,2262134107,179638,2262313745,1,0,0,2048,1,6863199963
9505,2262142819,170272,2262313091,16,0,0,35328,16,181611139
9506,2262189132,93856,2262282988,12,0,0,512,12,1118823464
9507,2262194125,55710,2262249835,19,0,0,512,19,9601588988
9508,2262195341,189971,2262385312,15,0,0,28672,15,9979152029
9509,2262198375,3422,2262201797,2,0,1,3584,2,5268148490
9510,2262253052,1994,2262255046,15,0,1,2048,15,328422813
9511,2262271155,130231,2262401386,15,0,0,19968,15,5223772226
9512,2262300384,12722,2262313106,29,0,1,3072,29,925755456
9513,2262318428,162145,2262480573,18,0,0,15360,18,8830116238
9514,2262359650,3898,2262363548,11,0,1,4096,11,6104923854
9515,2262367966,6278,2262374244,27,0,1,6656,27,6474459035
9516,2262375558,160121,2262535679,7,0,0,512,7,6560840603
9517,2262376009,60567,2262436576,12,0,0,1024,12,7742837734
9518,2262395778,6659,2262402437,20,0,1,1024,20,6609692319
9519,2262400162,225990,2262626152,18,0,0,97280,18,10717444193
9520,2262435095,118434,2262553529,17,0,0,14848,17,5341735175
9521,2262516880,59132,2262576012,0,0,0,5120,0,2947848579
9522,2262521893,11016,2262532909,1,0,1,17920,1,5902619589
9523,2262555059,202712,2262757771,15,0,0,8704,15,5985934380
9524,2262558651,4374,2262563025,23,0,1,4608,23,6503614381
9525,2262559589,202172,2262761761,12,0,0,512,12,3867125013
9526,2262567719,91057,2262658776,18,0,0,17408,18,5165319540
9527,2262578583,1042,2262579625,22,0,1,1024,22,6772649934
9528,2262583901,203418,2262787319,27,0,0,72192,27,8701288999
9529,2262588149,238911,2262827060,16,0,0,73216,16,3668811401
9530,2262606416,102201,2262708617,12,0,0,1536,12,9550866374
9531,2262609111,140008,2262749119,23,0,0,30720,23,8726851833
9532,2262622692,84233,2262706925,3,0,0,1024,3,3348893349
9533,2262683947,2946,2262686893,22,0,1,3072,22,8834033139
9534,2262709037,2946,2262711983,23,0,1,3072,23,2389250378
9535,2262727249,161137,2262888386,24,0,0,41472,24,9386179751
9536,2262749302,1994,2262751296,4,0,1,2048,4,7769784891
9537,2262758749,86672,2262845421,27,0,0,14848,27,5783271195
9538,2262771219,167484,2262938703,24,0,0,82944,24,6045010943
9539,2262791353,4162,2262795515,16,0,1,11264,16,1942699212
9540,2262821315,8207,2262829522,26,0,1,2560,26,4784513439
9541,2262827854,2974,2262830828,5,0,1,2048,5,2720791511
9542,2262843079,57598,2262900677,19,0,0,512,19,4008987532
9543,2262857157,81725,2262938882,19,0,0,512,19,1287011593
9544,2262907936,1994,2262909930,9,0,1,2048,9,3920918682
9545,2262930237,10147,2262940384,7,0,1,1536,7,63034988
9546,2262936869,4821,2262941690,12,0,1,2048,12,6983468145
9547,2262947049,566,2262947615,5,0,1,512,5,265590189
9548,2262950462,186395,2263136857,15,0,0,99840,15,9900049126
9549,2262981359,179144,2263160503,2,0,0,25088,2,669966224
9550,2262991851,145489,2263137340,12,0,0,1536,12,544439001
9551,2263014107,208622,2263222729,25,0,0,21504,25,10319647872
9552,2263030412,134318,2263164730,23,0,0,13824,23,2532658757
9553,2263039398,102793,2263142191,6,0,0,15872,6,866047962
9554,2263052783,4374,2263057157,20,0,1,4608,20,8601554666
9555,2263053479,89819,2263143298,19,0,0,3584,19,4676857448
9556,2263065778,3904,2263069682,1,0,1,10752,1,7317268938
9557,2263073799,6754,2263080553,15,0,1,7168,15,2022550824
9558,2263082829,104129,2263186958,28,0,0,9728,28,253462092
9559,2263084964,216892,2263301856,0,0,0,41472,0,10347862260
9560,2263092839,2946,2263095785,29,0,1,3072,29,10633072275
9561,2263094577,297695,2263392272,15,0,0,79360,15,9029877492
9562,2263131196,181907,2263313103,15,0,0,36864,15,8613576285
9563,2263131709,113378,2263245087,21,0,0,1536,21,9258936748
9564,2263133116,137739,2263270855,16,0,0,7168,16,2897292211
9565,2263136529,7878,2263144407,22,0,1,1024,22,919591515
9566,2263202758,195925,2263398683,2,0,0,20992,2,5013318709
9567,2263239234,183531,2263422765,7,0,0,512,7,7020966145
9568,2263240261,73793,2263314054,15,0,0,3072,15,5687820110
9569,2263261664,5454,2263267118,5,0,1,13824,5,4938213616
9570,2263278606,175016,2263453622,1,0,0,48640,1,987745795
9571,2263280755,195348,2263476103,20,0,0,19968,20,3192144668
9572,2263342349,3645,2263345994,15,0,1,10240,15,1515680463
9573,2263369677,122338,2263492015,21,0,0,6656,21,2200803619
9574,2263408143,45650,2263453793,19,0,0,512,19,607458773
9575,2263454503,80028,2263534531,18,0,0,12800,18,5168753627
9576,2263459647,110396,2263570043,17,0,0,62464,17,2436254287
9577,2263470959,7606,2263478565,10,0,1,2560,10,9065467379
9578,2263514129,566,2263514695,3,0,1,512,3,10249574185
9579,2263554553,120541,2263675094,3,0,0,512,3,9406264385
9580,2263572349,91484,2263663833,21,0,0,25600,21,9093401573
9581,2263582038,140336,2263722374,1,0,0,48640,1,2980815640
9582,2263587809,2470,2263590279,1,0,1,2560,1,9289009051
9583,2263621791,1042,2263622833,14,0,1,1024,14,10181276488
9584,2263638546,2470,2263641016,26,0,1,2560,26,5056704993
9585,2263656856,12681,2263669537,28,0,1,14336,28,6581759582
9586,2263710631,228253,2263938884,5,0,0,182784,5,4231442219
9587,2263720440,6342,2263726782,9,0,1,4608,9,2456813846
9588,2263721742,149564,2263871306,28,0,0,27648,28,2857604076
9589,2263734923,209756,2263944679,24,0,0,18944,24,2869056622
9590,2263755556,1518,2263757074,9,0,1,1536,9,8511546516
9591,2263764554,195592,2263960146,20,0,0,50688,20,2211025878
9592,2263784747,1518,2263786265,15,0,1,1536,15,6514394371
9593,2263799171,210843,2264010014,21,0,0,47104,21,3587414571
9594,2263805449,160046,2263965495,18,0,0,512,18,6209673192
9595,2263813524,152166,2263965690,19,0,0,512,19,255102688
9596,2263815369,216023,2264031392,29,0,0,45568,29,8930211805
9597,2263831490,133195,2263964685,15,0,0,14848,15,9516753481
9598,2263839012,202190,2264041202,9,0,0,1024,9,6963113000
9599,2263843770,150638,2263994408,21,0,0,19968,21,304241035
9600,2263851978,113346,2263965324,7,0,0,2048,7,3137780437
9601,2263867561,5255,2263872816,12,0,1,1536,12,4427640669
9602,2263908380,60227,2263968607,3,0,1,9216,3,5419634550
9603,2263917230,54003,2263971233,16,0,1,3072,16,7762691349
9604,2263937627,35552,2263973179,28,0,1,3072,28,835127149
9605,2264009694,4686,2264014380,10,0,1,4608,10,5931119631
9606,2264039206,53410,2264092616,7,0,0,512,7,3284300976
9607,2264040858,6581,2264047439,27,0,1,6656,27,8882496737
9608,2264110287,128517,2264238804,16,0,0,62976,16,318686002
9609,2264126372,5802,2264132174,25,0,1,6144,25,10646059249
9610,2264134975,259098,2264394073,18,0,0,14336,18,3868098997
9611,2264140963,3645,2264144608,27,0,1,10240,27,459219929
9612,2264147445,242237,2264389682,4,0,0,64000,4,7195539563
9613,2264158835,211332,2264370167,29,0,0,87040,29,9698416688
9614,2264166155,10757,2264176912,9,0,1,17408,9,9333680253
9615,2264208746,7706,2264216452,13,0,1,8192,13,10012133788
9616,2264227774,17300,2264245074,7,0,1,6656,7,8047995994
9617,2264239518,228894,2264468412,12,0,0,1024,12,8703981978
9618,2264244405,5802,2264250207,27,0,1,6144,27,8553787295
9619,2264258064,1518,2264259582,14,0,1,1536,14,1252845767
9620,2264267663,301922,2264569585,25,0,0,158720,25,645910139
9621,2264276958,323010,2264599968,7,0,0,2048,7,3453921181
9622,2264282857,125802,2264408659,12,0,0,1024,12,5846300528
9623,2264286850,5454,2264292304,14,0,1,13824,14,9148853878
9624,2264311796,137846,2264449642,17,0,0,12288,17,7683517689
9625,2264338821,4374,2264343195,20,0,1,4608,20,5978214121
9626,2264360771,39539,2264400310,16,0,1,6656,16,3242210921
9627,2264403510,2946,2264406456,27,0,1,3072,27,5076603090
9628,2264421240,99970,2264521210,23,0,0,28160,23,5478517575
9629,2264459503,192036,2264651539,28,0,0,29184,28,85257055
9630,2264466147,119748,2264585895,24,0,0,29184,24,2751721536
9631,2264473769,103187,2264576956,29,0,0,24064,29,61369860
9632,2264525884,60034,2264585918,7,0,1,9728,7,9855399441
9633,2264526044,59889,2264585933,25,0,1,4608,25,9799541250
9634,2264540601,147835,2264688436,28,0,0,66048,28,2647948203
9635,2264559128,234164,2264793292,15,0,0,87552,15,4071410410
9636,2264563496,199843,2264763339,10,0,0,109056,10,4800654720
9637,2264576935,247473,2264824408,1,0,0,3584,1,9922986228
9638,2264597059,268612,2264865671,4,0,0,5632,4,1575858414
9639,2264606757,188601,2264795358,1,0,0,6656,1,600083920
9640,2264619145,200421,2264819566,1,0,0,16384,1,10297197549
9641,2264621468,4850,2264626318,5,0,1,5120,5,8611668554
9642,2264635091,1042,2264636133,11,0,1,1024,11,6711326186
9643,2264655056,261919,2264916975,13,0,0,19456,13,850427119
9644,2264723692,1518,2264725210,4,0,1,1536,4,1498322407
9645,2264727166,1042,2264728208,5,0,1,1024,5,8136243845
9646,2264728010,35344,2264763354,28,0,1,3072,28,7428546148
9647,2264736660,129338,2264865998,26,0,0,1024,26,493229644
9648,2264748110,45197,2264793307,4,0,1,4096,4,6684660946
9649,2264779607,21512,2264801119,2,0,1,6144,2,2391766500
9650,2264817349,5337,2264822686,12,0,1,9216,12,4615220212
9651,2264827591,2470,2264830061,26,0,1,2560,26,2658834572
9652,2264859599,171322,2265030921,21,0,0,9728,21,3462044533
9653,2264865143,6190,2264871333,4,0,1,5632,4,2171796248
9654,2264865550,91685,2264957235,25,0,0,8192,25,9965501268
9655,2264867497,84062,2264951559,6,0,0,9728,6,752242689
9656,2264876617,2946,2264879563,4,0,1,3072,4,10343328073
9657,2264877807,177473,2265055280,15,0,0,5632,15,7265516879
9658,2264908637,45596,2264954233,3,0,0,1024,3,5216787906
9659,2264922457,45596,2264968053,26,0,0,1024,26,1491976524
9660,2264968110,5802,2264973912,1,0,1,6144,1,8981777950
9661,2264969976,4922,2264974898,12,0,1,1536,12,2363968147
9662,2265024656,43904,2265068560,12,0,0,512,12,8153769946
9663,2265069235,101395,2265170630,19,0,0,512,19,4561645668
9664,2265094243,113284,2265207527,12,0,0,2048,12,2454527219
9665,2265095229,101660,2265196889,17,0,0,33792,17,2032528825
9666,2265098361,1042,2265099403,9,0,1,1024,9,2064951250
9667,2265153449,1994,2265155443,23,0,1,2048,23,1239557342
9668,2265172264,50672,2265222936,10,0,0,2560,10,2114410777
9669,2265187948,11420,2265199368,1,0,1,2560,1,8660003803
9670,2265195316,45494,2265240810,19,0,0,512,19,3032835673
9671,2265248275,1994,2265250269,23,0,1,2048,23,7220734076
9672,2265279315,6229,2265285544,22,0,1,15360,22,5115735800
9673,2265296796,3387,2265300183,11,0,1,9728,11,6407650700
9674,2265311299,63922,2265375221,23,0,0,2048,23,8625775760
9675,2265337794,50876,2265388670,19,0,0,1024,19,3609395655
9676,2265371789,11274,2265383063,22,0,1,18432,22,1004552972
9677,2265399613,5454,2265405067,13,0,1,13824,13,3850042677
9678,2265399632,131582,2265531214,4,0,0,102912,4,2475646167
9679,2265402524,7653,2265410177,1,0,1,6656,1,7024853514
9680,2265439207,7706,2265446913,14,0,1,8192,14,6395820700
9681,2265440365,10734,2265451099,26,0,1,6656,26,4899661952
9682,2265443460,211506,2265654966,9,0,0,1024,9,1971198735
9683,2265474281,116196,2265590477,13,0,0,12800,13,6428747837
9684,2265522977,10240,2265533217,3,0,1,2048,3,2906786947
9685,2265524507,213639,2265738146,17,0,0,74240,17,8807310292
9686,2265538546,86911,2265625457,20,0,0,13312,20,1469596080
9687,2265549672,4374,2265554046,9,0,1,4608,9,3063848703
9688,2265569952,1518,2265571470,22,0,1,1536,22,61821015
9689,2265570326,5469,2265575795,29,0,1,5632,29,3032964787
9690,2265570993,7068,2265578061,12,0,1,3584,12,551915677
9691,2265600417,5802,2265606219,19,0,1,6144,19,82381386
9692,2265612370,267052,2265879422,15,0,0,182784,15,2064974675
9693,2265639013,6229,2265645242,4,0,1,15360,4,1096458504
9694,2265651929,4374,2265656303,11,0,1,4608,11,8704000918
9695,2265656147,1994,2265658141,29,0,1,2048,29,5856344237
9696,2265663925,4374,2265668299,5,0,1,4608,5,9139332874
9697,2265666260,235464,2265901724,23,0,0,17920,23,5159829563
9698,2265667268,3898,2265671166,21,0,1,4096,21,9832882943
9699,2265744407,7706,2265752113,13,0,1,8192,13,6302017671
9700,2265770626,119458,2265890084,27,0,0,34304,27,9628534761
9701,2265789872,89745,2265879617,9,0,0,512,9,580569635
9702,2265798226,371862,2266170088,24,0,0,42496,24,9131123509
9703,2265813264,289489,2266102753,4,0,0,30720,4,296238443
9704,2265815775,566,2265816341,9,0,1,512,9,8920825278
9705,2265818266,233328,2266051594,15,0,0,92672,15,1525934943
9706,2265832679,324438,2266157117,15,0,0,79872,15,840957621
9707,2265842124,181219,2266023343,4,0,0,38400,4,700030568
9708,2265844349,208516,2266052865,17,0,0,4096,17,8099171200
9709,2265901269,158475,2266059744,16,0,0,22528,16,4935600312
9710,2265939342,2946,2265942288,21,0,1,3072,21,9888531608
9711,2265947822,184944,2266132766,15,0,0,56832,15,6351780558
9712,2265963436,1518,2265964954,27,0,1,1536,27,789552399
9713,2265974086,229798,2266203884,20,0,0,16896,20,1305895896
9714,2265998796,2946,2266001742,9,0,1,3072,9,2591388664
9715,2266008034,162225,2266170259,22,0,0,512,22,8791795609
9716,2266021409,161561,2266182970,1,0,0,14848,1,5253520110
9717,2266065734,1994,2266067728,15,0,1,2048,15,1547217327
9718,2266073398,4374,2266077772,25,0,1,4608,25,6304558286
9719,2266075922,3476,2266079398,13,0,1,2560,13,9390713175
9720,2266107279,5802,2266113081,29,0,1,6144,29,9867083569
9721,2266126456,121346,2266247802,23,0,0,6656,23,7111885185
9722,2266157415,13402,2266170817,14,0,1,512,14,4801705867
9723,2266182346,2610,2266184956,28,0,1,2048,28,8698805621
9724,2266183160,144018,2266327178,17,0,0,50176,17,9362257323
9725,2266243422,149873,2266393295,13,0,0,33792,13,516314961
9726,2266284920,3422,2266288342,27,0,1,3584,27,3376168838
9727,2266286440,173821,2266460261,1,0,0,25600,1,197877847
9728,2266294587,4850,2266299437,28,0,1,5120,28,7102603534
9729,2266296309,3384,2266299693,17,0,1,9216,17,9483256640
9730,2266333768,99320,2266433088,21,0,0,26112,21,8142304153
9731,2266366188,45596,2266411784,19,0,0,1024,19,5183974934
9732,2266382578,134005,2266516583,24,0,0,20480,24,4148738942
9733,2266382943,233570,2266616513,20,0,0,65024,20,4043317053
9734,2266386313,60775,2266447088,19,0,0,512,19,7831906121
9735,2266437066,1042,2266438108,7,0,1,1024,7,9957478981
9736,2266438608,90347,2266528955,16,0,0,5632,16,2162337153
9737,2266440463,5712,2266446175,21,0,1,14336,21,1423956739
9738,2266451729,8547,2266460276,28,0,1,6656,28,4328275888
9739,2266491872,135436,2266627308,25,0,0,35328,25,7939978947
9740,2266508563,8035,2266516598,5,0,1,2048,5,9270395119
9741,2266525458,6754,2266532212,7,0,1,7168,7,7446194924
9742,2266542137,190056,2266732193,28,0,0,41472,28,9535540197
9743,2266556629,188995,2266745624,24,0,0,44032,24,2012073649
9744,2266561818,333636,2266895454,2,0,0,42496,2,4957413490
9745,2266572506,1518,2266574024,21,0,1,1536,21,6910877962
9746,2266600932,26926,2266627858,28,0,1,512,28,10558622389
9747,2266610666,135441,2266746107,3,0,0,1536,3,9282955473
9748,2266616022,202359,2266818381,27,0,0,52224,27,4793202251
9749,2266633073,169381,2266802454,15,0,0,41984,15,5596837246
9750,2266639076,6278,2266645354,2,0,1,6656,2,6459602691
9751,2266641237,4578,2266645815,17,0,1,10240,17,10680971655
9752,2266651987,1518,2266653505,5,0,1,1536,5,4689605581
9753,2266660174,207570,2266867744,5,0,0,31232,5,3817982413
9754,2266681775,146653,2266828428,27,0,0,5120,27,8547386157
9755,2266762894,1518,2266764412,1,0,1,1536,1,1795133313
9756,2266765906,324927,2267090833,23,0,0,47104,23,6471062367
9757,2266768710,1518,2266770228,7,0,1,1536,7,8071485082
9758,2266769033,3616,2266772649,7,0,1,3584,7,8217172471
9759,2266801816,148868,2266950684,20,0,0,20992,20,814835540
9760,2266809883,235776,2267045659,1,0,0,78336,1,613048224
9761,2266834531,258821,2267093352,27,0,0,8192,27,9060088433
9762,2266839194,6278,2266845472,14,0,1,6656,14,3821974008
9763,2266870710,4850,2266875560,22,0,1,5120,22,5466433545
9764,2266904982,160099,2267065081,16,0,0,19968,16,180669525
9765,2266905230,216320,2267121550,25,0,0,37376,25,9297279939
9766,2266912890,5326,2266918216,15,0,1,5632,15,6188521583
9767,2266935965,194804,2267130769,16,0,0,30208,16,761462128
9768,2266939756,3898,2266943654,1,0,1,4096,1,7316976039
9769,2266956438,188977,2267145415,28,0,0,18432,28,7609762694
9770,2266958027,254144,2267212171,18,0,0,71168,18,408057469
9771,2266967195,1518,2266968713,11,0,1,1536,11,5997992052
9772,2266968678,4937,2266973615,21,0,1,12800,21,7675213298
9773,2266970037,3924,2266973961,23,0,1,512,23,245393905
9774,2266995819,259780,2267255599,23,0,0,14848,23,1376230365
9775,2267060334,9418,2267069752,14,0,1,12288,14,4095653942
9776,2267073177,1994,2267075171,15,0,1,2048,15,7798318807
9777,2267078771,19866,2267098637,25,0,1,5632,25,1394434571
9778,2267096557,192844,2267289401,29,0,0,29184,29,1718966729
9779,2267101590,287099,2267388689,18,0,0,108032,18,7218059722
9780,2267107968,22824,2267130792,20,0,1,16384,20,10420204369
9781,2267118154,17336,2267135490,3,0,1,12288,3,2845534698
9782,2267122547,14878,2267137425,1,0,1,8704,1,2323455232
9783,2267126282,19148,2267145430,5,0,1,9216,5,4084967417
9784,2267140342,7074,2267147416,7,0,1,2048,7,8610174138
9785,2267167264,221760,2267389024,22,0,0,1024,22,1314213007
9786,2267171442,322671,2267494113,17,0,0,112128,17,4797834383
9787,2267180507,149770,2267330277,21,0,0,30720,21,2263312563
9788,2267196867,202152,2267399019,22,0,0,1024,22,9738517054
9789,2267213152,3645,2267216797,25,0,1,10240,25,7137047609
9790,2267228704,122608,2267351312,29,0,0,33280,29,7074715735
9791,2267245969,213965,2267459934,27,0,0,10752,27,7473079084
9792,2267255524,345542,2267601066,25,0,0,70656,25,5182749837
9793,2267311077,4374,2267315451,11,0,1,4608,11,9095194008
9794,2267313848,204151,2267517999,16,0,0,13312,16,5311335863
9795,2267352019,1042,2267353061,28,0,1,1024,28,503718388
9796,2267359306,35131,2267394437,9,0,1,13824,9,8829418422
9797,2267394108,240690,2267634798,25,0,0,49152,25,3057204318
9798,2267399488,153032,2267552520,2,0,0,2048,2,2199610017
9799,2267427919,566,2267428485,20,0,1,512,20,2042183442
9800,2267434492,181573,2267616065,28,0,0,49152,28,5740927392
9801,2267448969,120210,2267569179,5,0,0,19968,5,709590604
9802,2267467830,30691,2267498521,7,0,1,4608,7,2759524205
9803,2267484181,132063,2267616244,7,0,0,512,7,3896177216
9804,2267487500,147625,2267635125,26,0,0,1024,26,8821005015
9805,2267513343,165111,2267678454,29,0,0,56320,29,5496818507
9806,2267548431,20771,2267569202,16,0,1,29184,16,10619433073
9807,2267556945,12272,2267569217,3,0,1,9216,3,5071381850
9808,2267563327,119969,2267683296,0,0,0,512,0,2476295347
9809,2267580083,55065,2267635148,12,0,1,18944,12,6126620800
9810,2267621605,94239,2267715844,24,0,0,6656,24,3810715261
9811,2267631332,5812,2267637144,26,0,1,2048,26,7075813506
9812,2267659235,19234,2267678469,29,0,1,4096,29,2407461773
9813,2267697652,115717,2267813369,24,0,0,41472,24,10091652387
9814,2267752684,71143,2267823827,5,0,0,4096,5,5820308579
9815,2267780248,102275,2267882523,2,0,0,13824,2,4555949055
9816,2267782190,5802,2267787992,21,0,1,6144,21,2767812297
9817,2267794151,1518,2267795669,4,0,1,1536,4,4022692597
9818,2267893949,1994,2267895943,4,0,1,2048,4,1139662145
9819,2267949635,6488,2267956123,26,0,1,15872,26,10664346345
9820,2267953801,3628,2267957429,11,0,1,2048,11,3985425380
9821,2267970758,134607,2268105365,25,0,0,92160,25,1343705730
9822,2267986727,4850,2267991577,29,0,1,5120,29,6018783099
9823,2268021646,149700,2268171346,17,0,0,81920,17,2883466220
9824,2268027479,566,2268028045,25,0,1,512,25,914373011
9825,2268077915,191628,2268269543,28,0,0,19968,28,8284599664
9826,2268129156,6278,2268135434,13,0,1,6656,13,719597083
9827,2268142690,3387,2268146077,15,0,1,9728,15,5421343648
9828,2268143029,28332,2268171361,15,0,1,2560,15,5157109767
9829,2268157366,74720,2268232086,23,0,0,3072,23,6136586050
9830,2268161655,11717,2268173372,11,0,1,2048,11,3376639328
9831,2268176703,45596,2268222299,26,0,0,1024,26,7515361674
9832,2268179722,77051,2268256773,25,0,0,1536,25,4181133553
9833,2268182329,6278,2268188607,1,0,1,6656,1,8878055125
9834,2268203791,3422,2268207213,5,0,1,3584,5,3149501271
9835,2268204797,6364,2268211161,17,0,1,15360,17,6657554208
9836,2268206063,5444,2268211507,15,0,1,512,15,8578859850
9837,2268217184,1042,2268218226,10,0,1,1024,10,1477978439
9838,2268241582,162923,2268404505,23,0,0,33792,23,8003080536
9839,2268256644,98505,2268355149,28,0,0,23040,28,2576536442
9840,2268291276,566,2268291842,5,0,1,512,5,5485969201
9841,2268356580,48096,2268404676,19,0,0,512,19,10336802412
9842,2268421693,47288,2268468981,12,0,0,1536,12,1067574861
9843,2268455151,91172,2268546323,20,0,0,24576,20,3658936004
9844,2268512374,107911,2268620285,25,0,0,34304,25,5549506467
9845,2268523838,65038,2268588876,22,0,0,512,22,7895602659
9846,2268573657,5802,2268579459,10,0,1,6144,10,6246023853
9847,2268574532,6553,2268581085,21,0,1,2560,21,5295135798
9848,2268577345,79720,2268657065,9,0,0,1536,9,1248210594
9849,2268591195,48980,2268640175,23,0,0,2048,23,4219449087
9850,2268592925,1994,2268594919,23,0,1,2048,23,7481880174
9851,2268600430,104468,2268704898,4,0,0,43008,4,2449090520
9852,2268646738,73826,2268720564,9,0,0,2560,9,6389825009
9853,2268652921,124055,2268776976,17,0,0,76800,17,6104932354
9854,2268718170,73347,2268791517,22,0,0,1536,22,8663077493
9855,2268797918,56060,2268853978,25,0,0,5120,25,6430296891
9856,2268805000,43904,2268848904,3,0,0,512,3,5298272614
9857,2268809477,566,2268810043,17,0,1,512,17,1838837063
9858,2268817450,3898,2268821348,27,0,1,4096,27,6752271455
9859,2268819768,202179,2269021947,24,0,0,57856,24,3504270847
9860,2268844163,6278,2268850441,19,0,1,6656,19,1825461029
9861,2268850623,110615,2268961238,1,0,0,32256,1,8200354250
9862,2268868464,2946,2268871410,16,0,1,3072,16,587831721
9863,2268894589,47288,2268941877,9,0,0,1536,9,4673015699
9864,2268909883,63880,2268973763,17,0,0,6656,17,2544675636
9865,2268933514,108205,2269041719,5,0,0,27648,5,2782520753
9866,2269027945,43904,2269071849,9,0,0,512,9,4429592299
9867,2269064242,1518,2269065760,27,0,1,1536,27,7199064345
9868,2269084751,1042,2269085793,14,0,1,1024,14,7560831956
9869,2269093410,43904,2269137314,3,0,0,512,3,4307983787
9870,2269099787,278918,2269378705,20,0,0,256512,20,8873530775
9871,2269104432,318364,2269422796,0,0,0,92160,0,387168102
9872,2269106541,4162,2269110703,7,0,1,11264,7,4402080755
9873,2269124373,142882,2269267255,7,0,0,512,7,2160015434
9874,2269152774,3422,2269156196,16,0,1,3584,16,6661980422
9875,2269167945,215181,2269383126,22,0,0,2048,22,4002595736
9876,2269171988,3645,2269175633,21,0,1,10240,21,6744306840
9877,2269197653,184499,2269382152,21,0,0,11264,21,8586614564
9878,2269214751,3422,2269218173,14,0,1,3584,14,612078722
9879,2269221596,2946,2269224542,12,0,1,3072,12,7046764838
9880,2269222973,12308,2269235281,22,0,1,20480,22,9155897596
9881,2269228807,153680,2269382487,12,0,0,1024,12,4055158466
9882,2269249285,145416,2269394701,24,0,0,37888,24,6991516971
9883,2269268890,190990,2269459880,1,0,0,5120,1,3506475423
9884,2269288379,3898,2269292277,10,0,1,4096,10,1516605599
9885,2269314056,117068,2269431124,7,0,0,2048,7,842419203
9886,2269346418,80235,2269426653,21,0,1,4096,21,1724103987
9887,2269355285,72674,2269427959,13,0,1,2048,13,381138349
9888,2269401627,26678,2269428305,7,0,1,512,7,2996102468
9889,2269428116,59216,2269487332,9,0,0,2560,9,9550389297
9890,2269465565,3422,2269468987,22,0,1,3584,22,7867670110
9891,2269469181,2470,2269471651,14,0,1,2560,14,129601655
9892,2269599624,11274,2269610898,21,0,1,18432,21,2317164718
9893,2269639633,54056,2269693689,7,0,0,3584,7,3063587928
9894,2269641151,43904,2269685055,12,0,0,512,12,5276516910
9895,2269661430,99057,2269760487,15,0,0,25088,15,6644270840
9896,2269677123,43904,2269721027,10,0,0,512,10,4342625151
9897,2269685401,2870,2269688271,26,0,1,8704,26,538684339
9898,2269742829,176833,2269919662,17,0,0,144384,17,4035192745
9899,2269775762,5326,2269781088,9,0,1,5632,9,4702804653
9900,2269781908,5802,2269787710,5,0,1,6144,5,7966326312
9901,2269789338,165600,2269954938,0,0,0,9728,0,4837320074
9902,2269789851,13770,2269803621,20,0,1,26624,20,9215050111
9903,2269810972,124021,2269934993,21,0,0,26112,21,9503814958
9904,2269851332,71614,2269922946,10,0,0,512,10,990885519
9905,2269862656,57341,2269919997,22,0,0,1024,22,586692374
9906,2269898598,66652,2269965250,10,0,0,1024,10,687559658
9907,2269910951,11508,2269922459,22,0,1,2560,22,9427657422
9908,2269920919,2846,2269923765,15,0,1,2048,15,7446702267
9909,2269955430,3898,2269959328,9,0,1,4096,9,6444146720
9910,2269982379,152706,2270135085,3,0,0,512,3,6679977582
9911,2269995701,3898,2269999599,2,0,1,4096,2,4703076837
9912,2270016209,72668,2270088877,21,0,0,9216,21,9930209757
9913,2270022214,5196,2270027410,16,0,1,13312,16,10663054119
9914,2270030499,131862,2270162361,28,0,0,19456,28,167570737
9915,2270061333,217504,2270278837,5,0,0,27136,5,10412674732
9916,2270107724,4374,2270112098,1,0,1,4608,1,7743099669
9917,2270123644,132985,2270256629,21,0,0,1024,21,2795802922
9918,2270126056,4162,2270130218,13,0,1,11264,13,6465578935
9919,2270156898,7449,2270164347,15,0,1,2048,15,8482142175
9920,2270178689,52364,2270231053,1,0,0,3072,1,5531285920
9921,2270191676,3898,2270195574,26,0,1,4096,26,6383054196
9922,2270259084,3898,2270262982,26,0,1,4096,26,8844912391
9923,2270276492,64853,2270341345,15,0,0,6144,15,4332332199
9924,2270287334,118820,2270406154,28,0,0,90112,28,1932638169
9925,2270292366,116938,2270409304,17,0,0,8704,17,6873138483
9926,2270299812,106825,2270406637,26,0,0,1536,26,8826745306
9927,2270334268,2470,2270336738,28,0,1,2560,28,8240868941
9928,2270335303,2421,2270337724,5,0,1,1536,5,8186619874
9929,2270358810,2870,2270361680,25,0,1,8704,25,7121203509
9930,2270471555,5802,2270477357,29,0,1,6144,29,9016501736
9931,2270474368,3655,2270478023,26,0,1,1024,26,1029362053
9932,2270490203,1042,2270491245,4,0,1,1024,4,9848587093
9933,2270501704,194410,2270696114,17,0,0,49152,17,132638237
9934,2270528090,5196,2270533286,21,0,1,13312,21,5460509322
9935,2270531539,2413,2270533952,22,0,1,1024,22,704081649
9936,2270552268,197834,2270750102,25,0,0,65024,25,5992045048
9937,2270553540,5326,2270558866,20,0,1,5632,20,4573448239
9938,2270600760,96320,2270697080,0,0,0,3072,0,8492457847
9939,2270616695,48939,2270665634,9,0,0,512,9,8214495750
9940,2270632181,47288,2270679469,10,0,0,1536,10,4027734210
9941,2270679309,16820,2270696129,10,0,1,5120,10,10378848276
9942,2270713036,55969,2270769005,7,0,0,512,7,3637198769
9943,2270727763,46375,2270774138,9,0,0,512,9,8724912036
9944,2270738162,12974,2270751136,11,0,1,1024,11,4875859324
9945,2270765742,566,2270766308,11,0,1,512,11,9356444420
9946,2270780189,154906,2270935095,24,0,0,37376,24,10736487529
9947,2270786945,1994,2270788939,12,0,1,2048,12,3727507078
9948,2270814567,566,2270815133,5,0,1,512,5,10252889636
9949,2270819064,97292,2270916356,2,0,0,19456,2,8088256506
9950,2270823265,566,2270823831,21,0,1,512,21,7516755988
9951,2270890317,4937,2270895254,5,0,1,12800,5,10689758159
9952,2270896514,5326,2270901840,27,0,1,5632,27,3480457814
9953,2270901094,2052,2270903146,11,0,1,2048,11,3531128746
9954,2270928572,12793,2270941365,1,0,1,6656,1,9645240932
9955,2270949526,1042,2270950568,7,0,1,1024,7,9793566892
9956,2270958716,68840,2271027556,29,0,0,11776,29,10349602195
9957,2270975409,70310,2271045719,16,0,0,6144,16,1484974350
9958,2271024263,96460,2271120723,6,0,0,3584,6,538953079
9959,2271062451,6754,2271069205,17,0,1,7168,17,7802536260
9960,2271103808,7706,2271111514,2,0,1,8192,2,1292313716
9961,2271124059,1994,2271126053,14,0,1,2048,14,10678544667
9962,2271152795,104108,2271256903,3,0,0,512,3,9099452992
9963,2271167144,89588,2271256732,6,0,0,14336,6,9225711678
9964,2271175280,232476,2271407756,27,0,0,24064,27,27501414
9965,2271177587,6754,2271184341,2,0,1,7168,2,274968053
9966,2271203577,1518,2271205095,15,0,1,1536,15,2034263806
9967,2271208667,4850,2271213517,17,0,1,5120,17,6153911928
9968,2271254602,47889,2271302491,10,0,0,1024,10,7180760381
9969,2271260172,1518,2271261690,15,0,1,1536,15,9030328463
9970,2271261655,3422,2271265077,29,0,1,3584,29,2289322180
9971,2271280399,4374,2271284773,10,0,1,4608,10,4017622819
9972,2271288706,1518,2271290224,7,0,1,1536,7,4555783862
9973,2271329034,566,2271329600,19,0,1,512,19,2239169243
9974,2271362800,7706,2271370506,25,0,1,8192,25,2911364379
9975,2271368474,121428,2271489902,13,0,0,37376,13,1960683322
9976,2271372758,1518,2271374276,17,0,1,1536,17,9911625071
9977,2271385713,71600,2271457313,20,0,0,10752,20,7198491660
9978,2271393704,104793,2271498497,5,0,0,28160,5,3746843265
9979,2271393896,108312,2271502208,24,0,0,1024,24,3137821565
9980,2271405672,129579,2271535251,1,0,0,41984,1,4194876347
9981,2271420901,3422,2271424323,1,0,1,3584,1,3640980909
9982,2271427833,261073,2271688906,15,0,0,162304,15,2257872995
9983,2271448541,8787,2271457328,15,0,1,14848,15,3612356546
9984,2271464512,2946,2271467458,7,0,1,3072,7,1819356978
9985,2271498072,141359,2271639431,15,0,0,14336,15,3786513932
9986,2271498426,3034,2271501460,27,0,1,3072,27,5437975176
9987,2271551356,1518,2271552874,28,0,1,1536,28,1138156753
9988,2271552214,5802,2271558016,9,0,1,6144,9,300160943
9989,2271564977,172511,2271737488,5,0,0,102400,5,3485611177
9990,2271566874,12308,2271579182,7,0,1,20480,7,2326911062
9991,2271635017,53912,2271688929,14,0,1,10752,14,3473031246
9992,2271642789,126661,2271769450,4,0,0,19968,4,649894382
9993,2271644583,201973,2271846556,4,0,0,45056,4,9296295377
9994,2271654486,83181,2271737667,26,0,0,512,26,712321570
9995,2271703577,192371,2271895948,18,0,0,48640,18,8450446872
9996,2271714613,235005,2271949618,1,0,0,22016,1,2896468147
9997,2271771891,2946,2271774837,17,0,1,3072,17,8024408651
9998,2271794286,101989,2271896275,19,0,0,1024,19,8187470962
9999,2271795008,188815,2271983823,24,0,0,58880,24,3195715647
