RequestID,ArrivalTime,DelayTime,FinishTime,InitiatorID,TargetID,IOType,Size,VolumeID,Offset
0,0,1323,1323,0,0,1,1024,11,3337042245
1,1,4490,4491,7,0,1,4096,4,10094204617
2,2,12080,12082,6,0,1,16384,8,9123229667
3,3,12745,12748,5,0,1,1024,10,3988407513
4,4,108211,108215,4,0,0,1536,5,2406398392
5,5,13716,13721,9,0,1,12800,3,502071107
6,6,44112,44118,3,0,0,512,0,8902204733
7,7,138621,138628,2,0,0,67072,12,1118709473
8,8,15019,15027,1,0,1,2048,17,6513459714
9,9,104974,104983,8,0,0,3584,8,9274083872
10,1660,15953,17613,0,0,1,4096,11,9161438171
11,1980,231910,233890,8,0,0,83968,8,2145556285
12,3280,18519,21799,1,0,1,6656,17,8165929081
13,9659,12486,22145,2,0,1,512,12,8397952781
14,22251,226630,248881,5,0,0,49152,10,1955181187
15,22380,299906,322286,1,0,0,512,17,5322831350
16,23781,2470,26251,3,0,1,2560,0,6863948289
17,28741,2470,31211,3,0,1,2560,0,2605771430
18,35281,5326,40607,3,0,1,5632,0,9332340439
19,62970,4162,67132,9,0,1,11264,3,10020467871
20,63650,102310,165960,1,0,0,1024,17,9468776270
21,71790,2470,74260,1,0,1,2560,17,7257107929
22,76950,3898,80848,5,0,1,4096,10,1662947815
23,80261,302270,382531,5,0,0,112128,10,8696976563
24,81850,182900,264750,1,0,0,512,17,4238267186
25,82740,6754,89494,0,0,1,7168,11,10409997927
26,89930,171220,261150,8,0,0,18944,8,7594084906
27,103690,6278,109968,1,0,1,6656,17,2643527070
28,153690,1994,155684,1,0,1,2048,17,2856452656
29,160640,100711,261351,3,0,0,512,0,5990795900
30,162420,162589,325009,2,0,0,8704,12,3385763898
31,165240,366261,531501,4,0,0,16384,5,5407720087
32,166010,4162,170172,8,0,1,11264,8,8681907780
33,168511,8210,176721,3,0,1,7680,0,8593532430
34,177230,3904,181134,9,0,1,10752,3,6783425001
35,178720,3829,182549,1,0,1,2048,17,8514793875
36,185130,315496,500626,8,0,0,72192,8,4687489728
37,185810,566,186376,1,0,1,512,17,10567509237
38,187031,1042,188073,3,0,1,1024,0,10468174733
39,195410,1042,196452,0,0,1,1024,11,9829328791
40,198370,184356,382726,3,0,0,512,0,7350370335
41,200700,48236,248936,9,0,1,41472,3,1824757861
42,202051,50692,252743,3,0,1,10240,0,9383380474
43,207760,199709,407469,1,0,0,512,17,7243078890
44,207804,46884,254688,9,0,1,2560,3,8955298311
45,213310,221835,435145,1,0,0,2560,17,8687648801
46,222400,837947,1060347,2,0,0,167424,12,5010178709
47,229660,491997,721657,1,0,0,512,17,3743563254
48,234190,306719,540909,8,0,0,15872,8,674834236
49,234380,26785,261165,8,0,1,2560,8,10478719295
50,238850,155443,394293,8,0,0,37888,8,5102050684
51,244751,652861,897612,5,0,0,61952,10,2466963847
52,255290,5890,261180,8,0,1,1024,8,7302614913
53,259261,6473,265734,3,0,1,4608,0,1645651928
54,260640,16411,277051,9,0,1,27648,3,5989457939
55,265910,12127,278037,7,0,1,1536,4,1891906941
56,270241,843397,1113638,5,0,0,42496,10,519556210
57,270990,724673,995663,4,0,0,133632,5,2851389283
58,273229,543379,816608,7,0,0,44544,4,5080732126
59,274020,826544,1100564,8,0,0,74240,8,5760878352
60,274230,6393,280623,0,0,1,4096,11,8945317769
61,278190,5019,283209,0,0,1,4096,11,9480934881
62,281120,197495,478615,2,0,0,16896,12,8236615523
63,287211,261982,549193,5,0,0,25600,10,9118338121
64,289290,4420,293710,5,0,1,11776,10,8093949264
65,294590,4850,299440,0,0,1,5120,11,3531018917
66,311390,1994,313384,5,0,1,2048,10,4151472541
67,321430,1067472,1388902,8,0,0,7168,8,753628365
68,327810,1043031,1370841,1,0,0,91648,17,5487472524
69,334880,260057,594937,4,0,0,96256,5,3274898277
70,348861,46132,394993,3,0,1,512,0,7209452210
71,356520,717338,1073858,2,0,0,44032,12,3392273040
72,361160,35417,396577,1,0,1,2048,17,5634055505
73,370000,56473,426473,9,0,1,50688,3,105685510
74,374360,53099,427459,5,0,1,1536,10,4124690308
75,374581,703348,1077929,5,0,0,13312,10,1794745287
76,376170,52915,429085,0,0,1,2560,11,8779206505
77,376340,87125,463465,9,0,1,83456,3,8310455349
78,376950,521457,898407,8,0,0,2560,8,4120583670
79,378080,629797,1007877,2,0,0,39936,12,1970654077
80,381850,83561,465411,0,0,1,3072,11,3609665431
81,385190,80887,466077,0,0,1,1024,11,5682868395
82,391410,75973,467383,5,0,1,2048,10,3533092774
83,398810,69239,468049,0,0,1,1024,11,8838532433
84,406900,63735,470635,8,0,1,4096,8,1700092137
85,411860,455307,867167,2,0,0,31744,12,7487256621
86,415580,57001,472581,5,0,1,3072,10,5513118727
87,418350,54577,472927,1,0,1,512,17,784097451
88,420790,79851,500641,8,0,1,7168,8,9732659913
89,439350,61306,500656,0,0,1,1024,11,6563234319
90,443820,56851,500671,5,0,1,512,10,532802835
91,447250,1195287,1642537,2,0,0,58880,12,551665862
92,453759,877017,1330776,7,0,0,55808,4,10254190726
93,454460,46226,500686,1,0,1,2560,17,2145885074
94,466331,34370,500701,3,0,1,14336,0,9061257368
95,484991,1011346,1496337,5,0,0,112128,10,5855263262
96,491211,12019,503230,3,0,1,2560,0,2257502530
97,491920,57288,549208,9,0,1,66560,3,6588360657
98,498210,615802,1114012,3,0,0,1024,0,6143610990
99,504070,505250,1009320,8,0,0,4608,8,1503284778
100,504330,44893,549223,1,0,1,3072,17,6563245132
101,507970,132013,639983,9,0,1,194560,3,2709894617
102,510660,129989,640649,0,0,1,1024,11,5335451737
103,523420,672034,1195454,4,0,0,27648,5,644226045
104,524390,619486,1143876,1,0,0,30720,17,444213822
105,531260,124840,656100,9,0,1,49152,3,10269267836
106,574681,83365,658046,3,0,1,3072,0,6204103600
107,575311,559129,1134440,5,0,0,60416,10,2826127560
108,601440,712294,1313734,1,0,0,33792,17,101119487
109,605450,146497,751947,8,0,0,512,8,2324332704
110,607130,1211932,1819062,4,0,0,29184,5,2166101427
111,632500,271234,903734,1,0,0,17408,17,2249723161
112,634130,24262,658392,0,0,1,512,11,107848870
113,648810,10248,659058,8,0,1,1024,8,4457562945
114,685561,917756,1603317,5,0,0,18432,10,8203385420
115,692389,1045096,1737485,7,0,0,103936,4,3996435039
116,709570,1041361,1750931,4,0,0,42496,5,5100772413
117,713040,486814,1199854,1,0,0,10240,17,10219467488
118,729261,868082,1597343,5,0,0,33280,10,3876092537
119,736860,1399132,2135992,2,0,0,153600,12,5497749508
120,743110,2870,745980,0,0,1,8704,11,1531240137
121,745190,44249,789439,9,0,1,74752,3,5114983702
122,772020,23116,795136,9,0,1,18944,3,7344896359
123,777690,1435242,2212932,2,0,0,23552,12,9252350549
124,783950,14092,798042,8,0,1,4608,8,5708621578
125,791720,709632,1501352,2,0,0,16384,12,4471828938
126,801310,700245,1501555,3,0,0,512,0,3562860446
127,819160,5326,824486,9,0,1,5632,3,3368731543
128,820859,1166830,1987689,7,0,0,26112,4,10393687487
129,825790,1481607,2307397,3,0,0,2560,0,10220229441
130,833180,1320424,2153604,4,0,0,50176,5,4540822217
131,835011,7706,842717,3,0,1,8192,0,5952687687
132,840021,957779,1797800,5,0,0,90624,10,1739433971
133,844980,1002292,1847272,3,0,0,512,0,2332855770
134,850280,667760,1518040,3,0,0,512,0,6182748908
135,865401,8512,873913,3,0,1,7168,0,10042866621
136,872091,2168,874259,3,0,1,512,0,2363120466
137,874920,66494,941414,3,0,0,1536,0,10457850973
138,893721,11014,904735,3,0,1,1024,0,5411174181
139,906479,2870,909349,2,0,1,8704,12,6933247483
140,914999,1994,916993,2,0,1,2048,12,4328277200
141,929971,1518,931489,3,0,1,1536,0,10077006411
142,930850,969321,1900171,2,0,0,173568,12,1339657983
143,933140,967358,1900498,1,0,0,1024,17,7311511502
144,943251,2470,945721,3,0,1,2560,0,2298128787
145,943279,3428,946707,2,0,1,1536,12,5865765979
146,944570,3398,947968,9,0,1,9728,3,9260410802
147,945130,825035,1770165,2,0,0,43520,12,3084134628
148,951830,343543,1295373,1,0,0,15360,17,8937052014
149,952629,43057,995686,2,0,1,13824,12,8758288856
150,956280,505870,1462150,2,0,0,41984,12,5722235452
151,961230,466665,1427895,8,0,0,512,8,1071884440
152,967980,403188,1371168,3,0,0,1024,0,7348684186
153,975190,848934,1824124,3,0,0,1536,0,5051707283
154,975669,124990,1100659,2,0,1,7680,12,10369726029
155,999960,1369372,2369332,2,0,0,45056,12,3256649520
156,1009760,800387,1810147,1,0,0,40448,17,10169096762
157,1010090,103595,1113685,8,0,1,11264,8,7109872080
158,1016179,97848,1114027,2,0,1,512,12,7487332892
159,1023060,90982,1114042,9,0,1,4096,3,493159083
160,1024239,89842,1114081,2,0,1,15360,12,9334156636
161,1031750,410545,1442295,2,0,0,17920,12,9540347402
162,1033890,570534,1604424,8,0,0,3584,8,4595511181
163,1038769,75343,1114112,2,0,1,3584,12,9545100846
164,1040201,1018860,2059061,5,0,0,107008,10,1357141741
165,1040279,73996,1114275,2,0,1,512,12,8350272379
166,1043569,635378,1678947,7,0,0,512,4,459646346
167,1060761,73710,1134471,3,0,1,7680,0,7978900277
168,1066549,67937,1134486,2,0,1,2560,12,710900263
169,1071611,571447,1643058,5,0,0,1024,10,5832303919
170,1072721,61780,1134501,3,0,1,512,0,2936183863
171,1082151,61740,1143891,3,0,1,2048,0,9491091168
172,1087910,650058,1737968,8,0,0,1536,8,7096323250
173,1094839,49075,1143914,2,0,1,3072,12,678239665
174,1115331,32951,1148282,3,0,1,4608,0,8435503185
175,1120819,705972,1826791,7,0,0,8704,4,2588954175
176,1125839,1072084,2197923,7,0,0,145408,4,874077016
177,1127160,281560,1408720,3,0,0,512,0,10591568832
178,1139379,1419279,2558658,7,0,0,82432,4,6847604030
179,1148959,1042,1150001,2,0,1,1024,12,9703536913
180,1150170,492553,1642723,8,0,0,512,8,8894364204
181,1153741,603149,1756890,5,0,0,19456,10,4394515814
182,1185519,9950,1195469,2,0,1,3584,12,10180015257
183,1190310,9559,1199869,8,0,1,2560,8,5740475623
184,1227959,595658,1823617,7,0,0,14848,4,1935261173
185,1235309,600864,1836173,7,0,0,7168,4,5128192677
186,1241209,1042056,2283265,7,0,0,28160,4,6294361800
187,1251240,823592,2074832,2,0,0,51712,12,6613670538
188,1276479,6278,1282757,2,0,1,6656,12,6929417181
189,1293100,217095,1510195,3,0,0,512,0,9828318557
190,1298910,1120057,2418967,1,0,0,69120,17,1018411970
191,1298941,14808,1313749,3,0,1,6656,0,5547629491
192,1307499,25255,1332754,2,0,1,2048,12,3298096274
193,1312361,768290,2080651,5,0,0,18944,10,4177773185
194,1321340,11760,1333100,8,0,1,512,8,8685021160
195,1322670,925967,2248637,4,0,0,32256,5,4478166691
196,1335450,971152,2306602,3,0,0,512,0,10622940629
197,1380360,217318,1597678,8,0,0,1024,8,7739310562
198,1406960,1994,1408954,8,0,1,2048,8,3660331258
199,1417660,720390,2138050,8,0,0,512,8,883336247
200,1422631,1285387,2708018,5,0,0,4096,10,2064342590
201,1425610,1518,1427128,6,0,1,1536,8,93363010
202,1432640,648370,2081010,8,0,0,1024,8,2254970399
203,1433750,1092674,2526424,4,0,0,48128,5,9607990442
204,1436770,5548,1442318,6,0,1,3584,8,1194442693
205,1436960,470392,1907352,3,0,0,1536,0,1838331044
206,1446610,518622,1965232,2,0,0,28160,12,2640459302
207,1457520,49593,1507113,6,0,1,6144,8,4025062693
208,1458069,1212867,2670936,7,0,0,119808,4,5857853050
209,1467940,39327,1507267,8,0,1,8704,8,3173594902
210,1474550,724068,2198618,4,0,0,2048,5,5311253196
211,1477279,33088,1510367,2,0,1,4608,12,3331212585
212,1479240,40465,1519705,6,0,1,20480,8,1546060463
213,1484749,35827,1520576,2,0,1,12288,12,812599761
214,1494200,204623,1698823,8,0,0,512,8,5367441603
215,1514300,1247508,2761808,4,0,0,78336,5,7427339305
216,1519460,4374,1523834,6,0,1,4608,8,8035007287
217,1544189,5971,1550160,2,0,1,14848,12,6438772357
218,1547430,5706,1553136,6,0,1,4608,8,3353152871
219,1556750,932237,2488987,3,0,0,2560,0,8389241840
220,1581479,104093,1685572,7,0,0,8704,4,3524432875
221,1583119,1034724,2617843,7,0,0,13824,4,7367162579
222,1589290,1141870,2731160,2,0,0,14848,12,7085962967
223,1590760,614949,2205709,2,0,0,23040,12,1785592130
224,1603920,981978,2585898,4,0,0,45568,5,3507741277
225,1609099,1994,1611093,2,0,1,2048,12,569972097
226,1611121,626349,2237470,5,0,0,36864,10,1714322441
227,1619729,1042,1620771,2,0,1,1024,12,8435614567
228,1623739,18813,1642552,2,0,1,10240,12,5814969530
229,1632209,13779,1645988,2,0,1,3072,12,8711863621
230,1635969,11965,1647934,2,0,1,3072,12,10166848610
231,1644090,5790,1649880,8,0,1,3072,8,10391790797
232,1644490,1157670,2802160,1,0,0,1024,17,1041511625
233,1659460,1191175,2850635,8,0,0,1536,8,7174098894
234,1659770,607317,2267087,4,0,0,30208,5,3661792268
235,1662350,255862,1918212,3,0,0,1024,0,758441374
236,1672770,1127449,2800219,3,0,0,512,0,814926834
237,1683160,1413059,3096219,1,0,0,10752,17,10469382717
238,1685590,540617,2226207,2,0,0,43520,12,7310686819
239,1692970,263667,1956637,2,0,0,9216,12,8744916197
240,1698750,201919,1900669,8,0,0,512,8,3417886891
241,1699330,1061,1700391,8,0,1,1024,8,9324464369
242,1699340,2037,1701377,8,0,1,1536,8,6448418083
243,1711840,854656,2566496,2,0,0,24064,12,2476527050
244,1715289,111573,1826862,2,0,1,4608,12,9450009787
245,1740269,90111,1830380,2,0,1,7168,12,10218583145
246,1742020,88706,1830726,9,0,1,512,3,8809398858
247,1745760,742253,2488013,2,0,0,7680,12,2464375364
248,1751800,84388,1836188,7,0,1,6144,4,147255346
249,1756240,1159333,2915573,2,0,0,147456,12,6656224919
250,1766029,371850,2137879,7,0,0,6144,4,8053912838
251,1805150,1136722,2941872,8,0,0,1024,8,1954081104
252,1809260,429489,2238749,1,0,0,4096,17,4638392942
253,1810650,168409,1979059,3,0,0,1024,0,8563138798
254,1815851,1160715,2976566,5,0,0,76288,10,8482824199
255,1819970,1216505,3036475,1,0,0,69632,17,3494077983
256,1873180,717444,2590624,2,0,0,6144,12,6901620023
257,1873569,576577,2450146,7,0,0,35840,4,6247243214
258,1873660,556753,2430413,3,0,0,512,0,7631899173
259,1888600,745809,2634409,2,0,0,53760,12,1095878249
260,1893060,245217,2138277,3,0,0,512,0,7404129109
261,1904600,420929,2325529,8,0,0,512,8,8356939238
262,1907120,2694,1909814,7,0,1,2560,4,3249485752
263,1910630,1030580,2941210,2,0,0,49664,12,8652199046
264,1915010,1100204,3015214,1,0,0,60416,17,6999437930
265,1938900,310376,2249276,3,0,0,2048,0,5356304803
266,1960201,18018,1978219,3,0,1,25088,0,1980502129
267,1987800,262060,2249860,8,0,0,1536,8,2977813203
268,1989850,12049,2001899,6,0,1,19968,8,8653010710
269,1993591,9614,2003205,3,0,1,2048,0,6229737586
270,1994550,1085236,3079786,2,0,0,41472,12,9349440699
271,1999380,485058,2484438,4,0,0,10240,5,6009787239
272,1999479,4679,2004158,2,0,1,12288,12,7309086433
273,2008590,718031,2726621,4,0,0,60928,5,1473551864
274,2018339,2470,2020809,2,0,1,2560,12,10396217089
275,2022599,1251621,3274220,7,0,0,32768,4,2426638881
276,2028330,1495874,3524204,1,0,0,17920,17,10594834698
277,2030210,640921,2671131,0,0,0,512,11,2711316617
278,2044200,563693,2607893,3,0,0,1024,0,7316049464
279,2050900,1057159,3108059,3,0,0,512,0,1603211460
280,2057720,1556808,3614528,4,0,0,15872,5,5002006334
281,2060750,23165,2083915,8,0,1,3072,8,7739015866
282,2073400,920209,2993609,4,0,0,55808,5,9703445994
283,2076150,491404,2567554,3,0,0,512,0,1504042694
284,2086119,1340914,3427033,7,0,0,37376,4,2299062858
285,2105910,132854,2238764,8,0,1,4096,8,5774138916
286,2109160,129619,2238779,8,0,1,1536,8,3266281223
287,2109480,129314,2238794,8,0,1,7680,8,5669717052
288,2113970,135361,2249331,4,0,1,40448,5,1822135529
289,2114279,135075,2249354,2,0,1,3584,12,4885292542
290,2117111,801293,2918404,5,0,0,9216,10,1112614808
291,2122779,126590,2249369,2,0,1,1024,12,9855174479
292,2123749,314541,2438290,7,0,0,3072,4,9619628094
293,2131810,356374,2488184,8,0,0,512,8,209779624
294,2133210,214165,2347375,3,0,0,512,0,4942487784
295,2140990,109287,2250277,8,0,1,1024,8,10221375355
296,2144420,1447375,3591795,3,0,0,512,0,5603678774
297,2144741,108451,2253192,3,0,1,10240,0,183640789
298,2158760,838023,2996783,1,0,0,6656,17,6578738408
299,2159449,766614,2926063,7,0,0,25088,4,4726291077
300,2159460,547287,2706747,2,0,0,101376,12,7449952664
301,2167999,420738,2588737,7,0,0,9216,4,2880581671
302,2168010,391131,2559141,3,0,0,1536,0,9361666224
303,2171960,646068,2818028,3,0,0,512,0,537162904
304,2177740,76921,2254661,6,0,1,2048,8,7858573950
305,2178021,889090,3067111,5,0,0,8704,10,3787296290
306,2179850,1718839,3898689,2,0,0,58880,12,9580434640
307,2184899,84029,2268928,2,0,1,30208,12,9875179037
308,2186390,431624,2618014,8,0,0,512,8,6455589863
309,2187340,379342,2566682,3,0,0,512,0,7136758798
310,2190150,574808,2764958,2,0,0,8704,12,5573750541
311,2211270,881658,3092928,3,0,0,512,0,197858291
312,2221920,61368,2283288,5,0,1,20480,10,2664179771
313,2231850,607403,2839253,1,0,0,20992,17,1193329389
314,2246001,37302,2283303,3,0,1,5120,0,3681600828
315,2246411,36907,2283318,3,0,1,13312,0,6792687202
316,2255570,861093,3116663,3,0,0,512,0,7113899784
317,2269200,18961,2288161,5,0,1,12800,10,3035521154
318,2283800,135806,2419606,8,0,0,2048,8,7174662348
319,2295400,818077,3113477,3,0,0,1024,0,2617677026
320,2326201,7230,2333431,3,0,1,7680,0,6683341477
321,2328269,25767,2354036,2,0,1,46080,12,7597414370
322,2330160,806543,3136703,8,0,0,512,8,9502278620
323,2337280,657460,2994740,4,0,0,3584,5,10364017481
324,2348061,6436,2354497,3,0,1,10240,0,9625274586
325,2373410,1562212,3935622,4,0,0,25600,5,864052499
326,2374960,2470,2377430,5,0,1,2560,10,10139078359
327,2389589,86454,2476043,2,0,1,144896,12,1675134040
328,2392250,672194,3064444,4,0,0,68608,5,1837723481
329,2402910,640444,3043354,4,0,0,22528,5,9214389901
330,2404229,729234,3133463,7,0,0,13312,4,368010676
331,2412880,1015572,3428452,8,0,0,4608,8,5710555943
332,2414520,967024,3381544,1,0,0,22016,17,3675155903
333,2419581,60328,2479909,3,0,1,6144,0,7702099776
334,2426170,666579,3092749,1,0,0,42496,17,923933135
335,2438371,778486,3216857,5,0,0,20480,10,2344180420
336,2439870,501675,2941545,3,0,0,1024,0,8218113185
337,2456651,27802,2484453,3,0,1,2560,0,509376581
338,2464070,634527,3098597,8,0,0,1536,8,9446873659
339,2471421,13055,2484476,3,0,1,4608,0,7623152800
340,2473809,10978,2484787,2,0,1,512,12,2670119198
341,2483200,614906,3098106,2,0,0,6144,12,4879615125
342,2487169,6197,2493366,2,0,1,11776,12,2133168662
343,2491669,4812,2496481,2,0,1,4096,12,1998689424
344,2498261,566,2498827,3,0,1,512,0,4220638730
345,2501540,703961,3205501,2,0,0,43520,12,1270714864
346,2503739,22700,2526439,2,0,1,22016,12,8778136456
347,2509631,16823,2526454,3,0,1,3584,0,6776745217
348,2532881,33630,2566511,3,0,1,20480,0,10642964318
349,2542420,239076,2781496,8,0,0,512,8,2861636455
350,2558090,204201,2762291,8,0,0,1536,8,9253760415
351,2573090,226958,2800048,1,0,0,9216,17,7674358461
352,2576569,17461,2594030,2,0,1,3584,12,7783687336
353,2583530,1706513,4290043,4,0,0,83968,5,6353056803
354,2586341,535397,3121738,5,0,0,14848,10,3701022320
355,2593720,741008,3334728,1,0,0,13824,17,5559505248
356,2595940,447585,3043525,3,0,0,512,0,3353871524
357,2598360,726691,3325051,4,0,0,46592,5,5542186034
358,2618280,1065261,3683541,4,0,0,68608,5,1779558392
359,2629620,1379237,4008857,4,0,0,132096,5,6603848483
360,2635101,1058322,3693423,5,0,0,32256,10,617967179
361,2642409,838300,3480709,7,0,0,73216,4,4080119050
362,2651470,701048,3352518,2,0,0,512,12,9639318631
363,2671429,1140674,3812103,7,0,0,43008,4,8042487315
364,2684860,577303,3262163,4,0,0,11776,5,7229844727
365,2685410,49632,2735042,5,0,1,4096,10,301126368
366,2688790,935457,3624247,8,0,0,2560,8,887775429
367,2697510,401258,3098768,8,0,0,512,8,9574046628
368,2706220,408907,3115127,3,0,0,512,0,5728398351
369,2709350,860801,3570151,4,0,0,43008,5,9562478360
370,2735149,529057,3264206,7,0,0,6656,4,6832167579
371,2757009,1538493,4295502,7,0,0,16384,4,5786031917
372,2800410,457109,3257519,2,0,0,4608,12,9271476870
373,2803200,419317,3222517,8,0,0,512,8,6796505622
374,2809280,408075,3217355,4,0,0,1024,5,10694547617
375,2809660,2946,2812606,8,0,1,3072,8,1777714204
376,2815320,1537962,4353282,8,0,0,3072,8,10075437640
377,2825030,393923,3218953,1,0,0,4608,17,4166231158
378,2830600,8668,2839268,6,0,1,2560,8,4115033529
379,2830981,872940,3703921,5,0,0,33792,10,1204761405
380,2835040,647415,3482455,8,0,0,1024,8,8418813037
381,2854270,1670966,4525236,0,0,0,2048,11,9542638934
382,2870969,1541546,4412515,7,0,0,52224,4,3718424041
383,2923469,91760,3015229,2,0,1,82944,12,8054039136
384,2930850,364858,3295708,3,0,0,1024,0,3106094011
385,2936900,78344,3015244,6,0,1,3584,8,3446372773
386,2939660,175998,3115658,2,0,0,1024,12,7092978585
387,2944100,272928,3217028,0,0,0,512,11,1290247395
388,2952949,145850,3098799,2,0,1,164864,12,3553406687
389,2967679,131135,3098814,2,0,1,13312,12,140267842
390,2976449,422796,3399245,7,0,0,52224,4,9767114447
391,2986380,1270173,4256553,8,0,0,3584,8,5875959588
392,3042750,231953,3274703,3,0,0,1536,0,672279280
393,3048100,169426,3217526,3,0,0,512,0,3499430892
394,3048180,645422,3693602,3,0,0,512,0,4763698893
395,3061320,1561551,4622871,0,0,0,512,11,3073094230
396,3085940,295791,3381731,2,0,0,512,12,143002160
397,3093470,7317,3100787,5,0,1,2048,10,5035503034
398,3095400,309935,3405335,2,0,0,512,12,5747184117
399,3111791,1189654,4301445,5,0,0,19456,10,7065335578
400,3116330,531036,3647366,8,0,0,512,8,405355740
401,3121541,1109149,4230690,5,0,0,168448,10,4850396623
402,3132249,42097,3174346,2,0,1,66048,12,4632534317
403,3133330,1463972,4597302,3,0,0,512,0,4862538567
404,3145700,424778,3570478,8,0,0,1024,8,7995810915
405,3172350,5222,3177572,5,0,1,5120,10,8020312869
406,3178940,179878,3358818,0,0,0,1024,11,4515325027
407,3191040,561919,3752959,3,0,0,512,0,760571766
408,3192900,13159,3206059,6,0,1,512,8,2670844772
409,3215680,266448,3482128,1,0,0,4608,17,8095555412
410,3231970,580373,3812343,3,0,0,512,0,8493197511
411,3234381,807289,4041670,5,0,0,107008,10,3130385086
412,3256100,8121,3264221,6,0,1,9728,8,1384385927
413,3269979,71437,3341416,2,0,1,113152,12,9189092995
414,3279919,61651,3341570,2,0,1,8704,12,2347675058
415,3280220,63936,3344156,6,0,1,4096,8,5423031474
416,3286310,448882,3735192,0,0,0,512,11,3559137521
417,3324040,380083,3704123,3,0,0,512,0,6498676548
418,3327160,315203,3642363,3,0,0,512,0,2340565014
419,3332930,283111,3616041,4,0,0,1024,5,3996172175
420,3344670,405217,3749887,3,0,0,512,0,9182739831
421,3346850,7706,3354556,7,0,1,8192,4,7114831826
422,3349230,402505,3751735,2,0,0,1536,12,7272979836
423,3374960,1392025,4766985,4,0,0,164864,5,5492057904
424,3379010,20274,3399284,4,0,1,16896,5,10054839366
425,3386790,14040,3400830,7,0,1,1536,4,7901781970
426,3389200,351288,3740488,0,0,0,1536,11,1326636573
427,3391171,448850,3840021,5,0,0,8192,10,5848127690
428,3399020,253959,3652979,3,0,0,512,0,10631505322
429,3423160,6819,3429979,7,0,1,1536,4,3635673145
430,3428090,333712,3761802,2,0,0,1024,12,4893571043
431,3429320,3387,3432707,7,0,1,9728,4,1028064157
432,3431269,6398,3437667,2,0,1,5632,12,9326253539
433,3466420,313149,3779569,8,0,0,1024,8,5009527669
434,3469900,296886,3766786,0,0,0,1024,11,6054782487
435,3480290,528753,4009043,8,0,0,512,8,5235869484
436,3481729,35588,3517317,2,0,1,60928,12,4758395170
437,3496050,21933,3517983,6,0,1,1024,8,339703743
438,3508890,15329,3524219,4,0,1,26624,5,799629666
439,3517600,8883,3526483,6,0,1,4608,8,9717680701
440,3525980,3904,3529884,7,0,1,10752,4,4408704866
441,3527889,124848,3652737,2,0,1,200192,12,3573090156
442,3533330,376577,3909907,1,0,0,14848,17,783840990
443,3536149,576863,4113012,7,0,0,47104,4,6790030888
444,3541740,111343,3653083,0,0,1,512,11,7580962106
445,3542070,1268234,4810304,1,0,0,20480,17,8669520211
446,3554150,787684,4341834,4,0,0,41984,5,8625580077
447,3559620,94769,3654389,7,0,1,2048,4,9714419963
448,3566951,88514,3655465,3,0,1,13312,0,9488453254
449,3578760,492617,4071377,8,0,0,512,8,9757558373
450,3584700,351405,3936105,0,0,0,1536,11,1217350397
451,3603530,226179,3829709,2,0,0,512,12,1716186501
452,3607210,343587,3950797,4,0,0,11264,5,3288378992
453,3610530,233851,3844381,3,0,0,2560,0,9111713760
454,3622810,430419,4053229,1,0,0,37888,17,8788974790
455,3623490,37467,3660957,4,0,1,26112,5,1702886027
456,3629360,191870,3821230,8,0,0,1024,8,5725964812
457,3629880,425673,4055553,0,0,0,1024,11,1215470196
458,3638130,45426,3683556,0,0,1,3584,11,7633189975
459,3638720,65216,3703936,4,0,1,61952,5,7073971547
460,3649790,482471,4132261,4,0,0,10752,5,1780770546
461,3664189,258756,3922945,7,0,0,512,4,1477916786
462,3664700,45974,3710674,0,0,1,7168,11,5904492447
463,3665000,389812,4054812,4,0,0,5120,5,7982147212
464,3667550,231474,3899024,8,0,0,1024,8,8134009247
465,3677410,33520,3710930,6,0,1,9216,8,1011406198
466,3682220,33103,3715323,6,0,1,6656,8,41092954
467,3688790,27199,3715989,0,0,1,1024,11,9778118190
468,3693770,24485,3718255,6,0,1,3584,8,9881433768
469,3694209,29192,3723401,2,0,1,8192,12,1918880528
470,3697450,63219,3760669,4,0,1,78848,5,5501185406
471,3698750,65785,3764535,6,0,1,6144,8,8294715035
472,3709090,58991,3768081,0,0,1,5632,11,5236686081
473,3709920,64267,3774187,7,0,1,20992,4,5245593064
474,3710970,74968,3785938,4,0,1,48128,5,6541437957
475,3712230,74067,3786297,0,0,1,9728,11,6903424190
476,3714430,72533,3786963,7,0,1,1024,4,949658502
477,3715790,1126375,4842165,0,0,0,1024,11,1286431059
478,3730790,56327,3787117,4,0,1,8704,5,1173488187
479,3732080,81025,3813105,3,0,0,512,0,10298499777
480,3733401,56302,3789703,3,0,1,4096,0,2310200611
481,3743580,46469,3790049,6,0,1,512,8,984468174
482,3756080,498976,4255056,1,0,0,62464,17,5723491997
483,3773340,21215,3794555,4,0,1,7168,5,2476614204
484,3774410,280792,4055202,2,0,0,512,12,7723225518
485,3787211,362466,4149677,5,0,0,52736,10,8229299057
486,3788730,23388,3812118,0,0,1,17920,11,6597788637
487,3793810,18323,3812133,7,0,1,3072,4,1990263734
488,3794739,17425,3812164,2,0,1,27136,12,884925933
489,3802730,590098,4392828,8,0,0,1536,8,10040632093
490,3804480,250519,4054999,8,0,0,512,8,4717021663
491,3811340,14045,3825385,4,0,1,22016,5,6064955866
492,3816810,11801,3828611,7,0,1,5120,4,2835353119
493,3824369,5355,3829724,2,0,1,1536,12,2802961341
494,3826800,6663,3833463,7,0,1,6144,4,3086229364
495,3836120,1042,3837162,4,0,1,1024,5,5191297611
496,3845750,2470,3848220,7,0,1,2560,4,1501355040
497,3874900,5326,3880226,0,0,1,5632,11,5959938883
498,3882720,21639,3904359,8,0,1,5632,8,2471695700
499,3891570,372859,4264429,4,0,0,25088,5,9946622078
500,3892750,587276,4480026,4,0,0,49664,5,3426642658
501,3908570,433762,4342332,8,0,0,512,8,8450668077
502,3914390,4374,3918764,0,0,1,4608,11,5546512757
503,3915920,1177939,5093859,1,0,0,11264,17,406952272
504,3921340,381947,4303287,8,0,0,1536,8,3210878028
505,3927329,24154,3951483,2,0,1,43520,12,7707405752
506,3938250,26558,3964808,9,0,1,43520,3,9260860263
507,3942620,347648,4290268,0,0,0,512,11,6090346332
508,3944490,469872,4414362,8,0,0,512,8,10684178745
509,3948980,59892,4008872,9,0,1,25088,3,2291152578
510,3973670,85186,4058856,0,0,1,4096,11,88970759
511,3988850,301605,4290455,8,0,0,512,8,9687156857
512,3992009,244000,4236009,7,0,0,17408,4,536625390
513,4004860,250523,4255383,8,0,0,1024,8,6837361138
514,4011849,47673,4059522,2,0,1,1024,12,3947266176
515,4019761,369575,4389336,5,0,0,10240,10,4837580321
516,4019790,41998,4061788,9,0,1,3584,3,554345846
517,4026840,38174,4065014,4,0,1,5120,5,5495539940
518,4038191,275584,4313775,5,0,0,512,10,9095505320
519,4043260,30130,4073390,8,0,1,27136,8,8241093090
520,4053020,203750,4256770,0,0,0,512,11,7403236123
521,4058100,18836,4076936,8,0,1,5632,8,5782220521
522,4060360,291971,4352331,1,0,0,32768,17,7761471339
523,4066480,26721,4093201,9,0,1,39424,3,6655847166
524,4093060,710786,4803846,1,0,0,66560,17,2447320788
525,4096220,245941,4342161,8,0,0,1024,8,1554415923
526,4101220,17177,4118397,8,0,1,5632,8,1024790198
527,4101800,153646,4255446,9,0,1,128512,3,2789274131
528,4106940,282567,4389507,2,0,0,512,12,5211693872
529,4111050,145518,4256568,8,0,1,4608,8,8813674178
530,4113469,143114,4256583,2,0,1,2048,12,8037923042
531,4114949,149495,4264444,2,0,1,56320,12,869012813
532,4117880,184908,4302788,1,0,0,4096,17,958023631
533,4118650,171408,4290058,8,0,1,4096,8,3667656913
534,4121021,662047,4783068,5,0,0,52736,10,7744095566
535,4126050,164047,4290097,9,0,1,51200,3,2341023488
536,4141180,662853,4804033,8,0,0,512,8,1721111100
537,4149460,338488,4487948,0,0,0,512,11,10381952434
538,4149840,633711,4783551,2,0,0,1536,12,5688541256
539,4160289,194091,4354380,2,0,1,104448,12,10711469069
540,4163210,192476,4355686,4,0,1,2048,5,3479005366
541,4164820,212883,4377703,9,0,1,72704,3,521982836
542,4166520,212169,4378689,8,0,1,1536,8,2539861051
543,4170311,640320,4810631,5,0,0,1024,10,10509278038
544,4171000,249777,4420777,9,0,1,126464,3,1607351083
545,4197720,367970,4565690,2,0,0,512,12,3110471350
546,4200271,282469,4482740,5,0,0,7680,10,8705763712
547,4216380,984664,5201044,4,0,0,80384,5,10335153641
548,4228541,673669,4902210,5,0,0,20992,10,6193598844
549,4228800,193566,4422366,8,0,1,15872,8,5060688425
550,4239780,185171,4424951,8,0,1,4096,8,6502284261
551,4248041,239736,4487777,5,0,0,10752,10,429697002
552,4262260,828152,5090412,4,0,0,88064,5,1865868836
553,4267900,177942,4445842,9,0,1,67072,3,846607061
554,4268710,641522,4910232,1,0,0,6144,17,10364861426
555,4271670,543196,4814866,1,0,0,13824,17,2417329238
556,4272380,177328,4449708,8,0,1,6144,8,1721160550
557,4274160,177174,4451334,6,0,1,2560,8,8354903639
558,4279490,174750,4454240,0,0,1,4608,11,8208013968
559,4279540,175366,4454906,4,0,1,1024,5,6740253492
560,4280090,282568,4562658,0,0,0,1024,11,2178164790
561,4286379,174736,4461115,2,0,1,21504,12,1647544527
562,4295061,864341,5159402,5,0,0,47104,10,1110281319
563,4297390,544190,4841580,4,0,0,17408,5,9968140501
564,4302800,533453,4836253,1,0,0,70144,17,6543220467
565,4304319,1010800,5315119,7,0,0,23552,4,4671990780
566,4318600,1029574,5348174,1,0,0,62464,17,7702895907
567,4337380,124081,4461461,0,0,1,512,11,8919245555
568,4337469,875758,5213227,7,0,0,39936,4,7670886775
569,4338800,122815,4461615,4,0,1,8704,5,9143199920
570,4341229,917795,5259024,7,0,0,68608,4,4727139148
571,4353840,1083873,5437713,4,0,0,15872,5,332087837
572,4360600,103281,4463881,4,0,1,3584,5,625622712
573,4361089,119008,4480097,2,0,1,33280,12,7052132950
574,4374479,121634,4496113,2,0,1,79872,12,3855522184
575,4382569,118831,4501400,2,0,1,16896,12,8140608124
576,4399400,102986,4502386,0,0,1,1536,11,2348955271
577,4400420,696258,5096678,2,0,0,2560,12,4245304702
578,4420850,443368,4864218,4,0,0,27648,5,6317748730
579,4438970,64082,4503052,8,0,1,1024,8,637294336
580,4440671,867257,5307928,5,0,0,60928,10,757019986
581,4445900,233540,4679440,2,0,0,512,12,5298410468
582,4450490,52921,4503411,9,0,1,9728,3,2871662828
583,4455230,804589,5259819,0,0,0,2560,11,3884378025
584,4459370,405019,4864389,8,0,0,512,8,6917451530
585,4474510,33727,4508237,8,0,1,7680,8,3055315435
586,4489750,19473,4509223,0,0,1,1536,11,7759207147
587,4492770,18719,4511489,0,0,1,3584,11,6565966347
588,4493770,19307,4513077,5,0,1,15872,10,6904739824
589,4510120,334951,4845071,2,0,0,512,12,9328731019
590,4514170,5326,4519496,0,0,1,5632,11,4486525492
591,4547630,451081,4998711,4,0,0,10752,5,853817567
592,4562279,608096,5170375,7,0,0,30720,4,2734992536
593,4569810,566,4570376,0,0,1,512,11,9899112976
594,4572750,337653,4910403,0,0,0,512,11,6478852890
595,4586060,399096,4985156,2,0,0,1536,12,4575246616
596,4586590,798148,5384738,1,0,0,65536,17,888747352
597,4587370,566,4587936,0,0,1,512,11,4743312376
598,4588049,941371,5529420,7,0,0,27648,4,6842627342
599,4590790,622608,5213398,0,0,0,512,11,4264365169
600,4594269,21658,4615927,2,0,1,35328,12,6352014842
601,4604709,12191,4616900,2,0,1,12800,12,4785126553
602,4616291,425247,5041538,5,0,0,29184,10,7737958924
603,4629180,369702,4998882,0,0,0,512,11,228267732
604,4630111,337571,4967682,5,0,0,3584,10,1040504234
605,4633840,755521,5389361,4,0,0,7168,5,6941553726
606,4635070,603035,5238105,1,0,0,40960,17,8830952600
607,4638440,882533,5520973,1,0,0,90624,17,2214882217
608,4643990,44492,4688482,9,0,1,73216,3,9581624139
609,4649170,41578,4690748,9,0,1,3584,3,5842006249
610,4653530,507462,5160992,1,0,0,4608,17,4908035317
611,4660779,1051064,5711843,7,0,0,134656,4,5754474905
612,4663740,238837,4902577,2,0,0,1024,12,47718455
613,4670790,773943,5444733,0,0,0,1024,11,1207781258
614,4671000,761862,5432862,4,0,0,55808,5,5878132113
615,4671080,500417,5171497,1,0,0,3584,17,6983742153
616,4685839,23983,4709822,2,0,1,39936,12,966938299
617,4691190,19618,4710808,0,0,1,1536,11,4642576694
618,4699911,328608,5028519,5,0,0,1536,10,7677953599
619,4708890,450683,5159573,8,0,0,512,8,204980635
620,4732669,751379,5484048,7,0,0,3072,4,1734809921
621,4744650,570960,5315610,8,0,0,1536,8,677603583
622,4753510,509452,5262962,1,0,0,10240,17,4405800821
623,4755150,92216,4847366,8,0,1,6144,8,8537541427
624,4762810,356305,5119115,9,0,1,165888,3,5342595885
625,4781240,354916,5136156,4,0,1,10752,5,6688778139
626,4803920,409805,5213725,2,0,0,1024,12,6136691030
627,4810350,360040,5170390,8,0,1,4608,8,8981233873
628,4815900,466564,5282464,8,0,0,512,8,6188192262
629,4818570,712001,5530571,8,0,0,512,8,10699502387
630,4818680,352832,5171512,8,0,1,7680,8,353880473
631,4820100,393811,5213911,8,0,1,8704,8,7137957608
632,4833790,431105,5264895,9,0,1,46592,3,6375739108
633,4844530,480297,5324827,9,0,1,75776,3,9604673699
634,4868850,240023,5108873,2,0,0,1024,12,9723035906
635,4875720,489020,5364740,4,0,1,5120,5,553554742
636,4882910,211504,5094414,2,0,0,1536,12,2849750082
637,4887940,325956,5213896,2,0,0,512,12,5839132887
638,4915080,449675,5364755,4,0,1,2560,5,7521185178
639,4934050,450719,5384769,4,0,1,6656,5,8341803405
640,4936020,428705,5364725,1,0,0,54272,17,10148693197
641,4936210,448582,5384792,9,0,1,4608,3,8210994470
642,4936850,447957,5384807,4,0,1,2048,5,1914223149
643,4938170,382270,5320440,2,0,0,512,12,1577386431
644,4946160,440861,5387021,4,0,1,4096,5,2680351656
645,4954900,432136,5387036,4,0,1,2048,5,3242561697
646,4956449,656303,5612752,7,0,0,79360,4,6956344364
647,5007140,403224,5410364,9,0,1,32256,3,5111933638
648,5013270,402145,5415415,8,0,1,17920,8,9490467654
649,5017700,511743,5529443,9,0,1,88576,3,857318942
650,5023511,363495,5387006,5,0,0,7168,10,3611171503
651,5029180,500278,5529458,9,0,1,12288,3,2649582593
652,5043430,221442,5264872,2,0,0,512,12,10477655658
653,5046680,487112,5533792,4,0,1,1536,5,7222109116
654,5048500,622114,5670614,9,0,1,111104,3,3290786710
655,5052880,617749,5670629,9,0,1,32768,3,5811246424
656,5053989,210704,5264693,7,0,0,5632,4,3872439369
657,5054630,657228,5711858,9,0,1,20992,3,2161079484
658,5054770,657103,5711873,5,0,1,8192,10,1100734746
659,5058640,653248,5711888,4,0,1,2560,5,9279189686
660,5060460,651443,5711903,4,0,1,12800,5,4949322314
661,5065770,646172,5711942,9,0,1,24576,3,8917508300
662,5079150,642260,5721410,8,0,1,6656,8,384682835
663,5085229,565387,5650616,7,0,0,2560,4,5929601658
664,5143790,577635,5721425,8,0,1,1536,8,8881682521
665,5151851,339451,5491302,5,0,0,15872,10,10065652985
666,5166730,403816,5570546,1,0,0,7168,17,3387015675
667,5200210,522912,5723122,9,0,1,16896,3,2603603487
668,5204530,520180,5724710,9,0,1,15872,3,6764458126
669,5220460,406823,5627283,1,0,0,47616,17,6932290919
670,5237710,563020,5800730,9,0,1,27648,3,3539819150
671,5251290,562495,5813785,8,0,1,4608,8,2668532029
672,5256771,414029,5670800,5,0,0,512,10,3365921821
673,5273069,376752,5649821,7,0,0,37888,4,7811648804
674,5274869,575117,5849986,7,0,0,56832,4,6288884315
675,5284311,386288,5670599,5,0,0,65536,10,7331841989
676,5284590,529210,5813800,8,0,1,7168,8,10566338655
677,5305640,511176,5816816,8,0,1,15872,8,1525141757
678,5346800,509483,5856283,9,0,1,84480,3,5557227136
679,5352820,368543,5721363,1,0,0,20480,17,7583666964
680,5361470,495479,5856949,4,0,1,1024,5,5091097365
681,5386089,427681,5813770,7,0,0,33792,4,8406764842
682,5406860,494190,5901050,9,0,1,24576,3,8101967954
683,5428440,472764,5901204,4,0,1,8704,5,3085450608
684,5447520,264593,5712113,8,0,0,512,8,7173371989
685,5447930,466005,5913935,4,0,1,18432,5,2352685714
686,5448100,475353,5923453,4,0,1,1536,5,6597928686
687,5461740,319043,5780783,2,0,0,1024,12,2982042643
688,5471760,283949,5755709,8,0,0,512,8,5408413956
689,5473360,452999,5926359,4,0,1,4608,5,4347152291
690,5474610,462539,5937149,9,0,1,25088,3,2483759301
691,5478679,236429,5715108,7,0,0,9728,4,6457352199
692,5502070,226284,5728354,8,0,0,512,8,6202728135
693,5514970,431286,5946256,4,0,1,6656,5,9753287796
694,5526000,420948,5946948,4,0,1,1024,5,8767919547
695,5530220,416882,5947102,8,0,1,8704,8,5262607648
696,5546170,401188,5947358,4,0,1,9216,5,4208197992
697,5559920,407244,5967164,8,0,1,2560,8,2720479770
698,5582540,190726,5773266,2,0,0,1024,12,6168123945
699,5608490,358689,5967179,4,0,1,5632,5,3761079570
700,5620670,346524,5967194,8,0,1,3072,8,7500886012
701,5622030,345179,5967209,4,0,1,7168,5,5341478095
702,5627080,340069,5967149,1,0,0,41472,17,5385473726
703,5630030,344186,5974216,4,0,1,3072,5,4440679924
704,5632190,199623,5831813,2,0,0,1024,12,7771663627
705,5635551,262445,5897996,5,0,0,40960,10,7218934442
706,5680740,169589,5850329,2,0,0,1024,12,2331187010
707,5681920,468906,6150826,9,0,1,82432,3,2109476662
708,5687610,447202,6134812,1,0,0,41472,17,5796680430
709,5700510,452587,6153097,8,0,1,3072,8,7377238140
710,5703230,458559,6161789,6,0,1,13824,8,557094034
711,5714330,171171,5885501,1,0,0,3584,17,772672788
712,5729900,347678,6077578,1,0,0,1024,17,8440648842
713,5737810,597363,6335173,1,0,0,112128,17,10241757750
714,5754550,155760,5910310,2,0,0,512,12,8820521991
715,5760749,705347,6466096,7,0,0,110080,4,10622104755
716,5761771,192727,5954498,5,0,0,16896,10,8911691945
717,5763529,313714,6077243,7,0,0,72192,4,8086715169
718,5776619,593083,6369702,7,0,0,44544,4,10417029771
719,5781630,401275,6182905,0,0,1,2048,11,7802132869
720,5782680,400240,6182920,5,0,1,3072,10,8456429050
721,5790170,392704,6182874,1,0,0,61952,17,4062413086
722,5793610,487387,6280997,9,0,1,91648,3,5197630884
723,5807010,585578,6392588,9,0,1,48640,3,8106008132
724,5815719,540396,6356115,7,0,0,40448,4,3834999163
725,5824311,683967,6508278,5,0,0,78336,10,7622298386
726,5834900,508868,6343768,2,0,0,28160,12,3369989344
727,5839180,861413,6700593,9,0,1,193536,3,7305820070
728,5840880,643515,6484395,2,0,0,59904,12,8038069649
729,5857360,847419,6704779,8,0,1,6656,8,8796946589
730,5862681,689291,6551972,5,0,0,23552,10,3325429007
731,5864570,863456,6728026,9,0,1,20480,3,4970683900
732,5880950,851582,6732532,8,0,1,7168,8,9228026197
733,5890211,763121,6653332,5,0,0,16896,10,8703778585
734,5910160,846153,6756313,9,0,1,13824,3,6121203447
735,5916300,331586,6247886,2,0,0,6656,12,10542404949
736,5931080,825248,6756328,1,0,1,4096,17,4244325970
737,5935510,335001,6270511,2,0,0,20992,12,7422774918
738,5966921,808469,6775390,5,0,0,62464,10,9763793694
739,5971570,784773,6756343,8,0,1,5120,8,1507423154
740,6025700,757223,6782923,8,0,1,6144,8,9565815335
741,6030900,752365,6783265,9,0,1,17408,3,8068856057
742,6041310,743181,6784491,8,0,1,3072,8,2991068428
743,6060270,688213,6748483,1,0,0,44032,17,8318989318
744,6085170,467129,6552299,2,0,0,1024,12,3869912399
745,6086170,584189,6670359,2,0,0,55808,12,2238930851
746,6098381,288972,6387353,5,0,0,57856,10,4311756797
747,6104990,542673,6647663,2,0,0,173568,12,807290169
748,6108851,323690,6432541,5,0,0,42496,10,2348630116
749,6117610,673797,6791407,8,0,1,8704,8,10171926477
750,6131020,516978,6647998,8,0,0,1024,8,4378613900
751,6134741,803025,6937766,5,0,0,27136,10,6871855615
752,6139980,867077,7007057,9,0,1,113664,3,8868139695
753,6150860,884599,7035459,9,0,1,58880,3,5109100142
754,6155550,514980,6670530,8,0,0,512,8,4352588959
755,6198340,837990,7036330,7,0,1,12288,4,8442789090
756,6205750,842950,7048700,8,0,1,1024,8,3675547113
757,6249940,815345,7065285,8,0,1,512,8,3731402550
758,6285060,828722,7113782,9,0,1,59392,3,7900577564
759,6306840,806957,7113797,8,0,1,2048,8,3093026799
760,6408280,374628,6782908,1,0,0,23552,17,2650833405
761,6418790,753551,7172341,9,0,1,61952,3,6260768312
762,6428470,267209,6695679,2,0,0,28160,12,7640400772
763,6429100,346617,6775717,8,0,0,1024,8,3047740861
764,6432410,574632,7007042,1,0,0,93184,17,567849957
765,6448490,386777,6835267,1,0,0,29184,17,214146605
766,6469800,178369,6648169,8,0,0,512,8,9525892596
767,6487490,295760,6783250,8,0,0,1024,8,6928318825
768,6494080,833396,7327476,1,0,0,105472,17,6076949794
769,6517360,238938,6756298,2,0,0,25600,12,6741960390
770,6527470,430816,6958286,2,0,0,7168,12,10348988212
771,6527850,653727,7181577,6,0,1,4096,8,1611985362
772,6540641,565615,7106256,5,0,0,96768,10,8240111646
773,6552340,468646,7020986,1,0,0,41984,17,8075546985
774,6596950,411229,7008179,8,0,0,1024,8,10422077542
775,6608601,190345,6798946,5,0,0,512,10,5999254288
776,6684820,483722,7168542,1,0,0,73216,17,2499984563
777,6704980,408787,7113767,2,0,0,24576,12,4357318293
778,6711540,309781,7021321,8,0,0,1024,8,4048605557
779,6714561,293291,7007852,5,0,0,2560,10,2341975288
780,6720181,177805,6897986,5,0,0,11776,10,1213079233
781,6847800,335057,7182857,1,0,1,14336,17,10434632891
782,6848651,353300,7201951,5,0,0,29696,10,8027559618
783,6877041,386230,7263271,5,0,0,69632,10,5661045122
784,6896280,488371,7384651,2,0,0,63488,12,6302541620
785,6965159,236807,7201966,2,0,1,10240,12,4698395270
786,7011740,386351,7398091,1,0,0,12288,17,7324364354
787,7023970,213555,7237525,9,0,1,79360,3,1444266407
788,7081340,472671,7554011,2,0,0,13312,12,5412198319
789,7112430,540607,7653037,2,0,0,112128,12,2033488871
790,7121860,264842,7386702,2,0,0,6656,12,7292195958
791,7131810,365319,7497129,1,0,0,16896,17,7664951958
792,7148490,114796,7263286,9,0,1,12288,3,8524856776
793,7153660,528873,7682533,1,0,0,47616,17,9706803484
794,7155211,130813,7286024,5,0,0,13824,10,8362923498
795,7157911,294978,7452889,5,0,0,29696,10,1986885401
796,7159550,332416,7491966,2,0,0,59904,12,5112214139
797,7168441,341418,7509859,5,0,0,18944,10,4950596933
798,7207561,157731,7365292,5,0,0,18944,10,9317839883
799,7236950,200014,7436964,2,0,0,512,12,720807980
800,7264020,481733,7745753,1,0,0,37376,17,3705208077
801,7284310,168750,7453060,2,0,0,512,12,2126966180
802,7297451,483555,7781006,5,0,0,1536,10,629295488
803,7322331,294599,7616930,5,0,0,1024,10,9750912372
804,7324140,16203,7340343,9,0,1,21504,3,9193179350
805,7350540,306763,7657303,1,0,0,12800,17,1052241292
806,7350981,302383,7653364,5,0,0,1024,10,4263825508
807,7355880,3422,7359302,9,0,1,3584,3,517732493
808,7366350,20877,7387227,9,0,1,512,3,6857844216
809,7495480,188940,7684420,1,0,0,6144,17,929978558
810,7497020,360573,7857593,2,0,0,512,12,9877184181
811,7500741,400282,7901023,5,0,0,512,10,10200887441
812,7516110,311791,7827901,1,0,0,1024,17,9140317258
813,7569940,366120,7936060,1,0,0,23552,17,6944728851
814,7583770,1518,7585288,4,0,1,1536,5,3894380187
815,7590950,117584,7708534,2,0,0,512,12,9038786801
816,7591670,238387,7830057,2,0,0,1536,12,8600846039
817,7616280,339642,7955922,1,0,0,53760,17,9377770180
818,7625030,347363,7972393,2,0,0,1024,12,4413187161
819,7627861,308526,7936387,5,0,0,1024,10,1880495786
820,7644590,365783,8010373,1,0,0,89088,17,4399992478
821,7726140,1994,7728134,6,0,1,2048,8,9276216027
822,7729701,207325,7937026,5,0,0,2048,10,5754540515
823,7772431,165234,7937665,5,0,0,2048,10,8965677987
824,7810820,158501,7969321,2,0,0,1024,12,5984311130
825,7857890,288250,8146140,1,0,0,42496,17,10178606991
826,7868611,167805,8036416,5,0,0,1024,10,5116718559
827,7902681,243942,8146623,5,0,0,1536,10,7163946592
828,7907930,161815,8069745,2,0,0,4096,12,6227132962
829,7910200,141179,8051379,1,0,0,10240,17,10428498861
830,7920400,6278,7926678,0,0,1,6656,11,2404167449
831,7974070,274212,8248282,2,0,0,512,12,2704723986
832,8034070,188513,8222583,1,0,0,14336,17,9398106570
833,8095510,88580,8184090,1,0,0,4608,17,9748456559
834,8199900,229259,8429159,2,0,0,512,12,3031233799
835,8202750,311265,8514015,2,0,0,3584,12,7706376930
836,8205790,235949,8441739,1,0,0,512,17,10566787620
837,8351830,104934,8456764,2,0,0,1024,12,3231152641
838,8393790,153388,8547178,1,0,0,32256,17,8489110080
839,8468770,112105,8580875,2,0,0,512,12,8045707513
840,8489730,92837,8582567,2,0,0,1024,12,4760295543
841,8574220,384128,8958348,1,0,0,78848,17,6913332421
842,8577380,188382,8765762,1,0,0,28160,17,6143728415
843,8581720,427026,9008746,1,0,0,46592,17,6932228406
844,8606980,104642,8711622,1,0,0,6656,17,3281448274
845,8638310,151933,8790243,1,0,0,32256,17,9946589297
846,8641150,48944,8690094,2,0,0,1536,12,5099460955
847,8651820,216845,8868665,1,0,0,69120,17,7485243144
848,8724330,270205,8994535,1,0,0,79360,17,2327017865
849,8794970,240215,9035185,2,0,0,1536,12,1598630533
850,8804680,247942,9052622,2,0,0,512,12,4190201652
851,8867180,12493,8879673,7,0,1,17920,4,5823796972
852,8871770,171148,9042918,1,0,0,11264,17,3732343973
853,8904210,60168,8964378,2,0,0,512,12,4795788788
854,8904680,2870,8907550,7,0,1,8704,4,8478109113
855,8950390,10896,8961286,7,0,1,3072,4,897929480
856,8992470,236297,9228767,1,0,0,28672,17,7817684208
857,9006010,138115,9144125,1,0,0,34304,17,2640889869
858,9017540,7230,9024770,7,0,1,7680,4,7096876971
859,9021720,3396,9025116,7,0,1,512,4,5468618620
860,9023670,312654,9336324,2,0,0,96256,12,5241224070
861,9026000,346999,9372999,1,0,0,120320,17,3430493285
862,9089390,318365,9407755,1,0,0,46080,17,3342168077
863,9110550,368852,9479402,1,0,0,67584,17,5606465311
864,9118040,298108,9416148,2,0,0,18432,12,855452679
865,9124270,269071,9393341,2,0,0,51200,12,6508168877
866,9140880,3803,9144683,1,0,1,512,17,5357377571
867,9152560,394394,9546954,2,0,0,63488,12,713214667
868,9153010,224716,9377726,2,0,0,15360,12,9022959441
869,9155960,4374,9160334,1,0,1,4608,17,8422328463
870,9176430,395078,9571508,1,0,0,11776,17,7709677350
871,9193260,353865,9547125,8,0,0,512,8,4183161104
872,9204169,254618,9458787,7,0,0,11776,4,1832641660
873,9227019,443895,9670914,7,0,0,102912,4,5906725089
874,9262290,131378,9393668,8,0,0,1024,8,5160743115
875,9303090,377214,9680304,2,0,0,2048,12,9048823060
876,9305709,187613,9493322,7,0,0,12288,4,9699890765
877,9337070,264168,9601238,8,0,0,1536,8,7390259451
878,9343569,336096,9679665,7,0,0,28672,4,4882009997
879,9349080,58698,9407778,7,0,1,4608,4,3987288812
880,9353869,455585,9809454,7,0,0,146432,4,1144500205
881,9381810,27422,9409232,7,0,1,1536,4,3743262032
882,9387560,167914,9555474,8,0,0,512,8,2760196614
883,9389790,708864,10098654,1,0,0,12288,17,8423618612
884,9418869,220674,9639543,7,0,0,23040,4,3968314485
885,9419259,148638,9567897,7,0,0,15872,4,3131884153
886,9448219,301806,9750025,7,0,0,19456,4,861953309
887,9457340,541683,9999023,2,0,0,36864,12,7514688609
888,9464650,695420,10160070,1,0,0,14336,17,277309469
889,9494920,215120,9710040,8,0,0,512,8,8210625967
890,9513210,718608,10231818,1,0,0,28672,17,8154420248
891,9542219,613436,10155655,7,0,0,150016,4,1920150757
892,9543090,627068,10170158,2,0,0,22528,12,10497016640
893,9550829,333685,9884514,7,0,0,70144,4,3729951500
894,9564880,158823,9723703,1,0,0,14848,17,2334951432
895,9575240,343032,9918272,1,0,0,15872,17,6311350619
896,9578950,434752,10013702,1,0,0,48128,17,6187342363
897,9595409,374586,9969995,7,0,0,102912,4,8373793866
898,9595930,244682,9840612,1,0,0,31744,17,7888237402
899,9596890,2470,9599360,5,0,1,2560,10,8797843462
900,9709679,899597,10609276,7,0,0,175616,4,8695482204
901,9717400,190832,9908232,1,0,0,10752,17,10216995860
902,9741430,317535,10058965,8,0,0,512,8,2618018333
903,9743200,585520,10328720,2,0,0,10240,12,10342144874
904,9763310,46159,9809469,6,0,1,3584,8,4164266530
905,9768640,419073,10187713,1,0,0,2048,17,5461246850
906,9782030,319018,10101048,1,0,0,6144,17,8510982830
907,9782220,34997,9817217,6,0,1,8192,8,5814499935
908,9815460,168501,9983961,1,0,0,19456,17,8796996148
909,9841929,493670,10335599,7,0,0,22528,4,8370088305
910,9844780,1518,9846298,6,0,1,1536,8,1875100355
911,9877650,13610,9891260,9,0,1,7168,3,4341627382
912,9888030,7096,9895126,6,0,1,6144,8,1076978321
913,9891870,592032,10483902,1,0,0,139264,17,2748853868
914,9954219,334996,10289215,7,0,0,39424,4,3010341537
915,9963990,11824,9975814,6,0,1,6144,8,8301290308
916,9980329,455083,10435412,7,0,0,119808,4,3443347060
917,10028300,4850,10033150,6,0,1,5120,8,3271856751
918,10034000,495704,10529704,1,0,0,57856,17,3867090672
919,10082280,3898,10086178,6,0,1,4096,8,926668961
920,10088000,131556,10219556,1,0,0,2048,17,5677640925
921,10096680,4383,10101063,8,0,1,512,8,1878358925
922,10105260,161786,10267046,8,0,0,512,8,5619041528
923,10106980,166946,10273926,1,0,0,512,17,3496461880
924,10108950,500513,10609463,8,0,0,512,8,6504144684
925,10120650,134833,10255483,8,0,0,1536,8,3910235153
926,10124029,266209,10390238,7,0,0,19456,4,2064135113
927,10129870,40311,10170181,8,0,1,4096,8,7900359436
928,10148279,293176,10441455,7,0,0,16384,4,1418569113
929,10162830,7366,10170196,6,0,1,2048,8,2071826939
930,10162940,210928,10373868,2,0,0,14848,12,3486059537
931,10169910,119476,10289386,8,0,0,512,8,1444879036
932,10204050,3422,10207472,6,0,1,3584,8,7372056867
933,10208100,347561,10555661,1,0,0,73728,17,9417048464
934,10210679,301382,10512061,7,0,0,92160,4,7268620737
935,10212830,1994,10214824,8,0,1,2048,8,366384109
936,10233010,566,10233576,6,0,1,512,8,3081372981
937,10239719,196729,10436448,7,0,0,1536,4,1925822789
938,10245980,189759,10435739,8,0,0,1024,8,5808446079
939,10248290,2946,10251236,6,0,1,3072,8,8328131230
940,10266260,169705,10435965,8,0,0,512,8,2329492908
941,10274460,1994,10276454,6,0,1,2048,8,478532575
942,10285500,8040,10293540,8,0,1,11264,8,2784860992
943,10310739,222412,10533151,7,0,0,11264,4,4540864660
944,10336290,1518,10337808,6,0,1,1536,8,9435887538
945,10341360,3898,10345258,8,0,1,4096,8,2603361705
946,10360600,7230,10367830,8,0,1,7680,8,5299194283
947,10378190,566,10378756,8,0,1,512,8,4756690683
948,10394651,41143,10435794,3,0,1,28160,0,575970672
949,10396080,137102,10533182,8,0,1,1536,8,5967126055
950,10399171,156505,10555676,3,0,1,9216,0,2708636443
951,10399810,155881,10555691,6,0,1,2560,8,632941458
952,10402480,153226,10555706,6,0,1,1536,8,7087004492
953,10405290,150447,10555737,6,0,1,10240,8,7059323428
954,10435530,177092,10612622,2,0,0,10240,12,8635000326
955,10445090,238203,10683293,1,0,0,70656,17,3330131007
956,10446150,215577,10661727,1,0,0,18944,17,7574075724
957,10479189,279330,10758519,7,0,0,41984,4,4098428245
958,10480350,132359,10612709,8,0,1,512,8,294387795
959,10490040,122684,10612724,9,0,1,2048,3,3234875872
960,10490341,122398,10612739,3,0,1,1024,0,9880400234
961,10495971,117739,10613710,3,0,1,2560,0,6335063410
962,10505240,388324,10893564,2,0,0,16896,12,5448245804
963,10535631,80096,10615727,3,0,1,3072,0,2553759806
964,10562410,54943,10617353,1,0,1,2560,17,5337556595
965,10566610,52049,10618659,6,0,1,2048,8,1908618978
966,10568020,54505,10622525,9,0,1,6144,3,9374624818
967,10573680,369726,10943406,2,0,0,6144,12,4488608296
968,10574360,48319,10622679,4,0,1,8704,5,4430283119
969,10598111,24824,10622935,3,0,1,9216,0,7680437908
970,10607110,19012,10626122,6,0,1,10240,8,1716304616
971,10608030,18438,10626468,4,0,1,512,5,5775688456
972,10614430,15640,10630070,8,0,1,11264,8,10675890267
973,10617199,271202,10888401,7,0,0,84480,4,4773435101
974,10619580,14697,10634277,6,0,1,12800,8,1521573945
975,10651700,63514,10715214,2,0,0,3584,12,2913564717
976,10652700,9042,10661742,6,0,1,4096,8,10488417168
977,10658190,36078,10694268,7,0,1,17920,4,4404485590
978,10668940,26634,10695574,6,0,1,2048,8,6999233720
979,10670309,31985,10702294,2,0,1,21504,12,7014078938
980,10670950,32650,10703600,6,0,1,2048,8,4451833093
981,10675530,28736,10704266,9,0,1,1024,3,2519061615
982,10679149,30916,10710065,2,0,1,19456,12,3535296376
983,10685850,223584,10909434,8,0,0,512,8,9394029372
984,10693750,239511,10933261,1,0,0,33280,17,6221039180
985,10702400,7819,10710219,9,0,1,8704,3,4317425606
986,10707120,365023,11072143,1,0,0,51200,17,9630548791
987,10707950,386306,11094256,6,0,0,512,8,4784764398
988,10711710,4850,10716560,1,0,1,5120,17,4281810177
989,10722360,5802,10728162,4,0,1,6144,5,3773031574
990,10738099,60866,10798965,2,0,1,98304,12,428751066
991,10753469,216048,10969517,7,0,0,512,4,3771581096
992,10770870,274664,11045534,1,0,0,5120,17,6349459579
993,10785519,19859,10805378,2,0,1,22528,12,8484176353
994,10786369,20187,10806556,2,0,1,13824,12,9305034523
995,10787340,19562,10806902,6,0,1,512,8,5437536714
996,10794389,18107,10812496,2,0,1,26624,12,8700375011
997,10813230,5802,10819032,9,0,1,6144,3,4937992339
998,10823740,3387,10827127,6,0,1,9728,8,7528397263
999,10836690,5326,10842016,6,0,1,5632,8,4857203885
1000,10848440,230353,11078793,2,0,0,20992,12,1394691646
1001,10855619,95804,10951423,2,0,1,159744,12,7768808003
1002,10866240,85951,10952191,4,0,1,11776,5,6981275470
1003,10867560,308359,11175919,8,0,0,512,8,7517143537
1004,10871659,246174,11117833,7,0,0,2560,4,7798869495
1005,10875659,196708,11072367,7,0,0,512,4,10736206849
1006,10884760,69057,10953817,4,0,1,2560,5,9229286279
1007,10898590,57813,10956403,6,0,1,4096,8,23054308
1008,10905380,52649,10958029,9,0,1,2560,3,6121513711
1009,10906850,53765,10960615,4,0,1,4096,5,10222959946
1010,10939770,229409,11169179,2,0,0,14336,12,3860808936
1011,10945340,16581,10961921,4,0,1,2048,5,14233556
1012,10951549,80293,11031842,7,0,0,512,4,10174783613
1013,10954440,7827,10962267,6,0,1,512,8,3357534605
1014,10955310,8135,10963445,4,0,1,13824,5,9454488107
1015,10962330,7706,10970036,9,0,1,8192,3,9534573352
1016,10962930,8092,10971022,6,0,1,1536,8,730581039
1017,10969550,200337,11169887,8,0,0,1536,8,4562496523
1018,10985919,60866,11046785,2,0,1,98304,12,6992266366
1019,11004580,43191,11047771,6,0,1,1536,8,5022854890
1020,11005470,43287,11048757,9,0,1,1536,3,5134593775
1021,11016919,37023,11053942,2,0,1,24576,12,9683618513
1022,11024140,32388,11056528,6,0,1,4096,8,4861220040
1023,11024190,47968,11072158,7,0,1,4096,4,951010963
1024,11027620,299137,11326757,2,0,0,7168,12,275303903
1025,11028830,278030,11306860,1,0,0,120320,17,100073415
1026,11038320,33861,11072181,9,0,1,4608,3,8567231634
1027,11038600,290356,11328956,1,0,0,7168,17,10323417698
1028,11048080,274893,11322973,2,0,0,52224,12,6210782787
1029,11051100,21096,11072196,6,0,1,12288,8,2091285814
1030,11053240,19142,11072382,4,0,1,8192,5,601564297
1031,11059800,19518,11079318,9,0,1,512,3,2274738097
1032,11086590,3422,11090012,4,0,1,3584,5,2609424662
1033,11087520,3856,11091376,4,0,1,10240,5,4906635589
1034,11096680,1518,11098198,9,0,1,1536,3,7060669997
1035,11101120,222032,11323152,8,0,0,512,8,1393673006
1036,11103160,3387,11106547,4,0,1,9728,5,5046210069
1037,11104310,350673,11454983,1,0,0,58880,17,3808464788
1038,11125980,4162,11130142,6,0,1,11264,8,9426816352
1039,11128149,221451,11349600,7,0,0,4096,4,5944926076
1040,11138530,6754,11145284,9,0,1,7168,3,7542637294
1041,11159670,147376,11307046,8,0,0,512,8,4154302754
1042,11173280,221817,11395097,2,0,0,6144,12,965857152
1043,11173799,13858,11187657,2,0,1,23552,12,10496719273
1044,11180669,13094,11193763,2,0,1,20992,12,9102863170
1045,11190320,5389,11195709,6,0,1,3072,8,2891438490
1046,11200010,1994,11202004,6,0,1,2048,8,8270682655
1047,11202610,190585,11393195,1,0,0,17408,17,227416538
1048,11220870,2470,11223340,6,0,1,2560,8,7186527889
1049,11242429,64446,11306875,2,0,1,53248,12,4048344386
1050,11250270,113356,11363626,8,0,0,512,8,4863170213
1051,11298190,25512,11323702,8,0,1,512,8,6262237693
1052,11300890,28081,11328971,6,0,1,4096,8,6324004450
1053,11342370,4679,11347049,6,0,1,12288,8,4403190872
1054,11342989,50221,11393210,2,0,1,68096,12,8339516583
1055,11347979,51229,11399208,2,0,1,36864,12,35991975
1056,11351469,135434,11486903,7,0,0,1024,4,7569892142
1057,11357910,42284,11400194,6,0,1,1536,8,5166850425
1058,11361820,244524,11606344,1,0,0,41984,17,10320523957
1059,11363040,270513,11633553,2,0,0,58880,12,8086501707
1060,11391700,8840,11400540,8,0,1,512,8,1133951836
1061,11402699,66462,11469161,2,0,1,112640,12,5020933733
1062,11410490,60937,11471427,8,0,1,3584,8,8910005524
1063,11415480,247905,11663385,8,0,0,512,8,402923224
1064,11418420,57193,11475613,6,0,1,6656,8,3976737604
1065,11443540,287032,11730572,8,0,0,512,8,8122643683
1066,11453800,24399,11478199,8,0,1,4096,8,2679222690
1067,11455460,189934,11645394,8,0,0,1024,8,6031331660
1068,11474840,225631,11700471,2,0,0,40448,12,6304389438
1069,11492009,33075,11525084,2,0,1,54272,12,1881865375
1070,11492120,294152,11786272,8,0,0,1024,8,252656084
1071,11494390,33280,11527670,8,0,1,4096,8,8673652547
1072,11518960,323309,11842269,8,0,0,512,8,8805983078
1073,11532580,4162,11536742,8,0,1,11264,8,10520367374
1074,11536109,23378,11559487,2,0,1,41984,12,4224004491
1075,11562109,24670,11586779,2,0,1,44544,12,6715787085
1076,11568950,144492,11713442,1,0,0,30720,17,3003727630
1077,11582099,30491,11612590,2,0,1,49152,12,8930517782
1078,11589900,252166,11842066,1,0,0,80384,17,4327016631
1079,11593900,288490,11882390,2,0,0,38912,12,5913957360
1080,11604550,9666,11614216,6,0,1,2560,8,4119921982
1081,11611460,4062,11615522,8,0,1,2048,8,10688200123
1082,11612460,194825,11807285,8,0,0,1024,8,9820201389
1083,11633259,269056,11902315,7,0,0,2048,4,6260169371
1084,11643919,105242,11749161,2,0,1,171520,12,8195832792
1085,11649349,253137,11902486,7,0,0,512,4,2431644930
1086,11704060,199065,11903125,8,0,0,2048,8,8120806476
1087,11712350,38757,11751107,6,0,1,3072,8,7319810662
1088,11732330,169346,11901676,1,0,0,43008,17,3507350990
1089,11761390,5454,11766844,9,0,1,13824,3,8327247004
1090,11773619,34108,11807727,2,0,1,56320,12,1097873166
1091,11802100,728826,12530926,2,0,0,250368,12,5730732354
1092,11809900,455701,12265601,2,0,0,56832,12,9848796590
1093,11823420,355565,12178985,8,0,0,1024,8,8300228804
1094,11824530,19742,11844272,9,0,1,2048,3,1055157971
1095,11830219,52186,11882405,2,0,1,59392,12,4909442797
1096,11831930,50490,11882420,6,0,1,5120,8,6390221731
1097,11837140,115821,11952961,8,0,0,1024,8,3750211605
1098,11838720,44654,11883374,9,0,1,5120,3,669111539
1099,11848749,398523,12247272,7,0,0,1024,4,916143322
1100,11855450,28180,11883630,8,0,1,9216,8,1289404978
1101,11868210,19606,11887816,6,0,1,6656,8,839075233
1102,11900960,3199,11904159,6,0,1,1024,8,4894796143
1103,11908679,4679,11913358,2,0,1,12288,12,5716585774
1104,11909070,657454,12566524,2,0,0,114176,12,1445414483
1105,11919190,6754,11925944,9,0,1,7168,3,5049957154
1106,11922349,52033,11974382,2,0,1,84480,12,3731748347
1107,11927419,58407,11985826,2,0,1,46592,12,8456749524
1108,11931010,55380,11986390,8,0,1,10752,8,2174907605
1109,11934330,52624,11986954,9,0,1,10752,3,9122824990
1110,11944130,44130,11988260,9,0,1,2048,3,5393903460
1111,11944170,44756,11988926,8,0,1,1024,8,5087065660
1112,11946880,43032,11989912,8,0,1,1536,8,5895240151
1113,11956759,328615,12285374,7,0,0,2048,4,9402893911
1114,11969380,408226,12377606,2,0,0,73216,12,5856690979
1115,11974620,16918,11991538,6,0,1,2560,8,2520482608
1116,11980240,196765,12177005,2,0,0,4608,12,8388146904
1117,11981240,13844,11995084,9,0,1,5632,3,232062603
1118,11991019,15321,12006340,2,0,1,29696,12,5572227265
1119,12005420,5802,12011222,8,0,1,6144,8,764788736
1120,12008269,558597,12566866,7,0,0,512,4,9410047941
1121,12030790,566,12031356,8,0,1,512,8,1694802800
1122,12053060,5326,12058386,8,0,1,5632,8,10466334469
1123,12060020,3387,12063407,9,0,1,9728,3,2267075747
1124,12061250,4653,12065903,8,0,1,8704,8,7179737459
1125,12066830,563669,12630499,1,0,0,184320,17,10355768553
1126,12069599,319389,12388988,7,0,0,3584,4,7105417090
1127,12086500,6754,12093254,7,0,1,7168,4,1971993970
1128,12110520,458302,12568822,8,0,0,2048,8,217336976
1129,12112250,419471,12531721,2,0,0,2560,12,1924721206
1130,12125850,2470,12128320,8,0,1,2560,8,4372798366
1131,12140070,427303,12567373,8,0,0,1536,8,10091858321
1132,12147729,570487,12718216,7,0,0,512,4,7166380004
1133,12183919,382776,12566695,7,0,0,512,4,2048884785
1134,12187530,380482,12568012,1,0,0,2048,17,1042033241
1135,12189570,688123,12877693,1,0,0,74752,17,2632621401
1136,12194420,373763,12568183,8,0,0,512,8,3487280439
1137,12197650,520395,12718045,2,0,0,77312,12,1920276658
1138,12219170,684941,12904111,1,0,0,34304,17,446855420
1139,12230300,3898,12234198,8,0,1,4096,8,10049791420
1140,12238819,53325,12292144,2,0,1,87040,12,6475602902
1141,12250909,68309,12319218,2,0,1,87552,12,7398426595
1142,12254170,155728,12409898,8,0,0,512,8,8039034258
1143,12262990,58814,12321804,8,0,1,4096,8,7951565711
1144,12273770,48393,12322163,8,0,1,9728,8,10224299763
1145,12285750,36759,12322509,8,0,1,512,8,5079327199
1146,12309170,321547,12630717,2,0,0,512,12,5339947294
1147,12309479,16576,12326055,2,0,1,5632,12,4189101395
1148,12325349,61382,12386731,2,0,1,99328,12,6048884554
1149,12346869,45559,12392428,2,0,1,27136,12,8634992308
1150,12349219,45475,12394694,2,0,1,3584,12,9456341684
1151,12368250,394235,12762485,8,0,0,512,8,8946299904
1152,12368750,26200,12394950,8,0,1,9216,8,8015605611
1153,12395550,560872,12956422,1,0,0,114688,17,2175062168
1154,12410930,4850,12415780,9,0,1,5120,3,7122404398
1155,12430550,345654,12776204,2,0,0,34816,12,7296068808
1156,12436670,585168,13021838,1,0,0,143360,17,2525161049
1157,12444930,691214,13136144,1,0,0,13824,17,1698035912
1158,12461759,314928,12776687,7,0,0,1536,4,8977565330
1159,12483530,86944,12570474,9,0,1,1536,3,6734805096
1160,12484680,734721,13219401,2,0,0,52224,12,9544875151
1161,12527229,250097,12777326,7,0,0,2048,4,5759562966
1162,12527689,102825,12630514,2,0,1,62464,12,4796666570
1163,12531230,918125,13449355,1,0,0,138752,17,2889552101
1164,12548259,82489,12630748,2,0,1,61440,12,902223363
1165,12555210,328560,12883770,1,0,0,18944,17,3855564916
1166,12560700,70063,12630763,8,0,1,3072,8,5035989610
1167,12562500,636332,13198832,1,0,0,97792,17,9244459403
1168,12582880,49380,12632260,1,0,1,1536,17,4302843361
1169,12593600,40286,12633886,8,0,1,2560,8,291575832
1170,12594639,214761,12809400,7,0,0,512,4,9294203730
1171,12604080,33712,12637792,8,0,1,6144,8,4482111266
1172,12618309,634488,13252797,7,0,0,1024,4,3196441914
1173,12621240,356865,12978105,1,0,0,38912,17,10551976468
1174,12637180,11016,12648196,9,0,1,17920,3,6288146276
1175,12644329,233607,12877936,7,0,0,512,4,10247480044
1176,12650810,4374,12655184,8,0,1,4608,8,4727616411
1177,12651489,7262,12658751,2,0,1,15872,12,4466869576
1178,12660130,306057,12966187,2,0,0,31744,12,5955925052
1179,12662409,466676,13129085,7,0,0,512,4,10615028977
1180,12684869,193106,12877975,2,0,1,307200,12,6026636235
1181,12685449,203233,12888682,2,0,1,64512,12,7166437187
1182,12687910,604400,13292310,2,0,0,49664,12,4239179807
1183,12688660,336215,13024875,1,0,0,9216,17,2922915945
1184,12689960,811143,13501103,2,0,0,37888,12,8708752608
1185,12690230,562225,13252455,2,0,0,35328,12,804241861
1186,12690340,200288,12890628,9,0,1,3072,3,3974020214
1187,12705629,404536,13110165,7,0,0,1024,4,3457712846
1188,12708130,184444,12892574,9,0,1,3072,3,9003776506
1189,12713229,513441,13226670,7,0,0,2048,4,4141986235
1190,12717050,187076,12904126,1,0,1,4096,17,31408617
1191,12722280,162943,12885223,8,0,0,2560,8,7943683550
1192,12730119,295099,13025218,7,0,0,1024,4,7584387428
1193,12738819,165322,12904141,2,0,1,22016,12,3485444653
1194,12746349,210136,12956485,2,0,1,154624,12,9347913484
1195,12753449,516423,13269872,7,0,0,1024,4,133036578
1196,12782240,420899,13203139,1,0,0,13824,17,3931844716
1197,12803990,152510,12956500,9,0,1,6656,3,6135130685
1198,12812779,224491,13037270,7,0,0,1024,4,417340378
1199,12818250,631493,13449743,8,0,0,1024,8,2196624950
1200,12821000,145202,12966202,1,0,1,3072,17,1684720347
1201,12824299,153829,12978128,2,0,1,27136,12,369049028
1202,12825160,152983,12978143,9,0,1,8704,3,9641054504
1203,12835190,186679,13021869,9,0,1,6656,3,4198133193
1204,12849929,171987,13021916,2,0,1,50176,12,8748395934
1205,12864290,157649,13021939,8,0,1,13824,8,364695884
1206,12867350,261564,13128914,2,0,0,13312,12,4098531952
1207,12868470,461944,13330414,1,0,0,1536,17,1319587301
1208,12875230,146724,13021954,9,0,1,16896,3,9367928099
1209,12877350,144619,13021969,9,0,1,1024,3,3814969194
1210,12880360,141632,13021992,9,0,1,2560,3,9672637916
1211,12882060,410913,13292973,1,0,0,2048,17,3533717361
1212,12910190,592667,13502857,1,0,0,5120,17,1263382359
1213,12910961,111046,13022007,3,0,1,3072,0,3615049761
1214,12916050,105972,13022022,9,0,1,512,3,7790123012
1215,12918570,103467,13022037,1,0,1,512,17,2417073970
1216,12928871,93181,13022052,3,0,1,5632,0,3043355160
1217,12959181,66076,13025257,3,0,1,3072,0,8818140149
1218,12962410,517268,13479678,1,0,0,80384,17,9543219254
1219,12963400,66456,13029856,1,0,1,12288,17,6471311191
1220,12965700,361625,13327325,8,0,0,512,8,5335602128
1221,12975530,56261,13031791,8,0,1,8704,8,7802972523
1222,12979040,224434,13203474,8,0,0,1024,8,4726343328
1223,12981129,275661,13256790,7,0,0,512,4,23539324
1224,12989421,46050,13035471,3,0,1,4096,0,8486561439
1225,13001550,36216,13037766,1,0,1,12800,17,3384002312
1226,13009800,28312,13038112,1,0,1,512,17,3474564817
1227,13032819,50697,13083516,2,0,1,79872,12,9279093510
1228,13033390,262726,13296116,1,0,0,10240,17,6682753219
1229,13033990,358395,13392385,1,0,0,16896,17,4583504938
1230,13051780,32402,13084182,9,0,1,1024,3,5449808551
1231,13052300,432229,13484529,1,0,0,15872,17,2005719833
1232,13055519,45650,13101169,2,0,1,65024,12,3893238632
1233,13061850,39678,13101528,1,0,1,9728,17,4710724320
1234,13072030,31764,13103794,1,0,1,3584,17,6809421579
1235,13074350,415194,13489544,1,0,0,16384,17,2974120684
1236,13088890,743601,13832491,2,0,0,117760,12,2780018248
1237,13092940,314124,13407064,1,0,0,48128,17,31783897
1238,13108161,4420,13112581,3,0,1,11776,0,922536939
1239,13108640,7056,13115696,9,0,1,4096,3,743290837
1240,13126919,114165,13241084,2,0,1,181248,12,7650012085
1241,13139930,242878,13382808,8,0,0,512,8,1586131548
1242,13148560,103910,13252470,8,0,1,4608,8,9557234462
1243,13149421,103391,13252812,3,0,1,3072,0,10209941674
1244,13150620,102207,13252827,8,0,1,3584,8,8827175739
1245,13152300,100542,13252842,9,0,1,6144,3,6310945223
1246,13158880,94814,13253694,1,0,1,2560,17,2582565543
1247,13167969,333313,13501282,7,0,0,512,4,1077760142
1248,13173611,80429,13254040,3,0,1,512,0,3936832101
1249,13181791,72595,13254386,3,0,1,512,0,9144536188
1250,13182541,72191,13254732,3,0,1,512,0,2135076524
1251,13186910,71688,13258598,8,0,1,6144,8,3255599331
1252,13215411,43853,13259264,3,0,1,1024,0,3428639284
1253,13225070,37100,13262170,8,0,1,4608,8,7151461772
1254,13230560,408446,13639006,2,0,0,23040,12,3954877745
1255,13236559,143941,13380500,7,0,0,512,4,4260003329
1256,13239020,24456,13263476,8,0,1,2048,8,1814856369
1257,13240110,27872,13267982,7,0,1,7168,4,9215965886
1258,13252310,22188,13274498,8,0,1,31232,8,4009163657
1259,13263001,12483,13275484,3,0,1,1536,0,2949448600
1260,13273390,285414,13558804,1,0,0,1024,17,9773101620
1261,13278900,398778,13677678,1,0,0,81920,17,1462015871
1262,13278920,17721,13296641,8,0,1,512,8,6742919442
1263,13281071,17630,13298701,3,0,1,2560,0,701161124
1264,13286220,14427,13300647,5,0,1,3072,10,1436291924
1265,13299009,150361,13449370,2,0,1,150528,12,7645036052
1266,13322880,126505,13449385,9,0,1,35328,3,525990133
1267,13332479,116921,13449400,2,0,1,10752,12,5563748877
1268,13333209,116549,13449758,2,0,1,63488,12,6881090152
1269,13340839,108934,13449773,2,0,1,5120,12,6250473575
1270,13346611,103185,13449796,3,0,1,3584,0,3348947258
1271,13361591,88220,13449811,3,0,1,512,0,8563177845
1272,13365650,84176,13449826,8,0,1,5120,8,6048787014
1273,13370560,420125,13790685,1,0,0,9216,17,9696299951
1274,13372819,233456,13606275,7,0,0,512,4,10078045401
1275,13374961,74880,13449841,3,0,1,2560,0,7843460301
1276,13379260,644714,14023974,2,0,0,112128,12,764116543
1277,13411440,445292,13856732,1,0,0,79360,17,6442193262
1278,13413420,447243,13860663,1,0,0,12800,17,9214086695
1279,13424149,437317,13861466,7,0,0,2560,4,1414392544
1280,13439690,14041,13453731,9,0,1,4096,3,5794756820
1281,13468591,35417,13504008,3,0,1,3072,0,10436508689
1282,13503530,6278,13509808,7,0,1,6656,4,853355027
1283,13507500,3294,13510794,8,0,1,1536,8,320138444
1284,13518550,200005,13718555,1,0,0,1536,17,517259297
1285,13528430,566,13528996,9,0,1,512,3,9041977705
1286,13535600,7230,13542830,9,0,1,7680,3,10079603130
1287,13536861,6942,13543803,3,0,1,12800,0,760668346
1288,13573370,376881,13950251,2,0,0,16896,12,10299970090
1289,13600660,527889,14128549,1,0,0,54784,17,603391878
1290,13620669,21399,13642068,2,0,1,34816,12,8048354516
1291,13622399,362565,13984964,7,0,0,1536,4,1809141048
1292,13627330,20435,13647765,7,0,1,18944,4,8903628076
1293,13635071,15920,13650991,3,0,1,5120,0,784290438
1294,13637940,14357,13652297,0,0,1,2048,11,4802571273
1295,13641919,242160,13884079,7,0,0,2048,4,2013826629
1296,13644670,408092,14052762,1,0,0,1024,17,5119775990
1297,13649541,28152,13677693,3,0,1,9728,0,8245327762
1298,13652601,25115,13677716,3,0,1,17920,0,10291631394
1299,13654060,208201,13862261,1,0,0,2560,17,4191112121
1300,13670050,19759,13689809,0,0,1,19968,11,7998124558
1301,13671311,22044,13693355,3,0,1,5632,0,6425211865
1302,13677040,188364,13865404,2,0,0,10240,12,3222749540
1303,13686949,16613,13703562,2,0,1,32256,12,5528553502
1304,13687991,16544,13704535,3,0,1,12800,0,2540023052
1305,13698040,328936,14026976,8,0,0,1536,8,4374680928
1306,13708591,4850,13713441,3,0,1,5120,0,112613090
1307,13714691,6754,13721445,3,0,1,7168,0,3646392286
1308,13718210,235205,13953415,1,0,0,512,17,5156132182
1309,13718269,3432,13721701,2,0,1,9216,12,3827989773
1310,13722189,4420,13726609,2,0,1,11776,12,1094367039
1311,13724760,5440,13730200,0,0,1,4608,11,5908939126
1312,13730740,2946,13733686,7,0,1,3072,4,5312936141
1313,13732870,293623,14026493,2,0,0,8192,12,50748633
1314,13750589,156404,13906993,7,0,0,512,4,944338011
1315,13752350,1518,13753868,7,0,1,1536,4,4803664927
1316,13770060,561639,14331699,1,0,0,3584,17,6530726671
1317,13770100,13342,13783442,0,0,1,22528,11,5446054205
1318,13779610,5138,13784748,0,0,1,2048,11,10093930938
1319,13782429,50077,13832506,2,0,1,29184,12,7582937189
1320,13786990,45531,13832521,0,0,1,9216,11,4182455592
1321,13799480,65947,13865427,0,0,1,1024,11,2621096127
1322,13801770,368491,14170261,2,0,0,38400,12,3474377702
1323,13808490,59343,13867833,5,0,1,2560,10,4003785394
1324,13811070,288417,14099487,1,0,0,24576,17,2131916581
1325,13849260,447658,14296918,1,0,0,108032,17,8044078638
1326,13864950,3549,13868499,1,0,1,1024,17,9311502670
1327,13870709,13385,13884094,2,0,1,22016,12,8132772182
1328,13879569,30749,13910318,2,0,1,49664,12,5067959046
1329,13881369,58568,13939937,2,0,1,77824,12,256599515
1330,13902510,41933,13944443,0,0,1,7168,11,8588488007
1331,13919270,30996,13950266,0,0,1,7680,11,9585239173
1332,13944610,6285,13950895,1,0,1,2560,17,7648377457
1333,13975140,2946,13978086,0,0,1,3072,11,10369639839
1334,13996370,33793,14030163,8,0,1,9216,8,8219026421
1335,14008400,288697,14297097,8,0,0,512,8,3163657880
1336,14011870,25203,14037073,1,0,1,7680,17,6317784972
1337,14020150,212215,14232365,8,0,0,512,8,7191158620
1338,14020729,33628,14054357,2,0,1,36352,12,2077805733
1339,14032300,359284,14391584,1,0,0,26112,17,1625875695
1340,14032859,21857,14054716,2,0,1,9728,12,6947558820
1341,14033550,22152,14055702,0,0,1,1536,11,10396182032
1342,14037990,19338,14057328,1,0,1,2560,17,10670615206
1343,14043270,17604,14060874,1,0,1,5632,17,1578942213
1344,14048760,12985,14061745,1,0,1,12288,17,10300887784
1345,14048880,16411,14065291,7,0,1,5632,4,5736870272
1346,14080480,4374,14084854,0,0,1,4608,11,10369192251
1347,14102870,3898,14106768,1,0,1,4096,17,9564211024
1348,14103050,198996,14302046,8,0,0,512,8,1930919537
1349,14139220,566,14139786,7,0,1,512,4,3065004018
1350,14139340,792,14140132,7,0,1,512,4,4162122589
1351,14140619,35571,14176190,2,0,1,62464,12,47889671
1352,14145999,47158,14193157,2,0,1,40960,12,6222234615
1353,14152380,43683,14196063,0,0,1,4608,11,4499549048
1354,14163349,52096,14215445,2,0,1,50688,12,7104296079
1355,14204800,13231,14218031,1,0,1,4096,17,8127494809
1356,14212330,7647,14219977,0,0,1,3072,11,5646464585
1357,14213610,7033,14220643,1,0,1,1024,17,5986908767
1358,14216680,7829,14224509,0,0,1,6144,11,7263050553
1359,14220490,5005,14225495,7,0,1,1536,4,3300888085
1360,14222040,5721,14227761,0,0,1,3584,11,637835219
1361,14226459,13083,14239542,2,0,1,22016,12,6903722988
1362,14242889,351179,14594068,7,0,0,512,4,9369764759
1363,14246490,130757,14377247,8,0,0,512,8,6231503220
1364,14249730,7230,14256960,1,0,1,7680,17,5706754450
1365,14251910,225357,14477267,2,0,0,30720,12,2201147113
1366,14277800,21776,14299576,1,0,1,2560,17,178459816
1367,14289570,10992,14300562,0,0,1,1536,11,5588969844
1368,14295060,418518,14713578,1,0,0,24064,17,3092294244
1369,14299020,7706,14306726,1,0,1,8192,17,2937600262
1370,14299629,254054,14553683,7,0,0,1536,4,3452869386
1371,14328109,149329,14477438,7,0,0,512,4,4669181499
1372,14329170,3898,14333068,0,0,1,4096,11,5085392982
1373,14344459,21658,14366117,2,0,1,35328,12,7042732786
1374,14353500,17443,14370943,1,0,1,7680,17,5261716727
1375,14369100,164221,14533321,8,0,0,512,8,1957324388
1376,14375040,566,14375606,0,0,1,512,11,8972465266
1377,14383000,158392,14541392,8,0,0,512,8,5906976264
1378,14393030,1994,14395024,0,0,1,2048,11,627986738
1379,14404370,1518,14405888,0,0,1,1536,11,10689436798
1380,14413050,125450,14538500,8,0,0,1024,8,8641707319
1381,14430529,23120,14453649,2,0,1,41472,12,800885832
1382,14432520,310272,14742792,1,0,0,66048,17,6268966127
1383,14448370,10105,14458475,4,0,1,7680,5,7788375586
1384,14451210,356816,14808026,2,0,0,32256,12,2680182258
1385,14452470,238362,14690832,2,0,0,56832,12,6395044549
1386,14472150,194340,14666490,1,0,0,5632,17,5872336232
1387,14472830,9492,14482322,4,0,1,5120,5,854232853
1388,14475090,11738,14486828,4,0,1,7168,5,8934747625
1389,14498029,3422,14501451,2,0,1,3584,12,10492013034
1390,14501599,13512,14515111,2,0,1,26112,12,510093023
1391,14507110,134736,14641846,8,0,0,512,8,2655055537
1392,14518440,4374,14522814,1,0,1,4608,17,391491591
1393,14528090,314188,14842278,1,0,0,5632,17,6644636261
1394,14529650,470575,15000225,8,0,0,1024,8,7401802871
1395,14533740,2470,14536210,4,0,1,2560,5,3182019223
1396,14553930,4937,14558867,0,0,1,12800,11,3885184069
1397,14569180,2946,14572126,1,0,1,3072,17,1641630018
1398,14577780,4374,14582154,1,0,1,4608,17,3441740656
1399,14580730,6754,14587484,1,0,1,7168,17,6149723567
1400,14607130,152132,14759262,2,0,0,37888,12,4565487715
1401,14627030,22862,14649892,1,0,1,40960,17,6844360333
1402,14637219,208734,14845953,7,0,0,512,4,9519208453
1403,14640020,173793,14813813,8,0,0,18944,8,5875512397
1404,14650480,4850,14655330,4,0,1,5120,5,6262160156
1405,14664359,211909,14876268,7,0,0,1024,4,4333512248
1406,14672760,18095,14690855,0,0,1,3584,11,3146453466
1407,14675700,18646,14694346,4,0,1,3584,5,9121510899
1408,14676631,18381,14695012,3,0,1,1024,0,4416941645
1409,14681690,318178,14999868,1,0,0,107008,17,1530694679
1410,14684220,11138,14695358,1,0,1,512,17,7877577028
1411,14686820,10343,14697163,0,0,1,12288,11,1269120563
1412,14707871,10566,14718437,3,0,1,5120,0,7849262697
1413,14713320,29487,14742807,4,0,1,8192,5,5286392364
1414,14717520,25302,14742822,4,0,1,11776,5,6768396399
1415,14722360,20477,14742837,0,0,1,4608,11,7880773734
1416,14738190,7109,14745299,0,0,1,2560,11,7367985674
1417,14745290,257548,15002838,8,0,0,1024,8,5322770026
1418,14745380,515675,15261055,1,0,0,201728,17,9625327515
1419,14747670,14497,14762167,0,0,1,3072,11,7084789259
1420,14816540,2470,14819010,4,0,1,2560,5,2501584840
1421,14817940,108404,14926344,2,0,0,8192,12,9458495348
1422,14826170,2470,14828640,1,0,1,2560,17,10265242350
1423,14842390,3898,14846288,0,0,1,4096,11,744367405
1424,14851379,429836,15281215,7,0,0,1024,4,10032409485
1425,14856800,405066,15261866,2,0,0,2560,12,7572766670
1426,14857070,6754,14863824,1,0,1,7168,17,3825482615
1427,14869050,1518,14870568,0,0,1,1536,11,3484396849
1428,14869710,131474,15001184,1,0,0,3072,17,1401028152
1429,14870131,6754,14876885,3,0,1,7168,0,4327438476
1430,14875311,2880,14878191,3,0,1,2048,0,10270786261
1431,14887120,537501,15424621,1,0,0,8704,17,626400476
1432,14891090,1042,14892132,4,0,1,1024,5,10359776331
1433,14904520,365619,15270139,1,0,0,5120,17,6345452446
1434,14904600,5712,14910312,4,0,1,14336,5,4051688159
1435,14916161,3128,14919289,3,0,1,9216,0,10197629235
1436,14927591,3904,14931495,3,0,1,10752,0,5512342898
1437,14943291,566,14943857,3,0,1,512,0,7331469982
1438,14951100,13600,14964700,1,0,1,23040,17,3265064646
1439,14954720,45163,14999883,4,0,1,4096,5,5361503565
1440,14964840,35058,14999898,1,0,1,6656,17,3302561562
1441,14976180,29913,15006093,4,0,1,5120,5,10111946054
1442,14976979,285222,15262201,7,0,0,1024,4,1323996746
1443,14978730,153543,15132273,1,0,0,14336,17,3574407387
1444,14980480,33597,15014077,4,0,1,18432,5,6369412954
1445,14981590,152345,15133935,3,0,0,512,0,8086896700
1446,15019801,3898,15023699,3,0,1,4096,0,9164579873
1447,15032330,1994,15034324,4,0,1,2048,5,6386488106
1448,15055550,243632,15299182,3,0,0,512,0,3392425099
1449,15059901,1518,15061419,3,0,1,1536,0,3351351780
1450,15078540,315694,15394234,8,0,0,142336,8,7050783800
1451,15081780,3898,15085678,1,0,1,4096,17,2009813270
1452,15082440,7104,15089544,1,0,1,6144,17,7790100467
1453,15084820,418280,15503100,2,0,0,22528,12,1602464962
1454,15086981,4189,15091170,3,0,1,2560,0,9942621542
1455,15088190,3966,15092156,4,0,1,1536,5,7609371188
1456,15106070,566,15106636,1,0,1,512,17,9804823659
1457,15106320,183154,15289474,1,0,0,2560,17,6182666440
1458,15128220,278072,15406292,1,0,0,27648,17,7998157936
1459,15135600,5326,15140926,1,0,1,5632,17,7468683271
1460,15151381,1994,15153375,3,0,1,2048,0,5400543618
1461,15156240,527686,15683926,2,0,0,47616,12,1564215503
1462,15168440,3128,15171568,1,0,1,9216,17,8536604426
1463,15171960,460420,15632380,1,0,0,35840,17,5154406084
1464,15175600,1518,15177118,4,0,1,1536,5,4974398914
1465,15184860,237086,15421946,2,0,0,27648,12,8743636470
1466,15190600,3898,15194498,1,0,1,4096,17,7018447369
1467,15195920,217587,15413507,8,0,0,23552,8,10032376770
1468,15198580,199273,15397853,2,0,0,11776,12,2466410627
1469,15204390,351378,15555768,2,0,0,5120,12,9273330739
1470,15205750,61836,15267586,1,0,1,5632,17,6395535696
1471,15227271,45461,15272732,3,0,1,8192,0,2471513463
1472,15239220,242769,15481989,3,0,0,512,0,816097132
1473,15240280,313913,15554193,8,0,0,38400,8,3447966250
1474,15251880,178532,15430412,2,0,0,1024,12,915887622
1475,15260020,236201,15496221,8,0,0,22016,8,4133487225
1476,15279500,3422,15282922,4,0,1,3584,5,7000634465
1477,15280050,3858,15283908,4,0,1,1536,5,2311437947
1478,15283291,6198,15289489,3,0,1,13824,0,593519427
1479,15305931,2870,15308801,3,0,1,8704,0,4536283151
1480,15322689,155243,15477932,7,0,0,1024,4,8404014157
1481,15327460,6278,15333738,0,0,1,6656,11,2258807787
1482,15331350,6254,15337604,4,0,1,6144,5,7289707964
1483,15340040,315917,15655957,8,0,0,49152,8,1230811020
1484,15342140,3898,15346038,1,0,1,4096,17,6655447426
1485,15342230,4794,15347024,1,0,1,1536,17,5103241955
1486,15348350,358292,15706642,8,0,0,11264,8,3221310149
1487,15351010,73642,15424652,4,0,1,2560,5,6552060716
1488,15351149,333291,15684440,7,0,0,512,4,6584930016
1489,15356960,465314,15822274,2,0,0,3072,12,9128759306
1490,15359710,70221,15429931,4,0,1,5632,5,6042434197
1491,15372129,248612,15620741,7,0,0,512,4,8016172077
1492,15404080,342216,15746296,8,0,0,9216,8,2519279546
1493,15429619,78660,15508279,7,0,0,2048,4,4093027198
1494,15449929,106174,15556103,7,0,0,1024,4,2440808204
1495,15450700,6278,15456978,1,0,1,6656,17,1420739084
1496,15453519,304037,15757556,7,0,0,1536,4,10489116194
1497,15465530,218731,15684261,1,0,0,1024,17,8307302062
1498,15471820,3645,15475465,1,0,1,10240,17,7094888060
1499,15473100,258926,15732026,3,0,0,512,0,3743698287
1500,15487660,1042,15488702,1,0,1,1024,17,9625967662
1501,15501910,479571,15981481,1,0,0,175616,17,3504229422
1502,15516900,230830,15747730,1,0,0,4608,17,3993346668
1503,15526250,380895,15907145,8,0,0,54784,8,5940502471
1504,15527190,4374,15531564,0,0,1,4608,11,3803099083
1505,15549590,10376,15559966,9,0,1,10752,3,6001166626
1506,15558500,5261,15563761,1,0,1,4608,17,7093480828
1507,15589790,1994,15591784,0,0,1,2048,11,4271178330
1508,15592150,1994,15594144,0,0,1,2048,11,9113088977
1509,15597770,519856,16117626,1,0,0,6144,17,9526996403
1510,15607320,566,15607886,4,0,1,512,5,7995144146
1511,15610100,662139,16272239,8,0,0,104960,8,3075141138
1512,15613439,368533,15981972,7,0,0,1536,4,8688994258
1513,15614040,5196,15619236,4,0,1,13312,5,6193172618
1514,15620840,11563,15632403,0,0,1,13312,11,7586630028
1515,15622430,109896,15732326,3,0,0,512,0,3951513659
1516,15630609,149684,15780293,7,0,0,512,4,2431073122
1517,15631050,3374,15634424,4,0,1,2048,5,1967363849
1518,15632720,413740,16046460,8,0,0,35840,8,7257976992
1519,15645510,11498,15657008,1,0,1,1024,17,8906056208
1520,15652640,699847,16352487,2,0,0,1024,12,6631622861
1521,15672170,325138,15997308,2,0,0,35840,12,526373050
1522,15682850,2115,15684965,1,0,1,512,17,4074028981
1523,15686120,3387,15689507,4,0,1,9728,5,7995133646
1524,15687080,484341,16171421,3,0,0,2048,0,6092567245
1525,15697530,566,15698096,9,0,1,512,3,5469337646
1526,15721390,566,15721956,1,0,1,512,17,808437198
1527,15727070,566,15727636,4,0,1,512,5,5040595868
1528,15737230,9081,15746311,4,0,1,6656,5,8360079033
1529,15757360,291299,16048659,2,0,0,7168,12,4406325776
1530,15761400,4868,15766268,4,0,1,5120,5,5607691532
1531,15761409,120557,15881966,7,0,0,1024,4,10613237123
1532,15773210,566,15773776,1,0,1,512,17,7897089690
1533,15794000,122595,15916595,3,0,0,512,0,10601787543
1534,15814300,1518,15815818,1,0,1,1536,17,7862958717
1535,15817910,526701,16344611,8,0,0,176128,8,7362914917
1536,15833130,1518,15834648,1,0,1,1536,17,9431200327
1537,15840620,3645,15844265,4,0,1,10240,5,4740939305
1538,15857910,2470,15860380,1,0,1,2560,17,3723462448
1539,15864040,260005,16124045,8,0,0,20992,8,8381856253
1540,15880050,324777,16204827,2,0,0,19456,12,4536598747
1541,15881670,4186,15885856,9,0,1,4096,3,4273515099
1542,15884140,2062,15886202,9,0,1,512,3,5366684581
1543,15894620,472013,16366633,8,0,0,3072,8,5793886973
1544,15899690,272107,16171797,3,0,0,1024,0,9258452997
1545,15904510,300964,16205474,1,0,0,2048,17,3650470300
1546,15909910,4850,15914760,1,0,1,5120,17,441924109
1547,15911580,6726,15918306,1,0,1,5632,17,1579440848
1548,15911730,482183,16393913,3,0,0,512,0,4518729667
1549,15926650,566,15927216,1,0,1,512,17,8647099551
1550,15934830,49295,15984125,4,0,1,2048,5,5937841181
1551,15939240,284850,16224090,1,0,0,41984,17,5929740966
1552,15942310,55013,15997323,9,0,1,5120,3,9869107602
1553,15947070,50268,15997338,4,0,1,5120,5,2561607378
1554,15949629,124222,16073851,7,0,0,1536,4,4745084940
1555,15952770,44583,15997353,4,0,1,15872,5,9621266937
1556,15962730,38480,16001210,4,0,1,16896,5,2588884557
1557,15971599,176166,16147765,7,0,0,1024,4,9728463115
1558,15974170,375307,16349477,1,0,0,15872,17,3435317255
1559,15989730,375952,16365682,3,0,0,3584,0,9473665773
1560,15989900,14861,16004761,4,0,1,5632,5,1506513850
1561,15994960,203909,16198869,2,0,0,38400,12,10689910055
1562,15998780,283144,16281924,8,0,0,18944,8,194227173
1563,16004730,154564,16159294,3,0,0,512,0,7698186884
1564,16014080,168298,16182378,3,0,0,1536,0,8406996369
1565,16018240,5802,16024042,4,0,1,6144,5,1121899508
1566,16042570,386446,16429016,3,0,0,512,0,6781747208
1567,16050850,158966,16209816,3,0,0,512,0,8057198409
1568,16054710,3422,16058132,1,0,1,3584,17,3669766523
1569,16064410,287734,16352144,1,0,0,8704,17,8263372312
1570,16068890,165686,16234576,3,0,0,2048,0,4338488167
1571,16072440,6278,16078718,4,0,1,6656,5,4455652438
1572,16086359,119450,16205809,7,0,0,1024,4,7413962287
1573,16086390,7240,16093630,1,0,1,7680,17,8229681783
1574,16096590,110178,16206768,1,0,0,3072,17,3868159833
1575,16103010,132679,16235689,3,0,0,3584,0,6065655116
1576,16103260,290467,16393727,1,0,0,22528,17,8629844140
1577,16104259,347975,16452234,7,0,0,512,4,9623995333
1578,16116180,9818,16125998,6,0,1,2048,8,6345266133
1579,16117710,9274,16126984,4,0,1,1536,5,8814242754
1580,16123370,248033,16371403,1,0,0,6144,17,9334391720
1581,16127300,4162,16131462,1,0,1,11264,17,7787236440
1582,16128070,8182,16136252,1,0,1,13824,17,9595243054
1583,16128479,224655,16353134,7,0,0,2048,4,953055962
1584,16131470,222318,16353788,3,0,0,1024,0,5323604594
1585,16145239,512328,16657567,7,0,0,512,4,8012009412
1586,16148450,543164,16691614,2,0,0,80896,12,2639166149
1587,16156760,260799,16417559,8,0,0,5632,8,8406631562
1588,16162090,456076,16618166,2,0,0,136704,12,6982016457
1589,16162770,190691,16353461,3,0,0,1024,0,7397230675
1590,16167770,7706,16175476,1,0,1,8192,17,7527580476
1591,16184560,14324,16198884,1,0,1,3584,17,2111937466
1592,16186820,177755,16364575,1,0,0,35328,17,5996181875
1593,16186940,329762,16516702,2,0,0,46592,12,1207490092
1594,16191790,32315,16224105,4,0,1,5120,5,7427009636
1595,16194700,381799,16576499,2,0,0,81408,12,4315734286
1596,16195550,334414,16529964,2,0,0,27648,12,2217214655
1597,16209580,14548,16224128,9,0,1,2048,3,515794580
1598,16210330,13813,16224143,9,0,1,4096,3,3184614522
1599,16211860,12811,16224671,1,0,1,512,17,208057664
1600,16228970,2470,16231440,9,0,1,2560,3,9448361622
1601,16243420,29895,16273315,9,0,1,1024,3,10580841028
1602,16256560,25379,16281939,4,0,1,10240,5,6009588807
1603,16258700,23254,16281954,9,0,1,3584,3,5445388666
1604,16282720,7706,16290426,1,0,1,8192,17,8929300049
1605,16290580,54046,16344626,9,0,1,13312,3,5636314620
1606,16310739,322718,16633457,7,0,0,1536,4,912947179
1607,16312260,54898,16367158,9,0,1,512,3,10350145337
1608,16320600,48142,16368742,5,0,1,2048,10,2997263438
1609,16327470,43948,16371418,4,0,1,3072,5,6620874389
1610,16371250,7390,16378640,6,0,1,7680,8,3454066136
1611,16376879,379152,16756031,7,0,0,2048,4,3254817040
1612,16384450,9292,16393742,9,0,1,4096,3,4386510287
1613,16403930,3898,16407828,1,0,1,4096,17,6227282954
1614,16416910,432526,16849436,2,0,0,72192,12,9989753602
1615,16420000,3422,16423422,4,0,1,3584,5,4173462027
1616,16438400,524951,16963351,8,0,0,165888,8,10331938444
1617,16453339,238922,16692261,7,0,0,2048,4,10437256564
1618,16506040,23955,16529995,1,0,1,15360,17,1256355471
1619,16509400,20610,16530010,5,0,1,4608,10,8923156478
1620,16517110,16783,16533893,9,0,1,10752,3,9732599832
1621,16517699,232188,16749887,7,0,0,2048,4,135888650
1622,16533650,189563,16723213,2,0,0,11264,12,6164564804
1623,16536750,566,16537316,4,0,1,512,5,7456646003
1624,16545770,281655,16827425,2,0,0,32256,12,7030757544
1625,16550189,181448,16731637,7,0,0,512,4,448793291
1626,16561090,336405,16897495,8,0,0,19456,8,6945446577
1627,16566730,56044,16622774,1,0,1,4608,17,4524761768
1628,16569500,429964,16999464,1,0,0,66560,17,5170316447
1629,16576680,428509,17005189,1,0,0,16896,17,3192970219
1630,16582250,491759,17074009,1,0,0,66560,17,4942135897
1631,16602079,165567,16767646,7,0,0,512,4,8441225508
1632,16604760,428220,17032980,1,0,0,91136,17,413158150
1633,16607099,279174,16886273,7,0,0,512,4,5934404583
1634,16607460,19180,16626640,9,0,1,6144,3,9867668571
1635,16614001,15865,16629866,3,0,1,5120,0,5544907346
1636,16615170,15260,16630430,4,0,1,10752,5,7151417734
1637,16639570,6754,16646324,9,0,1,7168,3,4623758358
1638,16640091,9459,16649550,3,0,1,5120,0,10445680664
1639,16641660,228890,16870550,8,0,0,9216,8,6710580127
1640,16642759,357267,17000026,7,0,0,1024,4,2125166518
1641,16645020,6156,16651176,9,0,1,2560,3,1871081536
1642,16687390,6348,16693738,1,0,1,1536,17,6688619196
1643,16700510,7706,16708216,4,0,1,8192,5,2885492772
1644,16704580,274410,16978990,8,0,0,51200,8,1180847442
1645,16705420,4102,16709522,1,0,1,2048,17,4831866786
1646,16706310,3366,16709676,4,0,1,8704,5,7065498484
1647,16713520,319631,17033151,0,0,0,512,11,2061816392
1648,16716190,442645,17158835,0,0,0,512,11,4992980067
1649,16717051,1518,16718569,3,0,1,1536,0,2825626630
1650,16727579,272120,16999699,7,0,0,512,4,5207763598
1651,16757390,1042,16758432,1,0,1,1024,17,9700235484
1652,16770220,371572,17141792,1,0,0,24576,17,10425561511
1653,16776040,395884,17171924,8,0,0,23040,8,7221107036
1654,16778629,200532,16979161,7,0,0,512,4,8705834893
1655,16781080,1994,16783074,1,0,1,2048,17,1991866269
1656,16785630,3898,16789528,1,0,1,4096,17,1582656931
1657,16805651,4374,16810025,3,0,1,4608,0,2248396393
1658,16808119,225281,17033400,7,0,0,512,4,9257321282
1659,16823290,28650,16851940,1,0,1,2560,17,1017235194
1660,16843180,240828,17084008,8,0,0,32768,8,8311166003
1661,16845570,8316,16853886,4,0,1,3072,5,2639233623
1662,16858900,4374,16863274,4,0,1,4608,5,8948824778
1663,16866860,527259,17394119,2,0,0,44544,12,7174739409
1664,16868770,617401,17486171,8,0,0,185344,8,8096356241
1665,16875630,493007,17368637,1,0,0,88064,17,5343968732
1666,16890400,199465,17089865,2,0,0,7168,12,2840772725
1667,16893510,16802,16910312,4,0,1,21504,5,5589372205
1668,16927050,106140,17033190,4,0,1,1536,5,928567183
1669,16927921,105292,17033213,3,0,1,3072,0,1572877545
1670,16933310,151657,17084967,0,0,0,3072,11,4310501879
1671,16949000,307401,17256401,2,0,0,32256,12,7018072897
1672,16949510,285504,17235014,1,0,0,7168,17,271719006
1673,16949580,85549,17035129,4,0,1,2048,5,4679714740
1674,16957140,309861,17267001,1,0,0,6656,17,1670448654
1675,16959219,377382,17336601,7,0,0,512,4,7367805788
1676,16965870,71845,17037715,0,0,1,4096,11,4107474988
1677,16978051,63850,17041901,3,0,1,6656,0,5228780540
1678,16986460,389212,17375672,1,0,0,23040,17,5848479415
1679,16989770,54077,17043847,4,0,1,3072,5,522146415
1680,17007760,40273,17048033,0,0,1,6656,11,6415834859
1681,17011250,38089,17049339,0,0,1,2048,11,9831266017
1682,17031441,19524,17050965,3,0,1,2560,0,7474627004
1683,17047909,124186,17172095,7,0,0,512,4,10729457735
1684,17061960,358423,17420383,2,0,0,3072,12,1248033853
1685,17071490,440151,17511641,1,0,0,40960,17,10119423389
1686,17073850,138963,17212813,2,0,0,5632,12,2567125390
1687,17096100,458765,17554865,1,0,0,21504,17,978154177
1688,17098960,5196,17104156,1,0,1,13312,17,7566320838
1689,17106930,312502,17419432,1,0,0,23040,17,143366954
1690,17116270,7706,17123976,4,0,1,8192,5,6236218362
1691,17125220,1994,17127214,1,0,1,2048,17,1685896034
1692,17129469,105716,17235185,7,0,0,512,4,6785180305
1693,17156620,424669,17581289,2,0,0,22528,12,10643116234
1694,17171451,3106,17174557,3,0,1,2560,0,4727992982
1695,17182899,105525,17288424,7,0,0,1024,4,9886661432
1696,17215990,193418,17409408,0,0,0,512,11,4285465987
1697,17220281,4162,17224443,3,0,1,11264,0,2903153506
1698,17220991,6210,17227201,3,0,1,3584,0,3161414889
1699,17221109,199445,17420554,7,0,0,512,4,6015650398
1700,17239350,155119,17394469,0,0,0,1024,11,7203564175
1701,17253620,145485,17399105,2,0,0,2560,12,7868814968
1702,17256940,229425,17486365,0,0,0,512,11,8883010887
1703,17262660,229832,17492492,8,0,0,18944,8,6362960631
1704,17299110,4850,17303960,8,0,1,5120,8,2366091173
1705,17307300,377658,17684958,8,0,0,26624,8,2935778492
1706,17354211,24516,17378727,3,0,1,3072,0,2749680111
1707,17354760,251556,17606316,2,0,0,1536,12,1275088338
1708,17355690,38444,17394134,8,0,1,3072,8,114215078
1709,17357839,135151,17492990,7,0,0,1536,4,4372948877
1710,17358080,230088,17588168,1,0,0,22528,17,2390160177
1711,17363760,182927,17546687,1,0,0,4608,17,9919201169
1712,17383400,11594,17394994,8,0,1,512,8,580333326
1713,17400050,298594,17698644,1,0,0,33792,17,7638769174
1714,17406440,3128,17409568,8,0,1,9216,8,148444928
1715,17425750,60444,17486194,8,0,1,18432,8,5856511354
1716,17433840,281705,17715545,2,0,0,27136,12,8972416312
1717,17441940,178406,17620346,0,0,0,512,11,6050293111
1718,17442770,49737,17492507,4,0,1,5632,5,1160338104
1719,17445621,49700,17495321,3,0,1,5632,0,2898952414
1720,17462400,244854,17707254,9,0,0,26112,3,7921384570
1721,17472959,226324,17699283,7,0,0,2048,4,8549624375
1722,17497100,14556,17511656,5,0,1,3072,10,5984907464
1723,17500780,254732,17755512,2,0,0,30208,12,6004772534
1724,17519800,2470,17522270,5,0,1,2560,10,3391321444
1725,17520890,5326,17526216,5,0,1,5632,10,9248356538
1726,17534810,2946,17537756,5,0,1,3072,10,471420138
1727,17558911,5326,17564237,3,0,1,5632,0,8276851178
1728,17598380,4850,17603230,8,0,1,5120,8,849310730
1729,17609600,2470,17612070,5,0,1,2560,10,9034495519
1730,17628820,7706,17636526,8,0,1,8192,8,7553553335
1731,17631930,192037,17823967,0,0,0,512,11,7735314884
1732,17650450,168231,17818681,0,0,0,512,11,2137378608
1733,17651851,4374,17656225,3,0,1,4608,0,7652534699
1734,17694760,166250,17861010,0,0,0,512,11,6715091418
1735,17723390,244213,17967603,1,0,0,115200,17,4094603117
1736,17725461,13600,17739061,3,0,1,23040,0,1581274797
1737,17731530,10757,17742287,8,0,1,5120,8,10128255875
1738,17737200,5241,17742441,8,0,1,8704,8,911945632
1739,17751010,216796,17967806,0,0,0,512,11,556426042
1740,17793310,181061,17974371,0,0,0,512,11,8698658
1741,17797481,2470,17799951,3,0,1,2560,0,2538878005
1742,17798569,122533,17921102,7,0,0,512,4,9627153448
1743,17816130,165940,17982070,0,0,0,512,11,4287397039
1744,17847630,566,17848196,8,0,1,512,8,8008437911
1745,17883111,2470,17885581,3,0,1,2560,0,872380970
1746,17900840,149915,18050755,1,0,0,42496,17,4292731326
1747,17932540,237516,18170056,2,0,0,43008,12,3570595959
1748,17937920,123082,18061002,0,0,0,2560,11,7203302610
1749,17948960,295792,18244752,1,0,0,22528,17,3251054525
1750,17950610,221333,18171943,1,0,0,6144,17,739579259
1751,17966461,2855,17969316,3,0,1,1536,0,7058821168
1752,17971300,209870,18181170,2,0,0,30208,12,5128843456
1753,17978680,256315,18234995,8,0,0,41472,8,10371162660
1754,17981780,71494,18053274,1,0,0,8192,17,10389772120
1755,17983050,218391,18201441,8,0,0,8192,8,8156198814
1756,18009400,187934,18197334,0,0,0,512,11,10401488201
1757,18014330,252328,18266658,2,0,0,2560,12,6386511554
1758,18027030,5802,18032832,5,0,1,6144,10,6714818979
1759,18030650,3808,18034458,8,0,1,2560,8,6874921989
1760,18031180,5544,18036724,8,0,1,3584,8,4321566047
1761,18040740,140601,18181341,0,0,0,512,11,7815863632
1762,18061020,3898,18064918,8,0,1,4096,8,876717477
1763,18071331,2946,18074277,3,0,1,3072,0,5421208631
1764,18077650,1518,18079168,7,0,1,1536,4,7566474403
1765,18086091,1042,18087133,3,0,1,1024,0,4622296635
1766,18092819,88709,18181528,7,0,0,512,4,7608517150
1767,18097860,5802,18103662,7,0,1,6144,4,4456156565
1768,18100660,3668,18104328,8,0,1,1024,8,2390330681
1769,18127200,4850,18132050,8,0,1,5120,8,2691494638
1770,18129770,5186,18134956,5,0,1,4608,10,5406687328
1771,18133060,2882,18135942,7,0,1,1536,4,9468197013
1772,18163890,22631,18186521,5,0,1,13312,10,3185938610
1773,18170920,230527,18401447,2,0,0,51200,12,5200842346
1774,18178440,66654,18245094,0,0,0,1024,11,8465717031
1775,18183860,109096,18292956,2,0,0,2048,12,3514122438
1776,18184419,52711,18237130,7,0,0,512,4,2281926126
1777,18208390,177442,18385832,1,0,0,35840,17,4302823772
1778,18221710,338495,18560205,1,0,0,67072,17,4162288914
1779,18237400,7367,18244767,8,0,1,1024,8,9702141519
1780,18248790,153468,18402258,2,0,0,2560,12,2885333659
1781,18257020,230988,18488008,0,0,0,512,11,6057963667
1782,18259019,228818,18487837,7,0,0,1024,4,5086412422
1783,18272230,215280,18487510,8,0,0,102400,8,7554462941
1784,18289830,220012,18509842,2,0,0,2048,12,2764371698
1785,18304410,2470,18306880,8,0,1,2560,8,163279351
1786,18317890,5196,18323086,8,0,1,13312,8,2323234315
1787,18325160,1518,18326678,5,0,1,1536,10,1512724764
1788,18327340,1518,18328858,9,0,1,1536,3,2231663441
1789,18327490,4741,18332231,5,0,1,4608,10,10031871757
1790,18329240,120070,18449310,2,0,0,2048,12,1895834662
1791,18332309,155894,18488203,7,0,0,512,4,473703618
1792,18335829,224703,18560532,7,0,0,1024,4,6863643749
1793,18362350,4374,18366724,9,0,1,4608,3,9309872675
1794,18369000,1518,18370518,7,0,1,1536,4,3468239619
1795,18383840,19419,18403259,9,0,1,1024,3,7315800597
1796,18396410,133954,18530364,0,0,0,2560,11,9640579138
1797,18401800,8468,18410268,8,0,1,8192,8,4659041944
1798,18412960,90426,18503386,0,0,0,1024,11,6412079604
1799,18413080,566,18413646,5,0,1,512,10,9518535270
1800,18426570,67944,18494514,2,0,0,3072,12,5440655625
1801,18434100,151786,18585886,8,0,0,22016,8,6888681685
1802,18437520,1994,18439514,7,0,1,2048,4,320335464
1803,18451410,566,18451976,7,0,1,512,4,8066337926
1804,18466050,23179,18489229,9,0,1,1024,3,4678697927
1805,18471899,132665,18604564,7,0,0,1536,4,3688738030
1806,18472550,22437,18494987,5,0,1,15872,10,675872007
1807,18483640,13933,18497573,7,0,1,4096,4,6230412788
1808,18505490,376455,18881945,8,0,0,91136,8,6054165441
1809,18535109,316300,18851409,7,0,0,1024,4,9791720343
1810,18543030,22190,18565220,8,0,1,12288,8,9480799759
1811,18548480,22083,18570563,5,0,1,6656,10,2145536977
1812,18573270,83193,18656463,0,0,0,1536,11,1787887683
1813,18576010,184787,18760797,2,0,0,1536,12,2240876740
1814,18584530,24985,18609515,6,0,1,42496,8,3645317970
1815,18586170,249491,18835661,8,0,0,62464,8,3696195753
1816,18607600,5141,18612741,6,0,1,5120,8,5780368370
1817,18614380,1518,18615898,7,0,1,1536,4,9001312529
1818,18616030,85771,18701801,0,0,0,1536,11,5804224946
1819,18643170,63805,18706975,8,0,0,1536,8,5735449958
1820,18647880,5196,18653076,9,0,1,13312,3,1981587677
1821,18647930,7970,18655900,9,0,1,4096,3,9269415960
1822,18651990,4647,18656637,5,0,1,9728,10,565201881
1823,18658040,47288,18705328,2,0,0,1536,12,9164736061
1824,18660260,60159,18720419,1,0,0,1024,17,8020453734
1825,18676330,1042,18677372,5,0,1,1024,10,5259488703
1826,18676780,7230,18684010,6,0,1,7680,8,4649558684
1827,18683149,198983,18882132,7,0,0,512,4,6499294859
1828,18691530,4937,18696467,5,0,1,12800,10,1517529204
1829,18697040,1994,18699034,6,0,1,2048,8,9761578284
1830,18701239,73833,18775072,2,0,1,120320,12,3759345694
1831,18704120,84979,18789099,8,0,0,2560,8,9228827581
1832,18715260,60798,18776058,4,0,1,1536,5,10010403703
1833,18715300,61424,18776724,4,0,1,1024,5,9228634105
1834,18723869,111823,18835692,2,0,1,140800,12,9379783977
1835,18735010,100697,18835707,5,0,1,6144,10,1437385045
1836,18742300,93601,18835901,1,0,0,512,17,1914054859
1837,18742630,362429,19105059,2,0,0,512,12,4261740581
1838,18751210,84512,18835722,6,0,1,1536,8,7121794100
1839,18769290,66626,18835916,7,0,1,6656,4,5974093511
1840,18781109,225642,19006751,7,0,0,1024,4,7972068151
1841,18781280,56615,18837895,0,0,1,18432,11,7365434727
1842,18782020,57501,18839521,9,0,1,2560,3,6403552066
1843,18800060,41407,18841467,7,0,1,3072,4,2979590670
1844,18813780,28148,18841928,7,0,1,10240,4,1549293720
1845,18815650,26944,18842594,5,0,1,1024,10,8234464617
1846,18818250,25970,18844220,5,0,1,2560,10,389352532
1847,18831340,13866,18845206,7,0,1,1536,4,6144478299
1848,18845469,36678,18882147,2,0,1,57344,12,5114009455
1849,18866340,18894,18885234,0,0,1,9216,11,9332550005
1850,18868629,90288,18958917,2,0,1,123904,12,2777310679
1851,18884310,78473,18962783,0,0,1,6144,11,1493596537
1852,18890070,73059,18963129,5,0,1,512,10,1644192634
1853,18896370,72558,18968928,0,0,1,19456,11,371338253
1854,18903560,224539,19128099,0,0,0,512,11,541178874
1855,18904919,75146,18980065,2,0,1,45056,12,3334172292
1856,18907860,72551,18980411,6,0,1,512,8,2606558692
1857,18911540,73057,18984597,7,0,1,6656,4,4184447812
1858,18914819,326137,19240956,7,0,0,1024,4,9443967313
1859,18916370,69213,18985583,5,0,1,1536,10,4855714545
1860,18921610,64959,18986569,7,0,1,1536,4,327053685
1861,18922160,66675,18988835,6,0,1,3584,8,8677529533
1862,18924439,91546,19015985,2,0,1,97280,12,10105326230
1863,18925719,90612,19016331,2,0,1,512,12,1389604995
1864,18954019,347008,19301027,7,0,0,512,4,1907024586
1865,18961590,58607,19020197,5,0,1,6144,10,740453665
1866,18970069,56234,19026303,2,0,1,20992,12,7916731068
1867,18971499,85961,19057460,2,0,1,108032,12,10585738921
1868,18974039,160411,19134450,7,0,0,1024,4,4003762453
1869,18980710,80296,19061006,4,0,1,5632,5,8675874624
1870,18987210,77342,19064552,5,0,1,5632,10,203881038
1871,18987859,200310,19188169,7,0,0,2560,4,6624919376
1872,18998370,288427,19286797,8,0,0,57856,8,2769049186
1873,19014840,51338,19066178,9,0,1,2560,3,8733345514
1874,19020481,48283,19068764,3,0,1,4096,0,7173578853
1875,19021060,47858,19068918,4,0,1,8704,5,2938707551
1876,19023440,47104,19070544,0,0,1,2560,11,7061568982
1877,19023630,47068,19070698,5,0,1,8704,10,7780949934
1878,19024450,47554,19072004,4,0,1,2048,5,6833793967
1879,19026900,46487,19073387,6,0,1,14848,8,574668386
1880,19029440,44613,19074053,6,0,1,1024,8,6183951073
1881,19053000,22039,19075039,5,0,1,1536,10,2194065638
1882,19057380,19605,19076985,5,0,1,3072,10,6604542062
1883,19057410,277812,19335222,8,0,0,5632,8,10210639120
1884,19058310,19341,19077651,9,0,1,1024,3,5182411548
1885,19059060,53854,19112914,0,0,0,1024,11,8896284922
1886,19059160,19259,19078419,4,0,1,11776,5,4887472816
1887,19065440,16845,19082285,0,0,1,6144,11,8849716682
1888,19073420,227174,19300594,1,0,0,4096,17,2989255539
1889,19084660,566,19085226,5,0,1,512,10,4511909567
1890,19085619,60866,19146485,2,0,1,98304,12,2949269246
1891,19087520,60041,19147561,9,0,1,13312,3,2060435767
1892,19089120,60707,19149827,7,0,1,3584,4,6446408479
1893,19089320,174857,19264177,1,0,0,4096,17,8788076453
1894,19093690,59363,19153053,6,0,1,5120,8,5567090857
1895,19095670,60289,19155959,5,0,1,4608,10,7330807483
1896,19098850,58415,19157265,0,0,1,2048,11,7184290090
1897,19106550,55541,19162091,7,0,1,7680,4,5715646782
1898,19109620,52727,19162347,9,0,1,9216,3,4649710828
1899,19115221,48432,19163653,3,0,1,2048,0,4261615424
1900,19116730,49509,19166239,6,0,1,4096,8,7033803291
1901,19126490,40517,19167007,5,0,1,11776,10,4406980452
1902,19128921,38240,19167161,3,0,1,8704,0,10194420153
1903,19133110,36317,19169427,6,0,1,3584,8,10443682939
1904,19139500,33473,19172973,5,0,1,5632,10,3865818269
1905,19139600,285519,19425119,0,0,0,1536,11,5689402385
1906,19151350,27832,19179182,7,0,1,29696,4,2663868166
1907,19165380,16388,19181768,0,0,1,4096,11,793859991
1908,19179649,14287,19193936,2,0,1,27648,12,10161089760
1909,19183810,11112,19194922,4,0,1,1536,5,3957869775
1910,19192339,249204,19441543,7,0,0,1024,4,8308626561
1911,19195210,1042,19196252,9,0,1,1024,3,3540383978
1912,19197019,64654,19261673,2,0,1,109056,12,8809241931
1913,19204600,61259,19265859,0,0,1,6656,11,2700930482
1914,19205380,62425,19267805,9,0,1,3072,3,3045026856
1915,19208681,59470,19268151,3,0,1,512,0,1299613578
1916,19210170,76650,19286820,9,0,1,7680,3,3833909306
1917,19212699,76241,19288940,2,0,1,51712,12,4971184632
1918,19213420,188381,19401801,2,0,0,512,12,8211623771
1919,19213770,75529,19289299,0,0,1,9728,11,34798794
1920,19244880,45904,19290784,6,0,1,15360,8,8945242128
1921,19246110,49500,19295610,5,0,1,7680,10,8091254768
1922,19247120,238687,19485807,2,0,0,3072,12,9561695857
1923,19258270,190712,19448982,2,0,0,2560,12,7550841020
1924,19262570,38039,19300609,4,0,1,7168,5,4574241648
1925,19269470,32592,19302062,0,0,1,3072,11,6264829325
1926,19273040,31288,19304328,0,0,1,3584,11,2528739290
1927,19292620,12988,19305608,4,0,1,14336,5,4359677440
1928,19297470,16354,19313824,9,0,1,31744,3,8242896265
1929,19324239,151587,19475826,7,0,0,2048,4,5744389773
1930,19329520,5802,19335322,6,0,1,6144,8,10409506740
1931,19334700,1080,19335780,1,0,1,512,17,5633045540
1932,19347660,7230,19354890,4,0,1,7680,5,3425817182
1933,19348790,9006,19357796,9,0,1,4608,3,9597818171
1934,19354090,224216,19578306,0,0,0,512,11,5919950191
1935,19355890,222237,19578127,8,0,0,34816,8,5697530014
1936,19359159,110115,19469274,7,0,0,1024,4,2257409521
1937,19362510,1994,19364504,0,0,1,2048,11,3699045473
1938,19365109,337753,19702862,7,0,0,3072,4,9949842645
1939,19375310,204182,19579492,0,0,0,2560,11,2440886342
1940,19395340,1042,19396382,9,0,1,1024,3,4882207692
1941,19405109,23466,19428575,2,0,1,38912,12,2824140416
1942,19406159,62712,19468871,2,0,1,83968,12,3079918475
1943,19409929,168728,19578657,7,0,0,1024,4,7391563832
1944,19413250,58847,19472097,4,0,1,5120,5,4577540820
1945,19413290,422147,19835437,8,0,0,37888,8,1858003482
1946,19419139,78879,19498018,2,0,1,82944,12,7439140056
1947,19419320,79684,19499004,9,0,1,1536,3,8848072180
1948,19422991,76359,19499350,3,0,1,512,0,4329659377
1949,19428260,74956,19503216,4,0,1,6144,5,9748989531
1950,19432410,212915,19645325,1,0,0,71168,17,7516986126
1951,19448269,301267,19749536,7,0,0,1024,4,3728873561
1952,19463839,211767,19675606,7,0,0,512,4,9897460493
1953,19471340,37022,19508362,4,0,1,8192,5,2048672648
1954,19483451,25257,19508708,3,0,1,512,0,9978224892
1955,19495950,455816,19951766,1,0,0,88576,17,10510102507
1956,19499559,336049,19835608,7,0,0,512,4,2988600411
1957,19504570,4804,19509374,9,0,1,1024,3,2716570458
1958,19506880,3387,19510267,1,0,1,9728,17,875778753
1959,19512881,566,19513447,3,0,1,512,0,3292637647
1960,19531230,329036,19860266,1,0,0,11776,17,7781125257
1961,19531980,2470,19534450,4,0,1,2560,5,3306770265
1962,19550210,234633,19784843,2,0,0,512,12,7336782896
1963,19568590,13974,19582564,9,0,1,4096,3,5971554815
1964,19569320,15190,19584510,5,0,1,3072,10,1780955774
1965,19570950,154870,19725820,0,0,0,512,11,3992430307
1966,19572101,13715,19585816,3,0,1,2048,0,7460161092
1967,19577840,9379,19587219,5,0,1,14336,10,957032460
1968,19578100,173141,19751241,3,0,0,1024,0,1393742324
1969,19578629,86381,19665010,7,0,0,1024,4,6320547843
1970,19584911,4927,19589838,3,0,1,4096,0,8078248123
1971,19586090,5054,19591144,5,0,1,2048,10,10248841228
1972,19604360,5712,19610072,5,0,1,14336,10,5967008273
1973,19614961,3904,19618865,3,0,1,10752,0,4692970962
1974,19618150,4815,19622965,5,0,1,12288,10,10544483068
1975,19635161,25519,19660680,3,0,1,29696,0,201486766
1976,19642040,180343,19822383,0,0,0,512,11,9236302089
1977,19642610,193512,19836122,0,0,0,1536,11,1373284396
1978,19648650,173546,19822196,1,0,0,24064,17,189072524
1979,19648760,357535,20006295,8,0,0,74240,8,5530461282
1980,19653330,8938,19662268,4,0,1,15872,5,156247121
1981,19669170,176824,19845994,3,0,0,512,0,72651712
1982,19671590,234467,19906057,3,0,0,512,0,10204707102
1983,19682500,1518,19684018,1,0,1,1536,17,8650427035
1984,19687180,1042,19688222,9,0,1,1024,3,7694692397
1985,19690280,7230,19697510,4,0,1,7680,5,4270608872
1986,19705020,3422,19708442,4,0,1,3584,5,4877938243
1987,19722370,180444,19902814,2,0,0,1024,12,9531404510
1988,19737400,3422,19740822,9,0,1,3584,3,7216623649
1989,19745810,3898,19749708,4,0,1,4096,5,1361609272
1990,19750700,566,19751266,9,0,1,512,3,8249749247
1991,19757650,325717,20083367,8,0,0,62976,8,9540503128
1992,19770890,1994,19772884,0,0,1,2048,11,10536961369
1993,19772230,180850,19953080,2,0,0,1024,12,7526986560
1994,19789909,241188,20031097,7,0,0,512,4,3993586013
1995,19815720,19919,19835639,0,0,1,6656,11,4981361210
1996,19818580,147127,19965707,0,0,0,1024,11,8141621997
1997,19825620,23198,19848818,9,0,1,24576,3,1514946361
1998,19826110,22862,19848972,5,0,1,8704,10,288326856
1999,19840639,411854,20252493,7,0,0,512,4,8941076541
2000,19843110,17171,19860281,6,0,1,19456,8,8780380062
2001,19845890,42453,19888343,0,0,1,63488,11,4895525893
2002,19850709,205646,20056355,7,0,0,1536,4,6296793045
2003,19852910,35779,19888689,5,0,1,512,10,4917208138
2004,19856370,535547,20391917,8,0,0,11264,8,10500215103
2005,19865740,281164,20146904,3,0,0,3072,0,4571065309
2006,19866050,24265,19890315,9,0,1,2560,3,9045272196
2007,19886610,362391,20249001,0,0,0,512,11,839679456
2008,19892560,277097,20169657,2,0,0,2560,12,3426953272
2009,19897100,236164,20133264,1,0,0,13824,17,5655539899
2010,19900500,238704,20139204,2,0,0,3072,12,10052920476
2011,19902040,202254,20104294,1,0,0,37888,17,891381534
2012,19903989,214034,20118023,7,0,0,3072,4,5315910539
2013,19916970,2470,19919440,9,0,1,2560,3,7351790416
2014,19923500,369690,20293190,1,0,0,512,17,8688101774
2015,19924360,368176,20292536,8,0,0,25088,8,7374457024
2016,19925570,50005,19975575,0,0,1,39424,11,3611094038
2017,19934020,399398,20333418,3,0,0,512,0,9472626276
2018,19934330,314460,20248790,8,0,0,104448,8,798521625
2019,19939270,36971,19976241,5,0,1,1024,10,2028767546
2020,19946890,408374,20355264,1,0,0,512,17,1055138430
2021,19953210,24107,19977317,0,0,1,13312,11,2723772947
2022,19960800,45526,20006326,0,0,1,32256,11,7493010164
2023,19975790,279367,20255157,1,0,0,512,17,2831734065
2024,19982000,384823,20366823,2,0,0,1536,12,7067387823
2025,19983690,26109,20009799,9,0,1,9728,3,4657393326
2026,19984300,31305,20015605,4,0,1,15360,5,10071732723
2027,19987540,400930,20388470,8,0,0,60928,8,5794783094
2028,19992570,24021,20016591,6,0,1,1536,8,2686566261
2029,19999219,18678,20017897,2,0,1,2048,12,6072949936
2030,20001970,16913,20018883,4,0,1,1536,5,2866989864
2031,20013560,6629,20020189,9,0,1,2048,3,2865515040
2032,20052090,566,20052656,5,0,1,512,10,7240567756
2033,20059360,566,20059926,5,0,1,512,10,2338208516
2034,20068340,22767,20091107,4,0,1,8192,5,2676721098
2035,20077360,15053,20092413,5,0,1,2048,10,7940497247
2036,20078590,810566,20889156,8,0,0,101376,8,9494811448
2037,20084660,173725,20258385,0,0,0,1024,11,3967654715
2038,20114549,329105,20443654,7,0,0,512,4,30612935
2039,20117710,24459,20142169,0,0,1,43520,11,1936842381
2040,20129460,14975,20144435,9,0,1,3584,3,10485173636
2041,20131660,18267,20149927,0,0,1,17920,11,9914675082
2042,20135850,330489,20466339,2,0,0,512,12,8081292414
2043,20148920,161046,20309966,0,0,0,512,11,1033125085
2044,20149920,314883,20464803,0,0,0,512,11,812780423
2045,20152740,140279,20293019,1,0,0,1536,17,9382737027
2046,20161510,1042,20162552,9,0,1,1024,3,3876770995
2047,20162530,4388,20166918,5,0,1,4608,10,3371262599
2048,20170610,2870,20173480,1,0,1,8704,17,4525908724
2049,20173710,416909,20590619,8,0,0,47616,8,3422403574
2050,20178740,10241,20188981,0,0,1,16384,11,490259119
2051,20192680,305284,20497964,8,0,0,24064,8,3246468601
2052,20195710,261063,20456773,8,0,0,30208,8,2246613257
2053,20199620,367907,20567527,2,0,0,512,12,9834041307
2054,20201030,566,20201596,5,0,1,512,10,10152250189
2055,20207590,4374,20211964,1,0,1,4608,17,7584888068
2056,20214590,212235,20426825,0,0,0,512,11,2973767215
2057,20219120,31859,20250979,9,0,1,2048,3,3999904969
2058,20220859,87809,20308668,7,0,0,1024,4,4011230192
2059,20225510,31329,20256839,1,0,1,7680,17,2996600776
2060,20230990,124821,20355811,0,0,1,172032,11,1282589204
2061,20234250,157682,20391932,0,0,1,64000,11,7374930560
2062,20247190,144757,20391947,1,0,1,2560,17,7482538947
2063,20255140,225058,20480198,2,0,0,1024,12,8049000485
2064,20262070,129892,20391962,0,0,1,57856,11,1956568582
2065,20273540,118437,20391977,9,0,1,2560,3,9829313844
2066,20274730,138583,20413313,0,0,1,72192,11,6774146441
2067,20281650,481957,20763607,0,0,0,512,11,2593820834
2068,20286230,129349,20415579,0,0,1,3584,11,8435373021
2069,20289980,166808,20456788,0,0,1,139264,11,5598696172
2070,20293440,375965,20669405,3,0,0,1024,0,6598972126
2071,20303710,164634,20468344,0,0,1,39424,11,2533642359
2072,20308590,408514,20717104,8,0,0,16384,8,2250139790
2073,20330160,403890,20734050,2,0,0,512,12,498935696
2074,20336070,454223,20790293,2,0,0,512,12,4988221655
2075,20336740,133192,20469932,1,0,1,15872,17,9040404799
2076,20341570,156409,20497979,0,0,1,68096,11,7931857054
2077,20342650,155344,20497994,5,0,1,4096,10,10485939500
2078,20361930,136079,20498009,0,0,1,6656,11,10223440569
2079,20386570,425285,20811855,0,0,0,2048,11,3626693085
2080,20411560,87226,20498786,1,0,1,1536,17,771462828
2081,20414970,325692,20740662,6,0,0,2048,8,8470433153
2082,20417490,87709,20505199,0,0,1,22528,11,8207300110
2083,20426200,80625,20506825,5,0,1,2560,10,5321909699
2084,20432650,472509,20905159,3,0,0,512,0,5991498084
2085,20434930,408006,20842936,2,0,0,512,12,10586762913
2086,20436510,70661,20507171,5,0,1,512,10,6053955129
2087,20445370,347995,20793365,1,0,0,1024,17,8639214362
2088,20449370,60067,20509437,1,0,1,3584,17,753104576
2089,20456239,433244,20889483,7,0,0,1024,4,9802699132
2090,20466100,43683,20509783,9,0,1,512,3,4182427495
2091,20469120,46769,20515889,5,0,1,20992,10,6696865270
2092,20475100,51721,20526821,0,0,1,35840,11,6434299790
2093,20485640,208839,20694479,2,0,0,1536,12,4211195364
2094,20506530,20957,20527487,5,0,1,1024,10,3806737504
2095,20510770,18663,20529433,1,0,1,3072,17,7067833720
2096,20515740,15959,20531699,9,0,1,3584,3,913048581
2097,20521740,32041,20553781,0,0,1,52224,11,2448797818
2098,20527760,198408,20726168,1,0,0,512,17,6830577946
2099,20533590,24377,20557967,5,0,1,6656,10,5077100946
2100,20537870,20251,20558121,1,0,1,8704,17,5464061617
2101,20543710,26221,20569931,0,0,1,47616,11,5477450793
2102,20553010,260991,20814001,0,0,0,1024,11,9453766133
2103,20554340,259229,20813569,1,0,0,1024,17,2711455348
2104,20557340,397594,20954934,1,0,0,512,17,4592968617
2105,20568790,2127,20570917,5,0,1,1536,10,6972918413
2106,20575950,16354,20592304,0,0,1,31744,11,8459475054
2107,20585730,56655,20642385,0,0,1,83968,11,7448954032
2108,20593399,158415,20751814,7,0,0,1024,4,457598772
2109,20595909,196156,20792065,7,0,0,2048,4,381015995
2110,20619220,34609,20653829,0,0,1,38400,11,3528833243
2111,20622070,100711,20722781,3,0,0,2560,0,7115388637
2112,20622970,323690,20946660,8,0,0,45056,8,5658870163
2113,20637150,22990,20660140,0,0,1,30208,11,1021335922
2114,20640820,22866,20663686,5,0,1,5632,10,2518864030
2115,20642060,169156,20811216,8,0,0,5632,8,9490626701
2116,20643000,247598,20890598,1,0,0,3584,17,5026965231
2117,20644550,494610,21139160,8,0,0,45568,8,459803711
2118,20650170,372235,21022405,8,0,0,38912,8,6336868374
2119,20666780,238208,20904988,8,0,0,47104,8,7368517675
2120,20670310,1042,20671352,5,0,1,1024,10,10642254734
2121,20676420,243441,20919861,2,0,0,512,12,4167766343
2122,20691490,1042,20692532,5,0,1,1024,10,3091017095
2123,20725850,346036,21071886,8,0,0,32768,8,5113277693
2124,20741430,15579,20757009,0,0,1,30208,11,548583433
2125,20742160,491414,21233574,0,0,0,84992,11,9660952817
2126,20745009,162166,20907175,7,0,0,512,4,1330330075
2127,20802050,398363,21200413,8,0,0,104448,8,1120734028
2128,20850580,4374,20854954,8,0,1,4608,8,7048609763
2129,20855190,35423,20890613,0,0,1,33280,11,3997776890
2130,20860260,216176,21076436,2,0,0,1024,12,235453271
2131,20877990,50765,20928755,0,0,1,42496,11,7993771407
2132,20906610,25691,20932301,0,0,1,5632,11,9082715832
2133,20954490,184849,21139339,2,0,0,512,12,7177380344
2134,20956660,296437,21253097,0,0,0,64000,11,3126196940
2135,20965780,287503,21253283,2,0,0,512,12,2168235968
2136,20993190,31266,21024456,0,0,1,50688,11,6120126270
2137,21024960,371157,21396117,8,0,0,17408,8,3105289557
2138,21040790,254670,21295460,8,0,0,1024,8,8530151305
2139,21042800,347990,21390790,1,0,0,40960,17,8579588224
2140,21058540,566,21059106,5,0,1,512,10,2121115199
2141,21060550,275882,21336432,1,0,0,25088,17,7292319051
2142,21073570,191045,21264615,0,0,0,4096,11,103077720
2143,21108210,254457,21362667,2,0,0,1024,12,7404093776
2144,21111560,4679,21116239,5,0,1,12288,10,2970415716
2145,21115440,144427,21259867,2,0,0,1024,12,183366174
2146,21118920,136051,21254971,0,0,0,5120,11,2916410382
2147,21123740,488235,21611975,8,0,0,23040,8,780464265
2148,21126400,16420,21142820,5,0,1,3584,10,5083324884
2149,21131590,12856,21144446,0,0,1,2560,11,8187963602
2150,21135490,64938,21200428,0,0,1,53248,11,7515288124
2151,21137120,449536,21586656,0,0,0,73216,11,3414898157
2152,21137770,366522,21504292,3,0,0,512,0,5740689498
2153,21144110,334978,21479088,8,0,0,67584,8,2967357819
2154,21145040,55403,21200443,5,0,1,6656,10,1237367742
2155,21167990,85122,21253112,0,0,1,95744,11,2416064479
2156,21205930,648789,21854719,0,0,0,37888,11,5110860403
2157,21217100,38161,21255261,1,0,1,2048,17,6133741247
2158,21231750,490961,21722711,9,0,0,6144,3,5734074026
2159,21234850,200949,21435799,2,0,0,512,12,7492665643
2160,21249320,13316,21262636,1,0,1,8192,17,4684031615
2161,21260280,187094,21447374,3,0,0,512,0,10225020929
2162,21264840,3422,21268262,8,0,1,3584,8,3060348150
2163,21270170,266565,21536735,3,0,0,512,0,6530973046
2164,21307630,644529,21952159,2,0,0,2560,12,3561359787
2165,21329590,300207,21629797,9,0,0,57856,3,7002785140
2166,21329790,11872,21341662,1,0,1,13312,17,6734012955
2167,21335450,6878,21342328,7,0,1,1024,4,8400712867
2168,21344490,5802,21350292,1,0,1,6144,17,9586270542
2169,21353250,731851,22085101,8,0,0,44544,8,2235361439
2170,21353470,512838,21866308,0,0,0,37376,11,6250319236
2171,21368260,354622,21722882,3,0,0,512,0,10531456682
2172,21374609,104666,21479275,7,0,0,512,4,9247240554
2173,21374790,170915,21545705,2,0,0,1024,12,8818921733
2174,21379500,504649,21884149,8,0,0,28160,8,6641269818
2175,21387580,10064,21397644,1,0,1,1536,17,8795729527
2176,21388810,538251,21927061,1,0,0,23040,17,35469294
2177,21408040,1518,21409558,5,0,1,1536,10,2906309108
2178,21419870,3645,21423515,5,0,1,10240,10,9626665228
2179,21442580,221601,21664181,0,0,0,4096,11,4009393802
2180,21455260,24030,21479290,9,0,1,13312,3,10352198741
2181,21456500,357625,21814125,8,0,0,22016,8,712573281
2182,21457750,654327,22112077,0,0,0,32256,11,7042184050
2183,21464180,314341,21778521,8,0,0,61440,8,7046605554
2184,21465890,146264,21612154,2,0,0,512,12,6230665245
2185,21477280,736375,22213655,8,0,0,17920,8,6278502259
2186,21490561,5454,21496015,3,0,1,13824,0,5984024084
2187,21492411,4590,21497001,3,0,1,1536,0,8001605482
2188,21515931,3898,21519829,3,0,1,4096,0,6198739793
2189,21518150,895201,22413351,8,0,0,15872,8,193614956
2190,21520000,3898,21523898,9,0,1,4096,3,8532254334
2191,21520250,202959,21723209,3,0,0,1024,0,6769571630
2192,21522589,404799,21927388,7,0,0,1024,4,7739850132
2193,21525410,374312,21899722,3,0,0,512,0,2965902489
2194,21526890,3898,21530788,1,0,1,4096,17,2453579564
2195,21527050,5684,21532734,5,0,1,3072,10,7468375855
2196,21535860,1415550,22951410,1,0,0,43520,17,8590002321
2197,21542680,1048413,22591093,1,0,0,50688,17,10475321727
2198,21552510,271955,21824465,8,0,0,5632,8,9550400469
2199,21554060,1414965,22969025,0,0,0,11264,11,3824436617
2200,21557780,486146,22043926,9,0,0,12800,3,7486301566
2201,21558930,662548,22221478,0,0,0,25600,11,9225901179
2202,21566010,239269,21805279,0,0,0,2560,11,7095882717
2203,21567479,300435,21867914,7,0,0,3584,4,8301824564
2204,21572160,15146,21587306,5,0,1,512,10,6750757836
2205,21577650,277255,21854905,3,0,0,512,0,3816200878
2206,21583650,173017,21756667,1,0,0,4096,17,9882248253
2207,21593850,633967,22227817,2,0,0,1536,12,8963763354
2208,21594600,469634,22064234,3,0,0,512,0,5564637139
2209,21597830,610350,22208180,1,0,0,63488,17,8505851273
2210,21606080,734624,22340704,0,0,0,126464,11,5086221366
2211,21614030,863774,22477804,0,0,0,16896,11,5624342113
2212,21616441,20645,21637086,3,0,1,7680,0,1369691094
2213,21621490,16582,21638072,9,0,1,1536,3,8443841847
2214,21625181,13877,21639058,3,0,1,1536,0,10396684568
2215,21632480,430374,22062854,2,0,0,1024,12,3285989843
2216,21643570,223237,21866807,2,0,0,1536,12,278227734
2217,21645440,383586,22029026,3,0,0,512,0,7746646578
2218,21652980,809950,22462930,1,0,0,77824,17,9283670651
2219,21656640,273076,21929716,3,0,0,2048,0,10359864452
2220,21690910,717582,22408492,0,0,0,61440,11,1260537858
2221,21705460,10241,21715701,1,0,1,16384,17,1001340744
2222,21717010,1994,21719004,1,0,1,2048,17,8829912462
2223,21717090,923319,22640409,0,0,0,52736,11,5327052123
2224,21717569,428008,22145577,7,0,0,512,4,1494118149
2225,21727060,1389898,23116958,2,0,0,512,12,4224790167
2226,21728491,4374,21732865,3,0,1,4608,0,7096144506
2227,21732100,657657,22389757,8,0,0,35328,8,3771631723
2228,21735380,3898,21739278,5,0,1,4096,10,916669568
2229,21746409,339175,22085584,7,0,0,1536,4,9803929202
2230,21758070,940820,22698890,1,0,0,90624,17,5613419489
2231,21772601,9040,21781641,3,0,1,9216,0,9507637523
2232,21792380,1994,21794374,1,0,1,2048,17,7047345106
2233,21792699,452666,22245365,7,0,0,1024,4,4762301769
2234,21814850,2870,21817720,5,0,1,8704,10,1629826237
2235,21820130,331484,22151614,2,0,0,1024,12,4733936011
2236,21827800,550983,22378783,3,0,0,124928,0,207459622
2237,21828541,3645,21832186,3,0,1,10240,0,5589102781
2238,21837400,925583,22762983,8,0,0,111104,8,8360439191
2239,21840850,13884,21854734,1,0,1,3072,17,1252489516
2240,21851380,800432,22651812,1,0,0,37376,17,4008508847
2241,21852770,20840,21873610,5,0,1,14336,10,3088267790
2242,21865030,623603,22488633,3,0,0,30720,0,6099639886
2243,21880751,8861,21889612,3,0,1,13824,0,9131162697
2244,21883260,341485,22224745,2,0,0,1536,12,3835126688
2245,21901770,570855,22472625,3,0,0,31744,0,9687115532
2246,21904040,516751,22420791,1,0,0,2048,17,996410926
2247,21907610,566,21908176,8,0,1,512,8,5188247041
2248,21909050,868829,22777879,2,0,0,1024,12,10624219235
2249,21912860,758388,22671248,3,0,0,15360,0,10440588984
2250,21914420,897333,22811753,1,0,0,61952,17,6529748275
2251,21914550,354197,22268747,2,0,0,1024,12,1079987274
2252,21933609,14804,21948413,2,0,1,28672,12,6869916615
2253,21936169,442809,22378978,7,0,0,512,4,1340806212
2254,21958450,1158337,23116787,0,0,0,101888,11,6037301625
2255,21959220,2946,21962166,1,0,1,3072,17,1838681721
2256,21972081,11791,21983872,3,0,1,19456,0,1922867987
2257,21976299,45904,22022203,2,0,1,75776,12,5305353202
2258,21981570,41619,22023189,5,0,1,1536,10,7734395718
2259,21993560,1077441,23071001,1,0,0,27648,17,3608446651
2260,21998849,223307,22222156,7,0,0,1024,4,8470255336
2261,22001069,220736,22221805,7,0,0,1024,4,8737219594
2262,22012371,10972,22023343,3,0,1,8704,0,7720238118
2263,22019000,579152,22598152,0,0,0,23040,11,9926990200
2264,22019059,67238,22086297,2,0,1,114176,12,1850271529
2265,22023940,790847,22814787,0,0,0,6656,11,2245633130
2266,22040310,895782,22936092,3,0,0,63488,0,2818240398
2267,22043500,1179539,23223039,9,0,0,55808,3,9123353630
2268,22047260,39601,22086861,7,0,1,10752,4,4763190047
2269,22059140,28387,22087527,1,0,1,11264,17,3559132531
2270,22059250,492419,22551669,9,0,0,76288,3,7302235880
2271,22078510,10643,22089153,7,0,1,2560,4,5077939164
2272,22080170,764791,22844961,9,0,0,13824,3,8739665477
2273,22086730,1189117,23275847,1,0,0,6656,17,4305294732
2274,22087440,2379,22089819,9,0,1,1024,3,6849303551
2275,22096560,509735,22606295,3,0,0,26624,0,1896700394
2276,22098660,516565,22615225,9,0,0,19456,3,793905117
2277,22098990,1518,22100508,5,0,1,1536,10,8705743748
2278,22117539,13083,22130622,2,0,1,22016,12,8994016280
2279,22125340,450294,22575634,8,0,0,37376,8,3832624673
2280,22126190,5405,22131595,5,0,1,12800,10,9962731411
2281,22150220,3422,22153642,4,0,1,3584,5,4232589668
2282,22176750,598127,22774877,1,0,0,10752,17,5464262159
2283,22193479,303601,22497080,7,0,0,512,4,2202302423
2284,22205250,20763,22226013,7,0,1,4096,4,3012989913
2285,22207421,19258,22226679,3,0,1,1024,0,8681675685
2286,22210660,16365,22227025,4,0,1,512,5,426375330
2287,22222310,5522,22227832,4,0,1,1024,5,9199229838
2288,22238830,3422,22242252,4,0,1,3584,5,10222151471
2289,22247550,524028,22771578,3,0,0,28160,0,1089707489
2290,22262250,654483,22916733,3,0,0,88064,0,8384910069
2291,22263980,5196,22269176,7,0,1,13312,4,7002660742
2292,22298030,1518,22299548,7,0,1,1536,4,10566679992
2293,22320290,96943,22417233,7,0,1,4096,4,7287237324
2294,22320580,472271,22792851,9,0,0,15360,3,9609301778
2295,22341860,75593,22417453,4,0,1,8704,5,6019183345
2296,22368390,409154,22777544,3,0,0,8704,0,1024066247
2297,22371820,237454,22609274,3,0,0,9728,0,10550895559
2298,22399499,884472,23283971,7,0,0,3072,4,3393718658
2299,22408510,15012,22423522,6,0,1,15360,8,4531306204
2300,22421150,4318,22425468,4,0,1,3072,5,6612140119
2301,22428730,1994,22430724,6,0,1,2048,8,5401789152
2302,22432740,5802,22438542,6,0,1,6144,8,7327664275
2303,22446980,742473,23189453,8,0,0,97280,8,9755084284
2304,22453470,752542,23206012,1,0,0,54272,17,5960622967
2305,22462019,237727,22699746,7,0,0,512,4,5700553659
2306,22476270,789554,23265824,9,0,0,17408,3,8784801194
2307,22497689,358410,22856099,7,0,0,512,4,2230452054
2308,22508640,1994,22510634,6,0,1,2048,8,7729403592
2309,22512820,186755,22699575,3,0,0,2048,0,2205017339
2310,22515070,855789,23370859,3,0,0,91136,0,7945893937
2311,22528690,30201,22558891,5,0,1,7680,10,6618432674
2312,22559450,3898,22563348,5,0,1,4096,10,5391653808
2313,22569400,45856,22615256,4,0,1,13312,5,1982411474
2314,22576029,677978,23254007,7,0,0,512,4,4226638982
2315,22581880,33391,22615271,4,0,1,512,5,351390096
2316,22598010,17831,22615841,4,0,1,512,5,1798482571
2317,22599890,1205489,23805379,3,0,0,208896,0,8209689939
2318,22600590,17787,22618377,6,0,1,3072,8,2868911902
2319,22604450,356351,22960801,8,0,0,30720,8,683299590
2320,22618840,4679,22623519,5,0,1,12288,10,9027924246
2321,22637830,20770,22658600,6,0,1,7168,8,449285137
2322,22646849,208026,22854875,7,0,0,1536,4,4287665727
2323,22651370,19893,22671263,5,0,1,22016,10,5249182700
2324,22655070,43835,22698905,6,0,1,3072,8,8136391265
2325,22656170,42750,22698920,6,0,1,10752,8,8139858737
2326,22658540,922951,23581491,8,0,0,151552,8,9844343214
2327,22659340,347606,23006946,3,0,0,2048,0,1657244507
2328,22672609,152174,22824783,7,0,0,512,4,647174345
2329,22680390,21810,22702200,5,0,1,2560,10,8411215137
2330,22695269,333513,23028782,7,0,0,2560,4,5397064950
2331,22701050,237085,22938135,0,0,0,6656,11,5038726725
2332,22713089,1092648,23805737,7,0,0,1024,4,9344340437
2333,22713139,338840,23051979,7,0,0,1536,4,6581524526
2334,22713560,5326,22718886,4,0,1,5632,5,10231480279
2335,22719990,618376,23338366,1,0,0,79872,17,4673803461
2336,22730830,526352,23257182,1,0,0,10240,17,1915474448
2337,22743370,35059,22778429,6,0,1,512,8,5421340226
2338,22768851,9924,22778775,3,0,1,512,0,1249979676
2339,22796200,623433,23419633,1,0,0,26624,17,7208516930
2340,22807380,464848,23272228,8,0,0,5120,8,9336199672
2341,22812990,5176,22818166,9,0,1,9728,3,2866217288
2342,22825630,7230,22832860,4,0,1,7680,5,1040772086
2343,22838350,586469,23424819,9,0,0,16896,3,8167886993
2344,22844170,567283,23411453,9,0,0,16896,3,4855474565
2345,22853150,372096,23225246,9,0,0,7168,3,1927071086
2346,22859029,258288,23117317,7,0,0,1024,4,5719962889
2347,22864960,417116,23282076,8,0,0,5120,8,5976103482
2348,22883160,5326,22888486,5,0,1,5632,10,1817641207
2349,22886030,947393,23833423,0,0,0,16384,11,9547749815
2350,22908100,53827,22961927,4,0,1,1024,5,7643741954
2351,22908170,498120,23406290,3,0,0,58880,0,2022004911
2352,22908361,60679,22969040,3,0,1,6144,0,5321896467
2353,22918639,543103,23461742,7,0,0,1536,4,9190473856
2354,22920960,48725,22969685,9,0,1,4096,3,263536315
2355,22921680,320556,23242236,3,0,0,26624,0,2282583206
2356,22926700,304497,23231197,1,0,0,19456,17,2442760735
2357,22951720,490087,23441807,1,0,0,2560,17,9586023023
2358,22955420,429229,23384649,1,0,0,30720,17,6996354144
2359,22955460,419798,23375258,0,0,0,14336,11,4642106586
2360,22955960,15671,22971631,5,0,1,3072,10,10073278899
2361,22962961,9234,22972195,3,0,1,10752,0,1016672666
2362,22979790,4937,22984727,9,0,1,12800,3,1627805306
2363,22992850,437615,23430465,1,0,0,17920,17,6874138181
2364,23007090,800534,23807624,3,0,0,6144,0,7701488019
2365,23009060,240418,23249478,0,0,0,5120,11,7727010856
2366,23015930,3645,23019575,5,0,1,10240,10,7234140328
2367,23036369,495817,23532186,7,0,0,1536,4,8006088837
2368,23053230,289051,23342281,0,0,0,12800,11,3826891548
2369,23093390,249686,23343076,0,0,0,2560,11,1207874366
2370,23099760,565077,23664837,0,0,0,36352,11,9442036581
2371,23105771,12071,23117842,3,0,1,512,0,6345882439
2372,23106620,195142,23301762,1,0,0,4096,17,391562667
2373,23123560,5454,23129014,9,0,1,13824,3,7982242571
2374,23125760,4880,23130640,9,0,1,2560,3,5732801168
2375,23139301,1518,23140819,3,0,1,1536,0,984610448
2376,23145300,3422,23148722,9,0,1,3584,3,1805521755
2377,23173499,251491,23424990,7,0,0,512,4,628362069
2378,23181110,280149,23461259,0,0,0,17920,11,7399127833
2379,23192240,411857,23604097,8,0,0,43520,8,4440011006
2380,23198780,656422,23855202,0,0,0,3584,11,6875090324
2381,23207770,26306,23234076,5,0,1,8704,10,9963358472
2382,23224490,250879,23475369,8,0,0,31232,8,67686056
2383,23262311,10259,23272570,3,0,1,7168,0,1666485230
2384,23292960,2946,23295906,1,0,1,3072,17,5774570845
2385,23294620,5712,23300332,9,0,1,14336,3,5470731990
2386,23295461,6316,23301777,3,0,1,512,0,4491172096
2387,23335030,318676,23653706,3,0,0,52224,0,7123731376
2388,23338850,620363,23959213,3,0,0,39936,0,10135345811
2389,23340829,263610,23604439,7,0,0,1024,4,8079064996
2390,23343761,67707,23411468,3,0,1,7168,0,688806545
2391,23364231,47260,23411491,3,0,1,2048,0,8400053676
2392,23364391,47115,23411506,3,0,1,1536,0,6696182746
2393,23366320,367929,23734249,8,0,0,34816,8,6688354901
2394,23386411,33237,23419648,3,0,1,4096,0,1776441792
2395,23392561,42800,23435361,3,0,1,12800,0,5446841312
2396,23405730,183194,23588924,0,0,0,2048,11,9316765097
2397,23425820,10527,23436347,5,0,1,1536,10,3800253884
2398,23431020,238928,23669948,0,0,0,3584,11,4131434407
2399,23435200,6754,23441954,5,0,1,7168,10,6331476470
2400,23436231,7029,23443260,3,0,1,2048,0,4975259204
2401,23439390,6456,23445846,9,0,1,4096,3,81641378
2402,23448930,274696,23723626,8,0,0,34304,8,10257024508
2403,23463560,11824,23475384,5,0,1,11264,10,4920008743
2404,23479420,6754,23486174,9,0,1,7168,3,3512547822
2405,23484690,5971,23490661,5,0,1,14848,10,5724764435
2406,23488370,248078,23736448,8,0,0,7168,8,2228186131
2407,23493520,441295,23934815,0,0,0,30208,11,9050726429
2408,23517130,10499,23527629,9,0,1,16896,3,6422463999
2409,23522159,327411,23849570,7,0,0,1024,4,3982211348
2410,23525559,383277,23908836,7,0,0,512,4,8427130508
2411,23538580,45916,23584496,5,0,1,3072,10,1412787176
2412,23550410,261629,23812039,8,0,0,14336,8,6951793269
2413,23552521,34561,23587082,3,0,1,4096,0,5936105349
2414,23575470,315348,23890818,3,0,0,65024,0,5833813258
2415,23583930,5009,23588939,5,0,1,2560,10,9702921341
2416,23584860,19252,23604112,5,0,1,6144,10,4582874018
2417,23585200,19254,23604454,9,0,1,3584,3,1746602051
2418,23603280,305345,23908625,8,0,0,58368,8,9873527951
2419,23621900,520974,24142874,0,0,0,69632,11,9680412012
2420,23634940,214295,23849235,3,0,0,10752,0,168276584
2421,23641081,26661,23667742,3,0,1,3072,0,8348990486
2422,23641721,28250,23669971,3,0,1,2560,0,8145394080
2423,23646280,23706,23669986,5,0,1,8704,10,2520519772
2424,23648900,220909,23869809,3,0,0,1536,0,8343190875
2425,23650799,309365,23960164,7,0,0,3072,4,3580621019
2426,23667460,342589,24010049,8,0,0,49152,8,10349898505
2427,23673780,2470,23676250,9,0,1,2560,3,10699380597
2428,23674600,1996,23676596,5,0,1,512,10,3327955088
2429,23708930,566,23709496,5,0,1,512,10,8198238935
2430,23723861,16970,23740831,3,0,1,4608,0,10647429517
2431,23728481,76913,23805394,3,0,1,4608,0,6162343166
2432,23745170,361252,24106422,8,0,0,4096,8,6431584054
2433,23745641,67424,23813065,3,0,1,1024,0,2268862460
2434,23779500,40065,23819565,5,0,1,7680,10,2043580302
2435,23786960,191907,23978867,8,0,0,7168,8,2525089770
2436,23790671,30520,23821191,3,0,1,2560,0,2901466276
2437,23798229,212177,24010406,7,0,0,1024,4,2683111725
2438,23802241,22496,23824737,3,0,1,5632,0,10227760223
2439,23821290,243023,24064313,0,0,0,9216,11,6862908915
2440,23821300,97327,23918627,3,0,0,1024,0,3029759224
2441,23836310,566,23836876,9,0,1,512,3,8472382390
2442,23838400,211448,24049848,0,0,0,1024,11,6442807600
2443,23847340,423429,24270769,0,0,0,147968,11,7140152880
2444,23856370,248204,24104574,8,0,0,24064,8,10099746664
2445,23876880,33322,23910202,9,0,1,1536,3,285972209
2446,23880969,35897,23916866,2,0,1,8192,12,973799977
2447,23881750,36892,23918642,9,0,1,2560,3,1010872136
2448,23882330,36828,23919158,5,0,1,1024,10,4403928995
2449,23886400,388782,24275182,3,0,0,14336,0,6101493763
2450,23920491,4937,23925428,3,0,1,12800,0,5756382692
2451,23932259,49019,23981278,2,0,1,80384,12,10616733890
2452,23936260,48884,23985144,9,0,1,6144,3,8110032781
2453,23937899,53556,23991455,2,0,1,30208,12,4458143772
2454,23947160,62904,24010064,9,0,1,7168,3,10157874288
2455,23963450,321895,24285345,0,0,0,33280,11,8899881826
2456,23969341,40738,24010079,3,0,1,3072,0,1897799939
2457,23986679,132565,24119244,7,0,0,512,4,303672932
2458,23990789,162760,24153549,7,0,0,1536,4,6874374083
2459,23994159,160614,24154773,7,0,0,512,4,5491113918
2460,23999590,340100,24339690,0,0,0,39424,11,6035813473
2461,24015280,4420,24019700,9,0,1,11776,3,447366197
2462,24020489,156262,24176751,7,0,0,4096,4,1482516218
2463,24038661,2470,24041131,3,0,1,2560,0,3055285608
2464,24059989,26221,24086210,2,0,1,47616,12,2292619539
2465,24060040,26516,24086556,9,0,1,512,3,3339702010
2466,24078400,416814,24495214,8,0,0,113664,8,4189409593
2467,24079650,553463,24633113,3,0,0,37376,0,4114550634
2468,24114260,418011,24532271,8,0,0,59904,8,1371494084
2469,24119050,182157,24301207,3,0,0,14848,0,4482580260
2470,24124780,466648,24591428,8,0,0,171008,8,735696178
2471,24136679,534533,24671212,7,0,0,512,4,347849107
2472,24136690,7268,24143958,5,0,1,1024,10,3876053925
2473,24165730,331698,24497428,3,0,0,7168,0,4164601367
2474,24170979,333039,24504018,7,0,0,1536,4,5100681664
2475,24174430,428580,24603010,0,0,0,13312,11,5902890322
2476,24187571,5326,24192897,3,0,1,5632,0,6958113138
2477,24208181,566,24208747,3,0,1,512,0,5242784706
2478,24220841,49943,24270784,3,0,1,7168,0,2384559878
2479,24224701,46098,24270799,3,0,1,1536,0,2757547455
2480,24231150,58052,24289202,8,0,1,4096,8,3869462001
2481,24277260,423056,24700316,0,0,0,31232,11,4998906547
2482,24283200,220327,24503527,1,0,0,19968,17,9201427108
2483,24286810,312129,24598939,3,0,0,24576,0,8331597117
2484,24287080,4388,24291468,9,0,1,3584,3,5043763847
2485,24300159,41656,24341815,2,0,1,65536,12,8979955185
2486,24301380,364306,24665686,0,0,0,12800,11,189753388
2487,24308290,34191,24342481,1,0,1,1024,17,3503721086
2488,24311320,32787,24344107,9,0,1,2560,3,1853643500
2489,24314320,31733,24346053,9,0,1,3072,3,1250157453
2490,24316440,29972,24346412,1,0,1,9728,17,8403610203
2491,24324650,25628,24350278,9,0,1,6144,3,10200186875
2492,24331220,19724,24350944,9,0,1,11264,3,10105656460
2493,24348980,390785,24739765,3,0,0,47616,0,5968048943
2494,24349360,2570,24351930,5,0,1,1536,10,2663502665
2495,24363519,242785,24606304,7,0,0,1024,4,6176748661
2496,24373730,497544,24871274,8,0,0,92672,8,2547570618
2497,24386210,11274,24397484,5,0,1,18432,10,1522054810
2498,24395510,511386,24906896,0,0,0,16896,11,1683018599
2499,24405570,256201,24661771,3,0,0,29696,0,7234156093
2500,24407850,1994,24409844,9,0,1,2048,3,913661882
2501,24414010,2470,24416480,9,0,1,2560,3,8829998596
2502,24444161,198311,24642472,5,0,0,512,10,7030209452
2503,24455901,566,24456467,3,0,1,512,0,3890731843
2504,24457651,37578,24495229,3,0,1,7680,0,5665294003
2505,24496770,9677,24506447,9,0,1,2560,3,6380684563
2506,24527830,5492,24533322,9,0,1,1024,3,10289875696
2507,24528950,4718,24533668,9,0,1,512,3,10593236171
2508,24532530,2444,24534974,4,0,1,2048,5,1991749936
2509,24564920,38640,24603560,9,0,1,512,3,2320881243
2510,24588160,237222,24825382,3,0,0,33792,0,10377739248
2511,24610510,4850,24615360,5,0,1,5120,10,10263726982
2512,24638049,102043,24740092,7,0,0,1024,4,5850032703
2513,24642700,229057,24871757,0,0,0,1536,11,2148739985
2514,24681330,297290,24978620,8,0,0,15360,8,9135070610
2515,24693200,8643,24701843,5,0,1,1536,10,4603063652
2516,24693750,319772,25013522,0,0,0,60928,11,431410627
2517,24710040,362959,25072999,8,0,0,99328,8,7935219606
2518,24720180,2470,24722650,9,0,1,2560,3,7958594651
2519,24740790,351126,25091916,8,0,0,25600,8,2063815482
2520,24747630,213419,24961049,8,0,0,11776,8,5992006172
2521,24751199,210177,24961376,7,0,0,1024,4,6461455965
2522,24753400,402451,25155851,3,0,0,23040,0,6262691956
2523,24755100,456559,25211659,0,0,0,40448,11,4547933624
2524,24758230,363147,25121377,3,0,0,90624,0,6713764767
2525,24787970,3898,24791868,5,0,1,4096,10,8824198632
2526,24791140,343658,25134798,3,0,0,24064,0,1531922688
2527,24799020,326904,25125924,0,0,0,14848,11,8408990147
2528,24809219,204474,25013693,7,0,0,512,4,6127856272
2529,24842950,28822,24871772,6,0,1,11264,8,5519942798
2530,24847430,36917,24884347,9,0,1,20992,3,2434209606
2531,24854090,325502,25179592,8,0,0,8192,8,6189407984
2532,24899499,556467,25455966,7,0,0,512,4,3530102658
2533,24914720,338573,25253293,0,0,0,34816,11,5404497545
2534,24930480,146442,25076922,0,0,0,12800,11,307453659
2535,24961050,216023,25177073,0,0,0,20992,11,7361756572
2536,24969180,2946,24972126,6,0,1,3072,8,5104728720
2537,24971010,417323,25388333,8,0,0,86528,8,8135319858
2538,24974430,564272,25538702,8,0,0,116736,8,6378545317
2539,24999340,230449,25229789,3,0,0,27648,0,1165498230
2540,25006960,448016,25454976,8,0,0,71168,8,5644851059
2541,25021530,316013,25337543,0,0,0,37376,11,586269517
2542,25033660,380124,25413784,3,0,0,83456,0,4398586062
2543,25042950,225896,25268846,3,0,0,1536,0,5317890630
2544,25104810,438290,25543100,8,0,0,9216,8,1011765717
2545,25134300,298961,25433261,8,0,0,44032,8,1617554927
2546,25159340,163271,25322611,3,0,0,4096,0,2964521587
2547,25174360,9611,25183971,6,0,1,11776,8,5907011451
2548,25186930,3422,25190352,6,0,1,3584,8,3735619622
2549,25205009,209126,25414135,7,0,0,1024,4,6931833093
2550,25231100,224695,25455795,0,0,0,2560,11,2486364972
2551,25241210,299067,25540277,3,0,0,5120,0,10259783860
2552,25245580,9223,25254803,6,0,1,1536,8,1933648343
2553,25255670,311953,25567623,0,0,0,80384,11,4144581612
2554,25258610,3904,25262514,6,0,1,10752,8,4326291321
2555,25270700,426036,25696736,0,0,0,43520,11,4774487992
2556,25280520,289794,25570314,8,0,0,8704,8,2884523646
2557,25280630,312342,25592972,8,0,0,7680,8,4422673870
2558,25322670,1518,25324188,6,0,1,1536,8,9085723393
2559,25330630,8440,25339070,6,0,1,1536,8,8411489842
2560,25330960,288235,25619195,0,0,0,86016,11,9128457899
2561,25353670,1518,25355188,6,0,1,1536,8,3166149440
2562,25361960,382923,25744883,0,0,0,32768,11,3438048254
2563,25371770,42890,25414660,6,0,1,512,8,3078846269
2564,25392830,22176,25415006,1,0,1,512,17,9034695015
2565,25400100,442391,25842491,0,0,0,141312,11,10577175235
2566,25423060,35297,25458357,6,0,1,3584,8,4630064031
2567,25428170,31173,25459343,1,0,1,1536,17,1783631566
2568,25434690,25639,25460329,1,0,1,1536,17,2884869412
2569,25473980,5712,25479692,1,0,1,14336,17,10381661836
2570,25497670,522480,26020150,3,0,0,34304,0,1074911791
2571,25500821,1042,25501863,3,0,1,1024,0,8977841632
2572,25534780,318364,25853144,8,0,0,34816,8,9756285676
2573,25535680,37704,25573384,1,0,1,6144,17,4801908053
2574,25557559,295812,25853371,7,0,0,512,4,7597448387
2575,25559160,19050,25578210,6,0,1,7680,8,10009829419
2576,25571029,125886,25696915,7,0,0,512,4,4148574995
2577,25571460,47766,25619226,1,0,1,47104,17,646165362
2578,25593010,321831,25914841,3,0,0,104448,0,9797689176
2579,25593450,381336,25974786,0,0,0,10752,11,3677950219
2580,25608520,314048,25922568,8,0,0,18944,8,3912990534
2581,25619640,341462,25961102,0,0,0,16896,11,8594833175
2582,25620149,233720,25853869,7,0,0,1536,4,1390629525
2583,25627430,3904,25631334,6,0,1,10752,8,5880213917
2584,25653850,13341,25667191,7,0,1,22528,4,8633285675
2585,25661190,120607,25781797,3,0,0,512,0,10015184094
2586,25672810,24412,25697222,1,0,1,44032,17,3466341928
2587,25684671,13746,25698417,3,0,1,1536,0,4227947011
2588,25694030,57115,25751145,1,0,1,91136,17,9054809325
2589,25696841,58490,25755331,3,0,1,6656,0,7215458366
2590,25698370,342102,26040472,3,0,0,4096,0,3899847484
2591,25701470,231497,25932967,8,0,0,33280,8,4363314619
2592,25703140,252799,25955939,3,0,0,73728,0,7257771050
2593,25709130,377484,26086614,3,0,0,17920,0,10064051170
2594,25717600,124906,25842506,1,0,1,118784,17,4656044980
2595,25733280,347851,26081131,3,0,0,30208,0,4587354548
2596,25761050,81471,25842521,7,0,1,7680,4,3546089917
2597,25779350,74036,25853386,1,0,1,111616,17,1451622098
2598,25801170,57032,25858202,9,0,1,4608,3,2308272106
2599,25801760,234794,26036554,3,0,0,29696,0,443997249
2600,25802561,57267,25859828,3,0,1,2560,0,1459365139
2601,25833591,27863,25861454,3,0,1,2560,0,8226368814
2602,25837660,24140,25861800,9,0,1,512,3,209404337
2603,25839050,23096,25862146,7,0,1,512,4,3111479312
2604,25842230,20902,25863132,9,0,1,1536,3,10581875549
2605,25854590,9848,25864438,6,0,1,2048,8,579734310
2606,25859590,9034,25868624,7,0,1,6656,4,407558460
2607,25869610,2870,25872480,9,0,1,8704,3,6466347105
2608,25871131,2698,25873829,3,0,1,1536,0,6632376981
2609,25902600,233182,26135782,0,0,0,46592,11,1024664861
2610,25912900,345124,26258024,8,0,0,41984,8,6077409408
2611,25921200,264673,26185873,0,0,0,9216,11,4865667375
2612,25923760,96889,26020649,8,0,0,1536,8,8727100468
2613,25954500,11857,25966357,9,0,1,13312,3,10367002235
2614,25954900,11803,25966703,7,0,1,512,4,3396178400
2615,25956701,11948,25968649,3,0,1,3072,0,176016677
2616,25957070,12109,25969179,1,0,1,8704,17,3591179218
2617,25965180,267797,26232977,8,0,0,20480,8,7756536395
2618,26010340,11335,26021675,6,0,1,1024,8,2446233278
2619,26014000,22569,26036569,6,0,1,7680,8,1992482473
2620,26017270,19314,26036584,6,0,1,4096,8,4894834454
2621,26021979,147995,26169974,7,0,0,1536,4,6575002197
2622,26026220,10379,26036599,6,0,1,512,8,4205170660
2623,26033600,3557,26037157,7,0,1,512,4,1000628336
2624,26048541,3898,26052439,3,0,1,4096,0,1689159450
2625,26052060,3422,26055482,7,0,1,3584,4,9267774717
2626,26073920,355611,26429531,0,0,0,33280,11,9774439161
2627,26089509,11274,26100783,2,0,1,18432,12,5517153587
2628,26099870,210370,26310240,3,0,0,13824,0,1504930378
2629,26121539,156948,26278487,7,0,0,1536,4,10127201676
2630,26125120,18402,26143522,6,0,1,8192,8,7755390372
2631,26125300,24286,26149586,1,0,1,18432,17,62031781
2632,26132190,24046,26156236,1,0,1,20480,17,8366116130
2633,26136749,188261,26325010,7,0,0,512,4,9188415712
2634,26144770,41118,26185888,0,0,1,59904,11,6370099488
2635,26166860,22503,26189363,9,0,1,7680,3,8303338550
2636,26196110,256539,26452649,0,0,0,75776,11,8112312782
2637,26197480,77623,26275103,3,0,0,512,0,5485673663
2638,26198199,62674,26260873,2,0,1,101888,12,1793124137
2639,26198739,78711,26277450,2,0,1,54784,12,4917061823
2640,26209700,68802,26278502,8,0,1,1024,8,4860097489
2641,26221380,136660,26358040,3,0,0,1024,0,5893267602
2642,26224069,242488,26466557,7,0,0,1024,4,6237610427
2643,26235640,217351,26452991,3,0,0,1024,0,1223706003
2644,26254839,24660,26279499,2,0,1,14848,12,2638819765
2645,26259670,21135,26280805,9,0,1,2048,3,2418201046
2646,26263350,17814,26281164,6,0,1,9728,8,2835425419
2647,26272760,243342,26516102,8,0,0,49664,8,6907259391
2648,26283550,2470,26286020,6,0,1,2560,8,1643335352
2649,26290740,2470,26293210,8,0,1,2560,8,5851374564
2650,26296450,3898,26300348,8,0,1,4096,8,3462511909
2651,26322040,566,26322606,7,0,1,512,4,2094237591
2652,26375159,5326,26380485,2,0,1,5632,12,8207860751
2653,26375930,5541,26381471,9,0,1,1536,3,2686307367
2654,26415870,13676,26429546,9,0,1,4608,3,9890055581
2655,26416620,36044,26452664,7,0,1,8192,4,3129028373
2656,26417240,35766,26453006,7,0,1,4096,4,4480068915
2657,26430120,27728,26457848,9,0,1,5120,3,7003640974
2658,26461560,156574,26618134,3,0,0,512,0,4206292135
2659,26470280,5712,26475992,7,0,1,14336,4,6694683765
2660,26496150,395005,26891155,0,0,0,66560,11,4738548749
2661,26500810,201784,26702594,8,0,0,96768,8,8385466791
2662,26526129,60983,26587112,7,0,0,512,4,5871892079
2663,26528070,140549,26668619,3,0,0,1024,0,1151464120
2664,26544250,158515,26702765,3,0,0,512,0,4842984004
2665,26551420,566,26551986,9,0,1,512,3,2958141980
2666,26555210,6754,26561964,7,0,1,7168,4,5941790027
2667,26558569,93670,26652239,7,0,0,1024,4,2396444775
2668,26566970,1518,26568488,9,0,1,1536,3,10582933261
2669,26572700,566,26573266,7,0,1,512,4,3394773679
2670,26585650,7706,26593356,9,0,1,8192,3,4871488921
2671,26596850,218647,26815497,6,0,0,512,8,532708674
2672,26606509,10499,26617008,2,0,1,16896,12,7448941862
2673,26613709,42424,26656133,2,0,1,69120,12,8780915731
2674,26621839,226253,26848092,7,0,0,2048,4,10101267578
2675,26637710,183485,26821195,6,0,0,512,8,8912307107
2676,26643169,63620,26706789,2,0,1,107008,12,10451984913
2677,26648680,517920,27166600,0,0,0,12288,11,2037096240
2678,26652480,264897,26917377,3,0,0,1536,0,8611896656
2679,26654079,271705,26925784,7,0,0,512,4,3356969604
2680,26664850,383210,27048060,6,0,0,1024,8,4452398776
2681,26669159,38296,26707455,2,0,1,1024,12,2195054687
2682,26678360,30401,26708761,7,0,1,2048,4,7895135706
2683,26678490,41282,26719772,7,0,1,30720,4,5685611313
2684,26678749,229592,26908341,7,0,0,512,4,7667657188
2685,26684660,363073,27047733,0,0,0,2048,11,4171343838
2686,26688300,214061,26902361,8,0,0,4608,8,6727182500
2687,26696740,213386,26910126,6,0,0,2048,8,7961288203
2688,26712150,270283,26982433,6,0,0,2048,8,7119929657
2689,26712310,9728,26722038,9,0,1,3584,3,4748724574
2690,26724250,200925,26925175,8,0,0,16896,8,9808026396
2691,26740690,112126,26852816,6,0,0,512,8,4687478997
2692,26761750,397419,27159169,0,0,0,78848,11,2619489684
2693,26761800,4850,26766650,7,0,1,5120,4,3359566246
2694,26764210,169205,26933415,3,0,0,1024,0,2596926182
2695,26766430,2470,26768900,9,0,1,2560,3,8668319316
2696,26773060,566,26773626,9,0,1,512,3,8505840638
2697,26779270,297932,27077202,0,0,0,44032,11,9219311836
2698,26786770,566,26787336,7,0,1,512,4,4338447452
2699,26788310,175041,26963351,6,0,0,512,8,7424647371
2700,26789370,3387,26792757,7,0,1,9728,4,9338714587
2701,26794620,197773,26992393,8,0,0,29696,8,1586128615
2702,26794780,5802,26800582,7,0,1,6144,4,9076985126
2703,26800450,260781,27061231,8,0,0,27648,8,2654492950
2704,26816320,100574,26916894,8,0,0,4096,8,9328240304
2705,26837859,2946,26840805,2,0,1,3072,12,4159605465
2706,26874920,20618,26895538,7,0,1,4608,4,2259052378
2707,26886199,9685,26895884,2,0,1,512,12,7097142126
2708,26920270,10699,26930969,9,0,1,6144,3,1181850317
2709,26931990,176151,27108141,0,0,0,44032,11,1929136809
2710,26939830,1042,26940872,9,0,1,1024,3,6394902118
2711,26946860,143534,27090394,6,0,0,512,8,5956766814
2712,26946880,161432,27108312,3,0,0,512,0,4510490837
2713,26955060,4420,26959480,9,0,1,11776,3,9825097251
2714,26964280,4374,26968654,7,0,1,4608,4,6617933811
2715,26985890,270894,27256784,3,0,0,512,0,6991915122
2716,26987610,16591,27004201,8,0,1,19456,8,8413206191
2717,26993130,258640,27251770,0,0,0,53760,11,9505250786
2718,26994790,11997,27006787,7,0,1,4096,4,1020848226
2719,26999500,9233,27008733,4,0,1,3072,5,3372493513
2720,27031179,150919,27182098,7,0,0,1024,4,5476456387
2721,27037930,245653,27283583,0,0,0,45568,11,4929347002
2722,27043510,297591,27341101,0,0,0,13312,11,7973460468
2723,27046640,3422,27050062,7,0,1,3584,4,9212062421
2724,27049530,1994,27051524,9,0,1,2048,3,3475986826
2725,27086719,4162,27090881,2,0,1,11264,12,832773697
2726,27089569,70163,27159732,7,0,0,512,4,938608559
2727,27107179,4071,27111250,2,0,1,3072,12,2942907867
2728,27113939,7230,27121169,2,0,1,7680,12,9558572083
2729,27153879,340386,27494265,7,0,0,512,4,5019466383
2730,27156249,4948,27161197,2,0,1,2048,12,4589388640
2731,27156830,330301,27487131,8,0,0,159232,8,39933060
2732,27162640,190032,27352672,0,0,0,5632,11,7502385084
2733,27165580,118486,27284066,6,0,0,1536,8,3770720576
2734,27170279,325295,27495574,7,0,0,2048,4,10150403398
2735,27173669,1994,27175663,2,0,1,2048,12,1093301756
2736,27187309,3898,27191207,2,0,1,4096,12,8117652946
2737,27190530,350952,27541482,0,0,0,512,11,2822007646
2738,27205500,231732,27437232,8,0,0,62464,8,2436916106
2739,27235790,369178,27604968,0,0,0,36352,11,10332111686
2740,27237640,257108,27494748,6,0,0,1536,8,3396632192
2741,27250339,141624,27391963,7,0,0,1024,4,8547290232
2742,27267860,566,27268426,9,0,1,512,3,1511081068
2743,27296119,197975,27494094,7,0,0,512,4,6536179356
2744,27297389,197546,27494935,7,0,0,512,4,2500790164
2745,27297550,566,27298116,9,0,1,512,3,1366097769
2746,27301110,192813,27493923,0,0,0,19456,11,3859497191
2747,27309070,213380,27522450,3,0,0,1024,0,812954109
2748,27328770,323582,27652352,0,0,0,21504,11,6886112142
2749,27334470,197615,27532085,6,0,0,512,8,6073919868
2750,27345579,2470,27348049,2,0,1,2560,12,5781300267
2751,27375230,112734,27487964,6,0,0,2560,8,3729506607
2752,27379750,321953,27701703,8,0,0,1024,8,8625317287
2753,27380300,377275,27757575,0,0,0,123904,11,5139091112
2754,27394530,6754,27401284,9,0,1,7168,3,489461099
2755,27398120,257367,27655487,0,0,0,10240,11,4290880344
2756,27400689,119103,27519792,7,0,0,1024,4,10206478414
2757,27419291,67863,27487154,3,0,1,4608,0,2434634348
2758,27420510,66659,27487169,9,0,1,512,3,9877108511
2759,27429430,332692,27762122,0,0,0,14848,11,10452228220
2760,27441350,172612,27613962,6,0,0,512,8,7539775092
2761,27450900,44689,27495589,9,0,1,512,3,7245545747
2762,27453100,42839,27495939,9,0,1,1024,3,4758009661
2763,27515760,123672,27639432,3,0,0,1024,0,487231437
2764,27527790,292724,27820514,8,0,0,77824,8,4465198581
2765,27534850,70289,27605139,3,0,0,512,0,8997399217
2766,27536800,239845,27776645,0,0,0,47616,11,9706953361
2767,27606360,6278,27612638,9,0,1,6656,3,2880561147
2768,27642680,202734,27845414,3,0,0,1024,0,3134747687
2769,27657030,200432,27857462,6,0,0,512,8,7457090830
2770,27661340,237094,27898434,0,0,0,20480,11,6803211522
2771,27668949,152927,27821876,7,0,0,512,4,8797564199
2772,27681470,114277,27795747,3,0,0,512,0,2381928020
2773,27705919,76359,27782278,7,0,0,1024,4,5972852925
2774,27709920,202489,27912409,6,0,0,1536,8,9885129467
2775,27712259,108762,27821021,7,0,0,1536,4,189273153
2776,27727290,230934,27958224,0,0,0,54272,11,3890584364
2777,27758999,92715,27851714,7,0,0,1536,4,305067044
2778,27762570,92132,27854702,6,0,0,1536,8,9771339778
2779,27774990,124707,27899697,6,0,0,4096,8,6609732462
2780,27801880,245618,28047498,8,0,0,119296,8,9616672148
2781,27808220,156118,27964338,8,0,0,19456,8,450547050
2782,27815510,142885,27958395,6,0,0,512,8,7947767215
2783,27829140,92036,27921176,3,0,0,1536,0,90154656
2784,27829740,137429,27967169,0,0,0,9216,11,6811989892
2785,27831650,14117,27845767,8,0,1,24064,8,7463609050
2786,27842620,154011,27996631,0,0,0,4608,11,2970535402
2787,27904290,70087,27974377,6,0,0,1024,8,2782586015
2788,27933450,45954,27979404,0,0,1,79360,11,5494713656
2789,27934179,113646,28047825,7,0,0,1024,4,10028309731
2790,27979700,174503,28154203,3,0,0,512,0,3791582012
2791,28052550,64208,28116758,0,0,0,6656,11,9123913027
2792,28090129,130236,28220365,7,0,0,512,4,5887832047
2793,28102160,114626,28216786,3,0,0,512,0,7245413298
2794,28123730,149634,28273364,8,0,0,113152,8,5599715443
2795,28126930,93264,28220194,0,0,0,6656,11,6348553074
2796,28137320,141113,28278433,8,0,0,14848,8,5481762631
2797,28163620,75012,28238632,6,0,0,512,8,10254204239
2798,28208350,3904,28212254,1,0,1,10752,17,6529297864
2799,28209289,64589,28273878,7,0,0,1536,4,6524589729
2800,28229780,90567,28320347,6,0,0,512,8,7258874533
2801,28230010,43369,28273379,1,0,1,19968,17,3398724189
2802,28253349,65618,28318967,7,0,0,1024,4,553415073
2803,28259070,137183,28396253,0,0,0,31744,11,4115730354
2804,28263640,147760,28411400,8,0,0,49664,8,6130434634
2805,28271380,140191,28411571,6,0,0,512,8,5871847210
2806,28288760,160216,28448976,0,0,0,31744,11,7342260770
2807,28295950,228221,28524171,0,0,0,95744,11,2919035391
2808,28317209,94541,28411750,7,0,0,512,4,2285487596
2809,28340799,93079,28433878,7,0,0,512,4,9024156413
2810,28367540,64958,28432498,6,0,0,1024,8,2323219710
2811,28397660,135005,28532665,6,0,0,512,8,4331126472
2812,28430290,94208,28524498,6,0,0,1024,8,2706025827
2813,28451400,118215,28569615,8,0,0,10752,8,8132564506
2814,28461560,63109,28524669,6,0,0,512,8,1356770197
2815,28519320,54321,28573641,0,0,0,2048,11,4883172359
2816,28525750,78236,28603986,8,0,0,17408,8,10455236679
2817,28530740,57601,28588341,3,0,0,512,0,7540080950
2818,28560039,57059,28617098,7,0,0,4096,4,731127244
2819,28581660,108992,28690652,0,0,0,57856,11,6458514390
2820,28586539,45596,28632135,7,0,0,1024,4,3136907445
2821,28589860,143482,28733342,0,0,0,33280,11,1821791878
2822,28608660,4850,28613510,9,0,1,5120,3,3919637804
2823,28639230,167690,28806920,0,0,0,71680,11,2736822236
2824,28667740,1042,28668782,6,0,1,1024,8,9718733893
2825,28674750,167401,28842151,6,0,0,512,8,6940445507
2826,28679480,56604,28736084,0,0,0,512,11,4224487450
2827,28696450,184485,28880935,0,0,0,16896,11,681728758
2828,28722430,86853,28809283,8,0,0,7680,8,8837136541
2829,28733299,97321,28830620,7,0,0,1024,4,1443912103
2830,28757780,1518,28759298,6,0,1,1536,8,8436985025
2831,28788850,68661,28857511,0,0,0,512,11,2252286199
2832,28804310,48869,28853179,0,0,0,512,11,4336929105
2833,28804860,82639,28887499,0,0,0,1024,11,5087888729
2834,28811120,76052,28887172,8,0,0,10240,8,7927818312
2835,28825319,6754,28832073,2,0,1,7168,12,9086540142
2836,28833820,3898,28837718,6,0,1,4096,8,4150624865
2837,28839320,114977,28954297,8,0,0,19456,8,2381778906
2838,28851670,43904,28895574,6,0,0,512,8,5925877934
2839,28854950,6278,28861228,6,0,1,6656,8,9429137638
2840,28863030,20366,28883396,1,0,1,32768,17,6299331724
2841,28879180,53484,28932664,6,0,0,1024,8,1615473499
2842,28896460,2946,28899406,6,0,1,3072,8,5695026809
2843,28908010,48036,28956046,3,0,0,1024,0,6893870916
2844,28910850,566,28911416,5,0,1,512,10,1531701543
2845,28919270,5326,28924596,1,0,1,5632,17,4883263579
2846,28930280,1518,28931798,8,0,1,1536,8,998001206
2847,28937100,4374,28941474,8,0,1,4608,8,276534224
2848,28940749,181608,29122357,7,0,0,2560,4,3688271681
2849,28944070,2470,28946540,6,0,1,2560,8,2255293077
2850,28946210,53583,28999793,1,0,1,87552,17,5642646021
2851,28976530,210418,29186948,0,0,0,512,11,9326000137
2852,28981100,74459,29055559,6,0,0,512,8,2601553668
2853,28981550,43904,29025454,6,0,0,512,8,1715846854
2854,28987250,112007,29099257,1,0,1,181248,17,9205921987
2855,28995670,231169,29226839,6,0,0,1024,8,5850788566
2856,29004650,99433,29104083,8,0,1,7680,8,8895183309
2857,29019880,240980,29260860,3,0,0,512,0,8930148748
2858,29021830,380310,29402140,8,0,0,90112,8,7158443991
2859,29029400,85205,29114605,1,0,1,41984,17,3855977173
2860,29042909,73322,29116231,2,0,1,2560,12,8991549677
2861,29054700,90415,29145115,0,0,0,512,11,5503646035
2862,29060979,56558,29117537,2,0,1,2048,12,6447783629
2863,29092240,41772,29134012,1,0,1,54272,17,7651258454
2864,29093980,160808,29254788,8,0,0,22528,8,5093602857
2865,29129020,7258,29136278,7,0,1,3584,4,10502058424
2866,29141330,90878,29232208,3,0,0,1536,0,6368901093
2867,29142720,100552,29243272,0,0,0,2560,11,5663505381
2868,29159590,7230,29166820,1,0,1,7680,17,8380805856
2869,29162600,6488,29169088,1,0,1,15872,17,8125346618
2870,29166070,284850,29450920,8,0,0,67072,8,2446625115
2871,29166770,8454,29175224,5,0,1,8192,10,6219607850
2872,29181410,54306,29235716,3,0,0,2048,0,5634334912
2873,29185030,6754,29191784,6,0,1,7168,8,3779485476
2874,29192440,566,29193006,7,0,1,512,4,225908618
2875,29198910,6278,29205188,8,0,1,6656,8,3415528610
2876,29205780,196843,29402623,8,0,0,1536,8,4171531015
2877,29219599,1994,29221593,2,0,1,2048,12,5810660307
2878,29225750,5326,29231076,8,0,1,5632,8,278068103
2879,29246470,8333,29254803,5,0,1,2048,10,7577924088
2880,29277140,10757,29287897,1,0,1,17408,17,5144680275
2881,29287800,254286,29542086,8,0,0,56320,8,3615979104
2882,29288330,224835,29513165,0,0,0,2048,11,4694439754
2883,29304319,3422,29307741,2,0,1,3584,12,8834084538
2884,29315110,141345,29456455,8,0,0,15872,8,3246118882
2885,29325620,1042,29326662,4,0,1,1024,5,6880162695
2886,29330670,5712,29336382,8,0,1,14336,8,2639123910
2887,29342620,5971,29348591,1,0,1,14848,17,4054409312
2888,29347500,138322,29485822,6,0,0,1024,8,10693805881
2889,29355380,1042,29356422,7,0,1,1024,4,4783859622
2890,29355890,154713,29510603,6,0,0,512,8,1502514944
2891,29358280,312862,29671142,3,0,0,512,0,7492797383
2892,29360690,2870,29363560,8,0,1,8704,8,7412086619
2893,29409270,566,29409836,6,0,1,512,8,3674106196
2894,29417269,4374,29421643,2,0,1,4608,12,9981135861
2895,29418299,200160,29618459,7,0,0,2048,4,1821756633
2896,29425369,116888,29542257,7,0,0,512,4,8056544708
2897,29444590,63762,29508352,8,0,0,4608,8,10063063218
2898,29452309,17996,29470305,2,0,1,23552,12,7688676111
2899,29470800,1042,29471842,7,0,1,1024,4,3672904201
2900,29473519,11791,29485310,2,0,1,19456,12,10238748414
2901,29477590,10306,29487896,6,0,1,4096,8,4977665604
2902,29478050,245731,29723781,0,0,0,1024,11,4828174072
2903,29543000,1042,29544042,7,0,1,1024,4,7392036897
2904,29546709,6754,29553463,2,0,1,7168,12,3225885382
2905,29547390,63372,29610762,0,0,0,1024,11,8049112242
2906,29549790,73417,29623207,6,0,0,1536,8,6192033185
2907,29558080,138292,29696372,3,0,0,1536,0,5454463961
2908,29560130,1518,29561648,6,0,1,1536,8,3328615382
2909,29563409,88391,29651800,7,0,0,512,4,6871817284
2910,29565790,157641,29723431,8,0,0,30720,8,6929306306
2911,29565920,14804,29580724,6,0,1,28672,8,3441378058
2912,29570029,107101,29677130,7,0,0,512,4,7804489055
2913,29577670,120307,29697977,0,0,0,512,11,3189226114
2914,29579050,13083,29592133,1,0,1,22016,17,5623726994
2915,29584230,55685,29639915,1,0,1,88576,17,9392828863
2916,29592560,96029,29688589,0,0,0,1024,11,937179916
2917,29594381,46200,29640581,3,0,1,1024,0,5408450685
2918,29611340,30547,29641887,6,0,1,2048,8,3472525867
2919,29619021,28972,29647993,3,0,1,29184,0,5705419835
2920,29624560,215114,29839674,8,0,0,57856,8,447105271
2921,29647240,3422,29650662,7,0,1,3584,4,2110228425
2922,29660869,63106,29723975,7,0,0,512,4,8347368559
2923,29662600,208154,29870754,6,0,0,2560,8,6810461960
2924,29664770,5326,29670096,7,0,1,5632,4,7477796905
2925,29668899,141357,29810256,7,0,0,512,4,2745602029
2926,29672500,246801,29919301,0,0,0,2560,11,809690508
2927,29682710,62518,29745228,3,0,0,2048,0,8407827657
2928,29683060,60476,29743536,0,0,0,1536,11,1510666382
2929,29692980,103965,29796945,3,0,0,512,0,3653736223
2930,29706060,1042,29707102,7,0,1,1024,4,6658566995
2931,29711051,12395,29723446,3,0,1,9216,0,9199510388
2932,29712240,11564,29723804,6,0,1,5120,8,10256433854
2933,29715400,181753,29897153,0,0,0,1024,11,6420598303
2934,29717380,11491,29728871,7,0,1,12800,4,2670165160
2935,29725880,3337,29729217,6,0,1,512,8,4899922852
2936,29732300,225988,29958288,6,0,0,2048,8,7997663557
2937,29736879,4937,29741816,2,0,1,12800,12,3245824056
2938,29740810,2964,29743774,5,0,1,3072,10,2927059923
2939,29744179,2946,29747125,2,0,1,3072,12,5446093485
2940,29754110,230610,29984720,8,0,0,27136,8,9276970201
2941,29766520,5802,29772322,5,0,1,6144,10,3769387268
2942,29768550,71163,29839713,1,0,1,113152,17,4748509319
2943,29769960,244733,30014693,6,0,0,19456,8,8902399443
2944,29771711,68017,29839728,3,0,1,3072,0,9785619600
2945,29775400,64351,29839751,5,0,1,2560,10,1834611404
2946,29777920,62869,29840789,6,0,1,3072,8,5090741605
2947,29779929,61526,29841455,2,0,1,1024,12,2303255331
2948,29797211,45550,29842761,3,0,1,2048,0,9494151447
2949,29799520,74251,29873771,0,0,0,1024,11,1977941803
2950,29802540,40682,29843222,5,0,1,10240,10,6303672902
2951,29821170,364082,30185252,8,0,0,49152,8,2032202177
2952,29823630,103202,29926832,3,0,0,512,0,10303123894
2953,29824201,21927,29846128,3,0,1,4608,0,5865177237
2954,29833161,13313,29846474,3,0,1,512,0,8974230676
2955,29837310,110453,29947763,1,0,1,177152,17,8436864985
2956,29845860,103849,29949709,5,0,1,3072,10,8099926194
2957,29853309,137470,29990779,7,0,0,512,4,6951797433
2958,29854169,96513,29950682,2,0,1,12800,12,1938624345
2959,29859169,158532,30017701,7,0,0,2048,4,8487461805
2960,29860800,92148,29952948,1,0,1,3584,17,1263456986
2961,29872290,83564,29955854,6,0,1,4608,8,8575680505
2962,29877469,80834,29958303,2,0,1,3584,12,3743586134
2963,29877641,81350,29958991,3,0,1,12288,0,2239480529
2964,29911820,110073,30021893,0,0,0,512,11,6521910851
2965,29911890,365049,30276939,8,0,0,10240,8,9127293455
2966,29935650,353934,30289584,6,0,0,26624,8,5307602206
2967,29955491,5196,29960687,3,0,1,13312,0,8242426070
2968,29960029,3387,29963416,2,0,1,9728,12,906821120
2969,29972019,224478,30196497,7,0,0,512,4,1210096937
2970,30004310,340189,30344499,8,0,0,70656,8,5905938591
2971,30009029,7216,30016245,2,0,1,1536,12,6754528142
2972,30011871,6746,30018617,3,0,1,3584,0,6407193810
2973,30012509,7414,30019923,2,0,1,2048,12,6519139314
2974,30019719,3422,30023141,2,0,1,3584,12,8758039288
2975,30027770,2946,30030716,6,0,1,3072,8,9951244049
2976,30039890,2470,30042360,6,0,1,2560,8,1875098274
2977,30058860,127031,30185891,3,0,0,2048,0,9203039838
2978,30061850,1042,30062892,5,0,1,1024,10,8391431650
2979,30075860,2470,30078330,6,0,1,2560,8,4480894533
2980,30080680,6754,30087434,7,0,1,7168,4,2451124625
2981,30086510,2230,30088740,6,0,1,2048,8,9854853594
2982,30111061,11016,30122077,3,0,1,17920,0,975352571
2983,30122650,5802,30128452,6,0,1,6144,8,5489203546
2984,30141291,4374,30145665,3,0,1,4608,0,4374952952
2985,30146379,172149,30318528,7,0,0,512,4,8508446572
2986,30153880,4374,30158254,6,0,1,4608,8,2203546878
2987,30183030,204518,30387548,8,0,0,9216,8,1044078273
2988,30190229,70320,30260549,7,0,0,512,4,6475123128
2989,30217080,82291,30299371,0,0,0,512,11,6094458580
2990,30242580,151906,30394486,0,0,0,512,11,4367812614
2991,30266970,2470,30269440,6,0,1,2560,8,6947276479
2992,30272569,6278,30278847,2,0,1,6656,12,7567193199
2993,30282590,143542,30426132,8,0,0,5632,8,529944558
2994,30299109,71100,30370209,7,0,0,512,4,835926588
2995,30325700,350916,30676616,3,0,0,512,0,5886418449
2996,30365810,267812,30633622,6,0,0,95744,8,3663324058
2997,30383820,127177,30510997,6,0,0,21504,8,8187529308
2998,30403430,1994,30405424,6,0,1,2048,8,4373495416
2999,30410510,291180,30701690,3,0,0,1024,0,4068206103
3000,30447990,139483,30587473,0,0,0,1024,11,5362813392
3001,30458090,75811,30533901,0,0,0,1024,11,7475431079
3002,30504730,184247,30688977,8,0,0,1536,8,7552235699
3003,30505610,7874,30513484,6,0,1,2560,8,3396081315
3004,30520069,339039,30859108,7,0,0,1024,4,5508967744
3005,30534940,67272,30602212,0,0,0,1024,11,1729597943
3006,30537950,320831,30858781,8,0,0,101376,8,2496306107
3007,30544669,566,30545235,2,0,1,512,12,6140710918
3008,30548070,6754,30554824,1,0,1,7168,17,7577878749
3009,30561679,4850,30566529,2,0,1,5120,12,6020498223
3010,30583470,275809,30859279,0,0,0,512,11,5153430285
3011,30618350,209528,30827878,8,0,0,17920,8,711846581
3012,30621980,150750,30772730,8,0,0,17408,8,10146273516
3013,30643010,14287,30657297,1,0,1,27648,17,5854336578
3014,30643119,217306,30860425,7,0,0,512,4,640940750
3015,30650600,7977,30658577,1,0,1,14336,17,9178960213
3016,30656020,3128,30659148,1,0,1,9216,17,5735544170
3017,30665189,6754,30671943,2,0,1,7168,12,64561335
3018,30677930,1994,30679924,6,0,1,2048,8,3843704123
3019,30706719,5326,30712045,2,0,1,5632,12,3713133918
3020,30708790,163602,30872392,8,0,0,36864,8,657226626
3021,30709359,150879,30860238,7,0,0,3072,4,4895419505
3022,30712729,206873,30919602,7,0,0,1536,4,7438828373
3023,30734470,7230,30741700,1,0,1,7680,17,4258831654
3024,30739430,33315,30772745,1,0,1,52736,17,9897639561
3025,30744430,155379,30899809,6,0,0,8192,8,511805028
3026,30745650,29625,30775275,6,0,1,5632,8,1161719711
3027,30753780,21841,30775621,6,0,1,512,8,6430827388
3028,30764070,288400,31052470,6,0,0,101376,8,4143557958
3029,30781620,184476,30966096,8,0,0,4608,8,7969259986
3030,30781680,2946,30784626,8,0,1,3072,8,3465910709
3031,30784940,7230,30792170,8,0,1,7680,8,6417370048
3032,30789350,133297,30922647,3,0,0,512,0,1293061282
3033,30803420,158083,30961503,8,0,0,32256,8,5384958891
3034,30804780,143773,30948553,8,0,0,4608,8,6845680729
3035,30809830,11274,30821104,1,0,1,18432,17,5692127619
3036,30819240,2530,30821770,9,0,1,1024,3,1825687044
3037,30825449,178993,31004442,7,0,0,1024,4,4216294537
3038,30840750,31657,30872407,8,0,1,1024,8,9316772187
3039,30844440,27982,30872422,6,0,1,9216,8,5644148521
3040,30846020,26425,30872445,1,0,1,6144,17,8857759185
3041,30859210,13250,30872460,9,0,1,2048,3,5603807309
3042,30862460,15933,30878393,9,0,1,14848,3,7622305798
3043,30873590,9733,30883323,6,0,1,6656,8,6063391257
3044,30874760,89917,30964677,8,0,0,10240,8,5546771509
3045,30876390,10159,30886549,9,0,1,5120,3,1516635669
3046,30883550,317686,31201236,3,0,0,512,0,9545674611
3047,30886960,329629,31216589,6,0,0,31744,8,2780439439
3048,30892490,4374,30896864,6,0,1,4608,8,6884912754
3049,30894800,5024,30899824,7,0,1,12800,4,1450671666
3050,30926030,1042,30927072,6,0,1,1024,8,5024147009
3051,30930710,30808,30961518,1,0,1,44032,17,4127272595
3052,30939810,28348,30968158,1,0,1,39936,17,7965762605
3053,30945400,23104,30968504,6,0,1,512,8,428315846
3054,30949790,115184,31064974,2,0,0,2560,12,2251303986
3055,30952459,176219,31128678,7,0,0,512,4,442452272
3056,30962190,8474,30970664,9,0,1,11776,3,4686899331
3057,30984440,140084,31124524,6,0,0,49664,8,5995715465
3058,31005930,4420,31010350,9,0,1,11776,3,9765659602
3059,31010220,212005,31222225,3,0,0,512,0,1763072555
3060,31018859,181520,31200379,7,0,0,512,4,8399595040
3061,31021120,31365,31052485,5,0,1,3072,10,7224812426
3062,31030280,232712,31262992,0,0,0,1024,11,6762113962
3063,31043390,140745,31184135,0,0,0,1024,11,4076121687
3064,31046490,19032,31065522,1,0,1,25088,17,5577163274
3065,31056120,251897,31308017,6,0,0,26624,8,6697023099
3066,31062450,45696,31108146,1,0,1,78848,17,4564126832
3067,31072350,52189,31124539,6,0,1,3584,8,174929771
3068,31079040,61157,31140197,1,0,1,85504,17,4579399204
3069,31114589,199669,31314258,7,0,0,1024,4,239763047
3070,31122730,18773,31141503,5,0,1,2048,10,2587602212
3071,31124700,380712,31505412,8,0,0,52736,8,9076895677
3072,31125020,273484,31398504,0,0,0,1536,11,8918112756
3073,31139270,335616,31474886,6,0,0,28672,8,6118212054
3074,31204980,13600,31218580,1,0,1,23040,17,2802521289
3075,31222570,34795,31257365,1,0,1,60928,17,8758985682
3076,31244320,82382,31326702,3,0,0,1536,0,7861804436
3077,31248070,15811,31263881,5,0,1,23040,10,6604331958
3078,31252000,12445,31264445,4,0,1,10752,5,3653152568
3079,31257140,138812,31395952,3,0,0,2560,0,4422191709
3080,31262020,204115,31466135,8,0,0,13824,8,9409580887
3081,31272070,128751,31400821,0,0,0,512,11,2896297360
3082,31276420,4850,31281270,9,0,1,5120,3,880554514
3083,31287260,102833,31390093,8,0,0,5632,8,386870085
3084,31293729,2870,31296599,2,0,1,8704,12,4644184660
3085,31317830,4374,31322204,5,0,1,4608,10,6529992359
3086,31322030,1518,31323548,5,0,1,1536,10,3047516141
3087,31330550,3898,31334448,6,0,1,4096,8,6528926880
3088,31347660,64906,31412566,0,0,0,512,11,9348463677
3089,31349310,227002,31576312,0,0,0,1024,11,10512121294
3090,31349670,109236,31458906,0,0,0,1536,11,7887683217
3091,31353200,100942,31454142,0,0,0,1024,11,754739586
3092,31353580,4374,31357954,8,0,1,4608,8,749968910
3093,31371510,1042,31372552,1,0,1,1024,17,8393935711
3094,31373340,1994,31375334,6,0,1,2048,8,3125444590
3095,31389150,2929,31392079,7,0,1,2048,4,8956902911
3096,31400609,161942,31562551,7,0,0,1024,4,2418945514
3097,31412070,1518,31413588,4,0,1,1536,5,6593824541
3098,31419640,2470,31422110,8,0,1,2560,8,6430966730
3099,31431230,1042,31432272,8,0,1,1024,8,163776859
3100,31439250,82785,31522035,3,0,0,512,0,3766530118
3101,31454000,69727,31523727,0,0,0,1024,11,6190422468
3102,31460360,14541,31474901,8,0,1,6144,8,4466510216
3103,31477810,4374,31482184,8,0,1,4608,8,10308783251
3104,31481390,87617,31569007,0,0,0,2048,11,1010109163
3105,31500140,6782,31506922,8,0,1,1536,8,310029389
3106,31507440,6278,31513718,1,0,1,6656,17,8714863537
3107,31509850,76587,31586437,1,0,1,129024,17,9153873388
3108,31516890,71173,31588063,6,0,1,2560,8,900692299
3109,31519440,216387,31735827,8,0,0,29696,8,3810027062
3110,31526770,138145,31664915,1,0,1,186880,17,1737581188
3111,31564580,101001,31665581,4,0,1,1024,5,350164901
3112,31575340,107125,31682465,1,0,1,64512,17,5356837578
3113,31580630,105701,31686331,4,0,1,6144,5,898554087
3114,31588220,99417,31687637,8,0,1,2048,8,7266366290
3115,31602560,213456,31816016,0,0,0,512,11,3959057328
3116,31615000,73943,31688943,6,0,1,2048,8,9736126779
3117,31621720,79755,31701475,6,0,0,5632,8,2335099001
3118,31622000,172950,31794950,6,0,0,3072,8,3354522534
3119,31623730,117107,31740837,1,0,1,174592,17,4073058525
3120,31626450,115693,31742143,8,0,1,2048,8,10391555916
3121,31637090,109239,31746329,8,0,1,6656,8,6201950345
3122,31642940,191060,31834000,3,0,0,1024,0,3314739502
3123,31654220,95015,31749235,6,0,1,4608,8,5441533967
3124,31700490,50691,31751181,8,0,1,3072,8,3247656991
3125,31700890,50637,31751527,4,0,1,512,5,482728083
3126,31711320,56989,31768309,1,0,1,55808,17,4795597704
3127,31713099,353924,32067023,7,0,0,1024,4,8869016388
3128,31713400,58775,31772175,8,0,1,6144,8,7321665285
3129,31714190,68917,31783107,1,0,1,35840,17,8923620380
3130,31728369,112185,31840554,7,0,0,512,4,2096993424
3131,31736990,47423,31784413,6,0,1,2048,8,5050861262
3132,31764159,214082,31978241,7,0,0,47616,4,7141989653
3133,31768320,136274,31904594,3,0,0,1024,0,7831178332
3134,31771100,435528,32206628,8,0,0,3072,8,5060506106
3135,31777670,53583,31831253,1,0,1,87552,17,6580237494
3136,31792140,60823,31852963,6,0,1,71168,8,6928581941
3137,31798129,158849,31956978,7,0,0,6656,4,2508259275
3138,31828150,25159,31853309,4,0,1,512,5,4711695830
3139,31849780,239073,32088853,6,0,0,38912,8,4085362599
3140,31859619,201981,32061600,7,0,0,4096,4,5985322762
3141,31872250,2946,31875196,8,0,1,3072,8,9605176743
3142,31879660,240247,32119907,3,0,0,512,0,5375929004
3143,31879770,22433,31902203,6,0,1,36864,8,8956115073
3144,31911210,4420,31915630,8,0,1,11776,8,8748370992
3145,31931890,566,31932456,8,0,1,512,8,3994090144
3146,31942200,270457,32212657,0,0,0,512,11,9133680977
3147,31943019,1994,31945013,2,0,1,2048,12,7273222094
3148,31943469,5694,31949163,2,0,1,13824,12,472236427
3149,31943609,214574,32158183,7,0,0,3072,4,328878089
3150,31956479,5817,31962296,2,0,1,5632,12,1982716023
3151,31959829,18427,31978256,2,0,1,4608,12,421646250
3152,31969760,29129,31998889,1,0,1,33280,17,5211953290
3153,31972030,29125,32001155,1,0,1,3584,17,156339768
3154,31980740,26009,32006749,8,0,1,18432,8,3182273449
3155,31987919,19701,32007620,2,0,1,12288,12,9849317586
3156,31998730,10516,32009246,8,0,1,2560,8,9550401050
3157,32011699,6278,32017977,2,0,1,6656,12,7060273858
3158,32018280,285244,32303524,6,0,0,1536,8,4085881269
3159,32043910,240609,32284519,0,0,0,1024,11,7935512823
3160,32044640,204393,32249033,3,0,0,1024,0,5088303488
3161,32046439,6278,32052717,2,0,1,6656,12,355404767
3162,32079430,14394,32093824,6,0,1,12800,8,3448245544
3163,32081010,17103,32098113,8,0,1,5632,8,1185694741
3164,32086740,38770,32125510,6,0,1,50176,8,9180555835
3165,32093000,96275,32189275,3,0,0,512,0,6967465036
3166,32097770,138296,32236066,6,0,0,512,8,3906058444
3167,32097929,28247,32126176,2,0,1,1024,12,562128097
3168,32113590,33503,32147093,1,0,1,58368,17,1845652883
3169,32115020,34019,32149039,1,0,1,3072,17,3282489484
3170,32118450,31357,32149807,6,0,1,11776,8,6790839789
3171,32124290,25863,32150153,8,0,1,512,8,8128078877
3172,32145300,7759,32153059,8,0,1,4608,8,3736645337
3173,32162050,251316,32413366,8,0,0,80896,8,4235679648
3174,32171240,246100,32417340,0,0,0,512,11,9125300490
3175,32171880,4679,32176559,9,0,1,12288,3,9243596790
3176,32193450,11791,32205241,1,0,1,19456,17,748222123
3177,32244600,2946,32247546,8,0,1,3072,8,3017464879
3178,32245670,6278,32251948,9,0,1,6656,3,3027252263
3179,32248250,5196,32253446,9,0,1,13312,3,2473749214
3180,32271170,203713,32474883,3,0,0,1536,0,2373701048
3181,32282410,6488,32288898,6,0,1,15872,8,788920675
3182,32291489,3422,32294911,2,0,1,3584,12,2738018666
3183,32295550,1042,32296592,8,0,1,1024,8,7791385702
3184,32330340,2870,32333210,4,0,1,8704,5,1458498210
3185,32331119,4868,32335987,2,0,1,3072,12,2586763126
3186,32334271,188215,32522486,5,0,0,2560,10,4832586171
3187,32343470,272772,32616242,6,0,0,512,8,5573980122
3188,32353600,139264,32492864,8,0,0,8704,8,10478361461
3189,32357100,5971,32363071,9,0,1,14848,3,4284224637
3190,32367720,5802,32373522,4,0,1,6144,5,1961507686
3191,32368490,200461,32568951,3,0,0,512,0,1755167141
3192,32371970,4937,32376907,0,0,1,12800,11,2671965739
3193,32385280,28101,32413381,9,0,1,5120,3,7453670137
3194,32393249,397393,32790642,7,0,0,60928,4,378000274
3195,32401490,306123,32707613,3,0,0,2560,0,403099562
3196,32421789,242516,32664305,7,0,0,16896,4,8683316829
3197,32430550,272345,32702895,8,0,0,92160,8,7303073659
3198,32431340,566,32431906,4,0,1,512,5,4623499619
3199,32435320,359408,32794728,3,0,0,1024,0,4003173871
3200,32443839,1042,32444881,2,0,1,1024,12,4029615305
3201,32444880,34537,32479417,6,0,1,60416,8,10535137455
3202,32452380,29943,32482323,9,0,1,4608,3,1461167078
3203,32453580,29729,32483309,9,0,1,1536,3,3520100439
3204,32457400,60863,32518263,3,0,0,512,0,7615066952
3205,32472340,13235,32485575,4,0,1,3584,5,1791616424
3206,32483160,4681,32487841,0,0,1,3584,11,6109929657
3207,32496339,1994,32498333,2,0,1,2048,12,123686998
3208,32497079,209731,32706810,7,0,0,12800,4,7711220642
3209,32497800,2470,32500270,4,0,1,2560,5,6198750123
3210,32500580,20624,32521204,6,0,1,33280,8,2850053118
3211,32503270,19231,32522501,4,0,1,1536,5,3014477731
3212,32535190,3422,32538612,4,0,1,3584,5,5361193772
3213,32549190,1042,32550232,4,0,1,1024,5,3117684420
3214,32559120,5454,32564574,9,0,1,13824,3,10110154739
3215,32564200,150180,32714380,0,0,0,512,11,5448908190
3216,32583250,1518,32584768,8,0,1,1536,8,7757327559
3217,32583839,210562,32794401,7,0,0,12288,4,1676365753
3218,32586660,288399,32875059,8,0,0,23040,8,4412424907
3219,32589200,5326,32594526,4,0,1,5632,5,4763766459
3220,32617310,127193,32744503,6,0,0,512,8,7630649750
3221,32620910,3422,32624332,8,0,1,3584,8,6667300799
3222,32629860,4374,32634234,4,0,1,4608,5,1527441118
3223,32634759,381260,33016019,7,0,0,5120,4,4260119751
3224,32636319,566,32636885,2,0,1,512,12,9816631650
3225,32639880,24440,32664320,6,0,1,41984,8,7121080702
3226,32642910,21654,32664564,8,0,1,2048,8,5734925424
3227,32644069,21161,32665230,2,0,1,1024,12,3821386504
3228,32649670,202400,32852070,6,0,0,512,8,4119367234
3229,32679690,30176,32709866,4,0,1,2048,5,2031987374
3230,32686810,146911,32833721,3,0,0,1536,0,9687949602
3231,32687320,222652,32909972,0,0,0,512,11,9724576491
3232,32687960,22892,32710852,4,0,1,1536,5,3705446987
3233,32687989,238071,32926060,7,0,0,9728,4,5221849677
3234,32688850,26392,32715242,4,0,1,6656,5,8753874570
3235,32689600,242091,32931691,8,0,0,18432,8,2495279795
3236,32690970,323361,33014331,8,0,0,64512,8,2091689581
3237,32693290,111439,32804729,0,0,1,155648,11,6608248620
3238,32694220,113415,32807635,8,0,1,4608,8,8164047547
3239,32695310,133421,32828731,6,0,1,68096,8,479997047
3240,32701989,70074,32772063,7,0,0,6656,4,6591473675
3241,32702300,128377,32830677,9,0,1,3072,3,9603106054
3242,32710449,120894,32831343,2,0,1,1024,12,10701623433
3243,32712280,129585,32841865,0,0,1,41984,11,10564996385
3244,32723770,119401,32843171,9,0,1,2048,3,3134035170
3245,32728109,213599,32941708,7,0,0,5632,4,713179461
3246,32731020,115377,32846397,4,0,1,5120,5,4537771774
3247,32737470,110207,32847677,7,0,1,14336,4,3267780046
3248,32743040,105508,32848548,9,0,1,12288,3,4289211683
3249,32746840,107917,32854757,8,0,1,21504,8,8408591147
3250,32758790,301202,33059992,6,0,0,3072,8,10518354796
3251,32766510,91793,32858303,9,0,1,5632,3,7764592962
3252,32774000,167723,32941723,0,0,1,184832,11,1636014459
3253,32774679,167059,32941738,2,0,1,13312,12,615371574
3254,32796490,372170,33168660,8,0,0,43008,8,2463867351
3255,32820460,121343,32941803,0,0,1,9216,11,6539220884
3256,32823470,120279,32943749,6,0,1,3072,8,6517479228
3257,32824710,119705,32944415,4,0,1,1024,5,8174697602
3258,32827370,121231,32948601,9,0,1,6656,3,6463922907
3259,32830669,118918,32949587,2,0,1,1536,12,4995259906
3260,32831790,121343,32953133,8,0,1,5632,8,9640970199
3261,32834330,124704,32959034,6,0,1,19968,8,2696812847
3262,32842410,117290,32959700,6,0,1,11264,8,979378985
3263,32860060,121145,32981205,0,0,1,70144,11,3190185256
3264,32862640,118719,32981359,4,0,1,8704,5,1693541769
3265,32870300,302852,33173152,3,0,0,2048,0,589632626
3266,32873470,110155,32983625,9,0,1,3584,3,4779313653
3267,32873689,110282,32983971,2,0,1,512,12,2064856938
3268,32877690,110147,32987837,8,0,1,6144,8,9159992629
3269,32884390,367911,33252301,3,0,0,1536,0,8337083106
3270,32890050,100693,32990743,0,0,1,4608,11,2997049628
3271,32898549,273418,33171967,7,0,0,10752,4,404051526
3272,32900470,90619,32991089,0,0,1,512,11,8230873363
3273,32904490,109856,33014346,8,0,1,8192,8,114272125
3274,32915680,271471,33187151,3,0,0,512,0,10708647114
3275,32917340,97021,33014361,9,0,1,3072,3,9320519070
3276,32918490,95886,33014376,8,0,1,1024,8,2653050893
3277,32920250,94141,33014391,8,0,1,1536,8,784640917
3278,32926470,87936,33014406,6,0,1,6656,8,7690684057
3279,32926881,87540,33014421,3,0,1,4096,0,5824946465
3280,32961570,52866,33014436,4,0,1,4096,5,4472270312
3281,32974520,197790,33172310,0,0,0,1024,11,770855760
3282,32976900,195581,33172481,2,0,0,512,12,5118192200
3283,32977360,38674,33016034,0,0,1,8192,11,6661115764
3284,32978590,166863,33145453,0,0,0,2560,11,5441378592
3285,32992410,23655,33016065,0,0,1,2560,11,1233441750
3286,33011190,238983,33250173,2,0,0,1024,12,8608303010
3287,33014820,8461,33023281,4,0,1,7680,5,10580393017
3288,33015920,25679,33041599,8,0,1,38400,8,8029323067
3289,33016940,320583,33337523,8,0,0,35840,8,1152454489
3290,33033210,9375,33042585,0,0,1,1536,11,398866175
3291,33034811,8440,33043251,3,0,1,1024,0,2359060467
3292,33036370,303003,33339373,3,0,0,512,0,8865706460
3293,33044510,267288,33311798,6,0,0,512,8,1863274965
3294,33049790,42424,33092214,6,0,1,69120,8,5482963302
3295,33051290,289951,33341241,3,0,0,1536,0,3539582619
3296,33053750,42970,33096720,9,0,1,7168,3,9716048696
3297,33063060,212962,33276022,0,0,0,512,11,5580390906
3298,33077880,20786,33098666,4,0,1,3072,5,10245104352
3299,33081200,18542,33099742,0,0,1,13312,11,1031829345
3300,33092070,10898,33102968,4,0,1,5120,5,10003609704
3301,33098750,207132,33305882,0,0,0,1024,11,2161349675
3302,33099360,147741,33247101,0,0,0,1024,11,3267533728
3303,33102000,187952,33289952,0,0,0,512,11,272695760
3304,33107970,6229,33114199,6,0,1,15360,8,2730596098
3305,33123300,20624,33143924,6,0,1,33280,8,694459053
3306,33127540,337265,33464805,8,0,0,82432,8,4671310704
3307,33128221,16049,33144270,3,0,1,512,0,7173217604
3308,33131460,513869,33645329,8,0,0,46080,8,5679705469
3309,33139910,5558,33145468,7,0,1,1536,4,6646129607
3310,33143831,6278,33150109,3,0,1,6656,0,10250518950
3311,33150470,228802,33379272,0,0,0,512,11,8563532088
3312,33157951,18393,33176344,3,0,1,10752,0,7110993112
3313,33158211,22355,33180566,3,0,1,5120,0,7975268195
3314,33161300,19522,33180822,9,0,1,9216,3,4897341021
3315,33162601,18887,33181488,3,0,1,1024,0,2790426985
3316,33185270,3904,33189174,9,0,1,10752,3,2236197664
3317,33195779,279601,33475380,7,0,0,14848,4,2037079363
3318,33206560,4162,33210722,7,0,1,11264,4,3270139215
3319,33218990,249489,33468479,8,0,0,5120,8,3373652438
3320,33221260,14804,33236064,6,0,1,28672,8,7143406225
3321,33223810,69702,33293512,6,0,1,103424,8,6907180667
3322,33228729,266052,33494781,7,0,0,39424,4,8605715803
3323,33233130,130396,33363526,2,0,0,1024,12,4388576366
3324,33235680,62018,33297698,7,0,1,6656,4,9513360721
3325,33243710,93852,33337562,6,0,1,118272,8,3943851500
3326,33261250,76327,33337577,7,0,1,11776,4,1405036494
3327,33264090,417954,33682044,8,0,0,7168,8,7406494543
3328,33265410,302840,33568250,6,0,0,512,8,10685679555
3329,33266251,71748,33337999,3,0,1,1024,0,9981090477
3330,33273960,64385,33338345,7,0,1,512,4,9037855829
3331,33285869,562708,33848577,7,0,0,52224,4,911660908
3332,33293280,175370,33468650,6,0,0,512,8,8569228990
3333,33295101,46155,33341256,3,0,1,4096,0,9184000842
3334,33295390,199718,33495108,0,0,0,1024,11,5877851783
3335,33313440,572598,33886038,6,0,0,512,8,4978462143
3336,33315630,229030,33544660,0,0,0,1024,11,5604983134
3337,33329070,317381,33646451,2,0,0,3584,12,6763688856
3338,33330510,12000,33342510,6,0,1,12800,8,170070095
3339,33335899,387666,33723565,7,0,0,27136,4,10105236267
3340,33350059,194274,33544333,7,0,0,15360,4,7407180115
3341,33362580,116312,33478892,6,0,1,193024,8,5129979670
3342,33368431,111127,33479558,3,0,1,1024,0,6062107734
3343,33380050,164822,33544872,6,0,0,512,8,3969524684
3344,33383800,277171,33660971,0,0,0,512,11,8974815615
3345,33385340,187806,33573146,6,0,0,512,8,1174082801
3346,33386020,120483,33506503,6,0,1,96256,8,902464270
3347,33386960,118503,33505463,0,0,0,1536,11,518200081
3348,33396130,132288,33528418,6,0,1,72192,8,8513809465
3349,33412550,356622,33769172,8,0,0,7680,8,1439731809
3350,33414699,117218,33531917,7,0,0,1536,4,462800662
3351,33415430,118173,33533603,6,0,1,16384,8,2314604350
3352,33422410,752925,34175335,6,0,0,512,8,6095796232
3353,33422601,111361,33533962,3,0,1,9728,0,10016061001
3354,33434940,589315,34024255,6,0,0,102400,8,9271792299
3355,33438239,430321,33868560,7,0,0,65536,4,10111553250
3356,33458479,313652,33772131,7,0,0,4096,4,9582668225
3357,33476809,422009,33898818,7,0,0,15360,4,1531842409
3358,33486840,224713,33711553,0,0,0,512,11,1311693985
3359,33500141,36407,33536548,3,0,1,4096,0,2059690725
3360,33511600,41627,33553227,1,0,1,55296,17,555030410
3361,33528761,25132,33553893,3,0,1,11264,0,5347918183
3362,33538090,637051,34175141,6,0,0,119296,8,8713584085
3363,33539150,534968,34074118,6,0,0,85504,8,3538662601
3364,33543180,11277,33554457,6,0,1,10752,8,8357618337
3365,33547910,500117,34048027,6,0,0,77312,8,6894275478
3366,33564391,1042,33565433,3,0,1,1024,0,64925521
3367,33567281,3387,33570668,3,0,1,9728,0,4380486248
3368,33574460,3422,33577882,7,0,1,3584,4,7015261638
3369,33575890,2338,33578228,7,0,1,512,4,8724712107
3370,33576910,52033,33628943,6,0,1,84480,8,6375222472
3371,33578300,67044,33645344,6,0,1,31744,8,4611112588
3372,33579600,505330,34084930,0,0,0,1024,11,10166723368
3373,33597450,863890,34461340,6,0,0,52224,8,3754633950
3374,33599410,47056,33646466,7,0,1,7168,4,1302301
3375,33601450,509388,34110838,8,0,0,7168,8,4345184529
3376,33618601,27880,33646481,3,0,1,4096,0,10604316867
3377,33642869,7550,33650419,2,0,1,10752,12,118177738
3378,33643169,460169,34103338,7,0,0,30720,4,6899310381
3379,33646440,291978,33938418,3,0,0,1024,0,1914097111
3380,33672870,36604,33709474,6,0,1,64512,8,4085233718
3381,33680060,505501,34185561,0,0,0,512,11,5291968784
3382,33690220,417989,34108209,0,0,0,512,11,5325460722
3383,33691920,190242,33882162,2,0,0,1024,12,9192725142
3384,33705580,318846,34024426,3,0,0,512,0,5734715983
3385,33706409,3645,33710054,2,0,1,10240,12,6043885734
3386,33713360,10228,33723588,6,0,1,15872,8,711776972
3387,33715851,11128,33726979,3,0,1,3584,0,10041084968
3388,33726010,597025,34323035,8,0,0,160768,8,564453345
3389,33731280,384485,34115765,8,0,0,9216,8,4109332681
3390,33731761,1994,33733755,3,0,1,2048,0,2761760500
3391,33759559,569170,34328729,7,0,0,16896,4,9023544811
3392,33771960,908232,34680192,6,0,0,33792,8,5806492691
3393,33780940,436344,34217284,8,0,0,32768,8,6408050882
3394,33804290,519228,34323518,2,0,0,1536,12,1267020284
3395,33805011,1042,33806053,3,0,1,1024,0,3487645513
3396,33817940,367426,34185366,6,0,0,32768,8,1127721339
3397,33827810,698257,34526067,0,0,0,512,11,2289394357
3398,33828110,1518,33829628,6,0,1,1536,8,6363149111
3399,33851590,571918,34423508,6,0,0,10752,8,3390883497
3400,33862390,13417,33875807,7,0,1,7680,4,9013915688
3401,33900139,593767,34493906,7,0,0,21504,4,361800922
3402,33914269,2470,33916739,2,0,1,2560,12,275016461
3403,33921890,480315,34402205,8,0,0,27648,8,5927019260
3404,33934520,89921,34024441,6,0,1,120320,8,7617156599
3405,33938730,542896,34481626,6,0,0,60928,8,10656684174
3406,33948739,782987,34731726,7,0,0,10240,4,10059970370
3407,33966460,250995,34217455,2,0,0,512,12,6733844587
3408,33969370,423749,34393119,8,0,0,105472,8,5913317802
3409,33970359,360569,34330928,7,0,0,7168,4,1834721647
3410,33979770,44686,34024456,8,0,1,6144,8,6006029612
3411,33985060,89097,34074157,6,0,1,124416,8,5468837834
3412,34000390,549059,34549449,2,0,0,512,12,7552980134
3413,34003500,77331,34080831,6,0,1,7168,8,4966534885
3414,34027930,94802,34122732,6,0,1,80384,8,3634236845
3415,34050970,73388,34124358,8,0,1,2560,8,6743782856
3416,34065980,58724,34124704,4,0,1,512,5,1445499447
3417,34069960,58290,34128250,7,0,1,5632,4,2887804434
3418,34073959,552591,34626550,7,0,0,76288,4,3359123511
3419,34103940,27856,34131796,8,0,1,5632,8,1835466663
3420,34105640,408536,34514176,3,0,0,512,0,4711797381
3421,34112680,19462,34132142,4,0,1,512,5,5140546337
3422,34113171,280595,34393766,5,0,0,2048,10,3941404140
3423,34119440,14648,34134088,7,0,1,3072,4,2678645562
3424,34120150,55006,34175156,7,0,1,7680,4,3108606055
3425,34131890,277563,34409453,8,0,0,9728,8,5555199225
3426,34159360,387137,34546497,2,0,0,1024,12,231982824
3427,34165110,165997,34331107,3,0,0,512,0,6221929721
3428,34166470,295117,34461587,2,0,0,512,12,1612792441
3429,34167880,58319,34226199,6,0,1,66048,8,3743648592
3430,34171340,699886,34871226,2,0,0,2048,12,10441370448
3431,34177940,59601,34237541,6,0,1,37888,8,2996839252
3432,34179900,59024,34238924,4,0,1,14848,5,7663002279
3433,34188210,61851,34250061,1,0,1,45056,17,10204344133
3434,34193140,389160,34582300,2,0,0,1024,12,3388952778
3435,34197210,58036,34255246,8,0,1,16384,8,848653697
3436,34199700,131430,34331130,1,0,1,142848,17,3715943051
3437,34202270,279527,34481797,2,0,0,512,12,4601918193
3438,34209460,128134,34337594,6,0,1,24064,8,3712100506
3439,34237710,389011,34626721,2,0,0,512,12,20221806
3440,34237830,527426,34765256,6,0,0,52736,8,7572222850
3441,34256620,84840,34341460,1,0,1,6144,17,4139610332
3442,34262720,79086,34341806,7,0,1,512,4,5635952774
3443,34289960,493976,34783936,6,0,0,39936,8,7816234561
3444,34302250,409659,34711909,6,0,0,43520,8,7221997567
3445,34305870,41082,34346952,6,0,1,8192,8,9714894206
3446,34328160,23938,34352098,7,0,1,8192,4,3936827780
3447,34328680,25044,34353724,4,0,1,2560,5,3544982068
3448,34333270,24960,34358230,4,0,1,7168,5,8693204009
3449,34361080,269304,34630384,6,0,0,2048,8,8823692061
3450,34368930,354405,34723335,6,0,0,37376,8,307997348
3451,34370610,266629,34637239,2,0,0,512,12,9997528527
3452,34386581,352369,34738950,5,0,0,1024,10,2301530073
3453,34392520,11337,34403857,8,0,1,1536,8,8549058052
3454,34397660,6863,34404523,7,0,1,1024,4,9636366573
3455,34400860,153464,34554324,6,0,0,1024,8,1987354954
3456,34401790,9035,34410825,7,0,1,8192,4,8811795288
3457,34403380,35370,34438750,6,0,1,57344,8,9262265023
3458,34403630,41431,34445061,1,0,1,30208,17,5068546094
3459,34403800,224043,34627843,3,0,0,3072,0,1996823524
3460,34403930,57425,34461355,1,0,1,6656,17,2229416076
3461,34418680,42690,34461370,7,0,1,2560,4,9188995507
3462,34419490,378829,34798319,8,0,0,47104,8,10566951005
3463,34423020,38365,34461385,4,0,1,1536,5,9223778929
3464,34436611,24797,34461408,3,0,1,3072,0,4022885276
3465,34452250,29562,34481812,7,0,1,9728,4,10722216029
3466,34456971,24856,34481827,3,0,1,3072,0,10557007199
3467,34471450,209404,34680854,2,0,0,2048,12,10421097788
3468,34471961,21960,34493921,3,0,1,14336,0,483841926
3469,34474340,19596,34493936,9,0,1,2048,3,4634166194
3470,34490550,136342,34626892,3,0,0,512,0,144252867
3471,34490750,274997,34765747,2,0,0,1536,12,5266752567
3472,34507450,386690,34894140,0,0,0,512,11,5453187149
3473,34522110,3387,34525497,7,0,1,9728,4,3132231402
3474,34523250,4836,34528086,4,0,1,3072,5,9024151291
3475,34524640,307358,34831998,8,0,0,36864,8,3061262643
3476,34539411,1994,34541405,3,0,1,2048,0,8092895293
3477,34547399,5196,34552595,2,0,1,13312,12,326022626
3478,34554050,1784,34555834,9,0,1,1536,3,1013944948
3479,34554860,216893,34771753,2,0,0,1536,12,1921446636
3480,34555670,1518,34557188,7,0,1,1536,4,6548391045
3481,34558450,6278,34564728,4,0,1,6656,5,3491309588
3482,34565490,566,34566056,9,0,1,512,3,1809287989
3483,34577180,4374,34581554,8,0,1,4608,8,6183345741
3484,34577630,342078,34919708,0,0,0,512,11,6661277012
3485,34580570,1745,34582315,9,0,1,1024,3,8050514583
3486,34588370,219058,34807428,8,0,0,10240,8,758546947
3487,34588690,566,34589256,7,0,1,512,4,5399046491
3488,34592790,6754,34599544,8,0,1,7168,8,5161193764
3489,34612850,31431,34644281,6,0,1,31744,8,3283175534
3490,34617471,28116,34645587,3,0,1,2048,0,4698392833
3491,34625590,292738,34918328,6,0,0,1024,8,34514502
3492,34626970,24928,34651898,6,0,1,22016,8,5067385314
3493,34627100,25874,34652974,4,0,1,13312,5,5046307074
3494,34633960,20960,34654920,9,0,1,3072,3,770459234
3495,34634050,22496,34656546,7,0,1,2560,4,8324905187
3496,34634930,24202,34659132,7,0,1,4096,4,2928725428
3497,34640961,21077,34662038,3,0,1,4608,0,8538043260
3498,34650380,202488,34852868,0,0,0,1024,11,4614123937
3499,34652140,12164,34664304,6,0,1,3584,8,155885503
3500,34669410,10805,34680215,4,0,1,3584,5,5289146447
3501,34672750,162679,34835429,0,0,0,512,11,10348084216
3502,34679090,6130,34685220,9,0,1,4608,3,9617884326
3503,34685610,1042,34686652,9,0,1,1024,3,401797569
3504,34692040,1994,34694034,7,0,1,2048,4,8128937404
3505,34692700,5725,34698425,7,0,1,14336,4,9823369720
3506,34694260,17664,34711924,4,0,1,12800,5,214672820
3507,34695870,27480,34723350,9,0,1,7168,3,4514022704
3508,34699880,25899,34725779,9,0,1,2560,3,6639350271
3509,34719060,406547,35125607,8,0,0,17408,8,5670034603
3510,34731550,2638,34734188,8,0,1,2560,8,5894443718
3511,34745010,130774,34875784,3,0,0,1536,0,3834470961
3512,34750140,178714,34928854,6,0,0,1024,8,3354848284
3513,34773220,338803,35112023,3,0,0,68608,0,10034313789
3514,34773820,226489,35000309,2,0,0,512,12,8232764597
3515,34774420,29810,34804230,8,0,1,6144,8,7068115197
3516,34779230,28213,34807443,8,0,1,2048,8,2248452078
3517,34780910,220248,35001158,6,0,0,1536,8,4875885962
3518,34785420,283410,35068830,8,0,0,8704,8,10728230357
3519,34790361,17097,34807458,3,0,1,512,0,3380883281
3520,34795310,82320,34877630,2,0,0,512,12,5913860511
3521,34828690,4818,34833508,4,0,1,1536,5,3514272580
3522,34832090,353562,35185652,8,0,0,65024,8,7196355876
3523,34835380,205820,35041200,8,0,0,19968,8,2769271471
3524,34835610,3422,34839032,7,0,1,3584,4,841331518
3525,34850301,261893,35112194,5,0,0,512,10,497526857
3526,34852060,823,34852883,4,0,1,512,5,517761912
3527,34862750,4850,34867600,7,0,1,5120,4,4403836595
3528,34864560,222839,35087399,3,0,0,512,0,4903193641
3529,34870001,273996,35143997,5,0,0,1024,10,6627424954
3530,34873460,147002,35020462,6,0,0,1024,8,5958955812
3531,34880150,4374,34884524,4,0,1,4608,5,5817113580
3532,34880290,5860,34886150,4,0,1,2560,5,7788173794
3533,34895820,2470,34898290,7,0,1,2560,4,5400841286
3534,34898360,218269,35116629,0,0,0,7168,11,3224914355
3535,34908900,1994,34910894,8,0,1,2048,8,8488044719
3536,34919890,383206,35303096,8,0,0,39424,8,4938163494
3537,34924860,188441,35113301,8,0,0,3584,8,9155232988
3538,34928740,287009,35215749,0,0,0,2560,11,9532729289
3539,34937200,199392,35136592,8,0,0,4096,8,3859371497
3540,34937770,352933,35290703,3,0,0,46592,0,7387221685
3541,34937990,12825,34950815,7,0,1,21504,4,8620776989
3542,34954570,4850,34959420,9,0,1,5120,3,2848473554
3543,34954761,473623,35428384,5,0,0,1024,10,10650326363
3544,34959101,274771,35233872,5,0,0,1024,10,5062354818
3545,34965200,2470,34967670,4,0,1,2560,5,435502078
3546,34968660,3387,34972047,0,0,1,9728,11,3577193901
3547,34974630,484622,35459252,2,0,0,1536,12,429839073
3548,34999740,1994,35001734,7,0,1,2048,4,8644399415
3549,35002060,564203,35566263,6,0,0,2048,8,1762426619
3550,35032330,327663,35359993,6,0,0,512,8,4649741947
3551,35033620,300155,35333775,0,0,0,10240,11,7205349969
3552,35042630,5802,35048432,0,0,1,6144,11,3879163075
3553,35046650,4368,35051018,9,0,1,4096,3,2966295380
3554,35073080,200733,35273813,0,0,0,5632,11,571622832
3555,35074361,180996,35255357,5,0,0,512,10,1871519761
3556,35077450,2870,35080320,7,0,1,8704,4,3360299034
3557,35082280,1042,35083322,9,0,1,1024,3,7034434242
3558,35109761,198760,35308521,5,0,0,1536,10,9418844885
3559,35114910,10712,35125622,0,0,1,5120,11,7865677731
3560,35115090,372429,35487519,3,0,0,21504,0,8223748054
3561,35143051,910320,36053371,5,0,0,1536,10,7060429280
3562,35146110,5326,35151436,8,0,1,5632,8,7756836026
3563,35156220,1994,35158214,7,0,1,2048,4,1862471591
3564,35160280,4394,35164674,7,0,1,4608,4,9425000256
3565,35160291,130762,35291053,5,0,0,1024,10,6672474219
3566,35175910,269484,35445394,2,0,0,2048,12,9788915335
3567,35176480,11201,35187681,0,0,1,2048,11,6047095007
3568,35179650,298358,35478008,0,0,0,34816,11,9828416118
3569,35187650,3898,35191548,7,0,1,4096,4,5362601785
3570,35205880,136928,35342808,2,0,0,1024,12,1031071182
3571,35231450,334151,35565601,8,0,0,75264,8,6705816788
3572,35237660,2470,35240130,0,0,1,2560,11,4606113564
3573,35260750,1042,35261792,4,0,1,1024,5,2999942385
3574,35261340,435916,35697256,2,0,0,512,12,2672341843
3575,35272560,18158,35290718,4,0,1,8704,5,1810072847
3576,35279840,257813,35537653,2,0,0,512,12,8391324582
3577,35286420,24341,35310761,1,0,1,8192,17,6067775232
3578,35288080,307638,35595718,8,0,0,7680,8,4719064835
3579,35312490,2470,35314960,7,0,1,2560,4,1164071061
3580,35320741,277839,35598580,5,0,0,1536,10,3666445380
3581,35329450,4348,35333798,7,0,1,10240,4,1667276
3582,35330380,5857,35336237,4,0,1,2560,5,1934276336
3583,35335980,1042,35337022,1,0,1,1024,17,5299643325
3584,35337750,477666,35815416,3,0,0,48128,0,5857660895
3585,35341970,247143,35589113,6,0,0,1024,8,4528414258
3586,35341990,732915,36074905,2,0,0,512,12,7228754422
3587,35352470,448212,35800682,3,0,0,112128,0,251726067
3588,35354850,182632,35537482,0,0,0,49152,11,7091330573
3589,35358940,208757,35567697,2,0,0,1024,12,4574678431
3590,35367031,353607,35720638,5,0,0,512,10,7935658060
3591,35367461,236858,35604319,5,0,0,1024,10,2415653829
3592,35370591,378919,35749510,5,0,0,1024,10,4263945994
3593,35372890,194480,35567370,0,0,0,3584,11,7354663304
3594,35376840,510428,35887268,8,0,0,89088,8,1584806156
3595,35396900,4850,35401750,8,0,1,5120,8,829574944
3596,35397000,6056,35403056,4,0,1,2048,5,6334502386
3597,35401770,527087,35928857,8,0,0,68096,8,8081822172
3598,35406680,434867,35841547,3,0,0,85504,0,2098037917
3599,35428940,73487,35502427,1,0,1,122880,17,9094730826
3600,35428980,195742,35624722,2,0,0,512,12,7059275338
3601,35435710,67063,35502773,8,0,1,512,8,4268406360
3602,35444800,240051,35684851,6,0,0,1536,8,5826644873
3603,35448190,562706,36010896,8,0,0,5120,8,1560343050
3604,35450950,53449,35504399,8,0,1,2560,8,8376322334
3605,35453880,51595,35505475,8,0,1,13312,8,358749400
3606,35464910,281684,35746594,6,0,0,1536,8,7867398937
3607,35474140,31681,35505821,0,0,1,512,11,8048536387
3608,35477580,29867,35507447,7,0,1,2560,4,6126776482
3609,35478860,456424,35935284,0,0,0,20992,11,2025986263
3610,35479230,33043,35512273,0,0,1,7680,11,1207950801
3611,35480640,373722,35854362,0,0,0,41984,11,1802586020
3612,35487260,658369,36145629,4,0,0,17920,5,8185064215
3613,35489310,23949,35513259,4,0,1,1536,5,6376227485
3614,35494730,76085,35570815,6,0,0,512,8,1937970414
3615,35510480,135941,35646421,6,0,0,512,8,10473632236
3616,35541380,318721,35860101,6,0,0,512,8,9183471286
3617,35542110,23514,35565624,4,0,1,13824,5,1494448833
3618,35542640,48653,35591293,1,0,1,42496,17,569375808
3619,35566140,38222,35604362,1,0,1,39424,17,10016030801
3620,35581870,23158,35605028,8,0,1,11264,8,2895661009
3621,35589970,18604,35608574,4,0,1,5632,5,10492178803
3622,35592000,267906,35859906,0,0,0,17920,11,2960467798
3623,35596670,291018,35887688,2,0,0,1024,12,920193453
3624,35597901,374396,35972297,5,0,0,512,10,6930421397
3625,35616310,10499,35626809,1,0,1,16896,17,8978678004
3626,35627300,3387,35630687,4,0,1,9728,5,8206621024
3627,35654890,4850,35659740,0,0,1,5120,11,9027113658
3628,35677630,10499,35688129,7,0,1,16896,4,9108368456
3629,35685080,286999,35972079,3,0,0,46080,0,10516553017
3630,35703670,2470,35706140,9,0,1,2560,3,4605099348
3631,35704120,5246,35709366,4,0,1,5120,5,6437737251
3632,35713300,3422,35716722,4,0,1,3584,5,8767667378
3633,35718030,4420,35722450,7,0,1,11776,4,2986575487
3634,35732410,464535,36196945,0,0,0,118272,11,9100444501
3635,35744790,566,35745356,0,0,1,512,11,1819062420
3636,35764950,35747,35800697,8,0,1,2560,8,7674915858
3637,35770200,84193,35854393,4,0,1,5632,5,5954724896
3638,35772901,271649,36044550,5,0,0,512,10,451403715
3639,35782200,72208,35854408,4,0,1,2048,5,931603489
3640,35783341,199928,35983269,5,0,0,1024,10,1385321059
3641,35796070,58353,35854423,9,0,1,2048,3,3338020347
3642,35803010,84289,35887299,0,0,1,15360,11,4145538581
3643,35804670,82644,35887314,0,0,1,3584,11,4446276937
3644,35804771,392517,36197288,5,0,0,1024,10,7158698153
3645,35810470,336913,36147383,0,0,0,2048,11,2795260650
3646,35810811,310898,36121709,5,0,0,4608,10,7662990842
3647,35813300,74045,35887345,7,0,1,14848,4,10690957105
3648,35824680,63589,35888269,0,0,1,1024,11,3753245808
3649,35839520,49735,35889255,8,0,1,1536,8,778090712
3650,35842071,367674,36209745,5,0,0,512,10,613064989
3651,35846780,178159,36024939,6,0,0,1024,8,4402063400
3652,35863630,27379,35891009,4,0,1,8704,5,7060602786
3653,35865710,30883,35896593,8,0,1,6144,8,5082764531
3654,35867800,32339,35900139,0,0,1,5632,11,2391090128
3655,35868011,278101,36146112,5,0,0,1536,10,9999074764
3656,35895620,4673,35900293,7,0,1,8704,4,5976809394
3657,35910460,26852,35937312,8,0,1,2048,8,3662444874
3658,35916040,297321,36213361,6,0,0,512,8,3840452562
3659,35925380,330134,36255514,3,0,0,120320,0,5607072761
3660,35925950,12862,35938812,0,0,1,8704,11,5597582754
3661,35927180,11980,35939160,9,0,1,512,3,4918046842
3662,35943751,116455,36060206,5,0,0,2048,10,7505648302
3663,35946520,566,35947086,9,0,1,512,3,9308822137
3664,35954980,17138,35972118,1,0,1,21504,17,9057686880
3665,35957711,122453,36080164,5,0,0,512,10,1557279991
3666,35965830,6992,35972822,8,0,1,512,8,2002172697
3667,35966330,324039,36290369,6,0,0,512,8,1765564599
3668,35970320,5038,35975358,9,0,1,3072,3,10645139590
3669,35989150,1994,35991144,0,0,1,2048,11,9598071311
3670,35990060,394034,36384094,3,0,0,51712,0,3495349444
3671,35992920,23120,36016040,1,0,1,41472,17,7827212898
3672,35995290,21416,36016706,9,0,1,1024,3,577243931
3673,36012700,5632,36018332,7,0,1,2560,4,8513183752
3674,36015250,7908,36023158,0,0,1,7680,11,8615974052
3675,36018370,241670,36260040,6,0,0,1536,8,8873986456
3676,36022260,3422,36025682,9,0,1,3584,3,7270474803
3677,36029080,3898,36032978,8,0,1,4096,8,735257719
3678,36031960,6754,36038714,9,0,1,7168,3,1724818084
3679,36034640,98257,36132897,2,0,0,512,12,9306360949
3680,36035670,5630,36041300,0,0,1,4096,11,5409619743
3681,36036580,6666,36043246,8,0,1,3072,8,5131680343
3682,36051810,4679,36056489,8,0,1,12288,8,4395315630
3683,36054810,230148,36284958,2,0,0,1536,12,7279852681
3684,36065100,242928,36308028,6,0,0,512,8,3547480734
3685,36092691,106965,36199656,5,0,0,1024,10,8176025564
3686,36109580,622274,36731854,0,0,0,188416,11,9482305512
3687,36111960,2870,36114830,8,0,1,8704,8,2883080650
3688,36129251,406436,36535687,5,0,0,1536,10,6853870784
3689,36148801,375786,36524587,5,0,0,1536,10,59519262
3690,36149290,1518,36150808,9,0,1,1536,3,2490859097
3691,36156200,566,36156766,8,0,1,512,8,8075828234
3692,36161710,40487,36202197,9,0,1,5120,3,2190647662
3693,36165610,294460,36460070,2,0,0,512,12,1552593034
3694,36174340,261748,36436088,6,0,0,512,8,8247810732
3695,36174591,170662,36345253,5,0,0,512,10,9583763085
3696,36176200,27623,36203823,8,0,1,2560,8,10126098421
3697,36187360,17449,36204809,7,0,1,1536,4,10471572263
3698,36200330,7705,36208035,8,0,1,5120,8,5784158258
3699,36206150,765111,36971261,0,0,0,35840,11,3371273129
3700,36225480,230458,36455938,2,0,0,512,12,852827441
3701,36252650,3923,36256573,9,0,1,1024,3,3534581358
3702,36259950,2952,36262902,9,0,1,8704,3,3296257995
3703,36266850,97354,36364204,1,0,1,162816,17,4355529543
3704,36274900,621161,36896061,0,0,0,22528,11,9915823210
3705,36287260,77405,36364665,8,0,1,10240,8,5946858280
3706,36308910,287193,36596103,0,0,0,31232,11,4208920237
3707,36315310,68799,36384109,8,0,1,7680,8,7697568694
3708,36317671,250640,36568311,5,0,0,512,10,5374561779
3709,36319291,302400,36621691,5,0,0,1024,10,2316318577
3710,36340230,829382,37169612,2,0,0,87552,12,2769217474
3711,36353540,535557,36889097,4,0,0,197632,5,6265098270
3712,36357330,26794,36384124,7,0,1,14848,4,2154083289
3713,36364790,19349,36384139,7,0,1,9728,4,5405257799
3714,36365420,18734,36384154,1,0,1,3072,17,1177905793
3715,36365500,18669,36384169,8,0,1,512,8,6710523006
3716,36377920,603584,36981504,3,0,0,33280,0,1849980400
3717,36381120,759681,37140801,3,0,0,174592,0,4627130018
3718,36386930,14287,36401217,1,0,1,27648,17,10447716671
3719,36390390,12453,36402843,7,0,1,2560,4,8802412814
3720,36404120,200582,36604702,3,0,0,2560,0,577790006
3721,36413770,780692,37194462,6,0,0,512,8,7211394515
3722,36414330,589959,37004289,6,0,0,1024,8,10550598381
3723,36425220,3422,36428642,9,0,1,3584,3,9131746834
3724,36428020,61441,36489461,6,0,0,1024,8,6978516904
3725,36449200,5802,36455002,9,0,1,6144,3,8522490042
3726,36454670,294397,36749067,3,0,0,55296,0,13979492
3727,36459330,1404456,37863786,2,0,0,40448,12,3191908735
3728,36461420,50741,36512161,1,0,1,81920,17,9594182041
3729,36463340,268864,36732204,6,0,0,1024,8,319792314
3730,36471570,427650,36899220,2,0,0,9216,12,4624580688
3731,36486120,29267,36515387,7,0,1,5120,4,9168031405
3732,36495100,317929,36813029,3,0,0,54272,0,383593698
3733,36509520,472522,36982042,6,0,0,512,8,6093240162
3734,36513140,681143,37194283,2,0,0,80896,12,1696240414
3735,36522930,3898,36526828,8,0,1,4096,8,3709254902
3736,36539880,499182,37039062,3,0,0,51200,0,5679967952
3737,36550600,23725,36574325,1,0,1,39424,17,2499422445
3738,36562000,15231,36577231,9,0,1,4608,3,4182572543
3739,36566260,576614,37142874,0,0,0,6656,11,1572710655
3740,36567700,897470,37465170,0,0,0,15360,11,9453897388
3741,36567730,651318,37219048,0,0,0,54272,11,1021015542
3742,36580430,646021,37226451,3,0,0,7168,0,10001012377
3743,36581630,1518,36583148,8,0,1,1536,8,10046120524
3744,36587570,225786,36813356,6,0,0,1024,8,6757124370
3745,36599520,3898,36603418,7,0,1,4096,4,5919730223
3746,36607540,21916,36629456,1,0,1,35840,17,1077766185
3747,36614070,767167,37381237,4,0,0,14848,5,6737442042
3748,36620150,582331,37202481,0,0,0,26112,11,10700161800
3749,36621500,9441,36630941,5,0,1,15360,10,10544462342
3750,36630960,1042,36632002,7,0,1,1024,4,7423473117
3751,36639280,628073,37267353,3,0,0,47616,0,9106406040
3752,36641400,671100,37312500,4,0,0,68096,5,7966656609
3753,36643030,1042,36644072,7,0,1,1024,4,1060556889
3754,36655420,11016,36666436,8,0,1,17920,8,8330832787
3755,36663860,694931,37358791,0,0,0,62464,11,8398452552
3756,36673580,58289,36731869,1,0,1,2560,17,7280118392
3757,36677300,76038,36753338,7,0,1,11264,4,5053791309
3758,36683130,74490,36757620,0,0,1,12800,11,8047035149
3759,36691661,290186,36981847,5,0,0,1024,10,1363862527
3760,36695780,62826,36758606,0,0,1,1536,11,10263997079
3761,36699480,61991,36761471,7,0,1,11776,4,4129728103
3762,36704050,59535,36763585,9,0,1,3072,3,9195314638
3763,36722190,166922,36889112,1,0,1,150016,17,2576229947
3764,36736730,152397,36889127,7,0,1,13824,4,1971792782
3765,36742920,146222,36889142,9,0,1,7680,3,5440286190
3766,36746300,477912,37224212,4,0,0,512,5,9623650329
3767,36751770,144330,36896100,1,0,1,87552,17,6928515000
3768,36787940,108175,36896115,0,0,1,3072,11,2912122215
3769,36798800,111299,36910099,1,0,1,68608,17,7998988925
3770,36804130,107352,36911482,1,0,1,14848,17,7633999701
3771,36848400,64708,36913108,0,0,1,2560,11,6175231914
3772,36848580,571618,37420198,3,0,0,5120,0,2700190776
3773,36853130,62244,36915374,0,0,1,3584,11,10389213953
3774,36864249,388535,37252784,7,0,0,12288,4,7058751550
3775,36865910,51090,36917000,5,0,1,2560,10,6009922309
3776,36878840,725081,37603921,6,0,0,512,8,6102465105
3777,36883430,401744,37285174,4,0,0,32768,5,1622577078
3778,36886930,35767,36922697,9,0,1,18944,3,8472686857
3779,36889320,359705,37249025,4,0,0,59392,5,4861694509
3780,36892760,331179,37223939,0,0,0,15872,11,10662840416
3781,36893440,34442,36927882,0,0,1,16384,11,7011008615
3782,36896980,32387,36929367,1,0,1,15360,17,2470876581
3783,36910250,101242,37011492,1,0,1,162304,17,1559208856
3784,36923250,88908,37012158,9,0,1,1024,3,1805660260
3785,36924010,646805,37570815,4,0,0,2560,5,9632044736
3786,36926939,557522,37484461,7,0,0,59392,4,1557522978
3787,36928190,441707,37369897,3,0,0,27648,0,10480831689
3788,36934070,619690,37553760,3,0,0,23040,0,3694187224
3789,36934459,522670,37457129,7,0,0,52736,4,1596366763
3790,36936600,76544,37013144,8,0,1,1536,8,2491351160
3791,36939720,421738,37361458,0,0,0,8704,11,5331545862
3792,36951670,63740,37015410,1,0,1,3584,17,5112851768
3793,36962600,413256,37375856,3,0,0,19456,0,1297471591
3794,36962880,54156,37017036,5,0,1,2560,10,498235473
3795,36970110,47592,37017702,5,0,1,1024,10,8109057037
3796,36975350,801669,37777019,6,0,0,512,8,157346369
3797,36985090,618660,37603750,4,0,0,17920,5,5973754915
3798,37003850,14620,37018470,1,0,1,11776,17,7537927501
3799,37005580,564440,37570020,3,0,0,46080,0,8806939946
3800,37006320,12816,37019136,0,0,1,1024,11,10042891125
3801,37012360,934124,37946484,0,0,0,13312,11,5080098513
3802,37018710,636802,37655512,3,0,0,10240,0,4481606717
3803,37019250,357440,37376690,6,0,0,2048,8,4108340768
3804,37036760,104056,37140816,1,0,1,82944,17,4593743252
3805,37064650,76181,37140831,8,0,1,11264,8,2097425821
3806,37068291,202160,37270451,5,0,0,2560,10,9694021689
3807,37075010,67879,37142889,1,0,1,46080,17,10338514266
3808,37106130,354305,37460435,3,0,0,10240,0,2573383976
3809,37107390,116636,37224026,1,0,1,22528,17,9561013842
3810,37107820,625311,37733131,4,0,0,113664,5,65913805
3811,37116500,107541,37224041,8,0,1,512,8,5039829271
3812,37122040,296575,37418615,3,0,0,7680,0,847597361
3813,37140220,384769,37524989,4,0,0,17920,5,5837711895
3814,37146740,82095,37228835,8,0,1,12800,8,4898737659
3815,37148340,81801,37230141,5,0,1,2048,10,7158154831
3816,37149329,614943,37764272,7,0,0,15360,4,1798006122
3817,37156150,96665,37252815,5,0,1,26624,10,7590363403
3818,37159390,93440,37252830,1,0,1,4096,17,2943734942
3819,37174220,310933,37485153,6,0,0,2048,8,661564220
3820,37176310,136213,37312523,1,0,1,93184,17,3897584091
3821,37178270,654100,37832370,6,0,0,1024,8,5345831278
3822,37180020,132518,37312538,5,0,1,1024,10,9630288620
3823,37188901,187126,37376027,5,0,0,512,10,7988558118
3824,37189180,123373,37312553,5,0,1,14848,10,2000472096
3825,37199930,257370,37457300,6,0,0,512,8,5246354681
3826,37202070,573952,37776022,3,0,0,33280,0,7394607782
3827,37204090,108478,37312568,5,0,1,16384,10,8380003701
3828,37204600,416631,37621231,9,0,0,14848,3,3567305651
3829,37206300,281676,37487976,0,0,0,9216,11,1059950081
3830,37209929,604859,37814788,7,0,0,26624,4,3751406423
3831,37216840,95743,37312583,8,0,1,4096,8,191236696
3832,37222580,90018,37312598,5,0,1,1024,10,808493792
3833,37239230,152781,37392011,6,0,0,1024,8,8660526374
3834,37251921,512545,37764466,5,0,0,512,10,8828832618
3835,37261949,564866,37826815,7,0,0,39424,4,482779234
3836,37271249,477209,37748458,7,0,0,50176,4,4287940774
3837,37286690,461963,37748653,6,0,0,512,8,7532288862
3838,37292169,608697,37900866,7,0,0,64512,4,2638615856
3839,37325310,3898,37329208,5,0,1,4096,10,10180514981
3840,37330240,418740,37748980,6,0,0,1024,8,1954489827
3841,37331491,696479,38027970,5,0,0,512,10,5620124026
3842,37346730,34538,37381268,5,0,1,2048,10,2588999981
3843,37357471,309335,37666806,5,0,0,1024,10,1695527969
3844,37362210,20028,37382238,8,0,1,1024,8,7913047100
3845,37364851,176680,37541531,5,0,0,512,10,1725770020
3846,37367430,17024,37384454,8,0,1,3072,8,4826253779
3847,37379061,6059,37385120,3,0,1,1024,0,10202034134
3848,37384069,281873,37665942,7,0,0,13312,4,4979598351
3849,37386050,2470,37388520,8,0,1,2560,8,6886058765
3850,37395180,4374,37399554,8,0,1,4608,8,8814797906
3851,37407410,146521,37553931,6,0,0,512,8,8096187812
3852,37412870,131733,37544603,6,0,0,512,8,5895509308
3853,37416821,10566,37427387,3,0,1,7680,0,7258688175
3854,37424220,3513,37427733,8,0,1,512,8,7174245325
3855,37427860,1121752,38549612,6,0,0,1536,8,3119268216
3856,37433720,566,37434286,8,0,1,512,8,8891102606
3857,37437780,2470,37440250,9,0,1,2560,3,5219360579
3858,37440360,336457,37776817,6,0,0,2560,8,8156543636
3859,37448281,342685,37790966,5,0,0,1024,10,2071002245
3860,37451700,32776,37484476,7,0,1,5120,4,5369225420
3861,37452150,1193994,38646144,0,0,0,90624,11,10234797239
3862,37454020,396156,37850176,0,0,0,36352,11,4067954077
3863,37454660,29831,37484491,8,0,1,1536,8,345555949
3864,37457280,27226,37484506,5,0,1,1024,10,9226188754
3865,37461140,212457,37673597,6,0,0,512,8,9548042776
3866,37474770,356912,37831682,4,0,0,15872,5,8378367130
3867,37497950,190499,37688449,3,0,0,27648,0,1502686629
3868,37502480,425081,37927561,3,0,0,51200,0,4523627577
3869,37502630,519822,38022452,6,0,0,1024,8,7033933475
3870,37518510,438348,37956858,6,0,0,512,8,3515952014
3871,37520670,6305,37526975,9,0,1,2048,3,1399791759
3872,37525820,6229,37532049,7,0,1,15360,4,5458849683
3873,37528630,662211,38190841,0,0,0,31232,11,786149887
3874,37531561,431898,37963459,5,0,0,1024,10,10643776830
3875,37538600,984180,38522780,4,0,0,81920,5,2591371136
3876,37540120,626696,38166816,3,0,0,56832,0,5998736947
3877,37541610,1042,37542652,9,0,1,1024,3,5990519274
3878,37554950,356996,37911946,6,0,0,1024,8,734855144
3879,37618270,5899,37624169,9,0,1,3072,3,3063509586
3880,37624910,225601,37850511,6,0,0,1024,8,1188678830
3881,37631179,816524,38447703,7,0,0,65536,4,8755575742
3882,37646539,639276,38285815,7,0,0,83968,4,3217872735
3883,37657520,558886,38216406,4,0,0,77312,5,5299412687
3884,37661290,566683,38227973,4,0,0,37888,5,1379212181
3885,37662941,287828,37950769,5,0,0,512,10,2552936742
3886,37663800,6533,37670333,5,0,1,4608,10,3174764767
3887,37695270,322765,38018035,4,0,0,44032,5,8250778945
3888,37695909,997163,38693072,7,0,0,4096,4,4968820348
3889,37708601,40402,37749003,3,0,1,512,0,3599193902
3890,37722030,355316,38077346,0,0,0,5120,11,396354387
3891,37722301,28266,37750567,3,0,1,2048,0,7221908950
3892,37735190,17003,37752193,4,0,1,2560,5,9732663443
3893,37747530,10227,37757757,9,0,1,8192,3,798837835
3894,37750921,7809,37758730,3,0,1,12800,0,2735324082
3895,37751550,12745,37764295,8,0,1,2048,8,9775519934
3896,37756060,915868,38671928,6,0,0,512,8,6655501169
3897,37759900,16948,37776848,9,0,1,14848,3,6447399018
3898,37767190,11306,37778496,7,0,1,1536,4,5972013342
3899,37768761,10401,37779162,3,0,1,1024,0,5704201337
3900,37779570,545557,38325127,4,0,0,32256,5,3423282887
3901,37790760,2685,37793445,8,0,1,2560,8,4828778185
3902,37790850,500390,38291240,3,0,0,4096,0,617934079
3903,37797581,7230,37804811,3,0,1,7680,0,8803076639
3904,37801911,3246,37805157,3,0,1,512,0,5931713060
3905,37810600,22609,37833209,5,0,1,1536,10,5067925469
3906,37816410,19647,37836057,8,0,1,4096,8,7424903665
3907,37818590,311654,38130244,6,0,0,512,8,2972025067
3908,37822720,370016,38192736,4,0,0,6144,5,1360693080
3909,37839920,11116,37851036,8,0,1,512,8,6216121229
3910,37862970,4723,37867693,7,0,1,4096,4,7008795143
3911,37863080,12462,37875542,8,0,1,16896,8,9855168763
3912,37874940,25941,37900881,7,0,1,7680,4,2941131400
3913,37878180,22716,37900896,5,0,1,512,10,29648503
3914,37880411,150189,38030600,5,0,0,2560,10,9190483115
3915,37891240,12135,37903375,7,0,1,2560,4,3461912891
3916,37899749,706726,38606475,7,0,0,92160,4,7074818395
3917,37904631,4679,37909310,3,0,1,12288,0,9870534697
3918,37906830,20746,37927576,8,0,1,4608,8,9351847441
3919,37907191,20408,37927599,3,0,1,11776,0,3309726140
3920,37910460,338384,38248844,4,0,0,17408,5,2089536156
3921,37919960,11080,37931040,7,0,1,3584,4,10376711394
3922,37926741,4645,37931386,3,0,1,512,0,6138368336
3923,37951620,6754,37958374,5,0,1,7168,10,1293492720
3924,37952310,417080,38369390,3,0,0,22528,0,4906833660
3925,37956280,2760,37959040,7,0,1,1024,4,8094397312
3926,37957140,420721,38377861,0,0,0,2560,11,8144598797
3927,37974340,2470,37976810,9,0,1,2560,3,5116809252
3928,37979590,4420,37984010,9,0,1,11776,3,8046359719
3929,37984220,1001084,38985304,4,0,0,132608,5,8829798335
3930,37989990,814060,38804050,0,0,0,115712,11,4794711465
3931,38001800,2470,38004270,9,0,1,2560,3,4979358815
3932,38016989,850445,38867434,7,0,0,29184,4,3791225145
3933,38024591,1042,38025633,3,0,1,1024,0,656450980
3934,38035799,1994,38037793,2,0,1,2048,12,4443351798
3935,38041001,1518,38042519,3,0,1,1536,0,10487082865
3936,38056040,2470,38058510,7,0,1,2560,4,1712598728
3937,38061840,41132,38102972,6,0,1,66560,8,1579614291
3938,38075441,28837,38104278,3,0,1,2048,0,8452098076
3939,38076410,29046,38105456,8,0,1,13824,8,7570923284
3940,38082420,24022,38106442,8,0,1,1536,8,10061088885
3941,38086491,24777,38111268,3,0,1,7680,0,1809109010
3942,38092820,20074,38112894,7,0,1,2560,4,789430455
3943,38093001,268252,38361253,5,0,0,1024,10,7202717277
3944,38101160,326552,38427712,6,0,0,3072,8,10433637252
3945,38102339,516178,38618517,7,0,0,39424,4,7043323910
3946,38112550,549256,38661806,6,0,0,2048,8,6005291952
3947,38115989,310772,38426761,7,0,0,49664,4,2359133735
3948,38120580,6754,38127334,9,0,1,7168,3,1182895757
3949,38125230,4050,38129280,9,0,1,3072,3,1925482052
3950,38137340,4850,38142190,8,0,1,5120,8,603214359
3951,38154330,506757,38661087,3,0,0,17408,0,2335110562
3952,38159400,8517,38167917,8,0,1,1024,8,3364631469
3953,38164180,318369,38482549,6,0,0,512,8,4634304893
3954,38166760,4847,38171607,8,0,1,11776,8,2997015112
3955,38179670,475615,38655285,4,0,0,27648,5,7462016409
3956,38188680,39308,38227988,7,0,1,5632,4,1655961333
3957,38195261,36431,38231692,3,0,1,10240,0,751038462
3958,38202660,324519,38527179,0,0,0,14336,11,10592183028
3959,38204119,30276,38234395,2,0,1,9216,12,6913577709
3960,38205251,358456,38563707,5,0,0,1024,10,1868352573
3961,38209320,31034,38240354,8,0,1,6656,8,10111402436
3962,38218640,22379,38241019,9,0,1,1024,3,9138920323
3963,38219750,426901,38646651,6,0,0,1536,8,7230522292
3964,38220280,28579,38248859,7,0,1,6144,4,8563695122
3965,38222540,433228,38655768,6,0,0,1536,8,4797571609
3966,38228681,20193,38248874,3,0,1,5120,0,6816684050
3967,38231420,17469,38248889,9,0,1,1024,3,3143074888
3968,38236961,14722,38251683,3,0,1,4608,0,4219835311
3969,38239630,12719,38252349,7,0,1,1024,4,9527535972
3970,38248890,695345,38944235,0,0,0,63488,11,6315595656
3971,38252150,394688,38646838,6,0,0,512,8,6281147548
3972,38253610,1994,38255604,9,0,1,2048,3,1608705770
3973,38259380,26450,38285830,8,0,1,1024,8,929277531
3974,38279600,170644,38450244,6,0,0,1024,8,5922160949
3975,38287320,2470,38289790,7,0,1,2560,4,2456836845
3976,38298690,469918,38768608,0,0,0,79360,11,5481723572
3977,38307890,460889,38768779,6,0,0,512,8,6921948189
3978,38315350,378517,38693867,4,0,0,2560,5,8563431377
3979,38316970,11613,38328583,7,0,1,3584,4,5097707123
3980,38317100,11829,38328929,7,0,1,512,4,4490104426
3981,38348270,1994,38350264,7,0,1,2048,4,514143711
3982,38372249,3128,38375377,2,0,1,9216,12,2387953134
3983,38373690,12223,38385913,8,0,1,17408,8,5525709852
3984,38374329,311514,38685843,7,0,0,2560,4,2198211538
3985,38374399,297187,38671586,7,0,0,15360,4,1409382744
3986,38381510,4749,38386259,7,0,1,512,4,206915346
3987,38400380,1042,38401422,8,0,1,1024,8,8507216095
3988,38406530,566,38407096,9,0,1,512,3,505196405
3989,38422930,26250,38449180,7,0,1,1536,4,9858352639
3990,38427970,377551,38805521,0,0,0,2560,11,4521165243
3991,38431990,17536,38449526,7,0,1,512,4,7435312350
3992,38434821,15051,38449872,3,0,1,512,0,10579632845
3993,38435341,236416,38671757,5,0,0,512,10,5404888594
3994,38465499,566,38466065,2,0,1,512,12,4385733262
3995,38466709,6754,38473463,2,0,1,7168,12,5528685503
3996,38478320,205724,38684044,0,0,0,10752,11,6744903856
3997,38492510,562529,39055039,0,0,0,26624,11,3554787644
3998,38500110,515379,39015489,0,0,0,8704,11,8100504759
3999,38500950,30867,38531817,8,0,1,12288,8,4934475829
4000,38545160,467654,39012814,3,0,0,46592,0,8089875355
4001,38545780,5326,38551106,9,0,1,5632,3,2957697143
4002,38565800,122182,38687982,6,0,0,512,8,9440627604
4003,38567960,7230,38575190,8,0,1,7680,8,5743259481
4004,38569501,6035,38575536,3,0,1,512,0,8511089642
4005,38577781,28709,38606490,3,0,1,1536,0,9070947775
4006,38593751,461615,39055366,5,0,0,1024,10,8993712059
4007,38595550,66271,38661821,5,0,1,512,10,4231882506
4008,38599020,73973,38672993,5,0,1,19456,10,8670236663
4009,38611360,63016,38674376,8,0,1,14848,8,6803958441
4010,38618330,56712,38675042,7,0,1,1024,4,5553499098
4011,38632810,42578,38675388,8,0,1,512,8,10311216432
4012,38647770,29244,38677014,8,0,1,2560,8,6749665616
4013,38649030,378041,39027071,6,0,0,512,8,1058627054
4014,38650320,27360,38677680,5,0,1,1024,10,3183962517
4015,38652050,26808,38678858,5,0,1,13824,10,1034329386
4016,38656110,211495,38867605,3,0,0,512,0,7771310334
4017,38665240,18819,38684059,7,0,1,3072,4,7966800193
4018,38667841,214097,38881938,5,0,0,512,10,9462749444
4019,38677190,6884,38684074,7,0,1,1536,4,2283611611
4020,38680120,5802,38685922,9,0,1,6144,3,10494194849
4021,38703970,6229,38710199,5,0,1,15360,10,7838939226
4022,38715500,377505,39093005,0,0,0,13824,11,2849827697
4023,38720050,2470,38722520,5,0,1,2560,10,3224010248
4024,38731740,266855,38998595,3,0,0,43520,0,8821810801
4025,38738750,566,38739316,8,0,1,512,8,1760206880
4026,38739521,387504,39127025,5,0,0,1536,10,9303971772
4027,38741809,464517,39206326,7,0,0,91136,4,9633334377
4028,38743880,283012,39026892,0,0,0,37376,11,10513411120
4029,38775440,30187,38805627,9,0,1,1536,3,7416425154
4030,38789880,22403,38812283,5,0,1,8192,10,721905437
4031,38793290,19339,38812629,7,0,1,512,4,2037974856
4032,38799730,244599,39044329,6,0,0,512,8,6303466789
4033,38813260,4850,38818110,8,0,1,5120,8,4509655081
4034,38817750,3904,38821654,9,0,1,10752,3,4855274037
4035,38834140,4850,38838990,8,0,1,5120,8,5527115861
4036,38842560,335983,39178543,3,0,0,56320,0,7405951465
4037,38870040,422604,39292644,4,0,0,41472,5,6061624944
4038,38906170,6278,38912448,8,0,1,6656,8,3498680638
4039,38912630,1042,38913672,8,0,1,1024,8,2086776743
4040,38937501,269496,39206997,5,0,0,2048,10,1279155145
4041,38953050,277300,39230350,6,0,0,2048,8,6502253802
4042,38955649,413782,39369431,7,0,0,15360,4,9221158075
4043,38966141,122637,39088778,5,0,0,512,10,4069159309
4044,38970540,334079,39304619,3,0,0,16384,0,2452487794
4045,39002630,540692,39543322,6,0,0,512,8,5677723075
4046,39012940,19835,39032775,8,0,1,14336,8,6691655590
4047,39040620,196974,39237594,4,0,0,3072,5,9904507844
4048,39057240,319125,39376365,8,0,0,22528,8,4555141612
4049,39067760,431284,39499044,0,0,0,15872,11,254747287
4050,39068369,7230,39075599,2,0,1,7680,12,6719929600
4051,39071130,293606,39364736,0,0,0,69120,11,1607713193
4052,39071681,233280,39304961,5,0,0,1024,10,4349994575
4053,39087470,5550,39093020,8,0,1,2048,8,3034227516
4054,39116920,509449,39626369,6,0,0,2560,8,9792597949
4055,39117619,540267,39657886,7,0,0,76800,4,7949236332
4056,39119921,215249,39335170,5,0,0,1024,10,5450054626
4057,39128149,375314,39503463,7,0,0,3072,4,10175826361
4058,39134539,264379,39398918,7,0,0,13824,4,3768793591
4059,39146110,322822,39468932,6,0,0,512,8,8434044165
4060,39147380,5326,39152706,5,0,1,5632,10,3288484546
4061,39150170,446766,39596936,4,0,0,80896,5,6473659690
4062,39171540,42646,39214186,8,0,1,7680,8,2413122712
4063,39190250,533659,39723909,4,0,0,17920,5,5086145983
4064,39199360,590616,39789976,0,0,0,100864,11,5843282823
4065,39202190,708788,39910978,3,0,0,53248,0,1005960542
4066,39228530,788257,40016787,0,0,0,142336,11,2395408610
4067,39241180,7706,39248886,8,0,1,8192,8,8260859277
4068,39269530,767802,40037332,4,0,0,65024,5,4983422391
4069,39280520,447304,39727824,0,0,0,12800,11,5939585152
4070,39289119,310960,39600079,7,0,0,10240,4,6472925093
4071,39299110,5524,39304634,8,0,1,5120,8,9274901393
4072,39329440,5326,39334766,8,0,1,5632,8,397455057
4073,39333029,239244,39572273,7,0,0,19456,4,4754605603
4074,39342550,366106,39708656,4,0,0,8704,5,454768889
4075,39342750,26728,39369478,8,0,1,18944,8,9236098520
4076,39344751,146696,39491447,5,0,0,512,10,6680533857
4077,39346530,826668,40173198,3,0,0,66560,0,8096083908
4078,39352651,375344,39727995,5,0,0,512,10,6855911986
4079,39354100,32515,39386615,8,0,1,16384,8,9003614066
4080,39354381,36740,39391121,3,0,1,7168,0,94261369
4081,39368100,37624,39405724,0,0,1,36352,11,8514580964
4082,39368250,605154,39973404,0,0,0,36864,11,4216388335
4083,39378040,281296,39659336,6,0,0,2560,8,2439927113
4084,39395040,485517,39880557,4,0,0,3584,5,1246848
4085,39398939,477058,39875997,7,0,0,44032,4,6756087695
4086,39399700,617594,40017294,6,0,0,1536,8,4887613908
4087,39408190,217384,39625574,3,0,0,19456,0,6290891238
4088,39435701,415527,39851228,5,0,0,512,10,4392763110
4089,39441730,3645,39445375,8,0,1,10240,8,7217006458
4090,39446340,212201,39658541,6,0,0,2048,8,824746682
4091,39454879,806711,40261590,7,0,0,6144,4,449685446
4092,39456260,260228,39716488,4,0,0,20992,5,689360004
4093,39457380,868810,40326190,3,0,0,22528,0,10421779624
4094,39483840,647602,40131442,4,0,0,16896,5,4304434579
4095,39501289,452274,39953563,7,0,0,13312,4,9355615882
4096,39513650,612270,40125920,3,0,0,82944,0,9120629326
4097,39520260,276658,39796918,6,0,0,1536,8,7991469983
4098,39524530,550455,40074985,4,0,0,3584,5,7390957097
4099,39573959,921302,40495261,7,0,0,43008,4,573881851
4100,39595800,466422,40062222,4,0,0,70144,5,9110312122
4101,39605019,495591,40100610,7,0,0,34816,4,7296303357
4102,39607381,566,39607947,3,0,1,512,0,9488067918
4103,39616971,566,39617537,3,0,1,512,0,6623522729
4104,39622169,300960,39923129,7,0,0,5120,4,414214033
4105,39624941,392524,40017465,5,0,0,512,10,9836758083
4106,39633580,614237,40247817,3,0,0,94720,0,1965772483
4107,39636921,542079,40179000,5,0,0,17920,10,557819091
4108,39637319,814859,40452178,7,0,0,23552,4,10256228024
4109,39662070,801445,40463515,0,0,0,5632,11,3758789802
4110,39667119,966723,40633842,7,0,0,101888,4,1374952255
4111,39669331,1042,39670373,3,0,1,1024,0,2002061059
4112,39677150,566,39677716,8,0,1,512,8,3813858400
4113,39682711,3898,39686609,3,0,1,4096,0,7767501888
4114,39710710,6854,39717564,8,0,1,1024,8,876181860
4115,39713510,243896,39957406,4,0,0,512,5,7968066677
4116,39714921,323386,40038307,5,0,0,3072,10,6847727509
4117,39736560,10499,39747059,4,0,1,16896,5,2393657337
4118,39755499,431628,40187127,7,0,0,26624,4,3016460816
4119,39778201,16463,39794664,3,0,1,12288,0,10080340412
4120,39785559,676217,40461776,7,0,0,26624,4,8499538720
4121,39801280,4374,39805654,8,0,1,4608,8,5750644589
4122,39822640,437063,40259703,0,0,0,38912,11,1960685887
4123,39827481,1994,39829475,3,0,1,2048,0,3592180971
4124,39842950,1994,39844944,4,0,1,2048,5,9840665316
4125,39844780,5196,39849976,8,0,1,13312,8,9753718777
4126,39850930,275349,40126279,6,0,0,1024,8,3745499227
4127,39862550,581291,40443841,0,0,0,118272,11,9120960711
4128,39867540,14487,39882027,8,0,1,14848,8,10455111963
4129,39868290,18568,39886858,5,0,1,6656,10,1427327070
4130,39872391,769835,40642226,5,0,0,4608,10,2283345118
4131,39873640,17404,39891044,8,0,1,6656,8,4964889650
4132,39894410,279115,40173525,6,0,0,1024,8,99574764
4133,39918560,400283,40318843,3,0,0,67072,0,5550140152
4134,39942951,4850,39947801,3,0,1,5120,0,776983476
4135,39975540,63269,40038809,8,0,1,1536,8,8641840963
4136,39978010,518381,40496391,4,0,0,3584,5,9482408314
4137,39982230,219188,40201418,3,0,0,512,0,3701299091
4138,40006070,438730,40444800,3,0,0,3072,0,10522810215
4139,40010080,591876,40601956,4,0,0,46592,5,1800368756
4140,40011780,207162,40218942,0,0,0,11264,11,8624034398
4141,40012210,58794,40071004,1,0,1,57856,17,4589159394
4142,40014810,678856,40693666,4,0,0,1536,5,4890787700
4143,40017680,844353,40862033,4,0,0,70656,5,2515345185
4144,40037120,226856,40263976,0,0,0,4096,11,535638806
4145,40045080,28190,40073270,8,0,1,3584,8,5646702530
4146,40085500,259395,40344895,4,0,0,21504,5,6763999491
4147,40088280,12353,40100633,8,0,1,4608,8,3230569220
4148,40092440,39065,40131505,8,0,1,2560,8,482167244
4149,40094910,651058,40745968,4,0,0,32256,5,1521660840
4150,40096080,822028,40918108,0,0,0,105984,11,849176339
4151,40103230,273516,40376746,0,0,0,27136,11,1048664235
4152,40111200,399728,40510928,4,0,0,26624,5,7793695507
4153,40116210,16391,40132601,8,0,1,1024,8,7607123959
4154,40120931,141774,40262705,5,0,0,3584,10,3697609056
4155,40122499,533002,40655501,7,0,0,43520,4,2650383065
4156,40124970,638927,40763897,0,0,0,12288,11,10548317203
4157,40125670,319309,40444979,3,0,0,512,0,3904720001
4158,40132289,341588,40473877,7,0,0,3072,4,2695298273
4159,40178560,332553,40511113,6,0,0,512,8,1054480495
4160,40179490,408231,40587721,0,0,0,90624,11,9003836719
4161,40192221,497930,40690151,5,0,0,48640,10,1987228356
4162,40198799,520992,40719791,7,0,0,14848,4,8813320495
4163,40215180,32652,40247832,8,0,1,4608,8,5062535321
4164,40241409,399366,40640775,7,0,0,5120,4,2773082360
4165,40248210,215491,40463701,6,0,0,512,8,2635989077
4166,40259890,11784,40271674,7,0,1,8192,4,7010865328
4167,40282940,372958,40655898,6,0,0,512,8,1174543882
4168,40300690,25523,40326213,8,0,1,3584,8,4433623296
4169,40320669,24241,40344910,2,0,1,23040,12,5816937513
4170,40324769,314431,40639200,7,0,0,17408,4,3132803170
4171,40331769,334506,40666275,7,0,0,2560,4,8746218970
4172,40338150,7230,40345380,8,0,1,7680,8,9991703628
4173,40340150,6270,40346420,5,0,1,1536,10,2187879725
4174,40353630,3645,40357275,5,0,1,10240,10,9758818165
4175,40355750,4947,40360697,5,0,1,4096,10,1126426999
4176,40364851,11910,40376761,3,0,1,12288,0,8983916635
4177,40376230,14123,40390353,8,0,1,23040,8,6402670729
4178,40377021,506201,40883222,5,0,0,57856,10,7799834138
4179,40379590,12069,40391659,5,0,1,2048,10,3045389296
4180,40387021,6904,40393925,3,0,1,3584,0,6044511157
4181,40397630,4850,40402480,7,0,1,5120,4,5978193855
4182,40398061,5085,40403146,3,0,1,1024,0,10127603006
4183,40414480,534737,40949217,4,0,0,8192,5,8916188342
4184,40418120,341558,40759678,0,0,0,512,11,9710035410
4185,40438191,25339,40463530,3,0,1,15360,0,1287574123
4186,40450330,205342,40655672,3,0,0,512,0,4839191957
4187,40454620,321699,40776319,4,0,0,10752,5,7146432304
4188,40471310,365416,40836726,4,0,0,1024,5,894503517
4189,40472420,130363,40602783,4,0,0,2560,5,7045889175
4190,40476521,447412,40923933,5,0,0,18432,10,2467787069
4191,40477201,18075,40495276,3,0,1,13312,0,5801012274
4192,40482961,16811,40499772,3,0,1,3584,0,2261170602
4193,40503470,8644,40512114,5,0,1,1024,10,7977667129
4194,40511420,5815,40517235,8,0,1,6144,8,1678692150
4195,40516510,7706,40524216,7,0,1,8192,4,3147078872
4196,40524560,5802,40530362,7,0,1,6144,4,5478145821
4197,40529080,162366,40691446,3,0,0,4096,0,1766099695
4198,40535969,300407,40836376,7,0,0,41984,4,981868203
4199,40537760,553120,41090880,4,0,0,512,5,9419803494
4200,40541070,3904,40544974,4,0,1,10752,5,2540702109
4201,40550230,221755,40771985,6,0,0,512,8,906619266
4202,40554560,3387,40557947,7,0,1,9728,4,796951582
4203,40557091,1524,40558615,3,0,1,1024,0,3290658748
4204,40567001,66872,40633873,3,0,1,2560,0,5112168023
4205,40571480,148505,40719985,3,0,0,512,0,10505140480
4206,40576391,219701,40796092,5,0,0,28160,10,4983457420
4207,40588640,67071,40655711,8,0,1,5120,8,3991993608
4208,40589741,467020,41056761,5,0,0,121344,10,898412968
4209,40590460,65453,40655913,8,0,1,6144,8,5811813414
4210,40605830,50843,40656673,7,0,1,1024,4,4674675808
4211,40617571,165197,40782768,5,0,0,9216,10,848530692
4212,40621170,36169,40657339,7,0,1,1024,4,2101064949
4213,40621929,242031,40863960,7,0,0,6144,4,1689015681
4214,40622410,36555,40658965,7,0,1,2560,4,4759011933
4215,40637770,21861,40659631,7,0,1,1024,4,9876109483
4216,40638311,131225,40769536,5,0,0,18432,10,4566577475
4217,40645390,15547,40660937,7,0,1,2048,4,1266094415
4218,40646210,16033,40662243,7,0,1,2048,4,2048920368
4219,40648660,147759,40796419,6,0,0,1024,8,1326633374
4220,40668760,256605,40925365,4,0,0,512,5,5163485389
4221,40671530,260447,40931977,6,0,0,2048,8,143790022
4222,40675910,17013,40692923,8,0,1,1536,8,4110971495
4223,40678770,299834,40978604,0,0,0,1536,11,8021253055
4224,40680691,339083,41019774,5,0,0,10240,10,3715992415
4225,40681941,13354,40695295,3,0,1,3584,0,4060945522
4226,40708051,441332,41149383,5,0,0,45568,10,2531775047
4227,40708361,11445,40719806,3,0,1,7680,0,4388503064
4228,40716360,201934,40918294,0,0,0,512,11,868443455
4229,40725970,2470,40728440,5,0,1,2560,10,3488890898
4230,40736800,22501,40759301,8,0,1,22528,8,2165226486
4231,40746889,12804,40759693,2,0,1,512,12,8621012141
4232,40748710,20849,40769559,5,0,1,4608,10,1188690852
4233,40750110,220357,40970467,3,0,0,2048,0,7654671415
4234,40760721,228513,40989234,5,0,0,15872,10,4665705053
4235,40761131,11368,40772499,3,0,1,3072,0,6031544151
4236,40765181,11153,40776334,3,0,1,2048,0,1948041256
4237,40770510,5839,40776349,8,0,1,10752,8,9639357426
4238,40779870,2913,40782783,4,0,1,2048,5,633018317
4239,40782130,101346,40883476,0,0,0,512,11,1473715437
4240,40796560,260684,41057244,6,0,0,1536,8,1374065690
4241,40803610,1042,40804652,8,0,1,1024,8,6941167607
4242,40806240,4162,40810402,5,0,1,11264,10,4390708226
4243,40807920,4747,40812667,5,0,1,3072,10,10015962039
4244,40811121,316405,41127526,5,0,0,5120,10,8957521690
4245,40822311,14080,40836391,3,0,1,3584,0,2083107530
4246,40833361,4366,40837727,3,0,1,1024,0,4659650807
4247,40839230,221891,41061121,3,0,0,1024,0,9829240378
4248,40841551,23510,40865061,3,0,1,1024,0,9781571474
4249,40843531,39706,40883237,3,0,1,3072,0,1542844733
4250,40845999,279944,41125943,7,0,0,73216,4,10483901069
4251,40846260,36992,40883252,7,0,1,2560,4,3174255366
4252,40846699,36568,40883267,2,0,1,512,12,10362767049
4253,40849981,33301,40883282,3,0,1,2560,0,3549713096
4254,40857329,464755,41322084,7,0,0,162816,4,639695164
4255,40857740,123575,40981315,4,0,0,1024,5,4348484950
4256,40859859,23446,40883305,2,0,1,18944,12,1821861260
4257,40867040,51083,40918123,8,0,1,9216,8,10536382942
4258,40896530,32337,40928867,7,0,1,5120,4,2381628524
4259,40901501,28032,40929533,3,0,1,1024,0,4991766164
4260,40911980,237597,41149577,3,0,0,512,0,6275315197
4261,40913290,409784,41323074,3,0,0,512,0,7049801065
4262,40914751,408144,41322895,5,0,0,2560,10,1715703139
4263,40915700,415337,41331037,6,0,0,512,8,2512882246
4264,40922639,10760,40933399,2,0,1,6144,12,8228432339
4265,40941380,5326,40946706,7,0,1,5632,4,9897442985
4266,40951439,2470,40953909,2,0,1,2560,12,1125286962
4267,40955710,2946,40958656,8,0,1,3072,8,8285049718
4268,40955900,291161,41247061,6,0,0,512,8,2880238197
4269,40970959,2946,40973905,2,0,1,3072,12,9882868671
4270,40983720,286450,41270170,4,0,0,2560,5,6284958862
4271,40983790,5459,40989249,7,0,1,1536,4,5306995999
4272,40988070,211906,41199976,6,0,0,512,8,8722110467
4273,40990941,566,40991507,3,0,1,512,0,94960863
4274,41004400,4374,41008774,8,0,1,4608,8,3486022388
4275,41011610,566,41012176,7,0,1,512,4,7874826994
4276,41031390,292167,41323557,6,0,0,1536,8,4645309701
4277,41040100,283964,41324064,3,0,0,1536,0,10431618443
4278,41040201,17718,41057919,3,0,1,512,0,3048112755
4279,41047351,314545,41361896,5,0,0,37376,10,2678017007
4280,41054170,277541,41331711,0,0,0,512,11,6596882427
4281,41055450,276857,41332307,3,0,0,512,0,9328756269
4282,41060741,3422,41064163,3,0,1,3584,0,1470565828
4283,41067669,1042,41068711,2,0,1,1024,12,528729018
4284,41110660,217305,41327965,0,0,0,512,11,1174763340
4285,41132830,16576,41149406,8,0,1,24576,8,2991140402
4286,41134149,18834,41152983,2,0,1,3584,12,1315353743
4287,41148440,9443,41157883,7,0,1,7680,4,6281760690
4288,41184381,1994,41186375,3,0,1,2048,0,9716619872
4289,41188950,185404,41374354,6,0,0,2048,8,4716970737
4290,41194409,7706,41202115,2,0,1,8192,12,9058100849
4291,41199989,3752,41203741,2,0,1,2560,12,8608467748
4292,41201780,3907,41205687,7,0,1,3072,4,3073398365
4293,41208040,167959,41375999,0,0,0,512,11,158557747
4294,41211560,117941,41329501,4,0,0,512,5,610009170
4295,41222660,114892,41337552,3,0,0,3072,0,440058536
4296,41222710,4850,41227560,8,0,1,5120,8,5433824613
4297,41226060,3645,41229705,8,0,1,10240,8,4103506323
4298,41229110,146472,41375582,6,0,0,512,8,1650352385
4299,41232609,2470,41235079,2,0,1,2560,12,5781050204
4300,41262240,5802,41268042,7,0,1,6144,4,10169302591
4301,41268160,96408,41364568,1,0,0,2560,17,7393039953
4302,41274161,372684,41646845,5,0,0,64512,10,4541639870
4303,41274950,50716,41325666,8,0,1,1536,8,8258217628
4304,41277500,306438,41583938,4,0,0,1536,5,4020519398
4305,41281820,306362,41588182,0,0,0,512,11,1125144743
4306,41294210,34780,41328990,8,0,1,4608,8,10003172870
4307,41296500,32644,41329144,7,0,1,8704,4,9257454366
4308,41307820,250663,41558483,4,0,0,512,5,3400048249
4309,41310001,19515,41329516,3,0,1,512,0,10613107197
4310,41317370,382232,41699602,4,0,0,2048,5,3879352521
4311,41318830,15800,41334630,7,0,1,6144,4,3173431871
4312,41319881,15415,41335296,3,0,1,1024,0,5982818169
4313,41328820,280085,41608905,0,0,0,512,11,9567186910
4314,41332531,11533,41344064,3,0,1,18944,0,4529908768
4315,41342960,198543,41541503,3,0,0,512,0,6408495604
4316,41350970,14357,41365327,8,0,1,3584,8,5430705989
4317,41358580,247291,41605871,0,0,0,512,11,9287806207
4318,41373150,3898,41377048,0,0,1,4096,11,8278774241
4319,41374861,7706,41382567,3,0,1,8192,0,2818675223
4320,41378730,112553,41491283,4,0,0,2048,5,8654031324
4321,41389990,257494,41647484,4,0,0,2048,5,3920411803
4322,41402871,2946,41405817,3,0,1,3072,0,9988155997
4323,41408170,241060,41649230,1,0,0,4608,17,291952389
4324,41418991,3422,41422413,3,0,1,3584,0,10211488756
4325,41421019,344434,41765453,7,0,0,23040,4,4187510817
4326,41423000,4162,41427162,8,0,1,11264,8,10412204882
4327,41425380,17197,41442577,6,0,1,31232,8,8489200974
4328,41439490,326290,41765780,3,0,0,1024,0,7286736679
4329,41451361,247594,41698955,5,0,0,12800,10,7339658907
4330,41464651,271035,41735686,5,0,0,18432,10,1664419124
4331,41466010,181801,41647811,6,0,0,1024,8,8838255596
4332,41483350,385420,41868770,6,0,0,1536,8,5009009075
4333,41488141,3422,41491563,3,0,1,3584,0,2973805728
4334,41494309,373978,41868287,7,0,0,69120,4,2196435568
4335,41497419,186332,41683751,7,0,0,33280,4,4873448749
4336,41504530,81891,41586421,6,0,1,132608,8,1105311034
4337,41513630,73137,41586767,7,0,1,512,4,6341856630
4338,41524120,68651,41592771,6,0,1,20480,8,8139660482
4339,41536430,57967,41594397,6,0,1,2560,8,2075273045
4340,41540510,57113,41597623,7,0,1,5120,4,174973616
4341,41554601,47528,41602129,3,0,1,7168,0,4493354974
4342,41569201,240875,41810076,5,0,0,7168,10,6334732646
4343,41569611,213530,41783141,5,0,0,40960,10,7199326597
4344,41590280,17238,41607518,1,0,1,17408,17,8877531597
4345,41598640,137225,41735865,4,0,0,512,5,9412930507
4346,41600990,7296,41608286,6,0,1,11776,8,359591292
4347,41646260,4956,41651216,7,0,1,2048,4,718419221
4348,41651859,544527,42196386,7,0,0,53248,4,8348789049
4349,41665441,119602,41785043,5,0,0,512,10,5582500919
4350,41675119,212232,41887351,7,0,0,7168,4,482176002
4351,41677770,250634,41928404,6,0,0,1024,8,5334754208
4352,41688910,11016,41699926,6,0,1,17920,8,4497673326
4353,41694900,174041,41868941,0,0,0,512,11,2771634281
4354,41696350,26677,41723027,6,0,1,38912,8,5038195759
4355,41708980,263362,41972342,1,0,0,13824,17,4721245238
4356,41715760,284904,42000664,1,0,0,32256,17,8803801448
4357,41732670,508674,42241344,6,0,0,3072,8,1120481673
4358,41765500,302246,42067746,4,0,0,1024,5,7236119585
4359,41778220,275881,42054101,3,0,0,2560,0,5967915879
4360,41785010,14054,41799064,6,0,1,27136,8,10707625372
4361,41785910,148634,41934544,3,0,0,512,0,5005316369
4362,41786441,14889,41801330,3,0,1,3584,0,9363227776
4363,41794230,136949,41931179,6,0,0,1024,8,801762805
4364,41804500,14287,41818787,1,0,1,27648,17,10078853396
4365,41804771,284726,42089497,5,0,0,28160,10,1691780758
4366,41806230,486802,42293032,6,0,0,512,8,3792579371
4367,41810949,233876,42044825,7,0,0,38400,4,2222437111
4368,41811810,141668,41953478,3,0,0,1536,0,7297666995
4369,41813660,22691,41836351,1,0,1,37376,17,4111492486
4370,41816421,20596,41837017,3,0,1,1024,0,5896696927
4371,41817260,379453,42196713,3,0,0,1024,0,2382242559
4372,41824790,17821,41842611,6,0,1,26624,8,3064430766
4373,41825490,146867,41972357,1,0,1,225280,17,8922968863
4374,41832930,232368,42065298,6,0,0,3072,8,8603659046
4375,41846230,265052,42111282,6,0,0,512,8,664033068
4376,41875741,96794,41972535,3,0,1,4096,0,1282856816
4377,41914669,404201,42318870,7,0,0,19456,4,8007433594
4378,41915770,99417,42015187,6,0,1,138752,8,1646031554
4379,41916121,101652,42017773,3,0,1,4096,0,10013675380
4380,41916670,102691,42019361,6,0,1,15872,8,2491388408
4381,41923601,101764,42025365,3,0,1,20480,0,5822356365
4382,41925310,102641,42027951,0,0,1,4096,11,5051697163
4383,41944570,84047,42028617,7,0,1,11264,4,8692027961
4384,41953470,303415,42256885,3,0,0,1024,0,9423456746
4385,41957730,365700,42323430,4,0,0,512,5,9070668262
4386,41976359,291979,42268338,7,0,0,30208,4,2377641814
4387,41978720,76228,42054948,6,0,1,93184,8,2047603656
4388,41994740,345856,42340596,1,0,0,4096,17,6571343437
4389,42001910,63559,42065469,6,0,0,512,8,8971661382
4390,42010640,357337,42367977,4,0,0,1536,5,2597959025
4391,42011430,266298,42277728,4,0,0,512,5,9983736981
4392,42033641,25173,42058814,3,0,1,6144,0,3610877484
4393,42035709,546949,42582658,7,0,0,13824,4,6850367988
4394,42038910,262505,42301415,4,0,0,512,5,8846282551
4395,42039370,168160,42207530,3,0,0,1536,0,9920035933
4396,42041611,235946,42277557,5,0,0,30208,10,7828140726
4397,42049349,434474,42483823,7,0,0,14336,4,695262700
4398,42064970,42915,42107885,1,0,1,69120,17,7219704345
4399,42066230,593762,42659992,0,0,0,37888,11,4572405294
4400,42068460,359295,42427755,0,0,0,512,11,1890689938
4401,42073031,758525,42831556,5,0,0,118784,10,2468692813
4402,42074700,803374,42878074,4,0,0,112640,5,448891246
4403,42083479,366684,42450163,7,0,0,9728,4,9987670242
4404,42088971,167571,42256542,5,0,0,36864,10,5507000082
4405,42098419,231843,42330262,7,0,0,5632,4,4563102772
4406,42102571,5980,42108551,3,0,1,1024,0,7613589116
4407,42108971,617072,42726043,5,0,0,96256,10,8401656126
4408,42108980,391450,42500430,4,0,0,48640,5,10560271385
4409,42110391,172739,42283130,5,0,0,7680,10,2549674089
4410,42122510,505925,42628435,3,0,0,1536,0,9594632793
4411,42136670,32987,42169657,6,0,1,57344,8,1735826386
4412,42146490,23321,42169811,6,0,1,8704,8,10540203409
4413,42158560,458419,42616979,3,0,0,512,0,1969032998
4414,42159520,351948,42511468,1,0,0,35840,17,10111907722
4415,42169160,1637,42170797,8,0,1,1536,8,2713883230
4416,42195401,318683,42514084,5,0,0,4096,10,9515766724
4417,42197460,479787,42677247,3,0,0,1024,0,3484168925
4418,42208630,357432,42566062,4,0,0,28160,5,6468493899
4419,42217970,176819,42394789,3,0,0,512,0,1102086135
4420,42231210,25690,42256900,6,0,1,42496,8,8525594837
4421,42249250,93029,42342279,6,0,1,142848,8,5996670664
4422,42250771,92174,42342945,3,0,1,1024,0,2341724404
4423,42268000,298865,42566865,3,0,0,2560,0,3472518749
4424,42274161,513222,42787383,5,0,0,36864,10,293106826
4425,42274221,71310,42345531,3,0,1,4096,0,4373758906
4426,42297549,463512,42761061,7,0,0,42496,4,8156114843
4427,42315910,566743,42882653,2,0,0,14848,12,8635060963
4428,42318740,574121,42892861,0,0,0,30208,11,6860534200
4429,42320441,523298,42843739,5,0,0,39936,10,2839992414
4430,42325560,250680,42576240,0,0,0,30720,11,8218623220
4431,42337921,616359,42954280,5,0,0,70656,10,2812288483
4432,42359080,524562,42883642,6,0,0,512,8,10474670724
4433,42362671,625548,42988219,5,0,0,77312,10,6039124181
4434,42380350,256020,42636370,6,0,0,1024,8,5559287246
4435,42403440,13253,42416693,6,0,1,25600,8,3927869704
4436,42406380,28304,42434684,6,0,1,41984,8,8103477616
4437,42408560,27110,42435670,0,0,1,1536,11,4326691862
4438,42416450,324063,42740513,4,0,0,1536,5,3591054371
4439,42436520,663275,43099795,1,0,0,13824,17,10457893380
4440,42446660,436811,42883471,3,0,0,2048,0,10333777516
4441,42451750,631440,43083190,0,0,0,153088,11,3464670555
4442,42465580,433552,42899132,1,0,0,20480,17,3079704468
4443,42481010,614550,43095560,4,0,0,40448,5,4637425556
4444,42486690,501700,42988390,6,0,0,512,8,6645888863
4445,42489559,545357,43034916,7,0,0,140800,4,4854968627
4446,42514940,260713,42775653,0,0,0,9216,11,6286853025
4447,42540719,694753,43235472,7,0,0,139264,4,5903179526
4448,42552220,484303,43036523,1,0,0,5120,17,1639683840
4449,42561360,547677,43109037,4,0,0,3584,5,1247940639
4450,42607240,2946,42610186,7,0,1,3072,4,9731618618
4451,42630360,252472,42882832,3,0,0,512,0,2771815815
4452,42641760,350241,42992001,0,0,0,11776,11,668445866
4453,42657129,458187,43115316,7,0,0,20480,4,3169933200
4454,42658190,117946,42776136,1,0,0,1536,17,10177556876
4455,42658879,449043,43107922,7,0,0,26624,4,10661989438
4456,42666770,698858,43365628,1,0,0,68096,17,7795607789
4457,42691170,424629,43115799,3,0,0,1536,0,9364422555
4458,42731110,2470,42733580,5,0,1,2560,10,3252416891
4459,42734490,578715,43313205,1,0,0,36352,17,4374539421
4460,42749730,501301,43251031,4,0,0,2560,5,4157905722
4461,42767039,376113,43143152,7,0,0,7680,4,4816430200
4462,42825360,352585,43177945,6,0,0,2048,8,7431815376
4463,42827260,861330,43688590,6,0,0,512,8,8327553525
4464,42851160,398694,43249854,1,0,0,45568,17,772592551
4465,42853061,46086,42899147,3,0,1,13824,0,10329960622
4466,42853239,515212,43368451,7,0,0,9216,4,501949852
4467,42865920,370035,43235955,3,0,0,1536,0,9329786423
4468,42886360,487128,43373488,1,0,0,7168,17,6281196064
4469,42899960,378082,43278042,4,0,0,5632,5,10109989506
4470,42933280,682456,43615736,3,0,0,512,0,9011456497
4471,42939460,310565,43250025,3,0,0,512,0,9866084473
4472,42942480,540787,43483267,0,0,0,37888,11,2798517672
4473,42979951,103262,43083213,3,0,1,1024,0,2130903087
4474,42983469,390510,43373979,7,0,0,1536,4,3470993775
4475,42992240,379034,43371274,4,0,0,9216,5,8361497432
4476,42992900,257296,43250196,3,0,0,512,0,4955633508
4477,43001200,1282939,44284139,4,0,0,30720,5,5002354105
4478,43008491,588004,43596495,5,0,0,135168,10,107133845
4479,43036350,79472,43115822,0,0,1,7168,11,5443040420
4480,43052589,1110371,44162960,7,0,0,12800,4,755834803
4481,43099780,393272,43493052,6,0,0,2560,8,9047641906
4482,43101070,575519,43676589,4,0,0,45056,5,634662872
4483,43104511,509315,43613826,5,0,0,56832,10,9019069616
4484,43108090,8743,43116833,0,0,1,1024,11,9284482818
4485,43122190,540656,43662846,0,0,0,92672,11,5145807638
4486,43137860,417436,43555296,0,0,0,28160,11,8629840187
4487,43139900,158428,43298328,6,0,0,512,8,3493390225
4488,43143320,1042,43144362,0,0,1,1024,11,1133495098
4489,43149760,481443,43631203,1,0,0,50688,17,2981760962
4490,43157221,668704,43825925,5,0,0,50688,10,9487542682
4491,43226990,231179,43458169,4,0,0,34816,5,780934662
4492,43232151,682196,43914347,5,0,0,32256,10,4973706210
4493,43238370,16994,43255364,0,0,1,4608,11,909491346
4494,43238780,392594,43631374,0,0,0,512,11,8018564977
4495,43240539,527091,43767630,7,0,0,55296,4,1413297253
4496,43253221,764417,44017638,5,0,0,59392,10,3048013422
4497,43271250,1042,43272292,0,0,1,1024,11,9732000228
4498,43309230,11214,43320444,0,0,1,7680,11,8330120181
4499,43310020,61269,43371289,1,0,1,62464,17,1145979351
4500,43319840,568688,43888528,0,0,0,512,11,4470172537
4501,43329459,1127679,44457138,7,0,0,49664,4,4033062298
4502,43330009,558348,43888357,7,0,0,27136,4,4652536473
4503,43335281,280284,43615565,5,0,0,5632,10,8001404710
4504,43366100,311315,43677415,6,0,0,1536,8,7797185682
4505,43368479,621338,43989817,7,0,0,61440,4,5465242278
4506,43385290,360168,43745458,1,0,0,68096,17,3762263863
4507,43389450,386463,43775913,4,0,0,27136,5,7781946695
4508,43415321,464753,43880074,5,0,0,96768,10,10322515144
4509,43424260,252656,43676916,6,0,0,1024,8,9807470364
4510,43435270,1994,43437264,7,0,1,2048,4,7926110200
4511,43461380,429519,43890899,1,0,0,7680,17,10556979430
4512,43467960,447041,43915001,6,0,0,512,8,7246055526
4513,43468940,530579,43999519,6,0,0,512,8,753996963
4514,43470650,305450,43776100,3,0,0,512,0,6867712434
4515,43474470,544298,44018768,6,0,0,3072,8,7292050110
4516,43496820,560171,44056991,4,0,0,37888,5,3664250257
4517,43504740,410090,43914830,9,0,0,1536,3,9427430522
4518,43537100,289472,43826572,0,0,0,2048,11,9238672375
4519,43562360,235139,43797499,6,0,0,1024,8,10023077826
4520,43573250,701514,44274764,0,0,0,50176,11,10594226895
4521,43644800,834068,44478868,6,0,0,1024,8,1423164342
4522,43648660,601965,44250625,3,0,0,2560,0,6758724464
4523,43662570,439862,44102432,4,0,0,38400,5,3121964909
4524,43671750,327598,43999348,0,0,0,31232,11,5805108512
4525,43677150,413567,44090717,4,0,0,110592,5,5229435839
4526,43687600,212698,43900298,4,0,0,30720,5,8363801140
4527,43707370,5196,43712566,7,0,1,13312,4,5996131838
4528,43708251,733724,44441975,5,0,0,99840,10,8052142154
4529,43712090,305719,44017809,6,0,0,512,8,9526457078
4530,43719771,462673,44182444,5,0,0,27136,10,9716036959
4531,43729040,171429,43900469,3,0,0,512,0,1100836175
4532,43735970,455282,44191252,1,0,0,5632,17,1685940831
4533,43737330,308102,44045432,3,0,0,2048,0,8863447698
4534,43739120,11255,43750375,7,0,1,5120,4,10249513186
4535,43761370,828470,44589840,3,0,0,2560,0,6031841299
4536,43766111,645429,44411540,5,0,0,17920,10,5879539399
4537,43773410,472170,44245580,0,0,0,115712,11,9736418347
4538,43800871,448951,44249822,5,0,0,13824,10,3144036426
4539,43816250,693839,44510089,1,0,0,40448,17,359550434
4540,43823069,1000122,44823191,7,0,0,46592,4,2972858100
4541,43836330,464439,44300769,9,0,0,39424,3,10729797374
4542,43845730,731226,44576956,0,0,0,74240,11,2961315337
4543,43855610,45384,43900994,7,0,1,512,4,8507361180
4544,43859100,619441,44478541,9,0,0,70144,3,3487719779
4545,43864270,439182,44303452,1,0,0,8704,17,9186761307
4546,43877500,241438,44118938,6,0,0,512,8,2259157942
4547,43879650,237362,44117012,4,0,0,16384,5,6314766805
4548,43912919,339133,44252052,7,0,0,4608,4,4941594796
4549,43918390,418341,44336731,4,0,0,60416,5,6781240018
4550,43930869,566881,44497750,7,0,0,30208,4,202187361
4551,43936120,1518,43937638,0,0,1,1536,11,2231851523
4552,43941980,2470,43944450,7,0,1,2560,4,3681766054
4553,43943920,452644,44396564,9,0,0,34304,3,3840727273
4554,43962900,981317,44944217,4,0,0,69632,5,9346107791
4555,43965171,803228,44768399,5,0,0,81408,10,8709741828
4556,43978450,688960,44667410,9,0,0,6144,3,8417035162
4557,43993870,39686,44033556,1,0,1,28672,17,8574330891
4558,44012480,44526,44057006,1,0,1,38400,17,5477577564
4559,44026450,830104,44856554,3,0,0,1024,0,9811897950
4560,44031090,546505,44577595,6,0,0,2048,8,4155060854
4561,44035800,361091,44396891,3,0,0,1024,0,3597106524
4562,44042640,1008377,45051017,4,0,0,29184,5,4553485024
4563,44086610,120280,44206890,1,0,1,169984,17,10266972804
4564,44106710,1165634,45272344,4,0,0,80896,5,4211315444
4565,44111820,201494,44313314,3,0,0,1024,0,410394033
4566,44128771,893339,45022110,5,0,0,16384,10,2650382179
4567,44140560,657536,44798096,4,0,0,25600,5,93999030
4568,44188331,697948,44886279,5,0,0,27648,10,9527967232
4569,44199530,46065,44245595,1,0,1,20480,17,1608497577
4570,44206220,374986,44581206,0,0,0,11776,11,2697242278
4571,44224370,62008,44286378,1,0,1,56832,17,7229039455
4572,44226819,122107,44348926,7,0,0,512,4,5453647202
4573,44267490,21061,44288551,1,0,1,11776,17,8591294091
4574,44297820,445760,44743580,4,0,0,28160,5,7821472918
4575,44299080,356402,44655482,0,0,0,17408,11,1312820906
4576,44304230,399541,44703771,0,0,0,6144,11,3595063924
4577,44346270,1079603,45425873,1,0,0,72192,17,3177165275
4578,44347620,203691,44551311,6,0,0,2048,8,10731190147
4579,44349451,509506,44858957,5,0,0,1536,10,7533836485
4580,44368240,965863,45334103,3,0,0,2048,0,2458915683
4581,44372829,216216,44589045,7,0,0,13312,4,6549272107
4582,44372979,755666,45128645,7,0,0,107520,4,7793892861
4583,44383100,466135,44849235,1,0,0,12800,17,7554990398
4584,44403550,756708,45160258,0,0,0,34816,11,6119182707
4585,44410460,1081196,45491656,9,0,0,22016,3,1800464985
4586,44419200,437027,44856227,4,0,0,16384,5,1907352666
4587,44442261,37132,44479393,3,0,1,512,0,9324008351
4588,44453650,549005,45002655,4,0,0,62464,5,592552232
4589,44469710,513866,44983576,4,0,0,129024,5,4839309502
4590,44487610,1076311,45563921,0,0,0,49152,11,4865816804
4591,44503651,9869,44513520,3,0,1,3584,0,9113968520
4592,44508690,651910,45160600,6,0,0,1024,8,5901897303
4593,44510240,492742,45002982,6,0,0,1024,8,2982585056
4594,44516200,487646,45003846,4,0,0,1536,5,10401987104
4595,44527020,490083,45017103,1,0,0,27136,17,3200442602
4596,44563930,25925,44589855,7,0,1,4608,4,407088680
4597,44567590,1011798,45579388,0,0,0,50688,11,9725333024
4598,44568610,90596,44659206,6,0,1,129024,8,549840739
4599,44583721,78071,44661792,3,0,1,4096,0,6876621322
4600,44592020,307387,44899407,3,0,0,1024,0,2287576647
4601,44593260,547287,45140547,0,0,0,38400,11,9332881036
4602,44605570,592121,45197691,1,0,0,59392,17,7667268086
4603,44616570,664853,45281423,4,0,0,29696,5,8003097671
4604,44627430,36308,44663738,1,0,1,3072,17,3117471613
4605,44634730,511199,45145929,9,0,0,15872,3,9799775775
4606,44648471,16253,44664724,3,0,1,1536,0,1144051940
4607,44654350,16583,44670933,1,0,1,21504,17,6124696494
4608,44661520,16134,44677654,6,0,1,24064,8,10690534045
4609,44667630,15618,44683248,1,0,1,18432,17,4031333821
4610,44680840,988512,45669352,9,0,0,3072,3,7422280053
4611,44681759,767471,45449230,7,0,0,61440,4,6354250492
4612,44690671,1042,44691713,3,0,1,1024,0,1178669985
4613,44691630,924452,45616082,4,0,0,1024,5,4240431391
4614,44695149,1157517,45852666,7,0,0,50688,4,8160165624
4615,44696440,1081530,45777970,3,0,0,512,0,7444631915
4616,44704830,423994,45128824,3,0,0,512,0,10585762243
4617,44707510,749238,45456748,0,0,0,22528,11,3688397575
4618,44709100,6754,44715854,6,0,1,7168,8,562943364
4619,44732920,1364551,46097471,9,0,0,122880,3,737639965
4620,44739020,349143,45088163,1,0,0,4096,17,9991881261
4621,44748730,681757,45430487,3,0,0,512,0,5748805380
4622,44750090,82530,44832620,6,0,1,108032,8,5827481826
4623,44762050,75396,44837446,5,0,1,7680,10,9394157478
4624,44766580,236745,45003325,3,0,0,1024,0,6214281306
4625,44772840,1328757,46101597,9,0,0,512,3,10032371549
4626,44774440,821716,45596156,1,0,0,51200,17,10561991740
4627,44781410,359668,45141078,6,0,0,1536,8,5237435576
4628,44788750,723798,45512548,4,0,0,61440,5,9758592068
4629,44793780,293104,45086884,0,0,0,37888,11,2608004757
4630,44795820,48039,44843859,6,0,1,22528,8,9574553160
4631,44815420,44504,44859924,6,0,1,60416,8,1388227875
4632,44819760,72589,44892349,6,0,1,81920,8,7741038037
4633,44845650,48325,44893975,5,0,1,2560,10,5122116535
4634,44856340,1449301,46305641,4,0,0,18944,5,9334708814
4635,44863731,31870,44895601,3,0,1,2560,0,7769436562
4636,44864111,281989,45146100,5,0,0,512,10,10640365036
4637,44876200,328573,45204773,1,0,0,22016,17,10673529283
4638,44919301,3422,44922723,3,0,1,3584,0,1021486879
4639,44924011,79337,45003348,3,0,1,2048,0,3840937368
4640,44925100,304128,45229228,1,0,0,28160,17,10103104072
4641,44926111,77252,45003363,3,0,1,5632,0,2220483565
4642,44926400,281984,45208384,0,0,0,11776,11,4557803020
4643,44931560,1248610,46180170,1,0,0,18944,17,788169499
4644,44935270,90964,45026234,6,0,1,37888,8,2300115203
4645,44951839,663886,45615725,7,0,0,57856,4,5897347541
4646,44958170,250556,45208726,6,0,0,1024,8,3305770677
4647,45007450,19040,45026490,5,0,1,9216,10,5162681675
4648,45017180,20313,45037493,5,0,1,20992,10,2930003062
4649,45022730,258864,45281594,6,0,0,512,8,1272921810
4650,45023190,335747,45358937,4,0,0,13824,5,2106113259
4651,45023200,365943,45389143,4,0,0,14336,5,10707996600
4652,45053380,144670,45198050,3,0,0,1024,0,1762143724
4653,45064500,1281030,46345530,0,0,0,48128,11,7753136424
4654,45065000,392075,45457075,3,0,0,1024,0,9996704584
4655,45072551,377318,45449869,5,0,0,2048,10,6571120278
4656,45076921,12243,45089164,3,0,1,1024,0,9932440626
4657,45079940,392253,45472193,3,0,0,3072,0,2224823218
4658,45097141,48990,45146131,3,0,1,1024,0,9446634263
4659,45099471,635780,45735251,5,0,0,55808,10,7123696340
4660,45102480,370472,45472952,6,0,0,1536,8,7438907371
4661,45104641,431777,45536418,5,0,0,12288,10,3776560418
4662,45110300,37277,45147577,5,0,1,1536,10,9621555069
4663,45113120,47153,45160273,5,0,1,6656,10,9623606561
4664,45129830,631425,45761255,0,0,0,1024,11,3890691149
4665,45147530,16428,45163958,6,0,1,29696,8,5452772338
4666,45148520,59879,45208399,6,0,1,69120,8,9486355690
4667,45167800,136733,45304533,9,0,0,6144,3,504115618
4668,45168670,40071,45208741,0,0,1,5120,11,69846987
4669,45170510,38246,45208756,0,0,1,15872,11,670787857
4670,45171650,37121,45208771,0,0,1,3072,11,5979814695
4671,45175839,476762,45652601,7,0,0,27648,4,1631614184
4672,45182550,1201560,46384110,9,0,0,37376,3,6388192712
4673,45184240,208832,45393072,6,0,0,1024,8,6185856401
4674,45185840,331682,45517522,6,0,0,1024,8,6198894923
4675,45186901,24154,45211055,3,0,1,6656,0,2575832862
4676,45206941,6060,45213001,3,0,1,3072,0,3061385229
4677,45207181,1238556,46445737,5,0,0,53248,10,5222744189
4678,45227850,1087502,46315352,0,0,0,31744,11,1850270418
4679,45235620,2870,45238490,5,0,1,8704,10,1050297814
4680,45237141,3174,45240315,3,0,1,2048,0,10254684326
4681,45243320,493209,45736529,3,0,0,3584,0,10017763019
4682,45260080,405672,45665752,4,0,0,21504,5,9947076966
4683,45260351,698593,45958944,5,0,0,41472,10,9860371258
4684,45265870,17276,45283146,0,0,1,1536,11,1379674964
4685,45272410,24490,45296900,6,0,1,28672,8,5753673058
4686,45273750,688843,45962593,3,0,0,1024,0,8441028135
4687,45289050,11396,45300446,6,0,1,5632,8,9236890779
4688,45299130,359414,45658544,4,0,0,19456,5,9762592419
4689,45312320,423102,45735422,6,0,0,512,8,7234750414
4690,45315290,350633,45665923,3,0,0,512,0,5119744480
4691,45321690,858651,46180341,3,0,0,512,0,867706428
4692,45321930,1042,45322972,0,0,1,1024,11,10583476599
4693,45325420,2470,45327890,5,0,1,2560,10,706618565
4694,45325700,463611,45789311,0,0,0,22528,11,3150369106
4695,45345441,566,45346007,3,0,1,512,0,8022046532
4696,45347179,1231353,46578532,7,0,0,79360,4,1520462334
4697,45368830,484007,45852837,3,0,0,512,0,3768659207
4698,45381931,990705,46372636,5,0,0,38912,10,451920973
4699,45381940,386989,45768929,0,0,0,10240,11,1252675272
4700,45391190,188213,45579403,6,0,1,274432,8,963450869
4701,45398620,499363,45897983,9,0,0,9216,3,6603522485
4702,45401390,179143,45580533,6,0,1,18432,8,344471443
4703,45405289,894557,46299846,7,0,0,190976,4,958195816
4704,45418190,247989,45666179,3,0,0,512,0,5105028100
4705,45425410,170761,45596171,5,0,1,4608,10,3890197418
4706,45426209,1410923,46837132,7,0,0,30720,4,2948179531
4707,45430370,1509921,46940291,4,0,0,5120,5,1653595479
4708,45433350,162844,45596194,6,0,1,28160,8,4629534667
4709,45435680,1220640,46656320,9,0,0,15872,3,6353196249
4710,45442110,465206,45907316,3,0,0,1024,0,7178228456
4711,45442270,138248,45580518,9,0,0,3584,3,6262785955
4712,45471930,531768,46003698,9,0,0,46080,3,4653802833
4713,45473510,122699,45596209,6,0,1,14336,8,5131611235
4714,45478440,430256,45908696,3,0,0,512,0,8391610617
4715,45499980,601446,46101426,0,0,0,12800,11,9539070726
4716,45503921,92303,45596224,3,0,1,1024,0,3497078496
4717,45518970,77269,45596239,5,0,1,5632,10,2088934515
4718,45528831,712485,46241316,5,0,0,169472,10,4483035600
4719,45529480,973327,46502807,9,0,0,66048,3,2815748441
4720,45535030,61240,45596270,6,0,1,47616,8,6904039998
4721,45554620,41673,45596293,6,0,1,1536,8,1626455915
4722,45560290,869208,46429498,9,0,0,110592,3,6830208013
4723,45568941,46799,45615740,3,0,1,3584,0,4919936757
4724,45585010,863667,46448677,3,0,0,3584,0,9316947719
4725,45585460,30295,45615755,6,0,1,12288,8,5555601553
4726,45589500,1025247,46614747,9,0,0,118784,3,6335036839
4727,45591511,1076390,46667901,5,0,0,30720,10,9463614495
4728,45624020,700566,46324586,9,0,0,26112,3,2312383174
4729,45641530,684258,46325788,6,0,0,512,8,2805996938
4730,45653190,247616,45900806,0,0,0,5632,11,47271860
4731,45679550,132516,45812066,6,0,1,214528,8,3856946884
4732,45713749,816606,46530355,7,0,0,38400,4,7385514169
4733,45719730,93002,45812732,5,0,1,1024,10,1779763064
4734,45727981,88297,45816278,3,0,1,5632,0,1742040557
4735,45728600,92504,45821104,1,0,1,7680,17,8170797265
4736,45732980,597855,46330835,9,0,0,16384,3,8095314746
4737,45733380,88710,45822090,5,0,1,1536,10,9209377240
4738,45737989,1295032,47033021,7,0,0,20992,4,5726457669
4739,45745270,1010744,46756014,9,0,0,4096,3,5561771592
4740,45747651,75425,45823076,3,0,1,1536,0,3352498340
4741,45762639,962332,46724971,7,0,0,10752,4,814485340
4742,45768920,56102,45825022,4,0,1,3072,5,2690798446
4743,45776430,49975,45826405,1,0,1,14848,17,3842804909
4744,45778960,73892,45852852,6,0,1,52224,8,9136472291
4745,45782990,664549,46447539,0,0,0,5120,11,5465492668
4746,45783770,69097,45852867,5,0,1,3072,10,3002455015
4747,45787930,1297144,47085074,4,0,0,512,5,1251513719
4748,45789820,63062,45852882,6,0,1,6144,8,7181483458
4749,45791600,76826,45868426,1,0,1,40960,17,6340949987
4750,45798260,180852,45979112,8,0,1,20992,8,6296300059
4751,45811100,168998,45980098,8,0,1,1536,8,3977626017
4752,45818860,163184,45982044,6,0,1,3072,8,8526929275
4753,45826200,490415,46316615,4,0,0,4096,5,5127511646
4754,45829409,1038719,46868128,7,0,0,17920,4,1395875268
4755,45830020,542671,46372691,1,0,1,186368,17,2826620367
4756,45831681,552444,46384125,3,0,1,5120,0,2381477013
4757,45842671,1219239,47061910,5,0,0,22016,10,6159856114
4758,45844850,539290,46384140,5,0,1,5120,10,6454643485
4759,45845070,396573,46241643,3,0,0,1024,0,7794851239
4760,45848770,598784,46447554,6,0,1,41472,8,9995848574
4761,45862490,587569,46450059,5,0,1,8192,10,5728182690
4762,45879129,446480,46325609,7,0,0,3072,4,6747186655
4763,45909299,812381,46721680,7,0,0,108544,4,9463815638
4764,45912731,229751,46142482,5,0,0,7680,10,8865429613
4765,45918620,527336,46445956,3,0,0,512,0,6655951156
4766,45920110,562558,46482668,8,0,1,9216,8,9202341652
4767,45923230,978861,46902091,4,0,0,6656,5,2573594607
4768,45927300,797734,46725034,1,0,1,111616,17,3728624912
4769,45947040,778033,46725073,7,0,1,2048,4,7364417812
4770,45950359,532294,46482653,7,0,0,44032,4,9867108540
4771,45960360,764728,46725088,7,0,1,11776,4,3220853315
4772,45963950,863807,46827757,5,0,1,3072,10,10150787333
4773,46018510,852612,46871122,9,0,0,8192,3,274427502
4774,46018809,610009,46628818,7,0,0,46080,4,8899182740
4775,46031141,329568,46360709,5,0,0,49664,10,6294585019
4776,46032499,508167,46540666,7,0,0,33792,4,2016489846
4777,46055770,788724,46844494,5,0,1,1024,10,6617368456
4778,46056450,932397,46988847,6,0,1,68608,8,9823876931
4779,46064030,1268985,47333015,0,0,0,126976,11,9742280402
4780,46069289,775190,46844479,7,0,0,24064,4,8637136964
4781,46075700,913162,46988862,4,0,1,6656,5,3946090538
4782,46076210,930294,47006504,5,0,1,3584,10,4456826186
4783,46083261,953064,47036325,3,0,1,11264,0,10702626823
4784,46103990,933001,47036991,8,0,1,11264,8,5261383514
4785,46134930,1010849,47145779,4,0,0,81920,5,4740164536
4786,46137331,924594,47061925,3,0,1,9728,0,8071282407
4787,46149609,1301414,47451023,7,0,0,52736,4,3035372482
4788,46154350,673392,46827742,0,0,0,52224,11,1467404240
4789,46159740,702865,46862605,0,0,0,59392,11,4876792501
4790,46165870,923676,47089546,8,0,1,2048,8,7391294174
4791,46218420,996602,47215022,9,0,0,19456,3,3937897051
4792,46242320,859794,47102114,1,0,1,28160,17,1821133273
4793,46244589,1091369,47335958,7,0,0,9216,4,5325999314
4794,46252440,940793,47193233,1,0,1,24576,17,8930271499
4795,46265060,928188,47193248,1,0,1,5120,17,6108909324
4796,46265679,1190210,47455889,7,0,0,13312,4,163374819
4797,46267880,931950,47199830,1,0,1,5120,17,5115245996
4798,46269241,939823,47209064,3,0,1,1536,0,1177248429
4799,46270070,1787595,48057665,4,0,0,26112,5,7611098594
4800,46274689,1144246,47418935,7,0,0,97280,4,10336795176
4801,46279380,929699,47209079,5,0,1,18432,10,6333545274
4802,46281001,934036,47215037,3,0,1,5120,0,1458415816
4803,46284070,930982,47215052,1,0,1,16896,17,567402534
4804,46293230,921837,47215067,6,0,1,4096,8,5941750773
4805,46300620,1133665,47434285,0,0,0,43008,11,2091319966
4806,46302410,623970,46926380,3,0,0,1536,0,7139986379
4807,46306390,1480353,47786743,9,0,0,49152,3,8313509554
4808,46308870,884348,47193218,9,0,0,155648,3,5283834256
4809,46310810,904272,47215082,5,0,1,1024,10,10411209166
4810,46313540,1019490,47333030,1,0,1,59392,17,7187632819
4811,46318190,1014855,47333045,8,0,1,4096,8,36030477
4812,46318760,658715,46977475,9,0,0,102400,3,1575298013
4813,46320680,1012380,47333060,5,0,1,3072,10,7613815536
4814,46329720,1003355,47333075,5,0,1,2048,10,5081336540
4815,46350460,409382,46759842,3,0,0,1536,0,10610063951
4816,46351820,981270,47333090,9,0,1,23552,3,3813812450
4817,46362689,434827,46797516,7,0,0,36864,4,2917212513
4818,46363190,969915,47333105,7,0,1,512,4,1614734155
4819,46370080,963040,47333120,5,0,1,512,10,1307842045
4820,46385880,947255,47333135,6,0,1,6144,8,2082810113
4821,46393570,475041,46868611,3,0,0,1536,0,419921554
4822,46395650,940363,47336013,8,0,1,6144,8,5120892221
4823,46413780,688319,47102099,0,0,0,33792,11,2041228189
4824,46426540,1162776,47589316,6,0,1,101376,8,9931823733
4825,46432840,1228371,47661211,0,0,0,29696,11,922776952
4826,46439120,1196371,47635491,8,0,1,1024,8,9894651979
4827,46445690,280201,46725891,3,0,0,2560,0,5679209551
4828,46448500,424977,46873477,9,0,0,7680,3,8343783697
4829,46454710,630193,47084903,0,0,0,38912,11,3993511278
4830,46474289,436075,46910364,7,0,0,4096,4,9443570977
4831,46475100,399524,46874624,0,0,0,3584,11,94651138
4832,46482740,1020871,47503611,9,0,0,6656,3,5748932462
4833,46488700,1147355,47636055,5,0,1,10752,10,3012036270
4834,46493150,1201231,47694381,1,0,1,64512,17,10357844133
4835,46493250,1216468,47709718,7,0,1,6656,4,8252653837
4836,46498240,1212144,47710384,8,0,1,1024,8,4839291500
4837,46500440,1221071,47721511,8,0,1,5120,8,7203939769
4838,46509011,1228472,47737483,3,0,1,2560,0,1646456002
4839,46533680,1203818,47737498,7,0,1,7168,4,7201000568
4840,46542700,456002,46998702,3,0,0,512,0,8606788406
4841,46549210,1188303,47737513,5,0,1,4096,10,9494912624
4842,46549589,1198119,47747708,7,0,0,30208,4,1078342080
4843,46551420,437404,46988824,0,0,0,14848,11,1951269477
4844,46566800,1188300,47755100,6,0,1,13312,8,8096950035
4845,46569420,1187626,47757046,1,0,1,3072,17,5052398540
4846,46573970,1190311,47764281,0,0,1,5632,11,6185262278
4847,46577150,1187146,47764296,8,0,1,4096,8,5554385162
4848,46581890,1182421,47764311,6,0,1,512,8,289884255
4849,46588860,1203568,47792428,1,0,1,33792,17,3717782711
4850,46599130,1250598,47849728,1,0,1,64512,17,3413446846
4851,46601150,1278651,47879801,1,0,1,17408,17,7631242255
4852,46606730,1277443,47884173,8,0,1,9216,8,9364782485
4853,46624759,1277210,47901969,7,0,0,5632,4,2768180936
4854,46638050,1260157,47898207,6,0,1,36864,8,2781060082
4855,46638250,346003,46984253,9,0,0,13824,3,5576749726
4856,46640210,1307245,47947455,8,0,1,3072,8,10476861353
4857,46641130,1319367,47960497,1,0,1,14336,17,3800692874
4858,46648890,1312593,47961483,8,0,1,1536,8,8709810290
4859,46659870,1302279,47962149,5,0,1,11264,10,5883672353
4860,46665270,1301705,47966975,5,0,1,7680,10,6637525736
4861,46665450,1301781,47967231,6,0,1,9216,8,1473878401
4862,46668530,1300186,47968716,6,0,1,15360,8,4316264494
4863,46679460,557294,47236754,4,0,0,16896,5,6078402356
4864,46685910,434894,47120804,9,0,0,14848,3,228861236
4865,46691230,1291448,47982678,5,0,1,1024,10,3801788202
4866,46699629,1283064,47982693,2,0,1,1024,12,7632336190
4867,46704940,1277768,47982708,4,0,1,2560,5,10658091930
4868,46707950,793578,47501528,0,0,0,53248,11,3376757482
4869,46711830,1332073,48043903,1,0,1,70656,17,6983976288
4870,46718410,371914,47090324,3,0,0,512,0,4170268237
4871,46718660,1339567,48058227,1,0,1,5632,17,8473534077
4872,46720440,1338453,48058893,5,0,1,1024,10,8340451197
4873,46732950,1327249,48060199,5,0,1,2048,10,9466694232
4874,46744930,454885,47199815,4,0,0,21504,5,1382243254
4875,46760690,1300175,48060865,7,0,1,1024,4,3703037325
4876,46769380,210630,46980010,4,0,0,8192,5,927632650
4877,46775440,1289611,48065051,8,0,1,6656,8,7023846930
4878,46781190,1440894,48222084,6,0,1,151040,8,9220099053
4879,46803780,1428853,48232633,5,0,1,2048,10,7704840662
4880,46803789,559476,47363265,7,0,0,37888,4,6645683999
4881,46810920,1422481,48233401,8,0,1,11776,8,7471042167
4882,46816830,1460365,48277195,6,0,1,19456,8,8746131071
4883,46820860,1459062,48279922,5,0,1,14336,10,3377076529
4884,46822860,1535150,48358010,6,0,1,96256,8,5360270314
4885,46889610,1093053,47982663,9,0,0,42496,3,1116887486
4886,46896760,454111,47350871,9,0,0,47104,3,8068415630
4887,46903740,776588,47680328,9,0,0,7680,3,9553496568
4888,46910070,1487142,48397212,1,0,1,30720,17,10320361453
4889,46919090,289959,47209049,4,0,0,30208,5,2131097090
4890,46921880,1159827,48081707,0,0,0,3072,11,7375361534
4891,46923840,1282126,48205966,0,0,0,77824,11,2428852204
4892,46929090,1500161,48429251,8,0,1,3584,8,1717324241
4893,46935740,1320115,48255855,3,0,0,1536,0,2363148308
4894,46941090,623159,47564249,0,0,0,58880,11,543221323
4895,46946280,1846446,48792726,1,0,1,301056,17,5066329183
4896,46947410,1897919,48845329,1,0,1,86528,17,624521311
4897,46950550,1929506,48880056,1,0,1,39424,17,9760854676
4898,46963470,773998,47737468,4,0,0,50176,5,939021826
4899,46965610,1061243,48026853,4,0,0,25088,5,2676085452
4900,46977090,374584,47351674,3,0,0,2560,0,4620799694
4901,46981150,1900852,48882002,0,0,1,3072,11,656019668
4902,46996070,1990168,48986238,6,0,1,74240,8,9843535465
4903,46999910,421224,47421134,9,0,0,7168,3,1335012665
4904,47000340,2060847,49061187,1,0,1,11776,17,7644135146
4905,47014349,1339588,48353937,7,0,0,45056,4,5394649263
4906,47027350,2118821,49146171,6,0,1,68608,8,3570467069
4907,47031130,630252,47661382,3,0,0,512,0,9672581951
4908,47040100,2366583,49406683,1,0,1,173568,17,10450334361
4909,47049080,2365316,49414396,6,0,1,1024,8,3114546443
4910,47050040,2371370,49421410,6,0,1,7168,8,6820895238
4911,47052609,283887,47336496,7,0,0,1536,4,1649249139
4912,47057760,465500,47523260,0,0,0,3584,11,10647646454
4913,47063910,2362770,49426680,1,0,1,22528,17,6901599119
4914,47071579,2356279,49427858,2,0,1,13824,12,3631899970
4915,47082059,2356385,49438444,2,0,1,10240,12,4564772925
4916,47087870,2370276,49458146,5,0,1,4608,10,414913777
4917,47090089,286497,47376586,7,0,0,14336,4,10239500925
4918,47119200,2577089,49696289,6,0,1,83968,8,6673935987
4919,47134430,300494,47434924,9,0,0,2048,3,10712382627
4920,47163280,314967,47478247,0,0,0,20480,11,4522027429
4921,47176770,720939,47897709,9,0,0,40448,3,3575712496
4922,47184600,2522836,49707436,1,0,1,15872,17,8668516375
4923,47186970,2533031,49720001,1,0,1,3072,17,8775856433
4924,47192119,1252279,48444398,7,0,0,49664,4,4670124293
4925,47192180,2533878,49726058,1,0,1,23552,17,6434169230
4926,47192910,428497,47621407,9,0,0,88576,3,178524222
4927,47206070,2601289,49807359,6,0,1,32768,8,6826881520
4928,47210880,240938,47451818,4,0,0,2560,5,1873777059
4929,47222679,473121,47695800,7,0,0,4608,4,377727716
4930,47223220,2679845,49903065,6,0,1,76288,8,10551064952
4931,47231840,2733011,49964851,6,0,1,21504,8,5908037978
4932,47232790,559615,47792405,0,0,0,11264,11,1236709757
4933,47235740,879199,48114939,3,0,0,512,0,5493426140
4934,47256080,386547,47642627,4,0,0,19968,5,3496956171
4935,47270790,2715234,49986024,6,0,1,18944,8,2665903074
4936,47288640,405726,47694366,9,0,0,13312,3,9611185349
4937,47303740,2747434,50051174,5,0,1,6144,10,5571708649
4938,47313700,2737489,50051189,4,0,1,1536,5,10425110400
4939,47326290,571902,47898192,3,0,0,1536,0,8734750446
4940,47328970,2722242,50051212,6,0,1,24576,8,8068430892
4941,47335950,314516,47650466,3,0,0,1536,0,10013986022
4942,47349510,340785,47690295,9,0,0,8704,3,1906323863
4943,47355969,2695258,50051227,2,0,1,16384,12,9628680727
4944,47365080,2695694,50060774,6,0,1,56832,8,5672062095
4945,47371670,2705514,50077184,6,0,1,5632,8,3953449291
4946,47390470,357409,47747879,3,0,0,512,0,8135758928
4947,47394840,369426,47764266,4,0,0,20992,5,535750438
4948,47402429,2715204,50117633,2,0,1,5120,12,5733025436
4949,47406060,473702,47879762,3,0,0,512,0,9314773578
4950,47406679,2710969,50117648,2,0,1,2560,12,2587804119
4951,47416679,418522,47835201,7,0,0,29184,4,6102118728
4952,47437079,234123,47671202,7,0,0,1536,4,1197927211
4953,47475579,2642084,50117663,2,0,1,2048,12,4757624147
4954,47477990,2639688,50117678,5,0,1,2048,10,9730220493
4955,47489699,2627994,50117693,2,0,1,6144,12,1986404194
4956,47489960,2627748,50117708,5,0,1,2560,10,4903839170
4957,47492080,429443,47921523,0,0,0,1536,11,1681098220
4958,47493219,2624512,50117731,2,0,1,6144,12,10473657465
4959,47495119,421952,47917071,7,0,0,2048,4,5717203681
4960,47500330,2624795,50125125,6,0,1,60416,8,7331859749
4961,47501600,445840,47947440,0,0,0,13312,11,1624591703
4962,47501659,287291,47788950,7,0,0,7168,4,1549983032
4963,47508580,2628431,50137011,5,0,1,3072,10,8330823771
4964,47519250,405189,47924439,3,0,0,1024,0,1234817769
4965,47526040,353551,47879591,9,0,0,74752,3,916699021
4966,47528830,414539,47943369,4,0,0,14848,5,9301996097
4967,47533400,2604789,50138189,5,0,1,13824,10,2809570719
4968,47549560,2720302,50269862,6,0,1,125952,8,4724871570
4969,47567220,428527,47995747,0,0,0,18944,11,2083652739
4970,47580819,2699178,50279997,2,0,1,9216,12,7736133206
4971,47632480,599802,48232282,0,0,0,23040,11,4479372525
4972,47647229,396643,48043872,7,0,0,55808,4,3088409361
4973,47653760,2626252,50280012,8,0,1,1536,8,9885997201
4974,47702869,2577158,50280027,2,0,1,1024,12,9326864076
4975,47707039,2573003,50280042,2,0,1,1536,12,2322006140
4976,47709010,216809,47925819,3,0,0,512,0,10106943715
4977,47709720,384201,48093921,0,0,0,13312,11,7624719026
4978,47718979,2561078,50280057,2,0,1,1536,12,8396012997
4979,47753839,2536729,50290568,2,0,1,9728,12,2854500250
4980,47776240,471521,48247761,9,0,0,16896,3,9510732749
4981,47780390,727448,48507838,9,0,0,17408,3,3124068323
4982,47783509,2518959,50302468,2,0,1,17920,12,3642832495
4983,47800000,366235,48166235,3,0,0,1024,0,5130661032
4984,47838970,2500247,50339217,6,0,1,8704,8,2716981481
4985,47847309,2492164,50339473,2,0,1,9216,12,8462047777
4986,47873090,762435,48635525,9,0,0,40960,3,1423466177
4987,47875509,126951,48002460,7,0,0,5632,4,9935894876
4988,47876060,2571189,50447249,6,0,1,134656,8,7212811981
4989,47878380,2679570,50557950,6,0,1,30720,8,8320214312
4990,47894590,691504,48586094,4,0,0,58880,5,1713801963
4991,47897020,890364,48787384,9,0,0,90112,3,8869067371
4992,47900160,945130,48845290,0,0,0,82432,11,2965692422
4993,47904060,241897,48145957,3,0,0,1024,0,4937244822
4994,47962310,2661203,50623513,6,0,1,55808,8,4794159560
4995,47969510,342930,48312440,9,0,0,13824,3,1557259691
4996,47971310,457926,48429236,9,0,0,53760,3,8948221840
4997,47984999,2639976,50624975,2,0,1,512,12,4029758637
4998,47988870,233199,48222069,9,0,0,8192,3,6115132868
4999,48015189,2613458,50628647,2,0,1,22016,12,2851854797
5000,48017090,192998,48210088,0,0,0,3584,11,6972085335
5001,48019950,257230,48277180,0,0,0,9728,11,3906990961
5002,48050270,481341,48531611,4,0,0,46592,5,5406477008
5003,48067869,2565954,50633823,2,0,1,11264,12,1975529773
5004,48097891,2536291,50634182,3,0,1,9728,0,8749082020
5005,48117380,396409,48513789,0,0,0,19456,11,409051789
5006,48120870,969706,49090576,4,0,0,14848,5,813287994
5007,48125020,613257,48738277,0,0,0,30720,11,8727910969
5008,48151260,2545557,50696817,6,0,1,99328,8,6453405258
5009,48163900,484891,48648791,3,0,0,1024,0,271627907
5010,48191790,509221,48701011,0,0,0,116224,11,1765471611
5011,48196590,2500586,50697176,4,0,1,9728,5,3256845375
5012,48219410,2543073,50762483,6,0,1,43008,8,7398427167
5013,48222860,294540,48517400,4,0,0,11776,5,10066912125
5014,48231030,2535950,50766980,6,0,1,10752,8,6866119112
5015,48253210,2521393,50774603,6,0,1,19456,8,10346382857
5016,48276810,432016,48708826,9,0,0,25600,3,866170620
5017,48281570,2560693,50842263,6,0,1,91648,8,7897079301
5018,48281910,315335,48597245,3,0,0,1024,0,3192804108
5019,48293280,2615383,50908663,6,0,1,64000,8,532530802
5020,48337500,374968,48712468,3,0,0,512,0,2931417879
5021,48353709,294755,48648464,7,0,0,20480,4,8334695378
5022,48378580,365394,48743974,3,0,0,1536,0,5996663246
5023,48452499,447760,48900259,7,0,0,17408,4,224500610
5024,48468880,335436,48804316,0,0,0,33280,11,4182682406
5025,48470350,194575,48664925,0,0,0,49664,11,1057933689
5026,48478340,315821,48794161,4,0,0,4608,5,356186615
5027,48506760,364969,48871729,3,0,0,512,0,10146636380
5028,48508510,284193,48792703,9,0,0,17408,3,34711649
5029,48512519,533966,49046485,7,0,0,108032,4,9307874156
5030,48521730,464485,48986215,4,0,0,37376,5,6347203672
5031,48527830,533342,49061172,9,0,0,48128,3,3737599464
5032,48548110,655784,49203894,0,0,0,12288,11,9610589710
5033,48569450,630030,49199480,9,0,0,97792,3,9216655475
5034,48613280,471634,49084914,4,0,0,77824,5,4992739841
5035,48624430,470225,49094655,1,0,0,13312,17,10706623674
5036,48627740,541496,49169236,9,0,0,39936,3,1562157940
5037,48628890,467067,49095957,1,0,0,1536,17,9085100813
5038,48685760,191944,48877704,3,0,0,512,0,6188086353
5039,48703130,302794,49005924,3,0,0,1536,0,2433307599
5040,48709560,285921,48995481,0,0,0,10752,11,6403596606
5041,48726170,369288,49095458,0,0,0,2560,11,225565610
5042,48734660,351369,49086029,6,0,0,3584,8,8633783611
5043,48766380,439253,49205633,0,0,0,5632,11,2783255052
5044,48768940,2142780,50911720,9,0,1,13824,3,1311844141
5045,48771720,434248,49205968,3,0,0,1024,0,4781941821
5046,48792880,543326,49336206,0,0,0,46080,11,1259992056
5047,48801350,790234,49591584,9,0,0,67072,3,5838871556
5048,48832680,413350,49246030,9,0,0,64000,3,7027964228
5049,48834160,543838,49377998,3,0,0,1024,0,9552096690
5050,48836250,445386,49281636,0,0,0,110080,11,5527825859
5051,48855450,2057896,50913346,5,0,1,2560,10,548003944
5052,48864540,702509,49567049,9,0,0,3584,3,9294818349
5053,48865200,334919,49200119,3,0,0,2048,0,3378672899
5054,48870250,587348,49457598,0,0,0,31744,11,8522608202
5055,48888410,454745,49343155,3,0,0,512,0,2650717426
5056,48900320,2015612,50915932,0,0,1,4096,11,4837674152
5057,48929610,491777,49421387,9,0,0,17920,3,7121490514
5058,48937470,1979230,50916700,5,0,1,11776,10,9354878334
5059,48963410,1980093,50943503,5,0,1,15360,10,4330055101
5060,48975010,1968508,50943518,5,0,1,1024,10,7172287308
5061,48977800,1965733,50943533,5,0,1,2560,10,10680982502
5062,48987891,1956696,50944587,3,0,1,6656,0,6926508879
5063,49002180,244801,49246981,1,0,0,3072,17,3833041734
5064,49003340,1943833,50947173,5,0,1,4096,10,9812695958
5065,49016300,1931219,50947519,5,0,1,512,10,2153492705
5066,49029150,327642,49356792,9,0,0,4096,3,9799032900
5067,49031640,346031,49377671,4,0,0,47104,5,5992537687
5068,49039990,656176,49696166,4,0,0,49664,5,3990360984
5069,49057611,1892494,50950105,3,0,1,4096,0,8294323392
5070,49060030,246861,49306891,1,0,0,61440,17,8115161249
5071,49084950,197021,49281971,3,0,0,1024,0,10302570267
5072,49088690,400881,49489571,4,0,0,43008,5,6358057449
5073,49095880,242533,49338413,4,0,0,7168,5,9197294250
5074,49102650,373802,49476452,1,0,0,36864,17,2094400162
5075,49125619,339586,49465205,7,0,0,19456,4,5708439919
5076,49149860,1886137,51035997,6,0,1,81920,8,9657517982
5077,49169750,326825,49496575,9,0,0,3072,3,3170378204
5078,49172969,547017,49719986,7,0,0,8704,4,6609393581
5079,49179790,752672,49932462,1,0,0,29184,17,3336485539
5080,49196650,626792,49823442,9,0,0,52736,3,4327256323
5081,49218230,1819361,51037591,5,0,1,7168,10,550213561
5082,49224570,1814967,51039537,4,0,1,3072,5,6698652867
5083,49247640,303758,49551398,3,0,0,512,0,8549140280
5084,49248759,558569,49807328,7,0,0,65536,4,5121512582
5085,49281360,621682,49903042,4,0,0,106496,5,5108316506
5086,49283420,1761289,51044709,4,0,1,8192,5,9924493240
5087,49290690,364827,49655517,0,0,0,23552,11,41106000
5088,49300080,703427,50003507,4,0,0,9216,5,10489193643
5089,49300990,264952,49565942,9,0,0,15360,3,3231053995
5090,49316910,362462,49679372,4,0,0,23552,5,3783214726
5091,49327581,1717794,51045375,3,0,1,1024,0,8567638251
5092,49330839,856080,50186919,7,0,0,9216,4,8854882489
5093,49339070,401958,49741028,3,0,0,1024,0,2852975572
5094,49341019,776116,50117135,7,0,0,131072,4,6895098713
5095,49383300,693869,50077169,9,0,0,53248,3,9843257678
5096,49399080,383494,49782574,9,0,0,49664,3,8852976376
5097,49404181,1642180,51046361,3,0,1,1536,0,9277756018
5098,49418641,1628066,51046707,3,0,1,512,0,536623781
5099,49429030,226658,49655688,4,0,0,512,5,4513725162
5100,49437100,1609966,51047066,4,0,1,9728,5,9452951515
5101,49469341,1580311,51049652,3,0,1,4096,0,5636612385
5102,49472030,568506,50040536,9,0,0,92672,3,1949483655
5103,49507400,651663,50159063,0,0,0,10240,11,7541576861
5104,49508670,1584276,51092946,4,0,1,1024,5,6512529565
5105,49511620,1581341,51092961,5,0,1,14848,10,6199946236
5106,49518310,347823,49866133,3,0,0,512,0,5799161404
5107,49526160,1566816,51092976,5,0,1,512,10,3255291425
5108,49552030,1540961,51092991,5,0,1,2048,10,5213417226
5109,49573810,147771,49721581,3,0,0,1024,0,10646241770
5110,49577840,248454,49826294,4,0,0,512,5,8057552552
5111,49583940,702528,50286468,0,0,0,20992,11,4420892341
5112,49589160,535926,50125086,0,0,0,24064,11,8470443901
5113,49603380,1489626,51093006,5,0,1,1024,10,2951744380
5114,49603519,307369,49910888,7,0,0,25600,4,8106370175
5115,49636331,1456690,51093021,3,0,1,512,0,2029130155
5116,49641970,1451074,51093044,5,0,1,3584,10,464803308
5117,49658860,1434199,51093059,9,0,1,512,3,5558037699
5118,49672490,251049,49923539,0,0,0,41472,11,7820618723
5119,49672520,1420554,51093074,5,0,1,1024,10,7973368748
5120,49684290,251666,49935956,0,0,0,10752,11,8862043820
5121,49691130,369248,50060378,9,0,0,12288,3,640296477
5122,49698050,353109,50051159,9,0,0,34816,3,3667080682
5123,49702440,349122,50051562,4,0,0,1024,5,4981301005
5124,49725820,218329,49944149,3,0,0,512,0,5730465994
5125,49735800,196857,49932657,3,0,0,512,0,6453562244
5126,49750989,464980,50215969,7,0,0,66048,4,1934019815
5127,49779870,1313219,51093089,4,0,1,14336,5,6585375827
5128,49787560,197347,49984907,3,0,0,512,0,5915092277
5129,49789680,455375,50245055,0,0,0,23040,11,4963046261
5130,49816050,1277054,51093104,5,0,1,1024,10,7197939802
5131,49826710,183427,50010137,4,0,0,1536,5,9504006958
5132,49835130,1257989,51093119,5,0,1,1024,10,8355222150
5133,49840450,277168,50117618,3,0,0,1536,0,6645216682
5134,49841090,1252052,51093142,5,0,1,7680,10,3688361198
5135,49852420,1240737,51093157,4,0,1,1024,5,551409172
5136,49870960,1222212,51093172,4,0,1,2048,5,7000975573
5137,49892590,1200597,51093187,5,0,1,1024,10,4574195540
5138,49909320,406857,50316177,1,0,0,18944,17,3804825548
5139,49913300,212176,50125476,3,0,0,1024,0,4271658237
5140,49921479,1171723,51093202,2,0,1,3072,12,2518694131
5141,49927749,427380,50355129,7,0,0,16896,4,9453415851
5142,49958700,1145803,51104503,5,0,1,13312,10,4151488558
5143,49959990,1157691,51117681,4,0,1,1024,5,9993143233
5144,49970960,1148667,51119627,4,0,1,3072,5,1898455447
5145,49975240,1147613,51122853,4,0,1,5120,5,5425709184
5146,49978680,415023,50393703,9,0,0,35328,3,5184534185
5147,49979690,330531,50310221,9,0,0,15360,3,8739373074
5148,49989070,1135729,51124799,4,0,1,3072,5,848039469
5149,50010370,1115095,51125465,4,0,1,1024,5,7658309718
5150,50026070,1118078,51144148,4,0,1,5632,5,3225248429
5151,50044790,224922,50269712,4,0,0,1024,5,4247775990
5152,50079590,439040,50518630,3,0,0,1536,0,2642575541
5153,50083020,1076528,51159548,6,0,1,17408,8,148602249
5154,50091540,408776,50500316,1,0,0,67584,17,3837655688
5155,50105280,236330,50341610,3,0,0,1536,0,6562061437
5156,50109480,1068127,51177607,8,0,1,44544,8,1508044609
5157,50115320,358536,50473856,1,0,0,2048,17,7745976404
5158,50118610,1100805,51219415,5,0,1,3584,10,2498257044
5159,50121690,158292,50279982,9,0,0,20992,3,8467488579
5160,50132680,272853,50405533,9,0,0,3072,3,7707195935
5161,50134290,406442,50540732,1,0,0,16384,17,6406593547
5162,50136290,150817,50287107,3,0,0,2048,0,3447203105
5163,50136760,300407,50437167,1,0,0,12800,17,7441430156
5164,50159359,358780,50518139,7,0,0,58368,4,267282421
5165,50159899,531662,50691561,7,0,0,98816,4,5011294205
5166,50162740,369180,50531920,0,0,0,11776,11,4866284168
5167,50164560,295316,50459876,4,0,0,1536,5,9295441741
5168,50194990,1074243,51269233,5,0,1,17920,10,7807222528
5169,50229080,1040224,51269304,4,0,1,3072,5,2156123910
5170,50235019,293298,50528317,7,0,0,31744,4,5873561092
5171,50238619,309682,50548301,7,0,0,19456,4,1836204282
5172,50241410,1027909,51269319,5,0,1,2560,10,448307347
5173,50249790,1019903,51269693,4,0,1,13824,5,4317794068
5174,50251520,280579,50532099,4,0,0,512,5,10165571494
5175,50326400,256505,50582905,4,0,0,2560,5,7826400320
5176,50330319,989877,51320196,2,0,1,3584,12,3448199804
5177,50331740,988802,51320542,4,0,1,512,5,9039678588
5178,50334460,268476,50602936,1,0,0,12288,17,5247471011
5179,50338700,356932,50695632,9,0,0,13312,3,7051639716
5180,50347050,975118,51322168,8,0,1,2560,8,3975288853
5181,50356100,966414,51322514,9,0,1,512,3,291662648
5182,50362570,963810,51326380,4,0,1,6144,5,77357355
5183,50363340,399128,50762468,4,0,0,512,5,2957049693
5184,50378879,949767,51328646,2,0,1,3584,12,4732607585
5185,50385100,239412,50624512,3,0,0,512,0,8151350793
5186,50388769,948788,51337557,2,0,1,22528,12,10205417214
5187,50395120,236011,50631131,4,0,0,512,5,10370592728
5188,50401930,957263,51359193,5,0,1,2560,10,6331696547
5189,50401950,1004105,51406055,5,0,1,5120,10,4789980702
5190,50416690,992976,51409666,4,0,1,4096,5,7764486055
5191,50429080,982852,51411932,5,0,1,3584,10,2513601627
5192,50437149,977369,51414518,2,0,1,4096,12,8014878311
5193,50445180,533568,50978748,9,0,0,37376,3,8029308625
5194,50457150,958034,51415184,9,0,1,11264,3,131390815
5195,50457970,270398,50728368,3,0,0,2048,0,9904280989
5196,50468190,475290,50943480,9,0,0,82944,3,4987163490
5197,50481140,949235,51430375,0,0,1,6144,11,5396602935
5198,50484180,307065,50791245,1,0,0,18432,17,3692232291
5199,50487230,160820,50648050,3,0,0,1024,0,9042375949
5200,50511890,323797,50835687,3,0,0,2048,0,4633319606
5201,50512230,919898,51432128,8,0,1,14336,8,2194087989
5202,50513090,996193,51509283,8,0,1,4608,8,2029386287
5203,50543400,965898,51509298,8,0,1,1024,8,1488666514
5204,50546059,216238,50762297,7,0,0,13824,4,5012649537
5205,50552100,957213,51509313,5,0,1,6656,10,8228273808
5206,50556730,338188,50894918,1,0,0,39424,17,6873933802
5207,50558710,195770,50754480,3,0,0,512,0,4160184521
5208,50573320,936008,51509328,8,0,1,2560,8,1392890008
5209,50593721,935644,51529365,3,0,1,20992,0,1173694395
5210,50607630,922708,51530338,8,0,1,12800,8,6527651041
5211,50634710,401256,51035966,9,0,0,47616,3,6464352944
5212,50657650,435273,51092923,1,0,0,107008,17,1959327926
5213,50662540,430833,51093373,3,0,0,512,0,3900920365
5214,50723320,381144,51104464,9,0,0,36352,3,3516567496
5215,50740689,522586,51263275,7,0,0,46592,4,9301032225
5216,50754030,296363,51050393,3,0,0,1024,0,8415581087
5217,50756980,285314,51042294,3,0,0,512,0,4734316403
5218,50804160,586005,51390165,9,0,0,56832,3,8543355558
5219,50816280,675657,51491937,1,0,0,53760,17,5343910421
5220,50836800,694844,51531644,5,0,1,2048,10,10526159329
5221,50853880,415338,51269218,9,0,0,19456,3,2298288554
5222,50859480,677758,51537238,6,0,1,18432,8,5526046632
5223,50867630,829309,51696939,9,0,0,223232,3,9361197554
5224,50885870,862162,51748032,1,0,0,93184,17,5003238588
5225,50892441,646103,51538544,3,0,1,2048,0,6781759973
5226,50893199,302112,51195311,7,0,0,14336,4,4944054765
5227,50905300,605314,51510614,9,0,0,2560,3,3346588662
5228,50929110,347484,51276594,4,0,0,1536,5,332260247
5229,50933630,456714,51390344,3,0,0,512,0,838970000
5230,50937069,1117829,52054898,7,0,0,54272,4,1806672620
5231,50970300,569230,51539530,5,0,1,1536,10,1457519679
5232,50991540,553840,51545380,1,0,1,27648,17,8664854072
5233,51011820,257834,51269654,3,0,0,1024,0,9528839524
5234,51021070,580325,51601395,9,0,0,44032,3,7521875785
5235,51025530,521796,51547326,5,0,1,3072,10,2225715311
5236,51029320,519632,51548952,5,0,1,2560,10,4669661427
5237,51034309,474959,51509268,7,0,0,56832,4,1390752270
5238,51051940,502606,51554546,1,0,1,18432,17,6641389176
5239,51057529,545465,51602994,7,0,0,5120,4,10473195999
5240,51059490,341178,51400668,3,0,0,1024,0,325591645
5241,51061030,411894,51472924,3,0,0,1536,0,2607933599
5242,51069719,515417,51585136,2,0,1,6656,12,51513059
5243,51078920,526146,51605066,1,0,1,20480,17,9850169458
5244,51093720,624816,51718536,1,0,1,76800,17,10099622746
5245,51098080,620479,51718559,0,0,1,512,11,4949963798
5246,51099380,620245,51719625,3,0,0,2560,0,3290298467
5247,51106720,611854,51718574,0,0,1,2048,11,3070903818
5248,51109040,215791,51324831,4,0,0,512,5,4809716915
5249,51110820,607769,51718589,0,0,1,12288,11,10284681603
5250,51113740,605043,51718783,0,0,1,12288,11,1264031278
5251,51123480,595318,51718798,0,0,1,11776,11,162527548
5252,51145270,729694,51874964,1,0,0,14336,17,794935070
5253,51146720,625785,51772505,1,0,1,96768,17,1163722933
5254,51163969,413528,51577497,7,0,0,26624,4,9001289834
5255,51191600,505510,51697110,3,0,0,512,0,3243333779
5256,51202650,684792,51887442,1,0,1,172032,17,8327530660
5257,51203540,689048,51892588,5,0,1,8192,10,5713422196
5258,51204980,698769,51903749,6,0,1,25600,8,8905701442
5259,51215120,741669,51956789,6,0,1,86528,8,10196713844
5260,51216590,252692,51469282,4,0,0,512,5,3650547221
5261,51242830,266989,51509819,3,0,0,1536,0,2116842586
5262,51261650,701915,51963565,6,0,1,17408,8,10108475695
5263,51265410,261831,51527241,4,0,0,1024,5,1931879830
5264,51290300,680110,51970410,6,0,1,17408,8,7739405337
5265,51295360,708897,52004257,6,0,1,36352,8,8443549867
5266,51300290,709769,52010059,6,0,1,2560,8,1366141547
5267,51303510,789571,52093081,1,0,1,95232,17,4553868953
5268,51306990,814019,52121009,1,0,1,1024,17,467456238
5269,51318370,400135,51718505,9,0,0,70144,3,10178084513
5270,51325400,437708,51763108,3,0,0,512,0,4400727311
5271,51374680,747065,52121745,9,0,1,5120,3,927662754
5272,51397600,750161,52147761,1,0,1,59904,17,6309945126
5273,51401040,762282,52163322,1,0,1,23040,17,8831855578
5274,51405010,758978,52163988,0,0,1,1024,11,6822150093
5275,51405879,368210,51774089,7,0,0,2560,4,4564535675
5276,51414580,749754,52164334,9,0,1,512,3,5453591346
5277,51418460,748460,52166920,0,0,1,4096,11,3967666934
5278,51427780,742366,52170146,4,0,1,5120,5,7882873827
5279,51436650,736722,52173372,1,0,1,5120,17,9115659147
5280,51439160,738078,52177238,4,0,1,6144,5,5922538623
5281,51447940,731564,52179504,4,0,1,3584,5,8241773261
5282,51494800,685690,52180490,4,0,1,1536,5,3224376525
5283,51524160,669996,52194156,1,0,1,1024,17,4190302387
5284,51524720,672662,52197382,1,0,1,5120,17,4115661812
5285,51529240,480804,52010044,9,0,0,18944,3,5458557704
5286,51532390,683357,52215747,5,0,1,10240,10,1128498198
5287,51533270,684103,52217373,1,0,1,2560,17,2444894079
5288,51537170,705705,52242875,1,0,1,20480,17,10635793443
5289,51548809,515004,52063813,7,0,0,29184,4,2855307794
5290,51557010,161758,51718768,3,0,0,512,0,2322224280
5291,51557480,409429,51966909,4,0,0,512,5,4607838742
5292,51559220,720274,52279494,6,0,1,75264,8,3761173467
5293,51561250,719230,52280480,5,0,1,1536,10,9172956226
5294,51562010,719136,52281146,1,0,1,11264,17,4130187304
5295,51580140,712286,52292426,4,0,1,15872,5,2371236142
5296,51581550,712182,52293732,9,0,1,2048,3,2371415820
5297,51585010,709068,52294078,4,0,1,512,5,7752291751
5298,51586270,259528,51845798,4,0,0,512,5,245544110
5299,51588780,415454,52004234,1,0,0,59392,17,9018773958
5300,51608839,511322,52120161,7,0,0,82944,4,1950885264
5301,51617340,677724,52295064,9,0,1,1536,3,8806454877
5302,51635210,662786,52297996,1,0,1,4608,17,7507885813
5303,51647250,492605,52139855,4,0,0,512,5,916929454
5304,51654090,644572,52298662,1,0,1,1024,17,8307436782
5305,51660920,427850,52088770,9,0,0,7680,3,3837661369
5306,51673320,625688,52299008,0,0,1,512,11,5538275525
5307,51685390,614489,52299879,5,0,1,12288,10,7938191617
5308,51698030,388043,52086073,4,0,0,2048,5,7156880322
5309,51700860,608100,52308960,0,0,1,21504,11,4765941653
5310,51713170,212356,51925526,3,0,0,512,0,5880218491
5311,51722630,586676,52309306,1,0,1,512,17,3421256821
5312,51724790,585489,52310279,4,0,1,12800,5,6120777477
5313,51744110,566515,52310625,5,0,1,512,10,3950398622
5314,51782600,529331,52311931,4,0,1,2048,5,6855155171
5315,51788280,523997,52312277,1,0,1,512,17,6094386064
5316,51792880,522303,52315183,4,0,1,4608,5,5789876550
5317,51801670,514691,52316361,1,0,1,13824,17,3409929586
5318,51807310,522117,52329427,1,0,1,7168,17,7029612928
5319,51811200,528499,52339699,4,0,1,3584,5,3241641919
5320,51818790,521255,52340045,5,0,1,512,10,6112006788
5321,51823110,517921,52341031,0,0,1,1536,11,8210231969
5322,51830190,512326,52342516,0,0,1,15360,11,9518069145
5323,51830740,258201,52088941,4,0,0,512,5,1081456151
5324,51852350,211814,52064164,4,0,0,1024,5,9816534489
5325,51860830,259502,52120332,4,0,0,512,5,10109999137
5326,51868200,252786,52120986,4,0,0,1536,5,6595889817
5327,51887951,455871,52343822,3,0,1,2048,0,10699416652
5328,51899400,221103,52120503,4,0,0,512,5,7868520294
5329,51900400,301346,52201746,3,0,0,2048,0,3015840947
5330,51902580,442548,52345128,4,0,1,2048,5,8536445428
5331,51908250,437864,52346114,0,0,1,1536,11,5148403913
5332,51916590,444787,52361377,0,0,1,20480,11,9252472772
5333,51925030,206440,52131470,3,0,0,1024,0,4433295743
5334,51931580,434074,52365654,0,0,1,7168,11,3666499330
5335,51948900,416908,52365808,0,0,1,8704,11,4283604643
5336,51971780,400564,52372344,4,0,1,512,5,3894327609
5337,51975450,168189,52143639,9,0,0,2048,3,2827762925
5338,51978960,394050,52373010,5,0,1,1024,10,9668048253
5339,51997230,376126,52373356,5,0,1,512,10,9740854019
5340,52001850,222507,52224357,1,0,0,6144,17,5324366994
5341,52017470,583654,52601124,9,0,0,80384,3,1507053084
5342,52018280,357022,52375302,0,0,1,3072,11,2662220591
5343,52024280,180226,52204506,4,0,0,1024,5,6293518255
5344,52026019,350589,52376608,2,0,1,2048,12,6588892485
5345,52029710,349804,52379514,1,0,1,4608,17,4689399598
5346,52033370,353492,52386862,5,0,1,1536,10,224972452
5347,52047100,342028,52389128,5,0,1,3584,10,8975678309
5348,52055930,305432,52361362,9,0,0,6144,3,9256781468
5349,52057500,379753,52437253,9,0,0,38912,3,6715615082
5350,52065200,324594,52389794,5,0,1,1024,10,8369541392
5351,52065920,348571,52414491,0,0,1,3584,11,8483565425
5352,52086240,331157,52417397,4,0,1,4608,5,1338778577
5353,52115000,303703,52418703,5,0,1,2048,10,352866135
5354,52119790,300859,52420649,4,0,1,3072,5,6050472812
5355,52128570,294025,52422595,4,0,1,3072,5,1186703756
5356,52156000,281268,52437268,4,0,1,4608,5,8028900212
5357,52181130,256153,52437283,0,0,1,18944,11,7143415350
5358,52183700,253598,52437298,0,0,1,1536,11,5318823663
5359,52201030,100797,52301827,3,0,0,2560,0,1172915809
5360,52202260,297714,52499974,4,0,0,512,5,10470203712
5361,52233189,416230,52649419,7,0,0,26112,4,541818757
5362,52247630,378112,52625742,4,0,0,49152,5,9284597829
5363,52249689,639507,52889196,7,0,0,108544,4,5838532365
5364,52264500,459589,52724089,9,0,0,14848,3,2118405488
5365,52265750,420778,52686528,3,0,0,512,0,8505202858
5366,52283830,551059,52834889,9,0,0,91136,3,9003198639
5367,52318750,469760,52788510,4,0,0,99840,5,7756872055
5368,52323009,389673,52712682,7,0,0,12288,4,9047625148
5369,52329570,273943,52603513,3,0,0,512,0,10331695673
5370,52333200,104113,52437313,0,0,1,6656,11,7255699571
5371,52350310,87184,52437494,9,0,1,512,3,8800814796
5372,52371261,71667,52442928,3,0,1,25600,0,127868031
5373,52383970,69446,52453416,0,0,1,512,11,8399260847
5374,52388149,314651,52702800,7,0,0,5632,4,1313166073
5375,52409109,496513,52905622,7,0,0,39424,4,4183936848
5376,52437430,17612,52455042,0,0,1,2560,11,7378486245
5377,52441530,15778,52457308,0,0,1,3584,11,10348327584
5378,52455060,238860,52693920,1,0,0,11776,17,9448057325
5379,52481700,322686,52804386,9,0,0,46080,3,3577424074
5380,52498960,566,52499526,0,0,1,512,11,4348594553
5381,52544559,397685,52942244,7,0,0,37888,4,10016613200
5382,52558120,297079,52855199,1,0,0,3584,17,8876368218
5383,52562789,474072,53036861,7,0,0,88576,4,810777510
5384,52568770,4850,52573620,0,0,1,5120,11,1283296490
5385,52572190,4374,52576564,0,0,1,4608,11,9372928847
5386,52576970,377498,52954468,1,0,0,8704,17,10598785361
5387,52593820,8856,52602676,4,0,1,1536,5,7545078986
5388,52593830,248890,52842720,1,0,0,25600,17,3630150100
5389,52605470,403880,53009350,4,0,0,11264,5,9519514696
5390,52614949,278638,52893587,7,0,0,14336,4,8311758275
5391,52620370,370642,52991012,4,0,0,87040,5,6196487657
5392,52629740,4374,52634114,0,0,1,4608,11,1436050027
5393,52652090,519717,53171807,3,0,0,30720,0,8548288356
5394,52661980,4850,52666830,0,0,1,5120,11,7635603331
5395,52666400,1096,52667496,0,0,1,1024,11,5437105255
5396,52684190,368778,53052968,4,0,0,52736,5,1352272010
5397,52719910,346418,53066328,3,0,0,20992,0,6432966152
5398,52720270,15885,52736155,6,0,1,19968,8,1167476122
5399,52725850,10651,52736501,0,0,1,512,11,1217854184
5400,52735009,413949,53148958,7,0,0,2560,4,5500218164
5401,52738730,503667,53242397,3,0,0,17920,0,7391759000
5402,52782300,22101,52804401,7,0,1,2560,4,5420896440
5403,52813110,462639,53275749,9,0,0,30208,3,8543103163
5404,52819930,355012,53174942,9,0,0,10240,3,10363888855
5405,52847520,2946,52850466,0,0,1,3072,11,5832416878
5406,52848690,5326,52854016,0,0,1,5632,11,761856280
5407,52865420,45487,52910907,7,0,1,5632,4,7425961833
5408,52878640,36133,52914773,7,0,1,6144,4,5902509773
5409,52892790,23929,52916719,0,0,1,3072,11,3299109749
5410,52906699,441935,53348634,7,0,0,53760,4,2013205179
5411,52918380,584601,53502981,1,0,0,93184,17,9935382634
5412,52926080,4162,52930242,7,0,1,11264,4,3722529100
5413,52932309,586356,53518665,7,0,0,11264,4,7544079300
5414,52935720,9011,52944731,7,0,1,2560,4,5125875044
5415,52946930,506768,53453698,3,0,0,123904,0,5159162027
5416,52954810,566,52955376,0,0,1,512,11,7336198754
5417,52957030,353069,53310099,9,0,0,10752,3,5595183603
5418,52958060,204372,53162432,1,0,0,27648,17,6290724934
5419,52963109,240430,53203539,7,0,0,24576,4,10414049206
5420,52964279,175438,53139717,7,0,0,1024,4,4638202488
5421,52983440,531739,53515179,9,0,0,39936,3,3956988086
5422,53005830,348756,53354586,3,0,0,12800,0,1852255252
5423,53012860,554459,53567319,3,0,0,15872,0,5738705403
5424,53013970,531767,53545737,1,0,0,72192,17,274316739
5425,53018940,37409,53056349,0,0,1,3584,11,2960952221
5426,53067570,2946,53070516,0,0,1,3072,11,2702743552
5427,53093549,3422,53096971,2,0,1,3584,12,4188383528
5428,53108510,7230,53115740,0,0,1,7680,11,2139877683
5429,53168430,7563,53175993,0,0,1,1024,11,3028186912
5430,53170810,5849,53176659,0,0,1,1024,11,20850176
5431,53187250,438638,53625888,3,0,0,32768,0,4023560437
5432,53188280,2470,53190750,0,0,1,2560,11,8510092301
5433,53197830,446630,53644460,4,0,0,38400,5,3767506016
5434,53206950,448757,53655707,4,0,0,36864,5,1899842581
5435,53220599,4850,53225449,2,0,1,5120,12,1471636861
5436,53230660,399372,53630032,3,0,0,3584,0,8962223670
5437,53252900,417337,53670237,4,0,0,9728,5,6491044586
5438,53274589,277717,53552306,7,0,0,14336,4,5402884200
5439,53279900,2470,53282370,0,0,1,2560,11,589833137
5440,53335480,570420,53905900,1,0,0,120320,17,2030004862
5441,53358020,376142,53734162,3,0,0,26624,0,6823012347
5442,53362660,718800,54081460,3,0,0,31232,0,7122115654
5443,53368540,623070,53991610,1,0,0,47616,17,10037106378
5444,53368590,404836,53773426,9,0,0,14336,3,560477729
5445,53384110,757908,54142018,9,0,0,18944,3,7312384274
5446,53396550,65170,53461720,6,0,1,110080,8,9813812266
5447,53406470,423773,53830243,4,0,0,6144,5,2464423660
5448,53409300,822034,54231334,3,0,0,48128,0,2426433049
5449,53418930,1049968,54468898,4,0,0,54272,5,2196995619
5450,53426719,37587,53464306,2,0,1,4096,12,4601181891
5451,53446200,344989,53791189,4,0,0,5120,5,1418531824
5452,53464260,890234,54354494,1,0,0,37376,17,2427166296
5453,53465120,842173,54307293,9,0,0,76288,3,10518261507
5454,53470059,32937,53502996,2,0,1,6144,12,6445577314
5455,53472409,42785,53515194,2,0,1,8192,12,2153781350
5456,53486860,58908,53545768,6,0,1,36864,8,8542603601
5457,53503070,42713,53545783,6,0,1,2048,8,8448733376
5458,53504950,215916,53720866,4,0,0,2048,5,756637574
5459,53528670,857398,54386068,4,0,0,20480,5,823800656
5460,53532210,908695,54440905,4,0,0,72704,5,7467348784
5461,53552770,624009,54176779,3,0,0,53248,0,250062650
5462,53556060,580163,54136223,4,0,0,54784,5,2065644196
5463,53559360,303791,53863151,1,0,0,33280,17,5171965437
5464,53613760,598600,54212360,1,0,0,13312,17,3977401789
5465,53621340,930588,54551928,1,0,0,157184,17,295546508
5466,53642560,155263,53797823,6,0,1,229888,8,2702707811
5467,53656660,740507,54397167,4,0,0,36352,5,1691909145
5468,53674610,996237,54670847,9,0,0,111616,3,2953757900
5469,53689550,470990,54160540,1,0,0,12800,17,549158294
5470,53697380,101416,53798796,8,0,1,12800,8,6613824998
5471,53698480,103862,53802342,9,0,1,5632,3,1597890016
5472,53704499,874315,54578814,7,0,0,44544,4,2112911668
5473,53717870,274691,53992561,4,0,0,3072,5,5276082464
5474,53726060,77588,53803648,6,0,1,2048,8,858022990
5475,53733270,72324,53805594,6,0,1,3072,8,4068301319
5476,53769090,850006,54619096,9,0,0,41984,3,2415933998
5477,53770330,159930,53930260,3,0,0,1024,0,9234994804
5478,53778940,28920,53807860,9,0,1,3584,3,10004052196
5479,53782109,636621,54418730,7,0,0,24064,4,10655575492
5480,53789050,327870,54116920,9,0,0,26624,3,4331237441
5481,53790190,713831,54504021,1,0,0,54272,17,10126333711
5482,53790359,280127,54070486,7,0,0,10752,4,3127923864
5483,53804860,787081,54591941,1,0,0,43008,17,5032048831
5484,53811720,6488,53818208,4,0,1,15872,5,331960836
5485,53821550,12566,53834116,6,0,1,20992,8,4676325011
5486,53833330,803494,54636824,1,0,0,30720,17,720754547
5487,53838890,1994,53840884,8,0,1,2048,8,5615811087
5488,53844270,994359,54838629,3,0,0,7168,0,1546349927
5489,53849100,14090,53863190,4,0,1,13312,5,1777295469
5490,53849280,16934,53866214,4,0,1,3072,5,2945743804
5491,53850160,55755,53905915,8,0,1,6656,8,8169281486
5492,53851660,54318,53905978,6,0,1,54272,8,1453161620
5493,53855439,475394,54330833,7,0,0,16896,4,3970203795
5494,53859360,911492,54770852,1,0,0,16896,17,10103132599
5495,53859540,875465,54735005,1,0,0,16896,17,2097543757
5496,53869850,49290,53919140,6,0,1,22016,8,2832241682
5497,53869950,954085,54824035,1,0,0,27136,17,10560928727
5498,53878410,41716,53920126,8,0,1,1536,8,9938162833
5499,53889230,947185,54836415,3,0,0,24064,0,6741009449
5500,53893420,29932,53923352,8,0,1,5120,8,8622825423
5501,53897880,27418,53925298,4,0,1,3072,5,3450942623
5502,53900750,664469,54565219,4,0,0,43520,5,3423314126
5503,53909559,20724,53930283,2,0,1,7680,12,5572943091
5504,53917250,425841,54343091,9,0,0,512,3,3200401685
5505,53929980,742754,54672734,4,0,0,6144,5,795114906
5506,53930250,4409,53934659,4,0,1,4608,5,7940167747
5507,53931750,517823,54449573,1,0,0,10240,17,4998902654
5508,53953469,849268,54802737,7,0,0,15360,4,6356255607
5509,53956700,1076742,55033442,1,0,0,59904,17,2513888828
5510,53973769,1005739,54979508,7,0,0,113152,4,6995752537
5511,53988610,7365,53995975,4,0,1,3584,5,9408256093
5512,53998679,891531,54890210,7,0,0,44544,4,7176834008
5513,54008260,787879,54796139,9,0,0,82944,3,9935733549
5514,54017390,1042,54018432,4,0,1,1024,5,2283990052
5515,54028230,283593,54311823,4,0,0,10752,5,3914097477
5516,54032270,4162,54036432,4,0,1,11264,5,3074387562
5517,54052520,1112314,55164834,1,0,0,218112,17,2844715643
5518,54091750,527673,54619423,3,0,0,1024,0,9796108093
5519,54100230,1117898,55218128,3,0,0,62464,0,1999554172
5520,54106840,967519,55074359,3,0,0,39424,0,2803174204
5521,54113120,831897,54945017,1,0,0,43008,17,3386035561
5522,54121550,505899,54627449,1,0,0,5120,17,3973797813
5523,54132700,798403,54931103,3,0,0,46080,0,9058794929
5524,54138130,778918,54917048,4,0,0,28672,5,4972063127
5525,54144720,460077,54604797,9,0,0,1024,3,2508025676
5526,54152860,862315,55015175,9,0,0,15872,3,9038606480
5527,54176830,989111,55165941,1,0,0,3584,17,9400532837
5528,54190220,1175741,55365961,1,0,0,122368,17,5064527063
5529,54196339,1112364,55308703,7,0,0,15360,4,955723133
5530,54198700,1124245,55322945,3,0,0,33792,0,10140929670
5531,54215490,15859,54231349,4,0,1,12288,5,2515548697
5532,54225920,589803,54815723,1,0,0,22016,17,3949121715
5533,54234270,495572,54729842,3,0,0,33280,0,9632337345
5534,54291080,26446,54317526,4,0,1,16384,5,10351247327
5535,54312400,772582,55084982,1,0,0,34816,17,4184289227
5536,54315080,884001,55199081,3,0,0,25600,0,2233296213
5537,54336000,595898,54931898,3,0,0,2560,0,6262241194
5538,54339501,850026,55189527,5,0,0,32256,10,3434109828
5539,54340870,394462,54735332,4,0,0,1024,5,4453725407
5540,54347440,10468,54357908,4,0,1,3584,5,4792540484
5541,54355950,634851,54990801,3,0,0,31744,0,86382785
5542,54376760,1081403,55458163,9,0,0,4096,3,5064674295
5543,54382369,920914,55303283,7,0,0,202240,4,815356375
5544,54414460,29299,54443759,4,0,1,8704,5,1139797420
5545,54416449,381585,54798034,7,0,0,6144,4,7354595146
5546,54440380,1059056,55499436,3,0,0,30208,0,3680252501
5547,54466650,724616,55191266,9,0,0,5632,3,609519042
5548,54502750,89222,54591972,4,0,1,8192,5,3955777880
5549,54502850,733413,55236263,4,0,0,13312,5,1727551112
5550,54515790,80008,54595798,0,0,1,4096,11,3821287158
5551,54567010,32014,54599024,0,0,1,5120,11,2050868467
5552,54622740,600190,55222930,1,0,0,14336,17,9657043626
5553,54642960,753120,55396080,3,0,0,15872,0,8667006814
5554,54667630,39400,54707030,6,0,1,59904,8,10417765627
5555,54679830,31386,54711216,9,0,1,6656,3,8150464825
5556,54687360,879420,55566780,4,0,0,70144,5,57983438
5557,54705920,273915,54979835,4,0,0,1024,5,6953395657
5558,54718740,607411,55326151,4,0,0,6144,5,7968311809
5559,54723900,588734,55312634,3,0,0,12800,0,8191691508
5560,54724430,14341,54738771,0,0,1,3584,11,10633884155
5561,54743040,307194,55050234,1,0,0,4096,17,3300871430
5562,54777800,46258,54824058,6,0,1,42496,8,1344778263
5563,54817820,163294,54981114,3,0,0,4096,0,8563359858
5564,54823600,12830,54836430,6,0,1,14848,8,7196465289
5565,54835890,343794,55179684,3,0,0,45056,0,1977320610
5566,54871080,3422,54874502,0,0,1,3584,11,9330687928
5567,54890540,10757,54901297,0,0,1,17408,11,10128756618
5568,54895680,428536,55324216,1,0,0,4096,17,3501374282
5569,54897000,406937,55303937,4,0,0,2048,5,6656052490
5570,54936780,501071,55437851,3,0,0,43520,0,1381458993
5571,54937109,431462,55368571,7,0,0,8192,4,1504667687
5572,54986139,6648,54992787,2,0,1,2048,12,8413569715
5573,54992861,603925,55596786,5,0,0,15872,10,7084207208
5574,55024880,303782,55328662,1,0,0,8192,17,10010820289
5575,55033910,541020,55574930,4,0,0,26624,5,9999914412
5576,55035269,5802,55041071,2,0,1,6144,12,8965464195
5577,55048630,698304,55746934,3,0,0,59392,0,6972385600
5578,55049620,846219,55895839,3,0,0,152064,0,852887673
5579,55086919,3422,55090341,2,0,1,3584,12,9327852763
5580,55088069,296178,55384247,7,0,0,5632,4,7741981351
5581,55132319,90658,55222977,2,0,1,2048,12,6345487355
5582,55141360,991038,56132398,4,0,0,17408,5,9190939906
5583,55145380,77612,55222992,7,0,1,512,4,398047315
5584,55156200,319327,55475527,4,0,0,5632,5,772421350
5585,55158490,68383,55226873,7,0,1,8192,4,6053788478
5586,55161750,567073,55728823,4,0,0,140800,5,6221013776
5587,55175729,605290,55781019,7,0,0,32256,4,9746128965
5588,55176740,725377,55902117,3,0,0,16896,0,2075341345
5589,55178970,48569,55227539,0,0,1,1024,11,4994787483
5590,55190479,37419,55227898,2,0,1,9728,12,4756351801
5591,55203130,27354,55230484,7,0,1,4096,4,10190471351
5592,55205210,98088,55303298,6,0,1,31232,8,7204640003
5593,55211890,92102,55303992,9,0,1,27136,3,1280403428
5594,55227509,138483,55365992,2,0,1,9728,12,2967082222
5595,55233649,132366,55366015,2,0,1,7168,12,6464554943
5596,55234840,726768,55961608,3,0,0,113664,0,2279064031
5597,55237839,519414,55757253,7,0,0,33792,4,7038499779
5598,55244210,121820,55366030,9,0,1,4608,3,4706492846
5599,55254780,381215,55635995,1,0,0,23040,17,3622534042
5600,55258341,107704,55366045,3,0,1,6144,0,8592046748
5601,55265160,100900,55366060,9,0,1,1024,3,10045808039
5602,55265840,102754,55368594,7,0,1,2560,4,3720011591
5603,55275519,93130,55368649,2,0,1,2560,12,3716866284
5604,55320409,54225,55374634,2,0,1,14848,12,7234781063
5605,55325380,640151,55965531,3,0,0,12800,0,10652977659
5606,55342750,428402,55771152,4,0,0,45568,5,1065210682
5607,55351989,24911,55376900,2,0,1,3584,12,1072450436
5608,55357750,612344,55970094,3,0,0,14848,0,10184834034
5609,55361139,17052,55378191,2,0,1,10752,12,2626750100
5610,55364100,17837,55381937,9,0,1,4608,3,5335184846
5611,55375909,6374,55382283,2,0,1,512,12,88332007
5612,55377479,8990,55386469,2,0,1,6656,12,3066884712
5613,55386910,620494,56007404,3,0,0,5632,0,5577920086
5614,55393980,4103,55398083,7,0,1,2048,4,659190819
5615,55396030,7913,55403943,9,0,1,7680,3,6096874012
5616,55407670,385091,55792761,1,0,0,6144,17,9054582705
5617,55409070,3898,55412968,9,0,1,4096,3,9967130181
5618,55415600,3898,55419498,7,0,1,4096,4,2839403942
5619,55436450,357886,55794336,1,0,0,5120,17,6292297663
5620,55445890,6754,55452644,9,0,1,7168,3,3124479324
5621,55446200,7110,55453310,0,0,1,1024,11,10315530687
5622,55465829,2470,55468299,2,0,1,2560,12,8447264069
5623,55499870,566,55500436,9,0,1,512,3,4957323272
5624,55499970,4955,55504925,7,0,1,5120,4,5531875125
5625,55505970,1518,55507488,0,0,1,1536,11,4773096458
5626,55512679,414282,55926961,7,0,0,46592,4,8415562247
5627,55528660,10499,55539159,0,0,1,16896,11,9658616002
5628,55537230,794150,56331380,4,0,0,93696,5,2829260167
5629,55545120,21675,55566795,0,0,1,4608,11,10376172447
5630,55550470,28342,55578812,9,0,1,4096,3,2505196768
5631,55561490,18059,55579549,9,0,1,9728,3,2095087932
5632,55577409,5664,55583073,2,0,1,4096,12,5361174066
5633,55593280,9469,55602749,0,0,1,14848,11,8602217525
5634,55605280,7230,55612510,7,0,1,7680,4,8808593217
5635,55619990,276956,55896946,1,0,0,3584,17,3097245566
5636,55622400,606705,56229105,4,0,0,23040,5,7148947519
5637,55623410,1518,55624928,4,0,1,1536,5,2885812342
5638,55652870,1518,55654388,0,0,1,1536,11,9821530186
5639,55699270,81796,55781066,7,0,1,2048,4,6660692964
5640,55751480,30590,55782070,7,0,1,1024,4,5866033720
5641,55760750,21666,55782416,0,0,1,512,11,10641171341
5642,55765920,17162,55783082,0,0,1,1024,11,1157817679
5643,55768990,17200,55786190,9,0,1,4608,3,4623353782
5644,55783330,308656,56091986,3,0,0,125952,0,1768333754
5645,55784110,5946,55790056,7,0,1,6144,4,3237994926
5646,55805410,5326,55810736,0,0,1,5632,11,129538980
5647,55806100,6582,55812682,0,0,1,3072,11,3695107355
5648,55827230,447638,56274868,3,0,0,30208,0,5634165856
5649,55829160,295907,56125067,1,0,0,2560,17,5848688310
5650,55839400,378715,56218115,1,0,0,121856,17,3402475225
5651,55851230,300293,56151523,3,0,0,26624,0,6936101062
5652,55852710,52462,55905172,0,0,1,3072,11,4169117723
5653,55852940,53538,55906478,4,0,1,2048,5,6126479285
5654,55858620,49484,55908104,0,0,1,2560,11,8966188672
5655,55866680,355358,56222038,4,0,0,12800,5,6570939579
5656,55873109,35251,55908360,2,0,1,9216,12,3352204741
5657,55877370,412451,56289821,1,0,0,12800,17,3634190933
5658,55927520,43099,55970619,0,0,1,512,11,7538392108
5659,55937030,360782,56297812,4,0,0,9728,5,4965796225
5660,55941530,35909,55977439,7,0,1,7680,4,3383738104
5661,55942680,35105,55977785,4,0,1,512,5,2100018359
5662,55970710,8381,55979091,4,0,1,2048,5,10235193669
5663,55994610,430620,56425230,4,0,0,53248,5,4199145589
5664,55994830,2470,55997300,7,0,1,2560,4,6650053968
5665,56002001,1042,56003043,3,0,1,1024,0,1295706484
5666,56031830,377161,56408991,4,0,0,83968,5,9138600228
5667,56089929,15302,56105231,2,0,1,25600,12,9903953003
5668,56160210,183160,56343370,1,0,0,22016,17,3466154642
5669,56172840,7230,56180070,7,0,1,7680,4,5560452305
5670,56191720,37416,56229136,6,0,1,9728,8,6234394844
5671,56209090,21968,56231058,1,0,1,2048,17,8443089120
5672,56209100,26866,56235966,7,0,1,6656,4,5359301425
5673,56215860,278515,56494375,3,0,0,12800,0,2326715124
5674,56235739,3898,56239637,2,0,1,4096,12,3177960809
5675,56243160,5712,56248872,7,0,1,14336,4,3176217105
5676,56256900,17999,56274899,7,0,1,22016,4,7167886867
5677,56268140,14451,56282591,7,0,1,8192,4,7318032135
5678,56269780,20056,56289836,7,0,1,18432,4,9793134013
5679,56275980,13955,56289935,0,0,1,14336,11,4629815527
5680,56298350,255400,56553750,1,0,0,11264,17,1547952311
5681,56310800,205391,56516191,4,0,0,13824,5,9440593647
5682,56335009,1042,56336051,2,0,1,1024,12,8698914555
5683,56356100,1994,56358094,0,0,1,2048,11,8462779298
5684,56360220,2870,56363090,5,0,1,8704,10,2976966794
5685,56390680,40962,56431642,0,0,1,6656,11,6467416312
5686,56394799,38469,56433268,2,0,1,2560,12,8850534327
5687,56396260,37354,56433614,7,0,1,512,4,3635905631
5688,56396710,420608,56817318,1,0,0,65024,17,5890735199
5689,56414460,252383,56666843,4,0,0,9728,5,9308767082
5690,56421440,16360,56437800,0,0,1,6656,11,8365419332
5691,56424420,17566,56441986,6,0,1,6656,8,6594743097
5692,56434000,9292,56443292,8,0,1,2048,8,5201575530
5693,56441320,4558,56445878,7,0,1,4096,4,1196106972
5694,56457689,6754,56464443,2,0,1,7168,12,3418328829
5695,56480790,2946,56483736,7,0,1,3072,4,9090557973
5696,56505051,3422,56508473,3,0,1,3584,0,8238463936
5697,56514420,6700,56521120,7,0,1,12800,4,4814936947
5698,56523741,6754,56530495,3,0,1,7168,0,929065375
5699,56527950,269518,56797468,1,0,0,45056,17,1317531620
5700,56548409,5356,56553765,2,0,1,9216,12,6229622634
5701,56552781,5826,56558607,3,0,1,5120,0,2697416572
5702,56554170,5103,56559273,7,0,1,1024,4,10414816557
5703,56558029,4374,56562403,2,0,1,4608,12,10391211360
5704,56569420,335014,56904434,4,0,0,10752,5,3137366719
5705,56569890,131665,56701555,1,0,0,8192,17,3268741892
5706,56573641,5802,56579443,3,0,1,6144,0,18178775
5707,56581690,294046,56875736,4,0,0,89088,5,2085819097
5708,56609230,5802,56615032,6,0,1,6144,8,819619206
5709,56611590,481051,57092641,3,0,0,50176,0,8392810553
5710,56622340,196310,56818650,3,0,0,4096,0,5687681416
5711,56637491,1994,56639485,3,0,1,2048,0,5040003005
5712,56639370,6754,56646124,7,0,1,7168,4,6564281920
5713,56648360,2470,56650830,7,0,1,2560,4,41435307
5714,56652729,4420,56657149,2,0,1,11776,12,4414297737
5715,56654570,3885,56658455,7,0,1,2048,4,3111573773
5716,56666601,3879,56670480,3,0,1,10240,0,2641935087
5717,56677390,165927,56843317,3,0,0,3072,0,9884219682
5718,56677790,268847,56946637,3,0,0,42496,0,2426158599
5719,56681070,566,56681636,7,0,1,512,4,2178277480
5720,56686979,2470,56689449,2,0,1,2560,12,2723331348
5721,56706730,370608,57077338,1,0,0,61952,17,10200192913
5722,56710639,3422,56714061,2,0,1,3584,12,1140442158
5723,56715211,3904,56719115,3,0,1,10752,0,10711960254
5724,56738900,250074,56988974,9,0,0,28160,3,4928184430
5725,56746840,7230,56754070,0,0,1,7680,11,7345936628
5726,56751100,4596,56755696,7,0,1,2560,4,7444533148
5727,56760760,235249,56996009,1,0,0,23040,17,3627006161
5728,56768639,28844,56797483,2,0,1,32256,12,76400
5729,56769760,47581,56817341,7,0,1,4096,4,2146745671
5730,56772290,45066,56817356,7,0,1,2048,4,8328360371
5731,56782930,34441,56817371,6,0,1,3072,8,6853382833
5732,56786210,389974,57176184,4,0,0,6656,5,3011994541
5733,56787720,209084,56996804,1,0,0,2560,17,4915615589
5734,56800270,25093,56825363,6,0,1,7168,8,2953157867
5735,56801720,26229,56827949,7,0,1,4096,4,5344671955
5736,56827910,226355,57054265,4,0,0,68608,5,3693456393
5737,56830440,461922,57292362,1,0,0,44032,17,4587647075
5738,56834640,487997,57322637,3,0,0,24576,0,9277085008
5739,56840160,1042,56841202,7,0,1,1024,4,5764137295
5740,56845260,1994,56847254,6,0,1,2048,8,5965149290
5741,56847719,28032,56875751,2,0,1,1536,12,6951997908
5742,56872370,553181,57425551,1,0,0,29696,17,2680857013
5743,56897199,3645,56900844,2,0,1,10240,12,5924190565
5744,56897970,684336,57582306,4,0,0,4096,5,2711034472
5745,56918090,598049,57516139,4,0,0,108032,5,10704392797
5746,56918810,4937,56923747,7,0,1,12800,4,4763067264
5747,56927060,276486,57203546,1,0,0,30208,17,3028133134
5748,56930950,764344,57695294,3,0,0,49152,0,1733320028
5749,56942340,203162,57145502,3,0,0,1024,0,5971572524
5750,56949271,7230,56956501,3,0,1,7680,0,4672518030
5751,56950359,8408,56958767,2,0,1,3584,12,5175570914
5752,56959930,456542,57416472,1,0,0,102400,17,5584834727
5753,56972670,3898,56976568,6,0,1,4096,8,9987885834
5754,56973690,340194,57313884,4,0,0,41472,5,9688602420
5755,56992121,10995,57003116,3,0,1,6656,0,6052707934
5756,56992211,11891,57004102,3,0,1,1536,0,5015990389
5757,56996160,9248,57005408,7,0,1,2048,4,7213098763
5758,57003761,1993,57005754,3,0,1,512,0,6666240888
5759,57025399,5326,57030725,2,0,1,5632,12,417288596
5760,57028371,25909,57054280,3,0,1,5632,0,5686327700
5761,57035250,21033,57056283,7,0,1,2048,4,3206821514
5762,57040780,51876,57092656,6,0,1,15872,8,2853529874
5763,57064811,32779,57097590,3,0,1,5120,0,5120624687
5764,57067649,30197,57097846,2,0,1,9216,12,9292537373
5765,57074320,829094,57903414,4,0,0,71680,5,8694380363
5766,57077700,21132,57098832,6,0,1,1536,8,10233954655
5767,57077920,27362,57105282,6,0,1,8192,8,6170784467
5768,57117280,566,57117846,6,0,1,512,8,3526561957
5769,57122340,342138,57464478,4,0,0,33280,5,9665375277
5770,57125440,7706,57133146,6,0,1,8192,8,2388692598
5771,57127030,597727,57724757,1,0,0,27648,17,10037583547
5772,57151210,413890,57565100,4,0,0,58368,5,895858715
5773,57162540,418487,57581027,3,0,0,52224,0,4818151850
5774,57163709,3387,57167096,2,0,1,9728,12,2970780785
5775,57167439,566,57168005,2,0,1,512,12,8258161354
5776,57184960,633904,57818864,4,0,0,112640,5,4534446933
5777,57190140,2470,57192610,1,0,1,2560,17,6363617176
5778,57198241,9195,57207436,3,0,1,4096,0,6869196255
5779,57203610,7052,57210662,6,0,1,5120,8,1749035750
5780,57205241,7367,57212608,3,0,1,3072,0,4549023286
5781,57212731,4850,57217581,3,0,1,5120,0,6489565384
5782,57241929,566,57242495,2,0,1,512,12,3505172967
5783,57246780,878079,58124859,3,0,0,83968,0,9295605086
5784,57247160,358702,57605862,4,0,0,62464,5,8915202212
5785,57290531,5245,57295776,3,0,1,3584,0,2888930843
5786,57297980,675048,57973028,3,0,0,87040,0,7196186738
5787,57298190,15709,57313899,6,0,1,12288,8,4609581559
5788,57312880,442987,57755867,4,0,0,25088,5,10392738194
5789,57330200,189098,57519298,4,0,0,10240,5,9246857988
5790,57334500,600500,57935000,3,0,0,37888,0,9426024369
5791,57337481,5802,57343283,3,0,1,6144,0,9354430986
5792,57339140,13362,57352502,6,0,1,22016,8,9578870859
5793,57339359,15409,57354768,2,0,1,3584,12,10575037670
5794,57349130,516243,57865373,4,0,0,65024,5,5068169374
5795,57354350,5712,57360062,6,0,1,14336,8,8413187584
5796,57355110,8991,57364101,6,0,1,5632,8,5989636767
5797,57363280,2946,57366226,6,0,1,3072,8,1312385221
5798,57363371,3521,57366892,3,0,1,1024,0,249010819
5799,57378840,5326,57384166,6,0,1,5632,8,223853575
5800,57392330,355878,57748208,1,0,0,47104,17,10432820500
5801,57392790,39023,57431813,1,0,1,6656,17,7304977173
5802,57403640,1121112,58524752,4,0,0,54784,5,6550880259
5803,57419960,803537,58223497,4,0,0,30208,5,3428851261
5804,57421000,279769,57700769,1,0,0,17920,17,9425263418
5805,57421180,12899,57434079,6,0,1,3584,8,2162995258
5806,57433499,4374,57437873,2,0,1,4608,12,7336255482
5807,57440619,3422,57444041,2,0,1,3584,12,8752626151
5808,57441671,5543,57447214,3,0,1,13824,0,58477917
5809,57446840,1994,57448834,0,0,1,2048,11,9216906412
5810,57449830,624754,58074584,3,0,0,3072,0,5495520228
5811,57452999,11494,57464493,2,0,1,7680,12,2196249367
5812,57470751,6754,57477505,3,0,1,7168,0,3978179345
5813,57498890,523290,58022180,4,0,0,87040,5,5518783525
5814,57506510,173778,57680288,1,0,0,29696,17,10341242178
5815,57509790,541748,58051538,4,0,0,38912,5,7517351412
5816,57554220,30565,57584785,5,0,1,2560,10,1508732154
5817,57555940,49937,57605877,5,0,1,5632,10,10353638284
5818,57571060,250183,57821243,4,0,0,7680,5,10692096829
5819,57573430,466237,58039667,3,0,0,57344,0,4788076888
5820,57604690,526618,58131308,1,0,0,20992,17,9301278654
5821,57617011,6278,57623289,3,0,1,6656,0,263670004
5822,57623710,199011,57822721,1,0,0,2048,17,5718058295
5823,57640130,418802,58058932,4,0,0,24064,5,6500244090
5824,57641690,281743,57923433,3,0,0,11264,0,8637988863
5825,57646170,552364,58198534,1,0,0,13824,17,10283937966
5826,57658950,535349,58194299,1,0,0,65536,17,2031970594
5827,57670320,9983,57680303,5,0,1,2048,10,1868947854
5828,57697360,13642,57711002,6,0,1,16384,8,2801789790
5829,57715910,11791,57727701,6,0,1,19456,8,6960048656
5830,57716470,846752,58563222,3,0,0,4096,0,1361823073
5831,57721720,6327,57728047,5,0,1,512,10,1346289404
5832,57725501,5452,57730953,3,0,1,4608,0,2522519322
5833,57749020,12207,57761227,0,0,1,5632,11,9943972971
5834,57750780,10793,57761573,9,0,1,512,3,9344299407
5835,57752921,8806,57761727,3,0,1,8704,0,7993083448
5836,57768110,1518,57769628,6,0,1,1536,8,8480956592
5837,57790590,36414,57827004,7,0,1,6144,4,323813281
5838,57792901,34769,57827670,3,0,1,1024,0,6666941438
5839,57796830,270853,58067683,1,0,0,28672,17,9450390016
5840,57837020,4850,57841870,7,0,1,5120,4,225484988
5841,57847220,18753,57865973,7,0,1,512,4,2396906294
5842,57847690,464613,58312303,3,0,0,93696,0,5489747485
5843,57860021,6298,57866319,3,0,1,512,0,10433670709
5844,57873140,3422,57876562,6,0,1,3584,8,5898100161
5845,57873880,331845,58205725,4,0,0,23552,5,1951792656
5846,57887150,724987,58612137,4,0,0,25600,5,3539962430
5847,57912880,1994,57914874,0,0,1,2048,11,10072408389
5848,57920250,216632,58136882,4,0,0,14848,5,9691593188
5849,57944800,320058,58264858,3,0,0,30720,0,4067172611
5850,57948691,29196,57977887,3,0,1,5120,0,1559315068
5851,57967750,12559,57980309,0,0,1,14336,11,8884482508
5852,57986910,1994,57988904,7,0,1,2048,4,37903444
5853,57990210,3422,57993632,9,0,1,3584,3,411961188
5854,57991440,60121,58051561,5,0,1,6656,10,10323147335
5855,57997670,84567,58082237,6,0,1,28160,8,7224123165
5856,57999700,83817,58083517,0,0,1,14336,11,6054593810
5857,58016730,322453,58339183,1,0,0,70144,17,1925357445
5858,58031770,53373,58085143,6,0,1,2560,8,4629771181
5859,58044631,44378,58089009,3,0,1,6144,0,3577042046
5860,58050780,40495,58091275,7,0,1,3584,4,9070615350
5861,58058030,36151,58094181,7,0,1,4608,4,5338696535
5862,58063470,34577,58098047,9,0,1,6144,3,2716802002
5863,58083050,41824,58124874,9,0,1,2048,3,10307682893
5864,58097820,27077,58124897,9,0,1,10240,3,7246060924
5865,58097961,39302,58137263,3,0,1,14848,0,7441414360
5866,58119370,20866,58140236,5,0,1,11776,10,7477062408
5867,58135910,581447,58717357,3,0,0,149504,0,4429537850
5868,58141840,566,58142406,5,0,1,512,10,6746788831
5869,58168910,144188,58313098,4,0,0,2560,5,10253562173
5870,58168960,404121,58573081,3,0,0,32256,0,3809882500
5871,58180690,29156,58209846,5,0,1,11264,10,74147888
5872,58200920,295863,58496783,4,0,0,34816,5,4257928684
5873,58201100,22412,58223512,0,0,1,15872,11,933896834
5874,58225500,1994,58227494,6,0,1,2048,8,8213505829
5875,58240080,676898,58916978,4,0,0,110592,5,9817100425
5876,58247020,314939,58561959,4,0,0,24064,5,3662219926
5877,58257180,10616,58267796,5,0,1,3072,10,274798119
5878,58292680,24801,58317481,0,0,1,4608,11,4299142012
5879,58296020,43178,58339198,0,0,1,1536,11,7529021849
5880,58329280,11428,58340708,0,0,1,1536,11,3874725873
5881,58352630,274755,58627385,4,0,0,25600,5,7386656997
5882,58426030,402851,58828881,4,0,0,117248,5,951822623
5883,58450000,7230,58457230,5,0,1,7680,10,6760455792
5884,58491040,454564,58945604,3,0,0,16896,0,107846806
5885,58514760,348386,58863146,3,0,0,95232,0,10674040836
5886,58516260,15739,58531999,5,0,1,7680,10,6098649732
5887,58553510,19594,58573104,0,0,1,19968,11,3331347369
5888,58554700,22714,58577414,5,0,1,4608,10,1711398246
5889,58557710,576295,59134005,3,0,0,41984,0,1614814335
5890,58566420,267501,58833921,3,0,0,12800,0,4448989309
5891,58590730,6278,58597008,9,0,1,6656,3,3173516205
5892,58594980,2694,58597674,5,0,1,1024,10,1200004688
5893,58606450,313515,58919965,3,0,0,9728,0,1525596265
5894,58627830,4679,58632509,5,0,1,12288,10,3718185807
5895,58656980,271111,58928091,3,0,0,8192,0,7587106181
5896,58659670,311944,58971614,3,0,0,20480,0,8846758005
5897,58784870,301075,59085945,4,0,0,45568,5,8172568454
5898,58788660,503486,59292146,3,0,0,105984,0,8781618252
5899,58814820,210459,59025279,4,0,0,30720,5,2551518731
5900,58831650,31511,58863161,5,0,1,26112,10,10067171366
5901,58854450,10221,58864671,0,0,1,1536,11,5018548727
5902,58873820,3128,58876948,5,0,1,9216,10,4807869218
5903,58883440,352968,59236408,4,0,0,143872,5,10012370018
5904,58928100,4937,58933037,5,0,1,12800,10,1002300840
5905,58932290,1093,58933383,0,0,1,512,11,7976213663
5906,58947450,312389,59259839,4,0,0,76800,5,4633210589
5907,58968270,16161,58984431,5,0,1,21504,10,2961624435
5908,58989330,5802,58995132,4,0,1,6144,5,4565822814
5909,58992660,153562,59146222,4,0,0,1536,5,3858170940
5910,59044650,4850,59049500,5,0,1,5120,10,47216265
5911,59124360,412393,59536753,4,0,0,64000,5,3695555932
5912,59136330,156151,59292481,3,0,0,1024,0,6033057008
5913,59168090,137652,59305742,3,0,0,19456,0,5709032775
5914,59176940,242962,59419902,3,0,0,25600,0,1102693493
5915,59197500,116383,59313883,3,0,0,1536,0,939894388
5916,59205590,136062,59341652,4,0,0,5120,5,4589108554
5917,59281700,189365,59471065,3,0,0,9728,0,2162923415
5918,59355090,258731,59613821,4,0,0,64512,5,7990397069
5919,59440990,566,59441556,6,0,1,512,8,1191444359
5920,59445170,174453,59619623,4,0,0,18944,5,5290715880
5921,59457610,135789,59593399,4,0,0,10752,5,7484673825
5922,59476520,4850,59481370,6,0,1,5120,8,941118211
5923,59513749,2470,59516219,2,0,1,2560,12,10474531985
5924,59548460,257341,59805801,3,0,0,77312,0,4034184903
5925,59564480,148927,59713407,3,0,0,2048,0,4241510889
5926,59565420,566,59565986,6,0,1,512,8,2735099572
5927,59566960,291563,59858523,4,0,0,12288,5,4529156580
5928,59580240,90298,59670538,3,0,0,9216,0,2904571829
5929,59592000,21836,59613836,6,0,1,1024,8,5753430109
5930,59620910,5454,59626364,1,0,1,13824,17,4025911775
5931,59632690,4374,59637064,8,0,1,4608,8,5255335517
5932,59645350,2946,59648296,6,0,1,3072,8,8845802044
5933,59713400,243573,59956973,4,0,0,69120,5,2302403317
5934,59725610,1518,59727128,1,0,1,1536,17,2898858532
5935,59728730,2946,59731676,1,0,1,3072,17,62321310
5936,59732120,5802,59737922,6,0,1,6144,8,5220708799
5937,59757090,258893,60015983,4,0,0,34816,5,733381605
5938,59782310,317582,60099892,3,0,0,92672,0,6264337515
5939,59796300,221258,60017558,4,0,0,5120,5,9474061228
5940,59807130,2470,59809600,6,0,1,2560,8,9291220318
5941,59811130,5802,59816932,1,0,1,6144,17,8924718522
5942,59827270,176926,60004196,4,0,0,8192,5,5279798669
5943,59853790,5712,59859502,6,0,1,14336,8,2675849789
5944,59869510,634067,60503577,9,0,0,200704,3,176675562
5945,59885760,185881,60071641,3,0,0,89088,0,9821871657
5946,59940030,250322,60190352,3,0,0,9728,0,2136015082
5947,59965610,244977,60210587,4,0,0,51200,5,5007604928
5948,59966430,2946,59969376,1,0,1,3072,17,6989220410
5949,59966510,293853,60260363,9,0,0,53248,3,5019964089
5950,60077110,24785,60101895,1,0,1,2048,17,3214392957
5951,60092780,14233,60107013,8,0,1,15872,8,6739363608
5952,60148240,10241,60158481,0,0,1,16384,11,8778844186
5953,60153070,6077,60159147,1,0,1,1024,17,6083758410
5954,60159670,5802,60165472,8,0,1,6144,8,332310906
5955,60160220,7518,60167738,1,0,1,3584,17,7177246719
5956,60180810,3898,60184708,1,0,1,4096,17,425320138
5957,60186980,5326,60192306,8,0,1,5632,8,9882172636
5958,60195590,322510,60518100,9,0,0,47616,3,4709638415
5959,60202970,233957,60436927,9,0,0,57344,3,716255166
5960,60225700,2946,60228646,1,0,1,3072,17,5326550461
5961,60258910,110026,60368936,9,0,0,24064,3,3215088544
5962,60288990,4850,60293840,1,0,1,5120,17,2160224820
5963,60302740,139670,60442410,3,0,0,17920,0,150939295
5964,60309190,1042,60310232,1,0,1,1024,17,4971762485
5965,60355360,180547,60535907,4,0,0,58368,5,4750773558
5966,60368270,229550,60597820,9,0,0,58368,3,8655936369
5967,60406480,147593,60554073,4,0,0,17920,5,6113289159
5968,60417120,194096,60611216,4,0,0,30720,5,10089862449
5969,60422990,204978,60627968,9,0,0,25600,3,2573654665
5970,60488640,112964,60601604,8,0,0,4608,8,4437667055
5971,60537710,3422,60541132,1,0,1,3584,17,8695712505
5972,60548070,111781,60659851,8,0,0,13312,8,9879379452
5973,60569590,171423,60741013,9,0,0,51712,3,6972125120
5974,60605130,142450,60747580,4,0,0,21504,5,764377560
5975,60652720,153859,60806579,9,0,0,28160,3,8490108643
5976,60653380,6486,60659866,1,0,1,6144,17,6319582015
5977,60667120,83595,60750715,8,0,0,10240,8,7161291396
5978,60684990,83747,60768737,3,0,0,8704,0,5609979843
5979,60746090,6611,60752701,1,0,1,2048,17,5280138443
5980,60763080,195100,60958180,8,0,0,51712,8,7334309602
5981,60764310,4442,60768752,1,0,1,2048,17,3077901110
5982,60767050,207213,60974263,3,0,0,52736,0,8237527457
5983,60781950,3904,60785854,6,0,1,10752,8,7205882377
5984,60788730,224607,61013337,9,0,0,21504,3,9549588927
5985,60793180,3904,60797084,6,0,1,10752,8,1970236776
5986,60798540,18788,60817328,1,0,1,17408,17,9017851072
5987,60806870,11764,60818634,7,0,1,2048,4,6082775089
5988,60814740,5200,60819940,1,0,1,2048,17,2613512072
5989,60817680,3566,60821246,1,0,1,2048,17,1106201471
5990,60822510,7706,60830216,7,0,1,8192,4,5895822664
5991,60822760,7815,60830575,6,0,1,9728,8,1418098319
5992,60829780,1781,60831561,7,0,1,1536,4,4466387127
5993,60830140,5959,60836099,1,0,1,6144,17,8285643560
5994,60835700,171062,61006762,8,0,0,51200,8,6958002443
5995,60854220,5802,60860022,7,0,1,6144,4,7942565740
5996,60876440,206798,61083238,3,0,0,18432,0,5812396665
5997,60886060,271528,61157588,4,0,0,15360,5,2218595327
5998,60894660,140923,61035583,3,0,0,1536,0,6028975359
5999,60910560,230439,61140999,8,0,0,19968,8,8403519108
6000,60921770,4679,60926449,8,0,1,12288,8,7375894374
6001,60930270,289968,61220238,4,0,0,4608,5,8442247544
6002,60932020,5326,60937346,1,0,1,5632,17,8783940580
6003,60934690,284129,61218819,4,0,0,37888,5,8777488460
6004,60972090,235170,61207260,4,0,0,17408,5,5163063531
6005,60979670,1042,60980712,6,0,1,1024,8,10590996211
6006,60980030,1028,60981058,6,0,1,512,8,4608029397
6007,60992270,274861,61267131,4,0,0,109056,5,8269181275
6008,61003100,13166,61016266,1,0,1,8704,17,5847284504
6009,61007880,15874,61023754,6,0,1,8192,8,4077774782
6010,61009340,19240,61028580,7,0,1,7680,4,3121464349
6011,61012920,211508,61224428,4,0,0,5632,5,9352064816
6012,61029580,172338,61201918,8,0,0,37376,8,6144916394
6013,61034620,126571,61161191,4,0,0,11776,5,4603361070
6014,61038280,256729,61295009,9,0,0,20992,3,10653327734
6015,61047240,233330,61280570,3,0,0,44032,0,5251390482
6016,61074410,405374,61479784,8,0,0,91648,8,4428380614
6017,61085880,280917,61366797,4,0,0,31744,5,6097415107
6018,61088900,199698,61288598,4,0,0,23552,5,5061115685
6019,61103590,281980,61385570,3,0,0,51712,0,4458652740
6020,61107380,4850,61112230,7,0,1,5120,4,9750625485
6021,61137530,6883,61144413,8,0,1,3584,8,9806125023
6022,61156700,251817,61408517,3,0,0,15360,0,10125861892
6023,61156890,163796,61320686,3,0,0,5120,0,4077643660
6024,61161320,1042,61162362,4,0,1,1024,5,8991593514
6025,61161720,2946,61164666,8,0,1,3072,8,2038525041
6026,61186150,15783,61201933,8,0,1,5632,8,6618016955
6027,61194260,173020,61367280,8,0,0,1536,8,47408413
6028,61212640,199504,61412144,3,0,0,11776,0,9470271888
6029,61242150,393161,61635311,1,0,0,49152,17,1544173979
6030,61251640,384622,61636262,8,0,0,3072,8,746225896
6031,61252960,42064,61295024,8,0,1,6144,8,7212311451
6032,61262160,319592,61581752,8,0,0,99840,8,6725328735
6033,61265770,29285,61295055,8,0,1,3072,8,222546787
6034,61268520,26558,61295078,7,0,1,15360,4,4230674690
6035,61281070,15998,61297068,7,0,1,2048,4,4541781781
6036,61287130,509274,61796404,3,0,0,64512,0,5580819004
6037,61289500,7914,61297414,1,0,1,512,17,7986600791
6038,61305040,10241,61315281,8,0,1,16384,8,4635126016
6039,61305540,10407,61315947,1,0,1,1024,17,10586167319
6040,61314640,52655,61367295,8,0,1,83456,8,6818342293
6041,61314810,277721,61592531,4,0,0,35328,5,8882424105
6042,61315570,51740,61367310,7,0,1,1536,4,267625232
6043,61333540,217777,61551317,4,0,0,31744,5,6510143098
6044,61338820,264802,61603622,8,0,0,36352,8,2720852677
6045,61341230,339701,61680931,8,0,0,54784,8,8202288859
6046,61369809,17271,61387080,2,0,1,1536,12,8119556890
6047,61386420,1326,61387746,1,0,1,1024,17,86484029
6048,61389900,2946,61392846,7,0,1,3072,4,8386517706
6049,61395870,1518,61397388,1,0,1,1536,17,1489142170
6050,61402900,9259,61412159,7,0,1,6144,4,1335079035
6051,61414560,294715,61709275,8,0,0,6144,8,4414742654
6052,61418230,401381,61819611,4,0,0,52736,5,4525189380
6053,61431140,48659,61479799,8,0,1,38400,8,6084292645
6054,61441650,38164,61479814,1,0,1,10240,17,5045649240
6055,61444140,35689,61479829,1,0,1,1024,17,8618756632
6056,61463190,20120,61483310,7,0,1,3584,4,1944801742
6057,61471450,14446,61485896,1,0,1,4096,17,10715850665
6058,61472210,15952,61488162,7,0,1,3584,4,5682177998
6059,61474030,185382,61659412,4,0,0,17408,5,5981963341
6060,61498340,25187,61523527,8,0,1,45568,8,6478242661
6061,61509370,357268,61866638,8,0,0,93184,8,7292342855
6062,61518290,208004,61726294,8,0,0,24064,8,7023348010
6063,61537780,3422,61541202,7,0,1,3584,4,771140772
6064,61572030,48264,61620294,5,0,1,32256,10,6160977192
6065,61583070,53207,61636277,5,0,1,7680,10,6234847706
6066,61588600,47692,61636292,5,0,1,1536,10,8100165157
6067,61599670,332087,61931757,8,0,0,7168,8,3138519110
6068,61616810,19497,61636307,8,0,1,7168,8,10475147966
6069,61661890,1994,61663884,5,0,1,2048,10,8385012751
6070,61683790,2946,61686736,1,0,1,3072,17,4241086410
6071,61690020,3904,61693924,8,0,1,10752,8,9450061542
6072,61695390,13900,61709290,9,0,1,26624,3,3267423561
6073,61701680,8786,61710466,1,0,1,2048,17,7016293759
6074,61703060,15249,61718309,5,0,1,24064,10,4753200024
6075,61726680,47288,61773968,4,0,0,1536,5,6889863141
6076,61757090,62544,61819634,8,0,1,99328,8,3858720073
6077,61788560,395634,62184194,8,0,0,69632,8,4270453683
6078,61805280,67467,61872747,8,0,0,5632,8,640253979
6079,61844720,48148,61892868,8,0,1,47616,8,2108899921
6080,61858890,34964,61893854,8,0,1,1536,8,8810486418
6081,61871970,185618,62057588,4,0,0,3072,5,1512521257
6082,61873000,249174,62122174,4,0,0,52224,5,8984673030
6083,61878970,21093,61900063,8,0,1,21504,8,2164778395
6084,61881910,18409,61900319,5,0,1,9216,10,9478525760
6085,61895370,13858,61909228,5,0,1,23552,10,5556834580
6086,61897880,434429,62332309,4,0,0,82944,5,10410082592
6087,61908470,277463,62185933,4,0,0,5632,5,1808656531
6088,61912040,290474,62202514,8,0,0,54272,8,3519508997
6089,61923870,65192,61989062,8,0,0,6656,8,2189011712
6090,61934570,14545,61949115,8,0,1,28160,8,6144365834
6091,61989850,291911,62281761,4,0,0,24576,5,9122280471
6092,62053080,132868,62185948,8,0,1,212480,8,1169071754
6093,62059850,235963,62295813,8,0,0,14336,8,4639603084
6094,62075150,110813,62185963,8,0,1,1536,8,9803889753
6095,62097430,467987,62565417,8,0,0,73728,8,3665512698
6096,62129920,72617,62202537,8,0,1,48640,8,6267020881
6097,62138750,403393,62542143,8,0,0,39424,8,5074894831
6098,62164400,81185,62245585,8,0,1,73728,8,8497701533
6099,62208460,92363,62300823,8,0,1,127488,8,1001751713
6100,62214110,431769,62645879,8,0,0,15872,8,5369768446
6101,62262750,69574,62332324,8,0,1,44544,8,166265170
6102,62298130,284474,62582604,4,0,0,14336,5,1081956435
6103,62321180,221758,62542938,4,0,0,2560,5,2987623789
6104,62400050,173502,62573552,8,0,0,26624,8,9107747203
6105,62471660,2946,62474606,9,0,1,3072,3,3235397057
6106,62509640,3898,62513538,4,0,1,4096,5,8079109436
6107,62552720,23261,62575981,9,0,1,2560,3,9788752108
6108,62569160,7807,62576967,9,0,1,1536,3,4890666477
6109,62586610,115243,62701853,8,0,0,22016,8,6168242408
6110,62594240,6278,62600518,5,0,1,6656,10,4355235127
6111,62609910,1042,62610952,4,0,1,1024,5,6966317119
6112,62610270,5803,62616073,9,0,1,6144,3,4273614547
6113,62614620,4679,62619299,5,0,1,12288,10,9302172008
6114,62646710,566,62647276,5,0,1,512,10,1990045486
6115,62659510,155140,62814650,4,0,0,25088,5,5758648488
6116,62661220,125295,62786515,8,0,0,8192,8,4652983895
6117,62674020,6754,62680774,6,0,1,7168,8,5924905413
6118,62707930,6278,62714208,9,0,1,6656,3,758567829
6119,62732710,566,62733276,4,0,1,512,5,7133134385
6120,62752570,5802,62758372,9,0,1,6144,3,1957287978
6121,62762130,171856,62933986,4,0,0,34816,5,10073593422
6122,62767880,187607,62955487,8,0,0,20480,8,2315456781
6123,62778940,229204,63008144,8,0,0,59904,8,6892968082
6124,62800990,2946,62803936,4,0,1,3072,5,5982168536
6125,62828350,134952,62963302,4,0,0,25600,5,2290222957
6126,62878580,1042,62879622,9,0,1,1024,3,3069428096
6127,62898290,275032,63173322,4,0,0,96256,5,2058394902
6128,62898480,3387,62901867,5,0,1,9728,10,9295219376
6129,62915440,58105,62973545,4,0,0,1024,5,2157733616
6130,62916410,17591,62934001,4,0,1,7680,5,3778305515
6131,62925020,12871,62937891,5,0,1,4096,10,3731912071
6132,62937560,677,62938237,7,0,1,512,4,6076525335
6133,62972760,2946,62975706,4,0,1,3072,5,4996163148
6134,63002950,6704,63009654,7,0,1,1536,4,1250167578
6135,63016980,10757,63027737,5,0,1,17408,10,7249755101
6136,63029710,201443,63231153,4,0,0,51200,5,2864649728
6137,63035860,3898,63039758,5,0,1,4096,10,10496988379
6138,63036150,5169,63041319,7,0,1,11264,4,2396494050
6139,63044370,47288,63091658,8,0,0,1536,8,9792171423
6140,63045280,1042,63046322,4,0,1,1024,5,5071130342
6141,63098880,2470,63101350,4,0,1,2560,5,8308347103
6142,63099400,3696,63103096,7,0,1,9728,4,2185458225
6143,63107230,2946,63110176,4,0,1,3072,5,3405028373
6144,63124510,89847,63214357,8,0,0,16896,8,9592825479
6145,63138240,35097,63173337,5,0,1,7168,10,5283724081
6146,63142980,30372,63173352,7,0,1,2048,4,8839258252
6147,63207760,6612,63214372,5,0,1,2048,10,3417862689
6148,63227310,7257,63234567,4,0,1,3584,5,1416742009
6149,63233900,12566,63246466,8,0,1,20992,8,229251610
6150,63236930,135432,63372362,4,0,0,1536,5,2718072154
6151,63237410,112337,63349747,8,0,0,39936,8,218509924
6152,63240230,33168,63273398,8,0,1,57344,8,7233798263
6153,63245270,198327,63443597,4,0,0,52224,5,8600088221
6154,63295840,6278,63302118,7,0,1,6656,4,4156110401
6155,63297820,5604,63303424,4,0,1,2048,5,2470843423
6156,63319810,4374,63324184,4,0,1,4608,5,120907233
6157,63323700,1150,63324850,5,0,1,1024,10,6030227938
6158,63337370,12400,63349770,5,0,1,1536,10,9239237095
6159,63338430,38047,63376477,8,0,1,48640,8,10099295121
6160,63357330,125836,63483166,4,0,0,17408,5,4107475415
6161,63361630,191858,63553488,4,0,0,59392,5,2806071256
6162,63368419,13447,63381866,2,0,1,17408,12,4456929949
6163,63381190,4850,63386040,5,0,1,5120,10,9690480772
6164,63384620,2406,63387026,7,0,1,1536,4,10473866031
6165,63394410,566,63394976,8,0,1,512,8,6174814154
6166,63396760,2470,63399230,7,0,1,2560,4,959406532
6167,63401060,154323,63555383,4,0,0,6144,5,9193124595
6168,63401849,4937,63406786,2,0,1,12800,12,3883529058
6169,63410610,1994,63412604,5,0,1,2048,10,1210566268
6170,63446440,306184,63752624,4,0,0,18944,5,4578369192
6171,63461760,5712,63467472,8,0,1,14336,8,8165070422
6172,63469420,94341,63563761,8,0,1,153600,8,7162302355
6173,63470880,94507,63565387,4,0,1,2560,5,7315182123
6174,63490120,78173,63568293,5,0,1,4608,10,7015194853
6175,63493939,77260,63571199,2,0,1,4608,12,6649991480
6176,63496239,76266,63572505,2,0,1,2048,12,2474748065
6177,63501930,74121,63576051,4,0,1,5632,5,2573893021
6178,63528000,51277,63579277,4,0,1,5120,5,2983781716
6179,63538970,40563,63579533,5,0,1,9216,10,8316275897
6180,63560089,20110,63580199,2,0,1,1024,12,9993626924
6181,63563620,131619,63695239,8,0,0,20992,8,7949128133
6182,63577800,356940,63934740,4,0,0,67072,5,2061328613
6183,63602160,1042,63603202,7,0,1,1024,4,7851827052
6184,63604300,1518,63605818,5,0,1,1536,10,1248884583
6185,63610200,4850,63615050,7,0,1,5120,4,4686563224
6186,63625520,1994,63627514,4,0,1,2048,5,647110184
6187,63625870,2950,63628820,7,0,1,2048,4,1190070189
6188,63631790,1518,63633308,4,0,1,1536,5,3590153214
6189,63639360,4850,63644210,5,0,1,5120,10,1248413326
6190,63649850,178660,63828510,4,0,0,22016,5,5998850857
6191,63676840,170186,63847026,4,0,0,7168,5,6539407692
6192,63718480,6754,63725234,4,0,1,7168,5,9671397748
6193,63734250,2470,63736720,7,0,1,2560,4,8049761410
6194,63780630,279368,64059998,8,0,0,49664,8,10203518384
6195,63782610,4374,63786984,7,0,1,4608,4,2602273147
6196,63790760,1042,63791802,7,0,1,1024,4,5551820359
6197,63808320,274994,64083314,4,0,0,71168,5,3091091647
6198,63822610,112145,63934755,8,0,1,143872,8,4309642303
6199,63848910,85860,63934770,5,0,1,14848,10,1868719248
6200,63855820,392560,64248380,4,0,0,52224,5,5086445076
6201,63873360,61425,63934785,5,0,1,2048,10,5490083220
6202,63883180,51620,63934800,5,0,1,1024,10,6581107555
6203,63923860,159781,64083641,4,0,0,1024,5,2255921711
6204,63944140,344135,64288275,4,0,0,104448,5,2675900132
6205,63949190,2946,63952136,7,0,1,3072,4,6432843998
6206,63953010,359344,64312354,4,0,0,9728,5,2214794876
6207,63959120,767396,64726516,8,0,0,56832,8,1127785633
6208,63961990,5326,63967316,7,0,1,5632,4,3262135866
6209,63980350,191183,64171533,8,0,0,57344,8,5285842371
6210,63980600,214816,64195416,4,0,0,78336,5,6587128817
6211,64007470,430599,64438069,4,0,0,16896,5,10110455240
6212,64024140,5196,64029336,7,0,1,13312,4,2343066526
6213,64042670,343897,64386567,4,0,0,33792,5,858247635
6214,64057110,260095,64317205,2,0,0,15872,12,1274304799
6215,64058460,2121,64060581,6,0,1,512,8,2051402244
6216,64068560,328087,64396647,4,0,0,21504,5,3991349214
6217,64079750,227041,64306791,8,0,0,9728,8,7701570092
6218,64082590,8799,64091389,6,0,1,8192,8,3821145002
6219,64089770,7230,64097000,6,0,1,7680,8,8617062327
6220,64105520,478151,64583671,8,0,0,105472,8,6155756428
6221,64108340,1042,64109382,6,0,1,1024,8,5534104102
6222,64112390,15837,64128227,6,0,1,30720,8,6391197280
6223,64123770,8963,64132733,7,0,1,7168,4,8508390561
6224,64176360,21518,64197878,7,0,1,2560,4,6783213414
6225,64242310,256557,64498867,4,0,0,3584,5,3287401824
6226,64263360,30378,64293738,7,0,1,13824,4,2135946602
6227,64266020,181368,64447388,4,0,0,14848,5,2174479643
6228,64295720,35571,64331291,8,0,1,62464,8,8379969176
6229,64313280,325849,64639129,4,0,0,98816,5,5838235463
6230,64320410,15387,64335797,6,0,1,7168,8,6957737205
6231,64329840,6623,64336463,5,0,1,1024,10,4447220697
6232,64334620,6754,64341374,6,0,1,7168,8,8521896716
6233,64368250,240724,64608974,8,0,0,82944,8,554786695
6234,64377830,357125,64734955,4,0,0,27648,5,9874203556
6235,64384450,287142,64671592,4,0,0,37888,5,1298319014
6236,64394560,7881,64402441,6,0,1,6144,8,6867245991
6237,64411710,1518,64413228,6,0,1,1536,8,978522528
6238,64415110,7230,64422340,7,0,1,7680,4,4653654605
6239,64437750,4473,64442223,7,0,1,11264,4,235824946
6240,64449681,4420,64454101,3,0,1,11776,0,1351317592
6241,64457801,4374,64462175,3,0,1,4608,0,7485415835
6242,64468760,3898,64472658,6,0,1,4096,8,1813190389
6243,64476960,326783,64803743,8,0,0,30720,8,10642074098
6244,64479270,337912,64817182,4,0,0,44032,5,4141495178
6245,64490680,334688,64825368,8,0,0,24576,8,218585985
6246,64505030,4162,64509192,6,0,1,11264,8,4292905034
6247,64554820,85611,64640431,4,0,0,4096,5,9533963126
6248,64560040,79128,64639168,7,0,1,3072,4,9953888503
6249,64578370,63689,64642059,6,0,1,3072,8,8840844208
6250,64580000,185385,64765385,8,0,0,512,8,4150326873
6251,64596300,163741,64760041,4,0,0,5120,5,6223092232
6252,64604780,229955,64834735,4,0,0,7168,5,10489249560
6253,64609090,222400,64831490,4,0,0,19968,5,8894288120
6254,64645620,429309,65074929,8,0,0,90624,8,3255088713
6255,64645810,215282,64861092,8,0,0,19968,8,10449214254
6256,64707970,27000,64734970,6,0,1,7680,8,2710811421
6257,64777630,2470,64780100,6,0,1,2560,8,8104859815
6258,64787160,6488,64793648,8,0,1,15872,8,7155756445
6259,64795140,30251,64825391,7,0,1,3072,4,8937445474
6260,64799240,231529,65030769,8,0,0,107008,8,10632415356
6261,64805740,25765,64831505,7,0,1,4608,4,5867961
6262,64835170,5326,64840496,7,0,1,5632,4,7225212831
6263,64843840,296159,65139999,8,0,0,71168,8,6021514106
6264,64885650,5802,64891452,6,0,1,6144,8,3132844524
6265,64890240,5802,64896042,7,0,1,6144,4,3009570990
6266,64949970,2946,64952916,6,0,1,3072,8,8347944742
6267,64970040,566,64970606,1,0,1,512,17,3116686217
6268,64986320,566,64986886,7,0,1,512,4,3176679842
6269,64995350,2470,64997820,6,0,1,2560,8,4432221901
6270,65011870,23808,65035678,7,0,1,5120,4,5814354253
6271,65013130,98784,65111914,8,0,0,11776,8,5641714047
6272,65016120,19904,65036024,7,0,1,512,4,10331632785
6273,65026250,11400,65037650,7,0,1,2560,4,8780436092
6274,65039530,7230,65046760,7,0,1,7680,4,10367914840
6275,65048420,139813,65188233,8,0,0,47104,8,6503387910
6276,65068450,7062,65075512,7,0,1,512,4,6814430893
6277,65086830,2946,65089776,7,0,1,3072,4,8120418488
6278,65094970,125079,65220049,8,0,0,16896,8,598220455
6279,65098200,1042,65099242,7,0,1,1024,4,6665922540
6280,65110360,4968,65115328,6,0,1,3584,8,564558278
6281,65112370,4264,65116634,6,0,1,2048,8,2312806443
6282,65112940,27090,65140030,6,0,1,7168,8,8535285609
6283,65119570,187277,65306847,8,0,0,65024,8,484085719
6284,65120270,22666,65142936,7,0,1,8704,4,5472755942
6285,65133330,14238,65147568,6,0,1,5120,8,10366833746
6286,65135800,13394,65149194,6,0,1,2560,8,8792073785
6287,65140450,127157,65267607,8,0,0,4608,8,3035041631
6288,65195860,275286,65471146,8,0,0,19968,8,10670675429
6289,65206040,189097,65395137,8,0,0,10752,8,8795774876
6290,65216820,3787,65220607,6,0,1,512,8,3318007723
6291,65232300,5971,65238271,7,0,1,14848,4,6309306630
6292,65235550,3707,65239257,7,0,1,1536,4,4448218525
6293,65242200,70221,65312421,8,0,0,1536,8,5578026757
6294,65256420,5326,65261746,5,0,1,5632,10,2284659845
6295,65258210,103441,65361651,8,0,0,10752,8,10370599272
6296,65260690,191105,65451795,8,0,0,64512,8,8852376495
6297,65283150,2470,65285620,5,0,1,2560,10,3696815984
6298,65290580,20980,65311560,6,0,1,12288,8,4382491332
6299,65294710,20765,65315475,7,0,1,5120,4,1558952197
6300,65299920,15914,65315834,7,0,1,9728,4,5865546921
6301,65306940,204309,65511249,8,0,0,26624,8,3413093950
6302,65338590,1042,65339632,7,0,1,1024,4,10535933248
6303,65345070,16596,65361666,8,0,1,27648,8,49799593
6304,65353000,8681,65361681,5,0,1,2048,10,2863781513
6305,65354150,350055,65704205,8,0,0,84992,8,2547723057
6306,65360800,5035,65365835,7,0,1,11264,4,1259861833
6307,65438800,23486,65462286,5,0,1,16896,10,3802852403
6308,65462810,8351,65471161,5,0,1,4096,10,2667098002
6309,65479440,1042,65480482,5,0,1,1024,10,3387382803
6310,65481310,566,65481876,6,0,1,512,8,3542877961
6311,65501400,9872,65511272,6,0,1,15872,8,10623824187
6312,65503050,11137,65514187,6,0,1,3072,8,3613649728
6313,65541720,566,65542286,5,0,1,512,10,9786412549
6314,65553050,2946,65555996,5,0,1,3072,10,10579695521
6315,65598180,11533,65609713,6,0,1,18944,8,8716034197
6316,65608000,3979,65611979,5,0,1,3584,10,8756326532
6317,65619620,84772,65704392,6,0,0,512,8,9465945949
6318,65640730,1518,65642248,5,0,1,1536,10,8704882466
6319,65666089,1994,65668083,2,0,1,2048,12,741226744
6320,65685020,112797,65797817,8,0,0,22528,8,5515694849
6321,65689320,21810,65711130,5,0,1,7168,10,4632353923
6322,65703590,8411,65712001,1,0,1,12288,17,6463641722
6323,65724370,13770,65738140,1,0,1,26624,17,9725161974
6324,65735980,6346,65742326,5,0,1,6656,10,3541130316
6325,65797930,4937,65802867,9,0,1,12800,3,3951780299
6326,65816840,103088,65919928,8,0,0,2048,8,9014853148
6327,65823629,4374,65828003,2,0,1,4608,12,2452013590
6328,65839940,68133,65908073,8,0,0,2048,8,4718521315
6329,65879560,7230,65886790,5,0,1,7680,10,4824477943
6330,65889770,1042,65890812,5,0,1,1024,10,2564308492
6331,65910830,53272,65964102,8,0,0,1024,8,5027110302
6332,65924920,5971,65930891,5,0,1,14848,10,1638320943
6333,65928690,2867,65931557,5,0,1,1024,10,10342050231
6334,65961820,5802,65967622,1,0,1,6144,17,6872378778
6335,66027310,47288,66074598,8,0,0,1536,8,604650921
6336,66035440,233867,66269307,8,0,0,165888,8,1183329617
6337,66042700,1518,66044218,5,0,1,1536,10,7417291838
6338,66070940,1042,66071982,1,0,1,1024,17,9922690863
6339,66080760,219657,66300417,8,0,0,45056,8,3647543904
6340,66091400,1042,66092442,1,0,1,1024,17,4292699254
6341,66094420,1994,66096414,1,0,1,2048,17,4348992553
6342,66122770,4374,66127144,1,0,1,4608,17,7604352638
6343,66125160,2970,66128130,5,0,1,1536,10,9599375641
6344,66192930,76392,66269322,8,0,1,47616,8,9486674183
6345,66214220,55117,66269337,1,0,1,7168,17,8666038948
6346,66233460,150725,66384185,8,0,0,2048,8,8771654298
6347,66302390,3898,66306288,5,0,1,4096,10,1955394868
6348,66328380,59132,66387512,8,0,0,5120,8,9817578724
6349,66356880,45596,66402476,6,0,0,1024,8,10353989017
6350,66383690,1529,66385219,7,0,1,1024,4,7559561149
6351,66388809,4374,66393183,2,0,1,4608,12,7134509627
6352,66409880,6754,66416634,5,0,1,7168,10,10233924440
6353,66459610,1518,66461128,5,0,1,1536,10,41522637
6354,66482120,5454,66487574,7,0,1,13824,4,9235484910
6355,66483740,116057,66599797,8,0,0,32768,8,4470981776
6356,66522930,3128,66526058,7,0,1,9216,4,9521615363
6357,66529520,2470,66531990,7,0,1,2560,4,8706792487
6358,66545290,1994,66547284,5,0,1,2048,10,4165995716
6359,66548460,97249,66645709,8,0,0,14848,8,6817129994
6360,66620860,1518,66622378,5,0,1,1536,10,5553783852
6361,66629960,103844,66733804,8,0,0,40960,8,4678416059
6362,66646140,3898,66650038,7,0,1,4096,4,6366856740
6363,66654540,23725,66678265,8,0,1,39424,8,8507803427
6364,66672940,89178,66762118,8,0,0,11776,8,658032885
6365,66681110,106184,66787294,8,0,0,48640,8,5558977600
6366,66702300,5971,66708271,5,0,1,14848,10,9233539977
6367,66705360,3257,66708617,7,0,1,512,4,11619871
6368,66762590,2470,66765060,5,0,1,2560,10,2009127498
6369,66815840,7706,66823546,5,0,1,8192,10,230966971
6370,66822509,1703,66824212,2,0,1,1024,12,8371084942
6371,66829480,138746,66968226,8,0,0,67072,8,7042448310
6372,66830400,5454,66835854,7,0,1,13824,4,2489119611
6373,66851380,2946,66854326,7,0,1,3072,4,213674375
6374,66857640,178345,67035985,8,0,0,19968,8,5467676834
6375,66858190,123592,66981782,8,0,0,5632,8,8566913322
6376,66910430,4420,66914850,5,0,1,11776,10,1776043016
6377,66934840,6754,66941594,7,0,1,7168,4,565673141
6378,66951980,16804,66968784,4,0,1,512,5,4417586405
6379,66974610,3645,66978255,5,0,1,10240,10,9783623713
6380,66992490,2946,66995436,7,0,1,3072,4,2482488134
6381,67098260,1994,67100254,7,0,1,2048,4,9416206014
6382,67132470,1994,67134464,5,0,1,2048,10,6396087885
6383,67140340,150611,67290951,8,0,0,14848,8,3801002021
6384,67166820,168129,67334949,8,0,0,87552,8,6547031443
6385,67181350,5971,67187321,7,0,1,14848,4,5778840279
6386,67191470,7230,67198700,5,0,1,7680,10,113112189
6387,67211660,12308,67223968,0,0,1,20480,11,3234321781
6388,67219800,4834,67224634,7,0,1,11264,4,9652826157
6389,67228420,13341,67241761,7,0,1,22528,4,497246605
6390,67281510,3422,67284932,7,0,1,3584,4,6695637990
6391,67301570,1518,67303088,0,0,1,1536,11,2829916432
6392,67304100,30864,67334964,7,0,1,14336,4,7705006513
6393,67312470,26860,67339330,7,0,1,4608,4,6005257091
6394,67404570,83360,67487930,8,0,0,17920,8,3860463560
6395,67410220,4374,67414594,7,0,1,4608,4,2091639639
6396,67414720,101326,67516046,8,0,0,19456,8,6753434836
6397,67425800,4850,67430650,7,0,1,5120,4,6808416493
6398,67427020,160252,67587272,9,0,0,35328,3,741178594
6399,67506040,2946,67508986,7,0,1,3072,4,9585698190
6400,67534750,2470,67537220,7,0,1,2560,4,1016961900
6401,67542680,3898,67546578,7,0,1,4096,4,10011512584
6402,67544980,4184,67549164,0,0,1,4096,11,7368221639
6403,67548290,3387,67551677,7,0,1,9728,4,9937866037
6404,67564930,145050,67709980,8,0,0,1536,8,953654582
6405,67572650,43904,67616554,8,0,0,512,8,6327239586
6406,67589210,119615,67708825,8,0,0,28160,8,6573728898
6407,67602760,3898,67606658,0,0,1,4096,11,4681723359
6408,67638770,3387,67642157,4,0,1,9728,5,8440781532
6409,67659720,3387,67663107,7,0,1,9728,4,1323380615
6410,67671670,7230,67678900,5,0,1,7680,10,3795160318
6411,67673980,84771,67758751,8,0,0,18432,8,10706618511
6412,67675650,4236,67679886,0,0,1,1536,11,2287304633
6413,67688830,4162,67692992,7,0,1,11264,4,7440679153
6414,67730580,566,67731146,0,0,1,512,11,8161857615
6415,67737140,4374,67741514,0,0,1,4608,11,2803023104
6416,67779640,3898,67783538,0,0,1,4096,11,2817363613
6417,67795850,5326,67801176,7,0,1,5632,4,7094406230
6418,67797540,4302,67801842,5,0,1,1024,10,6484457424
6419,67806530,2946,67809476,7,0,1,3072,4,9400274720
6420,67827130,2946,67830076,5,0,1,3072,10,5806400544
6421,67844470,118148,67962618,8,0,0,46080,8,1384764979
6422,67846390,1518,67847908,0,0,1,1536,11,3683496012
6423,67853930,3904,67857834,0,0,1,10752,11,137575820
6424,67860900,2470,67863370,5,0,1,2560,10,6885752245
6425,67866710,7706,67874416,0,0,1,8192,11,8371662226
6426,67872030,4012,67876042,7,0,1,2560,4,7242562860
6427,67873740,3608,67877348,0,0,1,2048,11,4093611355
6428,67916010,3387,67919397,0,0,1,9728,11,103358566
6429,67922940,7230,67930170,0,0,1,7680,11,2450776514
6430,67935930,1994,67937924,7,0,1,2048,4,10608218305
6431,67943250,1042,67944292,7,0,1,1024,4,6589336607
6432,67963300,6229,67969529,5,0,1,15360,10,8222772444
6433,67968200,1675,67969875,7,0,1,512,4,3295892027
6434,67969160,4162,67973322,0,0,1,11264,11,1113608943
6435,67999550,5712,68005262,0,0,1,14336,11,3840434355
6436,68068010,1042,68069052,0,0,1,1024,11,3240264543
6437,68078430,3645,68082075,0,0,1,10240,11,1181677461
6438,68083430,3898,68087328,5,0,1,4096,10,5205197595
6439,68092180,2470,68094650,0,0,1,2560,11,6169979074
6440,68120140,5454,68125594,5,0,1,13824,10,8539197912
6441,68149630,3898,68153528,9,0,1,4096,3,7130389441
6442,68174720,566,68175286,0,0,1,512,11,6089143284
6443,68182180,1994,68184174,9,0,1,2048,3,9259374818
6444,68185510,169986,68355496,8,0,0,31744,8,8551351600
6445,68195010,4679,68199689,0,0,1,12288,11,8855446346
6446,68208360,3904,68212264,4,0,1,10752,5,322580634
6447,68212820,1518,68214338,9,0,1,1536,3,8034161945
6448,68226950,3422,68230372,0,0,1,3584,11,8949669881
6449,68227210,3508,68230718,9,0,1,512,3,2914453538
6450,68229820,5802,68235622,0,0,1,6144,11,6345405311
6451,68245760,1994,68247754,9,0,1,2048,3,10139383592
6452,68260980,566,68261546,5,0,1,512,10,4390271223
6453,68267030,2946,68269976,0,0,1,3072,11,10467050702
6454,68275660,4850,68280510,7,0,1,5120,4,4470818340
6455,68280950,5802,68286752,5,0,1,6144,10,9865517790
6456,68281500,6238,68287738,9,0,1,1536,3,5656661319
6457,68288850,3898,68292748,5,0,1,4096,10,3650867441
6458,68293400,115744,68409144,8,0,0,43008,8,5357380595
6459,68294700,64931,68359631,8,0,0,2048,8,4548115624
6460,68305900,566,68306466,9,0,1,512,3,6314911755
6461,68308340,275882,68584222,8,0,0,61440,8,7847317411
6462,68340780,157908,68498688,8,0,0,27136,8,5708640023
6463,68342100,1518,68343618,0,0,1,1536,11,3656570894
6464,68356420,300378,68656798,8,0,0,4608,8,3389961146
6465,68359750,4937,68364687,4,0,1,12800,5,903223971
6466,68367950,175616,68543566,8,0,0,10752,8,5578290628
6467,68386210,1042,68387252,5,0,1,1024,10,6379010326
6468,68409830,2470,68412300,7,0,1,2560,4,3416858357
6469,68416670,238694,68655364,8,0,0,64000,8,8802747282
6470,68429340,248845,68678185,8,0,0,70144,8,980949240
6471,68448610,172535,68621145,8,0,0,64000,8,3442785343
6472,68467710,121654,68589364,8,0,0,8704,8,8507134142
6473,68499590,3128,68502718,0,0,1,9216,11,7090667223
6474,68504410,4374,68508784,7,0,1,4608,4,2437906033
6475,68508390,180886,68689276,8,0,0,36352,8,9109863272
6476,68516060,3387,68519447,4,0,1,9728,5,5050321851
6477,68521930,1042,68522972,0,0,1,1024,11,10150172762
6478,68561090,23147,68584237,7,0,1,5632,4,10552386684
6479,68562850,21402,68584252,5,0,1,1024,10,3296180385
6480,68598810,22350,68621160,0,0,1,14336,11,6964887178
6481,68608430,15192,68623622,4,0,1,2560,5,8626147137
6482,68623650,1042,68624692,7,0,1,1024,4,5806346540
6483,68630170,1994,68632164,4,0,1,2048,5,1856193259
6484,68630890,24489,68655379,7,0,1,7168,4,3661867412
6485,68658920,173450,68832370,8,0,0,4608,8,10415059667
6486,68672800,20391,68693191,5,0,1,4096,10,716076949
6487,68700920,3898,68704818,7,0,1,4096,4,3680761690
6488,68702390,3645,68706035,5,0,1,10240,10,6719115538
6489,68703100,3601,68706701,5,0,1,1024,10,7810327323
6490,68738500,3645,68742145,8,0,1,10240,8,5578551418
6491,68745060,4374,68749434,0,0,1,4608,11,8014665219
6492,68746340,6000,68752340,4,0,1,4608,5,4005423458
6493,68753910,261032,69014942,8,0,0,25088,8,5999885575
6494,68754490,3422,68757912,0,0,1,3584,11,6578134222
6495,68769940,1042,68770982,0,0,1,1024,11,2451872712
6496,68840410,10499,68850909,5,0,1,16896,10,10526664198
6497,68858190,11533,68869723,8,0,1,18944,8,737860359
6498,68860590,11719,68872309,6,0,1,4096,8,7969530958
6499,68912400,3128,68915528,0,0,1,9216,11,4933647425
6500,68958980,4374,68963354,4,0,1,4608,5,5876583280
6501,68980730,12566,68993296,8,0,1,20992,8,1899781326
6502,69018810,1518,69020328,0,0,1,1536,11,5479460233
6503,69029420,13253,69042673,8,0,1,25600,8,6258273942
6504,69041090,3849,69044939,4,0,1,3584,5,7415070650
6505,69045270,308309,69353579,8,0,0,117760,8,4213359175
6506,69047170,51516,69098686,8,0,1,83456,8,489506481
6507,69051700,48292,69099992,4,0,1,2048,5,3206000282
6508,69054390,61155,69115545,8,0,1,49664,8,1674922679
6509,69057120,61012,69118132,4,0,1,4096,5,4394529525
6510,69082770,62306,69145076,8,0,1,88064,8,7894657671
6511,69088090,59892,69147982,0,0,1,4608,11,7695200910
6512,69090840,68791,69159631,8,0,1,39424,8,6038682316
6513,69119910,44906,69164816,8,0,1,16384,8,396733526
6514,69163370,3392,69166762,4,0,1,3072,5,5767713595
6515,69180220,566,69180786,4,0,1,512,5,583000976
6516,69181100,2946,69184046,4,0,1,3072,5,6065417761
6517,69201490,50999,69252489,8,0,1,82432,8,7822347494
6518,69205210,48150,69253360,8,0,1,12288,8,4277631723
6519,69212799,182067,69394866,7,0,0,3584,4,3967470769
6520,69217500,75948,69293448,8,0,1,102400,8,6055655887
6521,69220591,73203,69293794,3,0,1,512,0,4035943177
6522,69224041,71699,69295740,3,0,1,3072,0,773250607
6523,69244790,111650,69356440,8,0,0,9216,8,7185670305
6524,69251380,45666,69297046,4,0,1,2048,5,3417558387
6525,69253510,44522,69298032,4,0,1,1536,5,5820306336
6526,69299260,186084,69485344,8,0,0,1024,8,7845108119
6527,69313521,40073,69353594,3,0,1,12800,0,7083538899
6528,69313991,39618,69353609,3,0,1,8704,0,271479893
6529,69331881,28963,69360844,3,0,1,11776,0,4490844662
6530,69347340,35105,69382445,8,0,1,36864,8,5426032388
6531,69365740,18331,69384071,4,0,1,2560,5,4632738540
6532,69366940,20037,69386977,4,0,1,4608,5,6395613884
6533,69407330,94083,69501413,8,0,1,153088,8,1384687461
6534,69414571,92846,69507417,3,0,1,20480,0,7344734784
6535,69431010,82104,69513114,4,0,1,27136,5,7022331511
6536,69433120,90824,69523944,8,0,1,43520,8,10113916201
6537,69444771,80351,69525122,3,0,1,13824,0,7267003373
6538,69480590,61314,69541904,8,0,1,64000,8,2617141211
6539,69481770,274841,69756611,8,0,0,111104,8,8997602351
6540,69499140,64474,69563614,8,0,1,79360,8,4143157214
6541,69499250,65644,69564894,8,0,1,14336,8,8194264762
6542,69514570,55150,69569720,1,0,1,7680,17,8468815748
6543,69532830,38836,69571666,1,0,1,3072,17,5371413967
6544,69577311,6488,69583799,3,0,1,15872,0,4586097253
6545,69604660,1994,69606654,7,0,1,2048,4,8379795222
6546,69623221,5712,69628933,3,0,1,14336,0,7770102418
6547,69623630,55265,69678895,8,0,1,82944,8,9211639611
6548,69646670,37051,69683721,9,0,1,7680,3,4317727295
6549,69647160,48210,69695370,8,0,1,39424,8,1489985962
6550,69650430,46566,69696996,7,0,1,2560,4,8192129232
6551,69653840,44142,69697982,7,0,1,1536,4,1694277768
6552,69673070,25680,69698750,9,0,1,11776,3,9731334667
6553,69675270,26066,69701336,7,0,1,4096,4,8623317806
6554,69692750,9252,69702002,7,0,1,1024,4,6950233652
6555,69695050,7106,69702156,9,0,1,8704,3,4226558876
6556,69709480,566,69710046,7,0,1,512,4,5169843358
6557,69715241,4374,69719615,3,0,1,4608,0,3961553724
6558,69718100,38550,69756650,8,0,1,27648,8,8485620991
6559,69720890,40688,69761578,7,0,1,5120,4,4777771449
6560,69723170,41314,69764484,7,0,1,4608,4,3947381210
6561,69724090,41380,69765470,8,0,1,1536,8,2322070691
6562,69743710,39658,69783368,8,0,1,38400,8,9888241558
6563,69747280,37714,69784994,7,0,1,2560,4,2640200265
6564,69754311,33909,69788220,3,0,1,5120,0,1317099294
6565,69823390,157493,69980883,8,0,0,6144,8,8747806532
6566,69845221,566,69845787,3,0,1,512,0,2330966666
6567,69849141,4420,69853561,3,0,1,11776,0,6700610948
6568,69849571,5296,69854867,3,0,1,2048,0,6072363243
6569,69851660,5146,69856806,7,0,1,9728,4,4976039990
6570,69854690,5172,69859862,7,0,1,3584,4,1719719487
6571,69865410,5802,69871212,9,0,1,6144,3,4541326627
6572,69869710,1848,69871558,9,0,1,512,3,3602011521
6573,69898390,10499,69908889,9,0,1,16896,3,1151857684
6574,69918240,2470,69920710,7,0,1,2560,4,6179723087
6575,69946451,4850,69951301,3,0,1,5120,0,3352002960
6576,69946671,9776,69956447,3,0,1,8192,0,9700521995
6577,69951940,6773,69958713,9,0,1,3584,3,10159986191
6578,69954530,223989,70178519,8,0,0,82432,8,1736371509
6579,69994610,1042,69995652,7,0,1,1024,4,4811477574
6580,69995340,1994,69997334,9,0,1,2048,3,4189064947
6581,70041660,1042,70042702,9,0,1,1024,3,3910893244
6582,70067190,5802,70072992,5,0,1,6144,10,2184221795
6583,70135121,2470,70137591,3,0,1,2560,0,3504856152
6584,70175860,5521,70181381,9,0,1,8704,3,828104392
6585,70185300,303903,70489203,8,0,0,50688,8,7960998591
6586,70195259,1518,70196777,2,0,1,1536,12,757361117
6587,70200400,148323,70348723,8,0,0,14336,8,2451188188
6588,70241070,3898,70244968,5,0,1,4096,10,10608643578
6589,70269740,260240,70529980,8,0,0,17408,8,5701313204
6590,70284829,566,70285395,2,0,1,512,12,8658904127
6591,70307949,7706,70315655,2,0,1,8192,12,2802371221
6592,70316059,4850,70320909,2,0,1,5120,12,40244964
6593,70320370,4420,70324790,9,0,1,11776,3,3729758114
6594,70321520,199054,70520574,8,0,0,102912,8,8441133433
6595,70327050,197603,70524653,8,0,0,13312,8,3754795043
6596,70330810,264854,70595664,8,0,0,38912,8,5885057679
6597,70359460,247643,70607103,8,0,0,22016,8,9516855837
6598,70367010,12825,70379835,8,0,1,21504,8,8866289866
6599,70394601,1042,70395643,3,0,1,1024,0,10123641229
6600,70416670,4374,70421044,9,0,1,4608,3,3413392759
6601,70454500,3904,70458404,9,0,1,10752,3,1244785003
6602,70469450,566,70470016,9,0,1,512,3,1277952447
6603,70487850,44584,70532434,9,0,1,2560,3,10087812377
6604,70509080,26990,70536070,9,0,1,5632,3,2561375302
6605,70515080,21336,70536416,9,0,1,512,3,8853475840
6606,70540201,566,70540767,3,0,1,512,0,2650515548
6607,70554989,2946,70557935,2,0,1,3072,12,6667862459
6608,70572221,4374,70576595,3,0,1,4608,0,6897605692
6609,70577390,1042,70578432,1,0,1,1024,17,9803943591
6610,70587839,11504,70599343,2,0,1,10240,12,5021816738
6611,70593020,14106,70607126,1,0,1,7680,17,8093893690
6612,70594710,13924,70608634,1,0,1,4096,17,642897004
6613,70601530,243468,70844998,8,0,0,28160,8,5784457221
6614,70629940,5326,70635266,0,0,1,5632,11,3746217892
6615,70640990,3422,70644412,9,0,1,3584,3,10380867288
6616,70675250,104936,70780186,8,0,0,44544,8,9509040829
6617,70702591,5802,70708393,3,0,1,6144,0,8547784740
6618,70707730,120270,70828000,8,0,0,13824,8,591065821
6619,70731120,566,70731686,9,0,1,512,3,7115153778
6620,70735900,157017,70892917,8,0,0,57856,8,1298955326
6621,70737450,6278,70743728,9,0,1,6656,3,345002179
6622,70737660,137614,70875274,8,0,0,31744,8,7848425389
6623,70752680,566,70753246,0,0,1,512,11,6090066557
6624,70753080,566,70753646,1,0,1,512,17,7679557871
6625,70809490,2946,70812436,1,0,1,3072,17,1041571527
6626,70845740,3898,70849638,1,0,1,4096,17,2415379331
6627,70852940,4374,70857314,1,0,1,4608,17,4715505701
6628,70858301,2870,70861171,3,0,1,8704,0,2373468787
6629,70870769,23199,70893968,2,0,1,1024,12,10584877389
6630,70872901,27567,70900468,3,0,1,7680,0,2430583519
6631,70904941,3422,70908363,3,0,1,3584,0,944293970
6632,70908341,2008,70910349,3,0,1,2048,0,2447450049
6633,70974140,566,70974706,1,0,1,512,17,68644518
6634,71000360,5326,71005686,1,0,1,5632,17,1501188447
6635,71034550,45596,71080146,8,0,0,1024,8,10027301701
6636,71042590,302545,71345135,8,0,0,109568,8,646578334
6637,71063860,2470,71066330,1,0,1,2560,17,7348966384
6638,71066701,3387,71070088,3,0,1,9728,0,3586171580
6639,71071571,3904,71075475,3,0,1,10752,0,322983257
6640,71071610,315356,71386966,8,0,0,137216,8,996761424
6641,71077221,1518,71078739,3,0,1,1536,0,5655574231
6642,71085520,4162,71089682,4,0,1,11264,5,4159879811
6643,71105540,206196,71311736,8,0,0,45056,8,6867857924
6644,71164970,224055,71389025,8,0,0,6656,8,3539731760
6645,71173660,3422,71177082,4,0,1,3584,5,1676827215
6646,71175780,4374,71180154,4,0,1,4608,5,3861418046
6647,71188050,2470,71190520,5,0,1,2560,10,9560257647
6648,71197920,1518,71199438,5,0,1,1536,10,10551973546
6649,71198701,4850,71203551,3,0,1,5120,0,7091836377
6650,71233180,1994,71235174,4,0,1,2048,5,6477186280
6651,71255621,4850,71260471,3,0,1,5120,0,8828940974
6652,71268950,1042,71269992,4,0,1,1024,5,8594468731
6653,71271530,566,71272096,1,0,1,512,17,10244496161
6654,71289360,6488,71295848,4,0,1,15872,5,1995055555
6655,71313280,182991,71496271,8,0,0,37888,8,1048674061
6656,71323391,69140,71392531,3,0,1,3584,0,3287643905
6657,71331441,62076,71393517,3,0,1,1536,0,707302846
6658,71345550,48313,71393863,9,0,1,512,3,294024498
6659,71351640,55798,71407438,5,0,1,32256,10,2910810057
6660,71366430,41162,71407592,9,0,1,8704,3,2012801896
6661,71375800,33418,71409218,1,0,1,2560,17,206482545
6662,71378591,31293,71409884,3,0,1,1024,0,9885971288
6663,71424570,566,71425136,4,0,1,512,5,308560835
6664,71428180,145665,71573845,8,0,0,64512,8,3411526930
6665,71429151,566,71429717,3,0,1,512,0,6261710535
6666,71440190,1042,71441232,1,0,1,1024,17,5095032992
6667,71455750,5196,71460946,1,0,1,13312,17,7769287404
6668,71458130,3482,71461612,9,0,1,1024,3,9433328997
6669,71462430,2946,71465376,5,0,1,3072,10,8493023951
6670,71472400,1994,71474394,4,0,1,2048,5,5220968729
6671,71488311,11850,71500161,3,0,1,4096,0,3256815949
6672,71501410,42424,71543834,5,0,1,69120,10,588416421
6673,71513980,34040,71548020,7,0,1,6656,4,5037251158
6674,71521680,27966,71549646,4,0,1,2560,5,6913307220
6675,71539450,34410,71573860,5,0,1,20992,10,2248702385
6676,71567600,90397,71657997,5,0,1,140288,10,5380851237
6677,71570910,87958,71658868,6,0,1,12288,8,5054230301
6678,71580751,84530,71665281,3,0,1,22528,0,3849532012
6679,71587630,78317,71665947,6,0,1,1024,8,7238676333
6680,71602730,65163,71667893,6,0,1,3072,8,6864191439
6681,71614100,54459,71668559,7,0,1,11264,4,10460280094
6682,71624020,46485,71670505,4,0,1,3072,5,2344158434
6683,71628100,43391,71671491,4,0,1,1536,5,1935581176
6684,71638089,35348,71673437,2,0,1,3072,12,4348413725
6685,71639490,35253,71674743,9,0,1,2048,3,1078979623
6686,71640310,39822,71680132,5,0,1,25600,10,10198830842
6687,71651630,29168,71680798,9,0,1,1024,3,548780567
6688,71678360,5344,71683704,9,0,1,4608,3,603071636
6689,71692950,105670,71798620,5,0,1,175616,10,4546537553
6690,71693101,106902,71800003,3,0,1,14848,0,5533312836
6691,71694210,107739,71801949,1,0,1,3072,17,4688701101
6692,71696301,106621,71802922,3,0,1,12800,0,3517404846
6693,71706890,97338,71804228,4,0,1,2048,5,5009315138
6694,71711739,96035,71807774,2,0,1,5632,12,408886585
6695,71712249,96511,71808760,2,0,1,1536,12,7369868225
6696,71723030,303485,72026515,8,0,0,22528,8,9599879058
6697,71738140,70966,71809106,4,0,1,512,5,671390939
6698,71763560,47812,71811372,1,0,1,3584,17,4883526506
6699,71791549,22729,71814278,2,0,1,4608,12,9003262047
6700,71794850,323973,72118823,8,0,0,34816,8,10326126940
6701,71795920,218259,72014179,8,0,0,4096,8,8927809887
6702,71814631,133808,71948439,3,0,1,217088,0,8132654214
6703,71824830,127475,71952305,1,0,1,6144,17,3653286750
6704,71842380,110591,71952971,1,0,1,1024,17,8342222214
6705,71848200,107037,71955237,1,0,1,3584,17,7440884067
6706,71853880,102330,71956210,9,0,1,12800,3,8511928831
6707,71875039,85357,71960396,2,0,1,6656,12,9739725923
6708,71894660,66722,71961382,5,0,1,1536,10,3836764359
6709,71901210,64038,71965248,1,0,1,6144,17,4207625877
6710,71905480,62354,71967834,1,0,1,4096,17,10138048657
6711,71905600,66420,71972020,9,0,1,6656,3,5045184636
6712,71906440,63749,71970189,8,0,0,3072,8,10526368544
6713,71923050,50276,71973326,1,0,1,2048,17,3174688958
6714,71968200,168652,72136852,8,0,0,45568,8,6382050703
6715,72007739,1042,72008781,2,0,1,1024,12,6156839944
6716,72023720,113147,72136867,5,0,1,162816,10,5386722979
6717,72030930,105952,72136882,5,0,1,34304,10,3967189371
6718,72045680,94707,72140387,4,0,1,19968,5,7834801516
6719,72051881,99438,72151319,3,0,1,35840,0,4189088010
6720,72080550,72715,72153265,1,0,1,3072,17,2910615938
6721,72085829,67782,72153611,2,0,1,512,12,6160411673
6722,72139380,571742,72711122,8,0,0,22016,8,4749864088
6723,72142230,149598,72291828,8,0,0,2560,8,4862712211
6724,72144640,9637,72154277,4,0,1,1024,5,5609879867
6725,72155690,2470,72158160,9,0,1,2560,3,7686432977
6726,72158091,14545,72172636,3,0,1,28160,0,1927687929
6727,72167110,5872,72172982,4,0,1,512,5,3700269486
6728,72179809,7230,72187039,2,0,1,7680,12,4812775945
6729,72203590,3898,72207488,4,0,1,4096,5,8343250553
6730,72206270,1564,72207834,9,0,1,512,3,635552075
6731,72218871,16354,72235225,3,0,1,31744,0,4667238599
6732,72228610,279974,72508584,8,0,0,15360,8,18081238
6733,72252029,7706,72259735,2,0,1,8192,12,1941015353
6734,72263840,11274,72275114,5,0,1,18432,10,9544045103
6735,72272780,5880,72278660,9,0,1,5632,3,1231762448
6736,72280080,4374,72284454,1,0,1,4608,17,10132794118
6737,72280779,6901,72287680,2,0,1,5120,12,4753398100
6738,72282940,33964,72316904,5,0,1,58880,10,6139796609
6739,72285800,37005,72322805,5,0,1,28160,10,9815252939
6740,72295910,27561,72323471,9,0,1,1024,3,4488607022
6741,72307030,229221,72536251,8,0,0,53760,8,3743927917
6742,72307530,19807,72327337,7,0,1,6144,4,10230523596
6743,72312160,18723,72330883,7,0,1,5632,4,6846817621
6744,72316140,73833,72389973,5,0,1,120320,10,6097984580
6745,72332300,58019,72390319,7,0,1,512,4,134713316
6746,72351060,39925,72390985,1,0,1,1024,17,775940675
6747,72360980,33551,72394531,1,0,1,5632,17,9686702152
6748,72366890,28102,72394992,6,0,1,10240,8,719181900
6749,72368680,26658,72395338,1,0,1,512,17,10713644294
6750,72384710,10974,72395684,1,0,1,512,17,8906553679
6751,72409720,35312,72445032,5,0,1,61952,10,3613690757
6752,72417410,29248,72446658,6,0,1,2560,8,7198629936
6753,72421660,95270,72516930,5,0,1,146944,10,8143609155
6754,72438140,98126,72536266,9,0,1,7680,3,8276566359
6755,72439610,406234,72845844,8,0,0,31232,8,8527954120
6756,72443580,92701,72536281,6,0,1,512,8,7160967975
6757,72456040,80256,72536296,6,0,1,2048,8,3349019590
6758,72468360,82096,72550456,5,0,1,88576,10,8665414321
6759,72469890,82051,72551941,9,0,1,15360,3,5632840687
6760,72514630,64256,72578886,5,0,1,96256,10,6216441448
6761,72515890,63355,72579245,9,0,1,9728,3,3982054404
6762,72516730,66381,72583111,9,0,1,6144,3,5580008512
6763,72527500,279018,72806518,8,0,0,5632,8,4266203168
6764,72533310,53667,72586977,5,0,1,6144,10,1824208916
6765,72544110,91510,72635620,5,0,1,138240,10,10483828352
6766,72546160,121436,72667596,5,0,1,112128,10,5418540394
6767,72553790,386343,72940133,8,0,0,48640,8,932528154
6768,72561980,116036,72678016,5,0,1,33280,10,8848600264
6769,72631360,47527,72678887,6,0,1,12288,8,4074599229
6770,72637460,73677,72711137,8,0,1,100864,8,8357097
6771,72672480,531648,73204128,8,0,0,30208,8,5329171548
6772,72685810,40299,72726109,8,0,1,51200,8,8140580380
6773,72692140,92948,72785088,8,0,1,139264,8,10150209938
6774,72698520,98114,72796634,8,0,1,47104,8,3421997478
6775,72705000,128711,72833711,8,0,1,126464,8,449929924
6776,72730560,302484,73033044,8,0,0,3072,8,8632409440
6777,72731280,104377,72835657,9,0,1,3072,3,6529715597
6778,72753410,125590,72879000,5,0,1,131072,10,7928005738
6779,72759250,120736,72879986,9,0,1,1536,3,7071913755
6780,72760620,134817,72895437,8,0,1,57344,8,4922688280
6781,72766850,131173,72898023,4,0,1,4096,5,6317838786
6782,72769570,130079,72899649,4,0,1,2560,5,923194807
6783,72769920,136450,72906370,8,0,1,24064,8,9386656966
6784,72775110,147530,72922640,5,0,1,53248,10,418522846
6785,72846520,78386,72924906,5,0,1,3584,10,10549209802
6786,72935360,189820,73125180,8,0,0,64000,8,5172708913
6787,72956580,106962,73063542,8,0,1,178176,8,2385732263
6788,72962950,100938,73063888,9,0,1,512,3,2612319093
6789,73008060,56494,73064554,9,0,1,1024,3,3888192435
6790,73011550,55910,73067460,7,0,1,4608,4,2056652567
6791,73035429,32697,73068126,2,0,1,11264,12,10116165888
6792,73055100,101366,73156466,8,0,1,163840,8,1145031349
6793,73058560,98367,73156927,9,0,1,10240,3,10396040310
6794,73064090,124301,73188391,8,0,1,109568,8,3507959293
6795,73069770,122807,73192577,7,0,1,6656,4,4459528604
6796,73076130,128013,73204143,7,0,1,8192,4,2699797514
6797,73100400,133920,73234320,5,0,1,117760,10,3405368630
6798,73102710,143054,73245764,5,0,1,38400,10,239294192
6799,73113180,338835,73452015,8,0,0,24576,8,7770121001
6800,73147030,109154,73256184,8,0,1,33280,8,2853587946
6801,73162550,129924,73292474,5,0,1,124416,10,9460476407
6802,73226470,82171,73308641,8,0,1,52736,8,4380664619
6803,73231070,77917,73308987,7,0,1,512,4,3801471896
6804,73235980,75913,73311893,7,0,1,4608,4,3128812509
6805,73243970,89838,73333808,8,0,1,80384,8,9585040092
6806,73249790,87564,73337354,7,0,1,5632,4,1692060265
6807,73249870,89110,73338980,7,0,1,2560,4,9808893534
6808,73251200,90366,73341566,1,0,1,4096,17,4250078579
6809,73252750,89584,73342334,7,0,1,11776,4,9144856571
6810,73252890,121318,73374208,8,0,1,103424,8,3237441836
6811,73282020,97987,73380007,8,0,1,19456,8,3403669805
6812,73288520,92255,73380775,8,0,1,11776,8,6209586808
6813,73304220,80741,73384961,7,0,1,6656,4,5630212387
6814,73328130,61017,73389147,7,0,1,6656,4,9611919059
6815,73384680,124015,73508695,8,0,0,5632,8,9275833634
6816,73397660,5712,73403372,7,0,1,14336,4,7013149712
6817,73415070,3898,73418968,9,0,1,4096,3,8556306104
6818,73440470,1518,73441988,4,0,1,1536,5,1894313711
6819,73443780,8258,73452038,8,0,1,9728,8,1805053999
6820,73445210,228131,73673341,8,0,0,88576,8,10734938233
6821,73451660,946,73452606,7,0,1,512,4,7647019678
6822,73457180,84216,73541396,8,0,1,137216,8,316251913
6823,73460570,92270,73552840,8,0,1,46592,8,6933554358
6824,73463430,240431,73703861,1,0,0,9216,17,1637755570
6825,73474800,79346,73554146,4,0,1,2048,5,526581293
6826,73480110,613101,74093211,8,0,0,143360,8,4329062914
6827,73484490,96909,73581399,8,0,1,97792,8,3026387086
6828,73484590,99395,73583985,9,0,1,4096,3,8512295368
6829,73486170,99441,73585611,8,0,1,2560,8,9263726
6830,73486200,99770,73585970,9,0,1,9728,3,4404308832
6831,73487210,109794,73597004,8,0,1,36352,8,2168685770
6832,73494400,103270,73597670,9,0,1,11264,3,8223846885
6833,73495420,102916,73598336,7,0,1,1024,4,9092342036
6834,73497030,107924,73604954,9,0,1,23552,3,10096555056
6835,73500780,109000,73609780,9,0,1,7680,3,3638734944
6836,73501090,110636,73611726,8,0,1,3072,8,10432311130
6837,73546190,67482,73613672,9,0,1,3072,3,3866501762
6838,73549920,67298,73617218,9,0,1,5632,3,8816024919
6839,73551210,81561,73632771,8,0,1,57856,8,1353690776
6840,73565240,307642,73872882,1,0,0,3072,17,9092449506
6841,73585320,52943,73638263,7,0,1,17920,4,1804769664
6842,73587580,51669,73639249,9,0,1,1536,3,9982236570
6843,73603840,281266,73885106,8,0,0,2048,8,9670855314
6844,73609900,29708,73639608,8,0,1,9728,8,5739156782
6845,73610230,29737,73639967,9,0,1,9728,3,7434754795
6846,73635580,5373,73640953,9,0,1,1536,3,692073506
6847,73650860,25360,73676220,8,0,1,8704,8,6535038153
6848,73669350,7694,73677044,9,0,1,1024,3,9182092977
6849,73675160,558066,74233226,8,0,0,7680,8,9090174746
6850,73678340,1042,73679382,7,0,1,1024,4,10197311642
6851,73681400,415438,74096838,8,0,0,11776,8,4400452288
6852,73746060,566,73746626,9,0,1,512,3,7720441764
6853,73748230,2946,73751176,9,0,1,3072,3,9647620500
6854,73764650,4850,73769500,4,0,1,5120,5,496437253
6855,73776160,4374,73780534,4,0,1,4608,5,6632110111
6856,73786679,431847,74218526,7,0,0,50176,4,3963286980
6857,73801800,438619,74240419,1,0,0,19456,17,2349465064
6858,73818450,3128,73821578,4,0,1,9216,5,7255012617
6859,73840760,276487,74117247,8,0,0,60928,8,2686320119
6860,73848740,3645,73852385,4,0,1,10240,5,9400735381
6861,73870720,566,73871286,4,0,1,512,5,10029559258
6862,73874670,2870,73877540,4,0,1,8704,5,4555796989
6863,73974430,5326,73979756,4,0,1,5632,5,7920368575
6864,73983360,113493,74096853,8,0,1,163840,8,710358617
6865,74013010,83858,74096868,9,0,1,1024,3,7190738105
6866,74033250,231613,74264863,8,0,0,4608,8,4144096696
6867,74058069,334820,74392889,7,0,0,6656,4,3903672582
6868,74058070,201333,74259403,1,0,0,2560,17,5064943499
6869,74081380,35882,74117262,9,0,1,8704,3,3426438874
6870,74096430,345273,74441703,8,0,0,34816,8,9196430752
6871,74112040,150961,74263001,1,0,0,2048,17,5567339361
6872,74114870,10115,74124985,9,0,1,8192,3,6018179334
6873,74125780,566,74126346,9,0,1,512,3,5131359860
6874,74150750,2470,74153220,9,0,1,2560,3,5955838481
6875,74163740,347519,74511259,1,0,0,35840,17,1461368127
6876,74168890,3422,74172312,6,0,1,3584,8,4761736342
6877,74169830,3468,74173298,6,0,1,1536,8,9353694650
6878,74183570,244415,74427985,1,0,0,5632,17,4620207171
6879,74216710,179782,74396492,1,0,0,11776,17,9796865616
6880,74228890,4359,74233249,5,0,1,4096,10,1186164468
6881,74232010,8914,74240924,7,0,1,8192,4,1005157847
6882,74249850,215783,74465633,1,0,0,3584,17,10511799
6883,74255700,2470,74258170,9,0,1,2560,3,1458518772
6884,74255880,5975,74261855,9,0,1,5632,3,4323426851
6885,74257120,8281,74265401,6,0,1,5632,8,6807940685
6886,74262050,4017,74266067,6,0,1,1024,8,779714050
6887,74265990,5802,74271792,9,0,1,6144,3,9475811752
6888,74294330,1518,74295848,1,0,1,1536,17,2063283373
6889,74320540,14029,74334569,5,0,1,27136,10,1124617918
6890,74351450,3898,74355348,1,0,1,4096,17,5395654502
6891,74369330,1042,74370372,6,0,1,1024,8,9303181595
6892,74370680,43716,74414396,5,0,1,71680,10,2472899215
6893,74390400,93163,74483563,1,0,0,3072,17,5575159866
6894,74410099,142224,74552323,7,0,0,10752,4,5222150940
6895,74426310,15408,74441718,6,0,1,10752,8,9200298960
6896,74432020,65511,74497531,5,0,1,95232,10,7136156637
6897,74456880,41010,74497890,5,0,1,9728,10,9214078371
6898,74469940,41334,74511274,6,0,1,6656,8,8297227030
6899,74485160,26129,74511289,9,0,1,1536,3,7970154828
6900,74505110,8641,74513751,1,0,1,2560,17,2765624141
6901,74525140,3422,74528562,6,0,1,3584,8,1052212970
6902,74534090,3422,74537512,9,0,1,3584,3,7887540231
6903,74534860,3638,74538498,6,0,1,1536,8,9994386899
6904,74586040,13341,74599381,9,0,1,22528,3,5336889781
6905,74595259,275939,74871198,7,0,0,42496,4,9303503235
6906,74602640,4850,74607490,1,0,1,5120,17,4658186591
6907,74607680,22950,74630630,5,0,1,37888,10,10067253914
6908,74608920,24616,74633536,4,0,1,4608,5,6190513806
6909,74612910,20972,74633882,6,0,1,512,8,10159902698
6910,74645390,502348,75147738,8,0,0,47104,8,7832066755
6911,74646070,566,74646636,1,0,1,512,17,9168229595
6912,74651520,230955,74882475,8,0,0,3072,8,3859571045
6913,74652040,368505,75020545,8,0,0,65536,8,868678285
6914,74669440,500142,75169582,1,0,0,17408,17,9508228580
6915,74687780,53237,74741017,5,0,1,90112,10,4173243092
6916,74687860,57023,74744883,1,0,1,6144,17,7250756098
6917,74703320,46069,74749389,4,0,1,7168,5,252519357
6918,74707400,42450,74749850,1,0,1,10240,17,3465687070
6919,74709800,330827,75040627,8,0,0,39936,8,7205919896
6920,74711290,39226,74750516,4,0,1,11264,5,1389010303
6921,74716140,37602,74753742,0,0,1,5120,11,3910191162
6922,74720420,33994,74754414,4,0,1,1024,5,9846811952
6923,74725880,28874,74754754,6,0,1,512,8,288671403
6924,74743950,603172,75347122,8,0,0,63488,8,403424761
6925,74749379,546065,75295444,7,0,0,73728,4,9054980292
6926,74754350,6278,74760628,6,0,1,6656,8,10341601804
6927,74756910,5344,74762254,1,0,1,2560,17,6776036200
6928,74790420,512371,75302791,1,0,0,24064,17,9539575258
6929,74800209,288706,75088915,7,0,0,61952,4,10033523552
6930,74802920,566,74803486,1,0,1,512,17,5855900912
6931,74827380,12737,74840117,5,0,1,24576,10,7085673997
6932,74832290,85551,74917841,5,0,1,134656,10,6110712151
6933,74848160,70027,74918187,6,0,1,512,8,7940784992
6934,74856800,66981,74923781,5,0,1,18432,10,9301541673
6935,74867580,59107,74926687,1,0,1,4608,17,9880875420
6936,74875810,314706,75190516,8,0,0,68608,8,803994187
6937,74889579,513259,75402838,7,0,0,10752,4,2926244581
6938,74891639,320469,75212108,7,0,0,4096,4,4473057440
6939,74913040,350961,75264001,8,0,0,33280,8,4013304125
6940,74917740,9101,74926841,6,0,1,8704,8,5301592422
6941,74927490,12049,74939539,5,0,1,19968,10,8107852534
6942,74948100,2870,74950970,1,0,1,8704,17,94426246
6943,74957180,442367,75399547,1,0,0,90624,17,5224893146
6944,75024990,15652,75040642,5,0,1,7168,10,2418408584
6945,75033540,11944,75045484,4,0,1,5120,5,2565489870
6946,75047840,566,75048406,6,0,1,512,8,4850538103
6947,75048700,13341,75062041,6,0,1,22528,8,9722099409
6948,75050150,306866,75357016,8,0,0,4096,8,6650937818
6949,75056810,402429,75459239,8,0,0,26112,8,1703088120
6950,75063350,176016,75239366,1,0,0,10752,17,10084462014
6951,75064489,424859,75489348,7,0,0,49152,4,3868027952
6952,75069210,19728,75088938,4,0,1,4096,5,6882271402
6953,75072580,22179,75094759,6,0,1,6144,8,7006650730
6954,75074070,235718,75309788,8,0,0,18944,8,660479162
6955,75079130,241405,75320535,1,0,0,14848,17,10124483477
6956,75101680,46073,75147753,5,0,1,68096,10,1901169133
6957,75114620,33148,75147768,6,0,1,3584,8,2213866021
6958,75128309,303428,75431737,7,0,0,78336,4,7071258435
6959,75156969,1042,75158011,2,0,1,1024,12,4054549444
6960,75161210,8387,75169597,4,0,1,4608,5,8553543708
6961,75220270,4850,75225120,6,0,1,5120,8,600600278
6962,75257680,340094,75597774,1,0,0,79872,17,3305697095
6963,75314790,10241,75325031,6,0,1,16384,8,7230224214
6964,75322159,3858,75326017,2,0,1,1536,12,2337311439
6965,75330369,206513,75536882,7,0,0,11264,4,8371674524
6966,75337420,372819,75710239,3,0,0,8192,0,1783025151
6967,75345510,15683,75361193,6,0,1,27136,8,7827175147
6968,75349020,13479,75362499,5,0,1,2048,10,8421334629
6969,75351129,14596,75365725,2,0,1,5120,12,7910635234
6970,75418630,15110,75433740,6,0,1,2048,8,3403208707
6971,75419180,17564,75436744,4,0,1,4608,5,8944387760
6972,75432440,32132,75464572,5,0,1,49664,10,1653794020
6973,75439720,296644,75736364,8,0,0,60928,8,7013406275
6974,75450380,15498,75465878,6,0,1,2048,8,383212778
6975,75450890,19174,75470064,4,0,1,6656,5,7248208014
6976,75476920,14907,75491827,4,0,1,2560,5,2907525163
6977,75481970,225734,75707704,1,0,0,125440,17,1044003694
6978,75489849,5016,75494865,2,0,1,12288,12,805029601
6979,75503820,254774,75758594,8,0,0,11776,8,9634719567
6980,75556020,41769,75597789,5,0,1,32768,10,6160732577
6981,75572719,25085,75597804,2,0,1,4608,12,4015951285
6982,75601020,188798,75789818,8,0,0,52736,8,10440593642
6983,75607220,217295,75824515,1,0,0,5120,17,3182077976
6984,75646499,6278,75652777,2,0,1,6656,12,2718527139
6985,75658060,3387,75661447,6,0,1,9728,8,8845022164
6986,75663060,244964,75908024,1,0,0,10752,17,4791420110
6987,75669879,232928,75902807,7,0,0,13824,4,6938020268
6988,75671520,178513,75850033,1,0,0,2048,17,1182900022
6989,75685690,230335,75916025,1,0,0,1536,17,849843217
6990,75728259,307982,76036241,7,0,0,62464,4,9651254901
6991,75728610,253173,75981783,1,0,0,7680,17,6671576700
6992,75756660,7252,75763912,4,0,1,5632,5,3197353273
6993,75772080,17753,75789833,6,0,1,9216,8,5815035288
6994,75779279,12582,75791861,2,0,1,2048,12,6282198013
6995,75785320,68791,75854111,5,0,1,107008,10,4767278125
6996,75786180,343801,76129981,1,0,0,70656,17,3539564100
6997,75789900,66157,75856057,6,0,1,3072,8,4479013055
6998,75795600,154454,75950054,8,0,0,3584,8,3367329368
6999,75796270,60133,75856403,6,0,1,512,8,8900260870
7000,75806940,277983,76084923,8,0,0,27136,8,2272044549
7001,75836740,168028,76004768,8,0,0,35840,8,3470621263
7002,75866310,1994,75868304,9,0,1,2048,3,9729938976
7003,75868180,5454,75873634,5,0,1,13824,10,8201410353
7004,75873420,432171,76305591,1,0,0,151040,17,1397837134
7005,75880650,371823,76252473,1,0,0,46592,17,9606857728
7006,75922460,1042,75923502,7,0,1,1024,4,9594523307
7007,75924819,457678,76382497,7,0,0,76800,4,9511165612
7008,75942000,1994,75943994,6,0,1,2048,8,6094199228
7009,75945140,2870,75948010,6,0,1,8704,8,3923868684
7010,75963960,566,75964526,6,0,1,512,8,8140162331
7011,75977629,281912,76259541,7,0,0,19456,4,4003159464
7012,75979390,9106,75988496,6,0,1,7168,8,146979577
7013,75989660,146131,76135791,1,0,0,18944,17,7203563196
7014,76008520,459217,76467737,1,0,0,48640,17,8785257156
7015,76033090,5613,76038703,6,0,1,2560,8,7479759631
7016,76081760,371142,76452902,1,0,0,141824,17,6882600555
7017,76082690,463090,76545780,4,0,0,52736,5,2043587211
7018,76094900,4162,76099062,6,0,1,11264,8,1341948087
7019,76095030,34966,76129996,6,0,1,16384,8,10527891357
7020,76116480,24120,76140600,6,0,1,5120,8,4723399787
7021,76134420,7486,76141906,6,0,1,2048,8,10734581813
7022,76137180,8912,76146092,6,0,1,6656,8,1275516806
7023,76140599,365673,76506272,7,0,0,83968,4,10440612981
7024,76145050,466385,76611435,1,0,0,56832,17,10327866649
7025,76153419,528660,76682079,7,0,0,131584,4,8210120222
7026,76196470,353257,76549727,8,0,0,12800,8,6124921443
7027,76230350,606962,76837312,1,0,0,55296,17,7491968694
7028,76237280,15216,76252496,5,0,1,5120,10,10702206629
7029,76237359,22197,76259556,2,0,1,4608,12,5078703711
7030,76270969,471584,76742553,7,0,0,51200,4,7962533372
7031,76296299,233398,76529697,7,0,0,26624,4,6821783805
7032,76324180,297011,76621191,1,0,0,8192,17,8946692362
7033,76333179,425102,76758281,7,0,0,43520,4,4604184687
7034,76349350,419406,76768756,8,0,0,34304,8,548234552
7035,76355690,371248,76726938,1,0,0,5632,17,224087517
7036,76380820,317101,76697921,8,0,0,22528,8,1530287332
7037,76382769,324839,76707608,7,0,0,31744,4,1308033901
7038,76400619,5971,76406590,2,0,1,14848,12,6186221443
7039,76442239,248779,76691018,7,0,0,29184,4,9109469519
7040,76460890,101393,76562283,5,0,1,157184,10,6189400146
7041,76465970,113300,76579270,5,0,1,56832,10,10121510500
7042,76471260,432105,76903365,8,0,0,45568,8,8270080941
7043,76479869,398020,76877889,7,0,0,17408,4,7269703155
7044,76482540,242652,76725192,8,0,0,28672,8,8516755975
7045,76526739,54797,76581536,2,0,1,3584,12,9338521201
7046,76537849,44033,76581882,2,0,1,512,12,4611879499
7047,76546650,36615,76583265,5,0,1,14848,10,535085667
7048,76581160,398556,76979716,8,0,0,61952,8,2714412209
7049,76593750,175513,76769263,1,0,0,1536,17,3059049358
7050,76594740,17253,76611993,5,0,1,512,10,6888213006
7051,76629450,210381,76839831,8,0,0,8192,8,8660037775
7052,76643860,63779,76707639,0,0,1,2560,11,5523977590
7053,76653609,166832,76820441,7,0,0,27136,4,5334569541
7054,76665859,41803,76707662,2,0,1,8192,12,7526903364
7055,76674789,324955,76999744,7,0,0,29184,4,7098738593
7056,76681840,31723,76713563,5,0,1,14848,10,3017075606
7057,76690980,34227,76725207,5,0,1,17920,10,9967492472
7058,76698630,376068,77074698,1,0,0,33280,17,9998292531
7059,76743759,247078,76990837,7,0,0,19968,4,4226970197
7060,76748579,23132,76771711,2,0,1,3072,12,5305714359
7061,76750630,297883,77048513,1,0,0,11264,17,8243779633
7062,76754800,45658,76800458,5,0,1,49664,10,9272588568
7063,76776259,208479,76984738,7,0,0,16384,4,532981579
7064,76792580,142621,76935201,1,0,0,37376,17,8786429477
7065,76792849,352601,77145450,7,0,0,20480,4,5783739169
7066,76815249,445692,77260941,7,0,0,74752,4,5215533836
7067,76816130,290224,77106354,8,0,0,70144,8,9978763391
7068,76836410,9215,76845625,0,0,1,6144,11,8574433477
7069,76850609,4850,76855459,2,0,1,5120,12,9562424886
7070,76864890,3645,76868535,0,0,1,10240,11,5640285845
7071,76882370,21010,76903380,5,0,1,20992,10,8062505734
7072,76911140,24076,76935216,0,0,1,37888,11,4592785451
7073,76923470,32558,76956028,0,0,1,53248,11,1702218150
7074,76929710,50021,76979731,0,0,1,45568,11,5935228077
7075,76930200,127151,77057351,8,0,1,168448,8,14985835
7076,76976180,98533,77074713,8,0,1,35840,8,8671698610
7077,76977629,97099,77074728,2,0,1,9728,12,9396383023
7078,76981339,93404,77074743,2,0,1,6656,12,1305037232
7079,76982090,434566,77416656,1,0,0,96768,17,8611876965
7080,76987090,96772,77083862,5,0,1,44544,10,8504000040
7081,76995180,233851,77229031,8,0,0,512,8,646368468
7082,77022549,83820,77106369,2,0,1,5120,12,2169643707
7083,77024930,248506,77273436,8,0,0,40960,8,9341875807
7084,77049460,59543,77109003,5,0,1,72192,10,5644739547
7085,77078119,31550,77109669,2,0,1,1024,12,2396484635
7086,77078800,33455,77112255,8,0,1,4096,8,3210410918
7087,77094499,20982,77115481,2,0,1,5120,12,3166396985
7088,77103009,350369,77453378,7,0,0,64000,4,5759625609
7089,77104290,329573,77433863,8,0,0,56320,8,9335030470
7090,77104610,282532,77387142,1,0,0,47104,17,7070524450
7091,77107459,365769,77473228,7,0,0,54784,4,8613697318
7092,77126700,18765,77145465,5,0,1,28160,10,6598285256
7093,77128790,42127,77170917,0,0,1,62464,11,5485750963
7094,77130590,96846,77227436,8,0,1,118784,8,8065629177
7095,77138690,134761,77273451,8,0,1,55808,8,1229365497
7096,77140460,133006,77273466,0,0,1,80896,11,674384113
7097,77141059,338174,77479233,7,0,0,19456,4,1209932865
7098,77153630,204218,77357848,8,0,1,207360,8,6848222336
7099,77159399,199435,77358834,2,0,1,1536,12,8153983937
7100,77179570,207587,77387157,8,0,1,52224,8,2381810315
7101,77191140,333913,77525053,1,0,0,43008,17,9141970878
7102,77220160,438325,77658485,8,0,0,20480,8,3647771950
7103,77239990,213403,77453393,8,0,1,115712,8,9358558015
7104,77322790,285391,77608181,8,0,0,87040,8,7243349601
7105,77327090,126318,77453408,1,0,1,3072,17,4114995786
7106,77376850,96393,77473243,1,0,1,6144,17,8858571770
7107,77396560,76698,77473258,1,0,1,2048,17,10372164223
7108,77399800,217912,77617712,8,0,0,31232,8,9439474429
7109,77403980,75268,77479248,8,0,1,21504,8,1029854847
7110,77415630,63633,77479263,0,0,1,10240,11,10299705614
7111,77418210,61108,77479318,1,0,1,3072,17,9458081112
7112,77420430,577547,77997977,8,0,0,109568,8,1920608227
7113,77425419,414262,77839681,7,0,0,77312,4,9081103349
7114,77453620,298058,77751678,1,0,0,3072,17,416924276
7115,77458600,400136,77858736,1,0,0,62464,17,8918115748
7116,77461870,18469,77480339,1,0,1,1024,17,1309229106
7117,77472279,246539,77718818,7,0,0,1024,4,9838487713
7118,77472479,648991,78121470,7,0,0,26112,4,9579536080
7119,77473110,21336,77494446,8,0,1,28672,8,520656026
7120,77475750,19362,77495112,1,0,1,1024,17,4931218185
7121,77481209,436603,77917812,7,0,0,69632,4,9243438785
7122,77493110,3308,77496418,8,0,1,2048,8,7480196492
7123,77527989,510977,78038966,7,0,0,15872,4,10407760243
7124,77529729,710129,78239858,7,0,0,166912,4,7195645597
7125,77608940,421414,78030354,4,0,0,83456,5,2441216377
7126,77617590,387282,78004872,8,0,0,22528,8,10624832367
7127,77675060,5326,77680386,7,0,1,5632,4,1162721603
7128,77682780,382324,78065104,1,0,0,4096,17,3638276107
7129,77684010,4850,77688860,1,0,1,5120,17,5795548145
7130,77751369,437610,78188979,7,0,0,25600,4,995717093
7131,77777170,32816,77809986,0,0,1,53760,11,3827262869
7132,77807180,679384,78486564,4,0,0,15360,5,9890040266
7133,77819560,361604,78181164,8,0,0,123904,8,3855629861
7134,77867689,1994,77869683,2,0,1,2048,12,4067602814
7135,77881770,519804,78401574,4,0,0,45056,5,5449529284
7136,77914510,494099,78408609,1,0,0,23040,17,106574912
7137,77945080,59815,78004895,0,0,1,76800,11,7101454837
7138,77963960,85849,78049809,0,0,1,77312,11,105187298
7139,77969730,445877,78415607,8,0,0,1536,8,6816236392
7140,77977470,83476,78060946,0,0,1,36864,11,1114289720
7141,77993830,323239,78317069,4,0,0,512,5,427159297
7142,78022770,217103,78239873,0,0,1,202752,11,6841048643
7143,78032330,207558,78239888,1,0,1,10752,17,5844930933
7144,78054110,185793,78239903,9,0,1,2560,3,4013239761
7145,78055129,479608,78534737,7,0,0,78848,4,755200122
7146,78064009,175925,78239934,2,0,1,3584,12,2594058572
7147,78078160,531491,78609651,1,0,0,98816,17,7783093657
7148,78078550,161399,78239949,1,0,1,5120,17,9917309454
7149,78083459,578972,78662431,7,0,0,11264,4,2049655999
7150,78104849,135115,78239964,2,0,1,9728,12,7339326639
7151,78127399,603435,78730834,7,0,0,11264,4,2648633346
7152,78128060,335340,78463400,8,0,0,34304,8,5785667657
7153,78133469,593918,78727387,7,0,0,175616,4,10223796485
7154,78136910,296841,78433751,1,0,0,5632,17,3066248819
7155,78140530,438982,78579512,8,0,0,51200,8,5883352383
7156,78141279,158187,78299466,7,0,0,3072,4,2080294074
7157,78160670,80308,78240978,9,0,1,1024,3,7203167386
7158,78168809,76601,78245410,2,0,1,12800,12,5175851836
7159,78168980,78263,78247243,4,0,1,8704,5,4235580977
7160,78190590,230485,78421075,4,0,0,512,5,5379984558
7161,78203359,50896,78254255,2,0,1,7680,12,2260035093
7162,78203390,413058,78616448,4,0,0,1024,5,5122487440
7163,78205599,528074,78733673,7,0,0,9216,4,2162972975
7164,78205799,52642,78258441,2,0,1,6656,12,5283155241
7165,78220200,584854,78805054,8,0,0,6144,8,4196237747
7166,78222010,522942,78744952,1,0,0,36864,17,2250291600
7167,78232389,28318,78260707,2,0,1,3584,12,8416376941
7168,78237530,386453,78623983,4,0,0,1024,5,3362128855
7169,78247200,649383,78896583,1,0,0,143872,17,7856266895
7170,78259919,1134,78261053,2,0,1,512,12,7091823139
7171,78261219,276029,78537248,7,0,0,8192,4,238511491
7172,78261670,566,78262236,1,0,1,512,17,8520616849
7173,78263540,181914,78445454,4,0,0,512,5,3324207766
7174,78273661,2470,78276131,3,0,1,2560,0,2636776564
7175,78281200,1994,78283194,1,0,1,2048,17,7901785595
7176,78307800,357633,78665433,1,0,0,9728,17,1083734377
7177,78319939,4374,78324313,2,0,1,4608,12,6441839119
7178,78333699,4374,78338073,2,0,1,4608,12,1021076309
7179,78338700,620565,78959265,1,0,0,40960,17,6567730018
7180,78365600,3898,78369498,4,0,1,4096,5,9783743793
7181,78368850,2946,78371796,4,0,1,3072,5,9711861788
7182,78392569,517560,78910129,7,0,0,12800,4,9243117212
7183,78411699,1518,78413217,2,0,1,1536,12,9211229701
7184,78418160,2930,78421090,9,0,1,8704,3,5735038679
7185,78425169,2470,78427639,2,0,1,2560,12,4607360002
7186,78439301,97970,78537271,3,0,1,131584,0,2386621629
7187,78461790,75496,78537286,4,0,1,4608,5,7847444266
7188,78469389,302748,78772137,7,0,0,13824,4,2986958754
7189,78482230,423899,78906129,8,0,0,31232,8,7645754070
7190,78489370,47931,78537301,9,0,1,4096,3,7759341396
7191,78490139,425191,78915330,7,0,0,16896,4,1953282366
7192,78517011,92655,78609666,3,0,1,63488,0,5275333152
7193,78541150,68531,78609681,4,0,1,3072,5,6946883698
7194,78545009,64687,78609696,2,0,1,3072,12,5243277436
7195,78549470,60241,78609711,9,0,1,4608,3,9016856023
7196,78553150,663784,79216934,8,0,0,39424,8,1030297505
7197,78569279,392885,78962164,7,0,0,8192,4,1971754110
7198,78570369,490734,79061103,7,0,0,13312,4,1954168135
7199,78611139,721045,79332184,7,0,0,20992,4,7476980417
7200,78621600,6754,78628354,9,0,1,7168,3,4888116750
7201,78626050,3610,78629660,4,0,1,2048,5,1156211576
7202,78632801,5196,78637997,3,0,1,13312,0,1845260609
7203,78650860,1042,78651902,1,0,1,1024,17,4232253068
7204,78656819,5635,78662454,2,0,1,5120,12,8383150056
7205,78661440,813002,79474442,8,0,0,171520,8,4969439708
7206,78681130,65800,78746930,4,0,1,2048,5,8089321684
7207,78690709,59701,78750410,2,0,1,5120,12,4735841973
7208,78703499,47897,78751396,2,0,1,1536,12,9809503682
7209,78707310,683981,79391291,4,0,0,1024,5,1756888116
7210,78709720,43622,78753342,4,0,1,3072,5,9235048527
7211,78712050,438292,79150342,1,0,0,70144,17,1880130584
7212,78727210,911623,79638833,1,0,0,136704,17,9379458812
7213,78736331,25495,78761826,3,0,1,25600,0,1418868533
7214,78745161,17126,78762287,3,0,1,10240,0,7167171354
7215,78746689,478692,79225381,7,0,0,27648,4,9877787973
7216,78753240,9713,78762953,9,0,1,1024,3,2290154523
7217,78758330,8169,78766499,9,0,1,5632,3,7702201777
7218,78763171,133427,78896598,3,0,1,152064,0,2969921887
7219,78766041,140127,78906168,3,0,1,88064,0,323844601
7220,78767199,138984,78906183,2,0,1,7680,12,10467979528
7221,78769470,594155,79363625,4,0,0,1024,5,2855963630
7222,78769739,783249,79552988,7,0,0,205312,4,2993231163
7223,78796560,109638,78906198,9,0,1,1024,3,3249032230
7224,78797550,112594,78910144,9,0,1,5120,3,1568422289
7225,78806490,103669,78910159,9,0,1,3072,3,4233514890
7226,78818100,506698,79324798,1,0,0,136704,17,10510410397
7227,78824840,772155,79596995,1,0,0,144384,17,3906383753
7228,78839090,76255,78915345,5,0,1,45056,10,7813451764
7229,78866250,478608,79344858,1,0,0,28160,17,5369670688
7230,78867190,800930,79668120,8,0,0,33280,8,39630760
7231,78870839,454910,79325749,7,0,0,3072,4,4167010307
7232,78889181,90260,78979441,3,0,1,108032,0,2338812866
7233,78889389,587408,79476797,7,0,0,7680,4,1278640105
7234,78895751,83946,78979697,3,0,1,9216,0,7895047779
7235,78926040,56243,78982283,4,0,1,4096,5,10379961720
7236,78933440,55461,78988901,4,0,1,23552,5,7422478724
7237,78933891,57276,78991167,3,0,1,3584,0,5461783878
7238,78952910,644256,79597166,4,0,0,512,5,5054730837
7239,78963581,38006,79001587,3,0,1,33280,0,450614540
7240,78969520,519067,79488587,4,0,0,512,5,6078809744
7241,78983790,23289,79007079,0,0,1,26112,11,3646431804
7242,78994701,14964,79009665,3,0,1,4096,0,9449876039
7243,79010550,636106,79646656,8,0,0,25600,8,581371599
7244,79013460,644326,79657786,8,0,0,30720,8,7610261309
7245,79022639,764513,79787152,7,0,0,84480,4,4529994665
7246,79051640,3645,79055285,4,0,1,10240,5,5635126027
7247,79052631,8487,79061118,3,0,1,9728,0,795641360
7248,79054090,25099,79079189,0,0,1,34816,11,7199754263
7249,79056490,628548,79685038,1,0,0,43520,17,898696704
7250,79062531,17836,79080367,3,0,1,13824,0,6536813454
7251,79068850,647146,79715996,4,0,0,2560,5,110702638
7252,79080400,149752,79230152,4,0,0,1024,5,5404257232
7253,79084160,2870,79087030,4,0,1,8704,5,6776264460
7254,79099400,2470,79101870,9,0,1,2560,3,6577025100
7255,79118410,1994,79120404,4,0,1,2048,5,5032179347
7256,79156320,320656,79476976,4,0,0,512,5,7295102385
7257,79160581,14545,79175126,3,0,1,28160,0,9464249712
7258,79162070,16922,79178992,0,0,1,6144,11,3379181971
7259,79189450,458961,79648411,8,0,0,5632,8,8947776862
7260,79200670,24726,79225396,5,0,1,27648,10,3384223946
7261,79210710,447255,79657965,4,0,0,512,5,7584901063
7262,79280400,53841,79334241,0,0,1,88064,11,1700791440
7263,79283040,52231,79335271,0,0,1,9216,11,2464499201
7264,79296950,580629,79877579,1,0,0,121856,17,1812768084
7265,79321840,499388,79821228,8,0,0,10752,8,6341084973
7266,79339510,49485,79388995,0,0,1,75776,11,2764293441
7267,79346280,471486,79817766,8,0,0,33280,8,1672611237
7268,79369880,21061,79390941,0,0,1,3072,11,8468023860
7269,79383330,424273,79807603,1,0,0,67072,17,4821282554
7270,79383860,449812,79833672,4,0,0,6144,5,10587674262
7271,79392681,3422,79396103,3,0,1,3584,0,5634782501
7272,79413800,257955,79671755,8,0,0,11776,8,1999661135
7273,79415419,334745,79750164,7,0,0,1024,4,3113192397
7274,79415949,330987,79746936,7,0,0,512,4,10168357586
7275,79439719,522917,79962636,7,0,0,42496,4,10705582708
7276,79465529,530856,79996385,7,0,0,42496,4,2327218712
7277,79470161,14555,79484716,3,0,1,8192,0,1763383477
7278,79473780,561400,80035180,1,0,0,10752,17,1173812268
7279,79482619,549270,80031889,7,0,0,61952,4,9739113659
7280,79500651,184402,79685053,3,0,1,9728,0,3091489448
7281,79510719,501304,80012023,7,0,0,43008,4,6156389825
7282,79529860,597214,80127074,8,0,0,1024,8,307592003
7283,79565511,119557,79685068,3,0,1,2048,0,419461180
7284,79611240,372174,79983414,8,0,0,68096,8,756013812
7285,79639800,554069,80193869,8,0,0,75264,8,8383807215
7286,79640300,199828,79840128,1,0,0,7168,17,661648060
7287,79652709,400618,80053327,7,0,0,23552,4,9137438388
7288,79678490,334492,80012982,8,0,0,3072,8,7846033355
7289,79689500,398554,80088054,8,0,0,38912,8,1639830627
7290,79694080,142226,79836306,4,0,0,2048,5,4703665779
7291,79699241,6754,79705995,3,0,1,7168,0,898350023
7292,79709050,108887,79817937,4,0,0,512,5,3603636072
7293,79716030,564826,80280856,8,0,0,184832,8,2667300148
7294,79721111,1994,79723105,3,0,1,2048,0,9390223314
7295,79745630,363418,80109048,8,0,0,11776,8,8203079595
7296,79755780,243116,79998896,8,0,0,8192,8,7713606807
7297,79770460,694736,80465196,1,0,0,48128,17,7212145118
7298,79820220,306527,80126747,1,0,0,14848,17,5741585474
7299,79832140,45470,79877610,0,0,1,46592,11,5296840256
7300,79835420,457402,80292822,8,0,0,512,8,6542343527
7301,79853390,673759,80527149,8,0,0,9216,8,6509220353
7302,79864230,17314,79881544,1,0,1,4096,17,7601938835
7303,79874650,414044,80288694,1,0,0,3072,17,3383317011
7304,79886800,54358,79941158,0,0,1,89088,11,259997829
7305,79895410,46734,79942144,1,0,1,1536,17,7090385808
7306,79917129,370614,80287743,7,0,0,22528,4,5646468811
7307,79927310,15295,79942605,1,0,1,10240,17,565496163
7308,79935209,10302,79945511,2,0,1,4608,12,9797769416
7309,79942810,3367,79946177,0,0,1,1024,11,8930224721
7310,79946279,16372,79962651,2,0,1,4096,12,8860944751
7311,79951420,466484,80417904,8,0,0,82432,8,4512654104
7312,79976099,59112,80035211,2,0,1,4096,12,7574003750
7313,79982180,225876,80208056,4,0,0,512,5,7859290505
7314,80007880,53997,80061877,0,0,1,48640,11,7771731647
7315,80016030,427685,80443715,1,0,0,84480,17,3654023002
7316,80020830,425124,80445954,8,0,0,7168,8,3902323343
7317,80021410,454761,80476171,8,0,0,35840,8,226621370
7318,80028389,539742,80568131,7,0,0,512,4,1770972455
7319,80048099,402402,80450501,7,0,0,14848,4,5299077638
7320,80049480,13703,80063183,0,0,1,2048,11,10710348609
7321,80056070,8099,80064169,1,0,1,1536,17,7520939938
7322,80060220,513190,80573410,4,0,0,512,5,8667623892
7323,80074250,148065,80222315,4,0,0,512,5,9464607461
7324,80108310,33717,80142027,0,0,1,57344,11,4427135435
7325,80111319,32014,80143333,2,0,1,2048,12,7080637050
7326,80119620,270773,80390393,1,0,0,19968,17,9072607021
7327,80130880,63004,80193884,0,0,1,89600,11,5991077339
7328,80146120,246214,80392334,4,0,0,2560,5,9923268798
7329,80217880,88927,80306807,4,0,0,512,5,7473595463
7330,80222550,455760,80678310,1,0,0,44544,17,6118133200
7331,80231839,146434,80378273,7,0,0,2048,4,4477909848
7332,80246280,84147,80330427,0,0,1,67584,11,5168747541
7333,80248970,82123,80331093,1,0,1,1024,17,4454410291
7334,80254959,78080,80333039,2,0,1,3072,12,4044160169
7335,80256989,407734,80664723,7,0,0,50176,4,3909864621
7336,80258160,76364,80334524,5,0,1,15360,10,3713171910
7337,80298590,36190,80334780,1,0,1,9216,17,6730899219
7338,80311719,24047,80335766,2,0,1,1536,12,5330530219
7339,80314450,178547,80492997,0,0,1,282624,11,1850199009
7340,80323109,171514,80494623,2,0,1,2560,12,7313626294
7341,80343610,151372,80494982,0,0,1,9728,11,265323556
7342,80354870,435969,80790839,4,0,0,1024,5,2100537390
7343,80366060,353985,80720045,1,0,0,11776,17,1318271781
7344,80379060,120108,80499168,0,0,1,6656,11,1133907722
7345,80387249,620498,81007747,7,0,0,169984,4,3940600848
7346,80407749,97116,80504865,2,0,1,18944,12,10509669293
7347,80417880,89891,80507771,1,0,1,4608,17,6711729392
7348,80421250,87187,80508437,1,0,1,1024,17,3042240300
7349,80436240,77343,80513583,1,0,1,8192,17,3100622057
7350,80437299,78550,80515849,2,0,1,3584,12,4669993932
7351,80448810,70905,80519715,9,0,1,6144,3,1944129310
7352,80461219,269690,80730909,7,0,0,22016,4,2275537728
7353,80461620,59401,80521021,1,0,1,2048,17,4671357281
7354,80487779,34318,80522097,2,0,1,13312,12,3514425649
7355,80491329,313469,80804798,7,0,0,25088,4,9062372535
7356,80511580,15663,80527243,1,0,1,8192,17,5016001834
7357,80525759,5756,80531515,2,0,1,4608,12,974345802
7358,80541430,53583,80595013,0,0,1,87552,11,10035715475
7359,80558869,384344,80943213,7,0,0,96768,4,403018052
7360,80568140,379612,80947752,8,0,0,14848,8,907507330
7361,80569170,453762,81022932,1,0,0,40960,17,2655148593
7362,80571139,25180,80596319,2,0,1,2048,12,5605106687
7363,80577580,20365,80597945,1,0,1,2560,17,7877472647
7364,80585690,211449,80797139,4,0,0,1536,5,10157558302
7365,80628920,566,80629486,4,0,1,512,5,4997511942
7366,80634440,5802,80640242,1,0,1,6144,17,5659306123
7367,80640299,370138,81010437,7,0,0,1536,4,2888295132
7368,80640510,310795,80951305,4,0,0,1536,5,291693677
7369,80677500,4224,80681724,1,0,1,3584,17,2880935838
7370,80680790,219776,80900566,4,0,0,1536,5,537862684
7371,80683780,359961,81043741,8,0,0,44544,8,3968574609
7372,80686180,341447,81027627,8,0,0,15360,8,5716623918
7373,80687210,4937,80692147,1,0,1,12800,17,3757530060
7374,80687270,5543,80692813,1,0,1,1024,17,2003121138
7375,80703090,210624,80913714,8,0,0,13824,8,7512799521
7376,80715150,294804,81009954,8,0,0,7168,8,8833465553
7377,80719319,383150,81102469,7,0,0,12800,4,1513281333
7378,80730170,313922,81044092,4,0,0,1024,5,890482020
7379,80748410,6278,80754688,1,0,1,6656,17,10509059001
7380,80751030,6884,80757914,1,0,1,5120,17,6599117333
7381,80768390,448822,81217212,8,0,0,30720,8,6869122426
7382,80787059,3387,80790446,2,0,1,9728,12,4831442852
7383,80800010,393880,81193890,8,0,0,130048,8,1881174152
7384,80800610,229544,81030154,1,0,0,8192,17,2721307027
7385,80849939,1518,80851457,2,0,1,1536,12,7897221947
7386,80850669,5802,80856471,2,0,1,6144,12,7407916746
7387,80943119,191404,81134523,7,0,0,2048,4,3140340132
7388,80952790,254547,81207337,1,0,0,44032,17,5809569088
7389,80962100,120117,81082217,4,0,0,512,5,306756825
7390,80990680,362171,81352851,1,0,0,96768,17,10308850558
7391,80992780,239435,81232215,4,0,0,512,5,997183473
7392,81002330,297121,81299451,1,0,0,3584,17,7224044199
7393,81003860,47446,81051306,7,0,1,7680,4,998726389
7394,81018790,335012,81353802,4,0,0,3072,5,444030639
7395,81042439,183383,81225822,7,0,0,2048,4,9317502725
7396,81051850,338328,81390178,8,0,0,39424,8,708712318
7397,81092110,165221,81257331,4,0,0,512,5,4853977128
7398,81101469,131613,81233082,7,0,0,1024,4,4083670667
7399,81126149,1994,81128143,2,0,1,2048,12,2031734728
7400,81146309,1518,81147827,2,0,1,1536,12,2548471148
7401,81152590,204534,81357124,8,0,0,10752,8,1519961134
7402,81156140,61095,81217235,7,0,1,13824,4,6033177289
7403,81156529,125705,81282234,7,0,0,1024,4,5991365519
7404,81183999,33251,81217250,2,0,1,1024,12,2629484536
7405,81191930,264072,81456002,4,0,0,512,5,8818395073
7406,81200800,253846,81454646,8,0,0,6144,8,3987740608
7407,81207659,14403,81222062,2,0,1,5120,12,1646488145
7408,81220550,290171,81510721,1,0,0,11776,17,4801148493
7409,81238520,210500,81449020,8,0,0,34816,8,8935385937
7410,81250640,5802,81256442,7,0,1,6144,4,4788687900
7411,81253930,148337,81402267,1,0,0,1024,17,10026515364
7412,81267790,421050,81688840,8,0,0,104448,8,10116258102
7413,81291049,1518,81292567,2,0,1,1536,12,2862799435
7414,81291890,61935,81353825,5,0,1,89088,10,3489053678
7415,81303080,54100,81357180,5,0,1,35840,10,8362144349
7416,81308510,428612,81737122,1,0,0,75264,17,9419894720
7417,81331919,475290,81807209,7,0,0,512,4,4468454991
7418,81350460,183730,81534190,1,0,0,10752,17,2407313041
7419,81375620,192522,81568142,8,0,0,59392,8,6254709266
7420,81377530,335317,81712847,8,0,0,15360,8,3564128620
7421,81381760,463153,81844913,1,0,0,91648,17,4469275771
7422,81390319,566,81390885,2,0,1,512,12,10204320047
7423,81401099,1183,81402282,2,0,1,1024,12,5419442659
7424,81403569,4850,81408419,2,0,1,5120,12,3949078707
7425,81409469,4850,81414319,2,0,1,5120,12,177816105
7426,81415689,292077,81707766,7,0,0,512,4,3944667523
7427,81416639,3898,81420537,2,0,1,4096,12,1571875414
7428,81417109,4734,81421843,2,0,1,2048,12,9056434407
7429,81439020,524544,81963564,1,0,0,30208,17,3866832777
7430,81444130,152194,81596324,4,0,0,1024,5,8794327459
7431,81465819,2870,81468689,2,0,1,8704,12,4712214644
7432,81474469,1994,81476463,2,0,1,2048,12,8653315428
7433,81477539,566,81478105,2,0,1,512,12,3017624545
7434,81491590,33245,81524835,5,0,1,57856,10,3555152918
7435,81523470,235970,81759440,4,0,0,512,5,1089044939
7436,81525540,395622,81921162,8,0,0,68608,8,7266274553
7437,81553349,37689,81591038,2,0,1,40960,12,5598980784
7438,81560669,56591,81617260,2,0,1,64512,12,2301081451
7439,81566190,52056,81618246,9,0,1,1536,3,7690635341
7440,81586660,340601,81927261,1,0,0,19968,17,7716285124
7441,81587280,420903,82008183,4,0,0,1024,5,3362181950
7442,81607450,381076,81988526,1,0,0,23552,17,99609536
7443,81612949,199900,81812849,7,0,0,1536,4,3546100326
7444,81623249,113888,81737137,2,0,1,168960,12,1027214698
7445,81624870,159333,81784203,4,0,0,6144,5,8608166805
7446,81627219,393621,82020840,7,0,0,1024,4,4863853850
7447,81632620,498031,82130651,1,0,0,61440,17,4875534869
7448,81638630,98530,81737160,5,0,1,32256,10,6810369414
7449,81706449,38915,81745364,2,0,1,38400,12,9949411380
7450,81729350,158657,81888007,8,0,0,9216,8,4002577400
7451,81748899,44233,81793132,2,0,1,72704,12,6292909548
7452,81754920,331652,82086572,4,0,0,1536,5,4136952081
7453,81765490,30228,81795718,5,0,1,4096,10,10724695753
7454,81798459,60866,81859325,2,0,1,98304,12,8970810746
7455,81805149,204708,82009857,7,0,0,512,4,989622721
7456,81833250,299444,82132694,1,0,0,6656,17,4134772639
7457,81852009,413241,82265250,7,0,0,2048,4,6958707829
7458,81872690,387630,82260320,1,0,0,99328,17,2628803406
7459,81891790,170354,82062144,4,0,0,512,5,4280227463
7460,81899250,284004,82183254,4,0,0,512,5,7479232588
7461,81923440,306601,82230041,8,0,0,23552,8,5808153188
7462,81927109,355617,82282726,7,0,0,1024,4,2493278550
7463,81935920,61124,81997044,5,0,1,98816,10,10553145283
7464,81991750,431313,82423063,4,0,0,512,5,8689884441
7465,81996920,308181,82305101,1,0,0,7680,17,3053063207
7466,82004540,260063,82264603,1,0,0,13824,17,470619165
7467,82020540,23412,82043952,5,0,1,41472,10,10474133118
7468,82021529,429123,82450652,7,0,0,1024,4,9380859708
7469,82031539,36370,82067909,2,0,1,56832,12,8524916571
7470,82035680,271964,82307644,4,0,0,1024,5,8049801303
7471,82056560,600579,82657139,8,0,0,29184,8,6613130079
7472,82057700,75009,82132709,0,0,1,105984,11,6744368592
7473,82067290,87869,82155159,5,0,1,109568,10,3150779888
7474,82071069,95227,82166296,2,0,1,45056,12,5751800852
7475,82072370,275448,82347818,1,0,0,18944,17,1923863953
7476,82077590,401244,82478834,1,0,0,42496,17,6820217306
7477,82080069,89133,82169202,2,0,1,4608,12,169943172
7478,82089470,491095,82580565,4,0,0,1024,5,5474648303
7479,82089540,189991,82279531,4,0,0,512,5,7390292484
7480,82097350,596974,82694324,8,0,0,96768,8,6549119695
7481,82111400,294041,82405441,4,0,0,512,5,916519802
7482,82114049,258482,82372531,7,0,0,1024,4,1286780674
7483,82116270,58219,82174489,5,0,1,16896,10,7883356686
7484,82158749,362596,82521345,7,0,0,1024,4,8031414843
7485,82183830,24412,82208242,5,0,1,44032,10,7334564861
7486,82189210,80109,82269319,5,0,1,116736,10,1496388302
7487,82199920,97975,82297895,0,0,1,54784,11,613742438
7488,82203710,327924,82531634,1,0,0,3072,17,2933861036
7489,82217859,87257,82305116,2,0,1,31232,12,4325313531
7490,82221800,83331,82305131,5,0,1,9216,10,5219370166
7491,82238480,388737,82627217,1,0,0,12288,17,3186548782
7492,82242249,105584,82347833,2,0,1,91136,12,9774744618
7493,82255280,281808,82537088,1,0,0,16896,17,3507586684
7494,82261259,86589,82347848,2,0,1,10240,12,5474334908
7495,82264790,88510,82353300,5,0,1,26112,10,5728078376
7496,82289169,248835,82538004,2,0,1,336384,12,5452526535
7497,82314539,229366,82543905,2,0,1,28160,12,5429257957
7498,82324249,231407,82555656,2,0,1,39936,12,10703281731
7499,82324740,237022,82561762,5,0,1,29184,10,5481181471
7500,82346740,215368,82562108,5,0,1,512,10,5541992313
7501,82349270,214784,82564054,5,0,1,3072,10,10328877614
7502,82353730,356044,82709774,1,0,0,10240,17,1570668410
7503,82355560,209160,82564720,6,0,1,1024,8,4138546859
7504,82357860,211686,82569546,0,0,1,7680,11,8336309257
7505,82381750,532820,82914570,1,0,0,11776,17,8851130886
7506,82424910,398968,82823878,8,0,0,19456,8,612510713
7507,82427960,482836,82910796,1,0,0,60928,17,8506582797
7508,82428689,141830,82570519,2,0,1,12800,12,576832925
7509,82429960,142044,82572004,5,0,1,15360,10,7847354946
7510,82431130,142462,82573592,6,0,1,15872,8,8424018287
7511,82451910,515292,82967202,3,0,0,28160,0,4513270020
7512,82455360,192872,82648232,8,0,0,22528,8,4059379913
7513,82456870,329117,82785987,3,0,0,57856,0,8850463219
7514,82475440,99458,82574898,5,0,1,2048,10,6782667200
7515,82476179,114682,82590861,2,0,1,51712,12,3503752247
7516,82543630,52518,82596148,0,0,1,25088,11,9377733341
7517,82553850,45524,82599374,5,0,1,5120,10,858856267
7518,82555250,202747,82757997,8,0,0,1024,8,5781493747
7519,82559370,44830,82604200,5,0,1,7680,10,9228446930
7520,82572290,420842,82993132,4,0,0,512,5,1409544258
7521,82574790,32316,82607106,6,0,1,4608,8,9501986845
7522,82576260,456257,83032517,3,0,0,45568,0,3551737214
7523,82580570,172480,82753050,4,0,0,2048,5,544541664
7524,82582660,25432,82608092,6,0,1,1536,8,6382046562
7525,82583280,424478,83007758,1,0,0,11264,17,8689994132
7526,82602880,13600,82616480,8,0,1,23040,8,4497345454
7527,82608820,52410,82661230,0,0,1,82944,11,10432330521
7528,82613699,297268,82910967,7,0,0,512,4,3266760247
7529,82622280,495243,83117523,4,0,0,1024,5,2521607384
7530,82650030,649948,83299978,3,0,0,27136,0,6761964259
7531,82658660,911297,83569957,8,0,0,27136,8,4695534995
7532,82659230,44145,82703375,8,0,1,75776,8,6038672614
7533,82661770,542796,83204566,1,0,0,3584,17,9346361344
7534,82664389,177099,82841488,7,0,0,512,4,3177217255
7535,82666640,373051,83039691,1,0,0,12800,17,6158485180
7536,82671730,34551,82706281,4,0,1,4608,5,6235068702
7537,82678400,414502,83092902,1,0,0,41984,17,2862180951
7538,82679969,483014,83162983,7,0,0,2048,4,5957948763
7539,82682720,23715,82706435,4,0,1,8704,5,6264964495
7540,82692019,17770,82709789,2,0,1,1536,12,3402310037
7541,82700950,9057,82710007,0,0,1,4096,11,10304090528
7542,82702750,217643,82920393,4,0,0,1024,5,792806988
7543,82703050,9543,82712593,4,0,1,4096,5,3198937728
7544,82716290,14804,82731094,0,0,1,28672,11,293630126
7545,82729839,2241,82732080,2,0,1,1536,12,346425338
7546,82735270,54358,82789628,8,0,1,89088,8,409570293
7547,82742450,47524,82789974,6,0,1,512,8,2665588769
7548,82743180,47358,82790538,6,0,1,10752,8,6689973167
7549,82754869,212816,82967685,7,0,0,1536,4,7226971174
7550,82756200,34684,82790884,4,0,1,512,5,5880711478
7551,82756550,39480,82796030,4,0,1,8192,5,7444985200
7552,82760490,401854,83162344,3,0,0,8704,0,83892845
7553,82773260,76961,82850221,0,0,1,104960,11,7430495626
7554,82775210,898716,83673926,3,0,0,131584,0,2092519545
7555,82795410,695530,83490940,8,0,0,93184,8,5372349820
7556,82800470,51057,82851527,6,0,1,2048,8,524526241
7557,82804620,47061,82851681,6,0,1,8704,8,9242451287
7558,82824600,56649,82881249,0,0,1,91648,11,7396353622
7559,82827600,733903,83561503,8,0,0,73728,8,1032669859
7560,82831360,248727,83080087,8,0,0,30720,8,1248641717
7561,82835530,281027,83116557,1,0,0,52224,17,5859235011
7562,82847550,576259,83423809,4,0,0,1024,5,3431628987
7563,82855620,154316,83009936,0,0,1,250368,11,4340286455
7564,82861741,154199,83015940,3,0,1,20480,0,6871409946
7565,82866420,166112,83032532,8,0,1,18432,8,6893952437
7566,82867279,165268,83032547,2,0,1,6144,12,4616025077
7567,82887009,145553,83032562,2,0,1,512,12,5547787442
7568,82888490,953608,83842098,8,0,0,75264,8,46750573
7569,82908820,340821,83249641,4,0,0,512,5,180682577
7570,82909340,454595,83363935,3,0,0,47616,0,6117807035
7571,82910410,122167,83032577,9,0,1,2048,3,3668946532
7572,82942969,89623,83032592,2,0,1,2048,12,153539044
7573,82954029,216893,83170922,7,0,0,5120,4,1823688069
7574,82983040,49567,83032607,0,0,1,2048,11,887169367
7575,83000640,116556,83117196,4,0,0,2048,5,2516424594
7576,83004880,27750,83032630,6,0,1,10752,8,5563320838
7577,83006000,521537,83527537,8,0,0,30720,8,7634238632
7578,83029680,702430,83732110,3,0,0,152064,0,8901010842
7579,83046340,685941,83732281,4,0,0,512,5,6262322934
7580,83046870,46055,83092925,0,0,1,65536,11,1832573628
7581,83051470,41470,83092940,6,0,1,8192,8,7490263727
7582,83055220,549161,83604381,8,0,0,39424,8,1718726122
7583,83057009,356543,83413552,7,0,0,512,4,149906176
7584,83064430,28548,83092978,6,0,1,512,8,4259952395
7585,83064779,33345,83098124,2,0,1,8192,12,3870382518
7586,83074420,24370,83098790,8,0,1,11264,8,5294798409
7587,83092689,304724,83397413,7,0,0,1024,4,8413886286
7588,83094280,5176,83099456,1,0,1,1024,17,2624247999
7589,83095160,419071,83514231,3,0,0,76288,0,1048858768
7590,83107330,13649,83120979,6,0,1,3584,8,706699799
7591,83114750,7855,83122605,6,0,1,2560,8,5393964247
7592,83116010,561767,83677777,8,0,0,12288,8,1837939138
7593,83122469,566,83123035,2,0,1,512,12,181410696
7594,83123710,4374,83128084,6,0,1,4608,8,2513876744
7595,83124330,393832,83518162,3,0,0,12800,0,5957232764
7596,83133890,13253,83147143,8,0,1,25600,8,8125568637
7597,83137470,10237,83147707,8,0,1,10752,8,6406511998
7598,83149160,585384,83734544,1,0,0,7168,17,83050146
7599,83161509,4594,83166103,2,0,1,9216,12,10138391912
7600,83164810,252028,83416838,4,0,0,1024,5,5276624165
7601,83187570,556199,83743769,8,0,0,11776,8,8693730841
7602,83188640,779572,83968212,6,0,0,512,8,9233290191
7603,83200569,1518,83202087,2,0,1,1536,12,2388966417
7604,83271640,28369,83300009,0,0,1,43008,11,5460456855
7605,83280120,792092,84072212,3,0,0,49664,0,1034591702
7606,83281250,686791,83968041,8,0,0,75264,8,7953051743
7607,83291830,236222,83528052,6,0,0,1536,8,1290357086
7608,83294759,7731,83302490,2,0,1,2560,12,6951292400
7609,83298550,4926,83303476,6,0,1,1536,8,4405617231
7610,83307610,254064,83561674,4,0,0,512,5,5319627192
7611,83308939,1042,83309981,2,0,1,1024,12,95322
7612,83326090,465517,83791607,1,0,0,14848,17,9971128631
7613,83326409,1042,83327451,2,0,1,1024,12,8945640091
7614,83353769,14574,83368343,2,0,1,4608,12,8495017414
7615,83358820,32515,83391335,0,0,1,47104,11,6546887245
7616,83359049,36472,83395521,2,0,1,6656,12,5408691373
7617,83364250,32577,83396827,8,0,1,2048,8,2407196819
7618,83384769,12659,83397428,2,0,1,9728,12,10227835504
7619,83389170,590627,83979797,1,0,0,9728,17,10025108216
7620,83391150,551090,83942240,8,0,0,54272,8,2147681319
7621,83397800,12566,83410366,8,0,1,20992,8,9331427576
7622,83401240,28451,83429691,8,0,1,46080,8,10026490459
7623,83419300,108767,83528067,8,0,1,54784,8,4601262012
7624,83430670,514408,83945078,8,0,0,8704,8,3608330644
7625,83431620,242321,83673941,0,0,1,107520,11,10729079972
7626,83440810,484871,83925681,8,0,0,73728,8,7846134572
7627,83442810,231154,83673964,6,0,1,13824,8,5712155101
7628,83455280,218699,83673979,6,0,1,3584,8,6398547786
7629,83467990,526288,83994278,8,0,0,20480,8,8679244180
7630,83479660,312118,83791778,6,0,0,512,8,1363824029
7631,83480900,541786,84022686,3,0,0,6656,0,6314050559
7632,83490050,183944,83673994,0,0,1,2048,11,5747084354
7633,83490200,357091,83847291,3,0,0,16896,0,7024351559
7634,83522170,270906,83793076,8,0,1,135168,8,5584464982
7635,83532070,410341,83942411,4,0,0,512,5,6154029280
7636,83547020,472820,84019840,3,0,0,14336,0,5787035520
7637,83553130,263759,83816889,6,0,1,10752,8,6102341485
7638,83553289,265546,83818835,2,0,1,3072,12,10081424113
7639,83568530,293965,83862495,4,0,0,2048,5,5584538217
7640,83579730,575418,84155148,3,0,0,51200,0,7271747587
7641,83582530,444562,84027092,4,0,0,2560,5,974122852
7642,83584580,384363,83968943,4,0,0,2048,5,7281031894
7643,83598510,422133,84020643,4,0,0,2560,5,4732520596
7644,83619200,222913,83842113,6,0,1,6656,8,9594879120
7645,83651690,190438,83842128,8,0,1,9728,8,978694572
7646,83659790,187532,83847322,8,0,1,38912,8,6428400208
7647,83665810,201137,83866947,6,0,0,1536,8,4815906674
7648,83669620,214673,83884293,8,0,1,49664,8,1636707550
7649,83679080,336354,84015434,8,0,0,35840,8,2734021021
7650,83686020,453490,84139510,3,0,0,58368,0,6398981971
7651,83686920,200599,83887519,8,0,1,5120,8,5149834346
7652,83701410,278807,83980217,6,0,0,1024,8,3016854528
7653,83705960,449515,84155475,4,0,0,1024,5,8711071172
7654,83711400,176465,83887865,6,0,1,512,8,2930722407
7655,83713910,379465,84093375,4,0,0,1024,5,4653475950
7656,83718490,304921,84023411,4,0,0,512,5,8758058520
7657,83735810,365122,84100932,6,0,0,512,8,10027378009
7658,83742360,155272,83897632,0,0,1,26112,11,4914406327
7659,83745330,222905,83968235,6,0,1,3072,8,3746300953
7660,83755280,212970,83968250,8,0,1,1024,8,4138581822
7661,83758150,244852,84003002,8,0,0,15360,8,6683249509
7662,83760020,468836,84228856,1,0,0,23552,17,3207666216
7663,83778730,189535,83968265,6,0,1,1024,8,2623621230
7664,83786030,182258,83968288,6,0,1,15360,8,2617273965
7665,83787470,411137,84198607,6,0,0,2048,8,7535847807
7666,83800570,168388,83968958,0,0,1,25600,11,4250111958
7667,83802770,270896,84073666,8,0,0,3584,8,6440003214
7668,83832120,450697,84282817,8,0,0,16896,8,3019132067
7669,83832640,396699,84229339,6,0,0,1536,8,2631145881
7670,83836610,383018,84219628,1,0,0,24064,17,1673992625
7671,83856990,111983,83968973,8,0,1,1024,8,6641063521
7672,83868160,100828,83968988,8,0,1,512,8,7521542960
7673,83877600,91411,83969011,8,0,1,2048,8,6061190356
7674,83897910,71124,83969034,5,0,1,2048,10,3773961918
7675,83905280,75910,83981190,6,0,1,13312,8,1205306900
7676,83921260,61415,83982675,8,0,1,15360,8,3788100607
7677,83933910,315859,84249769,3,0,0,6656,0,5089673541
7678,83941890,316705,84258595,8,0,0,5120,8,7359082390
7679,83944290,383687,84327977,1,0,0,30208,17,9712421322
7680,83964490,255692,84220182,4,0,0,512,5,2810903032
7681,83966050,420799,84386849,6,0,0,512,8,612495772
7682,83980010,232247,84212257,4,0,0,10752,5,1676541703
7683,83987870,6431,83994301,8,0,1,9728,8,860961091
7684,83988430,6406,83994836,8,0,1,512,8,9397308459
7685,84000460,14989,84015449,8,0,1,3072,8,5644882922
7686,84006610,18039,84024649,6,0,1,5120,8,6625045635
7687,84023460,3647,84027107,6,0,1,3072,8,10119240367
7688,84041260,3898,84045158,6,0,1,4096,8,3610706949
7689,84041780,375855,84417635,1,0,0,46080,17,7153033667
7690,84041910,249757,84291667,1,0,0,3072,17,1730430976
7691,84049740,4374,84054114,8,0,1,4608,8,8115142683
7692,84051480,20747,84072227,5,0,1,6144,10,9957548639
7693,84066080,202900,84268980,6,0,0,512,8,8374426909
7694,84074481,1994,84076475,3,0,1,2048,0,1401038196
7695,84078750,1994,84080744,6,0,1,2048,8,7274670786
7696,84079660,4162,84083822,5,0,1,11264,10,4152334174
7697,84093910,309581,84403491,1,0,0,21504,17,7478927566
7698,84094860,666724,84761584,8,0,0,15360,8,9896777022
7699,84100890,421529,84522419,3,0,0,46080,0,9919950170
7700,84109360,1994,84111354,5,0,1,2048,10,6527783695
7701,84111410,1042,84112452,6,0,1,1024,8,2516993644
7702,84117260,346909,84464169,6,0,0,512,8,4806657507
7703,84118430,21103,84139533,8,0,1,4608,8,7296688787
7704,84122460,549828,84672288,4,0,0,28672,5,1475357581
7705,84150241,10680,84160921,3,0,1,13824,0,7223344348
7706,84157501,5686,84163187,3,0,1,3584,0,6094074059
7707,84158120,7973,84166093,8,0,1,4608,8,2639455623
7708,84162041,4398,84166439,3,0,1,512,0,6513037252
7709,84172660,3387,84176047,5,0,1,9728,10,3115470852
7710,84177940,2870,84180810,8,0,1,8704,8,1644879819
7711,84188480,566,84189046,4,0,1,512,5,10603725840
7712,84195539,3904,84199443,2,0,1,10752,12,4269736128
7713,84200470,759275,84959745,1,0,0,189952,17,1230976842
7714,84210030,19324,84229354,6,0,1,14848,8,9405862060
7715,84210041,19396,84229437,3,0,1,5632,0,10026002106
7716,84210120,235553,84445673,8,0,0,32256,8,7813016939
7717,84212550,19233,84231783,4,0,1,2560,5,4692891258
7718,84244050,498713,84742763,8,0,0,97792,8,7253675384
7719,84257419,3162,84260581,2,0,1,2048,12,6425395039
7720,84262340,2470,84264810,8,0,1,2560,8,2892832704
7721,84284431,1994,84286425,3,0,1,2048,0,10477355559
7722,84291890,566,84292456,4,0,1,512,5,2463056079
7723,84330870,556744,84887614,6,0,0,1024,8,5462223646
7724,84340120,2470,84342590,4,0,1,2560,5,7352176715
7725,84340140,877720,85217860,4,0,0,110080,5,3811463226
7726,84348100,5196,84353296,4,0,1,13312,5,4450256390
7727,84350340,9588,84359928,5,0,1,8192,10,5392906704
7728,84351100,441895,84792995,8,0,0,38912,8,1277378508
7729,84352751,8803,84361554,3,0,1,2560,0,6811546879
7730,84355740,323747,84679487,1,0,0,23552,17,1662243924
7731,84374720,379805,84754525,4,0,0,38400,5,3088695250
7732,84377590,674166,85051756,1,0,0,145408,17,9531212832
7733,84380050,2946,84382996,6,0,1,3072,8,2893968578
7734,84387510,300272,84687782,4,0,0,7680,5,6071129341
7735,84409731,14667,84424398,3,0,1,7168,0,6499109016
7736,84413230,11527,84424757,5,0,1,9728,10,6230709698
7737,84421480,5543,84427023,4,0,1,3584,5,7019755973
7738,84427879,3898,84431777,2,0,1,4096,12,8496859707
7739,84430561,4162,84434723,3,0,1,11264,0,3322837426
7740,84437790,355376,84793166,3,0,0,512,0,1155438943
7741,84442090,6070,84448160,5,0,1,2560,10,6854617969
7742,84453300,3898,84457198,8,0,1,4096,8,1001174055
7743,84455550,4162,84459712,5,0,1,11264,10,2841048189
7744,84461520,4850,84466370,8,0,1,5120,8,6137919810
7745,84466729,1042,84467771,2,0,1,1024,12,8637260465
7746,84466850,2710,84469560,6,0,1,2560,8,6146922860
7747,84472310,1518,84473828,5,0,1,1536,10,3834200352
7748,84472499,6606,84479105,2,0,1,6656,12,1775396172
7749,84488880,83441,84572321,0,0,1,135680,11,8060594033
7750,84491520,87112,84578632,0,0,1,30208,11,107549689
7751,84495810,265953,84761763,3,0,0,512,0,1354071305
7752,84544790,312002,84856792,4,0,0,53248,5,5367591135
7753,84545300,38824,84584124,7,0,1,17920,4,1060724677
7754,84560109,25641,84585750,2,0,1,2560,12,5687057573
7755,84574210,15086,84589296,5,0,1,5632,10,1143641185
7756,84576340,23376,84599716,0,0,1,41472,11,2341941670
7757,84581850,19812,84601662,8,0,1,3072,8,706579674
7758,84585660,223116,84808776,6,0,0,512,8,5857056904
7759,84586580,92938,84679518,0,0,1,144896,11,1567426063
7760,84613840,506025,85119865,8,0,0,50176,8,2884280734
7761,84626190,53343,84679533,5,0,1,3584,10,10177074458
7762,84650740,318575,84969315,8,0,0,30208,8,6295180092
7763,84665190,18154,84683344,6,0,1,4096,8,3114943190
7764,84673990,13807,84687797,4,0,1,14336,5,2351722300
7765,84686900,487809,85174709,8,0,0,15872,8,215871875
7766,84692270,50508,84742778,0,0,1,35328,11,10343446573
7767,84699620,93569,84793189,0,0,1,57344,11,236126029
7768,84699870,93334,84793204,5,0,1,512,10,10147636293
7769,84701440,553794,85255234,4,0,0,80384,5,5889353037
7770,84708420,86753,84795173,8,0,1,5632,8,6846351165
7771,84721550,398486,85120036,6,0,0,512,8,6028278913
7772,84725160,333351,85058511,4,0,0,22016,5,4797152507
7773,84727220,105795,84833015,4,0,1,4608,5,10548942330
7774,84748910,85411,84834321,8,0,1,2048,8,6690116749
7775,84763380,324245,85087625,6,0,0,512,8,7807230579
7776,84766730,72955,84839685,4,0,1,20480,5,2810838802
7777,84774489,84524,84859013,2,0,1,6144,12,8027280006
7778,84777740,102310,84880050,6,0,1,1536,8,9334501673
7779,84780130,206219,84986349,8,0,0,17920,8,9724059672
7780,84785470,513393,85298863,8,0,0,27136,8,3372790590
7781,84796850,97088,84893938,8,0,1,15360,8,8501989505
7782,84813679,81885,84895564,2,0,1,2560,12,3018999249
7783,84815380,500820,85316200,4,0,0,37376,5,8327519125
7784,84831280,66550,84897830,6,0,1,3584,8,3856780104
7785,84834410,320748,85155158,1,0,0,7168,17,1116587889
7786,84836420,123356,84959776,5,0,1,3072,10,2196368767
7787,84837240,122551,84959791,1,0,1,5120,17,8302234747
7788,84840720,568623,85409343,8,0,0,16384,8,8706749144
7789,84851300,108514,84959814,6,0,1,5120,8,6560380006
7790,84853670,117713,84971383,6,0,0,512,8,4206519721
7791,84858170,101675,84959845,8,0,1,26112,8,943693808
7792,84861300,98576,84959876,8,0,1,7168,8,10123601693
7793,84878150,273784,85151934,8,0,0,6144,8,4962146935
7794,84884240,75675,84959915,8,0,1,3584,8,2023008777
7795,84895380,163154,85058534,6,0,1,27136,8,2385599947
7796,84899980,158577,85058557,4,0,1,11776,5,8439065827
7797,84906640,172052,85078692,8,0,1,8704,8,10627268172
7798,84915310,168740,85084050,4,0,1,8192,5,10533415679
7799,84925329,163232,85088561,2,0,1,4608,12,281348079
7800,84929620,326135,85255755,6,0,0,1536,8,5251699403
7801,84931690,188361,85120051,1,0,1,12288,17,3959286212
7802,84932030,385307,85317337,1,0,0,3072,17,2128592632
7803,84935739,184335,85120074,2,0,1,6144,12,4063750669
7804,84947420,172677,85120097,6,0,1,512,8,4775412713
7805,84948190,172877,85121067,1,0,1,2048,17,7085602406
7806,84952190,170503,85122693,4,0,1,2560,5,6321279266
7807,84959470,163569,85123039,5,0,1,512,10,2067773781
7808,84964280,161025,85125305,8,0,1,3584,8,5369165381
7809,84973590,156567,85130157,5,0,1,7680,10,1534458328
7810,84973789,167443,85141232,2,0,1,6656,12,270217744
7811,84975040,558196,85533236,8,0,0,61952,8,1525820962
7812,84977920,190635,85168555,5,0,1,5120,10,122833256
7813,84983520,379034,85362554,3,0,0,512,0,5557101672
7814,84985339,189385,85174724,2,0,1,2560,12,8959287179
7815,84985760,376607,85362367,4,0,0,74240,5,924797692
7816,84989190,189403,85178593,6,0,1,21504,8,23893856
7817,84995650,183609,85179259,5,0,1,1024,10,7037961779
7818,84996630,187455,85184085,8,0,1,7680,8,9211949163
7819,85001330,216553,85217883,5,0,1,6656,10,4074070971
7820,85005160,212738,85217898,5,0,1,1536,10,6545616857
7821,85009340,208573,85217913,8,0,1,1024,8,4957045700
7822,85010000,503255,85513255,1,0,0,108032,17,1967350473
7823,85025740,352003,85377743,3,0,0,512,0,9990574030
7824,85026550,377786,85404336,6,0,0,1024,8,5678763808
7825,85037130,228667,85265797,8,0,0,512,8,9623003090
7826,85057240,160688,85217928,5,0,1,2560,10,6865355291
7827,85075750,142193,85217943,4,0,1,11264,5,5072863649
7828,85079590,469101,85548691,1,0,0,8704,17,2471638304
7829,85084980,231391,85316371,6,0,0,512,8,6389094059
7830,85102099,115859,85217958,2,0,1,3072,12,10005009421
7831,85113499,104482,85217981,2,0,1,2560,12,7707626813
7832,85117390,310345,85427735,6,0,0,1024,8,6027859416
7833,85139620,78376,85217996,1,0,1,12288,17,2988794394
7834,85182790,35221,85218011,1,0,1,1536,17,1585957701
7835,85187860,67389,85255249,4,0,1,26624,5,3393040423
7836,85199690,333732,85533422,6,0,0,512,8,10059245603
7837,85218480,36784,85255264,8,0,1,2560,8,9723213138
7838,85249970,6310,85256280,5,0,1,512,10,1513166809
7839,85263050,5712,85268762,8,0,1,14336,8,3914707487
7840,85273870,369724,85643594,4,0,0,70144,5,6607826175
7841,85284630,288547,85573177,8,0,0,6144,8,832617584
7842,85287800,11094,85298894,4,0,1,13824,5,6234753537
7843,85289249,27137,85316386,2,0,1,6144,12,3831855303
7844,85290930,30681,85321611,9,0,1,2048,3,8934853101
7845,85294599,29918,85324517,2,0,1,4608,12,7424342800
7846,85321720,426619,85748339,4,0,0,59392,5,1930579783
7847,85344880,440013,85784893,1,0,0,20992,17,8823359767
7848,85353400,425020,85778420,4,0,0,88064,5,10408081334
7849,85358420,80718,85439138,1,0,0,1024,17,3815147741
7850,85367710,362518,85730228,1,0,0,96256,17,767351242
7851,85371829,5326,85377155,2,0,1,5632,12,8431990648
7852,85393709,1518,85395227,2,0,1,1536,12,7517935613
7853,85398950,2470,85401420,4,0,1,2560,5,8036404438
7854,85454339,2946,85457285,2,0,1,3072,12,5233896781
7855,85460590,434448,85895038,1,0,0,5632,17,8082277688
7856,85468710,383094,85851804,4,0,0,18432,5,7768892889
7857,85498680,34571,85533251,5,0,1,3072,10,8974493663
7858,85544840,566,85545406,8,0,1,512,8,2286200395
7859,85584210,535527,86119737,8,0,0,56832,8,5743528346
7860,85594030,1042,85595072,5,0,1,1024,10,2327723787
7861,85617910,385474,86003384,1,0,0,97792,17,8296803790
7862,85622440,22731,85645171,8,0,1,1536,8,9941237444
7863,85624810,22698,85647508,7,0,1,9728,4,6435249052
7864,85636809,15602,85652411,2,0,1,5632,12,9261687767
7865,85637730,16307,85654037,8,0,1,2560,8,6763406228
7866,85656360,3422,85659782,8,0,1,3584,8,974618556
7867,85662630,426914,86089544,3,0,0,512,0,6502148808
7868,85667350,4374,85671724,5,0,1,4608,10,47633077
7869,85687040,4162,85691202,0,0,1,11264,11,2608456819
7870,85691540,1518,85693058,8,0,1,1536,8,6912111040
7871,85714840,63619,85778459,0,0,1,43008,11,5198256298
7872,85718320,60162,85778482,8,0,1,7680,8,1104588275
7873,85727650,57290,85784940,5,0,1,2560,10,1188525255
7874,85731850,53113,85784963,5,0,1,10752,10,834942644
7875,85738860,46118,85784978,7,0,1,512,4,4645665598
7876,85749389,36505,85785894,2,0,1,1024,12,9190202340
7877,85752920,36142,85789062,9,0,1,4096,3,5238803876
7878,85765040,26826,85791866,8,0,1,13824,8,762009481
7879,85773900,52295,85826195,0,0,1,62464,11,6755147513
7880,85779030,385149,86164179,4,0,0,26112,5,8632403979
7881,85781620,146332,85927952,6,0,0,1536,8,7701563725
7882,85785790,40866,85826656,5,0,1,10240,10,6796165679
7883,85789740,389460,86179200,4,0,0,41984,5,5156259612
7884,85813140,227571,86040711,6,0,0,512,8,5535705714
7885,85819800,12348,85832148,0,0,1,17920,11,8943057411
7886,85820850,208935,86029785,4,0,0,36352,5,1957806670
7887,85826510,268303,86094813,3,0,0,512,0,7952313956
7888,85826810,6644,85833454,8,0,1,2048,8,8622890220
7889,85830230,4210,85834440,5,0,1,1536,10,8487537087
7890,85832520,5146,85837666,7,0,1,5120,4,4283919795
7891,85836250,167701,86003951,3,0,0,1536,0,6975728556
7892,85839770,406856,86246626,3,0,0,1024,0,5692959461
7893,85853030,326520,86179550,6,0,0,1024,8,1745689993
7894,85857040,220216,86077256,6,0,0,512,8,6433558477
7895,85859490,4393,85863883,5,0,1,4608,10,5039893343
7896,85859500,23071,85882571,9,0,1,35328,3,7930625064
7897,85882070,14029,85896099,0,0,1,27136,11,7425007772
7898,85885260,29394,85914654,0,0,1,40448,11,5809338939
7899,85886350,28458,85914808,5,0,1,8704,10,9839427437
7900,85893550,195394,86088944,3,0,0,3584,0,1108820434
7901,85907519,10195,85917714,2,0,1,4608,12,8870626888
7902,85908909,11391,85920300,2,0,1,4096,12,4766234989
7903,85918700,7249,85925949,7,0,1,7680,4,8952947344
7904,85918710,157377,86076087,4,0,0,10752,5,522072656
7905,85928750,251002,86179752,3,0,0,512,0,3134622310
7906,85929319,2870,85932189,2,0,1,8704,12,161665691
7907,85934640,68783,86003423,0,0,1,94720,11,4469323062
7908,85938011,65427,86003438,3,0,1,11776,0,3443729810
7909,85938540,478261,86416801,8,0,0,95232,8,3258208739
7910,85938860,181220,86120080,6,0,0,1024,8,6931655263
7911,85942341,61112,86003453,3,0,1,4608,0,249429661
7912,85947810,55658,86003468,9,0,1,5632,3,2743409169
7913,85975020,34216,86009236,1,0,1,5632,17,846775526
7914,85979719,30844,86010563,2,0,1,12800,12,967996782
7915,85988490,22739,86011229,8,0,1,1024,8,3757538351
7916,86008970,8147,86017117,8,0,1,7680,8,8246632789
7917,86011120,6970,86018090,7,0,1,12800,4,1355092315
7918,86030080,4850,86034930,5,0,1,5120,10,4251173886
7919,86042960,294605,86337565,6,0,0,1536,8,1751859281
7920,86044740,281700,86326440,6,0,0,512,8,5460901175
7921,86049761,3422,86053183,3,0,1,3584,0,4827946495
7922,86057910,492442,86550352,8,0,0,25600,8,2648120401
7923,86058631,6754,86065385,3,0,1,7168,0,10097109068
7924,86061090,8481,86069571,7,0,1,6656,4,4522113405
7925,86076700,344830,86421530,4,0,0,6144,5,9068204985
7926,86076980,309005,86385985,3,0,0,512,0,6222517889
7927,86078389,4420,86082809,2,0,1,11776,12,5003005368
7928,86078830,6957,86085787,0,0,1,10240,11,5744642121
7929,86079590,11950,86091540,8,0,1,6656,8,8842177386
7930,86079810,12396,86092206,7,0,1,1024,4,7220679496
7931,86081441,11738,86093179,3,0,1,12800,0,10060535282
7932,86081560,243270,86324830,4,0,0,51200,5,242426487
7933,86091740,3904,86095644,8,0,1,10752,8,7572546898
7934,86094170,269969,86364139,3,0,0,512,0,3480832639
7935,86107050,16411,86123461,7,0,1,3584,4,1586551769
7936,86108270,18097,86126367,7,0,1,4608,4,117028684
7937,86120350,6376,86126726,5,0,1,9728,10,9748091535
7938,86122680,255043,86377723,3,0,0,512,0,1354033790
7939,86125260,241050,86366310,3,0,0,512,0,3922088103
7940,86137660,577011,86714671,4,0,0,138752,5,2383711674
7941,86152370,286383,86438753,4,0,0,3072,5,6997635626
7942,86155850,480899,86636749,4,0,0,32768,5,206182348
7943,86162040,17175,86179215,7,0,1,3072,4,6235751827
7944,86163770,15803,86179573,8,0,1,4096,8,9164830816
7945,86168221,16390,86184611,3,0,1,5120,0,3508846994
7946,86168960,328736,86497696,8,0,0,6144,8,1691107080
7947,86169960,663640,86833600,4,0,0,88576,5,9918184599
7948,86177120,16250,86193370,5,0,1,19968,10,8795643757
7949,86178050,15986,86194036,7,0,1,1024,4,2068355751
7950,86181740,14242,86195982,5,0,1,3072,10,10162662393
7951,86184721,13847,86198568,3,0,1,4096,0,4955621966
7952,86193570,341148,86534718,6,0,0,2048,8,9403343651
7953,86195140,182404,86377544,8,0,0,34304,8,10143715250
7954,86196291,5196,86201487,3,0,1,13312,0,1039584133
7955,86202060,364502,86566562,3,0,0,1024,0,2458578579
7956,86209060,303352,86512412,1,0,0,20992,17,1608391381
7957,86210540,4850,86215390,7,0,1,5120,4,8188101926
7958,86212510,3387,86215897,0,0,1,9728,11,5997762971
7959,86219750,345159,86564909,3,0,0,2048,0,390127286
7960,86231500,431476,86662976,6,0,0,512,8,44168534
7961,86233921,6754,86240675,3,0,1,7168,0,1231004880
7962,86234460,11361,86245821,8,0,1,8192,8,10170483858
7963,86270100,4850,86274950,5,0,1,5120,10,559082991
7964,86274510,343004,86617514,1,0,0,57344,17,8905447046
7965,86275420,190205,86465625,6,0,0,512,8,10650232966
7966,86285780,492254,86778034,8,0,0,110080,8,10569992781
7967,86288880,226976,86515856,6,0,0,2048,8,4496659142
7968,86318010,9282,86327292,7,0,1,2560,4,7955884686
7969,86333900,290138,86624038,3,0,0,1024,0,1556565871
7970,86363820,442777,86806597,1,0,0,93696,17,8318812101
7971,86369880,12652,86382532,0,0,1,5120,11,4974022269
7972,86386990,29826,86416816,7,0,1,4096,4,1009743712
7973,86397820,21475,86419295,7,0,1,2560,4,401802537
7974,86405950,15595,86421545,7,0,1,2048,4,9255214544
7975,86417360,308730,86726090,1,0,0,37376,17,3193492304
7976,86418621,14287,86432908,3,0,1,27648,0,1711786527
7977,86421551,15863,86437414,3,0,1,7168,0,9709674951
7978,86429190,419974,86849164,8,0,0,17920,8,3904624184
7979,86429791,10209,86440000,3,0,1,4096,0,7229847356
7980,86449190,5196,86454386,4,0,1,13312,5,4191053566
7981,86449440,276821,86726261,6,0,0,512,8,9966624978
7982,86476180,251812,86727992,1,0,0,5632,17,4431622489
7983,86497520,336267,86833787,1,0,0,512,17,1568107547
7984,86519530,403453,86922983,4,0,0,20480,5,3894603470
7985,86532651,3387,86536038,3,0,1,9728,0,8847310071
7986,86545350,296892,86842242,1,0,0,27648,17,9656724627
7987,86583150,147821,86730971,8,0,0,9728,8,868596755
7988,86620520,239053,86859573,8,0,0,3584,8,7085165710
7989,86638480,345710,86984190,1,0,0,16896,17,6816528145
7990,86667760,181746,86849506,6,0,0,1024,8,1455022176
7991,86670870,229221,86900091,6,0,0,512,8,1950039207
7992,86676690,340251,87016941,6,0,0,1536,8,3501504372
7993,86684800,434568,87119368,8,0,0,15360,8,10702838841
7994,86734480,142443,86876923,3,0,0,1024,0,6687608395
7995,86740850,271327,87012177,6,0,0,1024,8,9713127775
7996,86760980,412674,87173654,4,0,0,14848,5,1181006277
7997,86799400,49779,86849179,4,0,1,9728,5,2190901583
7998,86804550,429582,87234132,1,0,0,12288,17,2704672435
7999,86819130,290482,87109612,1,0,0,26112,17,6955004773
8000,86834030,396343,87230373,1,0,0,61440,17,9863639913
8001,86840580,308578,87149158,2,0,0,49152,12,2701875134
8002,86850020,171845,87021865,8,0,0,7168,8,508418072
8003,86853750,228452,87082202,6,0,0,512,8,3444349345
8004,86963200,327850,87291050,8,0,0,76800,8,6952917232
8005,86978590,256835,87235425,3,0,0,1024,0,3858397500
8006,87007520,295588,87303108,6,0,0,512,8,3523636948
8007,87018900,284535,87303435,3,0,0,1024,0,5290397200
8008,87034550,200548,87235098,6,0,0,512,8,4301297953
8009,87041700,169122,87210822,6,0,0,1024,8,1422767340
8010,87047180,326570,87373750,4,0,0,56320,5,10563737549
8011,87051300,183627,87234927,8,0,0,2560,8,5603990138
8012,87092480,175155,87267635,1,0,0,18432,17,7736123665
8013,87099700,203229,87302929,1,0,0,38912,17,640750437
8014,87101280,153917,87255197,8,0,0,19456,8,7723017628
8015,87128250,444665,87572915,1,0,0,70144,17,9134127943
8016,87183400,254823,87438223,6,0,0,512,8,7993936820
8017,87258660,460252,87718912,8,0,0,63488,8,6564375249
8018,87269800,320134,87589934,1,0,0,55808,17,6173963114
8019,87281360,350246,87631606,1,0,0,77824,17,6996800652
8020,87295610,628946,87924556,4,0,0,75776,5,7280858718
8021,87310730,1086465,88397195,8,0,0,84992,8,6825939083
8022,87315250,195507,87510757,6,0,0,512,8,4500971935
8023,87324010,365034,87689044,6,0,0,3072,8,6027147470
8024,87337880,4850,87342730,9,0,1,5120,3,7953252264
8025,87339620,540006,87879626,2,0,0,121856,12,993299051
8026,87341260,697863,88039123,2,0,0,62464,12,5445739354
8027,87346220,829289,88175509,4,0,0,64000,5,6303464047
8028,87349460,106815,87456275,4,0,0,7168,5,174830093
8029,87364420,391563,87755983,4,0,0,68096,5,5228869359
8030,87370640,881659,88252299,4,0,0,74752,5,5930388438
8031,87372460,465678,87838138,2,0,0,30208,12,9046223796
8032,87376060,751158,88127218,8,0,0,64000,8,7056049393
8033,87389310,142804,87532114,6,0,0,1024,8,5513172718
8034,87395450,873767,88269217,2,0,0,2560,12,3940592888
8035,87426670,623980,88050650,4,0,0,13824,5,8410313101
8036,87429580,712496,88142076,2,0,0,37376,12,4736658286
8037,87441650,519826,87961476,1,0,0,11264,17,1452976473
8038,87455830,590569,88046399,8,0,0,23040,8,7714537811
8039,87488200,780190,88268390,8,0,0,52736,8,131241955
8040,87510220,496861,88007081,1,0,0,55808,17,5382348460
8041,87511450,429898,87941348,1,0,0,10752,17,7386422787
8042,87521940,197299,87719239,3,0,0,1024,0,9324009110
8043,87547020,512106,88059126,3,0,0,3072,0,1536839603
8044,87558900,729654,88288554,8,0,0,10240,8,2387735406
8045,87567750,841799,88409549,4,0,0,23040,5,4161940924
8046,87574720,415334,87990054,8,0,0,93696,8,1929126445
8047,87575120,15464,87590584,4,0,1,512,5,7591284497
8048,87588330,3838,87592168,4,0,1,2048,5,859995545
8049,87608590,25478,87634068,4,0,1,2560,5,4632818429
8050,87634060,595448,88229508,4,0,0,69632,5,721663539
8051,87646900,392426,88039326,3,0,0,512,0,3799474685
8052,87647950,635150,88283100,2,0,0,18944,12,6941581437
8053,87651120,1994,87653114,4,0,1,2048,5,8648217631
8054,87669280,350780,88020060,1,0,0,42496,17,2570280291
8055,87671010,888181,88559191,1,0,0,17408,17,1867133569
8056,87771140,371123,88142263,3,0,0,512,0,10697401294
8057,87776840,379154,88155994,4,0,0,42496,5,4700504258
8058,87783570,170434,87954004,6,0,0,1024,8,9062548973
8059,87790590,340083,88130673,2,0,0,11264,12,10016043330
8060,87833350,714860,88548210,2,0,0,86528,12,6609851805
8061,87848370,722932,88571302,3,0,0,2048,0,7184929207
8062,87858040,324884,88182924,8,0,0,11264,8,1017093495
8063,87873090,7161,87880251,6,0,1,512,8,7081300517
8064,87875160,11911,87887071,8,0,1,7680,8,6281669600
8065,87909900,611596,88521496,8,0,0,107008,8,923687751
8066,87914960,495267,88410227,6,0,0,1536,8,6098971378
8067,87915560,11550,87927110,8,0,1,2560,8,10528656051
8068,87918300,10436,87928736,4,0,1,2560,5,5707042137
8069,87921690,279744,88201434,3,0,0,4096,0,2545884588
8070,87928060,412002,88340062,1,0,0,39424,17,3563668478
8071,87928070,1012,87929082,7,0,1,512,4,6689755719
8072,87931200,4850,87936050,1,0,1,5120,17,4052162656
8073,87938690,240593,88179283,1,0,0,12288,17,836410454
8074,87938700,7991,87946691,6,0,1,5632,8,4259646112
8075,87951770,4420,87956190,6,0,1,11776,8,5356962185
8076,87956460,5031,87961491,8,0,1,9728,8,4479161133
8077,87961930,77419,88039349,7,0,1,7168,4,9221067436
8078,87981070,58294,88039364,7,0,1,512,4,8307295254
8079,87989120,621970,88611090,6,0,0,512,8,3816730857
8080,88009850,282307,88292157,1,0,0,11776,17,8169782199
8081,88009890,462405,88472295,2,0,0,22016,12,2042187439
8082,88017730,32943,88050673,9,0,1,2560,3,3793389591
8083,88023960,385784,88409744,1,0,0,512,17,8357158772
8084,88026640,24048,88050688,6,0,1,1024,8,10023219447
8085,88035030,791988,88827018,1,0,0,19968,17,3232861109
8086,88047560,354954,88402514,1,0,0,17408,17,4694054754
8087,88051890,566,88052456,7,0,1,512,4,741839989
8088,88055060,614914,88669974,2,0,0,56320,12,9690366536
8089,88059210,6278,88065488,9,0,1,6656,3,5213240475
8090,88063780,393693,88457473,6,0,0,512,8,4798927757
8091,88063850,498180,88562030,2,0,0,9216,12,3862594643
8092,88065530,5802,88071332,6,0,1,6144,8,9984263508
8093,88071070,108384,88179454,6,0,0,512,8,4853066588
8094,88104740,602900,88707640,6,0,0,512,8,7273852306
8095,88106460,264816,88371276,8,0,0,53760,8,4158750284
8096,88108210,67314,88175524,6,0,1,8192,8,3766492365
8097,88121870,582481,88704351,2,0,0,39936,12,8542874610
8098,88123440,56029,88179469,5,0,1,3584,10,4103008280
8099,88129380,154203,88283583,6,0,0,1536,8,8169418769
8100,88153740,424974,88578714,3,0,0,1024,0,5095766614
8101,88159740,23834,88183574,9,0,1,512,3,6749929709
8102,88161710,24876,88186586,7,0,1,3584,4,9689734271
8103,88162490,26962,88189452,6,0,1,13312,8,8644158398
8104,88167060,321809,88488869,1,0,0,54272,17,9321987881
8105,88179670,11088,88190758,9,0,1,2048,3,1812364992
8106,88195220,217674,88412894,4,0,0,8704,5,1287458607
8107,88203070,5196,88208266,9,0,1,13312,3,7378522566
8108,88212790,398129,88610919,8,0,0,27136,8,6714994281
8109,88216300,346540,88562840,1,0,0,2048,17,3142071566
8110,88219990,424655,88644645,4,0,0,5632,5,7001797219
8111,88230560,39708,88270268,7,0,1,1024,4,7901239358
8112,88232490,41898,88274388,9,0,1,5120,3,2788965168
8113,88258060,25538,88283598,6,0,1,7168,8,2013383710
8114,88261830,292011,88553841,1,0,0,18432,17,2880025083
8115,88269870,641763,88911633,4,0,0,1024,5,777045990
8116,88273060,10553,88283613,7,0,1,13312,4,6923675085
8117,88273080,540561,88813641,2,0,0,49664,12,4242999731
8118,88302900,267755,88570655,1,0,0,25600,17,4242500380
8119,88305380,728462,89033842,4,0,0,39936,5,6221122795
8120,88308040,254161,88562201,3,0,0,512,0,4165426010
8121,88312890,11533,88324423,7,0,1,18944,4,2308707978
8122,88314730,13239,88327969,9,0,1,5632,3,1165223824
8123,88317940,22137,88340077,9,0,1,3072,3,5031636153
8124,88323880,16244,88340124,9,0,1,19456,3,5337504342
8125,88331630,10508,88342138,9,0,1,2048,3,8530853374
8126,88331930,189901,88521831,6,0,0,1024,8,3776356320
8127,88334220,8264,88342484,7,0,1,512,4,6034616645
8128,88335100,721173,89056273,4,0,0,11264,5,7182835466
8129,88342710,293722,88636432,6,0,0,512,8,5893670681
8130,88356160,645188,89001348,1,0,0,76800,17,4984949927
8131,88382760,346726,88729486,6,0,0,512,8,5988553862
8132,88383690,197373,88581063,3,0,0,512,0,912512483
8133,88392640,792470,89185110,4,0,0,179200,5,9370621626
8134,88414470,401838,88816308,2,0,0,8704,12,9896442277
8135,88436260,147972,88584232,8,0,0,9728,8,8652872226
8136,88459950,753759,89213709,4,0,0,29696,5,3611931854
8137,88464361,7957,88472318,3,0,1,12800,0,3047915200
8138,88467661,86203,88553864,3,0,1,512,0,7755964884
8139,88476230,248249,88724479,2,0,0,13312,12,2084662686
8140,88489230,262386,88751616,3,0,0,512,0,2915024467
8141,88496050,298951,88795001,8,0,0,22528,8,9017082104
8142,88509190,690083,89199273,2,0,0,17920,12,5003988514
8143,88522300,608195,89130495,8,0,0,47616,8,5025212511
8144,88533040,399458,88932498,4,0,0,43520,5,10367936899
8145,88541140,30862,88572002,9,0,1,512,3,3567138295
8146,88548340,228533,88776873,8,0,0,18944,8,6207678288
8147,88549680,22988,88572668,9,0,1,1024,3,5227843765
8148,88550001,25325,88575326,3,0,1,3584,0,3485086239
8149,88557101,27146,88584247,3,0,1,16896,0,2836515737
8150,88565250,707053,89272303,2,0,0,14336,12,2498406600
8151,88566020,342541,88908561,6,0,0,1024,8,10141045733
8152,88573210,319037,88892247,8,0,0,34304,8,5763964149
8153,88577180,473704,89050884,1,0,0,55296,17,4976428745
8154,88595310,109688,88704998,6,0,0,2048,8,8717616208
8155,88615210,406441,89021651,4,0,0,66560,5,4977174283
8156,88617240,275194,88892434,6,0,0,512,8,592434670
8157,88623610,570164,89193774,3,0,0,1536,0,6797952974
8158,88665890,622249,89288139,1,0,0,40960,17,230991851
8159,88667430,408093,89075523,4,0,0,18432,5,6580226950
8160,88670140,523151,89193291,4,0,0,20992,5,7846525616
8161,88674190,268315,88942505,4,0,0,32768,5,6428592786
8162,88681321,566,88681887,3,0,1,512,0,956673589
8163,88699720,242972,88942692,6,0,0,512,8,4438126501
8164,88707031,2946,88709977,3,0,1,3072,0,9760831104
8165,88722880,4061,88726941,9,0,1,2560,3,6671404626
8166,88743560,455884,89199444,3,0,0,512,0,6214714424
8167,88764590,503330,89267920,1,0,0,13312,17,5978292927
8168,88767970,417475,89185445,4,0,0,1024,5,5242055426
8169,88808730,104679,88913409,6,0,0,1024,8,10219757432
8170,88820990,231820,89052810,6,0,0,6144,8,5261395231
8171,88833951,1994,88835945,3,0,1,2048,0,8842126933
8172,88864340,169681,89034021,4,0,0,512,5,1522811235
8173,88867370,13600,88880970,9,0,1,23040,3,6878606123
8174,88882051,14296,88896347,3,0,1,10752,0,10143460568
8175,88883290,471071,89354361,6,0,0,19456,8,9480346823
8176,88888250,298614,89186864,2,0,0,4608,12,2878211890
8177,88890970,578182,89469152,6,0,0,18944,8,4087751342
8178,88906290,3387,88909677,9,0,1,9728,3,1656101846
8179,88928681,16253,88944934,3,0,1,2560,0,6511960014
8180,88933861,13339,88947200,3,0,1,3584,0,10325993467
8181,88945530,140310,89085840,4,0,0,512,5,6848528475
8182,88950140,394900,89345040,2,0,0,33792,12,8019327940
8183,88950360,3422,88953782,9,0,1,3584,3,8639375913
8184,88968170,2470,88970640,9,0,1,2560,3,10119547485
8185,88975400,1518,88976918,9,0,1,1536,3,10491761560
8186,88994320,56579,89050899,9,0,1,14336,3,2299418401
8187,89004691,51605,89056296,3,0,1,4096,0,10447659633
8188,89036640,274144,89310784,3,0,0,512,0,3311672259
8189,89037050,177306,89214356,3,0,0,2048,0,10619870540
8190,89047381,11797,89059178,3,0,1,3072,0,5695183387
8191,89049500,244894,89294394,6,0,0,20480,8,2727497059
8192,89056770,482293,89539063,3,0,0,512,0,8688713940
8193,89078360,221876,89300236,1,0,0,5632,17,2972209229
8194,89079480,241563,89321043,4,0,0,512,5,7094745363
8195,89080760,217713,89298473,6,0,0,13312,8,7513751683
8196,89085220,400498,89485718,3,0,0,1536,0,5308079532
8197,89091490,1042,89092532,9,0,1,1024,3,9588134267
8198,89094410,267610,89362020,8,0,0,25088,8,5083506713
8199,89111710,273041,89384751,8,0,0,7168,8,9204680027
8200,89116510,685813,89802323,3,0,0,512,0,3303036943
8201,89127731,72806,89200537,3,0,1,7168,0,8180137112
8202,89138020,224818,89362838,6,0,0,2560,8,6057787271
8203,89169001,34776,89203777,3,0,1,4608,0,8490755916
8204,89179620,305615,89485235,1,0,0,52736,17,3568365832
8205,89209500,328551,89538051,8,0,0,42496,8,5137871818
8206,89229030,116337,89345367,4,0,0,1024,5,2421964518
8207,89234590,177608,89412198,4,0,0,1024,5,51642605
8208,89254360,566,89254926,9,0,1,512,3,8955790656
8209,89255300,312118,89567418,1,0,0,4096,17,768989413
8210,89256580,158690,89415270,4,0,0,1024,5,7703988712
8211,89263640,261409,89525049,8,0,0,78336,8,7267616808
8212,89267030,271683,89538713,3,0,0,512,0,6529311138
8213,89271460,125512,89396972,4,0,0,512,5,5941045274
8214,89282861,19804,89302665,3,0,1,2560,0,9953293127
8215,89286480,493068,89779548,6,0,0,125952,8,3903415634
8216,89288860,16560,89305420,0,0,1,11776,11,894642163
8217,89290990,19400,89310390,5,0,1,6144,10,88240333
8218,89292691,21245,89313936,3,0,1,5632,0,7510732642
8219,89296260,395258,89691518,6,0,0,6656,8,6705646156
8220,89298790,413438,89712228,2,0,0,14848,12,1168177148
8221,89301130,237754,89538884,3,0,0,512,0,3899397237
8222,89303670,385797,89689467,4,0,0,512,5,2760421494
8223,89304030,532846,89836876,3,0,0,1024,0,3179483253
8224,89305140,559367,89864507,6,0,0,56320,8,1448973797
8225,89324250,476927,89801177,8,0,0,46080,8,2483278915
8226,89325320,1518,89326838,9,0,1,1536,3,2636088104
8227,89329160,378514,89707674,1,0,0,50688,17,3236704994
8228,89343170,437049,89780219,3,0,0,2048,0,4765792609
8229,89343640,345656,89689296,1,0,0,45056,17,6675573915
8230,89345550,16485,89362035,9,0,1,6656,3,4849196347
8231,89358240,368363,89726603,1,0,0,47104,17,8384987156
8232,89359840,193726,89553566,1,0,0,1024,17,4109445305
8233,89373250,1518,89374768,5,0,1,1536,10,9614599571
8234,89373410,165132,89538542,3,0,0,1536,0,9114023282
8235,89384980,282796,89667776,2,0,0,19968,12,359408650
8236,89401461,7706,89409167,3,0,1,8192,0,2457906868
8237,89402451,9762,89412213,3,0,1,4608,0,2849875843
8238,89415290,386846,89802136,2,0,0,3072,12,3734914248
8239,89415750,566,89416316,8,0,1,512,8,10254535555
8240,89418250,7706,89425956,4,0,1,8192,5,8068903297
8241,89422810,602150,90024960,2,0,0,50176,12,5103350433
8242,89427120,2470,89429590,9,0,1,2560,3,5983691618
8243,89444020,378713,89822733,1,0,0,38912,17,5770602567
8244,89446290,358748,89805038,8,0,0,8704,8,785453419
8245,89448420,292410,89740830,1,0,0,46592,17,10353610644
8246,89455280,5712,89460992,9,0,1,14336,3,6435129596
8247,89456760,284397,89741157,4,0,0,1024,5,9039561780
8248,89472530,508747,89981277,1,0,0,62976,17,1029191242
8249,89475031,15571,89490602,3,0,1,5120,0,9243919830
8250,89485150,5913,89491063,9,0,1,10240,3,5392327953
8251,89487970,767276,90255246,8,0,0,16384,8,1862837927
8252,89495700,5196,89500896,5,0,1,13312,10,6460348876
8253,89499290,25782,89525072,9,0,1,1536,3,2776827781
8254,89501340,41044,89542384,5,0,1,4608,10,8121508611
8255,89503440,340968,89844408,8,0,0,2048,8,740282913
8256,89512530,274576,89787106,6,0,0,22528,8,200246513
8257,89535960,7730,89543690,5,0,1,2048,10,9535100338
8258,89558940,3645,89562585,4,0,1,10240,5,5528566440
8259,89561080,6355,89567435,5,0,1,5632,10,4382732926
8260,89580310,362984,89943294,6,0,0,35328,8,7489460440
8261,89605440,2946,89608386,4,0,1,3072,5,1042432121
8262,89606350,3022,89609372,9,0,1,1536,3,846232908
8263,89615050,378737,89993787,6,0,0,19456,8,59012549
8264,89630690,248700,89879390,4,0,0,512,5,4343548378
8265,89633500,427205,90060705,4,0,0,1024,5,1375876598
8266,89651300,271082,89922382,6,0,0,48640,8,5833124139
8267,89658150,386369,90044519,8,0,0,23040,8,9793890192
8268,89658770,620530,90279300,8,0,0,70144,8,8665481643
8269,89667650,219732,89887382,3,0,0,1536,0,3496989391
8270,89669880,1042,89670922,5,0,1,1024,10,2395025559
8271,89683260,24429,89707689,4,0,1,3072,5,4633118075
8272,89688190,337097,90025287,3,0,0,1024,0,4531334432
8273,89707510,737600,90445110,2,0,0,102912,12,6902807993
8274,89710910,94307,89805217,4,0,0,512,5,4302631715
8275,89710950,178218,89889168,4,0,0,512,5,8454794015
8276,89720640,633749,90354389,8,0,0,21504,8,7462120648
8277,89724001,81302,89805303,3,0,1,3072,0,8980684864
8278,89725980,83189,89809169,5,0,1,6144,10,9213118229
8279,89733010,158549,89891559,3,0,0,1536,0,800959556
8280,89738360,84388,89822748,4,0,1,5120,5,10552784792
8281,89744980,486097,90231077,3,0,0,512,0,405152186
8282,89748400,781492,90529892,3,0,0,2560,0,9423958741
8283,89761210,61577,89822787,9,0,1,7168,3,2423887720
8284,89765849,56953,89822802,2,0,1,3072,12,2011437844
8285,89767020,571284,90338304,4,0,0,512,5,8946709467
8286,89772180,223056,89995236,3,0,0,512,0,439713842
8287,89775000,47825,89822825,9,0,1,11776,3,4034881638
8288,89779130,451768,90230898,6,0,0,42496,8,9369911634
8289,89784700,738899,90523599,1,0,0,77312,17,6616744991
8290,89791560,32241,89823801,9,0,1,6656,3,1018294296
8291,89796970,27817,89824787,9,0,1,1536,3,4442915078
8292,89797940,27193,89825133,4,0,1,512,5,5776868281
8293,89802720,349137,90151857,6,0,0,512,8,286730582
8294,89807130,392523,90199653,3,0,0,6144,0,1341838149
8295,89813430,808758,90622188,1,0,0,46592,17,2191435629
8296,89816200,11310,89827510,4,0,1,12288,5,9143292454
8297,89818980,293251,90112231,1,0,0,36864,17,4916425150
8298,89824210,675757,90499967,6,0,0,96768,8,4622499744
8299,89839830,2946,89842776,4,0,1,3072,5,10611000613
8300,89855690,752287,90607977,3,0,0,20992,0,5982935878
8301,89859460,712871,90572331,8,0,0,14336,8,9830660972
8302,89864020,509850,90373870,6,0,0,36352,8,7354014984
8303,89871580,583076,90454656,8,0,0,26112,8,7657746064
8304,89899890,629207,90529097,4,0,0,512,5,8517996980
8305,89901160,480057,90381217,2,0,0,24064,12,10200387428
8306,89906210,783760,90689970,2,0,0,30208,12,409700768
8307,89906951,15446,89922397,3,0,1,1536,0,8023664888
8308,89911980,305940,90217920,1,0,0,59904,17,4709265933
8309,89929660,1518,89931178,9,0,1,1536,3,7750401882
8310,89931780,11537,89943317,9,0,1,2048,3,8439404404
8311,89932770,537525,90470295,2,0,0,51200,12,9649329362
8312,89944100,342555,90286655,1,0,0,24064,17,7259585352
8313,89965130,335203,90300333,2,0,0,6656,12,8941293890
8314,89966020,19178,89985198,7,0,1,10752,4,5792739612
8315,89989770,823749,90813519,2,0,0,36864,12,5770429801
8316,89990690,13871,90004561,7,0,1,17408,4,10736287090
8317,89997350,801240,90798590,2,0,0,194048,12,2286805069
8318,90005560,523358,90528918,8,0,0,17408,8,453835907
8319,90034500,566,90035066,9,0,1,512,3,6664598989
8320,90042861,5089,90047950,3,0,1,3584,0,942243151
8321,90044080,213833,90257913,3,0,0,8704,0,7246562810
8322,90067590,379095,90446685,1,0,0,5120,17,437530809
8323,90068331,6278,90074609,3,0,1,6656,0,947284740
8324,90074261,4850,90079111,3,0,1,5120,0,6151694932
8325,90080511,1042,90081553,3,0,1,1024,0,555065541
8326,90083520,4850,90088370,7,0,1,5120,4,6603810706
8327,90098550,13696,90112246,9,0,1,3072,3,10139471862
8328,90117030,566,90117596,9,0,1,512,3,10130833967
8329,90117690,892787,91010477,6,0,0,157184,8,8468618637
8330,90121231,1994,90123225,3,0,1,2048,0,6121377505
8331,90132600,6754,90139354,1,0,1,7168,17,5171392445
8332,90135360,729347,90864707,4,0,0,512,5,7443922701
8333,90140640,723827,90864467,8,0,0,112640,8,7326610585
8334,90156379,6754,90163133,2,0,1,7168,12,5880318135
8335,90162270,6754,90169024,7,0,1,7168,4,3351924571
8336,90163260,539810,90703070,8,0,0,6144,8,3641386181
8337,90165941,4069,90170010,3,0,1,1536,0,8025643125
8338,90168340,4576,90172916,6,0,1,4608,8,8120817550
8339,90170310,7432,90177742,6,0,1,7680,8,3490960499
8340,90171331,7077,90178408,3,0,1,1024,0,2487547792
8341,90172350,879383,91051733,6,0,0,22528,8,1256256213
8342,90177331,3023,90180354,3,0,1,3072,0,6895138227
8343,90180820,1518,90182338,6,0,1,1536,8,2265876529
8344,90196821,21114,90217935,3,0,1,4608,0,1077313257
8345,90204200,27928,90232128,7,0,1,1024,4,5788016199
8346,90223270,9844,90233114,6,0,1,1536,8,6935559382
8347,90230370,306089,90536459,6,0,0,21504,8,7026078217
8348,90231161,4219,90235380,3,0,1,3584,0,9933615247
8349,90234580,302121,90536701,4,0,0,512,5,9859001968
8350,90237280,1076955,91314235,6,0,0,38400,8,10707270478
8351,90244980,331443,90576423,3,0,0,2560,0,272793718
8352,90260980,36133,90297113,9,0,1,16896,3,3048755239
8353,90282150,520090,90802240,4,0,0,2560,5,8652174881
8354,90287830,910824,91198654,6,0,0,84992,8,7108264642
8355,90295230,741005,91036235,1,0,0,74240,17,7461257452
8356,90310510,1042,90311552,9,0,1,1024,3,5827062162
8357,90318800,742907,91061707,3,0,0,12800,0,9555413419
8358,90325590,299789,90625379,8,0,0,10240,8,981571494
8359,90331140,2470,90333610,7,0,1,2560,4,1211084304
8360,90332240,2036,90334276,9,0,1,1024,3,5144877259
8361,90339690,389966,90729656,4,0,0,1536,5,10263608251
8362,90370341,14307,90384648,3,0,1,3584,0,3777778209
8363,90371061,14385,90385446,3,0,1,9216,0,2047980965
8364,90394610,406835,90801445,3,0,0,9216,0,7469265383
8365,90402540,871718,91274258,6,0,0,202240,8,2640217738
8366,90402950,541943,90944893,3,0,0,44544,0,7833502078
8367,90405730,290027,90695757,3,0,0,18944,0,6746204245
8368,90429799,70191,90499990,2,0,1,12800,12,5513200019
8369,90435520,640433,91075953,6,0,0,14848,8,6392315684
8370,90439660,60345,90500005,0,0,1,2560,11,5582861510
8371,90443489,56539,90500028,2,0,1,11264,12,10725114281
8372,90458750,77764,90536514,7,0,1,20992,4,5182892168
8373,90473970,65870,90539840,0,0,1,3584,11,5377351953
8374,90499530,1441704,91941234,8,0,0,68096,8,3381538344
8375,90501131,40655,90541786,3,0,1,3072,0,5826454300
8376,90506931,199527,90706458,5,0,0,2560,10,3428302464
8377,90507770,44283,90552053,7,0,1,22528,4,5121775686
8378,90512050,1114684,91626734,3,0,0,99328,0,2528738810
8379,90513500,38899,90552399,9,0,1,512,3,345528019
8380,90518381,36924,90555305,3,0,1,4608,0,8176032859
8381,90525720,986960,91512680,4,0,0,1536,5,7372443844
8382,90527619,29632,90557251,2,0,1,3072,12,1303421400
8383,90529460,612578,91142038,2,0,0,65536,12,480119545
8384,90533150,48255,90581405,0,0,1,54784,11,5419704790
8385,90538660,1262179,91800839,4,0,0,1536,5,10400535196
8386,90548900,753596,91302496,3,0,0,46592,0,7450543563
8387,90549370,495460,91044830,3,0,0,28160,0,3565780488
8388,90555200,26564,90581764,9,0,1,9728,3,10073121893
8389,90557309,25019,90582328,2,0,1,10752,12,362659823
8390,90562181,21133,90583314,3,0,1,1536,0,3453363367
8391,90568880,964415,91533295,8,0,0,29184,8,203224710
8392,90569890,587310,91157200,8,0,0,49664,8,5808868110
8393,90570150,157530,90727680,4,0,0,512,5,141617280
8394,90572370,71810,90644180,0,0,1,116224,11,10658427813
8395,90581850,1057558,91639408,3,0,0,38400,0,6524081360
8396,90584490,822400,91406890,8,0,0,92672,8,4638276560
8397,90596590,361750,90958340,6,0,0,13824,8,2924484793
8398,90601001,45765,90646766,3,0,1,4096,0,2751295948
8399,90604270,1353428,91957698,3,0,0,21504,0,8213422518
8400,90606940,55993,90662933,0,0,1,52736,11,8933316524
8401,90609750,706418,91316168,2,0,0,4096,12,5657863102
8402,90618900,1347424,91966324,1,0,0,27648,17,4285074408
8403,90623300,964712,91588012,6,0,0,54784,8,7236749060
8404,90628480,1017503,91645983,3,0,0,21504,0,6978170103
8405,90631570,1162539,91794109,1,0,0,171008,17,891038424
8406,90636150,27347,90663497,7,0,1,10752,4,1491463061
8407,90640630,23533,90664163,7,0,1,1024,4,3885352474
8408,90657970,766314,91424284,2,0,0,24576,12,4491663490
8409,90703280,744470,91447750,8,0,0,32768,8,9042821399
8410,90725780,439826,91165606,3,0,0,25600,0,7285160586
8411,90728320,1067364,91795684,2,0,0,5120,12,3884682105
8412,90751450,74878,90826328,0,0,1,21504,11,1642467927
8413,90754670,72004,90826674,8,0,1,512,8,9004410259
8414,90755050,109432,90864482,9,0,1,6656,3,2755185559
8415,90760560,742078,91502638,4,0,0,2560,5,473142575
8416,90772810,887457,91660267,8,0,0,16384,8,9962756419
8417,90780600,916792,91697392,3,0,0,53760,0,9835641486
8418,90782860,491881,91274741,4,0,0,1536,5,1132634308
8419,90786390,78107,90864497,7,0,1,1536,4,2404530947
8420,90796690,1237017,92033707,1,0,0,115200,17,350301777
8421,90809340,55188,90864528,0,0,1,31232,11,2896838555
8422,90810300,924312,91734612,8,0,0,41472,8,1503337111
8423,90821400,1097458,91918858,8,0,0,194560,8,6973831938
8424,90830840,41131,90871971,7,0,1,7680,4,9966015313
8425,90835710,330699,91166409,4,0,0,2560,5,9647471582
8426,90840050,881732,91721782,1,0,0,41984,17,2978749837
8427,90847860,24457,90872317,0,0,1,512,11,738132891
8428,90852790,19873,90872663,8,0,1,512,8,6069445217
8429,90860130,573210,91433340,8,0,0,1536,8,6019687248
8430,90869070,1074831,91943901,2,0,0,8704,12,8333925670
8431,90874630,1227286,92101916,8,0,0,1024,8,7427473820
8432,90877500,3898,90881398,7,0,1,4096,4,9040823334
8433,90878570,830078,91708648,3,0,0,24064,0,6969125604
8434,90880230,4420,90884650,6,0,1,11776,8,2984584904
8435,90880770,4226,90884996,0,0,1,512,11,170395680
8436,90901520,894499,91796019,8,0,0,1024,8,9542828321
8437,90905240,3904,90909144,0,0,1,10752,11,9772139369
8438,90908990,12049,90921039,0,0,1,19968,11,7154018138
8439,90912870,362105,91274975,4,0,0,512,5,8968537184
8440,90941090,4854,90945944,7,0,1,1024,4,155072169
8441,90941300,69200,91010500,0,0,1,38400,11,5748015479
8442,90959730,50785,91010515,8,0,1,5632,8,7886360549
8443,90966440,315158,91281598,3,0,0,4096,0,4111430243
8444,91027900,28166,91056066,8,0,1,4608,8,9891150541
8445,91031080,30642,91061722,8,0,1,4096,8,3342727319
8446,91035090,381667,91416757,1,0,0,32256,17,6507456144
8447,91051670,11808,91063478,7,0,1,7680,4,8278118700
8448,91068580,966428,92035008,8,0,0,1536,8,644313586
8449,91071810,5177,91076987,7,0,1,1024,4,10068323388
8450,91078230,568899,91647129,8,0,0,1024,8,5913931523
8451,91098150,623811,91721961,4,0,0,512,5,4617827829
8452,91098850,4937,91103787,7,0,1,12800,4,9531902271
8453,91113560,514133,91627693,2,0,0,3072,12,2222910813
8454,91120800,21253,91142053,6,0,1,1536,8,3291443463
8455,91127790,396566,91524356,3,0,0,25088,0,9918912706
8456,91137580,843798,91981378,8,0,0,512,8,9877766437
8457,91138760,780284,91919044,8,0,0,512,8,6108348611
8458,91139450,841757,91981207,2,0,0,48640,12,1486762981
8459,91145980,654376,91800356,4,0,0,512,5,1896793078
8460,91149580,559395,91708975,4,0,0,1024,5,2178371080
8461,91161400,8866,91170266,6,0,1,4096,8,1194517348
8462,91176210,23019,91199229,6,0,1,512,8,6876414071
8463,91188810,893225,92082035,1,0,0,99840,17,9480342540
8464,91208910,65886,91274796,0,0,1,54784,11,9831756956
8465,91217130,97120,91314250,0,0,1,48640,11,5212242145
8466,91217600,336901,91554501,1,0,0,12800,17,308219755
8467,91217690,96591,91314281,6,0,1,4608,8,1115968784
8468,91221180,586527,91807707,4,0,0,512,5,4516671734
8469,91221470,92826,91314296,8,0,1,5632,8,3243163845
8470,91243780,1004191,92247971,8,0,0,512,8,3539585713
8471,91264200,50111,91314311,7,0,1,1536,4,3763348816
8472,91277290,41769,91319059,6,0,1,5120,8,7239368092
8473,91277540,43145,91320685,7,0,1,2560,4,1979639110
8474,91278310,232484,91510794,4,0,0,2560,5,7571016010
8475,91315420,5521,91320941,8,0,1,9216,8,5872234401
8476,91320130,1157,91321287,8,0,1,512,8,2078899994
8477,91324269,4850,91329119,2,0,1,5120,12,3890745719
8478,91332210,566,91332776,6,0,1,512,8,3298669957
8479,91336430,3422,91339852,1,0,1,3584,17,4275101122
8480,91339190,4850,91344040,6,0,1,5120,8,84778279
8481,91356439,2870,91359309,2,0,1,8704,12,7085675262
8482,91369070,372904,91741974,2,0,0,22528,12,9724451148
8483,91381230,576655,91957885,4,0,0,512,5,2516595613
8484,91386550,311021,91697571,4,0,0,512,5,9387362861
8485,91389600,34723,91424323,0,0,1,4608,11,278999814
8486,91409560,16201,91425761,7,0,1,1536,4,597851662
8487,91412340,988917,92401257,2,0,0,512,12,4887640197
8488,91419360,7387,91426747,7,0,1,1536,4,3991020149
8489,91421030,709818,92130848,3,0,0,7168,0,7272336593
8490,91421440,9632,91431072,0,0,1,6144,11,2902429482
8491,91424670,735053,92159723,1,0,0,30720,17,9889956471
8492,91430379,5326,91435705,2,0,1,5632,12,6788434304
8493,91430870,930583,92361453,3,0,0,104448,0,8969383558
8494,91431730,930050,92361780,4,0,0,1024,5,1431775669
8495,91433240,21491,91454731,7,0,1,34816,4,5652071226
8496,91433590,21295,91454885,0,0,1,8704,11,8970097494
8497,91456080,77254,91533334,0,0,1,130048,11,883984431
8498,91462230,96875,91559105,0,0,1,91136,11,7162071882
8499,91463460,334798,91798258,3,0,0,7168,0,3465572121
8500,91467940,267155,91735095,4,0,0,1536,5,7099978299
8501,91491250,610300,92101550,1,0,0,64000,17,8958438078
8502,91505800,141002,91646802,4,0,0,2560,5,972019562
8503,91507620,57182,91564802,0,0,1,27136,11,3335117261
8504,91508550,473225,91981775,8,0,0,1024,8,1981938679
8505,91522640,42828,91565468,8,0,1,1024,8,2575376703
8506,91532810,36204,91569014,7,0,1,5632,4,3130091583
8507,91542060,45967,91588027,4,0,1,4096,5,770903744
8508,91542630,585087,92127717,2,0,0,52736,12,5586649839
8509,91546820,41222,91588042,7,0,1,3584,4,1239978629
8510,91549290,250855,91800145,3,0,0,6144,0,9856471886
8511,91550240,484277,92034517,1,0,0,2560,17,8824708894
8512,91551820,440327,91992147,1,0,0,27648,17,7311967900
8513,91559700,360763,91920463,3,0,0,4608,0,3405149960
8514,91584750,827644,92412394,8,0,0,1024,8,8170584717
8515,91594320,606839,92201159,4,0,0,4608,5,9172284469
8516,91598510,915093,92513603,1,0,0,28672,17,8453566039
8517,91613430,813675,92427105,1,0,0,14336,17,8339526023
8518,91627080,317008,91944088,4,0,0,512,5,989709708
8519,91633000,20366,91653366,7,0,1,6656,4,3743594046
8520,91633470,20562,91654032,6,0,1,1024,8,1872145283
8521,91646180,8825,91655005,7,0,1,12800,4,1807912624
8522,91646420,13870,91660290,7,0,1,11776,4,1930326481
8523,91654180,8098,91662278,6,0,1,2048,8,7382214494
8524,91659420,15775,91675195,0,0,1,27648,11,232707921
8525,91682430,512570,92195000,2,0,0,26112,12,10500623330
8526,91695720,4313,91700033,7,0,1,2560,4,7420124403
8527,91708080,243051,91951131,3,0,0,23040,0,6047008580
8528,91723740,77162,91800902,7,0,1,8704,4,8605506133
8529,91724690,80503,91805193,8,0,1,15872,8,6727864607
8530,91729510,80040,91809550,8,0,1,6144,8,3213099968
8531,91732820,78676,91811496,8,0,1,3072,8,7061398254
8532,91733070,85535,91818605,6,0,1,19968,8,7747945420
8533,91733540,85731,91819271,7,0,1,1024,4,3044126585
8534,91758000,353618,92111618,1,0,0,23040,17,5476289854
8535,91772090,516346,92288436,2,0,0,45056,12,2273281429
8536,91778820,527534,92306354,2,0,0,5120,12,2392104692
8537,91783830,35787,91819617,6,0,1,512,8,874359905
8538,91784040,37843,91821883,0,0,1,3584,11,759921177
8539,91786880,35989,91822869,6,0,1,1536,8,8472731583
8540,91791740,312843,92104583,3,0,0,8704,0,8570907587
8541,91801970,25405,91827375,7,0,1,7168,4,9928017009
8542,91806360,21681,91828041,0,0,1,1024,11,1892053696
8543,91816120,14827,91830947,4,0,1,4608,5,4002198923
8544,91822670,431913,92254583,8,0,0,2048,8,3397929888
8545,91834960,5326,91840286,8,0,1,5632,8,8876065547
8546,91844630,424824,92269454,1,0,0,42496,17,8662885063
8547,91858610,60263,91918873,6,0,1,4608,8,6666788349
8548,91878530,341254,92219784,8,0,0,2048,8,1845896815
8549,91887410,338955,92226365,8,0,0,512,8,10426598190
8550,91891730,609323,92501053,3,0,0,128512,0,1854745390
8551,91905290,76135,91981425,8,0,1,9216,8,5012563464
8552,91916010,65430,91981440,6,0,1,3072,8,9223078498
8553,91917870,531699,92449569,1,0,0,29184,17,1372593904
8554,91935980,334300,92270280,1,0,0,2560,17,7004129968
8555,91937920,54242,91992162,7,0,1,2560,4,8791078054
8556,91944950,48466,91993416,4,0,1,18432,5,3091103657
8557,91946080,51522,91997602,8,0,1,6656,8,4398884261
8558,91964090,259359,92223449,8,0,0,1024,8,4769517883
8559,91979320,54402,92033722,8,0,1,4096,8,7536172853
8560,91983810,51213,92035023,0,0,1,7680,11,5774865342
8561,91992130,512698,92504828,2,0,0,12288,12,3551268019
8562,91997230,313394,92310624,8,0,0,512,8,2352226430
8563,91997750,599205,92596955,1,0,0,89088,17,9500893661
8564,92002970,35534,92038504,7,0,1,3584,4,5035433553
8565,92006730,34381,92041111,8,0,1,12800,8,3252211694
8566,92013000,33828,92046828,9,0,1,7168,3,156306150
8567,92017490,533332,92550822,3,0,0,13824,0,706797482
8568,92034420,366666,92401086,1,0,0,16384,17,4294171716
8569,92049780,51801,92101581,0,0,1,14336,11,1674424128
8570,92051600,76642,92128242,9,0,1,512,3,9107427195
8571,92055120,83211,92138331,6,0,1,16896,8,2174430441
8572,92057050,81947,92138997,6,0,1,1024,8,3347698108
8573,92088080,373541,92461621,3,0,0,8704,0,2983686487
8574,92092130,49453,92141583,8,0,1,4096,8,338022504
8575,92116360,695985,92812345,8,0,0,512,8,1122528683
8576,92118190,517336,92635526,2,0,0,52224,12,10052715131
8577,92126740,15304,92142044,0,0,1,10240,11,1132097996
8578,92132080,11270,92143350,7,0,1,2048,4,9622304754
8579,92137340,22398,92159738,6,0,1,25600,8,5657874967
8580,92143410,16343,92159753,6,0,1,15360,8,10391041280
8581,92145500,14268,92159768,6,0,1,3584,8,937367524
8582,92146160,13623,92159783,7,0,1,6144,4,8148468716
8583,92165360,5802,92171162,4,0,1,6144,5,9154882574
8584,92170470,231450,92401920,4,0,0,2048,5,826390392
8585,92200810,512142,92712952,3,0,0,35840,0,1133539567
8586,92209970,1518,92211488,0,0,1,1536,11,6890796551
8587,92213540,1042,92214582,7,0,1,1024,4,7633190067
8588,92221030,566,92221596,4,0,1,512,5,6091042421
8589,92233960,168475,92402435,8,0,0,1536,8,5633827703
8590,92235980,160099,92396079,2,0,0,45568,12,9412032824
8591,92237610,3422,92241032,8,0,1,3584,8,2197494716
8592,92247560,21917,92269477,0,0,1,18432,11,3741913811
8593,92257700,15510,92273210,6,0,1,3072,8,8116196689
8594,92261070,13126,92274196,0,0,1,1536,11,2568087941
8595,92269400,19059,92288459,7,0,1,23552,4,1521833237
8596,92283870,8456,92292326,8,0,1,4096,8,6397273148
8597,92296320,3898,92300218,5,0,1,4096,10,632987719
8598,92302940,1518,92304458,6,0,1,1536,8,2539744699
8599,92304010,57785,92361795,7,0,1,52736,4,8862688887
8600,92308330,102319,92410649,1,0,0,2048,17,4279999303
8601,92315680,243825,92559505,8,0,0,512,8,5569749245
8602,92321920,39898,92361818,6,0,1,22016,8,7772957583
8603,92339180,23323,92362503,8,0,1,512,8,8692927845
8604,92351670,350339,92702009,2,0,0,65536,12,9995131658
8605,92352820,11743,92364563,7,0,1,2560,4,6289232204
8606,92356710,578528,92935238,2,0,0,32768,12,5639470964
8607,92359280,45242,92404522,7,0,1,67584,4,9373249140
8608,92360620,45848,92406468,0,0,1,3072,11,2943450525
8609,92360630,47144,92407774,5,0,1,2048,10,9681452659
8610,92373670,38739,92412409,7,0,1,7168,4,3009372128
8611,92383629,29957,92413586,2,0,1,2048,12,1683299413
8612,92390630,23302,92413932,6,0,1,512,8,3105447146
8613,92401010,14407,92415417,8,0,1,15360,8,1958192923
8614,92403910,12173,92416083,6,0,1,1024,8,3612819411
8615,92409500,6929,92416429,4,0,1,512,5,5070210893
8616,92409510,9825,92419335,4,0,1,4608,5,7371071085
8617,92413240,8361,92421601,4,0,1,3584,5,5858763870
8618,92416179,10941,92427120,2,0,1,5632,12,6277096127
8619,92426580,548625,92975205,1,0,0,4096,17,3428016226
8620,92438900,10692,92449592,0,0,1,10240,11,4963653599
8621,92439920,640116,93080036,2,0,0,42496,12,7932774284
8622,92444500,6679,92451179,4,0,1,1536,5,3146995684
8623,92445570,307116,92752686,2,0,0,38912,12,1801397131
8624,92446289,6196,92452485,2,0,1,2048,12,9646359670
8625,92447580,229742,92677322,8,0,0,1024,8,3613854034
8626,92459150,192202,92651352,3,0,0,2048,0,441673882
8627,92483670,274335,92758005,1,0,0,17408,17,6714888771
8628,92490910,22716,92513626,0,0,1,2048,11,7844047423
8629,92495530,18598,92514128,4,0,1,512,5,3541175510
8630,92501190,297356,92798546,8,0,0,1024,8,3797313539
8631,92511020,408173,92919193,1,0,0,184832,17,10495233160
8632,92519040,2470,92521510,6,0,1,2560,8,9500179925
8633,92534340,22950,92557290,7,0,1,37888,4,6918665399
8634,92546470,15006,92561476,6,0,1,6656,8,1046221964
8635,92546870,17512,92564382,0,0,1,4608,11,524172587
8636,92563999,1049,92565048,2,0,1,1024,12,2794538689
8637,92565940,794531,93360471,4,0,0,99840,5,7963428095
8638,92572150,63391,92635541,7,0,1,40448,4,6988562132
8639,92573600,61956,92635556,4,0,1,3072,5,4454204571
8640,92582270,53301,92635571,0,0,1,4096,11,5880750631
8641,92588720,468379,93057099,2,0,0,34816,12,7592461912
8642,92590350,215504,92805854,2,0,0,12288,12,10542888517
8643,92591940,43646,92635586,7,0,1,6144,4,1580782922
8644,92615100,787911,93403011,8,0,0,1024,8,1192940194
8645,92617970,18147,92636117,6,0,1,30720,8,6006146269
8646,92637500,1042,92638542,5,0,1,1024,10,5754484666
8647,92639500,285707,92925207,3,0,0,18432,0,2986421267
8648,92642430,277130,92919560,1,0,0,1024,17,8061966816
8649,92666270,1042,92667312,5,0,1,1024,10,8537270071
8650,92677980,34987,92712967,4,0,1,20992,5,972151989
8651,92678370,512120,93190490,1,0,0,70144,17,7276452839
8652,92691370,35849,92727219,5,0,1,24064,10,1610737613
8653,92695539,32346,92727885,2,0,1,11264,12,7943951363
8654,92700620,302858,93003478,4,0,0,2048,5,8188354614
8655,92706180,25571,92731751,4,0,1,6144,5,7516902218
8656,92710310,59832,92770142,7,0,1,76288,4,10120221407
8657,92711720,411336,93123056,2,0,0,11264,12,1720184659
8658,92712960,283920,92996880,8,0,0,2048,8,4936743853
8659,92715840,58488,92774328,9,0,1,6656,3,5696421944
8660,92728230,47084,92775314,9,0,1,1536,3,5205597327
8661,92731490,326264,93057754,2,0,0,2048,12,4932475503
8662,92739430,36870,92776300,5,0,1,1536,10,8814333757
8663,92744600,250442,92995042,8,0,0,4608,8,3652584997
8664,92751460,26466,92777926,6,0,1,2560,8,8370271796
8665,92751510,269617,93021127,8,0,0,512,8,2973054711
8666,92751750,28762,92780512,6,0,1,4096,8,9347300717
8667,92757800,24978,92782778,4,0,1,3584,5,9992138558
8668,92758290,24744,92783034,4,0,1,9216,5,6802082369
8669,92758460,27800,92786260,9,0,1,5120,3,7357483576
8670,92760520,556590,93317110,3,0,0,33792,0,5377081610
8671,92765440,661047,93426487,2,0,0,41472,12,531391252
8672,92770140,16786,92786926,5,0,1,1024,10,7490234637
8673,92772450,15782,92788232,8,0,1,2048,8,5584980107
8674,92773810,16368,92790178,4,0,1,3072,5,7698632190
8675,92784700,6451,92791151,6,0,1,12800,8,665720052
8676,92787510,6227,92793737,6,0,1,4096,8,3455642173
8677,92789950,296991,93086941,4,0,0,8704,5,7455985910
8678,92806259,4850,92811109,2,0,1,5120,12,5090858552
8679,92809540,3515,92813055,8,0,1,3072,8,10167259195
8680,92809560,588881,93398441,1,0,0,42496,17,10553464334
8681,92819730,348459,93168189,3,0,0,14336,0,8791138711
8682,92835420,4162,92839582,5,0,1,11264,10,10717882645
8683,92861650,656021,93517671,1,0,0,33792,17,5060513958
8684,92863470,219865,93083335,1,0,0,10752,17,2213568991
8685,92865440,76035,92941475,4,0,1,6656,5,2709294461
8686,92869090,164579,93033669,2,0,0,3584,12,1050241438
8687,92874240,68541,92942781,5,0,1,2048,10,7713663686
8688,92874750,68377,92943127,5,0,1,512,10,2596122884
8689,92878640,752337,93630977,6,0,0,122880,8,2035441136
8690,92878810,64663,92943473,6,0,1,512,8,924701998
8691,92899639,47700,92947339,2,0,1,6144,12,9369519709
8692,92912370,36915,92949285,5,0,1,3072,10,8545551474
8693,92916040,34013,92950053,4,0,1,11776,5,8106825241
8694,92917430,36169,92953599,5,0,1,5632,10,9884924985
8695,92935220,19045,92954265,4,0,1,1024,5,471036002
8696,92949050,5561,92954611,4,0,1,512,5,7754463280
8697,92953790,6229,92960019,4,0,1,15360,5,8722227178
8698,92954950,425068,93380018,1,0,0,64000,17,225984456
8699,92958070,4535,92962605,5,0,1,4096,10,9535924881
8700,92973140,5326,92978466,5,0,1,5632,10,6395258499
8701,92975800,271424,93247224,2,0,0,22528,12,3543367909
8702,92985650,464535,93450185,1,0,0,5632,17,4331113813
8703,92987810,1042,92988852,9,0,1,1024,3,7843353853
8704,92998410,415411,93413821,1,0,0,35328,17,9809405302
8705,93001880,400788,93402668,1,0,0,13824,17,4841020371
8706,93003810,276273,93280083,2,0,0,26112,12,636858252
8707,93024750,197398,93222148,8,0,0,512,8,4840845883
8708,93026930,3387,93030317,7,0,1,9728,4,9164315775
8709,93047070,238842,93285912,3,0,0,18432,0,7241728003
8710,93047480,387675,93435155,1,0,0,24576,17,2789154878
8711,93055320,3510,93058830,4,0,1,1024,5,3184460911
8712,93056950,420599,93477549,3,0,0,18432,0,6408082611
8713,93057550,324707,93382257,6,0,0,7168,8,2710850729
8714,93061570,775112,93836682,2,0,0,41472,12,8460837202
8715,93063000,3645,93066645,5,0,1,10240,10,2277032966
8716,93069680,17276,93086956,8,0,1,1536,8,9076010572
8717,93097220,5326,93102546,9,0,1,5632,3,9867322423
8718,93106590,636932,93743522,6,0,0,10752,8,9278281374
8719,93111111,5326,93116437,3,0,1,5632,0,3850265918
8720,93117740,5331,93123071,9,0,1,4096,3,7908775290
8721,93121650,5787,93127437,5,0,1,4608,10,10209350322
8722,93139150,521041,93660191,6,0,0,47616,8,10279852832
8723,93147660,5326,93152986,9,0,1,5632,3,6188217007
8724,93151260,588971,93740231,4,0,0,148992,5,6377280957
8725,93151271,5819,93157090,3,0,1,6144,0,7099051890
8726,93160570,2946,93163516,9,0,1,3072,3,206276393
8727,93164530,25975,93190505,8,0,1,9216,8,1469033042
8728,93167490,23046,93190536,4,0,1,19968,5,3554092927
8729,93167600,656431,93824031,4,0,0,21504,5,5228716184
8730,93173700,73547,93247247,7,0,1,83456,4,10276992935
8731,93180750,66512,93247262,8,0,1,512,8,9366976238
8732,93186960,60317,93247277,8,0,1,4608,8,6366770482
8733,93195140,52152,93247292,5,0,1,512,10,1789398851
8734,93195410,52197,93247607,5,0,1,3072,10,8656119646
8735,93215800,36633,93252433,4,0,1,7680,5,1453999395
8736,93223181,32478,93255659,3,0,1,5120,0,106849690
8737,93223830,778521,94002351,4,0,0,135680,5,9038343239
8738,93231770,583000,93814770,3,0,0,38400,0,9719913832
8739,93241680,763057,94004737,1,0,0,6656,17,10216655970
8740,93250130,8435,93258565,5,0,1,4608,10,9110927117
8741,93258061,7230,93265291,3,0,1,7680,0,3434675478
8742,93263581,3128,93266709,3,0,1,9216,0,3194733560
8743,93272110,13817,93285927,9,0,1,512,3,152777677
8744,93274361,13618,93287979,3,0,1,8192,0,9075127542
8745,93274450,18675,93293125,8,0,1,8192,8,7914210899
8746,93280650,15701,93296351,4,0,1,5120,5,5505765827
8747,93282490,465259,93747749,3,0,0,13824,0,5432053332
8748,93284070,406179,93690249,1,0,0,31232,17,814640007
8749,93320530,602003,93922533,6,0,0,121856,8,4031770831
8750,93324120,566,93324686,9,0,1,512,3,5371920128
8751,93330960,51320,93382280,4,0,1,1536,5,5092410143
8752,93339780,829519,94169299,3,0,0,102400,0,8255644359
8753,93344240,58802,93403042,4,0,1,21504,5,2295795746
8754,93345710,68126,93413836,9,0,1,6144,3,2582660497
8755,93355310,203595,93558905,4,0,0,6144,5,1267721248
8756,93370120,552771,93922891,8,0,0,512,8,7481733814
8757,93373600,52918,93426518,4,0,1,1536,5,3043730249
8758,93383660,51510,93435170,9,0,1,10240,3,3697836
8759,93390550,357878,93748428,8,0,0,2048,8,3447106276
8760,93391110,44091,93435201,5,0,1,12800,10,5741728030
8761,93413470,840639,94254109,8,0,0,1536,8,9320707947
8762,93426750,11859,93438609,9,0,1,3584,3,2807903263
8763,93431320,635968,94067288,2,0,0,112640,12,7007900016
8764,93445760,5971,93451731,9,0,1,14848,3,10239417376
8765,93454170,1994,93456164,9,0,1,2048,3,1914550483
8766,93477630,542722,94020352,6,0,0,51200,8,8460214672
8767,93485250,1994,93487244,5,0,1,2048,10,8004708206
8768,93494990,1994,93496984,9,0,1,2048,3,6190973465
8769,93500050,3898,93503948,6,0,1,4096,8,2855849065
8770,93521640,607425,94129065,2,0,0,61440,12,4677438552
8771,93523670,3898,93527568,9,0,1,4096,3,5456709108
8772,93531710,566,93532276,9,0,1,512,3,8983048021
8773,93532040,1994,93534034,4,0,1,2048,5,6943696680
8774,93533770,5326,93539096,4,0,1,5632,5,9734014703
8775,93536750,4932,93541682,4,0,1,4096,5,5527484094
8776,93545620,556761,94102381,6,0,0,52736,8,5588710609
8777,93546870,695984,94242854,4,0,0,80384,5,6799264750
8778,93553660,553595,94107255,6,0,0,15360,8,10502323851
8779,93554520,368184,93922704,8,0,0,512,8,1313959925
8780,93562970,643225,94206195,3,0,0,91648,0,517895179
8781,93587310,43690,93631000,4,0,1,8192,5,10143877966
8782,93588080,514480,94102560,8,0,0,512,8,1512785529
8783,93590730,344656,93935386,2,0,0,40960,12,9294788613
8784,93593850,943055,94536905,6,0,0,72192,8,1721495789
8785,93606000,1090910,94696910,3,0,0,27648,0,10640159822
8786,93606480,733649,94340129,2,0,0,18432,12,9574460737
8787,93607050,235026,93842076,8,0,0,1024,8,6936473847
8788,93615670,417283,94032953,2,0,0,5632,12,4028643665
8789,93633090,434883,94067973,8,0,0,2048,8,1044971942
8790,93636060,2870,93638930,5,0,1,8704,10,7087255945
8791,93637460,906058,94543518,3,0,0,21504,0,6378072675
8792,93644050,566,93644616,9,0,1,512,3,1906178707
8793,93665640,337054,94002694,8,0,0,1024,8,2762608657
8794,93666780,541029,94207809,4,0,0,5120,5,6935851396
8795,93675130,2470,93677600,5,0,1,2560,10,3706645041
8796,93708820,569774,94278594,8,0,0,512,8,10270355036
8797,93716460,501847,94218307,6,0,0,17920,8,4564616331
8798,93719390,411572,94130962,6,0,0,2560,8,3633561286
8799,93730680,24461,93755141,9,0,1,7168,3,7514371124
8800,93743490,16797,93760287,5,0,1,8192,10,6686367060
8801,93761920,3904,93765824,9,0,1,10752,3,4108446928
8802,93841061,5802,93846863,3,0,1,6144,0,2507556984
8803,93847190,4937,93852127,9,0,1,12800,3,7465217948
8804,93847241,7796,93855037,3,0,1,4096,0,4342050600
8805,93861440,1042,93862482,8,0,1,1024,8,4840183660
8806,93873530,593699,94467229,2,0,0,512,12,6851013423
8807,93893090,385307,94278397,3,0,0,3072,0,1127131439
8808,93900170,408759,94308929,6,0,0,15872,8,2303528854
8809,93920220,17628,93937848,9,0,1,2560,3,3601318235
8810,93946790,4850,93951640,8,0,1,5120,8,6372425754
8811,93947750,419405,94367155,4,0,0,56320,5,5694299682
8812,93949080,263744,94212824,2,0,0,16384,12,5957026325
8813,93957640,1518,93959158,9,0,1,1536,3,7299051605
8814,93961430,285645,94247075,8,0,0,512,8,2922852008
8815,93963800,347484,94311284,6,0,0,7680,8,6306751800
8816,93976790,969193,94945983,6,0,0,56320,8,3931111453
8817,93991971,36146,94028117,3,0,1,8192,0,5610311797
8818,93997030,370296,94367326,8,0,0,512,8,3926507054
8819,93997900,172373,94170273,2,0,0,3072,12,9805916404
8820,94021340,45963,94067303,0,0,1,6656,11,7379378800
8821,94021760,45558,94067318,8,0,1,1024,8,7490156302
8822,94044661,24313,94068974,3,0,1,1024,0,2726460271
8823,94054940,18154,94073094,8,0,1,5120,8,5157430890
8824,94076010,1026618,95102628,2,0,0,16896,12,7201441362
8825,94082720,318747,94401467,2,0,0,22016,12,1960492115
8826,94088590,181867,94270457,8,0,0,512,8,3393647283
8827,94099350,194159,94293509,4,0,0,1536,5,8091267145
8828,94100780,413251,94514031,3,0,0,61952,0,5280873506
8829,94111280,25049,94136329,8,0,1,7680,8,6007205888
8830,94113331,55991,94169322,3,0,1,5632,0,4313516848
8831,94127640,42648,94170288,0,0,1,1024,11,1022446639
8832,94136250,34053,94170303,0,0,1,512,11,8701942955
8833,94138480,462487,94600967,2,0,0,34304,12,751074304
8834,94149240,24068,94173308,9,0,1,3072,3,5423514479
8835,94152680,22005,94174685,9,0,1,9728,3,7542108494
8836,94161300,44918,94206218,0,0,1,17920,11,444138528
8837,94163920,184136,94348056,8,0,0,512,8,6561504378
8838,94170770,344072,94514842,8,0,0,2560,8,6637893001
8839,94188011,54858,94242869,3,0,1,2048,0,5321141027
8840,94190150,52742,94242892,0,0,1,11264,11,7529806169
8841,94193980,48927,94242907,8,0,1,1024,8,2960698221
8842,94195290,72758,94268048,8,0,0,512,8,5458683651
8843,94210840,156681,94367521,8,0,0,512,8,6699329489
8844,94213671,30675,94244346,3,0,1,1536,0,10269258078
8845,94225020,21338,94246358,8,0,1,3072,8,1184935842
8846,94226970,437283,94664253,4,0,0,185856,5,7308616868
8847,94233210,203903,94437113,6,0,0,7680,8,5134886401
8848,94233721,14903,94248624,3,0,1,3584,0,4774136819
8849,94243940,8553,94252493,8,0,1,6144,8,1511869116
8850,94249761,2883,94252644,3,0,1,8704,0,5790302187
8851,94252230,435578,94687808,6,0,0,76288,8,6794942523
8852,94260360,875631,95135991,3,0,0,108032,0,4157419899
8853,94287170,1042,94288212,5,0,1,1024,10,4061418670
8854,94295790,531934,94827724,3,0,0,48128,0,510100965
8855,94303700,7599,94311299,5,0,1,2560,10,9966245578
8856,94307430,8040,94315470,5,0,1,11264,10,6088665630
8857,94307611,8845,94316456,3,0,1,1536,0,3013640740
8858,94314411,6172,94320583,3,0,1,5632,0,1035102580
8859,94322510,341953,94664463,8,0,0,512,8,5775401434
8860,94324890,437919,94762809,6,0,0,26112,8,634126025
8861,94326060,7706,94333766,5,0,1,8192,10,8554189545
8862,94359110,15600,94374710,5,0,1,7680,10,391157134
8863,94359260,195971,94555231,6,0,0,10240,8,2160456189
8864,94359390,16306,94375696,0,0,1,1536,11,5817136989
8865,94367980,320475,94688455,8,0,0,2048,8,9880408247
8866,94380660,645748,95026408,6,0,0,65024,8,917178323
8867,94386110,368689,94754799,3,0,0,63488,0,863828456
8868,94391590,9892,94401482,0,0,1,6656,11,2259652387
8869,94406780,1994,94408774,8,0,1,2048,8,8660676910
8870,94432181,5454,94437635,3,0,1,13824,0,2465064574
8871,94473270,624163,95097433,3,0,0,137216,0,9665708002
8872,94473410,369165,94842575,3,0,0,18432,0,7384832553
8873,94474950,1518,94476468,4,0,1,1536,5,2657533569
8874,94478700,527881,95006581,2,0,0,82432,12,6101320731
8875,94480840,3645,94484485,4,0,1,10240,5,3485959334
8876,94489930,295673,94785603,8,0,0,1024,8,8310089832
8877,94493110,1042,94494152,0,0,1,1024,11,4574900141
8878,94495540,41380,94536920,8,0,1,512,8,7700944055
8879,94497871,39064,94536935,3,0,1,1024,0,8656949823
8880,94506610,36939,94543549,8,0,1,37376,8,4493265378
8881,94521011,27792,94548803,3,0,1,5632,0,6412004045
8882,94523710,31536,94555246,5,0,1,5632,10,1235018825
8883,94541710,15785,94557495,5,0,1,8192,10,10430148448
8884,94550190,278040,94828230,8,0,0,1536,8,6247572627
8885,94567300,612458,95179758,4,0,0,2048,5,1061470056
8886,94586840,689397,95276237,3,0,0,52224,0,3513033956
8887,94592441,11080,94603521,3,0,1,2560,0,5167214136
8888,94595190,261925,94857115,8,0,0,512,8,7683573938
8889,94596270,249752,94846022,6,0,0,11264,8,8913006951
8890,94597550,8557,94606107,5,0,1,4096,10,3628670894
8891,94600680,63588,94664268,5,0,1,14336,10,3517310525
8892,94603751,60727,94664478,3,0,1,3584,0,4811742704
8893,94606590,57903,94664493,0,0,1,512,11,8719969914
8894,94608500,89912,94698412,0,0,1,1536,11,3154471604
8895,94610140,94452,94704592,5,0,1,7680,10,9913002213
8896,94610320,94618,94704938,8,0,1,512,8,6833043927
8897,94615030,90254,94705284,0,0,1,512,11,8823672757
8898,94615070,432081,95047151,2,0,0,20480,12,2180915794
8899,94623430,82418,94705848,8,0,1,10752,8,3407140626
8900,94624780,84294,94709074,5,0,1,5120,10,3174196373
8901,94625950,254657,94880607,8,0,0,3072,8,8324916581
8902,94628900,81250,94710150,8,0,1,13312,8,973951667
8903,94629980,549100,95179080,4,0,0,15872,5,6441932826
8904,94641860,69276,94711136,1,0,1,1536,17,10472576515
8905,94648060,392836,95040896,2,0,0,11264,12,7664600597
8906,94650940,579239,95230179,8,0,0,1536,8,9074299764
8907,94662310,51092,94713402,0,0,1,3584,11,3874435219
8908,94675890,178488,94854378,8,0,0,2560,8,7333570781
8909,94686350,344597,95030947,2,0,0,14848,12,2536444083
8910,94686890,452640,95139530,6,0,0,8704,8,8557311563
8911,94688020,29888,94717908,0,0,1,7168,11,5581075653
8912,94694840,337666,95032506,8,0,0,2560,8,8899737085
8913,94704690,14204,94718894,5,0,1,1536,10,6341898230
8914,94708290,15430,94723720,5,0,1,7680,10,1390717819
8915,94711130,184216,94895346,8,0,0,512,8,6370351580
8916,94711930,13096,94725026,0,0,1,2048,11,630437757
8917,94731420,23418,94754838,1,0,1,14848,17,4094937012
8918,94732720,36376,94769096,4,0,1,6656,5,7868681136
8919,94732810,37592,94770402,0,0,1,2048,11,3862954780
8920,94733970,38058,94772028,4,0,1,2560,5,9361269877
8921,94752830,20184,94773014,1,0,1,1536,17,5952136834
8922,94754660,19020,94773680,5,0,1,1024,10,6817904087
8923,94757690,17578,94775268,0,0,1,15872,11,8511925986
8924,94765050,437117,95202167,2,0,0,39936,12,10452417904
8925,94767320,8934,94776254,5,0,1,1536,10,9912503043
8926,94781810,7706,94789516,5,0,1,8192,10,588726215
8927,94784020,511393,95295413,3,0,0,14336,0,2822663703
8928,94801920,25827,94827747,8,0,1,26112,8,9385026432
8929,94812900,323955,95136855,8,0,0,2560,8,4898397195
8930,94813540,360689,95174229,3,0,0,66048,0,8464881267
8931,94822590,537085,95359675,6,0,0,65536,8,7543224800
8932,94832470,307566,95140036,8,0,0,512,8,6352216387
8933,94878340,5802,94884142,5,0,1,6144,10,10388300883
8934,94889220,560162,95449382,3,0,0,24576,0,7514355495
8935,94910590,2870,94913460,8,0,1,8704,8,8751096240
8936,94927570,727238,95654808,3,0,0,32256,0,312594090
8937,94929100,573550,95502650,8,0,0,512,8,10025092056
8938,94931680,16030,94947710,1,0,1,1536,17,2204449373
8939,94932200,17136,94949336,5,0,1,2560,10,432105961
8940,94937329,12673,94950002,2,0,1,1024,12,383833412
8941,94939630,200235,95139865,3,0,0,1024,0,1764968220
8942,94941880,397720,95339600,2,0,0,72704,12,673642084
8943,94942200,11348,94953548,5,0,1,5632,10,847864201
8944,94943670,14064,94957734,8,0,1,6656,8,10389423415
8945,94943820,14900,94958720,5,0,1,1536,10,6804822991
8946,94944480,294449,95238929,8,0,0,1536,8,8075369458
8947,94961230,516794,95478024,2,0,0,75264,12,7620590579
8948,94967720,1994,94969714,5,0,1,2048,10,4269133893
8949,95005520,227308,95232828,8,0,0,512,8,3702328836
8950,95006850,25679,95032529,6,0,1,1536,8,2064853127
8951,95018480,15670,95034150,0,0,1,2560,11,8219359694
8952,95027220,466758,95493978,8,0,0,1024,8,6276966028
8953,95032250,150001,95182251,4,0,0,512,5,4017643106
8954,95059180,76826,95136006,5,0,1,1024,10,4906740778
8955,95063220,430375,95493595,0,0,0,50688,11,6741553301
8956,95064610,71419,95136029,0,0,1,9216,11,7461385955
8957,95067830,565264,95633094,4,0,0,119296,5,1195018433
8958,95087300,48744,95136044,5,0,1,1536,10,5737630517
8959,95096040,208124,95304164,4,0,0,28672,5,6955163574
8960,95099680,43991,95143671,5,0,1,8192,10,1350704180
8961,95107890,288332,95396222,3,0,0,10240,0,1796827679
8962,95109010,36607,95145617,9,0,1,3072,3,10341346677
8963,95111770,39427,95151197,7,0,1,16384,4,5861410310
8964,95126400,52719,95179119,9,0,1,23040,3,7313616642
8965,95136780,43001,95179781,9,0,1,6144,3,3906736160
8966,95139280,40516,95179796,0,0,1,1536,11,6851692939
8967,95139410,439528,95578938,3,0,0,64512,0,5871300906
8968,95142550,39753,95182303,8,0,1,2560,8,4494980593
8969,95145590,41252,95186842,5,0,1,15360,10,4747358540
8970,95158900,28928,95187828,0,0,1,1536,11,1021798255
8971,95160730,27444,95188174,0,0,1,512,11,6525278
8972,95164560,37630,95202190,8,0,1,7680,8,7748671804
8973,95166060,36145,95202205,0,0,1,3584,11,2134161181
8974,95170330,624599,95794929,3,0,0,111104,0,8539956954
8975,95189730,12498,95202228,9,0,1,6656,3,6420320550
8976,95191680,13648,95205328,8,0,1,9216,8,6073024628
8977,95197440,9086,95206526,0,0,1,1536,11,10019213941
8978,95217590,1042,95218632,8,0,1,1024,8,9571228219
8979,95239510,6754,95246264,8,0,1,7168,8,10275176803
8980,95245700,413679,95659379,6,0,0,14848,8,2360913200
8981,95258820,17432,95276252,9,0,1,4608,3,5595956385
8982,95263570,13783,95277353,0,0,1,1024,11,4921543621
8983,95266110,73513,95339623,7,0,1,70144,4,6751336086
8984,95268640,70998,95339638,7,0,1,2560,4,1455315899
8985,95274290,65363,95339653,9,0,1,3072,3,8618590939
8986,95280150,542865,95823015,8,0,0,512,8,1581458113
8987,95284080,360885,95644965,3,0,0,38912,0,9867028402
8988,95293380,46296,95339676,8,0,1,3584,8,6057345422
8989,95308330,224372,95532702,6,0,0,10752,8,7945406360
8990,95318720,46741,95365461,9,0,1,6144,3,4785089166
8991,95323810,419451,95743261,3,0,0,24576,0,9617500031
8992,95326050,42637,95368687,8,0,1,5120,8,251441769
8993,95329460,249493,95578953,7,0,1,323584,4,547594842
8994,95336450,332460,95668910,4,0,0,31232,5,4009757166
8995,95353000,225968,95578968,0,0,1,1024,11,5176726059
8996,95355830,494654,95850484,6,0,0,51712,8,609143624
8997,95357540,921731,96279271,8,0,0,2560,8,7431786251
8998,95361310,217673,95578983,5,0,1,2560,10,9899155992
8999,95380120,198886,95579006,7,0,1,25600,4,7968449496
9000,95392290,413285,95805575,4,0,0,34304,5,1170346233
9001,95395760,762270,96158030,6,0,0,40448,8,6385304184
9002,95395830,183191,95579021,0,0,1,512,11,10689415927
9003,95402510,588948,95991458,4,0,0,95232,5,9168742330
9004,95404680,174356,95579036,5,0,1,11264,10,6027563935
9005,95411770,461424,95873194,6,0,0,17920,8,7517174497
9006,95422980,301362,95724342,4,0,0,8192,5,4147896857
9007,95430310,378884,95809194,3,0,0,11776,0,557260630
9008,95435910,440761,95876671,4,0,0,9216,5,358232917
9009,95448350,220575,95668925,5,0,1,2560,10,8899828311
9010,95457780,211168,95668948,9,0,1,4608,3,8756208989
9011,95483700,185263,95668963,0,0,1,10240,11,6706367454
9012,95492760,179485,95672245,5,0,1,1536,10,8607005464
9013,95494020,206264,95700284,8,0,0,512,8,8511964359
9014,95496800,229086,95725886,7,0,1,59392,4,4760793098
9015,95501500,293608,95795108,8,0,0,512,8,2854266449
9016,95514670,367471,95882141,7,0,1,71168,4,3182468391
9017,95519460,364947,95884407,8,0,1,3584,8,10554200509
9018,95522230,386460,95908690,3,0,0,37888,0,10648825989
9019,95531180,333173,95864353,4,0,0,6656,5,7994311976
9020,95539380,357721,95897101,4,0,1,4608,5,8504406019
9021,95546890,350226,95897116,5,0,1,512,10,6534396374
9022,95553140,343991,95897131,0,0,1,1024,11,9248569405
9023,95567230,341475,95908705,5,0,1,6656,10,8122564354
9024,95595900,395893,95991793,8,0,0,1024,8,7539951068
9025,95616570,304535,95921105,4,0,0,13312,5,8555320487
9026,95624950,283778,95908728,7,0,1,6144,4,5339487926
9027,95628440,280303,95908743,5,0,1,1536,10,585125543
9028,95636901,273123,95910024,3,0,1,7680,0,9408437369
9029,95642260,267918,95910178,8,0,1,8704,8,3850301522
9030,95647480,249606,95897086,4,0,0,35840,5,8753921218
9031,95651770,308654,95960424,6,0,0,49152,8,9839469831
9032,95655741,336067,95991808,3,0,1,20480,0,1764478779
9033,95668580,345171,96013751,8,0,1,18944,8,8377636683
9034,95687500,363701,96051201,4,0,1,2048,5,4962799310
9035,95695311,355905,96051216,3,0,1,2560,0,6780211943
9036,95697480,353751,96051231,4,0,1,1024,5,1748508314
9037,95701410,415932,96117342,4,0,0,12800,5,6935961253
9038,95705230,346016,96051246,4,0,1,5120,5,6315767403
9039,95709871,362014,96071885,3,0,1,14336,0,10033658717
9040,95714310,362310,96076620,4,0,1,3584,5,4473780993
9041,95715431,362495,96077926,3,0,1,2048,0,2316483893
9042,95719530,360982,96080512,5,0,1,4096,10,2024689022
9043,95719740,331446,96051186,6,0,0,38400,8,1889411633
9044,95734040,348098,96082138,5,0,1,2560,10,8596735133
9045,95738560,483736,96222296,6,0,0,13312,8,1239262078
9046,95751441,361978,96113419,3,0,1,9728,0,6748647107
9047,95759290,354114,96113404,3,0,0,67072,0,8391356468
9048,95759380,386215,96145595,5,0,1,2560,10,5157848753
9049,95760789,169024,95929813,7,0,0,512,4,9111948516
9050,95764280,393773,96158053,5,0,1,4608,10,807451236
9051,95776171,381897,96158068,3,0,1,1536,0,2235588705
9052,95786310,452884,96239194,6,0,0,46080,8,1610785055
9053,95799640,358443,96158083,5,0,1,512,10,4893991651
9054,95804900,353198,96158098,7,0,1,512,4,6927425470
9055,95806350,351763,96158113,5,0,1,6656,10,4003601651
9056,95813380,366133,96179513,3,0,0,34304,0,4367933297
9057,95816520,342351,96158871,8,0,1,7168,8,5598898486
9058,95827700,539007,96366707,6,0,0,92672,8,5645703088
9059,95849331,317553,96166884,3,0,1,4096,0,1646387620
9060,95856670,322866,96179536,8,0,1,5120,8,8259325717
9061,95856690,322861,96179551,5,0,1,9728,10,9275525874
9062,95858710,320872,96179582,5,0,1,4096,10,4977235297
9063,95859030,320567,96179597,7,0,1,3584,4,3681946788
9064,95876339,214228,96090567,7,0,0,1024,4,1182588441
9065,95882190,297749,96179939,7,0,1,4096,4,779929912
9066,95895631,299733,96195364,3,0,1,512,0,4286185918
9067,95909509,332667,96242176,7,0,0,512,4,1305469486
9068,95914210,282140,96196350,7,0,1,1536,4,2609485760
9069,95929040,269896,96198936,7,0,1,4096,4,4750189663
9070,95946000,253295,96199295,8,0,1,9728,8,10311214337
9071,95970470,209454,96179924,8,0,0,1024,8,6500593351
9072,95985950,431557,96417507,4,0,0,27136,5,8222674534
9073,95992080,207881,96199961,8,0,1,1024,8,6559551130
9074,96005410,175956,96181366,6,0,0,4608,8,7318989949
9075,96019730,258152,96277882,4,0,0,39424,5,10435061712
9076,96019951,204176,96224127,3,0,1,25088,0,5176593487
9077,96057040,345948,96402988,4,0,0,28160,5,7843212287
9078,96063071,143688,96206759,5,0,0,6656,10,2305331381
9079,96072231,244902,96317133,5,0,0,33280,10,8900910885
9080,96089351,283642,96372993,5,0,0,20480,10,5722776923
9081,96098630,390606,96489236,6,0,0,73216,8,386320306
9082,96117480,121729,96239209,8,0,1,4608,8,9774289990
9083,96123601,115623,96239224,3,0,1,4096,0,3243565309
9084,96128879,244441,96373320,7,0,0,1024,4,7947214418
9085,96130540,317592,96448132,3,0,0,13824,0,7117968918
9086,96147791,246602,96394393,5,0,0,11264,10,1774530817
9087,96159781,79458,96239239,3,0,1,512,0,10520137504
9088,96169250,248638,96417888,8,0,0,1024,8,5834660232
9089,96172200,67054,96239254,7,0,1,1024,4,8923032728
9090,96172850,245225,96418075,8,0,0,512,8,5035829525
9091,96187350,51919,96239269,8,0,1,2560,8,5238277996
9092,96189381,49911,96239292,3,0,1,12800,0,2866324113
9093,96195170,310039,96505209,3,0,0,45568,0,4870910504
9094,96196039,295255,96491294,7,0,0,512,4,10019061333
9095,96196061,49931,96245992,3,0,1,1024,0,4744145945
9096,96197520,89644,96287164,7,0,1,25088,4,10089501424
9097,96201790,85720,96287510,6,0,1,512,8,1062511985
9098,96233481,257642,96491123,5,0,0,6144,10,10449457048
9099,96239810,52206,96292016,6,0,1,7168,8,7343913600
9100,96252459,137293,96389752,7,0,0,512,4,722688967
9101,96260940,410955,96671895,4,0,0,113664,5,8899236015
9102,96269611,23711,96293322,3,0,1,2048,0,9205980130
9103,96272129,181509,96453638,7,0,0,1024,4,5560939129
9104,96296590,1518,96298108,8,0,1,1536,8,3023372042
9105,96304100,566,96304666,8,0,1,512,8,9245631691
9106,96313701,7798,96321499,3,0,1,4608,0,4825745018
9107,96332440,2470,96334910,8,0,1,2560,8,10321685329
9108,96336060,30662,96366722,6,0,1,2560,8,8991864339
9109,96341039,374853,96715892,7,0,0,512,4,2164295357
9110,96347470,37108,96384578,7,0,1,18432,4,4787699388
9111,96365029,177661,96542690,7,0,0,512,4,4116822283
9112,96371710,212087,96583797,8,0,0,2048,8,8992975124
9113,96380649,7475,96388124,2,0,1,5632,12,10402865894
9114,96382930,5450,96388380,7,0,1,9216,4,6854859219
9115,96384779,287599,96672378,7,0,0,1536,4,9824420709
9116,96391740,14177,96405917,5,0,1,8704,10,1273300404
9117,96395630,21908,96417538,8,0,1,4096,8,502219502
9118,96399861,17692,96417553,3,0,1,512,0,10273768688
9119,96401991,193582,96595573,5,0,0,4608,10,4850520309
9120,96409350,12420,96421770,7,0,1,4096,4,10553844576
9121,96409420,166541,96575961,8,0,0,1536,8,6702474767
9122,96410180,379429,96789609,8,0,0,512,8,5356536570
9123,96416040,8956,96424996,7,0,1,5120,4,4309948295
9124,96435050,4850,96439900,1,0,1,5120,17,10410828246
9125,96439970,297405,96737375,8,0,0,2560,8,10463984443
9126,96461640,591272,97052912,8,0,0,512,8,388599307
9127,96473500,575763,97049263,3,0,0,82432,0,4058501679
9128,96477180,29506,96506686,8,0,1,1536,8,9223284380
9129,96491930,19132,96511062,1,0,1,5632,17,10500386912
9130,96496109,321578,96817687,7,0,0,512,4,1889931086
9131,96497731,16557,96514288,3,0,1,5120,0,9027644590
9132,96502101,12853,96514954,3,0,1,1024,0,4359626442
9133,96571440,481301,97052741,8,0,0,512,8,1676494264
9134,96573940,345990,96919930,6,0,0,54272,8,4137955806
9135,96575840,3059,96578899,1,0,1,3072,17,5205480323
9136,96578100,1465,96579565,4,0,1,1024,5,5553124442
9137,96578501,3010,96581511,3,0,1,3072,0,5462378691
9138,96580190,6754,96586944,7,0,1,7168,4,1924044871
9139,96580970,389207,96970177,6,0,0,164864,8,5306232527
9140,96593990,381421,96975411,3,0,0,16384,0,8548157601
9141,96595130,3381,96598511,6,0,1,3072,8,3577051679
9142,96613290,711422,97324712,4,0,0,45056,5,6370746048
9143,96635210,37183,96672393,6,0,1,7168,8,509977677
9144,96650550,585154,97235704,4,0,0,31232,5,81373475
9145,96658520,14498,96673018,6,0,1,512,8,9978789093
9146,96662360,308044,96970404,8,0,0,512,8,6503136102
9147,96670000,539012,97209012,4,0,0,64000,5,3453232436
9148,96702521,485503,97188024,5,0,0,140800,10,4219821719
9149,96713950,338612,97052562,6,0,0,10752,8,3399128158
9150,96716050,1518,96717568,1,0,1,1536,17,9029705678
9151,96718900,3128,96722028,9,0,1,9216,3,4928412814
9152,96720680,361881,97082561,3,0,0,41984,0,10641406449
9153,96730831,4374,96735205,3,0,1,4608,0,4278031443
9154,96738940,4850,96743790,7,0,1,5120,4,5613480444
9155,96741851,2925,96744776,3,0,1,1536,0,3591730091
9156,96744540,504782,97249322,6,0,0,44032,8,1817011386
9157,96747180,566,96747746,6,0,1,512,8,8817014671
9158,96756870,4374,96761244,6,0,1,4608,8,8520746201
9159,96763301,291404,97054705,5,0,0,1536,10,6954617734
9160,96772340,566,96772906,6,0,1,512,8,3850384923
9161,96772410,208066,96980476,8,0,0,512,8,2973420575
9162,96774220,227138,97001358,4,0,0,8192,5,8177218218
9163,96802380,1518,96803898,7,0,1,1536,4,10499297213
9164,96817411,481842,97299253,5,0,0,53760,10,1241112960
9165,96849530,5326,96854856,7,0,1,5632,4,3591789087
9166,96850870,337793,97188663,8,0,0,2048,8,556576807
9167,96852930,3872,96856802,1,0,1,3072,17,1744964724
9168,96861731,504179,97365910,5,0,0,33280,10,637262059
9169,96869140,2946,96872086,1,0,1,3072,17,10474337007
9170,96869729,8102,96877831,2,0,1,8192,12,6871769748
9171,96880120,240184,97120304,6,0,0,1536,8,4676649971
9172,96890350,2946,96893296,1,0,1,3072,17,8997414331
9173,96892270,3422,96895692,1,0,1,3584,17,4870798057
9174,96916380,273093,97189473,8,0,0,512,8,4855364475
9175,96916879,293139,97210018,7,0,0,512,4,1851761291
9176,96932980,43933,96976913,1,0,1,1536,17,18386035
9177,96942219,267620,97209839,7,0,0,2560,4,4848520371
9178,96943010,466127,97409137,4,0,0,141824,5,5044067227
9179,96943969,575576,97519545,7,0,0,512,4,4282168802
9180,96946630,242672,97189302,3,0,0,2048,0,6426590059
9181,96956340,21239,96977579,6,0,1,1024,8,7207298411
9182,96990420,279524,97269944,3,0,0,26624,0,7050479053
9183,96994190,241685,97235875,8,0,0,512,8,4231915575
9184,96996080,1042,96997122,1,0,1,1024,17,2520710720
9185,97015080,5196,97020276,1,0,1,13312,17,3015747774
9186,97018260,34667,97052927,1,0,1,18944,17,8017802905
9187,97021039,392184,97413223,7,0,0,1536,4,10194360480
9188,97026220,399998,97426218,3,0,0,42496,0,9429362112
9189,97033760,564508,97598268,8,0,0,512,8,3139388641
9190,97076690,9008,97085698,1,0,1,9216,17,9421464366
9191,97081150,9940,97091090,1,0,1,14336,17,10671366419
9192,97087970,626409,97714379,4,0,0,133120,5,9135003531
9193,97092340,566,97092906,1,0,1,512,17,9463838181
9194,97115591,297149,97412740,5,0,0,11776,10,4115776140
9195,97126620,322082,97448702,4,0,0,12288,5,6095991272
9196,97140310,287983,97428293,4,0,0,6656,5,5198453543
9197,97140850,1994,97142844,8,0,1,2048,8,1895712275
9198,97151679,719916,97871595,7,0,0,512,4,7027123960
9199,97153210,59715,97212925,1,0,1,10752,17,4585685366
9200,97159720,57903,97217623,1,0,1,5632,17,7424120601
9201,97160879,352133,97513012,7,0,0,2560,4,3835702865
9202,97175850,43399,97219249,1,0,1,2560,17,4643593011
9203,97230460,74989,97305449,8,0,0,1536,8,2142832747
9204,97233450,363844,97597294,4,0,0,51200,5,8174316597
9205,97237720,477142,97714862,8,0,0,1536,8,2136733685
9206,97251310,369037,97620347,3,0,0,5120,0,6625048868
9207,97251980,1042,97253022,1,0,1,1024,17,9323253377
9208,97252830,566,97253396,1,0,1,512,17,1562290866
9209,97259540,527134,97786674,3,0,0,70656,0,1752372170
9210,97261800,394961,97656761,4,0,0,20992,5,2054210903
9211,97284580,347802,97632382,3,0,0,39424,0,6898456497
9212,97312611,13611,97326222,3,0,1,1536,0,4609556897
9213,97332730,1042,97333772,1,0,1,1024,17,2711845182
9214,97337331,635427,97972758,5,0,0,38912,10,1564509146
9215,97344051,216655,97560706,5,0,0,2560,10,3239960735
9216,97353469,244628,97598097,7,0,0,2560,4,4682237855
9217,97370439,231938,97602377,7,0,0,1024,4,8140803838
9218,97387651,40665,97428316,3,0,1,1536,0,5053797121
9219,97389760,211162,97600922,8,0,0,1024,8,5893855129
9220,97391900,39144,97431044,5,0,1,4608,10,7824652313
9221,97400990,34880,97435870,0,0,1,7680,11,1366461511
9222,97419639,18497,97438136,2,0,1,3584,12,1353767726
9223,97456060,1994,97458054,5,0,1,2048,10,10440029488
9224,97507870,5157,97513027,5,0,1,12288,10,9509396568
9225,97521240,350184,97871424,3,0,0,120832,0,7710895167
9226,97556210,232991,97789201,3,0,0,8192,0,12467642
9227,97556791,566,97557357,3,0,1,512,0,9923644363
9228,97559980,5568,97565548,5,0,1,5120,10,9042701582
9229,97566330,725100,98291430,4,0,0,162816,5,2662601031
9230,97576240,5196,97581436,1,0,1,13312,17,8231636242
9231,97584300,521724,98106024,6,0,0,64512,8,107287927
9232,97591771,9435,97601206,3,0,1,3072,0,10240087025
9233,97610150,566,97610716,1,0,1,512,17,9059969301
9234,97614870,201853,97816723,8,0,0,1536,8,313880
9235,97619329,180467,97799796,7,0,0,512,4,8318089170
9236,97629171,375186,98004357,5,0,0,48128,10,6732462603
9237,97630450,283484,97913934,3,0,0,7168,0,7888513507
9238,97637390,254939,97892329,8,0,0,1536,8,2725134593
9239,97641010,4374,97645384,1,0,1,4608,17,7540864498
9240,97678711,402152,98080863,5,0,0,10752,10,7228149237
9241,97689290,30030,97719320,5,0,1,4608,10,5850827602
9242,97698110,457558,98155668,4,0,0,30720,5,5840303459
9243,97705511,416524,98122035,5,0,0,6144,10,2438842007
9244,97712479,159311,97871790,7,0,0,512,4,4885541285
9245,97716630,1043788,98760418,9,0,0,142336,3,946295607
9246,97725140,3387,97728527,1,0,1,9728,17,3097239480
9247,97730880,4850,97735730,1,0,1,5120,17,570029077
9248,97731550,6766,97738316,5,0,1,4096,10,5515993786
9249,97736000,222833,97958833,6,0,0,19968,8,2943099290
9250,97738140,3128,97741268,5,0,1,9216,10,2615323799
9251,97758320,328033,98086353,3,0,0,17920,0,435691083
9252,97763650,475676,98239326,8,0,0,2048,8,6083537550
9253,97774641,19845,97794486,3,0,1,5632,0,1054094553
9254,97777229,298844,98076073,7,0,0,1536,4,3229530420
9255,97797041,5326,97802367,3,0,1,5632,0,3616855628
9256,97811520,5218,97816738,5,0,1,5120,10,2333665703
9257,97817000,477565,98294565,6,0,0,10240,8,7822715551
9258,97824340,566,97824906,1,0,1,512,17,6090399960
9259,97833320,139609,97972929,8,0,0,512,8,4856440864
9260,97838250,232161,98070411,4,0,0,41984,5,2986138316
9261,97842169,359420,98201589,7,0,0,2560,4,9669141273
9262,97849730,684820,98534550,4,0,0,36352,5,3352977750
9263,97858910,216664,98075574,6,0,0,16896,8,6807410522
9264,97861980,369839,98231819,3,0,0,96256,0,799917037
9265,97863340,243791,98107131,6,0,0,3584,8,6465530260
9266,97868350,442158,98310508,6,0,0,52224,8,4690375411
9267,97868791,8417,97877208,3,0,1,5632,0,4812851674
9268,97881260,5802,97887062,5,0,1,6144,10,9455697975
9269,97884410,7934,97892344,5,0,1,7680,10,9236289439
9270,97897050,7230,97904280,5,0,1,7680,10,3708519407
9271,97898530,6416,97904946,1,0,1,1024,17,3113330520
9272,97917230,409898,98327128,8,0,0,2560,8,3227535849
9273,97922381,4374,97926755,3,0,1,4608,0,9358844271
9274,97929100,303210,98232310,8,0,0,1536,8,1064100144
9275,97976770,385568,98362338,6,0,0,5120,8,6312123900
9276,97980820,345505,98326325,6,0,0,30208,8,4203355012
9277,97992230,130498,98122728,8,0,0,512,8,8235557592
9278,97997089,313746,98310835,7,0,0,1024,4,1107119625
9279,97997540,11279,98008819,5,0,1,11776,10,1918264411
9280,98008141,546230,98554371,5,0,0,11264,10,7358474250
9281,98023110,293988,98317098,3,0,0,20480,0,1887609998
9282,98024160,398808,98422968,4,0,0,13824,5,3277468033
9283,98024161,12849,98037010,3,0,1,21504,0,9831228670
9284,98029880,407967,98437847,3,0,0,23552,0,282546735
9285,98033270,6326,98039596,1,0,1,4096,17,5637379097
9286,98034541,7001,98041542,3,0,1,3072,0,8057609030
9287,98047731,750486,98798217,5,0,0,123904,10,6034824480
9288,98049261,570141,98619402,5,0,0,85504,10,6174451976
9289,98053731,566,98054297,3,0,1,512,0,270851644
9290,98060809,438659,98499468,7,0,0,512,4,7270359692
9291,98062280,18598,98080878,1,0,1,10752,17,8954889752
9292,98074830,157807,98232637,8,0,0,1024,8,1663195523
9293,98090940,367920,98458860,3,0,0,35840,0,9382935881
9294,98094101,1010572,99104673,5,0,0,23040,10,3812765567
9295,98100579,7177,98107756,2,0,1,512,12,842326948
9296,98106330,356664,98462994,8,0,0,512,8,3052790239
9297,98112600,2470,98115070,1,0,1,2560,17,4681004700
9298,98115581,3898,98119479,3,0,1,4096,0,6449721647
9299,98128880,241905,98370785,3,0,0,4096,0,5726085312
9300,98134170,582849,98717019,3,0,0,58880,0,4986920898
9301,98140330,888363,99028693,3,0,0,73216,0,7237362539
9302,98152540,828273,98980813,3,0,0,82432,0,1554215424
9303,98163971,1042,98165013,3,0,1,1024,0,4780777667
9304,98165070,198383,98363453,3,0,0,3584,0,1294644275
9305,98175169,300723,98475892,7,0,0,2048,4,7709657550
9306,98191030,484577,98675607,3,0,0,38912,0,2405689824
9307,98199491,420870,98620361,5,0,0,3072,10,1365278601
9308,98205780,932095,99137875,4,0,0,27136,5,6169026419
9309,98216789,249433,98466222,7,0,0,1024,4,4240431086
9310,98235540,938569,99174109,4,0,0,49152,5,9124880928
9311,98253680,813329,99067009,3,0,0,56320,0,9445510986
9312,98266950,125670,98392620,8,0,0,2560,8,5680637944
9313,98286660,411713,98698373,6,0,0,38400,8,7910839601
9314,98302031,28503,98330534,3,0,1,3584,0,4052986436
9315,98308711,23769,98332480,3,0,1,3072,0,2595132924
9316,98314741,19645,98334386,3,0,1,13312,0,457632176
9317,98319620,267268,98586888,4,0,0,20480,5,1762562408
9318,98319840,148061,98467901,6,0,0,5120,8,3482204236
9319,98334610,289580,98624190,8,0,0,512,8,10644730905
9320,98350060,566,98350626,1,0,1,512,17,5844354134
9321,98360929,918978,99279907,7,0,0,2048,4,8866569849
9322,98365261,3422,98368683,3,0,1,3584,0,7740820827
9323,98366800,997482,99364282,4,0,0,32256,5,2547220872
9324,98381061,3904,98384965,3,0,1,10752,0,8350195942
9325,98385379,812686,99198065,7,0,0,512,4,2985492316
9326,98385601,2470,98388071,3,0,1,2560,0,3813432082
9327,98388910,609086,98997996,4,0,0,56320,5,9109854718
9328,98397160,540156,98937316,8,0,0,512,8,5841591310
9329,98403590,1518,98405108,8,0,1,1536,8,5493753660
9330,98423670,613813,99037483,6,0,0,28672,8,2823756035
9331,98437051,3258,98440309,3,0,1,2560,0,3605415632
9332,98446671,659889,99106560,5,0,0,6144,10,4504212892
9333,98469381,337291,98806672,5,0,0,27648,10,4172065227
9334,98473970,169969,98643939,8,0,0,512,8,9643675687
9335,98474521,1386,98475907,3,0,1,1024,0,8150306809
9336,98477090,1518,98478608,1,0,1,1536,17,6660186657
9337,98484710,869721,99354431,3,0,0,124416,0,9079865723
9338,98499689,377712,98877401,7,0,0,1024,4,4796602553
9339,98525650,957057,99482707,3,0,0,45568,0,9103623789
9340,98530200,625390,99155590,3,0,0,1536,0,5868877358
9341,98540591,4850,98545441,3,0,1,5120,0,8903229867
9342,98545601,331465,98877066,5,0,0,21504,10,5521663374
9343,98553461,1196654,99750115,5,0,0,209920,10,5090828189
9344,98580021,6890,98586911,3,0,1,5120,0,3003843204
9345,98581610,1052892,99634502,4,0,0,20480,5,6372828533
9346,98588980,508650,99097630,4,0,0,75264,5,2420279829
9347,98600770,473913,99074683,6,0,0,25088,8,9531122162
9348,98613661,7751,98621412,3,0,1,1024,0,3134728637
9349,98614369,562462,99176831,7,0,0,512,4,4928503732
9350,98636980,3422,98640402,1,0,1,3584,17,6427961554
9351,98679430,1518,98680948,1,0,1,1536,17,10269366171
9352,98701441,693276,99394717,5,0,0,99840,10,7751084964
9353,98705431,101288,98806719,3,0,1,4608,0,6928160285
9354,98716881,91769,98808650,3,0,1,2048,0,611975423
9355,98722791,88393,98811184,3,0,1,10752,0,8388338895
9356,98723980,89998,98813978,1,0,1,3584,17,5129219865
9357,98727211,87753,98814964,3,0,1,1536,0,8589203652
9358,98730190,703636,99433826,4,0,0,19968,5,4477005590
9359,98760030,694699,99454729,4,0,0,33792,5,9979817310
9360,98783050,43315,98826365,1,0,1,24064,17,9365631576
9361,98791910,34801,98826711,1,0,1,512,17,2682554775
9362,98798541,810406,99608947,5,0,0,91648,10,7388958429
9363,98801561,375075,99176636,5,0,0,8192,10,6396689658
9364,98809651,18046,98827697,3,0,1,1536,0,6160119561
9365,98817930,609766,99427696,3,0,0,108032,0,2611425234
9366,98833010,682511,99515521,3,0,0,58880,0,6409305885
9367,98855191,2470,98857661,3,0,1,2560,0,6928400111
9368,98861911,4850,98866761,3,0,1,5120,0,3532127215
9369,98872961,5917,98878878,3,0,1,1536,0,2299994827
9370,98892120,576672,99468792,3,0,0,24064,0,5260829420
9371,98892860,627897,99520757,3,0,0,6144,0,8721417986
9372,98893769,220841,99114610,7,0,0,512,4,10232384072
9373,98902320,3898,98906218,1,0,1,4096,17,4127022350
9374,98916539,768034,99684573,7,0,0,1024,4,5372758126
9375,98922660,285090,99207750,8,0,0,1024,8,10009561002
9376,98932359,683357,99615716,7,0,0,512,4,396726677
9377,98932410,4921,98937331,4,0,1,5120,5,10431508983
9378,98945960,232108,99178068,8,0,0,512,8,8929653422
9379,98948019,5196,98953215,2,0,1,13312,12,395028371
9380,98953970,661575,99615545,3,0,0,19456,0,6875765818
9381,98957700,41798,98999498,6,0,1,1536,8,2123167805
9382,98975840,305490,99281330,8,0,0,2560,8,6806385111
9383,98982500,798975,99781475,8,0,0,512,8,6382527818
9384,98983010,589575,99572585,3,0,0,19968,0,4171000310
9385,98988760,808502,99797262,3,0,0,51712,0,3467401203
9386,99006161,22547,99028708,3,0,1,1024,0,4731687152
9387,99007979,146844,99154823,7,0,0,1024,4,1096313782
9388,99008450,524305,99532755,4,0,0,23552,5,8295658293
9389,99010690,427736,99438426,8,0,0,1024,8,3936216340
9390,99021630,415643,99437273,3,0,0,11264,0,2253505892
9391,99031750,8713,99040463,1,0,1,3072,17,10232373682
9392,99037320,460246,99497566,6,0,0,48640,8,8119525824
9393,99038991,257680,99296671,5,0,0,6656,10,5006903675
9394,99039610,596013,99635623,8,0,0,512,8,7064515727
9395,99042720,24304,99067024,1,0,1,7680,17,6929679482
9396,99061709,60131,99121840,2,0,1,29696,12,9654921341
9397,99101100,23006,99124106,7,0,1,3584,4,7550163286
9398,99108590,17782,99126372,1,0,1,3584,17,2894307751
9399,99118350,754686,99873036,3,0,0,106496,0,2283309048
9400,99120031,17859,99137890,3,0,1,5632,0,3591312984
9401,99122831,15082,99137913,3,0,1,6144,0,5216520244
9402,99133010,514659,99647669,4,0,0,29696,5,5904174760
9403,99154790,609715,99764505,6,0,0,46592,8,10179366603
9404,99162550,14611,99177161,1,0,1,512,17,1440709080
9405,99165470,15443,99180913,1,0,1,11264,17,5773994318
9406,99174529,263570,99438099,7,0,0,2048,4,8858889132
9407,99178710,715649,99894359,4,0,0,18432,5,7402790513
9408,99185250,565036,99750286,8,0,0,512,8,8908576921
9409,99186301,435054,99621355,5,0,0,18432,10,168688737
9410,99194269,243175,99437444,7,0,0,512,4,9693038264
9411,99202631,2470,99205101,3,0,1,2560,0,2855417589
9412,99210510,1042,99211552,1,0,1,1024,17,7586855394
9413,99234370,545594,99779964,3,0,0,50688,0,10607536024
9414,99244190,536475,99780665,8,0,0,512,8,361550462
9415,99248509,531782,99780291,7,0,0,1024,4,392098967
9416,99271850,633811,99905661,3,0,0,5632,0,4693875096
9417,99274330,531550,99805880,3,0,0,27136,0,4969107325
9418,99276789,295975,99572764,7,0,0,512,4,2231523254
9419,99280709,158044,99438753,7,0,0,1024,4,1724188888
9420,99281849,341338,99623187,7,0,0,512,4,3503006807
9421,99283290,745302,100028592,6,0,0,20480,8,4989021530
9422,99299990,646142,99946132,6,0,0,11776,8,8598791555
9423,99328860,98859,99427719,7,0,1,1536,4,2095726836
9424,99343800,462890,99806690,8,0,0,1024,8,10451086656
9425,99346920,303801,99650721,8,0,0,1536,8,4868616358
9426,99375651,513077,99888728,5,0,0,35328,10,1359514284
9427,99385470,53306,99438776,1,0,1,16384,17,2646407810
9428,99389151,220435,99609586,5,0,0,2048,10,8625314528
9429,99396910,443663,99840573,6,0,0,35840,8,5820678073
9430,99398889,410929,99809818,7,0,0,1024,4,2386990781
9431,99402859,626216,100029075,7,0,0,1536,4,10557454581
9432,99429340,688839,100118179,6,0,0,132608,8,4084608393
9433,99453079,424699,99877778,7,0,0,3584,4,3308393577
9434,99453690,6252,99459942,7,0,1,13312,4,10244823581
9435,99461710,53834,99515544,7,0,1,2048,4,5182899345
9436,99463249,317237,99780486,7,0,0,512,4,9793298120
9437,99469040,328549,99797589,4,0,0,1024,5,3537803211
9438,99473020,469501,99942521,4,0,0,29184,5,9962753437
9439,99482969,298335,99781304,7,0,0,2048,4,9440875603
9440,99509250,8783,99518033,7,0,1,2560,4,10677418712
9441,99514330,694682,100209012,4,0,0,34304,5,2249313409
9442,99529030,435588,99964618,6,0,0,12800,8,7404097199
9443,99532460,586046,100118506,8,0,0,1024,8,3634235028
9444,99543850,453601,99997451,3,0,0,41984,0,4751143883
9445,99549209,480365,100029574,7,0,0,1536,4,6283390086
9446,99566760,13669,99580429,1,0,1,8192,17,532425973
9447,99577859,228504,99806363,7,0,0,1536,4,6077856319
9448,99580740,295907,99876647,3,0,0,11776,0,6473957717
9449,99589701,314229,99903930,5,0,0,31232,10,7213854508
9450,99590840,30530,99621370,7,0,1,1536,4,3181690989
9451,99626800,7725,99634525,7,0,1,1536,4,2831443241
9452,99628240,433086,100061326,8,0,0,1024,8,4992384351
9453,99634069,312390,99946459,7,0,0,1024,4,4083371182
9454,99652210,2470,99654680,6,0,1,2560,8,10076171116
9455,99654590,171236,99825826,4,0,0,7680,5,5100306202
9456,99655389,601949,100257338,7,0,0,1536,4,4798018582
9457,99657289,220660,99877949,7,0,0,512,4,4964593440
9458,99672250,464546,100136796,6,0,0,59392,8,1329556722
9459,99709820,488701,100198521,6,0,0,123392,8,9266615724
9460,99723570,298767,100022337,2,0,0,6144,12,9657280527
9461,99728470,581708,100310178,8,0,0,512,8,5750977539
9462,99728970,581037,100310007,6,0,0,116224,8,436060489
9463,99733950,72755,99806705,1,0,1,2048,17,6208367831
9464,99751051,283630,100034681,5,0,0,6144,10,3156873544
9465,99752371,482696,100235067,5,0,0,15360,10,9397753342
9466,99820920,1042,99821962,7,0,1,1024,4,10543327818
9467,99845440,60236,99905676,7,0,1,16896,4,734444955
9468,99849461,553470,100402931,5,0,0,23040,10,2227163889
9469,99853381,55302,99908683,3,0,1,6144,0,4791309174
9470,99855280,55989,99911269,1,0,1,4096,17,499235693
9471,99878190,625521,100503711,9,0,0,38912,3,10522501751
9472,99881650,488680,100370330,4,0,0,15360,5,2769614019
9473,99905450,10005,99915455,7,0,1,6656,4,2524051982
9474,99930131,2470,99932601,3,0,1,2560,0,1196976928
9475,99931590,187087,100118677,8,0,0,512,8,693062872
9476,99935250,321605,100256855,4,0,0,512,5,5151160125
9477,99940959,67599,100008558,7,0,0,512,4,6403122119
9478,99941610,275449,100217059,3,0,0,20992,0,9296324553
9479,99951140,5712,99956852,1,0,1,14336,17,2306985719
9480,99952069,257122,100209191,7,0,0,512,4,4970182752
9481,99954710,377836,100332546,4,0,0,36352,5,428702606
9482,99957669,1994,99959663,2,0,1,2048,12,8114001005
9483,100011880,300824,100312704,3,0,0,7168,0,9803938649
9484,100018211,424617,100442828,5,0,0,10752,10,7034767601
9485,100018960,291545,100310505,8,0,0,1024,8,6401681847
9486,100024251,218475,100242726,5,0,0,25088,10,1191145772
9487,100024410,12829,100037239,7,0,1,8192,4,877185079
9488,100033800,287655,100321455,4,0,0,28672,5,4749204289
9489,100033801,4424,100038225,3,0,1,1536,0,8939003522
9490,100035370,518295,100553665,6,0,0,29184,8,3811987166
9491,100041000,228968,100269968,8,0,0,512,8,6427654878
9492,100058160,162655,100220815,4,0,0,3072,5,1222886604
9493,100060650,199433,100260083,8,0,0,1024,8,8742116135
9494,100066279,180463,100246742,7,0,0,1024,4,3820867809
9495,100066640,266709,100333349,3,0,0,2560,0,6296142455
9496,100108041,31209,100139250,3,0,1,2560,0,4406017650
9497,100115210,24386,100139596,9,0,1,512,3,5881831482
9498,100130270,470646,100600916,3,0,0,29696,0,9397498993
9499,100134249,206672,100340921,7,0,0,3072,4,3459885364
9500,100137049,196471,100333520,7,0,0,512,4,1849474166
9501,100143670,2946,100146616,0,0,1,3072,11,8369036807
9502,100155670,283867,100439537,4,0,0,23040,5,8829946169
9503,100163750,553260,100717010,8,0,0,1536,8,149790580
9504,100172910,192461,100365371,8,0,0,1536,8,8469071662
9505,100177420,39662,100217082,0,0,1,7680,11,9474223433
9506,100193771,274820,100468591,5,0,0,84480,10,10538333208
9507,100207530,311048,100518578,6,0,0,22016,8,8292728896
9508,100215630,254388,100470018,4,0,0,4608,5,5034386492
9509,100216380,481577,100697957,6,0,0,218624,8,4661948457
9510,100224700,247229,100471929,4,0,0,6144,5,6460162644
9511,100226579,317812,100544391,7,0,0,1024,4,4145844618
9512,100232961,10323,100243284,3,0,1,512,0,5729285496
9513,100257921,2177,100260098,3,0,1,2048,0,3529106663
9514,100317110,398122,100715232,4,0,0,52224,5,6922671210
9515,100341300,2470,100343770,0,0,1,2560,11,9128365716
9516,100353210,6754,100359964,1,0,1,7168,17,1319691836
9517,100354700,364541,100719241,4,0,0,7168,5,125695765
9518,100358590,4679,100363269,1,0,1,12288,17,7983610199
9519,100365451,4894,100370345,3,0,1,512,0,145717423
9520,100368290,5945,100374235,1,0,1,4096,17,4257724313
9521,100389741,13213,100402954,3,0,1,7680,0,5403772681
9522,100389910,309395,100699305,8,0,0,2048,8,6662090541
9523,100395940,302686,100698626,8,0,0,1024,8,2390982071
9524,100404570,166275,100570845,8,0,0,1024,8,8278130318
9525,100415829,282299,100698128,7,0,0,512,4,3340811609
9526,100435419,262880,100698299,7,0,0,512,4,1925576946
9527,100447670,24282,100471952,0,0,1,1536,11,1798295026
9528,100459300,16962,100476262,1,0,1,4608,17,7025378669
9529,100467030,280931,100747961,4,0,0,6656,5,10624794721
9530,100478490,394039,100872529,4,0,0,25088,5,4440390234
9531,100482100,1042,100483142,0,0,1,1024,11,8913563856
9532,100483910,2470,100486380,8,0,1,2560,8,7143017617
9533,100489710,284004,100773714,8,0,0,512,8,103568526
9534,100506880,209647,100716527,4,0,0,4096,5,9793275789
9535,100512820,6316,100519136,1,0,1,512,17,878663401
9536,100519751,331058,100850809,5,0,0,53760,10,10059260624
9537,100519870,22950,100542820,5,0,1,37888,10,220716587
9538,100528591,15817,100544408,3,0,1,15872,0,5968059499
9539,100541679,360606,100902285,7,0,0,512,4,5674028572
9540,100554410,566,100554976,0,0,1,512,11,3864228190
9541,100554610,64659,100619269,5,0,1,109056,10,8976783725
9542,100581460,40075,100621535,1,0,1,3584,17,4734840241
9543,100592760,32321,100625081,0,0,1,5632,11,6707266612
9544,100614720,10617,100625337,8,0,1,9216,8,4709742330
9545,100626720,3422,100630142,0,0,1,3584,11,9181761619
9546,100627920,109277,100737197,6,0,0,512,8,3307455518
9547,100628051,291429,100919480,5,0,0,5632,10,2258821475
9548,100649970,77062,100727032,5,0,1,19456,10,4140545096
9549,100653900,336751,100990651,6,0,0,93184,8,7282401439
9550,100654921,355752,101010673,5,0,0,20480,10,9388192112
9551,100658761,544277,101203038,5,0,0,184320,10,4432801241
9552,100671231,56057,100727288,3,0,1,9216,0,4248098204
9553,100693130,73912,100767042,5,0,1,70144,10,3033900564
9554,100697301,73607,100770908,3,0,1,6144,0,10329543777
9555,100706790,67344,100774134,1,0,1,5120,17,6734589126
9556,100708340,66460,100774800,0,0,1,1024,11,4996988738
9557,100711960,69561,100781521,5,0,1,24064,10,7695698825
9558,100714580,280010,100994590,3,0,0,12800,0,7031997279
9559,100722400,62027,100784427,1,0,1,4608,17,7499172310
9560,100726930,531315,101258245,4,0,0,19968,5,9595883904
9561,100731090,54963,100786053,9,0,1,2560,3,4215791464
9562,100757880,33870,100791750,5,0,1,27136,10,5226765845
9563,100769061,25595,100794656,3,0,1,4608,0,3227061753
9564,100771240,470384,101241624,4,0,0,40448,5,7224089461
9565,100772249,45596,100817845,7,0,0,1024,4,274606024
9566,100781641,14321,100795962,3,0,1,2048,0,2066747134
9567,100791050,438211,101229261,3,0,0,86016,0,1822869964
9568,100791530,342725,101134255,6,0,0,31744,8,9802273115
9569,100792750,23895,100816645,5,0,1,43008,10,726289398
9570,100798900,845063,101643963,4,0,0,8704,5,4310481664
9571,100809061,8250,100817311,3,0,1,1024,0,8165405379
9572,100812570,6047,100818617,0,0,1,2048,11,6646893706
9573,100824551,3904,100828455,3,0,1,10752,0,6964839807
9574,100832200,1518,100833718,0,0,1,1536,11,8589873196
9575,100832581,18259,100850840,3,0,1,8704,0,3497198731
9576,100833860,20169,100854029,8,0,1,9216,8,489622744
9577,100835030,416765,101251795,6,0,0,33280,8,5438429933
9578,100836390,19789,100856179,7,0,1,2560,4,7797545706
9579,100842650,511379,101354029,4,0,0,31232,5,3324020631
9580,100847700,11705,100859405,7,0,1,5120,4,3027153926
9581,100864081,460831,101324912,5,0,0,22528,10,582171630
9582,100873060,5802,100878862,0,0,1,6144,11,7853019488
9583,100891490,2946,100894436,0,0,1,3072,11,10451558977
9584,100903360,5971,100909331,0,0,1,14848,11,1643081875
9585,100907191,389098,101296289,5,0,0,9728,10,6899998301
9586,100920050,23120,100943170,5,0,1,41472,10,2734553474
9587,100930450,13066,100943516,0,0,1,512,11,10607465168
9588,100931610,12892,100944502,7,0,1,1536,4,8484266143
9589,100931981,385684,101317665,5,0,0,13312,10,5915152646
9590,100938980,313142,101252122,8,0,0,1024,8,5706821699
9591,100950959,449788,101400747,7,0,0,2560,4,2925200131
9592,100951030,427098,101378128,4,0,0,31744,5,8929620486
9593,100953000,824391,101777391,3,0,0,74752,0,7004216187
9594,100960340,1518,100961858,7,0,1,1536,4,10083955634
9595,100964980,640493,101605473,3,0,0,40960,0,1402678046
9596,100969560,288920,101258480,8,0,0,512,8,1691682862
9597,100974921,25082,101000003,3,0,1,13824,0,620278610
9598,101005541,6183,101011724,3,0,1,1024,0,1010722114
9599,101007400,8444,101015844,8,0,1,5120,8,9601324602
9600,101011701,8009,101019710,3,0,1,6144,0,1513135899
9601,101024160,422996,101447156,3,0,0,3072,0,5417434078
9602,101026460,518380,101544840,3,0,0,28160,0,9149557410
9603,101026870,3422,101030292,7,0,1,3584,4,2359674193
9604,101027520,4398,101031918,8,0,1,2560,8,9481225656
9605,101030660,337602,101368262,4,0,0,22528,5,1363097587
9606,101039660,328773,101368433,8,0,0,512,8,8619857866
9607,101054221,251079,101305300,5,0,0,16896,10,1096406951
9608,101062540,34020,101096560,5,0,1,59392,10,39763735
9609,101070590,31769,101102359,7,0,1,19456,4,10383360455
9610,101077570,28335,101105905,8,0,1,5632,8,8817602368
9611,101097441,807564,101905005,5,0,0,94208,10,7527168992
9612,101098079,537094,101635173,7,0,0,1024,4,5465844351
9613,101098171,11920,101110091,3,0,1,6656,0,10285670538
9614,101103890,704248,101808138,6,0,0,100864,8,9015087062
9615,101103940,537356,101641296,6,0,0,19968,8,9401848886
9616,101113020,521826,101634846,4,0,0,76288,5,4742935416
9617,101116290,473171,101589461,3,0,0,63488,0,7688954641
9618,101119149,492438,101611587,7,0,0,3072,4,405594128
9619,101119610,352173,101471783,8,0,0,1024,8,4412010130
9620,101123140,11138,101134278,4,0,1,6144,5,9732588933
9621,101127290,143329,101270619,3,0,0,4608,0,4325148722
9622,101137060,3898,101140958,0,0,1,4096,11,4304604139
9623,101156030,106386,101262416,6,0,1,11264,8,3673062616
9624,101168531,102103,101270634,3,0,1,8192,0,4275176224
9625,101171311,878240,102049551,5,0,0,54272,10,10107265607
9626,101179880,94697,101274577,8,0,1,16384,8,7846492473
9627,101182050,538197,101720247,3,0,0,73728,0,6716681655
9628,101186951,87972,101274923,3,0,1,512,0,1061874019
9629,101187710,644826,101832536,3,0,0,79360,0,9801924049
9630,101193650,84179,101277829,6,0,1,4608,8,10270466831
9631,101221970,56115,101278085,6,0,1,9216,8,7384271582
9632,101229090,51581,101280671,7,0,1,4096,4,5387332189
9633,101236510,432599,101669109,8,0,0,512,8,1750390370
9634,101238941,496402,101735343,5,0,0,17408,10,5469085193
9635,101239990,665506,101905496,6,0,0,1536,8,9254215820
9636,101257180,25117,101282297,6,0,1,2560,8,672036188
9637,101278391,5212,101283603,3,0,1,2048,0,6129413653
9638,101282320,5326,101287646,7,0,1,5632,4,1604783517
9639,101286150,3442,101289592,7,0,1,3072,4,7540805521
9640,101303500,6729,101310229,8,0,1,12800,8,8580815580
9641,101312810,1069808,102382618,4,0,0,52224,5,5068782974
9642,101321171,4299,101325470,3,0,1,512,0,4608739280
9643,101327180,402638,101729818,4,0,0,9728,5,4801728695
9644,101331710,5326,101337036,6,0,1,5632,8,6449641136
9645,101333330,4692,101338022,8,0,1,1536,8,6269705644
9646,101334300,655119,101989419,3,0,0,138240,0,359155428
9647,101338141,2470,101340611,3,0,1,2560,0,2920497168
9648,101350710,259926,101610636,3,0,0,16896,0,6873656472
9649,101353460,5436,101358896,6,0,1,5120,8,2409793245
9650,101360509,307064,101667573,7,0,0,512,4,8269341798
9651,101366320,946269,102312589,4,0,0,61440,5,10123452331
9652,101382410,1042,101383452,8,0,1,1024,8,8340939368
9653,101387989,420344,101808333,7,0,0,512,4,9666443889
9654,101390940,604827,101995767,4,0,0,17920,5,7567026179
9655,101395490,457707,101853197,8,0,0,512,8,8774107804
9656,101398890,327934,101726824,6,0,0,6144,8,9301231708
9657,101401310,1518,101402828,6,0,1,1536,8,3172902760
9658,101402370,2870,101405240,7,0,1,8704,4,4155565736
9659,101406790,648080,102054870,6,0,0,17408,8,10044365799
9660,101412090,1518,101413608,6,0,1,1536,8,8873217801
9661,101428590,561670,101990260,8,0,0,512,8,300428978
9662,101451900,10241,101462141,7,0,1,16384,4,10642225213
9663,101457010,209675,101666685,6,0,0,7680,8,5248601449
9664,101465440,599756,102065196,4,0,0,33280,5,5461679683
9665,101468190,805129,102273319,4,0,0,139264,5,165438346
9666,101470309,280247,101750556,7,0,0,1024,4,6686398420
9667,101472019,433648,101905667,7,0,0,512,4,6361578688
9668,101508159,151587,101659746,7,0,0,1536,4,7946984404
9669,101510979,479110,101990089,7,0,0,1024,4,4050096980
9670,101512699,477047,101989746,7,0,0,1024,4,1256867848
9671,101521280,4374,101525654,6,0,1,4608,8,7648041546
9672,101522640,3168,101525808,8,0,1,8704,8,1024528269
9673,101529120,1518,101530638,7,0,1,1536,4,1486868242
9674,101532090,1518,101533608,7,0,1,1536,4,8941970298
9675,101535370,637751,102173121,4,0,0,62464,5,9262407257
9676,101546170,600759,102146929,6,0,0,11264,8,66426154
9677,101568520,455577,102024097,3,0,0,3584,0,10619331877
9678,101609361,804907,102414268,5,0,0,13824,10,10608993486
9679,101617180,612442,102229622,3,0,0,34304,0,1451021761
9680,101619350,729263,102348613,6,0,0,56832,8,1911108670
9681,101628880,20012,101648892,6,0,1,12800,8,10062866249
9682,101656200,464178,102120378,6,0,0,67072,8,7221128323
9683,101663090,3898,101666988,7,0,1,4096,4,5122851392
9684,101680370,608111,102288481,3,0,0,49664,0,913347781
9685,101681360,2470,101683830,7,0,1,2560,4,1384463425
9686,101682071,170955,101853026,5,0,0,7680,10,9701084574
9687,101684729,380638,102065367,7,0,0,512,4,4793810647
9688,101687020,789582,102476602,8,0,0,512,8,8396215288
9689,101692570,1042,101693612,6,0,1,1024,8,3198319138
9690,101706460,512345,102218805,3,0,0,19968,0,8352907375
9691,101712320,14519,101726839,7,0,1,5632,4,9536443793
9692,101714590,415353,102129943,6,0,0,10752,8,10428810317
9693,101718490,570318,102288808,8,0,0,1024,8,7659204923
9694,101723200,683678,102406878,6,0,0,29696,8,8354524380
9695,101724039,5794,101729833,2,0,1,3584,12,8924701282
9696,101733181,872120,102605301,5,0,0,56832,10,5494192585
9697,101733629,555350,102288979,7,0,0,512,4,3180146073
9698,101738220,474471,102212691,6,0,0,11776,8,7798659073
9699,101760961,747594,102508555,5,0,0,2048,10,5333241600
9700,101764099,253055,102017154,7,0,0,512,4,4967132380
9701,101767110,702818,102469928,8,0,0,1024,8,4508064526
9702,101778340,276701,102055041,8,0,0,512,8,6478182686
9703,101803370,41791,101845161,0,0,1,20992,11,5341319579
9704,101803991,44396,101848387,3,0,1,5120,0,10135753011
9705,101809870,548118,102357988,4,0,0,30720,5,3679283979
9706,101823069,31731,101854800,2,0,1,22528,12,1625959010
9707,101837050,21296,101858346,7,0,1,5632,4,9802940622
9708,101847969,11683,101859652,2,0,1,2048,12,10479270743
9709,101855150,539963,102395113,6,0,0,40960,8,7660727068
9710,101858629,2009,101860638,2,0,1,1536,12,5828558652
9711,101878569,27648,101906217,2,0,1,512,12,8032926555
9712,101902351,183624,102085975,5,0,0,512,10,3950817269
9713,101905459,12964,101918423,2,0,1,20992,12,5922102097
9714,101905490,577703,102483193,4,0,0,5632,5,2068461317
9715,101907500,311640,102219140,8,0,0,1024,8,5374215306
9716,101918179,1042,101919221,2,0,1,1024,12,3191754957
9717,101918230,551371,102469601,6,0,0,26112,8,7386719079
9718,101924269,166314,102090583,7,0,0,512,4,774970099
9719,101930490,190075,102120565,8,0,0,512,8,1421030024
9720,101951250,44532,101995782,6,0,1,512,8,6874414614
9721,101958090,46314,102004404,6,0,1,27136,8,9036623482
9722,101989831,726174,102716005,5,0,0,112128,10,1870162339
9723,102016600,616557,102633157,8,0,0,1536,8,4969582337
9724,102052460,14910,102067370,6,0,1,2048,8,10380009171
9725,102059610,385324,102444934,6,0,0,27648,8,6574176427
9726,102093680,798077,102891757,4,0,0,6144,5,4157213701
9727,102104740,304969,102409709,4,0,0,9216,5,1319300908
9728,102107340,15203,102122543,4,0,1,2048,5,1490057625
9729,102112511,181343,102293854,5,0,0,15872,10,3510176336
9730,102168990,9060,102178050,4,0,1,12800,5,8146451434
9731,102181880,4374,102186254,4,0,1,4608,5,6154140200
9732,102188610,24096,102212706,5,0,1,34304,10,8443991594
9733,102188719,239957,102428676,7,0,0,512,4,8314611228
9734,102193610,25545,102219155,5,0,1,6656,10,4753251187
9735,102210570,62764,102273334,6,0,1,2560,8,9167432901
9736,102266380,301599,102567979,4,0,0,30720,5,2886119398
9737,102270790,357235,102628025,6,0,0,17408,8,7643049881
9738,102273881,456359,102730240,5,0,0,46592,10,4936985212
9739,102289419,259749,102549168,7,0,0,512,4,2226150693
9740,102290020,26626,102316646,5,0,1,4096,10,417525539
9741,102292440,28072,102320512,7,0,1,6144,4,10092894329
9742,102293500,31838,102325338,4,0,1,7680,5,1026934269
9743,102294540,31566,102326106,5,0,1,11776,10,387650067
9744,102301501,358281,102659782,5,0,0,4608,10,3357340895
9745,102307340,20712,102328052,6,0,1,3072,8,4565597303
9746,102310820,277142,102587962,3,0,0,65536,0,3509226866
9747,102317600,12078,102329678,4,0,1,2560,5,6411344274
9748,102319230,38773,102358003,4,0,1,23552,5,3418779387
9749,102323680,537909,102861589,3,0,0,57856,0,512069332
9750,102325840,32178,102358018,7,0,1,1536,4,10348795090
9751,102326930,284797,102611727,6,0,0,19456,8,6464161370
9752,102344350,18076,102362426,7,0,1,4608,4,8637891765
9753,102350850,303556,102654406,3,0,0,37376,0,3115632563
9754,102356260,9072,102365332,4,0,1,4608,5,96204172
9755,102361370,739921,103101291,4,0,0,16896,5,1269151245
9756,102365720,29408,102395128,7,0,1,9216,4,9660394873
9757,102373960,23630,102397590,6,0,1,2560,8,3928178235
9758,102399769,107074,102506843,7,0,0,1024,4,3532129124
9759,102411230,319657,102730887,8,0,0,2048,8,2211935708
9760,102427360,178424,102605784,8,0,0,1536,8,1571893899
9761,102428640,326817,102755457,8,0,0,1024,8,8990525938
9762,102432510,12439,102444949,7,0,1,6656,4,8281744941
9763,102433220,11744,102444964,5,0,1,2048,10,6343175409
9764,102464260,9347,102473607,5,0,1,10240,10,10713902814
9765,102464350,290772,102755122,3,0,0,79360,0,2090518739
9766,102469160,8859,102478019,4,0,1,12800,5,9875105340
9767,102470500,17321,102487821,4,0,1,17408,5,1078567044
9768,102473111,704775,103177886,5,0,0,49152,10,8711236084
9769,102478860,12187,102491047,5,0,1,5120,10,453984403
9770,102479930,12103,102492033,5,0,1,1536,10,7344043495
9771,102482290,287985,102770275,6,0,0,16896,8,6536364820
9772,102526390,3422,102529812,4,0,1,3584,5,1418315912
9773,102533170,3904,102537074,7,0,1,10752,4,3048013439
9774,102548250,1994,102550244,4,0,1,2048,5,5963998841
9775,102551390,6754,102558144,7,0,1,7168,4,229398594
9776,102567589,86988,102654577,7,0,0,512,4,1382210011
9777,102595850,19767,102615617,4,0,1,4096,5,10097736977
9778,102612020,16028,102628048,5,0,1,16384,10,9192543207
9779,102623211,472870,103096081,5,0,0,53760,10,5808928207
9780,102631960,7230,102639190,7,0,1,7680,4,7052091770
9781,102637460,17132,102654592,7,0,1,8192,4,7812311898
9782,102642040,201890,102843930,4,0,0,58368,5,7863982690
9783,102645171,296620,102941791,5,0,0,6656,10,10074587576
9784,102649990,8041,102658031,7,0,1,3584,4,5583745842
9785,102658820,220136,102878956,8,0,0,1536,8,10565704327
9786,102659660,398102,103057762,3,0,0,39424,0,5485012800
9787,102666420,2870,102669290,7,0,1,8704,4,5646391147
9788,102681699,266736,102948435,7,0,0,512,4,1195544676
9789,102684110,71362,102755472,7,0,1,12288,4,4774194906
9790,102687800,67695,102755495,5,0,1,13312,10,9691412308
9791,102692510,185963,102878473,6,0,0,23040,8,2938707466
9792,102697361,382309,103079670,5,0,0,14848,10,8409875137
9793,102715690,59757,102775447,4,0,1,32768,5,2315779533
9794,102718839,384574,103103413,7,0,0,512,4,5245218123
9795,102723750,52043,102775793,7,0,1,512,4,1577189882
9796,102741410,38889,102780299,7,0,1,7168,4,10668883461
9797,102758230,447805,103206035,3,0,0,73216,0,6682963439
9798,102775060,7825,102782885,4,0,1,4096,5,8987985291
9799,102784350,277639,103061989,6,0,0,13824,8,2743484459
9800,102789160,5326,102794486,7,0,1,5632,4,8848434090
9801,102816420,1994,102818414,5,0,1,2048,10,6424363686
9802,102817249,284681,103101930,7,0,0,2048,4,4821738890
9803,102830549,101476,102932025,7,0,0,1536,4,4538083126
9804,102831830,243301,103075131,3,0,0,41984,0,5453678249
9805,102833330,180864,103014194,8,0,0,512,8,1127588384
9806,102840070,27380,102867450,5,0,1,6144,10,9870844614
9807,102843680,284493,103128173,8,0,0,1024,8,168465270
9808,102844719,217597,103062316,7,0,0,1024,4,2277446567
9809,102898301,2946,102901247,3,0,1,3072,0,4517933992
9810,102904510,566,102905076,0,0,1,512,11,9151915798
9811,102917041,3128,102920169,3,0,1,9216,0,2494294673
9812,102938231,245473,103183704,5,0,0,18432,10,8986976114
9813,102947161,360406,103307567,5,0,0,43008,10,2794234605
9814,102970359,207698,103178057,7,0,0,512,4,6706597639
9815,102984630,290633,103275263,6,0,0,98304,8,9580384120
9816,103017780,3898,103021678,7,0,1,4096,4,9717942714
9817,103025860,215639,103241499,8,0,0,2048,8,5548704498
9818,103037699,85710,103123409,7,0,0,512,4,5639053172
9819,103052081,44039,103096120,3,0,1,8704,0,10731456958
9820,103070531,31787,103102318,3,0,1,6656,0,2824013619
9821,103079800,328990,103408790,6,0,0,79360,8,2281164367
9822,103080630,269960,103350590,3,0,0,49664,0,4998925932
9823,103083550,203159,103286709,8,0,0,512,8,5919415869
9824,103098201,17491,103115692,3,0,1,26624,0,9919081414
9825,103102021,15297,103117318,3,0,1,2560,0,6299892468
9826,103123340,256689,103380029,4,0,0,13312,5,4844691780
9827,103140580,329425,103470005,6,0,0,48128,8,3120122575
9828,103154881,566,103155447,3,0,1,512,0,1407510136
9829,103166000,306984,103472984,6,0,0,9728,8,7327334308
9830,103166710,41779,103208489,1,0,1,2560,17,4740657481
9831,103169171,383679,103552850,5,0,0,68096,10,1166843380
9832,103177510,231498,103409008,8,0,0,512,8,7173744958
9833,103181420,28375,103209795,7,0,1,2048,4,820582033
9834,103188241,294352,103482593,5,0,0,13824,10,8316565453
9835,103217320,566,103217886,5,0,1,512,10,5422867832
9836,103229980,435647,103665627,4,0,0,39936,5,6834193068
9837,103236750,466667,103703417,6,0,0,34816,8,5644036480
9838,103236771,184961,103421732,5,0,0,5120,10,3739890766
9839,103240100,180027,103420127,6,0,0,31744,8,8820626332
9840,103258371,21275,103279646,3,0,1,4608,0,2107222725
9841,103268420,539270,103807690,8,0,0,2560,8,8303776658
9842,103278330,275650,103553980,8,0,0,3584,8,10663392505
9843,103279499,424089,103703588,7,0,0,512,4,5026161932
9844,103281701,4374,103286075,3,0,1,4608,0,461645053
9845,103290241,321009,103611250,5,0,0,54784,10,8232831053
9846,103291500,2470,103293970,6,0,1,2560,8,7771786769
9847,103295330,17555,103312885,5,0,1,5632,10,8966039173
9848,103309601,420229,103729830,5,0,0,18432,10,1300318156
9849,103311470,2081,103313551,0,0,1,1024,11,5730996557
9850,103327270,23335,103350605,7,0,1,18432,4,4960458057
9851,103328190,530747,103858937,6,0,0,37376,8,10687756340
9852,103331600,19028,103350628,7,0,1,2560,4,10736109824
9853,103338870,23826,103362696,0,0,1,19968,11,2664587218
9854,103340300,23062,103363362,0,0,1,1024,11,606432563
9855,103340870,23478,103364348,7,0,1,1536,4,856778172
9856,103355580,10074,103365654,7,0,1,2048,4,5910392604
9857,103376990,31831,103408821,6,0,1,16896,8,9948784667
9858,103380060,40082,103420142,0,0,1,2048,11,5806638412
9859,103389700,30457,103420157,0,0,1,2560,11,9483443573
9860,103393240,28507,103421747,6,0,1,3584,8,378849898
9861,103396510,25252,103421762,0,0,1,3584,11,847308128
9862,103399540,22261,103421801,5,0,1,5632,10,357592051
9863,103404480,17350,103421830,0,0,1,14848,11,8646450371
9864,103409630,14168,103423798,5,0,1,2048,10,9655648965
9865,103411230,281556,103692786,3,0,0,89088,0,6663304390
9866,103411590,14491,103426081,0,0,1,10240,11,1150875319
9867,103446350,1042,103447392,6,0,1,1024,8,6638573787
9868,103481701,5258,103486959,3,0,1,4608,0,1558734089
9869,103513450,3645,103517095,7,0,1,10240,4,5986178207
9870,103514100,4989,103519089,7,0,1,2560,4,10467399889
9871,103520380,566,103520946,5,0,1,512,10,1232285127
9872,103530880,21993,103552873,0,0,1,4608,11,604564051
9873,103530980,27859,103558839,0,0,1,5120,11,7316171886
9874,103545331,407026,103952357,5,0,0,117248,10,1392694767
9875,103552830,8915,103561745,8,0,1,4608,8,3392018875
9876,103566619,47571,103614190,7,0,0,1024,4,2952536108
9877,103570191,1042,103571233,3,0,1,1024,0,3091376257
9878,103573050,1042,103574092,6,0,1,1024,8,2385798728
9879,103578070,2946,103581016,7,0,1,3072,4,665672598
9880,103591320,19953,103611273,8,0,1,6144,8,4181868332
9881,103595550,17285,103612835,5,0,1,1536,10,6573465716
9882,103599230,19785,103619015,5,0,1,7680,10,364924449
9883,103600060,19211,103619271,7,0,1,9216,4,2286347007
9884,103603661,15956,103619617,3,0,1,512,0,1324374679
9885,103641910,4162,103646072,7,0,1,11264,4,6482788587
9886,103649611,329918,103979529,5,0,0,87040,10,5714815236
9887,103680050,24063,103704113,1,0,1,512,17,8762192445
9888,103717200,12645,103729845,6,0,1,20992,8,3562794668
9889,103719800,14472,103734272,7,0,1,7168,4,9753496112
9890,103733019,126089,103859108,7,0,0,512,4,6493550823
9891,103738160,4162,103742322,7,0,1,11264,4,7633203331
9892,103767060,13341,103780401,8,0,1,22528,8,282278553
9893,103768440,12627,103781067,1,0,1,1024,17,5826687017
9894,103787660,108014,103895674,8,0,0,512,8,10735840417
9895,103792809,217730,104010539,7,0,0,1024,4,5869839799
9896,103793521,456844,104250365,5,0,0,89088,10,3870883229
9897,103800700,3422,103804122,9,0,1,3584,3,2593704640
9898,103803330,1778,103805108,8,0,1,1536,8,10116620858
9899,103806370,2470,103808840,0,0,1,2560,11,9851954017
9900,103810540,180205,103990745,6,0,0,12800,8,2401821093
9901,103820420,257235,104077655,4,0,0,65024,5,10117589404
9902,103820591,498980,104319571,5,0,0,61440,10,5305791158
9903,103828050,566,103828616,9,0,1,512,3,1742942282
9904,103835470,2470,103837940,0,0,1,2560,11,5745605745
9905,103855519,160990,104016509,7,0,0,1024,4,2592431429
9906,103856220,3947,103860167,8,0,1,1024,8,2721041371
9907,103868250,3422,103871672,8,0,1,3584,8,8676237736
9908,103883520,1518,103885038,8,0,1,1536,8,2892164252
9909,103897601,273070,104170671,5,0,0,24064,10,9823866347
9910,103906730,2470,103909200,9,0,1,2560,3,3774383000
9911,103908450,469589,104378039,4,0,0,5120,5,8681104599
9912,103913210,485567,104398777,6,0,0,50176,8,3627599531
9913,103915410,36970,103952380,5,0,1,8704,10,610102928
9914,103917360,62184,103979544,9,0,1,10240,3,366250203
9915,103921050,58517,103979567,9,0,1,2048,3,6485703195
9916,103939299,326724,104266023,7,0,0,2048,4,7330983183
9917,103953590,41808,103995398,8,0,1,30720,8,9855207716
9918,103960390,35674,103996064,6,0,1,1024,8,5208253627
9919,103988689,351051,104339740,7,0,0,1536,4,4876714054
9920,103990800,7850,103998650,0,0,1,4096,11,5325096209
9921,104001230,7230,104008460,5,0,1,7680,10,8499826623
9922,104011010,6278,104017288,5,0,1,6656,10,299936796
9923,104024930,324497,104349427,3,0,0,31744,0,6745289181
9924,104030180,191322,104221502,4,0,0,8192,5,6891988400
9925,104041140,1518,104042658,9,0,1,1536,3,9591222558
9926,104049439,422929,104472368,7,0,0,2048,4,6245782812
9927,104058470,22165,104080635,6,0,1,3072,8,2168325678
9928,104068140,230061,104298201,8,0,0,512,8,405968599
9929,104076630,354999,104431629,4,0,0,73216,5,2595320407
9930,104079530,1451,104080981,1,0,1,512,17,3132206084
9931,104080449,123356,104203805,7,0,0,1536,4,1074129542
9932,104084570,254687,104339257,4,0,0,63488,5,10178647324
9933,104121589,198309,104319898,7,0,0,1024,4,6825725842
9934,104123780,7706,104131486,1,0,1,8192,17,3239785211
9935,104154240,195858,104350098,8,0,0,2048,8,4930539469
9936,104155660,1042,104156702,9,0,1,1024,3,7828534748
9937,104157780,142204,104299984,8,0,0,512,8,1120492519
9938,104162249,201689,104363938,7,0,0,512,4,2806282300
9939,104178619,220329,104398948,7,0,0,512,4,1772739369
9940,104186180,1994,104188174,1,0,1,2048,17,8754138298
9941,104186579,257295,104443874,7,0,0,1024,4,5846572716
9942,104214570,6947,104221517,1,0,1,5120,17,9680821792
9943,104214650,35730,104250380,6,0,1,7168,8,4721577012
9944,104231281,297971,104529252,5,0,0,25088,10,4896979177
9945,104235280,208251,104443531,4,0,0,24064,5,2715317373
9946,104235760,20464,104256224,1,0,1,6144,17,8383062689
9947,104252280,4930,104257210,1,0,1,1536,17,6758510079
9948,104265970,2039,104268009,7,0,1,2048,4,6645840542
9949,104267100,319752,104586852,6,0,0,94208,8,665283791
9950,104280360,199237,104479597,8,0,0,1024,8,1663557010
9951,104286250,149934,104436184,4,0,0,14848,5,8990063695
9952,104288090,167969,104456059,8,0,0,512,8,5975238788
9953,104318430,36978,104355408,8,0,1,5632,8,2421953324
9954,104320130,36904,104357034,9,0,1,2560,3,7953530614
9955,104324330,38489,104362819,9,0,1,16384,3,6896511780
9956,104343650,19835,104363485,9,0,1,1024,3,9534399617
9957,104348110,17321,104365431,7,0,1,3072,4,5047735132
9958,104355840,10052,104365892,7,0,1,10240,4,2665215282
9959,104357600,13438,104371038,9,0,1,8192,3,2706859142
9960,104359500,12204,104371704,6,0,1,1024,8,6465451673
9961,104361980,261244,104623224,8,0,0,3584,8,7401403107
9962,104370810,241164,104611974,6,0,0,68608,8,2147771009
9963,104403859,126360,104530219,7,0,0,3072,4,7155112395
9964,104410470,281382,104691852,3,0,0,62464,0,4394266566
9965,104417710,194674,104612384,3,0,0,1024,0,909732912
9966,104426670,23917,104450587,8,0,1,7168,8,5498118235
9967,104435060,16513,104451573,7,0,1,1536,4,9828051362
9968,104452071,398130,104850201,5,0,0,72192,10,8171324908
9969,104477430,5802,104483232,1,0,1,6144,17,10065527426
9970,104492820,255085,104747905,8,0,0,1024,8,5391219441
9971,104504170,84408,104588578,8,0,0,2560,8,1900275597
9972,104519080,11533,104530613,1,0,1,18944,17,10097874046
9973,104519311,281097,104800408,5,0,0,22528,10,434663792
9974,104520640,13912,104534552,7,0,1,4608,4,7086705088
9975,104538330,11016,104549346,7,0,1,17920,4,7451778625
9976,104541249,208036,104749285,7,0,0,512,4,3201108709
9977,104559640,27887,104587527,8,0,1,512,8,5914310316
9978,104568400,43589,104611989,6,0,1,5120,8,2253557409
9979,104571010,40994,104612004,8,0,1,2048,8,4635711969
9980,104575090,36929,104612019,8,0,1,6144,8,8463341454
9981,104579550,32492,104612042,8,0,1,6144,8,297983420
9982,104580760,31297,104612057,7,0,1,16384,4,1535949709
9983,104589520,25769,104615289,6,0,1,3072,8,6017498102
9984,104618510,404285,105022795,6,0,0,91136,8,7195118302
9985,104621630,160770,104782400,4,0,0,512,5,487138634
9986,104628000,363237,104991237,3,0,0,64000,0,9023871234
9987,104634640,1994,104636634,8,0,1,2048,8,8834701763
9988,104637020,1042,104638062,6,0,1,1024,8,3904753816
9989,104641930,1518,104643448,6,0,1,1536,8,7966052759
9990,104651770,1042,104652812,7,0,1,1024,4,4796201531
9991,104654400,1518,104655918,6,0,1,1536,8,5687989626
9992,104654641,258244,104912885,5,0,0,9728,10,2895447911
9993,104655960,250985,104906945,4,0,0,13312,5,8708442074
9994,104663789,69987,104733776,7,0,0,1024,4,270390064
9995,104664290,3904,104668194,6,0,1,10752,8,8918986216
9996,104682540,11774,104694314,8,0,1,2560,8,2499543468
9997,104700390,3422,104703812,6,0,1,3584,8,3669498168
9998,104714230,4162,104718392,0,0,1,11264,11,3964644751
9999,104719630,4850,104724480,8,0,1,5120,8,4968361231
10000,104754930,390653,105145583,4,0,0,18944,5,591441782
10001,104756050,3422,104759472,7,0,1,3584,4,5438099276
10002,104769810,225186,104994996,4,0,0,12288,5,5707927001
10003,104772580,394030,105166610,8,0,0,512,8,2316501885
10004,104785900,566,104786466,8,0,1,512,8,5180036532
10005,104789780,1994,104791774,0,0,1,2048,11,8259500174
10006,104791760,8663,104800423,7,0,1,4608,4,8457534779
10007,104798159,380862,105179021,7,0,0,1536,4,522805100
10008,104804860,129413,104934273,8,0,0,1024,8,9539795460
10009,104804930,146337,104951267,4,0,0,16384,5,10602771147
10010,104834740,23176,104857916,0,0,1,8192,11,10286982798
10011,104841520,680309,105521829,6,0,0,170496,8,6149568521
10012,104852180,7042,104859222,0,0,1,2048,11,8939728789
10013,104856900,471789,105328689,6,0,0,163328,8,7304736721
10014,104858420,308019,105166439,3,0,0,47616,0,7042046779
10015,104890240,442911,105333151,8,0,0,3584,8,8916141292
10016,104891320,234449,105125769,3,0,0,3584,0,782294193
10017,104892580,14388,104906968,6,0,1,24064,8,8050398933
10018,104899380,13520,104912900,8,0,1,6656,8,7850439912
10019,104903210,299416,105202626,4,0,0,5120,5,6800702036
10020,104920630,422707,105343337,6,0,0,32768,8,6465809922
10021,104922910,2470,104925380,6,0,1,2560,8,4927850951
10022,104923140,254936,105178076,6,0,0,4096,8,5566923612
10023,104933490,2870,104936360,7,0,1,8704,4,128434198
10024,104937010,6278,104943288,7,0,1,6656,4,3612604250
10025,104937480,6154,104943634,6,0,1,512,8,5873371472
10026,104948350,287125,105235475,8,0,0,6656,8,8736673685
10027,104959460,372568,105332028,4,0,0,10752,5,6030525167
10028,104961750,5802,104967552,7,0,1,6144,4,5654981698
10029,104977840,48818,105026658,8,0,1,10752,8,2628965695
10030,104983201,143168,105126369,5,0,0,512,10,4251850656
10031,104998479,233778,105232257,7,0,0,2048,4,7176792923
10032,105000690,412089,105412779,4,0,0,6656,5,4015833489
10033,105005390,28495,105033885,7,0,1,8192,4,1640159262
10034,105005550,28694,105034244,8,0,1,9728,8,1356004808
10035,105008420,26810,105035230,7,0,1,1536,4,10453864443
10036,105023470,421068,105444538,2,0,0,46080,12,4789784231
10037,105023599,241094,105264693,7,0,0,3584,4,3324631466
10038,105025150,385578,105410728,6,0,0,16896,8,6181844495
10039,105026580,497136,105523716,2,0,0,6144,12,3821668826
10040,105034880,738392,105773272,8,0,0,512,8,8225130122
10041,105045900,664711,105710611,2,0,0,162304,12,4647062069
10042,105056150,324722,105380872,2,0,0,62976,12,2845628706
10043,105074310,539923,105614233,2,0,0,89088,12,155498558
10044,105082360,652576,105734936,8,0,0,1024,8,1031291193
10045,105091380,252628,105344008,4,0,0,2048,5,6476952242
10046,105093760,106394,105200154,3,0,0,2048,0,7845869422
10047,105097210,692481,105789691,9,0,0,11264,3,7538610130
10048,105097450,428691,105526141,4,0,0,2048,5,1486808153
10049,105109229,3898,105113127,2,0,1,4096,12,3270624756
10050,105116149,617953,105734102,7,0,0,46592,4,988767896
10051,105129760,5326,105135086,8,0,1,5632,8,8725556582
10052,105137650,195672,105333322,4,0,0,512,5,1423943898
10053,105139130,6476,105145606,8,0,1,4608,8,419590218
10054,105139490,7603,105147093,8,0,1,1536,8,2150051115
10055,105173870,4221,105178091,5,0,1,9728,10,2494044399
10056,105208590,183065,105391655,6,0,0,17920,8,8245971347
10057,105218700,339577,105558277,3,0,0,46592,0,7154626989
10058,105229579,566,105230145,2,0,1,512,12,6751294669
10059,105236499,292933,105529432,7,0,0,10752,4,3567693607
10060,105241479,1994,105243473,2,0,1,2048,12,5089282863
10061,105246300,278851,105525151,6,0,0,4608,8,5702014350
10062,105251350,561519,105812869,4,0,0,512,5,5649218281
10063,105263550,577415,105840965,2,0,0,42496,12,8900019197
10064,105269200,503605,105772805,6,0,0,108544,8,9682551788
10065,105278330,624702,105903032,2,0,0,47104,12,9063608506
10066,105287790,58928,105346718,8,0,1,3584,8,842290823
10067,105291379,56396,105347775,2,0,1,9728,12,6408682925
10068,105292190,426898,105719088,3,0,0,512,0,9392717658
10069,105295680,55834,105351514,8,0,1,11264,8,9065249231
10070,105298300,420594,105718894,6,0,0,27136,8,5700070238
10071,105300889,565231,105866120,7,0,0,82432,4,3198453564
10072,105305550,636642,105942192,3,0,0,90112,0,6148129535
10073,105312790,39070,105351860,1,0,1,512,17,8983162789
10074,105317330,417255,105734585,4,0,0,1536,5,171866586
10075,105317700,38727,105356427,1,0,1,13824,17,10184530627
10076,105329880,301126,105631006,4,0,0,512,5,8910660747
10077,105340200,16573,105356773,8,0,1,512,8,4730079035
10078,105348720,176766,105525486,4,0,0,1024,5,1026604728
10079,105361620,19267,105380887,8,0,1,6656,8,5505978008
10080,105370419,368900,105739319,7,0,0,14336,4,9857224808
10081,105381620,10050,105391670,8,0,1,12288,8,2147424999
10082,105383610,413583,105797193,4,0,0,512,5,5480413971
10083,105406640,207788,105614428,4,0,0,512,5,8030555128
10084,105408950,9059,105418009,1,0,1,13312,17,7612680335
10085,105409880,8475,105418355,1,0,1,512,17,815216905
10086,105411960,607290,106019250,2,0,0,104960,12,7605159607
10087,105418550,720831,106139381,6,0,0,79360,8,3241104641
10088,105420169,5802,105425971,2,0,1,6144,12,7103805126
10089,105428100,566,105428666,1,0,1,512,17,2022025834
10090,105430310,309400,105739710,4,0,0,1024,5,7074396873
10091,105465460,641537,106106997,3,0,0,21504,0,216629364
10092,105479510,781643,106261153,8,0,0,2048,8,234295341
10093,105480450,239441,105719891,3,0,0,2560,0,3338505239
10094,105495910,36427,105532337,8,0,1,3072,8,1110176991
10095,105503430,371465,105874895,6,0,0,28672,8,6449470708
10096,105521370,11313,105532683,6,0,1,512,8,1147517327
10097,105545220,17014,105562234,6,0,1,4096,8,9602353956
10098,105546240,682060,106228300,6,0,0,11776,8,8763562115
10099,105546670,541541,106088211,3,0,0,6144,0,4661110081
10100,105550179,12275,105562454,2,0,1,8704,12,3245067405
10101,105560410,212691,105773101,4,0,0,512,5,1086657381
10102,105563341,2946,105566287,3,0,1,3072,0,3328593075
10103,105569769,1518,105571287,2,0,1,1536,12,2658913189
10104,105576640,6488,105583128,6,0,1,15872,8,2398425614
10105,105597840,20921,105618761,8,0,1,4608,8,9723463319
10106,105605290,14777,105620067,1,0,1,2048,17,7763639537
10107,105606300,300081,105906381,4,0,0,512,5,7810876543
10108,105619270,4374,105623644,6,0,1,4608,8,9531083225
10109,105620580,581581,106202161,2,0,0,30720,12,3622415164
10110,105624570,2946,105627516,8,0,1,3072,8,8725604193
10111,105627400,721107,106348507,3,0,0,50688,0,5614023199
10112,105631590,7230,105638820,1,0,1,7680,17,5834059267
10113,105633740,660974,106294714,2,0,0,16896,12,7994645112
10114,105644021,4420,105648441,3,0,1,11776,0,205924444
10115,105660629,58288,105718917,2,0,1,4096,12,10691939381
10116,105663871,108981,105772852,3,0,1,512,0,7920527952
10117,105666600,106291,105772891,8,0,1,7680,8,2172987816
10118,105681861,91053,105772914,3,0,1,6656,0,10723283021
10119,105683100,842782,106525882,2,0,0,7168,12,3050120496
10120,105683290,204423,105887713,8,0,0,512,8,8897116114
10121,105700241,75519,105775760,3,0,1,3072,0,5187561173
10122,105707170,551003,106258173,8,0,0,1024,8,4536653130
10123,105709860,68052,105777912,1,0,1,11264,17,2249837928
10124,105725560,605607,106331167,8,0,0,2560,8,3556255080
10125,105726419,55191,105781610,2,0,1,11776,12,714732609
10126,105729390,148172,105877562,6,0,0,8704,8,7572192863
10127,105738431,43845,105782276,3,0,1,1024,0,3348100247
10128,105738539,44723,105783262,2,0,1,1536,12,5101169003
10129,105743360,42168,105785528,4,0,1,3584,5,1195334394
10130,105744160,275261,106019421,8,0,0,512,8,204710896
10131,105749270,44577,105793847,1,0,1,17920,17,4194885301
10132,105757121,38032,105795153,3,0,1,2048,0,3472365662
10133,105759749,37459,105797208,2,0,1,3072,12,4955092571
10134,105778870,847298,106626168,6,0,0,104448,8,727567107
10135,105781549,20056,105801605,2,0,1,7168,12,9143409137
10136,105800410,2821,105803231,1,0,1,2560,17,5555693477
10137,105801880,242120,106044000,8,0,0,34304,8,9913837947
10138,105805420,671361,106476781,3,0,0,60928,0,8416839738
10139,105818590,261962,106080552,2,0,0,68096,12,3726354116
10140,105823300,839122,106662422,2,0,0,42496,12,1180267546
10141,105831221,46356,105877577,3,0,1,1536,0,1031111655
10142,105835990,41610,105877600,6,0,1,6656,8,6877033940
10143,105839660,37955,105877615,1,0,1,9216,17,9928490871
10144,105872280,5863,105878143,1,0,1,512,17,5547357555
10145,105888979,21317,105910296,2,0,1,7680,12,5919154820
10146,105890679,23163,105913842,2,0,1,5632,12,8570908887
10147,105901820,40395,105942215,1,0,1,16384,17,9800949920
10148,105917830,30632,105948462,6,0,1,6656,8,8691820514
10149,105952460,366600,106319060,3,0,0,79360,0,6604281047
10150,105961560,91425,106052985,4,0,0,512,5,8798430613
10151,105966359,410888,106377247,7,0,0,69120,4,10681191058
10152,105967280,3645,105970925,1,0,1,10240,17,4331566514
10153,105989790,677258,106667048,8,0,0,3072,8,331488371
10154,105998810,524865,106523675,3,0,0,44032,0,441684601
10155,106007840,1139598,107147438,3,0,0,4096,0,9931818809
10156,106012610,377237,106389847,2,0,0,3584,12,6524502371
10157,106017639,256486,106274125,7,0,0,11264,4,4208340397
10158,106020360,1125815,107146175,6,0,0,16896,8,9499935812
10159,106023279,380686,106403965,7,0,0,3072,4,2847604113
10160,106028220,501125,106529345,4,0,0,2048,5,1251547413
10161,106032819,292184,106325003,7,0,0,19456,4,7781666894
10162,106043990,694399,106738389,2,0,0,2560,12,4777885248
10163,106052709,4850,106057559,2,0,1,5120,12,5523444431
10164,106057890,1042,106058932,1,0,1,1024,17,1108699660
10165,106058290,730171,106788461,2,0,0,512,12,5929059
10166,106059430,975787,107035217,3,0,0,54272,0,5114352140
10167,106081460,1217225,107298685,8,0,0,11264,8,9692658475
10168,106081600,1042,106082642,6,0,1,1024,8,5305053145
10169,106083880,488849,106572729,3,0,0,512,0,10031056191
10170,106096800,2470,106099270,1,0,1,2560,17,1271985697
10171,106098490,187113,106285603,2,0,0,512,12,4924339234
10172,106099100,7912,106107012,6,0,1,13824,8,7296127245
10173,106108490,457823,106566313,3,0,0,32768,0,2864999080
10174,106112150,2470,106114620,4,0,1,2560,5,7410225520
10175,106118151,27592,106145743,3,0,1,6656,0,2910334949
10176,106120750,256840,106377590,4,0,0,1024,5,5320144772
10177,106124780,358583,106483363,4,0,0,1024,5,1709142285
10178,106132720,15289,106148009,1,0,1,3584,17,2134479749
10179,106134000,515451,106649451,8,0,0,76288,8,4016954364
10180,106147319,5802,106153121,2,0,1,6144,12,9860183174
10181,106170070,499426,106669496,4,0,0,1024,5,2054312815
10182,106174470,363752,106538222,2,0,0,2048,12,1441664638
10183,106184230,410099,106594329,6,0,0,20992,8,2394722901
10184,106184500,558029,106742529,4,0,0,1024,5,7848105533
10185,106210690,340973,106551663,6,0,0,3072,8,3310905916
10186,106212969,1518,106214487,2,0,1,1536,12,10220543289
10187,106219500,1125612,107345112,2,0,0,1536,12,7306927643
10188,106221570,157135,106378705,3,0,0,3584,0,4723598497
10189,106223809,566,106224375,2,0,1,512,12,10121663275
10190,106243480,239556,106483036,8,0,0,20480,8,6161505220
10191,106245330,1042,106246372,1,0,1,1024,17,6607255875
10192,106255650,1518,106257168,1,0,1,1536,17,663021826
10193,106268340,940086,107208426,8,0,0,49664,8,2583730554
10194,106268421,1042,106269463,3,0,1,1024,0,8960504412
10195,106273530,282704,106556234,3,0,0,1024,0,2784275140
10196,106282919,2946,106285865,2,0,1,3072,12,1478435545
10197,106293150,191788,106484938,6,0,0,5120,8,5951326228
10198,106304850,21705,106326555,6,0,1,1536,8,16703897
10199,106311000,16861,106327861,1,0,1,2048,17,8343918952
10200,106313930,17252,106331182,6,0,1,4096,8,6618167476
10201,106329830,512275,106842105,8,0,0,33280,8,5008558609
10202,106337960,704851,107042811,2,0,0,1024,12,734350474
10203,106350740,556796,106907536,3,0,0,13824,0,266376228
10204,106351139,3898,106355037,2,0,1,4096,12,9151313949
10205,106353050,200580,106553630,2,0,0,2560,12,1723220950
10206,106353900,1483,106355383,1,0,1,512,17,2302505537
10207,106361410,24960,106386370,6,0,1,8192,8,6112718071
10208,106367739,162674,106530413,7,0,0,512,4,7307224323
10209,106375290,287318,106662608,4,0,0,512,5,5944998259
10210,106380461,10415,106390876,3,0,1,7168,0,5122681980
10211,106392320,3422,106395742,6,0,1,3584,8,1719303327
10212,106394160,3387,106397547,1,0,1,9728,17,4035003380
10213,106394609,5434,106400043,2,0,1,8704,12,3817736235
10214,106397840,1035372,107433212,8,0,0,118784,8,9177314086
10215,106409020,433880,106842900,4,0,0,2560,5,1082422144
10216,106417870,124029,106541899,4,0,0,512,5,6163409911
10217,106418900,289285,106708185,2,0,0,1024,12,9714351872
10218,106493390,311436,106804826,2,0,0,512,12,3317888671
10219,106500360,287930,106788290,8,0,0,137728,8,501141967
10220,106508359,793163,107301522,7,0,0,5120,4,684638302
10221,106519090,989303,107508393,6,0,0,131072,8,8349933149
10222,106523150,4718,106527868,8,0,1,2048,8,2681598859
10223,106527571,2470,106530041,3,0,1,2560,0,1338309636
10224,106531051,1518,106532569,3,0,1,1536,0,1916847700
10225,106533030,208006,106741036,4,0,0,512,5,5846333407
10226,106549570,591434,107141004,8,0,0,26624,8,5018975880
10227,106561700,8044,106569744,8,0,1,3584,8,10018910334
10228,106564390,369625,106934015,2,0,0,512,12,953890659
10229,106572999,343631,106916630,7,0,0,29696,4,2190951034
10230,106573680,355453,106929133,3,0,0,40960,0,2152195007
10231,106577980,1518,106579498,5,0,1,1536,10,4913074328
10232,106598820,63617,106662437,8,0,1,6656,8,3347428545
10233,106602190,327301,106929491,3,0,0,1024,0,453283217
10234,106607000,829377,107436377,3,0,0,9728,0,9701605464
10235,106673791,11016,106684807,3,0,1,17920,0,10454771801
10236,106694290,3422,106697712,8,0,1,3584,8,9763493608
10237,106701429,452576,107154005,7,0,0,21504,4,2028181012
10238,106706180,105854,106812034,2,0,0,512,12,10232777957
10239,106709480,4850,106714330,8,0,1,5120,8,3188802051
10240,106719020,811891,107530911,6,0,0,12288,8,2664271912
10241,106727850,405027,107132877,6,0,0,123392,8,5675253101
10242,106736511,3645,106740156,3,0,1,10240,0,6487159024
10243,106745060,344775,107089835,4,0,0,512,5,2746272880
10244,106758990,30146,106789136,5,0,1,512,10,2751790261
10245,106764640,28936,106793576,8,0,1,5120,8,6214079738
10246,106772900,222817,106995717,8,0,0,25088,8,504360107
10247,106780970,13220,106794190,5,0,1,10752,10,6072811317
10248,106781450,184896,106966346,2,0,0,512,12,2762670222
10249,106787500,11388,106798888,8,0,1,5632,8,2198522272
10250,106791850,8664,106800514,5,0,1,2560,10,745291765
10251,106792020,10120,106802140,8,0,1,2560,8,1586104561
10252,106792061,14265,106806326,3,0,1,6656,0,3738103851
10253,106813410,157700,106971110,2,0,0,1024,12,2251131790
10254,106821831,2470,106824301,3,0,1,2560,0,950069887
10255,106822630,3417,106826047,5,0,1,9728,10,7301774598
10256,106845110,443201,107288311,3,0,0,94720,0,903987366
10257,106850220,1994,106852214,5,0,1,2048,10,2182857183
10258,106851390,437092,107288482,4,0,0,512,5,7565069120
10259,106860740,316312,107177052,3,0,0,67072,0,4925688958
10260,106861860,583440,107445300,8,0,0,29184,8,8272840952
10261,106864931,5802,106870733,3,0,1,6144,0,6205184525
10262,106870810,285791,107156601,4,0,0,1536,5,7416054803
10263,106871890,740411,107612301,4,0,0,1024,5,8195816239
10264,106873739,282379,107156118,7,0,0,4096,4,10199768253
10265,106876640,376279,107252919,8,0,0,48128,8,1963216435
10266,106888390,333425,107221815,6,0,0,31744,8,3269012574
10267,106901221,6338,106907559,3,0,1,9216,0,2128658131
10268,106902000,252847,107154847,4,0,0,1024,5,1732850708
10269,106905740,23424,106929164,5,0,1,4096,10,9264254695
10270,106917699,824467,107742166,7,0,0,55808,4,3760908347
10271,106918630,13315,106931945,5,0,1,2560,10,9223992852
10272,106925370,11373,106936743,8,0,1,15872,8,5746648169
10273,106948979,3422,106952401,2,0,1,3584,12,7897043209
10274,106980390,786640,107767030,6,0,0,10752,8,10193598473
10275,106983390,566,106983956,8,0,1,512,8,1705267416
10276,106997220,157268,107154488,4,0,0,1536,5,2197708974
10277,107002809,341820,107344629,7,0,0,10240,4,6546127230
10278,107022220,19267,107041487,5,0,1,6656,10,7481697802
10279,107036101,7972,107044073,3,0,1,4096,0,9887662645
10280,107072921,5326,107078247,3,0,1,5632,0,3185793275
10281,107082110,4374,107086484,5,0,1,4608,10,422512047
10282,107101510,75597,107177107,5,0,1,28672,10,9403143512
10283,107123140,130262,107253402,2,0,0,1536,12,10619390928
10284,107123481,59551,107183032,3,0,1,14848,0,5164694338
10285,107128839,850165,107979004,7,0,0,105984,4,1401371379
10286,107139530,46475,107186005,6,0,1,11776,8,2428018674
10287,107149330,150037,107299367,4,0,0,512,5,10147202546
10288,107153119,293952,107447071,7,0,0,5632,4,1894018406
10289,107158711,28600,107187311,3,0,1,2048,0,2821218594
10290,107170130,263253,107433383,4,0,0,512,5,220188991
10291,107185900,153042,107338942,2,0,0,2048,12,102457947
10292,107187881,4374,107192255,3,0,1,4608,0,6139560264
10293,107192000,16449,107208449,9,0,1,4096,3,7571162934
10294,107194720,14740,107209460,6,0,1,1024,8,5833551202
10295,107216470,692195,107908665,3,0,0,65536,0,3590327315
10296,107228740,3422,107232162,9,0,1,3584,3,6431314453
10297,107243610,118695,107362305,2,0,0,512,12,7711952313
10298,107257051,1518,107258569,3,0,1,1536,0,8517399378
10299,107279050,14750,107293800,6,0,1,5632,8,6603408210
10300,107291540,217515,107509055,4,0,0,512,5,5404254838
10301,107370380,138504,107508884,3,0,0,1536,0,4420091123
10302,107371300,139101,107510401,4,0,0,512,5,8550697841
10303,107373220,319009,107692229,6,0,0,77312,8,9339392851
10304,107393841,39557,107433398,3,0,1,6656,0,6814947081
10305,107401211,45899,107447110,3,0,1,1536,0,7211687469
10306,107402030,48451,107450481,9,0,1,12288,3,8139471501
10307,107420950,525747,107946697,3,0,0,21504,0,7610678360
10308,107423510,620168,108043678,4,0,0,2048,5,8324493085
10309,107427820,335919,107763739,3,0,0,70656,0,8620711875
10310,107440610,344234,107784844,8,0,0,33792,8,7384995153
10311,107441480,12547,107454027,5,0,1,4608,10,3644107302
10312,107444120,11853,107455973,9,0,1,3072,3,873846834
10313,107448750,428513,107877263,6,0,0,179200,8,5417839415
10314,107448841,10038,107458879,3,0,1,4608,0,5236595618
10315,107455940,236624,107692564,4,0,0,1024,5,3673701298
10316,107458570,4850,107463420,0,0,1,5120,11,5062704490
10317,107462820,4374,107467194,6,0,1,4608,8,6766490412
10318,107467940,224975,107692915,4,0,0,1024,5,4845875260
10319,107483010,33284,107516294,5,0,1,7680,10,10404111731
10320,107498339,276194,107774533,7,0,0,24576,4,10619110288
10321,107503401,14839,107518240,3,0,1,3072,0,5402944468
10322,107519150,1518,107520668,0,0,1,1536,11,613298642
10323,107525770,566,107526336,0,0,1,512,11,9057490947
10324,107526761,4165,107530926,3,0,1,1536,0,9991770829
10325,107540450,253325,107793775,3,0,0,29184,0,3533535656
10326,107572750,120492,107693242,4,0,0,1024,5,3539362197
10327,107580270,308404,107888674,6,0,0,37376,8,2250506736
10328,107594160,5802,107599962,9,0,1,6144,3,5153939441
10329,107610470,1994,107612464,9,0,1,2048,3,8843095147
10330,107621590,1042,107622632,9,0,1,1024,3,7676255957
10331,107626180,313950,107940130,4,0,0,512,5,1452979899
10332,107630830,6754,107637584,9,0,1,7168,3,4815489272
10333,107635570,14117,107649687,0,0,1,24064,11,9620602958
10334,107652600,356944,108009544,4,0,0,2048,5,8442251322
10335,107654250,285591,107939841,3,0,0,56832,0,3422832742
10336,107660810,250741,107911551,6,0,0,8704,8,9948530711
10337,107661439,261063,107922502,7,0,0,35840,4,10382887855
10338,107662621,3387,107666008,3,0,1,9728,0,8945438914
10339,107669210,31722,107700932,4,0,1,8192,5,9356314657
10340,107681240,23558,107704798,5,0,1,6144,10,2155775996
10341,107682420,24004,107706424,6,0,1,2560,8,8552119117
10342,107683010,296321,107979331,4,0,0,512,5,1983117022
10343,107688130,22800,107710930,9,0,1,7168,3,6073277414
10344,107695730,284420,107980150,2,0,0,2560,12,5813850997
10345,107707470,201390,107908860,2,0,0,512,12,8893181357
10346,107721460,20721,107742181,6,0,1,8192,8,5444630454
10347,107723471,18725,107742196,3,0,1,14336,0,10693946035
10348,107768900,25901,107794801,6,0,1,1024,8,3661909882
10349,107771980,33365,107805345,6,0,1,18432,8,8393298590
10350,107773860,36670,107810530,5,0,1,16384,10,3271201221
10351,107781180,597611,108378791,3,0,0,65024,0,7859200998
10352,107786041,27075,107813116,3,0,1,4096,0,4073880757
10353,107797470,16312,107813782,9,0,1,1024,3,1379593063
10354,107799970,16718,107816688,5,0,1,4608,10,4043645700
10355,107801440,15709,107817149,0,0,1,10240,11,2056342514
10356,107816120,368458,108184578,8,0,0,19968,8,10615349127
10357,107816860,270183,108087043,6,0,0,60416,8,2604779253
10358,107818690,198690,108017380,2,0,0,2560,12,456581433
10359,107824290,115590,107939880,0,0,1,11264,11,2230331334
10360,107828540,111379,107939919,5,0,1,2560,10,4407363156
10361,107860930,540340,108401270,8,0,0,73728,8,5712953440
10362,107867010,112033,107979043,6,0,1,8704,8,9475186138
10363,107868571,110487,107979058,3,0,1,2048,0,2128531761
10364,107880589,98500,107979089,2,0,1,1024,12,5538526889
10365,107881350,419895,108301245,8,0,0,194048,8,6127930179
10366,107893820,85324,107979144,0,0,1,5120,11,2405674772
10367,107895070,289679,108184749,2,0,0,512,12,8001393935
10368,107911750,294734,108206484,6,0,0,2560,8,9049669504
10369,107913830,67218,107981048,9,0,1,2048,3,382707740
10370,107915050,70599,107985649,0,0,1,14848,11,8362289064
10371,107920029,67566,107987595,2,0,1,3072,12,5802435381
10372,107920179,258300,108178479,7,0,0,29184,4,7447038623
10373,107920739,70402,107991141,2,0,1,5632,12,7740602213
10374,107924890,534236,108459126,6,0,0,18944,8,9771779807
10375,107936379,55428,107991807,2,0,1,11264,12,9422484239
10376,107937750,54723,107992473,5,0,1,1024,10,10095040881
10377,107939850,361574,108301424,4,0,0,512,5,4935763530
10378,107940910,53509,107994419,7,0,1,3072,4,5875200054
10379,107947440,608136,108555576,6,0,0,107520,8,5880088663
10380,107947900,691809,108639709,3,0,0,99328,0,4036319177
10381,107949680,45725,107995405,5,0,1,1536,10,1648334564
10382,107963470,32281,107995751,0,0,1,512,11,2654506605
10383,107966949,350114,108317063,7,0,0,51200,4,2961349270
10384,107987800,8297,107996097,5,0,1,512,10,1175308208
10385,107991540,425361,108416901,6,0,0,51200,8,9667312630
10386,108008030,14117,108022147,5,0,1,24064,10,8865859899
10387,108008330,14483,108022813,0,0,1,1024,11,2576490579
10388,108012710,12689,108025399,6,0,1,4096,8,5202078657
10389,108014830,11235,108026065,0,0,1,1024,11,3345008976
10390,108024520,99143,108123663,4,0,0,512,5,1939067571
10391,108025070,3898,108028968,5,0,1,4096,10,10089540065
10392,108038850,455007,108493857,8,0,0,83968,8,283814926
10393,108050400,284995,108335395,4,0,0,2048,5,1058498761
10394,108095030,1518,108096548,6,0,1,1536,8,419733068
10395,108140860,277707,108418567,2,0,0,512,12,6007754794
10396,108153311,2946,108156257,3,0,1,3072,0,4588527462
10397,108154540,403875,108558415,8,0,0,9216,8,4092732629
10398,108186600,230964,108417564,4,0,0,2048,5,1274964330
10399,108214030,2870,108216900,6,0,1,8704,8,10398872208
10400,108216410,3267,108219677,6,0,1,3072,8,1548008340
10401,108227500,371081,108598581,6,0,0,14336,8,1081223885
10402,108234150,405886,108640036,4,0,0,1024,5,4963542239
10403,108253890,69410,108323300,6,0,1,6656,8,2612065505
10404,108262750,62816,108325566,6,0,1,3584,8,7129405781
10405,108271040,56152,108327192,6,0,1,2560,8,9834059748
10406,108275600,55458,108331058,6,0,1,6144,8,7344213145
10407,108315570,178535,108494105,2,0,0,512,12,4062724153
10408,108321810,348732,108670542,8,0,0,93696,8,1285652772
10409,108321930,10114,108332044,9,0,1,1536,3,7337986840
10410,108337860,224158,108562018,6,0,0,11776,8,7957053999
10411,108347030,1042,108348072,9,0,1,1024,3,1268066420
10412,108356950,245390,108602340,8,0,0,12288,8,6766788369
10413,108361240,200949,108562189,4,0,0,512,5,9662493242
10414,108367150,50939,108418089,6,0,1,512,8,6264782824
10415,108368490,433783,108802273,8,0,0,91648,8,5905711556
10416,108368510,52616,108421126,9,0,1,3584,3,757211550
10417,108378860,43892,108422752,6,0,1,2560,8,5650406566
10418,108402880,326235,108729115,8,0,0,20480,8,9840346249
10419,108417340,344703,108762043,8,0,0,40960,8,9723690339
10420,108425830,309675,108735505,2,0,0,3584,12,4384137423
10421,108443809,493810,108937619,7,0,0,78848,4,5296930984
10422,108443900,366070,108809970,6,0,0,24064,8,10429549664
10423,108465200,28672,108493872,6,0,1,4096,8,1905808996
10424,108465639,28256,108493895,2,0,1,2048,12,4082074511
10425,108465740,28178,108493918,9,0,1,2048,3,9623236071
10426,108469950,31369,108501319,9,0,1,7680,3,7086526718
10427,108470740,299315,108770055,6,0,0,4096,8,288720107
10428,108477429,431246,108908675,7,0,0,71680,4,1213647764
10429,108482350,19315,108501665,9,0,1,512,3,4090625555
10430,108490450,396362,108886812,3,0,0,38912,0,10523034398
10431,108504739,259519,108764258,7,0,0,7168,4,2924009759
10432,108506850,303767,108810617,6,0,0,2048,8,7431253896
10433,108513840,464475,108978315,4,0,0,2560,5,3151714065
10434,108517670,4374,108522044,5,0,1,4608,10,1456957409
10435,108519290,426011,108945301,3,0,0,25088,0,4841455457
10436,108533840,31730,108565570,6,0,1,3584,8,52264535
10437,108534160,32076,108566236,5,0,1,1024,10,3234789816
10438,108559570,10532,108570102,5,0,1,6144,10,7735904369
10439,108561130,11238,108572368,9,0,1,3584,3,532705331
10440,108567490,480941,109048431,6,0,0,51200,8,503217078
10441,108570379,388517,108958896,7,0,0,44544,4,642098228
10442,108575300,566,108575866,6,0,1,512,8,4088472877
10443,108583160,219440,108802600,4,0,0,1024,5,8044785399
10444,108597790,231287,108829077,2,0,0,5120,12,3417945066
10445,108617639,295606,108913245,7,0,0,10752,4,10344552611
10446,108623740,236521,108860261,2,0,0,512,12,4681244249
10447,108636750,33807,108670557,6,0,1,2048,8,2743455198
10448,108644710,517301,109162011,6,0,0,18432,8,3588623367
10449,108667179,3961,108671140,2,0,1,512,12,5756274525
10450,108678610,510605,109189215,6,0,0,22016,8,2920254693
10451,108679469,230485,108909954,7,0,0,4096,4,9667194658
10452,108681080,175333,108856413,8,0,0,22016,8,5608425204
10453,108682539,4850,108687389,2,0,1,5120,12,5299730863
10454,108686720,1015,108687735,6,0,1,512,8,8419941895
10455,108701550,161713,108863263,2,0,0,512,12,351642297
10456,108715409,387880,109103289,7,0,0,161792,4,6443401125
10457,108723470,190110,108913580,4,0,0,1024,5,1381993696
10458,108723499,6199,108729698,2,0,1,512,12,3203159722
10459,108750560,220565,108971125,2,0,0,512,12,384542636
10460,108753460,13252,108766712,9,0,1,2560,3,8245448781
10461,108757279,421283,109178562,7,0,0,54272,4,507579491
10462,108762770,205439,108968209,4,0,0,1024,5,6426399150
10463,108763370,234049,108997419,8,0,0,14848,8,4382474475
10464,108766881,498864,109265745,5,0,0,37376,10,8610284749
10465,108769859,754,108770613,2,0,1,512,12,3135967611
10466,108773339,29284,108802623,2,0,1,4096,12,749109598
10467,108775690,366709,109142399,2,0,0,1024,12,5717934700
10468,108797799,594243,109392042,7,0,0,98304,4,580503051
10469,108800230,561830,109362060,3,0,0,56320,0,6400631676
10470,108824601,427620,109252221,5,0,0,20992,10,9890518785
10471,108878939,58703,108937642,2,0,1,1024,12,4013206724
10472,108883950,406715,109290665,6,0,0,19456,8,7081751747
10473,108898900,493515,109392415,2,0,0,1024,12,7523936375
10474,108904280,274453,109178733,2,0,0,512,12,4966191734
10475,108922161,664851,109587012,5,0,0,28160,10,5148823383
10476,108927740,36040,108963780,6,0,1,5120,8,5329649504
10477,108931460,392301,109323761,3,0,0,2560,0,1720840633
10478,108943880,235180,109179060,4,0,0,1024,5,1952741448
10479,108959820,4626,108964446,6,0,1,1024,8,5457133650
10480,108967250,323742,109290992,2,0,0,1024,12,3504541269
10481,108967791,316931,109284722,5,0,0,37376,10,7153654311
10482,108974490,511761,109486251,6,0,0,45056,8,7609448764
10483,108987040,560100,109547140,2,0,0,2048,12,601351301
10484,109000310,109163,109109473,4,0,0,512,5,6092843432
10485,109006941,208947,109215888,5,0,0,17408,10,5314084810
10486,109011500,309529,109321029,8,0,0,85504,8,10179422430
10487,109033850,204488,109238338,3,0,0,16896,0,10191800480
10488,109035061,942665,109977726,5,0,0,56320,10,10512774680
10489,109066010,450177,109516187,2,0,0,512,12,8832958947
10490,109080060,463683,109543743,6,0,0,86016,8,8301909403
10491,109082770,208729,109291499,4,0,0,1536,5,9863819888
10492,109087220,525080,109612300,3,0,0,6656,0,2513023532
10493,109090150,423455,109513605,3,0,0,7680,0,9111732528
10494,109100480,1431172,110531652,3,0,0,46592,0,8254930180
10495,109105401,343106,109448507,5,0,0,32768,10,2928713384
10496,109113270,660794,109774064,6,0,0,20992,8,554303870
10497,109131760,7230,109138990,6,0,1,7680,8,6921806384
10498,109142850,318792,109461642,6,0,0,43008,8,4793783545
10499,109149150,89515,109238665,4,0,0,1024,5,9885327509
10500,109175090,403327,109578417,6,0,0,38912,8,8931133197
10501,109176569,591084,109767653,7,0,0,48128,4,572595275
10502,109186940,425858,109612798,2,0,0,1024,12,3634955009
10503,109195730,209079,109404809,6,0,0,37888,8,4316015986
10504,109211060,182150,109393210,2,0,0,2560,12,1739290518
10505,109237660,6799,109244459,6,0,1,6144,8,6629372393
10506,109243501,22267,109265768,3,0,1,30720,0,1503525939
10507,109252880,12911,109265791,1,0,1,1536,17,8875988686
10508,109254531,520172,109774703,5,0,0,2048,10,10013312637
10509,109259621,7216,109266837,3,0,1,1024,0,5830776796
10510,109264030,850506,110114536,2,0,0,512,12,1582754056
10511,109278671,468009,109746680,5,0,0,116736,10,6927373743
10512,109278970,15434,109294404,6,0,1,3072,8,3195188248
10513,109286960,466006,109752966,6,0,0,15872,8,9026897005
10514,109298460,26501,109324961,4,0,1,4096,5,9327699516
10515,109298590,26849,109325439,4,0,1,9216,5,5693177690
10516,109307270,697344,110004614,3,0,0,37376,0,8260588088
10517,109324080,37995,109362075,4,0,1,38912,5,5482918715
10518,109335370,56687,109392057,4,0,1,12288,5,642477633
10519,109335871,56201,109392072,3,0,1,3072,0,753862295
10520,109351440,59299,109410739,6,0,1,14848,8,4271625164
10521,109360290,1428385,110788675,6,0,0,47104,8,6432718773
10522,109371940,40105,109412045,8,0,1,2048,8,7267165437
10523,109372930,239541,109612471,4,0,0,512,5,6071738664
10524,109384610,983885,110368495,3,0,0,52736,0,5463872506
10525,109385671,1267148,110652819,5,0,0,35328,10,2899215848
10526,109388620,26651,109415271,1,0,1,5120,17,7960289224
10527,109419680,1029937,110449617,3,0,0,41472,0,843594319
10528,109425541,5326,109430867,3,0,1,5632,0,6477647661
10529,109426980,5193,109432173,8,0,1,2048,8,9458117928
10530,109429280,3239,109432519,8,0,1,512,8,6687359568
10531,109429419,1520962,110950381,7,0,0,87552,4,9945812262
10532,109433301,593489,110026790,5,0,0,49664,10,6335220200
10533,109440460,307655,109748115,6,0,0,4608,8,5571799286
10534,109441810,24641,109466451,8,0,1,5120,8,4971735425
10535,109465430,4162,109469592,0,0,1,11264,11,1846229129
10536,109471610,339776,109811386,4,0,0,2048,5,85830149
10537,109472810,15920,109488730,4,0,1,2560,5,7416388582
10538,109479829,738625,110218454,7,0,0,106496,4,4555452642
10539,109502680,2946,109505626,8,0,1,3072,8,5577836520
10540,109511710,1259557,110771267,3,0,0,30720,0,5893787465
10541,109518049,1105621,110623670,7,0,0,38912,4,5585145175
10542,109520411,1070260,110590671,5,0,0,110080,10,7189291173
10543,109521110,24285,109545395,6,0,1,1536,8,4144551553
10544,109534170,552582,110086752,0,0,0,140800,11,5399815542
10545,109539620,910168,110449788,3,0,0,512,0,2589067354
10546,109540540,396120,109936660,9,0,0,15360,3,2098671892
10547,109542670,278883,109821553,4,0,0,1536,5,303007959
10548,109552500,5326,109557826,8,0,1,5632,8,5276249744
10549,109553970,451127,110005097,2,0,0,1536,12,848741612
10550,109556261,1421747,110978008,5,0,0,90624,10,10667108710
10551,109557850,5802,109563652,8,0,1,6144,8,3283061139
10552,109573700,521382,110095082,3,0,0,11264,0,2873196748
10553,109581620,1060045,110641665,3,0,0,58880,0,4680964601
10554,109587300,3422,109590722,4,0,1,3584,5,2439354290
10555,109593529,577227,110170756,7,0,0,35328,4,8570947310
10556,109595331,590637,110185968,5,0,0,25600,10,5966108261
10557,109597799,630941,110228740,7,0,0,18944,4,236089369
10558,109599920,2470,109602390,8,0,1,2560,8,1235571760
10559,109606720,1154347,110761067,0,0,0,106496,11,514939701
10560,109613691,53495,109667186,3,0,1,90624,0,4262945443
10561,109632051,36211,109668262,3,0,1,13312,0,8411355616
10562,109649170,726204,110375374,0,0,0,22528,11,634132602
10563,109653290,1042589,110695879,6,0,0,61440,8,6021478639
10564,109655191,13327,109668518,3,0,1,9216,0,3337007293
10565,109656210,13486,109669696,8,0,1,13824,8,8403705943
10566,109657181,1266114,110923295,5,0,0,74752,10,6243032497
10567,109659000,13282,109672282,8,0,1,4096,8,4775247214
10568,109664750,313638,109978388,4,0,0,512,5,9905105052
10569,109676610,1518,109678128,4,0,1,1536,5,8057667745
10570,109702420,1069517,110771937,4,0,0,1536,5,8613234239
10571,109718540,793988,110512528,6,0,0,8192,8,9497286415
10572,109728870,46834,109775704,6,0,1,1024,8,7841839491
10573,109741400,236817,109978217,2,0,0,1536,12,5500067999
10574,109751141,47803,109798944,3,0,1,43008,0,8028694785
10575,109753020,645893,110398913,9,0,0,4096,3,9260007394
10576,109773320,318299,110091619,9,0,0,15872,3,1776937419
10577,109782440,593113,110375553,4,0,0,512,5,10562502131
10578,109784010,1264430,111048440,2,0,0,512,12,3409755649
10579,109792609,1341137,111133746,7,0,0,3072,4,8389835017
10580,109800000,1100488,110900488,6,0,0,91136,8,5378042274
10581,109805110,871995,110677105,3,0,0,51200,0,6725843759
10582,109818371,12049,109830420,3,0,1,19968,0,12982069
10583,109833100,1474652,111307752,6,0,0,220160,8,6962571996
10584,109837651,114245,109951896,3,0,1,188928,0,4905571749
10585,109840060,997373,110837433,9,0,0,70144,3,9480243053
10586,109913480,409912,110323392,2,0,0,512,12,5725788590
10587,109927090,28352,109955442,4,0,1,5632,5,3049795845
10588,109931280,1422570,111353850,3,0,0,26112,0,5047813868
10589,109945419,922667,110868086,7,0,0,13824,4,6085748459
10590,109949940,909044,110858984,3,0,0,70656,0,3293927162
10591,109951220,592482,110543702,0,0,0,30720,11,8358458973
10592,109952860,910991,110863851,0,0,0,15872,11,1722866774
10593,109957320,704132,110661452,3,0,0,6144,0,7812200726
10594,109962660,733570,110696230,4,0,0,1024,5,53316181
10595,109970920,640856,110611776,9,0,0,8704,3,1001530279
10596,109978500,1542643,111521143,0,0,0,37376,11,5170505496
10597,109981080,2470,109983550,4,0,1,2560,5,10334324695
10598,109983920,1518,109985438,4,0,1,1536,5,6422481903
10599,109988270,620839,110609109,0,0,0,60416,11,3294619592
10600,109989070,1568466,111557536,0,0,0,2560,11,3706089982
10601,109998360,925307,110923667,4,0,0,512,5,7320939230
10602,110003170,540711,110543881,4,0,0,512,5,5712946900
10603,110021580,8624,110030204,8,0,1,3584,8,6417043681
10604,110037370,1042,110038412,4,0,1,1024,5,409573921
10605,110044230,278818,110323048,4,0,0,2048,5,9420351248
10606,110049261,303151,110352412,5,0,0,9216,10,10427452197
10607,110054330,605212,110659542,6,0,0,22016,8,4205521081
10608,110055670,42342,110098012,1,0,1,3072,17,8687430617
10609,110084940,236916,110321856,4,0,0,512,5,6196244900
10610,110103060,1042,110104102,4,0,1,1024,5,6524906881
10611,110108950,1686352,111795302,3,0,0,17920,0,7402429443
10612,110109660,566,110110226,8,0,1,512,8,3420762383
10613,110110871,315979,110426850,5,0,0,30720,10,5606729883
10614,110118860,2470,110121330,6,0,1,2560,8,8538609618
10615,110121510,520522,110642032,2,0,0,1024,12,6353491510
10616,110123280,221958,110345238,4,0,0,512,5,6693737392
10617,110126030,1022915,111148945,9,0,0,29696,3,7811279451
10618,110133311,879616,111012927,5,0,0,35840,10,10106195322
10619,110134110,2946,110137056,4,0,1,3072,5,6400514371
10620,110143811,1168800,111312611,5,0,0,15872,10,2868542557
10621,110151090,7230,110158320,8,0,1,7680,8,19417672
10622,110152390,18381,110170771,4,0,1,3072,5,9656422114
10623,110153630,608262,110761892,2,0,0,2048,12,8845612829
10624,110169400,3357,110172757,8,0,1,2048,8,2798305615
10625,110173200,12783,110185983,8,0,1,7168,8,4050713568
10626,110180429,353890,110534319,7,0,0,8704,4,7599763638
10627,110207620,13839,110221459,8,0,1,3072,8,10265558355
10628,110208870,261782,110470652,4,0,0,512,5,9308470221
10629,110214000,1778985,111992985,0,0,0,47616,11,2240215535
10630,110216590,12165,110228755,4,0,1,5632,5,7301992280
10631,110233010,5802,110238812,4,0,1,6144,5,7239004225
10632,110238090,918824,111156914,9,0,0,2560,3,4449007467
10633,110261510,499728,110761238,4,0,0,512,5,9557962977
10634,110262000,1769658,112031658,3,0,0,2048,0,7095389184
10635,110276290,498018,110774308,6,0,0,7680,8,8754841270
10636,110280550,428739,110709289,4,0,0,2048,5,2630607816
10637,110285860,586821,110872681,3,0,0,14848,0,5921598539
10638,110298980,3422,110302402,0,0,1,3584,11,10496422937
10639,110304829,1518,110306347,2,0,1,1536,12,4482662109
10640,110322179,493859,110816038,7,0,0,83456,4,3045955219
10641,110326980,444458,110771438,4,0,0,512,5,8095913912
10642,110332109,704585,111036694,7,0,0,77824,4,10495946455
10643,110332840,14287,110347127,6,0,1,27648,8,7700760715
10644,110358020,699882,111057902,6,0,0,19456,8,1532465651
10645,110387880,535601,110923481,2,0,0,512,12,7312083440
10646,110398531,1020346,111418877,5,0,0,47104,10,4286753067
10647,110407920,1518,110409438,4,0,1,1536,5,2078004750
10648,110421670,566368,110988038,6,0,0,32768,8,3900400792
10649,110425040,726386,111151426,3,0,0,5120,0,1257038635
10650,110428690,6754,110435444,0,0,1,7168,11,2198508060
10651,110447639,604296,111051935,7,0,0,11264,4,2342892562
10652,110466919,1042,110467961,2,0,1,1024,12,5615933779
10653,110469360,1042,110470402,4,0,1,1024,5,7217392450
10654,110471990,845066,111317056,9,0,0,8192,3,2027963700
10655,110482460,1042,110483502,7,0,1,1024,4,7224032955
10656,110496390,5326,110501716,4,0,1,5632,5,6757687520
10657,110504569,497399,111001968,7,0,0,43008,4,1159057034
10658,110506310,630671,111136981,4,0,0,512,5,2924356425
10659,110506810,558337,111065147,3,0,0,23552,0,6620061908
10660,110521100,579137,111100237,0,0,0,57344,11,5743399552
10661,110542350,12272,110554622,0,0,1,17408,11,4078385483
10662,110542710,47976,110590686,0,0,1,4096,11,2135066163
10663,110546260,1056363,111602623,0,0,0,28160,11,4194183484
10664,110551690,437159,110988849,6,0,0,2560,8,8498092180
10665,110555399,56392,110611791,2,0,1,3584,12,1104048931
10666,110556930,491331,111048261,6,0,0,37888,8,11171798
10667,110561890,1095924,111657814,3,0,0,25600,0,10651500098
10668,110572610,983960,111556570,6,0,0,29696,8,8400141052
10669,110574769,84796,110659565,2,0,1,7168,12,1315195393
10670,110591180,70287,110661467,7,0,1,9216,4,1732369655
10671,110594959,66523,110661482,2,0,1,2560,12,6152712735
10672,110603519,611555,111215074,7,0,0,8704,4,8253289811
10673,110621059,783435,111404494,7,0,0,41984,4,1944495115
10674,110629570,47574,110677144,4,0,1,5120,5,7582208693
10675,110636920,435620,111072540,3,0,0,24064,0,2453599420
10676,110654069,42176,110696245,2,0,1,5632,12,8366144458
10677,110660470,41195,110701665,4,0,1,6144,5,6231210010
10678,110662209,42682,110704891,2,0,1,5120,12,780489592
10679,110676980,855606,111532586,9,0,0,37376,3,9732180835
10680,110702350,738096,111440446,0,0,0,35328,11,7842479190
10681,110709570,1054120,111763690,9,0,0,61952,3,853884898
10682,110714030,6754,110720784,4,0,1,7168,5,8296572418
10683,110716280,1404892,112121172,6,0,0,52736,8,4911582921
10684,110727119,348727,111075846,7,0,0,10752,4,4693170323
10685,110727430,33823,110761253,4,0,1,6144,5,1133531884
10686,110753940,802801,111556741,4,0,0,512,5,8918234164
10687,110754070,480596,111234666,6,0,0,3072,8,4772433029
10688,110760620,1029199,111789819,4,0,0,1536,5,23407671
10689,110762299,747441,111509740,7,0,0,139264,4,3249442987
10690,110780180,1408102,112188282,6,0,0,9728,8,8482101516
10691,110793010,1050199,111843209,3,0,0,157184,0,9116552784
10692,110801610,2029577,112831187,3,0,0,15872,0,9364504952
10693,110822380,1057182,111879562,0,0,0,26624,11,9475942452
10694,110826639,96671,110923310,2,0,1,7168,12,945937989
10695,110833680,89816,110923496,4,0,1,1536,5,6558969038
10696,110841150,1003079,111844229,2,0,0,512,12,2138952316
10697,110847021,782503,111629524,5,0,0,20992,10,395133705
10698,110851530,72152,110923682,4,0,1,11776,5,10518337596
10699,110857450,931067,111788517,9,0,0,81408,3,4446867284
10700,110861050,568094,111429144,0,0,0,17920,11,8548377236
10701,110863280,114751,110978031,7,0,1,512,4,8080641453
10702,110863701,1072531,111936232,5,0,0,23552,10,12058948
10703,110869300,841017,111710317,0,0,0,27648,11,7481740422
10704,110877821,570128,111447949,5,0,0,24576,10,10298371397
10705,110893469,1084929,111978398,7,0,0,130048,4,4311691381
10706,110921470,526658,111448128,6,0,0,512,8,1949925032
10707,110923089,1388233,112311322,7,0,0,27648,4,5421473033
10708,110929860,2060752,112990612,0,0,0,47616,11,10149815891
10709,110938630,1120374,112059004,3,0,0,59904,0,9773655751
10710,110942710,705158,111647868,3,0,0,36352,0,3003837208
10711,110949010,108907,111057917,7,0,1,18944,4,5755740780
10712,110955900,102056,111057956,7,0,1,2560,4,6235007008
10713,110957630,107532,111065162,1,0,1,512,17,5751913026
10714,110963360,393739,111357099,9,0,0,3584,3,4545486754
10715,110966310,249247,111215557,6,0,0,1536,8,5539029970
10716,110973610,91567,111065177,7,0,1,512,4,6972589468
10717,111004860,67695,111072555,0,0,1,4608,11,7030068235
10718,111007730,68131,111075861,4,0,1,3584,5,10138890184
10719,111020320,55556,111075876,4,0,1,3072,5,5199524541
10720,111023780,2136200,113159980,3,0,0,21504,0,6388555846
10721,111031130,44761,111075891,7,0,1,4096,4,5501404
10722,111038650,1998079,113036729,9,0,0,5120,3,7750112365
10723,111042811,569811,111612622,5,0,0,32768,10,5832315814
10724,111051881,838811,111890692,5,0,0,36352,10,5992782141
10725,111071710,7595,111079305,7,0,1,3584,4,6516680384
10726,111078780,1121107,112199887,4,0,0,1024,5,5125196106
10727,111101970,12049,111114019,1,0,1,19968,17,7610542395
10728,111104320,12285,111116605,1,0,1,4096,17,431886718
10729,111105340,452523,111557863,4,0,0,1024,5,9216564897
10730,111108690,1672257,112780947,9,0,0,158720,3,6142035249
10731,111125410,3898,111129308,4,0,1,4096,5,7252266361
10732,111130471,484506,111614977,5,0,0,7680,10,602944034
10733,111139790,206089,111345879,2,0,0,2048,12,7225899938
10734,111142759,2890390,114033149,7,0,0,58880,4,3540381186
10735,111150881,3924,111154805,3,0,1,9728,0,6272073386
10736,111153290,744017,111897307,0,0,0,21504,11,2207238384
10737,111169619,1373867,112543486,7,0,0,13824,4,5225567515
10738,111187740,655656,111843396,2,0,0,512,12,8090055065
10739,111202660,566,111203226,6,0,1,512,8,8711002650
10740,111206280,3387,111209667,6,0,1,9728,8,4477984195
10741,111215770,628288,111844058,6,0,0,2048,8,3225175959
10742,111217360,2946,111220306,7,0,1,3072,4,5098675243
10743,111217770,702514,111920284,0,0,0,61952,11,634362737
10744,111227280,153285,111380565,6,0,0,2048,8,8032169164
10745,111241360,75805,111317165,6,0,1,11776,8,7986005976
10746,111276030,44201,111320231,1,0,1,4096,17,9929891079
10747,111277150,44707,111321857,4,0,1,2560,5,9767843714
10748,111281090,563326,111844416,4,0,0,512,5,3204089085
10749,111299169,1421992,112721161,7,0,0,70656,4,5130014024
10750,111305819,1726800,113032619,7,0,0,15360,4,951384840
10751,111307360,251201,111558561,2,0,0,1024,12,9090445240
10752,111307610,1618850,112926460,3,0,0,67584,0,8424612566
10753,111317480,5043,111322523,6,0,1,1024,8,4909321793
10754,111320881,579717,111900598,5,0,0,10752,10,4205568913
10755,111325770,3422,111329192,6,0,1,3584,8,5393641360
10756,111341460,12405,111353865,7,0,1,5120,4,4732346711
10757,111350360,7871,111358231,1,0,1,4608,17,335507116
10758,111355279,1467586,112822865,7,0,0,69632,4,7424023844
10759,111363210,1042,111364252,7,0,1,1024,4,9515566376
10760,111363480,1278458,112641938,6,0,0,512,8,2127500578
10761,111369070,643431,112012501,3,0,0,6656,0,8165317171
10762,111369451,2167258,113536709,5,0,0,130560,10,1666290280
10763,111370300,419012,111789312,6,0,0,2560,8,6301879963
10764,111373630,1518,111375148,1,0,1,1536,17,7523213066
10765,111374360,3898,111378258,1,0,1,4096,17,321026571
10766,111377690,41202,111418892,6,0,1,32768,8,465626901
10767,111383130,35777,111418907,6,0,1,2560,8,10521679252
10768,111387390,31532,111418922,1,0,1,11776,17,7600919234
10769,111389950,2801498,114191448,1,0,0,39936,17,2589174345
10770,111391570,954971,112346541,9,0,0,30720,3,78333132
10771,111404420,15578,111419998,6,0,1,1024,8,5626233088
10772,111405690,23469,111429159,7,0,1,12800,4,5406949364
10773,111413860,254804,111668664,4,0,0,512,5,516928731
10774,111421370,677201,112098571,6,0,0,28672,8,10284195588
10775,111431619,1189723,112621342,7,0,0,108032,4,4639184395
10776,111434020,16094,111450114,1,0,1,2048,17,9330256732
10777,111476040,59501,111535541,6,0,1,3072,8,1304634724
10778,111480270,622099,112102369,4,0,0,1024,5,4233599394
10779,111481040,1251524,112732564,3,0,0,37376,0,5154116184
10780,111482250,1018696,112500946,6,0,0,64512,8,7413279608
10781,111484090,51797,111535887,7,0,1,512,4,5213181961
10782,111495960,588834,112084794,6,0,0,16896,8,2416915900
10783,111499940,39813,111539753,0,0,1,6144,11,4724405564
10784,111523420,18279,111541699,0,0,1,3072,11,3614884933
10785,111530780,1908668,113439448,3,0,0,32768,0,10535430079
10786,111541230,2364334,113905564,4,0,0,1024,5,6324819544
10787,111541290,739669,112280959,0,0,0,12288,11,7918015888
10788,111541940,4679,111546619,1,0,1,12288,17,7766236878
10789,111555430,922368,112477798,3,0,0,64000,0,10587008117
10790,111563650,1297511,112861161,0,0,0,37888,11,2259919145
10791,111568300,2470,111570770,1,0,1,2560,17,2524142989
10792,111568851,369892,111938743,5,0,0,8192,10,2660523171
10793,111570270,826291,112396561,9,0,0,57856,3,8730488964
10794,111571190,861119,112432309,1,0,0,49664,17,8280963585
10795,111581060,520966,112102026,1,0,0,11264,17,9522898932
10796,111581509,1439030,113020539,7,0,0,68608,4,453681741
10797,111586610,3898,111590508,9,0,1,4096,3,7819286128
10798,111587270,596620,112183890,3,0,0,7168,0,9766102211
10799,111591520,931704,112523224,9,0,0,15360,3,6920142442
10800,111606281,849511,112455792,5,0,0,24064,10,2000392627
10801,111612350,2260549,113872899,0,0,0,117248,11,9944933044
10802,111620620,8919,111629539,4,0,1,9728,5,2396495647
10803,111625270,5345,111630615,6,0,1,1024,8,3709725337
10804,111627210,4711,111631921,1,0,1,2048,17,1940051471
10805,111628540,1543631,113172171,0,0,0,39936,11,3678529341
10806,111634610,13273,111647883,7,0,1,14336,4,133497323
10807,111644360,5050,111649410,7,0,1,1536,4,1409048841
10808,111645870,13764,111659634,4,0,1,18432,5,3367095350
10809,111658040,2260,111660300,4,0,1,1024,5,1883870613
10810,111664931,2381376,114046307,5,0,0,16384,10,2687064124
10811,111666289,1013505,112679794,7,0,0,45568,4,3778520791
10812,111676290,1518,111677808,6,0,1,1536,8,10270328515
10813,111676430,2684,111679114,0,0,1,2048,11,7632549982
10814,111680130,1390575,113070705,3,0,0,15360,0,369450552
10815,111682850,1042,111683892,4,0,1,1024,5,4491291679
10816,111694011,30749,111724760,3,0,1,49664,0,10452437745
10817,111704380,1675260,113379640,0,0,0,101376,11,6339203769
10818,111707170,19856,111727026,4,0,1,3584,5,6209737852
10819,111717100,10592,111727692,6,0,1,1024,8,2553978337
10820,111731879,1154819,112886698,7,0,0,70656,4,2814486893
10821,111742579,2522082,114264661,7,0,0,512,4,8291499841
10822,111744020,897739,112641759,4,0,0,1024,5,7677812217
10823,111748750,94669,111843419,4,0,1,5120,5,6469430536
10824,111768530,2549788,114318318,3,0,0,31744,0,6618666021
10825,111773321,2614855,114388176,5,0,0,17920,10,6036428891
10826,111775940,869913,112645853,1,0,0,12800,17,2342017778
10827,111779589,2753720,114533309,7,0,0,100864,4,1919652617
10828,111779761,1152346,112932107,5,0,0,18432,10,5976285141
10829,111788560,57383,111845943,6,0,1,1536,8,9761215143
10830,111808040,1413037,113221077,6,0,0,32768,8,2393586452
10831,111808830,41865,111850695,1,0,1,6144,17,1393352576
10832,111816280,1775166,113591446,2,0,0,512,12,3712299029
10833,111822630,28526,111851156,6,0,1,10240,8,2191091913
10834,111853970,947656,112801626,9,0,0,67584,3,3351797192
10835,111854770,2477749,114332519,9,0,0,2560,3,4709185873
10836,111862689,3898,111866587,2,0,1,4096,12,6394222681
10837,111868120,11465,111879585,4,0,1,12800,5,10218418174
10838,111869580,31033,111900613,7,0,1,512,4,7109441544
10839,111873630,27006,111900636,7,0,1,1536,4,4672406536
10840,111875669,24982,111900651,2,0,1,2048,12,5090288615
10841,111878520,2701427,114579947,9,0,0,15872,3,1860094803
10842,111880960,39347,111920307,0,0,1,6656,11,5179985776
10843,111881040,1154098,113035138,6,0,0,8192,8,10537492822
10844,111897090,27057,111924147,7,0,1,10752,4,8094485794
10845,111909431,501944,112411375,5,0,0,5120,10,9027017177
10846,111923050,3497,111926547,1,0,1,3072,17,10391512686
10847,111924439,716993,112641432,7,0,0,40960,4,9794022298
10848,111933020,60052,111993072,1,0,1,12800,17,1905181234
10849,111933140,59947,111993087,7,0,1,2560,4,3629757304
10850,111940930,686370,112627300,9,0,0,19456,3,1357536942
10851,111945540,744070,112689610,1,0,0,6656,17,216102152
10852,111948400,2857155,114805555,9,0,0,67072,3,5724663116
10853,111950870,43742,111994612,4,0,1,1536,5,5197190547
10854,111951830,695060,112646890,2,0,0,1024,12,3784389168
10855,111952140,998157,112950297,2,0,0,512,12,10683906382
10856,111957661,523614,112481275,5,0,0,11264,10,189453292
10857,111957940,689129,112647069,4,0,0,512,5,1151829976
10858,111958590,884538,112843128,2,0,0,1024,12,1335275365
10859,111958609,36669,111995278,2,0,1,1024,12,9034157126
10860,111966110,680437,112646547,2,0,0,1024,12,10691216018
10861,111970770,24854,111995624,1,0,1,512,17,5532766105
10862,111982480,416739,112399219,2,0,0,512,12,3877800187
10863,111983240,644395,112627635,4,0,0,1024,5,8914818507
10864,111984940,12901,111997841,4,0,1,10240,5,6771823925
10865,111991780,850974,112842754,9,0,0,37888,3,9204526314
10866,111992120,6067,111998187,7,0,1,512,4,8685243446
10867,111992850,653362,112646212,4,0,0,1024,5,7281515952
10868,111996540,631274,112627814,2,0,0,512,12,3775323321
10869,112000160,1042,112001202,1,0,1,1024,17,1872822377
10870,112007339,1994,112009333,2,0,1,2048,12,6999818714
10871,112009659,2857,112012516,2,0,1,2560,12,6175958338
10872,112025749,566,112026315,2,0,1,512,12,4908219953
10873,112029131,599806,112628937,5,0,0,3584,10,9704157360
10874,112042100,891302,112933402,3,0,0,4096,0,2028291433
10875,112043930,2518113,114562043,3,0,0,64000,0,1827716327
10876,112046140,1084032,113130172,9,0,0,19456,3,7153423187
10877,112046420,1282551,113328971,6,0,0,24576,8,5082250304
10878,112048119,846094,112894213,7,0,0,10752,4,5497586804
10879,112052361,1055553,113107914,5,0,0,24064,10,5766139334
10880,112053720,2638726,114692446,0,0,0,63488,11,9409245986
10881,112064310,1042,112065352,4,0,1,1024,5,10664018331
10882,112065011,1009461,113074472,5,0,0,12288,10,9394674971
10883,112067569,2946,112070515,2,0,1,3072,12,3162814399
10884,112070820,1994,112072814,0,0,1,2048,11,7260174964
10885,112071320,5975,112077295,0,0,1,6144,11,1456789780
10886,112074780,10029,112084809,1,0,1,6656,17,811725302
10887,112076520,1045465,113121985,6,0,0,46080,8,2661082764
10888,112091090,30113,112121203,0,0,1,5120,11,2908709054
10889,112096920,24306,112121226,4,0,1,1024,5,609839704
10890,112097600,23649,112121249,1,0,1,4096,17,5269508198
10891,112104110,722226,112826336,4,0,0,11264,5,5816911585
10892,112106540,16258,112122798,1,0,1,1536,17,7720866458
10893,112107520,2848367,114955887,3,0,0,141312,0,1948990069
10894,112110070,14034,112124104,7,0,1,2048,4,7756061958
10895,112111290,13480,112124770,4,0,1,1024,5,2843526595
10896,112126310,4162,112130472,0,0,1,11264,11,8248927919
10897,112131130,3898,112135028,6,0,1,4096,8,932697441
10898,112135399,1317819,113453218,7,0,0,2560,4,6504236644
10899,112137570,566,112138136,1,0,1,512,17,8761046558
10900,112141620,1305869,113447489,0,0,0,4096,11,9803862601
10901,112154320,566,112154886,1,0,1,512,17,7793775741
10902,112156240,566,112156806,4,0,1,512,5,7862367865
10903,112156730,2470,112159200,0,0,1,2560,11,4953932172
10904,112156940,1154720,113311660,4,0,0,13824,5,6491407365
10905,112158100,869497,113027597,1,0,0,22016,17,381999033
10906,112161290,3898,112165188,4,0,1,4096,5,6832408568
10907,112164210,3422,112167632,0,0,1,3584,11,9886906357
10908,112168589,3128,112171717,2,0,1,9216,12,2427687336
10909,112173840,2924522,115098362,9,0,0,54272,3,4667162851
10910,112177999,1042,112179041,2,0,1,1024,12,1949268393
10911,112180180,4420,112184600,4,0,1,11776,5,9422438952
10912,112180271,1462094,113642365,5,0,0,42496,10,6579480929
10913,112184739,993922,113178661,7,0,0,1536,4,5721056393
10914,112185820,2386554,114572374,1,0,0,8192,17,7116697107
10915,112186529,7589,112194118,2,0,1,6144,12,3325334740
10916,112187749,10555,112198304,2,0,1,6656,12,2095994126
10917,112190080,1043492,113233572,1,0,0,40960,17,9782153661
10918,112192561,3146330,115338891,5,0,0,11776,10,7225237053
10919,112197220,1084560,113281780,4,0,0,5632,5,3842287473
10920,112198090,2993825,115191915,2,0,0,1024,12,2054648923
10921,112198590,1099099,113297689,4,0,0,39936,5,3553224584
10922,112203960,1994,112205954,7,0,1,2048,4,6489374887
10923,112204600,1056740,113261340,1,0,0,12288,17,149107649
10924,112206550,814316,113020866,2,0,0,1024,12,9568204029
10925,112231370,731813,112963183,3,0,0,4096,0,842633375
10926,112238860,789064,113027924,0,0,0,1024,11,3026280005
10927,112239610,1184613,113424223,9,0,0,25600,3,4911289477
10928,112246661,1748635,113995296,5,0,0,53760,10,3656769634
10929,112259591,1295735,113555326,5,0,0,27648,10,3797220700
10930,112264180,2470,112266650,0,0,1,2560,11,7956025805
10931,112284600,4374,112288974,6,0,1,4608,8,5484561726
10932,112288591,1108287,113396878,5,0,0,55296,10,1940364379
10933,112289430,762739,113052169,6,0,0,7680,8,5264425620
10934,112292090,3353155,115645245,6,0,0,71168,8,3618877455
10935,112307520,1138570,113446090,4,0,0,15872,5,7872796472
10936,112309840,7987,112317827,6,0,1,15872,8,954927455
10937,112316990,3823784,116140774,4,0,0,33280,5,6505461259
10938,112317330,3898,112321228,0,0,1,4096,11,6503257841
10939,112324599,828151,113152750,7,0,0,2560,4,7110882585
10940,112324780,1133124,113457904,2,0,0,2560,12,8860626193
10941,112325469,4374,112329843,2,0,1,4608,12,4998216448
10942,112329780,3441021,115770801,3,0,0,70144,0,10111904854
10943,112332780,3576703,115909483,9,0,0,109568,3,2769451066
10944,112332880,1994,112334874,6,0,1,2048,8,1394099842
10945,112335730,1008411,113344141,6,0,0,21504,8,4413178815
10946,112340930,8616,112349546,7,0,1,3072,4,10036770089
10947,112342030,3711789,116053819,4,0,0,107008,5,10217270327
10948,112342690,9122,112351812,0,0,1,3584,11,7169220316
10949,112343540,1000952,113344492,0,0,0,1024,11,8675081914
10950,112365300,1994,112367294,6,0,1,2048,8,10032240859
10951,112366130,2299367,114665497,3,0,0,58368,0,1494354267
10952,112369210,4374,112373584,4,0,1,4608,5,10626662632
10953,112377440,19136,112396576,1,0,1,1536,17,9942746248
10954,112381310,2403693,114785003,6,0,0,52224,8,8065421172
10955,112383860,1207088,113590948,9,0,0,58880,3,2925944220
10956,112385450,14657,112400107,1,0,1,3584,17,915400730
10957,112391099,12649,112403748,2,0,1,14848,12,9679700989
10958,112392970,785152,113178122,0,0,0,19456,11,9470398636
10959,112395539,19845,112415384,2,0,1,22016,12,9482088576
10960,112397630,18100,112415730,0,0,1,512,11,965621909
10961,112417000,1142309,113559309,3,0,0,6656,0,2480050107
10962,112428710,998360,113427070,9,0,0,9216,3,6167076033
10963,112435150,1579513,114014663,9,0,0,63488,3,3924593508
10964,112441720,1975791,114417511,1,0,0,8192,17,240451355
10965,112448970,28843,112477813,6,0,1,9728,8,10007373235
10966,112450140,27688,112477828,7,0,1,4608,4,9308870141
10967,112452980,1460111,113913091,1,0,0,24576,17,2677693730
10968,112454010,2088518,114542528,9,0,0,30208,3,7210100391
10969,112471090,35792,112506882,0,0,1,6144,11,903624326
10970,112475000,2165804,114640804,3,0,0,79360,0,4029580685
10971,112479701,1425536,113905237,5,0,0,75776,10,1686948446
10972,112484750,3754154,116238904,3,0,0,87040,0,186151667
10973,112490800,846766,113337566,6,0,0,28160,8,7688492306
10974,112494191,1756321,114250512,5,0,0,114176,10,6120451744
10975,112499210,10578,112509788,6,0,1,4608,8,4526606442
10976,112505350,5744,112511094,1,0,1,2048,17,2516192213
10977,112518230,911211,113429441,3,0,0,7680,0,9764769277
10978,112534000,566,112534566,0,0,1,512,11,1120766326
10979,112538190,1084276,113622466,0,0,0,16384,11,10420520304
10980,112540570,3967,112544537,1,0,1,1024,17,2950883440
10981,112541110,1841247,114382357,1,0,0,19968,17,7368890155
10982,112544620,11016,112555636,6,0,1,17920,8,7474537453
10983,112559780,3890628,116450408,4,0,0,73728,5,8440765153
10984,112561100,3766168,116327268,1,0,0,512,17,5119736144
10985,112566250,1042,112567292,0,0,1,1024,11,6431090363
10986,112568040,1199020,113767060,1,0,0,95232,17,8337760407
10987,112577130,4078832,116655962,4,0,0,107008,5,6810295726
10988,112585550,35807,112621357,6,0,1,3072,8,8970820619
10989,112592729,1738075,114330804,7,0,0,1024,4,790418015
10990,112594119,1825972,114420091,7,0,0,1536,4,6614550310
10991,112596680,4200663,116797343,3,0,0,12800,0,8951641935
10992,112604100,42992,112647092,0,0,1,512,11,5099626045
10993,112609440,39403,112648843,6,0,1,2048,8,217930252
10994,112623869,1293659,113917528,7,0,0,2048,4,8174936339
10995,112624390,922497,113546887,3,0,0,15360,0,2741569970
10996,112625060,917124,113542184,3,0,0,17920,0,4726519586
10997,112633820,21367,112655187,7,0,1,8192,4,9643999780
10998,112638620,17873,112656493,1,0,1,2048,17,4363432810
10999,112638710,21009,112659719,6,0,1,5120,8,1073635405
11000,112649180,10898,112660078,1,0,1,9728,17,3833672196
11001,112663520,1218598,113882118,6,0,0,30208,8,8781445516
11002,112669211,1805431,114474642,5,0,0,73728,10,5820466237
11003,112674420,2179932,114854352,0,0,0,20992,11,9696793950
11004,112676840,388193,113065033,6,0,0,5120,8,3336197603
11005,112685371,2067594,114752965,5,0,0,41472,10,7584151665
11006,112689790,1042,112690832,6,0,1,1024,8,6260621897
11007,112713020,537953,113250973,2,0,0,2560,12,6911000725
11008,112715860,2248474,114964334,9,0,0,27648,3,6220784254
11009,112726810,115967,112842777,6,0,1,512,8,5758615599
11010,112730790,4158756,116889546,4,0,0,90624,5,5898504381
11011,112731380,1038699,113770079,1,0,0,9728,17,9958617195
11012,112735280,1433788,114169068,4,0,0,8192,5,1364230853
11013,112745550,1078822,113824372,1,0,0,10240,17,9390751864
11014,112748150,2793298,115541448,9,0,0,3072,3,4784581912
11015,112757031,1030707,113787738,5,0,0,10240,10,1138308540
11016,112760901,1886626,114647527,5,0,0,22016,10,8053096363
11017,112775050,2469561,115244611,1,0,0,6656,17,437673775
11018,112783200,1833409,114616609,3,0,0,105984,0,4200867305
11019,112789499,946456,113735955,7,0,0,512,4,1593269824
11020,112804870,1951877,114756747,1,0,0,11264,17,3247978901
11021,112822350,4144646,116966996,9,0,0,6144,3,6039490125
11022,112826671,2189032,115015703,5,0,0,52736,10,7492251649
11023,112833560,13901,112847461,6,0,1,4608,8,1175402486
11024,112835810,1985524,114821334,3,0,0,51712,0,9212257185
11025,112843069,983865,113826934,7,0,0,1024,4,6064019503
11026,112846760,533239,113379999,2,0,0,1024,12,2871158018
11027,112853350,8436,112861786,7,0,1,512,4,4829086037
11028,112853910,1256136,114110046,3,0,0,15872,0,3093935474
11029,112856660,812234,113668894,2,0,0,1024,12,8231420951
11030,112858901,1904536,114763437,5,0,0,20480,10,8705822730
11031,112861370,25351,112886721,6,0,1,19456,8,5236668428
11032,112871590,428166,113299756,2,0,0,512,12,1668076071
11033,112876140,1693142,114569282,9,0,0,23552,3,505046649
11034,112890549,1192716,114083265,7,0,0,512,4,8572530352
11035,112890941,2236039,115126980,5,0,0,27648,10,3442102483
11036,112901140,1242416,114143556,9,0,0,5120,3,5193966537
11037,112908230,1798287,114706517,4,0,0,46080,5,6843570497
11038,112908961,1363468,114272429,5,0,0,3072,10,3242992971
11039,112910820,35366,112946186,7,0,1,21504,4,205222582
11040,112912620,2161624,115074244,2,0,0,512,12,2453974151
11041,112913740,1127552,114041292,3,0,0,26624,0,5048870821
11042,112921640,25212,112946852,6,0,1,1024,8,3523863949
11043,112936660,1832408,114769068,1,0,0,18432,17,276368975
11044,112942940,4783,112947723,6,0,1,12288,8,1693275099
11045,112945860,4452,112950312,7,0,1,3584,4,227801799
11046,112950880,5802,112956682,6,0,1,6144,8,8411508178
11047,112951880,2300362,115252242,9,0,0,4096,3,1249512398
11048,112956130,1218,112957348,6,0,1,1024,8,7768437180
11049,112973191,2287053,115260244,5,0,0,8192,10,7368623781
11050,112974490,2405941,115380431,6,0,0,75264,8,2611273898
11051,112982039,483233,113465272,7,0,0,1536,4,3026612995
11052,112986060,2053854,115039914,0,0,0,79360,11,2682597753
11053,112986520,9477,112995997,6,0,1,5632,8,5253729828
11054,112990020,2516877,115506897,4,0,0,9216,5,10091366575
11055,113010030,2172939,115182969,0,0,0,30208,11,8201023826
11056,113015330,2666437,115681767,3,0,0,57344,0,3333185431
11057,113017520,24995,113042515,6,0,1,6144,8,4633446045
11058,113023660,21441,113045101,1,0,1,4096,17,3684025192
11059,113032780,365517,113398297,6,0,0,4608,8,5389170737
11060,113041720,4687,113046407,6,0,1,2048,8,2246835303
11061,113045370,447892,113493262,4,0,0,1536,5,4094418964
11062,113053991,2486506,115540497,5,0,0,12288,10,4013388236
11063,113064700,2109042,115173742,4,0,0,83968,5,21726685
11064,113068139,543919,113612058,7,0,0,512,4,10728748488
11065,113069900,2287576,115357476,6,0,0,9216,8,4653184891
11066,113071940,4067,113076007,1,0,1,1536,17,462434274
11067,113087720,3128,113090848,1,0,1,9216,17,1761047097
11068,113089159,1162327,114251486,7,0,0,1024,4,6498537680
11069,113096249,495026,113591275,7,0,0,1024,4,10658749183
11070,113101319,1651981,114753300,7,0,0,1024,4,9912900287
11071,113101540,2090032,115191572,1,0,0,28160,17,4201931235
11072,113106471,2725667,115832138,5,0,0,79872,10,4372243591
11073,113106730,23457,113130187,6,0,1,3072,8,7566208394
11074,113118740,11462,113130202,1,0,1,3584,17,7783331384
11075,113134299,880863,114015162,7,0,0,1536,4,8399055889
11076,113153810,31025,113184835,1,0,1,7168,17,5931561507
11077,113154550,32551,113187101,6,0,1,3584,8,7900760522
11078,113160241,2399942,115560183,5,0,0,61440,10,7290356544
11079,113161170,2842737,116003907,0,0,0,53248,11,6833629626
11080,113168740,3014885,116183625,0,0,0,112640,11,3563395924
11081,113172300,2537718,115710018,9,0,0,92672,3,5948839377
11082,113173480,2084237,115257717,1,0,0,17920,17,1165614083
11083,113178750,10617,113189367,1,0,1,3584,17,10167189382
11084,113180640,1070519,114251159,6,0,0,2048,8,8670893262
11085,113188990,1236834,114425824,3,0,0,12288,0,9473204481
11086,113191990,1945457,115137447,9,0,0,34304,3,9328115805
11087,113194391,2009332,115203723,5,0,0,5632,10,7646897072
11088,113217730,2431617,115649347,4,0,0,12800,5,1743413949
11089,113233899,2515499,115749398,7,0,0,512,4,482012124
11090,113253070,2079983,115333053,6,0,0,40448,8,9936943193
11091,113253210,1011280,114264490,0,0,0,8192,11,7243978741
11092,113265370,1053899,114319269,6,0,0,3072,8,2117194233
11093,113287710,3813224,117100934,4,0,0,96768,5,4300266802
11094,113304830,2090279,115395109,4,0,0,25600,5,9818686486
11095,113307541,2229173,115536714,5,0,0,97280,10,10411312623
11096,113317680,941681,114259361,2,0,0,512,12,4397587533
11097,113320730,3191468,116512198,3,0,0,19968,0,4999581940
11098,113324830,19886,113344716,1,0,1,512,17,4567397915
11099,113331900,13162,113345062,1,0,1,512,17,10381543354
11100,113334170,11980,113346150,1,0,1,1536,17,1121902092
11101,113341790,2730991,116072781,0,0,0,56320,11,9576921082
11102,113354750,1628935,114983685,1,0,0,43008,17,3016524208
11103,113356400,41928,113398328,1,0,1,26624,17,4108597717
11104,113359661,1690300,115049961,5,0,0,20480,10,647973144
11105,113373180,25163,113398343,1,0,1,11776,17,10186620545
11106,113382610,2233472,115616082,3,0,0,7680,0,6770405204
11107,113387420,3840228,117227648,9,0,0,88064,3,6991556187
11108,113397400,1997,113399397,6,0,1,1024,8,4048934008
11109,113403400,2260872,115664272,0,0,0,47104,11,2036820311
11110,113417360,1322954,114740314,1,0,0,72704,17,8970141129
11111,113417501,3870333,117287834,5,0,0,42496,10,1291516723
11112,113418600,2636974,116055574,3,0,0,5632,0,3197985988
11113,113420879,630584,114051463,7,0,0,1024,4,10295390748
11114,113420980,713281,114134261,2,0,0,512,12,2450154324
11115,113425281,2836098,116261379,5,0,0,13824,10,187150091
11116,113444460,2410884,115855344,6,0,0,61952,8,1893382774
11117,113446889,1517796,114964685,7,0,0,1024,4,3746740741
11118,113494660,2892497,116387157,2,0,0,2048,12,5778697476
11119,113495691,2380337,115876028,5,0,0,40960,10,3621147937
11120,113515801,2455056,115970857,5,0,0,4608,10,4747724275
11121,113547790,8587,113556377,8,0,1,1024,8,6314869626
11122,113550230,1744291,115294521,0,0,0,44544,11,9730568405
11123,113557790,3029844,116587634,9,0,0,38400,3,7584583290
11124,113560071,1746477,115306548,5,0,0,23552,10,10553664326
11125,113564490,566,113565056,1,0,1,512,17,8800358625
11126,113589460,7304,113596764,6,0,1,5632,8,797585146
11127,113602490,591009,114193499,0,0,0,6656,11,10542264070
11128,113621180,313547,113934727,2,0,0,512,12,1524541850
11129,113623780,1518,113625298,6,0,1,1536,8,2844086731
11130,113627661,1045402,114673063,5,0,0,24576,10,6353809441
11131,113632950,3072503,116705453,6,0,0,53248,8,5459251378
11132,113633121,2981388,116614509,5,0,0,25088,10,3869736952
11133,113634410,3986423,117620833,6,0,0,130048,8,6620784157
11134,113643450,4850,113648300,1,0,1,5120,17,7497467544
11135,113644560,2718816,116363376,9,0,0,19456,3,3062949112
11136,113652329,2096898,115749227,7,0,0,512,4,8476467829
11137,113657791,2329032,115986823,5,0,0,8192,10,3660623242
11138,113658890,4374,113663264,8,0,1,4608,8,5620382423
11139,113679550,903553,114583103,2,0,0,1024,12,297357638
11140,113684660,2827741,116512401,2,0,0,512,12,9972366310
11141,113688180,2427985,116116165,2,0,0,1536,12,3474295957
11142,113694560,3203269,116897829,9,0,0,27136,3,7287226887
11143,113695351,2168182,115863533,5,0,0,19968,10,3881568514
11144,113703820,420596,114124416,9,0,0,18432,3,1409917421
11145,113707180,566,113707746,1,0,1,512,17,9310941064
11146,113723360,2476123,116199483,6,0,0,50176,8,7291783991
11147,113732870,3189633,116922503,3,0,0,26112,0,7146559967
11148,113745440,972683,114718123,2,0,0,2048,12,6644983851
11149,113745710,1529848,115275558,9,0,0,5120,3,4419449510
11150,113753090,17514,113770604,8,0,1,512,8,10326125013
11151,113760270,3358181,117118451,2,0,0,1536,12,5798247683
11152,113762680,13316,113775996,1,0,1,6144,17,8541372397
11153,113769810,11012,113780822,1,0,1,7680,17,5649828494
11154,113771030,1977847,115748877,9,0,0,127488,3,7323473826
11155,113779350,3877935,117657285,0,0,0,20992,11,952048466
11156,113786770,2002,113788772,8,0,1,1024,8,1465424159
11157,113794580,922896,114717476,4,0,0,35840,5,4556563433
11158,113802399,3325597,117127996,7,0,0,512,4,9274902365
11159,113813060,1186560,114999620,6,0,0,52224,8,4504418270
11160,113851180,64390,113915570,8,0,1,2560,8,5014922117
11161,113852690,2448966,116301656,2,0,0,512,12,3728297316
11162,113865601,1970852,115836453,5,0,0,13824,10,1872618079
11163,113868660,3324778,117193438,9,0,0,93184,3,1126918010
11164,113868950,48886,113917836,5,0,1,3584,10,627401209
11165,113876830,2910944,116787774,1,0,0,62464,17,2285481166
11166,113881710,1031106,114912816,4,0,0,32768,5,10253308571
11167,113892061,2077369,115969430,5,0,0,57856,10,2915563298
11168,113902870,1407936,115310806,4,0,0,13312,5,229722508
11169,113910050,8132,113918182,1,0,1,512,17,9246089827
11170,113922820,1518,113924338,5,0,1,1536,10,7471274338
11171,113923600,2869820,116793420,0,0,0,10752,11,553503649
11172,113925200,3523727,117448927,3,0,0,22016,0,9897703137
11173,113930470,1858138,115788608,1,0,0,58368,17,4143394492
11174,113931020,937786,114868806,3,0,0,8704,0,163653844
11175,113931619,3302174,117233793,7,0,0,512,4,3542246429
11176,113939330,708368,114647698,2,0,0,512,12,8992188937
11177,113948900,2322578,116271478,9,0,0,512,3,1219645333
11178,113953600,2870,113956470,1,0,1,8704,17,8172817265
11179,113958499,3142778,117101277,7,0,0,1024,4,1084610548
11180,113967020,3682411,117649431,3,0,0,93184,0,3717628775
11181,113972620,528269,114500889,2,0,0,512,12,1296911781
11182,113980600,2517318,116497918,4,0,0,40960,5,1375260767
11183,113985390,1763666,115749056,2,0,0,512,12,6432750996
11184,113994080,52274,114046354,1,0,1,9728,17,8380271916
11185,114000080,2529605,116529685,2,0,0,2560,12,8943978283
11186,114002150,1111747,115113897,0,0,0,19456,11,4495730581
11187,114009140,1798631,115807771,4,0,0,33280,5,9319106013
11188,114011620,3789353,117800973,0,0,0,1024,11,9574562565
11189,114016549,821927,114838476,7,0,0,1024,4,163197426
11190,114021180,1552449,115573629,2,0,0,512,12,1613342976
11191,114023390,28310,114051700,1,0,1,5632,17,647198575
11192,114026510,1994690,116021200,9,0,0,9216,3,1557905044
11193,114026930,730144,114757074,0,0,0,1024,11,6074394753
11194,114028790,3874491,117903281,6,0,0,36352,8,1268725462
11195,114046920,6406,114053326,1,0,1,2560,17,5046872495
11196,114047090,11062,114058152,1,0,1,7680,17,2448739792
11197,114056170,3288,114059458,5,0,1,2048,10,9069581425
11198,114065240,6229,114071469,1,0,1,15360,17,6726824437
11199,114069909,2226069,116295978,7,0,0,1024,4,5304362236
11200,114079450,1231527,115310977,0,0,0,512,11,6813204908
11201,114101020,3210073,117311093,9,0,0,76288,3,6793637593
11202,114103571,2381836,116485407,5,0,0,114688,10,9700171292
11203,114106570,2558767,116665337,6,0,0,30720,8,3094256974
11204,114114050,1994,114116044,5,0,1,2048,10,9510411229
11205,114132420,3698997,117831417,9,0,0,66048,3,3792290857
11206,114146150,3549169,117695319,3,0,0,38912,0,6613246554
11207,114147321,2712383,116859704,5,0,0,73216,10,4232012379
11208,114164190,1630719,115794909,2,0,0,1536,12,4653113210
11209,114170320,4374,114174694,5,0,1,4608,10,3603109679
11210,114171390,3097378,117268768,2,0,0,1536,12,6182121076
11211,114179490,1936144,116115634,6,0,0,24064,8,203767991
11212,114209520,2943960,117153480,4,0,0,4096,5,8328601539
11213,114219590,2776140,116995730,3,0,0,84992,0,9783140395
11214,114249490,1071224,115320714,1,0,0,15360,17,3995384534
11215,114275050,2325251,116600301,9,0,0,41472,3,9016834723
11216,114275560,1669035,115944595,1,0,0,33792,17,855940585
11217,114292910,2022244,116315154,1,0,0,6144,17,39541820
11218,114296190,3387,114299577,1,0,1,9728,17,783044334
11219,114366609,2946,114369555,2,0,1,3072,12,2550812762
11220,114384670,3083316,117467986,6,0,0,59392,8,6401605449
11221,114385849,7211,114393060,2,0,1,5120,12,5421179330
11222,114386410,7636,114394046,1,0,1,1536,17,453350276
11223,114400340,666646,115066986,2,0,0,1536,12,6337736947
11224,114401030,566,114401596,1,0,1,512,17,5291498957
11225,114401730,904989,115306719,2,0,0,512,12,10495577945
11226,114404299,3898,114408197,2,0,1,4096,12,10358461395
11227,114405680,1391928,115797608,1,0,0,8704,17,7881482979
11228,114416710,3742695,118159405,3,0,0,56832,0,2779732115
11229,114422999,3383,114426382,2,0,1,512,12,7242377756
11230,114426960,2434943,116861903,9,0,0,7168,3,387709842
11231,114448859,630380,115079239,7,0,0,512,4,8928723234
11232,114472229,8207,114480436,2,0,1,6144,12,2902271468
11233,114475810,3764473,118240283,2,0,0,14848,12,8567045899
11234,114475940,5162,114481102,6,0,1,1024,8,9397239468
11235,114483310,3128,114486438,6,0,1,9216,8,10106210953
11236,114496291,3242465,117738756,5,0,0,61440,10,8000104498
11237,114497471,71826,114569297,3,0,1,93696,0,6778024631
11238,114507959,66776,114574735,2,0,1,13824,12,893637281
11239,114518810,3928084,118446894,4,0,0,40448,5,6727845563
11240,114526141,747834,115273975,5,0,0,12288,10,9976542512
11241,114531400,3411390,117942790,6,0,0,35328,8,9805669226
11242,114538579,41383,114579962,2,0,1,1536,12,7734137584
11243,114541010,38983,114579993,1,0,1,4096,17,10695184164
11244,114554190,3644277,118198467,2,0,0,124928,12,10272840613
11245,114566010,1350664,115916674,6,0,0,23552,8,7497565169
11246,114576371,89189,114665560,3,0,1,80384,0,1152734984
11247,114577421,1345508,115922929,5,0,0,20480,10,1072504170
11248,114580760,2329353,116910113,3,0,0,25600,0,1704378135
11249,114592590,815559,115408149,1,0,0,1024,17,1441919563
11250,114604641,152456,114757097,3,0,1,35840,0,1539435130
11251,114607281,3984212,118591493,5,0,0,130048,10,4534228221
11252,114610099,2107160,116717259,7,0,0,512,4,656697056
11253,114625080,132032,114757112,6,0,1,1024,8,4011086215
11254,114631420,125707,114757127,8,0,1,2048,8,2552959160
11255,114641670,115496,114757166,1,0,1,5120,17,10425749844
11256,114654590,2011557,116666147,0,0,0,1024,11,2611179854
11257,114670411,1437705,116108116,5,0,0,115712,10,9049028870
11258,114680699,104351,114785050,2,0,1,2048,12,3919354895
11259,114685750,99315,114785065,1,0,1,1024,17,7950754649
11260,114688530,1661732,116350262,9,0,0,7680,3,8680479332
11261,114688590,96490,114785080,6,0,1,1536,8,4996188025
11262,114692230,3995431,118687661,2,0,0,143872,12,6814935483
11263,114712750,108599,114821349,1,0,1,1536,17,588773516
11264,114730840,90532,114821372,1,0,1,10240,17,3150859592
11265,114731200,1468766,116199966,0,0,0,1536,11,590438036
11266,114743680,77707,114821387,1,0,1,9216,17,801197854
11267,114754380,1038923,115793303,3,0,0,15360,0,5308289967
11268,114755510,1950754,116706264,3,0,0,2560,0,6534608696
11269,114761560,653588,115415148,0,0,0,1536,11,6604259564
11270,114765410,59796,114825206,6,0,1,4096,8,2221377685
11271,114778770,3958979,118737749,2,0,0,33792,12,546835140
11272,114797689,2124993,116922682,7,0,0,512,4,4604020227
11273,114801210,1410815,116212025,9,0,0,39424,3,6972130288
11274,114807110,21002,114828112,7,0,1,4608,4,9415802907
11275,114821040,512348,115333388,1,0,0,1024,17,1795056110
11276,114828150,1671055,116499205,3,0,0,4096,0,218152231
11277,114833430,1042,114834472,1,0,1,1024,17,4781375794
11278,114833850,4123043,118956893,3,0,0,9728,0,8964757246
11279,114835760,278152,115113912,6,0,1,27136,8,9198558745
11280,114854731,1002344,115857075,5,0,0,5632,10,2022122158
11281,114863460,2380800,117244260,4,0,0,34304,5,7901228944
11282,114876570,1629529,116506099,1,0,0,1536,17,189568636
11283,114877470,916940,115794410,1,0,0,3584,17,6321269749
11284,114886739,513966,115400705,2,0,1,3584,12,4809267939
11285,114889430,1817005,116706435,1,0,0,512,17,10462093867
11286,114889510,3713230,118602740,9,0,0,36864,3,9659987787
11287,114890700,511311,115402011,1,0,1,2048,17,1745663080
11288,114896380,4234272,119130652,4,0,0,45056,5,2167071687
11289,114896520,506797,115403317,6,0,1,2048,8,2302917576
11290,114899030,505913,115404943,1,0,1,2560,17,8359557430
11291,114899540,1312524,116212064,1,0,1,7168,17,7620434678
11292,114913160,4338289,119251449,4,0,0,198656,5,7476075651
11293,114916020,1773194,116689214,4,0,0,49152,5,7286296651
11294,114930860,3951125,118881985,4,0,0,48640,5,4257966436
11295,114947820,1365447,116313267,3,0,0,7680,0,5744462578
11296,114967080,1020078,115987158,1,0,0,1024,17,10437308921
11297,114973550,1431079,116404629,0,0,0,2560,11,4114835387
11298,114983820,1228259,116212079,8,0,1,2560,8,5205114309
11299,114983980,3630233,118614213,4,0,0,5120,5,7122678510
11300,114990220,4401137,119391357,6,0,0,15360,8,7397387748
11301,115000510,1370117,116370627,1,0,1,4096,17,7851619908
11302,115005250,1303878,116309128,0,0,0,1024,11,9005091949
11303,115031130,1677660,116708790,4,0,0,7680,5,10076749461
11304,115038590,3913907,118952497,1,0,0,512,17,1019558764
11305,115046130,1853914,116900044,2,0,0,7168,12,3848025783
11306,115047181,4107970,119155151,5,0,0,20992,10,7771362972
11307,115079580,1327952,116407532,1,0,1,3584,17,7876686623
11308,115080620,1719078,116799698,3,0,0,7680,0,6756623390
11309,115100721,1801374,116902095,5,0,0,6656,10,6430678113
11310,115103160,1306638,116409798,6,0,1,3584,8,451847117
11311,115107111,1464371,116571482,5,0,0,512,10,5303204966
11312,115124120,1694329,116818449,1,0,1,11776,17,10309247859
11313,115128890,1690225,116819115,6,0,1,1024,8,5226305371
11314,115132060,1052104,116184164,0,0,0,1536,11,3049639572
11315,115140871,3897480,119038351,5,0,0,41472,10,2044212422
11316,115142500,1624048,116766548,3,0,0,90112,0,5711844299
11317,115148770,708640,115857410,0,0,0,1024,11,3840091993
11318,115156430,4165864,119322294,4,0,0,36352,5,1327511301
11319,115162110,4418755,119580865,4,0,0,49152,5,10211738530
11320,115168011,4306806,119474817,5,0,0,28672,10,171321054
11321,115182931,2617677,117800608,5,0,0,53760,10,5577987598
11322,115192311,2769401,117961712,5,0,0,16384,10,2161563976
11323,115217010,2547422,117764432,2,0,0,35328,12,8694934672
11324,115245630,1760516,117006146,2,0,0,13312,12,410242395
11325,115253930,3812118,119066048,6,0,0,53248,8,10460407880
11326,115255220,4522720,119777940,3,0,0,11776,0,10252946532
11327,115266260,3902240,119168500,1,0,0,512,17,1093057405
11328,115270421,713867,115984288,5,0,0,44032,10,7374603459
11329,115278930,1541811,116820741,8,0,1,2560,8,10276514834
11330,115294770,2038844,117333614,1,0,1,8192,17,6094896718
11331,115296580,2037191,117333771,8,0,1,2560,8,1837049163
11332,115300100,2709743,118009843,1,0,0,2048,17,9195091647
11333,115301970,3984617,119286587,2,0,0,4096,12,2581719247
11334,115320490,2017787,117338277,8,0,1,7168,8,9397295349
11335,115333100,975701,116308801,4,0,0,15872,5,2434814745
11336,115344820,642509,115987329,0,0,0,512,11,6518995173
11337,115345500,1795888,117141388,6,0,0,39424,8,4109279101
11338,115347250,1994893,117342143,8,0,1,6144,8,2923161889
11339,115348760,2133858,117482618,7,0,1,2048,4,2887526090
11340,115355270,2517476,117872746,9,0,0,4608,3,8551335057
11341,115367340,740947,116108287,0,0,0,512,11,3818234341
11342,115371789,2110983,117482772,2,0,1,8704,12,25603301
11343,115380450,2110098,117490548,8,0,1,4096,8,78939276
11344,115389120,1998979,117388099,6,0,0,4096,8,5866687797
11345,115392520,252896,115645416,1,0,0,512,17,30859608
11346,115394360,2226496,117620856,8,0,1,1536,8,3180042785
11347,115403180,2217691,117620871,8,0,1,1536,8,1115766862
11348,115407650,2802555,118210205,9,0,0,10240,3,3820064685
11349,115431070,1124904,116555974,6,0,0,24576,8,6128799109
11350,115431580,1081319,116512899,0,0,0,512,11,615766420
11351,115445090,4020968,119466058,2,0,0,51200,12,350474026
11352,115449000,4683948,120132948,6,0,0,88576,8,4730398904
11353,115449240,2171646,117620886,7,0,1,1024,4,9299938057
11354,115451040,2169885,117620925,7,0,1,6144,4,10626469408
11355,115457400,1600496,117057896,2,0,0,35840,12,3107755887
11356,115459220,2161720,117620940,8,0,1,5120,8,4101234904
11357,115477160,1433124,116910284,0,0,0,512,11,5075265065
11358,115480890,2140065,117620955,8,0,1,2560,8,5147698808
11359,115481349,2139621,117620970,2,0,1,2048,12,9870772494
11360,115495380,2125605,117620985,8,0,1,7168,8,9516510078
11361,115498780,4173798,119672578,2,0,0,20992,12,8174366516
11362,115500600,2120400,117621000,7,0,1,1536,4,8950318862
11363,115502111,2639963,118142074,5,0,0,67072,10,4819596909
11364,115502351,2564917,118067268,5,0,0,129536,10,1089750147
11365,115503490,896510,116400000,4,0,0,33280,5,6293883071
11366,115517510,1540713,117058223,0,0,0,1024,11,4630082333
11367,115519130,986486,116505616,3,0,0,20992,0,3524226792
11368,115522879,2277744,117800623,2,0,1,1536,12,10189194757
11369,115529820,2013526,117543346,4,0,0,145408,5,528743706
11370,115537229,2263409,117800638,2,0,1,8704,12,8373535581
11371,115541170,7582387,123123557,8,0,1,4096,8,3405888784
11372,115543750,2980398,118524148,3,0,0,22528,0,2460372927
11373,115554439,8052987,123607426,2,0,1,512,12,9796727133
11374,115554860,2757444,118312304,4,0,0,10752,5,2708446338
11375,115566210,8043162,123609372,7,0,1,3072,4,5885308583
11376,115567600,8041926,123609526,7,0,1,8704,4,5552224223
11377,115571330,8744975,124316305,7,0,1,11776,4,7283750811
11378,115595820,1306454,116902274,1,0,0,512,17,6031013019
11379,115598350,1727610,117325960,9,0,0,48640,3,9374869875
11380,115608339,8901818,124510157,2,0,1,1536,12,6938169085
11381,115613500,3640812,119254312,6,0,0,9216,8,3168887873
11382,115615980,8894200,124510180,7,0,1,2560,4,4632953538
11383,115617110,8893093,124510203,7,0,1,10752,4,6607295037
11384,115627410,1572775,117200185,9,0,0,22016,3,281938229
11385,115638321,2995727,118634048,5,0,0,65024,10,8906560572
11386,115644200,3994231,119638431,4,0,0,11264,5,9592896232
11387,115655060,8973678,124628738,7,0,1,5632,4,4876186378
11388,115692740,8936021,124628761,7,0,1,512,4,7909638625
11389,115696770,9055037,124751807,9,0,1,14336,3,2986200329
11390,115703889,9075443,124779332,2,0,1,3072,12,10530242497
11391,115729550,9049805,124779355,0,0,1,512,11,10147606525
11392,115732070,2019197,117751267,6,0,0,40960,8,1830047488
11393,115744380,1045749,116790129,2,0,0,7680,12,3021467396
11394,115754651,9483936,125238587,3,0,1,63488,0,4849062867
11395,115757560,908260,116665820,6,0,0,1536,8,4856006998
11396,115776721,2763838,118540559,5,0,0,53760,10,5256597171
11397,115779660,2654871,118434531,9,0,0,38912,3,1380549814
11398,115787061,10224025,126011086,3,0,1,94720,0,4946167020
11399,115789840,3960859,119750699,4,0,0,59904,5,2446390189
11400,115792430,10218679,126011109,5,0,1,8704,10,10106453956
11401,115793060,4366367,120159427,6,0,0,12800,8,10466440218
11402,115796010,3183154,118979164,1,0,0,2560,17,678760422
11403,115798650,1310310,117108960,9,0,0,25088,3,10578404055
11404,115798651,10212481,126011132,3,0,1,6144,0,3270436451
11405,115800809,10295965,126096774,2,0,1,1536,12,10558740049
11406,115824690,10272107,126096797,7,0,1,1536,4,1706506065
11407,115829630,1660903,117490533,9,0,0,20480,3,6280618789
11408,115837610,879478,116717088,9,0,0,16384,3,1193092301
11409,115839579,10257241,126096820,2,0,1,3584,12,8778269939
11410,115841380,10255463,126096843,7,0,1,1024,4,2231036890
11411,115848379,10248487,126096866,2,0,1,6144,12,3733643690
11412,115859720,1848562,117708282,9,0,0,42496,3,1814681998
11413,115862690,10292566,126155256,9,0,1,1536,3,1772709917
11414,115867031,1795729,117662760,5,0,0,17920,10,10204284200
11415,115872130,10283149,126155279,7,0,1,5120,4,891374108
11416,115885060,1677739,117562799,2,0,0,25088,12,6023911612
11417,115885790,10269512,126155302,7,0,1,4096,4,28631807
11418,115888270,1692836,117581106,4,0,0,59904,5,5018471366
11419,115889650,3150440,119040090,2,0,0,5632,12,6157177495
11420,115896530,1498469,117394999,4,0,0,1536,5,10527689271
11421,115900630,4020064,119920694,6,0,0,3072,8,7479851545
11422,115902800,2948720,118851520,3,0,0,8192,0,703290451
11423,115904820,10250505,126155325,7,0,1,4608,4,9798470057
11424,115910620,1740254,117650874,2,0,0,4608,12,4286699781
11425,115938441,10223014,126161455,3,0,1,7168,0,2779837833
11426,115949100,2750838,118699938,0,0,0,2048,11,9276559281
11427,115953570,10207908,126161478,9,0,1,7680,3,956421118
11428,115972430,2736742,118709172,4,0,0,3584,5,4055922356
11429,115974000,1294123,117268123,0,0,0,512,11,4181423642
11430,115976330,854156,116830486,9,0,0,15872,3,10302333829
11431,115985590,2655563,118641153,4,0,0,13312,5,9982712961
11432,115995610,2074325,118069935,2,0,0,8704,12,2144185666
11433,115996300,10220932,126217232,9,0,1,8192,3,1525798485
11434,116014300,2693765,118708065,9,0,0,26624,3,8080349271
11435,116022400,4398413,120420813,4,0,0,73216,5,343095955
11436,116024930,1406363,117431293,1,0,0,3584,17,533573688
11437,116027140,10213249,126240389,6,0,1,8192,8,8798456517
11438,116035370,10213489,126248859,5,0,1,1024,10,9648277768
11439,116043851,10276367,126320218,3,0,1,67584,0,798990372
11440,116047901,2930297,118978198,5,0,0,24576,10,1551835251
11441,116050171,10270070,126320241,3,0,1,11776,0,7551165281
11442,116051870,1904835,117956705,6,0,0,45568,8,1646906779
11443,116057030,10273264,126330294,5,0,1,1024,10,6813943326
11444,116064890,10269675,126334565,6,0,1,1536,8,7512943328
11445,116065850,4174948,120240798,9,0,0,53248,3,1026469731
11446,116078910,1792417,117871327,2,0,0,43520,12,8489411999
11447,116084450,911459,116995909,1,0,0,512,17,6659795963
11448,116087991,10503610,126591601,3,0,1,52736,0,10092465371
11449,116091860,1457781,117549641,2,0,0,20480,12,9213292543
11450,116107770,10638844,126746614,9,0,1,7168,3,9908601037
11451,116111030,10784730,126895760,6,0,1,10240,8,3945201224
11452,116115101,10933666,127048767,3,0,1,10752,0,2497056876
11453,116140271,10908519,127048790,3,0,1,4608,0,1167849127
11454,116144590,368138,116512728,1,0,0,1024,17,9465635154
11455,116150520,1513971,117664491,4,0,0,5632,5,8136753171
11456,116152280,1402860,117555140,6,0,0,17920,8,5741159447
11457,116152360,10896453,127048813,6,0,1,5632,8,10637275535
11458,116153620,1629591,117783211,1,0,0,1536,17,3271115479
11459,116154420,10903339,127057759,5,0,1,2048,10,2645482938
11460,116158860,10898922,127057782,8,0,1,512,8,8124568700
11461,116159970,2133069,118293039,4,0,0,33280,5,1855553913
11462,116176780,4193076,120369856,3,0,0,45056,0,3558246522
11463,116176840,10880965,127057805,9,0,1,4096,3,2626918129
11464,116200950,10856878,127057828,9,0,1,10752,3,8472351602
11465,116202670,10965351,127168021,5,0,1,4608,10,169916554
11466,116203640,10975569,127179209,5,0,1,12800,10,8718458761
11467,116216870,10989422,127206292,8,0,1,7680,8,3984514179
11468,116218250,11050313,127268563,7,0,1,7168,4,4698502602
11469,116225180,11123112,127348292,9,0,1,2048,3,8205455442
11470,116236871,1177310,117414181,5,0,0,55296,10,2597481237
11471,116240480,1424338,117664818,0,0,0,1024,11,3557364500
11472,116248690,11099625,127348315,8,0,1,7168,8,304290283
11473,116250301,11318340,127568641,3,0,1,77312,0,8077845849
11474,116252340,11331574,127583914,6,0,1,6144,8,8473254839
11475,116257481,11780028,128037509,3,0,1,89088,0,8288514112
11476,116260690,11779732,128040422,8,0,1,7168,8,5178571609
11477,116287020,4467999,120755019,9,0,0,77824,3,5020095629
11478,116295621,11781341,128076962,3,0,1,19456,0,6167199721
11479,116301220,1032315,117333535,2,0,0,24576,12,4642396160
11480,116302290,3263584,119565874,3,0,0,15872,0,572359605
11481,116316730,11823136,128139866,5,0,1,1024,10,3716721410
11482,116325700,11814832,128140532,8,0,1,1024,8,5719105085
11483,116340640,2176613,118517253,3,0,0,82432,0,5127426915
11484,116347450,1510578,117858028,6,0,0,80896,8,7204388836
11485,116348560,11795358,128143918,8,0,1,14336,8,2317871801
11486,116351140,11825051,128176191,6,0,1,3072,8,3554745788
11487,116355321,11920664,128275985,3,0,1,51200,0,4893054381
11488,116359180,11916828,128276008,5,0,1,13824,10,8957864351
11489,116365210,11937988,128303198,8,0,1,10240,8,10393076716
11490,116366330,1703948,118070278,0,0,0,1024,11,8435179917
11491,116370710,11967056,128337766,7,0,1,6144,4,1550071312
11492,116373150,1859050,118232200,3,0,0,18944,0,10704093798
11493,116403491,1022981,117426472,5,0,0,15360,10,10145615736
11494,116417800,2667014,119084814,9,0,0,13824,3,686333996
11495,116419231,11920352,128339583,3,0,1,10752,0,8511957655
11496,116424070,11931533,128355603,6,0,1,1536,8,1330767733
11497,116425130,1294867,117719997,4,0,0,38400,5,4534217442
11498,116431490,3294657,119726147,3,0,0,75776,0,10247965821
11499,116433550,2836533,119270083,6,0,0,51712,8,10303953190
11500,116436381,2174658,118611039,5,0,0,27136,10,1074084263
11501,116438431,11928283,128366714,3,0,1,34816,0,5282490999
11502,116438581,11962359,128400940,3,0,1,18944,0,7905760703
11503,116443200,11969187,128412387,7,0,1,6144,4,10043945046
11504,116446810,2864214,119311024,2,0,0,52224,12,4546730627
11505,116452421,12284610,128737031,3,0,1,125952,0,6939455787
11506,116486151,2662549,119148700,5,0,0,51712,10,8174242410
11507,116486761,12250616,128737377,3,0,1,512,0,3751359248
11508,116491160,2685119,119176279,4,0,0,22016,5,10231321894
11509,116511630,4324976,120836606,6,0,0,88064,8,2311698459
11510,116512150,12225893,128738043,7,0,1,1024,4,10226565535
11511,116520510,1927179,118447689,3,0,0,2560,0,2558814811
11512,116523420,3913811,120437231,2,0,0,20992,12,5104222520
11513,116528411,12331462,128859873,3,0,1,17920,0,3187912681
11514,116534990,12324906,128859896,7,0,1,4608,4,3115148949
11515,116541701,12415049,128956750,3,0,1,40960,0,2640496729
11516,116544940,12415356,128960296,7,0,1,5632,4,2543806592
11517,116562470,2996346,119558816,3,0,0,3072,0,3299772821
11518,116571700,1635362,118207062,9,0,0,28160,3,6274352343
11519,116587700,645906,117233606,2,0,0,1024,12,6458207658
11520,116590830,2542091,119132921,4,0,0,6144,5,2755696042
11521,116611641,12470422,129082063,3,0,1,56832,0,2557352989
11522,116637970,2060782,118698752,2,0,0,36352,12,5565225886
11523,116651701,3734123,120385824,5,0,0,20992,10,6792103568
11524,116654541,1505815,118160356,5,0,0,3072,10,9681430925
11525,116657790,3396393,120054183,4,0,0,85504,5,5951414730
11526,116666840,2655797,119322637,1,0,0,1024,17,4774991056
11527,116669530,4211178,120880708,0,0,0,1024,11,5230619926
11528,116672280,1241141,117913421,3,0,0,4096,0,186225942
11529,116679350,4164611,120843961,9,0,0,24064,3,8832806713
11530,116679600,1956211,118635811,9,0,0,5632,3,442531189
11531,116707090,2993271,119700361,4,0,0,91136,5,2828420488
11532,116716860,1496848,118213708,9,0,0,11264,3,3275810308
11533,116734490,4039827,120774317,4,0,0,36864,5,10320232517
11534,116739910,12357978,129097888,5,0,1,4608,10,440964467
11535,116744050,4288525,121032575,3,0,0,66560,0,8537564861
11536,116750311,2839157,119589468,5,0,0,28160,10,115375140
11537,116757220,369396,117126616,0,0,0,1024,11,5393404012
11538,116762000,12335911,129097911,5,0,1,1024,10,142937586
11539,116774110,12323824,129097934,5,0,1,2560,10,6191811266
11540,116786811,12356950,129143761,3,0,1,28672,0,2790227493
11541,116805890,12353846,129159736,5,0,1,16896,10,452677758
11542,116811020,422259,117233279,3,0,0,18432,0,4321435309
11543,116820911,12537954,129358865,3,0,1,86528,0,6653515648
11544,116828020,12531694,129359714,5,0,1,2048,10,1005428784
11545,116833290,1803792,118637082,6,0,0,4096,8,7967192856
11546,116850090,3094317,119944407,6,0,0,22528,8,10708909094
11547,116850120,2042176,118892296,6,0,0,33792,8,4552386344
11548,116857000,3171092,120028092,6,0,0,154624,8,5559154660
11549,116878260,12481477,129359737,4,0,1,512,5,10442767273
11550,116894110,4036994,120931104,9,0,0,7680,3,1427843966
11551,116895070,1817877,118712947,6,0,0,12288,8,2114759243
11552,116901330,4715563,121616893,3,0,0,19968,0,5586392284
11553,116905600,1581931,118487531,6,0,0,37888,8,6342722561
11554,116905841,1809690,118715531,5,0,0,2560,10,10628312346
11555,116906050,2826382,119732432,1,0,0,1536,17,81328220
11556,116907680,2862742,119770422,3,0,0,10752,0,4926793338
11557,116915990,835464,117751454,1,0,0,512,17,7537796874
11558,116918660,12448768,129367428,1,0,1,3072,17,7399521880
11559,116919250,12448524,129367774,1,0,1,512,17,8198825125
11560,116920860,4583789,121504649,6,0,0,90112,8,7999338123
11561,116926541,12512184,129438725,3,0,1,44032,0,2411087578
11562,116936630,1818300,118754930,2,0,0,43520,12,6066843998
11563,116948980,1832816,118781796,3,0,0,40448,0,4460692225
11564,116949841,12539857,129489698,3,0,1,36864,0,1247309048
11565,116959110,12567998,129527108,5,0,1,4096,10,8569309610
11566,116975761,12575776,129551537,3,0,1,31744,0,6002574447
11567,116982430,12576956,129559386,8,0,1,4096,8,2738285261
11568,117006900,2372872,119379772,0,0,0,1024,11,9524926567
11569,117019080,12546478,129565558,5,0,1,1536,10,1876578360
11570,117026620,12541309,129567929,5,0,1,3584,10,8055330135
11571,117029371,2603441,119632812,5,0,0,20992,10,4635140575
11572,117040050,12529179,129569229,5,0,1,1024,10,8514344124
11573,117041980,379077,117421057,9,0,0,15360,3,9237527099
11574,117054550,12515592,129570142,9,0,1,2560,3,8339075310
11575,117057250,12515798,129573048,5,0,1,4608,10,4908031791
11576,117060180,12513841,129574021,9,0,1,12800,3,1971322775
11577,117067840,12530648,129598488,5,0,1,4608,10,5968842670
11578,117069320,3086184,120155504,3,0,0,5120,0,6914411063
11579,117076181,677472,117753653,5,0,0,7168,10,9809033821
11580,117076350,12563102,129639452,8,0,1,2048,8,9454024052
11581,117084480,1614811,118699291,0,0,0,1536,11,6545024158
11582,117085450,1892919,118978369,0,0,0,512,11,6885532795
11583,117089680,12549795,129639475,9,0,1,512,3,9875212619
11584,117093310,12546188,129639498,5,0,1,1024,10,8361297379
11585,117103550,2012502,119116052,4,0,0,71168,5,8078644471
11586,117104370,12535151,129639521,8,0,1,12800,8,5954584165
11587,117104870,12542341,129647211,5,0,1,4096,10,10252613211
11588,117106430,12545889,129652319,6,0,1,4096,8,9794597009
11589,117116490,1964089,119080579,3,0,0,47616,0,704567742
11590,117117680,4629777,121747457,3,0,0,133632,0,5957574826
11591,117122100,12530258,129652358,9,0,1,2048,3,8422002220
11592,117124310,1687647,118811957,3,0,0,5120,0,1493076497
11593,117136120,1958225,119094345,2,0,0,31232,12,5529505647
11594,117154081,12498300,129652381,3,0,1,6656,0,1187170834
11595,117162850,1606607,118769457,6,0,0,18432,8,5567171488
11596,117163420,3883834,121047254,1,0,0,4096,17,8100009818
11597,117165590,2460122,119625712,6,0,0,24576,8,5988614988
11598,117178990,486063,117665053,1,0,0,512,17,5737579619
11599,117180780,935904,118116684,4,0,0,24064,5,4355884018
11600,117188270,12473756,129662026,9,0,1,14336,3,7105117675
11601,117191131,12530425,129721556,3,0,1,20480,0,918601191
11602,117195900,2578437,119774337,2,0,0,12800,12,8732756
11603,117199750,792822,117992572,6,0,0,31232,8,3308543789
11604,117200171,4820622,122020793,5,0,0,27136,10,5615916243
11605,117200700,12525593,129726293,8,0,1,6144,8,1908351709
11606,117201290,1441745,118643035,1,0,0,1536,17,10493882073
11607,117230201,12740899,129971100,3,0,1,78336,0,253940642
11608,117232071,12812932,130045003,3,0,1,23552,0,4217391274
11609,117236560,12810425,130046985,4,0,1,12288,5,5141288303
11610,117247760,1918789,119166549,4,0,0,8192,5,488521755
11611,117255620,1725587,118981207,6,0,0,6656,8,6624302470
11612,117260360,12884776,130145136,5,0,1,10240,10,9193799696
11613,117274190,12877828,130152018,4,0,1,8704,5,3021966807
11614,117282640,12900434,130183074,0,0,1,5632,11,8154515933
11615,117284360,12898737,130183097,0,0,1,1024,11,9415562357
11616,117289870,12893250,130183120,0,0,1,6144,11,5066394913
11617,117305820,1849666,119155486,1,0,0,1024,17,578746151
11618,117306490,4795278,122101768,6,0,0,24064,8,6148231667
11619,117309620,12888834,130198454,8,0,1,6656,8,7811370498
11620,117311350,1805216,119116566,1,0,0,512,17,9979140759
11621,117314810,3416458,120731268,3,0,0,210432,0,424102201
11622,117315750,2838171,120153921,0,0,0,512,11,8708278234
11623,117323820,1288810,118612630,4,0,0,5120,5,255515969
11624,117328160,12870504,130198664,8,0,1,6144,8,7233727028
11625,117340571,12888738,130229309,3,0,1,22016,0,8142394133
11626,117349780,12879785,130229565,4,0,1,9216,5,4149707238
11627,117350410,12921553,130271963,4,0,1,1536,5,10413695980
11628,117359710,1951493,119311203,1,0,0,512,17,9997964905
11629,117368871,12903246,130272117,3,0,1,8704,0,8291897863
11630,117384310,12905093,130289403,4,0,1,11776,5,6704338080
11631,117385690,2474828,119860518,2,0,0,6144,12,2699942282
11632,117385920,12903506,130289426,9,0,1,1536,3,1498267266
11633,117387620,1634285,119021905,1,0,0,512,17,8922482724
11634,117405310,12891585,130296895,5,0,1,4096,10,4202217293
11635,117411600,2671903,120083503,2,0,0,19456,12,9290885507
11636,117420801,2088585,119509386,5,0,0,56320,10,4274861936
11637,117423320,2828425,120251745,1,0,0,512,17,3419589846
11638,117424930,12902644,130327574,0,0,1,2048,11,3856932039
11639,117425720,1859572,119285292,4,0,0,13312,5,2536438558
11640,117435701,2120113,119555814,5,0,0,84992,10,1430440466
11641,117452170,12875427,130327597,8,0,1,3072,8,6536870122
11642,117460940,12866680,130327620,4,0,1,5120,5,3720096261
11643,117463970,12863673,130327643,9,0,1,3072,3,8627855085
11644,117473210,2229826,119703036,3,0,0,8704,0,244696046
11645,117475270,12855832,130331102,0,0,1,512,11,5773034543
11646,117476641,12899863,130376504,3,0,1,13824,0,9702356386
11647,117488720,1792501,119281221,9,0,0,23552,3,7745646790
11648,117494380,1946516,119440896,4,0,0,21504,5,5201001574
11649,117494680,12884090,130378770,9,0,1,3584,3,3511962154
11650,117496560,12882466,130379026,9,0,1,9216,3,4121620987
11651,117496940,12983920,130480860,9,0,1,5632,3,10528921608
11652,117497340,12983543,130480883,9,0,1,3584,3,1536759368
11653,117499190,12981716,130480906,0,0,1,1536,11,9721737021
11654,117501490,1548287,119049777,2,0,0,31744,12,10073137887
11655,117501940,12978989,130480929,0,0,1,512,11,8802046575
11656,117512011,3802919,121314930,5,0,0,3584,10,1698221972
11657,117514460,12966492,130480952,5,0,1,1024,10,467866541
11658,117515490,1829701,119345191,1,0,0,512,17,4805441485
11659,117519780,2211998,119731778,2,0,0,18432,12,712131980
11660,117522521,2875969,120398490,5,0,0,26112,10,6919038678
11661,117524330,12956645,130480975,6,0,1,1536,8,7254591581
11662,117524690,1027148,118551838,6,0,0,36864,8,2658464549
11663,117525211,13099736,130624947,3,0,1,44032,0,4839983984
11664,117528010,13096960,130624970,9,0,1,3584,3,5448122132
11665,117528261,13220572,130748833,3,0,1,36864,0,3360438991
11666,117539040,2288681,119827721,1,0,0,1024,17,1327348136
11667,117544170,4036836,121581006,6,0,0,88576,8,3284613214
11668,117546300,2373443,119919743,4,0,0,29696,5,9820979569
11669,117551311,2400704,119952015,5,0,0,7168,10,1095443544
11670,117555000,3838119,121393119,2,0,0,38912,12,1442551646
11671,117561670,2901569,120463239,3,0,0,30208,0,7973670001
11672,117578840,1708098,119286938,1,0,0,1024,17,9803145257
11673,117590600,4757277,122347877,3,0,0,14848,0,7081356791
11674,117593640,1537354,119130994,0,0,0,512,11,259829777
11675,117593950,13194015,130787965,9,0,1,8192,3,7399223142
11676,117624430,3185321,120809751,6,0,0,46080,8,10199841957
11677,117626860,3360002,120986862,1,0,0,512,17,2691230675
11678,117635630,2705698,120341328,1,0,0,512,17,8600229623
11679,117636120,13152191,130788311,5,0,1,512,10,4181152766
11680,117637940,2792880,120430820,2,0,0,32768,12,7628053389
11681,117643120,2203736,119846856,9,0,0,23552,3,10667235159
11682,117646020,2172827,119818847,4,0,0,48640,5,2393491886
11683,117653520,4581713,122235233,2,0,0,91648,12,516481681
11684,117667440,2997723,120665163,4,0,0,224768,5,2317746312
11685,117681760,1810419,119492179,4,0,0,8192,5,7267124355
11686,117695780,3964558,121660338,6,0,0,19968,8,1918913370
11687,117697760,13100986,130798746,1,0,1,9216,17,1955214262
11688,117702351,1787301,119489652,5,0,0,48640,10,7699343333
11689,117712320,13091546,130803866,9,0,1,14848,3,3414959412
11690,117728550,3644399,121372949,9,0,0,4096,3,3168453814
11691,117752250,2319888,120072138,1,0,0,1024,17,2424323707
11692,117761720,13080030,130841750,9,0,1,1024,3,10518616956
11693,117764901,13095526,130860427,3,0,1,40448,0,7649123018
11694,117774391,13106639,130881030,3,0,1,512,0,8662846183
11695,117778231,13117561,130895792,3,0,1,12288,0,1317484523
11696,117789850,1968687,119758537,2,0,0,24064,12,4504310550
11697,117818890,3964828,121783718,4,0,0,29696,5,6359641696
11698,117820650,3124041,120944691,6,0,0,44544,8,538897798
11699,117821080,2152694,119973774,6,0,0,25600,8,1655593574
11700,117824300,1550299,119374599,9,0,0,52224,3,4089311227
11701,117834670,2039320,119873990,0,0,0,1024,11,4776269495
11702,117835220,1185305,119020525,0,0,0,1024,11,4062770481
11703,117836290,3392023,121228313,1,0,0,512,17,5433132245
11704,117844930,13052488,130897418,9,0,1,2560,3,8994068533
11705,117853200,1704665,119557865,6,0,0,6656,8,5128420346
11706,117857030,1319584,119176614,0,0,0,1024,11,1296236878
11707,117859320,3235641,121094961,3,0,0,23552,0,2470936609
11708,117863821,1751408,119615229,5,0,0,16896,10,6301379577
11709,117865161,13390993,131256154,3,0,1,117760,0,3653781817
11710,117867270,13416662,131283932,5,0,1,2560,10,10044708584
11711,117882390,1234519,119116909,3,0,0,1024,0,8182896157
11712,117885240,1231147,119116387,1,0,0,1024,17,4578190315
11713,117895900,1056426,118952326,4,0,0,10240,5,3888841569
11714,117898200,2272786,120170986,9,0,0,37888,3,4627029767
11715,117901050,2252692,120153742,3,0,0,17920,0,2551587391
11716,117902060,13392605,131294665,9,0,1,5120,3,7414315669
11717,117903010,13392321,131295331,9,0,1,1024,3,7930750874
11718,117912540,1984251,119896791,6,0,0,30208,8,9229980119
11719,117921610,1693790,119615400,1,0,0,512,17,4575852560
11720,117932100,2424005,120356105,4,0,0,43520,5,6401192722
11721,117933041,2995708,120928749,5,0,0,41472,10,1210058701
11722,117962470,5025037,122987507,9,0,0,74752,3,6848026074
11723,117969650,1904013,119873663,2,0,0,23552,12,7688518677
11724,117981941,3965900,121947841,5,0,0,41472,10,9538842432
11725,117983600,1807779,119791379,3,0,0,44032,0,10523271959
11726,117988510,4520275,122508785,6,0,0,9216,8,5443426575
11727,117994250,1173026,119167276,1,0,0,1536,17,4082193517
11728,118007370,3662693,121670063,3,0,0,17408,0,9521596286
11729,118011310,4119894,122131204,1,0,0,1536,17,4697463145
11730,118043580,13254941,131298521,5,0,1,4608,10,9046286055
11731,118049560,4625287,122674847,2,0,0,104448,12,9313126027
11732,118051610,1222396,119274006,2,0,0,12800,12,962852387
11733,118060170,745971,118806141,9,0,0,12800,3,9939341984
11734,118075580,3460392,121535972,6,0,0,20480,8,3753563323
11735,118103240,4707477,122810717,3,0,0,50176,0,2640180157
11736,118106401,13352029,131458430,3,0,1,143360,0,232373671
11737,118117270,13392038,131509308,5,0,1,2048,10,5412108462
11738,118125850,1732781,119858631,4,0,0,15872,5,10584836577
11739,118129230,2397870,120527100,6,0,0,66560,8,1172551703
11740,118145911,13533368,131679279,3,0,1,140288,0,6683438021
11741,118158830,3793870,121952700,2,0,0,15872,12,3625529397
11742,118175130,4897918,123073048,0,0,0,512,11,7256525336
11743,118178870,1613000,119791870,1,0,0,1536,17,2134863036
11744,118181890,2673194,120855084,6,0,0,36352,8,8779576306
11745,118186750,611775,118798525,0,0,0,512,11,6177961292
11746,118188570,3004564,121193134,3,0,0,130560,0,4486966770
11747,118192310,1609295,119801605,2,0,0,10752,12,1274073560
11748,118197480,2789187,120986667,6,0,0,24576,8,8577948013
11749,118222260,3849169,122071429,2,0,0,132608,12,8519933873
11750,118228890,1696039,119924929,2,0,0,13824,12,117906662
11751,118234290,13456446,131690736,9,0,1,512,3,4386612677
11752,118238310,13452449,131690759,9,0,1,4096,3,10025706629
11753,118243740,397756,118641496,1,0,0,1024,17,1367774410
11754,118255440,13435342,131690782,9,0,1,11264,3,10494157110
11755,118263910,3510558,121774468,3,0,0,88576,0,2706487085
11756,118269201,1711764,119980965,5,0,0,23552,10,5013002228
11757,118275060,2845391,121120451,1,0,0,512,17,5213895124
11758,118277080,3930138,122207218,2,0,0,23040,12,2817281124
11759,118284140,1467042,119751182,9,0,0,1536,3,8414009670
11760,118289471,13401334,131690805,3,0,1,37376,0,10536407440
11761,118290769,13400059,131690828,2,0,1,1536,12,9073384486
11762,118293020,4070565,122363585,1,0,0,512,17,5432288639
11763,118311060,13379791,131690851,9,0,1,17920,3,8839779343
11764,118311581,13508526,131820107,3,0,1,33792,0,6008635625
11765,118315640,2898132,121213772,6,0,0,14848,8,7818309766
11766,118319790,13500340,131820130,5,0,1,6656,10,1699656622
11767,118321370,2762157,121083527,9,0,0,27648,3,916182463
11768,118327859,13492294,131820153,2,0,1,4096,12,4161255159
11769,118330030,2335320,120665350,1,0,0,512,17,2923959067
11770,118335200,3752725,122087925,6,0,0,48640,8,4998762884
11771,118341130,13517757,131858887,9,0,1,6656,3,5746997091
11772,118346109,13512801,131858910,2,0,1,7680,12,6390456057
11773,118347780,13511153,131858933,9,0,1,2048,3,9415440095
11774,118369141,13489831,131858972,3,0,1,77824,0,9338536769
11775,118371400,13487595,131858995,5,0,1,4096,10,7223358847
11776,118386150,13472868,131859018,5,0,1,1024,10,3403515394
11777,118387449,13471996,131859445,2,0,1,2560,12,1503788527
11778,118390359,13472312,131862671,2,0,1,5120,12,9360481223
11779,118394091,1996428,120390519,5,0,0,15360,10,6690675796
11780,118396501,13506395,131902896,3,0,1,45056,0,10721102289
11781,118401249,13527233,131928482,2,0,1,13312,12,6315589935
11782,118425800,13503028,131928828,9,0,1,512,3,8758844931
11783,118427410,1720849,120148259,3,0,0,50176,0,230175177
11784,118430230,1467200,119897430,6,0,0,2048,8,2724187935
11785,118449829,13493256,131943085,2,0,1,17408,12,7206256924
11786,118453240,1765925,120219165,0,0,0,1024,11,237360652
11787,118454750,2461276,120916026,4,0,0,79360,5,5625120370
11788,118458160,1800992,120259152,1,0,0,1024,17,512759183
11789,118462250,2001160,120463410,0,0,0,512,11,6897855608
11790,118464971,13478137,131943108,3,0,1,12800,0,909368291
11791,118467320,2904179,121371499,6,0,0,98304,8,4095630087
11792,118467670,3061049,121528719,2,0,0,78336,12,5678794594
11793,118483770,13467938,131951708,5,0,1,5120,10,4646644853
11794,118484371,13511076,131995447,3,0,1,24064,0,3021910231
11795,118487470,1891943,120379413,4,0,0,25088,5,10588710383
11796,118494360,3947295,122441655,2,0,0,8704,12,4574845276
11797,118497810,2771242,121269052,1,0,0,512,17,5656361454
11798,118505209,13490261,131995470,2,0,1,6144,12,9199809875
11799,118505630,1786186,120291816,3,0,0,22528,0,7809123726
11800,118520790,2040147,120560937,6,0,0,87040,8,10180520699
11801,118521051,3132993,121654044,5,0,0,121856,10,7690740773
11802,118535170,1025853,119561023,3,0,0,7168,0,6740320669
11803,118540150,4087242,122627392,2,0,0,17408,12,5951658314
11804,118541460,589363,119130823,0,0,0,512,11,6533125629
11805,118558100,1927552,120485652,0,0,0,1536,11,2307416434
11806,118562890,13432603,131995493,5,0,1,1536,10,6133146279
11807,118574770,1869122,120443892,2,0,0,10240,12,1822592624
11808,118578360,13417156,131995516,5,0,1,2560,10,9154931859
11809,118586860,13430763,132017623,5,0,1,1024,10,4657019599
11810,118599410,3431413,122030823,9,0,0,30720,3,4680083638
11811,118615530,2725994,121341524,4,0,0,60928,5,8646938766
11812,118619670,3686518,122306188,4,0,0,73216,5,5434829853
11813,118630190,13387456,132017646,5,0,1,1024,10,4414029133
11814,118634420,1672534,120306954,0,0,0,512,11,2420276880
11815,118645180,3250216,121895396,9,0,0,56832,3,258158176
11816,118654490,2200789,120855279,1,0,0,512,17,7037087778
11817,118655230,2138468,120793698,1,0,0,512,17,7328982425
11818,118656510,2724730,121381240,3,0,0,27136,0,41224166
11819,118667809,13349860,132017669,2,0,1,512,12,461773723
11820,118668460,4557243,123225703,6,0,0,10752,8,5772554499
11821,118676880,13342566,132019446,6,0,1,5120,8,6624507546
11822,118680010,2097935,120777945,0,0,0,512,11,9267979779
11823,118710640,2875077,121585717,4,0,0,15360,5,2845674681
11824,118713819,13306293,132020112,2,0,1,1024,12,9381787892
11825,118716570,13306768,132023338,5,0,1,5120,10,127283475
11826,118718150,2237688,120955838,3,0,0,36352,0,933386753
11827,118724660,2691027,121415687,3,0,0,26112,0,4616889356
11828,118749540,13274144,132023684,5,0,1,512,10,8180648918
11829,118760310,1678060,120438370,6,0,0,3584,8,10339281389
11830,118765520,4055984,122821504,3,0,0,35328,0,8823469939
11831,118766600,2544384,121310984,9,0,0,66560,3,4705540150
11832,118774861,2186296,120961157,5,0,0,17408,10,6034918764
11833,118776070,2481111,121257181,4,0,0,82944,5,10185920963
11834,118777990,1783922,120561912,6,0,0,3072,8,3696199466
11835,118807250,2401975,121209225,3,0,0,52736,0,8823852520
11836,118836020,3275443,122111463,4,0,0,31744,5,10216796821
11837,118844370,3017995,121862365,3,0,0,258048,0,1176962151
11838,118846280,13187871,132034151,5,0,1,4096,10,7373105110
11839,118859170,1915474,120774644,0,0,0,1024,11,6990077233
11840,118884580,3594598,122479178,4,0,0,23552,5,4912670510
11841,118891980,2430395,121322375,2,0,0,5632,12,8194582985
11842,118900449,13133958,132034407,2,0,1,9216,12,7990176696
11843,118940779,13109792,132050571,2,0,1,1536,12,9421866781
11844,118943150,3020181,121963331,9,0,0,34816,3,7823839473
11845,118943790,3170684,122114474,2,0,0,9728,12,5156820160
11846,118952599,13100878,132053477,2,0,1,4608,12,9253345219
11847,118954170,3117750,122071920,2,0,0,1536,12,6467497238
11848,118964340,3048154,122012494,4,0,0,161280,5,3647842870
11849,118965240,2645546,121610786,4,0,0,38912,5,5406758553
11850,118967100,1476971,120444071,1,0,0,512,17,8135374651
11851,118968080,2692437,121660517,1,0,0,512,17,3810390786
11852,118981100,2701934,121683034,3,0,0,42496,0,8357066984
11853,118987810,3434121,122421931,3,0,0,44032,0,10601471980
11854,118991300,2877686,121868986,3,0,0,12288,0,920352109
11855,118995490,13058973,132054463,0,0,1,1536,11,2272670621
11856,119005960,13050129,132056089,5,0,1,2560,10,1917885978
11857,119010750,2518951,121529701,1,0,0,2048,17,3485316084
11858,119012010,2866047,121878057,9,0,0,29696,3,929795318
11859,119026740,13029696,132056436,5,0,1,512,10,7751448423
11860,119035431,3202165,122237596,5,0,0,7680,10,8932885176
11861,119041420,3052993,122094413,0,0,0,512,11,10197647980
11862,119042230,13018622,132060852,5,0,1,3072,10,8624801132
11863,119051350,3096001,122147351,6,0,0,31744,8,5549788051
11864,119069200,3193067,122262267,9,0,0,80896,3,8652226749
11865,119076849,13000547,132077396,2,0,1,4608,12,9138618162
11866,119081970,4396263,123478233,9,0,0,49152,3,9675439834
11867,119090209,12987853,132078062,2,0,1,1024,12,8988674462
11868,119093670,3267521,122361191,2,0,0,43008,12,3765081757
11869,119105931,2829251,121935182,5,0,0,88064,10,992126019
11870,119107250,3385999,122493249,6,0,0,46080,8,8717536711
11871,119107910,3468020,122575930,2,0,0,7680,12,2230520591
11872,119120070,12964111,132084181,5,0,1,8192,10,2052664818
11873,119132419,12953708,132086127,2,0,1,3072,12,2824470689
11874,119133040,3366940,122499980,3,0,0,22016,0,10663650256
11875,119137360,1139615,120276975,9,0,0,1536,3,7850358738
11876,119137580,4426022,123563602,4,0,0,111616,5,10123439127
11877,119138290,4498924,123637214,4,0,0,32768,5,7524283916
11878,119150189,12945292,132095481,2,0,1,1536,12,5387256568
11879,119158910,3537176,122696086,9,0,0,69632,3,5617354404
11880,119171331,3787015,122958346,5,0,0,16384,10,10614697024
11881,119174921,1492176,120667097,5,0,0,5632,10,5576512211
11882,119181130,4580341,123761471,4,0,0,16384,5,7851354604
11883,119189160,1288656,120477816,1,0,0,1024,17,7448635767
11884,119191949,12905158,132097107,2,0,1,2560,12,2847403734
11885,119197330,2923407,122120737,4,0,0,20480,5,5637823091
11886,119201959,12933462,132135421,2,0,1,6144,12,7351520659
11887,119217440,2557207,121774647,1,0,0,512,17,1771983092
11888,119223540,12912547,132136087,9,0,1,1024,3,7525563832
11889,119230870,4713620,123944490,3,0,0,39424,0,6290058729
11890,119235790,4857136,124092926,2,0,0,97280,12,1070076621
11891,119238470,2075345,121313815,2,0,0,9216,12,277221436
11892,119241450,1521588,120763038,3,0,0,26112,0,8362305077
11893,119254580,3053667,122308247,4,0,0,6656,5,9542356179
11894,119259779,12877294,132137073,2,0,1,1536,12,3351608060
11895,119261100,1177441,120438541,1,0,0,512,17,1386508543
11896,119268670,3719328,122987998,0,0,0,1536,11,981207987
11897,119285499,12852240,132137739,2,0,1,1024,12,3378851785
11898,119297820,2597911,121895731,1,0,0,1024,17,4052412889
11899,119307229,12834056,132141285,2,0,1,5632,12,111831505
11900,119316250,1998859,121315109,1,0,0,512,17,10318445305
11901,119325440,2812064,122137504,9,0,0,2048,3,5887800185
11902,119340839,12801432,132142271,2,0,1,1536,12,3649133702
11903,119342890,2057147,121400037,3,0,0,20992,0,8345575538
11904,119349420,12795117,132144537,5,0,1,3584,10,6753589096
11905,119353000,3091330,122444330,2,0,0,8704,12,3020753593
11906,119353580,3085400,122438980,3,0,0,32768,0,5267747489
11907,119355240,2298991,121654231,1,0,0,512,17,4318361344
11908,119360809,12785034,132145843,2,0,1,2048,12,2049000943
11909,119366391,12935431,132301822,3,0,1,103936,0,4517670062
11910,119370590,3101389,122471979,3,0,0,512,0,8009383675
11911,119382090,349859,119731949,0,0,0,512,11,5322295220
11912,119398679,12981215,132379894,2,0,1,2560,12,4433499761
11913,119413560,3993437,123406997,1,0,0,130048,17,7836118631
11914,119413960,2133304,121547264,2,0,0,28160,12,2933442416
11915,119414050,3315387,122729437,2,0,0,10752,12,8459889154
11916,119418600,3444997,122863597,3,0,0,58368,0,8682198232
11917,119430430,3750078,123180508,3,0,0,152064,0,9119517107
11918,119438110,2090944,121529054,0,0,0,1024,11,3127197318
11919,119444281,4846248,124290529,5,0,0,52736,10,3075110837
11920,119455170,3668364,123123534,2,0,0,45568,12,8295694235
11921,119461950,4129612,123591562,9,0,0,20992,3,10104909935
11922,119478860,2837678,122316538,1,0,0,27136,17,2992665166
11923,119480950,12899610,132380560,5,0,1,1024,10,7151435818
11924,119484530,12927995,132412525,5,0,1,16384,10,10003902428
11925,119491180,3758708,123249888,4,0,0,25600,5,7570640538
11926,119491529,12921019,132412548,2,0,1,1536,12,7771153192
11927,119515460,12897111,132412571,5,0,1,10240,10,6126875322
11928,119520269,2827795,122348064,7,0,0,512,4,357449680
11929,119526880,2756782,122283662,2,0,0,70144,12,7553599207
11930,119529450,3542593,123072043,1,0,0,7168,17,6428681489
11931,119530150,3655685,123185835,9,0,0,17408,3,4740145154
11932,119552520,2344670,121897190,9,0,0,4608,3,8839838900
11933,119568270,2029646,121597916,4,0,0,39936,5,7403964732
11934,119578330,3789020,123367350,9,0,0,107520,3,215436214
11935,119581700,2761630,122343330,4,0,0,3072,5,7406655361
11936,119594610,2596676,122191286,6,0,0,18944,8,875964517
11937,119595770,2498464,122094234,0,0,0,512,11,7439259849
11938,119603800,3016555,122620355,6,0,0,16896,8,1868143000
11939,119607160,4790518,124397678,9,0,0,51712,3,5399326979
11940,119616680,2414322,122031002,0,0,0,512,11,2027751005
11941,119618970,3445227,123064197,3,0,0,142336,0,5734127153
11942,119648330,1413811,121062141,0,0,0,1536,11,3724996418
11943,119656610,2720954,122377564,6,0,0,16384,8,6472888440
11944,119665550,12755720,132421270,9,0,1,2560,3,1392372917
11945,119676670,2188370,121865040,9,0,0,8704,3,3164759477
11946,119678930,3781473,123460403,4,0,0,139776,5,2368789025
11947,119743970,3276836,123020806,3,0,0,70144,0,10556292705
11948,119752920,12676239,132429159,5,0,1,1536,10,199409173
11949,119774950,3726893,123501843,2,0,0,44544,12,4883221296
11950,119776970,1821437,121598407,9,0,0,1536,3,1720148876
11951,119797660,1082721,120880381,9,0,0,7168,3,8521920073
11952,119813290,2559246,122372536,4,0,0,25088,5,5084510780
11953,119823730,3779884,123603614,4,0,0,8192,5,1510070787
11954,119842700,2883438,122726138,3,0,0,2560,0,2225751524
11955,119850320,3372084,123222404,9,0,0,50688,3,2517777547
11956,119850470,3894232,123744702,4,0,0,100864,5,9339800064
11957,119851030,12579435,132430465,5,0,1,2048,10,10174403666
11958,119898610,1541263,121439873,0,0,0,512,11,7229600541
11959,119899650,3948157,123847807,6,0,0,25088,8,8092984813
11960,119903050,3661877,123564927,0,0,0,512,11,1665574191
11961,119903710,2380147,122283857,0,0,0,512,11,7817131035
11962,119916460,965081,120881541,3,0,0,512,0,2014251280
11963,119926030,12505741,132431771,5,0,1,2048,10,1593356084
11964,119940170,1763979,121704149,0,0,0,3584,11,8537125680
11965,119940250,4014247,123954497,9,0,0,32768,3,2145487957
11966,119951110,12501590,132452700,5,0,1,4096,10,5165992602
11967,119953180,4183004,124136184,4,0,0,33280,5,7905239603
11968,119978880,12475126,132454006,4,0,1,2048,5,3734462200
11969,119985370,12472502,132457872,4,0,1,6144,5,6316909229
11970,120002401,3690284,123692685,5,0,0,31744,10,8550974099
11971,120012750,12446428,132459178,4,0,1,2048,5,4268551365
11972,120030280,12433084,132463364,4,0,1,6656,5,10545624670
11973,120034630,3721826,123756456,6,0,0,34304,8,6329425949
11974,120035330,12501319,132536649,4,0,1,6656,5,3829348786
11975,120039710,12496962,132536672,4,0,1,1536,5,558110859
11976,120045170,4706614,124751784,9,0,0,75776,3,1123899019
11977,120056470,2037585,122094055,9,0,0,512,3,301194737
11978,120069750,1484245,121553995,6,0,0,22016,8,6652314545
11979,120070830,12465865,132536695,0,0,1,1024,11,1448361670
11980,120082920,2376065,122458985,2,0,0,30720,12,8768559551
11981,120085680,12451038,132536718,4,0,1,5120,5,400664869
11982,120098610,2373190,122471800,3,0,0,41984,0,10120094104
11983,120108540,2225844,122334384,1,0,0,33792,17,2776888577
11984,120109450,2232913,122342363,4,0,0,26112,5,5587998847
11985,120112690,12442330,132555020,5,0,1,512,10,817466165
11986,120118260,2455307,122573567,4,0,0,22528,5,662899143
11987,120125750,4438110,124563860,2,0,0,41472,12,9089415926
11988,120141050,2401352,122542402,1,0,0,3072,17,8640887527
11989,120141830,12413958,132555788,5,0,1,11776,10,9944473827
11990,120142870,4258887,124401757,2,0,0,13312,12,5845617997
11991,120172560,12649477,132822037,0,0,1,20480,11,4671585870
11992,120182960,2220936,122403896,9,0,0,1536,3,7154171634
11993,120199980,3732475,123932455,2,0,0,163328,12,568455204
11994,120202670,12780087,132982757,5,0,1,1536,10,6954635949
11995,120203310,1015329,121218639,2,0,0,15872,12,7142429449
11996,120206660,12805876,133012536,7,0,1,3584,4,2642279321
11997,120244130,12768429,133012559,0,0,1,3584,11,10059107091
11998,120245030,12767560,133012590,0,0,1,1536,11,9891435569
11999,120264620,4524781,124789401,4,0,0,26112,5,5062426875
12000,120265030,12747583,133012613,5,0,1,13824,10,9931964
12001,120270270,2152152,122422422,2,0,0,1536,12,3851453773
12002,120275620,2087786,122363406,2,0,0,7168,12,2476543862
12003,120285680,12729735,133015415,5,0,1,16384,10,10213214424
12004,120314500,1057178,121371678,0,0,0,512,11,9625310895
12005,120321240,3700920,124022160,2,0,0,25600,12,4817628185
12006,120321400,12757607,133079007,7,0,1,20992,4,920898100
12007,120322150,1543069,121865219,2,0,0,512,12,1119041572
12008,120328421,3868167,124196588,5,0,0,53248,10,5758733249
12009,120331980,1992077,122324057,3,0,0,24576,0,4907593760
12010,120340210,3225208,123565418,9,0,0,1536,3,7284948606
12011,120343370,2593385,122936755,0,0,0,512,11,619461860
12012,120349980,3994214,124344194,3,0,0,12288,0,8280698365
12013,120370571,3772500,124143071,5,0,0,22528,10,4512178960
12014,120400270,3832602,124232872,3,0,0,46080,0,4086393642
12015,120407720,2312280,122720000,1,0,0,77312,17,6799631097
12016,120409330,984280,121393610,9,0,0,1536,3,1711920726
12017,120409770,12753745,133163515,4,0,1,9728,5,5305419060
12018,120414760,4098118,124512878,2,0,0,8704,12,6840546919
12019,120426820,3102727,123529547,1,0,0,47616,17,5449138578
12020,120434120,2332577,122766697,2,0,0,62976,12,430791212
12021,120441840,1062988,121504828,0,0,0,512,11,3760447760
12022,120446970,2625720,123072690,0,0,0,2048,11,9956210216
12023,120462680,12700858,133163538,4,0,1,2048,5,8628547185
12024,120468990,12694571,133163561,1,0,1,512,17,4316391480
12025,120495920,3630101,124126021,4,0,0,108544,5,7338116354
12026,120496110,3862507,124358617,3,0,0,26112,0,2673402366
12027,120504130,4101540,124605670,9,0,0,3072,3,673990497
12028,120505550,2190871,122696421,0,0,0,1024,11,6904560351
12029,120514680,12648904,133163584,4,0,1,3072,5,9104200598
12030,120514790,1579086,122093876,4,0,0,19456,5,10148642056
12031,120526530,3345644,123872174,3,0,0,79872,0,521042840
12032,120539320,2239576,122778896,9,0,0,1024,3,75665536
12033,120550600,1470840,122021440,9,0,0,2048,3,2569933728
12034,120556410,3107072,123663482,9,0,0,512,3,5806072211
12035,120567940,2700415,123268355,1,0,0,4608,17,8775688134
12036,120578050,12585557,133163607,7,0,1,512,4,4997523380
12037,120578820,12584810,133163630,5,0,1,8192,10,3455162097
12038,120584520,1488538,122073058,0,0,0,1024,11,3093130295
12039,120594770,12568883,133163653,5,0,1,1024,10,9556754602
12040,120600310,12572281,133172591,8,0,1,18944,8,5399301221
12041,120604220,2327341,122931561,4,0,0,26112,5,1076009510
12042,120624860,2890156,123515016,2,0,0,28672,12,10012225744
12043,120633110,12539504,133172614,5,0,1,2560,10,7288494667
12044,120635210,12537427,133172637,5,0,1,3072,10,3075416387
12045,120639870,2223906,122863776,0,0,0,512,11,5907642117
12046,120644020,3101953,123745973,0,0,0,4096,11,2283259063
12047,120671081,4057592,124728673,5,0,0,149504,10,6256237592
12048,120672800,2199303,122872103,4,0,0,27136,5,10122689191
12049,120690210,12492925,133183135,8,0,1,4608,8,9236211713
12050,120690920,2880585,123571505,1,0,0,3072,17,3093780673
12051,120696110,12487048,133183158,4,0,1,9216,5,5321514803
12052,120700450,12482763,133183213,5,0,1,2560,10,3579730079
12053,120705010,12511703,133216713,5,0,1,1024,10,2398822637
12054,120706320,12510416,133216736,4,0,1,4096,5,4277587638
12055,120709170,12507589,133216759,4,0,1,2560,5,2539725859
12056,120717380,3494230,124211610,1,0,0,7168,17,520347325
12057,120721370,1179119,121900489,2,0,0,10752,12,8106785355
12058,120728500,3816603,124545103,1,0,0,22016,17,2851761714
12059,120751740,12465042,133216782,8,0,1,2560,8,7474108269
12060,120759900,12459920,133219820,7,0,1,4608,4,8672435349
12061,120760180,12460946,133221126,4,0,1,2048,5,5647844262
12062,120767800,4336022,125103822,6,0,0,35840,8,7611118811
12063,120777869,12444243,133222112,2,0,1,1536,12,6043870494
12064,120784120,1288603,122072723,0,0,0,2560,11,9437607083
12065,120792650,4166173,124958823,6,0,0,54272,8,1651890893
12066,120795820,2887170,123682990,2,0,0,28672,12,2013400677
12067,120809321,12489063,133298384,3,0,1,37888,0,5436419208
12068,120825840,3188497,124014337,3,0,0,512,0,3228609530
12069,120832151,12655469,133487620,3,0,1,108032,0,3304821627
12070,120835130,12652513,133487643,8,0,1,5120,8,7291085919
12071,120840151,12647850,133488001,3,0,1,9216,0,6968196757
12072,120844630,816378,121661008,1,0,0,1536,17,5025934400
12073,120846460,12641564,133488024,4,0,1,2560,5,2360421810
12074,120848440,4313335,125161775,6,0,0,32256,8,3635034095
12075,120849400,12638647,133488047,4,0,1,9216,5,7015779003
12076,120852090,4699808,125551898,1,0,0,39936,17,4228395986
12077,120865890,12637110,133503000,4,0,1,3072,5,9116869294
12078,120876251,3000314,123876565,5,0,0,14336,10,1075175807
12079,120882870,4457750,125340620,1,0,0,63488,17,4872328177
12080,120882890,3274119,124157009,4,0,0,14336,5,5912289330
12081,120893170,2240983,123134153,3,0,0,25600,0,9253592287
12082,120899850,3107194,124007044,6,0,0,30208,8,8030163301
12083,120904220,3581992,124486212,2,0,0,99328,12,7379956001
12084,120910070,12603471,133513541,8,0,1,8192,8,447625534
12085,120910150,4786919,125697069,2,0,0,90624,12,6934254073
12086,120923060,2149809,123072869,0,0,0,512,11,7381037349
12087,120924370,2145466,123069836,1,0,0,18432,17,5986827362
12088,120930700,12584746,133515446,4,0,1,1024,5,2022113166
12089,120933040,1843040,122776080,3,0,0,30720,0,1642814478
12090,120938880,12581300,133520180,4,0,1,1536,5,5334423030
12091,120947780,12572423,133520203,7,0,1,4608,4,1099415192
12092,120949500,12572258,133521758,5,0,1,12288,10,6176270508
12093,120955040,2758416,123713456,1,0,0,68096,17,9692203995
12094,120956140,2235484,123191624,2,0,0,6656,12,5287497427
12095,120956380,12566364,133522744,1,0,1,1536,17,1066392531
12096,120959570,12563520,133523090,7,0,1,512,4,905969602
12097,120961561,4186596,125148157,5,0,0,120320,10,460875979
12098,120963200,1973376,122936576,2,0,0,16384,12,890061413
12099,120975280,12551036,133526316,1,0,1,5120,17,4234709704
12100,120979320,3953677,124932997,3,0,0,142336,0,4425252572
12101,120979750,12550808,133530558,4,0,1,2560,5,4768865791
12102,120982761,3226642,124209403,5,0,0,41984,10,3324475989
12103,120985701,4240641,125226342,5,0,0,91648,10,10364244884
12104,120986870,2774780,123761650,0,0,0,512,11,6569753831
12105,120990221,4636198,125626419,5,0,0,3072,10,7903894800
12106,120991000,12542779,133533779,7,0,1,512,4,3482820780
12107,120991100,3972755,124963855,9,0,0,512,3,5621310263
12108,120992400,12543325,133535725,8,0,1,3072,8,6645373948
12109,121001610,12535101,133536711,4,0,1,1536,5,10223778177
12110,121004201,3938063,124942264,5,0,0,25600,10,974678872
12111,121008770,4437608,125446378,3,0,0,234496,0,7727713688
12112,121025080,4078921,125104001,0,0,0,512,11,9514778351
12113,121028780,2477298,123506078,4,0,0,13824,5,743471768
12114,121041790,12495907,133537697,1,0,1,1536,17,5232501577
12115,121044150,3746678,124790828,4,0,0,4608,5,8970713794
12116,121050900,12489383,133540283,1,0,1,4096,17,5376819717
12117,121052090,3985028,125037118,9,0,0,3072,3,7212339815
12118,121062600,4123869,125186469,6,0,0,44544,8,2072931374
12119,121067960,12473309,133541269,8,0,1,1536,8,5422246400
12120,121069160,12476935,133546095,1,0,1,7680,17,10002555719
12121,121085340,12463021,133548361,1,0,1,3584,17,3921829002
12122,121088461,2008945,123097406,5,0,0,1024,10,3440205293
12123,121096290,12457898,133554188,7,0,1,3072,4,582916080
12124,121101040,12454454,133555494,1,0,1,2048,17,5428776561
12125,121101980,12454180,133556160,7,0,1,1024,4,8052471358
12126,121104590,12451916,133556506,1,0,1,512,17,10707047312
12127,121107521,4701683,125809204,5,0,0,49664,10,53915372
12128,121114710,5040523,126155233,3,0,0,191488,0,6919167128
12129,121131910,12428260,133560170,9,0,1,2560,3,2375233287
12130,121133020,3435387,124568407,2,0,0,14848,12,3586466622
12131,121136450,2746074,123882524,9,0,0,19456,3,8252652494
12132,121148320,12437324,133585644,1,0,1,4608,17,10079088246
12133,121151170,12434505,133585675,8,0,1,4096,8,3920890074
12134,121154860,12430838,133585698,7,0,1,3072,4,3765051306
12135,121156740,12488448,133645188,7,0,1,3072,4,10162896206
12136,121162440,12482771,133645211,4,0,1,12800,5,2043846498
12137,121170060,12475182,133645242,9,0,1,17408,3,9591820422
12138,121185510,1773483,122958993,0,0,0,2048,11,3446691112
12139,121201610,5073995,126275605,6,0,0,84992,8,2367437751
12140,121204140,2607641,123811781,2,0,0,35840,12,782112130
12141,121206280,12441059,133647339,1,0,1,6656,17,9712706915
12142,121206440,12449756,133656196,4,0,1,3072,5,3337219563
12143,121206850,3804066,125010916,9,0,0,24064,3,10607317614
12144,121212360,12468652,133681012,4,0,1,14336,5,1947053875
12145,121213270,12468088,133681358,9,0,1,512,3,5870974312
12146,121219521,1505806,122725327,5,0,0,17408,10,2056157420
12147,121223010,3405705,124628715,4,0,0,63488,5,8695537525
12148,121233360,3963124,125196484,2,0,0,32768,12,40274152
12149,121236840,2326941,123563781,0,0,0,512,11,677986872
12150,121249250,12433414,133682664,4,0,1,2048,5,4353920967
12151,121256940,3017474,124274414,2,0,0,96256,12,2947920054
12152,121269770,12416120,133685890,8,0,1,5120,8,6131679957
12153,121272130,4082709,125354839,2,0,0,46592,12,4162913001
12154,121275520,3028623,124304143,9,0,0,1024,3,541121459
12155,121278770,4662587,125941357,2,0,0,84480,12,4764544969
12156,121280400,12405836,133686236,7,0,1,512,4,6484901664
12157,121290500,12396402,133686902,8,0,1,1024,8,9943045461
12158,121298760,12391688,133690448,1,0,1,5632,17,5838676115
12159,121317931,3733155,125051086,5,0,0,33792,10,9835759993
12160,121321600,2518540,123840140,9,0,0,29696,3,3927129976
12161,121324650,4952873,126277523,0,0,0,1024,11,3989964803
12162,121326941,2161299,123488240,5,0,0,32768,10,9289457671
12163,121352850,12350862,133703712,7,0,1,7680,4,6551464402
12164,121367180,12336878,133704058,8,0,1,512,8,10407285826
12165,121370100,12336864,133706964,7,0,1,4608,4,564574553
12166,121375330,12334860,133710190,9,0,1,5120,3,240643252
12167,121382710,2631448,124014158,2,0,0,19968,12,6126303604
12168,121390400,12320456,133710856,7,0,1,1024,4,1682814364
12169,121392910,2024874,123417784,4,0,0,35328,5,4581385844
12170,121394850,1833175,123228025,1,0,0,7168,17,7557219656
12171,121399590,12321046,133720636,1,0,1,5120,17,3903312730
12172,121403870,2588092,123991962,0,0,0,512,11,9268357458
12173,121412340,2760159,124172499,9,0,0,11264,3,1750096282
12174,121427130,2745556,124172686,0,0,0,512,11,9248699008
12175,121429230,12291479,133720709,7,0,1,512,4,1801480991
12176,121432280,4897991,126330271,9,0,0,2048,3,9173767963
12177,121433110,12289225,133722335,7,0,1,2560,4,4841690578
12178,121446140,12283185,133729325,4,0,1,16896,5,623865320
12179,121446250,12287965,133734215,4,0,1,7168,5,3502011627
12180,121474220,2770843,124245063,9,0,0,39936,3,9052326065
12181,121487170,12250271,133737441,8,0,1,5120,8,7294475532
12182,121490270,12248797,133739067,1,0,1,2560,17,3334838358
12183,121492100,3745973,125238073,4,0,0,38400,5,1337156969
12184,121503430,12238543,133741973,9,0,1,4608,3,3865322247
12185,121503630,2818004,124321634,3,0,0,3584,0,1992143820
12186,121535161,2781121,124316282,5,0,0,36352,10,10210078538
12187,121543350,1776504,123319854,2,0,0,2048,12,3219620777
12188,121545090,12215906,133760996,9,0,1,8192,3,7741054654
12189,121549780,2251058,123800838,3,0,0,42496,0,3933303011
12190,121564250,2000498,123564748,0,0,0,3072,11,5137432885
12191,121565980,12210721,133776701,7,0,1,3072,4,4228673773
12192,121584461,3709397,125293858,5,0,0,36864,10,6842691193
12193,121589470,1484069,123073539,0,0,0,1536,11,2419876726
12194,121594560,12185047,133779607,9,0,1,4608,3,6321835696
12195,121597310,12185843,133783153,7,0,1,5632,4,6365603993
12196,121616320,12194076,133810396,7,0,1,14848,4,7642225960
12197,121625480,3827816,125453296,9,0,0,22016,3,5730477877
12198,121625660,12188282,133813942,9,0,1,5632,3,5911732147
12199,121630910,12206613,133837523,9,0,1,512,3,6862763772
12200,121631240,12207909,133839149,9,0,1,2560,3,3698247597
12201,121638711,12485672,134124383,3,0,1,54784,0,4646756177
12202,121645880,12578325,134224205,7,0,1,19456,4,6122830302
12203,121646370,12605515,134251885,7,0,1,11264,4,2110487736
12204,121646391,12728689,134375080,3,0,1,45056,0,5319471066
12205,121648960,12738357,134387317,9,0,1,8192,3,3272486584
12206,121649180,2850627,124499807,1,0,0,44544,17,419187290
12207,121654370,1915439,123569809,9,0,0,14336,3,4880357945
12208,121659020,1804214,123463234,4,0,0,9216,5,8396832549
12209,121665501,12857098,134522599,3,0,1,65536,0,3655662539
12210,121680510,12842291,134522801,8,0,1,5632,8,684295559
12211,121682080,12856897,134538977,7,0,1,32768,4,3175476200
12212,121691970,3182470,124874440,1,0,0,48128,17,8493884285
12213,121694350,12844650,134539000,9,0,1,2048,3,2926462899
12214,121697520,12841503,134539023,8,0,1,1536,8,2248057821
12215,121704301,12834769,134539070,3,0,1,38400,0,4159865842
12216,121715050,12824043,134539093,9,0,1,6144,3,5959787984
12217,121716170,12823882,134540052,9,0,1,6144,3,8269486328
12218,121716610,3062364,124778974,3,0,0,89088,0,4263021011
12219,121718401,12867768,134586169,3,0,1,39424,0,3480165733
12220,121722720,3799555,125522275,4,0,0,6656,5,5184630552
12221,121729160,4752603,126481763,4,0,0,38912,5,3627145240
12222,121740511,12904891,134645402,3,0,1,15360,0,8787124182
12223,121768700,4327560,126096260,3,0,0,265216,0,5971304028
12224,121776170,12869898,134646068,9,0,1,1024,3,1787925332
12225,121777320,12873894,134651214,9,0,1,8192,3,10132328509
12226,121784780,12876292,134661072,7,0,1,14848,4,10395430860
12227,121789710,2623310,124413020,4,0,0,36864,5,1239793029
12228,121790370,2879332,124669702,6,0,0,40960,8,10307047867
12229,121795010,12873337,134668347,8,0,1,2048,8,7838355043
12230,121801090,3222711,125023801,1,0,0,34816,17,851447341
12231,121805840,2973469,124779309,0,0,0,1024,11,6063040525
12232,121818050,12885499,134703549,8,0,1,6144,8,7679334921
12233,121822591,13198311,135020902,3,0,1,169984,0,4906389398
12234,121835200,13211954,135047154,9,0,1,9728,3,5266483417
12235,121836511,4737572,126574083,5,0,0,65536,10,6542574009
12236,121839391,3253488,125092879,5,0,0,73728,10,1271626548
12237,121845330,3948719,125794049,6,0,0,11264,8,5981043923
12238,121848400,13199247,135047647,8,0,1,4608,8,3385653223
12239,121851810,3321064,125172874,9,0,0,36352,3,9488494135
12240,121855330,4863291,126718621,9,0,0,47616,3,6357066247
12241,121857050,3102740,124959790,1,0,0,3072,17,1111790534
12242,121874330,2635796,124510126,3,0,0,33792,0,7277868216
12243,121874850,3750610,125625460,9,0,0,43008,3,2593015910
12244,121876511,13314340,135190851,3,0,1,117248,0,5775894366
12245,121877540,3055792,124933332,0,0,0,1024,11,558048903
12246,121877990,3789173,125667163,0,0,0,1024,11,7802883123
12247,121878281,13379928,135258209,3,0,1,107520,0,3722017507
12248,121880380,13383014,135263394,8,0,1,17408,8,4943347023
12249,121893200,13418862,135312062,7,0,1,37888,4,10515941742
12250,121900641,13484416,135385057,3,0,1,68608,0,2943312004
12251,121903720,3669462,125573182,1,0,0,47104,17,4570509718
12252,121907450,1806497,123713947,0,0,0,1536,11,9302228665
12253,121907950,13497633,135405583,1,0,1,3072,17,164796817
12254,121940250,13468734,135408984,1,0,1,8192,17,4746197466
12255,121946950,1317140,123264090,1,0,0,512,17,2334019003
12256,121951961,3404149,125356110,5,0,0,4096,10,6018423355
12257,121957511,3921034,125878545,5,0,0,93184,10,10197844376
12258,121969690,3738634,125708324,6,0,0,36864,8,4080897878
12259,121972020,2019763,123991783,6,0,0,48128,8,4944024149
12260,121986390,13422940,135409330,8,0,1,512,8,9770312238
12261,121997620,1508637,123506257,0,0,0,512,11,6397734815
12262,121999340,13410342,135409682,1,0,1,512,17,442362803
12263,122032580,3478154,125510734,6,0,0,20480,8,4942207808
12264,122042240,4832680,126874920,1,0,0,83968,17,1595266839
12265,122048390,3149989,125198379,6,0,0,6144,8,6922897080
12266,122054320,13356982,135411302,1,0,1,2560,17,127859562
12267,122055830,4273794,126329624,6,0,0,30720,8,2325788389
12268,122058670,13640912,135699582,7,0,1,232448,4,5410489080
12269,122058710,4936012,126994722,1,0,0,52224,17,1513075453
12270,122073490,13629638,135703128,4,0,1,5632,5,206318008
12271,122087260,2940136,125027396,1,0,0,5632,17,6509222923
12272,122115860,4045572,126161432,9,0,0,19968,3,1410388864
12273,122119250,13585184,135704434,1,0,1,2048,17,6682272777
12274,122131160,1919657,124050817,2,0,0,18944,12,8282133054
12275,122141770,2027274,124169044,9,0,0,39424,3,4044012122
12276,122142040,13564020,135706060,1,0,1,2560,17,367131725
12277,122145940,3865123,126011063,0,0,0,118272,11,433448140
12278,122152210,1813890,123966100,2,0,0,11776,12,8928989279
12279,122166351,1647325,123813676,5,0,0,6144,10,3766324521
12280,122176390,13530976,135707366,7,0,1,2048,4,1243090255
12281,122186170,4896757,127082927,0,0,0,3584,11,2860041238
12282,122197541,2327890,124525431,5,0,0,3584,10,3242340043
12283,122211330,13573986,135785316,7,0,1,61952,4,995199119
12284,122224030,5042896,127266926,0,0,0,10240,11,1492734707
12285,122229400,1948457,124177857,0,0,0,16896,11,3869142257
12286,122250990,3052352,125303342,1,0,0,3584,17,3081689047
12287,122268820,4008368,126277188,1,0,0,5120,17,2714960003
12288,122270500,13548471,135818971,7,0,1,31232,4,2776230325
12289,122279320,13574151,135853471,7,0,1,19456,4,10706293236
12290,122285370,13580224,135865594,4,0,1,3072,5,946930445
12291,122295680,13574968,135870648,4,0,1,17920,5,6326209068
12292,122297710,5035537,127333247,9,0,0,4608,3,8938658561
12293,122298350,13574440,135872790,4,0,1,6144,5,8693271203
12294,122299380,4169678,126469058,2,0,0,41984,12,1165642235
12295,122301010,13591686,135892696,1,0,1,9216,17,2148184155
12296,122303800,3913409,126217209,1,0,0,182784,17,1589877809
12297,122305510,13617618,135923128,7,0,1,56320,4,9938726436
12298,122317950,1900859,124218809,2,0,0,23552,12,1881872534
12299,122326991,2933212,125260203,5,0,0,45568,10,2262934177
12300,122358910,3881456,126240366,8,0,0,63488,8,10717718395
12301,122361100,3106781,125467881,1,0,0,26624,17,755592106
12302,122368590,13599480,135968070,7,0,1,50176,4,8806022998
12303,122372821,4273917,126646738,5,0,0,15872,10,1613889000
12304,122374340,4133119,126507459,0,0,0,8192,11,6894207250
12305,122376000,1776618,124152618,0,0,0,31232,11,1677026306
12306,122380850,2075075,124455925,6,0,0,50688,8,2653257961
12307,122394580,2757344,125151924,6,0,0,12288,8,3886753462
12308,122396870,13581723,135978593,1,0,1,5120,17,810680276
12309,122400360,2252136,124652496,2,0,0,77824,12,10471356635
12310,122406640,3891638,126298278,9,0,0,39936,3,6053885539
12311,122412740,4394251,126806991,1,0,0,61440,17,2101613307
12312,122426350,4904035,127330385,6,0,0,50176,8,8257618335
12313,122429060,3286185,125715245,2,0,0,8192,12,3613437107
12314,122460631,4783005,127243636,5,0,0,77312,10,3005995751
12315,122463400,5093917,127557317,0,0,0,108032,11,803697215
12316,122483850,13500864,135984714,6,0,1,2048,8,9839363470
12317,122485980,13651827,136137807,7,0,1,87040,4,3204531412
12318,122498250,13686859,136185109,1,0,1,2048,17,6821614623
12319,122500430,13688313,136188743,1,0,1,4096,17,10044677227
12320,122501560,13687206,136188766,4,0,1,4608,5,5077991517
12321,122516501,13672296,136188797,3,0,1,19456,0,537465334
12322,122522350,13666478,136188828,1,0,1,5632,17,3243904583
12323,122524530,4831647,127356177,0,0,0,17920,11,5572339720
12324,122550730,13646997,136197727,7,0,1,19456,4,1115231565
12325,122555440,13671285,136226725,4,0,1,10752,5,8703024117
12326,122565270,3333266,125898536,9,0,0,65536,3,3899745466
12327,122566250,13660498,136226748,4,0,1,4608,5,1596194466
12328,122579430,2446156,125025586,9,0,0,512,3,6126077289
12329,122584580,13650317,136234897,7,0,1,28672,4,7032353457
12330,122626120,2031079,124657199,2,0,0,15360,12,107533422
12331,122630260,2151146,124781406,0,0,0,6656,11,1080804419
12332,122630390,13747458,136377848,7,0,1,106496,4,5255177279
12333,122631220,13751235,136382455,4,0,1,3584,5,2300868440
12334,122632820,3718549,126351369,0,0,0,25600,11,9256467323
12335,122634330,14057904,136692234,7,0,1,258560,4,198342995
12336,122637450,14080233,136717683,7,0,1,34816,4,7692746075
12337,122638471,5032624,127671095,5,0,0,92160,10,6544800126
12338,122640350,3580649,126220999,6,0,0,12288,8,10454133676
12339,122645050,14075219,136720269,6,0,1,4096,8,3548695981
12340,122646460,14075505,136721965,1,0,1,2560,17,3024785213
12341,122662130,14193731,136855861,7,0,1,123904,4,6106738629
12342,122663880,14199979,136863859,6,0,1,6144,8,4283784682
12343,122665720,3786702,126452422,1,0,0,71168,17,5628005481
12344,122682340,14183949,136866289,4,0,1,1024,5,8138009139
12345,122696600,14260778,136957378,7,0,1,85504,4,674226061
12346,122711600,2166919,124878519,0,0,0,13312,11,7017746267
12347,122713800,14283837,136997637,6,0,1,6656,8,5992448573
12348,122716800,3564669,126281469,0,0,0,11264,11,4890004280
12349,122728340,14269320,136997660,4,0,1,2048,5,8240483160
12350,122732521,14314492,137047013,3,0,1,90112,0,5838772276
12351,122737130,14322429,137059559,7,0,1,8192,4,10102670463
12352,122737660,14327254,137064914,1,0,1,5632,17,7355053312
12353,122742380,2217901,124960281,9,0,0,1536,3,3661532509
12354,122743680,14368583,137112263,6,0,1,16896,8,248551177
12355,122749500,3347251,126096751,9,0,0,1536,3,823362480
12356,122751990,5011989,127763979,1,0,0,6656,17,637894430
12357,122758220,3527867,126286087,1,0,0,14336,17,5118281480
12358,122760910,14354204,137115114,7,0,1,14336,4,9983118526
12359,122765600,14439665,137205265,7,0,1,29696,4,9035457186
12360,122771090,14434198,137205288,7,0,1,17920,4,1178212629
12361,122773400,14444787,137218187,4,0,1,512,5,8452110379
12362,122776800,14443013,137219813,1,0,1,2560,17,5093774002
12363,122791660,14428819,137220479,4,0,1,1024,5,5860611557
12364,122793540,14431765,137225305,6,0,1,7680,8,8726458445
12365,122794820,14433711,137228531,4,0,1,5120,5,8479806924
12366,122814040,3603525,126417565,2,0,0,63488,12,1481874657
12367,122817710,3813850,126631560,6,0,0,131072,8,9453723843
12368,122819680,2626885,125446565,9,0,0,512,3,4773138354
12369,122820250,4628028,127448278,2,0,0,25088,12,4242299931
12370,122847400,14405828,137253228,6,0,1,2560,8,2020693953
12371,122852851,3678489,126531340,5,0,0,56832,10,5832167562
12372,122864490,14415871,137280361,6,0,1,7168,8,881579544
12373,122876781,14446820,137323601,3,0,1,77312,0,6635094309
12374,122879541,5047888,127927429,5,0,0,17408,10,613939964
12375,122880020,2965563,125845583,0,0,0,119296,11,921279438
12376,122880181,2674860,125555041,5,0,0,10240,10,5193932771
12377,122898950,14483080,137382030,6,0,1,1024,8,830241117
12378,122899220,2459721,125358941,0,0,0,9216,11,5952041057
12379,122907030,3008556,125915586,0,0,0,36864,11,7206754638
12380,122910991,5192963,128103954,5,0,0,79872,10,2744041433
12381,122918410,14463643,137382053,6,0,1,3072,8,10227464643
12382,122941061,14441015,137382076,3,0,1,12800,0,5521430072
12383,122949861,14503857,137453718,3,0,1,88064,0,2411989994
12384,122952621,3777411,126730032,5,0,0,37376,10,6670051290
12385,122958370,3924614,126882984,9,0,0,3584,3,2147568175
12386,122969250,2405657,125374907,2,0,0,46592,12,1727851629
12387,122971720,2388960,125360680,2,0,0,5632,12,790752470
12388,122972040,4542293,127514333,6,0,0,20992,8,7194375424
12389,122973520,2265044,125238564,2,0,0,1536,12,1842452505
12390,122983780,2491086,125474866,0,0,0,3584,11,6917251441
12391,122984381,14507534,137491915,3,0,1,29184,0,765522727
12392,122985510,4063234,127048744,6,0,0,137216,8,8576253146
12393,122991829,14526555,137518384,2,0,1,1024,12,6540330973
12394,123002601,14616652,137619253,3,0,1,76288,0,130747014
12395,123008801,14850527,137859328,3,0,1,119808,0,8839056629
12396,123009840,2466530,125476370,6,0,0,4608,8,10246099656
12397,123012710,14895326,137908036,7,0,1,28160,4,1636499944
12398,123023150,15032556,138055706,7,0,1,109568,4,4647647822
12399,123023950,4291124,127315074,0,0,0,152576,11,4651811402
12400,123034190,15073323,138107513,7,0,1,50176,4,230419197
12401,123043300,2416438,125459738,9,0,0,512,3,7954543149
12402,123061261,2398298,125459559,5,0,0,20480,10,3237159289
12403,123070430,3249586,126320016,2,0,0,64512,12,425760340
12404,123075050,3762228,126837278,2,0,0,99328,12,1200472966
12405,123075931,2682586,125758517,5,0,0,512,10,704576743
12406,123103130,3145706,126248836,2,0,0,27648,12,9301828514
12407,123104700,3641891,126746591,2,0,0,54272,12,8994822941
12408,123113170,4491999,127605169,2,0,0,30208,12,2547574499
12409,123120511,15011242,138131753,3,0,1,52736,0,4313688285
12410,123124110,2584393,125708503,9,0,0,512,3,3580105178
12411,123131450,15006307,138137757,7,0,1,21504,4,7167956482
12412,123131671,15106275,138237946,3,0,1,109568,0,3635689559
12413,123131780,3556508,126688288,2,0,0,75264,12,3755404900
12414,123147660,15090309,138237969,6,0,1,4096,8,6028412047
12415,123166590,3083072,126249662,1,0,0,2560,17,8128638427
12416,123187191,15081736,138268927,3,0,1,31744,0,126703125
12417,123197510,15076056,138273566,0,0,1,512,11,4386152240
12418,123199640,5138103,128337743,2,0,0,44032,12,28218037
12419,123204341,4556940,127761281,5,0,0,24064,10,2556781332
12420,123204590,15074161,138278751,6,0,1,16384,8,9474035958
12421,123204920,3734412,126939332,0,0,0,34304,11,612163443
12422,123210431,3553678,126764109,5,0,0,57344,10,5943225445
12423,123212281,15071235,138283516,3,0,1,3072,0,9891688628
12424,123212750,4135519,127348269,1,0,0,33792,17,9964843703
12425,123219521,2684810,125904331,5,0,0,18944,10,8207450284
12426,123220120,3100075,126320195,9,0,0,512,3,10407275406
12427,123257450,15074799,138332249,7,0,1,20992,4,2339185944
12428,123260069,3021579,126281648,7,0,0,512,4,7284990246
12429,123261770,15070502,138332272,6,0,1,4608,8,6870247785
12430,123278601,2571529,125850130,5,0,0,14848,10,8915967013
12431,123284400,15053888,138338288,7,0,1,36352,4,10562024078
12432,123285101,3772635,127057736,5,0,0,29184,10,7529245066
12433,123312610,5145346,128457956,0,0,0,4096,11,3415677946
12434,123338340,15000614,138338954,4,0,1,1024,5,6774526434
12435,123352120,14995330,138347450,6,0,1,10240,8,7651476405
12436,123356720,2584824,125941544,9,0,0,512,3,10606436643
12437,123366570,3693153,127059723,0,0,0,6144,11,3855367115
12438,123370270,2930059,126300329,2,0,0,6656,12,4905938986
12439,123377810,15183133,138560943,7,0,1,97792,4,8562048275
12440,123378090,3698379,127076469,0,0,0,30720,11,7695403603
12441,123380441,15180525,138560966,3,0,1,2560,0,6057623784
12442,123380821,15224051,138604872,3,0,1,40960,0,609120981
12443,123386601,3542256,126928857,5,0,0,67072,10,430496923
12444,123395110,15221569,138616679,6,0,1,12288,8,10091650101
12445,123396990,15280176,138677166,7,0,1,24064,4,10712744099
12446,123403970,3476464,126880434,1,0,0,11264,17,10345993798
12447,123407371,15399955,138807326,3,0,1,43520,0,218769306
12448,123408421,3673375,127081796,5,0,0,17408,10,5630338797
12449,123427201,15388393,138815594,3,0,1,12288,0,1786915665
12450,123438231,2948466,126386697,5,0,0,25600,10,9308409989
12451,123446090,15381948,138828038,6,0,1,2048,8,8287380826
12452,123453010,3088458,126541468,0,0,0,1024,11,154094432
12453,123455570,2822444,126278014,9,0,0,1536,3,2163226335
12454,123460600,3961736,127422336,6,0,0,56832,8,2986410543
12455,123461241,15607621,139068862,3,0,1,63488,0,5374647750
12456,123466120,2990123,126456243,6,0,0,10752,8,4863131281
12457,123501750,15571682,139073432,7,0,1,41472,4,3223359189
12458,123505120,2893078,126398198,2,0,0,22016,12,5591470779
12459,123518280,4381442,127899722,0,0,0,1536,11,5761642494
12460,123529281,15544174,139073455,3,0,1,37376,0,9418746638
12461,123537151,4022061,127559212,5,0,0,6144,10,2223896557
12462,123559260,15530619,139089879,6,0,1,2560,8,375844953
12463,123576961,3088364,126665325,5,0,0,60928,10,1987753005
12464,123589560,15500342,139089902,7,0,1,9728,4,6413917984
12465,123613600,4423886,128037486,2,0,0,23040,12,50595330
12466,123616770,2865492,126482262,9,0,0,1536,3,2815514506
12467,123633000,2784900,126417900,1,0,0,1024,17,8905359778
12468,123652130,15437795,139089925,7,0,1,4096,4,6238388114
12469,123655970,4018580,127674550,2,0,0,11264,12,2640200674
12470,123656260,15451362,139107622,1,0,1,6656,17,9314911974
12471,123664700,15447108,139111808,1,0,1,6656,17,10579978870
12472,123665420,3219459,126884879,6,0,0,6144,8,3351574412
12473,123703160,3560623,127263783,0,0,0,66048,11,867878748
12474,123715701,2671175,126386876,5,0,0,512,10,908625037
12475,123720380,15420933,139141313,1,0,1,12288,17,3222457947
12476,123743800,3405926,127149726,1,0,0,41472,17,7620981127
12477,123771500,4859714,128631214,6,0,0,133120,8,8593952324
12478,123784570,15361249,139145819,1,0,1,7168,17,10317720534
12479,123786730,15375346,139162076,1,0,1,512,17,5801820717
12480,123809241,15482711,139291952,3,0,1,140288,0,6012926613
12481,123818740,3290189,127108929,0,0,0,30720,11,1227873479
12482,123834410,15457565,139291975,9,0,1,10240,3,2234056105
12483,123838040,15475688,139313728,8,0,1,1536,8,8110788138
12484,123864741,3632028,127496769,5,0,0,47616,10,8429438157
12485,123872980,15440771,139313751,6,0,1,10240,8,8588200885
12486,123888371,3443449,127331820,5,0,0,4608,10,4352019836
12487,123900880,2948433,126849313,2,0,0,39424,12,5154845341
12488,123943740,2823364,126767104,2,0,0,9728,12,6765279108
12489,123954130,2515754,126469884,9,0,0,512,3,2776242338
12490,123988160,15325614,139313774,9,0,1,8704,3,9054648898
12491,124050820,3457094,127507914,6,0,0,9216,8,6780742282
12492,124054420,3449080,127503500,2,0,0,22016,12,8408869488
12493,124057900,2711567,126769467,0,0,0,7680,11,9843136912
12494,124066010,3729910,127795920,0,0,0,1536,11,671605493
12495,124085501,2615134,126700635,5,0,0,40448,10,8393137560
12496,124106760,2871848,126978608,2,0,0,86016,12,6227607248
12497,124114130,15230975,139345105,9,0,1,6144,3,10028096463
12498,124128270,2575820,126704090,0,0,0,11264,11,3602864470
12499,124142630,3632136,127774766,1,0,0,35328,17,69006974
12500,124173181,2468698,126641879,5,0,0,33792,10,9013699113
12501,124176370,4038146,128214516,0,0,0,113152,11,152115727
12502,124194340,2275365,126469705,9,0,0,2048,3,9934250303
12503,124207740,2799173,127006913,0,0,0,39936,11,6552890910
12504,124222961,3345478,127568439,5,0,0,30208,10,2158252573
12505,124226441,2365137,126591578,5,0,0,18944,10,3725400245
12506,124232910,3491699,127724609,6,0,0,98304,8,6084341289
12507,124258640,2518512,126777152,1,0,0,16896,17,4420925402
12508,124281631,2600230,126881861,5,0,0,4608,10,5465846815
12509,124282570,3623579,127906149,6,0,0,20992,8,3233783738
12510,124319880,4136805,128456685,2,0,0,59904,12,7620418789
12511,124336990,3031846,127368836,2,0,0,41472,12,5320486342
12512,124344090,3554962,127899052,2,0,0,49664,12,8941090621
12513,124351030,14995845,139346875,6,0,1,1024,8,5803330118
12514,124364430,3661179,128025609,0,0,0,1024,11,7264208521
12515,124383040,14963858,139346898,9,0,1,1024,3,8736612756
12516,124394190,2739501,127133691,2,0,0,32256,12,6146094968
12517,124404070,3899105,128303175,0,0,0,89088,11,10533993207
12518,124405360,2471619,126876979,2,0,0,6656,12,10588902843
12519,124423340,14923581,139346921,9,0,1,1536,3,9761922334
12520,124431241,3050997,127482238,5,0,0,37376,10,3177237670
12521,124450161,2686906,127137067,5,0,0,9728,10,4814418228
12522,124460620,2606458,127067078,6,0,0,24064,8,10476419311
12523,124465830,14881114,139346944,9,0,1,3072,3,6081391355
12524,124512100,2582661,127094761,9,0,0,3072,3,547925592
12525,124521890,4051249,128573139,0,0,0,107008,11,6824669290
12526,124545440,3681758,128227198,1,0,0,40448,17,8965754739
12527,124550830,14797206,139348036,9,0,1,7680,3,2910042309
12528,124556001,3469273,128025274,5,0,0,20480,10,5709006963
12529,124557090,2421697,126978787,9,0,0,512,3,4745449343
12530,124563210,3389195,127952405,0,0,0,38400,11,1643217832
12531,124569090,2699115,127268205,1,0,0,4096,17,7150407550
12532,124594311,4191116,128785427,5,0,0,40960,10,5382492107
12533,124594510,4087830,128682340,6,0,0,22528,8,8541976083
12534,124599940,3179381,127779321,0,0,0,14848,11,9781627814
12535,124612520,4100588,128713108,2,0,0,32768,12,2416901133
12536,124619270,14729752,139349022,4,0,1,1536,5,1104043121
12537,124627300,14763566,139390866,9,0,1,15360,3,7700591223
12538,124638940,14755152,139394092,4,0,1,5120,5,2970921496
12539,124640180,2734919,127375099,6,0,0,20480,8,4007287675
12540,124662180,2430333,127092513,9,0,0,2048,3,6864582400
12541,124675330,2492668,127167998,6,0,0,3072,8,9867931453
12542,124679230,3441930,128121160,2,0,0,23552,12,2824548559
12543,124682510,14762452,139444962,9,0,1,3584,3,3252141552
12544,124706550,14738435,139444985,4,0,1,2048,5,6634389305
12545,124714311,2677784,127392095,5,0,0,7680,10,9110708708
12546,124717380,2723231,127440611,0,0,0,59904,11,8233624673
12547,124724821,2745819,127470640,5,0,0,71168,10,5340663664
12548,124734701,3417803,128152504,5,0,0,23552,10,9060158067
12549,124756980,14688028,139445008,4,0,1,4608,5,5793482486
12550,124789280,3535024,128324304,1,0,0,28160,17,6704400740
12551,124795000,2473540,127268540,9,0,0,1024,3,9969160600
12552,124799430,2796512,127595942,2,0,0,36864,12,1520818409
12553,124805810,2888808,127694618,6,0,0,10240,8,1913357609
12554,124808200,14636831,139445031,4,0,1,2560,5,10028451358
12555,124815330,2793934,127609264,0,0,0,3072,11,5277314471
12556,124824670,2526024,127350694,4,0,0,7680,5,3605084234
12557,124843090,14601964,139445054,9,0,1,1024,3,3967085529
12558,124874680,2706979,127581659,2,0,0,28672,12,10665534071
12559,124877450,3469488,128346938,2,0,0,24064,12,3695570038
12560,124887670,2680948,127568618,9,0,0,512,3,2337154573
12561,124901170,2671722,127572892,2,0,0,13824,12,5012531136
12562,124902510,14542567,139445077,9,0,1,4096,3,2890613570
12563,124912670,2778797,127691467,1,0,0,5632,17,2720929470
12564,124923750,2581333,127505083,1,0,0,5120,17,9064283997
12565,124928420,3916743,128845163,2,0,0,70656,12,10089899985
12566,124930420,14514680,139445100,9,0,1,2048,3,8487506404
12567,124941290,3029382,127970672,9,0,0,1536,3,9640548810
12568,124949920,2812008,127761928,9,0,0,2048,3,5994354881
12569,125010670,14434453,139445123,0,0,1,1024,11,9208460711
12570,125048290,2289660,127337950,0,0,0,15360,11,4069700928
12571,125052290,4062694,129114984,1,0,0,17920,17,2424104962
12572,125066390,3289860,128356250,1,0,0,2048,17,6602099090
12573,125071640,14373933,139445573,6,0,1,18944,8,2075852890
12574,125073770,3195773,128269543,2,0,0,2560,12,2996375772
12575,125093270,2355655,127448925,9,0,0,2048,3,7644171134
12576,125100070,2965836,128065906,0,0,0,1536,11,1933597430
12577,125103210,14344629,139447839,6,0,1,3584,8,2818034484
12578,125128290,2755607,127883897,1,0,0,136192,17,3939654110
12579,125136530,2334297,127470827,6,0,0,512,8,4138044996
12580,125152850,14311482,139464332,6,0,1,1024,8,312617197
12581,125162640,2580020,127742660,6,0,0,3072,8,6709100072
12582,125174240,3187181,128361421,0,0,0,16896,11,6364574362
12583,125174800,14290838,139465638,6,0,1,2048,8,6243616625
12584,125177320,14290264,139467584,4,0,1,3072,5,2570583732
12585,125185840,3082253,128268093,6,0,0,134144,8,5023094482
12586,125205181,3656633,128861814,5,0,0,3584,10,10205540112
12587,125215160,2309191,127524351,6,0,0,14336,8,8327245978
12588,125220100,2469628,127689728,0,0,0,19968,11,2271463695
12589,125220170,2463451,127683621,1,0,0,29696,17,3422350752
12590,125229550,2884411,128113961,6,0,0,32768,8,2777194045
12591,125238660,14257243,139495903,6,0,1,3072,8,2925629635
12592,125252280,2728450,127980730,6,0,0,20480,8,2811426432
12593,125259420,2814680,128074100,2,0,0,14848,12,2724444468
12594,125263110,14236019,139499129,6,0,1,5120,8,6118989817
12595,125263970,14236145,139500115,6,0,1,1536,8,1956316359
12596,125276840,14223941,139500781,4,0,1,1024,5,1371765184
12597,125277230,2680422,127957652,2,0,0,10752,12,2712474160
12598,125319660,14183067,139502727,4,0,1,3072,5,9826838241
12599,125327250,3876336,129203586,6,0,0,70656,8,3903309763
12600,125331380,2251512,127582892,0,0,0,1536,11,7023428
12601,125331620,2590482,127922102,2,0,0,36352,12,6911928065
12602,125341050,3022266,128363316,2,0,0,6144,12,1017612228
12603,125344500,14162413,139506913,4,0,1,18944,5,9706707264
12604,125357530,2612651,127970181,6,0,0,7680,8,7982032555
12605,125361910,2544590,127906500,6,0,0,1024,8,9171742939
12606,125365240,3073162,128438402,0,0,0,57856,11,676062793
12607,125365880,3522244,128888124,6,0,0,1536,8,3283624722
12608,125399410,2599172,127998582,2,0,0,46592,12,9181238438
12609,125399840,14129782,139529622,6,0,1,3072,8,8204956919
12610,125400640,14129005,139529645,4,0,1,3072,5,5184971118
12611,125403960,2320828,127724788,6,0,0,512,8,7347617664
12612,125406610,3985940,129392550,0,0,0,63488,11,5803416830
12613,125411630,14165364,139576994,4,0,1,512,5,6949809859
12614,125428650,2470581,127899231,9,0,0,512,3,10255049455
12615,125443110,14134550,139577660,6,0,1,1024,8,1173401565
12616,125477520,14100806,139578326,6,0,1,1024,8,1533705053
12617,125477810,2474938,127952748,9,0,0,1024,3,206985901
12618,125505340,2422268,127927608,6,0,0,512,8,1224855739
12619,125530680,14049272,139579952,6,0,1,2560,8,8348100338
12620,125587030,2768550,128355580,6,0,0,1024,8,4907588396
12621,125603871,2553336,128157207,5,0,0,15360,10,8029638687
12622,125629270,13951348,139580618,6,0,1,11264,8,5781985432
12623,125632500,2295763,127928263,0,0,0,2048,11,8024990732
12624,125647790,13946109,139593899,8,0,1,512,8,583248773
12625,125647940,13969492,139617432,4,0,1,12800,5,1114229270
12626,125648120,3329830,128977950,2,0,0,53248,12,4646189057
12627,125668420,13949358,139617778,6,0,1,512,8,6889385911
12628,125670011,2263995,127934006,5,0,0,9216,10,7748553567
12629,125679360,13939404,139618764,6,0,1,1536,8,3143432866
12630,125724880,13895164,139620044,8,0,1,14336,8,493783901
12631,125725260,2734591,128459851,2,0,0,6144,12,4200606157
12632,125725750,2629487,128355237,2,0,0,27136,12,434302639
12633,125726080,2279977,128006057,6,0,0,512,8,1308088525
12634,125736710,13932585,139669295,4,0,1,7680,5,6718458450
12635,125758680,13910638,139669318,4,0,1,512,5,9970557249
12636,125760300,13911147,139671447,4,0,1,6144,5,1816141229
12637,125769310,13945738,139715048,6,0,1,8192,8,507213750
12638,125782270,2265222,128047492,6,0,0,1536,8,8244428949
12639,125793010,13922061,139715071,4,0,1,8704,5,4059217527
12640,125817241,2648607,128465848,5,0,0,14848,10,10533025925
12641,125818250,2396601,128214851,9,0,0,1024,3,124203512
12642,125826150,13964336,139790486,8,0,1,43008,8,8810102308
12643,125843541,2472160,128315701,5,0,0,40960,10,1322934049
12644,125846290,2311096,128157386,9,0,0,512,3,4846202945
12645,125883230,3568934,129452164,0,0,0,44032,11,6051752455
12646,125910180,13917271,139827451,8,0,1,7168,8,7413701752
12647,125912130,13915987,139828117,6,0,1,1024,8,7527617153
12648,125916280,2352460,128268740,6,0,0,2048,8,3025251770
12649,125924920,13903863,139828783,6,0,1,1024,8,6001817947
12650,125944340,13885109,139829449,6,0,1,1024,8,9827371180
12651,125951710,13878085,139829795,4,0,1,512,5,9426952424
12652,125975850,2431975,128407825,0,0,0,16384,11,2489505091
12653,125980780,13851921,139832701,6,0,1,4608,8,4696785039
12654,125990620,13842747,139833367,4,0,1,1024,5,606604405
12655,126000350,2400567,128400917,2,0,0,26112,12,22163260
12656,126036380,13800213,139836593,4,0,1,5120,5,4107658759
12657,126043730,2295830,128339560,0,0,0,5120,11,10506619869
12658,126054131,2478162,128532293,5,0,0,3072,10,6522998425
12659,126110611,2165351,128275962,5,0,0,20992,10,6818641228
12660,126131370,13707555,139838925,0,0,1,2048,11,5664239635
12661,126155910,13684961,139840871,6,0,1,3072,8,3083831338
12662,126177210,2160735,128337945,9,0,0,512,3,6290822002
12663,126177420,2489275,128666695,0,0,0,15360,11,5764459949
12664,126205721,2892144,129097865,5,0,0,49152,10,5027841005
12665,126211430,13630747,139842177,6,0,1,2048,8,5653074256
12666,126213280,3426149,129639429,6,0,0,1024,8,3297692696
12667,126220441,13670467,139890908,3,0,1,39936,0,735838866
12668,126229481,13668058,139897539,3,0,1,10752,0,1097232563
12669,126241080,13660946,139902026,6,0,1,2048,8,10629439890
12670,126242620,13660392,139903012,4,0,1,1536,5,8064314081
12671,126247790,2397175,128644965,0,0,0,45056,11,6057101943
12672,126252760,2208362,128461122,0,0,0,4096,11,3632082008
12673,126254590,13649408,139903998,4,0,1,1536,5,1435765834
12674,126256850,2271029,128527879,2,0,0,61440,12,8808934368
12675,126266370,3455163,129721533,0,0,0,85504,11,561158862
12676,126277480,2263032,128540512,2,0,0,20480,12,2733443141
12677,126284831,13731958,140016789,3,0,1,23552,0,827792161
12678,126292951,13794912,140087863,3,0,1,29696,0,2234841741
12679,126293790,2393455,128687245,9,0,0,1024,3,7080020676
12680,126294930,13798127,140093057,6,0,1,8192,8,10717395407
12681,126297030,13797947,140094977,6,0,1,8704,8,8185470772
12682,126299670,2161631,128461301,6,0,0,512,8,9630261431
12683,126338450,2480536,128818986,2,0,0,65536,12,6596967369
12684,126339920,2614100,128954020,2,0,0,82944,12,6083981905
12685,126362550,13800460,140163010,0,0,1,2560,11,4521206271
12686,126364040,2282508,128646548,0,0,0,5120,11,9394013379
12687,126368750,2390750,128759500,2,0,0,20992,12,8061373305
12688,126376501,13796367,140172868,3,0,1,39424,0,7330719560
12689,126393380,2137954,128531334,2,0,0,11264,12,10296184155
12690,126397201,2328288,128725489,5,0,0,22528,10,3240575947
12691,126424790,2893590,129318380,2,0,0,25600,12,2145364754
12692,126426820,2433879,128860699,6,0,0,2560,8,2780583048
12693,126430531,13776358,140206889,3,0,1,32768,0,3200436696
12694,126433411,2472308,128905719,5,0,0,22016,10,1864798235
12695,126442991,2915851,129358842,5,0,0,114176,10,10343038498
12696,126454271,13753386,140207657,3,0,1,11776,0,3907560255
12697,126457510,2076739,128534249,9,0,0,1536,3,10414318758
12698,126458860,13790331,140249191,6,0,1,6656,8,4767612401
12699,126462230,2518707,128980937,2,0,0,9728,12,6486311507
12700,126484660,2334505,128819165,9,0,0,512,3,5266749781
12701,126495871,13842144,140338015,3,0,1,65024,0,8267801597
12702,126496880,2362970,128859850,0,0,0,48128,11,1884435577
12703,126509531,13877769,140387300,3,0,1,33792,0,1650871339
12704,126513581,2568459,129082040,5,0,0,4608,10,9588776751
12705,126530290,2368698,128898988,0,0,0,20992,11,4502437934
12706,126534050,13871231,140405281,1,0,1,5632,17,2167834707
12707,126545190,13860114,140405304,1,0,1,1536,17,276395543
12708,126553100,2428016,128981116,6,0,0,512,8,5206480383
12709,126553820,2437927,128991747,2,0,0,34816,12,8091147083
12710,126563280,2317998,128881278,2,0,0,17920,12,2169253845
12711,126572100,13845574,140417674,5,0,1,13312,10,5460206698
12712,126585230,2941855,129527085,2,0,0,36864,12,422025703
12713,126603131,13815385,140418516,3,0,1,10752,0,7234062347
12714,126604680,2314990,128919670,9,0,0,2048,3,480641339
12715,126610080,13808467,140418547,8,0,1,6144,8,7006759986
12716,126614800,13804213,140419013,9,0,1,1536,3,9149477382
12717,126616841,13802838,140419679,3,0,1,1024,0,7749691936
12718,126623250,2289097,128912347,9,0,0,512,3,6952648361
12719,126634691,13786934,140421625,3,0,1,3072,0,10262880723
12720,126652050,2271916,128923966,9,0,0,1024,3,1866042912
12721,126668530,2970229,129638759,2,0,0,132096,12,6563637396
12722,126669780,2439425,129109205,0,0,0,36864,11,1129001621
12723,126677670,13745261,140422931,1,0,1,2048,17,6133679221
12724,126707460,13716777,140424237,8,0,1,2048,8,1227635789
12725,126725680,13700503,140426183,1,0,1,3072,17,7982174685
12726,126727661,13737091,140464752,3,0,1,3072,0,5275093800
12727,126736540,2390127,129126667,0,0,0,27648,11,10565283138
12728,126762981,2317632,129080613,5,0,0,95232,10,2902986252
12729,126775760,2396735,129172495,2,0,0,24576,12,2238229886
12730,126780270,13684505,140464775,1,0,1,1024,17,4294790213
12731,126784630,2260874,129045504,9,0,0,512,3,405464933
12732,126789610,2530696,129320306,2,0,0,4096,12,6536843490
12733,126805020,2375065,129180085,2,0,0,12800,12,7928213
12734,126808070,13656728,140464798,1,0,1,4608,17,8576259453
12735,126813780,13651041,140464821,1,0,1,5632,17,4480058271
12736,126829210,13635634,140464844,1,0,1,2048,17,817832401
12737,126834060,2385149,129219209,2,0,0,51200,12,2938603688
12738,126860701,13604166,140464867,3,0,1,8192,0,598108412
12739,126865460,2372838,129238298,6,0,0,512,8,7954698707
12740,126881860,13583030,140464890,8,0,1,2560,8,5009957747
12741,126886510,2415242,129301752,0,0,0,99328,11,4140363448
12742,126890930,2245328,129136258,6,0,0,512,8,3832545003
12743,126901711,2499123,129400834,5,0,0,17920,10,5769804763
12744,126902160,2180706,129082866,2,0,0,2560,12,9255320255
12745,126902240,2457272,129359512,6,0,0,2048,8,7714546261
12746,126903979,13560934,140464913,2,0,1,6656,12,5083921884
12747,126906970,2312597,129219567,9,0,0,512,3,5274215670
12748,126911511,2307877,129219388,5,0,0,512,10,6073681134
12749,126924570,2727726,129652296,6,0,0,2048,8,797785603
12750,126939511,2298608,129238119,5,0,0,21504,10,1617725060
12751,126977220,13487716,140464936,1,0,1,2560,17,5939304589
12752,126998760,2829622,129828382,2,0,0,47104,12,5791390687
12753,127031910,2796651,129828561,9,0,0,512,3,7757090332
12754,127070260,13394707,140464967,1,0,1,512,17,7651863279
12755,127083440,2224910,129308350,0,0,0,20992,11,4982991307
12756,127087180,13377810,140464990,1,0,1,2560,17,5871159084
12757,127105890,13359147,140465037,1,0,1,14336,17,1178885498
12758,127106680,13362719,140469399,1,0,1,1536,17,6400322305
12759,127111300,2190631,129301931,9,0,0,512,3,6771359025
12760,127134160,2124677,129258837,9,0,0,1536,3,7973956285
12761,127179100,2065879,129244979,6,0,0,1024,8,4301769954
12762,127180200,13292425,140472625,1,0,1,5120,17,250670455
12763,127182120,2177571,129359691,6,0,0,512,8,1203250475
12764,127188200,13285411,140473611,8,0,1,1536,8,7616793742
12765,127201820,13272252,140474072,1,0,1,10240,17,2560077282
12766,127224430,2214272,129438702,2,0,0,94208,12,9298961960
12767,127232630,13253761,140486391,1,0,1,2048,17,4541665476
12768,127241230,2077797,129319027,6,0,0,2048,8,7131166749
12769,127246170,2064387,129310557,2,0,0,7168,12,1669012885
12770,127257890,2212595,129470485,2,0,0,23040,12,9155199563
12771,127258281,2215059,129473340,5,0,0,9216,10,4076925262
12772,127294121,2169321,129463442,5,0,0,35840,10,1972370513
12773,127311001,2463786,129774787,5,0,0,26112,10,6523588216
12774,127326440,2181980,129508420,9,0,0,512,3,4223579961
12775,127387770,2064729,129452499,6,0,0,1024,8,5928454572
12776,127389930,2401975,129791905,9,0,0,512,3,299913098
12777,127411120,13088882,140500002,1,0,1,6656,17,10574054194
12778,127420430,2550227,129970657,9,0,0,512,3,3067376384
12779,127429640,2253302,129682942,2,0,0,18432,12,4428431147
12780,127436990,13065278,140502268,8,0,1,3584,8,8204350225
12781,127441170,13063044,140504214,1,0,1,3072,17,5374436005
12782,127441790,13085044,140526834,8,0,1,5632,8,3292922487
12783,127445421,2206025,129651446,5,0,0,13824,10,782511399
12784,127461740,2683754,130145494,6,0,0,512,8,9358462490
12785,127486841,2840710,130327551,5,0,0,28160,10,8003088897
12786,127497241,2101224,129598465,5,0,0,44032,10,7898866022
12787,127510170,2137018,129647188,2,0,0,25088,12,6733078912
12788,127552960,2016246,129569206,9,0,0,2560,3,3918367834
12789,127570730,2068364,129639094,9,0,0,1024,3,5486692191
12790,127584820,2363712,129948532,2,0,0,47104,12,7341372927
12791,127653510,2023793,129677303,0,0,0,16896,11,533155294
12792,127666130,12864185,140530315,1,0,1,2560,17,8195243306
12793,127667270,1984379,129651649,6,0,0,512,8,4602472057
12794,127676410,12855276,140531686,1,0,1,5120,17,2314551336
12795,127681460,12854092,140535552,8,0,1,6144,8,784530217
12796,127685280,12853348,140538628,8,0,1,4608,8,4345753952
12797,127710390,1857516,129567906,6,0,0,512,8,6453462723
12798,127725650,12824058,140549708,9,0,1,34816,3,3906459904
12799,127738150,12811904,140550054,8,0,1,512,8,4168291988
12800,127752570,12798470,140551040,1,0,1,1536,17,3746468889
12801,127760750,1906874,129667624,6,0,0,1536,8,6353578272
12802,127764340,2220838,129985178,2,0,0,16384,12,8404164992
12803,127796470,2386246,130182716,2,0,0,99328,12,1304896127
12804,127806200,12749696,140555896,1,0,1,3072,17,7344795395
12805,127811720,2320266,130131986,2,0,0,183808,12,46852139
12806,127814629,12743213,140557842,2,0,1,3072,12,3351329349
12807,127815160,12743668,140558828,1,0,1,1536,17,8993473005
12808,127821750,2376681,130198431,0,0,0,50176,11,8517129448
12809,127825020,12749645,140574665,8,0,1,512,8,10146871554
12810,127841810,2042901,129884711,9,0,0,1024,3,10485411102
12811,127847340,2297975,130145315,6,0,0,512,8,8749078617
12812,127860320,1835138,129695458,9,0,0,1024,3,7171087660
12813,127861340,12715911,140577251,8,0,1,4096,8,2753144512
12814,127864430,12712975,140577405,1,0,1,8704,17,8418312806
12815,127865670,1863174,129728844,6,0,0,1536,8,2064716487
12816,127876020,2098009,129974029,9,0,0,1536,3,5625878335
12817,127877180,2274361,130151541,9,0,0,512,3,4534491292
12818,127890211,2254902,130145113,5,0,0,43008,10,9926094665
12819,127890850,12690242,140581092,1,0,1,1536,17,860315753
12820,127891640,1860430,129752070,9,0,0,1024,3,1642165715
12821,127915340,12692592,140607932,1,0,1,17920,17,10215550544
12822,127935450,2108851,130044301,0,0,0,80896,11,5024670874
12823,127949790,12658488,140608278,8,0,1,512,8,4543689935
12824,128018900,12590364,140609264,1,0,1,1536,17,2054159693
12825,128019600,12590010,140609610,7,0,1,512,4,2717023927
12826,128038840,2451073,130489913,0,0,0,28160,11,7028266396
12827,128043470,1818277,129861747,6,0,0,512,8,9970051484
12828,128049631,1938846,129988477,5,0,0,10752,10,7387126215
12829,128064891,2008930,130073821,5,0,0,21504,10,5951108595
12830,128065901,12559837,140625738,3,0,1,3584,0,5170499854
12831,128085690,12544874,140630564,1,0,1,7680,17,8589200433
12832,128093230,2056775,130150005,9,0,0,512,3,7690146969
12833,128114100,12517130,140631230,8,0,1,1024,8,6166016223
12834,128138490,12496286,140634776,1,0,1,5632,17,3939057916
12835,128139690,12505218,140644908,1,0,1,1536,17,199262284
12836,128149211,2331626,130480837,5,0,0,240640,10,8753929733
12837,128164200,12485120,140649320,8,0,1,2560,8,5916187596
12838,128172740,12521200,140693940,5,0,1,36864,10,7700867869
12839,128181620,1827919,130009539,9,0,0,512,3,2022809843
12840,128185271,1772122,129957393,5,0,0,7680,10,5450850974
12841,128201090,12551244,140752334,8,0,1,6144,8,6494678866
12842,128204010,12601200,140805210,1,0,1,512,17,3081092752
12843,128210870,1990433,130201303,6,0,0,512,8,789229272
12844,128229650,1971400,130201050,2,0,0,7168,12,1881336200
12845,128231070,1951981,130183051,6,0,0,1024,8,10459682959
12846,128239180,2056981,130296161,6,0,0,512,8,7078413434
12847,128253090,12557266,140810356,1,0,1,8192,17,8022831955
12848,128253170,1945471,130198641,6,0,0,512,8,9147749751
12849,128271040,12544856,140815896,1,0,1,5632,17,7836266043
12850,128306610,12510816,140817426,4,0,1,1536,5,412248674
12851,128325260,1993688,130318948,8,0,0,61440,8,10365397313
12852,128371520,1827323,130198843,6,0,0,512,8,7810209140
12853,128374270,12447662,140821932,4,0,1,7168,5,9696002348
12854,128382390,12445854,140828244,4,0,1,5120,5,108040768
12855,128414850,1730823,130145673,6,0,0,512,8,517107836
12856,128427540,2066499,130494039,9,0,0,1024,3,5787885594
12857,128430910,12412101,140843011,1,0,1,512,17,4209034771
12858,128516200,1773180,130289380,0,0,0,36864,11,3302870180
12859,128531080,12313237,140844317,0,0,1,2048,11,1341148315
12860,128550210,1777932,130328142,0,0,0,1536,11,10671468897
12861,128591321,1926209,130517530,5,0,0,34304,10,6721748107
12862,128609430,1661813,130271243,6,0,0,512,8,2241645435
12863,128613420,1975882,130589302,2,0,0,34816,12,5967009199
12864,128633750,1896596,130530346,2,0,0,15872,12,9856986768
12865,128635330,1845980,130481310,9,0,0,1024,3,4131292339
12866,128649400,1975516,130624916,0,0,0,63488,11,2658873702
12867,128649480,1683360,130332840,0,0,0,5120,11,4350008907
12868,128689680,1882062,130571742,2,0,0,30208,12,6420648402
12869,128707831,12139392,140847223,3,0,1,4608,0,4054794617
12870,128734381,2252659,130987040,5,0,0,207360,10,10628523688
12871,128740621,1982871,130723492,5,0,0,80896,10,3550893149
12872,128781171,1795586,130576757,5,0,0,16384,10,9044046690
12873,128796571,1602336,130398907,5,0,0,24576,10,9761911819
12874,128808191,1797358,130605549,5,0,0,53248,10,231871204
12875,128834330,12022616,140856946,8,0,1,5632,8,10412316804
12876,128858170,1699901,130558071,9,0,0,512,3,1846990363
12877,128865290,1463031,130328321,6,0,0,512,8,1942820646
12878,128875831,2123868,130999699,5,0,0,41472,10,10706847581
12879,128884510,1965904,130850414,9,0,0,2048,3,5982937381
12880,128885031,2332480,131217511,5,0,0,23552,10,4823428813
12881,128887410,1606270,130493680,2,0,0,12288,12,10582920515
12882,128910690,12006118,140916808,5,0,1,17920,10,4337786286
12883,128922640,1919087,130841727,6,0,0,512,8,1216791217
12884,128933650,1820988,130754638,6,0,0,512,8,7317343919
12885,128934710,1753191,130687901,0,0,0,15360,11,3583007048
12886,128936090,11987950,140924040,4,0,1,1536,5,1639372751
12887,128941700,11983326,140925026,4,0,1,1536,5,3156159980
12888,128972500,1908172,130880672,0,0,0,43008,11,3416177193
12889,128981460,11947432,140928892,8,0,1,6144,8,5580509209
12890,128981780,11951298,140933078,4,0,1,6656,5,2127083793
12891,128993031,11974180,140967211,3,0,1,5632,0,8724763960
12892,129037071,1711739,130748810,5,0,0,81920,10,4865472369
12893,129049410,1962508,131011918,2,0,0,17920,12,2163150686
12894,129063830,1817177,130881007,6,0,0,1024,8,10329543583
12895,129080320,1572253,130652573,0,0,0,15360,11,1534157097
12896,129094360,11873402,140967762,8,0,1,11776,8,4480440930
12897,129124581,11845127,140969708,3,0,1,3072,0,6136050855
12898,129130720,1711521,130842241,6,0,0,1536,8,8827777951
12899,129149300,1856754,131006054,9,0,0,1536,3,730020663
12900,129153500,2142322,131295822,9,0,0,512,3,6095271907
12901,129176030,1488391,130664421,6,0,0,1536,8,1914673515
12902,129182200,1640043,130822243,6,0,0,512,8,4055876844
12903,129194620,11814221,141008841,4,0,1,2048,5,8142508485
12904,129196620,1726706,130923326,0,0,0,25600,11,8426852715
12905,129199510,11849660,141049170,4,0,1,2560,5,9896716525
12906,129204351,11844842,141049193,3,0,1,512,0,6765685413
12907,129215780,1606105,130821885,2,0,0,36352,12,7509152536
12908,129286381,1515885,130802266,5,0,0,2560,10,9321105537
12909,129289681,11761952,141051633,3,0,1,7168,0,10314324828
12910,129311100,1510964,130822064,6,0,0,512,8,8132943560
12911,129312780,1541930,130854710,9,0,0,1024,3,7157098801
12912,129313500,1410327,130723827,6,0,0,1024,8,6889076642
12913,129314850,11755263,141070113,8,0,1,1536,8,3867244268
12914,129317970,11767456,141085426,4,0,1,10752,5,2963304926
12915,129348620,1492928,130841548,2,0,0,52736,12,5818103706
12916,129373680,2107539,131481219,9,0,0,1024,3,7709712358
12917,129409180,2209047,131618227,0,0,0,72192,11,2401481158
12918,129428220,1320792,130749012,6,0,0,512,8,1065442052
12919,129434980,1321194,130756174,6,0,0,512,8,8527900842
12920,129435860,11652472,141088332,4,0,1,4608,5,3467058513
12921,129436940,1683720,131120660,2,0,0,41984,12,3037825625
12922,129451440,11638518,141089958,4,0,1,2560,5,1846571721
12923,129454530,11655467,141109997,4,0,1,12800,5,4335888313
12924,129464961,11645059,141110020,3,0,1,2560,0,9691191904
12925,129508300,11612480,141120780,4,0,1,4608,5,6668774059
12926,129515590,11607776,141123366,1,0,1,4096,17,10482063865
12927,129520890,1484673,131005563,9,0,0,2048,3,2882933064
12928,129523070,1481511,131004581,6,0,0,2560,8,7180731878
12929,129529840,1639858,131169698,2,0,0,117760,12,6898198209
12930,129540940,1463976,131004916,6,0,0,1024,8,1799558929
12931,129541400,1301176,130842576,6,0,0,1024,8,2986160540
12932,129545770,1664534,131210304,2,0,0,117760,12,5950180694
12933,129559170,11568915,141128085,4,0,1,512,5,2204677864
12934,129560511,11568240,141128751,3,0,1,1024,0,5339789642
12935,129564440,11579751,141144191,4,0,1,5120,5,9031400095
12936,129612469,11548146,141160615,2,0,1,4608,12,1086445029
12937,129630830,1429382,131060212,9,0,0,1536,3,3511050668
12938,129646690,11514181,141160871,1,0,1,9216,17,1766613317
12939,129647160,2172924,131820084,2,0,0,172032,12,4868759246
12940,129656700,1347078,131003778,0,0,0,13312,11,3837248340
12941,129657420,11560043,141217463,4,0,1,9728,5,7803441516
12942,129674070,11543416,141217486,1,0,1,1536,17,6717965406
12943,129674579,11542938,141217517,2,0,1,5632,12,10325239505
12944,129675911,1563041,131238952,5,0,0,56832,10,5757495911
12945,129682070,1676476,131358546,2,0,0,45056,12,2380064455
12946,129692601,11524939,141217540,3,0,1,3072,0,559437075
12947,129706901,1570587,131277488,5,0,0,48128,10,5410220246
12948,129709000,1568667,131277667,9,0,0,512,3,3647879569
12949,129711510,11506053,141217563,1,0,1,5120,17,5005120654
12950,129740780,11476806,141217586,1,0,1,2048,17,6636736878
12951,129753210,11464407,141217617,1,0,1,3072,17,379882808
12952,129759960,11458458,141218418,1,0,1,2048,17,7766119416
12953,129764591,1369204,131133795,5,0,0,3072,10,2985527560
12954,129775920,11444444,141220364,4,0,1,3072,5,9728267981
12955,129777910,1604718,131382628,2,0,0,4096,12,8453722065
12956,129798720,1322119,131120839,9,0,0,512,3,5832596574
12957,129811209,11412381,141223590,2,0,1,5120,12,5635931293
12958,129832830,1388783,131221613,9,0,0,512,3,10422978861
12959,129841880,1332521,131174401,2,0,0,15360,12,783462452
12960,129844440,11384296,141228736,9,0,1,8192,3,4273485887
12961,129847480,11382242,141229722,1,0,1,1536,17,10634098381
12962,129861271,1360163,131221434,5,0,0,12800,10,3667145638
12963,129867750,11362318,141230068,4,0,1,512,5,6349114029
12964,129868130,2074932,131943062,0,0,0,31744,11,1707444433
12965,129871199,11374529,141245728,2,0,1,5632,12,10272938519
12966,129879070,1648678,131527748,0,0,0,25600,11,8601812843
12967,129885430,1621442,131506872,0,0,0,26624,11,7364077758
12968,129887661,1570099,131457760,5,0,0,50688,10,5276576344
12969,129892110,1588774,131480884,2,0,0,58368,12,2430927792
12970,129899330,1559077,131458407,6,0,0,2048,8,2780487426
12971,129900441,11362364,141262805,3,0,1,2560,0,2227118653
12972,129907360,1771896,131679256,0,0,0,105984,11,100330360
12973,129920950,1437931,131358881,6,0,0,1024,8,1468099106
12974,129926860,11337891,141264751,1,0,1,3072,17,17223734
12975,129928050,11340887,141268937,4,0,1,6656,5,6254682466
12976,129931420,11358342,141289762,6,0,1,14848,8,6681065937
12977,129963350,1720164,131683514,0,0,0,13824,11,8242188380
12978,129972460,11356846,141329306,4,0,1,10752,5,1471732010
12979,129976210,11372224,141348434,0,0,1,3072,11,5165018265
12980,129978650,11370130,141348780,4,0,1,512,5,2331659186
12981,129987480,1703233,131690713,2,0,0,23552,12,389478551
12982,129988141,11361625,141349766,3,0,1,1536,0,1738485253
12983,129999370,11352662,141352032,1,0,1,3584,17,6599646858
12984,130010729,11341969,141352698,2,0,1,1024,12,3383210558
12985,130016210,11340034,141356244,1,0,1,5632,17,2171222107
12986,130016960,11402850,141419810,1,0,1,2560,17,5212649222
12987,130038020,1493960,131531980,6,0,0,1024,8,8724487602
12988,130046930,1661939,131708869,6,0,0,512,8,9771833957
12989,130059460,1646998,131706458,9,0,0,4608,3,8110454954
12990,130075530,11346226,141421756,6,0,1,3072,8,7391963151
12991,130079350,1779514,131858864,6,0,0,126976,8,6527201736
12992,130096510,1811380,131907890,2,0,0,13312,12,7755547258
12993,130106450,1776500,131882950,2,0,0,35328,12,708002075
12994,130116260,11305842,141422102,4,0,1,512,5,7029908425
12995,130117641,1877783,131995424,5,0,0,67584,10,9535718247
12996,130121090,11301678,141422768,6,0,1,1024,8,9144979301
12997,130125770,11327569,141453339,6,0,1,10752,8,10458625159
12998,130128500,11421499,141549999,6,0,1,20992,8,1130127696
12999,130130009,11485215,141615224,2,0,1,6144,12,8912949137
13000,130133780,11481467,141615247,4,0,1,1024,5,4531110836
13001,130135420,2054217,132189637,0,0,0,113664,11,7595590656
13002,130136570,11478700,141615270,9,0,1,11776,3,10036963171
13003,130147010,1920195,132067205,2,0,0,12288,12,3109170622
13004,130159631,11524208,141683839,3,0,1,512,0,4442718744
13005,130164961,1852639,132017600,5,0,0,33280,10,7966400451
13006,130181900,1878929,132060829,0,0,0,10752,11,7300320498
13007,130190050,11493812,141683862,4,0,1,2048,5,4773570733
13008,130213921,2020842,132234763,5,0,0,33792,10,1643819224
13009,130215000,1713273,131928273,9,0,0,1024,3,4885756259
13010,130219780,1891161,132110941,2,0,0,18944,12,1207929562
13011,130222581,2225982,132448563,5,0,0,47616,10,5911810010
13012,130238590,11447970,141686560,4,0,1,4608,5,6531056928
13013,130244150,11442433,141686583,4,0,1,6144,5,1772582122
13014,130249350,11440890,141690240,9,0,1,6656,3,6111354254
13015,130252910,2022352,132275262,2,0,0,36352,12,5881082006
13016,130254710,11435553,141690263,4,0,1,1024,5,6201226474
13017,130264479,11463434,141727913,2,0,1,1536,12,10625719221
13018,130265430,11462506,141727936,9,0,1,3072,3,6577120208
13019,130267170,11480000,141747170,4,0,1,5120,5,8572166900
13020,130283990,11463203,141747193,1,0,1,8704,17,2370499181
13021,130297020,11490818,141787838,1,0,1,15360,17,2940068689
13022,130309259,11521765,141831024,2,0,1,13824,12,594093731
13023,130351170,2061332,132412502,2,0,0,38400,12,6660903089
13024,130369921,2135607,132505528,5,0,0,43520,10,2436459300
13025,130382430,1923720,132306150,2,0,0,9728,12,9123567722
13026,130389151,2144792,132533943,5,0,0,93184,10,3015210286
13027,130391311,1997667,132388978,5,0,0,25088,10,603906032
13028,130402400,11428647,141831047,4,0,1,2560,5,425071015
13029,130404801,2480136,132884937,5,0,0,3072,10,10664941549
13030,130422101,11408969,141831070,3,0,1,11264,0,5935806363
13031,130428470,2339766,132768236,2,0,0,48128,12,4416009391
13032,130428740,1665546,132094286,9,0,0,512,3,6459457686
13033,130443600,11388563,141832163,1,0,1,3584,17,10375952685
13034,130447921,1884722,132332643,5,0,0,39936,10,6069691916
13035,130451101,11383968,141835069,3,0,1,4608,0,10576060583
13036,130452680,1782262,132234942,9,0,0,512,3,6502980015
13037,130502030,11337545,141839575,9,0,1,7168,3,7764162471
13038,130503180,2033446,132536626,2,0,0,8704,12,10041429280
13039,130505021,2084791,132589812,5,0,0,84480,10,3554810482
13040,130508220,2041313,132549533,2,0,0,41984,12,7247689708
13041,130512111,2082835,132594946,5,0,0,8192,10,7059034940
13042,130514380,11361430,141875810,4,0,1,10752,5,3991981075
13043,130514960,1785310,132300270,9,0,0,512,3,4222340506
13044,130525470,11368832,141894302,9,0,1,4608,3,8586239514
13045,130526460,2279471,132805931,2,0,0,67072,12,8443299267
13046,130535520,11363288,141898808,1,0,1,7168,17,6510406029
13047,130540180,11366064,141906244,4,0,1,2560,5,3529332445
13048,130548180,1829267,132377447,9,0,0,1024,3,920961393
13049,130548329,11359967,141908296,2,0,1,8704,12,2113297866
13050,130552580,11391430,141944010,1,0,1,14336,17,337244280
13051,130554341,2318850,132873191,5,0,0,96256,10,5342446136
13052,130555700,11408051,141963751,4,0,1,10752,5,2047886956
13053,130562600,11401174,141963774,4,0,1,14848,5,548519195
13054,130587761,2443857,133031618,5,0,0,9728,10,2221648545
13055,130601380,11402820,142004200,4,0,1,10240,5,10568559625
13056,130604030,11409935,142013965,1,0,1,2048,17,6003215242
13057,130612000,1632687,132244687,0,0,0,4096,11,10268891292
13058,130623170,11426040,142049210,4,0,1,2048,5,7761654441
13059,130625970,11572991,142198961,4,0,1,30208,5,2752551661
13060,130632521,11568706,142201227,3,0,1,3584,0,10591485286
13061,130642310,2366233,133008543,2,0,0,83968,12,8897415174
13062,130652851,2329392,132982243,5,0,0,112128,10,52912369
13063,130655790,11547063,142202853,1,0,1,2560,17,9759782097
13064,130663030,11540489,142203519,9,0,1,1024,3,6969294675
13065,130680930,2376722,133057652,2,0,0,56320,12,8270765694
13066,130710619,11494526,142205145,2,0,1,2560,12,6930688470
13067,130726021,11479470,142205491,3,0,1,512,0,8329956651
13068,130730100,11476057,142206157,9,0,1,1024,3,7137745466
13069,130740790,11468273,142209063,9,0,1,4608,3,3549609944
13070,130743160,2420332,133163492,6,0,0,184320,8,9359851657
13071,130752530,2158861,132911391,9,0,0,1536,3,4171611180
13072,130753290,2136974,132890264,2,0,0,17408,12,925744450
13073,130755300,11454109,142209409,1,0,1,512,17,8789686177
13074,130756670,11509051,142265721,9,0,1,4608,3,7363556308
13075,130759591,1841309,132600900,5,0,0,6144,10,4449896883
13076,130768540,1783692,132552232,0,0,0,8704,11,4948978022
13077,130775151,11527673,142302824,3,0,1,3072,0,6159182543
13078,130783290,2861867,133645157,2,0,0,195072,12,4656961522
13079,130806930,2026256,132833186,9,0,0,3072,3,7501936606
13080,130811301,2072677,132883978,5,0,0,35328,10,6673236589
13081,130836330,2627775,133464105,6,0,0,315904,8,5521404059
13082,130841510,11461337,142302847,9,0,1,7680,3,3973338605
13083,130842330,11477435,142319765,1,0,1,2048,17,8285748725
13084,130850230,1957284,132807514,0,0,0,5120,11,6490971880
13085,130852780,11478762,142331542,9,0,1,14848,3,5354315985
13086,130857020,11491284,142348304,4,0,1,2048,5,8768400681
13087,130880510,11467817,142348327,9,0,1,1536,3,2007136281
13088,130883250,2408068,133291318,2,0,0,54784,12,7047547990
13089,130894740,2319431,133214171,2,0,0,76288,12,7402283785
13090,130935280,2047656,132982936,9,0,0,512,3,7258811607
13091,130942250,11406100,142348350,9,0,1,3072,3,2611491458
13092,130953530,2058983,133012513,2,0,0,6656,12,6780826121
13093,130959820,11388577,142348397,4,0,1,2048,5,6482385257
13094,130968060,11380360,142348420,1,0,1,9728,17,5674253665
13095,130971680,2219208,133190888,6,0,0,25088,8,5410176085
13096,130987381,2023081,133010462,5,0,0,6144,10,9661242173
13097,130991950,2191162,133183112,0,0,0,34304,11,4993450602
13098,131004090,11352451,142356541,1,0,1,5120,17,6213998453
13099,131013840,11343047,142356887,9,0,1,512,3,10438251924
13100,131020910,2151658,133172568,0,0,0,29184,11,5418648248
13101,131028260,2029883,133058143,9,0,0,1536,3,4879068438
13102,131034960,1947774,132982734,9,0,0,1536,3,3294655654
13103,131039250,11327002,142366252,1,0,1,29184,17,215574222
13104,131041811,11348033,142389844,3,0,1,20992,0,3098059763
13105,131057100,11366696,142423796,4,0,1,5120,5,8616850839
13106,131078569,11345250,142423819,2,0,1,11264,12,10051805778
13107,131089899,11333943,142423842,2,0,1,1536,12,4778872005
13108,131095800,11346671,142442471,1,0,1,7680,17,5446020412
13109,131097080,1979822,133076902,2,0,0,512,12,1383740181
13110,131102750,2150569,133253319,2,0,0,18432,12,2149052911
13111,131107580,11334914,142442494,0,0,1,10752,11,3811279292
13112,131129821,11349701,142479522,3,0,1,16896,0,76757132
13113,131131681,11350107,142481788,3,0,1,3584,0,4194533368
13114,131135101,11347353,142482454,3,0,1,1024,0,3192030225
13115,131138530,2131385,133269915,9,0,0,1024,3,6659122985
13116,131139850,11343270,142483120,9,0,1,1024,3,8074260761
13117,131159300,11328966,142488266,1,0,1,8192,17,9118554904
13118,131162440,2515775,133678215,0,0,0,14848,11,1210657519
13119,131183370,11306842,142490212,9,0,1,3072,3,5123187287
13120,131189460,11314175,142503635,4,0,1,6656,5,6617938264
13121,131202461,2444855,133647316,5,0,0,5120,10,4349930733
13122,131204870,11299111,142503981,9,0,1,512,3,7881205368
13123,131214190,1879367,133093557,0,0,0,1024,11,9686018635
13124,131240310,11268817,142509127,4,0,1,8192,5,8294863041
13125,131246390,11270904,142517294,1,0,1,2560,17,10691581927
13126,131247579,11270586,142518165,2,0,1,12288,12,2003103554
13127,131247960,11343577,142591537,0,0,1,1536,11,7732173100
13128,131257560,11335923,142593483,0,0,1,3072,11,9375671155
13129,131260860,11333289,142594149,1,0,1,1024,17,75319359
13130,131261320,11332983,142594303,0,0,1,8704,11,2522985802
13131,131261561,2223829,133485390,5,0,0,37376,10,5826063355
13132,131272480,2090757,133363237,2,0,0,70656,12,2598269657
13133,131284049,11310600,142594649,2,0,1,512,12,5221318123
13134,131294741,1921949,133216690,5,0,0,8192,10,2492793367
13135,131296610,2022331,133318941,6,0,0,20480,8,8132147288
13136,131304041,1994320,133298361,5,0,0,23040,10,3346713716
13137,131312580,11285295,142597875,0,0,1,5120,11,5578890277
13138,131313100,11288940,142602040,1,0,1,2560,17,6049998506
13139,131315990,11292385,142608375,1,0,1,16384,17,1990087604
13140,131322619,11330172,142652791,2,0,1,1536,12,3942356410
13141,131333439,11327507,142660946,2,0,1,11776,12,4019513495
13142,131340719,11321853,142662572,2,0,1,2560,12,3945002916
13143,131345679,11317239,142662918,2,0,1,512,12,9725741427
13144,131354180,2897347,134251527,6,0,0,11264,8,3497013486
13145,131364800,2122797,133487597,2,0,0,7168,12,9184405820
13146,131367720,1849553,133217273,9,0,0,1536,3,3293242633
13147,131369550,2104429,133473979,2,0,0,14848,12,9938459865
13148,131370490,11294694,142665184,4,0,1,3584,5,9050631677
13149,131383460,2416253,133799713,6,0,0,3072,8,4583609857
13150,131387580,11278590,142666170,1,0,1,1536,17,1538266600
13151,131397960,2104977,133502937,0,0,0,48128,11,3585488181
13152,131398280,2999832,134398112,0,0,0,35328,11,5699146227
13153,131399930,2596642,133996572,2,0,0,32768,12,3919079596
13154,131400939,11268457,142669396,2,0,1,5120,12,9369443961
13155,131425989,11245993,142671982,2,0,1,4096,12,243759419
13156,131438510,2049468,133487978,0,0,0,1024,11,2010016246
13157,131440780,2028652,133469432,6,0,0,17408,8,2003040348
13158,131443610,2658734,134102344,6,0,0,32768,8,10717924546
13159,131447750,2137871,133585621,2,0,0,83456,12,5138631572
13160,131450119,11222119,142672238,2,0,1,9216,12,2046721446
13161,131458240,2061917,133520157,0,0,0,12800,11,8953441630
13162,131462090,2183643,133645733,9,0,0,1536,3,899926123
13163,131470839,11201745,142672584,2,0,1,512,12,275041034
13164,131501960,2146026,133647986,9,0,0,2048,3,8151625818
13165,131509680,11185557,142695237,4,0,1,4608,5,7881504537
13166,131516800,1782083,133298883,9,0,0,1536,3,10047318114
13167,131532090,11182218,142714308,5,0,1,512,10,7054604804
13168,131533869,11185265,142719134,2,0,1,7680,12,6412456814
13169,131534540,11198134,142732674,1,0,1,6144,17,7937841871
13170,131536810,11200149,142736959,5,0,1,2048,10,6717733271
13171,131540320,2308467,133848787,0,0,0,11776,11,6009776908
13172,131545000,11193905,142738905,4,0,1,3072,5,8473553490
13173,131547770,1940480,133488250,9,0,0,512,3,4511061952
13174,131549450,2171155,133720605,0,0,0,6656,11,1402311397
13175,131551300,11222469,142773769,4,0,1,5120,5,3838342578
13176,131570310,11203482,142773792,9,0,1,4608,3,4731368105
13177,131595280,11229469,142824749,4,0,1,2048,5,6020821538
13178,131603790,11220982,142824772,9,0,1,512,3,4035352521
13179,131610380,1949767,133560147,0,0,0,7680,11,2039584578
13180,131611679,11213116,142824795,2,0,1,2048,12,7884941013
13181,131615290,11209528,142824818,1,0,1,19456,17,5565179234
13182,131620720,11204121,142824841,1,0,1,1536,17,4126420202
13183,131631640,2116009,133747649,9,0,0,512,3,4946353803
13184,131634370,2126603,133760973,6,0,0,33280,8,1784968370
13185,131634790,11202479,142837269,4,0,1,7680,5,1044387372
13186,131653550,11217196,142870746,4,0,1,8192,5,7732309141
13187,131656150,2330415,133986565,0,0,0,69632,11,4000664062
13188,131672650,2849271,134521921,6,0,0,39936,8,4886525374
13189,131681360,2316335,133997695,0,0,0,3584,11,3678265057
13190,131684500,2915339,134599839,0,0,0,22016,11,6866907863
13191,131686330,2188601,133874931,2,0,0,40960,12,6968559014
13192,131693640,11177129,142870769,4,0,1,2048,5,8404589274
13193,131695280,11176762,142872042,4,0,1,4096,5,3515641022
13194,131697840,11182388,142880228,9,0,1,1536,3,1671689207
13195,131700050,11247557,142947607,5,0,1,52736,10,4363717322
13196,131717459,11246681,142964140,2,0,1,2048,12,6171101664
13197,131727270,2178837,133906107,1,0,0,24064,17,10656873087
13198,131745850,2283673,134029523,9,0,0,1536,3,4514799420
13199,131747430,11217376,142964806,4,0,1,1024,5,1838038435
13200,131757920,11207552,142965472,1,0,1,1024,17,5574019956
13201,131764349,11206328,142970677,2,0,1,8192,12,2401801366
13202,131784190,11208995,142993185,5,0,1,24576,10,3598829201
13203,131784459,11219755,143004214,2,0,1,14336,12,7382324192
13204,131786280,2042178,133828458,2,0,0,22016,12,4810618477
13205,131802680,11259388,143062068,9,0,1,512,3,234681975
13206,131813630,11248461,143062091,9,0,1,3072,3,871694379
13207,131813910,11276618,143090528,9,0,1,3584,3,4474775782
13208,131817060,1930410,133747470,0,0,0,16896,11,1966857028
13209,131828250,11264544,143092794,4,0,1,3584,5,8639651539
13210,131839720,1886968,133726688,6,0,0,2048,8,9647657751
13211,131839780,11498615,143338395,5,0,1,76800,10,8253072145
13212,131845149,1891458,133736607,7,0,0,512,4,3325319209
13213,131857370,11481048,143338418,1,0,1,10240,17,5505191758
13214,131860470,11477971,143338441,4,0,1,1536,5,8104575449
13215,131862240,2162557,134024797,0,0,0,33792,11,5167721206
13216,131892159,11446305,143338464,2,0,1,5632,12,7958101455
13217,131895580,2465703,134361283,0,0,0,131584,11,6993732125
13218,131899990,2226292,134126282,6,0,0,2048,8,655708062
13219,131911010,11427477,143338487,1,0,1,512,17,5396842056
13220,131911580,11557948,143469528,7,0,1,65024,4,5617276958
13221,131916679,11568339,143485018,2,0,1,5632,12,9308954457
13222,131919890,2288692,134208582,6,0,0,31744,8,5173488557
13223,131924270,11560771,143485041,4,0,1,2560,5,5419442342
13224,131933530,11556081,143489611,7,0,1,6144,4,5757637111
13225,131949451,2126447,134075898,5,0,0,26624,10,6625507633
13226,131961030,2076087,134037117,9,0,0,14336,3,10450347670
13227,131969280,2278792,134248072,6,0,0,59392,8,2825333768
13228,131969950,11519684,143489634,5,0,1,1536,10,10270823053
13229,131971729,11517936,143489665,2,0,1,4608,12,10474701664
13230,131986680,1949233,133935913,0,0,0,7168,11,4772851820
13231,131988201,2303999,134292200,5,0,0,132096,10,4657662132
13232,131988460,2518728,134507188,0,0,0,59904,11,1082274821
13233,131997650,11509121,143506771,7,0,1,25600,4,204616967
13234,132005490,11526571,143532061,5,0,1,21504,10,4083418968
13235,132007660,2695866,134703526,6,0,0,102912,8,714884059
13236,132009960,11709776,143719736,7,0,1,52736,4,5227769618
13237,132014860,2799668,134814528,2,0,0,87040,12,8023354327
13238,132018290,2048287,134066577,0,0,0,4096,11,4080623651
13239,132023900,11695867,143719767,1,0,1,3584,17,5443641060
13240,132027031,2086880,134113911,5,0,0,37888,10,7391104366
13241,132032960,1996072,134029032,0,0,0,13824,11,6117794630
13242,132035391,2083254,134118645,5,0,0,3584,10,174289207
13243,132036769,11683021,143719790,2,0,1,5120,12,3278357764
13244,132055559,11677895,143733454,2,0,1,23552,12,2383028818
13245,132075330,11658147,143733477,5,0,1,12288,10,2266626361
13246,132086210,11714460,143800670,5,0,1,56832,10,514321460
13247,132094680,11706976,143801656,1,0,1,1536,17,4681726421
13248,132102021,2407218,134509239,5,0,0,6656,10,10540161384
13249,132102360,11708499,143810859,5,0,1,25088,10,7037283043
13250,132134750,2031152,134165902,2,0,0,2560,12,8515146097
13251,132141470,2232472,134373942,0,0,0,41472,11,6454656947
13252,132148410,2161152,134309562,6,0,0,32256,8,2449898533
13253,132155931,2143780,134299711,5,0,0,24576,10,4801885452
13254,132159960,11718326,143878286,5,0,1,14848,10,4426285967
13255,132181530,11743196,143924726,5,0,1,75776,10,10142705013
13256,132182340,11808836,143991176,7,0,1,11264,4,5617719928
13257,132196890,2190404,134387294,9,0,0,38912,3,6139319282
13258,132206540,2015595,134222135,6,0,0,27136,8,8124040571
13259,132207851,2167206,134375057,5,0,0,3584,10,6591864047
13260,132214670,2101662,134316332,6,0,0,4608,8,7834654851
13261,132227780,11763419,143991199,7,0,1,13824,4,3259926926
13262,132247131,2291823,134538954,5,0,0,5632,10,3621435447
13263,132253060,1998802,134251862,6,0,0,1024,8,3994686326
13264,132261630,2227283,134488913,9,0,0,43520,3,3058854902
13265,132266220,2569870,134836090,0,0,0,56832,11,813975414
13266,132293590,11697632,143991222,9,0,1,5120,3,6548973175
13267,132294340,11696905,143991245,9,0,1,2048,3,327696001
13268,132305420,11685848,143991268,5,0,1,9728,10,2896061610
13269,132309910,11681381,143991291,5,0,1,7168,10,7425638197
13270,132319420,11821092,144140512,5,0,1,176640,10,1626895758
13271,132326490,11814045,144140535,1,0,1,3584,17,3741942198
13272,132335810,2039605,134375415,6,0,0,1024,8,10576527351
13273,132344540,1965201,134309741,6,0,0,512,8,4809675429
13274,132357040,2179668,134536708,0,0,0,45568,11,6088577914
13275,132364710,11799406,144164116,5,0,1,19968,10,6734879078
13276,132367100,11797039,144164139,5,0,1,16896,10,8805567190
13277,132373890,11893436,144267326,7,0,1,87040,4,8700762986
13278,132413180,11854169,144267349,1,0,1,5632,17,5203074380
13279,132434160,11833212,144267372,1,0,1,3072,17,424241995
13280,132447350,11827863,144275213,5,0,1,34816,10,2950394317
13281,132459100,2063476,134522576,6,0,0,2048,8,2031988194
13282,132505270,1909710,134414980,6,0,0,512,8,6330180748
13283,132510730,2012048,134522778,6,0,0,512,8,4735702036
13284,132536320,11773508,144309828,1,0,1,13824,17,414631085
13285,132565070,11749930,144315000,5,0,1,8192,10,1955520570
13286,132566880,11752306,144319186,5,0,1,6656,10,2725024995
13287,132569080,1977042,134546122,9,0,0,4096,3,5158692239
13288,132576400,11800855,144377255,5,0,1,34816,10,8469474477
13289,132598340,1911390,134509730,6,0,0,1536,8,5315907381
13290,132610940,11766338,144377278,0,0,1,7680,11,1677046489
13291,132631599,11745702,144377301,2,0,1,3072,12,10047851664
13292,132639720,1798642,134438362,6,0,0,512,8,9948265861
13293,132645630,2170036,134815666,2,0,0,1024,12,8053127908
13294,132646590,11730734,144377324,1,0,1,512,17,1927516414
13295,132648730,11728617,144377347,5,0,1,2048,10,322968416
13296,132672379,11704991,144377370,2,0,1,1536,12,7127005282
13297,132691320,2286000,134977320,2,0,0,99840,12,6235050766
13298,132697480,1839735,134537215,0,0,0,1536,11,5264974731
13299,132713261,2002011,134715272,5,0,0,38400,10,1799421711
13300,132719741,2033252,134752993,5,0,0,7168,10,7753275189
13301,132726400,2137625,134864025,0,0,0,14336,11,10001883416
13302,132732820,11644573,144377393,1,0,1,2048,17,1005850717
13303,132750730,11651007,144401737,5,0,1,59904,10,4573010088
13304,132771180,11746007,144517187,5,0,1,134144,10,2808461076
13305,132800200,11720379,144520579,1,0,1,3072,17,4498833202
13306,132801190,1787853,134589043,6,0,0,512,8,6390072671
13307,132815129,11707716,144522845,2,0,1,3584,12,6593263123
13308,132823549,11702202,144525751,2,0,1,4608,12,3075216671
13309,132832100,11694957,144527057,1,0,1,2048,17,4363555299
13310,132833170,11727981,144561151,5,0,1,47104,10,4896927034
13311,132852250,2168629,135020879,2,0,0,99328,12,5477012057
13312,132887040,2175329,135062369,2,0,0,10752,12,1153907063
13313,132887839,11673335,144561174,2,0,1,512,12,10136275086
13314,132888910,2152102,135041012,6,0,0,1024,8,2013391089
13315,132913679,11647518,144561197,2,0,1,4096,12,8040317797
13316,132929410,2015634,134945044,2,0,0,18944,12,10440014031
13317,132935980,2127192,135063172,0,0,0,2560,11,10437892235
13318,132953541,1985708,134939249,5,0,0,59392,10,9581051725
13319,132968111,1911534,134879645,5,0,0,25088,10,6702171528
13320,132978819,11583406,144562225,2,0,1,6144,12,3939778612
13321,132982190,2127399,135109589,2,0,0,16384,12,10337381132
13322,132985260,2205568,135190828,2,0,0,101376,12,1183551797
13323,133010500,1804831,134815331,6,0,0,2560,8,6342573154
13324,133020740,1765913,134786653,9,0,0,11776,3,532301099
13325,133029250,11553609,144582859,5,0,1,43008,10,3323862680
13326,133037730,1799319,134837049,6,0,0,3072,8,10231192128
13327,133040290,11545354,144585644,1,0,1,2048,17,8603017189
13328,133065720,11522510,144588230,1,0,1,4096,17,10165775061
13329,133091030,1886625,134977655,6,0,0,1024,8,5328622239
13330,133092090,1821275,134913365,6,0,0,512,8,10488885541
13331,133131509,11460267,144591776,2,0,1,5632,12,5399914717
13332,133146390,2013527,135159917,9,0,0,120832,3,3893758643
13333,133152650,1928301,135080951,0,0,0,11264,11,3674717377
13334,133157720,1937975,135095695,0,0,0,29184,11,1836072141
13335,133157750,1898684,135056434,6,0,0,512,8,9686274866
13336,133187349,11407359,144594708,2,0,1,4608,12,6128797238
13337,133196810,2026175,135222985,9,0,0,20480,3,1085269825
13338,133198741,1848390,135047131,5,0,0,15872,10,1762343320
13339,133213450,11384164,144597614,5,0,1,4608,10,714349730
13340,133216719,11385493,144602212,2,0,1,3584,12,6220081329
13341,133231510,2115126,135346636,9,0,0,61440,3,2185741434
13342,133241221,2086672,135327893,5,0,0,33792,10,9399369499
13343,133242949,11386419,144629368,2,0,1,3584,12,4287300827
13344,133256490,11378370,144634860,8,0,1,17920,8,2390451507
13345,133264000,2167520,135431520,2,0,0,21504,12,7541205577
13346,133290470,1995671,135286141,9,0,0,32768,3,5200169742
13347,133294550,11365942,144660492,5,0,1,5120,10,6562876248
13348,133296550,11364924,144661474,1,0,1,4608,17,2025830094
13349,133311100,11352136,144663236,1,0,1,2048,17,6229452326
13350,133321189,11342070,144663259,2,0,1,2048,12,9546901076
13351,133324370,2081190,135405560,9,0,0,15360,3,9238106620
13352,133335919,11327363,144663282,2,0,1,4608,12,5419187461
13353,133340620,1945700,135286320,6,0,0,512,8,3895328469
13354,133346290,2154309,135500599,0,0,0,59392,11,5138607432
13355,133346640,11412197,144758837,5,0,1,88576,10,7525903907
13356,133349980,2322093,135672073,9,0,0,88576,3,9300174435
13357,133351730,2107571,135459301,9,0,0,40960,3,6812520867
13358,133368209,11393831,144762040,2,0,1,1536,12,8397962473
13359,133368670,11395316,144763986,5,0,1,3072,10,7026096299
13360,133378980,2172933,135551913,0,0,0,55808,11,7890175168
13361,133383371,2361510,135744881,5,0,0,80384,10,5164919427
13362,133384960,2081319,135466279,0,0,0,12288,11,898635503
13363,133386811,2250577,135637388,5,0,0,24576,10,9321436731
13364,133390430,11376805,144767235,8,0,1,1536,8,9975485752
13365,133407349,11361192,144768541,2,0,1,2048,12,7600408344
13366,133424760,2200203,135624963,9,0,0,2048,3,3952249254
13367,133424901,2089535,135514436,5,0,0,1536,10,7805825660
13368,133439720,2279903,135719623,9,0,0,1536,3,446313467
13369,133444181,2350680,135794861,5,0,0,18944,10,6564566804
13370,133469830,2487339,135957169,9,0,0,92672,3,7439149653
13371,133471540,11297667,144769207,8,0,1,1024,8,8345808168
13372,133480570,2162301,135642871,9,0,0,17920,3,2299114510
13373,133487250,11282213,144769463,8,0,1,9216,8,6820550254
13374,133503440,2169124,135672564,6,0,0,1536,8,359047006
13375,133550080,11220689,144770769,1,0,1,2048,17,7166754180
13376,133564160,11209515,144773675,1,0,1,4608,17,4524718633
13377,133570140,11210869,144781009,8,0,1,6656,8,4423745715
13378,133586240,2572896,136159136,0,0,0,47104,11,8496085936
13379,133589640,2440921,136030561,9,0,0,139776,3,3931941518
13380,133595460,2270111,135865571,2,0,0,23040,12,2880477951
13381,133598970,11183985,144782955,1,0,1,3072,17,7018065015
13382,133617960,2437451,136055411,9,0,0,61440,3,10431189546
13383,133628150,2221932,135850082,9,0,0,1536,3,9961834017
13384,133667310,11117259,144784569,8,0,1,13824,8,8001190755
13385,133689001,2181608,135870609,5,0,0,16384,10,4162650298
13386,133691780,2225480,135917260,6,0,0,3072,8,4133025560
13387,133698380,11090695,144789075,1,0,1,7168,17,373438467
13388,133708670,11089710,144798380,8,0,1,4096,8,8911680441
13389,133710900,2325768,136036668,9,0,0,19968,3,8940794478
13390,133729491,11077122,144806613,3,0,1,12800,0,9193829886
13391,133731490,2164874,135896364,0,0,0,10240,11,7638614105
13392,133740180,2370163,136110343,9,0,0,113152,3,4549352424
13393,133759721,11056127,144815848,3,0,1,1536,0,9576612297
13394,133763160,2199671,135962831,9,0,0,12800,3,8718250878
13395,133769151,2415436,136184587,5,0,0,83456,10,1276117535
13396,133770251,2499488,136269739,5,0,0,38400,10,4292202430
13397,133785671,2173237,135958908,5,0,0,5632,10,7700654959
13398,133812440,2245958,136058398,0,0,0,9728,11,6011180192
13399,133814260,11001611,144815871,8,0,1,3072,8,8406673078
13400,133825860,10990120,144815980,0,0,1,7680,11,4050844399
13401,133848500,2502564,136351064,2,0,0,49664,12,1722030050
13402,133857830,10958496,144816326,1,0,1,512,17,1016315915
13403,133870650,11022666,144893316,0,0,1,12288,11,2159010963
13404,133873840,2314880,136188720,9,0,0,11776,3,8633616118
13405,133878041,2348661,136226702,5,0,0,35840,10,8975372226
13406,133878200,2264354,136142554,6,0,0,1024,8,5699300492
13407,133883960,11010342,144894302,1,0,1,1536,17,5687170481
13408,133908110,2276976,136185086,6,0,0,1536,8,2058432453
13409,133915100,10979868,144894968,1,0,1,1024,17,8702210156
13410,133983600,2293650,136277250,2,0,0,24576,12,7493116823
13411,133984970,2473767,136458737,9,0,0,35328,3,7304410139
13412,133987890,10907744,144895634,0,0,1,1024,11,10505523554
13413,133996461,2506318,136502779,5,0,0,29696,10,5443326951
13414,134005630,10890670,144896300,8,0,1,1024,8,1099773388
13415,134020200,2346361,136366561,2,0,0,42496,12,4309144508
13416,134034960,2388014,136422974,2,0,0,47616,12,5638749604
13417,134068510,2561651,136630161,9,0,0,47104,3,5328873945
13418,134070670,10936648,145007318,4,0,1,6656,5,5365297911
13419,134105600,10919539,145025139,1,0,1,18944,17,6655544814
13420,134107240,10918770,145026010,1,0,1,12288,17,10454852224
13421,134116700,2527524,136644224,0,0,0,46080,11,7448114443
13422,134132460,10947486,145079946,4,0,1,512,5,4714444763
13423,134144120,2397049,136541169,2,0,0,18432,12,4197437246
13424,134153180,10926789,145079969,1,0,1,1024,17,5147265366
13425,134169460,10910532,145079992,8,0,1,5120,8,3575298245
13426,134193470,2319784,136513254,2,0,0,34304,12,1327332115
13427,134219230,10860785,145080015,1,0,1,1536,17,2491800806
13428,134226850,10913525,145140375,1,0,1,10752,17,247741869
13429,134243520,2242539,136486059,9,0,0,65536,3,7060587232
13430,134252280,2299973,136552253,0,0,0,29696,11,9110547455
13431,134273040,10870561,145143601,1,0,1,5120,17,6928238195
13432,134276060,2457380,136733440,4,0,0,32256,5,1825101394
13433,134285410,2429045,136714455,9,0,0,65536,3,2891952512
13434,134292131,2172343,136464474,5,0,0,17408,10,1172945479
13435,134298910,10846317,145145227,1,0,1,2560,17,6906229933
13436,134324160,10826213,145150373,1,0,1,8192,17,9045808214
13437,134326770,2320308,136647078,6,0,0,1024,8,766226428
13438,134339580,2327490,136667070,9,0,0,19968,3,10710453559
13439,134346360,10805959,145152319,8,0,1,3072,8,1311899802
13440,134351670,2246014,136597684,6,0,0,1024,8,5593661603
13441,134352640,2294103,136646743,2,0,0,8192,12,7864076496
13442,134377440,2291837,136669277,2,0,0,7168,12,6478809597
13443,134390800,10761980,145152780,8,0,1,10240,8,3326248035
13444,134418580,2538775,136957355,2,0,0,88064,12,5099607651
13445,134460870,10792545,145253415,8,0,1,12800,8,5780139962
13446,134472030,2308527,136780557,9,0,0,4096,3,10225760495
13447,134481080,2364500,136845580,9,0,0,28672,3,7978067144
13448,134487171,2258073,136745244,5,0,0,28672,10,8328996620
13449,134494710,10758728,145253438,8,0,1,4608,8,3835087536
13450,134519610,2496660,137016270,9,0,0,43008,3,10378733876
13451,134523391,2240022,136763413,5,0,0,13312,10,10500462883
13452,134533620,10724084,145257704,8,0,1,9216,8,9394852058
13453,134567070,2512356,137079426,9,0,0,14848,3,2147227741
13454,134584720,2412894,136997614,9,0,0,122368,3,6056874128
13455,134588550,10679345,145267895,8,0,1,8192,8,855169480
13456,134597420,2444932,137042352,2,0,0,10240,12,7375011657
13457,134630071,10710427,145340498,3,0,1,4096,0,2636543186
13458,134653240,2588363,137241603,2,0,0,16896,12,8048447548
13459,134680200,10726301,145406501,8,0,1,19968,8,8631693415
13460,134701510,2478125,137179635,9,0,0,104960,3,2756452184
13461,134732420,2360391,137092811,9,0,0,8704,3,9536796190
13462,134758950,2530227,137289177,6,0,0,512,8,2159894878
13463,134775741,2283795,137059536,5,0,0,32256,10,5754213753
13464,134778410,10628114,145406524,0,0,1,5632,11,5391646433
13465,134809481,2395761,137205242,5,0,0,83968,10,2910277187
13466,134809750,2193393,137003143,9,0,0,17920,3,4234157334
13467,134854931,2180842,137035773,5,0,0,27136,10,3578148202
13468,134862850,2519157,137382007,9,0,0,88064,3,1539419697
13469,134875761,2399562,137275323,5,0,0,67072,10,7669946310
13470,134881740,2360354,137242094,6,0,0,1536,8,5706338952
13471,134889930,10516617,145406547,0,0,1,2048,11,3849584922
13472,134911740,10494830,145406570,0,0,1,512,11,8747248546
13473,134943160,2455144,137398304,2,0,0,5632,12,9813443158
13474,134947069,10461890,145408959,2,0,1,16384,12,7291261632
13475,134949490,2255985,137205475,6,0,0,512,8,7260668407
13476,134963560,10466717,145430277,7,0,1,4608,4,65093466
13477,134982140,10562069,145544209,7,0,1,74752,4,10324125090
13478,134993590,10555765,145549355,7,0,1,8192,4,7625682083
13479,134995890,2284448,137280338,2,0,0,16384,12,10020655576
13480,135016510,10563265,145579775,0,0,1,4608,11,8456522965
13481,135023591,2565894,137589485,5,0,0,95744,10,7470314317
13482,135038180,2450562,137488742,9,0,0,24064,3,2143213114
13483,135047280,2571950,137619230,9,0,0,39936,3,4865540696
13484,135057090,10522708,145579798,0,0,1,11776,11,1294730578
13485,135095250,10526925,145622175,1,0,1,2048,17,5548343227
13486,135118590,10503608,145622198,8,0,1,1024,8,6304596635
13487,135139140,2339839,137478979,2,0,0,14848,12,5140647614
13488,135142170,2418120,137560290,6,0,0,75264,8,5849545126
13489,135168970,10453251,145622221,1,0,1,512,17,9569501444
13490,135193870,10428374,145622244,1,0,1,5120,17,4267388465
13491,135197480,10424787,145622267,1,0,1,2560,17,6263930932
13492,135198540,10460851,145659391,0,0,1,25088,11,400153545
13493,135209280,10492220,145701500,0,0,1,9728,11,2570313513
13494,135219050,10514440,145733490,1,0,1,8192,17,1080926132
13495,135245350,2472722,137718072,2,0,0,62464,12,6505511238
13496,135246220,10487293,145733513,1,0,1,2560,17,1987804957
13497,135249240,10484296,145733536,0,0,1,2048,11,3112001512
13498,135254010,2379618,137633628,6,0,0,47104,8,2588328312
13499,135257040,2399773,137656813,2,0,0,3584,12,5754670718
13500,135285131,2252204,137537335,5,0,0,45056,10,7762672013
13501,135296110,10437449,145733559,0,0,1,4096,11,2212260677
13502,135339521,2534432,137873953,5,0,0,43520,10,4074927427
13503,135348660,10384922,145733582,1,0,1,512,17,520646491
13504,135363760,2568377,137932137,6,0,0,70144,8,9998177639
13505,135367980,2685644,138053624,2,0,0,111616,12,2657927632
13506,135386850,2339201,137726051,9,0,0,26112,3,8384517943
13507,135389600,10344005,145733605,0,0,1,3584,11,2381354555
13508,135394431,2383872,137778303,5,0,0,27136,10,36265221
13509,135394950,2367576,137762526,6,0,0,4608,8,9311036605
13510,135416460,10317168,145733628,0,0,1,11264,11,4323281910
13511,135432640,2425812,137858452,6,0,0,8192,8,10546393922
13512,135439791,2357981,137797772,5,0,0,7168,10,3122782966
13513,135440540,2372699,137813239,9,0,0,41984,3,6286718288
13514,135449540,2406393,137855933,9,0,0,33280,3,1072087723
13515,135449750,2506002,137955752,2,0,0,73216,12,2469728551
13516,135453670,10279981,145733651,0,0,1,2560,11,8831750206
13517,135467970,2534440,138002410,9,0,0,87552,3,1441933803
13518,135482990,10252392,145735382,6,0,1,2560,8,4017972147
13519,135494471,2327995,137822466,5,0,0,30208,10,10699750652
13520,135502560,2553123,138055683,6,0,0,6656,8,9233312653
13521,135525840,2493753,138019593,9,0,0,56320,3,3768517263
13522,135544330,2513271,138057601,2,0,0,6144,12,1719098871
13523,135545190,10201760,145746950,6,0,1,16896,8,7223036928
13524,135553871,2575030,138128901,5,0,0,23040,10,1249274211
13525,135560050,10187054,145747104,6,0,1,8704,8,4329345563
13526,135589290,2505434,138094724,6,0,0,41984,8,6376123265
13527,135600790,2652435,138253225,2,0,0,34816,12,7645190792
13528,135662690,2657189,138319879,6,0,0,25600,8,1909019263
13529,135672951,2543338,138216289,5,0,0,19456,10,1799398019
13530,135720620,2517303,138237923,9,0,0,45568,3,9716609117
13531,135739011,3161606,138900617,5,0,0,81408,10,9552264725
13532,135752630,9996420,145749050,6,0,1,3072,8,8296666155
13533,135756490,9993866,145750356,4,0,1,2048,5,7977377240
13534,135785090,2474009,138259099,6,0,0,17408,8,5570861122
13535,135791860,9961915,145753775,0,0,1,2560,11,3067407818
13536,135805030,3181897,138986927,6,0,0,25600,8,8543690332
13537,135812961,2655592,138468553,5,0,0,48640,10,1697708681
13538,135833191,2530015,138363206,5,0,0,24064,10,876021256
13539,135837760,9927409,145765169,0,0,1,1024,11,6302318940
13540,135847930,2484296,138332226,6,0,0,40448,8,6996251174
13541,135855720,3247576,139103296,9,0,0,41472,3,10031656852
13542,135856820,9951796,145808616,5,0,1,7680,10,557025227
13543,135865900,9942739,145808639,6,0,1,14336,8,5203972379
13544,135868051,2689726,138557777,5,0,0,69632,10,4331043487
13545,135903690,2657230,138560920,6,0,0,10240,8,2343076632
13546,135904130,2505435,138409565,6,0,0,54272,8,1471769011
13547,135912110,2672685,138584795,2,0,0,72192,12,5030452541
13548,135932151,9876511,145808662,3,0,1,1536,0,4950947481
13549,135936920,2972612,138909532,9,0,0,29184,3,1562254340
13550,135955111,2920679,138875790,5,0,0,73728,10,6005647467
13551,135956810,9851875,145808685,0,0,1,3584,11,9769256399
13552,135972900,2507027,138479927,2,0,0,15872,12,582869129
13553,135980750,9829073,145809823,0,0,1,3584,11,5221737481
13554,135989131,2966044,138955175,5,0,0,54784,10,7296485367
13555,136001560,2661571,138663131,6,0,0,26112,8,10643342847
13556,136045270,9764576,145809846,9,0,1,1536,3,5995592970
13557,136046080,9763789,145809869,0,0,1,1024,11,3725193851
13558,136047290,9762602,145809892,0,0,1,2048,11,7805574362
13559,136071940,2717581,138789521,6,0,0,46592,8,2770350558
13560,136074000,2691810,138765810,6,0,0,134656,8,8723727168
13561,136095060,2672645,138767705,2,0,0,6144,12,6862948469
13562,136100670,9709245,145809915,0,0,1,2048,11,4932283547
13563,136101790,9708180,145809970,0,0,1,2048,11,9596888323
13564,136111360,9700835,145812195,0,0,1,2560,11,10481048804
13565,136129220,3160658,139289878,2,0,0,254464,12,9067322981
13566,136136970,9675686,145812656,9,0,1,10240,3,2925918880
13567,136155560,2913279,139068839,9,0,0,133120,3,1398872835
13568,136169020,2625048,138794068,9,0,0,14848,3,7069817463
13569,136172890,2758920,138931810,2,0,0,43008,12,3753793943
13570,136181251,2892158,139073409,5,0,0,14848,10,5424609510
13571,136184750,9629084,145813834,0,0,1,13824,11,4874862395
13572,136215840,9606429,145822269,9,0,1,9728,3,417225759
13573,136230870,9593025,145823895,0,0,1,2560,11,6180109273
13574,136252580,2706050,138958630,6,0,0,11264,8,901521907
13575,136256941,3076083,139333024,5,0,0,36864,10,4324705086
13576,136257950,2930851,139188801,9,0,0,31744,3,6630435321
13577,136259700,2919406,139179106,9,0,0,52224,3,396090652
13578,136283710,9541171,145824881,0,0,1,1536,11,10449007781
13579,136285260,2804596,139089856,9,0,0,27136,3,1179447207
13580,136293540,2833989,139127529,9,0,0,19968,3,7507882562
13581,136323470,2984752,139308222,9,0,0,53248,3,2399793535
13582,136361140,2930789,139291929,2,0,0,6656,12,10244343895
13583,136374190,9466453,145840643,9,0,1,30208,3,31871446
13584,136376370,9471630,145848000,9,0,1,4096,3,4908790878
13585,136380840,9471666,145852506,6,0,1,7168,8,6248441400
13586,136380851,2932854,139313705,5,0,0,17920,10,2738287670
13587,136387660,2774393,139162053,2,0,0,12288,12,8999463011
13588,136396560,9457252,145853812,9,0,1,2048,3,10467507475
13589,136404870,2940033,139344903,2,0,0,38912,12,3932361630
13590,136421290,9437668,145858958,6,0,1,8192,8,3895534205
13591,136421460,3246697,139668157,9,0,0,27648,3,6548898384
13592,136434160,9439034,145873194,0,0,1,24064,11,2353353495
13593,136436360,2910492,139346852,2,0,0,5632,12,898758862
13594,136445330,2978270,139423600,9,0,0,64000,3,5229127430
13595,136456060,2988879,139444939,6,0,0,55296,8,3220317882
13596,136477840,3009849,139487689,2,0,0,1536,12,450336236
13597,136493240,3221785,139715025,6,0,0,70144,8,4129683716
13598,136502350,2842732,139345082,9,0,0,512,3,4340034735
13599,136517920,2803833,139321753,9,0,0,26112,3,1153689725
13600,136540360,3119350,139659710,9,0,0,76800,3,307180600
13601,136548150,9325198,145873348,9,0,1,8704,3,3189127368
13602,136559720,2901222,139460942,6,0,0,19456,8,772537810
13603,136583940,9311924,145895864,6,0,1,512,8,8729399879
13604,136592940,9303590,145896530,4,0,1,1024,5,9875362830
13605,136594101,2893097,139487198,5,0,0,22016,10,4700379144
13606,136614561,2915038,139529599,5,0,0,48128,10,8424640018
13607,136646480,3231746,139878226,6,0,0,26624,8,6713760226
13608,136647590,9249606,145897196,0,0,1,1024,11,1224854203
13609,136657920,3062478,139720398,6,0,0,17408,8,7610549576
13610,136666340,9231202,145897542,6,0,1,512,8,2147806280
13611,136672730,9225798,145898528,4,0,1,1536,5,1740284823
13612,136680401,3492265,140172666,5,0,0,11264,10,8815287379
13613,136680730,9225530,145906260,0,0,1,12288,11,7463951277
13614,136681360,3240757,139922117,2,0,0,47104,12,9318497605
13615,136699470,9452297,146151767,5,0,1,205312,10,8145614205
13616,136703940,3459047,140162987,2,0,0,33792,12,7548220439
13617,136708220,9446384,146154604,0,0,1,1024,11,7444714489
13618,136714130,3018950,139733080,9,0,0,32256,3,9101684091
13619,136723420,3356574,140079994,6,0,0,20480,8,563421978
13620,136724210,3145881,139870091,9,0,0,64000,3,4336615379
13621,136748510,2818427,139566937,2,0,0,512,12,2749121721
13622,136750131,3342903,140093034,5,0,0,16896,10,9509023122
13623,136757501,3048588,139806089,5,0,0,16384,10,7893828954
13624,136823061,9335089,146158150,3,0,1,5632,0,4823721186
13625,136828840,2995690,139824530,2,0,0,14848,12,3168871193
13626,136837411,9322045,146159456,3,0,1,2048,0,10503463722
13627,136843080,9326166,146169246,6,0,1,16896,8,8349807636
13628,136845130,3228601,140073731,2,0,0,140288,12,8330569898
13629,136888070,9284334,146172404,6,0,1,1024,8,2612237220
13630,136890841,9283829,146174670,3,0,1,3584,0,8346172068
13631,136924300,9251996,146176296,6,0,1,2560,8,4932363825
13632,136940431,3036360,139976791,5,0,0,31232,10,895368586
13633,136972041,3312311,140284352,5,0,0,67584,10,6597521531
13634,136979571,2689701,139669272,5,0,0,3584,10,10629629440
13635,136983620,9206425,146190045,0,0,1,4096,11,7342396711
13636,137002060,3150608,140152668,6,0,0,145920,8,5153659841
13637,137022690,9169804,146192494,0,0,1,1024,11,6919556778
13638,137030161,9165239,146195400,3,0,1,4608,0,7206051882
13639,137031561,9164710,146196271,3,0,1,12288,0,4005547582
13640,137048831,9188095,146236926,3,0,1,512,0,1469621640
13641,137054640,9182309,146236949,6,0,1,1536,8,6095534525
13642,137067860,3113291,140181151,9,0,0,10240,3,9076639358
13643,137073580,3124872,140198452,9,0,0,4608,3,4024365286
13644,137078291,2812594,139890885,5,0,0,41472,10,6488032629
13645,137104100,9132888,146236988,0,0,1,7168,11,4110503825
13646,137105820,9138599,146244419,1,0,1,19968,17,9379888590
13647,137111640,9134085,146245725,1,0,1,2048,17,1959612536
13648,137127300,9121011,146248311,0,0,1,4096,11,5808782802
13649,137128050,9145866,146273916,1,0,1,512,17,2502071229
13650,137133670,2953991,140087661,2,0,0,25088,12,586718472
13651,137139911,9135951,146275862,3,0,1,3072,0,2624799786
13652,137171680,9105808,146277488,1,0,1,2560,17,9479808695
13653,137172460,9108254,146280714,6,0,1,5120,8,3532674440
13654,137178141,9105799,146283940,3,0,1,5120,0,8748292974
13655,137185120,9111068,146296188,6,0,1,8192,8,5526732065
13656,137194820,9101391,146296211,0,0,1,3584,11,2982023737
13657,137195760,9100474,146296234,6,0,1,2560,8,10203684577
13658,137203290,9092967,146296257,1,0,1,1536,17,5167826203
13659,137208477,3209174,140417651,9,0,0,40448,3,10005374662
13660,137235671,2931799,140167470,5,0,0,2048,10,7603099773
13661,137238391,9057889,146296280,3,0,1,1536,0,4498968573
13662,137270470,9029332,146299802,1,0,1,7680,17,9875510294
13663,137271461,2921123,140192584,5,0,0,30720,10,5149356003
13664,137273500,3320850,140594350,6,0,0,2560,8,1434781108
13665,137284340,9015808,146300148,0,0,1,512,11,8485941868
13666,137285310,3244982,140530292,9,0,0,9216,3,7138140092
13667,137301070,8999334,146300404,6,0,1,9216,8,2017752057
13668,137314430,2983829,140298259,2,0,0,45568,12,3011450583
13669,137326371,3008923,140335294,5,0,0,59392,10,2244270992
13670,137327750,3077508,140405258,2,0,0,56832,12,175753318
13671,137360730,8942900,146303630,0,0,1,5120,11,9324492462
13672,137361660,2531463,139893123,6,0,0,7168,8,7635531518
13673,137377821,2862527,140240348,5,0,0,84480,10,8472424354
13674,137379551,8924425,146303976,3,0,1,512,0,7160898408
13675,137383100,3261785,140644885,2,0,0,32256,12,7382088170
13676,137400990,8905252,146306242,0,0,1,3584,11,4108370466
13677,137407731,8901110,146308841,3,0,1,15360,0,4757688089
13678,137407810,3054088,140461898,9,0,0,81408,3,5840644920
13679,137419010,8898039,146317049,0,0,1,4096,11,6260897566
13680,137419960,8901941,146321901,0,0,1,7680,11,9236985526
13681,137446890,8883703,146330593,6,0,1,13824,8,8712140880
13682,137453671,8877268,146330939,3,0,1,512,0,9186139528
13683,137461850,8871355,146333205,6,0,1,3584,8,2123330596
13684,137465531,8868340,146333871,3,0,1,1024,0,2100558294
13685,137471760,8868217,146339977,0,0,1,20992,11,7155573172
13686,137487290,8859858,146347148,0,0,1,4096,11,10213122898
13687,137501570,8850745,146352315,0,0,1,1536,11,8146557087
13688,137510650,2828480,140339130,9,0,0,3584,3,6565537935
13689,137510741,8847897,146358638,3,0,1,19968,0,10033980800
13690,137515221,8851172,146366393,3,0,1,7680,0,6991978857
13691,137517550,8871647,146389197,6,0,1,1024,8,9167077750
13692,137546610,2840667,140387277,6,0,0,36864,8,5266270325
13693,137551550,8842999,146394549,6,0,1,7680,8,9256646340
13694,137562460,2603381,140165841,2,0,0,9216,12,5548461147
13695,137570550,2517290,140087840,2,0,0,512,12,709431866
13696,137571211,8837657,146408868,3,0,1,1536,0,458602674
13697,137585250,8825001,146410251,6,0,1,14848,8,2592713781
13698,137616800,2549844,140166644,6,0,0,2560,8,9929733405
13699,137630820,8797047,146427867,0,0,1,7680,11,2800672525
13700,137636950,8807953,146444903,0,0,1,4608,11,10074309856
13701,137655420,2511403,140166823,2,0,0,512,12,10290445085
13702,137662850,8782399,146445249,6,0,1,512,8,5468659775
13703,137666580,8782063,146448643,6,0,1,2048,8,6188684123
13704,137668451,2527432,140195883,5,0,0,10752,10,10490612520
13705,137704630,2463331,140167961,2,0,0,1536,12,9173775132
13706,137736500,8721381,146457881,9,0,1,2048,3,9278510115
13707,137739930,8717974,146457904,9,0,1,512,3,2351684918
13708,137754240,2583752,140337992,2,0,0,512,12,7583744834
13709,137779370,8678557,146457927,0,0,1,6144,11,9051717912
13710,137787290,2896379,140683669,2,0,0,1024,12,7583913455
13711,137791610,2546203,140337813,9,0,0,8192,3,3247403057
13712,137791640,8670252,146461892,9,0,1,12288,3,8809110823
13713,137793780,8671338,146465118,9,0,1,5120,3,512231875
13714,137799260,8682862,146482122,9,0,1,1536,3,3743386999
13715,137800100,8685248,146485348,0,0,1,5120,11,7529814271
13716,137821120,8664689,146485809,0,0,1,10240,11,2251943006
13717,137833790,2339055,140172845,2,0,0,512,12,3806587839
13718,137836410,2582083,140418493,9,0,0,2560,3,2962379888
13719,137842590,8644525,146487115,9,0,1,2048,3,9734783097
13720,137849309,8642312,146491621,2,0,1,7168,12,8996003913
13721,137852710,2489874,140342584,2,0,0,1536,12,3363592672
13722,137852971,8646455,146499426,3,0,1,4096,0,7471615793
13723,137859050,8645581,146504631,9,0,1,512,3,3288346245
13724,137861749,8650211,146511960,2,0,1,6656,12,7857274308
13725,137871760,8641883,146513643,9,0,1,7680,3,5304238701
13726,137875410,8639859,146515269,0,0,1,2560,11,832980902
13727,137877310,2587419,140464729,9,0,0,9216,3,5569399668
13728,137890551,8625384,146515935,3,0,1,1024,0,4070612698
13729,137896850,3044427,140941277,6,0,0,19456,8,1248252344
13730,137900710,2692837,140593547,6,0,0,9216,8,3679169036
13731,137901700,2792217,140693917,6,0,0,11776,8,2469103162
13732,137902769,8617903,146520672,2,0,1,18432,12,7769272913
13733,137904280,2848031,140752311,5,0,0,120832,10,6368370597
13734,137906799,8617099,146523898,2,0,1,5120,12,1657822618
13735,137907129,8621915,146529044,2,0,1,8192,12,4192201960
13736,137942990,2524730,140467720,2,0,0,3072,12,10659612198
13737,137952520,3105032,141057552,2,0,0,512,12,5422238645
13738,137975860,8559865,146535725,1,0,1,4608,17,6129915446
13739,137982190,8553881,146536071,6,0,1,512,8,4551992005
13740,137982699,8554998,146537697,2,0,1,2560,12,1796253658
13741,137998859,8541424,146540283,2,0,1,4096,12,3857792586
13742,138014810,8530454,146545264,0,0,1,4608,11,369383412
13743,138072070,2596282,140668352,6,0,0,21504,8,7315862417
13744,138075460,2750822,140826282,2,0,0,512,12,7415246094
13745,138088301,8457309,146545610,3,0,1,512,0,8732056497
13746,138095399,8451197,146546596,2,0,1,1536,12,3752506636
13747,138096651,8451225,146547876,3,0,1,14336,0,9718546362
13748,138122859,8442841,146565700,2,0,1,5120,12,10713458751
13749,138124580,3090653,141215233,9,0,0,65536,3,9657118451
13750,138133140,8437377,146570517,0,0,1,10240,11,8048263914
13751,138159171,2950803,141109974,5,0,0,35328,10,10690704995
13752,138176581,2726933,140903514,5,0,0,92672,10,3697627005
13753,138211441,8373065,146584506,3,0,1,7168,0,9992676120
13754,138222270,2567643,140789913,6,0,0,29184,8,3575884269
13755,138229161,8355683,146584844,3,0,1,512,0,5099850441
13756,138233150,8354608,146587758,0,0,1,4608,11,3676170043
13757,138240490,2512335,140752825,2,0,0,1536,12,7412551615
13758,138256641,2524357,140780998,5,0,0,47104,10,5380713542
13759,138261021,2595902,140856923,5,0,0,20992,10,3219370880
13760,138289619,8299125,146588744,2,0,1,1536,12,238010272
13761,138298480,8292850,146591330,0,0,1,4096,11,3846514800
13762,138304101,8290775,146594876,3,0,1,5632,0,8223122700
13763,138304301,2411171,140715472,5,0,0,1536,10,9384850677
13764,138316761,8278461,146595222,3,0,1,512,0,1540186680
13765,138324240,8271648,146595888,0,0,1,1024,11,8198784708
13766,138326220,2712858,141039078,9,0,0,31232,3,2371047450
13767,138335970,2488776,140824746,2,0,0,512,12,4989172494
13768,138343500,2971408,141314908,6,0,0,47616,8,1242120948
13769,138346600,2368381,140714981,9,0,0,53760,3,198638345
13770,138348051,8249463,146597514,3,0,1,2560,0,5975889711
13771,138365400,2450473,140815873,9,0,0,9216,3,1875000537
13772,138389379,8209761,146599140,2,0,1,2560,12,3803955613
13773,138396479,8203007,146599486,2,0,1,512,12,9439408305
13774,138397479,8202345,146599824,2,0,1,512,12,10414172066
13775,138407691,2277534,140685225,5,0,0,512,10,3670500194
13776,138410710,8189460,146600170,0,0,1,512,11,2114452197
13777,138468911,8131925,146600836,3,0,1,1024,0,7470474430
13778,138471000,2503204,140974204,2,0,0,2560,12,4648231277
13779,138478120,2523513,141001633,9,0,0,45568,3,3886310616
13780,138478539,8124909,146603448,2,0,1,4096,12,2523737593
13781,138485321,3064313,141549634,5,0,0,63488,10,1887837849
13782,138491480,8318375,146809855,7,0,1,196608,4,3844703189
13783,138494670,8371223,146865893,0,0,1,10752,11,1301482902
13784,138501731,8366693,146868424,3,0,1,2048,0,9813614443
13785,138505460,2557507,141062967,2,0,0,512,12,3180354323
13786,138506661,8365629,146872290,3,0,1,6144,0,9649449653
13787,138521310,8378458,146899768,7,0,1,5632,4,7777225283
13788,138546219,8355167,146901386,2,0,1,2560,12,3044326308
13789,138554549,8347183,146901732,2,0,1,512,12,1712902373
13790,138571030,8368601,146939631,7,0,1,54784,4,4951490098
13791,138594900,8373103,146968003,7,0,1,512,4,4941393673
13792,138604530,8363488,146968018,4,0,1,4096,5,3134755966
13793,138623151,8344882,146968033,3,0,1,2560,0,8517665143
13794,138627750,8434873,147062623,7,0,1,59904,4,9149926670
13795,138628951,8435122,147064073,3,0,1,13312,0,10404495524
13796,138630860,2786320,141417180,6,0,0,47104,8,3976796032
13797,138645580,8439083,147084663,4,0,1,4608,5,10606326028
13798,138648260,8436466,147084726,4,0,1,1024,5,9260841581
13799,138650460,8434281,147084741,0,0,1,10752,11,5081471170
13800,138660301,2557139,141217440,5,0,0,7168,10,1259178372
13801,138660461,8424303,147084764,3,0,1,2048,0,10453579855
13802,138666950,8417829,147084779,4,0,1,1536,5,1564315240
13803,138668720,2298468,140967188,6,0,0,12800,8,3482912219
13804,138696530,2171620,140868150,2,0,0,512,12,3476798323
13805,138697830,2351317,141049147,9,0,0,17920,3,3850514826
13806,138697850,8418429,147116279,7,0,1,42496,4,7305867357
13807,138712540,2431570,141144110,6,0,0,3072,8,10384117304
13808,138729410,8410779,147140189,4,0,1,4096,5,942918057
13809,138742000,2453242,141195242,6,0,0,101888,8,3921754486
13810,138742450,8431256,147173706,7,0,1,34816,4,7705473242
13811,138749521,8424339,147173860,3,0,1,8704,0,3756282233
13812,138754840,8421286,147176126,0,0,1,3584,11,573739659
13813,138766230,2901947,141668177,9,0,0,173568,3,3688483759
13814,138777709,8400077,147177786,2,0,1,2048,12,767792126
13815,138778109,8400343,147178452,2,0,1,1024,12,10653586997
13816,138778279,8408396,147186675,2,0,1,11776,12,1981886603
13817,138779910,2549373,141329283,6,0,0,47104,8,10610464042
13818,138788820,2456885,141245705,6,0,0,41984,8,10582964732
13819,138789310,2680673,141469983,9,0,0,50176,3,9461685345
13820,138792700,8394961,147187661,0,0,1,1536,11,6116209503
13821,138799051,8398526,147197577,3,0,1,11776,0,6738633248
13822,138804040,8396946,147200986,0,0,1,1024,11,3582282909
13823,138816270,8394775,147211045,4,0,1,512,5,10404907179
13824,138821260,8391091,147212351,0,0,1,2048,11,9632684995
13825,138822970,8398713,147221683,7,0,1,14848,4,10500938702
13826,138840710,8390373,147231083,7,0,1,22016,4,1379143670
13827,138851620,8419699,147271319,7,0,1,53760,4,523488971
13828,138855900,8418005,147273905,0,0,1,4096,11,8573304139
13829,138859850,2113551,140973401,9,0,0,5632,3,1382367264
13830,138868230,8406546,147274776,4,0,1,12288,5,1203124515
13831,138888010,8387112,147275122,0,0,1,512,11,9967336256
13832,138891700,8387928,147279628,0,0,1,7168,11,4872218725
13833,138894480,8386774,147281254,4,0,1,2560,5,4430542545
13834,138913921,8372159,147286080,3,0,1,7680,0,5387205829
13835,138915760,8370986,147286746,0,0,1,1024,11,8558337566
13836,138916460,8405507,147321967,7,0,1,15872,4,7923248706
13837,138926580,8397973,147324553,9,0,1,4096,3,10065069555
13838,138930791,3026970,141957761,5,0,0,45056,10,8841474831
13839,138931530,8395929,147327459,9,0,1,4608,3,126506917
13840,138961920,8377176,147339096,7,0,1,26624,4,7548344728
13841,138970790,8385332,147356122,7,0,1,15360,4,8060198273
13842,138973061,2990651,141963712,5,0,0,19456,10,2494076894
13843,138980710,8376078,147356788,9,0,1,1024,3,10620020139
13844,138987560,8369689,147357249,9,0,1,10240,3,4359312280
13845,139002780,2612421,141615201,9,0,0,122368,3,270098378
13846,139017780,2668757,141686537,6,0,0,8704,8,8498960294
13847,139034830,2254909,141289739,6,0,0,24064,8,10366646781
13848,139046290,8330230,147376520,7,0,1,32768,4,3004655378
13849,139047571,2723591,141771162,5,0,0,30720,10,4044501966
13850,139057450,8339132,147396582,4,0,1,3072,5,2814917297
13851,139059921,2629961,141689882,5,0,0,10752,10,5837512008
13852,139064781,8332147,147396928,3,0,1,512,0,9239430243
13853,139074420,8326694,147401114,7,0,1,6656,4,7296114010
13854,139080700,8322360,147403060,9,0,1,3072,3,8299482011
13855,139082720,2258821,141341541,9,0,0,17920,3,9279976806
13856,139089221,8341943,147431164,3,0,1,4096,0,6128900821
13857,139110960,8320219,147431179,8,0,1,1536,8,10429613476
13858,139114340,8316878,147431218,8,0,1,17920,8,4316511204
13859,139126901,8304332,147431233,3,0,1,512,0,255671725
13860,139137440,8293808,147431248,4,0,1,2048,5,9692598401
13861,139137910,2367785,141505695,2,0,0,1024,12,1107752607
13862,139138630,2589252,141727882,6,0,0,123392,8,7875870758
13863,139143000,8288263,147431263,9,0,1,2560,3,1666581486
13864,139165100,8266178,147431278,4,0,1,6144,5,3005399991
13865,139169190,8262111,147431301,7,0,1,26112,4,8869195394
13866,139170420,2908372,142078792,9,0,0,5120,3,9453755202
13867,139177741,2181864,141359605,5,0,0,1536,10,1663850053
13868,139178110,8253206,147431316,4,0,1,1024,5,2601012902
13869,139195580,8237170,147432750,9,0,1,4096,3,7510335963
13870,139203770,8248164,147451934,9,0,1,9216,3,9020642460
13871,139209830,2146030,141355860,9,0,0,7168,3,8470933670
13872,139213100,8247719,147460819,7,0,1,30720,4,10636464144
13873,139214381,2469419,141683800,5,0,0,51200,10,8186632362
13874,139215660,8250971,147466631,0,0,1,9216,11,6460818067
13875,139229900,2557899,141787799,6,0,0,30208,8,8464356296
13876,139230481,2333229,141563710,5,0,0,6144,10,6379472368
13877,139234720,8233537,147468257,0,0,1,2560,11,7574789293
13878,139243430,8224981,147468411,4,0,1,8704,5,5288690244
13879,139248580,2528393,141776973,6,0,0,18944,8,265986373
13880,139268780,8200617,147469397,9,0,1,1536,3,2006157764
13881,139282241,2997387,142279628,5,0,0,45568,10,7745639848
13882,139287720,8196730,147484450,9,0,1,4608,3,6320829667
13883,139291840,8192625,147484465,0,0,1,4096,11,9610975669
13884,139305961,8178535,147484496,3,0,1,7168,0,8255758527
13885,139323600,2822013,142145613,6,0,0,108032,8,9413458640
13886,139341510,8152241,147493751,0,0,1,7168,11,9302919168
13887,139350730,8239033,147589763,5,0,1,69632,10,1863412365
13888,139353231,8251306,147604537,3,0,1,2560,0,6610374490
13889,139355380,2475605,141830985,9,0,0,94208,3,9798693111
13890,139359400,8246763,147606163,0,0,1,2560,11,9153287526
13891,139363480,8245589,147609069,4,0,1,4608,5,2637988475
13892,139369080,8246761,147615841,0,0,1,10752,11,9376499854
13893,139405930,8210679,147616609,0,0,1,11776,11,5685237149
13894,139412400,8205835,147618235,6,0,1,2560,8,5597996208
13895,139455100,8174257,147629357,4,0,1,20480,5,844990005
13896,139459780,8177391,147637171,0,0,1,8192,11,349212904
13897,139464140,2314432,141778572,6,0,0,5120,8,7990181759
13898,139480440,2402258,141882698,6,0,0,13824,8,6584158861
13899,139491570,2440911,141932481,6,0,0,71168,8,3935328458
13900,139498071,2249076,141747147,5,0,0,62976,10,880824924
13901,139523010,8124059,147647069,0,0,1,2048,11,7452257648
13902,139528230,8123051,147651281,0,0,1,6656,11,1476195126
13903,139535100,8119753,147654853,0,0,1,5632,11,9750134105
13904,139545800,8112995,147658795,4,0,1,1536,5,2937976142
13905,139571520,8181861,147753381,5,0,1,61952,10,3602342802
13906,139591300,2098917,141690217,2,0,0,1024,12,7188592670
13907,139596880,8162953,147759833,0,0,1,2560,11,10490866074
13908,139601560,8158619,147760179,0,0,1,512,11,2452880912
13909,139611520,8149427,147760947,4,0,1,11776,5,2001442552
13910,139637030,2306957,141943987,9,0,0,29184,3,309012764
13911,139637310,2124437,141761747,6,0,0,34304,8,3318866615
13912,139642120,2800328,142442448,9,0,0,27648,3,2925276122
13913,139658701,2689580,142348281,5,0,0,54784,10,5371755726
13914,139661860,8107180,147769040,0,0,1,2560,11,1727041271
13915,139670360,2127804,141798164,2,0,0,2048,12,6043740992
13916,139687739,8086127,147773866,2,0,1,7680,12,5109596515
13917,139689461,2487137,142176598,5,0,0,22528,10,10071800888
13918,139691630,2059642,141751272,9,0,0,13312,3,724048429
13919,139697450,8101816,147799266,5,0,1,26112,10,1053783810
13920,139700571,2602230,142302801,5,0,0,45056,10,3043562585
13921,139706050,2842471,142548521,6,0,0,8192,8,3112378377
13922,139710220,2550151,142260371,9,0,0,159744,3,1704592393
13923,139720190,2545508,142265698,6,0,0,17408,8,77005676
13924,139752250,2036867,141789117,6,0,0,4096,8,5780613990
13925,139753530,8105609,147859139,5,0,1,56832,10,2429867015
13926,139790550,8154731,147945281,5,0,1,75776,10,10051698786
13927,139818870,3005848,142824718,9,0,0,118784,3,3193545591
13928,139832120,8115106,147947226,0,0,1,512,11,7088265154
13929,139844120,3036085,142880205,6,0,0,25088,8,6544722391
13930,139863160,2327657,142190817,6,0,0,46592,8,3745572180
13931,139866840,2556933,142423773,2,0,0,1536,12,9086322999
13932,139877870,2185898,142063768,2,0,0,11264,12,8299455808
13933,139931770,8016762,147948532,6,0,1,2048,8,1585090248
13934,139934990,8070510,148005500,0,0,1,8704,11,4875302546
13935,139966760,8038763,148005523,0,0,1,11264,11,9449634006
13936,139976720,2072131,142048851,9,0,0,18432,3,8794045924
13937,139977600,8029151,148006751,0,0,1,3584,11,3248720806
13938,139994470,2355689,142350159,6,0,0,5632,8,5576735524
13939,140007680,8018516,148026196,6,0,1,15360,8,2851757671
13940,140015730,8011132,148026862,0,0,1,1024,11,9454751363
13941,140020270,1963165,141983435,9,0,0,16896,3,3024827594
13942,140026880,8005774,148032654,6,0,1,7168,8,9768607701
13943,140027410,8018656,148046066,5,0,1,36352,10,8096951038
13944,140035080,3026965,143062045,2,0,0,43008,12,10193105883
13945,140040580,8006152,148046732,8,0,1,1024,8,9053044758
13946,140045970,8053019,148098989,5,0,1,71680,10,4518640462
13947,140061220,8053237,148114457,5,0,1,10240,10,7392988018
13948,140074210,8041553,148115763,6,0,1,2048,8,4744030287
13949,140075529,8040580,148116109,2,0,1,512,12,5094085240
13950,140083250,2270832,142354082,9,0,0,12800,3,261146779
13951,140083910,8036650,148120560,1,0,1,3584,17,3245409467
13952,140093910,8030196,148124106,0,0,1,5632,11,9804257227
13953,140095640,3090704,143186344,6,0,0,92672,8,10073610149
13954,140112410,2433592,142546002,6,0,0,79360,8,8218274970
13955,140124400,2207119,142331519,6,0,0,37376,8,10219073722
13956,140126680,8002526,148129206,6,0,1,14848,8,9398680146
13957,140126870,8006421,148133291,5,0,1,1024,10,1223007377
13958,140128250,8006667,148134917,1,0,1,2560,17,1560536797
13959,140134840,8060815,148195655,5,0,1,70144,10,6789596865
13960,140135250,8061711,148196961,0,0,1,2048,11,9601643034
13961,140136380,8141572,148277952,5,0,1,80896,10,9113691724
13962,140140680,2179420,142320100,6,0,0,1024,8,4582344038
13963,140143550,8141609,148285159,1,0,1,22016,17,8514188789
13964,140144100,8141725,148285825,6,0,1,1024,8,998229063
13965,140145840,8172224,148318064,5,0,1,37376,10,547770979
13966,140146391,2140920,142287311,5,0,0,25088,10,5550589776
13967,140149220,8301256,148450476,5,0,1,239616,10,7824659577
13968,140159590,8295712,148455302,1,0,1,7680,17,5963355422
13969,140165950,2153776,142319726,6,0,0,55296,8,2336838378
13970,140175750,2113300,142289050,2,0,0,5632,12,6187120731
13971,140183260,8273668,148456928,0,0,1,2560,11,8666733954
13972,140188570,8281525,148470095,6,0,1,9728,8,7999929876
13973,140219330,2203928,142423258,2,0,0,52736,12,3113368936
13974,140220430,8269842,148490272,6,0,1,9728,8,1370169401
13975,140236970,8254608,148491578,6,0,1,2048,8,7790677951
13976,140243210,8273200,148516410,5,0,1,45056,10,3718054120
13977,140284460,8233256,148517716,6,0,1,2048,8,1228835453
13978,140286101,2935089,143221190,5,0,0,10240,10,6245386744
13979,140286750,8232272,148519022,6,0,1,2048,8,3291851588
13980,140293870,8229978,148523848,1,0,1,7680,17,9780103860
13981,140301569,8227555,148529124,2,0,1,2560,12,1534242148
13982,140307410,8226518,148533928,1,0,1,3584,17,3683574310
13983,140311500,8249414,148560914,5,0,1,16896,10,51807267
13984,140323430,8240390,148563820,6,0,1,4608,8,1159008998
13985,140366670,8201976,148568646,6,0,1,7680,8,3374136084
13986,140372331,2960090,143332421,5,0,0,165376,10,9461877272
13987,140372610,8197112,148569722,0,0,1,13312,11,2798645289
13988,140374730,8200791,148575521,6,0,1,19456,8,7017371959
13989,140378199,8198948,148577147,2,0,1,2560,12,8376491430
13990,140383520,8196213,148579733,1,0,1,4096,17,7301193659
13991,140388410,8193909,148582319,1,0,1,4096,17,2167433465
13992,140404340,8182805,148587145,0,0,1,7680,11,10486945057
13993,140410220,8177271,148587491,1,0,1,512,17,7391059822
13994,140414260,8178620,148592880,7,0,1,17408,4,1414831388
13995,140421670,8231221,148652891,5,0,1,57856,10,789365682
13996,140425710,2026926,142452636,6,0,0,5632,8,4608274180
13997,140431220,8222337,148653557,1,0,1,1024,17,4616026692
13998,140450330,2919886,143370216,9,0,0,50176,3,7845707231
13999,140458390,8200313,148658703,6,0,1,8192,8,6025710875
14000,140482000,8177689,148659689,6,0,1,1536,8,730751004
14001,140484330,8192940,148677270,5,0,1,9728,10,1490824823
14002,140492560,8184757,148677317,5,0,1,39424,10,10113518796
14003,140495950,8198319,148694269,6,0,1,4608,8,9944759304
14004,140530790,8272986,148803776,7,0,1,108032,4,1295408779
14005,140531020,8284976,148815996,6,0,1,4096,8,7810636325
14006,140550170,8269052,148819222,6,0,1,5120,8,6175971652
14007,140582720,8239408,148822128,0,0,1,4608,11,1596301427
14008,140584450,8241208,148825658,0,0,1,512,11,10558708064
14009,140603290,8230321,148833611,0,0,1,18944,11,6579057426
14010,140605780,2167966,142773746,6,0,0,103424,8,7910132404
14011,140609320,8240105,148849425,6,0,1,1024,8,3028804845
14012,140611909,8239462,148851371,2,0,1,3072,12,1905000353
14013,140621891,1821874,142443765,5,0,0,4096,10,311854531
14014,140623190,8242266,148865456,6,0,1,512,8,5211697428
14015,140647780,8218662,148866442,0,0,1,1536,11,7747306244
14016,140648510,8219558,148868068,6,0,1,2560,8,9197153904
14017,140650450,2297134,142947584,6,0,0,50176,8,1819391520
14018,140651130,2137349,142788479,9,0,0,48128,3,5353021166
14019,140671570,8200364,148871934,1,0,1,6144,17,3084624235
14020,140679040,8197720,148876760,6,0,1,7680,8,6824901589
14021,140694590,8191701,148886291,6,0,1,4096,8,3690820691
14022,140696650,8189656,148886306,0,0,1,12800,11,3721364838
14023,140711010,8175311,148886321,1,0,1,1536,17,2024484748
14024,140712570,2336348,143048918,9,0,0,99328,3,7430592746
14025,140712670,8173666,148886336,5,0,1,9728,10,8864399530
14026,140737390,2255772,142993162,9,0,0,38912,3,6184433457
14027,140774020,8113033,148887053,0,0,1,8192,11,8510803207
14028,140778080,8114119,148892199,6,0,1,8192,8,10078850184
14029,140778429,8114538,148892967,2,0,1,11776,12,9990398066
14030,140788040,8109830,148897870,6,0,1,6656,8,8204683985
14031,140790709,8123283,148913992,2,0,1,11264,12,5538101113
14032,140816319,8121798,148938117,2,0,1,10752,12,7005922060
14033,140821170,8120173,148941343,1,0,1,5120,17,7903145452
14034,140831361,2322623,143153984,5,0,0,59904,10,5405185053
14035,140837260,2033463,142870723,9,0,0,17408,3,1471647347
14036,140860750,8082613,148943363,1,0,1,2048,17,10610257313
14037,140882860,2227705,143110565,9,0,0,16384,3,4352597300
14038,140884181,2065661,142949842,5,0,0,1536,10,3942564712
14039,140890920,8053519,148944439,6,0,1,13312,8,6790983494
14040,140899930,2585065,143484995,9,0,0,50688,3,116857951
14041,140902540,8062956,148965496,1,0,1,8192,17,5303087212
14042,140916040,2422332,143338372,9,0,0,19456,3,5566117008
14043,140923560,2532186,143455746,6,0,0,158720,8,3412651696
14044,140923990,8055942,148979932,0,0,1,3072,11,3903415152
14045,140936369,8048328,148984697,2,0,1,4608,12,7674735225
14046,140945430,8051020,148996450,0,0,1,15872,11,1337224300
14047,140961440,8035033,148996473,1,0,1,7680,17,10194727083
14048,140982110,2140095,143122205,9,0,0,9216,3,2917646678
14049,140991300,2628797,143620097,9,0,0,76800,3,6520988483
14050,141001509,7994987,148996496,2,0,1,4608,12,9729266765
14051,141020010,7978928,148998938,6,0,1,1024,8,5039754062
14052,141043409,7962588,149005997,2,0,1,7680,12,7237789267
14053,141044960,7962350,149007310,5,0,1,5632,10,1277913693
14054,141062259,7945307,149007566,2,0,1,9216,12,10252968764
14055,141077710,7944086,149021796,1,0,1,3072,17,50703456
14056,141086090,7941154,149027244,6,0,1,4608,8,6223636993
14057,141090200,7939310,149029510,6,0,1,3584,8,3720592137
14058,141093071,2635345,143728416,5,0,0,5120,10,4944337501
14059,141115600,7914576,149030176,1,0,1,1024,17,6222479490
14060,141120201,2287162,143407363,5,0,0,35328,10,7285904691
14061,141125020,2093027,143218047,6,0,0,38912,8,8933095198
14062,141128070,7902452,149030522,0,0,1,512,11,1872685372
14063,141131791,2259201,143390992,5,0,0,18944,10,992466504
14064,141132490,7898378,149030868,1,0,1,512,17,1674390025
14065,141144900,7889194,149034094,0,0,1,5120,11,10214119765
14066,141145190,7892130,149037320,6,0,1,5120,8,6119303276
14067,141148079,7891827,149039906,2,0,1,4096,12,1390930215
14068,141157260,7891191,149048451,5,0,1,13312,10,1934255272
14069,141160270,7889807,149050077,1,0,1,2560,17,9511823706
14070,141160599,7890144,149050743,2,0,1,11264,12,8886037926
14071,141161461,2030701,143192162,5,0,0,7680,10,7209408184
14072,141167920,7901309,149069229,1,0,1,1024,17,6985833082
14073,141172810,7897085,149069895,6,0,1,1024,8,4634858051
14074,141181340,7888709,149070049,6,0,1,8704,8,2374732231
14075,141199989,7880089,149080078,2,0,1,11264,12,7485175797
14076,141216119,7865585,149081704,2,0,1,2560,12,4803570041
14077,141233420,7851510,149084930,5,0,1,5120,10,6894475065
14078,141247200,7838716,149085916,0,0,1,1536,11,8704253150
14079,141250110,1939689,143189799,6,0,0,11264,8,820003744
14080,141273971,2717182,143991153,5,0,0,28672,10,8659408928
14081,141278690,2417756,143696446,9,0,0,162816,3,4575831966
14082,141282750,7803525,149086275,5,0,1,9728,10,7431330894
14083,141286740,7803747,149090487,6,0,1,6656,8,8691753652
14084,141293870,2283470,143577340,9,0,0,64000,3,5881101537
14085,141305430,7785723,149091153,4,0,1,1024,5,7199090540
14086,141309540,2159957,143469497,6,0,0,45056,8,4490071958
14087,141316880,7776539,149093419,4,0,1,3584,5,3468760552
14088,141321450,2185250,143506700,6,0,0,55808,8,9473950584
14089,141335060,2182190,143517250,6,0,0,3072,8,9810718833
14090,141339350,2652432,143991782,9,0,0,1536,3,1693938763
14091,141342140,2377573,143719713,6,0,0,76288,8,4444623056
14092,141354851,2134737,143489588,5,0,0,14848,10,3472768739
14093,141357960,7745426,149103386,5,0,1,32768,10,848579688
14094,141362960,7742692,149105652,0,0,1,3584,11,6469589056
14095,141363190,2484295,143847485,6,0,0,95232,8,331322090
14096,141380961,2265854,143646815,5,0,0,26112,10,107995063
14097,141386919,7722363,149109282,2,0,1,5632,12,6106956064
14098,141395030,7715020,149110050,6,0,1,11776,8,10590973018
14099,141396731,2679288,144076019,5,0,0,55296,10,1601882118
14100,141405100,7705923,149111023,6,0,1,12800,8,2526043266
14101,141426750,7747594,149174344,6,0,1,16896,8,6587796322
14102,141436531,7738159,149174690,3,0,1,512,0,1925476991
14103,141443480,7739123,149182603,6,0,1,17920,8,3172534343
14104,141448330,7740742,149189072,5,0,1,11776,10,7361614954
14105,141450420,7765329,149215749,5,0,1,20992,10,5542719629
14106,141456500,2098005,143554505,6,0,0,1536,8,5262213041
14107,141466090,7768097,149234187,0,0,1,3072,11,8027064602
14108,141470051,7765762,149235813,3,0,1,2560,0,4449761829
14109,141470121,7766358,149236479,3,0,1,1024,0,1406960003
14110,141474520,7762727,149237247,6,0,1,11776,8,10513167186
14111,141504110,2222723,143726833,6,0,0,23040,8,5682520027
14112,141508389,7733044,149241433,2,0,1,6656,12,3093794369
14113,141516009,7728010,149244019,2,0,1,4096,12,2482661709
14114,141516481,2350995,143867476,5,0,0,65536,10,914542015
14115,141516650,7730915,149247565,6,0,1,5632,8,702861101
14116,141517631,2215800,143733431,5,0,0,16384,10,9464886926
14117,141524340,7724851,149249191,5,0,1,2560,10,5584431083
14118,141537260,7713877,149251137,6,0,1,3072,8,2641310351
14119,141539770,7714273,149254043,0,0,1,4608,11,1299238524
14120,141541600,7713749,149255349,6,0,1,2048,8,9795658166
14121,141542810,7718103,149260913,8,0,1,5632,8,9149895863
14122,141557910,7703349,149261259,0,0,1,512,11,9309001184
14123,141591120,7691506,149282626,5,0,1,34304,10,2841491008
14124,141595151,2387243,143982394,5,0,0,162304,10,7794787475
14125,141607430,7677147,149284577,4,0,1,5632,5,3053156235
14126,141611060,7677703,149288763,4,0,1,6656,5,7107233741
14127,141623050,7666059,149289109,8,0,1,512,8,3738492481
14128,141635510,7654905,149290415,4,0,1,2048,5,4871615125
14129,141658669,7635292,149293961,2,0,1,5632,12,2930689225
14130,141670410,7624857,149295267,6,0,1,2048,8,10062446373
14131,141674961,2203302,143878263,5,0,0,35328,10,9515638908
14132,141698520,7599013,149297533,6,0,1,3584,8,7968701914
14133,141711060,7589699,149300759,4,0,1,5120,5,10434015568
14134,141715359,7586386,149301745,2,0,1,1536,12,3660291711
14135,141728520,7575811,149304331,8,0,1,4096,8,9528658857
14136,141739070,7570753,149309823,6,0,1,8704,8,401694996
14137,141744580,7566831,149311411,5,0,1,15872,10,9740950326
14138,141758671,2428888,144187559,5,0,0,46080,10,5711972585
14139,141791950,2348539,144140489,6,0,0,38912,8,3056355356
14140,141800501,2363592,144164093,5,0,0,60928,10,6516296530
14141,141802590,2075883,143878473,6,0,0,512,8,2161135788
14142,141807090,7545566,149352656,5,0,1,74240,10,2999887026
14143,141822200,7530471,149352671,4,0,1,3584,5,1973142792
14144,141846460,7506226,149352686,4,0,1,8704,5,6177865795
14145,141865711,2170996,144036707,5,0,0,19456,10,9568504166
14146,141867660,7496558,149364218,1,0,1,11776,17,7422606491
14147,141911990,2355313,144267303,6,0,0,60928,8,1028103839
14148,141938580,7500019,149438599,5,0,1,54784,10,672273003
14149,141940230,7505394,149445624,0,0,1,2048,11,311776937
14150,141957640,2146092,144103732,6,0,0,3584,8,4204303355
14151,141961539,7484751,149446290,2,0,1,1024,12,7608770268
14152,141970490,7478386,149448876,0,0,1,4096,11,9934612748
14153,141986111,2232838,144218949,5,0,0,13312,10,1867542499
14154,142008170,7580014,149588184,5,0,1,106496,10,2830896650
14155,142008589,7579610,149588199,2,0,1,8704,12,9351917961
14156,142013550,2348059,144361609,8,0,0,46592,8,5639122539
14157,142014949,7573265,149588214,2,0,1,5120,12,9828131571
14158,142015831,2361401,144377232,5,0,0,51200,10,8844966830
14159,142021350,7596736,149618086,5,0,1,24064,10,7854100911
14160,142042369,7577983,149620352,2,0,1,3584,12,8177437164
14161,142042700,7586791,149629491,4,0,1,16896,5,6599934082
14162,142065490,7580973,149646463,5,0,1,7168,10,9457562569
14163,142092581,2361005,144453586,5,0,0,17920,10,8987582488
14164,142098990,7579264,149678254,5,0,1,42496,10,4667708757
14165,142116790,7579886,149696676,5,0,1,45568,10,1754622295
14166,142119720,7581142,149700862,5,0,1,6656,10,2995360199
14167,142124451,2353656,144478107,5,0,0,7168,10,10058322827
14168,142124710,7579058,149703768,0,0,1,4608,11,6986181372
14169,142129120,2416853,144545973,6,0,0,41984,8,7159700005
14170,142132570,7572504,149705074,4,0,1,2048,5,1220774
14171,142156510,7552430,149708940,0,0,1,6144,11,1751146259
14172,142159699,7550389,149710088,2,0,1,1024,12,5629629537
14173,142162519,7550155,149712674,2,0,1,4096,12,5404040119
14174,142190250,7541189,149731439,5,0,1,29696,10,9695674378
14175,142193060,2434759,144627819,6,0,0,3584,8,9451548758
14176,142218100,7524531,149742631,5,0,1,3072,10,753316211
14177,142230491,7517045,149747536,3,0,1,512,0,2010823895
14178,142231460,7517062,149748522,0,0,1,1536,11,693650201
14179,142247840,2260237,144508077,6,0,0,3584,8,7346627966
14180,142265980,7493703,149759683,0,0,1,10752,11,600056717
14181,142290990,2369479,144660469,6,0,0,60928,8,1617638032
14182,142291840,7468202,149760042,5,0,1,9728,10,7355010147
14183,142300710,2362503,144663213,6,0,0,5632,8,3163904304
14184,142303400,7458268,149761668,5,0,1,2560,10,1715299850
14185,142313330,7449964,149763294,5,0,1,2560,10,4485226359
14186,142313361,2247767,144561128,5,0,0,49664,10,4148127388
14187,142318010,7456539,149774549,0,0,1,5632,11,4801628072
14188,142359880,7428877,149788757,4,0,1,4608,5,1646500066
14189,142361901,2264803,144626704,5,0,0,27648,10,901391493
14190,142379190,2349579,144728769,2,0,0,6656,12,8568067153
14191,142382590,7408881,149791471,4,0,1,3072,5,9919905185
14192,142401900,7394717,149796617,4,0,1,8192,5,672790225
14193,142416680,7381563,149798243,4,0,1,2560,5,9783914438
14194,142469840,7328749,149798589,4,0,1,512,5,361051485
14195,142529860,2131591,144661451,6,0,0,3072,8,9628097182
14196,142564860,7244741,149809601,5,0,1,11776,10,9228162797
14197,142591929,7218338,149810267,2,0,1,1024,12,8652557951
14198,142607830,2798648,145406478,6,0,0,58880,8,8509555772
14199,142621461,2631931,145253392,5,0,0,153600,10,5879516049
14200,142622939,7188954,149811893,2,0,1,2560,12,5595359937
14201,142664469,7148410,149812879,2,0,1,1536,12,7226214712
14202,142673830,7140355,149814185,5,0,1,2048,10,247567333
14203,142675420,7139431,149814851,5,0,1,1024,10,10584202798
14204,142699740,7115777,149815517,5,0,1,1024,10,620547029
14205,142719381,2779554,145498935,5,0,0,27648,10,3411044794
14206,142779350,7038753,149818103,4,0,1,4096,5,3643591385
14207,142785300,7043907,149829207,7,0,1,27136,4,2271953323
14208,142836981,2242942,145079923,5,0,0,95744,10,8216102670
14209,142901891,2198115,145100006,5,0,0,65536,10,9950477784
14210,142924261,2206368,145130629,5,0,0,100352,10,926081654
14211,142936621,1879204,144815825,5,0,0,27648,10,690302799
14212,142974611,2231958,145206569,5,0,0,167424,10,4762535398
14213,143049091,2337341,145386432,5,0,0,9216,10,663198307
14214,143049360,2290606,145339966,6,0,0,11776,8,2626998577
14215,143060510,6770003,149830513,9,0,1,2048,3,3463532894
14216,143076500,6757851,149834351,5,0,1,2048,10,1204171905
14217,143103680,6757880,149861560,5,0,1,6144,10,543519559
14218,143108190,6753385,149861575,9,0,1,4608,3,6984173833
14219,143128281,2202427,145330708,5,0,0,101888,10,4433043686
14220,143157010,6708014,149865024,4,0,1,14848,5,4592581804
14221,143167730,6698920,149866650,5,0,1,2560,10,3711966212
14222,143169371,2130270,145299641,5,0,0,59392,10,1541829919
14223,143171880,6697862,149869742,6,0,1,2048,8,1281535774
14224,143181071,2402962,145584033,5,0,0,13824,10,1760451760
14225,143212040,6658368,149870408,6,0,1,1024,8,5462839317
14226,143216360,2119995,145336355,6,0,0,18432,8,3933198386
14227,143267000,6623799,149890799,6,0,1,9728,8,4633719481
14228,143278431,2301321,145579752,5,0,0,46592,10,4244528283
14229,143285190,6624326,149909516,9,0,1,1536,3,5509860300
14230,143299690,6614972,149914662,6,0,1,8192,8,2239537269
14231,143306500,6608726,149915226,6,0,1,10752,8,2746779737
14232,143344360,6578288,149922648,6,0,1,11264,8,5433138933
14233,143392130,6551583,149943713,6,0,1,4608,8,3160878353
14234,143410830,1728090,145138920,6,0,0,27136,8,2725855825
14235,143431170,6515449,149946619,6,0,1,4608,8,9680041423
14236,143465410,6483795,149949205,6,0,1,4096,8,2369060525
14237,143468071,6481800,149949871,3,0,1,1024,0,10073919850
14238,143496691,6453846,149950537,3,0,1,1024,0,1103059767
14239,143499141,6457809,149956950,3,0,1,22528,0,7034868911
14240,143509790,6447506,149957296,9,0,1,512,3,3991619721
14241,143519280,1863172,145382452,6,0,0,83968,8,9000061332
14242,143551070,1939410,145490480,6,0,0,7680,8,1243063988
14243,143573911,1683762,145257673,5,0,0,13824,10,3654050998
14244,143576630,6402930,149979560,6,0,1,4096,8,3248805428
14245,143580130,6399445,149979575,6,0,1,1024,8,2772693416
14246,143588100,6391490,149979590,6,0,1,5120,8,1803146675
14247,143606141,1822207,145428348,5,0,0,5120,10,2275763796
14248,143608390,6371215,149979605,9,0,1,7680,3,5694422375
14249,143650720,6341794,149992514,6,0,1,9216,8,9758879085
14250,143660020,1905513,145565533,6,0,0,49152,8,7345660160
14251,143666240,1816378,145482618,6,0,0,28672,8,10064782942
14252,143671250,6323850,149995100,6,0,1,4096,8,2680099651
14253,143729971,6265795,149995766,3,0,1,1024,0,8883891467
14254,143739991,1729789,145469780,5,0,0,72704,10,3732584571
14255,143740760,6257592,149998352,6,0,1,4096,8,4095310257
14256,143743120,6255578,149998698,0,0,1,512,11,109223232
14257,143745240,1742877,145488117,6,0,0,17920,8,8111407684
14258,143757971,1715888,145473859,5,0,0,13312,10,7181845230
14259,143761320,6252440,150013760,6,0,1,8192,8,5049400198
14260,143761370,6275293,150036663,0,0,1,20480,11,8594956928
14261,143773290,6269825,150043115,0,0,1,10240,11,3800076815
14262,143819490,6233631,150053121,6,0,1,9216,8,8240541589
14263,143826211,1795933,145622144,5,0,0,124928,10,6239265355
14264,143853241,1955352,145808593,5,0,0,137216,10,5895031828
14265,143867701,1827454,145695155,5,0,0,92160,10,4067299479
14266,143870360,6187185,150057545,4,0,1,512,5,5801972843
14267,143950730,6107161,150057891,4,0,1,512,5,1861720352
14268,143967150,6091727,150058877,4,0,1,1536,5,10375304870
14269,143972831,1760636,145733467,5,0,0,65024,10,8066522888
14270,143987370,6076653,150064023,9,0,1,8192,3,5832314987
14271,143991141,6076978,150068119,3,0,1,2048,0,5432071543
14272,143992450,6079215,150071665,4,0,1,5632,5,9684993181
14273,144003410,6091899,150095309,0,0,1,19968,11,7041005442
14274,144019470,6076505,150095975,9,0,1,1024,3,9980016442
14275,144022760,6074867,150097627,9,0,1,2560,3,6327214265
14276,144025100,6082777,150107877,0,0,1,14336,11,19496114
14277,144032551,6086524,150119075,3,0,1,5632,0,8105478326
14278,144075630,6048591,150124221,4,0,1,8192,5,7136868394
14279,144080880,6052354,150133234,4,0,1,1024,5,6318933136
14280,144083010,6053130,150136140,0,0,1,4608,11,8614719312
14281,144086870,1611584,145698454,6,0,0,10752,8,2553853737
14282,144141000,5998597,150139597,9,0,1,16384,3,9321568516
14283,144146851,5993412,150140263,3,0,1,1024,0,6456380487
14284,144175610,5965319,150140929,1,0,1,1024,17,8557957136
14285,144176420,5982693,150159113,9,0,1,10752,3,323430510
14286,144206740,5952719,150159459,4,0,1,512,5,4127942120
14287,144216010,5945715,150161725,1,0,1,3584,17,2301263637
14288,144224861,5939770,150164631,3,0,1,4608,0,10586604724
14289,144225100,5943586,150168686,9,0,1,15872,3,6556396737
14290,144231571,5938101,150169672,3,0,1,1536,0,8370346318
14291,144233190,5936636,150169826,1,0,1,8704,17,1620212808
14292,144237151,5960104,150197255,3,0,1,13312,0,3072394036
14293,144254610,5960928,150215538,7,0,1,76288,4,2672481764
14294,144260800,5976250,150237050,9,0,1,18432,3,1073607407
14295,144278840,5973582,150252422,9,0,1,4608,3,999568362
14296,144283810,5978887,150262697,0,0,1,3584,11,5618354994
14297,144287821,1521979,145809800,5,0,0,3584,10,1622207147
14298,144298011,5968552,150266563,3,0,1,6144,0,10360028223
14299,144306471,5999913,150306384,3,0,1,19968,0,3038441377
14300,144322060,6039850,150361910,1,0,1,17408,17,9091469478
14301,144322971,6038970,150361941,3,0,1,12288,0,2671639375
14302,144323671,6038285,150361956,3,0,1,8704,0,2930502409
14303,144342350,6067941,150410291,7,0,1,46080,4,10442711500
14304,144343190,6067460,150410650,7,0,1,9728,4,5418376869
14305,144350410,6099040,150449450,7,0,1,44544,4,3160840607
14306,144353571,6136377,150489948,3,0,1,7168,0,137881725
14307,144362020,6133074,150495094,0,0,1,8192,11,4510081547
14308,144373160,6130217,150503377,1,0,1,4096,17,2303244517
14309,144379050,6127873,150506923,6,0,1,5632,8,5734873953
14310,144390730,1556066,145946796,6,0,0,3072,8,1500582872
14311,144418270,6089639,150507909,1,0,1,1536,17,7411571773
14312,144422271,1671290,146093561,5,0,0,7680,10,6882246693
14313,144438551,6074184,150512735,3,0,1,7680,0,2754836132
14314,144439430,6124686,150564116,4,0,1,1536,5,8077659248
14315,144439550,6124581,150564131,1,0,1,1536,17,7139268114
14316,144450721,6113425,150564146,3,0,1,512,0,8352117302
14317,144467810,1683934,146151744,6,0,0,35328,8,10338498582
14318,144477721,6086440,150564161,3,0,1,512,0,3825221876
14319,144495530,6068646,150564176,6,0,1,512,8,689493677
14320,144495610,6081864,150577474,9,0,1,57344,3,1929758823
14321,144499661,1485996,145985657,5,0,0,38912,10,10693774603
14322,144502200,6089725,150591925,0,0,1,12288,11,9982936970
14323,144516560,6078271,150594831,6,0,1,4608,8,4340294101
14324,144516710,6109663,150626373,5,0,1,6656,10,8101693496
14325,144518750,6127309,150646059,0,0,1,5120,11,5823822322
14326,144520419,6125655,150646074,2,0,1,2048,12,9606946659
14327,144521100,6124989,150646089,0,0,1,1536,11,8749541319
14328,144529951,1525096,146055047,5,0,0,23552,10,10059099928
14329,144540260,6105844,150646104,1,0,1,1536,17,8834007888
14330,144547929,6098190,150646119,2,0,1,12800,12,10186749744
14331,144554860,6103956,150658816,4,0,1,10240,5,5720717490
14332,144555259,6103572,150658831,2,0,1,3072,12,5198015269
14333,144555340,1557140,146112480,6,0,0,29696,8,4104665011
14334,144572670,1650599,146223269,6,0,0,48640,8,5070777723
14335,144573680,6093099,150666779,4,0,1,1024,5,3863755975
14336,144603339,6064746,150668085,2,0,1,2048,12,5767041579
14337,144605770,6063941,150669711,4,0,1,2560,5,9579926415
14338,144621100,6050199,150671299,0,0,1,15872,11,9277296925
14339,144632379,6065580,150697959,2,0,1,4096,12,7142745602
14340,144634200,6068957,150703157,1,0,1,8192,17,5881805165
14341,144640629,1490199,146130828,7,0,0,1536,4,2984650714
14342,144648430,6061703,150710133,1,0,1,5632,17,2208029710
14343,144659511,1402162,146061673,5,0,0,17920,10,3356662893
14344,144671020,1625145,146296165,6,0,0,39424,8,1273492261
14345,144672329,6038470,150710799,2,0,1,1024,12,3490092336
14346,144681620,6030805,150712425,1,0,1,2560,17,5227359222
14347,144692461,1372355,146064816,5,0,0,10240,10,10719281143
14348,144699230,6026388,150725618,1,0,1,6144,17,7001262199
14349,144705080,6021204,150726284,0,0,1,1024,11,851611903
14350,144717540,6072123,150789663,9,0,1,89088,3,8167882485
14351,144734471,1490849,146225320,5,0,0,6656,10,633235161
14352,144734761,1473665,146208426,5,0,0,31744,10,7622724333
14353,144739160,1497727,146236887,6,0,0,37888,8,7521987746
14354,144741610,6055751,150797361,1,0,1,7168,17,3448736584
14355,144758840,6038867,150797707,1,0,1,512,17,10036798124
14356,144759150,6042423,150801573,4,0,1,6144,5,7401432270
14357,144778810,6023109,150801919,4,0,1,512,5,2848749672
14358,144785830,6021683,150807513,0,0,1,18432,11,10313968670
14359,144800960,6060163,150861123,9,0,1,38912,3,7145300533
14360,144804109,6057029,150861138,2,0,1,1536,12,6671520514
14361,144807030,6054123,150861153,0,0,1,2560,11,7421777695
14362,144838680,6039113,150877793,9,0,1,24064,3,8275449517
14363,144838700,6041039,150879739,1,0,1,3072,17,3376262703
14364,144849089,6031316,150880405,2,0,1,1024,12,2928604739
14365,144850111,1544415,146394526,5,0,0,3072,10,6894927139
14366,144852450,1605408,146457858,6,0,0,26624,8,10441534250
14367,144877520,6005471,150882991,0,0,1,4096,11,787946953
14368,144889670,6025276,150914946,9,0,1,32768,3,5257139975
14369,144915830,6020777,150936607,1,0,1,6656,17,6139655077
14370,144924580,6012042,150936622,4,0,1,3072,5,3637059194
14371,144930480,6006157,150936637,9,0,1,512,3,25254760
14372,144931480,1510793,146442273,6,0,0,37888,8,7397582939
14373,144950960,6031101,150982061,9,0,1,67072,3,1933817512
14374,144953320,6031232,150984552,9,0,1,5120,3,6641831764
14375,144958530,6040988,150999518,9,0,1,30720,3,595254634
14376,144965460,1546477,146511937,6,0,0,10240,8,9010398812
14377,144974550,6115537,151090087,9,0,1,56832,3,8474170099
14378,145026481,1398044,146424525,5,0,0,19968,10,6663159689
14379,145039409,6051706,151091115,2,0,1,512,12,6999347125
14380,145045399,6051773,151097172,2,0,1,7168,12,10252499713
14381,145058390,6046514,151104904,4,0,1,12288,5,8089224110
14382,145101469,6012523,151113992,2,0,1,2048,12,1313256808
14383,145104700,6088269,151192969,9,0,1,137216,3,3399036181
14384,145143800,6078543,151222343,0,0,1,19968,11,251735039
14385,145150920,6072294,151223214,0,0,1,12288,11,5136457958
14386,145161510,6093770,151255280,9,0,1,41472,3,4412689588
14387,145215019,6040517,151255536,2,0,1,9216,12,2567879621
14388,145224370,6076810,151301180,9,0,1,83456,3,7420935091
14389,145242160,6082074,151324234,0,0,1,5632,11,9741240746
14390,145275140,6051040,151326180,1,0,1,3072,17,394231467
14391,145308029,6020417,151328446,2,0,1,3584,12,1530715679
14392,145319810,6014482,151334292,5,0,1,5120,10,6948215569
14393,145325950,6011888,151337838,1,0,1,5632,17,9154980172
14394,145335380,6002804,151338184,4,0,1,512,5,5705523753
14395,145335769,6003401,151339170,2,0,1,1536,12,1954630629
14396,145339440,6004556,151343996,4,0,1,7680,5,6234375830
14397,145354879,5992242,151347121,2,0,1,4096,12,255801960
14398,145377839,5969628,151347467,2,0,1,512,12,7086186515
14399,145379580,5971433,151351013,0,0,1,5632,11,8247458655
14400,145380371,5971628,151351999,3,0,1,1536,0,4487897593
14401,145403650,5976678,151380328,9,0,1,29184,3,7067885894
14402,145432430,6009577,151442007,9,0,1,67072,3,5597066760
14403,145447210,5999595,151446805,9,0,1,29184,3,10601213376
14404,145467070,6078255,151545325,9,0,1,42496,3,10479230638
14405,145528780,6058662,151587442,9,0,1,88576,3,5065270349
14406,145536279,6055029,151591308,2,0,1,6144,12,7578464862
14407,145578320,1101657,146679977,6,0,0,16384,8,5774412275
14408,145579430,6199036,151778466,9,0,1,203264,3,5869051804
14409,145592230,1375742,146967972,6,0,0,63488,8,4288894827
14410,145609350,6170396,151779746,1,0,1,14336,17,534003455
14411,145612550,6170742,151783292,4,0,1,5632,5,7899838193
14412,145613300,6173989,151787289,9,0,1,5632,3,10510852132
14413,145631559,6156076,151787635,2,0,1,512,12,2792674933
14414,145637460,6185940,151823400,9,0,1,60416,3,8356968936
14415,145673989,6150397,151824386,2,0,1,1536,12,5354544527
14416,145679600,1155209,146834809,6,0,0,70144,8,6497869053
14417,145703100,1192975,146896075,6,0,0,59392,8,415485061
14418,145710790,6182426,151893216,7,0,1,132096,4,6316355728
14419,145722170,6196167,151918337,9,0,1,57856,3,4319125604
14420,145728590,1013366,146741956,6,0,0,16384,8,714021074
14421,145732200,6201222,151933422,4,0,1,8704,5,3111132067
14422,145737330,6196438,151933768,1,0,1,512,17,9674253356
14423,145741430,6194924,151936354,4,0,1,4096,5,6845736355
14424,145744330,1340310,147084640,6,0,0,47616,8,5434677094
14425,145762270,6180412,151942682,9,0,1,12800,3,10065247433
14426,145785010,6158543,151943553,8,0,1,12288,8,7402624644
14427,145794070,6156392,151950462,4,0,1,10752,5,7632947441
14428,145802470,6148965,151951435,1,0,1,12800,17,8864206456
14429,145808590,6157938,151966528,9,0,1,2048,3,3821101434
14430,145823600,6144554,151968154,1,0,1,2560,17,8940740299
14431,145856330,6113130,151969460,4,0,1,2048,5,3104781877
14432,145895369,6074437,151969806,2,0,1,512,12,9350260826
14433,145902020,6069092,151971112,4,0,1,2048,5,6046802824
14434,145934450,6081639,152016089,9,0,1,73728,3,6062545867
14435,145959150,6066141,152025291,4,0,1,3584,5,4419740255
14436,145970420,6077949,152048369,9,0,1,14848,3,1278122953
14437,145972630,6075754,152048384,4,0,1,10240,5,6120615775
14438,145994320,6092817,152087137,9,0,1,74752,3,7438763788
14439,146028360,1035690,147064050,6,0,0,4608,8,8314015984
14440,146036080,6053963,152090043,4,0,1,4608,5,4062399625
14441,146062170,797065,146859235,6,0,0,37888,8,619621060
14442,146084010,6006187,152090197,4,0,1,8704,5,9255607915
14443,146097220,6111596,152208816,9,0,1,152576,3,9925813379
14444,146100210,917375,147017585,6,0,0,23552,8,4875604698
14445,146116840,6107156,152223996,9,0,1,34816,3,6185745063
14446,146117870,6106792,152224662,4,0,1,1024,5,654537783
14447,146139420,6236393,152375813,9,0,1,164352,3,9896506346
14448,146185280,6202900,152388180,9,0,1,50688,3,9825024211
14449,146247390,6221572,152468962,9,0,1,110592,3,8909267206
14450,146256470,6214118,152470588,4,0,1,2560,5,5963498512
14451,146282630,452105,146734735,6,0,0,9728,8,8728869533
14452,146292460,6181994,152474454,8,0,1,6144,8,7805576821
14453,146310940,6163860,152474800,8,0,1,512,8,7226606833
14454,146358070,6118036,152476106,4,0,1,2048,5,5010455705
14455,146370920,6109372,152480292,9,0,1,6656,3,3244042114
14456,146399160,6088352,152487512,4,0,1,20992,5,1377370972
14457,146412300,6075776,152488076,8,0,1,10752,8,8628300423
14458,146417960,561632,146979592,6,0,0,37888,8,4351547424
14459,146424530,6064007,152488537,4,0,1,10240,5,6634630409
14460,146429460,6067160,152496620,4,0,1,2048,5,5906522001
14461,146437010,625518,147062528,6,0,0,147456,8,8178238353
14462,146456200,6041086,152497286,9,0,1,1024,3,8227868761
14463,146485420,6018152,152503572,5,0,1,15360,10,3229947939
14464,146488490,682982,147171472,6,0,0,61952,8,8644575543
14465,146489220,6031474,152520694,9,0,1,36864,3,7369079871
14466,146532790,5989364,152522154,8,0,1,10752,8,5228225421
14467,146534750,5989350,152524100,8,0,1,3072,8,4663923594
14468,146537539,5988187,152525726,2,0,1,2560,12,797291491
14469,146540180,6083375,152623555,7,0,1,190976,4,1872525675
14470,146548830,6099106,152647936,8,0,1,512,8,1620849196
14471,146577960,6074482,152652442,4,0,1,7168,5,3311959773
14472,146587270,6066657,152653927,9,0,1,15360,3,2873242208
14473,146602239,6061823,152664062,2,0,1,3584,12,1478158835
14474,146621510,6047698,152669208,9,0,1,8192,3,1182486021
14475,146635260,6039019,152674279,9,0,1,1024,3,6816791570
14476,146660500,6014309,152674809,4,0,1,3072,5,3468911807
14477,146665480,6036811,152702291,9,0,1,44032,3,102993221
14478,146690320,6026459,152716779,9,0,1,39424,3,1831227241
14479,146709590,721559,147431149,6,0,0,87552,8,5893230808
14480,146728200,5991735,152719935,8,0,1,1536,8,27043807
14481,146734760,6084955,152819715,9,0,1,176640,3,1612978937
14482,146755340,6072146,152827486,9,0,1,20480,3,2334304671
14483,146809010,6021062,152830072,8,0,1,4096,8,10286545338
14484,146809670,6025894,152835564,8,0,1,8704,8,9456585614
14485,146812900,6023023,152835923,9,0,1,9728,3,6059387873
14486,146828630,6017444,152846074,9,0,1,2560,3,133431727
14487,146851990,5994750,152846740,8,0,1,1024,8,6439337241
14488,146874140,6013574,152887714,5,0,1,8192,10,3769879890
14489,146882730,6009783,152892513,9,0,1,9728,3,6068412670
14490,146887060,6008527,152895587,8,0,1,2560,8,7063440179
14491,146899740,6000353,152900093,8,0,1,7168,8,8967694829
14492,146926940,5975202,152902142,9,0,1,26112,3,2024356235
14493,146957830,5974469,152932299,8,0,1,22016,8,8878977473
14494,146981700,5974262,152955962,8,0,1,18432,8,885165770
14495,147000580,5955638,152956218,4,0,1,9216,5,2049214717
14496,147001050,6026755,153027805,9,0,1,108544,3,728188574
14497,147007420,6095361,153102781,9,0,1,62464,3,3848475339
14498,147030500,6072304,153102804,0,0,1,26112,11,7893239597
14499,147049480,6057866,153107346,9,0,1,51200,3,1339109765
14500,147058650,6061103,153119753,0,0,1,7168,11,4631546895
14501,147060380,6061814,153122194,9,0,1,1024,3,2030874313
14502,147066620,6055920,153122540,8,0,1,512,8,2096654144
14503,147090920,393515,147484435,8,0,0,44544,8,8517472990
14504,147101760,6122248,153224008,9,0,1,115712,3,760886446
14505,147117010,6109971,153226981,8,0,1,12288,8,7048597258
14506,147219630,6019566,153239196,8,0,1,10752,8,6663080601
14507,147227770,6117890,153345660,9,0,1,130560,3,8477792236
14508,147230690,488520,147719210,8,0,0,24576,8,10114874788
14509,147245990,6104385,153350375,8,0,1,4096,8,661699249
14510,147255680,6322296,153577976,9,0,1,273920,3,81289556
14511,147274430,6314381,153588811,9,0,1,29184,3,5917528772
14512,147319760,6276408,153596168,8,0,1,2560,8,144500530
14513,147327160,6269354,153596514,0,0,1,512,11,866920648
14514,147333190,6264630,153597820,8,0,1,2048,8,10049863054
14515,147382870,6220745,153603615,9,0,1,15360,3,5325074226
14516,147388050,6223906,153611956,8,0,1,2048,8,3547100723
14517,147390260,6223642,153613902,8,0,1,3072,8,10222211412
14518,147397090,6238370,153635460,9,0,1,60928,3,4069596156
14519,147401290,6250983,153652273,8,0,1,18944,8,1018832235
14520,147402220,6258711,153660931,8,0,1,18944,8,5887897776
14521,147403730,6284658,153688388,0,0,1,4096,11,2992571514
14522,147427690,6261671,153689361,9,0,1,12800,3,4141605156
14523,147434870,6319667,153754537,9,0,1,72192,3,1777901685
14524,147443900,347516,147791416,8,0,0,38912,8,5551286475
14525,147445670,307696,147753366,8,0,0,35328,8,3373327419
14526,147461310,6335747,153797057,9,0,1,29184,3,6692046727
14527,147461720,249987,147711707,8,0,0,102400,8,2233696917
14528,147471690,6328593,153800283,9,0,1,5120,3,7121297993
14529,147477610,6327340,153804950,0,0,1,1536,11,3019782223
14530,147485710,335208,147820918,8,0,0,31744,8,7352615144
14531,147501590,6304231,153805821,0,0,1,12288,11,1191355299
14532,147505370,6304783,153810153,7,0,1,8704,4,4330255005
14533,147517420,6410760,153928180,9,0,1,61440,3,9021986898
14534,147546590,6559293,154105883,7,0,1,174592,4,8541479310
14535,147570320,6605986,154176306,7,0,1,38400,4,1081219597
14536,147573700,6602952,154176652,0,0,1,512,11,9744518717
14537,147591920,413541,148005461,8,0,0,120320,8,3747728023
14538,147600040,6663264,154263304,9,0,1,34304,3,2186547976
14539,147600780,6662539,154263319,0,0,1,1536,11,1931849661
14540,147620630,243187,147863817,8,0,0,7680,8,5216313480
14541,147642340,6677047,154319387,9,0,1,110080,3,5560673637
14542,147660590,204802,147865392,8,0,0,5120,8,4349419535
14543,147675770,6757335,154433105,7,0,1,153600,4,6309170883
14544,147690510,6781956,154472466,9,0,1,25600,3,1213063899
14545,147697190,6805857,154503047,9,0,1,46592,3,3241700909
14546,147697870,6930245,154628115,9,0,1,140800,3,8117031118
14547,147712380,6944288,154656668,9,0,1,68608,3,796331063
14548,147749740,6959945,154709685,9,0,1,69120,3,8980574437
14549,147779180,6931491,154710671,0,0,1,1536,11,912674155
14550,147797450,6928208,154725658,0,0,1,22528,11,3752235057
14551,147825700,206579,148032279,8,0,0,5632,8,4156582445
14552,147827180,6904118,154731298,0,0,1,5120,11,10298381494
14553,147893250,6889833,154783083,9,0,1,49152,3,10623600861
14554,147894850,6888899,154783749,6,0,1,1024,8,2998788465
14555,147903720,6880375,154784095,0,0,1,512,11,8020065349
14556,147905900,6878541,154784441,0,0,1,512,11,3419785331
14557,147908760,407862,148316622,8,0,0,70656,8,9313553678
14558,147923130,6867411,154790541,9,0,1,11776,3,1707710468
14559,147931470,6863257,154794727,6,0,1,6656,8,6965572677
14560,147967860,213025,148180885,8,0,0,13312,8,7135932911
14561,147977090,6820721,154797811,6,0,1,3584,8,3408089250
14562,147979150,6820927,154800077,8,0,1,3584,8,6036316938
14563,147981650,6819733,154801383,6,0,1,2048,8,5537052376
14564,147991740,6810309,154802049,6,0,1,1024,8,9281909701
14565,148010240,6805771,154816011,6,0,1,16384,8,4001639433
14566,148022960,364553,148387513,8,0,0,26112,8,318338318
14567,148034620,6783977,154818597,6,0,1,4096,8,6759741010
14568,148041940,6788343,154830283,0,0,1,5632,11,3984093113
14569,148071430,6759839,154831269,6,0,1,1536,8,9124102367
14570,148086380,6746195,154832575,6,0,1,2048,8,7137669141
14571,148088430,229619,148318049,8,0,0,4608,8,2185939380
14572,148153060,6682101,154835161,6,0,1,4096,8,1808128794
14573,148175520,6660307,154835827,6,0,1,1024,8,10413374688
14574,148179060,6659353,154838413,6,0,1,4096,8,1691447378
14575,148219150,6625997,154845147,6,0,1,5120,8,456575584
14576,148232950,6654006,154886956,7,0,1,45568,4,4987231602
14577,148290701,6599161,154889862,3,0,1,4608,0,8992972587
14578,148304850,6586318,154891168,6,0,1,2048,8,9215452195
14579,148316580,6576534,154893114,6,0,1,3072,8,10526302330
14580,148324090,353165,148677255,8,0,0,46080,8,9052983372
14581,148386310,6507470,154893780,1,0,1,1024,17,10372966111
14582,148386740,6508986,154895726,0,0,1,3072,11,6741885259
14583,148391420,6505932,154897352,0,0,1,2560,11,3902728331
14584,148393150,253910,148647060,8,0,0,34816,8,5773409213
14585,148394161,6503857,154898018,3,0,1,1024,0,1231387765
14586,148400150,6501734,154901884,4,0,1,6144,5,1758011956
14587,148409260,6533307,154942567,6,0,1,3584,8,4127245945
14588,148415080,6527502,154942582,0,0,1,5120,11,6212018955
14589,148416390,6526207,154942597,1,0,1,6144,17,8925008305
14590,148463691,6478921,154942612,3,0,1,5120,0,10174937412
14591,148476830,280886,148757716,8,0,0,60416,8,9249778509
14592,148496761,6445866,154942627,3,0,1,2560,0,9516728571
14593,148505660,6436982,154942642,0,0,1,3072,11,3561471272
14594,148518341,6424316,154942657,3,0,1,4096,0,5864364952
14595,148527400,6415272,154942672,6,0,1,1024,8,3325779345
14596,148530130,6412557,154942687,0,0,1,7680,11,8784091232
14597,148532430,6410272,154942702,6,0,1,1024,8,6230507832
14598,148532650,6410067,154942717,1,0,1,1536,17,8110452072
14599,148536680,6406052,154942732,6,0,1,1536,8,4879771059
14600,148538500,6404247,154942747,6,0,1,2048,8,4294948560
14601,148542880,6399882,154942762,1,0,1,512,17,5525132932
14602,148550640,6402760,154953400,0,0,1,1536,11,1784568920
14603,148576240,6377175,154953415,0,0,1,8704,11,7270474445
14604,148577291,6376139,154953430,3,0,1,1536,0,1267574949
14605,148590290,6363155,154953445,0,0,1,4608,11,10493983555
14606,148604541,6348919,154953460,3,0,1,2048,0,7891470698
14607,148615340,270936,148886276,8,0,0,24064,8,5564688938
14608,148639620,6313855,154953475,0,0,1,3072,11,7762702731
14609,148643320,6310170,154953490,0,0,1,37888,11,10383057597
14610,148654530,6303118,154957648,0,0,1,1536,11,7796624811
14611,148667420,6291214,154958634,0,0,1,1536,11,8556674562
14612,148670370,6292402,154962772,8,0,1,512,8,3650530716
14613,148684721,6279677,154964398,3,0,1,2560,0,6866574943
14614,148737481,6227583,154965064,3,0,1,1024,0,7171938189
14615,148740240,265742,149005982,8,0,0,19456,8,4100753669
14616,148745440,211046,148956486,8,0,0,9728,8,1654806601
14617,148774220,222215,148996435,8,0,0,26112,8,4764320732
14618,148776820,6188590,154965410,0,0,1,512,11,10531270
14619,148788940,6180336,154969276,6,0,1,6144,8,3469074137
14620,148827461,6144401,154971862,3,0,1,4096,0,1561738829
14621,148841891,6130317,154972208,3,0,1,512,0,1304821087
14622,148848920,433683,149282603,8,0,0,43520,8,2862305469
14623,148851631,6121960,154973591,3,0,1,14848,0,1646486366
14624,148939020,6036517,154975537,0,0,1,3072,11,8691772970
14625,148944190,6032333,154976523,0,0,1,1536,11,10657206497
14626,148971920,6005269,154977189,0,0,1,1024,11,204376556
14627,148986170,236205,149222375,8,0,0,7168,8,2169944053
14628,148991080,5987095,154978175,0,0,1,1536,11,2697440598
14629,148994990,5985771,154980761,6,0,1,4096,8,2690946659
14630,149007140,345501,149352641,8,0,0,35328,8,3081519325
14631,149026020,5955727,154981747,6,0,1,1536,8,3693763760
14632,149060550,5922823,154983373,6,0,1,2560,8,883567350
14633,149062410,407934,149470344,8,0,0,10752,8,4039188464
14634,149080090,5909018,154989108,0,0,1,2560,11,8545028230
14635,149094590,5897424,154992014,0,0,1,4608,11,8929917702
14636,149094620,5897740,154992360,6,0,1,512,8,6859111145
14637,149109011,5886575,154995586,3,0,1,5120,0,881714132
14638,149113250,5884282,154997532,6,0,1,3072,8,4091661240
14639,149114961,5894713,155009674,3,0,1,1024,0,9558619811
14640,149129791,5880856,155010647,3,0,1,12800,0,10251516034
14641,149179130,5861296,155040426,6,0,1,9728,8,7792029373
14642,149179920,370700,149550620,8,0,0,113664,8,5555336211
14643,149181181,406988,149588169,5,0,0,97792,10,8318201661
14644,149212850,5852558,155065408,0,0,1,6144,11,5813364639
14645,149219910,5845513,155065423,6,0,1,1024,8,320785056
14646,149247880,5817558,155065438,5,0,1,3072,10,6133466035
14647,149271050,280889,149551939,8,0,0,1024,8,8158185517
14648,149285910,5779543,155065453,6,0,1,2560,8,7252558900
14649,149404670,5660798,155065468,7,0,1,3072,4,9792017605
14650,149436270,425275,149861545,8,0,0,86528,8,7315938943
14651,149450480,324054,149774534,8,0,0,19968,8,925543858
14652,149474210,5591273,155065483,6,0,1,6656,8,4126012652
14653,149485740,5579758,155065498,6,0,1,3072,8,3300121980
14654,149492330,226734,149719064,8,0,0,13824,8,4264027104
14655,149557700,5507813,155065513,6,0,1,3584,8,5495737427
14656,149610590,368955,149979545,8,0,0,66048,8,7245099590
14657,149613220,5454543,155067763,6,0,1,4608,8,8065325850
14658,149624870,659778,150284648,8,0,0,14336,8,4599267930
14659,149755530,5313411,155068941,0,0,1,13824,11,8978923901
14660,149758490,596994,150355484,2,0,0,85504,12,3858191120
14661,149783300,5286627,155069927,5,0,1,1536,10,4239282795
14662,149792900,5299619,155092519,5,0,1,27136,10,208209916
14663,149796010,565885,150361895,8,0,0,20992,8,2668971287
14664,149818080,286192,150104272,2,0,0,1024,12,4468502946
14665,149828989,5269301,155098290,2,0,1,1024,12,3555018005
14666,149902480,142885,150045365,8,0,0,5632,8,5218618060
14667,149914620,5213859,155128479,5,0,1,17408,10,6653509664
14668,149934390,262850,150197240,2,0,0,55808,12,426657964
14669,150011650,376849,150388499,2,0,0,87040,12,4491358828
14670,150022240,598331,150620571,2,0,0,70656,12,10283742410
14671,150029250,364428,150393678,2,0,0,16896,12,9691683602
14672,150059940,502110,150562050,8,0,0,52736,8,7443299118
14673,150126010,5048910,155174920,5,0,1,13312,10,9435496807
14674,150132860,513184,150646044,8,0,0,64512,8,2073363841
14675,150179140,4997624,155176764,5,0,1,14848,10,8802342945
14676,150208010,543757,150751767,2,0,0,68096,12,5183778437
14677,150210630,360449,150571079,2,0,0,22528,12,1764450945
14678,150256730,289237,150545967,2,0,0,67072,12,8972428771
14679,150286280,277821,150564101,2,0,0,6656,12,4363334249
14680,150316490,339940,150656430,8,0,0,33792,8,2331064687
14681,150328720,4849670,155178390,5,0,1,2560,10,7021775454
14682,150353940,506997,150860937,2,0,0,18944,12,10163143010
14683,150355260,271098,150626358,2,0,0,18944,12,6681363126
14684,150359939,4818810,155178749,2,0,1,9728,12,6666902426
14685,150378499,4823102,155201601,2,0,1,3584,12,1070910968
14686,150434050,224751,150658801,8,0,0,7680,8,7798318314
14687,150504619,4696997,155201616,2,0,1,1536,12,9533117571
14688,150525930,4700582,155226512,9,0,1,41472,3,9778677488
14689,150541550,4685308,155226858,5,0,1,512,10,6872685103
14690,150557780,4671664,155229444,5,0,1,4096,10,6004462171
14691,150561340,293810,150855150,2,0,0,37888,12,4193098263
14692,150570750,365842,150936592,2,0,0,43008,12,1526564996
14693,150576910,4683633,155260543,0,0,1,2048,11,8348431241
14694,150583290,4677919,155261209,5,0,1,1024,10,3431157743
14695,150587070,4843366,155430436,9,0,1,171008,3,8439671674
14696,150638150,178487,150816637,8,0,0,23552,8,1703543038
14697,150642470,471507,151113977,8,0,0,29184,8,5667274
14698,150676340,184768,150861108,8,0,0,512,8,6617973920
14699,150678970,4757733,155436703,5,0,1,1024,10,4410511329
14700,150712650,4724399,155437049,5,0,1,512,10,3376623059
14701,150715530,166226,150881756,2,0,0,3072,12,431187489
14702,150728160,4710835,155438995,7,0,1,3072,4,1187911541
14703,150728360,4717612,155445972,9,0,1,33280,3,3983456599
14704,150734450,389697,151124147,2,0,0,33280,12,9384327560
14705,150757680,4702753,155460433,6,0,1,7680,8,2513876705
14706,150759540,210479,150970019,2,0,0,19968,12,6094814017
14707,150759580,222466,150982046,8,0,0,39424,8,5463012847
14708,150768949,4724872,155493821,2,0,1,37376,12,5197758992
14709,150794210,347091,151141301,9,0,0,24064,3,7211431318
14710,150864980,327293,151192273,8,0,0,512,8,5348540705
14711,150871960,261115,151133075,8,0,0,6656,8,1674149952
14712,150888140,4609315,155497455,5,0,1,512,10,6409332149
14713,150906550,4590920,155497470,5,0,1,1536,10,7285092349
14714,150917020,4580481,155497501,9,0,1,5120,3,1619558687
14715,150953231,4578929,155532160,3,0,1,11264,0,1511461455
14716,150997090,4543210,155540300,5,0,1,9216,10,3980932369
14717,151019540,4525906,155545446,9,0,1,8192,3,10388735717
14718,151064729,4482696,155547425,2,0,1,2048,12,7182672085
14719,151065329,4494883,155560212,2,0,1,8192,12,9623598244
14720,151071460,101431,151172891,8,0,0,5632,8,4883129484
14721,151079009,4499097,155578106,2,0,1,6144,12,9973879367
14722,151097551,4487116,155584667,3,0,1,11264,0,6867481417
14723,151117110,4510475,155627585,9,0,1,28160,3,3990951414
14724,151129960,415342,151545302,2,0,0,120320,12,4414991578
14725,151151631,4480140,155631771,3,0,1,6656,0,9040185220
14726,151183620,4645814,155829434,9,0,1,214528,3,8036354906
14727,151190330,4645313,155835643,5,0,1,21504,10,4570695087
14728,151196440,378392,151574832,2,0,0,96768,12,2437421347
14729,151205550,4655376,155860926,9,0,1,37376,3,9135535479
14730,151216631,4650840,155867471,3,0,1,7680,0,7615792260
14731,151226080,376727,151602807,8,0,0,27648,8,7579647625
14732,151230040,4637446,155867486,9,0,1,2560,3,7614642917
14733,151233309,4643333,155876642,2,0,1,5120,12,4232114546
14734,151238201,4641027,155879228,3,0,1,4096,0,5795181338
14735,151238840,4643294,155882134,5,0,1,4608,10,7793212287
14736,151282650,4617195,155899845,5,0,1,14848,10,5560721744
14737,151285220,4621343,155906563,5,0,1,13824,10,10204026794
14738,151295810,322840,151618650,2,0,0,37888,12,7584002009
14739,151310720,315466,151626186,8,0,0,7168,8,3366446805
14740,151321910,255777,151577687,8,0,0,9216,8,2334378903
14741,151333249,4574940,155908189,2,0,1,2560,12,8600081876
14742,151333920,4582167,155916087,9,0,1,37888,3,144332724
14743,151338579,4580657,155919236,2,0,1,1024,12,7734620750
14744,151341800,280773,151622573,2,0,0,12800,12,6147233443
14745,151357649,4563879,155921528,2,0,1,3584,12,8793094134
14746,151411710,4550717,155962427,9,0,1,53760,3,8765277448
14747,151455750,257906,151713656,8,0,0,20480,8,3587749943
14748,151461110,4501983,155963093,5,0,1,11264,10,4083211507
14749,151470630,4513386,155984016,5,0,1,6144,10,30313111
14750,151488450,4606347,156094797,9,0,1,95232,3,9420594446
14751,151518609,4576203,156094812,2,0,1,3072,12,2666794126
14752,151522249,4572578,156094827,2,0,1,512,12,636569538
14753,151550370,308404,151858774,2,0,0,24576,12,4028159345
14754,151563000,4532570,156095570,5,0,1,2048,10,8610957617
14755,151611770,436576,152048346,8,0,0,57344,8,4993466344
14756,151756379,4363147,156119526,2,0,1,1536,12,480565695
14757,151792700,4328132,156120832,5,0,1,2048,10,9911915032
14758,151812100,4317668,156129768,5,0,1,35328,10,4381106240
14759,151874799,4262701,156137500,2,0,1,12288,12,6027050005
14760,151887780,448820,152336600,8,0,0,121344,8,1953333619
14761,151888850,483059,152371909,2,0,0,36352,12,177182479
14762,151927460,4238166,156165626,5,0,1,65024,10,2002662231
14763,151971310,384189,152355499,8,0,0,61952,8,1647673881
14764,151978690,4201001,156179691,1,0,1,512,17,8119608614
14765,151999300,4188824,156188124,5,0,1,9216,10,5258182448
14766,152003239,4186511,156189750,2,0,1,2560,12,1994242631
14767,152019260,4175636,156194896,1,0,1,8192,17,7035204436
14768,152037690,4161226,156198916,5,0,1,14848,10,9905122859
14769,152050199,4149485,156199684,2,0,1,11776,12,1458079100
14770,152067230,4153892,156221122,9,0,1,20480,3,9371428662
14771,152067549,4153727,156221276,2,0,1,8704,12,8744319175
14772,152087280,273538,152360818,8,0,0,17408,8,5091513192
14773,152091430,4139852,156231282,9,0,1,31744,3,7013577317
14774,152098879,4133389,156232268,2,0,1,1536,12,8551556305
14775,152116630,4154312,156270942,5,0,1,55808,10,10370816391
14776,152133870,4148572,156282442,5,0,1,6144,10,6484291651
14777,152165690,4124111,156289801,9,0,1,11264,3,1930244302
14778,152167960,4125067,156293027,9,0,1,5120,3,2953555532
14779,152192970,4104883,156297853,1,0,1,7680,17,3650633519
14780,152207990,4091169,156299159,1,0,1,2048,17,8155507204
14781,152216739,4085326,156302065,2,0,1,4608,12,1778441039
14782,152262550,4040079,156302629,5,0,1,10752,10,9778344218
14783,152266959,4036336,156303295,2,0,1,1024,12,3790358894
14784,152283779,4026087,156309866,2,0,1,6144,12,8109446318
14785,152290679,4038333,156329012,2,0,1,25088,12,9731938044
14786,152298389,4037600,156335989,2,0,1,14336,12,7264254511
14787,152316960,4048940,156365900,1,0,1,18944,17,5179437819
14788,152335149,4033977,156369126,2,0,1,5120,12,3766898882
14789,152335920,194952,152530872,2,0,0,12800,12,5038031236
14790,152357479,4011993,156369472,2,0,1,512,12,3391172970
14791,152365250,4005298,156370548,0,0,1,13312,11,280694783
14792,152417800,449257,152867057,2,0,0,15360,12,1085173492
14793,152417910,276288,152694198,2,0,0,13312,12,9844619434
14794,152443889,3928925,156372814,2,0,1,3584,12,1812456884
14795,152445630,332135,152777765,8,0,0,45056,8,5245313459
14796,152450559,3925801,156376360,2,0,1,5632,12,2807218035
14797,152480699,3900525,156381224,2,0,1,7168,12,9668680664
14798,152482709,3902061,156384770,2,0,1,5632,12,6999087700
14799,152510469,3876887,156387356,2,0,1,4096,12,2406447999
14800,152517990,3873872,156391862,1,0,1,7168,17,10114605621
14801,152531569,3860639,156392208,2,0,1,512,12,812420887
14802,152536600,137664,152674264,2,0,0,12288,12,6947397956
14803,152538060,394216,152932276,2,0,0,88064,12,119183783
14804,152538560,3855914,156394474,1,0,1,3584,17,7725912054
14805,152548489,3846856,156395345,2,0,1,12288,12,4587863213
14806,152557130,545636,153102766,2,0,0,79360,12,7679242725
14807,152588210,490361,153078571,2,0,0,76800,12,9655701651
14808,152596101,3802496,156398597,3,0,1,5120,0,4304417180
14809,152605940,3796203,156402143,1,0,1,5632,17,4454339753
14810,152620589,3787148,156407737,2,0,1,19456,12,7190561446
14811,152622540,579647,153202187,8,0,0,17920,8,9254572778
14812,152631580,3779063,156410643,1,0,1,4608,17,7400885492
14813,152638420,3773209,156411629,1,0,1,1536,17,7930326816
14814,152661810,490267,153152077,2,0,0,38912,12,2269425940
14815,152670310,3742625,156412935,1,0,1,2048,17,6667160590
14816,152697330,3715759,156413089,1,0,1,8704,17,2045846658
14817,152710699,3702851,156413550,2,0,1,10240,12,1753098246
14818,152762439,3654986,156417425,2,0,1,3072,12,1558555148
14819,152776900,3641831,156418731,1,0,1,2048,17,2913915025
14820,152780350,3642887,156423237,1,0,1,7168,17,9685113869
14821,152841460,312297,153153757,2,0,0,4096,12,9902916418
14822,152850340,346372,153196712,2,0,0,47616,12,2804889001
14823,152895850,3539993,156435843,1,0,1,6144,17,785282886
14824,152903900,3535489,156439389,1,0,1,5632,17,6133047114
14825,152910220,397462,153307682,2,0,0,14336,12,8636881878
14826,152938600,392131,153330731,2,0,0,21504,12,7535781733
14827,152950910,271124,153222034,8,0,0,27648,8,5074946439
14828,152963820,275361,153239181,2,0,0,10752,12,2461371737
14829,152969640,3474895,156444535,1,0,1,8192,17,1635298058
14830,152995890,3453471,156449361,1,0,1,7680,17,203715691
14831,152995990,3458517,156454507,1,0,1,8192,17,1292768802
14832,153010320,192194,153202514,2,0,0,1024,12,8015375389
14833,153026470,467016,153493486,2,0,0,102400,12,6699359366
14834,153044180,301465,153345645,2,0,0,33280,12,9172858400
14835,153052900,3403233,156456133,1,0,1,2560,17,5423215464
14836,153075999,3380800,156456799,2,0,1,11264,12,46297097
14837,153124510,405667,153530177,8,0,0,120320,8,5780253102
14838,153137110,3322915,156460025,0,0,1,5120,11,2686748030
14839,153158850,458568,153617418,2,0,0,2048,12,441356169
14840,153167120,3295811,156462931,1,0,1,4608,17,7341698029
14841,153167250,3297947,156465197,1,0,1,3584,17,10404480824
14842,153215420,354529,153569949,2,0,0,16384,12,647084503
14843,153229970,333253,153563223,2,0,0,1024,12,6280466907
14844,153231350,3245772,156477122,1,0,1,7168,17,4789842748
14845,153253480,3226228,156479708,1,0,1,4096,17,3362809218
14846,153271280,556695,153827975,2,0,0,39424,12,4414423256
14847,153289590,271262,153560852,2,0,0,14336,12,2487891723
14848,153323850,745100,154068950,8,0,0,196096,8,9703483158
14849,153334610,345052,153679662,2,0,0,26112,12,282799176
14850,153375440,3105254,156480694,1,0,1,1536,17,7020062390
14851,153381320,3102280,156483600,1,0,1,4608,17,2255325747
14852,153390710,186442,153577152,2,0,0,512,12,3088597836
14853,153392660,385767,153778427,8,0,0,8192,8,7978610219
14854,153430550,3053716,156484266,1,0,1,1024,17,10136380154
14855,153471041,3018371,156489412,3,0,1,8192,0,4993882590
14856,153481140,3009578,156490718,1,0,1,2048,17,7692482799
14857,153495301,2995763,156491064,3,0,1,512,0,3402029576
14858,153504920,2988410,156493330,1,0,1,3584,17,3315046934
14859,153517270,588355,154105625,8,0,0,120320,8,10046289802
14860,153522720,422480,153945200,2,0,0,17920,12,8391415313
14861,153525660,2968080,156493740,9,0,1,17920,3,8319908235
14862,153533110,380110,153913220,8,0,0,23552,8,48781557
14863,153533430,637215,154170645,8,0,0,114176,8,2901534859
14864,153551420,217700,153769120,8,0,0,30720,8,1840852243
14865,153563890,2930516,156494406,1,0,1,1024,17,9086678592
14866,153584020,2916976,156500996,1,0,1,8704,17,9887486645
14867,153670410,2833354,156503764,1,0,1,6144,17,301341846
14868,153671490,2833247,156504737,1,0,1,12800,17,8563974890
14869,153687530,2818193,156505723,4,0,1,1536,5,3370731484
14870,153717920,595940,154313860,2,0,0,81920,12,6447485185
14871,153720200,2787149,156507349,1,0,1,2560,17,2621276711
14872,153753880,2758295,156512175,1,0,1,7680,17,9770503224
14873,153756110,2759291,156515401,1,0,1,5120,17,7978139784
14874,153758570,195591,153954161,8,0,0,17408,8,7582371782
14875,153795100,2725561,156520661,8,0,1,2048,8,7192135834
14876,153853000,410289,154263289,2,0,0,144384,12,2077118837
14877,153869660,2652077,156521737,8,0,1,13312,8,1631267227
14878,153894690,392200,154286890,2,0,0,77312,12,9733854294
14879,153911510,532566,154444076,2,0,0,512,12,7179922470
14880,153933560,199656,154133216,2,0,0,4608,12,2660279890
14881,153940780,278494,154219274,8,0,0,27648,8,9204686812
14882,153957530,441480,154399010,8,0,0,24576,8,4120770930
14883,154018860,721289,154740149,2,0,0,28160,12,3405994512
14884,154036520,2535505,156572025,9,0,1,17408,3,6071675936
14885,154049880,2524731,156574611,8,0,1,4096,8,9672900556
14886,154052400,450632,154503032,1,0,0,27648,17,1621815072
14887,154124820,305990,154430810,2,0,0,28672,12,6044663292
14888,154162600,309851,154472451,2,0,0,53760,12,7865503493
14889,154174030,392496,154566526,8,0,0,46592,8,8658870890
14890,154203890,2376213,156580103,8,0,1,8704,8,3879291951
14891,154213000,436462,154649462,2,0,0,55296,12,6596692005
14892,154232150,516836,154748986,2,0,0,28160,12,8742640002
14893,154322770,333883,154656653,8,0,0,23552,8,907012700
14894,154341470,2239619,156581089,8,0,1,1536,8,10183218984
14895,154345320,406029,154751349,8,0,0,7680,8,9520706919
14896,154352910,349426,154702336,2,0,0,77824,12,41867142
14897,154372700,2208735,156581435,8,0,1,512,8,7922731451
14898,154411890,530662,154942552,2,0,0,130048,12,6195905260
14899,154421821,2160587,156582408,3,0,1,12800,0,3947453879
14900,154422311,2184571,156606882,3,0,1,4096,0,4550315239
14901,154442551,2167581,156610132,3,0,1,1536,0,8511981560
14902,154451020,303546,154754566,8,0,0,6144,8,1775812504
14903,154471671,2141047,156612718,3,0,1,4096,0,328904532
14904,154483790,2130718,156614508,8,0,1,1536,8,8405404056
14905,154508930,444455,154953385,2,0,0,34816,12,1647844413
14906,154513540,2101634,156615174,8,0,1,1024,8,7310556923
14907,154515290,550103,155065393,8,0,0,64512,8,5302469080
14908,154594930,2020590,156615520,8,0,1,512,8,223959908
14909,154614740,2001139,156615879,8,0,1,9728,8,9491016502
14910,154675520,1943931,156619451,8,0,1,5632,8,9026427188
14911,154688860,1932537,156621397,8,0,1,3072,8,10199390300
14912,154697560,1924183,156621743,8,0,1,512,8,4669289223
14913,154700210,1922455,156622665,9,0,1,10240,3,3683288413
14914,154736510,1894936,156631446,8,0,1,1536,8,6777517359
14915,154738360,1893445,156631805,8,0,1,9728,8,3575065387
14916,154744320,1898652,156642972,9,0,1,8704,3,3637248512
14917,154787740,530411,155318151,8,0,0,24576,8,4134241071
14918,154799850,454265,155254115,8,0,0,17408,8,4564232843
14919,154805380,499896,155305276,2,0,0,3584,12,8755965861
14920,154818270,1853460,156671730,9,0,1,8704,3,5805548668
14921,154820930,553142,155374072,8,0,0,81920,8,5747073159
14922,154832510,661296,155493806,2,0,0,103424,12,486339547
14923,154835700,411740,155247440,2,0,0,37376,12,10301221711
14924,154842890,345938,155188828,2,0,0,2048,12,247625866
14925,154843670,193814,155037484,8,0,0,13824,8,49904353
14926,154869450,332136,155201586,8,0,0,5120,8,5762079436
14927,154901510,447587,155349097,8,0,0,8704,8,9793295229
14928,154959390,1716206,156675596,8,0,1,6144,8,10078677366
14929,154970460,1707722,156678182,1,0,1,4096,17,1197437008
14930,154983390,1696098,156679488,1,0,1,2048,17,2797614731
14931,154989840,421041,155410881,8,0,0,40448,8,6510427149
14932,154995970,1684184,156680154,9,0,1,1024,3,2673213750
14933,155097110,1583710,156680820,9,0,1,1024,3,6636119758
14934,155102160,244270,155346430,8,0,0,26624,8,4618975091
14935,155105990,1578056,156684046,8,0,1,5120,8,10409382101
14936,155141490,94319,155235809,2,0,0,2048,12,7041639950
14937,155142400,1554876,156697276,8,0,1,12800,8,2297785266
14938,155144400,1556643,156701043,8,0,1,20480,8,7810346024
14939,155188270,242151,155430421,2,0,0,12800,12,9792435620
14940,155197029,1519528,156716557,2,0,1,22016,12,193583620
14941,155213720,300227,155513947,2,0,0,8192,12,4403580923
14942,155218139,1498441,156716580,2,0,1,9216,12,4052113927
14943,155224190,1500205,156724395,1,0,1,3584,17,9650929611
14944,155233560,429784,155663344,2,0,0,90624,12,3464782089
14945,155235840,1490181,156726021,8,0,1,2560,8,7697836740
14946,155246219,1486172,156732391,2,0,1,1024,12,6922299060
14947,155273460,1458946,156732406,1,0,1,11776,17,1351599880
14948,155279280,1458260,156737540,8,0,1,7680,8,7861346549
14949,155285710,211722,155497432,8,0,0,11776,8,9909466959
14950,155286730,320564,155607294,8,0,0,10752,8,8365899161
14951,155292270,1460696,156752966,1,0,1,2560,17,8873776187
14952,155294690,265507,155560197,8,0,0,26624,8,7442949419
14953,155302200,1451112,156753312,8,0,1,512,8,460336764
14954,155309150,1446354,156755504,9,0,1,1024,3,1346276556
14955,155333220,1424550,156757770,1,0,1,3584,17,4119514932
14956,155336529,1425453,156761982,2,0,1,6656,12,5466450548
14957,155350680,1422960,156773640,0,0,1,19456,11,2923091102
14958,155393670,293623,155687293,8,0,0,18944,8,9330823575
14959,155394159,1380467,156774626,2,0,1,1536,12,5316127337
14960,155428860,311161,155740021,2,0,0,29184,12,8580138003
14961,155431720,1349601,156781321,1,0,1,19456,17,4390511676
14962,155432059,1353795,156785854,2,0,1,25600,12,10251782882
14963,155474160,1320038,156794198,9,0,1,1536,3,326239504
14964,155482650,1314454,156797104,9,0,1,4608,3,4698748489
14965,155491120,1315935,156807055,1,0,1,1536,17,4823258239
14966,155530340,1292363,156822703,9,0,1,5120,3,8659478778
14967,155547310,1276379,156823689,9,0,1,1536,3,8192059655
14968,155559190,308266,155867456,8,0,0,13824,8,2661319461
14969,155569260,187372,155756632,8,0,0,9216,8,3461582271
14970,155594981,1233716,156828697,3,0,1,1536,0,5585150696
14971,155599199,1229754,156828953,2,0,1,9216,12,7295424439
14972,155609681,1222818,156832499,3,0,1,5632,0,1799701646
14973,155616539,1216946,156833485,2,0,1,1536,12,6877469038
14974,155642050,215443,155857493,0,0,0,3072,11,1559398115
14975,155678681,1160556,156839237,3,0,1,5632,0,7522206612
14976,155693711,1145782,156839493,3,0,1,9216,0,686971174
14977,155701500,1141376,156842876,9,0,1,4096,3,2388651271
14978,155749060,227238,155976298,8,0,0,21504,8,5533702081
14979,155784800,231733,156016533,2,0,0,78848,12,1381355767
14980,155795080,299702,156094782,8,0,0,73216,8,6542771940
14981,155852521,990509,156843030,3,0,1,8704,0,4688302205
14982,155862550,1006052,156868602,9,0,1,3584,3,10288023350
14983,155899470,266141,156165611,2,0,0,30208,12,6198906472
14984,155910171,959417,156869588,3,0,1,1536,0,1410384935
14985,155942270,929275,156871545,9,0,1,1536,3,6973477838
14986,155942281,930250,156872531,3,0,1,1536,0,7111003021
14987,155949090,923697,156872787,9,0,1,9216,3,8614698141
14988,155963161,918181,156881342,3,0,1,9216,0,6921008182
14989,155985400,232973,156218373,8,0,0,8704,8,5575163580
14990,155988850,893158,156882008,9,0,1,1024,3,1245592557
14991,156014331,886387,156900718,3,0,1,2048,0,4396337945
14992,156067591,837953,156905544,3,0,1,7680,0,8311714860
14993,156111841,816764,156928605,3,0,1,8704,0,7586718672
14994,156119101,810804,156929905,3,0,1,3584,0,10284057471
14995,156140979,796197,156937176,2,0,1,1536,12,6491495538
14996,156153931,784551,156938482,3,0,1,2048,0,5489384381
14997,156183939,755529,156939468,2,0,1,1536,12,1767289576
14998,156190400,754850,156945250,9,0,1,4608,3,6585377977
14999,156192011,753905,156945916,3,0,1,1024,0,8204356780
15000,156196659,751523,156948182,2,0,1,3584,12,5285956065
15001,156199661,752387,156952048,3,0,1,6144,0,2631042855
15002,156228650,431888,156660538,8,0,0,41472,8,2154716264
15003,156266931,685463,156952394,3,0,1,512,0,624022443
15004,156271020,286613,156557633,2,0,0,33792,12,5844996663
15005,156292850,208131,156500981,8,0,0,21504,8,8614736169
15006,156316569,636171,156952740,2,0,1,512,12,3614155847
15007,156362040,354502,156716542,2,0,0,46592,12,5254804088
15008,156366061,604843,156970904,3,0,1,4608,0,5026561190
15009,156382570,235424,156617994,8,0,0,2560,8,9329483466
15010,156392621,578298,156970919,3,0,1,1024,0,6024738779
15011,156409891,561433,156971324,3,0,1,1024,0,9102592755
15012,156412769,583867,156996636,2,0,1,2560,12,9189285620
15013,156487621,523264,157010885,3,0,1,2560,0,6289678357
15014,156508040,502860,157010900,6,0,1,6144,8,6895756424
15015,156512840,219536,156732376,2,0,0,18944,12,9343791787
15016,156601050,395571,156996621,2,0,0,78848,12,3923633139
15017,156616570,383053,156999623,8,0,0,9728,8,10200504858
15018,156631900,420058,157051958,2,0,0,6656,12,5560464054
15019,156701230,227360,156928590,2,0,0,30720,12,2885196218
15020,156701290,309633,157010923,6,0,1,10240,8,8760108836
15021,156712010,258879,156970889,2,0,0,7168,12,8195282712
15022,156731320,279550,157010870,8,0,0,36864,8,6811421544
15023,156739580,329532,157069112,0,0,1,14848,11,5012873367
15024,156769420,514638,157284058,2,0,0,147968,12,7920634823
15025,156772470,249552,157022022,2,0,0,36352,12,7681351111
15026,156804630,292249,157096879,2,0,0,25088,12,3683559113
15027,156812800,313783,157126583,6,0,1,7168,8,3920151667
15028,156877870,356967,157234837,8,0,0,22528,8,3267739134
15029,156894330,233879,157128209,6,0,1,2560,8,10643725532
15030,156900730,450593,157351323,2,0,0,48128,12,4117419353
15031,156929870,357635,157287505,2,0,0,11264,12,8173311202
15032,156954150,273808,157227958,8,0,0,74752,8,10647836472
15033,156967200,172446,157139646,8,0,0,1536,8,7366913198
15034,156979270,150565,157129835,6,0,1,2560,8,3075996519
15035,156994480,136981,157131461,6,0,1,2560,8,8776874763
15036,157033100,273808,157306908,2,0,0,25088,12,7596331408
15037,157054360,182364,157236724,8,0,0,6144,8,253079061
15038,157165130,547674,157712804,2,0,0,162304,12,8548533429
15039,157181960,384920,157566880,8,0,0,78848,8,8775398298
15040,157236330,385797,157622127,8,0,0,181248,8,9111545961
15041,157268450,454596,157723046,8,0,0,11264,8,9298063758
15042,157312120,219494,157531614,8,0,0,2048,8,1358767679
15043,157338530,16947,157355477,7,0,1,11264,4,9183689090
15044,157483840,1042,157484882,7,0,1,1024,4,1175267190
15045,157496580,132086,157628666,8,0,0,7168,8,3391281173
15046,157497810,1518,157499328,7,0,1,1536,4,3993622478
15047,157509940,320234,157830174,8,0,0,31232,8,763102826
15048,157517190,202377,157719567,2,0,0,22016,12,978088974
15049,157537760,1518,157539278,7,0,1,1536,4,7906835855
15050,157546390,413130,157959520,2,0,0,73216,12,7143892998
15051,157600540,22621,157623161,0,0,1,1024,11,5024387658
15052,157673520,371246,158044766,8,0,0,56320,8,1577111817
15053,157678020,48761,157726781,0,0,1,7680,11,9308541173
15054,157678320,49447,157727767,7,0,1,1536,4,3852067758
15055,157687970,181940,157869910,2,0,0,14848,12,5835747514
15056,157689710,38621,157728331,7,0,1,10752,4,8989397392
15057,157704320,24357,157728677,0,0,1,512,11,5157502348
15058,157733400,228943,157962343,8,0,0,9216,8,9112101053
15059,157744000,7230,157751230,7,0,1,7680,4,9260479627
15060,157768170,2470,157770640,7,0,1,2560,4,1238222714
15061,157770920,4850,157775770,0,0,1,5120,11,10686025055
15062,157796570,2470,157799040,1,0,1,2560,17,101811276
15063,157824070,9535,157833605,0,0,1,3584,11,4460997224
15064,157824560,10031,157834591,7,0,1,1536,4,8212466270
15065,157844390,301954,158146344,8,0,0,72704,8,1840870276
15066,157872070,7706,157879776,7,0,1,8192,4,8591924861
15067,157880370,337869,158218239,2,0,0,34304,12,10521168857
15068,157922340,6278,157928618,7,0,1,6656,4,1420448596
15069,157924100,161572,158085672,8,0,0,5632,8,7711375214
15070,157960910,311215,158272125,8,0,0,72704,8,7900377171
15071,157997210,2870,158000080,7,0,1,8704,4,6665434186
15072,158094070,138897,158232967,2,0,0,10240,12,4148353233
15073,158171000,274813,158445813,8,0,0,18944,8,1286073311
15074,158193040,218664,158411704,8,0,0,11264,8,8527582385
15075,158221149,2870,158224019,2,0,1,8704,12,4051902218
15076,158229289,3701,158232990,2,0,1,8704,12,4173170509
15077,158230419,12781,158243200,2,0,1,16384,12,5656957604
15078,158341330,98696,158440026,2,0,0,24064,12,8946224922
15079,158345010,1042,158346052,7,0,1,1024,4,1330714507
15080,158373820,115728,158489548,8,0,0,9216,8,31800797
15081,158408150,228086,158636236,2,0,0,13824,12,9889353984
15082,158412120,12737,158424857,6,0,1,24576,8,6960745212
15083,158468140,295373,158763513,2,0,0,133120,12,6852099006
15084,158481800,222398,158704198,8,0,0,25088,8,10471541091
15085,158496390,291800,158788190,8,0,0,45568,8,3966399479
15086,158504040,6754,158510794,9,0,1,7168,3,5145749207
15087,158537040,6278,158543318,6,0,1,6656,8,9152474429
15088,158552190,2470,158554660,6,0,1,2560,8,1620995640
15089,158592860,4850,158597710,4,0,1,5120,5,5883892221
15090,158612460,161831,158774291,2,0,0,9728,12,9568554409
15091,158632400,272349,158904749,8,0,0,13312,8,9530487445
15092,158637240,317455,158954695,2,0,0,38400,12,10264444736
15093,158638790,6278,158645068,4,0,1,6656,5,5911186032
15094,158658100,152839,158810939,2,0,0,29184,12,8891686519
15095,158672910,360786,159033696,2,0,0,13824,12,5272115686
15096,158695070,334399,159029469,2,0,0,102400,12,4285925763
15097,158752470,15409,158767879,4,0,1,4608,5,9480497242
15098,158811090,401820,159212910,2,0,0,166400,12,5970554054
15099,158811590,1042,158812632,4,0,1,1024,5,8848897799
15100,158860770,1042,158861812,4,0,1,1024,5,1994720331
15101,158872280,3387,158875667,4,0,1,9728,5,514949867
15102,158911720,250475,159162195,8,0,0,69120,8,4091701348
15103,158941090,13620,158954710,4,0,1,17408,5,7392087391
15104,158957960,1042,158959002,8,0,1,1024,8,3055874165
15105,158975290,4679,158979969,4,0,1,12288,5,7715417402
15106,158976979,5526,158982505,2,0,1,3584,12,4104947696
15107,158988460,2870,158991330,1,0,1,8704,17,2122915052
15108,158994270,566,158994836,5,0,1,512,10,1097197316
15109,159013779,22446,159036225,2,0,1,2560,12,3840089408
15110,159020729,16482,159037211,2,0,1,1536,12,467356893
15111,159024550,14607,159039157,8,0,1,3072,8,10646707562
15112,159030510,8801,159039311,1,0,1,8704,17,470040782
15113,159041800,188996,159230796,2,0,0,7680,12,7972696892
15114,159051320,4850,159056170,4,0,1,5120,5,7563977763
15115,159052480,7236,159059716,1,0,1,5632,17,3712446243
15116,159062660,155172,159217832,2,0,0,15872,12,681315245
15117,159091450,3422,159094872,4,0,1,3584,5,9299686584
15118,159091550,7508,159099058,4,0,1,6656,5,9115427805
15119,159107380,3387,159110767,4,0,1,9728,5,6318125370
15120,159113560,4162,159117722,4,0,1,11264,5,6032969837
15121,159115110,5059,159120169,4,0,1,9216,5,3363805418
15122,159123220,15062,159138282,8,0,1,29184,8,7792474590
15123,159125849,15019,159140868,2,0,1,4096,12,2211959216
15124,159138750,74183,159212933,1,0,1,7168,17,6518985037
15125,159144290,74593,159218883,8,0,1,1024,8,442307431
15126,159151330,79560,159230890,8,0,1,24576,8,2656100719
15127,159153130,79706,159232836,8,0,1,3072,8,3892551349
15128,159170010,65092,159235102,1,0,1,3584,17,2068468143
15129,159185970,278111,159464081,8,0,0,3584,8,3966377347
15130,159189300,232475,159421775,8,0,0,36864,8,5256053063
15131,159189630,235538,159425168,2,0,0,9216,12,9832973496
15132,159195630,41738,159237368,1,0,1,3584,17,4185313585
15133,159209500,190796,159400296,0,0,0,64512,11,10468529754
15134,159226680,11354,159238034,4,0,1,1024,5,5646672966
15135,159268390,4374,159272764,1,0,1,4608,17,5550969062
15136,159271400,5802,159277202,1,0,1,6144,17,10257996992
15137,159274770,3098,159277868,4,0,1,1024,5,1228868368
15138,159276590,10241,159286831,4,0,1,16384,5,7584297421
15139,159278910,340926,159619836,2,0,0,18432,12,10391430531
15140,159280410,7087,159287497,4,0,1,1024,5,8168852991
15141,159293480,287176,159580656,8,0,0,82432,8,2324068232
15142,159321920,2946,159324866,1,0,1,3072,17,30027337
15143,159326440,12308,159338748,8,0,1,20480,8,5132381299
15144,159331860,7554,159339414,4,0,1,11264,5,10317784116
15145,159333470,7890,159341360,5,0,1,3072,10,9128847656
15146,159378790,1518,159380308,8,0,1,1536,8,6554500361
15147,159403220,228339,159631559,8,0,0,38400,8,7132118614
15148,159407730,14060,159421790,8,0,1,18432,8,4732064435
15149,159435900,290233,159726133,2,0,0,26112,12,8271195766
15150,159442800,373939,159816739,0,0,0,37888,11,5859536296
15151,159464490,268439,159732929,0,0,0,7168,11,2730484065
15152,159487129,4679,159491808,2,0,1,12288,12,47862754
15153,159488940,264643,159753583,8,0,0,9216,8,5344932467
15154,159512860,3128,159515988,8,0,1,9216,8,1947642620
15155,159519450,2946,159522396,8,0,1,3072,8,6437417767
15156,159553140,268645,159821785,0,0,0,16384,11,10717997463
15157,159556440,27630,159584070,8,0,1,3584,8,2612734598
15158,159589470,2946,159592416,8,0,1,3072,8,335834297
15159,159610800,1994,159612794,1,0,1,2048,17,9436589433
15160,159616670,253267,159869937,2,0,0,12800,12,9393872145
15161,159641510,5802,159647312,8,0,1,6144,8,5861040334
15162,159663670,1518,159665188,1,0,1,1536,17,8813618290
15163,159664729,1125,159665854,2,0,1,1024,12,8156118807
15164,159680870,113268,159794138,0,0,0,8192,11,2166933347
15165,159709460,566,159710026,8,0,1,512,8,3285918264
15166,159722920,6850,159729770,6,0,1,10240,8,98829938
15167,159738640,1042,159739682,8,0,1,1024,8,2550049910
15168,159738690,173952,159912642,2,0,0,44544,12,1249464272
15169,159746779,6819,159753598,2,0,1,5120,12,5413998281
15170,159747850,5763,159753613,1,0,1,1024,17,7227471638
15171,159767860,4374,159772234,8,0,1,4608,8,9879942537
15172,159781740,5802,159787542,0,0,1,6144,11,2349335795
15173,159790620,283423,160074043,2,0,0,4096,12,6060693621
15174,159794960,3422,159798382,1,0,1,3584,17,2278748932
15175,159799540,4679,159804219,0,0,1,12288,11,10657073599
15176,159801599,15163,159816762,2,0,1,2048,12,9000445785
15177,159805460,235205,160040665,0,0,0,5632,11,5309416826
15178,159808079,20895,159828974,2,0,1,7680,12,601700309
15179,159808200,25280,159833480,6,0,1,7168,8,3276731852
15180,159818730,197595,160016325,2,0,0,32256,12,9522843435
15181,159819370,334815,160154185,8,0,0,58368,8,4349711458
15182,159832890,192981,160025871,8,0,0,31232,8,8410252857
15183,159854100,218665,160072765,0,0,0,12800,11,9166919020
15184,159868310,6469,159874779,6,0,1,5120,8,7192737854
15185,159875910,287549,160163459,0,0,0,30208,11,10601668244
15186,159883670,229796,160113466,8,0,0,4608,8,1460936347
15187,159896840,184755,160081595,2,0,0,4096,12,355814649
15188,159911810,219455,160131265,2,0,0,58368,12,6568002740
15189,159919630,2870,159922500,1,0,1,8704,17,7941293876
15190,159921829,13068,159934897,2,0,1,20992,12,4266460755
15191,159929060,6823,159935883,0,0,1,1536,11,2314291258
15192,159938320,1994,159940314,1,0,1,2048,17,8701419250
15193,159950230,279499,160229729,2,0,0,10240,12,3212744715
15194,159952990,183126,160136116,2,0,0,15872,12,836226557
15195,159958889,4850,159963739,2,0,1,5120,12,2323929265
15196,159971860,2470,159974330,6,0,1,2560,8,4295173929
15197,159989390,2946,159992336,0,0,1,3072,11,6871672705
15198,159993090,215591,160208681,2,0,0,41984,12,2478728921
15199,160003900,12440,160016340,5,0,1,9216,10,5437965418
15200,160012860,311723,160324583,8,0,0,58880,8,782224012
15201,160020230,11477,160031707,1,0,1,6144,17,685139004
15202,160021930,16346,160038276,1,0,1,16896,17,5635563304
15203,160028540,12140,160040680,5,0,1,3584,10,5207616168
15204,160043690,6278,160049968,5,0,1,6656,10,2865873685
15205,160046760,4514,160051274,0,0,1,2048,11,7435006650
15206,160049980,221384,160271364,8,0,0,70144,8,4153778021
15207,160050150,398751,160448901,2,0,0,11264,12,2372616868
15208,160052000,3898,160055898,0,0,1,4096,11,8552275833
15209,160059660,13120,160072780,5,0,1,18432,10,1955344194
15210,160060770,342456,160403226,0,0,0,19456,11,10356107642
15211,160078690,337834,160416524,2,0,0,13312,12,6452151322
15212,160086990,271008,160357998,8,0,0,37376,8,6323971183
15213,160098730,566,160099296,8,0,1,512,8,8359898561
15214,160129890,24310,160154200,7,0,1,2048,4,4768451309
15215,160138350,390480,160528830,2,0,0,49152,12,5554666360
15216,160142230,26514,160168744,5,0,1,5632,10,10415083371
15217,160146010,25960,160171970,5,0,1,5120,10,9628868800
15218,160147900,24736,160172636,8,0,1,1024,8,9264528135
15219,160148290,25332,160173622,5,0,1,1536,10,627689287
15220,160163590,412687,160576277,2,0,0,155648,12,1324831760
15221,160176540,268914,160445454,0,0,0,8704,11,8649674738
15222,160178960,233485,160412445,2,0,0,30208,12,7239323179
15223,160187660,3898,160191558,7,0,1,4096,4,3950095511
15224,160198360,396662,160595022,0,0,0,26624,11,7183542377
15225,160202759,8409,160211168,2,0,1,2560,12,8305603330
15226,160227040,8007,160235047,5,0,1,5632,10,4501866262
15227,160234429,1604,160236033,2,0,1,1536,12,6058406125
15228,160238280,1042,160239322,5,0,1,1024,10,7691663536
15229,160246050,25329,160271379,5,0,1,12288,10,7055792575
15230,160248750,22644,160271394,8,0,1,512,8,10660951918
15231,160252630,21293,160273923,5,0,1,2560,10,2806127852
15232,160265260,9649,160274909,5,0,1,1536,10,5043041497
15233,160269510,5745,160275255,1,0,1,512,17,3586053568
15234,160269569,6158,160275727,2,0,1,8704,12,1887202622
15235,160278630,305790,160584420,2,0,0,26624,12,2603489340
15236,160282020,4374,160286394,7,0,1,4608,4,7301983940
15237,160311020,26422,160337442,5,0,1,21504,10,7857584750
15238,160315890,22116,160338006,6,0,1,10752,8,6556689645
15239,160317530,21040,160338570,1,0,1,10752,17,3073257358
15240,160331710,308324,160640034,0,0,0,28160,11,6428299618
15241,160338460,4162,160342622,8,0,1,11264,8,2262551352
15242,160388460,4850,160393310,7,0,1,5120,4,2129130623
15243,160399130,21727,160420857,1,0,1,4608,17,3087379509
15244,160432090,16826,160448916,1,0,1,27136,17,1950110647
15245,160434600,273508,160708108,0,0,0,54272,11,3949102300
15246,160434910,14021,160448931,6,0,1,9216,8,3117971382
15247,160447060,6713,160453773,6,0,1,5120,8,2341753706
15248,160449290,159166,160608456,0,0,0,10752,11,10342486474
15249,160456740,5971,160462711,7,0,1,14848,4,1039317401
15250,160462820,258192,160721012,2,0,0,38912,12,7001266847
15251,160482500,188017,160670517,0,0,0,35328,11,2527793723
15252,160483090,2946,160486036,7,0,1,3072,4,2825032225
15253,160505640,4850,160510490,6,0,1,5120,8,3629660353
15254,160515800,68651,160584451,7,0,1,512,4,9562611614
15255,160539830,55215,160595045,7,0,1,16384,4,1769617972
15256,160562770,32290,160595060,6,0,1,512,8,6565922710
15257,160583830,13145,160596975,6,0,1,2048,8,3380905788
15258,160606250,5620,160611870,7,0,1,3584,4,5206634025
15259,160642040,6488,160648528,6,0,1,15872,8,5514339137
15260,160665780,6723,160672503,6,0,1,2048,8,9691734785
15261,160703010,309787,161012797,2,0,0,7680,12,6755477781
15262,160711260,14135,160725395,7,0,1,4608,4,8761525329
15263,160711840,421130,161132970,2,0,0,13824,12,8643653494
15264,160723230,3791,160727021,7,0,1,2560,4,1421259601
15265,160755520,1042,160756562,1,0,1,1024,17,3734333984
15266,160759390,345176,161104566,0,0,0,55808,11,6825669215
15267,160759980,6278,160766258,7,0,1,6656,4,1260052488
15268,160767690,170626,160938316,0,0,0,10240,11,4369417084
15269,160772390,2946,160775336,1,0,1,3072,17,9893120748
15270,160789630,566,160790196,7,0,1,512,4,7951469578
15271,160805680,14804,160820484,9,0,1,28672,3,2016180199
15272,160808560,121370,160929930,2,0,0,10240,12,7724196930
15273,160812130,335514,161147644,0,0,0,7168,11,8529918362
15274,160837500,291243,161128743,2,0,0,30720,12,4992281048
15275,160840570,2946,160843516,1,0,1,3072,17,2821991180
15276,160846110,160564,161006674,0,0,0,36864,11,2415673936
15277,160874600,4850,160879450,1,0,1,5120,17,9470731270
15278,160880110,4374,160884484,6,0,1,4608,8,4582576031
15279,160890690,5802,160896492,6,0,1,6144,8,4764024001
15280,160892300,4551,160896851,9,0,1,9728,3,5401251111
15281,160895360,4638,160899998,1,0,1,4608,17,2417141038
15282,160897190,4434,160901624,1,0,1,2560,17,7050027247
15283,160908670,3422,160912092,1,0,1,3584,17,7707366115
15284,160911950,1518,160913468,6,0,1,1536,8,3153112426
15285,160918980,3387,160922367,6,0,1,9728,8,9397501680
15286,160923980,1994,160925974,0,0,1,2048,11,2796450290
15287,160924100,5845,160929945,1,0,1,5120,17,672471859
15288,160935880,8916,160944796,9,0,1,15872,3,6024434
15289,160939840,5302,160945142,1,0,1,512,17,5291173164
15290,160943730,2078,160945808,7,0,1,1024,4,3696541886
15291,160971660,5802,160977462,6,0,1,6144,8,8903147513
15292,160978460,254110,161232570,2,0,0,19968,12,1009533847
15293,161025790,283660,161309450,0,0,0,101376,11,2692086286
15294,161029000,4850,161033850,0,0,1,5120,11,10393701986
15295,161031670,2846,161034516,6,0,1,1024,8,1646809532
15296,161035850,4850,161040700,0,0,1,5120,11,7140006017
15297,161048540,566,161049106,0,0,1,512,11,9667100662
15298,161070270,2946,161073216,7,0,1,3072,4,6603134893
15299,161075840,11016,161086856,7,0,1,17920,4,3294325443
15300,161083740,3462,161087202,0,0,1,512,11,7617502812
15301,161104900,4850,161109750,0,0,1,5120,11,5499347075
15302,161114300,196569,161310869,2,0,0,4608,12,1821748233
15303,161126290,212119,161338409,0,0,0,12800,11,761032731
15304,161161750,566,161162316,7,0,1,512,4,2009993695
15305,161180780,7706,161188486,7,0,1,8192,4,7465625794
15306,161198460,3422,161201882,1,0,1,3584,17,3602424181
15307,161201350,116726,161318076,0,0,0,23552,11,7719330706
15308,161215720,566,161216286,1,0,1,512,17,1754470845
15309,161230510,4998,161235508,9,0,1,3072,3,3576578098
15310,161256450,1518,161257968,1,0,1,1536,17,8541500186
15311,161256580,181570,161438150,2,0,0,23040,12,5089556939
15312,161282090,39332,161321422,7,0,1,9728,4,7218699956
15313,161290130,31958,161322088,0,0,1,1024,11,4873078969
15314,161359690,2946,161362636,1,0,1,3072,17,4297514914
15315,161369490,6754,161376244,7,0,1,7168,4,4478200493
15316,161373180,6930,161380110,4,0,1,6144,5,9859253934
15317,161377270,287847,161665117,2,0,0,201728,12,2273216128
15318,161378640,291819,161670459,2,0,0,17408,12,7925927539
15319,161385940,115212,161501152,2,0,0,9728,12,4213144125
15320,161393480,1994,161395474,7,0,1,2048,4,101779559
15321,161403490,566,161404056,0,0,1,512,11,5211534338
15322,161419690,6278,161425968,7,0,1,6656,4,7920280903
15323,161429700,566,161430266,0,0,1,512,11,3409566833
15324,161498540,263273,161761813,2,0,0,7680,12,8744854199
15325,161502270,171636,161673906,0,0,0,11264,11,1071341004
15326,161512610,5454,161518064,0,0,1,13824,11,5383829353
15327,161563800,365342,161929142,8,0,0,142848,8,1147117487
15328,161568541,6278,161574819,3,0,1,6656,0,7454557112
15329,161573770,145387,161719157,0,0,0,30720,11,9457382261
15330,161575650,566,161576216,0,0,1,512,11,5018829285
15331,161580870,1994,161582864,7,0,1,2048,4,6601981782
15332,161593681,3645,161597326,3,0,1,10240,0,6181772908
15333,161598330,143030,161741360,2,0,0,19456,12,443224353
15334,161602711,62421,161665132,3,0,1,4096,0,10300420192
15335,161607381,73739,161681120,3,0,1,7680,0,432142720
15336,161647090,34389,161681479,7,0,1,9728,4,2604456830
15337,161672059,10086,161682145,2,0,1,1024,12,5172563806
15338,161685980,33192,161719172,1,0,1,39936,17,4281240201
15339,161697480,21723,161719203,7,0,1,2048,4,3681598930
15340,161708881,10345,161719226,3,0,1,4608,0,10310247611
15341,161709960,11757,161721717,1,0,1,2560,17,2212264887
15342,161710750,13873,161724623,7,0,1,4608,4,10696534610
15343,161714150,13059,161727209,1,0,1,4096,17,931496421
15344,161716590,277312,161993902,0,0,0,34304,11,3301809358
15345,161722730,5247,161727977,0,0,1,11776,11,4797104489
15346,161727290,1033,161728323,7,0,1,512,4,8909265221
15347,161734740,6643,161741383,0,0,1,6144,11,3941596192
15348,161735620,8202,161743822,1,0,1,2560,17,2458957131
15349,161742160,2968,161745128,7,0,1,2048,4,8786979236
15350,161748700,6278,161754978,7,0,1,6656,4,1789617488
15351,161759410,195505,161954915,2,0,0,53248,12,1047959093
15352,161776700,7230,161783930,1,0,1,7680,17,3011523272
15353,161779871,5685,161785556,3,0,1,2560,0,1667439714
15354,161780250,101853,161882103,0,0,0,23040,11,3820459279
15355,161783570,366801,162150371,2,0,0,49152,12,6750944929
15356,161805530,306980,162112510,0,0,0,58368,11,3083189052
15357,161810680,5802,161816482,7,0,1,6144,4,5083065965
15358,161813850,300087,162113937,2,0,0,4608,12,4759498553
15359,161815080,3028,161818108,1,0,1,2560,17,3636484055
15360,161816740,2034,161818774,1,0,1,1024,17,4213724006
15361,161819131,3645,161822776,3,0,1,10240,0,5097721031
15362,161830360,1518,161831878,7,0,1,1536,4,9689258490
15363,161835280,1042,161836322,7,0,1,1024,4,8338202778
15364,161840341,5326,161845667,3,0,1,5632,0,5089820823
15365,161845090,199398,162044488,2,0,0,37888,12,4177537483
15366,161852221,7706,161859927,3,0,1,8192,0,7399050092
15367,161867240,316059,162183299,0,0,0,79360,11,7090461733
15368,161873380,1042,161874422,1,0,1,1024,17,5302584706
15369,161877960,51197,161929157,1,0,1,13312,17,2636825196
15370,161878550,50622,161929172,0,0,1,11776,11,6376357783
15371,161898240,36768,161935008,6,0,1,6144,8,3555696822
15372,161899971,35383,161935354,3,0,1,512,0,8033745720
15373,161925450,10160,161935610,0,0,1,9216,11,6512304208
15374,161931050,6826,161937876,0,0,1,3584,11,7417190296
15375,161948990,10767,161959757,1,0,1,5120,17,5738747527
15376,161961620,4420,161966040,1,0,1,11776,17,1312638301
15377,161982850,566,161983416,1,0,1,512,17,9670699905
15378,161987430,331303,162318733,2,0,0,130560,12,4576053325
15379,161992041,4348,161996389,3,0,1,2560,0,1717868016
15380,162000000,566,162000566,0,0,1,512,11,2075364695
15381,162005000,392745,162397745,2,0,0,95744,12,7782308687
15382,162011061,2470,162013531,3,0,1,2560,0,7102779313
15383,162043560,6739,162050299,1,0,1,6144,17,2796808725
15384,162043690,232580,162276270,2,0,0,4096,12,6337757715
15385,162052170,566,162052736,0,0,1,512,11,2494986366
15386,162062700,566,162063266,1,0,1,512,17,5495360954
15387,162064011,566,162064577,3,0,1,512,0,8107115397
15388,162067050,192042,162259092,0,0,0,2048,11,1738938512
15389,162081320,172960,162254280,0,0,0,38912,11,10123782405
15390,162083440,285118,162368558,2,0,0,18432,12,1345356033
15391,162100070,298938,162399008,2,0,0,4096,12,3461801008
15392,162132441,566,162133007,3,0,1,512,0,732558194
15393,162228540,4374,162232914,0,0,1,4608,11,895616527
15394,162233890,328962,162562852,1,0,0,73728,17,250491062
15395,162260821,6278,162267099,3,0,1,6656,0,3035445697
15396,162266541,3904,162270445,3,0,1,10752,0,4757266974
15397,162268420,271953,162540373,0,0,0,115200,11,4602777461
15398,162274560,1725,162276285,0,0,1,512,11,7839860420
15399,162283420,296734,162580154,0,0,0,55296,11,10518251029
15400,162298600,26904,162325504,0,0,1,7168,11,5038919707
15401,162387530,279345,162666875,1,0,0,51712,17,2276578199
15402,162482850,138187,162621037,0,0,0,31744,11,4385866684
15403,162596260,97760,162694020,2,0,0,20992,12,2434173721
15404,162606200,1518,162607718,0,0,1,1536,11,3093070959
15405,162610100,265126,162875226,0,0,0,59392,11,5028147179
15406,162619230,4745,162623975,0,0,1,3072,11,2760607150
15407,162655850,89307,162745157,2,0,0,4608,12,2112725109
15408,162681720,5326,162687046,0,0,1,5632,11,1860256415
15409,162710849,3422,162714271,2,0,1,3584,12,2536305913
15410,162719200,5326,162724526,0,0,1,5632,11,3139568220
15411,162725830,102836,162828666,1,0,0,28672,17,7703672287
15412,162726010,4850,162730860,0,0,1,5120,11,4027559888
15413,162739180,54056,162793236,1,0,0,3584,17,5223718537
15414,162745040,1151,162746191,0,0,1,1024,11,841684129
15415,162776380,4850,162781230,0,0,1,5120,11,4987033834
15416,162781830,99971,162881801,0,0,0,21504,11,8808798852
15417,162819220,216690,163035910,1,0,0,20992,17,7708760482
15418,162854500,1042,162855542,0,0,1,1024,11,4035292599
15419,162858560,24342,162882902,0,0,1,1024,11,7470544635
15420,162862140,22068,162884208,6,0,1,2048,8,6305243219
15421,162864750,22725,162887475,6,0,1,12288,8,167782978
15422,162868550,263138,163131688,0,0,0,34304,11,6916851265
15423,162869990,251231,163121221,2,0,0,135680,12,9789527956
15424,162903270,146416,163049686,0,0,0,14848,11,5170469567
15425,162913610,1042,162914652,0,0,1,1024,11,897288777
15426,162919260,110239,163029499,2,0,0,1024,12,1792836237
15427,162919840,5454,162925294,6,0,1,13824,8,3976633483
15428,162943210,192208,163135418,1,0,0,5120,17,1510649384
15429,162956700,7230,162963930,4,0,1,7680,5,4070343400
15430,162959620,5296,162964916,0,0,1,1536,11,2633102644
15431,162972690,221907,163194597,0,0,0,139776,11,7718509039
15432,163031980,5440,163037420,8,0,1,1536,8,4774627742
15433,163066460,174962,163241422,1,0,0,23552,17,5631985555
15434,163109130,125101,163234231,0,0,0,33280,11,1692686325
15435,163111430,294651,163406081,0,0,0,39936,11,8896971648
15436,163112220,24189,163136409,6,0,1,12288,8,10025514190
15437,163157200,39425,163196625,0,0,1,2048,11,2206452321
15438,163172760,207714,163380474,1,0,0,3584,17,3158216453
15439,163179820,18431,163198251,0,0,1,2560,11,7893970988
15440,163230350,189795,163420145,1,0,0,25600,17,4300888684
15441,163246500,10241,163256741,6,0,1,16384,8,7944216930
15442,163255420,244123,163499543,1,0,0,113664,17,6516454883
15443,163278200,380164,163658364,1,0,0,5632,17,986429365
15444,163285830,265391,163551221,0,0,0,55296,11,7648817492
15445,163295910,160315,163456225,1,0,0,23040,17,574611993
15446,163316470,212060,163528530,1,0,0,18432,17,796190423
15447,163352700,297623,163650323,1,0,0,43008,17,858881533
15448,163353700,4374,163358074,5,0,1,4608,10,9842355463
15449,163380640,246721,163627361,2,0,0,143872,12,9240123195
15450,163390610,15486,163406096,5,0,1,7680,10,7199895641
15451,163400180,19980,163420160,7,0,1,7680,4,3102022414
15452,163426970,210234,163637204,2,0,0,32256,12,1895632571
15453,163439200,217433,163656633,1,0,0,5632,17,8893085211
15454,163474310,31503,163505813,5,0,1,6656,10,6792624303
15455,163501670,363368,163865038,0,0,0,128512,11,935321859
15456,163555030,1042,163556072,7,0,1,1024,4,5524439697
15457,163564540,191666,163756206,1,0,0,43008,17,596327445
15458,163565700,566,163566266,4,0,1,512,5,1118517727
15459,163595380,348804,163944184,0,0,0,126464,11,5577234524
15460,163625890,367401,163993291,0,0,0,18944,11,751415869
15461,163627530,25305,163652835,7,0,1,2560,4,10415219704
15462,163663790,241823,163905613,2,0,0,133120,12,942932449
15463,163665410,1042,163666452,4,0,1,1024,5,1044430979
15464,163666430,580,163667010,7,0,1,512,4,8100413262
15465,163702830,256353,163959183,2,0,0,49152,12,9892277341
15466,163716130,295451,164011581,0,0,0,26624,11,2866519260
15467,163735620,228818,163964438,1,0,0,8704,17,6647520777
15468,163739730,329751,164069481,0,0,0,35328,11,7098902644
15469,163764970,269365,164034335,0,0,0,10240,11,3635139448
15470,163768280,235174,164003454,0,0,0,33280,11,10644099606
15471,163770150,217354,163987504,0,0,0,65536,11,9121974636
15472,163779400,4850,163784250,4,0,1,5120,5,5425698418
15473,163794950,566,163795516,4,0,1,512,5,10359458473
15474,163803430,347011,164150441,1,0,0,32256,17,4076638265
15475,163818370,240332,164058702,0,0,0,22016,11,4431172359
15476,163858970,249663,164108633,2,0,0,26112,12,2116321874
15477,163865681,93517,163959198,3,0,1,1024,0,5124855287
15478,163888940,188122,164077062,0,0,0,3584,11,3586602209
15479,163952430,123478,164075908,1,0,0,20992,17,10005009874
15480,163971950,41108,164013058,4,0,1,1536,5,7933916044
15481,164001450,13234,164014684,4,0,1,2560,5,2082733193
15482,164010290,189480,164199770,1,0,0,21504,17,9613859333
15483,164044680,293036,164337716,2,0,0,115200,12,4893866086
15484,164048110,27813,164075923,7,0,1,26624,4,2618316533
15485,164052490,24595,164077085,7,0,1,1024,4,4176381706
15486,164053490,320488,164373978,6,0,0,19968,8,7120295253
15487,164068570,10921,164079491,4,0,1,2560,5,6755155985
15488,164070070,151127,164221197,6,0,0,19968,8,5859662187
15489,164070430,297449,164367879,0,0,0,67072,11,8841235494
15490,164084040,566,164084606,4,0,1,512,5,9808622047
15491,164087410,360458,164447868,1,0,0,76288,17,9490210811
15492,164119470,373794,164493264,2,0,0,48128,12,7333976372
15493,164178450,168963,164347413,2,0,0,28672,12,6359797925
15494,164220650,272949,164493599,0,0,0,1024,11,7436049092
15495,164223350,255212,164478562,0,0,0,62464,11,3919297409
15496,164228580,3422,164232002,7,0,1,3584,4,513219438
15497,164232960,6754,164239714,7,0,1,7168,4,2397214103
15498,164234150,7190,164241340,7,0,1,2560,4,4564328924
15499,164268110,303749,164571859,0,0,0,32256,11,857804077
15500,164269810,3645,164273455,7,0,1,10240,4,2242081515
15501,164295140,2470,164297610,4,0,1,2560,5,7603226948
15502,164296160,259139,164555299,6,0,0,38400,8,8020543523
15503,164297800,4420,164302220,4,0,1,11776,5,2024830704
15504,164304850,42578,164347428,7,0,1,2560,4,4690024364
15505,164307579,66414,164373993,2,0,1,19456,12,6233386693
15506,164314660,138090,164452750,2,0,0,1024,12,9869933227
15507,164328990,123417,164452407,0,0,0,14848,11,3630073574
15508,164334150,246787,164580937,1,0,0,29696,17,7920157635
15509,164358560,251960,164610520,1,0,0,22528,17,5653706768
15510,164361520,18202,164379722,4,0,1,14336,5,3630390490
15511,164383870,2870,164386740,7,0,1,8704,4,3322736754
15512,164388280,255963,164644243,0,0,0,25600,11,1315559491
15513,164409260,5326,164414586,4,0,1,5632,5,1440537857
15514,164441750,12477,164454227,7,0,1,1536,4,1393014561
15515,164442030,36555,164478585,0,0,1,22528,11,3390388513
15516,164456500,39193,164495693,0,0,1,2560,11,10111077341
15517,164500490,86046,164586536,1,0,0,2560,17,8557100229
15518,164503310,1042,164504352,0,0,1,1024,11,1961690386
15519,164504580,566,164505146,0,0,1,512,11,5788321698
15520,164515500,146731,164662231,1,0,0,29184,17,7690420624
15521,164561940,9934,164571874,7,0,1,512,4,6286667460
15522,164561950,19002,164580952,7,0,1,21504,4,8976529700
15523,164576520,7311,164583831,7,0,1,8704,4,8691711927
15524,164578540,8495,164587035,7,0,1,3584,4,9201955631
15525,164583310,240781,164824091,0,0,0,51712,11,9310514873
15526,164596390,2946,164599336,7,0,1,3072,4,3376508626
15527,164596680,3002,164599682,7,0,1,512,4,8862706946
15528,164607230,82880,164690110,0,0,0,5632,11,863654352
15529,164634880,9378,164644258,0,0,1,5120,11,10703671601
15530,164666840,6278,164673118,0,0,1,6656,11,5109037979
15531,164686720,7706,164694426,0,0,1,8192,11,1394507875
15532,164689850,5562,164695412,0,0,1,1536,11,4947701966
15533,164704000,102688,164806688,2,0,0,14848,12,5809932673
15534,164746550,84099,164830649,0,0,0,1536,11,993072905
15535,164754110,159810,164913920,2,0,0,36864,12,8404760420
15536,164758310,173835,164932145,1,0,0,10752,17,76801138
15537,164760570,329327,165089897,1,0,0,62464,17,8841544008
15538,164766450,230492,164996942,0,0,0,14336,11,9934873054
15539,164788740,183796,164972536,6,0,0,39936,8,5532255451
15540,164802990,21116,164824106,0,0,1,13824,11,73306811
15541,164813200,147130,164960330,2,0,0,35328,12,488131789
15542,164834310,156035,164990345,6,0,0,40448,8,265529670
15543,164861950,235465,165097415,0,0,0,23552,11,6534174858
15544,164900630,225753,165126383,2,0,0,39936,12,10588378132
15545,164904330,14519,164918849,7,0,1,12800,4,2566024664
15546,164922280,211613,165133893,2,0,0,7680,12,6541812822
15547,164922690,1042,164923732,0,0,1,1024,11,2202169155
15548,164936510,3128,164939638,9,0,1,9216,3,5337994623
15549,164938601,2284,164940885,3,0,1,1536,0,9485720122
15550,164942350,6754,164949104,9,0,1,7168,3,4388254058
15551,164945681,14672,164960353,3,0,1,8192,0,3571665788
15552,164951710,38666,164990376,7,0,1,19968,4,1978976545
15553,164963850,251114,165214964,0,0,0,24064,11,7985492991
15554,164966320,303645,165269965,2,0,0,9216,12,2033236389
15555,164976071,14857,164990928,3,0,1,512,0,6754577568
15556,164982810,453069,165435879,2,0,0,46080,12,10115063933
15557,164998641,1518,165000159,3,0,1,1536,0,1430521815
15558,165002490,1042,165003532,0,0,1,1024,11,3373558393
15559,165003241,10757,165013998,3,0,1,17408,0,8155710263
15560,165016850,73374,165090224,6,0,0,1024,8,3248069433
15561,165017170,640601,165657771,2,0,0,247808,12,1417310760
15562,165024960,72970,165097930,1,0,0,1536,17,9456558630
15563,165041070,566,165041636,9,0,1,512,3,4632341348
15564,165042550,145554,165188104,0,0,0,23040,11,7086071048
15565,165050110,81413,165131523,6,0,0,12288,8,7891457211
15566,165057380,284825,165342205,2,0,0,84992,12,4041443226
15567,165065270,566,165065836,0,0,1,512,11,8583046031
15568,165083040,21127,165104167,9,0,1,6656,3,9285568900
15569,165086820,405491,165492311,1,0,0,57344,17,6221831365
15570,165090150,211583,165301733,1,0,0,7680,17,10109391398
15571,165092000,65200,165157200,1,0,0,1536,17,7250101054
15572,165104040,428431,165532471,0,0,0,19456,11,2001450444
15573,165106340,420172,165526512,6,0,0,77312,8,4281106498
15574,165111760,14638,165126398,7,0,1,2560,4,5090255853
15575,165116060,15478,165131538,0,0,1,2560,11,950610710
15576,165117430,577686,165695116,6,0,0,91136,8,10292753197
15577,165117820,609634,165727454,0,0,0,74240,11,3102903851
15578,165131340,535042,165666382,2,0,0,28160,12,5990611923
15579,165132080,572739,165704819,0,0,0,31744,11,10396939478
15580,165135750,6754,165142504,7,0,1,7168,4,9519565813
15581,165149250,696190,165845440,6,0,0,82432,8,8530153642
15582,165149960,3387,165153347,9,0,1,9728,3,7771538224
15583,165166130,6278,165172408,9,0,1,6656,3,2350922018
15584,165195760,566,165196326,0,0,1,512,11,4462490328
15585,165206530,255347,165461877,0,0,0,14336,11,8680424874
15586,165234350,6754,165241104,9,0,1,7168,3,9154677695
15587,165235211,6047,165241258,3,0,1,8704,0,3610879049
15588,165235630,6492,165242122,7,0,1,8704,4,6421100020
15589,165238210,7173,165245383,7,0,1,3584,4,2949251582
15590,165243250,3759,165247009,7,0,1,2560,4,4324671310
15591,165252170,1994,165254164,7,0,1,2048,4,931698316
15592,165275840,3898,165279738,0,0,1,4096,11,1220968368
15593,165296600,456631,165753231,1,0,0,19456,17,9695883197
15594,165304150,1994,165306144,9,0,1,2048,3,4074710067
15595,165308700,3904,165312604,9,0,1,10752,3,9026642148
15596,165313710,2470,165316180,0,0,1,2560,11,2539853425
15597,165313810,28410,165342220,7,0,1,4096,4,3436294644
15598,165314060,28175,165342235,9,0,1,1024,3,2305744450
15599,165314560,27690,165342250,0,0,1,10752,11,9688187715
15600,165320390,24322,165344712,0,0,1,2560,11,4237251590
15601,165347510,5802,165353312,4,0,1,6144,5,448241034
15602,165356710,7706,165364416,7,0,1,8192,4,5908720431
15603,165367270,1042,165368312,4,0,1,1024,5,8093596008
15604,165382380,471031,165853411,2,0,0,26112,12,8498659166
15605,165384440,282893,165667333,2,0,0,3072,12,3090772310
15606,165387940,7706,165395646,0,0,1,8192,11,1904436879
15607,165401340,334764,165736104,6,0,0,24576,8,3587795890
15608,165408630,452440,165861070,2,0,0,25088,12,8711056952
15609,165412590,315995,165728585,0,0,0,3584,11,9046727765
15610,165421690,14204,165435894,9,0,1,1024,3,9222334983
15611,165423350,318073,165741423,0,0,0,17408,11,4159963252
15612,165452610,367699,165820309,6,0,0,97280,8,7432083170
15613,165453360,415236,165868596,6,0,0,23040,8,4440049111
15614,165456630,5262,165461892,7,0,1,2048,4,136102979
15615,165481190,261340,165742530,0,0,0,3584,11,3130586922
15616,165505630,28343,165533973,0,0,1,1536,11,9269350224
15617,165520810,13829,165534639,9,0,1,1024,3,4164888575
15618,165523530,12833,165536363,4,0,1,9216,5,6431434165
15619,165546280,4374,165550654,4,0,1,4608,5,6837073569
15620,165548980,362431,165911411,2,0,0,73216,12,2363944724
15621,165568910,4374,165573284,4,0,1,4608,5,3534946539
15622,165569280,5630,165574910,4,0,1,2560,5,5152784625
15623,165570230,6126,165576356,4,0,1,13312,5,4930240712
15624,165614960,306452,165921412,0,0,0,23552,11,4246030020
15625,165616630,125939,165742569,7,0,1,512,4,1196414484
15626,165622320,120264,165742584,4,0,1,4608,5,5071115790
15627,165624070,118537,165742607,8,0,1,6144,8,9489215736
15628,165636030,225523,165861553,2,0,0,1536,12,6816122631
15629,165677880,65701,165743581,0,0,1,1024,11,5340552316
15630,165715080,31724,165746804,4,0,1,10752,5,10552801761
15631,165722040,25110,165747150,4,0,1,512,5,5981810490
15632,165733150,267469,166000619,2,0,0,51200,12,7915582270
15633,165787330,285377,166072707,0,0,0,39424,11,7275310325
15634,165787570,156855,165944425,0,0,0,8704,11,4976192945
15635,165822300,308609,166130909,6,0,0,18944,8,4867877409
15636,165835980,356405,166192385,1,0,0,59392,17,3077012008
15637,165838300,277719,166116019,6,0,0,4608,8,7107737805
15638,165847790,26216,165874006,7,0,1,5632,4,9225862740
15639,165849970,26655,165876625,7,0,1,15360,4,5439914354
15640,165860340,302618,166162958,0,0,0,52736,11,5100369909
15641,165914650,305884,166220534,6,0,0,80384,8,1281037761
15642,165916270,322907,166239177,9,0,0,8192,3,4119695671
15643,165926860,3422,165930282,7,0,1,3584,4,6636856808
15644,165929460,3898,165933358,7,0,1,4096,4,7704304532
15645,165934140,380574,166314714,1,0,0,43008,17,8431337120
15646,165940491,3957,165944448,3,0,1,2048,0,499626329
15647,165942030,6285,165948315,4,0,1,4096,5,663497878
15648,165948510,4420,165952930,7,0,1,11776,4,10026102029
15649,165950010,405178,166355188,0,0,0,37376,11,4980381645
15650,165954050,389695,166343745,9,0,0,95232,3,7444386462
15651,165956930,6754,165963684,4,0,1,7168,5,3432398247
15652,165963240,6229,165969469,7,0,1,15360,4,63522222
15653,165977150,6278,165983428,9,0,1,6656,3,9972455084
15654,165996160,7873,166004033,7,0,1,3584,4,2459835223
15655,166002180,293413,166295593,6,0,0,33280,8,3694293679
15656,166098910,1518,166100428,4,0,1,1536,5,6514170795
15657,166138340,218151,166356491,6,0,0,4096,8,1325203674
15658,166146760,16213,166162973,7,0,1,4096,4,4314341685
15659,166158090,5458,166163548,5,0,1,512,10,6751498027
15660,166162300,240688,166402988,0,0,0,51200,11,2806393634
15661,166167320,2946,166170266,1,0,1,3072,17,8501041023
15662,166182270,38279,166220549,7,0,1,6656,4,6126817885
15663,166225900,314896,166540796,6,0,0,42496,8,10209175447
15664,166245500,1042,166246542,7,0,1,1024,4,19439276
15665,166262060,354639,166616699,1,0,0,46592,17,10029434806
15666,166264780,244088,166508868,2,0,0,28160,12,9712509941
15667,166274260,94371,166368631,6,0,0,9728,8,10449096888
15668,166307760,48905,166356665,1,0,1,1536,17,4096103337
15669,166312960,420805,166733765,0,0,0,24576,11,10243605199
15670,166315960,264871,166580831,0,0,0,10752,11,10266803999
15671,166326740,31871,166358611,7,0,1,3072,4,10227417291
15672,166328620,331604,166660224,2,0,0,58880,12,5947920035
15673,166345850,171121,166516971,0,0,0,25088,11,2325068366
15674,166348680,228860,166577540,0,0,0,33280,11,4746313697
15675,166349570,14778,166364348,0,0,1,8192,11,7305101458
15676,166368890,5326,166374216,6,0,1,5632,8,10404619837
15677,166378060,566,166378626,7,0,1,512,4,2495261965
15678,166378970,7230,166386200,7,0,1,7680,4,9397333687
15679,166383080,19931,166403011,6,0,1,6656,8,10711444326
15680,166384310,18716,166403026,7,0,1,3584,4,5477523025
15681,166389120,213368,166602488,1,0,0,15872,17,2042133901
15682,166481190,328182,166809372,6,0,0,77312,8,2354652304
15683,166493630,213202,166706832,2,0,0,40448,12,6042483159
15684,166504390,315293,166819683,2,0,0,33792,12,8027211163
15685,166505940,166343,166672283,1,0,0,39424,17,9841976135
15686,166523730,469974,166993704,0,0,0,65024,11,10417844360
15687,166544540,355951,166900491,9,0,0,4096,3,9885136774
15688,166564780,180518,166745298,0,0,0,14336,11,9222366825
15689,166575600,150654,166726254,0,0,0,47616,11,7886045991
15690,166585080,566,166585646,4,0,1,512,5,5432954025
15691,166603650,154196,166757846,6,0,0,6656,8,1789950478
15692,166642589,33100,166675689,2,0,1,3584,12,8452092834
15693,166648990,134981,166783971,9,0,0,7168,3,3819067943
15694,166649570,97771,166747341,0,0,0,6656,11,9821327759
15695,166653800,23195,166676995,4,0,1,2048,5,10585312850
15696,166658099,23722,166681821,2,0,1,7680,12,6224974364
15697,166669980,191256,166861236,2,0,0,18432,12,7141396346
15698,166678450,7557,166686007,0,0,1,6656,11,7458075798
15699,166686900,260192,166947092,1,0,0,3072,17,8554354621
15700,166690610,2946,166693556,6,0,1,3072,8,7348212943
15701,166695210,236895,166932105,9,0,0,55296,3,8685151669
15702,166698020,11299,166709319,4,0,1,2560,5,9526219970
15703,166711830,203412,166915242,9,0,0,45568,3,10257974238
15704,166724960,11760,166736720,4,0,1,3072,5,9920995322
15705,166725700,320767,167046467,9,0,0,3584,3,3297447388
15706,166749980,455932,167205912,9,0,0,27648,3,7667623394
15707,166751030,374992,167126022,6,0,0,104960,8,6632919211
15708,166751110,566,166751676,4,0,1,512,5,7283531153
15709,166764400,3422,166767822,4,0,1,3584,5,2722459345
15710,166772060,5712,166777772,5,0,1,14336,10,7696315568
15711,166775770,2348,166778118,4,0,1,512,5,6402565178
15712,166777740,7706,166785446,6,0,1,8192,8,7727635258
15713,166778450,41256,166819706,6,0,1,16896,8,5204463149
15714,166789210,256150,167045360,1,0,0,15360,17,4136432255
15715,166816260,178395,166994655,1,0,0,3072,17,888551367
15716,166831410,1994,166833404,4,0,1,2048,5,1309624908
15717,166835549,1994,166837543,2,0,1,2048,12,3047914
15718,166837170,120759,166957929,9,0,0,19968,3,10346134612
15719,166838590,358867,167197457,1,0,0,50176,17,5846073902
15720,166840660,1042,166841702,6,0,1,1024,8,8366501021
15721,166866760,441566,167308326,6,0,0,20480,8,8752792805
15722,166867780,303580,167171360,6,0,0,24064,8,5940552537
15723,166874440,4374,166878814,6,0,1,4608,8,10319752904
15724,166875950,468964,167344914,9,0,0,12288,3,2598264076
15725,166882440,177981,167060421,1,0,0,3584,17,7650778836
15726,166898581,1925,166900506,3,0,1,1536,0,1841715217
15727,166918540,14123,166932663,4,0,1,512,5,6016245728
15728,166935361,566,166935927,3,0,1,512,0,9366513367
15729,166936430,839151,167775581,2,0,0,59904,12,1626986724
15730,166941899,1042,166942941,2,0,1,1024,12,218456261
15731,166948899,9045,166957944,2,0,1,8192,12,10547975793
15732,166950980,7571,166958551,4,0,1,3072,5,9115101324
15733,166960060,1518,166961578,1,0,1,1536,17,7390877594
15734,166963289,5802,166969091,2,0,1,6144,12,8160329313
15735,166966829,3248,166970077,2,0,1,1536,12,9217027694
15736,166969870,212284,167182154,6,0,0,35328,8,1996026317
15737,167004410,851036,167855446,9,0,0,32768,3,7997348009
15738,167010439,1042,167011481,2,0,1,1024,12,111861195
15739,167016040,111433,167127473,0,0,0,4608,11,5851658369
15740,167019521,1994,167021515,3,0,1,2048,0,798553475
15741,167024530,2470,167027000,4,0,1,2560,5,1531248469
15742,167051100,3898,167054998,4,0,1,4096,5,3570860248
15743,167064430,192731,167257161,9,0,0,4096,3,10019841414
15744,167069170,3898,167073068,6,0,1,4096,8,8705247588
15745,167072060,1994,167074054,1,0,1,1536,17,3291114873
15746,167086560,359922,167446482,0,0,0,152064,11,5180636362
15747,167093860,300356,167394216,9,0,0,36864,3,9026773013
15748,167096210,277114,167373324,0,0,0,3584,11,1773831961
15749,167105470,23956,167129426,1,0,1,2048,17,8801285313
15750,167109719,24139,167133858,2,0,1,6144,12,1082519525
15751,167116190,199072,167315262,0,0,0,10752,11,10454936583
15752,167135220,339928,167475148,1,0,0,71168,17,2477763178
15753,167148110,4937,167153047,7,0,1,12800,4,1152651591
15754,167163120,8255,167171375,0,0,1,1536,11,6765350948
15755,167180930,216789,167397719,9,0,0,9216,3,8892430672
15756,167182880,29269,167212149,7,0,1,6656,4,8160499530
15757,167198720,254681,167453401,2,0,0,22528,12,5307958539
15758,167201169,11326,167212495,2,0,1,512,12,5983656087
15759,167203900,9261,167213161,1,0,1,1024,17,1866718887
15760,167204940,11767,167216707,7,0,1,5632,4,534580412
15761,167224900,3422,167228322,6,0,1,3584,8,7393157703
15762,167225829,4119,167229948,2,0,1,2560,12,10630091640
15763,167229220,2870,167232090,0,0,1,8704,11,7204215265
15764,167252430,271081,167523511,6,0,0,10240,8,8662343163
15765,167254950,502318,167757268,6,0,0,121856,8,8120953663
15766,167258880,1518,167260398,0,0,1,1536,11,9836123373
15767,167265180,376066,167641246,0,0,0,84992,11,2295032953
15768,167269720,3645,167273365,7,0,1,10240,4,5596672177
15769,167278320,5802,167284122,5,0,1,6144,10,7040256470
15770,167311210,166877,167478087,2,0,0,9216,12,3485488673
15771,167313460,274854,167588314,6,0,0,9728,8,3174840716
15772,167315310,750493,168065803,6,0,0,94720,8,5141954282
15773,167316090,1518,167317608,7,0,1,1536,4,7044059534
15774,167318321,3898,167322219,3,0,1,4096,0,1453318103
15775,167332860,1518,167334378,0,0,1,1536,11,4923822570
15776,167346020,4374,167350394,7,0,1,4608,4,176885191
15777,167346550,6110,167352660,5,0,1,3584,10,8133068710
15778,167350210,296371,167646581,0,0,0,17408,11,10470282087
15779,167353370,2870,167356240,7,0,1,8704,4,3718943489
15780,167358090,5802,167363892,1,0,1,6144,17,5590925028
15781,167363560,5326,167368886,7,0,1,5632,4,2067630447
15782,167371790,4374,167376164,5,0,1,4608,10,4657739031
15783,167373900,471539,167845439,2,0,0,48640,12,7910273886
15784,167377410,566,167377976,1,0,1,512,17,4033529578
15785,167384050,652822,168036872,6,0,0,112128,8,9534560342
15786,167385030,156057,167541087,0,0,0,35840,11,779714982
15787,167391530,7578,167399108,7,0,1,5120,4,7780345397
15788,167401591,73580,167475171,3,0,1,512,0,3403082686
15789,167403410,71776,167475186,1,0,1,1024,17,3147226224
15790,167414900,60325,167475225,6,0,1,6144,8,8386968629
15791,167429470,248070,167677540,9,0,0,21504,3,5972752554
15792,167431890,43350,167475240,0,0,1,7680,11,2926477563
15793,167439760,41149,167480909,1,0,1,6144,17,2356152947
15794,167446659,35556,167482215,2,0,1,2048,12,2491562472
15795,167454710,31051,167485761,6,0,1,5632,8,6119672606
15796,167458300,31967,167490267,6,0,1,7168,8,5433420164
15797,167465321,27852,167493173,3,0,1,4608,0,5097913325
15798,167466160,27999,167494159,1,0,1,1536,17,2940341919
15799,167470930,454714,167925644,1,0,0,21504,17,1843903193
15800,167478500,459502,167938002,0,0,0,22016,11,8816783673
15801,167501500,501170,168002670,2,0,0,88064,12,9396716127
15802,167510370,3898,167514268,7,0,1,4096,4,10683669179
15803,167521160,5230,167526390,7,0,1,8704,4,3364308911
15804,167523400,6194,167529594,1,0,1,3584,17,1708535762
15805,167535520,10538,167546058,6,0,1,12800,8,7726796379
15806,167535570,896793,168432363,2,0,0,69632,12,5607966326
15807,167537400,345050,167882450,2,0,0,31744,12,9991650363
15808,167552260,5326,167557586,5,0,1,5632,10,4266147845
15809,167558790,3904,167562694,7,0,1,10752,4,222944723
15810,167567539,4374,167571913,2,0,1,4608,12,9835692951
15811,167570850,507355,168078205,2,0,0,40448,12,6010861140
15812,167573050,716475,168289525,9,0,0,3584,3,3086564544
15813,167576100,3645,167579745,1,0,1,10240,17,5831407504
15814,167577030,4726,167581756,6,0,1,2560,8,3134540417
15815,167577200,11129,167588329,1,0,1,8192,17,3167682130
15816,167579920,16098,167596018,5,0,1,22528,10,4767103838
15817,167581180,696831,168278011,9,0,0,77824,3,3300359780
15818,167582350,819425,168401775,9,0,0,130560,3,8074923964
15819,167592429,3935,167596364,2,0,1,512,12,1834969554
15820,167601080,2470,167603550,7,0,1,2560,4,927101146
15821,167607500,566,167608066,4,0,1,512,5,3962396699
15822,167609860,483336,168093196,0,0,0,49152,11,391287795
15823,167617190,530824,168148014,9,0,0,34816,3,2377485313
15824,167635930,14533,167650463,7,0,1,4096,4,4197664462
15825,167640970,654654,168295624,2,0,0,19968,12,1805247447
15826,167655020,6278,167661298,6,0,1,6656,8,5481759016
15827,167657100,5504,167662604,1,0,1,2048,17,6419633853
15828,167660350,903203,168563553,0,0,0,17920,11,519530486
15829,167681380,455987,168137367,6,0,0,48128,8,8193459409
15830,167682330,555297,168237627,0,0,0,57856,11,2614870265
15831,167683481,2946,167686427,3,0,1,3072,0,10631357293
15832,167690290,3898,167694188,6,0,1,4096,8,1623913437
15833,167691050,955072,168646122,9,0,0,53760,3,4339198383
15834,167693350,830861,168524211,1,0,0,20992,17,2824708541
15835,167707350,5454,167712804,4,0,1,13824,5,4014149130
15836,167707560,7190,167714750,4,0,1,3072,5,4012222876
15837,167711330,7755,167719085,7,0,1,15872,4,9910874638
15838,167711500,45783,167757283,7,0,1,2560,4,2509199119
15839,167712720,44578,167757298,4,0,1,1536,5,1635433052
15840,167745490,450437,168195927,0,0,0,11264,11,3948831829
15841,167748769,31450,167780219,2,0,1,12288,12,2391957902
15842,167780280,557867,168338147,6,0,0,55808,8,6532985627
15843,167780730,540367,168321097,2,0,0,54784,12,8426751318
15844,167793940,398532,168192472,0,0,0,14336,11,8959529825
15845,167794230,6278,167800508,1,0,1,6656,17,4793648338
15846,167800820,7230,167808050,1,0,1,7680,17,2022138216
15847,167820410,3422,167823832,7,0,1,3584,4,5215713490
15848,167826580,1994,167828574,1,0,1,2048,17,5976517426
15849,167833120,22876,167855996,7,0,1,512,4,10129867204
15850,167844550,278138,168122688,1,0,0,27136,17,2571944809
15851,167865579,3422,167869001,2,0,1,3584,12,3148116585
15852,167879740,7552,167887292,1,0,1,5120,17,8583087677
15853,167890720,818276,168708996,2,0,0,74240,12,564090561
15854,167914451,1994,167916445,3,0,1,2048,0,865724364
15855,167922709,5890,167928599,2,0,1,3072,12,4711213547
15856,167925360,379030,168304390,2,0,0,27648,12,4210199942
15857,167926270,11763,167938033,1,0,1,8192,17,4455103369
15858,167929510,822245,168751755,6,0,0,140288,8,3756945684
15859,167932810,17050,167949860,6,0,1,19456,8,8493888852
15860,167933960,311035,168244995,1,0,0,1024,17,3506203948
15861,167936000,466429,168402429,1,0,0,2048,17,5187110747
15862,167936470,18536,167955006,6,0,1,8192,8,3231851247
15863,167940020,16612,167956632,5,0,1,2560,10,2049728770
15864,167970670,833929,168804599,0,0,0,92160,11,4221683105
15865,167970739,2470,167973209,2,0,1,2560,12,691843095
15866,167972840,29853,168002693,8,0,1,5632,8,9815420037
15867,167975620,367886,168343506,9,0,0,17408,3,555943988
15868,167978039,87811,168065850,2,0,1,4608,12,5910245510
15869,168001810,91433,168093243,1,0,1,5120,17,9375506746
15870,168003820,437979,168441799,9,0,0,5632,3,10729477074
15871,168003980,89278,168093258,8,0,1,1024,8,3963838139
15872,168008520,84753,168093273,8,0,1,5120,8,443283748
15873,168013490,426570,168440060,1,0,0,512,17,756077943
15874,168017230,439984,168457214,1,0,0,1024,17,129734849
15875,168029780,68225,168098005,8,0,1,5120,8,2503942288
15876,168045730,54439,168100169,5,0,1,13824,10,5960973189
15877,168049890,758015,168807905,6,0,0,10752,8,8259668783
15878,168068010,696123,168764133,0,0,0,26112,11,3629802668
15879,168068440,35970,168104410,5,0,1,5632,10,2856060466
15880,168075450,29114,168104564,5,0,1,8704,10,9439740988
15881,168085010,20540,168105550,8,0,1,1536,8,7339124181
15882,168091700,17546,168109246,5,0,1,5632,10,1142559255
15883,168120490,28049,168148539,5,0,1,512,10,8196588721
15884,168121620,310922,168432542,1,0,0,512,17,2988125371
15885,168121650,27555,168149205,8,0,1,1024,8,6499132851
15886,168154830,285059,168439889,2,0,0,24064,12,9745122147
15887,168162410,322144,168484554,9,0,0,19456,3,4494928716
15888,168170240,7706,168177946,1,0,1,8192,17,9741332217
15889,168188890,13274,168202164,1,0,1,6656,17,9211693082
15890,168192870,315285,168508155,6,0,0,3584,8,10457278434
15891,168202850,1042,168203892,1,0,1,1024,17,7111852452
15892,168211419,3387,168214806,2,0,1,9728,12,3907076794
15893,168226080,14502,168240582,6,0,1,3072,8,6967195893
15894,168233690,9158,168242848,6,0,1,3584,8,264340427
15895,168247110,626192,168873302,9,0,0,5632,3,8167006036
15896,168258490,395315,168653805,9,0,0,25088,3,4396608316
15897,168264500,16967,168281467,1,0,1,3584,17,893050006
15898,168270850,12563,168283413,1,0,1,3072,17,5736739983
15899,168279970,325086,168605056,0,0,0,5632,11,10290924829
15900,168294350,387722,168682072,9,0,0,92672,3,1237284329
15901,168295010,26102,168321112,6,0,1,3072,8,6971742345
15902,168301150,42403,168343553,6,0,1,3072,8,8264195041
15903,168308449,35119,168343568,2,0,1,512,12,6683622446
15904,168314200,510154,168824354,2,0,0,29696,12,8676134905
15905,168318830,580539,168899369,2,0,0,85504,12,4403940966
15906,168326360,21554,168347914,5,0,1,4608,10,1949175351
15907,168335629,21130,168356759,2,0,1,19456,12,6672977094
15908,168336150,564825,168900975,9,0,0,5120,3,8065573836
15909,168336360,23305,168359665,6,0,1,4608,8,9068972872
15910,168343539,17304,168360843,2,0,1,13824,12,2531167232
15911,168353619,48171,168401790,2,0,1,13824,12,3185830604
15912,168358120,398034,168756154,6,0,0,14336,8,9902239048
15913,168361840,462997,168824837,1,0,0,1536,17,3171711195
15914,168367580,318727,168686307,2,0,0,13824,12,4174717184
15915,168368750,125776,168494526,6,0,0,11776,8,4219194772
15916,168378570,24509,168403079,6,0,1,512,8,9678796336
15917,168395640,10927,168406567,8,0,1,4096,8,1092641077
15918,168401060,6173,168407233,6,0,1,1024,8,3284762737
15919,168408740,500520,168909260,9,0,0,1536,3,1108920151
15920,168409920,456905,168866825,1,0,0,512,17,3360931452
15921,168412120,33225,168445345,1,0,1,5632,17,7769310720
15922,168442939,7232,168450171,2,0,1,7680,12,8671937047
15923,168452770,383470,168836240,2,0,0,37376,12,6981679246
15924,168455280,566,168455846,1,0,1,512,17,1877115663
15925,168463700,578684,169042384,0,0,0,30208,11,896407433
15926,168466450,655152,169121602,2,0,0,107008,12,9100026911
15927,168470600,365819,168836419,1,0,0,512,17,8403762037
15928,168470690,388920,168859610,1,0,0,1024,17,3376104279
15929,168480920,8000,168488920,5,0,1,4608,10,6119782198
15930,168485510,5036,168490546,8,0,1,2560,8,5929479901
15931,168491250,643627,169134877,6,0,0,43520,8,10370718510
15932,168491260,412226,168903486,2,0,0,8192,12,6752775386
15933,168497250,1042,168498292,5,0,1,1024,10,7139819175
15934,168502250,274254,168776504,6,0,0,40448,8,1722238489
15935,168505130,310153,168815283,0,0,0,24064,11,5882769788
15936,168505410,1518,168506928,8,0,1,1536,8,8641866545
15937,168510210,5454,168515664,8,0,1,13824,8,10592835376
15938,168528760,12566,168541326,1,0,1,20992,17,5839159930
15939,168537810,409981,168947791,1,0,0,512,17,9291653761
15940,168560370,9453,168569823,1,0,1,6656,17,7426390194
15941,168572020,6754,168578774,5,0,1,7168,10,4238096502
15942,168572460,12034,168584494,6,0,1,16384,8,2287586597
15943,168577850,9550,168587400,5,0,1,4608,10,7410287085
15944,168578419,10287,168588706,2,0,1,2048,12,7434530689
15945,168581200,356623,168937823,1,0,0,512,17,4724926305
15946,168598300,306309,168904609,6,0,0,3584,8,8468245563
15947,168600570,432595,169033165,9,0,0,52736,3,5736387403
15948,168604210,1880,168606090,6,0,1,1024,8,8111293543
15949,168613490,321533,168935023,1,0,0,512,17,2275518125
15950,168617180,230711,168847891,0,0,0,2560,11,5279350423
15951,168625289,2870,168628159,2,0,1,8704,12,10570999631
15952,168635880,50450,168686330,5,0,1,7168,10,5494777796
15953,168642550,373193,169015743,9,0,0,56320,3,10233117752
15954,168642900,43445,168686345,1,0,1,3584,17,7660250785
15955,168653780,150834,168804614,1,0,1,10752,17,10687771955
15956,168655180,195375,168850555,6,0,0,5120,8,2079688196
15957,168663630,414307,169077937,2,0,0,3072,12,1039005835
15958,168667360,140560,168807920,6,0,1,9728,8,6111058426
15959,168710960,546461,169257421,0,0,0,5120,11,1826919561
15960,168724890,509348,169234238,9,0,0,84992,3,5752565825
15961,168735140,101294,168836434,6,0,1,8192,8,2120618674
15962,168743009,93440,168836449,2,0,1,3072,12,304205615
15963,168751710,229455,168981165,9,0,0,57856,3,3504043711
15964,168774000,175455,168949455,0,0,0,5120,11,7016252496
15965,168813590,26841,168840431,8,0,1,4096,8,3651356108
15966,168818050,23687,168841737,5,0,1,2048,10,8171208551
15967,168821530,539590,169361120,6,0,0,46592,8,3939652436
15968,168829159,14204,168843363,2,0,1,2560,12,3520921725
15969,168829380,225983,169055363,2,0,0,4608,12,2986996957
15970,168830340,17566,168847906,8,0,1,6656,8,5544621626
15971,168849159,7666,168856825,2,0,1,6656,12,6023592945
15972,168852810,6921,168859731,5,0,1,4608,10,7814426443
15973,168858159,2558,168860717,2,0,1,1536,12,2386989106
15974,168860240,186995,169047235,6,0,0,15872,8,3375612658
15975,168870150,29250,168899400,8,0,1,10752,8,8565061893
15976,168870470,282687,169153157,2,0,0,8192,12,2958848367
15977,168871530,39646,168911176,5,0,1,8192,10,3609154956
15978,168899150,16532,168915682,5,0,1,7168,10,9284459197
15979,168904410,336247,169240657,1,0,0,512,17,3736499357
15980,168906880,234276,169141156,2,0,0,20480,12,8827509100
15981,168914360,2628,168916988,8,0,1,2048,8,6295846816
15982,168916639,1042,168917681,2,0,1,1024,12,8681860325
15983,168918131,1994,168920125,3,0,1,2048,0,10182684428
15984,168920871,3904,168924775,3,0,1,10752,0,3144174249
15985,168935510,629259,169564769,9,0,0,74752,3,6707902666
15986,168938370,402085,169340455,0,0,0,115200,11,1355491506
15987,168940101,3898,168943999,3,0,1,4096,0,3313770026
15988,168946630,287779,169234409,1,0,0,512,17,4441452743
15989,168953660,588310,169541970,9,0,0,208896,3,9795209996
15990,168960530,670147,169630677,9,0,0,18944,3,10560537450
15991,168971111,12516,168983627,3,0,1,2560,0,568488892
15992,168981490,2803,168984293,7,0,1,1024,4,1539636358
15993,168981640,3959,168985599,5,0,1,2048,10,9491405392
15994,168983120,4105,168987225,5,0,1,2560,10,6517248351
15995,168990920,609324,169600244,6,0,0,116224,8,1057407118
15996,168998760,625912,169624672,6,0,0,23552,8,8902500106
15997,169001380,406424,169407804,6,0,0,36864,8,5050221293
15998,169056869,1042,169057911,2,0,1,1024,12,9474131753
15999,169058680,7706,169066386,8,0,1,8192,8,6536971194
16000,169065530,330402,169395932,6,0,0,34816,8,10547430672
16001,169079470,521140,169600610,1,0,0,1024,17,5626735935
16002,169083759,4162,169087921,2,0,1,11264,12,2487712608
16003,169109540,332876,169442416,0,0,0,7168,11,1359843036
16004,169118160,30185,169148345,8,0,1,7680,8,5993216618
16005,169118230,665739,169783969,6,0,0,123392,8,6092556736
16006,169165009,2470,169167479,2,0,1,2560,12,814422555
16007,169174110,625186,169799296,0,0,0,50176,11,10503336755
16008,169198780,418701,169617481,6,0,0,55296,8,6466092970
16009,169224090,657620,169881710,6,0,0,108032,8,2999589912
16010,169260979,1518,169262497,2,0,1,1536,12,2365463242
16011,169266240,187387,169453627,6,0,0,1024,8,8804287498
16012,169270290,354553,169624843,1,0,0,512,17,2579788300
16013,169284900,1518,169286418,8,0,1,1536,8,7123835877
16014,169312440,318744,169631184,1,0,0,1536,17,7882279669
16015,169335660,25475,169361135,9,0,1,7680,3,4556756586
16016,169337990,23160,169361150,9,0,1,1024,3,1781333079
16017,169372489,5326,169377815,2,0,1,5632,12,5290916573
16018,169373260,7461,169380721,9,0,1,4608,3,1516427665
16019,169380520,15427,169395947,8,0,1,5632,8,1126089983
16020,169381610,462077,169843687,6,0,0,32256,8,2649767729
16021,169386649,9856,169396505,2,0,1,512,12,10389940957
16022,169404370,258536,169662906,0,0,0,22016,11,8865488946
16023,169418810,4679,169423489,7,0,1,12288,4,2502893515
16024,169418960,603593,170022553,9,0,0,95744,3,1201511128
16025,169457300,1042,169458342,8,0,1,1024,8,1341242057
16026,169469980,1994,169471974,7,0,1,2048,4,2915480919
16027,169471970,239266,169711236,9,0,0,3072,3,5875844727
16028,169477530,515828,169993358,6,0,0,92672,8,9089438215
16029,169496980,103303,169600283,7,0,1,3072,4,8100910281
16030,169509020,309914,169818934,9,0,0,54272,3,8452445843
16031,169511149,113733,169624882,2,0,1,4096,12,10367536218
16032,169523320,300191,169823511,9,0,0,14848,3,7836901250
16033,169526540,199320,169725860,9,0,0,2048,3,7309938145
16034,169532540,269843,169802383,1,0,0,2560,17,2299759919
16035,169545090,299088,169844178,1,0,0,1536,17,6968043976
16036,169558180,73019,169631199,8,0,1,2560,8,856397857
16037,169582030,497089,170079119,0,0,0,19456,11,5973440838
16038,169598870,32858,169631728,7,0,1,1024,4,4708043932
16039,169601710,459551,170061261,6,0,0,10752,8,2578876181
16040,169604330,226372,169830702,0,0,0,23552,11,6469602294
16041,169610870,528315,170139185,0,0,0,79360,11,10359818157
16042,169619790,13362,169633152,7,0,1,2048,4,659433486
16043,169646060,566,169646626,9,0,1,512,3,9447417588
16044,169649280,394871,170044151,6,0,0,7168,8,1749815956
16045,169659129,4352,169663481,2,0,1,512,12,1396451961
16046,169661169,7228,169668397,2,0,1,5632,12,1423005021
16047,169667970,611915,170279885,0,0,0,56832,11,1410108206
16048,169671920,370000,170041920,6,0,0,63488,8,1726418034
16049,169673850,566,169674416,7,0,1,512,4,6843513804
16050,169685370,3904,169689274,9,0,1,10752,3,793919433
16051,169697270,1994,169699264,9,0,1,2048,3,2008826511
16052,169698110,183950,169882060,1,0,0,1024,17,8096673276
16053,169700040,5196,169705236,8,0,1,13312,8,10192256677
16054,169706049,6278,169712327,2,0,1,6656,12,471498412
16055,169724589,5802,169730391,2,0,1,6144,12,6652855137
16056,169728769,2608,169731377,2,0,1,1536,12,898524273
16057,169732160,5802,169737962,8,0,1,6144,8,8613732077
16058,169742200,342082,170084282,6,0,0,16896,8,6670946822
16059,169752559,47287,169799846,2,0,1,512,12,5172076854
16060,169752760,402295,170155055,0,0,0,18944,11,1829518763
16061,169754920,440610,170195530,9,0,0,69632,3,5158480218
16062,169781000,37949,169818949,9,0,1,5120,3,7201684669
16063,169800190,18774,169818964,9,0,1,512,3,6467024320
16064,169805940,38253,169844193,7,0,1,7680,4,4430472320
16065,169835650,46075,169881725,9,0,1,5120,3,2388142711
16066,169857480,27034,169884514,9,0,1,2560,3,1960291123
16067,169873430,11430,169884860,8,0,1,512,8,1655126119
16068,169883080,3086,169886166,6,0,1,2048,8,1375269234
16069,169897150,3898,169901048,7,0,1,4096,4,9220738042
16070,169912320,307118,170219438,0,0,0,16384,11,10400646574
16071,169966659,82024,170048683,2,0,1,7168,12,10400405785
16072,169968470,82159,170050629,7,0,1,3072,4,8576658605
16073,169978820,72795,170051615,8,0,1,1536,8,3420234308
16074,169982940,78336,170061276,8,0,1,26624,8,2250285627
16075,170010580,50711,170061291,9,0,1,1536,3,3495369140
16076,170021520,297797,170319317,0,0,0,12288,11,784479070
16077,170023400,37962,170061362,8,0,1,12800,8,4126601010
16078,170038639,27549,170066188,2,0,1,7680,12,544501237
16079,170043430,207148,170250578,6,0,0,35840,8,6371772146
16080,170045320,167085,170212405,1,0,0,512,17,5158565048
16081,170050419,19315,170069734,2,0,1,5632,12,1420184578
16082,170065260,376792,170442052,9,0,0,25600,3,8206937947
16083,170097510,3422,170100932,7,0,1,3584,4,3391638148
16084,170100510,1088,170101598,9,0,1,1024,3,2379205032
16085,170107610,174711,170282321,1,0,0,1024,17,5369315059
16086,170171020,2470,170173490,8,0,1,2560,8,6142033500
16087,170183070,19248,170202318,8,0,1,7168,8,8124617798
16088,170186980,128578,170315558,9,0,0,27136,3,2664679597
16089,170189710,94880,170284590,1,0,0,512,17,4318740534
16090,170207790,158067,170365857,6,0,0,9728,8,5542470744
16091,170220910,5196,170226106,7,0,1,13312,4,6102467700
16092,170229110,64257,170293367,1,0,0,512,17,8529748382
16093,170255070,106426,170361496,0,0,0,12800,11,8613544668
16094,170323000,1042,170324042,8,0,1,1024,8,8842613682
16095,170333400,166916,170500316,9,0,0,30720,3,7319653802
16096,170343360,208558,170551918,6,0,0,9216,8,7672063025
16097,170369470,5971,170375441,8,0,1,14848,8,4773236854
16098,170380110,220973,170601083,0,0,0,5632,11,298722710
16099,170401890,1994,170403884,7,0,1,2048,4,5726087853
16100,170409910,254296,170664206,6,0,0,10240,8,8408863098
16101,170411200,1518,170412718,8,0,1,1536,8,4971978153
16102,170455300,566,170455866,4,0,1,512,5,7312247527
16103,170458740,2470,170461210,4,0,1,2560,5,5601747605
16104,170459530,308627,170768157,0,0,0,53248,11,2793327951
16105,170465520,3422,170468942,4,0,1,3584,5,9073456782
16106,170471800,3128,170474928,4,0,1,9216,5,8713371254
16107,170478140,215209,170693349,6,0,0,14848,8,10050735131
16108,170484690,137074,170621764,9,0,0,25600,3,6575135752
16109,170506870,181940,170688810,1,0,0,38912,17,8530637982
16110,170514840,2470,170517310,8,0,1,2560,8,247884488
16111,170516480,178444,170694924,1,0,0,5120,17,2585625210
16112,170547180,6754,170553934,4,0,1,7168,5,7364443942
16113,170558450,150462,170708912,9,0,0,18432,3,5192357329
16114,170563450,105422,170668872,1,0,0,1536,17,8057340583
16115,170590000,333273,170923273,0,0,0,47616,11,6323426332
16116,170628060,2946,170631006,4,0,1,3072,5,5023903072
16117,170659030,5191,170664221,6,0,1,2560,8,3134842483
16118,170663270,182650,170845920,6,0,0,49152,8,9724219797
16119,170700670,302547,171003217,9,0,0,146432,3,6940180155
16120,170713310,298666,171011976,0,0,0,28672,11,245488019
16121,170718770,566,170719336,8,0,1,512,8,9619412197
16122,170727360,553111,171280471,6,0,0,28672,8,883728788
16123,170769939,153505,170923444,7,0,0,512,4,662078103
16124,170834160,16602,170850762,8,0,1,5120,8,860792569
16125,170850410,314393,171164803,0,0,0,40448,11,4428831929
16126,170893090,123581,171016671,1,0,0,15360,17,4444148190
16127,170907570,114108,171021678,6,0,0,16384,8,9863208547
16128,170923370,193595,171116965,1,0,0,512,17,1824321045
16129,170928000,343712,171271712,1,0,0,193536,17,7227590310
16130,170931570,362964,171294534,1,0,0,46080,17,6982114275
16131,170943480,254203,171197683,9,0,0,42496,3,10638995974
16132,170963500,425475,171388975,6,0,0,73216,8,7030538121
16133,171019940,7442,171027382,8,0,1,14336,8,4706116732
16134,171024000,146598,171170598,0,0,0,18944,11,2803207257
16135,171050010,312015,171362025,9,0,0,68096,3,5536017185
16136,171053090,349332,171402422,6,0,0,44032,8,6657718170
16137,171127870,1042,171128912,6,0,1,1024,8,9370005115
16138,171134420,5802,171140222,5,0,1,6144,10,9532987312
16139,171135350,7220,171142570,8,0,1,15360,8,4059713237
16140,171153000,22494,171175494,8,0,1,12800,8,8658802429
16141,171170390,448766,171619156,1,0,0,44032,17,2845373163
16142,171170870,309301,171480171,9,0,0,66560,3,4575860533
16143,171173300,5443,171178743,8,0,1,11264,8,3616278370
16144,171173380,276343,171449723,6,0,0,35328,8,4210133222
16145,171189350,15079,171204429,6,0,1,7168,8,6072244958
16146,171200330,5405,171205735,8,0,1,2048,8,9304861587
16147,171200890,249643,171450533,6,0,0,2560,8,10203318065
16148,171215070,280985,171496055,1,0,0,8704,17,5962711
16149,171244670,267706,171512376,9,0,0,7680,3,1003550859
16150,171254920,267297,171522217,9,0,0,15360,3,4320269059
16151,171266060,164753,171430813,1,0,0,12800,17,3009773574
16152,171280560,392352,171672912,0,0,0,97280,11,8259354466
16153,171287420,447086,171734506,6,0,0,3072,8,2462652174
16154,171291070,4598,171295668,6,0,1,1024,8,27609813
16155,171301640,599192,171900832,0,0,0,154624,11,3563064962
16156,171310050,326952,171637002,0,0,0,12288,11,2735219818
16157,171358050,564965,171923015,0,0,0,72704,11,1610205717
16158,171368640,252309,171620949,1,0,0,5632,17,7409953651
16159,171370110,37597,171407707,0,0,1,5632,11,9361370763
16160,171395220,15393,171410613,6,0,1,4608,8,5601741969
16161,171403960,239297,171643257,9,0,0,20480,3,8902972734
16162,171414920,99971,171514891,9,0,0,3072,3,6815268426
16163,171424040,556976,171981016,9,0,0,173568,3,8694043827
16164,171426870,7030,171433900,6,0,1,9216,8,9523571870
16165,171433070,16668,171449738,5,0,1,6656,10,5440591245
16166,171437610,330785,171768395,1,0,0,28160,17,1927393264
16167,171443810,8233,171452043,0,0,1,1536,11,8378061105
16168,171476960,200057,171677017,0,0,0,4096,11,2566505403
16169,171493320,331552,171824872,6,0,0,71680,8,5287508131
16170,171535140,139535,171674675,6,0,0,5632,8,6483735408
16171,171565280,3645,171568925,0,0,1,10240,11,535462576
16172,171576290,6488,171582778,0,0,1,15872,11,7038451374
16173,171622060,367083,171989143,6,0,0,26624,8,7116027703
16174,171656090,341523,171997613,6,0,0,14848,8,4098946995
16175,171661400,16104,171677504,0,0,1,8704,11,2309766354
16176,171665280,354344,172019624,6,0,0,72192,8,5136622717
16177,171668720,642211,172310931,0,0,0,57344,11,3124337286
16178,171688410,1042,171689452,0,0,1,1024,11,4282171046
16179,171690380,2946,171693326,0,0,1,3072,11,3259591405
16180,171690700,86562,171777262,9,0,0,1024,3,2658677854
16181,171715570,383494,172099064,1,0,0,47104,17,5214318456
16182,171719210,112837,171832047,6,0,0,9216,8,5897624496
16183,171720690,1042,171721732,0,0,1,1024,11,4627646982
16184,171748390,5802,171754192,0,0,1,6144,11,7490323935
16185,171774810,256069,172030879,6,0,0,36864,8,6189250869
16186,171776470,3128,171779598,0,0,1,9216,11,8621111682
16187,171788160,204914,171993074,9,0,0,12800,3,3775918053
16188,171792280,10241,171802521,0,0,1,16384,11,9727054208
16189,171849510,277227,172126737,0,0,0,70656,11,607699048
16190,171875350,326015,172201365,0,0,0,87040,11,2954456020
16191,171882200,528822,172411022,6,0,0,222208,8,6823684536
16192,171907160,373339,172280499,0,0,0,118784,11,3231781293
16193,171909230,506823,172416053,0,0,0,16384,11,3408858584
16194,171961840,497964,172459804,0,0,0,24064,11,7337344991
16195,171978320,52598,172030918,0,0,1,17408,11,3135634487
16196,172019240,263146,172282386,1,0,0,6144,17,1436544085
16197,172025700,411177,172436877,6,0,0,2048,8,6646765509
16198,172030310,1177,172031487,4,0,1,512,5,6065257129
16199,172034500,434892,172469392,1,0,0,5120,17,4823747821
16200,172047960,1994,172049954,4,0,1,2048,5,791593165
16201,172074030,347038,172421068,0,0,0,16384,11,8428505056
16202,172085350,618949,172704299,9,0,0,67584,3,6481603825
16203,172090790,435516,172526306,1,0,0,17408,17,1577486835
16204,172110890,423855,172534745,9,0,0,27648,3,5907355308
16205,172131730,1042,172132772,7,0,1,1024,4,8230656872
16206,172148270,436328,172584598,9,0,0,64512,3,1615969998
16207,172182730,19235,172201965,0,0,1,512,11,7650109606
16208,172186020,19433,172205453,0,0,1,4096,11,194629743
16209,172192850,150453,172343303,0,0,0,7680,11,8036673429
16210,172226850,209373,172436223,1,0,0,49664,17,9530197283
16211,172230860,290127,172520987,1,0,0,26112,17,4077312330
16212,172269400,527663,172797063,6,0,0,31232,8,7812812027
16213,172273500,12565,172286065,0,0,1,10240,11,3181784183
16214,172278490,13804,172292294,5,0,1,7168,10,708987267
16215,172284720,369054,172653774,1,0,0,32256,17,3834436741
16216,172295320,666756,172962076,1,0,0,17408,17,4485248973
16217,172300690,13386,172314076,0,0,1,9216,11,4298082435
16218,172322860,4374,172327234,0,0,1,4608,11,7776739675
16219,172328410,554807,172883217,1,0,0,86016,17,926475738
16220,172350100,86138,172436238,0,0,1,2560,11,9810890309
16221,172356720,361041,172717761,9,0,0,23040,3,4401616113
16222,172363640,232985,172596625,9,0,0,39424,3,3030616440
16223,172396080,156403,172552483,9,0,0,2560,3,1622314834
16224,172443450,170566,172614016,9,0,0,8704,3,6618484446
16225,172444520,466370,172910890,0,0,0,25088,11,1860253171
16226,172453000,257710,172710710,1,0,0,20992,17,3409487213
16227,172479390,204286,172683676,0,0,0,35840,11,100966620
16228,172498801,2946,172501747,3,0,1,3072,0,8851755458
16229,172529720,7011,172536731,0,0,1,2048,11,6721351403
16230,172602420,434700,173037120,0,0,0,62464,11,1182058926
16231,172660360,444857,173105217,1,0,0,25600,17,1338545602
16232,172665030,7230,172672260,6,0,1,7680,8,1266485990
16233,172677360,126582,172803942,0,0,0,22528,11,4297353535
16234,172678830,250869,172929699,0,0,0,512,11,8616887857
16235,172688480,41289,172729769,6,0,1,19968,8,5404291792
16236,172693870,209353,172903223,9,0,0,9728,3,2724100187
16237,172741730,215019,172956749,1,0,0,44032,17,301944090
16238,172750690,149546,172900236,1,0,0,55808,17,8242714675
16239,172809680,201865,173011545,1,0,0,20992,17,7818234124
16240,172811670,359033,173170703,9,0,0,52224,3,916683828
16241,172813900,261338,173075238,0,0,0,60416,11,9924502066
16242,172817620,6754,172824374,6,0,1,7168,8,6471771836
16243,172843560,353232,173196792,0,0,0,65024,11,560098842
16244,172864840,46065,172910905,6,0,1,1536,8,2498648172
16245,172945140,266955,173212095,9,0,0,50176,3,1935220707
16246,172962270,2870,172965140,9,0,1,8704,3,5261202157
16247,172970140,6278,172976418,6,0,1,6656,8,7214890578
16248,172977951,2946,172980897,3,0,1,3072,0,9478998106
16249,172978050,7640,172985690,6,0,1,7168,8,8954406168
16250,172987240,120434,173107674,9,0,0,512,3,5595547959
16251,173004760,6800,173011560,9,0,1,3072,3,2873190857
16252,173024130,127078,173151208,1,0,0,5120,17,8339068040
16253,173045480,297088,173342568,1,0,0,52224,17,5104305155
16254,173055380,83119,173138499,1,0,0,7680,17,2871098292
16255,173076750,199249,173275999,9,0,0,24576,3,1175116541
16256,173084600,566,173085166,4,0,1,512,5,5169909534
16257,173088360,151230,173239590,0,0,0,12800,11,5801927718
16258,173091490,5326,173096816,6,0,1,5632,8,369351315
16259,173110640,248523,173359163,1,0,0,20992,17,8721190467
16260,173120090,6229,173126319,9,0,1,15360,3,3158480396
16261,173137170,3791,173140961,4,0,1,2560,5,4890431275
16262,173140920,127568,173268488,9,0,0,69632,3,8618202962
16263,173149610,3551,173153161,9,0,1,2048,3,6336818413
16264,173212860,5196,173218056,1,0,1,13312,17,7503574403
16265,173222820,3387,173226207,9,0,1,9728,3,8055868847
16266,173233540,6065,173239605,4,0,1,11776,5,9400190700
16267,173256970,141002,173397972,9,0,0,31232,3,5573212618
16268,173260040,21294,173281334,4,0,1,5632,5,4537903881
16269,173269510,182809,173452319,1,0,0,22016,17,7077962042
16270,173307310,91301,173398611,9,0,0,2048,3,4377403078
16271,173331690,183209,173514899,1,0,0,30208,17,7768961214
16272,173351240,262344,173613584,0,0,0,63488,11,10454974411
16273,173355760,9673,173365433,9,0,1,6656,3,1595198973
16274,173367620,1042,173368662,4,0,1,1024,5,568194402
16275,173386280,1994,173388274,9,0,1,2048,3,8211629611
16276,173408059,5196,173413255,2,0,1,13312,12,3378193300
16277,173415890,12049,173427939,4,0,1,19968,5,3575327411
16278,173450840,173432,173624272,9,0,0,19456,3,4919341851
16279,173463160,1518,173464678,0,0,1,1536,11,5054550657
16280,173475030,46335,173521365,1,0,0,512,17,3251525773
16281,173477490,4850,173482340,4,0,1,5120,5,1869665301
16282,173484160,2946,173487106,4,0,1,3072,5,10373172132
16283,173484810,403694,173888504,1,0,0,148480,17,8371368255
16284,173533330,179050,173712380,1,0,0,11264,17,3824357146
16285,173557120,115786,173672906,0,0,0,30208,11,4511606204
16286,173565061,6278,173571339,3,0,1,6656,0,7839342083
16287,173567420,236202,173803622,1,0,0,102912,17,10705995342
16288,173574110,4850,173578960,0,0,1,5120,11,995734001
16289,173585701,1994,173587695,3,0,1,2048,0,5605016945
16290,173588940,3645,173592585,4,0,1,10240,5,1652666724
16291,173618700,270458,173889158,1,0,0,1536,17,8337630508
16292,173631850,3898,173635748,4,0,1,4096,5,9646644128
16293,173633660,3394,173637054,0,0,1,2048,11,8720979683
16294,173635320,268727,173904047,9,0,0,44544,3,7769121054
16295,173637050,4374,173641424,4,0,1,4608,5,9569570867
16296,173639250,164558,173803808,1,0,0,512,17,8314357504
16297,173674210,134275,173808485,1,0,0,512,17,424605158
16298,173702630,3387,173706017,4,0,1,9728,5,1048806541
16299,173708310,180365,173888675,1,0,0,512,17,494111959
16300,173724841,2470,173727311,3,0,1,2560,0,506022058
16301,173751150,566,173751716,4,0,1,512,5,2336076227
16302,173762451,41186,173803637,3,0,1,18432,0,7861857838
16303,173769110,120851,173889961,9,0,0,2560,3,5573954513
16304,173790640,16599,173807239,4,0,1,3584,5,5768189565
16305,173795130,14055,173809185,1,0,1,3072,17,2669884112
16306,173830490,59962,173890452,1,0,0,1536,17,3389603667
16307,173834631,1518,173836149,3,0,1,1536,0,1441628038
16308,173849290,57662,173906952,1,0,1,3072,17,718388997
16309,173861920,274838,174136758,0,0,0,35840,11,3908675597
16310,173880620,29558,173910178,4,0,1,5120,5,7199772594
16311,173895050,16754,173911804,1,0,1,2560,17,4050072832
16312,173960840,109352,174070192,1,0,0,2048,17,4553099927
16313,173973310,45596,174018906,1,0,0,1024,17,6463914420
16314,173976040,2470,173978510,1,0,1,2560,17,2331567854
16315,173980190,65746,174045936,1,0,0,1024,17,1230287735
16316,173987731,566,173988297,3,0,1,512,0,459538912
16317,174000340,205682,174206022,9,0,0,33280,3,8307143122
16318,174014040,79222,174093262,1,0,0,1024,17,9878503041
16319,174025470,566,174026036,4,0,1,512,5,10715215282
16320,174041750,99316,174141066,0,0,0,4608,11,1430629897
16321,174068540,4420,174072960,1,0,1,11776,17,1468957400
16322,174068950,233342,174302292,0,0,0,116224,11,7598560467
16323,174078700,4679,174083379,4,0,1,12288,5,8174441925
16324,174101660,235473,174337133,0,0,0,65536,11,164489972
16325,174119750,138780,174258530,0,0,0,9728,11,10057532251
16326,174131759,9322,174141081,2,0,1,4096,12,7500417528
16327,174135240,7691,174142931,1,0,1,3584,17,8597983621
16328,174148910,69890,174218800,0,0,0,3584,11,3890439298
16329,174177130,1042,174178172,7,0,1,1024,4,7729973970
16330,174177820,3898,174181718,1,0,1,4096,17,1034677306
16331,174185719,1518,174187237,2,0,1,1536,12,8594691941
16332,174201000,8401,174209401,1,0,1,9728,17,986078671
16333,174215879,1042,174216921,2,0,1,1024,12,547206692
16334,174216950,248125,174465075,0,0,0,169984,11,5441945216
16335,174220040,6278,174226318,1,0,1,6656,17,7126819465
16336,174235790,2470,174238260,4,0,1,2560,5,1215146854
16337,174241120,4937,174246057,4,0,1,12800,5,3339820841
16338,174254820,6278,174261098,6,0,1,6656,8,3663929269
16339,174257240,234027,174491267,0,0,0,31232,11,5320683162
16340,174285410,17958,174303368,1,0,1,1024,17,9738577268
16341,174296340,19639,174315979,4,0,1,22528,5,4337542019
16342,174298170,112003,174410173,1,0,0,1536,17,9171672364
16343,174306179,10671,174316850,2,0,1,12288,12,3578388989
16344,174362070,566,174362636,1,0,1,512,17,107174397
16345,174381200,2470,174383670,4,0,1,2560,5,5920996081
16346,174384780,15321,174400101,6,0,1,29696,8,3945516119
16347,174391709,11298,174403007,2,0,1,4608,12,4900134967
16348,174393010,78123,174471133,0,0,0,512,11,2767575296
16349,174399590,162052,174561642,9,0,0,17920,3,7136539813
16350,174414199,58766,174472965,2,0,1,8192,12,2036429579
16351,174415749,57562,174473311,2,0,1,512,12,16747715
16352,174429599,48218,174477817,2,0,1,7168,12,4986081188
16353,174439790,41893,174481683,4,0,1,6144,5,10656587703
16354,174442550,300962,174743512,0,0,0,109056,11,6268076787
16355,174445240,46050,174491290,1,0,1,2560,17,7369486750
16356,174445460,302022,174747482,0,0,0,12800,11,8305218830
16357,174448210,325883,174774093,9,0,0,9728,3,3773227395
16358,174458170,33135,174491305,4,0,1,5120,5,4009703042
16359,174471269,20051,174491320,2,0,1,6656,12,1550895832
16360,174475540,362585,174838125,0,0,0,133120,11,2548743722
16361,174482400,11349,174493749,1,0,1,2560,17,6584528323
16362,174513700,242090,174755790,9,0,0,2560,3,4845127336
16363,174520420,13253,174533673,5,0,1,25600,10,2488474733
16364,174527390,358105,174885495,0,0,0,142336,11,5724579294
16365,174547230,1518,174548748,4,0,1,1536,5,6961742195
16366,174551900,3128,174555028,6,0,1,9216,8,1471105677
16367,174559489,9851,174569340,2,0,1,8192,12,7216663330
16368,174564770,6516,174571286,6,0,1,3072,8,7450652368
16369,174581690,319154,174900844,0,0,0,50176,11,1692000235
16370,174587850,4850,174592700,6,0,1,5120,8,5389559891
16371,174589540,3506,174593046,4,0,1,512,5,2486710345
16372,174590280,5352,174595632,4,0,1,4096,5,5623595088
16373,174590370,7848,174598218,6,0,1,4096,8,9903242079
16374,174604490,6278,174610768,4,0,1,6656,5,6674905440
16375,174613530,3645,174617175,6,0,1,10240,8,7672525733
16376,174613810,224533,174838343,1,0,0,512,17,1953747443
16377,174620290,4850,174625140,4,0,1,5120,5,706137915
16378,174640740,5712,174646452,1,0,1,14336,17,6298758685
16379,174648450,144549,174792999,9,0,0,16384,3,2723714852
16380,174649609,566,174650175,2,0,1,512,12,2831319727
16381,174658420,1994,174660414,1,0,1,2048,17,3137284108
16382,174706120,37407,174743527,6,0,1,5632,8,3720304132
16383,174712010,38878,174750888,4,0,1,3584,5,5785476060
16384,174722180,30974,174753154,6,0,1,3584,8,1230971886
16385,174722300,33760,174756060,4,0,1,4608,5,7282316880
16386,174727470,29768,174757238,6,0,1,13824,8,7204931546
16387,174729530,30934,174760464,1,0,1,5120,17,8085098561
16388,174742780,18670,174761450,6,0,1,1536,8,6622708089
16389,174755040,7716,174762756,1,0,1,2048,17,6150813323
16390,174759970,149574,174909544,0,0,0,512,11,3723707961
16391,174762860,139591,174902451,0,0,0,5120,11,9680628300
16392,174795170,1518,174796688,6,0,1,1536,8,5306134244
16393,174796950,41206,174838156,6,0,1,2560,8,4281265832
16394,174798100,272472,175070572,9,0,0,68608,3,9360282670
16395,174798260,439436,175237696,0,0,0,120832,11,2320421751
16396,174804210,81300,174885510,4,0,1,6144,5,2655190093
16397,174816140,69385,174885525,6,0,1,5120,8,376690032
16398,174822150,155320,174977470,1,0,0,512,17,10144263774
16399,174856060,48215,174904275,6,0,1,3584,8,8904087564
16400,174856680,399994,175256674,1,0,0,512,17,7197452891
16401,174866070,231866,175097936,1,0,0,1024,17,2867844141
16402,174885430,185336,175070766,1,0,0,512,17,6798753696
16403,174889790,292996,175182786,0,0,0,72704,11,3949579151
16404,174903930,1994,174905924,4,0,1,2048,5,10731408834
16405,174939930,6754,174946684,4,0,1,7168,5,2812332859
16406,174940870,179030,175119900,1,0,0,2560,17,3599974907
16407,174950020,206988,175157008,9,0,0,33280,3,10625101338
16408,174953070,193783,175146853,1,0,0,2048,17,13839020
16409,174961880,1042,174962922,4,0,1,1024,5,4995219510
16410,175013130,2946,175016076,7,0,1,3072,4,7479968081
16411,175013480,3902,175017382,4,0,1,2048,5,4573700945
16412,175014540,146079,175160619,0,0,0,11776,11,2759642969
16413,175019010,163947,175182957,1,0,0,512,17,7269228716
16414,175030280,282419,175312699,0,0,0,9728,11,5898839356
16415,175032630,566,175033196,1,0,1,512,17,5359801757
16416,175047390,566,175047956,4,0,1,512,5,7833103474
16417,175048280,22307,175070587,9,0,1,1536,3,3561385167
16418,175058050,270128,175328178,0,0,0,41984,11,8630188358
16419,175076740,35213,175111953,1,0,0,2048,17,9994638527
16420,175084230,1994,175086224,4,0,1,2048,5,317131212
16421,175120780,62348,175183128,1,0,0,512,17,9949728202
16422,175150270,184022,175334292,9,0,0,19968,3,7208548128
16423,175222160,241886,175464046,0,0,0,89088,11,4665103225
16424,175226680,177174,175403854,0,0,0,17408,11,5194077920
16425,175228560,12582,175241142,4,0,1,9728,5,9799630409
16426,175229240,109964,175339204,9,0,0,3072,3,5619641008
16427,175260310,138225,175398535,1,0,0,512,17,3103362170
16428,175265480,170331,175435811,0,0,0,5120,11,10336501233
16429,175280740,106267,175387007,1,0,0,1024,17,7976303701
16430,175292740,105624,175398364,9,0,0,10752,3,4603431516
16431,175303550,161977,175465527,0,0,0,3072,11,7824601407
16432,175308180,6754,175314934,4,0,1,7168,5,4236430263
16433,175308940,19253,175328193,7,0,1,3584,4,777433889
16434,175326610,107618,175434228,0,0,0,28160,11,998560126
16435,175341130,6278,175347408,7,0,1,6656,4,9313634229
16436,175342490,13283,175355773,4,0,1,20992,5,3931031026
16437,175356880,107672,175464552,1,0,0,1536,17,5181506667
16438,175416500,537233,175953733,0,0,0,108544,11,9486921392
16439,175425910,72451,175498361,1,0,0,512,17,8174190561
16440,175436480,27581,175464061,4,0,1,1536,5,5866708704
16441,175445920,292652,175738572,9,0,0,15872,3,5068565821
16442,175455080,284287,175739367,1,0,0,2560,17,5557600101
16443,175458140,8864,175467004,4,0,1,1536,5,6034737531
16444,175462000,49882,175511882,1,0,0,1536,17,84150331
16445,175466470,2946,175469416,4,0,1,3072,5,1878728968
16446,175471490,5802,175477292,4,0,1,6144,5,354337531
16447,175477460,145943,175623403,9,0,0,23040,3,2708140955
16448,175488880,295848,175784728,9,0,0,48128,3,6172549547
16449,175502610,200802,175703412,9,0,0,51712,3,6474643760
16450,175508120,128573,175636693,0,0,0,13824,11,6046819534
16451,175512220,52364,175564584,0,0,0,3072,11,8604263715
16452,175522370,395827,175918197,0,0,0,68096,11,8647264795
16453,175526830,105636,175632466,9,0,0,29696,3,8921437243
16454,175535770,1518,175537288,7,0,1,1536,4,6896947680
16455,175540010,111596,175651606,1,0,0,512,17,10536778498
16456,175542500,354934,175897434,0,0,0,147968,11,4713062788
16457,175551800,3645,175555445,4,0,1,10240,5,7146340023
16458,175588430,3128,175591558,4,0,1,9216,5,122174726
16459,175590750,3483,175594233,7,0,1,3072,4,8862528415
16460,175599590,53379,175652969,1,0,0,512,17,5803127479
16461,175630480,290142,175920622,1,0,0,512,17,10722449918
16462,175636230,5330,175641560,6,0,1,5120,8,2498144813
16463,175642240,1994,175644234,6,0,1,2048,8,2719758521
16464,175656530,323590,175980120,0,0,0,19968,11,7393039926
16465,175658870,4374,175663244,6,0,1,4608,8,7993390919
16466,175672190,3128,175675318,4,0,1,9216,5,4201261284
16467,175702800,5454,175708254,6,0,1,5120,8,357066937
16468,175716470,248413,175964883,0,0,0,14848,11,1431332328
16469,175731490,251453,175982943,9,0,0,9216,3,4496545496
16470,175732530,11016,175743546,6,0,1,17920,8,2734109022
16471,175756529,163914,175920443,7,0,0,512,4,363083418
16472,175762250,193591,175955841,1,0,0,2560,17,6531506293
16473,175762470,157786,175920256,0,0,0,6656,11,9790117604
16474,175766850,2870,175769720,6,0,1,8704,8,4922000804
16475,175777970,176990,175954960,0,0,0,3584,11,9705192909
16476,175781559,184758,175966317,7,0,0,4608,4,6906610830
16477,175784020,2268,175786288,6,0,1,1536,8,3081523804
16478,175800340,4679,175805019,7,0,1,12288,4,8198554819
16479,175801999,227546,176029545,7,0,0,39424,4,4114312104
16480,175816860,4420,175821280,1,0,1,11776,17,6394540494
16481,175820830,5326,175826156,1,0,1,5632,17,1450537960
16482,175823600,318003,176141603,9,0,0,19456,3,8950787303
16483,175823910,3552,175827462,6,0,1,2048,8,4301009129
16484,175833850,2470,175836320,1,0,1,2560,17,10630637065
16485,175872130,83734,175955864,1,0,1,2048,17,1841952919
16486,175882230,74862,175957092,5,0,1,2048,10,9582963435
16487,175885610,72148,175957758,8,0,1,1024,8,7705674785
16488,175888570,71134,175959704,7,0,1,3072,4,8771537991
16489,175892940,115540,176008480,9,0,0,3584,3,8901842464
16490,175895770,69128,175964898,6,0,1,2048,8,10017133604
16491,175896540,359255,176255795,1,0,0,512,17,2878295905
16492,175899949,320292,176220241,7,0,0,23552,4,10377661849
16493,175904950,61382,175966332,1,0,1,4096,17,8440885070
16494,175910650,55697,175966347,6,0,1,3584,8,1179543544
16495,175913490,192496,176105986,0,0,0,51200,11,600697679
16496,175913870,53068,175966938,1,0,1,13312,17,6895058081
16497,175919280,50564,175969844,7,0,1,4608,4,648446983
16498,175929460,53570,175983030,5,0,1,17920,10,8302042895
16499,175931659,51386,175983045,2,0,1,14336,12,4141266203
16500,175933480,172989,176106469,1,0,0,1536,17,8696244501
16501,175933549,49511,175983060,2,0,1,1024,12,920708613
16502,175936050,319574,176255624,0,0,0,47616,11,10668230096
16503,175947970,35105,175983075,6,0,1,512,8,1426724284
16504,175954150,246880,176201030,1,0,0,512,17,8776065298
16505,175954170,35010,175989180,8,0,1,6656,8,5220288272
16506,175962000,27744,175989744,1,0,1,10752,17,79720364
16507,175962480,450240,176412720,0,0,0,10752,11,1933351137
16508,175963390,29493,175992883,1,0,1,11776,17,10328385814
16509,175966380,438494,176404874,9,0,0,62464,3,9533994559
16510,175968460,232391,176200851,9,0,0,5632,3,1965001490
16511,175969620,548276,176517896,9,0,0,49152,3,9517265501
16512,175970140,24049,175994189,1,0,1,2048,17,2066606305
16513,175970780,220605,176191385,1,0,0,1024,17,2896291178
16514,175981889,14246,175996135,2,0,1,3072,12,8346788560
16515,175989420,238213,176227633,0,0,0,24064,11,6025477488
16516,175997679,464848,176462527,7,0,0,61440,4,2526150254
16517,176011110,352568,176363678,9,0,0,71680,3,9550230748
16518,176028979,13383,176042362,2,0,1,21504,12,5750055875
16519,176043170,212796,176255966,1,0,0,512,17,1090424817
16520,176043660,4374,176048034,7,0,1,4608,4,7603973232
16521,176053970,1518,176055488,1,0,1,1536,17,1863640611
16522,176054340,355081,176409421,0,0,0,14848,11,6901898125
16523,176058910,1994,176060904,7,0,1,2048,4,5340082343
16524,176064849,4374,176069223,2,0,1,4608,12,1378735234
16525,176077970,3898,176081868,1,0,1,4096,17,5757652566
16526,176079280,537995,176617275,9,0,0,61440,3,10484548628
16527,176083760,5326,176089086,7,0,1,5632,4,563312567
16528,176088330,448457,176536787,9,0,0,61952,3,10160353847
16529,176096169,14213,176110382,2,0,1,10752,12,2662295816
16530,176099119,441162,176540281,7,0,0,11264,4,1436169003
16531,176113889,4850,176118739,2,0,1,5120,12,4515848482
16532,176149149,408906,176558055,7,0,0,25600,4,5768637244
16533,176152169,277906,176430075,7,0,0,18944,4,3007175832
16534,176155169,549151,176704320,7,0,0,37376,4,605134747
16535,176156779,501148,176657927,7,0,0,129536,4,7644825766
16536,176161910,530947,176692857,9,0,0,56320,3,397493842
16537,176170560,1042,176171602,1,0,1,1024,17,9956049927
16538,176179450,7706,176187156,7,0,1,8192,4,155857580
16539,176200180,20076,176220256,7,0,1,21504,4,10332287772
16540,176202700,17571,176220271,1,0,1,11776,17,874057495
16541,176211490,8796,176220286,5,0,1,9728,10,10501690689
16542,176238109,2946,176241055,2,0,1,3072,12,3707366966
16543,176238500,718214,176956714,9,0,0,80384,3,4319310848
16544,176248959,550565,176799524,7,0,0,118272,4,4755614955
16545,176256979,13341,176270320,2,0,1,22528,12,3773760712
16546,176258060,305411,176563471,0,0,0,4608,11,9785754891
16547,176258939,11535,176270474,2,0,1,8704,12,3121031319
16548,176268470,3310,176271780,7,0,1,2048,4,5595812214
16549,176269010,7596,176276606,1,0,1,7680,17,10210207042
16550,176291700,207532,176499232,1,0,0,512,17,5486569160
16551,176295250,263326,176558576,1,0,0,1536,17,6779951400
16552,176307470,355987,176663457,1,0,0,2048,17,1495885558
16553,176329860,402490,176732350,0,0,0,28160,11,3283067633
16554,176345320,241997,176587317,0,0,0,14336,11,3698473158
16555,176358569,7120,176365689,2,0,1,2048,12,10622417135
16556,176367230,295588,176662818,9,0,0,15872,3,1998479857
16557,176368080,180267,176548347,9,0,0,5632,3,7564536938
16558,176373769,3422,176377191,2,0,1,3584,12,6502773502
16559,176381430,418600,176800030,1,0,0,1536,17,3391697769
16560,176389320,315171,176704491,1,0,0,512,17,9477529624
16561,176401910,496524,176898434,9,0,0,43520,3,6581158516
16562,176409219,20871,176430090,2,0,1,22528,12,4074836941
16563,176415790,289043,176704833,1,0,0,512,17,5663016266
16564,176415830,14275,176430105,7,0,1,1536,4,4810632522
16565,176446870,170755,176617625,1,0,0,1024,17,8086194640
16566,176454610,13736,176468346,1,0,1,6144,17,1199013103
16567,176466779,3513,176470292,2,0,1,3072,12,3696921484
16568,176485669,2946,176488615,2,0,1,3072,12,9007297598
16569,176488380,130040,176618420,1,0,0,2560,17,6295471252
16570,176490110,214552,176704662,1,0,0,512,17,7356582219
16571,176496519,40283,176536802,2,0,1,21504,12,9775413841
16572,176509760,34002,176543762,1,0,1,3584,17,5712114567
16573,176515059,305572,176820631,7,0,0,10752,4,5223265499
16574,176518449,413742,176932191,7,0,0,98304,4,112231466
16575,176521779,23298,176545077,2,0,1,10240,12,1315145884
16576,176527570,21431,176549001,1,0,1,4608,17,3031846230
16577,176528470,191096,176719566,1,0,0,1024,17,2178014243
16578,176529019,370218,176899237,7,0,0,2560,4,1333374129
16579,176529239,28839,176558078,2,0,1,3584,12,2147723854
16580,176537599,20494,176558093,2,0,1,512,12,5853903264
16581,176539300,125916,176665216,1,0,0,512,17,968753393
16582,176539690,18901,176558591,7,0,1,12288,4,1582253964
16583,176550360,9232,176559592,1,0,1,1024,17,5524924893
16584,176572819,6278,176579097,2,0,1,6656,12,6072627037
16585,176579320,8012,176587332,1,0,1,13312,17,6725865644
16586,176586420,30870,176617290,1,0,1,21504,17,9033273211
16587,176600609,63079,176663688,2,0,1,6144,12,4064840599
16588,176608350,57604,176665954,1,0,1,3584,17,4770709026
16589,176611259,55975,176667234,2,0,1,14336,12,5370167961
16590,176613139,79733,176692872,2,0,1,17408,12,124702751
16591,176629040,233389,176862429,9,0,0,3584,3,9251863530
16592,176648829,44058,176692887,2,0,1,7680,12,7919469157
16593,176666529,26373,176692902,2,0,1,6656,12,3710949963
16594,176669829,23088,176692917,2,0,1,6656,12,3228778221
16595,176705809,5454,176711263,2,0,1,13824,12,1885258251
16596,176706350,5259,176711609,1,0,1,512,17,7832841874
16597,176711190,249610,176960800,9,0,0,12288,3,9380644282
16598,176713809,4374,176718183,2,0,1,4608,12,273221734
16599,176718920,238121,176957041,1,0,0,1024,17,9953304670
16600,176727790,11306,176739096,1,0,1,7168,17,6382936124
16601,176738589,483906,177222495,7,0,0,186368,4,2740976508
16602,176751950,1518,176753468,1,0,1,1536,17,6168641005
16603,176753340,5326,176758666,1,0,1,5632,17,9430263006
16604,176760390,292783,177053173,0,0,0,70144,11,6393220407
16605,176761919,37620,176799539,2,0,1,3072,12,6890259610
16606,176770769,254624,177025393,7,0,0,17408,4,930598382
16607,176792010,9054,176801064,5,0,1,1024,10,8640854713
16608,176810570,3645,176814215,7,0,1,10240,4,1665652670
16609,176814150,1518,176815668,7,0,1,1536,4,5804539630
16610,176819751,14472,176834223,3,0,1,23040,0,10240778385
16611,176829390,5499,176834889,1,0,1,1024,17,4624451908
16612,176858100,4374,176862474,7,0,1,4608,4,2464461342
16613,176886270,219112,177105382,4,0,0,6656,5,4756252631
16614,176906070,58334,176964404,4,0,1,10240,5,903094945
16615,176922669,44855,176967524,2,0,1,10240,12,8077133706
16616,176937060,33150,176970210,7,0,1,9216,4,4495254918
16617,176946609,24323,176970932,2,0,1,1024,12,5801693519
16618,176957110,19370,176976480,0,0,1,6656,11,5206143354
16619,176978840,4937,176983777,1,0,1,12800,17,7293532857
16620,176985780,89675,177075455,1,0,0,1024,17,9131756863
16621,177008349,236516,177244865,7,0,0,73216,4,5214275092
16622,177012529,3904,177016433,2,0,1,10752,12,1477980311
16623,177015480,1299,177016779,1,0,1,512,17,8966010139
16624,177023280,4975,177028255,7,0,1,8704,4,2792240945
16625,177028390,289793,177318183,9,0,0,39424,3,6994811091
16626,177035379,20956,177056335,2,0,1,9216,12,8055101079
16627,177036480,25813,177062293,1,0,1,6656,17,9856195662
16628,177044470,19769,177064239,7,0,1,3072,4,184050887
16629,177053410,191666,177245076,1,0,0,512,17,10268282660
16630,177055390,348371,177403761,9,0,0,67584,3,2570514044
16631,177074531,3645,177078176,3,0,1,10240,0,3203733700
16632,177075339,4831,177080170,2,0,1,2560,12,441299246
16633,177081009,380286,177461295,7,0,0,48128,4,2046054317
16634,177105570,3904,177109474,1,0,1,10752,17,9283317243
16635,177127460,566,177128026,5,0,1,512,10,2709263376
16636,177152570,3898,177156468,5,0,1,4096,10,8059072951
16637,177159230,98679,177257909,1,0,0,1536,17,2594548337
16638,177164430,58080,177222510,5,0,1,6656,10,9627405733
16639,177176090,72632,177248722,5,0,1,4096,10,7187677435
16640,177194090,57694,177251784,7,0,1,14336,4,1670427679
16641,177195619,304311,177499930,7,0,0,77312,4,10372323962
16642,177214790,39260,177254050,7,0,1,3584,4,2249202937
16643,177224639,113217,177337856,7,0,0,3584,4,5699342366
16644,177230030,28846,177258876,7,0,1,7680,4,1783220561
16645,177255050,209443,177464493,9,0,0,10240,3,4829295415
16646,177279490,237342,177516832,9,0,0,11264,3,882319124
16647,177286480,1518,177287998,7,0,1,1536,4,10449166415
16648,177329699,135589,177465288,7,0,0,2560,4,10560341202
16649,177330010,183367,177513377,9,0,0,44032,3,1091084505
16650,177331580,2470,177334050,5,0,1,2560,10,9308463952
16651,177332100,2616,177334716,1,0,1,1024,17,8090147952
16652,177338509,325905,177664414,7,0,0,17408,4,6480225962
16653,177349949,3128,177353077,2,0,1,9216,12,640015679
16654,177350440,268085,177618525,0,0,0,54784,11,8318213364
16655,177353129,1994,177355123,2,0,1,2048,12,7680870491
16656,177358850,2870,177361720,5,0,1,8704,10,4985984165
16657,177359910,503273,177863183,0,0,0,56832,11,1003791896
16658,177365969,162934,177528903,7,0,0,13824,4,312147263
16659,177366490,271128,177637618,0,0,0,43008,11,9086579545
16660,177387920,18320,177406240,9,0,1,2560,3,3402402168
16661,177389129,17777,177406906,2,0,1,1024,12,5733267478
16662,177411430,6754,177418184,8,0,1,7168,8,5763473396
16663,177418370,5802,177424172,5,0,1,6144,10,2067908967
16664,177419250,5076,177424326,8,0,1,8704,8,9756331779
16665,177429669,278119,177707788,7,0,0,30208,4,2641822329
16666,177430340,319376,177749716,0,0,0,54272,11,6573443450
16667,177431290,474283,177905573,0,0,0,25088,11,1805499292
16668,177436390,5196,177441586,7,0,1,13312,4,5034960225
16669,177443980,330590,177774570,0,0,0,22016,11,963576636
16670,177452410,166301,177618711,1,0,0,512,17,9133657799
16671,177467899,5802,177473701,2,0,1,6144,12,736104239
16672,177468560,5807,177474367,7,0,1,1024,4,10380338857
16673,177470730,3983,177474713,1,0,1,512,17,778856810
16674,177473510,2189,177475699,5,0,1,1536,10,6019048545
16675,177480690,164150,177644840,0,0,0,23552,11,6004462557
16676,177482670,37067,177519737,7,0,1,3072,4,2107916029
16677,177495930,27559,177523489,5,0,1,14336,10,2415860763
16678,177506590,22336,177528926,8,0,1,7168,8,6016343261
16679,177511020,21745,177532765,7,0,1,6144,4,5042337634
16680,177528180,186191,177714371,9,0,0,16896,3,3452724745
16681,177529110,194548,177723658,1,0,0,512,17,4747215750
16682,177535690,184484,177720174,0,0,0,7168,11,3879319026
16683,177538430,3128,177541558,5,0,1,9216,10,2549231999
16684,177555880,566,177556446,8,0,1,512,8,829329928
16685,177569940,6278,177576218,5,0,1,6656,10,9831111710
16686,177573530,272322,177845852,0,0,0,7680,11,6000938916
16687,177580510,1042,177581552,4,0,1,1024,5,4915617214
16688,177582900,284682,177867582,0,0,0,14336,11,1399935954
16689,177587580,1518,177589098,8,0,1,1536,8,10398588470
16690,177588100,1984,177590084,7,0,1,1536,4,3737704482
16691,177589940,5712,177595652,4,0,1,14336,5,906136776
16692,177591549,10063,177601612,2,0,1,7680,12,10241922547
16693,177591880,26660,177618540,8,0,1,2560,8,8127513096
16694,177595340,248157,177843497,9,0,0,53760,3,224128384
16695,177616660,7514,177624174,1,0,1,13824,17,9184884607
16696,177618300,19341,177637641,8,0,1,4096,8,5002833810
16697,177624660,23561,177648221,8,0,1,3584,8,10498973500
16698,177635149,13870,177649019,2,0,1,9216,12,3666337186
16699,177645650,18779,177664429,1,0,1,16896,17,246247362
16700,177655720,219857,177875577,9,0,0,26112,3,4487541575
16701,177661010,5898,177666908,4,0,1,2560,5,6657259302
16702,177664280,2974,177667254,5,0,1,512,10,5791844624
16703,177667090,566,177667656,4,0,1,512,5,4780704664
16704,177668120,1042,177669162,8,0,1,1024,8,8692274286
16705,177669870,1042,177670912,4,0,1,1024,5,1306180884
16706,177678980,3422,177682402,4,0,1,3584,5,385848706
16707,177681149,435206,178116355,7,0,0,14848,4,714862516
16708,177684079,3898,177687977,2,0,1,4096,12,3965609183
16709,177684240,7283,177691523,7,0,1,5632,4,3341376594
16710,177685169,348075,178033244,7,0,0,71680,4,8708704406
16711,177696729,314636,178011365,7,0,0,49664,4,9262226826
16712,177702790,11596,177714386,5,0,1,6144,10,10606796395
16713,177718990,4122,177723112,1,0,1,3072,17,8468342682
16714,177733620,21907,177755527,8,0,1,6144,8,10235570842
16715,177740990,135554,177876544,0,0,0,3072,11,9868824683
16716,177765770,12995,177778765,5,0,1,25088,10,4383920851
16717,177770510,11481,177781991,7,0,1,5120,4,6694210183
16718,177780400,1937,177782337,7,0,1,512,4,2779958309
16719,177800170,4679,177804849,5,0,1,12288,10,8663691791
16720,177805820,566,177806386,5,0,1,512,10,10004232270
16721,177807840,328489,178136329,9,0,0,8704,3,5256824206
16722,177810669,2946,177813615,2,0,1,3072,12,5038890385
16723,177854080,22479,177876559,8,0,1,8192,8,4188830823
16724,177858660,17914,177876574,5,0,1,512,10,7394665085
16725,177859950,22099,177882049,8,0,1,15872,8,4563757058
16726,177867470,15565,177883035,1,0,1,1536,17,2804080455
16727,177888110,86620,177974730,1,0,0,2048,17,6840079673
16728,177896460,9128,177905588,5,0,1,5632,10,7994693951
16729,177903229,172200,178075429,7,0,0,7680,4,7652414618
16730,177912369,12049,177924418,2,0,1,19968,12,3044267115
16731,177918779,5985,177924764,2,0,1,512,12,7324752593
16732,177925750,109724,178035474,0,0,0,7168,11,9231325023
16733,177927830,293573,178221403,1,0,0,512,17,1572721913
16734,177939529,5802,177945331,2,0,1,6144,12,2156162705
16735,177949020,257219,178206239,0,0,0,67584,11,2409609941
16736,177954260,3128,177957388,1,0,1,9216,17,2263643481
16737,177959170,278983,178238153,9,0,0,8704,3,3077637904
16738,177965150,566,177965716,8,0,1,512,8,1739118627
16739,177976940,320440,178297380,0,0,0,43008,11,6155713725
16740,177978399,3422,177981821,2,0,1,3584,12,8040806179
16741,177992760,40499,178033259,4,0,1,19456,5,475733521
16742,177995269,323201,178318470,7,0,0,69120,4,3093477774
16743,177996900,415108,178412008,1,0,0,512,17,3989329825
16744,178002129,35251,178037380,2,0,1,11264,12,4017653295
16745,178012329,29303,178041632,2,0,1,5120,12,7757163395
16746,178019770,215693,178235463,9,0,0,16896,3,8667394744
16747,178025000,20818,178045818,1,0,1,6656,17,3158078701
16748,178031530,14634,178046164,1,0,1,512,17,1986099658
16749,178035590,11138,178046728,8,0,1,10752,8,8571617286
16750,178036089,11183,178047272,2,0,1,9728,12,6028718648
16751,178036279,12088,178048367,2,0,1,1536,12,4151551014
16752,178053539,475780,178529319,7,0,0,43008,4,3869877641
16753,178055340,5712,178061052,8,0,1,14336,8,927479032
16754,178071480,566,178072046,8,0,1,512,8,6039419409
16755,178077930,107702,178185632,9,0,0,5120,3,7567558745
16756,178112360,6933,178119293,5,0,1,3072,10,3383363901
16757,178121570,210252,178331822,9,0,0,25600,3,5667116208
16758,178122030,6278,178128308,5,0,1,6656,10,4682738472
16759,178122290,7004,178129294,5,0,1,1536,10,9922077391
16760,178147590,1994,178149584,5,0,1,2048,10,3226634347
16761,178154980,7706,178162686,5,0,1,8192,10,1488078023
16762,178159160,4192,178163352,1,0,1,1024,17,5414933689
16763,178159969,298328,178458297,7,0,0,37888,4,7198367644
16764,178178740,207045,178385785,0,0,0,9216,11,4372111850
16765,178186390,24282,178210672,4,0,1,4608,5,4079078407
16766,178196190,17068,178213258,4,0,1,4096,5,10415122703
16767,178202100,14064,178216164,4,0,1,4608,5,568446589
16768,178205210,476582,178681792,0,0,0,71168,11,9828711225
16769,178211480,5030,178216510,8,0,1,512,8,8048845507
16770,178226429,9049,178235478,2,0,1,4096,12,10304881844
16771,178231750,9784,178241534,4,0,1,3584,5,735299882
16772,178250030,291123,178541153,9,0,0,19968,3,7083886394
16773,178257130,3898,178261028,1,0,1,4096,17,7970860099
16774,178262630,6754,178269384,8,0,1,7168,8,9443633741
16775,178267570,6754,178274324,4,0,1,7168,5,2634501974
16776,178277230,3898,178281128,4,0,1,4096,5,4176086875
16777,178279310,4724,178284034,6,0,1,4608,8,8593039728
16778,178282690,14705,178297395,4,0,1,6656,5,5606566139
16779,178310430,304637,178615067,0,0,0,19456,11,2616273756
16780,178310820,186599,178497419,9,0,0,18944,3,10043631109
16781,178320800,11037,178331837,8,0,1,10752,8,10319454649
16782,178343090,1994,178345084,5,0,1,2048,10,1397305703
16783,178344839,154482,178499321,7,0,0,6144,4,7943960978
16784,178348970,279456,178628426,9,0,0,26112,3,6404382956
16785,178349090,566,178349656,8,0,1,512,8,6854710544
16786,178350490,1042,178351532,1,0,1,1024,17,473699696
16787,178351770,461493,178813263,0,0,0,27648,11,4395848138
16788,178363770,2946,178366716,1,0,1,3072,17,239975115
16789,178368670,3422,178372092,8,0,1,3584,8,1659382969
16790,178373540,6278,178379818,4,0,1,6656,5,7637609408
16791,178392710,168481,178561191,0,0,0,26624,11,3997024198
16792,178392830,3898,178396728,1,0,1,4096,17,1871587583
16793,178404350,1042,178405392,0,0,1,1024,11,4223146431
16794,178419980,3898,178423878,4,0,1,4096,5,5372018639
16795,178429000,1042,178430042,4,0,1,1024,5,278347965
16796,178436940,4937,178441877,4,0,1,12800,5,8312673918
16797,178438460,19852,178458312,6,0,1,17408,8,6359216258
16798,178457120,469562,178926682,9,0,0,238592,3,7716710302
16799,178468450,2470,178470920,1,0,1,2560,17,7509796541
16800,178475930,2470,178478400,4,0,1,2560,5,3942027142
16801,178477700,459005,178936705,0,0,0,22016,11,9551967751
16802,178490150,7284,178497434,4,0,1,9728,5,3368185724
16803,178496750,320408,178817158,0,0,0,4608,11,2265658233
16804,178533930,206496,178740426,9,0,0,20480,3,6182323054
16805,178535940,8627,178544567,1,0,1,3584,17,9782663250
16806,178548399,301044,178849443,7,0,0,33280,4,3884473753
16807,178550660,10546,178561206,8,0,1,3072,8,6535735837
16808,178554830,13598,178568428,8,0,1,7680,8,7450770696
16809,178564030,5384,178569414,1,0,1,1536,17,3625802703
16810,178565530,6470,178572000,8,0,1,4096,8,1113152191
16811,178569489,212761,178782250,7,0,0,31744,4,5912003754
16812,178573230,167367,178740597,9,0,0,512,3,4016852447
16813,178581940,6754,178588694,4,0,1,7168,5,7191839777
16814,178587400,3898,178591298,8,0,1,4096,8,4144736880
16815,178592040,2946,178594986,4,0,1,3072,5,6729012401
16816,178625350,119942,178745292,0,0,0,15360,11,462088689
16817,178641980,1518,178643498,0,0,1,1536,11,504415831
16818,178642200,4195,178646395,8,0,1,4096,8,1925755536
16819,178647330,4162,178651492,0,0,1,11264,11,926229565
16820,178647999,333026,178981025,7,0,0,46080,4,3419028983
16821,178659720,22087,178681807,1,0,1,11776,17,10337378300
16822,178673280,12434,178685714,1,0,1,4096,17,2169837406
16823,178681190,7430,178688620,8,0,1,4608,8,4267072469
16824,178683410,152096,178835506,0,0,0,19456,11,7139098718
16825,178697330,1994,178699324,0,0,1,2048,11,8005809526
16826,178704450,4679,178709129,8,0,1,12288,8,7377505908
16827,178710860,3645,178714505,8,0,1,10240,8,4733655754
16828,178713540,2483,178716023,0,0,1,2048,11,4493438127
16829,178714110,6304,178720414,8,0,1,14336,8,10080121783
16830,178716850,336084,179052934,4,0,0,139264,5,1512167978
16831,178726060,1994,178728054,1,0,1,2048,17,1158553673
16832,178733619,412969,179146588,7,0,0,57344,4,8420208772
16833,178744470,520647,179265117,9,0,0,512,3,8269409235
16834,178750940,1042,178751982,0,0,1,1024,11,6492720747
16835,178754920,241728,178996648,4,0,0,51200,5,9940750478
16836,178777690,9920,178787610,1,0,1,5632,17,2096006605
16837,178778099,427469,179205568,7,0,0,89600,4,8762394012
16838,178781080,9116,178790196,4,0,1,4096,5,3319627034
16839,178798580,566,178799146,1,0,1,512,17,953890758
16840,178802830,1994,178804824,8,0,1,2048,8,4216722132
16841,178803980,9306,178813286,5,0,1,3072,10,714148917
16842,178804300,11425,178815725,4,0,1,2560,5,2694136076
16843,178814520,595539,179410059,4,0,0,112128,5,6817853035
16844,178816530,5470,178822000,5,0,1,5120,10,9480606438
16845,178831270,221881,179053151,9,0,0,512,3,5468564599
16846,178836530,12928,178849458,0,0,1,11264,11,5290529192
16847,178844550,5483,178850033,5,0,1,512,10,9292520206
16848,178848640,587705,179436345,0,0,0,76288,11,5044896049
16849,178863640,66022,178929662,0,0,1,3072,11,427466630
16850,178894640,42080,178936720,0,0,1,1024,11,3796425120
16851,178905060,256301,179161361,9,0,0,512,3,7158701600
16852,178942750,399816,179342566,4,0,0,144896,5,8988728639
16853,178946650,554199,179500849,4,0,0,105984,5,9158861899
16854,178953310,1994,178955304,0,0,1,2048,11,5113666821
16855,178960340,392248,179352588,0,0,0,32768,11,2861733613
16856,178964040,399533,179363573,4,0,0,3072,5,9480333380
16857,178971000,26173,178997173,4,0,1,512,5,3069030428
16858,178988300,12887,179001187,8,0,1,4608,8,8753895185
16859,178992860,9313,179002173,8,0,1,1536,8,5067821157
16860,178997880,359755,179357635,0,0,0,16384,11,4203977667
16861,178998400,54549,179052949,4,0,1,21504,5,1402695233
16862,179000860,52104,179052964,0,0,1,3584,11,1821552328
16863,179015580,44018,179059598,5,0,1,15872,10,1081858364
16864,179019840,43432,179063272,5,0,1,5632,10,773786085
16865,179056120,444908,179501028,9,0,0,512,3,7869722021
16866,179060320,4258,179064578,8,0,1,2048,8,238330022
16867,179067810,6229,179074039,0,0,1,15360,11,3165629680
16868,179071440,8805,179080245,4,0,1,8192,5,8266194675
16869,179073970,6621,179080591,5,0,1,512,10,6624189600
16870,179090040,5802,179095842,5,0,1,6144,10,8466431549
16871,179097600,152358,179249958,9,0,0,512,3,7663970363
16872,179100700,2870,179103570,4,0,1,8704,5,7334165973
16873,179102880,3467,179106347,5,0,1,3072,10,7111524804
16874,179111250,454912,179566162,0,0,0,72704,11,10099368041
16875,179114010,4937,179118947,5,0,1,12800,10,4579899730
16876,179130360,279886,179410246,9,0,0,512,3,8546243945
16877,179136670,11946,179148616,4,0,1,2048,5,2246418745
16878,179146020,8932,179154952,5,0,1,8192,10,5245539754
16879,179162450,2870,179165320,8,0,1,8704,8,3860434167
16880,179164619,303892,179468511,7,0,0,105472,4,8329089516
16881,179172340,3645,179175985,5,0,1,10240,10,2622302635
16882,179204010,311664,179515674,9,0,0,2048,3,4835843430
16883,179250460,1518,179251978,0,0,1,1536,11,6164528046
16884,179254770,7230,179262000,5,0,1,7680,10,5237601492
16885,179257370,6229,179263599,8,0,1,15360,8,7641778634
16886,179264660,4850,179269510,4,0,1,5120,5,7889269623
16887,179272070,3422,179275492,5,0,1,3584,10,6059037486
16888,179276660,1042,179277702,4,0,1,1024,5,10325376702
16889,179279750,566,179280316,5,0,1,512,10,8173935867
16890,179294700,47881,179342581,0,0,1,7680,11,7539588391
16891,179306900,53453,179360353,0,0,1,8192,11,1181077120
16892,179322370,42489,179364859,0,0,1,7168,11,6165775725
16893,179325350,40815,179366165,4,0,1,2048,5,237238843
16894,179330459,380394,179710853,7,0,0,3584,4,5039055032
16895,179337919,336268,179674187,7,0,0,86016,4,477590579
16896,179348639,19472,179368111,2,0,1,3072,12,8357881892
16897,179363040,138347,179501387,9,0,0,1024,3,10069043489
16898,179366910,2507,179369417,4,0,1,2048,5,1684991916
16899,179393190,217709,179610899,4,0,0,19456,5,6500340941
16900,179397660,38700,179436360,4,0,1,12800,5,9563804689
16901,179399250,168963,179568213,9,0,0,6656,3,5782476167
16902,179400110,68416,179468526,4,0,1,15872,5,1083906053
16903,179434790,420334,179855124,9,0,0,102912,3,9099517378
16904,179437360,67322,179504682,8,0,1,10240,8,2223956494
16905,179455450,55093,179510543,8,0,1,6656,8,10524020267
16906,179462600,52129,179514729,5,0,1,6656,10,8001556937
16907,179465720,49969,179515689,8,0,1,1024,8,7614973822
16908,179474270,41434,179515704,4,0,1,9216,5,6178246026
16909,179488940,26865,179515805,8,0,1,8704,8,10604403041
16910,179496420,20051,179516471,5,0,1,1024,10,4255689638
16911,179499250,239340,179738590,9,0,0,9728,3,4617851917
16912,179503940,231671,179735611,4,0,0,22016,5,9826887835
16913,179549790,20927,179570717,5,0,1,2560,10,9377772
16914,179557340,14683,179572023,0,0,1,2048,11,5820622175
16915,179558149,423806,179981955,7,0,0,118784,4,10474727169
16916,179563620,13737,179577357,4,0,1,8192,5,6800046233
16917,179591260,5326,179596586,5,0,1,5632,10,6038795174
16918,179597480,5196,179602676,5,0,1,13312,10,4902722369
16919,179599330,319428,179918758,0,0,0,75776,11,9322218676
16920,179599800,140053,179739853,9,0,0,4096,3,650912723
16921,179602660,8254,179610914,0,0,1,4608,11,1215286687
16922,179618090,2870,179620960,8,0,1,8704,8,1333513312
16923,179619260,2097,179621357,4,0,1,512,5,565445943
16924,179642260,566,179642826,8,0,1,512,8,5696809616
16925,179651220,25496,179676716,8,0,1,2560,8,8530855338
16926,179653960,449555,180103515,4,0,0,33280,5,4547513405
16927,179660220,27631,179687851,4,0,1,21504,5,6279810144
16928,179661690,26417,179688107,5,0,1,9216,10,4408186499
16929,179678960,178090,179857050,4,0,0,6144,5,2407328939
16930,179682290,6381,179688671,0,0,1,10752,11,9561732869
16931,179693220,368409,180061629,9,0,0,36352,3,5344542689
16932,179711110,333353,180044463,9,0,0,21504,3,4160299856
16933,179712120,325776,180037896,0,0,0,67072,11,3832017160
16934,179714970,5196,179720166,0,0,1,13312,11,6101592811
16935,179720950,423870,180144820,4,0,0,4608,5,2582230781
16936,179723500,1994,179725494,8,0,1,2048,8,10499779138
16937,179778100,34367,179812467,4,0,1,56832,5,8662655426
16938,179788460,28193,179816653,5,0,1,6656,10,36257415
16939,179822970,32177,179855147,0,0,1,3072,11,9318643758
16940,179824320,333408,180157728,9,0,0,16384,3,1395826092
16941,179841170,21165,179862335,8,0,1,5632,8,7989084163
16942,179847430,17171,179864601,5,0,1,3584,10,1441259331
16943,179871860,1042,179872902,0,0,1,1024,11,4229914121
16944,179875490,172748,180048238,0,0,0,12288,11,7728221578
16945,179879820,6278,179886098,8,0,1,6656,8,8721841435
16946,179916300,375529,180291829,9,0,0,81920,3,9394103536
16947,179920620,61358,179981978,0,0,1,69120,11,4975351625
16948,179944320,37681,179982001,0,0,1,46080,11,7296669094
16949,179949070,48747,179997817,5,0,1,30720,10,7871444060
16950,179964470,294722,180259192,0,0,0,17920,11,10232931872
16951,180000290,1518,180001808,8,0,1,1536,8,3990364155
16952,180026999,34645,180061644,2,0,1,5632,12,10112019125
16953,180037240,24419,180061659,4,0,1,11264,5,10266192634
16954,180058540,297446,180355986,4,0,0,10240,5,5129631650
16955,180061490,42040,180103530,4,0,1,64512,5,3868155437
16956,180065000,38545,180103545,8,0,1,1536,8,10163643926
16957,180067009,335907,180402916,7,0,0,17920,4,1209641700
16958,180071870,258238,180330108,9,0,0,10240,3,4899006048
16959,180084540,361152,180445692,0,0,0,101888,11,2081182116
16960,180100580,3999,180104579,1,0,1,1024,17,6313743737
16961,180122510,36604,180159114,4,0,1,64512,5,3714786115
16962,180123179,36601,180159780,2,0,1,11264,12,3627841557
16963,180125870,380300,180506170,9,0,0,15872,3,6304912966
16964,180138100,333659,180471759,0,0,0,85504,11,6234901013
16965,180150960,389696,180540656,9,0,0,9728,3,10399291769
16966,180152219,347635,180499854,7,0,0,92160,4,2251802295
16967,180153090,348199,180501289,9,0,0,4608,3,6645669897
16968,180161559,507259,180668818,7,0,0,22528,4,7473624179
16969,180164670,372983,180537653,4,0,0,20992,5,5842486785
16970,180170620,1518,180172138,8,0,1,1536,8,7553947609
16971,180174590,1994,180176584,6,0,1,2048,8,1717313722
16972,180183330,339193,180522523,4,0,0,24576,5,380447461
16973,180191770,555882,180747652,0,0,0,146432,11,5089448824
16974,180209510,32299,180241809,4,0,1,52736,5,3482243821
16975,180221310,577696,180799006,9,0,0,51712,3,1269718492
16976,180263290,488813,180752103,4,0,0,512,5,852835736
16977,180266620,25224,180291844,6,0,1,6656,8,1758892644
16978,180277990,383949,180661939,0,0,0,31232,11,3651434504
16979,180286439,652692,180939131,7,0,0,35840,4,4199362634
16980,180289610,782930,181072540,0,0,0,80384,11,584959456
16981,180295970,576596,180872566,9,0,0,17408,3,9418113758
16982,180301340,1042,180302382,6,0,1,1024,8,10385725494
16983,180303250,566,180303816,8,0,1,512,8,6387778274
16984,180309239,688140,180997379,7,0,0,75776,4,4312143232
16985,180329150,14033,180343183,4,0,1,22016,5,4213541877
16986,180330690,961764,181292454,9,0,0,142336,3,6444732815
16987,180335120,281974,180617094,4,0,0,1024,5,9861267806
16988,180345580,475749,180821329,4,0,0,73216,5,3625940084
16989,180358310,398020,180756330,0,0,0,13824,11,10460945825
16990,180362200,139104,180501304,4,0,1,124416,5,7251522334
16991,180365580,549833,180915413,4,0,0,15872,5,2524978851
16992,180367780,133539,180501319,6,0,1,10240,8,10534527925
16993,180387170,119015,180506185,4,0,1,83456,5,5467621743
16994,180388169,393791,180781960,7,0,0,512,4,10267354615
16995,180396379,570041,180966420,7,0,0,48128,4,209473491
16996,180410920,499627,180910547,0,0,0,32768,11,1834109278
16997,180413650,1059961,181473611,4,0,0,60928,5,8544596859
16998,180466890,912402,181379292,4,0,0,82944,5,4471735804
16999,180469259,282673,180751932,7,0,0,13824,4,4963214904
17000,180475400,36746,180512146,4,0,1,6144,5,4094467142
17001,180481150,1005759,181486909,0,0,0,27648,11,6133952951
17002,180482530,742361,181224891,0,0,0,76288,11,10701806300
17003,180494289,479089,180973378,7,0,0,3072,4,2956156492
17004,180498620,23918,180522538,4,0,1,7168,5,9359326808
17005,180499730,745031,181244761,9,0,0,64512,3,995357067
17006,180513120,42683,180555803,0,0,1,69632,11,2364951216
17007,180516500,50235,180566735,0,0,1,35840,11,5095702275
17008,180521070,1035608,181556678,0,0,0,2560,11,2997080059
17009,180529750,37331,180567081,6,0,1,512,8,10438832402
17010,180540789,937673,181478462,7,0,0,15872,4,9358493446
17011,180556879,794244,181351123,7,0,0,39424,4,9006994820
17012,180559630,537680,181097310,4,0,0,78336,5,9023195341
17013,180576360,5326,180581686,6,0,1,5632,8,5621193312
17014,180577130,978753,181555883,9,0,0,58880,3,5556584822
17015,180613050,246996,180860046,0,0,0,1024,11,263858886
17016,180622190,999551,181621741,9,0,0,42496,3,7239658631
17017,180649120,52808,180701928,0,0,1,86016,11,3166298507
17018,180657000,90667,180747667,4,0,1,26624,5,1843662047
17019,180671620,1178382,181850002,4,0,0,129536,5,8462060355
17020,180672010,529622,181201632,4,0,0,11264,5,7531437002
17021,180677740,69942,180747682,0,0,1,6656,11,6768538778
17022,180685910,649696,181335606,0,0,0,18944,11,3786936815
17023,180700780,46917,180747697,6,0,1,3584,8,6097651450
17024,180726530,714133,181440663,4,0,0,46080,5,7606751405
17025,180741370,19326,180760696,1,0,1,4608,17,9305280679
17026,180777730,1042,180778772,6,0,1,1024,8,9164614812
17027,180810180,12183,180822363,6,0,1,1024,8,7242122854
17028,180822100,573959,181396059,0,0,0,54784,11,1839140464
17029,180829090,579673,181408763,0,0,0,37376,11,3205979860
17030,180841210,20624,180861834,0,0,1,33280,11,5056361072
17031,180851370,11450,180862820,7,0,1,1536,4,8248614571
17032,180859499,253369,181112868,7,0,0,3072,4,5868017014
17033,180864559,461501,181326060,7,0,0,29696,4,5254273891
17034,180865340,7241,180872581,5,0,1,11264,10,33714738
17035,180871840,4378,180876218,7,0,1,10240,4,3799807830
17036,180873010,6630,180879640,9,0,1,4096,3,1834934381
17037,180887650,1994,180889644,6,0,1,2048,8,4489416494
17038,180888380,22182,180910562,5,0,1,20992,10,2248399502
17039,180893449,902227,181795676,7,0,0,58880,4,9925632827
17040,180897400,18036,180915436,0,0,1,29696,11,7969794727
17041,180903780,12667,180916447,6,0,1,1024,8,2772373537
17042,180920280,213366,181133646,0,0,0,4096,11,243701973
17043,180922920,503650,181426570,9,0,0,58368,3,9371889854
17044,180937380,2802,180940182,5,0,1,1024,10,10402587136
17045,180937650,729353,181667003,9,0,0,40448,3,7357000908
17046,180940300,619483,181559783,9,0,0,6144,3,4770286212
17047,180950510,46892,180997402,4,0,1,56832,5,7581412706
17048,180961620,35805,180997425,0,0,1,19456,11,8886320045
17049,180980580,22020,181002600,0,0,1,13312,11,5873165633
17050,180985970,343849,181329819,4,0,0,12288,5,6308354374
17051,180998519,6027,181004546,2,0,1,3072,12,4809913006
17052,181003230,25187,181028417,0,0,1,45568,11,9644240951
17053,181020050,15321,181035371,4,0,1,29696,5,1090735717
17054,181029860,5767,181035627,5,0,1,9216,10,6248944637
17055,181031030,5074,181036104,7,0,1,9728,4,9785782325
17056,181039040,6754,181045794,5,0,1,7168,10,9130232447
17057,181047750,24805,181072555,6,0,1,3072,8,9435571998
17058,181051760,881174,181932934,4,0,0,17920,5,8770875345
17059,181071090,676859,181747949,0,0,0,50688,11,947641013
17060,181079550,21914,181101464,6,0,1,11264,8,10333513017
17061,181099760,32547,181132307,4,0,1,51200,5,7023187525
17062,181109750,614264,181724014,0,0,0,22016,11,5033568166
17063,181110560,23101,181133661,6,0,1,512,8,316375562
17064,181136530,790921,181927451,0,0,0,91648,11,9609507122
17065,181166380,611341,181777721,0,0,0,59904,11,6521477382
17066,181189680,35226,181224906,7,0,1,17408,4,9380839901
17067,181193230,51546,181244776,4,0,1,58368,5,5735161086
17068,181233690,58779,181292469,4,0,1,19456,5,8604694432
17069,181239709,321876,181561585,7,0,0,3072,4,1884504918
17070,181242120,50364,181292484,7,0,1,6144,4,10574549049
17071,181269130,882458,182151588,0,0,0,70656,11,9825344834
17072,181272390,106917,181379307,4,0,1,113152,5,2358863015
17073,181274540,737720,182012260,4,0,0,12800,5,10476904620
17074,181275080,854965,182130045,4,0,0,107520,5,5760670095
17075,181278020,101302,181379322,8,0,1,14336,8,8505792349
17076,181291829,1339356,182631185,7,0,0,24064,4,10692736260
17077,181307560,331215,181638775,0,0,0,13312,11,4518910294
17078,181321950,488561,181810511,4,0,0,48640,5,3200947061
17079,181328400,50937,181379337,5,0,1,4096,10,3838934451
17080,181329540,49812,181379352,5,0,1,7168,10,6587227879
17081,181337470,58604,181396074,5,0,1,3584,10,6982781024
17082,181341230,85355,181426585,4,0,1,92672,5,457317720
17083,181345420,81180,181426600,5,0,1,512,10,454055794
17084,181363680,139666,181503346,9,0,0,3584,3,3396518699
17085,181400020,349816,181749836,9,0,0,6144,3,4569010217
17086,181409730,1408397,182818127,0,0,0,51712,11,2910215421
17087,181419320,824357,182243677,4,0,0,36352,5,1739505596
17088,181420360,652658,182073018,4,0,0,53760,5,10198275076
17089,181429120,439939,181869059,0,0,0,24064,11,3453946697
17090,181429300,1068922,182498222,0,0,0,11776,11,6310781722
17091,181436430,5384,181441814,4,0,1,1024,5,3319850612
17092,181438560,233458,181672018,0,0,0,16384,11,1048190752
17093,181441759,868236,182309995,7,0,0,20992,4,7796108017
17094,181443389,456115,181899504,7,0,0,39936,4,4129441319
17095,181458420,52110,181510530,4,0,1,42496,5,5208599089
17096,181470410,40274,181510684,7,0,1,8704,4,10030562634
17097,181480440,31870,181512310,4,0,1,2560,5,8065215877
17098,181481930,732442,182214372,0,0,0,81920,11,8368773412
17099,181493710,771936,182265646,0,0,0,9728,11,889492421
17100,181512110,435766,181947876,4,0,0,37376,5,5600736010
17101,181533399,1417391,182950790,7,0,0,43008,4,9154541560
17102,181533890,22803,181556693,1,0,1,15872,17,10221479422
17103,181555040,491895,182046935,0,0,0,10752,11,3255056998
17104,181584789,1473424,183058213,7,0,0,48640,4,1120854981
17105,181594610,3904,181598514,4,0,1,10752,5,755575132
17106,181596640,8525,181605165,7,0,1,7680,4,1243460228
17107,181637080,4157,181641237,7,0,1,2560,4,6542638781
17108,181646360,2470,181648830,9,0,1,2560,3,4090806692
17109,181660129,564866,182224995,7,0,0,34816,4,4753914084
17110,181665980,1666464,183332444,4,0,0,92160,5,4282022423
17111,181679019,1036000,182715019,7,0,0,84480,4,3530595953
17112,181680410,2946,181683356,7,0,1,3072,4,6544378790
17113,181683370,1748273,183431643,0,0,0,2048,11,5427126803
17114,181696480,264547,181961027,9,0,0,1024,3,3418627193
17115,181701789,792830,182494619,7,0,0,72192,4,1461216652
17116,181713039,636183,182349222,7,0,0,111104,4,1098882632
17117,181718930,7546,181726476,9,0,1,2560,3,4336898072
17118,181725610,1212,181726822,9,0,1,512,3,193373328
17119,181742810,936245,182679055,9,0,0,48640,3,2532896210
17120,181748920,863036,182611956,9,0,0,7168,3,3983213086
17121,181775840,93234,181869074,4,0,1,29184,5,420474307
17122,181782790,87404,181870194,4,0,1,8192,5,4571300830
17123,181821900,49280,181871180,1,0,1,1536,17,4930699133
17124,181824070,47981,181872051,4,0,1,12288,5,9873132385
17125,181826020,46595,181872615,7,0,1,10752,4,10426808827
17126,181828010,45911,181873921,9,0,1,2048,3,1281812348
17127,181843220,34247,181877467,7,0,1,5632,4,10145445300
17128,181845400,325895,182171295,4,0,0,49664,5,5361602554
17129,181849590,28236,181877826,7,0,1,9728,4,5499997816
17130,181867410,14282,181881692,7,0,1,6144,4,6858098721
17131,181875070,907750,182782820,9,0,0,12288,3,10351989609
17132,181877559,1049801,182927360,7,0,0,97792,4,10093649626
17133,181887990,797059,182685049,0,0,0,17408,11,232398980
17134,181909069,1067890,182976959,7,0,0,15360,4,8779876793
17135,181969850,766499,182736349,4,0,0,8704,5,1108241466
17136,181970420,6278,181976698,9,0,1,6656,3,2366279485
17137,181981770,10499,181992269,4,0,1,16896,5,5363927008
17138,181988520,412416,182400936,0,0,0,27648,11,3147208684
17139,182009530,4240,182013770,9,0,1,1536,3,5004319605
17140,182017320,1531473,183548793,0,0,0,148480,11,3985011890
17141,182045100,8105,182053205,9,0,1,6656,3,2341876034
17142,182085280,977628,183062908,4,0,0,15360,5,5190617022
17143,182087650,710331,182797981,0,0,0,49664,11,5559877379
17144,182089640,673782,182763422,0,0,0,2048,11,7939056464
17145,182105020,47218,182152238,7,0,1,512,4,8845223614
17146,182106809,1126784,183233593,7,0,0,94720,4,6509715630
17147,182134230,1598392,183732622,0,0,0,41984,11,1561270283
17148,182138120,1033135,183171255,9,0,0,35328,3,7848099491
17149,182141030,35468,182176498,4,0,1,44544,5,10034572614
17150,182154850,21994,182176844,7,0,1,512,4,6415620744
17151,182165139,597606,182762745,7,0,0,64512,4,5435076874
17152,182168710,855035,183023745,4,0,0,59904,5,9439509019
17153,182168940,1816143,183985083,4,0,0,27136,5,1773041633
17154,182169500,55534,182225034,4,0,1,68608,5,4619592972
17155,182177490,389810,182567300,4,0,0,2048,5,1419465619
17156,182207330,24461,182231791,7,0,1,7168,4,6893331734
17157,182208570,1713754,183922324,4,0,0,144896,5,2968936541
17158,182237309,903310,183140619,7,0,0,49152,4,7827814724
17159,182241729,962949,183204678,7,0,0,109568,4,6734502735
17160,182251300,717149,182968449,9,0,0,57856,3,5846912753
17161,182258490,561859,182820349,9,0,0,7168,3,4076736705
17162,182266080,4374,182270454,7,0,1,4608,4,5413249270
17163,182276260,1004357,183280617,0,0,0,89088,11,10566822637
17164,182287290,3422,182290712,4,0,1,3584,5,694048581
17165,182328990,104999,182433989,4,0,1,138240,5,5001803121
17166,182330900,566649,182897549,0,0,0,25088,11,1229787337
17167,182335450,443587,182779037,0,0,0,51200,11,8488884895
17168,182350450,1821335,184171785,0,0,0,69120,11,5115269629
17169,182362590,76584,182439174,7,0,1,16384,4,2910615136
17170,182391770,47750,182439520,9,0,1,512,3,9611322028
17171,182396070,44756,182440826,1,0,1,2048,17,3044939707
17172,182419450,518221,182937671,9,0,0,33792,3,6422088227
17173,182429070,16941,182446011,7,0,1,16384,4,7684327927
17174,182430720,17877,182448597,7,0,1,4096,4,10184302196
17175,182442300,7283,182449583,7,0,1,1536,4,9662102510
17176,182444110,5627,182449737,1,0,1,8704,17,1044050227
17177,182447050,3353,182450403,1,0,1,1024,17,7243998951
17178,182456980,75295,182532275,4,0,1,126464,5,1493364454
17179,182468310,66231,182534541,1,0,1,3584,17,7337235340
17180,182471510,1789441,184260951,9,0,0,17920,3,3493179672
17181,182507300,31747,182539047,7,0,1,7168,4,8737620506
17182,182523700,18253,182541953,7,0,1,4608,4,2467878624
17183,182532300,12879,182545179,7,0,1,5120,4,7256405922
17184,182535510,14495,182550005,7,0,1,7680,4,8696081555
17185,182545830,578165,183123995,9,0,0,19456,3,643900902
17186,182547900,612546,183160446,4,0,0,65024,5,10593803341
17187,182563250,45437,182608687,4,0,1,78336,5,3177034972
17188,182585220,448368,183033588,9,0,0,32256,3,10199298111
17189,182592150,17101,182609251,4,0,1,10752,5,5662544675
17190,182624929,347287,182972216,7,0,0,12288,4,7596466163
17191,182630470,92489,182722959,4,0,1,148480,5,4582636165
17192,182644830,725279,183370109,4,0,0,105984,5,7410275362
17193,182646230,650907,183297137,4,0,0,52224,5,2198294241
17194,182668800,67564,182736364,4,0,1,45568,5,4816040947
17195,182670889,732034,183402923,7,0,0,39936,4,1905236247
17196,182678260,84500,182762760,4,0,1,38400,5,8218447180
17197,182697709,1731836,184429545,7,0,0,91136,4,9207320490
17198,182720220,42563,182762783,1,0,1,5632,17,3121429187
17199,182747740,50280,182798020,4,0,1,26624,5,10639681876
17200,182764940,625291,183390231,4,0,0,4096,5,165010025
17201,182772000,1257702,184029702,4,0,0,30208,5,7288220453
17202,182777070,41072,182818142,1,0,1,5632,17,862172715
17203,182789450,672448,183461898,4,0,0,14848,5,1059129826
17204,182791780,1180899,183972679,9,0,0,9216,3,2983229728
17205,182804450,41562,182846012,4,0,1,46592,5,2145959963
17206,182855870,6754,182862624,1,0,1,7168,17,9542614331
17207,182856830,857554,183714384,9,0,0,131584,3,8571388163
17208,182906200,70790,182976990,1,0,1,3072,17,3813689047
17209,182910410,341294,183251704,0,0,0,9216,11,8168212387
17210,182929800,1693380,184623180,0,0,0,193024,11,10458663968
17211,182935900,46845,182982745,5,0,1,6144,10,4441028697
17212,182940780,397014,183337794,4,0,0,15872,5,5098400402
17213,182941590,433917,183375507,0,0,0,3072,11,9934539976
17214,182944270,871445,183815715,4,0,0,80896,5,3428280298
17215,182955530,632637,183588167,9,0,0,25600,3,5115600683
17216,182964350,21621,182985971,4,0,1,5120,5,6141011062
17217,182977920,773241,183751161,4,0,0,18944,5,9863478537
17218,182993630,241242,183234872,0,0,0,4096,11,2333554111
17219,182993800,725959,183719759,9,0,0,17408,3,408210544
17220,182997050,566,182997616,1,0,1,512,17,746631371
17221,183051029,1083046,184134075,7,0,0,29184,4,10328209592
17222,183054400,11964,183066364,1,0,1,3584,17,10519301017
17223,183062241,6709,183068950,3,0,1,4096,0,1019801997
17224,183078890,295626,183374516,0,0,0,14336,11,4904710331
17225,183081600,4162,183085762,6,0,1,11264,8,8733307663
17226,183106380,718242,183824622,4,0,0,29184,5,9037142499
17227,183114390,46071,183160461,1,0,1,28160,17,8461291301
17228,183119250,41226,183160476,1,0,1,2560,17,1458691820
17229,183136590,414432,183551022,0,0,0,7168,11,988040995
17230,183141500,93411,183234911,1,0,1,2560,17,8633046977
17231,183142260,735901,183878161,9,0,0,30720,3,4636841749
17232,183159260,77089,183236349,1,0,1,1536,17,6163825904
17233,183161300,78373,183239673,4,0,1,4608,5,10472989305
17234,183164821,76478,183241299,3,0,1,2560,0,513588055
17235,183172310,780324,183952634,4,0,0,48128,5,7725666499
17236,183193060,50185,183243245,7,0,1,3072,4,2445344008
17237,183199330,44261,183243591,6,0,1,512,8,3879657992
17238,183210439,361756,183572195,7,0,0,13312,4,1643229358
17239,183213639,1104976,184318615,7,0,0,28160,4,4340118077
17240,183220840,243881,183464721,0,0,0,9216,11,8059363489
17241,183253641,43511,183297152,3,0,1,1536,0,2286480105
17242,183258630,73829,183332459,4,0,1,50176,5,8787558284
17243,183263110,1168634,184431744,9,0,0,7168,3,3699784991
17244,183271230,61244,183332474,1,0,1,1024,17,1976749756
17245,183277910,54579,183332489,1,0,1,1024,17,381341673
17246,183279570,774996,184054566,0,0,0,23552,11,4149759293
17247,183301020,719463,184020483,0,0,0,42496,11,2719321536
17248,183301280,127899,183429179,4,0,0,1536,5,483065496
17249,183302569,29935,183332504,2,0,1,5632,12,8605607002
17250,183334430,603509,183937939,0,0,0,51200,11,10203987367
17251,183341759,33808,183375567,2,0,1,1024,12,7752116070
17252,183352631,26580,183379211,3,0,1,4608,0,3647932922
17253,183361821,18056,183379877,3,0,1,1024,0,2670913727
17254,183367040,600765,183967805,4,0,0,49664,5,1263560003
17255,183367389,699687,184067076,7,0,0,31744,4,9688768067
17256,183392070,398959,183791029,0,0,0,105472,11,10279045963
17257,183395020,10390,183405410,1,0,1,2560,17,8828882434
17258,183451660,42166,183493826,4,0,1,68608,5,7222613924
17259,183463241,32531,183495772,3,0,1,3072,0,3917398583
17260,183466110,30648,183496758,7,0,1,1536,4,10430404311
17261,183466320,1284386,184750706,4,0,0,26624,5,861747184
17262,183469649,587740,184057389,7,0,0,9216,4,10701510354
17263,183474760,23944,183498704,4,0,1,3072,5,1271814350
17264,183476231,22819,183499050,3,0,1,512,0,2527054184
17265,183486820,61988,183548808,4,0,1,31232,5,3326371052
17266,183498369,50454,183548823,2,0,1,10752,12,9894317411
17267,183527550,339505,183867055,0,0,0,40960,11,3887850414
17268,183538679,13444,183552123,2,0,1,1024,12,6566070922
17269,183545781,19729,183565510,3,0,1,24064,0,6598669376
17270,183549401,22809,183572210,3,0,1,7680,0,6543509992
17271,183563120,648193,184211313,9,0,0,47616,3,2967737857
17272,183575549,12633,183588182,2,0,1,6656,12,2464419583
17273,183576861,11344,183588205,3,0,1,5632,0,5296060762
17274,183583700,869338,184453038,9,0,0,5120,3,9927224587
17275,183586160,1381095,184967255,0,0,0,244224,11,10611544128
17276,183589260,715441,184304701,0,0,0,71168,11,3030577581
17277,183597829,1518,183599347,2,0,1,1536,12,10051682644
17278,183600940,368908,183969848,4,0,0,6656,5,9533408982
17279,183624179,4850,183629029,2,0,1,5120,12,8500199205
17280,183628359,627117,184255476,7,0,0,81920,4,10294174736
17281,183633160,555191,184188351,0,0,0,40960,11,670882241
17282,183639460,336662,183976122,0,0,0,1536,11,3600750622
17283,183647650,812579,184460229,0,0,0,23552,11,9156241586
17284,183676199,56438,183732637,2,0,1,2560,12,10011392645
17285,183681849,50803,183732652,2,0,1,8704,12,2655469655
17286,183690150,413919,184104069,4,0,0,8192,5,2247162879
17287,183692391,40276,183732667,3,0,1,2560,0,10228046208
17288,183708820,790451,184499271,9,0,0,5632,3,7013951005
17289,183710521,22161,183732682,3,0,1,10240,0,1105156440
17290,183711150,30987,183742137,0,0,1,29184,11,7950262957
17291,183713520,737919,184451439,0,0,0,64512,11,1947405026
17292,183714829,153957,183868786,7,0,0,5632,4,4808823983
17293,183732471,10230,183742701,3,0,1,10752,0,4044069352
17294,183740961,10215,183751176,3,0,1,5632,0,2619638943
17295,183755440,35604,183791044,4,0,1,21504,5,881404149
17296,183770070,405186,184175256,4,0,0,11264,5,1190237821
17297,183795180,702360,184497540,9,0,0,87552,3,10585750197
17298,183836031,6754,183842785,3,0,1,7168,0,4033034589
17299,183838450,705962,184544412,4,0,0,77824,5,7239223336
17300,183852931,1518,183854449,3,0,1,1536,0,7852884314
17301,183896069,293701,184189770,7,0,0,4608,4,1843081804
17302,183904269,378733,184283002,7,0,0,15360,4,5338748311
17303,183905531,79567,183985098,3,0,1,12800,0,10672364639
17304,183907080,881381,184788461,9,0,0,21504,3,5496737530
17305,183912591,72530,183985121,3,0,1,9216,0,7504019656
17306,183947159,44003,183991162,2,0,1,19456,12,4369427362
17307,183962689,31699,183994388,2,0,1,5120,12,6287856114
17308,183973000,22694,183995694,6,0,1,2048,8,8485795582
17309,184021110,288910,184310020,9,0,0,17408,3,7914126627
17310,184035469,7230,184042699,2,0,1,7680,12,8662805244
17311,184075200,489145,184564345,4,0,0,34304,5,5482144352
17312,184088291,1994,184090285,3,0,1,2048,0,641262245
17313,184101990,409799,184511789,9,0,0,31744,3,6376306928
17314,184137700,1994,184139694,5,0,1,2048,10,5680122838
17315,184139190,4374,184143564,9,0,1,4608,3,756880172
17316,184160890,507756,184668646,4,0,0,20480,5,8132348413
17317,184163511,26274,184189785,3,0,1,5120,0,10004565987
17318,184167230,473796,184641026,4,0,0,34816,5,115508544
17319,184182830,319264,184502094,4,0,0,9216,5,7509370164
17320,184205701,9043,184214744,3,0,1,3584,0,9038177228
17321,184206589,535990,184742579,7,0,0,38400,4,4484742053
17322,184232320,161075,184393395,9,0,0,6656,3,9970977411
17323,184232490,471547,184704037,9,0,0,4096,3,8184704823
17324,184234189,29949,184264138,2,0,1,9216,12,638972372
17325,184241669,221881,184463550,7,0,0,10752,4,2211441223
17326,184262510,367861,184630371,0,0,0,23552,11,2201410746
17327,184273500,273891,184547391,9,0,0,9728,3,10167355462
17328,184274230,576919,184851149,0,0,0,91136,11,2840702724
17329,184275470,381957,184657427,4,0,0,26112,5,6949723831
17330,184345019,1042,184346061,2,0,1,1024,12,3907888005
17331,184354650,626280,184980930,4,0,0,44544,5,5679636169
17332,184359629,899209,185258838,7,0,0,75776,4,9731376542
17333,184366379,795060,185161439,7,0,0,16896,4,4986687435
17334,184376960,382809,184759769,0,0,0,29696,11,2289068922
17335,184410241,50003,184460244,3,0,1,3584,0,7014171895
17336,184420301,39958,184460259,3,0,1,3072,0,915975896
17337,184425739,37826,184463565,2,0,1,6656,12,9214299500
17338,184494259,19483,184513742,2,0,1,2048,12,2782474402
17339,184507961,6447,184514408,3,0,1,1024,0,574772021
17340,184516249,2870,184519119,2,0,1,8704,12,7367647901
17341,184516651,3341,184519992,3,0,1,1024,0,8674185427
17342,184563989,252701,184816690,7,0,0,10240,4,8318267052
17343,184576360,445384,185021744,3,0,0,27136,0,8508636130
17344,184584999,61788,184646787,2,0,1,6144,12,7769594536
17345,184610180,582658,185192838,9,0,0,20480,3,7707907073
17346,184621129,726059,185347188,7,0,0,41984,4,1525568996
17347,184635020,378380,185013400,3,0,0,92160,0,7278253623
17348,184639691,9453,184649144,3,0,1,15360,0,4077568785
17349,184641459,15999,184657458,2,0,1,5632,12,1331579451
17350,184650090,420516,185070606,4,0,0,75264,5,3107696136
17351,184651670,459853,185111523,0,0,0,53760,11,820287373
17352,184667221,3887,184671108,3,0,1,2560,0,8409167969
17353,184672490,444063,185116553,0,0,0,9728,11,6101250459
17354,184685470,428096,185113566,4,0,0,6656,5,3465391135
17355,184706290,460780,185167070,4,0,0,18432,5,7252793802
17356,184720860,566568,185287428,0,0,0,7168,11,9165624589
17357,184742651,17768,184760419,3,0,1,512,0,10522737514
17358,184743410,351703,185095113,9,0,0,80384,3,4190919242
17359,184751271,9814,184761085,3,0,1,1024,0,3388638480
17360,184757651,3780,184761431,3,0,1,512,0,1087748436
17361,184758401,33600,184792001,3,0,1,51200,0,5492986828
17362,184770971,22976,184793947,3,0,1,3072,0,5511422468
17363,184771801,22492,184794293,3,0,1,512,0,5554124539
17364,184789691,7188,184796879,3,0,1,4096,0,2041882423
17365,184792220,382829,185175049,0,0,0,26112,11,8881059195
17366,184815430,1049141,185864571,9,0,0,70144,3,49523144
17367,184819589,799072,185618661,7,0,0,69120,4,4555003864
17368,184826589,798991,185625580,7,0,0,22528,4,1666632224
17369,184840911,11297,184852208,3,0,1,1024,0,1811239957
17370,184855999,299507,185155506,7,0,0,512,4,7654327975
17371,184856500,124445,184980945,0,0,1,148480,11,558087415
17372,184860970,152445,185013415,0,0,1,7168,11,9417324503
17373,184861119,152311,185013430,2,0,1,6656,12,9556803005
17374,184866830,483337,185350167,0,0,0,9728,11,6313488928
17375,184877970,513876,185391846,0,0,0,14336,11,9624041357
17376,184878189,829947,185708136,7,0,0,512,4,334512116
17377,184887220,500213,185387433,3,0,0,33792,0,9441290008
17378,184893270,120183,185013453,0,0,1,24064,11,5855121638
17379,184924540,497660,185422200,9,0,0,12288,3,2725148348
17380,184932320,329683,185262003,9,0,0,10240,3,2716580205
17381,184932650,706896,185639546,9,0,0,6144,3,2289448159
17382,184936129,697578,185633707,7,0,0,26624,4,3371446956
17383,184954240,625034,185579274,3,0,0,271360,0,5136082332
17384,184972769,838633,185811402,7,0,0,131072,4,8918326196
17385,184982100,411477,185393577,9,0,0,5632,3,8281911683
17386,185001590,971493,185973083,4,0,0,27648,5,7690260722
17387,185024650,306585,185331235,9,0,0,32256,3,5772559547
17388,185032560,62568,185095128,0,0,1,44032,11,5100674469
17389,185074060,303062,185377122,9,0,0,36864,3,8088899202
17390,185085490,385046,185470536,3,0,0,43008,0,8155666003
17391,185089770,498426,185588196,9,0,0,29184,3,5712034992
17392,185112360,713915,185826275,4,0,0,30720,5,1270881673
17393,185120000,6278,185126278,8,0,1,6656,8,1291857825
17394,185122460,690369,185812829,9,0,0,4608,3,2089404747
17395,185142019,455567,185597586,7,0,0,28672,4,2787482068
17396,185159369,523522,185682891,7,0,0,13312,4,9917761089
17397,185169419,8492,185177911,2,0,1,8704,12,9259431525
17398,185179030,745443,185924473,0,0,0,36864,11,3685145771
17399,185211290,10499,185221789,0,0,1,16896,11,4344333939
17400,185217340,735557,185952897,4,0,0,49664,5,4164957734
17401,185228590,588310,185816900,9,0,0,13312,3,10063330688
17402,185233799,25054,185258853,2,0,1,3584,12,3075412171
17403,185234489,24379,185258868,2,0,1,11264,12,2974585299
17404,185266600,752961,186019561,9,0,0,24064,3,5933241818
17405,185311169,756312,186067481,7,0,0,104448,4,8264447462
17406,185314250,393707,185707957,9,0,0,72704,3,4851349673
17407,185326080,901635,186227715,4,0,0,1536,5,207406589
17408,185327890,59558,185387448,0,0,1,67072,11,881568164
17409,185330920,56543,185387463,1,0,1,2048,17,5868622301
17410,185365160,223675,185588835,3,0,0,2048,0,1454219377
17411,185384430,379291,185763721,4,0,0,512,5,2009709515
17412,185385410,457774,185843184,0,0,0,6656,11,6943508598
17413,185387500,991805,186379305,3,0,0,130048,0,6640831622
17414,185444860,396281,185841141,0,0,0,48640,11,1589139794
17415,185445270,421188,185866458,3,0,0,6144,0,103070870
17416,185447679,631095,186078774,7,0,0,18432,4,210621935
17417,185457870,447278,185905148,9,0,0,4096,3,8055527016
17418,185464679,655671,186120350,7,0,0,8192,4,3236493656
17419,185488680,815728,186304408,0,0,0,125952,11,2107413169
17420,185493690,85599,185579289,0,0,1,38400,11,3692482636
17421,185572530,882541,186455071,3,0,0,81408,0,6626654478
17422,185575500,897337,186472837,0,0,0,13312,11,10061086471
17423,185587660,52002,185639662,0,0,1,14848,11,7712929986
17424,185598400,474743,186073143,0,0,0,17920,11,9715639401
17425,185602260,39348,185641608,0,0,1,3072,11,6590024091
17426,185615870,611299,186227169,0,0,0,94208,11,1431294190
17427,185634500,10014,185644514,8,0,1,4608,8,8531269331
17428,185646440,436052,186082492,3,0,0,8704,0,6293603834
17429,185648950,480482,186129432,0,0,0,27136,11,1035914206
17430,185699760,639727,186339487,0,0,0,39424,11,8271189372
17431,185700760,497674,186198434,3,0,0,48128,0,1923515298
17432,185701780,564237,186266017,0,0,0,36352,11,1192600107
17433,185707430,360222,186067652,4,0,0,512,5,6169573172
17434,185769110,57180,185826290,0,0,1,41472,11,4692468659
17435,185782420,348497,186130917,4,0,0,1024,5,1658726078
17436,185798159,208082,186006241,7,0,0,512,4,5243706318
17437,185804220,598087,186402307,9,0,0,73728,3,9208341101
17438,185883489,519979,186403468,7,0,0,512,4,9233611238
17439,185885490,273845,186159335,4,0,0,1536,5,7221034641
17440,185898579,184084,186082663,7,0,0,512,4,2400052505
17441,185911330,13158,185924488,5,0,1,4096,10,7785157879
17442,185926940,502135,186429075,0,0,0,83968,11,7783161759
17443,185927900,576401,186504301,9,0,0,37888,3,1109984571
17444,185928020,540684,186468704,9,0,0,26624,3,5360449733
17445,185931000,373579,186304579,4,0,0,512,5,9496935443
17446,185961110,11988,185973098,5,0,1,4096,10,9737343000
17447,186030120,5196,186035316,5,0,1,13312,10,10724781984
17448,186040360,420209,186460569,0,0,0,17920,11,7197307402
17449,186050700,31978,186082678,6,0,1,10240,8,960341777
17450,186061970,21927,186083897,7,0,1,2048,4,5663336167
17451,186062170,317626,186379796,4,0,0,1536,5,6919421324
17452,186086729,252929,186339658,7,0,0,512,4,4166610907
17453,186102430,4374,186106804,7,0,1,4608,4,5890007682
17454,186129850,6754,186136604,7,0,1,7168,4,1493638687
17455,186132770,180616,186313386,9,0,0,28672,3,4158498428
17456,186154760,439609,186594369,4,0,0,512,5,7634459619
17457,186158860,375042,186533902,0,0,0,49664,11,4750861198
17458,186165480,5802,186171282,5,0,1,6144,10,7629580325
17459,186170730,334054,186504784,4,0,0,1536,5,4466019092
17460,186171370,231927,186403297,4,0,0,512,5,7036813962
17461,186183730,43478,186227208,7,0,1,4608,4,171192146
17462,186187510,40710,186228220,9,0,1,1024,3,4998966737
17463,186190120,43783,186233903,7,0,1,15360,4,4568146091
17464,186194240,42276,186236516,0,0,1,11264,11,5635023198
17465,186210370,30266,186240636,7,0,1,5120,4,7646688803
17466,186218580,184546,186403126,4,0,0,2560,5,1582747287
17467,186222390,25713,186248103,7,0,1,17408,4,5840250875
17468,186227950,250810,186478760,9,0,0,4096,3,1916584506
17469,186232570,15879,186248449,7,0,1,512,4,5834247937
17470,186241160,316730,186557890,3,0,0,22528,0,9128071877
17471,186251490,178255,186429745,4,0,0,2048,5,8395942987
17472,186253280,566,186253846,0,0,1,512,11,6240972661
17473,186253760,484301,186738061,0,0,0,72704,11,3234570260
17474,186267950,266762,186534712,4,0,0,1536,5,6996652240
17475,186268080,51568,186319648,7,0,1,6656,4,8599804261
17476,186272410,50144,186322554,9,0,1,4608,3,3409122504
17477,186281200,42020,186323220,7,0,1,1024,4,4877227933
17478,186281559,148669,186430228,7,0,0,1536,4,256679099
17479,186290930,188796,186479726,4,0,0,2048,5,3255919455
17480,186291550,33936,186325486,5,0,1,3584,10,3624318567
17481,186301720,203235,186504955,4,0,0,512,5,46797473
17482,186312489,222394,186534883,7,0,0,512,4,5581899994
17483,186316710,10082,186326792,7,0,1,2048,4,5052468775
17484,186333310,95780,186429090,8,0,1,4096,8,7480554698
17485,186345949,188280,186534229,7,0,0,1024,4,9714957986
17486,186349710,237284,186586994,9,0,0,3072,3,7016994924
17487,186353650,101436,186455086,5,0,1,16896,10,7931420003
17488,186353860,245429,186599289,4,0,0,1536,5,2604023543
17489,186362350,106385,186468735,7,0,1,1536,4,1228459570
17490,186366840,101910,186468750,0,0,1,30208,11,8029679162
17491,186370810,187266,186558076,4,0,0,512,5,5972404582
17492,186384740,322067,186706807,9,0,0,38912,3,514622706
17493,186389689,89398,186479087,7,0,0,1024,4,7994667919
17494,186412400,378074,186790474,0,0,0,68608,11,10106099312
17495,186415320,233707,186649027,4,0,0,512,5,2879599919
17496,186418980,181497,186600477,4,0,0,2560,5,3409143059
17497,186426650,239059,186665709,4,0,0,512,5,5440556004
17498,186429290,118801,186548091,0,0,1,126464,11,2249467360
17499,186456750,93287,186550037,5,0,1,3072,10,6074672468
17500,186460379,277869,186738248,7,0,0,512,4,698455663
17501,186481430,166779,186648209,4,0,0,512,5,4538118989
17502,186491540,162799,186654339,0,0,0,15872,11,7509004944
17503,186492080,265184,186757264,4,0,0,512,5,5211852906
17504,186518470,39435,186557905,7,0,1,3072,4,10436054070
17505,186541539,529308,187070847,7,0,0,1024,4,1949174337
17506,186555370,132185,186687555,4,0,0,512,5,8880435439
17507,186560170,2946,186563116,9,0,1,3072,3,7386988212
17508,186561270,310933,186872203,9,0,0,36352,3,10093112079
17509,186578880,307321,186886201,4,0,0,512,5,579595796
17510,186582599,168944,186751543,7,0,0,512,4,4115249380
17511,186594370,211259,186805629,9,0,0,49664,3,4811126075
17512,186597940,3904,186601844,5,0,1,10752,10,4154755095
17513,186604329,341322,186945651,7,0,0,512,4,3211580528
17514,186608001,3645,186611646,3,0,1,10240,0,9082362387
17515,186615770,22433,186638203,0,0,1,36864,11,4120079327
17516,186646650,11533,186658183,0,0,1,18944,11,1847102845
17517,186659649,159721,186819370,7,0,0,2560,4,2174217607
17518,186691310,15512,186706822,0,0,1,5120,11,4008125912
17519,186694810,249305,186944115,0,0,0,512,11,4579512441
17520,186697180,54038,186751218,0,0,1,76288,11,7673409808
17521,186708380,134531,186842911,4,0,0,512,5,9850232519
17522,186719490,323396,187042886,9,0,0,124416,3,3216590836
17523,186745491,9913,186755404,3,0,1,6656,0,9900884316
17524,186763560,152935,186916495,0,0,0,1024,11,1560859272
17525,186772270,270943,187043213,4,0,0,1024,5,478064500
17526,186789420,126748,186916168,9,0,0,19456,3,6598868915
17527,186793609,343321,187136930,7,0,0,1024,4,634154783
17528,186816450,2935,186819385,5,0,1,2560,10,4823537918
17529,186816460,3145,186819605,5,0,1,1024,10,3092365156
17530,186823601,230095,187053696,5,0,0,34304,10,10411501035
17531,186838999,1518,186840517,2,0,1,1536,12,5177112969
17532,186840260,161408,187001668,9,0,0,7680,3,5099510736
17533,186849751,286852,187136603,5,0,0,70144,10,977067866
17534,186858919,13299,186872218,2,0,1,4096,12,3055151165
17535,186859209,207047,187066256,7,0,0,512,4,10488235558
17536,186872310,313657,187185967,4,0,0,512,5,7778673018
17537,186873120,1042,186874162,5,0,1,1024,10,3660017475
17538,186873300,4555,186877855,6,0,1,4608,8,6001756928
17539,186888750,179724,187068474,0,0,0,512,11,3594492319
17540,186899660,5454,186905114,0,0,1,13824,11,6679269125
17541,186914339,3207,186917546,2,0,1,1024,12,8459890332
17542,186915181,4581,186919762,3,0,1,3072,0,7037402668
17543,186917730,4241,186921971,5,0,1,11264,10,5270852188
17544,186922401,4850,186927251,3,0,1,5120,0,3576707578
17545,186924639,4162,186928801,2,0,1,11264,12,9300596944
17546,186942171,168779,187110950,5,0,0,25088,10,4673741560
17547,186966990,281940,187248930,9,0,0,29184,3,2289729468
17548,186974250,166213,187140463,0,0,0,1024,11,2582270056
17549,186976940,275950,187252890,9,0,0,12800,3,2702298976
17550,186999090,3904,187002994,8,0,1,10752,8,9869309716
17551,187010630,345338,187355968,0,0,0,512,11,10390900449
17552,187016029,42125,187058154,2,0,1,4608,12,7517862455
17553,187021721,173750,187195471,5,0,0,11264,10,8928744510
17554,187026640,232731,187259371,4,0,0,512,5,1990561485
17555,187034271,224905,187259176,5,0,0,20480,10,6457353929
17556,187034470,129803,187164273,0,0,0,1024,11,10184868596
17557,187037581,313080,187350661,5,0,0,14336,10,9424824724
17558,187050520,10860,187061380,8,0,1,5120,8,7199474488
17559,187059320,7706,187067026,8,0,1,8192,8,1280627344
17560,187062739,214502,187277241,7,0,0,1536,4,1926412276
17561,187073200,334444,187407644,9,0,0,31744,3,9452636009
17562,187086881,179636,187266517,5,0,0,6656,10,7209075306
17563,187092130,212945,187305075,4,0,0,1024,5,5750802923
17564,187092280,3898,187096178,8,0,1,4096,8,1295835564
17565,187124790,14694,187139484,0,0,1,2560,11,8978172263
17566,187126520,294990,187421510,4,0,0,512,5,9330442080
17567,187128950,33256,187162206,0,0,1,44032,11,670744781
17568,187130700,235753,187366453,4,0,0,2048,5,10386429748
17569,187133590,100544,187234134,0,0,1,134656,11,3761564361
17570,187137460,232371,187369831,4,0,0,512,5,4683211661
17571,187143480,91960,187235440,8,0,1,2048,8,5811313651
17572,187145420,103525,187248945,0,0,1,7680,11,10081777709
17573,187156521,92439,187248960,3,0,1,1536,0,8857881634
17574,187156589,176504,187333093,7,0,0,2048,4,4095249799
17575,187182880,66095,187248975,0,0,1,3584,11,3145871022
17576,187193020,203580,187396600,9,0,0,17920,3,5194399975
17577,187215149,218825,187433974,7,0,0,2560,4,8519398095
17578,187216801,333147,187549948,5,0,0,122368,10,1117233571
17579,187235120,17793,187252913,8,0,1,3584,8,2091237255
17580,187236390,612651,187849041,9,0,0,29696,3,7948886970
17581,187244889,15789,187260678,2,0,1,1536,12,6072565512
17582,187246961,14703,187261664,3,0,1,1536,0,4283419615
17583,187250629,373793,187624422,7,0,0,512,4,9590898013
17584,187262639,3893,187266532,2,0,1,9216,12,10733814408
17585,187275449,389052,187664501,7,0,0,1024,4,3552478032
17586,187281521,466426,187747947,5,0,0,70656,10,5456451311
17587,187290720,350399,187641119,0,0,0,1024,11,5296307291
17588,187302781,504133,187806914,5,0,0,41984,10,2834237620
17589,187318580,321186,187639766,4,0,0,1536,5,8141791672
17590,187323490,4937,187328427,8,0,1,12800,8,2745752501
17591,187329871,1994,187331865,3,0,1,2048,0,5958766352
17592,187329960,3851,187333811,0,0,1,3072,11,6321811414
17593,187332569,474680,187807249,7,0,0,1024,4,1737755921
17594,187338780,454929,187793709,9,0,0,77824,3,3668343509
17595,187347349,202942,187550291,7,0,0,1024,4,3164094970
17596,187348040,6283,187354323,7,0,1,10240,4,9601117225
17597,187351560,811851,188163411,9,0,0,3072,3,1161786601
17598,187360351,627371,187987722,5,0,0,41984,10,2453548236
17599,187364830,5802,187370632,8,0,1,6144,8,10227373985
17600,187368420,4158,187372578,0,0,1,3072,11,1997353392
17601,187368510,333395,187701905,9,0,0,17920,3,8416843591
17602,187377851,666090,188043941,5,0,0,30208,10,2684678614
17603,187381730,388228,187769958,9,0,0,72192,3,3274467919
17604,187383059,3422,187386481,2,0,1,3584,12,7296137938
17605,187387331,228009,187615340,5,0,0,8192,10,8438644130
17606,187391351,417247,187808598,5,0,0,2048,10,9035182448
17607,187391770,15905,187407675,8,0,1,3584,8,1111685106
17608,187396729,796301,188193030,7,0,0,512,4,7237635581
17609,187398420,927963,188326383,9,0,0,21504,3,847664336
17610,187399250,41536,187440786,0,0,1,54272,11,429726236
17611,187402870,437055,187839925,3,0,0,56832,0,2600763382
17612,187405609,596087,188001696,7,0,0,1024,4,80650254
17613,187412980,519377,187932357,4,0,0,2048,5,6008258793
17614,187413449,29283,187442732,2,0,1,3072,12,9681725846
17615,187426540,16551,187443091,7,0,1,9728,4,9287969051
17616,187447050,5712,187452762,8,0,1,14336,8,5595599623
17617,187455920,176241,187632161,9,0,0,5632,3,570157453
17618,187467150,450297,187917447,9,0,0,39936,3,6740398758
17619,187468370,166476,187634846,4,0,0,512,5,2596404658
17620,187476340,650486,188126826,3,0,0,113152,0,7847892543
17621,187476551,2870,187479421,3,0,1,8704,0,2396753359
17622,187478160,315752,187793912,4,0,0,512,5,4250855757
17623,187479799,3898,187483697,2,0,1,4096,12,454195837
17624,187507790,372973,187880763,9,0,0,45568,3,624560610
17625,187518171,743318,188261489,5,0,0,60416,10,1814658916
17626,187522331,32944,187555275,3,0,1,5120,0,924559368
17627,187525171,33010,187558181,3,0,1,4608,0,1484412746
17628,187527030,657798,188184828,9,0,0,60416,3,7285850875
17629,187527101,1017738,188544839,5,0,0,16384,10,6898056015
17630,187540840,18327,187559167,7,0,1,1536,4,733484475
17631,187541680,20073,187561753,0,0,1,4096,11,4386430477
17632,187544441,135521,187679962,5,0,0,8192,10,5194020473
17633,187547651,780775,188328426,5,0,0,6656,10,2832480154
17634,187553280,8819,187562099,8,0,1,512,8,7636121885
17635,187562449,231634,187794083,7,0,0,512,4,4081660300
17636,187612500,2855,187615355,7,0,1,512,4,7707501172
17637,187619340,602373,188221713,9,0,0,47104,3,2840954256
17638,187625850,6342,187632192,6,0,1,6656,8,9049147919
17639,187628300,4596,187632896,6,0,1,11776,8,10292983616
17640,187628520,297382,187925902,9,0,0,27648,3,6104197495
17641,187629770,7734,187637504,6,0,1,5632,8,1779920872
17642,187638091,7230,187645321,3,0,1,7680,0,8908463646
17643,187649310,1994,187651304,7,0,1,2048,4,8086656092
17644,187651070,4162,187655232,7,0,1,11264,4,1163423818
17645,187653129,154814,187807943,7,0,0,2048,4,5982079089
17646,187654710,25267,187679977,4,0,1,41984,5,2945988205
17647,187656551,23441,187679992,3,0,1,15872,0,8967786715
17648,187664041,370681,188034722,5,0,0,10752,10,7202974737
17649,187675930,6972,187682902,7,0,1,5120,4,2709540795
17650,187680991,3537,187684528,3,0,1,2560,0,2361588633
17651,187681850,5264,187687114,7,0,1,4096,4,9620691427
17652,187686720,202685,187889405,3,0,0,17408,0,5690464617
17653,187686920,5196,187692116,6,0,1,13312,8,8099138650
17654,187714880,316551,188031431,3,0,0,64000,0,3285563170
17655,187729680,587351,188317031,4,0,0,1024,5,140686336
17656,187732101,75195,187807296,3,0,1,1024,0,3095952550
17657,187732780,757061,188489841,9,0,0,249344,3,4884034093
17658,187741050,70532,187811582,6,0,1,4608,8,2750819797
17659,187741400,77969,187819369,0,0,1,17408,11,1995088557
17660,187743609,796147,188539756,7,0,0,68608,4,7810837061
17661,187747060,73180,187820240,8,0,1,12288,8,3064101994
17662,187753920,143978,187897898,0,0,0,512,11,10689617877
17663,187762140,77800,187839940,0,0,1,14848,11,6471508036
17664,187785910,443453,188229363,4,0,0,512,5,2752975609
17665,187799150,40813,187839963,8,0,1,4096,8,6348918420
17666,187800280,39698,187839978,4,0,1,5120,5,3238725255
17667,187805610,52799,187858409,4,0,1,57856,5,8490014848
17668,187807800,52094,187859894,6,0,1,15360,8,3210281724
17669,187809960,70818,187880778,4,0,1,46592,5,8339132230
17670,187821520,738076,188559596,3,0,0,14336,0,5859779982
17671,187822760,58033,187880793,8,0,1,512,8,758955302
17672,187833530,483166,188316696,3,0,0,62464,0,1329970871
17673,187845510,43910,187889420,4,0,1,45056,5,2835603110
17674,187848090,337073,188185163,4,0,0,1024,5,10489387909
17675,187870530,647020,188517550,3,0,0,40960,0,3781346690
17676,187897089,740872,188637961,7,0,0,55808,4,7051107148
17677,187908870,22317,187931187,0,0,1,5632,11,9254325031
17678,187909269,594765,188504034,7,0,0,33792,4,2095552710
17679,187919360,13012,187932372,0,0,1,1536,11,9437396940
17680,187924690,30143,187954833,4,0,1,48640,5,7066016419
17681,187934070,559645,188493715,0,0,0,1536,11,9491581157
17682,187934700,21119,187955819,0,0,1,1536,11,3594945972
17683,187942800,427696,188370496,3,0,0,7168,0,2397530554
17684,187952560,3904,187956464,8,0,1,10752,8,4664505631
17685,187965360,2946,187968306,8,0,1,3072,8,10613145100
17686,187965429,3863,187969292,2,0,1,1536,12,7001838060
17687,187966210,5668,187971878,4,0,1,4096,5,7785632166
17688,187971670,314637,188286307,9,0,0,15872,3,4027215672
17689,187971890,1042,187972932,8,0,1,1024,8,8801133011
17690,187975220,16723,187991943,8,0,1,11264,8,7523215381
17691,187975969,389552,188365521,7,0,0,7680,4,2089271022
17692,187981369,14222,187995591,2,0,1,4608,12,3611713114
17693,187982640,577508,188560148,0,0,0,1024,11,1284814976
17694,187995560,3898,187999458,0,0,1,4096,11,4891819440
17695,188000950,3387,188004337,8,0,1,9728,8,3862055056
17696,188003900,122989,188126889,4,0,1,175616,5,5982360286
17697,188011170,115734,188126904,8,0,1,2048,8,4145190249
17698,188012100,353592,188365692,0,0,0,512,11,9065987738
17699,188017590,109329,188126919,8,0,1,2560,8,3922248881
17700,188017650,109292,188126942,0,0,1,6144,11,547495926
17701,188020410,727015,188747425,9,0,0,29696,3,9452714033
17702,188032530,460686,188493216,3,0,0,9216,0,5461234796
17703,188043620,83337,188126957,6,0,1,1536,8,7630150101
17704,188044300,89497,188133797,4,0,1,53760,5,6651504269
17705,188057300,447755,188505055,4,0,0,1536,5,6164498422
17706,188057740,432311,188490051,0,0,0,512,11,3280113178
17707,188058500,75963,188134463,6,0,1,1024,8,8794492838
17708,188064470,90679,188155149,4,0,1,74240,5,3264388837
17709,188069740,87675,188157415,6,0,1,3584,8,7237773244
17710,188075090,541451,188616541,4,0,0,1536,5,10477700490
17711,188076110,81664,188157774,6,0,1,9728,8,9431141766
17712,188082860,299544,188382404,4,0,0,512,5,3382001258
17713,188088250,71790,188160040,0,0,1,3584,11,5925812795
17714,188089230,74196,188163426,0,0,1,5120,11,9830625703
17715,188097470,68062,188165532,8,0,1,3584,8,8274984449
17716,188104130,539975,188644105,0,0,0,1024,11,8169903252
17717,188109090,76088,188185178,6,0,1,5632,8,9657148050
17718,188113670,245580,188359250,4,0,0,1024,5,7169930042
17719,188136040,507738,188643778,4,0,0,512,5,7241452160
17720,188147040,531124,188678164,0,0,0,512,11,10589492344
17721,188158320,26873,188185193,6,0,1,512,8,5997134661
17722,188160980,24236,188185216,0,0,1,25600,11,9774678386
17723,188168240,418699,188586939,4,0,0,512,5,3028567520
17724,188169790,18548,188188338,6,0,1,9216,8,4399406258
17725,188175300,595987,188771287,4,0,0,1024,5,1600814146
17726,188195110,1518,188196628,6,0,1,1536,8,6446347623
17727,188203700,566,188204266,6,0,1,512,8,135492810
17728,188210650,14225,188224875,0,0,1,9216,11,1929561673
17729,188217680,286525,188504205,4,0,0,512,5,3537128913
17730,188220540,9341,188229881,6,0,1,5632,8,491670754
17731,188231989,411618,188643607,7,0,0,17920,4,60291310
17732,188243531,586208,188829739,5,0,0,4096,10,3841264979
17733,188256819,262018,188518837,7,0,0,4096,4,9215063498
17734,188261540,228682,188490222,0,0,0,512,11,8904809776
17735,188268390,4374,188272764,8,0,1,4608,8,3013752028
17736,188276670,9652,188286322,0,0,1,14336,11,3082061027
17737,188280390,5955,188286345,8,0,1,2048,8,8292921279
17738,188282820,221728,188504548,0,0,0,1024,11,6075021023
17739,188285790,1599,188287389,0,0,1,1024,11,1749203034
17740,188298610,460709,188759319,9,0,0,36864,3,5233192229
17741,188333640,156753,188490393,4,0,0,512,5,5427075002
17742,188338500,566,188339066,8,0,1,512,8,5334677391
17743,188347330,3645,188350975,8,0,1,10240,8,1461023649
17744,188391180,254851,188646031,4,0,0,512,5,10130672453
17745,188403580,1042,188404622,0,0,1,1024,11,2896933323
17746,188410700,79164,188489864,0,0,1,16384,11,9838283733
17747,188411470,279395,188690865,4,0,0,1024,5,3804581901
17748,188425630,284743,188710373,4,0,0,512,5,936436025
17749,188434131,427615,188861746,5,0,0,40960,10,7496286322
17750,188461331,78448,188539779,3,0,1,19456,0,2641808886
17751,188461379,228782,188690161,7,0,0,3072,4,6006554942
17752,188468500,71294,188539794,8,0,1,8704,8,984419726
17753,188475480,64329,188539809,8,0,1,1024,8,9571668801
17754,188488710,149422,188638132,0,0,0,512,11,1274272073
17755,188492480,47352,188539832,8,0,1,10240,8,5592362189
17756,188502770,340026,188842796,3,0,0,29696,0,1307426782
17757,188512880,247242,188760122,4,0,0,2560,5,4125828948
17758,188519630,173269,188692899,4,0,0,512,5,8812562558
17759,188534930,565072,189100002,9,0,0,27648,3,7426469620
17760,188550281,9330,188559611,3,0,1,8192,0,8051227826
17761,188551940,253117,188805057,0,0,0,512,11,3583364885
17762,188552460,238107,188790567,9,0,0,29696,3,9883590922
17763,188573900,112388,188686288,0,0,0,512,11,2940977653
17764,188579320,2946,188582266,8,0,1,3072,8,4832438349
17765,188610110,3645,188613755,8,0,1,10240,8,10068396691
17766,188610471,279114,188889585,5,0,0,10752,10,5024867586
17767,188610810,137262,188748072,4,0,0,2048,5,5110187241
17768,188613760,259200,188872960,4,0,0,1024,5,8206409878
17769,188648240,7230,188655470,0,0,1,7680,11,3291733320
17770,188671650,5326,188676976,8,0,1,5632,8,6377694842
17771,188673060,4262,188677322,0,0,1,512,11,745868508
17772,188676260,127729,188803989,9,0,0,2048,3,4130312965
17773,188681329,363731,189045060,7,0,0,106496,4,8339212471
17774,188708011,2870,188710881,3,0,1,8704,0,3103809974
17775,188713179,351753,189064932,7,0,0,24576,4,7368634325
17776,188722140,332568,189054708,0,0,0,2048,11,304288325
17777,188728580,4850,188733430,8,0,1,5120,8,2167716261
17778,188740489,22434,188762923,2,0,1,10240,12,9825322168
17779,188754850,125612,188880462,0,0,0,1024,11,4868963267
17780,188761400,287731,189049131,9,0,0,13312,3,7034446141
17781,188763100,13083,188776183,0,0,1,22016,11,2524736473
17782,188786960,181151,188968111,3,0,0,8704,0,4162968704
17783,188803109,6278,188809387,2,0,1,6656,12,753439651
17784,188812770,7230,188820000,0,0,1,7680,11,1607025636
17785,188822099,1042,188823141,2,0,1,1024,12,3698499915
17786,188831720,171098,189002818,0,0,0,512,11,2596364346
17787,188840559,6649,188847208,2,0,1,11776,12,6179118671
17788,188860090,428889,189288979,3,0,0,44544,0,4133824198
17789,188865381,217981,189083362,5,0,0,29696,10,5624547930
17790,188890910,11533,188902443,8,0,1,18944,8,8185069943
17791,188891620,11489,188903109,0,0,1,1024,11,10734797614
17792,188899921,477817,189377738,5,0,0,86528,10,6610129872
17793,188900420,10499,188910919,0,0,1,16896,11,8613557491
17794,188902449,9136,188911585,2,0,1,1024,12,7879392297
17795,188920609,2470,188923079,2,0,1,2560,12,1662895470
17796,188926481,302270,189228751,5,0,0,8192,10,7937261278
17797,188948619,380786,189329405,7,0,0,51712,4,1833275194
17798,188953959,566,188954525,2,0,1,512,12,9011703951
17799,188955849,4374,188960223,2,0,1,4608,12,1239745082
17800,188959330,212748,189172078,0,0,0,1024,11,3791566471
17801,188960501,149293,189109794,5,0,0,19456,10,9372069365
17802,188962111,6023,188968134,3,0,1,14848,0,8027501920
17803,188962839,511773,189474612,7,0,0,16384,4,8588719307
17804,188973231,2470,188975701,3,0,1,2560,0,884199196
17805,188996519,298075,189294594,7,0,0,3584,4,5161151924
17806,189010130,459459,189469589,9,0,0,55296,3,1694280996
17807,189021699,29460,189051159,2,0,1,2048,12,9661688826
17808,189027180,281027,189308207,9,0,0,15872,3,423212148
17809,189044180,176027,189220207,3,0,0,17920,0,307538624
17810,189051630,566,189052196,8,0,1,512,8,3113349952
17811,189055040,9915,189064955,8,0,1,3584,8,8803693328
17812,189056181,158551,189214732,5,0,0,24064,10,8527684624
17813,189058399,24978,189083377,2,0,1,21504,12,4661010645
17814,189061039,325294,189386333,7,0,0,28160,4,10176620541
17815,189072320,448014,189520334,4,0,0,1536,5,8639269681
17816,189078030,308506,189386536,4,0,0,512,5,2505623215
17817,189085040,613605,189698645,9,0,0,71680,3,3897885591
17818,189087350,242390,189329740,0,0,0,1024,11,10094007453
17819,189096560,243894,189340454,0,0,0,512,11,7239184407
17820,189120830,511315,189632145,9,0,0,4096,3,6875267134
17821,189152191,412723,189564914,5,0,0,34304,10,479019007
17822,189177071,275647,189452718,5,0,0,89600,10,7535832854
17823,189183230,215397,189398627,0,0,0,512,11,1902395490
17824,189183381,296894,189480275,5,0,0,18432,10,4937338511
17825,189219490,328941,189548431,0,0,0,2048,11,2569657744
17826,189225510,401582,189627092,4,0,0,35328,5,2211804240
17827,189232369,248249,189480618,7,0,0,1024,4,553714338
17828,189246309,273526,189519835,7,0,0,55296,4,10079854316
17829,189249950,148233,189398183,9,0,0,4096,3,9401653877
17830,189259110,154239,189413349,0,0,0,512,11,6809945603
17831,189267361,348952,189616313,5,0,0,40960,10,9745992152
17832,189267789,4937,189272726,2,0,1,12800,12,9336877133
17833,189272890,330920,189603810,4,0,0,51200,5,3206621293
17834,189302490,223327,189525817,4,0,0,17920,5,7907590055
17835,189315490,312561,189628051,3,0,0,3072,0,9494792281
17836,189337469,3000,189340469,2,0,1,8704,12,5990366637
17837,189344840,580899,189925739,3,0,0,32256,0,4310854384
17838,189347130,437882,189785012,4,0,0,42496,5,1171720978
17839,189371670,259204,189630874,9,0,0,9216,3,6489279961
17840,189372850,20875,189393725,5,0,1,7680,10,7883339780
17841,189375450,301340,189676790,3,0,0,31232,0,5126536239
17842,189381719,13604,189395323,2,0,1,15872,12,2077582551
17843,189403151,237319,189640470,5,0,0,2560,10,8593322083
17844,189433890,559916,189993806,4,0,0,55296,5,6075057345
17845,189438421,555712,189994133,5,0,0,1024,10,7533001476
17846,189442250,311920,189754170,4,0,0,33280,5,4948859544
17847,189454260,370769,189825029,9,0,0,50688,3,1243175862
17848,189454800,581458,190036258,9,0,0,126464,3,5940137211
17849,189464280,17497,189481777,0,0,1,1536,11,9163426911
17850,189467290,231534,189698824,0,0,0,512,11,7132251182
17851,189473330,392565,189865895,4,0,0,12288,5,2486413020
17852,189494350,595347,190089697,9,0,0,52736,3,3723408043
17853,189500869,1994,189502863,2,0,1,2048,12,6101622039
17854,189503970,334038,189838008,9,0,0,42496,3,2853561662
17855,189505140,140853,189645993,4,0,0,5632,5,7567783687
17856,189511739,686050,190197789,7,0,0,3072,4,3143294440
17857,189528399,5802,189534201,2,0,1,6144,12,5772503
17858,189534710,367781,189902491,3,0,0,66560,0,5035042879
17859,189552980,11965,189564945,9,0,1,7168,3,4115084630
17860,189558670,10159,189568829,0,0,1,4096,11,2439112469
17861,189558970,487090,190046060,4,0,0,16896,5,947031814
17862,189570670,4850,189575520,0,0,1,5120,11,10604332363
17863,189573710,466852,190040562,3,0,0,13824,0,8657346505
17864,189584990,536232,190121222,4,0,0,57856,5,2987481878
17865,189601379,472220,190073599,7,0,0,69632,4,3733378347
17866,189605790,344042,189949832,0,0,0,1024,11,6912561643
17867,189613330,21269,189634599,0,0,1,2560,11,9561971231
17868,189627190,551247,190178437,3,0,0,53248,0,4693122085
17869,189644321,613553,190257874,5,0,0,1536,10,10096957200
17870,189646800,2470,189649270,0,0,1,2560,11,9503603471
17871,189646860,580239,190227099,9,0,0,8704,3,9061710597
17872,189656410,732273,190388683,3,0,0,125440,0,10331673373
17873,189659261,243916,189903177,5,0,0,2048,10,5120569974
17874,189661809,4374,189666183,2,0,1,4608,12,6805503227
17875,189684800,18145,189702945,8,0,1,11264,8,1898069082
17876,189738740,15445,189754185,6,0,1,6656,8,5694734569
17877,189742269,448108,190190377,7,0,0,11776,4,3248532536
17878,189751990,347146,190099136,4,0,0,30720,5,9586880192
17879,189759330,5712,189765042,4,0,1,14336,5,4216178146
17880,189762760,7758,189770518,0,0,1,7168,11,1500736356
17881,189763730,7454,189771184,0,0,1,11264,11,10331293541
17882,189778620,10758,189789378,5,0,1,4608,10,8518881789
17883,189785310,394264,190179574,0,0,0,3584,11,3342238669
17884,189788310,1414,189789724,9,0,1,512,3,10400684624
17885,189801330,6754,189808084,4,0,1,7168,5,4743689186
17886,189809020,313027,190122047,0,0,0,2560,11,4142492953
17887,189816160,534264,190350424,9,0,0,40448,3,4875596921
17888,189818710,504102,190322812,3,0,0,113664,0,8428851253
17889,189824000,685305,190509305,0,0,0,1024,11,5232036998
17890,189825650,76880,189902530,4,0,1,97280,5,5962620197
17891,189826940,78451,189905391,4,0,1,33280,5,6264431119
17892,189829650,606458,190436108,4,0,0,35328,5,872195656
17893,189834501,206396,190040897,5,0,0,1024,10,7972538298
17894,189836669,501360,190338029,7,0,0,49152,4,3190628015
17895,189870419,35638,189906057,2,0,1,1024,12,8529622097
17896,189873110,317438,190190548,9,0,0,512,3,10268022010
17897,189874730,448292,190323022,9,0,0,512,3,2701300141
17898,189884330,72906,189957236,4,0,1,88576,5,6316784296
17899,189887561,390260,190277821,5,0,0,512,10,10367275640
17900,189893010,70332,189963342,4,0,1,29184,5,9258827140
17901,189900180,370147,190270327,0,0,0,512,11,10577700790
17902,189902989,537859,190440848,7,0,0,15360,4,7402960147
17903,189909970,55318,189965288,0,0,1,3072,11,7609989345
17904,189923780,469906,190393686,3,0,0,6656,0,6637189558
17905,189937390,28462,189965852,0,0,1,10752,11,312688696
17906,189941449,24864,189966313,2,0,1,10240,12,5799037237
17907,189960160,219756,190179916,0,0,0,1024,11,9156470028
17908,189972910,63371,190036281,4,0,1,59392,5,1957447660
17909,189977490,58830,190036320,1,0,1,2560,17,8890977630
17910,189979580,56755,190036335,1,0,1,3072,17,6677187920
17911,189982240,407893,190390133,9,0,0,4608,3,1213924909
17912,190003100,47881,190050981,4,0,1,12800,5,392280941
17913,190007240,671699,190678939,4,0,0,30720,5,8353276351
17914,190007540,66074,190073614,0,0,1,4608,11,1628742686
17915,190008140,550147,190558287,0,0,0,512,11,2445361932
17916,190023900,75307,190099207,4,0,1,81408,5,7421225212
17917,190033970,475008,190508978,4,0,0,41472,5,8683726176
17918,190040229,62638,190102867,2,0,1,7168,12,6475840913
17919,190043229,78008,190121237,2,0,1,5120,12,1112972393
17920,190043960,77292,190121252,1,0,1,4096,17,5199435467
17921,190048939,726123,190775062,7,0,0,156160,4,9126372726
17922,190059340,119112,190178452,4,0,1,111616,5,916009521
17923,190060371,329963,190390334,5,0,0,512,10,140441681
17924,190060890,515825,190576715,4,0,0,22016,5,2646554449
17925,190069630,354289,190423919,4,0,0,30208,5,6236073659
17926,190070590,107877,190178467,4,0,1,13824,5,3549354050
17927,190084529,95060,190179589,2,0,1,3072,12,3930716651
17928,190088350,91581,190179931,4,0,1,23552,5,3082845940
17929,190089341,391038,190480379,5,0,0,1536,10,10089459633
17930,190092770,298865,190391635,0,0,0,2560,11,4335457059
17931,190097410,82536,190179946,0,0,1,13824,11,7208483279
17932,190108750,282067,190390817,9,0,0,1536,3,6983589959
17933,190114399,65562,190179961,2,0,1,2560,12,6587773860
17934,190114910,65074,190179984,0,0,1,12288,11,1452590375
17935,190116320,412519,190528839,3,0,0,60416,0,7103552024
17936,190120320,432237,190552557,0,0,0,1024,11,3122346049
17937,190124240,66323,190190563,4,0,1,37888,5,6723785918
17938,190127790,666092,190793882,0,0,0,512,11,6433883346
17939,190135620,64573,190200193,4,0,1,32768,5,9204466295
17940,190178270,615417,190793687,4,0,0,33280,5,1860904600
17941,190190100,11066,190201166,4,0,1,12800,5,6669462415
17942,190190200,15792,190205992,1,0,1,7680,17,3639272611
17943,190214370,390083,190604453,0,0,0,1024,11,1489344123
17944,190217000,566516,190783516,3,0,0,18432,0,10073699151
17945,190250730,3645,190254375,4,0,1,10240,5,4886456623
17946,190251361,428069,190679430,5,0,0,1536,10,4509853544
17947,190255550,4374,190259924,0,0,1,4608,11,582161758
17948,190263640,566,190264206,0,0,1,512,11,33130013
17949,190273190,396366,190669556,3,0,0,24576,0,9919416864
17950,190287170,35673,190322843,0,0,1,3584,11,3786678456
17951,190287620,101094,190388714,4,0,1,26624,5,8280104333
17952,190288479,438972,190727451,7,0,0,79872,4,499202097
17953,190291140,152925,190444065,3,0,0,2048,0,5767393812
17954,190292430,577915,190870345,4,0,0,36352,5,9473058390
17955,190293880,96268,190390148,0,0,1,1024,11,4318070430
17956,190315830,74333,190390163,1,0,1,3072,17,2950820158
17957,190318220,72612,190390832,1,0,1,26624,17,6585256142
17958,190322980,339073,190662053,3,0,0,36864,0,1283364798
17959,190324320,99630,190423950,4,0,1,56320,5,6368958253
17960,190327150,96815,190423965,1,0,1,1536,17,1801983411
17961,190334300,277700,190612000,0,0,0,512,11,5302144436
17962,190372520,456317,190828837,3,0,0,61440,0,5724606238
17963,190385241,227636,190612877,5,0,0,512,10,9226692632
17964,190404069,32054,190436123,2,0,1,4608,12,6215295019
17965,190416130,20008,190436138,0,0,1,2048,11,10414707045
17966,190420679,15474,190436153,2,0,1,1536,12,6489425584
17967,190433029,13154,190446183,2,0,1,5632,12,2579382076
17968,190433849,469243,190903092,7,0,0,8704,4,7586161756
17969,190442841,351391,190794232,5,0,0,512,10,8194490359
17970,190448320,5454,190453774,4,0,1,13824,5,9925142196
17971,190466610,327443,190794053,0,0,0,512,11,5346688069
17972,190481890,7706,190489596,1,0,1,8192,17,8489285915
17973,190487909,289976,190777885,7,0,0,9216,4,6360318481
17974,190491900,339179,190831079,3,0,0,1024,0,4266829995
17975,190503399,25455,190528854,2,0,1,3584,12,1362090487
17976,190525479,426442,190951921,7,0,0,24576,4,2588457604
17977,190533470,308804,190842274,9,0,0,1024,3,7619537404
17978,190546860,1518,190548378,0,0,1,1536,11,4330553733
17979,190566770,9960,190576730,0,0,1,4096,11,4839737929
17980,190584190,256146,190840336,9,0,0,1024,3,4868814532
17981,190584600,10241,190594841,4,0,1,16384,5,3782740200
17982,190592171,424040,191016211,5,0,0,1024,10,4299803812
17983,190592670,378924,190971594,9,0,0,512,3,6135581817
17984,190598081,272435,190870516,5,0,0,512,10,3229624774
17985,190599570,475770,191075340,0,0,0,512,11,879128496
17986,190612550,363652,190976202,0,0,0,512,11,10452057208
17987,190631481,197683,190829164,5,0,0,1024,10,5247240910
17988,190639080,432696,191071776,9,0,0,512,3,7156486757
17989,190640500,566,190641066,1,0,1,512,17,9832080680
17990,190641449,1042,190642491,2,0,1,1024,12,6156675888
17991,190647000,378583,191025583,9,0,0,3072,3,1247440510
17992,190657720,212967,190870687,9,0,0,512,3,1965224714
17993,190665250,27764,190693014,4,0,1,23040,5,10264392139
17994,190678259,15741,190694000,2,0,1,1536,12,7798837527
17995,190683880,10991,190694871,4,0,1,12288,5,999392932
17996,190690260,419089,191109349,3,0,0,39936,0,3479302707
17997,190706840,402680,191109520,0,0,0,512,11,10131995805
17998,190709690,306023,191015713,4,0,0,67584,5,3786666296
17999,190724160,485608,191209768,4,0,0,49664,5,6248592986
18000,190725670,576556,191302226,9,0,0,512,3,6957541419
18001,190734010,571374,191305384,3,0,0,9216,0,4903184739
18002,190736390,93913,190830303,4,0,1,63488,5,2834584761
18003,190741990,425847,191167837,3,0,0,65536,0,6026047856
18004,190764489,537534,191302023,7,0,0,88576,4,6066787207
18005,190788580,57276,190845856,4,0,1,49664,5,5820675161
18006,190800940,51329,190852269,4,0,1,22528,5,2613057709
18007,190813509,369475,191182984,7,0,0,49664,4,6909006591
18008,190815489,459531,191275020,7,0,0,36352,4,279957397
18009,190824930,190954,191015884,0,0,0,512,11,7765989890
18010,190827870,366735,191194605,4,0,0,35840,5,6323044373
18011,190843480,266211,191109691,9,0,0,512,3,7742436927
18012,190858260,325402,191183662,0,0,0,1536,11,2129102792
18013,190878721,355502,191234223,5,0,0,1536,10,2582652038
18014,190881149,332706,191213855,7,0,0,13312,4,5394463030
18015,190904730,32299,190937029,4,0,1,52736,5,1079470669
18016,190917969,21006,190938975,2,0,1,3072,12,5198280976
18017,190924410,212520,191136930,9,0,0,1536,3,4104182260
18018,190943190,239981,191183171,0,0,0,512,11,9153969624
18019,190948201,174215,191122416,5,0,0,1536,10,9184606642
18020,190957060,182321,191139381,9,0,0,512,3,3825713141
18021,190966380,15062,190981442,4,0,1,29184,5,9535227368
18022,190976130,591217,191567347,4,0,0,26112,5,6463341242
18023,190991140,1003669,191994809,4,0,0,28672,5,2144526409
18024,190991690,120876,191112566,0,0,0,512,11,6856517868
18025,190993360,467649,191461009,3,0,0,56320,0,3538856015
18026,191016519,6229,191022748,2,0,1,15360,12,9887738781
18027,191036430,6278,191042708,4,0,1,6656,5,1140434930
18028,191048111,166881,191214992,5,0,0,1024,10,9565164661
18029,191048250,267133,191315383,9,0,0,2560,3,7768622114
18030,191070821,143829,191214650,5,0,0,2560,10,2676938540
18031,191078751,231862,191310613,5,0,0,1024,10,7468927427
18032,191085550,285450,191371000,4,0,0,8192,5,3213372255
18033,191088550,373574,191462124,4,0,0,3584,5,3235710022
18034,191090080,24242,191114322,4,0,1,40448,5,9970819609
18035,191090380,141942,191232322,9,0,0,512,3,6070928646
18036,191101770,266719,191368489,3,0,0,19456,0,8521686314
18037,191122820,251635,191374455,4,0,0,11264,5,5985948150
18038,191133610,6278,191139888,4,0,1,6656,5,9729547593
18039,191151141,180709,191331850,5,0,0,2048,10,7621964165
18040,191155249,381105,191536354,7,0,0,4096,4,7268579912
18041,191161240,141313,191302553,0,0,0,1024,11,3129014191
18042,191176271,149779,191326050,5,0,0,512,10,9152445156
18043,191178980,35685,191214665,5,0,1,2048,10,1521406877
18044,191179680,255941,191435621,3,0,0,6656,0,5000795358
18045,191197039,507612,191704651,7,0,0,40960,4,5207976963
18046,191229690,679663,191909353,9,0,0,1024,3,6311963264
18047,191236741,629300,191866041,5,0,0,512,10,5779296288
18048,191238370,6278,191244648,5,0,1,6656,10,2696689411
18049,191268310,1094256,192362566,3,0,0,251392,0,2645968050
18050,191271451,554278,191825729,5,0,0,1536,10,1789770581
18051,191277710,447754,191725464,0,0,0,1024,11,10138944962
18052,191284369,379467,191663836,7,0,0,28160,4,721276222
18053,191289500,27892,191317392,4,0,1,19968,5,1685531308
18054,191307600,11418,191319018,5,0,1,2560,10,10670147854
18055,191310570,15740,191326310,4,0,1,27136,5,2109834118
18056,191316829,1083207,192400036,7,0,0,27648,4,1753589608
18057,191331190,944120,192275310,3,0,0,146432,0,5122455674
18058,191332410,321581,191653991,9,0,0,55296,3,6694617017
18059,191342740,523098,191865838,9,0,0,101376,3,5008831256
18060,191355280,608792,191964072,0,0,0,512,11,8139678683
18061,191358930,846839,192205769,9,0,0,32256,3,5046122179
18062,191366289,270824,191637113,7,0,0,50688,4,2270751400
18063,191377210,1193775,192570985,9,0,0,70656,3,6481946164
18064,191379870,1994,191381864,9,0,1,2048,3,8567521319
18065,191385070,2470,191387540,6,0,1,2560,8,1305621668
18066,191395210,368109,191763319,4,0,0,72192,5,6878748416
18067,191397529,554407,191951936,7,0,0,15872,4,1225857477
18068,191397700,1518,191399218,5,0,1,1536,10,7639744288
18069,191401870,4374,191406244,5,0,1,4608,10,8584905678
18070,191404911,699621,192104532,5,0,0,512,10,7176478401
18071,191405900,2470,191408370,5,0,1,2560,10,1621494108
18072,191416170,2946,191419116,5,0,1,3072,10,5075823361
18073,191442010,478093,191920103,4,0,0,7680,5,7729693771
18074,191449600,17358,191466958,4,0,1,5120,5,3391226467
18075,191458680,15229,191473909,5,0,1,16384,10,5108821495
18076,191474490,6488,191480978,4,0,1,15872,5,6623772617
18077,191479690,612713,192092403,4,0,0,83456,5,9328358064
18078,191481670,1182962,192664632,9,0,0,30720,3,1772604263
18079,191496410,235821,191732231,4,0,0,18944,5,1757692368
18080,191496990,377284,191874274,9,0,0,23552,3,1776679014
18081,191506010,391190,191897200,9,0,0,1536,3,8554659251
18082,191511611,491491,192003102,5,0,0,512,10,7522148418
18083,191512490,482490,191994980,0,0,0,512,11,9331713142
18084,191513230,621785,192135015,4,0,0,59904,5,9169173936
18085,191523679,965368,192489047,7,0,0,48128,4,5151584936
18086,191531160,913398,192444558,3,0,0,22528,0,2020123853
18087,191532090,86454,191618544,4,0,1,144896,5,6739136419
18088,191539410,97718,191637128,0,0,1,7168,11,10160321488
18089,191584320,1070929,192655249,4,0,0,42496,5,524440337
18090,191591570,294245,191885815,0,0,0,512,11,4338486154
18091,191600589,791008,192391597,7,0,0,95232,4,2475103795
18092,191609030,885844,192494874,3,0,0,18944,0,3921386718
18093,191614880,48971,191663851,4,0,1,75264,5,4659922909
18094,191630290,433237,192063527,9,0,0,1024,3,6688565093
18095,191634170,53900,191688070,4,0,1,59392,5,2774921131
18096,191644851,1040123,192684974,5,0,0,1536,10,3846717597
18097,191649480,412488,192061968,4,0,0,1024,5,10250844491
18098,191656709,386904,192043613,7,0,0,3584,4,1075969544
18099,191667100,96266,191763366,4,0,1,138240,5,10018747546
18100,191668390,120887,191789277,4,0,1,113664,5,772161517
18101,191673200,1491557,193164757,9,0,0,26112,3,7494410808
18102,191692020,97718,191789738,4,0,1,10240,5,569068658
18103,191706380,84984,191791364,0,0,1,2560,11,9766872801
18104,191720880,689686,192410566,4,0,0,29184,5,9733782534
18105,191760870,923621,192684491,4,0,0,50688,5,3630151111
18106,191763650,38851,191802501,0,0,1,36864,11,4965578225
18107,191769060,949733,192718793,3,0,0,34816,0,8132913290
18108,191779510,658113,192437623,0,0,0,512,11,2802229438
18109,191785940,651496,192437436,4,0,0,56832,5,2207876678
18110,191786671,488966,192275637,5,0,0,1024,10,24164980
18111,191787750,21062,191808812,4,0,1,30208,5,724828599
18112,191800080,728603,192528683,9,0,0,20480,3,3890619868
18113,191816130,391408,192207538,4,0,0,4096,5,6368765332
18114,191817980,943583,192761563,9,0,0,71680,3,4061446470
18115,191845850,967497,192813347,3,0,0,24064,0,5506670030
18116,191850140,1275114,193125254,9,0,0,97280,3,4427459789
18117,191851541,354399,192205940,5,0,0,512,10,9829958081
18118,191857630,959492,192817122,6,0,0,12288,8,740249821
18119,191868450,551647,192420097,4,0,0,31232,5,6654600332
18120,191868720,591328,192460048,4,0,0,5120,5,8478671349
18121,191890080,14117,191904197,6,0,1,24064,8,1802383697
18122,191892890,13573,191906463,4,0,1,3584,5,7320938400
18123,191900031,380577,192280608,5,0,0,512,10,7150393857
18124,191915930,542527,192458457,3,0,0,45568,0,4823133025
18125,191918241,288026,192206267,5,0,0,1024,10,5187085317
18126,191951900,257817,192209717,4,0,0,2048,5,208016654
18127,191975930,498422,192474352,0,0,0,1024,11,2835751173
18128,191985970,9025,191994995,6,0,1,3072,8,9056067529
18129,192015710,1237596,193253306,4,0,0,46080,5,9509542723
18130,192038650,729480,192768130,4,0,0,21504,5,1832799284
18131,192038659,2963,192041622,2,0,1,3072,12,5361704771
18132,192056480,412631,192469111,4,0,0,29696,5,5972517926
18133,192060900,1083,192061983,6,0,1,1024,8,1731284508
18134,192062710,29708,192092418,6,0,1,5120,8,4056155202
18135,192090109,618061,192708170,7,0,0,18944,4,9683187502
18136,192102820,298831,192401651,3,0,0,5120,0,6450278440
18137,192112360,416494,192528854,0,0,0,512,11,832049635
18138,192113760,1268656,193382416,3,0,0,16896,0,4582179141
18139,192121330,17081,192138411,6,0,1,9728,8,2490756872
18140,192127491,368334,192495825,5,0,0,3072,10,8403605563
18141,192146890,6278,192153168,5,0,1,6656,10,7755325520
18142,192153970,320047,192474017,4,0,0,14848,5,9375005055
18143,192163150,727822,192890972,9,0,0,48128,3,4263071249
18144,192166979,1057835,193224814,7,0,0,96256,4,417273937
18145,192175220,329052,192504272,3,0,0,27648,0,2277447592
18146,192180651,486731,192667382,5,0,0,1024,10,1665087042
18147,192202860,266610,192469470,0,0,0,1024,11,2237218600
18148,192211771,292912,192504683,5,0,0,1024,10,633132073
18149,192215810,1994,192217804,8,0,1,2048,8,7550155812
18150,192261870,14801,192276671,6,0,1,1024,8,5622096993
18151,192280471,695,192281166,3,0,1,512,0,10149855888
18152,192296659,844834,193141493,7,0,0,53248,4,5419225474
18153,192297900,206387,192504287,6,0,1,2048,8,9784802352
18154,192298831,205479,192504310,3,0,1,1024,0,3067959973
18155,192304220,744529,193048749,4,0,0,24576,5,4969196999
18156,192307700,196625,192504325,8,0,1,3072,8,5410019652
18157,192309520,194828,192504348,8,0,1,1536,8,8870627644
18158,192321350,959582,193280932,0,0,0,2048,11,7986623184
18159,192335359,464941,192800300,7,0,0,37888,4,10142957309
18160,192339840,1057004,193396844,0,0,0,512,11,5482432866
18161,192341920,883705,193225625,9,0,0,2560,3,1596764826
18162,192342400,650525,192992925,4,0,0,19968,5,150076953
18163,192353810,1001035,193354845,9,0,0,41472,3,4795423528
18164,192358620,1206136,193564756,4,0,0,131072,5,1432275588
18165,192364450,140248,192504698,8,0,1,10240,8,8871007690
18166,192365460,139277,192504737,8,0,1,11264,8,3732670555
18167,192377810,861417,193239227,4,0,0,44032,5,7670299669
18168,192385630,761952,193147582,0,0,0,4096,11,3608741056
18169,192395700,109052,192504752,8,0,1,1536,8,9935428127
18170,192400520,889940,193290460,0,0,0,3072,11,9599709389
18171,192423610,87431,192511041,8,0,1,7168,8,5689323875
18172,192427041,297492,192724533,5,0,0,1024,10,9728784926
18173,192428260,797536,193225796,0,0,0,512,11,6016829066
18174,192438330,73377,192511707,8,0,1,1024,8,1735181011
18175,192440340,72750,192513090,6,0,1,14848,8,7676208192
18176,192443480,71876,192515356,0,0,1,3584,11,10269840407
18177,192470210,516036,192986246,9,0,0,16896,3,7142883121
18178,192480630,294631,192775261,4,0,0,5632,5,6638983022
18179,192512589,1308241,193820830,7,0,0,15360,4,6789751375
18180,192515950,1061861,193577811,4,0,0,41472,5,4097852144
18181,192517829,1421283,193939112,7,0,0,118272,4,4297107726
18182,192517970,3387,192521357,0,0,1,9728,11,7676799188
18183,192522240,873622,193395862,3,0,0,42496,0,1123114996
18184,192530711,156632,192687343,5,0,0,512,10,2138227562
18185,192532400,490267,193022667,0,0,0,512,11,2419339013
18186,192535929,977218,193513147,7,0,0,46080,4,1048397000
18187,192540951,432378,192973329,5,0,0,1024,10,3920193793
18188,192546480,1199125,193745605,4,0,0,144896,5,4760037478
18189,192568141,787031,193355172,5,0,0,1024,10,6786586915
18190,192576140,1031895,193608035,9,0,0,5120,3,2050197695
18191,192588081,144830,192732911,5,0,0,2048,10,9735770560
18192,192597961,799522,193397483,5,0,0,2048,10,1482226779
18193,192606809,1428660,194035469,7,0,0,143872,4,8496442206
18194,192627300,3422,192630722,0,0,1,3584,11,6984967924
18195,192630160,627685,193257845,3,0,0,14848,0,9157359032
18196,192636100,3645,192639745,6,0,1,10240,8,7545409639
18197,192638520,860549,193499069,3,0,0,17920,0,898900012
18198,192642860,449575,193092435,3,0,0,30720,0,2298859505
18199,192660460,24537,192684997,6,0,1,25088,8,5823937767
18200,192665650,343631,193009281,3,0,0,26112,0,2539305923
18201,192695980,885964,193581944,4,0,0,512,5,4815915731
18202,192698130,566,192698696,0,0,1,512,11,6749117480
18203,192711330,990112,193701442,3,0,0,49152,0,10481029630
18204,192720259,802739,193522998,7,0,0,32256,4,3704947286
18205,192739340,402324,193141664,0,0,0,512,11,3034948213
18206,192749130,19600,192768730,0,0,1,512,11,10378477073
18207,192766271,798694,193564965,5,0,0,512,10,10460872785
18208,192766780,226316,192993096,0,0,0,512,11,2616329894
18209,192785060,15255,192800315,4,0,1,16384,5,7782852540
18210,192804080,653203,193457283,9,0,0,129536,3,5088308135
18211,192804320,1518,192805838,0,0,1,1536,11,2134774387
18212,192808180,21209,192829389,6,0,1,20480,8,6588143050
18213,192809890,21445,192831335,6,0,1,3072,8,913141240
18214,192814650,931134,193745784,0,0,0,512,11,7850702935
18215,192820521,1118950,193939471,5,0,0,1024,10,4220045107
18216,192830830,552069,193382899,0,0,0,1536,11,9140778077
18217,192845590,1994,192847584,0,0,1,2048,11,4328429165
18218,192855790,2870,192858660,1,0,1,8704,17,10616083758
18219,192869111,189726,193058837,5,0,0,512,10,3671870124
18220,192875420,15567,192890987,0,0,1,5632,11,6562853393
18221,192884441,410772,193295213,5,0,0,512,10,6476144315
18222,192893630,1042,192894672,6,0,1,1024,8,7882743272
18223,192897220,684545,193581765,4,0,0,11776,5,5429223927
18224,192901291,240715,193142006,5,0,0,512,10,5728523567
18225,192906169,354968,193261137,7,0,0,6144,4,3713177646
18226,192912070,5454,192917524,6,0,1,13824,8,10242387308
18227,192913500,4370,192917870,5,0,1,512,10,3847308765
18228,192914610,714173,193628783,9,0,0,7680,3,8465564858
18229,192918370,4850,192923220,1,0,1,5120,17,7517817173
18230,192926200,4850,192931050,1,0,1,5120,17,1224266904
18231,192961270,804241,193765511,9,0,0,16896,3,830639440
18232,192974110,3128,192977238,6,0,1,9216,8,7096881569
18233,192974210,167625,193141835,0,0,0,512,11,4857277517
18234,192979960,397278,193377238,9,0,0,59904,3,44680873
18235,192980570,12541,192993111,9,0,1,7680,3,6249490243
18236,192980800,336568,193317368,0,0,0,512,11,4483639471
18237,192998720,1518,193000238,6,0,1,1536,8,4447402387
18238,193000739,277481,193278220,7,0,0,13312,4,2063858610
18239,193002671,9747,193012418,3,0,1,9216,0,10640419511
18240,193007369,983858,193991227,7,0,0,83456,4,10612981997
18241,193019901,7706,193027607,3,0,1,8192,0,3527376748
18242,193023310,767589,193790899,0,0,0,1024,11,9320094693
18243,193024510,878543,193903053,0,0,0,512,11,1623729101
18244,193033680,3422,193037102,9,0,1,3584,3,4682026225
18245,193043540,859326,193902866,9,0,0,78848,3,761322393
18246,193047900,2860,193050760,6,0,1,2048,8,8352234206
18247,193055191,1518,193056709,3,0,1,1536,0,6601942977
18248,193080500,1076245,194156745,3,0,0,15872,0,2585515539
18249,193158750,237915,193396665,9,0,0,2560,3,3329534384
18250,193163870,294870,193458740,9,0,0,2560,3,6181738160
18251,193186450,4374,193190824,6,0,1,4608,8,7270577943
18252,193196580,61296,193257876,1,0,1,5120,17,7045093517
18253,193204090,361062,193565152,0,0,0,512,11,1579771422
18254,193222259,860874,194083133,7,0,0,53248,4,7227144613
18255,193232020,29688,193261708,1,0,1,10752,17,385944308
18256,193239370,24747,193264117,1,0,1,3072,17,7847376014
18257,193247450,704680,193952130,3,0,0,41472,0,9858805940
18258,193257560,488614,193746174,9,0,0,512,3,7105726270
18259,193271000,7243,193278243,1,0,1,4096,17,8424075266
18260,193274530,871819,194146349,3,0,0,172032,0,331757446
18261,193291070,2470,193293540,9,0,1,2560,3,5530894763
18262,193298980,158482,193457462,9,0,0,512,3,473211057
18263,193315971,1518,193317489,3,0,1,1536,0,8074503146
18264,193320641,334199,193654840,5,0,0,512,10,5196775438
18265,193320990,3128,193324118,6,0,1,9216,8,10054753466
18266,193338241,239921,193578162,5,0,0,1024,10,3974170671
18267,193347111,30142,193377253,3,0,1,5120,0,2141625626
18268,193350461,107484,193457945,5,0,0,1536,10,2374274087
18269,193351681,605758,193957439,5,0,0,1024,10,8936624136
18270,193356220,313912,193670132,9,0,0,1024,3,2164828039
18271,193370780,31512,193402292,6,0,1,5120,8,2018922189
18272,193378750,25706,193404456,1,0,1,13824,17,3157502059
18273,193414100,679281,194093381,3,0,0,31744,0,3333906521
18274,193428509,812654,194241163,7,0,0,112128,4,3598736895
18275,193456851,289152,193746003,5,0,0,512,10,1535626074
18276,193469729,721218,194190947,7,0,0,100864,4,5568627928
18277,193471039,595661,194066700,7,0,0,102400,4,6123618484
18278,193489580,9512,193499092,6,0,1,6656,8,9564828912
18279,193494330,497232,193991562,0,0,0,1024,11,9117466626
18280,193505230,59549,193564779,6,0,1,5120,8,2692573369
18281,193524131,40663,193564794,3,0,1,1024,0,1854962337
18282,193526950,55009,193581959,1,0,1,1024,17,1904454426
18283,193529661,662158,194191819,5,0,0,1536,10,3039267523
18284,193535921,52660,193588581,3,0,1,16896,0,2429606920
18285,193561830,29337,193591167,1,0,1,4096,17,2412116413
18286,193568080,23433,193591513,6,0,1,512,8,5526372670
18287,193596061,250972,193847033,5,0,0,1536,10,9733439855
18288,193604051,4015,193608066,3,0,1,8704,0,5060443610
18289,193605000,488716,194093716,9,0,0,1024,3,4001485688
18290,193605180,669856,194275036,3,0,0,41472,0,2621305944
18291,193620280,126065,193746345,0,0,0,512,11,8948279652
18292,193621240,338659,193959899,9,0,0,1024,3,6351538377
18293,193621870,14117,193635987,1,0,1,24064,17,7451516180
18294,193634871,1462,193636333,3,0,1,512,0,2488520844
18295,193639601,552389,194191990,5,0,0,512,10,2843525336
18296,193641160,5196,193646356,1,0,1,13312,17,9833456989
18297,193643160,555763,194198923,3,0,0,7680,0,5901851604
18298,193652340,547105,194199445,9,0,0,1536,3,2623520967
18299,193652561,6278,193658839,3,0,1,6656,0,3825233574
18300,193679340,180017,193859357,9,0,0,512,3,4569193782
18301,193708890,374788,194083678,0,0,0,512,11,8283984788
18302,193711101,480173,194191274,5,0,0,1024,10,230490478
18303,193713020,36230,193749250,6,0,1,3072,8,4204949037
18304,193720571,362733,194083304,5,0,0,512,10,9145912703
18305,193720850,520523,194241373,0,0,0,512,11,4124706776
18306,193722969,428426,194151395,7,0,0,16384,4,3492486654
18307,193727890,227904,193955794,3,0,0,8704,0,8502184570
18308,193747289,205838,193953127,7,0,0,3072,4,5071672547
18309,193754979,3422,193758401,2,0,1,3584,12,5069795848
18310,193798181,268713,194066894,5,0,0,512,10,4433876486
18311,193818090,8551,193826641,1,0,1,6144,17,9711138224
18312,193818161,275726,194093887,5,0,0,512,10,3406168094
18313,193837711,1042,193838753,3,0,1,1024,0,2538970071
18314,193843370,3678,193847048,7,0,1,3584,4,5004504629
18315,193843951,239532,194083483,5,0,0,512,10,9548078095
18316,193844940,4438,193849378,7,0,1,4096,4,103732886
18317,193879931,72222,193952153,3,0,1,8704,0,1624136155
18318,193880099,316461,194196560,7,0,0,13824,4,6912854000
18319,193891320,60856,193952176,6,0,1,512,8,3831091082
18320,193907460,244434,194151894,9,0,0,1536,3,2566085055
18321,193911610,44207,193955817,6,0,1,1024,8,10153167987
18322,193920359,429132,194349491,7,0,0,133632,4,4729479041
18323,193937539,222653,194160192,7,0,0,11264,4,4745733861
18324,193948500,243825,194192325,9,0,0,1024,3,817435539
18325,193956960,1994,193958954,6,0,1,2048,8,3329096735
18326,193966829,401305,194368134,7,0,0,59904,4,6398960652
18327,193987721,78994,194066715,3,0,1,1536,0,8817352552
18328,193989219,435688,194424907,7,0,0,9728,4,6258625906
18329,193991760,102158,194093918,6,0,1,12800,8,1430175597
18330,193992310,376018,194368328,9,0,0,512,3,565757383
18331,194001441,297022,194298463,5,0,0,512,10,9319031326
18332,194018590,357327,194375917,0,0,0,1536,11,223283241
18333,194030399,675903,194706302,7,0,0,53760,4,4596892139
18334,194034020,563261,194597281,3,0,0,140800,0,1492505969
18335,194039269,710556,194749825,7,0,0,64512,4,7814635788
18336,194058980,87400,194146380,1,0,1,512,17,2527966568
18337,194066990,124299,194191289,1,0,1,1024,17,5168689114
18338,194079719,111585,194191304,2,0,1,2560,12,1386788022
18339,194120169,490030,194610199,7,0,0,5632,4,8655124856
18340,194125920,73042,194198962,1,0,1,11264,17,830723223
18341,194128810,552363,194681173,0,0,0,512,11,4707309437
18342,194137071,62389,194199460,3,0,1,512,0,4743943851
18343,194152079,490669,194642748,7,0,0,57344,4,6942743748
18344,194152910,46565,194199475,1,0,1,512,17,1886792189
18345,194153221,53523,194206744,3,0,1,8192,0,9837753077
18346,194177270,63908,194241178,1,0,1,4608,17,1637058089
18347,194183110,422633,194605743,3,0,0,26624,0,1207664949
18348,194221280,376328,194597608,0,0,0,1024,11,541736847
18349,194225920,20312,194246232,1,0,1,5120,17,3715710854
18350,194233420,606966,194840386,9,0,0,512,3,3165348401
18351,194240630,6908,194247538,1,0,1,2048,17,5120943616
18352,194240771,8073,194248844,3,0,1,2048,0,4062777016
18353,194268901,374018,194642919,5,0,0,512,10,2432627494
18354,194279351,341131,194620482,5,0,0,2048,10,4623621829
18355,194279750,560449,194840199,0,0,0,1536,11,3259084353
18356,194308460,531256,194839716,3,0,0,84992,0,4159207954
18357,194314029,498927,194812956,7,0,0,79360,4,7517561495
18358,194320121,48036,194368157,3,0,1,8192,0,8580273541
18359,194339139,383254,194722393,7,0,0,52736,4,7191098287
18360,194351090,19692,194370782,1,0,1,2560,17,5955020117
18361,194364290,284680,194648970,9,0,0,1024,3,1823238682
18362,194418601,6321,194424922,3,0,1,6144,0,7564964675
18363,194436400,3422,194439822,1,0,1,3584,17,9793105258
18364,194448130,210832,194658962,3,0,0,14336,0,771911508
18365,194454530,325446,194779976,3,0,0,67584,0,6762193419
18366,194456610,356868,194813478,0,0,0,1024,11,4087497339
18367,194466901,255663,194722564,5,0,0,512,10,7506251032
18368,194471060,463626,194934686,3,0,0,14336,0,9982521976
18369,194475799,439027,194914826,7,0,0,16896,4,751020096
18370,194477890,205983,194683873,0,0,0,2048,11,626454920
18371,194478719,370677,194849396,7,0,0,20992,4,188668520
18372,194481431,332374,194813805,5,0,0,1024,10,5511863155
18373,194486160,5802,194491962,1,0,1,6144,17,9427315544
18374,194503560,139530,194643090,0,0,0,512,11,8344442544
18375,194503999,224204,194728203,7,0,0,18432,4,9174418318
18376,194504681,308454,194813135,5,0,0,512,10,811852968
18377,194512160,5802,194517962,1,0,1,6144,17,5743629956
18378,194520670,1042,194521712,1,0,1,1024,17,10382738865
18379,194521210,3387,194524597,1,0,1,9728,17,268374270
18380,194522730,317835,194840565,0,0,0,512,11,8335351247
18381,194540490,6278,194546768,1,0,1,6656,17,9298805550
18382,194564690,45524,194610214,1,0,1,3072,17,2687001534
18383,194595129,305055,194900184,7,0,0,60928,4,6224294080
18384,194601850,8379,194610229,1,0,1,512,17,9093726752
18385,194650330,8647,194658977,1,0,1,6656,17,9464321920
18386,194653750,207868,194861618,3,0,0,3584,0,488632128
18387,194691021,166437,194857458,5,0,0,512,10,841302491
18388,194712941,154670,194867611,5,0,0,512,10,1907694796
18389,194722970,26870,194749840,9,0,1,3584,3,4870418575
18390,194753850,1518,194755368,1,0,1,1536,17,6708026564
18391,194763270,230473,194993743,9,0,0,2560,3,1940729007
18392,194764450,259180,195023630,9,0,0,2560,3,6629418909
18393,194765740,173032,194938772,3,0,0,8192,0,4182411167
18394,194766340,152320,194918660,9,0,0,512,3,5568235458
18395,194777560,295314,195072874,3,0,0,40448,0,4106421306
18396,194789920,198019,194987939,9,0,0,512,3,1592031508
18397,194796769,457645,195254414,7,0,0,101376,4,2590088985
18398,194798960,358584,195157544,3,0,0,21504,0,7236442402
18399,194818599,117662,194936261,7,0,0,5120,4,7083365874
18400,194819090,134922,194954012,0,0,0,1024,11,6711264099
18401,194828680,245012,195073692,9,0,0,512,3,730130995
18402,194921289,499254,195420543,7,0,0,12288,4,2658494584
18403,194941729,343585,195285314,7,0,0,41472,4,8979200056
18404,194964299,185411,195149710,7,0,0,55808,4,1806799225
18405,194969081,188814,195157895,5,0,0,1024,10,3684256065
18406,194984010,499685,195483695,3,0,0,61952,0,9949352462
18407,195001230,72283,195073513,3,0,0,2048,0,4516588254
18408,195064730,484839,195549569,3,0,0,50176,0,14005738
18409,195071820,416815,195488635,0,0,0,512,11,8653603689
18410,195073420,524640,195598060,0,0,0,2048,11,2274440967
18411,195077011,566,195077577,3,0,1,512,0,8645578690
18412,195077480,375470,195452950,3,0,0,29184,0,10193430817
18413,195082020,334741,195416761,3,0,0,43008,0,4367558492
18414,195088380,1042,195089422,7,0,1,1024,4,982986995
18415,195097559,496636,195594195,7,0,0,76288,4,8657958635
18416,195102320,261757,195364077,9,0,0,512,3,6426676161
18417,195119510,333783,195453293,9,0,0,1024,3,8805486993
18418,195126420,91398,195217818,0,0,0,512,11,7128665539
18419,195130960,506169,195637129,0,0,0,1024,11,6328093305
18420,195132720,25190,195157910,5,0,1,4608,10,3209833338
18421,195150829,293191,195444020,7,0,0,37376,4,6999849954
18422,195152971,101614,195254585,5,0,0,512,10,9852533499
18423,195153980,329924,195483904,0,0,0,512,11,1509629160
18424,195156690,2254,195158944,5,0,1,1024,10,2402006253
18425,195180030,481624,195661654,3,0,0,28160,0,27336159
18426,195196240,290859,195487099,9,0,0,512,3,9444549220
18427,195243940,15487,195259427,5,0,1,5120,10,5322310284
18428,195270810,364355,195635165,9,0,0,512,3,2447258450
18429,195296600,63374,195359974,9,0,0,512,3,7753494444
18430,195330650,219417,195550067,0,0,0,1024,11,2937389356
18431,195333369,301602,195634971,7,0,0,54784,4,3216404015
18432,195346050,204991,195551041,0,0,0,1536,11,8426980953
18433,195379560,1042,195380602,5,0,1,1024,10,7827922074
18434,195379910,472632,195852542,9,0,0,512,3,1749460548
18435,195386301,163439,195549740,5,0,0,512,10,1638422285
18436,195396650,345847,195742497,0,0,0,512,11,10460795652
18437,195398830,17946,195416776,5,0,1,6144,10,5116684674
18438,195411860,11588,195423448,5,0,1,3072,10,5814713775
18439,195430150,13893,195444043,0,0,1,15360,11,8566038008
18440,195432740,50970,195483710,0,0,1,25600,11,6362305448
18441,195450000,324152,195774152,9,0,0,2560,3,6962075484
18442,195455090,28643,195483733,5,0,1,3584,10,6687675429
18443,195467910,59696,195527606,9,0,0,512,3,4773765246
18444,195479341,71209,195550550,5,0,0,1536,10,958507448
18445,195488510,318803,195807313,3,0,0,16384,0,3039618222
18446,195522420,72126,195594546,9,0,0,1024,3,893471374
18447,195524860,1042,195525902,0,0,1,1024,11,1633409031
18448,195539120,154349,195693469,9,0,0,1536,3,26586148
18449,195559600,3422,195563022,0,0,1,3584,11,8484268188
18450,195567380,327291,195894671,0,0,0,512,11,3647287404
18451,195573510,22087,195595597,0,0,1,1024,11,6670206424
18452,195573950,175942,195749892,0,0,0,512,11,8657994189
18453,195576940,276428,195853368,3,0,0,2560,0,5406903918
18454,195585789,266582,195852371,7,0,0,35328,4,10274056780
18455,195591179,174704,195765883,7,0,0,41472,4,10600841506
18456,195614990,266446,195881436,3,0,0,28672,0,9672619488
18457,195617591,17403,195634994,3,0,1,1024,0,7708041409
18458,195618570,23333,195641903,0,0,1,7168,11,8950089444
18459,195628410,173139,195801549,0,0,0,512,11,8213978900
18460,195635551,11178,195646729,3,0,1,7680,0,3083192710
18461,195643070,43458,195686528,4,0,1,71168,5,334640775
18462,195643870,43529,195687399,6,0,1,12288,8,8846884701
18463,195648921,319533,195968454,5,0,0,512,10,780128757
18464,195649379,235222,195884601,7,0,0,10240,4,8225436948
18465,195649610,44100,195693710,5,0,1,22016,10,2302965509
18466,195650690,53440,195704130,4,0,1,33280,5,489388963
18467,195657871,310412,195968283,5,0,0,512,10,3391658895
18468,195658520,272784,195931304,3,0,0,37888,0,3317771412
18469,195658680,47716,195706396,6,0,1,3584,8,507754457
18470,195659890,51332,195711222,0,0,1,7680,11,2852361913
18471,195660720,380015,196040735,0,0,0,512,11,5258614993
18472,195662340,52428,195714768,5,0,1,5632,10,6005362024
18473,195664720,54554,195719274,5,0,1,7168,10,8597903584
18474,195666819,367950,196034769,7,0,0,20480,4,86410882
18475,195681710,42070,195723780,5,0,1,7168,10,7106358014
18476,195701111,23233,195724344,3,0,1,10752,0,8016011613
18477,195703001,21689,195724690,3,0,1,512,0,8366469313
18478,195706241,242893,195949134,5,0,0,512,10,1945275516
18479,195710090,15586,195725676,5,0,1,1536,10,1819821212
18480,195712850,18011,195730861,0,0,1,16384,11,10294127276
18481,195723330,244782,195968112,3,0,0,23552,0,2522512131
18482,195726220,6267,195732487,6,0,1,2560,8,1367691992
18483,195727960,8073,195736033,0,0,1,5632,11,7615151211
18484,195731501,6798,195738299,3,0,1,3584,0,3210959534
18485,195736310,2335,195738645,5,0,1,512,10,4731057010
18486,195776571,3422,195779993,3,0,1,3584,0,10350270657
18487,195787031,229699,196016730,5,0,0,512,10,9459378706
18488,195792620,229717,196022337,0,0,0,1024,11,3696095673
18489,195802810,15786,195818596,4,0,1,18432,5,9567846038
18490,195805870,13085,195818955,0,0,1,9728,11,6523151335
18491,195809320,11581,195820901,5,0,1,3072,10,111819126
18492,195833001,149937,195982938,5,0,0,512,10,6842223117
18493,195840280,12285,195852565,6,0,1,2560,8,501438234
18494,195841860,39591,195881451,4,0,1,42496,5,7175641702
18495,195845820,199866,196045686,9,0,0,512,3,9139919982
18496,195850910,30556,195881466,4,0,1,512,5,1408146745
18497,195857229,183327,196040556,7,0,0,18944,4,56435696
18498,195866700,41391,195908091,4,0,1,67072,5,9211672098
18499,195884910,166471,196051381,9,0,0,1024,3,803541523
18500,195896180,81412,195977592,0,0,0,2048,11,7391588208
18501,195903220,5639,195908859,5,0,1,11776,10,3855331592
18502,195909251,145245,196054496,5,0,0,1024,10,3591988184
18503,195916149,193575,196109724,7,0,0,3584,4,7863901318
18504,195920550,18018,195938568,0,0,1,7680,11,10545672349
18505,195925600,159279,196084879,0,0,0,512,11,8770074997
18506,195929831,118478,196048309,5,0,0,1024,10,6739529478
18507,195937640,2234,195939874,6,0,1,2048,8,8239901622
18508,195940170,3422,195943592,5,0,1,3584,10,178149416
18509,195948050,4374,195952424,6,0,1,4608,8,529529424
18510,195973300,3422,195976722,5,0,1,3584,10,8788996767
18511,195976129,308817,196284946,7,0,0,52736,4,9083966494
18512,195978131,221597,196199728,5,0,0,1024,10,9528944714
18513,196005490,6278,196011768,0,0,1,6656,11,760389196
18514,196011590,6278,196017868,4,0,1,6656,5,8091839889
18515,196013660,33865,196047525,4,0,1,55808,5,8685914638
18516,196019290,195531,196214821,9,0,0,4096,3,10231676676
18517,196030930,21101,196052031,6,0,1,7168,8,8744508605
18518,196070600,1518,196072118,6,0,1,1536,8,707512219
18519,196071570,4850,196076420,6,0,1,5120,8,5580020915
18520,196077130,97185,196174315,9,0,0,1536,3,1328075083
18521,196108171,157811,196265982,5,0,0,512,10,8381301658
18522,196130970,35312,196166282,4,0,1,61952,5,5760488754
18523,196141670,28158,196169828,6,0,1,5632,8,5476675772
18524,196144280,173483,196317763,9,0,0,1024,3,14301539
18525,196155910,61641,196217551,4,0,1,99840,5,883605498
18526,196159711,60746,196220457,3,0,1,4608,0,2785224528
18527,196160981,59732,196220713,3,0,1,9216,0,3842149208
18528,196163620,59039,196222659,5,0,1,3072,10,8456153643
18529,196165810,59435,196225245,5,0,1,4096,10,9469578878
18530,196170220,253620,196423840,0,0,0,512,11,9764280310
18531,196170490,364246,196534736,3,0,0,57856,0,4696749532
18532,196173000,277706,196450706,3,0,0,56832,0,8359375781
18533,196176761,215794,196392555,5,0,0,1024,10,10543239272
18534,196196220,34414,196230634,4,0,1,25600,5,2441929805
18535,196204720,62158,196266878,4,0,1,100864,5,119468212
18536,196213871,71090,196284961,3,0,1,6656,0,9804190725
18537,196220020,124981,196345001,0,0,0,512,11,4185015628
18538,196224060,235357,196459417,9,0,0,2048,3,4009276193
18539,196239901,191775,196431676,5,0,0,1024,10,3251580310
18540,196246230,142794,196389024,0,0,0,1536,11,3740543255
18541,196249041,35935,196284976,3,0,1,8704,0,5867792402
18542,196249421,35578,196284999,3,0,1,4096,0,718849821
18543,196250450,34564,196285014,4,0,1,10752,5,8461527387
18544,196262140,69691,196331831,0,0,0,1536,11,10714408390
18545,196271601,17774,196289375,3,0,1,4608,0,5137941229
18546,196274370,215227,196489597,9,0,0,512,3,7879526915
18547,196301141,303803,196604944,5,0,0,512,10,8306893051
18548,196307101,164906,196472007,5,0,0,512,10,4129474716
18549,196312139,138902,196451041,7,0,0,1024,4,8811976161
18550,196347201,1042,196348243,3,0,1,1024,0,7389238728
18551,196385720,86116,196471836,0,0,0,512,11,9386668132
18552,196391910,2946,196394856,6,0,1,3072,8,5915078887
18553,196441751,12671,196454422,3,0,1,3584,0,7821662198
18554,196461230,498440,196959670,3,0,0,172544,0,624402463
18555,196461381,566,196461947,3,0,1,512,0,5949373612
18556,196470209,290355,196760564,7,0,0,3072,4,6710615689
18557,196477090,157278,196634368,9,0,0,1024,3,7535373117
18558,196485729,247525,196733254,7,0,0,37376,4,10000606210
18559,196496850,566,196497416,6,0,1,512,8,6759209120
18560,196507281,123935,196631216,5,0,0,512,10,5387018337
18561,196510910,4850,196515760,5,0,1,5120,10,10035676557
18562,196511069,462827,196973896,7,0,0,45568,4,10724712540
18563,196514811,219082,196733893,5,0,0,2048,10,6697961510
18564,196528829,283115,196811944,7,0,0,13824,4,4529773505
18565,196529559,208717,196738276,7,0,0,14336,4,10414894406
18566,196529900,15677,196545577,6,0,1,17408,8,1922079057
18567,196533511,216657,196750168,5,0,0,1024,10,4623502578
18568,196534610,425387,196959997,0,0,0,1024,11,1883201550
18569,196541471,313503,196854974,5,0,0,2048,10,4308166783
18570,196547690,359393,196907083,3,0,0,125440,0,3955979110
18571,196573839,253517,196827356,7,0,0,16896,4,983992936
18572,196574870,1518,196576388,6,0,1,1536,8,9276061837
18573,196590800,1518,196592318,5,0,1,1536,10,2948636259
18574,196597630,255934,196853564,9,0,0,1024,3,2730075363
18575,196616570,357693,196974263,0,0,0,1024,11,5392001290
18576,196625321,3422,196628743,3,0,1,3584,0,5115595162
18577,196634110,350229,196984339,3,0,0,18432,0,5411801930
18578,196656900,6278,196663178,5,0,1,6656,10,7614996296
18579,196659110,12995,196672105,6,0,1,25088,8,7084078898
18580,196661951,12420,196674371,3,0,1,3584,0,5100559732
18581,196668290,306324,196974614,9,0,0,1024,3,3060695294
18582,196677311,3422,196680733,3,0,1,3584,0,2569412007
18583,196690859,287046,196977905,7,0,0,10752,4,987722908
18584,196694511,7706,196702217,3,0,1,8192,0,2643412872
18585,196695450,6921,196702371,6,0,1,8704,8,3775526074
18586,196713750,4420,196718170,6,0,1,11776,8,4153899673
18587,196716800,119439,196836239,0,0,0,512,11,4065441219
18588,196720630,272401,196993031,3,0,0,26112,0,2740684579
18589,196735640,4622,196740262,6,0,1,2048,8,3987290079
18590,196744541,5642,196750183,3,0,1,5632,0,6147066795
18591,196745561,5932,196751493,3,0,1,2560,0,1726249506
18592,196746790,231910,196978700,0,0,0,2560,11,6984201647
18593,196756160,4419,196760579,6,0,1,10240,8,204752888
18594,196770491,242183,197012674,5,0,0,2048,10,9321616316
18595,196781220,4162,196785382,4,0,1,11264,5,1218313527
18596,196786830,507710,197294540,9,0,0,512,3,4399316316
18597,196792800,1994,196794794,0,0,1,2048,11,1479848359
18598,196799931,184782,196984713,5,0,0,512,10,6532576930
18599,196803311,2470,196805781,3,0,1,2560,0,8363085550
18600,196814541,169969,196984510,5,0,0,512,10,7073633035
18601,196816300,3422,196819722,6,0,1,3584,8,8224427308
18602,196839140,1518,196840658,6,0,1,1536,8,4811775470
18603,196848240,275743,197123983,3,0,0,13824,0,5894657086
18604,196855270,3904,196859174,5,0,1,10752,10,7287012089
18605,196859960,3128,196863088,0,0,1,9216,11,4584539818
18606,196877581,239082,197116663,5,0,0,512,10,9739984513
18607,196889481,103565,196993046,3,0,1,6144,0,8903519408
18608,196901680,92162,196993842,0,0,1,5632,11,10437219560
18609,196901710,102985,197004695,4,0,1,32256,5,4754602310
18610,196918169,218400,197136569,7,0,0,6144,4,10727557745
18611,196918990,634425,197553415,8,0,0,66560,8,1195011596
18612,196920710,84971,197005681,6,0,1,1536,8,4842197401
18613,196922570,84737,197007307,6,0,1,2560,8,5689340853
18614,196954961,52500,197007461,3,0,1,8704,0,991107460
18615,196970960,153194,197124154,9,0,0,512,3,244080788
18616,196981921,25694,197007615,3,0,1,8704,0,8361513704
18617,196985290,25551,197010841,0,0,1,5120,11,10606169950
18618,196985930,184776,197170706,3,0,0,1024,0,8196037360
18619,197028060,277646,197305706,8,0,0,15872,8,1707711617
18620,197039460,566,197040026,0,0,1,512,11,8230225971
18621,197042781,308764,197351545,5,0,0,512,10,2986369113
18622,197045030,3898,197048928,5,0,1,4096,10,5253423409
18623,197045841,5993,197051834,3,0,1,4608,0,4897474172
18624,197048610,6450,197055060,0,0,1,5120,11,9127276375
18625,197049250,6796,197056046,5,0,1,1536,10,3751893445
18626,197051759,184616,197236375,7,0,0,22528,4,87921282
18627,197063411,4850,197068261,3,0,1,5120,0,7601268455
18628,197066349,284698,197351047,7,0,0,65024,4,5341605882
18629,197068341,566,197068907,3,0,1,512,0,6461256799
18630,197069941,2470,197072411,3,0,1,2560,0,3700896302
18631,197070131,15443,197085574,3,0,1,28672,0,9590717351
18632,197072940,14260,197087200,4,0,1,2560,5,1465950956
18633,197094919,221642,197316561,7,0,0,5120,4,10320803139
18634,197099640,215293,197314933,8,0,0,30208,8,2951876875
18635,197108360,3387,197111747,5,0,1,9728,10,732547751
18636,197112970,3422,197116392,0,0,1,3584,11,5128415969
18637,197130670,5914,197136584,4,0,1,11776,5,8889971840
18638,197130739,223021,197353760,7,0,0,7168,4,3673259032
18639,197135890,377742,197513632,3,0,0,83456,0,5773703644
18640,197151560,220673,197372233,8,0,0,14336,8,303526856
18641,197151770,10499,197162269,0,0,1,16896,11,3987816889
18642,197152210,14245,197166455,4,0,1,6656,5,7107712156
18643,197152290,289557,197441847,0,0,0,512,11,9043883859
18644,197176190,175184,197351374,1,0,0,1024,17,2613586765
18645,197183290,179487,197362777,0,0,0,1536,11,4362978786
18646,197208270,354105,197562375,9,0,0,512,3,10559919186
18647,197228010,8380,197236390,6,0,1,2560,8,9554127937
18648,197231780,5185,197236965,6,0,1,512,8,4451815095
18649,197234210,327667,197561877,8,0,0,27136,8,8573188451
18650,197236450,1196,197237646,5,0,1,1024,10,4570368983
18651,197254160,361399,197615559,8,0,0,19968,8,7542844299
18652,197257600,104687,197362287,0,0,0,1536,11,4117025931
18653,197279970,34978,197314948,4,0,1,46592,5,3009996925
18654,197280820,114172,197394992,9,0,0,1024,3,2761003994
18655,197288011,26960,197314971,3,0,1,1024,0,7636910252
18656,197289830,25156,197314986,6,0,1,2048,8,5995488592
18657,197296970,519553,197816523,8,0,0,25600,8,1684093852
18658,197303440,13144,197316584,5,0,1,1024,10,4395764186
18659,197314651,365021,197679672,5,0,0,512,10,6774973541
18660,197317510,3387,197320897,4,0,1,9728,5,4816282251
18661,197321490,240714,197562204,1,0,0,1024,17,4151258087
18662,197327130,3387,197330517,5,0,1,9728,10,6550952757
18663,197330010,223576,197553586,9,0,0,512,3,10058989870
18664,197336731,177072,197513803,5,0,0,512,10,9871132845
18665,197338929,317292,197656221,7,0,0,101888,4,3837522429
18666,197344820,183403,197528223,1,0,0,512,17,602054793
18667,197353730,54317,197408047,4,0,1,92160,5,8681201774
18668,197359321,466194,197825515,5,0,0,512,10,4038534551
18669,197360530,202024,197562554,0,0,0,512,11,1794094946
18670,197360800,312947,197673747,3,0,0,55808,0,6581679855
18671,197374811,113378,197488189,5,0,0,2560,10,9198459125
18672,197385360,23353,197408713,4,0,1,11264,5,4762843284
18673,197394350,16309,197410659,5,0,1,3072,10,8907879139
18674,197400990,10975,197411965,6,0,1,2048,8,2544371862
18675,197410490,398195,197808685,0,0,0,1024,11,9113791755
18676,197436840,380370,197817210,0,0,0,2048,11,546995882
18677,197449350,4374,197453724,5,0,1,4608,10,220987805
18678,197450420,8450,197458870,5,0,1,8192,10,4016762676
18679,197461620,5454,197467074,4,0,1,13824,5,8750950304
18680,197471010,566,197471576,5,0,1,512,10,7161711133
18681,197479250,4937,197484187,1,0,1,12800,17,9561276516
18682,197482989,324215,197807204,7,0,0,145920,4,8867517485
18683,197512711,192240,197704951,5,0,0,512,10,4092231803
18684,197534760,34328,197569088,5,0,1,7168,10,6523350605
18685,197560601,247725,197808326,5,0,0,2048,10,7312324074
18686,197569580,1042,197570622,0,0,1,1024,11,3551347647
18687,197570921,85807,197656728,5,0,0,1536,10,2834088842
18688,197574250,4679,197578929,4,0,1,12288,5,6854808871
18689,197576310,8963,197585273,6,0,1,7680,8,7483953341
18690,197578241,229446,197807687,5,0,0,1536,10,10678028974
18691,197583100,357606,197940706,9,0,0,512,3,2613369879
18692,197594050,25446,197619496,5,0,1,46080,10,98371293
18693,197601261,301484,197902745,5,0,0,1024,10,5508630879
18694,197601800,21562,197623362,4,0,1,6144,5,1278290859
18695,197620110,86600,197706710,1,0,0,512,17,171633206
18696,197626411,234640,197861051,5,0,0,1024,10,7931145646
18697,197633121,127179,197760300,5,0,0,512,10,7526528153
18698,197640850,68290,197709140,9,0,0,512,3,10063505105
18699,197661050,16851,197677901,8,0,1,11264,8,5351405424
18700,197681169,319249,198000418,7,0,0,31232,4,8563956176
18701,197685560,254975,197940535,3,0,0,113664,0,7887556783
18702,197716260,1042,197717302,6,0,1,1024,8,10321825070
18703,197717610,573688,198291298,3,0,0,92672,0,455575400
18704,197725419,1518,197726937,2,0,1,1536,12,9119469318
18705,197744511,566,197745077,3,0,1,512,0,3803186520
18706,197749910,684547,198434457,8,0,0,146432,8,4327619107
18707,197755050,3422,197758472,6,0,1,3584,8,10597847369
18708,197761390,47318,197808708,4,0,1,42496,5,3693040768
18709,197772179,425813,198197992,7,0,0,116736,4,6764007584
18710,197772259,540785,198313044,7,0,0,70656,4,3863466610
18711,197776169,41405,197817574,2,0,1,1024,12,4111178598
18712,197778790,41441,197820231,4,0,1,9728,5,7630467163
18713,197784400,333726,198118126,8,0,0,92672,8,1664179648
18714,197803291,84302,197887593,5,0,0,1536,10,4945694361
18715,197806161,269612,198075773,5,0,0,2048,10,8990637686
18716,197808850,208818,198017668,1,0,0,1024,17,4059624696
18717,197815090,5826,197820916,7,0,1,1024,4,3899021822
18718,197822169,3645,197825814,2,0,1,10240,12,10495828573
18719,197825510,154713,197980223,3,0,0,7168,0,4111235707
18720,197825890,1042,197826932,7,0,1,1024,4,6169816637
18721,197829460,516344,198345804,3,0,0,32256,0,2832330761
18722,197843249,1042,197844291,2,0,1,1024,12,3960181973
18723,197843890,305607,198149497,8,0,0,30208,8,8470779040
18724,197864750,6754,197871504,4,0,1,7168,5,10102641849
18725,197870051,450039,198320090,5,0,0,1024,10,999695922
18726,197874820,682536,198557356,3,0,0,121856,0,6131653558
18727,197878429,5802,197884231,2,0,1,6144,12,8789786220
18728,197888659,564686,198453345,7,0,0,47104,4,1039865255
18729,197896890,1518,197898408,7,0,1,1536,4,1031478927
18730,197901770,3387,197905157,7,0,1,9728,4,2318010249
18731,197926140,20402,197946542,6,0,1,6144,8,7837859976
18732,197930200,401307,198331507,8,0,0,4608,8,6938256737
18733,197935409,654418,198589827,7,0,0,90624,4,8148657541
18734,197944860,2348,197947208,6,0,1,1024,8,8272375006
18735,197945790,4420,197950210,4,0,1,11776,5,6215223101
18736,197949019,364976,198313995,7,0,0,3072,4,4194935858
18737,197957550,423829,198381379,9,0,0,512,3,5579483969
18738,197958380,3898,197962278,6,0,1,4096,8,7273462779
18739,197958440,397363,198355803,3,0,0,32768,0,1544543221
18740,197964560,16096,197980656,4,0,1,31232,5,10051191926
18741,197975760,5562,197981322,6,0,1,1024,8,10038369558
18742,197988329,12112,198000441,2,0,1,11264,12,2529096044
18743,197991120,958965,198950085,9,0,0,1024,3,8872153430
18744,197995489,836821,198832310,7,0,0,76800,4,4548675291
18745,198004460,2470,198006930,6,0,1,2560,8,3107457174
18746,198006789,2946,198009735,2,0,1,3072,12,1670618672
18747,198007320,247902,198255222,9,0,0,1536,3,7739811095
18748,198039271,13341,198052612,3,0,1,22528,0,5752228196
18749,198049309,270446,198319755,7,0,0,18432,4,8167319606
18750,198057420,5196,198062616,4,0,1,13312,5,8463975472
18751,198059090,498905,198557995,9,0,0,2048,3,9917475583
18752,198059650,662183,198721833,3,0,0,129536,0,921070932
18753,198060259,3983,198064242,2,0,1,2560,12,1323495484
18754,198077620,407013,198484633,9,0,0,512,3,4687551322
18755,198085489,434724,198520213,7,0,0,27136,4,8531220021
18756,198087190,349249,198436439,3,0,0,6144,0,5915476163
18757,198099190,192279,198291469,9,0,0,512,3,9262879534
18758,198107799,695730,198803529,7,0,0,11264,4,3536686672
18759,198114880,493080,198607960,8,0,0,8192,8,10187693326
18760,198120779,812902,198933681,7,0,0,27136,4,8601266314
18761,198134400,426426,198560826,8,0,0,9216,8,1523203779
18762,198148480,2068,198150548,6,0,1,1024,8,6492453082
18763,198149310,48713,198198023,4,0,1,45056,5,1852056046
18764,198151620,162398,198314018,4,0,1,144384,5,10395258113
18765,198171890,291775,198463665,8,0,0,2560,8,7902062231
18766,198214130,99903,198314033,5,0,1,4608,10,4220581819
18767,198216450,97614,198314064,4,0,1,26624,5,2555020592
18768,198221430,92649,198314079,6,0,1,5632,8,79219594
18769,198227240,86854,198314094,6,0,1,2048,8,10361052956
18770,198233060,81049,198314109,6,0,1,9216,8,10060696930
18771,198234871,404738,198639609,5,0,0,3072,10,6877299840
18772,198249140,474135,198723275,3,0,0,4096,0,1090246656
18773,198256520,57604,198314124,4,0,1,27136,5,4943187077
18774,198270371,324196,198594567,5,0,0,2560,10,2813964929
18775,198270700,404212,198674912,3,0,0,42496,0,5923818637
18776,198272160,346503,198618663,4,0,0,31232,5,5485545033
18777,198275830,44275,198320105,6,0,1,2560,8,5313843518
18778,198282630,42280,198324910,6,0,1,13312,8,891258564
18779,198287151,356286,198643437,5,0,0,512,10,3061695882
18780,198316630,117882,198434512,4,0,1,126464,5,5814397886
18781,198340709,433810,198774519,7,0,0,24064,4,612955640
18782,198367060,387995,198755055,9,0,0,512,3,9530096862
18783,198368520,566844,198935364,1,0,0,512,17,5472040653
18784,198374539,529137,198903676,7,0,0,8192,4,2866833
18785,198390519,644737,199035256,7,0,0,171008,4,2584735787
18786,198391270,383443,198774713,4,0,0,512,5,7545600660
18787,198392589,60771,198453360,2,0,1,15360,12,5436423307
18788,198396640,56735,198453375,9,0,1,8192,3,9622257796
18789,198398980,54410,198453390,9,0,1,5120,3,1370745557
18790,198413340,78265,198491605,4,0,1,80384,5,7488956404
18791,198415239,559615,198974854,7,0,0,13824,4,9770894963
18792,198416510,78961,198495471,9,0,1,6144,3,1440310717
18793,198424870,74147,198499017,6,0,1,5632,8,7885798912
18794,198431750,630049,199061799,4,0,0,3584,5,10302030393
18795,198436581,285423,198722004,5,0,0,512,10,2699252728
18796,198437590,286659,198724249,9,0,0,1536,3,1413282063
18797,198442689,753899,199196588,7,0,0,19968,4,5556240969
18798,198454910,48933,198503843,9,0,1,7680,3,9922848377
18799,198460510,45279,198505789,6,0,1,3072,8,369501180
18800,198460531,443316,198903847,5,0,0,512,10,4520510850
18801,198463089,42956,198506045,2,0,1,9216,12,2517339017
18802,198467120,816024,199283144,3,0,0,76288,0,2277959817
18803,198480810,477536,198958346,3,0,0,7680,0,1293790298
18804,198481760,350729,198832489,1,0,0,512,17,7872885966
18805,198504520,453997,198958517,9,0,0,512,3,1552964564
18806,198540990,182768,198723758,1,0,0,1536,17,6833490866
18807,198542660,47182,198589842,6,0,1,9728,8,5597215543
18808,198543740,381650,198925390,3,0,0,70656,0,9241260494
18809,198547599,976178,199523777,7,0,0,58880,4,6975648271
18810,198552370,425151,198977521,6,0,0,8704,8,10596836376
18811,198575320,163927,198739247,1,0,0,512,17,7492314032
18812,198576061,265508,198841569,5,0,0,1024,10,5086215916
18813,198590280,808263,199398543,8,0,0,121856,8,234127040
18814,198593940,209760,198803700,9,0,0,512,3,1314973217
18815,198600010,596764,199196774,9,0,0,512,3,4633342367
18816,198600580,1518,198602098,9,0,1,1536,3,7961065378
18817,198626060,873819,199499879,8,0,0,195072,8,6962733849
18818,198629330,4374,198633704,9,0,1,4608,3,7719223714
18819,198629680,5970,198635650,6,0,1,3072,8,9512918426
18820,198630260,5736,198635996,9,0,1,512,3,5350422360
18821,198641701,641778,199283479,5,0,0,1024,10,2951185915
18822,198650790,7230,198658020,6,0,1,7680,8,10422443072
18823,198655660,850162,199505822,4,0,0,19456,5,4907171136
18824,198674280,489044,199163324,4,0,0,1536,5,1442691947
18825,198679739,655451,199335190,7,0,0,49152,4,5208494739
18826,198711690,13585,198725275,6,0,1,1024,8,1018014899
18827,198716110,10905,198727015,6,0,1,2560,8,1420202809
18828,198721229,9033,198730262,2,0,1,12800,12,354320695
18829,198732570,826977,199559547,8,0,0,28672,8,132327535
18830,198736200,423788,199159988,4,0,0,10752,5,7107192943
18831,198737740,558130,199295870,9,0,0,512,3,9261004710
18832,198740040,819849,199559889,1,0,0,512,17,10065435801
18833,198751620,283994,199035614,9,0,0,1024,3,5110977809
18834,198754470,680327,199434797,3,0,0,35328,0,2496993710
18835,198757880,378841,199136721,1,0,0,21504,17,7002011963
18836,198764331,277933,199042264,5,0,0,2048,10,6410840220
18837,198764680,9862,198774542,6,0,1,5632,8,312643257
18838,198769070,6644,198775714,9,0,1,1024,3,3843158543
18839,198780430,659998,199440428,1,0,0,18432,17,3743078957
18840,198786680,559468,199346148,8,0,0,35840,8,1479103973
18841,198790650,3898,198794548,6,0,1,4096,8,2612867033
18842,198791650,632352,199424002,8,0,0,83456,8,8537087634
18843,198791930,4884,198796814,7,0,1,3584,4,5629228799
18844,198799799,4374,198804173,2,0,1,4608,12,2918773234
18845,198810060,284242,199094302,3,0,0,12288,0,7366804958
18846,198813980,23869,198837849,9,0,1,5632,3,2082136001
18847,198814560,23635,198838195,8,0,1,512,8,492708255
18848,198830119,10342,198840461,2,0,1,3584,12,9314852963
18849,198856170,2946,198859116,9,0,1,3072,3,151584719
18850,198856960,4357,198861317,8,0,1,11264,8,8232646307
18851,198857981,202247,199060228,5,0,0,512,10,10469293462
18852,198863069,12825,198875894,2,0,1,21504,12,4114416642
18853,198865170,16011,198881181,9,0,1,16896,3,7161467675
18854,198879859,1668,198881527,2,0,1,512,12,10731954551
18855,198907011,387479,199294490,5,0,0,1024,10,9930378931
18856,198909060,311906,199220966,1,0,0,3072,17,4305887070
18857,198920700,658820,199579520,9,0,0,512,3,9800588595
18858,198923610,14487,198938097,9,0,1,4608,3,2558981406
18859,198938439,630412,199568851,7,0,0,22528,4,10457373368
18860,198943450,193450,199136900,9,0,0,512,3,4275381300
18861,198967130,384805,199351935,1,0,0,18944,17,548082022
18862,198969149,1042,198970191,2,0,1,1024,12,3297217792
18863,198982110,53161,199035271,8,0,1,9728,8,9681277675
18864,198991790,616479,199608269,4,0,0,47616,5,3063122569
18865,198994300,48553,199042853,8,0,1,7680,8,4422614230
18866,199014760,536036,199550796,3,0,0,88576,0,206803474
18867,199015110,555955,199571065,8,0,0,6144,8,10350878657
18868,199049210,2470,199051680,9,0,1,2560,3,7386773227
18869,199055680,595001,199650681,1,0,0,31232,17,1206737834
18870,199057220,504744,199561964,3,0,0,6656,0,517546207
18871,199064840,290550,199355390,8,0,0,11264,8,8269683516
18872,199070430,896901,199967331,4,0,0,65024,5,2522466398
18873,199073531,505731,199579262,5,0,0,512,10,2040357960
18874,199074840,872664,199947504,1,0,0,144384,17,10497851932
18875,199098171,461547,199559718,5,0,0,512,10,2503389076
18876,199099050,888671,199987721,1,0,0,10752,17,7943948978
18877,199100550,3422,199103972,9,0,1,3584,3,3457280023
18878,199108960,1994,199110954,9,0,1,2048,3,7754143744
18879,199111449,1518,199112967,2,0,1,1536,12,1962875792
18880,199131320,531476,199662796,8,0,0,4608,8,1088508767
18881,199133530,711738,199845268,4,0,0,30720,5,7037016163
18882,199134710,459036,199593746,1,0,0,46592,17,6843171131
18883,199136630,2782,199139412,6,0,1,2560,8,6213685054
18884,199137389,436507,199573896,7,0,0,9216,4,9342367270
18885,199143940,472120,199616060,8,0,0,25088,8,9048942237
18886,199144080,4420,199148500,0,0,1,11776,11,406447680
18887,199166299,4374,199170673,2,0,1,4608,12,6545159160
18888,199168740,4519,199173259,8,0,1,4096,8,1106014097
18889,199181170,612026,199793196,3,0,0,35840,0,44669606
18890,199185620,2946,199188566,0,0,1,3072,11,672912698
18891,199189660,6943,199196603,0,0,1,2048,11,10118103694
18892,199205880,2946,199208826,9,0,1,3072,3,3377045715
18893,199215269,566,199215835,2,0,1,512,12,3755580497
18894,199234610,344473,199579083,8,0,0,16896,8,10599509842
18895,199240599,1994,199242593,2,0,1,2048,12,6667557935
18896,199243050,3645,199246695,9,0,1,10240,3,3275267046
18897,199247740,433877,199681617,9,0,0,1536,3,6184249392
18898,199252720,416019,199668739,4,0,0,19456,5,6183770970
18899,199254530,1058626,200313156,8,0,0,44032,8,4775400845
18900,199256521,851961,200108482,5,0,0,29184,10,299704984
18901,199257169,1994,199259163,2,0,1,2048,12,6906838022
18902,199262300,28443,199290743,9,0,1,7680,3,1184496436
18903,199266561,898677,200165238,5,0,0,83968,10,10372418670
18904,199267890,25759,199293649,6,0,1,4608,8,6103631031
18905,199274200,915085,200189285,3,0,0,78848,0,10287205000
18906,199286795,9440,199296235,9,0,1,4096,3,5022340
18907,199292010,5211,199297221,9,0,1,1536,3,4668125075
18908,199293560,608089,199901649,3,0,0,8192,0,8932968811
18909,199294060,463613,199757673,3,0,0,4096,0,10021016637
18910,199296530,576868,199873398,4,0,0,66048,5,10622615353
18911,199298340,270838,199569178,9,0,0,1024,3,9540170822
18912,199311529,23676,199335205,2,0,1,20480,12,5312304754
18913,199327610,1092640,200420250,1,0,0,67072,17,4426280835
18914,199337929,18963,199356892,2,0,1,1536,12,7835101010
18915,199346310,865493,200211803,1,0,0,45568,17,8440619157
18916,199362399,621967,199984366,7,0,0,11776,4,558591328
18917,199372179,207098,199579277,2,0,1,5632,12,8648244624
18918,199382740,196795,199579535,0,0,1,11776,11,3581750857
18919,199382820,248952,199631772,8,0,0,17920,8,3920794617
18920,199404769,203555,199608324,2,0,1,1536,12,10536646219
18921,199426840,181499,199608339,8,0,1,8704,8,149566682
18922,199433070,175292,199608362,8,0,1,2048,8,3415047448
18923,199435760,544979,199980739,1,0,0,32256,17,6251578345
18924,199450530,157847,199608377,8,0,1,2048,8,9012440333
18925,199504050,783705,200287755,4,0,0,73728,5,2827985415
18926,199511300,910556,200421856,1,0,0,4608,17,519828202
18927,199514201,814671,200328872,5,0,0,14848,10,6070377921
18928,199520180,1189767,200709947,8,0,0,17408,8,7503895649
18929,199535969,80106,199616075,2,0,1,5632,12,9143988289
18930,199538499,77591,199616090,2,0,1,512,12,8598112967
18931,199541160,990549,200531709,8,0,0,98816,8,3932380559
18932,199549209,68237,199617446,2,0,1,5632,12,3150899181
18933,199556030,65282,199621312,8,0,1,6144,8,4067388095
18934,199557510,74277,199631787,9,0,1,8192,3,192708935
18935,199584230,416112,200000342,9,0,0,1536,3,8133146676
18936,199597081,1016500,200613581,5,0,0,25600,10,7467475867
18937,199597610,476410,200074020,4,0,0,53248,5,6893777624
18938,199607040,25319,199632359,9,0,1,28160,3,2481515509
18939,199633620,566,199634186,9,0,1,512,3,3995603306
18940,199640000,1042,199641042,8,0,1,1024,8,1023140200
18941,199643000,325065,199968065,9,0,0,2048,3,9474889016
18942,199653000,6278,199659278,9,0,1,6656,3,3286935565
18943,199671061,6754,199677815,3,0,1,7168,0,8248996046
18944,199672199,6602,199678801,2,0,1,1536,12,4486407890
18945,199673710,712231,200385941,3,0,0,512,0,10580006554
18946,199678620,4374,199682994,8,0,1,4608,8,8184517758
18947,199686591,4374,199690965,3,0,1,4608,0,6132564093
18948,199702031,798836,200500867,5,0,0,101888,10,8665751400
18949,199708560,897135,200605695,3,0,0,44544,0,3500292297
18950,199709650,791856,200501506,3,0,0,2048,0,10100262058
18951,199715619,566,199716185,2,0,1,512,12,7658444478
18952,199722221,1518,199723739,3,0,1,1536,0,8019163532
18953,199734430,488998,200223428,3,0,0,13824,0,5100070599
18954,199740390,829341,200569731,9,0,0,1536,3,5765849149
18955,199747190,85304,199832494,9,0,0,512,3,2835281989
18956,199751560,4850,199756410,9,0,1,5120,3,5545242560
18957,199760680,210216,199970896,3,0,0,9216,0,950070689
18958,199763880,501372,200265252,3,0,0,48128,0,3811543898
18959,199770480,566,199771046,8,0,1,512,8,31167563
18960,199770559,4024,199774583,2,0,1,4096,12,1077701336
18961,199773289,5326,199778615,2,0,1,5632,12,307518836
18962,199786641,1020921,200807562,5,0,0,23040,10,9384359875
18963,199790980,111401,199902381,9,0,0,512,3,1447767655
18964,199843540,542230,200385770,8,0,0,13824,8,4134395165
18965,199845070,2685,199847755,8,0,1,2560,8,525690005
18966,199849410,348478,200197888,4,0,0,28160,5,5284421925
18967,199850530,2470,199853000,7,0,1,2560,4,4360598966
18968,199854710,693455,200548165,3,0,0,53760,0,3278826143
18969,199861489,608279,200469768,7,0,0,81920,4,2068096772
18970,199866009,10870,199876879,2,0,1,3584,12,8023175333
18971,199869270,446888,200316158,1,0,0,9728,17,4530577126
18972,199874450,4055,199878505,6,0,1,2560,8,1427765808
18973,199879120,845818,200724938,4,0,0,49152,5,4539110157
18974,199884471,1518,199885989,3,0,1,1536,0,8810832569
18975,199891050,566,199891616,8,0,1,512,8,4979134985
18976,199901030,66316,199967346,7,0,1,3584,4,6988703069
18977,199909300,1035944,200945244,3,0,0,60416,0,7927860944
18978,199910301,837807,200748108,5,0,0,70656,10,8321593457
18979,199921491,67684,199989175,3,0,1,5120,0,8401191465
18980,199922630,294048,200216678,8,0,0,15872,8,3735387408
18981,199928110,62051,199990161,7,0,1,1536,4,663475327
18982,199929849,62578,199992427,2,0,1,3584,12,6570827467
18983,199931370,1108777,201040147,4,0,0,46592,5,6034072422
18984,199931580,61193,199992773,6,0,1,512,8,10277824267
18985,199934300,61379,199995679,8,0,1,4608,8,5225593341
18986,199941400,58957,200000357,6,0,1,7168,8,3144470224
18987,199945790,55701,200001491,6,0,1,2048,8,9234954000
18988,199957601,46476,200004077,3,0,1,4096,0,1037107264
18989,199961090,326852,200287942,9,0,0,512,3,8704176473
18990,199965180,41483,200006663,6,0,1,4096,8,4464705884
18991,199971001,39848,200010849,3,0,1,6656,0,9732119951
18992,199973770,38705,200012475,8,0,1,2560,8,9583427929
18993,199979830,988593,200968423,3,0,0,48128,0,10129213328
18994,199992580,1265254,201257834,1,0,0,84992,17,8667624484
18995,199999211,15530,200014741,3,0,1,3584,0,9177471291
18996,200008470,580339,200588809,3,0,0,62464,0,10115712029
18997,200025880,2470,200028350,9,0,1,2560,3,5750192649
18998,200028009,3422,200031431,2,0,1,3584,12,10294971605
18999,200038981,969539,201008520,5,0,0,7680,10,9755727496
19000,200052739,516501,200569240,7,0,0,69120,4,4272304613
19001,200053041,2470,200055511,3,0,1,2560,0,5324908460
19002,200055721,1157612,201213333,5,0,0,84480,10,4350451028
19003,200058189,18385,200076574,2,0,1,2560,12,3126973393
19004,200058760,1257013,201315773,1,0,0,73216,17,6283986557
19005,200067400,524708,200592108,4,0,0,10752,5,2618882726
19006,200069340,656861,200726201,1,0,0,4096,17,10381718046
19007,200071861,581897,200653758,5,0,0,59904,10,5171618722
19008,200087180,801738,200888918,9,0,0,512,3,1706978690
19009,200106311,517643,200623954,5,0,0,28160,10,1095802882
19010,200111190,309231,200420421,9,0,0,512,3,4021278916
19011,200126970,566,200127536,6,0,1,512,8,9683472599
19012,200130520,484808,200615328,8,0,0,5632,8,918696504
19013,200143780,842218,200985998,9,0,0,1024,3,4527291637
19014,200176720,734388,200911108,8,0,0,46080,8,1127801644
19015,200179889,36812,200216701,2,0,1,2048,12,5304037038
19016,200185520,31212,200216732,7,0,1,10240,4,10331159899
19017,200198669,25707,200224376,2,0,1,8192,12,7724056135
19018,200207890,416273,200624163,9,0,0,512,3,8367341663
19019,200215190,1271611,201486801,8,0,0,37376,8,10134472067
19020,200221110,8588,200229698,9,0,1,6656,3,4194576652
19021,200226590,6014,200232604,9,0,1,4608,3,3434185888
19022,200227799,631298,200859097,7,0,0,40448,4,883561501
19023,200232960,7706,200240666,7,0,1,8192,4,8631264649
19024,200235540,921260,201156800,9,0,0,1024,3,9968860839
19025,200254350,36310,200290660,9,0,1,3072,3,2482948189
19026,200261270,1416160,201677430,8,0,0,64512,8,1596425778
19027,200261780,29866,200291646,9,0,1,1536,3,8152817374
19028,200281159,943657,201224816,7,0,0,37376,4,8568777585
19029,200294130,19049,200313179,9,0,1,7168,3,6921173071
19030,200295600,20573,200316173,9,0,1,2560,3,10450588128
19031,200299920,18206,200318126,9,0,1,2048,3,8175693655
19032,200313300,9291,200322591,9,0,1,6144,3,5903518845
19033,200326720,829738,201156458,1,0,0,110080,17,10400688840
19034,200327520,4773,200332293,9,0,1,9728,3,2343843006
19035,200328590,713771,201042361,4,0,0,7168,5,4082122979
19036,200351780,494970,200846750,1,0,0,23040,17,9557244188
19037,200362830,1112560,201475390,4,0,0,208384,5,4184294422
19038,200364100,1549702,201913802,9,0,0,512,3,3078554253
19039,200372919,920516,201293435,7,0,0,21504,4,9858351807
19040,200373340,632654,201005994,1,0,0,36864,17,275540419
19041,200388280,524403,200912683,1,0,0,5120,17,3204528399
19042,200392570,778597,201171167,4,0,0,47104,5,3649858029
19043,200402370,671552,201073922,9,0,0,512,3,3744517779
19044,200408150,15659,200423809,7,0,1,2048,4,4551336590
19045,200422910,436522,200859432,1,0,0,1024,17,8963623170
19046,200423360,3898,200427258,7,0,1,4096,4,555991585
19047,200423911,849505,201273416,5,0,0,50688,10,5029787496
19048,200429400,3128,200432528,7,0,1,9216,4,4744723630
19049,200440700,1299856,201740556,9,0,0,1024,3,3483207608
19050,200442331,420571,200862902,5,0,0,2560,10,4624863725
19051,200444830,1575296,202020126,8,0,0,61440,8,6482746402
19052,200445930,85802,200531732,7,0,1,4608,4,6256970800
19053,200448690,83065,200531755,9,0,1,3072,3,5660856079
19054,200449200,82570,200531770,9,0,1,2048,3,3160483398
19055,200449599,737963,201187562,7,0,0,53760,4,3548296458
19056,200451060,118694,200569754,7,0,1,1024,4,7690299512
19057,200463740,1185050,201648790,9,0,0,512,3,1644476609
19058,200486829,1398428,201885257,7,0,0,36864,4,7027033372
19059,200487170,1386661,201873831,8,0,0,29184,8,5116167002
19060,200491069,1025402,201516471,7,0,0,65536,4,2529463357
19061,200492351,1287273,201779624,5,0,0,512,10,7337754021
19062,200494770,737145,201231915,4,0,0,23040,5,5558501179
19063,200506030,99688,200605718,9,0,1,5120,3,4127997238
19064,200525281,819153,201344434,5,0,0,16896,10,1543309009
19065,200533580,856326,201389906,8,0,0,15360,8,6177525409
19066,200544670,70689,200615359,9,0,1,8704,3,6543918718
19067,200564300,59669,200623969,9,0,1,512,3,3031230833
19068,200580320,43664,200623984,7,0,1,512,4,3095102891
19069,200595960,928872,201524832,4,0,0,24064,5,6232193824
19070,200596290,27888,200624178,7,0,1,4608,4,3750048574
19071,200596500,27693,200624193,9,0,1,3584,3,6992219208
19072,200602620,1038278,201640898,8,0,0,166400,8,4795105555
19073,200616050,10572,200626622,7,0,1,2560,4,9377333370
19074,200630851,1116124,201746975,5,0,0,20992,10,8737986322
19075,200632100,1016511,201648611,1,0,0,12288,17,3592506521
19076,200641041,678396,201319437,5,0,0,11776,10,4232202764
19077,200646030,9280,200655310,7,0,1,1536,4,9710821859
19078,200653570,4077,200657647,5,0,1,9728,10,6889412781
19079,200656961,1459067,202116028,5,0,0,68096,10,450479780
19080,200659890,3898,200663788,5,0,1,4096,10,10591373637
19081,200661490,436129,201097619,9,0,0,1024,3,1705813506
19082,200667870,1042,200668912,5,0,1,1024,10,449756121
19083,200671010,825478,201496488,8,0,0,31744,8,5455336465
19084,200686200,1994,200688194,9,0,1,2048,3,2929826313
19085,200689420,6488,200695908,7,0,1,15872,4,1106859658
19086,200692090,4804,200696894,7,0,1,1536,4,8615892575
19087,200742390,7704,200750094,5,0,1,2048,10,541822864
19088,200759861,980360,201740221,5,0,0,70656,10,2009980217
19089,200779610,1994,200781604,7,0,1,2048,4,5169798958
19090,200785070,2470,200787540,7,0,1,2560,4,6674485406
19091,200788111,1189520,201977631,5,0,0,35840,10,9190580853
19092,200803500,9380,200812880,5,0,1,5632,10,2123590577
19093,200821580,184585,201006165,9,0,0,512,3,2375081699
19094,200842100,22282,200864382,5,0,1,5632,10,3970247340
19095,200858570,6798,200865368,9,0,1,1536,3,9779092019
19096,200861840,1275974,202137814,4,0,0,69120,5,1488891189
19097,200866810,783430,201650240,9,0,0,512,3,8934869895
19098,200875480,641670,201517150,9,0,0,2048,3,3519259163
19099,200880469,4374,200884843,2,0,1,4608,12,3464109657
19100,200881160,6733,200887893,5,0,1,14848,10,7031259013
19101,200882070,1286052,202168122,8,0,0,32256,8,3255201781
19102,200906621,1274152,202180773,5,0,0,41472,10,7036706125
19103,200915720,1042,200916762,5,0,1,1024,10,5202612383
19104,200932649,13153,200945802,2,0,1,512,12,2412915739
19105,200947621,1313455,202261076,5,0,0,134144,10,2898445015
19106,200956490,1201789,202158279,8,0,0,45056,8,9245754925
19107,200963169,8217,200971386,2,0,1,3072,12,5153857099
19108,200969121,1031779,202000900,5,0,0,40448,10,5233258461
19109,200973049,11533,200984582,2,0,1,18944,12,686853988
19110,200978799,10929,200989728,2,0,1,8192,12,8216423386
19111,201003350,7156,201010506,9,0,1,2048,3,1656934893
19112,201020859,3645,201024504,2,0,1,10240,12,6483897503
19113,201023530,16632,201040162,9,0,1,2560,3,4828179056
19114,201057230,6278,201063508,9,0,1,6656,3,488140644
19115,201070260,7230,201077490,9,0,1,7680,3,5561583750
19116,201081449,1994,201083443,2,0,1,2048,12,4591985145
19117,201089950,4850,201094800,5,0,1,5120,10,1033162271
19118,201104120,3422,201107542,5,0,1,3584,10,4687270652
19119,201113810,403675,201517485,9,0,0,1024,3,4449134025
19120,201115600,727210,201842810,8,0,0,38912,8,539747324
19121,201120639,35834,201156473,2,0,1,6144,12,6411496581
19122,201132679,125170,201257849,2,0,1,3072,12,9013308700
19123,201134310,123554,201257864,5,0,1,3584,10,4290845441
19124,201140001,1080157,202220158,5,0,0,58368,10,5599715137
19125,201142870,638340,201781210,4,0,0,512,5,8643091089
19126,201154670,103209,201257879,5,0,1,3072,10,9833302152
19127,201162140,95770,201257910,9,0,1,512,3,10095663879
19128,201167420,927837,202095257,8,0,0,23040,8,5096801245
19129,201170740,1091503,202262243,9,0,0,1024,3,6177045864
19130,201171660,508238,201679898,9,0,0,512,3,1099587662
19131,201174160,83781,201257941,9,0,1,13824,3,2617097157
19132,201175870,912336,202088206,1,0,0,78848,17,10334361252
19133,201176681,967411,202144092,5,0,0,10752,10,8528894319
19134,201191490,573685,201765175,4,0,0,45568,5,5112530646
19135,201200250,646639,201846889,4,0,0,13312,5,5615216471
19136,201218920,54543,201273463,5,0,1,3072,10,5419199911
19137,201223670,49808,201273478,9,0,1,3072,3,4780159688
19138,201227949,48838,201276787,2,0,1,9728,12,4373617123
19139,201232901,411935,201644836,5,0,0,4096,10,5686452828
19140,201238460,44658,201283118,5,0,1,7168,10,4529487985
19141,201252410,34254,201286664,5,0,1,5632,10,5547355658
19142,201257260,36190,201293450,9,0,1,6144,3,8717717608
19143,201264840,50948,201315788,9,0,1,6144,3,1151454872
19144,201281600,34211,201315811,9,0,1,5120,3,7035157198
19145,201282879,32955,201315834,2,0,1,2048,12,9897667651
19146,201295179,28896,201324075,2,0,1,12288,12,9091515803
19147,201298240,40737,201338977,5,0,1,30720,10,600138022
19148,201315980,23151,201339131,5,0,1,8704,10,80746095
19149,201321330,458108,201779438,1,0,0,18944,17,1675428270
19150,201324020,1010527,202334547,4,0,0,89600,5,7050811349
19151,201324630,960138,202284768,4,0,0,64000,5,3850810372
19152,201335430,9027,201344457,7,0,1,3584,4,936134033
19153,201340770,302803,201643573,8,0,0,8704,8,1504090574
19154,201345671,795130,202140801,5,0,0,9728,10,1535566328
19155,201362270,587120,201949390,9,0,0,1536,3,292307311
19156,201371000,3898,201374898,7,0,1,4096,4,9274872170
19157,201398791,251278,201650069,5,0,0,4096,10,7577754339
19158,201404681,508950,201913631,5,0,0,75776,10,4190083738
19159,201408190,2946,201411136,5,0,1,3072,10,6208316236
19160,201417640,107255,201524895,9,0,1,1024,3,7815720370
19161,201459120,69669,201528789,9,0,1,4096,3,7919692631
19162,201461040,453113,201914153,9,0,0,1024,3,2365292517
19163,201465020,1159684,202624704,4,0,0,136704,5,1313622752
19164,201465140,64315,201529455,7,0,1,1024,4,8764012486
19165,201466920,298746,201765666,1,0,0,1536,17,8054137671
19166,201479930,721587,202201517,8,0,0,12288,8,7599032934
19167,201504960,521061,202026021,9,0,0,1024,3,3010887833
19168,201506169,24592,201530761,2,0,1,2048,12,2331016665
19169,201514460,359550,201874010,1,0,0,512,17,5996657651
19170,201527520,302422,201829942,9,0,0,512,3,2639378170
19171,201527750,4637,201532387,7,0,1,2560,4,7832217045
19172,201534140,4869,201539009,7,0,1,5120,4,6911799365
19173,201534150,817974,202352124,9,0,0,512,3,9247235874
19174,201551610,3645,201555255,9,0,1,10240,3,8642833639
19175,201560950,1136930,202697880,8,0,0,55296,8,7928316466
19176,201572219,1042,201573261,2,0,1,1024,12,1931324009
19177,201576579,4162,201580741,2,0,1,11264,12,5467814120
19178,201596410,58639,201655049,7,0,1,5120,4,1138283000
19179,201607629,47766,201655395,2,0,1,512,12,3398442997
19180,201610940,839895,202450835,9,0,0,512,3,2614935187
19181,201619050,207290,201826340,4,0,0,6656,5,5975125541
19182,201628610,833036,202461646,1,0,0,35328,17,1557005078
19183,201632560,44885,201677445,9,0,1,15872,3,5777920218
19184,201654751,686831,202341582,5,0,0,23040,10,1812212408
19185,201655340,22120,201677460,9,0,1,12800,3,4246413239
19186,201669260,8775,201678035,9,0,1,512,3,1750321697
19187,201674411,698681,202373092,5,0,0,30720,10,8281952883
19188,201680620,581266,202261886,9,0,0,512,3,8100458848
19189,201696420,4374,201700794,9,0,1,4608,3,6868251884
19190,201699820,750844,202450664,1,0,0,45056,17,9047096935
19191,201702210,768241,202470451,1,0,0,2048,17,525983127
19192,201713220,403471,202116691,9,0,0,2048,3,8205575538
19193,201721230,29891,201751121,9,0,1,11264,3,9227612846
19194,201731180,985387,202716567,4,0,0,55296,5,2938180416
19195,201737261,460413,202197674,5,0,0,55296,10,3096443278
19196,201752430,888834,202641264,1,0,0,13312,17,8641511062
19197,201760260,6457,201766717,1,0,1,1024,17,302995126
19198,201764599,6241,201770840,2,0,1,5120,12,1456382598
19199,201770809,8644,201779453,2,0,1,9216,12,4509279143
19200,201776020,5205,201781225,1,0,1,1536,17,6979540031
19201,201788120,3898,201792018,1,0,1,4096,17,4427988885
19202,201793269,7706,201800975,2,0,1,8192,12,848298850
19203,201798650,345769,202144419,8,0,0,1024,8,5843475871
19204,201798839,2482,201801321,2,0,1,512,12,8707726281
19205,201800320,89322,201889642,9,0,0,2048,3,4801449512
19206,201802861,776672,202579533,5,0,0,25088,10,3018063455
19207,201804570,1994,201806564,9,0,1,2048,3,142054164
19208,201808490,7706,201816196,1,0,1,8192,17,8481276966
19209,201811670,541990,202353660,9,0,0,512,3,384848953
19210,201811790,734138,202545928,4,0,0,9728,5,2323433393
19211,201818910,5326,201824236,9,0,1,5632,3,8425853154
19212,201835020,12394,201847414,1,0,1,512,17,10358063210
19213,201847469,5326,201852795,2,0,1,5632,12,4040707917
19214,201851630,3111,201854741,9,0,1,3072,3,10733467977
19215,201860999,1518,201862517,2,0,1,1536,12,6346066771
19216,201865760,602149,202467909,1,0,0,20480,17,1678688080
19217,201879190,6625,201885815,1,0,1,512,17,7945993500
19218,201893780,24230,201918010,6,0,1,4096,8,9471349257
19219,201897270,24606,201921876,7,0,1,6144,4,504669070
19220,201909410,91981,202001391,1,0,0,1536,17,3506468411
19221,201926270,335445,202261715,1,0,0,2048,17,1247921736
19222,201927240,566,201927806,1,0,1,512,17,9898699841
19223,201945350,7230,201952580,1,0,1,7680,17,9190177729
19224,201955860,5326,201961186,7,0,1,5632,4,6035956493
19225,201982850,219462,202202312,9,0,0,2560,3,2818665276
19226,201991830,28821,202020651,6,0,1,512,8,2624394554
19227,202019410,3992,202023402,7,0,1,9216,4,8972092626
19228,202025280,517661,202542941,4,0,0,40960,5,4429837654
19229,202036920,5454,202042374,6,0,1,13824,8,2213387318
19230,202046049,1994,202048043,2,0,1,2048,12,750051147
19231,202066190,78268,202144458,5,0,1,1536,10,7364863160
19232,202070260,74237,202144497,6,0,1,6656,8,7485621427
19233,202074230,70282,202144512,5,0,1,5120,10,3083563327
19234,202078440,102356,202180796,5,0,1,512,10,2380431977
19235,202080560,100251,202180811,5,0,1,512,10,5594479948
19236,202083190,114499,202197689,5,0,1,10240,10,3941847968
19237,202091840,105872,202197712,7,0,1,20480,4,9855009570
19238,202094600,103135,202197735,7,0,1,6656,4,704030110
19239,202097650,100100,202197750,7,0,1,512,4,7718854313
19240,202103320,99031,202202351,1,0,1,2560,17,157275254
19241,202130889,89300,202220189,2,0,1,6144,12,3784054867
19242,202132791,355946,202488737,5,0,0,30720,10,6487099428
19243,202133350,261019,202394369,9,0,0,512,3,2336894331
19244,202161640,331370,202493010,9,0,0,2048,3,8479254040
19245,202168551,361887,202530438,5,0,0,55296,10,9707662828
19246,202174599,87302,202261901,2,0,1,5120,12,7604889369
19247,202178440,164413,202342853,4,0,0,4096,5,788187904
19248,202179089,82827,202261916,2,0,1,512,12,1896373263
19249,202183580,605833,202789413,8,0,0,56320,8,2055538480
19250,202253701,371182,202624883,5,0,0,512,10,4294356771
19251,202254290,9530,202263820,1,0,1,1536,17,10140691097
19252,202255540,29243,202284783,1,0,1,3584,17,4007780951
19253,202257730,293591,202551321,9,0,0,1024,3,2397871068
19254,202263451,206361,202469812,5,0,0,6144,10,1404689704
19255,202298280,566,202298846,1,0,1,512,17,9215352714
19256,202299310,5454,202304764,7,0,1,13824,4,4477405584
19257,202323900,20906,202344806,7,0,1,2048,4,3387486410
19258,202350950,1189,202352139,1,0,1,1024,17,4816427862
19259,202358860,272902,202631762,4,0,0,22528,5,6064152540
19260,202366490,313717,202680207,4,0,0,97280,5,8264649024
19261,202383959,1518,202385477,2,0,1,1536,12,8057618932
19262,202419230,3422,202422652,7,0,1,3584,4,9046939338
19263,202420790,259588,202680378,9,0,0,512,3,4008155494
19264,202441009,29457,202470466,2,0,1,6656,12,9647670683
19265,202441121,294023,202735144,5,0,0,18432,10,1478110892
19266,202442470,255589,202698059,9,0,0,512,3,5354409852
19267,202443060,237957,202681017,9,0,0,2048,3,1697670595
19268,202458520,186214,202644734,8,0,0,11264,8,10421001497
19269,202461650,288182,202749832,8,0,0,6144,8,6572486817
19270,202473659,15101,202488760,2,0,1,20480,12,8959093279
19271,202481680,8091,202489771,1,0,1,1024,17,9240508050
19272,202494529,5802,202500331,2,0,1,6144,12,1869613914
19273,202502150,3128,202505278,1,0,1,9216,17,636988565
19274,202518950,27001,202545951,9,0,1,1536,3,10142434454
19275,202534700,17974,202552674,7,0,1,7168,4,8514579091
19276,202549380,7800,202557180,1,0,1,7168,17,4065674869
19277,202565190,315801,202880991,8,0,0,23040,8,6869942627
19278,202585270,51301,202636571,1,0,1,5120,17,6297340280
19279,202633490,7789,202641279,0,0,1,1536,11,8748117094
19280,202640680,9815,202650495,1,0,1,6144,17,4603611774
19281,202642630,316932,202959562,1,0,0,21504,17,7446887556
19282,202679020,37562,202716582,0,0,1,9728,11,8687330520
19283,202689420,27185,202716605,0,0,1,6656,11,3802610212
19284,202693740,22880,202716620,0,0,1,9728,11,8927088888
19285,202697430,99103,202796533,1,0,0,4608,17,2146899164
19286,202702430,15219,202717649,1,0,1,1024,17,7280960170
19287,202711861,411034,203122895,5,0,0,105472,10,4104177529
19288,202721000,182190,202903190,9,0,0,512,3,8496145781
19289,202735440,292771,203028211,8,0,0,24064,8,3296173910
19290,202741620,110967,202852587,8,0,0,25600,8,1888473207
19291,202765521,255343,203020864,5,0,0,50176,10,8527681927
19292,202775140,267865,203043005,9,0,0,1024,3,5122355432
19293,202797550,329104,203126654,8,0,0,12288,8,2266492823
19294,202801380,1994,202803374,1,0,1,2048,17,8138942835
19295,202811950,10241,202822191,1,0,1,16384,17,706972122
19296,202820680,3137,202823817,1,0,1,2560,17,10265737592
19297,202856950,3422,202860372,1,0,1,3584,17,4420013357
19298,202858580,437558,203296138,1,0,0,15872,17,569701485
19299,202895810,280221,203176031,9,0,0,1536,3,8832022190
19300,202910931,364941,203275872,5,0,0,6144,10,7468187253
19301,202914700,281455,203196155,9,0,0,2048,3,1304699300
19302,202930071,274087,203204158,5,0,0,3072,10,6354739283
19303,202964101,309884,203273985,5,0,0,121344,10,3107516978
19304,202970700,4374,202975074,7,0,1,4608,4,215432513
19305,202997260,3422,203000682,7,0,1,3584,4,2767077017
19306,203032340,198658,203230998,1,0,0,512,17,3242632618
19307,203041430,358104,203399534,8,0,0,34304,8,485458022
19308,203046020,2946,203048966,7,0,1,3072,4,8349085540
19309,203062960,342840,203405800,1,0,0,12800,17,10145150035
19310,203063020,117148,203180168,9,0,0,2048,3,8209803369
19311,203070110,566,203070676,7,0,1,512,4,3774795391
19312,203075781,138376,203214157,5,0,0,32768,10,9704231161
19313,203077891,463240,203541131,5,0,0,47104,10,1381557766
19314,203143100,337733,203480833,9,0,0,2048,3,7836447462
19315,203154101,494045,203648146,5,0,0,82944,10,2880321022
19316,203164060,304842,203468902,1,0,0,97792,17,9331071647
19317,203171890,486123,203658013,8,0,0,32256,8,1424271844
19318,203172830,41342,203214172,7,0,1,56832,4,8652165046
19319,203191230,288481,203479711,1,0,0,13824,17,5199839453
19320,203192460,142308,203334768,9,0,0,1024,3,917942979
19321,203203191,290250,203493441,5,0,0,27648,10,4342152821
19322,203207940,267544,203475484,9,0,0,512,3,6149842097
19323,203240321,536858,203777179,5,0,0,59904,10,9503436143
19324,203273800,572937,203846737,8,0,0,80384,8,7081517185
19325,203288791,186522,203475313,5,0,0,20992,10,1536095138
19326,203311860,310999,203622859,1,0,0,83968,17,7727063388
19327,203323790,260995,203584785,9,0,0,2560,3,10454576673
19328,203361050,119144,203480194,9,0,0,1536,3,1279798839
19329,203369910,566,203370476,5,0,1,512,10,9579347159
19330,203376480,168353,203544833,9,0,0,1536,3,7074697077
19331,203377521,326852,203704373,5,0,0,26624,10,979427481
19332,203386730,139580,203526310,9,0,0,4096,3,5856727721
19333,203387270,348945,203736215,1,0,0,83456,17,3820433315
19334,203404011,333638,203737649,5,0,0,3584,10,8668047687
19335,203421660,1518,203423178,1,0,1,1536,17,7171682388
19336,203431640,468293,203899933,1,0,0,107008,17,2575812503
19337,203464350,17993,203482343,1,0,1,1536,17,2446613411
19338,203490400,5520,203495920,8,0,1,2560,8,5778915318
19339,203491500,6046,203497546,8,0,1,2560,8,8228552616
19340,203508670,2870,203511540,1,0,1,8704,17,3854985924
19341,203509901,273845,203783746,5,0,0,21504,10,23570891
19342,203511870,29276,203541146,1,0,1,29184,17,3920201905
19343,203514660,341780,203856440,9,0,0,512,3,1613204405
19344,203528350,14799,203543149,1,0,1,2048,17,1830530866
19345,203533490,22406,203555896,1,0,1,24064,17,7274726005
19346,203572180,164362,203736542,9,0,0,1024,3,7435806678
19347,203577890,2470,203580360,1,0,1,2560,17,5362406634
19348,203582240,3422,203585662,8,0,1,3584,8,2580858458
19349,203609120,55606,203664726,1,0,1,7168,17,3131569441
19350,203633440,214731,203848171,1,0,0,4608,17,4540678276
19351,203638281,334090,203972371,5,0,0,46592,10,3565187609
19352,203648390,251893,203900283,9,0,0,512,3,8837081800
19353,203682000,412763,204094763,1,0,0,55808,17,5013840684
19354,203700050,4881,203704931,1,0,1,512,17,5854428218
19355,203724310,131959,203856269,9,0,0,512,3,7034138123
19356,203732300,10216,203742516,8,0,1,5120,8,5165115794
19357,203767111,231825,203998936,5,0,0,46080,10,432707139
19358,203777810,122294,203900104,1,0,0,512,17,3785757724
19359,203790020,116470,203906490,9,0,0,1536,3,258364922
19360,203805061,137905,203942966,5,0,0,4608,10,6537559963
19361,203820500,26252,203846752,1,0,1,9728,17,1285807024
19362,203843591,162247,204005838,5,0,0,22528,10,8533343969
19363,203849390,80562,203929952,9,0,0,1024,3,6084200634
19364,203885390,275216,204160606,9,0,0,1536,3,6522305523
19365,203896330,6908,203903238,1,0,1,3072,17,247675846
19366,203897120,16416,203913536,8,0,1,20480,8,3888011082
19367,203902550,12369,203914919,8,0,1,14848,8,123301968
19368,203905600,254507,204160107,8,0,0,59904,8,7259697408
19369,203909380,191407,204100787,1,0,0,9728,17,94141679
19370,203956490,15896,203972386,8,0,1,4096,8,6307079849
19371,203984470,14481,203998951,8,0,1,2048,8,7299302458
19372,203990370,16469,204006839,1,0,1,1024,17,4200341732
19373,204005380,218936,204224316,1,0,0,44032,17,5958777938
19374,204008820,133012,204141832,8,0,0,32256,8,9233198478
19375,204025430,1042,204026472,1,0,1,1024,17,10060435806
19376,204028610,566,204029176,1,0,1,512,17,8003793495
19377,204037600,6488,204044088,1,0,1,15872,17,6190409187
19378,204041570,5852,204047422,1,0,1,12800,17,3060562959
19379,204042680,118105,204160785,9,0,0,512,3,8990360554
19380,204057810,167020,204224830,9,0,0,1024,3,1087363903
19381,204076870,191408,204268278,9,0,0,2560,3,8869955180
19382,204090670,135870,204226540,9,0,0,512,3,1926034749
19383,204104400,1042,204105442,8,0,1,1024,8,9801250617
19384,204140790,83697,204224487,9,0,0,512,3,3478750416
19385,204143560,84828,204228388,9,0,0,1536,3,282907913
19386,204145690,212399,204358089,9,0,0,2048,3,2962425608
19387,204149640,152509,204302149,9,0,0,512,3,7860861277
19388,204151310,126695,204278005,1,0,0,17408,17,4636408265
19389,204164570,1518,204166088,1,0,1,1536,17,10287174924
19390,204168340,566,204168906,1,0,1,512,17,10174118378
19391,204177131,308296,204485427,5,0,0,60416,10,875295916
19392,204180170,100465,204280635,9,0,0,1024,3,8075699480
19393,204194380,271501,204465881,8,0,0,137216,8,9837165502
19394,204217550,275076,204492626,8,0,0,23552,8,3482259584
19395,204219340,328340,204547680,1,0,0,53760,17,9819701164
19396,204221020,245976,204466996,1,0,0,3584,17,4146227547
19397,204239621,264408,204504029,5,0,0,37376,10,4689585349
19398,204256430,22691,204279121,7,0,1,37376,4,2296090606
19399,204279380,3645,204283025,1,0,1,10240,17,8211422585
19400,204297080,225664,204522744,9,0,0,1024,3,1003811608
19401,204324870,2470,204327340,8,0,1,2560,8,5582418315
19402,204335020,21658,204356678,7,0,1,35328,4,9893433593
19403,204342500,260141,204602641,1,0,0,52224,17,546322486
19404,204360070,288993,204649063,2,0,0,52224,12,3285195982
19405,204361300,5454,204366754,5,0,1,13824,10,1213990770
19406,204392971,450921,204843892,5,0,0,26112,10,3495073522
19407,204396451,190248,204586699,5,0,0,18944,10,7210242264
19408,204401790,5971,204407761,5,0,1,14848,10,6258372827
19409,204416970,104711,204521681,9,0,0,512,3,8823133285
19410,204428560,186624,204615184,9,0,0,2560,3,6183728482
19411,204439040,66466,204505506,5,0,1,1536,10,6064203977
19412,204453390,149422,204602812,9,0,0,512,3,9806271533
19413,204474370,32442,204506812,8,0,1,2048,8,1713881191
19414,204494590,363201,204857791,1,0,0,45568,17,3122336682
19415,204496710,283492,204780202,8,0,0,45056,8,3725701393
19416,204501350,148040,204649390,9,0,0,1024,3,4832588845
19417,204508060,227601,204735661,8,0,0,37888,8,1639429089
19418,204513850,2870,204516720,1,0,1,8704,17,9204610049
19419,204532300,19287,204551587,8,0,1,4096,8,3703684428
19420,204534270,392302,204926572,1,0,0,46080,17,8620679788
19421,204551460,566,204552026,8,0,1,512,8,5532365103
19422,204562880,5802,204568682,0,0,1,6144,11,277674754
19423,204579140,7574,204586714,5,0,1,4096,10,2598439317
19424,204586250,18615,204604865,6,0,1,2048,8,2245030125
19425,204587350,19141,204606491,0,0,1,2560,11,4471020262
19426,204587540,23137,204610677,5,0,1,6656,10,6431103834
19427,204590210,24989,204615199,5,0,1,6144,10,2049811851
19428,204663051,328992,204992043,5,0,0,133120,10,2730302140
19429,204681410,566,204681976,0,0,1,512,11,1656104995
19430,204697860,341325,205039185,8,0,0,24576,8,10122453906
19431,204728980,12016,204740996,8,0,1,5632,8,9951630239
19432,204731360,335967,205067327,9,0,0,512,3,963125089
19433,204741880,566,204742446,5,0,1,512,10,10723607081
19434,204748670,1042,204749712,8,0,1,1024,8,8115253715
19435,204753220,2470,204755690,0,0,1,2560,11,1748211301
19436,204761840,418639,205180479,8,0,0,78848,8,3617826596
19437,204768040,19877,204787917,5,0,1,8192,10,8896165253
19438,204776400,11863,204788263,5,0,1,512,10,1076546979
19439,204793830,6488,204800318,0,0,1,15872,11,227877368
19440,204802660,13858,204816518,8,0,1,23552,8,8396904715
19441,204810050,300601,205110651,8,0,0,3072,8,2756877982
19442,204812580,4924,204817504,8,0,1,1536,8,3227565694
19443,204823241,285484,205108725,5,0,0,65024,10,7942425194
19444,204826881,257900,205084781,5,0,0,51712,10,9906313483
19445,204884300,108874,204993174,8,0,0,3584,8,6209333158
19446,204897740,4374,204902114,0,0,1,4608,11,6219339226
19447,204927931,160967,205088898,5,0,0,11264,10,4708453387
19448,204928820,2946,204931766,0,0,1,3072,11,3219390720
19449,204928881,180795,205109676,5,0,0,3072,10,3122910059
19450,204935270,2946,204938216,0,0,1,3072,11,6473242241
19451,204957550,37577,204995127,0,0,1,2048,11,10309870639
19452,204970440,29595,205000035,8,0,1,6656,8,2227430656
19453,204981750,19271,205001021,8,0,1,1536,8,2319601938
19454,204993770,8877,205002647,5,0,1,2560,10,3462843397
19455,204994160,91291,205085451,8,0,0,2048,8,3813506401
19456,205051790,566,205052356,0,0,1,512,11,1523328182
19457,205060640,3422,205064062,5,0,1,3584,10,6079033919
19458,205062240,22572,205084812,9,0,1,7680,3,1607743252
19459,205069240,202796,205272036,9,0,0,1024,3,9280399647
19460,205069280,41873,205111153,8,0,1,1536,8,1399815537
19461,205087480,30836,205118316,0,0,1,8192,11,849904076
19462,205091290,29292,205120582,0,0,1,3584,11,10194108294
19463,205116631,247793,205364424,5,0,0,82432,10,7141644316
19464,205120170,60480,205180650,9,0,0,512,3,10448885705
19465,205123140,1042,205124182,8,0,1,1024,8,2060557585
19466,205132640,566,205133206,8,0,1,512,8,5900203235
19467,205148860,5802,205154662,0,0,1,6144,11,10081599919
19468,205156091,165871,205321962,5,0,0,15360,10,6371711819
19469,205171780,9904,205181684,5,0,1,1024,10,9526765507
19470,205185260,4374,205189634,5,0,1,4608,10,2702937949
19471,205192570,566,205193136,5,0,1,512,10,2385909555
19472,205221289,10757,205232046,2,0,1,17408,12,10373228555
19473,205253810,4679,205258489,8,0,1,12288,8,6843721491
19474,205259480,186508,205445988,8,0,0,512,8,6185677183
19475,205273510,2946,205276456,0,0,1,3072,11,6151407224
19476,205282851,104401,205387252,5,0,0,17920,10,2911357056
19477,205290850,109195,205400045,9,0,0,1024,3,5221816122
19478,205297090,93162,205390252,9,0,0,2560,3,1735828880
19479,205313240,2946,205316186,5,0,1,3072,10,9631661634
19480,205329230,1994,205331224,0,0,1,2048,11,4452574960
19481,205339080,25359,205364439,8,0,1,11264,8,8320897349
19482,205406140,2946,205409086,0,0,1,3072,11,2442101646
19483,205448080,45596,205493676,8,0,0,1024,8,7300718029
19484,205461491,237448,205698939,5,0,0,27136,10,8705783823
19485,205469170,196446,205665616,9,0,0,6656,3,2505384491
19486,205490040,52364,205542404,9,0,0,3072,3,7250374371
19487,205504581,91573,205596154,5,0,0,6656,10,8294633411
19488,205527680,2946,205530626,8,0,1,3072,8,6240571263
19489,205536651,124879,205661530,5,0,0,59904,10,3779127663
19490,205551720,192539,205744259,8,0,0,39424,8,1648377002
19491,205567110,2470,205569580,8,0,1,2560,8,1765823359
19492,205575801,156423,205732224,5,0,0,28160,10,4282356872
19493,205621750,101879,205723629,8,0,0,11264,8,2228625135
19494,205634660,246992,205881652,8,0,0,2048,8,9408749423
19495,205670801,258438,205929239,5,0,0,6144,10,10525150666
19496,205689801,122318,205812119,5,0,0,37376,10,7420788892
19497,205700530,144973,205845503,8,0,0,15872,8,9819600790
19498,205718180,73527,205791707,9,0,0,13312,3,4619739954
19499,205728670,18494,205747164,8,0,1,3072,8,351396556
19500,205753240,4937,205758177,8,0,1,12800,8,4190145403
19501,205764420,3422,205767842,8,0,1,3584,8,654611222
19502,205773581,107432,205881013,5,0,0,52736,10,3726225965
19503,205781830,5802,205787632,8,0,1,6144,8,5928907879
19504,205783250,182572,205965822,9,0,0,41472,3,7999732316
19505,205785820,161317,205947137,9,0,0,30720,3,5908776337
19506,205946771,86696,206033467,5,0,0,9216,10,2098919140
19507,205968040,157052,206125092,9,0,0,99840,3,5700100895
19508,206001280,185474,206186754,9,0,0,74240,3,10153709132
19509,206012170,566,206012736,9,0,1,512,3,5810458591
19510,206063070,1518,206064588,5,0,1,1536,10,67741689
19511,206070791,116632,206187423,5,0,0,1536,10,6202266598
19512,206086201,100724,206186925,5,0,0,512,10,5911686571
19513,206128200,13253,206141453,7,0,1,25600,4,4260180485
19514,206134690,7749,206142439,5,0,1,1536,10,5426839333
19515,206137830,117757,206255587,9,0,0,13312,3,631814128
19516,206163490,23450,206186940,7,0,1,19968,4,9767775346
19517,206194510,2470,206196980,5,0,1,2560,10,3810781834
19518,206195290,4276,206199566,5,0,1,4096,10,1798491940
19519,206212510,141253,206353763,9,0,0,82944,3,2388942620
19520,206253450,5568,206259018,0,0,1,3584,11,2132791064
19521,206255440,64698,206320138,7,0,1,103424,4,2717011489
19522,206257261,161820,206419081,5,0,0,512,10,7906367418
19523,206275170,50562,206325732,6,0,1,18432,8,8253748008
19524,206298090,28628,206326718,5,0,1,1536,10,2279645936
19525,206324830,28948,206353778,7,0,1,26112,4,5128659923
19526,206344841,80594,206425435,5,0,0,512,10,4051316428
19527,206354280,3898,206358178,0,0,1,4096,11,5858267093
19528,206364470,22950,206387420,7,0,1,37888,4,4636318213
19529,206370930,21982,206392912,7,0,1,17920,4,3562034711
19530,206405150,1994,206407144,5,0,1,2048,10,7738289654
19531,206459330,62674,206522004,7,0,1,101888,4,8655236808
19532,206462050,61900,206523950,0,0,1,3072,11,7575606549
19533,206472630,51986,206524616,0,0,1,1024,11,10488610860
19534,206474700,51542,206526242,0,0,1,2560,11,5413000258
19535,206479730,48138,206527868,0,0,1,2560,11,2514519741
19536,206487710,41464,206529174,0,0,1,2048,11,9642620086
19537,206512830,17420,206530250,5,0,1,13312,10,10466959201
19538,206562350,252687,206815037,9,0,0,98816,3,9958495719
19539,206575020,12995,206588015,7,0,1,25088,4,3370664223
19540,206575500,17021,206592521,5,0,1,7168,10,883973850
19541,206624500,1042,206625542,5,0,1,1024,10,3535379502
19542,206661800,2470,206664270,5,0,1,2560,10,3154651925
19543,206729170,98192,206827362,9,0,0,18944,3,7703080565
19544,206740880,138383,206879263,9,0,0,24064,3,3561672651
19545,206775050,110000,206885050,9,0,0,18944,3,4895615583
19546,206804990,83579,206888569,9,0,0,3072,3,9602020815
19547,206812330,108668,206920998,9,0,0,8192,3,3125277539
19548,206817411,103758,206921169,5,0,0,512,10,6752887401
19549,206964170,103532,207067702,9,0,0,39936,3,9119423699
19550,206968241,110987,207079228,5,0,0,1024,10,6472363017
19551,207042219,1042,207043261,2,0,1,1024,12,280631116
19552,207085701,69882,207155583,5,0,0,1024,10,6075642162
19553,207091251,45596,207136847,5,0,0,1024,10,787364459
19554,207106441,43904,207150345,5,0,0,512,10,1138459425
19555,207110851,43904,207154755,5,0,0,512,10,3202453188
19556,207117421,150731,207268152,5,0,0,1536,10,8327349695
19557,207118509,3128,207121637,2,0,1,9216,12,9179177373
19558,207176351,43904,207220255,5,0,0,512,10,2377230954
19559,207227580,69152,207296732,9,0,0,12800,3,2677842773
19560,207232551,143330,207375881,5,0,0,512,10,827749916
19561,207243150,120516,207363666,9,0,0,87040,3,8697660316
19562,207345850,119312,207465162,9,0,0,33280,3,2257962936
19563,207356421,109848,207466269,5,0,0,3584,10,3429343722
19564,207387901,43904,207431805,5,0,0,512,10,4296051837
19565,207416711,49729,207466440,5,0,0,512,10,8735372331
19566,207443631,43904,207487535,5,0,0,512,10,1596293947
19567,207461150,104758,207565908,9,0,0,26624,3,10490153132
19568,207480931,76139,207557070,5,0,0,1536,10,4901774771
19569,207529871,47288,207577159,5,0,0,1536,10,6651635686
19570,207567840,103532,207671372,9,0,0,39936,3,6460384290
19571,207622880,151506,207774386,9,0,0,72192,3,4448978120
19572,207628651,54433,207683084,5,0,0,512,10,536040208
19573,207674520,1042,207675562,9,0,1,1024,3,8045817790
19574,207675101,125764,207800865,5,0,0,512,10,6916329417
19575,207675450,112929,207788379,9,0,0,31232,3,9829154961
19576,207706871,67998,207774869,5,0,0,1536,10,1147970384
19577,207791250,123449,207914699,9,0,0,24576,3,1161335267
19578,207803280,12566,207815846,7,0,1,20992,4,4393222601
19579,207806400,9805,207816205,7,0,1,9728,4,250712166
19580,207811159,5200,207816359,2,0,1,8704,12,6053182621
19581,207818010,174419,207992429,9,0,0,51712,3,8418739389
19582,207943760,74487,208018247,9,0,0,14336,3,8218079435
19583,208017460,64487,208081947,7,0,1,103936,4,7329856634
19584,208027920,80256,208108176,7,0,1,92672,4,9367654440
19585,208051700,116862,208168562,9,0,0,1536,3,1319691181
19586,208088880,76298,208165178,9,0,0,512,3,1262809826
19587,208123050,12995,208136045,7,0,1,25088,4,6237617382
19588,208144901,47288,208192189,5,0,0,1536,10,7205131021
19589,208201350,52291,208253641,7,0,1,84992,4,7877355096
19590,208214451,66790,208281241,5,0,0,512,10,6209140354
19591,208244201,184746,208428947,5,0,0,512,10,6924921854
19592,208255590,43628,208299218,7,0,1,74752,4,2599879481
19593,208257980,191749,208449729,9,0,0,512,3,2157874545
19594,208288380,219349,208507729,9,0,0,1024,3,4841330753
19595,208292230,10214,208302444,7,0,1,5120,4,503809739
19596,208333240,4420,208337660,0,0,1,11776,11,2098081714
19597,208361661,45596,208407257,5,0,0,1024,10,8589496090
19598,208428300,45596,208473896,9,0,0,1024,3,809690276
19599,208438230,43904,208482134,9,0,0,512,3,9361858609
19600,208553771,58376,208612147,5,0,0,3072,10,6783148731
19601,208577330,43904,208621234,9,0,0,512,3,4420361661
19602,208606300,123997,208730297,9,0,0,1024,3,1056358611
19603,208724380,1518,208725898,0,0,1,1536,11,7233869019
19604,208755201,47288,208802489,5,0,0,1536,10,2042433905
19605,208781500,43904,208825404,9,0,0,512,3,1072204936
19606,208815111,43904,208859015,5,0,0,512,10,2184173809
19607,208952780,47288,209000068,9,0,0,1536,3,6664415958
19608,208966490,43904,209010394,9,0,0,512,3,6605457156
19609,209020151,43904,209064055,5,0,0,512,10,5191455704
19610,209035050,45596,209080646,9,0,0,1024,3,6379005333
19611,209059131,57076,209116207,5,0,0,3072,10,7290538225
19612,209102681,43904,209146585,5,0,0,512,10,2147709132
19613,209167821,48980,209216801,5,0,0,2048,10,3033834153
19614,209175699,2870,209178569,2,0,1,8704,12,1913209839
19615,209176821,52251,209229072,5,0,0,2560,10,6989034867
19616,209191490,2470,209193960,5,0,1,2560,10,1052884988
19617,209315851,47288,209363139,5,0,0,1536,10,1711112357
19618,209386341,59132,209445473,5,0,0,5120,10,10163737694
19619,209392250,66375,209458625,9,0,0,1536,3,2733586677
19620,209416549,1518,209418067,2,0,1,1536,12,1061896074
19621,209486110,45596,209531706,9,0,0,1024,3,7831451316
19622,209548149,2946,209551095,2,0,1,3072,12,64009793
19623,209599049,11791,209610840,2,0,1,19456,12,3483710739
19624,209631969,2470,209634439,2,0,1,2560,12,810005091
19625,209650589,3422,209654011,2,0,1,3584,12,7774114232
19626,209670239,5802,209676041,2,0,1,6144,12,10431772427
19627,209683629,4374,209688003,2,0,1,4608,12,1314865653
19628,209693770,52364,209746134,9,0,0,3072,3,8147419055
19629,209751531,59843,209811374,5,0,0,512,10,1665166126
19630,209773320,46095,209819415,9,0,0,512,3,6616781111
19631,209840999,566,209841565,2,0,1,512,12,9817268766
19632,209862639,2870,209865509,2,0,1,8704,12,7608344146
19633,209913040,3898,209916938,6,0,1,4096,8,7487825821
19634,209914861,43904,209958765,5,0,0,512,10,9839879500
19635,209976221,43904,210020125,5,0,0,512,10,2288148938
19636,210036440,43904,210080344,9,0,0,512,3,10537355972
19637,210038530,566,210039096,0,0,1,512,11,8198572047
19638,210072280,45596,210117876,9,0,0,1024,3,2893053874
19639,210090330,43904,210134234,9,0,0,512,3,2877804717
19640,210090379,1042,210091421,2,0,1,1024,12,168786731
19641,210106740,566,210107306,0,0,1,512,11,9189891582
19642,210112160,6278,210118438,0,0,1,6656,11,1001622094
19643,210116590,48980,210165570,9,0,0,2048,3,4032355798
19644,210154939,1042,210155981,2,0,1,1024,12,1894356329
19645,210201039,3898,210204937,2,0,1,4096,12,6659047392
19646,210216280,3128,210219408,0,0,1,9216,11,1856227091
19647,210270231,45596,210315827,5,0,0,1024,10,10256914879
19648,210286730,5326,210292056,0,0,1,5632,11,711104335
19649,210328371,47288,210375659,5,0,0,1536,10,4519008973
19650,210387141,43904,210431045,5,0,0,512,10,7385547357
19651,210390390,4374,210394764,0,0,1,4608,11,94315208
19652,210411889,4679,210416568,2,0,1,12288,12,514174430
19653,210418559,1042,210419601,2,0,1,1024,12,1497528772
19654,210431759,3422,210435181,2,0,1,3584,12,1210252257
19655,210439900,46421,210486321,9,0,0,1024,3,9475197262
19656,210453841,96050,210549891,5,0,0,512,10,6262599110
19657,210460231,43904,210504135,5,0,0,512,10,10559396149
19658,210485919,7230,210493149,2,0,1,7680,12,785170819
19659,210491610,43904,210535514,9,0,0,512,3,471700804
19660,210500331,55241,210555572,5,0,0,512,10,6583423381
19661,210528130,4374,210532504,0,0,1,4608,11,8486789678
19662,210554310,50030,210604340,9,0,0,2048,3,7333413570
19663,210596190,43904,210640094,9,0,0,512,3,7560434713
19664,210600690,3898,210604588,0,0,1,4096,11,1871709631
19665,210608340,2470,210610810,0,0,1,2560,11,9089414860
19666,210632179,7706,210639885,2,0,1,8192,12,7167957054
19667,210637429,6642,210644071,2,0,1,6656,12,7214431538
19668,210651689,4162,210655851,2,0,1,11264,12,3822075457
19669,210654640,1557,210656197,6,0,1,512,8,9414100321
19670,210662550,45596,210708146,9,0,0,1024,3,4961082220
19671,210669371,47288,210716659,5,0,0,1536,10,7638011950
19672,210672870,47288,210720158,9,0,0,1536,3,1174185228
19673,210690211,135159,210825370,5,0,0,512,10,3541365934
19674,210753060,7706,210760766,6,0,1,8192,8,1121262558
19675,210762570,1042,210763612,6,0,1,1024,8,6170206093
19676,210777940,2470,210780410,6,0,1,2560,8,7071839755
19677,210801750,3898,210805648,0,0,1,4096,11,7786787667
19678,210806180,2470,210808650,6,0,1,2560,8,9396114392
19679,210830541,130964,210961505,5,0,0,1024,10,4469896025
19680,210839750,43904,210883654,9,0,0,512,3,10333204533
19681,210860920,1518,210862438,0,0,1,1536,11,2131590594
19682,210913920,566,210914486,6,0,1,512,8,4239562851
19683,210924750,4850,210929600,0,0,1,5120,11,4819276900
19684,210931130,5326,210936456,6,0,1,5632,8,9554434501
19685,210943290,1518,210944808,6,0,1,1536,8,6358763719
19686,210976160,45596,211021756,9,0,0,1024,3,8031047708
19687,210976411,141142,211117553,5,0,0,1024,10,1459451331
19688,210985220,1994,210987214,0,0,1,2048,11,9999903321
19689,210995250,566,210995816,6,0,1,512,8,9156207858
19690,211020950,50672,211071622,9,0,0,2560,3,9824042880
19691,211021480,137961,211159441,9,0,0,512,3,8029929695
19692,211022510,1042,211023552,6,0,1,1024,8,495669716
19693,211043840,5454,211049294,6,0,1,13824,8,7101847121
19694,211046301,124384,211170685,5,0,0,512,10,6505259127
19695,211054330,43904,211098234,9,0,0,512,3,5753522562
19696,211076310,5326,211081636,0,0,1,5632,11,2806195437
19697,211096400,5802,211102202,0,0,1,6144,11,6196988758
19698,211096920,7228,211104148,6,0,1,3072,8,9775050847
19699,211097380,160812,211258192,9,0,0,1024,3,3462737348
19700,211106220,2470,211108690,0,0,1,2560,11,839090161
19701,211117270,7505,211124775,6,0,1,7680,8,9013176577
19702,211126650,4850,211131500,0,0,1,5120,11,4157934630
19703,211128880,153031,211281911,9,0,0,2560,3,5017903853
19704,211132110,6229,211138339,0,0,1,15360,11,993637111
19705,211186870,566,211187436,0,0,1,512,11,3519539966
19706,211214890,92070,211306960,9,0,0,2560,3,6876096879
19707,211227400,43904,211271304,9,0,0,512,3,2875237802
19708,211228321,66521,211294842,5,0,0,1024,10,7922350995
19709,211262750,47019,211309769,9,0,0,512,3,8895363136
19710,211274280,7706,211281986,0,0,1,8192,11,4539394921
19711,211286631,46676,211333307,5,0,0,1024,10,8867357524
19712,211294660,5024,211299684,0,0,1,5120,11,4876067890
19713,211322840,5802,211328642,0,0,1,6144,11,6065094361
19714,211333220,2549,211335769,6,0,1,2560,8,406940113
19715,211344390,3898,211348288,0,0,1,4096,11,2033611947
19716,211361470,4850,211366320,6,0,1,5120,8,6254309279
19717,211398190,124228,211522418,9,0,0,512,3,432244734
19718,211408130,1994,211410124,0,0,1,2048,11,3831473858
19719,211408680,4973,211413653,6,0,1,5120,8,5024097482
19720,211411340,2659,211413999,6,0,1,512,8,2998154053
19721,211414470,2946,211417416,6,0,1,3072,8,5823841128
19722,211439291,47288,211486579,5,0,0,1536,10,10686386814
19723,211454051,43904,211497955,5,0,0,512,10,3928869611
19724,211484261,60315,211544576,5,0,0,1536,10,9008470011
19725,211506460,1518,211507978,6,0,1,1536,8,3236687884
19726,211512250,45596,211557846,9,0,0,1024,3,9125164938
19727,211522650,3898,211526548,0,0,1,4096,11,10514331780
19728,211551570,3387,211554957,6,0,1,9728,8,10205551171
19729,211582110,43904,211626014,9,0,0,512,3,504608686
19730,211589871,43904,211633775,5,0,0,512,10,3841685262
19731,211594760,566,211595326,6,0,1,512,8,325511502
19732,211623360,1518,211624878,0,0,1,1536,11,10371148651
19733,211640791,87200,211727991,5,0,0,512,10,5827012441
19734,211648990,2946,211651936,0,0,1,3072,11,5862897745
19735,211656460,3422,211659882,0,0,1,3584,11,9830049240
19736,211665851,43904,211709755,5,0,0,512,10,9163207958
19737,211670450,5326,211675776,0,0,1,5632,11,4518832358
19738,211694580,6229,211700809,0,0,1,15360,11,4848507583
19739,211700080,3128,211703208,0,0,1,9216,11,5512721477
19740,211721300,109037,211830337,9,0,0,2048,3,2111588169
19741,211740629,2470,211743099,2,0,1,2560,12,10362861663
19742,211800160,93202,211893362,9,0,0,512,3,9898558331
19743,211863790,5802,211869592,0,0,1,6144,11,1090316138
19744,211993351,43904,212037255,5,0,0,512,10,10489868824
19745,212022731,45596,212068327,5,0,0,1024,10,6465480601
19746,212066131,45596,212111727,5,0,0,1024,10,4453995689
19747,212089050,45903,212134953,9,0,0,512,3,10546129302
19748,212101640,43904,212145544,9,0,0,512,3,678251357
19749,212247020,45596,212292616,9,0,0,1024,3,899566524
19750,212259040,55748,212314788,9,0,0,4096,3,7166456075
19751,212319710,47288,212366998,9,0,0,1536,3,4902898990
19752,212328400,43904,212372304,9,0,0,512,3,6375623896
19753,212517541,45596,212563137,5,0,0,1024,10,2247855290
19754,212570040,45596,212615636,9,0,0,1024,3,6748699960
19755,212575111,43904,212619015,5,0,0,512,10,1935558071
19756,212611011,47600,212658611,5,0,0,2560,10,6463552891
19757,212614930,45596,212660526,9,0,0,1024,3,10470178306
19758,212661631,45596,212707227,5,0,0,1024,10,7153591200
19759,212703901,45596,212749497,5,0,0,1024,10,6392973548
19760,212704651,47804,212752455,5,0,0,1024,10,10272949089
19761,212749561,45596,212795157,5,0,0,1024,10,7311650025
19762,212790260,566,212790826,5,0,1,512,10,2927014078
19763,212851551,43904,212895455,5,0,0,512,10,5450691858
19764,212986791,48980,213035771,5,0,0,2048,10,7146346895
19765,213243141,43904,213287045,5,0,0,512,10,748003956
19766,213328981,43904,213372885,5,0,0,512,10,4631761062
19767,213366081,48980,213415061,5,0,0,2048,10,6001455282
19768,213434741,43904,213478645,5,0,0,512,10,7449299819
19769,213501621,47288,213548909,5,0,0,1536,10,8716372413
19770,213528001,43904,213571905,5,0,0,512,10,2489969817
19771,213707210,566,213707776,6,0,1,512,8,8500664445
19772,213724790,566,213725356,6,0,1,512,8,8419416231
19773,213794170,4850,213799020,6,0,1,5120,8,497619442
19774,213794490,8076,213802566,6,0,1,5632,8,9250678772
19775,213811260,4937,213816197,6,0,1,12800,8,10067157043
19776,213818500,1518,213820018,5,0,1,1536,10,3879579789
19777,213819160,1204,213820364,6,0,1,512,8,3586104
19778,213929101,43904,213973005,5,0,0,512,10,2045725534
19779,213979291,45752,214025043,5,0,0,1536,10,3708082045
19780,214062941,43904,214106845,5,0,0,512,10,4500961653
19781,214075111,50672,214125783,5,0,0,2560,10,1270506297
19782,214151441,43904,214195345,5,0,0,512,10,6031163069
19783,214184160,7230,214191390,6,0,1,7680,8,9403617124
19784,214253260,5196,214258456,6,0,1,13312,8,4695022810
19785,214253960,10159,214264119,6,0,1,7168,8,10355062069
19786,214275341,45596,214320937,5,0,0,1024,10,5888898654
19787,214280460,3422,214283882,6,0,1,3584,8,1931478080
19788,214299570,2470,214302040,6,0,1,2560,8,1706092327
19789,214306660,6754,214313414,6,0,1,7168,8,5885151347
19790,214307360,6400,214313760,6,0,1,512,8,969235394
19791,214408549,12308,214420857,2,0,1,20480,12,9237485125
19792,214414420,9343,214423763,6,0,1,4608,8,8289883990
19793,214486500,3422,214489922,5,0,1,3584,10,10029043077
19794,214535480,4162,214539642,5,0,1,11264,10,9316668657
19795,214542870,5802,214548672,5,0,1,6144,10,5312239492
19796,214588150,1518,214589668,5,0,1,1536,10,3018117160
19797,214646990,566,214647556,6,0,1,512,8,9872810843
19798,214658830,2946,214661776,5,0,1,3072,10,5648137251
19799,214680610,3387,214683997,5,0,1,9728,10,9100662373
19800,214683230,3339,214686569,6,0,1,3072,8,9858429844
19801,214687860,4374,214692234,5,0,1,4608,10,733897836
19802,214702990,5712,214708702,6,0,1,14336,8,7200017559
19803,214744320,566,214744886,5,0,1,512,10,1228593802
19804,214759320,5802,214765122,6,0,1,6144,8,7989988119
19805,214775630,4374,214780004,5,0,1,4608,10,3189211604
19806,214805760,6278,214812038,5,0,1,6656,10,7932998554
19807,214852370,1994,214854364,5,0,1,2048,10,3165574622
19808,214970530,566,214971096,6,0,1,512,8,6982590261
19809,214983530,1518,214985048,6,0,1,1536,8,5410957231
19810,215082080,1994,215084074,6,0,1,2048,8,7506628622
19811,215179520,4420,215183940,6,0,1,11776,8,5371084401
19812,215187300,2470,215189770,6,0,1,2560,8,8701770818
19813,215204780,4374,215209154,6,0,1,4608,8,10274456975
19814,215261210,2470,215263680,6,0,1,2560,8,3907963444
19815,215268870,1518,215270388,6,0,1,1536,8,7881060134
19816,215269900,834,215270734,9,0,1,512,3,3470544509
19817,215352360,566,215352926,6,0,1,512,8,6076995881
19818,215368080,3898,215371978,6,0,1,4096,8,4046331096
19819,215384820,5326,215390146,6,0,1,5632,8,5536631775
19820,215406550,1518,215408068,6,0,1,1536,8,1832006172
19821,215436860,1518,215438378,6,0,1,1536,8,2828941833
19822,215698730,5196,215703926,9,0,1,13312,3,9431067454
19823,215707209,4374,215711583,2,0,1,4608,12,3998204298
19824,215721659,2470,215724129,2,0,1,2560,12,652444453
19825,215839430,5196,215844626,9,0,1,13312,3,910280254
19826,215878630,2946,215881576,9,0,1,3072,3,7247374259
19827,215910530,566,215911096,9,0,1,512,3,1384252154
19828,215913500,7230,215920730,9,0,1,7680,3,4481999511
19829,215939520,1994,215941514,9,0,1,2048,3,9633072822
19830,216003570,1042,216004612,5,0,1,1024,10,9907184105
19831,216007060,12049,216019109,5,0,1,19968,10,8788884687
19832,216007440,14255,216021695,5,0,1,4096,10,4234696799
19833,216008150,16451,216024601,9,0,1,4608,3,6479250219
19834,216040740,5454,216046194,5,0,1,13824,10,8606212818
19835,216178440,10241,216188681,9,0,1,16384,3,8031598226
19836,216210320,4420,216214740,9,0,1,11776,3,1870096820
19837,216241520,10241,216251761,9,0,1,16384,3,9798448279
19838,216256720,4850,216261570,9,0,1,5120,3,9537958328
19839,216276360,13600,216289960,9,0,1,23040,3,3967997957
19840,216386610,4420,216391030,9,0,1,11776,3,933225279
19841,216402460,5971,216408431,9,0,1,14848,3,5084008588
19842,217201239,2470,217203709,2,0,1,2560,12,633540609
19843,217297170,4850,217302020,9,0,1,5120,3,5536603381
19844,217357219,4420,217361639,2,0,1,11776,12,9443928975
19845,217849800,2946,217852746,9,0,1,3072,3,4119394789
19846,217941830,6754,217948584,9,0,1,7168,3,10407483707
19847,217978580,1042,217979622,9,0,1,1024,3,3848270160
19848,217979110,1994,217981104,9,0,1,2048,3,3806418329
19849,218012770,7230,218020000,9,0,1,7680,3,653930975
19850,218042560,4162,218046722,9,0,1,11264,3,1143177325
19851,218048680,11016,218059696,9,0,1,17920,3,2526562981
19852,218063620,2946,218066566,9,0,1,3072,3,635330456
19853,218100550,2946,218103496,9,0,1,3072,3,3228604091
19854,218177750,1518,218179268,9,0,1,1536,3,8706760518
19855,218236570,7706,218244276,9,0,1,8192,3,9144417510
19856,218288529,2470,218290999,2,0,1,2560,12,9062070709
19857,218309470,5326,218314796,9,0,1,5632,3,7642783555
19858,218340890,3898,218344788,9,0,1,4096,3,5385456050
19859,218405190,1518,218406708,5,0,1,1536,10,4460800921
19860,218408330,1994,218410324,5,0,1,2048,10,10023219177
19861,218439810,1042,218440852,5,0,1,1024,10,271520741
19862,218440400,2470,218442870,5,0,1,2560,10,3296906345
19863,218464369,1042,218465411,2,0,1,1024,12,9238262932
19864,218469470,566,218470036,5,0,1,512,10,8364061346
19865,218517080,4850,218521930,9,0,1,5120,3,2639754422
19866,218550180,566,218550746,5,0,1,512,10,1139084418
19867,218598180,6278,218604458,5,0,1,6656,10,5982166427
19868,218614140,1042,218615182,9,0,1,1024,3,747933262
19869,218658950,1994,218660944,9,0,1,2048,3,4576019689
19870,218746250,3898,218750148,9,0,1,4096,3,8157788739
19871,218759820,566,218760386,5,0,1,512,10,8161121042
19872,218767030,6278,218773308,9,0,1,6656,3,5704815803
19873,218782360,2946,218785306,5,0,1,3072,10,2297016474
19874,218982250,6278,218988528,9,0,1,6656,3,2991827894
19875,218988000,874,218988874,9,0,1,512,3,6152448124
19876,219053659,1518,219055177,2,0,1,1536,12,9278817739
19877,219134780,4162,219138942,9,0,1,11264,3,9148903918
19878,219222470,6754,219229224,9,0,1,7168,3,10384276761
19879,219259650,6278,219265928,9,0,1,6656,3,2987410133
19880,219273170,1042,219274212,9,0,1,1024,3,7708065108
19881,219285220,5712,219290932,9,0,1,14336,3,7644576106
19882,219301000,1042,219302042,9,0,1,1024,3,5875850743
19883,219379699,3422,219383121,2,0,1,3584,12,2650773535
19884,219623230,10241,219633471,9,0,1,16384,3,5879830696
19885,219635000,566,219635566,9,0,1,512,3,2612027623
19886,219681899,2470,219684369,2,0,1,2560,12,5336247901
19887,219689849,7230,219697079,2,0,1,7680,12,9186859729
19888,219794309,3128,219797437,2,0,1,9216,12,3224196014
19889,219841959,1994,219843953,2,0,1,2048,12,3925459623
19890,219846789,5802,219852591,2,0,1,6144,12,3709741343
19891,219849149,4748,219853897,2,0,1,2048,12,2603539741
19892,219878039,7230,219885269,2,0,1,7680,12,5682990566
19893,220009239,6754,220015993,2,0,1,7168,12,4120096764
19894,220009819,7147,220016966,2,0,1,12800,12,9131162569
19895,220130439,3128,220133567,2,0,1,9216,12,4776877972
19896,220204149,3645,220207794,2,0,1,10240,12,6372030291
19897,220234019,3904,220237923,2,0,1,10752,12,9973214008
19898,220281269,1994,220283263,2,0,1,2048,12,3454624668
19899,221244591,1042,221245633,9,0,1,1024,3,1025750290
19900,221264551,6754,221271305,9,0,1,7168,3,4901974054
19901,221347090,2470,221349560,9,0,1,2560,3,6233850169
19902,221476190,4679,221480869,9,0,1,12288,3,3345724447
19903,221536011,4850,221540861,9,0,1,5120,3,3089712647
19904,221601620,2946,221604566,9,0,1,3072,3,1257177809
19905,221611891,3128,221615019,9,0,1,9216,3,5467245543
19906,221689431,566,221689997,9,0,1,512,3,7847977166
19907,221761690,7230,221768920,9,0,1,7680,3,1094771693
19908,221768310,1994,221770304,9,0,1,2048,3,5716077075
19909,221782051,11533,221793584,9,0,1,18944,3,2559027381
19910,221795021,4850,221799871,9,0,1,5120,3,6660140396
19911,221874101,3898,221877999,9,0,1,4096,3,9089441664
19912,222033611,3422,222037033,9,0,1,3584,3,3470713037
19913,222076931,566,222077497,9,0,1,512,3,571594545
19914,222104931,1518,222106449,9,0,1,1536,3,10369245054
19915,222120981,3898,222124879,9,0,1,4096,3,623846986
19916,222270661,1042,222271703,9,0,1,1024,3,9018525548
19917,222277091,3422,222280513,9,0,1,3584,3,5562225947
19918,222406241,566,222406807,9,0,1,512,3,3286506846
19919,222538911,1518,222540429,9,0,1,1536,3,10421106863
19920,222545531,6488,222552019,9,0,1,15872,3,10265144893
19921,222736011,3898,222739909,9,0,1,4096,3,3053263255
19922,222768221,3904,222772125,9,0,1,10752,3,1538827636
19923,222840911,3898,222844809,9,0,1,4096,3,162197401
19924,222869911,1994,222871905,9,0,1,2048,3,2632273129
19925,222911020,1518,222912538,9,0,1,1536,3,5306346467
19926,222973861,3904,222977765,9,0,1,10752,3,4691049802
19927,222986951,4850,222991801,9,0,1,5120,3,5517636609
19928,223070151,10499,223080650,9,0,1,16896,3,8230004215
19929,223082371,3904,223086275,9,0,1,10752,3,4758567954
19930,223083431,4259,223087690,9,0,1,2048,3,7357120220
19931,223108141,2470,223110611,9,0,1,2560,3,8059523102
19932,223138101,2470,223140571,9,0,1,2560,3,10038758707
19933,223341671,2946,223344617,9,0,1,3072,3,2028314802
19934,223787961,7706,223795667,9,0,1,8192,3,7269204846
19935,223794571,2402,223796973,9,0,1,2048,3,7488190594
19936,223801961,3898,223805859,9,0,1,4096,3,163941561
19937,223827971,4374,223832345,9,0,1,4608,3,10507613482
19938,223868531,566,223869097,9,0,1,512,3,5902770378
19939,224025291,6488,224031779,9,0,1,15872,3,7529856979
19940,224063671,4420,224068091,9,0,1,11776,3,7065883206
19941,224092751,2470,224095221,9,0,1,2560,3,8990134563
19942,224132981,3422,224136403,9,0,1,3584,3,191516798
19943,224178831,4374,224183205,9,0,1,4608,3,5344986041
19944,224279521,1518,224281039,9,0,1,1536,3,8344242118
19945,224324731,5454,224330185,9,0,1,13824,3,4977691509
19946,224333781,3645,224337426,9,0,1,10240,3,1919652980
19947,224349941,2470,224352411,9,0,1,2560,3,2406235115
19948,224459081,1994,224461075,9,0,1,2048,3,6482469370
19949,224537081,2470,224539551,9,0,1,2560,3,5979904736
19950,224557221,2946,224560167,9,0,1,3072,3,3555769788
19951,224742651,2870,224745521,9,0,1,8704,3,5927448778
19952,224758071,566,224758637,9,0,1,512,3,255287940
19953,224817881,1994,224819875,9,0,1,2048,3,1593651861
19954,224898071,5326,224903397,9,0,1,5632,3,5569510817
19955,224922821,2946,224925767,9,0,1,3072,3,8796574001
19956,225028141,1042,225029183,9,0,1,1024,3,7494921721
19957,225117581,2470,225120051,9,0,1,2560,3,5421965390
19958,225124971,1042,225126013,9,0,1,1024,3,6177324520
19959,225135251,5802,225141053,9,0,1,6144,3,832011974
19960,225352221,4420,225356641,9,0,1,11776,3,10198509720
19961,225369311,5802,225375113,9,0,1,6144,3,8311351507
19962,225388751,4850,225393601,9,0,1,5120,3,2617084263
19963,225506051,2470,225508521,9,0,1,2560,3,10331627102
19964,225587071,6754,225593825,9,0,1,7168,3,10273805751
19965,225614031,6278,225620309,9,0,1,6656,3,10021095135
19966,225692441,1994,225694435,9,0,1,2048,3,9440309560
19967,225694991,13600,225708591,9,0,1,23040,3,8806540433
19968,225696301,14876,225711177,9,0,1,4096,3,1993511123
19969,225782271,566,225782837,9,0,1,512,3,4431275294
19970,225852251,3904,225856155,9,0,1,10752,3,8734353418
19971,225921491,10499,225931990,9,0,1,16896,3,10476904368
19972,225928821,5435,225934256,9,0,1,3584,3,8025406541
19973,225978530,3898,225982428,9,0,1,4096,3,1047562711
19974,226074870,6754,226081624,9,0,1,7168,3,9064650569
19975,226081330,2470,226083800,9,0,1,2560,3,3744005709
19976,226825820,4162,226829982,9,0,1,11264,3,1873223169
19977,226847980,1042,226849022,9,0,1,1024,3,5677624175
19978,226861140,5971,226867111,9,0,1,14848,3,1758398639
19979,226886620,6278,226892898,9,0,1,6656,3,3386166916
19980,226915630,5326,226920956,9,0,1,5632,3,9889437590
19981,226934450,3422,226937872,9,0,1,3584,3,4333558295
19982,227028080,1042,227029122,9,0,1,1024,3,4738918608
19983,227055140,3128,227058268,9,0,1,9216,3,1837502870
19984,227127490,2946,227130436,9,0,1,3072,3,3667258406
19985,227309440,2470,227311910,9,0,1,2560,3,9495822590
19986,227340050,2870,227342920,9,0,1,8704,3,7741258879
19987,227366370,4374,227370744,9,0,1,4608,3,9685420273
19988,227386480,566,227387046,9,0,1,512,3,5410403549
19989,227457461,1518,227458979,9,0,1,1536,3,3070727742
19990,227469220,3422,227472642,9,0,1,3584,3,2551237682
19991,227481530,1518,227483048,9,0,1,1536,3,7045464009
19992,227557710,2470,227560180,9,0,1,2560,3,8801796572
19993,227817850,566,227818416,9,0,1,512,3,3192338293
19994,227915530,566,227916096,9,0,1,512,3,734604201
19995,227980890,1042,227981932,9,0,1,1024,3,3280677286
19996,228055960,2470,228058430,9,0,1,2560,3,10681997518
19997,228059310,7230,228066540,9,0,1,7680,3,10214664821
19998,228123460,1518,228124978,9,0,1,1536,3,9176011377
19999,228191790,1042,228192832,9,0,1,1024,3,2680700575
