RequestID,ArrivalTime,DelayTime,FinishTime,InitiatorID,TargetID,IOType,Size,VolumeID,Offset
0,0,2946,2946,0,0,1,3072,26,468559542
1,1,57440,57441,0,3,0,4608,4,243919467
2,2,108836,108838,0,9,0,57344,6,10473047049
3,3,5802,5805,0,5,1,6144,4,2393281693
4,4,566,570,0,2,1,512,20,2912640711
5,5,1994,1999,0,8,1,2048,12,2918708387
6,6,48980,48986,0,6,0,2048,32,10601315947
7,7,43904,43911,0,1,0,512,26,10411774235
8,8,1518,1526,0,7,1,1536,13,1187268872
9,9,102752,102761,0,4,0,37376,33,4368294971
10,23963,1518,25481,0,8,1,1536,12,8630233394
11,31500,566,32066,0,0,1,512,26,3891124983
12,31912,69284,101196,0,8,0,8192,12,10001731867
13,34337,3422,37759,0,7,1,3584,13,10086373111
14,38188,4850,43038,0,5,1,5120,4,4425041864
15,52602,3898,56500,0,5,1,4096,4,3159838248
16,56514,3387,59901,0,5,1,9728,4,9680404230
17,111297,102596,213893,0,6,0,36864,32,7597476124
18,115610,61292,176902,0,5,0,7168,4,4431570427
19,126468,566,127034,0,8,1,512,12,4947179485
20,132079,2470,134549,0,8,1,2560,12,1708338787
21,133320,12308,145628,0,4,1,20480,33,2025998359
22,165186,566,165752,0,5,1,512,4,4052868113
23,166199,1518,167717,0,9,1,1536,6,1386369574
24,175426,3422,178848,0,0,1,3584,26,10158260299
25,186825,100880,287705,0,8,0,31232,12,7795880791
26,188699,2946,191645,0,5,1,3072,4,8017600565
27,191799,2470,194269,0,0,1,2560,26,9131640301
28,197379,2470,199849,0,8,1,2560,12,10035444307
29,208272,7706,215978,0,9,1,8192,6,6209132310
30,217465,3898,221363,0,9,1,4096,6,7509970038
31,224859,3898,228757,0,9,1,4096,6,2971318060
32,227127,3128,230255,0,0,1,9216,26,9277008608
33,235497,62516,298013,0,9,0,6144,6,9487802788
34,245833,270012,515845,0,9,0,14336,6,4464904921
35,248232,129971,378203,0,4,0,51712,33,930792456
36,251115,171953,423068,0,4,0,112640,33,7983999187
37,262177,31783,293960,0,4,1,51712,33,2448931749
38,275737,265113,540850,0,4,0,28160,33,4784118929
39,296604,108524,405128,0,5,0,56320,4,2260430666
40,303127,3422,306549,0,9,1,3584,6,530000842
41,304733,26738,331471,0,4,1,48640,33,6587514518
42,307878,111956,419834,0,8,0,67584,12,3131276868
43,311252,3898,315150,0,0,1,4096,26,9577632234
44,314586,149816,464402,0,5,0,78336,4,1145972168
45,315335,1518,316853,0,9,1,1536,6,6566057936
46,344550,5802,350352,0,5,1,6144,4,3558293593
47,349146,6488,355634,0,5,1,15872,4,6011727701
48,367206,7706,374912,0,8,1,8192,12,5001706878
49,378401,133061,511462,0,9,0,72192,6,3725793198
50,413504,1042,414546,0,0,1,1024,26,8146469340
51,414977,76299,491276,0,4,0,9728,33,9293959309
52,421684,99320,521004,0,3,0,26112,4,8776374780
53,432234,566,432800,0,0,1,512,26,8765310733
54,440945,24967,465912,0,5,1,1536,4,9334800757
55,445677,3422,449099,0,2,1,3584,20,199964964
56,474422,5326,479748,0,9,1,5632,6,2127809558
57,495627,3898,499525,0,0,1,4096,26,8676338845
58,525822,45596,571418,0,1,0,1024,26,7489766117
59,527828,111800,639628,0,8,0,67072,12,5525082680
60,530282,168680,698962,0,3,0,142848,4,10179833946
61,535448,3645,539093,0,0,1,10240,26,10097595465
62,543355,159678,703033,0,3,0,13312,4,5611680173
63,552920,45596,598516,0,1,0,1024,26,4672938061
64,583247,74082,657329,0,9,0,4608,6,8944496571
65,592328,98696,691024,0,8,0,24064,12,3776569878
66,593033,135989,729022,0,3,0,52736,4,7371160019
67,600222,45596,645818,0,1,0,1024,26,4349763562
68,608010,43200,651210,0,4,1,70656,33,8896743654
69,631993,34668,666661,0,4,1,49152,33,4251480992
70,632080,129193,761273,0,9,0,46080,6,1379833028
71,635535,157927,793462,0,3,0,102912,4,2645866564
72,651414,141084,792498,0,4,0,4608,33,2561249227
73,655497,4374,659871,0,0,1,4608,26,4694183544
74,660357,102128,762485,0,8,0,35328,12,3569648883
75,698232,162887,861119,0,8,0,131072,12,2875212015
76,698917,45596,744513,0,1,0,1024,26,10479816175
77,700982,174036,875018,0,8,0,45568,12,9506130575
78,703879,97292,801171,0,6,0,19456,32,510846751
79,723867,47288,771155,0,1,0,1536,26,9983180022
80,737126,16354,753480,0,4,1,31744,33,8649700056
81,740960,156863,897823,0,4,0,33280,33,5985902025
82,754900,2946,757846,0,0,1,3072,26,6540100039
83,772506,124653,897159,0,6,0,34816,32,2676743062
84,777995,286701,1064696,0,4,0,8192,33,5371579623
85,780916,45596,826512,0,6,0,1024,32,4284170580
86,786925,43904,830829,0,1,0,512,26,3747840405
87,798867,4850,803717,0,0,1,5120,26,5625608706
88,812476,2946,815422,0,0,1,3072,26,5373680238
89,817478,105248,922726,0,9,0,45568,6,6296677363
90,821844,566,822410,0,0,1,512,26,3293216888
91,841187,566,841753,0,6,1,512,32,7077640654
92,853055,132458,985513,0,4,0,88064,33,311286648
93,869240,83288,952528,0,5,0,13824,4,6412962906
94,872829,109616,982445,0,3,0,59904,4,6740540838
95,876928,20910,897838,0,4,1,29184,33,5297697602
96,892291,67592,959883,0,9,0,7680,6,8431310526
97,903459,127423,1030882,0,5,0,43008,4,10449436735
98,905701,79835,985536,0,4,1,99840,33,7307716472
99,906037,47288,953325,0,1,0,1536,26,1002665607
100,908194,7230,915424,0,0,1,7680,26,808528383
101,920073,5802,925875,0,8,1,6144,12,8126025458
102,930034,91016,1021050,0,8,0,24064,12,7274861801
103,933473,7706,941179,0,0,1,8192,26,8124979087
104,962215,181217,1143432,0,4,0,59392,33,9233626108
105,983748,155717,1139465,0,8,0,72192,12,4253255518
106,996994,108368,1105362,0,6,0,55808,32,1967035439
107,998195,3128,1001323,0,8,1,9216,12,8679154638
108,1024378,93076,1117454,0,8,0,5632,12,4432519573
109,1039228,43904,1083132,0,0,0,512,26,9874428736
110,1053945,127556,1181501,0,5,0,118784,4,486447901
111,1064597,137689,1202286,0,6,0,74240,32,8128282992
112,1066666,149675,1216341,0,8,0,27136,12,5718866535
113,1080536,132309,1212845,0,5,0,7680,4,4052614116
114,1089957,1518,1091475,0,8,1,1536,12,7881586876
115,1101642,106400,1208042,0,8,0,48640,12,8678814989
116,1130725,105166,1235891,0,5,0,1536,4,5468179695
117,1134974,136150,1271124,0,6,0,72192,32,2091703685
118,1137347,68593,1205940,0,4,0,6144,33,5805645128
119,1158374,3422,1161796,0,8,1,3584,12,1964344715
120,1163079,106808,1269887,0,9,0,50688,6,8255015934
121,1171625,102128,1273753,0,4,0,35328,33,5178381453
122,1177999,43904,1221903,0,1,0,512,26,1418084719
123,1181754,566,1182320,0,0,1,512,26,10659163373
124,1198971,16613,1215584,0,4,1,32256,33,6027404218
125,1199218,111256,1310474,0,8,0,36352,12,7061248560
126,1200586,114608,1315194,0,5,0,76288,4,3138312905
127,1202365,110569,1312934,0,8,0,4096,12,9097934151
128,1216275,1042,1217317,0,0,1,1024,26,10621413551
129,1222054,100503,1322557,0,4,0,11776,33,4421379326
130,1225092,164571,1389663,0,5,0,11776,4,9867338854
131,1227121,108952,1336073,0,9,0,39936,6,1662734362
132,1231111,48980,1280091,0,1,0,2048,26,676377120
133,1249032,48980,1298012,0,1,0,2048,26,5215595776
134,1253519,132541,1386060,0,5,0,80896,4,3976208946
135,1273641,118468,1392109,0,5,0,7680,4,2062568839
136,1284645,169928,1454573,0,6,0,146944,32,5188163784
137,1289014,4162,1293176,0,0,1,11264,26,7812936893
138,1303552,103582,1407134,0,8,0,17408,12,9293968730
139,1305739,16833,1322572,0,4,1,32256,33,8815547793
140,1313756,106291,1420047,0,0,0,16896,26,7651641279
141,1329230,3898,1333128,0,8,1,4096,12,9495503764
142,1345806,1518,1347324,0,8,1,1536,12,9455181617
143,1346394,102128,1448522,0,9,0,35328,6,4470006768
144,1375567,62158,1437725,0,4,1,100864,33,4242800722
145,1392297,48980,1441277,0,1,0,2048,26,9857319306
146,1404917,101036,1505953,0,5,0,31744,4,10228343421
147,1421122,116887,1538009,0,6,0,14336,32,8409126712
148,1446855,72541,1519396,0,4,1,117760,33,9336461918
149,1453536,66305,1519841,0,6,0,5120,32,9263961642
150,1456605,52364,1508969,0,1,0,3072,26,724035866
151,1477704,108524,1586228,0,0,0,56320,26,7230119117
152,1495834,107276,1603110,0,9,0,52224,6,4830686421
153,1506536,14486,1521022,0,4,1,2560,33,3540229239
154,1507706,110708,1618414,0,8,0,63488,12,6598416201
155,1519124,2870,1521994,0,0,1,8704,26,4868730529
156,1541160,1042,1542202,0,0,1,1024,26,2462369874
157,1579961,43904,1623865,0,1,0,512,26,10524954174
158,1627717,102284,1730001,0,5,0,35840,4,2278429030
159,1633093,92972,1726065,0,6,0,15360,32,4994708160
160,1633771,106028,1739799,0,9,0,48128,6,1714457253
161,1649061,89168,1738229,0,5,0,23040,4,7260757738
162,1669059,43904,1712963,0,4,0,512,33,8343428378
163,1690833,104468,1795301,0,6,0,43008,32,2681866451
164,1693916,63191,1757107,0,4,1,102912,33,6466795903
165,1696039,55904,1751943,0,6,0,4608,32,1563079583
166,1716266,50672,1766938,0,9,0,2560,6,9742058135
167,1750799,7706,1758505,0,7,1,8192,13,6558357156
168,1756809,47288,1804097,0,1,0,1536,26,7364469946
169,1763033,248241,2011274,0,4,0,70144,33,839717615
170,1790228,116636,1906864,0,9,0,82944,6,2691206643
171,1795578,90860,1886438,0,5,0,23552,4,8013224137
172,1802832,26738,1829570,0,4,1,48640,33,6393875265
173,1806000,108367,1914367,0,9,0,24576,6,2050820313
174,1821391,117705,1939096,0,5,0,1536,4,3186122540
175,1822046,8804,1830850,0,4,1,14336,33,8217744123
176,1824958,62072,1887030,0,8,0,9728,12,2783068788
177,1833403,182566,2015969,0,4,0,15360,33,9554534563
178,1837419,104961,1942380,0,8,0,13824,12,697785706
179,1842656,175316,2017972,0,5,0,149504,4,7817148306
180,1845897,270051,2115948,0,4,0,26112,33,3596361055
181,1857363,170947,2028310,0,5,0,20992,4,5973538432
182,1862811,45596,1908407,0,1,0,1024,26,3555142496
183,1898646,150502,2049148,0,5,0,2560,4,6203472825
184,1905149,3128,1908277,0,4,1,9216,33,4289907165
185,1906779,102752,2009531,0,6,0,37376,32,2028931112
186,1916968,43112,1960080,0,4,1,73728,33,7833450041
187,1930874,46193,1977067,0,4,1,56832,33,9329727861
188,1946735,300909,2247644,0,4,0,83456,33,4725695878
189,1949596,69647,2019243,0,5,0,4096,4,910060203
190,1955258,65560,2020818,0,5,0,5120,4,5287267564
191,1985438,35905,2021343,0,5,1,512,4,4607935162
192,1997636,3422,2001058,0,0,1,3584,26,2229999387
193,1997793,87608,2085401,0,8,0,17920,12,3589662614
194,2015640,43904,2059544,0,1,0,512,26,3665177657
195,2036016,170528,2206544,0,5,0,143872,4,2160965405
196,2039880,90104,2129984,0,8,0,26112,12,7411659587
197,2050073,99632,2149705,0,6,0,27136,32,2005205781
198,2075000,98696,2173696,0,8,0,24064,12,2720556699
199,2081579,114764,2196343,0,9,0,76800,6,10043272036
200,2125484,43904,2169388,0,1,0,512,26,1659039303
201,2131800,185444,2317244,0,8,0,147456,12,7651839325
202,2157944,167451,2325395,0,4,0,10240,33,2361913913
203,2167509,154751,2322260,0,4,0,28672,33,7191935561
204,2187670,175693,2363363,0,8,0,67584,12,4214681693
205,2201302,103688,2304990,0,0,0,40448,26,696435797
206,2232159,110597,2342756,0,8,0,37376,12,8809177553
207,2244483,126537,2371020,0,0,0,29184,26,1502221639
208,2250994,215240,2466234,0,6,0,245248,32,6152733385
209,2273577,45596,2319173,0,1,0,1024,26,9338484413
210,2277256,134572,2411828,0,4,0,17920,33,8526716184
211,2281736,108212,2389948,0,9,0,55296,6,6024707353
212,2282168,192661,2474829,0,6,0,28160,32,809846391
213,2290516,164384,2454900,0,5,0,143872,4,703059597
214,2290763,104703,2395466,0,4,0,40960,33,8433252692
215,2304262,5326,2309588,0,5,1,5632,4,2870714558
216,2317402,150800,2468202,0,5,0,25088,4,728496525
217,2318091,566,2318657,0,5,1,512,4,10543351052
218,2324140,92240,2416380,0,7,0,23040,13,6560102305
219,2334917,171661,2506578,0,6,0,22528,32,6549929053
220,2337383,112363,2449746,0,0,0,57344,26,6890824510
221,2339629,56873,2396502,0,0,0,3584,26,8596954049
222,2340127,137046,2477173,0,4,0,83968,33,9887479147
223,2370951,110403,2481354,0,0,0,2560,26,4481700831
224,2371868,43904,2415772,0,1,0,512,26,3235838506
225,2383892,118750,2502642,0,0,0,22016,26,7609277120
226,2396038,3128,2399166,0,8,1,9216,12,1213260782
227,2427008,55748,2482756,0,8,0,4096,12,5745993071
228,2431239,76273,2507512,0,8,0,9728,12,9040378456
229,2432114,60824,2492938,0,8,0,5632,12,10650476811
230,2435298,132305,2567603,0,5,0,13312,4,7427918584
231,2438944,151218,2590162,0,8,0,37888,12,5324908667
232,2445984,110708,2556692,0,4,0,63488,33,2524330016
233,2446021,117503,2563524,0,5,0,46592,4,3889332129
234,2455353,206875,2662228,0,8,0,166912,12,10330807753
235,2455410,6754,2462164,0,8,1,7168,12,2158388011
236,2495851,111488,2607339,0,5,0,66048,4,7090994211
237,2505066,92624,2597690,0,4,0,20480,33,7815806732
238,2522211,111020,2633231,0,9,0,64512,6,7800069915
239,2525694,43904,2569598,0,1,0,512,26,2354570502
240,2543700,158033,2701733,0,9,0,56320,6,5658382880
241,2544539,201534,2746073,0,9,0,45568,6,3124559445
242,2547123,45596,2592719,0,0,0,1024,26,950498302
243,2554527,16680,2571207,0,5,1,10240,4,91192459
244,2555478,57752,2613230,0,6,0,5632,32,7210147444
245,2559114,161038,2720152,0,8,0,57344,12,2886839845
246,2563602,43904,2607506,0,1,0,512,26,1002907908
247,2583589,48980,2632569,0,1,0,2048,26,3849775319
248,2592196,1994,2594190,0,0,1,2048,26,6884995760
249,2593708,153940,2747648,0,9,0,5120,6,4676556723
250,2602651,181228,2783879,0,9,0,42496,6,4920163961
251,2604153,104936,2709089,0,7,0,44544,13,994678368
252,2605079,193721,2798800,0,5,0,62976,4,9324625046
253,2638254,3898,2642152,0,5,1,4096,4,4050508237
254,2643702,60824,2704526,0,4,0,5632,33,6674436322
255,2655745,248716,2904461,0,7,0,224768,13,8893857552
256,2677674,3898,2681572,0,5,1,4096,4,7209838715
257,2682882,3387,2686269,0,5,1,9728,4,5761099134
258,2685846,47288,2733134,0,1,0,1536,26,10290657581
259,2687917,43904,2731821,0,1,0,512,26,2087216544
260,2701837,107276,2809113,0,0,0,52224,26,6954509932
261,2705467,67041,2772508,0,8,0,3072,12,208876209
262,2707242,198653,2905895,0,7,0,512,13,6760915890
263,2712785,108264,2821049,0,8,0,31232,12,8680267339
264,2713041,140588,2853629,0,9,0,38400,6,5553315362
265,2727610,43904,2771514,0,1,0,512,26,10411432658
266,2728824,111332,2840156,0,6,0,65536,32,3914931800
267,2744375,103688,2848063,0,0,0,40448,26,7877507545
268,2744732,121146,2865878,0,6,0,7680,32,4134326147
269,2751193,221470,2972663,0,7,0,72192,13,4810441749
270,2765272,64988,2830260,0,8,0,9216,12,9444473391
271,2783662,566,2784228,0,8,1,512,12,4455821158
272,2785122,16633,2801755,0,5,1,3072,4,3956148663
273,2789122,116602,2905724,0,7,0,4096,13,7912135067
274,2794659,18598,2813257,0,5,1,26112,4,4084185116
275,2810665,52364,2863029,0,4,0,3072,33,6669854583
276,2829511,67592,2897103,0,5,0,7680,4,8408605886
277,2833855,1518,2835373,0,5,1,1536,4,10518064573
278,2845422,43904,2889326,0,8,0,512,12,458917683
279,2850256,89324,2939580,0,6,0,23552,32,6441046793
280,2853608,56060,2909668,0,0,0,5120,26,4719657686
281,2874204,71388,2945592,0,5,0,9216,4,8790656814
282,2880156,10241,2890397,0,5,1,16384,4,5544006099
283,2886545,163448,3049993,0,4,0,140800,33,6022031498
284,2893466,6278,2899744,0,5,1,6656,4,1663724316
285,2894432,7706,2902138,0,8,1,8192,12,4586164402
286,2913426,107900,3021326,0,7,0,54272,13,6035855085
287,2916851,57440,2974291,0,6,0,4608,32,7315195586
288,2921231,76232,2997463,0,9,0,15872,6,5125410347
289,2927235,4374,2931609,0,5,1,4608,4,4235278654
290,2934496,124124,3058620,0,8,0,107520,12,10692236327
291,2956385,126056,3082441,0,5,0,112128,4,1981911389
292,2982774,78860,3061634,0,4,0,19456,33,2091588075
293,2985526,94334,3079860,0,8,0,3584,12,1707224593
294,2988899,102805,3091704,0,8,0,7168,12,10062260864
295,3001530,108368,3109898,0,0,0,55808,26,1546976044
296,3002045,114452,3116497,0,4,0,75776,33,458800912
297,3004615,170815,3175430,0,0,0,109568,26,9833957411
298,3019582,48980,3068562,0,9,0,2048,6,6738305766
299,3031800,173125,3204925,0,5,0,35328,4,10561248728
300,3032347,146062,3178409,0,0,0,9728,26,7486061471
301,3033335,117728,3151063,0,5,0,86528,4,699038905
302,3084113,50672,3134785,0,7,0,2560,13,6106513060
303,3105003,43904,3148907,0,9,0,512,6,3425771640
304,3111052,98096,3209148,0,8,0,27136,12,3752367881
305,3132399,72024,3204423,0,1,1,116736,26,1283220154
306,3133635,71914,3205549,0,7,0,10752,13,6126608729
307,3143344,2470,3145814,0,8,1,2560,12,8495710323
308,3183806,1994,3185800,0,8,1,2048,12,929531301
309,3189995,104522,3294517,0,5,0,29696,4,836820009
310,3196855,11484,3208339,0,5,1,3584,4,7963042031
311,3205517,43904,3249421,0,9,0,512,6,5038343497
312,3209946,26479,3236425,0,1,1,48128,26,947923803
313,3234801,566,3235367,0,5,1,512,4,9436591447
314,3243428,5326,3248754,0,8,1,5632,12,8420277866
315,3250061,77612,3327673,0,7,0,15360,13,2233745333
316,3262956,61641,3324597,0,1,1,99840,26,9149776325
317,3263248,112112,3375360,0,8,0,68096,12,987540703
318,3273256,218893,3492149,0,8,0,125952,12,8729911804
319,3281910,104706,3386616,0,8,0,6656,12,8313677248
320,3306534,18729,3325263,0,1,1,11264,26,8558347066
321,3359628,18194,3377822,0,8,1,2560,12,10428510422
322,3384212,80996,3465208,0,7,0,16384,13,5031012276
323,3387369,174398,3561767,0,8,0,126464,12,6540678556
324,3389018,3422,3392440,0,8,1,3584,12,1712441971
325,3429661,48980,3478641,0,9,0,2048,6,5236445537
326,3436037,3904,3439941,0,1,1,10752,26,7663852603
327,3461378,85292,3546670,0,6,0,15360,32,7164832996
328,3462790,69440,3532230,0,6,0,8704,32,3707792559
329,3464519,111956,3576475,0,5,0,67584,4,5472547229
330,3464522,140199,3604721,0,8,0,69632,12,4309885560
331,3521730,98072,3619802,0,7,0,22016,13,4866427349
332,3575866,49581,3625447,0,5,0,2048,4,5671744991
333,3576476,82820,3659296,0,6,0,12288,32,1986581032
334,3581414,141778,3723192,0,5,0,47616,4,4727339832
335,3581992,177095,3759087,0,5,0,117760,4,389839859
336,3586867,134373,3721240,0,6,0,54272,32,4111465246
337,3599505,126152,3725657,0,0,0,114176,26,9579931350
338,3601188,166362,3767550,0,5,0,27648,4,8798056438
339,3611911,190713,3802624,0,5,0,36864,4,4499276380
340,3626155,50672,3676827,0,9,0,2560,6,702517828
341,3651359,111934,3763293,0,6,0,51200,32,2262205791
342,3657670,43904,3701574,0,9,0,512,6,6466012981
343,3676216,1042,3677258,0,5,1,1024,4,2816465886
344,3701058,54056,3755114,0,7,0,3584,13,9491502824
345,3729368,170033,3899401,0,5,0,11776,4,10004649046
346,3730400,198603,3929003,0,5,0,29696,4,2370196973
347,3731782,104780,3836562,0,6,0,44032,32,3906168182
348,3731955,59132,3791087,0,3,0,5120,4,788624488
349,3732685,163113,3895798,0,5,0,114688,4,10482481577
350,3748522,99476,3847998,0,3,0,26624,4,8708697968
351,3752902,112580,3865482,0,8,0,69632,12,2806544828
352,3775996,159362,3935358,0,8,0,19456,12,9000064096
353,3781223,127453,3908676,0,6,0,52736,32,3186984561
354,3782677,73448,3856125,0,3,0,11776,4,1996131022
355,3783173,5802,3788975,0,1,1,6144,26,2053717407
356,3787748,242683,4030431,0,3,0,194560,4,5182719842
357,3796051,113888,3909939,0,6,0,4096,32,9094818477
358,3796747,50828,3847575,0,9,0,3072,6,5756360221
359,3826741,223220,4049961,0,3,0,59392,4,1712009040
360,3831005,52364,3883369,0,7,0,3072,13,4809300788
361,3846223,120443,3966666,0,8,0,32256,12,6151018416
362,3847022,110827,3957849,0,6,0,43520,32,1218572737
363,3850047,261573,4111620,0,3,0,46592,4,10481097841
364,3883148,101348,3984496,0,0,0,32768,26,3852300031
365,3889601,52549,3942150,0,1,1,85504,26,7134306543
366,3898615,13603,3912218,0,5,1,21504,4,2552609926
367,3918544,43904,3962448,0,9,0,512,6,10419983611
368,3926695,105155,4031850,0,3,0,4608,4,10110699263
369,3945166,43904,3989070,0,9,0,512,6,3900709524
370,3949118,566,3949684,0,2,1,512,20,4355491262
371,3983357,47288,4030645,0,9,0,1536,6,1755457646
372,4032541,67904,4100445,0,6,0,8704,32,2732556381
373,4055951,5802,4061753,0,2,1,6144,20,9586447135
374,4083439,99632,4183071,0,6,0,27136,32,9997618676
375,4083651,7706,4091357,0,2,1,8192,20,7382448816
376,4102937,95648,4198585,0,7,0,29184,13,9657170271
377,4105616,2946,4108562,0,5,1,3072,4,1345208242
378,4110195,1518,4111713,0,6,1,1536,32,5133248564
379,4111461,6229,4117690,0,6,1,15360,32,6445711712
380,4139040,111127,4250167,0,7,0,15872,13,1477340040
381,4141402,3422,4144824,0,5,1,3584,4,1581628482
382,4155958,2470,4158428,0,6,1,2560,32,8791337182
383,4167406,107120,4274526,0,6,0,51712,32,10683274575
384,4192353,73745,4266098,0,1,1,123392,26,7187303883
385,4193578,566,4194144,0,6,1,512,32,6338212450
386,4197646,81128,4278774,0,0,0,11776,26,108772681
387,4210218,2946,4213164,0,3,1,3072,4,999209286
388,4223172,116292,4339464,0,6,0,36864,32,7176811603
389,4226731,110552,4337283,0,0,0,62976,26,176982733
390,4232742,156321,4389063,0,0,0,66560,26,1940147104
391,4237435,1042,4238477,0,8,1,1024,12,6174941658
392,4237884,13253,4251137,0,5,1,25600,4,8725163975
393,4253397,142872,4396269,0,0,0,19968,26,8417483097
394,4257243,16354,4273597,0,1,1,31744,26,823655744
395,4264146,7230,4271376,0,3,1,7680,4,3842864291
396,4269255,99632,4368887,0,7,0,27136,13,2522445306
397,4287546,566,4288112,0,5,1,512,4,6220464663
398,4303937,12825,4316762,0,1,1,21504,26,10388485036
399,4314497,6131,4320628,0,1,1,6144,26,8175101861
400,4316339,106648,4422987,0,0,0,14336,26,8093416499
401,4317311,72859,4390170,0,0,0,3584,26,7678375817
402,4331400,1042,4332442,0,2,1,1024,20,4787366282
403,4362536,108992,4471528,0,8,0,57856,12,3332054575
404,4399909,165764,4565673,0,2,0,128512,20,10251980737
405,4448523,45954,4494477,0,1,1,79360,26,2786512543
406,4452029,1042,4453071,0,6,1,1024,32,6738264522
407,4458732,1518,4460250,0,3,1,1536,4,10447783453
408,4459421,4374,4463795,0,2,1,4608,20,9514996865
409,4466353,4850,4471203,0,2,1,5120,20,5635096893
410,4472200,3422,4475622,0,2,1,3584,20,9750113608
411,4500468,566,4501034,0,3,1,512,4,5710544471
412,4504072,83132,4587204,0,6,0,13312,32,3615088989
413,4508559,2470,4511029,0,2,1,2560,20,7477539776
414,4515182,5326,4520508,0,6,1,5632,32,9671103898
415,4518194,4850,4523044,0,5,1,5120,4,4985075655
416,4519204,3898,4523102,0,3,1,4096,4,1809381341
417,4527619,566,4528185,0,6,1,512,32,2372606320
418,4529484,3422,4532906,0,1,1,3584,26,9984761786
419,4543083,24142,4567225,0,2,1,1536,20,1823817562
420,4545913,6754,4552667,0,8,1,7168,12,10470412540
421,4558232,4420,4562652,0,6,1,11776,32,6716989619
422,4559774,10563,4570337,0,2,1,11264,20,1655485151
423,4560899,9784,4570683,0,2,1,512,20,5116599160
424,4566042,2946,4568988,0,6,1,3072,32,1242289054
425,4568831,3422,4572253,0,5,1,3584,4,7478958423
426,4584440,2870,4587310,0,3,1,8704,4,3518122586
427,4587095,1619,4588714,0,6,1,1536,32,3176094151
428,4600370,2946,4603316,0,8,1,3072,12,2721177720
429,4610085,2470,4612555,0,2,1,2560,20,8178701021
430,4613787,112424,4726211,0,7,0,69120,13,10576536592
431,4618230,5802,4624032,0,1,1,6144,26,3462237889
432,4624933,137901,4762834,0,8,0,25088,12,4585991657
433,4630012,56445,4686457,0,1,0,512,26,8946447236
434,4633038,3645,4636683,0,5,1,10240,4,4230506624
435,4648150,1042,4649192,0,3,1,1024,4,2777376034
436,4658999,32558,4691557,0,1,1,53248,26,3792548375
437,4698120,145720,4843840,0,8,0,62976,12,10531223259
438,4713379,202863,4916242,0,8,0,67584,12,8931897563
439,4721530,6229,4727759,0,6,1,15360,32,8311943609
440,4723227,22174,4745401,0,1,1,36352,26,230041716
441,4746476,4374,4750850,0,2,1,4608,20,1226340415
442,4746509,13083,4759592,0,1,1,22016,26,10018297617
443,4755649,1994,4757643,0,9,1,2048,6,474303523
444,4771968,566,4772534,0,9,1,512,6,838884038
445,4772697,109304,4882001,0,0,0,58880,26,4522410265
446,4783641,125012,4908653,0,0,0,75776,26,9181107569
447,4787947,6278,4794225,0,2,1,6656,20,5275024407
448,4813735,1518,4815253,0,6,1,1536,32,2923866404
449,4867240,7230,4874470,0,5,1,7680,4,4875724929
450,4872503,120905,4993408,0,6,0,14336,32,6934462251
451,4877977,4162,4882139,0,9,1,11264,6,6190126403
452,4940355,566,4940921,0,2,1,512,20,10336671959
453,4952541,106184,5058725,0,8,0,48640,12,6352979091
454,4974845,1994,4976839,0,5,1,2048,4,4121367800
455,4978581,4374,4982955,0,6,1,4608,32,7982371621
456,4988862,2470,4991332,0,5,1,2560,4,5758780421
457,4993005,93776,5086781,0,7,0,23040,13,3425248975
458,4999199,136272,5135471,0,7,0,80896,13,8786414898
459,5000210,2470,5002680,0,2,1,2560,20,9373519725
460,5055167,7706,5062873,0,5,1,8192,4,10403860037
461,5072295,12308,5084603,0,6,1,20480,32,282662385
462,5118901,111137,5230038,0,8,0,47616,12,6468497266
463,5136500,45596,5182096,0,1,0,1024,26,5430731482
464,5137339,1994,5139333,0,8,1,2048,12,3574692021
465,5141757,5454,5147211,0,7,1,13824,13,6920573628
466,5148680,43904,5192584,0,1,0,512,26,10115343736
467,5152643,80530,5233173,0,8,0,10240,12,8541756972
468,5161568,4162,5165730,0,9,1,11264,6,1925639752
469,5165059,99164,5264223,0,0,0,25600,26,9228143312
470,5185494,5802,5191296,0,9,1,6144,6,3286749180
471,5212879,119349,5332228,0,8,0,48640,12,4880882003
472,5225915,47288,5273203,0,9,0,1536,6,3463397326
473,5262733,6229,5268962,0,2,1,15360,20,3523966840
474,5266373,86384,5352757,0,7,0,18944,13,3160819238
475,5269048,1994,5271042,0,3,1,2048,4,9589051847
476,5279772,7706,5287478,0,9,1,8192,6,10585239616
477,5291253,5196,5296449,0,5,1,13312,4,1661983437
478,5300886,142081,5442967,0,7,0,87040,13,3670633232
479,5302579,1042,5303621,0,0,1,1024,26,917601133
480,5309633,2470,5312103,0,6,1,2560,32,6848811028
481,5310107,43904,5354011,0,1,0,512,26,9118307049
482,5311660,91328,5402988,0,0,0,25088,26,7512667943
483,5365581,4679,5370260,0,2,1,12288,20,9069583668
484,5368644,96404,5465048,0,8,0,26624,12,9998732005
485,5373278,14287,5387565,0,5,1,27648,4,10617812765
486,5376281,3387,5379668,0,2,1,9728,20,5080261351
487,5377785,11086,5388871,0,5,1,2048,4,2386579243
488,5377969,47288,5425257,0,1,0,1536,26,9289721772
489,5384826,5031,5389857,0,5,1,1536,4,2335329731
490,5410377,4937,5415314,0,2,1,12800,20,600644597
491,5422442,21083,5443525,0,7,1,512,13,95974195
492,5430549,566,5431115,0,6,1,512,32,1726480314
493,5445881,4374,5450255,0,2,1,4608,20,9650675923
494,5474220,1518,5475738,0,2,1,1536,20,1660809554
495,5475967,81596,5557563,0,4,0,13312,33,5503232699
496,5512666,119132,5631798,0,4,0,91136,33,7936178673
497,5525312,107332,5632644,0,4,0,2048,33,16590627
498,5531271,67673,5598944,0,7,0,8192,13,4190490936
499,5538060,121656,5659716,0,4,0,10240,33,2148752869
500,5544112,47444,5591556,0,1,0,2048,26,10087490232
501,5554697,4850,5559547,0,5,1,5120,4,6622842134
502,5556727,101660,5658387,0,0,0,33792,26,7694564432
503,5561330,3422,5564752,0,5,1,3584,4,1860225744
504,5578018,43904,5621922,0,1,0,512,26,1037456410
505,5580421,43904,5624325,0,1,0,512,26,4321222830
506,5613776,3898,5617674,0,2,1,4096,20,4621957842
507,5628965,1042,5630007,0,6,1,1024,32,3706264521
508,5659209,65487,5724696,0,4,0,9216,33,8862429719
509,5693075,88988,5782063,0,8,0,17408,12,8967934741
510,5772532,48980,5821512,0,0,0,2048,26,10201638001
511,5781164,3422,5784586,0,6,1,3584,32,8591906491
512,5836954,566,5837520,0,6,1,512,32,5024578266
513,5838399,1042,5839441,0,6,1,1024,32,8355546063
514,5845868,3422,5849290,0,2,1,3584,20,8832182583
515,5846987,74672,5921659,0,8,0,10752,12,10369285177
516,5871111,43904,5915015,0,0,0,512,26,9106885072
517,5909171,50672,5959843,0,4,0,2560,33,6203550646
518,5923289,82820,6006109,0,0,0,12288,26,1621273896
519,5940159,113204,6053363,0,4,0,71680,33,5506384348
520,5947041,108521,6055562,0,4,0,7168,33,1905751301
521,5961844,3422,5965266,0,6,1,3584,32,4996769165
522,5967098,84560,6051658,0,8,0,23040,12,5232841351
523,5972401,5971,5978372,0,4,1,14848,33,9787962208
524,5978827,4937,5983764,0,4,1,12800,33,4220858930
525,6011755,95288,6107043,0,0,0,17920,26,9739986200
526,6016198,1518,6017716,0,6,1,1536,32,4101940413
527,6048336,147489,6195825,0,0,0,76288,26,10031479291
528,6078576,62516,6141092,0,8,0,6144,12,10634620283
529,6081298,251087,6332385,0,4,0,12288,33,1249649379
530,6089145,16613,6105758,0,4,1,32256,33,208720915
531,6110045,566,6110611,0,5,1,512,4,2973232669
532,6121788,5712,6127500,0,4,1,14336,33,9130298063
533,6128352,111020,6239372,0,7,0,64512,13,147900632
534,6159226,155843,6315069,0,4,0,20992,33,117696164
535,6170050,566,6170616,0,3,1,512,4,7708664939
536,6213830,43904,6257734,0,6,0,512,32,986956578
537,6221517,125279,6346796,0,7,0,52736,13,9173996293
538,6239285,5802,6245087,0,4,1,6144,33,6251418901
539,6279096,1518,6280614,0,6,1,1536,32,2842085752
540,6358880,103688,6462568,0,4,0,40448,33,516176777
541,6384507,4374,6388881,0,3,1,4608,4,6796220299
542,6441083,3645,6444728,0,6,1,10240,32,9480439206
543,6446422,1042,6447464,0,6,1,1024,32,9084481303
544,6460333,2946,6463279,0,6,1,3072,32,275352548
545,6508364,3387,6511751,0,3,1,9728,4,9347947886
546,6523321,2470,6525791,0,6,1,2560,32,734017448
547,6533286,10757,6544043,0,2,1,17408,20,6547291109
548,6535893,566,6536459,0,5,1,512,4,6094866303
549,6536322,8387,6544709,0,2,1,11264,20,3957450380
550,6537197,1518,6538715,0,5,1,1536,4,1171786226
551,6545436,5802,6551238,0,3,1,6144,4,5101244598
552,6588856,1518,6590374,0,2,1,1536,20,4947542804
553,6598837,4162,6602999,0,6,1,11264,32,4260282059
554,6607895,114296,6722191,0,8,0,75264,12,1430871343
555,6637052,6754,6643806,0,2,1,7168,20,5295673967
556,6638596,32558,6671154,0,4,1,53248,33,4183205425
557,6646565,3422,6649987,0,6,1,3584,32,7112906286
558,6661836,2946,6664782,0,2,1,3072,20,1341448739
559,6684968,48980,6733948,0,4,0,2048,33,7737358773
560,6696388,5326,6701714,0,2,1,5632,20,9496147198
561,6698593,2870,6701463,0,5,1,8704,4,564223854
562,6717095,1518,6718613,0,2,1,1536,20,541769313
563,6723945,80240,6804185,0,3,0,18944,4,6840522029
564,6726679,43904,6770583,0,1,0,512,26,2574244502
565,6754344,1994,6756338,0,5,1,2048,4,4240827047
566,6799116,106808,6905924,0,8,0,50688,12,1833305405
567,6808190,4850,6813040,0,2,1,5120,20,1279661548
568,6811800,6754,6818554,0,3,1,7168,4,10411238792
569,6819140,43904,6863044,0,1,0,512,26,540463798
570,6830218,1042,6831260,0,2,1,1024,20,7752044109
571,6834125,13253,6847378,0,4,1,25600,33,1857379495
572,6856731,48980,6905711,0,1,0,2048,26,991928409
573,6857497,134817,6992314,0,4,0,61440,33,3159896219
574,6905364,5802,6911166,0,6,1,6144,32,2241848926
575,6911590,4162,6915752,0,6,1,11264,32,10540566919
576,6914995,2470,6917465,0,5,1,2560,4,10729437123
577,6921952,1994,6923946,0,2,1,2048,20,3082310922
578,6927594,1518,6929112,0,3,1,1536,4,6454539849
579,6944549,79460,7024009,0,3,0,16384,4,7551619912
580,6949538,4374,6953912,0,0,1,4608,26,1770473657
581,6950524,3387,6953911,0,2,1,9728,20,10629140522
582,6954466,4850,6959316,0,3,1,5120,4,4054409761
583,6956051,102908,7058959,0,4,0,37888,33,7699220727
584,6958197,5802,6963999,0,3,1,6144,4,7704843196
585,6972828,566,6973394,0,6,1,512,32,1243980674
586,6979279,5326,6984605,0,0,1,5632,26,3275226385
587,6984561,170086,7154647,0,2,0,4608,20,4537038587
588,6986008,144131,7130139,0,3,0,44032,4,1739993861
589,6988985,8517,6997502,0,4,1,13312,33,9404344893
590,6991799,43904,7035703,0,1,0,512,26,1532326606
591,6993361,5802,6999163,0,2,1,6144,20,819604676
592,6997362,5802,7003164,0,3,1,6144,4,1292789892
593,7007283,5971,7013254,0,5,1,14848,4,7630931354
594,7010714,48980,7059694,0,1,0,2048,26,4510865994
595,7011144,55105,7066249,0,3,0,1536,4,915075498
596,7020090,3898,7023988,0,6,1,4096,32,3432287277
597,7025388,150938,7176326,0,3,0,73728,4,1334359681
598,7062512,7706,7070218,0,6,1,8192,32,6500699959
599,7067145,1518,7068663,0,5,1,1536,4,10539729203
600,7091967,3422,7095389,0,2,1,3584,20,2635307152
601,7092101,1518,7093619,0,6,1,1536,32,1702381269
602,7116289,3128,7119417,0,0,1,9216,26,7931645201
603,7117653,43904,7161557,0,1,0,512,26,8216264599
604,7141113,1994,7143107,0,2,1,2048,20,9160992373
605,7197980,101972,7299952,0,3,0,34816,4,10321813704
606,7205580,2470,7208050,0,5,1,2560,4,7291812165
607,7223114,1042,7224156,0,2,1,1024,20,10021000807
608,7249833,61604,7311437,0,3,0,8192,4,3053323636
609,7251173,101660,7352833,0,8,0,33792,12,5028797721
610,7285370,5326,7290696,0,0,1,5632,26,5753662230
611,7298446,74262,7372708,0,1,1,124416,26,7635829848
612,7380571,74438,7455009,0,1,0,1536,26,1572316275
613,7385299,1042,7386341,0,3,1,1024,4,3780523548
614,7389052,2946,7391998,0,5,1,3072,4,3855661710
615,7394867,2470,7397337,0,5,1,2560,4,5744922938
616,7396234,106654,7502888,0,3,0,24576,4,9157440059
617,7400959,124112,7525071,0,5,1,204800,4,9666352519
618,7403716,1042,7404758,0,3,1,1024,4,4255574784
619,7418992,1518,7420510,0,6,1,1536,32,1150128706
620,7421563,2870,7424433,0,0,1,8704,26,4472640140
621,7422105,2470,7424575,0,6,1,2560,32,6255205546
622,7430459,2470,7432929,0,6,1,2560,32,2074076429
623,7431716,14804,7446520,0,4,1,28672,33,8672507272
624,7442736,3128,7445864,0,0,1,9216,26,1589387679
625,7443672,14746,7458418,0,0,1,21504,26,4793907111
626,7458044,1994,7460038,0,6,1,2048,32,9116641338
627,7476741,1994,7478735,0,3,1,2048,4,6525700358
628,7480361,74648,7555009,0,1,0,1536,26,5104764286
629,7490639,1518,7492157,0,2,1,1536,20,2942202474
630,7494348,45596,7539944,0,1,0,1024,26,326679681
631,7519016,100880,7619896,0,3,0,31232,4,5218125925
632,7525783,105248,7631031,0,4,0,45568,33,631878257
633,7529943,12995,7542938,0,5,1,25088,4,13494609
634,7544390,2946,7547336,0,3,1,3072,4,9113906101
635,7550396,168637,7719033,0,4,0,101376,33,832417818
636,7566528,3904,7570432,0,7,1,10752,13,10401173116
637,7578557,2870,7581427,0,0,1,8704,26,3431288271
638,7588631,76076,7664707,0,3,0,15360,4,7350847762
639,7594639,43904,7638543,0,1,0,512,26,6380556565
640,7597431,1994,7599425,0,7,1,2048,13,2097707245
641,7602684,99032,7701716,0,3,0,30208,4,2634246755
642,7604011,2946,7606957,0,3,1,3072,4,10113208485
643,7619433,3422,7622855,0,6,1,3584,32,5921863646
644,7634424,15321,7649745,0,5,1,29696,4,7435064377
645,7643914,147551,7791465,0,4,0,39424,33,1786430428
646,7643966,95196,7739162,0,3,0,15872,4,2403183440
647,7645578,2946,7648524,0,3,1,3072,4,4014343382
648,7645763,114153,7759916,0,3,0,12288,4,1529093270
649,7669506,83415,7752921,0,4,0,8704,33,5668769626
650,7678881,75920,7754801,0,1,0,14848,26,7410693450
651,7680629,566,7681195,0,0,1,512,26,6824332430
652,7686951,16613,7703564,0,5,1,32256,4,9894152083
653,7732431,1518,7733949,0,2,1,1536,20,7025281342
654,7736742,6278,7743020,0,6,1,6656,32,4170715448
655,7740114,103220,7843334,0,3,0,38912,4,561239308
656,7740539,4850,7745389,0,3,1,5120,4,8958199643
657,7747977,3422,7751399,0,3,1,3584,4,3703564948
658,7772267,14804,7787071,0,5,1,28672,4,3786961740
659,7772682,118040,7890722,0,1,0,87552,26,5140289376
660,7796765,109460,7906225,0,4,0,59392,33,2098845686
661,7808482,118486,7926968,0,1,0,13824,26,494084071
662,7813559,7230,7820789,0,3,1,7680,4,10145868120
663,7825246,203217,8028463,0,4,0,177152,33,6064726616
664,7827416,3898,7831314,0,3,1,4096,4,9150234837
665,7842413,13512,7855925,0,5,1,26112,4,1034608653
666,7860968,1518,7862486,0,6,1,1536,32,9618722155
667,7898291,146723,8045014,0,4,0,54272,33,8273225629
668,7903352,4420,7907772,0,5,1,11776,4,2966608200
669,7905304,114980,8020284,0,5,0,67072,4,28896920
670,7916043,138190,8054233,0,4,0,30208,33,2043813402
671,7941882,6488,7948370,0,5,1,15872,4,6749415201
672,7945009,65900,8010909,0,3,0,7168,4,6962500414
673,7955420,1042,7956462,0,7,1,1024,13,9537252032
674,7961560,1994,7963554,0,3,1,2048,4,2977481826
675,7976600,107432,8084032,0,7,0,52736,13,3326269464
676,7997870,566,7998436,0,7,1,512,13,5635807672
677,8053957,61092,8115049,0,4,0,5632,33,7204928393
678,8059010,2870,8061880,0,7,1,8704,13,2315441580
679,8062200,56380,8118580,0,7,0,2560,13,3286639628
680,8096510,74360,8170870,0,3,0,9728,4,5350032297
681,8112220,112736,8224956,0,1,0,70144,26,7231852663
682,8124703,105953,8230656,0,1,0,8192,26,1206291397
683,8126939,50672,8177611,0,3,0,2560,4,3505320440
684,8128091,4850,8132941,0,2,1,5120,20,8695249403
685,8129835,98696,8228531,0,3,0,24064,4,7710239542
686,8134092,83558,8217650,0,3,0,5632,4,7837218806
687,8140200,55304,8195504,0,1,1,94208,26,9098804110
688,8143376,103220,8246596,0,4,0,38912,33,4381731261
689,8146353,2470,8148823,0,3,1,2560,4,1794568045
690,8150755,3422,8154177,0,3,1,3584,4,2647848698
691,8159277,5454,8164731,0,2,1,13824,20,6512619208
692,8166211,566,8166777,0,0,1,512,26,5037599811
693,8168490,8174,8176664,0,3,1,6144,4,4773202790
694,8189386,141931,8331317,0,1,0,70656,26,203380221
695,8196245,5196,8201441,0,7,1,13312,13,2562227024
696,8197826,176625,8374451,0,1,0,24576,26,459629032
697,8211367,169639,8381006,0,7,0,39424,13,5415413880
698,8216884,1042,8217926,0,2,1,1024,20,6013369542
699,8226614,288271,8514885,0,1,0,7168,26,4012037603
700,8256389,253033,8509422,0,1,0,127488,26,532885539
701,8257411,54056,8311467,0,4,0,3584,33,6048470703
702,8264316,23208,8287524,0,1,1,38400,26,351513050
703,8265648,186396,8452044,0,1,0,7168,26,6670796358
704,8267182,21008,8288190,0,1,1,11264,26,17662435
705,8271599,1518,8273117,0,3,1,1536,4,6153172242
706,8282408,9968,8292376,0,1,1,6656,26,5181974244
707,8311948,1994,8313942,0,2,1,2048,20,8357025953
708,8315873,4850,8320723,0,0,1,5120,26,1937531000
709,8320826,25804,8346630,0,1,1,29696,26,10138614272
710,8323302,3422,8326724,0,2,1,3584,20,2252636458
711,8343541,79016,8422557,0,4,0,19968,33,4405078315
712,8350864,156755,8507619,0,4,0,71168,33,8145608443
713,8375784,4374,8380158,0,2,1,4608,20,8641030510
714,8386482,108836,8495318,0,7,0,57344,13,6467108527
715,8400417,3898,8404315,0,2,1,4096,20,6984029622
716,8438597,138796,8577393,0,4,0,72192,33,619120343
717,8453170,181997,8635167,0,4,0,3584,33,9172547134
718,8468230,113390,8581620,0,4,0,13824,33,3712654516
719,8470349,3387,8473736,0,0,1,9728,26,4306946657
720,8472329,6278,8478607,0,2,1,6656,20,8785393410
721,8475624,136749,8612373,0,4,0,30720,33,3779610432
722,8492679,1518,8494197,0,2,1,1536,20,9886000282
723,8500489,1042,8501531,0,7,1,1024,13,3905782535
724,8540884,87164,8628048,0,7,0,21504,13,4923525293
725,8563027,7230,8570257,0,7,1,7680,13,1909269217
726,8586510,109509,8696019,0,4,0,41984,33,8611878969
727,8637765,43904,8681669,0,4,0,512,33,7350036096
728,8637935,14117,8652052,0,2,1,24064,20,7999696082
729,8640525,11873,8652398,0,2,1,512,20,7825814916
730,8642399,194804,8837203,0,7,0,178176,13,7879010145
731,8652483,238114,8890597,0,7,0,125440,13,4393587572
732,8697826,237405,8935231,0,7,0,38912,13,2262410375
733,8704351,2946,8707297,0,3,1,3072,4,7811253740
734,8709265,1042,8710307,0,2,1,1024,20,6547118190
735,8760326,143416,8903742,0,1,1,232448,26,6932546475
736,8796452,157061,8953513,0,7,0,32256,13,4870245636
737,8805699,566,8806265,0,3,1,512,4,8343580324
738,8808970,41503,8850473,0,7,1,25600,13,6886248783
739,8811635,93285,8904920,0,1,1,13824,26,9522571997
740,8825066,99008,8924074,0,5,0,25088,4,5617948048
741,8834113,1042,8835155,0,2,1,1024,20,7015164297
742,8849242,2857,8852099,0,7,1,2560,13,7789752216
743,8870951,146453,9017404,0,5,0,103424,4,9536585594
744,8880871,20366,8901237,0,5,1,32768,4,8298561478
745,8912198,2946,8915144,0,4,1,3072,33,7166941268
746,8912704,161526,9074230,0,5,0,61952,4,9882605411
747,8931499,3904,8935403,0,6,1,10752,32,4838366915
748,8947040,185469,9132509,0,4,0,24064,33,5381253864
749,8951448,3575,8955023,0,7,1,1536,13,2345082267
750,8963895,135787,9099682,0,1,1,224256,26,10556171200
751,8964911,1994,8966905,0,2,1,2048,20,6930734561
752,8966769,264603,9231372,0,5,0,92672,4,1988097291
753,8972458,153760,9126218,0,1,1,86016,26,5769160282
754,8977914,149892,9127806,0,1,1,15872,26,10557047904
755,8982179,2470,8984649,0,2,1,2560,20,8922106659
756,8984156,1518,8985674,0,7,1,1536,13,1278851608
757,8986145,47288,9033433,0,6,0,1536,32,9748408461
758,8997715,2946,9000661,0,2,1,3072,20,6333984649
759,9030738,99944,9130682,0,7,0,28160,13,1002420524
760,9031522,198106,9229628,0,7,0,124928,13,8004244636
761,9033341,81284,9114625,0,5,0,12288,4,10423701018
762,9035670,62516,9098186,0,5,0,6144,4,2274475138
763,9050279,122204,9172483,0,2,0,93696,20,7628430251
764,9065120,3898,9069018,0,2,1,4096,20,7550451033
765,9089688,45596,9135284,0,9,0,1024,6,7465370217
766,9108036,6278,9114314,0,4,1,6656,33,6746390763
767,9116331,94083,9210414,0,1,1,153088,26,2608236091
768,9123887,9733,9133620,0,7,1,3072,13,664431637
769,9135786,43904,9179690,0,6,0,512,32,1308825473
770,9140346,100568,9240914,0,4,0,30208,33,6937160081
771,9143920,104750,9248670,0,5,0,7168,4,6550503139
772,9154876,18182,9173058,0,2,1,512,20,112953221
773,9156092,18074,9174166,0,2,1,1536,20,1222748441
774,9164772,210024,9374796,0,5,0,102400,4,2446706070
775,9168074,236533,9404607,0,5,0,97792,4,3132970202
776,9175965,43904,9219869,0,9,0,512,6,1373677090
777,9176545,47288,9223833,0,6,0,1536,32,3365511363
778,9194696,27572,9222268,0,1,1,48640,26,2120759726
779,9199130,45596,9244726,0,6,0,1024,32,1215028664
780,9200425,144515,9344940,0,7,0,44032,13,9606397805
781,9210711,22062,9232773,0,7,1,9216,13,2482089355
782,9223202,182512,9405714,0,5,0,3584,4,1206747638
783,9241161,5802,9246963,0,4,1,6144,33,1868616573
784,9242488,223277,9465765,0,1,0,32768,26,9165897607
785,9268658,43904,9312562,0,9,0,512,6,1323668654
786,9270355,43904,9314259,0,9,0,512,6,1616514570
787,9281687,95132,9376819,0,4,0,17408,33,4689781535
788,9289663,43904,9333567,0,6,0,512,32,9880489862
789,9298832,212633,9511465,0,1,0,15872,26,1879121267
790,9299857,1518,9301375,0,3,1,1536,4,5186940412
791,9310270,7706,9317976,0,3,1,8192,4,9430698159
792,9312587,45596,9358183,0,6,0,1024,32,6782648386
793,9332671,4850,9337521,0,3,1,5120,4,4445188904
794,9339054,9300,9348354,0,7,1,3584,13,4848545900
795,9340040,47288,9387328,0,6,0,1536,32,1643172782
796,9342545,566,9343111,0,2,1,512,20,1674593009
797,9351284,43904,9395188,0,9,0,512,6,1758056944
798,9354504,1518,9356022,0,2,1,1536,20,9518411718
799,9365031,3422,9368453,0,7,1,3584,13,6139626237
800,9373249,5802,9379051,0,2,1,6144,20,10507217921
801,9427712,43904,9471616,0,6,0,512,32,8411346301
802,9433166,142643,9575809,0,7,0,89600,13,9766148696
803,9486328,2946,9489274,0,0,1,3072,26,8888919820
804,9522147,77308,9599455,0,7,0,14848,13,10346476906
805,9528688,43904,9572592,0,9,0,512,6,7193411460
806,9542965,11533,9554498,0,3,1,18944,4,3451289856
807,9554194,151231,9705425,0,7,0,15872,13,9875834058
808,9559312,42166,9601478,0,1,1,68608,26,2949289201
809,9569479,2470,9571949,0,2,1,2560,20,10056101133
810,9575287,50932,9626219,0,1,1,79360,26,411908396
811,9581577,118976,9700553,0,7,0,90624,13,2971865917
812,9618180,3904,9622084,0,0,1,10752,26,3613510793
813,9639024,566,9639590,0,4,1,512,33,7210247305
814,9658097,45596,9703693,0,9,0,1024,6,4594307192
815,9663827,1994,9665821,0,0,1,2048,26,256218175
816,9685878,108755,9794633,0,7,0,24064,13,6603995147
817,9697630,25446,9723076,0,1,1,46080,26,7835846728
818,9697950,43904,9741854,0,9,0,512,6,5253827159
819,9706020,2870,9708890,0,2,1,8704,20,6697021444
820,9747200,50828,9798028,0,6,0,3072,32,2816259418
821,9748023,99632,9847655,0,5,0,27136,4,2287765326
822,9772085,1994,9774079,0,2,1,2048,20,1965476921
823,9775733,133992,9909725,0,5,0,88576,4,2475159712
824,9778247,2870,9781117,0,4,1,8704,33,9932652583
825,9787114,133078,9920192,0,5,0,34304,4,4817337678
826,9791813,155742,9947555,0,5,0,25088,4,33895463
827,9793158,5326,9798484,0,0,1,5632,26,9530492606
828,9817122,10241,9827363,0,2,1,16384,20,7691144862
829,9826200,72848,9899048,0,7,0,14848,13,3080410131
830,9846608,77744,9924352,0,7,0,10752,13,9406140508
831,9893066,1042,9894108,0,0,1,1024,26,6954400344
832,9905150,48980,9954130,0,6,0,2048,32,8846274371
833,9910419,122813,10033232,0,5,0,71168,4,1712369345
834,9916694,566,9917260,0,2,1,512,20,4699163234
835,9928878,5802,9934680,0,4,1,6144,33,2348691408
836,9964232,5971,9970203,0,2,1,14848,20,2783313190
837,9992721,2946,9995667,0,4,1,3072,33,9583828378
838,9996089,103220,10099309,0,5,0,38912,4,10701640486
839,10004877,43904,10048781,0,6,0,512,32,2965126470
840,10149327,57440,10206767,0,5,0,4608,4,2807926919
841,10181138,4162,10185300,0,2,1,11264,20,3750243777
842,10183956,84848,10268804,0,5,0,18944,4,920802355
843,10186973,1518,10188491,0,4,1,1536,33,5608930591
844,10209485,102908,10312393,0,7,0,37888,13,4535071205
845,10213262,5326,10218588,0,4,1,5632,33,2233962330
846,10239673,566,10240239,0,2,1,512,20,2406808196
847,10277006,1994,10279000,0,0,1,2048,26,8615859960
848,10283719,43904,10327623,0,6,0,512,32,2500144280
849,10297061,1042,10298103,0,0,1,1024,26,3442912480
850,10319361,5326,10324687,0,4,1,5632,33,3588784482
851,10343512,87296,10430808,0,5,0,16896,4,3441180421
852,10350931,3898,10354829,0,0,1,4096,26,8197151807
853,10368106,1994,10370100,0,0,1,2048,26,4913259575
854,10398053,47288,10445341,0,6,0,1536,32,3621324365
855,10402265,43904,10446169,0,6,0,512,32,1174816751
856,10459466,2946,10462412,0,0,1,3072,26,749840883
857,10556820,2946,10559766,0,4,1,3072,33,3524537559
858,10557047,91436,10648483,0,7,0,15360,13,5306685473
859,10568721,26479,10595200,0,1,1,48128,26,6252816130
860,10614321,3898,10618219,0,0,1,4096,26,10307025031
861,10621338,12825,10634163,0,1,1,21504,26,6070428364
862,10666099,218516,10884615,0,7,0,256000,13,4660902471
863,10672912,13083,10685995,0,0,1,22016,26,7087717604
864,10698198,350985,11049183,0,7,0,188928,13,9104840224
865,10720348,207599,10927947,0,7,0,113664,13,4170555196
866,10732561,3128,10735689,0,4,1,9216,33,8410190339
867,10734182,194872,10929054,0,7,0,3584,13,3513928195
868,10735462,106472,10841934,0,4,0,18432,33,8109460488
869,10816474,2946,10819420,0,1,1,3072,26,9659997258
870,10835054,1042,10836096,0,4,1,1024,33,448523299
871,10838606,151561,10990167,0,7,0,3072,13,4087581211
872,10885878,7706,10893584,0,1,1,8192,26,7751290989
873,10890074,566,10890640,0,0,1,512,26,3097954737
874,10901750,2946,10904696,0,0,1,3072,26,8543316846
875,10986379,105392,11091771,0,7,0,36864,13,1710760841
876,11063648,3128,11066776,0,4,1,9216,33,8190210738
877,11067637,47288,11114925,0,2,0,1536,20,2788124086
878,11082342,1042,11083384,0,4,1,1024,33,6462668777
879,11106695,104780,11211475,0,2,0,44032,20,9864626915
880,11135584,137385,11272969,0,2,0,48128,20,7751504227
881,11154863,98282,11253145,0,2,0,13312,20,8812195551
882,11176302,11274,11187576,0,1,1,18432,26,8118897287
883,11194776,13512,11208288,0,1,1,26112,26,6672015482
884,11203458,59912,11263370,0,5,0,7680,4,6763753939
885,11246217,90736,11336953,0,2,0,18944,20,10541238640
886,11277171,110084,11387255,0,5,0,61440,4,1434551649
887,11304725,1518,11306243,0,4,1,1536,33,5513921628
888,11312392,141049,11453441,0,5,0,50688,4,6463445115
889,11318895,74672,11393567,0,7,0,10752,13,2639420364
890,11334928,143671,11478599,0,7,0,128512,13,8613913364
891,11337132,52808,11389940,0,1,1,86016,26,1097989713
892,11400088,97292,11497380,0,2,0,19456,20,209085085
893,11406433,40874,11447307,0,1,1,66048,26,5070673583
894,11415823,60824,11476647,0,5,0,5632,4,10216005379
895,11418690,90860,11509550,0,2,0,23552,20,6675259402
896,11451275,131188,11582463,0,5,0,53248,4,1909517515
897,11456599,97604,11554203,0,4,0,20480,33,4461160509
898,11482412,98384,11580796,0,0,0,23040,26,2858186263
899,11522181,12995,11535176,0,0,1,25088,26,6480543833
900,11527474,1994,11529468,0,9,1,2048,6,10702919309
901,11538280,566,11538846,0,0,1,512,26,1857179028
902,11562201,566,11562767,0,9,1,512,6,7211246352
903,11569232,42424,11611656,0,1,1,69120,26,1534218036
904,11611330,566,11611896,0,4,1,512,33,6114218660
905,11619916,566,11620482,0,4,1,512,33,324088208
906,11667899,4937,11672836,0,0,1,12800,26,1151176016
907,11679382,22862,11702244,0,1,1,40960,26,5832642806
908,11694568,5454,11700022,0,4,1,13824,33,1058402451
909,11728580,60824,11789404,0,5,0,5632,4,10382241512
910,11754699,101816,11856515,0,8,0,34304,12,10182229221
911,11755985,90056,11846041,0,2,0,15872,20,4617674466
912,11757106,47288,11804394,0,6,0,1536,32,8259850264
913,11773867,107900,11881767,0,8,0,54272,12,9790296362
914,11796580,11533,11808113,0,7,1,18944,13,262258254
915,11852800,127675,11980475,0,8,0,107008,12,4015100828
916,11864854,4374,11869228,0,6,1,4608,32,6671945950
917,11896491,108992,12005483,0,2,0,57856,20,7885297194
918,11955739,5326,11961065,0,6,1,5632,32,8744341418
919,11983572,51296,12034868,0,8,0,4608,12,8787597783
920,12029596,5326,12034922,0,4,1,5632,33,8879447780
921,12038376,66212,12104588,0,2,0,8192,20,151945106
922,12082910,1042,12083952,0,2,1,1024,20,10371365327
923,12101196,106184,12207380,0,8,0,48640,12,58689955
924,12118698,6754,12125452,0,6,1,7168,32,5581756565
925,12119071,1518,12120589,0,4,1,1536,33,2469869758
926,12126392,136734,12263126,0,8,0,38912,12,4240478062
927,12136398,45596,12181994,0,8,0,1024,12,9771804679
928,12147396,43904,12191300,0,2,0,512,20,5066103413
929,12157171,182749,12339920,0,8,0,62976,12,9147195980
930,12167431,43904,12211335,0,9,0,512,6,1966442832
931,12185401,5802,12191203,0,4,1,6144,33,6448779434
932,12209144,140931,12350075,0,8,0,33280,12,3824457275
933,12240881,6278,12247159,0,6,1,6656,32,5496763496
934,12240967,7498,12248465,0,6,1,2048,32,848967688
935,12261955,1994,12263949,0,2,1,2048,20,8928046446
936,12265980,43904,12309884,0,6,0,512,32,167221312
937,12288628,154571,12443199,0,8,0,122368,12,1520096693
938,12301277,2470,12303747,0,8,1,2560,12,3628144231
939,12326749,45596,12372345,0,9,0,1024,6,7617253128
940,12335433,260939,12596372,0,8,0,184320,12,8828571342
941,12350966,5326,12356292,0,6,1,5632,32,8158586179
942,12449444,566,12450010,0,4,1,512,33,9802169394
943,12476759,139449,12616208,0,8,0,10240,12,10525303781
944,12504089,45596,12549685,0,9,0,1024,6,7522912479
945,12517532,5971,12523503,0,6,1,14848,32,9827269115
946,12546050,566,12546616,0,6,1,512,32,1130838025
947,12573046,98852,12671898,0,2,0,24576,20,2996035633
948,12604248,11016,12615264,0,3,1,17920,4,7587640991
949,12605944,14607,12620551,0,3,1,16896,4,8740171049
950,12628191,4374,12632565,0,3,1,4608,4,7507811009
951,12632186,1994,12634180,0,4,1,2048,33,3623926599
952,12659204,3898,12663102,0,8,1,4096,12,6659559544
953,12667660,4850,12672510,0,4,1,5120,33,8861916323
954,12690131,115125,12805256,0,8,0,62976,12,4138101849
955,12693448,3898,12697346,0,8,1,4096,12,5805493468
956,12729161,80972,12810133,0,8,0,7168,12,6793630409
957,12744330,43904,12788234,0,9,0,512,6,10158302896
958,12745005,3422,12748427,0,3,1,3584,4,8382132448
959,12828089,45596,12873685,0,8,0,1024,12,1578900056
960,12856754,1994,12858748,0,3,1,2048,4,342628575
961,12861013,2470,12863483,0,8,1,2560,12,2462704724
962,12866358,566,12866924,0,3,1,512,4,10492913905
963,12868263,2946,12871209,0,6,1,3072,32,1185978818
964,12892046,52364,12944410,0,3,0,3072,4,3263066384
965,12905752,566,12906318,0,3,1,512,4,6774943465
966,12911520,200529,13112049,0,3,0,99840,4,7033749933
967,12913037,10499,12923536,0,8,1,16896,12,5730686870
968,12935673,98696,13034369,0,4,0,24064,33,9017866675
969,12972463,566,12973029,0,4,1,512,33,2870673342
970,12975972,106184,13082156,0,2,0,48640,20,8416343114
971,12987892,191002,13178894,0,8,0,100352,12,9531056488
972,13006312,4374,13010686,0,8,1,4608,12,1900640712
973,13073616,55820,13129436,0,2,0,1536,20,1383898886
974,13097222,7230,13104452,0,4,1,7680,33,1981312053
975,13105928,566,13106494,0,4,1,512,33,486439570
976,13107044,112007,13219051,0,8,1,181248,12,3772843795
977,13123715,43904,13167619,0,2,0,512,20,5501941538
978,13126538,566,13127104,0,6,1,512,32,7341916091
979,13127634,10241,13137875,0,6,1,16384,32,7260074975
980,13127734,43904,13171638,0,9,0,512,6,8071467946
981,13132918,92137,13225055,0,8,1,28672,12,4829007573
982,13137158,123968,13261126,0,5,0,107008,4,1958689679
983,13140881,244857,13385738,0,8,0,108544,12,5063701119
984,13144647,60824,13205471,0,0,0,5632,26,7818531883
985,13150093,270064,13420157,0,8,0,55808,12,6120286561
986,13150766,75365,13226131,0,8,1,13312,12,647877102
987,13155517,105560,13261077,0,0,0,46592,26,5329361983
988,13165688,23725,13189413,0,5,1,39424,4,8950990992
989,13212953,75140,13288093,0,2,0,12288,20,2606289626
990,13242122,23466,13265588,0,8,1,38912,12,5071025362
991,13244649,26943,13271592,0,8,1,20480,12,2969352069
992,13269806,47288,13317094,0,2,0,1536,20,1950474357
993,13281819,31266,13313085,0,8,1,50688,12,1716025721
994,13294715,99788,13394503,0,2,0,27648,20,8848259827
995,13295863,105363,13401226,0,2,0,22016,20,9367781691
996,13306618,99164,13405782,0,0,0,25600,26,1181446809
997,13354283,3898,13358181,0,6,1,4096,32,9702453406
998,13379535,57440,13436975,0,2,0,4608,20,7484650767
999,13391585,128736,13520321,0,2,0,50176,20,1938108150
1000,13391835,192302,13584137,0,2,0,98304,20,6691029192
1001,13395581,246474,13642055,0,2,0,60416,20,896333531
1002,13395730,43716,13439446,0,8,1,71680,12,6981336040
1003,13432946,12094,13445040,0,8,1,18432,12,1852399205
1004,13458894,218405,13677299,0,8,0,33280,12,7467601908
1005,13481429,167037,13648466,0,2,0,20992,20,10121396536
1006,13487051,336132,13823183,0,8,0,60928,12,1425252558
1007,13518982,91328,13610310,0,0,0,25088,26,3124101860
1008,13545544,86204,13631748,0,0,0,13312,26,4280743070
1009,13549646,214862,13764508,0,2,0,153088,20,6743816792
1010,13601054,43112,13644166,0,8,1,73728,12,3372144512
1011,13613620,72668,13686288,0,0,0,9216,26,7747204586
1012,13632980,104895,13737875,0,8,1,174080,12,5359161535
1013,13639254,134488,13773742,0,2,0,16896,20,7857411094
1014,13657006,97700,13754706,0,0,0,15872,26,1855808994
1015,13669005,99574,13768579,0,2,0,13312,20,6264979154
1016,13680138,69283,13749421,0,8,1,47104,12,6115679909
1017,13685803,152343,13838146,0,2,0,78848,20,3877416227
1018,13777764,65429,13843193,0,8,1,110592,12,5581727968
1019,13790253,307556,14097809,0,8,0,19456,12,4891638990
1020,13803095,272033,14075128,0,8,0,41984,12,4759892365
1021,13873934,140708,14014642,0,8,0,56320,12,8830562634
1022,13935243,173054,14108297,0,8,0,28672,12,5556965179
1023,13978858,111176,14090034,0,7,0,65024,13,8294646510
1024,13990370,2946,13993316,0,6,1,3072,32,8007712816
1025,14023373,1994,14025367,0,6,1,2048,32,6235918671
1026,14024223,117416,14141639,0,0,0,85504,26,3380311319
1027,14062099,566,14062665,0,6,1,512,32,4846459714
1028,14071372,45596,14116968,0,6,0,1024,32,8578165575
1029,14101301,102440,14203741,0,1,0,36352,26,68224148
1030,14149748,43904,14193652,0,6,0,512,32,9840988369
1031,14195087,47288,14242375,0,6,0,1536,32,8384773003
1032,14201874,64208,14266082,0,2,0,6656,20,10472604360
1033,14235451,47288,14282739,0,6,0,1536,32,5341322438
1034,14270011,566,14270577,0,2,1,512,20,5660772784
1035,14298281,2946,14301227,0,2,1,3072,20,2488938411
1036,14368704,47288,14415992,0,6,0,1536,32,7091317570
1037,14481292,188252,14669544,0,2,0,156672,20,7578096725
1038,14506284,43904,14550188,0,6,0,512,32,7334437399
1039,14533342,104624,14637966,0,1,0,43520,26,5917436975
1040,14592810,71340,14664150,0,1,0,11264,26,2550406294
1041,14624419,43904,14668323,0,6,0,512,32,6071967186
1042,14630079,45596,14675675,0,6,0,1024,32,5298708054
1043,14658821,84904,14743725,0,5,1,141824,4,8511719538
1044,14674081,96872,14770953,0,1,0,28160,26,7354802692
1045,14685119,99164,14784283,0,4,0,25600,33,1159825621
1046,14716836,3898,14720734,0,3,1,4096,4,1511274701
1047,14721844,566,14722410,0,3,1,512,4,10209774399
1048,14728980,77168,14806148,0,7,0,18944,13,5725429259
1049,14748251,566,14748817,0,3,1,512,4,10535788778
1050,14759181,3387,14762568,0,3,1,9728,4,8310461955
1051,14763665,176116,14939781,0,1,0,143360,26,4172183196
1052,14775181,45596,14820777,0,6,0,1024,32,9500243331
1053,14780292,116720,14897012,0,7,0,22528,13,7746353658
1054,14824356,155690,14980046,0,7,0,67072,13,6555298743
1055,14825341,3128,14828469,0,3,1,9216,4,8170284979
1056,14833925,1042,14834967,0,3,1,1024,4,5285810381
1057,14845301,210271,15055572,0,1,0,82432,26,4761278103
1058,14846036,122407,14968443,0,1,0,24576,26,9209334943
1059,14909084,74417,14983501,0,7,0,11264,13,3724546960
1060,14934683,95758,15030441,0,1,0,23040,26,6767527173
1061,14938749,7706,14946455,0,4,1,8192,33,7873132949
1062,14956786,4850,14961636,0,3,1,5120,4,6534299098
1063,14971770,113672,15085442,0,7,0,46080,13,9965548676
1064,14978468,86228,15064696,0,4,0,18432,33,7347431108
1065,14998424,1994,15000418,0,4,1,2048,33,9007592589
1066,15023059,1994,15025053,0,4,1,2048,33,5232247066
1067,15053808,2470,15056278,0,4,1,2560,33,1316186481
1068,15094611,2470,15097081,0,3,1,2560,4,7789241863
1069,15096775,1042,15097817,0,1,1,1024,26,938689770
1070,15105557,111020,15216577,0,7,0,64512,13,1641523058
1071,15123277,203247,15326524,0,1,0,113664,26,360383625
1072,15126450,43904,15170354,0,6,0,512,32,3148780347
1073,15129852,47288,15177140,0,6,0,1536,32,10511375562
1074,15152535,3898,15156433,0,3,1,4096,4,9135430638
1075,15171760,166167,15337927,0,1,0,37376,26,8327075889
1076,15174558,125995,15300553,0,7,0,40448,13,5881637018
1077,15225721,114725,15340446,0,1,0,8192,26,5210692980
1078,15276380,4850,15281230,0,4,1,5120,33,5479552095
1079,15309823,107088,15416911,0,1,0,14848,26,1757490008
1080,15328798,2470,15331268,0,3,1,2560,4,7163485170
1081,15331077,43904,15374981,0,6,0,512,32,2849202935
1082,15381444,102440,15483884,0,7,0,36352,13,2117623284
1083,15425866,1518,15427384,0,7,1,1536,13,8390615150
1084,15464148,45596,15509744,0,6,0,1024,32,3762100296
1085,15478026,113594,15591620,0,7,0,53760,13,6030171112
1086,15569631,566,15570197,0,4,1,512,33,5996613227
1087,15575048,566,15575614,0,4,1,512,33,4780504439
1088,15576719,103101,15679820,0,7,0,14848,13,6456576027
1089,15578514,104156,15682670,0,8,0,41984,12,3654042296
1090,15674857,106657,15781514,0,8,0,24576,12,5409133688
1091,15679566,147884,15827450,0,8,0,59392,12,5261182497
1092,15685638,161918,15847556,0,8,0,48640,12,2375179165
1093,15720846,566,15721412,0,4,1,512,33,8698133847
1094,15749628,100100,15849728,0,7,0,28672,13,6113499593
1095,15764251,85816,15850067,0,8,0,8192,12,8827993128
1096,15764442,1518,15765960,0,3,1,1536,4,1083434460
1097,15785388,88100,15873488,0,7,0,24576,13,6126013286
1098,15788327,1042,15789369,0,4,1,1024,33,8260052934
1099,15791484,62060,15853544,0,8,0,512,12,1734736913
1100,15801122,97136,15898258,0,2,0,18944,20,7868285273
1101,15813199,1994,15815193,0,3,1,2048,4,6927493971
1102,15823680,43904,15867584,0,6,0,512,32,7077162839
1103,15859893,4850,15864743,0,4,1,5120,33,1678614055
1104,15866934,72446,15939380,0,7,0,7168,13,8467888842
1105,15871789,1042,15872831,0,3,1,1024,4,8507870496
1106,15883171,98540,15981711,0,8,0,23552,12,9848550999
1107,15886764,13600,15900364,0,4,1,23040,33,4023158816
1108,15895905,43904,15939809,0,6,0,512,32,10439496840
1109,15896683,120115,16016798,0,7,0,33280,13,411587749
1110,15923015,60583,15983598,0,8,0,6144,12,9220538871
1111,15927583,1518,15929101,0,3,1,1536,4,4662158191
1112,15935760,6229,15941989,0,3,1,15360,4,4551338810
1113,15960149,57440,16017589,0,6,0,4608,32,9013953007
1114,15960706,118457,16079163,0,7,0,24576,13,542476671
1115,15983605,101193,16084798,0,8,0,32256,12,9302829193
1116,15998544,93445,16091989,0,8,0,23552,12,104365802
1117,16007419,128625,16136044,0,8,0,12800,12,2711163303
1118,16014744,1518,16016262,0,3,1,1536,4,6030000078
1119,16053629,90548,16144177,0,2,0,22528,20,8666238187
1120,16054535,2470,16057005,0,4,1,2560,33,4660787837
1121,16064333,4162,16068495,0,4,1,11264,33,6570261550
1122,16139703,3387,16143090,0,3,1,9728,4,1858697677
1123,16181658,1518,16183176,0,3,1,1536,4,17729888
1124,16221849,75320,16297169,0,4,0,17920,33,5334317549
1125,16231040,71624,16302664,0,7,0,15872,13,5993394893
1126,16246227,1042,16247269,0,4,1,1024,33,6783510948
1127,16269658,3898,16273556,0,4,1,4096,33,3623956136
1128,16273032,73004,16346036,0,6,0,15360,32,10018412430
1129,16275914,101036,16376950,0,7,0,31744,13,4542056591
1130,16279079,67440,16346519,0,6,0,1536,32,3131471030
1131,16302567,98384,16400951,0,8,0,23040,12,9362567445
1132,16314487,113984,16428471,0,8,0,74240,12,5145535036
1133,16329728,60824,16390552,0,6,0,5632,32,7794621757
1134,16333686,125171,16458857,0,8,0,15360,12,4714944536
1135,16357843,43904,16401747,0,9,0,512,6,3952166411
1136,16376604,189812,16566416,0,1,0,161792,26,1814190738
1137,16402753,3898,16406651,0,4,1,4096,33,3950905647
1138,16406783,2470,16409253,0,4,1,2560,33,3493855967
1139,16447648,118040,16565688,0,4,0,87552,33,8694518905
1140,16456667,275118,16731785,0,4,0,38912,33,4473494054
1141,16477872,14117,16491989,0,3,1,24064,4,1424015952
1142,16492100,566,16492666,0,4,1,512,33,402488359
1143,16501083,44404,16545487,0,5,1,76288,4,834145156
1144,16502273,145207,16647480,0,4,0,56320,33,6465203374
1145,16539430,43904,16583334,0,9,0,512,6,626813708
1146,16557912,108680,16666592,0,6,0,56832,32,1975597436
1147,16571692,108680,16680372,0,1,0,56832,26,8646939892
1148,16580260,50672,16630932,0,9,0,2560,6,6487055455
1149,16604799,3898,16608697,0,4,1,4096,33,4477365604
1150,16607905,109368,16717273,0,4,0,9728,33,7056300137
1151,16627751,163149,16790900,0,5,1,264192,4,223406988
1152,16635583,114140,16749723,0,6,0,74752,32,10545848569
1153,16637692,102908,16740600,0,2,0,37888,20,8398023262
1154,16644915,1042,16645957,0,3,1,1024,4,934856252
1155,16660973,4374,16665347,0,4,1,4608,33,4415777242
1156,16677298,2470,16679768,0,2,1,2560,20,9197984542
1157,16679664,4374,16684038,0,3,1,4608,4,4809148903
1158,16686235,5196,16691431,0,3,1,13312,4,627120520
1159,16686283,98072,16784355,0,6,0,22016,32,7455772125
1160,16692204,125949,16818153,0,5,1,89600,4,3078388318
1161,16698869,2470,16701339,0,4,1,2560,33,10595364666
1162,16699509,139842,16839351,0,5,1,68608,4,5065838874
1163,16706794,43904,16750698,0,9,0,512,6,8297100967
1164,16754573,79592,16834165,0,4,0,11776,33,4690975624
1165,16804939,1042,16805981,0,4,1,1024,33,8283397873
1166,16812827,48980,16861807,0,8,0,2048,12,4550734490
1167,16817372,2470,16819842,0,3,1,2560,4,8454132073
1168,16822474,2470,16824944,0,4,1,2560,33,7036911949
1169,16823980,85628,16909608,0,8,0,21504,12,7380300325
1170,16869843,7706,16877549,0,3,1,8192,4,7954434775
1171,16877982,47288,16925270,0,9,0,1536,6,3994854583
1172,16878220,107900,16986120,0,1,0,54272,26,5377704888
1173,16917461,4850,16922311,0,3,1,5120,4,8155360289
1174,16937052,115388,17052440,0,2,0,78848,20,9268087926
1175,17004874,122054,17126928,0,2,0,18944,20,1630423068
1176,17005419,100880,17106299,0,6,0,31232,32,5219906979
1177,17011917,566,17012483,0,3,1,512,4,2153471360
1178,17017981,23120,17041101,0,5,1,41472,4,943647071
1179,17019233,99944,17119177,0,8,0,28160,12,3257209918
1180,17026146,26694,17052840,0,5,1,36352,4,3680435747
1181,17033293,77077,17110370,0,6,0,13312,32,2132656208
1182,17038376,133308,17171684,0,2,0,27136,20,373472633
1183,17039690,81451,17121141,0,2,0,11264,20,9688538093
1184,17048544,116636,17165180,0,8,0,82944,12,7049439885
1185,17050217,6754,17056971,0,3,1,7168,4,5492836985
1186,17113780,6488,17120268,0,5,1,15872,4,4538881557
1187,17152395,6229,17158624,0,3,1,15360,4,5680732093
1188,17175408,11533,17186941,0,5,1,18944,4,2950517341
1189,17210084,5802,17215886,0,3,1,6144,4,2094671264
1190,17276678,107900,17384578,0,6,0,54272,32,742058762
1191,17283511,72068,17355579,0,9,0,12288,6,8302097259
1192,17289797,34279,17324076,0,8,1,59904,12,6785147456
1193,17295364,110552,17405916,0,3,0,62976,4,1194807255
1194,17326401,100724,17427125,0,6,0,30720,32,1823892667
1195,17440095,95288,17535383,0,8,0,17920,12,2634002907
1196,17456779,106652,17563431,0,0,0,50176,26,5562434151
1197,17465702,89588,17555290,0,6,0,14336,32,6614165728
1198,17474287,98696,17572983,0,9,0,24064,6,7819151727
1199,17479626,180884,17660510,0,1,0,157696,26,908121029
1200,17494947,4850,17499797,0,7,1,5120,13,221212071
1201,17495473,91016,17586489,0,2,0,24064,20,1833205164
1202,17510655,229271,17739926,0,1,0,143872,26,5877833019
1203,17514805,87896,17602701,0,6,0,13824,32,1356531395
1204,17538073,146528,17684601,0,9,0,135680,6,3429964392
1205,17597109,107120,17704229,0,5,0,51712,4,180374342
1206,17616394,99164,17715558,0,8,0,25600,12,3963645017
1207,17622708,54056,17676764,0,6,0,3584,32,1784346507
1208,17623429,139537,17762966,0,1,0,30720,26,2998384591
1209,17644863,56996,17701859,0,6,0,8192,32,6966101237
1210,17646295,180061,17826356,0,1,0,46080,26,8341837795
1211,17692802,1518,17694320,0,9,1,1536,6,3694287875
1212,17712914,170580,17883494,0,1,0,71168,26,9850055908
1213,17733979,199927,17933906,0,1,0,110592,26,5411220762
1214,17741390,59132,17800522,0,2,0,5120,20,4574726119
1215,17744413,236743,17981156,0,1,0,57856,26,6613303311
1216,17770282,7706,17777988,0,9,1,8192,6,10553399524
1217,17771311,10223,17781534,0,9,1,5632,6,2639502038
1218,17773935,101816,17875751,0,4,0,34304,33,9650251604
1219,17803823,116586,17920409,0,4,0,18432,33,7435152304
1220,17811150,98540,17909690,0,6,0,23552,32,8911418287
1221,17837706,64208,17901914,0,6,0,6656,32,921453868
1222,17861524,48980,17910504,0,5,0,2048,4,3583321572
1223,17874754,116518,17991272,0,1,0,20480,26,9239864322
1224,17905484,109914,18015398,0,6,0,47104,32,7032416987
1225,17932894,1994,17934888,0,9,1,2048,6,7040527166
1226,17963981,50672,18014653,0,4,0,2560,33,3100601579
1227,17965198,1994,17967192,0,9,1,2048,6,4342495366
1228,17973178,117260,18090438,0,5,0,84992,4,354341429
1229,17985746,96980,18082726,0,9,0,18432,6,3870029309
1230,17985774,54056,18039830,0,4,0,3584,33,251790592
1231,17988311,5454,17993765,0,9,1,13824,6,9604053348
1232,18026777,566,18027343,0,9,1,512,6,8239701595
1233,18035786,111800,18147586,0,4,0,67072,33,3192289511
1234,18069298,201944,18271242,0,4,0,121344,33,2282587566
1235,18093754,204179,18297933,0,4,0,87552,33,7420059020
1236,18100045,57440,18157485,0,9,0,4608,6,4754853091
1237,18134823,109772,18244595,0,1,0,60416,26,530371400
1238,18237712,107276,18344988,0,6,0,52224,32,1468120509
1239,18256905,4374,18261279,0,6,1,4608,32,9217667659
1240,18271142,131251,18402393,0,4,0,43008,33,3785270416
1241,18271301,1994,18273295,0,6,1,2048,32,5977437212
1242,18278356,148871,18427227,0,4,0,57856,33,7035055842
1243,18289792,3387,18293179,0,6,1,9728,32,1617444252
1244,18296028,4850,18300878,0,3,1,5120,4,2954311297
1245,18360038,2870,18362908,0,9,1,8704,6,4196372533
1246,18373171,3387,18376558,0,9,1,9728,6,969603796
1247,18391479,3904,18395383,0,3,1,10752,4,8959723856
1248,18399454,13253,18412707,0,1,1,25600,26,2751873469
1249,18421343,4374,18425717,0,9,1,4608,6,9968707143
1250,18454727,76232,18530959,0,4,0,15872,33,10348560936
1251,18463364,4374,18467738,0,3,1,4608,4,470047586
1252,18473020,2946,18475966,0,3,1,3072,4,49288603
1253,18488144,1042,18489186,0,3,1,1024,4,3017929538
1254,18501851,7230,18509081,0,6,1,7680,32,10226796354
1255,18514435,1518,18515953,0,9,1,1536,6,4128296570
1256,18526258,70976,18597234,0,6,0,8704,32,10138277571
1257,18528326,104753,18633079,0,4,0,35328,33,9403476519
1258,18546295,3422,18549717,0,9,1,3584,6,7440993666
1259,18548794,47288,18596082,0,5,0,1536,4,3175754985
1260,18606542,43904,18650446,0,6,0,512,32,9468444881
1261,18641446,101192,18742638,0,5,0,32256,4,1650093484
1262,18648991,119756,18768747,0,4,0,93184,33,8204612139
1263,18652352,120775,18773127,0,4,0,11776,33,1320203068
1264,18656637,566,18657203,0,6,1,512,32,1263576719
1265,18672942,137934,18810876,0,5,0,33280,4,2334018717
1266,18730649,153385,18884034,0,5,0,100864,4,7949773880
1267,18784318,98072,18882390,0,4,0,22016,33,1226042517
1268,18790836,176879,18967715,0,5,0,24576,4,807075052
1269,18802405,4679,18807084,0,0,1,12288,26,7514030619
1270,18810033,150171,18960204,0,5,0,122880,4,9841586782
1271,18839027,6229,18845256,0,9,1,15360,6,3614424095
1272,18845194,243206,19088400,0,5,0,18944,4,10494907869
1273,18846187,3387,18849574,0,7,1,9728,13,61591561
1274,18847961,5454,18853415,0,9,1,13824,6,6680862002
1275,18856450,54100,18910550,0,1,1,88576,26,7487181890
1276,18862101,178232,19040333,0,4,0,148992,33,6929641442
1277,18894474,74512,18968986,0,5,0,4096,4,1964141982
1278,18900501,168615,19069116,0,5,0,66560,4,3692750810
1279,18906626,2946,18909572,0,0,1,3072,26,1470974197
1280,18928537,44570,18973107,0,5,1,11264,4,3672503637
1281,18939782,120279,19060061,0,4,0,50176,33,8499619149
1282,18952188,93764,19045952,0,5,1,119808,4,6359185818
1283,18983814,90836,19074650,0,6,0,18432,32,1732541976
1284,19009579,143950,19153529,0,4,0,71680,33,4307950171
1285,19022132,3422,19025554,0,9,1,3584,6,4859983053
1286,19038731,54100,19092831,0,8,1,88576,12,6353999305
1287,19047620,76071,19123691,0,5,1,128000,4,6394106435
1288,19077728,13253,19090981,0,6,1,25600,32,7436670461
1289,19077918,47288,19125206,0,4,0,1536,33,4859960579
1290,19104211,195700,19299911,0,4,0,162816,33,8228745315
1291,19177349,3645,19180994,0,2,1,10240,20,1400365055
1292,19236812,1518,19238330,0,9,1,1536,6,2373574855
1293,19256065,4420,19260485,0,2,1,11776,20,6714538439
1294,19281617,7230,19288847,0,2,1,7680,20,47138283
1295,19282442,3904,19286346,0,5,1,10752,4,2687028961
1296,19287530,23378,19310908,0,5,1,41984,4,1682384789
1297,19339439,1042,19340481,0,9,1,1024,6,7311611797
1298,19348760,1042,19349802,0,9,1,1024,6,5811698934
1299,19350375,52808,19403183,0,5,1,86016,4,1044562942
1300,19356921,67358,19424279,0,5,1,76288,4,4352282316
1301,19369064,1994,19371058,0,6,1,2048,32,6095453498
1302,19396279,3422,19399701,0,2,1,3584,20,10067837890
1303,19402440,27945,19430385,0,5,1,29184,4,5205986111
1304,19413083,60824,19473907,0,4,0,5632,33,9586663233
1305,19421305,67304,19488609,0,8,0,11776,12,1277970711
1306,19426121,116084,19542205,0,4,0,52224,33,9886533260
1307,19512906,97448,19610354,0,7,0,19968,13,7142636410
1308,19514180,11533,19525713,0,5,1,18944,4,6452822937
1309,19527797,7230,19535027,0,9,1,7680,6,4366752429
1310,19529742,4374,19534116,0,6,1,4608,32,4771196431
1311,19559748,100256,19660004,0,7,0,29184,13,538638036
1312,19571476,2946,19574422,0,6,1,3072,32,8364407327
1313,19573315,100568,19673883,0,8,0,30208,12,4238804496
1314,19589894,5326,19595220,0,2,1,5632,20,7343029295
1315,19606554,6754,19613308,0,2,1,7168,20,2009056225
1316,19615062,566,19615628,0,9,1,512,6,3212845813
1317,19640701,3422,19644123,0,2,1,3584,20,5499986704
1318,19648946,15062,19664008,0,5,1,29184,4,364460388
1319,19663598,198548,19862146,0,8,0,190464,12,8507438777
1320,19673283,10241,19683524,0,9,1,16384,6,5187723818
1321,19685274,107221,19792495,0,5,1,178688,4,4943555269
1322,19691845,4850,19696695,0,2,1,5120,20,1128848211
1323,19721844,10241,19732085,0,9,1,16384,6,2772455135
1324,19750516,5454,19755970,0,2,1,13824,20,10188353414
1325,19755888,73204,19829092,0,5,1,117760,4,2272249329
1326,19764476,2946,19767422,0,6,1,3072,32,6978373529
1327,19786417,3898,19790315,0,2,1,4096,20,6847339934
1328,19803089,21399,19824488,0,1,1,34816,26,7885768405
1329,19829956,5712,19835668,0,5,1,14336,4,6033048172
1330,19838718,1994,19840712,0,6,1,2048,32,2288998553
1331,19870664,66204,19936868,0,1,1,112128,26,6453664901
1332,19939280,112112,20051392,0,6,0,68096,32,4688578218
1333,19961764,105872,20067636,0,7,0,47616,13,4264526492
1334,19967245,103532,20070777,0,8,0,39936,12,1306690338
1335,20001642,1042,20002684,0,6,1,1024,32,844329722
1336,20024530,5712,20030242,0,6,1,14336,32,7235188794
1337,20054039,95132,20149171,0,8,0,17408,12,7707988574
1338,20061400,6488,20067888,0,6,1,15872,32,2364993353
1339,20094408,60380,20154788,0,7,0,9216,13,1341782806
1340,20134475,40874,20175349,0,5,1,66048,4,5403623104
1341,20156573,12049,20168622,0,2,1,19968,20,4900162112
1342,20158104,10864,20168968,0,2,1,512,20,4021675908
1343,20164919,13083,20178002,0,1,1,22016,26,10336092048
1344,20191874,3898,20195772,0,6,1,4096,32,273472781
1345,20221026,101036,20322062,0,0,0,31744,26,8172043426
1346,20230651,89900,20320551,0,6,0,15360,32,8065525850
1347,20249162,103220,20352382,0,8,0,38912,12,7842169240
1348,20307322,15062,20322384,0,1,1,29184,26,972251824
1349,20314128,96758,20410886,0,0,0,16896,26,475333946
1350,20319960,5454,20325414,0,1,1,13824,26,8673466720
1351,20320913,50672,20371585,0,8,0,2560,12,4754068874
1352,20320937,53583,20374520,0,5,1,87552,4,3205348491
1353,20326683,69932,20396615,0,7,0,15360,13,9795106093
1354,20328320,1518,20329838,0,6,1,1536,32,7376451644
1355,20334083,82278,20416361,0,0,0,17920,26,1052044907
1356,20345346,69152,20414498,0,4,0,12800,33,6480495886
1357,20373862,1518,20375380,0,6,1,1536,32,8880146659
1358,20384050,118508,20502558,0,8,0,89088,12,9102412565
1359,20416448,90964,20507412,0,8,0,3072,12,5284938690
1360,20420518,13512,20434030,0,6,1,26112,32,2588783740
1361,20451522,86072,20537594,0,6,0,17920,32,2005546694
1362,20469457,71428,20540885,0,6,0,10752,32,309396218
1363,20492898,92996,20585894,0,7,0,20480,13,606589635
1364,20502347,5196,20507543,0,5,1,13312,4,4965403514
1365,20516133,96837,20612970,0,1,1,161792,26,7451496494
1366,20521955,108056,20630011,0,7,0,54784,13,9368165364
1367,20528052,89588,20617640,0,8,0,14336,12,1335759905
1368,20535219,116651,20651870,0,8,0,34816,12,5831354059
1369,20553785,36863,20590648,0,5,1,65024,4,10345060804
1370,20558694,1994,20560688,0,2,1,2048,20,3495518568
1371,20577670,134237,20711907,0,5,1,221184,4,9484257313
1372,20613470,101832,20715302,0,8,0,18944,12,810607195
1373,20616162,95305,20711467,0,7,0,17920,13,7575108016
1374,20662700,64208,20726908,0,8,0,6656,12,4384340031
1375,20674604,118116,20792720,0,8,0,45056,12,3954426971
1376,20718804,10241,20729045,0,2,1,16384,20,8017279410
1377,20728934,4374,20733308,0,6,1,4608,32,849490751
1378,20749857,1994,20751851,0,2,1,2048,20,9476280267
1379,20833790,200264,21034054,0,8,0,196096,12,8036998132
1380,20843449,1518,20844967,0,2,1,1536,20,9766573815
1381,20844031,195498,21039529,0,8,0,17920,12,7864372327
1382,20862993,5454,20868447,0,2,1,13824,20,4566995399
1383,20984559,12825,20997384,0,5,1,21504,4,2555456175
1384,21011770,3898,21015668,0,2,1,4096,20,9282606496
1385,21027589,112736,21140325,0,3,0,70144,4,6147360115
1386,21029469,91492,21120961,0,8,0,12800,12,6480462587
1387,21036646,3904,21040550,0,6,1,10752,32,4548008785
1388,21039550,3549,21043099,0,6,1,9216,32,3839084886
1389,21044546,108379,21152925,0,2,0,46080,20,4113668455
1390,21094245,85292,21179537,0,7,0,15360,13,4620911225
1391,21098858,152625,21251483,0,7,0,53760,13,7212116782
1392,21109389,4420,21113809,0,2,1,11776,20,8462167939
1393,21118055,2946,21121001,0,6,1,3072,32,937680826
1394,21124327,3898,21128225,0,6,1,4096,32,6879083123
1395,21129882,57723,21187605,0,3,0,1536,4,6990006965
1396,21130051,3645,21133696,0,6,1,10240,32,883743381
1397,21156915,104780,21261695,0,2,0,44032,20,8424219708
1398,21174898,88088,21262986,0,8,0,13824,12,9446867168
1399,21175736,101504,21277240,0,3,0,33280,4,9942980168
1400,21176747,1994,21178741,0,8,1,2048,12,83972285
1401,21182961,69488,21252449,0,7,0,2048,13,2182419270
1402,21184494,21399,21205893,0,8,1,34816,12,9821730915
1403,21190300,61510,21251810,0,7,0,1024,13,9385920349
1404,21192051,103460,21295511,0,2,0,1536,20,3819781105
1405,21196037,3645,21199682,0,6,1,10240,32,1025870097
1406,21232425,88544,21320969,0,8,0,20992,12,7550254531
1407,21245300,109304,21354604,0,3,0,58880,4,8071799819
1408,21261340,102163,21363503,0,2,0,34304,20,4658509552
1409,21263941,3422,21267363,0,6,1,3584,32,1590400223
1410,21268573,146421,21414994,0,3,0,24064,4,6395303067
1411,21275481,105025,21380506,0,3,0,6656,4,9366298668
1412,21276010,6754,21282764,0,2,1,7168,20,6229719147
1413,21295201,1042,21296243,0,4,1,1024,33,7567967418
1414,21325465,139323,21464788,0,3,0,55296,4,5003210522
1415,21332692,7706,21340398,0,8,1,8192,12,175671524
1416,21369442,1994,21371436,0,6,1,2048,32,4840859203
1417,21370281,7706,21377987,0,2,1,8192,20,9882379431
1418,21385759,141009,21526768,0,3,0,24576,4,7251042927
1419,21404805,31524,21436329,0,4,1,51200,33,6499727229
1420,21411961,104936,21516897,0,8,0,44544,12,628149530
1421,21427520,35054,21462574,0,8,1,61440,12,3677033686
1422,21429883,67592,21497475,0,3,0,7680,4,5528199967
1423,21465847,45596,21511443,0,7,0,1024,13,9760037167
1424,21489787,27125,21516912,0,8,1,47104,12,9179108852
1425,21508329,1994,21510323,0,6,1,2048,32,4211765897
1426,21518317,166548,21684865,0,8,0,108544,12,5006619348
1427,21558876,88520,21647396,0,2,0,15872,20,4882105082
1428,21564933,54368,21619301,0,2,0,4608,20,7247548315
1429,21579253,4162,21583415,0,2,1,11264,20,17781198
1430,21586032,43904,21629936,0,7,0,512,13,10381428449
1431,21591279,3898,21595177,0,8,1,4096,12,8285457638
1432,21608924,3422,21612346,0,2,1,3584,20,4310457159
1433,21611768,2470,21614238,0,8,1,2560,12,4436403124
1434,21614742,1518,21616260,0,4,1,1536,33,1474809960
1435,21633805,11791,21645596,0,8,1,19456,12,7894792210
1436,21636144,90219,21726363,0,2,0,18432,20,699876485
1437,21686549,48980,21735529,0,7,0,2048,13,701414000
1438,21699512,2870,21702382,0,2,1,8704,20,10510371598
1439,21700702,1994,21702696,0,4,1,2048,33,7963778892
1440,21710193,7706,21717899,0,4,1,8192,33,695987216
1441,21736060,43904,21779964,0,7,0,512,13,3858126277
1442,21782500,84512,21867012,0,8,0,12800,12,6128480191
1443,21817678,102752,21920430,0,3,0,37376,4,3962190378
1444,21821622,6754,21828376,0,7,1,7168,13,8477790432
1445,21830486,23983,21854469,0,8,1,39936,12,1870726216
1446,21834380,20857,21855237,0,8,1,11776,12,4871915673
1447,21840258,62737,21902995,0,8,0,2048,12,1735709873
1448,21854377,135206,21989583,0,7,0,512,13,2942801384
1449,21857284,97004,21954288,0,3,0,23552,4,9009415597
1450,21868119,566,21868685,0,2,1,512,20,1715769563
1451,21871086,1518,21872604,0,4,1,1536,33,5712604144
1452,21878295,12825,21891120,0,8,1,21504,12,3008631689
1453,21880133,3422,21883555,0,7,1,3584,13,4230096844
1454,21887286,7706,21894992,0,7,1,8192,13,3620256742
1455,21893138,43904,21937042,0,7,0,512,13,7037655633
1456,21906622,1042,21907664,0,4,1,1024,33,5254643955
1457,21907279,21658,21928937,0,1,1,35328,26,9306022158
1458,21942940,64988,22007928,0,2,0,9216,20,4926161329
1459,21949026,150619,22099645,0,8,0,31232,12,1322396799
1460,21951186,89924,22041110,0,8,0,20480,12,3287560132
1461,21971081,72249,22043330,0,8,0,2560,12,4638136267
1462,21977399,100256,22077655,0,2,0,29184,20,3120767977
1463,21977780,188177,22165957,0,8,0,87552,12,4104017759
1464,21997401,86708,22084109,0,8,0,15872,12,9693787941
1465,22000562,3898,22004460,0,4,1,4096,33,8082822548
1466,22008720,2946,22011666,0,6,1,3072,32,8371256307
1467,22019008,1042,22020050,0,4,1,1024,33,3042539413
1468,22025110,61124,22086234,0,1,1,98816,26,1205262849
1469,22031699,163448,22195147,0,2,0,140800,20,6450877829
1470,22037041,4162,22041203,0,6,1,11264,32,7735968617
1471,22040683,192635,22233318,0,3,0,42496,4,8395165583
1472,22041072,179283,22220355,0,3,0,128512,4,7643894874
1473,22043415,1042,22044457,0,2,1,1024,20,7281215974
1474,22046525,104624,22151149,0,0,0,43520,26,7919838136
1475,22081658,5652,22087310,0,1,1,13312,26,8623955840
1476,22091635,2946,22094581,0,4,1,3072,33,7870573962
1477,22092416,19958,22112374,0,8,1,24576,12,10376681826
1478,22099281,136312,22235593,0,2,0,45568,20,3604765010
1479,22128759,12049,22140808,0,1,1,19968,26,5426353268
1480,22141947,1994,22143941,0,6,1,2048,32,4709100751
1481,22156355,110240,22266595,0,3,0,61952,4,4624178907
1482,22160338,154089,22314427,0,2,0,91648,20,3120837093
1483,22180674,2946,22183620,0,6,1,3072,32,2052806742
1484,22184392,1518,22185910,0,7,1,1536,13,4473655162
1485,22191230,3387,22194617,0,1,1,9728,26,1172062742
1486,22191489,11274,22202763,0,8,1,18432,12,9596204553
1487,22226299,6488,22232787,0,7,1,15872,13,4483183702
1488,22229472,23120,22252592,0,1,1,41472,26,8695712218
1489,22254099,1042,22255141,0,0,1,1024,26,6516470125
1490,22281323,4850,22286173,0,7,1,5120,13,787989645
1491,22292001,62667,22354668,0,8,0,6144,12,8110530807
1492,22314282,234724,22549006,0,8,0,77824,12,2734380357
1493,22314728,1042,22315770,0,7,1,1024,13,2119800125
1494,22315715,43904,22359619,0,3,0,512,4,5396410703
1495,22321249,4850,22326099,0,8,1,5120,12,3323999702
1496,22326344,2946,22329290,0,2,1,3072,20,8446280910
1497,22330342,72824,22403166,0,8,0,9728,12,3901666157
1498,22332332,101504,22433836,0,3,0,33280,4,7373041260
1499,22338840,139072,22477912,0,3,0,97280,4,2845025944
1500,22367150,46212,22413362,0,1,1,79872,26,565411269
1501,22410644,7706,22418350,0,7,1,8192,13,1302593213
1502,22428656,197480,22626136,0,3,0,169984,4,5455187185
1503,22432914,4361,22437275,0,3,1,3584,4,7708180052
1504,22456885,3422,22460307,0,8,1,3584,12,5255362094
1505,22465618,82976,22548594,0,2,0,12800,20,2083280679
1506,22501230,1994,22503224,0,0,1,2048,26,6337281748
1507,22544523,121591,22666114,0,3,0,73216,4,671395055
1508,22547304,77456,22624760,0,1,0,14848,26,4539773749
1509,22567225,43904,22611129,0,4,0,512,33,3469403539
1510,22580380,168351,22748731,0,3,0,35328,4,7047496179
1511,22580796,98072,22678868,0,1,0,22016,26,3604967070
1512,22589141,257783,22846924,0,3,0,68608,4,3480897541
1513,22609389,2946,22612335,0,7,1,3072,13,5899623388
1514,22617648,9096,22626744,0,3,1,512,4,7489616490
1515,22640979,25150,22666129,0,3,1,18432,4,7102508952
1516,22643372,100880,22744252,0,8,0,31232,12,2349930811
1517,22649938,99164,22749102,0,5,0,25600,4,6836383410
1518,22662260,157662,22819922,0,1,0,15872,26,9621307293
1519,22663471,104000,22767471,0,2,0,41472,20,4335371196
1520,22668123,54012,22722135,0,1,1,91648,26,2557806915
1521,22681782,5196,22686978,0,3,1,13312,4,3703911443
1522,22691316,5802,22697118,0,7,1,6144,13,2418176722
1523,22710205,2870,22713075,0,2,1,8704,20,9129537646
1524,22722355,1042,22723397,0,2,1,1024,20,9662274528
1525,22746711,7814,22754525,0,3,1,6144,4,7232994817
1526,22759108,9890,22768998,0,2,1,1536,20,3433618981
1527,22764111,6833,22770944,0,2,1,3072,20,213252302
1528,22771290,1042,22772332,0,2,1,1024,20,4487294655
1529,22781015,1994,22783009,0,9,1,2048,6,5449019301
1530,22797977,4850,22802827,0,7,1,5120,13,4313365544
1531,22828725,68216,22896941,0,8,0,9728,12,4444559386
1532,22853726,106184,22959910,0,3,0,48640,4,1452213786
1533,22854875,198236,23053111,0,2,0,189440,20,2482935846
1534,22869934,4374,22874308,0,2,1,4608,20,6915291273
1535,22870610,210623,23081233,0,2,0,53760,20,1219696661
1536,22880061,5326,22885387,0,2,1,5632,20,5255321139
1537,22914166,183631,23097797,0,3,0,46080,4,8562580147
1538,22931464,4937,22936401,0,2,1,12800,20,1681762236
1539,22937611,4850,22942461,0,7,1,5120,13,8795355808
1540,22955901,127629,23083530,0,3,0,11776,4,5193278779
1541,22957200,81932,23039132,0,1,0,19456,26,2635409481
1542,22964736,3422,22968158,0,3,1,3584,4,4560450095
1543,22985683,67443,23053126,0,2,1,19968,20,151031483
1544,22985847,12825,22998672,0,1,1,21504,26,10376277593
1545,22989119,52364,23041483,0,8,0,3072,12,10063544585
1546,22989630,566,22990196,0,4,1,512,33,2297419270
1547,23031114,139623,23170737,0,1,0,19456,26,3890610106
1548,23034794,7706,23042500,0,7,1,8192,13,8606060400
1549,23034982,54489,23089471,0,8,0,2048,12,2658312482
1550,23036378,68339,23104717,0,2,0,2560,20,2443433214
1551,23037536,89144,23126680,0,8,0,17920,12,214001317
1552,23081615,106340,23187955,0,1,0,49152,26,49092689
1553,23091900,10568,23102468,0,3,1,12288,4,10545748278
1554,23129207,11791,23140998,0,1,1,19456,26,5074652077
1555,23154494,14117,23168611,0,2,1,24064,20,1909365028
1556,23165603,45596,23211199,0,7,0,1024,13,5138186575
1557,23168330,66407,23234737,0,7,0,1536,13,3847824031
1558,23168664,2946,23171610,0,2,1,3072,20,90286056
1559,23173709,47288,23220997,0,7,0,1536,13,7025939229
1560,23183005,102440,23285445,0,3,0,36352,4,4532385604
1561,23204194,3422,23207616,0,2,1,3584,20,5413243662
1562,23210685,163071,23373756,0,2,0,4608,20,7654116064
1563,23234292,285600,23519892,0,2,0,58880,20,4324193013
1564,23246473,3898,23250371,0,7,1,4096,13,2515363425
1565,23250676,199099,23449775,0,2,0,31232,20,9973136005
1566,23256553,92972,23349525,0,3,0,15360,4,9197656958
1567,23273517,5802,23279319,0,8,1,6144,12,7897882923
1568,23296925,1042,23297967,0,7,1,1024,13,3704056372
1569,23299293,199328,23498621,0,1,0,193024,26,8867579473
1570,23301763,83288,23385051,0,2,0,13824,20,1472226120
1571,23304975,101504,23406479,0,3,0,33280,4,9079287696
1572,23315452,10757,23326209,0,2,1,17408,20,4962039663
1573,23319276,25187,23344463,0,1,1,45568,26,4270863082
1574,23319497,154008,23473505,0,3,0,5120,4,3019719854
1575,23335942,3128,23339070,0,7,1,9216,13,10400272935
1576,23336543,1518,23338061,0,8,1,1536,12,8641700543
1577,23337593,80840,23418433,0,8,0,15872,12,1920895786
1578,23364828,98933,23463761,0,3,0,23552,4,2908980902
1579,23370396,33591,23403987,0,1,1,55296,26,6882336142
1580,23373420,146399,23519819,0,3,0,14848,4,4416209552
1581,23398900,163070,23561970,0,1,0,115200,26,3958522318
1582,23399894,3128,23403022,0,7,1,9216,13,3890962650
1583,23429702,3387,23433089,0,3,1,9728,4,7487203852
1584,23433628,123968,23557596,0,2,0,107008,20,4726006164
1585,23447015,107588,23554603,0,8,0,53248,12,9091035091
1586,23447277,158535,23605812,0,2,0,103936,20,7447914346
1587,23451919,11865,23463784,0,3,1,15360,4,1192621115
1588,23456699,219710,23676409,0,3,0,93696,4,7439979011
1589,23465379,1042,23466421,0,6,1,1024,32,6664740113
1590,23488447,127409,23615856,0,2,0,3584,20,4758325128
1591,23491799,2470,23494269,0,8,1,2560,12,951898957
1592,23496016,62228,23558244,0,4,0,10240,33,5650219123
1593,23505066,151327,23656393,0,8,0,134144,12,2116387375
1594,23508605,15716,23524321,0,2,1,11776,20,7667684295
1595,23512023,90029,23602052,0,1,0,18944,26,1877741669
1596,23515807,41804,23557611,0,2,1,1536,20,6077646509
1597,23520569,101036,23621605,0,3,0,31744,4,9121073584
1598,23521448,54056,23575504,0,1,0,3584,26,9517197770
1599,23533204,34560,23567764,0,1,1,6144,26,9781902175
1600,23574957,106411,23681368,0,1,0,47616,26,464412009
1601,23575874,3128,23579002,0,8,1,9216,12,9257667314
1602,23577989,107639,23685628,0,3,0,30208,4,311447136
1603,23581048,130140,23711188,0,1,0,23552,26,10598871327
1604,23588090,135791,23723881,0,3,0,15360,4,7322707186
1605,23588158,89500,23677658,0,8,0,12288,12,5200965512
1606,23615513,73058,23688571,0,1,1,118784,26,9829911841
1607,23616618,134737,23751355,0,3,0,3584,4,3498957834
1608,23631598,43904,23675502,0,7,0,512,13,4663247583
1609,23633501,291754,23925255,0,1,0,57856,26,5579950891
1610,23650196,3898,23654094,0,2,1,4096,20,3137086696
1611,23651286,7093,23658379,0,8,1,2048,12,10384585746
1612,23717444,566,23718010,0,7,1,512,13,8562615094
1613,23726649,45596,23772245,0,7,0,1024,13,7754908007
1614,23727489,1042,23728531,0,9,1,1024,6,475910685
1615,23730642,14029,23744671,0,8,1,27136,12,8355061764
1616,23744352,2946,23747298,0,9,1,3072,6,2136912841
1617,23745977,1042,23747019,0,8,1,1024,12,936461232
1618,23758010,1042,23759052,0,2,1,1024,20,8620679974
1619,23761887,566,23762453,0,3,1,512,4,2103825118
1620,23779955,5326,23785281,0,3,1,5632,4,5174527588
1621,23784947,108780,23893727,0,8,0,55808,12,3912057349
1622,23806733,3422,23810155,0,3,1,3584,4,4862212985
1623,23821845,1994,23823839,0,9,1,2048,6,6533062912
1624,23825541,43904,23869445,0,7,0,512,13,8642269697
1625,23847723,6754,23854477,0,2,1,7168,20,9774263886
1626,23875798,45596,23921394,0,7,0,1024,13,3715325202
1627,23900720,75764,23976484,0,7,0,14336,13,4093572779
1628,23924507,1306,23925813,0,1,1,512,26,3068632317
1629,23927834,4937,23932771,0,3,1,12800,4,4633857165
1630,23939593,1518,23941111,0,2,1,1536,20,2460386403
1631,23945393,4850,23950243,0,9,1,5120,6,1804652548
1632,23954667,3422,23958089,0,2,1,3584,20,4673749968
1633,23959389,104936,24064325,0,7,0,44544,13,5774696069
1634,23972668,1042,23973710,0,1,1,1024,26,8174725636
1635,23975640,5802,23981442,0,9,1,6144,6,6561338545
1636,24011817,123500,24135317,0,0,0,105472,26,2739142567
1637,24034576,5712,24040288,0,1,1,14336,26,9215456753
1638,24047706,2470,24050176,0,1,1,2560,26,4192747503
1639,24066028,566,24066594,0,1,1,512,26,3910428258
1640,24069127,1518,24070645,0,9,1,1536,6,7072482046
1641,24075481,1994,24077475,0,2,1,2048,20,10445237339
1642,24076705,6229,24082934,0,0,1,15360,26,9245517442
1643,24089031,102284,24191315,0,7,0,35840,13,5527275989
1644,24110519,1994,24112513,0,8,1,2048,12,8800680661
1645,24120843,7230,24128073,0,1,1,7680,26,4630389290
1646,24128410,6278,24134688,0,9,1,6656,6,654144230
1647,24152153,566,24152719,0,0,1,512,26,1818187600
1648,24159259,566,24159825,0,9,1,512,6,918864803
1649,24160880,128648,24289528,0,8,0,122368,12,6136249295
1650,24182958,112892,24295850,0,5,0,70656,4,6999999168
1651,24191904,3422,24195326,0,3,1,3584,4,6200262457
1652,24199561,1518,24201079,0,0,1,1536,26,7291745264
1653,24260348,98696,24359044,0,7,0,24064,13,8080878935
1654,24297726,4850,24302576,0,1,1,5120,26,8338427213
1655,24322857,2470,24325327,0,2,1,2560,20,6772314036
1656,24375593,5971,24381564,0,2,1,14848,20,10348986182
1657,24390322,1518,24391840,0,0,1,1536,26,9877694911
1658,24422643,6488,24429131,0,2,1,15872,20,2518373646
1659,24430905,12825,24443730,0,8,1,21504,12,6546695101
1660,24432779,1994,24434773,0,0,1,2048,26,7144884084
1661,24433133,2470,24435603,0,3,1,2560,4,1144521700
1662,24442215,1518,24443733,0,1,1,1536,26,8938934064
1663,24454967,1518,24456485,0,9,1,1536,6,9582728023
1664,24487128,1994,24489122,0,3,1,2048,4,8688324389
1665,24489626,566,24490192,0,8,1,512,12,3390753945
1666,24521550,1042,24522592,0,8,1,1024,12,6969282238
1667,24530506,56060,24586566,0,7,0,5120,13,7058990427
1668,24534315,4679,24538994,0,0,1,12288,26,5289689836
1669,24593393,52364,24645757,0,2,0,3072,20,7012045262
1670,24594159,217138,24811297,0,2,0,223744,20,3751247176
1671,24599551,1518,24601069,0,3,1,1536,4,1752297757
1672,24613448,4162,24617610,0,1,1,11264,26,1205474521
1673,24629462,2946,24632408,0,1,1,3072,26,8738816570
1674,24664275,110240,24774515,0,7,0,61952,13,6413896820
1675,24670827,153308,24824135,0,7,0,63488,13,56922792
1676,24684640,1994,24686634,0,1,1,2048,26,4004926635
1677,24701199,4374,24705573,0,8,1,4608,12,2277456196
1678,24701660,117452,24819112,0,2,0,25600,20,8215187465
1679,24708073,1042,24709115,0,1,1,1024,26,8144946208
1680,24735734,1994,24737728,0,9,1,2048,6,1394059645
1681,24739250,566,24739816,0,8,1,512,12,7649513337
1682,24762118,11533,24773651,0,0,1,18944,26,1360718688
1683,24811955,74844,24886799,0,7,0,6656,13,6939399516
1684,24817326,5326,24822652,0,3,1,5632,4,9493138625
1685,24821662,566,24822228,0,0,1,512,26,9776371577
1686,24867752,566,24868318,0,8,1,512,12,3896388562
1687,24892584,4850,24897434,0,3,1,5120,4,557135837
1688,24935926,1042,24936968,0,6,1,1024,32,6042175821
1689,24957560,99164,25056724,0,7,0,25600,13,7628989421
1690,24976687,6229,24982916,0,3,1,15360,4,9243625487
1691,24989169,1042,24990211,0,3,1,1024,4,6577984121
1692,24995308,566,24995874,0,3,1,512,4,2208663550
1693,24996704,5326,25002030,0,0,1,5632,26,5846099470
1694,25015941,3128,25019069,0,0,1,9216,26,6013992071
1695,25023667,4374,25028041,0,3,1,4608,4,730856680
1696,25032391,15062,25047453,0,0,1,29184,26,6316449211
1697,25048449,2470,25050919,0,3,1,2560,4,6091592653
1698,25049706,566,25050272,0,0,1,512,26,6043258743
1699,25107674,566,25108240,0,8,1,512,12,4962503790
1700,25119011,85316,25204327,0,2,0,20480,20,10734222859
1701,25148639,1518,25150157,0,0,1,1536,26,9890392137
1702,25160457,3422,25163879,0,3,1,3584,4,3406501655
1703,25174536,2946,25177482,0,3,1,3072,4,3840807589
1704,25195812,2470,25198282,0,3,1,2560,4,4195400921
1705,25216354,1518,25217872,0,3,1,1536,4,5071271383
1706,25225421,35312,25260733,0,5,1,61952,4,4004084722
1707,25253050,566,25253616,0,8,1,512,12,6323439484
1708,25265691,3422,25269113,0,8,1,3584,12,2623048658
1709,25266933,99008,25365941,0,7,0,25088,13,2616545616
1710,25273897,4679,25278576,0,8,1,12288,12,6180438946
1711,25292090,7230,25299320,0,3,1,7680,4,1586841028
1712,25292409,1994,25294403,0,0,1,2048,26,6186822100
1713,25304202,1518,25305720,0,8,1,1536,12,5722161806
1714,25326131,74360,25400491,0,7,0,9728,13,3996739207
1715,25379283,3387,25382670,0,6,1,9728,32,4178506441
1716,25382345,45596,25427941,0,7,0,1024,13,591815222
1717,25406871,1518,25408389,0,0,1,1536,26,7919683145
1718,25434192,45596,25479788,0,3,0,1024,4,9817997351
1719,25453398,1042,25454440,0,6,1,1024,32,3562452626
1720,25484741,566,25485307,0,6,1,512,32,6733351064
1721,25540466,81620,25622086,0,7,0,18432,13,7168773991
1722,25611436,5802,25617238,0,0,1,6144,26,5038959065
1723,25621015,50043,25671058,0,7,0,2048,13,4749058581
1724,25630301,6278,25636579,0,0,1,6656,26,665456419
1725,25635564,4679,25640243,0,9,1,12288,6,497836171
1726,25717273,6278,25723551,0,9,1,6656,6,2229208870
1727,25724577,12566,25737143,0,9,1,20992,6,3273993699
1728,25726719,3128,25729847,0,3,1,9216,4,9276014754
1729,25785180,94730,25879910,0,5,0,20480,4,9425966142
1730,25792555,74672,25867227,0,2,0,10752,20,1301041453
1731,25804216,3898,25808114,0,6,1,4096,32,7864341226
1732,25806195,67460,25873655,0,5,0,12288,4,65055126
1733,25809594,194804,26004398,0,7,0,178176,13,723216342
1734,25809975,101012,25910987,0,5,0,13824,4,9896214681
1735,25820044,1994,25822038,0,9,1,2048,6,2399106671
1736,25824912,103982,25928894,0,5,0,19456,4,4421742411
1737,25829524,189241,26018765,0,7,0,47104,13,7685109044
1738,25858473,1518,25859991,0,9,1,1536,6,9654643038
1739,25868750,1994,25870744,0,6,1,2048,32,7252054506
1740,25873720,105376,25979096,0,5,0,17408,4,3527281268
1741,25874155,81308,25955463,0,1,0,17408,26,1002009258
1742,25875667,5326,25880993,0,3,1,5632,4,896178623
1743,25951143,13512,25964655,0,9,1,26112,6,3898686468
1744,25995078,101348,26096426,0,5,0,32768,4,8191340757
1745,26041257,566,26041823,0,6,1,512,32,5396204997
1746,26044409,131619,26176028,0,5,0,66048,4,8486911419
1747,26101795,5802,26107597,0,9,1,6144,6,7541040421
1748,26107769,120692,26228461,0,1,0,96256,26,8776387057
1749,26114073,110525,26224598,0,5,0,32768,4,9434349493
1750,26134726,566,26135292,0,6,1,512,32,9332264125
1751,26146872,566,26147438,0,6,1,512,32,3885164883
1752,26158862,566,26159428,0,3,1,512,4,1948735574
1753,26178545,97854,26276399,0,5,0,25088,4,4845370818
1754,26221394,1042,26222436,0,2,1,1024,20,5766319802
1755,26250527,54056,26304583,0,4,0,3584,33,743739793
1756,26256079,75164,26331243,0,1,0,17408,26,5388706702
1757,26268647,7706,26276353,0,9,1,8192,6,10085220800
1758,26275644,4162,26279806,0,6,1,11264,32,8357142525
1759,26321196,78524,26399720,0,1,0,13312,26,9030863959
1760,26352219,76052,26428271,0,5,0,10240,4,3881281410
1761,26398799,566,26399365,0,6,1,512,32,1066863413
1762,26415903,566,26416469,0,3,1,512,4,9260695385
1763,26432167,99944,26532111,0,1,0,28160,26,5093884461
1764,26452721,1518,26454239,0,9,1,1536,6,5337654897
1765,26479038,1518,26480556,0,7,1,1536,13,1819395261
1766,26537273,87920,26625193,0,4,0,18944,33,5558842739
1767,26556640,7230,26563870,0,3,1,7680,4,10007157719
1768,26562515,2661,26565176,0,3,1,2048,4,3197234689
1769,26593083,80528,26673611,0,4,0,14848,33,6315305782
1770,26633556,1518,26635074,0,7,1,1536,13,8757274113
1771,26636515,116012,26752527,0,4,0,80896,33,6237578840
1772,26652096,2470,26654566,0,9,1,2560,6,8057730340
1773,26657337,566,26657903,0,7,1,512,13,3197907136
1774,26660323,3898,26664221,0,6,1,4096,32,197270438
1775,26723479,57908,26781387,0,5,0,6144,4,7050011610
1776,26743247,7706,26750953,0,7,1,8192,13,4203869226
1777,26751449,62674,26814123,0,4,0,8192,33,7713742130
1778,26753252,4937,26758189,0,7,1,12800,13,2530592815
1779,26813837,3904,26817741,0,3,1,10752,4,1775251955
1780,26855049,3898,26858947,0,7,1,4096,13,8995345858
1781,26877473,3422,26880895,0,7,1,3584,13,9958730033
1782,26884609,3898,26888507,0,7,1,4096,13,185036505
1783,26909636,80552,26990188,0,5,0,19968,4,6696562056
1784,26918559,1518,26920077,0,6,1,1536,32,8743188024
1785,26924642,1042,26925684,0,3,1,1024,4,2827287435
1786,26925957,122761,27048718,0,5,0,14336,4,3727146877
1787,26963936,99164,27063100,0,4,0,25600,33,2316155581
1788,26967244,4374,26971618,0,9,1,4608,6,10114110930
1789,26970308,566,26970874,0,6,1,512,32,5420861257
1790,26972607,162139,27134746,0,4,0,32768,33,10548085151
1791,26976081,58039,27034120,0,5,0,5632,4,5494140442
1792,27026786,5802,27032588,0,6,1,6144,32,2937207659
1793,27058913,196052,27254965,0,5,0,182272,4,5505830159
1794,27082076,195611,27277687,0,5,0,8704,4,9518883376
1795,27084696,330637,27415333,0,5,0,71168,4,6630437839
1796,27084926,7706,27092632,0,9,1,8192,6,6844311569
1797,27086741,189713,27276454,0,4,0,36864,33,9578208637
1798,27086748,139150,27225898,0,4,0,32256,33,10406158469
1799,27133970,138545,27272515,0,5,0,52224,4,432334034
1800,27184053,190228,27374281,0,5,0,80384,4,46702580
1801,27254121,1518,27255639,0,7,1,1536,13,4382899844
1802,27271770,2470,27274240,0,7,1,2560,13,8821097141
1803,27340762,50672,27391434,0,4,0,2560,33,1199266084
1804,27355320,3422,27358742,0,7,1,3584,13,7548391872
1805,27364525,2946,27367471,0,7,1,3072,13,10034278955
1806,27392445,2870,27395315,0,7,1,8704,13,7045113704
1807,27420670,1518,27422188,0,3,1,1536,4,3204719428
1808,27426220,3645,27429865,0,6,1,10240,32,7230502631
1809,27444524,12308,27456832,0,8,1,20480,12,5619350157
1810,27461298,566,27461864,0,6,1,512,32,8776257059
1811,27463876,7230,27471106,0,9,1,7680,6,10428535900
1812,27464806,2870,27467676,0,6,1,8704,32,10008315794
1813,27466460,3041,27469501,0,6,1,2048,32,1265279692
1814,27495926,100256,27596182,0,5,0,29184,4,7006129910
1815,27500574,7230,27507804,0,9,1,7680,6,4411421316
1816,27509888,1994,27511882,0,1,1,2048,26,8208559030
1817,27524289,1042,27525331,0,2,1,1024,20,8751812504
1818,27530881,6229,27537110,0,1,1,15360,26,6474282527
1819,27534065,566,27534631,0,3,1,512,4,4196853053
1820,27537838,1994,27539832,0,1,1,2048,26,5263620667
1821,27579089,4420,27583509,0,2,1,11776,20,6842942173
1822,27592825,10757,27603582,0,1,1,17408,26,9690699489
1823,27641582,2946,27644528,0,9,1,3072,6,8399410287
1824,27671183,566,27671749,0,3,1,512,4,1986703311
1825,27674201,100100,27774301,0,4,0,28672,33,9689905595
1826,27696351,5971,27702322,0,1,1,14848,26,8991519674
1827,27732067,3898,27735965,0,3,1,4096,4,10018532191
1828,27744629,566,27745195,0,2,1,512,20,3037912864
1829,27766756,3898,27770654,0,3,1,4096,4,1163543604
1830,27771878,4420,27776298,0,6,1,11776,32,301549808
1831,27777629,4850,27782479,0,1,1,5120,26,10029938697
1832,27786688,5326,27792014,0,3,1,5632,4,3604122150
1833,27833702,1042,27834744,0,3,1,1024,4,2766708229
1834,27833766,6754,27840520,0,2,1,7168,20,9090325656
1835,27885855,10757,27896612,0,6,1,17408,32,1840671900
1836,27914796,1042,27915838,0,3,1,1024,4,2085049258
1837,27926468,116012,28042480,0,4,0,80896,33,504947821
1838,27928783,6488,27935271,0,2,1,15872,20,904796958
1839,27940261,123500,28063761,0,5,0,105472,4,9442741356
1840,27962337,4420,27966757,0,2,1,11776,20,8181745613
1841,27967844,1042,27968886,0,6,1,1024,32,8602282796
1842,27998154,1042,27999196,0,3,1,1024,4,8313485636
1843,28010938,107500,28118438,0,6,0,23552,32,5237023165
1844,28029219,4374,28033593,0,6,1,4608,32,5113977816
1845,28095150,566,28095716,0,7,1,512,13,837362955
1846,28096065,119444,28215509,0,8,0,92160,12,7777771211
1847,28113186,6278,28119464,0,3,1,6656,4,5957904911
1848,28153656,1994,28155650,0,2,1,2048,20,10339774628
1849,28159822,105092,28264914,0,4,0,45056,33,9016857407
1850,28170109,2470,28172579,0,6,1,2560,32,7932600799
1851,28240409,56528,28296937,0,8,0,6656,12,5043720854
1852,28269357,3422,28272779,0,5,1,3584,4,8237752159
1853,28284252,6754,28291006,0,6,1,7168,32,4594272568
1854,28284621,1042,28285663,0,9,1,1024,6,4970925921
1855,28287388,1518,28288906,0,9,1,1536,6,5611799912
1856,28313948,4850,28318798,0,1,1,5120,26,6289358774
1857,28341130,1994,28343124,0,6,1,2048,32,4733602830
1858,28361716,4420,28366136,0,1,1,11776,26,1518472484
1859,28375987,109460,28485447,0,8,0,59392,12,6206897059
1860,28387492,91616,28479108,0,0,0,20992,26,3844484195
1861,28392327,1994,28394321,0,1,1,2048,26,1338367959
1862,28415245,11274,28426519,0,1,1,18432,26,8868640966
1863,28418100,217110,28635210,0,0,0,154112,26,9088041549
1864,28425909,4162,28430071,0,1,1,11264,26,879152005
1865,28437656,566,28438222,0,1,1,512,26,3447148323
1866,28461271,182690,28643961,0,0,0,28672,26,313918198
1867,28469705,123790,28593495,0,8,0,54784,12,2450192106
1868,28514057,152395,28666452,0,0,0,28672,26,6689464905
1869,28543180,6754,28549934,0,6,1,7168,32,468660902
1870,28621310,2470,28623780,0,9,1,2560,6,816299857
1871,28626356,98072,28724428,0,8,0,22016,12,9065858134
1872,28628935,121872,28750807,0,8,0,86528,12,8803307153
1873,28642097,1994,28644091,0,9,1,2048,6,4612088520
1874,28655238,66942,28722180,0,0,0,7680,26,7330746544
1875,28674089,50672,28724761,0,0,0,2560,26,9358003702
1876,28678096,2946,28681042,0,1,1,3072,26,10667726451
1877,28692209,3422,28695631,0,9,1,3584,6,5898190480
1878,28697294,1994,28699288,0,6,1,2048,32,502508164
1879,28727321,97760,28825081,0,3,0,20992,4,10567597143
1880,28744407,68840,28813247,0,3,0,11776,4,293011505
1881,28746780,3898,28750678,0,1,1,4096,26,6766646794
1882,28748052,48343,28796395,0,8,0,1024,12,7565946979
1883,28771748,148535,28920283,0,3,0,105472,4,571932353
1884,28785521,1518,28787039,0,6,1,1536,32,5608684644
1885,28801116,2470,28803586,0,1,1,2560,26,9889569356
1886,28805723,7706,28813429,0,1,1,8192,26,1895807854
1887,28806939,121628,28928567,0,4,0,99328,33,4795273350
1888,28832580,6754,28839334,0,6,1,7168,32,6637424729
1889,28846506,4162,28850668,0,1,1,11264,26,8368703424
1890,28860977,63839,28924816,0,3,0,8704,4,8901372694
1891,28869790,104624,28974414,0,8,0,43520,12,2044930524
1892,28898418,6278,28904696,0,6,1,6656,32,4689804700
1893,28921388,72668,28994056,0,0,0,9216,26,5059363585
1894,28935431,73916,29009347,0,4,0,13312,33,9085936404
1895,28954656,94376,29049032,0,3,0,19968,4,10507639773
1896,28985435,125684,29111119,0,8,0,112640,12,4726139716
1897,29015557,106496,29122053,0,4,0,49664,33,6806125326
1898,29018884,4937,29023821,0,6,1,12800,32,26271350
1899,29020622,90980,29111602,0,8,0,1536,12,436157621
1900,29027762,109460,29137222,0,1,0,59392,26,7802106262
1901,29031054,119600,29150654,0,3,0,92672,4,8572697361
1902,29064229,90028,29154257,0,3,0,11776,4,737100018
1903,29099324,105404,29204728,0,0,0,46080,26,6933732303
1904,29099794,81256,29181050,0,3,0,8704,4,9509767955
1905,29103249,105082,29208331,0,0,0,11776,26,4651356505
1906,29134205,177911,29312116,0,0,0,68608,26,304632635
1907,29135998,119444,29255442,0,4,0,92160,33,3796790778
1908,29169459,133005,29302464,0,4,0,23552,33,6810979885
1909,29185603,77547,29263150,0,0,0,2560,26,1565031932
1910,29188873,54123,29242996,0,0,0,3072,26,5881241474
1911,29206372,226063,29432435,0,0,0,27648,26,10565011488
1912,29219815,60980,29280795,0,3,0,6144,4,649503765
1913,29221240,71468,29292708,0,8,0,15360,12,622805712
1914,29222225,2870,29225095,0,6,1,8704,32,6919714828
1915,29247248,3387,29250635,0,0,1,9728,26,1136578626
1916,29253707,160507,29414214,0,0,0,99328,26,7336047822
1917,29298044,16534,29314578,0,0,1,2560,26,662209393
1918,29300259,5712,29305971,0,9,1,14336,6,289863806
1919,29341772,1518,29343290,0,0,1,1536,26,7564248352
1920,29345943,127088,29473031,0,4,0,117248,33,1533168763
1921,29353149,4374,29357523,0,9,1,4608,6,9135107180
1922,29354585,107120,29461705,0,8,0,51712,12,9626304363
1923,29373487,14029,29387516,0,6,1,27136,32,8312675212
1924,29415654,108425,29524079,0,4,0,15360,33,1543840390
1925,29420216,50672,29470888,0,2,0,2560,20,5440503750
1926,29444874,88520,29533394,0,7,0,15872,13,2410268612
1927,29462236,85015,29547251,0,4,0,14336,33,6075955635
1928,29492212,5802,29498014,0,0,1,6144,26,2852845814
1929,29498746,1994,29500740,0,0,1,2048,26,3842974993
1930,29502018,177159,29679177,0,7,0,46592,13,4827293758
1931,29504550,566,29505116,0,6,1,512,32,6745632085
1932,29526410,165140,29691550,0,0,0,141312,26,5229404329
1933,29527537,129301,29656838,0,7,0,121344,13,626523249
1934,29531025,58376,29589401,0,8,0,7680,12,2016352086
1935,29566167,162156,29728323,0,7,0,70656,13,6957619084
1936,29578691,1518,29580209,0,6,1,1536,32,9797436502
1937,29600884,5326,29606210,0,9,1,5632,6,969651112
1938,29606144,7706,29613850,0,9,1,8192,6,8531707750
1939,29608891,2470,29611361,0,6,1,2560,32,5570346069
1940,29611043,7230,29618273,0,7,1,7680,13,4016008600
1941,29634525,114764,29749289,0,8,0,76800,12,8515093266
1942,29638538,102932,29741470,0,7,0,5632,13,8531360922
1943,29644004,151629,29795633,0,8,0,67584,12,4431774738
1944,29650755,51140,29701895,0,2,0,4096,20,9877882359
1945,29654909,5802,29660711,0,9,1,6144,6,9065404785
1946,29669933,234871,29904804,0,8,0,123904,12,1300807113
1947,29687969,55748,29743717,0,4,0,4096,33,8913909933
1948,29701034,206125,29907159,0,8,0,7680,12,3032447271
1949,29716135,5326,29721461,0,8,1,5632,12,3752281225
1950,29716578,95805,29812383,0,7,0,16384,13,545715496
1951,29719634,175572,29895206,0,9,0,97792,6,3595845200
1952,29741235,296165,30037400,0,8,0,8192,12,6426936942
1953,29741518,102399,29843917,0,4,0,33280,33,6726881091
1954,29753867,117260,29871127,0,2,0,84992,20,6621250426
1955,29754244,76052,29830296,0,0,0,10240,26,2783683589
1956,29757274,320725,30077999,0,8,0,88576,12,10004254857
1957,29769445,165706,29935151,0,8,0,23040,12,5909080516
1958,29769748,45596,29815344,0,0,0,1024,26,8950224295
1959,29794340,114466,29908806,0,0,0,39936,26,9261080812
1960,29801211,312843,30114054,0,8,0,111616,12,8861435595
1961,29806019,566,29806585,0,9,1,512,6,10322960957
1962,29806821,127795,29934616,0,0,0,79872,26,9067855718
1963,29813927,1518,29815445,0,8,1,1536,12,6555714684
1964,29817637,13083,29830720,0,8,1,22016,12,3428402884
1965,29823157,211732,30034889,0,8,0,92160,12,1949717782
1966,29846118,128221,29974339,0,2,0,38912,20,952102406
1967,29857623,1518,29859141,0,6,1,1536,32,6755921723
1968,29859877,1042,29860919,0,6,1,1024,32,1041136403
1969,29905692,171031,30076723,0,2,0,75264,20,7106182724
1970,29914105,30491,29944596,0,8,1,49152,12,6349909152
1971,29916936,127600,30044536,0,0,0,60928,26,5261598996
1972,29941980,4850,29946830,0,6,1,5120,32,5307480962
1973,29975208,159097,30134305,0,2,0,31232,20,6229433971
1974,29986269,117532,30103801,0,2,0,11776,20,6142889991
1975,29995926,100100,30096026,0,0,0,28672,26,8783486683
1976,30043448,102191,30145639,0,2,0,16896,20,10402350014
1977,30050470,1042,30051512,0,9,1,1024,6,5758276949
1978,30089285,118538,30207823,0,2,0,44544,20,7039560529
1979,30128237,566,30128803,0,9,1,512,6,6276186897
1980,30138596,105995,30244591,0,2,0,41984,20,559338750
1981,30228510,101660,30330170,0,1,0,33792,26,942691574
1982,30230655,138341,30368996,0,1,0,84480,26,9189914930
1983,30263562,23378,30286940,0,8,1,41984,12,7270304062
1984,30337077,54056,30391133,0,0,0,3584,26,9875518580
1985,30374772,76052,30450824,0,2,0,10240,20,7924772257
1986,30390635,107900,30498535,0,2,0,54272,20,5735214790
1987,30404232,4374,30408606,0,3,1,4608,4,2533666140
1988,30451242,3128,30454370,0,3,1,9216,4,438411158
1989,30461613,141408,30603021,0,2,0,40960,20,6100510865
1990,30488884,62933,30551817,0,8,1,102400,12,3208202277
1991,30491596,157457,30649053,0,2,0,30720,20,5347873681
1992,30492123,108212,30600335,0,0,0,55296,26,8775887825
1993,30497892,55231,30553123,0,8,1,2048,12,1546489141
1994,30510398,12825,30523223,0,3,1,21504,4,1391564854
1995,30611555,121784,30733339,0,1,0,99840,26,5926116422
1996,30621413,3645,30625058,0,3,1,10240,4,5172673959
1997,30630768,3422,30634190,0,2,1,3584,20,3854090583
1998,30634806,99032,30733838,0,2,0,30208,20,2977652579
1999,30637609,93440,30731049,0,5,0,16896,4,9700101854
2000,30704306,133493,30837799,0,1,0,43008,26,6268093121
2001,30713591,198828,30912419,0,1,0,81920,26,2395445514
2002,30739421,148023,30887444,0,1,0,44544,26,10225974091
2003,30742661,5454,30748115,0,8,1,13824,12,8902322580
2004,30746102,172275,30918377,0,1,0,9728,26,9469552276
2005,30749257,166141,30915398,0,1,0,9728,26,7338743888
2006,30764865,1994,30766859,0,9,1,2048,6,4763998403
2007,30811482,127088,30938570,0,2,0,117248,20,807124248
2008,30871155,153647,31024802,0,2,0,115712,20,9066029863
2009,30872218,83700,30955918,0,8,1,136192,12,1593971523
2010,30876016,85448,30961464,0,0,0,15872,26,1252273991
2011,30914490,57186,30971676,0,8,1,50688,12,2303199350
2012,30917493,111644,31029137,0,4,0,66560,33,10666055241
2013,30929983,84380,31014363,0,6,0,17408,32,6219605669
2014,30953141,59132,31012273,0,5,0,5120,4,7113536585
2015,30962125,110084,31072209,0,0,0,61440,26,6944984406
2016,30983129,109113,31092242,0,2,0,37376,20,5635731179
2017,31027378,5971,31033349,0,8,1,14848,12,572016955
2018,31037578,65900,31103478,0,4,0,7168,33,1949808101
2019,31038550,5971,31044521,0,8,1,14848,12,2578116785
2020,31054894,6754,31061648,0,5,1,7168,4,2976377797
2021,31082282,110552,31192834,0,1,0,62976,26,9664257964
2022,31088531,134189,31222720,0,1,0,8704,26,5875812831
2023,31125905,55304,31181209,0,8,1,94208,12,9477622389
2024,31158236,28670,31186906,0,8,1,27136,12,2625248602
2025,31158542,125216,31283758,0,2,0,111104,20,4960664453
2026,31161091,27300,31188391,0,8,1,15360,12,3362047343
2027,31185126,113572,31298698,0,1,0,47616,26,1478252035
2028,31191707,153179,31344886,0,1,0,37888,26,7921393722
2029,31216746,159904,31376650,0,2,0,55808,20,4271912569
2030,31217626,111972,31329598,0,2,0,12288,20,4336702703
2031,31235399,79463,31314862,0,2,0,14336,20,4472796021
2032,31255074,54056,31309130,0,0,0,3584,26,9457168293
2033,31256550,48980,31305530,0,4,0,2048,33,8625008659
2034,31259718,5454,31265172,0,8,1,13824,12,7075128585
2035,31270465,33503,31303968,0,8,1,58368,12,5634548234
2036,31338887,126620,31465507,0,2,0,115712,20,6800140467
2037,31350212,141983,31492195,0,2,0,41984,20,9152117571
2038,31350335,105248,31455583,0,1,0,45568,26,4063740535
2039,31392865,254970,31647835,0,1,0,215552,26,1616736791
2040,31414772,86828,31501600,0,0,0,15360,26,4251264964
2041,31431216,45596,31476812,0,1,0,1024,26,8383835946
2042,31452117,53325,31505442,0,5,1,87040,4,9641941570
2043,31461434,54633,31516067,0,5,1,34304,4,8336844024
2044,31465664,107744,31573408,0,4,0,53760,33,7785227456
2045,31470587,4850,31475437,0,7,1,5120,13,3313143301
2046,31489079,28166,31517245,0,5,1,13824,4,10714285297
2047,31508329,139693,31648022,0,1,0,512,26,2674190909
2048,31524184,124485,31648669,0,1,0,2048,26,10515410255
2049,31528977,66462,31595439,0,8,1,112640,12,2664328578
2050,31557633,92443,31650076,0,4,0,12288,33,1505730172
2051,31559086,3387,31562473,0,7,1,9728,13,56033129
2052,31590261,103349,31693610,0,1,0,1024,26,443133808
2053,31609850,85109,31694959,0,1,0,1024,26,5874483916
2054,31629909,65377,31695286,0,1,0,1024,26,8136180791
2055,31661541,1518,31663059,0,0,1,1536,26,1567867706
2056,31678679,106028,31784707,0,9,0,48128,6,3655325933
2057,31703397,118020,31821417,0,0,0,61952,26,9793652122
2058,31705888,1042,31706930,0,0,1,1024,26,3195383711
2059,31707999,116093,31824092,0,0,0,8704,26,7493908415
2060,31710045,4374,31714419,0,7,1,4608,13,2134193216
2061,31710579,4186,31714765,0,7,1,512,13,5933806874
2062,31720877,1994,31722871,0,7,1,2048,13,4084219921
2063,31738387,77744,31816131,0,9,0,10752,6,2345215327
2064,31741375,84004,31825379,0,0,0,3584,26,10340264694
2065,31764753,1518,31766271,0,0,1,1536,26,2857240862
2066,31765323,1294,31766617,0,0,1,512,26,8089098010
2067,31778691,115646,31894337,0,0,0,27136,26,9544670005
2068,31785508,110240,31895748,0,4,0,61952,33,8722677250
2069,31807156,2470,31809626,0,7,1,2560,13,7463609846
2070,31808019,143324,31951343,0,0,0,56832,26,60246606
2071,31831364,62228,31893592,0,9,0,10240,6,6188467666
2072,31840291,133997,31974288,0,4,0,25088,33,6460939117
2073,31842095,5326,31847421,0,5,1,5632,4,4334152514
2074,31877078,4374,31881452,0,0,1,4608,26,6677144226
2075,31879270,70526,31949796,0,4,0,3584,33,4140695252
2076,31883586,43904,31927490,0,1,0,512,26,9815127218
2077,31909443,43904,31953347,0,1,0,512,26,7423012687
2078,31913663,56337,31970000,0,5,1,96256,4,8859782139
2079,31918283,105716,32023999,0,9,0,47104,6,1837113157
2080,31919874,12825,31932699,0,8,1,21504,12,199880024
2081,31931875,100792,32032667,0,0,0,24064,26,9585275317
2082,31940653,42683,31983336,0,8,1,69632,12,9001705934
2083,31947154,111145,32058299,0,0,0,51200,26,4296846382
2084,31971712,45596,32017308,0,1,0,1024,26,4020892387
2085,31989735,3422,31993157,0,4,1,3584,33,7458201421
2086,32016956,76232,32093188,0,4,0,15872,33,3783975411
2087,32021088,45596,32066684,0,4,0,1024,33,7409065362
2088,32032736,566,32033302,0,5,1,512,4,751929936
2089,32032964,14029,32046993,0,5,1,27136,4,7189234878
2090,32043637,22862,32066499,0,8,1,40960,12,7891904017
2091,32045833,84512,32130345,0,9,0,12800,6,1036742946
2092,32049180,11791,32060971,0,7,1,19456,13,8045690521
2093,32082151,60380,32142531,0,4,0,9216,33,1841799480
2094,32088946,1518,32090464,0,7,1,1536,13,8838475119
2095,32091671,110864,32202535,0,9,0,64000,6,10322606474
2096,32095059,6278,32101337,0,4,1,6656,33,8052762068
2097,32116963,102908,32219871,0,0,0,37888,26,4614670852
2098,32133061,33333,32166394,0,5,1,54784,4,2174139812
2099,32139155,16096,32155251,0,8,1,31232,12,9692654257
2100,32148298,100256,32248554,0,4,0,29184,33,2599684308
2101,32150594,137779,32288373,0,0,0,29696,26,8603756668
2102,32158542,209226,32367768,0,4,0,26112,33,10154145994
2103,32171476,179114,32350590,0,4,0,89600,33,6129418412
2104,32173646,291508,32465154,0,4,0,117760,33,1170714450
2105,32180110,3645,32183755,0,5,1,10240,4,8768503380
2106,32213384,141956,32355340,0,0,0,10240,26,6933208954
2107,32223952,2870,32226822,0,0,1,8704,26,7328140680
2108,32232958,15321,32248279,0,5,1,29696,4,2189203851
2109,32259895,566,32260461,0,7,1,512,13,8011883704
2110,32273640,120886,32394526,0,0,0,6656,26,7986848641
2111,32279000,112580,32391580,0,7,0,69632,13,6711905894
2112,32317440,51516,32368956,0,8,1,83456,12,3768525456
2113,32343400,2470,32345870,0,0,1,2560,26,4269557847
2114,32359710,8073,32367783,0,4,1,1024,33,5839552361
2115,32363723,25704,32389427,0,5,1,46592,4,10227449324
2116,32365395,7247,32372642,0,4,1,5120,33,3228476170
2117,32366441,9747,32376188,0,4,1,5632,33,8074212950
2118,32370668,40616,32411284,0,8,1,65536,12,8574761791
2119,32371625,5127,32376752,0,4,1,10752,33,7889503317
2120,32383160,133516,32516676,0,4,0,58880,33,3293843872
2121,32385715,102596,32488311,0,9,0,36864,6,5522939189
2122,32388770,110390,32499160,0,7,0,53248,13,2017751959
2123,32400151,12413,32412564,0,8,1,14336,12,9674890216
2124,32425910,99799,32525709,0,9,0,12288,6,9311787605
2125,32438764,566,32439330,0,7,1,512,13,1674312805
2126,32444342,3898,32448240,0,7,1,4096,13,3418593470
2127,32445269,12995,32458264,0,8,1,25088,12,3190478015
2128,32450172,18889,32469061,0,4,1,4096,33,4967397574
2129,32459020,1518,32460538,0,3,1,1536,4,758559728
2130,32461177,9190,32470367,0,4,1,2048,33,9685356845
2131,32484292,106652,32590944,0,0,0,50176,26,4838476049
2132,32488570,165440,32654010,0,0,0,29184,26,7952286262
2133,32489114,115573,32604687,0,9,0,43520,6,5521945642
2134,32507493,2946,32510439,0,0,1,3072,26,900156538
2135,32526208,1042,32527250,0,4,1,1024,33,6663600935
2136,32530074,4374,32534448,0,5,1,4608,4,4587061236
2137,32532743,23466,32556209,0,8,1,38912,12,9115304005
2138,32587939,4374,32592313,0,5,1,4608,4,6390125069
2139,32595176,96824,32692000,0,7,0,17920,13,8716191132
2140,32619483,101973,32721456,0,4,0,31744,33,2044975622
2141,32630053,3422,32633475,0,4,1,3584,33,4260497693
2142,32631622,63513,32695135,0,7,0,10240,13,2190025686
2143,32651394,6278,32657672,0,4,1,6656,33,1661967210
2144,32666842,6754,32673596,0,5,1,7168,4,3704698941
2145,32703524,566,32704090,0,5,1,512,4,5183296271
2146,32750376,88544,32838920,0,4,0,20992,33,6170770275
2147,32768255,121160,32889415,0,7,0,97792,13,6243264615
2148,32770030,1518,32771548,0,8,1,1536,12,1782666657
2149,32771587,122367,32893954,0,7,0,14848,13,1727383535
2150,32809548,150757,32960305,0,7,0,41984,13,7213471741
2151,32816896,1994,32818890,0,4,1,2048,33,5118382672
2152,32827865,97604,32925469,0,6,0,20480,32,1387727450
2153,32829279,2946,32832225,0,5,1,3072,4,9598149167
2154,32853602,1042,32854644,0,5,1,1024,4,2448434276
2155,32855706,1518,32857224,0,5,1,1536,4,2582317807
2156,32885638,43904,32929542,0,6,0,512,32,1244095801
2157,32897771,82400,32980171,0,0,0,20992,26,9294157257
2158,32938941,109148,33048089,0,4,0,58368,33,3702944804
2159,32969598,55748,33025346,0,6,0,4096,32,8900633964
2160,32977073,110552,33087625,0,7,0,62976,13,8165365831
2161,32986778,1518,32988296,0,4,1,1536,33,5283302445
2162,33001112,3645,33004757,0,4,1,10240,33,3457556936
2163,33010998,3422,33014420,0,4,1,3584,33,850703115
2164,33031324,20196,33051520,0,4,1,3584,33,4845430211
2165,33035013,16853,33051866,0,4,1,512,33,9446189589
2166,33065127,98434,33163561,0,7,0,27648,13,9105175391
2167,33127560,59731,33187291,0,7,0,3584,13,4685282923
2168,33170085,43904,33213989,0,0,0,512,26,2512855651
2169,33175716,7706,33183422,0,4,1,8192,33,1024735145
2170,33181216,60980,33242196,0,6,0,6144,32,6611346066
2171,33238174,72668,33310842,0,6,0,9216,32,6361242653
2172,33242647,45596,33288243,0,0,0,1024,26,3688164362
2173,33358644,566,33359210,0,4,1,512,33,6857016687
2174,33362465,107276,33469741,0,6,0,52224,32,5564238141
2175,33370964,2470,33373434,0,6,1,2560,32,6304304539
2176,33418100,90392,33508492,0,8,0,22016,12,9507650369
2177,33481168,70976,33552144,0,7,0,8704,13,1046770883
2178,33484414,111488,33595902,0,7,0,66048,13,8153842210
2179,33517891,107276,33625167,0,8,0,52224,12,3024282407
2180,33529819,2470,33532289,0,4,1,2560,33,9780590478
2181,33558500,132541,33691041,0,8,0,40448,12,8509036871
2182,33586932,50672,33637604,0,0,0,2560,26,6660858286
2183,33599393,62228,33661621,0,4,0,10240,33,4827362739
2184,33616458,129584,33746042,0,7,0,125440,13,4006157430
2185,33640783,128058,33768841,0,4,0,62464,33,196975264
2186,33643097,54836,33697933,0,6,0,6144,32,7134258936
2187,33679127,3898,33683025,0,4,1,4096,33,6919107163
2188,33688689,566,33689255,0,6,1,512,32,2674608316
2189,33705224,124379,33829603,0,4,0,74240,33,563924007
2190,33715618,193275,33908893,0,4,0,106496,33,7451906954
2191,33727884,110864,33838748,0,8,0,64000,12,4984355354
2192,33766367,96723,33863090,0,8,0,6656,12,5857292971
2193,33773824,55748,33829572,0,7,0,4096,13,2072153576
2194,33793172,127524,33920696,0,8,0,33280,12,6403298893
2195,33797567,141452,33939019,0,6,0,134144,32,10110630610
2196,33809426,70976,33880402,0,8,0,8704,12,1411651106
2197,33821855,64208,33886063,0,7,0,6656,13,3171870857
2198,33826148,119346,33945494,0,8,0,7680,12,9499761012
2199,33841025,1994,33843019,0,6,1,2048,32,1698145352
2200,33842411,566,33842977,0,4,1,512,33,2506304167
2201,33846031,7230,33853261,0,4,1,7680,33,4290058748
2202,33880508,100880,33981388,0,8,0,31232,12,2006120195
2203,33903304,7099,33910403,0,4,1,1536,33,3124580850
2204,33903468,36585,33940053,0,6,1,1024,32,4031655090
2205,33922414,43904,33966318,0,8,0,512,12,6776802195
2206,33945727,212646,34158373,0,4,0,33280,33,7157986745
2207,33949052,4850,33953902,0,8,1,5120,12,5968889949
2208,33950194,111799,34061993,0,8,0,65536,12,6910819221
2209,33953320,85004,34038324,0,7,0,19456,13,5328598566
2210,33957520,127868,34085388,0,4,0,119808,33,1147554492
2211,33970053,566,33970619,0,6,1,512,32,4873860424
2212,33972136,6488,33978624,0,6,1,15872,32,2758948109
2213,33975250,566,33975816,0,1,1,512,26,5539072679
2214,33989762,1994,33991756,0,6,1,2048,32,10411613139
2215,34022134,2470,34024604,0,4,1,2560,33,3841298638
2216,34091848,97208,34189056,0,4,0,22016,33,2055704816
2217,34124702,101348,34226050,0,4,0,32768,33,9293734246
2218,34149641,1518,34151159,0,6,1,1536,32,9919337393
2219,34155565,92499,34248064,0,4,0,3072,33,1776551092
2220,34181290,82088,34263378,0,7,0,19968,13,10680899941
2221,34186966,110030,34296996,0,7,0,8192,13,7490458503
2222,34216962,144432,34361394,0,7,0,41984,13,1619261105
2223,34237946,2470,34240416,0,6,1,2560,32,7962101480
2224,34275445,193738,34469183,0,6,0,101888,32,2101890245
2225,34387162,2946,34390108,0,6,1,3072,32,5732890474
2226,34430156,47288,34477444,0,0,0,1536,26,10526243752
2227,34434237,34961,34469198,0,6,1,6656,32,10709132747
2228,34434540,34673,34469213,0,6,1,7680,32,1220184784
2229,34434882,47288,34482170,0,1,0,1536,26,5305329823
2230,34465880,103688,34569568,0,8,0,40448,12,5091117383
2231,34471213,4374,34475587,0,6,1,4608,32,1050467568
2232,34473175,45596,34518771,0,1,0,1024,26,4168426707
2233,34476671,4374,34481045,0,6,1,4608,32,9719778575
2234,34491683,122336,34614019,0,6,0,66048,32,8912508923
2235,34513116,143542,34656658,0,8,0,98304,12,6849733452
2236,34519674,7706,34527380,0,3,1,8192,4,2039824279
2237,34528221,52364,34580585,0,1,0,3072,26,1170099363
2238,34540427,91544,34631971,0,6,0,2048,32,6037343267
2239,34540483,43904,34584387,0,1,0,512,26,3215677545
2240,34549929,48980,34598909,0,1,0,2048,26,2420737919
2241,34603713,13168,34616881,0,6,1,8704,32,9302406016
2242,34636534,5196,34641730,0,6,1,13312,32,9376880434
2243,34639046,5971,34645017,0,5,1,14848,4,2375992570
2244,34671887,7230,34679117,0,6,1,7680,32,9931553284
2245,34689819,95156,34784975,0,6,0,22528,32,353226466
2246,34716320,114209,34830529,0,6,0,3072,32,5333969421
2247,34747715,4374,34752089,0,6,1,4608,32,1625305841
2248,34778038,6952,34784990,0,6,1,11264,32,8999945226
2249,34778153,6278,34784431,0,3,1,6656,4,1644157521
2250,34801140,43904,34845044,0,1,0,512,26,4366189975
2251,34822159,64208,34886367,0,6,0,6656,32,7661569135
2252,34866388,48980,34915368,0,6,0,2048,32,8289582992
2253,34874356,3898,34878254,0,3,1,4096,4,7298425093
2254,34884068,97448,34981516,0,4,0,19968,33,6337530972
2255,34887523,82820,34970343,0,4,0,12288,33,9828331522
2256,34930916,1994,34932910,0,3,1,2048,4,3734363059
2257,34971314,105092,35076406,0,4,0,45056,33,6695102774
2258,35023786,5802,35029588,0,9,1,6144,6,856195535
2259,35033011,11274,35044285,0,3,1,18432,4,1685581037
2260,35035461,98785,35134246,0,4,0,15872,33,9873639757
2261,35080594,99288,35179882,0,4,0,19456,33,1720817218
2262,35123519,79928,35203447,0,6,0,17920,32,9685512558
2263,35163047,75140,35238187,0,4,0,12288,33,10668446472
2264,35209743,4162,35213905,0,5,1,11264,4,1895091283
2265,35219426,104468,35323894,0,6,0,43008,32,427234834
2266,35239216,133206,35372422,0,6,0,40960,32,5643171594
2267,35251592,43904,35295496,0,0,0,512,26,6784553052
2268,35267252,79436,35346688,0,8,0,11264,12,2865377669
2269,35281052,4162,35285214,0,9,1,11264,6,9266704506
2270,35332939,98228,35431167,0,6,0,22528,32,9405310451
2271,35374842,43904,35418746,0,0,0,512,26,82214747
2272,35419964,121628,35541592,0,4,0,99328,33,91026617
2273,35452608,4937,35457545,0,3,1,12800,4,8897314176
2274,35458557,45596,35504153,0,0,0,1024,26,6717348833
2275,35461673,109928,35571601,0,6,0,60928,32,5484267637
2276,35487698,125858,35613556,0,4,0,35840,33,9479590272
2277,35501717,2470,35504187,0,5,1,2560,4,5624706933
2278,35514107,1518,35515625,0,3,1,1536,4,8731605520
2279,35544265,99788,35644053,0,5,0,27648,4,1604620734
2280,35556883,99188,35656071,0,4,0,30720,33,6586543584
2281,35563148,108701,35671849,0,6,0,29184,32,1147061686
2282,35564144,114764,35678908,0,9,0,76800,6,8640866149
2283,35594286,177289,35771575,0,6,0,128512,32,5994955180
2284,35607658,1042,35608700,0,5,1,1024,4,5175057372
2285,35637011,105574,35742585,0,5,0,23552,4,10614686133
2286,35639533,3422,35642955,0,7,1,3584,13,3071213542
2287,35641914,187177,35829091,0,6,0,62976,32,2359651631
2288,35656027,43904,35699931,0,0,0,512,26,8775790906
2289,35669379,7230,35676609,0,8,1,7680,12,3353725356
2290,35677877,566,35678443,0,5,1,512,4,5096657333
2291,35681870,166553,35848423,0,6,0,25600,32,4459477336
2292,35691556,2470,35694026,0,8,1,2560,12,5157715726
2293,35701372,3128,35704500,0,7,1,9216,13,9146149634
2294,35707645,128114,35835759,0,5,0,101376,4,7028302747
2295,35715563,155350,35870913,0,5,0,24064,4,1972474055
2296,35719111,2470,35721581,0,5,1,2560,4,3951563447
2297,35721674,5196,35726870,0,3,1,13312,4,3325520128
2298,35732531,5326,35737857,0,3,1,5632,4,9490271817
2299,35761249,179576,35940825,0,5,0,59904,4,9001162955
2300,35774384,52364,35826748,0,4,0,3072,33,3119872229
2301,35777053,566,35777619,0,5,1,512,4,5988748883
2302,35823298,93081,35916379,0,6,0,16896,32,1784793414
2303,35843417,2946,35846363,0,5,1,3072,4,2942720702
2304,35846602,3422,35850024,0,0,1,3584,26,4565137742
2305,35848192,44127,35892319,0,6,0,512,32,3991145468
2306,35871519,2946,35874465,0,5,1,3072,4,9677817976
2307,35876321,43904,35920225,0,0,0,512,26,5204410898
2308,35899697,4162,35903859,0,8,1,11264,12,7718899608
2309,35923392,98228,36021620,0,2,0,22528,20,6472490035
2310,35931457,3898,35935355,0,3,1,4096,4,1308932577
2311,35934400,9804,35944204,0,5,1,9728,4,8283042281
2312,35936549,1518,35938067,0,0,1,1536,26,7871664147
2313,35942770,5326,35948096,0,0,1,5632,26,8486167672
2314,35943149,79436,36022585,0,4,0,11264,33,8794707683
2315,35964319,118378,36082697,0,5,0,87552,4,7861981943
2316,35964657,127571,36092228,0,5,0,31232,4,1051831472
2317,35969374,99632,36069006,0,6,0,27136,32,7830674990
2318,36027238,566,36027804,0,3,1,512,4,8620433132
2319,36041645,4374,36046019,0,3,1,4608,4,8471509386
2320,36059813,207723,36267536,0,5,0,149504,4,5797713157
2321,36062091,6278,36068369,0,3,1,6656,4,6676169868
2322,36064105,246973,36311078,0,5,0,59392,4,10342090944
2323,36098016,50672,36148688,0,4,0,2560,33,7959820646
2324,36121029,90368,36211397,0,6,0,16896,32,6942132609
2325,36163366,45596,36208962,0,0,0,1024,26,459805949
2326,36164045,2470,36166515,0,7,1,2560,13,4490579564
2327,36165619,61604,36227223,0,6,0,8192,32,6944634962
2328,36178696,48980,36227676,0,0,0,2048,26,7028564851
2329,36182712,185816,36368528,0,5,0,19968,4,4142259708
2330,36189612,3898,36193510,0,5,1,4096,4,5347536715
2331,36206800,3898,36210698,0,5,1,4096,4,6103370493
2332,36217073,3387,36220460,0,3,1,9728,4,10100559259
2333,36229246,44560,36273806,0,5,1,6656,4,9243244465
2334,36234604,2470,36237074,0,3,1,2560,4,7607392731
2335,36279592,77744,36357336,0,5,0,10752,4,73236838
2336,36364570,566,36365136,0,1,1,512,26,27637555
2337,36400205,43904,36444109,0,0,0,512,26,8718157225
2338,36416954,4374,36421328,0,1,1,4608,26,5410513081
2339,36433615,4850,36438465,0,7,1,5120,13,9350314220
2340,36478671,66368,36545039,0,2,0,8704,20,8735494510
2341,36483154,1042,36484196,0,7,1,1024,13,1118687992
2342,36496330,54368,36550698,0,5,0,4608,4,4967452311
2343,36501145,1042,36502187,0,3,1,1024,4,1064951122
2344,36510959,7706,36518665,0,1,1,8192,26,5493937877
2345,36513412,120848,36634260,0,5,0,96768,4,2627823119
2346,36531509,108212,36639721,0,6,0,55296,32,5325323672
2347,36539529,48980,36588509,0,0,0,2048,26,3115012738
2348,36547889,89300,36637189,0,8,0,18432,12,7596685044
2349,36549504,4374,36553878,0,2,1,4608,20,9909870786
2350,36562439,47288,36609727,0,0,0,1536,26,4095641078
2351,36571160,2870,36574030,0,1,1,8704,26,5801513912
2352,36573241,88110,36661351,0,6,0,9216,32,9846145587
2353,36574161,1994,36576155,0,7,1,2048,13,6147277556
2354,36582275,107936,36690211,0,6,0,38400,32,9282282088
2355,36585565,120503,36706068,0,5,0,32768,4,8489426752
2356,36594886,566,36595452,0,7,1,512,13,7388649430
2357,36613401,77605,36691006,0,6,0,2560,32,1610835035
2358,36636490,109839,36746329,0,8,0,58368,12,4004898867
2359,36661616,2946,36664562,0,5,1,3072,4,4351302702
2360,36665553,1518,36667071,0,3,1,1536,4,10362765105
2361,36669544,86204,36755748,0,6,0,13312,32,1360179589
2362,36669976,43904,36713880,0,6,0,512,32,165069171
2363,36673719,11533,36685252,0,4,1,18944,33,10424806932
2364,36695617,6278,36701895,0,6,1,6656,32,5123088794
2365,36698573,9005,36707578,0,5,1,1536,4,7472043826
2366,36707792,1518,36709310,0,1,1,1536,26,1184402729
2367,36758980,76856,36835836,0,2,0,17920,20,7097668170
2368,36776812,7706,36784518,0,6,1,8192,32,4915337187
2369,36812409,50672,36863081,0,6,0,2560,32,7323799000
2370,36864261,95600,36959861,0,2,0,18944,20,10352220636
2371,36915019,3645,36918664,0,6,1,10240,32,4080440426
2372,36944616,45596,36990212,0,6,0,1024,32,4553126129
2373,36947913,3422,36951335,0,7,1,3584,13,1325224973
2374,36952596,4374,36956970,0,6,1,4608,32,2289367184
2375,36980618,190327,37170945,0,6,0,37376,32,8893747027
2376,36992562,104156,37096718,0,2,0,41984,20,3997624948
2377,36997190,1042,36998232,0,6,1,1024,32,10057902109
2378,37006970,1042,37008012,0,4,1,1024,33,7703769096
2379,37007863,43904,37051767,0,5,0,512,4,8528310873
2380,37048908,103064,37151972,0,2,0,38400,20,8263984172
2381,37070639,1994,37072633,0,7,1,2048,13,1268151076
2382,37083330,43904,37127234,0,5,0,512,4,10452208659
2383,37088801,1042,37089843,0,6,1,1024,32,8486057457
2384,37112445,113975,37226420,0,2,0,13312,20,10248599137
2385,37113200,566,37113766,0,7,1,512,13,2719285852
2386,37129390,6278,37135668,0,1,1,6656,26,7207495090
2387,37138069,5326,37143395,0,5,1,5632,4,2903762624
2388,37148281,111020,37259301,0,4,0,64512,33,10657422675
2389,37182929,43904,37226833,0,5,0,512,4,2018358459
2390,37183770,1518,37185288,0,7,1,1536,13,64121998
2391,37193418,154851,37348269,0,4,0,56832,33,661407675
2392,37199035,123765,37322800,0,5,0,512,4,2484631553
2393,37203664,4162,37207826,0,6,1,11264,32,6495986706
2394,37224952,70688,37295640,0,3,0,12800,4,2548387510
2395,37243573,5802,37249375,0,7,1,6144,13,3445974710
2396,37250685,93961,37344646,0,5,0,512,4,9017173740
2397,37251677,100724,37352401,0,2,0,30720,20,8060598549
2398,37275153,43904,37319057,0,5,0,512,4,1724872841
2399,37300926,3422,37304348,0,8,1,3584,12,3848493794
2400,37328359,93932,37422291,0,6,0,23552,32,693670083
2401,37442082,3387,37445469,0,6,1,9728,32,7069792658
2402,37467790,5802,37473592,0,7,1,6144,13,9319599868
2403,37470449,3489,37473938,0,7,1,512,13,7116073810
2404,37496652,3898,37500550,0,6,1,4096,32,6039174380
2405,37587147,1518,37588665,0,6,1,1536,32,560295664
2406,37617094,43904,37660998,0,5,0,512,4,101890480
2407,37640970,45596,37686566,0,1,0,1024,26,5046199715
2408,37642787,1042,37643829,0,8,1,1024,12,862576288
2409,37676637,47288,37723925,0,5,0,1536,4,2360180678
2410,37730924,10757,37741681,0,7,1,17408,13,7176737095
2411,37747697,55748,37803445,0,6,0,4096,32,917511246
2412,37754654,2946,37757600,0,6,1,3072,32,5845698598
2413,37790748,47288,37838036,0,5,0,1536,4,6148843404
2414,37812044,111020,37923064,0,4,0,64512,33,7485527580
2415,37851285,43904,37895189,0,5,0,512,4,128462701
2416,37905105,80179,37985284,0,4,0,10240,33,8018771443
2417,37905749,1042,37906791,0,7,1,1024,13,9183050215
2418,37955395,566,37955961,0,6,1,512,32,3802362501
2419,37966565,144015,38110580,0,4,0,56320,33,534773256
2420,37971336,77300,38048636,0,4,0,14336,33,8726547508
2421,37994734,105872,38100606,0,6,0,47616,32,3924310767
2422,38020524,1042,38021566,0,6,1,1024,32,2681195004
2423,38064379,4679,38069058,0,7,1,12288,13,6073967090
2424,38068129,45596,38113725,0,5,0,1024,4,8790542287
2425,38086528,110582,38197110,0,6,0,16896,32,8202439803
2426,38107766,3422,38111188,0,6,1,3584,32,4572298636
2427,38142435,1042,38143477,0,9,1,1024,6,8080146537
2428,38149174,1042,38150216,0,7,1,1024,13,4453455226
2429,38184103,45596,38229699,0,5,0,1024,4,3054998765
2430,38193697,90857,38284554,0,6,0,17408,32,5905911364
2431,38283733,6278,38290011,0,1,1,6656,26,4396517433
2432,38288631,4374,38293005,0,6,1,4608,32,6950172469
2433,38302513,1518,38304031,0,3,1,1536,4,192341456
2434,38307570,43904,38351474,0,5,0,512,4,6254402257
2435,38307792,2870,38310662,0,6,1,8704,32,9851151822
2436,38329202,1994,38331196,0,6,1,2048,32,2187272853
2437,38370006,5802,38375808,0,6,1,6144,32,981089561
2438,38404330,6278,38410608,0,7,1,6656,13,2346819803
2439,38430457,5802,38436259,0,1,1,6144,26,7702834087
2440,38441223,205762,38646985,0,7,0,68608,13,4470299020
2441,38442311,4850,38447161,0,1,1,5120,26,9997411580
2442,38456207,43904,38500111,0,0,0,512,26,3068127909
2443,38520619,45596,38566215,0,0,0,1024,26,8536161507
2444,38533202,102440,38635642,0,6,0,36352,32,5440225646
2445,38534778,2470,38537248,0,6,1,2560,32,7519457998
2446,38537768,45596,38583364,0,0,0,1024,26,1726057219
2447,38546531,1042,38547573,0,7,1,1024,13,4016446930
2448,38582068,3387,38585455,0,6,1,9728,32,885715518
2449,38603358,3422,38606780,0,6,1,3584,32,9207344520
2450,38625470,16393,38641863,0,6,1,15360,32,3917365454
2451,38661403,4374,38665777,0,1,1,4608,26,9049010681
2452,38664824,97760,38762584,0,9,0,20992,6,2236996602
2453,38670787,2470,38673257,0,7,1,2560,13,10046214054
2454,38672979,3422,38676401,0,1,1,3584,26,2756146479
2455,38687933,48980,38736913,0,0,0,2048,26,8253400098
2456,38697163,70844,38768007,0,6,0,13312,32,4577570382
2457,38702292,2470,38704762,0,6,1,2560,32,1917254505
2458,38731925,51596,38783521,0,0,0,1536,26,5191366212
2459,38743503,93996,38837499,0,6,0,12288,32,6854687870
2460,38797513,2470,38799983,0,1,1,2560,26,10283119364
2461,38814386,52364,38866750,0,0,0,3072,26,7027423965
2462,38830254,105404,38935658,0,7,0,46080,13,7960578963
2463,38843106,4374,38847480,0,1,1,4608,26,7547079653
2464,38845076,3710,38848786,0,1,1,2048,26,3820416560
2465,38855599,167788,39023387,0,7,0,9216,13,318531734
2466,38858936,161628,39020564,0,7,0,96768,13,8270932809
2467,38885257,43904,38929161,0,0,0,512,26,915308702
2468,38901769,187717,39089486,0,7,0,79872,13,5355870425
2469,38966199,154510,39120709,0,7,0,102400,13,415928342
2470,39001764,50672,39052436,0,0,0,2560,26,2582020146
2471,39003944,50672,39054616,0,0,0,2560,26,164898515
2472,39016710,89300,39106010,0,3,0,18432,4,6381716418
2473,39025999,2946,39028945,0,7,1,3072,13,617764403
2474,39037948,4937,39042885,0,1,1,12800,26,4524331599
2475,39052228,111463,39163691,0,7,0,48640,13,8716616855
2476,39066327,55859,39122186,0,7,1,1536,13,4462381774
2477,39236439,84692,39321131,0,7,0,18432,13,7018381009
2478,39253291,154919,39408210,0,7,0,95232,13,3466123298
2479,39267535,5326,39272861,0,7,1,5632,13,7436587983
2480,39281226,94925,39376151,0,7,0,10240,13,9601312498
2481,39328029,52364,39380393,0,0,0,3072,26,4416158988
2482,39350014,4850,39354864,0,7,1,5120,13,3456484297
2483,39375544,32681,39408225,0,7,1,4608,13,3235171050
2484,39377953,72668,39450621,0,7,0,9216,13,4353828867
2485,39382621,120440,39503061,0,7,0,21504,13,659437876
2486,39403752,9816,39413568,0,7,1,5632,13,6300994795
2487,39433257,1518,39434775,0,7,1,1536,13,1972375408
2488,39471165,43904,39515069,0,0,0,512,26,4836515555
2489,39473129,48980,39522109,0,0,0,2048,26,4096237674
2490,39485615,43904,39529519,0,0,0,512,26,10040760587
2491,39544847,105248,39650095,0,7,0,45568,13,2277267332
2492,39559450,95652,39655102,0,7,0,16384,13,5548879165
2493,39607265,47288,39654553,0,0,0,1536,26,2744361521
2494,39614964,1042,39616006,0,7,1,1024,13,3933844447
2495,39619085,1518,39620603,0,8,1,1536,12,6723944160
2496,39654146,3422,39657568,0,4,1,3584,33,7478026733
2497,39656671,212805,39869476,0,7,0,143872,13,1380361713
2498,39661082,3422,39664504,0,3,1,3584,4,2242197085
2499,39674788,5802,39680590,0,7,1,6144,13,1427132979
2500,39685299,11791,39697090,0,7,1,19456,13,9604012420
2501,39726422,5326,39731748,0,9,1,5632,6,3897094049
2502,39763433,4374,39767807,0,7,1,4608,13,9865128723
2503,39780126,45752,39825878,0,0,0,1536,26,10117957689
2504,39862858,126990,39989848,0,7,0,95232,13,9096696594
2505,39889661,3422,39893083,0,4,1,3584,33,6410811670
2506,39890907,3802,39894709,0,4,1,2560,33,5702765789
2507,39943014,89986,40033000,0,7,0,12800,13,9775091124
2508,40005122,566,40005688,0,0,1,512,26,5977315194
2509,40041099,43904,40085003,0,0,0,512,26,9209623207
2510,40080894,92039,40172933,0,0,0,512,26,5393904387
2511,40097084,5326,40102410,0,0,1,5632,26,5005572667
2512,40168450,111956,40280406,0,7,0,67584,13,10617922150
2513,40182662,2470,40185132,0,0,1,2560,26,5460197914
2514,40189915,45480,40235395,0,0,0,512,26,7950767480
2515,40202028,566,40202594,0,0,1,512,26,383109740
2516,40213683,50672,40264355,0,0,0,2560,26,9651271825
2517,40232813,2597,40235410,0,0,1,2560,26,516694361
2518,40256751,73292,40330043,0,7,0,11264,13,7159531449
2519,40260534,3128,40263662,0,4,1,9216,33,10096505732
2520,40262353,78869,40341222,0,7,0,5632,13,6244813862
2521,40352626,57440,40410066,0,7,0,4608,13,8114878243
2522,40381861,12566,40394427,0,0,1,20992,26,1066460822
2523,40390898,47288,40438186,0,0,0,1536,26,4108071250
2524,40414983,52364,40467347,0,8,0,3072,12,7218338095
2525,40424607,4420,40429027,0,0,1,11776,26,4859081560
2526,40488026,62516,40550542,0,2,0,6144,20,9309783598
2527,40493799,57440,40551239,0,4,0,4608,33,2522838350
2528,40515646,4850,40520496,0,0,1,5120,26,1230058996
2529,40533111,566,40533677,0,4,1,512,33,1347314775
2530,40561616,2870,40564486,0,4,1,8704,33,3763245324
2531,40570244,5196,40575440,0,0,1,13312,26,9566886734
2532,40576714,5326,40582040,0,0,1,5632,26,1070713182
2533,40588228,4850,40593078,0,0,1,5120,26,10020299347
2534,40612197,1042,40613239,0,0,1,1024,26,6290681471
2535,40665192,43904,40709096,0,0,0,512,26,5477851428
2536,40675884,1518,40677402,0,4,1,1536,33,1451659698
2537,40700999,43904,40744903,0,0,0,512,26,7254357534
2538,40731729,43904,40775633,0,0,0,512,26,9043005502
2539,40749726,5712,40755438,0,0,1,14336,26,5066159129
2540,40772265,61448,40833713,0,7,0,7680,13,379084085
2541,40783988,5326,40789314,0,0,1,5632,26,2222517330
2542,40817233,1042,40818275,0,0,1,1024,26,6027472710
2543,40846688,52364,40899052,0,0,0,3072,26,3837609401
2544,40892499,3898,40896397,0,4,1,4096,33,4964088391
2545,40923783,1518,40925301,0,1,1,1536,26,1425777720
2546,40943240,68060,41011300,0,3,0,9216,4,7468746286
2547,40972664,97136,41069800,0,7,0,18944,13,7111243000
2548,40987355,133037,41120392,0,3,0,67584,4,1539400382
2549,40990247,566,40990813,0,4,1,512,33,570902347
2550,40994499,100568,41095067,0,7,0,30208,13,2260200795
2551,40995211,1042,40996253,0,0,1,1024,26,9833038209
2552,41009783,1518,41011301,0,4,1,1536,33,9718014433
2553,41015148,164836,41179984,0,7,0,80896,13,9916484924
2554,41050276,119562,41169838,0,3,0,57344,4,2944306474
2555,41060539,45596,41106135,0,0,0,1024,26,4798649264
2556,41069926,147132,41217058,0,7,0,19968,13,9815673132
2557,41121042,3898,41124940,0,0,1,4096,26,1988058507
2558,41137997,4850,41142847,0,1,1,5120,26,5494687056
2559,41144663,1518,41146181,0,4,1,1536,33,2739298069
2560,41154353,47600,41201953,0,0,0,2560,26,2534776765
2561,41175087,4850,41179937,0,6,1,5120,32,4508251562
2562,41197492,1042,41198534,0,1,1,1024,26,1074155222
2563,41208675,3128,41211803,0,6,1,9216,32,6403116361
2564,41234156,7230,41241386,0,3,1,7680,4,7192353946
2565,41247483,3904,41251387,0,1,1,10752,26,4950384141
2566,41268860,174404,41443264,0,2,0,151552,20,798443080
2567,41270691,47288,41317979,0,0,0,1536,26,3940109922
2568,41280637,110240,41390877,0,3,0,61952,4,2547608709
2569,41288203,3422,41291625,0,6,1,3584,32,3066321559
2570,41316381,45596,41361977,0,0,0,1024,26,1697284178
2571,41332376,114031,41446407,0,2,0,10240,20,10434548747
2572,41339473,107588,41447061,0,4,0,53248,33,6532664702
2573,41340868,43904,41384772,0,5,0,512,4,8466312849
2574,41343125,566,41343691,0,1,1,512,26,586669828
2575,41347783,566,41348349,0,0,1,512,26,10076785588
2576,41357422,98195,41455617,0,4,0,10752,33,5562015159
2577,41362259,5326,41367585,0,0,1,5632,26,8542287004
2578,41390918,75691,41466609,0,4,0,14336,33,30397684
2579,41392125,1994,41394119,0,3,1,2048,4,6337881842
2580,41393672,157309,41550981,0,4,0,24064,33,6877949914
2581,41399291,43904,41443195,0,5,0,512,4,4472220017
2582,41405555,139985,41545540,0,2,0,35840,20,6734205037
2583,41420922,3422,41424344,0,1,1,3584,26,9520561402
2584,41436593,105248,41541841,0,7,0,45568,13,3682816436
2585,41439625,16007,41455632,0,4,1,6144,33,402768786
2586,41445859,6754,41452613,0,6,1,7168,32,10086438662
2587,41456282,160742,41617024,0,2,0,80384,20,6954833905
2588,41458473,1042,41459515,0,4,1,1024,33,6428745540
2589,41482849,45596,41528445,0,5,0,1024,4,8368793306
2590,41488688,3422,41492110,0,3,1,3584,4,1750334337
2591,41490795,1994,41492789,0,1,1,2048,26,8723674223
2592,41496262,76625,41572887,0,4,0,4096,33,7752132856
2593,41500250,4162,41504412,0,1,1,11264,26,10208936973
2594,41508824,130886,41639710,0,2,0,31232,20,9370610802
2595,41510273,5326,41515599,0,0,1,5632,26,9459285597
2596,41514739,2946,41517685,0,3,1,3072,4,5370156925
2597,41557363,5196,41562559,0,1,1,13312,26,3199067958
2598,41563076,566,41563642,0,1,1,512,26,4385079310
2599,41570917,141531,41712448,0,2,0,41984,20,7334843510
2600,41577371,47288,41624659,0,5,0,1536,4,9820327734
2601,41583467,1994,41585461,0,4,1,2048,33,1626473331
2602,41588138,566,41588704,0,3,1,512,4,3332994472
2603,41599608,1994,41601602,0,0,1,2048,26,10021909229
2604,41601743,123200,41724943,0,2,0,40960,20,7699716555
2605,41617460,4420,41621880,0,0,1,11776,26,9014081735
2606,41620809,2057,41622866,0,0,1,1536,26,5844593529
2607,41622462,5971,41628433,0,6,1,14848,32,7516089405
2608,41624474,1994,41626468,0,4,1,2048,33,9824101634
2609,41627458,190904,41818362,0,7,0,165376,13,9986497112
2610,41651912,101504,41753416,0,8,0,33280,12,7077048682
2611,41659389,3904,41663293,0,4,1,10752,33,5959792560
2612,41661565,158247,41819812,0,2,0,66048,20,6893245597
2613,41670891,1518,41672409,0,4,1,1536,33,5672745018
2614,41681663,141090,41822753,0,7,0,14336,13,4130220585
2615,41683828,146428,41830256,0,7,0,24576,13,20883366
2616,41698761,43904,41742665,0,5,0,512,4,1897546386
2617,41702308,67435,41769743,0,5,0,2560,4,2348673947
2618,41748729,133525,41882254,0,2,0,43008,20,6801220214
2619,41758950,50672,41809622,0,5,0,2560,4,842893440
2620,41780165,47288,41827453,0,1,0,1536,26,3814918757
2621,41785219,2946,41788165,0,1,1,3072,26,10439746365
2622,41786902,173216,41960118,0,7,0,135168,13,6566653979
2623,41789137,3645,41792782,0,3,1,10240,4,4006045988
2624,41796799,1994,41798793,0,4,1,2048,33,10066116077
2625,41806181,212327,42018508,0,2,0,190976,20,10634503425
2626,41818180,43904,41862084,0,0,0,512,26,1099654260
2627,41824506,226960,42051466,0,2,0,71168,20,1737906451
2628,41877760,566,41878326,0,4,1,512,33,8184145772
2629,41897995,189207,42087202,0,2,0,27136,20,1580948024
2630,41903533,185400,42088933,0,2,0,5632,20,871846248
2631,41932918,2470,41935388,0,3,1,2560,4,2958453565
2632,41975989,6229,41982218,0,4,1,15360,33,4626027755
2633,41996220,43904,42040124,0,0,0,512,26,6488536172
2634,42004729,45596,42050325,0,0,0,1024,26,1589849420
2635,42017420,43904,42061324,0,0,0,512,26,7986517229
2636,42036674,1042,42037716,0,1,1,1024,26,10609701737
2637,42064979,5802,42070781,0,6,1,6144,32,9546397854
2638,42083692,55905,42139597,0,2,0,2560,20,6690193279
2639,42088247,157383,42245630,0,2,0,138752,20,7832686854
2640,42136792,5802,42142594,0,1,1,6144,26,51605310
2641,42138915,7545,42146460,0,1,1,6144,26,5464753306
2642,42149072,3387,42152459,0,3,1,9728,4,4741308421
2643,42152140,166066,42318206,0,6,0,63488,32,3847218281
2644,42153155,45596,42198751,0,0,0,1024,26,9501492342
2645,42167007,7230,42174237,0,3,1,7680,4,3085006235
2646,42167812,104350,42272162,0,2,0,16896,20,3092362914
2647,42174221,43904,42218125,0,1,0,512,26,2550225331
2648,42183008,1042,42184050,0,6,1,1024,32,5731930905
2649,42189284,4850,42194134,0,1,1,5120,26,2448856952
2650,42197881,2470,42200351,0,6,1,2560,32,8623589638
2651,42222089,3904,42225993,0,1,1,10752,26,5006846413
2652,42223459,1994,42225453,0,0,1,2048,26,8665946223
2653,42244434,99032,42343466,0,7,0,30208,13,4242516895
2654,42257284,101816,42359100,0,7,0,34304,13,4806559571
2655,42259625,11016,42270641,0,1,1,17920,26,8699386728
2656,42284792,47288,42332080,0,0,0,1536,26,2105649672
2657,42285453,45596,42331049,0,1,0,1024,26,6209385215
2658,42288419,43904,42332323,0,2,0,512,20,9767455715
2659,42304284,15432,42319716,0,6,1,1536,32,739409576
2660,42352993,116027,42469020,0,7,0,60928,13,7134565517
2661,42366260,2470,42368730,0,1,1,2560,26,3775523878
2662,42375065,48980,42424045,0,2,0,2048,20,10032053174
2663,42403209,43904,42447113,0,1,0,512,26,9772464832
2664,42403466,45596,42449062,0,2,0,1024,20,7435272072
2665,42412162,45596,42457758,0,1,0,1024,26,4022055539
2666,42426680,5802,42432482,0,1,1,6144,26,462218556
2667,42452593,6488,42459081,0,6,1,15872,32,2279207715
2668,42458192,1518,42459710,0,1,1,1536,26,1234389689
2669,42460825,50672,42511497,0,1,0,2560,26,3365501848
2670,42493775,1518,42495293,0,6,1,1536,32,8876978654
2671,42520597,103064,42623661,0,2,0,38400,20,2638055683
2672,42523183,55748,42578931,0,0,0,4096,26,2409150161
2673,42523611,50672,42574283,0,0,0,2560,26,7719252332
2674,42571980,11791,42583771,0,9,1,19456,6,7928239739
2675,42572059,11866,42583925,0,9,1,8704,6,9226903943
2676,42573264,7706,42580970,0,3,1,8192,4,7831463220
2677,42596891,57440,42654331,0,7,0,4608,13,8265820112
2678,42600505,92972,42693477,0,7,0,15360,13,7002368255
2679,42602006,4420,42606426,0,1,1,11776,26,5059628908
2680,42649167,1518,42650685,0,9,1,1536,6,9758445196
2681,42659784,93332,42753116,0,2,0,26624,20,6751581569
2682,42679181,2946,42682127,0,9,1,3072,6,6030735657
2683,42683236,4374,42687610,0,6,1,4608,32,7587274397
2684,42686725,103057,42789782,0,2,0,9728,20,9103700878
2685,42690212,45596,42735808,0,1,0,1024,26,5519461121
2686,42763820,105540,42869360,0,2,0,37888,20,195321847
2687,42786409,3387,42789796,0,1,1,9728,26,2812146306
2688,42809551,3422,42812973,0,3,1,3584,4,4705972709
2689,42812928,93908,42906836,0,2,0,18432,20,5550541472
2690,42817006,177046,42994052,0,2,0,143360,20,5659171568
2691,42824193,43904,42868097,0,1,0,512,26,3636577438
2692,42825284,104637,42929921,0,6,1,173568,32,6185842081
2693,42872442,105716,42978158,0,7,0,47104,13,2215383050
2694,42924089,72474,42996563,0,2,0,8192,20,5721778148
2695,42928491,43904,42972395,0,1,0,512,26,773206662
2696,42937387,140347,43077734,0,7,0,74240,13,7124035176
2697,42950124,45596,42995720,0,1,0,1024,26,9681297463
2698,43030038,5802,43035840,0,3,1,6144,4,5903442548
2699,43042527,45908,43088435,0,1,0,2048,26,4917517980
2700,43063853,47288,43111141,0,1,0,1536,26,6588299755
2701,43084922,6754,43091676,0,3,1,7168,4,10382474830
2702,43089246,83468,43172714,0,2,0,19456,20,2241730512
2703,43096823,43904,43140727,0,1,0,512,26,1783978375
2704,43096839,154667,43251506,0,2,0,116736,20,264376475
2705,43132395,11274,43143669,0,1,1,18432,26,10301113158
2706,43175102,5196,43180298,0,7,1,13312,13,7295817515
2707,43209255,52364,43261619,0,1,0,3072,26,7859410499
2708,43217136,7706,43224842,0,9,1,8192,6,4657412939
2709,43218847,2470,43221317,0,7,1,2560,13,1428528726
2710,43240475,54056,43294531,0,1,0,3584,26,8499152904
2711,43271846,103376,43375222,0,2,0,39424,20,7624811194
2712,43278202,104367,43382569,0,2,0,24064,20,3183874371
2713,43337450,4374,43341824,0,1,1,4608,26,4527297643
2714,43349873,3645,43353518,0,7,1,10240,13,5437645617
2715,43435454,3422,43438876,0,7,1,3584,13,3953734669
2716,43436266,2470,43438736,0,9,1,2560,6,9057523896
2717,43450717,4374,43455091,0,1,1,4608,26,2377140089
2718,43483544,566,43484110,0,9,1,512,6,8145378888
2719,43539862,4850,43544712,0,1,1,5120,26,10357341869
2720,43547417,111020,43658437,0,2,0,64512,20,9958824186
2721,43569439,12049,43581488,0,1,1,19968,26,200035976
2722,43576318,74360,43650678,0,3,0,9728,4,6073838983
2723,43637027,566,43637593,0,7,1,512,13,3970223558
2724,43680965,4162,43685127,0,9,1,11264,6,5229076560
2725,43842123,7706,43849829,0,1,1,8192,26,636228849
2726,43864845,566,43865411,0,1,1,512,26,6471690630
2727,43993756,4374,43998130,0,1,1,4608,26,792825715
2728,44063195,96404,44159599,0,2,0,26624,20,5360643328
2729,44184438,43904,44228342,0,0,0,512,26,8825933833
2730,44205548,6278,44211826,0,5,1,6656,4,9033854007
2731,44205800,78704,44284504,0,2,0,18944,20,7427011433
2732,44480414,43904,44524318,0,5,0,512,4,9242904943
2733,44955957,47288,45003245,0,1,0,1536,26,1874353362
2734,45237496,96824,45334320,0,6,0,17920,32,6744345181
2735,45311999,4420,45316419,0,4,1,11776,33,1583662177
2736,45480936,59288,45540224,0,9,0,5632,6,1138475295
2737,45578047,104312,45682359,0,9,0,42496,6,6732549890
2738,45608691,2470,45611161,0,2,1,2560,20,6359610643
2739,45702416,3422,45705838,0,7,1,3584,13,6490292913
2740,45867194,4374,45871568,0,7,1,4608,13,2416489851
2741,45973678,52364,46026042,0,2,0,3072,20,10008319123
2742,45995418,72774,46068192,0,2,0,9216,20,2959617914
2743,46037739,117416,46155155,0,2,0,85504,20,5037708473
2744,46046611,179254,46225865,0,2,0,89600,20,2970041232
2745,46186071,54056,46240127,0,2,0,3584,20,5313809570
2746,46188164,1518,46189682,0,7,1,1536,13,10598119140
2747,46195501,98696,46294197,0,2,0,24064,20,6863167062
2748,46233831,59132,46292963,0,7,0,5120,13,9258245660
2749,46308716,97316,46406032,0,7,0,24576,13,6548889036
2750,46310009,100100,46410109,0,2,0,28672,20,5536920745
2751,46440091,101816,46541907,0,7,0,34304,13,3696326876
2752,46447259,168760,46616019,0,7,0,116224,13,5607640896
2753,46527422,566,46527988,0,8,1,512,12,9347012606
2754,46574882,14804,46589686,0,2,1,28672,20,9416279851
2755,46591865,82522,46674387,0,7,0,7680,13,5684892661
2756,46660651,45596,46706247,0,5,0,1024,4,1280376716
2757,46669874,43904,46713778,0,5,0,512,4,8142628482
2758,46682698,43904,46726602,0,5,0,512,4,6532578974
2759,46756139,43904,46800043,0,5,0,512,4,4600616142
2760,46771214,101036,46872250,0,4,0,31744,33,10365994789
2761,46796090,47288,46843378,0,5,0,1536,4,3178410628
2762,46825317,43904,46869221,0,5,0,512,4,2296606778
2763,46873291,60824,46934115,0,4,0,5632,33,8832016225
2764,47003325,1994,47005319,0,6,1,2048,32,8842132680
2765,47015745,120380,47136125,0,2,0,95232,20,4106632201
2766,47032109,45596,47077705,0,5,0,1024,4,7559572918
2767,47049153,110288,47159441,0,2,0,8192,20,8616799107
2768,47060272,47288,47107560,0,5,0,1536,4,10274467710
2769,47146342,110708,47257050,0,2,0,63488,20,346080478
2770,47158782,97916,47256698,0,4,0,21504,33,5048300469
2771,47201338,109906,47311244,0,4,0,17920,33,10637835972
2772,47217553,188269,47405822,0,4,0,100352,33,3224587926
2773,47241783,17253,47259036,0,2,1,2048,20,4941151023
2774,47272860,4937,47277797,0,7,1,12800,13,7699031500
2775,47275324,5130,47280454,0,7,1,10240,13,1003199762
2776,47283550,176134,47459684,0,4,0,49152,33,8208268197
2777,47294156,135081,47429237,0,4,0,76800,33,6957513467
2778,47421631,2470,47424101,0,8,1,2560,12,7825926901
2779,47429735,2946,47432681,0,4,1,3072,33,9962148973
2780,47432703,2470,47435173,0,7,1,2560,13,6491430746
2781,47472563,6278,47478841,0,8,1,6656,12,5722403417
2782,47477378,3409,47480787,0,8,1,3072,12,1690534876
2783,47489443,102440,47591883,0,2,0,36352,20,6119654076
2784,47499324,566,47499890,0,8,1,512,12,10208997903
2785,47515702,13253,47528955,0,4,1,25600,33,1867957222
2786,47566622,220889,47787511,0,4,0,116224,33,7848630010
2787,47572574,4374,47576948,0,4,1,4608,33,8329366299
2788,47578980,132862,47711842,0,4,0,20480,33,7525024276
2789,47590267,3898,47594165,0,4,1,4096,33,9227547005
2790,47592756,1994,47594750,0,7,1,2048,13,6661651006
2791,47603476,43904,47647380,0,5,0,512,4,4839496779
2792,47603928,45596,47649524,0,5,0,1024,4,6001823394
2793,47614260,4850,47619110,0,3,1,5120,4,6426062518
2794,47634772,49050,47683822,0,5,0,2048,4,4099478729
2795,47659668,3422,47663090,0,5,1,3584,4,7637400661
2796,47663948,2946,47666894,0,7,1,3072,13,5493937814
2797,47676708,56137,47732845,0,5,0,512,4,8058275846
2798,47688941,69134,47758075,0,5,0,1536,4,9081268230
2799,47701293,89665,47790958,0,4,0,11264,33,10432970728
2800,47713188,117260,47830448,0,8,0,84992,12,6944187245
2801,47718017,1994,47720011,0,5,1,2048,4,10131001359
2802,47724504,1518,47726022,0,7,1,1536,13,10253938321
2803,47730990,7230,47738220,0,4,1,7680,33,635450224
2804,47780491,11042,47791533,0,4,1,512,33,4345224162
2805,47783892,4679,47788571,0,5,1,12288,4,1184140155
2806,47784086,11887,47795973,0,4,1,5120,33,10043384140
2807,47881716,5802,47887518,0,7,1,6144,13,7803474692
2808,47914693,3128,47917821,0,7,1,9216,13,1130452854
2809,47926565,6278,47932843,0,7,1,6656,13,5591994161
2810,47969120,3904,47973024,0,8,1,10752,12,9788009311
2811,48050913,6278,48057191,0,4,1,6656,33,7791018370
2812,48054459,5802,48060261,0,8,1,6144,12,1018705226
2813,48058553,4614,48063167,0,8,1,4608,12,5723593052
2814,48177917,2470,48180387,0,8,1,2560,12,9778105319
2815,48204000,4374,48208374,0,4,1,4608,33,4722330652
2816,48210980,566,48211546,0,8,1,512,12,1391407995
2817,48223404,3422,48226826,0,7,1,3584,13,2316367059
2818,48279799,3645,48283444,0,7,1,10240,13,4248786779
2819,48298307,2470,48300777,0,0,1,2560,26,1659598031
2820,48299154,45596,48344750,0,5,0,1024,4,1796747352
2821,48316094,3898,48319992,0,7,1,4096,13,9202045681
2822,48359690,1518,48361208,0,7,1,1536,13,8780200322
2823,48414037,5802,48419839,0,4,1,6144,33,3312250225
2824,48416574,10241,48426815,0,4,1,16384,33,1508958300
2825,48456289,13770,48470059,0,8,1,26624,12,8459259106
2826,48476442,43904,48520346,0,5,0,512,4,3423598280
2827,48482181,45596,48527777,0,1,0,1024,26,361492469
2828,48497927,1042,48498969,0,8,1,1024,12,8931245107
2829,48502223,1994,48504217,0,8,1,2048,12,38176823
2830,48513040,43904,48556944,0,5,0,512,4,10586102263
2831,48545866,7706,48553572,0,8,1,8192,12,3434304877
2832,48578027,3422,48581449,0,7,1,3584,13,862903149
2833,48600672,91280,48691952,0,4,0,14848,33,8674739548
2834,48606713,48980,48655693,0,1,0,2048,26,9579460964
2835,48610741,50028,48660769,0,1,0,3584,26,7945467737
2836,48618777,43904,48662681,0,5,0,512,4,7576645620
2837,48656163,45596,48701759,0,5,0,1024,4,4361731064
2838,48661200,50672,48711872,0,5,0,2560,4,3582451498
2839,48668994,6754,48675748,0,8,1,7168,12,3268623347
2840,48675593,3387,48678980,0,7,1,9728,13,950509600
2841,48690216,47444,48737660,0,5,0,2048,4,5296942715
2842,48698065,2946,48701011,0,7,1,3072,13,4569732206
2843,48702870,43904,48746774,0,1,0,512,26,2046060490
2844,48725249,566,48725815,0,7,1,512,13,5411918307
2845,48730443,52364,48782807,0,1,0,3072,26,6745445130
2846,48757396,1994,48759390,0,4,1,2048,33,10124119046
2847,48782458,4374,48786832,0,4,1,4608,33,7266032386
2848,48787886,45596,48833482,0,0,0,1024,26,110870407
2849,48804012,43904,48847916,0,1,0,512,26,9660209656
2850,48813018,43904,48856922,0,1,0,512,26,8007908807
2851,48840981,566,48841547,0,4,1,512,33,7220113607
2852,48878902,43904,48922806,0,5,0,512,4,2285788057
2853,48882146,1042,48883188,0,4,1,1024,33,3090663759
2854,48933185,99632,49032817,0,9,0,27136,6,7680113595
2855,48944256,45596,48989852,0,0,0,1024,26,8462754218
2856,48996401,43904,49040305,0,5,0,512,4,3391497168
2857,49003381,48980,49052361,0,1,0,2048,26,396931308
2858,49030634,3422,49034056,0,0,1,3584,26,5614960028
2859,49041334,50672,49092006,0,5,0,2560,4,9038618217
2860,49052135,44122,49096257,0,1,0,512,26,2062054173
2861,49095245,50672,49145917,0,5,0,2560,4,730732819
2862,49105879,45596,49151475,0,5,0,1024,4,7125096091
2863,49118381,43904,49162285,0,5,0,512,4,7218625831
2864,49138085,566,49138651,0,2,1,512,20,1270362690
2865,49144098,4162,49148260,0,4,1,11264,33,1381489754
2866,49145120,45596,49190716,0,1,0,1024,26,2509451692
2867,49159919,43904,49203823,0,1,0,512,26,4128386022
2868,49181672,1042,49182714,0,2,1,1024,20,4056065879
2869,49192444,80840,49273284,0,3,0,15872,4,4749561416
2870,49199709,4937,49204646,0,4,1,12800,33,10270948821
2871,49225270,1518,49226788,0,2,1,1536,20,4611934083
2872,49253517,47288,49300805,0,1,0,1536,26,7973064449
2873,49256236,4850,49261086,0,0,1,5120,26,7961395029
2874,49284623,45596,49330219,0,1,0,1024,26,2974553450
2875,49306700,2470,49309170,0,2,1,2560,20,4440631932
2876,49415792,43904,49459696,0,5,0,512,4,7377296371
2877,49459041,47288,49506329,0,1,0,1536,26,6631525128
2878,49460775,44060,49504835,0,5,0,1024,4,7068203548
2879,49480206,43904,49524110,0,1,0,512,26,3171664017
2880,49490963,58746,49549709,0,1,0,512,26,629197212
2881,49495856,6754,49502610,0,2,1,7168,20,8650153417
2882,49520014,45596,49565610,0,1,0,1024,26,5407692086
2883,49521723,4420,49526143,0,4,1,11776,33,9520056901
2884,49544593,6754,49551347,0,4,1,7168,33,9528711441
2885,49559717,110864,49670581,0,8,0,64000,12,3340756353
2886,49589923,2946,49592869,0,6,1,3072,32,2135263968
2887,49597783,3904,49601687,0,8,1,10752,12,666937913
2888,49631555,6488,49638043,0,2,1,15872,20,10656721720
2889,49638182,3898,49642080,0,2,1,4096,20,9677517045
2890,49676097,98916,49775013,0,4,0,20480,33,8634645728
2891,49676750,45596,49722346,0,1,0,1024,26,9904075196
2892,49683578,1518,49685096,0,0,1,1536,26,10150140362
2893,49691650,3422,49695072,0,4,1,3584,33,5654687733
2894,49692165,43904,49736069,0,5,0,512,4,9769780168
2895,49704939,47756,49752695,0,6,0,3072,32,10735904952
2896,49741787,11274,49753061,0,2,1,18432,20,625720951
2897,49742399,43904,49786303,0,5,0,512,4,714404023
2898,49752985,1042,49754027,0,2,1,1024,20,10268551935
2899,49761313,3422,49764735,0,0,1,3584,26,5199864340
2900,49775219,1994,49777213,0,0,1,2048,26,7166662911
2901,49809400,3128,49812528,0,4,1,9216,33,6785173077
2902,49820321,566,49820887,0,4,1,512,33,7310993034
2903,49829697,2870,49832567,0,4,1,8704,33,10464759725
2904,49847336,1042,49848378,0,2,1,1024,20,8263894645
2905,49854425,5326,49859751,0,8,1,5632,12,7501985843
2906,49868154,2470,49870624,0,0,1,2560,26,2946276016
2907,49939326,4162,49943488,0,8,1,11264,12,4061636217
2908,49978005,43904,50021909,0,5,0,512,4,7571023811
2909,49978538,566,49979104,0,0,1,512,26,6192593115
2910,50010829,2946,50013775,0,8,1,3072,12,4996583506
2911,50045876,61916,50107792,0,4,0,9216,33,3854000436
2912,50053188,6278,50059466,0,2,1,6656,20,531765906
2913,50064444,1518,50065962,0,4,1,1536,33,513011849
2914,50076216,186658,50262874,0,4,0,154112,33,5508376895
2915,50078380,4850,50083230,0,4,1,5120,33,6575686076
2916,50091868,5971,50097839,0,5,1,14848,4,10396332535
2917,50104747,2946,50107693,0,5,1,3072,4,2128551282
2918,50111782,43904,50155686,0,1,0,512,26,5218933610
2919,50123821,45596,50169417,0,5,0,1024,4,4308730524
2920,50130579,140266,50270845,0,4,0,26112,33,2525678818
2921,50133166,46058,50179224,0,1,0,1024,26,237022826
2922,50169835,43904,50213739,0,1,0,512,26,4048391324
2923,50177938,118362,50296300,0,4,0,35840,33,3975522346
2924,50200855,2946,50203801,0,8,1,3072,12,7844001985
2925,50200946,3521,50204467,0,8,1,1024,12,4840052003
2926,50214524,6278,50220802,0,0,1,6656,26,9999647090
2927,50214795,45596,50260391,0,5,0,1024,4,9967206726
2928,50261480,1518,50262998,0,2,1,1536,20,8507464195
2929,50268166,1518,50269684,0,0,1,1536,26,6465586136
2930,50268882,3422,50272304,0,5,1,3584,4,8130958061
2931,50281016,43904,50324920,0,1,0,512,26,1597113737
2932,50282565,113204,50395769,0,7,0,71680,13,426046130
2933,50304391,1042,50305433,0,2,1,1024,20,10104236651
2934,50340027,1042,50341069,0,5,1,1024,4,8730639593
2935,50374339,122302,50496641,0,7,0,31232,13,1285995953
2936,50378938,43904,50422842,0,1,0,512,26,7874112226
2937,50386004,4850,50390854,0,2,1,5120,20,7071114838
2938,50399511,5802,50405313,0,2,1,6144,20,5975158120
2939,50420287,82376,50502663,0,4,0,15872,33,3427853783
2940,50427535,59132,50486667,0,5,0,5120,4,7848286571
2941,50431808,5326,50437134,0,8,1,5632,12,6739943882
2942,50435569,43904,50479473,0,1,0,512,26,9203644209
2943,50443461,3422,50446883,0,0,1,3584,26,4952404106
2944,50445027,43904,50488931,0,1,0,512,26,5059828729
2945,50451234,2946,50454180,0,4,1,3072,33,10478855759
2946,50455719,43904,50499623,0,5,0,512,4,490716989
2947,50469743,2870,50472613,0,2,1,8704,20,4532058996
2948,50475391,43904,50519295,0,5,0,512,4,3647515386
2949,50479885,566,50480451,0,9,1,512,6,10524193029
2950,50483286,59132,50542418,0,8,0,5120,12,7095434665
2951,50505350,4679,50510029,0,2,1,12288,20,716455331
2952,50505818,1042,50506860,0,5,1,1024,4,6858666492
2953,50510113,566,50510679,0,2,1,512,20,4985152219
2954,50530381,43904,50574285,0,1,0,512,26,4666953816
2955,50576075,56996,50633071,0,7,0,8192,13,10335907923
2956,50579461,52364,50631825,0,5,0,3072,4,4533328504
2957,50614179,1518,50615697,0,2,1,1536,20,9848199128
2958,50618583,1994,50620577,0,0,1,2048,26,2588235301
2959,50620643,1042,50621685,0,4,1,1024,33,5115464025
2960,50646978,110528,50757506,0,7,0,50688,13,662583972
2961,50655507,86540,50742047,0,7,0,19456,13,4636987953
2962,50661958,6278,50668236,0,0,1,6656,26,1602532075
2963,50662554,45596,50708150,0,5,0,1024,4,10228690719
2964,50714599,128149,50842748,0,7,0,114688,13,1489777696
2965,50746433,5712,50752145,0,4,1,14336,33,7459504103
2966,50753365,2946,50756311,0,8,1,3072,12,6606746184
2967,50761353,3128,50764481,0,9,1,9216,6,4247230389
2968,50762389,3645,50766034,0,4,1,10240,33,4816640217
2969,50768804,143755,50912559,0,7,0,50176,13,5399628096
2970,50772910,1518,50774428,0,2,1,1536,20,340000379
2971,50802578,1518,50804096,0,8,1,1536,12,2823676565
2972,50815118,1518,50816636,0,9,1,1536,6,4533279352
2973,50822589,11791,50834380,0,9,1,19456,6,7261423505
2974,50822986,12700,50835686,0,9,1,2048,6,7260948842
2975,50837964,1994,50839958,0,9,1,2048,6,2563524623
2976,50853694,11016,50864710,0,8,1,17920,12,8253734119
2977,50855525,4162,50859687,0,0,1,11264,26,6689571827
2978,50893713,2870,50896583,0,4,1,8704,33,261592229
2979,50931507,2470,50933977,0,0,1,2560,26,9653110076
2980,50933632,10499,50944131,0,4,1,16896,33,8997309867
2981,50934267,3422,50937689,0,8,1,3584,12,1433721536
2982,50953676,67592,51021268,0,6,0,7680,32,1799350832
2983,50959262,71600,51030862,0,6,0,10752,32,6978800377
2984,50984162,1042,50985204,0,4,1,1024,33,6256301299
2985,50988648,566,50989214,0,4,1,512,33,6352345437
2986,51010769,5802,51016571,0,4,1,6144,33,2283528448
2987,51021827,6754,51028581,0,9,1,7168,6,2605917151
2988,51026504,87008,51113512,0,7,0,20992,13,3612479142
2989,51093105,5802,51098907,0,9,1,6144,6,921423386
2990,51114971,1518,51116489,0,4,1,1536,33,10588797359
2991,51128839,4374,51133213,0,9,1,4608,6,9003416818
2992,51153499,43904,51197403,0,5,0,512,4,7797650302
2993,51156405,3898,51160303,0,9,1,4096,6,9044534727
2994,51172711,97292,51270003,0,7,0,19456,13,1360406431
2995,51189333,1042,51190375,0,2,1,1024,20,929397890
2996,51195581,118972,51314553,0,7,0,13312,13,551073431
2997,51215047,160851,51375898,0,9,0,59904,6,5940983804
2998,51215540,70376,51285916,0,6,0,11776,32,8106421644
2999,51221558,3645,51225203,0,0,1,10240,26,10585692417
3000,51230665,107744,51338409,0,6,0,53760,32,2491798036
3001,51232708,50672,51283380,0,3,0,2560,4,7286277760
3002,51275009,2870,51277879,0,0,1,8704,26,9148102589
3003,51309270,4420,51313690,0,8,1,11776,12,9063485135
3004,51372906,6278,51379184,0,0,1,6656,26,6256790201
3005,51385443,43904,51429347,0,5,0,512,4,3448578
3006,51387424,48980,51436404,0,3,0,2048,4,974035355
3007,51392942,5326,51398268,0,8,1,5632,12,9953330798
3008,51395723,3531,51399254,0,8,1,1536,12,6861008842
3009,51397634,43904,51441538,0,5,0,512,4,6185687192
3010,51433566,55748,51489314,0,5,0,4096,4,60208979
3011,51451477,1042,51452519,0,3,1,1024,4,5982801321
3012,51456974,112112,51569086,0,6,0,68096,32,8780336284
3013,51460247,200855,51661102,0,3,0,47616,4,6705574497
3014,51465778,100724,51566502,0,3,0,30720,4,8331629862
3015,51479532,64988,51544520,0,4,0,9216,33,1950835667
3016,51504129,105677,51609806,0,4,0,35840,33,5573269703
3017,51519820,50672,51570492,0,4,0,2560,33,5441042997
3018,51554214,4679,51558893,0,2,1,12288,20,2922395905
3019,51564088,79148,51643236,0,4,0,15360,33,3182864810
3020,51591311,96068,51687379,0,7,0,20480,13,8920132029
3021,51610840,1518,51612358,0,2,1,1536,20,10470531369
3022,51616272,33075,51649347,0,6,1,54272,32,9317283245
3023,51620682,106808,51727490,0,4,0,50688,33,2073661224
3024,51639916,2870,51642786,0,9,1,8704,6,3237140711
3025,51648667,1994,51650661,0,8,1,2048,12,5260928969
3026,51665971,107900,51773871,0,6,0,54272,32,9759427102
3027,51698251,59179,51757430,0,4,0,512,33,3206894449
3028,51699597,104312,51803909,0,7,0,42496,13,4370933641
3029,51706694,143403,51850097,0,7,0,32768,13,5032465807
3030,51707769,58121,51765890,0,4,0,3072,33,872668998
3031,51708640,202831,51911471,0,7,0,76800,13,5432134938
3032,51718835,4850,51723685,0,9,1,5120,6,7830807283
3033,51740947,1994,51742941,0,5,1,2048,4,6797890083
3034,51761646,43904,51805550,0,0,0,512,26,2065531588
3035,51768958,1518,51770476,0,5,1,1536,4,9136527452
3036,51770272,1994,51772266,0,2,1,2048,20,1715765369
3037,51770915,115243,51886158,0,7,0,54784,13,2773598684
3038,51815964,6278,51822242,0,5,1,6656,4,5997873475
3039,51823741,4679,51828420,0,5,1,12288,4,2992765740
3040,51904570,134293,52038863,0,7,0,118272,13,9811204605
3041,51906538,5802,51912340,0,0,1,6144,26,10372929322
3042,51911280,1994,51913274,0,8,1,2048,12,1492219770
3043,51917099,74540,51991639,0,6,0,15360,32,4670034418
3044,51920259,3128,51923387,0,0,1,9216,26,10526319520
3045,51927119,104156,52031275,0,4,0,41984,33,9047663053
3046,51942802,1518,51944320,0,5,1,1536,4,7625650059
3047,51943145,13512,51956657,0,8,1,26112,12,56885671
3048,51944273,246282,52190555,0,7,0,155136,13,9112082606
3049,51946478,6278,51952756,0,0,1,6656,26,7514294888
3050,51954375,2470,51956845,0,1,1,2560,26,7503237709
3051,51979179,3645,51982824,0,5,1,10240,4,7927390795
3052,52003991,1042,52005033,0,8,1,1024,12,7062544778
3053,52025008,66795,52091803,0,4,0,9728,33,4475625364
3054,52025260,4374,52029634,0,0,1,4608,26,5008441004
3055,52044175,147019,52191194,0,7,0,2048,13,3096452744
3056,52072344,566,52072910,0,0,1,512,26,6347288555
3057,52092115,101192,52193307,0,4,0,32256,33,9101659064
3058,52157933,4679,52162612,0,0,1,12288,26,10662554743
3059,52171062,13341,52184403,0,8,1,22528,12,373632763
3060,52175088,128180,52303268,0,6,0,120832,32,3679315766
3061,52181185,81854,52263039,0,4,0,16896,33,6775716232
3062,52181362,12694,52194056,0,7,1,8704,13,4468991763
3063,52234459,135812,52370271,0,7,0,45568,13,9223635253
3064,52242384,5326,52247710,0,0,1,5632,26,2320968508
3065,52253423,6278,52259701,0,0,1,6656,26,7271592382
3066,52269668,73004,52342672,0,4,0,15360,33,4161473713
3067,52312999,84224,52397223,0,3,0,16896,4,9785057875
3068,52341033,5454,52346487,0,7,1,13824,13,489404415
3069,52349897,4850,52354747,0,0,1,5120,26,4778564247
3070,52357008,20961,52377969,0,7,1,8192,13,2084492784
3071,52363983,72668,52436651,0,9,0,9216,6,1368895458
3072,52381863,43904,52425767,0,4,0,512,33,4674487254
3073,52400778,122408,52523186,0,3,0,101888,4,8516870035
3074,52411291,113782,52525073,0,3,0,6144,4,4241446671
3075,52418384,3422,52421806,0,5,1,3584,4,4059948307
3076,52437755,5454,52443209,0,8,1,13824,12,4458006046
3077,52449492,135614,52585106,0,3,0,25600,4,7386523553
3078,52514236,566,52514802,0,8,1,512,12,8942033199
3079,52540320,106184,52646504,0,6,0,48640,32,9298028792
3080,52543278,128906,52672184,0,6,0,22016,32,10448672774
3081,52546420,3422,52549842,0,7,1,3584,13,9906089312
3082,52559146,43904,52603050,0,4,0,512,33,2895261308
3083,52569988,1518,52571506,0,8,1,1536,12,639657568
3084,52580149,4374,52584523,0,8,1,4608,12,9480787502
3085,52583371,104156,52687527,0,6,0,41984,32,4202861903
3086,52617805,155983,52773788,0,6,0,55808,32,3386083792
3087,52668381,102284,52770665,0,3,0,35840,4,10059572851
3088,52711540,141538,52853078,0,6,0,88064,32,6753134761
3089,52754672,2946,52757618,0,7,1,3072,13,3591516215
3090,52789817,3422,52793239,0,8,1,3584,12,1340340545
3091,52795668,3422,52799090,0,5,1,3584,4,8109781913
3092,52832214,43904,52876118,0,4,0,512,33,2008432687
3093,52876797,43904,52920701,0,4,0,512,33,1793055144
3094,52881724,1518,52883242,0,7,1,1536,13,7320911296
3095,52889364,1042,52890406,0,5,1,1024,4,9789779134
3096,52926795,181304,53108099,0,3,0,148992,4,10477575285
3097,52929855,83132,53012987,0,8,0,13312,12,2429698919
3098,52936094,69752,53005846,0,6,0,9728,32,4539360814
3099,52972256,133790,53106046,0,6,0,38912,32,6977213614
3100,52978476,3128,52981604,0,7,1,9216,13,10330680316
3101,52985754,2470,52988224,0,5,1,2560,4,1948444982
3102,53035614,213992,53249606,0,8,0,241152,12,5486776158
3103,53066391,12308,53078699,0,7,1,20480,13,1857987817
3104,53120556,7230,53127786,0,8,1,7680,12,9632854400
3105,53124348,3645,53127993,0,5,1,10240,4,593746495
3106,53156815,100412,53257227,0,3,0,29696,4,4881035607
3107,53189956,241697,53431653,0,3,0,124928,4,247689234
3108,53209455,81552,53291007,0,3,0,12288,4,5070815175
3109,53209941,125730,53335671,0,3,0,37888,4,597829832
3110,53228250,25768,53254018,0,8,1,11776,12,8133138737
3111,53245019,108310,53353329,0,3,0,11264,4,10171717177
3112,53322491,101660,53424151,0,8,0,33792,12,1510477482
3113,53348334,1994,53350328,0,7,1,2048,13,3606450590
3114,53358201,6754,53364955,0,3,1,7168,4,6515136595
3115,53438984,85604,53524588,0,8,0,16384,12,9840417667
3116,53441838,1042,53442880,0,7,1,1024,13,6143069836
3117,53466776,108056,53574832,0,2,0,54784,20,26118122
3118,53499707,2946,53502653,0,9,1,3072,6,7741461671
3119,53500450,21399,53521849,0,2,1,34816,20,4990146208
3120,53502052,273741,53775793,0,2,0,45568,20,9254796275
3121,53506195,121472,53627667,0,3,0,98816,4,6641645781
3122,53513383,180609,53693992,0,2,0,65536,20,4133876771
3123,53553124,208770,53761894,0,2,0,126464,20,8250860132
3124,53553453,3422,53556875,0,7,1,3584,13,756850348
3125,53569493,219575,53789068,0,2,0,43520,20,6236012226
3126,53575507,4850,53580357,0,3,1,5120,4,2697554509
3127,53617074,98096,53715170,0,6,0,27136,32,5838502312
3128,53618734,139456,53758190,0,3,0,73728,4,7876980016
3129,53644362,122282,53766644,0,3,0,15872,4,691145583
3130,53649319,112474,53761793,0,3,0,11776,4,3439459507
3131,53664916,47288,53712204,0,4,0,1536,33,1768155005
3132,53679122,74360,53753482,0,6,0,9728,32,5181848875
3133,53684157,136129,53820286,0,6,0,72704,32,2266441248
3134,53699074,168373,53867447,0,6,0,73728,32,1922210104
3135,53713679,94109,53807788,0,2,0,13312,20,10714733374
3136,53719669,7706,53727375,0,7,1,8192,13,7635666704
3137,53764537,1994,53766531,0,7,1,2048,13,7604087022
3138,53813146,63991,53877137,0,6,0,3584,32,2364720019
3139,53818603,105872,53924475,0,8,0,47616,12,7186803990
3140,53839981,43904,53883885,0,1,0,512,26,5267652069
3141,53849800,43904,53893704,0,1,0,512,26,1362875080
3142,53852793,7230,53860023,0,3,1,7680,4,3631537064
3143,53859541,1518,53861059,0,7,1,1536,13,8258462373
3144,53865423,99956,53965379,0,6,0,26624,32,2024854048
3145,53873383,88832,53962215,0,1,0,16896,26,1240521050
3146,53921175,108992,54030167,0,3,0,57856,4,2493051900
3147,53926192,80216,54006408,0,6,0,13824,32,3945701850
3148,53949736,86852,54036588,0,8,0,20480,12,8620174989
3149,53981981,138402,54120383,0,3,0,54272,4,7402428581
3150,53991420,4374,53995794,0,5,1,4608,4,8051183037
3151,54012627,54056,54066683,0,2,0,3584,20,3875922559
3152,54056328,2470,54058798,0,3,1,2560,4,8068365140
3153,54058298,1518,54059816,0,5,1,1536,4,2717741601
3154,54073180,4374,54077554,0,4,1,4608,33,2071636109
3155,54078669,109460,54188129,0,2,0,59392,20,9578874592
3156,54079381,1042,54080423,0,3,1,1024,4,9829818988
3157,54110340,43904,54154244,0,5,0,512,4,7291257587
3158,54173989,120848,54294837,0,8,0,96768,12,855660310
3159,54184391,156010,54340401,0,8,0,84992,12,1486960030
3160,54191786,76052,54267838,0,3,0,10240,4,4712983776
3161,54211553,6229,54217782,0,7,1,15360,13,1699483518
3162,54226207,1994,54228201,0,3,1,2048,4,5359496645
3163,54280224,2470,54282694,0,7,1,2560,13,90534350
3164,54285094,62516,54347610,0,2,0,6144,20,5474502121
3165,54295717,45596,54341313,0,0,0,1024,26,10519435728
3166,54322001,3422,54325423,0,7,1,3584,13,5898773290
3167,54331809,43904,54375713,0,0,0,512,26,6771720803
3168,54382214,65144,54447358,0,2,0,9728,20,8953000239
3169,54385141,43904,54429045,0,0,0,512,26,4782318691
3170,54428446,7706,54436152,0,7,1,8192,13,5932335114
3171,54446681,91193,54537874,0,2,0,17408,20,8669064630
3172,54460753,59132,54519885,0,8,0,5120,12,10209027067
3173,54471671,45596,54517267,0,0,0,1024,26,7181051575
3174,54499431,54056,54553487,0,0,0,3584,26,75013894
3175,54510850,3898,54514748,0,5,1,4096,4,10027035356
3176,54521958,136376,54658334,0,2,0,132608,20,63723824
3177,54528948,48833,54577781,0,0,0,1536,26,8982357523
3178,54582489,4374,54586863,0,7,1,4608,13,7453685693
3179,54641427,75431,54716858,0,2,0,8192,20,9880778773
3180,54693391,2870,54696261,0,5,1,8704,4,1878527174
3181,54721445,43904,54765349,0,0,0,512,26,10337877941
3182,54724532,2946,54727478,0,3,1,3072,4,3285791536
3183,54727539,43904,54771443,0,0,0,512,26,226684542
3184,54744604,106964,54851568,0,8,0,51200,12,172808233
3185,54747464,1042,54748506,0,7,1,1024,13,10044622602
3186,54765352,1518,54766870,0,5,1,1536,4,5143302070
3187,54777547,2470,54780017,0,7,1,2560,13,2825635432
3188,54778517,2486,54781003,0,7,1,1536,13,509685422
3189,54785234,12049,54797283,0,3,1,19968,4,816411250
3190,54797700,45596,54843296,0,0,0,1024,26,10337390012
3191,54812368,3898,54816266,0,7,1,4096,13,6560124323
3192,54843730,7706,54851436,0,3,1,8192,4,3845159124
3193,54860835,4162,54864997,0,7,1,11264,13,6735919413
3194,54886128,112580,54998708,0,2,0,69632,20,2713575825
3195,54897239,4374,54901613,0,3,1,4608,4,8980099746
3196,54900805,3898,54904703,0,3,1,4096,4,10632759169
3197,54952785,60245,55013030,0,2,0,4608,20,2139351271
3198,54974629,54214,55028843,0,2,0,4096,20,5476036119
3199,54979273,2470,54981743,0,7,1,2560,13,9854191913
3200,54986010,55748,55041758,0,8,0,4096,12,6241348126
3201,54990585,1994,54992579,0,3,1,2048,4,4063551578
3202,54996221,64593,55060814,0,8,0,6144,12,2266972712
3203,55025462,3904,55029366,0,7,1,10752,13,7477992197
3204,55035902,52832,55088734,0,2,0,4608,20,5719632379
3205,55062712,101816,55164528,0,2,0,34304,20,3304476105
3206,55069394,48980,55118374,0,0,0,2048,26,2451590925
3207,55084840,4162,55089002,0,5,1,11264,4,8416325422
3208,55103545,5802,55109347,0,3,1,6144,4,5205743472
3209,55167287,7706,55174993,0,3,1,8192,4,9122540689
3210,55176864,123656,55300520,0,8,0,105984,12,5408709438
3211,55177779,1042,55178821,0,3,1,1024,4,5438614247
3212,55211913,149645,55361558,0,8,0,78336,12,818463625
3213,55264350,2870,55267220,0,8,1,8704,12,10707916821
3214,55274539,26581,55301120,0,8,1,512,12,273717104
3215,55275849,70976,55346825,0,2,0,8704,20,8860294314
3216,55277339,26317,55303656,0,8,1,3072,12,1167430774
3217,55284973,19029,55304002,0,8,1,512,12,5742267584
3218,55337080,99320,55436400,0,2,0,26112,20,6955181774
3219,55355762,7230,55362992,0,7,1,7680,13,3821587492
3220,55395575,107384,55502959,0,8,0,4096,12,4299059816
3221,55403605,566,55404171,0,8,1,512,12,8738234567
3222,55430900,105904,55536804,0,2,0,29696,20,5559516240
3223,55440761,4374,55445135,0,9,1,4608,6,9424349354
3224,55452018,3422,55455440,0,8,1,3584,12,7957871660
3225,55455651,566,55456217,0,9,1,512,6,3152865321
3226,55476939,1042,55477981,0,9,1,1024,6,2023870392
3227,55543440,2470,55545910,0,8,1,2560,12,809315906
3228,55557269,121414,55678683,0,8,0,75776,12,1771737272
3229,55583591,566,55584157,0,9,1,512,6,3665383169
3230,55591276,2946,55594222,0,2,1,3072,20,5244452505
3231,55616727,1518,55618245,0,3,1,1536,4,4728431787
3232,55617577,7230,55624807,0,9,1,7680,6,4089210737
3233,55630211,93530,55723741,0,8,0,17408,12,709326926
3234,55631904,1042,55632946,0,1,1,1024,26,4587354042
3235,55633625,52364,55685989,0,2,0,3072,20,4724347391
3236,55659649,30042,55689691,0,8,1,17920,12,7236394388
3237,55766820,5802,55772622,0,8,1,6144,12,6570504442
3238,55815214,10499,55825713,0,8,1,16896,12,5672533419
3239,55825940,3387,55829327,0,8,1,9728,12,928010702
3240,55833105,1518,55834623,0,3,1,1536,4,525468730
3241,55874180,107900,55982080,0,8,0,54272,12,1881082611
3242,55887950,1518,55889468,0,7,1,1536,13,3084350167
3243,55895334,1994,55897328,0,7,1,2048,13,9819017394
3244,55913026,1994,55915020,0,7,1,2048,13,10404550505
3245,55939719,127612,56067331,0,8,0,85504,12,6682199587
3246,55951752,3387,55955139,0,7,1,9728,13,435990024
3247,55953239,6852,55960091,0,7,1,5632,13,1992110636
3248,56039633,81284,56120917,0,8,0,12288,12,8180326469
3249,56058810,11459,56070269,0,8,1,3072,12,9598067987
3250,56069173,57440,56126613,0,2,0,4608,20,5874881154
3251,56093864,5712,56099576,0,0,1,14336,26,3561393055
3252,56121040,2470,56123510,0,8,1,2560,12,742769474
3253,56157065,75140,56232205,0,2,0,12288,20,4411947371
3254,56187267,1042,56188309,0,7,1,1024,13,8865112464
3255,56189135,1994,56191129,0,8,1,2048,12,1979437750
3256,56189243,1042,56190285,0,0,1,1024,26,2159317181
3257,56198308,4937,56203245,0,0,1,12800,26,7640027421
3258,56232546,94664,56327210,0,2,0,15872,20,6380473790
3259,56235534,566,56236100,0,3,1,512,4,5477121711
3260,56259918,3898,56263816,0,7,1,4096,13,4555041251
3261,56271422,4162,56275584,0,7,1,11264,13,1559671646
3262,56331812,1994,56333806,0,7,1,2048,13,2209563379
3263,56362908,3898,56366806,0,0,1,4096,26,2053480731
3264,56437013,2946,56439959,0,7,1,3072,13,707799274
3265,56438892,64676,56503568,0,8,0,8192,12,2123619228
3266,56458640,3128,56461768,0,7,1,9216,13,3906195145
3267,56467101,105404,56572505,0,8,0,46080,12,3444851625
3268,56523788,60824,56584612,0,8,0,5632,12,736290897
3269,56525165,64654,56589819,0,6,1,109056,32,10157672370
3270,56530681,6278,56536959,0,3,1,6656,4,7940929944
3271,56541937,48228,56590165,0,6,1,512,32,7002459121
3272,56557662,39121,56596783,0,6,1,31744,32,10015076017
3273,56572259,1994,56574253,0,7,1,2048,13,3873735205
3274,56578841,81632,56660473,0,6,1,132096,32,4260872799
3275,56594597,81941,56676538,0,6,1,52224,32,8214641392
3276,56645773,1518,56647291,0,9,1,1536,6,7813111567
3277,56652696,1518,56654214,0,1,1,1536,26,4963159421
3278,56653161,112424,56765585,0,2,0,69120,20,10618379731
3279,56677143,566,56677709,0,3,1,512,4,1601912341
3280,56711902,2470,56714372,0,7,1,2560,13,1260439716
3281,56729120,3422,56732542,0,9,1,3584,6,769430265
3282,56735731,101660,56837391,0,8,0,33792,12,3021393074
3283,56770820,106441,56877261,0,8,0,12288,12,4712946103
3284,56771810,1042,56772852,0,9,1,1024,6,4571459657
3285,56773572,71507,56845079,0,6,1,115712,32,2464378861
3286,56805165,77974,56883139,0,6,1,124416,32,8788616493
3287,56832414,1994,56834408,0,7,1,2048,13,8504186812
3288,56834323,107216,56941539,0,8,0,41984,12,6234968300
3289,56844915,43818,56888733,0,6,1,26624,32,7937563493
3290,56854646,6754,56861400,0,3,1,7168,4,8602091442
3291,56872389,2470,56874859,0,3,1,2560,4,3162761350
3292,56877223,182003,57059226,0,8,0,34304,12,1865250269
3293,56905502,43904,56949406,0,0,0,512,26,9241325428
3294,56917042,163331,57080373,0,8,0,15360,12,3780240232
3295,56924716,124043,57048759,0,8,0,94208,12,7754181427
3296,56928350,1042,56929392,0,7,1,1024,13,8656440674
3297,56943869,12825,56956694,0,3,1,21504,4,10242107084
3298,56943969,6754,56950723,0,9,1,7168,6,7564666688
3299,57003680,2946,57006626,0,7,1,3072,13,4603425742
3300,57035186,2946,57038132,0,3,1,3072,4,6669736593
3301,57044655,6278,57050933,0,9,1,6656,6,2519756237
3302,57046119,6120,57052239,0,9,1,2048,6,10610618142
3303,57061223,1518,57062741,0,9,1,1536,6,665623124
3304,57064242,566,57064808,0,7,1,512,13,3743783774
3305,57066637,103064,57169701,0,8,0,38400,12,4833616695
3306,57068086,50672,57118758,0,0,0,2560,26,10285028678
3307,57075089,43904,57118993,0,4,0,512,33,7131212761
3308,57078771,48980,57127751,0,0,0,2048,26,8507992567
3309,57095901,1994,57097895,0,7,1,2048,13,3243565304
3310,57114943,43904,57158847,0,0,0,512,26,2218291597
3311,57115517,45596,57161113,0,4,0,1024,33,6648050663
3312,57115984,43904,57159888,0,4,0,512,33,7191427718
3313,57134886,2870,57137756,0,2,1,8704,20,2522599616
3314,57138769,7230,57145999,0,2,1,7680,20,3612250884
3315,57177610,43968,57221578,0,0,0,512,26,1666365415
3316,57177674,48824,57226498,0,0,0,1536,26,4145816299
3317,57218138,43904,57262042,0,4,0,512,33,9490348615
3318,57225185,2946,57228131,0,2,1,3072,20,60077184
3319,57246584,45596,57292180,0,4,0,1024,33,6486783918
3320,57264268,1994,57266262,0,2,1,2048,20,9473585351
3321,57272955,4937,57277892,0,6,1,12800,32,4652722741
3322,57297409,89900,57387309,0,8,0,15360,12,8063966170
3323,57350055,47288,57397343,0,4,0,1536,33,629361958
3324,57356576,45596,57402172,0,0,0,1024,26,3894443196
3325,57375907,5802,57381709,0,2,1,6144,20,8337166895
3326,57376046,43904,57419950,0,4,0,512,33,1501208208
3327,57468191,2946,57471137,0,2,1,3072,20,9580773914
3328,57483193,12049,57495242,0,6,1,19968,32,9445047397
3329,57497164,12049,57509213,0,6,1,19968,32,8130371327
3330,57499939,3645,57503584,0,7,1,10240,13,3025433829
3331,57518174,566,57518740,0,9,1,512,6,2813826865
3332,57519820,4374,57524194,0,7,1,4608,13,9596609288
3333,57526001,1518,57527519,0,9,1,1536,6,2690599207
3334,57535877,5454,57541331,0,9,1,13824,6,10732897389
3335,57547167,1042,57548209,0,9,1,1024,6,6427736929
3336,57574404,5802,57580206,0,2,1,6144,20,5554570274
3337,57594180,112580,57706760,0,8,0,69632,12,9219153019
3338,57625262,43904,57669166,0,4,0,512,33,5390068028
3339,57629088,45596,57674684,0,0,0,1024,26,9800762102
3340,57640716,90104,57730820,0,1,0,26112,26,1005373414
3341,57656137,45752,57701889,0,4,0,1536,33,7220929691
3342,57683431,3128,57686559,0,6,1,9216,32,1226296718
3343,57690506,1518,57692024,0,6,1,1536,32,9409443736
3344,57735316,45596,57780912,0,4,0,1024,33,1534961101
3345,57791866,3898,57795764,0,9,1,4096,6,6403155996
3346,57803609,43904,57847513,0,0,0,512,26,9069311417
3347,57805944,2470,57808414,0,6,1,2560,32,7067962068
3348,57839669,4374,57844043,0,9,1,4608,6,1678195261
3349,57855023,566,57855589,0,7,1,512,13,8587797918
3350,57871026,43904,57914930,0,0,0,512,26,975152349
3351,57881824,1042,57882866,0,7,1,1024,13,2982831770
3352,57892311,1042,57893353,0,2,1,1024,20,3957496621
3353,57898143,5802,57903945,0,6,1,6144,32,2394164931
3354,57907447,114253,58021700,0,6,0,32768,32,6603204522
3355,57921422,7706,57929128,0,2,1,8192,20,2840763464
3356,57933694,43904,57977598,0,0,0,512,26,6281044587
3357,57935428,6754,57942182,0,3,1,7168,4,6252079588
3358,57958247,1042,57959289,0,3,1,1024,4,4720118692
3359,57959533,45596,58005129,0,0,0,1024,26,6758182138
3360,57973354,48980,58022334,0,0,0,2048,26,4128687998
3361,57981660,3387,57985047,0,6,1,9728,32,4180702699
3362,57990241,566,57990807,0,7,1,512,13,1699561095
3363,57995818,47288,58043106,0,5,0,1536,4,8504117438
3364,58000299,566,58000865,0,6,1,512,32,9053687398
3365,58013141,108963,58122104,0,6,0,29696,32,9228310246
3366,58015650,61971,58077621,0,6,0,4608,32,8870810036
3367,58038207,43904,58082111,0,5,0,512,4,1474895122
3368,58074113,1518,58075631,0,2,1,1536,20,8428240760
3369,58076709,43904,58120613,0,5,0,512,4,4960228515
3370,58080537,566,58081103,0,7,1,512,13,2620037519
3371,58089934,43904,58133838,0,5,0,512,4,1870985247
3372,58106393,2870,58109263,0,3,1,8704,4,5469707275
3373,58121730,43904,58165634,0,5,0,512,4,7959617826
3374,58122851,43904,58166755,0,5,0,512,4,3622751944
3375,58138026,5326,58143352,0,2,1,5632,20,790628108
3376,58144480,5802,58150282,0,7,1,6144,13,3121636838
3377,58153295,4420,58157715,0,2,1,11776,20,631126402
3378,58159006,98072,58257078,0,6,0,22016,32,2422864190
3379,58171039,566,58171605,0,6,1,512,32,5495617992
3380,58175012,43904,58218916,0,0,0,512,26,9928930197
3381,58194021,76388,58270409,0,6,0,16384,32,6393995280
3382,58196118,1042,58197160,0,7,1,1024,13,7117418820
3383,58202871,52364,58255235,0,0,0,3072,26,9327831041
3384,58204685,43904,58248589,0,5,0,512,4,5290992049
3385,58221335,2946,58224281,0,6,1,3072,32,2466696963
3386,58225767,47288,58273055,0,5,0,1536,4,783942448
3387,58244753,12340,58257093,0,6,1,7168,32,5240808131
3388,58248821,1042,58249863,0,3,1,1024,4,2748334630
3389,58254766,45596,58300362,0,5,0,1024,4,1560417452
3390,58260181,45596,58305777,0,5,0,1024,4,761705609
3391,58260906,2470,58263376,0,3,1,2560,4,4429200284
3392,58275932,7706,58283638,0,6,1,8192,32,8253049482
3393,58280899,1042,58281941,0,1,1,1024,26,7793290625
3394,58286507,7706,58294213,0,9,1,8192,6,2253169317
3395,58294576,566,58295142,0,6,1,512,32,8657509334
3396,58325670,566,58326236,0,9,1,512,6,3604563958
3397,58352609,6754,58359363,0,9,1,7168,6,1785100159
3398,58354349,6640,58360989,0,9,1,2560,6,1986164849
3399,58359899,47288,58407187,0,0,0,1536,26,10046169831
3400,58369453,1518,58370971,0,6,1,1536,32,6096396200
3401,58369860,7706,58377566,0,9,1,8192,6,169421569
3402,58373154,1042,58374196,0,6,1,1024,32,6951389452
3403,58386758,3898,58390656,0,3,1,4096,4,8057399557
3404,58394542,193235,58587777,0,9,0,32256,6,7960951343
3405,58394591,208000,58602591,0,6,0,112640,32,438265239
3406,58429533,45596,58475129,0,9,0,1024,6,7365086468
3407,58435250,203701,58638951,0,6,0,70656,32,9000438470
3408,58455041,45596,58500637,0,5,0,1024,4,654264710
3409,58475606,119305,58594911,0,9,0,14336,6,8975917545
3410,58479202,1994,58481196,0,6,1,2048,32,3661230375
3411,58515242,5802,58521044,0,9,1,6144,6,593274734
3412,58522506,45596,58568102,0,0,0,1024,26,6112213235
3413,58548971,566,58549537,0,6,1,512,32,7239611311
3414,58551354,80595,58631949,0,9,0,3584,6,7516792197
3415,58558435,1518,58559953,0,3,1,1536,4,1402958768
3416,58573483,45596,58619079,0,0,0,1024,26,489724029
3417,58584315,2946,58587261,0,3,1,3072,4,893089666
3418,58609340,43904,58653244,0,0,0,512,26,473324595
3419,58619419,45596,58665015,0,0,0,1024,26,1388117015
3420,58619470,566,58620036,0,3,1,512,4,2914865169
3421,58626498,120536,58747034,0,9,0,95744,6,9172293153
3422,58653745,125665,58779410,0,9,0,8192,6,5715325491
3423,58669757,45596,58715353,0,5,0,1024,4,5345967337
3424,58672718,103620,58776338,0,9,0,8192,6,5283137655
3425,58676700,47288,58723988,0,0,0,1536,26,9489703727
3426,58677398,3645,58681043,0,3,1,10240,4,519246211
3427,58734366,25414,58759780,0,9,1,24576,6,8413089662
3428,58736116,27210,58763326,0,9,1,5632,6,1416963466
3429,58764731,2946,58767677,0,6,1,3072,32,4362645522
3430,58778694,3128,58781822,0,3,1,9216,4,2210505570
3431,58799641,5326,58804967,0,9,1,5632,6,7547640682
3432,58864443,70976,58935419,0,6,0,8704,32,10622102590
3433,58891481,43904,58935385,0,5,0,512,4,921107129
3434,58893289,68248,58961537,0,6,0,2560,32,1371762757
3435,58912319,44060,58956379,0,0,0,1024,26,4568288669
3436,58942347,43904,58986251,0,5,0,512,4,2695424588
3437,58956872,566,58957438,0,6,1,512,32,10287246576
3438,58972664,43904,59016568,0,0,0,512,26,6711617276
3439,58988209,64208,59052417,0,6,0,6656,32,861827721
3440,58990351,45596,59035947,0,4,0,1024,33,5817781820
3441,59004660,5454,59010114,0,9,1,13824,6,10651148296
3442,59026542,119057,59145599,0,9,0,46080,6,10056633461
3443,59029876,3422,59033298,0,9,1,3584,6,7765564417
3444,59047230,4420,59051650,0,9,1,11776,6,3173796557
3445,59067352,4420,59071772,0,9,1,11776,6,10553243018
3446,59131096,2946,59134042,0,6,1,3072,32,3762720474
3447,59136164,45596,59181760,0,5,0,1024,4,3582313175
3448,59199085,43904,59242989,0,5,0,512,4,6952934079
3449,59234201,64208,59298409,0,9,0,6656,6,2334071328
3450,59255127,3898,59259025,0,2,1,4096,20,3840392753
3451,59266911,12308,59279219,0,6,1,20480,32,2158338915
3452,59268220,99476,59367696,0,9,0,26624,6,5957780312
3453,59314806,72378,59387184,0,9,0,7680,6,2824640392
3454,59374687,3645,59378332,0,9,1,10240,6,5821789403
3455,59379722,43904,59423626,0,4,0,512,33,7287548198
3456,59428669,43904,59472573,0,5,0,512,4,6189796185
3457,59441063,5326,59446389,0,8,1,5632,12,9421672667
3458,59464286,7706,59471992,0,8,1,8192,12,3813825653
3459,59484708,1518,59486226,0,8,1,1536,12,7437935734
3460,59494589,4850,59499439,0,8,1,5120,12,3789968127
3461,59506922,43904,59550826,0,5,0,512,4,3416157988
3462,59511892,45752,59557644,0,4,0,1536,33,6946131196
3463,59572892,43904,59616796,0,4,0,512,33,1024197297
3464,59593244,7706,59600950,0,6,1,8192,32,7112675920
3465,59606412,2946,59609358,0,9,1,3072,6,3260480267
3466,59645766,566,59646332,0,6,1,512,32,3629009325
3467,59648621,111488,59760109,0,9,0,66048,6,6203644467
3468,59655273,7230,59662503,0,6,1,7680,32,3476821658
3469,59663588,43904,59707492,0,4,0,512,33,10497476200
3470,59665610,12995,59678605,0,8,1,25088,12,10256112005
3471,59671191,43904,59715095,0,5,0,512,4,8166002780
3472,59688319,3387,59691706,0,6,1,9728,32,9759920212
3473,59715944,5326,59721270,0,6,1,5632,32,6274651605
3474,59740393,566,59740959,0,6,1,512,32,7728842936
3475,59741016,43904,59784920,0,4,0,512,33,5525738787
3476,59742407,5326,59747733,0,8,1,5632,12,10522882765
3477,59744058,22950,59767008,0,6,1,37888,32,3091279767
3478,59775672,3645,59779317,0,6,1,10240,32,2716090965
3479,59787641,4374,59792015,0,6,1,4608,32,7657825312
3480,59803072,3422,59806494,0,5,1,3584,4,5313789093
3481,59804051,70220,59874271,0,3,0,11264,4,10418390965
3482,59822578,4374,59826952,0,6,1,4608,32,3401471418
3483,59828937,43904,59872841,0,5,0,512,4,3293598527
3484,59829592,3422,59833014,0,6,1,3584,32,8335987385
3485,59920200,112268,60032468,0,9,0,68608,6,8737006129
3486,59930201,153135,60083336,0,9,0,74240,6,5509383503
3487,59939120,106184,60045304,0,3,0,48640,4,859639305
3488,59969416,104178,60073594,0,3,0,14336,4,690217812
3489,59976854,2470,59979324,0,6,1,2560,32,2950682788
3490,60015174,1994,60017168,0,6,1,2048,32,6759471915
3491,60103659,111956,60215615,0,1,0,67584,26,4867750574
3492,60116563,61916,60178479,0,8,0,9216,12,314270681
3493,60148276,153319,60301595,0,1,0,45056,26,4656022230
3494,60174864,98003,60272867,0,1,0,11264,26,7943977528
3495,60186137,107276,60293413,0,3,0,52224,4,8450792375
3496,60194669,48980,60243649,0,3,0,2048,4,1285993857
3497,60224990,100100,60325090,0,8,0,28672,12,4436634430
3498,60230018,3898,60233916,0,6,1,4096,32,8494407497
3499,60257556,54056,60311612,0,8,0,3584,12,2841848490
3500,60267642,2946,60270588,0,9,1,3072,6,306057184
3501,60273336,43904,60317240,0,5,0,512,4,9187305120
3502,60294461,83153,60377614,0,8,0,12288,12,8692969654
3503,60296208,71303,60367511,0,1,0,12288,26,7828236690
3504,60300622,3422,60304044,0,9,1,3584,6,7948146560
3505,60328798,82087,60410885,0,1,0,17408,26,7129813167
3506,60352228,54056,60406284,0,9,0,3584,6,6317914322
3507,60379727,99164,60478891,0,1,0,25600,26,3309923453
3508,60401521,10241,60411762,0,9,1,16384,6,9270970445
3509,60402963,152878,60555841,0,1,0,50176,26,7860703817
3510,60419460,98072,60517532,0,8,0,22016,12,931902365
3511,60616966,103376,60720342,0,9,0,39424,6,8794929972
3512,60636193,115388,60751581,0,1,0,78848,26,4612089496
3513,60699386,104468,60803854,0,9,0,43008,6,6561854077
3514,60705294,124647,60829941,0,1,0,36352,26,2731687952
3515,60707901,169164,60877065,0,1,0,29696,26,3059795737
3516,60732939,65900,60798839,0,8,0,7168,12,9378300140
3517,60740931,2470,60743401,0,5,1,2560,4,6765072826
3518,60775911,95132,60871043,0,8,0,17408,12,1967451741
3519,60849274,96068,60945342,0,8,0,20480,12,10149130418
3520,60925857,117260,61043117,0,1,0,84992,26,8132629352
3521,60944963,43904,60988867,0,5,0,512,4,1219271592
3522,60974350,73916,61048266,0,9,0,13312,6,6438045931
3523,60979085,109616,61088701,0,8,0,59904,12,6221715616
3524,60992158,88927,61081085,0,1,0,10752,26,10123080751
3525,61021577,43904,61065481,0,5,0,512,4,5385618385
3526,61076785,191528,61268313,0,9,0,167424,6,7425294770
3527,61076881,87288,61164169,0,8,0,18432,12,1813352366
3528,61095046,47288,61142334,0,5,0,1536,4,5684325115
3529,61127053,4162,61131215,0,6,1,11264,32,4026571281
3530,61184798,43904,61228702,0,5,0,512,4,5950315427
3531,61224838,43904,61268742,0,5,0,512,4,5133713791
3532,61265811,45752,61311563,0,5,0,1536,4,1486892350
3533,61277015,93644,61370659,0,8,0,27648,12,768093126
3534,61309960,99788,61409748,0,8,0,27648,12,10156311592
3535,61366223,107744,61473967,0,9,0,53760,6,6241489097
3536,61378716,43904,61422620,0,4,0,512,33,552849922
3537,61389787,99944,61489731,0,2,0,28160,20,5558266096
3538,61396663,43904,61440567,0,4,0,512,33,7680202973
3539,61415175,3128,61418303,0,4,1,9216,33,10175922605
3540,61416466,47162,61463628,0,4,0,1024,33,4290233603
3541,61417396,8367,61425763,0,4,1,8192,33,431739876
3542,61443065,1994,61445059,0,2,1,2048,20,5081706084
3543,61445357,43904,61489261,0,4,0,512,33,2753409405
3544,61450524,2870,61453394,0,7,1,8704,13,9735746990
3545,61452704,4374,61457078,0,2,1,4608,20,4840340545
3546,61452720,106028,61558748,0,8,0,48128,12,9573760164
3547,61467094,86984,61554078,0,2,0,15872,20,9438931042
3548,61492123,4162,61496285,0,2,1,11264,20,8846276548
3549,61511354,78712,61590066,0,2,0,10752,20,4160828571
3550,61537378,117104,61654482,0,7,0,84480,13,4765336125
3551,61544205,4679,61548884,0,6,1,12288,32,8043671156
3552,61608174,2470,61610644,0,4,1,2560,33,3067965915
3553,61618776,5326,61624102,0,4,1,5632,33,10408429001
3554,61674835,45596,61720431,0,5,0,1024,4,219627160
3555,61675501,68312,61743813,0,5,0,1024,4,6822432139
3556,61682787,2470,61685257,0,2,1,2560,20,5072407000
3557,61713323,102128,61815451,0,9,0,35328,6,4765283885
3558,61720312,7230,61727542,0,4,1,7680,33,7323300050
3559,61720658,43904,61764562,0,5,0,512,4,3450390978
3560,61751796,2946,61754742,0,6,1,3072,32,357722809
3561,61808967,43904,61852871,0,4,0,512,33,6368248656
3562,61813613,106340,61919953,0,2,0,49152,20,3436837111
3563,61843014,3387,61846401,0,2,1,9728,20,90543794
3564,61844255,54980,61899235,0,5,0,512,4,4490883151
3565,61855331,65750,61921081,0,5,0,512,4,3575436124
3566,61882834,4374,61887208,0,6,1,4608,32,7008527848
3567,61896984,101036,61998020,0,2,0,31744,20,130247919
3568,61897141,566,61897707,0,6,1,512,32,10125088012
3569,61949176,4850,61954026,0,4,1,5120,33,3592911044
3570,61950137,4145,61954282,0,4,1,9216,33,8163837742
3571,61984611,1994,61986605,0,4,1,2048,33,2234714124
3572,62012303,78212,62090515,0,9,0,12288,6,10277083878
3573,62025083,2470,62027553,0,4,1,2560,33,4131573208
3574,62065296,84980,62150276,0,9,0,14336,6,7296059642
3575,62082963,13770,62096733,0,4,1,26624,33,2755238715
3576,62127583,190280,62317863,0,8,0,163328,12,6246027033
3577,62137241,1994,62139235,0,4,1,2048,33,1148402226
3578,62153090,267865,62420955,0,8,0,55808,12,3947671760
3579,62153939,200782,62354721,0,8,0,56320,12,7029086428
3580,62193739,1042,62194781,0,4,1,1024,33,2413257707
3581,62195391,5712,62201103,0,6,1,14336,32,2349236839
3582,62201248,11016,62212264,0,6,1,17920,32,7474243669
3583,62221248,1518,62222766,0,4,1,1536,33,858612652
3584,62245689,62672,62308361,0,9,0,6656,6,4992847922
3585,62246654,47288,62293942,0,9,0,1536,6,9140676719
3586,62257044,120892,62377936,0,9,0,54272,6,6711476589
3587,62276338,566,62276904,0,6,1,512,32,9119192409
3588,62289034,129942,62418976,0,9,0,27648,6,3350869151
3589,62291067,139731,62430798,0,8,0,32256,12,2535365553
3590,62316546,2946,62319492,0,6,1,3072,32,950832344
3591,62349515,169661,62519176,0,9,0,56832,6,5364120618
3592,62382474,3645,62386119,0,6,1,10240,32,6307880677
3593,62424008,112342,62536350,0,8,0,46592,12,4819911430
3594,62425200,566,62425766,0,4,1,512,33,3938474551
3595,62452664,2470,62455134,0,6,1,2560,32,1225970038
3596,62473480,107076,62580556,0,9,0,29184,6,3236146308
3597,62533932,3898,62537830,0,6,1,4096,32,7177345112
3598,62549251,47288,62596539,0,0,0,1536,26,6176801711
3599,62564791,78680,62643471,0,9,0,13824,6,1724382202
3600,62639119,64160,62703279,0,9,0,11264,6,10267928399
3601,62680338,69908,62750246,0,8,0,10240,12,2742609211
3602,62706425,5454,62711879,0,9,1,13824,6,2699878164
3603,62729260,105092,62834352,0,8,0,45056,12,6869412235
3604,62836406,1518,62837924,0,6,1,1536,32,8807181716
3605,62856940,84824,62941764,0,8,0,13824,12,9193471107
3606,62886849,56022,62942871,0,8,0,3584,12,8552851924
3607,62917816,2470,62920286,0,1,1,2560,26,8777482149
3608,62945289,3645,62948934,0,6,1,10240,32,5466725544
3609,63019776,60824,63080600,0,9,0,5632,6,2108047284
3610,63043680,196676,63240356,0,9,0,184320,6,1961313450
3611,63047821,566,63048387,0,7,1,512,13,589167466
3612,63069264,1994,63071258,0,6,1,2048,32,8347897931
3613,63078564,4850,63083414,0,6,1,5120,32,1488714171
3614,63099476,566,63100042,0,7,1,512,13,7429038439
3615,63109074,1994,63111068,0,6,1,2048,32,3060295425
3616,63158128,132196,63290324,0,9,0,48640,6,1300691182
3617,63171809,4374,63176183,0,1,1,4608,26,6007068335
3618,63175529,2470,63177999,0,1,1,2560,26,3397174118
3619,63236671,2870,63239541,0,7,1,8704,13,286601353
3620,63251851,3898,63255749,0,7,1,4096,13,7945442383
3621,63304063,107432,63411495,0,8,0,52736,12,10727323045
3622,63334392,76052,63410444,0,9,0,10240,6,7799206272
3623,63335922,101816,63437738,0,9,0,34304,6,6204033024
3624,63361858,43904,63405762,0,0,0,512,26,3632497045
3625,63373031,1518,63374549,0,1,1,1536,26,9670920785
3626,63384826,6754,63391580,0,6,1,7168,32,7756837877
3627,63390944,1302,63392246,0,6,1,1024,32,5563787619
3628,63392160,107163,63499323,0,6,0,32256,32,3075133710
3629,63402375,1994,63404369,0,1,1,2048,26,4290269200
3630,63405301,566,63405867,0,1,1,512,26,3328543730
3631,63418056,101036,63519092,0,9,0,31744,6,9922560997
3632,63453544,3422,63456966,0,7,1,3584,13,10088734940
3633,63464832,3904,63468736,0,3,1,10752,4,6709248180
3634,63467834,10757,63478591,0,6,1,17408,32,7670438298
3635,63470501,98696,63569197,0,1,0,24064,26,451512534
3636,63485683,84642,63570325,0,1,0,2560,26,8906868194
3637,63493057,3128,63496185,0,8,1,9216,12,4725648745
3638,63516099,76856,63592955,0,6,0,17920,32,1143086925
3639,63520000,68372,63588372,0,9,0,10240,6,1179379889
3640,63542543,55748,63598291,0,8,0,4096,12,8289125125
3641,63570317,6754,63577071,0,8,1,7168,12,1426070102
3642,63595661,5326,63600987,0,6,1,5632,32,4909502137
3643,63599561,1042,63600603,0,7,1,1024,13,3847278739
3644,63603282,566,63603848,0,7,1,512,13,6022578692
3645,63604569,566,63605135,0,8,1,512,12,7235667751
3646,63614514,76208,63690722,0,1,0,10752,26,6946920073
3647,63618420,3645,63622065,0,0,1,10240,26,6734668882
3648,63622790,170290,63793080,0,8,0,14336,12,8272605787
3649,63633072,566,63633638,0,8,1,512,12,1890673168
3650,63652042,6754,63658796,0,8,1,7168,12,7158803767
3651,63652076,93019,63745095,0,8,0,18432,12,1664898820
3652,63655926,3422,63659348,0,1,1,3584,26,7028225026
3653,63718516,3422,63721938,0,3,1,3584,4,1395975577
3654,63728361,91928,63820289,0,9,0,22016,6,7837755329
3655,63733724,122443,63856167,0,8,0,30720,12,7980675294
3656,63749304,87296,63836600,0,1,0,16896,26,926244985
3657,63790100,70564,63860664,0,8,0,7680,12,662454049
3658,63798149,84692,63882841,0,1,0,18432,26,448336968
3659,63806720,109319,63916039,0,1,0,15360,26,2741553447
3660,63807851,7230,63815081,0,7,1,7680,13,718012666
3661,63816401,147610,63964011,0,8,0,84992,12,7597246425
3662,63830547,1518,63832065,0,8,1,1536,12,10338624114
3663,63839223,131791,63971014,0,1,0,51712,26,8950653146
3664,63870560,4374,63874934,0,7,1,4608,13,6831720966
3665,63888179,43904,63932083,0,5,0,512,4,4588404781
3666,63902273,10499,63912772,0,7,1,16896,13,10301829157
3667,63904014,566,63904580,0,8,1,512,12,2988948087
3668,63914905,71756,63986661,0,6,0,11264,32,1491085723
3669,63926881,5326,63932207,0,8,1,5632,12,5545139455
3670,63937172,2946,63940118,0,1,1,3072,26,7589028082
3671,63971143,3422,63974565,0,0,1,3584,26,819901614
3672,63982614,45596,64028210,0,5,0,1024,4,6830841181
3673,63984980,74360,64059340,0,9,0,9728,6,900393831
3674,63987483,5712,63993195,0,7,1,14336,13,445257728
3675,63993685,2946,63996631,0,7,1,3072,13,7911610155
3676,64001209,1042,64002251,0,0,1,1024,26,3771615279
3677,64021436,4162,64025598,0,0,1,11264,26,7397844091
3678,64036891,43904,64080795,0,5,0,512,4,7090024659
3679,64057408,1518,64058926,0,7,1,1536,13,7736976424
3680,64060400,52364,64112764,0,5,0,3072,4,4003203214
3681,64115791,11016,64126807,0,7,1,17920,13,8999644520
3682,64124245,45596,64169841,0,5,0,1024,4,6902052211
3683,64131330,104468,64235798,0,9,0,43008,6,4470719996
3684,64132479,3422,64135901,0,7,1,3584,13,1055492307
3685,64161514,100412,64261926,0,6,0,29696,32,8669677295
3686,64161812,2470,64164282,0,8,1,2560,12,3967009989
3687,64179140,60824,64239964,0,1,0,5632,26,337090701
3688,64188237,128803,64317040,0,1,0,97280,26,7848936571
3689,64197716,97760,64295476,0,8,0,20992,12,4308147707
3690,64246920,3387,64250307,0,7,1,9728,13,7642218197
3691,64251760,83288,64335048,0,6,0,13824,32,9781790244
3692,64272651,52988,64325639,0,9,0,5120,6,2123661273
3693,64282031,106157,64388188,0,8,0,25600,12,7713304589
3694,64283390,119912,64403302,0,1,0,93696,26,8926646037
3695,64288062,7429,64295491,0,8,1,4096,12,2005282030
3696,64295170,105872,64401042,0,9,0,47616,6,5258168593
3697,64323465,7706,64331171,0,1,1,8192,26,5015398722
3698,64333435,130965,64464400,0,8,0,16384,12,1239022472
3699,64360548,113782,64474330,0,1,0,27136,26,5396717932
3700,64396570,566,64397136,0,0,1,512,26,6101576260
3701,64411790,100412,64512202,0,6,0,29696,32,8123087188
3702,64450337,43904,64494241,0,5,0,512,4,710824918
3703,64463605,1042,64464647,0,0,1,1024,26,2681164264
3704,64542502,79928,64622430,0,6,0,17920,32,3337256657
3705,64546255,566,64546821,0,0,1,512,26,1601258259
3706,64588004,107432,64695436,0,9,0,52736,6,4723239694
3707,64608148,105248,64713396,0,8,0,45568,12,5561992268
3708,64616875,102440,64719315,0,9,0,36352,6,4149921480
3709,64626606,76168,64702774,0,9,0,5120,6,3366042987
3710,64665863,7706,64673569,0,0,1,8192,26,2513934591
3711,64687299,137841,64825140,0,8,0,112640,12,1770774661
3712,64693187,58532,64751719,0,1,0,8192,26,6452675380
3713,64733577,2946,64736523,0,0,1,3072,26,5881213149
3714,64734161,95581,64829742,0,8,0,5632,12,5449338813
3715,64785776,128024,64913800,0,6,0,120320,32,10170939079
3716,64820074,4374,64824448,0,5,1,4608,4,2515773810
3717,64859006,78212,64937218,0,1,0,12288,26,7933895048
3718,64873956,3387,64877343,0,1,1,9728,26,6025686044
3719,64882059,1994,64884053,0,0,1,2048,26,1927620233
3720,64884613,3422,64888035,0,0,1,3584,26,958562143
3721,64961263,80396,65041659,0,9,0,19456,6,7679201288
3722,64993207,91304,65084511,0,1,0,19968,26,1423911556
3723,65011166,84092,65095258,0,1,0,21504,26,8894382793
3724,65172232,45596,65217828,0,0,0,1024,26,7872534440
3725,65176658,72224,65248882,0,1,0,12800,26,2312023630
3726,65237085,190904,65427989,0,6,0,165376,32,6218825186
3727,65289772,3422,65293194,0,6,1,3584,32,581679496
3728,65292395,43904,65336299,0,0,0,512,26,840379699
3729,65340179,43904,65384083,0,0,0,512,26,2847213317
3730,65354074,2470,65356544,0,0,1,2560,26,8877619138
3731,65385203,2470,65387673,0,1,1,2560,26,10381280932
3732,65390629,91408,65482037,0,6,0,3584,32,9340357652
3733,65419158,116324,65535482,0,1,0,81920,26,7131615030
3734,65421812,1994,65423806,0,0,1,2048,26,6561235521
3735,65438641,105872,65544513,0,3,0,47616,4,2472164102
3736,65451431,45596,65497027,0,0,0,1024,26,4177910390
3737,65465039,12308,65477347,0,0,1,20480,26,10572881428
3738,65499606,91232,65590838,0,1,0,14336,26,6683777959
3739,65507644,72668,65580312,0,6,0,9216,32,2862868037
3740,65520825,54056,65574881,0,3,0,3584,4,422863779
3741,65527571,55748,65583319,0,3,0,4096,4,6567487809
3742,65534074,141446,65675520,0,6,0,92672,32,5688309959
3743,65536671,139956,65676627,0,6,0,3584,32,7616263022
3744,65564396,171241,65735637,0,6,0,8704,32,9760325918
3745,65584285,106496,65690781,0,1,0,49664,26,2847483792
3746,65588970,347722,65936692,0,6,0,111104,32,3374610520
3747,65599546,133424,65732970,0,6,0,53248,32,6853838580
3748,65630887,68231,65699118,0,6,0,7680,32,4278933611
3749,65633683,82820,65716503,0,1,0,12288,26,4649387776
3750,65649423,113672,65763095,0,3,0,73216,4,4910484038
3751,65651849,75008,65726857,0,1,0,16896,26,5584652495
3752,65652703,2946,65655649,0,9,1,3072,6,7785473390
3753,65658885,28491,65687376,0,6,1,17408,32,9442806637
3754,65662771,101275,65764046,0,3,0,3072,4,9367475264
3755,65713495,58943,65772438,0,6,0,4096,32,5238513265
3756,65715961,43904,65759865,0,0,0,512,26,1519393187
3757,65730472,1518,65731990,0,0,1,1536,26,3602737879
3758,65734268,2470,65736738,0,0,1,2560,26,1370864476
3759,65744674,43904,65788578,0,0,0,512,26,6426960634
3760,65806760,110396,65917156,0,1,0,62464,26,352045031
3761,65877889,53144,65931033,0,7,0,5632,13,8527364151
3762,65879711,92084,65971795,0,1,0,22528,26,1415786020
3763,65912653,5554,65918207,0,1,1,1024,26,8145707430
3764,65913416,5137,65918553,0,1,1,512,26,8740750024
3765,65925013,6278,65931291,0,0,1,6656,26,375034695
3766,65934025,5326,65939351,0,0,1,5632,26,4064625623
3767,65950684,91436,66042120,0,3,0,15360,4,4242085181
3768,65953696,65900,66019596,0,7,0,7168,13,3821868205
3769,65974663,104780,66079443,0,3,0,44032,4,2473562324
3770,65977011,157356,66134367,0,3,0,62976,4,4719092675
3771,65987698,6754,65994452,0,0,1,7168,26,424378485
3772,66009993,76165,66086158,0,0,0,512,26,2579980009
3773,66012667,4850,66017517,0,0,1,5120,26,6276564445
3774,66014488,5295,66019783,0,0,1,3584,26,3148587074
3775,66020977,70844,66091821,0,7,0,13312,13,5719660596
3776,66031995,13341,66045336,0,1,1,22528,26,9863724781
3777,66032764,81620,66114384,0,6,0,18432,32,5803756008
3778,66072318,117356,66189674,0,1,0,46592,26,9769120689
3779,66094204,43904,66138108,0,0,0,512,26,1173537485
3780,66097118,6754,66103872,0,1,1,7168,26,7318437362
3781,66098670,98228,66196898,0,6,0,22528,32,9106283860
3782,66112922,43904,66156826,0,0,0,512,26,3335867293
3783,66122256,105248,66227504,0,6,0,45568,32,4075563972
3784,66122620,50277,66172897,0,0,0,512,26,1399010171
3785,66141594,243042,66384636,0,1,0,145408,26,60282692
3786,66145474,178772,66324246,0,1,0,1536,26,2153889077
3787,66189668,100256,66289924,0,1,0,29184,26,6561733724
3788,66192519,1042,66193561,0,0,1,1024,26,6332868470
3789,66237732,7706,66245438,0,0,1,8192,26,4597242965
3790,66259497,55748,66315245,0,6,0,4096,32,1831871631
3791,66276889,48980,66325869,0,7,0,2048,13,3298096279
3792,66285092,6754,66291846,0,2,1,7168,20,10063400833
3793,66310395,3128,66313523,0,1,1,9216,26,10532681627
3794,66319704,85724,66405428,0,1,0,6656,26,2556097706
3795,66320999,5454,66326453,0,9,1,13824,6,7919212621
3796,66327771,62072,66389843,0,3,0,9728,4,8245275089
3797,66329846,75008,66404854,0,7,0,16896,13,10002684009
3798,66345720,132460,66478180,0,7,0,54784,13,1930792834
3799,66347100,4850,66351950,0,9,1,5120,6,10679651804
3800,66350460,34734,66385194,0,1,1,512,26,4705434205
3801,66355539,2470,66358009,0,2,1,2560,20,8905654343
3802,66417421,124855,66542276,0,7,0,45568,13,303473457
3803,66481732,3898,66485630,0,9,1,4096,6,2659876704
3804,66486320,103220,66589540,0,3,0,38912,4,6223922634
3805,66489802,6278,66496080,0,0,1,6656,26,402288229
3806,66496603,158811,66655414,0,3,0,27136,4,6942138841
3807,66500468,2946,66503414,0,0,1,3072,26,4450813551
3808,66525253,5802,66531055,0,1,1,6144,26,2318449633
3809,66525951,64363,66590314,0,1,0,8192,26,1734193300
3810,66545095,45908,66591003,0,6,0,2048,32,9814463674
3811,66669684,54056,66723740,0,3,0,3584,4,8271341827
3812,66671522,104468,66775990,0,3,0,43008,4,6897256539
3813,66677097,146173,66823270,0,3,0,36864,4,7335081595
3814,66698348,94688,66793036,0,3,0,2048,4,4500743519
3815,66715188,16354,66731542,0,0,1,31744,26,396055694
3816,66729707,3141,66732848,0,0,1,2048,26,3952208329
3817,66732132,118196,66850328,0,7,0,88064,13,9923554031
3818,66732356,185920,66918276,0,6,0,14336,32,3976111646
3819,66747037,166856,66913893,0,6,0,146944,32,3281269675
3820,66749062,3422,66752484,0,0,1,3584,26,3425039735
3821,66781281,157068,66938349,0,6,0,8192,32,4398905091
3822,66791376,11016,66802392,0,1,1,17920,26,3825836874
3823,66815159,1994,66817153,0,1,1,2048,26,9379576909
3824,66829456,566,66830022,0,0,1,512,26,4659474585
3825,66833502,105248,66938750,0,9,0,45568,6,6686085131
3826,66842637,109811,66952448,0,7,0,35328,13,5239078024
3827,66849603,4850,66854453,0,0,1,5120,26,2434272455
3828,66850743,1042,66851785,0,1,1,1024,26,3197024902
3829,66870733,149929,67020662,0,7,0,31232,13,1076892314
3830,66891021,172181,67063202,0,7,0,29696,13,9200053408
3831,66905739,5326,66911065,0,2,1,5632,20,10531667188
3832,66917284,115985,67033269,0,6,0,25088,32,8780843133
3833,66935920,106340,67042260,0,7,0,49152,13,713293316
3834,66959585,4420,66964005,0,8,1,11776,12,9635373401
3835,66959705,4850,66964555,0,1,1,5120,26,2939255752
3836,67012349,5802,67018151,0,2,1,6144,20,1722278845
3837,67027820,73564,67101384,0,7,0,5120,13,4912765577
3838,67029967,7230,67037197,0,2,1,7680,20,557432729
3839,67030898,6965,67037863,0,2,1,1024,20,4145253940
3840,67107992,2470,67110462,0,0,1,2560,26,5453884751
3841,67123614,98384,67221998,0,9,0,23040,6,9220452118
3842,67158452,112112,67270564,0,7,0,68096,13,7853640385
3843,67163236,5802,67169038,0,3,1,6144,4,6587449412
3844,67241037,97472,67338509,0,9,0,25088,6,6925485739
3845,67255710,1042,67256752,0,3,1,1024,4,5284479337
3846,67306941,4374,67311315,0,0,1,4608,26,4717050325
3847,67329420,101948,67431368,0,6,0,29696,32,581108062
3848,67330038,204092,67534130,0,6,0,23040,32,8165570929
3849,67342797,6754,67349551,0,0,1,7168,26,2827265875
3850,67362596,5971,67368567,0,8,1,14848,12,7151362480
3851,67380849,114737,67495586,0,6,0,57856,32,4959587956
3852,67396745,7230,67403975,0,3,1,7680,4,529597782
3853,67427832,78992,67506824,0,9,0,14848,6,10301932038
3854,67438486,4162,67442648,0,5,1,11264,4,206108658
3855,67452331,3128,67455459,0,7,1,9216,13,7969571574
3856,67453452,2946,67456398,0,8,1,3072,12,3197009828
3857,67458345,5802,67464147,0,3,1,6144,4,1971817885
3858,67460644,2470,67463114,0,1,1,2560,26,8950188700
3859,67468276,1042,67469318,0,7,1,1024,13,7643505312
3860,67475578,2946,67478524,0,3,1,3072,4,6268132728
3861,67481676,2870,67484546,0,8,1,8704,12,9718232539
3862,67486471,109519,67595990,0,6,0,29696,32,5564650025
3863,67488746,97338,67586084,0,6,0,6144,32,10525816170
3864,67492551,4374,67496925,0,3,1,4608,4,3915426210
3865,67496944,1042,67497986,0,0,1,1024,26,2870757353
3866,67508771,4850,67513621,0,0,1,5120,26,6845322658
3867,67510548,2946,67513494,0,7,1,3072,13,60311809
3868,67560100,101192,67661292,0,9,0,32256,6,8567653904
3869,67567684,5326,67573010,0,7,1,5632,13,406394345
3870,67585640,566,67586206,0,7,1,512,13,2891032660
3871,67594177,3898,67598075,0,0,1,4096,26,2965288131
3872,67610784,74550,67685334,0,9,0,9216,6,7210973202
3873,67611489,43904,67655393,0,4,0,512,33,346118276
3874,67635725,100100,67735825,0,6,0,28672,32,3504437340
3875,67665474,85604,67751078,0,9,0,16384,6,1310989145
3876,67668242,3422,67671664,0,7,1,3584,13,2092663178
3877,67681341,2946,67684287,0,0,1,3072,26,6407444151
3878,67727910,2946,67730856,0,3,1,3072,4,3492547809
3879,67745006,7230,67752236,0,0,1,7680,26,4610860534
3880,67751471,105872,67857343,0,6,0,47616,32,5032969014
3881,67762374,77744,67840118,0,9,0,10752,6,9702435109
3882,67768938,566,67769504,0,0,1,512,26,4327942729
3883,67773583,99788,67873371,0,2,0,27648,20,1380230714
3884,67795138,47288,67842426,0,4,0,1536,33,8156229069
3885,67818886,566,67819452,0,7,1,512,13,2925244028
3886,67820043,1518,67821561,0,8,1,1536,12,1421820985
3887,67831786,81464,67913250,0,9,0,17920,6,7066836176
3888,67882740,12049,67894789,0,0,1,19968,26,6588231001
3889,67908823,6278,67915101,0,0,1,6656,26,4247883641
3890,67933745,45596,67979341,0,4,0,1024,33,3671408822
3891,67945092,2870,67947962,0,8,1,8704,12,649728536
3892,67953299,43904,67997203,0,4,0,512,33,768212264
3893,67974551,102908,68077459,0,9,0,37888,6,5887754685
3894,67992841,98072,68090913,0,6,0,22016,32,499426165
3895,68025521,47288,68072809,0,4,0,1536,33,7569247093
3896,68036884,72668,68109552,0,6,0,9216,32,3023371424
3897,68060075,84404,68144479,0,9,0,22528,6,5977377353
3898,68078734,112736,68191470,0,6,0,45056,32,4556727679
3899,68081354,6278,68087632,0,7,1,6656,13,2928686056
3900,68084073,2946,68087019,0,3,1,3072,4,1321373622
3901,68134515,4374,68138889,0,7,1,4608,13,6933246112
3902,68135791,118259,68254050,0,6,0,11264,32,9570776858
3903,68152705,5326,68158031,0,7,1,5632,13,332529075
3904,68162571,43904,68206475,0,4,0,512,33,5504141541
3905,68179977,2946,68182923,0,9,1,3072,6,8312441711
3906,68191432,108488,68299920,0,6,0,24576,32,5333769461
3907,68236662,4374,68241036,0,2,1,4608,20,7490341497
3908,68265994,11274,68277268,0,7,1,18432,13,9054331392
3909,68269100,3904,68273004,0,8,1,10752,12,3899504721
3910,68270328,8246,68278574,0,7,1,2048,13,9978450746
3911,68277343,4374,68281717,0,5,1,4608,4,171987326
3912,68330317,2946,68333263,0,3,1,3072,4,4189757811
3913,68359610,45596,68405206,0,4,0,1024,33,7557260396
3914,68378651,7230,68385881,0,7,1,7680,13,3678508012
3915,68396855,566,68397421,0,3,1,512,4,2879530995
3916,68401636,45596,68447232,0,4,0,1024,33,895437374
3917,68402035,1042,68403077,0,7,1,1024,13,9338570284
3918,68420734,47444,68468178,0,4,0,2048,33,4070240251
3919,68421934,118820,68540754,0,6,0,90112,32,3077337006
3920,68426634,1042,68427676,0,7,1,1024,13,353525856
3921,68491003,71219,68562222,0,6,0,2048,32,9712902949
3922,68520243,5326,68525569,0,2,1,5632,20,5996440602
3923,68580274,6278,68586552,0,8,1,6656,12,7174368100
3924,68582194,43904,68626098,0,4,0,512,33,863565342
3925,68584002,566,68584568,0,3,1,512,4,159882218
3926,68613262,3422,68616684,0,9,1,3584,6,1251434352
3927,68616142,4374,68620516,0,7,1,4608,13,8959410234
3928,68636586,119600,68756186,0,6,0,92672,32,6168546249
3929,68674077,2946,68677023,0,7,1,3072,13,6613100365
3930,68680989,144821,68825810,0,6,0,21504,32,10572553713
3931,68729038,566,68729604,0,7,1,512,13,7136771165
3932,68730665,5802,68736467,0,2,1,6144,20,7391790554
3933,68743335,566,68743901,0,2,1,512,20,3050887167
3934,68766894,47288,68814182,0,4,0,1536,33,6588952664
3935,68775243,3422,68778665,0,8,1,3584,12,2683320958
3936,68777565,11791,68789356,0,8,1,19456,12,8815328685
3937,68807955,2470,68810425,0,2,1,2560,20,6461488443
3938,68824871,47288,68872159,0,4,0,1536,33,7742269474
3939,68839266,2470,68841736,0,4,1,2560,33,9918845261
3940,68839398,52364,68891762,0,0,0,3072,26,527904589
3941,68857474,1994,68859468,0,4,1,2048,33,6946855179
3942,68862473,3128,68865601,0,7,1,9216,13,844420066
3943,68867330,3128,68870458,0,4,1,9216,33,4811936311
3944,68888483,121724,69010207,0,4,0,1024,33,721598987
3945,68905245,4162,68909407,0,4,1,11264,33,3469708646
3946,68917056,1518,68918574,0,3,1,1536,4,1172534355
3947,68924550,104624,69029174,0,3,0,43520,4,9950556788
3948,68952870,5454,68958324,0,2,1,13824,20,10076052377
3949,68957401,4374,68961775,0,4,1,4608,33,1498678412
3950,68974442,55748,69030190,0,6,0,4096,32,877126672
3951,68990093,45596,69035689,0,0,0,1024,26,2110681346
3952,69006722,69602,69076324,0,6,0,8192,32,6318924036
3953,69013001,7706,69020707,0,4,1,8192,33,3988453309
3954,69019931,1762,69021693,0,4,1,1536,33,2999696358
3955,69040748,3422,69044170,0,3,1,3584,4,8616015511
3956,69042817,2470,69045287,0,4,1,2560,33,4897895006
3957,69049549,89744,69139293,0,6,0,14848,32,371055295
3958,69094238,45596,69139834,0,0,0,1024,26,5699347714
3959,69094587,566,69095153,0,0,1,512,26,6685499608
3960,69125660,1042,69126702,0,4,1,1024,33,3595449772
3961,69127587,43904,69171491,0,0,0,512,26,2780762613
3962,69172390,5712,69178102,0,3,1,14336,4,3405533242
3963,69175996,96980,69272976,0,6,0,18432,32,3351101116
3964,69217696,45596,69263292,0,0,0,1024,26,4404486063
3965,69248420,566,69248986,0,3,1,512,4,4612966976
3966,69276367,43904,69320271,0,0,0,512,26,3128299120
3967,69303012,44060,69347072,0,0,0,1024,26,10040172826
3968,69322689,61136,69383825,0,6,0,6656,32,4934053628
3969,69343234,1518,69344752,0,2,1,1536,20,5786785542
3970,69350689,6278,69356967,0,3,1,6656,4,7598416143
3971,69359430,3422,69362852,0,3,1,3584,4,1843083849
3972,69383725,1994,69385719,0,7,1,2048,13,7825572101
3973,69397094,101504,69498598,0,6,0,33280,32,993120987
3974,69398526,2946,69401472,0,2,1,3072,20,5463619145
3975,69483648,5712,69489360,0,2,1,14336,20,1820036468
3976,69500319,2470,69502789,0,2,1,2560,20,8454968067
3977,69509409,5802,69515211,0,8,1,6144,12,6909893711
3978,69536161,1518,69537679,0,2,1,1536,20,3391958015
3979,69556530,5802,69562332,0,3,1,6144,4,340535837
3980,69575510,100412,69675922,0,1,0,29696,26,1279526388
3981,69594659,1518,69596177,0,2,1,1536,20,3813393183
3982,69608116,566,69608682,0,9,1,512,6,1772691465
3983,69611416,43904,69655320,0,0,0,512,26,3238739372
3984,69715811,43904,69759715,0,0,0,512,26,1316923406
3985,69737185,54056,69791241,0,6,0,3584,32,9103167503
3986,69744053,6754,69750807,0,3,1,7168,4,6070321869
3987,69755774,2470,69758244,0,3,1,2560,4,9507405207
3988,69764181,5454,69769635,0,2,1,13824,20,4458950093
3989,69792456,4374,69796830,0,4,1,4608,33,5794492794
3990,69805147,3422,69808569,0,2,1,3584,20,2068461257
3991,69818411,2946,69821357,0,4,1,3072,33,9872783239
3992,69833015,47444,69880459,0,0,0,2048,26,7039453530
3993,69833081,70976,69904057,0,6,0,8704,32,8198594853
3994,69845661,1042,69846703,0,4,1,1024,33,1895719250
3995,69853294,73760,69927054,0,6,0,12800,32,7679144075
3996,69892194,1042,69893236,0,4,1,1024,33,1146497978
3997,69924248,4420,69928668,0,2,1,11776,20,3580735856
3998,69924410,4420,69928830,0,3,1,11776,4,60814
3999,69942651,2470,69945121,0,2,1,2560,20,6834378904
4000,69986534,3422,69989956,0,6,1,3584,32,2794389624
4001,70000759,2470,70003229,0,2,1,2560,20,8434254999
4002,70011923,566,70012489,0,3,1,512,4,306038469
4003,70023864,1518,70025382,0,4,1,1536,33,274842180
4004,70030728,100100,70130828,0,6,0,28672,32,9237514696
4005,70036735,43904,70080639,0,0,0,512,26,1339057866
4006,70039786,52364,70092150,0,0,0,3072,26,2627906911
4007,70046242,90841,70137083,0,6,0,20480,32,6022485548
4008,70050439,2470,70052909,0,2,1,2560,20,10286830531
4009,70050982,11791,70062773,0,4,1,19456,33,2871269307
4010,70066895,1042,70067937,0,4,1,1024,33,5145142748
4011,70071567,134651,70206218,0,6,0,48128,32,10521350843
4012,70111795,566,70112361,0,3,1,512,4,701008790
4013,70149513,1994,70151507,0,4,1,2048,33,2987498889
4014,70151494,101816,70253310,0,7,0,34304,13,8240678209
4015,70201186,4374,70205560,0,3,1,4608,4,9788404615
4016,70220008,1518,70221526,0,3,1,1536,4,7138588727
4017,70260175,4374,70264549,0,2,1,4608,20,5139993041
4018,70280182,4162,70284344,0,3,1,11264,4,5765344351
4019,70295896,64208,70360104,0,6,0,6656,32,8167182444
4020,70310940,5454,70316394,0,2,1,13824,20,7519751265
4021,70361739,68216,70429955,0,6,0,9728,32,9107854957
4022,70423053,98384,70521437,0,7,0,23040,13,5339944018
4023,70445363,43904,70489267,0,0,0,512,26,10195883719
4024,70446595,566,70447161,0,4,1,512,33,4708605045
4025,70494745,43904,70538649,0,0,0,512,26,6985876206
4026,70502197,1042,70503239,0,3,1,1024,4,2402878239
4027,70551659,2470,70554129,0,4,1,2560,33,8079578616
4028,70559205,566,70559771,0,3,1,512,4,10366479678
4029,70631753,43904,70675657,0,0,0,512,26,1734113073
4030,70671237,4374,70675611,0,2,1,4608,20,5975168414
4031,70714280,2470,70716750,0,2,1,2560,20,7866267272
4032,70725202,566,70725768,0,3,1,512,4,9580349410
4033,70725821,48980,70774801,0,0,0,2048,26,1866863817
4034,70732083,2470,70734553,0,3,1,2560,4,9781959218
4035,70732673,44060,70776733,0,0,0,1024,26,9300357979
4036,70752200,3128,70755328,0,3,1,9216,4,2541093483
4037,70774954,45596,70820550,0,0,0,1024,26,3548465599
4038,70785605,1042,70786647,0,2,1,1024,20,4064912396
4039,70799824,43904,70843728,0,0,0,512,26,2776914156
4040,70871503,127400,70998903,0,9,0,118272,6,9886282019
4041,70882772,108836,70991608,0,6,0,57344,32,9039760583
4042,70886467,43904,70930371,0,0,0,512,26,5529849485
4043,70906797,111745,71018542,0,6,0,28672,32,8670451609
4044,70945269,4937,70950206,0,3,1,12800,4,8178961200
4045,70979253,117548,71096801,0,6,0,24064,32,2378134647
4046,71010923,43904,71054827,0,0,0,512,26,10049753723
4047,71060001,48980,71108981,0,0,0,2048,26,2626059501
4048,71085131,6229,71091360,0,3,1,15360,4,9332979951
4049,71112472,566,71113038,0,2,1,512,20,7485120175
4050,71155177,43904,71199081,0,0,0,512,26,7699033730
4051,71185003,2946,71187949,0,2,1,3072,20,7455713820
4052,71196522,48980,71245502,0,6,0,2048,32,5693198762
4053,71210781,4162,71214943,0,3,1,11264,4,3067623198
4054,71255419,112424,71367843,0,1,0,69120,26,2452909102
4055,71255650,7230,71262880,0,8,1,7680,12,889789579
4056,71257719,8707,71266426,0,8,1,5632,12,9569475381
4057,71271848,4937,71276785,0,3,1,12800,4,1459507570
4058,71287121,4850,71291971,0,8,1,5120,12,5301135694
4059,71303989,43904,71347893,0,0,0,512,26,2176940603
4060,71313495,72668,71386163,0,6,0,9216,32,4666864224
4061,71329311,11791,71341102,0,6,1,19456,32,707907348
4062,71362092,21916,71384008,0,8,1,35840,12,4830618596
4063,71372791,13803,71386594,0,8,1,4096,12,770420401
4064,71393869,107432,71501301,0,1,0,52736,26,2729925057
4065,71401853,43904,71445757,0,0,0,512,26,1265862491
4066,71420040,3128,71423168,0,5,1,9216,4,10692523325
4067,71471662,106184,71577846,0,6,0,48640,32,9738716102
4068,71492669,137545,71630214,0,1,0,49152,26,7102605859
4069,71495191,120032,71615223,0,1,0,22528,26,739909616
4070,71505617,123247,71628864,0,6,0,13312,32,10295113856
4071,71524636,129593,71654229,0,1,0,13312,26,4273889759
4072,71525943,3128,71529071,0,2,1,9216,20,9267524049
4073,71574203,1518,71575721,0,8,1,1536,12,5275219251
4074,71615449,13770,71629219,0,2,1,26624,20,1816195447
4075,71684042,114296,71798338,0,6,0,75264,32,4408830232
4076,71756315,43904,71800219,0,0,0,512,26,10265127423
4077,71757727,62516,71820243,0,9,0,6144,6,3021427341
4078,71771507,45752,71817259,0,0,0,1536,26,10555979641
4079,71801910,1042,71802952,0,3,1,1024,4,9140334511
4080,71815572,5196,71820768,0,5,1,13312,4,6210799503
4081,71830772,43904,71874676,0,0,0,512,26,751491304
4082,71844510,3422,71847932,0,8,1,3584,12,3656509448
4083,71888879,3898,71892777,0,8,1,4096,12,1623161194
4084,71889416,1518,71890934,0,2,1,1536,20,7835416966
4085,71899110,1042,71900152,0,3,1,1024,4,9957276554
4086,71900385,61292,71961677,0,1,0,7168,26,6518895418
4087,71945978,3422,71949400,0,5,1,3584,4,156259500
4088,71960845,107788,72068633,0,1,0,51200,26,6640828720
4089,71988754,3645,71992399,0,2,1,10240,20,8903513528
4090,72047044,6278,72053322,0,5,1,6656,4,9989939716
4091,72055078,4679,72059757,0,8,1,12288,12,4434077915
4092,72067768,86204,72153972,0,7,0,13312,13,5441461312
4093,72162873,6754,72169627,0,8,1,7168,12,5379482742
4094,72185527,5326,72190853,0,2,1,5632,20,5094385036
4095,72226419,4420,72230839,0,8,1,11776,12,8849661767
4096,72239895,3422,72243317,0,3,1,3584,4,6310716416
4097,72266229,43904,72310133,0,5,0,512,4,7167141758
4098,72272523,5712,72278235,0,0,1,14336,26,3732879104
4099,72308718,1518,72310236,0,3,1,1536,4,3871279101
4100,72322754,1994,72324748,0,3,1,2048,4,9791745580
4101,72332885,43904,72376789,0,5,0,512,4,604978146
4102,72333925,3898,72337823,0,2,1,4096,20,3701835907
4103,72339317,43904,72383221,0,5,0,512,4,9941890179
4104,72392712,45596,72438308,0,5,0,1024,4,9336983286
4105,72403389,7230,72410619,0,2,1,7680,20,836854737
4106,72405419,4850,72410269,0,9,1,5120,6,10669277918
4107,72518910,1042,72519952,0,3,1,1024,4,3728077113
4108,72553643,566,72554209,0,3,1,512,4,9831312392
4109,72574545,1518,72576063,0,3,1,1536,4,6608164402
4110,72664350,10241,72674591,0,2,1,16384,20,6277177519
4111,72694449,104624,72799073,0,9,0,43520,6,10610946801
4112,72859454,47288,72906742,0,0,0,1536,26,338925149
4113,72865066,6278,72871344,0,2,1,6656,20,5257045589
4114,72967988,102128,73070116,0,6,0,35328,32,7756086304
4115,72974576,104447,73079023,0,6,0,29184,32,7434104488
4116,72979791,13600,72993391,0,2,1,23040,20,9096451834
4117,73069420,201200,73270620,0,8,0,199168,12,404793678
4118,73073563,125357,73198920,0,8,0,9216,12,8943755224
4119,73084789,1518,73086307,0,2,1,1536,20,9093493561
4120,73088800,45596,73134396,0,0,0,1024,26,9991413580
4121,73111499,115544,73227043,0,6,0,79360,32,5935082360
4122,73165914,43904,73209818,0,0,0,512,26,4035573749
4123,73166122,109928,73276050,0,7,0,60928,13,1214020141
4124,73218690,45596,73264286,0,0,0,1024,26,4870206460
4125,73243514,1518,73245032,0,6,1,1536,32,2642875105
4126,73248380,1042,73249422,0,3,1,1024,4,2630200978
4127,73274003,1042,73275045,0,3,1,1024,4,9177185185
4128,73274211,110240,73384451,0,6,0,61952,32,4300873209
4129,73302892,5326,73308218,0,3,1,5632,4,8197756276
4130,73366048,120068,73486116,0,8,0,94208,12,9917733820
4131,73367070,1518,73368588,0,9,1,1536,6,1113802964
4132,73375710,5326,73381036,0,2,1,5632,20,2987551460
4133,73378453,8936,73387389,0,6,1,3072,32,2592396349
4134,73384533,3904,73388437,0,5,1,10752,4,5505598952
4135,73384737,83270,73468007,0,2,0,16384,20,6807759725
4136,73403660,1994,73405654,0,1,1,2048,26,6315356881
4137,73421857,1518,73423375,0,5,1,1536,4,9775977201
4138,73430721,61760,73492481,0,8,0,8704,12,6792973746
4139,73479699,5326,73485025,0,6,1,5632,32,10294267960
4140,73508351,1042,73509393,0,6,1,1024,32,10443034729
4141,73509567,64208,73573775,0,2,0,6656,20,1971491561
4142,73517068,111644,73628712,0,8,0,66560,12,6475000558
4143,73531157,13253,73544410,0,6,1,25600,32,9819928267
4144,73537110,98696,73635806,0,2,0,24064,20,7644084655
4145,73540125,5271,73545396,0,6,1,1536,32,10317467155
4146,73540852,116334,73657186,0,6,0,16384,32,6677008064
4147,73545392,2946,73548338,0,2,1,3072,20,6496351726
4148,73592249,5971,73598220,0,9,1,14848,6,10691095394
4149,73593695,1994,73595689,0,2,1,2048,20,9805924165
4150,73599006,106622,73705628,0,2,0,35328,20,5657060288
4151,73636420,104000,73740420,0,8,0,41472,12,8955317368
4152,73655599,45752,73701351,0,0,0,1536,26,9735964411
4153,73660311,6278,73666589,0,2,1,6656,20,4789694686
4154,73696137,3422,73699559,0,6,1,3584,32,7858289594
4155,73720804,54368,73775172,0,8,0,2048,12,10628901434
4156,73725411,4420,73729831,0,2,1,11776,20,5147629762
4157,73727761,3645,73731406,0,6,1,10240,32,10362820402
4158,73777996,10757,73788753,0,2,1,17408,20,10662034303
4159,73807068,72848,73879916,0,8,0,14848,12,4229562349
4160,73813336,2946,73816282,0,2,1,3072,20,8433558094
4161,73847513,566,73848079,0,2,1,512,20,9491723690
4162,73860735,1518,73862253,0,2,1,1536,20,2676469862
4163,73892414,55748,73948162,0,6,0,4096,32,2478242594
4164,73914557,75008,73989565,0,7,0,16896,13,8987945901
4165,73972014,566,73972580,0,9,1,512,6,3352428203
4166,73976036,43904,74019940,0,4,0,512,33,1413157457
4167,74015656,80552,74096208,0,2,0,19968,20,6631869387
4168,74028473,116636,74145109,0,3,0,82944,4,10032039881
4169,74072442,47288,74119730,0,4,0,1536,33,1360451635
4170,74089646,45752,74135398,0,0,0,1536,26,2638243613
4171,74119826,2470,74122296,0,9,1,2560,6,1647048936
4172,74121005,145558,74266563,0,2,0,31744,20,8711683324
4173,74132910,108056,74240966,0,8,0,54784,12,1399370559
4174,74134807,143003,74277810,0,2,0,36864,20,1437178862
4175,74155821,136031,74291852,0,8,0,24064,12,4270380773
4176,74165824,43904,74209728,0,4,0,512,33,4135839314
4177,74185374,3898,74189272,0,9,1,4096,6,10143856951
4178,74195042,104695,74299737,0,2,0,23552,20,9601632562
4179,74250781,43904,74294685,0,0,0,512,26,944929590
4180,74261772,212550,74474322,0,2,0,183808,20,5535471589
4181,74267660,120252,74387912,0,8,0,54784,12,7309067771
4182,74330038,119536,74449574,0,8,0,29184,12,9885749253
4183,74331433,4374,74335807,0,2,1,4608,20,4299461102
4184,74339108,43904,74383012,0,4,0,512,33,5649493375
4185,74343666,7230,74350896,0,2,1,7680,20,6211704112
4186,74347775,105999,74453774,0,8,0,7680,12,5850707205
4187,74369860,12308,74382168,0,9,1,20480,6,1655507702
4188,74375415,137729,74513144,0,8,0,50176,12,4764563610
4189,74409222,45596,74454818,0,4,0,1024,33,10097318352
4190,74436923,145059,74581982,0,8,0,48128,12,5319485361
4191,74458232,104862,74563094,0,8,0,16384,12,6507392393
4192,74466778,88462,74555240,0,8,0,4608,12,1484633136
4193,74481781,161107,74642888,0,8,0,25088,12,6603288271
4194,74494933,1042,74495975,0,1,1,1024,26,2382371249
4195,74531063,566,74531629,0,9,1,512,6,626968780
4196,74568286,125164,74693450,0,8,0,23552,12,7571544809
4197,74578769,1994,74580763,0,3,1,2048,4,3403969145
4198,74616793,2946,74619739,0,8,1,3072,12,2333657541
4199,74618619,3422,74622041,0,3,1,3584,4,8611773495
4200,74621713,1994,74623707,0,6,1,2048,32,2492236400
4201,74642673,3422,74646095,0,6,1,3584,32,2722925519
4202,74646937,43904,74690841,0,4,0,512,33,4168465705
4203,74686222,1518,74687740,0,3,1,1536,4,9849185747
4204,74702532,47288,74749820,0,0,0,1536,26,8283486153
4205,74706498,5802,74712300,0,0,1,6144,26,7655775389
4206,74709752,5802,74715554,0,9,1,6144,6,3390175225
4207,74721114,60824,74781938,0,8,0,5632,12,3755081518
4208,74748375,566,74748941,0,5,1,512,4,3635969999
4209,74761661,4374,74766035,0,3,1,4608,4,9235865327
4210,74768522,3422,74771944,0,5,1,3584,4,2342021096
4211,74789588,4850,74794438,0,9,1,5120,6,8127308795
4212,74796571,2946,74799517,0,9,1,3072,6,9451744939
4213,74797863,2320,74800183,0,9,1,1024,6,8635888004
4214,74802994,2946,74805940,0,0,1,3072,26,9123088035
4215,74812049,2946,74814995,0,3,1,3072,4,4754691351
4216,74835887,45596,74881483,0,4,0,1024,33,574624868
4217,74896623,5326,74901949,0,3,1,5632,4,5724756439
4218,74898038,5537,74903575,0,3,1,2560,4,9345624839
4219,74901255,2666,74903921,0,3,1,512,4,8797525371
4220,74915714,48980,74964694,0,4,0,2048,33,6910255096
4221,74916477,4162,74920639,0,9,1,11264,6,2228419883
4222,74930764,43904,74974668,0,4,0,512,33,9533475547
4223,74947176,2470,74949646,0,3,1,2560,4,5077134752
4224,74948047,566,74948613,0,8,1,512,12,7602015923
4225,74950515,5802,74956317,0,5,1,6144,4,9839219700
4226,74989935,45596,75035531,0,4,0,1024,33,7215270319
4227,75025152,1994,75027146,0,5,1,2048,4,5984650388
4228,75063137,4850,75067987,0,9,1,5120,6,1288365702
4229,75064231,47288,75111519,0,4,0,1536,33,1529893255
4230,75081552,5802,75087354,0,7,1,6144,13,7802257216
4231,75105221,43904,75149125,0,0,0,512,26,4226286025
4232,75131372,4374,75135746,0,7,1,4608,13,4165598557
4233,75143158,3898,75147056,0,3,1,4096,4,8642809649
4234,75155808,1042,75156850,0,8,1,1024,12,10304126897
4235,75157197,5802,75162999,0,5,1,6144,4,5123347256
4236,75162887,2946,75165833,0,8,1,3072,12,2200199479
4237,75186706,3898,75190604,0,0,1,4096,26,894798462
4238,75192808,2946,75195754,0,9,1,3072,6,6505325163
4239,75197041,3898,75200939,0,0,1,4096,26,2436165129
4240,75213847,43904,75257751,0,4,0,512,33,7238855187
4241,75225827,1994,75227821,0,0,1,2048,26,9108637846
4242,75293806,4374,75298180,0,9,1,4608,6,158949456
4243,75304016,43904,75347920,0,4,0,512,33,4788197833
4244,75397432,2946,75400378,0,7,1,3072,13,432152744
4245,75451552,10499,75462051,0,9,1,16896,6,5268412199
4246,75482728,3898,75486626,0,9,1,4096,6,7003230736
4247,75496518,6488,75503006,0,5,1,15872,4,1085472494
4248,75548416,566,75548982,0,7,1,512,13,6379299150
4249,75628754,47288,75676042,0,0,0,1536,26,4861675711
4250,75674631,47288,75721919,0,0,0,1536,26,6516482281
4251,75686129,281285,75967414,0,2,0,35328,20,2174840781
4252,75703009,253626,75956635,0,2,0,264192,20,3407963234
4253,75711664,5802,75717466,0,1,1,6144,26,647627587
4254,75713520,2946,75716466,0,7,1,3072,13,6760842257
4255,75761213,164332,75925545,0,7,0,33280,13,6518080504
4256,75797570,192415,75989985,0,7,0,83456,13,6600824547
4257,75826550,1042,75827592,0,4,1,1024,33,2045204912
4258,75852605,1518,75854123,0,2,1,1536,20,4241956625
4259,75873026,3387,75876413,0,4,1,9728,33,7026289402
4260,75881155,3645,75884800,0,6,1,10240,32,1928777110
4261,75903348,96848,76000196,0,7,0,23040,13,6509843838
4262,75925109,154065,76079174,0,7,0,54272,13,1710179682
4263,75952701,1994,75954695,0,4,1,2048,33,986462916
4264,75956572,7230,75963802,0,7,1,7680,13,7766307284
4265,75978124,1518,75979642,0,6,1,1536,32,4327041927
4266,75994614,17882,76012496,0,7,1,20480,13,1006313990
4267,75999262,1994,76001256,0,6,1,2048,32,1178625711
4268,76001899,5454,76007353,0,9,1,13824,6,9246322382
4269,76017849,147935,76165784,0,7,0,22016,13,5091873989
4270,76037096,1518,76038614,0,6,1,1536,32,3902665529
4271,76055831,2946,76058777,0,9,1,3072,6,3480300437
4272,76095388,2946,76098334,0,6,1,3072,32,1118164061
4273,76099784,1042,76100826,0,0,1,1024,26,6807956302
4274,76137766,1042,76138808,0,7,1,1024,13,8157892990
4275,76222685,5802,76228487,0,6,1,6144,32,10442723447
4276,76303571,1042,76304613,0,6,1,1024,32,9163052526
4277,76316520,109616,76426136,0,7,0,59904,13,9630724423
4278,76369023,101192,76470215,0,7,0,32256,13,5010963927
4279,76372787,84171,76456958,0,7,0,8704,13,951659887
4280,76373141,3645,76376786,0,7,1,10240,13,8600789702
4281,76407524,110241,76517765,0,7,0,10752,13,2086783786
4282,76414665,1518,76416183,0,9,1,1536,6,6343731992
4283,76421110,3128,76424238,0,0,1,9216,26,1435389328
4284,76452213,114920,76567133,0,3,0,77312,4,2925451988
4285,76460451,10757,76471208,0,6,1,17408,32,1355885683
4286,76463764,84571,76548335,0,7,0,4096,13,4955654194
4287,76484227,6488,76490715,0,6,1,15872,32,9843663706
4288,76503572,121791,76625363,0,3,0,40448,4,3757958349
4289,76522921,2470,76525391,0,7,1,2560,13,5587822871
4290,76525352,5326,76530678,0,7,1,5632,13,4221606317
4291,76534601,59912,76594513,0,7,0,7680,13,7374532056
4292,76545803,1994,76547797,0,9,1,2048,6,2593701526
4293,76548178,78292,76626470,0,3,0,3584,4,8972809542
4294,76599449,4850,76604299,0,6,1,5120,32,3983575892
4295,76607151,5712,76612863,0,7,1,14336,13,1268930016
4296,76627597,2470,76630067,0,9,1,2560,6,9258452410
4297,76642632,3128,76645760,0,0,1,9216,26,4647208215
4298,76644324,4162,76648486,0,6,1,11264,32,4588019789
4299,76698675,3422,76702097,0,4,1,3584,33,1125623737
4300,76715739,4850,76720589,0,0,1,5120,26,3820279036
4301,76720123,6278,76726401,0,6,1,6656,32,6245697482
4302,76725669,99944,76825613,0,7,0,28160,13,859068572
4303,76728628,7230,76735858,0,0,1,7680,26,344335284
4304,76741357,45752,76787109,0,7,0,1536,13,3723886366
4305,76741806,6229,76748035,0,2,1,15360,20,937894297
4306,76770658,132535,76903193,0,7,0,48640,13,9097917836
4307,76836008,13600,76849608,0,4,1,23040,33,9998584135
4308,76848808,2470,76851278,0,0,1,2560,26,1568216004
4309,76849719,5802,76855521,0,7,1,6144,13,1630725423
4310,76860472,5326,76865798,0,2,1,5632,20,8011398865
4311,76879562,128804,77008366,0,7,0,122880,13,3804156067
4312,76888608,165796,77054404,0,7,0,40960,13,3451252471
4313,76906372,4374,76910746,0,6,1,4608,32,1302399737
4314,76912811,5196,76918007,0,2,1,13312,20,10297382277
4315,76924556,566,76925122,0,4,1,512,33,4745303361
4316,76982622,2470,76985092,0,2,1,2560,20,8293225657
4317,76989790,11274,77001064,0,4,1,18432,33,1187221418
4318,77001354,1518,77002872,0,6,1,1536,32,552001886
4319,77032744,6754,77039498,0,7,1,7168,13,3225462227
4320,77053585,105716,77159301,0,3,0,47104,4,5826231518
4321,77058056,3422,77061478,0,9,1,3584,6,9249947244
4322,77088665,153856,77242521,0,3,0,25600,4,8439057757
4323,77097441,3422,77100863,0,0,1,3584,26,6910609047
4324,77108819,4850,77113669,0,2,1,5120,20,8715513919
4325,77135016,5326,77140342,0,9,1,5632,6,1692745250
4326,77150055,566,77150621,0,1,1,512,26,6582534507
4327,77170003,7706,77177709,0,0,1,8192,26,8580120573
4328,77184536,2946,77187482,0,6,1,3072,32,8133956349
4329,77184940,3208,77188148,0,6,1,1024,32,1658784869
4330,77250631,566,77251197,0,6,1,512,32,4219561287
4331,77264927,3128,77268055,0,7,1,9216,13,312956723
4332,77274710,92216,77366926,0,7,0,17920,13,9834138047
4333,77278911,3898,77282809,0,6,1,4096,32,4162146989
4334,77283110,102404,77385514,0,7,0,18432,13,7294407589
4335,77285919,107588,77393507,0,3,0,53248,4,5786622255
4336,77291299,150721,77442020,0,7,0,13312,13,1378962187
4337,77295310,142201,77437511,0,3,0,36352,4,7686740246
4338,77352508,71868,77424376,0,7,0,4096,13,1938112386
4339,77367771,1042,77368813,0,6,1,1024,32,5859117548
4340,77373382,216408,77589790,0,7,0,157696,13,736267952
4341,77373602,1518,77375120,0,4,1,1536,33,3388935243
4342,77379023,230914,77609937,0,7,0,66048,13,390218107
4343,77387394,1042,77388436,0,2,1,1024,20,10214093811
4344,77399878,3898,77403776,0,5,1,4096,4,2756022482
4345,77423787,566,77424353,0,2,1,512,20,708617742
4346,77426998,17735,77444733,0,3,1,7680,4,2738578025
4347,77435418,1994,77437412,0,6,1,2048,32,4198182037
4348,77437815,4374,77442189,0,4,1,4608,33,617632419
4349,77449272,115952,77565224,0,3,0,34816,4,9607513681
4350,77451443,177597,77629040,0,3,0,82944,4,3648758026
4351,77478265,1042,77479307,0,7,1,1024,13,1678541601
4352,77486660,79359,77566019,0,3,0,2560,4,10467973375
4353,77499289,189853,77689142,0,3,0,52224,4,10104463938
4354,77501487,566,77502053,0,7,1,512,13,56183927
4355,77518932,2870,77521802,0,9,1,8704,6,9822700940
4356,77531195,7230,77538425,0,4,1,7680,33,7447049991
4357,77564918,47288,77612206,0,5,0,1536,4,7598399786
4358,77569108,89202,77658310,0,7,0,10752,13,9674824013
4359,77576794,6754,77583548,0,4,1,7168,33,3588196706
4360,77587230,161078,77748308,0,3,0,18432,4,3250995039
4361,77593059,114038,77707097,0,3,0,58880,4,1077286100
4362,77649595,4679,77654274,0,7,1,12288,13,8139202939
4363,77674326,218440,77892766,0,7,0,14336,13,5166053221
4364,77679036,119998,77799034,0,7,0,21504,13,3204368609
4365,77689331,43904,77733235,0,5,0,512,4,3690406969
4366,77690466,5802,77696268,0,7,1,6144,13,5037702468
4367,77701446,5802,77707248,0,7,1,6144,13,1564101512
4368,77708471,45596,77754067,0,5,0,1024,4,10311245474
4369,77730387,77456,77807843,0,7,0,14848,13,3517505419
4370,77731265,1042,77732307,0,9,1,1024,6,2016124007
4371,77742528,4850,77747378,0,2,1,5120,20,7491699584
4372,77742600,108836,77851436,0,8,0,57344,12,3467841136
4373,77755396,1994,77757390,0,7,1,2048,13,9282189846
4374,77762019,188790,77950809,0,7,0,85504,13,10145653030
4375,77768364,2470,77770834,0,9,1,2560,6,5570377962
4376,77772051,45596,77817647,0,5,0,1024,4,2544703913
4377,77781319,3128,77784447,0,8,1,9216,12,4450736813
4378,77784241,219415,78003656,0,7,0,116736,13,2912960977
4379,77790303,5802,77796105,0,4,1,6144,33,1695851152
4380,77807213,43904,77851117,0,5,0,512,4,8027579416
4381,77817010,3898,77820908,0,9,1,4096,6,4626049136
4382,77826130,6488,77832618,0,6,1,15872,32,9313066659
4383,77826488,1994,77828482,0,9,1,2048,6,1746454555
4384,77849858,566,77850424,0,2,1,512,20,2244818828
4385,77857773,3422,77861195,0,8,1,3584,12,8586530766
4386,77886146,566,77886712,0,7,1,512,13,8191721595
4387,77937441,47288,77984729,0,3,0,1536,4,8452041624
4388,77938491,53144,77991635,0,8,0,5632,12,5940601432
4389,77945836,45596,77991432,0,5,0,1024,4,1919087792
4390,77947186,116168,78063354,0,3,0,81408,4,3742109944
4391,77948658,566,77949224,0,8,1,512,12,371095962
4392,77956437,566,77957003,0,2,1,512,20,6835138641
4393,77956736,613,77957349,0,2,1,512,20,1158813434
4394,77959834,3898,77963732,0,3,1,4096,4,3060340679
4395,77970352,2470,77972822,0,5,1,2560,4,7531706991
4396,77974073,43904,78017977,0,5,0,512,4,1813139845
4397,77976514,566,77977080,0,5,1,512,4,1791355288
4398,77977874,43904,78021778,0,5,0,512,4,1165975281
4399,78018176,6754,78024930,0,6,1,7168,32,7500908554
4400,78019971,566,78020537,0,7,1,512,13,10545306225
4401,78019999,4850,78024849,0,0,1,5120,26,8614904782
4402,78022720,65240,78087960,0,0,0,2560,26,1720682697
4403,78035466,5454,78040920,0,9,1,13824,6,3562660601
4404,78039223,12825,78052048,0,2,1,21504,20,10586824943
4405,78053520,106718,78160238,0,7,0,25600,13,1508103016
4406,78062165,106964,78169129,0,1,0,51200,26,5747601706
4407,78062733,1042,78063775,0,7,1,1024,13,9830006975
4408,78077008,43904,78120912,0,0,0,512,26,4500397340
4409,78092793,98072,78190865,0,7,0,22016,13,2986822137
4410,78098484,50672,78149156,0,0,0,2560,26,6220061602
4411,78098798,2470,78101268,0,6,1,2560,32,882958060
4412,78110502,70976,78181478,0,3,0,8704,4,6211827270
4413,78127073,566,78127639,0,0,1,512,26,10424066456
4414,78128853,1994,78130847,0,5,1,2048,4,9101071330
4415,78134218,6278,78140496,0,8,1,6656,12,6646238450
4416,78136484,138324,78274808,0,3,0,87040,4,4268469767
4417,78142543,12737,78155280,0,9,1,24576,6,5130363219
4418,78144671,1042,78145713,0,6,1,1024,32,2219581103
4419,78156412,45596,78202008,0,0,0,1024,26,469760412
4420,78179636,97760,78277396,0,1,0,20992,26,3831215131
4421,78192349,112731,78305080,0,1,0,61440,26,2182915505
4422,78206072,47288,78253360,0,5,0,1536,4,5332641382
4423,78214502,132732,78347234,0,3,0,96768,4,5519326650
4424,78219960,145539,78365499,0,1,0,40448,26,3633169599
4425,78243782,43904,78287686,0,5,0,512,4,9644829850
4426,78248061,157381,78405442,0,3,0,27136,4,4329969043
4427,78267295,6754,78274049,0,8,1,7168,12,7631445206
4428,78279505,91781,78371286,0,1,0,18944,26,8328221447
4429,78289301,43904,78333205,0,0,0,512,26,3109465605
4430,78298397,1042,78299439,0,6,1,1024,32,3156769890
4431,78303230,43904,78347134,0,0,0,512,26,7729008568
4432,78304797,4679,78309476,0,5,1,12288,4,2160751215
4433,78337293,45596,78382889,0,0,0,1024,26,9314497161
4434,78349030,3898,78352928,0,9,1,4096,6,10735608498
4435,78350663,2470,78353133,0,4,1,2560,33,5414020829
4436,78364024,3898,78367922,0,6,1,4096,32,9648400743
4437,78376260,7230,78383490,0,2,1,7680,20,2810702439
4438,78410054,2946,78413000,0,5,1,3072,4,5599429449
4439,78412979,47288,78460267,0,0,0,1536,26,6897081447
4440,78417248,104000,78521248,0,7,0,41472,13,7381713503
4441,78418736,3128,78421864,0,8,1,9216,12,9015677745
4442,78432001,566,78432567,0,2,1,512,20,8537084637
4443,78432355,6754,78439109,0,0,1,7168,26,8894100505
4444,78457261,136233,78593494,0,7,0,45568,13,7793752800
4445,78464102,133931,78598033,0,7,0,14848,13,1694229176
4446,78473151,3898,78477049,0,4,1,4096,33,336640827
4447,78474322,3422,78477744,0,2,1,3584,20,2473804106
4448,78477719,5326,78483045,0,4,1,5632,33,6441118470
4449,78484408,566,78484974,0,2,1,512,20,8212784645
4450,78508352,3422,78511774,0,9,1,3584,6,10064664568
4451,78532514,1042,78533556,0,8,1,1024,12,7013335294
4452,78537166,3422,78540588,0,9,1,3584,6,2260447498
4453,78558600,5326,78563926,0,6,1,5632,32,3290398810
4454,78583247,43904,78627151,0,0,0,512,26,6245216369
4455,78602906,1042,78603948,0,8,1,1024,12,7231687734
4456,78623478,47288,78670766,0,0,0,1536,26,1773297733
4457,78630875,3898,78634773,0,8,1,4096,12,1799089225
4458,78646313,4850,78651163,0,8,1,5120,12,3526583808
4459,78649213,1994,78651207,0,6,1,2048,32,4275543602
4460,78663702,47288,78710990,0,0,0,1536,26,7118685982
4461,78666226,2470,78668696,0,0,1,2560,26,3102868525
4462,78677817,110084,78787901,0,7,0,61440,13,1113940067
4463,78689206,4420,78693626,0,9,1,11776,6,2997560963
4464,78697301,3422,78700723,0,0,1,3584,26,7901193874
4465,78700877,55748,78756625,0,2,0,4096,20,2650966127
4466,78728265,1994,78730259,0,6,1,2048,32,4448090811
4467,78735184,566,78735750,0,2,1,512,20,927016163
4468,78741587,80552,78822139,0,2,0,19968,20,10145203593
4469,78755929,3898,78759827,0,6,1,4096,32,10565093236
4470,78786843,58532,78845375,0,6,0,8192,32,5691842039
4471,78794797,99008,78893805,0,2,0,25088,20,6373751502
4472,78801183,566,78801749,0,4,1,512,33,2558341898
4473,78823333,3387,78826720,0,6,1,9728,32,9266678091
4474,78834826,3422,78838248,0,4,1,3584,33,8561398698
4475,78858253,47288,78905541,0,1,0,1536,26,2562229986
4476,78865477,3898,78869375,0,6,1,4096,32,4865582108
4477,78869962,1518,78871480,0,4,1,1536,33,8372241930
4478,78881885,75320,78957205,0,2,0,17920,20,7772416716
4479,78899568,2470,78902038,0,6,1,2560,32,8300856020
4480,78913183,222672,79135855,0,2,0,209920,20,2649864849
4481,78916494,4420,78920914,0,9,1,11776,6,7515841496
4482,78917067,1518,78918585,0,4,1,1536,33,2747734485
4483,78938453,199601,79138054,0,2,0,7168,20,8021849231
4484,78960384,7706,78968090,0,6,1,8192,32,6189998281
4485,78977800,141650,79119450,0,4,0,1024,33,3244733201
4486,78983253,1994,78985247,0,4,1,2048,33,5644645949
4487,78989701,1518,78991219,0,8,1,1536,12,10636838858
4488,79009421,1042,79010463,0,6,1,1024,32,3373785714
4489,79021976,4679,79026655,0,6,1,12288,32,5486504303
4490,79023182,7706,79030888,0,4,1,8192,33,13912412
4491,79032433,43904,79076337,0,4,0,512,33,2699590055
4492,79046918,99632,79146550,0,7,0,27136,13,5634966801
4493,79073983,5326,79079309,0,9,1,5632,6,4145164025
4494,79082968,3422,79086390,0,4,1,3584,33,10112916895
4495,79086060,105707,79191767,0,4,0,1536,33,5250827119
4496,79105742,3422,79109164,0,6,1,3584,32,6646065520
4497,79121572,170216,79291788,0,1,0,142848,26,3722641799
4498,79121697,1994,79123691,0,9,1,2048,6,208479581
4499,79126204,2470,79128674,0,4,1,2560,33,7798833146
4500,79141752,57440,79199192,0,9,0,4608,6,1507974061
4501,79148640,231642,79380282,0,9,0,202240,6,5905894932
4502,79156213,1042,79157255,0,6,1,1024,32,4095375292
4503,79166964,1518,79168482,0,8,1,1536,12,6193369748
4504,79186489,7230,79193719,0,8,1,7680,12,5251140393
4505,79197089,70976,79268065,0,2,0,8704,20,7538830525
4506,79218856,5196,79224052,0,4,1,13312,33,3467247533
4507,79223304,143707,79367011,0,2,0,105472,20,8703972942
4508,79233280,99788,79333068,0,7,0,27648,13,6001308462
4509,79238244,83192,79321436,0,2,0,2048,20,310992097
4510,79247183,2946,79250129,0,4,1,3072,33,8093549903
4511,79266301,2870,79269171,0,9,1,8704,6,3281908248
4512,79269329,1042,79270371,0,6,1,1024,32,5480291211
4513,79270820,1042,79271862,0,6,1,1024,32,4946170363
4514,79272057,217204,79489261,0,1,0,186880,26,9586016333
4515,79282088,298486,79580574,0,1,0,102400,26,640396362
4516,79284933,118625,79403558,0,2,0,48640,20,2373789152
4517,79302220,308789,79611009,0,1,0,99840,26,1847284092
4518,79318956,62878,79381834,0,9,1,1536,6,2321676359
4519,79344403,5454,79349857,0,4,1,13824,33,4628127641
4520,79352270,31936,79384206,0,9,1,3584,6,3992553400
4521,79357660,109911,79467571,0,2,0,30208,20,8544803194
4522,79357961,27231,79385192,0,9,1,1536,6,2440184451
4523,79361317,256103,79617420,0,1,0,20992,26,5266582235
4524,79378143,7706,79385849,0,6,1,8192,32,2550014518
4525,79380343,176658,79557001,0,2,0,95744,20,3217686589
4526,79383745,80372,79464117,0,9,0,14336,6,6367224423
4527,79430068,3898,79433966,0,5,1,4096,4,9880284133
4528,79454703,186261,79640964,0,1,0,67584,26,5061342245
4529,79460867,137631,79598498,0,2,0,89088,20,2350425017
4530,79466166,566,79466732,0,9,1,512,6,3205253990
4531,79469182,6754,79475936,0,6,1,7168,32,7104717878
4532,79510303,1518,79511821,0,6,1,1536,32,9499694431
4533,79545871,102714,79648585,0,9,0,34816,6,10091115687
4534,79553374,231969,79785343,0,9,0,104448,6,2571792243
4535,79564294,108836,79673130,0,2,0,57344,20,6010087028
4536,79566923,323342,79890265,0,9,0,193536,6,4557814720
4537,79584115,2470,79586585,0,6,1,2560,32,4145393055
4538,79615459,5326,79620785,0,9,1,5632,6,5485454289
4539,79668360,3904,79672264,0,6,1,10752,32,2982232511
4540,79672001,90601,79762602,0,2,0,24064,20,4091239785
4541,79673866,4374,79678240,0,6,1,4608,32,3258371670
4542,79776227,2946,79779173,0,6,1,3072,32,8171816445
4543,79866751,71444,79938195,0,8,0,10240,12,3737727310
4544,79924512,2946,79927458,0,1,1,3072,26,2050212278
4545,79941848,106496,80048344,0,2,0,49664,20,255433199
4546,80006968,43904,80050872,0,4,0,512,33,6176816458
4547,80011215,1042,80012257,0,1,1,1024,26,4861907596
4548,80079548,120380,80199928,0,6,0,95232,32,3225750377
4549,80136133,1518,80137651,0,1,1,1536,26,10183570133
4550,80214410,100880,80315290,0,2,0,31232,20,8841084548
4551,80245608,1518,80247126,0,1,1,1536,26,6132990798
4552,80282020,2870,80284890,0,6,1,8704,32,2699140937
4553,80332497,99632,80432129,0,2,0,27136,20,7537376368
4554,80535491,79436,80614927,0,2,0,11264,20,1395452098
4555,80592296,6754,80599050,0,1,1,7168,26,8953229467
4556,80611344,566,80611910,0,1,1,512,26,5832274653
4557,80675822,56216,80732038,0,2,0,5632,20,7038689946
4558,80691826,6754,80698580,0,0,1,7168,26,335621526
4559,80692149,43904,80736053,0,1,0,512,26,5212232233
4560,80710427,1042,80711469,0,1,1,1024,26,10634745546
4561,80725154,113204,80838358,0,2,0,71680,20,826598410
4562,80799456,1518,80800974,0,1,1,1536,26,5749950621
4563,80809572,45596,80855168,0,4,0,1024,33,803196179
4564,80819850,566,80820416,0,0,1,512,26,2648727132
4565,80859106,101036,80960142,0,2,0,31744,20,3169064442
4566,80864900,72980,80937880,0,9,0,10240,6,2766083069
4567,80870728,3128,80873856,0,1,1,9216,26,1962467552
4568,80870849,47288,80918137,0,0,0,1536,26,2675955996
4569,80901455,4937,80906392,0,0,1,12800,26,5593057289
4570,80985520,6754,80992274,0,0,1,7168,26,77032212
4571,80998442,103688,81102130,0,1,0,40448,26,1832701372
4572,81010378,104624,81115002,0,9,0,43520,6,10579469989
4573,81053905,1042,81054947,0,0,1,1024,26,3126037850
4574,81062224,566,81062790,0,0,1,512,26,1824641241
4575,81077247,87608,81164855,0,2,0,17920,20,5166226244
4576,81087785,1042,81088827,0,1,1,1024,26,7446897743
4577,81199513,55748,81255261,0,8,0,4096,12,4267816334
4578,81202447,3422,81205869,0,1,1,3584,26,7803393411
4579,81270014,78548,81348562,0,8,0,18432,12,3163116559
4580,81318347,45596,81363943,0,4,0,1024,33,4232232572
4581,81339588,102128,81441716,0,8,0,35328,12,10007650669
4582,81395491,110552,81506043,0,8,0,62976,12,691965206
4583,81440216,43904,81484120,0,4,0,512,33,10712256667
4584,81463410,12566,81475976,0,8,1,20992,12,8049270505
4585,81483663,43904,81527567,0,9,0,512,6,9809141053
4586,81508768,7706,81516474,0,0,1,8192,26,9871053807
4587,81514240,4162,81518402,0,0,1,11264,26,10112912269
4588,81529861,43904,81573765,0,4,0,512,33,2231698078
4589,81530937,566,81531503,0,1,1,512,26,6970026250
4590,81579832,5802,81585634,0,0,1,6144,26,207583160
4591,81599016,82844,81681860,0,6,0,17408,32,1985226869
4592,81613645,43904,81657549,0,4,0,512,33,6153014890
4593,81636888,566,81637454,0,0,1,512,26,7699557699
4594,81653912,10241,81664153,0,0,1,16384,26,9442794333
4595,81764723,97292,81862015,0,3,0,19456,4,1262057055
4596,81794733,112468,81907201,0,3,0,50688,4,3134872181
4597,81807309,6278,81813587,0,0,1,6656,26,8311865582
4598,81866653,129666,81996319,0,3,0,115200,4,10321485658
4599,81870313,127113,81997426,0,3,0,3584,4,8862025615
4600,81876988,2470,81879458,0,2,1,2560,20,4220017187
4601,81878087,121694,81999781,0,3,0,7680,4,1650267320
4602,81920144,1994,81922138,0,0,1,2048,26,1048505260
4603,81929488,109616,82039104,0,8,0,59904,12,6143127248
4604,81935254,66414,82001668,0,3,0,6144,4,8801471750
4605,81938390,63475,82001865,0,3,0,512,4,4076169382
4606,81940547,85450,82025997,0,3,0,4096,4,1746573564
4607,81951431,43904,81995335,0,4,0,512,33,4098654777
4608,81981052,4374,81985426,0,2,1,4608,20,8279322760
4609,81983320,157388,82140708,0,8,0,93696,12,8418090499
4610,82043461,6278,82049739,0,2,1,6656,20,807437792
4611,82075863,3904,82079767,0,0,1,10752,26,10523285761
4612,82078297,1816,82080113,0,0,1,512,26,8069603455
4613,82118161,1518,82119679,0,9,1,1536,6,144313740
4614,82130802,45596,82176398,0,4,0,1024,33,997503522
4615,82188937,48418,82237355,0,4,0,1536,33,9367481281
4616,82210377,43904,82254281,0,4,0,512,33,1877881361
4617,82226519,1042,82227561,0,2,1,1024,20,10319229584
4618,82232593,48142,82280735,0,4,0,512,33,1985358073
4619,82246378,5802,82252180,0,0,1,6144,26,2054737427
4620,82335657,43904,82379561,0,4,0,512,33,10473892428
4621,82345957,1042,82346999,0,2,1,1024,20,4746641312
4622,82361496,57440,82418936,0,1,0,4608,26,8237749037
4623,82366764,56489,82423253,0,4,0,512,33,9010610811
4624,82374131,5326,82379457,0,0,1,5632,26,2659135688
4625,82375233,1994,82377227,0,2,1,2048,20,8666067969
4626,82383816,82976,82466792,0,8,0,12800,12,8280506171
4627,82390036,50672,82440708,0,4,0,2560,33,10218926702
4628,82409053,4374,82413427,0,2,1,4608,20,9018730869
4629,82419857,5971,82425828,0,0,1,14848,26,483113415
4630,82426960,112580,82539540,0,1,0,69632,26,9504114330
4631,82439506,47288,82486794,0,4,0,1536,33,4093453462
4632,82452963,1042,82454005,0,8,1,1024,12,10577537534
4633,82458878,3898,82462776,0,8,1,4096,12,7076211949
4634,82478126,5712,82483838,0,0,1,14336,26,5829353070
4635,82481328,4162,82485490,0,3,1,11264,4,7338245589
4636,82481341,2946,82484287,0,2,1,3072,20,8466923932
4637,82482796,44060,82526856,0,4,0,1024,33,5159926173
4638,82508072,199917,82707989,0,8,0,72192,12,8031628546
4639,82512118,127154,82639272,0,1,0,97280,26,3069303355
4640,82521828,130401,82652229,0,3,0,1024,4,5622745328
4641,82556026,566,82556592,0,8,1,512,12,2889487780
4642,82566254,52364,82618618,0,4,0,3072,33,1112131640
4643,82566649,131633,82698282,0,1,0,62976,26,3368750890
4644,82590985,166619,82757604,0,1,0,29696,26,6787190324
4645,82618993,3128,82622121,0,2,1,9216,20,3347013006
4646,82623999,57197,82681196,0,0,0,1536,26,9655517073
4647,82635237,5326,82640563,0,0,1,5632,26,3207625355
4648,82652810,74228,82727038,0,3,0,14336,4,4673199860
4649,82658531,163171,82821702,0,1,0,97792,26,5006675086
4650,82674824,1042,82675866,0,8,1,1024,12,5431481239
4651,82694768,14255,82709023,0,8,1,1024,12,1719399699
4652,82721113,15062,82736175,0,0,1,29184,26,3985698912
4653,82746444,1518,82747962,0,0,1,1536,26,9669245456
4654,82746785,2803,82749588,0,0,1,2560,26,3131256987
4655,82756942,45752,82802694,0,0,0,1536,26,4679997948
4656,82760887,1042,82761929,0,2,1,1024,20,9120675883
4657,82783286,45596,82828882,0,0,0,1024,26,6299947398
4658,82807161,99788,82906949,0,3,0,27648,4,9308790127
4659,82812756,104000,82916756,0,8,0,41472,12,4149008705
4660,82819485,106340,82925825,0,3,0,49152,4,9489769695
4661,82851052,155155,83006207,0,3,0,84992,4,2487100591
4662,82856767,68594,82925361,0,0,0,1024,26,3697124768
4663,82865968,98182,82964150,0,8,0,19456,12,6963381552
4664,82870455,102758,82973213,0,8,0,29696,12,4016835554
4665,82871611,566,82872177,0,2,1,512,20,7892631008
4666,82874326,7230,82881556,0,0,1,7680,26,4154730927
4667,82876308,44311,82920619,0,0,0,512,26,7784651305
4668,82893801,1042,82894843,0,0,1,1024,26,5905976192
4669,82932328,2470,82934798,0,0,1,2560,26,344210913
4670,82948276,566,82948842,0,2,1,512,20,1034169926
4671,82949916,60824,83010740,0,1,0,5632,26,2319898527
4672,82955934,209672,83165606,0,2,0,171520,20,5992754777
4673,82957734,244235,83201969,0,2,0,119296,20,2485548705
4674,82971667,69442,83041109,0,8,0,8704,12,10249595161
4675,82979083,43904,83022987,0,0,0,512,26,8459362015
4676,82987241,121940,83109181,0,1,0,100352,26,10472366006
4677,83000948,8197,83009145,0,3,1,3072,4,7443768738
4678,83007717,43904,83051621,0,4,0,512,33,2673529497
4679,83017582,121316,83138898,0,8,0,98304,12,3060778794
4680,83027542,157700,83185242,0,8,0,89088,12,10504269772
4681,83030741,7230,83037971,0,7,1,7680,13,15859526
4682,83042253,1518,83043771,0,7,1,1536,13,10525304843
4683,83049498,70220,83119718,0,3,0,11264,4,2106177487
4684,83057714,43904,83101618,0,0,0,512,26,4089456949
4685,83071962,43904,83115866,0,0,0,512,26,7842466504
4686,83078373,6761,83085134,0,2,1,7168,20,6853558992
4687,83085070,2946,83088016,0,2,1,3072,20,1044694202
4688,83092280,47288,83139568,0,4,0,1536,33,655871243
4689,83111778,43904,83155682,0,0,0,512,26,8051018508
4690,83117882,2946,83120828,0,0,1,3072,26,5493848494
4691,83122450,17482,83139932,0,8,1,1024,12,9812152092
4692,83142140,1518,83143658,0,0,1,1536,26,10572972361
4693,83154890,164052,83318942,0,2,0,80384,20,10659875664
4694,83168157,3898,83172055,0,0,1,4096,26,6727019558
4695,83180368,113702,83294070,0,8,0,57344,12,6417378264
4696,83197492,7916,83205408,0,2,1,3584,20,3487614732
4697,83214584,178247,83392831,0,8,0,30208,12,1938347188
4698,83224335,11791,83236126,0,8,1,19456,12,2382675904
4699,83265842,43904,83309746,0,4,0,512,33,2990246283
4700,83278862,57440,83336302,0,3,0,4608,4,9021433066
4701,83297464,1518,83298982,0,8,1,1536,12,8919158156
4702,83308626,52676,83361302,0,8,0,4096,12,9350841430
4703,83314182,1518,83315700,0,8,1,1536,12,968690434
4704,83314714,9157,83323871,0,2,1,12800,20,10211524836
4705,83322806,6754,83329560,0,8,1,7168,12,10293490351
4706,83327466,1994,83329460,0,0,1,2048,26,8082026815
4707,83347833,134272,83482105,0,8,0,95232,12,4728414106
4708,83352503,56216,83408719,0,3,0,5632,4,8561170713
4709,83375179,64232,83439411,0,3,0,11776,4,2534380180
4710,83380877,4850,83385727,0,2,1,5120,20,7575200997
4711,83391505,77300,83468805,0,1,0,14336,26,3570490667
4712,83409915,43904,83453819,0,0,0,512,26,5018261106
4713,83422416,566,83422982,0,8,1,512,12,5509101958
4714,83432225,43904,83476129,0,4,0,512,33,6934961707
4715,83432945,59132,83492077,0,2,0,5120,20,9940231532
4716,83436638,91796,83528434,0,2,0,26624,20,6620945860
4717,83442914,2946,83445860,0,8,1,3072,12,3451533513
4718,83467158,120094,83587252,0,2,0,16896,20,4860047553
4719,83516519,52364,83568883,0,4,0,3072,33,4761371598
4720,83524884,104312,83629196,0,1,0,42496,26,6834669299
4721,83533614,48980,83582594,0,4,0,2048,33,5388259949
4722,83545638,5802,83551440,0,0,1,6144,26,201013700
4723,83552459,109928,83662387,0,3,0,60928,4,1339278594
4724,83554879,50672,83605551,0,0,0,2560,26,7315781878
4725,83559422,154680,83714102,0,1,0,93184,26,4708335498
4726,83619809,92684,83712493,0,8,0,19456,12,2411687926
4727,83627901,1994,83629895,0,2,1,2048,20,515102164
4728,83632643,43904,83676547,0,4,0,512,33,1856855060
4729,83638155,4850,83643005,0,0,1,5120,26,9981790545
4730,83657457,60670,83718127,0,3,0,4096,4,10682564928
4731,83674556,56694,83731250,0,1,0,1024,26,1557241546
4732,83744085,48980,83793065,0,0,0,2048,26,743871541
4733,83784867,3904,83788771,0,0,1,10752,26,6729508524
4734,83809857,76676,83886533,0,2,0,12288,20,8943644728
4735,83813834,113048,83926882,0,1,0,71168,26,5060771834
4736,83837348,50672,83888020,0,4,0,2560,33,1294403008
4737,83852218,73531,83925749,0,2,0,7680,20,3710657827
4738,83857219,92216,83949435,0,3,0,17920,4,595567875
4739,83861009,82908,83943917,0,2,0,16896,20,1103904009
4740,83872518,45596,83918114,0,0,0,1024,26,1316963913
4741,83887398,4850,83892248,0,5,1,5120,4,3405820041
4742,83905966,124041,84030007,0,2,0,72192,20,8443328408
4743,83910641,123041,84033682,0,1,0,50688,26,5672570211
4744,83920237,10241,83930478,0,0,1,16384,26,730767343
4745,83948798,53584,84002382,0,0,0,2560,26,4355443435
4746,83951686,148184,84099870,0,2,0,36864,20,6746934712
4747,83977010,76052,84053062,0,3,0,10240,4,9174618470
4748,83977841,1994,83979835,0,2,1,2048,20,4804022714
4749,83980994,3128,83984122,0,8,1,9216,12,5430073790
4750,83983172,43904,84027076,0,4,0,512,33,8591837968
4751,84004566,1518,84006084,0,5,1,1536,4,203146486
4752,84012510,59132,84071642,0,1,0,5120,26,7974053738
4753,84061941,6754,84068695,0,5,1,7168,4,9287464013
4754,84072506,48980,84121486,0,4,0,2048,33,4979177043
4755,84103514,1042,84104556,0,5,1,1024,4,6386955403
4756,84137935,1042,84138977,0,2,1,1024,20,6307314844
4757,84140249,108368,84248617,0,2,0,55808,20,2021784385
4758,84163898,1042,84164940,0,5,1,1024,4,2881348822
4759,84185069,129428,84314497,0,1,0,124928,26,5919946310
4760,84193138,2870,84196008,0,5,1,8704,4,3590862322
4761,84201514,43904,84245418,0,0,0,512,26,4520405997
4762,84222460,1994,84224454,0,5,1,2048,4,618500856
4763,84231211,151974,84383185,0,1,0,50688,26,3265099320
4764,84253734,1994,84255728,0,2,1,2048,20,2995918402
4765,84282356,164831,84447187,0,1,0,32768,26,7888797255
4766,84298553,4850,84303403,0,5,1,5120,4,6388317866
4767,84299099,47288,84346387,0,0,0,1536,26,8471257768
4768,84350007,11533,84361540,0,5,1,18944,4,17098105
4769,84370325,162548,84532873,0,1,0,86016,26,2826611738
4770,84373333,566,84373899,0,0,1,512,26,472870067
4771,84380777,101504,84482281,0,2,0,33280,20,69437191
4772,84384704,97448,84482152,0,6,0,19968,32,1131493727
4773,84411548,2946,84414494,0,5,1,3072,4,4962284891
4774,84413079,43904,84456983,0,0,0,512,26,35692422
4775,84421414,43904,84465318,0,0,0,512,26,5001349830
4776,84458571,139864,84598435,0,1,0,73216,26,10733394517
4777,84458755,103376,84562131,0,6,0,39424,32,10179278973
4778,84459167,4850,84464017,0,5,1,5120,4,2531429017
4779,84492197,43904,84536101,0,0,0,512,26,1409333342
4780,84502927,11274,84514201,0,8,1,18432,12,8697036144
4781,84504721,12706,84517427,0,8,1,5120,12,3100909470
4782,84524043,1042,84525085,0,0,1,1024,26,2434253257
4783,84549414,84536,84633950,0,2,0,17920,20,5285592595
4784,84556567,5802,84562369,0,8,1,6144,12,777308674
4785,84556688,2946,84559634,0,0,1,3072,26,1678701728
4786,84564186,566,84564752,0,8,1,512,12,8052784764
4787,84575205,49136,84624341,0,0,0,2560,26,3236299774
4788,84595414,566,84595980,0,0,1,512,26,10151382009
4789,84611486,3422,84614908,0,8,1,3584,12,7386045776
4790,84615087,4420,84619507,0,0,1,11776,26,9003023328
4791,84635182,1042,84636224,0,2,1,1024,20,10315673438
4792,84653687,7230,84660917,0,2,1,7680,20,5821612143
4793,84674487,2946,84677433,0,2,1,3072,20,9284398087
4794,84685054,3645,84688699,0,2,1,10240,20,5477413926
4795,84686285,43904,84730189,0,0,0,512,26,9675164668
4796,84746540,5326,84751866,0,8,1,5632,12,5742335992
4797,84747497,43904,84791401,0,0,0,512,26,3638769927
4798,84753821,4850,84758671,0,5,1,5120,4,2594974966
4799,84785914,566,84786480,0,2,1,512,20,8529097468
4800,84788055,11016,84799071,0,0,1,17920,26,36466474
4801,84791622,6488,84798110,0,9,1,15872,6,8055849515
4802,84794646,5410,84800056,0,9,1,3072,6,776538798
4803,84800442,3422,84803864,0,7,1,3584,13,7261182311
4804,84813419,3904,84817323,0,8,1,10752,12,9022938324
4805,84849935,4374,84854309,0,9,1,4608,6,9237903261
4806,84884414,2870,84887284,0,2,1,8704,20,4734577181
4807,84918459,52364,84970823,0,2,0,3072,20,7913056453
4808,84920962,1518,84922480,0,0,1,1536,26,8085125682
4809,84949204,47606,84996810,0,0,0,1536,26,8007060693
4810,84960794,3898,84964692,0,5,1,4096,4,7235266477
4811,84963600,2470,84966070,0,9,1,2560,6,8050061961
4812,84964798,121160,85085958,0,3,0,97792,4,2337939243
4813,84991326,7706,84999032,0,0,1,8192,26,10595827418
4814,85018543,566,85019109,0,5,1,512,4,4685245141
4815,85018965,98852,85117817,0,2,0,24576,20,2735399735
4816,85052361,1994,85054355,0,5,1,2048,4,8008311759
4817,85084089,74696,85158785,0,6,0,15872,32,3878770706
4818,85084610,70064,85154674,0,2,0,10752,20,10227041483
4819,85084895,43904,85128799,0,0,0,512,26,44101621
4820,85102709,43904,85146613,0,0,0,512,26,1762026586
4821,85107936,45596,85153532,0,0,0,1024,26,1853471584
4822,85122538,50672,85173210,0,2,0,2560,20,3370422391
4823,85159486,1994,85161480,0,0,1,2048,26,1060331253
4824,85161344,52674,85214018,0,0,0,3072,26,6023687616
4825,85172060,6278,85178338,0,9,1,6656,6,4897440017
4826,85172561,4374,85176935,0,5,1,4608,4,10230020681
4827,85189568,4937,85194505,0,8,1,12800,12,8474334153
4828,85195158,4850,85200008,0,0,1,5120,26,6889513067
4829,85217672,1042,85218714,0,8,1,1024,12,4083564907
4830,85229613,89144,85318757,0,6,0,17920,32,880724773
4831,85236768,2470,85239238,0,9,1,2560,6,3333904836
4832,85263155,96980,85360135,0,8,0,18432,12,5032494875
4833,85273419,2470,85275889,0,9,1,2560,6,4298090806
4834,85278745,55748,85334493,0,2,0,4096,20,3079469423
4835,85291069,4374,85295443,0,9,1,4608,6,10138767739
4836,85308934,116575,85425509,0,6,0,68608,32,6513767997
4837,85331091,130013,85461104,0,7,0,60928,13,1759365633
4838,85335189,94190,85429379,0,7,0,2560,13,6250440281
4839,85341271,1042,85342313,0,5,1,1024,4,1407277062
4840,85351176,116183,85467359,0,7,0,20480,13,3122374768
4841,85372632,118781,85491413,0,7,0,23552,13,1207479693
4842,85386905,117104,85504009,0,6,0,84480,32,5967692326
4843,85403022,70220,85473242,0,2,0,11264,20,9107213462
4844,85403996,108113,85512109,0,6,0,10240,32,9459263391
4845,85409222,3645,85412867,0,9,1,10240,6,3004444974
4846,85413817,43904,85457721,0,0,0,512,26,5017962250
4847,85417971,45596,85463567,0,0,0,1024,26,4559927858
4848,85430963,1994,85432957,0,5,1,2048,4,8169708639
4849,85454919,4937,85459856,0,8,1,12800,12,7041510286
4850,85457074,4664,85461738,0,8,1,8704,12,5667201942
4851,85493946,92528,85586474,0,1,0,18944,26,2910337154
4852,85508418,566,85508984,0,8,1,512,12,8158579461
4853,85516684,2470,85519154,0,9,1,2560,6,164233474
4854,85522425,2470,85524895,0,5,1,2560,4,3099863566
4855,85557775,4374,85562149,0,8,1,4608,12,1947707321
4856,85559817,2946,85562763,0,4,1,3072,33,4965952921
4857,85563533,3904,85567437,0,5,1,10752,4,8515729333
4858,85576759,5802,85582561,0,9,1,6144,6,527211425
4859,85595700,101348,85697048,0,6,0,32768,32,3355470978
4860,85628291,165057,85793348,0,6,0,49152,32,9722796668
4861,85633422,566,85633988,0,5,1,512,4,2833485917
4862,85669091,43904,85712995,0,0,0,512,26,3930249902
4863,85680468,1994,85682462,0,8,1,2048,12,9097893177
4864,85727123,11016,85738139,0,9,1,17920,6,1163246843
4865,85755225,90860,85846085,0,2,0,23552,20,4653061507
4866,85757235,43904,85801139,0,0,0,512,26,8841835756
4867,85761874,3422,85765296,0,5,1,3584,4,8998100104
4868,85765685,1518,85767203,0,5,1,1536,4,3732366616
4869,85766832,45596,85812428,0,0,0,1024,26,3491238899
4870,85767364,5196,85772560,0,5,1,13312,4,1840897202
4871,85769731,101192,85870923,0,6,0,32256,32,490821531
4872,85777303,3128,85780431,0,1,1,9216,26,4552384723
4873,85801366,6754,85808120,0,8,1,7168,12,9443179924
4874,85819476,1518,85820994,0,9,1,1536,6,7722807190
4875,85829968,5326,85835294,0,8,1,5632,12,10669191619
4876,85855292,96848,85952140,0,7,0,23040,13,5595436223
4877,85857652,43904,85901556,0,0,0,512,26,9577951378
4878,85871999,70844,85942843,0,6,0,13312,32,10727101041
4879,85876013,1994,85878007,0,8,1,2048,12,338251952
4880,85912588,50984,85963572,0,0,0,3584,26,10533129878
4881,85914579,566,85915145,0,1,1,512,26,5550820532
4882,85920413,47288,85967701,0,0,0,1536,26,2580279035
4883,85928734,12308,85941042,0,8,1,20480,12,4440145694
4884,85931159,1042,85932201,0,5,1,1024,4,7649327989
4885,85955097,57999,86013096,0,0,0,2560,26,845451315
4886,85964440,2870,85967310,0,8,1,8704,12,5297059733
4887,85967294,2946,85970240,0,1,1,3072,26,2000564413
4888,86015097,50672,86065769,0,0,0,2560,26,7572297904
4889,86021325,118352,86139677,0,2,0,88576,20,9927755803
4890,86028305,3645,86031950,0,9,1,10240,6,777176924
4891,86040072,10757,86050829,0,1,1,17408,26,6768128052
4892,86052269,128804,86181073,0,7,0,122880,13,4641415564
4893,86060109,79895,86140004,0,2,0,1024,20,4613510182
4894,86127987,5802,86133789,0,5,1,6144,4,2175992552
4895,86132467,55748,86188215,0,6,0,4096,32,240989299
4896,86138274,5196,86143470,0,8,1,13312,12,10008331895
4897,86181786,5326,86187112,0,8,1,5632,12,1499945597
4898,86188143,43904,86232047,0,0,0,512,26,5223355911
4899,86200438,4850,86205288,0,8,1,5120,12,7964007877
4900,86213726,45596,86259322,0,6,0,1024,32,4210980601
4901,86217033,5326,86222359,0,1,1,5632,26,2491532348
4902,86231949,99008,86330957,0,6,0,25088,32,2126657936
4903,86237353,15579,86252932,0,9,1,30208,6,7828701351
4904,86265787,81596,86347383,0,2,0,13312,20,727674429
4905,86267619,85284,86352903,0,2,0,11264,20,6703906905
4906,86297206,3422,86300628,0,5,1,3584,4,8103333856
4907,86317445,1518,86318963,0,1,1,1536,26,8383302816
4908,86351933,118664,86470597,0,6,0,89600,32,4470957957
4909,86395630,107900,86503530,0,2,0,54272,20,370687322
4910,86426492,5802,86432294,0,8,1,6144,12,1130417404
4911,86436205,5802,86442007,0,5,1,6144,4,1679579281
4912,86447830,45596,86493426,0,0,0,1024,26,8364576679
4913,86501931,566,86502497,0,8,1,512,12,6669311732
4914,86504814,2470,86507284,0,1,1,2560,26,9250358509
4915,86541862,103532,86645394,0,2,0,39936,20,8965086732
4916,86553041,95644,86648685,0,2,0,10752,20,2982351110
4917,86558060,97972,86656032,0,2,0,24064,20,1707943820
4918,86581878,3904,86585782,0,8,1,10752,12,8240275016
4919,86610371,62516,86672887,0,1,0,6144,26,645101614
4920,86647616,5712,86653328,0,4,1,14336,33,5050588143
4921,86666414,4374,86670788,0,8,1,4608,12,912950501
4922,86672789,2560,86675349,0,1,1,2560,26,10019374749
4923,86692474,566,86693040,0,5,1,512,4,5514946311
4924,86728967,110084,86839051,0,6,0,61440,32,4362121109
4925,86738260,108836,86847096,0,2,0,57344,20,3094420808
4926,86759151,4850,86764001,0,8,1,5120,12,7050738545
4927,86768325,3387,86771712,0,1,1,9728,26,2468457026
4928,86773914,566,86774480,0,1,1,512,26,6190126252
4929,86801437,5326,86806763,0,2,1,5632,20,87654323
4930,86806641,11016,86817657,0,2,1,17920,20,4305169186
4931,86813170,2870,86816040,0,8,1,8704,12,7571438632
4932,86819967,104157,86924124,0,2,0,25600,20,5391787337
4933,86833214,1042,86834256,0,5,1,1024,4,10094856819
4934,86834409,3898,86838307,0,8,1,4096,12,7760687614
4935,86890164,1042,86891206,0,5,1,1024,4,7934908855
4936,86933186,1994,86935180,0,2,1,2048,20,5492915293
4937,86965482,77324,87042806,0,1,0,19456,26,4602111851
4938,86973367,5196,86978563,0,5,1,13312,4,5935564813
4939,86977982,56528,87034510,0,2,0,6656,20,8982916852
4940,86995006,7230,87002236,0,8,1,7680,12,3972028281
4941,86995844,11218,87007062,0,8,1,7680,12,8704424488
4942,87000763,7925,87008688,0,8,1,2560,12,10704560121
4943,87025650,3422,87029072,0,8,1,3584,12,3657585691
4944,87039356,82976,87122332,0,2,0,12800,20,8209818683
4945,87086798,3128,87089926,0,8,1,9216,12,2168744625
4946,87134629,12049,87146678,0,5,1,19968,4,3883914217
4947,87159168,59912,87219080,0,2,0,7680,20,8710789874
4948,87255485,3898,87259383,0,0,1,4096,26,9565041765
4949,87258458,55748,87314206,0,6,0,4096,32,8798808772
4950,87313639,566,87314205,0,5,1,512,4,2475601621
4951,87323219,76232,87399451,0,6,0,15872,32,252840173
4952,87328284,3898,87332182,0,3,1,4096,4,8552388748
4953,87331158,75140,87406298,0,6,0,12288,32,3809532716
4954,87347964,11533,87359497,0,5,1,18944,4,3620468006
4955,87375200,5802,87381002,0,8,1,6144,12,8291536434
4956,87404826,2946,87407772,0,3,1,3072,4,153410027
4957,87424184,65900,87490084,0,2,0,7168,20,2850894978
4958,87434815,5326,87440141,0,5,1,5632,4,355918435
4959,87460625,3898,87464523,0,5,1,4096,4,9389310252
4960,87500790,1042,87501832,0,5,1,1024,4,1400078510
4961,87514394,4679,87519073,0,3,1,12288,4,1744220494
4962,87517856,4229,87522085,0,3,1,4096,4,2223236680
4963,87522495,10499,87532994,0,5,1,16896,4,5666107854
4964,87602263,7706,87609969,0,3,1,8192,4,5070748434
4965,87605823,4679,87610502,0,8,1,12288,12,7054178421
4966,87607837,4725,87612562,0,8,1,3072,12,75432122
4967,87609967,2870,87612837,0,5,1,8704,4,3322223103
4968,87610903,2946,87613849,0,3,1,3072,4,7370789533
4969,87612752,2723,87615475,0,3,1,2560,4,933554361
4970,87626745,1042,87627787,0,8,1,1024,12,5758078749
4971,87632974,4374,87637348,0,8,1,4608,12,2898460476
4972,87691789,119912,87811701,0,6,0,93696,32,9662002457
4973,87693481,566,87694047,0,5,1,512,4,1021482118
4974,87707753,50672,87758425,0,5,0,2560,4,9575295696
4975,87757087,81308,87838395,0,2,0,17408,20,10335344421
4976,87798260,2946,87801206,0,5,1,3072,4,9177199752
4977,87823513,99320,87922833,0,2,0,26112,20,9287674989
4978,87832796,91144,87923940,0,2,0,3584,20,2393256058
4979,87854786,45596,87900382,0,0,0,1024,26,7926537975
4980,87861681,108726,87970407,0,2,0,9728,20,6468084103
4981,87945399,43904,87989303,0,0,0,512,26,9859998733
4982,87950737,84068,88034805,0,6,0,16384,32,9743986612
4983,87969698,3645,87973343,0,3,1,10240,4,950132585
4984,87988257,131532,88119789,0,6,0,76288,32,5218910987
4985,88022654,566,88023220,0,5,1,512,4,3242837287
4986,88028490,63140,88091630,0,3,0,8192,4,5019409970
4987,88030808,3422,88034230,0,3,1,3584,4,7939082926
4988,88044937,43904,88088841,0,0,0,512,26,4542716386
4989,88057998,6754,88064752,0,3,1,7168,4,4994371408
4990,88072070,55748,88127818,0,2,0,4096,20,8336488380
4991,88086082,47288,88133370,0,0,0,1536,26,5175299590
4992,88090567,55748,88146315,0,6,0,4096,32,7361437959
4993,88120363,50828,88171191,0,6,0,3072,32,1195084891
4994,88139710,96224,88235934,0,3,0,20992,4,4805186932
4995,88153467,111488,88264955,0,6,0,66048,32,4571497645
4996,88164477,149006,88313483,0,6,0,64000,32,1997375156
4997,88166131,188720,88354851,0,9,0,158208,6,9063854295
4998,88167751,4374,88172125,0,0,1,4608,26,5678883737
4999,88198027,43904,88241931,0,0,0,512,26,1883628403
5000,88226890,43904,88270794,0,0,0,512,26,10422978959
5001,88228381,91948,88320329,0,6,0,9728,32,3385220381
5002,88247213,6278,88253491,0,0,1,6656,26,629859007
5003,88262936,56636,88319572,0,0,0,512,26,7240272033
5004,88293905,121160,88415065,0,1,0,97792,26,6550623812
5005,88311482,81284,88392766,0,3,0,12288,4,6447833212
5006,88317030,107097,88424127,0,9,0,8192,6,1842450212
5007,88365573,73916,88439489,0,9,0,13312,6,1299471000
5008,88366910,3898,88370808,0,0,1,4096,26,5582159835
5009,88408234,68060,88476294,0,9,0,9216,6,2176914064
5010,88410344,116792,88527136,0,2,0,83456,20,5421064461
5011,88414120,110865,88524985,0,1,0,60928,26,4950852239
5012,88438379,117738,88556117,0,9,0,82944,6,1942399923
5013,88466861,2946,88469807,0,0,1,3072,26,9727016972
5014,88481024,45596,88526620,0,0,0,1024,26,3772903580
5015,88512573,100724,88613297,0,9,0,30720,6,9436548905
5016,88520577,116606,88637183,0,9,0,72704,6,4293417111
5017,88541622,139589,88681211,0,9,0,24576,6,4679936420
5018,88545871,102752,88648623,0,6,0,37376,32,3190759692
5019,88557465,43904,88601369,0,0,0,512,26,5957221514
5020,88581047,103064,88684111,0,2,0,38400,20,7547262989
5021,88651761,43904,88695665,0,0,0,512,26,4701067062
5022,88675211,78212,88753423,0,3,0,12288,4,1846594219
5023,88699602,100568,88800170,0,1,0,30208,26,10700425553
5024,88740470,45596,88786066,0,0,0,1024,26,8879556134
5025,88788417,82820,88871237,0,2,0,12288,20,4238141247
5026,88791213,47288,88838501,0,4,0,1536,33,1684032947
5027,88825278,99476,88924754,0,9,0,26624,6,9470011500
5028,88864456,101348,88965804,0,3,0,32768,4,373021802
5029,88876638,96560,88973198,0,9,0,27136,6,1432021698
5030,88939211,84092,89023303,0,1,0,21504,26,4020212235
5031,88977620,45596,89023216,0,4,0,1024,33,7449602825
5032,88995616,103532,89099148,0,6,0,39936,32,6842000296
5033,89020808,101816,89122624,0,6,0,34304,32,7044385529
5034,89029134,86204,89115338,0,3,0,13312,4,10126738396
5035,89030507,47288,89077795,0,4,0,1536,33,10091437558
5036,89033754,110864,89144618,0,1,0,64000,26,10035256851
5037,89034328,154966,89189294,0,3,0,94720,4,5647994206
5038,89037113,45596,89082709,0,4,0,1024,33,3944597845
5039,89040451,5326,89045777,0,8,1,5632,12,1713013443
5040,89099462,47658,89147120,0,1,0,512,26,7562697011
5041,89110034,129534,89239568,0,3,0,31744,4,3195424725
5042,89140836,106496,89247332,0,2,0,49664,20,1847853322
5043,89152350,47288,89199638,0,1,0,1536,26,7716266391
5044,89160990,73916,89234906,0,6,0,13312,32,9029912906
5045,89167497,153041,89320538,0,3,0,94720,4,8371567678
5046,89171251,47444,89218695,0,0,0,2048,26,9269331417
5047,89188649,151185,89339834,0,3,0,43008,4,8479953185
5048,89200854,134684,89335538,0,1,0,132096,26,10404571168
5049,89219827,107900,89327727,0,0,0,54272,26,5168253307
5050,89234732,225036,89459768,0,1,0,150528,26,3742299933
5051,89253735,263795,89517530,0,1,0,112128,26,4428383491
5052,89254000,45596,89299596,0,4,0,1024,33,4213018099
5053,89270677,75140,89345817,0,0,0,6656,26,910667704
5054,89286704,43904,89330608,0,4,0,512,33,53227751
5055,89322375,45596,89367971,0,5,0,1024,4,8169060767
5056,89325513,99186,89424699,0,0,0,18432,26,9939957851
5057,89342467,45596,89388063,0,5,0,1024,4,4956665436
5058,89364427,43904,89408331,0,4,0,512,33,7542971194
5059,89379366,107739,89487105,0,0,0,20480,26,6122071376
5060,89391536,6754,89398290,0,2,1,7168,20,5000987699
5061,89453593,45596,89499189,0,4,0,1024,33,4403468821
5062,89454419,6278,89460697,0,9,1,6656,6,8585706994
5063,89456780,113672,89570452,0,7,0,73216,13,8052548669
5064,89458907,2470,89461377,0,4,1,2560,33,8782872434
5065,89496557,43904,89540461,0,4,0,512,33,6609443258
5066,89498962,21688,89520650,0,1,1,9216,26,10558386864
5067,89512051,99589,89611640,0,4,0,512,33,658042737
5068,89528300,4937,89533237,0,4,1,12800,33,6925982962
5069,89535063,80396,89615459,0,0,0,19456,26,1196844747
5070,89538010,1518,89539528,0,1,1,1536,26,6467503092
5071,89538883,100256,89639139,0,6,0,29184,32,1012159003
5072,89576025,82080,89658105,0,6,0,4608,32,9196785943
5073,89576387,2946,89579333,0,3,1,3072,4,5414157600
5074,89586155,566,89586721,0,4,1,512,33,3174533568
5075,89588554,123656,89712210,0,7,0,105984,13,7658772128
5076,89592580,171776,89764356,0,7,0,49152,13,5928280545
5077,89598355,50672,89649027,0,4,0,2560,33,5538787760
5078,89639922,110396,89750318,0,0,0,62464,26,6754450852
5079,89682073,4679,89686752,0,2,1,12288,20,9462070931
5080,89689508,99632,89789140,0,1,0,27136,26,7657205277
5081,89691380,108836,89800216,0,3,0,57344,4,4634035720
5082,89697208,54992,89752200,0,6,0,6656,32,7103873014
5083,89705943,111351,89817294,0,7,0,45056,13,9464715335
5084,89755073,106139,89861212,0,1,0,19456,26,10102377815
5085,89771829,95468,89867297,0,3,0,23552,4,6507269407
5086,89781503,8671,89790174,0,1,1,1024,26,3116094297
5087,89813357,69829,89883186,0,7,0,7168,13,3405045837
5088,89818264,566,89818830,0,2,1,512,20,3826026515
5089,89853356,1994,89855350,0,4,1,2048,33,8202060558
5090,89855064,49333,89904397,0,4,0,512,33,2680085768
5091,89875443,4374,89879817,0,1,1,4608,26,10295654121
5092,89886016,83600,89969616,0,7,0,14848,13,4212112665
5093,89889616,2470,89892086,0,4,1,2560,33,1105501244
5094,89893848,1042,89894890,0,1,1,1024,26,1601215801
5095,89897666,4850,89902516,0,0,1,5120,26,9659247164
5096,89911581,190280,90101861,0,6,0,163328,32,395116684
5097,89921388,55748,89977136,0,3,0,4096,4,7868083268
5098,89921539,6754,89928293,0,4,1,7168,33,8804015615
5099,89926320,66680,89993000,0,3,0,9728,4,8467427095
5100,89931908,1042,89932950,0,1,1,1024,26,9612271882
5101,89944583,81660,90026243,0,4,0,512,33,3286398040
5102,89946890,65300,90012190,0,3,0,10240,4,4262224471
5103,89960211,1518,89961729,0,1,1,1536,26,9628439718
5104,89963588,170121,90133709,0,6,0,28672,32,6545398894
5105,89969698,3898,89973596,0,4,1,4096,33,3520174651
5106,89977386,47288,90024674,0,1,0,1536,26,270035893
5107,90007019,566,90007585,0,1,1,512,26,4744570330
5108,90007482,3387,90010869,0,0,1,9728,26,758960884
5109,90046353,6229,90052582,0,0,1,15360,26,1127712220
5110,90058861,103532,90162393,0,3,0,39936,4,8316701927
5111,90081846,43904,90125750,0,7,0,512,13,985520650
5112,90095877,101972,90197849,0,3,0,34816,4,10630378579
5113,90097319,60824,90158143,0,7,0,5632,13,1648010347
5114,90105972,2946,90108918,0,2,1,3072,20,2796019946
5115,90119338,114608,90233946,0,6,0,76288,32,5925406692
5116,90132012,16613,90148625,0,1,1,32256,26,5452258185
5117,90143017,8834,90151851,0,1,1,5120,26,4383155753
5118,90146376,52268,90198644,0,3,0,2560,4,2805215444
5119,90153101,137023,90290124,0,6,0,27648,32,5271562102
5120,90153745,70976,90224721,0,7,0,8704,13,7911913863
5121,90176946,55748,90232694,0,1,0,4096,26,1490185221
5122,90196847,43904,90240751,0,4,0,512,33,9686756643
5123,90199318,181732,90381050,0,1,0,3072,26,7758262885
5124,90200365,2870,90203235,0,1,1,8704,26,3647474067
5125,90200448,566,90201014,0,0,1,512,26,5666946980
5126,90214223,113672,90327895,0,3,0,73216,4,7970007178
5127,90215438,55748,90271186,0,7,0,4096,13,229473583
5128,90232105,123390,90355495,0,3,0,62976,4,8180806695
5129,90240285,118722,90359007,0,3,0,4608,4,2501833843
5130,90245721,4374,90250095,0,1,1,4608,26,4905196484
5131,90268440,86204,90354644,0,1,0,13312,26,1919154016
5132,90271576,107744,90379320,0,7,0,53760,13,797555025
5133,90283895,1994,90285889,0,4,1,2048,33,5019373574
5134,90338169,43904,90382073,0,4,0,512,33,2504536683
5135,90374463,43904,90418367,0,4,0,512,33,3457468617
5136,90387452,1994,90389446,0,4,1,2048,33,7150615101
5137,90414797,82820,90497617,0,6,0,12288,32,10713281371
5138,90474265,76988,90551253,0,3,0,13312,4,7839848119
5139,90568547,45596,90614143,0,4,0,1024,33,6356018070
5140,90582051,2470,90584521,0,4,1,2560,33,8617723342
5141,90584402,69284,90653686,0,1,0,8192,26,9731860324
5142,90589004,102128,90691132,0,7,0,35328,13,10272694070
5143,90591584,50828,90642412,0,1,0,3072,26,3769372350
5144,90615125,566,90615691,0,4,1,512,33,8209311605
5145,90664350,98072,90762422,0,1,0,22016,26,9963837972
5146,90683400,108136,90791536,0,7,0,29696,13,6411034867
5147,90695634,173284,90868918,0,7,0,15360,13,8638863999
5148,90695908,566,90696474,0,4,1,512,33,3959283027
5149,90721984,127038,90849022,0,7,0,96256,13,3783883080
5150,90728498,2946,90731444,0,4,1,3072,33,9609517465
5151,90741628,566,90742194,0,4,1,512,33,4148170043
5152,90746470,67592,90814062,0,1,0,7680,26,10687605596
5153,90755551,59132,90814683,0,6,0,5120,32,4171317571
5154,90783098,5971,90789069,0,4,1,14848,33,8433729320
5155,90877624,105404,90983028,0,7,0,46080,13,8871887423
5156,90880906,1042,90881948,0,4,1,1024,33,2403483897
5157,90928720,84248,91012968,0,3,0,22016,4,5096818890
5158,90959722,77744,91037466,0,6,0,10752,32,7784675325
5159,90968640,71337,91039977,0,6,0,8192,32,7836235625
5160,90970502,56422,91026924,0,7,0,512,13,7740462698
5161,91000235,114505,91114740,0,6,0,71680,32,3948736652
5162,91002433,43904,91046337,0,3,0,512,4,6444630041
5163,91037965,113672,91151637,0,3,0,73216,4,7857978628
5164,91084106,6754,91090860,0,4,1,7168,33,2624890752
5165,91084865,105232,91190097,0,3,0,5632,4,9237710497
5166,91087092,4114,91091206,0,4,1,512,33,9545876448
5167,91183031,99008,91282039,0,6,0,25088,32,7382753196
5168,91261418,3422,91264840,0,9,1,3584,6,279630762
5169,91274066,1042,91275108,0,9,1,1024,6,2152212955
5170,91350556,94688,91445244,0,6,0,20992,32,3207046516
5171,91393055,76364,91469419,0,1,0,11264,26,3713890109
5172,91397309,43904,91441213,0,4,0,512,33,3078928196
5173,91436645,74360,91511005,0,6,0,9728,32,9861733990
5174,91445627,4374,91450001,0,9,1,4608,6,9817333451
5175,91470767,60824,91531591,0,7,0,5632,13,2099429204
5176,91503392,104624,91608016,0,1,0,43520,26,1279941254
5177,91512089,1994,91514083,0,9,1,2048,6,4689741931
5178,91542387,102128,91644515,0,1,0,35328,26,5478661128
5179,91567567,3898,91571465,0,0,1,4096,26,1230246018
5180,91581428,62984,91644412,0,7,0,7680,13,9511284016
5181,91585623,104312,91689935,0,0,0,42496,26,8674675724
5182,91597921,3898,91601819,0,8,1,4096,12,2116299924
5183,91603696,2470,91606166,0,0,1,2560,26,1383246247
5184,91610355,4162,91614517,0,9,1,11264,6,121493125
5185,91626115,86384,91712499,0,6,0,18944,32,9216812240
5186,91629315,208688,91838003,0,7,0,223744,13,5230343684
5187,91652677,3422,91656099,0,8,1,3584,12,8836649697
5188,91654316,20366,91674682,0,9,1,32768,6,3852958175
5189,91660567,4162,91664729,0,8,1,11264,12,8666735962
5190,91665723,144836,91810559,0,0,0,135168,26,6974961982
5191,91671711,235316,91907027,0,0,0,169472,26,3576264134
5192,91688329,3387,91691716,0,9,1,9728,6,9201185609
5193,91696591,1994,91698585,0,2,1,2048,20,4414281174
5194,91696705,54056,91750761,0,6,0,3584,32,2385896686
5195,91702241,107900,91810141,0,6,0,54272,32,3574007352
5196,91706030,2470,91708500,0,2,1,2560,20,2417367706
5197,91707487,2870,91710357,0,2,1,8704,20,2624355293
5198,91713110,11791,91724901,0,2,1,19456,20,3754010607
5199,91731610,120645,91852255,0,6,0,19968,32,297978060
5200,91732247,52364,91784611,0,1,0,3072,26,6064539747
5201,91732350,97795,91830145,0,1,0,10240,26,9152165949
5202,91752538,4162,91756700,0,2,1,11264,20,3170622458
5203,91758349,99944,91858293,0,1,0,28160,26,1743580372
5204,91759573,69284,91828857,0,3,0,8192,4,9050949579
5205,91765880,147727,91913607,0,3,0,58368,4,5911122348
5206,91787976,2470,91790446,0,9,1,2560,6,1315902137
5207,91801966,112011,91913977,0,6,0,40960,32,6813589575
5208,91802127,3898,91806025,0,8,1,4096,12,10716893650
5209,91805107,138292,91943399,0,7,0,46080,13,8159715839
5210,91816004,2946,91818950,0,2,1,3072,20,2202256483
5211,91824567,132263,91956830,0,7,0,44032,13,8908700304
5212,91835643,2870,91838513,0,8,1,8704,12,5841215346
5213,91850873,3387,91854260,0,2,1,9728,20,8638789035
5214,91884102,57440,91941542,0,1,0,4608,26,8973991696
5215,91891218,7706,91898924,0,8,1,8192,12,1191635928
5216,91902150,2470,91904620,0,2,1,2560,20,3813330832
5217,91903810,3422,91907232,0,2,1,3584,20,925281084
5218,91939155,11533,91950688,0,8,1,18944,12,4483247314
5219,91948688,20882,91969570,0,8,1,33792,12,3299764886
5220,91950123,3422,91953545,0,0,1,3584,26,9580249817
5221,91950428,4850,91955278,0,9,1,5120,6,2153171547
5222,91966778,119852,92086630,0,0,0,69632,26,10216676452
5223,91977671,7706,91985377,0,0,1,8192,26,3297717880
5224,91980812,1994,91982806,0,2,1,2048,20,1264758193
5225,91995153,3422,91998575,0,2,1,3584,20,9073095437
5226,92012007,144417,92156424,0,0,0,24064,26,654490321
5227,92015138,70376,92085514,0,7,0,11776,13,10521769876
5228,92061494,4374,92065868,0,8,1,4608,12,182417422
5229,92070668,170194,92240862,0,0,0,73216,26,4140979603
5230,92098985,6754,92105739,0,8,1,7168,12,8416466036
5231,92105422,118352,92223774,0,7,0,88576,13,10283374796
5232,92115583,110234,92225817,0,7,0,6656,13,3828764168
5233,92118311,55748,92174059,0,4,0,4096,33,9396974888
5234,92131553,45596,92177149,0,1,0,1024,26,6062030125
5235,92142030,566,92142596,0,9,1,512,6,3729510486
5236,92161553,86984,92248537,0,6,0,15872,32,10580114614
5237,92196588,3898,92200486,0,9,1,4096,6,1583546644
5238,92211791,43904,92255695,0,4,0,512,33,7964159
5239,92218263,47756,92266019,0,4,0,3072,33,3967191996
5240,92220368,97760,92318128,0,6,0,20992,32,6433433239
5241,92226251,1042,92227293,0,2,1,1024,20,9378083807
5242,92230690,2946,92233636,0,8,1,3072,12,4884465103
5243,92253425,2470,92255895,0,9,1,2560,6,2767236651
5244,92259183,90836,92350019,0,0,0,18432,26,7415494977
5245,92261886,90704,92352590,0,3,0,23040,4,4441648940
5246,92270245,176068,92446313,0,0,0,106496,26,8013461901
5247,92271877,140517,92412394,0,6,0,102400,32,555779742
5248,92327699,99632,92427331,0,7,0,27136,13,5053170232
5249,92341315,566,92341881,0,2,1,512,20,9101304719
5250,92356739,109928,92466667,0,1,0,60928,26,5136259945
5251,92377787,155683,92533470,0,7,0,71680,13,4872681661
5252,92377938,4850,92382788,0,3,1,5120,4,3661236377
5253,92394578,43904,92438482,0,4,0,512,33,8183664114
5254,92396188,130650,92526838,0,6,0,75776,32,7852454591
5255,92401842,139357,92541199,0,1,0,20992,26,2965421986
5256,92424917,54056,92478973,0,3,0,3584,4,4668506470
5257,92438016,166621,92604637,0,7,0,81408,13,3129233559
5258,92438947,72668,92511615,0,7,0,9216,13,10516881758
5259,92451572,100880,92552452,0,2,0,31232,20,2511056140
5260,92476911,1994,92478905,0,7,1,2048,13,3625751582
5261,92479347,119444,92598791,0,0,0,92160,26,9762324705
5262,92495304,4374,92499678,0,9,1,4608,6,3672270822
5263,92498900,132581,92631481,0,7,0,26112,13,7220274261
5264,92506431,1042,92507473,0,8,1,1024,12,6718335489
5265,92528985,4374,92533359,0,9,1,4608,6,879497958
5266,92549582,2946,92552528,0,3,1,3072,4,9431017509
5267,92567186,4850,92572036,0,3,1,5120,4,10331629266
5268,92581219,98228,92679447,0,6,0,22528,32,4053046450
5269,92610074,108680,92718754,0,1,0,56832,26,3111502071
5270,92623610,1518,92625128,0,8,1,1536,12,5918632555
5271,92633320,106028,92739348,0,9,0,48128,6,6567886799
5272,92635499,151903,92787402,0,9,0,68608,6,303863904
5273,92638141,151702,92789843,0,3,0,125952,4,8890941361
5274,92646616,5802,92652418,0,3,1,6144,4,2758848059
5275,92657197,115700,92772897,0,6,0,79872,32,7449670749
5276,92659367,151007,92810374,0,1,0,57856,26,1400940089
5277,92667491,107276,92774767,0,7,0,52224,13,4811478084
5278,92676670,144626,92821296,0,0,0,78336,26,1495394053
5279,92680277,167392,92847669,0,6,0,25600,32,6132825070
5280,92682103,5196,92687299,0,9,1,13312,6,1015909516
5281,92695312,96536,92791848,0,0,0,22016,26,1767421921
5282,92706736,2470,92709206,0,9,1,2560,6,5931425643
5283,92717280,275496,92992776,0,9,0,142848,6,1895293879
5284,92742608,129876,92872484,0,9,0,106496,6,10626109057
5285,92760585,120666,92881251,0,6,0,38912,32,1347131307
5286,92773995,135900,92909895,0,6,0,22016,32,2754550787
5287,92802306,61604,92863910,0,2,0,8192,20,2698945652
5288,92811524,14287,92825811,0,2,1,27648,20,234830078
5289,92812783,5712,92818495,0,3,1,14336,4,5501593898
5290,92822268,4209,92826477,0,2,1,1024,20,1371415738
5291,92828837,93020,92921857,0,0,0,25600,26,1219710218
5292,92835160,3387,92838547,0,9,1,9728,6,13326562
5293,92872946,3128,92876074,0,9,1,9216,6,3030833133
5294,92908061,566,92908627,0,3,1,512,4,9471782748
5295,92915607,126925,93042532,0,3,0,34816,4,1845317367
5296,92942770,1042,92943812,0,8,1,1024,12,1566397571
5297,92944120,84853,93028973,0,3,0,512,4,575019294
5298,92949498,49072,92998570,0,9,1,6144,6,7057334482
5299,92959225,48980,93008205,0,6,0,2048,32,4121147674
5300,92974171,101192,93075363,0,7,0,32256,13,6237612662
5301,92979011,84668,93063679,0,7,0,13312,13,3860135430
5302,93004240,4850,93009090,0,3,1,5120,4,672340838
5303,93009440,1518,93010958,0,1,1,1536,26,8741296964
5304,93030664,47288,93077952,0,9,0,1536,6,8530546310
5305,93061544,111644,93173188,0,0,0,66560,26,3869287533
5306,93105158,98384,93203542,0,6,0,23040,32,7815831705
5307,93131419,221433,93352852,0,6,0,214528,32,7414960303
5308,93135638,566,93136204,0,8,1,512,12,7059734199
5309,93143673,94338,93238011,0,6,0,4608,32,4612057887
5310,93179196,4374,93183570,0,9,1,4608,6,10144359491
5311,93182880,1042,93183922,0,1,1,1024,26,509398882
5312,93199569,2470,93202039,0,8,1,2560,12,3335956352
5313,93204890,115076,93319966,0,0,0,77824,26,7242767334
5314,93208779,179777,93388556,0,9,0,64000,6,8894976723
5315,93242228,104468,93346696,0,7,0,43008,13,4562890682
5316,93250875,77924,93328799,0,2,0,16384,20,4456116234
5317,93260329,3422,93263751,0,8,1,3584,12,5954823814
5318,93263921,16354,93280275,0,8,1,31744,12,1279666764
5319,93303141,65900,93369041,0,9,0,7168,6,3035415407
5320,93303163,2870,93306033,0,1,1,8704,26,8227401834
5321,93305769,3387,93309156,0,8,1,9728,12,393052431
5322,93315045,7706,93322751,0,9,1,8192,6,8931624766
5323,93340207,120849,93461056,0,6,0,55296,32,3065298286
5324,93350491,1042,93351533,0,9,1,1024,6,1341681636
5325,93354131,108368,93462499,0,7,0,55808,13,5497957872
5326,93362754,99565,93462319,0,6,0,4096,32,3249073300
5327,93421880,5196,93427076,0,3,1,13312,4,7848979639
5328,93423787,102516,93526303,0,7,0,20992,13,9342008550
5329,93437558,566,93438124,0,3,1,512,4,10092444055
5330,93459947,4420,93464367,0,3,1,11776,4,5297822099
5331,93469396,91928,93561324,0,0,0,22016,26,469346532
5332,93488830,170242,93659072,0,3,0,57856,4,3808073908
5333,93499536,5802,93505338,0,8,1,6144,12,8903394767
5334,93504577,94085,93598662,0,0,0,17408,26,10057117795
5335,93515682,65900,93581582,0,8,0,7168,12,6435177886
5336,93523206,4850,93528056,0,3,1,5120,4,1093869871
5337,93545291,71912,93617203,0,8,0,11776,12,3592836441
5338,93545808,95154,93640962,0,3,0,5632,4,9621693002
5339,93547475,2946,93550421,0,3,1,3072,4,5902456422
5340,93554776,115387,93670163,0,9,0,51200,6,9050429279
5341,93559603,4420,93564023,0,9,1,11776,6,9162906617
5342,93568753,114920,93683673,0,6,0,77312,32,475123503
5343,93616607,6390,93622997,0,8,1,6144,12,10329636713
5344,93620699,566,93621265,0,1,1,512,26,10634575629
5345,93623361,1518,93624879,0,9,1,1536,6,7099207169
5346,93629650,6754,93636404,0,9,1,7168,6,5296379772
5347,93633718,10757,93644475,0,1,1,17408,26,10685328374
5348,93650844,3387,93654231,0,9,1,9728,6,7670882218
5349,93654715,566,93655281,0,4,1,512,33,4666435633
5350,93655235,7706,93662941,0,7,1,8192,13,6930338554
5351,93661440,55748,93717188,0,8,0,4096,12,8385932436
5352,93676746,11533,93688279,0,1,1,18944,26,1790744965
5353,93677690,168718,93846408,0,9,0,19456,6,6102163478
5354,93678058,14087,93692145,0,1,1,6144,26,7726501398
5355,93714267,2936,93717203,0,8,1,2048,12,1722720768
5356,93723229,122695,93845924,0,8,0,54784,12,1233113691
5357,93739218,3898,93743116,0,8,1,4096,12,2958239792
5358,93741025,95336,93836361,0,9,0,28160,6,873537094
5359,93741531,50672,93792203,0,3,0,2560,4,8035788839
5360,93755422,1994,93757416,0,1,1,2048,26,2505539085
5361,93757845,85316,93843161,0,3,0,20480,4,4579563374
5362,93761916,11274,93773190,0,9,1,18432,6,9528227972
5363,93772521,7230,93779751,0,4,1,7680,33,10144857840
5364,93779525,104296,93883821,0,8,0,8192,12,1703207848
5365,93780399,1042,93781441,0,9,1,1024,6,1486714028
5366,93823695,142350,93966045,0,8,0,116736,12,9622908957
5367,93825086,1042,93826128,0,8,1,1024,12,5800475783
5368,93836307,104312,93940619,0,7,0,42496,13,1681146160
5369,93871768,3422,93875190,0,4,1,3584,33,3648996894
5370,93889277,106184,93995461,0,0,0,48640,26,9330124362
5371,93894530,2870,93897400,0,3,1,8704,4,1700508368
5372,93903480,1042,93904522,0,3,1,1024,4,2952930441
5373,93912570,5802,93918372,0,8,1,6144,12,7904867268
5374,93915670,105092,94020762,0,7,0,45056,13,7098877734
5375,93919015,566,93919581,0,3,1,512,4,2816793914
5376,93936235,94790,94031025,0,8,0,9216,12,6460823800
5377,93945528,99164,94044692,0,0,0,25600,26,6514100879
5378,93967985,1994,93969979,0,1,1,2048,26,1404451946
5379,93975465,122652,94098117,0,8,0,68096,12,2680268715
5380,93992958,80840,94073798,0,9,0,15872,6,9135408851
5381,93997680,1042,93998722,0,4,1,1024,33,8762689615
5382,94003755,108836,94112591,0,6,0,57344,32,7764383972
5383,94009080,566,94009646,0,4,1,512,33,1437869296
5384,94027759,3645,94031404,0,9,1,10240,6,5498969925
5385,94040945,99963,94140908,0,0,0,20992,26,7195909342
5386,94045159,54056,94099215,0,3,0,3584,4,10057980587
5387,94055102,108056,94163158,0,0,0,54784,26,9775710748
5388,94099514,10757,94110271,0,4,1,17408,33,793231936
5389,94107876,150392,94258268,0,0,0,106496,26,3105451215
5390,94108824,4033,94112857,0,4,1,4096,33,3898262065
5391,94121419,2470,94123889,0,4,1,2560,33,8109637933
5392,94124845,114920,94239765,0,8,0,77312,12,1293160782
5393,94127810,1994,94129804,0,9,1,2048,6,448609973
5394,94129566,1518,94131084,0,8,1,1536,12,4626113480
5395,94161877,566,94162443,0,9,1,512,6,9888797697
5396,94189666,91846,94281512,0,0,0,4096,26,2829441894
5397,94196480,131412,94327892,0,0,0,35328,26,6821494734
5398,94206556,4850,94211406,0,3,1,5120,4,3177340773
5399,94227806,4850,94232656,0,3,1,5120,4,2276784420
5400,94238714,77201,94315915,0,3,0,8192,4,423167809
5401,94282271,4374,94286645,0,9,1,4608,6,1192019501
5402,94307452,75140,94382592,0,0,0,12288,26,8520149577
5403,94309832,3128,94312960,0,1,1,9216,26,5451342103
5404,94331072,71288,94402360,0,8,0,9728,12,4095793613
5405,94334189,111488,94445677,0,0,0,66048,26,7747377505
5406,94337187,6278,94343465,0,9,1,6656,6,729313462
5407,94343030,173346,94516376,0,9,0,89088,6,130873818
5408,94345751,110084,94455835,0,3,0,61440,4,7877266822
5409,94348122,1042,94349164,0,3,1,1024,4,6366512570
5410,94353407,157370,94510777,0,3,0,44032,4,4003589348
5411,94358790,102172,94460962,0,8,0,19456,12,9880061637
5412,94365196,97812,94463008,0,9,0,2048,6,6564015498
5413,94398740,566,94399306,0,1,1,512,26,2042628291
5414,94399709,1994,94401703,0,1,1,2048,26,5524177754
5415,94407502,1994,94409496,0,1,1,2048,26,6531378121
5416,94414061,144164,94558225,0,3,0,26112,4,4355041212
5417,94422558,566,94423124,0,1,1,512,26,2442783484
5418,94423321,99944,94523265,0,0,0,28160,26,883674781
5419,94423792,4374,94428166,0,8,1,4608,12,2251328028
5420,94432467,88208,94520675,0,6,0,14848,32,9385369473
5421,94459561,101816,94561377,0,6,0,34304,32,4385273345
5422,94492124,83243,94575367,0,3,0,5632,4,4022353589
5423,94502326,20796,94523122,0,9,1,7168,6,3753053219
5424,94527172,43904,94571076,0,5,0,512,4,9670700621
5425,94540826,5712,94546538,0,9,1,14336,6,1303667477
5426,94544052,7706,94551758,0,1,1,8192,26,2175123290
5427,94544467,106496,94650963,0,0,0,49664,26,3753476693
5428,94547404,186317,94733721,0,9,0,51712,6,6580295206
5429,94548938,105560,94654498,0,8,0,46592,12,8792996645
5430,94556484,2299,94558783,0,3,1,512,4,2171260975
5431,94564145,6278,94570423,0,1,1,6656,26,4470152011
5432,94587877,2946,94590823,0,9,1,3072,6,6755345609
5433,94590634,11533,94602167,0,9,1,18944,6,9558468426
5434,94600403,2946,94603349,0,1,1,3072,26,7547995402
5435,94619268,102908,94722176,0,0,0,37888,26,3784652435
5436,94619426,4850,94624276,0,8,1,5120,12,8488238488
5437,94642172,196167,94838339,0,9,0,22016,6,1848479538
5438,94642928,116498,94759426,0,8,0,44544,12,9633233154
5439,94645520,142242,94787762,0,0,0,30208,26,1801935236
5440,94660092,93308,94753400,0,9,0,21504,6,3241281010
5441,94669696,6488,94676184,0,1,1,15872,26,6040629010
5442,94671976,14654,94686630,0,1,1,19968,26,1421205017
5443,94706902,83024,94789926,0,9,0,1024,6,10606521132
5444,94710454,3422,94713876,0,8,1,3584,12,895331851
5445,94721156,133266,94854422,0,9,0,52736,6,4493403036
5446,94728689,99445,94828134,0,8,0,24576,12,2669272437
5447,94732792,13254,94746046,0,9,1,20480,6,7642493035
5448,94734142,2946,94737088,0,8,1,3072,12,5728698525
5449,94748216,163292,94911508,0,8,0,9216,12,9942989457
5450,94781951,147274,94929225,0,8,0,39424,12,4876432372
5451,94785968,99476,94885444,0,1,0,26624,26,6036134062
5452,94791398,112139,94903537,0,8,0,34816,12,3810774459
5453,94800384,107900,94908284,0,0,0,54272,26,4489882479
5454,94804503,88307,94892810,0,9,0,4608,6,7172114622
5455,94808227,5802,94814029,0,1,1,6144,26,6964633808
5456,94810262,65768,94876030,0,3,0,11776,4,8790117938
5457,94819497,5326,94824823,0,9,1,5632,6,1815508709
5458,94820999,108553,94929552,0,8,0,1024,12,1325057819
5459,94833830,52364,94886194,0,2,0,3072,20,3348456408
5460,94842005,175347,95017352,0,9,0,24064,6,5846237112
5461,94860283,212377,95072660,0,9,0,73728,6,8107241110
5462,94866179,71156,94937335,0,0,0,14336,26,8294526060
5463,94878777,4420,94883197,0,8,1,11776,12,3324534608
5464,94889351,1518,94890869,0,8,1,1536,12,1956524390
5465,94889370,243584,95132954,0,9,0,135168,6,10654956994
5466,94894630,4374,94899004,0,1,1,4608,26,5211847379
5467,94895305,175292,95070597,0,2,0,144384,20,9689339484
5468,94912448,85136,94997584,0,0,0,14848,26,10712982946
5469,94925427,154693,95080120,0,0,0,124416,26,10173629219
5470,94952203,6754,94958957,0,8,1,7168,12,4560694476
5471,94962952,11016,94973968,0,4,1,17920,33,10574796369
5472,94993418,189030,95182448,0,9,0,69632,6,6264218766
5473,95051438,135812,95187250,0,2,0,82944,20,5733003990
5474,95051882,67928,95119810,0,3,0,13824,4,5199038161
5475,95056104,163383,95219487,0,2,0,11264,20,3289505317
5476,95081098,2946,95084044,0,1,1,3072,26,134174087
5477,95119226,566,95119792,0,1,1,512,26,5413264782
5478,95122538,176984,95299522,0,0,0,144896,26,501743747
5479,95134050,101354,95235404,0,9,0,14336,6,6906805971
5480,95139890,90056,95229946,0,3,0,15872,4,5301770555
5481,95140357,7230,95147587,0,8,1,7680,12,9680662793
5482,95144739,73868,95218607,0,8,0,3584,12,6274206961
5483,95155304,84980,95240284,0,9,0,14336,6,1610032797
5484,95193671,122759,95316430,0,9,0,31232,6,9895813639
5485,95195722,198860,95394582,0,3,0,191488,4,3188458655
5486,95196564,1994,95198558,0,7,1,2048,13,10295136486
5487,95200385,5454,95205839,0,8,1,13824,12,8457200280
5488,95204176,88100,95292276,0,2,0,24576,20,3261541480
5489,95210654,3898,95214552,0,1,1,4096,26,1437106342
5490,95211897,172301,95384198,0,8,0,512,12,6872588708
5491,95215818,195858,95411676,0,3,0,29696,4,6280275905
5492,95218232,178627,95396859,0,0,0,34816,26,10111947173
5493,95222753,126523,95349276,0,2,0,60416,20,4353646620
5494,95238363,82022,95320385,0,0,0,8704,26,9735967923
5495,95246686,95610,95342296,0,9,0,4096,6,1223028770
5496,95247030,70688,95317718,0,0,0,12800,26,9644854067
5497,95249988,70568,95320556,0,0,0,512,26,9169759153
5498,95263246,172724,95435970,0,3,0,27648,4,8163077205
5499,95300008,86228,95386236,0,0,0,18432,26,1589333831
5500,95300412,4374,95304786,0,9,1,4608,6,7672942929
5501,95314664,6437,95321101,0,9,1,12288,6,9770735004
5502,95350131,168501,95518632,0,3,0,91136,4,75389377
5503,95362161,81596,95443757,0,2,0,13312,20,5102466887
5504,95389828,566,95390394,0,1,1,512,26,1774289580
5505,95443365,102752,95546117,0,9,0,37376,6,4026470959
5506,95446823,45596,95492419,0,8,0,1024,12,5800322527
5507,95451655,2870,95454525,0,1,1,8704,26,1891199229
5508,95459847,102284,95562131,0,2,0,35840,20,2188679028
5509,95483261,5196,95488457,0,4,1,13312,33,822765546
5510,95487777,4850,95492627,0,9,1,5120,6,9956800373
5511,95513200,43904,95557104,0,8,0,512,12,8147384700
5512,95518805,109148,95627953,0,7,0,58368,13,2830977141
5513,95523330,3904,95527234,0,6,1,10752,32,5658205769
5514,95541257,43904,95585161,0,8,0,512,12,9203135164
5515,95591704,2870,95594574,0,6,1,8704,32,5520360038
5516,95622031,3898,95625929,0,8,1,4096,12,7470525402
5517,95635094,104780,95739874,0,9,0,44032,6,4922559865
5518,95652906,101504,95754410,0,9,0,33280,6,8941705511
5519,95656271,3422,95659693,0,8,1,3584,12,1755259517
5520,95663342,14117,95677459,0,6,1,24064,32,2951789583
5521,95667411,5712,95673123,0,1,1,14336,26,942065042
5522,95668664,88100,95756764,0,7,0,24576,13,8636982373
5523,95674220,102164,95776384,0,9,0,26624,6,5719647174
5524,95712237,7230,95719467,0,4,1,7680,33,2910540897
5525,95720833,1518,95722351,0,8,1,1536,12,4307975836
5526,95720912,123344,95844256,0,3,0,104960,4,9899563627
5527,95728514,25911,95754425,0,9,1,13312,6,7370098318
5528,95736858,5802,95742660,0,4,1,6144,33,8356075926
5529,95742395,12045,95754440,0,9,1,512,6,1610293549
5530,95763066,2470,95765536,0,1,1,2560,26,2481319763
5531,95765863,1994,95767857,0,1,1,2048,26,6886412729
5532,95778008,3422,95781430,0,6,1,3584,32,8595264462
5533,95784569,4850,95789419,0,4,1,5120,33,2046294813
5534,95791928,566,95792494,0,4,1,512,33,7654245248
5535,95808818,87314,95896132,0,3,0,15872,4,96989145
5536,95821524,164783,95986307,0,9,0,90624,6,7593884233
5537,95828531,126425,95954956,0,3,0,63488,4,10715241549
5538,95829831,100880,95930711,0,2,0,31232,20,2626674708
5539,95833971,160775,95994746,0,9,0,27648,6,2570219570
5540,95851187,5971,95857158,0,6,1,14848,32,8500687304
5541,95857791,103220,95961011,0,0,0,38912,26,3152862787
5542,95857945,3645,95861590,0,1,1,10240,26,9736835911
5543,95867111,1042,95868153,0,8,1,1024,12,6391930625
5544,95883675,63560,95947235,0,2,0,2560,20,6404751931
5545,95884227,192480,96076707,0,9,0,11776,6,7426152257
5546,95893699,5326,95899025,0,1,1,5632,26,8036750281
5547,95895984,162404,96058388,0,9,0,7680,6,3175008971
5548,95900385,6278,95906663,0,6,1,6656,32,7340805452
5549,95905584,2705,95908289,0,6,1,2560,32,2530795729
5550,95908399,147634,96056033,0,9,0,81408,6,9884529249
5551,95909475,163614,96073089,0,9,0,37888,6,7797299768
5552,95916057,131923,96047980,0,3,0,69120,4,8731790209
5553,95921581,165125,96086706,0,9,0,32768,6,5257651161
5554,95923150,82244,96005394,0,0,0,20480,26,1396719758
5555,95934163,566,95934729,0,8,1,512,12,7491064503
5556,95941659,118036,96059695,0,3,0,38400,4,6480833815
5557,95969118,142102,96111220,0,3,0,51712,4,5565834491
5558,95970676,45596,96016272,0,4,0,1024,33,4379676609
5559,95976604,4850,95981454,0,5,1,5120,4,5683610096
5560,96003277,10757,96014034,0,1,1,17408,26,1581365494
5561,96007683,4850,96012533,0,9,1,5120,6,703768241
5562,96021238,1518,96022756,0,8,1,1536,12,4226457499
5563,96038486,3422,96041908,0,6,1,3584,32,4977704893
5564,96046679,26425,96073104,0,9,1,4096,6,3517958422
5565,96048296,180251,96228547,0,3,0,148480,4,10543895246
5566,96054680,1518,96056198,0,5,1,1536,4,9060560541
5567,96055088,183329,96238417,0,3,0,18432,4,9532536523
5568,96074332,14360,96088692,0,9,1,2048,6,8739830470
5569,96120334,1518,96121852,0,1,1,1536,26,1220288634
5570,96146270,10241,96156511,0,8,1,16384,12,10554075648
5571,96183852,6754,96190606,0,6,1,7168,32,1137642470
5572,96201819,72316,96274135,0,3,0,1024,4,2019342298
5573,96205382,4374,96209756,0,1,1,4608,26,2869348864
5574,96208380,5326,96213706,0,5,1,5632,4,6184282904
5575,96249256,2870,96252126,0,1,1,8704,26,3609687707
5576,96270654,3898,96274552,0,8,1,4096,12,451326936
5577,96275178,43904,96319082,0,4,0,512,33,3646287217
5578,96283766,2470,96286236,0,8,1,2560,12,5813648175
5579,96285258,55670,96340928,0,4,0,512,33,6038963065
5580,96308957,102596,96411553,0,6,0,36864,32,3765746650
5581,96312581,1042,96313623,0,5,1,1024,4,4937252901
5582,96319408,2870,96322278,0,3,1,8704,4,4885531046
5583,96358185,45596,96403781,0,4,0,1024,33,8606595362
5584,96416472,45596,96462068,0,4,0,1024,33,4070978206
5585,96418610,1042,96419652,0,1,1,1024,26,3474825681
5586,96418791,1994,96420785,0,4,1,2048,33,10166845421
5587,96425341,566,96425907,0,3,1,512,4,1939323712
5588,96442777,6754,96449531,0,5,1,7168,4,1590968223
5589,96443230,1994,96445224,0,3,1,2048,4,3423029677
5590,96444355,43904,96488259,0,3,0,512,4,6306169728
5591,96479670,52364,96532034,0,3,0,3072,4,957876714
5592,96493034,1518,96494552,0,1,1,1536,26,2994885170
5593,96504575,3422,96507997,0,5,1,3584,4,5089929630
5594,96527455,13770,96541225,0,1,1,26624,26,10639372012
5595,96547899,47288,96595187,0,3,0,1536,4,942944106
5596,96575165,6754,96581919,0,2,1,7168,20,3825327571
5597,96586248,3128,96589376,0,1,1,9216,26,3960632758
5598,96612941,45596,96658537,0,3,0,1024,4,2955030705
5599,96614275,1042,96615317,0,6,1,1024,32,6148306830
5600,96624064,2470,96626534,0,8,1,2560,12,5973695899
5601,96637209,2470,96639679,0,6,1,2560,32,6808910953
5602,96655880,43904,96699784,0,5,0,512,4,4305468817
5603,96666581,566,96667147,0,5,1,512,4,8768365889
5604,96666878,1042,96667920,0,8,1,1024,12,8080636027
5605,96668134,5802,96673936,0,3,1,6144,4,207293938
5606,96674359,1518,96675877,0,1,1,1536,26,4280987827
5607,96686309,2946,96689255,0,7,1,3072,13,461126659
5608,96696426,101192,96797618,0,6,0,32256,32,448261990
5609,96702342,45596,96747938,0,6,0,1024,32,9557367277
5610,96709804,7230,96717034,0,3,1,7680,4,3744209613
5611,96721788,1042,96722830,0,6,1,1024,32,7468402608
5612,96737627,4374,96742001,0,6,1,4608,32,9661176254
5613,96764585,187473,96952058,0,6,0,13312,32,338589722
5614,96774027,2470,96776497,0,1,1,2560,26,2286956000
5615,96777960,5326,96783286,0,7,1,5632,13,10362655583
5616,96799077,4162,96803239,0,6,1,11264,32,627041802
5617,96801813,566,96802379,0,3,1,512,4,9557605537
5618,96824922,566,96825488,0,7,1,512,13,2463921885
5619,96832974,4374,96837348,0,1,1,4608,26,1147107761
5620,96848300,2470,96850770,0,0,1,2560,26,4996357534
5621,96849390,6278,96855668,0,1,1,6656,26,6804316651
5622,96863980,4850,96868830,0,4,1,5120,33,8341114184
5623,96878371,3898,96882269,0,3,1,4096,4,7578589101
5624,96888460,2470,96890930,0,8,1,2560,12,9149371975
5625,96889687,2549,96892236,0,8,1,2048,12,9111219466
5626,96898049,3422,96901471,0,6,1,3584,32,7002083228
5627,96899833,5326,96905159,0,3,1,5632,4,10275654869
5628,96910342,5802,96916144,0,1,1,6144,26,4636501268
5629,96920694,566,96921260,0,7,1,512,13,728558235
5630,96932591,2470,96935061,0,3,1,2560,4,9625080957
5631,96954955,6278,96961233,0,8,1,6656,12,9812833022
5632,96964528,7230,96971758,0,8,1,7680,12,7527495635
5633,96967821,5563,96973384,0,8,1,2560,12,9156609416
5634,96969823,3898,96973721,0,4,1,4096,33,7843921140
5635,96972985,1994,96974979,0,1,1,2048,26,7322096172
5636,96978884,5326,96984210,0,4,1,5632,33,5547576908
5637,96978910,3128,96982038,0,1,1,9216,26,87740810
5638,96987900,3898,96991798,0,4,1,4096,33,142296844
5639,97002240,3898,97006138,0,7,1,4096,13,5652561054
5640,97029557,4679,97034236,0,7,1,12288,13,3391346554
5641,97031598,3898,97035496,0,6,1,4096,32,6430746662
5642,97037631,3904,97041535,0,7,1,10752,13,1636348999
5643,97082176,6488,97088664,0,6,1,15872,32,6023446243
5644,97104945,6278,97111223,0,5,1,6656,4,68998487
5645,97105612,1518,97107130,0,0,1,1536,26,10736639186
5646,97106563,5326,97111889,0,3,1,5632,4,3192697295
5647,97111216,7706,97118922,0,5,1,8192,4,6878938197
5648,97112206,10582,97122788,0,5,1,6144,4,4856733045
5649,97114447,107588,97222035,0,2,0,53248,20,9502185099
5650,97118376,1042,97119418,0,6,1,1024,32,5722934437
5651,97118440,4912,97123352,0,5,1,10752,4,6383485712
5652,97132050,22174,97154224,0,1,1,36352,26,7305835349
5653,97137764,1994,97139758,0,0,1,2048,26,6401098836
5654,97160063,7706,97167769,0,6,1,8192,32,10621586422
5655,97161841,1042,97162883,0,8,1,1024,12,9810696898
5656,97166805,6278,97173083,0,7,1,6656,13,252548923
5657,97166976,11016,97177992,0,5,1,17920,4,6107712605
5658,97172444,7230,97179674,0,0,1,7680,26,6375633112
5659,97177033,4267,97181300,0,0,1,2560,26,10523104542
5660,97184663,5802,97190465,0,4,1,6144,33,935007493
5661,97191603,566,97192169,0,4,1,512,33,1330247304
5662,97193840,79890,97273730,0,5,0,512,4,5369586040
5663,97197707,4162,97201869,0,5,1,11264,4,970515492
5664,97201050,4512,97205562,0,5,1,4608,4,8986652522
5665,97220341,2946,97223287,0,7,1,3072,13,4154803625
5666,97226758,1042,97227800,0,4,1,1024,33,608269945
5667,97226950,12737,97239687,0,1,1,24576,26,7793855053
5668,97239187,1042,97240229,0,6,1,1024,32,1685044046
5669,97298192,11016,97309208,0,0,1,17920,26,6295882553
5670,97302020,5802,97307822,0,8,1,6144,12,8995459823
5671,97302207,1042,97303249,0,7,1,1024,13,6625594575
5672,97326341,1042,97327383,0,1,1,1024,26,7968359326
5673,97338431,14029,97352460,0,0,1,27136,26,4753561981
5674,97350603,6278,97356881,0,6,1,6656,32,8859449745
5675,97354515,3898,97358413,0,4,1,4096,33,1946561803
5676,97366917,566,97367483,0,1,1,512,26,2375679376
5677,97368984,11791,97380775,0,1,1,19456,26,7457426551
5678,97393605,4420,97398025,0,3,1,11776,4,532235548
5679,97394693,3678,97398371,0,3,1,512,4,10441140615
5680,97422734,566,97423300,0,8,1,512,12,8856012606
5681,97427919,47882,97475801,0,5,0,1024,4,5724254335
5682,97429261,2946,97432207,0,5,1,3072,4,7962038846
5683,97429931,4862,97434793,0,5,1,4096,4,8194708142
5684,97447626,43904,97491530,0,5,0,512,4,10222739601
5685,97455844,1994,97457838,0,8,1,2048,12,9542600076
5686,97463671,3128,97466799,0,8,1,9216,12,1397716175
5687,97465306,1042,97466348,0,3,1,1024,4,2532799248
5688,97472856,2470,97475326,0,7,1,2560,13,5954810607
5689,97477590,2470,97480060,0,8,1,2560,12,10604707428
5690,97483842,43904,97527746,0,5,0,512,4,3847831072
5691,97491809,1994,97493803,0,1,1,2048,26,1938455570
5692,97506922,1042,97507964,0,9,1,1024,6,2132504882
5693,97534536,45596,97580132,0,5,0,1024,4,10375116188
5694,97554036,566,97554602,0,8,1,512,12,6680834741
5695,97581417,3387,97584804,0,1,1,9728,26,6693934167
5696,97583323,52364,97635687,0,5,0,3072,4,2838437155
5697,97609763,2470,97612233,0,4,1,2560,33,8185152198
5698,97612209,3898,97616107,0,1,1,4096,26,3039946644
5699,97623105,7706,97630811,0,9,1,8192,6,8083759774
5700,97646422,10499,97656921,0,1,1,16896,26,10726996690
5701,97665002,5326,97670328,0,6,1,5632,32,10520124764
5702,97676383,1042,97677425,0,8,1,1024,12,10011805181
5703,97677770,76052,97753822,0,0,0,10240,26,6937243137
5704,97683961,4850,97688811,0,5,1,5120,4,7256621441
5705,97691956,2470,97694426,0,7,1,2560,13,9936314507
5706,97732783,43904,97776687,0,5,0,512,4,2048906001
5707,97746853,6278,97753131,0,4,1,6656,33,8423432545
5708,97751094,13600,97764694,0,6,1,23040,32,198394370
5709,97757529,1518,97759047,0,9,1,1536,6,8598084450
5710,97767958,3898,97771856,0,9,1,4096,6,5525747552
5711,97774377,1994,97776371,0,3,1,2048,4,10390677554
5712,97781372,52364,97833736,0,9,0,3072,6,8450958780
5713,97789226,5712,97794938,0,7,1,14336,13,10568976978
5714,97801944,3898,97805842,0,5,1,4096,4,4342318951
5715,97828878,4374,97833252,0,5,1,4608,4,574370517
5716,97837042,3387,97840429,0,1,1,9728,26,9414578682
5717,97839599,143382,97982981,0,0,0,43520,26,10541515565
5718,97842906,11274,97854180,0,8,1,18432,12,8403888861
5719,97844565,106198,97950763,0,0,0,29696,26,5117582184
5720,97849776,1994,97851770,0,6,1,2048,32,4329303280
5721,97854749,3645,97858394,0,8,1,10240,12,4504467060
5722,97872101,7706,97879807,0,5,1,8192,4,9437369303
5723,97883654,1042,97884696,0,1,1,1024,26,8820386426
5724,97924410,102596,98027006,0,9,0,36864,6,2644105544
5725,97927982,114764,98042746,0,0,0,76800,26,4379488207
5726,97934836,21658,97956494,0,9,1,35328,6,8617570987
5727,97945928,1042,97946970,0,7,1,1024,13,5822011589
5728,97960035,253282,98213317,0,9,0,88064,6,9886763617
5729,97961975,4420,97966395,0,1,1,11776,26,55015730
5730,97982033,3898,97985931,0,9,1,4096,6,1619917099
5731,98000946,4850,98005796,0,7,1,5120,13,9641733756
5732,98029189,5326,98034515,0,5,1,5632,4,9897878832
5733,98030705,566,98031271,0,1,1,512,26,10071259675
5734,98040113,104129,98144242,0,0,0,33280,26,3127754484
5735,98040900,6278,98047178,0,8,1,6656,12,2754153532
5736,98044859,75296,98120155,0,1,0,12800,26,9523191222
5737,98045543,5802,98051345,0,5,1,6144,4,10004297906
5738,98056848,22950,98079798,0,1,1,37888,26,6723823250
5739,98095352,62072,98157424,0,9,0,9728,6,2324994420
5740,98098549,1518,98100067,0,3,1,1536,4,839373105
5741,98098551,1042,98099593,0,6,1,1024,32,9644224664
5742,98101956,4937,98106893,0,9,1,12800,6,4708596718
5743,98107890,152293,98260183,0,9,0,18944,6,1777063610
5744,98117687,3502,98121189,0,1,1,1024,26,10153925691
5745,98120426,2470,98122896,0,4,1,2560,33,2098150073
5746,98132912,6754,98139666,0,1,1,7168,26,2554950977
5747,98144916,61604,98206520,0,0,0,8192,26,9567217009
5748,98148528,45596,98194124,0,5,0,1024,4,1658986258
5749,98149517,1042,98150559,0,8,1,1024,12,2527813172
5750,98156487,16096,98172583,0,1,1,31232,26,10431417183
5751,98163134,45596,98208730,0,5,0,1024,4,2150472694
5752,98171337,5326,98176663,0,7,1,5632,13,733942590
5753,98189191,1994,98191185,0,8,1,2048,12,8527191569
5754,98191117,5971,98197088,0,4,1,14848,33,7712509565
5755,98228902,1518,98230420,0,4,1,1536,33,4687423723
5756,98238104,43904,98282008,0,5,0,512,4,697682277
5757,98241671,1994,98243665,0,4,1,2048,33,5493935466
5758,98242705,118820,98361525,0,2,0,90112,20,6156653626
5759,98244542,4850,98249392,0,1,1,5120,26,8232484827
5760,98252286,2870,98255156,0,3,1,8704,4,4185396691
5761,98285354,156091,98441445,0,2,0,52736,20,9197520308
5762,98290233,49448,98339681,0,9,0,3584,6,8722002136
5763,98334373,3898,98338271,0,7,1,4096,13,3790905930
5764,98340784,48980,98389764,0,5,0,2048,4,8425867822
5765,98348023,1042,98349065,0,8,1,1024,12,379386274
5766,98350968,3422,98354390,0,3,1,3584,4,9180336258
5767,98355009,47600,98402609,0,5,0,2560,4,45833502
5768,98372654,7706,98380360,0,7,1,8192,13,7470922188
5769,98382085,45596,98427681,0,5,0,1024,4,5790489133
5770,98410542,99632,98510174,0,2,0,27136,20,9675453358
5771,98422522,5712,98428234,0,8,1,14336,12,815718977
5772,98483852,3128,98486980,0,5,1,9216,4,10735825685
5773,98502387,566,98502953,0,7,1,512,13,7801614132
5774,98517282,7706,98524988,0,0,1,8192,26,9372990423
5775,98529881,91280,98621161,0,9,0,14848,6,9006371677
5776,98532649,45596,98578245,0,2,0,1024,20,448204197
5777,98533362,65300,98598662,0,2,0,10240,20,6512406736
5778,98536309,102908,98639217,0,9,0,37888,6,10155113190
5779,98549161,1042,98550203,0,9,1,1024,6,6453768233
5780,98560382,12308,98572690,0,9,1,20480,6,1969728160
5781,98586530,1042,98587572,0,5,1,1024,4,1016971540
5782,98648599,5454,98654053,0,8,1,13824,12,4943238737
5783,98662115,4374,98666489,0,0,1,4608,26,4887336117
5784,98664153,57440,98721593,0,5,0,4608,4,3543366024
5785,98671543,200935,98872478,0,9,0,63488,6,4660350021
5786,98706138,5326,98711464,0,0,1,5632,26,171063466
5787,98715384,2946,98718330,0,3,1,3072,4,4819807299
5788,98719270,58688,98777958,0,2,0,8704,20,2798212694
5789,98738439,1518,98739957,0,9,1,1536,6,5077880033
5790,98746256,3128,98749384,0,5,1,9216,4,8589520802
5791,98759488,566,98760054,0,4,1,512,33,971579573
5792,98759769,1994,98761763,0,0,1,2048,26,1633224460
5793,98760173,80864,98841037,0,9,0,20992,6,3780112618
5794,98835227,9241,98844468,0,9,1,3584,6,9484005319
5795,98837918,102768,98940686,0,9,0,27136,6,6710426230
5796,98856912,43904,98900816,0,5,0,512,4,514965680
5797,98863795,9241,98873036,0,9,1,512,6,9226241622
5798,98870629,2470,98873099,0,8,1,2560,12,3865256355
5799,98872617,47288,98919905,0,5,0,1536,4,7760853076
5800,98880062,135677,99015739,0,9,0,31232,6,3546172632
5801,98900865,1994,98902859,0,8,1,2048,12,287140161
5802,98905884,72668,98978552,0,9,0,9216,6,7882665249
5803,98920294,6754,98927048,0,5,1,7168,4,2874199779
5804,98931147,2870,98934017,0,8,1,8704,12,5501552772
5805,98944639,5326,98949965,0,7,1,5632,13,5178514315
5806,98953243,4374,98957617,0,8,1,4608,12,8324755658
5807,98954484,190850,99145334,0,9,0,8704,6,521282210
5808,98967407,45596,99013003,0,5,0,1024,4,6536623301
5809,98997334,120922,99118256,0,9,0,72192,6,6565537599
5810,99005452,4850,99010302,0,3,1,5120,4,9624581327
5811,99016521,43904,99060425,0,5,0,512,4,9046470985
5812,99033078,5326,99038404,0,7,1,5632,13,4072332149
5813,99038915,2946,99041861,0,7,1,3072,13,3966714356
5814,99056592,2946,99059538,0,0,1,3072,26,3724387273
5815,99079104,70532,99149636,0,9,0,12288,6,767038328
5816,99081278,1994,99083272,0,7,1,2048,13,6442976768
5817,99162894,4374,99167268,0,5,1,4608,4,718846645
5818,99182232,43904,99226136,0,5,0,512,4,3541623933
5819,99187838,4374,99192212,0,7,1,4608,13,1208585721
5820,99203652,2946,99206598,0,9,1,3072,6,6347307981
5821,99208822,47600,99256422,0,5,0,2560,4,6303931738
5822,99211004,3422,99214426,0,5,1,3584,4,6616534585
5823,99211842,1994,99213836,0,4,1,2048,33,1226991647
5824,99223541,50672,99274213,0,8,0,2560,12,7826217744
5825,99253457,94324,99347781,0,5,0,2048,4,1362435071
5826,99263076,5196,99268272,0,4,1,13312,33,2395959972
5827,99282852,24670,99307522,0,4,1,44544,33,2803570953
5828,99284678,11533,99296211,0,3,1,18944,4,4454087504
5829,99291217,5980,99297197,0,3,1,1536,4,9630840674
5830,99330572,6754,99337326,0,0,1,7168,26,9037258720
5831,99331127,5454,99336581,0,4,1,13824,33,1042210022
5832,99346778,83132,99429910,0,2,0,13312,20,9002303428
5833,99348343,45596,99393939,0,5,0,1024,4,6279970116
5834,99351517,43904,99395421,0,5,0,512,4,5651550062
5835,99369379,45596,99414975,0,5,0,1024,4,7431396270
5836,99424803,64208,99489011,0,9,0,6656,6,6810185341
5837,99431131,23120,99454251,0,4,1,41472,33,1169268400
5838,99432554,54203,99486757,0,4,1,70144,33,5905424825
5839,99434398,566,99434964,0,9,1,512,6,6094152942
5840,99453171,107183,99560354,0,4,1,155136,33,9469988141
5841,99458234,52364,99510598,0,3,0,3072,4,2645577222
5842,99472671,1042,99473713,0,5,1,1024,4,2187558103
5843,99474976,101816,99576792,0,9,0,34304,6,4288546931
5844,99485089,97022,99582111,0,9,0,17408,6,9822604053
5845,99512205,5802,99518007,0,0,1,6144,26,7288166367
5846,99540338,12049,99552387,0,0,1,19968,26,6046096225
5847,99553938,1518,99555456,0,9,1,1536,6,2359976056
5848,99582672,45596,99628268,0,5,0,1024,4,3925430730
5849,99592703,43904,99636607,0,3,0,512,4,8640455676
5850,99597767,4850,99602617,0,9,1,5120,6,8676696346
5851,99608850,110552,99719402,0,9,0,62976,6,158316938
5852,99611479,1994,99613473,0,1,1,2048,26,1664080512
5853,99624847,43904,99668751,0,5,0,512,4,9947036396
5854,99626661,5971,99632632,0,5,1,14848,4,9983783864
5855,99632582,2003,99634585,0,5,1,2048,4,6429000402
5856,99703035,20021,99723056,0,9,1,10240,6,4775326154
5857,99703878,100857,99804735,0,9,0,20480,6,785468944
5858,99712343,43904,99756247,0,5,0,512,4,3234918371
5859,99742701,116479,99859180,0,9,0,46592,6,5045899185
5860,99746148,2470,99748618,0,0,1,2560,26,5456280013
5861,99748237,43904,99792141,0,5,0,512,4,4404507654
5862,99748365,1518,99749883,0,0,1,1536,26,1896202752
5863,99749335,7706,99757041,0,0,1,8192,26,5840939241
5864,99755140,7706,99762846,0,7,1,8192,13,3646265388
5865,99760097,566,99760663,0,9,1,512,6,8417972911
5866,99813358,1042,99814400,0,3,1,1024,4,3029499127
5867,99828853,566,99829419,0,0,1,512,26,1834311859
5868,99871631,1042,99872673,0,3,1,1024,4,9066557326
5869,99874197,55748,99929945,0,5,0,4096,4,2076993023
5870,99913446,5326,99918772,0,0,1,5632,26,8861707311
5871,99915662,43904,99959566,0,3,0,512,4,3842061393
5872,99921357,67238,99988595,0,4,1,114176,33,3035629619
5873,99924427,80840,100005267,0,2,0,15872,20,1996706922
5874,99928852,3422,99932274,0,9,1,3584,6,697189531
5875,99935553,2470,99938023,0,1,1,2560,26,9440543543
5876,99936396,3128,99939524,0,5,1,9216,4,3897173370
5877,99953807,4850,99958657,0,8,1,5120,12,4802407688
5878,99961439,566,99962005,0,5,1,512,4,2380966524
5879,99973163,114832,100087995,0,2,0,53248,20,6101359030
5880,99982364,45596,100027960,0,3,0,1024,4,5005021050
5881,100031691,56787,100088478,0,2,0,1536,20,6014756664
5882,100071164,2870,100074034,0,3,1,8704,4,6794681691
5883,100072476,6278,100078754,0,5,1,6656,4,9106200520
5884,100106698,1518,100108216,0,3,1,1536,4,4993873079
5885,100120464,7706,100128170,0,9,1,8192,6,6679087253
5886,100127369,168524,100295893,0,2,0,142336,20,10153250078
5887,100131346,566,100131912,0,0,1,512,26,6569213840
5888,100141074,45596,100186670,0,5,0,1024,4,7486994557
5889,100142268,1994,100144262,0,0,1,2048,26,3289042926
5890,100152399,255190,100407589,0,2,0,2560,20,3626904483
5891,100166752,341277,100508029,0,2,0,327168,20,3761730874
5892,100174370,2470,100176840,0,5,1,2560,4,1867441379
5893,100184725,5454,100190179,0,5,1,13824,4,601431028
5894,100201075,5802,100206877,0,5,1,6144,4,309308543
5895,100222023,5454,100227477,0,0,1,13824,26,419658539
5896,100225487,5171,100230658,0,0,1,4608,26,7421263144
5897,100232527,121628,100354155,0,1,0,99328,26,1766549651
5898,100246929,5326,100252255,0,0,1,5632,26,6010779696
5899,100269501,1994,100271495,0,5,1,2048,4,1514388933
5900,100275502,118471,100393973,0,5,0,1024,4,1445251134
5901,100287529,6278,100293807,0,3,1,6656,4,8482313473
5902,100292070,227050,100519120,0,2,0,36352,20,6675031902
5903,100302273,45596,100347869,0,3,0,1024,4,5644176054
5904,100329476,566,100330042,0,3,1,512,4,458269170
5905,100335155,1042,100336197,0,7,1,1024,13,9456022479
5906,100387244,43904,100431148,0,5,0,512,4,7368072563
5907,100387615,45596,100433211,0,5,0,1024,4,10435733123
5908,100407511,4374,100411885,0,3,1,4608,4,6954281163
5909,100432924,1797,100434721,0,5,1,1536,4,10346543447
5910,100442125,60824,100502949,0,1,0,5632,26,499304786
5911,100461718,6278,100467996,0,0,1,6656,26,5805280807
5912,100487925,72668,100560593,0,1,0,9216,26,6226049350
5913,100527927,566,100528493,0,0,1,512,26,6162040197
5914,100533996,2470,100536466,0,0,1,2560,26,9956305290
5915,100551139,1994,100553133,0,0,1,2048,26,275451035
5916,100583925,43904,100627829,0,5,0,512,4,9580547921
5917,100594899,2946,100597845,0,0,1,3072,26,3862563823
5918,100596388,5326,100601714,0,3,1,5632,4,7956824404
5919,100598709,43904,100642613,0,3,0,512,4,10192499955
5920,100618260,3387,100621647,0,0,1,9728,26,984745154
5921,100621724,103220,100724944,0,1,0,38912,26,7505545192
5922,100621904,114443,100736347,0,1,0,37376,26,9084312461
5923,100634228,566,100634794,0,0,1,512,26,9299882612
5924,100645831,103844,100749675,0,2,0,40960,20,3056056092
5925,100655812,1042,100656854,0,0,1,1024,26,5453911195
5926,100658373,98425,100756798,0,3,0,512,4,4755882057
5927,100666655,1042,100667697,0,0,1,1024,26,1446265706
5928,100691997,45596,100737593,0,5,0,1024,4,1860541673
5929,100700789,5802,100706591,0,0,1,6144,26,534686655
5930,100706315,43904,100750219,0,3,0,512,4,4997880743
5931,100723078,126309,100849387,0,1,0,71168,26,7519522885
5932,100724813,5802,100730615,0,0,1,6144,26,3037593158
5933,100739105,113984,100853089,0,9,0,74240,6,5850053355
5934,100749293,151856,100901149,0,9,0,70656,6,4249507854
5935,100752282,566,100752848,0,3,1,512,4,9474767945
5936,100764146,3422,100767568,0,5,1,3584,4,3309970068
5937,100778955,45596,100824551,0,3,0,1024,4,8240054925
5938,100780382,1042,100781424,0,5,1,1024,4,1393803477
5939,100842845,74306,100917151,0,1,0,13312,26,4572036658
5940,100853335,5802,100859137,0,3,1,6144,4,9229328466
5941,100856642,43904,100900546,0,3,0,512,4,911478673
5942,100873746,4162,100877908,0,5,1,11264,4,5060479620
5943,100905221,2470,100907691,0,0,1,2560,26,3640938789
5944,100906667,83132,100989799,0,7,0,13312,13,4074840678
5945,100922964,566,100923530,0,5,1,512,4,9131760166
5946,100931150,2870,100934020,0,3,1,8704,4,4938754027
5947,100934634,4850,100939484,0,0,1,5120,26,7937817338
5948,100988370,2870,100991240,0,3,1,8704,4,7090490178
5949,100988489,77994,101066483,0,3,0,2048,4,4543649089
5950,100998976,101348,101100324,0,7,0,32768,13,5178713849
5951,101031100,43904,101075004,0,5,0,512,4,987807007
5952,101034336,2870,101037206,0,7,1,8704,13,1585973580
5953,101050386,73356,101123742,0,7,0,7680,13,4821866011
5954,101059465,117260,101176725,0,9,0,84992,6,6521000735
5955,101090335,6754,101097089,0,5,1,7168,4,3395431107
5956,101109056,55748,101164804,0,7,0,4096,13,178555110
5957,101119130,74779,101193909,0,4,1,125440,33,363822686
5958,101123849,106184,101230033,0,7,0,48640,13,9836598302
5959,101134084,71269,101205353,0,4,1,38400,33,5850240693
5960,101137190,43904,101181094,0,3,0,512,4,3831913151
5961,101138625,55748,101194373,0,7,0,4096,13,9770809027
5962,101144882,87019,101231901,0,9,0,11776,6,2091901512
5963,101145327,45596,101190923,0,5,0,1024,4,6178117711
5964,101164298,102284,101266582,0,1,0,35840,26,753188833
5965,101176670,1518,101178188,0,3,1,1536,4,7271687792
5966,101179140,1042,101180182,0,3,1,1024,4,5552683652
5967,101182237,1518,101183755,0,3,1,1536,4,3824738849
5968,101197737,45596,101243333,0,5,0,1024,4,3637924697
5969,101244813,3898,101248711,0,5,1,4096,4,9246667556
5970,101249137,4374,101253511,0,3,1,4608,4,4051264073
5971,101255758,65924,101321682,0,7,0,12288,13,4960384595
5972,101260129,15579,101275708,0,4,1,30208,33,4527152667
5973,101273418,3422,101276840,0,0,1,3584,26,8168483867
5974,101288668,94844,101383512,0,9,0,21504,6,6705948383
5975,101289832,45752,101335584,0,5,0,1536,4,4600653724
5976,101293489,99944,101393433,0,2,0,28160,20,7297350036
5977,101295061,2946,101298007,0,0,1,3072,26,8974771251
5978,101297000,1042,101298042,0,3,1,1024,4,9849455193
5979,101309676,1518,101311194,0,3,1,1536,4,2539317994
5980,101334375,217422,101551797,0,2,0,177664,20,7578429873
5981,101359476,102128,101461604,0,9,0,35328,6,4883872173
5982,101366762,2946,101369708,0,0,1,3072,26,5942409985
5983,101370826,1042,101371868,0,0,1,1024,26,2175417130
5984,101371992,97952,101469944,0,9,0,12288,6,4996357794
5985,101390939,106191,101497130,0,9,0,4608,6,9879053238
5986,101391081,5802,101396883,0,3,1,6144,4,8086419850
5987,101408457,69284,101477741,0,1,0,8192,26,9600102762
5988,101409007,3645,101412652,0,4,1,10240,33,1170498845
5989,101417168,12566,101429734,0,4,1,20992,33,10692852563
5990,101423547,6278,101429825,0,5,1,6656,4,10612974005
5991,101433178,87896,101521074,0,9,0,13824,6,1937966082
5992,101438450,43904,101482354,0,5,0,512,4,4896823929
5993,101439294,133455,101572749,0,2,0,12288,20,4837867851
5994,101440430,43904,101484334,0,3,0,512,4,7905336642
5995,101461025,45155,101506180,0,3,0,512,4,2563109152
5996,101478236,11533,101489769,0,5,1,18944,4,3550470234
5997,101498110,121940,101620050,0,1,0,100352,26,7593818578
5998,101503769,1042,101504811,0,5,1,1024,4,7606591649
5999,101511743,78792,101590535,0,5,0,512,4,1487757532
6000,101526190,126167,101652357,0,2,0,30208,20,1194844933
6001,101534262,3898,101538160,0,5,1,4096,4,455378367
6002,101551664,1994,101553658,0,3,1,2048,4,2379123157
6003,101552168,140413,101692581,0,2,0,26112,20,6939749363
6004,101557666,6278,101563944,0,5,1,6656,4,804483453
6005,101569487,99344,101668831,0,9,0,31232,6,6670080286
6006,101578068,195513,101773581,0,2,0,22528,20,7000735403
6007,101600916,1994,101602910,0,8,1,2048,12,882815283
6008,101603007,7230,101610237,0,5,1,7680,4,9998307881
6009,101616848,50450,101667298,0,8,0,512,12,1692319409
6010,101635626,47288,101682914,0,3,0,1536,4,8559748409
6011,101638941,121356,101760297,0,2,0,39424,20,4083027265
6012,101649051,31783,101680834,0,4,1,51712,33,7623064512
6013,101666810,6754,101673564,0,3,1,7168,4,9817107991
6014,101698542,102284,101800826,0,7,0,35840,13,9875249279
6015,101738826,47288,101786114,0,5,0,1536,4,1167432566
6016,101738933,43904,101782837,0,8,0,512,12,6898121019
6017,101746567,48980,101795547,0,3,0,2048,4,10384117674
6018,101762680,2470,101765150,0,3,1,2560,4,4333162615
6019,101769661,43904,101813565,0,3,0,512,4,2048340706
6020,101778170,111956,101890126,0,2,0,67584,20,8729446580
6021,101778347,43904,101822251,0,5,0,512,4,2502136233
6022,101798752,109928,101908680,0,1,0,60928,26,6944758714
6023,101805616,43904,101849520,0,3,0,512,4,6108428869
6024,101806448,68608,101875056,0,3,0,512,4,967327155
6025,101812652,113828,101926480,0,9,0,73728,6,7363794062
6026,101813547,4689,101818236,0,3,1,12288,4,5318790300
6027,101821391,2870,101824261,0,0,1,8704,26,9480212484
6028,101849010,34279,101883289,0,4,1,59904,33,2310705318
6029,101855477,7230,101862707,0,5,1,7680,4,9582677240
6030,101857233,2946,101860179,0,0,1,3072,26,9990419325
6031,101859133,79748,101938881,0,2,0,12288,20,7167794235
6032,101860545,64208,101924753,0,7,0,6656,13,1308196145
6033,101868365,106340,101974705,0,1,0,49152,26,10428649945
6034,101873661,120457,101994118,0,2,0,41472,20,417561492
6035,101883452,3387,101886839,0,0,1,9728,26,9443530799
6036,101885484,55904,101941388,0,3,0,4608,4,10559801338
6037,101943785,3898,101947683,0,0,1,4096,26,9729887098
6038,101959658,144836,102104494,0,9,0,135168,6,4058796711
6039,101966227,48980,102015207,0,8,0,2048,12,1980783431
6040,101968832,112673,102081505,0,1,0,50688,26,8546649933
6041,101975449,43904,102019353,0,8,0,512,12,4242801402
6042,101979834,5326,101985160,0,0,1,5632,26,6294737648
6043,101981621,91592,102073213,0,7,0,15872,13,9423534554
6044,102000263,102128,102102391,0,7,0,35328,13,5208466061
6045,102002121,26221,102028342,0,4,1,47616,33,5345349973
6046,102018837,47288,102066125,0,3,0,1536,4,5634506627
6047,102048910,47288,102096198,0,5,0,1536,4,1252957157
6048,102062119,53495,102115614,0,4,1,90624,33,4944671147
6049,102070932,115657,102186589,0,1,0,45056,26,5472055816
6050,102090286,566,102090852,0,5,1,512,4,5313556333
6051,102105809,101348,102207157,0,2,0,32768,20,4300892164
6052,102108079,9020,102117099,0,4,1,15360,33,9261545477
6053,102121090,13512,102134602,0,4,1,26112,33,9695222484
6054,102124926,92216,102217142,0,9,0,17920,6,3719687417
6055,102127603,24958,102152561,0,4,1,38912,33,10430115243
6056,102129892,1042,102130934,0,3,1,1024,4,3061865883
6057,102137302,11533,102148835,0,5,1,18944,4,4448721926
6058,102145843,12825,102158668,0,0,1,21504,26,8962518528
6059,102156044,566,102156610,0,5,1,512,4,2091647510
6060,102157760,45596,102203356,0,8,0,1024,12,9434921732
6061,102168776,2470,102171246,0,0,1,2560,26,5064852774
6062,102182495,43904,102226399,0,8,0,512,12,3933262200
6063,102182732,2946,102185678,0,0,1,3072,26,1321078178
6064,102202430,45815,102248245,0,8,0,512,12,1471682658
6065,102209282,116480,102325762,0,7,0,82432,13,1453474924
6066,102224539,43904,102268443,0,3,0,512,4,1941732955
6067,102232900,5326,102238226,0,3,1,5632,4,2237930940
6068,102251157,93176,102344333,0,1,0,26112,26,6528913921
6069,102255088,118482,102373570,0,7,0,10240,13,10120343833
6070,102269224,22433,102291657,0,1,1,36864,26,2825176850
6071,102299394,6278,102305672,0,0,1,6656,26,10203546583
6072,102319259,10499,102329758,0,1,1,16896,26,4355204785
6073,102328343,20624,102348967,0,4,1,33280,33,6059796552
6074,102336267,106340,102442607,0,7,0,49152,13,10039424293
6075,102345095,43904,102388999,0,8,0,512,12,3345166098
6076,102347227,6754,102353981,0,3,1,7168,4,6734607418
6077,102348612,68736,102417348,0,3,0,2560,4,1411694427
6078,102360390,3898,102364288,0,5,1,4096,4,533895607
6079,102373059,1518,102374577,0,5,1,1536,4,4830589837
6080,102378995,52364,102431359,0,1,0,3072,26,7926826365
6081,102380631,85628,102466259,0,9,0,21504,6,8092434474
6082,102385785,96872,102482657,0,7,0,28160,13,5633770181
6083,102391489,566,102392055,0,0,1,512,26,295978702
6084,102435827,45596,102481423,0,8,0,1024,12,5190514736
6085,102444726,1042,102445768,0,9,1,1024,6,5309333033
6086,102452054,107530,102559584,0,9,0,47104,6,5789795329
6087,102457799,4679,102462478,0,1,1,12288,26,3838984110
6088,102476960,5712,102482672,0,2,1,14336,20,3048562180
6089,102490778,48980,102539758,0,7,0,2048,13,5581113142
6090,102509152,43904,102553056,0,8,0,512,12,2015616414
6091,102516885,116377,102633262,0,9,0,15360,6,7212742048
6092,102521595,78860,102600455,0,9,0,19456,6,7649775211
6093,102529309,43904,102573213,0,8,0,512,12,4853777605
6094,102552353,67872,102620225,0,9,0,2560,6,5534171758
6095,102552609,45596,102598205,0,5,0,1024,4,8304143941
6096,102553823,148032,102701855,0,9,0,42496,6,4710102609
6097,102576840,2470,102579310,0,2,1,2560,20,454976372
6098,102579744,566,102580310,0,0,1,512,26,10555728003
6099,102592971,43904,102636875,0,3,0,512,4,6435954511
6100,102609295,45596,102654891,0,3,0,1024,4,3344167019
6101,102614572,1994,102616566,0,2,1,2048,20,1560060793
6102,102616244,57440,102673684,0,9,0,4608,6,3588768447
6103,102638629,45596,102684225,0,5,0,1024,4,10398406046
6104,102639590,4374,102643964,0,0,1,4608,26,618490891
6105,102641658,43947,102685605,0,5,0,512,4,6379763372
6106,102649834,4374,102654208,0,1,1,4608,26,8079266333
6107,102657632,55748,102713380,0,2,0,4096,20,7300230413
6108,102666563,47288,102713851,0,8,0,1536,12,10183963856
6109,102685436,566,102686002,0,2,1,512,20,897781638
6110,102691704,45596,102737300,0,3,0,1024,4,7388090309
6111,102695947,1042,102696989,0,2,1,1024,20,6881336948
6112,102721983,106340,102828323,0,2,0,49152,20,8274831352
6113,102732903,114311,102847214,0,2,0,61952,20,9935130243
6114,102742805,5326,102748131,0,2,1,5632,20,3512017279
6115,102764219,43904,102808123,0,5,0,512,4,6304978514
6116,102783143,5712,102788855,0,3,1,14336,4,8870018345
6117,102787840,2946,102790786,0,1,1,3072,26,907947781
6118,102789647,45596,102835243,0,8,0,1024,12,1993728377
6119,102799644,48980,102848624,0,3,0,2048,4,6861096434
6120,102809525,5454,102814979,0,1,1,13824,26,5660237716
6121,102814784,1042,102815826,0,0,1,1024,26,8962927961
6122,102831999,135455,102967454,0,3,0,512,4,6201878208
6123,102853454,3422,102856876,0,1,1,3584,26,1214815124
6124,102878323,43904,102922227,0,5,0,512,4,8574162363
6125,102899009,5326,102904335,0,3,1,5632,4,7212252807
6126,102908502,43904,102952406,0,5,0,512,4,3662961009
6127,102909297,62516,102971813,0,2,0,6144,20,7221245288
6128,102915141,54726,102969867,0,3,0,1536,4,8395740461
6129,102921460,101504,103022964,0,0,0,33280,26,7925898371
6130,102923698,1518,102925216,0,2,1,1536,20,8719674545
6131,102928126,4850,102932976,0,3,1,5120,4,2544583311
6132,102940879,54565,102995444,0,3,0,512,4,7314895335
6133,102968422,57440,103025862,0,3,0,4608,4,8789469131
6134,102975374,45596,103020970,0,8,0,1024,12,7665973769
6135,102989436,100724,103090160,0,2,0,30720,20,4950242415
6136,102996676,1042,102997718,0,0,1,1024,26,7991574328
6137,102998112,186692,103184804,0,7,0,151552,13,2028717080
6138,102998357,5326,103003683,0,0,1,5632,26,8079290345
6139,103000276,2946,103003222,0,5,1,3072,4,5200891375
6140,103009452,3387,103012839,0,2,1,9728,20,4620544583
6141,103010009,45596,103055605,0,8,0,1024,12,1844626199
6142,103011187,52364,103063551,0,0,0,3072,26,6117087808
6143,103013056,566,103013622,0,1,1,512,26,855541020
6144,103014644,4850,103019494,0,1,1,5120,26,3959833427
6145,103020409,149040,103169449,0,2,0,37376,20,838324863
6146,103038916,43904,103082820,0,3,0,512,4,5782809357
6147,103039226,118820,103158046,0,2,0,90112,20,5252578751
6148,103049032,99476,103148508,0,9,0,26624,6,9040131291
6149,103052244,1994,103054238,0,0,1,2048,26,146117038
6150,103052921,220756,103273677,0,0,0,75264,26,8269548872
6151,103075435,137080,103212515,0,2,0,18432,20,1693627425
6152,103091235,566,103091801,0,5,1,512,4,1178109802
6153,103099630,6278,103105908,0,2,1,6656,20,4557657110
6154,103103721,89926,103193647,0,2,0,2048,20,6390472027
6155,103132169,43904,103176073,0,8,0,512,12,10537622282
6156,103135735,3898,103139633,0,1,1,4096,26,2753344794
6157,103187946,3422,103191368,0,1,1,3584,26,899834092
6158,103203430,79436,103282866,0,2,0,11264,20,3551672230
6159,103207767,107588,103315355,0,7,0,53248,13,7924393878
6160,103213324,10499,103223823,0,6,1,16896,32,5496416654
6161,103217674,62984,103280658,0,7,0,7680,13,4922930491
6162,103222985,45596,103268581,0,5,0,1024,4,191508982
6163,103252373,22814,103275187,0,0,1,1536,26,442425636
6164,103263271,4374,103267645,0,2,1,4608,20,9585731387
6165,103269283,5802,103275085,0,1,1,6144,26,9874796888
6166,103282926,43904,103326830,0,8,0,512,12,5815040926
6167,103286823,81152,103367975,0,7,0,16896,13,3961762025
6168,103314925,57440,103372365,0,2,0,4608,20,8783787885
6169,103315801,109528,103425329,0,7,0,22528,13,671338217
6170,103317503,7706,103325209,0,3,1,8192,4,5618186767
6171,103318830,109304,103428134,0,9,0,58880,6,3922747386
6172,103321591,62359,103383950,0,9,0,4608,6,3547664109
6173,103328705,5971,103334676,0,1,1,14848,26,5632417767
6174,103336108,87081,103423189,0,6,0,17408,32,8928940911
6175,103341874,72668,103414542,0,7,0,9216,13,233187939
6176,103355632,7230,103362862,0,2,1,7680,20,2482892852
6177,103361784,47288,103409072,0,8,0,1536,12,1448061947
6178,103391267,1042,103392309,0,6,1,1024,32,7392476417
6179,103396479,103220,103499699,0,9,0,38912,6,8749285447
6180,103396999,2946,103399945,0,2,1,3072,20,8828563101
6181,103399893,132188,103532081,0,7,0,73216,13,7944435404
6182,103422277,566,103422843,0,1,1,512,26,2161124317
6183,103427374,100031,103527405,0,2,0,20992,20,4251238837
6184,103428442,92552,103520994,0,2,0,24064,20,10567149823
6185,103446572,47288,103493860,0,5,0,1536,4,7399309126
6186,103466984,91592,103558576,0,9,0,15872,6,6759391648
6187,103478071,44060,103522131,0,8,0,1024,12,3717928638
6188,103479607,4850,103484457,0,0,1,5120,26,1300681160
6189,103480374,566,103480940,0,3,1,512,4,2376977174
6190,103484402,5196,103489598,0,2,1,13312,20,6672181332
6191,103489388,1518,103490906,0,1,1,1536,26,1912733263
6192,103511999,5196,103517195,0,6,1,13312,32,538537606
6193,103553643,74360,103628003,0,2,0,9728,20,2646769507
6194,103558260,566,103558826,0,1,1,512,26,7807693601
6195,103566452,48980,103615432,0,8,0,2048,12,6349025930
6196,103594493,47288,103641781,0,5,0,1536,4,8476923126
6197,103606327,70976,103677303,0,2,0,8704,20,3421444460
6198,103621129,120692,103741821,0,2,0,96256,20,3260073899
6199,103627826,4374,103632200,0,0,1,4608,26,8694373011
6200,103642935,3422,103646357,0,1,1,3584,26,3738745414
6201,103658255,7706,103665961,0,3,1,8192,4,974963534
6202,103675214,45596,103720810,0,8,0,1024,12,1133542688
6203,103679154,2470,103681624,0,3,1,2560,4,13015160
6204,103698466,87896,103786362,0,6,0,13824,32,8481466561
6205,103714736,33355,103748091,0,2,1,6656,20,9970385876
6206,103740799,5326,103746125,0,6,1,5632,32,33298390
6207,103746609,3645,103750254,0,5,1,10240,4,1355517510
6208,103750127,1994,103752121,0,1,1,2048,26,5974079765
6209,103763285,2946,103766231,0,2,1,3072,20,1171949996
6210,103767367,99944,103867311,0,2,0,28160,20,1248657973
6211,103814799,7230,103822029,0,6,1,7680,32,9198770393
6212,103899782,108524,104008306,0,2,0,56320,20,86832317
6213,103935498,97940,104033438,0,0,0,26624,26,4980399529
6214,103951910,4850,103956760,0,1,1,5120,26,4295937904
6215,103956594,45596,104002190,0,4,0,1024,33,6254783991
6216,103958456,7706,103966162,0,1,1,8192,26,895696551
6217,103976061,1994,103978055,0,1,1,2048,26,7698663516
6218,103989921,4374,103994295,0,3,1,4608,4,10381139805
6219,104011199,3422,104014621,0,3,1,3584,4,1794295006
6220,104032817,50672,104083489,0,8,0,2560,12,2479581175
6221,104043784,3898,104047682,0,8,1,4096,12,9572419153
6222,104050202,84512,104134714,0,2,0,12800,20,2702872769
6223,104127354,10757,104138111,0,8,1,17408,12,6247240194
6224,104133829,4374,104138203,0,0,1,4608,26,5706672859
6225,104156328,5802,104162130,0,8,1,6144,12,824114009
6226,104178086,47564,104225650,0,8,0,1024,12,10646272546
6227,104181453,3422,104184875,0,3,1,3584,4,6187812570
6228,104181584,4917,104186501,0,3,1,2560,4,5647420670
6229,104249653,16354,104266007,0,8,1,31744,12,9140713022
6230,104250667,88832,104339499,0,0,0,16896,26,6471476375
6231,104251164,1994,104253158,0,3,1,2048,4,1557110378
6232,104253143,13530,104266673,0,8,1,1024,12,3675092418
6233,104260852,110084,104370936,0,2,0,61440,20,3366123288
6234,104268870,110281,104379151,0,8,0,512,12,9370875039
6235,104269903,6278,104276181,0,8,1,6656,12,4080178321
6236,104288525,566,104289091,0,8,1,512,12,4155076514
6237,104302117,1042,104303159,0,2,1,1024,20,3830087081
6238,104308963,103220,104412183,0,6,0,38912,32,6815981502
6239,104350112,1518,104351630,0,8,1,1536,12,6574378654
6240,104446889,1518,104448407,0,3,1,1536,4,5602382128
6241,104452112,3904,104456016,0,1,1,10752,26,10286405152
6242,104470504,3422,104473926,0,2,1,3584,20,641966105
6243,104474821,115232,104590053,0,6,0,78336,32,10186258509
6244,104482652,3898,104486550,0,1,1,4096,26,10292784488
6245,104486342,2946,104489288,0,3,1,3072,4,6004484401
6246,104487053,2901,104489954,0,3,1,1024,4,648717468
6247,104522291,43904,104566195,0,9,0,512,6,7405478396
6248,104542427,60824,104603251,0,2,0,5632,20,1074964008
6249,104546697,106652,104653349,0,2,0,50176,20,3534642631
6250,104554509,96132,104650641,0,6,0,12800,32,1141779527
6251,104657589,48980,104706569,0,9,0,2048,6,7578898783
6252,104660223,102752,104762975,0,6,0,37376,32,5796454177
6253,104691209,2946,104694155,0,3,1,3072,4,366423191
6254,104692465,100880,104793345,0,2,0,31232,20,4182837510
6255,104696156,4162,104700318,0,3,1,11264,4,9024397812
6256,104717686,1994,104719680,0,2,1,2048,20,6162885081
6257,104732944,48980,104781924,0,6,0,2048,32,6297491523
6258,104762473,4162,104766635,0,2,1,11264,20,5821805406
6259,104777529,2870,104780399,0,3,1,8704,4,8050230527
6260,104777686,4538,104782224,0,3,1,2048,4,3936670638
6261,104800064,4850,104804914,0,0,1,5120,26,6083332038
6262,104801639,7781,104809420,0,0,1,7168,26,6620192151
6263,104802061,69908,104871969,0,9,0,10240,6,42114640
6264,104817040,5326,104822366,0,8,1,5632,12,239316542
6265,104851155,6278,104857433,0,9,1,6656,6,10483132215
6266,104896248,4162,104900410,0,8,1,11264,12,1578253039
6267,104905738,4374,104910112,0,3,1,4608,4,5199748908
6268,104906068,2870,104908938,0,7,1,8704,13,4740960918
6269,104931016,2470,104933486,0,2,1,2560,20,6697977157
6270,104943677,1042,104944719,0,3,1,1024,4,6751595888
6271,104947664,108368,105056032,0,6,0,55808,32,5018579638
6272,104952444,4850,104957294,0,0,1,5120,26,9924771200
6273,104956833,50984,105007817,0,6,0,3584,32,10248065657
6274,104992947,5802,104998749,0,8,1,6144,12,1035011656
6275,105005135,69284,105074419,0,9,0,8192,6,3322129640
6276,105023425,102908,105126333,0,6,0,37888,32,4345712497
6277,105032494,94376,105126870,0,9,0,19968,6,1995752727
6278,105053159,6278,105059437,0,2,1,6656,20,7336127173
6279,105077446,566,105078012,0,1,1,512,26,5101619087
6280,105084019,4374,105088393,0,2,1,4608,20,8555020021
6281,105096534,100412,105196946,0,9,0,29696,6,2851016954
6282,105103802,74050,105177852,0,9,0,9728,6,6319662652
6283,105120237,3128,105123365,0,3,1,9216,4,4781058027
6284,105142299,45596,105187895,0,4,0,1024,33,6833152917
6285,105147566,1994,105149560,0,3,1,2048,4,6897970388
6286,105151488,103376,105254864,0,2,0,39424,20,3671223021
6287,105174316,50672,105224988,0,4,0,2560,33,5862999031
6288,105178608,3898,105182506,0,3,1,4096,4,5324040600
6289,105181115,2470,105183585,0,0,1,2560,26,4218437854
6290,105202221,161912,105364133,0,2,0,140800,20,6958600092
6291,105205478,193689,105399167,0,2,0,37888,20,778138274
6292,105208504,45596,105254100,0,4,0,1024,33,2098051352
6293,105222653,5802,105228455,0,2,1,6144,20,8028769744
6294,105240114,7706,105247820,0,0,1,8192,26,9817914883
6295,105305982,186167,105492149,0,2,0,74752,20,4156529742
6296,105313040,5326,105318366,0,2,1,5632,20,7894214784
6297,105316368,1518,105317886,0,0,1,1536,26,6327086972
6298,105324350,112127,105436477,0,2,0,7680,20,95512473
6299,105333450,124592,105458042,0,9,0,109056,6,3363675680
6300,105382584,141330,105523914,0,2,0,9216,20,8009019015
6301,105396349,47288,105443637,0,4,0,1536,33,3302766754
6302,105452227,1042,105453269,0,3,1,1024,4,9373430211
6303,105481870,16613,105498483,0,0,1,32256,26,3023415175
6304,105550689,7706,105558395,0,3,1,8192,4,9858469474
6305,105572848,116636,105689484,0,2,0,82944,20,4018851118
6306,105643862,1994,105645856,0,3,1,2048,4,5633511953
6307,105663335,3422,105666757,0,0,1,3584,26,2056390402
6308,105673146,89456,105762602,0,1,0,18944,26,6419215475
6309,105679218,82482,105761700,0,2,0,12800,20,9419579540
6310,105702881,130225,105833106,0,2,0,34304,20,3051606434
6311,105724849,4679,105729528,0,3,1,12288,4,10225675750
6312,105807564,2946,105810510,0,2,1,3072,20,1870129065
6313,105827170,43904,105871074,0,8,0,512,12,4221430092
6314,105841577,45596,105887173,0,8,0,1024,12,5117290736
6315,105894152,43904,105938056,0,8,0,512,12,2336258672
6316,106001661,104156,106105817,0,9,0,41984,6,782490147
6317,106066068,1042,106067110,0,8,1,1024,12,5056139794
6318,106070119,1994,106072113,0,2,1,2048,20,937608263
6319,106095372,113345,106208717,0,9,0,37888,6,5546865485
6320,106144731,65717,106210448,0,9,0,5632,6,7973416760
6321,106148217,1042,106149259,0,0,1,1024,26,10025916977
6322,106173004,43904,106216908,0,8,0,512,12,8200806816
6323,106184202,50984,106235186,0,9,0,3584,6,2486414330
6324,106187380,12566,106199946,0,5,1,20992,4,6768567542
6325,106198703,3898,106202601,0,5,1,4096,4,9957129988
6326,106310914,566,106311480,0,2,1,512,20,5430599941
6327,106311648,4374,106316022,0,2,1,4608,20,2183510210
6328,106343857,56372,106400229,0,9,0,6144,6,8465439796
6329,106424910,86072,106510982,0,9,0,17920,6,912281959
6330,106490212,7706,106497918,0,2,1,8192,20,4918496637
6331,106535880,1994,106537874,0,5,1,2048,4,1095707345
6332,106542880,5712,106548592,0,0,1,14336,26,588550058
6333,106553351,5802,106559153,0,0,1,6144,26,5314896819
6334,106572527,1042,106573569,0,5,1,1024,4,7153922466
6335,106577086,43904,106620990,0,4,0,512,33,4279910709
6336,106622625,43904,106666529,0,4,0,512,33,6155620599
6337,106643661,3422,106647083,0,0,1,3584,26,7163012714
6338,106657202,2946,106660148,0,0,1,3072,26,8701820487
6339,106674980,43904,106718884,0,4,0,512,33,6053195154
6340,106734331,99788,106834119,0,9,0,27648,6,9746770166
6341,106745673,21141,106766814,0,0,1,34304,26,6029969851
6342,106752120,4850,106756970,0,7,1,5120,13,6235442067
6343,106784084,24670,106808754,0,0,1,44544,26,10305384726
6344,106831519,43904,106875423,0,4,0,512,33,9030850365
6345,106849199,43904,106893103,0,4,0,512,33,6734145707
6346,106851116,63833,106914949,0,4,0,512,33,2223956162
6347,106857419,5326,106862745,0,6,1,5632,32,8969924451
6348,106861125,43904,106905029,0,4,0,512,33,5140422062
6349,106863888,67748,106931636,0,9,0,8192,6,5628743645
6350,106895004,117398,107012402,0,9,0,60416,6,4880777441
6351,106919660,43904,106963564,0,4,0,512,33,7076786008
6352,106938502,141352,107079854,0,9,0,17408,6,3107131878
6353,106944034,34279,106978313,0,0,1,59904,26,5094494567
6354,106954225,134239,107088464,0,9,0,5632,6,6671428912
6355,106955250,50672,107005922,0,4,0,2560,33,8485238509
6356,106978537,2470,106981007,0,5,1,2560,4,8194847782
6357,106980077,106656,107086733,0,9,0,22528,6,953236021
6358,106996962,2870,106999832,0,5,1,8704,4,10099738948
6359,107002937,4374,107007311,0,6,1,4608,32,877726273
6360,107018719,100256,107118975,0,1,0,29184,26,9443644616
6361,107046442,128181,107174623,0,0,0,37376,26,908898086
6362,107060020,6229,107066249,0,5,1,15360,4,2007544845
6363,107089472,97292,107186764,0,9,0,19456,6,5643709630
6364,107099438,194960,107294398,0,9,0,178688,6,8859252058
6365,107100233,43904,107144137,0,4,0,512,33,9682034273
6366,107107866,81673,107189539,0,0,0,2048,26,4770952485
6367,107111156,77744,107188900,0,0,0,10752,26,1235975876
6368,107135510,104216,107239726,0,9,0,2048,6,7397576534
6369,107142573,4850,107147423,0,6,1,5120,32,6108683272
6370,107149334,152948,107302282,0,9,0,10752,6,5391260692
6371,107155322,19316,107174638,0,0,1,26112,26,4789073177
6372,107197564,247289,107444853,0,0,0,60416,26,1382291204
6373,107234203,1518,107235721,0,5,1,1536,4,10249285973
6374,107235049,3904,107238953,0,5,1,10752,4,8978233490
6375,107294497,2470,107296967,0,5,1,2560,4,372752810
6376,107310879,43904,107354783,0,9,0,512,6,7916301966
6377,107337205,3422,107340627,0,5,1,3584,4,2940666522
6378,107347793,4679,107352472,0,6,1,12288,32,1827323186
6379,107367240,43904,107411144,0,9,0,512,6,8005942226
6380,107378505,2946,107381451,0,1,1,3072,26,1319589043
6381,107390644,3128,107393772,0,5,1,9216,4,10451451176
6382,107405121,43904,107449025,0,9,0,512,6,8029558577
6383,107414260,82820,107497080,0,0,0,12288,26,1585910144
6384,107415109,3898,107419007,0,5,1,4096,4,9592641101
6385,107500153,48980,107549133,0,4,0,2048,33,5064054951
6386,107504766,107744,107612510,0,0,0,53760,26,9395963548
6387,107524652,5802,107530454,0,5,1,6144,4,3390073662
6388,107576713,43904,107620617,0,9,0,512,6,10001351962
6389,107622089,3422,107625511,0,6,1,3584,32,2168008329
6390,107668081,3422,107671503,0,6,1,3584,32,1290277453
6391,107709039,2470,107711509,0,6,1,2560,32,1810875388
6392,107781582,566,107782148,0,6,1,512,32,10079450385
6393,107874390,43904,107918294,0,4,0,512,33,4240069122
6394,107875745,4850,107880595,0,6,1,5120,32,967096661
6395,107905820,566,107906386,0,5,1,512,4,3740962117
6396,107910842,43904,107954746,0,4,0,512,33,5151475477
6397,107942058,566,107942624,0,5,1,512,4,193197152
6398,107965220,44920,108010140,0,4,1,77312,33,650925767
6399,107968570,1042,107969612,0,5,1,1024,4,6224653539
6400,107977670,106223,108083893,0,4,0,1024,33,9474565373
6401,107992111,91953,108084064,0,4,0,512,33,8509758828
6402,108019035,566,108019601,0,6,1,512,32,6189263471
6403,108023340,69955,108093295,0,4,0,512,33,2956522989
6404,108055267,2946,108058213,0,5,1,3072,4,5578326833
6405,108069260,47288,108116548,0,8,0,1536,12,4386622032
6406,108072227,45596,108117823,0,4,0,1024,33,9288663528
6407,108079534,22950,108102484,0,6,1,37888,32,7591895835
6408,108080515,47288,108127803,0,4,0,1536,33,2438516516
6409,108118183,15837,108134020,0,6,1,30720,32,7166494398
6410,108138725,91592,108230317,0,4,0,15872,33,3666874530
6411,108158151,10241,108168392,0,1,1,16384,26,6636941019
6412,108164581,53753,108218334,0,6,1,91136,32,2930335720
6413,108181187,43048,108224235,0,6,1,19968,32,8745126282
6414,108217120,83444,108300564,0,4,0,14336,33,1275919816
6415,108288307,1518,108289825,0,5,1,1536,4,2586381855
6416,108291417,77456,108368873,0,4,0,14848,33,2938301974
6417,108381664,2946,108384610,0,1,1,3072,26,6487917406
6418,108383470,3128,108386598,0,5,1,9216,4,7106438220
6419,108421003,2946,108423949,0,5,1,3072,4,182307443
6420,108452281,43904,108496185,0,3,0,512,4,10305815593
6421,108458948,102908,108561856,0,0,0,37888,26,1076957580
6422,108461885,3128,108465013,0,1,1,9216,26,4890884414
6423,108469109,3422,108472531,0,7,1,3584,13,7876673232
6424,108477911,53325,108531236,0,6,1,87040,32,9573971821
6425,108500038,48980,108549018,0,3,0,2048,4,6412447062
6426,108516332,47288,108563620,0,3,0,1536,4,9815620076
6427,108520029,3422,108523451,0,7,1,3584,13,7932419991
6428,108534629,47555,108582184,0,0,0,1536,26,7219778624
6429,108547334,181172,108728506,0,4,0,153600,33,5187327330
6430,108568932,3387,108572319,0,5,1,9728,4,9938714906
6431,108572754,43904,108616658,0,3,0,512,4,6497013042
6432,108585609,566,108586175,0,3,1,512,4,2209696235
6433,108592687,3128,108595815,0,1,1,9216,26,7028737134
6434,108632309,54056,108686365,0,8,0,3584,12,3810355945
6435,108639281,43904,108683185,0,3,0,512,4,8053705713
6436,108650797,95780,108746577,0,4,0,24576,33,1563543790
6437,108654550,1518,108656068,0,7,1,1536,13,1857090325
6438,108658581,43904,108702485,0,3,0,512,4,4746609470
6439,108692083,47288,108739371,0,3,0,1536,4,8562424304
6440,108697281,47288,108744569,0,3,0,1536,4,9080551470
6441,108701235,62516,108763751,0,0,0,6144,26,4240936875
6442,108716658,43904,108760562,0,8,0,512,12,7479769200
6443,108717410,4420,108721830,0,1,1,11776,26,8031316441
6444,108726595,43904,108770499,0,3,0,512,4,3152735339
6445,108729588,2470,108732058,0,1,1,2560,26,6086304670
6446,108750924,43904,108794828,0,8,0,512,12,2907363353
6447,108751896,1518,108753414,0,5,1,1536,4,6321477645
6448,108751927,2470,108754397,0,7,1,2560,13,3315367439
6449,108764005,1994,108765999,0,7,1,2048,13,4268899676
6450,108765425,3898,108769323,0,1,1,4096,26,5681102208
6451,108835287,100100,108935387,0,4,0,28672,33,10608056754
6452,108846677,45596,108892273,0,8,0,1024,12,950293986
6453,108853559,162522,109016081,0,4,0,65536,33,10060492165
6454,108869214,100109,108969323,0,4,0,11776,33,3350327575
6455,108887901,1042,108888943,0,1,1,1024,26,1003256433
6456,108892114,6229,108898343,0,6,1,15360,32,8045163852
6457,108941679,2470,108944149,0,5,1,2560,4,5176611017
6458,108949234,1518,108950752,0,1,1,1536,26,6524576971
6459,108950929,25187,108976116,0,6,1,45568,32,1059964749
6460,108989824,70976,109060800,0,4,0,8704,33,5757256204
6461,108993132,10241,109003373,0,6,1,16384,32,529779855
6462,108993807,25248,109019055,0,6,1,33792,32,9388136216
6463,108995316,1042,108996358,0,1,1,1024,26,9627535667
6464,109004658,36167,109040825,0,6,1,52736,32,10001951175
6465,109007260,5802,109013062,0,7,1,6144,13,5111734003
6466,109010101,3898,109013999,0,1,1,4096,26,10241921676
6467,109018320,1042,109019362,0,7,1,1024,13,6809602656
6468,109035947,5326,109041273,0,1,1,5632,26,3699759902
6469,109053365,43904,109097269,0,3,0,512,4,3011393003
6470,109077587,13253,109090840,0,6,1,25600,32,3788180853
6471,109091411,43904,109135315,0,3,0,512,4,6126232527
6472,109139498,1042,109140540,0,1,1,1024,26,8080192513
6473,109140692,45596,109186288,0,9,0,1024,6,5943038165
6474,109201271,217011,109418282,0,6,0,59392,32,5092851913
6475,109256485,2870,109259355,0,7,1,8704,13,101077865
6476,109270227,21916,109292143,0,6,1,35840,32,4990672408
6477,109272254,25688,109297942,0,6,1,27648,32,7471999864
6478,109322161,75295,109397456,0,6,1,126464,32,1458779335
6479,109333874,84423,109418297,0,6,1,25088,32,7484399142
6480,109364549,62158,109426707,0,7,1,100864,13,9831441751
6481,109366943,47288,109414231,0,8,0,1536,12,6403439884
6482,109373541,3898,109377439,0,1,1,4096,26,5367551681
6483,109415257,2470,109417727,0,1,1,2560,26,6495962544
6484,109424920,4679,109429599,0,6,1,12288,32,2226894216
6485,109480408,5802,109486210,0,1,1,6144,26,6867435649
6486,109480905,110864,109591769,0,4,0,64000,33,5128881444
6487,109488910,46471,109535381,0,7,1,80384,13,2844470962
6488,109502260,43904,109546164,0,8,0,512,12,1420728928
6489,109523842,44168,109568010,0,8,0,512,12,9136492126
6490,109525542,1518,109527060,0,2,1,1536,20,10631995371
6491,109531661,2470,109534131,0,2,1,2560,20,8621963586
6492,109535320,10499,109545819,0,6,1,16896,32,573984573
6493,109574963,81006,109655969,0,4,0,6656,33,2948585998
6494,109577969,43904,109621873,0,3,0,512,4,9937420554
6495,109583698,55562,109639260,0,6,1,94720,32,2990520329
6496,109589770,45596,109635366,0,8,0,1024,12,9736419130
6497,109599456,102908,109702364,0,4,0,37888,33,8034500919
6498,109602262,261321,109863583,0,6,0,33280,32,9086056254
6499,109620064,3904,109623968,0,1,1,10752,26,3465746686
6500,109647675,1042,109648717,0,1,1,1024,26,10566591447
6501,109659758,101348,109761106,0,6,0,32768,32,4007606976
6502,109668847,45596,109714443,0,8,0,1024,12,3924680293
6503,109669400,63878,109733278,0,7,1,107520,13,3986263584
6504,109686717,70844,109757561,0,4,0,13312,33,7480505715
6505,109694815,43887,109738702,0,6,1,75264,32,9191858842
6506,109695782,2470,109698252,0,1,1,2560,26,531715335
6507,109706652,32323,109738975,0,7,1,18944,13,2404137035
6508,109718068,2470,109720538,0,1,1,2560,26,1685326930
6509,109723243,20917,109744160,0,7,1,24576,13,9820729108
6510,109734880,45596,109780476,0,8,0,1024,12,3926012640
6511,109749936,87229,109837165,0,6,1,146432,32,7498241190
6512,109770334,68419,109838753,0,6,1,15872,32,2856715236
6513,109772856,31266,109804122,0,7,1,50688,13,3446733316
6514,109789154,52364,109841518,0,4,0,3072,33,4282459300
6515,109794387,69211,109863598,0,6,1,73216,32,8384112635
6516,109796217,9211,109805428,0,7,1,2048,13,2778519554
6517,109800897,14029,109814926,0,7,1,27136,13,8879727865
6518,109804594,110396,109914990,0,1,0,62464,26,5570118790
6519,109819228,64232,109883460,0,4,0,11776,33,10643233263
6520,109821594,118912,109940506,0,6,0,51712,32,2196316785
6521,109821709,118812,109940521,0,6,1,168448,32,6950373762
6522,109835994,57440,109893434,0,8,0,4608,12,7832770941
6523,109849660,2470,109852130,0,5,1,2560,4,2522572532
6524,109853006,45596,109898602,0,8,0,1024,12,3378501554
6525,109857926,4850,109862776,0,2,1,5120,20,8177299259
6526,109890816,46754,109937570,0,8,0,1024,12,4388374279
6527,109940668,12566,109953234,0,7,1,20992,13,10603578224
6528,109942065,10499,109952564,0,9,1,16896,6,2460193724
6529,109949725,1518,109951243,0,1,1,1536,26,7348809101
6530,109954937,45596,110000533,0,3,0,1024,4,5813535349
6531,109958969,45596,110004565,0,3,0,1024,4,9967498725
6532,110005076,195082,110200158,0,6,0,67584,32,3085637258
6533,110014351,23120,110037471,0,7,1,41472,13,5675597893
6534,110022097,47288,110069385,0,8,0,1536,12,5737702704
6535,110022762,43904,110066666,0,3,0,512,4,8514049722
6536,110056886,1518,110058404,0,2,1,1536,20,6374112848
6537,110058980,1994,110060974,0,9,1,2048,6,9224060705
6538,110060490,830,110061320,0,9,1,512,6,1945432995
6539,110062326,1042,110063368,0,9,1,1024,6,4922494797
6540,110065408,5326,110070734,0,2,1,5632,20,1278813277
6541,110083009,6278,110089287,0,1,1,6656,26,6862121480
6542,110083182,45596,110128778,0,5,0,1024,4,1062984625
6543,110087687,1518,110089205,0,9,1,1536,6,4969820843
6544,110099408,53495,110152903,0,7,1,90624,13,8531976726
6545,110104841,45596,110150437,0,8,0,1024,12,8037176697
6546,110110871,43904,110154775,0,3,0,512,4,10443470144
6547,110115135,45596,110160731,0,8,0,1024,12,6761166169
6548,110121493,44060,110165553,0,5,0,1024,4,5320115037
6549,110123021,45596,110168617,0,8,0,1024,12,6034236218
6550,110134449,43904,110178353,0,3,0,512,4,3655604875
6551,110145114,43904,110189018,0,8,0,512,12,10088577125
6552,110152875,102284,110255159,0,1,0,35840,26,2828852798
6553,110154411,3128,110157539,0,8,1,9216,12,3865999074
6554,110156063,1994,110158057,0,9,1,2048,6,5300738643
6555,110160645,3898,110164543,0,2,1,4096,20,3416082646
6556,110161731,62516,110224247,0,1,0,6144,26,1422662634
6557,110162755,6278,110169033,0,8,1,6656,12,8986515690
6558,110166863,3422,110170285,0,9,1,3584,6,9758013995
6559,110167267,6229,110173496,0,2,1,15360,20,7341561403
6560,110171773,42683,110214456,0,6,1,69632,32,2651067366
6561,110172463,3422,110175885,0,8,1,3584,12,6014059899
6562,110175650,39165,110214815,0,6,1,9728,32,1626216479
6563,110178844,2946,110181790,0,8,1,3072,12,8732396271
6564,110195591,43111,110238702,0,6,1,62464,32,9037358062
6565,110216243,342498,110558741,0,6,0,44544,32,1895240485
6566,110220702,1042,110221744,0,8,1,1024,12,7126319115
6567,110231254,116480,110347734,0,4,0,82432,33,10305164040
6568,110232334,43904,110276238,0,3,0,512,4,10140757510
6569,110254368,99479,110353847,0,1,0,24064,26,7900554938
6570,110264661,200816,110465477,0,6,0,41472,32,162871048
6571,110273070,6754,110279824,0,2,1,7168,20,8306804839
6572,110275309,134529,110409838,0,6,0,16896,32,2139715681
6573,110282789,2946,110285735,0,1,1,3072,26,7320454960
6574,110300221,62516,110362737,0,7,0,6144,13,1436459911
6575,110332328,2470,110334798,0,2,1,2560,20,82445026
6576,110334973,1042,110336015,0,0,1,1024,26,8707694289
6577,110340589,57440,110398029,0,7,0,4608,13,8965557298
6578,110348739,43904,110392643,0,8,0,512,12,2935374674
6579,110377115,45596,110422711,0,3,0,1024,4,3269524827
6580,110415028,43904,110458932,0,8,0,512,12,1269073950
6581,110434798,48980,110483778,0,5,0,2048,4,2120246136
6582,110445272,129740,110575012,0,4,0,125952,33,6067166486
6583,110445588,43904,110489492,0,8,0,512,12,2585448019
6584,110452639,125820,110578459,0,4,0,11264,33,2236340396
6585,110456385,22337,110478722,0,6,1,25600,32,2989010337
6586,110479441,43904,110523345,0,8,0,512,12,5808097673
6587,110484060,96598,110580658,0,4,0,7168,33,4091495410
6588,110501551,43904,110545455,0,8,0,512,12,4581604195
6589,110534967,116012,110650979,0,7,0,80896,13,5021921830
6590,110575119,4937,110580056,0,2,1,12800,20,1919137562
6591,110575542,144386,110719928,0,2,0,70656,20,245194785
6592,110604706,123825,110728531,0,2,0,28160,20,2592715412
6593,110606292,1042,110607334,0,8,1,1024,12,3659926258
6594,110614965,98696,110713661,0,4,0,24064,33,545112060
6595,110639198,61916,110701114,0,6,0,9216,32,9079678933
6596,110655560,84692,110740252,0,7,0,18432,13,2037254259
6597,110664695,45596,110710291,0,5,0,1024,4,4604775883
6598,110668661,77394,110746055,0,4,0,13312,33,6268707859
6599,110695103,566,110695669,0,2,1,512,20,5152892799
6600,110698549,30983,110729532,0,2,1,1024,20,10045378002
6601,110698569,107941,110806510,0,6,0,46080,32,3558723482
6602,110728480,93596,110822076,0,7,0,17408,13,2698384961
6603,110741633,114608,110856241,0,4,0,76288,33,10587975394
6604,110748109,175414,110923523,0,2,0,14848,20,2568820162
6605,110760652,43904,110804556,0,5,0,512,4,6363671843
6606,110777928,120046,110897974,0,6,0,46592,32,5447471987
6607,110786336,3422,110789758,0,2,1,3584,20,6062195139
6608,110813288,43904,110857192,0,8,0,512,12,5943738845
6609,110820588,566,110821154,0,6,1,512,32,7446773053
6610,110834534,92699,110927233,0,4,0,13824,33,5446242798
6611,110835130,43904,110879034,0,5,0,512,4,8013685999
6612,110877866,43904,110921770,0,5,0,512,4,674415026
6613,110880406,45596,110926002,0,8,0,1024,12,1180452058
6614,110886249,98626,110984875,0,4,0,15360,33,2892288514
6615,110895375,44499,110939874,0,6,1,68096,32,1579966977
6616,110895808,169263,111065071,0,4,0,117248,33,2122229759
6617,110898240,152815,111051055,0,6,0,12288,32,259831586
6618,110904855,12308,110917163,0,0,1,20480,26,7595812509
6619,110906172,58467,110964639,0,0,1,90624,26,3781056453
6620,110908833,3128,110911961,0,2,1,9216,20,6793510805
6621,110909358,45596,110954954,0,8,0,1024,12,9859432889
6622,110910649,48980,110959629,0,3,0,2048,4,6826734860
6623,110911462,28758,110940220,0,6,1,512,32,1809552267
6624,110929873,146714,111076587,0,6,0,28672,32,5353280103
6625,110931806,49201,110981007,0,3,0,512,4,1460545566
6626,110953564,136928,111090492,0,4,0,39424,33,2132835262
6627,110953800,5802,110959602,0,6,1,6144,32,1051385587
6628,110957244,47288,111004532,0,5,0,1536,4,9970389189
6629,110960361,43904,111004265,0,3,0,512,4,7448310738
6630,110971614,1518,110973132,0,6,1,1536,32,7032330047
6631,110972385,3422,110975807,0,2,1,3584,20,10716434180
6632,110973167,1042,110974209,0,6,1,1024,32,7237414763
6633,110977047,164669,111141716,0,4,0,60416,33,6872833852
6634,110979896,65900,111045796,0,7,0,7168,13,6754016903
6635,110987243,22950,111010193,0,0,1,37888,26,10727887100
6636,111003954,90921,111094875,0,4,0,14336,33,6330822182
6637,111005146,89530,111094676,0,2,0,19968,20,5661092740
6638,111008968,1518,111010486,0,6,1,1536,32,97391766
6639,111013115,3422,111016537,0,2,1,3584,20,6053778638
6640,111057562,2946,111060508,0,6,1,3072,32,9354341808
6641,111093543,48725,111142268,0,2,0,2560,20,8384318202
6642,111098019,11533,111109552,0,2,1,18944,20,1940946762
6643,111116549,6278,111122827,0,0,1,6656,26,5147375751
6644,111116579,6278,111122857,0,2,1,6656,20,1806438850
6645,111154397,85420,111239817,0,0,1,142848,26,376846206
6646,111162251,43904,111206155,0,5,0,512,4,4300350291
6647,111199585,45596,111245181,0,9,0,1024,6,3282885528
6648,111205163,51140,111256303,0,7,0,4096,13,7520665178
6649,111209723,1518,111211241,0,2,1,1536,20,6818597255
6650,111217468,52364,111269832,0,5,0,3072,4,2316514762
6651,111240768,56596,111297364,0,0,1,96768,26,1580631803
6652,111241016,104780,111345796,0,2,0,44032,20,2013992050
6653,111265517,43904,111309421,0,9,0,512,6,6372960373
6654,111275821,2470,111278291,0,1,1,2560,26,931706711
6655,111307207,45596,111352803,0,9,0,1024,6,5440524871
6656,111311893,95029,111406922,0,0,1,158208,26,686832890
6657,111316658,97340,111413998,0,2,0,29696,20,156176548
6658,111324351,47288,111371639,0,5,0,1536,4,499330647
6659,111328443,48980,111377423,0,2,0,2048,20,4172772441
6660,111334609,154023,111488632,0,2,0,51712,20,1997769337
6661,111364428,45596,111410024,0,9,0,1024,6,6413718181
6662,111377043,44276,111421319,0,2,0,512,20,1360227145
6663,111379094,47288,111426382,0,9,0,1536,6,726231089
6664,111419261,2470,111421731,0,8,1,2560,12,3703220392
6665,111422136,47288,111469424,0,5,0,1536,4,2819013268
6666,111459539,5802,111465341,0,3,1,6144,4,4084007263
6667,111469384,101972,111571356,0,4,0,34816,33,9405061208
6668,111507884,43904,111551788,0,2,0,512,20,110659890
6669,111527334,43904,111571238,0,9,0,512,6,3715414364
6670,111540617,75764,111616381,0,7,0,14336,13,6890894836
6671,111580008,43904,111623912,0,5,0,512,4,1154094896
6672,111592007,45596,111637603,0,9,0,1024,6,4811844688
6673,111615606,51907,111667513,0,7,0,4096,13,9805629943
6674,111654546,43904,111698450,0,5,0,512,4,1678972570
6675,111741575,47288,111788863,0,9,0,1536,6,8174594736
6676,111749433,45596,111795029,0,9,0,1024,6,8831684509
6677,111751852,89612,111841464,0,4,0,19456,33,8766673009
6678,111754675,45752,111800427,0,5,0,1536,4,5670351741
6679,111804595,43904,111848499,0,2,0,512,20,6637720493
6680,111804663,52364,111857027,0,4,0,3072,33,8384585215
6681,111843011,3898,111846909,0,8,1,4096,12,7122492748
6682,111877942,101660,111979602,0,4,0,33792,33,7741745635
6683,111890640,1042,111891682,0,8,1,1024,12,5854175613
6684,111895914,43904,111939818,0,9,0,512,6,6430578611
6685,111901836,4871,111906707,0,2,1,5120,20,8399951913
6686,111901848,45613,111947461,0,2,0,1024,20,2188505987
6687,112002964,4420,112007384,0,7,1,11776,13,2672764705
6688,112019575,3387,112022962,0,2,1,9728,20,6023639352
6689,112029481,1042,112030523,0,8,1,1024,12,4950100647
6690,112070787,104936,112175723,0,4,0,44544,33,6533385893
6691,112079975,1994,112081969,0,8,1,2048,12,1713006055
6692,112080771,3898,112084669,0,2,1,4096,20,8553751550
6693,112089688,120153,112209841,0,7,0,7680,13,8519462441
6694,112123531,115049,112238580,0,2,0,512,20,6025224959
6695,112144865,113828,112258693,0,7,0,73728,13,1157802340
6696,112171349,65733,112237082,0,9,0,2560,6,5759229631
6697,112175583,3645,112179228,0,9,1,10240,6,5278725068
6698,112197621,77900,112275521,0,4,0,11264,33,9818340795
6699,112249223,3128,112252351,0,2,1,9216,20,5897027252
6700,112252637,59600,112312237,0,4,0,6656,33,449035574
6701,112257407,6278,112263685,0,2,1,6656,20,9935348512
6702,112268005,90392,112358397,0,4,0,22016,33,7223707917
6703,112287470,43904,112331374,0,9,0,512,6,1975804433
6704,112288731,4850,112293581,0,2,1,5120,20,1697751370
6705,112300967,45596,112346563,0,9,0,1024,6,8096971444
6706,112356588,50672,112407260,0,7,0,2560,13,4193170634
6707,112360926,84716,112445642,0,4,0,23552,33,6798391974
6708,112378022,47288,112425310,0,9,0,1536,6,181362165
6709,112380419,62828,112443247,0,7,0,7168,13,3517877427
6710,112396452,47288,112443740,0,5,0,1536,4,9781044127
6711,112438408,1518,112439926,0,2,1,1536,20,4767715209
6712,112469177,45596,112514773,0,9,0,1024,6,8967238000
6713,112486635,1518,112488153,0,2,1,1536,20,6007395954
6714,112585675,48980,112634655,0,9,0,2048,6,3615797528
6715,112586144,43904,112630048,0,2,0,512,20,1988710100
6716,112589293,98852,112688145,0,7,0,24576,13,5461189340
6717,112596977,6754,112603731,0,1,1,7168,26,2643977161
6718,112598696,5701,112604397,0,1,1,1024,26,8937874725
6719,112608496,1994,112610490,0,1,1,2048,26,4792235486
6720,112632138,43904,112676042,0,5,0,512,4,4266512154
6721,112668203,12049,112680252,0,8,1,19968,12,4726590817
6722,112692947,13253,112706200,0,7,1,25600,13,3989008160
6723,112706059,50672,112756731,0,9,0,2560,6,7020255081
6724,112753040,102752,112855792,0,7,0,37376,13,3781540966
6725,112769113,205309,112974422,0,7,0,40960,13,6154105377
6726,112816504,3898,112820402,0,1,1,4096,26,1794344904
6727,112825837,45596,112871433,0,2,0,1024,20,8344625124
6728,112855773,7230,112863003,0,2,1,7680,20,5423647222
6729,112867065,48980,112916045,0,5,0,2048,4,5296863634
6730,112872370,47288,112919658,0,2,0,1536,20,5189581745
6731,112896012,1994,112898006,0,1,1,2048,26,9946151154
6732,112907300,103844,113011144,0,4,0,40960,33,10591150696
6733,112908523,1042,112909565,0,2,1,1024,20,3032121818
6734,112922558,3422,112925980,0,2,1,3584,20,8003584811
6735,112923605,1994,112925599,0,8,1,2048,12,8755114436
6736,112946758,52364,112999122,0,5,0,3072,4,732063265
6737,112954855,48980,113003835,0,9,0,2048,6,1637230947
6738,112975467,2946,112978413,0,8,1,3072,12,8066335751
6739,112975963,566,112976529,0,1,1,512,26,9562600929
6740,112978971,1994,112980965,0,2,1,2048,20,6776945839
6741,113022315,2946,113025261,0,8,1,3072,12,7067710428
6742,113029249,7230,113036479,0,8,1,7680,12,1150163033
6743,113038690,91322,113130012,0,2,0,512,20,5215106976
6744,113039317,98696,113138013,0,0,0,24064,26,7838616884
6745,113053606,2470,113056076,0,1,1,2560,26,3058681046
6746,113070729,3898,113074627,0,1,1,4096,26,729530402
6747,113090942,3422,113094364,0,3,1,3584,4,3841029618
6748,113094308,43904,113138212,0,2,0,512,20,9560162474
6749,113155701,47288,113202989,0,5,0,1536,4,10635093419
6750,113187734,47288,113235022,0,3,0,1536,4,5427468223
6751,113205428,43904,113249332,0,5,0,512,4,578467080
6752,113208365,5712,113214077,0,8,1,14336,12,3446903595
6753,113210929,47288,113258217,0,2,0,1536,20,7477793690
6754,113212372,58806,113271178,0,5,0,512,4,10616665134
6755,113227651,5196,113232847,0,1,1,13312,26,8985069920
6756,113271809,5326,113277135,0,6,1,5632,32,5980913431
6757,113272111,43904,113316015,0,2,0,512,20,10469037701
6758,113284319,120692,113405011,0,4,0,96256,33,3530645681
6759,113297162,47288,113344450,0,9,0,1536,6,10210937308
6760,113328082,1518,113329600,0,5,1,1536,4,6778069706
6761,113332078,45596,113377674,0,2,0,1024,20,4834619167
6762,113346635,1518,113348153,0,1,1,1536,26,3476897898
6763,113375621,50672,113426293,0,2,0,2560,20,6265876295
6764,113402913,45596,113448509,0,9,0,1024,6,54054310
6765,113441354,43904,113485258,0,5,0,512,4,10426384760
6766,113441878,43904,113485782,0,2,0,512,20,1151769158
6767,113447242,96980,113544222,0,4,0,18432,33,1146097693
6768,113451840,101601,113553441,0,4,0,30208,33,4879624925
6769,113455260,43904,113499164,0,8,0,512,12,5599394694
6770,113473330,3387,113476717,0,5,1,9728,4,9685782838
6771,113478212,194104,113672316,0,4,0,67072,33,4330889721
6772,113487535,5326,113492861,0,5,1,5632,4,1746845291
6773,113494729,47288,113542017,0,2,0,1536,20,180656864
6774,113504732,47288,113552020,0,9,0,1536,6,6545639057
6775,113510016,47288,113557304,0,9,0,1536,6,1515855045
6776,113514436,101816,113616252,0,4,0,34304,33,8878798161
6777,113518485,45596,113564081,0,5,0,1024,4,1490052896
6778,113527190,45596,113572786,0,9,0,1024,6,1278788000
6779,113527468,116451,113643919,0,5,0,1536,4,4569170774
6780,113529537,44060,113573597,0,2,0,1024,20,1122901567
6781,113553786,47288,113601074,0,9,0,1536,6,5737718419
6782,113581292,43904,113625196,0,9,0,512,6,5920981411
6783,113583493,2470,113585963,0,5,1,2560,4,6638676347
6784,113595302,5326,113600628,0,1,1,5632,26,1602770981
6785,113603273,2946,113606219,0,1,1,3072,26,4295324708
6786,113656571,48980,113705551,0,5,0,2048,4,5234528119
6787,113677401,6754,113684155,0,5,1,7168,4,10734212318
6788,113688720,45596,113734316,0,9,0,1024,6,3658161398
6789,113714383,3422,113717805,0,5,1,3584,4,8891084860
6790,113794643,43904,113838547,0,5,0,512,4,6166985313
6791,113795851,13341,113809192,0,1,1,22528,26,1957281966
6792,113816040,43904,113859944,0,2,0,512,20,2942971113
6793,113822551,48980,113871531,0,3,0,2048,4,8572911428
6794,113828174,2470,113830644,0,1,1,2560,26,9399511275
6795,113833237,6278,113839515,0,5,1,6656,4,8187515596
6796,113858299,63053,113921352,0,5,0,512,4,7628216665
6797,113888534,43904,113932438,0,9,0,512,6,3573894477
6798,113889812,45596,113935408,0,2,0,1024,20,6331200063
6799,113902557,566,113903123,0,5,1,512,4,7188610392
6800,113902988,103844,114006832,0,4,0,40960,33,7560695984
6801,113919470,65900,113985370,0,4,0,7168,33,3882709092
6802,113928243,1994,113930237,0,5,1,2048,4,7416280531
6803,113938453,45596,113984049,0,9,0,1024,6,8700775106
6804,113943355,43904,113987259,0,3,0,512,4,9221495493
6805,113963044,145392,114108436,0,4,0,74752,33,1898363701
6806,113970128,1518,113971646,0,5,1,1536,4,5926127721
6807,113973683,45596,114019279,0,2,0,1024,20,3344079923
6808,113993106,47288,114040394,0,9,0,1536,6,7717686912
6809,113996502,45596,114042098,0,3,0,1024,4,3000357697
6810,114011680,98495,114110175,0,4,0,5632,33,7952320415
6811,114029833,2870,114032703,0,8,1,8704,12,2703104376
6812,114047992,45596,114093588,0,3,0,1024,4,5207821340
6813,114077130,43904,114121034,0,5,0,512,4,3839821296
6814,114091732,112788,114204520,0,4,0,25600,33,3738889505
6815,114102753,45596,114148349,0,3,0,1024,4,7982421442
6816,114103418,15837,114119255,0,0,1,30720,26,3389751999
6817,114104505,90471,114194976,0,0,1,133120,26,2123944607
6818,114106207,45596,114151803,0,2,0,1024,20,2013111970
6819,114122343,43904,114166247,0,2,0,512,20,5808054977
6820,114124277,74565,114198842,0,0,1,6144,26,5163721274
6821,114131629,88513,114220142,0,0,1,69120,26,2724243161
6822,114133687,45596,114179283,0,5,0,1024,4,3705429115
6823,114141998,86540,114228538,0,6,0,19456,32,1949884371
6824,114142172,45596,114187768,0,9,0,1024,6,5187548304
6825,114147731,6278,114154009,0,8,1,6656,12,9009351199
6826,114164615,47288,114211903,0,3,0,1536,4,6737724933
6827,114178991,56602,114235593,0,0,1,57344,26,1833916976
6828,114182696,3422,114186118,0,5,1,3584,4,7329754077
6829,114194615,5454,114200069,0,8,1,13824,12,6047914509
6830,114197968,43904,114241872,0,9,0,512,6,9400109026
6831,114218562,566,114219128,0,5,1,512,4,5089832444
6832,114229992,3422,114233414,0,8,1,3584,12,3024170371
6833,114242378,43904,114286282,0,2,0,512,20,9126363041
6834,114296055,52364,114348419,0,3,0,3072,4,1715580810
6835,114331989,43904,114375893,0,2,0,512,20,7560427625
6836,114338652,43904,114382556,0,5,0,512,4,444406315
6837,114356078,41132,114397210,0,0,1,66560,26,7627147196
6838,114374601,48980,114423581,0,9,0,2048,6,1414626773
6839,114384325,79592,114463917,0,4,0,11776,33,8099022203
6840,114410012,43904,114453916,0,5,0,512,4,3931718433
6841,114429917,45752,114475669,0,3,0,1536,4,3215359966
6842,114458410,48980,114507390,0,3,0,2048,4,10727914249
6843,114463960,7230,114471190,0,0,1,7680,26,7242327101
6844,114505743,45596,114551339,0,9,0,1024,6,8341796803
6845,114506708,68013,114574721,0,9,0,1024,6,7447753261
6846,114506751,47288,114554039,0,9,0,1536,6,2864827974
6847,114524996,3898,114528894,0,9,1,4096,6,2666461542
6848,114526966,3422,114530388,0,5,1,3584,4,7651179009
6849,114530587,54056,114584643,0,3,0,3584,4,9230750954
6850,114530722,4850,114535572,0,9,1,5120,6,6434155037
6851,114552373,102752,114655125,0,4,0,37376,33,8359541815
6852,114554318,1518,114555836,0,9,1,1536,6,5339036628
6853,114558510,65612,114624122,0,1,0,11264,26,10603321394
6854,114567827,48980,114616807,0,2,0,2048,20,5131483918
6855,114596995,43904,114640899,0,3,0,512,4,6464136591
6856,114634162,2470,114636632,0,5,1,2560,4,8678247691
6857,114686842,45596,114732438,0,5,0,1024,4,10678234661
6858,114700091,43904,114743995,0,2,0,512,20,10370036259
6859,114700993,3422,114704415,0,2,1,3584,20,4445457639
6860,114704914,3422,114708336,0,5,1,3584,4,4524015467
6861,114733441,1994,114735435,0,5,1,2048,4,5513885261
6862,114744266,84068,114828334,0,6,0,16384,32,835629720
6863,114744453,5326,114749779,0,5,1,5632,4,1662883824
6864,114756016,5326,114761342,0,5,1,5632,4,10629840088
6865,114757946,47288,114805234,0,3,0,1536,4,141036013
6866,114769497,44060,114813557,0,9,0,1024,6,2992188350
6867,114780325,43904,114824229,0,3,0,512,4,9671120652
6868,114791610,48980,114840590,0,3,0,2048,4,7129517832
6869,114795874,43904,114839778,0,5,0,512,4,2211659054
6870,114882219,45596,114927815,0,9,0,1024,6,5992418712
6871,114905363,45596,114950959,0,2,0,1024,20,9247467920
6872,114960977,1042,114962019,0,8,1,1024,12,7724927226
6873,114972238,43904,115016142,0,2,0,512,20,5016252725
6874,115005147,47288,115052435,0,2,0,1536,20,5256807257
6875,115010886,106964,115117850,0,6,0,51200,32,7351982143
6876,115027644,45596,115073240,0,3,0,1024,4,8278633220
6877,115124543,64208,115188751,0,6,0,6656,32,8491177345
6878,115130582,11274,115141856,0,1,1,18432,26,10683920011
6879,115134426,7776,115142202,0,1,1,512,26,8055155379
6880,115171227,45596,115216823,0,5,0,1024,4,10400293408
6881,115178015,47288,115225303,0,2,0,1536,20,10608672657
6882,115220752,45752,115266504,0,9,0,1536,6,2023434301
6883,115224174,43904,115268078,0,3,0,512,4,9604691830
6884,115228406,48980,115277386,0,9,0,2048,6,843596888
6885,115283134,45596,115328730,0,2,0,1024,20,1891923256
6886,115286668,43904,115330572,0,5,0,512,4,7772078133
6887,115286895,43904,115330799,0,5,0,512,4,8523576652
6888,115315016,50672,115365688,0,5,0,2560,4,351349475
6889,115318575,566,115319141,0,1,1,512,26,6024271075
6890,115345846,6278,115352124,0,8,1,6656,12,1294224180
6891,115359570,4850,115364420,0,1,1,5120,26,5586211229
6892,115366738,45596,115412334,0,9,0,1024,6,8327063733
6893,115463827,2946,115466773,0,8,1,3072,12,2620913929
6894,115474028,3422,115477450,0,1,1,3584,26,8433414394
6895,115475620,45596,115521216,0,3,0,1024,4,7192471725
6896,115482673,115544,115598217,0,5,0,79360,4,8033757609
6897,115510271,11791,115522062,0,1,1,19456,26,423969449
6898,115512693,105810,115618503,0,5,0,8704,4,8372878392
6899,115600234,49136,115649370,0,9,0,2560,6,258511551
6900,115681100,45596,115726696,0,9,0,1024,6,2466571301
6901,115695477,3904,115699381,0,8,1,10752,12,3168120905
6902,115743780,4420,115748200,0,8,1,11776,12,3033126739
6903,115767246,43904,115811150,0,9,0,512,6,9217838822
6904,115768705,2946,115771651,0,1,1,3072,26,6157255756
6905,115816753,43904,115860657,0,9,0,512,6,2318327823
6906,115832150,3422,115835572,0,8,1,3584,12,3598400877
6907,115910164,3422,115913586,0,8,1,3584,12,8350454146
6908,115912886,1518,115914404,0,1,1,1536,26,8159430980
6909,115934435,3898,115938333,0,5,1,4096,4,4585465206
6910,115950835,47288,115998123,0,9,0,1536,6,6067255985
6911,115963295,1042,115964337,0,1,1,1024,26,8254423526
6912,115979314,1518,115980832,0,8,1,1536,12,5962482423
6913,115986778,54056,116040834,0,3,0,3584,4,194600905
6914,115993767,47550,116041317,0,3,0,1536,4,664414989
6915,116045961,5326,116051287,0,1,1,5632,26,10212671673
6916,116047884,107588,116155472,0,6,0,53248,32,5524532797
6917,116071514,5326,116076840,0,8,1,5632,12,4017933607
6918,116083200,96980,116180180,0,6,0,18432,32,4233385403
6919,116096722,43904,116140626,0,9,0,512,6,3467810148
6920,116131071,43904,116174975,0,3,0,512,4,9810182366
6921,116158058,566,116158624,0,9,1,512,6,10377278873
6922,116220003,47288,116267291,0,8,0,1536,12,9896292741
6923,116254536,5802,116260338,0,8,1,6144,12,10356433651
6924,116288564,54212,116342776,0,6,0,4096,32,71671641
6925,116301147,98228,116399375,0,4,0,22528,33,1338848501
6926,116333497,101972,116435469,0,7,0,34816,13,1301981087
6927,116361497,566,116362063,0,1,1,512,26,2760266820
6928,116363673,43904,116407577,0,9,0,512,6,7776581899
6929,116368164,14287,116382451,0,8,1,27648,12,2767739302
6930,116387505,5971,116393476,0,8,1,14848,12,2704433146
6931,116412176,49292,116461468,0,6,0,3072,32,6769324057
6932,116414316,104468,116518784,0,4,0,43008,33,1968511002
6933,116416063,566,116416629,0,1,1,512,26,298374541
6934,116417423,5326,116422749,0,8,1,5632,12,804521030
6935,116419084,43904,116462988,0,3,0,512,4,1541863459
6936,116457396,104798,116562194,0,4,0,23040,33,6104656643
6937,116460184,45596,116505780,0,9,0,1024,6,8441190630
6938,116464225,56060,116520285,0,6,0,5120,32,4806670172
6939,116467986,1042,116469028,0,1,1,1024,26,804212082
6940,116477854,47288,116525142,0,3,0,1536,4,4997101799
6941,116527322,103376,116630698,0,6,0,39424,32,3862833477
6942,116550409,111956,116662365,0,6,0,67584,32,7747907996
6943,116570271,81152,116651423,0,7,0,16896,13,1251157333
6944,116577191,43904,116621095,0,2,0,512,20,243844236
6945,116578410,43904,116622314,0,9,0,512,6,5166676629
6946,116580673,106652,116687325,0,4,0,50176,33,5318466552
6947,116634874,47288,116682162,0,2,0,1536,20,3157001337
6948,116636481,142776,116779257,0,4,0,52224,33,5595066316
6949,116665690,43904,116709594,0,2,0,512,20,7122737256
6950,116667705,45596,116713301,0,3,0,1024,4,6982209377
6951,116676456,43904,116720360,0,2,0,512,20,5695084216
6952,116688210,45596,116733806,0,9,0,1024,6,1393991901
6953,116719463,45596,116765059,0,3,0,1024,4,10044193217
6954,116767101,97760,116864861,0,7,0,20992,13,5533839576
6955,116774974,43904,116818878,0,2,0,512,20,9855371277
6956,116788185,52364,116840549,0,9,0,3072,6,5249897730
6957,116840684,97292,116937976,0,4,0,19456,33,10548298903
6958,116843608,46120,116889728,0,3,0,1024,4,10030857846
6959,116850885,43904,116894789,0,2,0,512,20,584799047
6960,116864442,43904,116908346,0,3,0,512,4,9644586708
6961,116873235,67876,116941111,0,4,0,10240,33,5600919286
6962,116928685,44060,116972745,0,2,0,1024,20,10387143194
6963,116938217,45596,116983813,0,9,0,1024,6,9298703335
6964,116953705,43904,116997609,0,3,0,512,4,5095633766
6965,116955504,43904,116999408,0,2,0,512,20,8074910450
6966,116978463,43904,117022367,0,3,0,512,4,5723031918
6967,116979387,108524,117087911,0,4,0,56320,33,10085422063
6968,116982929,49496,117032425,0,9,0,2048,6,8382347980
6969,116992557,43904,117036461,0,9,0,512,6,3051925572
6970,116998230,45596,117043826,0,3,0,1024,4,8698650816
6971,117031834,1994,117033828,0,6,1,2048,32,2742214452
6972,117046183,47288,117093471,0,3,0,1536,4,9519967413
6973,117081915,6488,117088403,0,0,1,15872,26,4152803177
6974,117097679,118664,117216343,0,7,0,89600,13,6742427806
6975,117107549,145334,117252883,0,7,0,53248,13,1650377846
6976,117120169,43904,117164073,0,2,0,512,20,2992093427
6977,117151294,44404,117195698,0,0,1,76288,26,10283461046
6978,117172766,43904,117216670,0,3,0,512,4,2805796674
6979,117193508,98384,117291892,0,4,0,23040,33,8456707215
6980,117233811,103220,117337031,0,7,0,38912,13,2533098369
6981,117237010,115497,117352507,0,7,0,27136,13,81647322
6982,117263698,123656,117387354,0,9,0,105984,6,10117910327
6983,117267234,45752,117312986,0,2,0,1536,20,1716250846
6984,117267238,47288,117314526,0,3,0,1536,4,7692651086
6985,117279070,113984,117393054,0,4,0,74240,33,8823890712
6986,117301606,45596,117347202,0,3,0,1024,4,6282694631
6987,117317434,67772,117385206,0,5,0,13312,4,830332978
6988,117330587,69284,117399871,0,5,0,8192,4,3667473252
6989,117336950,3387,117340337,0,1,1,9728,26,6043580745
6990,117342627,566,117343193,0,5,1,512,4,6710067121
6991,117347241,54056,117401297,0,5,0,3584,4,10212208268
6992,117365123,43904,117409027,0,3,0,512,4,5514170702
6993,117375730,566,117376296,0,5,1,512,4,3569602302
6994,117394964,98408,117493372,0,9,0,28160,6,2168759143
6995,117399777,45596,117445373,0,2,0,1024,20,8284885351
6996,117434488,2946,117437434,0,6,1,3072,32,2633587803
6997,117453143,3645,117456788,0,6,1,10240,32,4639067617
6998,117506510,62516,117569026,0,9,0,6144,6,1210006210
6999,117526254,1518,117527772,0,8,1,1536,12,7714876769
7000,117536964,43904,117580868,0,3,0,512,4,9986207766
7001,117542000,6229,117548229,0,3,1,15360,4,8858417328
7002,117548375,566,117548941,0,6,1,512,32,6766394382
7003,117550688,2470,117553158,0,6,1,2560,32,4545237105
7004,117576812,132573,117709385,0,3,0,512,4,6186779578
7005,117577361,3904,117581265,0,8,1,10752,12,191133937
7006,117597425,5454,117602879,0,1,1,13824,26,4079272328
7007,117601244,1994,117603238,0,8,1,2048,12,213872063
7008,117645836,566,117646402,0,8,1,512,12,4680744914
7009,117670046,75164,117745210,0,7,0,17408,13,3743434799
7010,117672903,45596,117718499,0,9,0,1024,6,2230302389
7011,117676939,103064,117780003,0,7,0,38400,13,2065287641
7012,117710118,116074,117826192,0,7,0,50176,13,5737772622
7013,117738879,104156,117843035,0,9,0,41984,6,3170206288
7014,117750810,109018,117859828,0,7,0,2048,13,553951861
7015,117766781,7706,117774487,0,6,1,8192,32,4929960935
7016,117775166,3924,117779090,0,1,1,10752,26,7619529558
7017,117775177,6707,117781884,0,1,1,3584,26,2967619290
7018,117780039,104000,117884039,0,5,0,41472,4,10435608654
7019,117787026,1042,117788068,0,5,1,1024,4,9763561948
7020,117810652,5454,117816106,0,5,1,13824,4,8062313900
7021,117820363,1042,117821405,0,6,1,1024,32,5572410144
7022,117833744,47288,117881032,0,3,0,1536,4,5098087391
7023,117843936,44060,117887996,0,3,0,1024,4,8385127291
7024,117852253,3904,117856157,0,7,1,10752,13,1327476183
7025,117860527,48980,117909507,0,3,0,2048,4,3355562946
7026,117877912,53441,117931353,0,3,0,2048,4,9204437783
7027,117893633,1994,117895627,0,1,1,2048,26,4731981027
7028,117905801,5802,117911603,0,1,1,6144,26,7752552961
7029,117917149,1042,117918191,0,1,1,1024,26,316766685
7030,117945808,7230,117953038,0,6,1,7680,32,9558730493
7031,117968991,112424,118081415,0,9,0,69120,6,7830092942
7032,117971052,45437,118016489,0,7,1,78336,13,1286919146
7033,117978599,1042,117979641,0,5,1,1024,4,10264669631
7034,118009236,102533,118111769,0,9,0,16384,6,9046370731
7035,118072563,168698,118241261,0,9,0,35840,6,2679674512
7036,118078481,2946,118081427,0,6,1,3072,32,980738131
7037,118078945,148828,118227773,0,9,0,107520,6,8741912289
7038,118161623,45596,118207219,0,3,0,1024,4,5688279529
7039,118196185,129496,118325681,0,9,0,21504,6,7430530390
7040,118214581,82493,118297074,0,9,0,8192,6,9976539275
7041,118214982,1042,118216024,0,6,1,1024,32,705337269
7042,118234198,7706,118241904,0,5,1,8192,4,33149716
7043,118248045,99188,118347233,0,7,0,30720,13,4750275553
7044,118258270,1518,118259788,0,6,1,1536,32,9671617971
7045,118269893,160764,118430657,0,7,0,19968,13,9566809202
7046,118279531,43904,118323435,0,8,0,512,12,1562558093
7047,118282239,3387,118285626,0,6,1,9728,32,8889168383
7048,118383997,26738,118410735,0,0,1,48640,26,2315093360
7049,118386675,58688,118445363,0,5,0,8704,4,8304303059
7050,118416113,43716,118459829,0,0,1,71680,26,9725916868
7051,118427635,122720,118550355,0,9,0,102912,6,8546330058
7052,118431247,11016,118442263,0,6,1,17920,32,3081493344
7053,118450876,99970,118550846,0,9,0,1536,6,5446498814
7054,118466972,4850,118471822,0,5,1,5120,4,8397656338
7055,118508221,566,118508787,0,5,1,512,4,6561936419
7056,118515509,100568,118616077,0,7,0,30208,13,2881852818
7057,118528844,1994,118530838,0,5,1,2048,4,9798305648
7058,118536357,116430,118652787,0,9,0,36352,6,606690785
7059,118560927,16354,118577281,0,0,1,31744,26,8736596960
7060,118577981,93566,118671547,0,0,1,152064,26,6568261126
7061,118583328,5326,118588654,0,6,1,5632,32,2783345596
7062,118602986,71624,118674610,0,5,0,15872,4,4005799183
7063,118634285,5802,118640087,0,6,1,6144,32,2974919434
7064,118658713,1994,118660707,0,3,1,2048,4,7788873395
7065,118680898,20624,118701522,0,7,1,33280,13,6129105254
7066,118699315,57440,118756755,0,9,0,4608,6,3160569731
7067,118725289,3422,118728711,0,5,1,3584,4,2213313326
7068,118734050,116792,118850842,0,7,0,83456,13,9575623068
7069,118777572,97916,118875488,0,9,0,21504,6,2405721471
7070,118787302,3904,118791206,0,7,1,10752,13,110255257
7071,118810426,1042,118811468,0,6,1,1024,32,9800462895
7072,118820591,3645,118824236,0,5,1,10240,4,1926632866
7073,118827198,80708,118907906,0,5,0,20480,4,9388328135
7074,118831817,4850,118836667,0,6,1,5120,32,3795121149
7075,118841357,1042,118842399,0,3,1,1024,4,2312928900
7076,118849450,44662,118894112,0,0,1,76800,26,7692479733
7077,118850121,54821,118904942,0,0,1,43520,26,7861136827
7078,118866276,45596,118911872,0,2,0,1024,20,6999353838
7079,118891189,52364,118943553,0,2,0,3072,20,2468264524
7080,118932868,43200,118976068,0,0,1,70656,26,1368311088
7081,118944489,5326,118949815,0,6,1,5632,32,6821181668
7082,118948557,93152,119041709,0,9,0,20992,6,6151394481
7083,118958573,118040,119076613,0,7,0,87552,13,5215233411
7084,118961210,62384,119023594,0,9,0,10752,6,4911966995
7085,118963811,65768,119029579,0,5,0,11776,4,5127590612
7086,118986467,43904,119030371,0,2,0,512,20,1003447401
7087,119004842,7230,119012072,0,7,1,7680,13,9100045580
7088,119024994,566,119025560,0,7,1,512,13,9085504793
7089,119041922,110084,119152006,0,7,0,61440,13,8079986227
7090,119043103,116480,119159583,0,5,0,82432,4,3897529498
7091,119047954,51452,119099406,0,4,0,5120,33,8414262807
7092,119054422,43904,119098326,0,2,0,512,20,10168171666
7093,119091589,44233,119135822,0,0,1,72704,26,1708231251
7094,119121177,119730,119240907,0,5,0,49664,4,5196906736
7095,119160944,190495,119351439,0,5,0,22016,4,5516404448
7096,119161244,137071,119298315,0,5,0,59392,4,4784807314
7097,119169601,134033,119303634,0,5,0,17408,4,6870654145
7098,119170938,3387,119174325,0,5,1,9728,4,2406528557
7099,119192529,103532,119296061,0,9,0,39936,6,627525270
7100,119198402,3898,119202300,0,5,1,4096,4,9238584960
7101,119261136,52364,119313500,0,2,0,3072,20,8758572144
7102,119271252,168993,119440245,0,5,0,85504,4,9068583866
7103,119273037,566,119273603,0,5,1,512,4,9841347746
7104,119283678,49448,119333126,0,9,0,3584,6,5415813018
7105,119321832,4420,119326252,0,5,1,11776,4,4274508130
7106,119327006,53325,119380331,0,7,1,87040,13,3322230739
7107,119350867,101192,119452059,0,9,0,32256,6,5801694533
7108,119353759,3645,119357404,0,5,1,10240,4,4228722698
7109,119383721,121564,119505285,0,9,0,74752,6,5813647808
7110,119417040,43975,119461015,0,7,1,72192,13,4059390232
7111,119504335,2946,119507281,0,5,1,3072,4,96358112
7112,119511375,84921,119596296,0,5,0,12800,4,2722804445
7113,119530568,3904,119534472,0,0,1,10752,26,9963986705
7114,119543538,5196,119548734,0,0,1,13312,26,7018756729
7115,119547678,1042,119548720,0,5,1,1024,4,8607972337
7116,119553010,11016,119564026,0,0,1,17920,26,4519547837
7117,119587223,1994,119589217,0,5,1,2048,4,5079648001
7118,119588681,23983,119612664,0,0,1,39936,26,7127352035
7119,119601068,13862,119614930,0,0,1,3584,26,1339299876
7120,119622907,4162,119627069,0,5,1,11264,4,2024300090
7121,119659339,122020,119781359,0,5,0,52736,4,2199870634
7122,119692713,13253,119705966,0,7,1,25600,13,7434533039
7123,119703459,2470,119705929,0,5,1,2560,4,9161436915
7124,119706627,566,119707193,0,6,1,512,32,9267029835
7125,119721575,22433,119744008,0,7,1,36864,13,5858218300
7126,119734179,3645,119737824,0,9,1,10240,6,1745425401
7127,119736975,11859,119748834,0,7,1,7680,13,10208439639
7128,119794221,2470,119796691,0,9,1,2560,6,9751126081
7129,119797550,7706,119805256,0,5,1,8192,4,1951178239
7130,119851170,4850,119856020,0,5,1,5120,4,2222467301
7131,119865064,33762,119898826,0,7,1,58880,13,3164719219
7132,119871177,7230,119878407,0,9,1,7680,6,10370954232
7133,119877871,1522,119879393,0,9,1,1536,6,668603545
7134,119910928,43904,119954832,0,2,0,512,20,2105926034
7135,119911506,227195,120138701,0,5,0,173568,4,4676942032
7136,119916429,12308,119928737,0,9,1,20480,6,7218275390
7137,119957226,2946,119960172,0,9,1,3072,6,7711045453
7138,119966680,189529,120156209,0,5,0,27136,4,2394342820
7139,119997169,202891,120200060,0,5,0,143872,4,1095590746
7140,120086292,54871,120141163,0,5,1,2560,4,1028150057
7141,120121647,3645,120125292,0,9,1,10240,6,4701223432
7142,120181681,103220,120284901,0,9,0,38912,6,8526856832
7143,120196692,16097,120212789,0,5,1,24576,4,948952532
7144,120256947,2470,120259417,0,5,1,2560,4,743790355
7145,120288895,2946,120291841,0,9,1,3072,6,5912278628
7146,120291240,75920,120367160,0,9,0,14848,6,7797378154
7147,120320905,43904,120364809,0,2,0,512,20,9081882517
7148,120330165,107120,120437285,0,5,0,51712,4,6063632676
7149,120347266,48980,120396246,0,2,0,2048,20,6003867523
7150,120360763,3422,120364185,0,5,1,3584,4,2223302790
7151,120379159,4850,120384009,0,5,1,5120,4,732056197
7152,120393531,107432,120500963,0,5,0,52736,4,6826048906
7153,120425949,48980,120474929,0,2,0,2048,20,4530181365
7154,120456679,43904,120500583,0,2,0,512,20,6520714353
7155,120501047,5712,120506759,0,0,1,14336,26,10149489579
7156,120513275,103862,120617137,0,0,1,172032,26,3132584511
7157,120519523,154143,120673666,0,5,0,77312,4,4321608787
7158,120551738,190623,120742361,0,5,0,33280,4,8297302139
7159,120560486,3898,120564384,0,5,1,4096,4,3086629013
7160,120563685,115668,120679353,0,5,0,16896,4,8440634199
7161,120608334,56596,120664930,0,7,1,96768,13,1530455755
7162,120611504,7230,120618734,0,5,1,7680,4,7467986395
7163,120632678,46471,120679149,0,0,1,80384,26,4209333635
7164,120639823,40606,120680429,0,0,1,14336,26,9817388003
7165,120665937,43904,120709841,0,1,0,512,26,2770040122
7166,120694276,186068,120880344,0,1,0,149504,26,6281354331
7167,120703841,13341,120717182,0,0,1,22528,26,4694272980
7168,120708300,105707,120814007,0,5,0,40448,4,6358900072
7169,120721528,4850,120726378,0,5,1,5120,4,2628227797
7170,120736832,4850,120741682,0,9,1,5120,6,7245397769
7171,120833183,79904,120913087,0,1,0,12800,26,6286032954
7172,120836390,59132,120895522,0,5,0,5120,4,9493633309
7173,120845135,45596,120890731,0,2,0,1024,20,7595862385
7174,120851144,4162,120855306,0,9,1,11264,6,7546028744
7175,120861202,15062,120876264,0,0,1,29184,26,8766697389
7176,120901833,47288,120949121,0,8,0,1536,12,10021091998
7177,120903270,2470,120905740,0,5,1,2560,4,1675082442
7178,120930386,82376,121012762,0,1,0,15872,26,7612441493
7179,120931543,104312,121035855,0,5,0,42496,4,6127474301
7180,120960225,1042,120961267,0,5,1,1024,4,5447257736
7181,120984146,566,120984712,0,9,1,512,6,48377898
7182,121001295,45596,121046891,0,3,0,1024,4,1900492356
7183,121001340,73604,121074944,0,1,0,12288,26,7255117771
7184,121011435,200420,121211855,0,5,0,196608,4,4805012568
7185,121060649,48980,121109629,0,2,0,2048,20,2299916241
7186,121072944,3645,121076589,0,0,1,10240,26,7582214989
7187,121133977,24929,121158906,0,0,1,45056,26,2626507345
7188,121150661,43904,121194565,0,2,0,512,20,4043521757
7189,121192007,99944,121291951,0,4,0,28160,33,7243464253
7190,121195698,1518,121197216,0,9,1,1536,6,1349932273
7191,121203157,157016,121360173,0,1,0,144896,26,4981405360
7192,121221159,1518,121222677,0,9,1,1536,6,6891938746
7193,121259252,171589,121430841,0,1,0,132608,26,8476827149
7194,121265651,1518,121267169,0,9,1,1536,6,5329982336
7195,121272770,43904,121316674,0,2,0,512,20,10375398429
7196,121301384,5196,121306580,0,5,1,13312,4,885515598
7197,121305393,145344,121450737,0,1,0,51712,26,3010590080
7198,121321569,101660,121423229,0,0,0,33792,26,7647485855
7199,121332318,47288,121379606,0,2,0,1536,20,669748053
7200,121336498,198239,121534737,0,1,0,32768,26,4930964475
7201,121349970,51241,121401211,0,5,0,2048,4,7404575547
7202,121362724,109772,121472496,0,5,0,60416,4,3776655039
7203,121370168,105151,121475319,0,5,0,9216,4,2295334836
7204,121371235,1042,121372277,0,1,1,1024,26,7348474889
7205,121423875,1518,121425393,0,9,1,1536,6,870826423
7206,121449057,1042,121450099,0,9,1,1024,6,7159367090
7207,121452030,100880,121552910,0,4,0,31232,33,1241505551
7208,121457061,43904,121500965,0,2,0,512,20,9067297234
7209,121466200,43458,121509658,0,0,1,71168,26,3249716292
7210,121487850,33591,121521441,0,7,1,55296,13,896836492
7211,121488855,100724,121589579,0,1,0,30720,26,6328729779
7212,121493296,566,121493862,0,9,1,512,6,5511408260
7213,121493321,47014,121540335,0,7,1,62464,13,4383028140
7214,121502131,43593,121545724,0,7,1,17408,13,8789402351
7215,121555946,122769,121678715,0,5,0,59904,4,9378562401
7216,121567531,4850,121572381,0,5,1,5120,4,4102080671
7217,121586641,14804,121601445,0,5,1,28672,4,8924669597
7218,121612125,133281,121745406,0,5,0,14336,4,7845701278
7219,121621623,43904,121665527,0,3,0,512,4,3258222457
7220,121628216,2946,121631162,0,5,1,3072,4,637072270
7221,121656423,10757,121667180,0,0,1,17408,26,8954897963
7222,121668286,5802,121674088,0,9,1,6144,6,3345261738
7223,121674347,71312,121745659,0,1,0,14848,26,5751399921
7224,121679276,43904,121723180,0,3,0,512,4,5978071973
7225,121686619,51140,121737759,0,5,0,4096,4,9064978457
7226,121692433,99788,121792221,0,1,0,27648,26,5821278611
7227,121702795,14287,121717082,0,7,1,27648,13,2694196971
7228,121702859,20717,121723576,0,7,1,20480,13,4168332722
7229,121708918,43904,121752822,0,2,0,512,20,4590185008
7230,121711870,2946,121714816,0,0,1,3072,26,4778085971
7231,121716440,23550,121739990,0,7,1,36864,13,52551255
7232,121728740,116792,121845532,0,0,0,83456,26,2364593160
7233,121738079,101504,121839583,0,4,0,33280,33,4075180836
7234,121757143,48980,121806123,0,3,0,2048,4,6261361765
7235,121757940,7230,121765170,0,9,1,7680,6,232065453
7236,121774759,3422,121778181,0,0,1,3584,26,2091897927
7237,121784996,1042,121786038,0,9,1,1024,6,9240571489
7238,121798023,4850,121802873,0,9,1,5120,6,1245010281
7239,121810009,54056,121864065,0,2,0,3584,20,8254264803
7240,121826615,2470,121829085,0,9,1,2560,6,8844327111
7241,121829777,47288,121877065,0,2,0,1536,20,1575861570
7242,121862207,97784,121959991,0,4,0,26112,33,859446657
7243,121887079,3387,121890466,0,5,1,9728,4,8145619786
7244,121894968,105248,122000216,0,3,0,45568,4,6335467076
7245,121912217,43904,121956121,0,2,0,512,20,459569622
7246,121920013,43904,121963917,0,2,0,512,20,2436102437
7247,121949250,99788,122049038,0,3,0,27648,4,8295929543
7248,121969741,1042,121970783,0,8,1,1024,12,8018329489
7249,121994733,142232,122136965,0,1,0,136704,26,2823263129
7250,122002070,4162,122006232,0,8,1,11264,12,3402634475
7251,122007701,13083,122020784,0,0,1,22016,26,3783380302
7252,122008318,3904,122012222,0,8,1,10752,12,7155515310
7253,122031496,566,122032062,0,5,1,512,4,9371031533
7254,122037133,1518,122038651,0,8,1,1536,12,4875674536
7255,122037188,20624,122057812,0,0,1,33280,26,2240667505
7256,122038322,64076,122102398,0,4,0,11264,33,9974720624
7257,122041020,119561,122160581,0,0,0,71680,26,2807221947
7258,122042601,13512,122056113,0,7,1,26112,13,5155932514
7259,122047869,4374,122052243,0,8,1,4608,12,5651799875
7260,122056977,187154,122244131,0,0,0,128000,26,7138017249
7261,122057466,112580,122170046,0,6,0,69632,32,7422973910
7262,122061616,2470,122064086,0,9,1,2560,6,10421492599
7263,122068874,2946,122071820,0,5,1,3072,4,473045037
7264,122087351,52364,122139715,0,3,0,3072,4,3564454676
7265,122106623,566,122107189,0,9,1,512,6,4399529147
7266,122109566,4850,122114416,0,5,1,5120,4,3246394975
7267,122114614,3904,122118518,0,9,1,10752,6,2565515947
7268,122116520,2870,122119390,0,5,1,8704,4,10332486639
7269,122122514,1518,122124032,0,9,1,1536,6,4552352966
7270,122132161,120184,122252345,0,1,0,78848,26,6188262897
7271,122204219,105716,122309935,0,1,0,47104,26,2160072867
7272,122205183,4937,122210120,0,8,1,12800,12,1041668079
7273,122211257,57440,122268697,0,4,0,4608,33,2169654569
7274,122215454,52394,122267848,0,0,1,39424,26,6439922906
7275,122246810,168941,122415751,0,1,0,94720,26,9709828334
7276,122301767,114296,122416063,0,0,0,75264,26,6895508260
7277,122327748,123493,122451241,0,1,0,23552,26,523313513
7278,122342989,48980,122391969,0,4,0,2048,33,4691547843
7279,122367592,1518,122369110,0,0,1,1536,26,8616115286
7280,122381843,1994,122383837,0,9,1,2048,6,5219425644
7281,122407709,10499,122418208,0,9,1,16896,6,6338162342
7282,122421049,100100,122521149,0,0,0,28672,26,4706513297
7283,122428928,182840,122611768,0,4,0,148992,33,9105923223
7284,122436194,188893,122625087,0,0,0,141824,26,8668526525
7285,122469839,101504,122571343,0,1,0,33280,26,5578923828
7286,122478440,54056,122532496,0,6,0,3584,32,10114015596
7287,122491553,11533,122503086,0,0,1,18944,26,10551543226
7288,122508595,47288,122555883,0,8,0,1536,12,10705328358
7289,122521215,3904,122525119,0,9,1,10752,6,6711404444
7290,122528506,566,122529072,0,9,1,512,6,6742498542
7291,122537305,92945,122630250,0,0,0,16896,26,8823850339
7292,122543822,96980,122640802,0,1,0,18432,26,2186929151
7293,122561175,99944,122661119,0,3,0,28160,4,6405728367
7294,122579379,6278,122585657,0,9,1,6656,6,7813679304
7295,122627035,107363,122734398,0,0,0,41984,26,515375727
7296,122640104,43904,122684008,0,8,0,512,12,3646708743
7297,122648195,57908,122706103,0,9,0,6144,6,2283526940
7298,122649556,116792,122766348,0,4,0,83456,33,8083141421
7299,122654163,77900,122732063,0,6,0,11264,32,7747074088
7300,122656664,151257,122807921,0,6,0,32256,32,7677871899
7301,122699570,1042,122700612,0,9,1,1024,6,5273850728
7302,122725341,78236,122803577,0,9,0,17408,6,712699186
7303,122754950,81620,122836570,0,6,0,18432,32,2059375985
7304,122771787,2470,122774257,0,9,1,2560,6,5796442656
7305,122783591,128024,122911615,0,9,0,120320,6,1234407355
7306,122785475,73292,122858767,0,1,0,11264,26,1232040092
7307,122806273,108252,122914525,0,1,0,36864,26,8778355798
7308,122810947,74360,122885307,0,4,0,9728,33,3527397899
7309,122855345,146582,123001927,0,1,0,95744,26,7464023020
7310,122862453,48980,122911433,0,8,0,2048,12,9328597522
7311,122863754,7706,122871460,0,9,1,8192,6,9445350408
7312,122894654,23466,122918120,0,0,1,38912,26,3144143008
7313,122953929,566,122954495,0,9,1,512,6,2529553763
7314,122974715,2946,122977661,0,9,1,3072,6,10109276843
7315,122989157,53495,123042652,0,0,1,90624,26,8543242050
7316,123006427,53109,123059536,0,0,1,64512,26,2698291263
7317,123031399,101972,123133371,0,4,0,34816,33,4060472041
7318,123043096,1518,123044614,0,2,1,1536,20,4418511688
7319,123052296,107744,123160040,0,6,0,53760,32,4692920654
7320,123068171,105358,123173529,0,4,0,9216,33,8084792316
7321,123084594,109616,123194210,0,4,0,59904,33,8674768995
7322,123114874,70342,123185216,0,6,0,3072,32,5705451820
7323,123136755,121478,123258233,0,5,0,98816,4,9842622323
7324,123151776,72068,123223844,0,9,0,12288,6,5225596951
7325,123166969,50672,123217641,0,8,0,2560,12,2976773936
7326,123177119,83183,123260302,0,0,1,135168,26,3672428482
7327,123195679,1042,123196721,0,5,1,1024,4,10359198637
7328,123213733,1042,123214775,0,5,1,1024,4,1403151931
7329,123221872,1042,123222914,0,5,1,1024,4,10516266743
7330,123228094,34518,123262612,0,5,1,11776,4,4894212909
7331,123238181,216944,123455125,0,5,0,42496,4,7200573619
7332,123255451,72668,123328119,0,9,0,9216,6,2990974432
7333,123265404,52364,123317768,0,9,0,3072,6,8011701038
7334,123302899,1042,123303941,0,9,1,1024,6,5480613476
7335,123307851,43904,123351755,0,8,0,512,12,4365464381
7336,123318315,3422,123321737,0,9,1,3584,6,9197340497
7337,123329096,102284,123431380,0,6,0,35840,32,4437239508
7338,123331991,86384,123418375,0,1,0,18944,26,10708476610
7339,123338525,103403,123441928,0,5,0,36864,4,5293745407
7340,123361255,70976,123432231,0,7,0,8704,13,1192365164
7341,123381108,5196,123386304,0,5,1,13312,4,2794163922
7342,123389167,12308,123401475,0,0,1,20480,26,3286212874
7343,123390502,70383,123460885,0,0,1,110592,26,5790801949
7344,123396141,5326,123401467,0,8,1,5632,12,3517743739
7345,123430364,149440,123579804,0,8,0,2048,12,1860967378
7346,123431768,35018,123466786,0,0,1,28160,26,9571667131
7347,123471863,112580,123584443,0,1,0,69632,26,6121966688
7348,123484969,98696,123583665,0,7,0,24064,13,898699923
7349,123560196,43904,123604100,0,8,0,512,12,6520337959
7350,123582764,7706,123590470,0,5,1,8192,4,9829869551
7351,123591602,566,123592168,0,5,1,512,4,6254178429
7352,123597029,6754,123603783,0,5,1,7168,4,4526811993
7353,123601080,101660,123702740,0,6,0,33792,32,4912028934
7354,123621706,43904,123665610,0,8,0,512,12,40857976
7355,123624722,105629,123730351,0,5,0,37888,4,8927588918
7356,123624815,107649,123732464,0,6,0,3072,32,138292226
7357,123639104,566,123639670,0,9,1,512,6,850232779
7358,123644245,131167,123775412,0,6,0,23040,32,5145694031
7359,123645396,68216,123713612,0,9,0,9728,6,3121984731
7360,123646036,4162,123650198,0,9,1,11264,6,10676801342
7361,123664555,3898,123668453,0,9,1,4096,6,9172749692
7362,123676780,75608,123752388,0,1,0,13824,26,3042800140
7363,123694775,129536,123824311,0,5,0,46592,4,9179499652
7364,123702027,89144,123791171,0,7,0,17920,13,5300819862
7365,123709340,109928,123819268,0,1,0,60928,26,107852072
7366,123712577,45596,123758173,0,8,0,1024,12,3374490276
7367,123718959,6754,123725713,0,9,1,7168,6,6720269316
7368,123725565,566,123726131,0,9,1,512,6,1500109124
7369,123727431,43904,123771335,0,8,0,512,12,5787271957
7370,123743965,2470,123746435,0,9,1,2560,6,1631737688
7371,123795923,3898,123799821,0,9,1,4096,6,2686467905
7372,123808499,47288,123855787,0,8,0,1536,12,5871102544
7373,123808702,45596,123854298,0,8,0,1024,12,7935966559
7374,123838519,102596,123941115,0,7,0,36864,13,4175833827
7375,123842116,3898,123846014,0,8,1,4096,12,9481422432
7376,123848681,2470,123851151,0,9,1,2560,6,1677488026
7377,123856982,1042,123858024,0,8,1,1024,12,4784179698
7378,123858139,1042,123859181,0,8,1,1024,12,1644014111
7379,123858512,83086,123941598,0,7,0,1536,13,2373170948
7380,123872925,96872,123969797,0,5,0,28160,4,3390803713
7381,123878563,3898,123882461,0,8,1,4096,12,4723878219
7382,123878787,2470,123881257,0,9,1,2560,6,8448037039
7383,123953642,43904,123997546,0,2,0,512,20,4908166636
7384,123969380,47288,124016668,0,8,0,1536,12,10063664779
7385,123970330,2870,123973200,0,8,1,8704,12,2561346860
7386,123979814,2470,123982284,0,9,1,2560,6,1368993546
7387,124003344,47444,124050788,0,6,0,2048,32,3484718046
7388,124003706,65900,124069606,0,5,0,7168,4,8869314337
7389,124008903,120692,124129595,0,3,0,96256,4,4574972513
7390,124013364,43904,124057268,0,8,0,512,12,10673826410
7391,124013838,116480,124130318,0,1,0,82432,26,7749663890
7392,124021916,119288,124141204,0,7,0,91648,13,8379967587
7393,124023464,121343,124144807,0,7,0,11776,13,4845225040
7394,124024591,118591,124143182,0,6,0,77312,32,9306839771
7395,124027589,45596,124073185,0,8,0,1024,12,7032340697
7396,124044434,16354,124060788,0,8,1,31744,12,4993607287
7397,124046251,103191,124149442,0,7,0,6656,13,5894180505
7398,124070398,83829,124154227,0,8,0,1536,12,773127872
7399,124083557,45596,124129153,0,8,0,1024,12,2238385352
7400,124124376,72803,124197179,0,3,0,7680,4,3891019714
7401,124155745,48980,124204725,0,8,0,2048,12,1762913955
7402,124161525,7706,124169231,0,9,1,8192,6,6276806314
7403,124175679,81128,124256807,0,6,0,11776,32,10292452353
7404,124208935,10241,124219176,0,7,1,16384,13,9474524249
7405,124214568,101660,124316228,0,9,0,33792,6,3235109870
7406,124224606,66056,124290662,0,6,0,7680,32,8986334395
7407,124229797,84092,124313889,0,5,0,21504,4,6260339910
7408,124264670,67592,124332262,0,6,0,7680,32,1589456489
7409,124280974,16613,124297587,0,7,1,32256,13,7357606093
7410,124281155,17712,124298867,0,7,1,14336,13,7466342461
7411,124306684,12958,124319642,0,9,1,3584,6,881295623
7412,124313091,6754,124319845,0,3,1,7168,4,2123846965
7413,124323084,12308,124335392,0,8,1,20480,12,8806412944
7414,124327911,102440,124430351,0,5,0,36352,4,3459936776
7415,124329544,71156,124400700,0,6,0,14336,32,2908388371
7416,124331598,143411,124475009,0,5,0,20480,4,10418650623
7417,124345672,103950,124449622,0,7,1,168960,13,410882516
7418,124375711,74475,124450186,0,7,1,10752,13,1560586568
7419,124410537,45243,124455780,0,7,1,18432,13,729525292
7420,124429184,116948,124546132,0,6,0,83968,32,1514447620
7421,124431732,3645,124435377,0,9,1,10240,6,6410660214
7422,124432767,102218,124534985,0,9,0,22528,6,248557928
7423,124474579,100522,124575101,0,5,0,28672,4,643698207
7424,124508407,43904,124552311,0,6,0,512,32,2280673060
7425,124547608,104780,124652388,0,5,0,44032,4,7914306802
7426,124579227,82149,124661376,0,7,1,133120,13,8598190977
7427,124615854,43904,124659758,0,6,0,512,32,8394624585
7428,124623838,47444,124671282,0,6,0,2048,32,9960755225
7429,124633585,1518,124635103,0,8,1,1536,12,9268732842
7430,124636892,46404,124683296,0,6,0,1024,32,8364916558
7431,124637422,54056,124691478,0,5,0,3584,4,107770001
7432,124657939,4162,124662101,0,8,1,11264,12,2918378257
7433,124661717,11016,124672733,0,8,1,17920,12,9738733327
7434,124663192,118508,124781700,0,5,0,89088,4,10321948385
7435,124687427,54056,124741483,0,9,0,3584,6,7053092094
7436,124690571,143587,124834158,0,5,0,33280,4,8355110462
7437,124707865,2470,124710335,0,8,1,2560,12,8435985707
7438,124708003,24154,124732157,0,7,1,43520,13,10279285418
7439,124729141,123203,124852344,0,5,0,6144,4,10424080247
7440,124731712,3387,124735099,0,8,1,9728,12,850830177
7441,124735024,23466,124758490,0,7,1,38912,13,10317532575
7442,124762383,2470,124764853,0,2,1,2560,20,6401721867
7443,124763379,3898,124767277,0,9,1,4096,6,1060924419
7444,124794456,45596,124840052,0,6,0,1024,32,10385592124
7445,124815342,4850,124820192,0,9,1,5120,6,10081805665
7446,124824728,45596,124870324,0,6,0,1024,32,4819790321
7447,124827109,200475,125027584,0,7,0,40960,13,9148795886
7448,124843467,3387,124846854,0,8,1,9728,12,7003309128
7449,124848001,118767,124966768,0,7,0,25088,13,2235997398
7450,124852410,3422,124855832,0,8,1,3584,12,2386728468
7451,124888522,121948,125010470,0,7,0,512,13,3336023196
7452,124907116,1518,124908634,0,8,1,1536,12,8537635444
7453,124918746,48193,124966939,0,7,0,512,13,4472564127
7454,124923220,45596,124968816,0,8,0,1024,12,10700014787
7455,124984235,112580,125096815,0,1,0,69632,26,8301824639
7456,124996393,43904,125040297,0,8,0,512,12,5058533935
7457,124999227,43904,125043131,0,8,0,512,12,6013015578
7458,125010723,1518,125012241,0,6,1,1536,32,3173318333
7459,125017969,14027,125031996,0,7,1,11776,13,8597746740
7460,125019539,1994,125021533,0,9,1,2048,6,6133315432
7461,125073603,55748,125129351,0,7,0,4096,13,2465616356
7462,125091878,41132,125133010,0,7,1,66560,13,9606338052
7463,125096657,85448,125182105,0,5,0,15872,4,10257650850
7464,125101721,45263,125146984,0,8,0,512,12,3203292135
7465,125102909,43904,125146813,0,8,0,512,12,256869335
7466,125115401,103064,125218465,0,5,0,38400,4,1621122621
7467,125123396,24412,125147808,0,7,1,44032,13,1642233415
7468,125198206,47288,125245494,0,8,0,1536,12,9040250585
7469,125199081,109460,125308541,0,5,0,59392,4,253644016
7470,125199620,45596,125245216,0,7,0,1024,13,3148227148
7471,125209497,43904,125253401,0,8,0,512,12,1271413867
7472,125213618,3898,125217516,0,3,1,4096,4,3228739006
7473,125260342,12995,125273337,0,7,1,25088,13,6268927485
7474,125264501,45596,125310097,0,8,0,1024,12,6914351668
7475,125274341,45596,125319937,0,8,0,1024,12,2983372948
7476,125279707,1518,125281225,0,2,1,1536,20,7017534926
7477,125291556,109685,125401241,0,5,0,24576,4,8037456808
7478,125321596,1518,125323114,0,2,1,1536,20,3315948825
7479,125384024,40874,125424898,0,7,1,66048,13,344972573
7480,125407760,191505,125599265,0,7,0,1024,13,3730571841
7481,125416705,14709,125431414,0,7,1,23040,13,7316561548
7482,125429039,43904,125472943,0,8,0,512,12,4726383624
7483,125443644,98834,125542478,0,7,0,512,13,851752354
7484,125484297,52364,125536661,0,5,0,3072,4,10159744584
7485,125505817,45596,125551413,0,6,0,1024,32,9901139301
7486,125524751,43904,125568655,0,8,0,512,12,2518412560
7487,125565109,55846,125620955,0,7,0,512,13,8285968708
7488,125588054,45596,125633650,0,8,0,1024,12,3290167456
7489,125617724,43904,125661628,0,8,0,512,12,3048484247
7490,125626058,104468,125730526,0,5,0,43008,4,2648296466
7491,125636807,1994,125638801,0,2,1,2048,20,3969292153
7492,125639876,47288,125687164,0,8,0,1536,12,7632628431
7493,125667099,3898,125670997,0,2,1,4096,20,6152143221
7494,125731874,108056,125839930,0,5,0,54784,4,125550228
7495,125768212,2946,125771158,0,7,1,3072,13,6494903845
7496,125775451,43904,125819355,0,8,0,512,12,10088175100
7497,125798396,43904,125842300,0,2,0,512,20,4884356282
7498,125804723,45596,125850319,0,7,0,1024,13,5551065669
7499,125806848,48980,125855828,0,8,0,2048,12,735939610
7500,125811932,43904,125855836,0,6,0,512,32,3175330709
7501,125813165,11533,125824698,0,7,1,18944,13,5387236230
7502,125818560,54524,125873084,0,5,0,5120,4,5293224891
7503,125836690,25704,125862394,0,7,1,46592,13,9587789461
7504,125848657,20253,125868910,0,7,1,23040,13,5303293133
7505,125856679,95161,125951840,0,5,0,14336,4,4622347416
7506,125857601,69814,125927415,0,7,0,512,13,8213016054
7507,125881192,12566,125893758,0,7,1,20992,13,7640283135
7508,125945260,102908,126048168,0,5,0,37888,4,10716440644
7509,125952183,43904,125996087,0,6,0,512,32,925351674
7510,125959897,3898,125963795,0,7,1,4096,13,6882801467
7511,125974379,1518,125975897,0,9,1,1536,6,3392870388
7512,125985772,45596,126031368,0,7,0,1024,13,5260892781
7513,125987006,43904,126030910,0,8,0,512,12,6357987029
7514,126022464,4374,126026838,0,1,1,4608,26,2678616757
7515,126026058,3898,126029956,0,1,1,4096,26,9338552228
7516,126034703,43904,126078607,0,6,0,512,32,5924455168
7517,126084318,4162,126088480,0,1,1,11264,26,6557330832
7518,126090095,106340,126196435,0,3,0,49152,4,835523661
7519,126121792,93176,126214968,0,9,0,26112,6,747555524
7520,126144456,76208,126220664,0,5,0,10752,4,9233463771
7521,126146417,54368,126200785,0,5,0,4608,4,4925034940
7522,126156984,4374,126161358,0,1,1,4608,26,4324516361
7523,126162781,45596,126208377,0,6,0,1024,32,5703719164
7524,126165570,93152,126258722,0,9,0,20992,6,6965664896
7525,126230776,45596,126276372,0,8,0,1024,12,7374218212
7526,126237740,5326,126243066,0,1,1,5632,26,5190861591
7527,126237825,99944,126337769,0,9,0,28160,6,7149448681
7528,126245942,1994,126247936,0,6,1,2048,32,6933960078
7529,126278904,135191,126414095,0,9,0,50688,6,3438110943
7530,126338419,4374,126342793,0,1,1,4608,26,9768021709
7531,126345035,115544,126460579,0,3,0,79360,4,7146664835
7532,126392205,132370,126524575,0,3,0,19968,4,10387164821
7533,126400175,100100,126500275,0,3,0,28672,4,6106558474
7534,126415155,108212,126523367,0,5,0,55296,4,5833035780
7535,126442225,31266,126473491,0,0,1,50688,26,9767569571
7536,126442332,48889,126491221,0,0,1,58368,26,1206728590
7537,126469654,11016,126480670,0,6,1,17920,32,6925641425
7538,126486782,47288,126534070,0,8,0,1536,12,7369082562
7539,126511214,106808,126618022,0,9,0,50688,6,4150907570
7540,126518994,4162,126523156,0,1,1,11264,26,9454892177
7541,126521469,85670,126607139,0,5,0,20480,4,8240503179
7542,126546871,43904,126590775,0,8,0,512,12,10042171100
7543,126589199,10499,126599698,0,0,1,16896,26,4687664436
7544,126592044,1994,126594038,0,1,1,2048,26,4896119497
7545,126592611,43904,126636515,0,8,0,512,12,3282287540
7546,126619698,56528,126676226,0,9,0,6656,6,6103780501
7547,126620584,5712,126626296,0,7,1,14336,13,10616235553
7548,126630640,3128,126633768,0,1,1,9216,26,285981328
7549,126659262,98852,126758114,0,0,0,24576,26,7451383154
7550,126670698,47288,126717986,0,8,0,1536,12,4726508448
7551,126690530,93020,126783550,0,9,0,25600,6,10585824159
7552,126695112,45944,126741056,0,8,0,512,12,9853379214
7553,126703511,43904,126747415,0,8,0,512,12,9748172199
7554,126714252,1994,126716246,0,7,1,2048,13,8837455558
7555,126715869,10499,126726368,0,0,1,16896,26,4675324652
7556,126752294,3387,126755681,0,7,1,9728,13,3189085084
7557,126783540,43904,126827444,0,5,0,512,4,2765086709
7558,126798290,4374,126802664,0,6,1,4608,32,4383734269
7559,126811627,49448,126861075,0,5,0,3584,4,1578365340
7560,126825471,3898,126829369,0,6,1,4096,32,8586380912
7561,126842142,47288,126889430,0,2,0,1536,20,712707215
7562,126844197,99008,126943205,0,9,0,25088,6,9061491536
7563,126849884,43904,126893788,0,8,0,512,12,10658702572
7564,126850511,53476,126903987,0,5,0,1024,4,1022225025
7565,126851970,3387,126855357,0,0,1,9728,26,9264784533
7566,126863241,1042,126864283,0,1,1,1024,26,3200361559
7567,126880683,3898,126884581,0,1,1,4096,26,5971837327
7568,126882350,11533,126893883,0,7,1,18944,13,9548242744
7569,126901102,566,126901668,0,1,1,512,26,5107871822
7570,126911543,5326,126916869,0,1,1,5632,26,2949070975
7571,126915696,45596,126961292,0,8,0,1024,12,2784689562
7572,126916657,10757,126927414,0,0,1,17408,26,658485858
7573,126937021,30749,126967770,0,0,1,49664,26,10332700476
7574,126942301,50672,126992973,0,5,0,2560,4,7882450189
7575,126964435,566,126965001,0,1,1,512,26,406999329
7576,126976174,43904,127020078,0,2,0,512,20,5112998430
7577,126986779,30491,127017270,0,7,1,49152,13,8234407218
7578,126990313,43904,127034217,0,8,0,512,12,5364488039
7579,127012559,48980,127061539,0,2,0,2048,20,8117706015
7580,127019211,47600,127066811,0,8,0,2560,12,7175826618
7581,127019924,1518,127021442,0,6,1,1536,32,2566772751
7582,127021786,1994,127023780,0,1,1,2048,26,9409024084
7583,127056933,36863,127093796,0,7,1,65024,13,5375556468
7584,127057562,45596,127103158,0,8,0,1024,12,2241900527
7585,127059188,5802,127064990,0,6,1,6144,32,1003834602
7586,127065337,43910,127109247,0,7,1,49152,13,9290627665
7587,127078791,1994,127080785,0,6,1,2048,32,8006845471
7588,127098632,2470,127101102,0,6,1,2560,32,5789231011
7589,127104126,105248,127209374,0,4,0,45568,33,9704308085
7590,127115069,43904,127158973,0,8,0,512,12,9281714371
7591,127121931,76052,127197983,0,5,0,10240,4,3309498628
7592,127139619,13341,127152960,0,6,1,22528,32,6452319580
7593,127162013,5326,127167339,0,6,1,5632,32,9625978980
7594,127170770,84387,127255157,0,7,1,140800,13,4657734824
7595,127207676,69293,127276969,0,7,1,79872,13,7060536635
7596,127210586,2470,127213056,0,6,1,2560,32,956669912
7597,127221534,3904,127225438,0,9,1,10752,6,2668429161
7598,127254828,99188,127354016,0,9,0,30720,6,2723836032
7599,127274054,50672,127324726,0,9,0,2560,6,9378275139
7600,127289262,43904,127333166,0,8,0,512,12,4980147435
7601,127302155,1042,127303197,0,6,1,1024,32,9831301455
7602,127331480,3645,127335125,0,1,1,10240,26,5623880142
7603,127387201,117572,127504773,0,0,0,86016,26,1190812633
7604,127408095,127212,127535307,0,0,0,38912,26,10032388715
7605,127415006,158059,127573065,0,0,0,25600,26,99209347
7606,127427537,5454,127432991,0,6,1,13824,32,4171781640
7607,127429977,13858,127443835,0,7,1,23552,13,1988539560
7608,127445236,13083,127458319,0,7,1,22016,13,7780177092
7609,127446429,566,127446995,0,0,1,512,26,8817501756
7610,127454800,20366,127475166,0,7,1,32768,13,4174473777
7611,127479440,192259,127671699,0,0,0,121344,26,8368632771
7612,127554221,172900,127727121,0,0,0,75264,26,9012987747
7613,127609468,3645,127613113,0,1,1,10240,26,980946679
7614,127655116,72176,127727292,0,0,0,512,26,4490031621
7615,127698991,43904,127742895,0,2,0,512,20,9733851218
7616,127709443,1042,127710485,0,6,1,1024,32,4486845708
7617,127724021,5733,127729754,0,0,1,2560,26,2320921745
7618,127752652,3387,127756039,0,6,1,9728,32,1897147570
7619,127810568,64208,127874776,0,0,0,6656,26,10544984610
7620,127850679,2946,127853625,0,0,1,3072,26,402442898
7621,127884678,45596,127930274,0,0,0,1024,26,9205465518
7622,127887826,2870,127890696,0,3,1,8704,4,49979256
7623,127899145,1518,127900663,0,5,1,1536,4,6588075313
7624,127901571,196329,128097900,0,0,0,128000,26,7636162805
7625,127910383,3128,127913511,0,6,1,9216,32,3796802606
7626,128045721,121472,128167193,0,0,0,98816,26,10398542729
7627,128049072,566,128049638,0,6,1,512,32,9302742384
7628,128099407,3387,128102794,0,6,1,9728,32,9734494040
7629,128118289,2870,128121159,0,3,1,8704,4,783153106
7630,128151851,57440,128209291,0,2,0,4608,20,5957255060
7631,128161766,566,128162332,0,3,1,512,4,4481879697
7632,128191228,43904,128235132,0,0,0,512,26,9822626334
7633,128218520,65900,128284420,0,9,0,7168,6,2223423953
7634,128245533,104389,128349922,0,9,0,14336,6,3283490755
7635,128263567,93620,128357187,0,0,0,22528,26,8512330253
7636,128272870,1994,128274864,0,0,1,2048,26,601252820
7637,128295827,133138,128428965,0,0,0,25088,26,3954439004
7638,128329332,566,128329898,0,6,1,512,32,4962358176
7639,128336885,566,128337451,0,1,1,512,26,3553743948
7640,128344059,5802,128349861,0,6,1,6144,32,7957282952
7641,128344094,13108,128357202,0,0,1,16896,26,834091211
7642,128439045,2946,128441991,0,3,1,3072,4,9178295479
7643,128535716,1518,128537234,0,3,1,1536,4,9454321431
7644,128547915,1042,128548957,0,0,1,1024,26,7064000403
7645,128577941,5326,128583267,0,6,1,5632,32,9570934850
7646,128728497,103220,128831717,0,0,0,38912,26,623120809
7647,128779608,6754,128786362,0,2,1,7168,20,6723012965
7648,128779946,1042,128780988,0,6,1,1024,32,7645208790
7649,128783865,91748,128875613,0,5,0,16384,4,4798292443
7650,128785328,4850,128790178,0,2,1,5120,20,9490858993
7651,128802176,13253,128815429,0,3,1,25600,4,9102180977
7652,128805255,43904,128849159,0,8,0,512,12,3041728811
7653,128834697,43904,128878601,0,8,0,512,12,8917033777
7654,128856751,52033,128908784,0,3,1,84480,4,1244752951
7655,128860762,4374,128865136,0,2,1,4608,20,7767686545
7656,128893059,2870,128895929,0,6,1,8704,32,3909549641
7657,128895861,4374,128900235,0,2,1,4608,20,8924654251
7658,128937837,2870,128940707,0,0,1,8704,26,5995662518
7659,128976119,1042,128977161,0,6,1,1024,32,6038004378
7660,128989889,11274,129001163,0,3,1,18432,4,4877706068
7661,128991817,1518,128993335,0,2,1,1536,20,1976448807
7662,129013009,10757,129023766,0,2,1,17408,20,10347928004
7663,129019043,4420,129023463,0,6,1,11776,32,8147630382
7664,129041864,1042,129042906,0,5,1,1024,4,290314275
7665,129049795,54212,129104007,0,7,0,4096,13,6024528182
7666,129092316,7706,129100022,0,0,1,8192,26,5735800310
7667,129109681,54056,129163737,0,4,0,3584,33,1998678612
7668,129125816,2946,129128762,0,3,1,3072,4,10122448830
7669,129133824,3898,129137722,0,5,1,4096,4,6303209845
7670,129145915,2946,129148861,0,5,1,3072,4,1707143485
7671,129152978,5326,129158304,0,5,1,5632,4,797618455
7672,129166266,35054,129201320,0,3,1,61440,4,3610957545
7673,129174487,62516,129237003,0,5,0,6144,4,9787595395
7674,129179148,6488,129185636,0,7,1,15872,13,4238997617
7675,129181125,45596,129226721,0,8,0,1024,12,5928261257
7676,129210483,45596,129256079,0,8,0,1024,12,10248663710
7677,129222283,1518,129223801,0,2,1,1536,20,1312644311
7678,129233489,1994,129235483,0,2,1,2048,20,8232601462
7679,129316717,59444,129376161,0,5,0,6144,4,5323284636
7680,129327065,15837,129342902,0,3,1,30720,4,4560583865
7681,129346757,4850,129351607,0,5,1,5120,4,6205466832
7682,129349778,113983,129463761,0,5,0,34304,4,4830345067
7683,129352516,63620,129416136,0,7,1,107008,13,1137102803
7684,129359593,1994,129361587,0,2,1,2048,20,5811155475
7685,129366475,60900,129427375,0,7,1,37376,13,7724909636
7686,129368075,96793,129464868,0,5,0,3584,4,2467636909
7687,129381910,66765,129448675,0,7,1,77312,13,3564163416
7688,129383138,43904,129427042,0,5,0,512,4,9115924692
7689,129395434,52364,129447798,0,8,0,3072,12,1577588868
7690,129430348,1518,129431866,0,5,1,1536,4,1962188524
7691,129435077,85760,129520837,0,5,0,16896,4,2315450487
7692,129468130,91757,129559887,0,3,1,148480,4,4343886550
7693,129471441,98072,129569513,0,5,0,22016,4,5846295069
7694,129475076,139230,129614306,0,5,0,10240,4,2906519544
7695,129487411,3422,129490833,0,5,1,3584,4,6223301073
7696,129552477,4850,129557327,0,0,1,5120,26,5428630728
7697,129563609,111612,129675221,0,5,0,47104,4,3503846565
7698,129565251,4679,129569930,0,0,1,12288,26,1020429384
7699,129611024,31524,129642548,0,7,1,51200,13,9724334892
7700,129618720,566,129619286,0,2,1,512,20,9303594323
7701,129651196,108836,129760032,0,5,0,57344,4,10111667860
7702,129676499,137131,129813630,0,5,0,15360,4,9039151131
7703,129703642,113672,129817314,0,0,0,73216,26,3802574993
7704,129704166,129740,129833906,0,1,0,125952,26,1657628843
7705,129704680,61628,129766308,0,5,0,5120,4,1389902858
7706,129713871,105333,129819204,0,5,0,17408,4,981846448
7707,129758513,3645,129762158,0,9,1,10240,6,3020128210
7708,129767810,59132,129826942,0,5,0,5120,4,1476128883
7709,129772519,5802,129778321,0,9,1,6144,6,6336485816
7710,129776125,3182,129779307,0,9,1,1536,6,2523312060
7711,129781798,566,129782364,0,2,1,512,20,1227752191
7712,129868123,6278,129874401,0,2,1,6656,20,8425070961
7713,129868606,2470,129871076,0,9,1,2560,6,4908836762
7714,129880117,16613,129896730,0,3,1,32256,4,6221162132
7715,129883442,77900,129961342,0,0,0,11264,26,2419757194
7716,129887475,1994,129889469,0,2,1,2048,20,6815118922
7717,129915984,58064,129974048,0,5,0,6656,4,7978414009
7718,129920392,65900,129986292,0,0,0,7168,26,4761819087
7719,129925778,1994,129927772,0,2,1,2048,20,5340232458
7720,129946511,4679,129951190,0,3,1,12288,4,1268310377
7721,129975075,45596,130020671,0,7,0,1024,13,6901841003
7722,129980671,16613,129997284,0,3,1,32256,4,3114272302
7723,129981681,45596,130027277,0,8,0,1024,12,6541738310
7724,130015092,1042,130016134,0,2,1,1024,20,6669661110
7725,130020165,5712,130025877,0,2,1,14336,20,7221166347
7726,130035849,62141,130097990,0,2,0,512,20,5667374680
7727,130061590,2946,130064536,0,5,1,3072,4,4037485832
7728,130063834,25704,130089538,0,3,1,46592,4,3144798221
7729,130069389,5326,130074715,0,2,1,5632,20,8408506246
7730,130101305,52364,130153669,0,8,0,3072,12,6557865245
7731,130110940,6229,130117169,0,2,1,15360,20,3256470619
7732,130123087,4937,130128024,0,3,1,12800,4,3563731560
7733,130141431,83628,130225059,0,2,0,1536,20,8198585379
7734,130160829,52364,130213193,0,5,0,3072,4,10149649262
7735,130170902,116981,130287883,0,2,0,512,20,4839142616
7736,130185398,102908,130288306,0,0,0,37888,26,3812736481
7737,130197811,58844,130256655,0,5,0,9216,4,3123786998
7738,130200938,114740,130315678,0,0,0,11776,26,3825947912
7739,130201746,41132,130242878,0,3,1,66560,4,8036850600
7740,130207558,120446,130328004,0,3,1,176128,4,4381767207
7741,130234812,43904,130278716,0,2,0,512,20,5414767631
7742,130273871,43904,130317775,0,2,0,512,20,6433131133
7743,130296787,43904,130340691,0,8,0,512,12,10244162193
7744,130326749,43904,130370653,0,8,0,512,12,10635465953
7745,130338498,47288,130385786,0,2,0,1536,20,4057026602
7746,130350296,2870,130353166,0,9,1,8704,6,4682611783
7747,130384865,72980,130457845,0,5,0,10240,4,3297823853
7748,130396016,12995,130409011,0,3,1,25088,4,8980384851
7749,130411792,136183,130547975,0,3,0,28672,4,3265011210
7750,130415582,45908,130461490,0,2,0,2048,20,3525573437
7751,130417339,7230,130424569,0,9,1,7680,6,10115792923
7752,130433343,1518,130434861,0,8,1,1536,12,2941627631
7753,130462047,119912,130581959,0,5,0,93696,4,4661437226
7754,130463042,59132,130522174,0,0,0,5120,26,6857920273
7755,130465688,43904,130509592,0,8,0,512,12,8068032277
7756,130474060,1042,130475102,0,8,1,1024,12,7303657462
7757,130494824,242742,130737566,0,5,0,73728,4,2785708732
7758,130507953,207134,130715087,0,5,0,135168,4,9682017807
7759,130546123,43904,130590027,0,8,0,512,12,6029789842
7760,130550022,90860,130640882,0,9,0,23552,6,5380750923
7761,130592283,4162,130596445,0,8,1,11264,12,3047284129
7762,130612806,1518,130614324,0,8,1,1536,12,7210224097
7763,130629608,50672,130680280,0,3,0,2560,4,7078359729
7764,130697556,10499,130708055,0,8,1,16896,12,9208452030
7765,130752688,96092,130848780,0,1,0,25600,26,438919788
7766,130753937,156631,130910568,0,1,0,67072,26,10008166510
7767,130758144,64208,130822352,0,0,0,6656,26,6175897508
7768,130816038,45596,130861634,0,2,0,1024,20,7514373182
7769,130840989,43904,130884893,0,2,0,512,20,8806794228
7770,130867104,45596,130912700,0,8,0,1024,12,6536813640
7771,130894657,1042,130895699,0,8,1,1024,12,6263988479
7772,130946558,45596,130992154,0,7,0,1024,13,5964039866
7773,130961228,45596,131006824,0,2,0,1024,20,10212244366
7774,130973169,64208,131037377,0,3,0,6656,4,2080018754
7775,130992578,132981,131125559,0,3,0,68096,4,3989938468
7776,131018660,155277,131173937,0,3,0,59392,4,6759396061
7777,131022122,195710,131217832,0,3,0,80384,4,4051783840
7778,131032328,47288,131079616,0,7,0,1536,13,9448164311
7779,131051927,48980,131100907,0,5,0,2048,4,9827003211
7780,131106919,178245,131285164,0,3,0,11776,4,1913984471
7781,131114625,3904,131118529,0,7,1,10752,13,10365773498
7782,131117951,110864,131228815,0,5,0,64000,4,1452419069
7783,131143589,128183,131271772,0,3,0,38400,4,4368342731
7784,131208556,105015,131313571,0,5,0,42496,4,702078546
7785,131221164,53239,131274403,0,5,0,1024,4,7464712996
7786,131237260,160905,131398165,0,5,0,92160,4,5745493457
7787,131239021,69932,131308953,0,1,0,15360,26,6550695566
7788,131246070,47288,131293358,0,1,0,1536,26,8517705276
7789,131294706,158569,131453275,0,5,0,45056,4,8339397455
7790,131341412,52364,131393776,0,7,0,3072,13,9538765421
7791,131371428,3904,131375332,0,7,1,10752,13,2707898198
7792,131416162,80216,131496378,0,3,0,13824,4,5488529480
7793,131418998,87788,131506786,0,5,0,23552,4,10538864518
7794,131421616,133118,131554734,0,3,0,44032,4,8168169227
7795,131425212,47288,131472500,0,6,0,1536,32,10324112722
7796,131430108,1042,131431150,0,0,1,1024,26,8755411963
7797,131458202,45596,131503798,0,6,0,1024,32,985569018
7798,131463252,103532,131566784,0,0,0,39936,26,5549522567
7799,131484630,45596,131530226,0,6,0,1024,32,9321141800
7800,131506338,3898,131510236,0,1,1,4096,26,7109602579
7801,131513002,1042,131514044,0,7,1,1024,13,1938668454
7802,131531609,43904,131575513,0,6,0,512,32,4015827608
7803,131626145,43904,131670049,0,6,0,512,32,2058530030
7804,131635779,63296,131699075,0,3,0,8704,4,6439095672
7805,131662939,45596,131708535,0,6,0,1024,32,3381693171
7806,131728834,66462,131795296,0,7,1,112640,13,1192919714
7807,131760653,46189,131806842,0,7,1,38912,13,10616615595
7808,131822281,30491,131852772,0,7,1,49152,13,4692661888
7809,131823667,1518,131825185,0,0,1,1536,26,1735236418
7810,131845508,45596,131891104,0,6,0,1024,32,5601395495
7811,131851382,31524,131882906,0,7,1,51200,13,1745239918
7812,131871985,112268,131984253,0,5,0,68608,4,2098072778
7813,132051045,43904,132094949,0,6,0,512,32,9235909648
7814,132068701,47756,132116457,0,3,0,3072,4,562619933
7815,132124370,43904,132168274,0,6,0,512,32,2062207687
7816,132209504,96248,132305752,0,5,0,26112,4,2176105537
7817,132227404,74672,132302076,0,4,0,10752,33,1324113342
7818,132253403,119879,132373282,0,5,0,39936,4,7080492865
7819,132259739,77012,132336751,0,5,0,18432,4,7352972554
7820,132281452,3387,132284839,0,8,1,9728,12,86941067
7821,132351139,566,132351705,0,0,1,512,26,3014510413
7822,132383678,99320,132482998,0,0,0,26112,26,6363927084
7823,132394686,95503,132490189,0,0,0,23552,26,2204102084
7824,132401227,105248,132506475,0,5,0,45568,4,913974636
7825,132441647,101972,132543619,0,0,0,34816,26,6112837113
7826,132448403,77744,132526147,0,4,0,10752,33,10295033563
7827,132462033,61050,132523083,0,5,0,2048,4,4987012242
7828,132472059,98339,132570398,0,0,0,22528,26,2550746236
7829,132498438,150529,132648967,0,0,0,80896,26,6666840264
7830,132554800,2470,132557270,0,5,1,2560,4,3502229531
7831,132573760,101036,132674796,0,5,0,31744,4,8896214938
7832,132594798,4374,132599172,0,6,1,4608,32,4769912397
7833,132601168,149403,132750571,0,0,0,114688,26,10211319078
7834,132621144,1518,132622662,0,5,1,1536,4,4739295904
7835,132644525,566,132645091,0,6,1,512,32,122866303
7836,132652021,134684,132786705,0,5,0,132096,4,3169969233
7837,132684528,6488,132691016,0,5,1,15872,4,5012889240
7838,132695845,2470,132698315,0,5,1,2560,4,7625763380
7839,132735033,110112,132845145,0,5,0,34304,4,4659688514
7840,132802661,161835,132964496,0,5,0,14848,4,5635953631
7841,132829077,188720,133017797,0,0,0,158208,26,8209400692
7842,132835258,1042,132836300,0,6,1,1024,32,2485199183
7843,132837354,235688,133073042,0,5,0,62464,4,7233381255
7844,132855811,2470,132858281,0,6,1,2560,32,9396347051
7845,132862355,59132,132921487,0,5,0,5120,4,9598970639
7846,132864530,175428,133039958,0,5,0,115200,4,1293676815
7847,132867720,566,132868286,0,5,1,512,4,2357865242
7848,132868803,88712,132957515,0,0,0,4608,26,8169859528
7849,132940781,3128,132943909,0,5,1,9216,4,3707260606
7850,132942379,2946,132945325,0,6,1,3072,32,5315497635
7851,132966221,103688,133069909,0,0,0,40448,26,8321382415
7852,132983918,3422,132987340,0,9,1,3584,6,5816027948
7853,132995421,566,132995987,0,1,1,512,26,1572490065
7854,133044633,102908,133147541,0,0,0,37888,26,306610085
7855,133049634,55239,133104873,0,0,0,6656,26,7389202711
7856,133059169,181546,133240715,0,0,0,115712,26,62437201
7857,133088077,1518,133089595,0,6,1,1536,32,7137358205
7858,133102265,3904,133106169,0,1,1,10752,26,6726626251
7859,133107771,566,133108337,0,5,1,512,4,10271856233
7860,133119826,3898,133123724,0,1,1,4096,26,503105903
7861,133120666,1042,133121708,0,5,1,1024,4,2602523936
7862,133134757,140908,133275665,0,0,0,27648,26,10475763856
7863,133174642,79436,133254078,0,0,0,11264,26,6489645568
7864,133194823,100412,133295235,0,5,0,29696,4,8946624906
7865,133216416,1994,133218410,0,1,1,2048,26,4055247313
7866,133232001,5326,133237327,0,1,1,5632,26,1049425225
7867,133232034,5959,133237993,0,1,1,1024,26,5151645087
7868,133314797,1994,133316791,0,6,1,2048,32,4353072694
7869,133318489,4679,133323168,0,7,1,12288,13,10295636816
7870,133329286,2946,133332232,0,1,1,3072,26,6717075920
7871,133336983,12308,133349291,0,5,1,20480,4,4518447366
7872,133362254,7706,133369960,0,5,1,8192,4,1220941341
7873,133363327,8899,133372226,0,5,1,3584,4,2832775127
7874,133370319,76846,133447165,0,3,1,129536,4,4426909976
7875,133377313,5326,133382639,0,5,1,5632,4,4544683539
7876,133380446,84387,133464833,0,7,1,140800,13,4679451036
7877,133395445,3422,133398867,0,1,1,3584,26,4035568419
7878,133403180,134778,133537958,0,5,0,86528,4,2558821730
7879,133414791,7230,133422021,0,5,1,7680,4,7516897416
7880,133447156,28404,133475560,0,7,1,34816,13,7878003792
7881,133457397,245663,133703060,0,3,0,4096,4,9974289136
7882,133513949,25043,133538992,0,5,1,1024,4,3112226536
7883,133540625,101348,133641973,0,3,0,32768,4,10567457732
7884,133546348,15837,133562185,0,3,1,30720,4,9864286780
7885,133572687,12737,133585424,0,3,1,24576,4,3434618343
7886,133637114,566,133637680,0,1,1,512,26,9558879631
7887,133660230,110864,133771094,0,0,0,64000,26,6339885564
7888,133680196,6754,133686950,0,5,1,7168,4,10489582342
7889,133680295,42166,133722461,0,7,1,68608,13,2377497097
7890,133688276,104312,133792588,0,4,0,42496,33,505289471
7891,133770787,103844,133874631,0,3,0,40960,4,7288865700
7892,133791225,33075,133824300,0,7,1,54272,13,1960061739
7893,133825302,104780,133930082,0,0,0,44032,26,9313739616
7894,133848318,64742,133913060,0,7,1,105984,13,4497340916
7895,133908358,104156,134012514,0,5,0,41984,4,427859344
7896,133945293,14545,133959838,0,3,1,28160,4,9104889978
7897,133954207,22691,133976898,0,3,1,37376,4,5515631167
7898,133998493,98696,134097189,0,0,0,24064,26,1243598651
7899,134004706,148205,134152911,0,0,0,74752,26,3396729786
7900,134012826,566,134013392,0,1,1,512,26,7212681330
7901,134019488,74903,134094391,0,7,0,512,13,4746958143
7902,134152167,3128,134155295,0,7,1,9216,13,352657186
7903,134207988,131513,134339501,0,3,0,23552,4,2949576440
7904,134235198,22950,134258148,0,8,1,37888,12,4661494924
7905,134268847,161956,134430803,0,3,0,95232,4,3127501524
7906,134269598,5802,134275400,0,6,1,6144,32,470339611
7907,134274512,217329,134491841,0,3,0,67584,4,2567507677
7908,134291250,54056,134345306,0,0,0,3584,26,3056329546
7909,134372192,5802,134377994,0,6,1,6144,32,2750201845
7910,134402562,95975,134498537,0,3,0,6656,4,3554772620
7911,134411878,80758,134492636,0,3,0,2560,4,1556360122
7912,134426587,2470,134429057,0,6,1,2560,32,2197129593
7913,134475824,45596,134521420,0,6,0,1024,32,7286646942
7914,134482365,50672,134533037,0,0,0,2560,26,10479693292
7915,134499220,57440,134556660,0,6,0,4608,32,10616587133
7916,134529430,6754,134536184,0,8,1,7168,12,3053003139
7917,134565400,566,134565966,0,6,1,512,32,5142861663
7918,134575678,45596,134621274,0,6,0,1024,32,3712209800
7919,134624565,43904,134668469,0,6,0,512,32,97481128
7920,134629045,114402,134743447,0,0,0,61440,26,7172337682
7921,134636348,88364,134724712,0,0,0,15360,26,1991365349
7922,134707821,5326,134713147,0,0,1,5632,26,6639796228
7923,134765626,13253,134778879,0,6,1,25600,32,4200669979
7924,134923700,108680,135032380,0,9,0,56832,6,2926180270
7925,134954351,1042,134955393,0,6,1,1024,32,2495298423
7926,134956840,1042,134957882,0,0,1,1024,26,7081562122
7927,134979674,6278,134985952,0,0,1,6656,26,8951078216
7928,134984996,4374,134989370,0,0,1,4608,26,3073635627
7929,134992251,2470,134994721,0,2,1,2560,20,3201094034
7930,135079149,5326,135084475,0,6,1,5632,32,4843837503
7931,135182257,566,135182823,0,6,1,512,32,4943951304
7932,135242489,1518,135244007,0,0,1,1536,26,1373499383
7933,135383694,5326,135389020,0,6,1,5632,32,9522641365
7934,135503298,2870,135506168,0,6,1,8704,32,5208883945
7935,135541892,3387,135545279,0,0,1,9728,26,7205708287
7936,135543162,5326,135548488,0,7,1,5632,13,10709188171
7937,135659437,95444,135754881,0,1,0,18432,26,8578931869
7938,135677702,5326,135683028,0,0,1,5632,26,8807650734
7939,135689374,47288,135736662,0,6,0,1536,32,2691762646
7940,135707921,1042,135708963,0,0,1,1024,26,1495804112
7941,135726619,566,135727185,0,0,1,512,26,7820735384
7942,135736784,6754,135743538,0,6,1,7168,32,7925939938
7943,135792291,2946,135795237,0,0,1,3072,26,2517367273
7944,135915093,4850,135919943,0,0,1,5120,26,3933912988
7945,135932626,45596,135978222,0,6,0,1024,32,3184440429
7946,135947984,6278,135954262,0,0,1,6656,26,2470497770
7947,135963946,3904,135967850,0,1,1,10752,26,8583515156
7948,135969495,3422,135972917,0,0,1,3584,26,10499929956
7949,135977758,7230,135984988,0,1,1,7680,26,9423771287
7950,136009001,124436,136133437,0,3,0,108544,4,8132450921
7951,136043843,34279,136078122,0,3,1,59904,4,4009271930
7952,136047628,1042,136048670,0,1,1,1024,26,8888101344
7953,136062379,43904,136106283,0,6,0,512,32,4360633696
7954,136082771,122786,136205557,0,3,0,45568,4,7555298301
7955,136102126,5971,136108097,0,6,1,14848,32,2053457506
7956,136102732,566,136103298,0,1,1,512,26,5472240817
7957,136104388,343052,136447440,0,3,0,115712,4,3161371956
7958,136113278,262390,136375668,0,3,0,41472,4,2435869632
7959,136143140,114608,136257748,0,5,0,76288,4,9490950085
7960,136194399,2470,136196869,0,1,1,2560,26,7233032617
7961,136224141,45596,136269737,0,6,0,1024,32,9381013230
7962,136247814,1042,136248856,0,1,1,1024,26,8522772674
7963,136266463,1518,136267981,0,6,1,1536,32,9041840724
7964,136281421,43904,136325325,0,6,0,512,32,10152313098
7965,136345847,1042,136346889,0,6,1,1024,32,4265919422
7966,136351268,3904,136355172,0,6,1,10752,32,2545354049
7967,136370087,4850,136374937,0,6,1,5120,32,5406017156
7968,136375062,59602,136434664,0,6,0,1536,32,8490483072
7969,136378403,2470,136380873,0,6,1,2560,32,5277587461
7970,136388765,1994,136390759,0,9,1,2048,6,3892313743
7971,136396263,4162,136400425,0,1,1,11264,26,4898389143
7972,136406258,2870,136409128,0,9,1,8704,6,8174380855
7973,136419905,133014,136552919,0,6,0,512,32,6377536936
7974,136432457,3387,136435844,0,1,1,9728,26,6609617988
7975,136443204,43904,136487108,0,6,0,512,32,1385398193
7976,136443793,4850,136448643,0,9,1,5120,6,5012604451
7977,136453028,43904,136496932,0,6,0,512,32,2630833347
7978,136468249,5802,136474051,0,1,1,6144,26,10071124199
7979,136488160,11533,136499693,0,9,1,18944,6,9052602634
7980,136502621,47288,136549909,0,6,0,1536,32,8332311530
7981,136525212,4374,136529586,0,9,1,4608,6,5612586362
7982,136525598,1994,136527592,0,1,1,2048,26,10098461732
7983,136529544,1042,136530586,0,6,1,1024,32,5108857660
7984,136547431,4850,136552281,0,0,1,5120,26,8446359039
7985,136550185,2762,136552947,0,0,1,1024,26,6441245525
7986,136570171,3422,136573593,0,6,1,3584,32,7236668374
7987,136589624,1042,136590666,0,0,1,1024,26,2471669737
7988,136598108,3128,136601236,0,6,1,9216,32,8023584098
7989,136624184,170499,136794683,0,6,0,512,32,1846230642
7990,136633344,2946,136636290,0,1,1,3072,26,1113387716
7991,136633808,3422,136637230,0,6,1,3584,32,6443854481
7992,136649958,50672,136700630,0,6,0,2560,32,10050407056
7993,136655105,52033,136707138,0,9,1,84480,6,1347133531
7994,136675785,1518,136677303,0,6,1,1536,32,9756625232
7995,136679677,1042,136680719,0,1,1,1024,26,6209212881
7996,136741154,1042,136742196,0,1,1,1024,26,1121999562
7997,136741882,5802,136747684,0,6,1,6144,32,5314791442
7998,136746621,1994,136748615,0,0,1,2048,26,3572809970
7999,136748867,3422,136752289,0,9,1,3584,6,4820966120
8000,136749341,7155,136756496,0,9,1,15872,6,642811841
8001,136756675,3422,136760097,0,6,1,3584,32,8027986205
8002,136766106,135377,136901483,0,4,0,48128,33,7970192635
8003,136773385,3422,136776807,0,6,1,3584,32,9849666825
8004,136783547,103257,136886804,0,4,0,24576,33,8537051795
8005,136789291,12825,136802116,0,1,1,21504,26,678244422
8006,136789505,3387,136792892,0,6,1,9728,32,7409737738
8007,136792509,43904,136836413,0,7,0,512,13,9592235429
8008,136808106,45596,136853702,0,6,0,1024,32,396121787
8009,136826693,3422,136830115,0,0,1,3584,26,3405774322
8010,136852388,43904,136896292,0,6,0,512,32,5031477243
8011,136857870,1518,136859388,0,0,1,1536,26,8966949829
8012,136865194,2946,136868140,0,6,1,3072,32,408823603
8013,136876820,566,136877386,0,1,1,512,26,3950827591
8014,136897251,64554,136961805,0,6,0,2048,32,6303099654
8015,136916740,3898,136920638,0,0,1,4096,26,257647925
8016,136922884,45596,136968480,0,6,0,1024,32,8548720696
8017,136941431,6754,136948185,0,6,1,7168,32,5223087631
8018,136941888,9843,136951731,0,6,1,5632,32,1605313639
8019,136958711,4850,136963561,0,0,1,5120,26,7334852756
8020,136995672,566,136996238,0,6,1,512,32,10327590308
8021,137072094,50672,137122766,0,6,0,2560,32,7722028031
8022,137074125,566,137074691,0,1,1,512,26,5195569695
8023,137090568,47444,137138012,0,8,0,2048,12,8112843737
8024,137091876,98228,137190104,0,4,0,22528,33,5417475796
8025,137164278,98072,137262350,0,1,0,22016,26,400309397
8026,137181847,47288,137229135,0,6,0,1536,32,1882335028
8027,137196687,110396,137307083,0,4,0,62464,33,4795182715
8028,137241567,150272,137391839,0,4,0,40960,33,6817516027
8029,137255028,43904,137298932,0,7,0,512,13,10455613221
8030,137278752,1042,137279794,0,1,1,1024,26,574833388
8031,137327608,2946,137330554,0,1,1,3072,26,9368505296
8032,137358921,48980,137407901,0,9,0,2048,6,6239366648
8033,137381224,1518,137382742,0,1,1,1536,26,6798908685
8034,137382108,58247,137440355,0,8,0,1024,12,10536248776
8035,137394759,48980,137443739,0,8,0,2048,12,5011894854
8036,137394861,4374,137399235,0,6,1,4608,32,8176447549
8037,137435118,2946,137438064,0,9,1,3072,6,792878933
8038,137435841,92274,137528115,0,7,1,149504,13,4206425401
8039,137450024,566,137450590,0,6,1,512,32,555592344
8040,137476304,53757,137530061,0,7,1,3072,13,4065440505
8041,137481085,1994,137483079,0,6,1,2048,32,9969289079
8042,137491131,55304,137546435,0,9,1,94208,6,1904131785
8043,137530260,43904,137574164,0,6,0,512,32,1513549559
8044,137560950,108056,137669006,0,0,0,54784,26,2004542346
8045,137612773,45596,137658369,0,6,0,1024,32,4640048351
8046,137613829,5971,137619800,0,1,1,14848,26,6925373
8047,137627767,98852,137726619,0,1,0,24576,26,572555032
8048,137638429,4937,137643366,0,7,1,12800,13,275189964
8049,137641384,50672,137692056,0,2,0,2560,20,9067055714
8050,137651961,43904,137695865,0,6,0,512,32,4297190426
8051,137658799,1518,137660317,0,1,1,1536,26,9272331100
8052,137662253,43904,137706157,0,6,0,512,32,4749591736
8053,137663959,45596,137709555,0,6,0,1024,32,8075268506
8054,137668115,6754,137674869,0,1,1,7168,26,7806588820
8055,137674755,43904,137718659,0,2,0,512,20,9436288735
8056,137676576,72668,137749244,0,4,0,9216,33,6265174974
8057,137679914,43904,137723818,0,8,0,512,12,10542832958
8058,137708339,43904,137752243,0,8,0,512,12,8347697162
8059,137779215,43904,137823119,0,2,0,512,20,8951851947
8060,137794816,47288,137842104,0,1,0,1536,26,10239806081
8061,137799148,3422,137802570,0,0,1,3584,26,4921094625
8062,137805718,83183,137888901,0,9,1,135168,6,9695431804
8063,137818406,137190,137955596,0,9,0,5120,6,817995821
8064,137878598,31783,137910381,0,9,1,51712,6,5355219274
8065,137892282,3898,137896180,0,6,1,4096,32,2353021357
8066,137907755,150157,138057912,0,9,0,7680,6,4351928090
8067,137909962,1518,137911480,0,6,1,1536,32,3876942607
8068,137949033,45596,137994629,0,2,0,1024,20,2087638427
8069,137958350,50672,138009022,0,2,0,2560,20,6131103688
8070,137962701,62828,138025529,0,0,0,7168,26,696127550
8071,137962870,53832,138016702,0,2,0,2560,20,10088169418
8072,137983339,70688,138054027,0,0,0,12800,26,7844426420
8073,137993193,46988,138040181,0,7,1,81408,13,4995762690
8074,138005338,104624,138109962,0,1,0,43520,26,3586545037
8075,138033755,117104,138150859,0,0,0,84480,26,7879993238
8076,138057711,53753,138111464,0,7,1,91136,13,7118707703
8077,138060141,52808,138112949,0,7,1,15360,13,1830599032
8078,138079831,31524,138111355,0,9,1,51200,6,6978568256
8079,138082691,43904,138126595,0,2,0,512,20,6532456975
8080,138092765,121622,138214387,0,0,0,23552,26,6804231681
8081,138093009,105872,138198881,0,4,0,47616,33,7572435719
8082,138095335,5326,138100661,0,6,1,5632,32,4357103953
8083,138100453,152260,138252713,0,4,0,62976,33,419245313
8084,138104339,109927,138214266,0,1,0,42496,26,10442112088
8085,138113439,15579,138129018,0,9,1,30208,6,6239602523
8086,138116554,13130,138129684,0,9,1,11264,6,9117085020
8087,138124034,65237,138189271,0,0,0,6656,26,553596869
8088,138128109,84733,138212842,0,9,1,138240,6,5416978702
8089,138158866,7230,138166096,0,6,1,7680,32,10010817258
8090,138184125,33543,138217668,0,9,1,7680,6,1192423491
8091,138206911,10499,138217410,0,6,1,16896,32,9967568048
8092,138247606,5196,138252802,0,2,1,13312,20,9032418255
8093,138271674,1994,138273668,0,2,1,2048,20,9199844458
8094,138272107,91304,138363411,0,0,0,19968,26,6164869714
8095,138308776,1042,138309818,0,6,1,1024,32,4174051143
8096,138312387,110240,138422627,0,4,0,61952,33,770601650
8097,138321150,75452,138396602,0,0,0,13312,26,6646599690
8098,138331836,14804,138346640,0,9,1,28672,6,5929249999
8099,138340706,4850,138345556,0,2,1,5120,20,3901444590
8100,138341188,45596,138386784,0,1,0,1024,26,9612560984
8101,138438599,45752,138484351,0,2,0,1536,20,6018071676
8102,138443628,110552,138554180,0,4,0,62976,33,4236382239
8103,138469489,136376,138605865,0,1,0,132608,26,5294882608
8104,138475341,47288,138522629,0,4,0,1536,33,4966721042
8105,138494172,98072,138592244,0,0,0,22016,26,7603083284
8106,138537616,125933,138663549,0,1,0,37376,26,6785826401
8107,138554260,13858,138568118,0,9,1,23552,6,5253165109
8108,138573930,100233,138674163,0,1,0,512,26,9790037387
8109,138594873,76242,138671115,0,1,0,5632,26,1331107927
8110,138594983,34795,138629778,0,9,1,60928,6,3440830444
8111,138610910,106184,138717094,0,0,0,48640,26,2833497058
8112,138622055,149909,138771964,0,0,0,15872,26,2657902589
8113,138630814,12049,138642863,0,9,1,19968,6,3237046651
8114,138658727,99164,138757891,0,4,0,25600,33,7293762937
8115,138776508,1518,138778026,0,2,1,1536,20,2852111522
8116,138804405,91460,138895865,0,0,0,20480,26,10425669679
8117,138835264,80584,138915848,0,1,0,14336,26,1612846794
8118,138835354,213304,139048658,0,1,0,60928,26,5727853752
8119,138855786,172998,139028784,0,1,0,107008,26,6199504507
8120,138869772,112424,138982196,0,0,0,69120,26,2271742727
8121,138874432,120550,138994982,0,0,0,4096,26,7503209835
8122,138895220,50672,138945892,0,4,0,2560,33,2775327551
8123,138906511,3387,138909898,0,2,1,9728,20,1015886070
8124,138924691,236170,139160861,0,1,0,33280,26,370576139
8125,138942560,102752,139045312,0,0,0,37376,26,4012627224
8126,138947286,203420,139150706,0,1,0,91136,26,8771844689
8127,138955346,91640,139046986,0,4,0,26112,33,9110884740
8128,138957325,2946,138960271,0,9,1,3072,6,4895837568
8129,138980623,566,138981189,0,2,1,512,20,1986009485
8130,138991435,37364,139028799,0,1,1,5632,26,7978239068
8131,139015587,55562,139071149,0,9,1,94720,6,10376280855
8132,139079737,95000,139174737,0,0,0,22016,26,3275699858
8133,139082574,43904,139126478,0,6,0,512,32,7088167923
8134,139083851,14117,139097968,0,3,1,24064,4,9292915344
8135,139093880,60824,139154704,0,4,0,5632,33,8795674118
8136,139099753,117051,139216804,0,4,0,48128,33,353225947
8137,139124336,3387,139127723,0,2,1,9728,20,9458925411
8138,139188347,43904,139232251,0,8,0,512,12,736200228
8139,139278210,4162,139282372,0,9,1,11264,6,2793915405
8140,139282090,70976,139353066,0,0,0,8704,26,9503551295
8141,139284954,97916,139382870,0,0,0,21504,26,4560506398
8142,139345499,4937,139350436,0,2,1,12800,20,3669752188
8143,139347057,107375,139454432,0,0,0,43520,26,9264483615
8144,139362842,1994,139364836,0,7,1,2048,13,4177233655
8145,139394633,5971,139400604,0,7,1,14848,13,4006642906
8146,139394897,6278,139401175,0,9,1,6656,6,4680148717
8147,139401925,4850,139406775,0,2,1,5120,20,5069854825
8148,139426589,6754,139433343,0,7,1,7168,13,993314282
8149,139427588,43904,139471492,0,6,0,512,32,4781814975
8150,139447448,26738,139474186,0,9,1,48640,6,9057903490
8151,139450016,4679,139454695,0,2,1,12288,20,383674163
8152,139459965,48980,139508945,0,6,0,2048,32,1700393241
8153,139464681,112424,139577105,0,0,0,69120,26,4052616730
8154,139470732,2946,139473678,0,7,1,3072,13,5334599769
8155,139481983,146092,139628075,0,0,0,23552,26,6996617088
8156,139522155,101192,139623347,0,4,0,32256,33,8401900327
8157,139556921,5802,139562723,0,7,1,6144,13,3341528867
8158,139594707,4374,139599081,0,2,1,4608,20,4889390408
8159,139595750,99825,139695575,0,4,0,25088,33,1269918424
8160,139710544,7706,139718250,0,2,1,8192,20,5448984857
8161,139712839,107120,139819959,0,0,0,51712,26,10311852117
8162,139796558,10241,139806799,0,9,1,16384,6,8718806943
8163,139800450,4937,139805387,0,7,1,12800,13,9041951140
8164,139817199,102596,139919795,0,4,0,36864,33,5630037997
8165,139819923,55776,139875699,0,0,0,4096,26,4922690593
8166,139838238,4850,139843088,0,7,1,5120,13,3931310641
8167,139840605,124448,139965053,0,4,0,17920,33,1253949964
8168,139865047,42166,139907213,0,9,1,68608,6,2232465445
8169,139876176,4850,139881026,0,2,1,5120,20,902030840
8170,139947210,2946,139950156,0,2,1,3072,20,4768244582
8171,139986556,566,139987122,0,2,1,512,20,4509000434
8172,140000942,64654,140065596,0,9,1,109056,6,766841121
8173,140012720,68634,140081354,0,9,1,58880,6,2424932378
8174,140018756,4420,140023176,0,2,1,11776,20,10055256914
8175,140049104,43592,140092696,0,9,1,46080,6,5843562420
8176,140069674,67592,140137266,0,0,0,7680,26,1431558506
8177,140080902,12562,140093464,0,9,1,11776,6,1132024407
8178,140101339,192689,140294028,0,9,0,5632,6,5299482945
8179,140136873,65946,140202819,0,9,1,111616,6,9122619206
8180,140168213,71312,140239525,0,5,0,14848,4,3184487503
8181,140179293,87764,140267057,0,0,0,18432,26,4154109668
8182,140237524,105248,140342772,0,0,0,45568,26,9583174987
8183,140250189,125500,140375689,0,9,0,15360,6,9819601244
8184,140253701,1042,140254743,0,1,1,1024,26,6955975191
8185,140257335,1518,140258853,0,5,1,1536,4,5405989325
8186,140303930,91304,140395234,0,5,0,19968,4,1714168004
8187,140321661,6754,140328415,0,5,1,7168,4,9553821181
8188,140329764,7230,140336994,0,5,1,7680,4,4759668732
8189,140364816,74360,140439176,0,5,0,9728,4,7164613735
8190,140384611,15837,140400448,0,6,1,30720,32,4861673044
8191,140400385,44404,140444789,0,9,1,76288,6,8301416169
8192,140404896,566,140405462,0,1,1,512,26,4407568493
8193,140444043,1994,140446037,0,1,1,2048,26,3744414090
8194,140446376,2470,140448846,0,5,1,2560,4,9509193117
8195,140453031,3422,140456453,0,5,1,3584,4,5686874970
8196,140456313,1042,140457355,0,0,1,1024,26,9679415397
8197,140473698,2946,140476644,0,5,1,3072,4,10328645207
8198,140476796,23208,140500004,0,9,1,38400,6,1137609630
8199,140481385,6488,140487873,0,5,1,15872,4,5530178253
8200,140484511,16364,140500875,0,9,1,12288,6,6715232260
8201,140494435,3128,140497563,0,5,1,9216,4,10348539784
8202,140499798,130364,140630162,0,4,0,128000,33,10123510470
8203,140503950,64208,140568158,0,0,0,6656,26,1423933832
8204,140512954,1994,140514948,0,5,1,2048,4,647359399
8205,140513307,216674,140729981,0,9,0,62464,6,5733004600
8206,140513546,100401,140613947,0,0,0,29184,26,182087136
8207,140515532,2470,140518002,0,1,1,2560,26,4684603560
8208,140533481,7706,140541187,0,6,1,8192,32,8002356918
8209,140534001,168440,140702441,0,0,0,91648,26,322930332
8210,140549296,63362,140612658,0,9,1,106496,6,3601597008
8211,140550291,566,140550857,0,5,1,512,4,5235471719
8212,140552542,113638,140666180,0,9,1,140800,6,8684601966
8213,140573442,110240,140683682,0,5,0,61952,4,825666586
8214,140606968,2946,140609914,0,1,1,3072,26,10440178889
8215,140634301,164763,140799064,0,9,0,1536,6,153160111
8216,140639719,92108,140731827,0,5,0,27648,4,10676770432
8217,140648347,6488,140654835,0,1,1,15872,26,2693458169
8218,140657941,24154,140682095,0,9,1,43520,6,3451634710
8219,140664830,126663,140791493,0,5,0,10240,4,8769239630
8220,140669795,217763,140887558,0,9,0,64000,6,5534338710
8221,140672887,22861,140695748,0,5,1,19968,4,7700188930
8222,140675910,216343,140892253,0,9,0,15360,6,5992156005
8223,140676986,566,140677552,0,1,1,512,26,3795891719
8224,140705867,140129,140845996,0,9,0,19456,6,2377988886
8225,140711189,66348,140777537,0,5,0,7168,4,1463877063
8226,140760663,103532,140864195,0,0,0,39936,26,9188664354
8227,140774663,102596,140877259,0,4,0,36864,33,213568334
8228,140776065,2506,140778571,0,5,1,1024,4,5748717152
8229,140863557,102596,140966153,0,5,0,36864,4,4369565486
8230,140894299,100100,140994399,0,0,0,28672,26,1341103227
8231,140949852,1518,140951370,0,1,1,1536,26,3391733293
8232,140971251,6754,140978005,0,9,1,7168,6,10671068563
8233,141002836,1042,141003878,0,2,1,1024,20,5262671237
8234,141023584,1518,141025102,0,5,1,1536,4,8667567888
8235,141037349,65900,141103249,0,0,0,7168,26,10179333899
8236,141082467,21399,141103866,0,2,1,34816,20,3943813208
8237,141097222,96980,141194202,0,9,0,18432,6,1159692255
8238,141103954,4937,141108891,0,9,1,12800,6,8889177730
8239,141164018,54056,141218074,0,6,0,3584,32,9583229571
8240,141180710,121160,141301870,0,0,0,97792,26,219408650
8241,141192727,6278,141199005,0,2,1,6656,20,8399824196
8242,141195843,5802,141201645,0,1,1,6144,26,6235453456
8243,141200377,91172,141291549,0,5,0,24576,4,5145237673
8244,141231740,12995,141244735,0,9,1,25088,6,7320686214
8245,141242001,566,141242567,0,6,1,512,32,5065480489
8246,141282871,6754,141289625,0,1,1,7168,26,3228163049
8247,141340577,4374,141344951,0,1,1,4608,26,6552346422
8248,141369822,5802,141375624,0,1,1,6144,26,1184206645
8249,141374105,122408,141496513,0,0,0,101888,26,6381458516
8250,141409048,6229,141415277,0,9,1,15360,6,5251344940
8251,141415748,84904,141500652,0,9,1,141824,6,5327838238
8252,141437780,59060,141496840,0,0,0,1024,26,4063154918
8253,141448767,1042,141449809,0,2,1,1024,20,7222016907
8254,141448796,123137,141571933,0,9,0,9216,6,7446884599
8255,141472994,99008,141572002,0,5,0,25088,4,2629385943
8256,141485351,3645,141488996,0,1,1,10240,26,619793115
8257,141523776,3898,141527674,0,5,1,4096,4,9872646499
8258,141537129,147428,141684557,0,9,0,15360,6,4270758955
8259,141561331,10686,141572017,0,5,1,5120,4,10627855408
8260,141563531,174192,141737723,0,9,0,12288,6,6544563483
8261,141567209,109148,141676357,0,0,0,58368,26,10049034126
8262,141569281,35889,141605170,0,9,1,57856,6,158096761
8263,141582870,6754,141589624,0,1,1,7168,26,9212198942
8264,141596909,112580,141709489,0,5,0,69632,4,4056472025
8265,141625655,5802,141631457,0,9,1,6144,6,1639639643
8266,141649334,4679,141654013,0,5,1,12288,4,10158637466
8267,141651006,33503,141684509,0,3,1,58368,4,8950646384
8268,141660654,74851,141735505,0,5,0,1536,4,2346459669
8269,141682139,566,141682705,0,5,1,512,4,5505018307
8270,141692055,20372,141712427,0,5,1,3072,4,9874563217
8271,141693119,100412,141793531,0,9,0,29696,6,7570992779
8272,141693595,4850,141698445,0,2,1,5120,20,4432162227
8273,141710947,4386,141715333,0,5,1,4608,4,7662268222
8274,141738396,10241,141748637,0,1,1,16384,26,603555172
8275,141759085,69284,141828369,0,9,0,8192,6,1041690124
8276,141765425,4850,141770275,0,2,1,5120,20,6046107664
8277,141794395,6754,141801149,0,9,1,7168,6,6648840451
8278,141800593,3422,141804015,0,1,1,3584,26,6051753108
8279,141805486,57440,141862926,0,5,0,4608,4,40647376
8280,141830871,1994,141832865,0,2,1,2048,20,4208636139
8281,141839436,2470,141841906,0,1,1,2560,26,9264003890
8282,141841785,101923,141943708,0,5,0,15360,4,6961734516
8283,141842057,2470,141844527,0,1,1,2560,26,9468692126
8284,141848191,13512,141861703,0,9,1,26112,6,10600654965
8285,141852913,566,141853479,0,2,1,512,20,6162059064
8286,141884141,6754,141890895,0,9,1,7168,6,526189745
8287,141889062,113828,142002890,0,0,0,73728,26,4831065287
8288,141893597,50750,141944347,0,5,0,2048,4,3508794482
8289,141914055,4374,141918429,0,1,1,4608,26,6030810414
8290,141926284,11533,141937817,0,2,1,18944,20,8247384788
8291,141935877,14804,141950681,0,9,1,28672,6,998753736
8292,141941242,138736,142079978,0,0,0,22016,26,5203865412
8293,141955398,101666,142057064,0,0,0,23552,26,1750930905
8294,141996134,99632,142095766,0,5,0,27136,4,7746325079
8295,142032361,43904,142076265,0,2,0,512,20,7127234998
8296,142038217,1518,142039735,0,2,1,1536,20,3597021459
8297,142066137,122720,142188857,0,5,0,102912,4,1097755484
8298,142070205,1518,142071723,0,2,1,1536,20,5296754995
8299,142073826,13341,142087167,0,9,1,22528,6,9952278343
8300,142075552,39207,142114759,0,9,1,59392,6,4695424208
8301,142082006,1994,142084000,0,1,1,2048,26,2194069575
8302,142084198,144919,142229117,0,5,0,73728,4,4599892878
8303,142122242,3904,142126146,0,1,1,10752,26,6721343583
8304,142211679,1994,142213673,0,2,1,2048,20,2317283362
8305,142231340,45596,142276936,0,5,0,1024,4,9915564651
8306,142254897,2470,142257367,0,9,1,2560,6,1705382614
8307,142270249,21916,142292165,0,3,1,35840,4,2815574626
8308,142271789,16354,142288143,0,9,1,31744,6,3343717995
8309,142277228,102666,142379894,0,9,0,23040,6,6046988503
8310,142294820,121316,142416136,0,5,0,98304,4,7656338330
8311,142307002,20882,142327884,0,9,1,33792,6,6506952433
8312,142321007,103376,142424383,0,0,0,39424,26,8656620429
8313,142325757,72068,142397825,0,0,0,12288,26,4289622519
8314,142327588,33333,142360921,0,3,1,54784,4,8297994381
8315,142329526,4850,142334376,0,1,1,5120,26,3840148898
8316,142350222,149395,142499617,0,0,0,58368,26,1419303042
8317,142354086,2470,142356556,0,6,1,2560,32,8432587439
8318,142358808,3645,142362453,0,1,1,10240,26,7739348283
8319,142388059,3898,142391957,0,1,1,4096,26,276314088
8320,142392141,566,142392707,0,2,1,512,20,1011271133
8321,142409428,43904,142453332,0,7,0,512,13,6556316217
8322,142439244,93020,142532264,0,5,0,25600,4,673156324
8323,142439658,49136,142488794,0,7,0,2560,13,505295007
8324,142448425,153739,142602164,0,5,0,93696,4,5924716930
8325,142476225,2946,142479171,0,6,1,3072,32,10066400000
8326,142501689,566,142502255,0,1,1,512,26,3462016784
8327,142519849,54787,142574636,0,3,1,93184,4,6529957501
8328,142526440,69394,142595834,0,3,1,68608,4,878431435
8329,142537179,66716,142603895,0,5,0,5632,4,8633960137
8330,142556260,7230,142563490,0,1,1,7680,26,2427716642
8331,142561362,43904,142605266,0,7,0,512,13,5916425830
8332,142600281,15062,142615343,0,6,1,29184,32,8782163790
8333,142621736,3128,142624864,0,2,1,9216,20,1250302526
8334,142635035,6278,142641313,0,2,1,6656,20,356952115
8335,142641699,4374,142646073,0,2,1,4608,20,10565053265
8336,142686937,1994,142688931,0,6,1,2048,32,9662208140
8337,142688369,43904,142732273,0,7,0,512,13,5169114801
8338,142691948,92372,142784320,0,5,0,18432,4,8324139957
8339,142713490,84380,142797870,0,5,0,17408,4,8714810692
8340,142723167,81374,142804541,0,3,1,131584,4,10380411816
8341,142730260,2870,142733130,0,6,1,8704,32,377352215
8342,142731319,129303,142860622,0,5,0,35840,4,6315887352
8343,142743310,1994,142745304,0,0,1,2048,26,8759661369
8344,142747454,47288,142794742,0,7,0,1536,13,7935888375
8345,142770780,566,142771346,0,6,1,512,32,8723871706
8346,142784113,22054,142806167,0,3,1,2560,4,376980996
8347,142790339,4420,142794759,0,0,1,11776,26,9479539645
8348,142796190,3422,142799612,0,8,1,3584,12,4784611288
8349,142835893,113048,142948941,0,5,0,71168,4,3515839131
8350,142849833,158874,143008707,0,5,0,34304,4,2105553953
8351,142856641,62516,142919157,0,7,0,6144,13,4749543599
8352,142894065,43904,142937969,0,7,0,512,13,3785741773
8353,142900073,4850,142904923,0,0,1,5120,26,10353082874
8354,142908390,3898,142912288,0,8,1,4096,12,10716194575
8355,142928007,96380,143024387,0,4,0,21504,33,3246306304
8356,143015168,3898,143019066,0,8,1,4096,12,10138942261
8357,143028071,5326,143033397,0,8,1,5632,12,97960762
8358,143040933,3387,143044320,0,1,1,9728,26,8750906749
8359,143045807,101192,143146999,0,5,0,32256,4,6921478442
8360,143069109,12049,143081158,0,8,1,19968,12,8547893661
8361,143090861,44060,143134921,0,7,0,1024,13,7601965756
8362,143098194,10499,143108693,0,6,1,16896,32,10258851201
8363,143158876,12308,143171184,0,3,1,20480,4,185206232
8364,143161680,12410,143174090,0,3,1,4608,4,6562214376
8365,143163511,45596,143209107,0,7,0,1024,13,6451788862
8366,143169444,4679,143174123,0,8,1,12288,12,8456639632
8367,143190059,2470,143192529,0,0,1,2560,26,4847224184
8368,143208314,1994,143210308,0,8,1,2048,12,956736966
8369,143235936,107744,143343680,0,5,0,53760,4,9722679204
8370,143236389,5196,143241585,0,0,1,13312,26,6302641656
8371,143246118,140942,143387060,0,5,0,34816,4,2770305471
8372,143247532,47288,143294820,0,6,0,1536,32,6831928998
8373,143258363,45596,143303959,0,6,0,1024,32,5994590948
8374,143277184,566,143277750,0,8,1,512,12,7408741907
8375,143278752,2470,143281222,0,8,1,2560,12,2740276436
8376,143279472,2470,143281942,0,5,1,2560,4,894009381
8377,143290334,2946,143293280,0,0,1,3072,26,6515475867
8378,143290840,52436,143343276,0,6,0,2048,32,5103016773
8379,143299791,4183,143303974,0,6,1,4096,32,10541338032
8380,143301329,43904,143345233,0,7,0,512,13,7822286236
8381,143302870,3128,143305998,0,5,1,9216,4,7591108522
8382,143328976,91640,143420616,0,1,0,26112,26,3913086567
8383,143330939,13775,143344714,0,5,1,1024,4,6241448001
8384,143341586,7706,143349292,0,0,1,8192,26,7731968095
8385,143348116,4374,143352490,0,5,1,4608,4,8283281220
8386,143357990,3422,143361412,0,0,1,3584,26,4334133038
8387,143366980,85472,143452452,0,1,0,20992,26,2167589799
8388,143385226,140759,143525985,0,1,0,55296,26,7967840041
8389,143389866,133621,143523487,0,0,0,26112,26,2918215550
8390,143398218,43904,143442122,0,7,0,512,13,10309909984
8391,143411080,566,143411646,0,8,1,512,12,4866899257
8392,143413849,4162,143418011,0,3,1,11264,4,730358976
8393,143419838,5144,143424982,0,1,1,4608,26,7772029999
8394,143426643,54056,143480699,0,1,0,3584,26,1273282294
8395,143443740,2870,143446610,0,8,1,8704,12,7381315863
8396,143491993,13512,143505505,0,3,1,26112,4,1443497727
8397,143497422,48980,143546402,0,7,0,2048,13,3194083682
8398,143540545,2946,143543491,0,3,1,3072,4,9812524998
8399,143547172,89924,143637096,0,1,0,20480,26,1001036869
8400,143559966,144012,143703978,0,1,0,27136,26,9478224959
8401,143601533,3387,143604920,0,1,1,9728,26,7652481028
8402,143668467,1042,143669509,0,1,1,1024,26,6752437341
8403,143674329,124436,143798765,0,1,0,108544,26,6200399333
8404,143681529,4374,143685903,0,6,1,4608,32,1317803864
8405,143690159,3422,143693581,0,8,1,3584,12,5847845679
8406,143700389,566,143700955,0,6,1,512,32,2217623912
8407,143710790,45596,143756386,0,8,0,1024,12,2157934780
8408,143718987,6278,143725265,0,6,1,6656,32,7969813122
8409,143723139,3128,143726267,0,3,1,9216,4,10091948461
8410,143726636,1518,143728154,0,1,1,1536,26,5386796828
8411,143740207,4374,143744581,0,1,1,4608,26,1808477980
8412,143744579,1994,143746573,0,5,1,2048,4,6924536707
8413,143772847,247300,144020147,0,1,0,87552,26,7180089851
8414,143796020,4756,143800776,0,1,1,2048,26,2762558376
8415,143802696,5326,143808022,0,8,1,5632,12,5363220493
8416,143810017,4850,143814867,0,1,1,5120,26,666808806
8417,143844924,103220,143948144,0,9,0,38912,6,5949811833
8418,143845523,103416,143948939,0,9,0,2560,6,6465463190
8419,143853411,66836,143920247,0,1,0,10240,26,8961165238
8420,143873694,566,143874260,0,6,1,512,32,5608409571
8421,143902644,4374,143907018,0,1,1,4608,26,4400661394
8422,143934199,115117,144049316,0,9,0,46080,6,8615468773
8423,143948870,1518,143950388,0,6,1,1536,32,9748801797
8424,143961447,74984,144036431,0,0,0,11776,26,8660017449
8425,143976604,5802,143982406,0,7,1,6144,13,1976799527
8426,143982876,566,143983442,0,8,1,512,12,2486730068
8427,143984061,21658,144005719,0,3,1,35328,4,4672012966
8428,143999176,4374,144003550,0,6,1,4608,32,6809301611
8429,144009851,11806,144021657,0,1,1,1536,26,9004262959
8430,144010927,566,144011493,0,3,1,512,4,5921224458
8431,144053695,6771,144060466,0,1,1,7168,26,8399435167
8432,144053697,7333,144061030,0,1,1,10752,26,3306820591
8433,144068597,101816,144170413,0,3,0,34304,4,6557339004
8434,144094419,45596,144140015,0,7,0,1024,13,1142490377
8435,144100717,3898,144104615,0,5,1,4096,4,7484504558
8436,144146373,566,144146939,0,8,1,512,12,516455364
8437,144155440,566,144156006,0,7,1,512,13,10144285106
8438,144167713,7230,144174943,0,5,1,7680,4,8723103835
8439,144177682,2470,144180152,0,7,1,2560,13,8578199566
8440,144182582,5326,144187908,0,5,1,5632,4,10659129414
8441,144183286,2946,144186232,0,8,1,3072,12,6161816641
8442,144194809,5326,144200135,0,8,1,5632,12,6388350865
8443,144219660,4850,144224510,0,5,1,5120,4,10247394466
8444,144261181,69234,144330415,0,7,0,512,13,2362545407
8445,144275766,43904,144319670,0,7,0,512,13,5706310192
8446,144366244,45596,144411840,0,7,0,1024,13,7221564161
8447,144370305,77744,144448049,0,1,0,10752,26,6401726176
8448,144404163,103532,144507695,0,1,0,39936,26,999593987
8449,144444191,16613,144460804,0,3,1,32256,4,9371087167
8450,144447554,18947,144466501,0,3,1,18944,4,3611282236
8451,144460091,43904,144503995,0,7,0,512,13,8002417212
8452,144504761,2470,144507231,0,7,1,2560,13,2220753917
8453,144541930,1518,144543448,0,7,1,1536,13,890627322
8454,144549607,106340,144655947,0,1,0,49152,26,8775492178
8455,144554776,6754,144561530,0,7,1,7168,13,5496179453
8456,144558123,11533,144569656,0,3,1,18944,4,4170440411
8457,144568753,92513,144661266,0,1,0,17408,26,381200844
8458,144661688,97292,144758980,0,1,0,19456,26,10081705145
8459,144724060,32041,144756101,0,9,1,52224,6,7190523327
8460,144741074,43904,144784978,0,7,0,512,13,8042102879
8461,144798136,72668,144870804,0,1,0,9216,26,6276305511
8462,144889713,43904,144933617,0,1,0,512,26,9207296783
8463,144907539,26479,144934018,0,9,1,48128,6,929201393
8464,144919009,43904,144962913,0,7,0,512,13,1919704227
8465,144920087,76052,144996139,0,1,0,10240,26,5267372992
8466,144977745,98696,145076441,0,3,0,24064,4,10658688283
8467,145028351,44404,145072755,0,9,1,76288,6,1439803251
8468,145061271,99788,145161059,0,1,0,27648,26,10379767003
8469,145137537,45596,145183133,0,1,0,1024,26,8978612553
8470,145138104,10499,145148603,0,9,1,16896,6,3523087616
8471,145141948,8601,145150549,0,9,1,3072,6,6747222309
8472,145151432,23725,145175157,0,9,1,39424,6,10532132488
8473,145165629,42941,145208570,0,9,1,70144,6,2298646177
8474,145165952,43904,145209856,0,7,0,512,13,387353699
8475,145167414,86852,145254266,0,1,0,20480,26,2724565104
8476,145190582,47288,145237870,0,7,0,1536,13,1756684376
8477,145192045,1042,145193087,0,5,1,1024,4,2576009967
8478,145219054,106184,145325238,0,1,0,48640,26,8243375378
8479,145230313,48980,145279293,0,6,0,2048,32,1826453217
8480,145239086,23120,145262206,0,3,1,41472,4,149165465
8481,145255661,43904,145299565,0,7,0,512,13,10522677351
8482,145283065,1042,145284107,0,8,1,1024,12,9138669265
8483,145283543,101972,145385515,0,1,0,34816,26,4312404465
8484,145296894,47288,145344182,0,7,0,1536,13,4810715080
8485,145308036,23120,145331156,0,9,1,41472,6,2061676760
8486,145320627,2470,145323097,0,3,1,2560,4,3185151466
8487,145336046,53066,145389112,0,3,1,86528,4,5681630013
8488,145337565,66998,145404563,0,3,1,57344,4,2096289688
8489,145365735,3422,145369157,0,8,1,3584,12,9875822026
8490,145389049,14117,145403166,0,9,1,24064,6,2590378141
8491,145430252,15062,145445314,0,3,1,29184,4,2622503977
8492,145493526,102908,145596434,0,1,0,37888,26,268128095
8493,145497422,33503,145530925,0,9,1,58368,6,7102923833
8494,145520593,45596,145566189,0,2,0,1024,20,3397031866
8495,145534677,2470,145537147,0,8,1,2560,12,1629759942
8496,145538967,1994,145540961,0,9,1,2048,6,1404350645
8497,145582577,60824,145643401,0,1,0,5632,26,891927791
8498,145620148,566,145620714,0,8,1,512,12,2719402834
8499,145634230,43112,145677342,0,3,1,73728,4,2361069670
8500,145709487,2470,145711957,0,6,1,2560,32,6703622639
8501,145715266,2946,145718212,0,8,1,3072,12,9591638515
8502,145766760,110240,145877000,0,1,0,61952,26,1029391826
8503,145796539,48980,145845519,0,9,0,2048,6,4469992953
8504,145808922,1518,145810440,0,6,1,1536,32,7854566290
8505,145829732,2470,145832202,0,6,1,2560,32,10385675195
8506,145852713,80684,145933397,0,9,0,15360,6,10469322515
8507,145867755,57440,145925195,0,9,0,4608,6,710569154
8508,145871319,73833,145945152,0,9,1,120320,6,3790994905
8509,145904305,153763,146058068,0,9,0,30208,6,5063378499
8510,145948013,342722,146290735,0,9,0,100352,6,7451996848
8511,145973735,31007,146004742,0,9,1,50176,6,6557051683
8512,145979295,64208,146043503,0,1,0,6656,26,8179686019
8513,145997429,204008,146201437,0,1,0,208384,26,6107151056
8514,146054179,57634,146111813,0,9,1,91136,6,5903256125
8515,146065807,6229,146072036,0,2,1,15360,20,3467268345
8516,146103433,116501,146219934,0,5,0,55296,4,710476884
8517,146111402,1042,146112444,0,5,1,1024,4,5456355546
8518,146116538,1994,146118532,0,2,1,2048,20,7812086828
8519,146131692,208325,146340017,0,9,0,6656,6,3005190533
8520,146146059,160306,146306365,0,1,0,44544,26,9805722741
8521,146157984,280713,146438697,0,9,0,147456,6,6521462253
8522,146166914,43904,146210818,0,8,0,512,12,728122980
8523,146173771,43904,146217675,0,7,0,512,13,4221191796
8524,146177724,3422,146181146,0,2,1,3584,20,2333919791
8525,146188726,10499,146199225,0,9,1,16896,6,2771880467
8526,146230543,282159,146512702,0,9,0,48128,6,5841243656
8527,146232537,3904,146236441,0,2,1,10752,20,4301560627
8528,146234321,70532,146304853,0,4,0,12288,33,6061407309
8529,146245438,303299,146548737,0,9,0,47616,6,8966521716
8530,146245450,234290,146479740,0,9,0,134656,6,3106149118
8531,146252033,45596,146297629,0,7,0,1024,13,6932516657
8532,146262033,4850,146266883,0,2,1,5120,20,10163964297
8533,146298865,217653,146516518,0,9,0,10240,6,656180790
8534,146380055,88520,146468575,0,4,0,15872,33,1922636581
8535,146387487,45596,146433083,0,4,0,1024,33,7250064109
8536,146394457,111488,146505945,0,1,0,66048,26,8758969564
8537,146400429,74540,146474969,0,4,0,15360,33,8205203120
8538,146423528,139779,146563307,0,4,0,77312,33,8027994709
8539,146440610,102752,146543362,0,5,0,37376,4,9867898689
8540,146446452,45596,146492048,0,7,0,1024,13,872106131
8541,146496605,109112,146605717,0,5,0,9216,4,8825986139
8542,146510594,38446,146549040,0,9,1,64000,6,646307118
8543,146514143,66836,146580979,0,1,0,10240,26,9169772822
8544,146521389,58150,146579539,0,9,0,1536,6,1701267810
8545,146523572,79322,146602894,0,5,0,8704,4,3744322311
8546,146540431,273683,146814114,0,9,0,52736,6,6803200084
8547,146557355,216627,146773982,0,9,0,67072,6,7929152458
8548,146577434,305518,146882952,0,9,0,50688,6,10557324866
8549,146608956,48980,146657936,0,7,0,2048,13,25141158
8550,146620245,45596,146665841,0,7,0,1024,13,7794094064
8551,146628447,45596,146674043,0,6,0,1024,32,10569054118
8552,146632183,45596,146677779,0,2,0,1024,20,9321778927
8553,146638398,43904,146682302,0,2,0,512,20,4651266526
8554,146656670,23466,146680136,0,9,1,38912,6,938622244
8555,146702338,7230,146709568,0,2,1,7680,20,4402863405
8556,146720777,43904,146764681,0,7,0,512,13,473502324
8557,146735341,5326,146740667,0,2,1,5632,20,7348909162
8558,146784141,110240,146894381,0,1,0,61952,26,8283635290
8559,146788522,43904,146832426,0,6,0,512,32,5180718540
8560,146804775,43904,146848679,0,2,0,512,20,8000274328
8561,146830339,566,146830905,0,2,1,512,20,7052850598
8562,146874346,95310,146969656,0,9,1,145408,6,7824113957
8563,146927892,43904,146971796,0,6,0,512,32,7001752639
8564,146940278,64912,147005190,0,9,1,109568,6,10021381263
8565,146977658,32921,147010579,0,9,1,25600,6,366104113
8566,146977665,3898,146981563,0,2,1,4096,20,2201322484
8567,146998909,97096,147096005,0,9,1,162304,6,2112903148
8568,147008396,93920,147102316,0,9,1,22016,6,6689573473
8569,147019337,45908,147065245,0,7,0,2048,13,3209019901
8570,147035359,43904,147079263,0,7,0,512,13,6692933455
8571,147043995,566,147044561,0,7,1,512,13,6317296474
8572,147047856,45596,147093452,0,2,0,1024,20,8471921231
8573,147051428,53794,147105222,0,9,1,4608,6,3525786075
8574,147066266,3898,147070164,0,6,1,4096,32,3671476641
8575,147098162,8046,147106208,0,9,1,1536,6,7469851581
8576,147100620,105770,147206390,0,7,0,1536,13,6594504515
8577,147139756,43904,147183660,0,7,0,512,13,4284507661
8578,147155534,43904,147199438,0,7,0,512,13,9816474022
8579,147160526,90548,147251074,0,6,0,22528,32,3648370148
8580,147165906,566,147166472,0,9,1,512,6,4144658969
8581,147169546,44060,147213606,0,2,0,1024,20,10607098938
8582,147177819,111644,147289463,0,0,0,66560,26,9512290284
8583,147186047,43904,147229951,0,7,0,512,13,7584707573
8584,147271688,47288,147318976,0,2,0,1536,20,5215449883
8585,147284164,54056,147338220,0,2,0,3584,20,4823884339
8586,147375475,113360,147488835,0,6,0,72192,32,558453850
8587,147405704,43904,147449608,0,2,0,512,20,4846802018
8588,147407628,566,147408194,0,9,1,512,6,9293235717
8589,147438329,127774,147566103,0,6,0,26112,32,9679918135
8590,147460299,45596,147505895,0,7,0,1024,13,8296886708
8591,147471572,178621,147650193,0,6,0,33792,32,8823431476
8592,147479866,178766,147658632,0,6,0,27648,32,5991114320
8593,147580209,117572,147697781,0,9,0,86016,6,6276551732
8594,147595755,43904,147639659,0,2,0,512,20,7416767
8595,147606649,54056,147660705,0,7,0,3584,13,4765451648
8596,147620783,104156,147724939,0,0,0,41984,26,1127419300
8597,147641200,2470,147643670,0,5,1,2560,4,809741268
8598,147641839,4869,147646708,0,5,1,12288,4,3720959934
8599,147644620,43904,147688524,0,0,0,512,26,1886660721
8600,147668258,69899,147738157,0,0,0,3584,26,4277450162
8601,147678211,93776,147771987,0,0,0,23040,26,10237008126
8602,147710562,2946,147713508,0,5,1,3072,4,3229561831
8603,147799681,566,147800247,0,7,1,512,13,4135468828
8604,147804952,6754,147811706,0,5,1,7168,4,9566276050
8605,147814373,566,147814939,0,5,1,512,4,907131982
8606,147863088,79592,147942680,0,6,0,11776,32,4488017309
8607,147929641,117104,148046745,0,6,0,84480,32,7348751181
8608,148002672,50672,148053344,0,6,0,2560,32,10620878884
8609,148021574,90704,148112278,0,0,0,23040,26,3387291437
8610,148044270,6278,148050548,0,5,1,6656,4,6615694010
8611,148062205,95223,148157428,0,0,0,13824,26,2794829860
8612,148073991,45596,148119587,0,2,0,1024,20,46919975
8613,148106929,48980,148155909,0,8,0,2048,12,5454660864
8614,148110834,43904,148154738,0,8,0,512,12,7772955702
8615,148125778,105248,148231026,0,0,0,45568,26,8276879295
8616,148138145,102596,148240741,0,1,0,36864,26,3353085889
8617,148142869,1518,148144387,0,5,1,1536,4,6023227787
8618,148169519,566,148170085,0,9,1,512,6,4895594349
8619,148208798,112112,148320910,0,6,0,68096,32,8590614455
8620,148216192,99164,148315356,0,0,0,25600,26,9001820028
8621,148217970,566,148218536,0,2,1,512,20,9274146812
8622,148238282,105716,148343998,0,0,0,47104,26,8492458949
8623,148254242,5326,148259568,0,2,1,5632,20,5890070221
8624,148258924,143310,148402234,0,6,0,35328,32,7129816730
8625,148293226,43904,148337130,0,8,0,512,12,1003796416
8626,148350788,48980,148399768,0,2,0,2048,20,10632196023
8627,148417815,45596,148463411,0,2,0,1024,20,3976657128
8628,148481680,14029,148495709,0,2,1,27136,20,1689408473
8629,148487318,2470,148489788,0,0,1,2560,26,54920064
8630,148493496,24154,148517650,0,2,1,43520,20,1937704114
8631,148500666,58180,148558846,0,2,1,84480,20,1389983190
8632,148541573,76881,148618454,0,2,0,1024,20,7323990908
8633,148552799,149926,148702725,0,2,0,1024,20,2168573235
8634,148579927,107588,148687515,0,4,0,53248,33,7662110473
8635,148591721,47288,148639009,0,4,0,1536,33,397678473
8636,148642884,104940,148747824,0,2,0,512,20,4656157930
8637,148651266,2870,148654136,0,5,1,8704,4,598802396
8638,148660339,99344,148759683,0,0,0,31232,26,3127063713
8639,148698541,114452,148812993,0,5,0,75776,4,4934704768
8640,148703544,68996,148772540,0,4,0,12288,33,6487014868
8641,148731714,566,148732280,0,5,1,512,4,986819423
8642,148739138,40874,148780012,0,2,1,66048,20,9624972314
8643,148751693,39456,148791149,0,2,1,45056,20,6180329255
8644,148760511,56489,148817000,0,2,0,512,20,710956475
8645,148799386,50672,148850058,0,6,0,2560,32,9154958639
8646,148817344,103532,148920876,0,6,0,39936,32,2423443666
8647,148841673,24929,148866602,0,2,1,45056,20,575929944
8648,148851773,50965,148902738,0,2,0,1536,20,3014030314
8649,148863296,207158,149070454,0,2,0,512,20,956179038
8650,148869653,11791,148881444,0,5,1,19456,4,4096886750
8651,148881670,56854,148938524,0,2,1,97280,20,6137675717
8652,148903992,130283,149034275,0,2,1,199168,20,958840614
8653,148933906,89744,149023650,0,4,0,14848,33,5084318013
8654,148970039,85639,149055678,0,2,1,69632,20,8680042189
8655,148980604,107050,149087654,0,2,1,112128,20,1351453772
8656,149007196,3422,149010618,0,5,1,3584,4,4897555470
8657,149012486,4162,149016648,0,5,1,11264,4,10316920246
8658,149013621,47288,149060909,0,0,0,1536,26,3385810108
8659,149026903,50672,149077575,0,0,0,2560,26,4774578118
8660,149046675,108846,149155521,0,0,0,10240,26,2655327919
8661,149053474,119593,149173067,0,0,0,34304,26,1222575006
8662,149148474,94868,149243342,0,0,0,26624,26,2251920322
8663,149154831,566,149155397,0,5,1,512,4,936152778
8664,149162118,166568,149328686,0,0,0,145408,26,7398585226
8665,149162762,13341,149176103,0,2,1,22528,20,1611862523
8666,149167612,4374,149171986,0,5,1,4608,4,9718924523
8667,149176719,267225,149443944,0,2,0,512,20,3744107145
8668,149197910,133139,149331049,0,0,0,7680,26,7451186527
8669,149216145,20882,149237027,0,2,1,33792,20,5784806236
8670,149243172,25187,149268359,0,2,1,45568,20,2167723070
8671,149257421,79103,149336524,0,0,0,17920,26,4890481453
8672,149288424,137570,149425994,0,0,0,24576,26,6369962828
8673,149301383,4374,149305757,0,5,1,4608,4,1771019925
8674,149354144,10241,149364385,0,5,1,16384,4,6266888356
8675,149356828,4374,149361202,0,7,1,4608,13,8378933991
8676,149364175,4420,149368595,0,5,1,11776,4,10435970910
8677,149379417,1042,149380459,0,5,1,1024,4,1482278040
8678,149431501,43904,149475405,0,2,0,512,20,6686983620
8679,149453480,100412,149553892,0,9,0,29696,6,1215865062
8680,149488440,106028,149594468,0,0,0,48128,26,10532916982
8681,149493757,5802,149499559,0,5,1,6144,4,5958776880
8682,149508647,48980,149557627,0,2,0,2048,20,5335815680
8683,149615592,103688,149719280,0,1,0,40448,26,3592790183
8684,149633553,87140,149720693,0,4,0,16384,33,6613502551
8685,149678318,90987,149769305,0,4,0,17408,33,4581140774
8686,149679971,91328,149771299,0,0,0,25088,26,2213181225
8687,149725473,89924,149815397,0,5,0,20480,4,3264763858
8688,149746490,57908,149804398,0,5,0,6144,4,4905386581
8689,149792415,47288,149839703,0,4,0,1536,33,10379548999
8690,149807596,2470,149810066,0,7,1,2560,13,3600777482
8691,149811366,100256,149911622,0,4,0,29184,33,5425878704
8692,149824859,74672,149899531,0,5,0,10752,4,585840013
8693,149951704,64232,150015936,0,0,0,11776,26,4348999443
8694,149977162,13341,149990503,0,2,1,22528,20,6200685726
8695,149980927,54836,150035763,0,5,0,6144,4,69619065
8696,149995078,121847,150116925,0,5,0,44544,4,2376721976
8697,150029110,103532,150132642,0,4,0,39936,33,2109853643
8698,150106030,21399,150127429,0,2,1,34816,20,8705408285
8699,150123382,566,150123948,0,8,1,512,12,3109365514
8700,150127941,133029,150260970,0,4,0,121344,33,7651627440
8701,150144974,45596,150190570,0,7,0,1024,13,7758092018
8702,150157567,47288,150204855,0,7,0,1536,13,8040827733
8703,150167435,147308,150314743,0,0,0,138240,26,9920395123
8704,150169126,164817,150333943,0,0,0,39936,26,8378140984
8705,150171542,175619,150347161,0,0,0,1536,26,7590452090
8706,150177874,4937,150182811,0,8,1,12800,12,8674887350
8707,150182710,3387,150186097,0,7,1,9728,13,7420978458
8708,150185767,106964,150292731,0,5,0,51200,4,2819210292
8709,150200178,181705,150381883,0,0,0,28672,26,8590837520
8710,150204915,127400,150332315,0,6,0,118272,32,4616479769
8711,150212798,106276,150319074,0,4,0,17408,33,1139594433
8712,150234580,566,150235146,0,7,1,512,13,9081305826
8713,150268676,1042,150269718,0,8,1,1024,12,9371491482
8714,150285181,2946,150288127,0,7,1,3072,13,3426530169
8715,150304446,45696,150350142,0,2,1,78848,20,1909422771
8716,150311872,57440,150369312,0,5,0,4608,4,6357468221
8717,150316421,85465,150401886,0,4,0,12288,33,735624519
8718,150318927,1994,150320921,0,5,1,2048,4,2074223861
8719,150329410,74216,150403626,0,5,0,10240,4,10408392599
8720,150335600,101192,150436792,0,4,0,32256,33,1063486348
8721,150352242,81152,150433394,0,5,0,16896,4,6623332935
8722,150381558,80401,150461959,0,0,0,18432,26,1168554897
8723,150399392,3422,150402814,0,7,1,3584,13,2816824043
8724,150436952,59132,150496084,0,5,0,5120,4,8968568242
8725,150454026,34108,150488134,0,2,1,56320,20,2254655470
8726,150500940,107588,150608528,0,4,0,53248,33,10099791402
8727,150514258,5802,150520060,0,8,1,6144,12,3670141795
8728,150568678,128180,150696858,0,0,0,120832,26,5597179533
8729,150592153,56372,150648525,0,5,0,6144,4,468044440
8730,150623017,1518,150624535,0,7,1,1536,13,7592493596
8731,150643978,52988,150696966,0,6,0,5120,32,4162467672
8732,150684614,65900,150750514,0,5,0,7168,4,7397414218
8733,150698436,87608,150786044,0,5,0,17920,4,4877762037
8734,150712433,98540,150810973,0,5,0,23552,4,10282661656
8735,150754731,125528,150880259,0,0,0,112128,26,4652552195
8736,150763023,47288,150810311,0,8,0,1536,12,3956143598
8737,150782988,101588,150884576,0,5,0,23552,4,8245548310
8738,150861633,110396,150972029,0,4,0,62464,33,10253343700
8739,150863776,1994,150865770,0,8,1,2048,12,1858508846
8740,150878868,107588,150986456,0,6,0,53248,32,5596019530
8741,150912812,3128,150915940,0,7,1,9216,13,2705901124
8742,150914479,85700,151000179,0,0,0,8192,26,4803892220
8743,150930895,101192,151032087,0,0,0,32256,26,2985950382
8744,150953653,7706,150961359,0,7,1,8192,13,5204784022
8745,150960672,1673,150962345,0,7,1,1536,13,2749687202
8746,150965327,62384,151027711,0,5,0,10752,4,5552829396
8747,150970896,149469,151120365,0,0,0,114176,26,3605941955
8748,150976497,137819,151114316,0,6,0,119808,32,6484743577
8749,151003295,126189,151129484,0,0,0,6656,26,5782369566
8750,151004601,179610,151184211,0,0,0,95744,26,3017428541
8751,151059122,70688,151129810,0,5,0,12800,4,6325574861
8752,151075546,66418,151141964,0,6,0,6656,32,1055902785
8753,151082934,76378,151159312,0,5,0,7680,4,10265181326
8754,151113641,87767,151201408,0,5,0,8704,4,5020551456
8755,151130432,113786,151244218,0,5,0,58368,4,1002010194
8756,151131395,111488,151242883,0,6,0,66048,32,8604053593
8757,151161624,101816,151263440,0,4,0,34304,33,3000628896
8758,151185964,155220,151341184,0,5,0,92160,4,7545194581
8759,151193025,85448,151278473,0,3,0,15872,4,536951482
8760,151216084,4850,151220934,0,0,1,5120,26,6759311907
8761,151222216,1042,151223258,0,7,1,1024,13,4978059221
8762,151265922,3645,151269567,0,8,1,10240,12,7473836886
8763,151292730,108056,151400786,0,6,0,54784,32,5405075006
8764,151298147,112782,151410929,0,4,0,70144,33,1100161259
8765,151316299,98228,151414527,0,6,0,22528,32,6331249425
8766,151318503,100553,151419056,0,4,0,26624,33,2374670261
8767,151347136,71624,151418760,0,0,0,15872,26,6344332782
8768,151359980,116824,151476804,0,0,0,45056,26,5439292135
8769,151367039,1518,151368557,0,7,1,1536,13,5201304550
8770,151382332,105713,151488045,0,6,0,35840,32,8538845432
8771,151382459,99103,151481562,0,0,0,4096,26,1793319156
8772,151391402,56596,151447998,0,3,1,96768,4,10058259764
8773,151395639,4850,151400489,0,7,1,5120,13,3064924035
8774,151444413,112892,151557305,0,5,0,70656,4,5237493205
8775,151446931,3645,151450576,0,1,1,10240,26,9161083688
8776,151490858,55748,151546606,0,6,0,4096,32,1311077519
8777,151492944,124307,151617251,0,5,0,39424,4,6926113232
8778,151495853,103688,151599541,0,0,0,40448,26,3834379912
8779,151521333,94400,151615733,0,4,0,25088,33,4391976554
8780,151553003,2870,151555873,0,1,1,8704,26,3441698239
8781,151554928,99320,151654248,0,6,0,26112,32,9721916438
8782,151557253,62516,151619769,0,4,0,6144,33,8392715966
8783,151558329,1042,151559371,0,7,1,1024,13,6893560539
8784,151614955,4374,151619329,0,1,1,4608,26,5870917493
8785,151615534,3227,151618761,0,5,1,1536,4,913253833
8786,151617351,4162,151621513,0,1,1,11264,26,10013493242
8787,151621653,99008,151720661,0,6,0,25088,32,9987733722
8788,151637951,120848,151758799,0,5,0,96768,4,8296752671
8789,151645900,86360,151732260,0,0,0,13824,26,5404684317
8790,151668429,83183,151751612,0,3,1,135168,4,1518368236
8791,151669523,1042,151670565,0,1,1,1024,26,2631452311
8792,151675741,12995,151688736,0,2,1,25088,20,9857849030
8793,151677710,85784,151763494,0,6,0,22016,32,5215019787
8794,151691868,3898,151695766,0,7,1,4096,13,10673828080
8795,151712469,1518,151713987,0,7,1,1536,13,717157159
8796,151730134,192242,151922376,0,0,0,162816,26,4713707770
8797,151835074,118664,151953738,0,5,0,89600,4,4137800278
8798,151851129,71468,151922597,0,6,0,15360,32,9207967598
8799,151862497,2470,151864967,0,5,1,2560,4,3331099545
8800,151871166,16354,151887520,0,2,1,31744,20,3231594978
8801,151872137,83012,151955149,0,2,1,124416,20,6569390883
8802,151875680,4374,151880054,0,8,1,4608,12,8600825302
8803,151876419,52720,151929139,0,0,1,7168,26,5966993474
8804,151878345,2870,151881215,0,5,1,8704,4,6897525561
8805,151885059,566,151885625,0,1,1,512,26,1339441576
8806,151896156,4850,151901006,0,8,1,5120,12,5343057986
8807,151898837,31928,151930765,0,0,1,2560,26,5443780290
8808,151904076,103532,152007608,0,6,0,39936,32,9410671782
8809,151911280,106850,152018130,0,5,0,16384,4,3671566076
8810,151925788,69878,151995666,0,5,0,8192,4,6774730626
8811,151926487,5802,151932289,0,7,1,6144,13,4343555093
8812,151933941,3128,151937069,0,7,1,9216,13,10734461024
8813,151940044,3422,151943466,0,7,1,3584,13,5075648254
8814,151945999,128728,152074727,0,5,0,18944,4,1204649045
8815,151946022,60824,152006846,0,9,0,5632,6,5386872552
8816,151956238,102284,152058522,0,4,0,35840,33,2671611875
8817,151978095,102596,152080691,0,0,0,36864,26,427915367
8818,151987316,121948,152109264,0,5,0,17920,4,5582611481
8819,151989147,1042,151990189,0,8,1,1024,12,2687050365
8820,152009383,100256,152109639,0,9,0,29184,6,5326181144
8821,152025560,1518,152027078,0,7,1,1536,13,4450649311
8822,152031604,13253,152044857,0,8,1,25600,12,3726593886
8823,152044683,1042,152045725,0,5,1,1024,4,9325472745
8824,152051577,147726,152199303,0,9,0,38912,6,5867932911
8825,152054438,168992,152223430,0,0,0,143872,26,6515082010
8826,152054836,108368,152163204,0,5,0,55808,4,10381474717
8827,152056348,3898,152060246,0,5,1,4096,4,6072891021
8828,152068977,43904,152112881,0,7,0,512,13,7865964173
8829,152071938,152287,152224225,0,0,0,2560,26,4160571379
8830,152092627,169862,152262489,0,9,0,43520,6,8793487137
8831,152102718,206721,152309439,0,9,0,25088,6,7174011393
8832,152107155,127212,152234367,0,2,1,210944,20,2980626058
8833,152120827,2870,152123697,0,0,1,8704,26,7765768088
8834,152137593,100960,152238553,0,2,1,6656,20,7991367514
8835,152151560,14506,152166066,0,5,1,8704,4,4149068295
8836,152176177,5326,152181503,0,8,1,5632,12,234252013
8837,152179863,67904,152247767,0,5,0,8704,4,3023131344
8838,152206524,566,152207090,0,5,1,512,4,9848258224
8839,152207933,4850,152212783,0,7,1,5120,13,2272280522
8840,152218178,133283,152351461,0,0,0,117760,26,9137606962
8841,152234334,4937,152239271,0,1,1,12800,26,871211423
8842,152264892,1518,152266410,0,5,1,1536,4,4231692459
8843,152269256,4850,152274106,0,7,1,5120,13,5702486252
8844,152303269,566,152303835,0,8,1,512,12,6034284476
8845,152313193,4937,152318130,0,1,1,12800,26,6522903438
8846,152322591,1994,152324585,0,8,1,2048,12,543547684
8847,152328676,5326,152334002,0,5,1,5632,4,8558675717
8848,152337150,111176,152448326,0,9,0,65024,6,33066376
8849,152357295,1042,152358337,0,8,1,1024,12,223043281
8850,152392094,5326,152397420,0,5,1,5632,4,26743590
8851,152420910,1518,152422428,0,0,1,1536,26,5331150225
8852,152464043,2946,152466989,0,7,1,3072,13,2445838196
8853,152464753,3645,152468398,0,5,1,10240,4,2131505732
8854,152467378,123032,152590410,0,9,0,103936,6,2659914640
8855,152473071,3904,152476975,0,0,1,10752,26,8345579486
8856,152492549,6278,152498827,0,8,1,6656,12,451784935
8857,152505710,12049,152517759,0,8,1,19968,12,1205311241
8858,152514740,6278,152521018,0,7,1,6656,13,6960968313
8859,152517963,209444,152727407,0,5,0,221184,4,7921453656
8860,152541348,2946,152544294,0,1,1,3072,26,5346658432
8861,152541776,1042,152542818,0,7,1,1024,13,4730206244
8862,152547349,195652,152743001,0,5,0,34304,4,2172654485
8863,152551376,7706,152559082,0,7,1,8192,13,6920549179
8864,152557481,188784,152746265,0,5,0,9728,4,2200247741
8865,152558793,3387,152562180,0,8,1,9728,12,9062598878
8866,152587096,35829,152622925,0,2,1,62976,20,2348064906
8867,152594261,43904,152638165,0,0,0,512,26,69102134
8868,152596663,59444,152656107,0,4,0,6144,33,7087727259
8869,152609022,97916,152706938,0,4,0,21504,33,7165916087
8870,152615387,76700,152692087,0,9,0,17408,6,9835343913
8871,152628424,116168,152744592,0,0,0,81408,26,2408983987
8872,152642868,91241,152734109,0,2,1,147456,20,6232184361
8873,152673083,56786,152729869,0,5,1,2560,4,10451222742
8874,152677682,6278,152683960,0,0,1,6656,26,9891937341
8875,152694907,5802,152700709,0,7,1,6144,13,4547495617
8876,152704913,34995,152739908,0,2,1,27648,20,2989484100
8877,152715661,7230,152722891,0,7,1,7680,13,2129386436
8878,152720357,29570,152749927,0,0,1,5632,26,10025819612
8879,152726737,139656,152866393,0,0,0,99840,26,535304016
8880,152762617,12995,152775612,0,2,1,25088,20,1739971572
8881,152787446,6754,152794200,0,7,1,7168,13,6509583389
8882,152796371,2946,152799317,0,0,1,3072,26,7169922479
8883,152803607,5326,152808933,0,7,1,5632,13,275835172
8884,152805255,3128,152808383,0,0,1,9216,26,7484910815
8885,152806100,150999,152957099,0,7,0,1024,13,5788626743
8886,152814740,1042,152815782,0,7,1,1024,13,624793013
8887,152829747,1994,152831741,0,1,1,2048,26,7709642036
8888,152865472,74350,152939822,0,2,1,121344,20,6992668818
8889,152873330,566,152873896,0,5,1,512,4,8277091467
8890,152873804,215435,153089239,0,0,0,54784,26,6259309513
8891,152902398,74840,152977238,0,2,1,121856,20,1637226145
8892,152911621,1994,152913615,0,5,1,2048,4,10273281274
8893,152913691,48980,152962671,0,8,0,2048,12,804800150
8894,152938877,64487,153003364,0,2,1,92160,20,4793685373
8895,152953934,1042,152954976,0,0,1,1024,26,4297508482
8896,152960113,106652,153066765,0,9,0,50176,6,9910899561
8897,152963459,56482,153019941,0,2,1,62976,20,10019890581
8898,153004394,3387,153007781,0,1,1,9728,26,3761801502
8899,153012661,566,153013227,0,0,1,512,26,6169948794
8900,153027077,99944,153127021,0,4,0,28160,33,8011511448
8901,153059271,141556,153200827,0,4,0,37376,33,8520086911
8902,153095486,2946,153098432,0,2,1,3072,20,10183514060
8903,153098604,120536,153219140,0,9,0,95744,6,5804516277
8904,153121084,1042,153122126,0,5,1,1024,4,3464558908
8905,153139324,2470,153141794,0,0,1,2560,26,10211874662
8906,153199120,1518,153200638,0,5,1,1536,4,2968968869
8907,153202650,3898,153206548,0,5,1,4096,4,9613761941
8908,153240871,3128,153243999,0,5,1,9216,4,8140399642
8909,153260850,2946,153263796,0,5,1,3072,4,4200695320
8910,153272878,99632,153372510,0,9,0,27136,6,9463985175
8911,153294566,5326,153299892,0,0,1,5632,26,1866658039
8912,153295827,84512,153380339,0,9,0,12800,6,6640274788
8913,153297569,3309,153300878,0,0,1,1536,26,3665220386
8914,153304354,101348,153405702,0,1,0,32768,26,6764333406
8915,153305653,56015,153361668,0,9,0,512,6,4097493827
8916,153324317,131568,153455885,0,9,0,32768,6,4401740874
8917,153344923,4420,153349343,0,5,1,11776,4,3872584379
8918,153351328,3422,153354750,0,0,1,3584,26,2262153549
8919,153386564,1042,153387606,0,0,1,1024,26,10292636031
8920,153436940,5326,153442266,0,0,1,5632,26,2107097883
8921,153473765,2946,153476711,0,0,1,3072,26,10326943683
8922,153519696,42166,153561862,0,2,1,68608,20,7557462017
8923,153532714,95624,153628338,0,6,0,24064,32,6320681932
8924,153536251,117938,153654189,0,5,0,86528,4,636022613
8925,153541243,3645,153544888,0,8,1,10240,12,2489783133
8926,153554165,214684,153768849,0,5,0,74240,4,9407017732
8927,153556771,257090,153813861,0,5,0,141312,4,10133493432
8928,153565818,267729,153833547,0,5,0,64512,4,4014543638
8929,153587715,3898,153591613,0,0,1,4096,26,371002184
8930,153592579,91148,153683727,0,4,0,19456,33,357313046
8931,153606573,108992,153715565,0,3,0,57856,4,5692077440
8932,153619830,219512,153839342,0,5,0,18944,4,8136917937
8933,153620097,3128,153623225,0,2,1,9216,20,6905783453
8934,153621134,8049,153629183,0,2,1,15360,20,9426961735
8935,153635853,103688,153739541,0,3,0,40448,4,10366685172
8936,153638297,5196,153643493,0,0,1,13312,26,4502183496
8937,153639381,82149,153721530,0,2,1,133120,20,8055700290
8938,153669191,179682,153848873,0,5,0,31232,4,1635673808
8939,153679424,6278,153685702,0,0,1,6656,26,610177543
8940,153703852,3645,153707497,0,0,1,10240,26,5609722766
8941,153733550,3422,153736972,0,5,1,3584,4,2071093872
8942,153734116,87949,153822065,0,3,0,16384,4,7819256998
8943,153744302,51516,153795818,0,2,1,83456,20,7078681659
8944,153746469,67407,153813876,0,5,1,17408,4,6587337289
8945,153796417,56789,153853206,0,5,1,4608,4,9903649899
8946,153854515,2946,153857461,0,6,1,3072,32,1503703832
8947,153867609,47288,153914897,0,6,0,1536,32,4600712268
8948,153870333,4374,153874707,0,0,1,4608,26,4303521513
8949,153870577,4596,153875173,0,0,1,9728,26,7642520363
8950,153876250,102440,153978690,0,9,0,36352,6,1955420393
8951,153885358,3128,153888486,0,6,1,9216,32,6994869859
8952,153896638,3645,153900283,0,6,1,10240,32,5947034175
8953,153970825,5326,153976151,0,0,1,5632,26,762225124
8954,154024706,180805,154205511,0,6,0,37376,32,7259941434
8955,154033297,111644,154144941,0,6,0,66560,32,3409191911
8956,154036589,97916,154134505,0,9,0,21504,6,9624807156
8957,154139134,8269,154147403,0,6,1,2560,32,3539871918
8958,154182341,2946,154185287,0,6,1,3072,32,10080903515
8959,154199932,69284,154269216,0,9,0,8192,6,4107540806
8960,154200432,8493,154208925,0,6,1,3584,32,1198745294
8961,154277804,4374,154282178,0,0,1,4608,26,7438604433
8962,154307692,3898,154311590,0,0,1,4096,26,2485131668
8963,154307900,8196,154316096,0,0,1,7168,26,10064586059
8964,154322750,566,154323316,0,9,1,512,6,8464427081
8965,154466200,99944,154566144,0,9,0,28160,6,8972965017
8966,154467207,4374,154471581,0,6,1,4608,32,498252184
8967,154492150,43904,154536054,0,2,0,512,20,9115555680
8968,154533284,5802,154539086,0,0,1,6144,26,10445038363
8969,154567778,102752,154670530,0,6,0,37376,32,10328402805
8970,154601520,1042,154602562,0,6,1,1024,32,1865861295
8971,154629098,7706,154636804,0,0,1,8192,26,10229484663
8972,154705837,107120,154812957,0,6,0,51712,32,10119238840
8973,154720855,105404,154826259,0,9,0,46080,6,9864265133
8974,154721444,24412,154745856,0,2,1,44032,20,8417045246
8975,154740987,188990,154929977,0,2,0,1024,20,6915066406
8976,154755331,7706,154763037,0,6,1,8192,32,10061706096
8977,154769476,7230,154776706,0,1,1,7680,26,5299486476
8978,154803410,6754,154810164,0,1,1,7168,26,7562283964
8979,154805533,5297,154810830,0,1,1,1024,26,564723019
8980,154866624,43904,154910528,0,7,0,512,13,10103760105
8981,154868267,90704,154958971,0,6,0,23040,32,9388980938
8982,154883055,7230,154890285,0,6,1,7680,32,3438942565
8983,154884208,2470,154886678,0,1,1,2560,26,3836369158
8984,154928681,566,154929247,0,6,1,512,32,2790457134
8985,154946568,45696,154992264,0,3,1,78848,4,5237911506
8986,154959967,45596,155005563,0,2,0,1024,20,9011466902
8987,154988787,11533,155000320,0,6,1,18944,32,1594767202
8988,155010890,43904,155054794,0,7,0,512,13,4238706872
8989,155013620,43904,155057524,0,2,0,512,20,711793578
8990,155067691,43904,155111595,0,7,0,512,13,5722362481
8991,155096686,4937,155101623,0,6,1,12800,32,7297404256
8992,155122124,74360,155196484,0,9,0,9728,6,3596838472
8993,155164129,6278,155170407,0,6,1,6656,32,97058880
8994,155175827,45596,155221423,0,7,0,1024,13,2564970510
8995,155182359,47288,155229647,0,2,0,1536,20,4421240902
8996,155219870,43904,155263774,0,2,0,512,20,180868194
8997,155223722,6278,155230000,0,6,1,6656,32,4507108688
8998,155229331,59132,155288463,0,9,0,5120,6,1028114978
8999,155238836,47288,155286124,0,7,0,1536,13,3520631676
9000,155249349,7230,155256579,0,6,1,7680,32,7758713188
9001,155272048,119288,155391336,0,9,0,91648,6,3381812303
9002,155282477,5454,155287931,0,7,1,13824,13,8449665995
9003,155283562,4374,155287936,0,0,1,4608,26,9210309842
9004,155317680,62932,155380612,0,7,0,1024,13,7114947866
9005,155347371,5196,155352567,0,0,1,13312,26,6790775147
9006,155386975,2470,155389445,0,7,1,2560,13,10576533289
9007,155387984,59132,155447116,0,4,0,5120,33,874607574
9008,155415221,1518,155416739,0,0,1,1536,26,2796708140
9009,155415867,1042,155416909,0,7,1,1024,13,1125784559
9010,155426880,5802,155432682,0,7,1,6144,13,3159387482
9011,155428600,1994,155430594,0,6,1,2048,32,6377967453
9012,155431601,1518,155433119,0,6,1,1536,32,8252700662
9013,155445430,48980,155494410,0,7,0,2048,13,4936265402
9014,155469236,1042,155470278,0,8,1,1024,12,6614697194
9015,155470780,45596,155516376,0,2,0,1024,20,3367256942
9016,155482221,47288,155529509,0,2,0,1536,20,8378884072
9017,155496387,2870,155499257,0,7,1,8704,13,3127731773
9018,155501618,5802,155507420,0,8,1,6144,12,138219978
9019,155512208,1042,155513250,0,6,1,1024,32,6624399627
9020,155520894,76856,155597750,0,9,0,17920,6,50300365
9021,155538395,2946,155541341,0,6,1,3072,32,5801057421
9022,155557019,158871,155715890,0,9,0,105984,6,1225693729
9023,155571356,43904,155615260,0,2,0,512,20,6412143820
9024,155579073,566,155579639,0,8,1,512,12,3195879467
9025,155598210,50672,155648882,0,2,0,2560,20,5495884105
9026,155633534,1994,155635528,0,8,1,2048,12,8962944150
9027,155636932,1518,155638450,0,0,1,1536,26,8220614000
9028,155644289,120627,155764916,0,9,0,38912,6,290986870
9029,155672252,2470,155674722,0,8,1,2560,12,6122888014
9030,155672561,2470,155675031,0,7,1,2560,13,3233013713
9031,155675562,566,155676128,0,7,1,512,13,6899865171
9032,155679311,47288,155726599,0,7,0,1536,13,9971883952
9033,155711302,138364,155849666,0,9,0,89088,6,8132531073
9034,155735209,127108,155862317,0,9,0,41472,6,2137248781
9035,155742535,3898,155746433,0,7,1,4096,13,10735135986
9036,155744595,13083,155757678,0,8,1,22016,12,5536528781
9037,155746808,566,155747374,0,0,1,512,26,985816210
9038,155756701,1963,155758664,0,8,1,1536,12,8216350363
9039,155770832,47288,155818120,0,2,0,1536,20,7784653203
9040,155780869,45596,155826465,0,2,0,1024,20,1924821248
9041,155824204,43904,155868108,0,2,0,512,20,4283497376
9042,155827359,5326,155832685,0,1,1,5632,26,4516388621
9043,155840888,1518,155842406,0,7,1,1536,13,946422550
9044,155992090,5326,155997416,0,8,1,5632,12,4749069927
9045,156019518,101816,156121334,0,9,0,34304,6,3309181533
9046,156042515,103827,156146342,0,9,0,13312,6,2195204903
9047,156059923,101437,156161360,0,9,0,13312,6,6521623412
9048,156062832,1042,156063874,0,8,1,1024,12,6172858277
9049,156111814,10571,156122385,0,9,1,1024,6,3125032610
9050,156114793,9990,156124783,0,9,1,9216,6,211529629
9051,156171937,1042,156172979,0,9,1,1024,6,7990103656
9052,156182549,6754,156189303,0,0,1,7168,26,1102702282
9053,156192614,109233,156301847,0,9,0,53760,6,9413040333
9054,156194770,141313,156336083,0,9,0,50176,6,7267358496
9055,156195071,3898,156198969,0,9,1,4096,6,8362352423
9056,156204059,3645,156207704,0,0,1,10240,26,8564483849
9057,156205247,4937,156210184,0,7,1,12800,13,6378782089
9058,156206395,9079,156215474,0,7,1,6656,13,2274857641
9059,156263878,1518,156265396,0,7,1,1536,13,2890343288
9060,156330330,2946,156333276,0,7,1,3072,13,9505034803
9061,156341775,1518,156343293,0,9,1,1536,6,2840632044
9062,156362383,3904,156366287,0,7,1,10752,13,9695514864
9063,156369121,6754,156375875,0,7,1,7168,13,2401207740
9064,156392807,109460,156502267,0,9,0,59392,6,9340309746
9065,156415002,146719,156561721,0,9,0,21504,6,608365242
9066,156427704,11791,156439495,0,7,1,19456,13,6352667900
9067,156447868,230130,156677998,0,9,0,43008,6,3283252174
9068,156451916,212963,156664879,0,9,0,132096,6,7572283442
9069,156532401,5712,156538113,0,7,1,14336,13,8447819755
9070,156542708,3422,156546130,0,9,1,3584,6,8296087338
9071,156551263,3422,156554685,0,9,1,3584,6,7740073729
9072,156675659,7181,156682840,0,9,1,5120,6,174215989
9073,156766687,97784,156864471,0,9,0,26112,6,1220245484
9074,156783085,109454,156892539,0,9,0,17408,6,676236018
9075,156816745,2470,156819215,0,9,1,2560,6,7773464032
9076,156865982,102128,156968110,0,9,0,35328,6,3269446721
9077,156890169,566,156890735,0,7,1,512,13,570848546
9078,156913482,6754,156920236,0,9,1,7168,6,5893730847
9079,156938074,158372,157096446,0,4,0,139264,33,10003082561
9080,156957284,99164,157056448,0,9,0,25600,6,6240351772
9081,156979157,3387,156982544,0,7,1,9728,13,7706960045
9082,157080012,6754,157086766,0,7,1,7168,13,1506716275
9083,157081113,59132,157140245,0,9,0,5120,6,2363935117
9084,157120810,102596,157223406,0,9,0,36864,6,8166651715
9085,157147894,103532,157251426,0,6,0,39936,32,5625690090
9086,157155940,117110,157273050,0,6,0,65536,32,7816577582
9087,157167439,129707,157297146,0,6,0,28672,32,873908222
9088,157214459,3422,157217881,0,7,1,3584,13,6599664136
9089,157221853,1518,157223371,0,7,1,1536,13,6066698154
9090,157267533,47288,157314821,0,9,0,1536,6,3557936031
9091,157332598,102128,157434726,0,1,0,35328,26,8283755805
9092,157332705,1518,157334223,0,7,1,1536,13,4138864329
9093,157353253,1994,157355247,0,9,1,2048,6,3005897166
9094,157449156,2470,157451626,0,9,1,2560,6,10410169663
9095,157517557,4850,157522407,0,9,1,5120,6,9037266494
9096,157626458,62228,157688686,0,9,0,10240,6,341550549
9097,157655471,1518,157656989,0,7,1,1536,13,5813310356
9098,157656711,106297,157763008,0,9,0,31232,6,8672261321
9099,157721321,84980,157806301,0,9,0,14336,6,2221863164
9100,157764327,62228,157826555,0,9,0,10240,6,6464617364
9101,157846659,105872,157952531,0,1,0,47616,26,7897126114
9102,157889867,70976,157960843,0,9,0,8704,6,4698594600
9103,157894892,43904,157938796,0,2,0,512,20,5633534256
9104,157898740,55748,157954488,0,9,0,4096,6,8165012813
9105,157922944,120309,158043253,0,9,0,51200,6,406281453
9106,157953086,5326,157958412,0,7,1,5632,13,4073224881
9107,157954509,3128,157957637,0,0,1,9216,26,6746213670
9108,157967848,173595,158141443,0,9,0,19456,6,2089308711
9109,157980068,145283,158125351,0,9,0,92672,6,5640408256
9110,158009553,2470,158012023,0,9,1,2560,6,2799679872
9111,158038456,7752,158046208,0,9,1,3072,6,4742022092
9112,158039541,135883,158175424,0,9,0,51712,6,1196348296
9113,158131173,142111,158273284,0,9,0,73216,6,338514828
9114,158160002,1042,158161044,0,8,1,1024,12,1502152977
9115,158160271,108524,158268795,0,4,0,56320,33,888951491
9116,158274055,2470,158276525,0,9,1,2560,6,6710051999
9117,158302518,173780,158476298,0,4,0,149504,33,8675227940
9118,158312407,66659,158379066,0,9,0,4608,6,8955296748
9119,158325715,6278,158331993,0,9,1,6656,6,3323979766
9120,158332850,1518,158334368,0,9,1,1536,6,876296894
9121,158333993,148880,158482873,0,4,0,21504,33,71716029
9122,158350441,1994,158352435,0,8,1,2048,12,679887465
9123,158380971,2946,158383917,0,8,1,3072,12,4067774132
9124,158384486,97292,158481778,0,9,0,19456,6,9229012572
9125,158394706,2946,158397652,0,9,1,3072,6,9067457683
9126,158395512,126274,158521786,0,9,0,34816,6,1489482803
9127,158397890,111924,158509814,0,4,0,10240,33,9810452725
9128,158411900,3128,158415028,0,9,1,9216,6,8990416347
9129,158426996,90056,158517052,0,4,0,15872,33,9478088857
9130,158436408,141740,158578148,0,4,0,31744,33,6515720010
9131,158455155,5196,158460351,0,2,1,13312,20,4658541719
9132,158470175,3422,158473597,0,8,1,3584,12,2204030806
9133,158485682,5326,158491008,0,9,1,5632,6,4810182703
9134,158491395,121043,158612438,0,4,0,32256,33,5224287616
9135,158545508,92196,158637704,0,4,0,8192,33,9859731316
9136,158569240,135211,158704451,0,9,0,27648,6,4947042329
9137,158579755,1042,158580797,0,8,1,1024,12,9155451974
9138,158585925,3898,158589823,0,8,1,4096,12,4662495692
9139,158597397,1518,158598915,0,3,1,1536,4,2628588704
9140,158601354,88232,158689586,0,4,0,19968,33,2080878386
9141,158616307,5454,158621761,0,8,1,13824,12,3988510838
9142,158679950,1994,158681944,0,8,1,2048,12,6990267391
9143,158695383,9083,158704466,0,9,1,7680,6,8721078456
9144,158706457,1042,158707499,0,9,1,1024,6,8563052875
9145,158782555,47288,158829843,0,9,0,1536,6,2058813606
9146,158816263,11274,158827537,0,9,1,18432,6,9576808850
9147,158835382,2946,158838328,0,8,1,3072,12,234164647
9148,158847103,54056,158901159,0,4,0,3584,33,9789805069
9149,158858217,1994,158860211,0,3,1,2048,4,8146776877
9150,158858535,6326,158864861,0,3,1,14848,4,7493078594
9151,158863442,65612,158929054,0,4,0,11264,33,3827985106
9152,158874885,1042,158875927,0,8,1,1024,12,6457172691
9153,158900531,11274,158911805,0,9,1,18432,6,4877854732
9154,158908270,79592,158987862,0,4,0,11776,33,5297938557
9155,158911401,55748,158967149,0,9,0,4096,6,9511654279
9156,158948797,3422,158952219,0,8,1,3584,12,10425716283
9157,159062508,1518,159064026,0,0,1,1536,26,3596415662
9158,159068262,5802,159074064,0,0,1,6144,26,6485961422
9159,159079470,85784,159165254,0,9,0,22016,6,2064369708
9160,159094509,7230,159101739,0,9,1,7680,6,5948928693
9161,159141777,14804,159156581,0,3,1,28672,4,6695534383
9162,159152804,4374,159157178,0,0,1,4608,26,7683719052
9163,159163484,7706,159171190,0,8,1,8192,12,981442768
9164,159169075,2461,159171536,0,8,1,512,12,364275208
9165,159178045,113708,159291753,0,9,0,52224,6,2699164440
9166,159192418,3898,159196316,0,9,1,4096,6,1230817636
9167,159211010,1042,159212052,0,9,1,1024,6,9497709618
9168,159219273,23378,159242651,0,3,1,41984,4,5434026453
9169,159226170,11016,159237186,0,2,1,17920,20,7920423371
9170,159243553,4374,159247927,0,0,1,4608,26,1415393901
9171,159256367,1518,159257885,0,2,1,1536,20,3633368459
9172,159288077,68060,159356137,0,4,0,9216,33,3587313372
9173,159289984,20882,159310866,0,3,1,33792,4,6406192520
9174,159291827,104936,159396763,0,9,0,44544,6,10607948601
9175,159305009,47600,159352609,0,9,0,2560,6,1256803005
9176,159333079,102596,159435675,0,4,0,36864,33,705868860
9177,159354582,566,159355148,0,0,1,512,26,619813411
9178,159364246,206427,159570673,0,3,0,86528,4,58294853
9179,159368807,283808,159652615,0,3,0,127488,4,2568487756
9180,159390488,4850,159395338,0,0,1,5120,26,5561305502
9181,159406216,110084,159516300,0,4,0,61440,33,2529280603
9182,159415029,11274,159426303,0,2,1,18432,20,9168438942
9183,159419994,3422,159423416,0,8,1,3584,12,1759637426
9184,159494996,4374,159499370,0,3,1,4608,4,1725647547
9185,159501752,3422,159505174,0,8,1,3584,12,9884620392
9186,159545496,6229,159551725,0,8,1,15360,12,4971407441
9187,159550923,104468,159655391,0,4,0,43008,33,750809746
9188,159597338,3898,159601236,0,8,1,4096,12,9109268093
9189,159610838,22174,159633012,0,2,1,36352,20,3888987841
9190,159621964,61909,159683873,0,3,1,50688,4,8937310502
9191,159628615,60904,159689519,0,4,0,1536,33,3569921456
9192,159676762,3387,159680149,0,1,1,9728,26,774938002
9193,159705649,566,159706215,0,2,1,512,20,6422143240
9194,159722206,5196,159727402,0,8,1,13312,12,174417833
9195,159723751,4420,159728171,0,2,1,11776,20,2533102567
9196,159734336,4162,159738498,0,2,1,11264,20,1943505739
9197,159806259,103064,159909323,0,3,0,38400,4,7203689234
9198,159817404,1518,159818922,0,8,1,1536,12,4956856798
9199,159850090,43904,159893994,0,4,0,512,33,9429081331
9200,159884224,43904,159928128,0,3,0,512,4,4941483769
9201,159914223,15321,159929544,0,2,1,29696,20,2912883048
9202,159951271,1518,159952789,0,8,1,1536,12,9741510995
9203,159993287,108212,160101499,0,4,0,55296,33,1593328533
9204,160024209,113188,160137397,0,4,0,71168,33,8284518925
9205,160038871,129348,160168219,0,4,0,19968,33,371630832
9206,160054468,133233,160187701,0,4,0,7168,33,2796602397
9207,160055325,21399,160076724,0,2,1,34816,20,6890079836
9208,160071466,43904,160115370,0,3,0,512,4,7447047318
9209,160126392,566,160126958,0,1,1,512,26,878174981
9210,160130730,92274,160223004,0,3,1,149504,4,8023431717
9211,160149884,4850,160154734,0,2,1,5120,20,8565355353
9212,160162891,1042,160163933,0,8,1,1024,12,7512096987
9213,160176407,189865,160366272,0,3,0,44032,4,8177342476
9214,160190469,102128,160292597,0,4,0,35328,33,4707936108
9215,160203187,257389,160460576,0,3,0,46080,4,9976235821
9216,160210421,566,160210987,0,1,1,512,26,9907019001
9217,160216200,54358,160270558,0,2,1,89088,20,8096479916
9218,160222923,1518,160224441,0,1,1,1536,26,1381275474
9219,160262093,2870,160264963,0,8,1,8704,12,8839174974
9220,160299865,76052,160375917,0,3,0,10240,4,4404334468
9221,160300853,65900,160366753,0,4,0,7168,33,6638685672
9222,160309409,117514,160426923,0,3,0,5120,4,9122918793
9223,160319502,191235,160510737,0,3,0,52224,4,8057672050
9224,160324361,162725,160487086,0,3,0,20480,4,7960015115
9225,160326203,14545,160340748,0,2,1,28160,20,9398054127
9226,160359691,4420,160364111,0,1,1,11776,26,4483292597
9227,160386285,566,160386851,0,1,1,512,26,6932471676
9228,160391255,3422,160394677,0,8,1,3584,12,5289362986
9229,160394692,3422,160398114,0,2,1,3584,20,5978932567
9230,160455665,107588,160563253,0,4,0,53248,33,4678581705
9231,160465783,4850,160470633,0,1,1,5120,26,9869391229
9232,160496979,1518,160498497,0,1,1,1536,26,9202692606
9233,160507250,5802,160513052,0,2,1,6144,20,9848308454
9234,160520284,115232,160635516,0,1,0,78336,26,4102660761
9235,160541111,566,160541677,0,8,1,512,12,6330103646
9236,160591454,104468,160695922,0,3,0,43008,4,1294169095
9237,160603149,226939,160830088,0,3,0,149504,4,5163261481
9238,160621871,1042,160622913,0,8,1,1024,12,10188908569
9239,160679140,4374,160683514,0,8,1,4608,12,3570170794
9240,160680868,111332,160792200,0,4,0,65536,33,4078750205
9241,160718445,137133,160855578,0,4,0,45568,33,439600054
9242,160773788,82897,160856685,0,4,0,3584,33,4067513086
9243,160780127,5802,160785929,0,8,1,6144,12,4274867815
9244,160807603,47288,160854891,0,7,0,1536,13,6002588610
9245,160965109,5712,160970821,0,8,1,14336,12,7033404166
9246,161043769,84512,161128281,0,4,0,12800,33,3519321412
9247,161047159,4162,161051321,0,8,1,11264,12,6040381137
9248,161070842,5802,161076644,0,8,1,6144,12,2909415712
9249,161193181,96092,161289273,0,1,0,25600,26,3512569259
9250,161270266,14287,161284553,0,8,1,27648,12,6052643380
9251,161340661,1042,161341703,0,8,1,1024,12,9080496015
9252,161448879,105092,161553971,0,4,0,45056,33,8111156969
9253,161468829,100568,161569397,0,4,0,30208,33,6451284137
9254,161477549,149448,161626997,0,4,0,51712,33,9162018078
9255,161524170,182429,161706599,0,4,0,84992,33,10612672314
9256,161530310,209373,161739683,0,4,0,32256,33,424184644
9257,161539689,3898,161543587,0,8,1,4096,12,5566060919
9258,161682833,72763,161755596,0,4,0,2048,33,1958740948
9259,161684510,75094,161759604,0,4,0,5120,33,8870908184
9260,161805767,111176,161916943,0,4,0,65024,33,564402193
9261,161830271,5326,161835597,0,8,1,5632,12,6628247174
9262,161847556,6754,161854310,0,8,1,7168,12,10706944550
9263,161891795,2470,161894265,0,9,1,2560,6,9655221881
9264,161906741,116534,162023275,0,4,0,49152,33,8217978608
9265,161993904,1518,161995422,0,8,1,1536,12,2485926033
9266,162006242,107744,162113986,0,4,0,53760,33,8573893454
9267,162023567,566,162024133,0,9,1,512,6,2264072239
9268,162092123,1042,162093165,0,8,1,1024,12,10345850443
9269,162184643,83156,162267799,0,4,0,18432,33,6529768272
9270,162234924,7230,162242154,0,9,1,7680,6,7055065108
9271,162255711,130291,162386002,0,4,0,15360,33,7096969255
9272,162267760,113547,162381307,0,4,0,72704,33,7565009732
9273,162304429,52364,162356793,0,7,0,3072,13,10163015185
9274,162343917,2470,162346387,0,9,1,2560,6,9941203558
9275,162343961,3387,162347348,0,8,1,9728,12,10168475188
9276,162376990,115344,162492334,0,4,0,49152,33,6650432725
9277,162398687,100058,162498745,0,4,0,20992,33,7824748932
9278,162444607,7230,162451837,0,9,1,7680,6,1805488501
9279,162492535,566,162493101,0,8,1,512,12,8636629205
9280,162509801,110396,162620197,0,4,0,62464,33,5960472675
9281,162565214,1042,162566256,0,8,1,1024,12,1263009256
9282,162616224,13341,162629565,0,8,1,22528,12,4096746808
9283,162654261,3422,162657683,0,9,1,3584,6,7284777382
9284,162683080,3422,162686502,0,8,1,3584,12,3853957764
9285,162822090,149156,162971246,0,4,0,139264,33,9970171862
9286,162847778,13512,162861290,0,8,1,26112,12,2026838078
9287,162850561,11395,162861956,0,8,1,1024,12,367971915
9288,162967499,2946,162970445,0,1,1,3072,26,9340296940
9289,162971215,99187,163070402,0,4,0,25600,33,3023990973
9290,162972315,6754,162979069,0,8,1,7168,12,10677207012
9291,162979372,12566,162991938,0,3,1,20992,4,7277908995
9292,163068713,7706,163076419,0,1,1,8192,26,3957054070
9293,163152427,2946,163155373,0,1,1,3072,26,2607404522
9294,163179066,7230,163186296,0,9,1,7680,6,10083137008
9295,163198201,14804,163213005,0,9,1,28672,6,3286290775
9296,163213816,3904,163217720,0,8,1,10752,12,8145528610
9297,163245286,4374,163249660,0,9,1,4608,6,1434799616
9298,163289996,3387,163293383,0,1,1,9728,26,4834694757
9299,163323266,1518,163324784,0,1,1,1536,26,2182474728
9300,163362343,3387,163365730,0,8,1,9728,12,8194619769
9301,163364303,4162,163368465,0,9,1,11264,6,5852150593
9302,163379619,566,163380185,0,8,1,512,12,3705881900
9303,163398852,4374,163403226,0,8,1,4608,12,6396018191
9304,163460720,110864,163571584,0,4,0,64000,33,7244320510
9305,163469789,1042,163470831,0,8,1,1024,12,10202265365
9306,163470066,23550,163493616,0,8,1,38912,12,7396688367
9307,163474526,20076,163494602,0,8,1,1536,12,1535230258
9308,163502245,10757,163513002,0,9,1,17408,6,5656446717
9309,163508172,6278,163514450,0,8,1,6656,12,6180253280
9310,163518338,3387,163521725,0,9,1,9728,6,5588986761
9311,163528416,112288,163640704,0,4,0,16384,33,4591063139
9312,163552951,5802,163558753,0,8,1,6144,12,624280346
9313,163555938,5802,163561740,0,1,1,6144,26,7537494343
9314,163570729,1518,163572247,0,9,1,1536,6,6063835286
9315,163611550,121242,163732792,0,4,0,18944,33,6798044506
9316,163619709,5802,163625511,0,8,1,6144,12,7406873265
9317,163657076,5454,163662530,0,8,1,13824,12,4407298967
9318,163657746,45596,163703342,0,7,0,1024,13,7011385504
9319,163672589,79661,163752250,0,4,0,1024,33,7331235295
9320,163681250,137079,163818329,0,2,1,226816,20,6756093552
9321,163726629,45596,163772225,0,7,0,1024,13,7965816389
9322,163730023,43904,163773927,0,7,0,512,13,10545772118
9323,163733977,198392,163932369,0,4,0,189952,33,5170988165
9324,163786756,4850,163791606,0,1,1,5120,26,6235530084
9325,163815260,115795,163931055,0,2,1,192000,20,10156886101
9326,163860232,45596,163905828,0,7,0,1024,13,8277863970
9327,163869678,119325,163989003,0,2,1,187392,20,8919235110
9328,163877108,2946,163880054,0,1,1,3072,26,5603939096
9329,163878706,45596,163924302,0,7,0,1024,13,3025650778
9330,163908788,3904,163912692,0,8,1,10752,12,1387257174
9331,163918901,1994,163920895,0,8,1,2048,12,290068613
9332,163926227,1042,163927269,0,1,1,1024,26,1780171281
9333,164012194,43904,164056098,0,8,0,512,12,9022442025
9334,164069776,7706,164077482,0,2,1,8192,20,2579491342
9335,164095994,45596,164141590,0,7,0,1024,13,5526475365
9336,164110845,104000,164214845,0,4,0,41472,33,4549341921
9337,164203960,14029,164217989,0,2,1,27136,20,9668206101
9338,164213540,116997,164330537,0,4,0,79872,33,1442978740
9339,164250391,4374,164254765,0,1,1,4608,26,1914689460
9340,164277662,47288,164324950,0,7,0,1536,13,8318382583
9341,164293908,47288,164341196,0,7,0,1536,13,10421051067
9342,164331499,43904,164375403,0,7,0,512,13,4331429166
9343,164361881,100880,164462761,0,4,0,31232,33,2012732041
9344,164391321,92528,164483849,0,9,0,18944,6,29527843
9345,164393521,110552,164504073,0,3,0,62976,4,5302344500
9346,164527606,102908,164630514,0,9,0,37888,6,1893967677
9347,164553504,3422,164556926,0,2,1,3584,20,6914321036
9348,164597997,72980,164670977,0,4,0,10240,33,3128884797
9349,164606621,97760,164704381,0,4,0,20992,33,3205176604
9350,164625032,4850,164629882,0,2,1,5120,20,5665548817
9351,164713390,2470,164715860,0,9,1,2560,6,7792947267
9352,164777346,104780,164882126,0,9,0,44032,6,7743238502
9353,164790758,140874,164931632,0,9,0,13824,6,9097901730
9354,164902394,78704,164981098,0,9,0,18944,6,6973206572
9355,164915444,130538,165045982,0,9,0,65536,6,9913343028
9356,164931582,165124,165096706,0,9,0,67072,6,10706341751
9357,164935323,45596,164980919,0,7,0,1024,13,3534938188
9358,164985780,43904,165029684,0,7,0,512,13,4028404115
9359,165022299,147785,165170084,0,9,0,46592,6,9420555664
9360,165026497,20995,165047492,0,9,1,1536,6,6020076650
9361,165057393,7706,165065099,0,9,1,8192,6,6988729764
9362,165113302,178754,165292056,0,9,0,9728,6,220479843
9363,165163547,8047,165171594,0,9,1,1536,6,7685257431
9364,165176608,566,165177174,0,9,1,512,6,391608664
9365,165186778,99008,165285786,0,9,0,25088,6,5362483565
9366,165207361,81716,165289077,0,9,0,10752,6,1052186150
9367,165237299,3422,165240721,0,9,1,3584,6,8193165860
9368,165339318,103220,165442538,0,9,0,38912,6,4590564432
9369,165368004,1042,165369046,0,9,1,1024,6,1847235416
9370,165470210,3128,165473338,0,7,1,9216,13,4536882767
9371,165511047,11016,165522063,0,9,1,17920,6,1316282817
9372,165534040,2946,165536986,0,2,1,3072,20,5264195415
9373,165583412,5326,165588738,0,7,1,5632,13,10306056167
9374,165643915,2946,165646861,0,7,1,3072,13,2926774883
9375,165665597,1518,165667115,0,7,1,1536,13,7387656978
9376,165725304,2870,165728174,0,7,1,8704,13,640101075
9377,165760044,4420,165764464,0,7,1,11776,13,9746553850
9378,165820737,5802,165826539,0,7,1,6144,13,5875897560
9379,165856465,4850,165861315,0,7,1,5120,13,3863561328
9380,165917991,1994,165919985,0,7,1,2048,13,5293147197
9381,166010667,4850,166015517,0,7,1,5120,13,3626977298
9382,166029923,4162,166034085,0,1,1,11264,26,7434842127
9383,166163694,566,166164260,0,1,1,512,26,1663155646
9384,166175609,1994,166177603,0,7,1,2048,13,5224911227
9385,166181016,4374,166185390,0,7,1,4608,13,10572422123
9386,166209056,50672,166259728,0,7,0,2560,13,1993465877
9387,166210728,3422,166214150,0,1,1,3584,26,6770268326
9388,166231856,2470,166234326,0,1,1,2560,26,2453567029
9389,166297722,566,166298288,0,7,1,512,13,5027555167
9390,166331225,5196,166336421,0,7,1,13312,13,3802829599
9391,166347180,1518,166348698,0,7,1,1536,13,296072126
9392,166381404,1994,166383398,0,1,1,2048,26,10172351776
9393,166394073,3645,166397718,0,7,1,10240,13,2648854901
9394,166469136,109460,166578596,0,9,0,59392,6,1631364923
9395,166491385,91429,166582814,0,9,0,1536,6,10653868698
9396,166605012,1518,166606530,0,1,1,1536,26,6641863353
9397,166615124,112892,166728016,0,9,0,70656,6,4042477197
9398,166627032,5326,166632358,0,7,1,5632,13,10457742107
9399,166642606,6229,166648835,0,7,1,15360,13,5034134450
9400,166672566,103064,166775630,0,9,0,38400,6,9418564964
9401,166775964,3422,166779386,0,7,1,3584,13,8639682679
9402,166816335,54056,166870391,0,9,0,3584,6,120127220
9403,166859788,45596,166905384,0,2,0,1024,20,1045657424
9404,166860373,1994,166862367,0,7,1,2048,13,949819804
9405,166863719,45596,166909315,0,7,0,1024,13,6546285830
9406,166898656,101816,167000472,0,9,0,34304,6,545497730
9407,166915419,81891,166997310,0,3,1,132608,4,1395342107
9408,166939575,68462,167008037,0,3,1,34816,4,2179279763
9409,166949897,1994,166951891,0,7,1,2048,13,770005372
9410,166980822,27983,167008805,0,3,1,11776,4,9709453337
9411,166983246,101972,167085218,0,9,0,34816,6,7316445018
9412,167003396,5802,167009198,0,1,1,6144,26,10608752773
9413,167030181,78212,167108393,0,9,0,12288,6,1489333405
9414,167048070,12825,167060895,0,3,1,21504,4,6704830987
9415,167059124,25187,167084311,0,3,1,45568,4,2892199297
9416,167237851,32299,167270150,0,3,1,52736,4,7026000674
9417,167240425,52364,167292789,0,9,0,3072,6,2566580017
9418,167253353,5802,167259155,0,1,1,6144,26,10616260235
9419,167255033,13324,167268357,0,1,1,22016,26,1280031935
9420,167291896,1042,167292938,0,1,1,1024,26,2675957887
9421,167326097,101036,167427133,0,9,0,31744,6,37047831
9422,167341806,133543,167475349,0,9,0,28672,6,4227442968
9423,167411740,6754,167418494,0,3,1,7168,4,6550320684
9424,167419095,2946,167422041,0,1,1,3072,26,8220791904
9425,167458098,3898,167461996,0,7,1,4096,13,8029178501
9426,167461652,51774,167513426,0,3,1,83968,4,8526139346
9427,167578180,6754,167584934,0,7,1,7168,13,7210523315
9428,167630043,4374,167634417,0,7,1,4608,13,925450282
9429,167689851,7230,167697081,0,1,1,7680,26,6442056832
9430,167705626,1042,167706668,0,7,1,1024,13,8178185752
9431,167719093,566,167719659,0,1,1,512,26,585615596
9432,167734093,1994,167736087,0,7,1,2048,13,816242833
9433,167771827,54836,167826663,0,1,0,6144,26,6153304598
9434,167809153,50672,167859825,0,3,0,2560,4,322720297
9435,167849719,107432,167957151,0,3,0,52736,4,1179203973
9436,167861375,283424,168144799,0,9,0,307712,6,3037164315
9437,167878021,108056,167986077,0,4,0,54784,33,925962901
9438,167926177,1042,167927219,0,7,1,1024,13,8584197342
9439,167960239,4374,167964613,0,1,1,4608,26,9196263184
9440,167988622,1518,167990140,0,7,1,1536,13,3972062334
9441,167996884,566,167997450,0,1,1,512,26,2832807274
9442,168013378,4374,168017752,0,1,1,4608,26,10123800266
9443,168025866,69284,168095150,0,3,0,8192,4,3251748291
9444,168074015,102128,168176143,0,4,0,35328,33,3279214907
9445,168100378,43904,168144282,0,7,0,512,13,4330981172
9446,168106971,82273,168189244,0,4,0,512,33,6372359438
9447,168130532,58541,168189073,0,4,0,1024,33,10082129471
9448,168148594,89612,168238206,0,3,0,19456,4,10319469808
9449,168225747,43904,168269651,0,2,0,512,20,4197312783
9450,168230678,55748,168286426,0,7,0,4096,13,4601266660
9451,168249255,7706,168256961,0,1,1,8192,26,1985198147
9452,168276557,6278,168282835,0,7,1,6656,13,1598853770
9453,168286794,112892,168399686,0,3,0,70656,4,3778482932
9454,168292877,45596,168338473,0,7,0,1024,13,2283867643
9455,168301305,43904,168345209,0,4,0,512,33,4930029287
9456,168349097,142833,168491930,0,3,0,73728,4,4887811625
9457,168358888,43904,168402792,0,4,0,512,33,1667236616
9458,168382206,64278,168446484,0,4,0,512,33,4931253287
9459,168395080,1042,168396122,0,1,1,1024,26,2583353411
9460,168396228,52520,168448748,0,7,0,3584,13,2091311134
9461,168433589,69723,168503312,0,3,0,4096,4,2878513738
9462,168485065,45185,168530250,0,7,0,512,13,412412452
9463,168486175,43904,168530079,0,7,0,512,13,4649781642
9464,168486528,83786,168570314,0,3,0,17920,4,7471670345
9465,168505653,110396,168616049,0,3,0,62464,4,2342811540
9466,168514757,3422,168518179,0,1,1,3584,26,3148835622
9467,168517337,1518,168518855,0,7,1,1536,13,6198364716
9468,168546878,2946,168549824,0,7,1,3072,13,775560413
9469,168564132,45596,168609728,0,4,0,1024,33,6000509174
9470,168672189,45596,168717785,0,7,0,1024,13,2123575820
9471,168761820,47288,168809108,0,7,0,1536,13,4206401768
9472,168770935,47288,168818223,0,4,0,1536,33,7498398296
9473,168793076,89168,168882244,0,3,0,23040,4,7157456778
9474,168846005,123953,168969958,0,3,0,82944,4,205764467
9475,168884548,43904,168928452,0,7,0,512,13,1089829504
9476,168910295,68996,168979291,0,3,0,12288,4,3756214544
9477,168954971,117812,169072783,0,3,0,19456,4,4428970906
9478,168990838,43904,169034742,0,7,0,512,13,3182544174
9479,169056922,1042,169057964,0,7,1,1024,13,10028184980
9480,169070294,147317,169217611,0,3,0,135168,4,494864240
9481,169076303,1042,169077345,0,1,1,1024,26,3597360523
9482,169177872,12825,169190697,0,7,1,21504,13,762466491
9483,169202439,50672,169253111,0,7,0,2560,13,1553441667
9484,169217890,12049,169229939,0,2,1,19968,20,2542968556
9485,169252978,50101,169303079,0,7,0,1536,13,7447845644
9486,169263996,43904,169307900,0,4,0,512,33,6595587763
9487,169314968,2870,169317838,0,1,1,8704,26,10536671381
9488,169341237,47288,169388525,0,7,0,1536,13,1182304119
9489,169354161,1518,169355679,0,7,1,1536,13,9863768892
9490,169367837,43904,169411741,0,4,0,512,33,2968791488
9491,169386362,3422,169389784,0,7,1,3584,13,6275500617
9492,169413238,43904,169457142,0,4,0,512,33,218280065
9493,169453851,7230,169461081,0,7,1,7680,13,10429217653
9494,169483556,43904,169527460,0,4,0,512,33,1002543233
9495,169498139,43904,169542043,0,4,0,512,33,10552508720
9496,169501306,2870,169504176,0,7,1,8704,13,9446258990
9497,169516692,43904,169560596,0,7,0,512,13,7444593395
9498,169521077,5802,169526879,0,7,1,6144,13,1035714082
9499,169524240,3898,169528138,0,1,1,4096,26,3259946019
9500,169526960,66313,169593273,0,7,0,1024,13,9807995327
9501,169608900,45596,169654496,0,7,0,1024,13,282077144
9502,169617503,5196,169622699,0,9,1,13312,6,4871688082
9503,169636717,1518,169638235,0,7,1,1536,13,7494411525
9504,169653716,43904,169697620,0,7,0,512,13,2975041228
9505,169665206,43904,169709110,0,4,0,512,33,8682426037
9506,169693238,43910,169737148,0,7,0,512,13,7204044815
9507,169695760,4420,169700180,0,9,1,11776,6,7475266729
9508,169734377,43904,169778281,0,7,0,512,13,2828140123
9509,169736961,43904,169780865,0,7,0,512,13,4643097826
9510,169742612,43904,169786516,0,7,0,512,13,658651960
9511,169746313,1042,169747355,0,7,1,1024,13,6241957971
9512,169756407,43904,169800311,0,4,0,512,33,738943774
9513,169760293,49761,169810054,0,7,0,1024,13,9047877624
9514,169792866,120846,169913712,0,7,0,3584,13,1398273353
9515,169804887,2946,169807833,0,2,1,3072,20,5097029979
9516,169812426,3387,169815813,0,9,1,9728,6,6919517272
9517,169814998,43904,169858902,0,4,0,512,33,3351268688
9518,169830147,5971,169836118,0,9,1,14848,6,2820084105
9519,169851287,1518,169852805,0,7,1,1536,13,9730783889
9520,169877562,2946,169880508,0,9,1,3072,6,9238387533
9521,169894208,43904,169938112,0,7,0,512,13,6939764610
9522,169964080,5196,169969276,0,1,1,13312,26,9938141516
9523,169981339,3422,169984761,0,1,1,3584,26,5642086253
9524,170010466,45596,170056062,0,4,0,1024,33,7869988959
9525,170012899,4937,170017836,0,2,1,12800,20,5492778452
9526,170018511,1518,170020029,0,7,1,1536,13,7283502721
9527,170028333,45908,170074241,0,2,0,2048,20,4596233820
9528,170038110,47288,170085398,0,4,0,1536,33,2771960632
9529,170064088,143562,170207650,0,2,0,1024,20,10654786806
9530,170102707,2946,170105653,0,9,1,3072,6,3556237495
9531,170103830,3769,170107599,0,9,1,3072,6,880609536
9532,170131018,47288,170178306,0,4,0,1536,33,5796198661
9533,170131825,1518,170133343,0,7,1,1536,13,7962494230
9534,170146658,6488,170153146,0,1,1,15872,26,3595296183
9535,170156471,7230,170163701,0,2,1,7680,20,5491232123
9536,170161511,3176,170164687,0,2,1,1536,20,629920660
9537,170162370,4850,170167220,0,9,1,5120,6,7549015087
9538,170223891,43904,170267795,0,4,0,512,33,4913271338
9539,170229121,43904,170273025,0,7,0,512,13,7172810522
9540,170234859,48980,170283839,0,2,0,2048,20,3133741425
9541,170262139,3422,170265561,0,2,1,3584,20,307127798
9542,170265350,43904,170309254,0,2,0,512,20,7313419569
9543,170374234,48980,170423214,0,2,0,2048,20,7435058454
9544,170443423,4374,170447797,0,7,1,4608,13,3006600163
9545,170455027,4850,170459877,0,1,1,5120,26,636759240
9546,170578557,10499,170589056,0,1,1,16896,26,7916100243
9547,170601759,43904,170645663,0,2,0,512,20,10112748607
9548,170641114,2870,170643984,0,7,1,8704,13,6172921830
9549,170671667,3422,170675089,0,1,1,3584,26,9202416186
9550,170672313,43904,170716217,0,4,0,512,33,3207727743
9551,170707936,1518,170709454,0,2,1,1536,20,3406316629
9552,170749284,1042,170750326,0,2,1,1024,20,8364207481
9553,170769287,566,170769853,0,1,1,512,26,6527997867
9554,170855345,93737,170949082,0,3,1,155648,4,966950714
9555,170917732,1042,170918774,0,2,1,1024,20,2176880171
9556,170961521,43904,171005425,0,2,0,512,20,2958945322
9557,171009735,62734,171072469,0,2,0,3584,20,8898293047
9558,171031878,3898,171035776,0,2,1,4096,20,879073095
9559,171055314,43904,171099218,0,2,0,512,20,8628481029
9560,171113532,4420,171117952,0,1,1,11776,26,10727121144
9561,171177445,3387,171180832,0,1,1,9728,26,8802941936
9562,171187733,3422,171191155,0,1,1,3584,26,1684146391
9563,171257454,43904,171301358,0,2,0,512,20,5685580337
9564,171269026,43904,171312930,0,2,0,512,20,1899864430
9565,171271221,4162,171275383,0,2,1,11264,20,10694869375
9566,171277987,45596,171323583,0,2,0,1024,20,5242428362
9567,171303621,3898,171307519,0,1,1,4096,26,8155929490
9568,171359828,3904,171363732,0,9,1,10752,6,2294846603
9569,171380004,7706,171387710,0,1,1,8192,26,4593186271
9570,171387082,30491,171417573,0,3,1,49152,4,9945048131
9571,171404076,45596,171449672,0,2,0,1024,20,6983842949
9572,171431395,24929,171456324,0,3,1,45056,4,612723781
9573,171478343,1994,171480337,0,2,1,2048,20,1311724628
9574,171492825,13770,171506595,0,3,1,26624,4,4054026015
9575,171537437,10499,171547936,0,2,1,16896,20,10389639594
9576,171602252,50672,171652924,0,2,0,2560,20,1253812145
9577,171616519,5802,171622321,0,1,1,6144,26,8437978382
9578,171627064,6488,171633552,0,3,1,15872,4,6564021655
9579,171638671,52808,171691479,0,3,1,86016,4,8692402098
9580,171639450,81299,171720749,0,3,1,95232,4,3648385301
9581,171649437,47288,171696725,0,2,0,1536,20,6653870493
9582,171674171,3898,171678069,0,2,1,4096,20,9093724244
9583,171684300,46971,171731271,0,3,1,41984,4,404272222
9584,171697448,45596,171743044,0,2,0,1024,20,10114883598
9585,171710646,21701,171732347,0,3,1,13312,4,898528697
9586,171716431,4162,171720593,0,1,1,11264,26,6969230826
9587,171758059,41649,171799708,0,3,1,67584,4,8202793726
9588,171788095,12484,171800579,0,3,1,12288,4,9374524400
9589,171834498,81374,171915872,0,3,1,131584,4,4097953507
9590,171834519,6754,171841273,0,1,1,7168,26,2996471298
9591,171878765,5802,171884567,0,2,1,6144,20,5158468413
9592,171935455,14287,171949742,0,3,1,27648,4,4651607255
9593,172038457,43904,172082361,0,2,0,512,20,3423331327
9594,172062669,12737,172075406,0,3,1,24576,4,6372905582
9595,172063853,18144,172081997,0,3,1,19456,4,4641137082
9596,172086748,129098,172215846,0,3,0,20992,4,270354624
9597,172094045,97448,172191493,0,9,0,19968,6,3078775005
9598,172213641,3128,172216769,0,2,1,9216,20,8722713540
9599,172251611,154354,172405965,0,3,0,56832,4,2988536935
9600,172283034,54368,172337402,0,3,0,4608,4,9851903221
9601,172325161,43904,172369065,0,2,0,512,20,10108080374
9602,172329687,45596,172375283,0,2,0,1024,20,9209562220
9603,172332458,4374,172336832,0,1,1,4608,26,5703236309
9604,172342152,50672,172392824,0,2,0,2560,20,1360610310
9605,172369333,104468,172473801,0,3,0,43008,4,3924531549
9606,172400231,47288,172447519,0,2,0,1536,20,9368080016
9607,172469079,79581,172548660,0,3,1,122368,4,2733598069
9608,172524772,103220,172627992,0,1,0,38912,26,2392256202
9609,172536515,22872,172559387,0,3,1,34816,4,7762333719
9610,172559562,43904,172603466,0,2,0,512,20,5618468547
9611,172617286,209862,172827148,0,3,0,74240,4,74988772
9612,172625208,103812,172729020,0,1,0,31744,26,5762968326
9613,172629571,119571,172749142,0,3,0,20992,4,838952543
9614,172633843,124653,172758496,0,3,0,10240,4,6023612745
9615,172650592,66524,172717116,0,1,0,9216,26,9809223854
9616,172730931,67592,172798523,0,1,0,7680,26,9019679299
9617,172732607,2946,172735553,0,1,1,3072,26,4925330358
9618,172743920,138296,172882216,0,3,0,10752,4,9281157605
9619,172780978,2470,172783448,0,3,1,2560,4,1678330788
9620,172790029,37142,172827171,0,3,1,57344,4,8944626230
9621,172795069,295169,173090238,0,3,0,161792,4,3688351782
9622,172838342,1518,172839860,0,9,1,1536,6,2196332793
9623,172850605,107120,172957725,0,1,0,51712,26,6433686156
9624,172880191,80888,172961079,0,1,0,6144,26,4580275209
9625,172901071,43904,172944975,0,4,0,512,33,1205980282
9626,172938255,1518,172939773,0,9,1,1536,6,4436004716
9627,172978654,120179,173098833,0,3,0,28160,4,1928085141
9628,173131418,2470,173133888,0,9,1,2560,6,6443539162
9629,173163196,47288,173210484,0,1,0,1536,26,8167939791
9630,173177725,43904,173221629,0,7,0,512,13,4496290962
9631,173185056,43904,173228960,0,7,0,512,13,8943797775
9632,173246008,114511,173360519,0,1,0,71680,26,6475628252
9633,173267625,98525,173366150,0,1,0,18432,26,9157887878
9634,173273003,128136,173401139,0,1,0,6144,26,1042353557
9635,173322396,3904,173326300,0,9,1,10752,6,1281453168
9636,173324490,61421,173385911,0,1,0,1536,26,1993964762
9637,173333749,49136,173382885,0,7,0,2560,13,8441782779
9638,173336575,1994,173338569,0,9,1,2048,6,4469373447
9639,173406576,81596,173488172,0,1,0,13312,26,8454378565
9640,173507220,107120,173614340,0,1,0,51712,26,4042984782
9641,173549754,1042,173550796,0,3,1,1024,4,8743160419
9642,173662825,66836,173729661,0,1,0,10240,26,2543990201
9643,173707546,43904,173751450,0,7,0,512,13,3214373068
9644,173711444,111956,173823400,0,3,0,67584,4,377322009
9645,173713498,47288,173760786,0,3,0,1536,4,7035402675
9646,173868320,59132,173927452,0,3,0,5120,4,10214635268
9647,173877382,45596,173922978,0,7,0,1024,13,5547509999
9648,173888967,205100,174094067,0,1,0,211968,26,3477283730
9649,173959277,137933,174097210,0,1,0,10240,26,3372492103
9650,174001628,101993,174103621,0,1,0,20992,26,6389645232
9651,174021401,99018,174120419,0,1,0,18944,26,8400211808
9652,174067263,82544,174149807,0,1,0,4096,26,9750199232
9653,174080807,43904,174124711,0,7,0,512,13,4207739003
9654,174191115,50672,174241787,0,7,0,2560,13,35370657
9655,174295576,47288,174342864,0,7,0,1536,13,171867054
9656,174522108,48980,174571088,0,7,0,2048,13,111209818
9657,174585224,45596,174630820,0,7,0,1024,13,9028440430
9658,174588748,45596,174634344,0,7,0,1024,13,2994839944
9659,174709911,48980,174758891,0,7,0,2048,13,7923422928
9660,175113623,43904,175157527,0,7,0,512,13,5965310171
9661,175188970,50672,175239642,0,7,0,2560,13,3719842089
9662,175201686,43904,175245590,0,7,0,512,13,8092253931
9663,175221754,51895,175273649,0,7,0,2560,13,4769881290
9664,175222977,44459,175267436,0,7,0,512,13,9816755439
9665,175340623,47288,175387911,0,7,0,1536,13,4499277057
9666,175409219,43904,175453123,0,7,0,512,13,2532621886
9667,175530261,48980,175579241,0,7,0,2048,13,9841637389
9668,175564321,45752,175610073,0,7,0,1536,13,2599430910
9669,175602839,48980,175651819,0,1,0,2048,26,2098188426
9670,175705000,48980,175753980,0,7,0,2048,13,7246192181
9671,176090337,113204,176203541,0,3,0,71680,4,3436050565
9672,176164542,85031,176249573,0,3,0,13824,4,8571410696
9673,176192468,3904,176196372,0,9,1,10752,6,4170683730
9674,176230850,104468,176335318,0,3,0,43008,4,6815398265
9675,176364378,101972,176466350,0,3,0,34816,4,4142038592
9676,176668517,48980,176717497,0,4,0,2048,33,5936609446
9677,176901089,4850,176905939,0,7,1,5120,13,5950700586
9678,176924535,43904,176968439,0,4,0,512,33,6741865325
9679,177032392,3422,177035814,0,9,1,3584,6,9422631827
9680,177036895,6488,177043383,0,3,1,15872,4,3634332860
9681,177110416,81374,177191790,0,3,1,131584,4,7646444822
9682,177154169,85162,177239331,0,3,1,142336,4,8318541125
9683,177169326,45596,177214922,0,7,0,1024,13,6644353879
9684,177171004,74740,177245744,0,3,1,22528,4,4868629306
9685,177244840,47288,177292128,0,4,0,1536,33,7271351784
9686,177294692,63764,177358456,0,9,0,10240,6,10510431087
9687,177313380,50672,177364052,0,4,0,2560,33,7559347266
9688,177355097,104208,177459305,0,3,1,169472,4,4366663452
9689,177393509,54056,177447565,0,4,0,3584,33,61582662
9690,177423510,38381,177461891,0,3,1,4096,4,6837159179
9691,177427099,52364,177479463,0,4,0,3072,33,1418688805
9692,177455960,43904,177499864,0,4,0,512,33,935385513
9693,177555664,50672,177606336,0,4,0,2560,33,1773233230
9694,177671936,97760,177769696,0,3,0,20992,4,1448024540
9695,177737515,99008,177836523,0,1,0,25088,26,2148224315
9696,177833281,47288,177880569,0,4,0,1536,33,5017043337
9697,178099455,45596,178145051,0,9,0,1024,6,2696381357
9698,178686529,43904,178730433,0,4,0,512,33,2409346735
9699,178749742,54056,178803798,0,4,0,3584,33,10606246832
9700,178755158,43904,178799062,0,4,0,512,33,7816942175
9701,178786400,43904,178830304,0,4,0,512,33,3138807794
9702,178943905,45752,178989657,0,4,0,1536,33,5450339004
9703,179171782,1042,179172824,0,1,1,1024,26,913638795
9704,179179970,3898,179183868,0,1,1,4096,26,10344014533
9705,179415632,2946,179418578,0,1,1,3072,26,8624422262
9706,179482432,95756,179578188,0,1,0,19456,26,7273756158
9707,179529062,11016,179540078,0,1,1,17920,26,4253327430
9708,179543277,566,179543843,0,1,1,512,26,2207743090
9709,179594135,44060,179638195,0,4,0,1024,33,2210650366
9710,179620504,5326,179625830,0,1,1,5632,26,8171311773
9711,179672149,43904,179716053,0,4,0,512,33,3811248016
9712,179736979,47288,179784267,0,4,0,1536,33,1193657917
9713,179962566,43904,180006470,0,4,0,512,33,7374699085
9714,179977415,50828,180028243,0,4,0,3072,33,4995238521
9715,180054741,43904,180098645,0,4,0,512,33,2145021291
9716,180133003,4162,180137165,0,1,1,11264,26,8996229461
9717,180146909,13600,180160509,0,1,1,23040,26,629380540
9718,180148099,50672,180198771,0,4,0,2560,33,1727355924
9719,180162852,6754,180169606,0,3,1,7168,4,484258821
9720,180190486,566,180191052,0,3,1,512,4,2548239168
9721,180223858,1042,180224900,0,1,1,1024,26,1933634260
9722,180296098,112555,180408653,0,1,0,20992,26,9533020597
9723,180336692,6278,180342970,0,1,1,6656,26,8896672069
9724,180450039,566,180450605,0,1,1,512,26,9576314904
9725,180466945,4374,180471319,0,1,1,4608,26,2665899936
9726,180546137,4420,180550557,0,1,1,11776,26,3258084891
9727,180569671,2946,180572617,0,1,1,3072,26,6687371991
9728,180580342,2946,180583288,0,1,1,3072,26,5654186068
9729,180686037,45596,180731633,0,7,0,1024,13,418781474
9730,180874851,112424,180987275,0,1,0,69120,26,3738032342
9731,180991070,3422,180994492,0,1,1,3584,26,1242161507
9732,181015271,2946,181018217,0,1,1,3072,26,3862126670
9733,181021639,6278,181027917,0,1,1,6656,26,2952693627
9734,181154308,100951,181255259,0,1,0,27648,26,786162199
9735,181166831,89691,181256522,0,1,0,4096,26,9537778744
9736,181171368,75452,181246820,0,1,0,13312,26,10690446484
9737,181281052,4420,181285472,0,1,1,11776,26,9812628878
9738,181345868,59600,181405468,0,1,0,6656,26,10081598545
9739,181437976,88100,181526076,0,1,0,24576,26,3807276616
9740,181450048,1994,181452042,0,7,1,2048,13,2629559729
9741,181460512,2946,181463458,0,7,1,3072,13,689979003
9742,181466551,138551,181605102,0,1,0,66048,26,10498480887
9743,181503068,43904,181546972,0,7,0,512,13,7473968908
9744,181524281,104539,181628820,0,1,0,37376,26,5661838245
9745,181549296,59491,181608787,0,7,0,512,13,1141749208
9746,181562847,6278,181569125,0,7,1,6656,13,770574053
9747,181563578,62741,181626319,0,7,0,1536,13,4378452592
9748,181577585,53067,181630652,0,7,0,512,13,9571961154
9749,181581202,92420,181673622,0,1,0,21504,26,4143456111
9750,181618472,45596,181664068,0,7,0,1024,13,6882381055
9751,181669768,4850,181674618,0,7,1,5120,13,3042003800
9752,181821002,59132,181880134,0,1,0,5120,26,2932659501
9753,181944761,116636,182061397,0,1,0,82944,26,6108732472
9754,181979188,135447,182114635,0,1,0,29696,26,8076693800
9755,182024229,127624,182151853,0,1,0,65024,26,8740832705
9756,182181590,193088,182374678,0,1,0,172544,26,1876144625
9757,182340023,110552,182450575,0,3,0,62976,4,7311320498
9758,182396468,103844,182500312,0,1,0,40960,26,8885287342
9759,182401249,66212,182467461,0,3,0,8192,4,8931641134
9760,182480980,110084,182591064,0,3,0,61440,4,9089353270
9761,182642265,97916,182740181,0,3,0,21504,4,3294518200
9762,182654395,99944,182754339,0,3,0,28160,4,685707314
9763,182674285,208222,182882507,0,3,0,99328,4,1000713122
9764,182679335,167946,182847281,0,3,0,48128,4,5760001663
9765,182830268,144836,182975104,0,3,0,135168,4,10276900263
9766,182845528,171708,183017236,0,3,0,112128,4,1391595091
9767,182865055,103376,182968431,0,1,0,39424,26,3025187119
9768,182914097,155892,183069989,0,3,0,30720,4,1153345377
9769,182920345,109304,183029649,0,4,0,58880,33,9474739944
9770,182989900,139867,183129767,0,3,0,29184,4,178248257
9771,183090944,43904,183134848,0,3,0,512,4,1276031025
9772,183153450,53300,183206750,0,4,0,6144,33,8273865494
9773,183199150,5802,183204952,0,1,1,6144,26,6320416799
9774,183334359,128648,183463007,0,3,0,122368,4,7636732869
9775,183341396,3898,183345294,0,3,1,4096,4,2087319804
9776,183380933,105872,183486805,0,4,0,47616,33,4100500208
9777,183392183,7706,183399889,0,3,1,8192,4,3815570185
9778,183482420,71969,183554389,0,4,0,7680,33,5023062726
9779,183512115,1518,183513633,0,1,1,1536,26,1348891164
9780,183527713,93620,183621333,0,3,0,22528,4,9667218111
9781,183530056,2946,183533002,0,1,1,3072,26,9465994924
9782,183530227,101816,183632043,0,4,0,34304,33,3720118410
9783,183532825,1518,183534343,0,1,1,1536,26,9987482444
9784,183542503,257420,183799923,0,4,0,262656,33,6736866323
9785,183563805,48980,183612785,0,1,0,2048,26,5182817983
9786,183578735,89768,183668503,0,3,0,19968,4,2594941732
9787,183601574,207568,183809142,0,4,0,30208,33,6124761036
9788,183736346,3422,183739768,0,1,1,3584,26,5672110763
9789,183764045,1042,183765087,0,1,1,1024,26,4601299740
9790,183785344,190592,183975936,0,3,0,164352,4,1869912436
9791,183795075,11016,183806091,0,3,1,17920,4,730117620
9792,183820700,2870,183823570,0,3,1,8704,4,2682522288
9793,183827688,7230,183834918,0,3,1,7680,4,4461318344
9794,184009333,101972,184111305,0,4,0,34816,33,1922560740
9795,184038042,102908,184140950,0,1,0,37888,26,2550936754
9796,184052572,130469,184183041,0,4,0,20992,33,9935812653
9797,184059502,84212,184143714,0,3,0,13312,4,7572024621
9798,184072706,566,184073272,0,3,1,512,4,3772526094
9799,184103541,113672,184217213,0,3,0,73216,4,666600055
9800,184119550,65257,184184807,0,3,0,1024,4,9250837500
9801,184121563,64208,184185771,0,1,0,6656,26,2249075754
9802,184139184,58130,184197314,0,1,0,6144,26,133943512
9803,184148583,7230,184155813,0,3,1,7680,4,649622952
9804,184153216,89300,184242516,0,1,0,18432,26,1488909733
9805,184157803,160064,184317867,0,4,0,139776,33,9321903589
9806,184161222,107588,184268810,0,1,0,53248,26,4572061741
9807,184177987,170288,184348275,0,4,0,25600,33,4194806874
9808,184195930,188550,184384480,0,3,0,19456,4,6032256163
9809,184227271,128195,184355466,0,4,0,23552,33,4960717774
9810,184244694,59912,184304606,0,3,0,7680,4,627657755
9811,184273255,103454,184376709,0,4,0,22016,33,9265565829
9812,184311051,109928,184420979,0,3,0,60928,4,1393450682
9813,184355650,2470,184358120,0,3,1,2560,4,10290945578
9814,184373421,111608,184485029,0,3,0,5632,4,4649679464
9815,184401663,127208,184528871,0,3,0,12288,4,307272775
9816,184430672,123188,184553860,0,1,0,104448,26,1892836251
9817,184457635,133020,184590655,0,4,0,114176,33,5685433504
9818,184464503,140200,184604703,0,4,0,21504,33,1446598107
9819,184482863,4374,184487237,0,3,1,4608,4,9498607939
9820,184579823,101036,184680859,0,3,0,31744,4,8757772790
9821,184614434,101504,184715938,0,1,0,33280,26,2815207283
9822,184621491,102106,184723597,0,1,0,25088,26,9811931700
9823,184663025,103220,184766245,0,3,0,38912,4,997616323
9824,184671499,108992,184780491,0,4,0,57856,33,8206920238
9825,184723488,105151,184828639,0,3,0,5632,4,1267644374
9826,184728874,147855,184876729,0,3,0,66560,4,5949606817
9827,184731694,3422,184735116,0,3,1,3584,4,8223987839
9828,184824250,4850,184829100,0,3,1,5120,4,5341350362
9829,184835800,2470,184838270,0,3,1,2560,4,4512204306
9830,184839546,108212,184947758,0,3,0,55296,4,8247233084
9831,184845931,132559,184978490,0,3,0,25088,4,2216304229
9832,184900277,566,184900843,0,3,1,512,4,7997259766
9833,184984333,55904,185040237,0,4,0,4608,33,4887472534
9834,185016544,77012,185093556,0,3,0,18432,4,5347835661
9835,185096069,67928,185163997,0,3,0,13824,4,9943033391
9836,185096720,84512,185181232,0,3,0,12800,4,10504846749
9837,185099407,68372,185167779,0,3,0,10240,4,7490416366
9838,185137804,566,185138370,0,1,1,512,26,5431520199
9839,185138768,112424,185251192,0,1,0,69120,26,10180332011
9840,185158288,117416,185275704,0,4,0,85504,33,7281736943
9841,185171858,1994,185173852,0,3,1,2048,4,8154831223
9842,185208218,97604,185305822,0,4,0,20480,33,7981006746
9843,185273221,105851,185379072,0,4,0,39424,33,8325708276
9844,185512363,97604,185609967,0,4,0,20480,33,6448511607
9845,185579286,101816,185681102,0,3,0,34304,4,10330791654
9846,185617195,83365,185700560,0,3,0,16384,4,228444715
9847,185709014,75608,185784622,0,3,0,13824,4,6572834282
9848,185773052,64208,185837260,0,3,0,6656,4,7074393926
9849,185884441,49136,185933577,0,3,0,2560,4,7375816633
9850,185945275,98696,186043971,0,4,0,24064,33,10234417851
9851,186038296,92084,186130380,0,3,0,22528,4,5588229634
9852,186099663,106964,186206627,0,3,0,51200,4,10501097784
9853,186233477,104156,186337633,0,3,0,41984,4,4368607034
9854,186488274,63452,186551726,0,3,0,9216,4,7318841527
9855,186505104,124664,186629768,0,3,0,37376,4,6683391144
9856,186798950,104468,186903418,0,3,0,43008,4,4736332597
9857,186833135,73106,186906241,0,3,0,9216,4,1043227298
9858,187004470,109304,187113774,0,3,0,58880,4,5258650153
9859,187092132,105081,187197213,0,3,0,35328,4,2033625139
9860,187102784,83650,187186434,0,3,0,9216,4,9119614852
9861,187129700,128524,187258224,0,3,0,50688,4,2396638791
9862,187294174,1042,187295216,0,3,1,1024,4,2796846966
9863,187395985,113672,187509657,0,3,0,73216,4,4007000867
9864,187480592,105553,187586145,0,3,0,24576,4,8775749324
9865,187658350,104780,187763130,0,3,0,44032,4,8969323251
9866,187719833,120061,187839894,0,3,0,21504,4,9712097409
9867,187883526,97448,187980974,0,3,0,19968,4,10705121684
9868,188046631,111488,188158119,0,3,0,66048,4,5897090729
9869,188079333,122988,188202321,0,3,0,18432,4,10345027074
9870,188168352,69308,188237660,0,3,0,13312,4,828374709
9871,188269495,48980,188318475,0,3,0,2048,4,3087847853
9872,188300121,87896,188388017,0,3,0,13824,4,6335057122
9873,188321570,94820,188416390,0,3,0,16384,4,5800550493
9874,188410791,175760,188586551,0,3,0,145920,4,625123078
9875,188566185,100100,188666285,0,4,0,28672,33,9341331049
9876,188689339,102752,188792091,0,3,0,37376,4,1439628734
9877,188738494,65900,188804394,0,3,0,7168,4,4680212591
9878,188742889,112742,188855631,0,3,0,11776,4,409053422
9879,188763689,126886,188890575,0,3,0,60928,4,7101394458
9880,188765347,166580,188931927,0,3,0,35328,4,3997461262
9881,188884011,196971,189080982,0,3,0,112128,4,7128249250
9882,188907838,97628,189005466,0,3,0,25600,4,4074368459
9883,188988601,117950,189106551,0,3,0,34304,4,5535551848
9884,188993407,155327,189148734,0,3,0,34816,4,5903723999
9885,189065634,146658,189212292,0,3,0,20480,4,9189859540
9886,189240227,136376,189376603,0,3,0,132608,4,6587506367
9887,189479992,94712,189574704,0,3,0,26112,4,6467331463
9888,189738777,87920,189826697,0,3,0,18944,4,10206406928
9889,189809434,119600,189929034,0,3,0,92672,4,4982510938
9890,189870613,69731,189940344,0,3,0,7680,4,1654814300
9891,190776956,98384,190875340,0,3,0,23040,4,4977431901
9892,190783115,104252,190887367,0,3,0,39424,4,764701387
9893,190932631,104468,191037099,0,3,0,43008,4,6156525437
9894,190959192,47288,191006480,0,3,0,1536,4,3592739905
9895,190990605,80684,191071289,0,3,0,15360,4,8332144980
9896,190990943,114838,191105781,0,3,0,40448,4,3060923517
9897,191153075,107432,191260507,0,3,0,52736,4,8013685014
9898,191237819,566,191238385,0,3,1,512,4,5308440259
9899,191295759,106496,191402255,0,3,0,49664,4,8590382871
9900,191341100,6278,191347378,0,3,1,6656,4,7643568798
9901,191350942,104000,191454942,0,4,0,41472,33,6058014476
9902,192966487,99788,193066275,0,4,0,27648,33,5066578737
9903,197521438,55904,197577342,0,4,0,4608,33,6788056444
9904,200433954,105248,200539202,0,4,0,45568,33,2085522391
9905,200453658,140906,200594564,0,4,0,19456,33,7828683207
9906,200470497,130634,200601131,0,4,0,21504,33,1093376244
9907,200566286,124436,200690722,0,4,0,108544,33,7716761382
9908,200687123,122411,200809534,0,4,0,90112,33,4043830921
9909,200714770,119610,200834380,0,4,0,9216,33,3309806985
9910,200817020,105092,200922112,0,4,0,45056,33,9127955253
9911,200996325,79592,201075917,0,4,0,11776,33,6668353084
9912,201116110,179456,201295566,0,4,0,147968,33,8054611479
9913,201233510,106964,201340474,0,4,0,51200,33,951989040
9914,201279612,105112,201384724,0,4,0,13824,33,4221664103
9915,201698502,115700,201814202,0,4,0,79872,33,5472233762
9916,201773245,101192,201874437,0,4,0,32256,33,7304346405
9917,201822642,101036,201923678,0,4,0,31744,33,6187829638
9918,201983725,67592,202051317,0,4,0,7680,33,5915329354
9919,202071789,84224,202156013,0,4,0,16896,33,1216512439
9920,202122367,117260,202239627,0,4,0,84992,33,243026394
9921,202145437,160040,202305477,0,4,0,68096,33,5105817317
9922,202157457,216234,202373691,0,4,0,64000,33,6949953069
9923,202187221,263768,202450989,0,4,0,130048,33,2686735613
9924,202242344,218644,202460988,0,4,0,32768,33,10642242308
9925,202386368,151579,202537947,0,4,0,61440,33,5086498697
9926,202553138,74828,202627966,0,4,0,11264,33,2605943564
9927,202831148,104468,202935616,0,4,0,43008,33,5537063541
9928,202897748,89792,202987540,0,4,0,25088,33,10559295428
9929,203013896,48980,203062876,0,4,0,2048,33,4553426700
9930,203051072,89588,203140660,0,4,0,14336,33,4007382015
9931,203134060,74384,203208444,0,4,0,14848,33,416876366
9932,203180276,103532,203283808,0,4,0,39936,33,10078516872
9933,203357512,72848,203430360,0,4,0,14848,33,7935905553
9934,203509811,106340,203616151,0,4,0,49152,33,6314068042
9935,203566427,140714,203707141,0,4,0,119808,33,6837766434
9936,203600278,108282,203708560,0,4,0,4608,33,6654307628
9937,203634534,109513,203744047,0,4,0,23040,33,7569639295
9938,203744330,70976,203815306,0,4,0,8704,33,8078502080
9939,203745736,126990,203872726,0,4,0,35840,33,9850181038
9940,203745890,268226,204014116,0,4,0,110592,33,5767297908
9941,203777129,185129,203962258,0,4,0,45056,33,7092081543
9942,203905347,120031,204025378,0,4,0,15360,33,7400176556
9943,206312723,112736,206425459,0,4,0,70144,33,4692340136
9944,206332376,125099,206457475,0,4,0,18944,33,4818234367
9945,206396561,63269,206459830,0,4,0,7680,33,4208090200
9946,206516947,86516,206603463,0,4,0,14336,33,809042022
9947,206536542,43904,206580446,0,4,0,512,33,6767760799
9948,206599832,55987,206655819,0,4,0,3072,33,7509057174
9949,206881172,112931,206994103,0,4,0,70656,33,6196073169
9950,206883167,89393,206972560,0,4,0,5120,33,4933547869
9951,206958644,83120,207041764,0,4,0,8192,33,4066160782
9952,207125882,57440,207183322,0,4,0,4608,33,7944535266
9953,207129386,95330,207224716,0,4,0,13312,33,3357048563
9954,207169778,64208,207233986,0,4,0,6656,33,6353610302
9955,207174958,82380,207257338,0,4,0,7680,33,3568756549
9956,208783135,91640,208874775,0,4,0,26112,33,5845983238
9957,212326786,104468,212431254,0,4,0,43008,33,1274828884
9958,220326932,76052,220402984,0,4,0,10240,33,8681768543
9959,220488829,124748,220613577,0,4,0,109568,33,2324978104
9960,220827229,99788,220927017,0,4,0,27648,33,8344123059
9961,220874753,121882,220996635,0,4,0,28160,33,5434897841
9962,221136837,55904,221192741,0,4,0,4608,33,261693496
9963,221301552,93932,221395484,0,4,0,23552,33,627891823
9964,221419521,100880,221520401,0,4,0,31232,33,6121226373
9965,221429758,139015,221568773,0,4,0,28672,33,4366715536
9966,221500278,54056,221554334,0,4,0,3584,33,10683294309
9967,221766806,116636,221883442,0,4,0,82944,33,8635078656
9968,221776169,130631,221906800,0,4,0,12288,33,4526271022
9969,221864496,233566,222098062,0,4,0,4096,33,2421434425
9970,221870647,193689,222064336,0,4,0,109568,33,4665513994
9971,221874397,59759,221934156,0,4,0,2560,33,6944696945
9972,221890436,206363,222096799,0,4,0,106496,33,5648854273
9973,221900613,47288,221947901,0,4,0,1536,33,554478077
9974,222570535,45596,222616131,0,4,0,1024,33,7112664372
9975,222727352,86852,222814204,0,4,0,20480,33,4780471215
9976,222811058,122426,222933484,0,4,0,91648,33,697192266
9977,223045371,45596,223090967,0,4,0,1024,33,5007128511
9978,223108462,102128,223210590,0,4,0,35328,33,6121672910
9979,223304283,118508,223422791,0,4,0,89088,33,10390769113
9980,223365266,108405,223473671,0,4,0,16896,33,3114100018
9981,223426459,109798,223536257,0,4,0,24576,33,7628383252
9982,223967431,90836,224058267,0,4,0,18432,33,5220371382
9983,225890881,112424,226003305,0,4,0,69120,33,9947475793
9984,226783829,45596,226829425,0,4,0,1024,33,2530514001
9985,226913152,103064,227016216,0,4,0,38400,33,490854079
9986,227006442,67206,227073648,0,4,0,4608,33,6897110397
9987,227080652,112424,227193076,0,4,0,69120,33,4748622796
9988,229954140,72668,230026808,0,4,0,9216,33,4683922760
9989,229986884,112938,230099822,0,4,0,46080,33,8472790593
9990,234122280,58688,234180968,0,4,0,8704,33,8765281556
9991,234538620,103688,234642308,0,4,0,40448,33,5719386202
9992,234588590,136806,234725396,0,4,0,23552,33,8564589260
9993,234724977,123131,234848108,0,4,0,102912,33,4822405242
9994,234939300,45596,234984896,0,4,0,1024,33,377111479
9995,236517180,124280,236641460,0,4,0,108032,33,600839479
9996,238960932,94064,239054996,0,4,0,18944,33,6152059158
9997,239915687,103532,240019219,0,4,0,39936,33,1535295723
9998,240213378,89900,240303278,0,4,0,15360,33,3861617571
9999,240319629,105092,240424721,0,4,0,45056,33,5575273597
