RequestID,ArrivalTime,DelayTime,FinishTime,InitiatorID,TargetID,IOType,Size,VolumeID,Offset
0,0,49094,49094,0,0,0,2048,14,7264967865
1,1,6082,6083,9,0,1,6144,10,6445282681
2,2,116921,116923,2,0,0,512,18,3983534094
3,3,8121,8124,8,0,1,14848,13,9804826626
4,4,10386,10390,3,0,1,3584,5,3133440519
5,5,116747,116752,4,0,0,20992,5,4320182000
6,6,91799,91805,7,0,0,20992,13,1399432645
7,7,139815,139822,5,0,0,1536,0,3550272973
8,8,189740,189748,6,0,0,94208,6,6628546955
9,9,13927,13936,1,0,1,5632,8,8416915133
10,3610,374376,377986,7,0,0,88576,13,6626252157
11,21130,11533,32663,1,0,1,18944,8,3172812700
12,21590,11841,33431,9,0,1,11776,10,5341797192
13,23820,14117,37937,9,0,1,7168,10,1750177461
14,27630,175462,203092,5,0,0,1536,0,1561552571
15,33980,246399,280379,4,0,0,20992,5,4334855852
16,34620,123896,158516,5,0,0,512,0,2423619900
17,41920,1042,42962,8,0,1,1024,13,10050725494
18,43760,167589,211349,2,0,0,512,18,3807833245
19,51220,288083,339303,2,0,0,512,18,2019465965
20,61381,2946,64327,7,0,1,3072,13,3892086066
21,65500,358912,424412,7,0,0,51200,13,3039842726
22,65530,489252,554782,0,0,0,41472,14,4326386187
23,67120,3128,70248,9,0,1,9216,10,2144917827
24,74370,115393,189763,1,0,1,176128,8,4627670455
25,80090,109688,189778,3,0,1,2560,5,9166127692
26,92000,332583,424583,2,0,0,512,18,1146166884
27,93470,245562,339032,6,0,0,26112,6,2716943662
28,93810,103873,197683,1,0,1,58880,8,7664508421
29,94580,588056,682636,4,0,0,46592,5,5883886071
30,99410,100219,199629,8,0,1,3072,13,9033322622
31,106940,1229692,1336632,7,0,0,124928,13,2138929542
32,108680,1257207,1365887,6,0,0,83456,6,9842292317
33,114620,381153,495773,4,0,0,74240,5,6047658955
34,115750,85825,201575,8,0,1,3072,13,8608842618
35,116400,1254543,1370943,0,0,0,1024,14,4258944723
36,119940,83261,203201,3,0,1,2560,5,3205096486
37,126080,1732671,1858751,7,0,0,16384,13,3302640297
38,127950,77197,205147,8,0,1,3072,13,4285230675
39,128910,93019,221929,1,0,1,64000,8,6217009691
40,130900,306459,437359,0,0,0,7680,14,9102744700
41,133180,805514,938694,0,0,0,31232,14,9579894338
42,136140,106475,242615,1,0,1,74240,8,10144756867
43,141840,1079093,1220933,7,0,0,49664,13,6363889075
44,142090,101511,243601,9,0,1,1536,10,9255142213
45,148740,1265837,1414577,4,0,0,10240,5,2133043194
46,152070,1992488,2144558,0,0,0,38912,14,7851119343
47,156210,89337,245547,3,0,1,3072,5,3542071000
48,157050,341420,498470,6,0,0,8704,6,8786595486
49,158190,2267302,2425492,0,0,0,2048,14,6094890728
50,158320,462467,620787,4,0,0,3584,5,1881961785
51,159820,86713,246533,8,0,1,1536,13,7133609106
52,160340,102975,263315,1,0,1,64000,8,2378835972
53,161830,699701,861531,6,0,0,57344,6,5450988899
54,162270,102991,265261,9,0,1,3072,10,2483083160
55,163130,106957,270087,9,0,1,7680,10,9999208332
56,173580,642012,815592,7,0,0,51200,13,8516153101
57,181240,114564,295804,1,0,1,81920,8,401249408
58,181790,115499,297289,9,0,1,15360,10,4530027825
59,185630,122181,307811,1,0,1,33792,8,6407887146
60,196570,111587,308157,9,0,1,512,10,484988751
61,196750,337089,533839,2,0,0,2560,18,2111714135
62,200800,2208423,2409223,6,0,0,96256,6,9961469305
63,204171,107852,312023,7,0,1,6144,13,4702162504
64,204280,350985,555265,0,0,0,1536,14,7240769285
65,213560,1279819,1493379,2,0,0,1536,18,5135401193
66,213980,752911,966891,7,0,0,12800,13,3478553350
67,223990,738970,962960,4,0,0,55296,5,1520785638
68,226580,1235170,1461750,0,0,0,128000,14,9721968798
69,230370,2080814,2311184,0,0,0,25088,14,4533310948
70,234020,88835,322855,1,0,1,43520,8,10345511462
71,238450,853264,1091714,4,0,0,3072,5,6509837562
72,239500,87859,327359,9,0,1,7168,10,4651152224
73,239860,883985,1123845,0,0,0,24576,14,9811494805
74,247790,308786,556576,5,0,0,512,0,1790891704
75,257140,586904,844044,2,0,0,512,18,10200575453
76,259490,1831653,2091143,2,0,0,512,18,250555867
77,259800,311132,570932,5,0,0,512,0,7320388856
78,260131,78916,339047,7,0,1,6656,13,1839567263
79,270300,1517474,1787774,4,0,0,41984,5,5783196838
80,278610,640902,919512,7,0,0,22016,13,8437526762
81,279080,59982,339062,1,0,1,8704,8,9571766874
82,280380,1355817,1636197,5,0,0,512,0,8246703000
83,280900,2226361,2507261,0,0,0,59904,14,10610679961
84,286510,52567,339077,1,0,1,2560,8,7731414941
85,288260,1536828,1825088,0,0,0,14336,14,9313592462
86,291530,1007008,1298538,7,0,0,14848,13,3359262348
87,292990,779309,1072299,2,0,0,12800,18,8605437308
88,293241,45851,339092,7,0,1,3072,13,9182861155
89,294590,83507,378097,1,0,1,91648,8,5621158893
90,295291,82829,378120,7,0,1,1536,13,10139835516
91,301231,76904,378135,7,0,1,1024,13,7153132552
92,302680,695102,997782,5,0,0,512,0,3705616897
93,303590,74560,378150,1,0,1,12800,8,9900286836
94,303640,74541,378181,9,0,1,5632,10,3832260949
95,309731,68473,378204,2,0,1,3584,18,5060645381
96,309921,68298,378219,2,0,1,3072,18,4943185425
97,314650,1655875,1970525,4,0,0,64512,5,6132818132
98,315321,62929,378250,2,0,1,17408,18,5627657934
99,315381,64592,379973,7,0,1,4608,13,1153644455
100,316450,1069897,1386347,4,0,0,24576,5,8414908101
101,317080,1541842,1858922,5,0,0,512,0,6375221730
102,320350,1484973,1805323,7,0,0,9728,13,5117355274
103,328140,2033433,2361573,4,0,0,9728,5,10167122321
104,331110,59283,390393,1,0,1,33280,8,9534424532
105,333080,1156414,1489494,7,0,0,46592,13,5328353373
106,335930,2367650,2703580,6,0,0,82432,6,10145095740
107,336880,56739,393619,9,0,1,5120,10,5029754206
108,339220,353060,692280,7,0,0,12288,13,2060798299
109,340420,1636220,1976640,7,0,0,19968,13,238973675
110,342120,53765,395885,9,0,1,3584,10,644455731
111,342710,1459610,1802320,7,0,0,46080,13,7940962698
112,342850,815810,1158660,5,0,0,512,0,9178472880
113,343551,53000,396551,2,0,1,1024,18,2265328034
114,346960,77718,424678,1,0,1,56320,8,2807770270
115,349360,75333,424693,1,0,1,1024,8,1634709047
116,353290,1300723,1654013,7,0,0,22528,13,6433471968
117,357400,465071,822471,7,0,0,11776,13,9150875760
118,358020,637742,995762,5,0,0,512,0,7457126491
119,358701,66007,424708,2,0,1,4096,18,3897675146
120,361041,769475,1130516,4,0,0,3072,5,8482589265
121,361901,62830,424731,7,0,1,5120,13,4809280599
122,364660,1682596,2047256,2,0,0,8704,18,2790846283
123,364661,60093,424754,7,0,1,4608,13,6838191898
124,368820,66184,435004,1,0,1,39424,8,34338686
125,372650,2546238,2918888,0,0,0,76800,14,4474689552
126,372920,2492197,2865117,0,0,0,51200,14,7956962523
127,382710,85680,468390,1,0,1,71168,8,2201390704
128,383340,112448,495788,1,0,1,30208,8,680257761
129,384440,111363,495803,1,0,1,19968,8,4503715152
130,393640,105021,498661,1,0,1,44032,8,4989253034
131,397320,101372,498692,8,0,1,18432,13,8559406958
132,402351,97043,499394,2,0,1,3584,18,7843711786
133,402361,97699,500060,7,0,1,1024,13,621431380
134,405770,2019083,2424853,5,0,0,1536,0,6382816558
135,405891,98355,504246,7,0,1,6656,13,7653578467
136,412070,469753,881823,5,0,0,512,0,7972336339
137,417740,1497815,1915555,4,0,0,2560,5,1140579669
138,420960,201295,622255,5,0,0,1024,0,4242508998
139,423661,84451,508112,2,0,1,6144,18,10672816072
140,424220,84878,509098,8,0,1,1536,13,10194148128
141,426030,2750516,3176546,6,0,0,37376,6,9555317284
142,428970,80474,509444,8,0,1,512,13,1194566117
143,434271,76249,510520,7,0,1,13312,13,8047137227
144,437540,1566625,2004165,6,0,0,10752,6,8728424622
145,445800,1214150,1659950,2,0,0,11776,18,669780331
146,445881,67225,513106,2,0,1,4096,18,1087892201
147,457010,57082,514092,9,0,1,1536,10,4152453787
148,458241,56837,515078,7,0,1,1536,13,1021666580
149,461250,1453502,1914752,4,0,0,24064,5,2793969631
150,462340,55004,517344,8,0,1,3584,13,6685615536
151,463080,56210,519290,9,0,1,3072,10,7997776746
152,464891,55385,520276,2,0,1,1536,18,10099257439
153,465260,1010015,1475275,6,0,0,44032,6,9706348821
154,466860,53762,520622,8,0,1,512,13,2760500088
155,468670,2474252,2942922,6,0,0,25600,6,3771841745
156,474030,47898,521928,9,0,1,2048,10,9378469026
157,484450,2004512,2488962,2,0,0,84480,18,7556873723
158,484751,39443,524194,7,0,1,3584,13,10134350125
159,486070,41030,527100,8,0,1,4608,13,10297694055
160,486210,41236,527446,8,0,1,512,13,1456217496
161,488141,40611,528752,2,0,1,2048,18,3430235065
162,491410,2166421,2657831,2,0,0,31232,18,3744825990
163,495231,35147,530378,7,0,1,2560,13,4224175695
164,496480,34052,530532,8,0,1,8704,13,682541844
165,515441,15757,531198,2,0,1,1024,18,2840426046
166,520120,2775235,3295355,0,0,0,105984,14,274656131
167,527970,1689602,2217572,2,0,0,10240,18,4889943287
168,536940,1646391,2183331,0,0,0,62464,14,6151608064
169,540420,1883950,2424370,0,0,0,49664,14,5549434008
170,553720,8025,561745,8,0,1,15872,13,8506880946
171,556071,7620,563691,4,0,1,3072,5,3820793682
172,561350,3007,564357,9,0,1,1024,10,7635488114
173,565021,1077677,1642698,4,0,0,18432,5,2858132803
174,566380,1994,568374,9,0,1,2048,10,574295411
175,570760,2791267,3362027,0,0,0,152064,14,10222832353
176,570880,319372,890252,5,0,0,512,0,787813881
177,575610,2312228,2887838,5,0,0,1536,0,2572580567
178,577031,2870,579901,2,0,1,8704,18,6904485062
179,578570,1957759,2536329,2,0,0,51712,18,3243691341
180,579910,1132205,1712115,5,0,0,1536,0,5968419197
181,580361,503257,1083618,4,0,0,512,5,10677933154
182,580781,5802,586583,7,0,1,6144,13,2224513394
183,583551,529229,1112780,4,0,0,512,5,3303663134
184,584091,3387,587478,2,0,1,9728,18,8019490169
185,584490,4132,588622,8,0,1,1536,13,53694186
186,592100,1042,593142,8,0,1,1024,13,8331414618
187,592521,6754,599275,7,0,1,7168,13,87157227
188,594720,249153,843873,7,0,0,26624,13,1308881161
189,595970,1224679,1820649,2,0,0,27136,18,2718856802
190,596640,2395921,2992561,6,0,0,18944,6,4908693461
191,599140,1681085,2280225,2,0,0,50688,18,1922539302
192,600410,296856,897266,6,0,0,7168,6,7012449089
193,609250,2151843,2761093,6,0,0,2560,6,9305798106
194,611860,3898,615758,8,0,1,4096,13,2269057878
195,612310,269141,881451,6,0,0,7680,6,7079654950
196,612640,3238778,3851418,6,0,0,143360,6,3923092664
197,612850,998549,1611399,7,0,0,26112,13,1378492800
198,617260,1042,618302,9,0,1,1024,10,746664219
199,623560,1320863,1944423,0,0,0,512,14,2578022547
200,629871,1042,630913,2,0,1,1024,18,7708205409
201,634440,872880,1507320,2,0,0,13824,18,1434445608
202,638481,4850,643331,2,0,1,5120,18,6717552017
203,644830,3387,648217,9,0,1,9728,10,6238544813
204,647770,2667739,3315509,7,0,0,31744,13,6023357605
205,656910,566,657476,9,0,1,512,10,5903681374
206,657331,2870,660201,7,0,1,8704,13,4918188689
207,662220,1150146,1812366,2,0,0,23040,18,8563375
208,663170,5196,668366,5,0,1,13312,0,9420281038
209,665800,16859,682659,5,0,1,2560,0,6812692007
210,668980,998588,1667568,6,0,0,8192,6,1845443381
211,675381,9792,685173,7,0,1,2560,13,7198520685
212,677140,1208345,1885485,0,0,0,50176,14,6894603866
213,682190,4289,686479,5,0,1,2048,0,1213749572
214,684650,906807,1591457,6,0,0,17408,6,4336144541
215,685200,1502358,2187558,2,0,0,13824,18,6595758828
216,690830,2485887,3176717,5,0,0,512,0,4566171683
217,702001,5712,707713,7,0,1,14336,13,6660877423
218,703121,2683954,3387075,4,0,0,1024,5,5405956576
219,703500,1460613,2164113,2,0,0,39424,18,4455777413
220,704901,1292279,1997180,4,0,0,512,5,6359701261
221,710671,1517192,2227863,4,0,0,512,5,4654882986
222,712071,566,712637,7,0,1,512,13,802025274
223,713300,776609,1489909,6,0,0,1024,6,4415849381
224,725711,1042,726753,7,0,1,1024,13,10415755373
225,732700,1314727,2047427,5,0,0,512,0,9278467663
226,736020,2927856,3663876,0,0,0,53248,14,10612285619
227,736930,1251659,1988589,7,0,0,30208,13,5208806816
228,739860,15321,755181,9,0,1,29696,10,7924769855
229,742510,2833023,3575533,5,0,0,2048,0,3900692165
230,743040,593935,1336975,5,0,0,1024,0,1824295864
231,743821,11706,755527,7,0,1,512,13,5301798179
232,757361,1283301,2040662,4,0,0,1536,5,77574256
233,759581,1042,760623,7,0,1,1024,13,9877124021
234,761760,2668030,3429790,7,0,0,12800,13,3431160622
235,769670,2707302,3476972,7,0,0,7168,13,10156818099
236,788410,3422,791832,3,0,1,3584,5,2480412369
237,793470,2744304,3537774,6,0,0,28672,6,10211396840
238,796090,286304,1082394,5,0,0,1536,0,8587016820
239,797410,2154107,2951517,6,0,0,28160,6,2001115126
240,801821,2193428,2995249,4,0,0,2560,5,2381148886
241,802050,690846,1492896,7,0,0,9728,13,8227717971
242,803410,710153,1513563,5,0,0,3072,0,8735787226
243,813890,728932,1542822,0,0,0,8704,14,5126209901
244,815710,6776,822486,5,0,1,3584,0,2299781077
245,827490,6278,833768,5,0,1,6656,0,9624757568
246,830620,275453,1106073,5,0,0,1536,0,7733693850
247,831391,3043,834434,4,0,1,1024,5,3311427212
248,842030,1201392,2043422,5,0,0,512,0,8970250596
249,844390,398687,1243077,7,0,0,14336,13,4110848797
250,851881,15511,867392,7,0,1,6144,13,897577582
251,857620,1119223,1976843,5,0,0,512,0,3969404865
252,862630,1287742,2150372,7,0,0,2560,13,5202654333
253,875990,46212,922202,1,0,1,79872,8,6664103640
254,877470,1966401,2843871,2,0,0,117248,18,9038501948
255,877781,44677,922458,4,0,1,9216,5,10331414899
256,879330,48825,928155,1,0,1,27136,8,4933218937
257,889660,49049,938709,5,0,1,4096,0,1546627145
258,891710,75196,966906,1,0,1,77824,8,335024156
259,895661,71268,966929,4,0,1,7680,5,4130130474
260,895890,2295672,3191562,2,0,0,39424,18,9853930799
261,896000,1268284,2164284,5,0,0,512,0,333916065
262,902221,64723,966944,7,0,1,1024,13,2053763318
263,903651,63316,966967,4,0,1,3072,5,3602539752
264,910331,56659,966990,7,0,1,1536,13,10345590004
265,916890,1071870,1988760,7,0,0,512,13,2558847314
266,928670,38335,967005,3,0,1,8704,5,3419663826
267,941000,2364822,3305822,2,0,0,34304,18,1960613573
268,952090,1560988,2513078,0,0,0,17408,14,1168049270
269,952100,1983007,2935107,6,0,0,6656,6,9945267092
270,962320,590870,1553190,7,0,0,1024,13,2589004334
271,964870,48839,1013709,1,0,1,80896,8,2353907598
272,966340,52515,1018855,3,0,1,8192,5,7183526000
273,967801,52040,1019841,4,0,1,1536,5,4934225149
274,972340,2415390,3387730,5,0,0,2048,0,8226566304
275,975001,888205,1863206,4,0,0,512,5,639755019
276,978970,309421,1288391,5,0,0,512,0,7187470575
277,980131,41016,1021147,4,0,1,2048,5,6027853595
278,982100,42273,1024373,3,0,1,5120,5,5001033530
279,983930,2528157,3512087,0,0,0,115200,14,4899164060
280,989700,40472,1030172,5,0,1,19456,0,7654865206
281,994890,1586667,2581557,2,0,0,99328,18,2200745387
282,997960,3467288,4465248,7,0,0,512,13,5386782202
283,1001450,35340,1036790,1,0,1,31744,8,4269105269
284,1002041,35927,1037968,4,0,1,13824,5,1069841146
285,1003501,35952,1039453,7,0,1,15360,13,9300315732
286,1005000,1712799,2717799,2,0,0,26112,18,5876131237
287,1006290,675164,1681454,2,0,0,11776,18,2204085334
288,1008010,1237265,2245275,2,0,0,12288,18,3970620342
289,1009490,1428133,2437623,5,0,0,1536,0,7031817862
290,1011220,29513,1040733,3,0,1,14336,5,4680949653
291,1011800,29279,1041079,1,0,1,512,8,6619352552
292,1016420,25645,1042065,5,0,1,1536,0,10046545098
293,1028670,14163,1042833,3,0,1,11776,5,6413488615
294,1029390,15709,1045099,5,0,1,3584,0,9407364445
295,1030630,14815,1045445,3,0,1,512,5,9362570902
296,1032180,16171,1048351,9,0,1,4608,10,4119961050
297,1046511,2186,1048697,4,0,1,512,5,2383363842
298,1048100,2338321,3386421,6,0,0,78848,6,3043584024
299,1050980,1042,1052022,9,0,1,1024,10,8585222389
300,1052651,2946,1055597,7,0,1,3072,13,9501455043
301,1055060,4850,1059910,9,0,1,5120,10,9716570760
302,1062061,1445527,2507588,4,0,0,1024,5,6708896843
303,1064971,7351,1072322,7,0,1,6656,13,3743593000
304,1066230,1233615,2299845,0,0,0,13824,14,4701208747
305,1069841,15237,1085078,2,0,1,24576,18,9170935408
306,1071350,574419,1645769,2,0,0,4096,18,6013607618
307,1071861,13883,1085744,2,0,1,11264,18,2084634468
308,1072461,15549,1088010,7,0,1,3584,13,10382003735
309,1077550,10921,1088471,5,0,1,10240,0,7323452327
310,1077610,1874234,2951844,7,0,0,1024,13,5216266779
311,1081831,9898,1091729,7,0,1,3584,13,8965240453
312,1082311,9449,1091760,4,0,1,1024,5,10430060053
313,1084200,10128,1094328,3,0,1,4096,5,10640528997
314,1085581,10693,1096274,2,0,1,3072,18,10243963184
315,1087250,3115516,4202766,6,0,0,57344,6,6205032126
316,1090281,10499,1100780,2,0,1,7168,18,538180590
317,1090930,3245949,4336879,6,0,0,46080,6,8927227862
318,1098311,4735,1103046,2,0,1,3584,18,312147182
319,1099821,3584,1103405,2,0,1,9728,18,8320073372
320,1113051,10833,1123884,2,0,1,4608,18,5268996740
321,1113710,10189,1123899,5,0,1,6656,0,1101286847
322,1113780,10134,1123914,3,0,1,1536,5,6690055535
323,1115350,15181,1130531,5,0,1,6656,0,7792886831
324,1116460,14387,1130847,9,0,1,1024,10,5790729725
325,1116621,1603953,2720574,4,0,0,512,5,2437548819
326,1123980,1947531,3071511,2,0,0,70656,18,10292215856
327,1132860,478710,1611570,7,0,0,512,13,10373167750
328,1133400,566,1133966,5,0,1,512,0,962295848
329,1137921,2946,1140867,2,0,1,3072,18,3838345044
330,1138100,1052921,2191021,6,0,0,11264,6,436611657
331,1139031,3904,1142935,4,0,1,10752,5,757456799
332,1144700,984504,2129204,2,0,0,8704,18,5193370198
333,1153480,1042,1154522,1,0,1,1024,8,957844897
334,1159670,1189130,2348800,2,0,0,15360,18,8238875239
335,1164361,1994,1166355,7,0,1,2048,13,4492610397
336,1174700,2390048,3564748,2,0,0,26112,18,1632053786
337,1178620,5802,1184422,1,0,1,6144,8,8293293752
338,1178980,6313,1185293,1,0,1,12288,8,7462278911
339,1181191,8010,1189201,2,0,1,5120,18,8946360960
340,1183040,1666462,2849502,2,0,0,18432,18,3865788959
341,1186451,7256,1193707,4,0,1,7168,5,5741338248
342,1189831,212722,1402553,4,0,0,1024,5,5368658937
343,1192361,3292,1195653,0,0,1,3072,14,4992468886
344,1192510,7329,1199839,1,0,1,6656,8,9842905935
345,1194360,6145,1200505,1,0,1,1024,8,1492636977
346,1196580,649288,1845868,0,0,0,22016,14,3772336585
347,1201350,2724456,3925806,2,0,0,36864,18,8762474840
348,1203951,17005,1220956,4,0,1,6144,5,3708805208
349,1205440,22773,1228213,1,0,1,7680,8,8184140882
350,1216670,1716067,2932737,2,0,0,29696,18,3878911107
351,1220881,9278,1230159,4,0,1,3072,5,2350253571
352,1220971,12094,1233065,2,0,1,4608,18,9488840568
353,1232450,5732,1238182,5,0,1,14336,0,9366752259
354,1232461,15134,1247595,2,0,1,17408,18,2219952553
355,1233350,1931785,3165135,6,0,0,55296,6,4675013261
356,1234680,15181,1249861,5,0,1,3584,0,8169183126
357,1239460,2337141,3576601,5,0,0,512,0,2894671564
358,1244010,6722,1250732,3,0,1,12288,5,2847100372
359,1246800,5149,1251949,3,0,1,10752,5,8836205196
360,1249291,3324,1252615,7,0,1,1024,13,10091905430
361,1256121,4374,1260495,7,0,1,4608,13,10376237907
362,1263261,4374,1267635,7,0,1,4608,13,10583254183
363,1264251,5970,1270221,7,0,1,4096,13,4281581246
364,1275910,2604640,3880550,2,0,0,45056,18,10058398696
365,1279011,2325883,3604894,4,0,0,1024,5,9774387198
366,1284870,2077328,3362198,5,0,0,512,0,5801792770
367,1285930,1994,1287924,5,0,1,2048,0,3940453503
368,1290750,7803,1298553,1,0,1,10240,8,9199323497
369,1292630,1215129,2507759,5,0,0,512,0,6283695440
370,1292720,44270,1336990,3,0,1,7680,5,6595280475
371,1295361,2715651,4011012,4,0,0,11776,5,1315299335
372,1295550,70352,1365902,5,0,1,4096,0,5197280453
373,1301260,64657,1365917,1,0,1,5120,8,8035474733
374,1301490,2954831,4256321,2,0,0,59392,18,5710113046
375,1301701,64239,1365940,7,0,1,4096,13,2817972016
376,1308690,479575,1788265,7,0,0,1536,13,1027496324
377,1312921,53034,1365955,2,0,1,5120,18,1475014157
378,1314900,51070,1365970,5,0,1,7168,0,1824904197
379,1338621,31757,1370378,7,0,1,4608,13,10273343444
380,1354870,299322,1654192,7,0,0,512,13,10140917754
381,1357701,2370670,3728371,4,0,0,11264,5,6403479181
382,1360150,1091564,2451714,2,0,0,512,18,5199983716
383,1369010,7230,1376240,5,0,1,7680,0,2170471298
384,1369261,2580872,3950133,4,0,0,18944,5,1441286939
385,1371960,867292,2239252,6,0,0,8704,6,9430155340
386,1373500,2101273,3474773,0,0,0,28672,14,9967402105
387,1373851,12511,1386362,7,0,1,13824,13,4531888727
388,1375961,463161,1839122,4,0,0,7168,5,112611591
389,1377860,8517,1386377,1,0,1,2048,8,8795891024
390,1383600,1067943,2451543,6,0,0,26624,6,8243634821
391,1384010,8186,1392196,6,0,1,6144,6,3571141355
392,1393020,2025627,3418647,6,0,0,15872,6,7839264269
393,1398510,63287,1461797,5,0,1,3072,0,999746320
394,1403640,3488463,4892103,6,0,0,9216,6,8901890001
395,1410870,50942,1461812,1,0,1,14336,8,5329099315
396,1414281,2030563,3444844,4,0,0,47104,5,4199668742
397,1419520,412608,1832128,5,0,1,8704,0,3032088786
398,1420241,412233,1832474,7,0,1,512,13,2643803459
399,1424720,410660,1835380,1,0,1,4608,8,5675573206
400,1425820,1009917,2435737,6,0,0,10752,6,6639307198
401,1427190,1813524,3240714,6,0,0,39424,6,1768124708
402,1431031,408114,1839145,7,0,1,4096,13,5820447468
403,1437430,4357562,5794992,1,0,1,1536,8,10713047132
404,1437810,3576812,5014622,2,0,0,120832,18,3106306064
405,1441241,2458676,3899917,4,0,0,63488,5,5004312343
406,1441990,4356344,5798334,1,0,1,16896,8,4717840196
407,1446161,1967635,3413796,4,0,0,26624,5,2099449368
408,1452330,2504214,3956544,6,0,0,20992,6,5346948308
409,1456030,1128686,2584716,2,0,0,10240,18,791484705
410,1457250,4346230,5803480,1,0,1,8192,8,10217998728
411,1463090,2172952,3636042,2,0,0,49152,18,3158195765
412,1466460,1136890,2603350,7,0,0,512,13,7421024351
413,1467800,3155996,4623796,6,0,0,81920,6,6521002491
414,1470250,4721611,6191861,5,0,1,8192,0,1495415196
415,1484960,708551,2193511,7,0,0,512,13,3764138461
416,1490500,4701707,6192207,1,0,1,512,8,6505514175
417,1492551,4703842,6196393,4,0,1,6656,5,5906209097
418,1499250,2284279,3783529,2,0,0,122880,18,1556202970
419,1507541,1575373,3082914,4,0,0,37376,5,121180789
420,1514690,1885107,3399797,2,0,0,39424,18,6800071290
421,1522120,2663135,4185255,6,0,0,4096,6,9620335377
422,1522890,1863858,3386748,0,0,0,1024,14,7450057399
423,1526190,4788003,6314193,5,0,1,12288,0,2077088504
424,1529361,4925728,6455089,4,0,1,1024,5,9865554559
425,1531220,4924071,6455291,5,0,1,4608,0,761815874
426,1534510,4920804,6455314,1,0,1,5120,8,7183345836
427,1538771,2887583,4426354,4,0,0,10240,5,5505077517
428,1549371,4906145,6455516,4,0,1,7680,5,6913947134
429,1557750,4897789,6455539,1,0,1,4096,8,9242671304
430,1560181,4895381,6455562,7,0,1,2048,13,4545017332
431,1561960,629232,2191192,7,0,0,512,13,665322984
432,1563900,4891685,6455585,5,0,1,4608,0,837396676
433,1565021,2299072,3864093,4,0,0,41472,5,8293912019
434,1570370,2436280,4006650,0,0,0,76800,14,3469677640
435,1580781,4874827,6455608,4,0,1,3584,5,6118034307
436,1588040,4880874,6468914,5,0,1,5632,0,2777646126
437,1588171,4881257,6469428,4,0,1,1024,5,9694313076
438,1589081,4880869,6469950,4,0,1,512,5,1521751270
439,1594650,942080,2536730,7,0,0,512,13,6086463266
440,1596850,4873458,6470308,5,0,1,5120,0,3896434750
441,1598121,1419843,3017964,4,0,0,45056,5,7005567951
442,1602520,4867811,6470331,5,0,1,8704,0,5641500224
443,1602681,2915401,4518082,4,0,0,75264,5,2762949538
444,1607451,5021228,6628679,7,0,1,6144,13,5569703722
445,1619850,5144648,6764498,5,0,1,2560,0,9421239323
446,1630900,1592241,3223141,7,0,0,1536,13,9210620047
447,1631210,5141157,6772367,6,0,1,5632,6,6966523961
448,1632720,5258261,6890981,5,0,1,10240,0,2951110193
449,1634791,2279768,3914559,4,0,0,47104,5,754837366
450,1634810,1042610,2677420,0,0,0,512,14,237031804
451,1637160,5253844,6891004,1,0,1,5120,8,908113871
452,1637441,1010859,2648300,4,0,0,37888,5,5770734297
453,1641180,1278815,2919995,0,0,0,3584,14,2876973092
454,1647491,5243536,6891027,7,0,1,3072,13,8565089596
455,1664220,5508335,7172555,5,0,1,6144,0,400559327
456,1669190,5615914,7285104,6,0,1,512,6,1600200817
457,1671970,5613157,7285127,5,0,1,1536,0,48692030
458,1681550,2119795,3801345,7,0,0,1024,13,5160704637
459,1683780,2594544,4278324,6,0,0,29696,6,3181782161
460,1693430,5591720,7285150,6,0,1,512,6,2650798568
461,1693880,823269,2517149,2,0,0,13312,18,1408988761
462,1695040,5590133,7285173,9,0,1,11264,10,2763972473
463,1702130,2328748,4030878,2,0,0,29696,18,1859262882
464,1703000,2366000,4069000,0,0,0,107520,14,7778058118
465,1707220,2421563,4128783,2,0,0,3072,18,2788341902
466,1718240,5810736,7528976,1,0,1,7168,8,8912736075
467,1727441,2294374,4021815,4,0,0,35328,5,536256851
468,1728430,610492,2338922,6,0,0,4096,6,6503992541
469,1730230,2453674,4183904,2,0,0,40960,18,277889850
470,1734990,5850182,7585172,1,0,1,1024,8,9599515534
471,1739490,1985418,3724908,0,0,0,75776,14,2889059130
472,1747470,5837725,7585195,5,0,1,512,0,7463805058
473,1752850,5832368,7585218,1,0,1,2560,8,1835783491
474,1753320,5831921,7585241,1,0,1,5632,8,9232406330
475,1754591,5830673,7585264,4,0,1,4096,5,6196480298
476,1762801,5822486,7585287,4,0,1,7680,5,7258626243
477,1766140,5819170,7585310,6,0,1,14848,6,2369112915
478,1771810,5861801,7633611,5,0,1,2048,0,8233304074
479,1772640,3195698,4968338,0,0,0,56320,14,1938066100
480,1776970,5858587,7635557,1,0,1,3072,8,7598588774
481,1788410,1409423,3197833,2,0,0,20480,18,10316220811
482,1788780,2310553,4099333,6,0,0,8192,6,2130885501
483,1789270,2382123,4171393,6,0,0,78336,6,2031778213
484,1793400,5858222,7651622,6,0,1,10240,6,2720409774
485,1798670,6002145,7800815,1,0,1,1024,8,98110935
486,1799630,1245442,3045072,2,0,0,28160,18,8636981480
487,1801120,1426596,3227716,7,0,0,1024,13,193242418
488,1804500,821816,2626316,7,0,0,1024,13,9800691751
489,1807421,5993740,7801161,4,0,1,512,5,10135199637
490,1814300,287269,2101569,7,0,0,512,13,1418400181
491,1819251,3455031,5274282,4,0,0,108032,5,9766611649
492,1834730,5967417,7802147,6,0,1,1536,6,2155364760
493,1837070,5968943,7806013,6,0,1,6144,6,1556245322
494,1842711,2502343,4345054,4,0,0,26624,5,5749172260
495,1844510,1694217,3538727,7,0,0,512,13,2807350194
496,1847950,5962569,7810519,1,0,1,7168,8,5424848981
497,1848910,5961955,7810865,6,0,1,512,6,1969725248
498,1852070,2939710,4791780,6,0,0,53248,6,8167298747
499,1852900,2357369,4210269,2,0,0,24576,18,70352318
500,1860331,2856752,4717083,4,0,0,23040,5,1964715869
501,1862430,2249124,4111554,0,0,0,36864,14,6346383488
502,1863260,938152,2801412,6,0,0,2560,6,3866208014
503,1869140,1643430,3512570,0,0,0,1536,14,9580870335
504,1870250,5943521,7813771,1,0,1,4608,8,3760130827
505,1871560,5944797,7816357,1,0,1,4096,8,5429220868
506,1872910,2622217,4495127,2,0,0,29696,18,3493601971
507,1883100,3188640,5071740,0,0,0,29184,14,6009500162
508,1892000,995171,2887171,2,0,0,22016,18,9733840090
509,1895370,2983583,4878953,7,0,0,512,13,7061367275
510,1899441,1033623,2933064,4,0,0,1024,5,10293233953
511,1900720,5934481,7835201,6,0,1,2048,6,8691236308
512,1904130,5931094,7835224,6,0,1,1024,6,5308290959
513,1906260,2129861,4036121,2,0,0,16896,18,1768409638
514,1908280,1604657,3512937,7,0,0,1024,13,2087159633
515,1921850,5913397,7835247,5,0,1,512,0,4447107996
516,1930110,2053125,3983235,6,0,0,87552,6,7692951851
517,1930891,5904379,7835270,4,0,1,3072,5,9024767465
518,1932641,5902652,7835293,4,0,1,1024,5,5422845443
519,1932860,6015306,7948166,5,0,1,14848,0,7043980952
520,1934080,6021562,7955642,6,0,1,512,6,1636189816
521,1943030,6014558,7957588,6,0,1,3072,6,7757153862
522,1946700,6011554,7958254,1,0,1,1024,8,4748585291
523,1948721,1009378,2958099,4,0,0,20480,5,3349237804
524,1948771,2179037,4127808,4,0,0,12288,5,9005173773
525,1948941,6009659,7958600,2,0,1,512,18,549739924
526,1950640,2355701,4306341,2,0,0,16384,18,6796399823
527,1955061,6018748,7973809,4,0,1,6144,5,7973456343
528,1955361,6052466,8007827,2,0,1,1024,18,5317184593
529,1965441,6043666,8009107,4,0,1,14336,5,1212565867
530,1972280,6048114,8020394,1,0,1,3072,8,2486724089
531,1976171,2288433,4264604,4,0,0,27136,5,1622058125
532,1977790,818170,2795960,7,0,0,1024,13,9433800761
533,1979100,2965426,4944526,0,0,0,100352,14,5938117682
534,1982761,2155351,4138112,4,0,0,22528,5,7340075858
535,1988990,6031763,8020753,5,0,1,9728,0,6590931575
536,1990570,2104989,4095559,2,0,0,87040,18,9588554956
537,1995010,6200225,8195235,5,0,1,13824,0,1491905531
538,2006931,2294395,4301326,4,0,0,42496,5,7710180276
539,2007951,6268939,8276890,2,0,1,10752,18,9134822872
540,2011930,3403909,5415839,0,0,0,97792,14,7159878123
541,2017310,6377795,8395105,1,0,1,9728,8,10323621220
542,2017491,6390959,8408450,2,0,1,5632,18,5517194243
543,2018620,6395881,8414501,6,0,1,12800,6,972727186
544,2024020,6394347,8418367,1,0,1,6144,8,8917405082
545,2024380,2240435,4264815,7,0,0,512,13,572890017
546,2027060,398603,2425663,7,0,0,512,13,4640294911
547,2035120,6383593,8418713,1,0,1,512,8,4215400987
548,2044120,6393762,8437882,1,0,1,10240,8,277984747
549,2060240,6439385,8499625,5,0,1,10240,0,765146234
550,2060661,6634287,8694948,2,0,1,1024,18,666136266
551,2067330,6671419,8738749,5,0,1,1536,0,10363433339
552,2072681,6683120,8755801,4,0,1,7680,5,8705394221
553,2077660,2669265,4746925,0,0,0,50176,14,9945796998
554,2078180,6677644,8755824,5,0,1,12800,0,2833293655
555,2085430,2944112,5029542,2,0,0,3072,18,9427998303
556,2087000,2956528,5043528,7,0,0,1024,13,3556439020
557,2087840,6668007,8755847,5,0,1,2560,0,8057321578
558,2088471,6667399,8755870,4,0,1,6656,5,3180013958
559,2091281,3456624,5547905,4,0,0,57856,5,8202694385
560,2096560,1144481,3241041,7,0,0,1024,13,8233873704
561,2097300,6658593,8755893,6,0,1,512,6,10666123599
562,2107180,6648736,8755916,6,0,1,1024,6,4444233143
563,2125400,2162947,4288347,6,0,0,32768,6,3303821799
564,2130770,6625169,8755939,1,0,1,3584,8,8436227626
565,2136631,6623289,8759920,4,0,1,7168,5,9462920512
566,2146270,6706402,8852672,1,0,1,7680,8,4162584315
567,2148730,2074238,4222968,6,0,0,41472,6,8729906113
568,2172181,6700948,8873129,7,0,1,512,13,8571429470
569,2174291,6699184,8873475,7,0,1,512,13,357935720
570,2184401,6689433,8873834,4,0,1,9728,5,10249524378
571,2187341,6702409,8889750,4,0,1,4608,5,1535971341
572,2188761,7070460,9259221,7,0,1,50688,13,6635132512
573,2206710,2216002,4422712,0,0,0,37376,14,7343264712
574,2214011,7045233,9259244,4,0,1,7680,5,4389424729
575,2217461,1045587,3263048,4,0,0,43520,5,1975350308
576,2217730,1725931,3943661,6,0,0,58368,6,9074345310
577,2221960,1644332,3866292,2,0,0,7168,18,1009510533
578,2230260,2196429,4426689,0,0,0,1024,14,3899956339
579,2232960,744390,2977350,2,0,0,32768,18,8053207103
580,2233451,7042406,9275857,4,0,1,3584,5,1766966553
581,2240151,7269601,9509752,7,0,1,90112,13,1257660851
582,2243120,1543466,3786586,7,0,0,1024,13,10290373829
583,2250600,1533724,3784324,7,0,0,2560,13,1770253400
584,2255111,7264047,9519158,4,0,1,1536,5,4831906686
585,2263410,3607001,5870411,0,0,0,22528,14,5273491719
586,2288471,7230710,9519181,7,0,1,512,13,5496889544
587,2293011,1854499,4147510,4,0,0,30208,5,9072521516
588,2307930,2467603,4775533,0,0,0,35328,14,790991755
589,2319690,3782265,6101955,2,0,0,53760,18,4802870532
590,2324631,7880154,10204785,7,0,1,161792,13,3529012605
591,2327060,2818300,5145360,0,0,0,98304,14,6227306202
592,2328820,2078186,4407006,2,0,0,2048,18,3435530069
593,2330260,2695469,5025729,0,0,0,36352,14,2499241620
594,2333750,1533049,3866799,2,0,0,1536,18,1475476188
595,2337861,2536834,4874695,4,0,0,112640,5,7887170368
596,2347721,8086640,10434361,7,0,1,158208,13,10590937913
597,2351800,2348765,4700565,7,0,0,512,13,3470969318
598,2354941,2333543,4688484,4,0,0,109568,5,8054672435
599,2362651,8100350,10463001,4,0,1,1024,5,8953208121
600,2366020,3010110,5376130,0,0,0,52224,14,7045981528
601,2382361,8080663,10463024,4,0,1,15360,5,8976090124
602,2383780,2593995,4977775,2,0,0,29184,18,10525473155
603,2396830,1547516,3944346,7,0,0,512,13,772624449
604,2405631,8057416,10463047,4,0,1,1536,5,4555984866
605,2408740,1914028,4322768,2,0,0,53760,18,429236493
606,2409441,2810823,5220264,4,0,0,17920,5,1887635061
607,2412121,8050949,10463070,4,0,1,1536,5,5840970804
608,2421220,4048699,6469919,7,0,0,1536,13,59755270
609,2424891,1706310,4131201,4,0,0,5632,5,4540704964
610,2426400,2100402,4526802,0,0,0,2560,14,6355542300
611,2450250,8013178,10463428,1,0,1,2560,8,6937995259
612,2453700,8009751,10463451,1,0,1,1536,8,9284340528
613,2458161,8165370,10623531,7,0,1,63488,13,1470751874
614,2463340,1322919,3786259,2,0,0,6144,18,8243202118
615,2464530,2021006,4485536,7,0,0,1536,13,4473610837
616,2483300,1906342,4389642,7,0,0,512,13,1458809934
617,2485660,1611162,4096822,2,0,0,4096,18,5380042632
618,2503290,1440885,3944175,0,0,0,1024,14,7125822512
619,2503860,2206001,4709861,6,0,0,18432,6,7725350560
620,2506771,8184805,10691576,7,0,1,46080,13,10700904594
621,2509881,1728281,4238162,4,0,0,40960,5,8909343175
622,2514640,2599973,5114613,6,0,0,46592,6,999520623
623,2526250,2040930,4567180,0,0,0,4096,14,3230725435
624,2532110,3053768,5585878,2,0,0,59392,18,6535514553
625,2537831,8280925,10818756,7,0,1,48128,13,6307349327
626,2537950,2032965,4570915,0,0,0,512,14,9628165046
627,2549541,8442983,10992524,7,0,1,61952,13,1881940602
628,2553600,449235,3002835,7,0,0,1536,13,4489742499
629,2571221,8513403,11084624,7,0,1,2560,13,5493026596
630,2584811,2752541,5337352,4,0,0,95232,5,5104056209
631,2585400,2941703,5527103,6,0,0,136192,6,6839051489
632,2586301,8598595,11184896,7,0,1,38400,13,10567979692
633,2597690,982298,3579988,0,0,0,512,14,2431221813
634,2597951,8633360,11231311,7,0,1,29184,13,5777533438
635,2597971,2353176,4951147,4,0,0,17408,5,1839290244
636,2611690,2357162,4968852,7,0,0,1024,13,7868937038
637,2618941,8721199,11340140,7,0,1,25600,13,6284676144
638,2631430,910525,3541955,0,0,0,1024,14,5806315697
639,2635031,8708587,11343618,7,0,1,19456,13,586883250
640,2641031,2570584,5211615,4,0,0,112640,5,7990938701
641,2642570,3863562,6506132,2,0,0,1024,18,4328526094
642,2654661,2137610,4792271,4,0,0,1536,5,8676659043
643,2658691,2568217,5226908,4,0,0,14848,5,8339507142
644,2663281,1460768,4124049,4,0,0,40960,5,8069662625
645,2680071,8703427,11383498,7,0,1,26112,13,5382417334
646,2682371,9189881,11872252,7,0,1,213504,13,6540454324
647,2688931,9241047,11929978,7,0,1,49152,13,5289825064
648,2696261,9340622,12036883,7,0,1,86016,13,10209055266
649,2696821,9340085,12036906,7,0,1,5632,13,8697777157
650,2702601,9609482,12312083,7,0,1,208896,13,1025936306
651,2713051,9603834,12316885,7,0,1,10240,13,3167359050
652,2717060,1628173,4345233,2,0,0,512,18,9490481432
653,2722911,9656131,12379042,7,0,1,97792,13,9174844304
654,2724231,2740996,5465227,4,0,0,72192,5,10115526963
655,2731850,2440411,5172261,7,0,0,512,13,6036476912
656,2733001,9795843,12528844,7,0,1,92672,13,2635035498
657,2744160,1910917,4655077,2,0,0,51200,18,5260751975
658,2754681,2294393,5049074,4,0,0,12288,5,7216186658
659,2760400,2941640,5702040,6,0,0,120320,6,4513586146
660,2768351,3791941,6560292,4,0,0,14848,5,10710113253
661,2769631,9874397,12644028,7,0,1,173056,13,35062156
662,2781560,534120,3315680,7,0,0,512,13,3583783768
663,2783360,2881997,5665357,7,0,0,512,13,9341220848
664,2784641,2656672,5441313,4,0,0,70144,5,4369248839
665,2793481,9862710,12656191,7,0,1,7168,13,4862579064
666,2801921,2960581,5762502,4,0,0,63488,5,7140950853
667,2802160,2143660,4945820,2,0,0,3072,18,7273162342
668,2826211,9841216,12667427,7,0,1,7168,13,4327462420
669,2837970,1291500,4129470,0,0,0,2048,14,6091691035
670,2868030,1832356,4700386,2,0,0,32768,18,4083122193
671,2868630,2616767,5485397,2,0,0,61952,18,5607694718
672,2879281,9788492,12667773,2,0,1,512,18,6285321766
673,2883280,2702933,5586213,7,0,0,1024,13,7915447026
674,2886671,9805309,12691980,7,0,1,33792,13,9166671793
675,2887920,2286392,5174312,2,0,0,6656,18,8732707639
676,2889551,9802460,12692011,7,0,1,8192,13,1418125659
677,2893140,1854120,4747260,7,0,0,1024,13,2241421620
678,2921660,978532,3900192,7,0,0,512,13,1790974791
679,2925561,1300074,4225635,4,0,0,8704,5,10304722728
680,2952341,2355972,5308313,4,0,0,111616,5,6562454535
681,2990021,2873503,5863524,4,0,0,89088,5,959187812
682,2993161,9710247,12703408,0,0,1,6656,14,5399740215
683,2998850,1751756,4750606,0,0,0,512,14,2687576682
684,3005061,9774991,12780052,7,0,1,92672,13,8075626445
685,3019611,9770669,12790280,0,0,1,3072,14,1759413817
686,3022660,1322744,4345404,7,0,0,512,13,2912018953
687,3023291,9792383,12815674,7,0,1,31232,13,5347778086
688,3029680,1393531,4423211,7,0,0,1536,13,4318539039
689,3036011,9779686,12815697,0,0,1,1536,14,7166540098
690,3037151,9779398,12816549,0,0,1,1536,14,1505004710
691,3065701,9764798,12830499,0,0,1,5632,14,10457076776
692,3067460,3570625,6638085,2,0,0,28160,18,5776783604
693,3070231,9886107,12956338,7,0,1,152576,13,9933641031
694,3071961,9904006,12975967,0,0,1,5632,14,5124658307
695,3081900,2704287,5786187,2,0,0,48640,18,5200738909
696,3081911,9904934,12986845,7,0,1,7168,13,5000324195
697,3086210,1803062,4889272,2,0,0,33792,18,8434583944
698,3089110,854722,3943832,7,0,0,512,13,7171160648
699,3103080,1467656,4570736,6,0,0,10752,6,4370438877
700,3108100,1452205,4560305,0,0,0,512,14,1748489167
701,3110280,1407981,4518261,0,0,0,512,14,6563598362
702,3114420,9884549,12998969,1,0,1,4608,8,4757719971
703,3120840,1772557,4893397,7,0,0,3072,13,2300973016
704,3127710,2783041,5910751,6,0,0,34304,6,4500829811
705,3141530,9868533,13010063,1,0,1,3072,8,4832133777
706,3141871,3016545,6158416,4,0,0,19968,5,7635317795
707,3141980,1580249,4722229,7,0,0,1536,13,8481964440
708,3152051,9884408,13036459,7,0,1,22016,13,7536837893
709,3163481,10080106,13243587,7,0,1,102912,13,1505018865
710,3167070,1304124,4471194,7,0,0,1536,13,4782978849
711,3168061,10165568,13333629,7,0,1,55296,13,6474817512
712,3172700,10160952,13333652,1,0,1,2048,8,3058256164
713,3173080,1999002,5172082,7,0,0,512,13,1698782904
714,3182120,10151555,13333675,1,0,1,4608,8,1333052007
715,3184181,10149517,13333698,2,0,1,2048,18,9840211822
716,3184290,10149431,13333721,1,0,1,5120,8,4729140635
717,3186670,820723,4007393,0,0,0,2048,14,2865672072
718,3186820,10146924,13333744,1,0,1,11264,8,2807793953
719,3192260,10144034,13336294,1,0,1,3072,8,7727209668
720,3194141,10148569,13342710,2,0,1,3072,18,10628045593
721,3196881,10146175,13343056,2,0,1,512,18,4685942078
722,3200890,3563585,6764475,7,0,0,24064,13,4393570570
723,3205461,10138581,13344042,2,0,1,1536,18,2291895824
724,3206831,10335095,13541926,7,0,1,158208,13,7214256797
725,3207170,2896844,6104014,6,0,0,6656,6,3781459157
726,3208101,10437713,13645814,7,0,1,51200,13,1628843785
727,3211010,2773278,5984288,2,0,0,114176,18,2991019150
728,3216220,1051262,4267482,6,0,0,8704,6,2085477428
729,3231751,1940152,5171903,4,0,0,87040,5,9412643362
730,3240641,10512647,13753288,7,0,1,39936,13,6699738769
731,3243041,10596461,13839502,7,0,1,106496,13,6011206967
732,3246131,10596615,13842746,2,0,1,512,18,8210658675
733,3250401,10612142,13862543,2,0,1,21504,18,4270743233
734,3252440,1320682,4573122,7,0,0,7168,13,3295923750
735,3255750,10608739,13864489,1,0,1,3072,8,8775501042
736,3257480,2185728,5443208,6,0,0,6144,6,5845193765
737,3269801,10595968,13865769,2,0,1,14336,18,6798528640
738,3271891,2083391,5355282,4,0,0,51200,5,1021363589
739,3274880,10621368,13896248,1,0,1,20992,8,1718122608
740,3280530,1895440,5175970,6,0,0,2048,6,1785052964
741,3286990,10609604,13896594,1,0,1,512,8,9590417444
742,3304650,10592930,13897580,1,0,1,1536,8,9163247425
743,3305610,1779303,5084913,2,0,0,11776,18,4357393270
744,3309460,2818936,6128396,7,0,0,77312,13,56157995
745,3310580,3110253,6420833,6,0,0,106496,6,4589430469
746,3319651,10701795,14021446,7,0,1,102912,13,6647872753
747,3321170,3133896,6455066,1,0,0,1024,8,6064489977
748,3323481,10699591,14023072,2,0,1,2560,18,9654903026
749,3325641,10761867,14087508,7,0,1,31744,13,2696239199
750,3326711,10760951,14087662,7,0,1,8704,13,7994494466
751,3327000,942261,4269261,2,0,0,5632,18,552285093
752,3332130,3123138,6455268,0,0,0,512,14,7096289001
753,3332261,468359,3800620,4,0,0,19968,5,7157225699
754,3339200,10765764,14104964,1,0,1,4096,8,10079362994
755,3342251,10763379,14105630,7,0,1,1024,13,3630604740
756,3346070,2073848,5419918,6,0,0,13312,6,7267077916
757,3347100,10763036,14110136,8,0,1,7168,13,9787862722
758,3349730,10809493,14159223,9,0,1,8192,10,3326288795
759,3351481,10809048,14160529,2,0,1,2048,18,7215109356
760,3352131,10811624,14163755,2,0,1,5120,18,1446675831
761,3356420,10827031,14183451,1,0,1,5632,8,7526447093
762,3356701,10831576,14188277,7,0,1,7680,13,5945748140
763,3366300,10822323,14188623,8,0,1,512,13,4682517470
764,3369750,10820819,14190569,8,0,1,3072,13,5351083767
765,3376400,10815795,14192195,8,0,1,2560,13,3825925673
766,3377670,10826642,14204312,1,0,1,512,8,4821067740
767,3385870,10874924,14260794,9,0,1,512,10,7960952501
768,3390621,10870196,14260817,2,0,1,2048,18,5107401195
769,3392431,10868409,14260840,7,0,1,2048,13,7912109647
770,3393050,1499388,4892438,1,0,0,1024,8,701674859
771,3394660,2516270,5910930,0,0,0,512,14,6774692270
772,3397561,10863382,14260943,2,0,1,7168,18,9147717220
773,3399270,10862979,14262249,8,0,1,2048,13,9072482911
774,3399690,2265309,5664999,7,0,0,65024,13,2822690506
775,3400301,10872446,14272747,7,0,1,3072,13,247665982
776,3405260,2680292,6085552,6,0,0,7680,6,6592615252
777,3405750,10893719,14299469,3,0,1,4096,5,125310537
778,3415510,2892443,6307953,7,0,0,32768,13,6963285390
779,3419881,10879611,14299492,7,0,1,512,13,1631864934
780,3422411,10877104,14299515,2,0,1,1024,18,2612074035
781,3428070,2138366,5566436,7,0,0,27136,13,2528006816
782,3430931,1929077,5360008,4,0,0,12800,5,322315942
783,3433050,2115034,5548084,1,0,0,512,8,456767500
784,3434070,1534447,4968517,1,0,0,512,8,9059021928
785,3434151,10865395,14299546,2,0,1,3584,18,7922038537
786,3436731,10862838,14299569,7,0,1,10240,13,9699268044
787,3438831,3713148,7151979,4,0,0,51200,5,1038865068
788,3439580,10870354,14309934,1,0,1,9728,8,826261443
789,3444380,10865577,14309957,1,0,1,2560,8,8594796409
790,3445950,3260117,6706067,7,0,0,92672,13,1234788896
791,3449670,2108467,5558137,7,0,0,13312,13,1493254000
792,3450151,2254462,5704613,4,0,0,4096,5,10235903456
793,3457450,1487411,4944861,1,0,0,1024,8,10442910583
794,3457780,10852379,14310159,9,0,1,6144,10,5301609795
795,3462610,2851560,6314170,6,0,0,6656,6,10537374682
796,3464540,10845650,14310190,8,0,1,2560,13,8000328311
797,3467311,10842910,14310221,2,0,1,2048,18,9012489327
798,3467740,10842504,14310244,8,0,1,9728,13,91072987
799,3469040,1234847,4703887,0,0,0,3072,14,6589676526
800,3470280,10847265,14317545,8,0,1,4096,13,4464659306
801,3472090,10845801,14317891,9,0,1,512,10,3264692965
802,3473380,10846137,14319517,3,0,1,2560,5,4785465
803,3473390,10849673,14323063,3,0,1,5632,5,6576492542
804,3486690,10867228,14353918,3,0,1,512,5,57232119
805,3491940,10862964,14354904,1,0,1,1536,8,2975828087
806,3497811,1583491,5081302,4,0,0,23552,5,4809621503
807,3497940,10937842,14435782,1,0,1,29696,8,5111502824
808,3499311,3426440,6925751,4,0,0,31744,5,4935082472
809,3504491,10932277,14436768,2,0,1,1536,18,6939151338
810,3505351,10932723,14438074,7,0,1,2048,13,8596337011
811,3509140,2117926,5627066,2,0,0,5120,18,8356744188
812,3509621,10931039,14440660,7,0,1,4096,13,1638675627
813,3513140,11140341,14653481,1,0,1,20480,8,7296078072
814,3518111,2471660,5989771,4,0,0,17920,5,6267086659
815,3519630,11133874,14653504,3,0,1,512,5,5086879772
816,3521770,1181158,4702928,7,0,0,7680,13,2147666380
817,3527991,11174927,14702918,7,0,1,11776,13,3543272101
818,3529720,11431967,14961687,1,0,1,65536,8,3410446944
819,3534131,3381122,6915253,4,0,0,78848,5,9250550427
820,3537420,11424290,14961710,8,0,1,3584,13,631685010
821,3545790,11641995,15187785,1,0,1,73728,8,7885491770
822,3548780,11639028,15187808,3,0,1,1024,5,5215056335
823,3556220,11631611,15187831,1,0,1,3072,8,5615252118
824,3561180,11626674,15187854,8,0,1,2560,13,5178958478
825,3562810,11625075,15187885,3,0,1,1024,5,9446549374
826,3568110,2679268,6247378,2,0,0,86016,18,7381947966
827,3569931,11617977,15187908,2,0,1,5632,18,406790642
828,3570081,11639904,15209985,7,0,1,9216,13,4784106289
829,3573060,2881671,6454731,2,0,0,73216,18,5524399448
830,3580261,3097547,6677808,4,0,0,73216,5,10229855805
831,3587520,2003255,5590775,0,0,0,512,14,9161855403
832,3588840,2114167,5703007,0,0,0,3072,14,8330254878
833,3590380,1748913,5339293,2,0,0,4608,18,2629075288
834,3592121,11620130,15212251,2,0,1,3584,18,6198995103
835,3600720,499408,4100128,1,0,0,2560,8,6677523687
836,3602600,3692892,7295492,6,0,0,33792,6,9736897234
837,3605050,2024014,5629064,7,0,0,4608,13,3601877842
838,3607771,11605146,15212917,7,0,1,11264,13,5855968355
839,3610560,1093662,4704222,1,0,0,1024,8,7014890734
840,3617860,11619746,15237606,8,0,1,4096,13,7156301386
841,3622950,1763070,5386020,6,0,0,17920,6,861391218
842,3625290,11663750,15289040,1,0,1,38400,8,2112900029
843,3626101,11665525,15291626,7,0,1,4096,13,6129532181
844,3640541,11651431,15291972,7,0,1,512,13,6984197532
845,3643320,2347254,5990574,0,0,0,2560,14,9566829732
846,3647710,1564396,5212106,0,0,0,1536,14,2379087270
847,3648021,11644617,15292638,2,0,1,1024,18,8817798015
848,3652790,2565657,6218447,7,0,0,5632,13,6434179740
849,3661621,2233796,5895417,4,0,0,81408,5,5427263428
850,3673241,11621983,15295224,7,0,1,4096,13,10267510924
851,3678161,11617217,15295378,2,0,1,8704,18,6212290816
852,3678430,11635336,15313766,8,0,1,5632,13,1170493563
853,3678681,11635108,15313789,2,0,1,13312,18,6671902946
854,3681590,1674495,5356085,6,0,0,2560,6,8754978158
855,3690320,447963,4138283,2,0,0,512,18,8562385636
856,3694071,1184703,4878774,4,0,0,13312,5,10179148508
857,3701281,3262165,6963446,4,0,0,37888,5,7244959179
858,3704760,3657252,7362012,0,0,0,4096,14,10282128373
859,3714470,2001429,5715899,2,0,0,28672,18,10033639487
860,3725520,11656554,15382074,8,0,1,19968,13,10689776223
861,3730270,2768109,6498379,0,0,0,512,14,3138567515
862,3732100,2980885,6712985,2,0,0,9216,18,10728361111
863,3733400,1606080,5339480,0,0,0,512,14,8217793594
864,3735910,11784965,15520875,8,0,1,22016,13,8873710836
865,3752620,2179837,5932457,2,0,0,36864,18,2369604362
866,3763090,1449351,5212441,6,0,0,1024,6,2407794421
867,3765690,11755208,15520898,8,0,1,1024,13,1608473486
868,3768230,11752691,15520921,8,0,1,2048,13,4393558925
869,3769840,11751104,15520944,8,0,1,7680,13,9866351991
870,3770120,2485393,6255513,7,0,0,26624,13,9209672790
871,3775640,569935,4345575,0,0,0,512,14,5277732875
872,3784181,2550899,6335080,4,0,0,60416,5,9939087812
873,3785011,1745235,5530246,4,0,0,10240,5,737007074
874,3790870,2794789,6585659,7,0,0,1536,13,5053699265
875,3791540,2254045,6045585,7,0,0,35328,13,7027837069
876,3798631,2256181,6054812,4,0,0,30208,5,3043820164
877,3799551,11721416,15520967,7,0,1,8704,13,10311541351
878,3801300,11719690,15520990,3,0,1,1024,5,10307165023
879,3801670,1968536,5770206,6,0,0,13824,6,8986678066
880,3809771,11711242,15521013,7,0,1,6656,13,7826736906
881,3813291,11740779,15554070,0,0,1,13312,14,7151765290
882,3820090,11842718,15662808,1,0,1,120320,8,8401293414
883,3828770,3331555,7160325,0,0,0,2560,14,9043814062
884,3830510,2388116,6218626,0,0,0,512,14,7765422724
885,3834920,11839809,15674729,3,0,1,3072,5,396973171
886,3842881,11832206,15675087,7,0,1,512,13,1664872692
887,3844370,11830740,15675110,3,0,1,11264,5,2639006152
888,3847260,11870064,15717324,3,0,1,5120,5,1072611618
889,3849201,11868146,15717347,7,0,1,512,13,8922652037
890,3852801,11889130,15741931,7,0,1,30208,13,9269742416
891,3856090,1524431,5380521,2,0,0,14336,18,9067438578
892,3857600,11884354,15741954,3,0,1,512,5,3810744259
893,3861051,1960883,5821934,4,0,0,24064,5,3241967917
894,3865670,11879638,15745308,1,0,1,16384,8,6028758022
895,3866690,233609,4100299,0,0,0,512,14,1011637733
896,3876360,1677698,5554058,0,0,0,512,14,2021706101
897,3877661,11871833,15749494,7,0,1,6656,13,1991766566
898,3880981,11870139,15751120,2,0,1,2560,18,8149288512
899,3884191,2978774,6862965,4,0,0,279552,5,9642907701
900,3887401,11911291,15798692,7,0,1,9216,13,5301307377
901,3887550,2858472,6746022,2,0,0,69120,18,436023357
902,3903321,2869023,6772344,4,0,0,25088,5,6070902649
903,3909340,3574256,7483596,7,0,0,7680,13,4634039553
904,3923161,11875554,15798715,7,0,1,512,13,6972017651
905,3924670,2785484,6710154,2,0,0,13312,18,5335028926
906,3929870,11891745,15821615,1,0,1,24064,8,2998807423
907,3939920,2688736,6628656,2,0,0,73216,18,9157547054
908,3940741,2562381,6503122,4,0,0,15360,5,6082412448
909,3954150,3476412,7430562,7,0,0,6144,13,4560452884
910,3957180,2498313,6455493,0,0,0,512,14,3078264535
911,3958940,11863661,15822601,3,0,1,1536,5,9133315385
912,3960751,1939525,5900276,4,0,0,15872,5,9611986965
913,3977530,1576349,5553879,6,0,0,18944,6,7064659166
914,3988381,11835526,15823907,7,0,1,2048,13,9599714174
915,3988650,1371537,5360187,0,0,0,512,14,2942243313
916,3990021,2142633,6132654,3,0,0,12288,5,5243566372
917,3992960,2477325,6470285,1,0,0,1024,8,2995228042
918,3994331,2533825,6528156,3,0,0,45568,5,2776978718
919,4001430,2628052,6629482,1,0,0,2560,8,5700411300
920,4002390,3204705,7207095,6,0,0,6656,6,5007622322
921,4005371,11844256,15849627,7,0,1,2048,13,5729848210
922,4006580,703460,4710040,0,0,0,512,14,5607204859
923,4011240,3125116,7136356,7,0,0,45056,13,10213312145
924,4015320,1324339,5339659,0,0,0,512,14,1525865772
925,4019881,3322438,7342319,4,0,0,3584,5,7332972959
926,4022570,3904685,7927255,2,0,0,80384,18,1158402570
927,4026090,11823560,15849650,3,0,1,2560,5,2277604812
928,4028380,3131134,7159514,6,0,0,24576,6,5776070087
929,4031040,2281079,6312119,0,0,0,512,14,1364499861
930,4031650,2474147,6505797,2,0,0,8704,18,8168007544
931,4031990,2557965,6589955,0,0,0,512,14,8631584471
932,4040150,2975937,7016087,7,0,0,75264,13,5439954387
933,4042731,1170201,5212932,3,0,0,1536,5,398889718
934,4061061,3550294,7611355,4,0,0,46592,5,5863465136
935,4077480,11772193,15849673,3,0,1,1536,5,8568020823
936,4077540,11772156,15849696,3,0,1,2048,5,2778579085
937,4078770,3205641,7284411,2,0,0,92672,18,10053341471
938,4080830,2845256,6926086,0,0,0,1024,14,3091067457
939,4083800,11765919,15849719,3,0,1,1024,5,8586154293
940,4088790,11760952,15849742,3,0,1,3584,5,893447416
941,4091961,2844912,6936873,4,0,0,35328,5,9640260648
942,4097039,593340,4690379,9,0,0,6144,10,2055548866
943,4097950,1817683,5915633,6,0,0,15360,6,9626705138
944,4100310,2946087,7046397,2,0,0,78336,18,6779085850
945,4100430,11749335,15849765,3,0,1,4096,5,5807223618
946,4100680,3010591,7111271,6,0,0,7680,6,3631824207
947,4101690,3337407,7439097,1,0,0,1024,8,5893989873
948,4111270,2804786,6916056,0,0,0,2560,14,5397438907
949,4114140,3627085,7741225,2,0,0,18432,18,9539132187
950,4118691,2630162,6748853,3,0,0,9216,5,9193299388
951,4124881,2369364,6494245,3,0,0,68608,5,10577073215
952,4134960,11715163,15850123,3,0,1,3584,5,3765240444
953,4138020,3924684,8062704,6,0,0,53760,6,806832802
954,4139770,11710555,15850325,3,0,1,6144,5,1939145850
955,4140740,11709608,15850348,3,0,1,4608,5,2319126224
956,4146240,1191626,5337866,1,0,0,1024,8,3938642687
957,4150501,11723852,15874353,7,0,1,2560,13,7233382586
958,4152060,4187795,8339855,7,0,0,14336,13,9839054488
959,4153990,2795939,6949929,2,0,0,38400,18,4168969865
960,4158050,11717583,15875633,8,0,1,14336,13,2254130971
961,4159001,2731599,6890600,4,0,0,90624,5,5978393198
962,4164540,3993295,8157835,2,0,0,138240,18,1194560216
963,4176700,11700926,15877626,3,0,1,512,5,4837593222
964,4177210,11705908,15883118,8,0,1,17920,13,3028321455
965,4177851,11718323,15896174,7,0,1,10240,13,9341908722
966,4200480,519902,4720382,2,0,0,10752,18,9881054301
967,4201751,11695409,15897160,7,0,1,1536,13,10203888935
968,4223191,2113784,6336975,4,0,0,6144,5,9020396137
969,4232900,4270894,8503794,1,0,0,512,8,9282001578
970,4236040,11732802,15968842,8,0,1,1536,13,8688003847
971,4236811,11732062,15968873,7,0,1,7168,13,3040633955
972,4239280,2538486,6777766,7,0,0,10240,13,3475341102
973,4246230,2861540,7107770,6,0,0,13824,6,9182046066
974,4247890,1089641,5337531,0,0,0,512,14,5794368260
975,4255610,2833762,7089372,1,0,0,6144,8,4908342887
976,4259070,1207428,5466498,1,0,0,4096,8,2248646252
977,4259221,3613319,7872540,4,0,0,41472,5,8072764187
978,4263920,3470497,7734417,1,0,0,164864,8,10584787006
979,4271771,2226397,6498168,4,0,0,12800,5,4011584850
980,4272980,1648190,5921170,6,0,0,12288,6,8584250564
981,4275750,3518022,7793772,6,0,0,97792,6,6480792144
982,4284911,11686749,15971660,7,0,1,1024,13,7800410218
983,4285541,2707591,6993132,4,0,0,70144,5,8186401216
984,4285591,2909075,7194666,4,0,0,34816,5,4868840238
985,4286760,3242193,7528953,1,0,0,41984,8,9142382634
986,4300480,2212331,6512811,7,0,0,7680,13,3225837014
987,4301371,3283778,7585149,3,0,0,2048,5,2325586917
988,4304800,2782677,7087477,1,0,0,50176,8,3222005180
989,4310130,2290082,6600212,6,0,0,1536,6,2973764918
990,4310451,1396681,5707132,3,0,0,8192,5,1228977402
991,4312390,2972691,7285081,0,0,0,1536,14,2394634583
992,4318390,2987389,7305779,2,0,0,3072,18,1085899914
993,4323090,11687975,16011065,8,0,1,23552,13,8345660945
994,4323101,4071981,8395082,3,0,0,54272,5,9030105830
995,4325440,3072078,7397518,1,0,0,512,8,10155708763
996,4328060,2145258,6473318,2,0,0,9728,18,5634861350
997,4328480,1289108,5617588,1,0,0,1024,8,10680962795
998,4345891,11665520,16011411,7,0,1,512,13,2732487806
999,4361270,1381812,5743082,1,0,0,512,8,10709308173
1000,4363970,11649067,16013037,8,0,1,2560,13,1234326005
1001,4368450,11646853,16015303,6,0,1,3584,6,3167438013
1002,4379871,694232,5074103,4,0,0,7680,5,8036020968
1003,4393020,1862672,6255692,1,0,0,512,8,2011500358
1004,4401280,11617249,16018529,8,0,1,5120,13,10032481658
1005,4412610,11607545,16020155,6,0,1,2560,6,6248444171
1006,4414720,1250458,5665178,6,0,0,512,6,892259604
1007,4418401,3079401,7497802,3,0,0,35840,5,2960103827
1008,4424701,11624544,16049245,7,0,1,1536,13,5490668675
1009,4425080,2103263,6528343,0,0,0,512,14,3394563361
1010,4425391,11625339,16050730,7,0,1,15360,13,8285972180
1011,4428120,3903219,8331339,2,0,0,6656,18,4780825857
1012,4428350,2661380,7089730,1,0,0,512,8,7479071601
1013,4428380,2462826,6891206,1,0,0,512,8,6195784237
1014,4429861,3767425,8197286,4,0,0,6656,5,5709169930
1015,4431750,2921837,7353587,2,0,0,15360,18,4547544764
1016,4435640,2277680,6713320,6,0,0,1024,6,7248939454
1017,4439140,1551613,5990753,0,0,0,512,14,6940811604
1018,4439770,11635009,16074779,5,0,1,512,0,7100057273
1019,4440070,2274388,6714458,1,0,0,2048,8,1678521734
1020,4444450,4111664,8556114,7,0,0,56832,13,6949291414
1021,4450270,11667724,16117994,8,0,1,19456,13,2775345631
1022,4453660,1276992,5730652,1,0,0,512,8,6450737272
1023,4454620,2841542,7296162,6,0,0,512,6,3446027842
1024,4455241,2667308,7122549,3,0,0,35328,5,1230908215
1025,4456050,11662405,16118455,5,0,1,10240,0,6723147964
1026,4468241,1910999,6379240,3,0,0,44032,5,9828948458
1027,4469240,2000165,6469405,0,0,0,1536,14,9966935280
1028,4477621,11715058,16192679,0,0,1,9728,14,6681359371
1029,4481040,2232771,6713811,0,0,0,1536,14,7178685119
1030,4482141,2912060,7394201,4,0,0,35328,5,6811742755
1031,4482191,2822597,7304788,4,0,0,512,5,3621283783
1032,4484280,11708422,16192702,6,0,1,2560,6,2773864068
1033,4491290,4067663,8558953,2,0,0,9216,18,5876502705
1034,4492430,1939970,6432400,2,0,0,37888,18,4143063744
1035,4498040,11716594,16214634,5,0,1,1536,0,8605198549
1036,4500350,11714307,16214657,8,0,1,4608,13,9830306144
1037,4501221,2521285,7022506,4,0,0,20992,5,4471721976
1038,4502410,11712270,16214680,8,0,1,512,13,215904306
1039,4502680,1260001,5762681,0,0,0,512,14,9234280272
1040,4502960,2935802,7438762,7,0,0,23552,13,4728786312
1041,4504230,1412050,5916280,0,0,0,2048,14,5204589535
1042,4504360,2386419,6890779,1,0,0,512,8,8159722970
1043,4510420,1422216,5932636,0,0,0,512,14,4424045331
1044,4514210,3119108,7633318,2,0,0,15872,18,3139705990
1045,4522631,4139787,8662418,4,0,0,17920,5,2217124760
1046,4522751,11691952,16214703,0,0,1,512,14,392927723
1047,4531110,2577798,7108908,2,0,0,3072,18,4326226637
1048,4534821,3579421,8114242,4,0,0,83968,5,6754860633
1049,4537350,2783081,7320431,1,0,0,1024,8,9071846178
1050,4538390,3945738,8484128,0,0,0,512,14,9859907646
1051,4556431,1214913,5771344,3,0,0,1024,5,5588165649
1052,4564480,11650246,16214726,5,0,1,2560,0,5141670613
1053,4570261,11644488,16214749,0,0,1,6656,14,5202860219
1054,4570320,1898571,6468891,7,0,0,43520,13,1120320072
1055,4582980,3693692,8276672,2,0,0,115200,18,7346709285
1056,4587300,11627472,16214772,8,0,1,2048,13,1098204679
1057,4590720,2512636,7103356,6,0,0,2560,6,2898804695
1058,4591871,11648641,16240512,0,0,1,12800,14,8213178884
1059,4598600,2965755,7564355,2,0,0,53248,18,9096154920
1060,4599681,11642457,16242138,0,0,1,2560,14,908534834
1061,4604610,2741693,7346303,1,0,0,1536,8,8455370664
1062,4607741,11639543,16247284,2,0,1,8192,18,6611072984
1063,4607910,877674,5485584,0,0,0,512,14,6372529564
1064,4608690,1261900,5870590,6,0,0,512,6,5173532541
1065,4617350,3373008,7990358,6,0,0,2048,6,5897133537
1066,4623461,1079881,5703342,3,0,0,1024,5,2734435401
1067,4631040,11624116,16255156,5,0,1,9216,0,3997117262
1068,4634030,1449026,6083056,0,0,0,1536,14,113552894
1069,4640320,1464497,6104817,6,0,0,2560,6,9317778797
1070,4650850,3395451,8046301,2,0,0,67584,18,4330523346
1071,4651691,11604443,16256134,0,0,1,3584,14,6765067731
1072,4652010,2417498,7069508,2,0,0,75776,18,10345056872
1073,4656851,3095473,7752324,4,0,0,36352,5,1006929204
1074,4658251,3176927,7835178,4,0,0,58880,5,4412507803
1075,4660130,11602707,16262837,5,0,1,2048,0,8528358597
1076,4661120,2966482,7627602,2,0,0,53248,18,6796501994
1077,4664211,11598649,16262860,0,0,1,512,14,7094346378
1078,4666361,11705712,16372073,7,0,1,29184,13,9194796916
1079,4667120,2505412,7172532,7,0,0,39936,13,7945828557
1080,4671001,11715695,16386696,7,0,1,19968,13,6945636423
1081,4673000,11724036,16397036,5,0,1,512,0,237013307
1082,4675370,2078236,6753606,0,0,0,512,14,6189275378
1083,4676391,11724511,16400902,0,0,1,6144,14,9519761026
1084,4677271,11724297,16401568,0,0,1,1024,14,3934330554
1085,4678510,11724364,16402874,5,0,1,2048,0,1830734401
1086,4678931,11725569,16404500,0,0,1,2560,14,5350377775
1087,4682381,1311985,5994366,3,0,0,512,5,4718286492
1088,4687951,1229452,5917403,4,0,0,3584,5,7888699617
1089,4690370,1845925,6536295,6,0,0,1024,6,4968185966
1090,4691781,4197946,8889727,4,0,0,27648,5,3396099042
1091,4693861,3963074,8656935,4,0,0,100864,5,6493345291
1092,4698910,2409039,7107949,1,0,0,512,8,6931141270
1093,4701670,2594313,7295983,0,0,0,1536,14,5471227456
1094,4704001,2924458,7628459,3,0,0,1536,5,6239234010
1095,4704951,11703095,16408046,0,0,1,5632,14,3642227823
1096,4711830,11699442,16411272,5,0,1,5120,0,4035040920
1097,4715061,3304067,8019128,3,0,0,512,5,10245438501
1098,4721040,4130748,8851788,2,0,0,30208,18,10703291292
1099,4731570,3475263,8206833,2,0,0,31232,18,7350329217
1100,4741021,3997907,8738928,3,0,0,512,5,1271661331
1101,4754130,11657706,16411836,9,0,1,10752,10,4400757070
1102,4762410,2410636,7173046,6,0,0,1536,6,4218805461
1103,4765761,1528099,6293860,3,0,0,512,5,785725936
1104,4770381,3345132,8115513,4,0,0,4096,5,8593959906
1105,4788610,2313943,7102553,7,0,0,41984,13,553129507
1106,4791260,11625517,16416777,5,0,1,2048,0,3323186523
1107,4792031,2512578,7304609,4,0,0,27648,5,2338512571
1108,4792390,2402923,7195313,1,0,0,2048,8,7598713000
1109,4799000,2271491,7070491,1,0,0,3072,8,617937205
1110,4809000,11608297,16417297,5,0,1,512,0,2070583208
1111,4809040,4201335,9010375,7,0,0,28160,13,253244188
1112,4811830,4287953,9099783,0,0,0,512,14,9029509903
1113,4814561,2694252,7508813,3,0,0,512,5,6373677948
1114,4826121,11596289,16422410,0,0,1,16896,14,10078903221
1115,4826291,11596785,16423076,0,0,1,1024,14,10686388060
1116,4827660,3413889,8241549,2,0,0,68096,18,10097186022
1117,4831190,2424962,7256152,7,0,0,69632,13,8740514314
1118,4833961,11589461,16423422,0,0,1,512,14,2389076348
1119,4841451,2786509,7627960,3,0,0,512,5,6786182872
1120,4842950,11581778,16424728,5,0,1,2048,0,5722914447
1121,4843790,2374248,7218038,2,0,0,35840,18,7272874572
1122,4848770,2101666,6950436,6,0,0,1536,6,8487125138
1123,4850460,2345032,7195492,6,0,0,512,6,7190625337
1124,4863291,11565965,16429256,0,0,1,10752,14,2395032175
1125,4872701,11579882,16452583,0,0,1,15360,14,10550947327
1126,4876361,3585703,8462064,4,0,0,30208,5,8174143439
1127,4893010,877999,5771009,0,0,0,2560,14,7733910077
1128,4896670,3511749,8408419,0,0,0,3072,14,7875301991
1129,4911711,11543138,16454849,0,0,1,3584,14,3877780463
1130,4916140,2035739,6951879,6,0,0,4608,6,6785652872
1131,4919510,3819216,8738726,7,0,0,43520,13,10021248313
1132,4919710,11571505,16491215,5,0,1,2560,0,893178711
1133,4921451,11600183,16521634,0,0,1,2560,14,7594601353
1134,4921971,3747365,8669336,4,0,0,4608,5,580197219
1135,4926121,11605278,16531399,0,0,1,3584,14,5317056331
1136,4929291,2042446,6971737,4,0,0,27136,5,5278917697
1137,4933680,11603416,16537096,5,0,1,18944,0,2171228621
1138,4935950,1192937,6128887,6,0,0,1536,6,6842685090
1139,4940680,2794236,7734916,0,0,0,1536,14,9317738616
1140,4948901,11703409,16652310,0,0,1,19456,14,3936192470
1141,4951550,2138001,7089551,6,0,0,512,6,5364435621
1142,4953601,11700335,16653936,0,0,1,2560,14,2107668858
1143,4955700,1604927,6560627,1,0,0,1024,8,1301142542
1144,4956300,3766911,8723211,2,0,0,3072,18,9716489195
1145,4956800,2113870,7070670,0,0,0,512,14,8848907653
1146,4957830,2915848,7873678,1,0,0,2048,8,1966864325
1147,4962551,11737624,16700175,2,0,1,2048,18,487961999
1148,4966841,11842783,16809624,0,0,1,2048,14,6076346171
1149,4975281,11835581,16810862,0,0,1,1024,14,7127717369
1150,4981901,11836402,16818303,2,0,1,1536,18,8126317900
1151,4985961,11832381,16818342,2,0,1,8192,18,276852537
1152,4987200,1175696,6162896,6,0,0,1536,6,4490517511
1153,4994080,11824540,16818620,6,0,1,2560,6,9954627010
1154,5001600,3562506,8564106,1,0,0,1024,8,7015123688
1155,5002131,3004161,8006292,4,0,0,8704,5,3762421669
1156,5013590,11806336,16819926,5,0,1,2048,0,450625598
1157,5016071,11858816,16874887,2,0,1,17408,18,2261019736
1158,5019581,11869806,16889387,0,0,1,5120,14,10326266287
1159,5023600,11904218,16927818,1,0,1,19968,8,5045591270
1160,5027481,1910234,6937715,3,0,0,512,5,2732776188
1161,5028500,3285766,8314266,0,0,0,512,14,5880360332
1162,5036550,2075212,7111762,6,0,0,1536,6,1942427026
1163,5042400,1706632,6749032,1,0,0,512,8,461855805
1164,5050870,11944000,16994870,6,0,1,2048,6,8567377929
1165,5053021,11941872,16994893,4,0,1,3584,5,2985481778
1166,5054950,2048585,7103535,1,0,0,512,8,5528954922
1167,5056171,2441810,7497981,3,0,0,512,5,4285716671
1168,5061151,11933944,16995095,4,0,1,27648,5,7729120436
1169,5063301,11934807,16998108,4,0,1,5632,5,7320358359
1170,5063460,11954801,17018261,5,0,1,6144,0,10620431808
1171,5064380,11953904,17018284,6,0,1,4608,6,526139038
1172,5066510,11951797,17018307,5,0,1,11776,0,9375263572
1173,5074091,11970744,17044835,0,0,1,1536,14,3503234894
1174,5074150,1564130,6638280,6,0,0,512,6,7600717576
1175,5076920,3301268,8378188,7,0,0,38912,13,7840759691
1176,5082090,3704849,8786939,7,0,0,18944,13,8661658511
1177,5087180,4089021,9176201,7,0,0,113664,13,6082816564
1178,5096361,2246137,7342498,3,0,0,512,5,4886669092
1179,5097180,11950241,17047421,6,0,1,4096,6,5560616608
1180,5103661,11955490,17059151,4,0,1,1024,5,4697127044
1181,5103691,2660254,7763945,3,0,0,1024,5,10390919244
1182,5106980,3235714,8342694,2,0,0,9216,18,1758447500
1183,5117620,4070483,9188103,7,0,0,31232,13,10619727162
1184,5119050,1953116,7072166,1,0,0,1536,8,10338427642
1185,5119311,11943706,17063017,4,0,1,6144,5,6238160231
1186,5120110,12073398,17193508,1,0,1,94720,8,1178389256
1187,5122760,2851579,7974339,0,0,0,512,14,718359752
1188,5123750,12122030,17245780,6,0,1,8192,6,3494601885
1189,5127080,1943769,7070849,1,0,0,512,8,900687516
1190,5130700,12119049,17249749,6,0,1,6144,6,9329397310
1191,5134921,12114851,17249772,0,0,1,13824,14,6857170206
1192,5136300,4116167,9252467,7,0,0,86528,13,1039877916
1193,5136321,12121395,17257716,4,0,1,21504,5,6205061503
1194,5136961,4187972,9324933,4,0,0,64000,5,1253976858
1195,5137351,12120723,17258074,4,0,1,4096,5,6135663633
1196,5141981,2485800,7627781,3,0,0,512,5,5336468684
1197,5144540,2607963,7752503,0,0,0,512,14,4793969308
1198,5148711,12154422,17303133,0,0,1,23552,14,3849064187
1199,5157420,3984126,9141546,2,0,0,120832,18,9963777534
1200,5159180,1912495,7071675,0,0,0,1536,14,5710001277
1201,5160660,2035658,7196318,0,0,0,512,14,2225901649
1202,5162780,3664489,8827269,7,0,0,10752,13,5872545258
1203,5164330,4162210,9326540,7,0,0,5120,13,9108094718
1204,5164681,12205144,17369825,0,0,1,2560,14,10615610234
1205,5166711,12203137,17369848,4,0,1,512,5,4217589678
1206,5171691,4239531,9411222,4,0,0,102912,5,4602147956
1207,5178511,12191360,17369871,4,0,1,3584,5,149380409
1208,5180431,3739606,8920037,4,0,0,99328,5,6834383409
1209,5181580,2103010,7284590,0,0,0,512,14,2523146134
1210,5183950,12185944,17369894,6,0,1,2560,6,9416570207
1211,5184580,1752956,6937536,0,0,0,2048,14,586625548
1212,5186120,12183797,17369917,6,0,1,8704,6,9600713083
1213,5192190,4158428,9350618,2,0,0,26624,18,3200208099
1214,5196210,1568467,6764677,0,0,0,512,14,2431495195
1215,5197281,12212286,17409567,0,0,1,1536,14,4417197662
1216,5199340,3874765,9074105,7,0,0,9216,13,4419184995
1217,5201860,3133269,8335129,7,0,0,11776,13,144115631
1218,5206631,3332136,8538767,4,0,0,77824,5,3812397246
1219,5215331,3113957,8329288,3,0,0,512,5,8249589637
1220,5216060,12203304,17419364,1,0,1,1536,8,3136604398
1221,5225910,12233087,17458997,1,0,1,52736,8,4473717713
1222,5236641,3263740,8500381,3,0,0,512,5,1115302707
1223,5237351,1514719,6752070,3,0,0,512,5,6688693216
1224,5240371,12230745,17471116,4,0,1,1536,5,5821708091
1225,5240711,12230428,17471139,4,0,1,8192,5,4915711051
1226,5246590,12231147,17477737,6,0,1,3072,6,8203108137
1227,5248191,4094292,9342483,4,0,0,52224,5,998890545
1228,5248840,12228920,17477760,6,0,1,1536,6,6805845032
1229,5251430,1686776,6938206,0,0,0,1536,14,3287762538
1230,5252151,12225632,17477783,4,0,1,1024,5,3451771694
1231,5254210,3095863,8350073,1,0,0,24064,8,6948173764
1232,5255490,4219085,9474575,2,0,0,5120,18,10044319751
1233,5257160,12227319,17484479,6,0,1,6144,6,8483916346
1234,5260411,3520733,8781144,4,0,0,47104,5,6822988708
1235,5261421,2933612,8195033,4,0,0,120320,5,5823903487
1236,5263360,12440927,17704287,1,0,1,54784,8,613494942
1237,5268740,2068223,7336963,2,0,0,2048,18,10547259082
1238,5269740,12467996,17737736,1,0,1,20480,8,7743465013
1239,5271291,1619667,6890958,3,0,0,512,5,6386359282
1240,5295091,3915655,9210746,4,0,0,74240,5,8443184223
1241,5326010,12444331,17770341,6,0,1,1536,6,8296436251
1242,5332140,1886085,7218225,0,0,0,512,14,1397797264
1243,5344840,3614299,8959139,6,0,0,1024,6,5922155900
1244,5353310,2923557,8276867,0,0,0,512,14,4243804303
1245,5354240,12416124,17770364,1,0,1,5120,8,6588807394
1246,5356021,2228481,7584502,4,0,0,66048,5,10486688375
1247,5367330,1703854,7071184,0,0,0,1024,14,10333266708
1248,5371211,3692667,9063878,4,0,0,2048,5,3676524997
1249,5384060,12386327,17770387,6,0,1,5120,6,3483372754
1250,5388210,3197070,8585280,2,0,0,9728,18,10532838809
1251,5413121,3846077,9259198,4,0,0,22016,5,1413523308
1252,5429170,2069325,7498495,6,0,0,1024,6,8542044607
1253,5432910,2682782,8115692,0,0,0,512,14,10350611830
1254,5438650,12331760,17770410,1,0,1,7680,8,3383307290
1255,5440600,3987243,9427843,6,0,0,2560,6,2376251292
1256,5440740,2999570,8440310,6,0,0,1024,6,5651453310
1257,5441750,12644501,18086251,1,0,1,106496,8,6268349475
1258,5443521,2885588,8329109,4,0,0,48640,5,8399849703
1259,5444591,12641683,18086274,2,0,1,15872,18,8348428613
1260,5446501,12649982,18096483,0,0,1,8704,14,4746198859
1261,5447571,12648935,18096506,7,0,1,5632,13,985651040
1262,5449691,12698715,18148406,7,0,1,7168,13,1246341666
1263,5460290,1716064,7176354,1,0,0,3072,8,7352854529
1264,5460900,3099168,8560068,7,0,0,3584,13,1308534418
1265,5462820,1733319,7196139,7,0,0,2048,13,10110193477
1266,5464780,3226198,8690978,1,0,0,2560,8,5019698482
1267,5467811,12698457,18166268,7,0,1,512,13,4795310267
1268,5487560,2010600,7498160,6,0,0,512,6,10123337359
1269,5492020,12674271,18166291,9,0,1,1024,10,6326730380
1270,5494220,3881451,9375671,2,0,0,59904,18,8565620880
1271,5500540,3779864,9280404,2,0,0,14848,18,4842940750
1272,5501251,12665063,18166314,4,0,1,9216,5,6906644023
1273,5501511,3877303,9378814,4,0,0,10240,5,4964908410
1274,5507890,2255712,7763602,7,0,0,36352,13,8211285522
1275,5509361,12656976,18166337,7,0,1,6144,13,2198891665
1276,5509891,12656477,18166368,4,0,1,2560,5,1962165108
1277,5518311,12648080,18166391,4,0,1,5632,5,9178839945
1278,5519130,12738290,18257420,1,0,1,29696,8,10372334137
1279,5519890,2326414,7846304,1,0,0,14336,8,276812280
1280,5520891,4034612,9555503,3,0,0,3072,5,3707898876
1281,5522460,12774176,18296636,6,0,1,512,6,3426741146
1282,5523370,12776812,18300182,6,0,1,5632,6,8638193072
1283,5527991,12782864,18310855,4,0,1,2560,5,2882905710
1284,5528260,12784541,18312801,6,0,1,3072,6,6814376864
1285,5529720,3897320,9427040,1,0,0,35840,8,8356635579
1286,5530981,1952794,7483775,3,0,0,512,5,4592210440
1287,5536520,12824513,18361033,9,0,1,1536,10,3482996256
1288,5540800,13097492,18638292,1,0,1,137728,8,6412354744
1289,5541770,13096545,18638315,9,0,1,7168,10,1575496866
1290,5549600,13088738,18638338,9,0,1,1024,10,3457043891
1291,5574890,2109272,7684162,2,0,0,30208,18,10266581599
1292,5578130,2055383,7633513,6,0,0,512,6,2856471547
1293,5595330,2140256,7735586,0,0,0,1536,14,718876130
1294,5597721,13040640,18638361,4,0,1,3584,5,1998529194
1295,5604390,13033994,18638384,6,0,1,1024,6,5424104277
1296,5612880,2360906,7973786,7,0,0,38400,13,10726688448
1297,5618530,2539820,8158350,6,0,0,1536,6,1956637941
1298,5624280,13014127,18638407,6,0,1,4096,6,1580397800
1299,5626990,3908642,9535632,2,0,0,7168,18,8079223632
1300,5631841,13006589,18638430,0,0,1,10240,14,1942901090
1301,5652141,12986312,18638453,4,0,1,10752,5,7526167185
1302,5652991,2725532,8378523,3,0,0,1024,5,5090208423
1303,5654040,2218991,7873031,0,0,0,1536,14,5108476094
1304,5657750,2137137,7794887,2,0,0,3584,18,189257093
1305,5667280,1695176,7362456,0,0,0,512,14,3671424526
1306,5673820,2772946,8446766,2,0,0,2048,18,8950391440
1307,5674361,12964115,18638476,4,0,1,7168,5,1304127556
1308,5682630,12955869,18638499,6,0,1,512,6,9985857281
1309,5684461,12954069,18638530,0,0,1,8192,14,1168076874
1310,5685010,3751166,9436176,6,0,0,1024,6,4761041496
1311,5685441,12953120,18638561,0,0,1,1024,14,1527895812
1312,5687990,3740032,9428022,0,0,0,512,14,6185594711
1313,5704050,3958472,9662522,2,0,0,44544,18,3943205749
1314,5717840,2285598,8003438,7,0,0,35840,13,7088808210
1315,5719851,12918733,18638584,0,0,1,5120,14,8652471713
1316,5720461,12920360,18640821,4,0,1,5120,5,8373176163
1317,5728790,4064397,9793187,2,0,0,88064,18,10425417944
1318,5732760,4158272,9891032,1,0,0,51200,8,8173642329
1319,5733181,12909266,18642447,0,0,1,2560,14,7319499421
1320,5740760,3077221,8817981,7,0,0,1024,13,6309486111
1321,5740871,2927038,8667909,4,0,0,17920,5,8378385184
1322,5742721,12906132,18648853,4,0,1,6656,5,6064427353
1323,5744340,12944218,18688558,9,0,1,7680,10,6672691478
1324,5746690,12974601,18721291,9,0,1,18944,10,2704191483
1325,5748191,1986904,7735095,3,0,0,512,5,5167481742
1326,5749920,3899007,9648927,7,0,0,31232,13,9580434385
1327,5750550,3178433,8928983,2,0,0,26624,18,1299126425
1328,5751380,12969934,18721314,9,0,1,1536,10,4480826316
1329,5755711,12965626,18721337,4,0,1,4096,5,3697272415
1330,5765910,12955450,18721360,9,0,1,2048,10,708138654
1331,5772040,12949343,18721383,6,0,1,2560,6,9639681701
1332,5772150,12949256,18721406,6,0,1,1024,6,7983875244
1333,5772321,12949108,18721429,0,0,1,1024,14,7218562310
1334,5773190,2733832,8507022,6,0,0,1024,6,5183105440
1335,5774040,3042741,8816781,7,0,0,7168,13,2488966195
1336,5776530,2241374,8017904,0,0,0,1536,14,7964585243
1337,5779531,12941921,18721452,0,0,1,512,14,1712175417
1338,5784620,12936855,18721475,6,0,1,2560,6,5885145067
1339,5786660,4106111,9892771,7,0,0,5632,13,8826205143
1340,5787210,3262746,9049956,2,0,0,53248,18,3504772517
1341,5797760,2083329,7881089,6,0,0,512,6,3233423678
1342,5799920,12922693,18722613,6,0,1,12800,6,8964474509
1343,5800871,4186767,9987638,4,0,0,9216,5,6167780760
1344,5802841,12922829,18725670,0,0,1,8192,14,4212250507
1345,5803360,2124386,7927746,6,0,0,1536,6,5094872624
1346,5806750,2708095,8514845,7,0,0,25600,13,10461160780
1347,5815721,2591739,8407460,4,0,0,40448,5,6699507785
1348,5817011,4387221,10204232,4,0,0,230912,5,8419876369
1349,5818121,12910820,18728941,0,0,1,2560,14,9063601119
1350,5832211,12902836,18735047,7,0,1,20992,13,682059729
1351,5835570,2725301,8560871,0,0,0,2560,14,1948030880
1352,5851841,12891593,18743434,7,0,1,8192,13,6191755041
1353,5855261,12900756,18756017,0,0,1,7168,14,681708165
1354,5856731,2509243,8365974,4,0,0,17408,5,1137120372
1355,5856941,3445794,9302735,4,0,0,73216,5,1354774671
1356,5858351,12897689,18756040,7,0,1,3072,13,9346118722
1357,5859330,12896741,18756071,9,0,1,5120,10,5120330962
1358,5860141,12895953,18756094,7,0,1,512,13,9408011948
1359,5862230,12893895,18756125,9,0,1,4096,10,4040225341
1360,5863010,2988957,8851967,0,0,0,512,14,5120289187
1361,5865720,2137897,8003617,6,0,0,512,6,10123189544
1362,5869250,12946051,18815301,1,0,1,82432,8,3551522676
1363,5870040,2117893,7987933,6,0,0,4608,6,7661466818
1364,5873630,2012067,7885697,0,0,0,512,14,3030495793
1365,5873720,12986166,18859886,6,0,1,5120,6,1246955191
1366,5880090,2582153,8462243,6,0,0,512,6,683095370
1367,5881351,3394483,9275834,4,0,0,53760,5,7629033408
1368,5884610,13006358,18890968,6,0,1,2560,6,6300280709
1369,5884910,3634450,9519360,0,0,0,512,14,6001026438
1370,5885430,2391639,8277069,6,0,0,512,6,10404457782
1371,5889860,2424227,8314087,2,0,0,13312,18,9827554680
1372,5890300,2330478,8220778,1,0,0,37888,8,3503274739
1373,5893181,12997810,18890991,0,0,1,4096,14,1828357213
1374,5893430,2301782,8195212,6,0,0,512,6,1852498200
1375,5898081,12992933,18891014,7,0,1,7680,13,283616625
1376,5900771,12990266,18891037,7,0,1,9216,13,7597619929
1377,5902320,12988740,18891060,1,0,1,11264,8,9220974369
1378,5908050,2066110,7974160,0,0,0,1024,14,566029249
1379,5911481,3718386,9629867,4,0,0,22528,5,50599993
1380,5911630,4098982,10010612,7,0,0,11776,13,9347285837
1381,5912671,4066980,9979651,4,0,0,101376,5,3979157515
1382,5921110,3551703,9472813,1,0,0,119808,8,228280641
1383,5922010,3435378,9357388,7,0,0,12288,13,10336406939
1384,5929491,2585541,8515032,3,0,0,512,5,6484049987
1385,5929871,12961212,18891083,7,0,1,512,13,1868967601
1386,5934660,12956446,18891106,9,0,1,4096,10,2116755455
1387,5936400,3564874,9501274,1,0,0,87552,8,830038152
1388,5940661,12950468,18891129,7,0,1,11776,13,1648146682
1389,5947270,2409314,8356584,1,0,0,6656,8,2370221811
1390,5952690,12938462,18891152,9,0,1,1536,10,6715017498
1391,5959701,12931474,18891175,0,0,1,2048,14,8372081185
1392,5959750,2796028,8755778,1,0,0,44032,8,9003170033
1393,5967441,12923757,18891198,7,0,1,3072,13,1031538949
1394,5969981,3948522,9918503,4,0,0,3072,5,5925621237
1395,5972131,2394178,8366309,3,0,0,1024,5,2139028840
1396,5977781,12913440,18891221,0,0,1,1024,14,2470100267
1397,5983460,2326548,8310008,2,0,0,108032,18,1609333050
1398,5989080,3189484,9178564,7,0,0,7680,13,3449733047
1399,5989501,4308008,10297509,4,0,0,162304,5,7588157880
1400,5990041,3444887,9434928,3,0,0,1536,5,1276009634
1401,5992570,3312840,9305410,1,0,0,8704,8,8675198482
1402,5996590,12895307,18891897,9,0,1,2048,10,5118124896
1403,5996700,2334818,8331518,6,0,0,512,6,5634303092
1404,5997220,12897131,18894351,9,0,1,18944,10,5612986602
1405,6014050,12892580,18906630,9,0,1,2048,10,8457001275
1406,6035640,12875816,18911456,9,0,1,7680,10,10573660804
1407,6038561,12929016,18967577,7,0,1,3072,13,244123954
1408,6046191,3015795,9061986,3,0,0,1024,5,3966804779
1409,6051360,4153386,10204746,6,0,0,1024,6,4156905734
1410,6057331,4068333,10125664,4,0,0,46080,5,8681307876
1411,6059730,4074115,10133845,2,0,0,25088,18,296278961
1412,6063071,12907412,18970483,7,0,1,4608,13,4923964895
1413,6066831,12907518,18974349,7,0,1,6144,13,6383610461
1414,6081410,12923109,19004519,9,0,1,4608,10,5837143082
1415,6084161,12920381,19004542,0,0,1,1024,14,4827419109
1416,6086071,12926884,19012955,0,0,1,4608,14,7224600100
1417,6088961,12924017,19012978,0,0,1,2048,14,7825087815
1418,6092360,12922248,19014608,5,0,1,3584,0,8670997343
1419,6093540,3286116,9379656,6,0,0,1024,6,4195761578
1420,6098091,2237373,8335464,3,0,0,1024,5,9950938136
1421,6098290,12917624,19015914,5,0,1,2048,0,1543367003
1422,6101201,2773636,8874837,3,0,0,512,5,8969553117
1423,6103791,12917308,19021099,0,0,1,16384,14,2142817203
1424,6106200,12956640,19062840,9,0,1,9728,10,8944886947
1425,6112420,13060994,19173414,9,0,1,3072,10,5023388923
1426,6122271,13053089,19175360,7,0,1,3072,13,4111853432
1427,6127500,3984101,10111601,7,0,0,49152,13,8781548408
1428,6130971,3438867,9569838,4,0,0,4608,5,9123487919
1429,6135471,3075766,9211237,3,0,0,1536,5,10446442986
1430,6139370,13039536,19178906,3,0,1,5632,5,10095292329
1431,6141290,3534483,9675773,2,0,0,10752,18,10406685002
1432,6150950,3075130,9226080,1,0,0,48640,8,9662707005
1433,6158510,13022662,19181172,5,0,1,3584,0,9634235190
1434,6159110,13024008,19183118,6,0,1,3072,6,7620397678
1435,6159690,13120744,19280434,5,0,1,5120,0,683749077
1436,6169550,4075404,10244954,1,0,0,58880,8,14971849
1437,6172490,2526168,8698658,7,0,0,2560,13,8019220272
1438,6175541,3334188,9509729,4,0,0,27648,5,10017746733
1439,6175961,3950217,10126178,3,0,0,512,5,9184445303
1440,6176850,4300126,10476976,6,0,0,512,6,2879248295
1441,6178600,13101857,19280457,5,0,1,3584,0,3035993345
1442,6179200,4275308,10454508,2,0,0,66048,18,3046459291
1443,6187980,13092500,19280480,5,0,1,4096,0,824064879
1444,6198950,2590040,8788990,7,0,0,6656,13,743667271
1445,6201050,13125652,19326702,6,0,1,1024,6,10271791444
1446,6208390,3170923,9379313,7,0,0,1536,13,7626279477
1447,6211930,4264867,10476797,7,0,0,43008,13,7048961627
1448,6221880,3308897,9530777,2,0,0,2560,18,629625394
1449,6221950,13104775,19326725,5,0,1,2560,0,5152597158
1450,6234911,4101253,10336164,4,0,0,9728,5,4766514663
1451,6250560,13076188,19326748,6,0,1,9728,6,5372989961
1452,6252910,13073885,19326795,9,0,1,3072,10,4865433211
1453,6259670,3668368,9928038,7,0,0,28672,13,6063972116
1454,6260540,4072637,10333177,2,0,0,76800,18,5927187712
1455,6260870,4381957,10642827,1,0,0,29696,8,92494486
1456,6265691,13061127,19326818,7,0,1,1536,13,1115095493
1457,6268591,13058250,19326841,7,0,1,3072,13,2341354934
1458,6269000,2990431,9259431,6,0,0,512,6,638798457
1459,6273791,2647049,8920840,3,0,0,2560,5,9677946893
1460,6291010,2640671,8931681,2,0,0,7680,18,10667123675
1461,6300620,3362705,9663325,2,0,0,2560,18,3926416856
1462,6303571,4407698,10711269,3,0,0,512,5,4716630192
1463,6305721,3536711,9842432,3,0,0,512,5,7386321293
1464,6305731,3593817,9899548,4,0,0,19968,5,6887008946
1465,6305980,4075016,10380996,6,0,0,512,6,281963267
1466,6314380,13012484,19326864,5,0,1,512,0,5264767788
1467,6315561,3348099,9663660,3,0,0,1024,5,8346308393
1468,6324120,4110039,10434159,1,0,0,96256,8,1789775801
1469,6326901,12999986,19326887,4,0,1,3072,5,9318668216
1470,6327660,2659599,8987259,7,0,0,55808,13,479606189
1471,6338630,12988280,19326910,9,0,1,4096,10,8093779992
1472,6341490,13015059,19356549,9,0,1,4096,10,10658113546
1473,6344511,4276790,10621301,4,0,0,145408,5,4796685515
1474,6345910,13014185,19360095,9,0,1,5632,10,9766762409
1475,6347840,3068257,9416097,2,0,0,15872,18,4814392211
1476,6364960,13087995,19452955,6,0,1,512,6,1478582686
1477,6367360,13085618,19452978,5,0,1,4096,0,4981538045
1478,6367650,4209324,10576974,7,0,0,216576,13,10188045356
1479,6371590,13111276,19482866,9,0,1,3072,10,4340101280
1480,6383911,13099313,19483224,4,0,1,7168,5,10172915108
1481,6384180,13099067,19483247,9,0,1,2560,10,4868662711
1482,6384300,13098970,19483270,9,0,1,12800,10,10091638642
1483,6389680,4580974,10970654,2,0,0,25088,18,4505264616
1484,6389731,13132641,19522372,4,0,1,7168,5,6900118593
1485,6389900,2539418,8929318,6,0,0,1024,6,6060879966
1486,6394990,13127405,19522395,9,0,1,3584,10,9646637926
1487,6399590,2532270,8931860,6,0,0,512,6,9293497860
1488,6401230,3541707,9942937,2,0,0,24064,18,4929958992
1489,6411050,3961687,10372737,1,0,0,105984,8,7586348851
1490,6413061,13109869,19522930,4,0,1,3072,5,4489223219
1491,6417211,13109291,19526502,4,0,1,5632,5,4624049334
1492,6418660,4318690,10737350,1,0,0,7680,8,10080250991
1493,6431450,3087685,9519135,2,0,0,30720,18,6179406985
1494,6448331,13080757,19529088,4,0,1,4096,5,775064975
1495,6449350,3777641,10226991,2,0,0,51712,18,1852050973
1496,6454300,4364433,10818733,7,0,0,4096,13,4318716156
1497,6470600,3248966,9719566,7,0,0,1536,13,1755733814
1498,6472070,4318465,10790535,6,0,0,512,6,1721531057
1499,6473060,13063120,19536180,9,0,1,11264,10,6473351218
1500,6476080,13061406,19537486,5,0,1,2048,0,7067963951
1501,6476700,4234366,10711066,7,0,0,17920,13,6571427296
1502,6480161,13059591,19539752,4,0,1,3584,5,4819456908
1503,6481540,3325471,9807011,1,0,0,22528,8,701151434
1504,6482870,3181772,9664642,7,0,0,1536,13,582228201
1505,6484560,3107963,9592523,2,0,0,6144,18,7807632680
1506,6485870,13054548,19540418,5,0,1,1024,0,7054562110
1507,6487010,13053754,19540764,5,0,1,512,0,5370161540
1508,6496150,3813604,10309754,7,0,0,4096,13,1113429959
1509,6497560,13043665,19541225,5,0,1,10240,0,1936463263
1510,6499371,4205877,10705248,4,0,0,16384,5,3624953017
1511,6508300,3471717,9980017,6,0,0,512,6,2497541801
1512,6510221,2962771,9472992,3,0,0,512,5,6748125257
1513,6517151,13046981,19564132,4,0,1,4608,5,8582137374
1514,6518631,3051820,9570451,3,0,0,512,5,8452961887
1515,6519961,2509657,9029618,3,0,0,512,5,7576140222
1516,6524070,3290642,9814712,2,0,0,22528,18,3090949779
1517,6526240,13037915,19564155,9,0,1,512,10,6668891344
1518,6526271,3137880,9664151,3,0,0,1536,5,5309359752
1519,6529261,2824344,9353605,4,0,0,9728,5,9552461137
1520,6529870,3000104,9529974,7,0,0,15360,13,4739026732
1521,6530820,2897693,9428513,7,0,0,1536,13,4589803337
1522,6531671,3927072,10458743,4,0,0,13824,5,10440992035
1523,6552751,3340199,9892950,3,0,0,512,5,723845366
1524,6552760,13011418,19564178,9,0,1,1024,10,444539492
1525,6556461,2823382,9379843,3,0,0,512,5,4141703410
1526,6560330,3388402,9948732,1,0,0,18944,8,6094462961
1527,6561380,4171907,10733287,1,0,0,7680,8,322844597
1528,6566340,12997861,19564201,9,0,1,2560,10,452828176
1529,6571010,12995444,19566454,9,0,1,1024,10,2559288924
1530,6575800,4544003,11119803,2,0,0,40448,18,10667665314
1531,6580030,3760392,10340422,2,0,0,12800,18,4722929796
1532,6580370,12986115,19566485,5,0,1,3072,0,633990059
1533,6582540,12984467,19567007,9,0,1,2560,10,2619551582
1534,6583581,4501020,11084601,3,0,0,512,5,560855022
1535,6584520,3906288,10490808,2,0,0,5120,18,5385695817
1536,6586600,4404357,10990957,7,0,0,66560,13,1857057449
1537,6597181,12970697,19567878,4,0,1,12288,5,5084881637
1538,6599270,4092283,10691553,7,0,0,90624,13,7065890012
1539,6602790,3491426,10094216,2,0,0,95744,18,1898707296
1540,6604460,3776357,10380817,7,0,0,14848,13,375540124
1541,6608000,13012148,19620148,9,0,1,4608,10,7311645445
1542,6614901,3689347,10304248,4,0,0,22016,5,1276496335
1543,6615480,13092408,19707888,9,0,1,8704,10,5458990625
1544,6619240,13099490,19718730,9,0,1,1024,10,10534145598
1545,6622480,3092797,9715277,7,0,0,4608,13,486912575
1546,6623081,13095672,19718753,4,0,1,3072,5,3852596612
1547,6632421,2898691,9531112,3,0,0,1024,5,7858585716
1548,6637701,3458722,10096423,4,0,0,7168,5,7376077800
1549,6639340,13080174,19719514,9,0,1,5120,10,8760506009
1550,6660180,13060640,19720820,9,0,1,2048,10,9115386609
1551,6682231,3781174,10463405,3,0,0,1024,5,3628447961
1552,6685141,13036985,19722126,4,0,1,2048,5,2360496770
1553,6686960,13038072,19725032,5,0,1,4608,0,2381348014
1554,6704860,13117775,19822635,5,0,1,11264,0,6632046204
1555,6707790,13154618,19862408,9,0,1,512,10,7635002188
1556,6710430,4150296,10860726,1,0,0,8704,8,1501136738
1557,6710981,13155293,19866274,0,0,1,6144,14,7220984671
1558,6720081,3656173,10376254,4,0,0,10240,5,7690147462
1559,6723400,3212182,9935582,2,0,0,7680,18,1434517900
1560,6725970,3182537,9908507,6,0,0,512,6,8648229608
1561,6726671,13156864,19883535,4,0,1,7168,5,4015502746
1562,6729080,4470971,11200051,7,0,0,49664,13,2302672046
1563,6736711,13185390,19922101,0,0,1,6656,14,5811080849
1564,6738820,3163887,9902707,2,0,0,10240,18,3485717321
1565,6742741,13283090,20025831,4,0,1,2560,5,8882155452
1566,6749280,4536849,11286129,7,0,0,64512,13,4312587457
1567,6749831,2826738,9576569,3,0,0,512,5,6621123840
1568,6751001,13275333,20026334,0,0,1,512,14,1069361960
1569,6751020,2968055,9719075,1,0,0,6144,8,3270552553
1570,6751460,3493673,10245133,6,0,0,512,6,5646283495
1571,6752611,3343991,10096602,3,0,0,512,5,5479980785
1572,6753330,13277993,20031323,9,0,1,8192,10,9121411076
1573,6753650,3074502,9828152,2,0,0,6144,18,1991446945
1574,6763221,3929337,10692558,4,0,0,2048,5,9229834185
1575,6766680,3213150,9979830,6,0,0,512,6,798553307
1576,6768631,4497819,11266450,4,0,0,44544,5,1385874381
1577,6770831,3477179,10248010,3,0,0,2560,5,1680097481
1578,6779330,13253619,20032949,9,0,1,2560,10,5440279026
1579,6780800,13253020,20033820,9,0,1,12288,10,2669956158
1580,6781310,3112131,9893441,1,0,0,1536,8,1247230438
1581,6795271,13378571,20173842,4,0,1,4096,5,2111212111
1582,6799761,3864149,10663910,4,0,0,69120,5,9090842631
1583,6808471,13365394,20173865,4,0,1,6144,5,3558723251
1584,6810291,13527978,20338269,0,0,1,7680,14,5450935685
1585,6810820,3436387,10247207,2,0,0,6144,18,3494196690
1586,6813910,4138383,10952293,1,0,0,95232,8,2868442617
1587,6815710,4406112,11221822,7,0,0,13312,13,9091663521
1588,6820320,4203392,11023712,7,0,0,62464,13,8225664833
1589,6825981,13557220,20383201,0,0,1,8192,14,6589844378
1590,6832400,3678555,10510955,7,0,0,66048,13,8280373707
1591,6836470,4283512,11119982,6,0,0,512,6,10295608485
1592,6842660,3283339,10125999,6,0,0,1024,6,5749809490
1593,6847510,13535714,20383224,9,0,1,5120,10,6277837990
1594,6856470,13526777,20383247,5,0,1,512,0,8252785588
1595,6863250,3347954,10211204,1,0,0,20992,8,8754947760
1596,6863691,3472808,10336499,3,0,0,1024,5,4299512545
1597,6870051,13513219,20383270,0,0,1,12288,14,9820913986
1598,6872940,3904288,10777228,7,0,0,49664,13,10266345782
1599,6875721,13507572,20383293,4,0,1,1024,5,3756511772
1600,6875830,13550565,20426395,3,0,1,6656,5,9187491357
1601,6876231,13587920,20464151,0,0,1,512,14,2713671154
1602,6881460,13582714,20464174,9,0,1,7168,10,3658055517
1603,6889850,13574347,20464197,3,0,1,2560,5,462461546
1604,6894721,3984592,10879313,4,0,0,60928,5,8577604687
1605,6895071,4206892,11101963,4,0,0,56832,5,2304423547
1606,6896970,3411513,10308483,1,0,0,13824,8,6138684526
1607,6915360,13583073,20498433,1,0,1,25088,8,5465744910
1608,6918161,13581552,20499713,0,0,1,14336,14,8907331987
1609,6922600,3700908,10623508,2,0,0,7168,18,4682846934
1610,6922910,3322402,10245312,6,0,0,512,6,4649257255
1611,6931141,13577734,20508875,4,0,1,2048,5,8519590873
1612,6933060,3439864,10372924,6,0,0,512,6,3926903758
1613,6937410,13597160,20534570,5,0,1,7168,0,6956149691
1614,6937731,4428827,11366558,4,0,0,12288,5,8764733195
1615,6941751,13621175,20562926,4,0,1,1536,5,1287780194
1616,6942511,13620438,20562949,0,0,1,4608,14,3754454091
1617,6946171,3258240,10204411,3,0,0,512,5,4570994711
1618,6952630,13610342,20562972,5,0,1,2048,0,7355501244
1619,6955121,13635200,20590321,4,0,1,19968,5,5967006310
1620,6956400,3743833,10700233,7,0,0,25088,13,3882748484
1621,6961691,3411412,10373103,3,0,0,512,5,1433348384
1622,6964371,3425186,10389557,3,0,0,512,5,8719472843
1623,6975990,3486988,10462978,2,0,0,13824,18,2409147666
1624,6977321,3457017,10434338,3,0,0,512,5,7283113854
1625,6980201,13610143,20590344,4,0,1,1024,5,9540723179
1626,6987920,4195838,11183758,1,0,0,19456,8,9915347360
1627,6990581,13599786,20590367,0,0,1,3584,14,10605834239
1628,6998541,14233895,21232436,0,0,1,58880,14,8880587950
1629,7002780,14246450,21249230,5,0,1,2560,0,2965651049
1630,7027590,14231420,21259010,5,0,1,512,0,720540126
1631,7045670,14213363,21259033,5,0,1,8704,0,6089660780
1632,7050200,14329880,21380080,5,0,1,9216,0,9543405862
1633,7052400,14327703,21380103,5,0,1,9216,0,8928067067
1634,7066890,4295901,11362791,1,0,0,48128,8,1020700247
1635,7074010,3631573,10705583,6,0,0,1024,6,815542433
1636,7074800,3388830,10463630,6,0,0,512,6,3656481929
1637,7078831,4261286,11340117,4,0,0,55808,5,1491372417
1638,7079821,3553405,10633226,4,0,0,31744,5,8980566136
1639,7080411,3553337,10633748,3,0,0,1024,5,8513406068
1640,7080660,3650264,10730924,1,0,0,44032,8,6917658879
1641,7086901,14344312,21431213,4,0,1,1536,5,5889481430
1642,7090160,4335327,11425487,1,0,0,64000,8,4636649913
1643,7104221,4508842,11613063,3,0,0,1536,5,9030171622
1644,7109841,14321395,21431236,4,0,1,512,5,8426738603
1645,7111600,4416571,11528171,6,0,0,512,6,75673594
1646,7119671,14311588,21431259,4,0,1,1536,5,5027501315
1647,7119731,4326394,11446125,3,0,0,39936,5,10394998622
1648,7121361,14334463,21455824,4,0,1,6144,5,1542456133
1649,7126480,14358704,21485184,5,0,1,1536,0,8681787402
1650,7127930,14382055,21509985,5,0,1,7168,0,1104602513
1651,7131190,4470127,11601317,7,0,0,120832,13,7519377628
1652,7131960,4256157,11388117,6,0,0,4096,6,9323204017
1653,7133770,3950652,11084422,2,0,0,108032,18,8020637152
1654,7137630,4525073,11662703,7,0,0,69120,13,2652969824
1655,7138551,14373060,21511611,4,0,1,2560,5,354137238
1656,7140640,4182450,11323090,2,0,0,69120,18,9365708758
1657,7142401,3819117,10961518,4,0,0,1536,5,1653328983
1658,7161340,3696711,10858051,1,0,0,46592,8,8329238313
1659,7163441,3680391,10843832,4,0,0,78336,5,6231463836
1660,7170720,3462693,10633413,6,0,0,512,6,10233442700
1661,7180890,14344976,21525866,5,0,1,1536,0,9401477970
1662,7182091,14343798,21525889,4,0,1,4096,5,7519725082
1663,7183150,4188111,11371261,2,0,0,15360,18,3328792763
1664,7198480,3609945,10808425,6,0,0,512,6,6405425417
1665,7202580,14323332,21525912,5,0,1,2560,0,9949990538
1666,7204241,14324044,21528285,4,0,1,5632,5,7293250106
1667,7208481,4460797,11669278,4,0,0,21504,5,1831527411
1668,7211591,14349700,21561291,4,0,1,2560,5,2264220407
1669,7213890,3478021,10691911,6,0,0,1024,6,3074774146
1670,7213951,14347363,21561314,4,0,1,5120,5,1384571516
1671,7214310,3953258,11167568,7,0,0,5120,13,8534297873
1672,7216121,14345224,21561345,2,0,1,6144,18,2308224758
1673,7217350,3834133,11051483,1,0,0,19456,8,2564984534
1674,7221981,14343508,21565489,4,0,1,9216,5,5574199470
1675,7227000,14342355,21569355,5,0,1,6144,0,8760786684
1676,7235441,4198493,11433934,3,0,0,27648,5,7275844106
1677,7243300,3679954,10923254,2,0,0,40448,18,4545335931
1678,7247031,4266176,11513207,4,0,0,73216,5,3783491339
1679,7248090,14373274,21621364,5,0,1,6144,0,6730176480
1680,7257120,3777721,11034841,2,0,0,20480,18,8643735551
1681,7262691,3741966,11004657,3,0,0,22016,5,1231899509
1682,7268041,14353346,21621387,2,0,1,2560,18,10724254769
1683,7281491,4169181,11450672,3,0,0,14848,5,10165582003
1684,7281910,14488530,21770440,5,0,1,8704,0,9059345677
1685,7283890,4189015,11472905,2,0,0,22016,18,6707178622
1686,7285850,14565183,21851033,1,0,1,22528,8,5266471787
1687,7296130,14583176,21879306,5,0,1,1536,0,319306801
1688,7301760,14626104,21927864,1,0,1,6656,8,7317832163
1689,7309260,14644650,21953910,1,0,1,29696,8,9914703964
1690,7311991,3989316,11301307,4,0,0,49152,5,3173659197
1691,7315321,14643471,21958792,4,0,1,7680,5,8309846634
1692,7319430,4293142,11612572,2,0,0,36864,18,7183796823
1693,7321141,3916186,11237327,3,0,0,11776,5,7070694498
1694,7324561,4054367,11378928,4,0,0,25088,5,7046886424
1695,7325050,14705696,22030746,1,0,1,8704,8,9606577936
1696,7325240,14746865,22072105,6,0,1,33280,6,4140837158
1697,7329570,3773664,11103234,6,0,0,4096,6,5992475267
1698,7333581,14832424,22166005,2,0,1,26624,18,8294359065
1699,7341610,4480295,11821905,2,0,0,190464,18,3586701805
1700,7346170,4115731,11461901,7,0,0,22016,13,5763069987
1701,7363200,4480412,11843612,1,0,0,71168,8,1769379514
1702,7364131,14802220,22166351,4,0,1,512,5,10606941825
1703,7372801,3812072,11184873,3,0,0,3584,5,3473076557
1704,7373390,14793947,22167337,6,0,1,1536,6,1237957184
1705,7378310,4139600,11517910,2,0,0,15360,18,8384595471
1706,7379910,14792356,22172266,1,0,1,20480,8,5316822291
1707,7380861,14885885,22266746,4,0,1,512,5,6207895549
1708,7384090,14882679,22266769,6,0,1,1536,6,9153641873
1709,7394980,14873395,22268375,6,0,1,1024,6,10711369718
1710,7399480,15149995,22549475,1,0,1,127488,8,5813666993
1711,7405820,3880488,11286308,6,0,0,512,6,9136779036
1712,7407201,4221261,11628462,4,0,0,32768,5,863402076
1713,7415300,4447078,11862378,6,0,0,512,6,4276965472
1714,7422000,3961475,11383475,7,0,0,14848,13,1554247788
1715,7429750,4021109,11450859,6,0,0,512,6,5702577848
1716,7436350,4054518,11490868,7,0,0,58880,13,1504426233
1717,7446910,3896685,11343595,1,0,0,11264,8,1007341415
1718,7450311,15162438,22612749,2,0,1,20992,18,3956249184
1719,7456351,4415878,11872229,3,0,0,32256,5,6955367447
1720,7458030,4158800,11616830,1,0,0,12288,8,136240574
1721,7461050,15210917,22671967,1,0,1,3072,8,1324113820
1722,7462590,15211003,22673593,8,0,1,2560,13,8519689191
1723,7464950,15214135,22679085,1,0,1,17920,8,5771039416
1724,7468281,4495980,11964261,4,0,0,60928,5,5062025291
1725,7468630,15211761,22680391,6,0,1,2048,6,4631844081
1726,7469931,15210806,22680737,2,0,1,512,18,5918824119
1727,7470431,15211932,22682363,2,0,1,2560,18,4470334224
1728,7473381,15316326,22789707,2,0,1,13824,18,5297582821
1729,7478750,3909546,11388296,6,0,0,512,6,9810999998
1730,7493760,15295986,22789746,6,0,1,7168,6,9246813674
1731,7507070,15282699,22789769,5,0,1,512,0,5429312857
1732,7511970,15279791,22791761,5,0,1,3584,0,8616441325
1733,7513600,4408173,11921773,2,0,0,67584,18,7023360687
1734,7514690,4347509,11862199,2,0,0,60928,18,3033083885
1735,7515111,4521749,12036860,3,0,0,83456,5,3316474810
1736,7518110,4493299,12011409,7,0,0,75776,13,7060962976
1737,7533210,15259217,22792427,6,0,1,1024,6,8869436180
1738,7533960,4535245,12069205,6,0,0,1536,6,2714999709
1739,7534170,4366988,11901158,2,0,0,93696,18,5848302924
1740,7536770,15304109,22840879,1,0,1,38912,8,1186047851
1741,7536890,15319502,22856392,5,0,1,9728,0,5937675769
1742,7541611,4553874,12095485,3,0,0,37376,5,7985921630
1743,7547471,4584876,12132347,3,0,0,57856,5,5592876285
1744,7549371,4323216,11872587,4,0,0,1024,5,1564067795
1745,7551330,15305444,22856774,6,0,1,512,6,991525152
1746,7557640,15299157,22856797,2,0,1,1536,18,1634010061
1747,7562680,4157025,11719705,6,0,0,512,6,4787517042
1748,7567830,15294308,22862138,1,0,1,22016,8,436630982
1749,7577130,4730231,12307361,7,0,0,96768,13,4110496999
1750,7580740,15317019,22897759,1,0,1,18944,8,861791770
1751,7584661,4722879,12307540,4,0,0,512,5,2381274198
1752,7590840,15346940,22937780,2,0,1,512,18,5442094390
1753,7592630,4472821,12065451,2,0,0,30208,18,8096422848
1754,7593480,4717047,12310527,1,0,0,9728,8,6122756786
1755,7597020,15340783,22937803,5,0,1,512,0,2211819222
1756,7598810,15339351,22938161,2,0,1,9728,18,4254071834
1757,7604380,15334688,22939068,8,0,1,3072,13,6237269801
1758,7606540,4321980,11928520,2,0,0,22016,18,10302963466
1759,7607860,4322087,11929947,7,0,0,4608,13,9086840834
1760,7608671,4371872,11980543,4,0,0,512,5,1655521239
1761,7612840,4624389,12237229,7,0,0,26112,13,1659548651
1762,7618790,15324784,22943574,2,0,1,7168,18,1842912757
1763,7624590,15323170,22947760,2,0,1,6656,18,3703379498
1764,7627051,15322015,22949066,4,0,1,2048,5,7376486224
1765,7628331,4600919,12229250,3,0,0,45568,5,8118487414
1766,7636141,4579023,12215164,3,0,0,137728,5,417235204
1767,7637561,4428069,12065630,4,0,0,512,5,10636883138
1768,7646730,4568613,12215343,6,0,0,512,6,2153106796
1769,7650550,4522627,12173177,1,0,0,44544,8,10732353803
1770,7653730,15303913,22957643,5,0,1,3584,0,8389229134
1771,7655560,15302749,22958309,8,0,1,1024,13,7422302834
1772,7661570,15299005,22960575,2,0,1,3584,18,981218683
1773,7662780,15328456,22991236,1,0,1,34304,8,6900825543
1774,7663840,4579972,12243812,2,0,0,21504,18,6469253378
1775,7667090,15382559,23049649,9,0,1,9216,10,5376795929
1776,7672131,4572172,12244303,4,0,0,1536,5,6498815115
1777,7674360,15375312,23049672,8,0,1,2560,13,1228361542
1778,7674710,4664552,12339262,1,0,0,71680,8,9460961546
1779,7675171,4751907,12427078,3,0,0,30208,5,4640188149
1780,7676740,15372955,23049695,5,0,1,1024,0,6648189171
1781,7677710,15372016,23049726,8,0,1,11264,13,7975042665
1782,7682130,15367619,23049749,2,0,1,6144,18,10302767761
1783,7682930,4866575,12549505,2,0,0,53248,18,6630311602
1784,7683330,15366442,23049772,8,0,1,2048,13,4153585146
1785,7693640,4787600,12481240,2,0,0,10240,18,4461613805
1786,7703090,4852834,12555924,1,0,0,20992,8,8229100275
1787,7705090,15344705,23049795,5,0,1,5120,0,6701345578
1788,7708760,4820061,12528821,2,0,0,116224,18,7284607750
1789,7717790,4815468,12533258,1,0,0,13824,8,1102899308
1790,7717970,15353114,23071084,1,0,1,11776,8,10697424177
1791,7718290,4775096,12493386,1,0,0,9216,8,9192875365
1792,7730331,4896005,12626336,3,0,0,44544,5,1158817991
1793,7731050,15374930,23105980,8,0,1,7168,13,651825589
1794,7732400,4796623,12529023,6,0,0,512,6,7030775582
1795,7733050,15801466,23534516,1,0,1,223744,8,9684836341
1796,7745960,4945997,12691957,2,0,0,47616,18,7406469978
1797,7758750,4918676,12677426,1,0,0,26112,8,6322999217
1798,7763630,15770909,23534539,8,0,1,5632,13,3599649971
1799,7766020,15768542,23534562,5,0,1,512,0,952235442
1800,7768650,15765935,23534585,5,0,1,2048,0,2152345039
1801,7768660,15785203,23553863,1,0,1,32768,8,9334072125
1802,7773520,5042131,12815651,1,0,0,7680,8,9430649842
1803,7773590,4996460,12770050,2,0,0,5120,18,9065598582
1804,7784160,5164666,12948826,6,0,0,142848,6,10380421403
1805,7789590,4809214,12598804,2,0,0,512,18,5374944645
1806,7794390,15825678,23620068,1,0,1,84992,8,8374511888
1807,7802050,5184772,12986822,1,0,0,30720,8,9569192665
1808,7823970,4906412,12730382,6,0,0,16896,6,2743998202
1809,7825201,4905516,12730717,4,0,0,1024,5,6936113529
1810,7826740,15823114,23649854,8,0,1,512,13,6140238602
1811,7829740,5248832,13078572,2,0,0,43008,18,6852625620
1812,7831500,5167446,12998946,1,0,0,30720,8,4621772563
1813,7832400,15817477,23649877,5,0,1,2560,0,8180748639
1814,7850680,15818514,23669194,5,0,1,2048,0,9738518867
1815,7852230,15816987,23669217,1,0,1,4096,8,9528764632
1816,7863490,5201955,13065445,2,0,0,75264,18,8786208020
1817,7863690,15808941,23672631,8,0,1,5632,13,2826222049
1818,7868680,15806217,23674897,8,0,1,3584,13,9405369623
1819,7879110,5247264,13126374,6,0,0,35840,6,10171950870
1820,7882570,15792993,23675563,8,0,1,1024,13,7731921067
1821,7885491,5332465,13217956,3,0,0,59904,5,3062054300
1822,7886450,15793939,23680389,5,0,1,7680,0,3603621928
1823,7886461,5444782,13331243,3,0,0,40448,5,4352959954
1824,7888960,15804105,23693065,8,0,1,4096,13,3906022547
1825,7895910,15797178,23693088,8,0,1,1536,13,9710917563
1826,7904320,5211111,13115431,7,0,0,95744,13,6997229090
1827,7907541,5171522,13079063,4,0,0,1536,5,8867202335
1828,7916290,5603735,13520025,6,0,0,98816,6,9274465172
1829,7916421,5250844,13167265,4,0,0,2048,5,8890440610
1830,7932630,5148492,13081122,1,0,0,2560,8,4050742917
1831,7941300,5302264,13243564,6,0,0,26624,6,6465282482
1832,7965100,5342083,13307183,7,0,0,37888,13,9425237707
1833,7968220,5365386,13333606,7,0,0,7680,13,9193809097
1834,7976661,5171053,13147714,4,0,0,512,5,3551637950
1835,7981850,15711261,23693111,5,0,1,6656,0,3985815331
1836,7987260,5349003,13336263,2,0,0,8192,18,2083383799
1837,7988020,5148608,13136628,6,0,0,7168,6,3144455313
1838,8001960,15695493,23697453,5,0,1,4608,0,4170634345
1839,8003130,15694346,23697476,5,0,1,13824,0,2944690395
1840,8008620,5755462,13764082,6,0,0,34816,6,3321313507
1841,8014641,5384033,13398674,3,0,0,18432,5,3493117904
1842,8016870,5418564,13435434,6,0,0,33792,6,3354038892
1843,8018780,5614017,13632797,6,0,0,107520,6,2948918524
1844,8059300,5160707,13220007,2,0,0,6656,18,394453488
1845,8065701,5532120,13597821,3,0,0,2048,5,10007843260
1846,8066610,5619206,13685816,6,0,0,44544,6,6726890448
1847,8077100,5568691,13645791,2,0,0,23040,18,9586338683
1848,8077321,5729084,13806405,3,0,0,33280,5,2693220772
1849,8084291,5587930,13672221,3,0,0,79872,5,10377850439
1850,8094640,5437888,13532528,1,0,0,40960,8,9475795807
1851,8100570,5667591,13768161,7,0,0,13312,13,7532618879
1852,8110520,5637518,13748038,2,0,0,35840,18,8916859378
1853,8111751,5479624,13591375,3,0,0,21504,5,5066893102
1854,8122420,5516328,13638748,6,0,0,19456,6,4225540270
1855,8126240,15571259,23697499,5,0,1,1536,0,1060549597
1856,8141601,5715966,13857567,3,0,0,34304,5,10317090102
1857,8142470,5398817,13541287,1,0,0,28672,8,4032207141
1858,8153650,5560075,13713725,1,0,0,33280,8,6719779246
1859,8155140,5670113,13825253,1,0,0,6144,8,2253040758
1860,8155509,5658707,13814216,1,0,0,15360,8,10440149225
1861,8164821,5526790,13691611,3,0,0,18944,5,7950061377
1862,8178071,5413483,13591554,4,0,0,512,5,9338280118
1863,8178551,5468253,13646804,4,0,0,512,5,9742802938
1864,8179090,5596739,13775829,7,0,0,4096,13,9365889110
1865,8184211,5462414,13646625,3,0,0,2560,5,5832548591
1866,8189551,15509850,23699401,7,0,1,3584,13,399814417
1867,8190961,5532803,13723764,3,0,0,27648,5,3309308288
1868,8196321,15506972,23703293,7,0,1,6144,13,5011907989
1869,8199230,5610283,13809513,1,0,0,8192,8,3144675288
1870,8200590,5719794,13920384,7,0,0,64000,13,3235489320
1871,8217950,5571062,13789012,2,0,0,4608,18,1464935936
1872,8223150,5659541,13882691,6,0,0,4608,6,10430856191
1873,8224271,15504485,23728756,7,0,1,14848,13,485967846
1874,8225481,15524185,23749666,7,0,1,7680,13,8818662232
1875,8229320,5735445,13964765,6,0,0,40960,6,10141711338
1876,8231780,5848587,14080367,7,0,0,25088,13,10598522817
1877,8233901,15515788,23749689,7,0,1,512,13,6237542408
1878,8241290,5892753,14134043,7,0,0,39936,13,2568774080
1879,8245320,5586009,13831329,2,0,0,6144,18,10172413990
1880,8259480,5984622,14244102,1,0,0,29696,8,4217451226
1881,8279250,5824877,14104127,2,0,0,34304,18,1379567002
1882,8291600,5762025,14053625,1,0,0,15872,8,9520007564
1883,8294940,6487750,14782690,7,0,0,24064,13,343540379
1884,8296920,5975804,14272724,1,0,0,34304,8,5506029427
1885,8307860,5678107,13985967,1,0,0,33792,8,5119162040
1886,8312730,6462605,14775335,6,0,0,27648,6,1433977643
1887,8321981,5563853,13885834,3,0,0,10240,5,9032100328
1888,8333911,15415801,23749712,7,0,1,2560,13,6602559366
1889,8339440,5960006,14299446,2,0,0,87552,18,10094228622
1890,8358000,5687166,14045166,7,0,0,46080,13,2420468027
1891,8365890,5771452,14137342,2,0,0,10752,18,4739326109
1892,8372100,5514950,13887050,7,0,0,1536,13,7303498857
1893,8382111,15372370,23754481,7,0,1,20480,13,4008824534
1894,8397290,6492437,14889727,6,0,0,56320,6,4843030612
1895,8415071,15339871,23754942,4,0,1,10240,5,4765994026
1896,8416490,6759792,15176282,7,0,0,30720,13,3505756171
1897,8421960,5887951,14309911,2,0,0,33280,18,1328236252
1898,8435060,5825711,14260771,6,0,0,39936,6,1411785729
1899,8435430,6261261,14696691,6,0,0,51712,6,5632772214
1900,8435761,5778045,14213806,4,0,0,1024,5,5178319634
1901,8437090,6377393,14814483,2,0,0,51200,18,6033307972
1902,8437560,6053031,14490591,1,0,0,74752,8,2973589611
1903,8439971,5566341,14006312,3,0,0,1536,5,3601798481
1904,8446970,5639205,14086175,1,0,0,5632,8,10371466641
1905,8449481,5551467,14000948,4,0,0,4096,5,1129056856
1906,8453440,5948321,14401761,7,0,0,6144,13,2841940455
1907,8459950,5698744,14158694,1,0,0,3072,8,6427809572
1908,8463391,5836357,14299748,4,0,0,512,5,7778765609
1909,8465471,5846512,14311983,3,0,0,5632,5,7085857987
1910,8473321,5836815,14310136,3,0,0,512,5,1832120356
1911,8478041,15301506,23779547,7,0,1,17408,13,5450506771
1912,8480941,15301299,23782240,0,0,1,3584,14,2754400188
1913,8487910,6209428,14697338,6,0,0,2048,6,1543388932
1914,8488350,6192562,14680912,2,0,0,50688,18,7726798581
1915,8489501,15700417,24189918,0,0,1,129536,14,7942390274
1916,8493521,15696420,24189941,0,0,1,10240,14,3219684106
1917,8529931,15662559,24192490,0,0,1,14848,14,6282721514
1918,8538291,5605044,14143335,4,0,0,2048,5,7730723424
1919,8544991,15678303,24223294,7,0,1,26624,13,9206016252
1920,8551100,6102358,14653458,2,0,0,76800,18,10236626281
1921,8556141,5883267,14439408,3,0,0,512,5,4484345986
1922,8559280,6283273,14842553,1,0,0,3072,8,10708652267
1923,8567870,5825224,14393094,1,0,0,2560,8,1689775158
1924,8572991,6148416,14721407,4,0,0,2048,5,8543056642
1925,8578661,5665620,14244281,4,0,0,512,5,5280749585
1926,8588531,5801032,14389563,3,0,0,512,5,6159130700
1927,8596571,15629587,24226158,0,0,1,4096,14,10182962591
1928,8605030,5860200,14465230,2,0,0,1024,18,3716434508
1929,8606911,5969441,14576352,4,0,0,3584,5,6684982991
1930,8609050,6578712,15187762,7,0,0,20992,13,305589908
1931,8615171,15653045,24268216,0,0,1,23040,14,390315052
1932,8618370,5835370,14453740,7,0,0,13824,13,10644142861
1933,8636840,6284297,14921137,2,0,0,72192,18,8776834109
1934,8638400,5750984,14389384,2,0,0,15360,18,204645451
1935,8642811,5966411,14609222,3,0,0,1024,5,6216765608
1936,8644531,6594057,15238588,4,0,0,2048,5,6252512694
1937,8646360,6591223,15237583,1,0,0,74752,8,3329314873
1938,8655520,6198281,14853801,7,0,0,6656,13,625430121
1939,8666690,6271170,14937860,1,0,0,54784,8,3780599620
1940,8680690,15596108,24276798,2,0,1,20992,18,5134684792
1941,8681871,6384810,15066681,3,0,0,512,5,6980502943
1942,8693750,15584354,24278104,2,0,1,2048,18,10184907804
1943,8710240,6056648,14766888,1,0,0,84992,8,9058161661
1944,8715580,15584235,24299815,2,0,1,3072,18,4312668847
1945,8722710,6613181,15335891,1,0,0,20480,8,5246294163
1946,8728280,6101982,14830262,1,0,0,51712,8,3723270602
1947,8729871,5970678,14700549,4,0,0,1024,5,4757945250
1948,8735070,15567971,24303041,2,0,1,5120,18,3864251908
1949,8736651,5754119,14490770,3,0,0,512,5,7219329087
1950,8736900,7363034,16099934,6,0,0,82432,6,7356349820
1951,8739030,15565544,24304574,2,0,1,1536,18,1971795056
1952,8747040,6430045,15177085,8,0,0,2560,13,5330797776
1953,8751990,15637121,24389111,1,0,1,71168,8,475913546
1954,8753790,6364984,15118774,6,0,0,62976,6,8690296125
1955,8761150,6305352,15066502,2,0,0,52736,18,4218701422
1956,8764310,15636238,24400548,2,0,1,1024,18,3771891104
1957,8764600,6107944,14872544,6,0,0,61440,6,3721933345
1958,8766580,6210559,14977139,7,0,0,35328,13,625620172
1959,8773531,5640785,14414316,3,0,0,512,5,7484737065
1960,8773960,15628534,24402494,2,0,1,3072,18,6980375260
1961,8778030,6684467,15462497,6,0,0,39424,6,9856389749
1962,8800510,15602970,24403480,2,0,1,1536,18,4279869750
1963,8803420,6027668,14831088,7,0,0,2048,13,8736184523
1964,8804060,15608791,24412851,1,0,1,23040,8,3553942815
1965,8809770,15613346,24423116,1,0,1,16384,8,3644529576
1966,8810580,6021623,14832203,2,0,0,3584,18,76919363
1967,8812300,6086818,14899118,6,0,0,30720,6,5724402922
1968,8816300,5842983,14659283,6,0,0,2048,6,10655899141
1969,8819070,15618681,24437751,2,0,1,10752,18,5895206603
1970,8819350,6710437,15529787,8,0,0,2048,13,7314220455
1971,8819490,6962113,15781603,1,0,0,99328,8,1333163688
1972,8831150,15606960,24438110,1,0,1,9728,8,6350056212
1973,8838980,15599591,24438571,3,0,1,10240,5,5032043481
1974,8853940,7408874,16262814,1,0,0,21504,8,8275861173
1975,8855850,6282759,15138609,7,0,0,65024,13,10262934260
1976,8858690,6102974,14961664,1,0,0,9216,8,5027518020
1977,8860140,15598097,24458237,2,0,1,4608,18,7176609182
1978,8867140,15591120,24458260,2,0,1,2048,18,8385712025
1979,8878890,6434853,15313743,2,0,0,44544,18,4820534861
1980,8882720,6298623,15181343,6,0,0,13312,6,7114047452
1981,8887680,6064734,14952414,7,0,0,41472,13,7808005773
1982,8908270,6287929,15196199,2,0,0,27136,18,4696271728
1983,8912200,15546083,24458283,2,0,1,6144,18,6044006540
1984,8913621,5784208,14697829,3,0,0,1536,5,1288633892
1985,8918010,6021745,14939755,2,0,0,6144,18,5282451742
1986,8919470,5779318,14698788,2,0,0,3072,18,7692630792
1987,8921141,15559409,24480550,0,0,1,27648,14,3205617175
1988,8929670,15561798,24491468,2,0,1,6656,18,6446939153
1989,8931840,5898601,14830441,8,0,0,512,13,3666046748
1990,8935261,15561596,24496857,0,0,1,17408,14,793716278
1991,8937590,15572023,24509613,5,0,1,11264,0,2756619475
1992,8938730,6778236,15716966,2,0,0,51200,18,10195750867
1993,8947210,6049689,14996899,7,0,0,33280,13,2724283070
1994,8953500,6005333,14958833,2,0,0,20992,18,6090817796
1995,8954010,7617944,16571954,6,0,0,13312,6,2591021992
1996,8954440,6212272,15166712,6,0,0,92160,6,5385228708
1997,8960071,6037163,14997234,4,0,0,1024,5,8315810541
1998,8975480,15646316,24621796,1,0,1,58880,8,1145173001
1999,8976430,15671428,24647858,1,0,1,27648,8,1881253999
2000,8977260,15681254,24658514,1,0,1,29696,8,3739117879
2001,8979890,6489319,15469209,1,0,0,9216,8,8237825142
2002,8988160,6532513,15520673,1,0,0,64000,8,1692640129
2003,8989390,15677921,24667311,2,0,1,12288,18,3236175314
2004,8991060,15676917,24667977,3,0,1,1024,5,2631663832
2005,8997730,6624870,15622600,6,0,0,99328,6,9994898411
2006,9002940,6837905,15840845,7,0,0,54272,13,7488478871
2007,9003700,15714254,24717954,1,0,1,52224,8,8927476736
2008,9006460,15732776,24739236,2,0,1,7680,18,9768232686
2009,9012760,15726499,24739259,3,0,1,1536,5,5464585481
2010,9013850,6224091,15237941,8,0,0,1024,13,209727431
2011,9019991,15815249,24835240,0,0,1,142336,14,3060376303
2012,9022391,15814843,24837234,7,0,1,12800,13,1098634729
2013,9030250,6500576,15530826,7,0,0,2560,13,6263726821
2014,9035110,6142154,15177264,8,0,0,512,13,2581869165
2015,9041520,6680998,15722518,6,0,0,16896,6,2521276656
2016,9043590,6806014,15849604,2,0,0,28672,18,1289372365
2017,9045581,6121310,15166891,4,0,0,512,5,3365572725
2018,9048700,6333351,15382051,1,0,0,77824,8,3125198294
2019,9053510,6431234,15484744,8,0,0,1024,13,9309682497
2020,9056060,15806183,24862243,1,0,1,33280,8,4596863363
2021,9058430,15862273,24920703,1,0,1,86016,8,5037696102
2022,9059390,6202261,15261651,6,0,0,39936,6,5270390857
2023,9069481,15941351,25010832,0,0,1,90624,14,4313458238
2024,9074000,6322736,15396736,1,0,0,6144,8,5126042408
2025,9080131,15932347,25012478,7,0,1,1536,13,3070482712
2026,9081240,6202996,15284236,8,0,0,1024,13,9028619378
2027,9081800,6866537,15948337,6,0,0,75776,6,832486258
2028,9092490,6305758,15398248,8,0,0,1024,13,10195336503
2029,9105920,15906904,25012824,3,0,1,512,5,7794332438
2030,9109970,6631603,15741573,1,0,0,62464,8,6539613323
2031,9110091,15903719,25013810,0,0,1,1536,14,3188655530
2032,9111240,6686462,15797702,5,0,0,52736,0,6566649690
2033,9112761,15906950,25019711,0,0,1,19968,14,805249170
2034,9120180,6553099,15673279,7,0,0,26112,13,10495641250
2035,9125300,15966685,25091985,3,0,1,6656,5,10575427714
2036,9132811,6218702,15351513,3,0,0,1024,5,8641562254
2037,9133261,15960056,25093317,0,0,1,22528,14,1660938219
2038,9133391,16015199,25148590,0,0,1,45568,14,9833303665
2039,9134440,16042123,25176563,3,0,1,10752,5,712778888
2040,9134781,16041805,25176586,7,0,1,4096,13,9453066557
2041,9139550,16080652,25220202,3,0,1,6144,5,8351898673
2042,9158670,16062218,25220888,9,0,1,14336,10,768102183
2043,9160110,16060809,25220919,1,0,1,21504,8,595042877
2044,9164480,6516871,15681351,8,0,0,1024,13,5127695207
2045,9165420,6685107,15850527,2,0,0,512,18,6359343579
2046,9166500,16054442,25220942,2,0,1,20480,18,6321559182
2047,9174470,6414083,15588553,8,0,0,512,13,6363296221
2048,9174921,6500143,15675064,3,0,0,1024,5,6096808155
2049,9178000,7522152,16700152,7,0,0,44544,13,1605211733
2050,9178750,6228766,15407516,7,0,0,9216,13,3885721358
2051,9179851,6618818,15798669,3,0,0,3072,5,7472826459
2052,9187261,6530040,15717301,4,0,0,1024,5,1870990532
2053,9187731,6275101,15462832,3,0,0,1024,5,4913054755
2054,9188181,6342824,15531005,3,0,0,512,5,10698278927
2055,9188530,16032435,25220965,3,0,1,2048,5,1131000398
2056,9188990,6242373,15431363,8,0,0,1536,13,4036089902
2057,9200320,6288083,15488403,8,0,0,512,13,2151870082
2058,9200891,6424995,15625886,4,0,0,1536,5,8866627785
2059,9205430,6606072,15811502,8,0,0,512,13,3764218219
2060,9206111,6418141,15624252,4,0,0,1024,5,1176624087
2061,9212410,6862346,16074756,7,0,0,34304,13,4507694422
2062,9213000,6461706,15674706,2,0,0,4608,18,7039762375
2063,9216520,6304332,15520852,2,0,0,512,18,7058541349
2064,9219390,6749429,15968819,1,0,0,66048,8,10729689685
2065,9219951,7375911,16595862,3,0,0,1024,5,8592706214
2066,9220170,16000997,25221167,3,0,1,7168,5,157035942
2067,9221330,16034198,25255528,1,0,1,49152,8,6461186777
2068,9222760,6401157,15623917,2,0,0,2048,18,369203842
2069,9226990,16034725,25261715,3,0,1,1024,5,3981367092
2070,9229061,16039840,25268901,4,0,1,1536,5,10015925028
2071,9231451,6391819,15623270,4,0,0,1536,5,825926419
2072,9231720,6391059,15622779,2,0,0,512,18,2472744727
2073,9246150,6557725,15803875,8,0,0,1024,13,10025836957
2074,9251000,7123303,16374303,1,0,0,4096,8,4611431331
2075,9252590,7818138,17070728,7,0,0,22528,13,2128419742
2076,9254900,6956233,16211133,6,0,0,60416,6,1011763616
2077,9265630,6375256,15640886,7,0,0,5632,13,6101799194
2078,9271050,16003166,25274216,6,0,1,8704,6,7047894156
2079,9274710,16000172,25274882,3,0,1,1024,5,5280200972
2080,9274830,16001025,25275855,8,0,1,12800,13,3547200217
2081,9275630,16004698,25280328,6,0,1,3584,6,1795286638
2082,9278761,16059139,25337900,0,0,1,69632,14,1278507867
2083,9286520,7053273,16339793,7,0,0,61440,13,9826304531
2084,9286830,6968303,16255133,6,0,0,6656,6,5604689881
2085,9288080,6453828,15741908,8,0,0,1024,13,3572754710
2086,9302131,6548171,15850302,3,0,0,512,5,3155047782
2087,9305721,16060837,25366558,0,0,1,50176,14,3960668617
2088,9306060,16066716,25372776,5,0,1,1024,0,3642648512
2089,9306110,6543990,15850100,2,0,0,1024,18,3195884654
2090,9315581,6633091,15948672,4,0,0,1024,5,6924602357
2091,9316900,6533822,15850722,2,0,0,512,18,5219308992
2092,9322320,7305083,16627403,6,0,0,102912,6,867343619
2093,9326150,16052438,25378588,8,0,1,9216,13,6515980783
2094,9327270,16055504,25382774,5,0,1,6656,0,758986611
2095,9343390,6976023,16319413,1,0,0,89088,8,8829925517
2096,9353941,6615111,15969052,4,0,0,512,5,2552354288
2097,9356381,16048612,25404993,0,0,1,41472,14,9722093126
2098,9363850,16111008,25474858,5,0,1,6144,0,3419137673
2099,9369430,6623479,15992909,6,0,0,33792,6,8314860280
2100,9370700,16109781,25480481,6,0,1,2048,6,2690242168
2101,9377660,16115057,25492717,8,0,1,16896,13,4333637549
2102,9378010,16143726,25521736,6,0,1,11776,6,6878182504
2103,9380700,16144902,25525602,5,0,1,6144,0,7709931607
2104,9381731,6499917,15881648,3,0,0,512,5,969648995
2105,9385681,6735967,16121648,3,0,0,1024,5,4663414283
2106,9387380,6635674,16023054,2,0,0,512,18,8027578181
2107,9391920,6800736,16192656,6,0,0,69632,6,10188539282
2108,9392860,6926732,16319592,2,0,0,512,18,4485421150
2109,9399290,6709308,16108598,1,0,0,10240,8,1669346265
2110,9407160,7269665,16676825,7,0,0,22016,13,4803089342
2111,9407171,6642805,16049976,3,0,0,2048,5,717280598
2112,9410331,6637946,16048277,3,0,0,1536,5,7128913406
2113,9411961,16117507,25529468,0,0,1,6144,14,9094125351
2114,9418061,16114621,25532682,0,0,1,18432,14,1920115387
2115,9419251,16169781,25589032,7,0,1,2048,13,2658038340
2116,9420431,16168624,25589055,0,0,1,3072,14,9727834198
2117,9425851,16163227,25589078,4,0,1,4608,5,6869704547
2118,9427691,16161410,25589101,4,0,1,1536,5,30360292
2119,9428721,16215669,25644390,0,0,1,47616,14,3050962700
2120,9429721,16282449,25712170,0,0,1,63488,14,1037384579
2121,9433821,6574346,16008167,3,0,0,1024,5,1123775425
2122,9438350,6853896,16292246,7,0,0,15872,13,4112679638
2123,9444070,6687505,16131575,8,0,0,512,13,3053580762
2124,9445250,7443935,16889185,1,0,0,44032,8,3508611660
2125,9446841,7937113,17383954,3,0,0,512,5,2325196726
2126,9447150,6652963,16100113,2,0,0,512,18,8912089388
2127,9473700,7521147,16994847,8,0,0,512,13,2261146295
2128,9477661,6842430,16320091,3,0,0,1536,5,3020595360
2129,9483140,16229053,25712193,8,0,1,2560,13,8305495801
2130,9484940,6748041,16232981,1,0,0,13824,8,5503832932
2131,9488891,6746490,16235381,3,0,0,1536,5,9858453354
2132,9496040,16216176,25712216,6,0,1,1024,6,3383375049
2133,9497970,16214269,25712239,6,0,1,1536,6,2606721542
2134,9498321,16213941,25712262,0,0,1,11264,14,9422155804
2135,9503471,6628344,16131815,3,0,0,512,5,3476740202
2136,9510551,6700917,16211468,3,0,0,1024,5,4475362244
2137,9510760,6861290,16372050,6,0,0,45056,6,2402582887
2138,9510990,7960103,17471093,7,0,0,39424,13,3862453078
2139,9512241,6876673,16388914,3,0,0,1024,5,8690056825
2140,9517830,16214010,25731840,2,0,1,3584,18,7306761345
2141,9521641,7767874,17289515,3,0,0,1024,5,44507822
2142,9523050,16208813,25731863,6,0,1,2048,6,8480797161
2143,9526010,16205876,25731886,6,0,1,8192,6,116274014
2144,9532001,6863144,16395145,3,0,0,1024,5,8510461193
2145,9536071,16199914,25735985,0,0,1,6144,14,4537021818
2146,9549570,6795194,16344764,6,0,0,5632,6,7446178042
2147,9551001,16214362,25765363,0,0,1,11264,14,8651139382
2148,9557421,6962724,16520145,3,0,0,512,5,3612947472
2149,9559551,16216960,25776511,0,0,1,21504,14,6448521002
2150,9561380,7270383,16831763,7,0,0,37376,13,4408634566
2151,9563460,6566735,16130195,8,0,0,1024,13,4457323987
2152,9565020,6756030,16321050,8,0,0,3072,13,2749421552
2153,9572160,7059345,16631505,2,0,0,512,18,6569211595
2154,9586811,6649794,16236605,3,0,0,512,5,7917516643
2155,9602361,6675304,16277665,3,0,0,1024,5,2956932659
2156,9604071,16178826,25782897,7,0,1,1536,13,5132314713
2157,9632171,16227509,25859680,0,0,1,66048,14,7613100294
2158,9640121,16262314,25902435,0,0,1,43008,14,3867900267
2159,9647881,6816639,16464520,3,0,0,1024,5,1995270781
2160,9651511,16355306,26006817,0,0,1,91648,14,6275001586
2161,9659600,16347240,26006840,6,0,1,512,6,10356979892
2162,9662830,6551781,16214611,6,0,0,10240,6,9876738119
2163,9667540,6777608,16445148,2,0,0,1536,18,5134565043
2164,9669510,6767317,16436827,1,0,0,5632,8,9403642111
2165,9671510,6896365,16567875,6,0,0,9728,6,2604646271
2166,9684151,16365495,26049646,0,0,1,79360,14,1679125566
2167,9688431,16373516,26061947,0,0,1,3584,14,110249579
2168,9693380,6896631,16590011,1,0,0,55808,8,1965595600
2169,9693651,6646477,16340128,3,0,0,1024,5,1556062227
2170,9695750,6721524,16417274,8,0,0,512,13,2039772898
2171,9709930,7866616,17576546,7,0,0,27136,13,6694919595
2172,9714730,7125636,16840366,7,0,0,28160,13,7966301349
2173,9726800,7042731,16769531,1,0,0,98304,8,2179176607
2174,9731890,7396406,17128296,7,0,0,20480,13,793152505
2175,9733330,7436997,17170327,7,0,0,7168,13,3974284990
2176,9738230,6893096,16631326,7,0,0,12800,13,7125934924
2177,9739071,16442758,26181829,0,0,1,116736,14,1390980681
2178,9743810,6848980,16592790,8,0,0,1024,13,7681180578
2179,9749361,16636209,26385570,0,0,1,206848,14,450727809
2180,9751900,6925884,16677784,8,0,0,3072,13,3703693916
2181,9753281,16637408,26390689,0,0,1,5632,14,4847268408
2182,9758370,6614662,16373032,7,0,0,3072,13,4124455202
2183,9759530,7529650,17289180,6,0,0,52224,6,892043264
2184,9762121,16628621,26390742,0,0,1,2560,14,2399952743
2185,9772311,16619302,26391613,0,0,1,12288,14,9934599224
2186,9773080,16630320,26403400,6,0,1,3072,6,3376104136
2187,9783250,6736716,16519966,6,0,0,19456,6,9195917849
2188,9791940,16612446,26404386,6,0,1,1536,6,7684082738
2189,9795820,7461873,17257693,1,0,0,25600,8,2014681783
2190,9807220,7199295,17006515,6,0,0,15360,6,2876588657
2191,9814930,7694486,17509416,7,0,0,31744,13,4114630152
2192,9823121,7047128,16870249,3,0,0,2048,5,10135636409
2193,9834270,16573022,26407292,6,0,1,4608,6,5943416269
2194,9839301,16573008,26412309,4,0,1,7680,5,9038801866
2195,9840890,16574846,26415736,6,0,1,13312,6,3848109003
2196,9843280,7843969,17687249,2,0,0,512,18,1154110140
2197,9844210,16574112,26418322,6,0,1,4096,6,5413517022
2198,9844820,6973460,16818280,1,0,0,22016,8,8011907143
2199,9845900,7397338,17243238,6,0,0,154624,6,4858210805
2200,9849090,7040274,16889364,2,0,0,512,18,6876544183
2201,9851141,6524753,16375894,3,0,0,2560,5,1068324154
2202,9860120,16561423,26421543,6,0,1,2048,6,3387127325
2203,9867720,6793765,16661485,1,0,0,3584,8,8716300537
2204,9869951,16598929,26468880,0,0,1,60416,14,3445556937
2205,9871550,16603602,26475152,6,0,1,6144,6,1537055540
2206,9879091,16597687,26476778,4,0,1,2560,5,8280183649
2207,9879920,7378333,17258253,2,0,0,512,18,1528554382
2208,9884870,7781762,17666632,7,0,0,6656,13,6712432245
2209,9896080,6912701,16808781,6,0,0,512,6,599765652
2210,9897590,7472212,17369802,7,0,0,73728,13,6910068419
2211,9903220,6881358,16784578,2,0,0,1024,18,5300279046
2212,9903830,7072251,16976081,7,0,0,72704,13,9718217975
2213,9907471,16573839,26481310,4,0,1,7168,5,6202588593
2214,9913221,16568755,26481976,4,0,1,1024,5,7079038222
2215,9918461,7011195,16929656,3,0,0,512,5,169751255
2216,9919451,16569617,26489068,0,0,1,11264,14,4365245968
2217,9921690,6668812,16590502,6,0,0,1536,6,8710219362
2218,9931660,7912080,17843740,7,0,0,155136,13,4921523995
2219,9933081,6578134,16511215,3,0,0,512,5,5813782536
2220,9944321,16591235,26535556,0,0,1,108544,14,9698240298
2221,9944760,7049908,16994668,1,0,0,60928,8,4999071329
2222,9944951,7622813,17567764,3,0,0,48128,5,1148110286
2223,9947740,6902328,16850068,8,0,0,512,13,6516955689
2224,9951921,7818397,17770318,3,0,0,98816,5,6027217439
2225,9958361,16611754,26570115,0,0,1,49152,14,8410025955
2226,9966320,7088250,17054570,2,0,0,1024,18,10296183766
2227,9967601,16829296,26796897,0,0,1,107008,14,1168045456
2228,9967640,16829280,26796920,6,0,1,12288,6,2505015195
2229,9969311,16898490,26867801,0,0,1,82944,14,8520904939
2230,9971620,6714937,16686557,6,0,0,512,6,137639421
2231,9983750,7676106,17659856,1,0,0,94208,8,4024598396
2232,9986600,6904474,16891074,2,0,0,512,18,1022806633
2233,9987130,7031108,17018238,1,0,0,38400,8,1044233727
2234,9989250,7413819,17403069,6,0,0,1024,6,6000383774
2235,9991460,16876597,26868057,6,0,1,9216,6,8057545344
2236,9999870,16878396,26878266,6,0,1,3072,6,282368598
2237,10002010,16877024,26879034,6,0,1,11776,6,1588011133
2238,10005111,16874589,26879700,7,0,1,1024,13,10547689550
2239,10006181,16873865,26880046,7,0,1,512,13,7197181941
2240,10006700,7239415,17246115,2,0,0,1024,18,10235853424
2241,10006740,7239017,17245757,7,0,0,8192,13,9881974742
2242,10008210,6724072,16732282,1,0,0,13312,8,1197868819
2243,10008471,16876340,26884811,4,0,1,10752,5,7766066044
2244,10019551,16868609,26888160,0,0,1,12800,14,6105672899
2245,10021590,7062670,17084260,6,0,0,1024,6,10240889167
2246,10022260,7086443,17108703,8,0,0,1024,13,7440893870
2247,10024101,16882436,26906537,4,0,1,2560,5,2405088491
2248,10028310,7110009,17138319,2,0,0,1024,18,5566798647
2249,10037491,17000118,27037609,0,0,1,89088,14,4004684919
2250,10046590,7082041,17128631,8,0,0,1024,13,7543537932
2251,10046691,16995104,27041795,4,0,1,6656,5,7612881502
2252,10053090,7098615,17151705,7,0,0,25088,13,8739860595
2253,10053371,17001632,27055003,4,0,1,4096,5,5106714212
2254,10054350,7203701,17258051,8,0,0,1024,13,5450076122
2255,10054400,7000349,17054749,6,0,0,512,6,3747509990
2256,10059980,17047229,27107209,6,0,1,2560,6,7786617661
2257,10063801,17148039,27211840,0,0,1,189440,14,6912176647
2258,10065811,17146669,27212480,7,0,1,8704,13,7096988342
2259,10072281,7112732,17185013,3,0,0,5120,5,10389064098
2260,10072870,7226371,17299241,1,0,0,27136,8,5553742960
2261,10073531,17142815,27216346,4,0,1,6144,5,3566541695
2262,10079801,17144918,27224719,7,0,1,3072,13,8172524314
2263,10081580,6831344,16912924,6,0,0,512,6,8590713230
2264,10090460,7169545,17260005,6,0,0,1024,6,3844045369
2265,10102360,6892712,16995072,2,0,0,512,18,5440021093
2266,10102730,7082462,17185192,2,0,0,512,18,6869950688
2267,10107610,17117775,27225385,6,0,1,1024,6,9016171996
2268,10107950,7275825,17383775,1,0,0,31232,8,7018519656
2269,10112041,17115930,27227971,4,0,1,4096,5,6474003887
2270,10112831,17115601,27228432,4,0,1,10240,5,3984392299
2271,10121791,17154894,27276685,0,0,1,51200,14,10649963033
2272,10124081,17153270,27277351,4,0,1,1024,5,5061978097
2273,10127191,17150314,27277505,0,0,1,8704,14,5971623465
2274,10133741,7324372,17458113,3,0,0,12288,5,2552319627
2275,10140640,7738090,17878730,7,0,0,73216,13,4950613644
2276,10151801,17128930,27280731,4,0,1,5120,5,1296715138
2277,10154610,17149558,27304168,6,0,1,7168,6,2850910887
2278,10156530,17195081,27351611,1,0,1,50176,8,1710597296
2279,10157951,17212160,27370111,4,0,1,2560,5,4696059046
2280,10161080,6979493,17140573,1,0,0,6144,8,5147843676
2281,10163180,17206954,27370134,1,0,1,10752,8,3903041040
2282,10165790,17204367,27370157,9,0,1,2560,10,7771123007
2283,10167871,17202309,27370180,4,0,1,512,5,3077198705
2284,10172501,17197702,27370203,0,0,1,11264,14,5019553644
2285,10172930,17221570,27394500,1,0,1,46592,8,8882501417
2286,10173261,17223825,27397086,4,0,1,4096,5,4432123011
2287,10178820,6860377,17039197,2,0,0,512,18,2849261946
2288,10180290,7441296,17621586,6,0,0,512,6,6345647891
2289,10182331,17328954,27511285,0,0,1,142848,14,6443600948
2290,10185710,7072722,17258432,8,0,0,512,13,6736254585
2291,10188531,17454392,27642923,0,0,1,82432,14,10464840514
2292,10193100,7838569,18031669,1,0,0,128000,8,3238758007
2293,10194511,17512257,27706768,7,0,1,9216,13,2927178526
2294,10202100,7047626,17249726,7,0,0,11776,13,3344027050
2295,10202531,17504260,27706791,0,0,1,18944,14,3592411184
2296,10204321,7929999,18134320,3,0,0,123392,5,9007158617
2297,10217090,7370943,17588033,6,0,0,2560,6,6194044576
2298,10217141,17489673,27706814,7,0,1,2560,13,739590372
2299,10217600,17543555,27761155,1,0,1,57856,8,8844220076
2300,10224631,17537975,27762606,0,0,1,7680,14,2582512641
2301,10225141,17680028,27905169,0,0,1,120832,14,3389834435
2302,10225980,6947537,17173517,8,0,0,512,13,10286731489
2303,10230420,7028347,17258767,8,0,0,1024,13,4165011054
2304,10232330,17672993,27905323,6,0,1,8704,6,1177041567
2305,10238980,17707389,27946369,1,0,1,30720,8,10274181019
2306,10241221,17711505,27952726,0,0,1,72192,14,2471196878
2307,10241590,17746663,27988253,1,0,1,11264,8,3934006258
2308,10252910,17743501,27996411,2,0,1,7168,18,9177976470
2309,10255060,7129073,17384133,8,0,0,512,13,2189031222
2310,10257570,17738864,27996434,6,0,1,2560,6,2537409102
2311,10263410,7214304,17477714,1,0,0,21504,8,3396841472
2312,10263671,7728975,17992646,3,0,0,174592,5,5979753548
2313,10267530,7393339,17660869,2,0,0,1024,18,8482808335
2314,10278550,17782125,28060675,1,0,1,82944,8,9063221667
2315,10278960,17783021,28061981,2,0,1,2048,18,3137377663
2316,10279300,7445603,17724903,7,0,0,38912,13,5379011081
2317,10279400,7381126,17660526,6,0,0,512,6,8942346905
2318,10290910,17772057,28062967,2,0,1,1536,18,7724013316
2319,10292430,7112462,17404892,8,0,0,512,13,1899663743
2320,10292800,17774033,28066833,1,0,1,6144,8,9549946354
2321,10295270,7159076,17454346,1,0,0,9728,8,8402341061
2322,10296061,17775304,28071365,7,0,1,7168,13,948450838
2323,10296180,17777451,28073631,2,0,1,3584,18,4262953865
2324,10299970,7732346,18032316,2,0,0,2048,18,5780847576
2325,10304320,7107923,17412243,6,0,0,512,6,7653531722
2326,10305760,7262495,17568255,6,0,0,1536,6,7427216849
2327,10306320,17820531,28126851,1,0,1,106496,8,9654368648
2328,10317780,7342567,17660347,6,0,0,1536,6,1116266205
2329,10318640,7160831,17479471,8,0,0,1536,13,4384221925
2330,10318780,17816317,28135097,1,0,1,1024,8,5508882102
2331,10321450,17813993,28135443,6,0,1,512,6,10520829689
2332,10321570,7309559,17631129,7,0,0,11264,13,4354267427
2333,10325050,17813619,28138669,2,0,1,5120,18,10108314172
2334,10325610,7840635,18166245,7,0,0,58368,13,1281168234
2335,10325981,7613446,17939427,3,0,0,110592,5,2452736286
2336,10326620,17825409,28152029,2,0,1,1536,18,6318366152
2337,10327891,7927821,18255712,3,0,0,30720,5,6261036187
2338,10331720,7106575,17438295,1,0,0,4608,8,1731834403
2339,10336301,7520098,17856399,3,0,0,41472,5,1312586218
2340,10336591,17820264,28156855,7,0,1,7680,13,4315187843
2341,10340521,17818280,28158801,7,0,1,3072,13,1582456645
2342,10346171,17813616,28159787,7,0,1,1536,13,6107119718
2343,10348320,17838483,28186803,2,0,1,16896,18,4151317748
2344,10350781,17860795,28211576,7,0,1,512,13,5330811072
2345,10352640,17858959,28211599,2,0,1,2560,18,4561738102
2346,10352911,17861409,28214320,7,0,1,512,13,3235883237
2347,10357321,17857665,28214986,7,0,1,1024,13,2693638549
2348,10362510,17856342,28218852,9,0,1,6144,10,272519896
2349,10366070,17857288,28223358,6,0,1,7168,6,8611049997
2350,10370351,17870542,28240893,0,0,1,12800,14,3968467077
2351,10371330,17876383,28247713,2,0,1,1024,18,8265632090
2352,10372270,7159113,17531383,1,0,0,4608,8,5638395535
2353,10378821,17918153,28296974,0,0,1,17408,14,2993265868
2354,10384340,7957130,18341470,7,0,0,33792,13,184494021
2355,10384890,7834080,18218970,7,0,0,38400,13,1442750117
2356,10390430,7671549,18061979,7,0,0,97280,13,10480534901
2357,10390441,17910719,28301160,7,0,1,6656,13,769853199
2358,10395011,17920586,28315597,0,0,1,30208,14,3616928305
2359,10408560,17908515,28317075,9,0,1,14848,10,7045889798
2360,10412310,17905111,28317421,9,0,1,512,10,4384608801
2361,10413020,7889166,18302186,2,0,0,512,18,6367998115
2362,10416520,17923413,28339933,6,0,1,8704,6,77380794
2363,10419350,17920606,28339956,9,0,1,5120,10,1743655528
2364,10420860,7940150,18361010,7,0,0,32256,13,6444907933
2365,10425660,7722723,18148383,1,0,0,46080,8,4710966297
2366,10428300,7650573,18078873,1,0,0,33792,8,4634417200
2367,10429150,7657078,18086228,1,0,0,24064,8,3910257563
2368,10430360,17922590,28352950,6,0,1,7680,6,9340976318
2369,10433291,18254821,28688112,0,0,1,189440,14,1350090029
2370,10435260,8203009,18638269,7,0,0,2048,13,9490760645
2371,10438700,7647753,18086453,8,0,0,512,13,6620612171
2372,10443350,18328034,28771384,6,0,1,9216,6,5133224977
2373,10443610,8168351,18611961,1,0,0,259072,8,9004907350
2374,10444920,7753245,18198165,2,0,0,512,18,993640048
2375,10445450,18325957,28771407,9,0,1,2048,10,9391835112
2376,10447991,7648469,18096460,3,0,0,32768,5,4674162945
2377,10448081,7735109,18183190,6,0,0,512,6,6264979901
2378,10450201,18321229,28771430,0,0,1,18944,14,9860342262
2379,10453810,18330599,28784409,6,0,1,512,6,8613854465
2380,10472271,7596283,18068554,3,0,0,21504,5,6127425598
2381,10488181,18302513,28790694,0,0,1,29696,14,7810573987
2382,10492021,8131515,18623536,3,0,0,37888,5,4347911299
2383,10496321,18295679,28792000,0,0,1,2048,14,9786200842
2384,10498781,18302601,28801382,7,0,1,18432,13,9759385009
2385,10502270,18318550,28820820,9,0,1,2048,10,3320150213
2386,10510570,8645528,19156098,8,0,0,65024,13,7367586114
2387,10518010,7961135,18479145,8,0,0,123904,13,8685390136
2388,10519671,18414737,28934408,0,0,1,110080,14,7830228014
2389,10519700,18416091,28935791,8,0,1,14848,13,8984906618
2390,10520770,8370175,18890945,8,0,0,97792,13,9454531096
2391,10523550,8009452,18533002,1,0,0,47616,8,6365649124
2392,10526680,7570021,18096701,2,0,0,512,18,6119829997
2393,10529460,7852037,18381497,1,0,0,6656,8,5709722707
2394,10537770,7903421,18441191,8,0,0,143872,13,7821007699
2395,10540440,8132029,18672469,7,0,0,58880,13,7234707969
2396,10542531,18406055,28948586,7,0,1,3584,13,3000064074
2397,10543180,18406712,28949892,6,0,1,2048,6,2539399027
2398,10545070,7828228,18373298,8,0,0,5632,13,590229306
2399,10546590,7795683,18342273,6,0,0,2560,6,2064952863
2400,10551390,8097642,18649032,6,0,0,512,6,6276683811
2401,10553460,18408874,28962334,9,0,1,8704,10,8868520354
2402,10566840,8081990,18648830,7,0,0,13312,13,9189198105
2403,10570580,8200980,18771560,6,0,0,2048,6,992124768
2404,10573911,18391669,28965580,7,0,1,9728,13,5868990110
2405,10575641,18507022,29082663,0,0,1,2560,14,10198305147
2406,10576891,18505795,29082686,7,0,1,5632,13,9306058352
2407,10586330,7635217,18221547,6,0,0,512,6,8722140524
2408,10587460,7673631,18261091,1,0,0,7680,8,253678880
2409,10591150,18491559,29082709,9,0,1,10240,10,6348962577
2410,10606730,8030713,18637443,1,0,0,45568,8,9592541420
2411,10608160,8860597,19468757,7,0,0,51712,13,6648415570
2412,10612360,18475387,29087747,9,0,1,5120,10,1224910670
2413,10617401,18470369,29087770,7,0,1,512,13,9097964610
2414,10617460,18470824,29088284,6,0,1,4608,6,1597014330
2415,10626171,7815199,18441370,6,0,0,512,6,434135186
2416,10644430,8111500,18755930,7,0,0,39936,13,9071204576
2417,10652131,18448843,29100974,0,0,1,19968,14,6274736612
2418,10655260,7824220,18479480,6,0,0,1024,6,1402549176
2419,10657001,7832685,18489686,6,0,0,512,6,9928756647
2420,10659390,18441615,29101005,9,0,1,8192,10,4935962312
2421,10665720,18446464,29112184,9,0,1,4096,10,8467978869
2422,10666300,7971322,18637622,6,0,0,512,6,5780663251
2423,10673181,7830469,18503650,6,0,0,1024,6,7547278303
2424,10674610,8135151,18809761,8,0,0,10752,13,9643608341
2425,10676850,18435680,29112530,9,0,1,512,10,4457979610
2426,10693121,18420894,29114015,0,0,1,15360,14,1879711675
2427,10696091,8158712,18854803,3,0,0,11264,5,10297991666
2428,10700000,7954506,18654506,7,0,0,11776,13,1749036572
2429,10707271,18740980,29448251,0,0,1,168448,14,7471653324
2430,10710021,18754965,29464986,7,0,1,6144,13,5569218566
2431,10711670,18757135,29468805,6,0,1,13312,6,2442402726
2432,10712360,8008908,18721268,1,0,0,105984,8,4101002060
2433,10715880,8075432,18791312,8,0,0,21504,13,3826435134
2434,10724400,18778994,29503394,9,0,1,9216,10,2782348808
2435,10727740,8082356,18810096,2,0,0,1024,18,3919622121
2436,10729950,18773467,29503417,6,0,1,8704,6,5735689940
2437,10732480,8097855,18830335,2,0,0,1536,18,5293837852
2438,10734751,18768689,29503440,7,0,1,3584,13,4361381582
2439,10741371,8164666,18906037,3,0,0,22016,5,8265752547
2440,10742781,18968070,29710851,0,0,1,61440,14,3431452306
2441,10747960,18963557,29711517,6,0,1,1024,6,2369293959
2442,10761710,8564969,19326679,8,0,0,151552,13,9030109142
2443,10762630,18949873,29712503,9,0,1,1536,10,2935333912
2444,10766141,19264776,30030917,0,0,1,70656,14,1008177818
2445,10768150,19265033,30033183,3,0,1,3584,5,8445806421
2446,10769750,7952840,18722590,8,0,0,3584,13,7487845206
2447,10770700,19296340,30067040,9,0,1,6144,10,3894157780
2448,10774720,19292343,30067063,3,0,1,1536,5,2023351494
2449,10778690,19302608,30081298,6,0,1,16896,6,7647303725
2450,10783890,19374953,30158843,1,0,1,46592,8,10204491754
2451,10791581,19404641,30196222,0,0,1,6656,14,7268733684
2452,10800411,19493293,30293704,0,0,1,96256,14,7254139249
2453,10801510,19492225,30293735,9,0,1,2048,10,10027398624
2454,10802220,8764032,19566252,8,0,0,6656,13,8605441909
2455,10803850,8200646,19004496,7,0,0,24064,13,8442854308
2456,10807770,8025391,18833161,2,0,0,512,18,2209710898
2457,10808430,19503291,30311721,9,0,1,1536,10,1669321368
2458,10810921,19610225,30421146,0,0,1,89600,14,5111619720
2459,10811750,8140396,18952146,8,0,0,8704,13,9867546595
2460,10814890,8793590,19608480,1,0,0,40960,8,3377926017
2461,10816441,19615850,30432291,7,0,1,3072,13,9052115952
2462,10819680,19612634,30432314,6,0,1,3072,6,8571039024
2463,10824890,8657774,19482664,1,0,0,45568,8,1238947068
2464,10834270,8446141,19280411,8,0,0,79872,13,8501137438
2465,10836180,19596157,30432337,6,0,1,4608,6,10737269801
2466,10846231,8676118,19522349,3,0,0,29184,5,6260890796
2467,10849380,19593455,30442835,6,0,1,1024,6,7153242477
2468,10849550,19593308,30442858,6,0,1,10752,6,7906287230
2469,10857001,19585888,30442889,7,0,1,2560,13,3680780391
2470,10860361,19584446,30444807,0,0,1,18944,14,3094982263
2471,10861170,8151762,19012932,7,0,0,25600,13,4834689015
2472,10872840,8194613,19067453,7,0,0,13824,13,10235821438
2473,10880110,19593692,30473802,9,0,1,7680,10,2071327803
2474,10884311,19614643,30498954,7,0,1,24576,13,2181959019
2475,10900950,8514519,19415469,8,0,0,124416,13,8671995641
2476,10920980,8175953,19096933,2,0,0,1024,18,8169068306
2477,10921681,8237716,19159397,3,0,0,10752,5,1389581440
2478,10924870,19614974,30539844,6,0,1,3584,6,2418425873
2479,10931350,8787333,19718683,7,0,0,35328,13,4863503018
2480,10932800,8312273,19245073,2,0,0,1024,18,3691661077
2481,10934751,19671566,30606317,0,0,1,68608,14,1226220315
2482,10936740,19669923,30606663,6,0,1,512,6,4948345795
2483,10938390,8130365,19068755,2,0,0,1536,18,2868957842
2484,10939900,19672255,30612155,6,0,1,17920,6,10376706132
2485,10943280,19669221,30612501,6,0,1,512,6,5153363257
2486,10946581,19666266,30612847,7,0,1,512,13,1618861233
2487,10949961,8802111,19752072,3,0,0,20992,5,10559424374
2488,10956300,19657213,30613513,3,0,1,1024,5,1613202312
2489,10958611,19656208,30614819,7,0,1,2048,13,7172633166
2490,10961870,8029473,18991343,6,0,0,1024,6,964927038
2491,10963090,8697578,19660668,1,0,0,35840,8,3227982266
2492,10963190,19657018,30620208,8,0,1,17408,13,8533688504
2493,10963431,20000118,30963549,0,0,1,82944,14,10287510759
2494,10963921,8489011,19452932,3,0,0,122880,5,4465499039
2495,10967040,19996532,30963572,8,0,1,2048,13,6180584268
2496,10967460,19996135,30963595,9,0,1,5632,10,7236398919
2497,10969921,20048249,31018170,0,0,1,35840,14,933540836
2498,10980240,20038444,31018684,8,0,1,14336,13,6817969536
2499,10980260,8837002,19817262,1,0,0,137728,8,689272077
2500,10981970,20036737,31018707,6,0,1,9216,6,1193092878
2501,10985751,8187586,19173337,3,0,0,32768,5,9693984531
2502,10986240,20032506,31018746,9,0,1,3072,10,8272773587
2503,10997840,8494844,19492684,1,0,0,2048,8,10294188597
2504,10999820,8922258,19922078,1,0,0,51712,8,984304270
2505,11006240,20012529,31018769,9,0,1,2560,10,1586701854
2506,11018120,20000672,31018792,6,0,1,1024,6,7047856426
2507,11019940,8104983,19124923,2,0,0,1024,18,5884554522
2508,11028520,20000146,31028666,8,0,1,6144,13,7480073853
2509,11030510,19998179,31028689,9,0,1,5632,10,9845252960
2510,11034330,8673535,19707865,1,0,0,62976,8,6461954265
2511,11036070,8032186,19068256,8,0,0,2560,13,2858505647
2512,11037361,19998582,31035943,0,0,1,31232,14,7912641896
2513,11043000,19992966,31035966,6,0,1,1536,6,86404058
2514,11045761,20071222,31116983,0,0,1,25088,14,8377746139
2515,11046621,8485072,19531693,6,0,0,3072,6,10097452575
2516,11050180,8599054,19649234,7,0,0,87552,13,313383773
2517,11055550,20062099,31117649,9,0,1,1024,10,6962208064
2518,11064700,20054895,31119595,6,0,1,3072,6,2932627807
2519,11066630,20053951,31120581,8,0,1,1536,13,4929445367
2520,11067501,20053426,31120927,7,0,1,512,13,4121281204
2521,11068790,20052803,31121593,6,0,1,1024,6,7836436206
2522,11075461,20048398,31123859,0,0,1,3584,14,5320612079
2523,11078960,8413077,19492037,8,0,0,28672,13,7370366256
2524,11084121,20044244,31128365,7,0,1,7168,13,5701634137
2525,11085841,8911329,19997170,3,0,0,125440,5,604127548
2526,11092081,8488000,19580081,6,0,0,1024,6,6742940484
2527,11094160,8277436,19371596,7,0,0,5632,13,6648355849
2528,11106080,20127702,31233782,8,0,1,7168,13,5758310989
2529,11110361,8372840,19483201,6,0,0,1024,6,8740841950
2530,11111280,20184195,31295475,8,0,1,2560,13,7226739387
2531,11112920,8569159,19682079,7,0,0,70144,13,9915984354
2532,11121670,20173828,31295498,8,0,1,10752,13,4175661075
2533,11127091,20168430,31295521,7,0,1,4096,13,10135207728
2534,11131201,20164343,31295544,7,0,1,512,13,10038778743
2535,11131580,8595034,19726614,8,0,0,1536,13,1058997458
2536,11134760,8695752,19830512,8,0,0,15360,13,4725224472
2537,11139341,20284377,31423718,0,0,1,79360,14,1074755187
2538,11143831,20292885,31436716,7,0,1,14336,13,554326792
2539,11145591,20291279,31436870,7,0,1,8704,13,7860234561
2540,11149770,20296470,31446240,8,0,1,512,13,8241374731
2541,11152400,8589669,19742069,1,0,0,6144,8,10138564186
2542,11154301,8409808,19564109,3,0,0,50688,5,89020474
2543,11159021,20287242,31446263,7,0,1,1024,13,7363277626
2544,11160440,8452119,19612559,8,0,0,13312,13,4058794499
2545,11162620,8320223,19482843,2,0,0,512,18,2218654655
2546,11164100,8402331,19566431,2,0,0,512,18,3413421716
2547,11167530,20278756,31446286,6,0,1,2048,6,8870690687
2548,11179461,20267189,31446650,0,0,1,12800,14,7926568314
2549,11188210,20272289,31460499,6,0,1,10240,6,5169320708
2550,11198531,20467761,31666292,0,0,1,101376,14,9621230249
2551,11199540,8623072,19822612,1,0,0,15872,8,8485312852
2552,11204471,20463447,31667918,7,0,1,2560,13,6429538254
2553,11206331,8443394,19649725,6,0,0,1536,6,3766662559
2554,11207220,20477065,31684285,8,0,1,7168,13,7411828202
2555,11208880,8648090,19856970,1,0,0,47104,8,9825754344
2556,11212880,20471428,31684308,9,0,1,6144,10,9099554720
2557,11215250,20469081,31684331,6,0,1,4096,6,6839404901
2558,11216320,20526284,31742604,6,0,1,11776,6,1394912244
2559,11217110,8471544,19688654,1,0,0,21504,8,8659653660
2560,11218560,8955259,20173819,8,0,0,39424,13,4530613382
2561,11225090,8936694,20161784,8,0,0,77312,13,1561124004
2562,11233100,8785137,20018237,7,0,0,40448,13,4172458479
2563,11235771,20511715,31747486,0,0,1,47616,14,10043081377
2564,11236070,8825197,20061267,1,0,0,64000,8,8783961416
2565,11244391,8581418,19825809,6,0,0,2048,6,1396437992
2566,11247110,8586272,19833382,2,0,0,512,18,3768767589
2567,11250040,8656259,19906299,1,0,0,37888,8,3109101397
2568,11250620,20496889,31747509,6,0,1,1024,6,8627879989
2569,11251061,8768158,20019219,3,0,0,2560,5,1516238861
2570,11256780,20514066,31770846,9,0,1,14336,10,6288480229
2571,11258850,20512019,31770869,6,0,1,2560,6,7952579320
2572,11260290,8494187,19754477,6,0,0,512,6,2016464168
2573,11260520,8693540,19954060,7,0,0,27648,13,3923906610
2574,11270391,8613121,19883512,3,0,0,17920,5,7409813610
2575,11282050,8535703,19817753,2,0,0,1536,18,9034628631
2576,11283811,20487081,31770892,0,0,1,14848,14,8932499198
2577,11285660,8673259,19958919,7,0,0,15872,13,9393054127
2578,11286981,20515035,31802016,7,0,1,7168,13,2821896287
2579,11299080,8953643,20252723,1,0,0,99840,8,8906294851
2580,11305590,20496772,31802362,9,0,1,512,10,807776827
2581,11309331,20497103,31806434,7,0,1,4608,13,904348938
2582,11310590,8897306,20207896,8,0,0,111616,13,4831646535
2583,11315160,20491733,31806893,9,0,1,1024,10,9616234470
2584,11322280,20486879,31809159,6,0,1,3584,6,7534761040
2585,11325750,8531399,19857149,6,0,0,512,6,4381568020
2586,11343700,8662190,20005890,7,0,0,5120,13,9607854053
2587,11358390,8861229,20219619,1,0,0,38400,8,10672790332
2588,11360890,8858916,20219806,6,0,0,512,6,9805901064
2589,11364911,20473104,31838015,0,0,1,22528,14,2828403964
2590,11368080,8634136,20002216,1,0,0,3584,8,6979978580
2591,11374091,8646087,20020178,3,0,0,3072,5,2016576348
2592,11375860,8688454,20064314,6,0,0,512,6,9917289229
2593,11381231,20458064,31839295,0,0,1,14336,14,921998165
2594,11381290,8717462,20098752,1,0,0,4608,8,1203826649
2595,11385610,8997568,20383178,8,0,0,114176,13,7089893987
2596,11388790,8629626,20018416,2,0,0,512,18,8175580477
2597,11390430,9036160,20426590,2,0,0,512,18,6222001280
2598,11402811,20437470,31840281,7,0,1,1536,13,9820284062
2599,11405140,8621171,20026311,6,0,0,1024,6,8624126849
2600,11410631,8414523,19825154,3,0,0,8192,5,3328461977
2601,11418320,8414867,19833187,8,0,0,8704,13,4062513793
2602,11437421,20408006,31845427,7,0,1,8192,13,1692283657
2603,11437470,20432453,31869923,9,0,1,24576,10,7747325952
2604,11438511,20533073,31971584,0,0,1,69632,14,66416839
2605,11438740,8603004,20041744,8,0,0,23040,13,2611873117
2606,11450120,8433594,19883714,2,0,0,512,18,6446471623
2607,11453650,20517957,31971607,3,0,1,512,5,4320148943
2608,11456080,20515550,31971630,9,0,1,1024,10,4266852906
2609,11469480,8794752,20264232,6,0,0,1024,6,9461016770
2610,11475321,20603224,32078545,0,0,1,97792,14,10671166414
2611,11482180,20596797,32078977,3,0,1,5632,5,10493690461
2612,11483280,20606452,32089732,3,0,1,3584,5,9289044097
2613,11486571,20607933,32094504,7,0,1,9728,13,4215060409
2614,11488121,20989522,32477643,0,0,1,210432,14,7574285116
2615,11488541,9101757,20590298,3,0,0,50176,5,5160782598
2616,11495210,20982456,32477666,3,0,1,6144,5,6345733983
2617,11500360,8795608,20295968,1,0,0,16384,8,5014953754
2618,11504000,8582160,20086160,6,0,0,512,6,994950164
2619,11508550,8986607,20495157,8,0,0,24064,13,530434424
2620,11511300,8489793,20001093,1,0,0,12800,8,7930396217
2621,11513530,8488865,20002395,2,0,0,512,18,1373507081
2622,11517760,20979339,32497099,3,0,1,24576,5,50218668
2623,11519551,8906821,20426372,3,0,0,141312,5,8960139899
2624,11523000,9193185,20716185,7,0,0,172544,13,3266287229
2625,11524290,9088716,20613006,7,0,0,23040,13,5241383008
2626,11535330,8928798,20464128,6,0,0,1536,6,1457884620
2627,11536020,21025755,32561775,9,0,1,3072,10,8464090061
2628,11538161,21025240,32563401,0,0,1,2560,14,1974401477
2629,11540180,8895839,20436019,8,0,0,28672,13,2078265727
2630,11551670,8534974,20086644,6,0,0,1024,6,1103605829
2631,11555151,21008814,32563965,7,0,1,10752,13,5979633816
2632,11561790,8697144,20258934,6,0,0,512,6,3677786476
2633,11562520,21076005,32638525,3,0,1,7168,5,6915468696
2634,11573250,8865958,20439208,2,0,0,512,18,4331830253
2635,11574770,8888672,20463442,8,0,0,28672,13,6639598492
2636,11578231,21088556,32666787,0,0,1,65536,14,4842355237
2637,11579000,21128754,32707754,3,0,1,5120,5,989771193
2638,11597930,9172165,20770095,6,0,0,1536,6,45761190
2639,11599560,8963343,20562903,1,0,0,83968,8,10428938203
2640,11600281,9316462,20916743,3,0,0,41984,5,1217933971
2641,11601570,9281011,20882581,6,0,0,1024,6,942276572
2642,11603950,9113396,20717346,2,0,0,1536,18,5741807517
2643,11605561,9018700,20624261,3,0,0,36864,5,9126323069
2644,11610011,21097766,32707777,0,0,1,2048,14,6348701846
2645,11614211,21093589,32707800,7,0,1,2048,13,6832111583
2646,11618230,8836453,20454683,8,0,0,50688,13,3833214204
2647,11619181,9726331,21345512,3,0,0,52736,5,10220511066
2648,11625850,8670609,20296459,2,0,0,1536,18,7664487681
2649,11626550,8593747,20220297,8,0,0,1536,13,9752444420
2650,11630010,8894006,20524016,8,0,0,1536,13,5486278620
2651,11632140,8795120,20427260,6,0,0,1024,6,913294911
2652,11633490,9115414,20748904,1,0,0,46592,8,9548992787
2653,11638830,21068993,32707823,3,0,1,2560,5,10137666018
2654,11643800,8826341,20470141,8,0,0,2048,13,4500086867
2655,11645131,21062715,32707846,7,0,1,2560,13,6378326934
2656,11652100,21055769,32707869,3,0,1,6656,5,10404385840
2657,11654461,21108079,32762540,0,0,1,100864,14,5405115361
2658,11656690,9001579,20658269,1,0,0,38912,8,5093206360
2659,11658070,8878860,20536930,6,0,0,3072,6,3900342838
2660,11658621,21103942,32762563,0,0,1,13824,14,10600896797
2661,11666111,9165672,20831783,3,0,0,38400,5,6057141076
2662,11672010,8919628,20591638,1,0,0,4096,8,1093888585
2663,11678540,21091596,32770136,2,0,1,2560,18,2276726985
2664,11694330,8769299,20463629,8,0,0,512,13,10114153882
2665,11702520,8803184,20505704,2,0,0,512,18,5028917332
2666,11704101,8933224,20637325,6,0,0,512,6,294082869
2667,11710051,9354127,21064178,3,0,0,28160,5,3123153074
2668,11714840,9034399,20749239,2,0,0,1024,18,8599387708
2669,11717160,8999695,20716855,8,0,0,1024,13,7233584681
2670,11719210,21050949,32770159,3,0,1,8704,5,3187989243
2671,11721820,8705105,20426925,8,0,0,1024,13,3033882960
2672,11725570,8838548,20564118,2,0,0,512,18,4313754133
2673,11733970,8982550,20716520,2,0,0,1024,18,1573749680
2674,11740271,9525337,21265608,3,0,0,21504,5,1126878910
2675,11742290,9432837,21175127,2,0,0,512,18,5458191538
2676,11749800,8689229,20439029,7,0,0,6144,13,3218692582
2677,11765170,8671964,20437134,2,0,0,3584,18,7614815821
2678,11772501,9092942,20865443,3,0,0,43008,5,5705466761
2679,11777690,9004841,20782531,7,0,0,37376,13,8305073917
2680,11780010,21005123,32785133,3,0,1,1536,5,7963563130
2681,11788990,8812198,20601188,2,0,0,512,18,1136048608
2682,11796420,9070294,20866714,1,0,0,4096,8,6018625547
2683,11802900,20982579,32785479,3,0,1,512,5,828510219
2684,11829300,8774960,20604260,8,0,0,512,13,10683490280
2685,11837301,8920401,20757702,3,0,0,27648,5,8887752133
2686,11839600,20946865,32786465,3,0,1,1536,5,643074997
2687,11841390,8819889,20661279,8,0,0,512,13,5431681652
2688,11843240,8926364,20769604,1,0,0,34304,8,5395251187
2689,11848800,8885885,20734685,1,0,0,56832,8,2101585334
2690,11851101,9792663,21643764,3,0,0,70144,5,7657947792
2691,11853241,20934338,32787579,7,0,1,12288,13,8989309733
2692,11859360,8989393,20848753,6,0,0,1536,6,5703994167
2693,11878100,20910657,32788757,3,0,1,13824,5,9615096141
2694,11878361,8685570,20563931,6,0,0,3072,6,4369660517
2695,11882991,20906112,32789103,4,0,1,512,5,7632823922
2696,11884750,9883263,21768013,2,0,0,1536,18,10414993503
2697,11886790,20902672,32789462,8,0,1,9728,13,2250856781
2698,11910900,8871966,20782866,8,0,0,1024,13,9523709428
2699,11912671,9063322,20975993,3,0,0,26624,5,1327051101
2700,11914570,8844559,20759129,7,0,0,4608,13,919293478
2701,11916450,8744650,20661100,7,0,0,9216,13,1911189608
2702,11923190,9728825,21652015,6,0,0,8704,6,4750945750
2703,11929431,9461833,21391264,3,0,0,19968,5,8546197086
2704,11940340,20849276,32789616,8,0,1,8704,13,5235707232
2705,11941911,9175164,21117075,3,0,0,77312,5,2937732432
2706,11943690,8924139,20867829,8,0,0,3584,13,948334828
2707,11945050,9218849,21163899,2,0,0,512,18,2814091745
2708,11945390,9477284,21422674,7,0,0,101888,13,5395508613
2709,11951490,9475933,21427423,1,0,0,12288,8,8488672160
2710,11973080,8924553,20897633,1,0,0,21504,8,3276696673
2711,11978281,9035276,21013557,3,0,0,20992,5,7833363255
2712,11978470,8854116,20832586,8,0,0,2560,13,2480698113
2713,11979790,20836883,32816673,8,0,1,4608,13,8340173732
2714,11982930,9346491,21329421,6,0,0,59904,6,10397184018
2715,11990510,9065065,21055575,6,0,0,40448,6,1809212652
2716,12002400,9136821,21139221,1,0,0,40960,8,7331467343
2717,12004690,9616651,21621341,7,0,0,164864,13,4486652
2718,12010540,9248447,21258987,6,0,0,26624,6,465351767
2719,12030410,9354739,21385149,1,0,0,14336,8,3636447335
2720,12038950,9127415,21166365,8,0,0,1024,13,375775307
2721,12049840,9699852,21749692,7,0,0,127488,13,8945506157
2722,12056770,9428383,21485153,1,0,0,56832,8,6427100593
2723,12057320,9307738,21365058,6,0,0,10240,6,6493989200
2724,12063511,9316546,21380057,3,0,0,49152,5,10360377740
2725,12063580,9585760,21649340,2,0,0,2048,18,10482521990
2726,12066461,9730151,21796612,3,0,0,36864,5,2547557449
2727,12072500,8996599,21069099,0,0,0,512,14,8006945623
2728,12102390,9655593,21757983,1,0,0,27136,8,10572720975
2729,12104790,20713189,32817979,8,0,1,2048,13,5771184705
2730,12106860,8983417,21090277,2,0,0,512,18,7660993825
2731,12111920,20712550,32824470,8,0,1,18432,13,5096612798
2732,12128951,8994624,21123575,6,0,0,12800,6,4056407726
2733,12135270,9685832,21821102,6,0,0,18432,6,9835801283
2734,12140220,20689396,32829616,6,0,1,8192,6,9066653168
2735,12144560,8812247,20956807,8,0,0,1536,13,10479091401
2736,12145770,9547874,21693644,1,0,0,19456,8,4185096395
2737,12150740,9129907,21280647,7,0,0,27136,13,9603466574
2738,12154161,9548330,21702491,4,0,0,512,5,5423649959
2739,12158330,9265147,21423477,1,0,0,2560,8,5549894193
2740,12162040,9688970,21851010,1,0,0,66048,8,10615852935
2741,12165130,9066299,21231429,7,0,0,53248,13,985078022
2742,12169460,20748985,32918445,8,0,1,9216,13,7442113133
2743,12176080,20742388,32918468,8,0,1,1024,13,7422656177
2744,12181560,9180355,21361915,6,0,0,53760,6,4956971901
2745,12184150,9016207,21200357,8,0,0,1536,13,8103818413
2746,12197160,9245517,21442677,6,0,0,6656,6,3890993445
2747,12198450,8928268,21126718,7,0,0,10240,13,534239688
2748,12198630,9362638,21561268,7,0,0,86016,13,9973425483
2749,12200180,9255621,21455801,6,0,0,20992,6,8690918835
2750,12201890,9221766,21423656,2,0,0,512,18,288654083
2751,12203361,9227829,21431190,3,0,0,12288,5,5256894204
2752,12206370,9438400,21644770,7,0,0,2560,13,1819675014
2753,12228260,20690231,32918491,2,0,1,4096,18,6786909923
2754,12230770,9723117,21953887,7,0,0,61952,13,5980194048
2755,12231570,20686944,32918514,3,0,1,3584,5,5986087667
2756,12231771,9389795,21621566,4,0,0,512,5,8305148531
2757,12242191,9138559,21380750,4,0,0,2048,5,4075214488
2758,12243570,9247961,21491531,8,0,0,1024,13,1546941600
2759,12245170,9280673,21525843,1,0,0,46592,8,8857841636
2760,12246440,9773537,22019977,7,0,0,48640,13,8735114831
2761,12253530,9186929,21440459,1,0,0,24064,8,9024712973
2762,12257470,20661067,32918537,8,0,1,7680,13,5348536790
2763,12261890,9883337,22145227,8,0,0,512,13,7424241022
2764,12262110,9608221,21870331,6,0,0,19968,6,6818994904
2765,12271000,20669579,32940579,8,0,1,6144,13,10398132003
2766,12279730,9111877,21391607,8,0,0,1024,13,1725757328
2767,12280570,9486952,21767522,7,0,0,31232,13,3009546044
2768,12281440,20659162,32940602,9,0,1,4608,10,1935758249
2769,12284800,9359167,21643967,2,0,0,512,18,1640357673
2770,12296110,9970613,22266723,1,0,0,54784,8,4599728486
2771,12296700,9677426,21974126,7,0,0,49152,13,2912408132
2772,12304710,20635915,32940625,1,0,1,12288,8,2010511480
2773,12306030,9381663,21687693,1,0,0,56832,8,2129624304
2774,12306450,20847992,33154442,1,0,1,165888,8,6344574196
2775,12308080,9766787,22074867,6,0,0,2048,6,2048343159
2776,12312830,9309539,21622369,1,0,0,2560,8,5880424370
2777,12316681,9595665,21912346,3,0,0,87040,5,1299298431
2778,12326820,9321873,21648693,7,0,0,12800,13,2698563586
2779,12330750,9814298,22145048,7,0,0,38400,13,4858022773
2780,12336600,9820997,22157597,1,0,0,39424,8,4488959020
2781,12338070,9898832,22236902,1,0,0,96768,8,9516510436
2782,12341650,20853401,33195051,8,0,1,9728,13,3237178588
2783,12346120,20914583,33260703,8,0,1,3072,13,10299892472
2784,12348280,20914049,33262329,8,0,1,2560,13,2852712125
2785,12356160,10123556,22479716,1,0,0,3072,8,6865443206
2786,12361741,9419008,21780749,4,0,0,1024,5,6861604873
2787,12372391,10132004,22504395,3,0,0,51200,5,6537025101
2788,12374940,9869642,22244582,1,0,0,23040,8,8008595106
2789,12376151,9582976,21959127,4,0,0,1024,5,9279465155
2790,12378450,20884225,33262675,8,0,1,512,13,489024122
2791,12380560,10010885,22391445,6,0,0,79872,6,7420064354
2792,12390430,9902304,22292734,7,0,0,79872,13,3693820716
2793,12398330,10354555,22752885,7,0,0,42496,13,2592299838
2794,12399930,9672152,22072082,1,0,0,67584,8,2508385478
2795,12405910,20972185,33378095,1,0,1,105984,8,5849646650
2796,12407390,20973291,33380681,2,0,1,4096,18,9328135259
2797,12418430,9540339,21958769,1,0,0,15872,8,5674896954
2798,12426231,9965393,22391624,4,0,0,512,5,254721937
2799,12443501,9671296,22114797,4,0,0,2560,5,10042097178
2800,12447060,9577776,22024836,7,0,0,15872,13,2363965393
2801,12451731,9574890,22026621,4,0,0,512,5,8791121140
2802,12460150,9452531,21912681,8,0,0,1024,13,1116142389
2803,12466200,9679362,22145562,2,0,0,1024,18,6373729928
2804,12472100,9349181,21821281,2,0,0,512,18,289745909
2805,12473680,21060256,33533936,1,0,1,105984,8,9773853014
2806,12474211,9552231,22026442,4,0,0,3584,5,4333416661
2807,12474380,9310977,21785357,6,0,0,1024,6,7002581511
2808,12474810,21059149,33533959,8,0,1,1536,13,2822812479
2809,12475810,21058172,33533982,8,0,1,4608,13,8652309401
2810,12477150,10420586,22897736,8,0,0,3072,13,3848723328
2811,12483711,9676280,22159991,3,0,0,6656,5,10610506245
2812,12484530,10120707,22605237,1,0,0,93696,8,9767834343
2813,12491880,21042125,33534005,2,0,1,9216,18,555111096
2814,12497040,9536330,22033370,8,0,0,1024,13,1047625891
2815,12508730,9822523,22331253,1,0,0,18432,8,3914778201
2816,12509600,21024428,33534028,1,0,1,5632,8,9482657765
2817,12513790,21030837,33544627,6,0,1,6144,6,8517559167
2818,12517320,9410521,21927841,1,0,0,10240,8,8295372772
2819,12527170,21018635,33545805,6,0,1,13824,6,4187749816
2820,12533330,21024746,33558076,1,0,1,25600,8,1462367902
2821,12536810,9652585,22189395,2,0,0,512,18,2916083921
2822,12538450,21019972,33558422,8,0,1,512,13,10443360850
2823,12542060,9328450,21870510,8,0,0,512,13,5108736732
2824,12542190,21016898,33559088,6,0,1,1024,6,7328216116
2825,12545011,10222093,22767104,6,0,0,46592,6,73301793
2826,12547160,21042784,33589944,1,0,1,84992,8,6855327658
2827,12554820,21055759,33610579,8,0,1,12800,13,4059239905
2828,12565301,9523551,22088852,4,0,0,512,5,9844974270
2829,12573140,21044080,33617220,6,0,1,2048,6,1389312048
2830,12578371,9449209,22027580,6,0,0,3072,6,7609562932
2831,12589200,21045905,33635105,2,0,1,5120,18,725639963
2832,12589900,21052311,33642211,8,0,1,3584,13,8785339028
2833,12590860,9389788,21980648,2,0,0,512,18,9640770770
2834,12592190,9864201,22456391,1,0,0,53760,8,6354615567
2835,12595880,21050608,33646488,8,0,1,7168,13,3327091984
2836,12597430,21105365,33702795,2,0,1,13824,18,852736372
2837,12598231,9713557,22311788,4,0,0,512,5,1042167462
2838,12618330,9619063,22237393,2,0,0,1536,18,1055285084
2839,12620011,9586549,22206560,6,0,0,13824,6,8834455060
2840,12627910,9530022,22157932,2,0,0,1024,18,163039039
2841,12634090,9475676,22109766,1,0,0,10752,8,1986042326
2842,12639740,9385587,22025327,2,0,0,1536,18,4751942134
2843,12642851,9762028,22404879,3,0,0,22016,5,4975611705
2844,12646371,9882227,22528598,6,0,0,79360,6,2426893959
2845,12653500,21049318,33702818,1,0,1,11264,8,1660562479
2846,12656100,9814400,22470500,8,0,0,3072,13,7164655745
2847,12665190,21037651,33702841,2,0,1,2048,18,7445710661
2848,12665920,10230857,22896777,1,0,0,80384,8,4150255823
2849,12670830,9429595,22100425,2,0,0,512,18,6779335453
2850,12674681,9717301,22391982,4,0,0,512,5,5783437575
2851,12676830,9640198,22317028,8,0,0,1024,13,3733843540
2852,12678550,9507089,22185639,1,0,0,2048,8,1370875676
2853,12698301,9741508,22439809,6,0,0,25088,6,9565545865
2854,12704120,20998744,33702864,2,0,1,6656,18,9850872147
2855,12705720,20997167,33702887,6,0,1,3584,6,8841401150
2856,12714671,9553681,22268352,3,0,0,5120,5,4924482053
2857,12719840,20983070,33702910,2,0,1,16384,18,10272743822
2858,12727761,9704381,22432142,3,0,0,19456,5,8554469272
2859,12734260,20968673,33702933,2,0,1,3584,18,4443321159
2860,12734731,9837048,22571779,6,0,0,43008,6,4216600490
2861,12745990,20956966,33702956,8,0,1,2560,13,8593642427
2862,12747020,20955959,33702979,8,0,1,1536,13,48295272
2863,12748050,9780735,22528785,2,0,0,512,18,9520493688
2864,12749791,9712741,22462532,6,0,0,7168,6,78670971
2865,12753100,20949902,33703002,8,0,1,512,13,1249527569
2866,12759640,20962449,33722089,1,0,1,45056,8,2363910654
2867,12760300,10096069,22856369,7,0,0,47616,13,830777276
2868,12763120,9531369,22294489,7,0,0,5632,13,7932092187
2869,12771901,9619902,22391803,4,0,0,512,5,6787816510
2870,12772031,9859334,22631365,4,0,0,512,5,5277284265
2871,12778930,10270696,23049626,1,0,0,59392,8,5070838893
2872,12782850,20944286,33727136,8,0,1,4608,13,7675720282
2873,12783580,10310394,23093974,8,0,0,1024,13,8331624294
2874,12792640,20976188,33768828,2,0,1,3584,18,9638164180
2875,12797040,20971811,33768851,6,0,1,10240,6,8336388140
2876,12797261,10234246,23031507,6,0,0,132096,6,9365903062
2877,12797770,10416198,23213968,2,0,0,512,18,1963549563
2878,12801100,20990443,33791543,8,0,1,8704,13,6912935278
2879,12803270,9636718,22439988,8,0,0,512,13,7374593036
2880,12805900,20986949,33792849,6,0,1,2048,6,5809326024
2881,12809310,20984845,33794155,6,0,1,2048,6,2198364345
2882,12810380,20991977,33802357,8,0,1,23040,13,2493009638
2883,12812700,21114571,33927271,1,0,1,88064,8,1299183535
2884,12821641,9712627,22534268,6,0,0,17920,6,4878865074
2885,12832040,9812203,22644243,1,0,0,18944,8,763196517
2886,12838070,9697017,22535087,8,0,0,2560,13,9151812054
2887,12842500,9945406,22787906,7,0,0,32768,13,4441310188
2888,12852100,9856743,22708843,8,0,0,1024,13,9185364949
2889,12855930,21102556,33958486,1,0,1,7168,8,3903371505
2890,12857980,21104692,33962672,6,0,1,6656,6,5307619822
2891,12870350,21093308,33963658,8,0,1,1536,13,8884794502
2892,12871020,10236789,23107809,8,0,0,3072,13,390324871
2893,12871200,21093444,33964644,6,0,1,1536,6,9924302981
2894,12873321,9967356,22840677,6,0,0,138240,6,2753319274
2895,12874530,9903361,22777891,6,0,0,35328,6,10731947633
2896,12887950,21078960,33966910,6,0,1,3584,6,6876994027
2897,12892950,9963801,22856751,8,0,0,1024,13,7694394736
2898,12896851,9675419,22572270,6,0,0,1536,6,2885989456
2899,12907221,10020981,22928202,3,0,0,99840,5,3340541455
2900,12908280,21060576,33968856,8,0,1,3072,13,2103617009
2901,12908590,10162136,23070726,7,0,0,60928,13,8690012529
2902,12920620,21069546,33990166,6,0,1,1024,6,6703800282
2903,12923491,21067021,33990512,4,0,1,512,5,2849697098
2904,12927621,10010136,22937757,3,0,0,31232,5,9709606395
2905,12935330,9852911,22788241,8,0,0,1024,13,1400153919
2906,12936210,10161603,23097813,2,0,0,512,18,4794547084
2907,12938330,9903508,22841838,8,0,0,3072,13,2228786579
2908,12938370,21055048,33993418,8,0,1,4608,13,7380732363
2909,12938510,21057814,33996324,6,0,1,4608,6,6926429975
2910,12940200,21057110,33997310,6,0,1,1536,6,8723760808
2911,12942810,9757643,22700453,1,0,0,8704,8,9819067444
2912,12946540,9843128,22789668,1,0,0,4608,8,7842230516
2913,12947041,21075635,34022676,4,0,1,2048,5,8731322329
2914,12948480,21179704,34128184,6,0,1,20480,6,6321521817
2915,12948610,10381940,23330550,7,0,0,40960,13,1044213614
2916,12951171,21177036,34128207,4,0,1,10240,5,6508328982
2917,12953710,21196528,34150238,6,0,1,2560,6,5013631895
2918,12955300,21196564,34151864,6,0,1,2560,6,661535954
2919,12960940,10468844,23429784,7,0,0,68096,13,10017720350
2920,12978180,21175950,34154130,6,0,1,3584,6,9539202226
2921,12981330,10350671,23332001,7,0,0,4608,13,8939314295
2922,12981950,21185587,34167537,8,0,1,14848,13,8980469290
2923,12982431,21207421,34189852,4,0,1,512,5,8886408507
2924,12992360,21624860,34617220,6,0,1,152064,6,6705465845
2925,12998070,9842786,22840856,6,0,0,512,6,3255595286
2926,13003090,21710678,34713768,6,0,1,72704,6,606287361
2927,13009480,21704954,34714434,8,0,1,1024,13,8725764368
2928,13011331,21733954,34745285,4,0,1,9728,5,3189534645
2929,13017041,21728764,34745805,4,0,1,4096,5,6868812316
2930,13018250,21766459,34784709,8,0,1,11264,13,7234955373
2931,13021510,21852178,34873688,6,0,1,121344,6,6444472512
2932,13024940,21880213,34905153,6,0,1,30208,6,1311566086
2933,13029620,10620211,23649831,1,0,0,93696,8,8262823650
2934,13030081,10107815,23137896,3,0,0,63488,5,9480722880
2935,13031090,10258038,23289128,7,0,0,2560,13,9464678402
2936,13033850,21943372,34977222,6,0,1,41984,6,1442737378
2937,13034981,10055765,23090746,4,0,0,512,5,7252310378
2938,13041610,21969566,35011176,8,0,1,1024,13,7258051125
2939,13044050,9894088,22938138,8,0,0,1024,13,6618269537
2940,13044630,10226217,23270847,1,0,0,108544,8,7734476003
2941,13046120,21965079,35011199,2,0,1,1024,18,302995044
2942,13054450,10145405,23199855,7,0,0,36864,13,5074037568
2943,13057670,21969066,35026736,1,0,1,26624,8,6614582875
2944,13060131,10287553,23347684,3,0,0,3584,5,5059286624
2945,13069230,21975353,35044583,2,0,1,7168,18,2168050705
2946,13072840,10065235,23138075,6,0,0,512,6,2521760016
2947,13076660,9994401,23071061,8,0,0,1024,13,9466939381
2948,13081190,10236857,23318047,7,0,0,1536,13,9545305038
2949,13081540,22043661,35125201,6,0,1,22016,6,7801581668
2950,13083670,22043573,35127243,8,0,1,2048,13,7137485807
2951,13086581,10228433,23315014,3,0,0,74752,5,8197669257
2952,13090131,10190480,23280611,3,0,0,27648,5,4913109165
2953,13093220,22221215,35314435,1,0,1,54272,8,4708885564
2954,13097120,22225009,35322129,6,0,1,33792,6,1450421298
2955,13098450,10101896,23200346,6,0,0,1536,6,6634053375
2956,13100061,10434432,23534493,3,0,0,104448,5,6314076929
2957,13100071,10187747,23287818,3,0,0,23552,5,8916919621
2958,13100771,10286631,23387402,3,0,0,47104,5,2984464094
2959,13100970,22222677,35323647,6,0,1,9216,6,4364838751
2960,13101300,22222808,35324108,8,0,1,10240,13,7791392713
2961,13111481,22233583,35345064,4,0,1,3584,5,4525860535
2962,13113101,10203808,23316909,3,0,0,6144,5,9207466609
2963,13114620,10107849,23222469,6,0,0,1536,6,3972552190
2964,13117530,10065957,23183487,2,0,0,512,18,2207171923
2965,13117910,10154254,23272164,2,0,0,3072,18,4841406171
2966,13120040,22227752,35347792,8,0,1,512,13,3844614776
2967,13121520,10308599,23430119,6,0,0,1024,6,1748347345
2968,13125710,22223068,35348778,6,0,1,1536,6,6256291798
2969,13128480,22223844,35352324,6,0,1,5632,6,815430365
2970,13129000,10225740,23354740,8,0,0,1536,13,7119985003
2971,13130990,22230022,35361012,8,0,1,2048,13,8487830063
2972,13133720,10137306,23271026,8,0,0,512,13,6368577832
2973,13135760,10135445,23271205,6,0,0,512,6,6847077837
2974,13136571,10151754,23288325,4,0,0,1536,5,4019947948
2975,13137691,10212285,23349976,4,0,0,1024,5,6721155187
2976,13151141,22210025,35361166,4,0,1,8704,5,1295479387
2977,13152880,10256133,23409013,7,0,0,25088,13,9008841644
2978,13165470,22200522,35365992,1,0,1,7680,8,1975911194
2979,13167660,22342402,35510062,1,0,1,108544,8,10184595659
2980,13174081,10143475,23317556,4,0,0,2048,5,234953403
2981,13177590,22417617,35595207,1,0,1,100352,8,5441707364
2982,13178701,22420372,35599073,4,0,1,6144,5,6539462349
2983,13181330,10544152,23725482,1,0,0,37376,8,7943513699
2984,13186740,22427736,35614476,8,0,1,4096,13,1735177536
2985,13193290,10173570,23366860,6,0,0,1024,6,6027064079
2986,13198490,10133690,23332180,6,0,0,512,6,7170676866
2987,13200900,10230958,23431858,7,0,0,5632,13,5056405396
2988,13202190,22413592,35615782,2,0,1,2048,18,2154164948
2989,13205400,10401821,23607221,7,0,0,74752,13,3066881622
2990,13208700,22409668,35618368,2,0,1,4096,18,10243824062
2991,13208910,10460261,23669171,7,0,0,45056,13,841504265
2992,13210500,22411094,35621594,2,0,1,5120,18,9921064225
2993,13216951,22445327,35662278,4,0,1,1536,5,654117404
2994,13217451,10389949,23607400,4,0,0,512,5,2989591244
2995,13221290,22540955,35762245,1,0,1,56320,8,2941298870
2996,13226660,22558711,35785371,1,0,1,12288,8,458132752
2997,13228430,22573280,35801710,1,0,1,12800,8,3451327289
2998,13235020,10458022,23693042,2,0,0,33280,18,7656117423
2999,13243330,22581142,35824472,2,0,1,3072,18,4945775065
3000,13255110,22570988,35826098,8,0,1,2560,13,10644589963
3001,13256520,22571844,35828364,2,0,1,3584,18,3378078032
3002,13257121,22573189,35830310,4,0,1,3072,5,5401708627
3003,13260421,22573696,35834117,4,0,1,2560,5,3110359557
3004,13263020,10304488,23567508,2,0,0,3584,18,5226806579
3005,13263990,22574313,35838303,2,0,1,6656,18,5067591548
3006,13267800,22570849,35838649,1,0,1,512,8,7090504257
3007,13269840,22569475,35839315,2,0,1,1024,18,658405440
3008,13280701,10416729,23697430,3,0,0,10240,5,8200811966
3009,13285050,22554931,35839981,8,0,1,1024,13,7431351477
3010,13289050,22551277,35840327,9,0,1,512,10,4219846650
3011,13302701,10304878,23607579,4,0,0,512,5,4807159639
3012,13305481,10444162,23749643,3,0,0,61952,5,3947908246
3013,13306340,22534653,35840993,9,0,1,1024,10,2826471728
3014,13317141,22547362,35864503,4,0,1,16384,5,5268497572
3015,13317370,10459096,23776466,6,0,0,1536,6,6520443396
3016,13319410,22670178,35989588,8,0,1,4608,13,2229899193
3017,13321200,10457068,23778268,6,0,0,512,6,1722016167
3018,13322210,10444357,23766567,7,0,0,17920,13,7484693818
3019,13324650,22664961,35989611,8,0,1,6656,13,228406209
3020,13324880,22664754,35989634,2,0,1,1024,18,4047035687
3021,13326080,22663577,35989657,8,0,1,9216,13,10643625252
3022,13345171,10750582,24095753,3,0,0,49152,5,503731174
3023,13345271,10831341,24176612,4,0,0,126464,5,9514180325
3024,13352740,22636940,35989680,8,0,1,2048,13,3171678298
3025,13359290,10840806,24200096,7,0,0,12288,13,1429685239
3026,13368690,10769367,24138057,7,0,0,65536,13,9737505430
3027,13370670,10819225,24189895,2,0,0,43520,18,5232679624
3028,13375761,10484036,23859797,4,0,0,11776,5,1213096402
3029,13376761,11012148,24388909,3,0,0,38400,5,4703376323
3030,13378481,10620728,23999209,3,0,0,9216,5,1009823896
3031,13381420,11076794,24458214,2,0,0,58880,18,8448433876
3032,13382390,10818041,24200431,8,0,0,1024,13,5825732070
3033,13384452,10506258,23890710,1,0,0,48640,8,3426935585
3034,13386930,22604356,35991286,1,0,1,30208,8,85404773
3035,13387610,22603699,35991309,8,0,1,3072,13,3615233033
3036,13394470,10814194,24208664,8,0,0,1536,13,8676827860
3037,13396760,10558738,23955498,2,0,0,9216,18,3353524616
3038,13401960,11078567,24480527,7,0,0,47104,13,945125842
3039,13404980,10675439,24080419,1,0,0,123392,8,4785977246
3040,13405730,22585602,35991332,8,0,1,2048,13,530279540
3041,13407870,22583485,35991355,9,0,1,7168,10,9381817129
3042,13412080,22579298,35991378,8,0,1,6656,13,3245213007
3043,13425040,10798231,24223271,6,0,0,1536,6,10466276842
3044,13429640,22623612,36053252,1,0,1,68608,8,8109826481
3045,13443090,22642217,36085307,2,0,1,14336,18,816842922
3046,13449091,10928071,24377162,4,0,0,194048,5,6201151949
3047,13451870,22634743,36086613,9,0,1,2048,10,10215529851
3048,13452861,22635135,36087996,4,0,1,14848,5,760334712
3049,13455920,22647342,36103262,8,0,1,5632,13,4245583087
3050,13458720,10652203,24110923,6,0,0,2560,6,6259999304
3051,13459760,11060454,24520214,1,0,0,26112,8,29244159
3052,13460230,22704280,36164510,1,0,1,45056,8,9527447067
3053,13460370,10637590,24097960,7,0,0,7168,13,1449578766
3054,13464591,22706214,36170805,4,0,1,512,5,78304256
3055,13473440,22706229,36179669,8,0,1,21504,13,9941269480
3056,13474160,10606594,24080754,8,0,0,1024,13,8110335436
3057,13480361,22723373,36203734,4,0,1,3584,5,4559755400
3058,13481000,22722757,36203757,2,0,1,2048,18,6163189597
3059,13481370,22724806,36206176,1,0,1,8704,8,4102022707
3060,13486270,22783789,36270059,8,0,1,7680,13,6985755504
3061,13487761,11133833,24621594,4,0,0,92672,5,3015267768
3062,13493170,22827247,36320417,1,0,1,18944,8,9599761604
3063,13497301,22837024,36334325,4,0,1,4096,5,9862092391
3064,13502860,10808265,24311125,1,0,0,6656,8,8037980763
3065,13505660,22833171,36338831,8,0,1,7168,13,4698871315
3066,13506251,22916852,36423103,4,0,1,3584,5,7354975998
3067,13507871,10924623,24432494,3,0,0,1536,5,6666305425
3068,13507980,23178835,36686815,1,0,1,35328,8,1945986407
3069,13508130,23185283,36693413,1,0,1,6144,8,1703059632
3070,13518380,11050566,24568946,2,0,0,34816,18,2531625177
3071,13521750,23200315,36722065,9,0,1,7168,10,4404292833
3072,13522020,23347367,36869387,9,0,1,3072,10,8312143083
3073,13522650,23346760,36869410,2,0,1,8704,18,7759536750
3074,13533220,11122612,24655832,7,0,0,16384,13,5410705900
3075,13537510,23345362,36882872,1,0,1,20992,8,2790730077
3076,13539010,23486342,37025352,1,0,1,136704,8,8903980365
3077,13540340,10848748,24389088,8,0,0,512,13,3702619720
3078,13540620,23502491,37043111,9,0,1,8192,10,6375781285
3079,13541160,23586191,37127351,9,0,1,7168,10,5809642187
3080,13547130,23832785,37379915,1,0,1,172032,8,3039662070
3081,13547500,23878036,37425536,5,0,1,3072,0,4666052956
3082,13550190,11105977,24656167,8,0,0,1024,13,4672378653
3083,13551471,23874088,37425559,4,0,1,3072,5,9760602376
3084,13558100,11086524,24644624,1,0,0,50176,8,5431585981
3085,13561091,23888390,37449481,0,0,1,54272,14,4950074219
3086,13570630,11051143,24621773,8,0,0,512,13,10301224634
3087,13573940,23922685,37496625,2,0,1,24064,18,10257807489
3088,13579460,23919389,37498849,2,0,1,1024,18,52708104
3089,13579940,11211665,24791605,1,0,0,20992,8,1141039322
3090,13583510,23967647,37551157,1,0,1,54784,8,10462241849
3091,13583830,23978241,37562071,8,0,1,17408,13,2374120676
3092,13584620,23977797,37562417,5,0,1,512,0,738944758
3093,13585841,23978522,37564363,4,0,1,3072,5,7171999494
3094,13588580,10915891,24504471,6,0,0,1024,6,1899283129
3095,13605820,23969981,37575801,9,0,1,1536,10,4373821302
3096,13607560,23968907,37576467,5,0,1,1024,0,2256621614
3097,13607980,11231972,24839952,6,0,0,1024,6,4182428849
3098,13609031,23968742,37577773,4,0,1,2048,5,4210920736
3099,13611120,11147246,24758366,2,0,0,6144,18,604251994
3100,13616050,11101881,24717931,2,0,0,7168,18,9579687414
3101,13621630,23960009,37581639,8,0,1,6144,13,2320067388
3102,13625440,11022395,24647835,8,0,0,4096,13,2387667917
3103,13629500,23955365,37584865,2,0,1,5120,18,4257248498
3104,13630810,24010389,37641199,5,0,1,14336,0,10108160343
3105,13631961,11041163,24673124,3,0,0,3072,5,5895103029
3106,13632690,24022702,37655392,3,0,1,6144,5,3981578956
3107,13634350,24021065,37655415,5,0,1,2560,0,5331437091
3108,13637120,11263915,24901035,1,0,0,22528,8,10281963774
3109,13640211,11099002,24739213,3,0,0,39936,5,657487715
3110,13648490,24033286,37681776,2,0,1,6144,18,3654408793
3111,13648860,24032939,37681799,9,0,1,512,10,1521576009
3112,13655130,11330305,24985435,1,0,0,13312,8,5487191116
3113,13656730,11285739,24942469,2,0,0,29696,18,9876674134
3114,13659351,24022471,37681822,4,0,1,6656,5,1581183032
3115,13660321,24021524,37681845,4,0,1,4608,5,9237481277
3116,13665690,24016178,37681868,5,0,1,17920,0,4669410170
3117,13667731,24049878,37717609,4,0,1,21504,5,2357694338
3118,13670430,11181370,24851800,8,0,0,2560,13,7925644105
3119,13673581,24092477,37766058,4,0,1,7168,5,1759168702
3120,13674770,11133813,24808583,7,0,0,1024,13,7829879940
3121,13677040,24089041,37766081,2,0,1,9216,18,2942657798
3122,13678230,11541949,25220179,7,0,0,125952,13,1429760466
3123,13682551,24083561,37766112,4,0,1,14848,5,5139801105
3124,13683980,11347147,25031127,2,0,0,22016,18,9957864582
3125,13687060,11489480,25176540,1,0,0,86528,8,6275813324
3126,13690170,24075965,37766135,9,0,1,4096,10,1676682027
3127,13697590,11523554,25221144,8,0,0,512,13,7932486529
3128,13698491,11563106,25261597,3,0,0,9728,5,7729752434
3129,13704690,11516159,25220849,1,0,0,2048,8,4262777950
3130,13704880,11476900,25181780,7,0,0,16384,13,3728197294
3131,13713130,24057518,37770648,1,0,1,1024,8,10505479125
3132,13714710,24060124,37774834,9,0,1,6656,10,886871617
3133,13715561,11304040,25019601,4,0,0,5120,5,621015756
3134,13728460,24069794,37798254,9,0,1,4608,10,5585023160
3135,13729460,11447305,25176765,8,0,0,512,13,10721155778
3136,13730081,24070119,37800200,4,0,1,3072,5,8620116110
3137,13740460,11574295,25314755,1,0,0,63488,8,4790041972
3138,13741781,11349508,25091289,3,0,0,36864,5,2307051658
3139,13747040,24056066,37803106,9,0,1,4608,10,894145766
3140,13747430,24079923,37827353,1,0,1,25088,8,3009526326
3141,13751280,11740655,25491935,2,0,0,24576,18,4084921828
3142,13752950,24137989,37890939,1,0,1,90624,8,10645535521
3143,13753361,24143169,37896530,4,0,1,5120,5,5453706452
3144,13754410,24595329,38349739,1,0,1,189440,8,7048624710
3145,13761511,11749427,25510938,4,0,0,31744,5,3941610018
3146,13762200,24587562,38349762,2,0,1,3584,18,8274542020
3147,13764670,11655736,25420406,6,0,0,512,6,3063667673
3148,13768921,24593109,38362030,4,0,1,3072,5,10276765139
3149,13769270,24593324,38362594,9,0,1,10752,10,722347658
3150,13769720,11823729,25593449,1,0,0,13824,8,1952674780
3151,13769980,24598746,38368726,9,0,1,4096,10,6996650531
3152,13776640,24594032,38370672,9,0,1,3072,10,2577144257
3153,13777480,11697355,25474835,1,0,0,147456,8,9377376588
3154,13780050,11808959,25589009,1,0,0,115200,8,7538491830
3155,13780820,24595887,38376707,9,0,1,3072,10,5704644604
3156,13787230,24589500,38376730,3,0,1,2048,5,3228019623
3157,13787531,24669257,38456788,0,0,1,46080,14,2235829455
3158,13795710,24661101,38456811,1,0,1,6144,8,9925391405
3159,13796731,24670266,38466997,4,0,1,5120,5,5579814965
3160,13809480,24657540,38467020,2,0,1,9216,18,5396413771
3161,13814750,24652293,38467043,1,0,1,2560,8,8426264357
3162,13818600,11913465,25732065,6,0,0,512,6,8893373470
3163,13828690,24645731,38474421,1,0,1,19456,8,3863356753
3164,13839850,24634594,38474444,1,0,1,6656,8,9921903257
3165,13841950,24632517,38474467,2,0,1,10240,18,757127466
3166,13843650,11987105,25830755,1,0,0,113152,8,885448442
3167,13846920,24632929,38479849,5,0,1,6144,0,4245550883
3168,13848761,24631320,38480081,4,0,1,3072,5,8176795723
3169,13852441,11859706,25712147,3,0,0,64512,5,3727002081
3170,13860470,24622197,38482667,3,0,1,4096,5,8864512838
3171,13862260,24620663,38482923,5,0,1,9216,0,8383050
3172,13862511,11754362,25616873,3,0,0,30208,5,5829683887
3173,13864631,24621048,38485679,4,0,1,10752,5,841282883
3174,13868930,24640233,38509163,3,0,1,1536,5,187573026
3175,13871340,11775851,25647191,8,0,0,2560,13,1302142945
3176,13876130,24633056,38509186,6,0,1,10240,6,8974248759
3177,13878521,11750086,25628607,4,0,0,20480,5,2000397426
3178,13881721,24667767,38549488,4,0,1,512,5,7159851925
3179,13893970,24655541,38549511,2,0,1,2560,18,6234669823
3180,13894011,11837774,25731785,3,0,0,64000,5,4319484754
3181,13895490,24671227,38566717,3,0,1,2048,5,1696037213
3182,13896931,12020784,25917715,3,0,0,15872,5,8499676703
3183,13902161,24664579,38566740,4,0,1,4096,5,4467022277
3184,13903641,24663122,38566763,4,0,1,512,5,6917138861
3185,13905860,24674724,38580584,1,0,1,30720,8,6521408363
3186,13912601,24668006,38580607,4,0,1,1024,5,4626811816
3187,13916800,11977275,25894075,7,0,0,84480,13,10675272859
3188,13920000,11974254,25894254,8,0,0,512,13,3099204305
3189,13924310,24656320,38580630,9,0,1,18432,10,806027826
3190,13926560,25032652,38959212,1,0,1,45056,8,5928946642
3191,13927070,11971263,25898333,1,0,0,13312,8,6663810473
3192,13931940,11848208,25780148,6,0,0,1024,6,10517968710
3193,13934920,25223938,39158858,1,0,1,75776,8,5181352200
3194,13938020,12068774,26006794,1,0,0,78336,8,6568263060
3195,13938320,25221364,39159684,9,0,1,3072,10,8749601973
3196,13940130,25219577,39159707,3,0,1,8192,5,7220720403
3197,13940230,11846281,25786511,8,0,0,1024,13,474608259
3198,13942301,12034832,25977133,3,0,0,31744,5,5311372872
3199,13943650,12098190,26041840,2,0,0,10752,18,5626272936
3200,13943720,12125972,26069692,1,0,0,21504,8,10584570027
3201,13945680,12134659,26080339,7,0,0,21504,13,3939553359
3202,13951300,12015190,25966490,6,0,0,512,6,569961270
3203,13954481,25225007,39179488,0,0,1,39936,14,4511574658
3204,13958980,25276444,39235424,9,0,1,4096,10,10227224020
3205,13961400,25274047,39235447,8,0,1,1024,13,1285814949
3206,13962800,25272670,39235470,8,0,1,11264,13,2589578872
3207,13966160,12011308,25977468,6,0,0,1024,6,5934288679
3208,13971490,12131383,26102873,8,0,0,1024,13,2676854021
3209,13972141,25315284,39287425,0,0,1,60416,14,1459830569
3210,13973621,12380942,26354563,3,0,0,196608,5,7256642790
3211,13976490,12153764,26130254,8,0,0,1536,13,8204624223
3212,13984930,25337680,39322610,6,0,1,4608,6,2347790347
3213,13991861,25340479,39332340,7,0,1,11776,13,6612869419
3214,13992650,12044165,26036815,1,0,0,9728,8,280036719
3215,13993700,11908712,25902412,1,0,0,13312,8,7141630100
3216,13994450,12244056,26238506,1,0,0,12288,8,4010923575
3217,13999380,25333319,39332699,8,0,1,9728,13,8387936345
3218,14000910,25339496,39340406,2,0,1,1024,18,9761323829
3219,14001001,25495356,39496357,0,0,1,140288,14,782732372
3220,14002581,12353478,26356059,4,0,0,512,5,165685807
3221,14008501,12161274,26169775,4,0,0,15872,5,2297783628
3222,14012210,25492720,39504930,8,0,1,1536,13,146512362
3223,14013651,25527779,39541430,0,0,1,37376,14,4104929681
3224,14019820,12193814,26213634,1,0,0,17408,8,5439639586
3225,14022710,25521946,39544656,6,0,1,5120,6,5933876835
3226,14024000,25527185,39551185,8,0,1,23040,13,9302062380
3227,14026491,25585467,39611958,0,0,1,12800,14,1504355735
3228,14028030,12362636,26390666,7,0,0,15360,13,1056664422
3229,14029101,12338369,26367470,4,0,0,37376,5,5051713037
3230,14031511,25619276,39650787,4,0,1,6656,5,6052288984
3231,14037210,12216595,26253805,6,0,0,5632,6,10350396547
3232,14043780,12311921,26355701,8,0,0,1024,13,9958654900
3233,14044600,25608133,39652733,6,0,1,3072,6,7806363850
3234,14048980,25606019,39654999,6,0,1,3584,6,368556359
3235,14049960,25613023,39662983,3,0,1,5120,5,10658502303
3236,14055390,25608259,39663649,9,0,1,1024,10,8747195036
3237,14061310,12189558,26250868,8,0,0,2048,13,1247823567
3238,14064880,12290486,26355366,6,0,0,2560,6,9702610040
3239,14065920,25598075,39663995,9,0,1,512,10,1842326038
3240,14066050,25598931,39664981,9,0,1,1536,10,3582718
3241,14068531,12373115,26441646,6,0,0,512,6,3155276831
3242,14068801,25646203,39715004,0,0,1,55808,14,2068511391
3243,14069060,12286820,26355880,6,0,0,512,6,5006089547
3244,14071511,25647039,39718550,4,0,1,5632,5,3152278337
3245,14072910,12454158,26527068,7,0,0,47104,13,3069548211
3246,14073850,25659161,39733011,6,0,1,11264,6,1645811406
3247,14078840,12501888,26580728,6,0,0,512,6,4163846016
3248,14080630,12758277,26838907,7,0,0,137728,13,8796101347
3249,14083460,25652457,39735917,9,0,1,4608,10,6771969757
3250,14086410,12502888,26589298,7,0,0,4096,13,5218733757
3251,14086610,25651893,39738503,9,0,1,4096,10,7207485995
3252,14090300,12402988,26493288,6,0,0,512,6,215790843
3253,14094350,25645459,39739809,8,0,1,2048,13,1493565909
3254,14102580,25638202,39740782,6,0,1,12800,6,10587465153
3255,14104930,12422941,26527871,6,0,0,2560,6,4713172748
3256,14108390,12882273,26990663,7,0,0,147968,13,2114582754
3257,14110770,25680731,39791501,6,0,1,1536,6,2710933658
3258,14111490,25680575,39792065,9,0,1,10752,10,3006098069
3259,14113301,12683573,26796874,3,0,0,133632,5,9208914078
3260,14127071,12528521,26655592,6,0,0,47616,6,2329107663
3261,14132130,12499630,26631760,1,0,0,11264,8,10382843826
3262,14138551,25672550,39811101,4,0,1,14336,5,4972979717
3263,14141920,25669847,39811767,9,0,1,11264,10,4723885372
3264,14150730,12505197,26655927,7,0,0,1024,13,8293021119
3265,14152900,25696532,39849432,8,0,1,12288,13,10730994399
3266,14157150,12682404,26839554,8,0,0,2048,13,10703345590
3267,14161230,12496936,26658166,8,0,0,1024,13,3614934977
3268,14162290,25687165,39849455,8,0,1,512,13,899780538
3269,14171580,12669869,26841449,6,0,0,6144,6,8675934278
3270,14175190,25674288,39849478,6,0,1,7168,6,926280338
3271,14178610,25725287,39903897,9,0,1,6144,10,2873417682
3272,14179470,12727044,26906514,2,0,0,12800,18,2818444611
3273,14196450,25707470,39903920,8,0,1,22528,13,396051223
3274,14202771,12788227,26990998,3,0,0,1024,5,1161074750
3275,14206291,25697652,39903943,4,0,1,3072,5,915327700
3276,14211611,12895575,27107186,4,0,0,167936,5,4433700483
3277,14217170,12726240,26943410,7,0,0,11776,13,1405616635
3278,14234950,25669016,39903966,8,0,1,1024,13,8576017057
3279,14236130,25667859,39903989,9,0,1,2048,10,8841714636
3280,14237050,12773872,27010922,7,0,0,13312,13,8592089032
3281,14238271,12873173,27111444,6,0,0,13824,6,10718180522
3282,14244690,25659330,39904020,9,0,1,9216,10,4045762759
3283,14246960,25683938,39930898,6,0,1,9728,6,2148355057
3284,14249430,25681491,39930921,9,0,1,3072,10,2470560203
3285,14256571,12950223,27206794,6,0,0,4608,6,3413671728
3286,14272120,25658848,39930968,6,0,1,4608,6,971978280
3287,14273551,12845716,27119267,3,0,0,25600,5,6730914329
3288,14276020,13094068,27370088,2,0,0,57344,18,808640464
3289,14277370,25670336,39947706,6,0,1,20480,6,781131051
3290,14277540,12842062,27119602,8,0,0,1024,13,5508056082
3291,14281291,25721865,40003156,4,0,1,2048,5,9839623227
3292,14282570,12837211,27119781,8,0,0,512,13,941584993
3293,14283330,25722092,40005422,8,0,1,3584,13,7261317146
3294,14284270,25721818,40006088,8,0,1,1024,13,879841726
3295,14284310,12981021,27265331,2,0,0,15360,18,5754039145
3296,14285531,12919836,27205367,6,0,0,74240,6,222419442
3297,14287640,25720074,40007714,8,0,1,2560,13,2223169072
3298,14288570,12923239,27211809,1,0,0,16384,8,9737115387
3299,14291370,13012775,27304145,1,0,0,30720,8,5244227400
3300,14292191,26066425,40358616,0,0,1,131584,14,6855577003
3301,14292761,13029764,27322525,6,0,0,50688,6,5600027997
3302,14294660,26136368,40431028,9,0,1,19968,10,4439534490
3303,14295491,26150871,40446362,4,0,1,4096,5,9949187484
3304,14299430,13393096,27692526,1,0,0,98816,8,8123219175
3305,14299491,13169633,27469124,4,0,0,13824,5,861145537
3306,14301380,26145005,40446385,8,0,1,5632,13,4347331934
3307,14304030,26216414,40520444,8,0,1,28160,13,9523510954
3308,14307681,13037733,27345414,3,0,0,8704,5,3331775636
3309,14308450,13094992,27403442,8,0,0,1024,13,7337009340
3310,14317800,26202667,40520467,6,0,1,2048,6,10403453268
3311,14322661,26197829,40520490,4,0,1,2560,5,1247782368
3312,14324510,26196003,40520513,6,0,1,7680,6,1827438311
3313,14324860,13185011,27509871,6,0,0,15872,6,4224503683
3314,14325930,13295155,27621085,1,0,0,23040,8,4484839489
3315,14330570,13411890,27742460,1,0,0,61952,8,225705623
3316,14334840,26185696,40520536,6,0,1,11776,6,7165093824
3317,14338060,26182499,40520559,9,0,1,1536,10,1541008294
3318,14341801,26178781,40520582,0,0,1,28672,14,1359272309
3319,14342751,13370794,27713545,4,0,0,22016,5,4712157816
3320,14350811,26171557,40522368,4,0,1,5120,5,4718242865
3321,14362860,26191074,40553934,3,0,1,2048,5,3777931793
3322,14363061,13162646,27525707,3,0,0,17408,5,7807698720
3323,14369940,26184017,40553957,3,0,1,6144,5,1938336868
3324,14370350,13068276,27438626,6,0,0,2048,6,7719022159
3325,14371251,13335494,27706745,3,0,0,46592,5,8237234160
3326,14372700,13386841,27759541,6,0,0,7168,6,93390866
3327,14378480,26175500,40553980,8,0,1,512,13,8708295015
3328,14394011,26159992,40554003,4,0,1,512,5,3319418414
3329,14397560,26186441,40584001,6,0,1,2560,6,938513757
3330,14400550,13356776,27757326,7,0,0,12800,13,5341379368
3331,14402430,26181594,40584024,8,0,1,512,13,4452261223
3332,14403250,13407291,27810541,7,0,0,90624,13,2082987219
3333,14406791,26213338,40620129,0,0,1,48128,14,979342257
3334,14408670,26211482,40620152,8,0,1,4096,13,9074664326
3335,14411790,13422825,27834615,2,0,0,9216,18,6242820597
3336,14414090,13430220,27844310,6,0,0,31744,6,9362987348
3337,14415060,13531286,27946346,1,0,0,15872,8,4758231604
3338,14415180,26204995,40620175,9,0,1,4608,10,3181147920
3339,14415281,13338122,27753403,3,0,0,35840,5,4321790360
3340,14417200,13480952,27898152,2,0,0,9216,18,1300351113
3341,14418420,13569810,27988230,7,0,0,72192,13,1130686378
3342,14423770,26198468,40622238,6,0,1,4608,6,6755236264
3343,14426860,13334264,27761124,2,0,0,5120,18,9717809982
3344,14430270,13511217,27941487,6,0,0,104960,6,7990827338
3345,14433671,26193572,40627243,4,0,1,5120,5,2038077813
3346,14437451,26268968,40706419,4,0,1,19456,5,8186580111
3347,14437840,13508864,27946704,8,0,0,1024,13,10444055429
3348,14441540,26308176,40749716,9,0,1,512,10,4350485008
3349,14442810,13678285,28121095,7,0,0,19968,13,9342708369
3350,14452901,13603434,28056335,3,0,0,31232,5,2001479862
3351,14452960,26298382,40751342,8,0,1,2560,13,1027725447
3352,14453881,13642654,28096535,3,0,0,22016,5,7969337261
3353,14457060,26306226,40763286,6,0,1,5120,6,3475541425
3354,14462021,26301288,40763309,4,0,1,1536,5,5940750363
3355,14464960,13624197,28089157,7,0,0,25600,13,10560893008
3356,14465491,26652832,41118323,0,0,1,74752,14,4526893466
3357,14467660,26650686,41118346,6,0,1,9728,6,8947623271
3358,14478091,26640278,41118369,4,0,1,1024,5,2776571131
3359,14481440,13514948,27996388,1,0,0,26624,8,10371540868
3360,14482420,13704360,28186780,7,0,0,68096,13,8374062028
3361,14490310,13916416,28406726,7,0,0,32768,13,8287355146
3362,14491100,26631327,41122427,6,0,1,7680,6,8729570870
3363,14491290,14390048,28881338,6,0,0,13312,6,9490778194
3364,14491681,26632372,41124053,4,0,1,2560,5,6183875753
3365,14493370,26638056,41131426,9,0,1,1536,10,9639481361
3366,14498800,26634892,41133692,6,0,1,3584,6,2349386126
3367,14500210,13950490,28450700,1,0,0,35840,8,8848426543
3368,14504600,13643495,28148095,7,0,0,17920,13,8949946130
3369,14511061,13700492,28211553,4,0,0,37376,5,8264981321
3370,14511861,26623457,41135318,0,0,1,2560,14,3846873329
3371,14512040,26623534,41135574,6,0,1,9216,6,6790950274
3372,14518170,13821740,28339910,7,0,0,66560,13,8239858243
3373,14526870,26667927,41194797,6,0,1,3584,6,8948223810
3374,14532130,13820797,28352927,1,0,0,42496,8,5293241448
3375,14535720,26820936,41356656,1,0,1,19456,8,3821141644
3376,14538970,26817709,41356679,9,0,1,512,10,3354212164
3377,14541171,26815531,41356702,0,0,1,1024,14,257675033
3378,14541991,27030129,41572120,0,0,1,71168,14,6972827306
3379,14551600,27129278,41680878,8,0,1,8192,13,4330382164
3380,14564311,27128693,41693004,4,0,1,2048,5,8032139155
3381,14570631,27248243,41818874,0,0,1,62976,14,3727664158
3382,14583881,27235016,41818897,4,0,1,1536,5,2893790948
3383,14587561,14094140,28681701,3,0,0,38400,5,5847857651
3384,14590550,27250865,41841415,9,0,1,5632,10,1391573295
3385,14592391,27249055,41841446,4,0,1,12288,5,9081770027
3386,14592891,27248594,41841485,4,0,1,14848,5,7183943654
3387,14598860,27242648,41841508,8,0,1,5120,13,2280206236
3388,14604460,27237071,41841531,9,0,1,3584,10,8028665911
3389,14604530,14060431,28664961,2,0,0,38912,18,2703424447
3390,14607691,13900501,28508192,4,0,0,77312,5,7533273037
3391,14611740,13844599,28456339,6,0,0,18432,6,2596247518
3392,14620241,13837369,28457610,4,0,0,4096,5,2895366855
3393,14623650,13955793,28579443,6,0,0,51200,6,4573405076
3394,14630531,27212443,41842974,0,0,1,3072,14,289054141
3395,14630921,13909293,28540214,3,0,0,20992,5,4888757284
3396,14632430,14227467,28859897,1,0,0,45056,8,6107160272
3397,14634410,14014924,28649334,7,0,0,71680,13,5464528196
3398,14639300,13834837,28474137,6,0,0,9728,6,1999055328
3399,14639690,14083402,28723092,6,0,0,70656,6,7883418173
3400,14640100,14088631,28728731,7,0,0,18432,13,9132076039
3401,14643420,14127941,28771361,2,0,0,83968,18,4948540182
3402,14646370,27196950,41843320,6,0,1,512,6,7552204919
3403,14648011,14035741,28683752,4,0,0,6656,5,10080330407
3404,14649640,14420786,29070426,2,0,0,142336,18,9860196638
3405,14649841,27197665,41847506,4,0,1,6656,5,2043919412
3406,14655831,27277376,41933207,0,0,1,37888,14,1786127672
3407,14659961,14216963,28876924,4,0,0,55808,5,7240392211
3408,14661601,14157298,28818899,3,0,0,27136,5,5331882914
3409,14663070,14407847,29070917,8,0,0,1536,13,6013225548
3410,14665700,27290927,41956627,8,0,1,11264,13,7376620989
3411,14667010,14433941,29100951,1,0,0,41472,8,6860153336
3412,14669190,27291412,41960602,6,0,1,2560,6,7432335645
3413,14673150,27288758,41961908,8,0,1,2048,13,2399225628
3414,14677090,27285484,41962574,9,0,1,1024,10,6745874799
3415,14686201,27278639,41964840,4,0,1,3584,5,820771503
3416,14694720,13970732,28665452,8,0,0,1536,13,5560331933
3417,14696080,27269746,41965826,6,0,1,1536,6,3208361923
3418,14696861,14198997,28895858,4,0,0,33792,5,4822781342
3419,14698180,14404260,29102440,6,0,0,4608,6,4097308882
3420,14698351,27268141,41966492,4,0,1,1024,5,1342346552
3421,14700140,27267658,41967798,8,0,1,2048,13,6738796600
3422,14703900,27278124,41982024,9,0,1,5632,10,33092842
3423,14712961,14607567,29320528,4,0,0,90624,5,1668672449
3424,14715849,14451903,29167752,9,0,0,57344,10,1933218181
3425,14717100,27276929,41994029,6,0,1,512,6,3278612382
3426,14719111,14305990,29025101,4,0,0,9728,5,2594349437
3427,14719320,14189058,28908378,8,0,0,1024,13,2155719979
3428,14720020,14157239,28877259,8,0,0,1024,13,1390063951
3429,14721200,14204090,28925290,8,0,0,2048,13,3764409995
3430,14723120,14388079,29111199,6,0,0,28672,6,475974817
3431,14723220,15028127,29751347,1,0,0,83456,8,8115939182
3432,14729420,14632706,29362126,6,0,0,61952,6,6682624894
3433,14732740,14171654,28904394,8,0,0,3072,13,7925412145
3434,14733580,14354144,29087724,1,0,0,16384,8,697145712
3435,14741890,27253445,41995335,8,0,1,2048,13,3291328480
3436,14748220,27289508,42037728,8,0,1,2048,13,8528507062
3437,14750520,14509192,29259712,2,0,0,2560,18,5896195301
3438,14763811,14378547,29142358,3,0,0,18432,5,2783648134
3439,14765580,27272171,42037751,9,0,1,7680,10,9221034723
3440,14773450,14309190,29082640,7,0,0,38400,13,10273620452
3441,14775570,14555456,29331026,8,0,0,1024,13,311857218
3442,14776791,14508969,29285760,4,0,0,34816,5,7673197829
3443,14780381,14554724,29335105,4,0,0,13312,5,3200173211
3444,14794250,14349067,29143317,2,0,0,3072,18,10399533569
3445,14795150,14334998,29130148,8,0,0,512,13,3072613407
3446,14797750,27247083,42044833,8,0,1,1024,13,5794529789
3447,14800921,14433120,29234041,3,0,0,512,5,10476708717
3448,14810010,27237325,42047335,8,0,1,12800,13,9947717446
3449,14817590,27230731,42048321,8,0,1,1536,13,6612863807
3450,14818700,14306557,29125257,8,0,0,1536,13,1991394003
3451,14820690,27227785,42048475,8,0,1,8704,13,9224094407
3452,14820871,14374005,29194876,3,0,0,13824,5,6291986650
3453,14823600,14264661,29088261,8,0,0,1536,13,146693813
3454,14823930,14841818,29665748,2,0,0,44032,18,10572605435
3455,14827420,27241044,42068464,8,0,1,9216,13,3266959372
3456,14832930,14497761,29330691,2,0,0,33280,18,996404806
3457,14835461,14701581,29537042,4,0,0,62976,5,4375612536
3458,14840051,27228436,42068487,7,0,1,6144,13,6492790079
3459,14846601,14439806,29286407,3,0,0,2048,5,2824028451
3460,14848650,27223207,42071857,6,0,1,4096,6,967287726
3461,14852100,14944014,29796114,7,0,0,16896,13,4476381084
3462,14853841,14649530,29503371,4,0,0,27648,5,6443242295
3463,14869810,27207193,42077003,6,0,1,8192,6,3331016267
3464,14870650,14894182,29764832,8,0,0,1536,13,5234468230
3465,14872131,14645684,29517815,4,0,0,47104,5,5672320691
3466,14872940,14504941,29377881,6,0,0,3072,6,7052534590
3467,14873421,14675032,29548453,3,0,0,37376,5,483872461
3468,14874180,14559528,29433708,2,0,0,25600,18,7895264412
3469,14878781,14616143,29494924,3,0,0,73216,5,9301912665
3470,14889400,14371224,29260624,8,0,0,512,13,566567922
3471,14889410,14534990,29424400,7,0,0,3072,13,8184925062
3472,14889820,14748221,29638041,7,0,0,31232,13,5697818744
3473,14891230,14556998,29448228,2,0,0,512,18,4377409231
3474,14916430,14531619,29448049,7,0,0,28672,13,5307810561
3475,14917270,14674166,29591436,2,0,0,6656,18,3608465327
3476,14925610,14527773,29453383,2,0,0,8704,18,8111894267
3477,14942640,27148265,42090905,6,0,1,5632,6,7743284628
3478,14944120,14667185,29611305,8,0,0,2048,13,4460646974
3479,14946080,14614282,29560362,6,0,0,36864,6,9389996404
3480,14949320,14628948,29578268,7,0,0,35328,13,2331701748
3481,14949880,14445538,29395418,8,0,0,2048,13,1082754088
3482,14951841,14719858,29671699,3,0,0,19456,5,232157441
3483,14970891,14983561,29954452,3,0,0,34304,5,8126239566
3484,14973450,15047852,30021302,7,0,0,144896,13,6215744169
3485,14973780,14879583,29853363,8,0,0,1024,13,8340840210
3486,14981440,14955956,29937396,6,0,0,35840,6,2426633869
3487,14994210,14770131,29764341,1,0,0,34816,8,8272372878
3488,15011010,15082791,30093801,7,0,0,40960,13,2103313764
3489,15012150,27080701,42092851,5,0,1,3072,0,9850758511
3490,15014100,14711187,29725287,1,0,0,24064,8,2537460540
3491,15016460,27077876,42094336,8,0,1,15360,13,1288266939
3492,15021720,27081432,42103152,6,0,1,1024,6,3053590960
3493,15032230,14813111,29845341,7,0,0,69120,13,1449071209
3494,15033400,15162799,30196199,1,0,0,82944,8,3020377320
3495,15039840,27285761,42325601,1,0,1,62976,8,3720190439
3496,15040670,27284954,42325624,1,0,1,10240,8,3818380677
3497,15041850,27284288,42326138,5,0,1,3072,0,5994367372
3498,15044200,27281961,42326161,6,0,1,4608,6,233214313
3499,15045360,14575344,29620704,2,0,0,512,18,2890313304
3500,15050750,14926381,29977131,2,0,0,61952,18,6036629806
3501,15055300,27306085,42361385,8,0,1,1024,13,10647596028
3502,15055440,15102286,30157726,2,0,0,39936,18,8175593290
3503,15055520,27664037,42719557,1,0,1,135680,8,9823466136
3504,15057430,27681932,42739362,5,0,1,21504,0,5970216310
3505,15059590,15007427,30067017,2,0,0,93696,18,8105848414
3506,15062460,15194001,30256461,2,0,0,197632,18,449598651
3507,15063921,14782787,29846708,3,0,0,512,5,8945272614
3508,15064090,14689620,29753710,2,0,0,7680,18,4444723487
3509,15067120,15211227,30278347,2,0,0,17920,18,6012144064
3510,15078220,14993858,30072078,2,0,0,16384,18,3720492665
3511,15081740,15307321,30389061,8,0,0,1024,13,4155456356
3512,15085150,27692097,42777247,5,0,1,11776,0,5105052712
3513,15086890,15224808,30311698,1,0,0,58880,8,2616578165
3514,15102251,15068653,30170904,4,0,0,28672,5,9552616046
3515,15104121,15168743,30272864,4,0,0,53760,5,7442593751
3516,15104140,27673130,42777270,5,0,1,512,0,9091635571
3517,15107700,14914249,30021949,8,0,0,2048,13,3232991326
3518,15110610,27666683,42777293,6,0,1,1536,6,5453037747
3519,15115200,15178481,30293681,2,0,0,48640,18,7233414262
3520,15127290,27650026,42777316,1,0,1,7680,8,7107277864
3521,15138430,27659470,42797900,1,0,1,51712,8,1329802217
3522,15139210,27718075,42857285,5,0,1,14848,0,3989393441
3523,15150210,27707098,42857308,5,0,1,1536,0,9469634949
3524,15156251,14925024,30081275,4,0,0,21504,5,3833412347
3525,15163240,27694091,42857331,5,0,1,2560,0,9994709049
3526,15172110,15359815,30531925,2,0,0,30208,18,4595774546
3527,15182331,15249937,30432268,3,0,0,30208,5,5617600668
3528,15185001,15257811,30442812,4,0,0,34304,5,3721016384
3529,15187211,27670143,42857354,7,0,1,4096,13,5236413343
3530,15210850,27679142,42889992,1,0,1,46080,8,8156825076
3531,15213141,15476591,30689732,4,0,0,75264,5,399986311
3532,15216960,15322861,30539821,2,0,0,10752,18,8298604144
3533,15224230,15126818,30351048,7,0,0,19456,13,332872897
3534,15224590,15054248,30278838,8,0,0,1536,13,3805662720
3535,15225590,27665028,42890618,8,0,1,2048,13,915043490
3536,15226561,15238789,30465350,3,0,0,29184,5,1085432164
3537,15232320,27658554,42890874,1,0,1,9216,8,1836818816
3538,15237690,15098824,30336514,2,0,0,18432,18,9266559031
3539,15239960,15347417,30587377,1,0,0,30720,8,6529677916
3540,15240450,27659467,42899917,6,0,1,4096,6,1840383635
3541,15246990,15093541,30340531,1,0,0,4608,8,64693766
3542,15250930,27651893,42902823,1,0,1,4608,8,7010824142
3543,15260861,15256872,30517733,4,0,0,2560,5,8254204389
3544,15264300,15130056,30394356,1,0,0,7680,8,8241378539
3545,15272470,15116256,30388726,7,0,0,48640,13,2903628283
3546,15276240,15287627,30563867,8,0,0,512,13,10310623296
3547,15286391,15439712,30726103,4,0,0,119296,5,8801864993
3548,15287921,15177764,30465685,3,0,0,1024,5,1050600249
3549,15287950,15156834,30444784,7,0,0,6144,13,1953577922
3550,15296920,15260938,30557858,2,0,0,28160,18,8483950338
3551,15299850,15546661,30846511,1,0,0,11776,8,2424592812
3552,15301270,27603473,42904743,8,0,1,2048,13,3183418261
3553,15302040,15298934,30600974,0,0,0,512,14,9039438661
3554,15303780,27604189,42907969,5,0,1,5120,0,3200092126
3555,15304320,15339069,30643389,2,0,0,12288,18,1697729324
3556,15310661,15652865,30963526,3,0,0,53760,5,6697835419
3557,15316970,27632030,42949000,8,0,1,21504,13,494436046
3558,15338250,27645251,42983501,8,0,1,4608,13,3964148634
3559,15343770,15475118,30818888,7,0,0,23040,13,7764001393
3560,15344560,27639927,42984487,3,0,1,1536,5,6052343234
3561,15353690,15638031,30991721,8,0,0,512,13,6737672599
3562,15357330,15139619,30496949,8,0,0,1024,13,639141195
3563,15357600,27627873,42985473,8,0,1,1536,13,7531553623
3564,15361820,15374290,30736110,1,0,0,32768,8,2156555985
3565,15363940,15654207,31018147,7,0,0,19968,13,6434337726
3566,15368091,15413084,30781175,3,0,0,16896,5,5502958072
3567,15371800,27619192,42990992,5,0,1,2560,0,6489169007
3568,15373270,15618272,30991542,1,0,0,91648,8,9334124132
3569,15373730,27662892,43036622,9,0,1,27136,10,4056883449
3570,15380050,15220745,30600795,2,0,0,9728,18,1331292225
3571,15382671,15191816,30574487,3,0,0,11264,5,5578813921
3572,15394960,27641685,43036645,3,0,1,1024,5,8792528280
3573,15395200,15616840,31012040,7,0,0,66560,13,776298451
3574,15405200,15357753,30762953,2,0,0,69120,18,10150497469
3575,15407571,27629097,43036668,0,0,1,20992,14,3908631533
3576,15409720,27626971,43036691,9,0,1,3072,10,1154206193
3577,15413560,27623154,43036714,9,0,1,11264,10,4421585761
3578,15426291,15635144,31061435,3,0,0,32768,5,2361430892
3579,15427571,15426139,30853710,4,0,0,23552,5,7540830448
3580,15427940,27636119,43064059,8,0,1,11264,13,8777654575
3581,15431081,27662420,43093501,0,0,1,62464,14,3754903077
3582,15431460,27757247,43188707,3,0,1,5120,5,5001673481
3583,15436500,27938160,43374660,1,0,1,66560,8,5660027780
3584,15439630,15434560,30874190,7,0,0,5120,13,5496530376
3585,15446801,15500322,30947123,4,0,0,84992,5,7954741276
3586,15458410,27917236,43375646,8,0,1,1536,13,8649530701
3587,15461160,15557501,31018661,8,0,0,1536,13,8367081726
3588,15462220,27914092,43376312,3,0,1,1024,5,6061742225
3589,15464310,27913948,43378258,3,0,1,3072,5,185129622
3590,15468450,15600808,31069258,1,0,0,25600,8,4862888587
3591,15471781,27926906,43398687,4,0,1,11264,5,4356071102
3592,15484540,15282739,30767279,8,0,0,1536,13,6500000226
3593,15487601,27918178,43405779,0,0,1,11264,14,4318671215
3594,15497281,15331521,30828802,3,0,0,22528,5,5228820527
3595,15500990,27951470,43452460,8,0,1,8704,13,4894297810
3596,15510690,15324784,30835474,8,0,0,4096,13,9469563196
3597,15511670,27940813,43452483,3,0,1,5632,5,6472237121
3598,15513751,27938755,43452506,4,0,1,14848,5,598225483
3599,15517750,15518146,31035896,1,0,0,23552,8,1727313359
3600,15518901,15509742,31028643,3,0,0,32256,5,438885710
3601,15525071,15876855,31401926,3,0,0,99840,5,5411590736
3602,15529000,15611963,31140963,8,0,0,23040,13,7204483606
3603,15533150,15758356,31291506,1,0,0,129536,8,4311010159
3604,15533370,15689495,31222865,7,0,0,57344,13,6471289478
3605,15534911,27917618,43452529,4,0,1,512,5,9193558379
3606,15535250,15691226,31226476,8,0,0,11776,13,6020652547
3607,15537260,15962554,31499814,8,0,0,17920,13,8045040509
3608,15545440,15750012,31295452,1,0,0,1536,8,7345658214
3609,15554270,15863302,31417572,1,0,0,50688,8,6431595040
3610,15555730,16298477,31854207,1,0,0,8704,8,5801504863
3611,15556641,15757402,31314043,3,0,0,7680,5,9298221762
3612,15566390,27886162,43452552,8,0,1,1536,13,630229203
3613,15569900,27907056,43476956,3,0,1,12800,5,5188894315
3614,15571160,16164518,31735678,7,0,0,168448,13,10661177398
3615,15571771,15880172,31451943,3,0,0,3072,5,6265653476
3616,15573941,27903038,43476979,4,0,1,7168,5,6620378425
3617,15574451,27916006,43490457,4,0,1,10240,5,5920912524
3618,15574940,15959337,31534277,7,0,0,54272,13,2596803288
3619,15577960,27920507,43498467,8,0,1,3584,13,2974913476
3620,15584500,16158081,31742581,2,0,0,22528,18,110434388
3621,15586110,16179370,31765480,2,0,0,58880,18,159526456
3622,15587160,15764791,31351951,1,0,0,23040,8,3608190791
3623,15588570,16217833,31806403,8,0,0,10240,13,6736380550
3624,15589031,28151203,43740234,0,0,1,179712,14,6375014291
3625,15589841,28177699,43767540,4,0,1,3072,5,6714964384
3626,15595591,28172935,43768526,4,0,1,1536,5,7199007208
3627,15603850,15959014,31562864,7,0,0,4608,13,10440333124
3628,15608001,28161831,43769832,4,0,1,2048,5,5669498626
3629,15614831,28162733,43777564,0,0,1,23552,14,4713861589
3630,15628810,28160284,43789094,8,0,1,4608,13,4886449110
3631,15629441,28193273,43822714,0,0,1,26112,14,423686630
3632,15632901,15884817,31517718,3,0,0,43520,5,2959397857
3633,15637840,15785839,31423679,8,0,0,19968,13,2822060275
3634,15639240,15762865,31402105,8,0,0,512,13,3692827522
3635,15643401,28194784,43838185,4,0,1,1536,5,9516804116
3636,15644410,15893790,31538200,7,0,0,12800,13,7747503310
3637,15648180,15646781,31294961,8,0,0,11264,13,1183416709
3638,15648230,28191208,43839438,8,0,1,3072,13,5925264483
3639,15651410,16382432,32033842,8,0,0,11264,13,5436568963
3640,15651901,28296411,43948312,0,0,1,60928,14,9068427418
3641,15654170,28295128,43949298,8,0,1,1536,13,680170019
3642,15654921,28294723,43949644,7,0,1,512,13,10540560500
3643,15660260,28293570,43953830,3,0,1,6656,5,10712402427
3644,15660680,28320464,43981144,3,0,1,7168,5,3936483421
3645,15660880,16234073,31894953,8,0,0,10240,13,85231220
3646,15665640,15649050,31314690,2,0,0,2048,18,8208810346
3647,15670120,16408402,32078522,7,0,0,26624,13,7686437095
3648,15675831,15903774,31579605,3,0,0,17408,5,2457986457
3649,15689170,28294240,43983410,3,0,1,3584,5,3954012769
3650,15694621,28425693,44120314,0,0,1,47104,14,2594350062
3651,15700970,15786631,31487601,8,0,0,17920,13,8246450823
3652,15706140,16433537,32139677,7,0,0,124416,13,2214646750
3653,15707401,28412936,44120337,4,0,1,2048,5,5633336168
3654,15729640,16241921,31971561,8,0,0,51712,13,7572113633
3655,15731290,15714927,31446217,1,0,0,13824,8,2664033827
3656,15731411,28392804,44124215,4,0,1,1024,5,1732906055
3657,15732670,28396276,44128946,3,0,1,2560,5,3697152690
3658,15735871,16011592,31747463,3,0,0,15872,5,1840026595
3659,15737511,28409038,44146549,7,0,1,10240,13,10280751380
3660,15740601,28448799,44189400,0,0,1,512,14,5559656189
3661,15740971,28448452,44189423,4,0,1,1024,5,1668179521
3662,15747710,16121566,31869276,2,0,0,29696,18,822227907
3663,15748480,15935782,31684262,1,0,0,49664,8,6134735809
3664,15748871,28440575,44189446,4,0,1,3072,5,3391477064
3665,15748941,28488301,44237242,0,0,1,47616,14,6187161165
3666,15752741,28485167,44237908,4,0,1,1024,5,3963481698
3667,15755261,28638729,44393990,0,0,1,58880,14,2399264824
3668,15755880,16235429,31991309,8,0,0,64512,13,5243970659
3669,15757640,16013183,31770823,8,0,0,17408,13,7197294721
3670,15767071,28633541,44400612,0,0,1,7168,14,6281195048
3671,15769811,28644963,44414774,4,0,1,13312,5,5409345640
3672,15773261,28642179,44415440,7,0,1,1024,13,271362335
3673,15776650,16015934,31792584,1,0,0,4608,8,8527679471
3674,15776971,28642015,44418986,0,0,1,5632,14,9481927655
3675,15777700,28641632,44419332,9,0,1,512,10,4108845967
3676,15791700,16134630,31926330,2,0,0,4096,18,4375181525
3677,15795020,15977699,31772719,2,0,0,512,18,7097647250
3678,15798650,28622308,44420958,8,0,1,2560,13,3195076223
3679,15800770,16244740,32045510,1,0,0,29184,8,5063601866
3680,15818071,16093863,31911934,3,0,0,3584,5,1472381754
3681,15821411,28697107,44518518,4,0,1,6656,5,4751542611
3682,15824270,28694271,44518541,8,0,1,6656,13,1626535476
3683,15835210,16572592,32407802,2,0,0,224768,18,4271254110
3684,15835610,28682954,44518564,8,0,1,1024,13,5392751848
3685,15841550,28677037,44518587,6,0,1,1024,6,1236984149
3686,15844350,28674260,44518610,3,0,1,2048,5,2699391726
3687,15845000,16101667,31946667,8,0,0,5120,13,5553977163
3688,15846180,16407774,32253954,8,0,0,32256,13,9592430399
3689,15846300,16631320,32477620,8,0,0,47616,13,9230907671
3690,15847401,28671232,44518633,4,0,1,12800,5,6670263343
3691,15850750,16328761,32179511,7,0,0,62464,13,7816211995
3692,15864631,28654025,44518656,7,0,1,2560,13,354277861
3693,15865571,28653108,44518679,7,0,1,512,13,8842375537
3694,15872090,16268234,32140324,1,0,0,2048,8,5767497167
3695,15873730,28644972,44518702,8,0,1,6656,13,1600223047
3696,15884860,28633865,44518725,3,0,1,3072,5,6403867024
3697,15887721,28631027,44518748,7,0,1,8192,13,1548064488
3698,15892401,28636481,44528882,4,0,1,3072,5,6136972565
3699,15899441,28633307,44532748,0,0,1,6144,14,1226685542
3700,15901130,16242805,32143935,8,0,0,11776,13,1406237201
3701,15927110,28612543,44539653,3,0,1,1536,5,2434105149
3702,15929220,28641325,44570545,3,0,1,3584,5,1603735932
3703,15929331,16313270,32242601,3,0,0,4096,5,5738626512
3704,15933260,16510920,32444180,1,0,0,15360,8,4844635884
3705,15938171,28632397,44570568,7,0,1,1024,13,8009179505
3706,15941571,28651292,44592863,0,0,1,54784,14,9150755657
3707,15943040,28692752,44635792,2,0,1,3072,18,9529928008
3708,15944950,16313683,32258633,2,0,0,3584,18,9901420376
3709,15946370,28698482,44644852,3,0,1,1024,5,6105686453
3710,15946950,16136499,32083449,2,0,0,1536,18,397242991
3711,15947721,28825078,44772799,0,0,1,141312,14,3714824413
3712,15948470,28890571,44839041,3,0,1,1024,5,10282745378
3713,15948790,28893797,44842587,3,0,1,5632,5,1031286603
3714,15949630,16568500,32518130,8,0,0,30208,13,5588677374
3715,15949820,28969919,44919739,8,0,1,7168,13,2804738415
3716,15953810,28967235,44921045,8,0,1,2048,13,3962766382
3717,15955320,16683182,32638502,7,0,0,142848,13,4816462568
3718,15956920,28998811,44955731,8,0,1,4096,13,1101938787
3719,15962610,16534466,32497076,8,0,0,27648,13,9757635019
3720,15967240,16951182,32918422,7,0,0,227328,13,5446820215
3721,15968880,16342016,32310896,1,0,0,9216,8,10565409860
3722,15971230,28984524,44955754,3,0,1,9728,5,37613284
3723,15978150,16676390,32654540,7,0,0,15872,13,1584614040
3724,15979680,16776574,32756254,2,0,0,41472,18,10349520328
3725,15986420,28969536,44955956,8,0,1,4096,13,4013764883
3726,15987030,16783083,32770113,1,0,0,2560,8,7766789115
3727,15989950,28985420,44975370,3,0,1,3584,5,10680578935
3728,15998791,29179034,45177825,0,0,1,113152,14,10185366562
3729,16004031,16703700,32707731,3,0,0,124416,5,4064299294
3730,16008040,16498254,32506294,2,0,0,15360,18,7109924710
3731,16009461,29169990,45179451,7,0,1,2560,13,7226425254
3732,16012731,16520876,32533607,3,0,0,7680,5,8282194462
3733,16016670,16632064,32648734,7,0,0,5120,13,8486043385
3734,16019830,16723765,32743595,7,0,0,33792,13,8938145140
3735,16028040,29153890,45181930,3,0,1,2560,5,3482481827
3736,16028060,16619091,32647151,8,0,0,14848,13,8486709244
3737,16032330,16736964,32769294,7,0,0,22016,13,8510724117
3738,16039251,29146865,45186116,0,0,1,6656,14,1749879995
3739,16039980,16722537,32762517,7,0,0,20480,13,4933079301
3740,16042071,29144967,45187038,0,0,1,10240,14,1586701710
3741,16042821,16599783,32642604,3,0,0,13312,5,1984541119
3742,16049060,16891496,32940556,2,0,0,72192,18,1361105171
3743,16054210,29136412,45190622,3,0,1,2048,5,1258049875
3744,16055961,29175097,45231058,7,0,1,7680,13,1015669654
3745,16073161,29266139,45339300,0,0,1,58880,14,8810697546
3746,16085760,29254526,45340286,8,0,1,1536,13,7852956311
3747,16105591,29239521,45345112,0,0,1,7680,14,8158246247
3748,16109521,16972907,33082428,3,0,0,62976,5,964546365
3749,16113250,17009417,33122667,7,0,0,97792,13,8314692083
3750,16119691,29290681,45410372,7,0,1,8192,13,6850377544
3751,16124660,16896589,33021249,1,0,0,34304,8,10250002034
3752,16126110,16884664,33010774,8,0,0,46080,13,7444398307
3753,16134661,29275734,45410395,4,0,1,3072,5,1991275264
3754,16142380,29272047,45414427,8,0,1,9728,13,8168343900
3755,16169240,16964713,33133953,8,0,0,23552,13,7899053196
3756,16170210,17384814,33555024,2,0,0,8704,18,8960490529
3757,16177290,17238268,33415558,7,0,0,2560,13,1905736678
3758,16179380,16959588,33138968,2,0,0,16384,18,2955519252
3759,16181601,29271455,45453056,7,0,1,4096,13,10093529348
3760,16181730,29271672,45453402,8,0,1,512,13,2436649278
3761,16182820,17009533,33192353,2,0,0,8192,18,286482225
3762,16183220,17226274,33409494,2,0,0,74752,18,10345520315
3763,16183631,17147427,33331058,3,0,0,36352,5,1796984825
3764,16185291,29270057,45455348,4,0,1,3072,5,2648970661
3765,16185361,29302496,45487857,0,0,1,60928,14,767989970
3766,16199970,16892878,33092848,7,0,0,16896,13,10436752143
3767,16208260,17001438,33209698,7,0,0,1024,13,2160976412
3768,16217570,17349445,33567015,8,0,0,24064,13,7119716848
3769,16231291,29295270,45526561,0,0,1,13824,14,10720129641
3770,16238411,16802871,33041282,3,0,0,6144,5,3438930289
3771,16248960,29280507,45529467,8,0,1,4608,13,7087999422
3772,16250631,29356625,45607256,0,0,1,87552,14,8596565695
3773,16252431,29371609,45624040,0,0,1,19456,14,4348558903
3774,16254950,29374236,45629186,9,0,1,8192,10,1516475183
3775,16257640,17062319,33319959,2,0,0,139776,18,7035547938
3776,16262510,16800707,33063217,7,0,0,47616,13,5518973655
3777,16265570,17522039,33787609,1,0,0,22528,8,9151857696
3778,16271590,16907645,33179235,1,0,0,11776,8,1975848881
3779,16273230,29364970,45638200,8,0,1,1024,13,1179312975
3780,16276980,17391523,33668503,7,0,0,15872,13,8101821217
3781,16280001,29359505,45639506,7,0,1,2048,13,10470037823
3782,16293700,17179532,33473232,7,0,0,115712,13,3259137575
3783,16300890,16825864,33126754,8,0,0,13312,13,1091684677
3784,16305630,17107163,33412793,7,0,0,10752,13,5674069808
3785,16307461,29340544,45648005,7,0,1,7680,13,4485677113
3786,16313620,29364267,45677887,9,0,1,2048,10,2569202405
3787,16314661,29366267,45680928,7,0,1,1024,13,2429725300
3788,16323540,17014413,33337953,2,0,0,22528,18,5217082228
3789,16326500,16915138,33241638,7,0,0,12800,13,8019251631
3790,16327600,17375172,33702772,2,0,0,80384,18,4573716662
3791,16329170,29351781,45680951,9,0,1,11264,10,9474420751
3792,16333941,29382581,45716522,7,0,1,13824,13,1657601544
3793,16334691,29382292,45716983,7,0,1,10240,13,4133012352
3794,16334770,29409172,45743942,9,0,1,4096,10,6141320258
3795,16335080,29408885,45743965,8,0,1,1024,13,10485628345
3796,16344080,29425201,45769281,8,0,1,11264,13,727497556
3797,16346370,17187543,33533913,1,0,0,47616,8,4872725912
3798,16349620,29419815,45769435,9,0,1,8704,10,10285294743
3799,16349940,17360494,33710434,8,0,0,3584,13,5331883247
3800,16354250,17067028,33421278,2,0,0,15360,18,5597412294
3801,16358911,29549563,45908474,0,0,1,25600,14,3453495903
3802,16370601,29600118,45970719,0,0,1,9216,14,6897543709
3803,16372041,29759053,46131094,0,0,1,52736,14,6723261980
3804,16374520,29758200,46132720,8,0,1,2560,13,9329260744
3805,16374870,29783293,46158163,8,0,1,3072,13,3572782390
3806,16375680,17393125,33768805,2,0,0,107008,18,5459180799
3807,16396000,17266443,33662443,2,0,0,49152,18,3914327668
3808,16396800,29761386,46158186,8,0,1,1024,13,8746790872
3809,16405101,29814917,46220018,0,0,1,46080,14,8977059159
3810,16410481,29919903,46330384,0,0,1,32256,14,3255543732
3811,16417810,29912597,46330407,8,0,1,512,13,2007603344
3812,16422341,29908089,46330430,7,0,1,9728,13,795801949
3813,16433671,29984856,46418527,0,0,1,67584,14,7799809434
3814,16439521,17202667,33642188,3,0,0,4608,5,8829045409
3815,16452401,29967752,46420153,7,0,1,2560,13,2401714839
3816,16454400,30019746,46474146,2,0,1,2048,18,6683863245
3817,16456851,30017318,46474169,7,0,1,2048,13,6613926201
3818,16458601,30046670,46505271,0,0,1,40960,14,1847617664
3819,16460440,30045727,46506167,8,0,1,2048,13,2665715021
3820,16460520,30047593,46508113,2,0,1,15360,18,9271895546
3821,16463760,17427349,33891109,1,0,0,2048,8,582949928
3822,16475670,17478187,33953857,7,0,0,6656,13,6463407010
3823,16476600,17411767,33888367,1,0,0,6656,8,8739582350
3824,16482200,30028499,46510699,8,0,1,4096,13,10134673890
3825,16490920,17340609,33831529,7,0,0,12800,13,6613801692
3826,16495550,17389883,33885433,8,0,0,3584,13,8882676517
3827,16500010,17535949,34035959,1,0,0,43520,8,9593303785
3828,16513810,30016464,46530274,8,0,1,11264,13,3080743458
3829,16514150,30016147,46530297,2,0,1,1536,18,5982101588
3830,16519790,17250488,33770278,8,0,0,4608,13,1232130240
3831,16521070,17305989,33827059,2,0,0,9728,18,3387231768
3832,16532700,17489953,34022653,8,0,0,73216,13,1643706711
3833,16535650,17694087,34229737,1,0,0,23552,8,10707006716
3834,16537901,29992419,46530320,7,0,1,2048,13,6979887800
3835,16544571,29994063,46538634,0,0,1,2560,14,9734778002
3836,16546270,29996466,46542736,2,0,1,6144,18,2145511631
3837,16547310,17496877,34044187,8,0,0,14336,13,6785792809
3838,16548880,17181789,33730669,7,0,0,5120,13,6722131009
3839,16550710,17542364,34093074,7,0,0,36864,13,1260430864
3840,16552501,30004165,46556666,7,0,1,5632,13,4190726903
3841,16561910,29994779,46556689,2,0,1,12288,18,6595259034
3842,16562370,29994358,46556728,8,0,1,1536,13,10534655161
3843,16563081,30090834,46653915,0,0,1,62464,14,2695347678
3844,16566301,17972682,34538983,3,0,0,60928,5,1427016742
3845,16573490,30098130,46671620,2,0,1,13312,18,6459046528
3846,16573740,30185981,46759721,8,0,1,4608,13,1774200631
3847,16582960,17734101,34317061,7,0,0,97792,13,10341668371
3848,16584721,30177756,46762477,7,0,1,2048,13,2144607066
3849,16587760,17540401,34128161,5,0,0,86528,0,8910929501
3850,16590680,17575126,34165806,7,0,0,2048,13,4269401858
3851,16591650,17543600,34135250,7,0,0,23040,13,2022437942
3852,16593360,17815591,34408951,5,0,0,65536,0,9076867280
3853,16593961,30168539,46762500,7,0,1,1024,13,6296865981
3854,16600771,30166311,46767082,0,0,1,17408,14,2752635226
3855,16605060,30278657,46883717,8,0,1,3584,13,4460629794
3856,16605920,17578730,34184650,5,0,0,47104,0,97523301
3857,16611380,30274271,46885651,2,0,1,2048,18,7216723363
3858,16612150,17993537,34605687,5,0,0,44032,0,3139636537
3859,16617840,17571981,34189821,2,0,0,16896,18,6921189287
3860,16617970,17938976,34556946,8,0,0,58880,13,7906993102
3861,16618581,30275210,46893791,0,0,1,14336,14,7171168709
3862,16632550,17245899,33878449,8,0,0,20992,13,1643268654
3863,16633020,30263357,46896377,6,0,1,4096,6,233884689
3864,16639331,17438929,34078260,3,0,0,2048,5,2216803959
3865,16643231,30254452,46897683,7,0,1,2048,13,10097217271
3866,16645720,30254229,46899949,2,0,1,3584,18,9669268873
3867,16646630,17518529,34165159,5,0,0,8704,0,1292492879
3868,16647141,30257417,46904558,7,0,1,5120,13,8494071531
3869,16654541,30275616,46930157,7,0,1,512,13,4813816881
3870,16657681,17444093,34101774,3,0,0,24064,5,2843728803
3871,16671770,17583686,34255456,8,0,0,6144,13,7454941590
3872,16673910,30257553,46931463,5,0,1,2048,0,7497096025
3873,16682390,17762692,34445082,1,0,0,29696,8,7351391552
3874,16688930,17658455,34347385,5,0,0,23040,0,7552475417
3875,16690790,17918524,34609314,7,0,0,11776,13,5383670748
3876,16691761,30241648,46933409,7,0,1,3072,13,8252399501
3877,16698360,17737651,34436011,1,0,0,15360,8,1823405582
3878,16699300,30271550,46970850,5,0,1,6656,0,9357898322
3879,16701070,30275019,46976089,5,0,1,2560,0,7256661316
3880,16709411,17741497,34450908,3,0,0,6144,5,4668121517
3881,16709740,30399424,47109164,2,0,1,512,18,2714870426
3882,16716940,18028322,34745262,1,0,0,21504,8,459439164
3883,16722120,18053064,34775184,1,0,0,3584,8,10191708664
3884,16723030,17614334,34337364,7,0,0,66560,13,10453775380
3885,16727161,17682593,34409754,3,0,0,2560,5,2920115551
3886,16728941,30383233,47112174,7,0,1,6144,13,1254674116
3887,16729130,17914026,34643156,7,0,0,51712,13,1403061406
3888,16729660,17693147,34422807,2,0,0,2048,18,3148697191
3889,16735760,17763911,34499671,5,0,0,62976,0,4270244097
3890,16737480,17782613,34520093,5,0,0,36864,0,4783103435
3891,16738190,17611558,34349748,7,0,0,7680,13,4402588579
3892,16742470,17943700,34686170,2,0,0,24064,18,6518982507
3893,16743920,17478618,34222538,7,0,0,3584,13,4410226908
3894,16744050,18125068,34869118,5,0,0,79872,0,1378260040
3895,16752201,17835500,34587701,3,0,0,100864,5,8636186196
3896,16758150,18138640,34896790,7,0,0,46592,13,7014006901
3897,16762070,17744644,34506714,7,0,0,23040,13,193430353
3898,16767160,17681845,34449005,8,0,0,12800,13,388104689
3899,16767560,17898551,34666111,8,0,0,75264,13,8247021148
3900,16767860,17898742,34666602,8,0,0,1536,13,5212334550
3901,16777490,17996579,34774069,7,0,0,37376,13,7474643669
3902,16779630,30332567,47112197,5,0,1,5120,0,7202693019
3903,16780250,17811998,34592248,5,0,0,14848,0,3387333489
3904,16789420,30322800,47112220,5,0,1,2560,0,7601330314
3905,16797210,30315033,47112243,8,0,1,2560,13,8634402445
3906,16805711,17894366,34700077,3,0,0,45568,5,10237263797
3907,16810430,30320054,47130484,6,0,1,5120,6,4312955826
3908,16829500,30419296,47248796,2,0,1,2560,18,1848102633
3909,16829920,17993127,34823047,1,0,0,24576,8,4006100087
3910,16831860,30498761,47330621,2,0,1,4096,18,1684897558
3911,16841890,30909150,47751040,1,0,1,76288,8,1770927405
3912,16844900,18028765,34873665,7,0,0,14848,13,5851254312
3913,16845880,17916778,34762658,5,0,0,44544,0,3936407509
3914,16850990,30900073,47751063,2,0,1,2048,18,6091070725
3915,16851150,30899936,47751086,2,0,1,1024,18,5434867691
3916,16854060,30903624,47757684,5,0,1,5632,0,7776695921
3917,16855400,30902307,47757707,2,0,1,512,18,8039938716
3918,16858760,18161666,35020426,8,0,0,30208,13,6405830200
3919,16866370,30891368,47757738,1,0,1,17408,8,4174231820
3920,16868600,18059158,34927758,7,0,0,72704,13,6029553589
3921,16873220,30888815,47762035,5,0,1,17920,0,10221475683
3922,16877620,31004793,47882413,1,0,1,19456,8,201943553
3923,16877710,31004726,47882436,8,0,1,2560,13,7061534218
3924,16884320,18360940,35245260,7,0,0,86528,13,3139186573
3925,16886980,18139709,35026689,1,0,0,20480,8,5976974465
3926,16906120,30976339,47882459,2,0,1,1024,18,3170737876
3927,16908880,30973781,47882661,6,0,1,1536,6,6807347665
3928,16908980,17933338,34842318,2,0,0,35328,18,6128280826
3929,16915550,18209628,35125178,5,0,0,43520,0,7248676796
3930,16916990,30965694,47882684,6,0,1,3072,6,9316573126
3931,16922930,30978730,47901660,5,0,1,20992,0,8431024991
3932,16924940,31063627,47988567,6,0,1,3584,6,5630223314
3933,16932610,31060141,47992751,5,0,1,7680,0,674969168
3934,16934710,18076443,35011153,5,0,0,88064,0,9761985032
3935,16938260,18823962,35762222,7,0,0,98816,13,6885238199
3936,16940610,31225991,48166601,1,0,1,28672,8,5303587514
3937,16957570,18989353,35946923,8,0,0,138240,13,9690380865
3938,16959141,31352919,48312060,4,0,1,10752,5,7973681013
3939,16961400,31461052,48422452,5,0,1,3072,0,6918687288
3940,16964470,18380571,35345041,2,0,0,25088,18,10169845855
3941,16968700,18250173,35218873,1,0,0,32256,8,3436286910
3942,16971180,31452898,48424078,6,0,1,2560,6,3113306065
3943,16977550,31449114,48426664,5,0,1,4096,0,4425738677
3944,16979750,18229272,35209022,5,0,0,117248,0,3131119709
3945,16985340,31615879,48601219,1,0,1,28672,8,9417271899
3946,16987060,31620824,48607884,6,0,1,2560,6,4388457406
3947,16989400,31695444,48684844,1,0,1,45568,8,29023707
3948,16989841,31709534,48699375,4,0,1,1024,5,5419875220
3949,16994740,18112594,35107334,2,0,0,9216,18,8022095236
3950,16998610,31702011,48700621,6,0,1,3584,6,2506705835
3951,16999510,31702737,48702247,2,0,1,2560,18,10030331678
3952,17000900,18472492,35473392,1,0,0,166400,8,5627634515
3953,17009240,18291203,35300443,2,0,0,86528,18,855040219
3954,17012520,31968962,48981482,1,0,1,66048,8,2757247454
3955,17015300,32127179,49142479,8,0,1,1024,13,2957705227
3956,17022390,32120112,49142502,1,0,1,2048,8,6530729616
3957,17022700,32119825,49142525,8,0,1,1024,13,4386743639
3958,17025450,32117745,49143195,2,0,1,3584,18,7787437828
3959,17030320,18608563,35638883,8,0,0,3072,13,5818164505
3960,17030670,32117251,49147921,1,0,1,23552,8,1204739430
3961,17030710,32117234,49147944,8,0,1,1024,13,6000327449
3962,17034590,18558282,35592872,1,0,0,32768,8,1952736744
3963,17041961,18341318,35383279,3,0,0,8704,5,10208714506
3964,17049070,18344216,35393286,5,0,0,32768,0,7309725294
3965,17060530,32103270,49163800,6,0,1,9216,6,7455767759
3966,17061741,32102082,49163823,4,0,1,1536,5,5868195576
3967,17067770,18621227,35688997,7,0,0,14848,13,4976480669
3968,17071500,32175306,49246806,1,0,1,50688,8,955355806
3969,17071930,32176822,49248752,6,0,1,3072,6,3902879075
3970,17074780,18830000,35904780,8,0,0,128000,13,1505186076
3971,17076841,18787639,35864480,3,0,0,16384,5,6914250767
3972,17084021,18615303,35699324,3,0,0,33792,5,7319304462
3973,17088730,18549194,35637924,5,0,0,30720,0,9592351337
3974,17093520,19031228,36124748,7,0,0,26112,13,1173106686
3975,17096880,32160098,49256978,1,0,1,18432,8,6537193607
3976,17098190,18891375,35989565,7,0,0,50176,13,10645379972
3977,17106590,18577860,35684450,1,0,0,65024,8,3540899312
3978,17112940,18990299,36103239,5,0,0,28160,0,6610861518
3979,17118510,18855736,35974246,5,0,0,89600,0,1541654557
3980,17125990,18895075,36021065,1,0,0,97280,8,6675598424
3981,17126890,32162741,49289631,6,0,1,7168,6,8477715761
3982,17128010,18935366,36063376,5,0,0,28160,0,7888511676
3983,17130570,18860693,35991263,5,0,0,5120,0,1342105862
3984,17147880,32141774,49289654,8,0,1,13312,13,8763647754
3985,17149900,32139956,49289856,5,0,1,1024,0,3009294052
3986,17150800,19052911,36203711,5,0,0,41472,0,8256260118
3987,17153510,32713603,49867113,1,0,1,91136,8,6590369892
3988,17155080,32970626,50125706,1,0,1,67072,8,3091469410
3989,17162220,19260860,36423080,1,0,0,122880,8,5329380387
3990,17162940,18862220,36025160,1,0,0,13312,8,5516689209
3991,17165340,32984592,50149932,5,0,1,512,0,2308242233
3992,17166780,18975597,36142377,1,0,0,14336,8,6147764720
3993,17169330,19105920,36275250,2,0,0,15872,18,7446598549
3994,17169921,19049875,36219796,3,0,0,1536,5,2807101194
3995,17182590,32967365,50149955,5,0,1,2048,0,9719845877
3996,17184010,32965968,50149978,5,0,1,10240,0,10537995809
3997,17200670,32949331,50150001,6,0,1,3584,6,9681248848
3998,17206140,19035332,36241472,2,0,0,13824,18,7126140070
3999,17220020,19165597,36385617,5,0,0,84480,0,5340064972
4000,17226680,18808392,36035072,5,0,0,4096,0,2836461004
4001,17229240,19446578,36675818,5,0,0,142848,0,2190315461
4002,17236310,19250915,36487225,1,0,0,59392,8,1415864677
4003,17238710,32964791,50203501,8,0,1,4096,13,2168904773
4004,17242270,19059986,36302256,2,0,0,2560,18,8391930002
4005,17248350,32955174,50203524,6,0,1,9216,6,8345447399
4006,17249290,19247474,36496764,2,0,0,31232,18,9965328047
4007,17249870,19257088,36506958,5,0,0,6656,0,6910137965
4008,17259420,32974445,50233865,6,0,1,8704,6,1271742010
4009,17260410,33090525,50350935,5,0,1,2048,0,2357100772
4010,17265060,19260345,36525405,1,0,0,60416,8,10588345480
4011,17272270,19160395,36432665,5,0,0,30208,0,10554816913
4012,17279351,19403666,36683017,3,0,0,23552,5,2515433520
4013,17282431,19014405,36296836,3,0,0,8704,5,8083175252
4014,17287890,33063715,50351605,8,0,1,3584,13,4987741395
4015,17290010,33080205,50370215,6,0,1,5632,6,1095108017
4016,17290170,18900882,36191052,8,0,0,17920,13,8191083912
4017,17293620,19163763,36457383,8,0,0,40448,13,8973059140
4018,17296400,33073838,50370238,8,0,1,4608,13,9876032585
4019,17297070,19495034,36792104,7,0,0,6144,13,1184149624
4020,17299990,19293531,36593521,8,0,0,54784,13,5634924523
4021,17300980,33069281,50370261,8,0,1,2048,13,4224503260
4022,17305890,33064394,50370284,5,0,1,3072,0,70236987
4023,17309860,19389192,36699052,7,0,0,18432,13,8816572251
4024,17316080,33054227,50370307,5,0,1,2560,0,2493990914
4025,17316980,19315275,36632255,1,0,0,119296,8,970974405
4026,17320340,19148766,36469106,8,0,0,38400,13,10533027435
4027,17321890,19273994,36595884,7,0,0,7680,13,4018453149
4028,17326740,19510465,36837205,2,0,0,47616,18,2371486416
4029,17332020,33038310,50370330,5,0,1,10240,0,65946567
4030,17332961,19378851,36711812,3,0,0,512,5,7144854509
4031,17337600,33032753,50370353,2,0,1,1536,18,3443913511
4032,17338030,19166877,36504907,1,0,0,26624,8,774337541
4033,17346080,33028687,50374767,6,0,1,4608,6,4304831517
4034,17351011,19094001,36445012,3,0,0,40448,5,6927729999
4035,17351660,19348975,36700635,5,0,0,5120,0,10521380841
4036,17358841,33088539,50447380,0,0,1,50688,14,84254544
4037,17368410,33291234,50659644,5,0,1,8192,0,9768556368
4038,17372830,19530353,36903183,5,0,0,66560,0,1957834821
4039,17373110,19338515,36711625,7,0,0,34816,13,2785746086
4040,17375480,33284523,50660003,5,0,1,9728,0,5021523615
4041,17387561,19305829,36693390,3,0,0,21504,5,8049173516
4042,17387850,19481514,36869364,7,0,0,105472,13,2752303153
4043,17388180,19339680,36727860,5,0,0,18944,0,6510654813
4044,17388491,19158262,36546753,3,0,0,6144,5,6179964140
4045,17390651,19652437,37043088,3,0,0,45568,5,7467130526
4046,17391730,33390698,50782428,2,0,1,3584,18,10574404126
4047,17392640,33391414,50784054,8,0,1,2560,13,4553959359
4048,17400051,19482798,36882849,3,0,0,44032,5,6900260697
4049,17408420,19570450,36978870,2,0,0,77312,18,6069677261
4050,17420000,19003438,36423438,2,0,0,1024,18,6688840121
4051,17422230,19573232,36995462,8,0,0,14336,13,2514017465
4052,17422490,19703255,37125745,7,0,0,104960,13,9119331476
4053,17422550,19491242,36913792,1,0,0,32768,8,6159306060
4054,17424720,19276258,36700978,8,0,0,1024,13,10142005712
4055,17442130,33342270,50784400,2,0,1,512,18,740011715
4056,17449830,33335876,50785706,2,0,1,2048,18,9734076285
4057,17454590,33373445,50828035,3,0,1,7680,5,746511584
4058,17457081,19922811,37379892,3,0,0,60928,5,2641475957
4059,17469211,19684454,37153665,3,0,0,27648,5,4482131599
4060,17470150,19823744,37293894,5,0,0,6656,0,5409889944
4061,17476960,33353305,50830265,2,0,1,13824,18,1578361224
4062,17480280,33358478,50838758,2,0,1,4096,18,10089394452
4063,17481471,33357310,50838781,0,0,1,22016,14,3220945650
4064,17484590,19237452,36722042,7,0,0,27648,13,2252114463
4065,17493890,33679870,51173760,5,0,1,4608,0,5567377344
4066,17493910,19434932,36928842,5,0,0,5120,0,7304544583
4067,17498710,19188074,36686784,5,0,0,12288,0,1582334641
4068,17509890,33669016,51178906,5,0,1,8192,0,2144362894
4069,17515260,33665912,51181172,3,0,1,3584,5,6264752944
4070,17516740,19259849,36776589,2,0,0,2048,18,1699037945
4071,17519830,33662328,51182158,2,0,1,1536,18,1959326889
4072,17530510,19563232,37093742,8,0,0,155136,13,5218121526
4073,17533790,33648714,51182504,2,0,1,512,18,9439581111
4074,17537300,33646510,51183810,2,0,1,2048,18,282884974
4075,17538690,33649626,51188316,5,0,1,7168,0,73662854
4076,17539210,19733833,37273043,5,0,0,31744,0,3917112098
4077,17543200,33793868,51337068,5,0,1,8192,0,8334484604
4078,17545040,33792051,51337091,3,0,1,9728,5,6466611303
4079,17545210,19641344,37186554,8,0,0,71680,13,218891690
4080,17549311,34416809,51966120,0,0,1,312832,14,9036846620
4081,17558120,19920681,37478801,7,0,0,54784,13,10446184741
4082,17558571,34474262,52032833,0,0,1,55808,14,91237433
4083,17569890,34462966,52032856,8,0,1,11776,13,3383737793
4084,17570200,34462679,52032879,3,0,1,512,5,3509005989
4085,17572830,34460072,52032902,5,0,1,13312,0,638425275
4086,17573250,34459675,52032925,5,0,1,2048,0,10523651509
4087,17603710,19523618,37127328,1,0,0,5120,8,2969502805
4088,17604020,19659328,37263348,5,0,0,95744,0,240063192
4089,17608010,34460631,52068641,2,0,1,8704,18,5178436018
4090,17611200,34457464,52068664,3,0,1,1536,5,4299505888
4091,17612030,19532379,37144409,1,0,0,39936,8,1708215196
4092,17613391,34455296,52068687,0,0,1,24064,14,5825344008
4093,17615550,20066203,37681753,7,0,0,84992,13,6765302613
4094,17626041,19883883,37509924,3,0,0,23552,5,3654200725
4095,17627680,19504538,37132218,7,0,0,15872,13,4669752915
4096,17636400,20122904,37759304,1,0,0,95232,8,1003976779
4097,17640450,34428260,52068710,3,0,1,4096,5,8575241029
4098,17643700,19805750,37449450,2,0,0,78336,18,3382764236
4099,17644021,34546844,52190865,0,0,1,76800,14,9258519207
4100,17646070,19658448,37304518,2,0,0,11264,18,4540437855
4101,17651141,19763117,37414258,3,0,0,112640,5,9306103605
4102,17652610,34539561,52192171,3,0,1,2048,5,8773543152
4103,17654460,34538377,52192837,2,0,1,1024,18,4312026035
4104,17659890,34536173,52196063,2,0,1,5120,18,7436402950
4105,17666730,34529679,52196409,8,0,1,512,13,7624679713
4106,17671250,34526465,52197715,8,0,1,2048,13,4306344838
4107,17672991,19784625,37457616,3,0,0,26624,5,3981973601
4108,17677320,20409970,38087290,8,0,0,86016,13,1228651546
4109,17679550,34527489,52207039,6,0,1,9728,6,10209705103
4110,17682980,20109439,37792419,5,0,0,2048,0,932934762
4111,17683051,19742462,37425513,3,0,0,36864,5,8112477441
4112,17686440,34537094,52223534,5,0,1,1024,0,6149348426
4113,17690570,20181153,37871723,5,0,0,88064,0,1720483782
4114,17691940,34531617,52223557,3,0,1,1536,5,484584129
4115,17697960,20019626,37717586,5,0,0,28160,0,10467412250
4116,17706630,20567133,38273763,2,0,0,49664,18,2539203961
4117,17707730,34515850,52223580,3,0,1,512,5,8670725792
4118,17707960,20058075,37766035,1,0,0,22016,8,5688592597
4119,17710811,19909479,37620290,3,0,0,7168,5,8028930845
4120,17711011,19907072,37618083,3,0,0,68096,5,10343236160
4121,17719390,20100560,37819950,1,0,0,1024,8,8603652007
4122,17720900,34502703,52223603,2,0,1,1024,18,1221533883
4123,17727810,20201524,37929334,2,0,0,13312,18,62396756
4124,17733090,34490536,52223626,2,0,1,4096,18,5969249207
4125,17737470,34486179,52223649,3,0,1,512,5,460761258
4126,17738860,19916509,37655369,1,0,0,15360,8,1884360106
4127,17740820,34482852,52223672,3,0,1,2048,5,2771379098
4128,17742060,20276631,38018691,5,0,0,6144,0,4409908502
4129,17742790,20352635,38095425,1,0,0,26624,8,7465047019
4130,17743070,20211405,37954475,8,0,0,512,13,2151531945
4131,17752720,20344288,38097008,8,0,0,5120,13,913214819
4132,17754680,20218316,37972996,1,0,0,28672,8,1664121077
4133,17757410,20142618,37900028,1,0,0,7168,8,8651118334
4134,17766050,20070470,37836520,5,0,0,26624,0,4904931783
4135,17766510,20129896,37896406,5,0,0,15360,0,3485510875
4136,17768700,34454995,52223695,2,0,1,4608,18,1480096957
4137,17774600,34463673,52238273,8,0,1,25600,13,1277845625
4138,17779440,34472440,52251880,3,0,1,4096,5,5573395264
4139,17779660,34475766,52255426,5,0,1,5632,0,3243597637
4140,17781240,34474852,52256092,8,0,1,1024,13,8985625830
4141,17784780,34472618,52257398,3,0,1,2048,5,2519666029
4142,17788880,34470784,52259664,2,0,1,3584,18,2228744374
4143,17792331,20052537,37844868,3,0,0,23040,5,7280532525
4144,17803180,20151116,37954296,8,0,0,47616,13,6264302204
4145,17808250,20193614,38001864,2,0,0,37376,18,8971512460
4146,17818560,20468041,38286601,8,0,0,39936,13,10451647223
4147,17818760,34445730,52264490,5,0,1,7680,0,3273663360
4148,17820260,34492203,52312463,2,0,1,12800,18,110632348
4149,17820401,34492085,52312486,7,0,1,7680,13,4744638460
4150,17824860,20394981,38219841,8,0,0,53248,13,6255612934
4151,17825210,34487299,52312509,2,0,1,6656,18,4577216478
4152,17829141,20520575,38349716,3,0,0,85504,5,5127835635
4153,17829170,34516678,52345848,5,0,1,3584,0,302303504
4154,17830730,34516424,52347154,8,0,1,2048,13,1053809612
4155,17833700,34516040,52349740,3,0,1,4096,5,2606312753
4156,17836311,20319606,38155917,3,0,0,11776,5,75413236
4157,17836740,20712717,38549457,7,0,0,132096,13,4561159832
4158,17838710,20628264,38466974,5,0,0,33280,0,6009640804
4159,17839280,34510806,52350086,2,0,1,512,18,6721579
4160,17842490,34529485,52371975,2,0,1,12288,18,249667351
4161,17844710,34527288,52371998,2,0,1,3584,18,2290708754
4162,17853910,20103140,37957050,7,0,0,5120,13,2196870591
4163,17854640,34520368,52375008,2,0,1,6144,18,7699546008
4164,17858001,34518964,52376965,4,0,1,5632,5,9219092050
4165,17860310,20372814,38233124,7,0,0,43520,13,6436363882
4166,17860820,20240587,38101407,8,0,0,14336,13,28202406
4167,17866640,20607758,38474398,8,0,0,24064,13,8280020439
4168,17872670,20584095,38456765,5,0,0,178688,0,4013841619
4169,17885340,34493832,52379172,5,0,1,4608,0,9651487654
4170,17886930,20411085,38298015,5,0,0,8192,0,5361978367
4171,17887711,20621429,38509140,3,0,0,76288,5,9764522289
4172,17890090,20690471,38580561,1,0,0,23040,8,9916905340
4173,17892310,20382100,38274410,2,0,0,2048,18,380188491
4174,17897601,20582217,38479818,3,0,0,17408,5,3066485763
4175,17899941,34481497,52381438,4,0,1,3584,5,7712147877
4176,17901240,34482784,52384024,5,0,1,4096,0,1304777537
4177,17906501,34485112,52391613,4,0,1,3072,5,7332142946
4178,17917370,20459314,38376684,5,0,0,13824,0,6236093392
4179,17917510,20439778,38357288,1,0,0,8192,8,454889553
4180,17919380,34476099,52395479,2,0,1,6144,18,4483158441
4181,17922050,34482761,52404811,2,0,1,3584,18,6869158949
4182,17925600,34481157,52406757,8,0,1,3072,13,10412347462
4183,17925880,34481543,52407423,5,0,1,1024,0,8879125489
4184,17930320,34481704,52412024,9,0,1,2560,10,6747723253
4185,17931770,20857083,38788853,5,0,0,18944,0,3491509403
4186,17936550,34475935,52412485,3,0,1,10240,5,10279070735
4187,17942930,34473101,52416031,8,0,1,5632,13,9343366960
4188,17944030,20682509,38626539,2,0,0,35328,18,3590802347
4189,17944051,20622643,38566694,3,0,0,56320,5,3450346950
4190,17947650,34471939,52419589,5,0,1,4608,0,6785424958
4191,17953380,34479664,52433044,3,0,1,512,5,7172194854
4192,17956270,20946596,38902866,7,0,0,75264,13,8798171566
4193,17960380,34473432,52433812,3,0,1,11776,5,2337477247
4194,17960500,20998681,38959181,2,0,0,51712,18,8136308893
4195,17961300,34472858,52434158,8,0,1,512,13,3243523760
4196,17962731,21196104,39158835,3,0,0,23040,5,6923525050
4197,17963150,34471162,52434312,8,0,1,8704,13,9121781727
4198,17965001,21436988,39401989,3,0,0,131072,5,3223694704
4199,17974160,21261241,39235401,5,0,0,98816,0,7952670563
4200,17978490,20712525,38691015,7,0,0,117248,13,841077810
4201,17984480,20584030,38568510,2,0,0,5632,18,10007006736
4202,17990530,34456155,52446685,2,0,1,6656,18,6256449854
4203,17992670,20924290,38916960,5,0,0,39936,0,3029798206
4204,18006850,34441336,52448186,2,0,1,1536,18,10117303726
4205,18010190,34438019,52448209,2,0,1,512,18,1521339852
4206,18016240,34434043,52450283,5,0,1,3584,0,4315650782
4207,18019530,20885239,38904769,2,0,0,6144,18,270697400
4208,18019861,21407165,39427026,3,0,0,4608,5,8037227699
4209,18020760,20618783,38639543,1,0,0,24064,8,3334928293
4210,18021730,21427636,39449366,1,0,0,40960,8,10715577682
4211,18025670,34425279,52450949,2,0,1,1024,18,1391323222
4212,18030370,20841383,38871753,7,0,0,50176,13,707428104
4213,18035140,20908262,38943402,5,0,0,13824,0,6924666464
4214,18044480,20958277,39002757,5,0,0,62976,0,7080588654
4215,18044520,21234575,39279095,7,0,0,78336,13,8481298858
4216,18048640,21053319,39101959,1,0,0,10240,8,797721363
4217,18056921,20961927,39018848,3,0,0,52736,5,5214004469
4218,18057030,20822881,38879911,2,0,0,16384,18,3091006005
4219,18065700,21079517,39145217,5,0,0,111616,0,10601428972
4220,18068430,21042756,39111186,2,0,0,30208,18,5977140107
4221,18069910,34416545,52486455,3,0,1,3072,5,7065292196
4222,18077340,20797556,38874896,8,0,0,10240,13,1315645041
4223,18082941,21068851,39151792,3,0,0,21504,5,2591026372
4224,18085680,34400814,52486494,2,0,1,5632,18,10431249956
4225,18096240,34390277,52486517,2,0,1,7680,18,217053098
4226,18100340,21412910,39513250,1,0,0,24064,8,4815389293
4227,18101890,21057771,39159661,7,0,0,2560,13,371940944
4228,18113261,21174133,39287394,3,0,0,27136,5,7805096472
4229,18114790,34393675,52508465,5,0,1,3072,0,229021382
4230,18115250,34393238,52508488,3,0,1,1536,5,6643272559
4231,18117550,34390961,52508511,3,0,1,13312,5,4502689900
4232,18120080,21075985,39196065,2,0,0,22016,18,5765006135
4233,18122730,21125867,39248597,1,0,0,43008,8,5138490460
4234,18129060,21193527,39322587,8,0,0,3072,13,2147126286
4235,18135940,34372594,52508534,2,0,1,1024,18,6766132094
4236,18143000,34365557,52508557,9,0,1,2560,10,7505652034
4237,18144540,34365137,52509677,9,0,1,4608,10,7256510275
4238,18147570,34429597,52577167,2,0,1,512,18,3884372536
4239,18148181,21279180,39427361,3,0,0,1024,5,3749226172
4240,18149331,21105873,39255204,3,0,0,21504,5,2139975119
4241,18155880,34421953,52577833,3,0,1,1024,5,7852991382
4242,18161360,21160268,39321628,5,0,0,102400,0,4069768923
4243,18161600,34421377,52582977,9,0,1,6656,10,7020072143
4244,18165150,21256370,39421520,5,0,0,64000,0,557781812
4245,18168210,21037060,39205270,2,0,0,11776,18,1869317664
4246,18168410,34585103,52753513,9,0,1,9216,10,6174740717
4247,18169791,21192239,39362030,3,0,0,53760,5,10079163149
4248,18175340,21250259,39425599,2,0,0,13312,18,2700593154
4249,18187940,34565596,52753536,2,0,1,4608,18,2301018542
4250,18189550,21271350,39460900,2,0,0,4608,18,9426477670
4251,18190210,21237330,39427540,7,0,0,512,13,7840661875
4252,18202230,21230660,39432890,8,0,0,16384,13,9639461637
4253,18208310,34545249,52753559,5,0,1,5120,0,3839121643
4254,18211160,34542422,52753582,3,0,1,1024,5,10096909860
4255,18213760,34543452,52757212,2,0,1,10752,18,3687359064
4256,18217870,21342230,39560100,1,0,0,6144,8,7431066336
4257,18227670,34531726,52759396,3,0,1,2560,5,1733843480
4258,18235810,34524572,52760382,5,0,1,1536,0,2154551231
4259,18237441,21468088,39705529,3,0,0,119296,5,9904213959
4260,18240580,21187295,39427875,7,0,0,1024,13,7145908952
4261,18246910,21341457,39588367,7,0,0,512,13,6244136375
4262,18251891,21244443,39496334,3,0,0,33792,5,1180696211
4263,18261000,34501648,52762648,9,0,1,3584,10,2955370995
4264,18262120,34559845,52821965,3,0,1,3072,5,1635651589
4265,18265060,34727513,52992573,5,0,1,42496,0,10530507530
4266,18266590,34729529,52996119,3,0,1,5632,5,6825372825
4267,18269590,34730901,53000491,5,0,1,5120,0,9091447084
4268,18270070,34746350,53016420,2,0,1,5120,18,3072649899
4269,18270540,21370618,39641158,7,0,0,512,13,8523430808
4270,18273570,21242511,39516081,5,0,0,9216,0,272549200
4271,18279320,21739115,40018435,1,0,0,2560,8,6094240420
4272,18285910,21617948,39903858,5,0,0,45568,0,9447689442
4273,18286790,34729653,53016443,5,0,1,4096,0,984505588
4274,18288570,34753703,53042273,5,0,1,1024,0,3716525503
4275,18289350,21600601,39889951,8,0,0,48128,13,9151902477
4276,18291880,21343053,39634933,5,0,0,512,0,9430502568
4277,18296900,21552509,39849409,5,0,0,95232,0,3229370560
4278,18299530,34743089,53042619,3,0,1,512,5,2084244218
4279,18302530,21628345,39930875,2,0,0,88064,18,5731968811
4280,18306030,21282158,39588188,8,0,0,26624,13,8336892321
4281,18306730,21842511,40149241,7,0,0,1024,13,10214238458
4282,18311390,22118789,40430179,5,0,0,40448,0,27005874
4283,18313790,34730212,53044002,9,0,1,14848,10,3641902515
4284,18315600,34973171,53288771,2,0,1,25600,18,9014097757
4285,18316080,34997049,53313129,5,0,1,9728,0,7181515667
4286,18321660,21553604,39875264,8,0,0,22528,13,10330854371
4287,18322030,21625653,39947683,8,0,0,54784,13,1938468709
4288,18322950,21391182,39714132,2,0,0,28160,18,6955034828
4289,18323611,21544766,39868377,3,0,0,61952,5,1211101621
4290,18326010,34990025,53316035,3,0,1,4608,5,8332450849
4291,18326510,35019328,53345838,2,0,1,5632,18,9291475577
4292,18327970,35018854,53346824,3,0,1,1536,5,7531473391
4293,18329441,22116898,40446339,3,0,0,50176,5,3212717125
4294,18335080,21657447,39992527,8,0,0,32256,13,10062161602
4295,18343380,21972187,40315567,1,0,0,57856,8,10710588022
4296,18359740,34988070,53347810,2,0,1,1536,18,166720305
4297,18368200,34982196,53350396,9,0,1,4096,10,1121887305
4298,18369590,34987647,53357237,9,0,1,7680,10,6255828507
4299,18378740,35149159,53527899,3,0,1,1536,5,401839502
4300,18379870,35148052,53527922,9,0,1,2048,10,2445014902
4301,18388340,21984896,40373236,7,0,0,2048,13,5890740203
4302,18393620,35146320,53539940,5,0,1,8192,0,8039917397
4303,18406550,35137948,53544498,6,0,1,6656,6,705372599
4304,18409670,35138374,53548044,9,0,1,5632,10,7954280680
4305,18415131,22093365,40508496,3,0,0,203776,5,9471139171
4306,18415230,35309020,53724250,3,0,1,1024,5,901191405
4307,18418141,21659969,40078110,3,0,0,21504,5,3725584904
4308,18419180,21638621,40057801,1,0,0,41984,8,2682544102
4309,18425400,35298873,53724273,3,0,1,1024,5,2524280530
4310,18433470,21997535,40431005,7,0,0,512,13,873489285
4311,18434490,21689903,40124393,5,0,0,5120,0,771800405
4312,18437520,35286776,53724296,3,0,1,1024,5,1009057331
4313,18443220,35281099,53724319,5,0,1,6656,0,1329002585
4314,18443760,35280582,53724342,5,0,1,2560,0,767098653
4315,18448150,21924439,40372589,2,0,0,38912,18,975849271
4316,18449150,35275215,53724365,3,0,1,2048,5,4005209929
4317,18449840,35274548,53724388,5,0,1,4096,0,8532413409
4318,18459100,21785193,40244293,1,0,0,31744,8,6085652955
4319,18462991,21954841,40417832,3,0,0,43008,5,8565166438
4320,18463410,21631034,40094444,8,0,0,12288,13,3620168039
4321,18465190,21721538,40186728,8,0,0,18944,13,3105980719
4322,18469691,21851203,40320894,3,0,0,17408,5,947593731
4323,18474820,21850153,40324973,5,0,0,13312,0,6260957727
4324,18474840,35283475,53758315,5,0,1,9728,0,6814683435
4325,18482210,22212565,40694775,1,0,0,17920,8,4561592714
4326,18487060,22033182,40520242,7,0,0,1536,13,6801202271
4327,18489000,35278353,53767353,5,0,1,4608,0,6748261946
4328,18493710,22090268,40583978,1,0,0,98304,8,6425099763
4329,18494610,35274369,53768979,2,0,1,2560,18,10707298524
4330,18509770,22009981,40519751,1,0,0,36864,8,3427832231
4331,18514840,35254485,53769325,5,0,1,512,0,999446051
4332,18522420,35257427,53779847,5,0,1,16896,0,10678055850
4333,18529181,22083414,40612595,3,0,0,93696,5,6819752964
4334,18529800,22024111,40553911,5,0,0,100352,0,2631113973
4335,18531220,22113808,40645028,8,0,0,35328,13,687654896
4336,18535090,35244780,53779870,5,0,1,7168,0,5251502801
4337,18553410,21554406,40107816,1,0,0,27136,8,2745891311
4338,18555800,35224093,53779893,3,0,1,512,5,7780126204
4339,18559070,22061036,40620106,5,0,0,24576,0,7162406457
4340,18565280,22085544,40650824,8,0,0,6656,13,6941219621
4341,18567330,35220062,53787392,5,0,1,17408,0,2704253207
4342,18567961,21789672,40357633,3,0,0,11264,5,9662537995
4343,18573920,22298719,40872639,5,0,0,26624,0,8535604566
4344,18577561,21776609,40354170,3,0,0,56320,5,8449681962
4345,18579510,21801527,40381037,2,0,0,6144,18,1732306068
4346,18598780,35208222,53807002,2,0,1,1536,18,3281544072
4347,18599260,35264112,53863372,3,0,1,8192,5,1698446012
4348,18607300,35256095,53863395,3,0,1,2560,5,194193433
4349,18607410,21823416,40430826,7,0,0,2048,13,6511587603
4350,18614070,21906351,40520421,7,0,0,512,13,7206469884
4351,18616220,35274980,53891200,3,0,1,5120,5,1456419355
4352,18619920,22357822,40977742,1,0,0,16384,8,4871179621
4353,18625740,35272839,53898579,2,0,1,3584,18,4399626495
4354,18627430,21709557,40336987,2,0,0,7168,18,4052874988
4355,18631890,35296044,53927934,2,0,1,2560,18,8769618672
4356,18633280,35295320,53928600,3,0,1,1024,5,6192506480
4357,18635930,22439150,41075080,1,0,0,97792,8,8342074050
4358,18637830,35291756,53929586,2,0,1,1536,18,5386746386
4359,18643111,22209300,40852411,4,0,0,13824,5,2512712430
4360,18644170,35288642,53932812,6,0,1,5120,6,8971021072
4361,18649700,22428523,41078223,8,0,0,10240,13,7125090384
4362,18670210,22159346,40829556,5,0,0,126464,0,9569771542
4363,18672650,35333498,54006148,2,0,1,16384,18,3881982830
4364,18674470,35331701,54006171,6,0,1,1536,6,7238724899
4365,18676160,35349369,54025529,2,0,1,1536,18,4402578204
4366,18676560,35350915,54027475,2,0,1,3072,18,5003127952
4367,18696800,22066463,40763263,5,0,0,32256,0,5841341596
4368,18702921,22329647,41032568,3,0,0,37376,5,2801284015
4369,18719881,22120150,40840031,3,0,0,34304,5,2273632223
4370,18720670,22142996,40863666,5,0,0,12288,0,967576665
4371,18731540,22478606,41210146,2,0,0,35840,18,103771969
4372,18736430,22127415,40863845,7,0,0,512,13,1765040464
4373,18742960,22563106,41306066,2,0,0,33280,18,177421404
4374,18748560,22963932,41712492,8,0,0,24064,13,713928894
4375,18758520,22023171,40781691,5,0,0,55808,0,4635159616
4376,18763180,22648505,41411685,8,0,0,35840,13,9940457585
4377,18769930,35258211,54028141,2,0,1,1024,18,1217652137
4378,18773880,22078710,40852590,7,0,0,512,13,4047420688
4379,18777601,22603563,41381164,3,0,0,41472,5,3764335678
4380,18786530,35242917,54029447,2,0,1,2048,18,9188279370
4381,18788220,22830053,41618273,5,0,0,48128,0,3087277373
4382,18788350,35243363,54031713,2,0,1,3584,18,5725319846
4383,18828080,22360542,41188622,1,0,0,29184,8,9245980310
4384,18830371,22057783,40888154,3,0,0,38400,5,9276058273
4385,18834950,35199669,54034619,6,0,1,4608,6,2779700750
4386,18840610,22634523,41475133,8,0,0,18944,13,4977286834
4387,18845310,22726787,41572097,2,0,0,34304,18,664725599
4388,18847610,22188101,41035711,2,0,0,10240,18,2606064179
4389,18859500,22103145,40962645,7,0,0,1024,13,1262492471
4390,18865250,21861258,40726508,1,0,0,3072,8,6360206331
4391,18869940,21781063,40651003,7,0,0,512,13,1338441181
4392,18882390,21835676,40718066,7,0,0,512,13,160898541
4393,18889960,22985362,41875322,5,0,0,65024,0,5203322411
4394,18889970,22043891,40933861,1,0,0,48128,8,2992652739
4395,18908400,22032036,40940436,1,0,0,21504,8,10114196522
4396,18919160,23037646,41956806,7,0,0,512,13,6372943781
4397,18921010,22197290,41118300,1,0,0,45056,8,471348421
4398,18927070,22960491,41887561,5,0,0,39936,0,7585002112
4399,18928330,22208069,41136399,7,0,0,512,13,8108334115
4400,18932661,22423972,41356633,3,0,0,165888,5,3397538313
4401,18937400,22500128,41437528,2,0,0,39936,18,6061075576
4402,18943361,22475523,41418884,3,0,0,23552,5,2296823590
4403,18946960,22324874,41271834,8,0,0,92160,13,10381234711
4404,18947480,22472519,41419999,5,0,0,3584,0,5977352357
4405,18953990,23227810,42181800,1,0,0,47616,8,8087556921
4406,18971530,35620041,54591571,1,0,1,134656,8,10212297337
4407,18971720,22869672,41841392,8,0,0,73728,13,1505555241
4408,18989541,23001962,41991503,3,0,0,11264,5,3968437358
4409,18989600,23255735,42245335,1,0,0,20480,8,3516242000
4410,19000840,22231289,41232129,7,0,0,1024,13,7104210723
4411,19004110,35628804,54632914,8,0,1,3072,13,5152437535
4412,19008481,21973248,40981729,3,0,0,3584,5,2788365324
4413,19019190,35613747,54632937,8,0,1,5632,13,4445513937
4414,19032530,22986672,42019202,8,0,0,40960,13,10118178095
4415,19034320,22196609,41230929,1,0,0,7168,8,3600703525
4416,19046830,22249073,41295903,5,0,0,32768,0,7904094702
4417,19052100,22500919,41553019,1,0,0,46592,8,4684802169
4418,19054390,22454455,41508845,7,0,0,1536,13,839022150
4419,19058120,35574840,54632960,8,0,1,11776,13,411797308
4420,19067450,35695219,54762669,8,0,1,2048,13,1306012988
4421,19067910,22695461,41763371,8,0,0,166912,13,207789486
4422,19076260,22929454,42005714,7,0,0,512,13,5764650458
4423,19095860,35666832,54762692,8,0,1,4608,13,1847624176
4424,19099221,22393128,41492349,3,0,0,6144,5,840049176
4425,19103680,35683238,54786918,8,0,1,5120,13,3176382218
4426,19111780,35675161,54786941,8,0,1,3584,13,1490494838
4427,19121560,23063071,42184631,8,0,0,9216,13,4623653310
4428,19130510,22688341,41818851,5,0,0,23040,0,6167796002
4429,19130580,35656392,54786972,5,0,1,5120,0,2426109915
4430,19131640,23191107,42322747,1,0,0,142848,8,627990462
4431,19135680,35651315,54786995,8,0,1,2048,13,9744552634
4432,19143310,22308714,41452024,7,0,0,512,13,8264416497
4433,19145940,35641078,54787018,8,0,1,2048,13,10546891130
4434,19147730,22316633,41464363,5,0,0,2560,0,630526164
4435,19154890,23006772,42161662,1,0,0,35840,8,8197837905
4436,19155751,22365564,41521315,3,0,0,28160,5,2117916331
4437,19174320,22596250,41770570,1,0,0,23552,8,2707983612
4438,19186820,23279836,42466656,5,0,0,35328,0,9208518462
4439,19191010,22620798,41811808,1,0,0,104448,8,5849948836
4440,19193970,23016352,42210322,8,0,0,10240,13,104041608
4441,19199620,35587421,54787041,8,0,1,5120,13,9160317269
4442,19213300,22824405,42037705,1,0,0,57856,8,8295442072
4443,19214160,35572904,54787064,8,0,1,12288,13,3497270239
4444,19219850,22710612,41930462,2,0,0,64512,18,3644532549
4445,19225540,22908443,42133983,7,0,0,512,13,8492481678
4446,19228130,23121945,42350075,5,0,0,77824,0,3402634189
4447,19234161,22545800,41779961,3,0,0,30720,5,10125790662
4448,19240490,22321132,41561622,5,0,0,28160,0,10249677332
4449,19256590,22788204,42044794,2,0,0,23040,18,6827482396
4450,19256860,22699744,41956604,8,0,0,63488,13,10324352704
4451,19279320,35507767,54787087,6,0,1,2048,6,7590680112
4452,19285520,22645121,41930641,7,0,0,512,13,4030053412
4453,19286230,23039348,42325578,2,0,0,9216,18,8904792228
4454,19293060,22938033,42231093,8,0,0,68096,13,817470042
4455,19294500,22557264,41851764,8,0,0,10752,13,10025924541
4456,19294830,35492280,54787110,8,0,1,6656,13,1948423960
4457,19303830,35483303,54787133,8,0,1,512,13,1813932766
4458,19307420,22761021,42068441,7,0,0,512,13,38920772
4459,19309620,35490663,54800283,6,0,1,7680,6,8640052720
4460,19311100,35489385,54800485,8,0,1,3072,13,6036683225
4461,19311980,22588404,41900384,5,0,0,41984,0,1948485974
4462,19318380,35482128,54800508,9,0,1,7168,10,1406374162
4463,19328961,35471570,54800531,4,0,1,1536,5,3697937953
4464,19334050,22647951,41982001,1,0,0,36352,8,6901105838
4465,19340210,23042959,42383169,1,0,0,31232,8,1417998431
4466,19348550,23285164,42633714,1,0,0,48128,8,5392451937
4467,19356160,22777644,42133804,1,0,0,12288,8,1159059358
4468,19365900,22702362,42068262,1,0,0,24576,8,5120359425
4469,19371480,35469643,54841123,1,0,1,31744,8,9706981174
4470,19375070,23171158,42546228,5,0,0,135168,0,8062216185
4471,19376300,35500540,54876840,3,0,1,16896,5,2053203802
4472,19376490,22862582,42239072,8,0,0,26112,13,8902708952
4473,19377160,35512067,54889227,3,0,1,1536,5,7593555387
4474,19382780,35508951,54891731,6,0,1,3584,6,7173735851
4475,19383810,22727128,42110938,8,0,0,3584,13,706203652
4476,19395230,22746568,42141798,7,0,0,1536,13,6976783668
4477,19401550,35684753,55086303,1,0,1,47616,8,279393518
4478,19406070,35710933,55117003,3,0,1,2560,5,9616698538
4479,19408901,22954691,42363592,3,0,0,7168,5,10335991613
4480,19414400,35748539,55162939,3,0,1,14848,5,4500481646
4481,19414710,35748260,55162970,8,0,1,3584,13,7383317871
4482,19418641,35747070,55165711,7,0,1,4608,13,10531335050
4483,19419390,22906950,42326340,7,0,0,512,13,9260102285
4484,19420370,35749641,55170011,9,0,1,3072,10,2931514223
4485,19425130,35745994,55171124,8,0,1,2560,13,4685833621
4486,19425790,35749523,55175313,1,0,1,6144,8,10287048951
4487,19426440,35749859,55176299,3,0,1,1536,5,7006429664
4488,19428380,35759529,55187909,8,0,1,10752,13,7415622437
4489,19432410,22824804,42257214,1,0,0,38912,8,5720992741
4490,19437340,35842547,55279887,1,0,1,18944,8,835811478
4491,19452500,35829973,55282473,3,0,1,4096,5,10405124398
4492,19452520,35831579,55284099,6,0,1,2560,6,5728030381
4493,19453360,23323864,42777224,5,0,0,102912,0,61944518
4494,19455310,35873378,55328688,6,0,1,15360,6,9461755475
4495,19456620,35872091,55328711,6,0,1,512,6,3022136787
4496,19457200,35871534,55328734,1,0,1,17408,8,9380196484
4497,19457330,35871427,55328757,9,0,1,1536,10,10236664192
4498,19458281,35870499,55328780,7,0,1,1536,13,115507682
4499,19458800,35870003,55328803,9,0,1,512,10,6824236167
4500,19459020,23146767,42605787,7,0,0,1024,13,7920972227
4501,19461960,35914371,55376331,3,0,1,11776,5,4312107306
4502,19462120,35922402,55384522,3,0,1,7168,5,2244507060
4503,19463940,22897422,42361362,5,0,0,36864,0,6604929236
4504,19464320,23089130,42553450,1,0,0,7680,8,6305432504
4505,19465051,23424918,42889969,3,0,0,25088,5,6366948478
4506,19469220,35918848,55388068,9,0,1,5632,10,9450167869
4507,19472320,35921487,55393807,8,0,1,16384,13,9344120082
4508,19472930,23366369,42839299,5,0,0,101888,0,6968434814
4509,19480010,23120680,42600690,5,0,0,8704,0,3728988744
4510,19480600,23310647,42791247,7,0,0,1024,13,1126940294
4511,19489210,35912198,55401408,3,0,1,12800,5,341142130
4512,19491980,23177637,42669617,5,0,0,117760,0,7858001225
4513,19497080,35917692,55414772,6,0,1,1024,6,9971770795
4514,19497440,35919278,55416718,6,0,1,3072,6,293810957
4515,19498950,35918754,55417704,3,0,1,1536,5,80837336
4516,19500910,22687334,42188244,8,0,0,6656,13,4438823966
4517,19502120,23230866,42732986,8,0,0,11776,13,7632441508
4518,19506620,23350642,42857262,5,0,0,58880,0,3417330448
4519,19506910,23367338,42874248,5,0,0,20480,0,8073224364
4520,19507080,35912570,55419650,8,0,1,3072,13,10666607714
4521,19508250,22817865,42326115,7,0,0,1536,13,4759036076
4522,19510230,35912966,55423196,8,0,1,5632,13,7162600167
4523,19510721,22762802,42273523,3,0,0,11776,5,809449379
4524,19511281,22961794,42473075,3,0,0,20992,5,5713635118
4525,19516800,35907382,55424182,8,0,1,1536,13,129383788
4526,19518990,23186156,42705146,8,0,0,36352,13,6287224726
4527,19520320,23451528,42971848,7,0,0,512,13,8087266957
4528,19524460,23512131,43036591,8,0,0,149504,13,2408927377
4529,19527750,35898058,55425808,9,0,1,2560,10,7459672640
4530,19529230,35897039,55426269,6,0,1,10240,6,9871175307
4531,19531360,22890233,42421593,7,0,0,2560,13,4291236814
4532,19537340,35896013,55433353,9,0,1,5120,10,6843292438
4533,19541550,22893044,42434594,5,0,0,13824,0,2393124772
4534,19544010,35889366,55433376,8,0,1,512,13,3557457046
4535,19549750,23239829,42789579,2,0,0,5632,18,1645032833
4536,19551320,35882079,55433399,8,0,1,3584,13,6914924020
4537,19558770,35874989,55433759,3,0,1,2560,5,5562432740
4538,19593700,23010263,42603963,8,0,0,5120,13,7712379093
4539,19599360,23370656,42970016,8,0,0,43520,13,7664000620
4540,19602951,23709696,43312647,3,0,0,64512,5,615346047
4541,19603540,23264445,42867985,2,0,0,34816,18,158602689
4542,19612130,35823575,55435705,6,0,1,3072,6,6621338794
4543,19616260,23093901,42710161,2,0,0,16384,18,6608259269
4544,19617000,35819691,55436691,8,0,1,1536,13,1723573283
4545,19618690,23127155,42745845,8,0,0,20992,13,2929204165
4546,19620810,23443226,43064036,5,0,0,79872,0,5691746159
4547,19626160,23043644,42669804,7,0,0,512,13,6381906688
4548,19626330,35812947,55439277,6,0,1,4096,6,9248610579
4549,19629801,22921286,42551087,3,0,0,15872,5,9670771509
4550,19635320,35807823,55443143,6,0,1,6144,6,9195746819
4551,19635980,23574480,43210460,5,0,0,8704,0,10008879275
4552,19637090,35814963,55452053,6,0,1,12288,6,5739546511
4553,19640970,35813451,55454421,3,0,1,5632,5,242545394
4554,19646150,23344819,42990969,2,0,0,15872,18,5737015352
4555,19647860,35806907,55454767,6,0,1,512,6,9401150591
4556,19650621,23507684,43158305,3,0,0,4096,5,9961732741
4557,19651530,35803583,55455113,8,0,1,512,13,3130315900
4558,19660340,23593983,43254323,7,0,0,512,13,5494558875
4559,19671921,23648322,43320243,3,0,0,13824,5,6247232401
4560,19673670,35786269,55459939,3,0,1,7680,5,5097635213
4561,19676020,35786185,55462205,2,0,1,3584,18,2815123877
4562,19676650,35797451,55474101,6,0,1,6656,6,9533077493
4563,19684000,35816107,55500107,8,0,1,1024,13,6209024780
4564,19687010,35847604,55534614,1,0,1,11264,8,1707881581
4565,19689300,23456863,43146163,2,0,0,5120,18,9328553924
4566,19690830,35843807,55534637,6,0,1,4096,6,5344689799
4567,19693550,35841110,55534660,8,0,1,2560,13,5481119665
4568,19694690,35839993,55534683,3,0,1,2048,5,2695982998
4569,19697870,35836836,55534706,6,0,1,512,6,10212221602
4570,19700921,23423013,43123934,3,0,0,38400,5,2039034483
4571,19711110,35823619,55534729,6,0,1,10752,6,1901705244
4572,19711500,23816122,43527622,2,0,0,54272,18,10514022800
4573,19712300,35823099,55535399,3,0,1,3584,5,6578799549
4574,19721350,23924387,43645737,1,0,0,47104,8,4520905355
4575,19729460,35805986,55535446,3,0,1,3584,5,567354933
4576,19735580,23210879,42946459,1,0,0,22016,8,7357526498
4577,19746850,23612495,43359345,2,0,0,1024,18,1096967517
4578,19747610,35789136,55536746,8,0,1,2048,13,9954012637
4579,19751880,35790012,55541892,3,0,1,8192,5,86584632
4580,19754150,35788088,55542238,3,0,1,512,5,2788497273
4581,19760260,23306630,43066890,8,0,0,9216,13,7211614019
4582,19761290,23710784,43472074,5,0,0,33280,0,1150778297
4583,19763320,23470960,43234280,2,0,0,8192,18,8133786845
4584,19768841,23209367,42978208,3,0,0,12800,5,524847567
4585,19772560,23370456,43143016,8,0,0,25088,13,1970692892
4586,19780910,23317306,43098216,7,0,0,512,13,2513722715
4587,19786400,23970736,43757136,8,0,0,3584,13,8416903066
4588,19791240,35752944,55544184,3,0,1,3072,5,1088296358
4589,19794450,35760799,55555249,3,0,1,6144,5,3491614984
4590,19794540,23893056,43687596,7,0,0,512,13,8172533951
4591,19798040,23654397,43452437,2,0,0,150528,18,7028576462
4592,19807200,35751847,55559047,8,0,1,8704,13,7442301385
4593,19820150,35776292,55596442,5,0,1,1536,0,514815862
4594,19837880,35758585,55596465,3,0,1,2048,5,10120173221
4595,19839710,23650708,43490418,5,0,0,44032,0,6216299793
4596,19841440,35772387,55613827,5,0,1,18944,0,8033730289
4597,19847130,23286756,43133886,8,0,0,512,13,761051212
4598,19851030,23805484,43656514,2,0,0,11264,18,1079094160
4599,19851400,35765905,55617305,3,0,1,9728,5,717402731
4600,19854920,23288431,43143351,7,0,0,1024,13,2376161093
4601,19855560,35854102,55709662,5,0,1,512,0,7338675472
4602,19856940,36982102,56839042,3,0,1,137216,5,622565140
4603,19868610,37113622,56982232,3,0,1,8704,5,8447184755
4604,19876540,37106038,56982578,5,0,1,512,0,3555359817
4605,19877131,23514318,43391449,3,0,0,8192,5,6074074385
4606,19877500,37146367,57023867,5,0,1,4608,0,3559906807
4607,19896140,24010346,43906486,8,0,0,26112,13,1747600241
4608,19899781,23416165,43315946,3,0,0,10752,5,6533979925
4609,19902270,23324993,43227263,5,0,0,16384,0,447810542
4610,19915450,37587283,57502733,3,0,1,58368,5,2965193812
4611,19921250,23410826,43332076,5,0,0,38400,0,6906546682
4612,19925491,23629479,43554970,3,0,0,23040,5,1704586635
4613,19925820,23799502,43725322,2,0,0,75776,18,2612397385
4614,19937540,37565216,57502756,2,0,1,1536,18,510251364
4615,19937880,37564899,57502779,5,0,1,5632,0,987154840
4616,19938200,23693162,43631362,8,0,0,103936,13,345071867
4617,19938500,23559944,43498444,8,0,0,26112,13,3412946482
4618,19945980,23902864,43848844,8,0,0,24576,13,862175095
4619,19946420,37737287,57683707,3,0,1,43008,5,8654774409
4620,19947730,37736643,57684373,5,0,1,1024,0,3377519421
4621,19951760,23592458,43544218,2,0,0,34816,18,3844185334
4622,19957720,37727319,57685039,2,0,1,1024,18,7558910308
4623,19957930,23519003,43476933,2,0,0,15872,18,10262367423
4624,19995090,23811642,43806732,7,0,0,512,13,8510928767
4625,19995530,37690815,57686345,5,0,1,2048,0,7064139449
4626,19996950,23816568,43813518,8,0,0,19456,13,4763684795
4627,19998750,23462210,43460960,8,0,0,8704,13,10405788280
4628,20009420,23725932,43735352,2,0,0,26112,18,9334049105
4629,20019200,23525665,43544865,5,0,0,2048,0,8329308459
4630,20019781,23377476,43397257,3,0,0,2048,5,640687908
4631,20021010,37667601,57688611,3,0,1,3584,5,6685278172
4632,20021871,23705502,43727373,3,0,0,6656,5,1476148577
4633,20024560,23742427,43766987,1,0,0,11264,8,10547906893
4634,20032990,23723023,43756013,5,0,0,51712,0,6698349841
4635,20037440,38069725,58107165,3,0,1,79872,5,4820998604
4636,20039400,38069215,58108615,5,0,1,7168,0,8753252039
4637,20044270,23770074,43814344,7,0,0,1536,13,1864515063
4638,20045451,38063187,58108638,7,0,1,11264,13,5803223845
4639,20049010,38059651,58108661,3,0,1,512,5,9393591923
4640,20060650,38085715,58146365,3,0,1,6656,5,1793180988
4641,20074031,23764131,43838162,3,0,0,15872,5,1044897850
4642,20078180,38081084,58159264,2,0,1,8704,18,646927811
4643,20080540,23484767,43565307,1,0,0,16384,8,5640864231
4644,20088020,38076070,58164090,5,0,1,7680,0,9478923610
4645,20090790,23556062,43646852,8,0,0,3584,13,7278225006
4646,20096210,38130269,58226479,5,0,1,14336,0,6741324234
4647,20105520,38120982,58226502,5,0,1,13824,0,9023707744
4648,20107100,23972767,44079867,2,0,0,56320,18,5712845703
4649,20107920,24012363,44120283,2,0,0,18432,18,6376264573
4650,20110991,38143136,58254127,0,0,1,32768,14,6784318739
4651,20118560,23638911,43757471,7,0,0,1024,13,490786986
4652,20125680,38255124,58380804,2,0,1,512,18,363302959
4653,20126280,23763881,43890161,7,0,0,1024,13,7423988172
4654,20127631,38337222,58464853,0,0,1,13824,14,182015862
4655,20135990,23653081,43789071,1,0,0,15360,8,6760991214
4656,20142540,38502677,58645217,2,0,1,17408,18,5027415870
4657,20144550,38504213,58648763,2,0,1,5632,18,1530672481
4658,20146070,23743756,43889826,5,0,0,25088,0,6944898639
4659,20146150,23715122,43861272,5,0,0,8704,0,4112866764
4660,20158581,23936962,44095543,3,0,0,38400,5,2181203355
4661,20159580,23716705,43876285,2,0,0,27136,18,10297076700
4662,20171250,38504489,58675739,2,0,1,9216,18,3523890107
4663,20171540,23764502,43936042,1,0,0,72704,8,824449206
4664,20172340,38505261,58677601,2,0,1,1024,18,1632085117
4665,20178130,23562081,43740211,2,0,0,15872,18,4980294692
4666,20181980,38496607,58678587,5,0,1,1536,0,2833605530
4667,20183660,38497193,58680853,2,0,1,3584,18,7909230790
4668,20183720,38500679,58684399,5,0,1,5632,0,647628704
4669,20185230,23952999,44138229,5,0,0,14848,0,1823994284
4670,20196090,24322405,44518495,2,0,0,88576,18,7647120496
4671,20205141,39021147,59226288,0,0,1,84992,14,10719477770
4672,20215111,23697059,43912170,3,0,0,13312,5,2017508681
4673,20215500,23598353,43813853,5,0,0,1024,0,3442104829
4674,20217700,39153690,59371390,2,0,1,7168,18,388935402
4675,20234230,24166359,44400589,1,0,0,18432,8,5910354061
4676,20234900,24335622,44570522,1,0,0,98304,8,6864287553
4677,20235221,39316284,59551505,0,0,1,134656,14,2473226512
4678,20236360,39315168,59551528,2,0,1,1024,18,10672938477
4679,20241730,23856644,44098374,1,0,0,9216,8,9110264685
4680,20243631,39625549,59869180,0,0,1,247296,14,3239316754
4681,20246381,39647611,59893992,7,0,1,2048,13,10134502599
4682,20252341,23862303,44114644,3,0,0,41472,5,9698813957
4683,20267020,24060920,44327940,8,0,0,7168,13,1766116539
4684,20272210,24058717,44330927,2,0,0,9728,18,619352431
4685,20273971,24217513,44491484,3,0,0,87040,5,5336873619
4686,20284230,23905147,44189377,1,0,0,93184,8,2583195417
4687,20300020,24371013,44671033,7,0,0,512,13,6539782061
4688,20305740,24329538,44635278,2,0,0,132608,18,1474251171
4689,20322780,24008326,44331106,7,0,0,512,13,1123388947
4690,20324491,39627754,59952245,0,0,1,24064,14,10330238326
4691,20325130,24040756,44365886,5,0,0,512,0,7862760405
4692,20336530,23809799,44146329,8,0,0,512,13,5088229276
4693,20337301,39614967,59952268,0,0,1,11264,14,945785321
4694,20337420,39614871,59952291,2,0,1,512,18,10211205095
4695,20354131,23971602,44325733,3,0,0,135168,5,2440275997
4696,20356710,23726679,44083389,7,0,0,512,13,8264522870
4697,20358811,39593503,59952314,0,0,1,26624,14,1224132660
4698,20359480,39601033,59960513,2,0,1,2048,18,1424438312
4699,20362650,23827443,44190093,7,0,0,2048,13,4311145027
4700,20366190,39597869,59964059,2,0,1,5632,18,2347349130
4701,20389010,23712975,44101985,8,0,0,11776,13,479856324
4702,20393001,39571212,59964213,0,0,1,8704,14,4293478807
4703,20412990,23938444,44351434,1,0,0,25600,8,10673559304
4704,20417530,23785650,44203180,5,0,0,512,0,3049426272
4705,20426960,24548363,44975323,8,0,0,63488,13,8946920889
4706,20427731,39559650,59987381,0,0,1,13312,14,2170541997
4707,20431250,23772559,44203809,5,0,0,1024,0,7315941945
4708,20433051,24306134,44739185,3,0,0,9216,5,6023364537
4709,20437810,24517898,44955708,1,0,0,105472,8,235937814
4710,20442711,39544693,59987404,0,0,1,5120,14,7730851875
4711,20448210,23994777,44442987,1,0,0,62464,8,4749663010
4712,20449050,24563342,45012392,7,0,0,512,13,732390439
4713,20451460,24818780,45270240,1,0,0,36352,8,8945872268
4714,20461891,39525536,59987427,4,0,1,5120,5,4907174
4715,20462300,24398096,44860396,8,0,0,31744,13,747513512
4716,20467341,23935619,44402960,3,0,0,5120,5,4981318097
4717,20467840,23946639,44414479,2,0,0,15872,18,8390872288
4718,20470060,24049335,44519395,8,0,0,2048,13,5059855867
4719,20471241,39558025,60029266,0,0,1,10240,14,8628765455
4720,20480631,24254429,44735060,3,0,0,57344,5,5472659938
4721,20491811,39537478,60029289,0,0,1,3584,14,1188115436
4722,20497271,39532041,60029312,0,0,1,5632,14,9801262707
4723,20498160,39531175,60029335,2,0,1,3584,18,1476810992
4724,20501310,39528048,60029358,2,0,1,6144,18,9969838408
4725,20512441,24145961,44658402,3,0,0,4608,5,5283995790
4726,20512571,39520930,60033501,4,0,1,512,5,7778484092
4727,20520081,39514406,60034487,0,0,1,1536,14,6369236917
4728,20520481,39514992,60035473,0,0,1,1536,14,5139351703
4729,20523191,39512628,60035819,4,0,1,512,5,9858288838
4730,20531360,39506405,60037765,2,0,1,3072,18,98872790
4731,20540570,24601204,45141774,2,0,0,46592,18,10152905067
4732,20540990,24105816,44646806,7,0,0,2048,13,2251440215
4733,20551161,39519613,60070774,0,0,1,24064,14,6893215267
4734,20561940,24020218,44582158,2,0,0,33280,18,4606803415
4735,20581031,39491193,60072224,4,0,1,7680,5,4859693135
4736,20588850,24420220,45009070,1,0,0,2048,8,7292012687
4737,20594800,24312013,44906813,1,0,0,2560,8,4812450502
4738,20596251,39502489,60098740,4,0,1,2048,5,10437169456
4739,20597750,24265945,44863695,1,0,0,10752,8,5133386090
4740,20598731,39550751,60149482,4,0,1,3584,5,3261131419
4741,20605160,24403263,45008423,2,0,0,101888,18,7914717605
4742,20605540,24130814,44736354,7,0,0,1024,13,172735362
4743,20610140,24098200,44708340,5,0,0,1024,0,8986543746
4744,20614810,39538858,60153668,2,0,1,6656,18,4701946099
4745,20620530,24115489,44736019,2,0,0,3072,18,7360329384
4746,20620891,39535043,60155934,4,0,1,3584,5,9466229243
4747,20630030,24005739,44635769,1,0,0,1536,8,949336600
4748,20631450,24108744,44740194,5,0,0,512,0,7976687189
4749,20635460,24269289,44904749,2,0,0,20992,18,8869675934
4750,20636820,24104910,44741730,7,0,0,512,13,376306764
4751,20637200,39521640,60158840,2,0,1,4608,18,4404635550
4752,20640561,39520136,60160697,4,0,1,2048,5,8962015925
4753,20645460,24148853,44794313,8,0,0,2560,13,10266319194
4754,20647041,24387540,45034581,3,0,0,14336,5,8159457231
4755,20667010,23968961,44635971,5,0,0,512,0,4659836282
4756,20669560,24404588,45074148,8,0,0,28160,13,825956368
4757,20672960,39499643,60172603,2,0,1,1536,18,5708220580
4758,20677450,24063832,44741282,7,0,0,1024,13,5976546614
4759,20683670,24109840,44793510,2,0,0,42496,18,2268833355
4760,20695000,24260933,44955933,7,0,0,512,13,7905608817
4761,20699281,39473345,60172626,4,0,1,6144,5,6057275113
4762,20707450,23961600,44669050,5,0,0,512,0,2063448596
4763,20716900,24313290,45030190,2,0,0,21504,18,2444852777
4764,20721241,24693163,45414404,3,0,0,9216,5,8109158313
4765,20724881,24149939,44874820,3,0,0,11776,5,2886078032
4766,20728590,24398786,45127376,1,0,0,115200,8,9583275496
4767,20731800,24077729,44809529,5,0,0,512,0,577427224
4768,20743000,24438730,45181730,8,0,0,5120,13,2856824992
4769,20749081,24818303,45567384,3,0,0,71680,5,3263627961
4770,20749110,24398334,45147444,8,0,0,13824,13,1080261333
4771,20766160,24477674,45243834,1,0,0,14848,8,4738090221
4772,20777540,24234673,45012213,8,0,0,10240,13,6859324867
4773,20789390,39446518,60235908,2,0,1,5120,18,5620559700
4774,20796130,24508190,45304320,5,0,0,512,0,4390001917
4775,20799000,39438169,60237169,2,0,1,2560,18,9316233157
4776,20800011,24428193,45228204,3,0,0,14336,5,5506757319
4777,20815070,39423405,60238475,2,0,1,2048,18,922409150
4778,20820930,24588460,45409390,8,0,0,123392,13,7733390597
4779,20824740,25057513,45882253,7,0,0,1024,13,10581308101
4780,20826610,39799797,60626407,1,0,1,102400,8,3997817493
4781,20842861,24333065,45175926,3,0,0,8192,5,5602806804
4782,20852030,25029054,45881084,8,0,0,63488,13,2398503998
4783,20852280,39845027,60697307,2,0,1,9216,18,6233494494
4784,20853670,39887120,60740790,2,0,1,20992,18,9128653062
4785,20871700,24277821,45149521,7,0,0,1536,13,9574403459
4786,20873430,24712385,45585815,2,0,0,60416,18,9377447093
4787,20880110,24797754,45677864,2,0,0,37888,18,6322676606
4788,20882960,24366767,45249727,8,0,0,1536,13,10253450076
4789,20889351,39869034,60758385,0,0,1,2048,14,7324398527
4790,20896571,24401207,45297778,3,0,0,31744,5,6499435547
4791,20898390,24244819,45143209,1,0,0,4608,8,10284762140
4792,20900990,39857418,60758408,2,0,1,2560,18,8851341930
4793,20904220,24366823,45271043,1,0,0,2560,8,9789621657
4794,20904260,24223295,45127555,5,0,0,512,0,833680128
4795,20915141,39843290,60758431,7,0,1,6656,13,9947249430
4796,20918030,39840424,60758454,6,0,1,1536,6,1324975077
4797,20918921,24528310,45447231,3,0,0,10752,5,4158084853
4798,20919970,24269312,45189282,8,0,0,6656,13,10008014898
4799,20927380,24321856,45249236,8,0,0,13824,13,3927182231
4800,20928731,39869549,60798280,0,0,1,8192,14,1896200824
4801,20929730,24301305,45231035,2,0,0,9216,18,6697590349
4802,20939391,39858912,60798303,7,0,1,1536,13,6817122234
4803,20939930,39858396,60798326,6,0,1,13312,6,5750685086
4804,20940070,25147531,46087601,2,0,0,101888,18,10332236335
4805,20940510,39860054,60800564,6,0,1,4608,6,1806754308
4806,20944861,24658940,45603801,3,0,0,36864,5,9688295096
4807,20951220,24492712,45443932,8,0,0,73728,13,6142004718
4808,20954081,39846506,60800587,7,0,1,512,13,2928515627
4809,20964610,24516493,45481103,7,0,0,512,13,2402912778
4810,20965510,39835100,60800610,6,0,1,13312,6,210062527
4811,20966910,39880725,60847635,6,0,1,8192,6,9842637162
4812,20972780,25144763,46117543,2,0,0,19968,18,8649374650
4813,20977250,25079284,46056534,8,0,0,55296,13,10041836727
4814,20982550,24623778,45606328,2,0,0,8192,18,7970384590
4815,20982750,24498174,45480924,1,0,0,30208,8,7998959632
4816,20982781,39864901,60847682,7,0,1,512,13,8193539616
4817,20983600,24504234,45487834,2,0,0,22016,18,10102968200
4818,20987651,39860054,60847705,7,0,1,2560,13,7806138318
4819,20990580,24616574,45607154,2,0,0,1024,18,8011515318
4820,20996940,24374831,45371771,5,0,0,3072,0,943662106
4821,20998900,39848828,60847728,6,0,1,3584,6,6281133582
4822,20999530,24410819,45410349,8,0,0,3072,13,4762933066
4823,20999881,24471813,45471694,3,0,0,5632,5,8420609096
4824,21031831,39816723,60848554,7,0,1,7680,13,8268746221
4825,21033431,39816261,60849692,7,0,1,5632,13,2199720587
4826,21033681,39816034,60849715,7,0,1,512,13,8119500504
4827,21038071,39811667,60849738,7,0,1,512,13,5795160601
4828,21041271,39808538,60849809,7,0,1,8704,13,1245242930
4829,21043660,24563159,45606819,1,0,0,1536,8,447093500
4830,21053150,24636892,45690042,7,0,0,2048,13,1811632351
4831,21057051,39795924,60852975,7,0,1,3584,13,5195053742
4832,21059471,24603371,45662842,3,0,0,39936,5,7787570467
4833,21065720,24344854,45410574,7,0,0,512,13,2337481283
4834,21069430,39783568,60852998,8,0,1,5632,13,6791878357
4835,21071051,39781970,60853021,7,0,1,512,13,2611110916
4836,21087090,24419996,45507086,1,0,0,16384,8,1657587374
4837,21107040,24559257,45666297,1,0,0,11264,8,6858488995
4838,21121600,25036540,46158140,1,0,0,9216,8,5620816270
4839,21132300,24548605,45680905,8,0,0,8704,13,5704151792
4840,21136370,25092251,46228621,8,0,0,28160,13,1765948300
4841,21137320,25231464,46368784,7,0,0,1536,13,4981882292
4842,21137520,24540702,45678222,7,0,0,1024,13,3167178708
4843,21140900,24506030,45646930,7,0,0,512,13,3148512500
4844,21160490,25309508,46469998,2,0,0,90624,18,9627971345
4845,21164220,24428326,45592546,1,0,0,22016,8,1431538749
4846,21167690,24694027,45861717,8,0,0,14848,13,5005996641
4847,21171730,24635907,45807637,8,0,0,20992,13,8977295536
4848,21194520,24966497,46161017,8,0,0,9216,13,6391597586
4849,21195401,39657643,60853044,7,0,1,6144,13,10634279253
4850,21197250,39655817,60853067,2,0,1,1536,18,250153088
4851,21197791,24694676,45892467,3,0,0,13824,5,4977755718
4852,21204970,24538949,45743919,2,0,0,57856,18,8829983325
4853,21217581,24933805,46151386,3,0,0,54784,5,5466329972
4854,21220750,24890351,46111101,2,0,0,41984,18,10324398594
4855,21229891,39623199,60853090,7,0,1,1024,13,3160140067
4856,21230260,24461025,45691285,5,0,0,1024,0,10360207621
4857,21232581,24972540,46205121,3,0,0,117760,5,1917549678
4858,21239780,24446120,45685900,1,0,0,3584,8,3281901368
4859,21246290,24846950,46093240,8,0,0,18432,13,7754038746
4860,21246811,25083550,46330361,3,0,0,140800,5,4134471601
4861,21250320,24582784,45833104,5,0,0,512,0,7101438012
4862,21251110,24630153,45881263,5,0,0,512,0,9231254040
4863,21261341,24836945,46098286,3,0,0,15872,5,888959041
4864,21262191,39592505,60854696,7,0,1,8192,13,7085178712
4865,21265230,24723126,45988356,7,0,0,512,13,7979775880
4866,21267110,24952698,46219808,8,0,0,48128,13,111780525
4867,21267650,24614268,45881918,5,0,0,2048,0,2593674346
4868,21274670,24689361,45964031,8,0,0,1024,13,1108176039
4869,21280550,25193573,46474123,7,0,0,1024,13,6660661761
4870,21282070,25064139,46346209,1,0,0,51712,8,10066248126
4871,21288400,24805027,46093427,7,0,0,512,13,3573136426
4872,21291480,24632415,45923895,7,0,0,1024,13,3747873656
4873,21310720,24619838,45930558,7,0,0,1024,13,1948566106
4874,21312700,39561770,60874470,1,0,1,84480,8,4306717648
4875,21328231,39557780,60886011,7,0,1,9216,13,10518360163
4876,21362820,24888483,46251303,2,0,0,15872,18,4620160873
4877,21367470,25062364,46429834,2,0,0,25088,18,4539671792
4878,21372650,24575579,45948229,1,0,0,2048,8,4604563492
4879,21380520,25273372,46653892,1,0,0,47616,8,4405930414
4880,21385960,39501677,60887637,9,0,1,2560,10,7351637966
4881,21389740,24856696,46246436,2,0,0,58368,18,9601407976
4882,21391030,24764279,46155309,8,0,0,12800,13,3028580120
4883,21396851,39509891,60906742,7,0,1,1024,13,7908813742
4884,21413100,24945963,46359063,2,0,0,512,18,2161268724
4885,21418410,24610587,46028997,5,0,0,2048,0,3848464243
4886,21430470,24505944,45936414,7,0,0,2560,13,3644891784
4887,21447560,24670170,46117730,5,0,0,512,0,3338327367
4888,21448440,25127499,46575939,2,0,0,62976,18,2604834830
4889,21454660,24535232,45989892,5,0,0,512,0,7961878653
4890,21464451,39442314,60906765,0,0,1,512,14,5359796619
4891,21467901,39438887,60906788,7,0,1,4608,13,5068815549
4892,21468191,25213748,46681939,3,0,0,33792,5,621343534
4893,21469971,39436840,60906811,0,0,1,2048,14,5343625526
4894,21476710,24743277,46219987,5,0,0,512,0,614244704
4895,21478580,25026668,46505248,2,0,0,50176,18,2146220682
4896,21493850,25381709,46875559,8,0,0,72192,13,8582643503
4897,21502990,39639858,61142848,1,0,1,76288,8,2665017717
4898,21508540,39668836,61177376,9,0,1,3584,10,4792177298
4899,21510330,39671552,61181882,1,0,1,7168,8,4271090920
4900,21510710,25045933,46556643,8,0,0,45568,13,8205397454
4901,21510970,24600466,46111436,7,0,0,1024,13,9068868442
4902,21511220,25019031,46530251,8,0,0,23552,13,1209903359
4903,21512800,24605593,46118393,7,0,0,2048,13,4448441154
4904,21515131,39774603,61289734,7,0,1,512,13,7438324977
4905,21530770,24981192,46511962,5,0,0,512,0,6110476992
4906,21532360,39762200,61294560,9,0,1,7680,10,10233899197
4907,21533750,39891143,61424893,1,0,1,64000,8,6977516716
4908,21541451,24817417,46358868,3,0,0,41472,5,355080186
4909,21542261,39885538,61427799,7,0,1,4608,13,7800615335
4910,21547430,25091931,46639361,2,0,0,93184,18,8620620359
4911,21556331,39875100,61431431,7,0,1,1024,13,8886550781
4912,21559700,40013138,61572838,1,0,1,92672,8,5781469160
4913,21564830,40009954,61574784,9,0,1,3072,10,5002399960
4914,21583850,40075930,61659780,3,0,1,33280,5,10510677327
4915,21586781,24951830,46538611,3,0,0,27136,5,8014875318
4916,21591050,24800960,46392010,7,0,0,1024,13,1102613937
4917,21595500,24764678,46360178,0,0,0,3584,14,3611380355
4918,21596231,40087619,61683850,7,0,1,512,13,9531486062
4919,21596901,40086972,61683873,7,0,1,3072,13,9206707827
4920,21597320,40087246,61684566,9,0,1,5632,10,8105417860
4921,21600460,40084129,61684589,9,0,1,1024,10,2374864585
4922,21612531,40072728,61685259,7,0,1,2048,13,2023353450
4923,21615050,24965180,46580230,5,0,0,512,0,1628989392
4924,21618980,24769145,46388125,7,0,0,2048,13,1243210835
4925,21622900,40090345,61713245,1,0,1,44032,8,808253491
4926,21628481,40086710,61715191,7,0,1,3072,13,1031815689
4927,21628710,25056106,46684816,5,0,0,512,0,2117965868
4928,21630861,40088903,61719764,7,0,1,6656,13,5865634107
4929,21646730,40075300,61722030,1,0,1,3584,8,1640522322
4930,21652370,24827906,46480276,8,0,0,19968,13,7757156650
4931,21652620,24820989,46473609,2,0,0,11776,18,7028715883
4932,21654600,40122536,61777136,1,0,1,36864,8,7221444066
4933,21656330,24919944,46576274,7,0,0,1024,13,10663297667
4934,21656920,40128630,61785550,1,0,1,12288,8,6749982822
4935,21662220,24811568,46473788,5,0,0,512,0,2607833883
4936,21673860,40112356,61786216,9,0,1,1024,10,6262987604
4937,21675840,40111042,61786882,9,0,1,11264,10,4567469640
4938,21676930,40159549,61836479,1,0,1,10752,8,5362789241
4939,21681820,40169993,61851813,9,0,1,2560,10,8315935451
4940,21687330,24984267,46671597,1,0,0,13824,8,8344456271
4941,21691060,40160776,61851836,9,0,1,512,10,9043149218
4942,21693560,24787207,46480767,7,0,0,1536,13,7026061232
4943,21697090,40155462,61852552,1,0,1,23040,8,8701919664
4944,21707801,24976657,46684458,3,0,0,8192,5,4990891735
4945,21708880,40174630,61883510,1,0,1,24576,8,6870734078
4946,21709210,25310590,47019800,2,0,0,71680,18,9903787267
4947,21718671,40183618,61902289,4,0,1,1024,5,4480255453
4948,21720060,24947294,46667354,8,0,0,44032,13,2105125662
4949,21721570,40212778,61934348,1,0,1,62464,8,4246711491
4950,21733980,25149714,46883694,8,0,0,26624,13,4885863891
4951,21734170,25224245,46958415,2,0,0,33280,18,7394666146
4952,21756251,24786462,46542713,3,0,0,13312,5,837080622
4953,21766011,25182241,46948252,3,0,0,28160,5,3639247043
4954,21767480,25450387,47217867,8,0,0,9216,13,5871332348
4955,21767751,25067893,46835644,3,0,0,38912,5,9574307482
4956,21769770,40295567,62065337,1,0,1,106496,8,5375963467
4957,21774070,24988384,46762454,8,0,0,5632,13,2983466386
4958,21781221,24985553,46766774,3,0,0,8704,5,10232625991
4959,21792880,40372203,62165083,1,0,1,43520,8,8106990291
4960,21797680,24888809,46686489,5,0,0,1024,0,8202639086
4961,21797891,24893253,46691144,3,0,0,3584,5,9169781316
4962,21801200,24936460,46737660,1,0,0,47104,8,8230984030
4963,21810110,25933209,47743319,1,0,0,70144,8,7078433444
4964,21813350,25273031,47086381,8,0,0,34816,13,5454580853
4965,21815410,25546787,47362197,2,0,0,23040,18,8938296029
4966,21816441,24902375,46718816,3,0,0,8704,5,6149636669
4967,21817561,25158505,46976066,3,0,0,14336,5,4243020367
4968,21823531,24924136,46747667,3,0,0,32768,5,10684555684
4969,21832851,25769787,47602638,3,0,0,20480,5,9754223522
4970,21836300,24932172,46768472,7,0,0,2048,13,9353754725
4971,21840370,40346701,62187071,5,0,1,5120,0,6466341868
4972,21842870,40393074,62235944,1,0,1,23040,8,8581006135
4973,21843750,25060987,46904737,8,0,0,512,13,7137971312
4974,21855000,25580586,47435586,2,0,0,114688,18,2186025946
4975,21858220,24826417,46684637,7,0,0,512,13,5920524789
4976,21861600,25247541,47109141,1,0,0,57856,8,5955134638
4977,21863500,25265669,47129169,7,0,0,1536,13,10636043030
4978,21878120,25026415,46904535,1,0,0,8704,8,5456928769
4979,21881110,25410216,47291326,5,0,0,2048,0,9481998586
4980,21884600,25259163,47143763,7,0,0,1536,13,254390339
4981,21890280,25081395,46971675,5,0,0,1024,0,6992667621
4982,21895720,40340378,62236098,1,0,1,8704,8,502593002
4983,21897850,25274555,47172405,2,0,0,17408,18,5614610949
4984,21908180,25974210,47882390,2,0,0,25600,18,6920692368
4985,21911861,25200290,47112151,3,0,0,9728,5,5965779487
4986,21923700,25305486,47229186,5,0,0,2560,0,4275975982
4987,21957270,25916026,47873296,8,0,0,270336,13,8429976587
4988,21958741,25572575,47531316,3,0,0,5632,5,8244905024
4989,21960150,25314825,47274975,1,0,0,35328,8,72924132
4990,21969190,26397281,48366471,8,0,0,17408,13,10039005311
4991,21982401,40259499,62241900,0,0,1,7680,14,9655958000
4992,21995221,26316816,48312037,3,0,0,29696,5,8496658287
4993,22000510,25520753,47521263,0,0,0,165888,14,4621473823
4994,22001030,25528547,47529577,2,0,0,26624,18,270877660
4995,22003360,25909410,47912770,7,0,0,512,13,6202831853
4996,22012160,25264109,47276269,7,0,0,512,13,3801981754
4997,22015630,25505812,47521442,5,0,0,512,0,9975223973
4998,22023600,25104110,47127710,2,0,0,50688,18,7171638822
4999,22031120,24854492,46885612,0,0,0,6144,14,9086478109
5000,22041940,25596066,47638006,0,0,0,53760,14,4758137570
5001,22042280,40316643,62358923,3,0,1,221696,5,1299176705
5002,22043330,25714331,47757661,8,0,0,21504,13,1390035037
5003,22053260,25074629,47127889,7,0,0,512,13,6949397715
5004,22063791,25828455,47892246,3,0,0,3584,5,9886704721
5005,22068020,25489690,47557710,7,0,0,4096,13,2640129971
5006,22074110,40336219,62410329,3,0,1,9216,5,6058064587
5007,22079890,40356433,62436323,3,0,1,80896,5,1898333477
5008,22082930,25101806,47184736,7,0,0,512,13,10092663235
5009,22084650,25518323,47602973,1,0,0,1024,8,2442104359
5010,22095250,26072578,48167828,1,0,0,1024,8,7685320669
5011,22097320,25075420,47172740,1,0,0,1024,8,3227242315
5012,22104530,25445103,47549633,7,0,0,512,13,7319697715
5013,22106250,26023597,48129847,8,0,0,200704,13,8343866068
5014,22106781,25121602,47228383,3,0,0,10752,5,9300597163
5015,22107030,40415281,62522311,3,0,1,163840,5,9390369519
5016,22107760,25563029,47670789,2,0,0,10240,18,7553597211
5017,22110560,40471217,62581777,3,0,1,79872,5,895515555
5018,22110710,25780421,47891131,0,0,0,27648,14,9823896848
5019,22123750,25316383,47440133,0,0,0,14848,14,4263148426
5020,22125780,25796069,47921849,8,0,0,20480,13,1938124318
5021,22131660,25161871,47293531,1,0,0,512,8,6017457311
5022,22146780,26379239,48526019,5,0,0,512,0,8284152757
5023,22148281,25115348,47263629,3,0,0,1024,5,1886800254
5024,22149481,26153485,48302966,3,0,0,216576,5,7408671704
5025,22151230,25380444,47531674,5,0,0,512,0,9117596772
5026,22158170,25391284,47549454,0,0,0,25600,14,4677421387
5027,22161650,25476535,47638185,7,0,0,512,13,8207127491
5028,22164770,25428589,47593359,1,0,0,1024,8,8827346031
5029,22165890,26184444,48350334,2,0,0,15872,18,4512134153
5030,22167170,25980796,48147966,8,0,0,59392,13,5416303559
5031,22169721,26043566,48213287,3,0,0,10752,5,6690460702
5032,22169800,25122507,47292307,1,0,0,1536,8,3200217513
5033,22171731,25550193,47721924,3,0,0,50176,5,4445428597
5034,22172461,25987072,48159533,3,0,0,37888,5,4277604629
5035,22198920,25481571,47680491,7,0,0,512,13,260207287
5036,22207540,26198135,48405675,0,0,0,4608,14,3222460417
5037,22214790,26664093,48878883,5,0,0,2048,0,9465216945
5038,22222360,25053730,47276090,1,0,0,3584,8,10422691283
5039,22237150,25978344,48215494,8,0,0,7168,13,3393458172
5040,22238691,40363550,62602241,0,0,1,16384,14,1087450330
5041,22243861,25507156,47751017,3,0,0,20480,5,4159039774
5042,22248040,26097427,48345467,2,0,0,109568,18,4528296928
5043,22254950,25646679,47901629,0,0,0,30720,14,2426182858
5044,22270100,25421263,47691363,5,0,0,1024,0,4321586963
5045,22277030,25776218,48053248,1,0,0,18432,8,7533201795
5046,22277790,25253705,47531495,5,0,0,512,0,1216117932
5047,22288840,26395981,48684821,8,0,0,72704,13,8084414385
5048,22306020,25682524,47988544,1,0,0,36352,8,3917810612
5049,22307150,25283293,47590443,5,0,0,1536,0,2653165665
5050,22315890,25566748,47882638,7,0,0,512,13,10623086469
5051,22318180,26227830,48546010,0,0,0,65536,14,1419052690
5052,22318990,25673738,47992728,7,0,0,2560,13,7798858447
5053,22320620,25424126,47744746,1,0,0,4608,8,334830207
5054,22326420,40299019,62625439,6,0,1,5120,6,4959700057
5055,22330860,25682434,48013294,7,0,0,512,13,2108170234
5056,22339620,26374067,48713687,0,0,0,31744,14,775092249
5057,22341600,26129675,48471275,8,0,0,48640,13,3077895928
5058,22347461,26311863,48659324,3,0,0,108032,5,874698186
5059,22356270,25518297,47874567,1,0,0,4096,8,6618632844
5060,22356490,26189863,48546353,7,0,0,1024,13,1501086751
5061,22363920,25570595,47934515,2,0,0,25600,18,859496290
5062,22373720,26378466,48752186,2,0,0,53760,18,5742860088
5063,22379001,26179110,48558111,3,0,0,3584,5,8493425433
5064,22401561,25523915,47925476,3,0,0,5120,5,647400292
5065,22405730,26437260,48842990,0,0,0,190464,14,1977983454
5066,22412610,40234158,62646768,1,0,1,71680,8,459428819
5067,22416280,25785323,48201603,0,0,0,15360,14,1605459382
5068,22436821,25921804,48358625,3,0,0,27136,5,7269952655
5069,22438230,25978951,48417181,7,0,0,1024,13,5547260421
5070,22445750,26432486,48878236,7,0,0,1024,13,3745242448
5071,22454770,26469485,48924255,7,0,0,512,13,1458675784
5072,22474490,25437400,47911890,5,0,0,512,0,927594194
5073,22493310,26584493,49077803,8,0,0,201728,13,10151752565
5074,22505080,25659993,48165073,0,0,0,7680,14,2269550415
5075,22509270,40232839,62742109,3,0,1,137728,5,1837113524
5076,22511950,40304194,62816144,3,0,1,130048,5,10185449350
5077,22512771,40307559,62820330,0,0,1,6656,14,2268024569
5078,22513130,26453268,48966398,8,0,0,138240,13,5481583324
5079,22529440,26337978,48867418,2,0,0,66048,18,10157538971
5080,22530270,40291686,62821956,3,0,1,2560,5,8488497934
5081,22538400,26609879,49148279,7,0,0,1024,13,1069388553
5082,22539450,25985033,48524483,7,0,0,512,13,9034063266
5083,22548810,25902539,48451349,0,0,0,3584,14,3949110965
5084,22555070,25604798,48159868,5,0,0,1024,0,4099715733
5085,22566740,25594095,48160835,5,0,0,3072,0,7509682175
5086,22575020,25492740,48067760,5,0,0,1024,0,615210097
5087,22579940,40299635,62879575,3,0,1,125952,5,4306039498
5088,22582440,26660183,49242623,0,0,0,112128,14,2753468223
5089,22584211,26078435,48662646,3,0,0,9728,5,9943494314
5090,22588630,25828216,48416846,0,0,0,34304,14,6594296873
5091,22592870,25984999,48577869,5,0,0,26112,0,9809070412
5092,22598280,26405065,49003345,5,0,0,71680,0,6633601299
5093,22599120,40308806,62907926,1,0,1,30208,8,4995400869
5094,22601000,25894760,48495760,0,0,0,24576,14,3921892202
5095,22617130,26530768,49147898,5,0,0,15360,0,998302652
5096,22625900,26495473,49121373,0,0,0,512,14,7975888172
5097,22633021,26058650,48691671,3,0,0,17920,5,4795024108
5098,22635830,25875346,48511176,8,0,0,5120,13,8701524555
5099,22640441,26136078,48776519,3,0,0,13824,5,9951158685
5100,22648330,25712814,48361144,2,0,0,8192,18,6665630321
5101,22651640,26364676,49016316,1,0,0,42496,8,10345290809
5102,22656920,25895803,48552723,7,0,0,1024,13,5295296539
5103,22671040,40249361,62920401,2,0,1,10240,18,3261883727
5104,22679610,26503767,49183377,0,0,0,50176,14,7737980181
5105,22680090,26783074,49463164,0,0,0,31744,14,1354803924
5106,22685700,40245109,62930809,1,0,1,40448,8,7442742307
5107,22689200,26431994,49121194,2,0,0,142336,18,9559538501
5108,22691620,40264797,62956417,6,0,1,3584,6,1257017039
5109,22696110,40260973,62957083,6,0,1,1024,6,6266105297
5110,22698920,26085387,48784307,2,0,0,4096,18,8516328091
5111,22705350,40254959,62960309,5,0,1,5120,0,8844921812
5112,22706090,40256165,62962255,8,0,1,3072,13,6764777785
5113,22715490,40254690,62970180,6,0,1,29184,6,2824221591
5114,22720981,26156920,48877901,3,0,0,34304,5,1831146902
5115,22727681,26890097,49617778,3,0,0,44032,5,2418174909
5116,22730230,40249235,62979465,5,0,1,28160,0,8456899361
5117,22736430,26245021,48981451,0,0,0,25088,14,5659746993
5118,22748880,25910779,48659659,7,0,0,1024,13,4986867700
5119,22750830,26412760,49163590,5,0,0,50176,0,6978633688
5120,22755160,40227211,62982371,6,0,1,4608,6,10158632504
5121,22762730,26379726,49142456,5,0,0,69120,0,1131182461
5122,22766710,26206739,48973449,8,0,0,23040,13,5789388686
5123,22769340,26398718,49168058,2,0,0,13824,18,3765817685
5124,22770210,25725729,48495939,7,0,0,512,13,2796757149
5125,22770480,26713455,49483935,8,0,0,68096,13,468294030
5126,22780470,40235791,63016261,3,0,1,66048,5,2977491893
5127,22781150,26142926,48924076,5,0,0,44544,0,9514777439
5128,22785210,40234670,63019880,6,0,1,2048,6,987299339
5129,22792220,26557194,49349414,5,0,0,34304,0,7008453222
5130,22792381,25906971,48699352,3,0,0,25088,5,4169950847
5131,22795931,26934152,49730083,3,0,0,31744,5,4492875022
5132,22800870,40221276,63022146,3,0,1,3584,5,6338781768
5133,22806490,26483110,49289600,5,0,0,83968,0,3701447232
5134,22810820,26036116,48846936,7,0,0,1536,13,9813305299
5135,22818850,26389586,49208436,7,0,0,1024,13,1460582469
5136,22821470,26342307,49163777,7,0,0,512,13,260435369
5137,22831000,26016271,48847271,1,0,0,1024,8,254331214
5138,22832581,40223483,63056064,4,0,1,23040,5,6122372995
5139,22836431,26057662,48894093,3,0,0,3072,5,2817339247
5140,22842501,26531919,49374420,3,0,0,75776,5,2150669612
5141,22842650,26747916,49590566,2,0,0,1024,18,6131755694
5142,22845480,40210607,63056087,3,0,1,4096,5,4844396609
5143,22853650,26473300,49326950,5,0,0,26112,0,10511021704
5144,22866310,40216339,63082649,3,0,1,50688,5,797035570
5145,22868900,40255248,63124148,3,0,1,7168,5,2569300752
5146,22873810,25972635,48846445,8,0,0,11264,13,105772611
5147,22897410,27026344,49923754,1,0,0,128512,8,9229739703
5148,22898140,40226031,63124171,6,0,1,3072,6,51476737
5149,22904530,27052007,49956537,0,0,0,107520,14,1503485790
5150,22917370,26865377,49782747,8,0,0,25088,13,6521447397
5151,22926641,40197553,63124194,4,0,1,6656,5,10495936771
5152,22927080,27142842,50069922,2,0,0,4608,18,1482924831
5153,22937110,26603033,49540143,1,0,0,31744,8,9671507340
5154,22941150,26779238,49720388,5,0,0,6144,0,1187125660
5155,22952741,26755014,49707755,3,0,0,55808,5,9195152158
5156,22953920,26019864,48973784,7,0,0,1024,13,5346117084
5157,22954321,26725647,49679968,3,0,0,512,5,5060897150
5158,22957410,40166807,63124217,6,0,1,3584,6,4904362015
5159,22963970,27185939,50149909,5,0,0,79360,0,2472966163
5160,22971060,26694203,49665263,8,0,0,67584,13,4412453800
5161,22973580,26169592,49143172,2,0,0,2048,18,972714679
5162,22973640,40150600,63124240,6,0,1,3072,6,5158401105
5163,22975170,26521424,49496594,0,0,0,41472,14,299436125
5164,22979380,26425344,49404724,0,0,0,28672,14,5282181926
5165,22984230,26821524,49805754,0,0,0,37376,14,10001983224
5166,22990760,27349521,50340281,5,0,0,107520,0,7585724913
5167,22996210,40128053,63124263,8,0,1,3584,13,9422787414
5168,23018680,26521798,49540478,7,0,0,1024,13,6552223308
5169,23026900,26237093,49263993,1,0,0,15360,8,5347998931
5170,23034770,26481134,49515904,2,0,0,43520,18,1018128381
5171,23040210,26202748,49242958,7,0,0,1024,13,9658329082
5172,23047530,26798546,49846076,7,0,0,512,13,3215899698
5173,23048390,40076796,63125186,8,0,1,7680,13,3416218350
5174,23049850,27397507,50447357,8,0,0,106496,13,2301228192
5175,23057460,26194662,49252122,2,0,0,7168,18,4617784386
5176,23058471,40067531,63126002,4,0,1,1536,5,9100209399
5177,23064411,40065137,63129548,4,0,1,5632,5,450861365
5178,23072081,26217752,49289833,3,0,0,512,5,240737247
5179,23077020,26542832,49619852,5,0,0,5120,0,9462570003
5180,23083721,26304917,49388638,3,0,0,512,5,5414040702
5181,23086970,26631523,49718493,1,0,0,32768,8,10323241808
5182,23121640,26863312,49984952,2,0,0,93184,18,1100846461
5183,23122620,27287512,50410132,8,0,0,28672,13,4352866560
5184,23129971,26709437,49839408,3,0,0,512,5,9634647586
5185,23146250,39988790,63135040,5,0,1,18944,0,6327132455
5186,23147230,26204079,49351309,2,0,0,6144,18,2377532812
5187,23148750,27202162,50350912,0,0,0,34816,14,8320576308
5188,23149121,26367274,49516395,3,0,0,1536,5,483360712
5189,23152400,39985226,63137626,5,0,1,4096,0,1057439526
5190,23153050,26692847,49845897,1,0,0,17920,8,10696981430
5191,23157010,27788740,50945750,1,0,0,13312,8,9520711591
5192,23163660,27588815,50752475,7,0,0,512,13,6619047588
5193,23166020,26701070,49867090,1,0,0,24064,8,2336036338
5194,23173930,26426975,49600905,7,0,0,1536,13,2204367200
5195,23174970,26581017,49755987,8,0,0,15360,13,3006102873
5196,23200280,27410976,50611256,5,0,0,61440,0,7211872924
5197,23203300,26386931,49590231,1,0,0,34816,8,3399920513
5198,23206010,39934202,63140212,5,0,1,4096,0,5153304922
5199,23208050,26632364,49840414,0,0,0,2048,14,6462849760
5200,23210260,26979398,50189658,2,0,0,110080,18,2006167330
5201,23215800,26894237,50110037,5,0,0,131584,0,10189268604
5202,23215960,26559120,49775080,1,0,0,39936,8,8402055122
5203,23218781,26297949,49516730,3,0,0,1024,5,8841491593
5204,23226691,26391578,49618269,3,0,0,1536,5,7375272875
5205,23227850,26897654,50125504,2,0,0,50688,18,7061495363
5206,23251840,27548947,50800787,5,0,0,17920,0,7400550038
5207,23253510,26154534,49408044,8,0,0,3584,13,599310661
5208,23255800,39886523,63142323,5,0,1,1024,0,1326872864
5209,23261240,27599793,50861033,2,0,0,17920,18,10125324452
5210,23267120,39879709,63146829,5,0,1,7168,0,2749332036
5211,23270010,26927338,50197348,0,0,0,24064,14,8584122864
5212,23270960,26797535,50068495,2,0,0,81920,18,1704327406
5213,23275560,27563175,50838735,1,0,0,27136,8,4873513170
5214,23277430,26531075,49808505,7,0,0,512,13,10161561916
5215,23288450,27159756,50448206,7,0,0,2048,13,9589045030
5216,23297170,39883621,63180791,5,0,1,7168,0,8847241970
5217,23298250,26692029,49990279,5,0,0,17408,0,812551895
5218,23299330,27647067,50946397,0,0,0,2048,14,8456826635
5219,23299340,27052242,50351582,8,0,0,2048,13,2561104024
5220,23300351,26322972,49623323,3,0,0,512,5,2508262960
5221,23301840,27005658,50307498,2,0,0,166912,18,7197028475
5222,23305150,39877587,63182737,5,0,1,3072,0,1232907194
5223,23318990,27051202,50370192,5,0,0,60928,0,9530603904
5224,23323781,26866212,50189993,3,0,0,1024,5,7751442874
5225,23326681,26456876,49783557,3,0,0,512,5,1028356256
5226,23328000,27322284,50650284,2,0,0,3072,18,3933359912
5227,23336670,26815390,50152060,5,0,0,6656,0,2598915842
5228,23337790,39847853,63185643,8,0,1,4608,13,9437615655
5229,23346390,39840239,63186629,8,0,1,1536,13,2407248018
5230,23351491,26639279,49990770,3,0,0,1536,5,1070965005
5231,23357800,27489280,50847080,2,0,0,27136,18,1410613785
5232,23364350,26482997,49847347,8,0,0,4096,13,3531140683
5233,23365240,26838059,50203299,8,0,0,19456,13,7561166804
5234,23366100,27659585,51025685,7,0,0,1536,13,3467985076
5235,23370410,26652019,50022429,8,0,0,9728,13,6014900022
5236,23371230,27334613,50705843,2,0,0,13824,18,2617727653
5237,23382360,27537996,50920356,0,0,0,6144,14,8420661680
5238,23383321,27447123,50830444,3,0,0,512,5,5491152804
5239,23394970,27140625,50535595,1,0,0,30720,8,7847431712
5240,23397830,27128382,50526212,2,0,0,38912,18,9222364362
5241,23400470,26725213,50125683,7,0,0,512,13,7530793586
5242,23404970,26603192,50008162,7,0,0,512,13,4479812740
5243,23411360,26792118,50203478,7,0,0,512,13,5802795604
5244,23414030,39775505,63189535,8,0,1,4608,13,929457422
5245,23414120,39781419,63195539,8,0,1,20480,13,8116665607
5246,23416430,39784754,63201184,1,0,1,26624,8,5953369276
5247,23416570,26984771,50401341,2,0,0,61440,18,6770170237
5248,23428130,39773310,63201440,1,0,1,9216,8,6920912731
5249,23441710,26427870,49869580,7,0,0,512,13,4176910975
5250,23442620,39760631,63203251,1,0,1,2560,8,3546254568
5251,23442910,27632155,51075065,8,0,0,52224,13,6687972844
5252,23445660,27794690,51240350,0,0,0,60928,14,780895937
5253,23445670,39760807,63206477,8,0,1,5120,13,4245971762
5254,23449060,26925684,50374744,5,0,0,14336,0,7336189002
5255,23451090,26931508,50382598,0,0,0,25600,14,3599798538
5256,23455360,39752743,63208103,1,0,1,2560,8,10547476574
5257,23455371,26767195,50222566,3,0,0,1024,5,4222058579
5258,23455880,27667407,51123287,2,0,0,73728,18,10309068303
5259,23456690,27334257,50790947,7,0,0,1024,13,8898350283
5260,23464690,27865624,51330314,8,0,0,8192,13,3184750604
5261,23467950,27005717,50473667,0,0,0,10240,14,1446958753
5262,23475610,27216868,50692478,5,0,0,79360,0,1240879280
5263,23486751,39722658,63209409,4,0,1,2048,5,2001684501
5264,23497980,26978862,50476842,0,0,0,4608,14,8665539889
5265,23519420,27867302,51386722,2,0,0,162816,18,5158654337
5266,23525190,27642413,51167603,0,0,0,57856,14,8911015782
5267,23528061,27965024,51493085,3,0,0,3584,5,397024699
5268,23528640,28206066,51734706,8,0,0,164352,13,5300462391
5269,23533230,28028003,51561233,1,0,0,25600,8,5719252357
5270,23533631,39676124,63209755,4,0,1,512,5,1769901294
5271,23543200,27849029,51392229,8,0,0,17920,13,8131707823
5272,23548480,27718725,51267205,1,0,0,88064,8,9241199802
5273,23551580,27582338,51133918,0,0,0,34816,14,2139770334
5274,23554831,26892728,50447559,3,0,0,512,5,1022887521
5275,23555230,27772557,51327787,1,0,0,197120,8,3378953676
5276,23556180,28279721,51835901,8,0,0,67584,13,3322266207
5277,23566330,27352131,50918461,2,0,0,69632,18,8660501097
5278,23569780,27258053,50827833,1,0,0,81920,8,8251879397
5279,23573830,27763215,51337045,8,0,0,22016,13,9944352020
5280,23576320,27960442,51536762,0,0,0,32256,14,116674727
5281,23591790,27858836,51450626,0,0,0,12800,14,8500878055
5282,23599900,28073874,51673774,1,0,0,34816,8,6475176903
5283,23606400,39620292,63226692,6,0,1,512,6,9099374757
5284,23625531,27202481,50828012,3,0,0,512,5,413587994
5285,23630080,26837822,50467902,1,0,0,9216,8,7587736429
5286,23636620,27504676,51141296,1,0,0,13312,8,9518221645
5287,23636840,27373833,51010673,1,0,0,12288,8,3614147077
5288,23637390,39590288,63227678,6,0,1,1536,6,9598751251
5289,23637900,27775747,51413647,1,0,0,43520,8,2152406797
5290,23639500,28326573,51966073,2,0,0,83456,18,4024631133
5291,23648370,27524420,51172790,7,0,0,512,13,10198783761
5292,23650710,27910702,51561412,7,0,0,512,13,10563554925
5293,23651820,39576524,63228344,6,0,1,1024,6,10199309238
5294,23652770,39575920,63228690,6,0,1,512,6,593042930
5295,23671501,39558469,63229970,7,0,1,14336,13,721816027
5296,23676810,39559362,63236172,6,0,1,9216,6,10266928491
5297,23678730,28163005,51841735,5,0,0,13824,0,2124766182
5298,23683600,27258071,50941671,0,0,0,46080,14,10339318043
5299,23685651,27282987,50968638,3,0,0,1024,5,6377711410
5300,23685860,26906653,50592513,8,0,0,9216,13,1944246374
5301,23686881,27005776,50692657,3,0,0,512,5,3849686813
5302,23692570,28086923,51779493,5,0,0,13824,0,10665507846
5303,23694040,27136202,50830242,1,0,0,7168,8,1200484743
5304,23698220,27945310,51643530,5,0,0,30720,0,3787639609
5305,23699270,28333532,52032802,1,0,0,84480,8,1679489385
5306,23701510,39535328,63236838,6,0,1,1024,6,5114182507
5307,23706171,39540012,63246183,7,0,1,25088,13,1569556442
5308,23714900,27552804,51267704,7,0,0,1536,13,532942351
5309,23715180,27499006,51214186,2,0,0,59392,18,5807211636
5310,23720300,27303273,51023573,1,0,0,9728,8,2392745895
5311,23726751,39519893,63246644,7,0,1,10240,13,1682193276
5312,23734000,39512990,63246990,6,0,1,512,6,3351671104
5313,23737821,39510155,63247976,7,0,1,1536,13,6265144304
5314,23754381,39495861,63250242,7,0,1,3584,13,2064548485
5315,23756770,27464927,51221697,1,0,0,24576,8,7740978941
5316,23757460,39494728,63252188,6,0,1,3072,6,10543874850
5317,23757531,28057755,51815286,3,0,0,1536,5,4182678570
5318,23769170,28375207,52144377,8,0,0,17408,13,7400838323
5319,23770390,27204127,50974517,1,0,0,15360,8,6560185045
5320,23778440,39474004,63252444,6,0,1,9216,6,5367039492
5321,23778920,27905687,51684607,0,0,0,26112,14,1926524475
5322,23779220,39477410,63256630,6,0,1,6656,6,9752829025
5323,23779401,39478855,63258256,7,0,1,2560,13,1123079036
5324,23780310,28025102,51805412,2,0,0,84992,18,6859948873
5325,23788600,27248381,51036981,0,0,0,3072,14,8038559840
5326,23789731,39470727,63260458,7,0,1,12288,13,7602905675
5327,23789740,27347477,51137217,2,0,0,10752,18,8133013595
5328,23790140,28089956,51880096,1,0,0,1024,8,1055324940
5329,23793820,27981406,51775226,8,0,0,62976,13,5942882036
5330,23795480,28145142,51940622,1,0,0,39936,8,1861997106
5331,23796920,27286598,51083518,2,0,0,3584,18,4461021672
5332,23803690,27596674,51400364,2,0,0,26624,18,5207113669
5333,23816490,39444314,63260804,6,0,1,512,6,7344432796
5334,23819840,28059921,51879761,1,0,0,71680,8,1276492969
5335,23820580,39441210,63261790,5,0,1,1536,0,10474156544
5336,23822360,39442854,63265214,6,0,1,9728,6,7652213857
5337,23823290,39462993,63286283,5,0,1,1024,0,2749876574
5338,23829560,28286253,52115813,1,0,0,152064,8,2785365303
5339,23836031,27219586,51055617,3,0,0,512,5,1657654874
5340,23836091,39473320,63309411,0,0,1,15872,14,7920360522
5341,23839230,28088336,51927566,0,0,0,89088,14,3484819196
5342,23840401,39472556,63312957,7,0,1,5632,13,8584089993
5343,23844230,39469073,63313303,5,0,1,512,0,6253837924
5344,23849350,39465899,63315249,6,0,1,3072,6,10316360240
5345,23854920,28368591,52223511,0,0,0,49152,14,6698299523
5346,23857070,39463147,63320217,5,0,1,1024,0,7178442691
5347,23859151,39473925,63333076,7,0,1,3072,13,2770490075
5348,23860760,28451664,52312424,2,0,0,50688,18,4310713982
5349,23862141,39470958,63333099,7,0,1,7680,13,8107176867
5350,23866830,27563423,51430253,0,0,0,26112,14,4505613467
5351,23870220,28426737,52296957,2,0,0,47104,18,2243651190
5352,23873271,39459851,63333122,7,0,1,3072,13,749255172
5353,23875830,27689166,51564996,2,0,0,2560,18,9560131479
5354,23889521,27787107,51676628,3,0,0,512,5,2665552585
5355,23890880,27531386,51422266,2,0,0,28160,18,3879299289
5356,23891501,39441644,63333145,0,0,1,5632,14,273958825
5357,23901201,27758043,51659244,3,0,0,512,5,4638136119
5358,23901311,39432400,63333711,7,0,1,22016,13,10377152385
5359,23901540,28167078,52068618,0,0,0,90624,14,7231685883
5360,23905400,27994999,51900399,2,0,0,66560,18,6354801659
5361,23915921,39418456,63334377,0,0,1,1024,14,7410036420
5362,23916291,27645456,51561747,3,0,0,1024,5,656302157
5363,23922280,39413083,63335363,5,0,1,1536,0,9353933041
5364,23923480,27654818,51578298,2,0,0,8192,18,218445874
5365,23933061,27802316,51735377,3,0,0,2048,5,1362875197
5366,23938541,27817474,51756015,3,0,0,54784,5,3773858901
5367,23944020,28235069,52179089,1,0,0,4608,8,8733135054
5368,23947630,28216864,52164494,1,0,0,33792,8,2613957350
5369,23949931,39388018,63337949,0,0,1,4096,14,7527895851
5370,23950170,39389405,63339575,6,0,1,2560,6,7246443363
5371,23952451,27647542,51599993,3,0,0,9728,5,4018146868
5372,23962560,28392886,52355446,1,0,0,12288,8,5299617484
5373,23968941,39370788,63339729,7,0,1,8704,13,2463890981
5374,23985090,39379011,63364101,8,0,1,4608,13,8822508887
5375,23987060,27827735,51814795,0,0,0,30720,14,3270972491
5376,23990520,39376167,63366687,6,0,1,4096,6,7333081856
5377,24000141,39370412,63370553,7,0,1,6144,13,7668042685
5378,24007860,39367519,63375379,6,0,1,7680,6,10545525452
5379,24010400,28409805,52420205,7,0,0,512,13,148399527
5380,24013411,39363594,63377005,7,0,1,2560,13,10229426695
5381,24013700,27662749,51676449,2,0,0,8704,18,43652844
5382,24016510,39369042,63385552,8,0,1,4608,13,4650004023
5383,24020490,39366650,63387140,5,0,1,15872,0,9720009468
5384,24025270,39384363,63409633,8,0,1,2048,13,251022527
5385,24025941,39385638,63411579,0,0,1,3072,14,8380511888
5386,24027190,27900719,51927909,7,0,0,1024,13,5057686805
5387,24033320,27973719,52007039,8,0,0,23040,13,8294316716
5388,24034930,27822968,51857898,5,0,0,12800,0,4012747178
5389,24044770,27792714,51837484,5,0,0,5120,0,5366317248
5390,24050781,39361464,63412245,7,0,1,1024,13,7530845559
5391,24051210,27688090,51739300,5,0,0,12800,0,1355476558
5392,24051380,27876864,51928244,7,0,0,1024,13,9586634752
5393,24053070,28081174,52134244,0,0,0,60416,14,3894033231
5394,24058770,28148246,52207016,0,0,0,20992,14,8588496387
5395,24079620,39333637,63413257,5,0,1,1536,0,265286494
5396,24082841,39335242,63418083,0,0,1,7680,14,2742119886
5397,24092500,39359868,63452368,6,0,1,2560,6,10637880822
5398,24094540,39361374,63455914,5,0,1,5632,0,6632950848
5399,24095690,39365050,63460740,8,0,1,7680,13,1478009921
5400,24096340,39364746,63461086,8,0,1,512,13,4138585605
5401,24098330,39367582,63465912,6,0,1,7680,6,2346138422
5402,24099890,27936356,52036246,2,0,0,4608,18,9659298014
5403,24102430,27826001,51928431,7,0,0,512,13,4171470319
5404,24104760,39361818,63466578,5,0,1,1024,0,1920194424
5405,24110880,28727675,52838555,8,0,0,23040,13,4008212161
5406,24123410,39347034,63470444,5,0,1,6144,0,2812999362
5407,24132810,28002081,52134891,5,0,0,2048,0,777694573
5408,24137310,27859848,51997158,0,0,0,17408,14,10089292310
5409,24138870,39402577,63541447,6,0,1,8192,6,2890931476
5410,24143060,28228892,52371952,5,0,0,49664,0,4073335758
5411,24144560,39403198,63547758,8,0,1,22016,13,2878973585
5412,24145290,28341142,52486432,5,0,0,110592,0,6965343428
5413,24145410,39495638,63641048,5,0,1,2560,0,1487628168
5414,24146220,28190798,52337018,2,0,0,4096,18,1385708441
5415,24147760,39493311,63641071,5,0,1,3072,0,6134740711
5416,24148061,39493433,63641494,7,0,1,8192,13,9122493053
5417,24151310,39500610,63651920,5,0,1,1536,0,4883987775
5418,24151800,28353015,52504815,1,0,0,55808,8,6238874069
5419,24151820,28335968,52487788,2,0,0,4096,18,5523070249
5420,24153081,39508757,63661838,7,0,1,1024,13,6662158192
5421,24158800,28287195,52445995,5,0,0,19456,0,832849132
5422,24159980,39502524,63662504,8,0,1,1024,13,7878432796
5423,24165041,39499089,63664130,7,0,1,2560,13,7218079839
5424,24166820,28458040,52624860,0,0,0,28672,14,9515407127
5425,24168291,39496185,63664476,7,0,1,512,13,8536409453
5426,24173310,28201675,52374985,2,0,0,9728,18,6168097751
5427,24173700,39495282,63668982,5,0,1,7168,0,8227881326
5428,24175460,39495468,63670928,5,0,1,3072,0,1540392652
5429,24176590,28331852,52508442,5,0,0,11776,0,7781651626
5430,24187281,39488916,63676197,7,0,1,6144,13,6412635583
5431,24195860,39482062,63677922,5,0,1,3072,0,9164892051
5432,24197570,28430433,52628003,8,0,0,10240,13,8961276442
5433,24205681,39472907,63678588,0,0,1,1024,14,10343384619
5434,24207890,28168857,52376747,2,0,0,5632,18,6125535672
5435,24210600,39664035,63874635,3,0,1,121344,5,4340717758
5436,24211431,39663227,63874658,0,0,1,3584,14,2235577863
5437,24214700,39659981,63874681,8,0,1,512,13,5238755933
5438,24225300,39649404,63874704,2,0,1,1024,18,8229044548
5439,24225670,28491224,52716894,1,0,0,92672,8,7664643523
5440,24225801,39648926,63874727,0,0,1,2560,14,2533698012
5441,24226030,28523514,52749544,5,0,0,92160,0,8911956860
5442,24227730,28355224,52582954,0,0,0,3072,14,3029201300
5443,24230311,39644439,63874750,7,0,1,1536,13,4878670530
5444,24231980,39642793,63874773,8,0,1,5120,13,10057661248
5445,24238260,39636536,63874796,2,0,1,8704,18,5396478523
5446,24238670,28209493,52448163,2,0,0,2048,18,8319318087
5447,24243380,39631439,63874819,5,0,1,1536,0,9988034589
5448,24249090,39626624,63875714,2,0,1,19456,18,525618097
5449,24259111,39616626,63875737,0,0,1,10240,14,777275895
5450,24260701,39615059,63875760,0,0,1,8704,14,3024828440
5451,24267071,39613259,63880330,7,0,1,7168,13,6570394240
5452,24267470,28278295,52545765,8,0,0,26624,13,1197715290
5453,24277000,28291987,52568987,1,0,0,11776,8,9828830128
5454,24277820,28099106,52376926,7,0,0,512,13,6379224742
5455,24280780,39615767,63896547,3,0,1,56320,5,6683350509
5456,24281001,39635208,63916209,0,0,1,16384,14,671010417
5457,24283930,39755607,64039537,3,0,1,112640,5,1683788461
5458,24285250,28464473,52749723,7,0,0,512,13,8148686010
5459,24289520,28431921,52721441,0,0,0,14848,14,9037274010
5460,24292320,28135144,52427464,7,0,0,512,13,4913771710
5461,24293530,39746993,64040523,2,0,1,1536,18,3166117686
5462,24296120,28317125,52613245,1,0,0,25600,8,4655915758
5463,24296460,28294245,52590705,8,0,0,12800,13,7400469309
5464,24298650,28572551,52871201,2,0,0,7168,18,6686867909
5465,24300841,39740668,64041509,7,0,1,1536,13,8467882533
5466,24305691,39751305,64056996,7,0,1,1536,13,4563690618
5467,24316010,28515494,52831504,2,0,0,31232,18,6306587145
5468,24321000,28716145,53037145,2,0,0,7168,18,663650750
5469,24324251,39733091,64057342,7,0,1,512,13,595015970
5470,24329620,28219877,52549497,5,0,0,3584,0,7377268297
5471,24330250,39728398,64058648,3,0,1,2048,5,5232635323
5472,24335890,28638017,52973907,5,0,0,41472,0,250716568
5473,24336570,28788844,53125414,8,0,0,27136,13,1170130948
5474,24343571,39715436,64059007,7,0,1,9728,13,1405769155
5475,24346630,39724637,64071267,5,0,1,3584,0,10120806758
5476,24346930,39725003,64071933,8,0,1,1024,13,742050753
5477,24348441,39727678,64076119,7,0,1,6656,13,2321687340
5478,24353480,28627657,52981137,8,0,0,10752,13,2888515518
5479,24353780,28662617,53016397,2,0,0,22528,18,8483438319
5480,24359970,28232344,52592314,7,0,0,1024,13,372378921
5481,24365470,28473732,52839202,2,0,0,2048,18,7671386929
5482,24365721,39715109,64080830,7,0,1,20480,13,3670181589
5483,24367990,28408349,52776339,7,0,0,1536,13,5097586332
5484,24368420,28539266,52907686,2,0,0,25600,18,3248791314
5485,24369460,28429495,52798955,1,0,0,68608,8,3618888807
5486,24372860,28402988,52775848,0,0,0,22528,14,428190999
5487,24373440,28697405,53070845,1,0,0,50176,8,9895473760
5488,24379250,39868952,64248202,3,0,1,125440,5,1986711780
5489,24381850,39921981,64303831,8,0,1,15360,13,9472296897
5490,24382440,28800527,53182967,2,0,0,8704,18,9500862169
5491,24386000,28367490,52753490,0,0,0,12288,14,9681358045
5492,24386780,28885473,53272253,8,0,0,512,13,3000536338
5493,24390659,28822028,53212687,9,0,0,27648,10,10080854664
5494,24392050,39916720,64308770,8,0,1,1024,13,5208497652
5495,24395550,28699420,53094970,1,0,0,53248,8,9678020388
5496,24401141,39938278,64339419,7,0,1,14848,13,2179578200
5497,24402970,28437212,52840182,0,0,0,1024,14,2814405397
5498,24404650,39973711,64378361,2,0,1,15872,18,4206716524
5499,24406380,28177330,52583710,7,0,0,512,13,5949280132
5500,24406830,39971554,64378384,2,0,1,10240,18,3581753191
5501,24407120,29116365,53523485,8,0,0,96768,13,8714669992
5502,24412040,39977544,64389584,2,0,1,1024,18,6368421118
5503,24421371,39968415,64389786,0,0,1,2048,14,9010544203
5504,24436690,39953119,64389809,5,0,1,1024,0,4760449910
5505,24442011,39954442,64396453,7,0,1,8704,13,9292948814
5506,24446910,28825164,53272074,2,0,0,67584,18,4273489112
5507,24448921,39947686,64396607,0,0,1,8704,14,4776468939
5508,24451721,39945232,64396953,0,0,1,512,14,8083311397
5509,24461200,28500048,52961248,0,0,0,23040,14,4303340110
5510,24466850,28877960,53344810,8,0,0,24064,13,4324876541
5511,24470310,39927719,64398029,5,0,1,13312,0,2646993783
5512,24470870,28351072,52821942,1,0,0,25600,8,536121457
5513,24475700,39932917,64408617,2,0,1,15872,18,7536079531
5514,24482670,29171530,53654200,8,0,0,92160,13,1253925833
5515,24484970,39927212,64412182,5,0,1,4096,0,5961275045
5516,24486040,28316370,52802410,8,0,0,11264,13,5323625576
5517,24492020,39925037,64417057,2,0,1,1024,18,6924558871
5518,24494770,29248400,53743170,5,0,0,10240,0,2423221559
5519,24494900,28529093,53023993,1,0,0,3584,8,657288163
5520,24498040,28428373,52926413,1,0,0,22016,8,3137809849
5521,24499070,28374406,52873476,1,0,0,2048,8,10498640293
5522,24501901,39919022,64420923,7,0,1,6144,13,8468458942
5523,24505250,29181623,53686873,7,0,0,512,13,6956301068
5524,24512330,39966147,64478477,5,0,1,512,0,3034817621
5525,24512361,39966139,64478500,0,0,1,4608,14,6834814308
5526,24514861,39967585,64482446,0,0,1,6656,14,6370895672
5527,24518960,28458878,52977838,5,0,0,12800,0,9445189216
5528,24531670,28449843,52981513,7,0,0,1024,13,10144155805
5529,24541270,28481592,53022862,2,0,0,20992,18,9150163264
5530,24545871,39936598,64482469,7,0,1,3584,13,4948670434
5531,24546811,39935681,64482492,0,0,1,7168,14,182547280
5532,24548770,40044348,64593118,3,0,1,133120,5,2652301009
5533,24553221,40056616,64609837,7,0,1,1536,13,5146701828
5534,24554350,28891681,53446031,1,0,0,92160,8,8536877208
5535,24557420,28920458,53477878,2,0,0,104448,18,10627511793
5536,24564930,28551180,53116110,5,0,0,2560,0,3486657400
5537,24570400,28786814,53357214,1,0,0,10240,8,7614609510
5538,24571231,40039592,64610823,0,0,1,1536,14,7193960483
5539,24572221,40041828,64614049,0,0,1,5120,14,6016889286
5540,24577600,29039715,53617315,5,0,0,88064,0,2073248276
5541,24581941,40035654,64617595,7,0,1,5632,13,5504624768
5542,24590700,29272641,53863341,1,0,0,184832,8,291094409
5543,24592230,29292413,53884643,2,0,0,26624,18,4975851998
5544,24594600,40024621,64619221,6,0,1,2560,6,9606241244
5545,24604700,29474408,54079108,5,0,0,105472,0,7865256554
5546,24609430,40010137,64619567,6,0,1,512,6,9629229697
5547,24613980,40018589,64632569,6,0,1,12800,6,1252687560
5548,24616810,28757118,53373928,0,0,0,2560,14,9268075311
5549,24618390,40018045,64636435,5,0,1,6144,0,10724941901
5550,24618721,40035739,64654460,7,0,1,3584,13,5507660395
5551,24621981,40035385,64657366,0,0,1,4608,14,4229005170
5552,24632041,40025671,64657712,7,0,1,512,13,3850649573
5553,24635260,28407829,53043089,7,0,0,1024,13,2691791743
5554,24644281,40014417,64658698,7,0,1,1536,13,9687318336
5555,24645210,29033817,53679027,0,0,0,81408,14,7419508043
5556,24649771,40011833,64661604,7,0,1,4608,13,9092425295
5557,24657381,40005209,64662590,7,0,1,1536,13,4245836495
5558,24666280,28826776,53493056,1,0,0,16384,8,2946720075
5559,24677260,29046943,53724203,2,0,0,121344,18,8116922430
5560,24691010,29115969,53806979,8,0,0,61440,13,5590758534
5561,24707200,28918718,53625918,2,0,0,28160,18,6406880313
5562,24708941,39954820,64663761,0,0,1,1024,14,5000340453
5563,24714740,28813136,53527876,2,0,0,14336,18,841058858
5564,24716520,30070375,54786895,1,0,0,79360,8,9353904113
5565,24723200,29429091,54152291,2,0,0,74752,18,9771735109
5566,24724830,29679719,54404549,5,0,0,64512,0,2599973117
5567,24729910,29602551,54332461,1,0,0,194560,8,785710830
5568,24731151,39935516,64666667,0,0,1,4608,14,2953100432
5569,24736690,39935712,64672402,5,0,1,5632,0,7775053176
5570,24740640,30008825,54749465,1,0,0,118784,8,1750546248
5571,24745261,39927164,64672425,0,0,1,512,14,4470982288
5572,24751631,39920837,64672468,7,0,1,1536,13,1525545988
5573,24754060,39928857,64682917,5,0,1,13824,0,10078837645
5574,24762500,29335842,54098342,2,0,0,2560,18,7515362755
5575,24764901,39932050,64696951,7,0,1,15360,13,201078135
5576,24774760,29192390,53967150,2,0,0,35328,18,6232651100
5577,24775270,28911938,53687208,7,0,0,1024,13,3423150480
5578,24777381,39929406,64706787,7,0,1,10240,13,10377192430
5579,24779560,29226565,54006125,5,0,0,58368,0,9395801776
5580,24779810,29335403,54115213,0,0,0,55296,14,1782645941
5581,24780180,29206716,53986896,1,0,0,13312,8,9224291941
5582,24780610,28959401,53740011,5,0,0,51200,0,10721011338
5583,24787041,39921369,64708410,0,0,1,512,14,5100252982
5584,24792001,39920915,64712916,0,0,1,7168,14,5632599018
5585,24792571,39923121,64715692,0,0,1,8704,14,7931248065
5586,24793741,39924857,64718598,7,0,1,4608,13,4915074307
5587,24794050,28985774,53779824,8,0,0,20480,13,2200956652
5588,24802830,29580869,54383699,1,0,0,8704,8,4485175744
5589,24807920,29778906,54586826,7,0,0,512,13,6817808081
5590,24808070,39923632,64731702,5,0,1,9728,0,9280392465
5591,24823630,39914524,64738154,8,0,1,10240,13,9317471730
5592,24834410,39904205,64738615,5,0,1,10240,0,4072002199
5593,24835811,39906990,64742801,7,0,1,6656,13,8764096189
5594,24838230,28787867,53626097,7,0,0,512,13,7570204995
5595,24838690,29843355,54682045,1,0,0,25088,8,9213923236
5596,24840110,39919349,64759459,8,0,1,512,13,1685986823
5597,24847240,39914165,64761405,5,0,1,3072,0,10319743062
5598,24851099,28835595,53686694,9,0,0,25088,10,5419822066
5599,24853930,29243609,54097539,2,0,0,60416,18,9020941668
5600,24859100,29118360,53977460,7,0,0,512,13,10318114620
5601,24861390,29262582,54123972,0,0,0,28672,14,4157271045
5602,24867710,29322605,54190315,8,0,0,91648,13,2500466104
5603,24868431,39893960,64762391,7,0,1,1536,13,3388670220
5604,24869341,39895956,64765297,0,0,1,4608,14,5962839807
5605,24870011,39896272,64766283,7,0,1,1536,13,7826274340
5606,24876471,39892078,64768549,7,0,1,3584,13,5788344093
5607,24877050,39909002,64786052,8,0,1,3072,13,3304723963
5608,24881270,29371454,54252724,2,0,0,35840,18,6968028323
5609,24881310,29309808,54191118,0,0,0,2560,14,2098985523
5610,24881860,29538889,54420749,5,0,0,45056,0,904958064
5611,24884510,29384062,54268572,7,0,0,3584,13,1256005698
5612,24895170,29967036,54862206,1,0,0,69120,8,9306728343
5613,24897320,29436592,54333912,8,0,0,4608,13,1918547243
5614,24902041,39899412,64801453,7,0,1,512,13,9565547539
5615,24903421,39902218,64805639,7,0,1,6656,13,6311241292
5616,24906090,39900215,64806305,6,0,1,1024,6,5046686196
5617,24910500,39899166,64809666,8,0,1,2048,13,6701326492
5618,24929800,29311981,54241781,8,0,0,148992,13,9336516212
5619,24933570,29337833,54271403,0,0,0,9216,14,9102207613
5620,24937990,29674746,54612736,5,0,0,13824,0,4237790788
5621,24943030,29520834,54463864,0,0,0,25088,14,1905474729
5622,24943330,29425645,54368975,8,0,0,46080,13,2606742412
5623,24945580,29510617,54456197,2,0,0,72704,18,8215475473
5624,24951241,39860013,64811254,7,0,1,15872,13,9357905008
5625,24962000,29879100,54841100,8,0,0,38400,13,3244808371
5626,24964760,29159391,54124151,7,0,0,512,13,7172699659
5627,24965341,39847933,64813274,0,0,1,11264,14,10155240577
5628,24967490,30026808,54994298,0,0,0,68608,14,5727030626
5629,24969001,39847845,64816846,0,0,1,5632,14,9147975220
5630,24971260,29224478,54195738,7,0,0,512,13,1986900470
5631,24971281,39868046,64839327,7,0,1,15872,13,9010931637
5632,24972459,29361632,54334091,9,0,0,512,10,4399028110
5633,24981320,29286137,54267457,0,0,0,37376,14,6466049558
5634,24982101,39859114,64841215,7,0,1,1536,13,10047188148
5635,24983459,29770709,54754168,9,0,0,15360,10,9958847594
5636,24993461,39869496,64862957,0,0,1,10240,14,7663352283
5637,24997110,29258133,54255243,1,0,0,8192,8,4342379538
5638,24998311,39866592,64864903,7,0,1,3072,13,8578287171
5639,25014519,29937662,54952181,9,0,0,24064,10,2169693459
5640,25015820,29617071,54632891,5,0,0,66048,0,573401400
5641,25017150,29410570,54427720,0,0,0,16384,14,10610580205
5642,25018690,39847519,64866209,6,0,1,2048,6,2798904095
5643,25023319,29851404,54874723,9,0,0,12800,10,4619469339
5644,25025610,29728893,54754503,7,0,0,1024,13,7090154529
5645,25029190,39841525,64870715,6,0,1,7168,6,9869625927
5646,25032140,29311669,54343809,0,0,0,30208,14,2532335405
5647,25033611,39872366,64905977,0,0,1,2560,14,4989227201
5648,25041821,39866422,64908243,7,0,1,3584,13,2914778029
5649,25044140,39867983,64912123,8,0,1,4608,13,7961267143
5650,25044310,29444923,54489233,0,0,0,36352,14,8142824070
5651,25044430,29290152,54334582,0,0,0,1536,14,6201785833
5652,25049170,29507462,54556632,8,0,0,41472,13,2081301306
5653,25049790,29779368,54829158,5,0,0,93696,0,5805513383
5654,25050461,39866488,64916949,7,0,1,7680,13,735205704
5655,25050750,29535563,54586313,2,0,0,30720,18,5164763405
5656,25053930,39868961,64922891,8,0,1,512,13,10287253434
5657,25057931,39865306,64923237,0,0,1,512,14,7985039576
5658,25062380,30013327,55075707,8,0,0,26112,13,1059627919
5659,25066750,29504227,54570977,8,0,0,35840,13,5583294761
5660,25071880,29201278,54273158,0,0,0,5632,14,8042769549
5661,25077470,29685176,54762646,0,0,0,26624,14,9143933061
5662,25077620,29178426,54256046,7,0,0,2560,13,9855853095
5663,25079471,39846992,64926463,0,0,1,5120,14,3480515143
5664,25079980,29425447,54505427,5,0,0,16384,0,8560082458
5665,25081321,39861038,64942359,7,0,1,8704,13,2412020319
5666,25085271,39872295,64957566,0,0,1,7168,14,5991507758
5667,25085860,29972313,55058173,0,0,0,11264,14,8152972315
5668,25093500,39865866,64959366,8,0,1,512,13,7976267765
5669,25097440,29731937,54829377,7,0,0,512,13,1406796967
5670,25102589,29610661,54713250,9,0,0,55296,10,9037366035
5671,25109811,39853421,64963232,7,0,1,6144,13,6286049774
5672,25111320,39852898,64964218,8,0,1,1536,13,1132188616
5673,25120179,30119789,55239968,9,0,0,132096,10,5184257541
5674,25121241,39844603,64965844,7,0,1,2560,13,1067672705
5675,25121510,29770198,54891708,7,0,0,1536,13,4745019307
5676,25122011,39854679,64976690,0,0,1,8704,14,7186935187
5677,25124600,39852858,64977458,8,0,1,11776,13,9467247908
5678,25125570,30023876,55149446,8,0,0,62976,13,7918721999
5679,25136810,29943756,55080566,0,0,0,15872,14,9632433145
5680,25145330,39835994,64981324,8,0,1,6144,13,1168475427
5681,25147029,29541435,54688464,9,0,0,20992,10,3022870247
5682,25151320,39833284,64984604,8,0,1,4096,13,8367027787
5683,25154901,39832929,64987830,7,0,1,5120,13,2087112896
5684,25157761,39831055,64988816,0,0,1,1536,14,3001299725
5685,25159461,39838705,64998166,0,0,1,4608,14,8924024494
5686,25164690,29635570,54800260,8,0,0,43008,13,9599750503
5687,25172210,29436291,54608501,0,0,0,8704,14,2086051935
5688,25174320,39823869,64998189,8,0,1,1024,13,7972688158
5689,25175811,39822401,64998212,0,0,1,4096,14,4788197423
5690,25180921,39824496,65005417,7,0,1,8192,13,811787821
5691,25188771,39846063,65034834,7,0,1,39424,13,6601163629
5692,25193590,29751236,54944826,2,0,0,41472,18,6854774228
5693,25196360,29604102,54800462,7,0,0,512,13,9517919219
5694,25200180,39892480,65092660,8,0,1,11776,13,6524236511
5695,25210620,29651765,54862385,7,0,0,512,13,5940981086
5696,25212021,39880662,65092683,7,0,1,9728,13,6501230598
5697,25217761,39874945,65092706,0,0,1,512,14,9976638382
5698,25222410,29845302,55067712,0,0,0,31232,14,7162135414
5699,25234901,39858163,65093064,0,0,1,4096,14,332941088
5700,25242359,29764629,55006988,9,0,0,10752,10,6301611159
5701,25257400,30651091,55908491,2,0,0,59904,18,2422570724
5702,25260260,29743421,55003681,5,0,0,30720,0,6891597174
5703,25261840,39831247,65093087,8,0,1,3072,13,8400438004
5704,25274460,30054205,55328665,0,0,0,127488,14,8887828683
5705,25288440,39804670,65093110,9,0,1,3072,10,8300023173
5706,25290210,39802923,65093133,8,0,1,512,13,4071142452
5707,25292389,30049541,55341930,9,0,0,43008,10,7878007886
5708,25296200,29980018,55276218,5,0,0,5120,0,7852793948
5709,25298620,30075226,55373846,8,0,0,56320,13,7374356346
5710,25300759,29753959,55054718,9,0,0,24576,10,6568748559
5711,25303700,30090084,55393784,8,0,0,9728,13,9964322001
5712,25306870,39786286,65093156,9,0,1,2048,10,5335750439
5713,25309461,39784365,65093826,7,0,1,2048,13,5783387292
5714,25317770,29932517,55250287,8,0,0,33792,13,7457606756
5715,25327860,39765989,65093849,8,0,1,1536,13,6912131289
5716,25329011,39764861,65093872,7,0,1,512,13,7322059205
5717,25334641,39776304,65110945,7,0,1,6656,13,2036703699
5718,25348000,39762968,65110968,9,0,1,6144,10,4928382172
5719,25348039,29821949,55169988,9,0,0,10240,10,2763144355
5720,25352919,29660176,55013095,9,0,0,19968,10,4093213044
5721,25359670,30604267,55963937,0,0,0,18944,14,4935886889
5722,25360090,39751339,65111429,8,0,1,15360,13,4850181409
5723,25360670,39750782,65111452,9,0,1,6144,10,5962002464
5724,25361560,39763898,65125458,8,0,1,23552,13,3801248233
5725,25364230,29888732,55252962,5,0,0,8704,0,5330793296
5726,25365180,39791817,65156997,9,0,1,10240,10,3023165460
5727,25368341,39817524,65185865,7,0,1,23552,13,1524955038
5728,25371950,39825597,65197547,8,0,1,512,13,5080276826
5729,25381490,29779679,55161169,2,0,0,38400,18,928695765
5730,25381720,30051610,55433330,0,0,0,17408,14,1018460406
5731,25389610,29865386,55254996,7,0,0,1024,13,10580595353
5732,25395470,39806263,65201733,9,0,1,6656,10,4172751942
5733,25396141,39809778,65205919,7,0,1,6656,13,5296672485
5734,25396830,39810203,65207033,9,0,1,12288,10,1985557513
5735,25413010,30121581,55534591,2,0,0,42496,18,3049295545
5736,25413470,29749438,55162908,8,0,0,5632,13,314770079
5737,25413650,39798529,65212179,8,0,1,8192,13,2440448269
5738,25424810,29849825,55274635,0,0,0,33792,14,2417056924
5739,25425690,39789715,65215405,8,0,1,5120,13,3826741628
5740,25425910,39790481,65216391,9,0,1,1536,10,681327681
5741,25429280,39788097,65217377,9,0,1,1536,10,4133940684
5742,25439701,39778022,65217723,7,0,1,512,13,9537237696
5743,25446810,30034352,55481162,8,0,0,18432,13,9882917148
5744,25459010,30266431,55725441,5,0,0,51712,0,8517198025
5745,25460920,39759709,65220629,9,0,1,4608,10,89782197
5746,25466010,39759481,65225491,8,0,1,14336,13,5302979390
5747,25477640,39751733,65229373,9,0,1,5632,10,3561290858
5748,25478650,39754091,65232741,9,0,1,3584,10,8401406933
5749,25482790,39751577,65234367,8,0,1,2560,13,6318082277
5750,25492350,30043026,55535376,7,0,0,2048,13,4044556886
5751,25498880,39736793,65235673,8,0,1,2048,13,7875119064
5752,25515261,39723318,65238579,7,0,1,4608,13,2815132967
5753,25519701,39724664,65244365,7,0,1,21504,13,5248449890
5754,25520770,39728933,65249703,9,0,1,1024,10,9255585664
5755,25521610,39756197,65277807,8,0,1,1024,13,9137884384
5756,25523300,30090504,55613804,5,0,0,56832,0,7962576200
5757,25531140,30005035,55536175,0,0,0,1536,14,4196984587
5758,25537480,39740434,65277914,6,0,1,1024,6,3065364213
5759,25537920,29914110,55452030,8,0,0,18432,13,7988913007
5760,25539250,30079014,55618264,7,0,0,3072,13,6070204271
5761,25552481,39725997,65278478,7,0,1,10752,13,8064252324
5762,25555960,30174646,55730606,7,0,0,512,13,9949863902
5763,25561029,30631666,56192695,9,0,0,6656,10,8169328472
5764,25565470,30020295,55585765,5,0,0,22016,0,2963186193
5765,25570180,29984997,55555177,5,0,0,3072,0,4847047597
5766,25571750,30137889,55709639,0,0,0,54784,14,6974751764
5767,25573161,39708571,65281732,7,0,1,15360,13,8861950306
5768,25573380,39708698,65282078,2,0,1,512,18,4838340195
5769,25581690,39707659,65289349,2,0,1,9216,18,8100116146
5770,25583980,30003368,55587348,2,0,0,5120,18,204151191
5771,25584430,39711294,65295724,2,0,1,5120,18,1883033469
5772,25592440,39706190,65298630,8,0,1,4608,13,397459662
5773,25592949,30096027,55688976,9,0,0,8704,10,558676081
5774,25598460,30414892,56013352,8,0,0,30720,13,1173861867
5775,25599481,39699495,65298976,7,0,1,512,13,5886597506
5776,25603299,29993120,55596419,9,0,0,29696,10,1848549025
5777,25605070,39694367,65299437,2,0,1,10240,18,6726891925
5778,25623160,30146769,55769929,0,0,0,39424,14,3438832832
5779,25625110,39674993,65300103,8,0,1,1024,13,6770058900
5780,25647300,30431459,56078759,7,0,0,2048,13,8988145200
5781,25651021,39654228,65305249,7,0,1,8192,13,9070167628
5782,25660780,39645135,65305915,8,0,1,1024,13,5295923096
5783,25672789,30721357,56394146,9,0,0,1536,10,6033022249
5784,25673890,29982453,55656343,7,0,0,512,13,1529164673
5785,25675820,30186185,55862005,2,0,0,54272,18,6403830956
5786,25694379,30107187,55801566,9,0,0,34304,10,1502176339
5787,25696230,30381874,56078104,0,0,0,65536,14,2420823658
5788,25697010,30167670,55864680,5,0,0,8704,0,3867374826
5789,25699720,39607181,65306901,9,0,1,1536,10,9895548440
5790,25700170,30131217,55831387,7,0,0,512,13,6095305181
5791,25708140,31052042,56760182,2,0,0,19456,18,6641304178
5792,25709771,39600036,65309807,7,0,1,4608,13,4215135934
5793,25718000,30405612,56123612,8,0,0,14336,13,10601734175
5794,25732150,30231966,55964116,7,0,0,512,13,4524028244
5795,25733460,30094513,55827973,0,0,0,68608,14,6929018845
5796,25737460,30397766,56135226,5,0,0,13824,0,10736602804
5797,25738851,39571520,65310371,7,0,1,10752,13,2008048130
5798,25738899,29989571,55728470,9,0,0,3584,10,367163130
5799,25745580,29871702,55617282,5,0,0,11264,0,8404348542
5800,25748029,30461917,56209946,9,0,0,9216,10,1999846196
5801,25749291,39578961,65328252,7,0,1,3584,13,7714300704
5802,25755580,30635901,56391481,2,0,0,44544,18,3458445600
5803,25765300,30409314,56174614,7,0,0,1024,13,7491035280
5804,25767550,31444274,57211824,8,0,0,8704,13,2231638819
5805,25782800,29967040,55749840,5,0,0,2560,0,7019531972
5806,25792880,29838725,55631605,8,0,0,6144,13,7675431549
5807,25798420,30536776,56335196,2,0,0,81408,18,2012890810
5808,25803460,30546625,56350085,2,0,0,35840,18,2112211539
5809,25805251,39523987,65329238,0,0,1,1536,14,3031229368
5810,25818280,29986273,55804553,5,0,0,9728,0,515223121
5811,25823580,30180389,56003969,2,0,0,13312,18,8151529540
5812,25832480,30563046,56395526,7,0,0,1024,13,2603598910
5813,25833250,30971750,56805000,8,0,0,96768,13,10197248907
5814,25839320,30268535,56107855,8,0,0,48640,13,8448874170
5815,25844330,30599945,56444275,2,0,0,41472,18,3181658291
5816,25873800,30303199,56176999,7,0,0,512,13,1223435889
5817,25879821,39451363,65331184,7,0,1,3072,13,7964664810
5818,25880510,30873721,56754231,2,0,0,116224,18,6807757069
5819,25881479,30741477,56622956,9,0,0,80896,10,7021955553
5820,25883201,39468499,65351700,7,0,1,17408,13,8130663198
5821,25883411,39469275,65352686,7,0,1,1536,13,4792569335
5822,25883850,30089347,55973197,5,0,0,1024,0,500469729
5823,25914280,29749899,55664179,7,0,0,1024,13,7916933524
5824,25917461,39436851,65354312,7,0,1,2560,13,3186873955
5825,25919790,30784557,56704347,0,0,0,161792,14,5323945318
5826,25934230,30773572,56707802,0,0,0,11264,14,9741516466
5827,25935130,30595119,56530249,5,0,0,5120,0,3959958471
5828,25947810,31320067,57267877,2,0,0,22528,18,1081850555
5829,25951639,30204756,56156395,9,0,0,16384,10,6777054928
5830,25954540,30384602,56339142,0,0,0,10240,14,5278369738
5831,25961630,30635445,56597075,8,0,0,31232,13,2385269685
5832,25963640,30230411,56194051,7,0,0,1024,13,7569584997
5833,25974060,30609241,56583301,5,0,0,100864,0,9876073929
5834,25974800,30664114,56638914,0,0,0,17920,14,8048073722
5835,25976620,30161301,56137921,7,0,0,1024,13,3863875928
5836,25978560,30238873,56217433,0,0,0,1024,14,3113632618
5837,25980279,30572267,56552546,9,0,0,40960,10,1870524447
5838,25981210,31115351,57096561,7,0,0,512,13,1627229752
5839,25996270,39363188,65359458,9,0,1,8192,10,5650352831
5840,26011110,31012486,57023596,7,0,0,79360,13,9093172657
5841,26012890,30024929,56037819,8,0,0,11264,13,1794530488
5842,26017690,30569846,56587536,8,0,0,13824,13,9028985207
5843,26017959,30615472,56633431,9,0,0,34304,10,2047327088
5844,26021770,30629803,56651573,2,0,0,41472,18,2125974220
5845,26024090,31230325,57254415,0,0,0,114176,14,10576380969
5846,26026460,30628568,56655028,8,0,0,11264,13,3397717290
5847,26037940,30298059,56335999,2,0,0,2560,18,5195149877
5848,26040660,39320744,65361404,9,0,1,3072,10,3919779031
5849,26042380,30862626,56905006,2,0,0,84480,18,5115073582
5850,26063030,31439680,57502710,0,0,0,133632,14,4281798614
5851,26071600,30065053,56136653,8,0,0,4608,13,2653171537
5852,26074060,29984053,56058113,2,0,0,29696,18,6398692405
5853,26076010,31346938,57422948,8,0,0,66048,13,4328358072
5854,26076629,31034278,57110907,9,0,0,11264,10,9675835879
5855,26076930,39289620,65366550,9,0,1,8192,10,2698810216
5856,26080430,31505082,57585512,7,0,0,112128,13,1054936794
5857,26082260,31710338,57792598,8,0,0,123904,13,2419192774
5858,26088800,39291909,65380709,9,0,1,21504,10,2500094957
5859,26124970,31391115,57516085,2,0,0,29696,18,6346785246
5860,26127840,30354877,56482717,2,0,0,22528,18,5075413603
5861,26144690,31362324,57507014,5,0,0,13824,0,2480089875
5862,26158410,39229006,65387416,8,0,1,6144,13,5820170109
5863,26159030,30923201,57082231,5,0,0,89088,0,3631471752
5864,26160940,39227462,65388402,8,0,1,1536,13,10018508124
5865,26163330,30376713,56540043,5,0,0,22528,0,7775780841
5866,26171699,31462930,57634629,9,0,0,37888,10,3724023558
5867,26182500,30123456,56305956,8,0,0,23552,13,1820734648
5868,26185860,39204488,65390348,1,0,1,3072,8,10414640617
5869,26190790,31759826,57950616,8,0,0,35328,13,6289846685
5870,26192499,31068491,57260990,9,0,0,21504,10,6712207513
5871,26193030,31746799,57939829,5,0,0,93696,0,6449667240
5872,26196860,31327984,57524844,2,0,0,28672,18,7336309429
5873,26203620,31005529,57209149,0,0,0,91136,14,2860734642
5874,26204520,30280560,56485080,8,0,0,7680,13,71343445
5875,26219230,30722824,56942054,8,0,0,50688,13,9663712588
5876,26233420,39160794,65394214,8,0,1,6144,13,3644332418
5877,26249180,30526313,56775493,7,0,0,50176,13,7964007394
5878,26249590,31212381,57461971,0,0,0,128000,14,8911433629
5879,26254360,31758482,58012842,8,0,0,111616,13,5898116303
5880,26255650,30778299,57033949,7,0,0,6144,13,8327758929
5881,26257990,31842390,58100380,2,0,0,129536,18,5118637276
5882,26258390,39142037,65400427,8,0,1,5120,13,7795399260
5883,26261580,31375880,57637460,2,0,0,9216,18,5927808466
5884,26262530,30916056,57178586,5,0,0,33280,0,6414985285
5885,26268379,30644918,56913297,9,0,0,27136,10,7990254781
5886,26268860,31642398,57911258,0,0,0,215040,14,867050601
5887,26274350,30870764,57145114,2,0,0,28160,18,7796830576
5888,26275240,39133291,65408531,8,0,1,1024,13,1189971216
5889,26298340,31665270,57963610,0,0,0,16896,14,603148770
5890,26319781,39090696,65410477,4,0,1,3072,5,1824636011
5891,26320940,31814732,58135672,0,0,0,88576,14,5461772391
5892,26328910,31813033,58141943,7,0,0,20480,13,296484606
5893,26330231,39080592,65410823,4,0,1,512,5,6143661440
5894,26339150,31851300,58190450,5,0,0,73216,0,1930946099
5895,26341520,31192115,57533635,5,0,0,28672,0,7267343110
5896,26343470,31898499,58241969,5,0,0,50688,0,9638905633
5897,26349670,30953475,57303145,2,0,0,10240,18,2108896068
5898,26353011,39061038,65414049,4,0,1,5120,5,2135668311
5899,26355641,39059074,65414715,4,0,1,1024,5,4856154196
5900,26362490,31180083,57542573,0,0,0,12800,14,9487908889
5901,26363810,31391013,57754823,2,0,0,46592,18,9406801773
5902,26377320,30842015,57219335,7,0,0,24576,13,7537030137
5903,26385031,39060339,65445370,4,0,1,10752,5,244754450
5904,26388270,30773840,57162110,2,0,0,24576,18,10662779275
5905,26390780,31147870,57538650,7,0,0,16384,13,10096547974
5906,26421010,31928240,58349250,0,0,0,37888,14,6312370473
5907,26421160,31913536,58334696,5,0,0,36352,0,7374443922
5908,26422850,32044557,58467407,7,0,0,7168,13,6186899730
5909,26434580,31535293,57969873,8,0,0,20480,13,7635314892
5910,26442350,30960451,57402801,8,0,0,80896,13,10214841822
5911,26443550,39016381,65459931,6,0,1,1536,6,3167116337
5912,26469650,31136647,57606297,8,0,0,60928,13,9598677187
5913,26474990,31550831,58025821,2,0,0,42496,18,641891253
5914,26480790,30794755,57275545,8,0,0,20480,13,6729946174
5915,26485700,38978737,65464437,6,0,1,7168,6,10398282364
5916,26487531,38999267,65486798,4,0,1,4096,5,9323299851
5917,26495590,31462849,57958439,7,0,0,25600,13,9679327272
5918,26495770,31326491,57822261,2,0,0,97280,18,5875050993
5919,26509200,31593075,58102275,2,0,0,6144,18,8509158883
5920,26543500,32355955,58899455,7,0,0,72704,13,9433958983
5921,26546480,32157123,58703603,2,0,0,52224,18,5894445082
5922,26552921,38977153,65530074,0,0,1,2048,14,4582168338
5923,26554830,38976139,65530969,6,0,1,512,6,2769396227
5924,26555400,31170059,57725459,8,0,0,61952,13,9822561381
5925,26560210,31999056,58559266,5,0,0,55808,0,7192551752
5926,26562320,31139827,57702147,5,0,0,21504,0,7552848901
5927,26564511,38970324,65534835,0,0,1,6144,14,6255014920
5928,26570371,39015029,65585400,4,0,1,1024,5,1897087205
5929,26573700,31533434,58107134,5,0,0,15872,0,7085349366
5930,26577100,31155649,57732749,5,0,0,4096,0,6557247126
5931,26588650,31866850,58455500,2,0,0,16384,18,1230949046
5932,26592780,31247756,57840536,5,0,0,59904,0,5305264982
5933,26603800,31037895,57641695,2,0,0,13824,18,4376539843
5934,26611200,32209751,58820951,5,0,0,15872,0,3935950629
5935,26624140,32293122,58917262,5,0,0,58368,0,7572287705
5936,26631850,31412745,58044595,5,0,0,48640,0,500077924
5937,26633730,32451997,59085727,2,0,0,32256,18,3046215412
5938,26638091,38948935,65587026,4,0,1,2560,5,7501883699
5939,26639670,38947612,65587282,6,0,1,9216,6,6852903126
5940,26655860,38934648,65590508,6,0,1,5120,6,3817278113
5941,26656651,38998273,65654924,4,0,1,3072,5,4600537898
5942,26657800,31319896,57977696,0,0,0,25600,14,5423316615
5943,26658660,31487682,58146342,5,0,0,14336,0,3021818058
5944,26668050,31392831,58060881,8,0,0,20480,13,222459876
5945,26675011,38981539,65656550,4,0,1,2560,5,5025095736
5946,26675990,31169717,57845707,5,0,0,16896,0,4588846877
5947,26677360,31377250,58054610,8,0,0,32768,13,1623218487
5948,26678930,31767632,58446562,1,0,0,70144,8,1959887246
5949,26704810,31720357,58425167,2,0,0,87552,18,10916652
5950,26709070,32098833,58807903,7,0,0,35328,13,7520211396
5951,26716020,31313732,58029752,8,0,0,12800,13,4059202218
5952,26717380,31391212,58108592,1,0,0,4608,8,5302097253
5953,26724670,32556235,59280905,8,0,0,140800,13,1232137718
5954,26731950,31246861,57978811,7,0,0,3584,13,10104631659
5955,26734500,32581707,59316207,8,0,0,87552,13,8252984908
5956,26737440,32338436,59075876,2,0,0,94720,18,3584050094
5957,26738971,38921125,65660096,4,0,1,5632,5,4514005728
5958,26748050,32086749,58834799,8,0,0,20992,13,51173176
5959,26750950,31719600,58470550,2,0,0,10240,18,1238605458
5960,26755170,32632194,59387364,2,0,0,16384,18,6372205989
5961,26760300,31466156,58226456,5,0,0,39936,0,1801158007
5962,26799980,38864302,65664282,5,0,1,6656,0,843802099
5963,26805520,31644965,58450485,7,0,0,12800,13,9994184763
5964,26805970,31586946,58392916,0,0,0,30208,14,5228308821
5965,26820510,38853264,65673774,5,0,1,6144,0,7464097663
5966,26820511,38881450,65701961,4,0,1,6144,5,1456753140
5967,26829550,31547031,58376581,7,0,0,89600,13,4203220734
5968,26830520,38872107,65702627,5,0,1,1024,0,3826027712
5969,26835750,31501933,58337683,0,0,0,9728,14,6931313699
5970,26835980,38908968,65744948,5,0,1,5632,0,3467761752
5971,26838671,38906300,65744971,4,0,1,5120,5,10111765939
5972,26852540,32076944,58929484,0,0,0,27648,14,5901479218
5973,26856270,32515097,59371367,1,0,0,50688,8,5707148568
5974,26857970,31765604,58623574,0,0,0,56320,14,95680446
5975,26868540,31666784,58535324,2,0,0,53248,18,4617030264
5976,26872521,38872473,65744994,4,0,1,1536,5,9557323869
5977,26880830,31931152,58811982,1,0,0,13312,8,4988695805
5978,26881060,32143705,59024765,7,0,0,168960,13,5429426575
5979,26894020,32556772,59450792,8,0,0,25600,13,4403419311
5980,26896260,32740499,59636759,8,0,0,97792,13,5375469794
5981,26898861,38904549,65803410,4,0,1,10752,5,4855075082
5982,26900340,32481993,59382333,5,0,0,35840,0,670636516
5983,26902110,32134846,59036956,7,0,0,39936,13,3434523886
5984,26906100,32418866,59324966,0,0,0,28672,14,8586076096
5985,26922390,31796207,58718597,1,0,0,44032,8,1316741155
5986,26942821,38889240,65832061,4,0,1,8704,5,867298353
5987,26951080,31918266,58869346,8,0,0,44032,13,2053459648
5988,26954970,32728745,59683715,7,0,0,3072,13,1719593848
5989,26956210,31686286,58642496,1,0,0,50688,8,1056559454
5990,26958040,38895254,65853294,8,0,1,5632,13,2710641477
5991,26959760,38893557,65853317,5,0,1,512,0,8344724773
5992,26966720,38886620,65853340,5,0,1,14848,0,1874455489
5993,26986980,32493592,59480572,1,0,0,27648,8,391431770
5994,27002360,32208555,59210915,1,0,0,13824,8,4925974935
5995,27011491,38847434,65858925,4,0,1,8704,5,10444825593
5996,27014290,38854321,65868611,2,0,1,4096,18,9996808476
5997,27017560,32724984,59742544,0,0,0,102912,14,7956289914
5998,27028320,32751653,59779973,8,0,0,71168,13,1893704438
5999,27028641,38880240,65908881,4,0,1,3072,5,10093187844
6000,27035170,32083490,59118660,2,0,0,81408,18,8489252954
6001,27043460,32850509,59893969,1,0,0,13312,8,1977608011
6002,27051610,32555330,59606940,8,0,0,61952,13,5940170692
6003,27066170,32405955,59472125,0,0,0,25088,14,4794003459
6004,27071310,31555719,58627029,1,0,0,11264,8,8168020247
6005,27084020,32084082,59168102,7,0,0,68608,13,1855462604
6006,27087720,32623445,59711165,2,0,0,6656,18,1428990558
6007,27093590,31698213,58791803,1,0,0,56320,8,10390344173
6008,27113011,38795893,65908904,4,0,1,512,5,1465182971
6009,27121291,38787636,65908927,4,0,1,2048,5,7673536057
6010,27125900,32163608,59289508,0,0,0,28160,14,9489125451
6011,27126610,32075055,59201665,1,0,0,110080,8,3910648101
6012,27128140,31546204,58674344,2,0,0,8192,18,1333518757
6013,27128800,32532578,59661378,8,0,0,2560,13,7774842172
6014,27130240,32094582,59224822,0,0,0,45568,14,4032091956
6015,27134600,32270668,59405268,8,0,0,31744,13,9307980842
6016,27135701,38773249,65908950,4,0,1,1536,5,7578799221
6017,27138810,32616678,59755488,8,0,0,17920,13,73496116
6018,27140340,38768633,65908973,2,0,1,3072,18,4601317522
6019,27140990,32929761,60070751,0,0,0,49664,14,6115397158
6020,27142130,31778907,58921037,8,0,0,12288,13,1115337071
6021,27145070,32406412,59551482,8,0,0,87040,13,2089095424
6022,27162260,32044420,59206680,0,0,0,16384,14,647954851
6023,27167750,32400644,59568394,2,0,0,8704,18,5227668686
6024,27172560,33052343,60224903,0,0,0,119808,14,648174332
6025,27174271,38734725,65908996,4,0,1,4608,5,4738931626
6026,27178050,32260349,59438399,1,0,0,9728,8,6285687427
6027,27187470,32810372,59997842,2,0,0,7168,18,2781892661
6028,27188220,32761951,59950171,8,0,0,145408,13,10207858350
6029,27188881,38720138,65909019,4,0,1,512,5,9852356357
6030,27189510,38734760,65924270,2,0,1,512,18,8221947562
6031,27191460,32164440,59355900,0,0,0,62976,14,8168857910
6032,27194591,38731945,65926536,4,0,1,3584,5,460469340
6033,27194690,38735392,65930082,2,0,1,5632,18,8647342878
6034,27203050,32133639,59336689,8,0,0,38400,13,6934173764
6035,27208840,32017409,59226249,8,0,0,4608,13,10251884720
6036,27213561,38763698,65977259,4,0,1,6656,5,8439886610
6037,27213840,32221572,59435412,8,0,0,39936,13,5734148940
6038,27217250,32811993,60029243,1,0,0,74752,8,2426488645
6039,27225930,32335811,59561741,8,0,0,27648,13,5781045071
6040,27227500,32871217,60098717,8,0,0,44544,13,9370223225
6041,27228071,38749211,65977282,4,0,1,5632,5,4342395683
6042,27241620,32441136,59682756,2,0,0,68096,18,8507094228
6043,27246140,32706082,59952222,0,0,0,6656,14,5199764609
6044,27248590,32246521,59495111,1,0,0,47616,8,4331212416
6045,27249180,38728125,65977305,2,0,1,1024,18,6512352161
6046,27270331,38707013,65977344,4,0,1,512,5,4198180019
6047,27272970,32369584,59642554,0,0,0,18944,14,5203669621
6048,27274040,38703327,65977367,2,0,1,512,18,6418231987
6049,27281060,32371371,59652431,8,0,0,1536,13,5251548016
6050,27282040,32501232,59783272,2,0,0,10752,18,3572121968
6051,27287141,38690249,65977390,4,0,1,12288,5,5016890341
6052,27288980,38812698,66101678,2,0,1,512,18,4662545281
6053,27295720,38805981,66101701,2,0,1,7680,18,3022275839
6054,27298020,32568192,59866212,0,0,0,16896,14,7976759747
6055,27299480,32403837,59703317,2,0,0,36352,18,2054755963
6056,27310810,38790914,66101724,2,0,1,2560,18,9034019740
6057,27315560,38786187,66101747,2,0,1,3584,18,1482180440
6058,27320800,33093386,60414186,2,0,0,30720,18,4076576056
6059,27336721,38765049,66101770,4,0,1,3072,5,6027688003
6060,27346070,33191567,60537637,7,0,0,35328,13,3550339141
6061,27354801,38746992,66101793,4,0,1,2048,5,2852209150
6062,27355151,38746665,66101816,4,0,1,15872,5,1755710785
6063,27358681,38743158,66101839,4,0,1,2048,5,5524721961
6064,27358861,38743001,66101862,4,0,1,5632,5,8483884346
6065,27371240,32801340,60172580,0,0,0,37888,14,3101371100
6066,27376121,38742167,66118288,4,0,1,6144,5,2632212443
6067,27377231,38741080,66118311,4,0,1,1536,5,4471487455
6068,27377540,33316445,60693985,7,0,0,102912,13,2467292109
6069,27379221,38739113,66118334,4,0,1,6656,5,2208401626
6070,27386110,32686091,60072201,7,0,0,4608,13,5729312556
6071,27389780,32720819,60110599,7,0,0,17920,13,6578715075
6072,27391950,32492628,59884578,2,0,0,3072,18,8606406721
6073,27393281,38725076,66118357,4,0,1,11264,5,9233690331
6074,27400640,32586718,59987358,0,0,0,65536,14,68126353
6075,27406560,33074192,60480752,0,0,0,37376,14,4060969092
6076,27415561,38702819,66118380,4,0,1,1536,5,6578638393
6077,27417950,32957936,60375886,8,0,0,61440,13,262084786
6078,27426631,38691780,66118411,4,0,1,4608,5,5307777315
6079,27439160,38679274,66118434,2,0,1,3584,18,10094920770
6080,27444740,32513681,59958421,0,0,0,19968,14,6490794926
6081,27447100,38671381,66118481,8,0,1,4608,13,4087661288
6082,27447440,38703770,66151210,2,0,1,5120,18,10376132766
6083,27455131,38723952,66179083,7,0,1,15360,13,5231939148
6084,27455470,38745515,66200985,2,0,1,7680,18,2211471600
6085,27457590,32578918,60036508,7,0,0,1536,13,1302796421
6086,27461430,33386182,60847612,2,0,0,148992,18,10171164669
6087,27474330,32789987,60264317,7,0,0,1024,13,4133762676
6088,27476400,33241077,60717477,1,0,0,64512,8,2944127432
6089,27482880,33066410,60549290,0,0,0,3584,14,556920133
6090,27484200,32865883,60350083,7,0,0,512,13,2483122261
6091,27485810,38720360,66206170,2,0,1,16384,18,7097707549
6092,27489570,32657477,60147047,7,0,0,25600,13,5450969152
6093,27491501,33249266,60740767,2,0,0,75776,18,2454755285
6094,27494450,33203348,60697798,8,0,0,1536,13,5283487965
6095,27505410,32730459,60235869,2,0,0,26112,18,195625430
6096,27510290,33086472,60596762,7,0,0,27136,13,9836356614
6097,27510370,33291823,60802193,0,0,0,5120,14,4951966438
6098,27510580,32589743,60100323,8,0,0,5120,13,7090679463
6099,27529380,33354752,60884132,0,0,0,8192,14,5273491665
6100,27529630,33320039,60849669,2,0,0,3584,18,5816517782
6101,27531250,38678397,66209647,2,0,1,2048,18,2237268503
6102,27535480,33090904,60626384,2,0,0,58880,18,3472219110
6103,27537380,33260877,60798257,0,0,0,130560,14,4213434360
6104,27540130,38702517,66242647,8,0,1,2048,13,3704671419
6105,27544800,32790925,60335725,2,0,0,25088,18,9478338109
6106,27546850,32950789,60497639,1,0,0,512,8,4035156889
6107,27549450,32892578,60442028,8,0,0,1024,13,4901916364
6108,27553560,32674330,60227890,2,0,0,9728,18,5251901311
6109,27567490,33499058,61066548,2,0,0,66048,18,1889684080
6110,27585370,33407551,60992921,2,0,0,37888,18,9484612466
6111,27586280,38657993,66244273,2,0,1,2560,18,8321008965
6112,27620840,32647979,60268819,2,0,0,5632,18,10255564485
6113,27647090,33095127,60742217,7,0,0,4608,13,6129899583
6114,27654350,33042934,60697284,2,0,0,10752,18,1088144708
6115,27662510,38582429,66244939,2,0,1,1024,18,5637612108
6116,27664690,38581235,66245925,8,0,1,1536,13,7377001970
6117,27665380,33241339,60906719,1,0,0,38400,8,3860981858
6118,27665750,33187202,60852952,1,0,0,10240,8,4992814434
6119,27670610,38579821,66250431,8,0,1,7168,13,8324087087
6120,27674550,32710427,60384977,2,0,0,25088,18,3701369226
6121,27677410,38575633,66253043,8,0,1,4096,13,7562071993
6122,27679790,32778534,60458324,8,0,0,512,13,1662711335
6123,27697310,33103231,60800541,2,0,0,7168,18,527268035
6124,27712040,38542309,66254349,8,0,1,2048,13,3299526629
6125,27712680,38542655,66255335,2,0,1,1536,18,7261835578
6126,27716460,38539131,66255591,2,0,1,9216,18,3296681202
6127,27724760,33149663,60874423,7,0,0,64512,13,5879333588
6128,27725300,33031479,60756779,1,0,0,47104,8,6008988568
6129,27739190,32978466,60717656,8,0,0,512,13,2520696282
6130,27740210,32922396,60662606,1,0,0,81920,8,7103807706
6131,27743060,38536034,66279094,2,0,1,9728,18,919920469
6132,27749300,38530140,66279440,3,0,1,512,5,7065956940
6133,27749410,38533357,66282767,2,0,1,3584,18,2991335740
6134,27757610,38527423,66285033,8,0,1,3584,13,3617570573
6135,27771381,38515598,66286979,7,0,1,3072,13,2572473966
6136,27771900,32986462,60758362,7,0,0,5120,13,5312149464
6137,27772640,32969756,60742396,8,0,0,512,13,363217174
6138,27775520,38514685,66290205,2,0,1,5120,18,10684306500
6139,27782670,33304805,61087475,7,0,0,68608,13,5403335036
6140,27811780,38479091,66290871,1,0,1,1024,8,5375452079
6141,27813780,38478397,66292177,1,0,1,2048,8,2139691856
6142,27828340,38484183,66312523,6,0,1,2048,6,5079875598
6143,27831160,33306962,61138122,0,0,0,57856,14,7275413890
6144,27837420,33011111,60848531,8,0,0,2560,13,1394519644
6145,27840860,38471686,66312546,1,0,1,1024,8,8977409819
6146,27844310,38468259,66312569,2,0,1,3584,18,3399141096
6147,27850260,38498150,66348410,1,0,1,2560,8,365796453
6148,27853890,38494543,66348433,1,0,1,3584,8,8670850814
6149,27854440,38494864,66349304,1,0,1,1536,8,7813432913
6150,27855700,38494168,66349868,2,0,1,10752,18,7686916337
6151,27861870,38560288,66422158,1,0,1,5632,8,9756885442
6152,27863350,32991323,60854673,2,0,0,5120,18,10409606362
6153,27868410,38587850,66456260,2,0,1,22016,18,9942357581
6154,27873130,38652900,66526030,3,0,1,45056,5,10577640856
6155,27876970,33265855,61142825,7,0,0,15360,13,8357601553
6156,27882430,33468821,61351251,7,0,0,115712,13,546497934
6157,27887100,33648437,61535537,7,0,0,51200,13,5441443272
6158,27904130,33676581,61580711,2,0,0,512,18,6229207501
6159,27920190,38652902,66573092,9,0,1,4096,10,3078561696
6160,27930960,33920830,61851790,7,0,0,50176,13,3599445933
6161,27932680,33726898,61659578,0,0,0,181760,14,2337307570
6162,27941470,33521601,61463071,8,0,0,512,13,5504284008
6163,27956430,33557377,61513807,0,0,0,111616,14,8307055286
6164,27960850,33454482,61415332,0,0,0,57856,14,6062929051
6165,27978700,38596136,66574836,2,0,1,10240,18,4714427693
6166,27983350,33122847,61106197,7,0,0,46592,13,5151808607
6167,27986240,33897223,61883463,7,0,0,101376,13,3382519557
6168,28001980,38600482,66602462,5,0,1,8192,0,10694460881
6169,28002570,38599915,66602485,2,0,1,3072,18,4392905831
6170,28002650,33217200,61219850,8,0,0,3072,13,6058572627
6171,28004200,38598308,66602508,5,0,1,1536,0,4288905601
6172,28007750,33912466,61920216,7,0,0,17408,13,9192547996
6173,28014600,38587931,66602531,2,0,1,6144,18,7604558757
6174,28021580,38580974,66602554,1,0,1,1536,8,2136442647
6175,28026680,38575897,66602577,6,0,1,1536,6,7193781371
6176,28026950,38575650,66602600,5,0,1,2560,0,3298228374
6177,28039151,38573123,66612274,0,0,1,1024,14,3577734086
6178,28041530,38578326,66619856,1,0,1,7680,8,6284873348
6179,28046130,33236546,61282676,8,0,0,1536,13,2177404549
6180,28047690,33097833,61145523,7,0,0,8704,13,5870171795
6181,28056430,38563449,66619879,1,0,1,9728,8,4099905605
6182,28078610,33337057,61415667,8,0,0,1024,13,9565511401
6183,28087440,33080791,61168231,8,0,0,2048,13,6965079202
6184,28087971,38531931,66619902,0,0,1,3072,14,2281705492
6185,28088490,38568395,66656885,1,0,1,1536,8,3355996237
6186,28096640,38569342,66665982,5,0,1,8704,0,6245554694
6187,28099420,38592370,66691790,1,0,1,1536,8,9059452537
6188,28103260,33265786,61369046,8,0,0,4096,13,3510441113
6189,28111810,38582566,66694376,1,0,1,4096,8,1195241234
6190,28116020,33465182,61581202,2,0,0,1536,18,2506842334
6191,28119660,33780182,61899842,2,0,0,1024,18,6632874436
6192,28123361,38626917,66750278,0,0,1,1536,14,3037191132
6193,28129280,33554547,61683827,7,0,0,78848,13,3230195469
6194,28131500,38618801,66750301,5,0,1,5632,0,8284747080
6195,28133220,33065263,61198483,8,0,0,512,13,6073595836
6196,28135400,33307740,61443140,0,0,0,24064,14,5076238318
6197,28135630,33700826,61836456,7,0,0,153088,13,9486193979
6198,28142030,38608294,66750324,1,0,1,4096,8,8386208340
6199,28142810,33568009,61710819,0,0,0,13312,14,5652110570
6200,28144840,33171132,61315972,7,0,0,52736,13,10495453644
6201,28158150,33239531,61397681,0,0,0,46080,14,2605534303
6202,28168861,38581486,66750347,0,0,1,512,14,8416525724
6203,28175040,33364576,61539616,7,0,0,13312,13,6736747126
6204,28177590,33284811,61462401,0,0,0,43520,14,4313732926
6205,28178360,38572018,66750378,5,0,1,2560,0,10097595228
6206,28185911,38564498,66750409,0,0,1,6656,14,6457555840
6207,28192340,33406684,61599024,0,0,0,6656,14,6778331766
6208,28198700,38614419,66813119,5,0,1,2560,0,3103771124
6209,28201540,33458217,61659757,8,0,0,512,13,2355923649
6210,28203420,38609722,66813142,1,0,1,2048,8,1811088980
6211,28205120,33314794,61519914,7,0,0,19968,13,10467661373
6212,28207350,33380990,61588340,0,0,0,2560,14,6990502032
6213,28208560,33497977,61706537,0,0,0,31744,14,4620883733
6214,28209631,33475605,61685236,2,0,0,2048,18,7798249080
6215,28211410,38601763,66813173,5,0,1,4608,0,9198471283
6216,28214050,33069850,61283900,7,0,0,512,13,958226066
6217,28216660,33199186,61415846,8,0,0,512,13,10645905767
6218,28220000,38593196,66813196,5,0,1,10240,0,3004280594
6219,28221340,38595654,66816994,1,0,1,1536,8,2919946786
6220,28222570,33357962,61580532,0,0,0,10240,14,10490425103
6221,28240001,38595292,66835293,0,0,1,6656,14,8355670201
6222,28246650,38589949,66836599,5,0,1,2048,0,1726344049
6223,28251140,38607109,66858249,5,0,1,10752,0,2984764843
6224,28264790,33198102,61462892,2,0,0,1536,18,5550674322
6225,28266060,33510250,61776310,0,0,0,86528,14,7651389522
6226,28274180,33660655,61934835,8,0,0,512,13,4812484954
6227,28281241,38594933,66876174,0,0,1,23552,14,8696496985
6228,28294391,38582769,66877160,0,0,1,1536,14,3005193149
6229,28313400,33370808,61684208,0,0,0,1024,14,8531204900
6230,28313920,38564546,66878466,1,0,1,2048,8,6010257857
6231,28318321,38562411,66880732,0,0,1,3584,14,9454876522
6232,28331710,33270940,61602650,7,0,0,512,13,7436027862
6233,28331750,33374990,61706740,7,0,0,512,13,2784273594
6234,28334990,33349553,61684543,7,0,0,1024,13,5268302454
6235,28340461,38542857,66883318,0,0,1,4096,14,8416178019
6236,28340780,38544484,66885264,5,0,1,3072,0,1892340133
6237,28341321,38550049,66891370,0,0,1,20992,14,7326804339
6238,28342630,33354212,61696842,0,0,0,37888,14,5437648302
6239,28343490,38606163,66949653,1,0,1,512,8,5102774127
6240,28344830,38619533,66964363,5,0,1,7680,0,8922281502
6241,28346180,38627285,66973465,5,0,1,3584,0,8770038004
6242,28347590,38639640,66987230,1,0,1,1536,8,6003355568
6243,28347660,33375490,61723150,7,0,0,1536,13,4396610838
6244,28358400,33362400,61720800,7,0,0,2048,13,1968360590
6245,28359550,38628666,66988216,5,0,1,1536,0,8492135600
6246,28363300,33595073,61958373,7,0,0,1024,13,1825282902
6247,28367091,38667336,67034427,0,0,1,12288,14,8439435346
6248,28371210,33726916,62098126,0,0,0,40448,14,6286831032
6249,28375580,33522461,61898041,0,0,0,47616,14,6110326556
6250,28382190,33612825,61995015,0,0,0,82432,14,3118543211
6251,28385320,33466695,61852015,7,0,0,512,13,6113213049
6252,28387770,38774065,67161835,1,0,1,9728,8,592704433
6253,28389290,38772568,67161858,5,0,1,3584,0,996877563
6254,28403410,33507455,61910865,8,0,0,1024,13,6968891380
6255,28404330,38757551,67161881,1,0,1,2048,8,5296228664
6256,28404800,33372313,61777113,8,0,0,2560,13,8330675978
6257,28410451,38751453,67161904,0,0,1,9216,14,2093230053
6258,28410770,33503649,61914419,8,0,0,512,13,4283943588
6259,28411431,38789569,67201000,0,0,1,2048,14,2449382213
6260,28417180,38958030,67375210,3,0,1,57856,5,6612767601
6261,28420460,33432069,61852529,2,0,0,1024,18,9122099258
6262,28421630,33430564,61852194,8,0,0,512,13,8146445244
6263,28422790,33579013,62001803,7,0,0,512,13,2839224229
6264,28424150,33475341,61899491,2,0,0,512,18,9718082085
6265,28424830,38952918,67377748,5,0,1,9216,0,1056305737
6266,28425210,33985096,62410306,0,0,0,159232,14,5185162089
6267,28425610,33474879,61900489,2,0,0,2048,18,5754284405
6268,28427691,38998667,67426358,0,0,1,5632,14,4002106447
6269,28435661,38998342,67434003,0,0,1,11776,14,605190700
6270,28437740,38999809,67437549,5,0,1,5632,0,8777849456
6271,28437770,39001405,67439175,6,0,1,2560,6,4721562201
6272,28438111,39004209,67442320,7,0,1,4096,13,5022129497
6273,28456700,33544778,62001478,8,0,0,512,13,4928532162
6274,28459010,33703312,62162322,0,0,0,46592,14,5557098362
6275,28464591,38994297,67458888,0,0,1,14336,14,4699171560
6276,28467031,38996043,67463074,0,0,1,6656,14,2672862574
6277,28472421,38991319,67463740,0,0,1,1024,14,2573810315
6278,28474170,39002190,67476360,8,0,1,15360,13,7822969702
6279,28483500,39012478,67495978,1,0,1,5632,8,3813103587
6280,28493650,33405662,61899312,8,0,0,4096,13,6792659000
6281,28495371,39000630,67496001,0,0,1,8704,14,10069512952
6282,28495500,33458432,61953932,8,0,0,512,13,1359341410
6283,28502590,33492604,61995194,8,0,0,512,13,1428943640
6284,28514190,33594220,62108410,2,0,0,1024,18,8441928771
6285,28521671,39029788,67551459,4,0,1,11264,5,4663841103
6286,28522340,33589142,62111482,2,0,0,1024,18,6504577343
6287,28523370,39028345,67551715,6,0,1,9216,6,7024212520
6288,28538420,33748038,62286458,0,0,0,23040,14,1250326097
6289,28544500,33765000,62309500,8,0,0,512,13,2894170983
6290,28548580,33470300,62018880,7,0,0,2048,13,1406500107
6291,28549201,39055386,67604587,0,0,1,5120,14,1675251542
6292,28576130,39037639,67613769,1,0,1,13312,8,5140113194
6293,28576700,39038695,67615395,5,0,1,2560,0,7885564181
6294,28580170,33690495,62270665,2,0,0,1024,18,5176277207
6295,28580190,39067664,67647854,1,0,1,1024,8,10447829289
6296,28581460,33677323,62258783,0,0,0,13824,14,4531379343
6297,28590700,39058140,67648840,1,0,1,1536,8,5363586355
6298,28599030,39052076,67651106,1,0,1,3584,8,1764639981
6299,28600300,39084936,67685236,5,0,1,7168,0,6794185470
6300,28600620,39103729,67704349,6,0,1,7680,6,9731822339
6301,28604170,39105325,67709495,5,0,1,8192,0,3455717994
6302,28626980,33515626,62142606,8,0,0,512,13,9792809500
6303,28643720,33539013,62182733,0,0,0,48640,14,9269330108
6304,28654940,33477431,62132371,7,0,0,512,13,6084642195
6305,28669170,39042271,67711441,6,0,1,3072,6,6124528938
6306,28674940,33487561,62162501,2,0,0,512,18,3230319358
6307,28675970,39036035,67712005,1,0,1,10752,8,7442229006
6308,28676500,39040331,67716831,1,0,1,7680,8,8365398437
6309,28690710,39027107,67717817,5,0,1,1536,0,2718960031
6310,28696880,39021923,67718803,1,0,1,1536,8,1982388577
6311,28698070,39046630,67744700,5,0,1,14848,0,6541114732
6312,28700130,33562861,62262991,7,0,0,512,13,8852014774
6313,28702120,39042603,67744723,6,0,1,4608,6,4929755815
6314,28705040,39041753,67746793,1,0,1,5632,8,8175055729
6315,28714540,39032945,67747485,5,0,1,10240,0,4157588861
6316,28716650,39039179,67755829,1,0,1,5632,8,10726476902
6317,28729070,33591526,62320596,2,0,0,1536,18,2567572099
6318,28736760,33616432,62353192,7,0,0,512,13,9732020841
6319,28738500,33548293,62286793,7,0,0,1024,13,541097976
6320,28739630,33728378,62468008,7,0,0,1536,13,983425464
6321,28740140,39017273,67757413,1,0,1,12800,8,1654165876
6322,28742200,39015559,67757759,6,0,1,512,6,3094525737
6323,28745300,33667985,62413285,2,0,0,512,18,7243782842
6324,28747780,33769499,62517279,0,0,0,40960,14,10217582794
6325,28758630,39002355,67760985,5,0,1,5120,0,10482628311
6326,28762360,39004335,67766695,6,0,1,8704,6,5421833724
6327,28787410,33543936,62331346,2,0,0,512,18,4731346023
6328,28799080,33718690,62517770,8,0,0,1536,13,7527054508
6329,28814750,33658106,62472856,7,0,0,512,13,441082688
6330,28822210,38948351,67770561,5,0,1,6144,0,9135086392
6331,28824080,33705760,62529840,7,0,0,1024,13,7898446471
6332,28825150,33698911,62524061,8,0,0,1024,13,9715123515
6333,28849601,39010501,67860102,4,0,1,3072,5,8476721085
6334,28855770,39004355,67860125,5,0,1,1536,0,642850742
6335,28856210,39012425,67868635,5,0,1,9728,0,1955391791
6336,28859540,33869758,62729298,0,0,0,18432,14,9968853498
6337,28861050,39007608,67868658,6,0,1,6144,6,3821217672
6338,28867370,33862575,62729945,8,0,0,2048,13,1420944665
6339,28869470,38999211,67868681,5,0,1,5632,0,6959113905
6340,28881990,38986714,67868704,6,0,1,1536,6,10275091128
6341,28886220,38982507,67868727,5,0,1,3072,0,6282767545
6342,28888360,38980390,67868750,5,0,1,2560,0,2670123218
6343,28899580,38969193,67868773,5,0,1,512,0,5505202585
6344,28904550,33934211,62838761,0,0,0,33792,14,6303850357
6345,28926900,33669561,62596461,2,0,0,512,18,9607887076
6346,28947230,38926737,67873967,6,0,1,1024,6,1650049281
6347,28949090,33902892,62851982,8,0,0,1536,13,4614214135
6348,28954680,38919653,67874333,5,0,1,9728,0,204092659
6349,28972330,38902026,67874356,5,0,1,8704,0,9688029541
6350,28993920,38880459,67874379,6,0,1,2560,6,8916817646
6351,28999590,38874812,67874402,6,0,1,5120,6,5080562169
6352,29006080,34049961,63056041,0,0,0,81408,14,9431525857
6353,29011840,38862772,67874612,5,0,1,2048,0,4558742297
6354,29012030,33879086,62891116,7,0,0,512,13,184157614
6355,29018700,33938047,62956747,2,0,0,512,18,7890833718
6356,29028010,33909212,62937222,2,0,0,1024,18,1352106430
6357,29031950,34092175,63124125,0,0,0,73728,14,7251508132
6358,29044710,38843425,67888135,5,0,1,12288,0,9258175337
6359,29066830,38849949,67916779,3,0,1,44032,5,8813273646
6360,29068770,34022758,63091528,7,0,0,512,13,4916657012
6361,29074451,38876591,67951042,4,0,1,7168,5,5939101686
6362,29076020,38918195,67994215,3,0,1,81408,5,3113642198
6363,29084940,38942025,68026965,6,0,1,512,6,7308134773
6364,29088650,38938338,68026988,1,0,1,12288,8,9673277155
6365,29093490,38962741,68056231,9,0,1,2048,10,753284630
6366,29094900,34416201,63511101,7,0,0,1024,13,9944946657
6367,29096040,34037704,63133744,7,0,0,1024,13,4382043897
6368,29096210,38960060,68056270,5,0,1,2560,0,10528698884
6369,29113540,38943063,68056603,5,0,1,512,0,6400257518
6370,29115950,34009213,63125163,2,0,0,512,18,851518138
6371,29128680,34368926,63497606,2,0,0,512,18,4742826123
6372,29135780,34000254,63136034,8,0,0,1024,13,3489067787
6373,29147010,38912499,68059509,5,0,1,4608,0,3837858351
6374,29160770,38899085,68059855,5,0,1,512,0,946754431
6375,29163900,34095070,63258970,8,0,0,512,13,6529563399
6376,29164120,34195912,63360032,8,0,0,1024,13,2638444188
6377,29164300,38989175,68153475,3,0,1,84480,5,4876588631
6378,29166340,39153230,68319570,3,0,1,39936,5,6922684314
6379,29173350,34171056,63344406,8,0,0,1536,13,599219791
6380,29185230,39134363,68319593,6,0,1,1024,6,5115765826
6381,29195360,34078991,63274351,7,0,0,512,13,1568909607
6382,29195540,39139883,68335423,3,0,1,47616,5,698186333
6383,29212860,34502700,63715560,7,0,0,1024,13,3954538750
6384,29214600,34426246,63640846,0,0,0,48640,14,2958595222
6385,29219440,34310582,63530022,2,0,0,1024,18,4631837739
6386,29220120,39188280,68408400,8,0,1,512,13,2792810275
6387,29230320,34444006,63674326,8,0,0,512,13,301931107
6388,29230860,34216733,63447593,0,0,0,65536,14,5742352580
6389,29231750,34074287,63306037,2,0,0,2560,18,1553235256
6390,29232651,39175772,68408423,4,0,1,3072,5,1291140585
6391,29232661,39175785,68408446,4,0,1,1024,5,744742056
6392,29239420,34070592,63310012,8,0,0,512,13,10637124200
6393,29239761,39168708,68408469,4,0,1,512,5,3872917875
6394,29240190,34078986,63319176,0,0,0,512,14,3078900830
6395,29247591,39160901,68408492,4,0,1,2560,5,2630167555
6396,29247980,34085073,63333053,0,0,0,41472,14,9790010755
6397,29254200,34109537,63363737,7,0,0,1024,13,8677454015
6398,29255761,39152754,68408515,7,0,1,18944,13,9031081359
6399,29297020,34116076,63413096,8,0,0,1536,13,8254664061
6400,29297820,39120413,68418233,5,0,1,512,0,7033624929
6401,29317480,39100776,68418256,3,0,1,2048,5,4873030382
6402,29333580,39084699,68418279,5,0,1,1536,0,520002299
6403,29334610,34113162,63447772,2,0,0,512,18,4222605034
6404,29334751,39083551,68418302,4,0,1,6144,5,2869582452
6405,29342750,39075575,68418325,5,0,1,512,0,1584853793
6406,29344550,34529883,63874433,2,0,0,1024,18,9540218
6407,29345880,39085869,68431749,8,0,1,8192,13,8248364332
6408,29349941,39131283,68481224,4,0,1,5120,5,3860242619
6409,29350610,34103961,63454571,0,0,0,5632,14,10010056141
6410,29357740,34038734,63396474,7,0,0,1024,13,3902681669
6411,29358620,39128424,68487044,3,0,1,19968,5,398346402
6412,29364051,39131576,68495627,7,0,1,5120,13,2498899012
6413,29370280,34032998,63403278,2,0,0,1024,18,5493152304
6414,29374640,39124853,68499493,5,0,1,6144,0,713659063
6415,29376600,34272964,63649564,7,0,0,1024,13,514261869
6416,29380470,39124297,68504767,3,0,1,18944,5,2786389745
6417,29380480,39124646,68505126,5,0,1,9728,0,7586514762
6418,29381071,39130267,68511338,4,0,1,3072,5,6798647080
6419,29381430,34187174,63568604,2,0,0,512,18,1010070680
6420,29383031,39139430,68522461,4,0,1,2048,5,906009665
6421,29385120,39138967,68524087,8,0,1,2560,13,3934667322
6422,29386350,34487748,63874098,0,0,0,293376,14,1159183977
6423,29402350,39127452,68529802,8,0,1,6656,13,4914450474
6424,29403600,34064679,63468279,8,0,0,1536,13,2384543304
6425,29405530,39307804,68713334,3,0,1,175616,5,7582885890
6426,29408420,34358314,63766734,0,0,0,23040,14,2074215223
6427,29415260,39298420,68713680,5,0,1,512,0,2610912952
6428,29416220,34033407,63449627,8,0,0,512,13,4190277642
6429,29417071,39320555,68737626,7,0,1,7680,13,4943214450
6430,29418391,39320382,68738773,7,0,1,4096,13,9638735623
6431,29420450,34220575,63641025,8,0,0,512,13,3915914024
6432,29430050,39331551,68761601,3,0,1,64512,5,10264344924
6433,29430891,39334197,68765088,7,0,1,10752,13,3076946913
6434,29431260,39337374,68768634,8,0,1,5632,13,4267321888
6435,29442230,34438077,63880307,0,0,0,14848,14,8802023414
6436,29447001,39353344,68800345,7,0,1,1536,13,340198658
6437,29447560,34097357,63544917,2,0,0,512,18,8681515047
6438,29457410,34210667,63668077,8,0,0,1024,13,1710058706
6439,29458520,34529249,63987769,0,0,0,31744,14,2016933126
6440,29462840,34304541,63767381,2,0,0,2048,18,7018051183
6441,29465320,34081429,63546749,7,0,0,512,13,9538520427
6442,29470500,34143173,63613673,8,0,0,1536,13,2810078894
6443,29471840,39448048,68919888,3,0,1,86528,5,3370887868
6444,29477060,34176783,63653843,7,0,0,512,13,9062516279
6445,29485280,34101233,63586513,7,0,0,1536,13,4267127038
6446,29486820,34133295,63620115,0,0,0,3584,14,7670224195
6447,29490590,39429644,68920234,2,0,1,512,18,5919655882
6448,29496751,39426709,68923460,7,0,1,5120,13,6369605976
6449,29496891,39428541,68925432,7,0,1,3072,13,10052960759
6450,29498240,34146560,63644800,8,0,0,512,13,9538124147
6451,29499160,39530353,69029513,3,0,1,68608,5,971043572
6452,29500491,39529045,69029536,7,0,1,4096,13,4413665932
6453,29502100,39561535,69063635,3,0,1,68608,5,2825092881
6454,29505280,34015171,63520451,2,0,0,1024,18,5659809652
6455,29506120,39629202,69135322,3,0,1,77312,5,760905336
6456,29511210,39642506,69153716,8,0,1,15872,13,4766186908
6457,29515940,34076762,63592702,7,0,0,1536,13,3910915047
6458,29516040,39639302,69155342,2,0,1,2560,18,3224152960
6459,29516240,34358372,63874612,7,0,0,512,13,9230547832
6460,29517790,39638525,69156315,5,0,1,12800,0,3210571910
6461,29522781,39636760,69159541,4,0,1,5120,5,741668699
6462,29523080,34351918,63874998,8,0,0,512,13,6491867939
6463,29525260,34202180,63727440,2,0,0,1024,18,2611669711
6464,29534920,34141254,63676174,2,0,0,1024,18,9269804538
6465,29535110,39725692,69260802,3,0,1,105472,5,10593780370
6466,29537190,39726518,69263708,2,0,1,4608,18,5002906246
6467,29537350,34118169,63655519,8,0,0,512,13,4650844761
6468,29543441,39737033,69280474,4,0,1,2048,5,4829825725
6469,29545330,39737730,69283060,3,0,1,4096,5,10126121507
6470,29549161,39734565,69283726,7,0,1,1024,13,3825631503
6471,29552580,39734692,69287272,5,0,1,5632,0,6619207665
6472,29558381,39731797,69290178,7,0,1,4608,13,4754797066
6473,29566451,39724073,69290524,4,0,1,512,5,891394894
6474,29580950,34085519,63666469,2,0,0,1024,18,2321944219
6475,29581311,39713079,69294390,4,0,1,6144,5,8459928728
6476,29584660,34158057,63742717,2,0,0,512,18,5148938228
6477,29590531,39706765,69297296,4,0,1,4608,5,10465266838
6478,29591850,34165205,63757055,8,0,0,512,13,6188021595
6479,29602020,39697542,69299562,5,0,1,3584,0,7277269445
6480,29602150,39702238,69304388,8,0,1,7680,13,9310417162
6481,29604451,39723989,69328440,4,0,1,6144,5,1919072248
6482,29612180,39724351,69336531,3,0,1,20992,5,1185505655
6483,29626961,39710556,69337517,7,0,1,1536,13,3897640998
6484,29628180,34023076,63651256,2,0,0,1024,18,8414359261
6485,29630590,39711433,69342023,8,0,1,7168,13,4173479267
6486,29630881,39713088,69343969,7,0,1,3072,13,10611465972
6487,29631580,34045801,63677381,7,0,0,1024,13,10699087664
6488,29637750,39708485,69346235,8,0,1,3584,13,3488729214
6489,29639711,39707830,69347541,4,0,1,2048,5,9912026993
6490,29657440,39691279,69348719,8,0,1,13824,13,6226653025
6491,29661580,39735808,69397388,1,0,1,13312,8,8975815905
6492,29666950,34208227,63875177,2,0,0,512,18,1615809378
6493,29680380,39736936,69417316,2,0,1,2560,18,8352360118
6494,29680570,39771711,69452281,5,0,1,26112,0,5286933560
6495,29681740,34048542,63730282,8,0,0,512,13,9647774077
6496,29682690,39769614,69452304,2,0,1,5120,18,1640602482
6497,29682741,39769586,69452327,4,0,1,1024,5,3819934049
6498,29686471,39836394,69522865,7,0,1,9728,13,956541262
6499,29702240,39820648,69522888,5,0,1,6144,0,906403034
6500,29706280,34066388,63772668,8,0,0,1024,13,10163761622
6501,29712110,34163581,63875691,7,0,0,512,13,7294369668
6502,29717771,39805140,69522911,4,0,1,6656,5,3804366725
6503,29723420,34188752,63912172,8,0,0,1536,13,9541635133
6504,29731831,39791103,69522934,7,0,1,512,13,9405920001
6505,29748390,39774567,69522957,5,0,1,8192,0,2351192608
6506,29752631,39801224,69553855,4,0,1,15872,5,3618222095
6507,29757540,39813940,69571480,8,0,1,3072,13,6731607966
6508,29761000,39811466,69572466,2,0,1,1536,18,6961373027
6509,29770561,39806411,69576972,4,0,1,7168,5,8365556974
6510,29774760,39808669,69583429,5,0,1,8704,0,8422747949
6511,29778970,39806725,69585695,8,0,1,3584,13,7755784131
6512,29780490,39820148,69600638,5,0,1,16896,0,9835452001
6513,29781580,34098929,63880509,8,0,0,512,13,2061968091
6514,29781660,39820924,69602584,2,0,1,3072,18,5325944468
6515,29787750,39830481,69618231,8,0,1,6144,13,1838174325
6516,29790620,34152021,63942641,7,0,0,2048,13,757002023
6517,29791471,39826783,69618254,7,0,1,2560,13,7095830245
6518,29793630,39824647,69618277,8,0,1,7168,13,10712010411
6519,29794266,39857449,69651715,8,0,1,24576,13,3065242812
6520,29794870,34080642,63875512,8,0,0,1024,13,2813385277
6521,29797560,34237206,64034766,7,0,0,1024,13,7657746757
6522,29803171,39849210,69652381,4,0,1,1024,5,2123141379
6523,29805530,34164829,63970359,0,0,0,38400,14,7983036528
6524,29811000,39899904,69710904,8,0,1,16896,13,8646218078
6525,29818190,34325340,64143530,0,0,0,14336,14,298819175
6526,29823281,39890529,69713810,4,0,1,4608,5,2819333061
6527,29824760,34269857,64094617,2,0,0,3584,18,4726709822
6528,29835390,39879086,69714476,5,0,1,1024,0,2135960624
6529,29837130,39979782,69816912,2,0,1,23552,18,9306262786
6530,29840041,39977385,69817426,7,0,1,6144,13,10594703685
6531,29847430,34142330,63989760,2,0,0,512,18,4732179623
6532,29852730,34169234,64021964,2,0,0,512,18,2194617099
6533,29853530,39964106,69817636,5,0,1,15872,0,10558050807
6534,29884170,39962227,69846397,2,0,1,2560,18,7879862987
6535,29887020,39963243,69850263,5,0,1,6144,0,2643563621
6536,29892081,40023177,69915258,4,0,1,1024,5,77337250
6537,29892760,40048410,69941170,2,0,1,6144,18,1571269785
6538,29892930,34159438,64052368,2,0,0,2048,18,5330674920
6539,29896510,40044683,69941193,2,0,1,1536,18,3901907052
6540,29896661,40044555,69941216,4,0,1,13312,5,1020056344
6541,29897491,40094339,69991830,4,0,1,10752,5,4972279132
6542,29897840,34200691,64098531,2,0,0,2048,18,10723416281
6543,29903220,40097126,70000346,2,0,1,29184,18,5503811371
6544,29912850,40087519,70000369,5,0,1,5120,0,1559933254
6545,29914671,40085721,70000392,4,0,1,8704,5,8563561591
6546,29915470,34108030,64023500,8,0,0,512,13,4766739739
6547,29919690,34203434,64123124,0,0,0,59392,14,10493070381
6548,29922141,40082099,70004240,4,0,1,18432,5,892787275
6549,29923190,34201251,64124441,7,0,0,1536,13,5184802675
6550,29926750,34228131,64154881,0,0,0,23040,14,7259027819
6551,29930190,34193581,64123771,7,0,0,2048,13,6279098254
6552,29941890,34127985,64069875,8,0,0,1536,13,3966909465
6553,29942060,34250640,64192700,0,0,0,43520,14,1771698836
6554,29950600,40111185,70061785,2,0,1,11776,18,8929108418
6555,29953080,40113400,70066480,2,0,1,512,18,6615098441
6556,29957220,40110477,70067697,2,0,1,12800,18,6370120069
6557,29975700,40092663,70068363,2,0,1,1024,18,311102041
6558,29998730,40078023,70076753,5,0,1,7680,0,6143958455
6559,29999260,34220722,64219982,8,0,0,1024,13,4028428369
6560,30004650,34373688,64378338,0,0,0,36352,14,965610825
6561,30012560,40068315,70080875,5,0,1,15360,0,3405107155
6562,30022270,40112428,70134698,6,0,1,1024,6,9725340415
6563,30027131,40107590,70134721,4,0,1,5632,5,9066944797
6564,30036070,34331169,64367239,0,0,0,74240,14,2587245626
6565,30044500,34179132,64223632,7,0,0,512,13,7273647555
6566,30074130,34369414,64443544,0,0,0,26112,14,645287272
6567,30091500,34156679,64248179,0,0,0,16384,14,4913548785
6568,30104270,34092654,64196924,8,0,0,1024,13,9803967023
6569,30105750,34283608,64389358,0,0,0,34816,14,410346490
6570,30109490,34014460,64123950,8,0,0,512,13,5545023429
6571,30130760,34259003,64389763,7,0,0,512,13,7744161293
6572,30132120,34346334,64478454,0,0,0,95232,14,4622355698
6573,30138190,34005519,64143709,7,0,0,512,13,5949493193
6574,30141040,34237687,64378727,8,0,0,1024,13,2209336240
6575,30174401,39960343,70134744,7,0,1,512,13,8705465646
6576,30179731,39968677,70148408,4,0,1,18944,5,10087035001
6577,30195690,34286733,64482423,0,0,0,12800,14,9426899859
6578,30197641,39950790,70148431,4,0,1,512,5,659385203
6579,30208431,39940039,70148470,7,0,1,4608,13,4707242961
6580,30212201,40002771,70214972,4,0,1,4608,5,5550435284
6581,30246651,39968344,70214995,4,0,1,4096,5,761855376
6582,30258600,34242687,64501287,0,0,0,17408,14,7889476905
6583,30263370,34126167,64389537,7,0,0,512,13,959114549
6584,30271580,39943438,70215018,1,0,1,1536,8,8137120210
6585,30273170,34313003,64586173,0,0,0,71168,14,3572686826
6586,30279420,39935621,70215041,1,0,1,4096,8,7347011103
6587,30288941,39926123,70215064,7,0,1,3584,13,10325343922
6588,30298200,39916895,70215095,1,0,1,15360,8,9048542512
6589,30300530,34239390,64539920,0,0,0,26624,14,3120029369
6590,30309530,39911094,70220624,1,0,1,12288,8,1219195724
6591,30323840,34262512,64586352,7,0,0,512,13,4169561663
6592,30324810,34231260,64556070,0,0,0,7680,14,75880095
6593,30334770,39885877,70220647,1,0,1,9728,8,3075012265
6594,30336270,39884400,70220670,1,0,1,2048,8,10542452608
6595,30350071,39870622,70220693,7,0,1,2048,13,3391777657
6596,30357660,39863056,70220716,1,0,1,11776,8,7273675337
6597,30359560,39861179,70220739,1,0,1,3584,8,1028183525
6598,30361560,34248196,64609756,8,0,0,512,13,3176014004
6599,30367621,39853453,70221074,4,0,1,4608,5,6770142718
6600,30381421,39850570,70231991,7,0,1,8704,13,8868382540
6601,30382280,39853897,70236177,6,0,1,6656,6,552991405
6602,30382740,39903279,70286019,1,0,1,2560,8,1688460342
6603,30387790,39898252,70286042,1,0,1,512,8,9151685344
6604,30393200,39892865,70286065,9,0,1,3072,10,2788931215
6605,30395961,39890127,70286088,7,0,1,7680,13,8068047056
6606,30398060,34149530,64547590,7,0,0,1024,13,9384808939
6607,30400170,39885941,70286111,1,0,1,8192,8,1591545953
6608,30407130,34287515,64694645,7,0,0,512,13,8184223839
6609,30409990,34588153,64998143,0,0,0,23552,14,5751971702
6610,30418011,39868123,70286134,4,0,1,6656,5,8303156387
6611,30418960,34253419,64672379,0,0,0,9216,14,4517872728
6612,30420650,39962410,70383060,1,0,1,26624,8,4757719154
6613,30427050,39969855,70396905,6,0,1,14848,6,3507033633
6614,30428071,39969341,70397412,7,0,1,1536,13,3258129088
6615,30431820,39966898,70398718,6,0,1,2048,6,5482432513
6616,30437390,40109981,70547371,1,0,1,3584,8,9404983285
6617,30438840,40108685,70547525,1,0,1,8704,8,8794097056
6618,30443251,40106540,70549791,7,0,1,3584,13,3957869088
6619,30446700,34645937,65092637,0,0,0,155136,14,2450642078
6620,30452471,40167094,70619565,7,0,1,1024,13,5199802682
6621,30453020,40167211,70620231,6,0,1,1024,6,1809407058
6622,30458701,40163476,70622177,4,0,1,3072,5,4213388463
6623,30465571,40405368,70870939,7,0,1,5120,13,7531792281
6624,30469900,40403625,70873525,6,0,1,4096,6,3206469537
6625,30478940,40394739,70873679,6,0,1,8704,6,3541990054
6626,30483210,40544169,71027379,6,0,1,4608,6,2301670877
6627,30484921,40573623,71058544,7,0,1,10752,13,4743546369
6628,30485141,40724441,71209582,4,0,1,17408,5,6688226218
6629,30488900,34622022,65110922,0,0,0,51200,14,8359224618
6630,30489620,34285600,64775220,0,0,0,512,14,671028085
6631,30494170,40715435,71209605,6,0,1,14336,6,3782598812
6632,30500350,40713045,71213395,1,0,1,2560,8,6644960755
6633,30500970,34390707,64891677,7,0,0,1536,13,1610546930
6634,30504010,40709408,71213418,1,0,1,7680,8,2509444432
6635,30504280,34438056,64942336,0,0,0,15360,14,8843606029
6636,30507700,34395315,64903015,7,0,0,1024,13,5343901337
6637,30516771,40747657,71264428,7,0,1,2560,13,81707648
6638,30520350,34484553,65004903,0,0,0,16896,14,10299279071
6639,30536011,40728440,71264451,4,0,1,5632,5,2490077189
6640,30545610,40722007,71267617,1,0,1,5120,8,2638214945
6641,30547881,40719759,71267640,7,0,1,1536,13,1947269068
6642,30569470,40698201,71267671,1,0,1,9216,8,8821140696
6643,30579820,40800397,71380217,1,0,1,3072,8,3367677827
6644,30581180,34246865,64828045,8,0,0,1024,13,3379243605
6645,30584061,40796179,71380240,4,0,1,512,5,3189917816
6646,30592610,40787653,71380263,6,0,1,3584,6,9468863127
6647,30592830,40793719,71386549,2,0,1,6144,18,790289633
6648,30597140,40794135,71391275,1,0,1,4096,8,135502142
6649,30604970,40786328,71391298,2,0,1,1024,18,7030163402
6650,30615760,40775561,71391321,6,0,1,512,6,9239035600
6651,30622590,34409316,65031906,7,0,0,2560,13,4606502636
6652,30635400,34247158,64882558,8,0,0,512,13,5158536555
6653,30635470,34294442,64929912,7,0,0,1536,13,7758662588
6654,30639421,40751923,71391344,4,0,1,512,5,3511940670
6655,30640961,40750406,71391367,7,0,1,3072,13,4132671855
6656,30642721,40748669,71391390,7,0,1,1024,13,7128383716
6657,30647500,34369324,65016824,8,0,0,1024,13,2695993935
6658,30655840,40738872,71394712,1,0,1,5120,8,9619161321
6659,30657541,40737226,71394767,4,0,1,2560,5,8783216912
6660,30662110,40732680,71394790,2,0,1,1536,18,5184968306
6661,30662870,40731975,71394845,6,0,1,5632,6,4919362385
6662,30672910,34420131,65093041,7,0,0,1024,13,117738828
6663,30674200,40794759,71468959,6,0,1,10752,6,5960307381
6664,30679660,40820081,71499741,1,0,1,1024,8,8118355605
6665,30682670,40846133,71528803,1,0,1,10752,8,5093763726
6666,30686621,40844614,71531235,4,0,1,9216,5,197582777
6667,30691520,34432933,65124453,0,0,0,13824,14,5653703215
6668,30700861,40886184,71587045,4,0,1,5632,5,10281209237
6669,30702720,34204372,64907092,7,0,0,512,13,8304860858
6670,30717670,40908586,71626256,6,0,1,7680,6,7502246905
6671,30726380,34279014,65005394,8,0,0,1536,13,8998292500
6672,30738040,40889842,71627882,8,0,1,2560,13,4451351032
6673,30740220,34385036,65125256,8,0,0,2560,13,6257008746
6674,30750721,40937139,71687860,4,0,1,2560,5,9521436357
6675,30751290,40936593,71687883,8,0,1,13824,13,9539293342
6676,30755870,40932036,71687906,8,0,1,5120,13,10277883554
6677,30756611,40931318,71687929,7,0,1,6144,13,4046505084
6678,30757400,40930552,71687952,2,0,1,7168,18,2896997692
6679,30769300,34356135,65125435,7,0,0,512,13,3187804004
6680,30770120,34323683,65093803,8,0,0,2048,13,9247570929
6681,30773950,34231802,65005752,7,0,0,1024,13,6877018566
6682,30778781,40909194,71687975,4,0,1,4096,5,1550359969
6683,30780220,41005241,71785461,9,0,1,1536,10,1491845793
6684,30784820,41000987,71785807,1,0,1,512,8,165461978
6685,30785800,34325526,65111326,7,0,0,512,13,8616440744
6686,30788040,34323591,65111631,8,0,0,512,13,7577176327
6687,30803051,40983102,71786153,7,0,1,512,13,3319978467
6688,30819820,34275479,65095299,0,0,0,4608,14,2300438537
6689,30833690,34339372,65173062,7,0,0,1024,13,8244752477
6690,30835370,40953689,71789059,9,0,1,4608,10,3932735195
6691,30839890,34358243,65198133,7,0,0,512,13,6020335466
6692,30857101,40932624,71789725,7,0,1,11264,13,6173623967
6693,30857150,34253997,65111147,8,0,0,512,13,10262831044
6694,30863910,40969934,71833844,1,0,1,8192,8,9576181266
6695,30864331,40986438,71850769,7,0,1,10752,13,781575734
6696,30868280,34386455,65254735,0,0,0,11264,14,4769239076
6697,30872771,40978021,71850792,4,0,1,9216,5,5545073337
6698,30888981,40999086,71888067,4,0,1,13312,5,4325398417
6699,30891160,40996930,71888090,2,0,1,1536,18,8687614312
6700,30891490,41002309,71893799,2,0,1,11776,18,3297467752
6701,30892660,41047645,71940305,1,0,1,5120,8,8685329617
6702,30909690,34318995,65228685,8,0,0,512,13,10478172731
6703,30913530,41030455,71943985,2,0,1,4096,18,108475703
6704,30914730,41030561,71945291,2,0,1,2048,18,9074301305
6705,30920961,41028245,71949206,4,0,1,4608,5,609090
6706,30924030,41028072,71952102,1,0,1,8704,8,6150761128
6707,30924600,41109366,72033966,2,0,1,26624,18,8567684165
6708,30928050,41105947,72033997,9,0,1,6144,10,5221522734
6709,30932350,41101670,72034020,1,0,1,6144,8,5067309203
6710,30935520,41098523,72034043,9,0,1,512,10,10695980081
6711,30940750,41093316,72034066,9,0,1,14848,10,105965469
6712,30945030,41113929,72058959,1,0,1,29696,8,5004612097
6713,30949611,41118867,72068478,7,0,1,12288,13,9503400968
6714,30951171,41121173,72072344,4,0,1,6144,5,2384973369
6715,30959590,41113215,72072805,9,0,1,10240,10,6338294632
6716,30960791,41164255,72125046,7,0,1,22016,13,3110904009
6717,30965700,41183617,72149317,1,0,1,25088,8,2835602108
6718,30973600,41185435,72159035,1,0,1,4096,8,6147633319
6719,30974331,41184727,72159058,7,0,1,3072,13,159473214
6720,30978990,41182089,72161079,1,0,1,4096,8,1842696018
6721,30981941,41207866,72189807,7,0,1,3072,13,5496352928
6722,31008310,34166132,65174442,7,0,0,512,13,3183810151
6723,31010200,41179761,72189961,1,0,1,8704,8,5997426735
6724,31020441,41185283,72205724,7,0,1,1536,13,4749737997
6725,31023010,34179418,65202428,8,0,0,512,13,5983179959
6726,31025491,41180256,72205747,4,0,1,1024,5,10416574574
6727,31050521,41182158,72232679,4,0,1,10752,5,10238602623
6728,31051980,34225804,65277784,7,0,0,3072,13,2637784924
6729,31056260,41188272,72244532,9,0,1,20480,10,4528489220
6730,31068400,41216037,72284437,1,0,1,512,8,6270538833
6731,31072980,34156370,65229350,7,0,0,2048,13,5440098468
6732,31081040,34149571,65230611,7,0,0,512,13,3421135245
6733,31083531,41200929,72284460,4,0,1,6656,5,2995933877
6734,31083640,41200851,72284491,1,0,1,5632,8,8066914858
6735,31087980,34260008,65347988,8,0,0,512,13,816676981
6736,31089500,34160180,65249680,0,0,0,1024,14,1969252201
6737,31096171,41208275,72304446,7,0,1,5120,13,10725286893
6738,31099240,41205229,72304469,9,0,1,6656,10,1455326752
6739,31110461,41194031,72304492,4,0,1,1024,5,3507868475
6740,31110920,41207173,72318093,1,0,1,4096,8,664428205
6741,31122270,34253335,65375605,8,0,0,1024,13,4596736841
6742,31125870,34694278,65820148,7,0,0,1024,13,3368110866
6743,31130750,41188329,72319079,9,0,1,1536,10,9657713082
6744,31132150,41187275,72319425,1,0,1,512,8,9874591446
6745,31132610,41189427,72322037,9,0,1,4096,10,3073016792
6746,31135110,34228918,65364028,7,0,0,512,13,5372055977
6747,31139530,34191081,65330611,8,0,0,512,13,6150603905
6748,31142431,41180272,72322703,7,0,1,1024,13,8320458807
6749,31143811,41180838,72324649,7,0,1,3072,13,3773905862
6750,31145410,34376891,65522301,7,0,0,67072,13,7117553325
6751,31147661,41201252,72348913,4,0,1,512,5,10394038287
6752,31183370,34198360,65381730,8,0,0,1024,13,6930998860
6753,31184231,41168548,72352779,4,0,1,6144,5,6651725957
6754,31186411,41169914,72356325,4,0,1,5632,5,2800154226
6755,31196970,41164501,72361471,9,0,1,8192,10,864892038
6756,31197170,34078322,65275492,8,0,0,512,13,6708024615
6757,31214340,41152958,72367298,9,0,1,512,10,6995813709
6758,31217760,34352532,65570292,7,0,0,60416,13,5663618295
6759,31231921,41135531,72367452,7,0,1,8704,13,9705346661
6760,31232451,41135667,72368118,7,0,1,11264,13,6086178429
6761,31236160,41149355,72385515,9,0,1,2048,10,3504321791
6762,31236860,41157463,72394323,9,0,1,6144,10,1348911973
6763,31237880,34239482,65477362,0,0,0,7168,14,10231544782
6764,31238730,41164529,72403259,9,0,1,512,10,2812592180
6765,31263970,41141555,72405525,9,0,1,3584,10,1776037415
6766,31286071,41124600,72410671,4,0,1,8192,5,9825095522
6767,31289481,41143033,72432514,7,0,1,1536,13,3412927987
6768,31304671,41127866,72432537,4,0,1,512,5,701597529
6769,31328601,41103959,72432560,7,0,1,2048,13,9599809620
6770,31337650,41109258,72446908,9,0,1,7168,10,10670758561
6771,31348221,41100633,72448854,7,0,1,3072,13,1724921794
6772,31353630,34191617,65545247,0,0,0,26112,14,3477661555
6773,31374351,41086250,72460601,7,0,1,5120,13,1818937926
6774,31388550,34356375,65744925,0,0,0,128512,14,3144841480
6775,31399751,41066045,72465796,7,0,1,2048,13,8290926154
6776,31410131,41193546,72603677,4,0,1,20480,5,5405660785
6777,31417140,41193736,72610876,9,0,1,1536,10,1203987846
6778,31430960,41180262,72611222,9,0,1,512,10,3753741254
6779,31447190,34530046,65977236,7,0,0,6656,13,9731484174
6780,31448090,41163491,72611581,9,0,1,9728,10,3111546458
6781,31448900,41227531,72676431,9,0,1,512,10,3106201475
6782,31463040,41213955,72676995,9,0,1,10752,10,4207226548
6783,31477090,41201211,72678301,9,0,1,2048,10,5594708206
6784,31478100,34046252,65524352,0,0,0,6656,14,9234724107
6785,31479650,34349772,65829422,7,0,0,12800,13,5185833775
6786,31491171,41230940,72722111,4,0,1,3584,5,5795169784
6787,31492320,34327493,65819813,0,0,0,40960,14,1415762600
6788,31492340,34416518,65908858,0,0,0,89600,14,8518713788
6789,31503110,34973950,66477060,0,0,0,3584,14,4506833
6790,31509940,34465245,65975185,0,0,0,74240,14,3828317034
6791,31522790,34627258,66150048,0,0,0,103424,14,10383073986
6792,31546240,41184798,72731038,9,0,1,5632,10,5965679934
6793,31548330,34800057,66348387,7,0,0,54272,13,2295823236
6794,31563940,34589797,66153737,7,0,0,8192,13,1391495611
6795,31565320,41246996,72812316,9,0,1,7680,10,7737074138
6796,31597470,34553693,66151163,0,0,0,3584,14,198215773
6797,31603710,41256724,72860434,2,0,1,2048,18,8885741534
6798,31611390,34241881,65853271,7,0,0,58368,13,6228609107
6799,31613860,33957391,65571251,0,0,0,3072,14,8362100481
6800,31623710,41302687,72926397,8,0,1,6656,13,7855957237
6801,31625180,41301240,72926420,9,0,1,8192,10,1721624578
6802,31628520,34409566,66038086,7,0,0,11776,13,7989251177
6803,31629880,41298458,72928338,8,0,1,17920,13,1793325063
6804,31671110,41267734,72938844,9,0,1,8192,10,3395922095
6805,31690211,41273408,72963619,7,0,1,9728,13,111450667
6806,31690870,41313800,73004670,2,0,1,1536,18,2303974137
6807,31710720,34385889,66096609,7,0,0,192000,13,4904982085
6808,31711120,41307379,73018499,9,0,1,2560,10,3127667357
6809,31717470,41301052,73018522,8,0,1,15360,13,10370878524
6810,31735660,41426939,73162599,8,0,1,48640,13,4967022671
6811,31741710,41443612,73185322,2,0,1,3584,18,7250890237
6812,31746020,34910842,66656862,0,0,0,26624,14,10049028959
6813,31747150,41438195,73185345,9,0,1,1024,10,6520441382
6814,31747820,41437548,73185368,2,0,1,1536,18,9885982247
6815,31748520,41437206,73185726,9,0,1,4608,10,3354939305
6816,31755400,41430349,73185749,2,0,1,3584,18,6587609775
6817,31757911,41427861,73185772,7,0,1,3072,13,60846562
6818,31764060,34981625,66745685,0,0,0,4096,14,923562197
6819,31785121,41427420,73212541,7,0,1,12288,13,10117727285
6820,31790640,41421932,73212572,2,0,1,1024,18,3195155143
6821,31795760,41459974,73255734,8,0,1,28672,13,6899684529
6822,31798450,34803981,66602431,7,0,0,90112,13,375861361
6823,31800190,41578229,73378419,8,0,1,86528,13,5434449114
6824,31801711,41624395,73426106,7,0,1,8704,13,1934870392
6825,31804700,41678962,73483662,8,0,1,9216,13,2758034105
6826,31807001,41676684,73483685,7,0,1,512,13,9581568547
6827,31818550,34343845,66162395,0,0,0,15360,14,4663594202
6828,31823820,34294445,66118265,0,0,0,53760,14,8477232501
6829,31830501,34979764,66810265,4,0,0,53760,5,4962461819
6830,31849120,41634588,73483708,2,0,1,1024,18,7663168059
6831,31850401,34058797,65909198,4,0,0,512,5,9109028911
6832,31851750,41631981,73483731,2,0,1,1536,18,7978603232
6833,31862951,41620803,73483754,7,0,1,4608,13,5487171514
6834,31867950,41619578,73487528,9,0,1,4608,10,7067290135
6835,31870500,35067547,66938047,0,0,0,49152,14,7566134582
6836,31880610,41617936,73498546,8,0,1,16896,13,2037014913
6837,31889291,35145113,67034404,4,0,0,16896,5,3001004927
6838,31891910,41632746,73524656,8,0,1,31744,13,6080663931
6839,31892610,41707708,73600318,8,0,1,32768,13,4501606663
6840,31903790,41698794,73602584,2,0,1,3584,18,9948575116
6841,31910900,34263060,66173960,7,0,0,11264,13,540799885
6842,31924250,41787607,73711857,8,0,1,13312,13,978958797
6843,31924450,41787430,73711880,8,0,1,20480,13,5571270960
6844,31938370,41819615,73757985,2,0,1,4608,18,3243385925
6845,31961081,34351419,66312500,4,0,0,53248,5,6465464046
6846,31964860,34136608,66101468,0,0,0,15872,14,6132181470
6847,31973480,41784528,73758008,2,0,1,512,18,8358127184
6848,31974330,41783701,73758031,2,0,1,4608,18,1857200924
6849,31981840,34119815,66101655,2,0,0,512,18,424617207
6850,31985150,41772904,73758054,2,0,1,4096,18,9742845483
6851,31990260,41767817,73758077,9,0,1,3072,10,9435498736
6852,31995650,41765351,73761001,2,0,1,7680,18,4547141216
6853,32009170,41753777,73762947,2,0,1,3072,18,4069490394
6854,32011330,41755189,73766519,9,0,1,5632,10,9833286932
6855,32013490,41753695,73767185,2,0,1,1024,18,8823141024
6856,32022520,41746291,73768811,2,0,1,2560,18,7868310943
6857,32028030,34371044,66399074,7,0,0,99328,13,3704158269
6858,32042190,41733685,73775875,2,0,1,15872,18,2871571830
6859,32046080,41961699,74007779,8,0,1,161280,13,6665801131
6860,32049730,41958072,74007802,9,0,1,5120,10,5158609572
6861,32055010,35177583,67232593,7,0,0,29696,13,3559146393
6862,32055381,41952444,74007825,7,0,1,2560,13,3030624767
6863,32070020,34258425,66328445,7,0,0,36864,13,436781590
6864,32077710,41930138,74007848,2,0,1,3584,18,4426942687
6865,32093650,34829398,66923048,0,0,0,93184,14,7582045141
6866,32100520,41917670,74018190,2,0,1,3072,18,4488881749
6867,32120290,34239286,66359576,7,0,0,27648,13,1759331693
6868,32126350,41891863,74018213,9,0,1,12800,10,9922828152
6869,32131700,34612714,66744414,0,0,0,92160,14,7138330325
6870,32132510,34374825,66507335,0,0,0,82944,14,815761160
6871,32137800,41880452,74018252,8,0,1,12288,13,8245433461
6872,32139520,41935320,74074840,2,0,1,7168,18,10435880805
6873,32146730,42056034,74202764,8,0,1,76800,13,4162008300
6874,32170130,42037079,74207209,2,0,1,4096,18,6938250165
6875,32172270,42034962,74207232,8,0,1,512,13,4944010851
6876,32172650,34122739,66295389,0,0,0,1536,14,2000587718
6877,32181130,42026125,74207255,9,0,1,1024,10,7942842749
6878,32186310,42020984,74207294,2,0,1,2560,18,5923915453
6879,32191110,42016207,74207317,8,0,1,9728,13,3500655057
6880,32203930,35171257,67375187,0,0,0,6656,14,4016231578
6881,32221040,42018177,74239217,9,0,1,6144,10,10559668337
6882,32225890,42014095,74239985,2,0,1,11776,18,7050711745
6883,32237770,42062838,74300608,2,0,1,18944,18,6248048522
6884,32241470,42133910,74375380,9,0,1,1536,10,8184649824
6885,32246980,34194461,66441441,0,0,0,9216,14,8232523489
6886,32247920,42127483,74375403,2,0,1,3072,18,3058427207
6887,32249241,42126185,74375426,7,0,1,8192,13,8988542582
6888,32255181,34709159,66964340,4,0,0,48128,5,7214406276
6889,32277810,34153539,66431349,7,0,0,17920,13,6857989263
6890,32290860,42085392,74376252,5,0,1,3584,0,1248969790
6891,32307061,42069214,74376275,7,0,1,3072,13,9352061770
6892,32312160,34232511,66544671,7,0,0,10752,13,8876165145
6893,32314281,34258772,66573053,4,0,0,12800,5,435259126
6894,32323490,35409924,67733414,0,0,0,29696,14,10049253276
6895,32323880,42059899,74383779,2,0,1,3072,18,670184600
6896,32325480,34355842,66681322,0,0,0,512,14,3158331213
6897,32342180,42042905,74385085,1,0,1,2048,8,4307119811
6898,32342331,35234473,67576804,4,0,0,69632,5,9691926176
6899,32343090,42042763,74385853,2,0,1,11776,18,3747953248
6900,32344150,34275683,66619833,7,0,0,14336,13,4264061727
6901,32344370,42044415,74388785,2,0,1,4608,18,9031024791
6902,32353421,42036990,74390411,7,0,1,2560,13,5445597740
6903,32357940,34615494,66973434,0,0,0,29696,14,6904386433
6904,32358510,34166985,66525495,7,0,0,8192,13,326074759
6905,32363521,34205609,66569130,4,0,0,18432,5,1556698063
6906,32364410,34425833,66790243,0,0,0,24576,14,7461705195
6907,32365150,42026581,74391731,2,0,1,1536,18,8644092061
6908,32379951,42045948,74425899,7,0,1,2048,13,4261477756
6909,32382941,42044584,74427525,7,0,1,2560,13,1823464952
6910,32386390,42041801,74428191,1,0,1,1024,8,7626614108
6911,32386461,34177030,66563491,4,0,0,56832,5,8177828691
6912,32386551,42047637,74434188,7,0,1,7168,13,1862276694
6913,32394090,42045385,74439475,6,0,1,16896,6,1768932252
6914,32399340,42070332,74469672,2,0,1,8704,18,2058014722
6915,32402300,42071613,74473913,1,0,1,2048,8,4508116086
6916,32403420,34591802,66995222,7,0,0,8704,13,848018405
6917,32408360,42065899,74474259,1,0,1,512,8,2103450550
6918,32418460,34743352,67161812,7,0,0,151040,13,2512749567
6919,32419030,42056535,74475565,9,0,1,2048,10,10049647155
6920,32419200,42075591,74494791,2,0,1,3584,18,3200560646
6921,32427370,42067444,74494814,6,0,1,2048,6,9394335563
6922,32431981,34741589,67173570,4,0,0,29184,5,8972609672
6923,32446090,42048747,74494837,1,0,1,3072,8,5261198972
6924,32451190,42043670,74494860,1,0,1,7680,8,5084549894
6925,32451450,42048407,74499857,6,0,1,6144,6,9384249304
6926,32452430,42048413,74500843,6,0,1,1536,6,8588452799
6927,32453210,42050859,74504069,9,0,1,5120,10,6402049838
6928,32458310,42046105,74504415,6,0,1,512,6,10021794863
6929,32463640,42041121,74504761,1,0,1,512,8,6862430152
6930,32464400,42040515,74504915,6,0,1,8704,6,6449892850
6931,32470450,34768406,67238856,7,0,0,20480,13,4890413719
6932,32479190,42051496,74530686,9,0,1,8192,10,1319998991
6933,32480440,42054112,74534552,6,0,1,6144,6,9204655932
6934,32481470,42117154,74598624,9,0,1,6144,10,5477754380
6935,32497900,42120518,74618418,2,0,1,512,18,7993696504
6936,32500900,42119784,74620684,2,0,1,3584,18,9488391703
6937,32503820,42117223,74621043,9,0,1,9728,10,1762086740
6938,32519310,42124335,74643645,9,0,1,1024,10,10180892327
6939,32538910,34069953,66608863,7,0,0,20480,13,3382371406
6940,32539140,42104966,74644106,1,0,1,10240,8,4446914726
6941,32547670,34305867,66853537,7,0,0,19456,13,100706819
6942,32548130,34202125,66750255,0,0,0,1536,14,6682181897
6943,32554631,34518943,67073574,4,0,0,28672,5,2886629010
6944,32556870,42136939,74693809,6,0,1,2048,6,3590925174
6945,32559660,34389954,66949614,0,0,0,37888,14,3251245674
6946,32563240,42135754,74698994,1,0,1,16384,8,7051233010
6947,32564261,34229593,66793854,4,0,0,11776,5,1771862494
6948,32580090,42138670,74718760,9,0,1,512,10,5404672984
6949,32584411,42138535,74722946,4,0,1,6656,5,1775479156
6950,32602071,34211025,66813096,4,0,0,9216,5,2764683595
6951,32603170,42230549,74833719,5,0,1,14848,0,3290100073
6952,32608621,34701769,67310390,4,0,0,88064,5,1871916956
6953,32617441,42216301,74833742,7,0,1,2048,13,4185172381
6954,32624190,42211002,74835192,1,0,1,3072,8,7211029998
6955,32632840,35191492,67824332,7,0,0,150528,13,2697782924
6956,32633280,42201935,74835215,6,0,1,4608,6,8981047477
6957,32639561,42195677,74835238,4,0,1,512,5,2109512769
6958,32653870,42181391,74835261,1,0,1,6656,8,188195891
6959,32664750,42176740,74841490,9,0,1,7168,10,1054537534
6960,32665090,42349367,75014457,6,0,1,8192,6,9133443474
6961,32665670,42352013,75017683,1,0,1,5120,8,6780654675
6962,32679780,34069984,66749764,0,0,0,13312,14,168959074
6963,32685640,42333349,75018989,5,0,1,2048,0,515651614
6964,32690300,42331275,75021575,6,0,1,4096,6,372710077
6965,32695791,34333442,67029233,4,0,0,89600,5,5943308497
6966,32696830,42376098,75072928,6,0,1,16384,6,8788516632
6967,32700031,34631933,67331964,4,0,0,69120,5,7912408632
6968,32702260,34559601,67261861,7,0,0,14848,13,3931346072
6969,32703300,42393084,75096384,6,0,1,512,6,8852573515
6970,32716171,42427108,75143279,4,0,1,12288,5,3566488781
6971,32717400,42482797,75200197,9,0,1,12288,10,7418532702
6972,32728040,42498119,75226159,1,0,1,4608,8,10723202648
6973,32735600,42519864,75255464,9,0,1,2560,10,8466828176
6974,32743450,42512037,75255487,2,0,1,2560,18,5823788955
6975,32743950,42511560,75255510,1,0,1,7168,8,3620521867
6976,32744460,42604825,75349285,1,0,1,14336,8,6875153519
6977,32746081,42603227,75349308,4,0,1,1536,5,10020715679
6978,32750110,42599221,75349331,6,0,1,5632,6,10558544786
6979,32754620,42594734,75349354,6,0,1,3584,6,548372070
6980,32754870,42598586,75353456,6,0,1,4096,6,4664395569
6981,32784450,42569029,75353479,1,0,1,4608,8,10141256979
6982,32784740,42572716,75357456,1,0,1,8704,8,8089306128
6983,32784810,42572669,75357479,6,0,1,2048,6,6336321376
6984,32797701,34197700,66995401,4,0,0,512,5,3147598319
6985,32799230,42558272,75357502,2,0,1,3584,18,2404902564
6986,32808940,42548585,75357525,1,0,1,8704,8,796012550
6987,32812530,42545018,75357548,1,0,1,3584,8,6192213670
6988,32815830,42541741,75357571,1,0,1,11776,8,9479287011
6989,32825030,35125989,67951019,7,0,0,88064,13,6715754885
6990,32835050,42561038,75396088,2,0,1,7168,18,4023376414
6991,32835450,34381448,67216898,0,0,0,16896,14,5747556928
6992,32837230,42558881,75396111,2,0,1,6656,18,10675461789
6993,32839621,42609205,75448826,4,0,1,512,5,10370553219
6994,32843581,42605268,75448849,4,0,1,4608,5,1839115944
6995,32850071,42632208,75482279,4,0,1,3584,5,8969930502
6996,32868561,34494560,67363121,4,0,0,55808,5,5290668547
6997,32872250,35177008,68049258,7,0,0,55296,13,4725214279
6998,32875251,42607067,75482318,4,0,1,4096,5,5599695034
6999,32876140,34315354,67191494,7,0,0,20480,13,9860341206
7000,32882951,42613297,75496248,4,0,1,10752,5,2524543288
7001,32886330,34486798,67373128,7,0,0,32768,13,6494436152
7002,32894370,35425177,68319547,7,0,0,88064,13,6972086620
7003,32894581,42628778,75523359,4,0,1,2560,5,9073126255
7004,32896290,42633871,75530161,2,0,1,6144,18,5166136568
7005,32902411,34435816,67338227,4,0,0,20480,5,10064211999
7006,32907351,42623476,75530827,4,0,1,11264,5,3416748769
7007,32922131,34611281,67533412,4,0,0,50688,5,457281009
7008,32928611,35324485,68253096,4,0,0,166400,5,10082761525
7009,32929141,42614315,75543456,4,0,1,6656,5,7858588969
7010,32929260,42632326,75561586,1,0,1,8192,8,9202476871
7011,32934470,42627139,75561609,1,0,1,10752,8,5929113937
7012,32953411,42609804,75563215,4,0,1,5120,5,154250772
7013,32969020,42594218,75563238,2,0,1,2560,18,5263166495
7014,32972500,34523455,67495955,7,0,0,41984,13,1026784220
7015,32974750,42620051,75594801,2,0,1,6656,18,5698349874
7016,32976021,34768648,67744669,4,0,0,36864,5,7857448240
7017,32981461,34329420,67310881,4,0,0,1536,5,1690958190
7018,32981911,42627297,75609208,4,0,1,512,5,2636325888
7019,32982621,42730251,75712872,4,0,1,26112,5,3058643069
7020,32985801,34882811,67868612,4,0,0,27648,5,5152844331
7021,33003130,34625973,67629103,7,0,0,34816,13,4905986014
7022,33006160,34408291,67414451,7,0,0,1024,13,3992857230
7023,33037450,42710301,75747751,5,0,1,1536,0,8412753670
7024,33064450,42683324,75747774,5,0,1,3072,0,860282996
7025,33069210,34924982,67994192,7,0,0,96768,13,1831637631
7026,33078331,42669527,75747858,4,0,1,10752,5,7652507151
7027,33080681,42690164,75770845,4,0,1,512,5,1323512647
7028,33086370,42684498,75770868,5,0,1,14848,0,8285446985
7029,33087630,42683261,75770891,5,0,1,4096,0,2423782864
7030,33100511,34442596,67543107,4,0,0,31744,5,4250615152
7031,33105420,42670467,75775887,5,0,1,5120,0,7438656512
7032,33120840,42736606,75857446,3,0,1,36864,5,2519114887
7033,33136661,42723780,75860441,4,0,1,8704,5,9323124055
7034,33137030,42928771,76065801,3,0,1,43008,5,1586464147
7035,33137450,43045770,76183220,3,0,1,62464,5,2181161091
7036,33151200,34490833,67642033,8,0,0,512,13,5734882512
7037,33155091,43141100,76296191,4,0,1,6656,5,6339968845
7038,33167580,34692499,67860079,7,0,0,117248,13,5977147072
7039,33168600,43441349,76609949,3,0,1,122880,5,8233567310
7040,33172901,43438503,76611404,4,0,1,4608,5,2244104542
7041,33175610,34698334,67873944,0,0,0,16896,14,6506117950
7042,33184180,43427378,76611558,5,0,1,8704,0,1293492118
7043,33184411,43428453,76612864,4,0,1,2048,5,10168986732
7044,33198710,43439420,76638130,3,0,1,14848,5,3358258206
7045,33211570,43465406,76676976,5,0,1,13312,0,7956368547
7046,33215820,43493480,76709300,3,0,1,30720,5,2660736530
7047,33219570,43576155,76795725,3,0,1,23552,5,1661432512
7048,33233041,43606503,76839544,4,0,1,3072,5,7427594576
7049,33235581,43626747,76862328,4,0,1,16384,5,7329128320
7050,33274160,43589551,76863711,1,0,1,14848,8,7439371126
7051,33274660,34726130,68000790,0,0,0,21504,14,4092739100
7052,33283050,43633738,76916788,1,0,1,15360,8,9871576074
7053,33293100,43642699,76935799,3,0,1,23552,5,3362926097
7054,33297100,43656382,76953482,3,0,1,18432,5,7236918373
7055,33308671,43646117,76954788,7,0,1,2048,13,5332694496
7056,33315770,34740430,68056200,8,0,0,1024,13,1729995576
7057,33316450,43639644,76956094,1,0,1,2048,8,9037475604
7058,33316610,44027155,77343765,3,0,1,140800,5,6738928594
7059,33321961,34933373,68255334,4,0,0,6656,5,7148914023
7060,33336311,44009400,77345711,7,0,1,3072,13,6112625383
7061,33344350,44006533,77350883,1,0,1,8192,8,7486416949
7062,33346631,44006518,77353149,7,0,1,3584,13,7811760182
7063,33349060,44005075,77354135,5,0,1,1536,0,5565369754
7064,33350720,44006001,77356721,5,0,1,4096,0,569964382
7065,33351980,34522609,67874589,8,0,0,512,13,670828018
7066,33353530,44138673,77492203,8,0,1,37888,13,7635198779
7067,33353750,34563006,67916756,7,0,0,9216,13,3052627235
7068,33361300,34513010,67874310,8,0,0,1024,13,613463644
7069,33367061,34659546,68026607,4,0,0,72704,5,8583219314
7070,33370550,34719786,68090336,0,0,0,24064,14,9814829060
7071,33371660,44120566,77492226,1,0,1,4096,8,7587784770
7072,33390501,44101748,77492249,7,0,1,8704,13,153067303
7073,33394830,44097442,77492272,1,0,1,3584,8,10331421420
7074,33396620,44095675,77492295,2,0,1,1024,18,2364741205
7075,33428640,34572797,68001437,7,0,0,2048,13,10003408993
7076,33436680,44134941,77571621,3,0,1,128000,5,4265058436
7077,33439210,44223860,77663070,5,0,1,7680,0,8480909262
7078,33440070,44223023,77663093,1,0,1,1024,8,4445952362
7079,33442280,34475052,67917332,8,0,0,1024,13,9239770670
7080,33445481,44217635,77663116,7,0,1,2560,13,1524936248
7081,33456291,34599574,68055865,4,0,0,21504,5,1015559690
7082,33459240,44203899,77663139,9,0,1,2560,10,732996678
7083,33459830,44203332,77663162,9,0,1,1024,10,9213759805
7084,33461981,44201204,77663185,7,0,1,4096,13,6134485554
7085,33470130,34534302,68004432,6,0,0,9728,6,283887306
7086,33477040,44194334,77671374,9,0,1,1536,10,6788878809
7087,33478270,44193127,77671397,1,0,1,7680,8,6088516560
7088,33481100,34927269,68408369,8,0,0,2048,13,5054180557
7089,33481321,34780432,68261753,4,0,0,20992,5,9891500823
7090,33483570,34689944,68173514,0,0,0,6656,14,10584467487
7091,33483780,44187672,77671452,3,0,1,26112,5,6874126761
7092,33491960,34681733,68173693,8,0,0,512,13,10703615285
7093,33499750,34849293,68349043,7,0,0,23552,13,3040617620
7094,33500320,44171632,77671952,9,0,1,7168,10,5648130639
7095,33501131,34906591,68407722,4,0,0,192512,5,6852504599
7096,33501490,44230584,77732074,3,0,1,28160,5,8421624147
7097,33507570,34947753,68455323,0,0,0,22016,14,8188351863
7098,33508350,35123686,68632036,0,0,0,45568,14,6786904142
7099,33508830,44223398,77732228,9,0,1,8704,10,2130350634
7100,33510300,44249058,77759358,3,0,1,16896,5,522583569
7101,33516531,44292050,77808581,7,0,1,12288,13,3285070989
7102,33519560,34810087,68329647,0,0,0,18944,14,9615865920
7103,33532281,44304279,77836560,7,0,1,1536,13,2861842380
7104,33536940,34582347,68119287,8,0,0,3072,13,5303480384
7105,33537601,34630223,68167824,4,0,0,3072,5,2654225603
7106,33537901,34545080,68082981,4,0,0,24064,5,4380616804
7107,33538980,34784848,68323828,0,0,0,13824,14,4326888656
7108,33541390,44377584,77918974,3,0,1,59392,5,8861063500
7109,33553180,44365817,77918997,1,0,1,6144,8,8561369035
7110,33554630,34472312,68026942,8,0,0,1024,13,8033739069
7111,33555770,44363250,77919020,9,0,1,2560,10,6644466543
7112,33556920,44362123,77919043,1,0,1,13312,8,8905871110
7113,33558610,44478848,78037458,3,0,1,119808,5,9325950992
7114,33561010,35027271,68588281,7,0,0,84480,13,8450220840
7115,33562660,34868043,68430703,7,0,0,18944,13,10186439561
7116,33575060,34625461,68200521,8,0,0,512,13,1877132842
7117,33582320,44468377,78050697,9,0,1,1024,10,3654237391
7118,33584990,44469573,78054563,2,0,1,6144,18,7242036136
7119,33592251,44462658,78054909,7,0,1,512,13,4425360155
7120,33592450,34604774,68197224,8,0,0,1024,13,5342105754
7121,33595211,44460262,78055473,7,0,1,10752,13,4651543647
7122,33605391,44450338,78055729,7,0,1,9216,13,8537215717
7123,33606960,44534614,78141574,3,0,1,33280,5,1854094334
7124,33607091,44558191,78165282,7,0,1,1536,13,5829133675
7125,33607900,34810310,68418210,7,0,0,31744,13,3005582137
7126,33617660,44617467,78235127,3,0,1,53760,5,8174710036
7127,33620690,34632585,68253275,8,0,0,512,13,6371391979
7128,33620760,35036672,68657432,0,0,0,6656,14,4526389414
7129,33628251,34796649,68424900,4,0,0,21504,5,213280621
7130,33630950,44605457,78236407,3,0,1,14336,5,9182515230
7131,33631791,44676223,78308014,7,0,1,1024,13,5389566798
7132,33635450,44674190,78309640,9,0,1,2560,10,2206167531
7133,33647760,44758162,78405922,3,0,1,27648,5,9133598901
7134,33651410,44756778,78408188,1,0,1,3584,8,7996255560
7135,33659320,35049892,68709212,7,0,0,75776,13,9312909224
7136,33664080,34767598,68431678,8,0,0,3072,13,9387947171
7137,33669580,44960056,78629636,3,0,1,104448,5,3845933064
7138,33673240,44971680,78644920,1,0,1,10240,8,8231290480
7139,33678971,44966935,78645906,4,0,1,1536,5,5546481251
7140,33680920,45042338,78723258,1,0,1,8704,8,4639418758
7141,33681340,45047963,78729303,9,0,1,1536,10,7384621951
7142,33688200,45041769,78729969,5,0,1,1024,0,9628223901
7143,33690600,45041955,78732555,9,0,1,4096,10,8216112032
7144,33698070,45038351,78736421,1,0,1,6144,8,30054284
7145,33698601,45066296,78764897,4,0,1,13824,5,1001086501
7146,33706510,45065917,78772427,5,0,1,11264,0,9495776852
7147,33708900,45073379,78782279,9,0,1,1024,10,5052279142
7148,33709650,35027953,68737603,7,0,0,65024,13,6743630961
7149,33715820,45110060,78825880,9,0,1,4096,10,963485727
7150,33720720,45105183,78825903,5,0,1,2560,0,8372179833
7151,33729290,34874592,68603882,8,0,0,1024,13,8734503158
7152,33731361,45094565,78825926,7,0,1,3072,13,4838066058
7153,33744191,45081758,78825949,7,0,1,1536,13,588840904
7154,33745840,34852500,68598340,8,0,0,512,13,10286242257
7155,33752930,34882818,68635748,8,0,0,1024,13,10391988920
7156,33755320,35077032,68832352,0,0,0,51712,14,7307584147
7157,33758710,35105749,68864459,0,0,0,11264,14,6473626263
7158,33760530,45065442,78825972,5,0,1,7168,0,8943697590
7159,33763021,45066302,78829323,7,0,1,22528,13,4397107139
7160,33769200,45060469,78829669,9,0,1,512,10,725085704
7161,33772461,45057554,78830015,7,0,1,512,13,4390607418
7162,33779550,34809378,68588928,8,0,0,2048,13,1674521797
7163,33781070,45200915,78981985,9,0,1,34816,10,7022896444
7164,33783080,45198928,78982008,1,0,1,3072,8,10094662935
7165,33793520,45188511,78982031,5,0,1,1536,0,4253901382
7166,33793660,45188394,78982054,1,0,1,2560,8,4572986969
7167,33795270,45186807,78982077,1,0,1,6656,8,8284111467
7168,33799630,34789477,68589107,8,0,0,512,13,10052161569
7169,33827380,35017943,68845323,0,0,0,42496,14,14372323
7170,33834501,34927077,68761578,4,0,0,51712,5,3989325545
7171,33838810,45149093,78987903,1,0,1,2048,8,9769710731
7172,33839020,45163749,79002769,1,0,1,3072,8,10568367381
7173,33846870,45155922,79002792,5,0,1,2048,0,10499881181
7174,33858591,45314950,79173541,7,0,1,138752,13,10294734506
7175,33864360,45313767,79178127,9,0,1,23040,10,3889854945
7176,33880370,45297780,79178150,5,0,1,3072,0,1799670168
7177,33881710,45350871,79232581,8,0,1,35328,13,5131022477
7178,33884611,34961359,68845970,4,0,0,2048,5,5080662945
7179,33887551,45358212,79245763,7,0,1,1536,13,3246807498
7180,33893240,34846071,68739311,0,0,0,1024,14,1535942051
7181,33898620,34839185,68737805,8,0,0,512,13,5328431917
7182,33899901,35151186,69051087,4,0,0,70656,5,6530490819
7183,33902000,45347949,79249949,5,0,1,6656,0,1966858283
7184,33902300,35095063,68997363,8,0,0,512,13,7401126814
7185,33902610,34913963,68816573,7,0,0,42496,13,4080021307
7186,33908271,45372780,79281051,7,0,1,53248,13,7124940805
7187,33913440,34980810,68894250,8,0,0,512,13,7219163749
7188,33921160,45371069,79292229,5,0,1,512,0,4102890582
7189,33921810,45370765,79292575,2,0,1,512,18,3263894939
7190,33924620,35104870,69029490,0,0,0,88064,14,10442564165
7191,33938140,45355741,79293881,1,0,1,2048,8,4775972993
7192,33939520,35117050,69056570,8,0,0,1024,13,7239291753
7193,33948420,45349327,79297747,5,0,1,6144,0,3124960893
7194,33949170,35194777,69143947,0,0,0,6656,14,9049105535
7195,33951590,45355037,79306627,6,0,1,5632,6,3064256802
7196,33956780,45350524,79307304,6,0,1,5632,6,4186399435
7197,33957270,45353260,79310530,1,0,1,5120,8,5044202698
7198,33959160,45367299,79326459,1,0,1,10240,8,7635067606
7199,33961741,45375019,79336760,4,0,1,17408,5,9253876013
7200,33967350,35002814,68970164,8,0,0,1024,13,635001595
7201,33968150,35144321,69112471,0,0,0,4096,14,7613375425
7202,33970510,45419144,79389654,2,0,1,6656,18,1245407872
7203,33972650,35002181,68974831,0,0,0,2048,14,6768980776
7204,33977210,35101248,69078458,0,0,0,25088,14,9340417020
7205,33990560,35133441,69124001,8,0,0,1024,13,9266435342
7206,33991090,45398587,79389677,6,0,1,8704,6,274784126
7207,33991790,45397918,79389708,5,0,1,10240,0,1271681809
7208,33998300,35148695,69146995,7,0,0,1536,13,2471586712
7209,33998670,35095707,69094377,7,0,0,1536,13,8963427408
7210,33999240,35255831,69255071,7,0,0,53248,13,3679998612
7211,34001200,35186840,69188040,0,0,0,22528,14,2254984760
7212,34007250,35167211,69174461,7,0,0,3072,13,10487454970
7213,34008860,35158157,69167017,8,0,0,512,13,7214495574
7214,34009950,45380353,79390303,9,0,1,5120,10,7970576430
7215,34010830,35317467,69328297,8,0,0,512,13,7557038951
7216,34014770,45376199,79390969,6,0,1,1024,6,5601528560
7217,34015280,35529410,69544690,0,0,0,27648,14,1602441464
7218,34020730,35332485,69353215,8,0,0,512,13,10623254625
7219,34021150,35450466,69471616,7,0,0,35328,13,987660065
7220,34033910,35363455,69397365,0,0,0,120832,14,8558079275
7221,34035950,45356965,79392915,5,0,1,3072,0,5654717901
7222,34048610,45344651,79393261,6,0,1,512,6,4658275679
7223,34057100,45423484,79480584,3,0,1,82944,5,1338364586
7224,34058450,45422157,79480607,2,0,1,2048,18,1272874113
7225,34061160,45488519,79549679,3,0,1,35840,5,7662177919
7226,34064621,35553587,69618208,4,0,0,40960,5,7471002372
7227,34068240,45484480,79552720,5,0,1,5120,0,7412857586
7228,34074780,45515908,79590688,3,0,1,52736,5,2522799313
7229,34075180,35377078,69452258,0,0,0,81920,14,8251503333
7230,34083860,45522939,79606799,2,0,1,11776,18,403080156
7231,34097400,45519633,79617033,6,0,1,1536,6,10235282119
7232,34100870,35518902,69619772,7,0,0,3072,13,1686767326
7233,34104970,45518355,79623325,1,0,1,8192,8,2772630882
7234,34105050,45518621,79623671,8,0,1,512,13,8289792183
7235,34111210,35705679,69816889,7,0,0,66048,13,3587010857
7236,34111590,45514987,79626577,5,0,1,4608,0,1426713471
7237,34118390,45510133,79628523,5,0,1,3072,0,2009176315
7238,34135060,45496049,79631109,2,0,1,4096,18,1374952921
7239,34140000,36074949,70214949,7,0,0,218112,13,9385444149
7240,34142450,45518429,79660879,5,0,1,27136,0,488711381
7241,34145880,45525161,79671041,5,0,1,5120,0,5510069841
7242,34147211,35375631,69522842,4,0,0,74240,5,6267244697
7243,34149490,45536870,79686360,6,0,1,512,6,7879122022
7244,34154660,45532686,79687346,6,0,1,1536,6,6283214003
7245,34155120,35786027,69941147,0,0,0,71168,14,5211085409
7246,34156271,35721674,69877945,4,0,0,76288,5,10693018015
7247,34161101,35830682,69991783,4,0,0,165888,5,2288976580
7248,34161521,35977302,70138823,4,0,0,13312,5,2334151146
7249,34167930,35725087,69893017,0,0,0,14848,14,7457849575
7250,34169150,45519182,79688332,6,0,1,1536,6,6856648355
7251,34174920,45530106,79705026,2,0,1,13312,18,155717851
7252,34176110,45533422,79709532,2,0,1,7168,18,7564808037
7253,34195880,35621725,69817605,8,0,0,512,13,6423975690
7254,34199090,45544997,79744087,5,0,1,2560,0,6497114931
7255,34208580,45535530,79744110,5,0,1,8192,0,4704203748
7256,34208950,35314342,69523292,8,0,0,1024,13,6834325129
7257,34216360,45527773,79744133,2,0,1,5120,18,6308996026
7258,34217540,36000542,70218082,7,0,0,9728,13,7772756009
7259,34222370,45522605,79744975,6,0,1,1536,6,4391983955
7260,34228370,45517911,79746281,2,0,1,2048,18,5775646154
7261,34236210,45517288,79753498,5,0,1,11264,0,10643422443
7262,34240830,45537073,79777903,5,0,1,6144,0,5649130291
7263,34242490,35575341,69817831,8,0,0,512,13,5040643863
7264,34247700,45534389,79782089,6,0,1,6656,6,4615285263
7265,34250870,35883805,70134675,0,0,0,146432,14,9959168538
7266,34255180,35742936,69998116,0,0,0,512,14,271686709
7267,34258300,35962301,70220601,0,0,0,8192,14,6149928475
7268,34261320,45567992,79829312,6,0,1,2048,6,3240063505
7269,34265600,35737155,70002755,0,0,0,7680,14,1467910716
7270,34271390,45558539,79829929,6,0,1,13312,6,509359915
7271,34277160,45563846,79841006,5,0,1,6656,0,1517751991
7272,34280370,36183074,70463444,7,0,0,65024,13,1909666305
7273,34297900,45545479,79843379,6,0,1,3584,6,5105030648
7274,34310161,35975835,70285996,4,0,0,131584,5,4653750292
7275,34321320,45526591,79847911,6,0,1,7168,6,8933345145
7276,34324440,45638750,79963190,3,0,1,48640,5,8741342931
7277,34326450,45750160,80076610,3,0,1,54784,5,3366444665
7278,34330310,45844889,80175199,3,0,1,35328,5,7609133638
7279,34343980,45833801,80177781,5,0,1,2560,0,32541310
7280,34346461,35651476,69997937,4,0,0,19968,5,8615623430
7281,34349121,35651202,70000323,4,0,0,7168,5,6048883618
7282,34350160,35698776,70048936,8,0,0,2048,13,7083470337
7283,34352090,35796295,70148385,7,0,0,30720,13,5356849667
7284,34355050,45824357,80179407,6,0,1,2560,6,5983046257
7285,34362530,35454873,69817403,8,0,0,1536,13,8028755011
7286,34369060,45813573,80182633,6,0,1,5120,6,2700525852
7287,34372030,45819558,80191588,6,0,1,32256,6,8464684645
7288,34374840,45817209,80192049,1,0,1,10240,8,5885096404
7289,34377480,45816835,80194315,6,0,1,3584,6,5144651260
7290,34387750,45810111,80197861,2,0,1,5632,18,3276910974
7291,34392951,35939711,70332662,4,0,0,25088,5,5801285896
7292,34397670,45807767,80205437,6,0,1,5120,6,9145438545
7293,34401400,45805023,80206423,6,0,1,1536,6,5935084230
7294,34402880,36173043,70575923,7,0,0,80384,13,5901422341
7295,34407080,45800009,80207089,2,0,1,1024,18,10096998096
7296,34422860,45833564,80256424,3,0,1,47616,5,9413684996
7297,34424360,45832730,80257090,2,0,1,1024,18,8729271634
7298,34431890,45830052,80261942,3,0,1,7680,5,4013181617
7299,34440280,45824248,80264528,3,0,1,4096,5,3841800161
7300,34446400,35692602,70139002,8,0,0,512,13,4866852323
7301,34448570,45817264,80265834,2,0,1,2048,18,3797111189
7302,34450960,36051312,70502272,7,0,0,16384,13,4424857889
7303,34454400,45816580,80270980,6,0,1,8192,6,4834032202
7304,34454900,45817066,80271966,6,0,1,1536,6,830431836
7305,34458080,45816063,80274143,6,0,1,14336,6,6267174489
7306,34460420,45835194,80295614,6,0,1,1024,6,4312093053
7307,34467310,45991783,80459093,3,0,1,123904,5,4413703403
7308,34486280,36376998,70863278,7,0,0,78336,13,6138911960
7309,34490640,45993108,80483748,9,0,1,2048,10,9982654279
7310,34490940,45995074,80486014,2,0,1,3584,18,2602756881
7311,34496430,45991210,80487640,2,0,1,2560,18,8381592709
7312,34504610,36167703,70672313,7,0,0,3072,13,6595152185
7313,34511320,35732816,70244136,0,0,0,16384,14,10211726730
7314,34528630,36280033,70808663,7,0,0,171520,13,9749656927
7315,34530780,35777130,70307910,8,0,0,512,13,9366774405
7316,34538270,45980240,80518510,3,0,1,20992,5,4229156442
7317,34539780,46002365,80542145,6,0,1,2560,6,10356179200
7318,34544730,35952527,70497257,0,0,0,50176,14,7056534887
7319,34549340,35761828,70311168,8,0,0,512,13,5795461867
7320,34551410,36183318,70734728,1,0,0,55808,8,5119760607
7321,34554690,36635650,71190340,8,0,0,221696,13,8822178459
7322,34556810,36031739,70588549,1,0,0,28160,8,7694085006
7323,34557000,45985168,80542168,2,0,1,6656,18,5900797591
7324,34559290,45982901,80542191,6,0,1,5120,6,4836704797
7325,34566881,36013065,70579946,4,0,0,7680,5,6129047096
7326,34572451,36866308,71438759,4,0,0,82432,5,3955746357
7327,34576080,36016712,70592792,8,0,0,13824,13,7480205929
7328,34601660,36411384,71013044,0,0,0,104960,14,8482106925
7329,34603040,36506446,71109486,1,0,0,102912,8,1863103831
7330,34616980,46018878,80635858,6,0,1,18432,6,6703844524
7331,34620190,36051164,70671354,0,0,0,9216,14,4373173376
7332,34620800,35884147,70504947,1,0,0,8704,8,7974083534
7333,34621510,36588049,71209559,7,0,0,62976,13,4279071558
7334,34623930,35810248,70434178,8,0,0,512,13,4959179804
7335,34630750,46005454,80636204,2,0,1,512,18,393508667
7336,34634010,46006060,80640070,5,0,1,6144,0,605847367
7337,34634260,36250899,70885159,1,0,0,1024,8,4287701962
7338,34638090,35758792,70396882,8,0,0,2048,13,7047879531
7339,34644500,35999438,70643938,1,0,0,6144,8,8494020625
7340,34644650,36478119,71122769,0,0,0,43520,14,3071042513
7341,34645241,35931485,70576726,4,0,0,2560,5,2002281874
7342,34645540,46122186,80767726,3,0,1,39424,5,2590650939
7343,34653400,46114349,80767749,2,0,1,512,18,5311126699
7344,34663240,36836478,71499718,8,0,0,60928,13,3942005518
7345,34665840,36378843,71044683,8,0,0,3584,13,3478318001
7346,34674610,46155594,80830204,3,0,1,24576,5,6928806774
7347,34682430,35788068,70470498,7,0,0,2560,13,1836846993
7348,34687210,36595328,71282538,8,0,0,48640,13,2875346669
7349,34695970,36832810,71528780,7,0,0,95232,13,8262066341
7350,34704640,36162249,70866889,8,0,0,11776,13,6909303821
7351,34718360,46168727,80887087,3,0,1,64000,5,7668609449
7352,34721810,46237341,80959151,2,0,1,7168,18,8172227808
7353,34727930,36313506,71041436,8,0,0,8704,13,4133753920
7354,34731721,36648473,71380194,4,0,0,83456,5,1266464310
7355,34734150,46237078,80971228,3,0,1,11264,5,308513839
7356,34742950,46253809,80996759,3,0,1,6656,5,989522927
7357,34745490,36267733,71013223,8,0,0,512,13,2472636392
7358,34752840,46386141,81138981,3,0,1,100352,5,3359591391
7359,34758950,46380054,81139004,6,0,1,512,6,4730173541
7360,34759310,36490947,71250257,0,0,0,120832,14,6036305768
7361,34762120,36164827,70926947,7,0,0,47616,13,453672947
7362,34778830,36185204,70964034,7,0,0,9728,13,2129294718
7363,34814640,36540103,71354743,1,0,0,170496,8,5313200525
7364,34817380,46321647,81139027,6,0,1,3072,6,4152885679
7365,34820851,36739761,71560612,4,0,0,68096,5,4004015143
7366,34827541,36563711,71391252,4,0,0,15360,5,947264387
7367,34828700,46310639,81139339,6,0,1,1536,6,5533361810
7368,34842180,36626756,71468936,8,0,0,37376,13,4972629341
7369,34844900,46295412,81140312,6,0,1,12800,6,10274061854
7370,34845560,36604298,71449858,8,0,0,36352,13,9775688352
7371,34848020,46353059,81201079,3,0,1,59904,5,10658189129
7372,34851931,36542758,71394689,4,0,0,10752,5,9576029609
7373,34852070,36972680,71824750,7,0,0,99840,13,5664562685
7374,34855020,36403411,71258431,8,0,0,13312,13,7434012717
7375,34860950,36751820,71612770,8,0,0,46592,13,9142007238
7376,34861780,46339322,81201102,6,0,1,1024,6,2599212125
7377,34863760,36667117,71530877,1,0,0,4608,8,6135578946
7378,34867660,46333465,81201125,6,0,1,2048,6,2501669787
7379,34880040,36652154,71532194,7,0,0,3072,13,10564335769
7380,34906260,36836954,71743214,1,0,0,47104,8,7168445647
7381,34912621,36970252,71882873,4,0,0,35840,5,9098134060
7382,34918720,36769117,71687837,0,0,0,38912,14,2679584041
7383,34920310,46280838,81201148,6,0,1,11264,6,1150682807
7384,34920970,36333366,71254336,8,0,0,13312,13,3998356034
7385,34921380,36465146,71386526,0,0,0,20480,14,1611675491
7386,34926891,46274280,81201171,4,0,1,10240,5,9398723614
7387,34944660,46351444,81296104,9,0,1,74240,10,3615073429
7388,34946840,36315358,71262198,1,0,0,12288,8,10714855382
7389,34949280,36581932,71531212,8,0,0,1024,13,10733361054
7390,34956321,46470839,81427160,7,0,1,8704,13,10139356589
7391,34956770,46474804,81431574,3,0,1,7168,5,9121999131
7392,34958240,46473357,81431597,3,0,1,2048,5,7769134921
7393,34970480,36487045,71457525,0,0,0,25088,14,6048116769
7394,34972930,36294664,71267594,1,0,0,10240,8,9040127476
7395,34974481,36238891,71213372,4,0,0,12288,5,2032893892
7396,34977550,46565712,81543262,9,0,1,75776,10,1459618050
7397,34983420,36280985,71264405,0,0,0,7168,14,6348593597
7398,34985820,46608811,81594631,3,0,1,46080,5,994983273
7399,34986670,46658522,81645192,9,0,1,49152,10,6887973635
7400,34987180,46918504,81905684,9,0,1,107008,10,62614355
7401,34991390,36736178,71727568,1,0,0,84480,8,7774108575
7402,34998061,46907646,81905707,4,0,1,2560,5,4923017890
7403,35001940,36865575,71867515,0,0,0,54784,14,6493148170
7404,35004871,46900859,81905730,4,0,1,512,5,1680445628
7405,35008560,36520890,71529450,1,0,0,2048,8,7873681017
7406,35013640,37020303,72033943,7,0,0,97792,13,6902332623
7407,35028330,36643705,71672035,8,0,0,98304,13,5871674641
7408,35028691,36700148,71728839,4,0,0,4096,5,8775296256
7409,35028741,46877012,81905753,4,0,1,2048,5,6903512435
7410,35039130,46866646,81905776,6,0,1,2048,6,4790093372
7411,35039431,36748496,71787927,4,0,0,3072,5,2021500736
7412,35042690,36791131,71833821,7,0,0,29696,13,1107907033
7413,35043480,46862319,81905799,6,0,1,2048,6,1889332124
7414,35045050,37387441,72432491,7,0,0,31744,13,2206076152
7415,35048020,46862817,81910837,9,0,1,21504,10,6084429421
7416,35060910,47168499,82229409,9,0,1,121344,10,3003957811
7417,35063281,47313887,82377168,7,0,1,25600,13,10320912722
7418,35070680,36929833,72000513,7,0,0,68096,13,1162158222
7419,35073940,47384465,82458405,9,0,1,79872,10,10300520814
7420,35083911,47409203,82493114,4,0,1,1024,5,5780634666
7421,35087180,37029850,72117030,7,0,0,50176,13,7559192267
7422,35087461,36482859,71570320,4,0,0,9216,5,7762171427
7423,35089101,37215314,72304415,4,0,0,52224,5,6975151907
7424,35096040,36528645,71624685,7,0,0,10240,13,4933964776
7425,35110930,47382207,82493137,3,0,1,4096,5,7364067798
7426,35112510,47412075,82524585,9,0,1,48128,10,3230805313
7427,35113851,47410757,82524608,7,0,1,3072,13,5044441113
7428,35122000,36714207,71836207,7,0,0,7680,13,5467978585
7429,35124451,47400180,82524631,4,0,1,2048,5,1280666682
7430,35132111,36718635,71850746,4,0,0,47616,5,10698779289
7431,35137020,47453533,82590553,3,0,1,40448,5,8304905606
7432,35137500,36633335,71770835,0,0,0,32768,14,4148517469
7433,35140441,47450143,82590584,7,0,1,14848,13,5151270369
7434,35141061,47449546,82590607,4,0,1,1536,5,7189019460
7435,35142720,37089936,72232656,0,0,0,16384,14,5080268524
7436,35142880,37334795,72477675,0,0,0,38912,14,8196718546
7437,35152301,47485857,82638158,7,0,1,64000,13,10391731683
7438,35154130,47487221,82641351,9,0,1,14848,10,3219567966
7439,35164580,36741362,71905942,0,0,0,9728,14,8410977501
7440,35166261,47803108,82969369,7,0,1,71168,13,10125680613
7441,35180990,47847712,83028702,6,0,1,8192,6,7340678751
7442,35181330,36706714,71888044,0,0,0,16896,14,911242932
7443,35188910,36683012,71871922,7,0,0,14336,13,6135682369
7444,35191131,47978099,83169230,7,0,1,117760,13,3038684674
7445,35194760,47974493,83169253,6,0,1,5632,6,1930980793
7446,35195830,47975350,83171180,6,0,1,15872,6,5364477042
7447,35197301,47980011,83177312,4,0,1,9728,5,6405222968
7448,35197661,36763191,71960852,4,0,0,5632,5,8704460381
7449,35201511,48017148,83218659,4,0,1,2560,5,9343510440
7450,35201691,36705522,71907213,4,0,0,4096,5,4986706128
7451,35206380,48012302,83218682,9,0,1,39936,10,4104794425
7452,35209671,36729480,71939151,4,0,0,103936,5,4049155150
7453,35211100,48007605,83218705,6,0,1,6144,6,9249197068
7454,35219040,47999688,83218728,3,0,1,4608,5,4888968270
7455,35220820,36455138,71675958,0,0,0,12800,14,6767502461
7456,35226681,47992070,83218751,4,0,1,2048,5,2163556451
7457,35231750,47987024,83218774,3,0,1,2048,5,6734106715
7458,35232261,47986536,83218797,4,0,1,1024,5,4186628532
7459,35236381,47982439,83218820,4,0,1,512,5,6592475724
7460,35236610,47987737,83224347,9,0,1,12800,10,49146535
7461,35238561,36858559,72097120,4,0,0,8704,5,4940129512
7462,35240160,47997879,83238039,6,0,1,10240,6,2718977237
7463,35240221,36700061,71940282,4,0,0,3584,5,9319912556
7464,35245250,37655790,72901040,7,0,0,17920,13,9343547430
7465,35248550,36973756,72222306,7,0,0,54272,13,9794219198
7466,35253540,47984522,83238062,6,0,1,13824,6,5662286345
7467,35255890,48080912,83336802,9,0,1,114688,10,8205147432
7468,35263831,48125106,83388937,7,0,1,47104,13,7704378732
7469,35276210,36727914,72004124,7,0,0,11776,13,3032820813
7470,35277090,37038465,72315555,7,0,0,14848,13,4688825090
7471,35280100,48216856,83496956,8,0,1,84992,13,3787463008
7472,35285130,48212519,83497649,3,0,1,15360,5,10501489530
7473,35285360,36967245,72252605,1,0,0,9728,8,7161628156
7474,35293350,48253835,83547185,3,0,1,17408,5,5150736380
7475,35293390,48257417,83550807,3,0,1,8704,5,8600522475
7476,35293890,48311703,83605593,9,0,1,44544,10,10730405520
7477,35294301,48311985,83606286,0,0,1,1024,14,1046691429
7478,35296890,48310565,83607455,8,0,1,4096,13,2742805733
7479,35298600,48324810,83623410,9,0,1,17920,10,4465300350
7480,35304601,48320755,83625356,4,0,1,3072,5,8349790101
7481,35304750,48355134,83659884,9,0,1,44032,10,8606140569
7482,35305170,37330313,72635483,7,0,0,35328,13,2255353092
7483,35306020,48354530,83660550,6,0,1,1024,6,5116822690
7484,35306090,48357686,83663776,2,0,1,5120,18,8065460553
7485,35309660,36746439,72056099,8,0,0,13824,13,7707783453
7486,35311891,36893810,72205701,4,0,0,48640,5,10498412732
7487,35316440,48373849,83690289,9,0,1,66560,10,905445002
7488,35321630,48375751,83697381,2,0,1,11264,18,8573040148
7489,35324711,37075251,72399962,4,0,0,18432,5,10281951830
7490,35330040,48377819,83707859,8,0,1,18432,13,5851438686
7491,35341280,37554277,72895557,7,0,0,115200,13,2699514313
7492,35350220,48363900,83714120,8,0,1,5632,13,378187917
7493,35354200,48362072,83716272,2,0,1,26624,18,738782470
7494,35359091,36879322,72238413,4,0,0,14848,5,2329767664
7495,35364360,48353858,83718218,6,0,1,3072,6,3292769610
7496,35367010,36911141,72278151,1,0,0,34304,8,4518353981
7497,35369511,48372383,83741894,7,0,1,20992,13,1324051437
7498,35370951,48381451,83752402,4,0,1,8192,5,8849937748
7499,35371891,48397653,83769544,4,0,1,18944,5,1060464088
7500,35372650,36725897,72098547,1,0,0,4608,8,8381538424
7501,35373410,48422203,83795613,2,0,1,2560,18,1953132380
7502,35373520,48423399,83796919,2,0,1,2048,18,6818218472
7503,35379160,48422406,83801566,8,0,1,16896,13,3854075755
7504,35388010,36771002,72159012,8,0,0,20480,13,5082809390
7505,35390230,48499769,83889999,8,0,1,66560,13,574293448
7506,35392670,36834963,72227633,0,0,0,17408,14,417912646
7507,35397781,36886633,72284414,4,0,0,20480,5,10300969145
7508,35400400,48490905,83891305,8,0,1,2048,13,2643317025
7509,35402030,48492821,83894851,8,0,1,5632,13,1328340108
7510,35404990,37593027,72998017,7,0,0,5632,13,4385508086
7511,35413651,36893340,72306991,4,0,0,5632,5,1265253470
7512,35419091,48566028,83985119,7,0,1,74752,13,5747944456
7513,35438850,48587446,84026296,8,0,1,3072,13,4406735677
7514,35444181,36950119,72394300,4,0,0,24576,5,9296138164
7515,35444710,48625780,84070490,6,0,1,8192,6,6216488876
7516,35449460,37570021,73019481,1,0,0,3072,8,6553413435
7517,35454800,48631070,84085870,8,0,1,1536,13,6536779058
7518,35454860,48631049,84085909,6,0,1,5120,6,263638815
7519,35460501,48625431,84085932,4,0,1,12800,5,164321756
7520,35464091,37001682,72465773,4,0,0,13824,5,10350389
7521,35468130,37717169,73185299,8,0,0,69632,13,813821154
7522,35472850,36904438,72377288,0,0,0,1024,14,8208526950
7523,35478330,37102385,72580715,8,0,0,16896,13,4026280215
7524,35478390,37252625,72731015,0,0,0,26624,14,6042469311
7525,35478720,37434667,72913387,1,0,0,40448,8,4937038587
7526,35484140,48617876,84102016,6,0,1,7168,6,3180918750
7527,35487300,48615382,84102682,8,0,1,1024,13,3853142649
7528,35488390,37372021,72860411,1,0,0,131072,8,6183977083
7529,35490791,48613197,84103988,4,0,1,2048,5,1754583228
7530,35491721,37219409,72711130,4,0,0,28160,5,8542962233
7531,35493751,48701325,84195076,7,0,1,74752,13,7423106696
7532,35497930,37520546,73018476,8,0,0,41472,13,6916358699
7533,35502150,37054672,72556822,1,0,0,17920,8,2143659396
7534,35506310,37278243,72784553,0,0,0,110080,14,3403573163
7535,35509910,48696163,84206073,5,0,1,1024,0,2391267409
7536,35511220,48694884,84206104,6,0,1,5632,6,7533379454
7537,35515230,37592437,73107667,0,0,0,44544,14,5925268705
7538,35521710,48712510,84234220,6,0,1,2048,6,9849288059
7539,35526100,37014318,72540418,7,0,0,1024,13,7657399621
7540,35528180,48745281,84273461,8,0,1,3584,13,1453373388
7541,35533121,48754837,84287958,7,0,1,22016,13,3291924533
7542,35533900,37740213,73274113,7,0,0,32768,13,491907303
7543,35538311,48815515,84353826,7,0,1,37888,13,5910866892
7544,35544381,37873154,73417535,4,0,0,67584,5,1851875553
7545,35546270,48825376,84371646,8,0,1,7168,13,1629484456
7546,35552000,37678699,73230699,8,0,0,59392,13,7276753414
7547,35552510,48825192,84377702,8,0,1,6656,13,8475396196
7548,35553430,37574407,73127837,0,0,0,12288,14,1334901772
7549,35563820,37100910,72664730,8,0,0,23552,13,1551830378
7550,35565040,37034137,72599177,0,0,0,23552,14,3795825881
7551,35566880,48812448,84379328,6,0,1,2560,6,5857811763
7552,35570871,48811683,84382554,4,0,1,5120,5,7027525863
7553,35572740,37141377,72714117,7,0,0,9728,13,5562663318
7554,35574831,48808709,84383540,4,0,1,1536,5,8400759177
7555,35578060,48806146,84384206,5,0,1,1024,0,3582328628
7556,35578460,37417818,72996278,0,0,0,61952,14,5210889358
7557,35583851,37212581,72796432,4,0,0,38912,5,1464149434
7558,35589200,48796632,84385832,5,0,1,2560,0,2218201615
7559,35594100,37204227,72798327,8,0,0,6144,13,3631366347
7560,35598020,37104507,72702527,0,0,0,44032,14,3154346906
7561,35601460,48788238,84389698,8,0,1,6144,13,9840830850
7562,35601920,37645642,73247562,1,0,0,25600,8,9531041521
7563,35604370,37322004,72926374,8,0,0,42496,13,7193843332
7564,35604880,37519190,73124070,8,0,0,53760,13,896170852
7565,35604940,37426356,73031296,1,0,0,2560,8,1560798124
7566,35605751,48784933,84390684,4,0,1,1536,5,10552970120
7567,35605980,37877659,73483639,7,0,0,30720,13,381477619
7568,35613020,37329755,72942775,1,0,0,12800,8,1483614818
7569,35618681,37357878,72976559,4,0,0,8192,5,2066024595
7570,35619401,48771629,84391030,4,0,1,512,5,144016405
7571,35621501,37509167,73130668,4,0,0,9216,5,2671699426
7572,35621541,48770475,84392016,4,0,1,1536,5,9452806028
7573,35624990,48771212,84396202,6,0,1,6656,6,1820264271
7574,35626360,48770828,84397188,5,0,1,1536,0,859105964
7575,35639550,48758624,84398174,5,0,1,1536,0,6474454758
7576,35642350,48758730,84401080,8,0,1,4608,13,9813131551
7577,35650920,48754666,84405586,6,0,1,7168,6,7963983775
7578,35652961,48798532,84451493,4,0,1,5632,5,4933439870
7579,35654850,37499256,73154106,7,0,0,69632,13,3661709876
7580,35665310,48842365,84507675,5,0,1,6656,0,7306437002
7581,35671600,37256715,72928315,1,0,0,6144,8,2966624947
7582,35686451,37506676,73193127,4,0,0,24064,5,7079766097
7583,35696150,37541436,73237586,7,0,0,22528,13,423262268
7584,35699371,48808327,84507698,4,0,1,1024,5,8026195573
7585,35708110,37236248,72944358,8,0,0,5120,13,3789626697
7586,35709701,37502793,73212494,4,0,0,63488,5,394891113
7587,35713520,48794201,84507721,6,0,1,3584,6,2354841332
7588,35723300,37587142,73310442,1,0,0,70656,8,9554520016
7589,35728850,48778894,84507744,5,0,1,6656,0,1508992983
7590,35734020,48782373,84516393,5,0,1,16384,0,8097797467
7591,35735660,48801366,84537026,8,0,1,512,13,6171614413
7592,35737250,37201571,72938821,7,0,0,34304,13,8720620929
7593,35739350,37964280,73703630,0,0,0,184832,14,6507174361
7594,35744031,38263725,74007756,4,0,0,139776,5,2888053708
7595,35745990,48791382,84537372,6,0,1,512,6,9408584720
7596,35750030,37566089,73316119,7,0,0,8192,13,6274166494
7597,35752521,48786477,84538998,0,0,1,2560,14,9622902057
7598,35755300,48787884,84543184,8,0,1,6656,13,7611797791
7599,35771700,37752933,73524633,8,0,0,52736,13,1643282063
7600,35776470,48770330,84546800,5,0,1,5632,0,223494867
7601,35778660,48785098,84563758,6,0,1,7168,6,4855645365
7602,35783490,37945893,73729383,0,0,0,57344,14,5061146153
7603,35791440,48774979,84566419,1,0,1,2560,8,4265395951
7604,35797540,37388163,73185703,0,0,0,1024,14,6143572882
7605,35803900,48764145,84568045,5,0,1,2560,0,8398451559
7606,35803951,48765080,84569031,4,0,1,1536,5,10223596198
7607,35804611,48766046,84570657,4,0,1,2560,5,3084958344
7608,35807770,48766433,84574203,1,0,1,5632,8,3967953262
7609,35815010,37727083,73542093,0,0,0,9216,14,315791590
7610,35830151,48775058,84605209,4,0,1,5120,5,8691074448
7611,35833640,37731809,73565449,7,0,0,10752,13,862817315
7612,35834420,48772415,84606835,6,0,1,2560,6,4044558260
7613,35835870,48772450,84608320,6,0,1,15360,6,5203315198
7614,35847030,48773254,84620284,5,0,1,12288,0,9600438973
7615,35847490,48849627,84697117,6,0,1,18432,6,7572004601
7616,35868880,38304901,74173781,7,0,0,188416,13,8264959744
7617,35871870,37619467,73491337,0,0,0,2048,14,7970002790
7618,35881840,37876122,73757962,1,0,0,33280,8,3483357528
7619,35884030,48813110,84697140,1,0,1,10752,8,5489270148
7620,35888221,48903404,84791625,7,0,1,36352,13,2821897415
7621,35899260,37561628,73460888,8,0,0,15872,13,407302840
7622,35900290,37462010,73362300,7,0,0,17920,13,6327188510
7623,35902350,37625449,73527799,7,0,0,10240,13,4794215550
7624,35913431,48942573,84856004,4,0,1,512,5,8111032528
7625,35913830,48942197,84856027,6,0,1,6656,6,2574096049
7626,35913931,48987088,84901019,4,0,1,9216,5,224875631
7627,35915720,48985322,84901042,1,0,1,2048,8,5949523828
7628,35925781,49075535,85001316,7,0,1,40448,13,5638252677
7629,35930460,49070879,85001339,6,0,1,512,6,617765209
7630,35933281,38107458,74040739,4,0,0,73728,5,913204263
7631,35933621,37423005,73356626,4,0,0,22528,5,2218483288
7632,35936781,49064581,85001362,0,0,1,11264,14,680898425
7633,35946900,49055132,85002032,1,0,1,3072,8,1455756746
7634,35947561,49054494,85002055,0,0,1,7680,14,3185833674
7635,35948890,38069277,74018167,8,0,0,33792,13,9700088812
7636,35949540,37692424,73641964,8,0,0,35840,13,5055683198
7637,35960670,37630910,73591580,7,0,0,32256,13,1511305897
7638,35960781,49041297,85002078,4,0,1,2048,5,9643602819
7639,35963631,49038470,85002101,0,0,1,13312,14,8269737403
7640,35964590,38233417,74198007,1,0,0,48128,8,1544501246
7641,35978710,49024061,85002771,1,0,1,3072,8,5704721758
7642,35980410,37724023,73704433,8,0,0,2560,13,1457693078
7643,35982051,49020922,85002973,4,0,1,3584,5,7051905374
7644,35984900,49018144,85003044,1,0,1,6656,8,5963255337
7645,35990890,49013548,85004438,1,0,1,4096,8,6407900368
7646,36008690,48996094,85004784,6,0,1,512,6,10509209843
7647,36013990,48994020,85008010,1,0,1,5120,8,1163186559
7648,36014610,37632681,73647291,7,0,0,17408,13,6212804544
7649,36015101,49036113,85051214,0,0,1,2048,14,1303839677
7650,36017471,37947674,73965145,4,0,0,62976,5,3838021796
7651,36017630,49033607,85051237,5,0,1,6656,0,1966981137
7652,36029911,49021349,85051260,4,0,1,6656,5,5504344705
7653,36030540,49020743,85051283,1,0,1,7680,8,319572089
7654,36037460,49013846,85051306,1,0,1,2560,8,9719020454
7655,36041821,49162649,85204470,7,0,1,222208,13,10050124863
7656,36043991,49178311,85222302,0,0,1,9216,14,8322760206
7657,36045140,49177508,85222648,5,0,1,512,0,8624874015
7658,36047890,37661893,73709783,7,0,0,3584,13,3567418237
7659,36048851,49176703,85225554,4,0,1,4608,5,3442899614
7660,36049790,49199564,85249354,1,0,1,5120,8,2263853810
7661,36051850,37659984,73711834,1,0,0,6656,8,8936122209
7662,36053801,49298683,85352484,7,0,1,159232,13,860695211
7663,36059770,37670744,73730514,0,0,0,3584,14,5204948718
7664,36063101,49301609,85364710,7,0,1,13824,13,6651570756
7665,36076900,49307009,85383909,3,0,1,34816,5,207913529
7666,36089351,49295224,85384575,4,0,1,1024,5,8249850984
7667,36090300,49294941,85385241,1,0,1,1024,8,1518661005
7668,36092300,49294119,85386419,5,0,1,13824,0,5728499585
7669,36094450,37644317,73738767,1,0,0,2560,8,3989333117
7670,36107910,38130401,74238311,1,0,0,20992,8,9337861929
7671,36110750,37597918,73708668,8,0,0,13824,13,662937409
7672,36111330,38071990,74183320,0,0,0,31232,14,9236984782
7673,36112941,49278624,85391565,0,0,1,2560,14,8691344349
7674,36124021,49273650,85397671,7,0,1,20992,13,7852591
7675,36127421,49275902,85403323,0,0,1,8192,14,431735936
7676,36127500,49275983,85403483,5,0,1,1024,0,8174975954
7677,36129650,49277405,85407055,5,0,1,5632,0,10082553301
7678,36136620,37938197,74074817,8,0,0,60416,13,1953105076
7679,36143121,37794645,73937766,4,0,0,14336,5,8855131472
7680,36149360,49262604,85411964,5,0,1,13312,0,3541043308
7681,36157421,49256489,85413910,0,0,1,3072,14,5289675926
7682,36162261,49264673,85426934,0,0,1,2048,14,4985107925
7683,36170930,38036256,74207186,1,0,0,7680,8,897919026
7684,36174560,37881826,74056386,8,0,0,51200,13,9271714156
7685,36177071,49251143,85428214,7,0,1,14336,13,6512669754
7686,36181811,49248989,85430800,4,0,1,4096,5,9000875319
7687,36188641,49298380,85487021,7,0,1,86016,13,10173950116
7688,36199261,49308968,85508229,0,0,1,512,14,4307716523
7689,36204241,49304334,85508575,0,0,1,512,14,3622880561
7690,36204321,49306200,85510521,0,0,1,3072,14,5529710580
7691,36205070,37874481,74079551,1,0,0,15360,8,5895277578
7692,36205110,38085725,74290835,1,0,0,52224,8,2583023829
7693,36212790,38162567,74375357,7,0,0,152064,13,4530171688
7694,36218120,38205889,74424009,8,0,0,71680,13,56764333
7695,36221740,37978630,74200370,7,0,0,7680,13,3781521937
7696,36224721,49288066,85512787,4,0,1,3584,5,10139471422
7697,36232170,38226117,74458287,1,0,0,11776,8,2374220085
7698,36234121,37867989,74102110,4,0,0,9216,5,5220436622
7699,36236720,37862559,74099279,0,0,0,28672,14,7897245016
7700,36236831,49339795,85576626,7,0,1,104448,13,1767383090
7701,36246881,49375660,85622541,7,0,1,39936,13,3947447299
7702,36252600,49405750,85658350,5,0,1,7680,0,6522585268
7703,36256160,37948663,74204823,7,0,0,6656,13,749083041
7704,36258381,38263069,74521450,4,0,0,6144,5,2107981871
7705,36259700,37943033,74202733,7,0,0,7680,13,6518872975
7706,36270790,38561011,74831801,1,0,0,237568,8,6135471697
7707,36270821,49395901,85666722,7,0,1,13312,13,9906986509
7708,36273060,49397528,85670588,5,0,1,6144,0,8507214172
7709,36275190,38219578,74494768,0,0,0,55808,14,10313809939
7710,36278791,49392463,85671254,0,0,1,1024,14,2894714483
7711,36286380,49396281,85682661,3,0,1,37888,5,8559907308
7712,36288071,49397176,85685247,4,0,1,4096,5,4316197295
7713,36288890,49398943,85687833,5,0,1,4096,0,8069144302
7714,36294940,38577869,74872809,8,0,0,96256,13,8351129381
7715,36301201,49387618,85688819,4,0,1,1536,5,9406818213
7716,36312161,49418129,85730290,7,0,1,58880,13,8603965939
7717,36316710,38429162,74745872,8,0,0,39424,13,4786668481
7718,36322910,37945002,74267912,8,0,0,9216,13,2614530626
7719,36326420,38746485,75072905,1,0,0,66560,8,2540575946
7720,36333371,49398199,85731570,7,0,1,14336,13,6493147515
7721,36341671,49390565,85732236,4,0,1,1024,5,318456071
7722,36346441,49473096,85819537,7,0,1,119296,13,1749627734
7723,36348821,38546984,74895805,4,0,0,47104,5,8024697553
7724,36349921,49473893,85823814,7,0,1,512,13,2506452005
7725,36366201,38068961,74435162,4,0,0,1024,5,2119325119
7726,36366260,38174706,74540966,0,0,0,13312,14,2577669045
7727,36371261,49489979,85861240,7,0,1,89600,13,9972202483
7728,36374541,49487365,85861906,4,0,1,1024,5,2179391440
7729,36375361,38000868,74376229,4,0,0,2560,5,1204094057
7730,36387680,38961582,75349262,8,0,0,68096,13,5881445836
7731,36391201,49471051,85862252,4,0,1,512,5,1616198184
7732,36400981,38742275,75143256,4,0,0,48128,5,7623014053
7733,36403021,49461497,85864518,4,0,1,3584,5,88306458
7734,36407221,38540328,74947549,4,0,0,13312,5,7871470149
7735,36408540,38514611,74923151,7,0,0,51200,13,643348837
7736,36416900,38687835,75104735,7,0,0,512,13,4615264579
7737,36419880,38780294,75200174,7,0,0,104960,13,5919598835
7738,36422360,49442504,85864864,1,0,1,512,8,2075444964
7739,36425640,49440850,85866490,2,0,1,2560,18,6807645409
7740,36428251,49440825,85869076,4,0,1,4096,5,2262678306
7741,36432120,38963873,75395993,1,0,0,52736,8,2766485716
7742,36432690,39227280,75659970,8,0,0,110080,13,5719262732
7743,36437021,49433361,85870382,0,0,1,2048,14,1849398349
7744,36438860,38396309,74835169,8,0,0,4608,13,8216164823
7745,36441920,49431202,85873122,2,0,1,12800,18,8215679668
7746,36450361,39350243,75800604,4,0,0,56320,5,2497857684
7747,36450401,49425627,85876028,0,0,1,4608,14,3198177981
7748,36457520,38575543,75033063,0,0,0,29696,14,5486307262
7749,36460490,38207250,74667740,8,0,0,22528,13,7856275915
7750,36462451,49416803,85879254,0,0,1,5120,14,3193476208
7751,36466010,38511432,74977442,1,0,0,12288,8,4334490274
7752,36473030,39196658,75669688,8,0,0,26112,13,5876751838
7753,36473120,38627187,75100307,7,0,0,12800,13,9638592978
7754,36473141,49413836,85886977,4,0,1,2560,5,718597839
7755,36479370,49408913,85888283,2,0,1,2048,18,4113678958
7756,36497541,49395888,85893429,4,0,1,8192,5,3152242947
7757,36502240,38370904,74873144,8,0,0,1024,13,2105343083
7758,36513701,49421833,85935534,7,0,1,75264,13,8556524463
7759,36518700,49416988,85935688,2,0,1,8704,18,702727012
7760,36523041,49427618,85950659,4,0,1,3072,5,8117621301
7761,36535040,49433238,85968278,2,0,1,5632,18,1935924620
7762,36539970,49433134,85973104,2,0,1,7680,18,6912597211
7763,36541041,49436219,85977260,0,0,1,6144,14,6192860009
7764,36545870,39313336,75859206,8,0,0,512,13,9809753097
7765,36546770,38360758,74907528,1,0,0,38400,8,10711987036
7766,36547730,39302026,75849756,8,0,0,56320,13,1629033472
7767,36552581,38570979,75123560,4,0,0,4608,5,4081559819
7768,36561950,38381512,74943462,8,0,0,66560,13,2783541710
7769,36571281,38589170,75160451,3,0,0,9728,5,187907318
7770,36576831,49400775,85977606,4,0,1,512,5,2562449281
7771,36581980,49398532,85980512,2,0,1,4608,18,5111680635
7772,36583000,38250696,74833696,0,0,0,6144,14,678471942
7773,36593350,49387726,85981076,2,0,1,10752,18,7650816733
7774,36602730,49379652,85982382,2,0,1,2048,18,3276971996
7775,36613030,38480656,75093686,1,0,0,54784,8,9456920697
7776,36620080,38385110,75005190,8,0,0,5632,13,2076941323
7777,36627700,38416854,75044554,1,0,0,37376,8,7148409178
7778,36629920,49354088,85984008,5,0,1,2560,0,8044824468
7779,36640510,38455851,75096361,7,0,0,8704,13,5475982081
7780,36641371,49343303,85984674,0,0,1,1024,14,1414203123
7781,36643630,49341710,85985340,8,0,1,1024,13,10580411677
7782,36643660,38330015,74973675,8,0,0,39424,13,1891959117
7783,36647081,49339565,85986646,0,0,1,2048,14,8217688442
7784,36651191,49335711,85986902,0,0,1,9216,14,277619571
7785,36652611,38727291,75379902,3,0,0,73216,5,3938620307
7786,36658940,38596501,75255441,8,0,0,95232,13,6860074999
7787,36659080,38904112,75563192,0,0,0,5120,14,5531087413
7788,36660260,49346392,86006652,9,0,1,32256,10,3900420161
7789,36661941,49346017,86007958,4,0,1,2048,5,6561431497
7790,36666371,49342253,86008624,0,0,1,1024,14,6466349863
7791,36667070,38690355,75357425,1,0,0,5120,8,4958519617
7792,36671660,38889895,75561555,0,0,0,55296,14,6070101489
7793,36672260,38656231,75328491,5,0,0,107008,0,10338999772
7794,36674070,38823153,75497223,7,0,0,3072,13,10489002471
7795,36679420,38674013,75353433,7,0,0,13312,13,4183081601
7796,36680150,49337763,86017913,8,0,1,22528,13,10399534866
7797,36685781,49332478,86018259,0,0,1,512,14,4957955537
7798,36689911,49329014,86018925,0,0,1,1024,14,5512092017
7799,36701440,38794785,75496225,1,0,0,45568,8,3964642313
7800,36704150,38778106,75482256,1,0,0,109568,8,4906075744
7801,36704880,39314502,76019382,1,0,0,45056,8,9210752694
7802,36707960,49313231,86021191,5,0,1,3584,0,3793359850
7803,36720800,38282651,75003451,7,0,0,1024,13,10707900214
7804,36724710,49300987,86025697,8,0,1,7168,13,5137393648
7805,36728880,49297176,86026056,8,0,1,9728,13,9747188377
7806,36739630,49305101,86044731,2,0,1,1536,18,9481188948
7807,36743810,49309150,86052960,8,0,1,2048,13,6015132070
7808,36747650,38772986,75520636,8,0,0,13312,13,6348390864
7809,36748820,38373313,75122133,1,0,0,16384,8,437864020
7810,36749700,39177951,75927651,0,0,0,5120,14,2738103035
7811,36752411,49301215,86053626,0,0,1,1024,14,2517093630
7812,36753490,38841288,75594778,1,0,0,28672,8,2276296138
7813,36754030,38694773,75448803,8,0,0,66560,13,1584896089
7814,36757370,49298522,86055892,2,0,1,3584,18,5711301832
7815,36763520,49296242,86059762,8,0,1,22528,13,5557125960
7816,36766370,49304185,86070555,8,0,1,512,13,5866586183
7817,36771030,49307443,86078473,8,0,1,2560,13,5125290426
7818,36778490,49300329,86078819,2,0,1,512,18,659899538
7819,36779290,49303395,86082685,8,0,1,6144,13,3395216870
7820,36780321,49303990,86084311,0,0,1,2560,14,6563888257
7821,36780990,38574852,75355842,8,0,0,7680,13,3896822422
7822,36791241,49312272,86103513,0,0,1,16896,14,5817067429
7823,36792471,49313142,86105613,0,0,1,1024,14,7195788526
7824,36796260,38602058,75398318,8,0,0,7168,13,2525029605
7825,36797580,49309659,86107239,2,0,1,2560,18,4758657241
7826,36804840,38812035,75616875,7,0,0,25088,13,2781137821
7827,36805280,39481361,76286641,1,0,0,52224,8,9232372167
7828,36808300,38895478,75703778,0,0,0,16896,14,4003016421
7829,36809950,49301795,86111745,8,0,1,7168,13,2666997913
7830,36810450,49304201,86114651,5,0,1,4608,0,1021165359
7831,36816020,49339854,86155874,8,0,1,4096,13,7658458473
7832,36817351,38767933,75585284,4,0,0,9216,5,9662193081
7833,36821220,49334677,86155897,5,0,1,1536,0,4227230856
7834,36823780,38837929,75661709,8,0,0,5632,13,8681834824
7835,36832381,49323958,86156339,0,0,1,4608,14,3455759762
7836,36834081,38864526,75698607,3,0,0,14848,5,4857306178
7837,36836451,49349229,86185680,2,0,1,7680,18,1136797775
7838,36845880,49357616,86203496,5,0,1,4096,0,4232804006
7839,36846781,49360261,86207042,0,0,1,5632,14,10399965694
7840,36851280,38919542,75770822,6,0,0,62464,6,3510466640
7841,36852631,49355077,86207708,2,0,1,1024,18,4951759082
7842,36857041,49351845,86208886,4,0,1,13824,5,7966212058
7843,36861300,39611302,76472602,1,0,0,2560,8,4947468277
7844,36863621,38745564,75609185,4,0,0,34304,5,10069760068
7845,36870811,49376763,86247574,4,0,1,512,5,3586043330
7846,36876440,38665207,75541647,0,0,0,1024,14,2815838547
7847,36883110,38646629,75529739,1,0,0,1536,8,6905458296
7848,36886561,49394996,86281557,2,0,1,30208,18,2822852792
7849,36886640,39279328,76165968,0,0,0,81408,14,9705845443
7850,36890530,38857198,75747728,0,0,0,27648,14,6714364745
7851,36891010,49411329,86302339,5,0,1,3072,0,10046948880
7852,36895670,39030398,75926068,7,0,0,99328,13,10359680429
7853,36895940,49407577,86303517,8,0,1,13824,13,723070111
7854,36902970,49419443,86322413,5,0,1,3584,0,4744311907
7855,36904801,49420544,86325345,2,0,1,4608,18,6127762424
7856,36907621,39173909,76081530,4,0,0,32256,5,9257754841
7857,36912311,49414660,86326971,4,0,1,2560,5,7715280008
7858,36913060,49416817,86329877,8,0,1,4608,13,3731022744
7859,36914871,49418245,86333116,2,0,1,16384,18,8936935459
7860,36919110,49415952,86335062,8,0,1,3072,13,2815340044
7861,36919460,38784809,75704269,7,0,0,1536,13,3004979385
7862,36928081,49410847,86338928,4,0,1,6144,5,2826450139
7863,36931490,49410023,86341513,5,0,1,1536,0,7263698865
7864,36940331,39022357,75962688,3,0,0,16384,5,6596207869
7865,36948091,49412957,86361048,2,0,1,5632,18,8714369943
7866,36950160,39521639,76471799,7,0,0,69632,13,2395553166
7867,36950630,38979696,75930326,8,0,0,8704,13,7765824256
7868,36953100,49407971,86361071,8,0,1,10752,13,9799015299
7869,36967160,39622753,76589913,0,0,0,6656,14,3849964257
7870,36977861,49392951,86370812,2,0,1,512,18,8605470965
7871,36978551,49396127,86374678,4,0,1,6144,5,3110360914
7872,36980751,49394593,86375344,4,0,1,1024,5,10361865315
7873,36984260,49447265,86431525,8,0,1,12800,13,9918680111
7874,36991101,49441410,86432511,0,0,1,1536,14,8054293517
7875,36997040,38950592,75947632,8,0,0,46592,13,6491881766
7876,37002481,38854942,75857423,3,0,0,25088,5,9240915557
7877,37018500,49414267,86432767,8,0,1,9216,13,445354695
7878,37020061,49441302,86461363,4,0,1,8192,5,2478827092
7879,37029400,39484969,76514369,7,0,0,5120,13,9588250075
7880,37030040,39007546,76037586,0,0,0,29184,14,3977658581
7881,37034180,39140258,76174438,8,0,0,6144,13,4754356730
7882,37043081,49418305,86461386,4,0,1,5632,5,6925632736
7883,37049900,39400660,76450560,1,0,0,191488,8,439893542
7884,37053020,39448823,76501843,8,0,0,512,13,10632306179
7885,37054170,39555756,76609926,8,0,0,37888,13,8393965760
7886,37055520,39265362,76320882,1,0,0,59392,8,8696248259
7887,37059960,38834236,75894196,1,0,0,2048,8,1361908515
7888,37060981,49416987,86477968,4,0,1,6656,5,9357467305
7889,37072551,49405440,86477991,4,0,1,512,5,8731708836
7890,37076130,39107067,76183197,7,0,0,28672,13,1388884533
7891,37080580,39432206,76512786,7,0,0,35840,13,5882833562
7892,37087001,39241525,76328526,4,0,0,18944,5,10556123662
7893,37094331,49383683,86478014,0,0,1,13312,14,9026668569
7894,37099600,39072943,76172543,1,0,0,21504,8,5453590088
7895,37100101,38886247,75986348,4,0,0,6144,5,2711815733
7896,37100400,39032740,76133140,2,0,0,1536,18,6841994142
7897,37101730,38924851,76026581,7,0,0,23552,13,2588846241
7898,37109641,49368396,86478037,4,0,1,10240,5,7268542658
7899,37123320,39132504,76255824,8,0,0,49152,13,9437904385
7900,37132461,49345599,86478060,0,0,1,7680,14,4611247831
7901,37133860,39415390,76549250,8,0,0,62976,13,258041487
7902,37134181,49385577,86519758,4,0,1,6144,5,10328515748
7903,37138650,49381131,86519781,1,0,1,1024,8,1678847112
7904,37140690,39337551,76478241,1,0,0,18432,8,10696507572
7905,37142160,39359504,76501664,8,0,0,76800,13,5800768908
7906,37142381,49377423,86519804,4,0,1,1024,5,7204006398
7907,37155021,39219729,76374750,4,0,0,50176,5,8137983551
7908,37160871,49358956,86519827,4,0,1,4096,5,88152979
7909,37161270,39224267,76385537,1,0,0,35328,8,9329108017
7910,37161870,39399103,76560973,8,0,0,38400,13,876913223
7911,37162191,49357659,86519850,0,0,1,6656,14,10737138337
7912,37163781,49426808,86590589,0,0,1,20992,14,8320078042
7913,37171430,39098565,76269995,8,0,0,13824,13,4525650842
7914,37171960,39358071,76530031,8,0,0,20992,13,175830967
7915,37178230,39345382,76523612,7,0,0,30208,13,8157798489
7916,37179071,39614237,76793308,4,0,0,110592,5,8569897328
7917,37182821,49411314,86594135,0,0,1,5632,14,2040101630
7918,37191160,39386416,76577576,1,0,0,48128,8,136826918
7919,37198440,39621176,76819616,0,0,0,78336,14,9828461276
7920,37214311,49381450,86595761,0,0,1,2560,14,4277760805
7921,37233230,39525868,76759098,7,0,0,118784,13,1352831136
7922,37233660,39350335,76583995,1,0,0,20992,8,10545221875
7923,37240621,39351773,76592394,3,0,0,1024,5,4055606908
7924,37243600,39442148,76685748,8,0,0,18944,13,3036350288
7925,37250051,49347016,86597067,0,0,1,2048,14,6215586966
7926,37251260,39439035,76690295,1,0,0,14848,8,7921782591
7927,37254061,49345592,86599653,0,0,1,4096,14,3440371437
7928,37256610,39459396,76716006,1,0,0,11264,8,452681554
7929,37262390,39746358,77008748,7,0,0,59904,13,763485571
7930,37269410,39719940,76989350,7,0,0,107520,13,741674572
7931,37270000,49334479,86604479,6,0,1,7680,6,5292706083
7932,37271250,39608113,76879363,0,0,0,26112,14,4464521451
7933,37279470,49326635,86606105,6,0,1,2560,6,4076204272
7934,37280870,39909822,77190692,7,0,0,47616,13,44365232
7935,37286350,39649426,76935776,0,0,0,40448,14,3598577771
7936,37286801,49338943,86625744,0,0,1,1024,14,9253716709
7937,37292281,49334129,86626410,0,0,1,1024,14,2054506442
7938,37297530,39611248,76908778,7,0,0,51200,13,1925256814
7939,37297780,39540150,76837930,7,0,0,2048,13,339140701
7940,37297821,39830435,77128256,4,0,0,78336,5,7969915255
7941,37301280,39536003,76837283,0,0,0,57856,14,4949447274
7942,37307700,49321296,86628996,6,0,1,4096,6,3261045210
7943,37322410,39690908,77013318,0,0,0,6144,14,1804956318
7944,37325381,49345730,86671111,0,0,1,1536,14,6386263126
7945,37330680,39464055,76794735,0,0,0,4608,14,1782074519
7946,37349170,39567587,76916757,1,0,0,26112,8,1341220673
7947,37361010,39478511,76839521,7,0,0,5120,13,9727715789
7948,37375070,39384519,76759589,8,0,0,1536,13,10609348165
7949,37382610,39326177,76708787,7,0,0,512,13,6045719120
7950,37385471,39410231,76795702,3,0,0,3072,5,1227596346
7951,37387960,39623463,77011423,8,0,0,8704,13,4312534667
7952,37393890,39596575,76990465,1,0,0,3584,8,7604418190
7953,37397200,49275407,86672607,1,0,1,17920,8,5421955148
7954,37397710,49275099,86672809,6,0,1,5120,6,3375185154
7955,37400911,49271921,86672832,0,0,1,1536,14,4154189207
7956,37405080,39729563,77134643,0,0,0,7680,14,192335568
7957,37413431,39825727,77239158,3,0,0,54784,5,1839474773
7958,37413831,49260295,86674126,0,0,1,6656,14,3305420141
7959,37423250,40269102,77692352,7,0,0,40960,13,10335949478
7960,37445830,49228498,86674328,6,0,1,4096,6,8274349771
7961,37459270,39564523,77023793,7,0,0,34304,13,4507254249
7962,37459340,39748215,77207555,8,0,0,50176,13,5953098811
7963,37465490,39978463,77443953,8,0,0,114176,13,3543769828
7964,37468061,49209008,86677069,0,0,1,13824,14,10160180768
7965,37473820,39664292,77138112,0,0,0,1536,14,5335298667
7966,37477520,39789140,77266660,0,0,0,70144,14,4213349601
7967,37480821,49365353,86846174,7,0,1,58880,13,4284566613
7968,37482761,49363759,86846520,7,0,1,512,13,8331689196
7969,37484351,49362528,86846879,7,0,1,9728,13,8037223249
7970,37489001,49358224,86847225,0,0,1,512,14,3246535456
7971,37493101,39999079,77492180,3,0,0,158208,5,7049067309
7972,37497561,49451980,86949541,7,0,1,40960,13,5058095424
7973,37507831,40063767,77571598,4,0,0,12800,5,6372969706
7974,37510501,49458950,86969451,2,0,1,3072,18,4558828600
7975,37513241,49494994,87008235,7,0,1,50688,13,5996706983
7976,37519701,49490160,87009861,2,0,1,2560,18,6694831624
7977,37520570,49489445,87010015,6,0,1,8704,6,375176037
7978,37526311,49484690,87011001,0,0,1,1536,14,325226330
7979,37531720,39860316,77392036,1,0,0,50176,8,2263873466
7980,37543451,49468216,87011667,0,0,1,1024,14,7199612541
7981,37544321,49470572,87014893,2,0,1,5120,18,10239795928
7982,37548850,49467349,87016199,6,0,1,2048,6,2941402129
7983,37551651,49537850,87089501,7,0,1,30208,13,3491844281
7984,37551730,49541623,87093353,6,0,1,20992,6,168660330
7985,37552550,40206785,77759335,1,0,0,50176,8,8063723622
7986,37557250,39688015,77245265,7,0,0,19968,13,10435614782
7987,37564470,39839254,77403724,0,0,0,30720,14,3509704534
7988,37566341,49527035,87093376,0,0,1,1024,14,1486931825
7989,37594320,39955689,77550009,0,0,0,118272,14,963462801
7990,37595951,49552542,87148493,7,0,1,93184,13,5022246268
7991,37597541,49577611,87175152,0,0,1,14848,14,3788676026
7992,37607561,49660546,87268107,0,0,1,6144,14,8838505327
7993,37607630,40044318,77651948,7,0,0,157184,13,3920427827
7994,37609440,49661279,87270719,6,0,1,4096,6,3503786232
7995,37609800,49663505,87273305,1,0,1,4096,8,2697998231
7996,37610130,40209466,77819596,1,0,0,12800,8,10566937208
7997,37612920,40425029,78037949,0,0,0,1536,14,8158740577
7998,37618850,40168226,77787076,8,0,0,18944,13,5840707451
7999,37622040,40401480,78023520,1,0,0,36352,8,10128591495
8000,37624661,49648990,87273651,4,0,1,512,5,6428686670
8001,37626031,40288061,77914092,3,0,0,55296,5,9304951159
8002,37633141,40029906,77663047,3,0,0,36352,5,10465243970
8003,37635631,40401796,78037427,4,0,0,45568,5,862818502
8004,37636960,40314858,77951818,0,0,0,97792,14,8784157728
8005,37637111,40034232,77671343,4,0,0,9728,5,9455590437
8006,37637871,49640850,87278721,2,0,1,17920,18,1609829195
8007,37649519,40018837,77668356,9,0,0,16896,10,9695890193
8008,37649581,49634286,87283867,7,0,1,8192,13,1392577658
8009,37654240,49630293,87284533,1,0,1,1024,8,4788317798
8010,37654250,49634469,87288719,1,0,1,6656,8,10178964018
8011,37657831,49636700,87294531,0,0,1,9216,14,7818672557
8012,37660241,49638571,87298812,4,0,1,3584,5,463637630
8013,37664820,40254131,77918951,0,0,0,15872,14,2661504
8014,37668800,49642021,87310821,1,0,1,1536,8,8693327526
8015,37668959,40228262,77897221,9,0,0,124928,10,7532912984
8016,37669991,49645656,87315647,4,0,1,7680,5,3648337349
8017,37670041,49670187,87340228,7,0,1,25600,13,3294907922
8018,37671510,40630665,78302175,1,0,0,18944,8,2554724260
8019,37672570,49668324,87340894,1,0,1,1024,8,5357211881
8020,37676300,40402403,78078703,0,0,0,4608,14,7492498283
8021,37678191,40590336,78268527,3,0,0,49664,5,2390540945
8022,37681631,49661209,87342840,0,0,1,3072,14,9257795067
8023,37684161,49659985,87344146,0,0,1,2048,14,2951826379
8024,37688361,49658051,87346412,2,0,1,3584,18,2221044791
8025,37690990,40412386,78103376,1,0,0,15360,8,9096538295
8026,37691520,40320895,78012415,8,0,0,1024,13,577495657
8027,37695500,40765196,78460696,0,0,0,26624,14,8284785273
8028,37707331,49646909,87354240,0,0,1,7168,14,6301109677
8029,37711831,40272100,77983931,3,0,0,9728,5,7575914955
8030,37712080,49643146,87355226,6,0,1,1536,6,7468462144
8031,37713211,49643001,87356212,2,0,1,1536,18,8978128247
8032,37713910,49647128,87361038,6,0,1,7680,6,9516632182
8033,37714100,40293524,78007624,0,0,0,46080,14,618689384
8034,37717840,40721736,78439576,8,0,0,43008,13,1089281387
8035,37720369,40641789,78362158,9,0,0,16896,10,8428602761
8036,37724581,49640899,87365480,7,0,1,15872,13,10564291081
8037,37726040,49640746,87366786,6,0,1,2048,6,8616840517
8038,37727160,40792144,78519304,0,0,0,58880,14,10301519373
8039,37729520,49637612,87367132,5,0,1,512,0,10552491997
8040,37736780,40842926,78579706,1,0,0,12800,8,5625100198
8041,37745909,40488506,78234415,9,0,0,39936,10,8033858686
8042,37750280,41145165,78895445,7,0,0,209920,13,8592226789
8043,37752870,49618128,87370998,5,0,1,6144,0,3429096178
8044,37754591,41071266,78825857,3,0,0,142848,5,4694938468
8045,37756119,40863859,78619978,9,0,0,18944,10,210710164
8046,37763661,49612829,87376490,4,0,1,8704,5,7480716978
8047,37765521,40719943,78485464,3,0,0,52224,5,8100988356
8048,37766721,41282738,79049459,4,0,0,153088,5,384692910
8049,37766850,49657026,87423876,5,0,1,23040,0,9094012243
8050,37767999,40753512,78521511,9,0,0,7168,10,5079366603
8051,37770711,49653188,87423899,4,0,1,2560,5,10333863643
8052,37773691,40798957,78572648,3,0,0,23552,5,8346232775
8053,37779650,49645387,87425037,5,0,1,6656,0,9350296384
8054,37781900,49645158,87427058,5,0,1,7168,0,3626131415
8055,37784210,40606818,78391028,7,0,0,24576,13,8053440712
8056,37785901,40702394,78488295,4,0,0,9216,5,6622451998
8057,37786419,40490988,78277407,9,0,0,4096,10,8611372110
8058,37789010,49643233,87432243,5,0,1,16384,0,5331430909
8059,37790101,41125047,78915148,3,0,0,64512,5,8101685425
8060,37796121,49655699,87451820,0,0,1,4608,14,1704693463
8061,37797280,40651667,78448947,1,0,0,13312,8,2348542493
8062,37800061,49654025,87454086,0,0,1,3584,14,5285946388
8063,37801820,49653572,87455392,5,0,1,2048,0,8620192052
8064,37802781,40858269,78661050,3,0,0,20480,5,1030919412
8065,37805831,49650227,87456058,0,0,1,1024,14,9720042721
8066,37811150,41305187,79116337,0,0,0,153088,14,5435842310
8067,37812919,41164964,78977883,9,0,0,205824,10,9313468294
8068,37814951,49642093,87457044,2,0,1,1536,18,4710144804
8069,37816969,41164993,78981962,9,0,0,13312,10,2760017688
8070,37818070,49649494,87467564,6,0,1,5120,6,2836999485
8071,37820300,49647930,87468230,5,0,1,1024,0,5411864100
8072,37823220,49645356,87468576,5,0,1,512,0,8268163294
8073,37833241,49640481,87473722,0,0,1,8192,14,4916339450
8074,37838381,49636327,87474708,2,0,1,1536,18,2288655161
8075,37838600,41332867,79171467,8,0,0,136704,13,650297994
8076,37840931,49634763,87475694,2,0,1,1536,18,8255876366
8077,37842620,49633945,87476565,5,0,1,12288,0,9657184636
8078,37853921,49626830,87480751,2,0,1,6656,18,7290648644
8079,37855090,41335875,79190965,8,0,0,41984,13,7045338529
8080,37855181,40899605,78754786,3,0,0,25088,5,3320249179
8081,37857850,49623567,87481417,5,0,1,1024,0,10240739787
8082,37858380,49623383,87481763,5,0,1,512,0,10566462865
8083,37858501,41144245,79002746,4,0,0,48640,5,638615528
8084,37860511,49623198,87483709,2,0,1,3072,18,209549426
8085,37866181,41203473,79069654,3,0,0,66048,5,2624851387
8086,37866361,49617694,87484055,4,0,1,512,5,1876271591
8087,37868450,49616271,87484721,5,0,1,1024,0,8756956402
8088,37870561,49614506,87485067,0,0,1,512,14,7315995568
8089,37873419,41114461,78987880,9,0,0,18944,10,1993592962
8090,37874350,41255442,79129792,7,0,0,44032,13,10442698784
8091,37874821,49610592,87485413,0,0,1,512,14,6377437732
8092,37878141,49607618,87485759,0,0,1,512,14,5474777864
8093,37878671,41353887,79232558,4,0,0,97280,5,6561354163
8094,37881640,49604785,87486425,5,0,1,1024,0,5756670786
8095,37890361,49599316,87489677,4,0,1,5120,5,5669528789
8096,37891390,49610041,87501431,3,0,1,32256,5,3991067835
8097,37892120,49611257,87503377,1,0,1,3072,8,5943384019
8098,37908190,41265328,79173518,0,0,0,6656,14,10614835644
8099,37908251,49621594,87529845,7,0,1,19968,13,9076933564
8100,37909240,49621911,87531151,5,0,1,2048,0,6764056512
8101,37915320,41262784,79178104,8,0,0,14848,13,6384938302
8102,37917630,41343032,79260662,7,0,0,10752,13,8936320939
8103,37920841,49638123,87558964,7,0,1,11264,13,8632033742
8104,37923421,41413316,79336737,4,0,0,19456,5,5508349779
8105,37926150,49634760,87560910,5,0,1,3072,0,3354308546
8106,37928271,49633305,87561576,4,0,1,1024,5,5981174793
8107,37933151,49631331,87564482,0,0,1,4608,14,1127748210
8108,37934430,41446442,79380872,0,0,0,109056,14,3660303339
8109,37936090,49629378,87565468,1,0,1,1536,8,2488221887
8110,37936111,49631623,87567734,7,0,1,3584,13,5290370287
8111,37936590,49631490,87568080,5,0,1,512,0,10428548474
8112,37937181,41540541,79477722,4,0,0,99840,5,6712339086
8113,37941931,41364673,79306604,3,0,0,26624,5,7544262045
8114,37943731,49626935,87570666,2,0,1,4096,18,1940053630
8115,37947000,41599825,79546825,0,0,0,11776,14,4263526800
8116,37948311,49629034,87577345,2,0,1,4608,18,5158083002
8117,37948520,49629081,87577601,5,0,1,9216,0,4486964905
8118,37950571,49640979,87591550,7,0,1,31744,13,6075097715
8119,37952331,49681575,87633906,7,0,1,24576,13,10680468321
8120,37956081,49720816,87676897,2,0,1,512,18,7664352677
8121,37962829,41426802,79389631,9,0,0,28672,10,7456001531
8122,37964861,49738552,87703413,0,0,1,1024,14,9011756550
8123,37965201,49772954,87738155,4,0,1,9216,5,8207494989
8124,37971441,49767072,87738513,4,0,1,6144,5,312596035
8125,37971521,49767015,87738536,4,0,1,3584,5,10600384332
8126,37974310,41551144,79525454,1,0,0,52224,8,3772013905
8127,37974870,49763689,87738559,5,0,1,5120,0,7144410639
8128,37975170,41730224,79705394,8,0,0,512,13,5471522037
8129,37976041,49773050,87749091,7,0,1,22016,13,7050017174
8130,37981360,41344477,79325837,1,0,0,11264,8,1491851847
8131,37984030,41673683,79657713,8,0,0,67072,13,8469517468
8132,37985761,49765276,87751037,7,0,1,3072,13,1137367405
8133,37986251,49800623,87786874,0,0,1,12800,14,4484000687
8134,37996551,49817449,87814000,4,0,1,7680,5,2344883594
8135,38001660,49813966,87815626,5,0,1,2560,0,3641299869
8136,38003949,41476604,79480553,9,0,0,9216,10,10207813381
8137,38009741,49807511,87817252,4,0,1,2560,5,9083155629
8138,38026631,49792887,87819518,4,0,1,3584,5,3112945072
8139,38027041,49794743,87821784,2,0,1,3584,18,3140684993
8140,38029230,41714834,79744064,1,0,0,50688,8,4258942205
8141,38029701,41692647,79722348,3,0,0,6144,5,8736489841
8142,38030730,49791310,87822040,5,0,1,9216,0,2579516327
8143,38033710,41515946,79549656,8,0,0,9216,13,541592786
8144,38036970,41771072,79808042,0,0,0,70144,14,3925286298
8145,38037230,42070767,80107997,0,0,0,2560,14,6674538887
8146,38039741,49946984,87986725,7,0,1,82944,13,8417454048
8147,38043891,49947020,87990911,7,0,1,6656,13,8319074142
8148,38046891,49950952,87997843,2,0,1,2560,18,10665274819
8149,38047421,49954288,88001709,2,0,1,6144,18,6587100578
8150,38050901,49952434,88003335,2,0,1,2560,18,4396541188
8151,38054001,49950320,88004321,7,0,1,1536,13,3127969797
8152,38055921,49950986,88006907,4,0,1,4096,5,4223114888
8153,38056241,49951652,88007893,4,0,1,1536,5,4455542731
8154,38061431,41599425,79660856,3,0,0,10240,5,6942893257
8155,38061710,49965044,88026754,3,0,1,29696,5,4529096303
8156,38063920,49964898,88028818,1,0,1,1536,8,8758968090
8157,38066831,41694664,79761495,4,0,0,14848,5,2632138747
8158,38067430,41761859,79829289,8,0,0,69632,13,7044286307
8159,38072009,41459154,79531163,9,0,0,1024,10,9652650516
8160,38077500,49953584,88031084,2,0,1,3584,18,9747144244
8161,38077631,49954119,88031750,2,0,1,1024,18,3351259423
8162,38078220,49954810,88033030,6,0,1,14336,6,9614693520
8163,38083420,41934072,80017492,8,0,0,69632,13,8747744296
8164,38086261,41700386,79786647,4,0,0,9728,5,3919677903
8165,38087100,49956561,88043661,3,0,1,4608,5,5511629588
8166,38087909,41741746,79829655,9,0,0,1024,10,3631487973
8167,38090800,49977256,88068056,6,0,1,2048,6,4235760988
8168,38091091,49977311,88068402,2,0,1,512,18,3594876997
8169,38097961,49978173,88076134,7,0,1,12288,13,5097893202
8170,38105030,41823641,79928671,1,0,0,13312,8,7746091131
8171,38109211,49989297,88098508,7,0,1,6144,13,2784797556
8172,38111840,49986691,88098531,3,0,1,15360,5,6129408972
8173,38111891,49986663,88098554,2,0,1,512,18,539577217
8174,38111950,41884303,79996253,1,0,0,92672,8,2877788214
8175,38113560,49985017,88098577,1,0,1,512,8,1673007807
8176,38115491,49983109,88098600,2,0,1,2048,18,4229731743
8177,38122670,41822695,79945365,8,0,0,43008,13,8897292465
8178,38125801,41899834,80025635,4,0,0,26624,5,1733564282
8179,38129031,41778231,79907262,3,0,0,21504,5,7002805270
8180,38132350,49975708,88108058,1,0,1,512,8,779246357
8181,38133080,49975644,88108724,5,0,1,1024,0,7044639608
8182,38138221,49970849,88109070,7,0,1,512,13,416549349
8183,38138540,49977770,88116310,1,0,1,22528,8,10131899249
8184,38141081,41921591,80062672,4,0,0,47616,5,9839009911
8185,38141981,41814951,79956932,4,0,0,37888,5,4737694183
8186,38145861,49971435,88117296,4,0,1,1536,5,5688407090
8187,38146881,49973001,88119882,4,0,1,4096,5,1987874129
8188,38149171,42008076,80157247,3,0,0,37888,5,4779246512
8189,38150820,49969728,88120548,1,0,1,1024,8,7557751467
8190,38151390,49969824,88121214,2,0,1,1024,18,7803295197
8191,38153871,49968182,88122053,7,0,1,1024,13,9082491409
8192,38154990,49967236,88122226,5,0,1,512,0,3490334456
8193,38161369,41868189,80029558,9,0,0,12800,10,10473691617
8194,38162979,41994759,80157738,9,0,0,1536,10,1043611790
8195,38165841,49958331,88124172,7,0,1,3072,13,8610008336
8196,38169800,49957598,88127398,1,0,1,5120,8,6461189715
8197,38173001,41860020,80033021,3,0,0,11264,5,5942139987
8198,38173040,49955344,88128384,5,0,1,1536,0,9340945459
8199,38176731,49952319,88129050,7,0,1,1024,13,9769931839
8200,38177240,49956432,88133672,3,0,1,18944,5,806396853
8201,38178780,41897799,80076579,8,0,0,45568,13,10085625091
8202,38181921,50013820,88195741,7,0,1,15872,13,192562744
8203,38182090,50156180,88338270,3,0,1,101888,5,6807507811
8204,38184951,41986114,80171065,4,0,0,24576,5,6363711832
8205,38185441,50251122,88436563,7,0,1,2560,13,2792944953
8206,38186960,50249626,88436586,5,0,1,1024,0,10017347855
8207,38187960,50248649,88436609,5,0,1,1024,0,3146129465
8208,38190200,50246432,88436632,1,0,1,5120,8,3576303052
8209,38190620,50298630,88489250,5,0,1,7680,0,3127946697
8210,38206400,50290103,88496503,5,0,1,5120,0,5989365935
8211,38208570,42045776,80254346,0,0,0,35840,14,2996669497
8212,38211350,50285176,88496526,2,0,1,512,18,4780392487
8213,38218851,50296803,88515654,4,0,1,12288,5,3532058704
8214,38220360,42023043,80243403,0,0,0,27136,14,312758956
8215,38223841,50296852,88520693,4,0,1,8192,5,4550470873
8216,38224430,50306474,88530904,1,0,1,16384,8,7565766326
8217,38241010,42333099,80574109,0,0,0,4608,14,3785760501
8218,38241950,50355493,88597443,3,0,1,19456,5,5658570805
8219,38244529,42167126,80411655,9,0,0,61952,10,1082102423
8220,38245531,42132998,80378529,4,0,0,24576,5,6947292079
8221,38251570,50354196,88605766,2,0,1,512,18,7549317553
8222,38253900,50400117,88654017,3,0,1,55296,5,1621896439
8223,38259710,50395616,88655326,5,0,1,11776,0,2636752276
8224,38268191,42273931,80542122,3,0,0,67584,5,7209474985
8225,38268719,42170724,80439443,9,0,0,25600,10,3162454870
8226,38269631,42123117,80392748,3,0,0,46592,5,9003195160
8227,38275811,50380280,88656091,2,0,1,2048,18,1922645212
8228,38285750,42340072,80625822,1,0,0,16384,8,9662912955
8229,38286051,42815492,81101543,3,0,0,31232,5,3912396023
8230,38294300,50395405,88689705,2,0,1,6144,18,4607095566
8231,38304670,42109356,80414026,0,0,0,7680,14,2318611473
8232,38306370,42567859,80874229,8,0,0,103424,13,1066359202
8233,38307050,42149745,80456795,1,0,0,8704,8,6833185089
8234,38312120,50925098,89237218,3,0,1,296960,5,5190513057
8235,38317340,50920080,89237420,5,0,1,7168,0,4884659342
8236,38317750,50919693,89237443,5,0,1,14336,0,7351516150
8237,38321670,42261521,80583191,1,0,0,23040,8,7406233417
8238,38331710,50905935,89237645,5,0,1,5120,0,7550975769
8239,38332500,50907687,89240187,5,0,1,3584,0,6054092222
8240,38333441,42936106,81269547,3,0,0,35840,5,7150727863
8241,38333930,42431566,80765496,8,0,0,29184,13,1883765636
8242,38339231,42560174,80899405,4,0,0,34816,5,4991871896
8243,38341660,43085477,81427137,1,0,0,289792,8,8717364000
8244,38341779,42654957,80996736,9,0,0,55296,10,7630340210
8245,38342100,50898110,89240210,5,0,1,2560,0,8309916887
8246,38342400,50898792,89241192,3,0,1,16896,5,4866465747
8247,38345331,50932534,89277865,2,0,1,3584,18,6425222046
8248,38349351,50930140,89279491,4,0,1,2560,5,7465974633
8249,38350451,42741553,81092004,3,0,0,127488,5,10115471739
8250,38352581,42750077,81102658,4,0,0,3584,5,4108613804
8251,38357380,43134837,81492217,8,0,0,60928,13,3361578179
8252,38370670,42768280,81138950,1,0,0,11264,8,566853049
8253,38373159,42738570,81111729,9,0,0,29696,10,738820941
8254,38373191,42383390,80756581,3,0,0,39936,5,6982444965
8255,38377781,42459275,80837056,3,0,0,11264,5,3500645090
8256,38381850,42671287,81053137,8,0,0,17408,13,6950754432
8257,38385280,51060527,89445807,3,0,1,166912,5,9160929962
8258,38388090,42379613,80767703,0,0,0,7168,14,10442629411
8259,38388231,51076195,89464426,2,0,1,2560,18,2881629797
8260,38390730,42810326,81201056,0,0,0,49664,14,5450064744
8261,38401140,42605002,81006142,1,0,0,30720,8,2083163455
8262,38406989,42904173,81311162,9,0,0,36864,10,10417853039
8263,38409420,42638390,81047810,8,0,0,98304,13,7504398556
8264,38409600,51055594,89465194,5,0,1,11776,0,698855627
8265,38428771,51053461,89482232,2,0,1,7168,18,282399130
8266,38430281,51055817,89486098,2,0,1,6144,18,10065011444
8267,38431890,42703605,81135495,8,0,0,47104,13,6637724431
8268,38442851,51058658,89501509,4,0,1,6656,5,2931866941
8269,38450401,51054654,89505055,4,0,1,5632,5,7017810220
8270,38451560,51057041,89508601,5,0,1,5632,0,10343855432
8271,38455570,42665550,81121120,0,0,0,30720,14,8512208349
8272,38456321,51057426,89513747,2,0,1,8192,18,102445515
8273,38460480,51068056,89528536,5,0,1,3584,0,3296558592
8274,38461171,51082301,89543472,2,0,1,512,18,7891428746
8275,38463291,51092488,89555779,2,0,1,7168,18,1098020786
8276,38466911,51088891,89555802,2,0,1,8192,18,4887623982
8277,38467030,51088795,89555825,5,0,1,2048,0,9609765655
8278,38474959,42737636,81212595,9,0,0,10240,10,463510251
8279,38476590,43036811,81513401,8,0,0,58880,13,4277443698
8280,38479090,42832251,81311341,8,0,0,512,13,497375419
8281,38484770,51109329,89594099,3,0,1,69120,5,2800016629
8282,38486731,51111856,89598587,2,0,1,4096,18,3841059827
8283,38499759,42931792,81431551,9,0,0,14336,10,9892841208
8284,38507330,43026093,81533423,8,0,0,9216,13,10076260572
8285,38509740,43041821,81551561,0,0,0,16384,14,414740085
8286,38509760,51094523,89604283,5,0,1,13824,0,4181184190
8287,38510690,42962940,81473630,8,0,0,84480,13,7019064121
8288,38522070,42747656,81269726,0,0,0,512,14,6346255423
8289,38523540,43007044,81530584,8,0,0,56320,13,1414519465
8290,38528780,51103426,89632206,5,0,1,512,0,3635449419
8291,38538901,51096851,89635752,4,0,1,5632,5,961167145
8292,38543970,42902314,81446284,8,0,0,48128,13,5071246128
8293,38569221,51087627,89656848,4,0,1,1024,5,2031099420
8294,38573561,51083633,89657194,4,0,1,512,5,6466814000
8295,38576069,42918667,81494736,9,0,0,8192,10,8126253156
8296,38597599,43104524,81702123,9,0,0,76800,10,1068696694
8297,38600390,42894697,81495087,0,0,0,1024,14,7789723285
8298,38602481,51056019,89658500,4,0,1,2048,5,749735776
8299,38603840,42891590,81495430,0,0,0,1024,14,9533973581
8300,38606210,43030233,81636443,1,0,0,61952,8,5019996179
8301,38634690,42923643,81558333,1,0,0,17408,8,3389783528
8302,38635600,43004922,81640522,1,0,0,13312,8,3920867303
8303,38647061,51032346,89679407,4,0,1,1536,5,1462399105
8304,38660401,42787466,81447867,4,0,0,5120,5,586324503
8305,38661689,43017011,81678700,9,0,0,68608,10,7895173215
8306,38663460,51017253,89680713,5,0,1,2048,0,7692143241
8307,38674271,51008068,89682339,2,0,1,2560,18,6135464966
8308,38675680,51016110,89691790,3,0,1,14336,5,6030986729
8309,38682611,51009202,89691813,4,0,1,2048,5,8332708350
8310,38686131,51005705,89691836,4,0,1,1536,5,7505414511
8311,38686530,43022480,81709010,8,0,0,22528,13,4784207422
8312,38689940,51146634,89836574,3,0,1,66560,5,8102916936
8313,38691950,43176560,81868510,8,0,0,84992,13,90804919
8314,38693510,51449982,90143492,3,0,1,44544,5,8849603688
8315,38699190,43118890,81818080,0,0,0,1024,14,4926394490
8316,38705619,43371061,82076680,9,0,0,39424,10,3729307510
8317,38714209,42997944,81712153,9,0,0,10240,10,4873894058
8318,38721690,51454840,90176530,3,0,1,22016,5,2558936665
8319,38728870,43008696,81737566,1,0,0,19968,8,1660584247
8320,38733560,42979396,81712956,0,0,0,2560,14,3653549267
8321,38734890,43175924,81910814,1,0,0,16384,8,303368854
8322,38739749,43165912,81905661,9,0,0,121856,10,9477849240
8323,38751369,43045724,81797093,9,0,0,1024,10,4909630877
8324,38756430,43195094,81951524,1,0,0,51200,8,6503272156
8325,38772801,51403752,90176553,4,0,1,2560,5,8485187849
8326,38774149,43190740,81964889,9,0,0,512,10,5519639932
8327,38786551,43600616,82387167,4,0,0,32256,5,1907955380
8328,38792850,43524465,82317315,8,0,0,73728,13,8754008761
8329,38799081,51377495,90176576,4,0,1,6656,5,2059626048
8330,38803740,43026543,81830283,1,0,0,11776,8,6972272908
8331,38809660,43142043,81951703,0,0,0,512,14,3095996048
8332,38818760,43258255,82077015,0,0,0,1024,14,9890917280
8333,38823829,43136633,81960462,9,0,0,28672,10,7687571093
8334,38831900,43171021,82002921,8,0,0,68096,13,5376205830
8335,38843671,43429624,82273295,4,0,0,6144,5,842771813
8336,38844180,43282865,82127045,1,0,0,110080,8,2160820639
8337,38849020,43736495,82585515,8,0,0,14336,13,2823095192
8338,38849529,43288771,82138300,9,0,0,36864,10,1080722595
8339,38863251,43281780,82145031,4,0,0,9216,5,3105173035
8340,38871960,43334375,82206335,1,0,0,11264,8,8059115346
8341,38873259,43316312,82189571,9,0,0,6656,10,9516567868
8342,38875879,43648683,82524562,9,0,0,85504,10,7504411162
8343,38876530,43613566,82490096,8,0,0,103936,13,1593990336
8344,38877099,43459899,82336998,9,0,0,14336,10,6499977195
8345,38879390,43618918,82498308,8,0,0,16896,13,8020158515
8346,38904050,43265353,82169403,0,0,0,512,14,10298291436
8347,38904940,43251539,82156479,1,0,0,4096,8,6924100856
8348,38913101,44017953,82931054,4,0,0,105472,5,101883407
8349,38918511,43100216,82018727,4,0,0,9728,5,6722059617
8350,38926210,43685792,82612002,1,0,0,70144,8,2032280812
8351,38943229,43515153,82458382,9,0,0,84480,10,10258737502
8352,38944741,43135880,82080621,4,0,0,5632,5,9979595300
8353,38950640,43437330,82387970,0,0,0,2560,14,10121602929
8354,38969030,43443393,82412423,1,0,0,11776,8,9777171158
8355,38971561,43323267,82294828,4,0,0,40960,5,94512526
8356,39001860,43315946,82317806,8,0,0,1536,13,1615998909
8357,39024120,43378574,82402694,1,0,0,1024,8,449950539
8358,39040610,43190383,82230993,0,0,0,512,14,9541944580
8359,39041410,43488404,82529814,8,0,0,6656,13,10612421215
8360,39058421,51148228,90206649,0,0,1,6656,14,8208389331
8361,39065760,43546437,82612197,1,0,0,512,8,5570850373
8362,39066191,51140481,90206672,0,0,1,3584,14,4076233969
8363,39075021,43505924,82580945,4,0,0,96256,5,393374563
8364,39078779,43414312,82493091,9,0,0,9728,10,2793259890
8365,39081510,43499614,82581124,1,0,0,512,8,4488730342
8366,39087170,43725192,82812362,8,0,0,23552,13,942821413
8367,39098661,51125804,90224465,7,0,1,6656,13,4694281940
8368,39113351,43477179,82590530,4,0,0,16384,5,9355862173
8369,39115101,51110670,90225771,7,0,1,2048,13,4783573967
8370,39124720,43581244,82705964,8,0,0,8192,13,3017971027
8371,39134870,43363617,82498487,1,0,0,512,8,7592345069
8372,39139069,43861742,83000811,9,0,0,38912,10,10124924000
8373,39154399,43901232,83055631,9,0,0,59392,10,8048244949
8374,39158270,51069127,90227397,5,0,1,2560,0,2036846796
8375,39158639,43740256,82898895,9,0,0,163328,10,2525179385
8376,39163770,43488888,82652658,1,0,0,512,8,8015955928
8377,39169770,43533032,82702802,8,0,0,27136,13,9427751023
8378,39172189,43541743,82713932,9,0,0,20992,10,7501839878
8379,39176721,51084240,90260961,7,0,1,2048,13,2103303523
8380,39177329,44041307,83218636,9,0,0,115200,10,4026618099
8381,39184459,43841982,83026441,9,0,0,27648,10,9914666790
8382,39210120,43570249,82780369,8,0,0,29184,13,5176056252
8383,39213441,43955766,83169207,4,0,0,97280,5,6108592088
8384,39214050,43470855,82684905,1,0,0,1536,8,8696130563
8385,39214910,51127574,90342484,9,0,1,72704,10,4277875577
8386,39219840,43806780,83026620,1,0,0,512,8,1304404028
8387,39224270,51123706,90347976,6,0,1,8704,6,7552720689
8388,39229830,43507083,82736913,8,0,0,20992,13,1128581619
8389,39235340,43471512,82706852,1,0,0,1024,8,7415363663
8390,39238760,43842722,83081482,0,0,0,1024,14,3794190444
8391,39239051,51123531,90362582,0,0,1,2048,14,2878996962
8392,39254590,43678584,82933174,1,0,0,1536,8,3074633709
8393,39259050,43672518,82931568,0,0,0,1024,14,8739719976
8394,39266331,51096274,90362605,4,0,1,5632,5,8802873946
8395,39267450,43665233,82932683,1,0,0,3584,8,1464383426
8396,39285781,51076847,90362628,7,0,1,2560,13,3441992775
8397,39296901,43731770,83028671,4,0,0,6656,5,2218125422
8398,39305230,43626003,82931233,1,0,0,512,8,2906571422
8399,39316861,43750244,83067105,4,0,0,18432,5,1215372670
8400,39319451,43918565,83238016,4,0,0,22528,5,2160114802
8401,39322441,43800295,83122736,4,0,0,130048,5,8105714680
8402,39326511,51036140,90362651,7,0,1,1536,13,244954588
8403,39334451,51028223,90362674,7,0,1,1536,13,9020994466
8404,39337981,43680013,83017994,4,0,0,56320,5,9749444162
8405,39341420,43828168,83169588,0,0,0,1024,14,3818396173
8406,39342981,51019716,90362697,7,0,1,1024,13,10156837096
8407,39347441,43730320,83077761,4,0,0,12800,5,8313824673
8408,39347840,43832582,83180422,8,0,0,7168,13,5853281468
8409,39375611,50987109,90362720,7,0,1,512,13,2142300443
8410,39384991,50977752,90362743,7,0,1,2560,13,1843374295
8411,39387060,43872394,83259454,1,0,0,1024,8,7896004249
8412,39397001,50965765,90362766,7,0,1,512,13,4370838778
8413,39399230,43723864,83123094,0,0,0,512,14,6270756167
8414,39401591,50963004,90364595,7,0,1,16384,13,10305295854
8415,39405350,43717923,83123273,0,0,0,512,14,9173314861
8416,39413120,43709795,83122915,1,0,0,512,8,4065531125
8417,39420851,50994645,90415496,7,0,1,23040,13,7195821330
8418,39428919,43710625,83139544,9,0,0,10240,10,10076260038
8419,39434031,50982131,90416162,7,0,1,11264,13,5471834275
8420,39444571,50973537,90418108,7,0,1,3072,13,9122484299
8421,39456221,50969939,90426160,7,0,1,12800,13,568002002
8422,39460441,50967665,90428106,0,0,1,3072,14,4601886911
8423,39467341,50963351,90430692,7,0,1,4096,13,6010138935
8424,39469470,43851394,83320864,8,0,0,19968,13,196173715
8425,39471110,43931778,83402888,8,0,0,1024,13,3666061996
8426,39478830,43845305,83324135,0,0,0,1536,14,505289482
8427,39481839,44013465,83495304,9,0,0,110080,10,4282062256
8428,39486231,50946727,90432958,0,0,1,3584,14,2624355261
8429,39501961,50935091,90437052,7,0,1,1024,13,8700210556
8430,39503751,50936847,90440598,0,0,1,5632,14,7838013089
8431,39507129,43787551,83294680,9,0,0,4608,10,3652658828
8432,39513380,43757031,83270411,8,0,0,512,13,1460725477
8433,39513490,43778767,83292257,1,0,0,512,8,3234340833
8434,39514040,43982246,83496286,0,0,0,1536,14,9617226508
8435,39522230,50949864,90472094,6,0,1,2560,6,104664119
8436,39527210,43996339,83523549,0,0,0,1024,14,2785158762
8437,39534040,43873108,83407148,0,0,0,512,14,4519842382
8438,39534061,50941259,90475320,0,0,1,5120,14,5177415114
8439,39537840,43874928,83412768,8,0,0,512,13,9563498706
8440,39549941,50925725,90475666,0,0,1,512,14,5033314659
8441,39550411,44054824,83605235,4,0,0,127488,5,8377971697
8442,39551891,50925721,90477612,0,0,1,3072,14,2398940374
8443,39559121,50919055,90478176,7,0,1,10752,13,10708014941
8444,39562160,43831264,83393424,0,0,0,2560,14,2401150
8445,39564960,50984411,90549371,6,0,1,5120,6,9104849556
8446,39569371,50983866,90553237,7,0,1,6144,13,1310856229
8447,39574520,43769310,83343830,8,0,0,512,13,4971962983
8448,39598540,43898751,83497291,0,0,0,1024,14,4763184330
8449,39605841,50969149,90574990,7,0,1,1024,13,1417300446
8450,39610430,43886503,83496933,8,0,0,2048,13,6730347891
8451,39611430,43884365,83495795,0,0,0,1536,14,4471820463
8452,39612500,50965076,90577576,6,0,1,4096,6,4845049807
8453,39613491,50979127,90592618,7,0,1,3072,13,3089718053
8454,39616360,43989210,83605570,1,0,0,1024,8,7970119811
8455,39625361,43981728,83607089,4,0,0,2560,5,4676946802
8456,39628509,43990954,83619463,9,0,0,13312,10,9324184229
8457,39628600,43977484,83606084,8,0,0,1536,13,7109571478
8458,39634100,43863526,83497626,0,0,0,1024,14,9889799394
8459,39634189,44073647,83707836,9,0,0,14336,10,2559783680
8460,39649960,44002405,83652365,8,0,0,1536,13,3926784350
8461,39659041,50963887,90622928,7,0,1,9216,13,3378654738
8462,39659920,43985481,83645401,0,0,0,1536,14,2949227181
8463,39661270,43958840,83620110,0,0,0,2048,14,7567827225
8464,39666400,43969612,83636012,8,0,0,1536,13,9229162183
8465,39675080,43932352,83607432,0,0,0,1024,14,10333814235
8466,39676810,50949344,90626154,6,0,1,5120,6,6184154129
8467,39680030,44001497,83681527,1,0,0,512,8,6226370366
8468,39691580,43914683,83606263,0,0,0,512,14,2300395166
8469,39693231,44047305,83740536,4,0,0,10752,5,6602424325
8470,39695361,50931139,90626500,7,0,1,512,13,10172832396
8471,39714561,50914845,90629406,0,0,1,4608,14,5617201171
8472,39721850,43918787,83640637,1,0,0,1024,8,4682284199
8473,39722860,50907532,90630392,6,0,1,1536,6,4938715284
8474,39723400,43925548,83648948,0,0,0,512,14,151225224
8475,39731631,50899747,90631378,0,0,1,1536,14,3434836720
8476,39742269,44343578,84085847,9,0,0,10752,10,81721488
8477,39742580,44351290,84093870,1,0,0,1536,8,1232146472
8478,39750880,50882444,90633324,6,0,1,3072,6,9234837733
8479,39751930,43929362,83681292,1,0,0,512,8,1284533991
8480,39761760,44114420,83876180,1,0,0,1536,8,8186928140
8481,39762681,50874509,90637190,0,0,1,6144,14,8866512941
8482,39773319,44194130,83967449,9,0,0,36352,10,5675742054
8483,39789889,44280578,84070467,9,0,0,144896,10,505077785
8484,39792740,43933780,83726520,1,0,0,512,8,4011938018
8485,39793760,50845696,90639456,6,0,1,3584,6,2715429394
8486,39798979,44377604,84176583,9,0,0,16384,10,2831594857
8487,39799870,44148623,83948493,1,0,0,1536,8,5459107880
8488,39812081,44382956,84195037,4,0,0,512,5,3858873643
8489,39812460,43972580,83785040,1,0,0,512,8,10203209855
8490,39812800,50831162,90643962,6,0,1,7168,6,2346225423
8491,39820781,44205492,84026273,4,0,0,68096,5,6396999992
8492,39822249,44867265,84689514,9,0,0,43520,10,6637026076
8493,39833480,44150592,83984072,8,0,0,512,13,5289994513
8494,39834031,44248338,84082369,4,0,0,38912,5,3408539151
8495,39837210,44304822,84142032,8,0,0,2048,13,8783447366
8496,39838790,43925904,83764694,8,0,0,512,13,1118388018
8497,39847140,44387259,84234399,1,0,0,512,8,6321681560
8498,39860170,50784048,90644218,6,0,1,9216,6,2884576866
8499,39860229,44655806,84516035,9,0,0,27136,10,10278989082
8500,39862070,44072330,83934400,1,0,0,512,8,5284174047
8501,39862749,44472323,84335072,9,0,0,94208,10,8741895366
8502,39873451,44982351,84855802,4,0,0,70144,5,3199376594
8503,39882480,43900527,83783007,1,0,0,512,8,5210884803
8504,39886430,50826586,90713016,6,0,1,5632,6,6582110366
8505,39888660,44049373,83938033,1,0,0,1536,8,8801515449
8506,39895280,50827165,90722445,6,0,1,2560,6,5638532403
8507,39907850,44029622,83937472,0,0,0,512,14,6928076526
8508,39920860,44161688,84082548,8,0,0,512,13,6693545698
8509,39935919,44406048,84341967,9,0,0,22528,10,10352483519
8510,39935920,50786548,90722468,6,0,1,5632,6,3624127358
8511,39950429,44355916,84306345,9,0,0,54272,10,6655617509
8512,39953380,43909678,83863058,0,0,0,512,14,4870981328
8513,39954959,44251083,84206042,9,0,0,23552,10,555842237
8514,39958980,50763511,90722491,6,0,1,4096,6,5651543911
8515,39959061,50766136,90725197,2,0,1,512,18,10543699895
8516,39963230,50761990,90725220,6,0,1,10752,6,3283270572
8517,39965091,44206477,84171568,4,0,0,96768,5,405947927
8518,39972111,50753132,90725243,7,0,1,6144,13,742390164
8519,39975581,44219277,84194858,4,0,0,59904,5,2658062014
8520,39977941,44220902,84198843,4,0,0,12288,5,6450350740
8521,39979120,44372435,84351555,0,0,0,512,14,10174472209
8522,39979791,50748270,90728061,2,0,1,7168,18,1815862885
8523,39980841,50769974,90750815,2,0,1,5120,18,9844425400
8524,39988780,44389797,84378577,0,0,0,512,14,3918609244
8525,39992670,50758168,90750838,6,0,1,5120,6,8306974532
8526,39994489,44513163,84507652,9,0,0,181760,10,8021517390
8527,39998331,50752530,90750861,4,0,1,1536,5,4608442021
8528,40000501,50750383,90750884,7,0,1,3584,13,1270880856
8529,40007381,50743826,90751207,7,0,1,4096,13,2277723304
8530,40012519,44762720,84775239,9,0,0,82432,10,4876331358
8531,40015889,44681026,84696915,9,0,0,20992,10,1128632632
8532,40018121,50737743,90755864,7,0,1,7168,13,4000902801
8533,40022341,50734189,90756530,2,0,1,1024,18,4284780134
8534,40025391,50731485,90756876,4,0,1,512,5,1054998968
8535,40029260,50793098,90822358,9,0,1,26624,10,2577656145
8536,40031631,44644600,84676231,3,0,0,140800,5,452560029
8537,40037670,50788554,90826224,6,0,1,6144,6,4254918115
8538,40039061,50792309,90831370,7,0,1,8192,13,1110827077
8539,40042740,44395882,84438622,1,0,0,1024,8,9885942556
8540,40048801,50783645,90832446,4,0,1,13312,5,2173013310
8541,40054861,50851423,90906284,2,0,1,18944,18,2512424442
8542,40056641,50915719,90972360,7,0,1,8704,13,9627419842
8543,40057981,44878652,84936633,4,0,0,116736,5,10666622989
8544,40060560,44550200,84610760,8,0,0,512,13,6775064709
8545,40062891,50927544,90990435,2,0,1,13824,18,4364511992
8546,40063451,50927330,90990781,7,0,1,512,13,6356678376
8547,40069601,50923766,90993367,7,0,1,4096,13,8091918336
8548,40069779,44489978,84559757,9,0,0,31744,10,7754690112
8549,40071481,50974659,91046140,2,0,1,3072,18,2022811438
8550,40071601,44678118,84749719,4,0,0,8704,5,5120897487
8551,40076620,44439976,84516596,1,0,0,512,8,7826617944
8552,40084471,51045180,91129651,2,0,1,1536,18,2500712078
8553,40086050,51043624,91129674,8,0,1,1536,13,1504531499
8554,40087971,51041726,91129697,2,0,1,1536,18,6512454827
8555,40088050,44601799,84689849,0,0,0,1024,14,771619711
8556,40088281,51041439,91129720,2,0,1,9216,18,6624956284
8557,40089411,51061478,91150889,4,0,1,8192,5,3304136078
8558,40091230,51059682,91150912,6,0,1,9728,6,5773967711
8559,40091691,51097109,91188800,7,0,1,3584,13,4804833187
8560,40096000,51094708,91190708,6,0,1,1024,6,2244126967
8561,40103750,44412620,84516370,1,0,0,1024,8,8164912884
8562,40119090,51081437,91200527,6,0,1,3072,6,9954021994
8563,40123281,44840519,84963800,4,0,0,89088,5,9162983204
8564,40132930,44564164,84697094,0,0,0,512,14,8582876742
8565,40140031,51060519,91200550,4,0,1,1536,5,9188362321
8566,40143780,44553874,84697654,0,0,0,512,14,3025613711
8567,40151080,44473387,84624467,1,0,0,1024,8,5850461308
8568,40155559,44451240,84606799,9,0,0,5120,10,10385958213
8569,40159701,51043198,91202899,4,0,1,8192,5,8024743458
8570,40160841,44837692,84998533,4,0,0,73728,5,10099731138
8571,40166060,51041078,91207138,6,0,1,5120,6,6782572042
8572,40177141,51034476,91211617,4,0,1,8704,5,8305959862
8573,40184751,51031733,91216484,7,0,1,1024,13,1900527283
8574,40184851,51033259,91218110,4,0,1,2560,5,6771555399
8575,40188401,51032615,91221016,4,0,1,4608,5,5994544248
8576,40199250,44498225,84697475,1,0,0,1024,8,6130095286
8577,40203581,51021941,91225522,4,0,1,7168,5,206451313
8578,40207750,44514678,84722428,8,0,0,1536,13,10146498608
8579,40210090,51016098,91226188,5,0,1,11264,0,1289093572
8580,40215510,51011664,91227174,5,0,1,1536,0,9828835665
8581,40225981,51004739,91230720,7,0,1,5632,13,4184965223
8582,40227411,44557835,84785246,4,0,0,32768,5,5254556520
8583,40227549,44748489,84976038,9,0,0,38400,10,9503432916
8584,40228561,51011971,91240532,7,0,1,4608,13,10112826505
8585,40229670,51053134,91282804,5,0,1,512,0,1051065206
8586,40232230,51050776,91283006,6,0,1,3072,6,4080559144
8587,40238600,44560145,84798745,1,0,0,1024,8,5699352494
8588,40243861,51039168,91283029,7,0,1,512,13,3339136274
8589,40255011,51028041,91283052,2,0,1,4096,18,7610104116
8590,40255971,51027104,91283075,7,0,1,3072,13,321615985
8591,40261710,51021396,91283106,5,0,1,4096,0,4502247136
8592,40262480,51021296,91283776,6,0,1,7168,6,3902496857
8593,40267330,51032554,91299884,5,0,1,5120,0,8877431535
8594,40267441,44631972,84899413,4,0,0,53248,5,1918317972
8595,40268521,45066740,85335261,4,0,0,164352,5,6209584398
8596,40273699,44777492,85051191,9,0,0,58880,10,8562961900
8597,40277990,44412506,84690496,8,0,0,2048,13,8526825129
8598,40280891,44721118,85002009,4,0,0,2048,5,1881416700
8599,40283820,51016935,91300755,5,0,1,12288,0,10583508213
8600,40294530,51018143,91312673,6,0,1,3584,6,9694787822
8601,40299781,44416380,84716161,4,0,0,512,5,3121052138
8602,40307271,44548710,84855981,4,0,0,512,5,5553718376
8603,40312950,44430133,84743083,1,0,0,2048,8,2009868020
8604,40316181,44689760,85005941,4,0,0,1024,5,963845177
8605,40317411,50996568,91313979,7,0,1,2048,13,5317725421
8606,40324661,51037752,91362413,2,0,1,1536,18,2580540307
8607,40340950,44623349,84964299,1,0,0,1536,8,1860865265
8608,40341930,44764740,85106670,1,0,0,512,8,9393669927
8609,40346630,44797904,85144534,1,0,0,512,8,3208295405
8610,40350810,44651938,85002748,1,0,0,2048,8,2013231623
8611,40360891,51026902,91387793,7,0,1,3584,13,1490161364
8612,40362191,51025625,91387816,2,0,1,6656,18,1658093125
8613,40370930,51016909,91387839,6,0,1,1536,6,4470738575
8614,40377000,51010862,91387862,6,0,1,1024,6,3632258983
8615,40380031,51007854,91387885,2,0,1,4608,18,2077077971
8616,40383021,51004887,91387908,7,0,1,512,13,313780004
8617,40384469,44516527,84900996,9,0,0,5120,10,8952290627
8618,40390890,44607822,84998712,8,0,0,512,13,2454125273
8619,40395900,44605393,85001293,1,0,0,512,8,4159107740
8620,40396681,44394921,84791602,4,0,0,1024,5,951159559
8621,40411969,44588794,85000763,9,0,0,6656,10,1700264263
8622,40413371,50974560,91387931,7,0,1,2048,13,2393601959
8623,40419470,50968484,91387954,6,0,1,5632,6,5470028430
8624,40420590,50995606,91416196,6,0,1,9728,6,5253267598
8625,40440400,44672178,85112578,1,0,0,1536,8,8071987052
8626,40443040,44558058,85001098,1,0,0,1024,8,2369551445
8627,40443521,50972698,91416219,7,0,1,2048,13,368403833
8628,40445621,50970621,91416242,2,0,1,1536,18,9289326302
8629,40447341,44764430,85211771,4,0,0,1024,5,10059447906
8630,40449721,44885875,85335596,4,0,0,1024,5,1086389799
8631,40450221,50966618,91416839,2,0,1,2560,18,3030343793
8632,40458780,44544170,85002950,8,0,0,512,13,9293452448
8633,40465400,50953065,91418465,6,0,1,2560,6,5914383915
8634,40493041,44610408,85103449,4,0,0,1024,5,3625157124
8635,40494111,50940785,91434896,7,0,1,24064,13,4353422187
8636,40507201,51008564,91515765,7,0,1,10752,13,2515997352
8637,40512681,51046310,91558991,2,0,1,1024,18,3063737402
8638,40521210,51038127,91559337,1,0,1,512,8,4669707800
8639,40529940,51029743,91559683,6,0,1,512,6,7979401733
8640,40536920,44799034,85335954,1,0,0,512,8,9120151102
8641,40536961,44590537,85127498,4,0,0,1024,5,844766390
8642,40540120,51097284,91637404,6,0,1,6656,6,6375423424
8643,40548961,51120418,91669379,7,0,1,512,13,9051487359
8644,40560020,44608110,85168130,8,0,0,512,13,4718593799
8645,40560541,51108861,91669402,7,0,1,1024,13,8750968717
8646,40567921,51163375,91731296,7,0,1,17408,13,9422913988
8647,40577230,51170550,91747780,6,0,1,7168,6,3183350222
8648,40581110,51210495,91791605,6,0,1,11776,6,10356656981
8649,40584550,51208661,91793211,6,0,1,5120,6,2838132689
8650,40596111,44539693,85135804,4,0,0,1024,5,9170619248
8651,40596141,44524669,85120810,4,0,0,512,5,2611031104
8652,40598000,51362562,91960562,9,0,1,81920,10,559939750
8653,40605480,51370502,91975982,6,0,1,4608,6,1869030215
8654,40608160,51394180,92002340,6,0,1,21504,6,5106824940
8655,40608791,51400004,92008795,2,0,1,1024,18,80149121
8656,40614959,44607108,85222067,9,0,0,512,10,3008780047
8657,40616780,44513435,85130215,8,0,0,2048,13,8089440009
8658,40621499,44524571,85146070,9,0,0,512,10,5303625456
8659,40622250,51410176,92032426,3,0,1,24064,5,8681410962
8660,40627979,44582856,85210835,9,0,0,1536,10,8415637286
8661,40637690,44577153,85214843,8,0,0,1024,13,9007257197
8662,40638321,51394128,92032449,7,0,1,3584,13,2154006250
8663,40650170,51511269,92161439,9,0,1,67584,10,4734050297
8664,40656899,44678876,85335775,9,0,0,512,10,1034687327
8665,40659781,51527469,92187250,7,0,1,9216,13,3084023500
8666,40662861,51531927,92194788,7,0,1,1536,13,8293456876
8667,40670700,51527954,92198654,6,0,1,6144,6,6697193094
8668,40673441,44503752,85177193,4,0,0,2560,5,9615061203
8669,40674840,51524160,92199000,6,0,1,512,6,6267157426
8670,40677180,44561817,85238997,1,0,0,1536,8,2717896321
8671,40680221,51530261,92210482,0,0,1,4608,14,9131986876
8672,40681601,51528904,92210505,0,0,1,13824,14,5225000446
8673,40683900,51691190,92375090,9,0,1,145920,10,7328460190
8674,40684651,51691745,92376396,2,0,1,2048,18,6090401079
8675,40696830,51692331,92389161,9,0,1,19456,10,2948101538
8676,40696970,51717850,92414820,3,0,1,9216,5,8956078888
8677,40699980,51748683,92448663,9,0,1,27136,10,10674853596
8678,40704231,51782868,92487099,0,0,1,6144,14,4095092195
8679,40706030,51792684,92498714,9,0,1,30720,10,2499889703
8680,40707670,51791198,92498868,6,0,1,8704,6,5353810948
8681,40708031,51818037,92526068,0,0,1,16384,14,5311570490
8682,40719500,51831454,92550954,9,0,1,38912,10,8215331524
8683,40724791,51835809,92560600,7,0,1,11776,13,3168611670
8684,40726381,44609752,85336133,4,0,0,512,5,4920645035
8685,40730210,51959859,92690069,3,0,1,63488,5,5164357186
8686,40731521,51958571,92690092,2,0,1,19456,18,9641292223
8687,40731709,44649073,85380782,9,0,0,3072,10,943184835
8688,40734739,44680510,85415249,9,0,0,512,10,3089481854
8689,40734981,51955134,92690115,7,0,1,10240,13,9627977356
8690,40740679,44662621,85403300,9,0,0,3072,10,1123076393
8691,40744000,51946138,92690138,9,0,1,1024,10,10008847582
8692,40754810,44747253,85502063,1,0,0,1536,8,5681083536
8693,40765349,44815926,85581275,9,0,0,1536,10,3938158850
8694,40773080,44743725,85516805,1,0,0,512,8,1104358334
8695,40774350,51915811,92690161,9,0,1,19456,10,7968371152
8696,40782260,51907924,92690184,3,0,1,6144,5,2498697465
8697,40803340,51886867,92690207,3,0,1,22528,5,3266250360
8698,40806141,51884089,92690230,7,0,1,512,13,2565591323
8699,40807010,44816625,85623635,8,0,0,1536,13,362139250
8700,40814650,44654485,85469135,1,0,0,1024,8,3220691412
8701,40817680,51885766,92703446,9,0,1,43008,10,1864292162
8702,40824880,51899483,92724363,3,0,1,49152,5,9228249966
8703,40832881,44637173,85470054,4,0,0,512,5,2152687460
8704,40836121,51905691,92741812,7,0,1,4096,13,6556600170
8705,40853271,51889617,92742888,7,0,1,13312,13,401862910
8706,40855651,51890783,92746434,4,0,1,5632,5,10674431928
8707,40864039,44704057,85568096,9,0,0,512,10,630871331
8708,40870561,44854599,85725160,4,0,0,512,5,4235882581
8709,40871340,44766988,85638328,8,0,0,512,13,8527373989
8710,40877210,44667077,85544287,1,0,0,512,8,3025324180
8711,40879400,51868110,92747510,9,0,1,13312,10,4940282980
8712,40885240,51878421,92763661,3,0,1,12800,5,8744395692
8713,40885950,51910662,92796612,9,0,1,32256,10,5461500619
8714,40887950,51941509,92829459,3,0,1,56320,5,2300678383
8715,40891930,51940561,92832491,3,0,1,2048,5,8309430003
8716,40907690,44720957,85628647,1,0,0,2048,8,6938462755
8717,40913590,51919055,92832645,9,0,1,8704,10,2331149003
8718,40915641,51934154,92849795,7,0,1,4096,13,1593540231
8719,40930770,44751675,85682445,1,0,0,1536,8,5526966489
8720,40936020,44721195,85657215,8,0,0,512,13,10542839753
8721,40937951,51922243,92860194,7,0,1,2560,13,973425480
8722,40942370,44731741,85674111,8,0,0,512,13,8810348741
8723,40947140,44851379,85798519,1,0,0,1024,8,8707585840
8724,40955160,44829930,85785090,8,0,0,1024,13,7498722756
8725,40959910,52026229,92986139,9,0,1,55296,10,1383203391
8726,40962551,44868184,85830735,4,0,0,512,5,5657863045
8727,40964060,52280755,93244815,3,0,1,114688,5,6073651158
8728,40965281,45034848,86000129,4,0,0,512,5,5019031785
8729,40966199,44936254,85902453,9,0,0,1024,10,2242700538
8730,40971501,52273337,93244838,7,0,1,1024,13,4678867479
8731,40977480,52267381,93244861,3,0,1,27136,5,6154754690
8732,40984570,52273129,93257699,3,0,1,12800,5,8922667021
8733,40985150,52482174,93467324,9,0,1,201216,10,4879406586
8734,40988309,44901497,85889806,9,0,0,512,10,2327044506
8735,40995730,44969751,85965481,6,0,0,14848,6,174384002
8736,40996971,52470376,93467347,7,0,1,15872,13,5711744095
8737,40997270,52482253,93479523,3,0,1,21504,5,2425460518
8738,40999960,44986036,85985996,1,0,0,512,8,6245114877
8739,41000520,52533158,93533678,9,0,1,69120,10,2780488998
8740,41009001,52529631,93538632,7,0,1,15872,13,9858954887
8741,41013650,44926499,85940149,8,0,0,3584,13,1677554192
8742,41020091,44959584,85979675,4,0,0,512,5,8915821256
8743,41030610,52514794,93545404,9,0,1,32256,10,8788552406
8744,41031670,52550036,93581706,3,0,1,15360,5,8446970575
8745,41032190,45248452,86280642,6,0,0,8192,6,1653949852
8746,41032271,52555104,93587375,7,0,1,2560,13,8047887640
8747,41039040,52707627,93746667,9,0,1,150016,10,2933623812
8748,41039470,44983986,86023456,8,0,0,1024,13,3009713710
8749,41039501,52709112,93748613,7,0,1,3072,13,1402438225
8750,41040060,52733623,93773683,3,0,1,43520,5,9918839191
8751,41046011,44971231,86017242,4,0,0,512,5,397621204
8752,41062840,44976248,86039088,1,0,0,512,8,1547111391
8753,41064561,52709145,93773706,7,0,1,7680,13,126125197
8754,41074580,52700957,93775537,3,0,1,5120,5,8922014
8755,41074850,45239807,86314657,8,0,0,1024,13,510409138
8756,41075749,45191318,86267067,9,0,0,512,10,2342382424
8757,41083301,52692390,93775691,7,0,1,8704,13,8689079627
8758,41092650,52685333,93777983,1,0,1,13824,8,5690315577
8759,41093719,44907802,86001521,9,0,0,512,10,8396255951
8760,41093810,45267215,86361025,6,0,0,32768,6,7797910591
8761,41100400,52817818,93918218,3,0,1,115200,5,770090579
8762,41106331,45288459,86394790,4,0,0,2048,5,6067273002
8763,41108730,45032738,86141468,6,0,0,24576,6,6401207699
8764,41118750,44955815,86074565,8,0,0,512,13,5140856919
8765,41121990,52806232,93928222,3,0,1,5632,5,36198083
8766,41125740,52806604,93932344,3,0,1,12800,5,3591218540
8767,41135480,45385392,86520872,8,0,0,2048,13,10091369101
8768,41135611,52797399,93933010,7,0,1,1024,13,7534429760
8769,41140360,45015483,86155843,6,0,0,47104,6,1168039775
8770,41145570,45315770,86461340,6,0,0,76800,6,16557674
8771,41152370,45475332,86627702,8,0,0,1024,13,1927444894
8772,41161630,45358105,86519735,6,0,0,136704,6,6558111822
8773,41166060,45107966,86274026,1,0,0,2560,8,2220455080
8774,41167571,52769945,93937516,7,0,1,7168,13,2016029048
8775,41168100,52794139,93962239,9,0,1,28672,10,1942194937
8776,41175071,52789754,93964825,7,0,1,4096,13,7348523343
8777,41180900,52824633,94005533,3,0,1,82432,5,6224011644
8778,41183891,52835801,94019692,7,0,1,14848,13,371336010
8779,41185870,45208273,86394143,8,0,0,46080,13,7339760459
8780,41185920,52911373,94097293,9,0,1,48128,10,838761884
8781,41215380,52920343,94135723,3,0,1,14336,5,9675579359
8782,41215411,45075038,86290449,4,0,0,512,5,557108806
8783,41220390,52918905,94139295,9,0,1,5632,10,706993815
8784,41226580,52941296,94167876,9,0,1,66560,10,2524600444
8785,41229731,44966529,86196260,4,0,0,512,5,4358187692
8786,41230851,52943477,94174328,7,0,1,10240,13,9720946700
8787,41239919,45168750,86408669,9,0,0,1536,10,7457490756
8788,41250481,45380293,86630774,4,0,0,1024,5,4534438038
8789,41262830,52934847,94197677,3,0,1,51200,5,3489584686
8790,41275830,53013148,94288978,3,0,1,46592,5,4587213434
8791,41279080,53009921,94289001,3,0,1,8704,5,2318732918
8792,41289601,52999431,94289032,4,0,1,512,5,7982745927
8793,41294280,45524290,86818570,6,0,0,1536,6,5064800528
8794,41300720,45002534,86303254,1,0,0,1024,8,2717563998
8795,41302000,45012322,86314322,6,0,0,13824,6,9974711461
8796,41312951,44859797,86172748,4,0,0,512,5,2252999935
8797,41314209,45288575,86602784,9,0,0,1024,10,1657546394
8798,41314960,52976201,94291161,3,0,1,22016,5,3836224169
8799,41316391,53015965,94332356,7,0,1,14336,13,9479582826
8800,41328110,53007152,94335262,3,0,1,4608,5,6381230587
8801,41344310,52992693,94337003,3,0,1,24576,5,8378478981
8802,41347119,45173932,86521051,9,0,0,512,10,4367137372
8803,41347211,53028526,94375737,4,0,1,4608,5,8730703835
8804,41366420,45034211,86400631,8,0,0,3584,13,8056756069
8805,41386939,45202488,86589427,9,0,0,4096,10,1331608042
8806,41390951,52984809,94375760,4,0,1,2560,5,8056730460
8807,41402229,44823238,86225467,9,0,0,512,10,9381716213
8808,41406991,52968792,94375783,4,0,1,2560,5,4068440309
8809,41408810,45069135,86477945,8,0,0,54272,13,9994654945
8810,41419560,52958026,94377586,3,0,1,22528,5,4228667765
8811,41432820,45241283,86674103,6,0,0,4096,6,9372063369
8812,41433170,44905398,86338568,6,0,0,1536,6,1471305645
8813,41435751,44978101,86413852,4,0,0,1024,5,4633178876
8814,41438781,44848678,86287459,4,0,0,512,5,6601894756
8815,41453240,45067990,86521230,8,0,0,512,13,8774338342
8816,41467821,53021137,94488958,2,0,1,76288,18,6698408384
8817,41480970,45077314,86558284,8,0,0,19968,13,7877594316
8818,41481181,53007800,94488981,4,0,1,7680,5,501122951
8819,41481280,45318776,86800056,8,0,0,43520,13,1033617708
8820,41484341,53008430,94492771,7,0,1,8704,13,4143037010
8821,41490861,53001933,94492794,7,0,1,1024,13,1491761467
8822,41492230,45178858,86671088,6,0,0,110080,6,1760514949
8823,41497041,52995776,94492817,7,0,1,2560,13,6426711116
8824,41497920,44915597,86413517,8,0,0,2560,13,7300264242
8825,41509420,45162829,86672249,1,0,0,3072,8,6466872546
8826,41510971,52988920,94499891,7,0,1,23552,13,6077653629
8827,41511140,45209214,86720354,6,0,0,25600,6,7936659598
8828,41512191,52988394,94500585,4,0,1,6656,5,3508787242
8829,41519430,45000795,86520225,1,0,0,1024,8,6953942699
8830,41526580,52974304,94500884,1,0,1,1536,8,5245874578
8831,41536400,45136386,86672786,1,0,0,512,8,2980433279
8832,41536721,45135863,86672584,4,0,0,1024,5,7863412459
8833,41544971,45317571,86862542,4,0,0,1024,5,5004673929
8834,41551961,45307353,86859314,4,0,0,512,5,4627931782
8835,41553371,52948819,94502190,4,0,1,2048,5,4067463699
8836,41558871,52948606,94507477,4,0,1,16896,5,1174023933
8837,41565091,52946467,94511558,4,0,1,4096,5,5367683130
8838,41565210,45537946,87103156,6,0,0,5632,6,3073321728
8839,41568061,45254577,86822638,4,0,0,1536,5,7878486939
8840,41573880,45515598,87089478,6,0,0,177664,6,9072532850
8841,41579110,45221133,86800243,1,0,0,512,8,4336525381
8842,41580339,45201507,86781846,9,0,0,512,10,8902490233
8843,41581680,53180251,94761931,3,0,1,315392,5,6434724100
8844,41582181,53179773,94761954,4,0,1,3072,5,5704637905
8845,41584141,45147289,86731430,4,0,0,1024,5,13208015
8846,41587520,45446376,87033896,8,0,0,25600,13,10575810290
8847,41605550,53159989,94765539,6,0,1,6144,6,8064542224
8848,41612980,45173793,86786773,6,0,0,8192,6,3647078885
8849,41616109,45329291,86945400,9,0,0,512,10,9362428072
8850,41619520,45151929,86771449,8,0,0,48640,13,8444146090
8851,41622600,53219103,94841703,3,0,1,131072,5,5499402867
8852,41625910,45358560,86984470,1,0,0,1024,8,6967998701
8853,41627190,53228110,94855300,3,0,1,7680,5,7113545664
8854,41627350,53248638,94875988,3,0,1,43008,5,122662998
8855,41628680,45045625,86674305,1,0,0,512,8,4650753426
8856,41628940,53251234,94880174,3,0,1,6656,5,9212015980
8857,41631041,53249901,94880942,4,0,1,11776,5,10539891222
8858,41637080,53244848,94881928,3,0,1,1536,5,9773712794
8859,41637620,45554024,87191644,8,0,0,35328,13,10413618652
8860,41640109,45031181,86671290,9,0,0,512,10,2373143384
8861,41654040,45182766,86836806,1,0,0,512,8,9542404658
8862,41660910,53222644,94883554,3,0,1,2560,5,470324404
8863,41678850,45252597,86931447,6,0,0,77824,6,3302551011
8864,41716819,45267986,86984805,9,0,0,1024,10,824121931
8865,41722601,53165779,94888380,4,0,1,7680,5,8996620775
8866,41724689,45129950,86854639,9,0,0,512,10,8174095390
8867,41729621,53162977,94892598,4,0,1,3072,5,4294152455
8868,41730850,45214371,86945221,6,0,0,43520,6,8229688180
8869,41737060,53155884,94892944,3,0,1,512,5,9704891974
8870,41740191,53153099,94893290,4,0,1,512,5,4452655974
8871,41743750,45093718,86837468,1,0,0,512,8,6565695893
8872,41764059,45036831,86800890,9,0,0,2048,10,7858751199
8873,41765151,45053910,86819061,4,0,0,1536,5,4856743381
8874,41766720,45060370,86827090,1,0,0,1024,8,10129177507
8875,41767680,45062197,86829877,1,0,0,1024,8,5605644603
8876,41771390,44923671,86695061,6,0,0,8192,6,8882460252
8877,41771741,53124455,94896196,0,0,1,4608,14,1707417983
8878,41777861,45023364,86801225,4,0,0,1024,5,3200841274
8879,41793331,53103851,94897182,4,0,1,1536,5,8607090794
8880,41800010,53097531,94897541,3,0,1,9728,5,8997663817
8881,41818230,45157929,86976159,1,0,0,512,8,5662367565
8882,41824070,45107868,86931938,1,0,0,1536,8,1522050625
8883,41832209,44991653,86823862,9,0,0,512,10,4177831868
8884,41836050,53062157,94898207,3,0,1,11264,5,1441877279
8885,41837640,45255355,87092995,6,0,0,10240,6,3839594285
8886,41841770,45413456,87255226,6,0,0,7680,6,2279786263
8887,41844340,53059432,94903772,3,0,1,4096,5,5388471143
8888,41850249,44964819,86815068,9,0,0,2560,10,6478185325
8889,41854159,45424482,87278641,9,0,0,512,10,7048257815
8890,41861241,53048661,94909902,4,0,1,512,5,827951995
8891,41867660,45081679,86949339,6,0,0,12800,6,998924319
8892,41869361,44970313,86839674,4,0,0,1536,5,8407469929
8893,41875560,45091269,86966829,8,0,0,13312,13,1549359992
8894,41877040,53032893,94909933,3,0,1,2048,5,9088143790
8895,41891661,45057857,86949518,4,0,0,512,5,6845854437
8896,41894841,53043461,94938302,2,0,1,20480,18,792583662
8897,41901610,45273519,87175129,8,0,0,24576,13,9704594591
8898,41909260,45074875,86984135,6,0,0,19968,6,4259781175
8899,41913480,45073611,86987091,6,0,0,6144,6,5132970294
8900,41917439,45186068,87103507,9,0,0,1024,10,10532148651
8901,41918399,44922499,86840898,9,0,0,512,10,6079958881
8902,41923830,45071369,86995199,8,0,0,6144,13,4218474339
8903,41939270,45161328,87100598,8,0,0,1536,13,272811390
8904,41945651,52994277,94939928,0,0,1,2560,14,5632484013
8905,41953020,52995035,94948055,9,0,1,25600,10,2856936394
8906,41954571,52997670,94952241,7,0,1,6656,13,680093464
8907,41964311,52993387,94957698,4,0,1,12800,5,4804904009
8908,41984131,45221979,87206110,4,0,0,1024,5,5429852899
8909,41991189,45142600,87133789,9,0,0,512,10,10661117727
8910,42004600,52956004,94960604,1,0,1,4608,8,10432798382
8911,42020130,45232733,87252863,8,0,0,52736,13,3004295093
8912,42029130,45070977,87100107,6,0,0,22016,6,9495861275
8913,42029370,52931580,94960950,5,0,1,512,0,1811472141
8914,42036710,44998613,87035323,8,0,0,4608,13,5951081382
8915,42045150,52917106,94962256,3,0,1,2048,5,10666979708
8916,42053649,45112526,87166175,9,0,0,1536,10,5860467761
8917,42069529,45106572,87176101,9,0,0,2560,10,3118763679
8918,42069800,52892802,94962602,3,0,1,512,5,2982710381
8919,42076830,44891114,86967944,6,0,0,3584,6,1647339809
8920,42076971,52887257,94964228,4,0,1,2560,5,1423920673
8921,42084131,45020999,87105130,4,0,0,512,5,3990220968
8922,42085001,52880853,94965854,4,0,1,2560,5,4959698194
8923,42086481,44901879,86988360,4,0,0,512,5,5136609082
8924,42098991,52868093,94967084,4,0,1,11776,5,2885555626
8925,42104471,52866479,94970950,4,0,1,6144,5,2003450640
8926,42104750,44988580,87093330,6,0,0,1024,6,8542993161
8927,42105141,44915437,87020578,4,0,0,1536,5,3368117240
8928,42105489,44889889,86995378,9,0,0,512,10,6077031285
8929,42109539,45082440,87191979,9,0,0,1024,10,2722959152
8930,42112491,45120950,87233441,4,0,0,512,5,1401244559
8931,42115410,52858766,94974176,5,0,1,5120,0,1904925264
8932,42128790,44961062,87089852,1,0,0,1024,8,10417585860
8933,42130000,52844522,94974522,6,0,1,512,6,2204033633
8934,42133160,44970526,87103686,6,0,0,512,6,10169273009
8935,42134940,52839928,94974868,6,0,1,512,6,1397261993
8936,42147491,45014544,87162035,4,0,0,3072,5,5241344807
8937,42149291,45059232,87208523,4,0,0,512,5,3141267595
8938,42155131,52823923,94979054,0,0,1,6656,14,3237137824
8939,42155280,44870245,87025525,6,0,0,512,6,459205105
8940,42158161,44829109,86987270,4,0,0,512,5,2106164138
8941,42158590,52851801,95010391,6,0,1,16896,6,188225847
8942,42159460,52851597,95011057,6,0,1,1024,6,8290476479
8943,42161570,45262096,87423666,8,0,0,73728,13,5267553288
8944,42163000,52853203,95016203,3,0,1,8192,5,10494929383
8945,42175030,45030421,87205451,1,0,0,512,8,2979691393
8946,42176690,44924727,87101417,6,0,0,2560,6,4486196939
8947,42178931,52840204,95019135,0,0,1,4608,14,7743984249
8948,42193970,52826151,95020121,6,0,1,1536,6,5597965288
8949,42197340,52826647,95023987,6,0,1,6144,6,7462295059
8950,42207190,45096006,87303196,1,0,0,512,8,1620289205
8951,42220430,52804223,95024653,3,0,1,1024,5,9736586081
8952,42226190,52798809,95024999,5,0,1,512,0,1170662292
8953,42235601,52790384,95025985,0,0,1,1536,14,2414540713
8954,42236450,52791264,95027714,6,0,1,15360,6,4652253217
8955,42243800,44933213,87177013,6,0,0,512,6,13936567
8956,42247930,52783010,95030940,5,0,1,5120,0,4455470420
8957,42251150,52780776,95031926,5,0,1,1536,0,3569030135
8958,42255229,44944127,87199356,9,0,0,512,10,143307898
8959,42259361,44943677,87203038,4,0,0,1024,5,10096792794
8960,42266110,44969731,87235841,6,0,0,512,6,7772873717
8961,42266331,52766581,95032912,0,0,1,1536,14,2994948520
8962,42268510,52764966,95033476,5,0,1,10752,0,5406954726
8963,42271931,45034253,87306184,4,0,0,2560,5,8545096781
8964,42272001,52769125,95041126,4,0,1,9728,5,5150701178
8965,42272500,52775096,95047596,6,0,1,2048,6,7482160493
8966,42280470,45045310,87325780,6,0,0,512,6,1362337932
8967,42293430,52757712,95051142,3,0,1,5632,5,8671518889
8968,42295319,44935050,87230369,9,0,0,512,10,9425245827
8969,42296220,52755588,95051808,6,0,1,1024,6,3067185400
8970,42314031,52738763,95052794,4,0,1,1536,5,4884941043
8971,42314670,44962142,87276812,6,0,0,2048,6,2431569858
8972,42321991,45006906,87328897,4,0,0,1024,5,10722592482
8973,42324580,45100636,87425216,1,0,0,512,8,1189087351
8974,42331819,44965457,87297276,9,0,0,1024,10,8123964303
8975,42334269,44987079,87321348,9,0,0,2560,10,5683304892
8976,42335221,52730495,95065716,0,0,1,5632,14,6281204919
8977,42335360,52733902,95069262,3,0,1,5632,5,6060414574
8978,42344020,52725588,95069608,3,0,1,512,5,1023151038
8979,42359440,52713714,95073154,3,0,1,5632,5,8759391300
8980,42361681,52757125,95118806,0,0,1,8704,14,4354801754
8981,42365570,52754542,95120112,5,0,1,2048,0,6682180163
8982,42372080,52763896,95135976,3,0,1,5632,5,2197878680
8983,42386890,52749444,95136334,6,0,1,8704,6,3997707100
8984,42392261,44863308,87255569,4,0,0,1024,5,1066332673
8985,42392520,52748007,95140527,6,0,1,7168,6,3057196008
8986,42395490,52746023,95141513,8,0,1,1536,13,4795789230
8987,42399090,52747569,95146659,3,0,1,8192,5,5721338804
8988,42401050,44999473,87400523,6,0,0,1536,6,8504599684
8989,42409371,45014482,87423853,4,0,0,512,5,263573328
8990,42410351,45068723,87479074,4,0,0,512,5,5929033919
8991,42415801,52951880,95367681,2,0,1,78848,18,2520743857
8992,42416640,52952347,95368987,3,0,1,2048,5,3592005402
8993,42417891,52955551,95373442,0,0,1,5120,14,6315095267
8994,42429360,44921246,87350606,1,0,0,512,8,6074996446
8995,42433329,44991685,87425014,9,0,0,3584,10,5637178226
8996,42433340,45092383,87525723,1,0,0,2048,8,729825513
8997,42435480,45156047,87591527,8,0,0,32256,13,4431796052
8998,42442290,44932830,87375120,6,0,0,1536,6,5754129357
8999,42451780,44934056,87385836,1,0,0,3584,8,8670763367
9000,42452011,52932833,95384844,4,0,1,3072,5,8782336205
9001,42456780,52928730,95385510,3,0,1,1024,5,8845473930
9002,42459330,44966065,87425395,6,0,0,512,6,7921259691
9003,42460630,52927786,95388416,6,0,1,4608,6,2494617862
9004,42462860,52935442,95398302,6,0,1,512,6,1443160729
9005,42464120,52965391,95429511,3,0,1,14848,5,2372943437
9006,42464280,52965897,95430177,6,0,1,1024,6,9056071538
9007,42469370,52964673,95434043,5,0,1,6144,0,3950190607
9008,42470041,53007247,95477288,4,0,1,1536,5,6371305799
9009,42480260,52997051,95477311,5,0,1,1024,0,9155671410
9010,42483940,44970326,87454266,6,0,0,512,6,3132773119
9011,42484070,44966153,87450223,6,0,0,2560,6,772100262
9012,42490540,45248838,87739378,6,0,0,2560,6,4788590522
9013,42496301,44900353,87396654,4,0,0,512,5,169163227
9014,42503041,45041600,87544641,4,0,0,1024,5,4719982385
9015,42504379,44961386,87465765,9,0,0,512,10,9909297500
9016,42505661,45009134,87514795,4,0,0,512,5,5879401279
9017,42509511,53001253,95510764,4,0,1,43520,5,9081418360
9018,42511210,44941832,87453042,6,0,0,1536,6,10637029883
9019,42512000,52999925,95511925,5,0,1,3584,0,10628107093
9020,42516011,52995937,95511948,4,0,1,512,5,5744730299
9021,42521600,45336431,87858031,8,0,0,82944,13,35077501
9022,42524401,44901961,87426362,4,0,0,512,5,9302741280
9023,42526881,52985745,95512626,4,0,1,37888,5,7293232351
9024,42533851,45032480,87566331,4,0,0,512,5,2504680992
9025,42541741,53079033,95620774,4,0,1,31232,5,617126429
9026,42550110,53070687,95620797,3,0,1,512,5,5201781376
9027,42550601,53070219,95620820,7,0,1,5120,13,7860075997
9028,42555871,53108117,95663988,4,0,1,55808,5,7442329931
9029,42558331,53119504,95677835,4,0,1,31232,5,849078550
9030,42563900,45174232,87738132,5,0,0,33280,0,555439306
9031,42565940,45112470,87678410,1,0,0,512,8,3288594431
9032,42566971,53111210,95678181,7,0,1,512,13,7676638448
9033,42574810,53104357,95679167,3,0,1,1536,5,3929496610
9034,42575481,45069597,87645078,4,0,0,1536,5,4331287392
9035,42580470,53103523,95683993,6,0,1,7680,6,9554524695
9036,42583061,53169272,95752333,4,0,1,34304,5,9739143899
9037,42583690,53168666,95752356,5,0,1,7680,0,9586036972
9038,42586431,53165948,95752379,7,0,1,20992,13,1064982601
9039,42593791,53158611,95752402,7,0,1,2048,13,4679135724
9040,42594081,53202128,95796209,7,0,1,15360,13,3127581779
9041,42595691,53200541,95796232,4,0,1,2048,5,5836881310
9042,42598340,45129271,87727611,8,0,0,69632,13,292554892
9043,42599531,53205125,95804656,4,0,1,18944,5,1032436520
9044,42603070,53204172,95807242,6,0,1,4096,6,1081225091
9045,42604191,53368118,95972309,7,0,1,67584,13,920470143
9046,42606240,53380519,95986759,5,0,1,1536,0,7015472756
9047,42607669,45043244,87650913,9,0,0,512,10,1186277261
9048,42608181,53382764,95990945,4,0,1,6656,5,1977632850
9049,42610450,53402660,96013110,9,0,1,69120,10,4478881535
9050,42612679,45149469,87762148,9,0,0,1024,10,2033061865
9051,42613910,45057401,87671311,6,0,0,1024,6,6172049232
9052,42628090,53386326,96014416,3,0,1,2048,5,625538762
9053,42628641,53390281,96018922,4,0,1,7168,5,7731844008
9054,42629390,45338109,87967499,8,0,0,29696,13,8310697390
9055,42631310,53394084,96025394,3,0,1,8192,5,374901272
9056,42640921,45151993,87792914,4,0,0,1024,5,8816007962
9057,42645231,45107168,87752399,4,0,0,512,5,1849142575
9058,42645450,53386021,96031471,6,0,1,1024,6,5364057028
9059,42647890,53384567,96032457,3,0,1,1536,5,2851823037
9060,42648430,45335546,87983976,8,0,0,5632,13,1020188710
9061,42649051,53487008,96136059,4,0,1,71168,5,5293029501
9062,42649210,45222439,87871649,5,0,0,41984,0,5155824103
9063,42653010,44938719,87591729,1,0,0,512,8,2559637859
9064,42654820,45022054,87676874,6,0,0,512,6,554496521
9065,42658200,45080290,87738490,6,0,0,1024,6,1755326239
9066,42658640,53477442,96136082,5,0,1,18432,0,6260654291
9067,42662580,53473525,96136105,5,0,1,512,0,5278416558
9068,42664851,45403114,88067965,4,0,0,3584,5,10416192511
9069,42667300,45122386,87789686,6,0,0,512,6,8861753871
9070,42678299,45264052,87942351,9,0,0,512,10,5365682665
9071,42679610,53456518,96136128,3,0,1,23552,5,5882902360
9072,42680911,45418047,88098958,4,0,0,512,5,9402074824
9073,42685880,53450271,96136151,3,0,1,4096,5,6511219900
9074,42697510,53438664,96136174,3,0,1,1536,5,8674833037
9075,42700650,53435547,96136197,5,0,1,7168,0,5887452204
9076,42702280,53433940,96136220,5,0,1,1024,0,3535669275
9077,42702811,53510544,96213355,4,0,1,115200,5,7449789025
9078,42719380,53494641,96214021,3,0,1,1024,5,2433867883
9079,42722130,53492237,96214367,5,0,1,512,0,8810364957
9080,42725680,53489033,96214713,5,0,1,512,0,6382330241
9081,42728460,53488839,96217299,6,0,1,4096,6,2179335470
9082,42728861,53527586,96256447,4,0,1,55808,5,2389190347
9083,42732290,53561609,96293899,6,0,1,6144,6,5769601561
9084,42744400,45471550,88215950,5,0,0,9728,0,6795961868
9085,42745130,53550075,96295205,6,0,1,2048,6,5898541862
9086,42747689,44895339,87643028,9,0,0,1024,10,10099810954
9087,42749320,45109514,87858834,6,0,0,2560,6,8968284112
9088,42758351,44917792,87676143,4,0,0,1536,5,8013555591
9089,42758829,44994502,87753331,9,0,0,512,10,3480904031
9090,42759121,53620604,96379725,4,0,1,83456,5,1071515171
9091,42775261,53674374,96449635,4,0,1,43520,5,7235401885
9092,42776270,45266452,88042722,6,0,0,2048,6,2164556756
9093,42781229,44946561,87727790,9,0,0,512,10,10374458449
9094,42782211,53668295,96450506,4,0,1,12288,5,7585411803
9095,42784340,44943629,87727969,6,0,0,512,6,1341639273
9096,42785330,45109290,87894620,5,0,0,75264,0,5032114861
9097,42786800,45240976,88027776,6,0,0,2560,6,6069244585
9098,42797500,45035228,87832728,8,0,0,24576,13,3710799501
9099,42801571,53747318,96548889,4,0,1,33280,5,3694357833
9100,42802550,53775089,96577639,5,0,1,7680,0,683138509
9101,42807791,53855788,96663579,4,0,1,109056,5,3599489211
9102,42808151,44972102,87780253,4,0,0,2048,5,3956980086
9103,42808560,53858979,96667539,6,0,1,2048,6,1747919424
9104,42812519,44954065,87766584,9,0,0,512,10,869782072
9105,42816540,45290241,88106781,8,0,0,25600,13,9021516723
9106,42819250,53851195,96670445,3,0,1,4608,5,7101645468
9107,42822901,53872587,96695488,4,0,1,10752,5,3229340740
9108,42828850,53876227,96705077,6,0,1,3072,6,3685765115
9109,42833390,53874273,96707663,5,0,1,4096,0,4800688499
9110,42834300,45135094,87969394,5,0,0,6144,0,8924245173
9111,42844630,53864019,96708649,6,0,1,1536,6,4124131587
9112,42857280,53874998,96732278,9,0,1,23552,10,10005671790
9113,42866241,53881695,96747936,4,0,1,8704,5,4401265138
9114,42867250,53885512,96752762,3,0,1,7680,5,7995977495
9115,42874029,45286781,88160810,9,0,0,512,10,1741846448
9116,42881460,53871456,96752916,6,0,1,8704,6,6217633608
9117,42881650,53880039,96761689,6,0,1,13312,6,2072298020
9118,42884180,45057992,87942172,8,0,0,40448,13,4202777156
9119,42893580,45266872,88160452,5,0,0,57856,0,4549169727
9120,42906390,53857885,96764275,3,0,1,4096,5,9128624187
9121,42917701,45249059,88166760,4,0,0,512,5,10646104462
9122,42925570,45140162,88065732,5,0,0,24064,0,4463726459
9123,42931971,45190059,88122030,4,0,0,1024,5,2179259311
9124,42932010,45125448,88057458,8,0,0,3072,13,10055500719
9125,42942170,53830476,96772646,5,0,1,3584,0,8269349008
9126,42951039,45155953,88106992,9,0,0,512,10,4323089659
9127,42952301,53822291,96774592,4,0,1,3072,5,6836629225
9128,42953690,53825434,96779124,6,0,1,7168,6,9618252434
9129,42955200,53839164,96794364,3,0,1,7680,5,10360963941
9130,42960420,45138065,88098485,5,0,0,61440,0,4236252643
9131,42966230,45107756,88073986,6,0,0,2048,6,5195995761
9132,42974330,45298504,88272834,8,0,0,45056,13,1638622887
9133,42978551,53849730,96828281,4,0,1,93696,5,3342187479
9134,42979520,53874353,96853873,5,0,1,18432,0,2376244201
9135,42983840,53881064,96864904,9,0,1,15872,10,4784268293
9136,42998500,45046826,88045326,1,0,0,512,8,9408524224
9137,43002080,45140074,88142154,1,0,0,1536,8,7781637260
9138,43002560,44950982,87953542,1,0,0,1024,8,4483848851
9139,43007601,53905109,96912710,4,0,1,36864,5,6227347648
9140,43008999,45000405,88009404,9,0,0,512,10,407952272
9141,43010700,44918456,87929156,6,0,0,512,6,8582421103
9142,43021950,53895266,96917216,3,0,1,7168,5,7124273414
9143,43024630,53910320,96934950,5,0,1,512,0,5698386375
9144,43026949,45071830,88098779,9,0,0,512,10,4763250444
9145,43036180,53900396,96936576,5,0,1,2560,0,4526906627
9146,43037471,53934792,96972263,4,0,1,23040,5,9816649841
9147,43041020,45093765,88134785,1,0,0,3072,8,6349394911
9148,43044810,45090622,88135432,5,0,0,2048,0,4810443157
9149,43048950,45343181,88392131,6,0,0,512,6,258834396
9150,43049300,45346715,88396015,6,0,0,512,6,9818379264
9151,43053249,45256210,88309459,9,0,0,512,10,1070688399
9152,43053581,54020032,97073613,4,0,1,94208,5,8702906631
9153,43057340,45158789,88216129,6,0,0,512,6,7812193172
9154,43057980,45378560,88436540,1,0,0,1024,8,190526608
9155,43061520,45546951,88608471,1,0,0,512,8,6825092281
9156,43064530,45625152,88689682,5,0,0,24576,0,2477737008
9157,43074520,54041343,97115863,5,0,1,5120,0,6639028865
9158,43075140,54040746,97115886,6,0,1,10240,6,1566359295
9159,43079240,54036669,97115909,5,0,1,2048,0,9984405134
9160,43079990,54035942,97115932,5,0,1,2560,0,1831326359
9161,43080540,45280715,88361255,1,0,0,1536,8,5687293811
9162,43083850,45646500,88730350,5,0,0,5632,0,2889447975
9163,43085049,45260682,88345731,9,0,0,1024,10,8564429351
9164,43094800,45091006,88185806,6,0,0,1536,6,8155390484
9165,43098780,45094896,88193676,5,0,0,8192,0,2963052430
9166,43113490,45047141,88160631,1,0,0,512,8,535155805
9167,43118370,54044760,97163130,6,0,1,7680,6,1996720566
9168,43119370,54043783,97163153,6,0,1,1024,6,8116160553
9169,43120170,45315856,88436026,8,0,0,80384,13,6037802115
9170,43120660,45378385,88499045,8,0,0,8192,13,10425291092
9171,43122211,54040965,97163176,4,0,1,17408,5,3044112898
9172,43123460,45150177,88273637,1,0,0,2560,8,6343345643
9173,43123941,45213387,88337328,4,0,0,1024,5,6269196345
9174,43130249,45752430,88882679,9,0,0,1536,10,10141066310
9175,43131040,45466300,88597340,8,0,0,115200,13,5277725546
9176,43136999,45137285,88274284,9,0,0,2048,10,3550004652
9177,43137150,54026049,97163199,6,0,1,3072,6,10618487069
9178,43137990,54025232,97163222,5,0,1,4096,0,7191926178
9179,43138960,54063215,97202175,6,0,1,59392,6,3492277012
9180,43147930,54054268,97202198,5,0,1,512,0,1000811382
9181,43153450,45335777,88489227,5,0,0,172544,0,7650159657
9182,43165250,45331230,88496480,8,0,0,19968,13,7291393958
9183,43168500,54033729,97202229,5,0,1,5120,0,169823616
9184,43169570,45557598,88727168,8,0,0,122880,13,6588293314
9185,43169729,45266476,88436205,9,0,0,512,10,360447892
9186,43169991,54044110,97214101,2,0,1,1024,18,4259525
9187,43172830,45172566,88345396,5,0,0,20992,0,3861046199
9188,43177469,45312896,88490365,9,0,0,3584,10,10112306745
9189,43180491,54050905,97231396,2,0,1,6144,18,511671217
9190,43181961,45168970,88350931,6,0,0,512,6,8473985920
9191,43182190,54065718,97247908,6,0,1,23552,6,8780190663
9192,43182599,45499572,88682171,9,0,0,31744,10,6494343946
9193,43189310,54077504,97266814,5,0,1,6144,0,8763534604
9194,43189351,54080689,97270040,2,0,1,5120,18,3266226874
9195,43198890,54071496,97270386,5,0,1,512,0,801805978
9196,43200071,54071621,97271692,2,0,1,2048,18,5482951975
9197,43202120,45463564,88665684,1,0,0,512,8,10325951216
9198,43211730,54063828,97275558,5,0,1,6144,0,4058399879
9199,43212720,45518612,88731332,6,0,0,1024,6,7311136948
9200,43223710,54084360,97308070,6,0,1,26624,6,3867581014
9201,43227020,54110206,97337226,6,0,1,31744,6,4869249245
9202,43227460,54215999,97443459,6,0,1,91136,6,5124697582
9203,43230511,54224715,97455226,2,0,1,21504,18,2501860415
9204,43250830,54210264,97461094,6,0,1,11776,6,5298496318
9205,43254760,45297850,88552610,1,0,0,512,8,1892428336
9206,43255810,54224290,97480100,5,0,1,16384,0,9318789290
9207,43264550,45482617,88747167,6,0,0,1536,6,955819883
9208,43266230,54218589,97484819,5,0,1,4608,0,5700655128
9209,43272470,54213655,97486125,5,0,1,2048,0,2008018351
9210,43279880,45726218,89006098,8,0,0,140800,13,3790763509
9211,43282480,45018596,88301076,6,0,0,512,6,4364431030
9212,43285921,45357917,88643838,6,0,0,512,6,6696883435
9213,43288790,54201193,97489983,5,0,1,2048,0,1007952111
9214,43292800,54289485,97582285,9,0,1,98816,10,7268405607
9215,43294810,45469916,88764726,5,0,0,29696,0,2066667161
9216,43297820,45585038,88882858,1,0,0,512,8,1201114580
9217,43301730,45243615,88545345,1,0,0,1024,8,4250153581
9218,43304230,45211401,88515631,5,0,0,9216,0,10290143261
9219,43307091,45699342,89006433,6,0,0,1024,6,7867904633
9220,43309320,54287476,97596796,8,0,1,22016,13,2963648547
9221,43309401,54377478,97686879,7,0,1,131072,13,452483307
9222,43311140,45768910,89080050,5,0,0,92672,0,104558895
9223,43313660,54374539,97688199,5,0,1,4096,0,8541954741
9224,43317370,54387309,97704679,5,0,1,4608,0,1973113498
9225,43318769,45918091,89236860,9,0,0,156672,10,4551821139
9226,43322170,45685112,89007282,6,0,0,1024,6,4509589420
9227,43325400,45681368,89006768,6,0,0,1024,6,10157819637
9228,43327530,45404472,88732002,6,0,0,1024,6,4866467000
9229,43328740,45320513,88649253,5,0,0,1024,0,8119395294
9230,43330360,45482738,88813098,5,0,0,27136,0,1479398331
9231,43331240,45679965,89011205,8,0,0,12800,13,9462364431
9232,43335490,54369212,97704702,5,0,1,8704,0,1703456906
9233,43337791,45851310,89189101,4,0,0,2048,5,8185429369
9234,43341370,45387225,88728595,1,0,0,4608,8,3327395882
9235,43342950,45439754,88782704,6,0,0,512,6,6422322456
9236,43345180,45386487,88731667,1,0,0,1024,8,4137737748
9237,43348021,45284280,88632301,4,0,0,512,5,9970608060
9238,43351371,45303932,88655303,4,0,0,3584,5,5381631621
9239,43358660,45508941,88867601,1,0,0,512,8,8740862610
9240,43362740,45825714,89188454,5,0,0,147456,0,7873271404
9241,43362881,45598420,88961301,4,0,0,1024,5,3325618206
9242,43366519,45716362,89082881,9,0,0,9216,10,1437463400
9243,43368990,54335735,97704725,6,0,1,4096,6,699702835
9244,43369350,54335759,97705109,6,0,1,7680,6,10475261440
9245,43380430,54373834,97754264,6,0,1,58368,6,6809571634
9246,43385590,54369660,97755250,6,0,1,1536,6,3896029475
9247,43385610,45626889,89012499,6,0,0,2048,6,1499648827
9248,43395780,45335217,88730997,1,0,0,2048,8,3840616950
9249,43404630,54367928,97772558,6,0,1,18432,6,935295870
9250,43418030,45609847,89027877,6,0,0,512,6,3899036204
9251,43420491,45450338,88870829,4,0,0,1024,5,2035661978
9252,43422771,45613410,89036181,4,0,0,2560,5,2669371445
9253,43426410,54357119,97783529,5,0,1,6656,0,5872526583
9254,43427620,45948386,89376006,1,0,0,3072,8,8197246328
9255,43429810,45464245,88894055,1,0,0,512,8,4578275459
9256,43440241,45432050,88872291,4,0,0,512,5,6449650975
9257,43442350,54427304,97869654,6,0,1,109056,6,3882941871
9258,43445100,45424484,88869584,1,0,0,1024,8,6133267543
9259,43447060,45790337,89237397,1,0,0,512,8,4447576023
9260,43450941,45470221,88921162,4,0,0,512,5,1208209136
9261,43457600,54414960,97872560,5,0,1,4608,0,3246409932
9262,43463500,54479785,97943285,6,0,1,64000,6,6260587298
9263,43464371,45547481,89011852,4,0,0,2048,5,5007902481
9264,43472710,45417961,88890671,6,0,0,2560,6,7839628108
9265,43485690,54458581,97944271,5,0,1,1536,0,7930912571
9266,43490811,45746384,89237195,6,0,0,1024,6,6972425836
9267,43497069,45608043,89105112,9,0,0,19968,10,8753825568
9268,43499440,54445177,97944617,5,0,1,512,0,3306723933
9269,43508170,45575514,89083684,1,0,0,2560,8,3440901336
9270,43508830,45405840,88914670,8,0,0,2048,13,5205775051
9271,43515960,54431563,97947523,6,0,1,4608,6,10526792354
9272,43519829,45720335,89240164,9,0,0,8192,10,9869509106
9273,43521820,54426369,97948189,5,0,1,1024,0,3820882838
9274,43528690,45478257,89006947,8,0,0,512,13,10332310941
9275,43529940,45711229,89241169,1,0,0,3072,8,10330314719
9276,43533309,45890545,89423854,9,0,0,43008,10,4396675936
9277,43535030,54416705,97951735,5,0,1,5632,0,9466193473
9278,43539540,54423043,97962583,9,0,1,13312,10,3855151518
9279,43554520,54416517,97971037,5,0,1,3584,0,529162191
9280,43557740,54414923,97972663,5,0,1,2560,0,4396273184
9281,43563710,54409939,97973649,5,0,1,1536,0,8939481610
9282,43564410,45964321,89528731,1,0,0,512,8,9053136256
9283,43584220,45549684,89133904,5,0,0,10240,0,9719804639
9284,43588760,54390894,97979654,5,0,1,512,0,3691201438
9285,43592399,46110552,89702951,9,0,0,27648,10,1345464687
9286,43595050,54386230,97981280,5,0,1,2560,0,8265278475
9287,43599380,54382566,97981946,5,0,1,1024,0,8927730312
9288,43604640,54382633,97987273,5,0,1,6144,0,7074408981
9289,43620070,45501596,89121666,6,0,0,512,6,8616755123
9290,43621951,45777064,89399015,4,0,0,512,5,6793576148
9291,43636820,54351439,97988259,1,0,1,1536,8,8363248359
9292,43637170,45688831,89326001,8,0,0,80384,13,620037936
9293,43641120,45733927,89375047,8,0,0,111104,13,7674207945
9294,43650580,45743493,89394073,6,0,0,1024,6,8921101489
9295,43665310,45572312,89237622,1,0,0,512,8,9332493627
9296,43667411,54321719,97989130,4,0,1,12288,5,5099675394
9297,43670350,45620948,89291298,6,0,0,512,6,998948459
9298,43684679,45691662,89376341,9,0,0,1024,10,818218680
9299,43688900,45643076,89331976,6,0,0,1536,6,2737078873
9300,43699199,45640712,89339911,9,0,0,20992,10,6867155599
9301,43704179,46092702,89796881,9,0,0,102912,10,5497588588
9302,43706390,45822123,89528513,8,0,0,43520,13,3591211099
9303,43708560,45587071,89295631,5,0,0,11776,0,5450700967
9304,43715490,54300036,98015526,6,0,1,30208,6,7433864656
9305,43724209,45831547,89555756,9,0,0,32768,10,266510542
9306,43731051,54285461,98016512,2,0,1,1536,18,4624001519
9307,43732469,46104082,89836551,9,0,0,52224,10,6275195300
9308,43735441,54282697,98018138,2,0,1,2560,18,3423766506
9309,43749431,45716826,89466257,4,0,0,512,5,7986472308
9310,43762560,45975502,89738062,6,0,0,12800,6,4077884655
9311,43766340,54256983,98023323,6,0,1,16384,6,2014142139
9312,43767800,54261514,98029314,6,0,1,22528,6,6087014639
9313,43773450,46077663,89851113,6,0,0,47616,6,2945848791
9314,43784130,54303776,98087906,2,0,1,117760,18,8687116080
9315,43788540,54343674,98132214,6,0,1,37888,6,8577304660
9316,43794700,45589759,89384459,6,0,0,5120,6,1572628041
9317,43802341,54346793,98149134,2,0,1,41472,18,3477290000
9318,43804181,54374624,98178805,2,0,1,44032,18,7467620057
9319,43808611,54525004,98333615,4,0,1,180224,5,10626503135
9320,43809370,54525871,98335241,2,0,1,2560,18,9356789214
9321,43813360,45878407,89691767,8,0,0,23040,13,1719055648
9322,43823110,54513002,98336112,6,0,1,12288,6,4675379077
9323,43825960,46380658,90206618,8,0,0,97792,13,2184292710
9324,43831950,54567680,98399630,2,0,1,34304,18,3171137926
9325,43836380,54563852,98400232,6,0,1,9728,6,6254331531
9326,43837109,45790980,89628089,9,0,0,5120,10,1087538544
9327,43841841,45978775,89820616,6,0,0,77824,6,8555030523
9328,43847350,54553650,98401000,6,0,1,11776,6,10158009241
9329,43849690,46163448,90013138,8,0,0,48640,13,3693114530
9330,43850020,46236112,90086132,8,0,0,19456,13,6867160181
9331,43861831,46052992,89914823,6,0,0,90624,6,6895413367
9332,43870410,45998206,89868616,6,0,0,57344,6,9551221845
9333,43879920,46041322,89921242,5,0,0,20992,0,4961487677
9334,43897251,45971856,89869107,4,0,0,1536,5,4428821820
9335,43901330,54584491,98485821,6,0,1,112640,6,5743583811
9336,43902991,45835250,89738241,4,0,0,512,5,1182833634
9337,43924110,46138255,90062365,8,0,0,43520,13,9975144038
9338,43937141,45698373,89635514,4,0,0,1024,5,8835529151
9339,43945240,54546329,98491569,2,0,1,35328,18,7352502377
9340,43945680,54563048,98508728,2,0,1,3584,18,8367199901
9341,43954759,46367690,90322449,9,0,0,82432,10,7992520683
9342,43956320,54587719,98544039,6,0,1,58368,6,2037385401
9343,43969801,54577784,98547585,4,0,1,5632,5,1163160851
9344,43978729,46124461,90103190,9,0,0,35840,10,10201798140
9345,43985730,54562009,98547739,6,0,1,8704,6,4828658614
9346,43991010,46721983,90712993,8,0,0,217088,13,6585293659
9347,43993660,45935763,89929423,8,0,0,1536,13,7008656299
9348,43994089,46465032,90459121,9,0,0,41472,10,358291508
9349,44007589,46168918,90176507,9,0,0,86016,10,1207454292
9350,44008941,45652871,89661812,4,0,0,512,5,7745513667
9351,44011090,46272849,90283939,6,0,0,1536,6,9618386156
9352,44013650,54561056,98574706,2,0,1,48128,18,2662078598
9353,44014130,46026192,90040322,6,0,0,26112,6,9165628211
9354,44014259,46272675,90286934,9,0,0,9728,10,8026942906
9355,44018819,46264629,90283448,9,0,0,73728,10,2927154944
9356,44020360,46240578,90260938,5,0,0,34816,0,3501767928
9357,44022550,46323028,90345578,1,0,0,2560,8,1790819581
9358,44028630,46296650,90325280,5,0,0,9216,0,6719411322
9359,44030761,54566502,98597263,2,0,1,20992,18,5467913730
9360,44030979,45911042,89942021,9,0,0,9216,10,2034875693
9361,44041140,46293577,90334717,5,0,0,8704,0,4964555905
9362,44048649,46082443,90131092,9,0,0,6144,10,4553286106
9363,44060281,54568271,98628552,4,0,1,28672,5,6401699352
9364,44062501,54613673,98676174,4,0,1,53248,5,7701384216
9365,44063820,46298739,90362559,6,0,0,45056,6,2370605837
9366,44063940,54657998,98721938,2,0,1,43008,18,9353795986
9367,44070500,54651461,98721961,6,0,1,21504,6,7477142195
9368,44071210,54656129,98727339,6,0,1,29696,6,893622846
9369,44073691,54661561,98735252,4,0,1,30720,5,9712919043
9370,44080739,46250492,90331231,9,0,0,19456,10,7674118074
9371,44082090,54672545,98754635,3,0,1,13824,5,1436115506
9372,44084080,54682915,98766995,6,0,1,39936,6,9842434810
9373,44084440,46452767,90537207,6,0,0,73728,6,356106895
9374,44090310,46529797,90620107,1,0,0,1536,8,1789795974
9375,44096020,54720258,98816278,6,0,1,87040,6,7918434728
9376,44097440,46417265,90514705,6,0,0,8192,6,9616236132
9377,44099460,54781754,98881214,6,0,1,38400,6,255377952
9378,44100680,46621742,90722422,6,0,0,16384,6,1828229265
9379,44101691,46230351,90332042,4,0,0,2560,5,2368608959
9380,44104620,54789754,98894374,6,0,1,37888,6,9446773658
9381,44108861,54790019,98898880,2,0,1,7168,18,5631364083
9382,44109881,54792865,98902746,2,0,1,6144,18,2317235752
9383,44110711,46614867,90725578,4,0,0,1024,5,6026282873
9384,44113241,54800065,98913306,2,0,1,29184,18,4034524551
9385,44116720,54804458,98921178,9,0,1,30208,10,3598904924
9386,44122580,54901047,99023627,6,0,1,159232,6,2060710119
9387,44133770,46370423,90504193,6,0,0,49664,6,8943511907
9388,44135761,46401625,90537386,4,0,0,512,5,6885730138
9389,44138850,46833487,90972337,8,0,0,5120,13,5650607962
9390,44143121,54887199,99030320,4,0,1,25600,5,10075472612
9391,44150690,46255847,90406537,6,0,0,30208,6,2397337693
9392,44153931,46752151,90906082,4,0,0,1024,5,9703573873
9393,44160230,46432186,90592416,8,0,0,19968,13,9637765169
9394,44161499,46555908,90717407,9,0,0,14336,10,6658311241
9395,44162870,55010547,99173417,6,0,1,160768,6,8779053731
9396,44173179,46315859,90489038,9,0,0,5120,10,4666334968
9397,44174010,46723126,90897136,8,0,0,205824,13,1614193854
9398,44175351,54998089,99173440,7,0,1,3072,13,3327260371
9399,44180821,46298163,90478984,4,0,0,1024,5,6048311741
9400,44186440,46564352,90750792,8,0,0,40448,13,4146912355
9401,44187081,54986382,99173463,2,0,1,8704,18,586699063
9402,44189120,46323066,90512186,5,0,0,9728,0,353491694
9403,44190230,46930951,91121181,5,0,0,95232,0,2078050
9404,44197481,55050968,99248449,4,0,1,103936,5,4618738204
9405,44198491,46394104,90592595,4,0,0,512,5,10633499191
9406,44203651,55055731,99259382,7,0,1,3584,13,9061678869
9407,44205481,55055527,99261008,7,0,1,2560,13,2960578041
9408,44207960,46970899,91178859,5,0,0,91648,0,7114280886
9409,44213541,46617022,90830563,4,0,0,512,5,1891952170
9410,44213671,55063967,99277638,7,0,1,62464,13,2391697526
9411,44216849,46402759,90619608,9,0,0,20480,10,4925580706
9412,44222951,55116744,99339695,2,0,1,116736,18,6049815155
9413,44223581,55149152,99372733,7,0,1,29184,13,7294093908
9414,44230099,46495075,90725174,9,0,0,8704,10,2494005087
9415,44258981,55117101,99376082,0,0,1,14848,14,1500498951
9416,44264361,55129229,99393590,7,0,1,10752,13,8982886197
9417,44264501,55129345,99393846,7,0,1,9216,13,5664329196
9418,44271070,46691514,90962584,5,0,0,30208,0,2582510225
9419,44283821,55229767,99513588,4,0,1,207872,5,7790873413
9420,44294801,55282150,99576951,2,0,1,14848,18,1391350087
9421,44297161,46343631,90640792,4,0,0,512,5,4624810179
9422,44299451,55278166,99577617,7,0,1,1024,13,10077010267
9423,44305629,46894875,91200504,9,0,0,25088,10,8591764771
9424,44314821,46590926,90905747,6,0,0,28160,6,1286429924
9425,44320121,55258802,99578923,4,0,1,2048,5,8541897090
9426,44328079,46822755,91150834,9,0,0,48640,10,9103901550
9427,44337531,55263722,99601253,7,0,1,39936,13,2721614235
9428,44338001,55264238,99602239,4,0,1,1536,5,953625368
9429,44338151,55343090,99681241,7,0,1,151040,13,7308893428
9430,44339201,55342808,99682009,4,0,1,11776,5,10662911889
9431,44345221,55353943,99699164,4,0,1,5120,5,2851133138
9432,44354871,55351731,99706602,4,0,1,3072,5,8027849542
9433,44367529,46619395,90986924,9,0,0,6144,10,4016479270
9434,44369780,46356773,90726553,6,0,0,3072,6,5259485406
9435,44373480,55333145,99706625,2,0,1,512,18,2083267412
9436,44377961,55350283,99728244,7,0,1,31232,13,4152366787
9437,44378501,46527760,90906261,4,0,0,512,5,5026923547
9438,44383531,55381745,99765276,7,0,1,55808,13,1515350654
9439,44385831,55394146,99779977,4,0,1,55808,5,9857500941
9440,44390150,55399751,99789901,2,0,1,3584,18,5591063692
9441,44398499,46586309,90984808,9,0,0,6144,10,1375739364
9442,44403480,55388201,99791681,2,0,1,11264,18,5020735341
9443,44422649,46860132,91282781,9,0,0,27136,10,3327991032
9444,44439400,55356173,99795573,6,0,1,6144,6,10622666994
9445,44440281,46345648,90785929,4,0,0,512,5,8636633194
9446,44447190,55350649,99797839,6,0,1,3584,6,1174039972
9447,44447350,55363049,99810399,5,0,1,16896,0,10607604420
9448,44448310,55369181,99817491,6,0,1,11264,6,5502075028
9449,44450200,55372437,99822637,3,0,1,8192,5,200388429
9450,44450520,55374703,99825223,6,0,1,4096,6,3450160659
9451,44459121,46824632,91283753,4,0,0,2048,5,277478736
9452,44459590,55367016,99826606,5,0,1,14848,0,4853193932
9453,44462259,46812231,91274490,9,0,0,89088,10,9494525661
9454,44465750,46558778,91024528,5,0,0,72192,0,1571454534
9455,44475231,46821537,91296768,4,0,0,1024,5,3399638614
9456,44475301,46522062,90997363,4,0,0,1536,5,6850906271
9457,44478809,46908945,91387754,9,0,0,32768,10,7169348608
9458,44491810,55336217,99828027,9,0,1,12288,10,2232815013
9459,44495390,55383510,99878900,9,0,1,90112,10,826720795
9460,44498540,55383050,99881590,5,0,1,7680,0,9574533219
9461,44507450,46548428,91055878,6,0,0,2560,6,3175411584
9462,44514160,55379065,99893225,8,0,1,2048,13,9216484606
9463,44514210,55379038,99893248,8,0,1,3072,13,9167522465
9464,44521710,46614273,91135983,5,0,0,20480,0,9992766312
9465,44522220,55372745,99894965,5,0,1,5120,0,3029239956
9466,44527500,46836964,91364464,6,0,0,6656,6,3834002690
9467,44537410,55361421,99898831,5,0,1,6144,0,10183542795
9468,44545840,55353977,99899817,2,0,1,1536,18,8669040242
9469,44546471,46507619,91054090,4,0,0,512,5,8441394169
9470,44548600,55351563,99900163,2,0,1,512,18,1341767504
9471,44549910,55351738,99901648,1,0,1,15360,8,4048497696
9472,44554590,46408797,90963387,6,0,0,2560,6,10091552271
9473,44556850,46681836,91238686,5,0,0,25600,0,4450066534
9474,44563549,46566079,91129628,9,0,0,27648,10,8192716877
9475,44563680,55338634,99902314,5,0,1,1024,0,5645610117
9476,44566779,46459800,91026579,9,0,0,6656,10,6620102053
9477,44568920,46792947,91361867,5,0,0,51712,0,8583936718
9478,44571701,46468435,91040136,4,0,0,1024,5,4705527336
9479,44571951,46790407,91362358,4,0,0,1536,5,4653569861
9480,44574829,46771259,91346088,9,0,0,86016,10,539380532
9481,44579110,55326750,99905860,2,0,1,5632,18,10354256270
9482,44583860,46497489,91081349,6,0,0,19456,6,3618920768
9483,44587310,55326239,99913549,2,0,1,6144,18,9889130698
9484,44590620,55322952,99913572,5,0,1,8704,0,4478864468
9485,44591670,55321925,99913595,8,0,1,2048,13,6184572533
9486,44597210,55316408,99913618,5,0,1,2560,0,1769209587
9487,44600280,55318843,99919123,5,0,1,22016,0,9143503143
9488,44601300,55318809,99920109,5,0,1,1536,0,7051031232
9489,44604850,46324226,90929076,5,0,0,5632,0,7310834378
9490,44605730,46486412,91092142,6,0,0,24576,6,3548125890
9491,44610440,55311935,99922375,8,0,1,3584,13,8457262011
9492,44623220,55301741,99924961,3,0,1,4096,5,4276996592
9493,44625640,55318773,99944413,5,0,1,22528,0,1249352912
9494,44633810,55316519,99950329,5,0,1,22016,0,7300129509
9495,44654350,46858825,91513175,5,0,0,150016,0,3251946499
9496,44656490,55344939,100001429,3,0,1,12288,5,2977973965
9497,44659510,55342265,100001775,2,0,1,512,18,5225419623
9498,44663680,55355510,100019190,3,0,1,7168,5,1022711963
9499,44665800,55353413,100019213,5,0,1,4096,0,4353559053
9500,44669700,55355853,100025553,2,0,1,8192,18,5828371785
9501,44683010,55344249,100027259,3,0,1,4608,5,5334340437
9502,44685150,46731023,91416173,7,0,0,31232,13,8039926699
9503,44685210,46719045,91404255,5,0,0,49152,0,606511263
9504,44692500,46514615,91207115,5,0,0,5120,0,9667909379
9505,44692570,55339835,100032405,3,0,1,8192,5,7307182665
9506,44710020,55325931,100035951,8,0,1,5632,13,1560331723
9507,44716890,55321007,100037897,2,0,1,3072,18,36788090
9508,44720130,46595183,91315313,6,0,0,2560,6,7896067213
9509,44730420,55312623,100043043,3,0,1,8192,5,8043738081
9510,44730770,55312619,100043389,5,0,1,512,0,3508016801
9511,44738900,55307395,100046295,2,0,1,4608,18,6756921564
9512,44741450,46636297,91377747,6,0,0,43520,6,456962576
9513,44744260,55304941,100049201,3,0,1,4608,5,6025559584
9514,44745541,46811824,91557365,4,0,0,1536,5,530138127
9515,44750471,46532512,91282983,4,0,0,512,5,1761636387
9516,44753490,55297337,100050827,5,0,1,2560,0,5643570760
9517,44760840,55292573,100053413,2,0,1,4096,18,5607899282
9518,44761600,46754094,91515694,5,0,0,8192,0,3896184243
9519,44767970,55287069,100055039,5,0,1,2560,0,10063872393
9520,44785799,46753888,91539687,9,0,0,54272,10,1209919246
9521,44797020,55336763,100133783,8,0,1,19968,13,2291430663
9522,44803520,55332529,100136049,5,0,1,3584,0,1427260555
9523,44806450,55333145,100139595,5,0,1,5632,0,10252427536
9524,44813019,46710101,91523120,9,0,0,24064,10,6322197479
9525,44817200,55323381,100140581,5,0,1,1536,0,7049025957
9526,44825790,55319297,100145087,3,0,1,7168,5,9729841688
9527,44830430,55319509,100149939,8,0,1,7680,13,7391333621
9528,44837030,55313575,100150605,3,0,1,1024,5,7415974199
9529,44837431,46761481,91598912,4,0,0,3584,5,3949777956
9530,44844920,55312561,100157481,5,0,1,4096,0,2096913566
9531,44848930,55308574,100157504,8,0,1,512,13,3823392539
9532,44849160,46745322,91594482,6,0,0,35840,6,7110557272
9533,44857250,55300277,100157527,5,0,1,1536,0,9509964518
9534,44859690,55298405,100158095,5,0,1,5632,0,3597720469
9535,44861610,46929972,91791582,5,0,0,34816,0,971285504
9536,44867881,46673857,91541738,6,0,0,6656,6,2731150072
9537,44870730,55292537,100163267,8,0,1,8192,13,2540280592
9538,44877701,55287512,100165213,0,0,1,3072,14,4452943872
9539,44880860,55508188,100389048,6,0,1,65024,6,5447264223
9540,44884210,55511679,100395889,5,0,1,7680,0,2117625187
9541,44888080,55537365,100425445,6,0,1,7168,6,1183034742
9542,44890900,46660541,91551441,5,0,0,31744,0,7940585547
9543,44896800,55565736,100462536,6,0,1,63488,6,3206440441
9544,44906010,55636604,100542614,8,0,1,1024,13,7382908316
9545,44906090,46731291,91637381,5,0,0,32256,0,7462175948
9546,44914050,46683731,91597781,5,0,0,10752,0,2584232607
9547,44937300,55607193,100544493,8,0,1,3072,13,8854029470
9548,44939471,46513285,91452756,6,0,0,3072,6,5365096663
9549,44939970,55625059,100565029,5,0,1,14848,0,8837000392
9550,44940320,55625067,100565387,5,0,1,5632,0,45287798
9551,44942900,46763715,91706615,5,0,0,60416,0,8770695351
9552,44943990,46985686,91929676,5,0,0,3072,0,5190820276
9553,44962119,46836111,91798230,9,0,0,11264,10,2159486737
9554,44976651,46788987,91765638,6,0,0,6144,6,4186211831
9555,44980380,55617819,100598199,6,0,1,37376,6,8160658297
9556,44983800,55697840,100681640,6,0,1,62464,6,5481932576
9557,44991650,55692757,100684407,2,0,1,2048,18,6414332530
9558,44993610,55739148,100732758,6,0,1,35840,6,3902173142
9559,45000290,55776583,100776873,2,0,1,1024,18,8631794353
9560,45000650,55776246,100776896,2,0,1,2048,18,9486626380
9561,45017520,55759399,100776919,5,0,1,3584,0,5016486026
9562,45025511,55751431,100776942,4,0,1,11776,5,6001700816
9563,45031481,46656703,91688184,6,0,0,29696,6,6816414311
9564,45037499,46801558,91839057,9,0,0,88064,10,6842308114
9565,45038161,46568504,91606665,4,0,0,3072,5,8645299504
9566,45038240,55738725,100776965,2,0,1,512,18,1344017010
9567,45045050,46624306,91669356,5,0,0,18432,0,8172974690
9568,45053240,55724083,100777323,5,0,1,5632,0,3135299750
9569,45058320,46714644,91772964,5,0,0,10752,0,8801141160
9570,45074681,46796547,91871228,4,0,0,512,5,212362291
9571,45082201,46717456,91799657,6,0,0,4608,6,10037288836
9572,45086220,46841502,91927722,5,0,0,31744,0,5581753365
9573,45097279,47046284,92143563,9,0,0,252928,10,533751769
9574,45105651,46850195,91955846,4,0,0,4096,5,4580725797
9575,45105941,46838350,91944291,6,0,0,18944,6,4127752571
9576,45106620,55862746,100969366,6,0,1,245760,6,4916516832
9577,45118940,55850449,100969389,5,0,1,3584,0,5405425413
9578,45122420,55862326,100984746,6,0,1,7168,6,4187586244
9579,45123270,55960431,101083701,2,0,1,18432,18,7695035239
9580,45125080,55958652,101083732,2,0,1,1024,18,4537703452
9581,45126991,55956764,101083755,4,0,1,13824,5,6116218521
9582,45133030,55952533,101085563,8,0,1,5632,13,10140544369
9583,45134661,55951104,101085765,5,0,1,5632,0,29653094
9584,45136630,55972637,101109267,5,0,1,7168,0,4308279125
9585,45137950,46892714,92030664,5,0,0,29696,0,6790848779
9586,45140911,56033216,101174127,7,0,1,37888,13,832367140
9587,45147080,56049158,101196238,5,0,1,6144,0,6551181052
9588,45159750,46893591,92053341,5,0,0,43008,0,178979652
9589,45162100,56039470,101201570,8,0,1,15360,13,1694298855
9590,45164690,56050270,101214960,6,0,1,4096,6,7309241082
9591,45165741,46634407,91800148,4,0,0,1536,5,7664858041
9592,45169651,56083813,101253464,4,0,1,26112,5,10662670462
9593,45173801,46697248,91871049,6,0,0,31744,6,2292510043
9594,45174091,56129105,101303196,4,0,1,32256,5,4888754091
9595,45180260,56270559,101450819,6,0,1,76288,6,1348400713
9596,45180890,56274755,101455645,8,0,1,7680,13,6040879808
9597,45181009,46969152,92150161,9,0,0,20992,10,4959983933
9598,45181640,46611548,91793188,5,0,0,5120,0,648122089
9599,45187829,46723729,91911558,9,0,0,24064,10,9030789353
9600,45188440,56416910,101605350,6,0,1,110080,6,4080686123
9601,45194831,56411326,101606157,7,0,1,20480,13,2892983477
9602,45201529,46959887,92161416,9,0,0,36864,10,289269371
9603,45206871,46679515,91886386,4,0,0,512,5,10456339683
9604,45207330,56424685,101632015,8,0,1,512,13,3017333926
9605,45215781,46927961,92143742,4,0,0,512,5,6786886282
9606,45227290,56431481,101658771,6,0,1,43008,6,10358111522
9607,45239731,46606704,91846435,6,0,0,1536,6,1922374345
9608,45245040,56472816,101717856,6,0,1,12288,6,2909378483
9609,45253540,56464339,101717879,5,0,1,5120,0,8288652251
9610,45254699,46955760,92210459,9,0,0,35840,10,8387567092
9611,45255890,46698685,91954575,5,0,0,17408,0,5500718659
9612,45261540,56491918,101753458,6,0,1,106496,6,10559818243
9613,45269150,56507262,101776412,5,0,1,3584,0,2145164022
9614,45272140,46730177,92002317,5,0,0,36864,0,2515682161
9615,45278920,46958430,92237350,5,0,0,84992,0,3126192547
9616,45280910,56500008,101780918,5,0,1,7168,0,5203342138
9617,45305451,46856191,92161642,4,0,0,512,5,3992150900
9618,45306630,56474954,101781584,2,0,1,1024,18,3463959132
9619,45312650,56472480,101785130,2,0,1,5632,18,7193280484
9620,45313761,46718642,92032403,6,0,0,5632,6,6596556600
9621,45313980,56480660,101794640,8,0,1,13312,13,319428788
9622,45315460,56479436,101794896,5,0,1,9216,0,10214354723
9623,45317131,47169945,92487076,4,0,0,86016,5,4178327435
9624,45323441,46848170,92171611,6,0,0,16896,6,751398366
9625,45324250,56527846,101852096,5,0,1,512,0,8665923624
9626,45326920,56525199,101852119,2,0,1,2560,18,1937123316
9627,45329010,56523132,101852142,2,0,1,5632,18,5793601734
9628,45332910,56638702,101971612,6,0,1,115200,6,8539787784
9629,45342180,56632978,101975158,2,0,1,5632,18,8852846218
9630,45344160,47014965,92359125,5,0,0,71680,0,10035024393
9631,45347690,56768651,102116341,9,0,1,43520,10,7164711669
9632,45353700,56769801,102123501,5,0,1,5632,0,5799525013
9633,45355020,56769249,102124269,8,0,1,11776,13,8811580500
9634,45356720,56834255,102190975,2,0,1,7680,18,5174350848
9635,45357971,47161329,92519300,6,0,0,34304,6,6956820768
9636,45360271,47329775,92690046,4,0,0,258560,5,2080074032
9637,45363020,57023877,102386897,6,0,1,135168,6,204207226
9638,45368250,57019953,102388203,2,0,1,2048,18,3618034292
9639,45368990,57019879,102388869,8,0,1,1024,13,1986039422
9640,45373870,57020914,102394784,6,0,1,5120,6,7495924321
9641,45376110,57019660,102395770,5,0,1,1536,0,2700784487
9642,45380030,47154204,92534234,5,0,0,1536,0,4606692150
9643,45384200,57084484,102468684,6,0,1,83456,6,4036064379
9644,45392430,57078520,102470950,2,0,1,3584,18,9402612912
9645,45393070,57130455,102523525,6,0,1,55808,6,4372286686
9646,45400130,57123959,102524089,8,0,1,10752,13,10417657108
9647,45400640,47141766,92542406,6,0,0,8192,6,4710680634
9648,45412520,57111915,102524435,2,0,1,512,18,7587868505
9649,45416300,57133250,102549550,8,0,1,8192,13,8706115950
9650,45418430,57132106,102550536,5,0,1,1536,0,1667698788
9651,45423601,47171013,92594614,4,0,0,15872,5,2043761121
9652,45426350,57250083,102676433,6,0,1,169472,6,7092474822
9653,45430249,47292923,92723172,9,0,0,42496,10,6154716437
9654,45431720,47167530,92599250,5,0,0,6144,0,2508853109
9655,45437940,57557162,102995102,6,0,1,300544,6,1221268927
9656,45443871,57553149,102997020,0,0,1,2560,14,2914561454
9657,45460221,47327265,92787486,6,0,0,25600,6,4848367627
9658,45461680,57535363,102997043,6,0,1,1024,6,3836836707
9659,45463710,57533356,102997066,6,0,1,28672,6,8007966579
9660,45464161,57532936,102997097,0,0,1,2048,14,10332960753
9661,45470420,47401288,92871708,5,0,0,28672,0,6903589132
9662,45473290,57524694,102997984,8,0,1,2560,13,3917001315
9663,45473570,57525400,102998970,2,0,1,1536,18,4751454632
9664,45474451,57524865,102999316,0,0,1,512,14,5723235661
9665,45478970,57580510,103059480,6,0,1,53248,6,7625360800
9666,45482910,47334834,92817744,5,0,0,17920,0,8035819830
9667,45484520,57598808,103083328,6,0,1,49664,6,6844909529
9668,45485551,57597800,103083351,0,0,1,4096,14,6999975917
9669,45495189,47388309,92883498,9,0,0,8704,10,10041368256
9670,45499630,57587567,103087197,2,0,1,4096,18,6350834670
9671,45499780,57605783,103105563,6,0,1,45056,6,4808254953
9672,45502860,57644647,103147507,8,0,1,6656,13,395694072
9673,45506120,47451658,92957778,5,0,0,44032,0,3320609637
9674,45524520,57625573,103150093,8,0,1,4096,13,2463781456
9675,45525460,47701993,93227453,5,0,0,254976,0,2865607102
9676,45529611,57623414,103153025,0,0,1,4608,14,8253852312
9677,45532851,47515233,93048084,6,0,0,18432,6,4639557083
9678,45546750,47750464,93297214,5,0,0,129536,0,114896447
9679,45574650,57664105,103238755,6,0,1,100864,6,8368690104
9680,45575200,57663578,103238778,8,0,1,2048,13,2121000649
9681,45592981,47448338,93041319,4,0,0,15872,5,7941011894
9682,45600451,57638350,103238801,0,0,1,11264,14,9077473988
9683,45601740,57637084,103238824,8,0,1,16896,13,558965718
9684,45603851,57634996,103238847,0,0,1,3072,14,1128914112
9685,45609430,47376686,92986116,5,0,0,19968,0,400987458
9686,45610660,57637677,103248337,6,0,1,5632,6,6987089218
9687,45610840,47740477,93351317,5,0,0,92672,0,5233834961
9688,45612191,47844471,93456662,6,0,0,11264,6,10686804709
9689,45612551,57637169,103249720,0,0,1,14848,14,7571794686
9690,45638841,47991796,93630637,4,0,0,75264,5,9029360062
9691,45638951,47605841,93244792,4,0,0,56832,5,7991718924
9692,45639340,57611046,103250386,6,0,1,1024,6,1518969450
9693,45642281,57609091,103251372,0,0,1,1536,14,6087852253
9694,45645210,57608748,103253958,2,0,1,4096,18,5178946390
9695,45645490,57633093,103278583,2,0,1,18432,18,7266261986
9696,45659460,57619146,103278606,1,0,1,17920,8,6524428580
9697,45668431,47652383,93320814,4,0,0,25088,5,4436414958
9698,45668799,47798494,93467293,9,0,0,34816,10,4568518725
9699,45674061,47699385,93373446,6,0,0,46592,6,4525888193
9700,45674451,57604178,103278629,7,0,1,15360,13,10309705661
9701,45680460,57657365,103337825,6,0,1,61952,6,8602446930
9702,45691881,57725630,103417511,7,0,1,98816,13,6968300752
9703,45706240,57813614,103519854,6,0,1,79360,6,7374129815
9704,45712009,47741198,93453207,9,0,0,73216,10,4416130719
9705,45713941,47543735,93257676,6,0,0,41984,6,253175724
9706,45716921,57813347,103530268,7,0,1,38400,13,182939110
9707,45721001,57864316,103585317,0,0,1,17920,14,9971460711
9708,45727361,47844786,93572147,6,0,0,73728,6,4399463576
9709,45731770,57853570,103585340,6,0,1,10240,6,5505489107
9710,45733689,47765784,93499473,9,0,0,5120,10,226018944
9711,45744961,57842781,103587742,7,0,1,39936,13,10737193264
9712,45746810,57840955,103587765,2,0,1,1536,18,9166850800
9713,45748010,57839850,103587860,8,0,1,13312,13,141981920
9714,45748609,47906699,93655308,9,0,0,80896,10,3277836799
9715,45749820,47927983,93677803,6,0,0,73728,6,6565394060
9716,45751811,57877458,103629269,0,0,1,1536,14,4983927141
9717,45753830,57875462,103629292,2,0,1,1024,18,4450337673
9718,45770131,48003529,93773660,6,0,0,28160,6,8809035236
9719,45778009,48136877,93914886,9,0,0,68096,10,10312314228
9720,45783010,57846305,103629315,8,0,1,6144,13,8830665022
9721,45783170,57848516,103631686,2,0,1,5120,18,4462474448
9722,45783871,57983464,103767335,7,0,1,104960,13,4815413774
9723,45785201,47922467,93707668,6,0,0,37888,6,10730576237
9724,45790231,48011380,93801611,6,0,0,6144,6,6226503575
9725,45796230,58014495,103810725,6,0,1,41984,6,9521074100
9726,45802271,58050805,103853076,7,0,1,71168,13,10515115739
9727,45805631,48083891,93889522,6,0,0,512,6,1939744243
9728,45816511,58037231,103853742,0,0,1,11264,14,2990889434
9729,45818800,58037208,103856008,8,0,1,3584,13,1197082320
9730,45829451,48037479,93866930,4,0,0,104448,5,10604096567
9731,45831011,58025343,103856354,0,0,1,512,14,794101399
9732,45838410,58018098,103856508,3,0,1,8704,5,8080026676
9733,45846251,58011563,103857814,0,0,1,2048,14,2603876651
9734,45850511,48209160,94059671,4,0,0,20480,5,8235011144
9735,45858820,58000300,103859120,3,0,1,2048,5,330720821
9736,45859860,58003126,103862986,8,0,1,6144,13,8680546428
9737,45861660,58007881,103869541,6,0,1,22016,6,6085190931
9738,45865710,58008337,103874047,8,0,1,7168,13,10716602353
9739,45875130,58000223,103875353,2,0,1,2048,18,10368943068
9740,45875210,58004325,103879535,8,0,1,13312,13,6096786551
9741,45877121,48411834,94288955,4,0,0,187392,5,8856236919
9742,45877341,58024092,103901433,0,0,1,3584,14,7721062115
9743,45877529,48295812,94173341,9,0,0,512,10,6620877463
9744,45879371,58048355,103927726,7,0,1,60416,13,2953388343
9745,45890410,58081220,103971630,3,0,1,13824,5,210920468
9746,45893850,58081966,103975816,2,0,1,6656,18,4901365725
9747,45894200,58085482,103979682,8,0,1,6144,13,6039245059
9748,45896091,58377383,104273474,7,0,1,288256,13,1616993203
9749,45896160,58380220,104276380,3,0,1,4608,5,540010191
9750,45896721,48592214,94488935,4,0,0,230912,5,3330776335
9751,45896890,58379849,104276739,8,0,1,9728,13,2607339896
9752,45906930,58371755,104278685,2,0,1,3072,18,4403071437
9753,45912291,48587577,94499868,6,0,0,23040,6,4349603413
9754,45915110,58365841,104280951,3,0,1,3584,5,4734096184
9755,45915759,48459955,94375714,9,0,0,51712,10,840332837
9756,45917870,58459249,104377119,6,0,1,89088,6,1012896618
9757,45918370,58492342,104410712,3,0,1,1024,5,10374500882
9758,45921281,48658444,94579725,6,0,0,29696,6,2473009483
9759,45927310,58483425,104410735,3,0,1,2048,5,1040807382
9760,45927779,48698715,94626494,9,0,0,17920,10,9185199013
9761,45929680,58490773,104420453,6,0,1,48128,6,6617048791
9762,45930629,48562119,94492748,9,0,0,12288,10,9019922085
9763,45937670,58685014,104622684,6,0,1,258560,6,4276485584
9764,45939160,58683547,104622707,2,0,1,4608,18,10206486610
9765,45941531,58681534,104623065,7,0,1,37376,13,10665913795
9766,45942390,58680698,104623088,3,0,1,512,5,8385933317
9767,45947930,58675197,104623127,2,0,1,5120,18,1793798252
9768,45951821,48649006,94600827,6,0,0,2048,6,804944966
9769,45957420,58736983,104694403,6,0,1,130048,6,3082050235
9770,45959389,48541173,94500562,9,0,0,2048,10,1476191651
9771,45968181,58745639,104713820,7,0,1,27136,13,5807940535
9772,45997589,48656387,94653976,9,0,0,1536,10,8357434059
9773,46000251,58720661,104720912,7,0,1,11264,13,7628320688
9774,46015881,48605130,94621011,4,0,0,27648,5,1698625541
9775,46018901,48743007,94761908,4,0,0,62464,5,2791189414
9776,46024161,48689556,94713717,6,0,0,1536,6,123190987
9777,46027790,58693481,104721271,8,0,1,9728,13,1838553731
9778,46032161,48533874,94566035,6,0,0,512,6,2752317240
9779,46039670,58689912,104729582,2,0,1,15360,18,10167455748
9780,46044221,48865658,94909879,4,0,0,19968,5,7517405841
9781,46046020,58706640,104752660,6,0,1,13824,6,10704118525
9782,46057051,58718814,104775865,4,0,1,48640,5,4029664918
9783,46065171,58769808,104834979,4,0,1,80384,5,8217701701
9784,46089229,48728862,94818091,9,0,0,5120,10,2503885157
9785,46100160,58738045,104838205,3,0,1,5120,5,10113187023
9786,46101090,58743939,104845029,9,0,1,40448,10,6780062564
9787,46101861,58779730,104881591,4,0,1,45568,5,2605606253
9788,46104740,58778739,104883479,3,0,1,512,5,5212001410
9789,46108041,48689808,94797849,6,0,0,512,6,10118920512
9790,46111439,48661926,94773365,9,0,0,12288,10,7912464180
9791,46111961,48820442,94932403,4,0,0,9216,5,8017980344
9792,46113710,58793504,104907214,6,0,1,47104,6,6198274321
9793,46121540,58799630,104921170,6,0,1,35840,6,8576165059
9794,46125860,58796386,104922246,3,0,1,13312,5,5128833623
9795,46131229,48919140,95050369,9,0,0,5632,10,8624373714
9796,46132910,58825278,104958188,3,0,1,22528,5,5470848641
9797,46133250,58825882,104959132,3,0,1,11776,5,4882673800
9798,46134781,48871681,95006462,4,0,0,28160,5,5748419241
9799,46150001,48711537,94861538,6,0,0,1024,6,851238868
9800,46151421,58829839,104981260,4,0,1,42496,5,2385675070
9801,46156101,48747648,94903749,4,0,0,12800,5,3888819974
9802,46167731,58857746,105025477,7,0,1,53760,13,3345546825
9803,46172391,49105611,95278002,6,0,0,512,6,7373748829
9804,46176111,58867923,105044034,0,0,1,2048,14,4118227983
9805,46185951,48884385,95070336,6,0,0,1024,6,8318213780
9806,46186759,49091056,95277815,9,0,0,71680,10,4618152581
9807,46188401,58857259,105045660,0,0,1,2560,14,9889222841
9808,46190681,48945272,95135953,4,0,0,45056,5,9722549261
9809,46191139,49064813,95255952,9,0,0,41472,10,4514757218
9810,46195601,49238705,95434306,6,0,0,512,6,1047607772
9811,46195851,58854955,105050806,0,0,1,8192,14,8712715892
9812,46197830,58864831,105062661,6,0,1,48128,6,10568197115
9813,46197911,49348947,95546858,4,0,0,56832,5,8774770054
9814,46199480,58864487,105063967,3,0,1,2048,5,1090930063
9815,46207550,58882047,105089597,6,0,1,26112,6,7687794094
9816,46210551,48925760,95136311,6,0,0,1024,6,7292629150
9817,46221301,48980236,95201537,4,0,0,9216,5,773798669
9818,46222289,49284685,95506974,9,0,0,97280,10,7919508477
9819,46240741,58850482,105091223,0,0,1,2560,14,4447500067
9820,46263511,48911182,95174693,4,0,0,16896,5,5949032185
9821,46282369,48828643,95111012,9,0,0,25088,10,4354147880
9822,46286371,49036078,95322449,6,0,0,512,6,3671251218
9823,46287581,58803988,105091569,0,0,1,512,14,851507763
9824,46293131,49027943,95321074,4,0,0,18432,5,1447556187
9825,46297201,58798874,105096075,0,0,1,7168,14,3869169269
9826,46302171,49175086,95477257,4,0,0,139264,5,9043252982
9827,46320600,58824204,105144804,6,0,1,79872,6,7576468160
9828,46325020,58858814,105183834,6,0,1,20480,6,9996916809
9829,46328760,58856380,105185140,2,0,1,2048,18,8087028734
9830,46348961,49163642,95512603,6,0,0,2048,6,3572715095
9831,46365651,49255100,95620751,4,0,0,43520,5,1349460511
9832,46376891,58809555,105186446,0,0,1,2048,14,9375988342
9833,46387050,58907015,105294065,6,0,1,53248,6,2486713855
9834,46391131,58902965,105294096,7,0,1,7680,13,1915278432
9835,46398951,58895168,105294119,7,0,1,2560,13,3912638086
9836,46410381,58883761,105294142,0,0,1,1536,14,2519920086
9837,46413431,48925172,95338603,6,0,0,512,6,6179040249
9838,46431561,58862604,105294165,0,0,1,1024,14,8850253105
9839,46431829,49217819,95649648,9,0,0,36864,10,9420705197
9840,46433610,58926461,105360071,6,0,1,119296,6,4397273710
9841,46438041,48700711,95138752,4,0,0,6656,5,5205319877
9842,46442511,58921328,105363839,0,0,1,10240,14,7850347070
9843,46447309,49063432,95510741,9,0,0,12288,10,9668555741
9844,46460901,58907764,105368665,0,0,1,7680,14,3900553196
9845,46482970,58970564,105453534,6,0,1,92160,6,6008022989
9846,46496559,48818697,95315256,9,0,0,46080,10,4226351517
9847,46497180,58964355,105461535,6,0,1,18432,6,5162554016
9848,46503960,58958241,105462201,8,0,1,1024,13,7242625490
9849,46504221,58966938,105471159,0,0,1,7168,14,7984373780
9850,46508881,59056032,105564913,7,0,1,96256,13,2251701756
9851,46517900,59077411,105595311,8,0,1,2560,13,6859695428
9852,46523091,59072294,105595385,0,0,1,1536,14,10238328598
9853,46560711,59035660,105596371,0,0,1,1536,14,6612548808
9854,46566660,48945242,95511902,6,0,0,2048,6,9553350528
9855,46569270,48941985,95511255,6,0,0,1536,6,4934213035
9856,46578511,59018846,105597357,0,0,1,1536,14,3931005788
9857,46583300,59127387,105710687,6,0,1,103424,6,8759348934
9858,46587561,59123149,105710710,0,0,1,10752,14,7569089697
9859,46590920,59197796,105788716,9,0,1,105472,10,3751625773
9860,46600360,59189995,105790355,8,0,1,7680,13,7305237089
9861,46605551,49190635,95796186,4,0,0,53760,5,8133329505
9862,46606820,59299511,105906331,6,0,1,119296,6,7607985095
9863,46607070,59301492,105908562,6,0,1,1536,6,6001357176
9864,46615380,59295448,105910828,8,0,1,3584,13,7065908396
9865,46619060,59292946,105912006,8,0,1,13824,13,10002544407
9866,46633870,48681565,95315435,6,0,0,512,6,1297091397
9867,46637270,48882878,95520148,6,0,0,512,6,6731337521
9868,46642330,59275680,105918010,8,0,1,20480,13,2028470067
9869,46642351,48947479,95589830,4,0,0,7168,5,8185442726
9870,46661150,59257526,105918676,8,0,1,1024,13,5951548675
9871,46672711,59247911,105920622,0,0,1,3072,14,4031888824
9872,46674631,49073904,95748535,4,0,0,187904,5,1680381908
9873,46679940,59270091,105950031,6,0,1,18944,6,7914976404
9874,46686050,59265287,105951337,8,0,1,2048,13,4378261581
9875,46688000,59283537,105971537,6,0,1,7680,6,2131372055
9876,46690231,59282932,105973163,0,0,1,2560,14,8828794021
9877,46691871,59310858,106002729,4,0,1,47104,5,7791670316
9878,46709480,59295515,106004995,8,0,1,3584,13,7277280464
9879,46722801,48824236,95547037,6,0,0,512,6,4002188677
9880,46726921,59294167,106021088,0,0,1,3584,14,8702958851
9881,46748691,59274343,106023034,4,0,1,3072,5,2759309823
9882,46750390,48769579,95519969,6,0,0,2048,6,7944859993
9883,46770451,59256155,106026606,0,0,1,5632,14,1498014935
9884,46798181,59231331,106029512,0,0,1,4608,14,735595695
9885,46815051,59215434,106030485,4,0,1,12800,5,5074847280
9886,46818330,59251090,106069420,8,0,1,512,13,5489602026
9887,46827720,59241723,106069443,8,0,1,1536,13,1187107456
9888,46831031,59238435,106069466,0,0,1,2048,14,5851224077
9889,46837971,59231697,106069668,4,0,1,17408,5,1927707979
9890,46845121,59236214,106081335,0,0,1,5120,14,5791385866
9891,46875131,59243922,106119053,4,0,1,62464,5,213824265
9892,46895421,59273551,106168972,7,0,1,60416,13,10315461412
9893,46989761,59185208,106174969,4,0,1,19968,5,2259450349
9894,47064141,59133219,106197360,0,0,1,5632,14,7398665453
9895,47094471,48657839,95752310,4,0,0,12288,5,3560794141
9896,47100551,59195720,106296271,4,0,1,38400,5,5240055285
9897,47105371,59193038,106298409,4,0,1,19968,5,4587273306
9898,47110980,59188095,106299075,3,0,1,1024,5,2738396218
9899,47117650,59187557,106305207,3,0,1,9728,5,3182465649
9900,47119411,59186462,106305873,0,0,1,11264,14,10689882958
9901,47125861,59180473,106306334,0,0,1,10240,14,8109707394
9902,47149811,59333923,106483734,4,0,1,236544,5,2874115899
9903,47157971,48533289,95691260,4,0,0,14848,5,10178191319
9904,47169490,59318110,106487600,3,0,1,6144,5,3096733390
9905,47189190,59307987,106497177,9,0,1,8192,10,9769171243
9906,47198611,59300192,106498803,0,0,1,2560,14,4541317981
9907,47200011,59302249,106502260,0,0,1,16384,14,5977831046
9908,47208311,48644621,95852932,4,0,0,39936,5,6560566107
9909,47217571,59289861,106507432,0,0,1,8192,14,6129949679
9910,47217651,59290037,106507688,4,0,1,9216,5,878150892
9911,47230901,59278413,106509314,0,0,1,2560,14,1730562217
9912,47242821,48620742,95863563,4,0,0,34816,5,3962747369
9913,47265721,48607069,95872790,4,0,0,30208,5,10162083768
9914,47268481,59258474,106526955,4,0,1,26112,5,2617868378
9915,47308451,59222845,106531296,0,0,1,14336,14,697453893
9916,47331841,48599192,95931033,4,0,0,15872,5,9677257859
9917,47360471,59171171,106531642,0,0,1,512,14,5257308921
9918,47366911,48769125,96136036,4,0,0,167424,5,10575727092
9919,47400061,59132887,106532948,0,0,1,2048,14,9981186858
9920,47409661,59137634,106547295,0,0,1,13312,14,9674303550
9921,47409961,48507484,95917445,4,0,0,22016,5,8948185070
9922,47434661,59112980,106547641,0,0,1,512,14,4553816754
9923,47434871,59113116,106547987,0,0,1,512,14,3876294784
9924,47436920,59113013,106549933,5,0,1,3072,0,2420290151
9925,47463670,59097987,106561657,5,0,1,1024,0,8617296667
9926,47468821,48409764,95878585,4,0,0,18944,5,80227494
9927,47469071,59093892,106562963,0,0,1,2048,14,862174606
9928,47471111,59092198,106563309,0,0,1,512,14,9816698520
9929,47475160,59092655,106567815,5,0,1,7168,0,8545904644
9930,47480671,48468270,95948941,4,0,0,40960,5,1616986144
9931,47489710,59096192,106585902,5,0,1,11264,0,9011462402
9932,47517370,59165483,106682853,6,0,1,113152,6,284484248
9933,47551150,59162036,106713186,6,0,1,26112,6,10014489324
9934,47555601,48637001,96192602,4,0,0,66048,5,4423395077
9935,47558020,59159352,106717372,6,0,1,6656,6,4049092356
9936,47561460,59392009,106953469,6,0,1,236032,6,3074340597
9937,47562211,59391281,106953492,0,0,1,6656,14,6774181012
9938,47564250,59389265,106953515,5,0,1,512,0,8063759421
9939,47577200,59458938,107036138,6,0,1,94208,6,2614009234
9940,47612279,48669406,96281685,9,0,0,13312,10,6078309831
9941,47613639,48726408,96340047,9,0,0,25088,10,5629634638
9942,47615920,59428557,107044477,6,0,1,24576,6,416507940
9943,47631240,59445622,107076862,6,0,1,39936,6,276248529
9944,47634450,59448628,107083078,6,0,1,37376,6,7280220493
9945,47637021,59455245,107092266,0,0,1,512,14,9720132058
9946,47651900,59453790,107105690,6,0,1,28160,6,7215841804
9947,47661080,59448666,107109746,5,0,1,5120,0,1374988250
9948,47694571,48542071,96236642,4,0,0,32256,5,7337815626
9949,47712241,48711000,96423241,4,0,0,54272,5,3472209955
9950,47728899,48635230,96364129,9,0,0,18432,10,8017030792
9951,47732929,48671034,96403963,9,0,0,3072,10,9161760756
9952,47751560,59363332,107114892,8,0,1,8192,13,5910648971
9953,47778921,48600781,96379702,4,0,0,11776,5,5324972912
9954,47798549,48470162,96268711,9,0,0,18944,10,139175843
9955,47813771,48469341,96283112,4,0,0,4608,5,2474161533
9956,47828481,48772173,96600654,4,0,0,17408,5,6237958621
9957,47860549,48583026,96443575,9,0,0,17408,10,1872864757
9958,47876269,48446796,96323065,9,0,0,29184,10,5826950115
9959,47877589,48671277,96548866,9,0,0,44544,10,4331931501
9960,47899261,48538987,96438248,4,0,0,49152,5,2997272220
9961,47950269,48627347,96577616,9,0,0,94208,10,4677792963
9962,47952521,59163677,107116198,4,0,1,2048,5,5328505768
9963,47959100,59158404,107117504,2,0,1,2048,18,6280334819
9964,47978870,59141220,107120090,6,0,1,4096,6,4734278140
9965,47979229,48614041,96593270,9,0,0,51200,10,2806137063
9966,47980240,59261654,107241894,6,0,1,226816,6,4099625687
9967,47987199,48676357,96663556,9,0,0,120832,10,5899124548
9968,47987770,59530242,107518012,6,0,1,312832,6,2157814185
9969,48002659,49064498,97067157,9,0,0,72192,10,8528131520
9970,48021471,59506292,107527763,4,0,1,13312,5,4028392695
9971,48027520,59500909,107528429,5,0,1,1024,0,616214786
9972,48028510,59502185,107530695,5,0,1,3584,0,9017590944
9973,48032450,59499231,107531681,6,0,1,1536,6,4281407942
9974,48038260,59509595,107547855,5,0,1,1536,0,9730988423
9975,48051090,59499116,107550206,5,0,1,2560,0,5729061599
9976,48051259,48683501,96734760,9,0,0,4608,10,2966622215
9977,48052091,59511881,107563972,4,0,1,32256,5,4586594458
9978,48053429,48569777,96623206,9,0,0,14848,10,2129926691
9979,48066201,59498437,107564638,0,0,1,1024,14,801925247
9980,48079599,48530476,96610075,9,0,0,6656,10,8769666409
9981,48084660,59523398,107608058,6,0,1,48128,6,5704845060
9982,48087130,59525434,107612564,5,0,1,7168,0,10705551033
9983,48111780,59501130,107612910,5,0,1,512,0,7776187085
9984,48114081,59540254,107654335,7,0,1,60928,13,9085659822
9985,48119411,59554394,107673805,7,0,1,33280,13,1847864973
9986,48122911,59580851,107703762,7,0,1,92160,13,100341909
9987,48157580,59548448,107706028,5,0,1,3584,0,7631133635
9988,48171791,59565245,107737036,4,0,1,34304,5,413423657
9989,48179231,59558151,107737382,7,0,1,512,13,3615776480
9990,48190361,59649529,107839890,7,0,1,113664,13,6992345696
9991,48195451,59644462,107839913,7,0,1,2048,13,4802895852
9992,48203111,59636825,107839936,7,0,1,1024,13,3015119587
9993,48222219,48451107,96673326,9,0,0,8704,10,5676453497
9994,48226720,59731670,107958390,6,0,1,133632,6,4305429935
9995,48232881,48561460,96794341,4,0,0,36352,5,3772676383
9996,48287071,48915041,97202112,4,0,0,20480,5,9336255426
9997,48298449,48864618,97163067,9,0,0,154624,10,3045015394
9998,48322029,48873820,97195849,9,0,0,107008,10,930382244
9999,48336749,48510197,96846946,9,0,0,8192,10,8913250560
10000,48364911,48538625,96903536,4,0,0,14336,5,4374454462
10001,48395061,48836312,97231373,4,0,0,49152,5,4053620754
10002,48415589,48700251,97115840,9,0,0,30208,10,5865384640
10003,48430281,48562073,96992354,4,0,0,47616,5,1222622310
10004,48449021,59514515,107963536,7,0,1,8192,13,9538594743
10005,48462251,59525820,107988071,7,0,1,20480,13,10070575899
10006,48464539,48629204,97093743,9,0,0,2048,10,3127941615
10007,48465680,59545906,108011586,9,0,1,95744,10,9829265043
10008,48466810,59564727,108031537,9,0,1,13312,10,7179618986
10009,48479611,59552272,108031883,7,0,1,512,13,2251242580
10010,48482351,59550198,108032549,7,0,1,1024,13,6734803277
10011,48503120,59531375,108034495,9,0,1,3072,10,7998402115
10012,48511011,59531038,108042049,7,0,1,3072,13,4498280168
10013,48524840,59519155,108043995,3,0,1,3072,5,931261908
10014,48529120,59516181,108045301,3,0,1,2048,5,6952534210
10015,48530961,48819783,97350744,4,0,0,35328,5,4364288078
10016,48541351,48766696,97308047,4,0,0,37376,5,722392012
10017,48549691,59496916,108046607,0,0,1,2048,14,3493440372
10018,48570681,59476272,108046953,7,0,1,512,13,2275664622
10019,48575751,59473468,108049219,7,0,1,3584,13,9222011614
10020,48579621,48717015,97296636,4,0,0,40960,5,7274858986
10021,48590741,59460104,108050845,0,0,1,2560,14,3894124024
10022,48616600,59437471,108054071,3,0,1,5120,5,1666355091
10023,48623021,59432676,108055697,0,0,1,2560,14,9137000806
10024,48638950,59420613,108059563,3,0,1,6144,5,9807033784
10025,48644180,59416369,108060549,8,0,1,1536,13,4055115365
10026,48660929,48742391,97403320,9,0,0,105472,10,4629836972
10027,48662491,59402884,108065375,0,0,1,7680,14,8229765693
10028,48672620,59396621,108069241,5,0,1,6144,0,1467954749
10029,48680811,59391336,108072147,7,0,1,4608,13,9760158208
10030,48686741,59389272,108076013,0,0,1,6144,14,723622513
10031,48702970,59375309,108078279,8,0,1,3584,13,1563163245
10032,48707971,48735465,97443436,4,0,0,34816,5,4943949493
10033,48708560,59370078,108078638,3,0,1,9728,5,3608911149
10034,48727731,59354133,108081864,0,0,1,5120,14,2050337135
10035,48728981,59370612,108099593,0,0,1,3584,14,9559198340
10036,48731911,59367705,108099616,0,0,1,512,14,1095552007
10037,48734040,59365599,108099639,3,0,1,4608,5,8622396024
10038,48739801,59359861,108099662,0,0,1,3584,14,7841168588
10039,48744830,59357857,108102687,2,0,1,16896,18,5199695112
10040,48749061,48955587,97704648,4,0,0,52224,5,473949407
10041,48749111,59353922,108103033,7,0,1,512,13,9455802957
10042,48752390,59354189,108106579,3,0,1,5632,5,10414322408
10043,48761000,59346565,108107565,8,0,1,1536,13,6012963818
10044,48761481,59346443,108107924,7,0,1,9728,13,3266527779
10045,48762010,59348500,108110510,8,0,1,4096,13,10100199885
10046,48764060,59347116,108111176,3,0,1,1024,5,6259814562
10047,48765611,59345911,108111522,7,0,1,512,13,4526849060
10048,48780590,59331278,108111868,8,0,1,512,13,4082496307
10049,48787701,48870885,97658586,4,0,0,6144,5,9456606512
10050,48808281,59306173,108114454,0,0,1,4096,14,9726530855
10051,48810520,59305880,108116400,8,0,1,3072,13,4250383754
10052,48814701,48826287,97640988,4,0,0,4608,5,7156166427
10053,48820431,59299195,108119626,0,0,1,5120,14,10616862853
10054,48821889,48739149,97561038,9,0,0,51200,10,162756807
10055,48823650,59298396,108122046,1,0,1,1536,8,317806560
10056,48832791,59289921,108122712,7,0,1,1024,13,4600637898
10057,48842460,59282838,108125298,8,0,1,4096,13,9410420936
10058,48862981,59265543,108128524,7,0,1,5120,13,3086939655
10059,48877861,48749882,97627743,4,0,0,59392,5,1853159301
10060,48884941,48745009,97629950,4,0,0,7168,5,54448989
10061,48895961,59233229,108129190,0,0,1,1024,14,6361162209
10062,48899960,59233416,108133376,3,0,1,6656,5,10141493401
10063,48909201,59227081,108136282,7,0,1,4608,13,4151125402
10064,48911001,59227215,108138216,7,0,1,16384,13,3993442560
10065,48911561,59231801,108143362,0,0,1,8192,14,9048583824
10066,48925001,59221267,108146268,0,0,1,4608,14,6018837477
10067,48926910,59220024,108146934,8,0,1,1024,13,3957099266
10068,48927071,48909971,97837042,4,0,0,58368,5,6137302262
10069,48931390,59220729,108152119,8,0,1,16384,13,10605228720
10070,48962091,59191974,108154065,0,0,1,3072,14,6309058982
10071,48966361,48720495,97686856,4,0,0,13824,5,5873799081
10072,49004131,48920110,97924241,4,0,0,95232,5,8101953926
10073,49004790,59150658,108155448,3,0,1,14848,5,1973844160
10074,49014671,59171229,108185900,0,0,1,6144,14,6032306263
10075,49034981,59158437,108193418,0,0,1,3584,14,1344633308
10076,49037350,59156222,108193572,3,0,1,8704,5,7055122718
10077,49037401,59156517,108193918,0,0,1,512,14,4398691197
10078,49038121,48894879,97933000,4,0,0,28672,5,3697001560
10079,49041231,59154633,108195864,0,0,1,3072,14,2038004501
10080,49042450,59155360,108197810,8,0,1,3072,13,3747384978
10081,49046730,48886449,97933179,2,0,0,512,18,2195154167
10082,49052520,59151806,108204326,8,0,1,6144,13,3820325377
10083,49062480,59142000,108204480,8,0,1,8704,13,5982364828
10084,49066781,59139965,108206746,0,0,1,3584,14,1853469876
10085,49074910,59146999,108221909,8,0,1,6656,13,3241892756
10086,49079470,59145345,108224815,8,0,1,4608,13,10253581616
10087,49104810,49096555,98201365,2,0,0,1024,18,5435261422
10088,49120450,59105031,108225481,3,0,1,1024,5,5201086191
10089,49121201,48863125,97984326,4,0,0,3584,5,10401341402
10090,49130811,49063083,98193894,4,0,0,37376,5,2267752965
10091,49134371,59092083,108226454,0,0,1,12800,14,9908772980
10092,49136830,59090610,108227440,8,0,1,1536,13,1456377958
10093,49138850,48869982,98008832,2,0,0,512,18,9863961627
10094,49153871,59455775,108609646,4,0,1,229888,5,5057011281
10095,49159590,48960512,98120102,2,0,0,512,18,9818425224
10096,49159691,59459713,108619404,4,0,1,9216,5,1862528639
10097,49166611,59784549,108951160,4,0,1,172544,5,5540113078
10098,49167911,59783794,108951705,0,0,1,30208,14,545479328
10099,49183450,59768278,108951728,1,0,1,1024,8,1206252534
10100,49201691,49252928,98454619,4,0,0,39424,5,8621940675
10101,49206781,48947961,98154742,4,0,0,3072,5,10131896224
10102,49206960,59744791,108951751,8,0,1,5632,13,621535371
10103,49230050,59838102,109068152,9,0,1,151552,10,2595034718
10104,49231910,59840900,109072810,9,0,1,26112,10,7054689183
10105,49238970,59891342,109130312,9,0,1,58880,10,10474981103
10106,49272880,59880152,109153032,6,0,1,59904,6,2946710221
10107,49285740,49193252,98478992,2,0,0,1024,18,5184898429
10108,49287020,59868278,109155298,1,0,1,3584,8,9259797868
10109,49307301,49000992,98308293,4,0,0,88064,5,9457187806
10110,49310450,48848240,98158690,2,0,0,4096,18,9699111111
10111,49326321,49116263,98442584,4,0,0,80384,5,5167314543
10112,49327001,48869724,98196725,4,0,0,9216,5,3839602176
10113,49357570,60031054,109388624,6,0,1,246784,6,3801974980
10114,49366820,60063250,109430070,6,0,1,91136,6,8385310831
10115,49375340,60060862,109436202,1,0,1,9728,8,4042479921
10116,49389170,49065636,98454806,2,0,0,512,18,905372507
10117,49389470,60047808,109437278,6,0,1,13312,6,2149138337
10118,49390340,60052384,109442724,9,0,1,5632,10,8001279256
10119,49420400,60022347,109442747,1,0,1,1024,8,177243394
10120,49420591,49041146,98461737,4,0,0,512,5,152026061
10121,49423161,49206639,98629800,2,0,0,512,18,9952472169
10122,49424891,48988051,98412942,4,0,0,1024,5,3710883776
10123,49439501,49039670,98479171,4,0,0,512,5,7041569586
10124,49440300,60034776,109475076,6,0,1,43008,6,5642738593
10125,49442660,60037562,109480222,1,0,1,8192,8,474526598
10126,49444940,60036268,109481208,1,0,1,1536,8,2592011667
10127,49450820,60031694,109482514,9,0,1,2048,10,10039775910
10128,49454821,49044938,98499759,2,0,0,512,18,10314836551
10129,49490130,59997530,109487660,9,0,1,8192,10,7398733746
10130,49490140,60010194,109500334,6,0,1,52224,6,7182245841
10131,49495040,60014830,109509870,8,0,1,512,13,8881766802
10132,49506420,60006272,109512692,8,0,1,7680,13,7215844162
10133,49530739,49217454,98748193,9,0,0,32768,10,2723324505
10134,49533600,59980718,109514318,8,0,1,2560,13,3553498387
10135,49538580,59976404,109514984,8,0,1,1024,13,4055399751
10136,49539630,59979540,109519170,8,0,1,6656,13,10436020771
10137,49543040,49074080,98617120,8,0,0,31744,13,8858058196
10138,49550939,49170976,98721915,9,0,0,33280,10,834349991
10139,49567571,49049728,98617299,2,0,0,512,18,6306818213
10140,49567630,59956046,109523676,6,0,1,7168,6,3618815700
10141,49573161,48996310,98569471,4,0,0,512,5,7717946414
10142,49577680,59947072,109524752,6,0,1,13312,6,8227117111
10143,49589410,59939969,109529379,8,0,1,1024,13,2826844845
10144,49592379,49162233,98754612,9,0,0,20992,10,559398076
10145,49595451,49316857,98912308,4,0,0,1536,5,3114846409
10146,49597460,59936425,109533885,8,0,1,7168,13,9156011030
10147,49617490,59927019,109544509,6,0,1,25600,6,4662442943
10148,49631751,49139199,98770950,4,0,0,512,5,953275384
10149,49640211,59922416,109562627,4,0,1,18432,5,5534968394
10150,49644591,59946596,109591187,4,0,1,44544,5,6118069622
10151,49655630,59948943,109604573,9,0,1,8192,10,5601568995
10152,49660560,59951171,109611731,9,0,1,16384,10,6008126676
10153,49675700,59936185,109611885,8,0,1,8704,13,4495721912
10154,49678911,59957629,109636540,4,0,1,39424,5,3280582069
10155,49679151,49155406,98834557,4,0,0,512,5,6073602481
10156,49681791,49105636,98787427,2,0,0,1024,18,8054202907
10157,49691070,59945816,109636886,8,0,1,512,13,438668181
10158,49703890,59934302,109638192,8,0,1,2048,13,4316790853
10159,49708930,59929928,109638858,8,0,1,1024,13,3845539130
10160,49727079,49225735,98952814,9,0,0,17408,10,5000309205
10161,49733020,59906824,109639844,9,0,1,1536,10,4406600644
10162,49741411,49211920,98953331,2,0,0,512,18,6821145269
10163,49747559,49382221,99129780,9,0,0,50688,10,1827193560
10164,49748770,59892700,109641470,9,0,1,2560,10,8356915052
10165,49752730,59890366,109643096,9,0,1,2560,10,3433337509
10166,49759219,49414175,99173394,9,0,0,88576,10,944576717
10167,49794071,49163165,98957236,4,0,0,512,5,2438500164
10168,49801050,59845592,109646642,9,0,1,5632,10,1748610097
10169,49805540,59841563,109647103,9,0,1,10240,10,214513588
10170,49806170,59841279,109647449,8,0,1,512,13,691407919
10171,49812270,59838085,109650355,9,0,1,4608,10,10710424844
10172,49815010,59835499,109650509,8,0,1,8704,13,483669887
10173,49815409,49420653,99236062,9,0,0,68096,10,9802463812
10174,49825580,59827853,109653433,9,0,1,1024,10,10645760786
10175,49838661,49519803,99358464,4,0,0,512,5,6934204515
10176,49841450,59816141,109657591,9,0,1,9216,10,2117895409
10177,49843530,59815034,109658564,8,0,1,12800,13,3408789535
10178,49861810,59803924,109665734,9,0,1,7168,10,9561434103
10179,49866910,59799810,109666720,8,0,1,1536,13,3154598276
10180,49869299,49486147,99355446,9,0,0,31744,10,1787322641
10181,49874870,59796676,109671546,8,0,1,7680,13,1682658438
10182,49885429,49410579,99296008,9,0,0,36864,10,5815679916
10183,49888810,59785988,109674798,9,0,1,15360,10,5897944136
10184,49893380,59793172,109686552,8,0,1,24576,13,7011129419
10185,49894540,59805645,109700185,9,0,1,6656,10,3589885187
10186,49895440,59813695,109709135,6,0,1,29184,6,1387869211
10187,49902631,49412116,99314747,2,0,0,6656,18,8694628192
10188,49903911,49452338,99356249,2,0,0,2560,18,3567573446
10189,49904101,49594265,99498366,4,0,0,512,5,1414086737
10190,49905990,59814776,109720766,6,0,1,26112,6,5018827703
10191,49907120,59814210,109721330,8,0,1,10752,13,3958655008
10192,49909901,49517537,99427438,4,0,0,1536,5,7110862016
10193,49910809,49587378,99498187,9,0,0,68608,10,7315306769
10194,49912799,49705487,99618286,9,0,0,44544,10,8130513468
10195,49913121,49645312,99558433,4,0,0,3072,5,901476453
10196,49913410,59813185,109726595,9,0,1,3584,10,3903933424
10197,49928750,59801391,109730141,9,0,1,5632,10,813288106
10198,49929660,59824315,109753975,8,0,1,512,13,9681030202
10199,49931941,49774638,99706579,2,0,0,24064,18,2851712943
10200,49932640,59821366,109754006,2,0,1,2560,18,5043667390
10201,49935640,59834573,109770213,9,0,1,18944,10,5926103918
10202,49940800,59847931,109788731,8,0,1,512,13,3807851248
10203,49946531,49684366,99630897,2,0,0,29184,18,3977914913
10204,49948301,49741966,99690267,2,0,0,6144,18,4570646083
10205,49949160,59841197,109790357,8,0,1,2560,13,1630534706
10206,49953329,49720378,99673707,9,0,0,12288,10,4140239692
10207,49958800,59831813,109790613,8,0,1,9216,13,6970987683
10208,49977420,59920107,109897527,9,0,1,12288,10,3512739240
10209,49979750,60002684,109982434,6,0,1,88064,6,5160045376
10210,49983830,60002623,109986453,6,0,1,14848,6,2896823419
10211,49991631,60036382,110028013,7,0,1,16384,13,7456729
10212,50011591,50013939,100025530,4,0,0,2048,5,9814123861
10213,50031640,60102638,110134278,6,0,1,137216,6,7274796712
10214,50040400,60138260,110178660,9,0,1,14848,10,570854936
10215,50047980,60130703,110178683,5,0,1,8704,0,10043418178
10216,50048911,49801219,99850130,2,0,0,32256,18,7790934341
10217,50051639,50410874,100462513,9,0,0,35328,10,7497815418
10218,50053090,60125616,110178706,9,0,1,5632,10,10611517878
10219,50059960,60121452,110181412,8,0,1,6144,13,6467645817
10220,50062710,60187088,110249798,6,0,1,88576,6,8809067872
10221,50062931,50638082,100701013,4,0,0,512,5,584423083
10222,50076611,49816591,99893202,2,0,0,14336,18,9688481356
10223,50078309,49835217,99913526,9,0,0,20480,10,1255674145
10224,50097469,49921698,100019167,9,0,0,51200,10,9632384314
10225,50098140,60155870,110254010,6,0,1,6656,6,368822261
10226,50098351,50141382,100239733,2,0,0,37376,18,9224897205
10227,50104601,49774276,99878877,2,0,0,10240,18,734610344
10228,50120471,49823532,99944003,4,0,0,1536,5,2897411416
10229,50125521,49899354,100024875,2,0,0,17408,18,2459109533
10230,50134861,49845799,99980660,4,0,0,512,5,163394859
10231,50143959,50013499,100157458,9,0,0,16896,10,4091145746
10232,50144090,60110266,110254356,9,0,1,512,10,8697100326
10233,50155720,60099622,110255342,8,0,1,1536,13,10356628344
10234,50157881,50467526,100625407,2,0,0,44544,18,8365824642
10235,50159450,60099438,110258888,8,0,1,5632,13,10348355912
10236,50164090,60095144,110259234,8,0,1,512,13,610051960
10237,50165100,60224030,110389130,6,0,1,135680,6,9156831018
10238,50170740,60218413,110389153,9,0,1,2560,10,4588892985
10239,50173100,60216076,110389176,6,0,1,14336,6,1011898327
10240,50174780,60249463,110424243,8,0,1,10752,13,7647620088
10241,50194389,50167685,100362074,9,0,0,512,10,5278177367
10242,50201280,60223002,110424282,6,0,1,28160,6,7796732253
10243,50221789,50203633,100425422,9,0,0,47104,10,6225390090
10244,50232281,49787267,100019548,4,0,0,1024,5,9800023391
10245,50243240,60352168,110595408,6,0,1,141824,6,7642981547
10246,50243289,50086666,100329955,9,0,0,9728,10,977307812
10247,50251221,50339166,100590387,2,0,0,20480,18,5164112192
10248,50255241,50542541,100797782,2,0,0,67072,18,6720814414
10249,50255511,50794885,101050396,2,0,0,88064,18,10318452491
10250,50260920,60341890,110602810,6,0,1,5120,6,4061734807
10251,50278681,50422153,100700834,2,0,0,27648,18,502880633
10252,50286020,60364364,110650384,6,0,1,17920,6,5669937396
10253,50295831,60356003,110651834,7,0,1,1024,13,6678546137
10254,50303891,49939687,100243578,4,0,0,6656,5,8731435231
10255,50332861,50184469,100517330,4,0,0,512,5,7823165593
10256,50337360,60314497,110651857,6,0,1,4608,6,7434907981
10257,50338400,60424532,110762932,6,0,1,129536,6,9034550598
10258,50356720,60408158,110764878,6,0,1,3072,6,3930374753
10259,50358570,60406974,110765544,8,0,1,1024,13,5432456340
10260,50377460,60388430,110765890,6,0,1,512,6,8128714234
10261,50378381,49701651,100080032,4,0,0,512,5,4212323961
10262,50379411,50185953,100565364,4,0,0,1024,5,1782890298
10263,50394639,50122512,100517151,9,0,0,45056,10,8627315836
10264,50403439,50328953,100732392,9,0,0,102912,10,3551241152
10265,50403850,60364946,110768796,8,0,1,4608,13,5970799186
10266,50417211,49914544,100331755,4,0,0,512,5,5663245754
10267,50432671,50240081,100672752,2,0,0,88064,18,9383487537
10268,50441709,50363919,100805628,9,0,0,22528,10,8340649780
10269,50450660,60318290,110768950,6,0,1,8704,6,10103397888
10270,50458781,50225603,100684384,2,0,0,6656,18,857473738
10271,50469881,49938973,100408854,4,0,0,512,5,3372240439
10272,50480350,60289906,110770256,6,0,1,2048,6,9070102504
10273,50490271,60303437,110793708,0,0,1,17408,14,9695470781
10274,50501849,50274144,100775993,9,0,0,141824,10,9367780219
10275,50518331,49644678,100163009,4,0,0,512,5,10188828383
10276,50519210,60274521,110793731,3,0,1,4096,5,9505930876
10277,50522701,49756292,100278993,4,0,0,1024,5,5179552314
10278,50524150,60269604,110793754,5,0,1,1536,0,6769624804
10279,50528211,50014380,100542591,2,0,0,14848,18,455507538
10280,50544740,60249037,110793777,6,0,1,13312,6,3054972136
10281,50547880,60245920,110793800,3,0,1,1024,5,9536516167
10282,50557331,50088566,100645897,4,0,0,2560,5,573475961
10283,50569231,50207432,100776663,2,0,0,512,18,9377806455
10284,50578121,50220620,100798741,4,0,0,3072,5,8294458059
10285,50586980,60206843,110793823,3,0,1,3072,5,3391708237
10286,50588240,49976766,100565006,8,0,0,19456,13,4375356098
10287,50594069,50374783,100968852,9,0,0,115200,10,3135583603
10288,50596680,60197166,110793846,6,0,1,3072,6,8638224406
10289,50598510,60195359,110793869,6,0,1,512,6,3638896990
10290,50601200,50043886,100645086,8,0,0,64512,13,10034660469
10291,50603490,60190402,110793892,6,0,1,3584,6,6542318034
10292,50604070,60191042,110795112,8,0,1,5632,13,7733993279
10293,50607600,60196179,110803779,6,0,1,12800,6,7580549776
10294,50611371,50121364,100732735,2,0,0,1024,18,8944272483
10295,50614570,60189555,110804125,3,0,1,512,5,2402591867
10296,50615400,60191311,110806711,6,0,1,4096,6,2438902401
10297,50617880,60190457,110808337,8,0,1,2560,13,6314373489
10298,50630701,50240640,100871341,4,0,0,2048,5,5052280005
10299,50633491,50143809,100777300,4,0,0,1024,5,6957376570
10300,50650260,60159063,110809323,6,0,1,1536,6,5863766238
10301,50659090,60152499,110811589,8,0,1,3584,13,4973401055
10302,50660860,60152675,110813535,3,0,1,3072,5,438367317
10303,50666120,50160343,100826463,8,0,0,33792,13,5042806436
10304,50700000,50291968,100991968,8,0,0,22528,13,4275268487
10305,50704651,49968444,100673095,4,0,0,1024,5,10128828221
10306,50710119,50101048,100811167,9,0,0,17920,10,958423045
10307,50715690,60103616,110819306,6,0,1,7680,6,6790384242
10308,50718049,50266674,100984723,9,0,0,48640,10,3757211604
10309,50728030,60092902,110820932,6,0,1,2560,6,1236093524
10310,50732220,60089698,110821918,3,0,1,1536,5,1340979924
10311,50737170,60085516,110822686,6,0,1,11776,6,7131436271
10312,50739620,60095865,110835485,8,0,1,3584,13,1398767898
10313,50747611,50221732,100969343,4,0,0,1536,5,6302296199
10314,50749670,50148620,100898290,8,0,0,24064,13,7658094688
10315,50766561,50009923,100776484,4,0,0,1536,5,6526856519
10316,50772090,60065021,110837111,6,0,1,2560,6,2477050245
10317,50775999,50000843,100776842,9,0,0,512,10,8303839863
10318,50778110,60061267,110839377,6,0,1,3584,6,9628473101
10319,50785270,60056693,110841963,8,0,1,4096,13,9286753052
10320,50801920,60043935,110845855,6,0,1,6144,6,7662946713
10321,50807870,50286099,101093969,8,0,0,23552,13,6366429302
10322,50811700,60035141,110846841,6,0,1,1536,6,473320560
10323,50813641,50050961,100864602,2,0,0,1024,18,3829851031
10324,50822790,50421521,101244311,8,0,0,52736,13,5660538044
10325,50822809,50262731,101085540,9,0,0,2560,10,2011826239
10326,50826770,60021838,110848608,3,0,1,12288,5,6816789385
10327,50829560,60022274,110851834,6,0,1,5120,6,5454762353
10328,50830240,60022580,110852820,6,0,1,1536,6,10162140559
10329,50837701,50007080,100844781,2,0,0,2048,18,8345745605
10330,50843829,50239670,101083499,9,0,0,108544,10,8265760837
10331,50853590,59999486,110853076,8,0,1,9216,13,9836846498
10332,50862681,50221877,101084558,2,0,0,2560,18,10578063271
10333,50865321,50218357,101083678,4,0,0,512,5,753625503
10334,50874951,49995743,100870694,2,0,0,512,18,4796210445
10335,50875060,59979002,110854062,6,0,1,1536,6,184520736
10336,50875701,50094179,100969880,4,0,0,1536,5,8814637398
10337,50882700,50140841,101023541,8,0,0,53248,13,9757553087
10338,50883880,59981430,110865310,3,0,1,15872,5,5098583913
10339,50896259,50400282,101296541,9,0,0,96768,10,3492357581
10340,50928800,59947724,110876524,6,0,1,1536,6,2496863403
10341,50936340,59941170,110877510,3,0,1,1536,5,2330629171
10342,50941821,50043260,100985081,2,0,0,1024,18,4537804596
10343,50941910,59937546,110879456,8,0,1,3072,13,4812517087
10344,50944770,59937733,110882503,3,0,1,14336,5,8531181128
10345,50962540,50230483,101193023,8,0,0,40448,13,1274723631
10346,50965730,59924885,110890615,8,0,1,1536,13,7921572591
10347,50974270,59916368,110890638,1,0,1,5632,8,5171171708
10348,50978190,59912471,110890661,8,0,1,512,13,570927858
10349,50978210,50029084,101007294,8,0,0,15360,13,3756337460
10350,51005539,50168565,101174104,9,0,0,101888,10,10265474974
10351,51013171,50073599,101086770,4,0,0,512,5,7097616594
10352,51014921,50069816,101084737,2,0,0,512,18,5877198122
10353,51015260,50071331,101086591,8,0,0,2048,13,10086097326
10354,51023960,50386728,101410688,8,0,0,4096,13,1660892060
10355,51025581,50060363,101085944,4,0,0,512,5,4087900655
10356,51026941,50113315,101140256,2,0,0,1536,18,2295352981
10357,51031201,50268196,101299397,4,0,0,512,5,906385396
10358,51055790,59834894,110890684,6,0,1,2560,6,7369897278
10359,51068189,50326666,101394855,9,0,0,97792,10,10457121600
10360,51070000,59820707,110890707,2,0,1,512,18,7599133418
10361,51076869,50468668,101545537,9,0,0,58880,10,1124773700
10362,51091229,50237104,101328333,9,0,0,14336,10,1636032597
10363,51100411,59792488,110892899,0,0,1,5632,14,3103124226
10364,51119920,59775245,110895165,1,0,1,3584,8,6323829887
10365,51130381,49955361,101085742,4,0,0,512,5,6143379291
10366,51142020,50257070,101399090,8,0,0,13824,13,7066796742
10367,51145470,59750041,110895511,8,0,1,512,13,3427475537
10368,51153990,59745067,110899057,1,0,1,5632,8,4775261855
10369,51173260,59726143,110899403,8,0,1,512,13,4398040273
10370,51189070,59712279,110901349,3,0,1,3072,5,27782185
10371,51206599,50114924,101321523,9,0,0,18432,10,2148539065
10372,51207770,59696165,110903935,8,0,1,4096,13,6394270694
10373,51207880,59700587,110908467,8,0,1,7168,13,4616585658
10374,51212790,50419202,101631992,8,0,0,64000,13,6887241018
10375,51235920,59683833,110919753,3,0,1,3584,5,796417985
10376,51276340,59644079,110920419,3,0,1,1024,5,810714786
10377,51276430,59646255,110922685,8,0,1,3584,13,6538647497
10378,51280540,50151843,101432383,8,0,0,15360,13,6236896277
10379,51289900,59635051,110924951,8,0,1,3584,13,3726664849
10380,51291409,50143842,101435251,9,0,0,4608,10,457793051
10381,51294420,59633437,110927857,1,0,1,4608,8,3030394355
10382,51294890,59638609,110933499,3,0,1,3072,5,2271143869
10383,51301010,59635075,110936085,3,0,1,4096,5,9652112563
10384,51303339,50209817,101513156,9,0,0,96256,10,4469382803
10385,51305119,50300208,101605327,9,0,0,27136,10,10172549238
10386,51325230,59612481,110937711,3,0,1,2560,5,7252981336
10387,51325850,50083559,101409409,8,0,0,33792,13,2268598548
10388,51326209,50249053,101575262,9,0,0,67072,10,10210285965
10389,51329441,50103121,101432562,2,0,0,512,18,6270829790
10390,51333649,50187486,101521135,9,0,0,26112,10,4213791318
10391,51333751,50092430,101426181,4,0,0,512,5,4342924667
10392,51334750,59605227,110939977,1,0,1,3584,8,5350830776
10393,51343549,50374284,101717833,9,0,0,67584,10,2075168863
10394,51345290,59596172,110941462,8,0,1,15360,13,2100043642
10395,51351731,50283969,101635700,4,0,0,1024,5,10554886650
10396,51353980,59590708,110944688,1,0,1,5120,8,10535989102
10397,51357890,59589064,110946954,1,0,1,3584,8,10229905177
10398,51361480,50228687,101590167,8,0,0,13312,13,5324168803
10399,51369711,59578216,110947927,4,0,1,12800,5,4356700632
10400,51375110,59580017,110955127,1,0,1,3584,8,8027478410
10401,51403240,59554153,110957393,2,0,1,3584,18,8290572522
10402,51414061,50243329,101657390,2,0,0,512,18,4105047803
10403,51421990,59537349,110959339,8,0,1,3072,13,9386485725
10404,51422440,59537245,110959685,3,0,1,512,5,9044047659
10405,51429890,59533021,110962911,1,0,1,5120,8,10523785501
10406,51439011,50193651,101632662,2,0,0,2048,18,10077693372
10407,51450760,59547424,110998184,1,0,1,5120,8,9390380693
10408,51456751,50191968,101648719,4,0,0,512,5,7454646621
10409,51463180,50220345,101683525,8,0,0,12800,13,7174557814
10410,51465859,50386214,101852073,9,0,0,111104,10,1098918045
10411,51469011,59932123,111401134,4,0,1,51200,5,10257246783
10412,51484301,50193516,101677817,2,0,0,1024,18,4939732414
10413,51486620,59918060,111404680,1,0,1,5632,8,3894425099
10414,51492861,60304502,111797363,4,0,1,136192,5,2410542808
10415,51498959,50691993,102190952,9,0,0,215552,10,6273145809
10416,51500729,50459925,101960654,9,0,0,15360,10,4469079111
10417,51509850,60287536,111797386,1,0,1,5120,8,3313350388
10418,51517970,60294282,111812252,1,0,1,4096,8,7565132313
10419,51519140,50416794,101935934,8,0,0,50176,13,9665585459
10420,51528201,60284074,111812275,7,0,1,2560,13,1044909180
10421,51539160,50409265,101948425,7,0,0,6656,13,3422868854
10422,51552420,50328896,101881316,7,0,0,2048,13,2185565704
10423,51558860,60253438,111812298,1,0,1,1536,8,5318216835
10424,51560831,60251490,111812321,7,0,1,9216,13,9454631459
10425,51565900,50761223,102327123,8,0,0,153088,13,1012839580
10426,51570450,60241894,111812344,1,0,1,4096,8,10537664292
10427,51584300,60228067,111812367,1,0,1,6144,8,5187984059
10428,51590050,50355989,101946039,7,0,0,30208,13,4688010615
10429,51595531,50750023,102345554,2,0,0,60416,18,6704558912
10430,51597801,50348573,101946374,4,0,0,1024,5,3238225197
10431,51599300,60213581,111812881,1,0,1,22016,8,8781393186
10432,51601781,60212714,111814495,7,0,1,512,13,6246564848
10433,51603620,50676836,102280456,7,0,0,119296,13,3532204984
10434,51608301,50342567,101950868,4,0,0,512,5,2479602390
10435,51608770,60229453,111838223,9,0,1,6144,10,6937807254
10436,51611830,60240799,111852629,1,0,1,512,8,1590113029
10437,51613339,50772298,102385637,9,0,0,10752,10,870339641
10438,51618649,50798626,102417275,9,0,0,2560,10,2354539852
10439,51637751,50708138,102345889,4,0,0,1024,5,5046416201
10440,51638201,51356870,102995071,2,0,0,141824,18,8122246231
10441,51638609,50709107,102347716,9,0,0,5632,10,8412250874
10442,51638671,51115348,102754019,2,0,0,69120,18,2119669237
10443,51639631,51093305,102732936,2,0,0,142848,18,8535493489
10444,51641950,50869539,102511489,7,0,0,87040,13,9389711704
10445,51651240,50862768,102514008,7,0,0,8192,13,6694761929
10446,51653531,50787792,102441323,2,0,0,36864,18,8047566459
10447,51668480,60184172,111852652,1,0,1,6656,8,5569334600
10448,51672691,50398707,102071398,4,0,0,3584,5,8821841838
10449,51673090,60179585,111852675,1,0,1,512,8,6860709788
10450,51673840,60178866,111852706,1,0,1,4096,8,7492139224
10451,51681930,60170799,111852729,5,0,1,7168,0,8414601301
10452,51684131,50509675,102193806,2,0,0,9216,18,3200919655
10453,51693559,51065163,102758722,9,0,0,15360,10,353354047
10454,51696969,50677819,102374788,9,0,0,14336,10,10329248799
10455,51698500,50819899,102518399,7,0,0,14336,13,3998729365
10456,51698850,60153902,111852752,1,0,1,3072,8,5416064552
10457,51701471,60151304,111852775,7,0,1,5632,13,7069392579
10458,51704920,60147878,111852798,5,0,1,1024,0,7129689970
10459,51708041,50768132,102476173,4,0,0,512,5,5411062548
10460,51712071,51139817,102851888,2,0,0,13824,18,5256398657
10461,51712450,50948160,102660610,7,0,0,37888,13,1945778334
10462,51714410,60139678,111854088,1,0,1,2560,8,9346602235
10463,51714920,60160636,111875556,1,0,1,15360,8,9022913024
10464,51720471,51137836,102858307,2,0,0,20992,18,5007120656
10465,51740281,60137861,111878142,7,0,1,4096,13,3113310098
10466,51742911,51340386,103083297,2,0,0,29184,18,6498110556
10467,51745300,60153524,111898824,5,0,1,4096,0,5663332178
10468,51749350,50804375,102553725,7,0,0,3072,13,1834956234
10469,51753991,51067033,102821024,2,0,0,48640,18,3066525926
10470,51761360,60137487,111898847,5,0,1,1536,0,8298392028
10471,51761501,60137369,111898870,7,0,1,5120,13,10478016601
10472,51762690,60136203,111898893,5,0,1,5120,0,9161177242
10473,51762691,50898410,102661101,4,0,0,1536,5,253580524
10474,51766760,60132156,111898916,5,0,1,3584,0,3740659817
10475,51772620,51110647,102883267,7,0,0,44032,13,1580270416
10476,51772871,51159623,102932494,4,0,0,1536,5,347541400
10477,51780430,51171406,102951836,7,0,0,60928,13,900596750
10478,51785320,60113619,111898939,5,0,1,1536,0,6111188363
10479,51792840,60106122,111898962,5,0,1,2048,0,9482276546
10480,51806570,60112094,111918664,5,0,1,4608,0,5124752544
10481,51807059,51252398,103059457,9,0,0,38912,10,6335701484
10482,51811040,50989012,102800052,8,0,0,19968,13,8215242182
10483,51812671,60106016,111918687,7,0,1,2560,13,5997989697
10484,51820920,60097806,111918726,5,0,1,2560,0,4374390179
10485,51823351,51251031,103074382,2,0,0,45568,18,6514564859
10486,51833631,60114392,111948023,7,0,1,8192,13,10051279831
10487,51834469,51162528,102996997,9,0,0,6144,10,7802929446
10488,51842899,51395342,103238241,9,0,0,72704,10,6915419539
10489,51843050,51303567,103146617,8,0,0,8192,13,406031423
10490,51851521,51359479,103211000,2,0,0,70656,18,1437068391
10491,51860041,60130013,111990054,7,0,1,1536,13,6315582406
10492,51866401,60124319,111990720,7,0,1,1024,13,6557558010
10493,51867031,60140585,112007616,7,0,1,12288,13,7421058633
10494,51867541,51371191,103238732,4,0,0,1536,5,4916195016
10495,51871511,51317127,103188638,4,0,0,512,5,5744818097
10496,51875371,51436392,103311763,4,0,0,2048,5,211375361
10497,51881920,60126260,112008180,6,0,1,10752,6,3009077901
10498,51885861,60133704,112019565,7,0,1,2048,13,2658985082
10499,51889041,60131190,112020231,7,0,1,1024,13,1677754090
10500,51900990,60119587,112020577,6,0,1,512,6,9729735811
10501,51904120,51339274,103243394,7,0,0,14848,13,2153706852
10502,51909331,51369229,103278560,2,0,0,72704,18,6207293486
10503,51918040,60102883,112020923,1,0,1,512,8,3001216643
10504,51918921,51526027,103444948,4,0,0,3072,5,4634213561
10505,51927791,60094118,112021909,7,0,1,1536,13,4823483136
10506,51935321,51498797,103434118,2,0,0,5632,18,7185622669
10507,51937689,51408601,103346290,9,0,0,26624,10,8584075568
10508,51960219,51627484,103587703,9,0,0,7680,10,9373310092
10509,51964880,60075686,112040566,1,0,1,1024,8,4127737566
10510,51993140,60047457,112040597,5,0,1,512,0,3342754273
10511,52000860,51384601,103385461,7,0,0,20992,13,1656494338
10512,52007710,60032918,112040628,5,0,1,4608,0,457982948
10513,52012530,60028121,112040651,8,0,1,9728,13,1908304449
10514,52014230,60026444,112040674,6,0,1,512,6,8240229849
10515,52014261,51351617,103365878,2,0,0,29184,18,171142522
10516,52014530,60026167,112040697,6,0,1,512,6,7229087190
10517,52019591,51609655,103629246,2,0,0,81408,18,8136821547
10518,52020259,51472551,103492810,9,0,0,6144,10,9747102183
10519,52020310,51332764,103353074,8,0,0,17408,13,7078652777
10520,52021480,60019240,112040720,6,0,1,2048,6,254956975
10521,52023310,51561984,103585294,7,0,0,77312,13,9997739688
10522,52024159,51709142,103733301,9,0,0,81920,10,584951328
10523,52028910,60011833,112040743,1,0,1,16384,8,7850561222
10524,52028911,60011855,112040766,7,0,1,512,13,1447455735
10525,52033600,60008169,112041769,1,0,1,2048,8,5505150663
10526,52037450,60004985,112042435,6,0,1,1024,6,8152438522
10527,52040760,51633865,103674625,8,0,0,55808,13,4055127215
10528,52047181,51550980,103598161,2,0,0,3584,18,10676120488
10529,52048181,59996200,112044381,7,0,1,3072,13,9954315231
10530,52048260,51471571,103519831,7,0,0,38400,13,3732466465
10531,52054910,59990547,112045457,6,0,1,13312,6,4789317917
10532,52056101,51627150,103683251,4,0,0,1536,5,7148184174
10533,52058181,59990948,112049129,7,0,1,4096,13,3847028519
10534,52062911,59986564,112049475,7,0,1,512,13,9561521501
10535,52063981,51565513,103629494,4,0,0,512,5,9401976941
10536,52067481,59984260,112051741,7,0,1,3584,13,2443316651
10537,52075830,51606930,103682760,8,0,0,26624,13,4218905034
10538,52076100,59976627,112052727,2,0,1,1536,18,8532787061
10539,52078550,59978363,112056913,6,0,1,6656,6,9570783262
10540,52079391,59995734,112075125,7,0,1,2560,13,10302226368
10541,52091861,51714340,103806201,4,0,0,1024,5,3688240239
10542,52095000,59980471,112075471,5,0,1,512,0,5043404711
10543,52103691,59973406,112077097,7,0,1,2560,13,10160713585
10544,52104941,51603377,103708318,2,0,0,26624,18,1258416476
10545,52105210,60006185,112111395,2,0,1,1536,18,8976212737
10546,52106271,60020941,112127212,7,0,1,3584,13,10713234936
10547,52108550,60021248,112129798,6,0,1,4096,6,4319087685
10548,52109711,60042347,112152058,7,0,1,5120,13,4711632311
10549,52112130,60042194,112154324,2,0,1,3584,18,9720309762
10550,52114140,60040850,112154990,2,0,1,11264,18,4420649767
10551,52120980,60153561,112274541,5,0,1,7168,0,6618856564
10552,52131870,60262033,112393903,6,0,1,2048,6,625762611
10553,52132330,60262879,112395209,6,0,1,2048,6,2049980624
10554,52141641,51616096,103757737,4,0,0,1024,5,1572342757
10555,52143820,60252375,112396195,2,0,1,1536,18,6574836780
10556,52150080,60249367,112399447,2,0,1,5120,18,5388751381
10557,52154760,52014394,104169154,7,0,0,9216,13,6390054232
10558,52159430,60240888,112400318,1,0,1,12288,8,4429149427
10559,52165930,60235374,112401304,2,0,1,1536,18,401354986
10560,52172591,51677065,103849656,4,0,0,512,5,7235274542
10561,52176289,51725121,103901410,9,0,0,68096,10,9772834937
10562,52181011,51662995,103844006,4,0,0,1024,5,3086688695
10563,52185110,60216624,112401734,5,0,1,512,0,4669483376
10564,52188741,51875589,104064330,4,0,0,1536,5,5541548269
10565,52193620,60243797,112437417,5,0,1,6656,0,4032355797
10566,52196180,51970143,104166323,7,0,0,43008,13,3312725973
10567,52206851,51802202,104009053,2,0,0,38912,18,2917322260
10568,52207321,60232105,112439426,7,0,1,6144,13,10724121564
10569,52211401,51900542,104111943,4,0,0,512,5,3688775807
10570,52215860,52098424,104314284,7,0,0,33792,13,5711765436
10571,52215900,60260481,112476381,2,0,1,14336,18,4107853055
10572,52216320,60383991,112600311,5,0,1,5632,0,5882908210
10573,52216520,60387977,112604497,1,0,1,6656,8,1030716838
10574,52222271,51813710,104035981,2,0,0,16384,18,6341944679
10575,52223190,60514636,112737826,2,0,1,2048,18,4981617917
10576,52223760,60514089,112737849,3,0,1,3072,5,10173527971
10577,52225531,51770934,103996465,4,0,0,1024,5,9423764733
10578,52226921,60520677,112747598,7,0,1,2048,13,5420915849
10579,52233541,52143555,104377096,2,0,0,46080,18,7048366589
10580,52239110,60520234,112759344,5,0,1,4608,0,7012940876
10581,52245921,51737061,103982982,4,0,0,2560,5,7197114358
10582,52248380,60510987,112759367,2,0,1,6656,18,1716611887
10583,52259539,51804300,104063839,9,0,0,14336,10,5614065152
10584,52270660,51992724,104263384,8,0,0,35840,13,3985275347
10585,52271231,51803447,104074678,4,0,0,512,5,4885396967
10586,52271399,52139290,104410689,9,0,0,89088,10,1515164910
10587,52274211,51831677,104105888,4,0,0,1536,5,4769816420
10588,52275210,52195065,104470275,7,0,0,46592,13,4242516937
10589,52281371,60500969,112782340,7,0,1,2560,13,1850363872
10590,52284380,60498000,112782380,5,0,1,2560,0,8164921336
10591,52284580,60500706,112785286,5,0,1,4608,0,3349569003
10592,52310990,52005874,104316864,8,0,0,2048,13,5663257912
10593,52311051,60475541,112786592,7,0,1,2048,13,1044185201
10594,52312861,60644880,112957741,7,0,1,6656,13,5703851546
10595,52313229,52309432,104622661,9,0,0,154112,10,5584861013
10596,52315611,51801650,104117261,4,0,0,1024,5,7723516322
10597,52316480,60651728,112968208,2,0,1,22528,18,929529731
10598,52321600,60648968,112970568,2,0,1,3072,18,7830216314
10599,52326961,60660958,112987919,7,0,1,2048,13,5901125182
10600,52337720,60679666,113017386,2,0,1,18432,18,3561901106
10601,52348779,51955186,104303965,9,0,0,38912,10,1034516607
10602,52350440,60706705,113057145,8,0,1,2560,13,7622249907
10603,52357300,60700831,113058131,5,0,1,1536,0,10119453791
10604,52359241,52061189,104420430,2,0,0,31744,18,1681270392
10605,52372050,60715727,113087777,2,0,1,3584,18,6899870841
10606,52375950,60711850,113087800,8,0,1,4608,13,8631293184
10607,52376401,52147534,104523935,4,0,0,512,5,4393438155
10608,52379840,60707983,113087823,5,0,1,9216,0,6609050667
10609,52386190,52120759,104506949,7,0,0,21504,13,3322120623
10610,52388040,60767359,113155399,2,0,1,3072,18,4648097433
10611,52399271,60756330,113155601,7,0,1,14848,13,5488463584
10612,52410421,52218910,104629331,4,0,0,512,5,7872440338
10613,52418380,52154520,104572900,8,0,0,39424,13,1395109663
10614,52420820,60734804,113155624,2,0,1,2048,18,10731043428
10615,52425520,60742242,113167762,2,0,1,2560,18,2525758105
10616,52428480,60739305,113167785,2,0,1,1024,18,2495383198
10617,52430460,60766566,113197026,5,0,1,8192,0,5595076831
10618,52432189,52245522,104677711,9,0,0,17408,10,1816562875
10619,52435139,52235898,104671037,9,0,0,8704,10,5632161128
10620,52454611,52168431,104623042,4,0,0,1024,5,3824996422
10621,52463350,60759630,113222980,2,0,1,5120,18,7947195395
10622,52469710,60753293,113223003,8,0,1,1536,13,9655664275
10623,52476710,60746316,113223026,5,0,1,6144,0,7036637407
10624,52476990,60746059,113223049,8,0,1,1536,13,3075663396
10625,52477180,60745892,113223072,5,0,1,10752,0,8029093631
10626,52483010,52269627,104752637,8,0,0,34304,13,8080142410
10627,52483070,60756372,113239442,2,0,1,2560,18,9435291555
10628,52483730,60757338,113241068,2,0,1,2560,18,4797652905
10629,52485751,60926797,113412548,4,0,1,78848,5,1451380999
10630,52488830,60923741,113412571,2,0,1,7680,18,8408303453
10631,52488971,52356985,104845956,4,0,0,512,5,10706939994
10632,52491130,61030394,113521524,5,0,1,2560,0,9277942033
10633,52492640,61028907,113521547,5,0,1,9728,0,5389961358
10634,52501119,52524335,105025454,9,0,0,25088,10,4357914845
10635,52505530,61016040,113521570,8,0,1,1536,13,8878335026
10636,52508360,61013233,113521593,8,0,1,7680,13,1271731135
10637,52512800,52357319,104870119,8,0,0,25600,13,975578700
10638,52513251,52528406,105041657,4,0,0,512,5,9358367992
10639,52516229,52484257,105000486,9,0,0,44544,10,8647796578
10640,52528031,61021578,113549609,4,0,1,6656,5,4030517144
10641,52534831,61014809,113549640,7,0,1,8704,13,10362608748
10642,52538319,52869478,105407797,9,0,0,51200,10,1799494814
10643,52543561,52482719,105026280,4,0,0,2560,5,6801505164
10644,52549410,61000253,113549663,8,0,1,2048,13,9657257359
10645,52553310,61012467,113565777,2,0,1,10752,18,1215102537
10646,52578000,52716042,105294042,8,0,0,35328,13,7364584372
10647,52578610,60987525,113566135,8,0,1,4608,13,10636269678
10648,52584911,52365516,104950427,4,0,0,512,5,8987359905
10649,52600271,52836217,105436488,4,0,0,1024,5,6004113420
10650,52603619,52527646,105131265,9,0,0,41472,10,6377875384
10651,52604770,52410287,105015057,7,0,0,1024,13,10321828993
10652,52622511,52825167,105447678,4,0,0,2560,5,630511320
10653,52624250,52616717,105240967,7,0,0,48640,13,9372855148
10654,52625120,52728353,105353473,7,0,0,94720,13,1744693782
10655,52637530,60928628,113566158,8,0,1,4608,13,1262698251
10656,52644831,60961363,113606194,4,0,1,28160,5,4127292334
10657,52653801,61009117,113662918,4,0,1,56832,5,3397094556
10658,52656130,52569195,105225325,8,0,0,3072,13,8240329285
10659,52657080,52626175,105283255,8,0,0,26112,13,3611581017
10660,52660740,61004764,113665504,2,0,1,4096,18,4673655259
10661,52664111,52436353,105100464,4,0,0,512,5,3215485873
10662,52668051,52803287,105471338,2,0,0,512,18,9889965333
10663,52669221,61356675,114025896,4,0,1,165376,5,3625684032
10664,52671310,61356212,114027522,2,0,1,2560,18,7430648658
10665,52672991,52593830,105266821,4,0,0,512,5,7134093104
10666,52676010,52795126,105471136,7,0,0,20992,13,9201367967
10667,52677071,61356301,114033372,4,0,1,1536,5,10692899418
10668,52679150,61355208,114034358,2,0,1,1536,18,177062242
10669,52679410,52677518,105356928,8,0,0,11264,13,9030067764
10670,52680050,61357214,114037264,9,0,1,4608,10,3072972914
10671,52685011,52632902,105317913,4,0,0,1024,5,10155207273
10672,52688191,61384745,114072936,4,0,1,59392,5,6256481868
10673,52688871,61586930,114275801,4,0,1,101376,5,8350466240
10674,52711861,61675083,114386944,4,0,1,57344,5,3987910118
10675,52712910,61674244,114387154,2,0,1,6144,18,7739101119
10676,52715600,61671577,114387177,9,0,1,2048,10,8134317817
10677,52720620,52665049,105385669,7,0,0,9728,13,5482678356
10678,52721450,61665750,114387200,9,0,1,3072,10,8474255972
10679,52729460,52805699,105535159,7,0,0,107008,13,2860148681
10680,52730010,61693459,114423469,8,0,1,2048,13,4315465975
10681,52735791,61848836,114584627,4,0,1,53760,5,1838007866
10682,52741950,52968714,105710664,7,0,0,116224,13,10551875953
10683,52746260,61838390,114584650,2,0,1,1024,18,8199819745
10684,52752921,53005298,105758219,4,0,0,512,5,8576294412
10685,52765321,52953391,105718712,2,0,0,25600,18,8712589618
10686,52774020,52873489,105647509,5,0,0,47104,0,6588882324
10687,52779331,52815957,105595288,2,0,0,8704,18,2191759386
10688,52781940,61802733,114584673,9,0,1,3072,10,4837171384
10689,52782360,61802336,114584696,9,0,1,512,10,8295194310
10690,52786040,61798679,114584719,8,0,1,6656,13,8593728548
10691,52788651,52922238,105710889,4,0,0,512,5,6309812787
10692,52794550,61790192,114584742,1,0,1,3584,8,2922190836
10693,52797130,61787635,114584765,1,0,1,3072,8,3910655194
10694,52798409,52829275,105627684,9,0,0,10240,10,7463213764
10695,52799200,61785588,114584788,1,0,1,512,8,4849582711
10696,52799411,52823728,105623139,2,0,0,17920,18,8782456648
10697,52806510,61778301,114584811,1,0,1,4096,8,6283108863
10698,52815510,61769324,114584834,9,0,1,13824,10,3770755173
10699,52820821,61768384,114589205,7,0,1,2560,13,7556013524
10700,52823341,52905009,105728350,4,0,0,2560,5,960707571
10701,52824020,53028755,105852775,7,0,0,28160,13,2337092863
10702,52830110,53077804,105907914,5,0,0,5120,0,7197429672
10703,52836320,61763573,114599893,9,0,1,12288,10,6206876520
10704,52839071,52915134,105754205,2,0,0,10752,18,9680262972
10705,52842560,61765915,114608475,1,0,1,9216,8,3788183518
10706,52846521,61764860,114611381,7,0,1,4608,13,5878132577
10707,52860439,52928254,105788693,9,0,0,46592,10,8375964551
10708,52861341,61750706,114612047,7,0,1,1024,13,10663538471
10709,52867441,61760561,114628002,7,0,1,18432,13,6992813945
10710,52870770,53026615,105897385,7,0,0,26624,13,2769128797
10711,52871140,53035168,105906308,5,0,0,29184,0,5479920324
10712,52873810,61775296,114649106,3,0,1,6656,5,2649500907
10713,52874090,61803288,114677378,9,0,1,4608,10,10685462634
10714,52879560,61797841,114677401,1,0,1,10752,8,4525311190
10715,52884131,53005119,105889250,2,0,0,7168,18,3348231327
10716,52896830,53452450,106349280,7,0,0,138240,13,9659174420
10717,52905119,53358423,106263542,9,0,0,58880,10,1366750211
10718,52905719,53307801,106213520,9,0,0,16896,10,7125620166
10719,52907090,53229365,106136455,5,0,0,32256,0,1850420320
10720,52907541,53161856,106069397,2,0,0,114688,18,5029562281
10721,52913370,61764054,114677424,2,0,1,3072,18,2990419459
10722,52915560,61770012,114685572,1,0,1,2048,8,10481243792
10723,52919080,61771638,114690718,2,0,1,8192,18,5802884477
10724,52920220,61771484,114691704,9,0,1,1536,10,2352085818
10725,52921930,61771720,114693650,8,0,1,3072,13,4559532239
10726,52926540,61773597,114700137,3,0,1,5120,5,7311950057
10727,52929760,61770400,114700160,8,0,1,2560,13,3469348602
10728,52930090,61770270,114700360,2,0,1,1024,18,322519808
10729,52933340,53422047,106355387,7,0,0,19968,13,9688670568
10730,52938799,53130846,106069645,9,0,0,512,10,7044566038
10731,52941711,61765583,114707294,7,0,1,512,13,352728321
10732,52946220,53262129,106208349,5,0,0,35840,0,6675898778
10733,52950041,53435543,106385584,4,0,0,1536,5,2410114378
10734,52951760,61756200,114707960,9,0,1,1024,10,10521894963
10735,52951899,53344349,106296248,9,0,0,5120,10,9941798075
10736,52952270,61755844,114708114,8,0,1,8704,13,5348636745
10737,52965300,53481812,106447112,7,0,0,72704,13,10445295629
10738,52970280,61740965,114711245,3,0,1,3584,5,6567950881
10739,52975209,53170343,106145552,9,0,0,512,10,6620992198
10740,52975229,53319436,106294665,9,0,0,41984,10,10580985742
10741,52977129,53198756,106175885,9,0,0,512,10,2987458783
10742,52977320,61734591,114711911,9,0,1,1024,10,2716151161
10743,52980640,61731937,114712577,1,0,1,1024,8,106663219
10744,52981430,61733093,114714523,1,0,1,3072,8,535864594
10745,52987080,61728109,114715189,3,0,1,1024,5,4106681917
10746,52994520,61721028,114715548,2,0,1,9728,18,7080159172
10747,53005841,61712933,114718774,7,0,1,5120,13,8556760884
10748,53011480,61712524,114724004,2,0,1,1024,18,8401369887
10749,53017051,61708259,114725310,7,0,1,2048,13,2792822708
10750,53018550,61711906,114730456,9,0,1,8192,10,4964636592
10751,53025851,61730235,114756086,7,0,1,7680,13,3528321586
10752,53026370,61730062,114756432,2,0,1,512,18,10721651100
10753,53039300,61717798,114757098,3,0,1,1024,5,3826639029
10754,53041570,61716092,114757662,8,0,1,10752,13,3425687166
10755,53042791,61715217,114758008,7,0,1,512,13,4034278040
10756,53044100,53421554,106465654,5,0,0,36352,0,3346580264
10757,53045961,61716204,114762165,7,0,1,2048,13,9350395281
10758,53050750,61717584,114768334,3,0,1,20480,5,7589528780
10759,53054430,61757527,114811957,3,0,1,9728,5,2695263951
10760,53057541,61758126,114815667,7,0,1,15360,13,6572774490
10761,53060071,61758822,114818893,7,0,1,5120,13,5832658450
10762,53063520,61756679,114820199,1,0,1,2048,8,10285847848
10763,53064620,61903306,114967926,9,0,1,17920,10,7692556226
10764,53066750,53291000,106357750,7,0,0,7680,13,1051685997
10765,53067760,62020359,115088119,8,0,1,2048,13,4806567497
10766,53074300,62016405,115090705,3,0,1,4096,5,8597233956
10767,53077930,62108977,115186907,2,0,1,7168,18,6724820955
10768,53078701,53535773,106614474,2,0,0,72704,18,2531981611
10769,53087260,62100325,115187585,3,0,1,6656,5,7412704473
10770,53087959,53404651,106492610,9,0,0,13824,10,7683151970
10771,53092350,62103705,115196055,3,0,1,16896,5,4543761751
10772,53093300,53425521,106518821,5,0,0,22016,0,7015235109
10773,53096540,62243835,115340375,3,0,1,18432,5,4679845670
10774,53098039,53544790,106642829,9,0,0,37376,10,7432467603
10775,53099220,62241514,115340734,8,0,1,9728,13,7921820701
10776,53103400,62325699,115429099,3,0,1,12800,5,8358290393
10777,53106030,53654543,106760573,7,0,0,11776,13,3707640274
10778,53106660,62336383,115443043,9,0,1,5120,10,2002105938
10779,53108970,62338259,115447229,8,0,1,6656,13,675857733
10780,53110150,62352167,115462317,8,0,1,9216,13,5823420799
10781,53112410,62377217,115489627,1,0,1,6144,8,1436422139
10782,53113000,62376650,115489650,8,0,1,1536,13,2647220682
10783,53123120,62366553,115489673,3,0,1,3584,5,2503688264
10784,53123200,62366496,115489696,2,0,1,8192,18,5891200339
10785,53128810,62377366,115506176,3,0,1,3584,5,6990495137
10786,53132820,62455810,115588630,1,0,1,5120,8,2954652612
10787,53143700,53809746,106953446,7,0,0,50176,13,8697233149
10788,53144129,53846225,106990354,9,0,0,120832,10,5829992880
10789,53153890,62451658,115605548,6,0,1,3584,6,2506452844
10790,53154031,53783536,106937567,2,0,0,47104,18,9288405130
10791,53155829,53703223,106859052,9,0,0,57856,10,6120363115
10792,53157060,62448511,115605571,9,0,1,1024,10,1925524762
10793,53164010,62443222,115607232,9,0,1,6144,10,298632136
10794,53168360,53841712,107010072,7,0,0,48128,13,3042789296
10795,53175651,62432247,115607898,0,0,1,1024,14,5992878924
10796,53176011,62432348,115608359,0,0,1,10240,14,3805129239
10797,53180390,62519658,115700048,1,0,1,4096,8,7897755779
10798,53180691,53722545,106903236,2,0,0,46592,18,1370772036
10799,53184900,53810485,106995385,7,0,0,16384,13,7467675205
10800,53188981,62513475,115702456,0,0,1,5632,14,560672420
10801,53192530,62527379,115719909,9,0,1,11776,10,3038022260
10802,53199120,62542132,115741252,9,0,1,7680,10,1187691126
10803,53200701,53829249,107029950,2,0,0,52224,18,3685210770
10804,53200841,62540434,115741275,0,0,1,2048,14,7475576637
10805,53203440,62537858,115741298,1,0,1,2048,8,2958402578
10806,53203531,62743875,115947406,4,0,1,53248,5,2082737005
10807,53205390,62777417,115982807,3,0,1,8704,5,5676117983
10808,53211901,62771986,115983887,7,0,1,10240,13,6413054248
10809,53212380,62771853,115984233,3,0,1,512,5,415122577
10810,53216781,62773658,115990439,7,0,1,7680,13,7032975389
10811,53221611,62771414,115993025,0,0,1,4096,14,3358580201
10812,53226540,62793225,116019765,8,0,1,1024,13,7858562754
10813,53229610,62791461,116021071,3,0,1,2048,5,38367161
10814,53229611,62795326,116024937,0,0,1,6144,14,6693573079
10815,53231340,54089966,107321306,7,0,0,54784,13,4733662734
10816,53231720,53901557,107133277,7,0,0,6656,13,8842269932
10817,53236520,53921833,107158353,5,0,0,5120,0,2662771980
10818,53244600,62784229,116028829,3,0,1,6144,5,955917557
10819,53246810,62784285,116031095,3,0,1,3584,5,6887385233
10820,53251081,53999936,107251017,2,0,0,5632,18,7138833046
10821,53267111,62764330,116031441,0,0,1,512,14,8474886136
10822,53270840,54110293,107381133,5,0,0,55808,0,3578496026
10823,53271280,62765307,116036587,1,0,1,8192,8,10718803001
10824,53274210,62764003,116038213,3,0,1,2560,5,4321027791
10825,53276840,62771457,116048297,9,0,1,6144,10,757442330
10826,53278860,62781209,116060069,1,0,1,1024,8,851023167
10827,53296230,54096470,107392700,7,0,0,37888,13,2299948667
10828,53312921,62749414,116062335,0,0,1,3584,14,10517357658
10829,53315730,62747591,116063321,3,0,1,1536,5,8131713283
10830,53318370,62751976,116070346,9,0,1,4096,10,3361103026
10831,53321141,62749228,116070369,0,0,1,3072,14,7320849452
10832,53333890,54026009,107359899,7,0,0,32768,13,5459513843
10833,53334590,54171474,107506064,7,0,0,74752,13,2651527659
10834,53335071,62756710,116091781,0,0,1,18944,14,7421066604
10835,53338131,62789264,116127395,0,0,1,6144,14,2727582403
10836,53347991,62779435,116127426,4,0,1,512,5,871453320
10837,53353341,62796555,116149896,4,0,1,32256,5,315345644
10838,53358900,54164560,107523460,7,0,0,2048,13,1866401146
10839,53364691,63260147,116624838,4,0,1,166400,5,2704557916
10840,53368330,54471537,107839867,5,0,0,81920,0,8543116656
10841,53369691,63461027,116830718,4,0,1,99328,5,6700804523
10842,53370110,63460631,116830741,8,0,1,6656,13,5167351633
10843,53382920,63479721,116862641,6,0,1,1536,6,107560033
10844,53383190,63479474,116862664,1,0,1,9216,8,2994948161
10845,53388990,54302241,107691231,7,0,0,37888,13,3853486185
10846,53391920,63470767,116862687,1,0,1,1536,8,7208005257
10847,53399471,63482473,116881944,0,0,1,3584,14,4009652026
10848,53403430,63478561,116881991,1,0,1,512,8,5074985678
10849,53405819,54356811,107762630,9,0,0,6144,10,1477442596
10850,53414830,54508820,107923650,7,0,0,89088,13,8824998049
10851,53419400,54568648,107988048,5,0,0,32768,0,1678146454
10852,53422510,54534342,107956852,7,0,0,27648,13,643482077
10853,53427490,63455015,116882505,1,0,1,15360,8,4796674604
10854,53435020,63447508,116882528,8,0,1,1024,13,1170278329
10855,53435110,63447441,116882551,8,0,1,11776,13,6334175422
10856,53439801,63447169,116886970,0,0,1,3072,14,2040005757
10857,53440310,63447646,116887956,3,0,1,1536,5,9705292531
10858,53444700,63447442,116892142,8,0,1,6656,13,374177290
10859,53451200,63459504,116910704,1,0,1,4096,8,8288130982
10860,53453750,63458900,116912650,1,0,1,3072,8,10704096912
10861,53456170,54925403,108381573,5,0,0,6656,0,7636440819
10862,53461790,63451206,116912996,9,0,1,512,10,3521713050
10863,53463880,63461960,116925840,9,0,1,14848,10,3408749444
10864,53464121,54635449,108099570,2,0,0,29696,18,5162041003
10865,53468049,54717649,108185698,9,0,0,49664,10,1234649768
10866,53469720,63456274,116925994,8,0,1,8704,13,8764092435
10867,53471080,55004604,108475684,5,0,0,24064,0,6291342602
10868,53471150,63468499,116939649,9,0,1,1536,10,6990775939
10869,53473310,55134821,108608131,5,0,0,96768,0,5665062946
10870,53492480,54912898,108405378,5,0,0,30720,0,4595205824
10871,53497601,54993730,108491331,2,0,0,17920,18,4962961874
10872,53499050,63440622,116939672,8,0,1,1536,13,6485873937
10873,53512990,63426705,116939695,8,0,1,512,13,9286946259
10874,53514440,63425278,116939718,1,0,1,14848,8,4217268116
10875,53515109,54670768,108185877,9,0,0,512,10,838989556
10876,53520520,63438817,116959337,9,0,1,3584,10,8818776022
10877,53525440,63437123,116962563,8,0,1,5120,13,968163862
10878,53531060,55122912,108653972,7,0,0,16896,13,7704076103
10879,53532160,63431069,116963229,8,0,1,1024,13,6489646041
10880,53534639,55417035,108951674,9,0,0,1024,10,8901356900
10881,53535941,63429874,116965815,4,0,1,4096,5,10170435274
10882,53538590,63437979,116976569,8,0,1,512,13,4794098250
10883,53539900,55336058,108875958,7,0,0,53760,13,5478276916
10884,53563060,63416415,116979475,1,0,1,4608,8,7233207698
10885,53565051,63416050,116981101,0,0,1,2560,14,6458215255
10886,53566920,63417407,116984327,1,0,1,5120,8,10486912688
10887,53570200,55497929,109068129,5,0,0,31744,0,7023382629
10888,53572930,63417849,116990779,1,0,1,10240,8,1905387923
10889,53573190,63418255,116991445,1,0,1,1024,8,1613045348
10890,53578590,63416721,116995311,3,0,1,6144,5,2989654778
10891,53580741,63482358,117063099,4,0,1,25600,5,10710776527
10892,53593780,54814117,108407897,5,0,0,8192,0,1626469159
10893,53604391,63458731,117063122,4,0,1,13312,5,10452416470
10894,53605410,63480115,117085525,3,0,1,2048,5,3404719043
10895,53610270,63478161,117088431,9,0,1,4608,10,6834209023
10896,53624190,63467787,117091977,1,0,1,5632,8,2262493242
10897,53629440,55101169,108730609,7,0,0,3584,13,9676245590
10898,53631180,63464023,117095203,2,0,1,5120,18,4839542542
10899,53634091,63526837,117160928,7,0,1,38400,13,1803176019
10900,53637660,55156821,108794481,5,0,0,73728,0,10531039383
10901,53638601,63653758,117292359,4,0,1,93184,5,2585579269
10902,53641250,63690705,117331955,9,0,1,3584,10,10102214809
10903,53646770,54614974,108261744,7,0,0,6656,13,2770276364
10904,53647409,55303728,108951137,9,0,0,111104,10,2943223646
10905,53654059,55350638,109004697,9,0,0,136192,10,7193114760
10906,53654469,54954621,108609090,9,0,0,3072,10,10302712268
10907,53660090,63671888,117331978,1,0,1,1536,8,2338519994
10908,53660289,55394502,109054791,9,0,0,67584,10,3520439022
10909,53661570,63703953,117365523,9,0,1,13824,10,338028438
10910,53672610,63692936,117365546,9,0,1,8192,10,6738382366
10911,53673829,55243433,108917262,9,0,0,74240,10,7526845953
10912,53680041,63736285,117416326,4,0,1,24064,5,2624141363
10913,53682600,55024035,108706635,7,0,0,18432,13,1329170390
10914,53686420,63730367,117416787,9,0,1,10240,10,2364543294
10915,53687979,55323094,109011073,9,0,0,4096,10,6933852700
10916,53690981,63726817,117417798,0,0,1,1024,14,8667726970
10917,53691020,54957781,108648801,5,0,0,49664,0,3881058482
10918,53692900,54635758,108328658,7,0,0,13312,13,2161219428
10919,53697170,55162206,108859376,5,0,0,126464,0,6801994981
10920,53701200,63719479,117420679,1,0,1,5120,8,10458314817
10921,53701620,63720685,117422305,1,0,1,2560,8,7404181979
10922,53707120,55017461,108724581,5,0,0,5632,0,1364805375
10923,53717120,63708411,117425531,3,0,1,5120,5,4388514239
10924,53719910,55038177,108758087,7,0,0,56320,13,9864627218
10925,53724021,63701971,117425992,0,0,1,10240,14,5985739614
10926,53725730,63702848,117428578,3,0,1,4096,5,2800182098
10927,53726151,55225188,108951339,2,0,0,512,18,6285415269
10928,53743371,63690353,117433724,0,0,1,8192,14,8041969442
10929,53749380,54729759,108479139,7,0,0,11264,13,3148319237
10930,53754231,63684378,117438609,0,0,1,6656,14,3781537822
10931,53768080,63671515,117439595,1,0,1,1536,8,25300986
10932,53778330,55023997,108802327,7,0,0,6656,13,4103475603
10933,53784280,63656301,117440581,8,0,1,1536,13,5087325256
10934,53801221,63644506,117445727,0,0,1,8192,14,6274862718
10935,53801730,63644343,117446073,8,0,1,512,13,4405393000
10936,53802179,54998097,108800276,9,0,0,18944,10,6059685551
10937,53808580,63657298,117465878,3,0,1,4608,5,2937051198
10938,53817280,63648621,117465901,8,0,1,3584,13,2503994842
10939,53826191,63639733,117465924,0,0,1,17408,14,9416679717
10940,53830200,54713559,108543759,7,0,0,28672,13,1967731916
10941,53830950,63643132,117474082,3,0,1,6144,5,6709918478
10942,53832791,63641314,117474105,0,0,1,2048,14,7872249672
10943,53835120,63639008,117474128,1,0,1,512,8,6131494378
10944,53844090,63630077,117474167,3,0,1,1024,5,5082477056
10945,53844879,55419971,109264850,9,0,0,28160,10,6900048962
10946,53846290,63629235,117475525,9,0,1,4608,10,8719429807
10947,53851210,55031011,108882221,5,0,0,20480,0,5069373994
10948,53852830,63623041,117475871,1,0,1,512,8,41837863
10949,53853980,55276979,109130959,5,0,0,2048,0,9321066014
10950,53854050,63622385,117476435,9,0,1,10752,10,5818551909
10951,53858650,63626361,117485011,1,0,1,2560,8,8703670624
10952,53860120,63627270,117487390,8,0,1,512,13,5582829806
10953,53860731,63628925,117489656,0,0,1,3584,14,6418199069
10954,53861301,54998254,108859555,6,0,0,512,6,2322478167
10955,53864500,55265789,109130289,7,0,0,77312,13,2404651755
10956,53864590,63625732,117490322,1,0,1,1024,8,671847794
10957,53872760,63621428,117494188,1,0,1,6144,8,2943540132
10958,53877601,63628613,117506214,0,0,1,7680,14,819989174
10959,53885750,63622090,117507840,9,0,1,2560,10,151419193
10960,53886571,63625455,117512026,0,0,1,6656,14,1734831500
10961,53887241,63626411,117513652,0,0,1,2560,14,6956263803
10962,53888801,63637359,117526160,0,0,1,16384,14,9136381132
10963,53889590,63636593,117526183,9,0,1,1536,10,1861153625
10964,53890770,63635466,117526236,8,0,1,2048,13,6087255337
10965,53903740,63626362,117530102,8,0,1,6144,13,8596812061
10966,53905630,55336237,109241867,5,0,0,1536,0,8142211638
10967,53905661,63625107,117530768,0,0,1,1024,14,5283106643
10968,53909660,63622094,117531754,3,0,1,1536,5,2925343866
10969,53910930,63621490,117532420,3,0,1,1024,5,6908766671
10970,53918600,63614806,117533406,9,0,1,1536,10,4526516478
10971,53932220,63601532,117533752,9,0,1,512,10,7672531938
10972,53949149,55141601,109090750,9,0,0,8704,10,5842753703
10973,53955679,55275066,109230745,9,0,0,40960,10,897807603
10974,53959070,63576308,117535378,9,0,1,2560,10,8542688950
10975,53967940,63568104,117536044,9,0,1,1024,10,7161128119
10976,53968320,55273056,109241376,7,0,0,34816,13,9216181913
10977,53968420,55333571,109301991,7,0,0,31232,13,6348772139
10978,53969010,55406065,109375075,7,0,0,44032,13,243350888
10979,53974671,63561527,117536198,0,0,1,8704,14,319235862
10980,53975950,63565394,117541344,3,0,1,8192,5,7550756413
10981,53984330,55337905,109322235,7,0,0,3584,13,6527025748
10982,53987021,63579138,117566159,0,0,1,2048,14,7667585517
10983,53992611,55436290,109428901,2,0,0,17920,18,5929485910
10984,53998791,63568994,117567785,0,0,1,2560,14,2667424276
10985,54004709,55334086,109338795,9,0,0,9728,10,10540514506
10986,54014440,55428261,109442701,5,0,0,12800,0,8787500364
10987,54018061,55476668,109494729,2,0,0,21504,18,2846273191
10988,54019101,63549670,117568771,0,0,1,1536,14,2868719699
10989,54025190,55484657,109509847,7,0,0,13824,13,186412505
10990,54029060,63540172,117569232,3,0,1,10240,5,5889621077
10991,54034270,63542317,117576587,3,0,1,512,5,9815633001
10992,54038890,63539003,117577893,6,0,1,2048,6,9307713353
10993,54039540,63539979,117579519,6,0,1,2560,6,913799510
10994,54039801,63540384,117580185,0,0,1,1024,14,2686351634
10995,54042910,55583734,109626644,5,0,0,10240,0,8520737976
10996,54044640,63536211,117580851,8,0,1,1024,13,4809942840
10997,54052869,55772276,109825145,9,0,0,55296,10,5049775593
10998,54055119,55698833,109753952,9,0,0,22528,10,7178815659
10999,54059261,63531549,117590810,0,0,1,12288,14,10448904362
11000,54080441,56000829,110081270,2,0,0,61952,18,9827020575
11001,54081581,55946409,110027990,2,0,0,33280,18,2109753848
11002,54084510,63539610,117624120,8,0,1,11264,13,1610067667
11003,54087851,63536292,117624143,0,0,1,512,14,9670425735
11004,54091710,63547878,117639588,8,0,1,6144,13,245048693
11005,54110901,63955365,118066266,0,0,1,17920,14,10079410044
11006,54117100,55802988,109920088,5,0,0,19456,0,4685821090
11007,54117270,64069567,118186837,6,0,1,12288,6,2360878773
11008,54122131,64106450,118228581,0,0,1,1024,14,10118149885
11009,54132530,64096074,118228604,6,0,1,4608,6,10229226157
11010,54135780,64092847,118228627,6,0,1,1536,6,3914730238
11011,54144531,64084119,118228650,0,0,1,1024,14,5539790020
11012,54147051,56031578,110178629,2,0,0,2048,18,898638653
11013,54147200,55893386,110040586,7,0,0,35840,13,8105508286
11014,54150710,64077963,118228673,8,0,1,4608,13,6220256862
11015,54160910,64090507,118251417,8,0,1,3072,13,9662700285
11016,54161181,64090259,118251440,0,0,1,1536,14,6184356591
11017,54167200,55532962,109700162,5,0,0,23552,0,1187285138
11018,54177420,64089105,118266525,8,0,1,512,13,591447789
11019,54178390,64088337,118266727,8,0,1,11776,13,7778187410
11020,54182241,55655251,109837492,2,0,0,40448,18,907865598
11021,54185021,55772106,109957127,2,0,0,29696,18,2679709955
11022,54185451,64102585,118288036,0,0,1,6144,14,9408779239
11023,54186481,64117669,118304150,0,0,1,6656,14,6100761563
11024,54198590,55684916,109883506,5,0,0,21504,0,8635100070
11025,54202090,55841327,110043417,5,0,0,9216,0,9641842715
11026,54205301,64098880,118304181,0,0,1,1024,14,3831702832
11027,54210510,64094661,118305171,8,0,1,6144,13,1945458381
11028,54212220,64093161,118305381,8,0,1,3072,13,6989591221
11029,54216561,64088843,118305404,7,0,1,18944,13,6127285496
11030,54218490,64159390,118377880,3,0,1,1024,5,572419370
11031,54221860,64156043,118377903,3,0,1,3584,5,9435962237
11032,54224410,56167441,110391851,7,0,0,8704,13,10064018447
11033,54230319,55665441,109895760,9,0,0,10752,10,9706174695
11034,54230830,55714506,109945336,7,0,0,27136,13,5916533072
11035,54236800,56033160,110269960,7,0,0,6144,13,609955606
11036,54237141,55745270,109982411,2,0,0,38912,18,7088452908
11037,54244860,64153476,118398336,8,0,1,1024,13,7094528657
11038,54246861,64152141,118399002,7,0,1,1024,13,4049575674
11039,54247211,64183518,118430729,7,0,1,16896,13,7314597757
11040,54247990,64213985,118461975,8,0,1,8192,13,5187366207
11041,54251240,64210766,118462006,5,0,1,3584,0,713319094
11042,54252290,64226009,118478299,8,0,1,5120,13,10547901923
11043,54254571,64226606,118481177,0,0,1,4608,14,7070221301
11044,54258080,64265416,118523496,5,0,1,3072,0,5771337123
11045,54258091,55589391,109847482,2,0,0,4096,18,9711938004
11046,54269751,55821169,110090920,2,0,0,18432,18,2732556017
11047,54269781,64254701,118524482,7,0,1,1536,13,7504942472
11048,54271110,64253936,118525046,8,0,1,10752,13,10135734851
11049,54281060,64327203,118608263,3,0,1,11264,5,7570807115
11050,54283829,56057778,110341607,9,0,0,2048,10,8698937146
11051,54289860,64318426,118608286,3,0,1,1024,5,1610311261
11052,54297811,64453264,118751075,4,0,1,91136,5,2786481080
11053,54307101,64444320,118751421,0,0,1,512,14,7000653494
11054,54310481,55861394,110171875,2,0,0,110592,18,10020679448
11055,54315870,64435897,118751767,3,0,1,512,5,6674346387
11056,54318251,64439008,118757259,0,0,1,17920,14,4978406359
11057,54324171,64492994,118817165,0,0,1,6144,14,10534491032
11058,54327950,64501851,118829801,3,0,1,6656,5,4945582888
11059,54334780,55757723,110092503,7,0,0,5120,13,3174959089
11060,54339910,64499539,118839449,3,0,1,9216,5,4736619039
11061,54345600,55780518,110126118,7,0,0,20992,13,7658772301
11062,54345950,64573470,118919420,3,0,1,2560,5,4408125893
11063,54358070,55819912,110177982,5,0,0,19968,0,6929869449
11064,54359370,64560409,118919779,8,0,1,9728,13,4631933701
11065,54365860,64559480,118925340,8,0,1,2048,13,7477802591
11066,54367590,64568643,118936233,8,0,1,2048,13,9436744966
11067,54371060,64565196,118936256,8,0,1,1536,13,1479542931
11068,54380629,55752761,110133390,9,0,0,4096,10,7454816209
11069,54406131,55803898,110210029,2,0,0,11776,18,941451589
11070,54423150,64513129,118936279,8,0,1,3072,13,6266975817
11071,54428769,55960338,110389107,9,0,0,37376,10,4244074884
11072,54436120,64500182,118936302,8,0,1,7680,13,8186567714
11073,54444451,55979769,110424220,2,0,0,51712,18,508489788
11074,54449380,64486945,118936325,6,0,1,512,6,6693876746
11075,54457230,55920466,110377696,7,0,0,45056,13,3271161565
11076,54463770,64475486,118939256,9,0,1,7168,10,7553499993
11077,54474210,55801297,110275507,7,0,0,13824,13,4853293872
11078,54476011,55932422,110408433,2,0,0,51712,18,5920068686
11079,54479710,55912944,110392654,5,0,0,2560,0,6353694779
11080,54489720,64474212,118963932,1,0,1,2560,8,8105945487
11081,54498280,64486001,118984281,8,0,1,3584,13,8135365234
11082,54500540,56293137,110793677,5,0,0,64512,0,527981412
11083,54510630,64473674,118984304,1,0,1,2560,8,2366599386
11084,54519360,64464967,118984327,1,0,1,512,8,5821550380
11085,54526530,64457820,118984350,8,0,1,10240,13,269395241
11086,54526910,64457463,118984373,1,0,1,1024,8,2185947532
11087,54527190,64457206,118984396,8,0,1,2048,13,9490949519
11088,54532100,64452319,118984419,8,0,1,1024,13,7477252557
11089,54534440,64450002,118984442,6,0,1,5120,6,1849679958
11090,54543140,64441504,118984644,6,0,1,16896,6,8413002371
11091,54545510,56057277,110602787,5,0,0,21504,0,2553805131
11092,54547960,56068963,110616923,5,0,0,22528,0,3373388316
11093,54548360,64436307,118984667,6,0,1,3584,6,2660596462
11094,54550890,56022863,110573753,7,0,0,93696,13,8818649305
11095,54556080,64428610,118984690,6,0,1,9216,6,1998351616
11096,54558471,55975110,110533581,2,0,0,25088,18,2597627278
11097,54565660,56084693,110650353,5,0,0,92672,0,1816270357
11098,54571511,56114535,110686046,2,0,0,7680,18,8788813930
11099,54571930,64447422,119019352,1,0,1,9216,8,2167217299
11100,54575440,64445218,119020658,6,0,1,2048,6,3843458913
11101,54578340,64448832,119027172,1,0,1,15360,8,7196580523
11102,54582430,64445088,119027518,1,0,1,512,8,1373833220
11103,54588269,56063542,110651811,9,0,0,4608,10,7986767251
11104,54593871,56062689,110656560,2,0,0,15360,18,824312344
11105,54596600,56443053,111039653,5,0,0,15360,0,10592740490
11106,54600570,56021524,110622094,5,0,0,16896,0,4272570228
11107,54602790,64425394,119028184,1,0,1,1024,8,5748737159
11108,54607140,64481719,119088859,1,0,1,20992,8,9244717257
11109,54608550,64480975,119089525,6,0,1,1024,6,952597675
11110,54610270,56119187,110729457,7,0,0,11264,13,9464373783
11111,54616191,64487130,119103321,0,0,1,2560,14,3315422081
11112,54618550,64484794,119103344,6,0,1,3584,6,1152530567
11113,54619510,64487490,119107000,8,0,1,512,13,6250484220
11114,54623000,64488186,119111186,8,0,1,6656,13,6878432840
11115,54624581,64488871,119113452,0,0,1,3584,14,1054389988
11116,54626940,64487178,119114118,8,0,1,1024,13,5435122875
11117,54628020,64487724,119115744,8,0,1,2560,13,7248079647
11118,54629460,56347859,110977319,5,0,0,4608,0,6339814890
11119,54634730,56502813,111137543,7,0,0,17920,13,5458301278
11120,54641561,64536574,119178135,0,0,1,12800,14,6900374032
11121,54645341,64546428,119191769,0,0,1,2048,14,6902585574
11122,54645711,56244881,110890592,2,0,0,24064,18,10713917822
11123,54664961,64526831,119191792,0,0,1,1536,14,6396976753
11124,54667180,64524635,119191815,1,0,1,11264,8,6296738209
11125,54669230,64522608,119191838,8,0,1,3072,13,3434810744
11126,54675680,64566308,119241988,8,0,1,1536,13,9756161960
11127,54691931,64550446,119242377,0,0,1,2560,14,3893574305
11128,54692351,64561887,119254238,0,0,1,1536,14,3848196977
11129,54694050,64567988,119262038,8,0,1,6144,13,902976004
11130,54694940,56296565,110991505,7,0,0,27136,13,8336392291
11131,54696611,64591018,119287629,4,0,1,19456,5,6734536438
11132,54703270,64637757,119341027,1,0,1,12800,8,1379397060
11133,54711310,56576290,111287600,5,0,0,34816,0,5115909527
11134,54718231,57053806,111772037,2,0,0,33792,18,10326664853
11135,54732189,57065143,111797332,9,0,0,82944,10,4756132342
11136,54732250,64671197,119403447,1,0,1,10752,8,3661751787
11137,54736700,56831527,111568227,7,0,0,83456,13,6067082245
11138,54755729,56341549,111097278,9,0,0,59904,10,10446307303
11139,54756710,56973410,111730120,7,0,0,77824,13,6368811919
11140,54757651,64645819,119403470,0,0,1,1536,14,2907973551
11141,54764071,64639422,119403493,4,0,1,7680,5,309289658
11142,54766681,56677318,111443999,2,0,0,8192,18,5983341949
11143,54771419,56818226,111589645,9,0,0,44032,10,10305172698
11144,54781350,56980368,111761718,5,0,0,45056,0,6308009256
11145,54781480,64622036,119403516,3,0,1,9216,5,1972681597
11146,54791750,64618709,119410459,1,0,1,512,8,7190467956
11147,54803260,64612025,119415285,1,0,1,7680,8,6085392501
11148,54811050,64618756,119429806,8,0,1,1024,13,389508333
11149,54813790,64632243,119446033,3,0,1,22016,5,9703252129
11150,54823320,64660325,119483645,8,0,1,2560,13,1640467067
11151,54829120,64709553,119538673,8,0,1,13312,13,7986727622
11152,54836400,64729369,119565769,3,0,1,15360,5,644881387
11153,54844199,56795412,111639611,9,0,0,160256,10,9643754021
11154,54851300,64717055,119568355,1,0,1,4096,8,5889487148
11155,54853570,56966276,111819846,7,0,0,17408,13,8597299723
11156,54860371,64708138,119568509,0,0,1,8704,14,2844518892
11157,54868350,56957603,111825953,5,0,0,19968,0,7579891834
11158,54869200,64720451,119589651,3,0,1,2560,5,9533720129
11159,54870311,64719363,119589674,0,0,1,7680,14,7583540174
11160,54874160,64780644,119654804,3,0,1,5632,5,7258120560
11161,54885799,56788069,111673868,9,0,0,69632,10,1256727561
11162,54888700,64773121,119661821,8,0,1,1536,13,2232946895
11163,54889200,56473702,111362902,5,0,0,4608,0,6563139329
11164,54891280,64770887,119662167,3,0,1,512,5,4565644716
11165,54892261,56650515,111542776,2,0,0,194560,18,8934623679
11166,54896450,64766063,119662513,1,0,1,512,8,5580847140
11167,54896569,56809816,111706385,9,0,0,47616,10,6275303245
11168,54897230,64766589,119663819,1,0,1,2048,8,9548828869
11169,54903730,56844205,111747935,7,0,0,58368,13,366395516
11170,54911121,64785037,119696158,0,0,1,1536,14,7244029825
11171,54913550,56900922,111814472,5,0,0,5120,0,1278735796
11172,54913571,64801205,119714776,0,0,1,4096,14,10331753147
11173,54929669,56716853,111646522,9,0,0,22528,10,8370984747
11174,54937541,64777437,119714978,0,0,1,4608,14,1662931611
11175,54938611,64776390,119715001,0,0,1,7168,14,2296075261
11176,54946260,56972381,111918641,7,0,0,64512,13,10736390530
11177,54948021,56743654,111691675,2,0,0,58368,18,3175562363
11178,54957280,64769417,119726697,3,0,1,2048,5,3992834969
11179,54969781,56682848,111652629,2,0,0,19968,18,7154199938
11180,54970591,57015473,111986064,2,0,0,22528,18,4415885064
11181,54974780,64752276,119727056,3,0,1,9728,5,10027443929
11182,54976200,56614560,111590760,7,0,0,3584,13,952616872
11183,54981899,56594307,111576206,9,0,0,26112,10,5275055352
11184,54993130,56249202,111242332,5,0,0,3072,0,3847878727
11185,55000790,64726932,119727722,3,0,1,1024,5,10706412481
11186,55003241,57319268,112322509,2,0,0,59904,18,6937717501
11187,55006050,57105322,112111372,7,0,0,62464,13,10691310831
11188,55006610,56806248,111812858,7,0,0,1536,13,338486267
11189,55014511,64851397,119865908,0,0,1,18944,14,6467307423
11190,55014710,64851221,119865931,3,0,1,1536,5,3222749498
11191,55026051,64839903,119865954,0,0,1,512,14,2709915966
11192,55035940,64830037,119865977,1,0,1,3584,8,1946334430
11193,55055900,64810100,119866000,1,0,1,16896,8,4360405955
11194,55068601,64797422,119866023,0,0,1,3072,14,9224393217
11195,55076169,57495379,112571548,9,0,0,57856,10,10510069052
11196,55080241,57250247,112330488,2,0,0,26112,18,10263016722
11197,55081530,56610324,111691854,7,0,0,512,13,3409919472
11198,55085270,64780776,119866046,3,0,1,7680,5,2500759501
11199,55086860,56725369,111812229,7,0,0,48640,13,3561107813
11200,55089920,64776149,119866069,3,0,1,1536,5,6898193810
11201,55115579,57119906,112235485,9,0,0,8192,10,6455395147
11202,55118780,56829220,111948000,5,0,0,76800,0,8423008623
11203,55129340,64736752,119866092,1,0,1,1024,8,2493445579
11204,55131241,56706951,111838192,2,0,0,39936,18,2910655942
11205,55134860,56738629,111873489,5,0,0,54784,0,10659334455
11206,55136410,64729705,119866115,1,0,1,8192,8,5222490608
11207,55145431,56326739,111472170,2,0,0,4096,18,4689221734
11208,55145560,64720578,119866138,3,0,1,2048,5,5616513760
11209,55146950,64719211,119866161,3,0,1,512,5,7150316643
11210,55159251,57457947,112617198,2,0,0,9216,18,3407211864
11211,55161860,64705439,119867299,3,0,1,3072,5,385161647
11212,55162810,64705788,119868598,1,0,1,7680,8,3623909758
11213,55170969,56727832,111898801,9,0,0,61952,10,8449550869
11214,55171369,57161170,112332539,9,0,0,6656,10,736883770
11215,55175460,56865083,112040543,7,0,0,49152,13,8009119904
11216,55175960,64753630,119929590,1,0,1,512,8,3172896039
11217,55180651,56671955,111852606,2,0,0,47104,18,957841099
11218,55189870,64740066,119929936,3,0,1,512,5,2326101293
11219,55203789,56798233,112002022,9,0,0,7168,10,6409178450
11220,55206281,64724321,119930602,0,0,1,1024,14,4923856692
11221,55208691,64849731,120058422,0,0,1,28672,14,10060844188
11222,55209280,64914302,120123582,3,0,1,2560,5,771303108
11223,55212320,64911285,120123605,3,0,1,3584,5,10305820591
11224,55215280,64908348,120123628,3,0,1,512,5,4016803726
11225,55218940,64904711,120123651,1,0,1,1024,8,2524061002
11226,55220451,57035537,112255988,2,0,0,25088,18,7562857808
11227,55236450,64905811,120142261,3,0,1,2048,5,5047067574
11228,55244999,57165036,112410035,9,0,0,11264,10,7140481809
11229,55247690,64894594,120142284,3,0,1,1024,5,5288803401
11230,55250270,57457535,112707805,7,0,0,117760,13,5252665964
11231,55254960,57866241,113121201,7,0,0,13824,13,9331613786
11232,55257651,64901207,120158858,0,0,1,9216,14,8110810673
11233,55266480,65013788,120280268,3,0,1,2560,5,10370254915
11234,55271140,65009151,120280291,5,0,1,4608,0,2830856925
11235,55274210,65009738,120283948,5,0,1,1536,0,5294251853
11236,55277089,56748455,112025544,9,0,0,11776,10,6135039459
11237,55291950,57012284,112304234,7,0,0,20992,13,2328138642
11238,55300331,64983640,120283971,0,0,1,1536,14,6684273619
11239,55301570,65017358,120318928,5,0,1,20992,0,796842660
11240,55307421,65011538,120318959,0,0,1,12288,14,5276718333
11241,55311920,56774142,112086062,5,0,0,9728,0,8298403282
11242,55327570,65070915,120398485,8,0,1,4608,13,3882891386
11243,55365050,65033458,120398508,3,0,1,4608,5,4313623072
11244,55379901,65018630,120398531,0,0,1,1024,14,9587480273
11245,55382690,65015864,120398554,3,0,1,1024,5,8996863599
11246,55388139,56899352,112287491,9,0,0,27136,10,867504584
11247,55402580,64995997,120398577,8,0,1,1024,13,6067772620
11248,55406581,56971492,112378073,2,0,0,10752,18,2818404080
11249,55425620,64972980,120398600,8,0,1,2560,13,892900378
11250,55431410,57005984,112437394,5,0,0,11776,0,5427769022
11251,55434540,57720836,113155376,5,0,0,89600,0,6265455283
11252,55435290,64963333,120398623,3,0,1,2560,5,537635221
11253,55452210,64946436,120398646,3,0,1,4096,5,2476733683
11254,55459860,64938809,120398669,8,0,1,1024,13,7095012314
11255,55465020,64947222,120412242,3,0,1,2048,5,2104264094
11256,55467410,65053319,120520729,8,0,1,4608,13,787969693
11257,55479120,65060707,120539827,8,0,1,17408,13,10281618081
11258,55480690,65101293,120581983,3,0,1,5120,5,3154236117
11259,55482711,57354361,112837072,2,0,0,78336,18,10265132335
11260,55483530,65098476,120582006,3,0,1,18432,5,6914371730
11261,55507960,56725006,112232966,5,0,0,36352,0,1599335257
11262,55510139,57071853,112581992,9,0,0,28672,10,4789899415
11263,55517171,56825727,112342898,2,0,0,15872,18,7828506626
11264,55553610,65062499,120616109,3,0,1,1024,5,6600231644
11265,55558480,65064227,120622707,3,0,1,2048,5,6592558055
11266,55565820,65056910,120622730,3,0,1,1536,5,6054148987
11267,55567270,65055483,120622753,3,0,1,3072,5,5240273683
11268,55576300,56900058,112476358,5,0,0,37888,0,1818268171
11269,55610070,56574224,112184294,5,0,0,12288,0,2432186584
11270,55612611,65025158,120637769,7,0,1,6656,13,9176723023
11271,55615160,57774162,113389322,5,0,0,115712,0,1716818898
11272,55615781,57143540,112759321,2,0,0,38400,18,6812541022
11273,55632790,56920219,112553009,5,0,0,17408,0,4033219812
11274,55635270,65005085,120640355,3,0,1,4096,5,3361901095
11275,55646260,57119066,112765326,5,0,0,19456,0,849095361
11276,55674221,57326513,113000734,2,0,0,41984,18,6768302950
11277,55678960,64962701,120641661,3,0,1,2048,5,5422996525
11278,55699411,57024173,112723584,2,0,0,51712,18,9803546778
11279,55705240,64939647,120644887,3,0,1,5120,5,6790656956
11280,55730031,65012050,120742081,4,0,1,42496,5,10631007995
11281,55732359,57464644,113197003,9,0,0,17920,10,8989766665
11282,55735910,56874655,112610565,0,0,0,2560,14,2337688100
11283,55743820,64998284,120742104,3,0,1,512,5,8015362885
11284,55744779,56689004,112433783,9,0,0,26112,10,1304871617
11285,55752350,64989777,120742127,8,0,1,7680,13,3968769976
11286,55757010,56768519,112525529,5,0,0,8704,0,8343685689
11287,55759100,57228796,112987896,5,0,0,55296,0,10390798721
11288,55761240,64983714,120744954,8,0,1,8192,13,167747048
11289,55773160,64972140,120745300,3,0,1,512,5,2893678356
11290,55784831,57131178,112916009,2,0,0,20480,18,7729084103
11291,55785350,64961576,120746926,8,0,1,2560,13,8822452749
11292,55788120,64959472,120747592,3,0,1,1024,5,9370508659
11293,55801911,64947128,120749039,0,0,1,2048,14,8190657975
11294,55805350,64948406,120753756,3,0,1,4096,5,4992013823
11295,55807200,57274291,113081491,5,0,0,47616,0,8091707781
11296,55816599,56921204,112737803,9,0,0,46592,10,4610240573
11297,55816821,64937732,120754553,4,0,1,3072,5,1255662414
11298,55822511,56725171,112547682,2,0,0,17920,18,5592659059
11299,55826109,56987072,112813181,9,0,0,37888,10,9673848046
11300,55827651,57689124,113516775,2,0,0,104960,18,5032672906
11301,55836430,56792653,112629083,5,0,0,10240,0,8824138386
11302,55837061,64964856,120801917,0,0,1,4608,14,988008828
11303,55847130,64954810,120801940,6,0,1,2048,6,4506488371
11304,55867101,64934862,120801963,0,0,1,3072,14,1909227290
11305,55869691,56618725,112488416,2,0,0,39424,18,2454797362
11306,55871620,57535532,113407152,5,0,0,51200,0,9439013850
11307,55885970,64916016,120801986,3,0,1,1536,5,4813329384
11308,55887331,57570994,113458325,2,0,0,56832,18,3839793428
11309,55895100,57014646,112909746,5,0,0,167936,0,9928049812
11310,55903400,64898609,120802009,3,0,1,2048,5,5272324219
11311,55916990,64885042,120802032,5,0,1,3584,0,1886003063
11312,55918700,64890312,120809012,3,0,1,2560,5,2884519712
11313,55929999,56817576,112747575,9,0,0,29696,10,9193372665
11314,55940320,57259947,113200267,0,0,0,1024,14,694831315
11315,55940970,56391748,112332718,6,0,0,512,6,4470994257
11316,55941710,56316474,112258184,6,0,0,2048,6,9609246613
11317,55951930,64859668,120811598,5,0,1,4096,0,9855518179
11318,55953190,56411794,112364984,6,0,0,1536,6,5995624990
11319,55961480,64851744,120813224,5,0,1,2560,0,6261122620
11320,55965179,57611173,113576352,9,0,0,32768,10,10457987407
11321,55967820,56886310,112854130,5,0,0,54784,0,1824308649
11322,55973560,64841930,120815490,5,0,1,3584,0,8379437628
11323,55976611,64841785,120818396,0,0,1,4608,14,1625147559
11324,55984320,64838262,120822582,5,0,1,6656,0,6003385261
11325,56003510,56778807,112782317,5,0,0,7168,0,2596909294
11326,56006461,64817427,120823888,0,0,1,2048,14,3453018930
11327,56010670,56543227,112553897,5,0,0,1536,0,3451928492
11328,56014361,64811473,120825834,0,0,1,3072,14,7286642244
11329,56015081,64811099,120826180,0,0,1,512,14,2846604014
11330,56023100,57098592,113121692,0,0,0,1536,14,2241382654
11331,56023610,56598019,112621629,0,0,0,3584,14,10489374509
11332,56024189,56773775,112797964,9,0,0,3072,10,4621886256
11333,56046200,64781926,120828126,5,0,1,3072,0,7666166848
11334,56047300,57144220,113191520,5,0,0,77824,0,4156967820
11335,56062141,56555633,112617774,2,0,0,1024,18,8500932976
11336,56074161,64754119,120828280,0,0,1,8704,14,5907913805
11337,56081200,57117783,113198983,0,0,0,512,14,5617878532
11338,56086380,57081359,113167739,5,0,0,31232,0,5902994175
11339,56089100,56676725,112765825,6,0,0,1536,6,5842777932
11340,56097661,64732885,120830546,0,0,1,3584,14,8345515296
11341,56101721,64731411,120833132,7,0,1,4096,13,748050861
11342,56110850,57087938,113198788,6,0,0,2048,6,7401572329
11343,56111630,56517788,112629418,6,0,0,1024,6,603895723
11344,56112870,64721248,120834118,3,0,1,1536,5,9129564851
11345,56114570,64720214,120834784,9,0,1,1024,10,10169193541
11346,56119290,56478984,112598274,6,0,0,2560,6,5011533177
11347,56121351,57319635,113440986,2,0,0,93184,18,7620137072
11348,56121360,57357977,113479337,5,0,0,43520,0,585337308
11349,56130269,56813009,112943278,9,0,0,49152,10,7629679952
11350,56131619,56606877,112738496,9,0,0,2048,10,10310637647
11351,56132060,64736091,120868151,9,0,1,1536,10,3607626501
11352,56132580,64744434,120877014,5,0,1,2048,0,10242702251
11353,56154600,64727240,120881840,9,0,1,7680,10,185923494
11354,56154921,57068036,113222957,2,0,0,39936,18,5928211218
11355,56167151,64715675,120882826,0,0,1,1536,14,2775184488
11356,56172681,64710491,120883172,0,0,1,512,14,6667322952
11357,56173911,64711207,120885118,0,0,1,3072,14,5753523925
11358,56174259,56859871,113034130,9,0,0,17408,10,1114221184
11359,56174510,56626616,112801126,6,0,0,1024,6,9460969400
11360,56176701,64710043,120886744,0,0,1,2560,14,1188135406
11361,56177899,56828786,113006685,9,0,0,19456,10,6210502058
11362,56179620,56657795,112837415,6,0,0,1024,6,10455008299
11363,56183150,57603905,113787055,5,0,0,22016,0,9172034801
11364,56188890,64699480,120888370,5,0,1,2560,0,10718326335
11365,56189240,57141710,113330950,0,0,0,1536,14,7440273375
11366,56190880,64698476,120889356,5,0,1,1536,0,3768027430
11367,56191170,56930701,113121871,6,0,0,512,6,3990695712
11368,56191641,56925325,113116966,2,0,0,83968,18,520188654
11369,56195760,64696182,120891942,9,0,1,4096,10,1464061438
11370,56200719,57365035,113565754,9,0,0,52736,10,1257212339
11371,56200850,57653723,113854573,0,0,0,512,14,522715398
11372,56220440,57245614,113466054,5,0,0,17920,0,4806751939
11373,56223050,57184749,113407799,0,0,0,2048,14,2988286608
11374,56224080,64701397,120925477,9,0,1,9216,10,3304283242
11375,56225360,57187165,113412525,5,0,0,14848,0,1438715652
11376,56230570,56967571,113198141,5,0,0,3584,0,5859926040
11377,56230741,64695722,120926463,0,0,1,1536,14,8793625025
11378,56234250,56921328,113155578,6,0,0,512,6,8958406452
11379,56237950,56987376,113225326,0,0,0,1536,14,2582375258
11380,56238400,57507347,113745747,5,0,0,1536,0,9924871631
11381,56238790,64689939,120928729,3,0,1,3584,5,9160073878
11382,56238990,57372126,113611116,5,0,0,512,0,4301435514
11383,56248130,56907829,113155959,0,0,0,1024,14,317030773
11384,56249510,57230676,113480186,5,0,0,1024,0,6340643629
11385,56253840,64676515,120930355,3,0,1,2560,5,846345960
11386,56254800,57630002,113884802,0,0,0,1024,14,2966976028
11387,56256700,57151278,113407978,5,0,0,512,0,8434261895
11388,56258771,56828983,113087754,2,0,0,20480,18,6285330495
11389,56260719,57345452,113606171,9,0,0,97792,10,3561474929
11390,56268871,64677901,120946772,0,0,1,3072,14,1660944808
11391,56268970,64688865,120957835,3,0,1,4608,5,6486199578
11392,56284920,64676461,120961381,5,0,1,5632,0,6315649630
11393,56286170,56964402,113250572,6,0,0,1536,6,10402323569
11394,56290010,64675237,120965247,5,0,1,6144,0,5413030217
11395,56300110,64665803,120965913,5,0,1,1024,0,7225541351
11396,56312870,57327784,113640654,5,0,0,512,0,10544049166
11397,56313380,64710723,121024103,5,0,1,11776,0,6050881163
11398,56316550,64707576,121024126,3,0,1,1024,5,5144548753
11399,56320300,64703849,121024149,3,0,1,5632,5,5174760513
11400,56321651,57163105,113484756,2,0,0,13824,18,10170843868
11401,56322819,57217205,113540024,9,0,0,60416,10,3988549412
11402,56325250,57135321,113460571,5,0,0,1024,0,2575456716
11403,56328181,57132055,113460236,2,0,0,6144,18,5483129223
11404,56328209,57647901,113976110,9,0,0,48128,10,6917103521
11405,56332480,64691692,121024172,3,0,1,2048,5,1374568405
11406,56332570,64691625,121024195,5,0,1,512,0,3308644836
11407,56334041,64690177,121024218,0,0,1,512,14,7513592664
11408,56335909,57185592,113521501,9,0,0,14848,10,1414806104
11409,56336440,64699524,121035964,9,0,1,1536,10,3686402436
11410,56339391,57052138,113391529,2,0,0,7168,18,2310730414
11411,56340540,64695447,121035987,3,0,1,9728,5,4820126315
11412,56346050,64817854,121163904,3,0,1,5632,5,1510333301
11413,56363630,64907846,121271476,1,0,1,1536,8,7527721866
11414,56370780,64981139,121351919,3,0,1,23040,5,2730343687
11415,56372530,57107321,113479851,0,0,0,1024,14,5761034555
11416,56373940,57106581,113480521,6,0,0,1024,6,1055153535
11417,56376451,57355467,113731918,2,0,0,24576,18,7625155413
11418,56378720,65038056,121416776,9,0,1,3072,10,9966310744
11419,56379420,65037379,121416799,9,0,1,512,10,118078526
11420,56381150,57503317,113884467,0,0,0,3072,14,2240422249
11421,56389140,65027682,121416822,5,0,1,6656,0,9693047800
11422,56389700,65027145,121416845,5,0,1,1024,0,2313785313
11423,56401490,65064112,121465602,5,0,1,18432,0,7640771522
11424,56406880,65192026,121598906,9,0,1,20480,10,5386667615
11425,56422840,57250373,113673213,5,0,0,1536,0,2008970188
11426,56425880,57053636,113479516,0,0,0,512,14,10715510722
11427,56436450,57223903,113660353,6,0,0,512,6,9926952453
11428,56438050,57078904,113516954,0,0,0,512,14,6427882447
11429,56440700,57203169,113643869,6,0,0,512,6,4579144489
11430,56451330,65151083,121602413,1,0,1,512,8,7266189974
11431,56458799,57152138,113610937,9,0,0,15360,10,10128084615
11432,56464980,57084606,113549586,0,0,0,512,14,7955909984
11433,56470030,57096307,113566337,5,0,0,512,0,133517240
11434,56479910,65123809,121603719,9,0,1,2048,10,3663208935
11435,56486469,57062938,113549407,9,0,0,30720,10,10647730934
11436,56489129,57151346,113640475,9,0,0,27136,10,3722988282
11437,56489940,57076172,113566112,6,0,0,1024,6,4077844671
11438,56494670,65119821,121614491,3,0,1,512,5,1760849265
11439,56496410,57450669,113947079,0,0,0,1536,14,888668260
11440,56502301,57237790,113740091,2,0,0,7680,18,4122760992
11441,56504290,65110224,121614514,9,0,1,3072,10,2588034344
11442,56507849,57435830,113943679,9,0,0,29696,10,7310410226
11443,56511640,65102897,121614537,9,0,1,512,10,8486522222
11444,56515600,57106423,113622023,0,0,0,512,14,1576999983
11445,56515949,57408099,113924048,9,0,0,63488,10,9566330798
11446,56522051,57503524,114025575,2,0,0,11264,18,3001952476
11447,56524770,57314258,113839028,5,0,0,512,0,1258750596
11448,56548920,65083870,121632790,3,0,1,4608,5,2099265599
11449,56555140,65078263,121633403,3,0,1,2048,5,4329699669
11450,56568540,57208706,113777246,6,0,0,512,6,6622757773
11451,56570050,57162047,113732097,0,0,0,512,14,4098226839
11452,56575859,57630448,114206307,9,0,0,82944,10,4282153411
11453,56597949,57230144,113828093,9,0,0,28672,10,5964608579
11454,56615269,57188834,113804103,9,0,0,31744,10,7330079161
11455,56631711,57377133,114008844,2,0,0,80384,18,7531759166
11456,56633391,57385460,114018851,2,0,0,32768,18,5077075146
11457,56661939,57268551,113930490,9,0,0,19968,10,10433983935
11458,56662599,57291002,113953601,9,0,0,19456,10,4901663770
11459,56663521,57219808,113883329,2,0,0,48640,18,2220436528
11460,56664530,57191178,113855708,0,0,0,512,14,2777300988
11461,56667340,64971657,121638997,9,0,1,26624,10,2013273451
11462,56668029,57371034,114039063,9,0,0,5120,10,9196195052
11463,56672239,57565589,114237828,9,0,0,58368,10,10558279608
11464,56676910,57247473,113924383,6,0,0,1024,6,1279851151
11465,56680799,57464322,114145121,9,0,0,3584,10,8652761851
11466,56682929,57152675,113835604,9,0,0,24576,10,5921226144
11467,56694251,57371160,114065411,2,0,0,1024,18,1123324626
11468,56704110,65002328,121706438,2,0,1,4608,18,5560676505
11469,56709900,57180778,113890678,6,0,0,1024,6,7187459905
11470,56717309,57171493,113888802,9,0,0,5120,10,9281236159
11471,56718860,64987924,121706784,9,0,1,512,10,3326800931
11472,56718910,64988540,121707450,5,0,1,1024,0,6546633375
11473,56720009,57345067,114065076,9,0,0,47616,10,6785784634
11474,56720750,64986854,121707604,1,0,1,8704,8,6442983777
11475,56723820,65079146,121802966,5,0,1,2560,0,3144203620
11476,56726910,57162071,113888981,5,0,0,512,0,533456734
11477,56728460,65076452,121804912,5,0,1,3072,0,2025724929
11478,56729959,57648671,114378630,9,0,0,40448,10,6271743645
11479,56732250,65092919,121825169,5,0,1,12288,0,7390334984
11480,56732950,57044897,113777847,5,0,0,1024,0,73674072
11481,56737850,57145658,113883508,5,0,0,512,0,5040016918
11482,56740950,57324640,114065590,6,0,0,512,6,6100686303
11483,56746890,65092127,121839017,5,0,1,6144,0,2924958811
11484,56749961,57394045,114144006,2,0,0,68608,18,2275557720
11485,56750930,65108943,121859873,9,0,1,4096,10,141125939
11486,56766180,65093716,121859896,5,0,1,4608,0,7393552146
11487,56768670,65092197,121860867,5,0,1,5120,0,2599072958
11488,56783210,65078643,121861853,3,0,1,1536,5,4696731206
11489,56785891,57489063,114274954,2,0,0,6656,18,6817255903
11490,56788590,65074441,121863031,5,0,1,13824,0,6549521115
11491,56790371,57465108,114255479,2,0,0,57856,18,6444772230
11492,56790430,57368290,114158720,5,0,0,512,0,1754271648
11493,56794219,57500298,114294517,9,0,0,22016,10,8692201633
11494,56795480,65119040,121914520,3,0,1,1536,5,2661900652
11495,56801970,57244913,114046883,5,0,0,1024,0,5950770816
11496,56802580,65113801,121916381,3,0,1,18432,5,4489688946
11497,56808490,57464226,114272716,5,0,0,3072,0,10518170793
11498,56818780,57282728,114101508,5,0,0,512,0,4513735759
11499,56824100,65117182,121941282,1,0,1,14848,8,7510645899
11500,56825210,57492256,114317466,6,0,0,1024,6,3402352592
11501,56831550,57144739,113976289,0,0,0,512,14,8140016961
11502,56837510,57434239,114271749,0,0,0,51712,14,2142802959
11503,56840050,65101898,121941948,1,0,1,1024,8,8912389589
11504,56847240,57557814,114405054,0,0,0,41472,14,8462408907
11505,56848950,65094624,121943574,3,0,1,2560,5,5536244638
11506,56849720,57610024,114459744,5,0,0,3072,0,8504729790
11507,56853840,65092000,121945840,5,0,1,3584,0,4658259329
11508,56858250,65090176,121948426,3,0,1,4096,5,6131732321
11509,56859420,65096137,121955557,3,0,1,512,5,8573544790
11510,56870820,57194949,114065769,6,0,0,512,6,6248980060
11511,56874130,65082413,121956543,3,0,1,1536,5,6243109757
11512,56877260,57509863,114387123,6,0,0,512,6,4918388215
11513,56888770,65070472,121959242,1,0,1,2560,8,8776982143
11514,56889540,65071328,121960868,3,0,1,2560,5,8168446756
11515,56913930,57158027,114071957,6,0,0,1536,6,5442572930
11516,56914290,57341680,114255970,6,0,0,1536,6,3483174502
11517,56937061,57690583,114627644,2,0,0,41472,18,10725665153
11518,56947350,65016424,121963774,3,0,1,4608,5,3641625946
11519,56956479,57430442,114386921,9,0,0,27136,10,7853321719
11520,56960010,65004110,121964120,3,0,1,512,5,6818868188
11521,56964630,57310659,114275289,5,0,0,1024,0,1991050030
11522,56966070,57370149,114336219,0,0,0,45568,14,10618631451
11523,56968450,57304453,114272903,5,0,0,512,0,6018414387
11524,56980641,57334617,114315258,2,0,0,10240,18,1262013542
11525,56983000,57292468,114275468,6,0,0,512,6,2035843465
11526,56988880,57438902,114427782,6,0,0,1536,6,2818742025
11527,57000731,57543455,114544186,2,0,0,91648,18,6884736479
11528,57017220,57323013,114340233,0,0,0,7168,14,8047660537
11529,57020640,57263898,114284538,6,0,0,10240,6,4988691789
11530,57021589,57790313,114811902,9,0,0,36352,10,7971734198
11531,57021880,57772504,114794384,0,0,0,46592,14,10642772274
11532,57029760,64937906,121967666,3,0,1,5632,5,6244251567
11533,57033660,64944263,121977923,6,0,1,8192,6,5161694097
11534,57041430,64936516,121977946,6,0,1,15872,6,8890545687
11535,57050350,64969955,122020305,6,0,1,13312,6,7787362254
11536,57051380,57533224,114584604,0,0,0,83456,14,5460894629
11537,57052860,57439236,114492096,0,0,0,28160,14,5909628282
11538,57053110,64967218,122020328,6,0,1,6656,6,6620442253
11539,57062850,64957501,122020351,5,0,1,2048,0,10337833594
11540,57067390,57609965,114677355,5,0,0,1024,0,5371487713
11541,57072890,64947484,122020374,3,0,1,19456,5,3055855599
11542,57073800,57603220,114677020,0,0,0,77824,14,10004411375
11543,57102720,58084164,115186884,6,0,0,86016,6,7562402639
11544,57126490,57573624,114700114,0,0,0,16384,14,9690529478
11545,57127670,57422170,114549840,5,0,0,1024,0,8429732657
11546,57128320,64929766,122058086,6,0,1,3584,6,1568091036
11547,57146080,57630093,114776173,6,0,0,2048,6,9853030254
11548,57147700,64914252,122061952,6,0,1,6144,6,3280548737
11549,57153400,57899173,115052573,0,0,0,70656,14,4346988150
11550,57202371,57598432,114800803,2,0,0,20992,18,2642956621
11551,57205830,64881724,122087554,6,0,1,5120,6,2777008357
11552,57209480,57284160,114493640,5,0,0,512,0,6295684540
11553,57219840,57274853,114494693,5,0,0,512,0,7938101296
11554,57226300,57714228,114940528,5,0,0,512,0,9979375836
11555,57228661,64860834,122089495,7,0,1,3072,13,1334085750
11556,57235190,57514997,114750187,5,0,0,3584,0,9163100505
11557,57253880,64835638,122089518,6,0,1,2560,6,10162744687
11558,57260730,57367249,114627979,5,0,0,1024,0,3843009570
11559,57265320,57895333,115160653,5,0,0,1024,0,769577128
11560,57267361,64822905,122090266,7,0,1,512,13,7640254295
11561,57271031,64935979,122207010,4,0,1,114688,5,6906173283
11562,57273151,64965310,122238461,4,0,1,52224,5,1736029478
11563,57274290,57652772,114927062,0,0,0,19968,14,3902116200
11564,57276401,57607742,114884143,2,0,0,51712,18,10477661313
11565,57277650,58054607,115332257,6,0,0,28160,6,6365343663
11566,57287890,57600020,114887910,6,0,0,12288,6,19384624
11567,57294490,57618939,114913429,5,0,0,512,0,5958440102
11568,57295219,57900813,115196032,9,0,0,27648,10,739634422
11569,57309941,64933026,122242967,7,0,1,7168,13,1869148578
11570,57310570,57849748,115160318,6,0,0,64000,6,2106604021
11571,57316601,64928632,122245233,7,0,1,3584,13,5011481174
11572,57316710,64937377,122254087,9,0,1,5120,10,4784207382
11573,57317230,58121400,115438630,0,0,0,14336,14,7241739225
11574,57319510,57955053,115274563,5,0,0,512,0,1073901442
11575,57321261,64946697,122267958,7,0,1,4096,13,4405236221
11576,57323141,58034628,115357769,2,0,0,31232,18,2039732882
11577,57335650,57743458,115079108,6,0,0,56320,6,3963236580
11578,57336080,57716984,115053064,5,0,0,1536,0,1926225492
11579,57339511,64937485,122276996,4,0,1,23552,5,2746980668
11580,57346560,64932382,122278942,6,0,1,3072,6,2552521808
11581,57359259,57726580,115085839,9,0,0,22016,10,10114005311
11582,57370361,57904023,115274384,2,0,0,83456,18,8717080881
11583,57373040,58284993,115658033,0,0,0,96256,14,8240853031
11584,57378431,64980845,122359276,4,0,1,41472,5,10276833909
11585,57385721,58459914,115845635,2,0,0,162304,18,6607767381
11586,57391091,58237551,115628642,2,0,0,57344,18,4459885948
11587,57392951,64966737,122359688,4,0,1,512,5,1196078645
11588,57394011,57455476,114849487,2,0,0,4608,18,4345330782
11589,57403060,57970702,115373762,6,0,0,35840,6,2972165940
11590,57408430,64953458,122361888,6,0,1,3584,6,5731201533
11591,57408961,64958999,122367960,7,0,1,18432,13,8972023733
11592,57416810,64962217,122379027,6,0,1,2560,6,4060986788
11593,57419091,65016089,122435180,4,0,1,2560,5,2668498137
11594,57420400,57775834,115196234,5,0,0,512,0,4880936792
11595,57432180,57755374,115187554,5,0,0,2048,0,2617240829
11596,57437451,64997752,122435203,7,0,1,11776,13,3963768882
11597,57442160,64993074,122435234,6,0,1,2560,6,3881913570
11598,57450331,57868559,115318890,2,0,0,82432,18,3552800496
11599,57451481,58038123,115489604,2,0,0,67072,18,4066790858
11600,57460731,64974526,122435257,7,0,1,10752,13,2357760269
11601,57467520,58494573,115962093,0,0,0,48128,14,5981300301
11602,57468551,64966729,122435280,4,0,1,18432,5,6795340659
11603,57475060,64960243,122435303,6,0,1,7168,6,9824082438
11604,57478291,58262938,115741229,2,0,0,47616,18,3101602650
11605,57483771,57950468,115434239,2,0,0,16384,18,2529973107
11606,57486820,64948997,122435817,6,0,1,2560,6,1730892597
11607,57503880,57636580,115140460,0,0,0,93184,14,9961484885
11608,57514631,64923084,122437715,7,0,1,7168,13,4344749124
11609,57519810,58158994,115678804,6,0,0,68096,6,9764527587
11610,57532440,58479570,116012010,6,0,0,53248,6,8648073676
11611,57533980,64916853,122450833,6,0,1,1536,6,10539182924
11612,57543130,64908049,122451179,6,0,1,512,6,4265223116
11613,57543449,57962309,115505758,9,0,0,13312,10,7435269540
11614,57545271,64936957,122482228,4,0,1,26624,5,8624049327
11615,57548300,58445643,115993943,5,0,0,1536,0,208683129
11616,57563860,57956242,115520102,6,0,0,3584,6,9889892757
11617,57564289,58327942,115892231,9,0,0,60416,10,4244973709
11618,57572930,58300870,115873800,5,0,0,512,0,762932478
11619,57575380,58371824,115947204,6,0,0,129024,6,3657585115
11620,57584390,58001846,115586236,0,0,0,81408,14,8915053904
11621,57587311,65046051,122633362,4,0,1,128000,5,4424664982
11622,57590761,65206377,122797138,4,0,1,174080,5,2294323662
11623,57597051,65220891,122817942,4,0,1,17408,5,9056934781
11624,57597210,57782121,115379331,5,0,0,512,0,9182812715
11625,57599170,65223686,122822856,6,0,1,20992,6,5120510765
11626,57624150,57937259,115561409,6,0,0,39424,6,7856091464
11627,57637570,65199165,122836735,6,0,1,1536,6,6466337438
11628,57641311,58050183,115691494,2,0,0,39424,18,6219135154
11629,57642590,65194299,122836889,6,0,1,8704,6,6896755655
11630,57642660,65204046,122846706,6,0,1,3072,6,822375288
11631,57648160,65200812,122848972,6,0,1,3584,6,9892057801
11632,57650290,65212059,122862349,8,0,1,7680,13,314810184
11633,57660230,65205990,122866220,8,0,1,4608,13,1314142538
11634,57666130,58033895,115700025,6,0,0,15360,6,10004440215
11635,57667450,65200482,122867932,8,0,1,1536,13,8060097056
11636,57668750,65206320,122875070,9,0,1,7680,10,2079955103
11637,57677161,65217285,122894446,4,0,1,32768,5,3055512062
11638,57679259,57461536,115140795,9,0,0,1024,10,7555992077
11639,57687281,65207188,122894469,4,0,1,17920,5,1757193457
11640,57689021,58280739,115969760,2,0,0,25088,18,4882537302
11641,57692831,57912670,115605501,2,0,0,55296,18,5789473207
11642,57693340,58180273,115873613,6,0,0,62976,6,1872533026
11643,57693380,65201112,122894492,6,0,1,512,6,1233147550
11644,57697740,58075777,115773517,0,0,0,25088,14,7273862529
11645,57699801,58391957,116091758,2,0,0,12288,18,6346442468
11646,57707679,57700721,115408400,9,0,0,3584,10,3117326870
11647,57712891,57875708,115588599,2,0,0,7680,18,8030126928
11648,57713370,65181145,122894515,6,0,1,9216,6,3478586755
11649,57717560,58229823,115947383,5,0,0,512,0,6887170026
11650,57726690,58343633,116070323,6,0,0,22528,6,6938116309
11651,57727720,58055817,115783537,5,0,0,1024,0,6677427511
11652,57727859,58360132,116087991,9,0,0,19968,10,2171428740
11653,57733971,58240024,115973995,2,0,0,13824,18,9019513481
11654,57734361,58243810,115978171,2,0,0,6144,18,6296356595
11655,57735969,57956024,115691993,9,0,0,1536,10,6434194263
11656,57740010,65154528,122894538,6,0,1,2048,6,9940575976
11657,57743051,58809592,116552643,2,0,0,80896,18,8290894434
11658,57743791,65159832,122903623,7,0,1,8704,13,5152640624
11659,57765630,58216143,115981773,6,0,0,10240,6,8966925189
11660,57777161,58413079,116190240,2,0,0,41472,18,6910892767
11661,57778961,57900490,115679451,2,0,0,2048,18,4944921149
11662,57779811,65124990,122904801,7,0,1,13824,13,1791899106
11663,57783270,58071124,115854394,6,0,0,28672,6,10597640309
11664,57788781,65138422,122927203,7,0,1,15360,13,4463271912
11665,57795670,58331702,116127372,0,0,0,6656,14,2067453651
11666,57810880,58990113,116800993,0,0,0,93184,14,8497540679
11667,57822450,65105099,122927549,6,0,1,512,6,10386208400
11668,57829200,65117989,122947189,9,0,1,18432,10,9539554393
11669,57846410,58271868,116118278,6,0,0,74752,6,6186922760
11670,57851971,65095884,122947855,7,0,1,1024,13,9940832283
11671,57853530,58848686,116702216,6,0,0,108544,6,1808818810
11672,57857220,65090981,122948201,2,0,1,512,18,3420636310
11673,57860331,58285860,116146191,2,0,0,49664,18,3301471297
11674,57862640,65089427,122952067,2,0,1,6144,18,5216526013
11675,57866191,57899659,115765850,2,0,0,24576,18,2288286982
11676,57870540,65088265,122958805,3,0,1,7168,5,7140613408
11677,57870890,65090821,122961711,8,0,1,4608,13,7422531817
11678,57871661,65104883,122976544,4,0,1,23552,5,5688467189
11679,57877100,65139331,123016431,2,0,1,19968,18,3524295586
11680,57892970,65126858,123019828,1,0,1,1536,8,3396526624
11681,57896880,65163408,123060288,2,0,1,6656,18,8866181189
11682,57901690,65160095,123061785,2,0,1,20480,18,5497777261
11683,57904690,65192003,123096693,8,0,1,1024,13,7522372864
11684,57905521,65191195,123096716,7,0,1,2560,13,5211915070
11685,57909330,58309271,116218601,6,0,0,77312,6,8756759951
11686,57910290,65188177,123098467,6,0,1,7168,6,3104319553
11687,57912400,65204178,123116578,8,0,1,5632,13,7969571424
11688,57923280,65226794,123150074,8,0,1,13824,13,9000091081
11689,57924511,65225765,123150276,7,0,1,7680,13,4042899439
11690,57925421,65224878,123150299,7,0,1,2048,13,8165139134
11691,57926079,58247441,116173520,9,0,0,23040,10,7133253470
11692,57928090,65227995,123156085,6,0,1,4608,6,5060422274
11693,57929080,58084045,116013125,0,0,0,3584,14,673167370
11694,57945950,65210712,123156662,6,0,1,3072,6,8508153482
11695,57948781,65218327,123167108,7,0,1,2560,13,1499184829
11696,57949000,65219414,123168414,6,0,1,2048,6,814470178
11697,57951430,58431373,116382803,0,0,0,18944,14,3282552028
11698,57951909,58318374,116270283,9,0,0,31232,10,3047720328
11699,57972599,58439194,116411793,9,0,0,512,10,4008609166
11700,57978291,65191815,123170106,7,0,1,2048,13,709157999
11701,57979810,65191922,123171732,2,0,1,2560,18,2904538605
11702,57983500,65188488,123171988,8,0,1,9216,13,5127665993
11703,57988920,65202316,123191236,6,0,1,512,6,1030914098
11704,57993110,58656439,116649549,0,0,0,22528,14,7407229348
11705,57995850,65196052,123191902,2,0,1,1024,18,4408452462
11706,57999490,58272087,116271577,5,0,0,1024,0,6269584540
11707,58003849,58878072,116881921,9,0,0,61952,10,1767066139
11708,58008361,65185026,123193387,4,0,1,15360,5,2042158867
11709,58017280,65179653,123196933,8,0,1,5632,13,3032089278
11710,58017910,58365228,116383138,5,0,0,1024,0,6519297588
11711,58021701,65175898,123197599,7,0,1,1024,13,6234797944
11712,58032620,58092701,116125321,6,0,0,23040,6,36647454
11713,58035260,58155627,116190887,6,0,0,2048,6,5620577197
11714,58038731,58720221,116758952,2,0,0,31232,18,6152347010
11715,58041029,58307056,116348085,9,0,0,8192,10,9379834996
11716,58042011,65155934,123197945,7,0,1,512,13,1291483863
11717,58049121,65148978,123198099,7,0,1,8704,13,2764836486
11718,58050140,65156121,123206261,6,0,1,5120,6,8943680066
11719,58052059,58219183,116271242,9,0,0,3072,10,8313375592
11720,58056790,65150777,123207567,2,0,1,2048,18,1623076982
11721,58060830,65148059,123208889,2,0,1,1536,18,10161331183
11722,58060950,58198739,116259689,6,0,0,9216,6,8244116201
11723,58064190,65149845,123214035,6,0,1,8192,6,6449391901
11724,58067070,58252074,116319144,0,0,0,3584,14,1671364049
11725,58077930,58398212,116476142,6,0,0,69632,6,595377158
11726,58078889,58503939,116582828,9,0,0,25600,10,7249403510
11727,58087680,58851946,116939626,0,0,0,44032,14,8610610759
11728,58097260,65132148,123229408,6,0,1,4608,6,2346099492
11729,58102550,65126881,123229431,6,0,1,18944,6,7797323954
11730,58106100,58347376,116453476,6,0,0,16384,6,2004353824
11731,58108170,58256991,116365161,0,0,0,13824,14,10563413610
11732,58110121,58952955,117063076,2,0,0,59904,18,10597656323
11733,58117570,65124538,123242108,6,0,1,4608,6,8350100087
11734,58138200,65105560,123243760,6,0,1,2560,6,6183570811
11735,58141340,58931942,117073282,5,0,0,1536,0,5601258608
11736,58141570,58582821,116724391,6,0,0,72704,6,385032474
11737,58146830,65102076,123248906,8,0,1,8192,13,732540496
11738,58148700,59105127,117253827,0,0,0,30720,14,7771586888
11739,58161370,58413627,116574997,0,0,0,54272,14,7570954446
11740,58164150,58107606,116271756,5,0,0,512,0,9829875475
11741,58176021,65074511,123250532,7,0,1,2560,13,4656940916
11742,58184080,58164340,116348420,5,0,0,1024,0,2035975518
11743,58195570,58175518,116371088,6,0,0,1536,6,7827018868
11744,58199920,58125802,116325722,0,0,0,11264,14,7723844284
11745,58201271,58247035,116448306,2,0,0,10752,18,9086732489
11746,58209670,58288937,116498607,0,0,0,32256,14,523715977
11747,58212020,58220814,116432834,0,0,0,7680,14,7077749928
11748,58218621,65032897,123251518,7,0,1,1536,13,231697907
11749,58219871,65039059,123258930,7,0,1,11776,13,2331305749
11750,58219960,65041033,123260993,5,0,1,10240,0,3778015978
11751,58220019,58217312,116437331,9,0,0,4096,10,4148699877
11752,58221560,65054207,123275767,8,0,1,4096,13,68267537
11753,58231411,65047008,123278419,7,0,1,11264,13,4572391446
11754,58238250,58279626,116517876,5,0,0,1024,0,874895059
11755,58262679,58295759,116558438,9,0,0,18944,10,5334646444
11756,58264530,58360285,116624815,6,0,0,22016,6,8270958790
11757,58274260,58180643,116454903,6,0,0,4608,6,395804150
11758,58276340,65008325,123284665,8,0,1,5632,13,238757343
11759,58276871,58553824,116830695,2,0,0,95232,18,7220418697
11760,58292420,58359336,116651756,0,0,0,7168,14,2462033466
11761,58297510,58205698,116503208,5,0,0,1024,0,5809903189
11762,58326559,58422846,116749405,9,0,0,80896,10,441442013
11763,58354160,58370566,116724726,5,0,0,1024,0,699790530
11764,58356850,58526036,116882886,6,0,0,1024,6,9486403904
11765,58369631,64926417,123296048,4,0,1,20480,5,10392288002
11766,58374799,58397779,116772578,9,0,0,19456,10,4416814882
11767,58375010,58217092,116592102,6,0,0,5632,6,10063983327
11768,58375080,58267582,116642662,0,0,0,27136,14,7078140771
11769,58376149,58570144,116946293,9,0,0,21504,10,3925085739
11770,58380290,64935051,123315341,8,0,1,12800,13,4557460257
11771,58385031,58524804,116909835,2,0,0,512,18,6089125931
11772,58388780,65000139,123388919,6,0,1,16384,6,2052700742
11773,58390661,58410995,116801656,2,0,0,2048,18,8943560890
11774,58392459,58470159,116862618,9,0,0,86528,10,7917240491
11775,58397020,64991922,123388942,9,0,1,9728,10,6977486235
11776,58397300,58369327,116766627,0,0,0,25088,14,4839051741
11777,58398800,64990173,123388973,9,0,1,4608,10,9100538375
11778,58404300,64987275,123391575,8,0,1,1024,13,4504682342
11779,58412890,64987258,123400148,9,0,1,10752,10,4257434779
11780,58417181,64999735,123416916,0,0,1,4608,14,1161400442
11781,58420540,58442482,116863022,5,0,0,1024,0,602602626
11782,58423730,64993340,123417070,8,0,1,8704,13,6347918244
11783,58430250,64988766,123419016,5,0,1,3072,0,8320473257
11784,58431401,58451081,116882482,2,0,0,1536,18,4183347855
11785,58441190,64978269,123419459,9,0,1,512,10,7461173852
11786,58443551,58557041,117000592,2,0,0,1024,18,9063277934
11787,58445020,58385916,116830936,5,0,0,512,0,8657033411
11788,58447581,58440710,116888291,2,0,0,1024,18,6869387656
11789,58449870,58446403,116896273,5,0,0,2560,0,10494698162
11790,58455241,58514839,116970080,2,0,0,512,18,1605211317
11791,58468400,64967263,123435663,9,0,1,6144,10,2300645177
11792,58469870,58762245,117232115,0,0,0,202240,14,7860797949
11793,58474470,64971098,123445568,9,0,1,19456,10,3017031287
11794,58474540,65001442,123475982,9,0,1,2560,10,10602552800
11795,58499639,58756575,117256214,9,0,0,7680,10,6720434442
11796,58499750,64994972,123494722,9,0,1,4096,10,4200112662
11797,58501590,64993155,123494745,9,0,1,2560,10,5713359155
11798,58509180,64993099,123502279,8,0,1,2048,13,10236021690
11799,58520050,64982252,123502302,9,0,1,1536,10,529915896
11800,58524129,58719264,117243393,9,0,0,9728,10,8225812836
11801,58534160,58572353,117106513,0,0,0,7168,14,2588300267
11802,58540419,58741375,117281794,9,0,0,11264,10,10102679453
11803,58557101,64945224,123502325,4,0,1,1024,5,6031069470
11804,58562870,64939478,123502348,9,0,1,2048,10,2817642152
11805,58576091,64978275,123554366,4,0,1,39936,5,2438928780
11806,58576770,58755162,117331932,6,0,0,11776,6,5406817454
11807,58578669,58661737,117240406,9,0,0,27136,10,9514734251
11808,58591490,64965462,123556952,1,0,1,4096,8,9363564723
11809,58593700,58815422,117409122,0,0,0,27136,14,8732513858
11810,58598220,64960038,123558258,9,0,1,2048,10,9671314420
11811,58603890,64964676,123568566,9,0,1,5120,10,10561584138
11812,58613389,58787442,117400831,9,0,0,27648,10,6393397478
11813,58625840,58498660,117124500,5,0,0,1024,0,8107988876
11814,58626309,58739191,117365500,9,0,0,43520,10,3004269126
11815,58627520,64944331,123571851,9,0,1,8704,10,684090345
11816,58632951,65046233,123679184,4,0,1,24064,5,8880397333
11817,58634411,58609161,117243572,2,0,0,512,18,5724450505
11818,58652300,58882032,117534332,6,0,0,512,6,30429287
11819,58658320,65077840,123736160,3,0,1,12800,5,5062840176
11820,58671070,65067554,123738624,3,0,1,10752,5,1873922399
11821,58672170,58650754,117322924,0,0,0,70144,14,10548408574
11822,58672780,65091259,123764039,3,0,1,11264,5,4596119110
11823,58672791,65231638,123904429,4,0,1,71680,5,5410998065
11824,58674430,58569656,117244086,5,0,0,1024,0,2227168152
11825,58683420,58437852,117121272,5,0,0,512,0,7148234123
11826,58689751,65367959,124057710,4,0,1,90624,5,3781730193
11827,58690341,58553924,117244265,2,0,0,512,18,3389043864
11828,58694809,58929109,117623918,9,0,0,66560,10,3519182168
11829,58695800,65362576,124058376,6,0,1,1024,6,7280467680
11830,58703490,58540261,117243751,5,0,0,512,0,3315117568
11831,58712880,65348402,124061282,9,0,1,4608,10,811426360
11832,58714050,65347578,124061628,3,0,1,512,5,3028082409
11833,58715509,58810628,117526137,9,0,0,33792,10,395270620
11834,58720221,65342609,124062830,4,0,1,9728,5,937472879
11835,58726621,58517823,117244444,2,0,0,512,18,5110124297
11836,58727580,65336556,124064136,2,0,1,2048,18,2117284228
11837,58738870,65326892,124065762,1,0,1,2560,8,8898620929
11838,58739740,65332411,124072151,6,0,1,3072,6,7712919910
11839,58740050,58725805,117465855,0,0,0,58880,14,2427360912
11840,58740881,58584117,117324998,2,0,0,512,18,6954600780
11841,58740890,65349366,124090256,9,0,1,3584,10,951298774
11842,58752981,58378259,117131240,2,0,0,2048,18,8192529164
11843,58769640,65320639,124090279,6,0,1,1536,6,7455550108
11844,58787760,65302542,124090302,9,0,1,2048,10,759410770
11845,58787951,65305058,124093009,7,0,1,5632,13,8882449695
11846,58791321,65327945,124119266,7,0,1,13312,13,4521011370
11847,58793030,58557316,117350346,5,0,0,512,0,1879531180
11848,58793610,65325679,124119289,3,0,1,2560,5,8635785226
11849,58794101,65442699,124236800,4,0,1,94720,5,9340150824
11850,58802481,58464773,117267254,2,0,0,1024,18,2811726825
11851,58805501,65431501,124237002,7,0,1,11264,13,1418038298
11852,58806040,58668019,117474059,0,0,0,26624,14,1479347781
11853,58809080,65428280,124237360,9,0,1,5120,10,6004947485
11854,58809609,58515210,117324819,9,0,0,6144,10,115915586
11855,58821380,58503953,117325333,6,0,0,1024,6,7657467278
11856,58824280,65413103,124237383,9,0,1,8704,10,6565068802
11857,58831440,58435479,117266919,5,0,0,3584,0,2613543208
11858,58835021,65403973,124238994,7,0,1,3072,13,1512452364
11859,58837881,65428709,124266590,4,0,1,47616,5,3625081726
11860,58839890,65429048,124268938,3,0,1,9728,5,10189926642
11861,58848580,65422624,124271204,6,0,1,3584,6,6965326841
11862,58873840,58672066,117545906,0,0,0,10752,14,2123201769
11863,58878870,58625698,117504568,0,0,0,22528,14,7356104329
11864,58878891,58628108,117506999,2,0,0,1536,18,6953419187
11865,58881470,58651794,117533264,5,0,0,2048,0,8322147929
11866,58883870,58533905,117417775,5,0,0,2048,0,2665580484
11867,58892060,65415038,124307098,2,0,1,23552,18,4380053235
11868,58899151,58438191,117337342,2,0,0,512,18,5630487094
11869,58899601,58513272,117412873,2,0,0,1024,18,5840091891
11870,58911370,65407547,124318917,6,0,1,20992,6,8698129851
11871,58912661,65406279,124318940,0,0,1,2048,14,2516496102
11872,58915380,65403649,124319029,9,0,1,1536,10,3763111708
11873,58915559,58769215,117684774,9,0,0,1536,10,7549455450
11874,58918800,65402175,124320975,6,0,1,3072,6,2952061211
11875,58919830,65404397,124324227,6,0,1,5120,6,8850452471
11876,58923370,65403443,124326813,3,0,1,4096,5,9743504659
11877,58928360,65399439,124327799,6,0,1,1536,6,5293607834
11878,58933770,65394183,124327953,3,0,1,8704,5,6262940653
11879,58935390,58712684,117648074,5,0,0,1024,0,10282535645
11880,58959421,58664676,117624097,2,0,0,512,18,10557000569
11881,58970881,65361258,124332139,7,0,1,6656,13,1986607383
11882,58972140,65364825,124336965,9,0,1,7680,10,4650489595
11883,58982260,65358891,124341151,9,0,1,6656,10,4747482127
11884,58983060,65359397,124342457,6,0,1,2048,6,6092183843
11885,58984780,65364254,124349034,9,0,1,3584,10,10009076634
11886,58986380,58664534,117650914,0,0,0,4096,14,10092582404
11887,58992380,65357640,124350020,9,0,1,1536,10,2694955958
11888,58993200,65380688,124373888,9,0,1,512,10,7907445198
11889,58993520,59148133,118141653,6,0,0,247296,6,4707351716
11890,59001021,65372890,124373911,7,0,1,3584,13,8738865417
11891,59047810,65326124,124373934,9,0,1,3072,10,7374931408
11892,59049721,65324252,124373973,0,0,1,1024,14,3165493820
11893,59052290,65321706,124373996,3,0,1,5632,5,8813752831
11894,59052801,58899966,117952767,2,0,0,78336,18,1463672884
11895,59053230,65320789,124374019,1,0,1,1536,8,2451255565
11896,59055010,59011233,118066243,0,0,0,78848,14,5451660468
11897,59057771,58829639,117887410,2,0,0,11776,18,2714618884
11898,59063260,58978936,118042196,6,0,0,2560,6,8968990655
11899,59064110,65309932,124374042,1,0,1,512,8,619665293
11900,59067240,58742772,117810012,0,0,0,12800,14,8139912898
11901,59082100,59169294,118251394,6,0,0,3072,6,8516721239
11902,59083240,65290825,124374065,5,0,1,1024,0,7186371417
11903,59090450,59237316,118327766,5,0,0,512,0,5431199100
11904,59095501,58682775,117778276,2,0,0,2560,18,9587364118
11905,59095630,65278458,124374088,9,0,1,5120,10,9871385358
11906,59096889,58702455,117799344,9,0,0,17408,10,2745903393
11907,59097711,65276652,124374363,0,0,1,14336,14,692967090
11908,59098850,59295924,118394774,0,0,0,55296,14,8690862280
11909,59107300,59083015,118190315,0,0,0,3072,14,8295759599
11910,59116129,59261720,118377849,9,0,0,84480,10,1571470419
11911,59127470,59133861,118261331,0,0,0,32256,14,2037018273
11912,59131380,65243969,124375349,9,0,1,1536,10,6323633590
11913,59132319,59096239,118228558,9,0,0,125440,10,3322053144
11914,59136280,65240042,124376322,1,0,1,12800,8,6475476736
11915,59140610,59039130,118179740,0,0,0,124928,14,6036102998
11916,59144790,65231878,124376668,9,0,1,512,10,6998356298
11917,59149101,65228233,124377334,4,0,1,11264,5,7858592544
11918,59156650,65242660,124399310,3,0,1,2048,5,6183806699
11919,59162300,58580083,117742383,6,0,0,5120,6,8496720764
11920,59166989,59083446,118250435,9,0,0,70656,10,9790249013
11921,59176210,58571348,117747558,5,0,0,512,0,5320888268
11922,59181060,65218273,124399333,9,0,1,2560,10,5667861604
11923,59197081,59089793,118286874,2,0,0,66048,18,8325694306
11924,59206681,65192675,124399356,0,0,1,7680,14,10449535474
11925,59206750,65215217,124421967,1,0,1,512,8,9552484779
11926,59215870,58825523,118041393,6,0,0,136192,6,722406821
11927,59216880,59135206,118352086,0,0,0,37888,14,9547698866
11928,59218569,58970787,118189356,9,0,0,8192,10,7956775439
11929,59219330,65203943,124423273,9,0,1,2048,10,6358243119
11930,59224499,59711711,118936210,9,0,0,31744,10,2699764049
11931,59233070,58953744,118186814,0,0,0,22016,14,2500545311
11932,59233450,59505317,118738767,0,0,0,17920,14,682726483
11933,59254050,65176676,124430726,1,0,1,4096,8,3255522200
11934,59259670,59470186,118729856,0,0,0,34304,14,9700696508
11935,59262410,65171542,124433952,3,0,1,5120,5,10506633403
11936,59263900,58652070,117915970,6,0,0,9728,6,3980203273
11937,59265100,65169198,124434298,9,0,1,512,10,789992561
11938,59265290,59529779,118795069,0,0,0,26624,14,3879826593
11939,59267110,65168174,124435284,3,0,1,1536,5,4104042552
11940,59276520,65163270,124439790,1,0,1,7168,8,1411512162
11941,59277280,59153247,118430527,0,0,0,45056,14,9390964396
11942,59278340,65163716,124442056,1,0,1,3584,8,9357174184
11943,59279520,65163714,124443234,9,0,1,13824,10,1390696097
11944,59292700,65166030,124458730,3,0,1,2560,5,5535030410
11945,59294821,58616521,117911342,2,0,0,3584,18,5994773236
11946,59295931,59008196,118304127,2,0,0,52736,18,5324520492
11947,59299350,59176251,118475601,7,0,0,44544,13,4219206964
11948,59308969,58979020,118287989,9,0,0,3584,10,8564916963
11949,59309780,65154117,124463897,1,0,1,1536,8,9130058355
11950,59310891,65163953,124474844,0,0,1,3072,14,2544441227
11951,59311981,65163222,124475203,0,0,1,9728,14,9714880580
11952,59313010,59148942,118461952,6,0,0,102400,6,3431433756
11953,59326861,58939641,118266502,2,0,0,16896,18,5035422877
11954,59327211,65149647,124476858,0,0,1,2560,14,4189123413
11955,59329291,65159005,124488296,0,0,1,512,14,4652132762
11956,59341371,65148231,124489602,0,0,1,2048,14,6319962564
11957,59346691,65145497,124492188,0,0,1,4096,14,3706223138
11958,59354520,59462123,118816643,0,0,0,70144,14,4930142288
11959,59377110,65115232,124492342,3,0,1,8704,5,2691024087
11960,59378050,58888654,118266704,0,0,0,512,14,4437369832
11961,59379021,59183309,118562330,2,0,0,22016,18,10733077592
11962,59379501,59101629,118481130,2,0,0,9216,18,4189333719
11963,59380261,58799822,118180083,2,0,0,1024,18,6632424094
11964,59385270,59045436,118430706,5,0,0,512,0,5078604531
11965,59388090,58917058,118305148,0,0,0,3072,14,2553740792
11966,59390911,65102609,124493520,7,0,1,13824,13,10151873493
11967,59392800,65146424,124539224,5,0,1,512,0,4206910932
11968,59396530,65170611,124567141,3,0,1,7168,5,3553679576
11969,59401110,58827758,118228868,5,0,0,512,0,2616346656
11970,59405319,59612212,119017531,9,0,0,32768,10,6147824999
11971,59426111,65160704,124586815,0,0,1,15872,14,1060275269
11972,59427771,65172230,124600001,0,0,1,5632,14,8697011060
11973,59428000,58877350,118305350,5,0,0,512,0,5240791024
11974,59429600,65171707,124601307,1,0,1,2048,8,10713138759
11975,59431171,59652868,119084039,2,0,0,46080,18,3562903486
11976,59439710,59168530,118608240,6,0,0,150016,6,4496897671
11977,59441921,65164532,124606453,0,0,1,8192,14,3456175928
11978,59444090,65164949,124609039,6,0,1,4096,6,6324965246
11979,59446480,59656818,119103298,0,0,0,43520,14,6952182625
11980,59458300,65151725,124610025,1,0,1,1536,8,7563995654
11981,59461220,65149471,124610691,3,0,1,1024,5,5692348488
11982,59461870,65149487,124611357,5,0,1,1024,0,5830197298
11983,59463050,65153479,124616529,5,0,1,8192,0,938522641
11984,59464970,65153185,124618155,1,0,1,2560,8,7794811481
11985,59467170,59516909,118984079,6,0,0,66048,6,2955816345
11986,59477170,65141971,124619141,1,0,1,1536,8,5654313596
11987,59483480,65139083,124622563,1,0,1,2560,8,5990981832
11988,59486940,58991336,118478276,0,0,0,8704,14,9420054953
11989,59487580,59307668,118795248,5,0,0,512,0,5357853434
11990,59489250,59073259,118562509,5,0,0,512,0,8123501119
11991,59489551,59675856,119165407,2,0,0,107520,18,4811072697
11992,59491590,59254464,118746054,5,0,0,2560,0,6387950519
11993,59491820,65133969,124625789,6,0,1,5120,6,2201459906
11994,59494830,59113643,118608473,5,0,0,512,0,9253148160
11995,59499320,65130655,124629975,5,0,1,6656,0,2277681183
11996,59501511,65134214,124635725,7,0,1,3072,13,477059388
11997,59502439,59216942,118719381,9,0,0,49664,10,6554202006
11998,59507060,65129331,124636391,5,0,1,1024,0,3757660503
11999,59509740,65178508,124688248,3,0,1,512,5,961749013
12000,59511140,65178094,124689234,3,0,1,1536,5,9994715396
12001,59511169,59452740,118963909,9,0,0,76288,10,4328289590
12002,59513070,65177470,124690540,3,0,1,2048,5,9714215032
12003,59513449,59764137,119277586,9,0,0,18432,10,3074439513
12004,59516551,65178467,124695018,7,0,1,9216,13,8401247434
12005,59517940,65198218,124716158,6,0,1,7680,6,665813162
12006,59518630,59543671,119062301,5,0,0,1024,0,6336808324
12007,59518660,65202644,124721304,6,0,1,8192,6,7412652638
12008,59535821,65195677,124731498,0,0,1,8192,14,8722410139
12009,59544131,65215110,124759241,7,0,1,512,13,4850024579
12010,59546901,65212363,124759264,0,0,1,4096,14,6972594778
12011,59550170,65209776,124759946,1,0,1,3584,8,4548207405
12012,59556540,59269707,118826247,5,0,0,1024,0,9536356750
12013,59556761,65229557,124786318,7,0,1,1536,13,142850663
12014,59560070,59424188,118984258,0,0,0,512,14,2136873082
12015,59564020,65222644,124786664,3,0,1,512,5,91691844
12016,59571710,65215825,124787535,3,0,1,12288,5,7881127639
12017,59573311,65216155,124789466,7,0,1,1024,13,955078658
12018,59581911,59249419,118831330,2,0,0,4096,18,8199485221
12019,59591609,59600121,119191730,9,0,0,44544,10,9803847501
12020,59592150,59811274,119403424,0,0,0,117760,14,8195071965
12021,59592890,65198522,124791412,2,0,1,3072,18,113102876
12022,59595460,65200458,124795918,3,0,1,7168,5,2855060394
12023,59605391,65210953,124816344,7,0,1,2048,13,5522279085
12024,59609489,59853377,119462866,9,0,0,44544,10,3575930127
12025,59612241,65204126,124816367,0,0,1,512,14,7095462272
12026,59623639,59438327,119061966,9,0,0,64512,10,10267276850
12027,59624341,65192049,124816390,0,0,1,1024,14,3696951247
12028,59626989,59442979,119069968,9,0,0,25088,10,7792078446
12029,59635480,65184232,124819712,2,0,1,2048,18,2971360051
12030,59636110,59894850,119530960,0,0,0,14848,14,7894700872
12031,59637300,65182435,124819735,2,0,1,2560,18,1473646081
12032,59645259,59532674,119177933,9,0,0,38400,10,7189072198
12033,59645521,65174448,124819969,0,0,1,4608,14,363063350
12034,59651610,59165532,118817142,5,0,0,1536,0,9243675662
12035,59654201,65166902,124821103,0,0,1,7168,14,797378819
12036,59663140,65190893,124854033,2,0,1,6656,18,2211980875
12037,59677881,65186619,124864500,7,0,1,2048,13,8349903738
12038,59678360,59306261,118984621,5,0,0,512,0,6737296070
12039,59678880,65187246,124866126,3,0,1,2560,5,7147386333
12040,59679960,65195426,124875386,9,0,1,7680,10,10519905074
12041,59680540,59605729,119286269,0,0,0,512,14,8176672136
12042,59685341,65200326,124885667,0,0,1,3072,14,9781607826
12043,59686859,59513613,119200472,9,0,0,27136,10,4285140666
12044,59688700,65227890,124916590,2,0,1,512,18,9138898758
12045,59689570,59314095,119003665,6,0,0,25600,6,4300060126
12046,59692310,65224303,124916613,9,0,1,2048,10,8729759359
12047,59701140,59507908,119209048,0,0,0,12288,14,8502672448
12048,59701410,59728373,119429783,6,0,0,46592,6,380308987
12049,59701590,59888038,119589628,6,0,0,46080,6,5478412114
12050,59710680,65205956,124916636,9,0,1,11776,10,6949738262
12051,59715160,65227892,124943052,2,0,1,2048,18,10070019942
12052,59721580,65221495,124943075,2,0,1,9216,18,9084120384
12053,59723980,65237485,124961465,2,0,1,2048,18,2119770250
12054,59724790,59989955,119714745,6,0,0,60928,6,4846783433
12055,59739241,59487477,119226718,2,0,0,12800,18,3366394724
12056,59739331,59546759,119286090,2,0,0,3584,18,5771322169
12057,59749979,59354324,119104303,9,0,0,3072,10,3664748772
12058,59753061,59488904,119241965,2,0,0,23552,18,10378861276
12059,59756920,65206171,124963091,2,0,1,2560,18,8435756964
12060,59759820,65207457,124967277,6,0,1,6656,6,1766351109
12061,59760740,65207203,124967943,3,0,1,1024,5,6366362335
12062,59762230,59500143,119262373,5,0,0,1024,0,8228093165
12063,59763571,65206984,124970555,0,0,1,4096,14,3391796954
12064,59765520,59519455,119284975,0,0,0,8704,14,970495394
12065,59777580,59388630,119166210,0,0,0,2560,14,8448609325
12066,59780130,65199666,124979796,2,0,1,4608,18,5402638071
12067,59780540,65244434,125024974,2,0,1,8704,18,5654067443
12068,59784110,59416744,119200854,0,0,0,512,14,417150006
12069,59786300,59391812,119178112,5,0,0,512,0,10545911315
12070,59786310,59405871,119192181,5,0,0,1024,0,8795680180
12071,59786719,59968766,119755485,9,0,0,40960,10,4885790515
12072,59786981,59317969,119104950,2,0,0,2048,18,6751596440
12073,59787750,65237315,125025065,2,0,1,4096,18,9943887704
12074,59799331,59567743,119367074,2,0,0,16384,18,6784054992
12075,59803229,59523635,119326864,9,0,0,37888,10,9979141665
12076,59806950,65221661,125028611,2,0,1,5632,18,8301969475
12077,59810020,65221817,125031837,3,0,1,5120,5,5088026946
12078,59810359,60331879,120142238,9,0,0,60928,10,5396882484
12079,59813150,59387501,119200651,5,0,0,512,0,6327707079
12080,59824330,65273707,125098037,9,0,1,4096,10,873314426
12081,59826250,65271810,125098060,3,0,1,3584,5,478743130
12082,59833880,65264203,125098083,3,0,1,5632,5,3157479352
12083,59834631,59907860,119742491,2,0,0,39424,18,9633259944
12084,59836970,65261136,125098106,2,0,1,12800,18,5014003492
12085,59840490,60025387,119865877,0,0,0,145408,14,7160187743
12086,59847160,65276545,125123705,2,0,1,16896,18,6117261296
12087,59853681,65284035,125137716,0,0,1,6656,14,8211358068
12088,59855010,59354217,119209227,5,0,0,512,0,10177106861
12089,59858721,59793354,119652075,2,0,0,93696,18,1377287838
12090,59861740,65281532,125143272,2,0,1,6656,18,880903454
12091,59867410,59460101,119327511,0,0,0,2048,14,94350812
12092,59869931,65279943,125149874,0,0,1,1024,14,3754751459
12093,59872619,59666031,119538650,9,0,0,5632,10,8253515006
12094,59872800,59389215,119262015,0,0,0,25088,14,5373136386
12095,59873950,65277870,125151820,2,0,1,3072,18,3340808630
12096,59880140,59429932,119310072,5,0,0,1536,0,8145949822
12097,59896269,59818686,119714955,9,0,0,512,10,5615110029
12098,59899670,65257962,125157632,3,0,1,9216,5,7623783629
12099,59899730,65289644,125189374,3,0,1,8704,5,873977851
12100,59907011,59629900,119536911,2,0,0,19456,18,9987717524
12101,59909861,59968629,119878490,2,0,0,24576,18,7488458869
12102,59916880,65275553,125192433,3,0,1,4096,5,5869755727
12103,59920180,65295328,125215508,3,0,1,5632,5,270640933
12104,59925370,65316830,125242200,9,0,1,6656,10,3620930234
12105,59926080,59726821,119652901,5,0,0,512,0,3331641207
12106,59930890,65332009,125262899,3,0,1,3584,5,3326728074
12107,59932290,59720432,119652722,5,0,0,2048,0,4902308620
12108,59938940,65325081,125264021,3,0,1,2048,5,3188672597
12109,59946331,60043699,119990030,2,0,0,80896,18,4427014676
12110,59949929,59513272,119463201,9,0,0,1024,10,9115680761
12111,59954331,60325914,120280245,2,0,0,162816,18,2854606398
12112,59957471,65306909,125264380,7,0,1,9728,13,3201465022
12113,59958850,65308429,125267279,3,0,1,1024,5,6296155648
12114,59962499,59576509,119539008,9,0,0,1024,10,8323113932
12115,59962950,65305955,125268905,2,0,1,2560,18,7737630338
12116,59965970,60152418,120118388,0,0,0,128000,14,2180637934
12117,59966420,65307874,125274294,2,0,1,17408,18,10235101973
12118,59966560,59553036,119519596,0,0,0,12800,14,3313790215
12119,59968151,65316795,125284946,7,0,1,13312,13,3497125758
12120,59969270,65319122,125288392,3,0,1,4096,5,7331711276
12121,59972120,65319204,125291324,5,0,1,4608,0,213106364
12122,59974460,65317850,125292310,3,0,1,1536,5,1658660162
12123,59976140,65316836,125292976,3,0,1,1024,5,8790992555
12124,59980160,59762822,119742982,5,0,0,1536,0,8297713401
12125,59982110,59774186,119756296,0,0,0,2560,14,9852514932
12126,59982610,60336287,120318897,0,0,0,53248,14,10510721592
12127,59983410,60353086,120336496,0,0,0,5632,14,4628589621
12128,59991701,65302261,125293962,0,0,1,1536,14,1049418735
12129,59995950,65315163,125311113,9,0,1,6656,10,5211930698
12130,59996340,60514671,120511011,6,0,0,19968,6,595950163
12131,60000521,65316701,125317222,0,0,1,1536,14,5269603450
12132,60001761,60535531,120537292,2,0,0,32256,18,4859470866
12133,60003020,59712316,119715336,5,0,0,1024,0,7060547110
12134,60010370,65307838,125318208,3,0,1,1536,5,6391296720
12135,60012100,60144898,120156998,5,0,0,1536,0,5577253482
12136,60015080,65313641,125328721,3,0,1,4608,5,6835994075
12137,60015529,59873113,119888642,9,0,0,512,10,8476607220
12138,60019770,60324440,120344210,6,0,0,13824,6,875546729
12139,60022020,59674115,119696135,0,0,0,13312,14,6516593626
12140,60039560,59735413,119774973,6,0,0,1536,6,1103015211
12141,60042160,65291889,125334049,8,0,1,1024,13,2276091552
12142,60044950,65290277,125335227,2,0,1,13824,18,9760681701
12143,60047589,60317483,120365072,9,0,0,512,10,1343108210
12144,60053040,65283173,125336213,3,0,1,1536,5,5041519842
12145,60066760,65274279,125341039,2,0,1,7680,18,9909080681
12146,60069691,65271694,125341385,0,0,1,512,14,2059205884
12147,60080351,60535548,120615899,2,0,0,71168,18,527197772
12148,60088090,65262076,125350166,9,0,1,17408,10,2298624285
12149,60093391,65275872,125369263,0,0,1,1024,14,106576335
12150,60098050,65274439,125372489,9,0,1,5120,10,1687174523
12151,60098199,59770349,119868548,9,0,0,1024,10,7271337387
12152,60100341,65273774,125374115,7,0,1,2560,13,8253326874
12153,60113780,59707770,119821550,6,0,0,9216,6,3847401370
12154,60116140,65264519,125380659,9,0,1,2048,10,6701157134
12155,60117131,65263874,125381005,0,0,1,512,14,9445198722
12156,60126270,65261816,125388086,2,0,1,9728,18,5127701177
12157,60126870,60156564,120283434,6,0,0,10240,6,2084342959
12158,60131321,65271374,125402695,7,0,1,1536,13,9233009184
12159,60138461,59728815,119867276,2,0,0,3584,18,6516042189
12160,60159180,59842430,120001610,5,0,0,1024,0,4140872693
12161,60169671,60567794,120737465,2,0,0,111104,18,10649492103
12162,60169981,59953578,120123559,2,0,0,16896,18,8834023449
12163,60171130,65248502,125419632,2,0,1,1024,18,5458306059
12164,60176191,60490213,120666404,2,0,0,44544,18,3863620448
12165,60189100,60095050,120284150,5,0,0,512,0,4686286586
12166,60192620,60242958,120435578,0,0,0,59392,14,8577066873
12167,60200981,65220277,125421258,7,0,1,2560,13,9506060190
12168,60204531,65219313,125423844,7,0,1,4096,13,1514012233
12169,60206310,59697404,119903714,0,0,0,4608,14,9267725288
12170,60210730,60293995,120504725,0,0,0,136704,14,6298953572
12171,60213341,65230403,125443744,0,0,1,10240,14,6021617208
12172,60219590,65244273,125463863,2,0,1,1024,18,3320237065
12173,60227430,59949089,120176519,0,0,0,22016,14,3118253338
12174,60227840,59799061,120026901,0,0,0,24576,14,8815720475
12175,60230209,59760179,119990388,9,0,0,512,10,2922251050
12176,60240991,60061659,120302650,2,0,0,7168,18,9098134564
12177,60247800,60276408,120524208,6,0,0,11264,6,979605362
12178,60248800,60044288,120293088,0,0,0,22016,14,5583379923
12179,60251370,65212516,125463886,2,0,1,512,18,8554637866
12180,60258851,65205058,125463909,7,0,1,4608,13,1059916565
12181,60260450,60093792,120354242,6,0,0,31744,6,3645093558
12182,60271691,65210718,125482409,7,0,1,6144,13,9759964404
12183,60272001,65210463,125482464,7,0,1,5120,13,1346580498
12184,60274410,65208101,125482511,2,0,1,8192,18,127979021
12185,60276140,60346544,120622684,0,0,0,21504,14,9153613146
12186,60282800,65199734,125482534,2,0,1,11776,18,332588441
12187,60284880,60331206,120616086,5,0,0,512,0,4325421971
12188,60285101,60113361,120398462,2,0,0,60928,18,1175951017
12189,60290579,59699630,119990209,9,0,0,512,10,4854516534
12190,60291400,59890397,120181797,0,0,0,1024,14,1047279950
12191,60297400,60165610,120463010,6,0,0,7680,6,1718224923
12192,60316569,59967356,120283925,9,0,0,1536,10,1074826119
12193,60334110,65148447,125482557,5,0,1,6144,0,4696266891
12194,60340389,60408627,120749016,9,0,0,512,10,5733021782
12195,60344901,59955542,120300443,2,0,0,24064,18,6203592974
12196,60345260,60115347,120460607,0,0,0,76800,14,8112830364
12197,60352900,59933457,120286357,0,0,0,7168,14,6890014972
12198,60352989,59967125,120320114,9,0,0,3584,10,5557453569
12199,60380161,59678077,120058238,2,0,0,10240,18,9356545203
12200,60386170,59976265,120362435,0,0,0,19968,14,3863575597
12201,60401390,59919371,120320761,6,0,0,2048,6,8490884756
12202,60408390,60027679,120436069,0,0,0,1536,14,4870514173
12203,60409329,60383182,120792511,9,0,0,2560,10,2322103580
12204,60413440,60130898,120544338,6,0,0,8704,6,3078039737
12205,60414120,60377588,120791708,0,0,0,120832,14,2935358781
12206,60437731,60144229,120581960,2,0,0,84992,18,998900755
12207,60440000,59770535,120210535,5,0,0,512,0,6206828825
12208,60450661,65031919,125482580,7,0,1,12800,13,14590190
12209,60450671,59986513,120437184,2,0,0,3584,18,4922295583
12210,60460410,60283487,120743897,6,0,0,4096,6,3372549428
12211,60468631,65015295,125483926,0,0,1,5632,14,5857373492
12212,60469391,65016161,125485552,0,0,1,2560,14,3994090263
12213,60470831,65016987,125487818,0,0,1,3584,14,8383843787
12214,60472970,65018394,125491364,5,0,1,5632,0,9333341264
12215,60479550,60199130,120678680,5,0,0,1024,0,2167616614
12216,60490151,65016789,125506940,0,0,1,6144,14,4481819784
12217,60495921,65024377,125520298,4,0,1,22528,5,9896217710
12218,60507831,65061100,125568931,4,0,1,19456,5,4852799250
12219,60509129,60043721,120552850,9,0,0,1536,10,6185824855
12220,60513929,60522012,121035941,9,0,0,38400,10,7139915818
12221,60516690,59988214,120504904,5,0,0,512,0,780942355
12222,60517150,65077791,125594941,5,0,1,12288,0,10522747536
12223,60519499,60500768,121020267,9,0,0,142848,10,8753781626
12224,60525450,59890752,120416202,5,0,0,2560,0,920190492
12225,60530640,65064647,125595287,5,0,1,512,0,10182440209
12226,60532250,60210368,120742618,1,0,0,1536,8,2254261463
12227,60539970,59980736,120520706,6,0,0,31744,6,9681935541
12228,60544800,65053393,125598193,8,0,1,4608,13,5068640629
12229,60555770,60468310,121024080,5,0,0,512,0,1898177599
12230,60558061,65054058,125612119,4,0,1,9728,5,10250561912
12231,60558360,65058585,125616945,5,0,1,7680,0,1534741792
12232,60567361,60022008,120589369,2,0,0,24064,18,3185434524
12233,60567761,65053089,125620850,7,0,1,15360,13,7117150418
12234,60574110,60061552,120635662,5,0,0,1024,0,6638402028
12235,60578671,65102448,125681119,4,0,1,65536,5,922485767
12236,60584511,65103993,125688504,7,0,1,1536,13,9794408018
12237,60587191,65269763,125856954,4,0,1,143360,5,2830850230
12238,60606671,65275423,125882094,4,0,1,29696,5,5391112222
12239,60612301,60255827,120868128,2,0,0,66560,18,6242447625
12240,60613131,65268994,125882125,7,0,1,2048,13,10637789088
12241,60616280,60054211,120670491,6,0,0,13312,6,3324347967
12242,60617040,60060962,120678002,6,0,0,24576,6,4649497869
12243,60619821,65267865,125887686,4,0,1,23552,5,6074433856
12244,60643631,65274524,125918155,7,0,1,13312,13,6185357105
12245,60644101,65354098,125998199,4,0,1,98816,5,10174890177
12246,60651211,65476116,126127327,4,0,1,164352,5,9240024989
12247,60663080,65465873,126128953,5,0,1,2560,0,3617707972
12248,60664080,65465859,126129939,5,0,1,1536,0,4624157657
12249,60672510,65463246,126135756,9,0,1,18432,10,8040260259
12250,60674790,59919295,120594085,5,0,0,512,0,1685541784
12251,60676080,60077653,120753733,6,0,0,7680,6,10359809718
12252,60678021,65485744,126163765,7,0,1,34816,13,969280615
12253,60679229,59947603,120626832,9,0,0,13312,10,9301067983
12254,60679710,65490027,126169737,9,0,1,6144,10,7318118662
12255,60684810,60057248,120742058,6,0,0,5632,6,4345112573
12256,60685090,65488122,126173212,9,0,1,1024,10,10664515198
12257,60687091,65489347,126176438,7,0,1,5120,13,8805596847
12258,60687760,65489549,126177309,9,0,1,12288,10,4773006630
12259,60693090,59985255,120678345,5,0,0,1024,0,8018044177
12260,60695760,65492901,126188661,5,0,1,7680,0,5650381889
12261,60705241,65506719,126211960,4,0,1,36352,5,1558070779
12262,60709050,65503474,126212524,5,0,1,10752,0,9872784896
12263,60714581,65520559,126235140,7,0,1,21504,13,3761417671
12264,60716621,60305697,121022318,2,0,0,6656,18,8729653574
12265,60720511,60081383,120801894,2,0,0,30720,18,5785845631
12266,60724471,65518664,126243135,7,0,1,6656,13,1246653173
12267,60741411,65502070,126243481,7,0,1,512,13,850191773
12268,60745910,59994074,120739984,5,0,0,8192,0,4650646262
12269,60746501,65564506,126311007,4,0,1,112640,5,9818580829
12270,60750030,65608171,126358201,5,0,1,14336,0,2880942913
12271,60752151,65624128,126376279,4,0,1,12288,5,8423932197
12272,60753070,65623922,126376992,9,0,1,2560,10,9438164173
12273,60764800,59975519,120740319,5,0,0,1024,0,7483291872
12274,60769550,65608108,126377658,9,0,1,1024,10,962422046
12275,60771880,65608364,126380244,5,0,1,4096,0,4636372971
12276,60776740,65603850,126380590,5,0,1,512,0,6632533884
12277,60778130,65606646,126384776,5,0,1,6656,0,7830798896
12278,60779750,60022617,120802367,5,0,0,1024,0,5803133504
12279,60780100,65609502,126389602,9,0,1,7680,10,7133175039
12280,60780160,65610108,126390268,9,0,1,1024,10,9659142744
12281,60788480,60043101,120831581,5,0,0,512,0,1263436492
12282,60790340,65602194,126392534,5,0,1,3584,0,8921059813
12283,60790869,60274200,121065069,9,0,0,26624,10,9604167791
12284,60792531,65650492,126443023,4,0,1,90112,5,9398984931
12285,60802001,65645848,126447849,7,0,1,7680,13,5240688587
12286,60808281,65654366,126462647,7,0,1,7168,13,50701998
12287,60819950,65644323,126464273,9,0,1,2560,10,1307158354
12288,60821461,65644758,126466219,4,0,1,3072,5,3845439227
12289,60821561,65645644,126467205,7,0,1,1536,13,10359662549
12290,60827601,65642188,126469789,7,0,1,3584,13,5563501562
12291,60828460,65643915,126472375,5,0,1,4096,0,9180633146
12292,60835940,60052103,120888043,6,0,0,3584,6,8742518844
12293,60836491,65637830,126474321,7,0,1,3072,13,3284971795
12294,60839490,65642776,126482266,1,0,1,4096,8,3390574572
12295,60839830,65643149,126482979,5,0,1,6144,0,1456524229
12296,60855311,65627822,126483133,7,0,1,8704,13,3004095003
12297,60859430,65624689,126484119,9,0,1,1536,10,10002764765
12298,60866800,65617985,126484785,9,0,1,1024,10,8439579941
12299,60868839,60224456,121093295,9,0,0,6656,10,10562282791
12300,60869169,60235478,121104647,9,0,0,3584,10,5236504350
12301,60873570,65617229,126490799,9,0,1,2048,10,8494148755
12302,60875749,59997201,120872950,9,0,0,12288,10,4357630757
12303,60879841,65611944,126491785,7,0,1,1536,13,7948813481
12304,60880121,65613290,126493411,7,0,1,2560,13,1159671974
12305,60888479,60006804,120895283,9,0,0,1536,10,2701221882
12306,60905120,65588957,126494077,9,0,1,1024,10,10081661590
12307,60906000,60185102,121091102,6,0,0,5632,6,4642351131
12308,60910730,65586253,126496983,5,0,1,4608,0,9054315507
12309,60917870,65580393,126498263,5,0,1,14336,0,2484057344
12310,60920600,60204324,121124924,6,0,0,4608,6,7061858052
12311,60935059,60221600,121156659,9,0,0,94208,10,1732578350
12312,60951800,65555616,126507416,9,0,1,1024,10,9687912981
12313,60976509,60183137,121159646,9,0,0,9728,10,7521847378
12314,60977981,65529781,126507762,7,0,1,512,13,5818425647
12315,60994120,65555857,126549977,5,0,1,4096,0,9537698939
12316,61000181,65549819,126550000,7,0,1,512,13,5365419781
12317,61010579,60180849,121191428,9,0,0,12800,10,2220739512
12318,61018719,60022955,121041674,9,0,0,18432,10,7609511921
12319,61032700,65517323,126550023,5,0,1,3072,0,5640991970
12320,61037680,59986221,121023901,6,0,0,5120,6,2698503863
12321,61040410,60127105,121167515,6,0,0,11776,6,8521279649
12322,61040580,60002833,121043413,6,0,0,5632,6,2908335355
12323,61044260,65505786,126550046,5,0,1,9728,0,6168832244
12324,61044640,65505429,126550069,5,0,1,25088,0,6867745706
12325,61047470,60360680,121408150,6,0,0,103424,6,5016812900
12326,61067411,65488382,126555793,7,0,1,2048,13,663756727
12327,61086140,60259577,121345717,6,0,0,57344,6,3174248334
12328,61094100,65464919,126559019,5,0,1,5120,0,8096175504
12329,61098609,60167563,121266172,9,0,0,1536,10,6357736050
12330,61099700,60384692,121484392,6,0,0,41984,6,7297202572
12331,61121730,60330558,121452288,6,0,0,61440,6,4445948722
12332,61127050,60487418,121614468,6,0,0,25600,6,5096710685
12333,61127190,65434735,126561925,5,0,1,4608,0,7539341020
12334,61138880,60447765,121586645,6,0,0,73216,6,2079595006
12335,61159260,65403331,126562591,5,0,1,1024,0,9916207912
12336,61176280,65389960,126566240,5,0,1,18432,0,7791956758
12337,61192189,60032351,121224540,9,0,0,18432,10,3391273316
12338,61229010,60195776,121424786,6,0,0,22528,6,4755363302
12339,61234899,60198646,121433545,9,0,0,28672,10,2499349132
12340,61253310,60108095,121361405,5,0,0,1024,0,9576492087
12341,61256930,60341945,121598875,6,0,0,36352,6,183076226
12342,61267899,60230096,121497995,9,0,0,44544,10,2312886379
12343,61273029,59890852,121163881,9,0,0,13824,10,457892384
12344,61281969,60274990,121556959,9,0,0,28160,10,3072296300
12345,61292520,60173059,121465579,6,0,0,43520,6,4483240504
12346,61332020,59881537,121213557,6,0,0,2560,6,1458027888
12347,61343589,59921290,121264879,9,0,0,14848,10,7642268329
12348,61346260,60152533,121498793,5,0,0,1024,0,2758129185
12349,61347329,60001219,121348548,9,0,0,9216,10,8167382836
12350,61354371,65254651,126609022,4,0,1,34816,5,4245831125
12351,61359260,60661006,122020266,6,0,0,101888,6,1870012789
12352,61367160,59827517,121194677,5,0,0,512,0,1181177398
12353,61376190,60095371,121471561,6,0,0,19456,6,4742900791
12354,61388641,65235853,126624494,4,0,1,17408,5,7015857015
12355,61395501,65362839,126758340,4,0,1,126976,5,10113636124
12356,61396300,60104817,121501117,5,0,0,512,0,8986434234
12357,61405081,65386035,126791116,4,0,1,16896,5,8926730856
12358,61424670,65380743,126805413,2,0,1,1536,18,959556872
12359,61431740,59985013,121416753,6,0,0,28160,6,3736501397
12360,61447130,59926805,121373935,6,0,0,7680,6,8186399903
12361,61458880,65346556,126805436,2,0,1,8704,18,4833996479
12362,61470389,60093925,121564314,9,0,0,24064,10,1842188841
12363,61476830,59834711,121311541,5,0,0,512,0,7849458640
12364,61484309,60201570,121685879,9,0,0,85504,10,3110849125
12365,61493750,59792261,121286011,6,0,0,33792,6,4443634388
12366,61494099,60039547,121533646,9,0,0,512,10,6097564664
12367,61506141,65299318,126805459,4,0,1,4096,5,2944248082
12368,61524741,65294841,126819582,4,0,1,32768,5,10659410218
12369,61530120,59797183,121327303,5,0,0,512,0,3673844112
12370,61534740,60290184,121824924,5,0,0,512,0,1266676169
12371,61535821,65325122,126860943,4,0,1,21504,5,10306723197
12372,61536179,60096588,121632767,9,0,0,26112,10,7850802992
12373,61541031,65321858,126862889,4,0,1,3072,5,1052836286
12374,61552191,65315204,126867395,4,0,1,7168,5,1701277120
12375,61558630,65322553,126881183,2,0,1,5632,18,2507005835
12376,61564810,65325456,126890266,5,0,1,1536,0,8675052106
12377,61571980,60288251,121860231,5,0,0,1024,0,1053318595
12378,61595960,65306019,126901979,9,0,1,6656,10,4974106555
12379,61598800,60025988,121624788,6,0,0,24064,6,8671134976
12380,61602209,59946147,121548356,9,0,0,32256,10,9994467765
12381,61603880,65303591,126907471,2,0,1,8704,18,1556651804
12382,61604960,65303976,126908936,1,0,1,1024,8,1468965514
12383,61605170,65308912,126914082,2,0,1,8192,18,96704800
12384,61605600,60081090,121686690,6,0,0,2560,6,8508339140
12385,61622980,60397573,122020553,5,0,0,512,0,5301488573
12386,61632310,65287222,126919532,2,0,1,512,18,6669046446
12387,61634930,65286228,126921158,2,0,1,2560,18,8928516738
12388,61641910,65280234,126922144,5,0,1,1536,0,2665081479
12389,61642630,65280620,126923250,9,0,1,10752,10,871892271
12390,61653490,65274833,126928323,6,0,1,17920,6,2464263081
12391,61655500,60322400,121977900,6,0,0,31232,6,5770798016
12392,61658310,65270999,126929309,9,0,1,1536,10,7278182986
12393,61661221,65273647,126934868,4,0,1,1536,5,8060509266
12394,61667250,65269564,126936814,2,0,1,3072,18,9591890182
12395,61668850,65269590,126938440,9,0,1,2560,10,7319148780
12396,61670360,65268234,126938594,2,0,1,8704,18,2434179967
12397,61672841,65300161,126973002,4,0,1,9728,5,1543551911
12398,61677400,60097000,121774400,6,0,0,136704,6,4349460009
12399,61685839,60010874,121696713,9,0,0,8704,10,7330565079
12400,61687830,60226667,121914497,6,0,0,4608,6,2975880569
12401,61695649,59964155,121659804,9,0,0,23040,10,6939422983
12402,61698369,59889399,121587768,9,0,0,3584,10,8192270855
12403,61710280,65264028,126974308,9,0,1,2048,10,4319349091
12404,61715660,65266132,126981792,2,0,1,7680,18,1069544243
12405,61716790,65267908,126984698,5,0,1,4608,0,9523589822
12406,61730820,59971162,121701982,6,0,0,16384,6,9988380151
12407,61731680,65254324,126986004,9,0,1,2048,10,4751702804
12408,61732630,65254040,126986670,2,0,1,1024,18,8093498508
12409,61737969,59989245,121727214,9,0,0,11264,10,4177796151
12410,61742690,65245926,126988616,2,0,1,3072,18,2922836524
12411,61752860,65244809,126997669,2,0,1,7680,18,3493362248
12412,61764290,60148780,121913070,6,0,0,60416,6,9154573226
12413,61776139,60311392,122087531,9,0,0,83456,10,8972900417
12414,61779080,65220535,126999615,5,0,1,3072,0,7904040342
12415,61780790,60208230,121989020,6,0,0,14336,6,1429833830
12416,61784539,60075311,121859850,9,0,0,37888,10,76414267
12417,61791110,65214631,127005741,9,0,1,22016,10,6691268133
12418,61791740,65214667,127006407,5,0,1,1024,0,490620559
12419,61793531,65213222,127006753,4,0,1,512,5,2966152648
12420,61797881,65229935,127027816,4,0,1,10752,5,5190128299
12421,61817441,65211041,127028482,4,0,1,1024,5,9412897441
12422,61826530,65205818,127032348,5,0,1,6144,0,1982230948
12423,61838521,65194813,127033334,4,0,1,1536,5,2869718046
12424,61839501,65198339,127037840,4,0,1,7168,5,3274163980
12425,61858140,65183669,127041809,9,0,1,5632,10,8418075617
12426,61864320,60183018,122047338,5,0,0,2560,0,1280254394
12427,61867439,59957306,121824745,9,0,0,56832,10,6860082423
12428,61887359,59951257,121838616,9,0,0,2048,10,2894194553
12429,61899750,65151742,127051492,5,0,1,5120,0,7474292760
12430,61900160,65154878,127055038,5,0,1,5632,0,6585767164
12431,61901631,65156633,127058264,4,0,1,5120,5,3010297580
12432,61904569,59876903,121781472,9,0,0,1024,10,4150326633
12433,61915480,59797305,121712785,6,0,0,2048,6,467446542
12434,61917810,65144960,127062770,9,0,1,7168,10,5842589446
12435,61921620,65141406,127063026,8,0,1,9216,13,4332566806
12436,61923470,65141502,127064972,9,0,1,3072,10,6015702782
12437,61928050,65143326,127071376,9,0,1,5120,10,695171040
12438,61947901,65125728,127073629,4,0,1,1536,5,1550168485
12439,61949799,60039400,121989199,9,0,0,512,10,7953412472
12440,61958471,65123560,127082031,4,0,1,10240,5,7922664124
12441,61965149,60124548,122089697,9,0,0,512,10,529432510
12442,61966800,60121557,122088357,5,0,0,2560,0,10593596557
12443,61978900,59940836,121919736,6,0,0,512,6,10648786873
12444,61979291,65103406,127082697,4,0,1,1024,5,8676707501
12445,61986300,65102796,127089096,5,0,1,4608,0,292417240
12446,61995610,65237744,127233354,8,0,1,82432,13,10613717158
12447,62002330,65238558,127240888,9,0,1,3072,10,2342307231
12448,62011080,65229831,127240911,5,0,1,4096,0,1375089229
12449,62027831,65213103,127240934,7,0,1,4096,13,6318199355
12450,62030600,65216809,127247409,9,0,1,1024,10,6317655480
12451,62067761,65182554,127250315,7,0,1,4608,13,3241986051
12452,62068010,60101414,122169424,6,0,0,35840,6,553846654
12453,62069670,65180991,127250661,5,0,1,512,0,2837688894
12454,62071011,65182236,127253247,7,0,1,4096,13,4065197067
12455,62073040,65184713,127257753,9,0,1,7168,10,9473495491
12456,62080981,65177439,127258420,4,0,1,10752,5,3413990280
12457,62099110,59880957,121980067,5,0,0,512,0,528034137
12458,62103470,65157595,127261065,9,0,1,1024,10,10182136457
12459,62106941,65157030,127263971,7,0,1,4608,13,1961407626
12460,62107291,65157346,127264637,4,0,1,1024,5,505012737
12461,62109140,59928358,122037498,5,0,0,512,0,3814505915
12462,62115490,65150911,127266401,5,0,1,2560,0,8428287108
12463,62116200,65154387,127270587,5,0,1,6656,0,9151372936
12464,62125550,59913637,122039187,5,0,0,1024,0,8769718241
12465,62131661,65140232,127271893,7,0,1,2048,13,4750915801
12466,62144760,59905182,122049942,5,0,0,1024,0,7761323430
12467,62148800,65124399,127273199,5,0,1,2048,0,10431765309
12468,62154101,65120724,127274825,4,0,1,2560,5,3169332825
12469,62162929,59927314,122090243,9,0,0,1024,10,6849626554
12470,62163120,65114931,127278051,5,0,1,5120,0,4411808369
12471,62208239,59812649,122020888,9,0,0,1024,10,561273161
12472,62214060,65068203,127282263,3,0,1,16896,5,5820040147
12473,62219060,59956906,122175966,5,0,0,1536,0,7237207039
12474,62227111,65075961,127303072,4,0,1,3584,5,8264685057
12475,62228630,59891060,122119690,6,0,0,33280,6,10029003274
12476,62233129,59956378,122189507,9,0,0,1536,10,9011054317
12477,62260640,59828832,122089472,5,0,0,3584,0,1316043795
12478,62266100,65076554,127342654,9,0,1,6144,10,8354320144
12479,62269110,65083232,127352342,5,0,1,2048,0,300799098
12480,62270861,65086627,127357488,4,0,1,8192,5,4283046475
12481,62278310,65094533,127372843,9,0,1,10240,10,7431139854
12482,62301570,59868501,122170071,5,0,0,2048,0,3484381170
12483,62312301,65062808,127375109,4,0,1,3584,5,383640687
12484,62323410,59766466,122089876,5,0,0,512,0,2117179045
12485,62329121,65055091,127384212,4,0,1,512,5,2551510183
12486,62330301,65055857,127386158,4,0,1,3072,5,5931651232
12487,62343700,65047821,127391521,8,0,1,7168,13,5827256302
12488,62344149,59709357,122053506,9,0,0,512,10,8787527927
12489,62347631,65045516,127393147,0,0,1,2560,14,1730200383
12490,62348621,65057888,127406509,4,0,1,4608,5,742868921
12491,62348811,65058044,127406855,0,0,1,512,14,3336522345
12492,62363950,65046771,127410721,5,0,1,6144,0,9984815965
12493,62364390,65047202,127411592,8,0,1,12288,13,6444015255
12494,62373901,65042571,127416472,0,0,1,1024,14,2050412517
12495,62383600,65037378,127420978,9,0,1,7168,10,2905480706
12496,62385010,60050784,122435794,6,0,0,1536,6,3990193569
12497,62387291,65039588,127426879,4,0,1,19968,5,6155640208
12498,62394570,65039666,127434236,9,0,1,3072,10,10280820439
12499,62399060,65035535,127434595,9,0,1,9728,10,2742736420
12500,62399830,65207201,127607031,8,0,1,127488,13,8294446368
12501,62403331,65212052,127615383,0,0,1,6656,14,378864110
12502,62403511,65255860,127659371,0,0,1,9728,14,948857299
12503,62409849,59948565,122358414,9,0,0,2048,10,8330182777
12504,62417910,65253207,127671117,5,0,1,7168,0,1178708845
12505,62419920,65251220,127671140,5,0,1,6144,0,5642622593
12506,62431120,60004037,122435157,6,0,0,158720,6,5115442809
12507,62437640,60030026,122467666,6,0,0,44544,6,1659001044
12508,62441001,65230162,127671163,0,0,1,9728,14,5120729033
12509,62448040,65223146,127671186,9,0,1,1024,10,7491488873
12510,62474841,65196368,127671209,4,0,1,1024,5,1067872529
12511,62481630,59845236,122326866,6,0,0,20992,6,3949087387
12512,62482160,65189072,127671232,1,0,1,6656,8,5915719818
12513,62495141,65176769,127671910,4,0,1,1024,5,4821937607
12514,62507170,65178873,127686043,1,0,1,4096,8,4742016476
12515,62509470,59850195,122359665,5,0,0,1024,0,8774626523
12516,62513970,59815518,122329488,5,0,0,1024,0,6173954599
12517,62516291,65170098,127686389,0,0,1,512,14,8399455118
12518,62522749,59747922,122270671,9,0,0,512,10,8221884627
12519,62537041,65151614,127688655,0,0,1,3584,14,7796111414
12520,62538881,65151720,127690601,0,0,1,3072,14,6299750210
12521,62546681,65151012,127697693,4,0,1,11264,5,5363656688
12522,62564010,59918187,122482197,6,0,0,47616,6,7563589699
12523,62570520,59933284,122503804,5,0,0,1536,0,6106310575
12524,62571951,65127048,127698999,0,0,1,2048,14,9220182797
12525,62576541,65126004,127702545,4,0,1,5632,5,5018441430
12526,62578181,65125644,127703825,0,0,1,14336,14,3098899869
12527,62594040,59954836,122548876,6,0,0,1024,6,10326611383
12528,62606070,59877140,122483210,5,0,0,2048,0,9093191675
12529,62610049,59826415,122436464,9,0,0,2048,10,8043542343
12530,62624110,65112880,127736990,2,0,1,3584,18,5323850512
12531,62624530,65112483,127737013,5,0,1,11264,0,7251480061
12532,62633540,59849023,122482563,5,0,0,1024,0,1506190901
12533,62652250,60029509,122681759,6,0,0,6656,6,112450525
12534,62654260,59782431,122436691,6,0,0,512,6,3303259988
12535,62657840,65079196,127737036,8,0,1,8192,13,2906924079
12536,62662990,59948922,122611912,5,0,0,1536,0,1174926798
12537,62666600,59895788,122562388,5,0,0,2560,0,73034455
12538,62667201,65069858,127737059,4,0,1,20480,5,9598634859
12539,62667600,65234992,127902592,8,0,1,129024,13,6715462308
12540,62680711,65236735,127917446,0,0,1,2560,14,4817362702
12541,62682779,59982943,122665722,9,0,0,1024,10,3411580205
12542,62685871,65232241,127918112,0,0,1,1024,14,9394651238
12543,62690220,65228558,127918778,8,0,1,1024,13,9538262141
12544,62703840,59824921,122528761,5,0,0,2048,0,64100464
12545,62711799,59963397,122675196,9,0,0,1536,10,3704142502
12546,62712831,65242739,127955570,4,0,1,7680,5,4378477113
12547,62732291,65223302,127955593,4,0,1,1536,5,302229578
12548,62762721,65192895,127955616,4,0,1,2560,5,5714275074
12549,62765110,59821572,122586682,5,0,0,512,0,7203403198
12550,62773330,65182309,127955639,3,0,1,15360,5,9812545827
12551,62785619,59827024,122612643,9,0,0,512,10,10653784182
12552,62788190,59847991,122636181,5,0,0,1024,0,4620716126
12553,62800950,59845944,122646894,6,0,0,512,6,4178642874
12554,62813399,59871481,122684880,9,0,0,3072,10,10593681827
12555,62820971,65147185,127968156,4,0,1,11264,5,2581799659
12556,62826561,65141618,127968179,0,0,1,4096,14,10627849122
12557,62848649,59796865,122645514,9,0,0,1024,10,9029191596
12558,62856420,59787074,122643494,6,0,0,512,6,2971168335
12559,62857360,59778460,122635820,5,0,0,512,0,832710887
12560,62861691,65120851,127982542,0,0,1,14336,14,289010857
12561,62861960,59808472,122670432,6,0,0,1024,6,6239462065
12562,62865070,59743796,122608866,5,0,0,512,0,3120517631
12563,62876141,65106747,127982888,4,0,1,512,5,10258031823
12564,62886471,65096673,127983144,4,0,1,9216,5,8974239165
12565,62897180,59784914,122682094,6,0,0,1024,6,4989624441
12566,62899640,59897475,122797115,6,0,0,512,6,593550525
12567,62902149,59810806,122712955,9,0,0,1536,10,2850367091
12568,62902889,59894047,122796936,9,0,0,7680,10,4843425779
12569,62919501,65066756,127986257,4,0,1,1024,5,4300694299
12570,62926561,65063882,127990443,7,0,1,6656,13,3746062003
12571,62929460,59829913,122759373,6,0,0,1536,6,3330568991
12572,62930101,65061328,127991429,4,0,1,1536,5,6515675701
12573,62939431,65053304,127992735,4,0,1,2048,5,4019931575
12574,62944439,60116184,123060623,9,0,0,1024,10,5325002257
12575,62956501,65036580,127993081,4,0,1,512,5,5094865718
12576,62956700,59937723,122894423,6,0,0,45056,6,8132862371
12577,62965060,65028687,127993747,9,0,1,11264,10,999182790
12578,62978701,65042507,128021208,4,0,1,3072,5,5182470047
12579,62995970,59844337,122840307,5,0,0,1024,0,807242573
12580,63016640,59841111,122857751,5,0,0,512,0,8283559105
12581,63019000,65002653,128021653,6,0,1,1536,6,8084348551
12582,63019751,65016607,128036358,4,0,1,2560,5,6861771926
12583,63020980,60128424,123149404,6,0,0,11776,6,5069653146
12584,63024130,60072205,123096335,6,0,0,90112,6,4331979048
12585,63030400,60029865,123060265,6,0,0,54784,6,6138755586
12586,63044540,60052130,123096670,5,0,0,1024,0,10006205784
12587,63056709,59900103,122956812,9,0,0,2560,10,385879744
12588,63073680,64963024,128036704,1,0,1,512,8,5753078793
12589,63094990,64943020,128038010,2,0,1,2048,18,1246478594
12590,63127371,64923658,128051029,4,0,1,5120,5,9780872821
12591,63138590,60090616,123229206,6,0,0,37888,6,7312529752
12592,63138970,59958237,123097207,5,0,0,1536,0,4509485998
12593,63140711,64910677,128051388,4,0,1,9728,5,49112323
12594,63144330,64949880,128094210,2,0,1,13312,18,3869857591
12595,63147790,59779028,122926818,5,0,0,1024,0,10540183308
12596,63147810,64981590,128129400,2,0,1,2048,18,7397991057
12597,63156769,60084431,123241200,9,0,0,512,10,7501334885
12598,63157759,60119432,123277191,9,0,0,512,10,3754805738
12599,63159300,64971086,128130386,2,0,1,1536,18,8305102825
12600,63165560,64969332,128134892,5,0,1,7168,0,8247489526
12601,63169179,59980872,123150051,9,0,0,2048,10,1560353568
12602,63170071,64977059,128147130,4,0,1,7680,5,6559148058
12603,63177850,64970906,128148756,2,0,1,2560,18,2916290052
12604,63180800,59975262,123156062,6,0,0,17408,6,4793664222
12605,63203740,64946604,128150344,5,0,1,15872,0,9342915636
12606,63208720,64967555,128176275,2,0,1,12800,18,1215259277
12607,63225700,64970380,128196080,8,0,1,2560,13,580546943
12608,63228750,64970236,128198986,2,0,1,4608,18,5450371150
12609,63231800,64968929,128200729,2,0,1,1536,18,4127707637
12610,63236210,60152686,123388896,6,0,0,55296,6,7237574957
12611,63243599,59906654,123150253,9,0,0,512,10,5338584633
12612,63244330,64956745,128201075,5,0,1,512,0,7726648469
12613,63248511,64955150,128203661,0,0,1,4096,14,9984944516
12614,63249291,64957916,128207207,0,0,1,5632,14,8511970811
12615,63256660,64951533,128208193,5,0,1,1536,0,6813862304
12616,63257050,59888743,123145793,6,0,0,49664,6,4452983975
12617,63257080,64952419,128209499,2,0,1,2048,18,1344776624
12618,63258510,64951962,128210472,5,0,1,12800,0,9175928470
12619,63261261,64967649,128228910,0,0,1,2048,14,5217532630
12620,63269520,60232736,123502256,6,0,0,24576,6,10091848971
12621,63269600,60225099,123494699,6,0,0,40960,6,377843176
12622,63270561,64968109,128238670,0,0,1,11776,14,9737634640
12623,63270931,64988668,128259599,0,0,1,4096,14,1870662775
12624,63272250,65269197,128541447,5,0,1,195584,0,2763824110
12625,63272969,60413942,123686911,9,0,0,512,10,8404980243
12626,63284251,65323667,128607918,0,0,1,5632,14,7291304876
12627,63285961,65322471,128608432,0,0,1,1536,14,1005896004
12628,63295080,65313375,128608455,2,0,1,5632,18,8803616963
12629,63299301,65309177,128608478,0,0,1,1024,14,7282421289
12630,63302859,60086449,123389308,9,0,0,1024,10,250631043
12631,63327160,60044865,123372025,6,0,0,75264,6,3026924460
12632,63334089,59895296,123229385,9,0,0,512,10,9513845001
12633,63336500,60177667,123514167,5,0,0,4096,0,2672721726
12634,63338791,65269710,128608501,0,0,1,4608,14,1066924136
12635,63343190,65282967,128626157,5,0,1,79360,0,9056109
12636,63347331,60098214,123445545,4,0,0,1024,5,9425261558
12637,63353991,65295025,128649016,0,0,1,5120,14,1092455281
12638,63355830,60089380,123445210,6,0,0,20480,6,5184234084
12639,63363710,65285329,128649039,2,0,1,3072,18,2145954530
12640,63364130,60181252,123545382,5,0,0,2048,0,2467736461
12641,63373109,60415696,123788805,9,0,0,512,10,5836386595
12642,63384510,65264769,128649279,5,0,1,24576,0,836363350
12643,63384870,65405078,128789948,5,0,1,139264,0,10373278945
12644,63393439,60319509,123712948,9,0,0,512,10,9597602602
12645,63399371,65437405,128836776,0,0,1,4096,14,7949928024
12646,63402370,65438592,128840962,2,0,1,6656,18,2142845842
12647,63405280,59925336,123330616,5,0,0,1024,0,4337318636
12648,63415290,65603905,129019195,5,0,1,125952,0,5712737523
12649,63418550,65600799,129019349,2,0,1,8704,18,7659868931
12650,63439440,60063087,123502527,5,0,0,512,0,50795796
12651,63451981,65583817,129035798,0,0,1,8704,14,7031256086
12652,63460950,60123293,123584243,6,0,0,25088,6,6733459667
12653,63470140,65567604,129037744,2,0,1,3072,18,7896322615
12654,63480980,60031280,123512260,5,0,0,512,0,825926573
12655,63489880,60054855,123544735,6,0,0,24064,6,6827344432
12656,63492850,65572433,129065283,2,0,1,28160,18,8240275720
12657,63512570,65557859,129070429,2,0,1,8192,18,2854281794
12658,63514271,65558424,129072695,0,0,1,3584,14,3059618385
12659,63522740,65551261,129074001,2,0,1,2048,18,9132066768
12660,63530290,60142267,123672557,6,0,0,16384,6,6640331210
12661,63537490,60118781,123656271,5,0,0,2560,0,5110754196
12662,63546670,60003767,123550437,5,0,0,1024,0,2415056671
12663,63551359,59868077,123419436,9,0,0,512,10,1429124698
12664,63578770,65497497,129076267,2,0,1,3584,18,7308333713
12665,63579211,65498042,129077253,0,0,1,1536,14,6518229013
12666,63598611,65480588,129079199,0,0,1,3072,14,977292301
12667,63602091,65479054,129081145,0,0,1,3072,14,9477184338
12668,63604030,59852201,123456231,5,0,0,1536,0,8141337019
12669,63609071,65475300,129084371,0,0,1,5120,14,10386460609
12670,63623120,65461597,129084717,2,0,1,512,18,4051884063
12671,63625300,60384447,124009747,6,0,0,183808,6,1601842775
12672,63626009,59824398,123450407,9,0,0,3072,10,10582846932
12673,63627999,60268497,123896496,9,0,0,2048,10,2366981719
12674,63629631,65455432,129085063,0,0,1,512,14,1366265863
12675,63631920,65454449,129086369,2,0,1,2048,18,5334009688
12676,63638639,60018689,123657328,9,0,0,512,10,3428055225
12677,63660440,65472025,129132465,2,0,1,1536,18,3576070094
12678,63681310,59993198,123674508,5,0,0,1024,0,10140814207
12679,63694349,59946806,123641155,9,0,0,512,10,10658994314
12680,63701449,60073037,123774486,9,0,0,1536,10,3068851218
12681,63710390,65422098,129132488,8,0,1,4096,13,6424167281
12682,63722580,59932553,123655133,6,0,0,34816,6,7077882848
12683,63744590,60029405,123773995,6,0,0,16896,6,8835574279
12684,63754480,60001312,123755792,5,0,0,512,0,7216480180
12685,63757810,59996446,123754256,5,0,0,512,0,3628185760
12686,63766850,59888618,123655468,5,0,0,1024,0,3060509432
12687,63780000,60017600,123797600,5,0,0,1024,0,2090182283
12688,63787570,59895217,123682787,5,0,0,512,0,3665431747
12689,63798420,59990206,123788626,6,0,0,15872,6,1306877480
12690,63808490,59925167,123733657,5,0,0,512,0,10108843090
12691,63813439,59976013,123789452,9,0,0,2048,10,5178443625
12692,63819250,59837520,123656770,5,0,0,1536,0,7770652063
12693,63828260,60090690,123918950,6,0,0,39424,6,169217555
12694,63854220,59908547,123762767,5,0,0,512,0,4830650071
12695,63855959,59837564,123693523,9,0,0,2048,10,4977974529
12696,63865210,59989881,123855091,6,0,0,512,6,10183068838
12697,63878660,59995626,123874286,6,0,0,29184,6,2088989239
12698,63886399,59844108,123730507,9,0,0,1024,10,2494179721
12699,63928669,59934822,123863491,9,0,0,2048,10,5912671570
12700,63944910,60091362,124036272,6,0,0,3072,6,7556813114
12701,63945789,60089189,124034978,9,0,0,1024,10,10699190375
12702,63946370,60172873,124119243,6,0,0,28672,6,3527051976
12703,63949580,65182931,129132511,3,0,1,2560,5,10476554300
12704,63954730,60215541,124170271,5,0,0,512,0,5189199886
12705,63956980,65175554,129132534,2,0,1,13824,18,6273890781
12706,63960020,65172537,129132557,2,0,1,3072,18,2078430889
12707,63967780,65164800,129132580,2,0,1,3072,18,1517961481
12708,63973299,59842809,123816108,9,0,0,3584,10,10364248225
12709,63976811,65155792,129132603,4,0,1,2560,5,6022499230
12710,63977680,59918169,123895849,6,0,0,43008,6,6633500444
12711,63982820,59712286,123695106,6,0,0,5120,6,9877781102
12712,63983600,59967833,123951433,6,0,0,12288,6,8559737686
12713,63996950,65135676,129132626,2,0,1,1024,18,8260412072
12714,64014510,65118139,129132649,2,0,1,3072,18,8188700988
12715,64028970,65103702,129132672,2,0,1,4608,18,8688434610
12716,64030500,60079976,124110476,6,0,0,52224,6,8547159600
12717,64040460,65092235,129132695,2,0,1,1536,18,9904994568
12718,64042280,59992363,124034643,6,0,0,77824,6,5160715667
12719,64062889,60174090,124236979,9,0,0,512,10,6746291468
12720,64079290,65053428,129132718,1,0,1,8192,8,5488688370
12721,64080490,65052251,129132741,2,0,1,4096,18,7874192139
12722,64089539,59722179,123811718,9,0,0,512,10,4128656588
12723,64108520,65045171,129153691,1,0,1,5632,8,8835974507
12724,64116530,65037184,129153714,2,0,1,4608,18,1152669448
12725,64119279,59777708,123896987,9,0,0,1536,10,7226242013
12726,64124880,59627317,123752197,5,0,0,512,0,513551505
12727,64131819,59879089,124010908,9,0,0,2048,10,6733771178
12728,64133460,59785669,123919129,5,0,0,512,0,5281993366
12729,64156739,59684713,123841452,9,0,0,1536,10,50847459
12730,64161379,59848882,124010261,9,0,0,1024,10,55879089
12731,64175180,64978581,129153761,1,0,1,3072,8,7472666746
12732,64177180,64987322,129164502,2,0,1,8192,18,9202703212
12733,64184540,64979985,129164525,2,0,1,512,18,3276340357
12734,64186091,64978457,129164548,4,0,1,4096,5,4884471668
12735,64186890,64977681,129164571,1,0,1,4608,8,3689928849
12736,64190920,59684013,123874933,6,0,0,2048,6,2964147923
12737,64192870,64971724,129164594,1,0,1,11264,8,8300238151
12738,64205590,59829723,124035313,5,0,0,1024,0,4503616081
12739,64211170,64956258,129167428,2,0,1,12800,18,5944898540
12740,64212660,59877573,124090233,6,0,0,24576,6,7696435933
12741,64220190,64948864,129169054,2,0,1,2560,18,6660144029
12742,64220801,64950839,129171640,4,0,1,4096,5,312889309
12743,64235721,64940425,129176146,4,0,1,7168,5,4619363330
12744,64238690,59771236,124009926,5,0,0,512,0,7126456509
12745,64243321,64934131,129177452,4,0,1,2048,5,4355959972
12746,64257040,64921398,129178438,1,0,1,1536,8,8940661007
12747,64259980,64920724,129180704,1,0,1,3584,8,9738429037
12748,64265051,64916319,129181370,7,0,1,1024,13,604081315
12749,64271730,64911586,129183316,1,0,1,3072,8,6615556299
12750,64299330,59937447,124236777,6,0,0,108544,6,2210980721
12751,64301141,64886305,129187446,7,0,1,4608,13,8693557969
12752,64318510,59855596,124174106,6,0,0,8704,6,10522838712
12753,64325240,64913903,129239143,1,0,1,512,8,8852433824
12754,64328660,64910506,129239166,2,0,1,512,18,10712979232
12755,64347400,64893528,129240928,1,0,1,7680,8,3202341406
12756,64349600,59844324,124193924,5,0,0,2048,0,10065163928
12757,64357370,64883581,129240951,2,0,1,3584,18,5326697721
12758,64358620,64882354,129240974,1,0,1,2560,8,3178271503
12759,64358970,60040301,124399271,6,0,0,57856,6,1436279322
12760,64378830,64862231,129241061,9,0,1,2560,10,8913275728
12761,64380251,64860833,129241084,4,0,1,2048,5,9379299683
12762,64381260,64859847,129241107,9,0,1,512,10,4914290792
12763,64384521,64856609,129241130,4,0,1,4096,5,2515481937
12764,64387471,64854065,129241536,4,0,1,6656,5,6655478671
12765,64439170,64803237,129242407,1,0,1,12288,8,698083576
12766,64446110,64796963,129243073,1,0,1,11264,8,9287646264
12767,64449120,60039041,124488161,6,0,0,10240,6,3077348723
12768,64452160,64808424,129260584,1,0,1,2560,8,5380679964
12769,64452340,64813390,129265730,2,0,1,8192,18,927479040
12770,64456330,64810066,129266396,2,0,1,1024,18,10010091097
12771,64458490,59860404,124318894,6,0,0,9216,6,1374980998
12772,64461420,64808202,129269622,2,0,1,5120,18,5727919731
12773,64466370,59770967,124237337,5,0,0,1024,0,2926631798
12774,64477660,64799374,129277034,1,0,1,11776,8,9881914733
12775,64481150,64799750,129280900,1,0,1,6144,8,9796265664
12776,64497040,64784846,129281886,2,0,1,1536,18,5308800202
12777,64502900,59870965,124373865,6,0,0,77312,6,5441959766
12778,64525520,64757352,129282872,3,0,1,1536,5,7938611832
12779,64528660,64754558,129283218,2,0,1,512,18,8615777334
12780,64534970,64749234,129284204,1,0,1,1536,8,3680221808
12781,64541430,64749110,129290540,1,0,1,23040,8,10435261212
12782,64546410,64748956,129295366,3,0,1,7680,5,3728778231
12783,64555370,64741942,129297312,1,0,1,3072,8,5836108486
12784,64558010,64742528,129300538,3,0,1,5120,5,8061093470
12785,64564101,64746351,129310452,0,0,1,2560,14,1389277019
12786,64567970,64743788,129311758,3,0,1,2048,5,10580631297
12787,64568930,64743187,129312117,1,0,1,9728,8,7395905994
12788,64573900,59970723,124544623,6,0,0,5120,6,10499202005
12789,64574330,64745627,129319957,3,0,1,2048,5,5333658386
12790,64580600,64744424,129325024,2,0,1,3584,18,8006068517
12791,64591460,60020264,124611724,5,0,0,1024,0,8690757092
12792,64591490,59846452,124437942,5,0,0,512,0,9887698469
12793,64607180,59794974,124402154,6,0,0,1536,6,5949765842
12794,64618720,64798549,129417269,5,0,1,83968,0,5024069406
12795,64618770,60041123,124659893,6,0,0,55808,6,1956286113
12796,64622010,64798165,129420175,3,0,1,4608,5,6467491042
12797,64626280,64797761,129424041,1,0,1,6144,8,4032300580
12798,64634230,64844105,129478335,5,0,1,30208,0,5123268112
12799,64638250,64889997,129528247,3,0,1,15872,5,7682543153
12800,64645420,64915828,129561248,1,0,1,4096,8,1310886914
12801,64645930,64921471,129567401,1,0,1,4608,8,3687852008
12802,64645940,65030233,129676173,3,0,1,20992,5,6956923993
12803,64649640,65026556,129676196,3,0,1,1024,5,10483247753
12804,64654540,65021679,129676219,3,0,1,1536,5,560105906
12805,64656900,65140009,129796909,5,0,1,36864,0,4386958858
12806,64657760,60095195,124752955,6,0,0,18944,6,3218494367
12807,64658350,65146740,129805090,1,0,1,2560,8,9070916561
12808,64660360,65144761,129805121,3,0,1,19456,5,10457502515
12809,64670140,59874662,124544802,5,0,0,512,0,6813878522
12810,64670510,59853486,124523996,5,0,0,512,0,1540581021
12811,64670620,59814398,124485018,6,0,0,1536,6,8941409588
12812,64678510,65139168,129817678,3,0,1,3072,5,612102316
12813,64693470,65127967,129821437,1,0,1,5120,8,2700828611
12814,64694910,65129622,129824532,1,0,1,1024,8,6923571603
12815,64695750,59751320,124447070,5,0,0,512,0,3237828304
12816,64698150,65127048,129825198,1,0,1,1024,8,3110982873
12817,64701090,65124454,129825544,3,0,1,512,5,275948079
12818,64707930,65118920,129826850,3,0,1,2048,5,9144961503
12819,64708110,59982058,124690168,5,0,0,512,0,7780126077
12820,64716680,65305202,130021882,5,0,1,110080,0,10086519446
12821,64718040,59873311,124591351,5,0,0,1024,0,3864313629
12822,64728870,65440910,130169780,5,0,1,112128,0,429488833
12823,64728940,65479538,130208478,5,0,1,67072,0,7127718932
12824,64747890,65468902,130216792,3,0,1,5632,5,2648323332
12825,64758530,59748238,124506768,0,0,0,512,14,6948034421
12826,64776290,59747527,124523817,6,0,0,11264,6,3518544518
12827,64788330,59882068,124670398,6,0,0,17408,6,4646155368
12828,64791880,59757140,124549020,5,0,0,512,0,5678904544
12829,64797240,59961978,124759218,6,0,0,20480,6,10358484067
12830,64799720,65422884,130222604,8,0,1,9216,13,7521723119
12831,64819110,65406400,130225510,2,0,1,4608,18,3362218191
12832,64824730,65401446,130226176,3,0,1,1024,5,5835056509
12833,64834260,65400706,130234966,3,0,1,8192,5,9321349359
12834,64842870,60073697,124916567,6,0,0,67584,6,7202207701
12835,64849520,59996588,124846108,5,0,0,512,0,4639343664
12836,64859180,65377092,130236272,2,0,1,2048,18,5347820793
12837,64859770,59959919,124819689,0,0,0,10752,14,5377195157
12838,64861780,65377078,130238858,2,0,1,4096,18,8667599650
12839,64867370,59829281,124696651,5,0,0,512,0,2080066762
12840,64869220,59947101,124816321,6,0,0,29184,6,9165221914
12841,64874000,59945930,124819930,5,0,0,512,0,6215557355
12842,64897200,65345679,130242879,3,0,1,6144,5,1121398858
12843,64911520,65331705,130243225,2,0,1,512,18,8564183873
12844,64913030,59932899,124845929,6,0,0,78848,6,5326435095
12845,64917690,59945995,124863685,6,0,0,26112,6,8880685743
12846,64924170,59665813,124589983,5,0,0,512,0,7778059479
12847,64926570,65424281,130350851,8,0,1,143360,13,2811037922
12848,64942381,65415226,130357607,7,0,1,6144,13,3123651697
12849,64951831,65411810,130363641,7,0,1,3072,13,9494992888
12850,64958211,65407376,130365587,7,0,1,3072,13,8840428779
12851,64961391,65415267,130376658,7,0,1,5632,13,9253401282
12852,64967991,65431271,130399262,7,0,1,14336,13,7330492816
12853,64971910,59746587,124718497,5,0,0,512,0,2585824476
12854,64975080,59967949,124943029,6,0,0,6144,6,3801300536
12855,64982190,59793222,124775412,5,0,0,1024,0,7122239083
12856,64982310,65416975,130399285,8,0,1,2048,13,7298710731
12857,64985330,65416163,130401493,8,0,1,5632,13,8875183279
12858,64991000,65413079,130404079,2,0,1,4096,18,1196129991
12859,64992140,65413565,130405705,2,0,1,2560,18,4416084153
12860,64998560,59942574,124941134,6,0,0,39936,6,4986421331
12861,65001050,65407561,130408611,2,0,1,4608,18,4502118440
12862,65001450,65409107,130410557,2,0,1,3072,18,9429198285
12863,65002970,65408253,130411223,3,0,1,1024,5,3506811194
12864,65005770,65405799,130411569,9,0,1,512,10,1672065871
12865,65025440,59828570,124854010,6,0,0,15872,6,9972423601
12866,65028980,65383255,130412235,3,0,1,1024,5,2125855950
12867,65032370,59712302,124744672,0,0,0,9728,14,6820064794
12868,65033761,65381700,130415461,7,0,1,5120,13,5062418953
12869,65037590,59760472,124798062,5,0,0,512,0,2918411884
12870,65047020,65369747,130416767,9,0,1,2048,10,8016268504
12871,65053661,65363452,130417113,7,0,1,512,13,920618117
12872,65063151,65354948,130418099,4,0,1,1536,5,1668724092
12873,65065231,65354174,130419405,7,0,1,2048,13,959098976
12874,65068380,60028831,125097211,0,0,0,25600,14,487647530
12875,65070420,65351571,130421991,2,0,1,4096,18,3679943045
12876,65074530,59939119,125013649,0,0,0,48128,14,7632986215
12877,65078460,65344837,130423297,2,0,1,2048,18,6273715589
12878,65083870,65341053,130424923,2,0,1,2560,18,8227777134
12879,65088480,65337109,130425589,2,0,1,1024,18,3512188128
12880,65095010,65332845,130427855,2,0,1,3584,18,4346181272
12881,65097010,65337567,130434577,8,0,1,39936,13,4381742883
12882,65098230,65336693,130434923,2,0,1,512,18,754347615
12883,65106700,65333049,130439749,1,0,1,7680,8,1528427686
12884,65107100,59917835,125024935,0,0,0,33792,14,694923751
12885,65112770,59976618,125089388,6,0,0,137216,6,10617490267
12886,65116410,65326245,130442655,2,0,1,4608,18,10199785985
12887,65119680,65324460,130444140,3,0,1,15360,5,4934645206
12888,65126180,65328008,130454188,9,0,1,6144,10,2580899583
12889,65126910,65340276,130467186,9,0,1,2560,10,1276294096
12890,65127380,59871582,124998962,6,0,0,5120,6,7052546114
12891,65139000,65332398,130471398,3,0,1,6656,5,474153495
12892,65145390,65330834,130476224,9,0,1,7680,10,2271333733
12893,65147850,65329859,130477709,3,0,1,15360,5,9650024021
12894,65148890,65346958,130495848,9,0,1,9216,10,3608573716
12895,65159830,65337634,130497464,2,0,1,1024,18,3393410499
12896,65168060,59931185,125099245,5,0,0,3584,0,1187179792
12897,65176490,65424008,130600498,8,0,1,132096,13,2240375879
12898,65179320,65425044,130604364,9,0,1,6144,10,8470126534
12899,65184090,65420620,130604710,3,0,1,512,5,5142399324
12900,65186600,65419096,130605696,3,0,1,1536,5,9355903977
12901,65188600,59826016,125014616,6,0,0,3072,6,9933043449
12902,65193950,65419007,130612957,3,0,1,2048,5,6477383866
12903,65194880,60009512,125204392,6,0,0,30720,6,3531820561
12904,65203050,59982354,125185404,5,0,0,1536,0,8542372291
12905,65214170,65399133,130613303,8,0,1,512,13,135903892
12906,65215641,65400568,130616209,7,0,1,4608,13,6154052146
12907,65217400,59967513,125184913,0,0,0,48640,14,810455202
12908,65224290,65395102,130619392,2,0,1,4096,18,2267138974
12909,65225190,65397748,130622938,2,0,1,5632,18,1024355411
12910,65225191,65398106,130623297,7,0,1,9728,13,1999008224
12911,65225900,65402543,130628443,8,0,1,8192,13,3308577961
12912,65229390,65400679,130630069,3,0,1,2560,5,8023596358
12913,65229790,65403507,130633297,3,0,1,1536,5,1900105878
12914,65230110,65404493,130634603,2,0,1,2048,18,7403138134
12915,65234701,65407334,130642035,7,0,1,6144,13,1028199663
12916,65237490,65409512,130647002,3,0,1,17408,5,1186558316
12917,65250670,65434228,130684898,8,0,1,26624,13,5757502746
12918,65251841,65433080,130684921,7,0,1,14336,13,7270189819
12919,65255420,65440597,130696017,2,0,1,3584,18,4615640574
12920,65285870,59884200,125170070,0,0,0,9216,14,4544038239
12921,65286530,65440819,130727349,3,0,1,7680,5,167256004
12922,65287240,65448663,130735903,9,0,1,21504,10,6786998768
12923,65291630,60019460,125311090,6,0,0,43008,6,3058585146
12924,65296201,65444234,130740435,7,0,1,7168,13,10241205519
12925,65303460,65485544,130789004,8,0,1,58880,13,8907490027
12926,65308530,59789484,125098014,5,0,0,2560,0,8446001919
12927,65309310,59832173,125141483,6,0,0,12288,6,5837756540
12928,65316710,65472640,130789350,3,0,1,512,5,611990079
12929,65326220,65464116,130790336,3,0,1,1536,5,10450932082
12930,65335450,65504776,130840226,8,0,1,65536,13,9555845452
12931,65336800,65508288,130845088,9,0,1,1024,10,7662444376
12932,65350261,65495595,130845856,7,0,1,11776,13,2373613416
12933,65362390,65494008,130856398,3,0,1,15872,5,7131212161
12934,65363161,65496783,130859944,7,0,1,5632,13,2937343884
12935,65364060,59773633,125137693,0,0,0,37888,14,7475095319
12936,65378150,59841314,125219464,5,0,0,512,0,2529840432
12937,65390040,65498757,130888797,8,0,1,13312,13,5876098981
12938,65390110,59795629,125185739,5,0,0,1024,0,6945396040
12939,65390750,59872126,125262876,6,0,0,2560,6,3839324130
12940,65396720,65493703,130890423,9,0,1,2560,10,1875150905
12941,65400700,65497597,130898297,3,0,1,4608,5,8784907569
12942,65409571,65491641,130901212,7,0,1,512,13,6237203419
12943,65413120,65694648,131107768,8,0,1,193536,13,4340166191
12944,65415920,65701500,131117420,8,0,1,15360,13,2289574255
12945,65427580,65694666,131122246,8,0,1,7680,13,10410810901
12946,65440700,60041686,125482386,0,0,0,39936,14,7735330150
12947,65446730,65682343,131129073,3,0,1,1024,5,7228032361
12948,65448511,65680585,131129096,7,0,1,4608,13,191326996
12949,65467100,65662019,131129119,3,0,1,1536,5,8235214516
12950,65470670,59777155,125247825,6,0,0,2560,6,5822256885
12951,65477171,65652150,131129321,7,0,1,3584,13,8914920173
12952,65478721,65653895,131132616,7,0,1,5632,13,7380518531
12953,65479060,59984780,125463840,0,0,0,57856,14,2930941265
12954,65480830,59880364,125361194,0,0,0,33280,14,7231368730
12955,65483750,65784215,131267965,8,0,1,142336,13,4340332206
12956,65486160,65788577,131274737,8,0,1,10752,13,6463704429
12957,65494351,65780732,131275083,0,0,1,512,14,9830589656
12958,65506280,65769469,131275749,3,0,1,1024,5,5457723999
12959,65508570,65768805,131277375,3,0,1,2560,5,1170483119
12960,65509880,65791239,131301119,8,0,1,16384,13,10309212553
12961,65527171,65776534,131303705,0,0,1,4096,14,4522060239
12962,65529300,59768529,125297829,6,0,0,512,6,2601836659
12963,65536260,59946499,125482759,6,0,0,512,6,5966946914
12964,65540260,65788257,131328517,8,0,1,47616,13,1920970380
12965,65542920,59768528,125311448,0,0,0,1024,14,5658588819
12966,65550020,59919684,125469704,0,0,0,18944,14,7975620749
12967,65564420,60068200,125632620,0,0,0,32256,14,8730918260
12968,65567061,65801900,131368961,7,0,1,6144,13,6210379000
12969,65571521,65797463,131368984,0,0,1,2048,14,4355231133
12970,65584400,59902654,125487054,6,0,0,1024,6,9464502885
12971,65591390,59957079,125548469,0,0,0,37376,14,5127586458
12972,65597650,65771357,131369007,3,0,1,2560,5,4315152222
12973,65601410,65767620,131369030,9,0,1,2560,10,6386777587
12974,65602110,65766943,131369053,9,0,1,6656,10,5463033132
12975,65604520,65773612,131378132,8,0,1,24064,13,10411507822
12976,65608221,65771537,131379758,4,0,1,2560,5,6029324883
12977,65612000,59813488,125425488,6,0,0,2560,6,1765984836
12978,65612931,65796450,131409381,7,0,1,5632,13,9922458943
12979,65616110,65793294,131409404,9,0,1,7680,10,5479578307
12980,65618200,59709226,125327426,5,0,0,2560,0,5325221162
12981,65632570,65776857,131409427,3,0,1,12288,5,6935517753
12982,65633580,65775870,131409450,1,0,1,2048,8,878541977
12983,65636050,65773423,131409473,9,0,1,1024,10,10090518665
12984,65639381,65770115,131409496,7,0,1,10240,13,3232788713
12985,65643060,59827135,125470195,6,0,0,1536,6,1014908809
12986,65646061,65781264,131427325,7,0,1,512,13,3504619416
12987,65649630,59940534,125590164,5,0,0,512,0,2229717375
12988,65655291,65772700,131427991,7,0,1,1024,13,9476412769
12989,65657161,65773416,131430577,7,0,1,4096,13,5029764000
12990,65657520,65851218,131508738,8,0,1,51712,13,9705488921
12991,65666500,65845899,131512399,1,0,1,6656,8,2928304953
12992,65669640,59829178,125498818,5,0,0,1024,0,3993023601
12993,65670280,65843425,131513705,3,0,1,2048,5,4789715794
12994,65680820,65991224,131672044,8,0,1,97792,13,945744046
12995,65691110,65980957,131672067,2,0,1,12800,18,4277947729
12996,65700510,59879396,125579906,6,0,0,1536,6,7388572837
12997,65712610,65968825,131681435,3,0,1,8192,5,1851305547
12998,65715090,65970084,131685174,3,0,1,7680,5,9432849528
12999,65724230,65973240,131697470,3,0,1,10752,5,7958644714
13000,65725911,65971582,131697493,4,0,1,6144,5,3477347267
13001,65736490,59780346,125516836,5,0,0,1536,0,5915569906
13002,65739650,66087180,131826830,8,0,1,118272,13,4543869903
13003,65741320,66085533,131826853,8,0,1,45568,13,9370150909
13004,65741751,66095012,131836763,4,0,1,8192,5,9171034915
13005,65743670,66108263,131851933,1,0,1,5632,8,10539047361
13006,65744590,66124112,131868702,1,0,1,4096,8,6980688685
13007,65746920,66139862,131886782,1,0,1,8192,8,2117569939
13008,65751250,66135788,131887038,3,0,1,9216,5,4782675816
13009,65752270,66159575,131911845,3,0,1,30720,5,9149533726
13010,65753221,66246309,131999530,4,0,1,7168,5,182320772
13011,65753551,66246133,131999684,0,0,1,8704,14,3397050151
13012,65762340,66367265,132129605,8,0,1,52224,13,10119327151
13013,65763921,66427796,132191717,4,0,1,4096,5,6254624229
13014,65768380,66456764,132225144,3,0,1,4608,5,6219259442
13015,65769200,66509123,132278323,8,0,1,40960,13,8011670645
13016,65781010,66502548,132283558,8,0,1,10752,13,9160259880
13017,65786100,66508151,132294251,3,0,1,23040,5,5455135613
13018,65789560,66505037,132294597,2,0,1,512,18,5057407736
13019,65791240,66504343,132295583,2,0,1,1536,18,5187145582
13020,65794931,66501318,132296249,0,0,1,1024,14,10266875128
13021,65799000,66614135,132413135,8,0,1,97792,13,2652649228
13022,65799300,66621367,132420667,3,0,1,1024,5,5326856144
13023,65801181,66621752,132422933,0,0,1,3584,14,1465977389
13024,65805190,59963336,125768526,0,0,0,15360,14,9412747186
13025,65809431,66628321,132437752,0,0,1,5632,14,9788255234
13026,65812490,66625928,132438418,3,0,1,1024,5,7265752298
13027,65815720,59977390,125793110,6,0,0,10752,6,5723846978
13028,65818370,60060090,125878460,6,0,0,57856,6,210200878
13029,65826310,66618240,132444550,1,0,1,9728,8,6376487956
13030,65829750,66621969,132451719,3,0,1,9216,5,1042435799
13031,65835020,66624098,132459118,1,0,1,1024,8,251131062
13032,65837060,66638022,132475082,8,0,1,49664,13,3333852381
13033,65839970,66679319,132519289,1,0,1,4608,8,7159311246
13034,65841690,59948012,125789702,0,0,0,59904,14,564515597
13035,65843761,66686012,132529773,4,0,1,1536,5,10595779707
13036,65849201,66682198,132531399,4,0,1,2560,5,5672943813
13037,65856130,66690476,132546606,2,0,1,2048,18,5074665836
13038,65865441,66698223,132563664,4,0,1,2048,5,6732937507
13039,65865700,66897498,132763198,5,0,1,89600,0,6136034613
13040,65867550,66967063,132834613,8,0,1,16384,13,9554766499
13041,65870630,66964006,132834636,1,0,1,3072,8,6017138748
13042,65871731,66962928,132834659,0,0,1,512,14,10576729066
13043,65874740,66959942,132834682,3,0,1,10752,5,5516732172
13044,65876111,66958594,132834705,4,0,1,10752,5,10181364810
13045,65881350,66953378,132834728,8,0,1,3072,13,6781316615
13046,65885211,66949540,132834751,0,0,1,3072,14,8634777358
13047,65889930,66980346,132870276,8,0,1,36352,13,2765781791
13048,65894961,66975338,132870299,4,0,1,2560,5,7391705716
13049,65897510,66977226,132874736,8,0,1,9728,13,4533553486
13050,65929480,59952591,125882071,0,0,0,11776,14,2706717155
13051,65937520,60027417,125964937,0,0,0,3584,14,7512352383
13052,65951270,66936711,132887981,2,0,1,8192,18,7115578049
13053,65957300,67011425,132968725,3,0,1,12288,5,9040215399
13054,65961760,67006988,132968748,2,0,1,2048,18,4407135622
13055,65966211,67002560,132968771,4,0,1,4096,5,913276465
13056,65981220,66987574,132968794,8,0,1,4608,13,8412497404
13057,65983850,66984967,132968817,2,0,1,14848,18,7515372229
13058,65985380,60139413,126124793,0,0,0,23040,14,8529441314
13059,65987240,60125485,126112725,0,0,0,26624,14,5348127158
13060,65997040,66971800,132968840,8,0,1,8704,13,7184311785
13061,65997981,67028909,133026890,0,0,1,16384,14,10706876609
13062,66003001,67023912,133026913,4,0,1,9728,5,2289090836
13063,66004030,67022906,133026936,8,0,1,6144,13,366138297
13064,66012670,67144997,133157667,8,0,1,99328,13,2010378220
13065,66016140,67170624,133186764,2,0,1,1024,18,3295605495
13066,66037150,60339106,126376256,0,0,0,38400,14,4357731606
13067,66037160,60445083,126482243,6,0,0,22528,6,1320685092
13068,66040430,67163344,133203774,8,0,1,14336,13,7339296269
13069,66047290,60266414,126313704,0,0,0,1536,14,793967964
13070,66056720,67315902,133372622,8,0,1,93184,13,5262562244
13071,66059540,60212313,126271853,0,0,0,1024,14,385800421
13072,66079710,67292935,133372645,3,0,1,11776,5,10641086560
13073,66080150,67292518,133372668,8,0,1,8704,13,2309424396
13074,66092490,67284476,133376966,8,0,1,7680,13,10100412889
13075,66102661,67284721,133387382,4,0,1,2560,5,444613121
13076,66108610,67278926,133387536,2,0,1,8704,18,8428545441
13077,66112430,67290499,133402929,3,0,1,512,5,1140469824
13078,66133890,67433706,133567596,2,0,1,173568,18,2424126222
13079,66141880,60408074,126549954,6,0,0,64000,6,8299050667
13080,66155321,67421645,133576966,4,0,1,2560,5,9000388831
13081,66157420,67579419,133736839,8,0,1,145920,13,5556774417
13082,66162480,60435955,126598435,6,0,0,3072,6,2877867982
13083,66170200,67577004,133747204,2,0,1,40448,18,2160358919
13084,66181930,67565305,133747235,3,0,1,512,5,10098499868
13085,66183620,67563638,133747258,1,0,1,4096,8,3876501853
13086,66185270,67562011,133747281,1,0,1,7168,8,10415320495
13087,66189311,67558001,133747312,4,0,1,4096,5,7786728182
13088,66193730,67649691,133843421,2,0,1,125440,18,8419805410
13089,66202960,67697983,133900943,8,0,1,57856,13,5234778481
13090,66208950,67692915,133901865,8,0,1,10240,13,5897637164
13091,66210719,60537249,126747968,9,0,0,1536,10,4103272501
13092,66215891,67691120,133907011,4,0,1,8192,5,5126076172
13093,66219890,67687787,133907677,1,0,1,1024,8,2138696422
13094,66222840,67692827,133915667,3,0,1,7680,5,3510413365
13095,66223500,67712240,133935740,2,0,1,58368,18,5591856085
13096,66232681,67711795,133944476,4,0,1,1024,5,10312605818
13097,66232851,67712291,133945142,7,0,1,1024,13,8840231539
13098,66233510,67712912,133946422,2,0,1,14336,18,7028737500
13099,66234930,67740334,133975264,8,0,1,32768,13,4038635277
13100,66236691,67740519,133977210,4,0,1,3072,5,2503162678
13101,66236781,67740775,133977556,4,0,1,512,5,3617533902
13102,66246820,67731428,133978248,1,0,1,1024,8,4892389693
13103,66251300,67727294,133978594,3,0,1,512,5,8174661573
13104,66252770,67726080,133978850,8,0,1,9216,13,5873648620
13105,66258120,67739955,133998075,3,0,1,6144,5,8984470828
13106,66263090,67735008,133998098,1,0,1,5120,8,3201275953
13107,66279760,67755085,134034845,2,0,1,47616,18,3489745404
13108,66280710,67787991,134068701,2,0,1,36864,18,1577046938
13109,66286790,67785137,134071927,8,0,1,5120,13,5152920768
13110,66291700,67790539,134082239,1,0,1,5632,8,449035669
13111,66297940,67784965,134082905,3,0,1,11264,5,8998792163
13112,66299560,60505830,126805390,0,0,0,37888,14,2846413145
13113,66301380,60290503,126591883,6,0,0,1536,6,2047817879
13114,66306580,67878111,134184691,8,0,1,67584,13,10127843827
13115,66311210,67874711,134185921,1,0,1,2560,8,790340069
13116,66317260,60521713,126838973,6,0,0,32768,6,4679153814
13117,66317620,67922600,134240220,1,0,1,4096,8,8883445561
13118,66333550,67906693,134240243,1,0,1,8704,8,10718158680
13119,66335291,67904983,134240274,4,0,1,4096,5,8617885896
13120,66346980,67893317,134240297,9,0,1,16896,10,5464127283
13121,66353690,67886630,134240320,1,0,1,512,8,2763234826
13122,66361180,67880278,134241458,1,0,1,5632,8,2834796688
13123,66369390,67872091,134241481,8,0,1,25600,13,8407545411
13124,66369450,67912860,134282310,1,0,1,2560,8,4765877704
13125,66372570,67911123,134283693,2,0,1,14848,18,5100234847
13126,66374730,67932425,134307155,1,0,1,8192,8,7738852585
13127,66379980,60413843,126793823,0,0,0,8192,14,10613033225
13128,66381740,67926081,134307821,5,0,1,1024,0,5454501464
13129,66389420,67919387,134308807,1,0,1,1536,8,10228148026
13130,66390960,67928016,134318976,8,0,1,13312,13,8618487045
13131,66398320,67958983,134357303,2,0,1,75776,18,2584694972
13132,66400100,68005480,134405580,5,0,1,68096,0,10710277070
13133,66413950,68013968,134427918,2,0,1,19456,18,500949023
13134,66415790,68052616,134468406,5,0,1,22016,0,5959968639
13135,66417180,68051249,134468429,1,0,1,1024,8,8522768166
13136,66450680,68076760,134527440,8,0,1,60928,13,7905718160
13137,66454910,60677310,127132220,6,0,0,61440,6,4840199009
13138,66462730,68081292,134544022,5,0,1,28160,0,5886805300
13139,66474980,68069073,134544053,5,0,1,33280,0,1546578809
13140,66486880,68359169,134846049,8,0,1,234496,13,4011813400
13141,66507410,68372065,134879475,5,0,1,32256,0,4415745305
13142,66527640,68360027,134887667,1,0,1,2560,8,4580202250
13143,66535280,68357266,134892546,1,0,1,3584,8,7278506878
13144,66548441,68346371,134894812,7,0,1,3584,13,9236144926
13145,66552830,60662226,127215056,6,0,0,23552,6,3901493627
13146,66554150,60788302,127342452,6,0,0,32768,6,5264576347
13147,66583060,68319207,134902267,9,0,1,5632,10,6980043288
13148,66608510,68294743,134903253,2,0,1,1536,18,9850775515
13149,66610790,68307841,134918631,1,0,1,6144,8,5586014726
13150,66610860,68346401,134957261,2,0,1,44544,18,7960466217
13151,66613790,68374675,134988465,2,0,1,21504,18,36091010
13152,66614120,60695132,127309252,6,0,0,1536,6,4945722256
13153,66618770,60546812,127165582,0,0,0,13824,14,2865315320
13154,66627520,60605811,127233331,0,0,0,59904,14,5278741740
13155,66627720,68360768,134988488,1,0,1,512,8,9679803817
13156,66628590,68491774,135120364,8,0,1,122880,13,7547504336
13157,66631140,68665275,135296415,2,0,1,229376,18,4442848415
13158,66637250,68791192,135428442,8,0,1,240640,13,4002445507
13159,66648500,68810636,135459136,6,0,1,6656,6,6020370427
13160,66650510,68833645,135484155,8,0,1,26112,13,1526549909
13161,66666810,68839710,135506520,8,0,1,45056,13,9352425696
13162,66671600,68837242,135508842,2,0,1,3072,18,8496083699
13163,66673710,60668921,127342631,6,0,0,512,6,4601047951
13164,66699400,60767493,127466893,0,0,0,52736,14,7787899359
13165,66717260,60811811,127529071,6,0,0,55296,6,6475852963
13166,66725110,68797512,135522622,2,0,1,28160,18,8414746484
13167,66728910,60703731,127432641,0,0,0,17408,14,1572062952
13168,66731020,68914649,135645669,8,0,1,141312,13,7090257412
13169,66734740,68962654,135697394,8,0,1,39936,13,9732209438
13170,66738200,60807826,127546026,0,0,0,50688,14,10415150853
13171,66753560,68948389,135701949,1,0,1,4608,8,6655936044
13172,66762770,69036262,135799032,8,0,1,147968,13,7270233136
13173,66763630,69035425,135799055,1,0,1,2048,8,2760295795
13174,66771120,69066179,135837299,2,0,1,27648,18,8511982919
13175,66792730,69046703,135839433,1,0,1,4608,8,5822381288
13176,66802090,69042528,135844618,1,0,1,16384,8,3905165631
13177,66802690,69056827,135859517,8,0,1,36864,13,2675417612
13178,66803120,69070742,135873862,1,0,1,3584,8,3297171533
13179,66807480,69076743,135884223,8,0,1,21504,13,1428760144
13180,66816560,69077988,135894548,1,0,1,13312,8,9946615538
13181,66816770,69093959,135910729,2,0,1,5632,18,2054904629
13182,66817840,60423025,127240865,0,0,0,24576,14,1323120555
13183,66821400,60745969,127567369,6,0,0,23040,6,126936917
13184,66828860,69097797,135926657,2,0,1,11776,18,10021075110
13185,66850080,69083350,135933430,2,0,1,32256,18,1910754326
13186,66851120,69083936,135935056,8,0,1,2560,13,2264072045
13187,66857670,69079972,135937642,1,0,1,4096,8,6278396520
13188,66859780,60799568,127659348,6,0,0,128512,6,1565335697
13189,66868540,69072328,135940868,1,0,1,5120,8,8362015420
13190,66870980,69072154,135943134,9,0,1,3584,10,7513770374
13191,66889500,69065126,135954626,1,0,1,8192,8,628745025
13192,66901110,69075350,135976460,2,0,1,66048,18,9982462865
13193,66903650,69127379,136031029,2,0,1,36864,18,3703791812
13194,66924470,60623786,127548256,0,0,0,6144,14,6378215635
13195,66926320,69117658,136043978,2,0,1,33280,18,4605228125
13196,66935380,60610981,127546361,5,0,0,1024,0,8560169995
13197,66940301,69107391,136047692,7,0,1,1536,13,587887312
13198,66940510,69109768,136050278,8,0,1,4096,13,10107428488
13199,66942880,69119249,136062129,8,0,1,29184,13,7551503765
13200,66945770,69116513,136062283,3,0,1,8704,5,2947867036
13201,66949650,69143470,136093120,2,0,1,52224,18,2341279841
13202,66951330,69160806,136112136,8,0,1,32256,13,7485474157
13203,66954030,69221649,136175679,8,0,1,36352,13,5237539870
13204,66959680,69236710,136196390,8,0,1,68608,13,6311086379
13205,66961230,69261842,136223072,2,0,1,32768,18,7480275444
13206,66961560,69265763,136227323,9,0,1,2048,10,5301095257
13207,66966640,69269855,136236495,1,0,1,11264,8,5472205708
13208,66967091,69284137,136251228,7,0,1,28160,13,2372047227
13209,66968680,60703207,127671887,5,0,0,2048,0,4182972376
13210,66968940,60768027,127736967,6,0,0,104448,6,5658014952
13211,66969110,69294833,136263943,9,0,1,4608,10,1724544260
13212,66976450,69291999,136268449,9,0,1,7168,10,3331789534
13213,66979280,69368352,136347632,8,0,1,82944,13,2936185260
13214,66984100,69364198,136348298,3,0,1,1024,5,7069140105
13215,66992870,69360280,136353150,1,0,1,7680,8,6809184463
13216,66993590,69360226,136353816,1,0,1,11264,8,8868746836
13217,66993681,69361518,136355199,7,0,1,14848,13,4677414394
13218,66994310,60676784,127671094,6,0,0,38400,6,3014116074
13219,67008830,69370069,136378899,1,0,1,3584,8,1354528601
13220,67014110,69364812,136378922,1,0,1,1024,8,881877185
13221,67016000,69362945,136378945,1,0,1,2048,8,6572629450
13222,67017450,69371681,136389131,1,0,1,2048,8,5713976645
13223,67021410,69367931,136389341,9,0,1,5632,10,2898716156
13224,67023390,69435787,136459177,2,0,1,72192,18,1062278688
13225,67028020,69431180,136459200,9,0,1,1536,10,1748685563
13226,67028740,60939393,127968133,0,0,0,37888,14,2208553888
13227,67041410,69439946,136481356,8,0,1,27648,13,3467428624
13228,67045450,69441500,136486950,2,0,1,18432,18,7400138476
13229,67049770,69453630,136503400,9,0,1,2048,10,5291560081
13230,67055760,69449586,136505346,9,0,1,3072,10,669650882
13231,67056501,69449831,136506332,7,0,1,1536,13,2414574666
13232,67056630,60842642,127899272,6,0,0,9216,6,9552178069
13233,67065550,60727883,127793433,5,0,0,1536,0,9810867429
13234,67074340,69434258,136508598,9,0,1,3584,10,6377471940
13235,67081970,61037189,128119159,0,0,0,13312,14,4046993390
13236,67083460,61206832,128290292,5,0,0,512,0,8800467576
13237,67087410,60868137,127955547,0,0,0,59392,14,1556654593
13238,67094120,69513231,136607351,2,0,1,119296,18,8775680978
13239,67099590,69510667,136610257,6,0,1,4608,6,2776942943
13240,67104731,69528999,136633730,0,0,1,2048,14,47136680
13241,67112860,69522576,136635436,2,0,1,12800,18,9106126702
13242,67115180,60725428,127840608,6,0,0,7680,6,7532852155
13243,67130060,61046192,128176252,0,0,0,23552,14,3907234437
13244,67133510,69505505,136639015,1,0,1,5120,8,8145683298
13245,67138040,60551369,127689409,5,0,0,512,0,10712503736
13246,67140080,60698165,127838245,6,0,0,17920,6,5994971293
13247,67149150,60787943,127937093,0,0,0,49152,14,809674036
13248,67152710,69496679,136649389,2,0,1,1024,18,10451588886
13249,67159100,60862085,128021185,0,0,0,50688,14,7617952384
13250,67160470,60671557,127832027,5,0,0,2048,0,10514264877
13251,67165150,69487465,136652615,9,0,1,5120,10,8263304534
13252,67165751,69489770,136655521,0,0,1,4608,14,4958183089
13253,67167430,61401099,128568529,0,0,0,57344,14,700590663
13254,67169490,69491177,136660667,1,0,1,8192,8,5341811180
13255,67170660,60737492,127908152,6,0,0,3072,6,3534169521
13256,67173820,60806052,127979872,5,0,0,512,0,746599956
13257,67175731,69501730,136677461,0,0,1,5632,14,5151299986
13258,67189960,69569748,136759708,2,0,1,38400,18,4922960571
13259,67191000,60788693,127979693,0,0,0,27648,14,9440333397
13260,67194291,69565440,136759731,0,0,1,1024,14,10608812894
13261,67194970,69564784,136759754,1,0,1,512,8,5436451619
13262,67196010,69563767,136759777,1,0,1,4608,8,9766973544
13263,67212680,69555875,136768555,1,0,1,13312,8,9477102957
13264,67216200,60774082,127990282,5,0,0,512,0,4844406941
13265,67222910,61204209,128427119,0,0,0,126976,14,3772443155
13266,67224320,61064044,128288364,0,0,0,7680,14,10076758681
13267,67227101,69545242,136772343,0,0,1,1024,14,9808994068
13268,67229651,69544958,136774609,0,0,1,3584,14,6466618975
13269,67231180,69620074,136851254,2,0,1,89600,18,7194293701
13270,67233311,69625082,136858393,0,0,1,2560,14,290397382
13271,67238520,60825786,128064306,5,0,0,512,0,6277559345
13272,67251110,60686318,127937428,5,0,0,1024,0,7304723752
13273,67255510,60793771,128049281,0,0,0,1024,14,9798986061
13274,67266380,61269149,128535529,0,0,0,119296,14,657016102
13275,67275431,69592511,136867942,0,0,1,11776,14,1213196450
13276,67275810,69627851,136903661,5,0,1,33280,0,10021536524
13277,67281540,60857908,128139448,6,0,0,3584,6,2530017707
13278,67281831,69622132,136903963,0,0,1,512,14,3957662175
13279,67288830,61319579,128608409,5,0,0,1536,0,6935869806
13280,67290270,69619252,136909522,9,0,1,2560,10,5467861384
13281,67290990,69620798,136911788,2,0,1,3584,18,10539592666
13282,67293210,69620524,136913734,3,0,1,3072,5,4727816275
13283,67293490,60785058,128078548,0,0,0,8192,14,8097219588
13284,67297630,61046686,128344316,5,0,0,512,0,7436033045
13285,67299590,61308305,128607895,0,0,0,102912,14,4641008517
13286,67308190,69606530,136914720,8,0,1,1536,13,8369510341
13287,67308601,69606375,136914976,0,0,1,9216,14,10131903877
13288,67312020,69617780,136929800,8,0,1,44032,13,2323892115
13289,67319061,69611405,136930466,0,0,1,1024,14,9934941517
13290,67320900,61178258,128499158,6,0,0,67072,6,9952081365
13291,67323330,61325663,128648993,6,0,0,55296,6,3669448273
13292,67324570,60783796,128108366,0,0,0,10752,14,8707141295
13293,67325291,69605841,136931132,0,0,1,1024,14,8725094243
13294,67346640,69584838,136931478,1,0,1,512,8,10673206531
13295,67354291,69585069,136939360,0,0,1,10752,14,4234690640
13296,67357521,61111732,128469253,3,0,0,9216,5,1623155199
13297,67359590,69606982,136966572,8,0,1,49664,13,1740085272
13298,67360320,61091703,128452023,5,0,0,1024,0,10704082455
13299,67364241,69604917,136969158,0,0,1,4096,14,3358193133
13300,67392550,60930232,128322782,5,0,0,1536,0,9087468291
13301,67401480,69580932,136982412,8,0,1,11776,13,4000704188
13302,67406980,69604521,137011501,8,0,1,3584,13,10506071097
13303,67430000,61146508,128576508,0,0,0,26112,14,6924633307
13304,67437660,69576575,137014235,9,0,1,19456,10,8951202647
13305,67442380,69744440,137186820,8,0,1,130048,13,5014720110
13306,67457830,60979920,128437750,0,0,0,34816,14,963746895
13307,67468830,60700006,128168836,5,0,0,1024,0,5570549082
13308,67475530,60976672,128452202,5,0,0,512,0,3394029257
13309,67479861,69706982,137186843,0,0,1,512,14,7016174783
13310,67480201,69707935,137188136,0,0,1,5632,14,2723937001
13311,67482400,60969280,128451680,5,0,0,2048,0,2120761287
13312,67486040,69715801,137201841,8,0,1,11776,13,4967628165
13313,67487091,69736019,137223110,0,0,1,5632,14,6590158903
13314,67489760,69910761,137400521,8,0,1,89600,13,8015442669
13315,67495260,61045775,128541035,6,0,0,17408,6,3711737749
13316,67497791,69920205,137417996,0,0,1,3584,14,7196146495
13317,67503320,69926706,137430026,3,0,1,2560,5,5720293965
13318,67507230,61219265,128726495,5,0,0,1024,0,120863153
13319,67511330,60939703,128451033,6,0,0,43520,6,38338355
13320,67529320,61095428,128624748,6,0,0,53248,6,7399544810
13321,67532450,69900162,137432612,9,0,1,4096,10,10586476936
13322,67551580,69979993,137531573,8,0,1,45056,13,3549492939
13323,67553410,61071517,128624927,5,0,0,512,0,7480149182
13324,67553520,61143738,128697258,6,0,0,14336,6,8110171747
13325,67553890,60981818,128535708,5,0,0,512,0,3766073528
13326,67558560,60893977,128452537,0,0,0,1024,14,5718456379
13327,67563310,69969889,137533199,3,0,1,2560,5,5312657290
13328,67565221,69977639,137542860,0,0,1,1536,14,7890037025
13329,67568630,69974253,137542883,3,0,1,5120,5,3403832695
13330,67577940,69964966,137542906,8,0,1,3584,13,7648390089
13331,67590670,69952259,137542929,3,0,1,1024,5,9559566667
13332,67591150,70048667,137639817,8,0,1,33792,13,5203786983
13333,67596300,70070182,137666482,3,0,1,3584,5,686512456
13334,67596901,70070247,137667148,0,0,1,1024,14,5892828594
13335,67602090,60758033,128360123,5,0,0,512,0,3672831470
13336,67603830,70066864,137670694,3,0,1,5632,5,3016558168
13337,67610171,70074001,137684172,0,0,1,4608,14,9752302000
13338,67624501,70063927,137688428,0,0,1,1024,14,2995392191
13339,67635230,70191180,137826410,8,0,1,86016,13,3932623542
13340,67644951,61167438,128812389,2,0,0,57344,18,10568803141
13341,67649880,61032663,128682543,6,0,0,33792,6,9064464579
13342,67655390,70268377,137923767,8,0,1,38400,13,8665074909
13343,67690351,70233439,137923790,0,0,1,15360,14,9380339164
13344,67692200,70285961,137978161,8,0,1,65024,13,553025089
13345,67697731,60845967,128543698,4,0,0,3072,5,7443014219
13346,67702910,70298645,138001555,8,0,1,17408,13,3517423963
13347,67703210,61034050,128737260,6,0,0,11776,6,7147208991
13348,67707630,70366240,138073870,8,0,1,46080,13,9280868921
13349,67715011,61181003,128896014,4,0,0,512,5,2660390812
13350,67718550,60906588,128625138,5,0,0,512,0,7199339483
13351,67722660,70437816,138160476,8,0,1,35840,13,7037961323
13352,67724530,70598473,138323003,8,0,1,160768,13,6051702055
13353,67729060,70594289,138323349,3,0,1,512,5,7953287691
13354,67731780,60965813,128697593,5,0,0,1024,0,2329169021
13355,67736830,70600567,138337397,3,0,1,7168,5,8679195805
13356,67738401,61212179,128950580,4,0,0,1536,5,7221589403
13357,67743350,70602769,138346119,8,0,1,36352,13,47435587
13358,67750921,61069382,128820303,4,0,0,1536,5,6509529970
13359,67757251,70606126,138363377,0,0,1,12288,14,181516112
13360,67764260,60942794,128707054,5,0,0,1024,0,8045447433
13361,67766590,61129229,128895819,5,0,0,88064,0,7916857341
13362,67767110,61148143,128915253,5,0,0,17920,0,1678357704
13363,67767190,70826207,138593397,8,0,1,133120,13,1865399680
13364,67770700,70824003,138594703,3,0,1,2048,5,352996220
13365,67780430,70953128,138733558,8,0,1,90112,13,9759480288
13366,67780880,61066835,128847715,5,0,0,10240,0,9372166313
13367,67781790,61350636,129132426,6,0,0,140288,6,6369139630
13368,67783421,70950160,138733581,0,0,1,12800,14,5759904437
13369,67794021,70939583,138733604,0,0,1,512,14,4353312439
13370,67796351,61254254,129050605,4,0,0,4096,5,833001086
13371,67802090,70931537,138733627,8,0,1,13312,13,7986147449
13372,67813511,70920139,138733650,0,0,1,3584,14,9079104238
13373,67823160,61123956,128947116,0,0,0,22528,14,8820481043
13374,67824310,61085460,128909770,5,0,0,44032,0,1264228046
13375,67831860,70973754,138805614,8,0,1,64512,13,1729611784
13376,67839790,70995605,138835395,8,0,1,57344,13,2590732146
13377,67858470,71004591,138863061,5,0,1,22016,0,2461502787
13378,67863270,61301030,129164300,5,0,0,34304,0,3027711574
13379,67863330,61290338,129153668,5,0,0,68608,0,3713650030
13380,67868550,70995996,138864546,8,0,1,15360,13,8182660150
13381,67871080,70996690,138867770,8,0,1,27136,13,9693870658
13382,67878310,70997952,138876262,5,0,1,6144,0,9888782034
13383,67881420,71032391,138913811,5,0,1,35840,0,5930182547
13384,67898210,61340910,129239120,0,0,0,60928,14,4477244338
13385,67898711,71017494,138916205,0,0,1,1024,14,291039701
13386,67901170,71134885,139036055,8,0,1,158720,13,1439737221
13387,67914520,71232566,139147086,8,0,1,162816,13,8820488754
13388,67919440,71339019,139258459,5,0,1,86528,0,1887541317
13389,67924301,61240178,129164479,4,0,0,512,5,7238154517
13390,67926650,71443909,139370559,5,0,1,146944,0,10283494464
13391,67929970,61236395,129166365,6,0,0,5632,6,6545721169
13392,67935741,71434841,139370582,0,0,1,2048,14,3708040569
13393,67937890,61303015,129240905,5,0,0,5632,0,736013723
13394,67940580,71476973,139417553,5,0,1,120832,0,153489292
13395,67946110,71490479,139436589,8,0,1,9216,13,3206684704
13396,67947361,71493866,139441227,0,0,1,5632,14,1175290655
13397,67955131,71488362,139443493,7,0,1,3584,13,7074040593
13398,67962540,71481299,139443839,6,0,1,512,6,542721790
13399,67966080,71480025,139446105,6,0,1,3584,6,7140783626
13400,67968051,71480789,139448840,0,0,1,3072,14,5251577628
13401,67973520,71480466,139453986,8,0,1,8192,13,2847108097
13402,67984280,71472292,139456572,6,0,1,4096,6,9689827493
13403,67987220,71469698,139456918,6,0,1,512,6,9025246401
13404,68010441,71451969,139462410,0,0,1,8704,14,4562413552
13405,68026300,61369249,129395549,0,0,0,6656,14,1121637762
13406,68027380,61170672,129198052,0,0,0,4096,14,7095973086
13407,68033040,71429716,139462756,6,0,1,512,6,628531588
13408,68047750,71429508,139477258,6,0,1,17920,6,3231253212
13409,68052851,61394760,129447611,4,0,0,512,5,9521324923
13410,68057790,71445646,139503436,5,0,1,14848,0,10613337107
13411,68067800,71477988,139545788,8,0,1,6656,13,4699986053
13412,68069191,61263138,129332329,4,0,0,1536,5,3477754987
13413,68100060,71458545,139558605,6,0,1,14848,6,10560552225
13414,68109600,71454392,139563992,6,0,1,2048,6,2831580871
13415,68122960,71444578,139567538,2,0,1,5632,18,9248056152
13416,68126010,71443474,139569484,6,0,1,3072,6,7508966702
13417,68146101,71423729,139569830,0,0,1,512,14,699797046
13418,68147991,61380233,129528224,3,0,0,71680,5,3825704864
13419,68148061,71422025,139570086,0,0,1,9216,14,1249268007
13420,68153250,71430508,139583758,2,0,1,40448,18,8019589013
13421,68154420,71469563,139623983,2,0,1,63488,18,8313392858
13422,68156040,71473847,139629887,6,0,1,2048,6,6082880039
13423,68159590,71538768,139698358,2,0,1,47104,18,9049013511
13424,68160191,71538628,139698819,0,0,1,10240,14,10404665509
13425,68170430,61456648,129627078,5,0,0,18432,0,3240401438
13426,68175050,71533236,139708286,6,0,1,1024,6,6183469871
13427,68176440,71536032,139712472,2,0,1,6656,18,6548130569
13428,68179711,71534298,139714009,0,0,1,13312,14,2205450375
13429,68181690,71538631,139720321,2,0,1,37888,18,7906941028
13430,68183090,71563326,139746416,6,0,1,14848,6,4937568876
13431,68188570,61250229,129438799,5,0,0,4608,0,6546057289
13432,68191780,61194003,129385783,5,0,0,14336,0,7583289934
13433,68195680,71554602,139750282,6,0,1,6144,6,3169954712
13434,68209581,71542647,139752228,0,0,1,3072,14,3004662946
13435,68222150,71536477,139758627,9,0,1,11776,10,9269888493
13436,68222450,71547637,139770087,2,0,1,72704,18,122510377
13437,68222850,71585769,139808619,2,0,1,46080,18,3489976697
13438,68231211,71577701,139808912,0,0,1,17408,14,5735784611
13439,68231511,61154771,129386282,4,0,0,1536,5,729055218
13440,68233771,61333607,129567378,4,0,0,512,5,883488484
13441,68237970,71653423,139891393,2,0,1,163328,18,8158498808
13442,68238710,61322515,129561225,0,0,0,74240,14,6289245832
13443,68251010,71645287,139896297,1,0,1,2048,8,8022634710
13444,68251620,71650578,139902198,6,0,1,19968,6,42729177
13445,68258040,61101739,129359779,0,0,0,4608,14,8674887000
13446,68260310,71672458,139932768,9,0,1,2560,10,4308696994
13447,68261820,71705975,139967795,9,0,1,6144,10,1329284572
13448,68266610,71701208,139967818,9,0,1,21504,10,7719642991
13449,68270040,61268526,129538566,0,0,0,33792,14,9975251399
13450,68273520,61437948,129711468,0,0,0,57344,14,4470617843
13451,68277280,71690561,139967841,9,0,1,7680,10,812190105
13452,68285940,71698615,139984555,2,0,1,31744,18,3066184520
13453,68287551,61424096,129711647,4,0,0,512,5,4842742560
13454,68294170,61510897,129805067,6,0,0,6656,6,19901733
13455,68296160,61551617,129847777,5,0,0,62464,0,4001402964
13456,68302390,61186279,129488669,0,0,0,3072,14,1030893433
13457,68318040,71668598,139986638,2,0,1,46080,18,7697328960
13458,68319980,71675267,139995247,2,0,1,9216,18,6346098838
13459,68326970,61469916,129796886,6,0,0,78336,6,9956301809
13460,68357220,71638181,139995401,9,0,1,8704,10,4967108923
13461,68361210,71672874,140034084,6,0,1,1024,6,2553458095
13462,68362260,71672170,140034430,9,0,1,512,10,5261402806
13463,68363720,61587507,129951227,0,0,0,80896,14,4638167836
13464,68364860,61248219,129613079,5,0,0,27136,0,8092080199
13465,68366270,71669786,140036056,9,0,1,2560,10,319820784
13466,68367040,61309110,129676150,5,0,0,63488,0,5575394767
13467,68370670,71665642,140036312,9,0,1,9216,10,1166870892
13468,68372040,61195852,129567892,0,0,0,1536,14,9458036589
13469,68381920,61386975,129768895,0,0,0,1536,14,166811984
13470,68384890,61500025,129884915,0,0,0,24576,14,1874233394
13471,68395700,61171499,129567199,0,0,0,19456,14,3016348500
13472,68396470,71653756,140050226,9,0,1,9216,10,4221144473
13473,68398700,71651885,140050585,9,0,1,9728,10,6072960642
13474,68408461,71651917,140060378,0,0,1,6656,14,3371921151
13475,68412841,71651403,140064244,0,0,1,6144,14,9015518667
13476,68418261,71648569,140066830,0,0,1,4096,14,7874673960
13477,68421111,71650903,140072014,0,0,1,1536,14,10081701190
13478,68423940,71774762,140198702,2,0,1,138752,18,10173184665
13479,68425540,71777348,140202888,2,0,1,6656,18,9502468339
13480,68435641,71770793,140206434,4,0,1,5632,5,4785080587
13481,68439190,61308919,129748109,5,0,0,22528,0,10616089578
13482,68440150,61362866,129803016,6,0,0,19968,6,7350809511
13483,68441181,71767519,140208700,0,0,1,3584,14,10158914679
13484,68445850,61207399,129653249,5,0,0,8192,0,5127250223
13485,68459371,61172206,129631577,4,0,0,1024,5,5625105758
13486,68460070,71750576,140210646,6,0,1,3072,6,9195886762
13487,68490960,61518629,130009589,0,0,0,50688,14,10381122883
13488,68499040,61377160,129876200,6,0,0,93184,6,4153581957
13489,68499430,71723601,140223031,2,0,1,1024,18,9775685462
13490,68504250,71722007,140226257,2,0,1,5120,18,7834534850
13491,68508671,71740325,140248996,0,0,1,9728,14,9170351101
13492,68512380,71737827,140250207,6,0,1,1536,6,10158118016
13493,68512500,61174654,129687154,6,0,0,9216,6,6145970566
13494,68517311,71733337,140250648,0,0,1,1024,14,9526481992
13495,68521460,71737240,140258700,2,0,1,12800,18,3162841169
13496,68529190,61233561,129762751,5,0,0,1536,0,10104530008
13497,68530710,61523993,130054703,5,0,0,66560,0,3680470354
13498,68532930,71730596,140263526,9,0,1,7680,10,8384815972
13499,68537041,71728111,140265152,4,0,1,2560,5,4790885328
13500,68540481,71727577,140268058,0,0,1,4608,14,6603501757
13501,68540690,71728034,140268724,9,0,1,1024,10,9212286498
13502,68541300,61431877,129973177,0,0,0,28160,14,6389137526
13503,68541670,71733186,140274856,6,0,1,9728,6,10640951601
13504,68543140,71737720,140280860,6,0,1,20480,6,732631698
13505,68555791,71728649,140284440,0,0,1,5120,14,6840942837
13506,68561180,71723892,140285072,2,0,1,1536,18,4729061554
13507,68563111,71727859,140290970,0,0,1,9216,14,689625623
13508,68563951,71729519,140293470,0,0,1,4096,14,10573383807
13509,68568541,71726875,140295416,0,0,1,3072,14,7480911253
13510,68569300,61509088,130078388,0,0,0,73728,14,3321329774
13511,68572931,61595908,130168839,4,0,0,2048,5,1549624406
13512,68573520,71729308,140302828,8,0,1,11776,13,7949634484
13513,68576940,61523072,130100012,6,0,0,14336,6,5541244527
13514,68578270,71747071,140325341,9,0,1,12288,10,6936363179
13515,68583890,61437969,130021859,5,0,0,19968,0,1902927887
13516,68587230,71775622,140362852,8,0,1,50688,13,7888126582
13517,68589760,61492707,130082467,5,0,0,13312,0,6195400473
13518,68590520,71831127,140421647,8,0,1,48128,13,592639060
13519,68594310,71849461,140443771,9,0,1,5120,10,10236285347
13520,68595060,71867815,140462875,9,0,1,7168,10,6609531080
13521,68611761,61477541,130089302,4,0,0,1536,5,1854348627
13522,68611860,61586329,130198189,6,0,0,49152,6,6402647657
13523,68612180,61504691,130116871,0,0,0,10240,14,1085936566
13524,68613760,71885474,140499234,6,0,1,7168,6,4543251122
13525,68614000,71936673,140550673,8,0,1,28672,13,2963379816
13526,68614350,71936681,140551031,9,0,1,5632,10,3657280616
13527,68615610,71935444,140551054,8,0,1,4608,13,5572788345
13528,68617161,71933916,140551077,0,0,1,9728,14,6834664101
13529,68617670,71933430,140551100,6,0,1,8192,6,291834755
13530,68629250,71990596,140619846,9,0,1,2560,10,6542022802
13531,68631350,72009178,140640528,9,0,1,6144,10,9399743486
13532,68633001,72012814,140645815,0,0,1,16896,14,4432736534
13533,68635640,72012441,140648081,2,0,1,3584,18,7740743612
13534,68647671,61509583,130157254,4,0,0,512,5,8510679751
13535,68671911,71979396,140651307,0,0,1,5120,14,4017672095
13536,68672020,61615333,130287353,6,0,0,64000,6,2571318093
13537,68676031,71977222,140653253,0,0,1,3072,14,3373191309
13538,68687300,61528664,130215964,6,0,0,512,6,3662959814
13539,68695991,61709153,130405144,4,0,0,1024,5,3989853314
13540,68698700,61700539,130399239,5,0,0,40960,0,9857343598
13541,68708651,71948148,140656799,0,0,1,5632,14,7175013922
13542,68714241,61539313,130253554,4,0,0,512,5,3825944649
13543,68715541,61604567,130320108,4,0,0,512,5,5205396528
13544,68720661,71938084,140658745,0,0,1,3072,14,10625854367
13545,68727700,71934591,140662291,9,0,1,5632,10,7615679805
13546,68734930,71930267,140665197,6,0,1,4608,6,1679435395
13547,68770411,71896937,140667348,0,0,1,16384,14,1895121730
13548,68773840,71895774,140669614,9,0,1,3584,10,9899896773
13549,68780730,61810308,130591038,6,0,0,22528,6,8517481724
13550,68784431,71886809,140671240,0,0,1,2560,14,10181934412
13551,68786140,71885459,140671599,6,0,1,9728,6,6865305192
13552,68789610,71882143,140671753,6,0,1,8704,6,9328541350
13553,68789850,71882948,140672798,6,0,1,10240,6,3297442531
13554,68794770,71916383,140711153,6,0,1,2048,6,1968144544
13555,68808141,71903678,140711819,0,0,1,1024,14,5399401836
13556,68815941,61597195,130413136,4,0,0,2048,5,9953869190
13557,68817010,71897952,140714962,9,0,1,4608,10,8476689044
13558,68817810,61867065,130684875,6,0,0,76800,6,4193722964
13559,68821311,71894400,140715711,0,0,1,1536,14,3281297194
13560,68830770,71885287,140716057,9,0,1,512,10,2129079886
13561,68848590,71873573,140722163,6,0,1,20992,6,565167457
13562,68861700,61936324,130798024,5,0,0,13824,0,7661331610
13563,68879680,71930513,140810193,6,0,1,2048,6,5218224827
13564,68880640,71929576,140810216,6,0,1,3584,6,9822411453
13565,68904660,71905579,140810239,3,0,1,2560,5,9853105654
13566,68905570,71904692,140810262,9,0,1,6656,10,9847779316
13567,68909600,71900685,140810285,6,0,1,3072,6,1666108561
13568,68917761,71939237,140856998,4,0,1,2560,5,10070606888
13569,68919230,71937791,140857021,9,0,1,6144,10,2305754146
13570,68925150,71931894,140857044,6,0,1,2048,6,8655478825
13571,68928140,71928927,140857067,1,0,1,5632,8,6667286715
13572,68930661,61664800,130595461,4,0,0,1536,5,5070073921
13573,68936300,61791696,130727996,6,0,0,2048,6,8900742266
13574,68941640,71915490,140857130,6,0,1,9728,6,4631505655
13575,68943970,71913183,140857153,9,0,1,2560,10,902775121
13576,68950650,71906526,140857176,1,0,1,6144,8,5891019870
13577,68961691,71895508,140857199,0,0,1,3072,14,6654844647
13578,68970120,71887102,140857222,3,0,1,3072,5,5815152287
13579,68973651,71899529,140873180,4,0,1,2048,5,5926746015
13580,68978160,71895043,140873203,1,0,1,2048,8,10358962634
13581,68987541,61575858,130563399,4,0,0,1024,5,5287268788
13582,68989851,71883439,140873290,4,0,1,4608,5,1303341532
13583,68992931,61752689,130745620,4,0,0,512,5,8834889831
13584,69009321,71863992,140873313,4,0,1,10752,5,2003311684
13585,69010191,71863145,140873336,0,0,1,3072,14,3868117098
13586,69011390,71861969,140873359,3,0,1,7680,5,7779941226
13587,69014411,71913926,140928337,0,0,1,6144,14,7335940926
13588,69015571,61550483,130566054,4,0,0,1024,5,8614055971
13589,69020130,71908873,140929003,1,0,1,1024,8,8652738132
13590,69022630,71936157,140958787,3,0,1,9216,5,5812226333
13591,69024450,71982554,141007004,3,0,1,8704,5,7095677416
13592,69030780,61696211,130726991,5,0,0,58880,0,10080807804
13593,69031791,61570392,130602183,4,0,0,512,5,10515340509
13594,69036050,71995547,141031597,3,0,1,1024,5,8571685061
13595,69043751,71987869,141031620,4,0,1,1024,5,8242424570
13596,69052081,71979562,141031643,4,0,1,2560,5,2545914237
13597,69052091,72007683,141059774,4,0,1,9728,5,8897937093
13598,69056240,72008889,141065129,1,0,1,10752,8,6790821971
13599,69058900,72024326,141083226,1,0,1,3072,8,7800273028
13600,69060741,72026991,141087732,4,0,1,7168,5,1385868798
13601,69065240,72068295,141133535,3,0,1,1536,5,4058506953
13602,69066161,72067835,141133996,0,0,1,10240,14,752987415
13603,69070230,72100550,141170780,3,0,1,1024,5,2960076887
13604,69072471,72098332,141170803,0,0,1,2048,14,4802024230
13605,69075071,72095755,141170826,4,0,1,4096,5,10511041124
13606,69080481,72289146,141369627,4,0,1,3584,5,8536670254
13607,69086271,61896646,130982917,4,0,0,512,5,4820701448
13608,69086640,72283973,141370613,3,0,1,1536,5,7476628291
13609,69087211,62083884,131171095,4,0,0,1536,5,7741431848
13610,69093730,72277869,141371599,1,0,1,1536,8,8130972350
13611,69101851,72279171,141381022,4,0,1,8192,5,5550947789
13612,69105160,72378676,141483836,3,0,1,2560,5,7468541028
13613,69116701,72367158,141483859,4,0,1,3072,5,8019467417
13614,69127441,61599885,130727326,4,0,0,1024,5,364085583
13615,69149790,72350570,141500360,3,0,1,15360,5,6515323068
13616,69153840,72434974,141588814,1,0,1,11264,8,2348427064
13617,69153860,72435940,141589800,1,0,1,1536,8,9703805388
13618,69161730,72432576,141594306,3,0,1,7168,5,9629621481
13619,69171801,61711889,130883690,4,0,0,512,5,1585379516
13620,69171850,72489435,141661285,1,0,1,14848,8,3821411079
13621,69177391,72484048,141661439,4,0,1,8704,5,6156187582
13622,69194950,72528528,141723478,3,0,1,15360,5,2652103613
13623,69196210,61893765,131089975,5,0,0,123904,0,5831551144
13624,69199561,61580183,130779744,4,0,0,1536,5,3930330677
13625,69199981,72556296,141756277,0,0,1,512,14,8738704647
13626,69211281,72548862,141760143,4,0,1,6144,5,6908727869
13627,69212221,61917077,131129298,4,0,0,512,5,7691784543
13628,69216280,61962313,131178593,6,0,0,19456,6,1200342758
13629,69216491,61796331,131012822,4,0,0,2048,5,5419224053
13630,69217180,72632806,141849986,1,0,1,4608,8,1192101049
13631,69225940,61701398,130927338,6,0,0,47616,6,8991167931
13632,69228720,72621289,141850009,1,0,1,8704,8,6115545848
13633,69229600,61794166,131023766,6,0,0,2560,6,6897510349
13634,69231440,72618592,141850032,1,0,1,1024,8,2342465546
13635,69234140,72654938,141889078,1,0,1,19968,8,6289023387
13636,69239130,72649979,141889109,3,0,1,9216,5,6551323432
13637,69243781,72645351,141889132,0,0,1,2048,14,2818386745
13638,69246730,73050367,142297097,5,0,1,118272,0,3721563206
13639,69250220,61878830,131129050,5,0,0,20480,0,5612735977
13640,69255751,73118787,142374538,4,0,1,10752,5,8131278746
13641,69272181,61865452,131137633,4,0,0,512,5,1024033277
13642,69277881,73098589,142376470,0,0,1,4096,14,7755075026
13643,69279350,61950959,131230309,5,0,0,43520,0,9937292587
13644,69281210,73162791,142444001,1,0,1,13312,8,2946309201
13645,69289591,73154433,142444024,4,0,1,7168,5,3771047447
13646,69293061,61722401,131015462,4,0,0,512,5,6278685397
13647,69296241,73147806,142444047,0,0,1,4608,14,7793890347
13648,69300511,73183608,142484119,0,0,1,26624,14,1264862631
13649,69301660,73210741,142512401,1,0,1,3072,8,10103841708
13650,69323300,61934264,131257564,5,0,0,18944,0,3627153269
13651,69327541,73202372,142529913,4,0,1,6656,5,10268325461
13652,69328311,73203894,142532205,0,0,1,3584,14,4224927900
13653,69328580,62080778,131409358,5,0,0,68608,0,6646124964
13654,69334070,61930315,131264385,1,0,0,3072,8,6832148744
13655,69342850,73300670,142643520,1,0,1,20992,8,5078754172
13656,69357481,62151234,131508715,4,0,0,2560,5,6196886508
13657,69362230,62003721,131365951,5,0,0,58368,0,9147522428
13658,69366721,73281057,142647778,4,0,1,7680,5,5016287019
13659,69368460,62043526,131411986,5,0,0,6656,0,2238252742
13660,69377041,61853447,131230488,3,0,0,512,5,3391136687
13661,69381520,73266281,142647801,1,0,1,15872,8,46032582
13662,69387640,73260184,142647824,3,0,1,8192,5,2085435883
13663,69398591,62273430,131672021,4,0,0,2048,5,1418866143
13664,69407010,73368410,142775420,3,0,1,5120,5,8799141919
13665,69413570,61955368,131368938,6,0,0,9728,6,7665131643
13666,69417031,61875051,131292082,3,0,0,2048,5,3258180885
13667,69421970,73353473,142775443,3,0,1,1536,5,7265485786
13668,69423270,62132110,131555380,6,0,0,82944,6,9458858340
13669,69423390,73352076,142775466,3,0,1,12800,5,9839195801
13670,69433630,73486924,142920554,3,0,1,512,5,9570204751
13671,69434960,62262487,131697447,6,0,0,38400,6,7986332327
13672,69435930,62235444,131671374,6,0,0,82944,6,10553304339
13673,69440450,62240962,131681412,6,0,0,19968,6,726899004
13674,69444090,73476487,142920577,1,0,1,6144,8,2726737012
13675,69448921,73471679,142920600,4,0,1,5120,5,8504390289
13676,69454601,73513301,142967902,0,0,1,3584,14,1932647332
13677,69456870,73524553,142981423,3,0,1,512,5,3143703324
13678,69457691,73525038,142982729,4,0,1,2048,5,2238480769
13679,69464151,73570066,143034217,4,0,1,9216,5,5464187707
13680,69477921,73556319,143034240,0,0,1,9728,14,6783318141
13681,69486701,73579836,143066537,0,0,1,3072,14,9168312440
13682,69487141,73581982,143069123,0,0,1,4096,14,1034343140
13683,69490840,73595500,143086340,3,0,1,3072,5,10235240058
13684,69491460,62224998,131716458,6,0,0,17920,6,8284137522
13685,69495360,62083624,131578984,5,0,0,3072,0,9175700191
13686,69498031,62328776,131826807,3,0,0,83456,5,3777737454
13687,69498121,73588578,143086699,0,0,1,9728,14,4248772243
13688,69498560,73622923,143121483,3,0,1,14848,5,4370691376
13689,69502201,62332424,131834625,4,0,0,512,5,6813537096
13690,69520021,73629947,143149968,7,0,1,6656,13,4035407723
13691,69522160,73627831,143149991,3,0,1,10752,5,10366206907
13692,69524050,73625964,143150014,6,0,1,1536,6,4527457876
13693,69530120,73636476,143166596,1,0,1,1536,8,6805659411
13694,69537000,73629619,143166619,1,0,1,10240,8,8650031580
13695,69538520,62241643,131780163,5,0,0,54784,0,5782207291
13696,69541480,73625162,143166642,3,0,1,7680,5,5974620387
13697,69547230,73619443,143166673,1,0,1,5120,8,9899559984
13698,69556670,73610026,143166696,3,0,1,512,5,400009854
13699,69557390,73609329,143166719,1,0,1,2560,8,1048038135
13700,69568271,62153663,131721934,4,0,0,512,5,10640198895
13701,69576800,73589942,143166742,1,0,1,1024,8,1879256123
13702,69577370,62452378,132029748,5,0,0,67584,0,2212414926
13703,69587320,73602556,143189876,3,0,1,11776,5,5858604169
13704,69589270,62336379,131925649,5,0,0,3584,0,4663218744
13705,69589721,62312071,131901792,3,0,0,2048,5,1993913925
13706,69590650,73599249,143189899,3,0,1,3584,5,10367815321
13707,69596820,73706137,143302957,3,0,1,7168,5,3090510145
13708,69607441,62317093,131924534,3,0,0,13824,5,6102649063
13709,69611830,62256602,131868432,5,0,0,9216,0,1061033773
13710,69632210,73725393,143357603,3,0,1,1024,5,40376124
13711,69632850,62770169,132403019,5,0,0,212992,0,8704207383
13712,69648631,62629474,132278105,3,0,0,2048,5,8825928437
13713,69648670,62853405,132502075,5,0,0,80896,0,1619808946
13714,69653730,73704219,143357949,3,0,1,512,5,5306078816
13715,69659500,73702104,143361604,3,0,1,4096,5,5775692133
13716,69666661,62411101,132077762,4,0,0,512,5,3232196935
13717,69674080,62455502,132129582,5,0,0,26112,0,3377578514
13718,69674121,62603329,132277450,3,0,0,9728,5,2619583285
13719,69676460,62329506,132005966,6,0,0,18944,6,8472547307
13720,69679691,62487193,132166884,3,0,0,35840,5,10387898472
13721,69706020,62519101,132225121,5,0,0,105472,0,9113272601
13722,69706590,73655251,143361841,3,0,1,2048,5,8989678026
13723,69715391,62559072,132274463,3,0,0,161792,5,3713219785
13724,69718731,73644736,143363467,7,0,1,2560,13,5096843152
13725,69721470,62420221,132141691,6,0,0,6144,6,9022783697
13726,69726740,73637803,143364543,3,0,1,13312,5,8925852544
13727,69748190,62930011,132678201,5,0,0,151552,0,2556497937
13728,69760510,62964256,132724766,5,0,0,27648,0,3636587103
13729,69765281,62558856,132324137,4,0,0,512,5,8168173955
13730,69766380,62752886,132519266,6,0,0,56320,6,320889692
13731,69783480,73592577,143376057,3,0,1,4096,5,6421919914
13732,69790870,73585210,143376080,3,0,1,2560,5,5038329994
13733,69794671,62514190,132308861,4,0,0,512,5,10645662402
13734,69797250,73605932,143403182,3,0,1,9216,5,3155620725
13735,69825991,62452293,132278284,4,0,0,512,5,848646542
13736,69828661,62469631,132298292,4,0,0,512,5,1014520119
13737,69859081,62918460,132777541,3,0,0,33792,5,3726512779
13738,69862300,73545068,143407368,3,0,1,6656,5,191237573
13739,69866170,73580821,143446991,3,0,1,10752,5,3288833377
13740,69871221,73575793,143447014,4,0,1,3584,5,8529138988
13741,69876610,73710540,143587150,5,0,1,87040,0,10364228559
13742,69903520,62539155,132442675,5,0,0,10752,0,2122564985
13743,69906240,74110642,144016882,5,0,1,76800,0,1611258733
13744,69906990,62809329,132716319,0,0,0,95232,14,8317201987
13745,69914100,74108171,144022271,5,0,1,17408,0,3723862955
13746,69920181,74123098,144043279,0,0,1,11776,14,930022458
13747,69927410,74486788,144414198,8,0,1,143872,13,4203790889
13748,69940521,62638057,132578578,3,0,0,6144,5,8237332008
13749,69949770,74507539,144457309,5,0,1,10752,0,4243330134
13750,69966531,62665471,132632002,3,0,0,32256,5,1441568329
13751,69995320,74613182,144608502,5,0,1,139776,0,8619570150
13752,69996480,74678407,144674887,5,0,1,40960,0,9764639624
13753,70005031,62553555,132558586,4,0,0,1024,5,10500164145
13754,70040040,62917095,132957135,5,0,0,134656,0,3227562449
13755,70045470,62684490,132729960,6,0,0,16384,6,2279761937
13756,70048400,62688299,132736699,6,0,0,22016,6,2640000904
13757,70074061,62760529,132834590,3,0,0,63488,5,4278407929
13758,70079511,62607769,132687280,3,0,0,29696,5,1479274424
13759,70083591,62641354,132724945,4,0,0,512,5,7994773738
13760,70084650,74642027,144726677,8,0,1,61952,13,973663864
13761,70092050,74655467,144747517,5,0,1,29696,0,6287411838
13762,70094290,74656409,144750699,8,0,1,2048,13,1937961334
13763,70121790,62790076,132911866,5,0,0,51200,0,6231124794
13764,70135460,62655395,132790855,5,0,0,15360,0,9347150728
13765,70140030,74689589,144829619,8,0,1,86016,13,254465050
13766,70150320,74679322,144829642,2,0,1,9728,18,4558587178
13767,70162200,62707874,132870074,5,0,0,64000,0,1303054842
13768,70164780,74779069,144943849,8,0,1,154624,13,10199169539
13769,70178850,62607294,132786144,6,0,0,28160,6,7922299207
13770,70181120,74768464,144949584,8,0,1,4096,13,6379333925
13771,70184280,62784422,132968702,5,0,0,37888,0,4974456788
13772,70185351,62802196,132987547,4,0,0,512,5,46281735
13773,70190310,74761220,144951530,2,0,1,3072,18,10644895715
13774,70192871,62848284,133041155,3,0,0,46592,5,5992821818
13775,70203561,62592191,132795752,4,0,0,512,5,5490666138
13776,70219611,62571579,132791190,4,0,0,1024,5,8259793869
13777,70228570,62889340,133117910,5,0,0,37888,0,9939072961
13778,70229420,74728882,144958302,8,0,1,10752,13,7985347341
13779,70230001,62640252,132870253,4,0,0,512,5,2428361840
13780,70231090,74759727,144990817,8,0,1,46080,13,9286766672
13781,70238390,74759387,144997777,3,0,1,1024,5,2256975704
13782,70241830,74757535,144999365,3,0,1,15872,5,10569331351
13783,70242370,74849655,145092025,8,0,1,31232,13,8879084480
13784,70256780,74841454,145098234,8,0,1,21504,13,3867486988
13785,70264680,63071552,133336232,5,0,0,42496,0,3914637532
13786,70273991,62699859,132973850,4,0,0,4096,5,5452634723
13787,70274040,74936703,145210743,8,0,1,33280,13,8799422884
13788,70274880,62751987,133026867,6,0,0,80384,6,4452890569
13789,70275930,74934836,145210766,3,0,1,9216,5,4866574435
13790,70288481,62680850,132969331,4,0,0,1536,5,9548940635
13791,70290870,75036521,145327391,8,0,1,59904,13,3674389627
13792,70294721,62691290,132986011,4,0,0,512,5,4243965213
13793,70310090,75044499,145354589,3,0,1,1536,5,7493415433
13794,70339310,75015310,145354620,3,0,1,22528,5,6483603561
13795,70345770,75027425,145373195,5,0,1,51712,0,6162468947
13796,70346721,62638378,132985099,4,0,0,2560,5,4975609870
13797,70353060,75071525,145424585,8,0,1,10752,13,8409867659
13798,70354320,63018279,133372599,6,0,0,48640,6,4577816856
13799,70363780,75129978,145493758,8,0,1,72192,13,4626612582
13800,70365500,75148620,145514120,3,0,1,6144,5,9938086832
13801,70367300,75169277,145536577,8,0,1,6144,13,3600023374
13802,70383120,62906587,133289707,5,0,0,37888,0,2680242171
13803,70383610,63112710,133496320,6,0,0,162816,6,9693979715
13804,70388751,62729494,133118245,3,0,0,1024,5,2034998926
13805,70389620,62789010,133178630,6,0,0,32256,6,10315884486
13806,70396750,62709496,133106246,5,0,0,5632,0,1859636394
13807,70406219,62787969,133194188,9,0,0,1536,10,2220311786
13808,70421871,63136274,133558145,3,0,0,512,5,3693876943
13809,70428041,62914462,133342503,3,0,0,2048,5,10378772962
13810,70440251,62837889,133278140,4,0,0,1536,5,7380704593
13811,70445680,75105669,145551349,8,0,1,7680,13,3698715016
13812,70446550,63173272,133619822,6,0,0,39424,6,7768127457
13813,70461440,75089932,145551372,3,0,1,1536,5,6378367698
13814,70472470,75079625,145552095,8,0,1,4608,13,9704753015
13815,70473260,75082381,145555641,3,0,1,5632,5,812562531
13816,70475870,63174411,133650281,6,0,0,99840,6,1896437436
13817,70480251,62709740,133189991,3,0,0,512,5,9521471578
13818,70480290,62797359,133277649,7,0,0,39936,13,9345280490
13819,70482181,62706194,133188375,4,0,0,512,5,1239671408
13820,70488990,75069557,145558547,3,0,1,4608,5,5719696303
13821,70504340,62911990,133416330,5,0,0,15360,0,6560741361
13822,70506770,75095503,145602273,3,0,1,16896,5,3301010029
13823,70509590,75092706,145602296,3,0,1,2048,5,8292009955
13824,70525960,75076359,145602319,9,0,1,4096,10,5669498380
13825,70530450,75071892,145602342,3,0,1,1024,5,4233958167
13826,70534700,75069327,145604027,8,0,1,4608,13,1492521699
13827,70534990,75070343,145605333,6,0,1,2048,6,8053832737
13828,70547640,75058999,145606639,3,0,1,2048,5,346490292
13829,70552450,75056775,145609225,8,0,1,4096,13,7986379250
13830,70553641,62742039,133295680,3,0,0,1024,5,2005969544
13831,70557470,63163255,133720725,6,0,0,116224,6,10310484322
13832,70560631,75049580,145610211,7,0,1,1536,13,932793815
13833,70576720,62979484,133556204,7,0,0,65024,13,4557790574
13834,70582200,62975275,133557475,7,0,0,4096,13,1464740062
13835,70582280,75030197,145612477,3,0,1,3584,5,9699473473
13836,70595110,75021678,145616788,9,0,1,3584,10,3008505624
13837,70599570,63070212,133669782,5,0,0,12800,0,8597781196
13838,70600770,75019244,145620014,3,0,1,5120,5,2182186848
13839,70609750,75012530,145622280,9,0,1,3584,10,7829354868
13840,70612251,62955303,133567554,4,0,0,2048,5,561968792
13841,70613340,75009606,145622946,8,0,1,1024,13,353986015
13842,70615720,63131461,133747181,7,0,0,14336,13,4028630106
13843,70620890,75008188,145629078,2,0,1,9728,18,8538586957
13844,70621840,75136546,145758386,5,0,1,46592,0,6028401749
13845,70629971,62927995,133557966,4,0,0,1536,5,4586925072
13846,70639061,63097755,133736816,3,0,0,52736,5,7408604264
13847,70641610,63012001,133653611,5,0,0,10240,0,4745267473
13848,70642390,75153675,145796065,5,0,1,23552,0,4613527031
13849,70642811,63007657,133650468,4,0,0,512,5,162073781
13850,70647761,63095029,133742790,3,0,0,19456,5,8286177481
13851,70655410,75143388,145798798,3,0,1,512,5,9118453523
13852,70669600,75333990,146003590,5,0,1,151552,0,3987756794
13853,70691450,75314406,146005856,9,0,1,3584,10,9499736901
13854,70695550,75310460,146006010,8,0,1,8704,13,6746330585
13855,70700040,75306316,146006356,6,0,1,512,6,6801736793
13856,70705880,75300822,146006702,6,0,1,512,6,7154909496
13857,70711471,63161504,133872975,3,0,0,80896,5,5798854774
13858,70713360,75326652,146040012,6,0,1,7168,6,4758146197
13859,70715290,75348343,146063633,8,0,1,6656,13,10372553009
13860,70722450,63117166,133839616,6,0,0,8704,6,4362632544
13861,70745240,75325915,146071155,5,0,1,45568,0,8733135450
13862,70746220,75328083,146074303,6,0,1,1024,6,3443189728
13863,70752250,75325919,146078169,8,0,1,6144,13,726448678
13864,70752351,63282829,134035180,4,0,0,1024,5,45505870
13865,70759790,75353379,146113169,5,0,1,18432,0,2635231428
13866,70761860,63236192,133998052,5,0,0,25600,0,7573621911
13867,70779250,63427197,134206447,7,0,0,33280,13,10000750045
13868,70787010,75329065,146116075,6,0,1,4608,6,3895420988
13869,70787670,63247152,134034822,7,0,0,19456,13,6111818039
13870,70794931,63123457,133918388,4,0,0,512,5,954826624
13871,70795970,75326621,146122591,5,0,1,23040,0,3263063506
13872,70801770,63438419,134240189,6,0,0,97280,6,5625736941
13873,70804931,63320772,134125703,3,0,0,1024,5,3183344794
13874,70806510,63346771,134153281,7,0,0,54272,13,9944971896
13875,70812801,63371867,134184668,3,0,0,14848,5,2585741171
13876,70824380,75332582,146156962,6,0,1,3072,6,9971637596
13877,70829340,63257708,134087048,7,0,0,4608,13,10549743054
13878,70831010,75335375,146166385,5,0,1,8704,0,3829280385
13879,70832161,63299166,134131327,4,0,0,512,5,5588423929
13880,70833210,63377316,134210526,7,0,0,13312,13,2225350683
13881,70841840,75379970,146221810,5,0,1,35328,0,2823802728
13882,70868130,75362054,146230184,6,0,1,12800,6,1501911679
13883,70870630,75385461,146256091,8,0,1,12800,13,8948683144
13884,70879050,63251199,134130249,5,0,0,4096,0,7833504887
13885,70881240,75394136,146275376,6,0,1,7168,6,2833820012
13886,70885241,63283414,134168655,4,0,0,1536,5,4585738807
13887,70885381,63356054,134241435,4,0,0,3584,5,6594337840
13888,70886640,75410934,146297574,6,0,1,6144,6,9236177994
13889,70890990,75406607,146297597,8,0,1,7168,13,4994070374
13890,70891450,63415303,134306753,7,0,0,11776,13,8682680873
13891,70892950,63454417,134347367,6,0,0,17920,6,5242058834
13892,70893401,75426789,146320190,0,0,1,2560,14,1461875530
13893,70894540,75425996,146320536,6,0,1,512,6,7116512045
13894,70897060,75424462,146321522,6,0,1,1536,6,8966311160
13895,70900351,75422247,146322598,0,0,1,13312,14,7470658544
13896,70900651,63460707,134361358,3,0,0,11264,5,1059404753
13897,70903541,63360397,134263938,3,0,0,6656,5,8428568530
13898,70911201,75461893,146373094,7,0,1,3072,13,5969312113
13899,70912220,75466020,146378240,5,0,1,8192,0,7177899614
13900,70913780,63710328,134624108,7,0,0,68096,13,8059936181
13901,70913841,63239783,134153624,4,0,0,1024,5,6783113172
13902,70919820,63624179,134543999,5,0,0,54272,0,7474022601
13903,70920300,75471703,146392003,6,0,1,3072,6,3622150265
13904,70921010,75819747,146740757,5,0,1,60928,0,5057648439
13905,70923010,75819053,146742063,5,0,1,2048,0,9981577398
13906,70923461,63544922,134468383,3,0,0,12800,5,2514300587
13907,70925080,63875650,134800730,7,0,0,35840,13,4242826143
13908,70926631,75816098,146742729,0,0,1,1024,14,923103959
13909,70931941,75812068,146744009,0,0,1,14336,14,2449450303
13910,70934150,75815773,146749923,5,0,1,19968,0,10102116779
13911,70936931,75836204,146773135,0,0,1,2048,14,3466146364
13912,70941771,75833630,146775401,0,0,1,3584,14,6075387960
13913,70952201,75838483,146790684,0,0,1,40448,14,9355056445
13914,70953750,75839840,146793590,6,0,1,4608,6,3697360146
13915,70956480,63774231,134730711,5,0,0,17408,0,8489098554
13916,70958360,75863055,146821415,2,0,1,7168,18,7364169829
13917,70959970,75864351,146824321,6,0,1,4608,6,443942351
13918,70980450,63546967,134527417,5,0,0,57856,0,1066562682
13919,70981640,63740586,134722226,5,0,0,27648,0,4588816099
13920,70983641,75842946,146826587,7,0,1,3584,13,8733002697
13921,70996780,75832713,146829493,6,0,1,4608,6,9695341739
13922,70998961,63732085,134731046,4,0,0,1024,5,1860318760
13923,71001471,63778263,134779734,3,0,0,12288,5,4833079011
13924,71003190,63485628,134488818,6,0,0,1536,6,3192034199
13925,71004670,63709109,134713779,6,0,0,94208,6,10653585338
13926,71020931,75830069,146851000,7,0,1,4608,13,2622864710
13927,71038820,63807206,134846026,7,0,0,33792,13,8369257186
13928,71055600,63863008,134918608,7,0,0,44032,13,2555103221
13929,71057001,75832600,146889601,7,0,1,5632,13,5482827301
13930,71058851,75830773,146889624,7,0,1,9216,13,6744821629
13931,71067961,63920481,134988442,3,0,0,83968,5,1965659248
13932,71072700,64047641,135120341,5,0,0,128000,0,4768122947
13933,71076281,75815105,146891386,7,0,1,4096,13,9940456501
13934,71089320,64286653,135375973,5,0,0,5120,0,3381311486
13935,71105770,63531581,134637351,5,0,0,9728,0,10716117757
13936,71106081,75785328,146891409,7,0,1,2560,13,10173236801
13937,71106721,75789882,146896603,7,0,1,3584,13,628028175
13938,71112720,76741431,147854151,5,0,1,225792,0,8463959800
13939,71119780,64041608,135161388,7,0,0,18432,13,10210476008
13940,71125601,63623919,134749520,4,0,0,1024,5,5320980550
13941,71127161,76728616,147855777,7,0,1,2560,13,9816875386
13942,71143900,76773785,147917685,5,0,1,48640,0,1737217377
13943,71144011,76801791,147945802,7,0,1,1024,13,4786034019
13944,71145131,63628635,134773766,3,0,0,6144,5,1292883567
13945,71157901,63869799,135027700,3,0,0,70656,5,3839896351
13946,71162581,76785487,147948068,7,0,1,3584,13,2518729048
13947,71162640,63883647,135046287,7,0,0,60928,13,7961870176
13948,71166490,64207900,135374390,5,0,0,114688,0,7801227545
13949,71179221,76772713,147951934,7,0,1,6144,13,5429976708
13950,71195041,63971362,135166403,3,0,0,16384,5,4164970546
13951,71196170,63884222,135080392,7,0,0,30720,13,8568833166
13952,71197820,63851298,135049118,7,0,0,9216,13,8175115500
13953,71202051,76750549,147952600,7,0,1,1024,13,5651210409
13954,71212270,76742596,147954866,5,0,1,3584,0,6642614920
13955,71217520,77112765,148330285,5,0,1,101376,0,6458546367
13956,71220991,63922804,135143795,3,0,0,24064,5,8136930781
13957,71229501,77100807,148330308,7,0,1,4608,13,6485399161
13958,71238070,77092261,148330331,6,0,1,4096,6,9218212529
13959,71238821,77091541,148330362,7,0,1,2560,13,1192300545
13960,71259981,77070412,148330393,7,0,1,5120,13,8453616223
13961,71275551,77054865,148330416,4,0,1,3072,5,2307230150
13962,71283061,77047378,148330439,7,0,1,512,13,10275071667
13963,71286311,77044151,148330462,4,0,1,9728,5,1126753279
13964,71288281,63832418,135120699,4,0,0,1024,5,9263200205
13965,71306171,77024314,148330485,4,0,1,3072,5,7777092796
13966,71309761,64073723,135383484,3,0,0,24576,5,1953059742
13967,71314611,63815205,135129816,4,0,0,512,5,1604744457
13968,71318340,63848718,135167058,5,0,0,2048,0,9973072681
13969,71318641,64068550,135387191,4,0,0,2048,5,8215122897
13970,71326091,77004417,148330508,7,0,1,5120,13,4150150800
13971,71327511,64131602,135459113,3,0,0,93184,5,6072724654
13972,71332380,64198595,135530975,6,0,0,512,6,5218993704
13973,71342701,76987830,148330531,7,0,1,5120,13,6796784172
13974,71348910,64243948,135592858,6,0,0,6144,6,2384219973
13975,71355621,64103694,135459315,4,0,0,512,5,2165802530
13976,71358331,76980358,148338689,4,0,1,2048,5,583285768
13977,71364271,64019564,135383835,4,0,0,1024,5,9051546214
13978,71366231,76972481,148338712,4,0,1,4096,5,531828233
13979,71371321,64388259,135759580,3,0,0,135680,5,7903947842
13980,71374781,64424220,135799001,3,0,0,22016,5,108873245
13981,71406450,64261855,135668305,6,0,0,70144,6,9816914002
13982,71410011,77007402,148417413,4,0,1,1536,5,4412484209
13983,71411441,77005995,148417436,4,0,1,12288,5,8936144953
13984,71412770,77004689,148417459,9,0,1,12288,10,3249322470
13985,71417791,64177903,135595694,3,0,0,4096,5,254582834
13986,71421021,64371249,135792270,3,0,0,92160,5,5652394584
13987,71423351,64245133,135668484,4,0,0,512,5,1326491507
13988,71424170,64530433,135954603,6,0,0,34816,6,2598303161
13989,71427760,76989722,148417482,2,0,1,9728,18,5248573509
13990,71430120,64429374,135859494,6,0,0,43520,6,7808640435
13991,71433541,76983964,148417505,7,0,1,512,13,2862351876
13992,71444190,64393086,135837276,5,0,0,8704,0,8931272048
13993,71444700,64441992,135886692,6,0,0,5632,6,4755026096
13994,71445381,76972147,148417528,4,0,1,1024,5,3033110507
13995,71446720,76970855,148417575,2,0,1,5632,18,8104559412
13996,71454360,76984564,148438924,6,0,1,4608,6,4239776248
13997,71456631,76986395,148443026,4,0,1,23552,5,8306777703
13998,71462651,76985615,148448266,7,0,1,4608,13,3687130036
13999,71473441,76974848,148448289,7,0,1,11264,13,5062645917
14000,71482970,76992153,148475123,5,0,1,65024,0,8585775189
14001,71484301,64475184,135959485,3,0,0,15872,5,10059163482
14002,71484961,64626451,136111412,4,0,0,1536,5,6018644528
14003,71491691,64604028,136095719,3,0,0,7168,5,5099252631
14004,71498930,76976216,148475146,5,0,1,1024,0,5220154823
14005,71500960,64496482,135997442,5,0,0,8192,0,5518909046
14006,71504501,64392558,135897059,4,0,0,512,5,8318732241
14007,71507700,77029865,148537565,5,0,1,41472,0,4062700137
14008,71508840,77071423,148580263,5,0,1,19456,0,3627353294
14009,71515230,64446150,135961380,6,0,0,6144,6,5169076440
14010,71525341,77073637,148598978,7,0,1,4096,13,10173228189
14011,71530621,64452379,135983000,3,0,0,2048,5,109473998
14012,71544020,64630989,136175009,5,0,0,93184,0,5678587913
14013,71545370,77054786,148600156,5,0,1,13824,0,10050041684
14014,71548160,64527366,136075526,5,0,0,5120,0,4734729317
14015,71558031,77043544,148601575,7,0,1,2048,13,8868507216
14016,71562100,77040141,148602241,5,0,1,1024,0,10385551958
14017,71565660,77037567,148603227,3,0,1,1536,5,3127148552
14018,71572300,77031913,148604213,2,0,1,1536,18,4275193537
14019,71573691,64502545,136076236,4,0,0,1024,5,4885721690
14020,71581081,64602502,136183583,3,0,0,14336,5,4582612150
14021,71582640,77262211,148844851,5,0,1,115712,0,8931243734
14022,71584311,77268477,148852788,7,0,1,4608,13,6834451375
14023,71593291,77296986,148890277,7,0,1,7168,13,3056358648
14024,71593471,77305312,148898783,7,0,1,6144,13,9728310552
14025,71611471,77287671,148899142,4,0,1,9728,5,1023662028
14026,71611640,77332928,148944568,5,0,1,39936,0,4664882677
14027,71611801,77333753,148945554,7,0,1,1536,13,3420947161
14028,71613721,77334099,148947820,7,0,1,3584,13,460809028
14029,71614831,64821397,136436228,3,0,0,60928,5,397546635
14030,71615259,64560397,136175656,9,0,0,2048,10,994972040
14031,71625019,64598540,136223559,9,0,0,512,10,5215370949
14032,71625740,77322746,148948486,5,0,1,11264,0,431827202
14033,71636589,64548014,136184603,9,0,0,512,10,6954449512
14034,71640611,77311696,148952307,7,0,1,512,13,3980237527
14035,71641111,64699916,136341027,3,0,0,52224,5,7840139501
14036,71641899,64890091,136531990,9,0,0,1536,10,2349101285
14037,71644440,64744668,136389108,6,0,0,33280,6,8598126523
14038,71646789,64609724,136256513,9,0,0,512,10,7085066683
14039,71655470,64723398,136378868,5,0,0,77312,0,435453285
14040,71658099,64608245,136266344,9,0,0,512,10,5106282539
14041,71661240,64792735,136453975,5,0,0,34816,0,5538284834
14042,71669981,77302867,148972848,7,0,1,10240,13,5558859505
14043,71672119,64678202,136350321,9,0,0,2048,10,2831099077
14044,71672160,77540660,149212820,5,0,1,230912,0,5226498638
14045,71677221,77552644,149229865,7,0,1,4608,13,4115990014
14046,71680480,65052026,136732506,5,0,0,20992,0,2501118572
14047,71689739,64586536,136276275,9,0,0,1024,10,1540200730
14048,71697130,77534041,149231171,3,0,1,2048,5,9464989703
14049,71709810,77525867,149235677,5,0,1,7168,0,9061217262
14050,71719280,77519731,149239011,5,0,1,13824,0,5237389590
14051,71732211,64726935,136459146,3,0,0,16896,5,2790267642
14052,71734991,64726982,136461973,4,0,0,512,5,2159293372
14053,71738561,77511750,149250311,7,0,1,5120,13,9221181293
14054,71750370,64638940,136389310,5,0,0,512,0,9808767949
14055,71750470,64842560,136593030,5,0,0,34304,0,1809112399
14056,71753801,65052775,136806576,3,0,0,20992,5,7434574938
14057,71754181,77497436,149251617,7,0,1,2048,13,534724294
14058,71763141,77490102,149253243,7,0,1,2560,13,1136530023
14059,71764100,64788810,136552910,6,0,0,19456,6,9068801625
14060,71767450,64871542,136638992,6,0,0,2048,6,7094894849
14061,71768810,77526788,149295598,3,0,1,3584,5,7173512497
14062,71778091,64753408,136531499,3,0,0,33280,5,2186752476
14063,71780681,64896757,136677438,3,0,0,36864,5,3004571749
14064,71787131,77509850,149296981,7,0,1,14848,13,5864369274
14065,71789380,65004333,136793713,6,0,0,26624,6,1434125469
14066,71789400,77510167,149299567,5,0,1,4096,0,2211681422
14067,71796640,77504553,149301193,3,0,1,2560,5,9972965488
14068,71806730,64826977,136633707,5,0,0,49152,0,97618340
14069,71828749,64867192,136695941,9,0,0,512,10,3559112270
14070,71829421,77472233,149301654,7,0,1,10240,13,5029533193
14071,71834041,64764025,136598066,3,0,0,4096,5,4706043706
14072,71836480,77466480,149302960,3,0,1,2048,5,705198997
14073,71837200,64871917,136709117,6,0,0,24064,6,1454142454
14074,71851441,64899910,136751351,4,0,0,1024,5,4534851551
14075,71854531,64885253,136739784,3,0,0,22016,5,7961856245
14076,71862970,64832649,136695619,5,0,0,13312,0,2218622111
14077,71864140,77522793,149386933,5,0,1,52224,0,4069001183
14078,71864791,77524088,149388879,7,0,1,3072,13,4126588800
14079,71869570,64890115,136759685,6,0,0,23040,6,10365738110
14080,71870511,77521594,149392105,7,0,1,5120,13,6874621478
14081,71878149,64980105,136858254,9,0,0,1024,10,2865271837
14082,71881311,64878840,136760151,4,0,0,1024,5,6239203346
14083,71892380,64949081,136841461,6,0,0,22016,6,2920275610
14084,71894040,77607225,149501265,5,0,1,71168,0,10032068161
14085,71901630,64800132,136701762,6,0,0,15872,6,5941218922
14086,71904720,77596576,149501296,3,0,1,7168,5,7501802445
14087,71904930,77829572,149734502,5,0,1,204288,0,9313816559
14088,71911180,64992458,136903638,6,0,0,11264,6,9506988959
14089,71915750,77911103,149826853,5,0,1,61440,0,3348408172
14090,71926011,65117438,137043449,3,0,0,61440,5,4270538584
14091,71928650,77917939,149846589,5,0,1,58880,0,6404351937
14092,71936060,77920849,149856909,5,0,1,5632,0,7390217176
14093,71942680,77970514,149913194,5,0,1,49664,0,1442861737
14094,71943810,64920900,136864710,6,0,0,2048,6,2057002248
14095,71946870,77966347,149913217,2,0,1,5120,18,8430587797
14096,71947990,78090960,150038950,5,0,1,159232,0,8181476013
14097,71956230,65055248,137011478,6,0,0,69632,6,7801606373
14098,71961350,78161982,150123332,5,0,1,120832,0,1615948802
14099,71963430,78162054,150125484,5,0,1,26624,0,3022299813
14100,71967451,78162766,150130217,7,0,1,1536,13,6691718786
14101,71968719,65002641,136971360,9,0,0,512,10,10380280753
14102,71982980,78189545,150172525,5,0,1,67584,0,9272457061
14103,71987181,65002626,136989807,4,0,0,1024,5,3966694923
14104,71990669,64992306,136982975,9,0,0,1024,10,7195143912
14105,72000770,78174981,150175751,2,0,1,5120,18,10606041412
14106,72009919,65060288,137070207,9,0,0,512,10,10171105788
14107,72010860,65008800,137019660,5,0,0,512,0,2450076080
14108,72012689,65012017,137024706,9,0,0,1536,10,8438634531
14109,72013030,78163387,150176417,2,0,1,1024,18,1590428473
14110,72019089,64925872,136944961,9,0,0,2560,10,2986362997
14111,72020209,64962180,136982389,9,0,0,24576,10,4472582722
14112,72020850,78158934,150179784,6,0,1,14848,6,6010151209
14113,72022730,78158360,150181090,8,0,1,2048,13,5367905135
14114,72024370,65022347,137046717,8,0,0,10240,13,9701510657
14115,72026650,78157346,150183996,5,0,1,4608,0,9612875134
14116,72033610,78155532,150189142,6,0,1,8192,6,8836586562
14117,72041740,78149668,150191408,2,0,1,3584,18,10521404610
14118,72054860,65004568,137059428,5,0,0,15872,0,8755433403
14119,72067001,65249532,137316533,4,0,0,512,5,10633419358
14120,72068920,78124754,150193674,3,0,1,3584,5,8260518957
14121,72070240,65087758,137157998,6,0,0,2048,6,5883623969
14122,72071700,65328798,137400498,6,0,0,20992,6,377733632
14123,72071920,78122100,150194020,5,0,1,512,0,2702499920
14124,72072260,78123105,150195365,8,0,1,11264,13,10048590920
14125,72076669,65077492,137154161,9,0,0,3072,10,1873946670
14126,72080030,78116001,150196031,3,0,1,11264,5,7589122573
14127,72083550,64940657,137024207,5,0,0,14848,0,1873525636
14128,72097420,78107472,150204892,6,0,1,12288,6,2642943673
14129,72100060,65316739,137416799,5,0,0,26112,0,3079179166
14130,72107109,65134666,137241775,9,0,0,17408,10,7463718983
14131,72110059,65160840,137270899,9,0,0,512,10,9499839011
14132,72110180,78106625,150216805,5,0,1,7680,0,8623769347
14133,72111010,78108842,150219852,3,0,1,14336,5,6281924277
14134,72114040,78108078,150222118,3,0,1,3584,5,1795340087
14135,72115590,65483412,137599002,6,0,0,73728,6,8807976718
14136,72119079,65082739,137201818,9,0,0,35328,10,9731408740
14137,72128400,78102602,150231002,8,0,1,2048,13,2981062750
14138,72131950,65021252,137153202,5,0,0,90624,0,9310938956
14139,72133010,78101858,150234868,8,0,1,6144,13,6920802635
14140,72135680,78109473,150245153,8,0,1,6144,13,2346229167
14141,72146030,65248049,137394079,5,0,0,20992,0,2796455488
14142,72146990,78098677,150245667,5,0,1,3584,0,6390814462
14143,72159490,78086200,150245690,5,0,1,4096,0,7801632130
14144,72161510,65247310,137408820,5,0,0,19456,0,4503235985
14145,72162200,65014278,137176478,6,0,0,12288,6,3428401717
14146,72162249,65108471,137270720,9,0,0,23040,10,690546688
14147,72167320,78079172,150246492,6,0,1,4608,6,3507522097
14148,72179230,78067826,150247056,3,0,1,10752,5,1599127978
14149,72191651,78056391,150248042,4,0,1,1536,5,111235590
14150,72198329,65329946,137528275,9,0,0,44544,10,5312778941
14151,72202700,64984097,137186797,6,0,0,33792,6,8688076200
14152,72215910,78033758,150249668,5,0,1,2560,0,7450514954
14153,72217770,65705974,137923744,6,0,0,104448,6,2209141959
14154,72226580,78023754,150250334,5,0,1,1024,0,671541684
14155,72254140,65374883,137629023,5,0,0,25088,0,7851241059
14156,72254750,65321765,137576515,5,0,0,66048,0,10347565299
14157,72258189,65360804,137618993,9,0,0,65536,10,7315413237
14158,72270129,65050949,137321078,9,0,0,10752,10,1846235945
14159,72282451,65047641,137330092,4,0,0,512,5,5203115689
14160,72294880,65018487,137313367,5,0,0,22016,0,2273310950
14161,72297700,65195040,137492740,8,0,0,33792,13,9185547226
14162,72303420,65499521,137802941,6,0,0,110592,6,3215347559
14163,72305170,65011184,137316354,6,0,0,9728,6,10009519676
14164,72307309,65314047,137621356,9,0,0,7680,10,7452855985
14165,72308680,65345522,137654202,8,0,0,14848,13,8055148394
14166,72310210,65072256,137382466,8,0,0,10752,13,8658974153
14167,72312620,65323914,137636534,5,0,0,24576,0,4725198430
14168,72335400,65302257,137637657,6,0,0,3584,6,2714573445
14169,72337520,77913480,150251000,1,0,1,1024,8,7958517139
14170,72338399,65643529,137981928,9,0,0,12288,10,2660352351
14171,72339989,65202848,137542837,9,0,0,29184,10,9638532429
14172,72348130,65391556,137739686,5,0,0,15872,0,901187504
14173,72352500,77899806,150252306,5,0,1,2048,0,3969637584
14174,72363610,65350398,137714008,5,0,0,11776,0,10183236663
14175,72364111,65273725,137637836,4,0,0,512,5,6941392874
14176,72366840,65634692,138001532,6,0,0,40960,6,5846279590
14177,72366910,77887022,150253932,6,0,1,2560,6,4399809661
14178,72369320,65314829,137684149,8,0,0,37888,13,123426445
14179,72378030,77880408,150258438,5,0,1,7168,0,2554666321
14180,72380180,77882764,150262944,6,0,1,7168,6,10094811048
14181,72396030,65443039,137839069,8,0,0,41472,13,6988552360
14182,72401470,77867855,150269325,6,0,1,1536,6,5392948709
14183,72409599,65359623,137769222,9,0,0,27136,10,9559798918
14184,72416170,65560065,137976235,6,0,0,69120,6,3113512449
14185,72431140,77839171,150270311,6,0,1,1536,6,10385847716
14186,72438240,77833697,150271937,5,0,1,2560,0,7657157599
14187,72441189,65632658,138073847,9,0,0,80384,10,8248705106
14188,72442411,65264909,137707320,4,0,0,1536,5,9881520509
14189,72442440,65382676,137825116,8,0,0,72704,13,1632409800
14190,72446890,77834265,150281155,6,0,1,16384,6,236445574
14191,72456350,77829631,150285981,5,0,1,7680,0,7131189125
14192,72457940,77828707,150286647,5,0,1,1024,0,307028110
14193,72465189,65361198,137826387,9,0,0,4096,10,3537101568
14194,72474379,65685404,138159783,9,0,0,76800,10,10050265451
14195,72478240,77808753,150286993,6,0,1,512,6,9396591533
14196,72483570,77811272,150294842,5,0,1,4608,0,7279477066
14197,72489920,65488218,137978138,5,0,0,6144,0,8540453557
14198,72492849,65685693,138178542,9,0,0,27648,10,7497268964
14199,72495191,66189290,138684481,4,0,0,512,5,2626272049
14200,72499070,65774614,138273684,6,0,0,58368,6,8442988403
14201,72500720,77794468,150295188,6,0,1,512,6,8537912
14202,72507260,65531936,138039196,6,0,0,43008,6,4327369456
14203,72513220,65441932,137955152,5,0,0,6144,0,7920541955
14204,72521070,77778624,150299694,6,0,1,7168,6,7511014518
14205,72523590,77779650,150303240,6,0,1,5632,6,7339180099
14206,72525350,65690607,138215957,6,0,0,9728,6,9624662294
14207,72525630,77779556,150305186,6,0,1,3072,6,5035525230
14208,72527041,65633412,138160453,4,0,0,512,5,491724069
14209,72527460,77778085,150305545,8,0,1,9728,13,2172978418
14210,72528470,65488609,138017079,6,0,0,35328,6,7729402003
14211,72538010,77768841,150306851,6,0,1,2048,6,9053515937
14212,72544991,77762936,150307927,7,0,1,13312,13,9105233290
14213,72550381,65530651,138081032,4,0,0,512,5,8069304346
14214,72556310,77755163,150311473,6,0,1,5632,6,7229623749
14215,72557911,65481464,138039375,4,0,0,512,5,6451893509
14216,72558680,77762176,150320856,5,0,1,13824,0,630239019
14217,72581410,65755964,138337374,6,0,0,39424,6,5143691717
14218,72602730,65914866,138517596,6,0,0,75264,6,9439562685
14219,72608849,65394133,138002982,9,0,0,4608,10,881009502
14220,72610831,65995886,138606717,4,0,0,1536,5,1718726650
14221,72617959,65670145,138288104,9,0,0,12288,10,2048656714
14222,72622629,65508716,138131345,9,0,0,21504,10,3605184180
14223,72624240,66289548,138913788,5,0,0,74240,0,10520546470
14224,72643719,65603606,138247325,9,0,0,36864,10,10562584876
14225,72653931,65428452,138082383,4,0,0,1536,5,10480998886
14226,72655370,77693623,150348993,5,0,1,2048,0,6089353178
14227,72659530,65455792,138115322,8,0,0,1024,13,2444848658
14228,72663070,65628368,138291438,5,0,0,3584,0,9974046083
14229,72671899,66066610,138738509,9,0,0,15872,10,3694964983
14230,72694070,65514885,138208955,6,0,0,23040,6,2603113110
14231,72702331,77647328,150349659,4,0,1,1024,5,1992760656
14232,72709960,65677814,138387774,5,0,0,43520,0,1578391727
14233,72710401,77649693,150360094,4,0,1,6144,5,4035424181
14234,72715071,77647289,150362360,4,0,1,3584,5,3313507680
14235,72725751,65434523,138160274,4,0,0,1536,5,67787401
14236,72730110,65572407,138302517,6,0,0,8192,6,8481229637
14237,72743990,77619356,150363346,5,0,1,1536,0,7149650603
14238,72751281,65522894,138274175,4,0,0,1536,5,1098703375
14239,72764780,65904827,138669607,6,0,0,31232,6,9384415105
14240,72768611,77599920,150368531,4,0,1,16384,5,8217322333
14241,72773590,65629963,138403553,5,0,0,51712,0,4288934509
14242,72791340,77589583,150380923,5,0,1,8192,0,5289813656
14243,72805580,77576649,150382229,1,0,1,2048,8,1089482293
14244,72810079,65735772,138545851,9,0,0,53760,10,5513797167
14245,72817350,77565225,150382575,1,0,1,512,8,7577693923
14246,72825420,77560381,150385801,5,0,1,5120,0,6014072301
14247,72837390,65822678,138660068,5,0,0,121856,0,10494133132
14248,72837960,65846334,138684294,5,0,0,48128,0,2781309572
14249,72838861,77547286,150386147,4,0,1,512,5,7002016413
14250,72841000,65891092,138732092,6,0,0,156160,6,3391551814
14251,72847791,77539342,150387133,4,0,1,1536,5,6488024336
14252,72853770,65901298,138755068,5,0,0,54272,0,7739563984
14253,72856010,66070826,138926836,5,0,0,34816,0,4421848840
14254,72858500,66134626,138993126,5,0,0,116736,0,2494307554
14255,72864881,77522598,150387479,4,0,1,512,5,9902425982
14256,72879111,65672362,138551473,4,0,0,512,5,7936675203
14257,72880700,77507765,150388465,1,0,1,1536,8,4735367568
14258,72882210,65851309,138733519,5,0,0,4608,0,2161468256
14259,72884181,77504848,150389029,4,0,1,10752,5,8682861251
14260,72896530,77494532,150391062,1,0,1,3072,8,3956967687
14261,72902861,65858758,138761619,4,0,0,1024,5,3862290644
14262,72905151,65887218,138792369,4,0,0,512,5,716729833
14263,72914989,66001185,138916174,9,0,0,7680,10,1852610886
14264,72916210,77477438,150393648,1,0,1,4096,8,6808738773
14265,72930320,77464954,150395274,9,0,1,2560,10,3471627563
14266,72933330,77469193,150402523,9,0,1,5120,10,1330415373
14267,72941660,66052425,138994085,5,0,0,3072,0,1208934418
14268,72953020,66047796,139000816,6,0,0,22016,6,9614142663
14269,72980921,66079028,139059949,4,0,0,1024,5,5827575273
14270,73007300,77440241,150447541,9,0,1,6656,10,2000510689
14271,73009580,77437984,150447564,9,0,1,2560,10,7505887275
14272,73010000,77438887,150448887,9,0,1,2560,10,9128420919
14273,73013100,77436453,150449553,1,0,1,1024,8,7750052383
14274,73021489,66385608,139407097,9,0,0,33280,10,9080531564
14275,73023470,77429629,150453099,9,0,1,5632,10,2677432171
14276,73028730,77454875,150483605,1,0,1,8704,8,10538458415
14277,73044330,65984441,139028771,5,0,0,91648,0,7872662055
14278,73046820,77437771,150484591,9,0,1,1536,10,8773245288
14279,73056600,66167178,139223778,5,0,0,8192,0,563703537
14280,73060930,77424007,150484937,1,0,1,512,8,6350308125
14281,73083730,66137529,139221259,5,0,0,65536,0,4546061755
14282,73115611,65937352,139052963,4,0,0,2048,5,2937456051
14283,73120720,77382328,150503048,1,0,1,2560,8,2718668910
14284,73136260,77366819,150503079,1,0,1,512,8,165659535
14285,73147190,77355912,150503102,1,0,1,512,8,6482579759
14286,73162380,77340745,150503125,1,0,1,3584,8,7340809384
14287,73164540,77338608,150503148,8,0,1,1536,13,4229014151
14288,73167290,77335881,150503171,1,0,1,4096,8,5700934130
14289,73176590,66173061,139349651,5,0,0,54784,0,1726544651
14290,73184910,77318356,150503266,8,0,1,1536,13,9210833487
14291,73197540,66042960,139240500,5,0,0,39424,0,2927720050
14292,73199470,77306648,150506118,8,0,1,2048,13,1944117449
14293,73205590,65939299,139144889,5,0,0,75776,0,7244128135
14294,73225760,77286588,150512348,8,0,1,7168,13,9221399760
14295,73235660,77276711,150512371,8,0,1,1536,13,6273120871
14296,73241890,77270504,150512394,8,0,1,2048,13,3791438343
14297,73248950,66121586,139370536,6,0,0,51712,6,221400202
14298,73264801,77250781,150515582,7,0,1,6656,13,2572571083
14299,73265310,77250938,150516248,8,0,1,1024,13,2046464848
14300,73269010,77249184,150518194,8,0,1,3072,13,7860361908
14301,73273790,66229623,139503413,6,0,0,62976,6,6039291333
14302,73275719,66160847,139436566,9,0,0,40448,10,929211583
14303,73277491,77281065,150558556,7,0,1,1536,13,4090095459
14304,73285140,66397364,139682504,5,0,0,117248,0,437648065
14305,73287110,77284472,150571582,8,0,1,2048,13,914500390
14306,73289061,77286244,150575305,4,0,1,15360,5,1830851720
14307,73291311,77385664,150676975,7,0,1,10240,13,7045671782
14308,73292390,77447215,150739605,8,0,1,2560,13,1853458180
14309,73300300,66266484,139566784,5,0,0,1024,0,6546411065
14310,73300851,77440060,150740911,0,0,1,2048,14,996419108
14311,73304669,66296726,139601395,9,0,0,8192,10,8621169412
14312,73308030,77434264,150742294,8,0,1,14848,13,539353179
14313,73312121,66465941,139778062,4,0,0,512,5,1831098817
14314,73317251,77544633,150861884,0,0,1,512,14,8275089624
14315,73318710,66215474,139534184,5,0,0,512,0,8839899475
14316,73325311,77538587,150863898,4,0,1,4608,5,7020992817
14317,73328751,77565885,150894636,0,0,1,8704,14,4535665696
14318,73329741,66368534,139698275,4,0,0,512,5,2158368739
14319,73333871,77590419,150924290,4,0,1,1024,5,7502626896
14320,73334110,66424494,139758604,6,0,0,18432,6,6569268408
14321,73346121,77578835,150924956,4,0,1,11264,5,6062972798
14322,73351010,77618631,150969641,8,0,1,2048,13,9511673429
14323,73358140,66200361,139558501,5,0,0,1024,0,4200155793
14324,73360291,77609373,150969664,0,0,1,1024,14,485052726
14325,73362350,66446246,139808596,6,0,0,38400,6,285765157
14326,73363219,66545844,139909063,9,0,0,9728,10,8647746413
14327,73365561,77604126,150969687,4,0,1,5632,5,5183894653
14328,73368210,66320580,139688790,5,0,0,2048,0,6711054851
14329,73373420,77596290,150969710,8,0,1,2048,13,1011171981
14330,73390181,77641387,151031568,0,0,1,4608,14,10088364208
14331,73400951,77631283,151032234,0,0,1,1024,14,6711522590
14332,73405960,77628220,151034180,8,0,1,3072,13,2518659180
14333,73406080,77631646,151037726,8,0,1,5632,13,5706236717
14334,73410110,77628922,151039032,8,0,1,2048,13,6699606025
14335,73415071,77642911,151057982,4,0,1,6144,5,5246183006
14336,73418701,77666034,151084735,4,0,1,7680,5,6452149686
14337,73436900,66411698,139848598,6,0,0,12288,6,752026202
14338,73439911,77645797,151085708,0,0,1,12800,14,4539785754
14339,73445030,77690094,151135124,8,0,1,3072,13,4871999136
14340,73446830,77689139,151135969,6,0,1,6656,6,5027533656
14341,73450711,77813046,151263757,7,0,1,14336,13,6724149567
14342,73454800,77907179,151361979,8,0,1,27648,13,3067927571
14343,73457351,77944813,151402164,7,0,1,512,13,1532641976
14344,73463989,66503783,139967772,9,0,0,73216,10,10220225916
14345,73467080,77935107,151402187,6,0,1,4096,6,4864619694
14346,73467409,66715344,140182753,9,0,0,99840,10,3926017174
14347,73474830,66621285,140096115,6,0,0,51200,6,7772864387
14348,73476940,77959400,151436340,6,0,1,16896,6,6235534298
14349,73479660,77966029,151445689,8,0,1,6656,13,2447140538
14350,73490779,66834539,140325318,9,0,0,26624,10,6584261054
14351,73495579,66488953,139984532,9,0,0,36864,10,10691085904
14352,73495730,77984893,151480623,6,0,1,8704,6,3903678470
14353,73509071,78037384,151546455,4,0,1,2560,5,10698210047
14354,73509740,78044561,151554301,8,0,1,7168,13,9570458414
14355,73517010,78037314,151554324,8,0,1,1536,13,9954670305
14356,73525280,78029067,151554347,8,0,1,6144,13,1267267284
14357,73542470,66484597,140027067,5,0,0,1024,0,7056564635
14358,73551420,78120253,151671673,2,0,1,14336,18,3075566197
14359,73552001,66416175,139968176,4,0,0,1024,5,3020234107
14360,73560210,78111486,151671696,6,0,1,1536,6,4107931401
14361,73568270,78103449,151671719,9,0,1,6144,10,1405874028
14362,73594640,66696307,140290947,5,0,0,2560,0,9361897224
14363,73601891,66503758,140105649,4,0,0,1536,5,4300388475
14364,73603140,78068610,151671750,8,0,1,2560,13,1113607713
14365,73607420,78064353,151671773,8,0,1,3072,13,1089402838
14366,73609800,66576096,140185896,9,0,0,10240,10,7223082536
14367,73612371,78059425,151671796,7,0,1,13312,13,9507861253
14368,73614190,66774752,140388942,6,0,0,35840,6,6661091108
14369,73615890,66746939,140362829,6,0,0,51200,6,10398399528
14370,73620690,78051129,151671819,8,0,1,8704,13,961603370
14371,73624451,66637882,140262333,4,0,0,512,5,1847514911
14372,73628340,66649139,140277479,9,0,0,4096,10,469815132
14373,73638219,66970446,140608665,9,0,0,48640,10,10393725652
14374,73639501,78032341,151671842,7,0,1,512,13,5496011564
14375,73644290,66554196,140198486,5,0,0,1024,0,10027844272
14376,73658241,78013632,151671873,7,0,1,4608,13,3035627926
14377,73670940,78064415,151735355,6,0,1,4608,6,746355134
14378,73671199,66613218,140284417,9,0,0,10240,10,4694257450
14379,73691310,78044068,151735378,6,0,1,2560,6,682114991
14380,73691340,78044061,151735401,6,0,1,11776,6,594063338
14381,73704051,66546133,140250184,4,0,0,3584,5,7235146636
14382,73708450,78026974,151735424,8,0,1,5632,13,743984915
14383,73711630,66531910,140243540,5,0,0,512,0,6864773919
14384,73720061,78015386,151735447,7,0,1,8704,13,3990814603
14385,73729300,66498185,140227485,6,0,0,2048,6,1414599957
14386,73736259,66726593,140462852,9,0,0,49664,10,9358330714
14387,73737029,66750561,140487590,9,0,0,26624,10,639578399
14388,73751881,66861393,140613274,4,0,0,1024,5,8121890802
14389,73752719,66625013,140377732,9,0,0,1536,10,7072595345
14390,73759461,78008058,151767519,7,0,1,8704,13,4181995886
14391,73760191,78007351,151767542,7,0,1,1024,13,9228716633
14392,73777131,66659360,140436491,4,0,0,512,5,2112096639
14393,73780821,66788469,140569290,4,0,0,512,5,8695417740
14394,73784650,67072325,140856975,9,0,0,140800,10,364104285
14395,73788511,77979086,151767597,7,0,1,512,13,5096391836
14396,73788760,77978860,151767620,8,0,1,512,13,801345369
14397,73791320,77976323,151767643,6,0,1,3072,6,6769771262
14398,73793531,77974135,151767666,7,0,1,1024,13,5151227412
14399,73794011,66774392,140568403,4,0,0,1024,5,7169526128
14400,73803721,77963968,151767689,7,0,1,2048,13,3348621449
14401,73814020,77953692,151767712,6,0,1,14336,6,7739270064
14402,73814380,66745196,140559576,5,0,0,1536,0,9067036924
14403,73818790,66896149,140714939,5,0,0,3584,0,7977602776
14404,73820631,77953710,151774341,0,0,1,7680,14,9186705848
14405,73822470,77977031,151799501,8,0,1,7168,13,6614491906
14406,73824749,66547643,140372392,9,0,0,9216,10,7295137416
14407,73849771,66701237,140551008,4,0,0,1024,5,9820754868
14408,73851851,78013307,151865158,0,0,1,5120,14,9311501622
14409,73857880,78008904,151866784,6,0,1,2560,6,9453802773
14410,73864830,66945340,140810170,6,0,0,116736,6,9157119311
14411,73879681,78102073,151981754,7,0,1,10752,13,8335857603
14412,73896210,66654440,140550650,6,0,0,77312,6,5856099494
14413,73897640,67133934,141031574,6,0,0,50688,6,8538404192
14414,73902271,78259356,152161627,7,0,1,1024,13,2247498072
14415,73907329,67262937,141170266,9,0,0,33792,10,10035773727
14416,73908431,66659323,140567754,4,0,0,512,5,4060620929
14417,73914630,66694214,140608844,5,0,0,512,0,1670338495
14418,73916531,78246722,152163253,7,0,1,2560,13,10200210447
14419,73921701,78242538,152164239,7,0,1,1536,13,1861498806
14420,73933011,78233174,152166185,7,0,1,3072,13,9159737190
14421,73934170,78251029,152185199,8,0,1,6144,13,10180602348
14422,73949950,66966594,140916544,9,0,0,61440,10,6379490009
14423,73967250,78220535,152187785,8,0,1,4096,13,5305959092
14424,73973741,78279541,152253282,7,0,1,5120,13,57315898
14425,73977230,78276075,152253305,6,0,1,2048,6,7442008810
14426,73978201,67159280,141137481,4,0,0,512,5,7328340181
14427,73978770,78274566,152253336,6,0,1,512,6,10199755316
14428,73989110,78264257,152253367,8,0,1,512,13,2947376225
14429,73996710,67048966,141045676,9,0,0,4096,10,8754337816
14430,74002000,67066573,141068573,7,0,0,9216,13,1878988249
14431,74018980,66854177,140873157,7,0,0,52224,13,8720509014
14432,74022600,66961401,140984001,7,0,0,34816,13,2031378429
14433,74027440,78226573,152254013,6,0,1,11264,6,7824746327
14434,74029270,78252641,152281911,9,0,1,1536,10,5832177083
14435,74032300,78252837,152285137,6,0,1,5120,6,177222353
14436,74037800,78252390,152290190,5,0,1,4096,0,7491220946
14437,74040310,66952918,140993228,7,0,0,30208,13,7534591965
14438,74040730,78333903,152374633,8,0,1,1536,13,5173430009
14439,74050220,78324436,152374656,8,0,1,512,13,6723898697
14440,74050980,67432638,141483618,9,0,0,66560,10,2233730733
14441,74061370,66860657,140922027,9,0,0,17920,10,8303150616
14442,74068771,67023406,141092177,4,0,0,512,5,1873901852
14443,74069010,66853508,140922518,5,0,0,1536,0,3351391064
14444,74086820,78287859,152374679,8,0,1,6144,13,3522475026
14445,74092570,78306461,152399031,6,0,1,9216,6,7494457104
14446,74093120,78421382,152514502,8,0,1,2560,13,917018486
14447,74095790,78418735,152514525,8,0,1,3072,13,1875433412
14448,74100710,66968042,141068752,5,0,0,512,0,7301801698
14449,74104290,67553488,141657778,9,0,0,66560,10,9453457320
14450,74107071,67189972,141297043,4,0,0,512,5,58013151
14451,74110990,78403558,152514548,8,0,1,1024,13,1892353007
14452,74128369,66805559,140933928,9,0,0,2048,10,3839323285
14453,74130431,66876104,141006535,4,0,0,512,5,1367642695
14454,74131000,67249999,141380999,9,0,0,22528,10,2669920770
14455,74136529,67305212,141441741,9,0,0,106496,10,711176939
14456,74142470,66830900,140973370,6,0,0,19968,6,9466265902
14457,74147290,78367281,152514571,6,0,1,2560,6,7223805769
14458,74154630,78359964,152514594,8,0,1,7680,13,8630369278
14459,74158280,66939293,141097573,6,0,0,15872,6,4695331925
14460,74161740,67663997,141825737,6,0,0,161792,6,10292078639
14461,74162640,66722969,140885609,7,0,0,2048,13,5728487570
14462,74166930,67566911,141733841,9,0,0,21504,10,1388963587
14463,74175120,78356835,152531955,6,0,1,7680,6,726123476
14464,74187870,67316146,141504016,7,0,0,6656,13,10519386139
14465,74199890,67496493,141696383,7,0,0,82432,13,8866937333
14466,74207280,66606772,140814052,7,0,0,12288,13,10379163612
14467,74208140,66962617,141170757,5,0,0,1536,0,8107295590
14468,74215950,78316028,152531978,3,0,1,1024,5,7508726099
14469,74227650,66774643,141002293,5,0,0,512,0,2781264290
14470,74234650,67654405,141889055,7,0,0,128000,13,3055799844
14471,74235549,67093271,141328820,9,0,0,100352,10,7653348196
14472,74242280,67342317,141584597,6,0,0,130048,6,9065205073
14473,74246630,78285371,152532001,6,0,1,1024,6,9865666225
14474,74248270,78312571,152560841,6,0,1,2048,6,9249095959
14475,74286200,66759920,141046120,5,0,0,512,0,636013866
14476,74291490,78269374,152560864,8,0,1,512,13,8880030138
14477,74293459,67605391,141898850,9,0,0,25600,10,8115397369
14478,74294640,67189157,141483797,5,0,0,512,0,6837606283
14479,74301050,78259837,152560887,6,0,1,512,6,9136943678
14480,74301440,78259470,152560910,6,0,1,1536,6,398353017
14481,74306130,78254803,152560933,6,0,1,512,6,8565955905
14482,74312980,78247976,152560956,8,0,1,1024,13,4379615231
14483,74318050,78242929,152560979,6,0,1,512,6,1053997570
14484,74326380,78234769,152561149,6,0,1,12800,6,5794214253
14485,74326790,78272304,152599094,8,0,1,2048,13,3673400829
14486,74337660,78261457,152599117,8,0,1,2560,13,2836962716
14487,74339010,78260130,152599140,8,0,1,4608,13,6816705855
14488,74346380,78252783,152599163,6,0,1,3584,6,175328399
14489,74348670,67286827,141635497,7,0,0,59392,13,2943214162
14490,74357550,67088582,141446132,7,0,0,14336,13,6365565999
14491,74357560,78354438,152711998,6,0,1,7168,6,8981439866
14492,74369910,78348846,152718756,8,0,1,512,13,74433811
14493,74381260,78337842,152719102,9,0,1,512,10,7499552616
14494,74401690,78319678,152721368,9,0,1,3584,10,10262317486
14495,74404140,66992759,141396899,5,0,0,4608,0,2084673011
14496,74404460,78522836,152927296,8,0,1,16384,13,2144484542
14497,74411569,67194642,141606211,9,0,0,15872,10,9972004824
14498,74413190,78753686,153166876,6,0,1,12288,6,1593043251
14499,74413820,78753079,153166899,9,0,1,3072,10,1598345038
14500,74421990,78744932,153166922,8,0,1,6656,13,4510562059
14501,74423790,78789706,153213496,8,0,1,9728,13,10496782969
14502,74426530,66702721,141129251,6,0,0,5120,6,1126015744
14503,74428859,67311399,141740258,9,0,0,1536,10,4235651007
14504,74435080,67581804,142016884,7,0,0,1536,13,9431656475
14505,74437080,78776439,153213519,6,0,1,4096,6,800497395
14506,74443070,67253804,141696874,5,0,0,1536,0,10615461495
14507,74449400,78836422,153285822,6,0,1,1536,6,1606189662
14508,74452830,67078568,141531398,7,0,0,23040,13,10419562300
14509,74457160,78832848,153290008,9,0,1,6656,10,347992666
14510,74459150,67557243,142016393,7,0,0,155136,13,5303189691
14511,74467330,67438095,141905425,5,0,0,21504,0,1765190703
14512,74473809,67353043,141826852,9,0,0,3584,10,5805232539
14513,74475490,78814864,153290354,6,0,1,512,6,3256643883
14514,74482670,66980645,141463315,7,0,0,56320,13,7931184501
14515,74486200,67363763,141849963,7,0,0,75776,13,3161744495
14516,74488999,67799940,142288939,9,0,0,76288,10,8985565594
14517,74489270,78801340,153290610,8,0,1,9216,13,6415055527
14518,74516520,78787602,153304122,6,0,1,3072,6,4351595204
14519,74517770,66971294,141489064,6,0,0,1536,6,2292758006
14520,74524700,78783608,153308308,6,0,1,6656,6,8303603193
14521,74526480,78783774,153310254,6,0,1,3072,6,2298929937
14522,74533920,78809435,153343355,6,0,1,11264,6,5218353651
14523,74538180,67568830,142107010,7,0,0,512,13,7029357834
14524,74549820,67480370,142030190,5,0,0,11776,0,6355102902
14525,74553560,67843122,142396682,5,0,0,59904,0,7420440860
14526,74572750,67471035,142043785,7,0,0,44544,13,6405166328
14527,74572980,78770398,153343378,8,0,1,6656,13,9184604398
14528,74591850,78791030,153382880,9,0,1,8192,10,6470333182
14529,74593270,67672394,142265664,7,0,0,91648,13,3689656455
14530,74598640,67427939,142026579,6,0,0,31744,6,8265108810
14531,74620899,67526354,142147253,9,0,0,77312,10,4978362121
14532,74631730,78753115,153384845,6,0,1,3072,6,5070027647
14533,74639261,78749111,153388372,7,0,1,5632,13,5579969444
14534,74651420,78759529,153410949,9,0,1,8704,10,261954261
14535,74653240,67453591,142106831,9,0,0,42496,10,10610691386
14536,74668480,78744415,153412895,9,0,1,3072,10,1034150138
14537,74675610,67751801,142427411,9,0,0,64000,10,1430839324
14538,74681220,67659268,142340488,7,0,0,142336,13,6607426020
14539,74683470,68120926,142804396,5,0,0,82432,0,1214351809
14540,74688460,67823918,142512378,9,0,0,92672,10,8499025102
14541,74712140,78706389,153418529,9,0,1,5632,10,3356152433
14542,74714430,78779669,153494099,6,0,1,4608,6,3084053028
14543,74715420,67511354,142226774,9,0,0,52736,10,8185300250
14544,74734910,67463795,142198705,9,0,0,24064,10,6296993996
14545,74740960,78783261,153524221,8,0,1,6144,13,1419051170
14546,74764170,78827279,153591449,9,0,1,7168,10,9572057191
14547,74764430,78827042,153591472,9,0,1,3072,10,7559744796
14548,74764580,78826931,153591511,9,0,1,14336,10,97184519
14549,74766310,78825224,153591534,9,0,1,3072,10,7143845335
14550,74789190,78808856,153598046,3,0,1,2048,5,7667682353
14551,74790120,67653850,142443970,6,0,0,54272,6,4699593098
14552,74811460,78787662,153599122,6,0,1,13312,6,4069343713
14553,74818880,78886353,153705233,6,0,1,10240,6,2805886523
14554,74836390,78880277,153716667,2,0,1,1024,18,4716729205
14555,74853090,78863600,153716690,6,0,1,512,6,10063863865
14556,74854440,78862273,153716713,6,0,1,512,6,8783884314
14557,74893210,78835522,153728732,2,0,1,11776,18,7029729937
14558,74893760,66997267,141891027,6,0,0,6144,6,10266790218
14559,74895000,78837234,153732234,6,0,1,1024,6,931696097
14560,74905140,68014588,142919728,7,0,0,13824,13,7209832781
14561,74907760,67716035,142623795,9,0,0,168448,10,3154235819
14562,74911780,67735975,142647755,9,0,0,13824,10,5377468795
14563,74919411,67426568,142345979,3,0,0,17920,5,3662495929
14564,74925280,67717102,142642382,5,0,0,60928,0,6504045275
14565,74933331,67304386,142237717,3,0,0,35840,5,4738427506
14566,74938100,67837297,142775397,6,0,0,95232,6,6479984538
14567,74948930,67017440,141966370,5,0,0,9216,0,6683468378
14568,74961580,67739644,142701224,7,0,0,10240,13,3754398438
14569,74961900,78771922,153733822,2,0,1,15872,18,10137421653
14570,74963620,67684539,142648159,9,0,0,1024,10,317865415
14571,74967801,67076631,142044432,3,0,0,2048,5,7355956102
14572,74977850,67209453,142187303,5,0,0,11264,0,3064115106
14573,74985840,67162216,142148056,5,0,0,2560,0,7200626051
14574,74990631,68279842,143270473,3,0,0,4096,5,2212232333
14575,74992170,67304904,142297074,6,0,0,26624,6,2284227425
14576,74994111,78746804,153740915,0,0,1,2048,14,8020286030
14577,74996030,67918504,142914534,7,0,0,242688,13,3124764718
14578,75011770,67472326,142484096,7,0,0,23040,13,3358264653
14579,75013960,68001381,143015341,7,0,0,57856,13,6403301540
14580,75022260,67957295,142979555,6,0,0,29696,6,1037850899
14581,75025290,67349225,142374515,7,0,0,51712,13,1649209049
14582,75034080,68000114,143034194,6,0,0,28672,6,7244734774
14583,75037010,68084450,143121460,7,0,0,113152,13,9933771635
14584,75057630,67662029,142719659,7,0,0,37888,13,9216984083
14585,75069130,67986610,143055740,7,0,0,41472,13,8842607587
14586,75070420,68305614,143376034,7,0,0,29696,13,1523663715
14587,75077820,68072101,143149921,6,0,0,87552,6,7990497978
14588,75087120,67556377,142643497,6,0,0,3584,6,8749753677
14589,75087720,67313821,142401541,7,0,0,15872,13,1980910201
14590,75088160,67842708,142930868,6,0,0,22528,6,5974794664
14591,75090380,68136598,143226978,6,0,0,71168,6,6226947539
14592,75091020,67984778,143075798,9,0,0,20480,10,679206906
14593,75093320,67430335,142523655,6,0,0,6144,6,207300367
14594,75096510,67569647,142666157,5,0,0,16384,0,7469702063
14595,75107640,68210004,143317644,0,0,0,48128,14,4350725905
14596,75113690,67801803,142915493,6,0,0,3072,6,2897759721
14597,75119580,68046993,143166573,5,0,0,54272,0,6501820131
14598,75129591,68060262,143189853,3,0,0,75776,5,1664472436
14599,75137260,78678894,153816154,5,0,1,1536,0,1752991870
14600,75154380,67766151,142920531,6,0,0,2560,6,577776005
14601,75165020,68610927,143775947,6,0,0,58880,6,5022556938
14602,75177700,68125234,143302934,5,0,0,75776,0,1619030418
14603,75180210,78635967,153816177,1,0,1,5632,8,1424770656
14604,75189170,78627030,153816200,1,0,1,1536,8,5692049485
14605,75190730,68277599,143468329,9,0,0,11776,10,7253073975
14606,75191780,68476698,143668478,6,0,0,26112,6,8530215829
14607,75192050,68063664,143255714,7,0,0,49152,13,7153628964
14608,75193550,78622681,153816231,1,0,1,10240,8,6728574196
14609,75198820,68184867,143383687,5,0,0,19456,0,4480053245
14610,75199110,68375202,143574312,7,0,0,65024,13,3097452606
14611,75200070,78616184,153816254,8,0,1,4096,13,827071361
14612,75219290,68408497,143627787,9,0,0,15872,10,6558884916
14613,75221120,67558113,142779233,9,0,0,12288,10,1598227229
14614,75237390,78578887,153816277,1,0,1,4096,8,2682906615
14615,75240830,78575470,153816300,1,0,1,2048,8,1273258103
14616,75249750,68091049,143340799,9,0,0,45056,10,5710863811
14617,75250680,68303797,143554477,6,0,0,140288,6,9926883744
14618,75256220,68366708,143622928,9,0,0,101888,10,3040301326
14619,75258610,78666190,153924800,1,0,1,10240,8,8501775507
14620,75262900,78661923,153924823,1,0,1,4096,8,5181724594
14621,75289160,68794019,144083179,6,0,0,37888,6,547288365
14622,75290870,78633976,153924846,1,0,1,3072,8,9102175896
14623,75302590,68402595,143705185,6,0,0,30720,6,3124656364
14624,75310439,68411079,143721518,9,0,0,18432,10,7980858594
14625,75323210,78601659,153924869,1,0,1,512,8,5310349698
14626,75325260,67797962,143123222,6,0,0,5632,6,1630009778
14627,75330700,67946075,143276775,5,0,0,15872,0,10662974042
14628,75331221,78593671,153924892,4,0,1,2560,5,642362962
14629,75333621,68113347,143446968,3,0,0,67072,5,5305373770
14630,75338269,68944301,144282570,9,0,0,62976,10,5163581130
14631,75340780,68052471,143393251,6,0,0,12800,6,5111183797
14632,75354130,68279039,143633169,7,0,0,15360,13,9957546305
14633,75367801,78557114,153924915,4,0,1,7680,5,6302858491
14634,75383001,78541937,153924938,4,0,1,512,5,3707667615
14635,75385430,78539531,153924961,5,0,1,512,0,5147305594
14636,75389760,68439151,143828911,6,0,0,43008,6,53356425
14637,75390961,78534023,153924984,4,0,1,2560,5,7022147106
14638,75392681,78532817,153925498,4,0,1,1536,5,3539437044
14639,75394550,78531158,153925708,1,0,1,2048,8,4102468286
14640,75398769,67920926,143319695,9,0,0,6656,10,199931322
14641,75402419,67797214,143199633,9,0,0,15872,10,6841240105
14642,75418561,78507170,153925731,4,0,1,9728,5,2158856316
14643,75418840,67940338,143359178,5,0,0,1024,0,884016105
14644,75430450,78495304,153925754,1,0,1,3072,8,2757195158
14645,75432301,68225921,143658222,3,0,0,37888,5,8184844241
14646,75435071,78493537,153928608,4,0,1,28672,5,9110785111
14647,75442129,68439288,143881417,9,0,0,40448,10,3805545048
14648,75445750,67915831,143361581,6,0,0,4608,6,2740058480
14649,75449831,68809843,144259674,3,0,0,90112,5,7985693769
14650,75450221,78508237,153958458,4,0,1,12288,5,2704310059
14651,75466040,68478035,143944075,5,0,0,63488,0,5825762127
14652,75470071,68345713,143815784,3,0,0,99840,5,9753286259
14653,75472411,68119442,143591853,3,0,0,15360,5,3485971937
14654,75486459,68100668,143587127,9,0,0,41984,10,5127402142
14655,75491160,68144528,143635688,6,0,0,8192,6,1605545679
14656,75500151,78458461,153958612,4,0,1,8704,5,4371838313
14657,75500509,68500308,144000817,9,0,0,5632,10,698706818
14658,75503001,78483132,153986133,4,0,1,4096,5,7902029287
14659,75504701,68895223,144399924,3,0,0,23552,5,297849145
14660,75506980,78480532,153987512,2,0,1,1536,18,4999705462
14661,75508441,78512363,154020804,4,0,1,3072,5,6766625071
14662,75517291,68111167,143628458,3,0,0,2048,5,5705776898
14663,75538420,78482407,154020827,8,0,1,2560,13,7892685931
14664,75539030,78481820,154020850,1,0,1,4096,8,6437356771
14665,75541940,78478933,154020873,1,0,1,2560,8,2539437444
14666,75553299,68204685,143757984,9,0,0,63488,10,4760313948
14667,75560670,68410688,143971358,6,0,0,54784,6,4002882756
14668,75560980,68177637,143738617,5,0,0,21504,0,5281377754
14669,75561220,78459676,154020896,6,0,1,3072,6,10640366409
14670,75564690,78456229,154020919,6,0,1,1024,6,3033515673
14671,75570220,78450722,154020942,6,0,1,8192,6,577558522
14672,75582999,67830298,143413297,9,0,0,4608,10,8334290692
14673,75591850,78429115,154020965,9,0,1,2048,10,9348803000
14674,75598590,78422398,154020988,1,0,1,2560,8,2073266188
14675,75599360,78421651,154021011,6,0,1,1536,6,9391628535
14676,75600820,78431157,154031977,9,0,1,6144,10,1593429041
14677,75602120,78508023,154110143,9,0,1,15360,10,266041850
14678,75613391,78496775,154110166,0,0,1,2560,14,897166791
14679,75620260,68467154,144087414,5,0,0,13824,0,3286341775
14680,75621860,78488329,154110189,1,0,1,6144,8,7674917027
14681,75642320,78468071,154110391,5,0,1,1536,0,576280302
14682,75659420,78450994,154110414,1,0,1,1024,8,195895058
14683,75667060,78443377,154110437,6,0,1,22016,6,1600996609
14684,75667220,78448567,154115787,6,0,1,1536,6,3045331361
14685,75672460,68552540,144225000,7,0,0,512,13,10350311058
14686,75699040,78416770,154115810,9,0,1,8704,10,7535112593
14687,75705901,67940730,143646631,3,0,0,35840,5,5244436517
14688,75711001,69045969,144756970,3,0,0,20480,5,4944694032
14689,75715470,78400387,154115857,1,0,1,7168,8,10716146850
14690,75720810,68134057,143854867,7,0,0,6656,13,5672772144
14691,75724190,68884289,144608479,5,0,0,114176,0,9687038169
14692,75733040,78407542,154140582,6,0,1,16384,6,1924745953
14693,75741510,78401845,154143355,1,0,1,4608,8,1017870965
14694,75751080,68317160,144068240,6,0,0,38912,6,9824243442
14695,75752529,68977447,144729976,9,0,0,10752,10,7792238233
14696,75759600,78384421,154144021,9,0,1,1024,10,6787349170
14697,75762300,68236778,143999078,5,0,0,70144,0,1046061042
14698,75763320,68949810,144713130,5,0,0,125440,0,2853533608
14699,75766211,69177615,144943826,3,0,0,39424,5,7536898052
14700,75779840,78365807,154145647,6,0,1,2560,6,1727520405
14701,75783319,68521582,144304901,9,0,0,73216,10,5816875404
14702,75784980,68365429,144150409,7,0,0,20480,13,201863960
14703,75786499,69028683,144815182,9,0,0,65024,10,6727694262
14704,75786750,78359883,154146633,6,0,1,1536,6,9422765698
14705,75789039,68543341,144332380,9,0,0,90112,10,7238681906
14706,75795330,69286922,145082252,6,0,0,104448,6,10678668666
14707,75804660,78430556,154235216,1,0,1,18432,8,3383193510
14708,75805101,68302090,144107191,3,0,0,17920,5,7036313337
14709,75805231,78430008,154235239,4,0,1,8192,5,121021406
14710,75809460,78452006,154261466,6,0,1,6656,6,2752445236
14711,75819060,78488527,154307587,1,0,1,512,8,1874630997
14712,75826601,78481009,154307610,4,0,1,1024,5,9272697872
14713,75830010,78485669,154315679,6,0,1,11776,6,634171124
14714,75839660,78534884,154374544,6,0,1,9216,6,9326911478
14715,75842801,78559759,154402560,4,0,1,512,5,8877273747
14716,75849311,68033221,143882532,3,0,0,3584,5,2583276621
14717,75851631,68285837,144137468,3,0,0,93184,5,7437512991
14718,75852190,78558969,154411159,1,0,1,6144,8,3812754851
14719,75855890,78556919,154412809,6,0,1,6656,6,7312773607
14720,75857470,78557737,154415207,6,0,1,1024,6,6512253669
14721,75859130,68797755,144656885,6,0,0,158720,6,8698414529
14722,75867340,68589946,144457286,5,0,0,67072,0,4965340403
14723,75870890,78545623,154416513,6,0,1,2048,6,8354464105
14724,75871760,78546699,154418459,6,0,1,3072,6,5721802502
14725,75872029,69414698,145286727,9,0,0,45056,10,2736175606
14726,75873530,68873964,144747494,5,0,0,50688,0,3885434774
14727,75875860,69532886,145408746,5,0,0,30720,0,6597469145
14728,75877559,68949190,144826749,9,0,0,37888,10,6235967075
14729,75883450,68378275,144261725,7,0,0,6656,13,2132552511
14730,75884490,68308340,144192830,6,0,0,3072,6,9299859430
14731,75901950,68927638,144829588,6,0,0,9216,6,4490912576
14732,75905870,68646933,144552803,6,0,0,24576,6,8307247302
14733,75914950,78525584,154440534,6,0,1,5120,6,3283245688
14734,75923370,68563758,144487128,5,0,0,97792,0,5127735266
14735,75930050,68429539,144359589,5,0,0,19968,0,144608262
14736,75934360,68603439,144537799,6,0,0,43520,6,9918581764
14737,75938721,78501836,154440557,4,0,1,2560,5,3634782207
14738,75940670,68734194,144674864,5,0,0,58880,0,2361091878
14739,75944590,69428582,145373172,5,0,0,14848,0,4728862520
14740,75944750,68492077,144436827,7,0,0,40448,13,7092703985
14741,75951900,78488680,154440580,6,0,1,1536,6,843324739
14742,75963071,68752110,144715181,3,0,0,6656,5,8815460166
14743,75968090,78472513,154440603,6,0,1,2048,6,6390926602
14744,75984460,68554298,144538758,6,0,0,3072,6,9375832781
14745,75989870,78450756,154440626,6,0,1,8704,6,1069137519
14746,75991640,78510779,154502419,6,0,1,13824,6,5485241897
14747,76001050,78507997,154509047,6,0,1,7680,6,4718857269
14748,76007851,78502502,154510353,4,0,1,2048,5,1420270467
14749,76073369,68658658,144732027,9,0,0,6656,10,6430293182
14750,76074900,68441594,144516494,6,0,0,19968,6,1657706112
14751,76087979,69514092,145602071,9,0,0,105472,10,2165650831
14752,76088531,68633256,144721787,3,0,0,2560,5,3409818344
14753,76089630,68631346,144720976,6,0,0,18944,6,1974710932
14754,76097149,68629505,144726654,9,0,0,15872,10,8317830538
14755,76111300,78410175,154521475,3,0,1,2560,5,9474325502
14756,76111810,78445505,154557315,6,0,1,24576,6,5439708628
14757,76116669,68643132,144759801,9,0,0,9216,10,1725364894
14758,76142271,78415067,154557338,4,0,1,512,5,9730079705
14759,76149680,78407681,154557361,8,0,1,5632,13,2442074882
14760,76151150,68644197,144795347,7,0,0,14848,13,5348238336
14761,76166411,78424102,154590513,4,0,1,19456,5,1729965737
14762,76174929,69486935,145661864,9,0,0,26112,10,2923965973
14763,76176501,78442150,154618651,4,0,1,4608,5,3247826046
14764,76209370,68541290,144750660,5,0,0,10240,0,127086697
14765,76212830,78406807,154619637,5,0,1,1536,0,4032832536
14766,76216091,78422884,154638975,4,0,1,7680,5,6080293394
14767,76224861,78414460,154639321,4,0,1,512,5,6694850882
14768,76238011,78441606,154679617,4,0,1,5120,5,696187544
14769,76243541,68752356,144995897,3,0,0,8192,5,8019588687
14770,76260270,68919539,145179809,5,0,0,54272,0,3422247178
14771,76268530,68964107,145232637,5,0,0,71680,0,7802481858
14772,76288970,68736464,145025434,7,0,0,17920,13,7097184408
14773,76291860,78501380,154793240,5,0,1,14848,0,7589315874
14774,76293101,78500162,154793263,4,0,1,5632,5,7362200736
14775,76295959,68834759,145130718,9,0,0,41472,10,5847292347
14776,76301170,69154969,145456139,5,0,0,54272,0,9742592681
14777,76304480,78488806,154793286,5,0,1,8704,0,1104839705
14778,76315710,68895010,145210720,5,0,0,19456,0,2555708246
14779,76319440,69035126,145354566,7,0,0,89088,13,17106345
14780,76320110,78473207,154793317,5,0,1,2560,0,244135891
14781,76321070,78510225,154831295,5,0,1,14336,0,7085731196
14782,76339510,78492771,154832281,5,0,1,1536,0,5692099529
14783,76347470,78490203,154837673,5,0,1,4608,0,6423302869
14784,76348380,78489959,154838339,5,0,1,1024,0,5809483869
14785,76358951,78480361,154839312,4,0,1,12800,5,8393077678
14786,76360021,78487200,154847221,4,0,1,6144,5,7632033643
14787,76371579,68833190,145204769,9,0,0,70656,10,2696717906
14788,76372469,68948324,145320793,9,0,0,56320,10,3081366706
14789,76374120,78474153,154848273,5,0,1,1536,0,2162536318
14790,76377540,68859808,145237348,5,0,0,15360,0,3885075617
14791,76379270,68989355,145368625,7,0,0,9728,13,6566374723
14792,76383059,68944309,145327368,9,0,0,21504,10,9828451443
14793,76383340,69032293,145415633,5,0,0,22528,0,8142107429
14794,76390280,68791112,145181392,6,0,0,5120,6,3049237953
14795,76401831,78446722,154848553,4,0,1,512,5,3772844521
14796,76403141,69110956,145514097,3,0,0,51712,5,717321946
14797,76404970,78444889,154849859,8,0,1,2048,13,5550777544
14798,76405439,69145887,145551326,9,0,0,36864,10,227879577
14799,76406380,69055889,145462269,7,0,0,3072,13,4019439496
14800,76411841,78438684,154850525,4,0,1,1024,5,8732689388
14801,76413050,69080685,145493735,7,0,0,95232,13,8754668363
14802,76421161,78430030,154851191,4,0,1,1024,5,2015462315
14803,76426240,78425297,154851537,5,0,1,512,0,304221239
14804,76446540,69348231,145794771,6,0,0,40960,6,4502991745
14805,76447330,69154920,145602250,7,0,0,512,13,5063975194
14806,76452920,78401843,154854763,5,0,1,5120,0,2282409705
14807,76453350,69481126,145934476,5,0,0,88576,0,2277252661
14808,76464990,78479473,154944463,5,0,1,1024,0,8150784870
14809,76475180,68986130,145461310,6,0,0,16896,6,9034428998
14810,76481031,69172854,145653885,3,0,0,39424,5,7936948757
14811,76485870,69202605,145688475,5,0,0,5632,0,3997697279
14812,76503119,69066793,145569912,9,0,0,26624,10,7822659942
14813,76505351,78439135,154944486,7,0,1,512,13,8938239446
14814,76506871,68990836,145497707,3,0,0,7168,5,3871352
14815,76509481,78435028,154944509,7,0,1,6656,13,586892752
14816,76526371,78418161,154944532,7,0,1,8192,13,4104535603
14817,76529430,69557152,146086582,6,0,0,9216,6,3254529543
14818,76531120,78413435,154944555,1,0,1,512,8,8050903878
14819,76539410,78405168,154944578,5,0,1,2560,0,8891992811
14820,76545810,69428024,145973834,7,0,0,115200,13,5283489295
14821,76551450,78414569,154966019,1,0,1,3072,8,9361485215
14822,76556639,69446073,146002712,9,0,0,18432,10,1759469800
14823,76558571,78407471,154966042,7,0,1,512,13,1967760419
14824,76564430,69231612,145796042,5,0,0,4096,0,2535253377
14825,76570010,78396055,154966065,5,0,1,7168,0,3825242137
14826,76573400,69159756,145733156,5,0,0,71168,0,7649770851
14827,76575511,69160008,145735519,3,0,0,7680,5,1045217269
14828,76585951,78380145,154966096,4,0,1,8704,5,10648386765
14829,76606760,78360006,154966766,5,0,1,6656,0,8531749558
14830,76608280,69455330,146063610,6,0,0,10752,6,9873778804
14831,76611050,69145432,145756482,5,0,0,10240,0,7179332177
14832,76617730,69417695,146035425,7,0,0,41472,13,1556049301
14833,76622130,78353146,154975276,1,0,1,6656,8,4135655004
14834,76622821,78407578,155030399,4,0,1,2048,5,10493360755
14835,76626561,78426228,155052789,7,0,1,1536,13,5733913065
14836,76629811,69268024,145897835,3,0,0,40448,5,2046951630
14837,76636530,78416282,155052812,1,0,1,4096,8,10408516224
14838,76640521,78412711,155053232,4,0,1,2560,5,3371692102
14839,76647911,78406307,155054218,7,0,1,1536,13,4377397158
14840,76648129,69627224,146275353,9,0,0,57856,10,117076163
14841,76652481,78404349,155056830,7,0,1,4096,13,3179182297
14842,76656861,78417179,155074040,4,0,1,3584,5,2642496894
14843,76658341,78415722,155074063,4,0,1,1024,5,5069234210
14844,76670591,78403495,155074086,7,0,1,4608,13,5815152448
14845,76672380,78402064,155074444,1,0,1,2560,8,5379605504
14846,76675291,78399176,155074467,7,0,1,512,13,5949705643
14847,76676959,69261752,145938711,9,0,0,13824,10,8463433225
14848,76677060,78398857,155075917,1,0,1,7168,8,5030032296
14849,76677460,69382851,146060311,6,0,0,15360,6,3601420178
14850,76680271,78421985,155102256,4,0,1,4608,5,5526652040
14851,76684321,69134475,145818796,3,0,0,40448,5,4252958153
14852,76690481,78411798,155102279,4,0,1,2560,5,6660554312
14853,76693251,78409051,155102302,4,0,1,1536,5,9825756162
14854,76693261,78409064,155102325,4,0,1,3072,5,1453428884
14855,76698980,78507813,155206793,2,0,1,26112,18,3196248238
14856,76705350,69202115,145907465,6,0,0,17408,6,553429333
14857,76711341,78497398,155208739,4,0,1,3072,5,5235574920
14858,76720120,78492485,155212605,1,0,1,6144,8,10060201844
14859,76729100,69590222,146319322,7,0,0,9728,13,2612461228
14860,76733480,69350271,146083751,7,0,0,14336,13,5799513184
14861,76747630,69436865,146184495,7,0,0,50688,13,1268175497
14862,76753991,69301617,146055608,3,0,0,30720,5,7223746769
14863,76757770,69588306,146346076,6,0,0,59392,6,3617929164
14864,76760420,69850549,146610969,7,0,0,32256,13,2126203556
14865,76773780,69411674,146185454,7,0,0,3072,13,1667527892
14866,76776819,69520732,146297551,9,0,0,72704,10,1208416307
14867,76782330,69328943,146111273,5,0,0,24576,0,936761711
14868,76785160,70104418,146889578,7,0,0,93184,13,7271035972
14869,76785370,78428541,155213911,1,0,1,2048,8,7537633558
14870,76804180,78472282,155276462,1,0,1,14336,8,1373762158
14871,76805090,69966767,146771857,7,0,0,24064,13,5679862670
14872,76806989,70180820,146987809,9,0,0,105472,10,1175779587
14873,76813330,70710446,147523776,5,0,0,10752,0,9979698595
14874,76827710,78450698,155278408,1,0,1,3072,8,4542380463
14875,76828799,69899332,146728131,9,0,0,142336,10,10299764083
14876,76835410,70488111,147323521,7,0,0,63488,13,9921757555
14877,76842139,69624534,146466673,9,0,0,52736,10,2756761883
14878,76842860,69607722,146450582,5,0,0,39424,0,4904228451
14879,76846910,78512475,155359385,1,0,1,6144,8,5982353315
14880,76856941,69450765,146307706,3,0,0,14336,5,9597092377
14881,76861070,69502746,146363816,6,0,0,23040,6,177982181
14882,76867840,69524140,146391980,5,0,0,22528,0,4630489626
14883,76867940,69744924,146612864,5,0,0,6144,0,727088737
14884,76878720,69478053,146356773,6,0,0,21504,6,6502023765
14885,76899250,69992113,146891363,7,0,0,5632,13,8199228141
14886,76900790,70316993,147217783,6,0,0,90624,6,2639912454
14887,76913290,69983290,146896580,5,0,0,16896,0,2522672689
14888,76918159,70103392,147021551,9,0,0,53248,10,497207571
14889,76938390,70732836,147671226,6,0,0,100352,6,2332207715
14890,76941061,69862832,146803893,3,0,0,11776,5,10314401207
14891,76953570,70082868,147036438,6,0,0,22016,6,9449300239
14892,76954420,78405311,155359731,1,0,1,512,8,3588484101
14893,76958551,69620132,146578683,3,0,0,44032,5,10525370617
14894,76966950,70092151,147059101,5,0,0,62464,0,8621076119
14895,76979141,78382216,155361357,0,0,1,2560,14,9751153998
14896,76985760,69570170,146555930,6,0,0,9216,6,9365497980
14897,76993150,78369513,155362663,1,0,1,2048,8,1089787206
14898,76998341,69635830,146634171,3,0,0,19456,5,3089342262
14899,77002760,69435787,146438547,6,0,0,32768,6,3220459462
14900,77003550,78360099,155363649,1,0,1,1536,8,2689256136
14901,77007750,70290557,147298307,6,0,0,2560,6,4293087107
14902,77019060,78345895,155364955,1,0,1,2048,8,957286453
14903,77026241,69703941,146730182,3,0,0,6656,5,1217422605
14904,77028950,70401552,147430502,5,0,0,100864,0,8478531781
14905,77031180,69569938,146601118,6,0,0,51200,6,2092403866
14906,77037010,70260315,147297325,7,0,0,45568,13,7462013118
14907,77037080,78331741,155368821,8,0,1,6144,13,1841902917
14908,77040780,70093363,147134143,5,0,0,105984,0,191533542
14909,77041990,78473292,155515282,2,0,1,6144,18,8747445022
14910,77045130,78494031,155539161,1,0,1,8192,8,2943344560
14911,77046761,70931183,147977944,3,0,0,21504,5,2686183093
14912,77051890,69809273,146861163,5,0,0,33280,0,4132736330
14913,77062890,78526357,155589247,2,0,1,1024,18,2625070946
14914,77068781,69870566,146939347,3,0,0,15872,5,757478229
14915,77079581,78509689,155589270,7,0,1,5120,13,2288338678
14916,77102230,78487063,155589293,1,0,1,9216,8,6025552261
14917,77105899,69799011,146904910,9,0,0,27136,10,8954678477
14918,77108640,69742337,146850977,7,0,0,61440,13,5486264787
14919,77109209,70052095,147161304,9,0,0,12288,10,6978230304
14920,77129940,70126074,147256014,5,0,0,18944,0,7695383537
14921,77131030,69941645,147072675,5,0,0,26624,0,9143885589
14922,77133710,78455606,155589316,3,0,1,2048,5,10223468226
14923,77138241,70016002,147154243,3,0,0,3072,5,12638384
14924,77139930,78469931,155609861,1,0,1,1024,8,7760601794
14925,77154300,78455584,155609884,2,0,1,1536,18,9555236229
14926,77163430,78449487,155612917,2,0,1,6144,18,4480253014
14927,77172401,69832903,147005304,3,0,0,57344,5,7286697609
14928,77174380,78438576,155612956,1,0,1,4096,8,6274510159
14929,77182490,78430489,155612979,2,0,1,1536,18,5445951232
14930,77185509,70302135,147487644,9,0,0,111104,10,9843115478
14931,77194050,70507448,147701498,6,0,0,48640,6,10179357088
14932,77196590,78420068,155616658,1,0,1,7168,8,4306689821
14933,77202900,70388754,147591654,6,0,0,512,6,1909045416
14934,77221300,78495458,155716758,5,0,1,18944,0,3818628848
14935,77233690,70976643,148210333,5,0,0,158208,0,1419035933
14936,77234869,70090235,147325104,9,0,0,5120,10,10706870156
14937,77250290,70303694,147553984,6,0,0,2560,6,9942011474
14938,77253079,70243792,147496871,9,0,0,30208,10,8463403271
14939,77257791,70494970,147752761,3,0,0,1024,5,5866332120
14940,77260980,78455801,155716781,1,0,1,1536,8,6910533909
14941,77262160,70520433,147782593,6,0,0,25600,6,6820388788
14942,77262430,71045462,148307892,6,0,0,107520,6,3567307446
14943,77280709,70943687,148224396,9,0,0,46080,10,3961482736
14944,77289630,70333942,147623572,6,0,0,69632,6,3658445887
14945,77291130,70006374,147297504,1,0,0,512,8,9545311362
14946,77298290,70261726,147560016,5,0,0,11264,0,10414642821
14947,77299700,71175296,148474996,5,0,0,87552,0,3462155930
14948,77306140,70588197,147894337,7,0,0,61440,13,4090369736
14949,77310941,71091130,148402071,3,0,0,207872,5,851946580
14950,77325750,78392481,155718231,1,0,1,5632,8,10036998135
14951,77333460,69998086,147331546,6,0,0,7168,6,8557311973
14952,77338430,69990909,147329339,7,0,0,13824,13,9862563568
14953,77347820,69888394,147236214,7,0,0,60416,13,6629836353
14954,77355780,78362474,155718254,1,0,1,14848,8,2137647837
14955,77360940,70092829,147453769,5,0,0,76288,0,8374360796
14956,77371229,69997970,147369199,9,0,0,47104,10,584609843
14957,77377650,69864515,147242165,5,0,0,19456,0,9096835039
14958,77382359,70698296,148080655,9,0,0,79872,10,5360062568
14959,77382690,70296313,147679003,5,0,0,2048,0,10258008515
14960,77383710,70325668,147709378,5,0,0,17408,0,7231330854
14961,77386751,69945302,147332053,3,0,0,1536,5,5129948372
14962,77389050,70445112,147834162,6,0,0,15360,6,9180675712
14963,77395591,71184649,148580240,6,0,0,68608,6,8152891811
14964,77395920,78409747,155805667,3,0,1,512,5,9028894620
14965,77402950,70472644,147875594,6,0,0,53248,6,4544222452
14966,77417941,70608785,148026726,3,0,0,85504,5,1865663186
14967,77429110,78376580,155805690,1,0,1,512,8,9896623513
14968,77440600,78365121,155805721,1,0,1,5120,8,3116171742
14969,77444680,70053930,147498610,5,0,0,5632,0,6184412992
14970,77464980,70782714,148247694,6,0,0,51200,6,581825699
14971,77466330,78339422,155805752,1,0,1,3072,8,3386908423
14972,77470570,78335205,155805775,1,0,1,3584,8,4587631371
14973,77475530,78330268,155805798,1,0,1,4096,8,5719613471
14974,77480870,70554927,148035797,6,0,0,29696,6,5772631892
14975,77497901,70832361,148330262,3,0,0,71168,5,7414695238
14976,77498150,78335985,155834135,5,0,1,3072,0,2912594715
14977,77510171,70758005,148268176,6,0,0,20992,6,10350317110
14978,77514000,78320174,155834174,1,0,1,6144,8,4069916205
14979,77514551,78319654,155834205,0,0,1,7680,14,5572223229
14980,77525890,70244751,147770641,7,0,0,31744,13,4974452195
14981,77526619,70748490,148275109,9,0,0,9728,10,1671618943
14982,77536080,70291393,147827473,5,0,0,23552,0,9619133462
14983,77538689,70623409,148162098,9,0,0,101376,10,2249026617
14984,77540930,70182239,147723169,6,0,0,21504,6,761031546
14985,77549620,78346994,155896614,5,0,1,25600,0,2969653983
14986,77553890,70429693,147983583,5,0,0,18432,0,1315399649
14987,77555280,78349618,155904898,1,0,1,2560,8,1347381717
14988,77557230,71096770,148654000,7,0,0,1024,13,5394099119
14989,77570720,78335049,155905769,8,0,1,12288,13,547816866
14990,77573031,70558156,148131187,3,0,0,52224,5,139232149
14991,77577441,70423210,148000651,3,0,0,31232,5,6657063179
14992,77579721,70728834,148308555,3,0,0,2048,5,396001249
14993,77583859,70688263,148272122,9,0,0,9216,10,10202722265
14994,77594100,70508954,148103054,7,0,0,20480,13,2120448277
14995,77594319,70823063,148417382,9,0,0,50176,10,2232722446
14996,77598600,70663157,148261757,5,0,0,46080,0,8827593809
14997,77599240,70388274,147987514,5,0,0,12800,0,6051060613
14998,77606780,70832121,148438901,5,0,0,67584,0,9514831720
14999,77611970,70620101,148232071,6,0,0,25088,6,9441973834
15000,77616950,70652341,148269291,5,0,0,3584,0,5488788146
15001,77629411,70813592,148443003,3,0,0,13312,5,6317937788
15002,77649601,78256936,155906537,4,0,1,11776,5,1931832071
15003,77650460,78256423,155906883,1,0,1,512,8,8983201888
15004,77650800,78260589,155911389,5,0,1,7168,0,10579403139
15005,77660650,78289516,155950166,5,0,1,14848,0,6490356324
15006,77664161,78286028,155950189,4,0,1,2048,5,4149818892
15007,77665020,78288652,155953672,5,0,1,17408,0,7077131963
15008,77667051,78322953,155990004,4,0,1,3072,5,915282971
15009,77679129,71092999,148772128,9,0,0,32256,10,9243997622
15010,77679149,70659517,148338666,9,0,0,26624,10,3844164171
15011,77680571,78312019,155992590,0,0,1,4096,14,9078226203
15012,77682810,78330192,156013002,5,0,1,1024,0,4618539657
15013,77685771,78327254,156013025,0,0,1,13824,14,24487065
15014,77697200,71052422,148749622,6,0,0,55296,6,3189325406
15015,77698150,70748198,148446348,7,0,0,5632,13,10494994996
15016,77699451,78315426,156014877,0,0,1,5632,14,10681729265
15017,77699859,71215013,148914872,9,0,0,23552,10,9591050658
15018,77710550,78328475,156039025,5,0,1,14336,0,3557930039
15019,77711910,70706320,148418230,5,0,0,2048,0,10732008518
15020,77723121,78345558,156068679,0,0,1,6656,14,3354105599
15021,77731300,78356046,156087346,1,0,1,13824,8,1646507718
15022,77738330,78350567,156088897,5,0,1,9728,0,5747796631
15023,77756470,78355383,156111853,1,0,1,4608,8,2152590672
15024,77759150,70689093,148448243,5,0,0,6144,0,1397307615
15025,77760530,70761528,148522058,5,0,0,115712,0,4249276433
15026,77760550,78355656,156116206,1,0,1,4096,8,3316555565
15027,77777981,78372866,156150847,4,0,1,24576,5,5997770576
15028,77780181,70664428,148444609,3,0,0,5120,5,7564742664
15029,77790690,70881042,148671732,5,0,0,5120,0,4259513948
15030,77794090,70859575,148653665,5,0,0,69120,0,7782994642
15031,77802860,78350893,156153753,5,0,1,4608,0,1472761578
15032,77809409,71028204,148837613,9,0,0,114176,10,8792492158
15033,77810660,78345359,156156019,1,0,1,3584,8,8796963894
15034,77817850,78358292,156176142,1,0,1,18432,8,5154104010
15035,77820470,78378266,156198736,5,0,1,7168,0,10013551348
15036,77828339,71095160,148923499,9,0,0,16896,10,7184985727
15037,77835611,78397833,156233444,4,0,1,3072,5,8302705256
15038,77836630,71136195,148972825,6,0,0,52224,6,1479488576
15039,77836880,78399150,156236030,5,0,1,4096,0,6598976974
15040,77839350,78397666,156237016,1,0,1,1536,8,9351861596
15041,77847020,78417018,156264038,1,0,1,1536,8,7415575855
15042,77850760,70952042,148802802,5,0,0,40960,0,4602375696
15043,77851800,70993020,148844820,5,0,0,23552,0,5684415711
15044,77852081,78415396,156267477,0,0,1,3072,14,1807965304
15045,77853390,78416993,156270383,5,0,1,4608,0,6520579649
15046,77853640,78418689,156272329,5,0,1,3072,0,5753782131
15047,77860861,78415014,156275875,7,0,1,5632,13,5750397584
15048,77865591,78427115,156292706,4,0,1,2048,5,480810639
15049,77869809,71104310,148974119,9,0,0,4096,10,1856612701
15050,77874640,70884365,148759005,5,0,0,30720,0,7233180625
15051,77877670,78415382,156293052,1,0,1,512,8,8958153181
15052,77880861,78413177,156294038,0,0,1,1536,14,7499134758
15053,77886100,78408092,156294192,1,0,1,8704,8,6379601311
15054,77894190,70697019,148591209,6,0,0,24576,6,4727161201
15055,77898269,71131341,149029610,9,0,0,81408,10,3838887490
15056,77899460,78422460,156321920,5,0,1,7680,0,4414585857
15057,77900680,78421263,156321943,5,0,1,2560,0,5220516039
15058,77902571,78419395,156321966,0,0,1,8192,14,9256317501
15059,77905230,78416759,156321989,1,0,1,1536,8,3930504077
15060,77923950,78398062,156322012,1,0,1,8192,8,6973520671
15061,77924551,78397601,156322152,4,0,1,4608,5,10488839597
15062,77924920,78397578,156322498,8,0,1,512,13,1718562492
15063,77932071,78393013,156325084,4,0,1,4096,5,2620194420
15064,77933641,78407671,156341312,0,0,1,3072,14,6080476913
15065,77949010,71162847,149111857,5,0,0,19456,0,6387254443
15066,77949050,78451626,156400676,1,0,1,16384,8,8478264034
15067,77953369,71043572,148996941,9,0,0,15872,10,7033224876
15068,77959979,71032103,148992082,9,0,0,58880,10,8096873245
15069,77967359,71068514,149035873,9,0,0,20480,10,6366663926
15070,77972350,78436350,156408700,5,0,1,2048,0,1810007463
15071,77978721,78436715,156415436,0,0,1,6656,14,6518649463
15072,77980460,78500590,156481050,1,0,1,7680,8,3033787633
15073,77985060,78496924,156481984,1,0,1,3072,8,866259710
15074,77987141,78496149,156483290,4,0,1,2048,5,8723608451
15075,78004239,71344606,149348845,9,0,0,25600,10,6431237285
15076,78005310,78480246,156485556,2,0,1,3584,18,132883743
15077,78024340,78461562,156485902,1,0,1,512,8,7412525653
15078,78025121,78464647,156489768,4,0,1,6144,5,2873547259
15079,78030200,78461194,156491394,1,0,1,2560,8,2011321562
15080,78036030,78457264,156493294,5,0,1,512,0,1970886093
15081,78042641,78453239,156495880,4,0,1,4096,5,5464585939
15082,78047151,71132554,149179705,3,0,0,75776,5,5082436684
15083,78054960,71006387,149061347,5,0,0,82944,0,8705949346
15084,78061139,71021932,149083071,9,0,0,34816,10,5419939814
15085,78066490,78457449,156523939,5,0,1,2560,0,7230019475
15086,78075760,70960292,149036052,5,0,0,512,0,8649004080
15087,78078630,78449898,156528528,8,0,1,1024,13,7976646658
15088,78081820,78470412,156552232,5,0,1,512,0,10698383897
15089,78083990,71141921,149225911,5,0,0,29696,0,2922447994
15090,78086081,78500531,156586612,4,0,1,12288,5,5853451879
15091,78089719,71033192,149122911,9,0,0,14336,10,4516894433
15092,78095971,78492907,156588878,0,0,1,3584,14,3482499732
15093,78105349,71395893,149501242,9,0,0,147456,10,2569017793
15094,78111081,70989176,149100257,3,0,0,9216,5,2915753668
15095,78112240,71032386,149144626,5,0,0,2560,0,2339981855
15096,78112831,78477993,156590824,0,0,1,3072,14,1004854548
15097,78117210,71339081,149456291,5,0,0,28672,0,1721698621
15098,78120360,78474010,156594370,8,0,1,5632,13,3075410349
15099,78126209,71321323,149447532,9,0,0,101376,10,224600029
15100,78130831,78467929,156598760,4,0,1,2560,5,6324194073
15101,78132530,78466896,156599426,8,0,1,1024,13,4004439873
15102,78136871,78463221,156600092,4,0,1,1024,5,8495147323
15103,78144040,78517301,156661341,3,0,1,20480,5,1668349489
15104,78161651,78634386,156796037,4,0,1,4096,5,10528050285
15105,78168510,78627558,156796068,8,0,1,4096,13,4620085211
15106,78173800,78625590,156799390,2,0,1,2048,18,1004725723
15107,78176811,71235155,149411966,3,0,0,23552,5,4148633284
15108,78179670,78624134,156803804,2,0,1,1024,18,2028085037
15109,78188180,71400497,149588677,5,0,0,65536,0,2982060875
15110,78188711,71428857,149617568,3,0,0,36352,5,10329845228
15111,78190820,78613007,156803827,8,0,1,12288,13,9755091466
15112,78191041,78612809,156803850,0,0,1,1536,14,4320598007
15113,78196540,78607333,156803873,3,0,1,4096,5,4721184218
15114,78198249,71336140,149534389,9,0,0,37888,10,579682537
15115,78201230,71367456,149568686,5,0,0,50688,0,7949536698
15116,78204539,71494761,149699300,9,0,0,46592,10,7549878677
15117,78207660,71526819,149734479,5,0,0,32768,0,1094841003
15118,78217160,78590191,156807351,3,0,1,8192,5,8294681996
15119,78217181,78590193,156807374,4,0,1,12288,5,6845066656
15120,78218841,78589983,156808824,4,0,1,5120,5,6795425621
15121,78220880,71457726,149678606,5,0,0,43520,0,2874492053
15122,78221630,78587217,156808847,2,0,1,512,18,4647690753
15123,78224781,78597192,156821973,4,0,1,13824,5,1082026157
15124,78225031,78599208,156824239,4,0,1,3584,5,7360708842
15125,78225140,78648245,156873385,8,0,1,3584,13,1177914086
15126,78235930,71301914,149537844,5,0,0,11264,0,8191758911
15127,78249691,78623717,156873408,0,0,1,4608,14,4004304979
15128,78266550,78606881,156873431,3,0,1,512,5,820039938
15129,78266990,71482392,149749382,6,0,0,8192,6,6772594401
15130,78271951,78601503,156873454,4,0,1,1536,5,8270874935
15131,78274540,78598937,156873477,3,0,1,1024,5,6900045624
15132,78282419,71358840,149641259,9,0,0,1536,10,1897481408
15133,78288631,71537864,149826495,3,0,0,133120,5,10108569954
15134,78292200,78581300,156873500,2,0,1,13312,18,477844282
15135,78292380,78585327,156877707,3,0,1,13312,5,5395494449
15136,78295140,78592999,156888139,2,0,1,7168,18,7107147965
15137,78299290,78641481,156940771,2,0,1,3584,18,1846347282
15138,78299411,78648917,156948328,4,0,1,14848,5,7229188524
15139,78301139,71321058,149622197,9,0,0,2560,10,7322850668
15140,78301250,71525580,149826830,6,0,0,1024,6,5649943299
15141,78302620,78645731,156948351,9,0,1,3072,10,1103510488
15142,78304440,71608731,149913171,6,0,0,116736,6,6378621377
15143,78313471,78634903,156948374,4,0,1,2560,5,6068385518
15144,78314090,78634307,156948397,2,0,1,10240,18,8646825413
15145,78317160,78631611,156948771,9,0,1,512,10,2155809541
15146,78318631,78632230,156950861,0,0,1,3584,14,8337503082
15147,78335731,71521155,149856886,6,0,0,18432,6,239057760
15148,78339291,78635680,156974971,0,0,1,2048,14,3410583084
15149,78342429,71646924,149989353,9,0,0,15360,10,676757451
15150,78344841,78631225,156976066,0,0,1,1536,14,8553822162
15151,78345071,71733635,150078706,6,0,0,13824,6,9551300434
15152,78347970,71630792,149978762,5,0,0,8192,0,10340503826
15153,78351970,78637482,156989452,2,0,1,2048,18,6815373319
15154,78352470,78660763,157013233,3,0,1,15360,5,219269912
15155,78353720,78659859,157013579,8,0,1,512,13,6637317890
15156,78355321,78659564,157014885,0,0,1,2048,14,7797376518
15157,78356520,78663191,157019711,8,0,1,7680,13,10731076042
15158,78359811,71708130,150067941,3,0,0,1024,5,3916963672
15159,78364180,78656197,157020377,2,0,1,1024,18,672722710
15160,78368329,71876801,150245130,9,0,0,23040,10,2606218739
15161,78372060,78656819,157028879,2,0,1,8192,18,4508356207
15162,78373341,78657559,157030900,4,0,1,21504,5,8737425456
15163,78375169,71966124,150341293,9,0,0,56832,10,9428022774
15164,78377721,72125304,150503025,3,0,0,56320,5,9014846260
15165,78377900,72069618,150447518,6,0,0,96256,6,3226701033
15166,78384020,78676712,157060732,2,0,1,7168,18,5716815238
15167,78391631,71854013,150245644,6,0,0,1536,6,3610481876
15168,78392610,78668788,157061398,3,0,1,1024,5,9487149151
15169,78392900,78671404,157064304,2,0,1,4608,18,7398655732
15170,78394951,78673219,157068170,4,0,1,6144,5,7754241641
15171,78404319,72170963,150575282,9,0,0,9216,10,2668361818
15172,78406450,78667487,157073937,9,0,1,16896,10,5948478481
15173,78407811,78672954,157080765,0,0,1,1024,14,4629267766
15174,78413690,78669981,157083671,9,0,1,4608,10,8166892350
15175,78415650,72567324,150982974,6,0,0,4608,6,7748444273
15176,78419400,78681896,157101296,9,0,1,1536,10,3795536973
15177,78423351,78695445,157118796,4,0,1,5120,5,7872790920
15178,78432289,72454181,150886470,9,0,0,10752,10,2039813878
15179,78438180,72074145,150512325,5,0,0,11264,0,2593200822
15180,78438870,78693008,157131878,3,0,1,13824,5,10371873831
15181,78445321,78690423,157135744,4,0,1,6144,5,2368976079
15182,78447720,78712303,157160023,6,0,1,6144,6,3820816038
15183,78459190,78700856,157160046,2,0,1,2560,18,7549703017
15184,78465141,78694928,157160069,4,0,1,1536,5,3038313578
15185,78473890,78690902,157164792,3,0,1,17408,5,8683777836
15186,78477940,78699517,157177457,3,0,1,6656,5,1517181243
15187,78478921,78698882,157177803,0,0,1,512,14,6171220888
15188,78484171,78699483,157183654,4,0,1,27648,5,7776501052
15189,78485721,72346490,150832211,3,0,0,38400,5,3369161161
15190,78489110,78716798,157205908,2,0,1,4608,18,5615600957
15191,78491370,78740761,157232131,2,0,1,1024,18,3100735318
15192,78491681,72228972,150720653,3,0,0,33280,5,6691533309
15193,78495230,78739487,157234717,2,0,1,4096,18,288571824
15194,78500801,78734582,157235383,4,0,1,1024,5,4760286192
15195,78502210,78735119,157237329,2,0,1,3072,18,4032873064
15196,78508361,78731234,157239595,4,0,1,3584,5,2950831081
15197,78509291,72870831,151380122,3,0,0,54784,5,9610079316
15198,78514860,78725747,157240607,3,0,1,11776,5,4499787944
15199,78518890,78722281,157241171,8,0,1,10752,13,2918575782
15200,78519501,78725431,157244932,4,0,1,2048,5,3153212332
15201,78520430,78725475,157245905,2,0,1,12800,18,1756688741
15202,78520499,72318429,150838928,9,0,0,13824,10,5965061287
15203,78521219,72138178,150659397,9,0,0,78336,10,6033227695
15204,78521980,78732430,157254410,2,0,1,9728,18,6783982203
15205,78522220,78828220,157350440,2,0,1,14336,18,6657619368
15206,78525050,78951981,157477031,9,0,1,5632,10,440124541
15207,78535390,78941664,157477054,8,0,1,512,13,7864062433
15208,78536170,78940907,157477077,2,0,1,2048,18,5674042106
15209,78545120,72349485,150894605,6,0,0,26624,6,7388733945
15210,78546209,72274279,150820488,9,0,0,52224,10,9680601219
15211,78549691,78927409,157477100,4,0,1,1536,5,3508153986
15212,78566561,78926029,157492590,4,0,1,4608,5,5334111540
15213,78566819,71939276,150506095,9,0,0,7680,10,775519687
15214,78567219,72402399,150969618,9,0,0,53760,10,443408209
15215,78574220,78918393,157492613,9,0,1,1536,10,9410814230
15216,78582371,72650733,151233104,6,0,0,122880,6,9415001035
15217,78596701,72535881,151132582,3,0,0,41984,5,3514748618
15218,78617369,72630578,151247947,9,0,0,48640,10,4402895963
15219,78617521,78875115,157492636,4,0,1,1024,5,3047866048
15220,78619570,78873089,157492659,6,0,1,2560,6,8569562029
15221,78631970,72487797,151119767,5,0,0,95232,0,9857152724
15222,78632821,78867553,157500374,0,0,1,1024,14,9205459808
15223,78633851,72170702,150804553,3,0,0,122368,5,2897294512
15224,78635460,78877746,157513206,9,0,1,12288,10,7870995406
15225,78644610,72216760,150861370,5,0,0,16896,0,3237294265
15226,78649921,72752220,151402141,3,0,0,72192,5,8433022759
15227,78652241,78861311,157513552,0,0,1,512,14,9802150249
15228,78669591,72919107,151588698,3,0,0,112640,5,6935196384
15229,78678181,78841183,157519364,0,0,1,9216,14,7496855030
15230,78684280,73014494,151698774,6,0,0,87040,6,4895558846
15231,78686070,78848859,157534929,2,0,1,6656,18,7088903179
15232,78687650,78847945,157535595,3,0,1,1024,5,1721214333
15233,78715171,72729896,151445067,6,0,0,3584,6,9311407110
15234,78715829,72547897,151263726,9,0,0,51712,10,1077000921
15235,78719810,78817091,157536901,8,0,1,2048,13,2405302049
15236,78722739,72757861,151480600,9,0,0,92672,10,10106800541
15237,78730861,78809266,157540127,4,0,1,5120,5,8476610919
15238,78731531,78811208,157542739,0,0,1,4096,14,6949711035
15239,78731751,72403350,151135101,3,0,0,8192,5,6869958439
15240,78740981,78802219,157543200,4,0,1,10240,5,3238779322
15241,78745659,72116202,150861861,9,0,0,1536,10,9229803440
15242,78749920,78805402,157555322,8,0,1,13824,13,2912688226
15243,78752221,78845586,157597807,0,0,1,512,14,6582933669
15244,78753331,78844499,157597830,0,0,1,3072,14,2589867471
15245,78754081,78852219,157606300,4,0,1,2560,5,3233537379
15246,78757641,78848682,157606323,4,0,1,512,5,1762237372
15247,78760511,78845835,157606346,4,0,1,10240,5,9066292027
15248,78761031,73080917,151841948,3,0,0,96256,5,5127558277
15249,78763451,78874898,157638349,0,0,1,8704,14,9804997091
15250,78764509,72970815,151735324,9,0,0,52736,10,6005925119
15251,78772161,78869012,157641173,0,0,1,1536,14,3608978899
15252,78781901,72569914,151351815,3,0,0,40960,5,7459073782
15253,78793001,72615779,151408780,6,0,0,8192,6,5969365392
15254,78793070,72264889,151057959,5,0,0,51712,0,32575464
15255,78802971,78843348,157646319,0,0,1,8192,14,9300594592
15256,78812501,78866889,157679390,0,0,1,3072,14,1733712257
15257,78820621,78861675,157682296,0,0,1,4608,14,611391885
15258,78830781,72780404,151611185,6,0,0,73728,6,2775978632
15259,78836030,78846932,157682962,8,0,1,1024,13,5623545687
15260,78852040,72778988,151631028,5,0,0,65024,0,9192691590
15261,78859511,72686921,151546432,6,0,0,83456,6,3483754285
15262,78860321,72907175,151767496,6,0,0,57344,6,2037092724
15263,78860660,72660321,151520981,5,0,0,22016,0,1777216131
15264,78867679,72646571,151514250,9,0,0,69632,10,2528337890
15265,78874890,78809698,157684588,8,0,1,2560,13,680931039
15266,78876061,78813673,157689734,0,0,1,8192,14,9093882598
15267,78889321,73351194,152240515,3,0,0,139776,5,8818228871
15268,78894750,78857671,157752421,9,0,1,1536,10,9112584654
15269,78900540,78851904,157752444,8,0,1,4608,13,5278015231
15270,78930230,78885284,157815514,9,0,1,21504,10,912158400
15271,78934280,78881460,157815740,9,0,1,2048,10,8371743168
15272,78941911,72803231,151745142,6,0,0,31744,6,4155161718
15273,78948820,73425447,152374267,5,0,0,47616,0,9006957316
15274,78950850,78864913,157815763,9,0,1,1024,10,4448455875
15275,78951400,78864386,157815786,9,0,1,1536,10,7664138792
15276,78954121,78861688,157815809,0,0,1,1536,14,8834167550
15277,78960019,72811304,151771323,9,0,0,11776,10,718567550
15278,78960170,72594108,151554278,5,0,0,25600,0,2961051977
15279,78960361,72707834,151668195,3,0,0,121856,5,10478536173
15280,78969120,78855026,157824146,9,0,1,10752,10,8851069650
15281,78976120,78848049,157824169,8,0,1,1024,13,3279485820
15282,78976160,78848032,157824192,2,0,1,2048,18,2283298535
15283,78979050,78845165,157824215,9,0,1,4608,10,7237601904
15284,78979580,78844666,157824246,8,0,1,5120,13,8427450086
15285,78980211,78904325,157884536,0,0,1,25088,14,7189593878
15286,78980231,78909654,157889885,0,0,1,8192,14,5943255884
15287,78983000,78908628,157891628,6,0,1,3072,6,8224990756
15288,78989501,72853718,151843219,6,0,0,4096,6,7635517046
15289,78989981,78902953,157892934,7,0,1,2048,13,1096152553
15290,78996939,72777379,151774318,9,0,0,9728,10,1906748438
15291,79001460,78891820,157893280,9,0,1,512,10,1524745445
15292,79006730,78890416,157897146,8,0,1,6144,13,8361799650
15293,79011461,72738540,151750001,6,0,0,15872,6,9553076269
15294,79013230,78884582,157897812,9,0,1,1024,10,8858538697
15295,79030360,72233576,151263936,1,0,0,512,8,1403010486
15296,79033350,78870747,157904097,2,0,1,6144,18,8494287734
15297,79037599,73312419,152350018,9,0,0,77312,10,6609242887
15298,79038159,72634072,151672231,9,0,0,512,10,393110408
15299,79040310,73119453,152159763,1,0,0,512,8,10240159738
15300,79042740,78873679,157916419,6,0,1,1024,6,6662398476
15301,79051771,73394079,152445850,6,0,0,18432,6,9161494710
15302,79054030,78862735,157916765,8,0,1,512,13,249459436
15303,79054270,78866041,157920311,8,0,1,5632,13,8320455133
15304,79061860,72657373,151719233,5,0,0,67072,0,4442477449
15305,79065451,73007349,152072800,3,0,0,39424,5,6773372169
15306,79067069,72830303,151897372,9,0,0,50688,10,4772759060
15307,79068570,73446203,152514773,1,0,0,512,8,268686499
15308,79068711,78866181,157934892,0,0,1,7680,14,8560763406
15309,79072020,78884907,157956927,8,0,1,12288,13,8077690760
15310,79077950,78909310,157987260,2,0,1,8704,18,4080434841
15311,79078951,73028285,152107236,3,0,0,34304,5,8427675726
15312,79082819,72588831,151671650,9,0,0,11264,10,6295253187
15313,79083310,72956953,152040263,6,0,0,54272,6,2134278372
15314,79085360,73165474,152250834,5,0,0,33792,0,6412459233
15315,79086609,73474209,152560818,9,0,0,72704,10,6474255857
15316,79089850,72968394,152058244,1,0,0,1024,8,7673067401
15317,79093619,73266117,152359736,9,0,0,7680,10,6128303388
15318,79095119,73419360,152514479,9,0,0,126976,10,10140016754
15319,79096310,78890981,157987291,2,0,1,1024,18,3154900825
15320,79114280,78873034,157987314,8,0,1,11776,13,5687652063
15321,79117289,73541224,152658513,9,0,0,54272,10,2171558550
15322,79118370,78890619,158008989,2,0,1,5632,18,7574579714
15323,79118560,72553492,151672052,1,0,0,512,8,3343004112
15324,79120700,78888670,158009370,9,0,1,8192,10,9120667531
15325,79121711,78906932,158028643,0,0,1,4608,14,2467673596
15326,79138619,72941236,152079855,9,0,0,6656,10,2241326159
15327,79140380,73501574,152641954,5,0,0,59904,0,771604633
15328,79148980,78880969,158029949,1,0,1,2048,8,9700541820
15329,79152340,78880195,158032535,9,0,1,4096,10,573104133
15330,79157600,73095643,152253243,1,0,0,512,8,9261968111
15331,79168040,72879586,152047626,5,0,0,24064,0,7274547225
15332,79169171,78875609,158044780,0,0,1,1024,14,2368245396
15333,79176170,73667053,152843223,5,0,0,265216,0,2246179434
15334,79182621,78865065,158047686,0,0,1,4608,14,4367649730
15335,79188290,78860382,158048672,9,0,1,1536,10,10312041303
15336,79194431,73708219,152902650,3,0,0,59392,5,9700264978
15337,79207190,78843428,158050618,1,0,1,3072,8,440835091
15338,79210871,73146502,152357373,3,0,0,24064,5,8532903168
15339,79222141,72911518,152133659,3,0,0,14336,5,3092747406
15340,79236251,72875532,152111783,3,0,0,14848,5,4984248130
15341,79238710,78813534,158052244,1,0,1,2560,8,8178105742
15342,79246589,73976625,153223214,9,0,0,31744,10,5980058622
15343,79251310,73511082,152762392,5,0,0,55808,0,7556553602
15344,79266381,73023786,152290167,3,0,0,10240,5,4453942128
15345,79273110,73400558,152673668,5,0,0,49664,0,317787185
15346,79273141,73691571,152964712,3,0,0,7168,5,3161259382
15347,79281930,72574211,151856141,1,0,0,1536,8,8808224426
15348,79282121,73680376,152962497,3,0,0,39424,5,10177017740
15349,79296680,72751125,152047805,1,0,0,512,8,2807851822
15350,79301310,73617017,152918327,1,0,0,512,8,3041781164
15351,79305571,73644712,152950283,3,0,0,75264,5,9216844277
15352,79306490,73540352,152846842,6,0,0,11776,6,2294214236
15353,79314860,74265288,153580148,5,0,0,1536,0,2126439198
15354,79317300,78740756,158058056,9,0,1,9216,10,3625230361
15355,79321590,78740127,158061717,1,0,1,512,8,6426019131
15356,79322460,78739603,158062063,9,0,1,512,10,7995745469
15357,79322720,74150235,153472955,1,0,0,512,8,3242246920
15358,79329231,78733498,158062729,4,0,1,1024,5,6341409195
15359,79332810,72920254,152253064,1,0,0,512,8,3527804787
15360,79340530,78722545,158063075,9,0,1,512,10,5949745161
15361,79346710,73082113,152428823,5,0,0,7168,0,8841771838
15362,79360931,72662773,152023704,6,0,0,7168,6,789013093
15363,79362310,73709498,153071808,6,0,0,32256,6,3982098174
15364,79373509,73158423,152531932,9,0,0,6656,10,848221908
15365,79378400,73502340,152880740,5,0,0,96768,0,5623625885
15366,79378441,73548832,152927273,6,0,0,27136,6,7587828755
15367,79380630,73779617,153160247,5,0,0,49664,0,8070119489
15368,79388320,78689038,158077358,9,0,1,3584,10,9058633306
15369,79393291,73524857,152918148,3,0,0,30720,5,2187858922
15370,79446999,73527260,152974259,9,0,0,31232,10,1772433126
15371,79461510,78616514,158078024,9,0,1,1024,10,688353610
15372,79475440,72457120,151932560,5,0,0,13312,0,36403157
15373,79477591,73735882,153213473,6,0,0,97792,6,2213360446
15374,79479450,73895239,153374689,5,0,0,57344,0,9812312588
15375,79490871,73108200,152599071,3,0,0,64000,5,7030336595
15376,79494350,73650734,153145084,5,0,0,49152,0,418667774
15377,79495439,72757446,152252885,9,0,0,6656,10,3139545236
15378,79523930,78556040,158079970,9,0,1,3072,10,10039176321
15379,79527311,78555387,158082698,4,0,1,12288,5,10102153111
15380,79532169,73319064,152851233,9,0,0,14336,10,910549369
15381,79533609,72848737,152382346,9,0,0,25088,10,746734505
15382,79550720,78546134,158096854,9,0,1,4608,10,2594927951
15383,79551011,73792321,153343332,6,0,0,102400,6,6484943297
15384,79558171,73722501,153280672,6,0,0,24576,6,5825992284
15385,79561420,73552418,153113838,6,0,0,106496,6,638670098
15386,79562270,73604583,153166853,5,0,0,8192,0,10724253298
15387,79566519,73563566,153130085,9,0,0,53248,10,7496078901
15388,79566810,72807792,152374602,1,0,0,1024,8,6136548007
15389,79574901,74130309,153705210,3,0,0,163840,5,2958505718
15390,79582080,78517764,158099844,2,0,1,4608,18,5996653049
15391,79583770,73366692,152950462,1,0,0,512,8,1708684063
15392,79588250,78514736,158102986,2,0,1,5120,18,8458238375
15393,79594440,78508892,158103332,2,0,1,512,18,5087003918
15394,79607090,78497868,158104958,2,0,1,2560,18,5868734752
15395,79610870,73807636,153418506,5,0,0,10240,0,5341102366
15396,79611140,72927170,152538310,5,0,0,2048,0,2633588645
15397,79616890,78488734,158105624,2,0,1,1024,18,9373320204
15398,79644650,78468386,158113036,9,0,1,11776,10,9466028688
15399,79660650,78454332,158114982,9,0,1,3072,10,5155401896
15400,79661760,78458164,158119924,2,0,1,11264,18,8320805488
15401,79662260,78464349,158126609,2,0,1,5632,18,1693190334
15402,79666259,73688699,153354958,9,0,0,5120,10,28594531
15403,79666770,78468836,158135606,3,0,1,1024,5,1146201469
15404,79668920,78470232,158139152,2,0,1,5632,18,10354059950
15405,79682590,74115734,153798324,5,0,0,107008,0,1978261830
15406,79683041,72992998,152676039,3,0,0,7680,5,9158324099
15407,79688329,73660711,153349040,9,0,0,17920,10,6959847267
15408,79693520,73479684,153173204,1,0,0,1024,8,1622389061
15409,79693821,73897270,153591091,3,0,0,35840,5,3294266766
15410,79696360,74258090,153954450,5,0,0,67072,0,6330199502
15411,79704340,72873954,152578294,5,0,0,12288,0,9964864418
15412,79705139,73301368,153006507,9,0,0,20480,10,1431799365
15413,79731271,73153236,152884507,3,0,0,12288,5,2849977421
15414,79741440,73880743,153622183,5,0,0,50176,0,8388954821
15415,79753120,78388298,158141418,3,0,1,3584,5,7159403516
15416,79759040,78419603,158178643,3,0,1,11776,5,3716910570
15417,79761180,73623642,153384822,1,0,0,512,8,2061242150
15418,79764210,78425471,158189681,9,0,1,11264,10,4954040106
15419,79771120,74099167,153870287,5,0,0,39424,0,8941033270
15420,79775480,78415187,158190667,9,0,1,1536,10,6340054381
15421,79779940,73609280,153389220,1,0,0,512,8,5772049648
15422,79786449,73767445,153553894,9,0,0,60928,10,489907562
15423,79792560,73262550,153055110,1,0,0,512,8,6338100161
15424,79793650,73379219,153172869,5,0,0,15872,0,4525149270
15425,79802469,73106296,152908765,9,0,0,19968,10,8849828738
15426,79817210,78376043,158193253,3,0,1,4096,5,8488679341
15427,79828539,73937158,153765697,9,0,0,23040,10,7807601692
15428,79831700,74189081,154020781,5,0,0,105472,0,10351291845
15429,79836540,78361859,158198399,2,0,1,8192,18,5032860439
15430,79838411,78406505,158244916,7,0,1,7168,13,2606484592
15431,79851480,78393782,158245262,3,0,1,512,5,3479376423
15432,79852380,78395148,158247528,1,0,1,3584,8,10089138212
15433,79857250,78397052,158254302,2,0,1,8192,18,4888632330
15434,79863360,78391608,158254968,2,0,1,1024,18,9489341520
15435,79865120,73053854,152918974,1,0,0,2048,8,7141192886
15436,79870269,74235616,154105885,9,0,0,237568,10,2379105287
15437,79887749,73998317,153886066,9,0,0,51712,10,8701839722
15438,79893211,73271115,153164326,3,0,0,13312,5,3123150489
15439,79900489,73572287,153472776,9,0,0,34816,10,9007408340
15440,79904921,78350406,158255327,7,0,1,9728,13,4685480630
15441,79909430,78347523,158256953,3,0,1,2560,5,2247224703
15442,79911130,78346809,158257939,9,0,1,1536,10,3438407532
15443,79921170,74004305,153925475,1,0,0,1536,8,9805069637
15444,79923950,73934302,153858252,5,0,0,94720,0,5923644894
15445,79927070,78335055,158262125,3,0,1,6656,5,2634682476
15446,79934140,78333518,158267658,2,0,1,7680,18,10047342077
15447,79943889,73651568,153595457,9,0,0,12800,10,3509862195
15448,79945581,78333702,158279283,7,0,1,2048,13,3500624299
15449,79955590,78324359,158279949,3,0,1,1024,5,9335681312
15450,79959960,78320655,158280615,3,0,1,1024,5,9068384573
15451,79960400,73619257,153579657,5,0,0,84480,0,4190304352
15452,79962429,73080589,153043018,9,0,0,512,10,4289346742
15453,79963200,78329741,158292941,3,0,1,4608,5,5401440501
15454,79974329,74562340,154536669,9,0,0,43520,10,9702122280
15455,79984031,74047923,154031954,3,0,0,35840,5,7455755209
15456,80003760,78301182,158304942,3,0,1,2048,5,1873805772
15457,80003970,78305634,158309604,2,0,1,9216,18,6424967457
15458,80010570,78306539,158317109,3,0,1,2560,5,4380768590
15459,80017520,73326037,153343557,1,0,0,512,8,738633785
15460,80020530,78313370,158333900,2,0,1,5120,18,10283381271
15461,80024850,78310624,158335474,1,0,1,512,8,1811852220
15462,80025450,78311330,158336780,3,0,1,2048,5,2354625121
15463,80029270,78309136,158338406,1,0,1,2560,8,4851961021
15464,80034350,78306642,158340992,6,0,1,4096,6,1402474080
15465,80036410,73225520,153261930,5,0,0,17408,0,10045913322
15466,80045390,78397497,158442887,2,0,1,3584,18,996010063
15467,80047280,78401845,158449125,2,0,1,9216,18,823312458
15468,80078270,78378061,158456331,3,0,1,8192,5,2680550746
15469,80086240,78371717,158457957,2,0,1,2560,18,3848536140
15470,80089520,78380544,158470064,9,0,1,7168,10,2271782026
15471,80095951,73130422,153226373,3,0,0,10240,5,9493650309
15472,80098900,78405563,158504463,3,0,1,5120,5,8449384425
15473,80099219,74016545,154115764,9,0,0,17408,10,8219148554
15474,80099560,78413887,158513447,9,0,1,1536,10,3851441750
15475,80099890,73351148,153451038,5,0,0,40960,0,1700760483
15476,80107111,78406359,158513470,4,0,1,1024,5,10416575930
15477,80120200,78393293,158513493,9,0,1,2048,10,6101421744
15478,80127100,78386416,158513516,9,0,1,1024,10,8345302886
15479,80127851,78385688,158513539,4,0,1,6144,5,8248580212
15480,80129070,73180252,153309322,1,0,0,2048,8,3516273848
15481,80131241,78382321,158513562,4,0,1,7680,5,5478311026
15482,80133010,78380575,158513585,6,0,1,12800,6,2971389061
15483,80136410,78379675,158516085,9,0,1,6656,10,241194665
15484,80139211,73785566,153924777,3,0,0,126976,5,9249331604
15485,80139710,73361072,153500782,1,0,0,2560,8,605289322
15486,80144380,78379634,158524014,6,0,1,2048,6,5398800123
15487,80147730,78377484,158525214,9,0,1,10752,10,7663207782
15488,80160880,78382338,158543218,6,0,1,13824,6,7970257954
15489,80166540,78426612,158593152,3,0,1,10240,5,807780563
15490,80167899,73294238,153462137,9,0,0,36352,10,9868180890
15491,80173579,73585075,153758654,9,0,0,47104,10,4274249778
15492,80173830,78442768,158616598,9,0,1,6144,10,428520640
15493,80175930,78442758,158618688,6,0,1,3072,6,4546993830
15494,80176759,73414667,153591426,9,0,0,1024,10,4287795690
15495,80177180,78444094,158621274,9,0,1,4096,10,1941761532
15496,80181050,78459793,158640843,9,0,1,3072,10,4812896210
15497,80184630,78456559,158641189,8,0,1,512,13,4393884990
15498,80188630,78455465,158644095,8,0,1,4608,13,485627179
15499,80193330,78452807,158646137,2,0,1,2560,18,4520849892
15500,80199209,73517435,153716644,9,0,0,37376,10,3078632654
15501,80203270,78458111,158661381,2,0,1,17408,18,8921583952
15502,80203410,78485786,158689196,2,0,1,5120,18,8115276937
15503,80215540,78484846,158700386,8,0,1,7680,13,3597500064
15504,80218840,78483339,158702179,8,0,1,2560,13,722773638
15505,80219681,73378327,153598008,3,0,0,8192,5,1290058916
15506,80219889,74014603,154234492,9,0,0,61952,10,4495242972
15507,80222160,78524936,158747096,8,0,1,7168,13,1687342068
15508,80223610,78523509,158747119,2,0,1,5120,18,1482545661
15509,80223850,78523471,158747321,9,0,1,14336,10,1287633461
15510,80224830,78522514,158747344,8,0,1,14336,13,9140486618
15511,80226531,73702054,153928585,3,0,0,9216,5,8780250622
15512,80230490,78524255,158754745,3,0,1,2048,5,7244757957
15513,80231570,78523230,158754800,3,0,1,5632,5,7413532176
15514,80237019,73579112,153816131,9,0,0,58368,10,8673291222
15515,80239220,78515603,158754823,3,0,1,1536,5,6860602138
15516,80249900,78526201,158776101,2,0,1,6144,18,9945455768
15517,80251440,78526298,158777738,2,0,1,1024,18,5893993196
15518,80255030,78523273,158778303,9,0,1,1024,10,4360906236
15519,80274680,78504084,158778764,8,0,1,10240,13,3904651275
15520,80275711,78577118,158852829,4,0,1,3584,5,626663551
15521,80278980,78576408,158855388,9,0,1,512,10,5818481722
15522,80279740,73900707,154180447,5,0,0,66560,0,5200556610
15523,80288769,73539255,153828024,9,0,0,4608,10,8478402016
15524,80289371,78568923,158858294,4,0,1,4608,5,1123335456
15525,80295350,78582683,158878033,9,0,1,10240,10,1346663380
15526,80297290,78583649,158880939,5,0,1,4608,0,2077820218
15527,80298010,78583595,158881605,8,0,1,1024,13,8733579450
15528,80299809,73685788,153985597,9,0,0,4096,10,8809329208
15529,80302930,78580621,158883551,9,0,1,3072,10,6024469606
15530,80308940,78614598,158923538,9,0,1,3072,10,9908042906
15531,80309390,73906203,154215593,5,0,0,114176,0,2323094075
15532,80329360,78595164,158924524,5,0,1,1536,0,7551436557
15533,80330591,78594599,158925190,4,0,1,1024,5,8902730769
15534,80333070,78593746,158926816,9,0,1,2560,10,9000514666
15535,80343570,78586472,158930042,5,0,1,5120,0,9397381465
15536,80344721,78588547,158933268,7,0,1,5120,13,10296853919
15537,80348680,73585255,153933935,5,0,0,17408,0,195167853
15538,80349600,78585614,158935214,5,0,1,3072,0,7364721303
15539,80355401,74221255,154576656,3,0,0,9728,5,5811277088
15540,80361951,78575209,158937160,4,0,1,3072,5,3415478663
15541,80385260,78562136,158947396,8,0,1,13824,13,1600240894
15542,80385310,73540367,153925677,1,0,0,512,8,8773672966
15543,80389020,78567139,158956159,9,0,1,4608,10,5858547965
15544,80392010,78571415,158963425,9,0,1,2048,10,422917067
15545,80392820,78570861,158963681,9,0,1,9216,10,4734503773
15546,80394950,78612514,159007464,9,0,1,5120,10,6392367725
15547,80395240,78612247,159007487,8,0,1,3584,13,6381365724
15548,80396181,73713939,154110120,3,0,0,13824,5,6147193814
15549,80402471,78612128,159014599,4,0,1,1024,5,688796730
15550,80417641,78596981,159014622,4,0,1,3072,5,10371687019
15551,80417830,78597782,159015612,8,0,1,10752,13,9560112951
15552,80424130,78593245,159017375,9,0,1,3584,10,5057285941
15553,80432481,73875083,154307564,3,0,0,7680,5,2383090263
15554,80432910,78585451,159018361,5,0,1,1536,0,4917081109
15555,80440590,73669778,154110368,1,0,0,512,8,10222496195
15556,80441969,74034903,154476872,9,0,0,20480,10,106780002
15557,80443100,78579767,159022867,9,0,1,7168,10,1799934963
15558,80448431,78580248,159028679,4,0,1,9216,5,6968280821
15559,80453191,78575834,159029025,4,0,1,512,5,85082456
15560,80467300,73767893,154235193,1,0,0,512,8,358815843
15561,80467971,73486666,153954637,4,0,0,512,5,7377852213
15562,80470729,73898864,154369593,9,0,0,58880,10,357820397
15563,80480380,78553830,159034210,5,0,1,16384,0,405937077
15564,80483140,78551736,159034876,9,0,1,1024,10,4528358979
15565,80488089,73763592,154251681,9,0,0,4608,10,4692156170
15566,80488780,78547082,159035862,6,0,1,1536,6,177361330
15567,80491411,73743595,154235006,4,0,0,512,5,2708861704
15568,80499320,73641239,154140559,1,0,0,1536,8,8140563365
15569,80501371,78538677,159040048,4,0,1,6656,5,5228361924
15570,80508361,73727415,154235776,4,0,0,512,5,9993912041
15571,80512070,78535979,159048049,9,0,1,4096,10,767905899
15572,80545471,73754326,154299797,3,0,0,12288,5,2015457970
15573,80555280,73681611,154236891,5,0,0,3584,0,3818130725
15574,80558931,78491384,159050315,4,0,1,3584,5,10094598643
15575,80566951,78488190,159055141,4,0,1,7680,5,1296522215
15576,80585480,78470020,159055500,5,0,1,9728,0,7798073378
15577,80592510,73565511,154158021,1,0,0,512,8,2365376401
15578,80599001,73549462,154148463,4,0,0,1024,5,8924415436
15579,80601270,78468920,159070190,6,0,1,7680,6,6635195282
15580,80607421,73697780,154305201,3,0,0,14336,5,9827016325
15581,80613530,73567252,154180782,1,0,0,1024,8,1848573777
15582,80616490,78467335,159083825,9,0,1,3072,10,6034109956
15583,80616720,73620685,154237405,1,0,0,512,8,3661551058
15584,80617851,78468560,159086411,0,0,1,4096,14,10575616996
15585,80620519,74012725,154633244,9,0,0,7168,10,9937635694
15586,80628160,78458597,159086757,6,0,1,512,6,9532800776
15587,80630069,73927215,154557284,9,0,0,67584,10,3431726558
15588,80631291,73708899,154340190,4,0,0,3584,5,6232616103
15589,80634149,73639354,154273503,9,0,0,38400,10,2953697600
15590,80643530,73593696,154237226,1,0,0,1024,8,499576221
15591,80643720,78443703,159087423,9,0,1,1024,10,4459712962
15592,80654141,73717699,154371840,4,0,0,512,5,1467597878
15593,80656020,73997677,154653697,5,0,0,30720,0,3356162261
15594,80658440,78429969,159088409,5,0,1,1536,0,9862540427
15595,80659611,73751525,154411136,3,0,0,18432,5,1534682875
15596,80681161,73553666,154234827,4,0,0,1024,5,2502703234
15597,80690390,74082056,154772446,5,0,0,98304,0,2987731782
15598,80696170,78396425,159092595,9,0,1,6656,10,8877431302
15599,80703690,78436956,159140646,9,0,1,12288,10,3596035454
15600,80707570,73527848,154235418,1,0,0,512,8,8702414744
15601,80708480,78486729,159195209,9,0,1,2048,10,10701195330
15602,80712270,78509196,159221466,9,0,1,1024,10,1055083988
15603,80717550,73518047,154235597,1,0,0,512,8,9635243552
15604,80727599,74003612,154731211,9,0,0,11776,10,10119143914
15605,80736040,78488332,159224372,9,0,1,4608,10,9444077926
15606,80736191,73564276,154300467,4,0,0,1536,5,7797435239
15607,80737270,78487256,159224526,9,0,1,8704,10,979775408
15608,80744120,73834587,154578707,5,0,0,6656,0,3151699222
15609,80746600,73693576,154440176,5,0,0,56320,0,2429068610
15610,80763559,73634029,154397588,9,0,0,3072,10,7105677760
15611,80764799,73531052,154295851,9,0,0,26624,10,3403102926
15612,80776191,73745261,154521452,3,0,0,34304,5,5558690200
15613,80779810,73494028,154273838,1,0,0,1024,8,9283484041
15614,80781180,78448153,159229333,5,0,1,3072,0,3646753157
15615,80795810,78433546,159229356,9,0,1,1024,10,8668154923
15616,80797980,73501996,154299976,1,0,0,512,8,9898865092
15617,80802540,78428258,159230798,9,0,1,512,10,1324592029
15618,80810391,73490419,154300810,4,0,0,1024,5,5554919198
15619,80815341,73480689,154296030,4,0,0,512,5,10244475344
15620,80816321,73976896,154793217,3,0,0,68096,5,10002091987
15621,80819060,74023904,154842964,1,0,0,1024,8,812088108
15622,80834020,73606491,154440511,1,0,0,1024,8,6481442190
15623,80835720,78401708,159237428,6,0,1,4096,6,5663589635
15624,80841180,78396271,159237451,9,0,1,2048,10,7981286655
15625,80853050,73627734,154480784,1,0,0,3072,8,3607048048
15626,80862290,78375626,159237916,9,0,1,5120,10,4665034955
15627,80877460,78385383,159262843,6,0,1,12800,6,2627954644
15628,80878139,73730852,154608991,9,0,0,27648,10,6270217088
15629,80883369,73640001,154523370,9,0,0,6144,10,84290667
15630,80896640,78393490,159290130,9,0,1,2048,10,2367801643
15631,80897449,73772641,154670090,9,0,0,10752,10,5608301819
15632,80914741,74051255,154965996,3,0,0,22016,5,6386204733
15633,80917411,74049332,154966743,4,0,0,2048,5,2686254915
15634,80923801,73685525,154609326,4,0,0,1024,5,5246308068
15635,80926751,73768726,154695477,4,0,0,1024,5,110241255
15636,80944920,78377773,159322693,3,0,1,8704,5,5336344174
15637,80947440,73422332,154369772,1,0,0,512,8,8202652091
15638,80951480,78371236,159322716,9,0,1,8704,10,8972925406
15639,80966931,73663226,154630157,3,0,0,1024,5,1570711621
15640,80991870,78330869,159322739,3,0,1,3072,5,1304976163
15641,81006681,73603159,154609840,4,0,0,512,5,700556263
15642,81007210,74008363,155015573,1,0,0,512,8,9998943860
15643,81028871,73839167,154868038,4,0,0,1536,5,3531349051
15644,81031351,78313821,159345172,0,0,1,4608,14,7231287668
15645,81041770,78303748,159345518,9,0,1,512,10,5910383173
15646,81047349,74034434,155081783,9,0,0,6144,10,5937482138
15647,81050750,73772436,154823186,5,0,0,24576,0,2858126138
15648,81054990,73541866,154596856,1,0,0,1024,8,479250394
15649,81060541,73602133,154662674,3,0,0,1536,5,7662514416
15650,81066970,78282414,159349384,9,0,1,6144,10,2732424593
15651,81075220,73884045,154959265,5,0,0,48128,0,4776262727
15652,81100041,73727167,154827208,4,0,0,2560,5,2279545851
15653,81109660,73608041,154717701,5,0,0,29696,0,24095907
15654,81119720,73489941,154609661,1,0,0,1024,8,10178786011
15655,81135500,73518376,154653876,1,0,0,512,8,2160778019
15656,81140681,78223753,159364434,4,0,1,11264,5,4175436261
15657,81142780,73832473,154975253,5,0,0,27648,0,2891121871
15658,81152460,73785873,154938333,5,0,0,201216,0,150812564
15659,81153040,78213020,159366060,3,0,1,2560,5,3262368182
15660,81159710,78291899,159451609,6,0,1,11264,6,3593923723
15661,81164620,78288231,159452851,6,0,1,2560,6,3223074073
15662,81190770,78263707,159454477,9,0,1,2560,10,9378373670
15663,81196130,78265093,159461223,3,0,1,1024,5,6052307342
15664,81198800,78265792,159464592,1,0,1,1536,8,5826375524
15665,81206181,78258434,159464615,0,0,1,2048,14,7222964191
15666,81208420,78256218,159464638,3,0,1,512,5,735945763
15667,81209800,78262576,159472376,1,0,1,7168,8,3727763745
15668,81209810,78282750,159492560,3,0,1,2048,5,9357064094
15669,81212070,73773525,154985595,5,0,0,33792,0,10295421965
15670,81213250,73860767,155074017,5,0,0,34304,0,10574187904
15671,81214210,78278696,159492906,6,0,1,512,6,7763223491
15672,81214880,78286574,159501454,1,0,1,512,8,195794981
15673,81217920,73409165,154627085,1,0,0,1024,8,2006861909
15674,81226120,73876105,155102225,5,0,0,42496,0,6661683629
15675,81226381,73646787,154873168,3,0,0,1024,5,1511969748
15676,81233271,73500128,154733399,4,0,0,1024,5,8825042809
15677,81238780,73760862,154999642,1,0,0,512,8,5388340731
15678,81241541,73834353,155075894,4,0,0,4608,5,563016027
15679,81248780,78255260,159504040,5,0,1,4096,0,10569847459
15680,81250950,78255036,159505986,3,0,1,3072,5,828049192
15681,81259700,78253163,159512863,6,0,1,2560,6,9701296479
15682,81260440,78252446,159512886,1,0,1,1024,8,1985714008
15683,81269130,78243779,159512909,3,0,1,1536,5,9837711301
15684,81269460,78243472,159512932,9,0,1,512,10,6746460383
15685,81271360,78242242,159513602,9,0,1,1536,10,7512272892
15686,81281140,78240846,159521986,3,0,1,7168,5,1330559747
15687,81293989,73758777,155052766,9,0,0,58880,10,3238652865
15688,81297620,78255100,159552720,9,0,1,1536,10,3266177726
15689,81302880,78255241,159558121,6,0,1,10240,6,6734431099
15690,81310900,78269105,159580005,9,0,1,512,10,10320821321
15691,81312770,78337131,159649901,6,0,1,11264,6,7878906817
15692,81316120,73532332,154848452,5,0,0,512,0,9851219451
15693,81322960,78328349,159651309,3,0,1,512,5,4802479167
15694,81330191,74016049,155346240,4,0,0,62464,5,7774110063
15695,81332560,78411857,159744417,1,0,1,15360,8,1036178279
15696,81333720,78414025,159747745,6,0,1,8704,6,10081122610
15697,81336590,73381758,154718348,1,0,0,2048,8,10245809924
15698,81338480,73605960,154944440,5,0,0,19968,0,9153477894
15699,81343081,73505169,154848250,3,0,0,1024,5,315355586
15700,81343930,78547333,159891263,6,0,1,5632,6,2401722516
15701,81345200,78548329,159893529,6,0,1,3584,6,3082870904
15702,81346071,78561891,159907962,0,0,1,512,14,5752115343
15703,81350630,78561819,159912449,2,0,1,512,18,2711913645
15704,81352990,73833192,155186182,5,0,0,19968,0,2223183480
15705,81364459,73939942,155304401,9,0,0,32256,10,10196393528
15706,81365061,78548976,159914037,0,0,1,15872,14,10089050972
15707,81368050,78662042,160030092,3,0,1,2048,5,8181589082
15708,81376810,78653484,160030294,5,0,1,5120,0,2036444972
15709,81378820,78651497,160030317,2,0,1,6144,18,9628150522
15710,81381230,73970673,155351903,1,0,0,1536,8,1330431550
15711,81381890,78703403,160085293,9,0,1,5632,10,4512553248
15712,81387090,78706649,160093739,6,0,1,2560,6,8130895454
15713,81389700,78720353,160110053,9,0,1,5632,10,4497966855
15714,81390080,78722275,160112355,9,0,1,4096,10,8675273440
15715,81392039,73768060,155160099,9,0,0,73728,10,4140069459
15716,81392900,78791578,160184478,9,0,1,1536,10,8382662221
15717,81393950,78901727,160295677,6,0,1,34304,6,10511718801
15718,81394240,79005924,160400164,3,0,1,5632,5,7690721706
15719,81399551,79036016,160435567,0,0,1,4096,14,9409375611
15720,81399730,74197097,155596827,5,0,0,24576,0,4077989763
15721,81407751,73578071,154985822,3,0,0,512,5,414897251
15722,81408021,73756781,155164802,4,0,0,15360,5,6164597291
15723,81409150,73990748,155399898,1,0,0,512,8,4956856543
15724,81410721,74045753,155456474,4,0,0,31744,5,845326236
15725,81420851,79018902,160439753,0,0,1,6656,14,4118506596
15726,81421401,79076377,160497778,0,0,1,1024,14,5680440612
15727,81430571,79067230,160497801,0,0,1,1536,14,537449783
15728,81435300,73804369,155239669,5,0,0,38912,0,6070668959
15729,81436890,74434676,155871566,5,0,0,94720,0,6026884350
15730,81442890,79054934,160497824,6,0,1,1024,6,3712652504
15731,81450561,73623860,155074421,3,0,0,1024,5,5326257957
15732,81450650,79050330,160500980,1,0,1,5120,8,1524202197
15733,81451760,73943569,155395329,1,0,0,512,8,8481767292
15734,81453249,74302164,155755413,9,0,0,121856,10,7833267643
15735,81455360,79102793,160558153,1,0,1,512,8,337767859
15736,81461330,74012794,155474124,1,0,0,1024,8,10666046438
15737,81464740,79093436,160558176,9,0,1,4096,10,138658200
15738,81465450,79092928,160558378,2,0,1,6144,18,5367411516
15739,81469450,79088959,160558409,9,0,1,1024,10,9013422674
15740,81469871,79088561,160558432,0,0,1,11776,14,1848585332
15741,81474719,74040540,155515259,9,0,0,91648,10,6044636230
15742,81483240,74126590,155609830,5,0,0,42496,0,8571391915
15743,81486421,79072034,160558455,0,0,1,3584,14,182646318
15744,81493390,79133743,160627133,9,0,1,1024,10,245761388
15745,81494350,79132806,160627156,9,0,1,2560,10,2963213360
15746,81500010,79138417,160638427,1,0,1,4096,8,3774996341
15747,81500181,74112713,155612894,3,0,0,1536,5,3785050652
15748,81521950,79117182,160639132,2,0,1,10240,18,330567533
15749,81525200,74280444,155805644,5,0,0,35328,0,9410917255
15750,81527050,79114195,160641245,2,0,1,3072,18,1603320039
15751,81530580,79112124,160642704,5,0,1,2560,0,8379253630
15752,81531111,74920373,156451484,4,0,0,85504,5,9314080254
15753,81539300,79116629,160655929,1,0,1,5632,8,9255653399
15754,81540890,79132447,160673337,1,0,1,4608,8,7309047259
15755,81549930,79123753,160673683,1,0,1,512,8,10569510760
15756,81554840,79119509,160674349,2,0,1,1024,18,8738649568
15757,81555489,74214955,155770444,9,0,0,49152,10,6368423234
15758,81555900,73738650,155294550,5,0,0,19968,0,5277031148
15759,81558740,79116275,160675015,2,0,1,1024,18,6597672384
15760,81560911,73912776,155473687,3,0,0,2048,5,6645922004
15761,81561930,79180397,160742327,2,0,1,10240,18,6921052556
15762,81563970,73923249,155487219,1,0,0,1536,8,3582784992
15763,81565179,73898666,155463845,9,0,0,19968,10,2751653644
15764,81569240,74019984,155589224,5,0,0,163840,0,7681353463
15765,81569311,74225538,155794849,4,0,0,10240,5,6365213150
15766,81570021,74146379,155716400,4,0,0,69120,5,3095407563
15767,81577690,79164660,160742350,9,0,1,2048,10,5591007170
15768,81579730,79162643,160742373,5,0,1,1536,0,9292823456
15769,81589830,79157042,160746872,1,0,1,10240,8,8126181011
15770,81615990,73840663,155456653,1,0,0,512,8,3911155718
15771,81622721,74072596,155695317,3,0,0,95232,5,9170086993
15772,81630120,74241797,155871917,1,0,0,1024,8,6186678653
15773,81635220,79211972,160847192,9,0,1,27136,10,4030786586
15774,81648531,74185549,155834080,4,0,0,70144,5,9359589382
15775,81649069,74163616,155812685,9,0,0,22528,10,2084022932
15776,81650749,74417907,156068656,9,0,0,15360,10,9139105647
15777,81655049,73957354,155612403,9,0,0,8192,10,7668050460
15778,81659910,79253750,160913660,1,0,1,4096,8,6413062255
15779,81665611,74118740,155784351,4,0,0,45568,5,10238862604
15780,81673750,74276377,155950127,5,0,0,27136,0,8951544719
15781,81676490,79337885,161014375,9,0,1,15872,10,5859265702
15782,81678140,79336749,161014889,9,0,1,5120,10,1088736290
15783,81680259,74255782,155936041,9,0,0,34304,10,5697512370
15784,81682870,79332042,161014912,1,0,1,6144,8,7229711764
15785,81683831,74824515,156508346,4,0,0,18944,5,5151559804
15786,81684130,79330805,161014935,5,0,1,1024,0,3892599644
15787,81695910,74141282,155837192,5,0,0,9728,0,6680725748
15788,81702970,79323514,161026484,1,0,1,2048,8,7509787379
15789,81706450,79366998,161073448,5,0,1,19968,0,5628973640
15790,81713170,79365732,161078902,1,0,1,6656,8,3080089613
15791,81717920,79363888,161081808,9,0,1,4608,10,3251603316
15792,81719870,74293958,156013828,1,0,0,2560,8,10271336109
15793,81727971,73990237,155718208,3,0,0,4608,5,348336945
15794,81728481,74063225,155791706,4,0,0,24064,5,6231512389
15795,81729280,79355025,161084305,6,0,1,512,6,5050774720
15796,81736090,79348561,161084651,9,0,1,512,10,7917810623
15797,81737900,79348697,161086597,5,0,1,3072,0,2625702229
15798,81741490,79351262,161092752,2,0,1,16384,18,3878186719
15799,81744380,79391578,161135958,5,0,1,5120,0,9319731035
15800,81747030,79533258,161280288,9,0,1,5632,10,973715512
15801,81761530,79518781,161280311,2,0,1,1536,18,6780326607
15802,81772390,79518575,161290965,1,0,1,2560,8,1850849826
15803,81775349,74375012,156150361,9,0,0,29696,10,2215849653
15804,81784951,74099469,155884420,4,0,0,40960,5,6846515965
15805,81789070,79501926,161290996,9,0,1,1024,10,2292850052
15806,81792070,79498949,161291019,2,0,1,1536,18,5452227036
15807,81792131,74220848,156012979,3,0,0,45568,5,8151030322
15808,81793750,73922985,155716735,1,0,0,1024,8,9865472308
15809,81796590,79518400,161314990,5,0,1,14336,0,3297135894
15810,81797349,74045326,155842675,9,0,0,17920,10,3969482064
15811,81798090,79581270,161379360,1,0,1,1536,8,4853256719
15812,81802920,74285073,156087993,1,0,0,2048,8,607510057
15813,81807750,79627893,161435643,6,0,1,17408,6,9760194757
15814,81808100,79648632,161456732,6,0,1,5120,6,9177415799
15815,81813800,79645624,161459424,5,0,1,5120,0,9199926602
15816,81821020,79638558,161459578,6,0,1,8704,6,1048567535
15817,81830700,79664411,161495111,5,0,1,14336,0,3492018581
15818,81830920,79764299,161595219,6,0,1,10752,6,6979547444
15819,81835240,79760657,161595897,1,0,1,8704,8,6347855254
15820,81838900,79757199,161596099,5,0,1,5120,0,7665739598
15821,81843960,79817934,161661894,1,0,1,8192,8,3022899477
15822,81843990,79825126,161669116,2,0,1,3584,18,8306788654
15823,81846950,79838264,161685214,9,0,1,5120,10,255767738
15824,81849679,74072065,155921744,9,0,0,1536,10,3308358011
15825,81868930,79818230,161687160,9,0,1,3072,10,4374154262
15826,81869920,79821746,161691666,2,0,1,7168,18,4321452914
15827,81872420,79820872,161693292,6,0,1,2560,6,631769961
15828,81876220,74011827,155888047,5,0,0,11776,0,2610702045
15829,81879590,74134417,156014007,1,0,0,512,8,5132935311
15830,81888740,79806178,161694918,1,0,1,2560,8,4298332903
15831,81894850,79802654,161697504,9,0,1,4096,10,5054697695
15832,81896330,74045506,155941836,5,0,0,18944,0,4206969832
15833,81902810,79796000,161698810,5,0,1,2048,0,2448606250
15834,81904090,79794874,161698964,1,0,1,8704,8,6618982600
15835,81913770,79789700,161703470,6,0,1,7168,6,7558327418
15836,81918101,74131916,156050017,4,0,0,9728,5,10341477646
15837,81920280,79869583,161789863,2,0,1,17920,18,4074351991
15838,81921800,79875137,161796937,9,0,1,14848,10,6043150911
15839,81922480,79912606,161835086,5,0,1,512,0,7191007334
15840,81922951,74275754,156198705,4,0,0,8704,5,9487593098
15841,81924409,74131789,156056198,9,0,0,1536,10,1068592614
15842,81924690,79910419,161835109,3,0,1,14336,5,6784307034
15843,81928910,79906246,161835156,1,0,1,5120,8,4883701905
15844,81930920,79904259,161835179,5,0,1,3072,0,2646579429
15845,81935290,79899912,161835202,2,0,1,10240,18,10657619862
15846,81936601,74150722,156087323,3,0,0,58880,5,10218162518
15847,81937840,74258190,156196030,5,0,0,25088,0,2899259056
15848,81942390,79912668,161855058,3,0,1,1536,5,1762348020
15849,81943120,79911961,161855081,2,0,1,1536,18,5119506621
15850,81943270,79918311,161861581,2,0,1,7168,18,8878157018
15851,81946960,79995368,161942328,3,0,1,4608,5,8363220135
15852,81947250,79995101,161942351,2,0,1,1024,18,8207155362
15853,81947651,74316364,156264015,4,0,0,71168,5,7895486003
15854,81948280,79994094,161942374,1,0,1,2560,8,4174931911
15855,81960870,79981714,161942584,6,0,1,2560,6,2080040800
15856,81968280,79974327,161942607,9,0,1,512,10,1947540866
15857,81968560,79974070,161942630,8,0,1,2560,13,9998572783
15858,81968890,74780270,156749160,5,0,0,45568,0,833953544
15859,81972280,79974452,161946732,5,0,1,1536,0,7556593610
15860,81974720,74404261,156378981,5,0,0,79360,0,6563950167
15861,81976211,74345686,156321897,3,0,0,58368,5,4108049447
15862,81978440,79968315,161946755,6,0,1,512,6,4043731470
15863,81985910,79960876,161946786,9,0,1,5120,10,8055124004
15864,81993800,79966922,161960722,1,0,1,9216,8,8772010682
15865,81996121,79981567,161977688,7,0,1,4096,13,7543607532
15866,82003921,74477106,156481027,4,0,0,55808,5,7964945257
15867,82004680,79997125,162001805,9,0,1,512,10,9617130417
15868,82004780,79997048,162001828,5,0,1,2048,0,9510844951
15869,82004850,79997001,162001851,9,0,1,512,10,728385588
15870,82004880,79996994,162001874,9,0,1,3072,10,1865923441
15871,82006610,74081718,156088328,1,0,0,1024,8,3449450553
15872,82009531,74166588,156176119,3,0,0,25088,5,2610712116
15873,82015000,79986897,162001897,2,0,1,1024,18,31645450
15874,82017390,79984530,162001920,3,0,1,10752,5,6140353672
15875,82018040,79995071,162013111,6,0,1,512,6,3600718893
15876,82020610,79994447,162015057,1,0,1,3072,8,7577638047
15877,82025280,80036549,162061829,5,0,1,8192,0,7991449378
15878,82026910,80035589,162062499,3,0,1,1536,5,3163177511
15879,82027280,80035242,162062522,9,0,1,1536,10,10518805735
15880,82030150,74704729,156734879,5,0,0,110080,0,5011351572
15881,82039220,80023325,162062545,3,0,1,2560,5,6001165317
15882,82039919,74166923,156206842,9,0,0,5120,10,7734763180
15883,82049890,80012678,162062568,3,0,1,1024,5,9878716623
15884,82055920,80006671,162062591,6,0,1,7168,6,9554051427
15885,82057129,74738885,156796014,9,0,0,139776,10,532809771
15886,82066151,74542162,156608313,4,0,0,1024,5,6575903829
15887,82069070,79999506,162068576,9,0,1,5120,10,1313402226
15888,82070091,74566845,156636936,4,0,0,85504,5,5026214676
15889,82070429,74630871,156701300,9,0,0,131072,10,7958596441
15890,82072649,74342420,156415069,9,0,0,16896,10,2783413828
15891,82079920,79997071,162076991,1,0,1,3584,8,8184757910
15892,82082860,80012796,162095656,2,0,1,18432,18,355165736
15893,82086940,74648134,156735074,1,0,0,512,8,1842926680
15894,82088300,80008022,162096322,5,0,1,1024,0,5171338261
15895,82090650,80010204,162100854,6,0,1,7168,6,3204188756
15896,82093590,80011259,162104849,2,0,1,3072,18,5327509198
15897,82094670,80069841,162164511,3,0,1,7680,5,8191882575
15898,82101660,74461944,156563604,5,0,0,6144,0,5208857112
15899,82103391,74746688,156850079,4,0,0,78848,5,7567040839
15900,82104410,80061222,162165632,9,0,1,6656,10,1669674632
15901,82113260,80058722,162171982,2,0,1,3072,18,9903672967
15902,82117309,74823439,156940748,9,0,0,103936,10,6148455150
15903,82117740,80057788,162175528,5,0,1,5632,0,10704806489
15904,82120940,80055152,162176092,8,0,1,10752,13,7686281893
15905,82128311,80108771,162237082,7,0,1,3584,13,10670848762
15906,82143660,80093445,162237105,8,0,1,2048,13,1295770242
15907,82146189,74607214,156753403,9,0,0,13824,10,6679079096
15908,82157079,74226293,156383372,9,0,0,14336,10,6911193001
15909,82158670,80078637,162237307,2,0,1,512,18,1838253950
15910,82158731,80078599,162237330,7,0,1,4096,13,9329694056
15911,82159769,74816274,156976043,9,0,0,1024,10,2454661524
15912,82162510,80074851,162237361,1,0,1,4608,8,544097519
15913,82166030,80071354,162237384,2,0,1,2560,18,955113744
15914,82178611,80058796,162237407,7,0,1,25600,13,1401963595
15915,82182240,74625088,156807328,5,0,0,11264,0,3143337519
15916,82187749,74472922,156660671,9,0,0,77824,10,2946006701
15917,82187750,80063133,162250883,2,0,1,3584,18,9658735899
15918,82189300,80066236,162255536,8,0,1,4608,13,8734286279
15919,82189399,74353924,156543323,9,0,0,2560,10,1022647832
15920,82190131,80094471,162284602,7,0,1,5632,13,2130506073
15921,82198241,80091664,162289905,7,0,1,9728,13,2115929164
15922,82198420,74462898,156661318,1,0,0,2048,8,1360297671
15923,82199620,80116226,162315846,3,0,1,7168,5,2494533928
15924,82212100,80111510,162323610,8,0,1,3072,13,7092104005
15925,82215840,80213552,162429392,9,0,1,9728,10,5951285552
15926,82222589,74576778,156799367,9,0,0,10752,10,4197437845
15927,82223540,80207614,162431154,6,0,1,10240,6,4422383232
15928,82224210,80206967,162431177,3,0,1,5120,5,10282842665
15929,82224250,80206950,162431200,5,0,1,1024,0,5708277773
15930,82230870,80204997,162435867,5,0,1,5632,0,3837966567
15931,82231290,74647042,156878332,1,0,0,1024,8,2842985817
15932,82237710,80201703,162439413,3,0,1,5632,5,10197330800
15933,82241110,74562671,156803781,5,0,0,14336,0,10107163878
15934,82243850,80217522,162461372,8,0,1,8704,13,3015029169
15935,82245550,80232712,162478262,5,0,1,5120,0,6451904841
15936,82248870,80264436,162513306,8,0,1,14848,13,2553892416
15937,82265780,80259326,162525106,2,0,1,1024,18,10518450363
15938,82275711,80249426,162525137,7,0,1,2560,13,8501588315
15939,82275790,80249370,162525160,8,0,1,1536,13,7269387424
15940,82281490,80243693,162525183,5,0,1,512,0,313460667
15941,82286881,80238325,162525206,7,0,1,2048,13,8252638527
15942,82286900,80239622,162526522,2,0,1,9728,18,9462653203
15943,82292710,74442543,156735253,1,0,0,512,8,6178843865
15944,82292960,74516378,156809338,1,0,0,1536,8,5646407415
15945,82294380,80256160,162550540,3,0,1,2048,5,1583943662
15946,82301399,74817374,157118773,9,0,0,50688,10,6559766331
15947,82303190,80247373,162550563,3,0,1,8704,5,2219814464
15948,82305890,74567472,156873362,5,0,0,76288,0,2825547414
15949,82308670,80241916,162550586,6,0,1,512,6,7291111085
15950,82311250,80239359,162550609,2,0,1,9728,18,2810620501
15951,82311780,80244908,162556688,5,0,1,4096,0,9466302257
15952,82313621,74495180,156808801,3,0,0,4608,5,387765205
15953,82313650,80244659,162558309,8,0,1,1024,13,2731549146
15954,82326190,80235345,162561535,2,0,1,5120,18,9672684295
15955,82329501,74548183,156877684,3,0,0,5632,5,2445176799
15956,82334850,74474847,156809697,1,0,0,1024,8,5867151340
15957,82338790,74609515,156948305,5,0,0,13312,0,6803203550
15958,82342891,74646467,156989358,4,0,0,23040,5,974629391
15959,82344851,80224251,162569102,7,0,1,512,13,3322358422
15960,82345719,74626100,156971819,9,0,0,17408,10,8286314876
15961,82351361,80219503,162570864,7,0,1,512,13,1843911952
15962,82360190,80251960,162612150,1,0,1,24064,8,9176958266
15963,82361441,80251055,162612496,4,0,1,512,5,8490962680
15964,82364630,80250132,162614762,2,0,1,3584,18,591289924
15965,82379980,80236408,162616388,9,0,1,2560,10,4247918882
15966,82383190,80235416,162618606,6,0,1,1024,6,370245953
15967,82385220,80250587,162635807,1,0,1,4608,8,2843535833
15968,82386390,74672577,157058967,5,0,0,3072,0,539539326
15969,82387421,74486422,156873843,3,0,0,1024,5,1909853302
15970,82391429,74552797,156944226,9,0,0,11264,10,3950384571
15971,82402671,80236388,162639059,7,0,1,5120,13,4204324663
15972,82407931,74752069,157160000,3,0,0,49152,5,1935829462
15973,82408950,80230775,162639725,3,0,1,1024,5,6914471972
15974,82410589,74618267,157028856,9,0,0,20480,10,3881495780
15975,82413171,80230420,162643591,7,0,1,6144,13,169421389
15976,82415401,74710594,157125995,4,0,0,23552,5,9365480782
15977,82417280,80230497,162647777,9,0,1,6656,10,4859444
15978,82426780,74521960,156948740,1,0,0,1024,8,9206612911
15979,82427810,80221517,162649327,8,0,1,12288,13,1297467677
15980,82430250,74523026,156953276,1,0,0,2560,8,3634422484
15981,82440470,80269727,162710197,8,0,1,6656,13,5649044758
15982,82449160,80275903,162725063,2,0,1,4096,18,9885042488
15983,82450760,80274326,162725086,8,0,1,1024,13,6401815372
15984,82455230,80273737,162728967,8,0,1,12800,13,2691697070
15985,82461170,80271343,162732513,2,0,1,5632,18,9407415673
15986,82461251,80271608,162732859,4,0,1,512,5,1610711103
15987,82466390,80271526,162737916,9,0,1,5632,10,7374551182
15988,82466440,80273191,162739631,9,0,1,5120,10,3532062291
15989,82471611,80278272,162749883,7,0,1,6656,13,6303990184
15990,82473890,80281075,162754965,1,0,1,1024,8,3844335436
15991,82474951,80280037,162754988,7,0,1,512,13,5847430413
15992,82480511,80274500,162755011,7,0,1,2560,13,9959555319
15993,82499950,80256462,162756412,3,0,1,2560,5,7517380803
15994,82503721,80259599,162763320,7,0,1,6656,13,8969822781
15995,82511260,80283335,162794595,3,0,1,5120,5,5687072003
15996,82512230,80329896,162842126,1,0,1,9728,8,9867766160
15997,82512629,74889026,157401655,9,0,0,37888,10,8321142545
15998,82512720,80340395,162853115,9,0,1,8192,10,6588586653
15999,82513390,80340391,162853781,9,0,1,1024,10,7111054317
16000,82514331,80349564,162863895,7,0,1,1536,13,231529197
16001,82520990,80355254,162876244,1,0,1,6656,8,1310004598
16002,82521900,80370969,162892869,9,0,1,16384,10,3674610550
16003,82526070,80411694,162937764,8,0,1,3584,13,8491984376
16004,82528770,80409017,162937787,2,0,1,5632,18,7295658057
16005,82531161,80421854,162953015,7,0,1,6144,13,326309650
16006,82539699,74759903,157299602,9,0,0,512,10,3320569475
16007,82546400,74946167,157492567,5,0,0,50688,0,4733438500
16008,82553170,80411644,162964814,2,0,1,3584,18,2374136680
16009,82560009,74707878,157267887,9,0,0,1024,10,4782335333
16010,82573851,80419367,162993218,7,0,1,7168,13,8339916069
16011,82579241,74516878,157096119,4,0,0,7168,5,2195105322
16012,82579399,74608636,157188035,9,0,0,1024,10,10152230572
16013,82579750,74796284,157376034,5,0,0,10752,0,5733111276
16014,82582041,75012242,157594283,3,0,0,105472,5,3625219319
16015,82587120,80417176,163004296,2,0,1,2560,18,6473776015
16016,82588780,80426345,163015125,2,0,1,4096,18,1807941303
16017,82589189,74812801,157401990,9,0,0,1024,10,6977638962
16018,82597269,74896427,157493696,9,0,0,1024,10,10294366546
16019,82600501,75037817,157638318,3,0,0,76288,5,330695759
16020,82601860,80424883,163026743,9,0,1,1024,10,10363470649
16021,82607441,80422848,163030289,7,0,1,5632,13,6451051129
16022,82609050,80439827,163048877,8,0,1,512,13,7359598925
16023,82614631,80438112,163052743,7,0,1,6144,13,6184333469
16024,82617690,80448689,163066379,2,0,1,6656,18,2042542577
16025,82620021,80446381,163066402,7,0,1,7680,13,10539101836
16026,82621130,80469906,163091036,2,0,1,3584,18,3183846136
16027,82625411,75126987,157752398,4,0,0,196608,5,40462400
16028,82626350,80464709,163091059,1,0,1,1536,8,1244909086
16029,82635050,80456032,163091082,8,0,1,2560,13,4709024854
16030,82636911,80454194,163091105,7,0,1,3584,13,10540176526
16031,82638641,80452487,163091128,7,0,1,1536,13,5495141339
16032,82642450,80460004,163102454,8,0,1,9728,13,1284053889
16033,82643360,80463287,163106647,3,0,1,5120,5,2267688148
16034,82644431,74766786,157411217,3,0,0,30208,5,4428518761
16035,82645380,80486226,163131606,8,0,1,2560,13,5156819040
16036,82654131,74822877,157477008,6,0,0,114176,6,6700533031
16037,82654459,74943325,157597784,9,0,0,1536,10,8585367726
16038,82662100,80490152,163152252,9,0,1,2560,10,9043623524
16039,82663950,75151541,157815491,5,0,0,206848,0,6128421984
16040,82664550,74942467,157607017,1,0,0,2048,8,7255650447
16041,82664650,80487625,163152275,3,0,1,1536,5,8525643366
16042,82666841,80501704,163168545,7,0,1,512,13,9378102132
16043,82667110,80501458,163168568,3,0,1,512,5,9838739058
16044,82670990,80497601,163168591,2,0,1,512,18,970035334
16045,82672701,74967543,157640244,4,0,0,6144,5,5367548195
16046,82684650,75134146,157818796,5,0,0,9728,0,3571707293
16047,82689760,80478854,163168614,9,0,1,512,10,8562555626
16048,82694010,80474627,163168637,2,0,1,1024,18,4412144425
16049,82697960,80472907,163170867,9,0,1,3584,10,7973945606
16050,82703680,80467210,163170890,9,0,1,2560,10,10021196262
16051,82705650,80465263,163170913,8,0,1,3072,13,7896874124
16052,82706161,80464775,163170936,4,0,1,2048,5,683923381
16053,82706571,80480324,163186895,4,0,1,11776,5,4968924332
16054,82710040,75114083,157824123,5,0,0,17408,0,1090870894
16055,82710651,74701631,157412282,4,0,0,512,5,3631457048
16056,82713251,80485514,163198765,7,0,1,15872,13,2373216371
16057,82716529,74776653,157493182,9,0,0,1536,10,9723118356
16058,82717760,80481036,163198796,8,0,1,10240,13,8922998138
16059,82718140,80483319,163201459,8,0,1,3072,13,3502709359
16060,82719810,80507403,163227213,9,0,1,512,10,3721708710
16061,82723741,75166121,157889862,3,0,0,1536,5,8807031650
16062,82726120,80502079,163228199,8,0,1,1536,13,7987072464
16063,82738600,80490905,163229505,3,0,1,2048,5,10642189675
16064,82739211,74857747,157596958,3,0,0,8704,5,1429069702
16065,82739230,80494758,163233988,2,0,1,3072,18,8806671600
16066,82739330,80512431,163251761,3,0,1,9728,5,4239224595
16067,82744311,80514137,163258448,4,0,1,2560,5,7985318386
16068,82745970,80512824,163258794,9,0,1,512,10,10625869912
16069,82747620,74858657,157606277,5,0,0,27648,0,9944452362
16070,82751679,74741682,157493361,9,0,0,512,10,120946967
16071,82752251,80507990,163260241,4,0,1,11776,5,5958430907
16072,82755559,74841734,157597293,9,0,0,1024,10,2495048976
16073,82759850,80505537,163265387,9,0,1,8192,10,9428326214
16074,82759970,74919367,157679337,9,0,0,1024,10,1037650441
16075,82765090,80535619,163300709,3,0,1,11776,5,6339118
16076,82766480,74880504,157646984,1,0,0,512,8,6073653468
16077,82774040,80531175,163305215,3,0,1,7168,5,3214036832
16078,82775240,80537705,163312945,3,0,1,5120,5,5414928790
16079,82777470,80537741,163315211,3,0,1,3584,5,5277244183
16080,82781360,80549154,163330514,2,0,1,5632,18,5645620135
16081,82786630,80559760,163346390,8,0,1,1024,13,7540538880
16082,82791311,80575904,163367215,4,0,1,7168,5,307969769
16083,82791940,80590333,163382273,8,0,1,18944,13,6682851567
16084,82793910,75192992,157986902,5,0,0,98304,0,415326243
16085,82800490,80594727,163395217,8,0,1,2048,13,7292553441
16086,82802890,80592673,163395563,2,0,1,512,18,10339827425
16087,82807600,75057653,157865253,5,0,0,46592,0,2043186817
16088,82808660,80588529,163397189,3,0,1,2560,5,7379892307
16089,82808730,80599773,163408503,3,0,1,1024,5,8230227859
16090,82810530,74866359,157676889,1,0,0,3072,8,6105250830
16091,82813030,80603204,163416234,3,0,1,6656,5,5006374812
16092,82815820,80634045,163449865,9,0,1,8704,10,4286828986
16093,82822240,80644888,163467128,5,0,1,1536,0,5896106419
16094,82822611,75183290,158005901,3,0,0,60928,5,5738507642
16095,82825690,80659243,163484933,5,0,1,13312,0,3042344820
16096,82827250,80658029,163485279,3,0,1,512,5,2880909402
16097,82827591,75023443,157851034,2,0,0,62464,18,2242799794
16098,82830201,80655424,163485625,4,0,1,512,5,2120435923
16099,82830710,75040892,157871602,1,0,0,512,8,10725546231
16100,82834611,80679143,163513754,4,0,1,20992,5,5403787805
16101,82839220,80713043,163552263,2,0,1,18432,18,4011310105
16102,82851110,80765168,163616278,3,0,1,1024,5,6732449946
16103,82851359,74964358,157815717,9,0,0,512,10,1695434500
16104,82856180,75131057,157987237,1,0,0,1024,8,7093263493
16105,82857081,80759220,163616301,4,0,1,4608,5,9367236273
16106,82870340,80745984,163616324,2,0,1,8192,18,1144648252
16107,82875941,80800176,163676117,4,0,1,7168,5,1847842155
16108,82882110,80808671,163690781,2,0,1,6656,18,4556338917
16109,82886110,80813719,163699829,9,0,1,2048,10,4606045711
16110,82891961,80807891,163699852,4,0,1,1024,5,491617070
16111,82894640,80805251,163699891,2,0,1,7168,18,10551841838
16112,82895440,80815901,163711341,8,0,1,6656,13,7707614496
16113,82900771,74925382,157826153,4,0,0,2560,5,9688069735
16114,82904270,80807094,163711364,5,0,1,3072,0,1353014509
16115,82905449,75100631,158006080,9,0,0,512,10,373099310
16116,82909030,80802357,163711387,2,0,1,2048,18,10052016486
16117,82910591,75046313,157956904,3,0,0,37376,5,1691964599
16118,82918300,80793110,163711410,5,0,1,6144,0,2282089631
16119,82918690,80797661,163716351,9,0,1,8192,10,6311934534
16120,82921050,80795967,163717017,5,0,1,1024,0,7019899350
16121,82929690,80792640,163722330,5,0,1,1536,0,9194766295
16122,82930030,80792454,163722484,5,0,1,8704,0,804037126
16123,82932440,80793139,163725579,5,0,1,3584,0,8521706960
16124,82933130,80828120,163761250,9,0,1,19456,10,10253549597
16125,82936760,80824513,163761273,8,0,1,7168,13,8162616765
16126,82938880,80839411,163778291,3,0,1,5632,5,9893466228
16127,82939631,75069716,158009347,4,0,0,512,5,1487954028
16128,82944890,80836875,163781765,8,0,1,6656,13,6808016742
16129,82945751,80853015,163798766,7,0,1,5120,13,1048346860
16130,82946191,74989258,157935449,4,0,0,512,5,6500466613
16131,82948260,80851492,163799752,9,0,1,1536,10,7423417843
16132,82949910,80856001,163805911,8,0,1,6144,13,8000735074
16133,82954990,80888355,163843345,5,0,1,2048,0,1994981064
16134,82956461,75051202,158007663,3,0,0,5120,5,1449038163
16135,82958900,80886021,163844921,5,0,1,2048,0,2783329069
16136,82959301,80925128,163884429,4,0,1,2560,5,2604446717
16137,82965291,75043877,158009168,4,0,0,512,5,292525874
16138,82965929,74930747,157896676,9,0,0,1024,10,1518023655
16139,82968581,80915871,163884452,7,0,1,1536,13,9868661405
16140,82975500,80908975,163884475,3,0,1,4608,5,8105584176
16141,82976520,75093463,158069983,1,0,0,512,8,9906524558
16142,82979401,75029541,158008942,4,0,0,4096,5,9262479068
16143,82980701,80915185,163895886,4,0,1,5632,5,5378679415
16144,82987561,80908786,163896347,4,0,1,10240,5,10413609668
16145,82988950,80921031,163909981,5,0,1,4608,0,6990724862
16146,82989030,75175354,158164384,5,0,0,4608,0,7114912912
16147,82990000,80923233,163913233,8,0,1,5120,13,168322616
16148,82990650,80924529,163915179,8,0,1,3072,13,9500556198
16149,82994330,80921835,163916165,3,0,1,1536,5,4239529354
16150,82996089,75065344,158061433,9,0,0,512,10,1356603990
16151,83001870,80917841,163919711,9,0,1,5632,10,646068689
16152,83003480,80944198,163947678,9,0,1,2560,10,6889342522
16153,83015930,80952011,163967941,5,0,1,7168,0,6749024530
16154,83026890,80967535,163994425,9,0,1,512,10,8850431030
16155,83033581,75210225,158243806,3,0,0,36352,5,9231246267
16156,83037720,75112881,158150601,1,0,0,1024,8,3215333615
16157,83038691,75034520,158073211,4,0,0,1024,5,1127185290
16158,83039791,75060030,158099821,3,0,0,1536,5,4415469950
16159,83044590,75114170,158158760,1,0,0,512,8,10618133920
16160,83065501,80933750,163999251,4,0,1,7680,5,8051385507
16161,83070781,80930715,164001496,4,0,1,512,5,5251495528
16162,83073490,75439420,158512910,5,0,0,27648,0,3231570560
16163,83074310,80928159,164002469,8,0,1,12800,13,3690159493
16164,83085370,80925096,164010466,9,0,1,1024,10,1140404752
16165,83093591,80929562,164023153,4,0,1,4608,5,6901236281
16166,83100981,75054863,158155844,4,0,0,1024,5,2005888943
16167,83103559,75235653,158339212,9,0,0,512,10,8025908643
16168,83105180,75399260,158504440,5,0,0,101888,0,5217809991
16169,83108409,75254679,158363088,9,0,0,1536,10,1054277732
16170,83111230,75635843,158747073,5,0,0,137728,0,8679011657
16171,83114029,75464225,158578254,9,0,0,1536,10,4530043008
16172,83115131,80908045,164023176,4,0,1,3072,5,65730374
16173,83116420,80928818,164045238,3,0,1,3584,5,6638193118
16174,83118150,80934806,164052956,9,0,1,4096,10,748786371
16175,83125040,80927939,164052979,5,0,1,512,0,6214219916
16176,83125941,80929697,164055638,4,0,1,5632,5,4803974252
16177,83132020,80924604,164056624,8,0,1,1536,13,9305827509
16178,83133520,80930209,164063729,9,0,1,19968,10,5696472789
16179,83135730,80969192,164104922,6,0,1,2048,6,5416347935
16180,83138440,80966505,164104945,5,0,1,15872,0,3633030218
16181,83138461,75269981,158408442,3,0,0,68608,5,2920561789
16182,83140820,75372425,158513245,1,0,0,1024,8,2604979083
16183,83144980,75037761,158182741,1,0,0,512,8,902411961
16184,83147120,80968046,164115166,5,0,1,6656,0,2486579982
16185,83157080,80963219,164120299,9,0,1,2560,10,7079490318
16186,83162640,75430457,158593097,5,0,0,48640,0,3879317590
16187,83169550,75170564,158340114,1,0,0,512,8,8205802581
16188,83171380,80949175,164120555,9,0,1,9216,10,1601025495
16189,83175600,80955412,164131012,3,0,1,8192,5,773833525
16190,83176630,80966699,164143329,5,0,1,13312,0,2452847049
16191,83183241,75236752,158419993,4,0,0,1024,5,9992704580
16192,83184780,80983090,164167870,3,0,1,7168,5,4789141883
16193,83185460,80991676,164177136,3,0,1,2560,5,26901709
16194,83193710,75382759,158576469,5,0,0,64000,0,7069572170
16195,83196580,75254212,158450792,1,0,0,512,8,1764615655
16196,83201110,80976049,164177159,8,0,1,2048,13,3429750229
16197,83218480,80965651,164184131,9,0,1,9216,10,6777729868
16198,83220900,75526398,158747298,1,0,0,512,8,7802785961
16199,83222120,80962997,164185117,6,0,1,1536,6,5394119551
16200,83227690,75214938,158442628,1,0,0,1024,8,9267425631
16201,83228539,75321615,158550154,9,0,0,1536,10,1640231121
16202,83233560,75136335,158369895,1,0,0,1536,8,4466221559
16203,83234010,80954653,164188663,9,0,1,5632,10,5969834142
16204,83236389,75205904,158442293,9,0,0,512,10,4588894997
16205,83240440,80953527,164193967,6,0,1,1024,6,9341365726
16206,83242470,75199644,158442114,5,0,0,43008,0,7987605346
16207,83244960,80962398,164207358,5,0,1,4608,0,3741502873
16208,83245271,75509451,158754722,3,0,0,22528,5,7798805078
16209,83246340,80962004,164208344,6,0,1,1536,6,1141708495
16210,83253370,80956600,164209970,8,0,1,2560,13,7545225208
16211,83258680,80951636,164210316,6,0,1,512,6,9461868514
16212,83269961,75139445,158409406,4,0,0,512,5,4899325724
16213,83276710,80936192,164212902,3,0,1,4096,5,3816082769
16214,83277620,80961995,164239615,3,0,1,512,5,7834217824
16215,83278270,80961368,164239638,3,0,1,1536,5,3769754518
16216,83283180,80956481,164239661,6,0,1,1536,6,7630776883
16217,83287260,75306071,158593331,1,0,0,512,8,138860174
16218,83307360,80932324,164239684,8,0,1,10752,13,6666330034
16219,83315689,75262074,158577763,9,0,0,2560,10,4064710507
16220,83317269,75093611,158410880,9,0,0,2048,10,3349484067
16221,83323230,80928137,164251367,9,0,1,2560,10,2180036975
16222,83323641,75486052,158809693,3,0,0,54784,5,7580158776
16223,83323850,80928503,164252353,9,0,1,1536,10,6665801476
16224,83332161,75512731,158844892,4,0,0,512,5,254461315
16225,83345540,80908119,164253659,6,0,1,2048,6,701071124
16226,83351510,80906655,164258165,6,0,1,7168,6,4948762410
16227,83357160,80901671,164258831,9,0,1,1024,10,1291356891
16228,83365320,80894177,164259497,8,0,1,1024,13,4473891673
16229,83366140,80895969,164262109,6,0,1,4096,6,7046110266
16230,83368060,80895675,164263735,8,0,1,2560,13,7517374449
16231,83372440,80892601,164265041,6,0,1,2048,6,8778981173
16232,83375980,80894228,164270208,8,0,1,4096,13,2304334332
16233,83392989,75120435,158513424,9,0,0,512,10,7219278201
16234,83393220,80902309,164295529,6,0,1,3584,6,8604409978
16235,83404609,75109163,158513772,9,0,0,512,10,387140857
16236,83405000,75146378,158551378,1,0,0,512,8,21995226
16237,83407010,80888542,164295552,9,0,1,1024,10,3771118944
16238,83408711,80894562,164303273,4,0,1,9216,5,3711001918
16239,83408990,80894935,164303925,8,0,1,1536,13,4676525549
16240,83409480,80909825,164319305,6,0,1,6656,6,5471452740
16241,83409881,75129773,158539654,4,0,0,1536,5,5381527724
16242,83415809,75186436,158602245,9,0,0,512,10,385860312
16243,83425700,80900120,164325820,9,0,1,2048,10,5114478193
16244,83431570,80895530,164327100,5,0,1,14336,0,477145691
16245,83431871,75388006,158819877,4,0,0,512,5,8701214583
16246,83432280,80905647,164337927,6,0,1,1536,6,10167074753
16247,83435250,80937196,164372446,9,0,1,4096,10,7502280248
16248,83440620,75220738,158661358,5,0,0,29696,0,2091984869
16249,83441260,75135700,158576960,1,0,0,1536,8,284656896
16250,83444141,75422597,158866738,4,0,0,512,5,3421277841
16251,83446710,80929217,164375927,8,0,1,17408,13,5628231834
16252,83447631,75145879,158593510,4,0,0,512,5,8429925828
16253,83457080,75320300,158777380,5,0,0,4096,0,7952407482
16254,83461550,80961372,164422922,6,0,1,1536,6,454656515
16255,83463090,80983134,164446224,9,0,1,7168,10,3813506116
16256,83469320,80976927,164446247,8,0,1,1536,13,8592626470
16257,83470040,80976238,164446278,9,0,1,4608,10,619470576
16258,83475949,75125829,158601778,9,0,0,512,10,6418151703
16259,83481910,80964391,164446301,6,0,1,5120,6,6690723583
16260,83487891,75542215,159030106,4,0,0,1024,5,7997184860
16261,83489000,80997193,164486193,6,0,1,512,6,3069207533
16262,83493291,75828888,159322179,3,0,0,32256,5,2256796782
16263,83497590,80992469,164490059,9,0,1,6144,10,10337920515
16264,83500141,75275921,158776062,3,0,0,69632,5,3354867892
16265,83500350,81035849,164536199,9,0,1,5120,10,5599407372
16266,83504520,75273195,158777715,1,0,0,1024,8,2311985828
16267,83506110,81038315,164544425,6,0,1,2048,6,10388329060
16268,83507710,81037476,164545186,6,0,1,1536,6,1091380930
16269,83510620,81036953,164547573,9,0,1,2048,10,6627367227
16270,83524081,81063339,164587420,7,0,1,20480,13,7390300026
16271,83528340,75286663,158815003,1,0,0,512,8,5199632225
16272,83530511,75289187,158819698,4,0,0,1024,5,4726364612
16273,83539029,75143374,158682403,9,0,0,3072,10,7717124670
16274,83555900,81032903,164588803,9,0,1,14848,10,54017109
16275,83556140,75459441,159015581,1,0,0,3072,8,7818211183
16276,83564471,75111377,158675848,4,0,0,512,5,1135804185
16277,83564989,75182846,158747835,9,0,0,1536,10,1410811217
16278,83566030,81028792,164594822,9,0,1,3072,10,767771973
16279,83566780,81072900,164639680,9,0,1,2560,10,3599769521
16280,83566890,81072813,164639703,9,0,1,2048,10,3377380109
16281,83575410,81064316,164639726,6,0,1,9728,6,10436869329
16282,83577550,75483460,159061010,9,0,0,1024,10,8000806126
16283,83581440,81058309,164639749,6,0,1,9728,6,4927652033
16284,83582681,75431560,159014241,3,0,0,19968,5,2639036889
16285,83583460,75302118,158885578,1,0,0,1536,8,4844722754
16286,83589020,81252234,164841254,9,0,1,9728,10,8203390795
16287,83598990,75713338,159312328,5,0,0,52224,0,866351257
16288,83602960,75404481,159007441,5,0,0,83968,0,4054242080
16289,83607190,81327124,164934314,9,0,1,24064,10,4280683661
16290,83613010,81338042,164951052,9,0,1,4096,10,4335007938
16291,83616211,75488940,159105151,3,0,0,33280,5,7679100821
16292,83622461,75281159,158903620,3,0,0,38400,5,7065600732
16293,83622830,75265664,158888494,9,0,0,1024,10,487872071
16294,83629370,81412689,165042059,6,0,1,7168,6,6612360406
16295,83630940,75789800,159420740,5,0,0,27136,0,5882427082
16296,83632620,81412345,165044965,9,0,1,4608,10,6533189553
16297,83632960,81433466,165066426,6,0,1,4608,6,973896806
16298,83657511,75195295,158852806,4,0,0,1024,5,10556775644
16299,83666330,81548168,165214498,6,0,1,1536,6,1903430750
16300,83666690,81547831,165214521,6,0,1,3584,6,7204383793
16301,83668580,81548227,165216807,9,0,1,1536,10,4498257272
16302,83669290,81548823,165218113,8,0,1,2048,13,3552508370
16303,83671131,75547942,159219073,4,0,0,512,5,514517159
16304,83677651,81543368,165221019,4,0,1,4608,5,10092610090
16305,83678150,81595915,165274065,9,0,1,18432,10,6600215936
16306,83678990,75261598,158940588,9,0,0,2048,10,365737001
16307,83685800,81641240,165327040,9,0,1,11776,10,6919078996
16308,83687760,75326816,159014576,1,0,0,1024,8,5681570123
16309,83689130,81654414,165343544,6,0,1,3072,6,8399137008
16310,83692151,81757758,165449909,4,0,1,10240,5,5559992954
16311,83693771,75334121,159027892,4,0,0,512,5,6286093725
16312,83703210,81750645,165453855,8,0,1,3072,13,7173610047
16313,83716520,75170673,158887193,1,0,0,512,8,1246907709
16314,83719590,75432388,159151978,1,0,0,512,8,2054017640
16315,83723670,75517436,159241106,5,0,0,1536,0,8812898941
16316,83727500,75190993,158918493,9,0,0,1024,10,2411254812
16317,83733790,75779050,159512840,5,0,0,17408,0,8381032345
16318,83739840,81714038,165453878,9,0,1,6144,10,6775895063
16319,83743340,75264794,159008134,1,0,0,2048,8,4126941240
16320,83743750,81710151,165453901,6,0,1,1536,6,3535553220
16321,83744061,75368731,159112792,4,0,0,4096,5,8858646887
16322,83745080,81708844,165453924,8,0,1,512,13,6511341692
16323,83758090,81717876,165475966,6,0,1,2560,6,9116560663
16324,83762670,81713319,165475989,8,0,1,1024,13,112515475
16325,83763160,81718647,165481807,6,0,1,8192,6,9222265978
16326,83765081,75525026,159290107,3,0,0,40960,5,3612306779
16327,83766301,81739154,165505455,4,0,1,4096,5,2130645111
16328,83775671,75409143,159184814,4,0,0,512,5,9755434393
16329,83780370,81877000,165657370,6,0,1,22016,6,3445279509
16330,83782750,81892621,165675371,9,0,1,9728,10,5955186518
16331,83784250,81892107,165676357,6,0,1,1536,6,7871643510
16332,83785660,81893576,165679236,6,0,1,1536,6,7585492242
16333,83787861,75900761,159688622,4,0,0,41472,5,9834165079
16334,83790430,75369903,159160333,5,0,0,5632,0,2090478935
16335,83792981,81887241,165680222,4,0,1,1536,5,10182149377
16336,83802660,75303441,159106101,1,0,0,512,8,2137336066
16337,83805160,75521658,159326818,5,0,0,13312,0,5453092169
16338,83807250,81873958,165681208,6,0,1,1536,6,4309889789
16339,83815260,81866294,165681554,9,0,1,512,10,3226591627
16340,83817010,75308710,159125720,1,0,0,1024,8,7879336157
16341,83822390,75440430,159262820,5,0,0,11776,0,4576573232
16342,83824521,81862845,165687366,4,0,1,9216,5,6773508110
16343,83827910,81862362,165690272,9,0,1,4608,10,9349632550
16344,83829030,75299243,159128273,9,0,0,1536,10,4745582531
16345,83832991,75396319,159229310,3,0,0,13824,5,2221128271
16346,83849510,75747030,159596540,5,0,0,32768,0,8082129009
16347,83858310,81834548,165692858,9,0,1,4096,10,7824809706
16348,83864760,81845730,165710490,9,0,1,7680,10,2386219998
16349,83870191,75334903,159205094,4,0,0,18432,5,10217992398
16350,83881480,81915910,165797390,6,0,1,7680,6,3201236430
16351,83885581,75555840,159441421,4,0,0,37376,5,874882166
16352,83886021,75351384,159237405,3,0,0,18944,5,7970616858
16353,83890881,81906532,165797413,7,0,1,3072,13,9101799587
16354,83900540,75551046,159451586,5,0,0,29696,0,8740751762
16355,83900580,75395813,159296393,5,0,0,20480,0,8826676671
16356,83903980,81918751,165822731,6,0,1,11776,6,6585262024
16357,83909390,81913543,165822933,8,0,1,2048,13,7744469640
16358,83911170,75862261,159773431,5,0,0,47616,0,292529023
16359,83913340,81909624,165822964,3,0,1,6144,5,8191950367
16360,83917270,75860864,159778134,5,0,0,15360,0,2861042054
16361,83918660,75545909,159464569,5,0,0,10752,0,3246779059
16362,83919541,75252749,159172290,3,0,0,5120,5,4109810947
16363,83922661,81941112,165863773,7,0,1,1536,13,570929015
16364,83924011,75451250,159375261,4,0,0,20480,5,7379633951
16365,83927661,81936135,165863796,7,0,1,6144,13,1758543241
16366,83933650,81932579,165866229,3,0,1,16384,5,10257391576
16367,83936020,81930567,165866587,6,0,1,4608,6,10372385586
16368,83941550,81953810,165895360,8,0,1,2560,13,1969276032
16369,83942070,75287897,159229967,1,0,0,1024,8,146829302
16370,83942291,75440742,159383033,3,0,0,18432,5,748442638
16371,83943850,81951533,165895383,8,0,1,4096,13,7241672349
16372,83948010,81968584,165916594,3,0,1,10752,5,2224644599
16373,83950690,82027025,165977715,3,0,1,16384,5,2360843749
16374,83950860,75878414,159829274,5,0,0,29696,0,712327561
16375,83955531,82022530,165978061,4,0,1,512,5,8656056368
16376,83959640,75251628,159211268,9,0,0,512,10,9680690306
16377,83968620,82009787,165978407,6,0,1,512,6,5168897241
16378,83969281,82011392,165980673,7,0,1,3584,13,4783332174
16379,83969300,82037430,166006730,8,0,1,16896,13,6057109386
16380,83971820,75422156,159393976,5,0,0,35840,0,9547331180
16381,83979020,82089971,166068991,8,0,1,512,13,10165859106
16382,83979860,75342810,159322670,9,0,0,1536,10,5462666537
16383,83987370,82121861,166109231,8,0,1,13312,13,10594401122
16384,83987771,82121483,166109254,4,0,1,5632,5,7734069330
16385,83997691,75582291,159579982,3,0,0,6144,5,7209702443
16386,84003520,82105757,166109277,6,0,1,4096,6,10240052089
16387,84008081,75325761,159333842,4,0,0,16896,5,5067752243
16388,84009611,75945885,159955496,3,0,0,132608,5,661407470
16389,84012341,82100060,166112401,4,0,1,1536,5,2837989636
16390,84014510,82098877,166113387,3,0,1,1536,5,7762733219
16391,84015210,75471356,159486566,9,0,0,5120,10,3506196456
16392,84020571,82151552,166172123,7,0,1,13312,13,109359272
16393,84021750,82152319,166174069,8,0,1,3072,13,4932428140
16394,84023240,75449113,159472353,5,0,0,8192,0,838101555
16395,84025111,75550526,159575637,3,0,0,7168,5,7955570005
16396,84025941,82156165,166182106,4,0,1,11776,5,7979716591
16397,84026161,82160185,166186346,7,0,1,512,13,7211026884
16398,84028821,75673040,159701861,3,0,0,11264,5,4072707424
16399,84032271,82177152,166209423,4,0,1,18432,5,8448926845
16400,84034110,82230683,166264793,3,0,1,4096,5,4900631271
16401,84034150,82276245,166310395,3,0,1,20992,5,1392558665
16402,84034571,82304877,166339448,4,0,1,1024,5,1554121244
16403,84034910,75506945,159541855,1,0,0,512,8,1169073141
16404,84035921,76134794,160170715,3,0,0,181760,5,7301027471
16405,84039170,82303824,166342994,3,0,1,5632,5,664636046
16406,84048821,75492855,159541676,4,0,0,23552,5,2266224625
16407,84049310,82295349,166344659,3,0,1,11776,5,3567088972
16408,84060650,75742881,159803531,9,0,0,1024,10,8061992804
16409,84064251,82283314,166347565,7,0,1,4608,13,4458900763
16410,84065560,75537993,159603553,5,0,0,5120,0,2260635651
16411,84076061,82359287,166435348,7,0,1,26624,13,3806293733
16412,84078490,75464347,159542837,1,0,0,512,8,1889739583
16413,84088850,82357952,166446802,8,0,1,11264,13,1967763583
16414,84099630,76071264,160170894,1,0,0,512,8,9015769580
16415,84107521,76144164,160251685,4,0,0,48128,5,4898470293
16416,84120480,75908786,160029266,5,0,0,114176,0,7646739238
16417,84125200,75388379,159513579,9,0,0,2048,10,793689338
16418,84134570,75715494,159850064,9,0,0,1024,10,6397418620
16419,84136501,82365657,166502158,7,0,1,2048,13,7640258128
16420,84138350,75608867,159747217,1,0,0,512,8,4536531206
16421,84139631,76183137,160322768,4,0,0,22016,5,10336281738
16422,84150411,82351770,166502181,7,0,1,512,13,4076600756
16423,84164640,82337564,166502204,8,0,1,1536,13,8348028034
16424,84168641,75560173,159728814,3,0,0,7168,5,6174170403
16425,84178011,82324224,166502235,4,0,1,4096,5,10479173448
16426,84179600,82330725,166510325,6,0,1,11264,6,4311610816
16427,84184980,82409507,166594487,1,0,1,8192,8,4535619826
16428,84201081,75341577,159542658,4,0,0,2560,5,10612566819
16429,84203080,82392393,166595473,8,0,1,1536,13,6775970996
16430,84211030,82387989,166599019,1,0,1,5632,8,9484974320
16431,84215311,82384694,166600005,7,0,1,1536,13,7851255523
16432,84215920,82388271,166604191,1,0,1,6656,8,7875605184
16433,84216680,75542220,159758900,5,0,0,31744,0,1161930320
16434,84226630,82378867,166605497,6,0,1,2048,6,6930194378
16435,84226640,82381443,166608083,6,0,1,4096,6,9689731699
16436,84243720,75736724,159980444,5,0,0,48128,0,1424614018
16437,84254030,76000486,160254516,5,0,0,9216,0,450492882
16438,84266110,82350327,166616437,6,0,1,6656,6,9341971801
16439,84280840,82338488,166619328,8,0,1,2048,13,4076430898
16440,84287660,82342815,166630475,1,0,1,4096,8,8288762190
16441,84300410,82358095,166658505,1,0,1,1536,8,7240523493
16442,84306661,75498757,159805418,4,0,0,4608,5,9013042898
16443,84314401,75570945,159885346,3,0,0,27136,5,531964668
16444,84322570,75551803,159874373,9,0,0,512,10,2121173861
16445,84328460,82346986,166675446,8,0,1,11776,13,9771393834
16446,84332580,82349910,166682490,1,0,1,5632,8,8679468060
16447,84347780,82344513,166692293,8,0,1,3072,13,2168654813
16448,84353070,75205028,159558098,1,0,0,2560,8,8938135140
16449,84354050,82373320,166727370,1,0,1,8192,8,9084126896
16450,84364010,82363383,166727393,1,0,1,512,8,5992162029
16451,84385860,75644411,160030271,9,0,0,512,10,6442544990
16452,84389490,75440275,159829765,1,0,0,1536,8,2871230335
16453,84397301,76160829,160558130,3,0,0,51712,5,7542004920
16454,84397960,75673663,160071623,0,0,0,15360,14,1553511278
16455,84398211,75492618,159890829,3,0,0,17920,5,903728960
16456,84399320,82328275,166727595,8,0,1,4096,13,655999394
16457,84400040,75419867,159819907,1,0,0,1024,8,2822386191
16458,84414331,76128020,160542351,3,0,0,126464,5,7634064986
16459,84418300,75611769,160030069,9,0,0,2560,10,1465559455
16460,84420570,75975568,160396138,0,0,0,115200,14,514152620
16461,84420590,75385787,159806377,0,0,0,3072,14,10038546208
16462,84425071,76058769,160483840,4,0,0,4608,5,9922511024
16463,84430360,82297258,166727618,2,0,1,18432,18,8885691155
16464,84440661,75548564,159989225,3,0,0,17920,5,3584022515
16465,84442090,76192109,160634199,5,0,0,23040,0,8308321127
16466,84445870,75510721,159956591,1,0,0,2048,8,7047191917
16467,84450870,82306458,166757328,1,0,1,5120,8,10111735531
16468,84450930,75608819,160059749,5,0,0,22528,0,5840608017
16469,84452050,75580731,160032781,1,0,0,512,8,108001734
16470,84452560,75838245,160290805,5,0,0,78848,0,2929572708
16471,84453130,75527805,159980935,1,0,0,1536,8,6019749571
16472,84463380,75710992,160174372,0,0,0,10752,14,5066629477
16473,84482000,82275351,166757351,9,0,1,2560,10,3187435350
16474,84487180,76481750,160968930,0,0,0,81920,14,9748456303
16475,84491230,75583819,160075049,9,0,0,1536,10,5363600998
16476,84496761,75864254,160361015,3,0,0,61952,5,867410157
16477,84497010,75458665,159955675,1,0,0,512,8,658750246
16478,84499031,75610820,160109851,3,0,0,50688,5,2173806788
16479,84501420,75837002,160338422,0,0,0,34304,14,3021067156
16480,84501500,75980913,160482413,0,0,0,66048,14,4300295883
16481,84514540,82242834,166757374,8,0,1,11264,13,147262622
16482,84517080,82293504,166810584,8,0,1,2560,13,2824519316
16483,84528360,76098750,160627110,5,0,0,18432,0,3894024657
16484,84536330,75961417,160497747,5,0,0,45568,0,1429294342
16485,84540490,82270117,166810607,1,0,1,1536,8,5666828334
16486,84547620,75562410,160110030,1,0,0,512,8,6000219245
16487,84558750,82251880,166810630,8,0,1,2560,13,6400614876
16488,84559160,82286391,166845551,8,0,1,14336,13,5531581382
16489,84560740,76075804,160636544,9,0,0,1024,10,6809490338
16490,84564341,76702758,161267099,4,0,0,211456,5,4596681765
16491,84568040,82277857,166845897,8,0,1,512,13,5844766272
16492,84572671,75755268,160327939,4,0,0,16896,5,795830853
16493,84595620,75800697,160396317,9,0,0,512,10,9904790068
16494,84599530,75510858,160110388,1,0,0,1024,8,1070290774
16495,84606670,75684314,160290984,9,0,0,512,10,9357828776
16496,84609840,75955502,160565342,0,0,0,22528,14,3177513233
16497,84623660,82268052,166891712,1,0,1,24576,8,9944052183
16498,84626550,76014672,160641222,5,0,0,4096,0,225386735
16499,84631030,76701562,161332592,9,0,0,512,10,6120513160
16500,84632030,75552219,160184249,9,0,0,1024,10,3761695818
16501,84639480,75809743,160449223,9,0,0,1024,10,4260993124
16502,84639530,76374822,161014352,0,0,0,99840,14,3390958745
16503,84646660,75911695,160558355,1,0,0,512,8,3530769630
16504,84650000,82263424,166913424,2,0,1,16896,18,9161165317
16505,84650190,75970634,160620824,0,0,0,120832,14,5011232908
16506,84657641,76036281,160693922,4,0,0,11776,5,9277518490
16507,84661740,82253630,166915370,1,0,1,3072,8,1831041717
16508,84679270,82283281,166962551,2,0,1,3584,18,6347834440
16509,84682980,82288285,166971265,1,0,1,2560,8,782753440
16510,84691290,75930181,160621471,1,0,0,2048,8,4077270490
16511,84701530,75695130,160396660,9,0,0,1024,10,1641179601
16512,84702560,75468513,160171073,9,0,0,512,10,367683089
16513,84703150,76892926,161596076,9,0,0,512,10,7116529277
16514,84709030,82263861,166972891,2,0,1,2560,18,5781716345
16515,84711180,82269565,166980745,2,0,1,13312,18,3201826862
16516,84712830,82284502,166997332,2,0,1,14848,18,6539732429
16517,84715410,82284508,166999918,8,0,1,4096,13,1369694303
16518,84721451,76125718,160847169,4,0,0,48640,5,3412151629
16519,84722960,76063942,160786902,0,0,0,15360,14,8885346005
16520,84727250,76015054,160742304,5,0,0,97792,0,5911427806
16521,84728100,82280514,167008614,1,0,1,4608,8,3627733911
16522,84728760,82293481,167022241,1,0,1,2048,8,3358525185
16523,84730760,82291504,167022264,1,0,1,1024,8,4134683982
16524,84734820,76143192,160878012,9,0,0,1536,10,1925307641
16525,84757581,76023375,160780956,4,0,0,53248,5,4630765510
16526,84758270,75888072,160646342,1,0,0,512,8,4579387930
16527,84768710,76836031,161604741,5,0,0,3072,0,9497266066
16528,84791691,76152256,160943947,3,0,0,99328,5,4948295411
16529,84794600,75840090,160634690,0,0,0,1536,14,6277910362
16530,84803860,82218427,167022287,1,0,1,4608,8,2345580821
16531,84805140,75946629,160751769,0,0,0,4096,14,9681653079
16532,84816450,82205860,167022310,1,0,1,9728,8,6046531262
16533,84824600,82210499,167035099,1,0,1,5632,8,10730767262
16534,84828040,75737981,160566021,1,0,0,2048,8,543108496
16535,84834860,82200262,167035122,2,0,1,1024,18,101036601
16536,84840951,82200370,167041321,0,0,1,8704,14,7659223223
16537,84841440,75796484,160637924,9,0,0,512,10,201851317
16538,84859930,76204644,161064574,9,0,0,2560,10,9135225006
16539,84880691,76178492,161059183,4,0,0,73728,5,1461893387
16540,84882320,82159987,167042307,1,0,1,1536,8,9941383861
16541,84883221,82162952,167046173,0,0,1,6144,14,103168008
16542,84885671,82163088,167048759,4,0,1,4096,5,10287670767
16543,84885810,75793429,160679239,9,0,0,512,10,3200329361
16544,84887610,82176989,167064599,2,0,1,1024,18,9678226499
16545,84899721,82165544,167065265,0,0,1,1024,14,7684862014
16546,84902620,82163951,167066571,5,0,1,2048,0,9214976348
16547,84903581,76475756,161379337,3,0,0,62464,5,8272765188
16548,84914190,75867101,160781291,9,0,0,1024,10,5277156714
16549,84920931,82147586,167068517,0,0,1,3072,14,8491958872
16550,84932701,82137762,167070463,0,0,1,3072,14,648295720
16551,84941990,82133299,167075289,2,0,1,7680,18,1239319405
16552,84955750,82128643,167084393,2,0,1,1536,18,1976473610
16553,84957490,76637706,161595196,0,0,0,163328,14,8878059551
16554,84962240,76643350,161605590,9,0,0,1536,10,1652524305
16555,84963540,82121519,167085059,2,0,1,1024,18,8120920416
16556,84965011,82125540,167090551,4,0,1,17920,5,7865680919
16557,84973051,76218654,161191705,4,0,0,124416,5,2729764234
16558,84975930,76506282,161482212,1,0,0,1024,8,6725789714
16559,84980211,82124529,167104740,4,0,1,4096,5,3082749097
16560,84981051,82149380,167130431,0,0,1,11776,14,7966751986
16561,84988251,82142526,167130777,0,0,1,512,14,5798000077
16562,85000841,82130602,167131443,4,0,1,1024,5,8292322809
16563,85006311,82127078,167133389,4,0,1,3072,5,3076538695
16564,85006360,82133308,167139668,1,0,1,1024,8,8744277175
16565,85009560,75788306,160797866,9,0,0,1536,10,10694397187
16566,85016380,75963867,160980247,1,0,0,512,8,7037357773
16567,85024790,76637081,161661871,5,0,0,37376,0,2601914984
16568,85028740,76295892,161324632,0,0,0,15872,14,1270621318
16569,85033130,75880507,160913637,0,0,0,105472,14,3300205199
16570,85043630,82154327,167197957,1,0,1,13824,8,9289592203
16571,85055451,82143492,167198943,0,0,1,1536,14,6276030940
16572,85057111,76755293,161812404,3,0,0,50688,5,7855808098
16573,85065040,76322015,161387055,1,0,0,512,8,6097495125
16574,85066571,82134638,167201209,0,0,1,3584,14,10203331419
16575,85070081,75906688,160976769,3,0,0,25600,5,1348528200
16576,85078710,75768661,160847371,1,0,0,512,8,889909874
16577,85079221,82144189,167223410,0,0,1,2560,14,10580789302
16578,85083900,75897634,160981534,1,0,0,4096,8,5251211232
16579,85084541,76768443,161852984,3,0,0,40960,5,2208938049
16580,85089701,77121206,162210907,3,0,0,68608,5,4035316528
16581,85124300,76153446,161277746,0,0,0,34816,14,9363885470
16582,85124910,76420320,161545230,0,0,0,137728,14,1661342648
16583,85125441,76165501,161290942,3,0,0,34816,5,743663135
16584,85126660,82173476,167300136,1,0,1,12288,8,3123257448
16585,85127651,75852417,160980068,4,0,0,10752,5,5498736808
16586,85151450,75830263,160981713,9,0,0,512,10,2886587367
16587,85171411,82132911,167304322,0,0,1,6656,14,9579128681
16588,85183121,76097144,161280265,2,0,0,8192,18,5653049685
16589,85194060,75820806,161014866,1,0,0,1536,8,9579440718
16590,85208700,76460393,161669093,0,0,0,23552,14,9138624802
16591,85210430,82119746,167330176,8,0,1,4096,13,8758893475
16592,85221091,76687628,161908719,3,0,0,50176,5,5820763427
16593,85226530,82106232,167332762,8,0,1,4096,13,6143562579
16594,85226790,76206077,161432867,5,0,0,8192,0,5870311320
16595,85231020,82102088,167333108,1,0,1,512,8,8967639574
16596,85241830,82092584,167334414,1,0,1,2048,8,9212363657
16597,85247480,82091120,167338600,1,0,1,6656,8,7168538064
16598,85252241,82087665,167339906,0,0,1,2048,14,3839884310
16599,85272430,82113737,167386167,1,0,1,6144,8,4073925202
16600,85274630,82166089,167440719,1,0,1,17920,8,1467649470
16601,85276780,82163962,167440742,1,0,1,1536,8,9445673408
16602,85276830,82163935,167440765,8,0,1,1536,13,10271486704
16603,85281311,75921337,161202648,3,0,0,35840,5,6228136660
16604,85286400,82204695,167491095,1,0,1,13312,8,5906259146
16605,85290840,82214809,167505649,8,0,1,5632,13,8704574479
16606,85296831,76018128,161314959,3,0,0,1536,5,9819216582
16607,85306950,82299069,167606019,1,0,1,1536,8,114190917
16608,85312930,82297595,167610525,9,0,1,7168,10,6272223805
16609,85313800,76021655,161335455,1,0,0,2560,8,5955325021
16610,85314650,75999818,161314468,5,0,0,43008,0,1451033174
16611,85316921,76660744,161977665,3,0,0,38400,5,362055516
16612,85317760,77291016,162608776,0,0,0,75776,14,8616213834
16613,85321671,76135038,161456709,3,0,0,41472,5,8625000194
16614,85324380,76221029,161545409,0,0,0,512,14,5171551840
16615,85333210,76501853,161835063,0,0,0,74240,14,5523995097
16616,85338030,76265736,161603766,5,0,0,25088,0,9107627528
16617,85338371,76410574,161748945,3,0,0,111104,5,5049314235
16618,85343310,77169973,162513283,1,0,0,2048,8,7122273381
16619,85344620,76657154,162001774,0,0,0,36352,14,1313090356
16620,85349271,76440569,161789840,4,0,0,134144,5,7475554074
16621,85350211,76327516,161677727,3,0,0,28160,5,10406735227
16622,85368870,82313495,167682365,9,0,1,12288,10,5588782794
16623,85370640,82311756,167682396,8,0,1,1536,13,2736787129
16624,85378490,82304264,167682754,1,0,1,5120,8,5768920617
16625,85381220,82322170,167703390,1,0,1,512,8,6903030114
16626,85383511,76495431,161878942,4,0,0,12288,5,1214092574
16627,85398630,82307666,167706296,9,0,1,4608,10,860290606
16628,85399651,76196223,161595874,3,0,0,2048,5,3010561779
16629,85410630,82296972,167707602,9,0,1,2048,10,7054654372
16630,85425450,76516855,161942305,0,0,0,17408,14,7463812143
16631,85426071,76224381,161650452,3,0,0,43520,5,6356266712
16632,85428900,82279048,167707948,9,0,1,512,10,5871973681
16633,85431330,82281123,167712453,1,0,1,2560,8,599808713
16634,85431760,82284239,167715999,2,0,1,5632,18,6400932797
16635,85432200,82297850,167730050,9,0,1,14336,10,7864050845
16636,85445850,82386186,167832036,9,0,1,11776,10,4434837901
16637,85447640,76407395,161855035,0,0,0,6656,14,2209929388
16638,85449880,82382179,167832059,6,0,1,11776,6,8813917791
16639,85456430,82390481,167846911,9,0,1,1536,10,7234601765
16640,85461730,82386487,167848217,6,0,1,2048,6,7178781416
16641,85471561,76465417,161936978,3,0,0,92672,5,4783667720
16642,85471730,82406549,167878279,8,0,1,5632,13,7676527126
16643,85471800,76165369,161637169,1,0,0,2048,8,3598834715
16644,85472450,82405852,167878302,9,0,1,1024,10,8172393846
16645,85474780,82403545,167878325,8,0,1,4096,13,4372025501
16646,85475811,76514848,161990659,3,0,0,42496,5,6496512675
16647,85480740,82397608,167878348,6,0,1,1536,6,1659566205
16648,85483180,82395191,167878371,9,0,1,6656,10,2212858169
16649,85491931,76304983,161796914,3,0,0,23040,5,6253465757
16650,85493791,76390010,161883801,3,0,0,15872,5,10145951681
16651,85494140,82384254,167878394,8,0,1,512,13,5681120994
16652,85495590,76566216,162061806,5,0,0,53248,0,2394304991
16653,85500900,77268622,162769522,0,0,0,5120,14,8691906925
16654,85502950,76734109,162237059,5,0,0,10240,0,3699888056
16655,85503900,77206274,162710174,1,0,0,512,8,186193275
16656,85510820,82367597,167878417,9,0,1,512,10,4514983646
16657,85522630,82355810,167878440,8,0,1,4096,13,4507894820
16658,85525850,82353035,167878885,8,0,1,2560,13,4816615502
16659,85534260,82354647,167888907,8,0,1,4096,13,7846759910
16660,85536400,76410309,161946709,5,0,0,13312,0,9297057986
16661,85543060,82386926,167929986,1,0,1,10752,8,4391837149
16662,85547970,82382039,167930009,8,0,1,6656,13,8145586151
16663,85553250,82382247,167935497,1,0,1,9728,8,1852314768
16664,85554070,82384653,167938723,9,0,1,5120,10,602859872
16665,85554150,76508326,162062476,1,0,0,2048,8,6740149886
16666,85556811,76488748,162045559,3,0,0,99328,5,1723790259
16667,85559930,82409087,167969017,6,0,1,12800,6,10610566267
16668,85565790,82429816,167995606,8,0,1,11264,13,2064558688
16669,85576740,82418905,167995645,3,0,1,512,5,6170363343
16670,85577590,82418078,167995668,6,0,1,3072,6,10371718792
16671,85589371,76487597,162076968,4,0,0,5632,5,782560404
16672,85593440,76349121,161942561,1,0,0,512,8,2997138334
16673,85594280,76643004,162237284,1,0,0,512,8,2100205888
16674,85600000,82401798,168001798,6,0,1,4608,6,7244072237
16675,85600640,82401181,168001821,1,0,1,7680,8,7182560224
16676,85606100,82395744,168001844,8,0,1,4096,13,3400408031
16677,85606380,82395487,168001867,6,0,1,3584,6,8071910322
16678,85614120,82387786,168001906,6,0,1,1536,6,9148295408
16679,85615911,82386178,168002089,4,0,1,4096,5,7074744831
16680,85618280,82470772,168089052,2,0,1,13824,18,669981872
16681,85621670,82467405,168089075,2,0,1,1024,18,6704744632
16682,85624661,82464437,168089098,4,0,1,1024,5,8095532307
16683,85628170,76553682,162181852,5,0,0,16896,0,5614089715
16684,85629551,76791683,162421234,3,0,0,128000,5,4950807967
16685,85635730,76427984,162063714,5,0,0,3584,0,579473993
16686,85637011,76589074,162226085,4,0,0,4608,5,5691100121
16687,85641280,82447841,168089121,6,0,1,3072,6,7702240783
16688,85644290,82444854,168089144,6,0,1,3072,6,4604683923
16689,85648980,76575678,162224658,0,0,0,45056,14,358561923
16690,85651391,82440139,168091530,4,0,1,3584,5,6604339069
16691,85652590,76581318,162233908,0,0,0,25600,14,2545901391
16692,85653290,82438263,168091553,2,0,1,1536,18,4808497129
16693,85655311,82436265,168091576,4,0,1,1536,5,4153530284
16694,85656760,82434839,168091599,2,0,1,11264,18,3238023990
16695,85662511,76815728,162478239,4,0,0,47616,5,6782625680
16696,85663370,82428252,168091622,3,0,1,2560,5,3611108040
16697,85666120,82470561,168136681,1,0,1,13824,8,6304824846
16698,85669770,76494718,162164488,0,0,0,15360,14,3031489486
16699,85671120,82485629,168156749,3,0,1,3072,5,7802894126
16700,85675660,77033844,162709504,5,0,0,86528,0,9388825349
16701,85677161,82480225,168157386,4,0,1,512,5,8837041298
16702,85680400,82477972,168158372,8,0,1,1536,13,5491755213
16703,85681630,82477408,168159038,2,0,1,1024,18,4419698649
16704,85685060,82474324,168159384,8,0,1,512,13,6666528518
16705,85685950,76743419,162429369,0,0,0,26624,14,9382973116
16706,85690530,82469840,168160370,1,0,1,1536,8,9372644570
16707,85690860,82471456,168162316,9,0,1,3072,10,10057408416
16708,85690920,82471857,168162777,9,0,1,10240,10,5551990789
16709,85695940,82471343,168167283,6,0,1,7168,6,713237185
16710,85700360,82504963,168205323,3,0,1,5632,5,2493680228
16711,85702330,82538911,168241241,1,0,1,10752,8,7842255017
16712,85707571,82534016,168241587,7,0,1,512,13,429668517
16713,85711320,82530933,168242253,3,0,1,1024,5,138620117
16714,85716290,82527909,168244199,3,0,1,3072,5,2955083626
16715,85722620,76427689,162150309,1,0,0,512,8,5175659599
16716,85733270,82551011,168284281,2,0,1,2048,18,3287722318
16717,85734820,82553007,168287827,1,0,1,5632,8,7167695757
16718,85741671,76689460,162431131,4,0,0,5632,5,4888876411
16719,85741701,82546792,168288493,4,0,1,1024,5,6309537357
16720,85741900,82547899,168289799,2,0,1,2048,18,6094220138
16721,85751410,82541295,168292705,1,0,1,4608,8,739658884
16722,85753550,82540141,168293691,2,0,1,1536,18,6268131403
16723,85754911,82542032,168296943,4,0,1,5120,5,6480207382
16724,85759550,82540619,168300169,2,0,1,5120,18,7560858937
16725,85764930,82545748,168310678,6,0,1,5120,6,6101705395
16726,85765750,76561122,162326872,0,0,0,6656,14,6348399850
16727,85766400,82571777,168338177,8,0,1,1536,13,6774210550
16728,85769841,76742787,162512628,4,0,0,111104,5,5620023364
16729,85770651,82568832,168339483,7,0,1,2048,13,8940915259
16730,85773680,82626055,168399735,6,0,1,1024,6,6439340537
16731,85776070,82641083,168417153,3,0,1,1024,5,4884162602
16732,85777980,82639204,168417184,6,0,1,1536,6,10089194081
16733,85780171,76744912,162525083,4,0,0,27136,5,558134070
16734,85780620,82636774,168417394,6,0,1,3584,6,9980681908
16735,85787111,76667735,162454846,3,0,0,37376,5,5161909974
16736,85788320,82657576,168445896,9,0,1,5120,10,9049001532
16737,85789010,82657232,168446242,3,0,1,512,5,4334857799
16738,85790420,76664761,162455181,1,0,0,1024,8,9246315019
16739,85790440,76458593,162249033,0,0,0,9728,14,9859439629
16740,85794900,82652328,168447228,6,0,1,1536,6,3109592628
16741,85795750,82652656,168448406,2,0,1,13824,18,1490709185
16742,85795920,82685969,168481889,9,0,1,5120,10,9719645668
16743,85796471,76958471,162754942,3,0,0,7680,5,2704675930
16744,85796630,82719723,168516353,9,0,1,1536,10,663423163
16745,85799820,82718525,168518345,6,0,1,9728,6,3452248672
16746,85802831,82716820,168519651,0,0,1,2048,14,7377586006
16747,85804320,82806244,168610564,2,0,1,27136,18,7784910936
16748,85806860,82803922,168610782,2,0,1,2048,18,9072248975
16749,85809401,76741108,162550509,3,0,0,56832,5,2493386051
16750,85810190,82829654,168639844,2,0,1,1024,18,5875497934
16751,85810861,82829014,168639875,0,0,1,19456,14,1554344478
16752,85816420,82823673,168640093,6,0,1,4608,6,1097316769
16753,85821361,82818755,168640116,4,0,1,4096,5,6663157907
16754,85826431,76689706,162516137,3,0,0,9216,5,4130211844
16755,85827000,82813139,168640139,6,0,1,4096,6,10240912039
16756,85828491,76881504,162709995,3,0,0,1536,5,1637182573
16757,85829240,82826284,168655524,9,0,1,2048,10,33898426
16758,85830381,76612145,162442526,3,0,0,512,5,2324815801
16759,85830451,82839687,168670138,4,0,1,3072,5,2087177997
16760,85830931,82839729,168670660,4,0,1,4608,5,2624650910
16761,85832320,82838785,168671105,6,0,1,2560,6,9218397463
16762,85833310,82841367,168674677,6,0,1,5632,6,4759539928
16763,85841281,77111212,162952493,4,0,0,29184,5,4364251511
16764,85843581,82831762,168675343,4,0,1,1024,5,2703399226
16765,85850031,76758924,162608955,3,0,0,512,5,6850770331
16766,85850160,76666624,162516784,1,0,0,2048,8,3892945830
16767,85850491,76628262,162478753,3,0,0,1536,5,5365860185
16768,85850971,82825038,168676009,0,0,1,1024,14,2889959155
16769,85851630,76873410,162725040,0,0,0,48640,14,10612469422
16770,85851770,82828771,168680541,3,0,1,7168,5,2105608187
16771,85855970,82824827,168680797,9,0,1,9216,10,7278070150
16772,85864161,82854209,168718370,0,0,1,4096,14,7108189228
16773,85866250,82856972,168723222,6,0,1,33280,6,6291445151
16774,85866491,82858677,168725168,4,0,1,3072,5,6016241772
16775,85868570,82879336,168747906,1,0,1,17920,8,3876848707
16776,85872641,82898518,168771159,0,0,1,13312,14,9718946019
16777,85876450,82895375,168771825,9,0,1,11264,10,9419053467
16778,85888280,82897347,168785627,9,0,1,2048,10,3868465185
16779,85892430,82894503,168786933,6,0,1,2048,6,7860309880
16780,85893311,76833108,162726419,3,0,0,1536,5,8862950395
16781,85894371,76843514,162737885,4,0,0,14336,5,2703054364
16782,85894430,76831163,162725593,1,0,0,1536,8,9781447754
16783,85895130,82892469,168787599,3,0,1,1024,5,10413534367
16784,85898011,76732121,162630132,3,0,0,512,5,1236987130
16785,85898560,82894045,168792605,9,0,1,9728,10,3080538221
16786,85900731,76825197,162725928,3,0,0,1024,5,4467985745
16787,85906321,76919218,162825539,4,0,0,28672,5,3046764344
16788,85910361,77115221,163025582,4,0,0,8704,5,7977586283
16789,85913680,82880551,168794231,1,0,1,2560,8,7890368109
16790,85919950,82878147,168798097,3,0,1,6144,5,10329201773
16791,85927900,82880362,168808262,1,0,1,4096,8,10392330653
16792,85933030,82881545,168814575,1,0,1,3072,8,7548748164
16793,85937911,82878290,168816201,4,0,1,2560,5,8168409062
16794,85941900,82880131,168822031,3,0,1,8704,5,3617552210
16795,85942130,82881527,168823657,5,0,1,2560,0,4754122738
16796,85942431,82885092,168827523,4,0,1,6144,5,319352919
16797,85944570,76805846,162750416,1,0,0,512,8,5259031819
16798,85949821,76942119,162891940,3,0,0,512,5,5100147724
16799,85950600,82878408,168829008,1,0,1,15360,8,9490883831
16800,85957580,76836992,162794572,0,0,0,512,14,9535188316
16801,85964381,82871779,168836160,0,0,1,8192,14,3561445576
16802,85965170,82878764,168843934,9,0,1,4608,10,5443271155
16803,85967380,82885920,168853300,9,0,1,3584,10,2380326531
16804,85971380,76661875,162633255,1,0,0,3072,8,3807407615
16805,85981191,82881684,168862875,0,0,1,512,14,10026859889
16806,85987520,76915192,162902712,0,0,0,17920,14,426738573
16807,85996950,82867231,168864181,3,0,1,2048,5,1554171640
16808,85997770,82868357,168866127,9,0,1,3072,10,6636938397
16809,86002290,76999105,163001395,0,0,0,4096,14,1035662228
16810,86011850,82854943,168866793,1,0,1,1024,8,3234501082
16811,86013881,77052475,163066356,4,0,0,44544,5,7110839654
16812,86018861,82849558,168868419,4,0,1,2560,5,320895188
16813,86018920,76908954,162927874,0,0,0,80896,14,5241917118
16814,86019810,76820784,162840594,1,0,0,512,8,1463847150
16815,86020671,82868922,168889593,0,0,1,512,14,2769931926
16816,86022720,82868179,168890899,3,0,1,2048,5,9503108723
16817,86026870,76876333,162903203,0,0,0,1536,14,1131784168
16818,86030331,82863645,168893976,0,0,1,11776,14,1275021660
16819,86037870,77114351,163152221,0,0,0,67584,14,9866292866
16820,86046320,82849922,168896242,3,0,1,3584,5,5250251273
16821,86047790,82857352,168905142,1,0,1,11776,8,2516236401
16822,86049561,76920385,162969946,3,0,0,1536,5,6037325772
16823,86051381,82862601,168913982,4,0,1,4096,5,8054969284
16824,86051671,82867958,168919629,4,0,1,6144,5,10731133181
16825,86052920,76800374,162853294,1,0,0,512,8,2972758643
16826,86055180,82868739,168923919,2,0,1,1536,18,7119849419
16827,86057250,82877627,168934877,3,0,1,8704,5,6425111858
16828,86058691,82879732,168938423,4,0,1,5632,5,1806582571
16829,86060711,82879018,168939729,4,0,1,2048,5,2022210291
16830,86061860,82880775,168942635,3,0,1,4608,5,9784503631
16831,86066811,76821986,162888797,3,0,0,1024,5,962808613
16832,86071981,82871640,168943621,0,0,1,1536,14,1168183207
16833,86076841,76864223,162941064,3,0,0,512,5,5687118511
16834,86077681,77053902,163131583,4,0,0,40960,5,9735517069
16835,86085350,82859897,168945247,1,0,1,2560,8,8877089562
16836,86092801,76860183,162952984,3,0,0,1536,5,2934522223
16837,86100550,82845363,168945913,1,0,1,1024,8,10403435099
16838,86100880,76871402,162972282,1,0,0,1024,8,3295957410
16839,86107311,76734566,162841877,3,0,0,512,5,2522234399
16840,86114621,82831638,168946259,0,0,1,512,14,5156105345
16841,86121540,82826025,168947565,2,0,1,2048,18,9408637698
16842,86143741,82805450,168949191,0,0,1,2560,14,2514403890
16843,86144711,76896723,163041434,3,0,0,512,5,1089830924
16844,86146640,82805457,168952097,1,0,1,4608,8,9689309189
16845,86149511,76788230,162937741,4,0,0,32256,5,1534965167
16846,86156720,82800523,168957243,2,0,1,8192,18,1388949437
16847,86160241,76853859,163014100,4,0,0,9216,5,8338301368
16848,86163900,82795955,168959855,9,0,1,4096,10,3046558265
16849,86164601,76803385,162967986,3,0,0,2048,5,4132561822
16850,86169430,82791411,168960841,2,0,1,1536,18,1758025186
16851,86174110,76996734,163170844,0,0,0,7168,14,2692911585
16852,86174521,76916492,163091013,4,0,0,78336,5,6894518472
16853,86175210,82789303,168964513,3,0,1,5632,5,8379372370
16854,86181450,82784049,168965499,1,0,1,1536,8,6113347312
16855,86188900,76979622,163168522,0,0,0,53248,14,8165609781
16856,86189911,82786180,168976091,0,0,1,512,14,9461089481
16857,86192271,82785766,168978037,0,0,1,3072,14,5412509103
16858,86200930,82780013,168980943,9,0,1,4608,10,2268403873
16859,86202590,76895156,163097746,0,0,0,20480,14,8595240650
16860,86216510,82791572,169008082,2,0,1,11776,18,9343066097
16861,86220090,82795482,169015572,2,0,1,2560,18,8543521803
16862,86220670,82796009,169016679,9,0,1,1536,10,8636373196
16863,86221311,76953860,163175171,4,0,0,13824,5,8867022892
16864,86227400,82790585,169017985,9,0,1,2048,10,6591999338
16865,86234891,76963851,163198742,4,0,0,28672,5,7058145464
16866,86235671,77051493,163287164,4,0,0,10240,5,7472820181
16867,86239111,76948902,163188013,3,0,0,512,5,8070890800
16868,86242740,82778471,169021211,1,0,1,5120,8,5686739052
16869,86245500,82777017,169022517,1,0,1,2048,8,6504682109
16870,86249010,82775773,169024783,9,0,1,3584,10,3433549983
16871,86256580,82773265,169029845,9,0,1,6656,10,2365883678
16872,86261021,82771090,169032111,0,0,1,3584,14,5317703542
16873,86266331,82784147,169050478,0,0,1,3584,14,8637516914
16874,86272631,76904123,163176754,4,0,0,5120,5,3087486348
16875,86284010,82769109,169053119,9,0,1,2048,10,10628086922
16876,86285351,82768754,169054105,0,0,1,1536,14,10285693473
16877,86286140,82770779,169056919,9,0,1,1024,10,5127970051
16878,86286371,77164297,163450668,3,0,0,2560,5,1514540310
16879,86287020,82773471,169060491,9,0,1,5632,10,456299933
16880,86313391,82747766,169061157,4,0,1,1024,5,7648088035
16881,86314071,82747432,169061503,0,0,1,512,14,8691170669
16882,86317170,82748199,169065369,1,0,1,6144,8,6096793999
16883,86317651,82768644,169086295,0,0,1,15360,14,3325292922
16884,86329141,77019568,163348709,3,0,0,512,5,926055633
16885,86337171,82753813,169090984,7,0,1,3072,13,9293935691
16886,86351920,82740050,169091970,9,0,1,1536,10,6071331416
16887,86355610,82764384,169119994,9,0,1,16896,10,6858970540
16888,86359240,82763009,169122249,9,0,1,2560,10,3854581831
16889,86376630,82750125,169126755,1,0,1,7168,8,9464205044
16890,86377011,82768381,169145392,0,0,1,5120,14,472682756
16891,86378640,77197692,163576332,0,0,0,73728,14,6758935761
16892,86379001,77070841,163449842,4,0,0,73728,5,6384444044
16893,86383371,77022122,163405493,3,0,0,1536,5,6580025393
16894,86388231,82760707,169148938,0,0,1,5632,14,1755832353
16895,86408490,82752181,169160671,3,0,1,11776,5,5896946395
16896,86408671,82764914,169173585,0,0,1,11776,14,8746565659
16897,86410551,82776336,169186887,0,0,1,7680,14,1705133674
16898,86433091,82754462,169187553,0,0,1,1024,14,4643654723
16899,86436641,77019510,163456151,4,0,0,17920,5,7500652261
16900,86438301,77074782,163513083,4,0,0,36352,5,5259018758
16901,86446690,77105219,163551909,0,0,0,21504,14,1800068437
16902,86454400,77080201,163534601,0,0,0,45056,14,964629300
16903,86455120,82733099,169188219,5,0,1,1024,0,7783990630
16904,86459511,82733854,169193365,0,0,1,8192,14,3928724536
16905,86463140,82736778,169199918,3,0,1,7168,5,8061842927
16906,86464320,82772875,169237195,3,0,1,5632,5,983511388
16907,86464840,82772378,169237218,3,0,1,3072,5,3894522004
16908,86481200,76927280,163408480,0,0,0,9728,14,5834094258
16909,86483650,77277577,163761227,0,0,0,48128,14,4013862756
16910,86504190,82733051,169237241,1,0,1,8704,8,10584140156
16911,86510700,82732639,169243339,1,0,1,512,8,2700070257
16912,86514621,82731944,169246565,0,0,1,5120,14,1697849988
16913,86518661,82732091,169250752,0,0,1,5632,14,3705476583
16914,86520551,82732429,169252980,0,0,1,3072,14,1449118278
16915,86527800,76824434,163352234,0,0,0,7680,14,8546531447
16916,86536440,76938008,163474448,0,0,0,7168,14,6204797571
16917,86541650,82724263,169265913,1,0,1,512,8,1907025269
16918,86542091,82725128,169267219,0,0,1,2048,14,6292080512
16919,86550730,76761645,163312375,0,0,0,10240,14,5566513290
16920,86553421,82714157,169267578,0,0,1,9728,14,2662031082
16921,86564320,77135486,163699806,0,0,0,29184,14,907692583
16922,86566090,76825070,163391160,0,0,0,1024,14,7150020867
16923,86572261,82700477,169272738,0,0,1,1024,14,170030573
16924,86575181,82697832,169273013,7,0,1,8704,13,1774482432
16925,86581630,82710033,169291663,1,0,1,4608,8,3928974688
16926,86592431,76904871,163497302,4,0,0,14848,5,6328986520
16927,86592790,82701779,169294569,6,0,1,4608,6,255104995
16928,86600141,77084218,163684359,3,0,0,1024,5,4532780379
16929,86601920,82694275,169296195,1,0,1,2560,8,6124066465
16930,86607030,82689511,169296541,1,0,1,512,8,9330406970
16931,86607770,82693917,169301687,3,0,1,8192,5,6681080801
16932,86618800,77159468,163778268,0,0,0,48640,14,1798076905
16933,86627711,77013161,163640872,3,0,0,512,5,9641112544
16934,86628810,82676743,169305553,1,0,1,6144,8,7998455885
16935,86630200,77081102,163711302,0,0,0,37376,14,6794223005
16936,86630521,82685604,169316125,0,0,1,18432,14,925630726
16937,86639941,77038539,163678480,4,0,0,7680,5,5337627749
16938,86645690,82672862,169318552,3,0,1,1536,5,4999400045
16939,86661971,76954284,163616255,4,0,0,90112,5,513547138
16940,86664771,82654286,169319057,7,0,1,3072,13,2164495012
16941,86665610,82654433,169320043,1,0,1,1536,8,21251743
16942,86666840,77009254,163676094,0,0,0,82432,14,5148729053
16943,86669520,82652469,169321989,3,0,1,3072,5,8807064267
16944,86676071,82651730,169327801,0,0,1,9216,14,4827133943
16945,86677361,77207045,163884406,4,0,0,24576,5,9279194431
16946,86677631,82650734,169328365,0,0,1,10752,14,5368179621
16947,86685920,77060620,163746540,0,0,0,20480,14,5530084280
16948,86694150,82656466,169350616,5,0,1,7168,0,4966838223
16949,86695630,77181086,163876716,5,0,0,55296,0,699775536
16950,86705141,77138851,163843992,3,0,0,2048,5,365482806
16951,86705731,77223534,163929265,4,0,0,9216,5,3382240309
16952,86708200,82642439,169350639,5,0,1,1024,0,10520047347
16953,86709850,82640812,169350662,5,0,1,1024,0,3009446422
16954,86726220,82625635,169351855,5,0,1,12288,0,5813560695
16955,86728411,77066773,163795184,4,0,0,19456,5,4060584362
16956,86734710,82626902,169361612,5,0,1,3584,0,2236187094
16957,86740291,77136604,163876895,3,0,0,512,5,9552624444
16958,86746100,82634780,169380880,5,0,1,6144,0,7436608356
16959,86747120,82643032,169390152,8,0,1,3072,13,179000205
16960,86755460,82635358,169390818,6,0,1,1024,6,2325932759
16961,86759760,82633004,169392764,5,0,1,3072,0,8045810805
16962,86761840,82632230,169394070,6,0,1,2048,6,2276023924
16963,86768730,82630486,169399216,5,0,1,8192,0,4542939267
16964,86776930,82624872,169401802,5,0,1,4096,0,4319753443
16965,86777301,82628675,169405976,0,0,1,2048,14,293776378
16966,86780640,82630407,169411047,5,0,1,2560,0,866293565
16967,86782101,82643244,169425345,4,0,1,512,5,7908266312
16968,86796951,77190801,163987752,4,0,0,40960,5,4818122413
16969,86812881,77030441,163843322,4,0,0,25088,5,8232888236
16970,86813560,82615651,169429211,6,0,1,6144,6,10465125125
16971,86815811,82615046,169430857,4,0,1,8704,5,7976514523
16972,86816021,77141664,163957685,4,0,0,32768,5,5752323119
16973,86816710,82711585,169528295,5,0,1,43008,0,2580358724
16974,86818381,82721746,169540127,4,0,1,5120,5,938674069
16975,86830770,82710663,169541433,6,0,1,2048,6,2173611575
16976,86833991,82708748,169542739,4,0,1,2048,5,820910832
16977,86865051,82685420,169550471,4,0,1,12288,5,823063124
16978,86881690,82672967,169554657,5,0,1,6656,0,521739165
16979,86883320,77109314,163992634,0,0,0,14848,14,3683930668
16980,86885231,77102856,163988087,3,0,0,1024,5,8447833341
16981,86897480,82672298,169569778,6,0,1,4096,6,9823137811
16982,86904901,77199998,164104899,3,0,0,512,5,536091212
16983,86913541,77112154,164025695,4,0,0,8192,5,8341045398
16984,86917061,77135872,164052933,4,0,0,4608,5,2512081950
16985,86921890,82696785,169618675,6,0,1,12800,6,4627516177
16986,86925750,77242097,164167847,0,0,0,30208,14,802597843
16987,86933251,82685447,169618698,4,0,1,1024,5,8082958083
16988,86936790,77010865,163947655,0,0,0,30720,14,6242398611
16989,86940260,82678461,169618721,5,0,1,4608,0,5114766202
16990,86954870,82663874,169618744,5,0,1,1536,0,5995253799
16991,86964440,77212673,164177113,0,0,0,26624,14,9858048948
16992,86971731,77034003,164005734,4,0,0,3072,5,605870774
16993,86984990,82633777,169618767,5,0,1,1536,0,1063526220
16994,86987150,77089153,164076303,0,0,0,31744,14,4029999585
16995,86991731,82668334,169660065,4,0,1,8704,5,1843052214
16996,86995240,82665811,169661051,5,0,1,1536,0,3585863301
16997,86996391,77108329,164104720,4,0,0,46592,5,1063639096
16998,86996691,76934673,163931364,3,0,0,512,5,1390019972
16999,86997950,77025180,164023130,0,0,0,24064,14,6066649269
17000,86998930,82665027,169663957,6,0,1,4608,6,7252962400
17001,87007890,82656733,169664623,6,0,1,1024,6,7066727321
17002,87008450,82664890,169673340,9,0,1,1536,10,8779361529
17003,87008691,82677825,169686516,4,0,1,4096,5,7323350369
17004,87036680,82657622,169694302,5,0,1,2048,0,1317388278
17005,87039301,77142163,164181464,3,0,0,512,5,8702980413
17006,87048920,82661022,169709942,6,0,1,512,6,7242332480
17007,87048930,82691461,169740391,5,0,1,32768,0,9256745455
17008,87055341,77247901,164303242,3,0,0,512,5,6785349365
17009,87068111,76966563,164034674,3,0,0,1024,5,9787900007
17010,87078711,82685088,169763799,0,0,1,6656,14,9671739120
17011,87078930,82758620,169837550,5,0,1,49152,0,8948345190
17012,87083650,82769333,169852983,6,0,1,10240,6,7162904561
17013,87085241,82781512,169866753,4,0,1,5632,5,10379901383
17014,87089270,82805384,169894654,5,0,1,43008,0,192962889
17015,87091781,82803859,169895640,0,0,1,1536,14,2532937618
17016,87096320,82840163,169936483,5,0,1,50176,0,8666606746
17017,87097261,82852616,169949877,4,0,1,3584,5,6441014234
17018,87097830,82852070,169949900,6,0,1,2560,6,8509924265
17019,87098560,82851363,169949923,8,0,1,1024,13,9318697686
17020,87109281,77133772,164243053,3,0,0,512,5,47137435
17021,87111910,82838036,169949946,6,0,1,2560,6,45769108
17022,87115500,82897613,170013113,5,0,1,74240,0,10127250063
17023,87119231,82894548,170013779,0,0,1,1024,14,8823067029
17024,87120030,77316320,164436350,8,0,0,39424,13,1692887884
17025,87129611,77165895,164295506,3,0,0,71680,5,1344054567
17026,87138980,77066133,164205113,8,0,0,10240,13,8526049006
17027,87139921,82874524,170014445,4,0,1,1024,5,3253007836
17028,87140391,82875680,170016071,0,0,1,2560,14,8197012110
17029,87140410,82892079,170032489,5,0,1,11776,0,6565776074
17030,87141401,82893674,170035075,0,0,1,4096,14,6177877532
17031,87144250,82891491,170035741,6,0,1,1024,6,9178039386
17032,87150290,77168992,164319282,8,0,0,24576,13,5622502917
17033,87151371,77151692,164303063,3,0,0,24576,5,3083090061
17034,87154810,82881699,170036509,6,0,1,11776,6,6757818084
17035,87154980,77111482,164266462,8,0,0,3072,13,4571814094
17036,87156180,77083396,164239576,8,0,0,41984,13,7969457041
17037,87164991,82876344,170041335,0,0,1,7680,14,5548738598
17038,87169540,82875661,170045201,6,0,1,6144,6,1966143890
17039,87170251,77154254,164324505,3,0,0,3072,5,7853836315
17040,87171710,82888099,170059809,3,0,1,7168,5,3074477106
17041,87174151,82914538,170088689,0,0,1,20992,14,3021231791
17042,87176721,82926126,170102847,4,0,1,1024,5,8718035191
17043,87177481,82926352,170103833,0,0,1,1536,14,3633275095
17044,87178060,82935741,170113801,6,0,1,12288,6,5184116910
17045,87180980,82937647,170118627,3,0,1,7680,5,8753593451
17046,87188501,77388535,164577036,4,0,0,15872,5,4170237216
17047,87189131,77179434,164368565,3,0,0,6144,5,28658106
17048,87197580,77338596,164536176,8,0,0,133632,13,553640715
17049,87202500,82916473,170118973,3,0,1,512,5,8281607972
17050,87202601,82918638,170121239,4,0,1,3584,5,5400709180
17051,87205741,82915844,170121585,4,0,1,512,5,6661182318
17052,87211960,82926928,170138888,5,0,1,12288,0,1520826089
17053,87217681,82922193,170139874,4,0,1,1536,5,2732502698
17054,87218350,82925390,170143740,6,0,1,6144,6,3177031937
17055,87219741,82931091,170150832,4,0,1,11264,5,3544901744
17056,87228830,82923348,170152178,3,0,1,1024,5,1553735765
17057,87232151,82925138,170157289,0,0,1,1024,14,9653982683
17058,87232180,82930255,170162435,3,0,1,8192,5,1587136080
17059,87237370,82928611,170165981,6,0,1,5632,6,1324574581
17060,87239460,82929594,170169054,6,0,1,3584,6,7463608918
17061,87241900,82930380,170172280,1,0,1,5120,8,3862851295
17062,87242710,83087487,170330197,5,0,1,139264,0,8985323007
17063,87243441,83100726,170344167,4,0,1,1536,5,630921528
17064,87248601,77731806,164980407,4,0,0,6144,5,2372570481
17065,87254291,83090862,170345153,0,0,1,1536,14,4655831579
17066,87255550,83090985,170346535,3,0,1,1024,5,4300680026
17067,87257670,83090171,170347841,6,0,1,2048,6,3460831812
17068,87264641,77342943,164607584,4,0,0,11264,5,811477683
17069,87266411,83081789,170348200,0,0,1,9728,14,4674603209
17070,87269290,77176911,164446201,8,0,0,32256,13,9508326402
17071,87284640,83068870,170353510,3,0,1,3072,5,3797212098
17072,87288101,77351556,164639657,3,0,0,14336,5,6380224063
17073,87289760,83073094,170362854,2,0,1,8192,18,939481498
17074,87298681,77635610,164934291,3,0,0,92672,5,2153776012
17075,87302281,83065399,170367680,4,0,1,7680,5,4186275385
17076,87308270,83061036,170369306,6,0,1,2560,6,8387078102
17077,87310011,77456625,164766636,3,0,0,8704,5,1518555983
17078,87318611,77494006,164812617,4,0,0,45568,5,2221812388
17079,87325150,83048342,170373492,3,0,1,6656,5,5306770279
17080,87325880,77218522,164544402,0,0,0,3584,14,10335043691
17081,87329470,83046608,170376078,6,0,1,4096,6,8817377928
17082,87339790,83037914,170377704,6,0,1,2560,6,7707635245
17083,87343180,83037123,170380303,3,0,1,3584,5,9991568229
17084,87352380,83030900,170383280,3,0,1,3072,5,3894020759
17085,87362550,83028802,170391352,6,0,1,1024,6,3818800284
17086,87368301,77313153,164681454,4,0,0,34816,5,7361851873
17087,87368770,77266496,164635266,0,0,0,64512,14,5523139015
17088,87371640,83020378,170392018,3,0,1,1024,5,10028436523
17089,87375841,77359753,164735594,3,0,0,16896,5,8124389048
17090,87377550,83017054,170394604,1,0,1,4096,8,3672386629
17091,87386480,77869506,165255986,8,0,0,70144,13,4832476792
17092,87389520,83012063,170401583,1,0,1,1536,8,6880818585
17093,87389621,83016788,170406409,0,0,1,7680,14,3353565441
17094,87390810,83016265,170407075,6,0,1,1024,6,4715913437
17095,87394490,83031839,170426329,3,0,1,17920,5,6366008700
17096,87400660,83027615,170428275,1,0,1,3072,8,6743067727
17097,87406060,83029736,170435796,3,0,1,7168,5,1890509345
17098,87406251,77808208,165214459,3,0,0,108544,5,5801468450
17099,87412730,77765179,165177909,0,0,0,24064,14,9171701737
17100,87416150,77752665,165168815,0,0,0,237568,14,10409126713
17101,87416341,83022681,170439022,7,0,1,5120,13,94357447
17102,87419800,83019376,170439176,3,0,1,8704,5,6934386340
17103,87423541,77525856,164949397,4,0,0,22528,5,5033012670
17104,87429681,77405290,164834971,3,0,0,38912,5,3953061426
17105,87441530,83015851,170457381,1,0,1,11264,8,8717535374
17106,87443340,83015667,170459007,1,0,1,2560,8,4949283937
17107,87443810,77450968,164894778,0,0,0,75264,14,2777635009
17108,87446560,83018586,170465146,3,0,1,6144,5,8625058725
17109,87446671,77376421,164823092,3,0,0,34304,5,1028359548
17110,87459700,83012924,170472624,1,0,1,7168,8,9252406421
17111,87465400,77845682,165311082,0,0,0,51200,14,1407375595
17112,87468220,77920150,165388370,8,0,0,2560,13,4716408552
17113,87472941,83000029,170472970,7,0,1,512,13,8620910237
17114,87475591,83001885,170477476,7,0,1,7168,13,1213784365
17115,87485550,77350224,164835774,0,0,0,2560,14,1590471163
17116,87489261,77607147,165096408,3,0,0,57344,5,182739239
17117,87492660,77295093,164787753,0,0,0,1024,14,3730702866
17118,87500660,82987236,170487896,8,0,1,2048,13,3320390859
17119,87506660,78255382,165762042,8,0,0,150528,13,4653097606
17120,87533910,82954972,170488882,1,0,1,1536,8,6055435302
17121,87540930,82949578,170490508,1,0,1,2560,8,9370825147
17122,87551461,77898425,165449886,3,0,0,156672,5,9613085944
17123,87553221,82938593,170491814,7,0,1,2048,13,2233091375
17124,87561570,77608984,165170554,0,0,0,5632,14,2118593253
17125,87571041,77264912,164835953,4,0,0,512,5,7802124774
17126,87581630,82915036,170496666,1,0,1,7680,8,4012798612
17127,87582040,77676777,165258817,0,0,0,9216,14,8806022565
17128,87592640,82905332,170497972,1,0,1,2048,8,10399964230
17129,87596911,77670353,165267264,4,0,0,27648,5,2203151080
17130,87602081,77579283,165181364,3,0,0,11264,5,530846433
17131,87602940,78784504,166387444,8,0,0,7680,13,10512611817
17132,87606830,77720187,165327017,0,0,0,52224,14,898275039
17133,87612870,77774697,165387567,8,0,0,111104,13,3123086429
17134,87620681,77855262,165475943,3,0,0,72192,5,6206581907
17135,87622541,78413653,166036194,4,0,0,82944,5,1449479242
17136,87623941,78872711,166496652,3,0,0,71168,5,6604333967
17137,87645450,77808382,165453832,8,0,0,12800,13,7406642616
17138,87651420,77830364,165481784,8,0,0,18944,13,7449240786
17139,87669500,82829138,170498638,1,0,1,11264,8,5388533315
17140,87670230,82839366,170509596,1,0,1,10240,8,4307450025
17141,87670610,82850624,170521234,1,0,1,1536,8,2036271798
17142,87672690,82851178,170523868,1,0,1,9728,8,3398552060
17143,87682781,77978876,165661657,3,0,0,6144,5,9034781375
17144,87685860,82844553,170530413,1,0,1,512,8,9816092301
17145,87694310,78128398,165822708,0,0,0,82944,14,1991676389
17146,87698251,77873381,165571632,3,0,0,71168,5,936567148
17147,87702861,78093859,165796720,3,0,0,61952,5,756997745
17148,87703170,82830804,170533974,1,0,1,2048,8,6037946942
17149,87705430,77902128,165607558,0,0,0,25600,14,4579904422
17150,87709851,78185307,165895158,4,0,0,93696,5,1784418924
17151,87725710,82824520,170550230,1,0,1,4608,8,6839163567
17152,87755431,77741706,165497137,3,0,0,34304,5,10113132062
17153,87765010,82787717,170552727,1,0,1,14848,8,6224958725
17154,87778551,77874093,165652644,4,0,0,19456,5,10348779740
17155,87799361,82754672,170554033,0,0,1,2048,14,9422271452
17156,87805101,82756464,170561565,0,0,1,3584,14,4349788128
17157,87806650,77698782,165505432,8,0,0,21504,13,1500737638
17158,87810351,77846996,165657347,4,0,0,15360,5,9878125672
17159,87818090,78238672,166056762,8,0,0,14336,13,6093692131
17160,87819791,78289417,166109208,4,0,0,54272,5,3424036596
17161,87821330,82754064,170575394,3,0,1,13824,5,3380765235
17162,87844540,82733236,170577776,1,0,1,15360,8,1434900134
17163,87859750,78049484,165909234,0,0,0,512,14,4520043726
17164,87863701,77736034,165599735,3,0,0,92160,5,7268869798
17165,87867941,77995809,165863750,4,0,0,133120,5,1186252762
17166,87892370,82688312,170580682,1,0,1,4608,8,4301266016
17167,87919100,77725282,165644382,8,0,0,50688,13,7859174922
17168,87922980,82660288,170583268,1,0,1,4096,8,2676304578
17169,87927571,82656363,170583934,0,0,1,1024,14,1784080854
17170,87940511,77837310,165777821,4,0,0,51712,5,6873989630
17171,87941851,77962657,165904508,3,0,0,12288,5,7838922222
17172,87943821,77922361,165866182,3,0,0,7168,5,498261944
17173,87947140,77876027,165823167,0,0,0,512,14,2863591740
17174,87948560,77874350,165822910,0,0,0,512,14,1882590966
17175,87955850,82629070,170584920,1,0,1,1536,8,5478046236
17176,87962610,78032900,165995510,8,0,0,40448,13,968745941
17177,87966861,82619045,170585906,0,0,1,1536,14,3658898103
17178,87983890,77933039,165916929,8,0,0,1024,13,384082648
17179,87994790,82595149,170589939,6,0,1,12800,6,6655439365
17180,88003500,82590625,170594125,1,0,1,6656,8,9570676227
17181,88006961,77678210,165685171,4,0,0,1536,5,3609050816
17182,88017840,82588606,170606446,1,0,1,16384,8,6672459212
17183,88024950,82599018,170623968,1,0,1,1536,8,2869704899
17184,88032930,77764437,165797367,8,0,0,2048,13,8261525667
17185,88033391,82602767,170636158,0,0,1,4608,14,756172017
17186,88035410,77831154,165866564,0,0,0,1024,14,1089356884
17187,88043790,82595914,170639704,1,0,1,5632,8,1298231614
17188,88044550,82599660,170644210,1,0,1,7168,8,6658818851
17189,88049090,77814885,165863975,8,0,0,512,13,7078661439
17190,88074881,77834174,165909055,4,0,0,14848,5,4170690665
17191,88092221,78560101,166652322,4,0,0,29696,5,744283323
17192,88096590,82547966,170644556,1,0,1,512,8,7633640670
17193,88105931,82538881,170644812,0,0,1,9216,14,5842359432
17194,88117250,77840738,165957988,0,0,0,1536,14,415723371
17195,88128020,82520684,170648704,1,0,1,6144,8,9797713683
17196,88136200,82513170,170649370,2,0,1,11264,18,10067121674
17197,88137500,78040290,166177790,0,0,0,512,14,7640043615
17198,88137691,77763050,165900741,4,0,0,16896,5,5361177174
17199,88144971,78119799,166264770,4,0,0,104960,5,8638206947
17200,88145171,77825692,165970863,4,0,0,28672,5,4875765616
17201,88150450,82499266,170649716,2,0,1,512,18,4613037560
17202,88151670,82498392,170650062,1,0,1,512,8,3056521451
17203,88154250,77741087,165895337,8,0,0,512,13,7466657880
17204,88161440,77812595,165974035,7,0,0,5632,13,5676121569
17205,88169080,82481648,170650728,2,0,1,1024,18,1272830717
17206,88171580,82482191,170653771,1,0,1,4096,8,7761947214
17207,88174951,77981987,166156938,3,0,0,38400,5,5759068138
17208,88186411,82469946,170656357,0,0,1,4096,14,10660183321
17209,88201410,82456573,170657983,2,0,1,2560,18,7538893705
17210,88206111,77689451,165895562,3,0,0,512,5,5748939081
17211,88217761,82440888,170658649,0,0,1,1024,14,3882541838
17212,88222660,77732780,165955440,0,0,0,512,14,6353338868
17213,88223850,82435145,170658995,2,0,1,512,18,2334332808
17214,88224020,77980592,166204612,0,0,0,1024,14,7613689013
17215,88225170,82437051,170662221,1,0,1,5120,8,3192676451
17216,88226450,77769239,165995689,0,0,0,512,14,5918179877
17217,88231631,77893291,166124922,3,0,0,5632,5,3047141259
17218,88233250,82430277,170663527,1,0,1,2048,8,605262866
17219,88240631,78516650,166757281,4,0,0,97280,5,1866271852
17220,88243371,78184911,166428282,4,0,0,74752,5,2360619693
17221,88244991,78032461,166277452,3,0,0,41472,5,2554898016
17222,88247990,77724306,165972296,8,0,0,1536,13,3726082900
17223,88250091,77840142,166090233,3,0,0,26112,5,6393372270
17224,88253920,77717122,165971042,8,0,0,512,13,3177892545
17225,88255920,82412139,170668059,1,0,1,7168,8,5407007895
17226,88262280,82426907,170689187,2,0,1,8704,18,4425240358
17227,88262800,82430573,170693373,1,0,1,6656,8,8913075868
17228,88266360,78274878,166541238,8,0,0,512,13,2593070957
17229,88270020,82432184,170702204,3,0,1,3584,5,9129239611
17230,88281910,82425120,170707030,2,0,1,7680,18,3286494503
17231,88286230,82425012,170711242,2,0,1,6656,18,4310104244
17232,88289431,78009023,166298454,3,0,0,42496,5,9114874552
17233,88292450,77764803,166057253,0,0,0,1536,14,5195902381
17234,88301340,77976291,166277631,0,0,0,512,14,10618320674
17235,88302171,78066663,166368834,3,0,0,68096,5,7779002062
17236,88305261,78079820,166385081,3,0,0,53248,5,1506489162
17237,88319650,82396098,170715748,3,0,1,7168,5,9678683367
17238,88320740,82395354,170716094,3,0,1,512,5,4825512665
17239,88336951,78137975,166474926,3,0,0,24576,5,5506301331
17240,88349970,82369030,170719000,3,0,1,4608,5,9764229362
17241,88361670,82359276,170720946,1,0,1,3072,8,2049783117
17242,88367161,78474551,166841712,3,0,0,7680,5,5780139753
17243,88371620,82353454,170725074,6,0,1,1536,6,2008920260
17244,88378581,78565907,166944488,4,0,0,13824,5,10731749834
17245,88392080,82333660,170725740,1,0,1,1024,8,7035609446
17246,88400571,78187564,166588135,4,0,0,71680,5,5221882832
17247,88437451,78584767,167022218,3,0,0,40960,5,9963161776
17248,88440950,77885846,166326796,9,0,0,1536,10,9750219165
17249,88447721,77987604,166435325,3,0,0,23040,5,699951909
17250,88455891,78081885,166537776,3,0,0,23040,5,5049956777
17251,88461250,77817184,166278434,0,0,0,2560,14,3677131750
17252,88480661,82248192,170728853,4,0,1,2560,5,5985500739
17253,88497021,77784096,166281117,4,0,0,8704,5,6545028970
17254,88504391,82225768,170730159,4,0,1,2048,5,7967581453
17255,88505231,82228794,170734025,7,0,1,6144,13,5923413832
17256,88518990,77811963,166330953,0,0,0,512,14,1864393109
17257,88525671,78037119,166562790,4,0,0,11776,5,1231399939
17258,88529660,77863854,166393514,0,0,0,512,14,5443276142
17259,88531251,82221684,170752935,7,0,1,4608,13,5180413453
17260,88537181,78051445,166588626,3,0,0,1536,5,2772259792
17261,88548681,82204600,170753281,7,0,1,512,13,8030997156
17262,88551821,77974705,166526526,3,0,0,8704,5,7289672191
17263,88555771,82208333,170764104,4,0,1,10240,5,3586023856
17264,88560231,77886548,166446779,3,0,0,19968,5,3556764334
17265,88567801,82217877,170785678,4,0,1,16384,5,7964659147
17266,88588261,82197763,170786024,7,0,1,512,13,3794558973
17267,88591931,82202145,170794076,7,0,1,12800,13,3555129878
17268,88593640,77999096,166592736,5,0,0,3072,0,9148293644
17269,88606851,82193635,170800486,7,0,1,8704,13,8381975718
17270,88613801,78812504,167426305,3,0,0,111616,5,1039967313
17271,88627631,78175216,166802847,3,0,0,27136,5,5869260898
17272,88631741,82172958,170804699,7,0,1,12288,13,6437585495
17273,88638590,82169015,170807605,2,0,1,4608,18,3507471145
17274,88654371,78072976,166727347,3,0,0,94720,5,6448922376
17275,88656401,82154534,170810935,7,0,1,512,13,8222036185
17276,88656921,77845214,166502135,4,0,0,17920,5,5447805236
17277,88657931,82153158,170811089,4,0,1,8704,5,6134781757
17278,88659650,82155625,170815275,2,0,1,6656,18,3477636827
17279,88660591,82160238,170820829,7,0,1,17920,13,8327543317
17280,88685190,82143690,170828880,2,0,1,5632,18,6889087180
17281,88698170,82131376,170829546,2,0,1,1024,18,8388678381
17282,88700961,78093595,166794556,4,0,0,62464,5,10203420440
17283,88701831,82130588,170832419,7,0,1,10752,13,40035151
17284,88701870,82131215,170833085,2,0,1,1024,18,961196089
17285,88707360,82130871,170838231,3,0,1,8192,5,6490086623
17286,88709810,77883682,166593492,0,0,0,512,14,9092782846
17287,88726221,78160609,166886830,4,0,0,99840,5,5240048757
17288,88727060,78083501,166810561,0,0,0,512,14,7181314127
17289,88729461,82112956,170842417,7,0,1,6656,13,2453528280
17290,88735081,78040412,166775493,3,0,0,59392,5,6477633
17291,88739080,77988492,166727572,0,0,0,512,14,1602020147
17292,88747251,78063131,166810382,4,0,0,24576,5,8715928992
17293,88747920,82105572,170853492,2,0,1,1536,18,8566559604
17294,88749270,77907195,166656465,0,0,0,512,14,5720101422
17295,88752701,77861705,166614406,4,0,0,1536,5,8363934290
17296,88759780,82193288,170953068,5,0,1,60928,0,5999918251
17297,88767650,82209382,170977032,3,0,1,16384,5,2704187045
17298,88779990,82197388,170977378,2,0,1,512,18,1263126657
17299,88781561,82196803,170978364,0,0,1,1536,14,3536751696
17300,88781631,82199639,170981270,7,0,1,4608,13,4509142859
17301,88791470,82206452,170997922,2,0,1,7168,18,9665869353
17302,88803231,82199192,171002423,7,0,1,2048,13,5868976369
17303,88805551,82208717,171014268,0,0,1,5632,14,8072153267
17304,88812581,82204273,171016854,0,0,1,4096,14,6717649303
17305,88827590,82192170,171019760,6,0,1,4608,6,8677205117
17306,88843041,82180585,171023626,7,0,1,6144,13,4831017090
17307,88844471,82182869,171027340,7,0,1,4608,13,7464363386
17308,88848670,78054693,166903363,0,0,0,1024,14,44779253
17309,88851801,78084222,166936023,4,0,0,67072,5,1733941514
17310,88858311,78112158,166970469,3,0,0,20480,5,10426522298
17311,88859150,82173736,171032886,2,0,1,2560,18,5715590330
17312,88861861,82174251,171036112,7,0,1,5120,13,1709183348
17313,88863390,82222552,171085942,6,0,1,17920,6,3383485512
17314,88868441,78094079,166962520,4,0,0,2560,5,5394463385
17315,88875500,78131601,167007101,0,0,0,1024,14,4116832908
17316,88885401,82200900,171086301,0,0,1,9728,14,4573474159
17317,88888790,78072927,166961717,0,0,0,1024,14,4587095452
17318,88905560,82187421,171092981,6,0,1,6144,6,1155697117
17319,88920070,78041312,166961382,0,0,0,512,14,3573554262
17320,88926440,82173659,171100099,2,0,1,6656,18,3585349780
17321,88929671,82171734,171101405,0,0,1,2048,14,4081711836
17322,88929990,82175281,171105271,2,0,1,6144,18,4115322384
17323,88951050,82154567,171105617,2,0,1,512,18,9953896651
17324,88951081,77940608,166891689,3,0,0,15872,5,456044034
17325,88951471,82176798,171128269,0,0,1,16896,14,2218975776
17326,88953021,78008182,166961203,3,0,0,54784,5,8082063154
17327,88953651,77858258,166811909,3,0,0,4096,5,8499469693
17328,88959640,82168975,171128615,2,0,1,512,18,863702348
17329,88965020,82165861,171130881,8,0,1,3584,13,8846434545
17330,88974661,77921598,166896259,3,0,0,14848,5,1888445091
17331,88981971,82153240,171135211,0,0,1,3072,14,6886444013
17332,88983780,82153057,171136837,2,0,1,2560,18,7717048342
17333,88988210,82152493,171140703,6,0,1,6144,6,10654228292
17334,88990601,82173259,171163860,0,0,1,8192,14,4207227958
17335,88991691,78277075,167268766,3,0,0,16384,5,3560101580
17336,88992200,82185576,171177776,2,0,1,7680,18,8839004044
17337,88993361,78041715,167035076,4,0,0,30208,5,7626125637
17338,88997911,82179888,171177799,0,0,1,6144,14,9016196389
17339,89002780,78032833,167035613,0,0,0,1536,14,6411118087
17340,89016980,82160842,171177822,2,0,1,3072,18,3157847841
17341,89023110,78019071,167042181,0,0,0,1536,14,1927695538
17342,89027470,82153215,171180685,6,0,1,5120,6,2148840951
17343,89033181,82151050,171184231,0,0,1,5632,14,6849829066
17344,89039071,78001253,167040324,3,0,0,15360,5,10009631913
17345,89040200,82168119,171208319,2,0,1,11776,18,2827335244
17346,89043530,82166095,171209625,6,0,1,2048,6,6737849070
17347,89045891,82177729,171223620,0,0,1,1536,14,393959460
17348,89046430,78048724,167095154,0,0,0,512,14,3040597534
17349,89050151,78539633,167589784,3,0,0,110080,5,4743035619
17350,89051191,78270242,167321433,4,0,0,6144,5,6810572702
17351,89054891,78331253,167386144,4,0,0,113152,5,10256194256
17352,89061401,78478394,167539795,4,0,0,4096,5,3247656631
17353,89067760,82159406,171227166,6,0,1,5632,6,2372496007
17354,89074550,82163103,171237653,2,0,1,22016,18,7243075026
17355,89080301,78421816,167502117,3,0,0,29696,5,2179160722
17356,89086281,78079404,167165685,3,0,0,21504,5,3268888741
17357,89110621,78487954,167598575,3,0,0,28672,5,5371008644
17358,89121961,82145692,171267653,7,0,1,7168,13,140789401
17359,89128320,78106426,167234746,0,0,0,512,14,10338997714
17360,89137290,78059869,167197159,0,0,0,512,14,9122991651
17361,89149700,82134558,171284258,2,0,1,13824,18,3255214990
17362,89190661,82099103,171289764,0,0,1,512,14,9507873380
17363,89196851,78341673,167538524,3,0,0,94208,5,10194339979
17364,89200600,82089187,171289787,2,0,1,7168,18,9212620906
17365,89205231,78455373,167660604,4,0,0,64512,5,5095398151
17366,89217291,82080822,171298113,0,0,1,3072,14,4172365027
17367,89224220,78073178,167297398,0,0,0,512,14,4342602757
17368,89237441,82062298,171299739,0,0,1,2560,14,7639950502
17369,89244731,82065996,171310727,0,0,1,5120,14,4142660164
17370,89245101,78465403,167710504,4,0,0,6144,5,6662601189
17371,89298251,78366588,167664839,3,0,0,13824,5,1032803731
17372,89314280,82043114,171357394,1,0,1,11264,8,4885367277
17373,89332221,82025196,171357417,0,0,1,1536,14,7018203214
17374,89337621,77951880,167289501,4,0,0,10752,5,10724928333
17375,89347631,82011548,171359179,0,0,1,3072,14,9355807011
17376,89366561,78252040,167618601,3,0,0,14336,5,6233001463
17377,89379941,78170641,167550582,3,0,0,35328,5,8173578582
17378,89405670,77745378,167151048,0,0,0,2048,14,8749800135
17379,89409131,78422874,167832005,3,0,0,47616,5,9010255945
17380,89416841,78023847,167440688,4,0,0,47104,5,7416982049
17381,89418091,77906541,167324632,4,0,0,3072,5,4679304474
17382,89426531,81932671,171359202,0,0,1,2560,14,7239812934
17383,89429081,81930144,171359225,0,0,1,4096,14,10185390609
17384,89433760,77868305,167302065,0,0,0,3072,14,139047870
17385,89438470,81920778,171359248,1,0,1,8704,8,4604223995
17386,89438481,78016503,167454984,4,0,0,46592,5,8320499264
17387,89451201,78105020,167556221,3,0,0,18432,5,9359769057
17388,89469590,78226735,167696325,0,0,0,512,14,9066676542
17389,89489921,78601586,168091507,4,0,0,7680,5,7609919086
17390,89499651,78469343,167968994,3,0,0,73728,5,769146613
17391,89506441,78175901,167682342,3,0,0,57344,5,5716952725
17392,89549821,78328435,167878256,4,0,0,82944,5,2615895152
17393,89549891,77761484,167311375,4,0,0,5120,5,6599309345
17394,89569681,77822593,167392274,3,0,0,19968,5,10082136799
17395,89583460,78099271,167682731,0,0,0,1024,14,9451762861
17396,89599151,81778359,171377510,7,0,1,2560,13,1918410185
17397,89599940,81781474,171381414,2,0,1,2048,18,6470143029
17398,89612920,81775189,171388109,2,0,1,8704,18,7669808630
17399,89618270,81772131,171390401,2,0,1,3584,18,4047556793
17400,89620310,81772357,171392667,2,0,1,3584,18,10700724868
17401,89635250,81760643,171395893,2,0,1,5120,18,777243440
17402,89641690,81754869,171396559,1,0,1,1024,8,9204917241
17403,89642711,78286917,167929628,3,0,0,71680,5,10083339121
17404,89643581,81760034,171403615,4,0,1,5120,5,5175277759
17405,89645461,78385927,168031388,3,0,0,32256,5,5963343059
17406,89646861,81765419,171412280,7,0,1,512,13,9780152151
17407,89660611,81754255,171414866,7,0,1,4096,13,2955194880
17408,89662440,81754496,171416936,2,0,1,1536,18,2217976669
17409,89666191,78063836,167730027,4,0,0,15360,5,3945049277
17410,89691001,78126473,167817474,4,0,0,33792,5,9229966717
17411,89698250,81742182,171440432,5,0,1,15360,0,10235371571
17412,89700151,81756820,171456971,4,0,1,2560,5,8717492595
17413,89705361,78283647,167989008,4,0,0,65536,5,4272688691
17414,89707480,81754663,171462143,2,0,1,8192,18,6479609842
17415,89712421,81774497,171486918,4,0,1,30720,5,6675796805
17416,89717141,78355922,168073063,4,0,0,136704,5,9938690032
17417,89723581,78409934,168133515,3,0,0,108032,5,6699172161
17418,89732330,81762028,171494358,2,0,1,7168,18,7426071195
17419,89740840,81769392,171510232,5,0,1,12800,0,1138704688
17420,89743111,81769067,171512178,4,0,1,3072,5,1013661555
17421,89743371,78461929,168205300,3,0,0,39424,5,5794678071
17422,89753051,77999806,167752857,3,0,0,1024,5,4307248813
17423,89754701,81757823,171512524,4,0,1,512,5,9778304112
17424,89761050,78078381,167839431,0,0,0,1024,14,6017333449
17425,89769541,81743969,171513510,4,0,1,1536,5,7285796789
17426,89775931,81738885,171514816,4,0,1,2048,5,4048779331
17427,89777220,78118210,167895430,0,0,0,1024,14,1169286606
17428,89787251,81728231,171515482,4,0,1,1024,5,7074882337
17429,89795590,81726305,171521895,2,0,1,22528,18,8275756240
17430,89795850,78134113,167929963,0,0,0,1024,14,9387218312
17431,89802871,78390386,168193257,4,0,0,50688,5,2993815460
17432,89804831,77945734,167750565,3,0,0,3584,5,391607201
17433,89807960,81734403,171542363,9,0,1,2048,10,10388493594
17434,89808880,81733829,171542709,2,0,1,512,18,884542210
17435,89831461,81713194,171544655,4,0,1,3072,5,8683896997
17436,89833410,81737075,171570485,2,0,1,512,18,9471597122
17437,89842140,81728691,171570831,9,0,1,512,10,8827709462
17438,89843851,81727646,171571497,4,0,1,1024,5,6532757269
17439,89861230,81735730,171596960,5,0,1,45056,0,5476355435
17440,89862961,78132622,167995583,3,0,0,21504,5,1803038127
17441,89864460,81846783,171711243,5,0,1,83968,0,5944084475
17442,89866650,81849099,171715749,2,0,1,7168,18,3901021697
17443,89877160,81842135,171719295,9,0,1,5632,10,9115752033
17444,89879640,81890314,171769954,5,0,1,62976,0,10407104766
17445,89880071,81901043,171781114,4,0,1,11776,5,6071469595
17446,89886060,81935655,171821715,9,0,1,2048,10,2135827491
17447,89905011,81925447,171830458,4,0,1,11776,5,8159776512
17448,89906670,81952168,171858838,9,0,1,13824,10,2941859664
17449,89922720,81947293,171870013,2,0,1,7680,18,8794815636
17450,89947011,78129507,168076518,4,0,0,11264,5,3909982021
17451,89947810,81925429,171873239,9,0,1,5120,10,7407746861
17452,89951951,78137070,168089021,3,0,0,40960,5,2598732596
17453,89952840,81925379,171878219,9,0,1,16384,10,7958696942
17454,89953260,81965541,171918801,5,0,1,89088,0,3060350890
17455,89954261,78047514,168001775,4,0,0,19968,5,1812183051
17456,89962990,77928338,167891328,0,0,0,512,14,1966815745
17457,89964270,78192456,168156726,0,0,0,1024,14,5167479235
17458,89967051,81981272,171948323,4,0,1,8192,5,3416730644
17459,89968850,81979934,171948784,2,0,1,10240,18,2946395335
17460,89984960,81980719,171965679,9,0,1,12288,10,9595443119
17461,89986120,81987410,171973530,5,0,1,17408,0,500585774
17462,89987350,81992032,171979382,9,0,1,4608,10,4973141986
17463,89989721,78166670,168156391,4,0,0,30208,5,9634925730
17464,90001440,82011977,172013417,9,0,1,20480,10,5281984767
17465,90008050,78237587,168245637,0,0,0,2560,14,698465916
17466,90028600,81993198,172021798,2,0,1,1536,18,6219189725
17467,90032960,81992462,172025422,2,0,1,3584,18,7493898894
17468,90044040,81983793,172027833,5,0,1,20992,0,5152370059
17469,90054571,78156807,168211378,4,0,0,18432,5,8634652589
17470,90061070,81979652,172040722,2,0,1,1024,18,9000789226
17471,90066320,82083464,172149784,5,0,1,115200,0,5819713172
17472,90069530,82106791,172176321,2,0,1,7168,18,3096437202
17473,90082991,78064165,168147156,3,0,0,34304,5,10022534738
17474,90084341,78633910,168718251,4,0,0,76288,5,9110869150
17475,90086001,78050657,168136658,3,0,0,10240,5,9507016251
17476,90099740,82099842,172199582,5,0,1,43520,0,359693992
17477,90100400,82109569,172209969,9,0,1,2560,10,4510592827
17478,90106370,82105225,172211595,9,0,1,2560,10,2031468607
17479,90109681,78458312,168567993,3,0,0,50176,5,6900127104
17480,90110900,82101361,172212261,9,0,1,1024,10,1940344498
17481,90122291,78140873,168263164,4,0,0,51200,5,5056685225
17482,90124690,82088557,172213247,9,0,1,1536,10,94034420
17483,90129090,82122937,172252027,5,0,1,35840,0,1139444032
17484,90129940,82127174,172257114,5,0,1,6144,0,9265901589
17485,90145890,78181714,168327604,0,0,0,512,14,9850813128
17486,90151780,82106960,172258740,9,0,1,2560,10,4884251994
17487,90164330,82095076,172259406,3,0,1,1024,5,8187731215
17488,90170790,82090242,172261032,2,0,1,2560,18,5661890015
17489,90178880,82084098,172262978,8,0,1,3072,13,7926240695
17490,90186060,82097117,172283177,5,0,1,32256,0,3863891059
17491,90190880,82119669,172310549,2,0,1,8192,18,9703568863
17492,90197041,82116094,172313135,7,0,1,4096,13,2043455593
17493,90204651,78447080,168651731,3,0,0,6144,5,2157793237
17494,90206040,82107659,172313699,5,0,1,10752,0,6716959572
17495,90208871,78236194,168445065,3,0,0,35328,5,5290498347
17496,90231790,82085481,172317271,9,0,1,5632,10,3977169916
17497,90235250,82101615,172336865,5,0,1,38912,0,8756696366
17498,90240711,82109939,172350650,7,0,1,3584,13,6518239333
17499,90243771,78396050,168639821,4,0,0,95232,5,3028744573
17500,90249781,77928009,168177790,3,0,0,18944,5,8737728508
17501,90251211,78338512,168589723,4,0,0,70144,5,8343140781
17502,90259581,78174697,168434278,3,0,0,28672,5,411210046
17503,90261380,82124879,172386259,5,0,1,44544,0,8665105934
17504,90278160,82108798,172386958,5,0,1,14336,0,1618965313
17505,90281980,78058172,168340152,0,0,0,1024,14,9293231241
17506,90284201,78232011,168516212,3,0,0,8704,5,10678758817
17507,90293610,82105995,172399605,2,0,1,1536,18,8007566354
17508,90299281,78253401,168552682,4,0,0,107520,5,4086383986
17509,90305990,82113567,172419557,9,0,1,7680,10,5147111479
17510,90306151,78388833,168694984,4,0,0,40960,5,8730665955
17511,90307130,82115333,172422463,2,0,1,4608,18,10033520141
17512,90315250,82139394,172454644,5,0,1,45056,0,3845837171
17513,90322950,82133545,172456495,2,0,1,1024,18,1089189593
17514,90325930,77998259,168324189,0,0,0,1024,14,2550529635
17515,90330660,78089962,168420622,0,0,0,1536,14,10393770352
17516,90331421,82129956,172461377,7,0,1,4096,13,1411378634
17517,90333950,82135089,172469039,2,0,1,3072,18,8893714036
17518,90336490,82257634,172594124,5,0,1,52224,0,5465676039
17519,90367380,82229650,172597030,2,0,1,4608,18,6609322735
17520,90370671,78046459,168417130,4,0,0,20992,5,1046624727
17521,90384440,78104213,168488653,0,0,0,1024,14,7787142029
17522,90385111,78225430,168610541,4,0,0,66048,5,3760614130
17523,90389230,78028133,168417363,0,0,0,512,14,873432929
17524,90389920,82243414,172633334,2,0,1,17408,18,643662870
17525,90391750,78252504,168644254,0,0,0,1024,14,306507541
17526,90404190,78058090,168462280,0,0,0,1024,14,7834601311
17527,90417750,77849109,168266859,0,0,0,512,14,10204726875
17528,90418700,82217947,172636647,5,0,1,10240,0,6643010855
17529,90418991,78251124,168670115,4,0,0,46592,5,1855016323
17530,90420910,82221952,172642862,9,0,1,512,10,1877372496
17531,90423730,82222998,172646728,2,0,1,6144,18,4321803278
17532,90435890,82214730,172650620,9,0,1,6144,10,6979937586
17533,90441720,82220029,172661749,2,0,1,17408,18,6752453353
17534,90445810,82224809,172670619,1,0,1,4096,8,6388434420
17535,90449010,82225155,172674165,5,0,1,5632,0,1877807621
17536,90468550,82222870,172691420,1,0,1,2048,8,8111448382
17537,90488620,82202823,172691443,5,0,1,2048,0,674885522
17538,90489320,82202146,172691466,1,0,1,2048,8,6621478839
17539,90497940,82206856,172704796,1,0,1,7168,8,2766858403
17540,90499750,77924934,168424684,0,0,0,512,14,2387357558
17541,90500840,82203979,172704819,8,0,1,2560,13,3331280640
17542,90502860,82201982,172704842,9,0,1,5632,10,10172663654
17543,90513810,78076568,168590378,0,0,0,2048,14,1211821331
17544,90514830,82191354,172706184,2,0,1,11776,18,9977878889
17545,90521070,82187700,172708770,1,0,1,4096,8,3598094151
17546,90521500,82189856,172711356,2,0,1,4096,18,3213031447
17547,90525390,82188552,172713942,1,0,1,4096,8,312725193
17548,90540540,82173863,172714403,2,0,1,10240,18,6512368274
17549,90567740,82606844,173174584,5,0,1,270336,0,7204048875
17550,90572680,82679667,173252347,5,0,1,81408,0,9979299353
17551,90581410,82709281,173290691,9,0,1,11264,10,4846672719
17552,90588500,82703369,173291869,9,0,1,13824,10,10642549449
17553,90589960,78080677,168670637,0,0,0,1536,14,6609278474
17554,90595910,82696825,173292735,2,0,1,1024,18,6198781345
17555,90597840,82701401,173299241,2,0,1,6656,18,2383251997
17556,90599900,82699364,173299264,2,0,1,512,18,8076814419
17557,90608210,82693086,173301296,8,0,1,4096,13,399039478
17558,90616800,82684842,173301642,5,0,1,512,0,9129162189
17559,90623510,82678593,173302103,2,0,1,10240,18,5920654470
17560,90624100,82685539,173309639,5,0,1,1024,0,4398316873
17561,90628020,78012050,168640070,0,0,0,512,14,10733627543
17562,90642680,82667851,173310531,9,0,1,6656,10,441511634
17563,90650560,82667994,173318554,3,0,1,1536,5,2915954608
17564,90657030,77911298,168568328,0,0,0,1024,14,8924047307
17565,90660090,82660090,173320180,3,0,1,2560,5,8991147099
17566,90665530,82657556,173323086,2,0,1,4608,18,10224801143
17567,90673930,77978777,168652707,0,0,0,512,14,7619893593
17568,90678140,82650028,173328168,5,0,1,16896,0,4719193967
17569,90678980,82665106,173344086,3,0,1,10240,5,3862516963
17570,90682740,82673632,173356372,2,0,1,17408,18,3315271177
17571,90684430,82674528,173358958,3,0,1,4096,5,9021366474
17572,90685530,82674414,173359944,2,0,1,1536,18,10217385304
17573,90687580,82676870,173364450,2,0,1,7168,18,6511435548
17574,90691420,77919339,168610759,0,0,0,512,14,1657596184
17575,90696810,82678829,173375639,3,0,1,30208,5,8822313025
17576,90699400,82676585,173375985,2,0,1,512,18,10282386457
17577,90701410,82674729,173376139,3,0,1,8704,5,3120330937
17578,90720011,82656474,173376485,4,0,1,512,5,5326778399
17579,90733590,82643241,173376831,2,0,1,512,18,1854684434
17580,90735690,82641705,173377395,2,0,1,10752,18,4169953700
17581,90741951,82638334,173380285,4,0,1,2048,5,1338725569
17582,90743620,82637971,173381591,3,0,1,2048,5,4942524957
17583,90747440,82634817,173382257,3,0,1,1024,5,2444688934
17584,90750410,82632513,173382923,3,0,1,1024,5,6552496794
17585,90752591,82646566,173399157,4,0,1,17920,5,3230248932
17586,90759380,82640443,173399823,3,0,1,1024,5,3751954841
17587,90765130,77953419,168718549,0,0,0,512,14,7046990015
17588,90775681,82629531,173405212,4,0,1,17408,5,2291621529
17589,90788660,82633179,173421839,5,0,1,1536,0,7811676871
17590,90788740,82633122,173421862,9,0,1,1024,10,6262373850
17591,90791740,77988059,168779799,0,0,0,512,14,8178303132
17592,90792650,82724942,173517592,5,0,1,62976,0,2218894987
17593,90796780,82721798,173518578,3,0,1,1536,5,1645725598
17594,90812871,82708293,173521164,4,0,1,4096,5,4800948099
17595,90817600,82905318,173722918,5,0,1,79872,0,9625414926
17596,90833650,82889291,173722941,2,0,1,2560,18,4398214892
17597,90836941,82905390,173742331,0,0,1,2048,14,8948638747
17598,90840501,82902040,173742541,0,0,1,4608,14,7747556423
17599,90843681,82898883,173742564,4,0,1,4608,5,5052202166
17600,90848591,82893996,173742587,0,0,1,1536,14,3092100359
17601,90851620,83160069,174011689,5,0,1,108544,0,3042237369
17602,90854701,83159574,174014275,4,0,1,4096,5,751745204
17603,90866330,83382285,174248615,5,0,1,98304,0,4019565538
17604,90872590,77988886,168861476,0,0,0,3072,14,2696193099
17605,90877320,83499469,174376789,5,0,1,57344,0,8958799925
17606,90888270,77995978,168884248,0,0,0,512,14,1852645152
17607,90890090,83492908,174382998,5,0,1,21504,0,3547562097
17608,90898670,83486594,174385264,9,0,1,3584,10,5545511840
17609,90899360,83559920,174459280,2,0,1,56320,18,336077057
17610,90908170,83551133,174459303,5,0,1,2048,0,4906041814
17611,90914791,83569996,174484787,4,0,1,18432,5,6063283849
17612,90919270,83566817,174486087,3,0,1,2048,5,551232315
17613,90925100,83563253,174488353,5,0,1,3584,0,687242378
17614,90926090,83685793,174611883,2,0,1,38400,18,8526491694
17615,90938240,83685140,174623380,5,0,1,512,0,3647929380
17616,90941160,83685462,174626622,3,0,1,6656,5,7413845634
17617,90948820,83684254,174633074,2,0,1,10240,18,2946816083
17618,90956020,78128977,169084997,0,0,0,1536,14,6352597175
17619,90958890,83676770,174635660,9,0,1,4096,10,3733993222
17620,90961290,83679390,174640680,9,0,1,8704,10,2564067959
17621,90968501,83684743,174653244,4,0,1,5632,5,5132558319
17622,90970271,78114235,169084506,4,0,0,46592,5,10397570677
17623,90974240,83688981,174663221,3,0,1,6656,5,547625449
17624,90979140,83716647,174695787,3,0,1,3072,5,7607263954
17625,90981010,83734382,174715392,5,0,1,1024,0,6674238759
17626,90981740,83733675,174715415,5,0,1,1536,0,1409017389
17627,90983321,83732117,174715438,0,0,1,512,14,639829822
17628,90985771,83729690,174715461,4,0,1,512,5,7242922956
17629,90993851,83751288,174745139,4,0,1,10240,5,7287289746
17630,90995510,83754965,174750475,9,0,1,5632,10,5173317362
17631,91006100,83761325,174767425,5,0,1,4096,0,1250713655
17632,91012920,83862329,174875249,2,0,1,54272,18,5064112824
17633,91013540,78032010,169045550,0,0,0,1024,14,4585198500
17634,91020171,83857761,174877932,4,0,1,14336,5,897441358
17635,91023770,83854623,174878393,6,0,1,10240,6,8898170181
17636,91042110,83923486,174965596,3,0,1,11264,5,62575254
17637,91042171,83935327,174977498,4,0,1,19456,5,2100857533
17638,91043281,83954909,174998190,0,0,1,14336,14,1491418924
17639,91060661,83944143,175004804,4,0,1,6144,5,1034928950
17640,91060870,83943957,175004827,5,0,1,7168,0,1557293403
17641,91069460,83935398,175004858,3,0,1,13312,5,4393153913
17642,91069931,83934950,175004881,0,0,1,2048,14,5024057084
17643,91076260,83928644,175004904,3,0,1,512,5,3642027623
17644,91077360,83928058,175005418,6,0,1,2048,6,6213649806
17645,91082090,83931477,175013567,1,0,1,10752,8,9505608328
17646,91084370,83933703,175018073,1,0,1,7168,8,7493360104
17647,91091000,78159729,169250729,0,0,0,2048,14,6374691594
17648,91093170,84082934,175176104,2,0,1,104960,18,5819604669
17649,91096441,84080329,175176770,4,0,1,1024,5,1701298171
17650,91099940,78046437,169146377,0,0,0,1024,14,1785171946
17651,91103430,84078166,175181596,5,0,1,7680,0,6482677578
17652,91104980,84077999,175182979,1,0,1,14848,8,3223227710
17653,91107791,78210738,169318529,4,0,0,6656,5,5608477431
17654,91117140,84089395,175206535,5,0,1,3072,0,8280744912
17655,91118240,84088318,175206558,5,0,1,1536,0,8813491603
17656,91119720,84086861,175206581,9,0,1,512,10,5631022628
17657,91122671,84084112,175206783,4,0,1,6144,5,4165022801
17658,91127190,84079616,175206806,9,0,1,5120,10,6325231919
17659,91127321,84091075,175218396,0,0,1,3072,14,3708858678
17660,91129651,78107521,169237172,4,0,0,47616,5,9978739466
17661,91133391,78150560,169283951,4,0,0,10240,5,8709834995
17662,91134300,77993701,169128001,0,0,0,512,14,4851601561
17663,91136960,84081491,175218451,3,0,1,12288,5,9689598228
17664,91142310,84080039,175222349,9,0,1,6144,10,7647689726
17665,91146330,84081165,175227495,5,0,1,8192,0,2675816604
17666,91147211,84084816,175232027,4,0,1,7168,5,3458576499
17667,91154250,84082283,175236533,1,0,1,7168,8,50247845
17668,91156101,84082698,175238799,0,0,1,3584,14,3058855369
17669,91158370,78008105,169166475,0,0,0,2048,14,8840856634
17670,91166090,84073055,175239145,9,0,1,512,10,5321056771
17671,91184500,84056271,175240771,1,0,1,2560,8,3905790156
17672,91190940,84063301,175254241,9,0,1,11264,10,9969088046
17673,91192081,84062183,175254264,4,0,1,10752,5,9410849176
17674,91192420,84061867,175254287,5,0,1,2048,0,9897893253
17675,91193980,84060330,175254310,9,0,1,2560,10,3335254841
17676,91194751,84060730,175255481,0,0,1,5120,14,1827586419
17677,91195480,84061947,175257427,5,0,1,3072,0,2749874125
17678,91196301,84064992,175261293,0,0,1,6144,14,3989753634
17679,91198480,84068223,175266703,1,0,1,512,8,8119421938
17680,91198621,84068428,175267049,0,0,1,512,14,3783048537
17681,91198710,84069965,175268675,5,0,1,2560,0,4818071002
17682,91199341,84069795,175269136,4,0,1,10240,5,2995084809
17683,91201020,84076565,175277585,3,0,1,3584,5,9252814348
17684,91209240,84069011,175278251,5,0,1,11264,0,10215162371
17685,91215620,84188738,175404358,9,0,1,77312,10,5761371523
17686,91218520,84264026,175482546,3,0,1,5120,5,6198181577
17687,91244330,84389676,175634006,9,0,1,58368,10,1537561170
17688,91249781,78100812,169350593,4,0,0,34304,5,4103033962
17689,91251320,84452142,175703462,9,0,1,40448,10,7045573055
17690,91253841,84450309,175704150,7,0,1,512,13,9255192345
17691,91257130,84452166,175709296,1,0,1,8192,8,4251432616
17692,91257250,84455272,175712522,1,0,1,5120,8,2499656312
17693,91257260,84510788,175768048,5,0,1,7168,0,820335059
17694,91257360,84588721,175846081,9,0,1,99328,10,1077056963
17695,91269191,84576913,175846104,0,0,1,1024,14,9366371244
17696,91269360,84576767,175846127,1,0,1,1024,8,6275361677
17697,91270730,84575420,175846150,5,0,1,2560,0,491012818
17698,91274800,84573686,175848486,3,0,1,7168,5,5965410913
17699,91281320,78083793,169365113,0,0,0,1024,14,8484686828
17700,91284470,78188674,169473144,0,0,0,2560,14,1091804437
17701,91303131,78191915,169495046,4,0,0,18944,5,8286070851
17702,91305321,84544151,175849472,0,0,1,1536,14,5851834269
17703,91316751,84535947,175852698,7,0,1,5120,13,393710738
17704,91318630,84545745,175864375,5,0,1,8192,0,4939744447
17705,91319291,78250464,169569755,4,0,0,39936,5,9252694545
17706,91332170,78040529,169372699,0,0,0,3072,14,9866953401
17707,91342480,77934242,169276722,0,0,0,1536,14,4601152727
17708,91342580,84521818,175864398,1,0,1,4608,8,6467160739
17709,91348020,78129561,169477581,0,0,0,512,14,1728614311
17710,91350030,84514391,175864421,3,0,1,5632,5,3237376046
17711,91350250,84518552,175868802,1,0,1,7168,8,7735104441
17712,91352801,84519377,175872178,7,0,1,13824,13,5510677641
17713,91355331,84521077,175876408,7,0,1,9728,13,2823075262
17714,91361271,84537785,175899056,0,0,1,4096,14,339987149
17715,91377141,84535030,175912171,7,0,1,3584,13,9799316797
17716,91380731,84558409,175939140,0,0,1,4608,14,2025311768
17717,91388371,84552395,175940766,0,0,1,2560,14,6372790813
17718,91393071,78217290,169610361,4,0,0,93184,5,4255814394
17719,91397330,84544742,175942072,1,0,1,2048,8,207235305
17720,91398450,84548128,175946578,9,0,1,7168,10,8085699298
17721,91410580,84581117,175991697,9,0,1,90112,10,8326508298
17722,91411010,84589600,176000610,3,0,1,512,5,4985746288
17723,91413140,84598942,176012082,3,0,1,5632,5,5490880407
17724,91415701,84599607,176015308,0,0,1,5120,14,307581658
17725,91418400,84599494,176017894,1,0,1,4096,8,778644369
17726,91420231,84598009,176018240,0,0,1,512,14,10598196158
17727,91420890,84597504,176018394,3,0,1,8704,5,3207067750
17728,91422070,84614913,176036983,8,0,1,15872,13,6831957011
17729,91422450,84678570,176101020,5,0,1,4096,0,668093604
17730,91423060,84717398,176140458,5,0,1,6144,0,10050234608
17731,91430561,78436169,169866730,4,0,0,13312,5,9449840686
17732,91432201,78277718,169709919,4,0,0,25600,5,10494875196
17733,91439821,84700983,176140804,0,0,1,512,14,2664146494
17734,91440981,84723436,176164417,7,0,1,18944,13,3921437631
17735,91441620,84816063,176257683,5,0,1,6144,0,4146498491
17736,91445270,84979519,176424789,3,0,1,1024,5,7473288272
17737,91455861,84968951,176424812,7,0,1,5120,13,9141660014
17738,91456971,78161681,169618652,4,0,0,27136,5,1135016588
17739,91462130,85261098,176723228,9,0,1,60416,10,3494119371
17740,91465130,85258121,176723251,1,0,1,1536,8,6477691288
17741,91468800,85254474,176723274,3,0,1,3584,5,1367598325
17742,91487500,85235797,176723297,5,0,1,7680,0,872903954
17743,91496760,85319574,176816334,5,0,1,16896,0,1073755648
17744,91512450,85303907,176816357,9,0,1,15872,10,4711319133
17745,91518230,85391205,176909435,1,0,1,8704,8,10173319108
17746,91518350,78366482,169884832,0,0,0,1024,14,2384084318
17747,91521201,78428653,169949854,4,0,0,36864,5,4461131336
17748,91523470,85386324,176909794,9,0,1,9728,10,2419160483
17749,91523871,85427495,176951366,0,0,1,5120,14,9035954804
17750,91528741,85422648,176951389,0,0,1,1536,14,5756199097
17751,91529390,85422022,176951412,5,0,1,3072,0,191366651
17752,91532251,78289826,169822077,4,0,0,155648,5,6288461871
17753,91532301,85506204,177038505,0,0,1,7680,14,9090631090
17754,91539860,85501442,177041302,3,0,1,10240,5,1025048468
17755,91551451,85494677,177046128,7,0,1,7680,13,3890306886
17756,91554520,85517241,177071761,5,0,1,17920,0,2960555693
17757,91557070,85514714,177071784,9,0,1,6656,10,3730359436
17758,91558590,85513217,177071807,5,0,1,7680,0,257251260
17759,91561721,85545891,177107612,0,0,1,1024,14,4400615594
17760,91566730,85540905,177107635,3,0,1,7168,5,10296756314
17761,91570160,78197475,169767635,0,0,0,2560,14,1785576565
17762,91574341,85533317,177107658,4,0,1,4096,5,5470857047
17763,91598510,78227251,169825761,0,0,0,1024,14,1831047754
17764,91599221,85508460,177107681,4,0,1,1536,5,3032128143
17765,91603371,85504333,177107704,4,0,1,512,5,7970261417
17766,91604081,85503646,177107727,0,0,1,2048,14,657269045
17767,91626231,85485598,177111829,7,0,1,3072,13,8260051095
17768,91628021,85513042,177141063,0,0,1,7168,14,473202589
17769,91636130,85558052,177194182,9,0,1,18944,10,1862811955
17770,91638781,85580205,177218986,7,0,1,10240,13,8841812604
17771,91641071,78181965,169823036,4,0,0,3072,5,2322631227
17772,91641860,85791668,177433528,5,0,1,9216,0,885734531
17773,91642381,85806972,177449353,4,0,1,4096,5,3430042350
17774,91648161,85801215,177449376,4,0,1,512,5,6525769688
17775,91648640,85800759,177449399,1,0,1,512,8,9288486876
17776,91650061,85799361,177449422,7,0,1,2048,13,6319448177
17777,91655661,85793784,177449445,7,0,1,512,13,8857538690
17778,91672751,85946666,177619417,4,0,1,7680,5,7579254965
17779,91674681,85967970,177642651,4,0,1,18944,5,7623155104
17780,91675411,85967586,177642997,7,0,1,512,13,3317525999
17781,91701820,85943123,177644943,5,0,1,3072,0,8254160503
17782,91706071,85939538,177645609,7,0,1,1024,13,370868991
17783,91713011,85933584,177646595,4,0,1,1536,5,10376227788
17784,91715030,86013292,177728322,1,0,1,9216,8,624756655
17785,91721930,86082980,177804910,9,0,1,41984,10,7468797348
17786,91724540,86131626,177856166,5,0,1,5120,0,2372713245
17787,91735711,86150055,177885766,4,0,1,8704,5,7278136272
17788,91737591,86222193,177959784,4,0,1,9728,5,9844359247
17789,91739201,86234380,177973581,4,0,1,5120,5,7348022189
17790,91758461,86215151,177973612,7,0,1,10752,13,4419100061
17791,91762820,86370193,178133013,1,0,1,16896,8,3842825771
17792,91766321,86366715,178133036,7,0,1,1536,13,3788946693
17793,91774480,86358579,178133059,5,0,1,2560,0,9414591568
17794,91780640,86352442,178133082,1,0,1,7168,8,7821279825
17795,91783900,86349205,178133105,9,0,1,7168,10,7138631501
17796,91786340,86346796,178133136,1,0,1,3072,8,1671894951
17797,91787061,86346098,178133159,7,0,1,10752,13,5102154326
17798,91788191,86467059,178255250,7,0,1,12800,13,8110794536
17799,91809960,86450116,178260076,1,0,1,7680,8,5701164356
17800,91811350,86476614,178287964,9,0,1,6656,10,2061184217
17801,91821140,78272840,170093980,0,0,0,1024,14,8572721147
17802,91832170,86480023,178312193,1,0,1,2048,8,1308254654
17803,91832300,86480251,178312551,5,0,1,8704,0,8417374732
17804,91841300,86577260,178418560,9,0,1,68096,10,10466075747
17805,91866811,86726275,178593086,0,0,1,2048,14,1443962842
17806,91868401,86724708,178593109,7,0,1,3072,13,4079626313
17807,91879600,78441282,170320882,0,0,0,512,14,10161692629
17808,91880661,86712471,178593132,7,0,1,1024,13,9863425524
17809,91890470,78429742,170320212,5,0,0,82432,0,6015808321
17810,91900441,86692714,178593155,7,0,1,4608,13,2891150350
17811,91955540,78402360,170357900,0,0,0,512,14,587830161
17812,91957900,86821137,178779037,9,0,1,32256,10,7323997166
17813,91971210,86952697,178923907,9,0,1,28672,10,10156732143
17814,92000140,78290683,170290823,0,0,0,512,14,6250540544
17815,92007830,86930282,178938112,9,0,1,23552,10,8144863871
17816,92012690,87038967,179051657,9,0,1,79360,10,4895637363
17817,92016550,87056591,179073141,3,0,1,9216,5,658966326
17818,92040000,78297564,170337564,0,0,0,3072,14,1521882575
17819,92049180,87023984,179073164,2,0,1,14336,18,8620378169
17820,92054230,78312637,170366867,0,0,0,3072,14,7950773778
17821,92062650,87156424,179219074,9,0,1,82432,10,1605101767
17822,92068570,87196655,179265225,9,0,1,48640,10,3749059024
17823,92103581,87161667,179265248,7,0,1,512,13,2589451029
17824,92170280,87094991,179265271,1,0,1,3584,8,514131572
17825,92170750,78113081,170283831,0,0,0,512,14,1526061907
17826,92177710,87087584,179265294,6,0,1,7680,6,161024401
17827,92239890,87025427,179265317,6,0,1,13824,6,8378112733
17828,92289550,78031153,170320703,0,0,0,1536,14,3129851697
17829,92300580,87052855,179353435,9,0,1,23552,10,10092173006
17830,92305240,77914312,170219552,1,0,0,512,8,4748157832
17831,92325690,77957962,170283652,0,0,0,1024,14,4928339657
17832,92329760,87043717,179373477,9,0,1,34304,10,10424434949
17833,92352750,87123954,179476704,2,0,1,77312,18,10473429579
17834,92387960,87199658,179587618,9,0,1,68608,10,670281477
17835,92389010,78040820,170429830,0,0,0,2560,14,3958643581
17836,92394330,87302915,179697245,2,0,1,59904,18,9793828964
17837,92406420,87785930,180192350,2,0,1,197120,18,5472740671
17838,92409980,87946723,180356703,2,0,1,150016,18,6108489117
17839,92425310,78108641,170533951,0,0,0,1024,14,10448935281
17840,92439661,87917388,180357049,0,0,1,512,14,2058461185
17841,92453640,78236317,170689957,0,0,0,1024,14,1619148116
17842,92458530,78137429,170595959,0,0,0,1024,14,7669019080
17843,92494350,87881772,180376122,2,0,1,16896,18,9949081673
17844,92524580,87852208,180376788,1,0,1,1024,8,4165660323
17845,92534920,88046613,180581533,2,0,1,186368,18,6971930031
17846,92537290,78008747,170546037,0,0,0,1536,14,2107032862
17847,92537530,78105495,170643025,0,0,0,512,14,5264504941
17848,92539020,88147481,180686501,9,0,1,9216,10,1964390967
17849,92553770,78121109,170674879,0,0,0,1024,14,685723302
17850,92557050,88144136,180701186,2,0,1,17408,18,2885031660
17851,92563450,88167985,180731435,9,0,1,4608,10,2146380844
17852,92605590,88138247,180743837,9,0,1,17408,10,6194345026
17853,92608920,88238893,180847813,9,0,1,64512,10,8714007422
17854,92628310,88325401,180953711,9,0,1,66048,10,656028392
17855,92639970,88374205,181014175,9,0,1,80896,10,6676115223
17856,92641530,88460331,181101861,2,0,1,112640,18,84761634
17857,92642910,88477430,181120340,2,0,1,23552,18,8032745169
17858,92649301,88497570,181146871,0,0,1,6144,14,8383521644
17859,92659131,88487895,181147026,0,0,1,9728,14,7900077299
17860,92663600,88483682,181147282,9,0,1,9216,10,6764354202
17861,92675230,88473286,181148516,9,0,1,12288,10,2097728342
17862,92675440,77977262,170652702,0,0,0,2048,14,3954836809
17863,92689620,88509954,181199574,9,0,1,42496,10,5151471029
17864,92690880,78002252,170693132,0,0,0,2560,14,1564696084
17865,92718170,78054685,170772855,0,0,0,1024,14,1441886847
17866,92734940,88609009,181343949,2,0,1,98304,18,7960074186
17867,92740740,88603232,181343972,5,0,1,6656,0,8030112922
17868,92757460,88586535,181343995,5,0,1,5632,0,6575688345
17869,92775410,88568608,181344018,2,0,1,38400,18,2239399598
17870,92777810,88636676,181414486,9,0,1,56320,10,6568321910
17871,92778720,88635789,181414509,9,0,1,10240,10,9525136833
17872,92782850,88631682,181414532,2,0,1,22528,18,2293547658
17873,92797140,88653448,181450588,9,0,1,57344,10,9746133441
17874,92804470,88721231,181525701,9,0,1,56320,10,7687668128
17875,92808340,88717384,181525724,9,0,1,22016,10,8884780461
17876,92809080,77773913,170582993,0,0,0,1024,14,731498629
17877,92812140,88723527,181535667,2,0,1,42496,18,2416960491
17878,92815450,88727367,181542817,9,0,1,12800,10,8516632283
17879,92839950,88732075,181572025,9,0,1,17408,10,9592187675
17880,92845310,78053314,170898624,0,0,0,512,14,8378625660
17881,92845860,88732066,181577926,9,0,1,19968,10,1070892533
17882,92849660,78081295,170930955,0,0,0,1024,14,1916729125
17883,92853050,88817800,181670850,2,0,1,34816,18,7113902242
17884,92857320,88813553,181670873,9,0,1,4608,10,1785912322
17885,92857480,88858209,181715689,2,0,1,78848,18,7811203460
17886,92859640,78081324,170940964,0,0,0,1024,14,4341205503
17887,92879800,88835912,181715712,6,0,1,12288,6,7656264068
17888,92893130,78082916,170976046,0,0,0,512,14,8749604392
17889,92902320,88820353,181722673,8,0,1,3072,13,7613553919
17890,92919130,88812802,181731932,8,0,1,4096,13,3102008014
17891,92933110,88800448,181733558,8,0,1,2560,13,9467725933
17892,92939370,88799680,181739050,8,0,1,8704,13,387207990
17893,92946560,88801239,181747799,8,0,1,2048,13,4681170274
17894,92950450,88798629,181749079,9,0,1,14336,10,516064448
17895,92959800,88833823,181793623,9,0,1,44032,10,5995721419
17896,92975030,88831689,181806719,9,0,1,4608,10,7555537646
17897,92983581,88823484,181807065,4,0,1,512,5,6224161528
17898,92987320,88821051,181808371,5,0,1,2048,0,3935794873
17899,92994090,88815267,181809357,6,0,1,1536,6,7120647271
17900,92995490,88818693,181814183,5,0,1,7680,0,5083146616
17901,92995610,77888406,170884016,0,0,0,512,14,5939920437
17902,93001011,88814184,181815195,4,0,1,1024,5,4944970803
17903,93002370,88835198,181837568,9,0,1,31232,10,574906692
17904,93007841,88830713,181838554,4,0,1,1536,5,9770192028
17905,93009781,88829132,181838913,4,0,1,9728,5,249651522
17906,93010960,77861520,170872480,0,0,0,2048,14,4317106087
17907,93022250,88839141,181861391,9,0,1,38400,10,5777576458
17908,93035621,88833140,181868761,4,0,1,1024,5,10377893391
17909,93041760,77866125,170907885,0,0,0,2048,14,9412815665
17910,93043461,88828206,181871667,4,0,1,4608,5,3580341421
17911,93044050,88865669,181909719,2,0,1,52224,18,1661937025
17912,93044520,88865353,181909873,5,0,1,8704,0,41764106
17913,93045750,88874391,181920141,5,0,1,4608,0,1056521924
17914,93053660,88891572,181945232,2,0,1,46080,18,15677703
17915,93060281,88886577,181946858,4,0,1,2560,5,10118994619
17916,93061550,88949444,182010994,9,0,1,44032,10,4578266620
17917,93079960,89010338,182090298,2,0,1,102400,18,4372118558
17918,93081380,89024711,182106091,6,0,1,7168,6,5254898696
17919,93084040,89023037,182107077,5,0,1,1536,0,5727200383
17920,93084850,89024173,182109023,5,0,1,3072,0,5406372371
17921,93090240,89056811,182147051,5,0,1,2048,0,10148029834
17922,93095550,89201014,182296564,2,0,1,126464,18,4151044171
17923,93097080,77868512,170965592,0,0,0,1024,14,623570176
17924,93114321,89183319,182297640,0,0,1,13312,14,9394944692
17925,93117210,89205950,182323160,9,0,1,25600,10,3822452257
17926,93122640,77875259,170997899,0,0,0,26112,14,4296854743
17927,93137640,89212351,182349991,6,0,1,3072,6,3700603723
17928,93143300,89209071,182352371,3,0,1,11264,5,5041529331
17929,93152400,78025353,171177753,0,0,0,35328,14,8655692926
17930,93155810,77734925,170890735,0,0,0,14336,14,9914259826
17931,93156120,89227149,182383269,6,0,1,4608,6,1256264350
17932,93162920,89291981,182454901,2,0,1,46592,18,5847484950
17933,93169571,89291841,182461412,4,0,1,5120,5,9236212384
17934,93173120,89292478,182465598,6,0,1,6656,6,7363955050
17935,93177610,89308790,182486400,9,0,1,39936,10,3301234449
17936,93177760,89379721,182557481,6,0,1,2560,6,8972766810
17937,93201050,89356454,182557504,6,0,1,10240,6,9142538668
17938,93202010,77883233,171085243,0,0,0,48128,14,2748962073
17939,93218551,89338976,182557527,4,0,1,3072,5,1345046036
17940,93220151,89337399,182557550,4,0,1,3584,5,3179943705
17941,93224590,89332983,182557573,6,0,1,10240,6,5886472179
17942,93226050,89345218,182571268,9,0,1,30208,10,3920819365
17943,93226550,89344741,182571291,2,0,1,10240,18,543216939
17944,93228781,77733503,170962284,2,0,0,26112,18,5665167737
17945,93229670,77760250,170989920,0,0,0,12800,14,1882988677
17946,93237710,89333620,182571330,6,0,1,3584,6,8502876877
17947,93243180,89438113,182681293,2,0,1,141312,18,10160667002
17948,93245000,89448079,182693079,3,0,1,2560,5,6024450486
17949,93247721,89448904,182696625,4,0,1,5632,5,9296623433
17950,93253150,78025758,171278908,0,0,0,36864,14,524564684
17951,93260400,89440095,182700495,2,0,1,22528,18,9631445863
17952,93271201,89492502,182763703,4,0,1,4608,5,5530560707
17953,93274931,89490078,182765009,4,0,1,2048,5,10431936333
17954,93287270,77996965,171284235,0,0,0,17408,14,10002838130
17955,93287580,89502695,182790275,9,0,1,15360,10,9044104176
17956,93306311,89504311,182810622,4,0,1,13312,5,710472944
17957,93306671,77898039,171204710,2,0,0,5120,18,6842542419
17958,93309380,77928050,171237430,0,0,0,2048,14,9213022757
17959,93311271,89509919,182821190,4,0,1,5632,5,1470631674
17960,93315380,89557426,182872806,9,0,1,57856,10,3095233931
17961,93315830,89609274,182925104,2,0,1,23552,18,3796337860
17962,93316631,89608496,182925127,4,0,1,6656,5,3069589601
17963,93336450,89588700,182925150,2,0,1,28160,18,5618553767
17964,93337970,89637521,182975491,9,0,1,35328,10,180323751
17965,93338270,89637244,182975514,3,0,1,12800,5,7485928049
17966,93339220,78019936,171359156,0,0,0,5632,14,8576620881
17967,93352421,78004950,171357371,2,0,0,32768,18,5918375886
17968,93353661,89624865,182978526,7,0,1,1536,13,8895730589
17969,93361220,89617972,182979192,9,0,1,1024,10,1803481004
17970,93361970,77905660,171267630,0,0,0,16896,14,5368686153
17971,93365210,89893999,183259209,2,0,1,283136,18,8148928222
17972,93366480,77838721,171205201,1,0,0,1536,8,10379671628
17973,93366940,89892292,183259232,2,0,1,6144,18,5281372430
17974,93367400,89910792,183278192,9,0,1,43008,10,5361605768
17975,93370481,89914721,183285202,4,0,1,2048,5,2473361583
17976,93379011,89909417,183288428,7,0,1,5120,13,8721108854
17977,93381800,77834367,171216167,1,0,0,1536,8,5764761974
17978,93383990,89916881,183300871,2,0,1,18944,18,1140512575
17979,93398981,77890760,171289741,2,0,0,17920,18,5940943019
17980,93406071,89895261,183301332,4,0,1,10240,5,1081554183
17981,93412310,89947891,183360201,2,0,1,67072,18,3840805305
17982,93420950,90005123,183426073,2,0,1,20992,18,3833976731
17983,93422240,90049198,183471438,2,0,1,54272,18,4593756984
17984,93422930,90137679,183560609,2,0,1,117760,18,5426436862
17985,93428551,90132981,183561532,4,0,1,9216,5,1598638256
17986,93445270,90122984,183568254,2,0,1,6144,18,75356655
17987,93446560,90199331,183645891,2,0,1,71680,18,9678748572
17988,93447981,90209660,183657641,7,0,1,8192,13,1635422948
17989,93455760,77747367,171203127,0,0,0,34816,14,5579796962
17990,93458901,77888463,171347364,2,0,0,45568,18,4439484969
17991,93473140,90186767,183659907,1,0,1,3584,8,4997027083
17992,93487080,77729889,171216969,1,0,0,512,8,1790907064
17993,93488680,90173173,183661853,1,0,1,3072,8,7278505684
17994,93492620,90171140,183663760,1,0,1,2048,8,7683259333
17995,93503391,90160392,183663783,7,0,1,512,13,10337112547
17996,93505611,90161120,183666731,7,0,1,5120,13,2244350966
17997,93506740,78109921,171616661,0,0,0,10240,14,4337743512
17998,93507280,90166492,183673772,2,0,1,31232,18,8983319253
17999,93508730,90196752,183705482,1,0,1,2048,8,4896767182
18000,93524851,90181297,183706148,7,0,1,1024,13,9059447823
18001,93526850,90181564,183708414,6,0,1,3584,6,6902771753
18002,93527040,90196429,183723469,9,0,1,43008,10,2924458519
18003,93530201,90193832,183724033,7,0,1,10752,13,6240067919
18004,93535720,90191219,183726939,6,0,1,4608,6,10568211947
18005,93551960,90179818,183731778,6,0,1,6656,6,103186830
18006,93563350,90239169,183802519,2,0,1,112128,18,6738112956
18007,93566591,90266872,183833463,7,0,1,12288,13,2953777812
18008,93569350,90267659,183837009,9,0,1,5632,10,448510374
18009,93577360,90260955,183838315,9,0,1,2048,10,2618991042
18010,93577500,90262121,183839621,6,0,1,2048,6,7918937995
18011,93578750,78054149,171632899,1,0,0,512,8,8348978510
18012,93587910,90252377,183840287,1,0,1,1024,8,5857117302
18013,93597270,90247523,183844793,9,0,1,7168,10,5639899067
18014,93604670,78114590,171719260,0,0,0,3584,14,3729652895
18015,93608721,90236738,183845459,0,0,1,1024,14,6499414329
18016,93610650,90250086,183860736,1,0,1,25600,8,748482345
18017,93611580,90252907,183864487,6,0,1,3584,6,9554350680
18018,93617210,77917924,171535134,0,0,0,27648,14,6538628797
18019,93620961,90245152,183866113,7,0,1,2560,13,10375198958
18020,93623641,90243138,183866779,7,0,1,1024,13,1987249678
18021,93630270,90307391,183937661,2,0,1,58368,18,7375098985
18022,93634020,90604568,184238588,9,0,1,115712,10,4209318330
18023,93634451,78098683,171733134,2,0,0,22016,18,1282752642
18024,93634690,90635928,184270618,1,0,1,1536,8,532202049
18025,93639900,90632024,184271924,6,0,1,2048,6,10352972964
18026,93642600,77830349,171472949,1,0,0,512,8,2379323527
18027,93646320,90627870,184274190,1,0,1,3584,8,4434589271
18028,93656020,90668486,184324506,2,0,1,11776,18,8895813447
18029,93660490,90767568,184428058,2,0,1,95232,18,4395874431
18030,93675950,90768076,184444026,2,0,1,6656,18,6394295122
18031,93685171,78129405,171814576,2,0,0,21504,18,5485033914
18032,93691170,90752879,184444049,1,0,1,3072,8,9998452841
18033,93708011,90736061,184444072,7,0,1,1024,13,4974877133
18034,93713640,90806579,184520219,2,0,1,49664,18,2773012973
18035,93718880,90801362,184520242,1,0,1,4096,8,5335518283
18036,93747590,90772675,184520265,1,0,1,3584,8,4368192248
18037,93748150,77898635,171646785,1,0,0,1024,8,7970344227
18038,93749211,90771077,184520288,7,0,1,11776,13,4737180716
18039,93754791,90765520,184520311,7,0,1,512,13,768393463
18040,93756631,90763703,184520334,7,0,1,2560,13,6533381106
18041,93759301,77984620,171743921,2,0,0,35328,18,7578224322
18042,93764680,90755677,184520357,9,0,1,12288,10,3789874585
18043,93767990,90752390,184520380,1,0,1,10752,8,9906857229
18044,93775970,90744433,184520403,1,0,1,2048,8,476869882
18045,93779200,90742122,184521322,9,0,1,3584,10,6388230041
18046,93795911,90725757,184521668,7,0,1,512,13,1047690357
18047,93801361,90720666,184522027,7,0,1,9728,13,8831221688
18048,93803690,90721243,184524933,9,0,1,4608,10,8169539126
18049,93811530,90781354,184592884,2,0,1,62976,18,7301740978
18050,93816661,90777958,184594619,0,0,1,512,14,4042131753
18051,93818470,90819785,184638255,9,0,1,41984,10,2374445381
18052,93821210,90825866,184647076,8,0,1,7680,13,10281411400
18053,93821941,90825481,184647422,0,0,1,512,14,3157764398
18054,93824680,90878825,184703505,2,0,1,62976,18,7361202850
18055,93824871,90916689,184741560,0,0,1,2048,14,8677136765
18056,93826041,90916825,184742866,4,0,1,2048,5,1319340585
18057,93827400,90916452,184743852,1,0,1,1536,8,7871560249
18058,93832281,90912237,184744518,0,0,1,1024,14,4478427449
18059,93835761,77881371,171717132,2,0,0,512,18,585216276
18060,93844931,90902813,184747744,4,0,1,5120,5,609827779
18061,93845350,90906580,184751930,6,0,1,6656,6,1123680331
18062,93846750,90913886,184760636,6,0,1,1024,6,730489116
18063,93851970,90908689,184760659,1,0,1,512,8,4636440440
18064,93852620,91021236,184873856,9,0,1,30208,10,3290432889
18065,93853700,91020179,184873879,8,0,1,1024,13,6542147974
18066,93854811,91019091,184873902,7,0,1,512,13,9947747752
18067,93861490,91146901,185008391,9,0,1,54272,10,7972916216
18068,93862600,91146137,185008737,1,0,1,512,8,10295089370
18069,93868290,91145593,185013883,9,0,1,8192,10,8768010965
18070,93872280,91176779,185049059,9,0,1,25088,10,3415270525
18071,93886110,91165215,185051325,6,0,1,3584,6,952333670
18072,93887801,91164702,185052503,4,0,1,13824,5,3880030977
18073,93888520,91335284,185223804,2,0,1,68608,18,1777896065
18074,93889510,91410775,185300285,1,0,1,4608,8,9231566925
18075,93890600,91415613,185306213,1,0,1,1536,8,7258186237
18076,93898341,77848935,171747276,2,0,0,10752,18,7025213284
18077,93900950,91405286,185306236,1,0,1,5632,8,967430343
18078,93902711,78012323,171915034,2,0,0,5632,18,9213474382
18079,93917940,91390103,185308043,1,0,1,5120,8,8107592857
18080,93922390,91411428,185333818,6,0,1,3584,6,6936677070
18081,93935870,91421187,185357057,9,0,1,2048,10,8661667323
18082,93943390,91414973,185358363,6,0,1,2048,6,6573667611
18083,93945100,91501590,185446690,2,0,1,55296,18,6342901359
18084,93948540,77952094,171900634,0,0,0,13824,14,7654201921
18085,93948840,91552076,185500916,9,0,1,9216,10,111766417
18086,93959460,78033701,171993161,1,0,0,13824,8,6630025727
18087,93962140,77940582,171902722,1,0,0,6656,8,9409368064
18088,93967530,91534257,185501787,9,0,1,12288,10,9382102381
18089,93969400,91668463,185637863,2,0,1,26112,18,5003674238
18090,93969920,78232649,172202569,1,0,0,9728,8,9177177645
18091,93971210,78228349,172199559,1,0,0,70144,8,10031187207
18092,93976631,78199667,172176298,2,0,0,37376,18,7518515214
18093,94001480,91672995,185674475,2,0,1,31744,18,6507960030
18094,94004870,91678699,185683569,8,0,1,7680,13,5750898503
18095,94006180,91677412,185683592,8,0,1,5632,13,5290410645
18096,94009671,91684419,185694090,7,0,1,8192,13,2564065315
18097,94012460,91681677,185694137,6,0,1,8192,6,8678733488
18098,94017700,91703609,185721309,2,0,1,44032,18,5455605018
18099,94019500,91703115,185722615,8,0,1,2048,13,7691534383
18100,94022170,91740873,185763043,2,0,1,26624,18,1119839133
18101,94025561,78206484,172232045,2,0,0,16384,18,4320863016
18102,94029270,91735079,185764349,6,0,1,2048,6,561886248
18103,94035580,91736215,185771795,9,0,1,31232,10,5160366743
18104,94036260,91776024,185812284,6,0,1,512,6,3906881025
18105,94039070,91775047,185814117,6,0,1,17920,6,774666837
18106,94039621,91824988,185864609,7,0,1,16384,13,2558596913
18107,94052560,91819613,185872173,6,0,1,5120,6,8106048357
18108,94060630,91857611,185918241,9,0,1,32768,10,6731239949
18109,94061070,91879163,185940233,9,0,1,47616,10,109216475
18110,94062580,91918094,185980674,8,0,1,3072,13,7534117129
18111,94063950,92143981,186207931,2,0,1,98816,18,4878771061
18112,94070490,78315746,172386236,0,0,0,37376,14,6498711030
18113,94071180,92169212,186240392,6,0,1,2048,6,10372601257
18114,94073040,92220221,186293261,2,0,1,50688,18,1743594710
18115,94073250,92220034,186293284,8,0,1,2560,13,6715066107
18116,94083500,92209807,186293307,8,0,1,3584,13,9223323470
18117,94085111,92208227,186293338,4,0,1,1024,5,8531424231
18118,94091921,92201440,186293361,7,0,1,5632,13,1430457824
18119,94093500,92199884,186293384,6,0,1,3072,6,4144997919
18120,94119121,92174286,186293407,7,0,1,3072,13,7646152360
18121,94122880,92170550,186293430,8,0,1,2560,13,9400577387
18122,94124361,92183935,186308296,7,0,1,3584,13,3428858935
18123,94124490,92183829,186308319,8,0,1,5120,13,9498699380
18124,94128010,92188811,186316821,6,0,1,7168,6,1587753743
18125,94129851,92186993,186316844,4,0,1,5632,5,589690968
18126,94131451,78411616,172543067,2,0,0,114176,18,4466113078
18127,94139640,78423071,172562711,0,0,0,28672,14,34883320
18128,94141420,92175447,186316867,2,0,1,18432,18,9628457231
18129,94150000,78467458,172617458,1,0,0,57344,8,7564011308
18130,94153450,92184317,186337767,9,0,1,31232,10,632414125
18131,94162641,92177712,186340353,4,0,1,4096,5,5440383243
18132,94164141,78527256,172691397,2,0,0,50688,18,3801136889
18133,94167771,92237894,186405665,7,0,1,15872,13,2126799014
18134,94168940,92314103,186483043,9,0,1,55808,10,7010771324
18135,94173450,92310899,186484349,1,0,1,2048,8,7460879288
18136,94174271,78530478,172704749,2,0,0,43520,18,1716830645
18137,94177590,92308065,186485655,8,0,1,2048,13,4986855803
18138,94178451,92308344,186486795,7,0,1,10240,13,8594036281
18139,94179050,92310971,186490021,6,0,1,5120,6,3507399472
18140,94184130,78602520,172786650,1,0,0,18944,8,2786579
18141,94184280,92306727,186491007,8,0,1,1536,13,1527737338
18142,94186431,92317698,186504129,7,0,1,11264,13,3016101021
18143,94187481,78593374,172780855,2,0,0,75776,18,8554725228
18144,94194531,92334077,186528608,7,0,1,2048,13,746156176
18145,94195041,78712274,172907315,2,0,0,16896,18,5320479756
18146,94195660,92333614,186529274,9,0,1,11264,10,329970247
18147,94200230,92330990,186531220,1,0,1,3072,8,1826193944
18148,94206250,78951694,173157944,1,0,0,62464,8,7264430990
18149,94212531,92320955,186533486,4,0,1,3584,5,1665644515
18150,94213640,78701475,172915115,0,0,0,22528,14,10571534231
18151,94213700,78749107,172962807,0,0,0,112128,14,8452063127
18152,94214761,78875559,173090320,2,0,0,6144,18,6866073122
18153,94218620,92316172,186534792,1,0,1,2048,8,766331713
18154,94221251,92314207,186535458,4,0,1,1024,5,2800247583
18155,94225711,92311693,186537404,4,0,1,3072,5,1611559841
18156,94226800,78861625,173088425,0,0,0,40960,14,2887291073
18157,94227700,78768693,172996393,1,0,0,21504,8,1597511826
18158,94235620,78840302,173075922,0,0,0,119296,14,2706293380
18159,94242940,92301556,186544496,8,0,1,11264,13,8764348558
18160,94253710,92297555,186551265,8,0,1,6656,13,3258225005
18161,94258170,78731648,172989818,0,0,0,88576,14,5659204800
18162,94258521,92326623,186585144,4,0,1,5120,5,5436182297
18163,94263450,92321717,186585167,6,0,1,3072,6,10165078231
18164,94263701,92321489,186585190,7,0,1,3072,13,1536333720
18165,94271231,92313982,186585213,7,0,1,4608,13,2474166390
18166,94297701,92287535,186585236,4,0,1,2048,5,9884282028
18167,94299231,92286028,186585259,4,0,1,1536,5,4929114745
18168,94300101,92297253,186597354,4,0,1,5120,5,9728503201
18169,94301390,78836860,173138250,1,0,0,29696,8,3176557334
18170,94310611,92321457,186632068,4,0,1,11776,5,5941176458
18171,94310990,78863357,173174347,6,0,0,53760,6,1112077680
18172,94313620,78985598,173299218,1,0,0,8704,8,1589205410
18173,94319570,92314124,186633694,8,0,1,2560,13,884751030
18174,94329401,78952061,173281462,6,0,0,29696,6,913623238
18175,94330321,92303719,186634040,4,0,1,512,5,6276105004
18176,94333890,78787701,173121591,0,0,0,18432,14,9501078669
18177,94334461,92300859,186635320,4,0,1,14336,5,202948476
18178,94336691,92314136,186650827,4,0,1,2560,5,3017889169
18179,94338940,78970676,173309616,0,0,0,11264,14,3440675096
18180,94340411,92310762,186651173,7,0,1,512,13,265514991
18181,94341360,92313359,186654719,3,0,1,5632,5,9526408001
18182,94341630,92316955,186658585,8,0,1,6144,13,6366106463
18183,94344140,92369146,186713286,8,0,1,5632,13,10221814420
18184,94344610,92369342,186713952,3,0,1,1024,5,6875294448
18185,94371680,92344218,186715898,3,0,1,3072,5,4328334925
18186,94374850,92390046,186764896,8,0,1,4608,13,682450586
18187,94380041,92402378,186782419,7,0,1,11264,13,8153058580
18188,94383590,79466518,173850108,1,0,0,12288,8,443745306
18189,94386650,92400109,186786759,2,0,1,15360,18,1113372143
18190,94393441,79541539,173934980,6,0,0,57856,6,5466734873
18191,94395771,79153236,173549007,6,0,0,27136,6,3652130993
18192,94403580,79319136,173722716,6,0,0,64000,6,7230218465
18193,94404790,79713329,174118119,1,0,0,24576,8,7648440815
18194,94405900,79511429,173917329,0,0,0,56832,14,5785845799
18195,94411850,79137720,173549570,6,0,0,1536,6,3731441663
18196,94415621,92426674,186842295,7,0,1,9216,13,4555796275
18197,94419731,92538548,186958279,7,0,1,20480,13,9792143579
18198,94420330,79001486,173421816,1,0,0,29184,8,4369599812
18199,94420830,92537472,186958302,8,0,1,6656,13,3593921772
18200,94425140,79297755,173722895,9,0,0,512,10,3448964084
18201,94429240,79313068,173742308,1,0,0,63488,8,4445204968
18202,94431360,92526965,186958325,8,0,1,3072,13,246425544
18203,94458750,79283760,173742510,9,0,0,512,10,2012421751
18204,94468620,92556487,187025107,3,0,1,512,5,3291338297
18205,94474811,79181927,173656738,6,0,0,20480,6,517312457
18206,94483320,92548098,187031418,2,0,1,22016,18,8362339915
18207,94486380,92658512,187144892,2,0,1,32256,18,3262642061
18208,94489030,92655885,187144915,8,0,1,6656,13,6504891537
18209,94495390,92649556,187144946,8,0,1,4608,13,10065202953
18210,94496990,92693492,187190482,3,0,1,1024,5,5584917241
18211,94497440,92693065,187190505,8,0,1,4608,13,7215149090
18212,94506010,92703768,187209778,2,0,1,21504,18,5829929380
18213,94512290,92697511,187209801,8,0,1,1536,13,9962714906
18214,94513990,79104379,173618369,9,0,0,1024,10,3522815206
18215,94518740,92691084,187209824,8,0,1,5632,13,2325425997
18216,94520390,92689465,187209855,3,0,1,512,5,10081035628
18217,94522640,79323701,173846341,1,0,0,51200,8,7224507154
18218,94536970,92810204,187347174,2,0,1,147968,18,4973769585
18219,94538140,79059244,173597384,1,0,0,37376,8,287716496
18220,94543730,92925266,187468996,2,0,1,96256,18,4421297017
18221,94550521,79327575,173878096,6,0,0,70656,6,6549507430
18222,94550870,79135301,173686171,9,0,0,512,10,1549851317
18223,94551151,79509803,174060954,6,0,0,142336,6,4453175204
18224,94552831,79436172,173989003,6,0,0,69632,6,4069135876
18225,94558770,92921562,187480332,2,0,1,22528,18,9237463456
18226,94573991,79646376,174220367,2,0,0,78336,18,1078502923
18227,94574050,79325940,173899990,0,0,0,15360,14,10633292528
18228,94574680,79109923,173684603,9,0,0,512,10,3529185527
18229,94578410,92914366,187492776,3,0,1,12800,5,2613377307
18230,94582931,79505970,174088901,2,0,0,91648,18,1828311304
18231,94594730,92899032,187493762,3,0,1,1536,5,1807157817
18232,94596460,79767134,174363594,6,0,0,39424,6,4823260221
18233,94601600,79509008,174110608,1,0,0,71168,8,4514299014
18234,94607990,79511244,174119234,0,0,0,3584,14,8096478259
18235,94609530,79269040,173878570,9,0,0,512,10,2218943979
18236,94612781,79511624,174124405,2,0,0,16896,18,10187047861
18237,94614890,92892459,187507349,3,0,1,1536,5,5005585603
18238,94619220,79259055,173878275,9,0,0,512,10,1436768565
18239,94623351,79552646,174175997,2,0,0,24576,18,3884730228
18240,94625380,79604058,174229438,1,0,0,29696,8,4224627233
18241,94627151,79381541,174008692,2,0,0,34304,18,9404952729
18242,94630770,79497627,174128397,9,0,0,512,10,5242402057
18243,94665911,79274962,173940873,6,0,0,3584,6,10268251903
18244,94671170,79594544,174265714,1,0,0,55808,8,1351105982
18245,94672690,79467586,174140276,1,0,0,38912,8,6003657237
18246,94674520,79450243,174124763,9,0,0,512,10,1083027597
18247,94682320,92835437,187517757,3,0,1,16896,5,5806775588
18248,94682550,79566042,174248592,1,0,0,56320,8,4301001009
18249,94692650,79431934,174124584,9,0,0,512,10,5336223598
18250,94706851,79777913,174484764,6,0,0,27648,6,1920064860
18251,94707670,79658407,174366077,1,0,0,3072,8,1485788696
18252,94719141,79409077,174128218,2,0,0,11264,18,3042593028
18253,94721970,79581084,174303054,9,0,0,2048,10,4239143739
18254,94726511,79732746,174459257,2,0,0,29696,18,896543795
18255,94733231,79699726,174432957,2,0,0,103936,18,9810810586
18256,94739151,79440589,174179740,2,0,0,6656,18,8509601548
18257,94746890,79395236,174142126,9,0,0,512,10,3662652879
18258,94747911,79620658,174368569,6,0,0,7168,6,6989118754
18259,94783751,79500222,174283973,2,0,0,512,18,1559561127
18260,94789941,79646783,174436724,2,0,0,12288,18,2627857664
18261,94808530,79640853,174449383,1,0,0,41472,8,1813890228
18262,94819240,79559474,174378714,9,0,0,512,10,6100582307
18263,94824970,79731588,174556558,1,0,0,63488,8,10483333378
18264,94825560,79694554,174520114,6,0,0,17920,6,4005364424
18265,94826340,79797009,174623349,0,0,0,23552,14,4431502411
18266,94868060,79668484,174536544,0,0,0,31232,14,2618128427
18267,94868990,79638605,174507595,0,0,0,41472,14,9191258468
18268,94871541,79476970,174348511,2,0,0,512,18,4273128845
18269,94875070,79662121,174537191,9,0,0,2048,10,1545000039
18270,94877781,79523485,174401266,6,0,0,10240,6,7545284825
18271,94892420,92630666,187523086,6,0,1,8704,6,8528814025
18272,94892651,79615739,174508390,2,0,0,1024,18,3834332163
18273,94894581,79663921,174558502,2,0,0,512,18,3792004593
18274,94907031,79468402,174375433,2,0,0,2048,18,4505244032
18275,94913930,79697930,174611860,0,0,0,52736,14,5228696177
18276,94920170,92611778,187531948,6,0,1,2048,6,8915360729
18277,94925461,79601025,174526486,2,0,0,512,18,122429078
18278,94935390,79637284,174572674,0,0,0,9728,14,10538292906
18279,94945160,79708061,174653221,0,0,0,32768,14,4521054568
18280,94950921,79768231,174719152,2,0,0,3584,18,4947864456
18281,94964580,79651570,174616150,9,0,0,4608,10,6799109397
18282,94967620,79482566,174450186,6,0,0,2560,6,7933770453
18283,94969631,80079734,175049365,6,0,0,54784,6,8869937703
18284,94972351,79693420,174665771,2,0,0,512,18,2688288400
18285,94989440,79752314,174741754,9,0,0,1024,10,10409980298
18286,94993490,79563255,174556745,8,0,0,512,13,4484612431
18287,95002370,79666629,174668999,9,0,0,1024,10,104721041
18288,95025260,92507047,187532307,1,0,1,9728,8,1083102015
18289,95031580,79973201,175004781,1,0,0,21504,8,260588842
18290,95031660,80118950,175150610,8,0,0,512,13,8449876562
18291,95039380,79801845,174841225,1,0,0,78848,8,7903206876
18292,95039961,79675408,174715369,6,0,0,45056,6,6808553250
18293,95041471,79548005,174589476,2,0,0,1024,18,4385485004
18294,95041871,79650204,174692075,2,0,0,3584,18,9416503583
18295,95052640,92483930,187536570,1,0,1,4096,8,3039234991
18296,95055531,79617768,174673299,2,0,0,2560,18,9917117453
18297,95059600,79684759,174744359,9,0,0,1536,10,629965616
18298,95060180,92528164,187588344,1,0,1,19968,8,6038593928
18299,95066441,79790563,174857004,6,0,0,51712,6,8603063610
18300,95087431,79861560,174948991,6,0,0,79360,6,894272703
18301,95088591,92499776,187588367,0,0,1,2048,14,10375674210
18302,95093151,92495239,187588390,7,0,1,5120,13,2210420397
18303,95095060,79892445,174987505,1,0,0,32768,8,10109491691
18304,95098241,92490172,187588413,0,0,1,2048,14,25711202
18305,95114100,79850982,174965082,1,0,0,52736,8,70339681
18306,95118150,92470286,187588436,6,0,1,17408,6,8159691306
18307,95122720,92465739,187588459,6,0,1,4608,6,1587551044
18308,95124300,92464182,187588482,6,0,1,13824,6,7101819525
18309,95127830,79731849,174859679,1,0,0,8704,8,8278519594
18310,95139530,79735696,174875226,0,0,0,14848,14,834226624
18311,95139590,79761778,174901368,8,0,0,1024,13,5327242979
18312,95146440,92442065,187588505,8,0,1,9728,13,254398915
18313,95150950,79847209,174998159,1,0,0,32256,8,6380592527
18314,95151241,92439513,187590754,0,0,1,1024,14,3493601663
18315,95151710,92440350,187592060,6,0,1,2048,6,10000915420
18316,95168620,79709210,174877830,8,0,0,512,13,9322280690
18317,95168981,79880719,175049700,2,0,0,1024,18,3950913661
18318,95177890,80028622,175206512,1,0,0,56832,8,3469048284
18319,95178451,79619815,174798266,2,0,0,1536,18,9065016088
18320,95181411,79874956,175056367,2,0,0,1024,18,3626331463
18321,95184130,79895769,175079899,0,0,0,7680,14,6934321745
18322,95184400,79890317,175074717,0,0,0,25088,14,10370727287
18323,95187440,79717201,174904641,8,0,0,512,13,6533127946
18324,95196590,92396136,187592726,1,0,1,1024,8,9507177716
18325,95199501,79805894,175005395,2,0,0,1536,18,9481929612
18326,95205580,79771895,174977475,1,0,0,38912,8,4620208302
18327,95212910,92386112,187599022,8,0,1,11264,13,688812236
18328,95218800,79883456,175102256,7,0,0,11264,13,7917781640
18329,95220600,92378768,187599368,6,0,1,512,6,10177357072
18330,95234780,79983593,175218373,7,0,0,37888,13,3540410199
18331,95240550,79652154,174892704,8,0,0,512,13,7667144153
18332,95245401,92356233,187601634,0,0,1,3584,14,5816719624
18333,95251101,92352479,187603580,0,0,1,3072,14,3357908268
18334,95251960,79713613,174965573,9,0,0,1536,10,358126414
18335,95252671,92351575,187604246,0,0,1,1024,14,6180732361
18336,95261831,92343081,187604912,0,0,1,1024,14,3705627956
18337,95269530,92340234,187609764,9,0,1,7680,10,7685570961
18338,95271210,92339540,187610750,8,0,1,1536,13,9923605876
18339,95273351,92338065,187611416,0,0,1,1024,14,2615282439
18340,95274180,92358813,187632993,1,0,1,20480,8,5762232637
18341,95276990,92375113,187652103,1,0,1,14848,8,6048647469
18342,95278351,92374418,187652769,0,0,1,1024,14,7225556342
18343,95287681,79700627,174988308,2,0,0,2560,18,8367056239
18344,95288181,92366854,187655035,0,0,1,3584,14,2884525666
18345,95290560,92371933,187662493,6,0,1,2048,6,999826879
18346,95291100,92371416,187662516,9,0,1,5120,10,3792219428
18347,95292861,79820835,175113696,6,0,0,1536,6,10108801126
18348,95294220,92368319,187662539,1,0,1,2560,8,7865594674
18349,95298320,92369389,187667709,8,0,1,23040,13,6810148067
18350,95305031,79901729,175206760,2,0,0,512,18,9591693502
18351,95305411,92371400,187676811,0,0,1,10752,14,5928207782
18352,95308380,79857858,175166238,8,0,0,512,13,7654936237
18353,95309750,80186608,175496358,7,0,0,26112,13,2877568600
18354,95312741,79873054,175185795,2,0,0,512,18,6952828712
18355,95325200,92385391,187710591,8,0,1,1024,13,3529403432
18356,95340650,92377512,187718162,9,0,1,19456,10,5178995275
18357,95340971,92377537,187718508,0,0,1,512,14,9973104243
18358,95341290,79912928,175254218,0,0,0,35840,14,6416185680
18359,95344180,92375954,187720134,8,0,1,2560,13,8997386756
18360,95353950,92373890,187727840,9,0,1,3584,10,10431841799
18361,95364281,92369051,187733332,4,0,1,8704,5,1574842198
18362,95365440,79796856,175162296,1,0,0,14848,8,7563308893
18363,95370460,79967210,175337670,7,0,0,43520,13,5695239344
18364,95375551,92373879,187749430,0,0,1,11264,14,8689210727
18365,95384300,92365153,187749453,8,0,1,10240,13,8429399721
18366,95386780,92399078,187785858,2,0,1,27136,18,8128224942
18367,95389840,79725575,175115415,9,0,0,1536,10,2008274453
18368,95397300,80141859,175539159,9,0,0,512,10,2203349650
18369,95403550,92534447,187937997,2,0,1,50176,18,7497031782
18370,95411930,92527891,187939821,6,0,1,17408,6,1216579227
18371,95417780,92528923,187946703,2,0,1,18944,18,3952667458
18372,95425880,92560025,187985905,9,0,1,5632,10,1001151465
18373,95427850,92653764,188081614,1,0,1,2560,8,9190556948
18374,95430470,92654370,188084840,8,0,1,5120,13,7902275710
18375,95431491,80042273,175473764,6,0,0,57344,6,3287992752
18376,95434700,79972910,175407610,9,0,0,3072,10,2553641271
18377,95436890,92687596,188124486,2,0,1,2048,18,5271684836
18378,95438640,92829212,188267852,2,0,1,104960,18,887049543
18379,95439480,92846819,188286299,2,0,1,5632,18,6125716715
18380,95440651,80041872,175482523,4,0,0,28672,5,1633194104
18381,95452581,80101421,175554002,6,0,0,48640,6,10109335642
18382,95453990,80112755,175566745,9,0,0,1024,10,9848850791
18383,95465450,80070271,175535721,1,0,0,7168,8,2195053477
18384,95468250,80292732,175760982,1,0,0,146432,8,1519195477
18385,95486400,92802595,188288995,9,0,1,4096,10,5891326776
18386,95488090,79920276,175408366,9,0,0,512,10,2892139059
18387,95491061,80016352,175507413,6,0,0,15360,6,173769735
18388,95492731,79795951,175288682,2,0,0,512,18,4605819890
18389,95497580,92792593,188290173,8,0,1,13824,13,9647595092
18390,95503401,79993448,175496849,2,0,0,1536,18,6424327768
18391,95508770,92791630,188300400,9,0,1,1536,10,9566399627
18392,95510530,92805484,188316014,8,0,1,2048,13,7104578491
18393,95510930,92807030,188317960,6,0,1,3072,6,6579015485
18394,95515181,80258864,175774045,2,0,0,512,18,2451020431
18395,95518600,80137634,175656234,0,0,0,11264,14,8676700824
18396,95524010,80099810,175623820,7,0,0,91136,13,10377771934
18397,95538300,92780966,188319266,6,0,1,2048,6,8507552662
18398,95538351,80229674,175768025,6,0,0,23040,6,7375467409
18399,95538630,80276341,175814971,7,0,0,5632,13,4800438149
18400,95541250,92826950,188368200,9,0,1,4096,10,9400428019
18401,95549250,80296473,175845723,1,0,0,88576,8,8835337446
18402,95559690,92827923,188387613,6,0,1,4096,6,5916863190
18403,95565580,92822056,188387636,1,0,1,3072,8,3545849694
18404,95567520,92831082,188398602,1,0,1,3584,8,7407500355
18405,95568890,92829735,188398625,9,0,1,3072,10,2080581551
18406,95570570,92828078,188398648,2,0,1,6144,18,5773418430
18407,95574451,80317695,175892146,6,0,0,11776,6,7240234075
18408,95577190,80203234,175780424,1,0,0,17408,8,8301009827
18409,95577861,80085932,175663793,6,0,0,23552,6,2594818226
18410,95583090,92815581,188398671,6,0,1,1024,6,3164408071
18411,95587510,92811184,188398694,8,0,1,512,13,7980602887
18412,95601270,92797447,188398717,9,0,1,5632,10,2585729764
18413,95603060,92802887,188405947,9,0,1,512,10,3940479838
18414,95609350,92797111,188406461,8,0,1,1024,13,8502794384
18415,95610680,80253672,175864352,0,0,0,22528,14,2187291550
18416,95616091,80040322,175656413,2,0,0,512,18,1376638485
18417,95620031,79897294,175517325,2,0,0,1024,18,6288236336
18418,95627480,92779004,188406484,3,0,1,11264,5,7458874297
18419,95631350,80360324,175991674,0,0,0,28672,14,2630421073
18420,95639871,79871040,175510911,2,0,0,512,18,6097646407
18421,95642390,79991593,175633983,0,0,0,33280,14,7290910029
18422,95643580,80023790,175667370,9,0,0,512,10,6723919710
18423,95649630,92756877,188406507,6,0,1,8192,6,6989051684
18424,95654160,80115159,175769319,7,0,0,4096,13,2070776837
18425,95659190,80141160,175800350,9,0,0,1024,10,1532998614
18426,95662950,92743580,188406530,8,0,1,5120,13,6285573725
18427,95673511,80100355,175773866,6,0,0,14848,6,4315275643
18428,95673850,92736658,188410508,9,0,1,1536,10,376251802
18429,95689341,79948620,175637961,2,0,0,1024,18,3180978065
18430,95692641,80206392,175899033,6,0,0,22528,6,348816412
18431,95696441,92714090,188410531,4,0,1,3584,5,4834475006
18432,95705210,92728744,188433954,8,0,1,6656,13,7472429608
18433,95711661,79930445,175642106,2,0,0,512,18,1396724772
18434,95714620,92743123,188457743,8,0,1,11776,13,5791719649
18435,95717510,80128548,175846058,9,0,0,1024,10,6754851437
18436,95738860,80634621,176373481,9,0,0,1024,10,8127170613
18437,95738950,92808669,188547619,8,0,1,12800,13,3106806938
18438,95743650,92808292,188551942,8,0,1,7168,13,1957056092
18439,95751490,92804318,188555808,9,0,1,6144,10,8708106573
18440,95756960,92808999,188565959,8,0,1,7168,13,1294475036
18441,95759130,80021473,175780603,9,0,0,512,10,5612766593
18442,95764560,80829907,176594467,9,0,0,2048,10,4460771131
18443,95768701,80158173,175926874,2,0,0,512,18,1066349971
18444,95786610,80187964,175974574,0,0,0,36864,14,2009044395
18445,95788910,80934295,176723205,0,0,0,80896,14,3214738993
18446,95795950,92770032,188565982,6,0,1,1024,6,8726955870
18447,95797060,80142767,175939827,9,0,0,1536,10,9851046459
18448,95799000,80569162,176368162,0,0,0,53760,14,1264172918
18449,95800520,92765485,188566005,6,0,1,14336,6,8048804923
18450,95802320,92771256,188573576,9,0,1,3584,10,10195568309
18451,95803980,80288493,176092473,9,0,0,512,10,9967482242
18452,95804020,92774382,188578402,6,0,1,7680,6,8819926245
18453,95804880,92804767,188609647,8,0,1,4096,13,5437920249
18454,95817681,80664220,176481901,6,0,0,47104,6,3381735681
18455,95821271,81035854,176857125,6,0,0,15872,6,8665025817
18456,95828130,92782183,188610313,9,0,1,11264,10,7075390076
18457,95830551,80594215,176424766,6,0,0,103424,6,6269578403
18458,95844450,80642670,176487120,9,0,0,1536,10,4329032593
18459,95844710,80412950,176257660,1,0,0,80384,8,367380901
18460,95848800,80335829,176184629,7,0,0,2048,13,7318753390
18461,95849170,92772494,188621664,3,0,1,7680,5,4520925431
18462,95852880,80218222,176071102,9,0,0,3584,10,5112087201
18463,95854310,80810964,176665274,1,0,0,86016,8,4934146899
18464,95862771,80623858,176486629,6,0,0,12288,6,6496960714
18465,95870240,92763147,188633387,9,0,1,11264,10,4695097272
18466,95872300,80888227,176760527,0,0,0,108032,14,4721496552
18467,95880240,92833331,188713571,6,0,1,5632,6,696652527
18468,95882991,80621054,176504045,6,0,0,27648,6,8193950282
18469,95885870,80162005,176047875,9,0,0,1024,10,1183837251
18470,95900780,80308611,176209391,9,0,0,1536,10,5690663544
18471,95905060,92919845,188824905,9,0,1,23552,10,9057361872
18472,95905900,92932746,188838646,6,0,1,19456,6,8880522588
18473,95915910,92923709,188839619,6,0,1,12800,6,4152149562
18474,95919940,81031403,176951343,1,0,0,87040,8,2366237085
18475,95921240,92944513,188865753,6,0,1,512,6,10333700054
18476,95921910,81143565,177065475,7,0,0,37376,13,3310626466
18477,95932240,80523955,176456195,0,0,0,12800,14,5887606604
18478,95941320,81165778,177107098,1,0,0,101888,8,7507016714
18479,95949990,80419131,176369121,9,0,0,3072,10,7210484668
18480,95956130,81078273,177034403,1,0,0,197120,8,10242902812
18481,95962300,80830097,176792397,0,0,0,7168,14,8875629965
18482,95963850,80826340,176790190,7,0,0,97280,13,8389559840
18483,95964611,80407965,176372576,6,0,0,11264,6,6071274944
18484,95971571,80726784,176698355,6,0,0,50176,6,5473433975
18485,95982310,92887694,188870004,6,0,1,1024,6,976600544
18486,95985970,80548782,176534752,0,0,0,65024,14,8834569335
18487,95990091,80185581,176175672,2,0,0,512,18,5216485681
18488,95990320,81343649,177333969,1,0,0,113664,8,1105284353
18489,95992980,92877047,188870027,6,0,1,13312,6,3615892719
18490,96002720,92913186,188915906,6,0,1,1536,6,8271361277
18491,96033550,80266880,176300430,9,0,0,512,10,4583597095
18492,96043480,92872580,188916060,6,0,1,8704,6,10422607291
18493,96046510,81211811,177258321,0,0,0,129024,14,4202575811
18494,96061150,92865520,188926670,6,0,1,1536,6,10092443683
18495,96066830,92859863,188926693,6,0,1,4608,6,2321889407
18496,96075570,80503919,176579489,0,0,0,28160,14,7523680075
18497,96089440,81449757,177539197,0,0,0,54784,14,2333297366
18498,96091490,80203948,176295438,9,0,0,2560,10,7722045014
18499,96097280,92829436,188926716,6,0,1,512,6,9544554535
18500,96100040,81043744,177143784,7,0,0,3584,13,9916140854
18501,96106840,80526883,176633723,1,0,0,5632,8,10324217096
18502,96110191,92816671,188926862,4,0,1,4096,5,7799231661
18503,96110870,81237341,177348211,7,0,0,43520,13,5714150150
18504,96116180,92812333,188928513,6,0,1,512,6,8783901424
18505,96121911,81400571,177522482,6,0,0,30720,6,10358715891
18506,96129380,80777896,176907276,7,0,0,61952,13,10381066358
18507,96131330,81475374,177606704,1,0,0,33792,8,6768025656
18508,96136760,80934978,177071738,7,0,0,20480,13,10028776763
18509,96147380,80678828,176826208,1,0,0,32256,8,9321658579
18510,96149991,80814483,176964474,2,0,0,1536,18,6929833642
18511,96150000,80665508,176815508,1,0,0,75776,8,6515884809
18512,96160600,81567691,177728291,1,0,0,83968,8,4479208174
18513,96161381,80981288,177142669,2,0,0,2048,18,4193538659
18514,96162590,81313890,177476480,1,0,0,10240,8,6040120310
18515,96168580,80943226,177111806,9,0,0,13312,10,7126062744
18516,96185400,80695785,176881185,1,0,0,8704,8,9028368577
18517,96190050,80645909,176835959,9,0,0,11776,10,2751924328
18518,96194051,80504483,176698534,2,0,0,512,18,5383806447
18519,96205330,92748901,188954231,3,0,1,2048,5,4401008057
18520,96212731,81747022,177959753,4,0,0,95232,5,2881087025
18521,96218600,81627528,177846128,0,0,0,76288,14,6783595494
18522,96231020,80910020,177141040,0,0,0,95744,14,10435032022
18523,96232570,80918747,177151317,1,0,0,15360,8,7257448325
18524,96232880,81450125,177683005,1,0,0,89600,8,1710446630
18525,96233471,80582840,176816311,2,0,0,2560,18,6257696684
18526,96239390,80799092,177038482,9,0,0,13312,10,6160108005
18527,96244991,80717419,176962410,2,0,0,1024,18,3154658317
18528,96253020,92702742,188955762,3,0,1,1536,5,7824386055
18529,96255570,81507566,177763136,0,0,0,4096,14,4784754430
18530,96257350,92790015,189047365,8,0,1,39424,13,8188489253
18531,96257830,80961133,177218963,9,0,0,52224,10,2129513474
18532,96275840,81572050,177847890,1,0,0,4608,8,10634706571
18533,96276780,81337747,177614527,7,0,0,25600,13,2103262273
18534,96279380,81136291,177415671,0,0,0,67584,14,778338201
18535,96281621,80886220,177167841,6,0,0,44544,6,6996129453
18536,96294490,92821428,189115918,8,0,1,7680,13,3918757083
18537,96294510,92821431,189115941,8,0,1,3072,13,1132343503
18538,96296500,80845522,177142022,0,0,0,3072,14,4152354099
18539,96312040,81047476,177359516,0,0,0,9728,14,9928628231
18540,96323980,92813083,189137063,3,0,1,2048,5,2655010195
18541,96328740,92808346,189137086,3,0,1,3072,5,8744357744
18542,96334880,92802229,189137109,3,0,1,2560,5,6178906288
18543,96335760,80771829,177107589,0,0,0,1536,14,10166690035
18544,96340411,81722724,178063135,2,0,0,2048,18,8872387644
18545,96349640,81570390,177920030,7,0,0,40448,13,9832173595
18546,96368950,80894542,177263492,0,0,0,16896,14,8000850608
18547,96369870,81737436,178107306,0,0,0,144896,14,1725793334
18548,96387350,81195451,177582801,7,0,0,512,13,1877972899
18549,96390141,81470501,177860642,2,0,0,1024,18,4469286586
18550,96390960,82417785,178808745,1,0,0,69632,8,2141948200
18551,96396371,81666117,178062488,6,0,0,51712,6,7493601203
18552,96399680,81531034,177930714,9,0,0,6656,10,8884876692
18553,96401710,80933218,177334928,7,0,0,3072,13,1019341408
18554,96401751,82115311,178517062,6,0,0,76288,6,8157359321
18555,96412670,82180385,178593055,9,0,0,173568,10,9061821321
18556,96412990,81339262,177752252,9,0,0,8704,10,1596029962
18557,96421230,81759573,178180803,9,0,0,71168,10,7268784803
18558,96428581,81352314,177780895,6,0,0,26624,6,5546548545
18559,96432160,80957728,177389888,7,0,0,30208,13,3453420305
18560,96434360,92702772,189137132,3,0,1,5632,5,1351788366
18561,96434680,92722653,189157333,3,0,1,2048,5,9823248666
18562,96437030,82386121,178823151,1,0,0,46080,8,4137193263
18563,96441621,81123939,177565560,6,0,0,6656,6,6161018468
18564,96448610,81091702,177540312,9,0,0,3584,10,7822440755
18565,96461320,92702627,189163947,3,0,1,1024,5,10346717820
18566,96482900,80990437,177473337,1,0,0,16896,8,1873140386
18567,96483440,92680530,189163970,3,0,1,512,5,4819643536
18568,96491010,82506829,178997839,1,0,0,53760,8,9468578805
18569,96498251,80951079,177449330,6,0,0,22528,6,9516442379
18570,96503550,81078460,177582010,7,0,0,7168,13,9332639958
18571,96511570,81866934,178378504,1,0,0,15872,8,10692539932
18572,96515170,80879886,177395056,9,0,0,9216,10,215620489
18573,96517191,92646802,189163993,4,0,1,2048,5,6725864811
18574,96518610,92645585,189164195,9,0,1,512,10,5717650436
18575,96519480,81218537,177738017,0,0,0,31744,14,710093784
18576,96522290,81327651,177849941,9,0,0,6656,10,3706181040
18577,96528350,82338551,178866901,7,0,0,13312,13,9961337944
18578,96528490,92639331,189167821,9,0,1,15360,10,1174767045
18579,96537900,81009639,177547539,9,0,0,12288,10,3720295351
18580,96539750,81079636,177619386,9,0,0,15872,10,6686616837
18581,96544260,82568677,179112937,0,0,0,51712,14,10481301821
18582,96545780,81562649,178108429,7,0,0,3584,13,423789579
18583,96556270,81146414,177702684,0,0,0,64512,14,3220489140
18584,96561600,80950589,177512189,1,0,0,10240,8,5793304670
18585,96567421,82505697,179073118,6,0,0,51712,6,6989249554
18586,96571120,81540452,178111572,9,0,0,10240,10,10444506800
18587,96572081,81873053,178445134,6,0,0,1536,6,3110923558
18588,96572581,92596199,189168780,4,0,1,1536,5,7265614283
18589,96572800,81066962,177639762,1,0,0,2048,8,5637250418
18590,96584870,81383829,177968699,0,0,0,29184,14,7760450768
18591,96587060,82531048,179118108,7,0,0,16896,13,7640174651
18592,96590820,81618613,178209433,9,0,0,20992,10,10547615540
18593,96592091,81392799,177984890,6,0,0,35840,6,2666427440
18594,96602651,92566475,189169126,4,0,1,512,5,10384077587
18595,96614551,92571666,189186217,4,0,1,6656,5,3398005241
18596,96619190,81513800,178132990,7,0,0,33280,13,588978700
18597,96642090,81204373,177846463,7,0,0,1024,13,215975456
18598,96644530,92541710,189186240,9,0,1,1536,10,5648907510
18599,96652470,92533809,189186279,9,0,1,512,10,9291976699
18600,96656080,81162783,177818863,1,0,0,15872,8,2849797248
18601,96686840,81435987,178122827,0,0,0,36864,14,5640776366
18602,96691700,81063090,177754790,7,0,0,512,13,6365328870
18603,96711671,81261887,177973558,6,0,0,15872,6,7438609099
18604,96719591,81171409,177891000,2,0,0,1536,18,6619280999
18605,96722290,82542896,179265186,1,0,0,48640,8,5869851122
18606,96730751,81063861,177794612,6,0,0,3072,6,3370387667
18607,96733910,81578260,178312170,1,0,0,77824,8,8958336456
18608,96735590,81191853,177927443,0,0,0,15360,14,6659618205
18609,96741720,81585576,178327296,9,0,0,20480,10,1660819032
18610,96747870,92438643,189186513,5,0,1,7680,0,9517001268
18611,96752530,81591059,178343589,1,0,0,14848,8,9327440366
18612,96752821,92434058,189186879,7,0,1,10240,13,2007816153
18613,96759841,81010621,177770462,2,0,0,1536,18,594813176
18614,96769350,92418544,189187894,5,0,1,3072,0,594929536
18615,96772431,82390204,179162635,6,0,0,2560,6,4117366365
18616,96775481,92414039,189189520,4,0,1,2560,5,4806681492
18617,96777340,81489924,178267264,1,0,0,13824,8,10318071487
18618,96782630,92413400,189196030,5,0,1,5120,0,546131378
18619,96785981,92477415,189263396,4,0,1,4608,5,3308122488
18620,96788630,81696594,178485224,1,0,0,31744,8,7915769763
18621,96797481,81687922,178485403,2,0,0,512,18,5667473153
18622,96807650,82669015,179476665,0,0,0,229376,14,1893983132
18623,96813700,81191920,178005620,0,0,0,11264,14,7428314639
18624,96825711,81148236,177973947,2,0,0,1024,18,6550874666
18625,96826121,82973830,179799951,6,0,0,72192,6,6077418238
18626,96832251,92431347,189263598,7,0,1,12288,13,5560311536
18627,96836361,81378676,178215037,6,0,0,4096,6,1468740954
18628,96837121,81475407,178312528,2,0,0,1024,18,773818845
18629,96841800,81303464,178145264,0,0,0,32768,14,1219128941
18630,96853820,81933678,178787498,9,0,0,21504,10,9956989449
18631,96855910,81762386,178618296,9,0,0,1024,10,717424147
18632,96870300,83101177,179971477,1,0,0,72192,8,6901634872
18633,96873170,81465872,178339042,1,0,0,16384,8,8511601593
18634,96903170,81344286,178247456,0,0,0,11264,14,9819827821
18635,96909870,81750818,178660688,1,0,0,9728,8,9818449922
18636,96916980,92346641,189263621,6,0,1,8192,6,1508519566
18637,96922471,83392348,180314819,6,0,0,32256,6,6015638356
18638,96924520,92382667,189307187,5,0,1,7680,0,239914610
18639,96927370,92380803,189308173,6,0,1,1536,6,3396340629
18640,96927970,83165855,180093825,9,0,0,37376,10,10134740303
18641,96929201,92379638,189308839,0,0,1,1024,14,350494789
18642,96939010,92372735,189311745,6,0,1,4608,6,5729628279
18643,96941940,92388592,189330532,5,0,1,20992,0,2649469509
18644,96948690,81186364,178135054,9,0,0,6144,10,3278158776
18645,96956700,92373855,189330555,1,0,1,512,8,5608737476
18646,96963260,81460627,178423887,1,0,0,17408,8,7451812128
18647,96965401,81231191,178196592,6,0,0,3072,6,1960596723
18648,96968071,81167162,178135233,2,0,0,512,18,5098221473
18649,96972480,92361167,189333647,6,0,1,6656,6,9487123300
18650,96986331,83386065,180372396,2,0,0,1024,18,7182306133
18651,96990450,81231938,178222388,1,0,0,4608,8,4210929523
18652,96993290,92374546,189367836,6,0,1,3584,6,6859849564
18653,96996820,81612538,178609358,0,0,0,29696,14,329623714
18654,96997961,81542187,178540148,6,0,0,50688,6,5171615862
18655,97000470,92379056,189379526,5,0,1,6656,0,1362899742
18656,97005261,81400411,178405672,2,0,0,2048,18,3976806097
18657,97010561,82390687,179401248,6,0,0,7680,6,3253745185
18658,97015121,81271999,178287120,2,0,0,512,18,1017258727
18659,97016050,92388602,189404652,5,0,1,19968,0,3820625051
18660,97020240,92384758,189404998,8,0,1,512,13,7106894634
18661,97021261,83526686,180547947,6,0,0,121344,6,6782011044
18662,97038410,81449853,178488263,7,0,0,1024,13,3635394442
18663,97047800,92358184,189405984,6,0,1,1536,6,5461586379
18664,97048510,81730161,178778671,7,0,0,1024,13,6060368525
18665,97053120,81725216,178778336,7,0,0,1024,13,3238852125
18666,97053540,81364997,178418537,9,0,0,10240,10,7709655945
18667,97056401,81561560,178617961,6,0,0,28160,6,3378076110
18668,97057320,92353170,189410490,5,0,1,7168,0,8621608454
18669,97059301,81569314,178628615,6,0,0,33792,6,1828497157
18670,97079180,92386098,189465278,2,0,1,15360,18,7243291397
18671,97089950,92375830,189465780,5,0,1,2048,0,3785360135
18672,97091330,81687684,178779014,9,0,0,1024,10,9443457240
18673,97099820,81667394,178767214,9,0,0,113664,10,2538770375
18674,97101400,82297485,179398885,0,0,0,81408,14,6482626408
18675,97106630,81817254,178923884,9,0,0,76800,10,8263644987
18676,97109900,92359426,189469326,6,0,1,5632,6,2114394558
18677,97110540,82428431,179538971,0,0,0,204288,14,4210208430
18678,97114811,82130338,179245149,3,0,0,85504,5,5150612471
18679,97120850,92352851,189473701,8,0,1,5120,13,6770335287
18680,97124210,92432803,189557013,5,0,1,5632,0,2029593626
18681,97129681,81648320,178778001,6,0,0,35328,6,1350747839
18682,97130211,81829027,178959238,6,0,0,5632,6,259230522
18683,97134030,81571455,178705485,7,0,0,512,13,5020514535
18684,97134450,92423229,189557679,6,0,1,1024,6,5225055815
18685,97142660,81702714,178845374,7,0,0,512,13,5172617912
18686,97149221,82069830,179219051,6,0,0,112128,6,2170823658
18687,97156850,81860595,179017445,7,0,0,512,13,6214833169
18688,97157340,81776272,178933612,0,0,0,18432,14,1035639328
18689,97160920,92398385,189559305,5,0,1,2560,0,5208528916
18690,97170460,82149613,179320073,9,0,0,29184,10,5997252121
18691,97181530,92381961,189563491,6,0,1,6656,6,9166306005
18692,97188881,83425720,180614601,3,0,0,46592,5,10128536880
18693,97192930,82057413,179250343,7,0,0,1024,13,5188415515
18694,97193740,82090766,179284506,7,0,0,2048,13,4108341254
18695,97197450,92366400,189563850,5,0,1,9728,0,3616635197
18696,97199860,82544872,179744732,9,0,0,20480,10,75384936
18697,97200950,92434056,189635006,6,0,1,7168,6,1900831270
18698,97201150,83494998,180696148,0,0,0,24576,14,3011187004
18699,97205271,81891887,179097158,6,0,0,50176,6,4368967311
18700,97206970,81911317,179118287,7,0,0,512,13,6711699762
18701,97208481,81691193,178899674,3,0,0,17408,5,9368059292
18702,97210610,82362891,179573501,1,0,0,32256,8,10592714760
18703,97218570,81513837,178732407,7,0,0,2048,13,3676695264
18704,97229431,81579649,178809080,2,0,0,1024,18,9060999915
18705,97231690,92406109,189637799,5,0,1,512,0,1767363181
18706,97233131,81791237,179024368,3,0,0,512,5,5759464591
18707,97236890,92401255,189638145,5,0,1,512,0,2991556757
18708,97243121,81938646,179181767,6,0,0,43520,6,5907013308
18709,97246241,81757220,179003461,2,0,0,512,18,5286352708
18710,97248860,92389849,189638709,6,0,1,10752,6,5179179233
18711,97251800,81701715,178953515,7,0,0,512,13,8875531716
18712,97258390,82049186,179307576,0,0,0,1024,14,7073240325
18713,97266270,92385001,189651271,6,0,1,18432,6,6343604202
18714,97273960,81851167,179125127,0,0,0,18944,14,1562987426
18715,97283480,92377850,189661330,5,0,1,8704,0,3176034393
18716,97285770,92375583,189661353,6,0,1,512,6,3854485169
18717,97290070,82659380,179949450,7,0,0,512,13,2429380988
18718,97304290,82463323,179767613,0,0,0,21504,14,518447125
18719,97305220,92469268,189774488,2,0,1,16384,18,6691643746
18720,97307470,83540320,180847790,1,0,0,7680,8,4308009553
18721,97309890,81808576,179118466,7,0,0,512,13,8971275945
18722,97318771,92455740,189774511,4,0,1,512,5,1679591662
18723,97322690,82083885,179406575,0,0,0,17408,14,3324508742
18724,97325010,92449524,189774534,9,0,1,4096,10,8091609428
18725,97325260,92524041,189849301,9,0,1,6656,10,2462122151
18726,97330970,82279827,179610797,1,0,0,38400,8,5288074269
18727,97338210,92550226,189888436,9,0,1,5632,10,2710087419
18728,97342830,92580729,189923559,9,0,1,37376,10,1553601929
18729,97358231,81891777,179250008,6,0,0,15872,6,9374091099
18730,97361130,82202512,179563642,0,0,0,80896,14,7366011974
18731,97363840,81818106,179181946,7,0,0,512,13,5969955512
18732,97364220,81761668,179125888,7,0,0,512,13,4416935413
18733,97365430,92575179,189940609,6,0,1,6656,6,6783526455
18734,97367310,92573965,189941275,9,0,1,1024,10,7195419928
18735,97367361,81929121,179296482,2,0,0,19456,18,5784080845
18736,97369550,92573991,189943541,9,0,1,3584,10,6372146569
18737,97375710,81959040,179334750,0,0,0,24064,14,6095843238
18738,97387830,82199765,179587595,1,0,0,45056,8,8851900048
18739,97395271,82301943,179697214,3,0,0,17920,5,7280271664
18740,97399570,92617764,190017334,8,0,1,1536,13,8689709379
18741,97403671,92649930,190053601,0,0,1,4608,14,4395850105
18742,97405290,92719982,190125272,3,0,1,10752,5,6331787001
18743,97408290,92763632,190171922,9,0,1,1536,10,7792851427
18744,97417591,92754354,190171945,0,0,1,1024,14,2676599148
18745,97423361,81930051,179353412,6,0,0,10240,6,5990125897
18746,97424910,92747058,190171968,6,0,1,1536,6,7421972962
18747,97433031,81911218,179344249,3,0,0,4608,5,9136634765
18748,97433571,82473199,179906770,2,0,0,81920,18,6619410894
18749,97434070,82139766,179573836,7,0,0,1024,13,233954982
18750,97435050,92736941,190171991,6,0,1,11264,6,2697488410
18751,97438721,92733293,190172014,0,0,1,2560,14,768444649
18752,97441590,92823484,190265074,6,0,1,512,6,3159336879
18753,97442641,92825019,190267660,7,0,1,4096,13,7742616276
18754,97444670,83899061,181343731,1,0,0,227328,8,7189863107
18755,97448910,81957844,179406754,7,0,0,512,13,6293163451
18756,97451950,92816478,190268428,6,0,1,11776,6,6955997849
18757,97453351,82361295,179814646,3,0,0,48128,5,2477332339
18758,97453700,82230029,179683729,5,0,0,35840,0,4665093066
18759,97457190,83548983,181006173,1,0,0,114688,8,9302649762
18760,97457781,82555817,180013598,2,0,0,6144,18,4600585183
18761,97459251,82272234,179731485,3,0,0,19968,5,6662354503
18762,97477470,82214261,179691731,0,0,0,20480,14,7431136969
18763,97478490,92793425,190271915,3,0,1,1024,5,9415096148
18764,97487771,83595496,181083267,2,0,0,38912,18,6153497348
18765,97496721,82188747,179685468,6,0,0,5632,6,4618205869
18766,97511871,82436441,179948312,3,0,0,80384,5,2237787850
18767,97514940,82761447,180276387,7,0,0,512,13,2201628987
18768,97520691,92751570,190272261,0,0,1,512,14,4767215242
18769,97532461,92740466,190272927,0,0,1,1024,14,10397085194
18770,97534470,82076506,179610976,7,0,0,512,13,7063740841
18771,97540351,82383446,179923797,2,0,0,55808,18,7646596784
18772,97551840,82182217,179734057,7,0,0,512,13,8645128593
18773,97561111,92716642,190277753,0,0,1,7680,14,4131129341
18774,97567231,92717333,190284564,0,0,1,1024,14,4735303020
18775,97570990,82206942,179777932,0,0,0,33792,14,8149440660
18776,97574170,82481777,180055947,1,0,0,75776,8,10283952154
18777,97577780,83937579,181515359,1,0,0,160768,8,4690383166
18778,97586701,92746006,190332707,0,0,1,15360,14,7166248441
18779,97592990,82392681,179985671,7,0,0,512,13,3667182094
18780,97610071,92862200,190472271,0,0,1,4096,14,8301280080
18781,97613300,82358535,179971835,0,0,0,512,14,4670971417
18782,97615460,82554421,180169881,5,0,0,60416,0,182246905
18783,97616791,92855826,190472617,0,0,1,512,14,4745071955
18784,97622150,82363342,179985492,0,0,0,512,14,494326089
18785,97637580,82347733,179985313,1,0,0,14848,8,1177800886
18786,97641220,82330436,179971656,0,0,0,512,14,929402631
18787,97643050,82352423,179995473,7,0,0,2048,13,1806182310
18788,97648261,82301010,179949271,3,0,0,3072,5,6565407888
18789,97677011,82303755,179980766,3,0,0,29184,5,5376783500
18790,97695791,92776980,190472771,0,0,1,8704,14,2964741069
18791,97705480,82407907,180113387,0,0,0,512,14,9086591248
18792,97708131,92765626,190473757,0,0,1,1536,14,5434197893
18793,97716761,82552024,180268785,3,0,0,57344,5,1404072162
18794,97717021,92758682,190475703,0,0,1,3072,14,5916683641
18795,97724760,82385555,180110315,7,0,0,512,13,1469083650
18796,97732131,92745518,190477649,0,0,1,3072,14,1779952663
18797,97733431,92746484,190479915,0,0,1,3584,14,10283375422
18798,97733591,82476497,180210088,3,0,0,14848,5,937281878
18799,97749710,82719722,180469432,7,0,0,512,13,7419815735
18800,97779531,82469656,180249187,2,0,0,23552,18,1953510041
18801,97794871,82592192,180387063,2,0,0,13824,18,9781898190
18802,97794931,82862908,180657839,2,0,0,19456,18,2404160573
18803,97796810,82650875,180447685,1,0,0,21504,8,8198698447
18804,97797311,82525175,180322486,2,0,0,25088,18,6497593836
18805,97801360,92774440,190575800,1,0,1,3072,8,2949370724
18806,97808050,82518515,180326565,1,0,0,13312,8,4929273507
18807,97812351,82589652,180402003,3,0,0,22528,5,7201115093
18808,97817040,82809488,180626528,0,0,0,1536,14,4465869521
18809,97817580,92758243,190575823,5,0,1,512,0,9555704839
18810,97819701,82557534,180377235,2,0,0,1024,18,8257128027
18811,97843851,82737659,180581510,2,0,0,110080,18,8323502205
18812,97844510,82603354,180447864,7,0,0,512,13,3337004286
18813,97856971,82603778,180460749,3,0,0,8704,5,3426468724
18814,97882080,82705716,180587796,1,0,0,20480,8,6281375067
18815,97887951,83771114,181659065,3,0,0,122368,5,3411322966
18816,97890581,82954846,180845427,2,0,0,145920,18,971331156
18817,97892870,83050842,180943712,0,0,0,512,14,1199216437
18818,97934111,82485910,180420021,2,0,0,3072,18,595724943
18819,97934400,82729382,180663782,1,0,0,11776,8,3097881008
18820,97944431,92631415,190575846,4,0,1,3584,5,818443307
18821,97946680,82923899,180870579,7,0,0,512,13,8342388508
18822,97948601,92627268,190575869,4,0,1,2048,5,5989512172
18823,97968670,83746996,181715666,1,0,0,99840,8,1105934390
18824,97979070,82696791,180675861,7,0,0,512,13,9877680648
18825,98012001,83253661,181265662,3,0,0,166400,5,10576791363
18826,98016591,83333354,181349945,2,0,0,7168,18,7802993211
18827,98021240,82566735,180587975,0,0,0,512,14,1086883106
18828,98026241,82730400,180756641,3,0,0,1536,5,9535501041
18829,98027900,92604870,190632770,5,0,1,13312,0,6716848830
18830,98029831,82673562,180703393,2,0,0,7168,18,10084394400
18831,98039880,82691468,180731348,1,0,0,512,8,3107599555
18832,98046530,82654633,180701163,1,0,0,16384,8,8638710036
18833,98062390,82620083,180682473,7,0,0,2048,13,4723268881
18834,98066500,92566472,190632972,5,0,1,5632,0,4703911427
18835,98067660,92572262,190639922,5,0,1,2560,0,6582273495
18836,98074950,92573106,190648056,5,0,1,15872,0,2014375233
18837,98075301,92592160,190667461,4,0,1,13312,5,1020647079
18838,98123471,82836781,180960252,3,0,0,3072,5,4501581671
18839,98130431,92538336,190668767,4,0,1,2048,5,1624891790
18840,98133661,83296198,181429859,2,0,0,41472,18,6138696270
18841,98140851,82812837,180953688,2,0,0,11776,18,9453773916
18842,98152871,82695433,180848304,3,0,0,1536,5,248525989
18843,98153180,92523930,190677110,5,0,1,512,0,9809116414
18844,98165080,92513976,190679056,5,0,1,3072,0,9652231511
18845,98182520,83438903,181621423,1,0,0,100352,8,4522061107
18846,98202631,82811521,181014152,2,0,0,26112,18,1957747095
18847,98203780,82595482,180799262,0,0,0,512,14,1665749508
18848,98210291,92470711,190681002,4,0,1,3072,5,9919253035
18849,98231590,82783076,181014666,0,0,0,1536,14,1349448393
18850,98235500,82911348,181146848,1,0,0,79872,8,216659434
18851,98240620,92443928,190684548,5,0,1,5632,0,6583719172
18852,98243770,82934208,181177978,1,0,0,39936,8,2135357238
18853,98250670,92434864,190685534,8,0,1,1536,13,3895763721
18854,98255050,83467426,181722476,0,0,0,5120,14,8466498621
18855,98267281,92419559,190686840,4,0,1,2048,5,4243090735
18856,98279330,92490777,190770107,8,0,1,6656,13,8495416240
18857,98284311,92502690,190787001,4,0,1,23552,5,5583632903
18858,98288321,82986123,181274444,2,0,0,27136,18,5052542062
18859,98302760,92527716,190830476,8,0,1,7680,13,3187460387
18860,98311170,83103293,181414463,1,0,0,66560,8,10315891402
18861,98320200,82781638,181101838,1,0,0,16896,8,3081142181
18862,98328380,92532016,190860396,8,0,1,4608,13,4586097075
18863,98339120,92521299,190860419,8,0,1,3072,13,6930805605
18864,98340580,92519862,190860442,5,0,1,1024,0,138073411
18865,98341330,82924823,181266153,0,0,0,1536,14,8503575286
18866,98349901,82994025,181343926,3,0,0,512,5,3989529232
18867,98369290,82974907,181344197,0,0,0,512,14,4687293093
18868,98384670,92475795,190860465,5,0,1,512,0,6836331528
18869,98386590,92473898,190860488,8,0,1,2560,13,3286497972
18870,98386820,82960676,181347496,1,0,0,10752,8,1676689068
18871,98391811,92487295,190879106,4,0,1,9216,5,8609681392
18872,98396650,92482479,190879129,3,0,1,512,5,8392571541
18873,98403170,92679190,191082360,2,0,1,158208,18,9402763041
18874,98406341,92680121,191086462,4,0,1,5120,5,4186833964
18875,98415140,92679808,191094948,3,0,1,15360,5,3739457799
18876,98415500,92750914,191166414,2,0,1,46592,18,4426383531
18877,98422050,92747910,191169960,9,0,1,5632,10,3672898435
18878,98425361,92751832,191177193,4,0,1,8704,5,6929642176
18879,98428391,82923350,181351741,3,0,0,512,5,2326875788
18880,98429910,92765776,191195686,1,0,1,7168,8,4735385535
18881,98449951,83409990,181859941,2,0,0,56320,18,3105083978
18882,98451000,92744902,191195902,5,0,1,1024,0,6872422592
18883,98453400,92771826,191225226,5,0,1,11776,0,3786778351
18884,98463201,83207626,181670827,2,0,0,37376,18,8840023751
18885,98466631,83435112,181901743,2,0,0,20992,18,4368353868
18886,98472211,83187205,181659416,3,0,0,1024,5,6912410947
18887,98475710,83591598,182067308,1,0,0,122368,8,2723532911
18888,98480141,83045537,181525678,2,0,0,33792,18,9210543737
18889,98481190,92744059,191225249,5,0,1,1024,0,4135993704
18890,98491250,92734022,191225272,5,0,1,512,0,9448566364
18891,98498920,92726375,191225295,3,0,1,512,5,1094798275
18892,98499281,83271918,181771199,3,0,0,1024,5,3212374980
18893,98502141,83119617,181621758,2,0,0,1024,18,2126222121
18894,98513820,92711498,191225318,3,0,1,4608,5,3144729818
18895,98515821,83209994,181725815,3,0,0,512,5,5983822842
18896,98522271,92703070,191225341,4,0,1,4096,5,2826141629
18897,98526761,83753018,182279779,3,0,0,1024,5,4389264689
18898,98528141,83539814,182067955,3,0,0,2048,5,5115475804
18899,98530280,92695084,191225364,3,0,1,2560,5,6213656023
18900,98530911,83437583,181968494,2,0,0,20992,18,8986677536
18901,98533181,83328187,181861368,2,0,0,4608,18,7952253607
18902,98539361,83212308,181751669,2,0,0,3584,18,1967963645
18903,98546140,92679247,191225387,3,0,1,5632,5,8751040900
18904,98559050,92685216,191244266,3,0,1,7168,5,7135396536
18905,98561470,92689870,191251340,5,0,1,9216,0,1743691578
18906,98563851,92687512,191251363,4,0,1,512,5,10624107739
18907,98567821,92683565,191251386,4,0,1,512,5,7123118592
18908,98582830,83334101,181916931,0,0,0,512,14,7460279155
18909,98587251,83480913,182068164,3,0,0,512,5,7032261443
18910,98590131,92661595,191251726,4,0,1,12800,5,2726492536
18911,98591700,92699233,191290933,3,0,1,10240,5,2378599951
18912,98592580,83590388,182182968,0,0,0,1024,14,7806956733
18913,98608421,83285725,181894146,3,0,0,1024,5,1318088858
18914,98614051,83302701,181916752,2,0,0,17920,18,5860635030
18915,98621330,83245145,181866475,0,0,0,1024,14,1013092179
18916,98666460,92624594,191291054,3,0,1,512,5,6342982557
18917,98670960,83220209,181891169,0,0,0,1024,14,5807371898
18918,98674611,83643052,182317663,3,0,0,512,5,3716276279
18919,98684621,83440699,182125320,2,0,0,36864,18,2910360085
18920,98699040,92600386,191299426,1,0,1,13312,8,1543574835
18921,98703570,92597482,191301052,3,0,1,2560,5,9514661965
18922,98711660,92589738,191301398,3,0,1,512,5,5146739218
18923,98721831,83298374,182020205,3,0,0,1024,5,9569819868
18924,98724710,83652702,182377412,1,0,0,17408,8,3276764446
18925,98745700,83436933,182182633,1,0,0,53248,8,10258743969
18926,98758780,83537559,182296339,0,0,0,512,14,1395650702
18927,98784281,83200020,181984301,3,0,0,1024,5,8568753161
18928,98814050,83197585,182011635,0,0,0,1536,14,3330550373
18929,98820071,83550564,182370635,3,0,0,512,5,3978241484
18930,98835001,83159062,181994063,2,0,0,2048,18,5739199213
18931,98843610,92460374,191303984,3,0,1,4096,5,4364846506
18932,98850411,83348075,182198486,3,0,0,512,5,6454159193
18933,98851271,83341308,182192579,3,0,0,1024,5,6363967712
18934,98851910,83697257,182549167,1,0,0,147968,8,9902599064
18935,98878641,83400803,182279444,2,0,0,93696,18,10077582662
18936,98880360,83404301,182284661,1,0,0,14336,8,2550971560
18937,98885270,92425280,191310550,3,0,1,1024,5,9032514577
18938,98886570,83707860,182594430,1,0,0,37376,8,3057919440
18939,98898130,92416606,191314736,3,0,1,6656,5,1429999972
18940,98902891,83538216,182441107,2,0,0,3584,18,3067192791
18941,98908740,83371530,182280270,0,0,0,1536,14,7756423419
18942,98918821,83689227,182608048,2,0,0,44032,18,4824225677
18943,98923640,92437670,191361310,3,0,1,7680,5,1171692584
18944,98926230,83369930,182296160,1,0,0,22528,8,398439751
18945,98946950,92538267,191485217,6,0,1,8192,6,571760929
18946,98953960,83416496,182370456,1,0,0,46080,8,2002731896
18947,98968410,92638659,191607069,3,0,1,1536,5,1903115307
18948,98970521,83439030,182409551,2,0,0,5120,18,923211501
18949,98971800,92635615,191607415,3,0,1,512,5,5663732165
18950,99003900,92604821,191608721,3,0,1,2048,5,5789745190
18951,99011050,92599297,191610347,3,0,1,2560,5,9703882677
18952,99020270,92635484,191655754,3,0,1,29696,5,3704023790
18953,99052280,83357450,182409730,0,0,0,512,14,5682114777
18954,99066490,83285858,182352348,1,0,0,6144,8,1555270039
18955,99074180,92595637,191669817,3,0,1,5632,5,7162045606
18956,99077800,83337569,182415369,1,0,0,18432,8,1999106614
18957,99093090,83464368,182557458,1,0,0,27136,8,575922023
18958,99094750,83339708,182434458,1,0,0,28160,8,359969325
18959,99097640,92573163,191670803,1,0,1,1536,8,5413477506
18960,99110951,83295716,182406667,2,0,0,23040,18,8859365339
18961,99115060,83256378,182371438,1,0,0,2560,8,7990462329
18962,99120781,83700270,182821051,3,0,0,1024,5,8472877251
18963,99121000,83251085,182372085,0,0,0,2048,14,8526218059
18964,99123021,83336122,182459143,2,0,0,13824,18,3045216350
18965,99138251,83432994,182571245,2,0,0,12288,18,2218668676
18966,99163520,83586321,182749841,1,0,0,22528,8,7971396571
18967,99169450,83396882,182566332,1,0,0,28672,8,1983124147
18968,99177321,92495108,191672429,0,0,1,2560,14,4966363302
18969,99187360,83276194,182463554,0,0,0,1536,14,4400475114
18970,99189150,92484265,191673415,1,0,1,1536,8,7286539468
18971,99190980,92485341,191676321,1,0,1,4608,8,10114719233
18972,99202901,83722180,182925081,2,0,0,66048,18,9343614241
18973,99208391,92564962,191773353,0,0,1,10240,14,8925024362
18974,99216591,83503601,182720192,2,0,0,62976,18,9366803800
18975,99218441,83360129,182578570,3,0,0,1536,5,307730553
18976,99221711,92557386,191779097,0,0,1,6144,14,7909613093
18977,99242641,92549975,191792616,0,0,1,512,14,2378192520
18978,99243800,83208039,182451839,0,0,0,512,14,1821062117
18979,99245390,92552372,191797762,3,0,1,8192,5,4541600249
18980,99256360,83315754,182572114,0,0,0,512,14,3122235506
18981,99263311,83303824,182567135,3,0,0,2560,5,7663820045
18982,99264821,92534247,191799068,0,0,1,2048,14,5266934230
18983,99266641,92533413,191800054,0,0,1,1536,14,2484519544
18984,99272291,92528429,191800720,0,0,1,1024,14,1908664304
18985,99273341,92546446,191819787,0,0,1,3584,14,2971198799
18986,99277260,83290210,182567470,0,0,0,1024,14,1476382789
18987,99278680,92593606,191872286,3,0,1,2048,5,1827574804
18988,99286490,92585819,191872309,1,0,1,5632,8,7760208044
18989,99292060,83336437,182628497,1,0,0,2560,8,667789114
18990,99292190,83450109,182742299,1,0,0,57344,8,1660116782
18991,99293870,92578462,191872332,3,0,1,3072,5,3106282068
18992,99307131,92565232,191872363,0,0,1,5632,14,8738621825
18993,99317571,92554823,191872394,0,0,1,512,14,3416835148
18994,99324510,83284193,182608703,0,0,0,2048,14,2142370037
18995,99331450,83263159,182594609,1,0,0,512,8,344719132
18996,99335871,92536546,191872417,0,0,1,2048,14,3734444650
18997,99352480,83709338,183061818,1,0,0,78848,8,6911476665
18998,99358830,92538779,191897609,3,0,1,13312,5,6512259524
18999,99372140,92526775,191898915,1,0,1,2048,8,2174415665
19000,99381751,83648775,183030526,2,0,0,58368,18,7300791621
19001,99387830,92513991,191901821,3,0,1,4608,5,8342837579
19002,99390121,83352825,182742946,3,0,0,2048,5,2774836582
19003,99392211,83473106,182865317,2,0,0,46592,18,437411575
19004,99392810,83714726,183107536,1,0,0,52224,8,1484795104
19005,99394900,92507177,191902077,3,0,1,9216,5,3057563030
19006,99402470,83988502,183390972,0,0,0,2048,14,2950551106
19007,99416340,83620293,183036633,9,0,0,19968,10,5867607247
19008,99424500,83325988,182750488,0,0,0,2048,14,5439505023
19009,99428470,83584249,183012719,1,0,0,46592,8,5761512750
19010,99433090,92494438,191927528,1,0,1,6656,8,6764659836
19011,99447220,92534085,191981305,3,0,1,2560,5,10390652555
19012,99470571,83566865,183037436,2,0,0,2560,18,6772995739
19013,99474401,83304654,182779055,3,0,0,1536,5,1219298364
19014,99475150,92549471,192024621,1,0,1,5120,8,9356825765
19015,99482480,92561646,192044126,3,0,1,2560,5,5062768616
19016,99495291,83688184,183183475,3,0,0,2048,5,9340291722
19017,99497720,83540051,183037771,0,0,0,1024,14,5345326976
19018,99501050,83456496,182957546,0,0,0,512,14,9378416816
19019,99502100,92556838,192058938,3,0,1,1536,5,4992431645
19020,99510451,83730207,183240658,2,0,0,99840,18,7919144931
19021,99510490,92548794,192059284,6,0,1,512,6,6720627289
19022,99513831,92551047,192064878,0,0,1,18432,14,2733384529
19023,99515240,92549792,192065032,3,0,1,8704,5,7534042053
19024,99531740,92533958,192065698,5,0,1,1024,0,7684592132
19025,99537450,92529554,192067004,1,0,1,2048,8,17915842
19026,99539560,92532891,192072451,5,0,1,15872,0,5079379284
19027,99540691,83615760,183156451,3,0,0,4096,5,6844494842
19028,99541571,92596719,192138290,0,0,1,15360,14,10478446730
19029,99546000,83541584,183087584,9,0,0,7168,10,897986001
19030,99560000,92578305,192138305,5,0,1,2048,0,7350762525
19031,99568860,92569460,192138320,3,0,1,2560,5,5573905676
19032,99569900,92568435,192138335,5,0,1,6656,0,4435651834
19033,99569920,83405548,182975468,9,0,0,16896,10,6034772722
19034,99570120,83671029,183241149,0,0,0,1536,14,2922215237
19035,99579870,92558480,192138350,1,0,1,1024,8,1617742622
19036,99582680,92555685,192138365,1,0,1,11264,8,7675138181
19037,99595711,92563011,192158722,0,0,1,4608,14,4182198654
19038,99602491,92556885,192159376,0,0,1,18944,14,8366098507
19039,99604651,83457346,183061997,3,0,0,512,5,5459097575
19040,99610340,83891734,183502074,9,0,0,37888,10,6906454019
19041,99611630,92547830,192159460,5,0,1,5632,0,5663601394
19042,99623790,92556339,192180129,1,0,1,1024,8,2664607950
19043,99625041,92557397,192182438,0,0,1,17408,14,1672141044
19044,99625961,83638892,183264853,2,0,0,10752,18,7389094478
19045,99630151,83741411,183371562,2,0,0,30208,18,7361216820
19046,99641791,83617395,183259186,2,0,0,51712,18,7888707352
19047,99669140,83756910,183426050,1,0,0,60416,8,1902538920
19048,99680460,83430687,183111147,9,0,0,11776,10,7477582450
19049,99681480,92506730,192188210,1,0,1,5120,8,752487255
19050,99691731,83550244,183241975,3,0,0,1024,5,7580234858
19051,99692150,83765914,183458064,9,0,0,60928,10,2423374611
19052,99729641,83642100,183371741,3,0,0,512,5,7266966948
19053,99731360,83510280,183241640,0,0,0,1536,14,3020938359
19054,99743980,83601960,183345940,1,0,0,27648,8,162456244
19055,99748300,83718764,183467064,9,0,0,7680,10,6676181161
19056,99758241,92430328,192188569,0,0,1,9728,14,2256952478
19057,99765091,83494632,183259723,3,0,0,1536,5,1399579009
19058,99777990,83521442,183299432,1,0,0,6144,8,9115147526
19059,99780320,83509456,183289776,0,0,0,512,14,8264823645
19060,99787771,92410948,192198719,0,0,1,9728,14,9123392401
19061,99788221,83670022,183458243,3,0,0,512,5,4324284169
19062,99800251,83667304,183467555,3,0,0,1536,5,6203936582
19063,99807991,83787224,183595215,3,0,0,2560,5,5707065429
19064,99808650,92404881,192213531,8,0,1,1536,13,10148182549
19065,99809761,83799638,183609399,3,0,0,13824,5,3887079512
19066,99814581,92413059,192227640,0,0,1,1536,14,1928975866
19067,99832560,83759499,183592059,9,0,0,17408,10,4732991310
19068,99833900,92395366,192229266,3,0,1,2560,5,3457889557
19069,99834080,83800204,183634284,9,0,0,14848,10,8265023901
19070,99838761,83595135,183433896,3,0,0,25600,5,3956754649
19071,99845260,83682783,183528043,0,0,0,512,14,4381451458
19072,99859390,83775073,183634463,0,0,0,512,14,6074116532
19073,99862040,92369492,192231532,6,0,1,3584,6,10656690851
19074,99862460,83651477,183513937,1,0,0,3584,8,151957757
19075,99865730,92382277,192248007,6,0,1,3072,6,7960664837
19076,99869191,92402036,192271227,0,0,1,5120,14,1711616587
19077,99871981,83696250,183568231,3,0,0,18432,5,5920369791
19078,99885300,83675286,183560586,1,0,0,68608,8,5301390382
19079,99886890,83753524,183640414,9,0,0,19456,10,3225079977
19080,99890360,83811363,183701723,1,0,0,5120,8,8430495656
19081,99893441,92383423,192276864,0,0,1,1024,14,10027877924
19082,99899830,92377700,192277530,1,0,1,1024,8,2574660
19083,99922830,92386359,192309189,6,0,1,9728,6,10616725492
19084,99925180,92384024,192309204,6,0,1,3072,6,5012857978
19085,99930891,92378328,192309219,0,0,1,8192,14,7237449696
19086,99932260,83752699,183684959,0,0,0,512,14,8323617445
19087,99932630,92376604,192309234,5,0,1,13824,0,3555388018
19088,99936891,83781853,183718744,3,0,0,24576,5,4264576627
19089,99950730,83759627,183710357,9,0,0,1024,10,8062943465
19090,99959900,83703837,183663737,0,0,0,2560,14,7050964922
19091,99967760,83631232,183598992,0,0,0,512,14,6704248437
19092,99971770,84109744,184081514,0,0,0,512,14,181667405
19093,99972720,92345042,192317762,6,0,1,1024,6,3321477310
19094,99973110,83721853,183694963,0,0,0,1024,14,2848733211
19095,99975731,83826765,183802496,3,0,0,43008,5,5278146051
19096,99979120,84259445,184238565,9,0,0,198144,10,2090061240
19097,99983390,83786175,183769565,0,0,0,512,14,6777355077
19098,99987421,92331967,192319388,0,0,1,2560,14,6140649458
19099,99997460,84036018,184033478,9,0,0,9216,10,8905130037
19100,100003041,83826576,183829617,3,0,0,17408,5,5546797739
19101,100007530,83895300,183902830,0,0,0,1024,14,4551724950
19102,100023200,92297494,192320694,1,0,1,2048,8,7080836538
19103,100029381,92291979,192321360,0,0,1,1024,14,2260242803
19104,100034650,92288656,192323306,1,0,1,3072,8,6879402087
19105,100039631,92286581,192326212,0,0,1,4608,14,5170797213
19106,100051721,92277624,192329345,0,0,1,4608,14,9605800103
19107,100058090,92277406,192335496,1,0,1,7680,8,3144784572
19108,100062290,84261702,184323992,1,0,0,127488,8,1014124851
19109,100071211,92264631,192335842,0,0,1,512,14,10604886804
19110,100081920,84161215,184243135,1,0,0,14848,8,10469796931
19111,100084491,83977783,184062274,3,0,0,43008,5,6845920727
19112,100110501,92225700,192336201,0,0,1,9728,14,9410316072
19113,100121830,92220567,192342397,9,0,1,4096,10,10012581653
19114,100133911,83869116,184003027,3,0,0,35328,5,5510171446
19115,100146201,92196211,192342412,0,0,1,1024,14,7233374604
19116,100152020,83654292,183806312,1,0,0,5120,8,299115019
19117,100162131,92182668,192344799,0,0,1,4096,14,178621769
19118,100163060,83840770,184003830,1,0,0,2560,8,822596416
19119,100166500,83816925,183983425,9,0,0,88064,10,6075187103
19120,100175221,92174340,192349561,0,0,1,16384,14,5999964207
19121,100176270,84084539,184260809,0,0,0,512,14,8294541544
19122,100176831,92183948,192360779,0,0,1,1024,14,7592772400
19123,100185710,84074920,184260630,1,0,0,57344,8,7020752266
19124,100194220,92166815,192361035,1,0,1,9216,8,7006071683
19125,100196841,92173009,192369850,0,0,1,2048,14,8583629320
19126,100200910,83908649,184109559,1,0,0,12800,8,9832436987
19127,100214521,92155675,192370196,0,0,1,512,14,10210737043
19128,100215430,92236478,192451908,9,0,1,25088,10,2118153731
19129,100216081,84204552,184420633,3,0,0,63488,5,8230847670
19130,100216161,92250909,192467070,0,0,1,8192,14,5096032185
19131,100220860,83848795,184069655,9,0,0,10752,10,2158827148
19132,100228250,83916898,184145148,1,0,0,9216,8,5764046690
19133,100230241,84202881,184433122,3,0,0,14848,5,3619419159
19134,100247080,84551204,184798284,1,0,0,26112,8,4629257293
19135,100251040,92216045,192467085,9,0,1,1536,10,5433290468
19136,100267681,84056802,184324483,3,0,0,1536,5,2596546497
19137,100278801,92188299,192467100,0,0,1,5120,14,6409751225
19138,100295340,92171775,192467115,9,0,1,1536,10,5343133150
19139,100295581,92171549,192467130,0,0,1,512,14,7730958724
19140,100299441,84209188,184508629,3,0,0,190976,5,3379649301
19141,100310990,92156155,192467145,1,0,1,4608,8,5348149771
19142,100312261,92154899,192467160,0,0,1,9728,14,2756709322
19143,100318370,84125633,184444003,1,0,0,23552,8,1177445816
19144,100330201,92148638,192478839,0,0,1,3072,14,9487047479
19145,100331160,92148345,192479505,9,0,1,11264,10,6100926894
19146,100331890,84040885,184372775,1,0,0,23552,8,87983974
19147,100333040,92153004,192486044,3,0,1,6144,5,6401504457
19148,100339840,92148470,192488310,9,0,1,3584,10,4189332194
19149,100344381,92144595,192488976,0,0,1,1024,14,7469157012
19150,100351611,92138351,192489962,0,0,1,1536,14,2871322950
19151,100360980,84159216,184520196,1,0,0,37888,8,3986158677
19152,100362521,92127902,192490423,0,0,1,10240,14,9956592999
19153,100367300,92126989,192494289,9,0,1,6144,10,3662246669
19154,100372490,84198544,184571034,1,0,0,65024,8,648332575
19155,100385061,84276066,184661127,3,0,0,34816,5,7511254535
19156,100389850,92104785,192494635,9,0,1,512,10,4244157346
19157,100395000,92099981,192494981,9,0,1,512,10,2218838248
19158,100397721,92098822,192496543,0,0,1,11264,14,2313474427
19159,100410050,84228182,184638232,9,0,0,87040,10,6302635629
19160,100411381,84262019,184673400,3,0,0,6656,5,492910656
19161,100430671,84337953,184768624,3,0,0,3584,5,10652533908
19162,100449100,84424733,184873833,1,0,0,15360,8,2866401094
19163,100457580,92039309,192496889,9,0,1,512,10,5555728190
19164,100466970,84227464,184694434,9,0,0,43520,10,1329242201
19165,100473120,92024755,192497875,5,0,1,1536,0,336497699
19166,100485811,84154183,184639994,3,0,0,5632,5,1208304333
19167,100500391,91998150,192498541,0,0,1,1024,14,169426474
19168,100504231,91996256,192500487,0,0,1,3072,14,5319389234
19169,100515620,91988733,192504353,5,0,1,6144,0,6776125218
19170,100529921,84230692,184760613,3,0,0,15872,5,1685222240
19171,100535590,91984156,192519746,9,0,1,4096,10,845668475
19172,100570091,84284999,184855090,3,0,0,59392,5,5348198976
19173,100584530,84284600,184869130,1,0,0,39936,8,8663340945
19174,100595620,91925752,192521372,9,0,1,2560,10,9105917185
19175,100596830,84341503,184938333,1,0,0,35840,8,527917542
19176,100602550,91919808,192522358,5,0,1,1536,0,6140939734
19177,100605060,84487911,185092971,9,0,0,38912,10,6009688411
19178,100606381,84165818,184772199,3,0,0,10752,5,9971071444
19179,100613731,84313651,184927382,3,0,0,40448,5,8144251588
19180,100627250,91895774,192523024,9,0,1,1024,10,7754726165
19181,100630571,84284464,184915035,3,0,0,72192,5,2080434618
19182,100630980,84473737,185104717,1,0,0,37888,8,5499194485
19183,100639651,84159436,184799087,3,0,0,2560,5,2900860909
19184,100652360,91872610,192524970,5,0,1,3072,0,1445437796
19185,100653170,84535361,185188531,1,0,0,89600,8,1297461407
19186,100669960,91857187,192527147,5,0,1,512,0,6982195797
19187,100673880,91853933,192527813,9,0,1,1024,10,9787157952
19188,100685670,91845583,192531253,5,0,1,8704,0,8533549553
19189,100688160,91855648,192543808,9,0,1,4096,10,1650190716
19190,100688240,84437249,185125489,9,0,0,50176,10,5849081469
19191,100689910,91854244,192544154,5,0,1,512,0,9536659964
19192,100692330,84413190,185105520,9,0,0,2560,10,2598073506
19193,100696551,84527230,185223781,3,0,0,32768,5,962681740
19194,100697251,84332525,185029776,3,0,0,23552,5,7931530903
19195,100706980,91858847,192565827,9,0,1,26624,10,9653475385
19196,100717950,91925604,192643554,9,0,1,60928,10,8047036980
19197,100756420,84734618,185491038,9,0,0,67072,10,7270103941
19198,100767430,84213433,184980863,8,0,0,1024,13,5897092088
19199,100767541,84276059,185043600,3,0,0,12800,5,6852073736
19200,100771430,91876310,192647740,8,0,1,6656,13,7409984376
19201,100783330,84406004,185189334,8,0,0,2560,13,7190903505
19202,100795200,91856574,192651774,8,0,1,512,13,7077108494
19203,100800160,91879215,192679375,8,0,1,28160,13,3273160347
19204,100803130,84474133,185277263,9,0,0,18944,10,1646281282
19205,100819790,84626869,185446659,9,0,0,77824,10,9825065765
19206,100839150,84402991,185242141,8,0,0,2048,13,5086980877
19207,100854931,84238219,185093150,3,0,0,512,5,10547049533
19208,100872700,84398768,185271468,1,0,0,58368,8,4435097682
19209,100875740,91804749,192680489,8,0,1,2560,13,1473546728
19210,100876591,84357064,185233655,3,0,0,32256,5,8240768009
19211,100893580,84296401,185189981,8,0,0,2048,13,29337918
19212,100902541,84735299,185637840,3,0,0,149504,5,956583954
19213,100902861,84234412,185137273,3,0,0,8192,5,4899430278
19214,100906880,84300124,185207004,8,0,0,512,13,8736914529
19215,100915120,84326374,185241494,1,0,0,25600,8,10256553944
19216,100953370,84740697,185694067,9,0,0,34304,10,4572876422
19217,100993601,84133315,185126916,3,0,0,4608,5,4841895145
19218,100999570,84343423,185342993,9,0,0,16384,10,9404896203
19219,101023620,91659455,192683075,1,0,1,4096,8,1741078929
19220,101032390,91654871,192687261,1,0,1,6656,8,4080335723
19221,101033470,84703119,185736589,1,0,0,21504,8,7195358892
19222,101048790,84444798,185493588,8,0,0,512,13,6731575951
19223,101051760,84524986,185576746,8,0,0,1024,13,5115685524
19224,101052361,84370563,185422924,3,0,0,80384,5,1335759486
19225,101055040,84192379,185247419,9,0,0,16384,10,1104894379
19226,101058101,84477773,185535874,3,0,0,51712,5,3532048360
19227,101059021,84274774,185333795,3,0,0,22016,5,7910370604
19228,101079790,84226400,185306190,1,0,0,17408,8,3508080239
19229,101086180,84407221,185493401,1,0,0,7680,8,7661203852
19230,101103080,84274693,185377773,9,0,0,6144,10,3203083032
19231,101104780,84547614,185652394,1,0,0,47616,8,466080804
19232,101107650,84873001,185980651,1,0,0,8704,8,7460855469
19233,101108930,84444434,185553364,8,0,0,1024,13,7023446425
19234,101110650,84402788,185513438,1,0,0,17408,8,4870733097
19235,101110940,91576987,192687927,1,0,1,1024,8,3769333287
19236,101121570,91567023,192688593,1,0,1,1024,8,6485219714
19237,101121791,84561755,185683546,3,0,0,29696,5,7802171085
19238,101125450,91563489,192688939,1,0,1,512,8,2640097076
19239,101145390,84324947,185470337,8,0,0,3584,13,6081846740
19240,101155820,84296977,185452797,9,0,0,19968,10,2603222687
19241,101157171,84655090,185812261,3,0,0,108544,5,3140628871
19242,101167850,84543348,185711198,8,0,0,2048,13,4986972753
19243,101178230,91513628,192691858,1,0,1,15872,8,7095687780
19244,101180270,91513534,192693804,1,0,1,3072,8,8616108692
19245,101181070,91513093,192694163,1,0,1,9728,8,6814877532
19246,101188580,84354891,185543471,8,0,0,512,13,8555031254
19247,101198100,84476352,185674452,1,0,0,60928,8,4921218896
19248,101199890,91503272,192703162,1,0,1,11776,8,7465728842
19249,101206440,91499948,192706388,1,0,1,5120,8,6155764427
19250,101216890,84654748,185871638,1,0,0,11264,8,8385046832
19251,101216910,84851161,186068071,8,0,0,49664,13,6126494448
19252,101218741,91488313,192707054,0,0,1,1024,14,9941148497
19253,101219311,91488089,192707400,0,0,1,512,14,3401322577
19254,101220360,84488132,185708492,1,0,0,18944,8,3659868920
19255,101231350,84813655,186045005,9,0,0,2560,10,2617787565
19256,101233850,84421999,185655849,1,0,0,11264,8,4356696661
19257,101243991,91471687,192715678,0,0,1,24064,14,5735793287
19258,101251481,91479681,192731162,0,0,1,1024,14,5343588701
19259,101257470,91474998,192732468,1,0,1,2048,8,6364536296
19260,101259550,91475184,192734734,1,0,1,3584,8,6147758300
19261,101261380,84612567,185873947,1,0,0,4608,8,3551216888
19262,101263301,91474019,192737320,0,0,1,4096,14,4647406506
19263,101271910,91468316,192740226,1,0,1,4608,8,10685853979
19264,101283890,84634328,185918218,9,0,0,54784,10,8910335125
19265,101284031,91457821,192741852,0,0,1,2560,14,5907543599
19266,101285011,91457507,192742518,0,0,1,1024,14,10097814315
19267,101298740,91445263,192744003,1,0,1,15360,8,3167220052
19268,101302851,84627289,185930140,3,0,0,2048,5,2682207653
19269,101305850,84796306,186102156,8,0,0,38400,13,7708328869
19270,101309720,84768982,186078702,9,0,0,34816,10,1721409605
19271,101318940,84868415,186187355,1,0,0,49664,8,5374205460
19272,101322010,84768415,186090425,8,0,0,38400,13,7461428067
19273,101324940,84385603,185710543,9,0,0,6656,10,8442414646
19274,101328680,84516203,185844883,9,0,0,77824,10,2063260400
19275,101329260,91418289,192747549,8,0,1,5632,13,3985982506
19276,101331001,91422572,192753573,0,0,1,1024,14,9433820040
19277,101341150,91415009,192756159,8,0,1,4096,13,2683911632
19278,101343590,91415649,192759239,8,0,1,2048,13,4494309048
19279,101348700,84610843,185959543,9,0,0,13312,10,7863679495
19280,101358150,84619826,185977976,1,0,0,7680,8,4838853228
19281,101368241,84641470,186009711,3,0,0,2560,5,1022006168
19282,101378620,84914618,186293238,9,0,0,86016,10,2794072503
19283,101384280,91379993,192764273,8,0,1,2048,13,8498833775
19284,101405261,91367945,192773206,0,0,1,8192,14,2381918291
19285,101405321,91371111,192776432,0,0,1,5120,14,9977119491
19286,101409910,84921938,186331848,9,0,0,7168,10,277506014
19287,101412090,84904676,186316766,9,0,0,27648,10,3872907503
19288,101414291,91377592,192791883,0,0,1,3584,14,2020745344
19289,101418890,91380507,192799397,8,0,1,1024,13,5046916969
19290,101438500,84817244,186255744,8,0,0,34816,13,5932695950
19291,101444560,84758428,186202988,1,0,0,14336,8,4981974609
19292,101447210,91352341,192799551,8,0,1,8704,13,3807125930
19293,101462190,84665807,186127997,1,0,0,78336,8,6930176174
19294,101463740,84559203,186022943,8,0,0,22016,13,9852813690
19295,101467930,84933842,186401772,1,0,0,43008,8,5167272524
19296,101484010,91315900,192799910,8,0,1,9728,13,9311897503
19297,101484081,91329374,192813455,0,0,1,4096,14,6222926685
19298,101508940,91318597,192827537,8,0,1,1024,13,4214419614
19299,101516591,91316161,192832752,0,0,1,7680,14,8427285463
19300,101521640,84745359,186266999,8,0,0,36864,13,7635948570
19301,101521800,91311618,192833418,8,0,1,1024,13,6477538209
19302,101531431,91302653,192834084,0,0,1,1024,14,1077417727
19303,101533390,91304880,192838270,8,0,1,6656,13,9923494330
19304,101540531,84836238,186376769,3,0,0,77312,5,2056144553
19305,101550671,84757602,186308273,3,0,0,48640,5,3608827739
19306,101570370,84531965,186102335,1,0,0,512,8,6503228827
19307,101580870,91260626,192841496,8,0,1,5120,13,3140333182
19308,101588291,84798017,186386308,3,0,0,31232,5,5655060863
19309,101596981,91258431,192855412,0,0,1,38400,14,7774516306
19310,101598351,91278196,192876547,0,0,1,5120,14,983510588
19311,101598980,84986141,186585121,1,0,0,82944,8,8480676826
19312,101606991,91270222,192877213,0,0,1,1024,14,3244694162
19313,101611310,91275607,192886917,5,0,1,2560,0,8471269598
19314,101614810,91273093,192887903,8,0,1,1536,13,6995536703
19315,101623370,85066997,186690367,8,0,0,49152,13,7231010530
19316,101632421,84918821,186551242,3,0,0,19968,5,7915415210
19317,101638201,85269426,186907627,3,0,0,160768,5,1912587729
19318,101641831,91249324,192891155,0,0,1,5120,14,3980469403
19319,101643890,91247931,192891821,8,0,1,1024,13,884565704
19320,101648610,91243877,192892487,5,0,1,1024,0,3171026771
19321,101650340,91242813,192893153,3,0,1,1024,5,5228271656
19322,101669810,91224987,192894797,3,0,1,10752,5,10238838666
19323,101670440,85343741,187014181,8,0,0,45568,13,374137429
19324,101672300,91224443,192896743,5,0,1,3072,0,7970316161
19325,101694060,84772650,186466710,1,0,0,22016,8,6293695624
19326,101717200,91183729,192900929,3,0,1,6656,5,8321314663
19327,101734191,91167814,192902005,0,0,1,13312,14,228317692
19328,101760661,91158015,192918676,0,0,1,4608,14,3022550337
19329,101763660,85480524,187244184,1,0,0,83456,8,7868136823
19330,101767581,91151825,192919406,0,0,1,512,14,9614024203
19331,101773150,91146602,192919752,3,0,1,512,5,3138079597
19332,101782281,85338830,187121111,3,0,0,58368,5,4630485369
19333,101794430,85140996,186935426,8,0,0,91136,13,5401257509
19334,101805080,85053296,186858376,1,0,0,45056,8,4578690548
19335,101807800,85367456,187175256,1,0,0,13824,8,6039461975
19336,101844680,91094345,192939025,9,0,1,34816,10,4622385700
19337,101868771,91071560,192940331,0,0,1,2048,14,5678331576
19338,101874380,85554930,187429310,1,0,0,55296,8,7997847427
19339,101876310,85712011,187588321,1,0,0,20992,8,104908664
19340,101890221,91082840,192973061,0,0,1,20992,14,6939659333
19341,101894920,85433643,187328563,8,0,0,101376,13,3010398201
19342,101917221,91068989,192986210,0,0,1,1024,14,347935972
19343,101921000,85037256,186958256,1,0,0,29184,8,4247343954
19344,101941550,85470889,187412439,1,0,0,59392,8,503069420
19345,101948081,85310478,187258559,3,0,0,47104,5,9649658645
19346,101949941,91038215,192988156,0,0,1,3072,14,5284565746
19347,101986341,85223414,187209755,3,0,0,9216,5,4696168822
19348,101988881,90999839,192988720,0,0,1,10752,14,5492947436
19349,102009300,84502333,186511633,8,0,0,3072,13,1580204811
19350,102021270,84651692,186672962,8,0,0,5120,13,8969910621
19351,102045151,85012107,187057258,3,0,0,2560,5,121799004
19352,102057141,90940950,192998091,0,0,1,23040,14,1813775251
19353,102066080,84895708,186961788,1,0,0,11264,8,5396697380
19354,102067591,90932446,193000037,0,0,1,3072,14,1768005939
19355,102080271,90920330,193000601,0,0,1,10752,14,8878266097
19356,102091890,85238732,187330622,8,0,0,6656,13,833001181
19357,102093381,90920838,193014219,0,0,1,512,14,553403543
19358,102103411,85067610,187171021,3,0,0,85504,5,124037197
19359,102110401,90906084,193016485,0,0,1,3584,14,5832677768
19360,102135101,90882370,193017471,0,0,1,1536,14,669071538
19361,102143700,84564770,186708470,8,0,0,10752,13,5072235113
19362,102145111,84958193,187103304,3,0,0,92160,5,8853497802
19363,102152821,90864996,193017817,0,0,1,512,14,6323647543
19364,102153331,84991538,187144869,3,0,0,76800,5,2671765860
19365,102154730,84874410,187029140,8,0,0,11264,13,8926683728
19366,102161890,90858833,193020723,1,0,1,4608,8,8575010439
19367,102189391,90834558,193023949,0,0,1,5120,14,2841490921
19368,102199000,85137885,187336885,1,0,0,20480,8,5390089101
19369,102221191,84728142,186949333,3,0,0,45568,5,4472643291
19370,102240200,90788633,193028833,9,0,1,6656,10,1412124136
19371,102250510,90789050,193039560,9,0,1,28160,10,8410136697
19372,102250720,90808016,193058736,3,0,1,14848,5,6378884799
19373,102252770,85015484,187268254,1,0,0,31744,8,1798408312
19374,102256471,90806296,193062767,0,0,1,2560,14,9762203444
19375,102299450,90790148,193089598,9,0,1,16384,10,9820926239
19376,102303831,84976778,187280609,3,0,0,40448,5,4067394362
19377,102307470,90786634,193094104,9,0,1,7168,10,2568898060
19378,102320600,84869859,187190459,1,0,0,49664,8,557586381
19379,102336971,85107981,187444952,3,0,0,11776,5,8669294320
19380,102337231,90758819,193096050,0,0,1,3072,14,973667829
19381,102356120,90749238,193105358,9,0,1,19968,10,5217862112
19382,102368891,90741814,193110705,0,0,1,8192,14,8538600014
19383,102370870,90740501,193111371,1,0,1,1024,8,3986356830
19384,102380680,90777257,193157937,9,0,1,56320,10,8568206820
19385,102385350,90791343,193176693,1,0,1,3584,8,7506000590
19386,102385660,90794259,193179919,8,0,1,5120,13,3581521260
19387,102392130,90790375,193182505,5,0,1,4096,0,5746230736
19388,102399171,90788160,193187331,0,0,1,7680,14,6392341604
19389,102403150,90790172,193193322,1,0,1,22528,8,557693426
19390,102412580,90783424,193196004,8,0,1,2048,13,8402942593
19391,102413531,84884121,187297652,3,0,0,55808,5,2188029144
19392,102422240,90778329,193200569,9,0,1,13312,10,835846442
19393,102426261,84695185,187121446,3,0,0,1024,5,4371223280
19394,102427870,84779038,187206908,1,0,0,53760,8,3434814150
19395,102434830,90768325,193203155,1,0,1,4096,8,7698599966
19396,102436480,90863727,193300207,9,0,1,86016,10,170706062
19397,102448680,90854113,193302793,9,0,1,4096,10,2907775147
19398,102463421,90851169,193314590,0,0,1,26624,14,1992574511
19399,102464920,90888779,193353699,9,0,1,33792,10,8652005732
19400,102466950,90899335,193366285,9,0,1,30208,10,172419597
19401,102467940,91112249,193580189,9,0,1,266240,10,1195826317
19402,102471750,84882441,187354191,8,0,0,7680,13,4950061682
19403,102477050,91111440,193588490,1,0,1,2560,8,4184495731
19404,102487660,91101701,193589361,9,0,1,12288,10,128386716
19405,102491190,91142904,193634094,9,0,1,36352,10,2106582605
19406,102493830,91142697,193636527,8,0,1,3072,13,2724470309
19407,102497271,84840619,187337890,3,0,0,1536,5,2734932806
19408,102503401,84833998,187337399,3,0,0,1024,5,3859830326
19409,102505401,91140643,193646044,0,0,1,2560,14,3922100934
19410,102506470,85075432,187581902,8,0,0,122368,13,10202701702
19411,102520471,91127519,193647990,0,0,1,3072,14,6606201351
19412,102523300,91126937,193650237,1,0,1,1536,8,1152079088
19413,102524140,91129963,193654103,9,0,1,6144,10,5670301032
19414,102526920,91140269,193667189,1,0,1,6144,8,4358513881
19415,102534081,91134094,193668175,0,0,1,1536,14,6500739135
19416,102549680,91124192,193673872,9,0,1,18944,10,8143414765
19417,102555310,91129606,193684916,8,0,1,8192,13,6510853445
19418,102571060,91128782,193699842,8,0,1,10240,13,8500008111
19419,102571841,84783614,187355455,3,0,0,1536,5,2766544953
19420,102580370,91120778,193701148,9,0,1,2048,10,2080708242
19421,102581890,84925436,187507326,8,0,0,17920,13,1321534602
19422,102584410,84752654,187337064,1,0,0,512,8,4060271287
19423,102585700,91118994,193704694,1,0,1,5632,8,205385045
19424,102594990,84885319,187480309,1,0,0,11776,8,9168324167
19425,102598150,91108170,193706320,8,0,1,2560,13,8553838396
19426,102609400,91097906,193707306,8,0,1,1536,13,6180086412
19427,102611790,84835525,187447315,1,0,0,7680,8,9796636992
19428,102617730,91094185,193711915,9,0,1,5120,10,5975829292
19429,102626150,91096560,193722710,9,0,1,10752,10,781719194
19430,102628770,91094926,193723696,8,0,1,1536,13,6632647564
19431,102634120,91093788,193727908,1,0,1,6656,8,3817646167
19432,102648280,84853563,187501843,8,0,0,13312,13,8861137879
19433,102662600,91065974,193728574,1,0,1,1024,8,2112347971
19434,102682161,84825367,187507528,3,0,0,512,5,1443407115
19435,102682490,84854057,187536547,1,0,0,11264,8,9863515329
19436,102682650,91046910,193729560,9,0,1,1536,10,3270740806
19437,102684830,91047316,193732146,8,0,1,4096,13,5611011663
19438,102694430,91048026,193742456,1,0,1,4608,8,3221002672
19439,102694670,91059885,193754555,8,0,1,1536,13,6472288056
19440,102696980,85013588,187710568,1,0,0,68608,8,5276642005
19441,102702020,85047387,187749407,1,0,0,11264,8,2905757919
19442,102702240,91052661,193754901,9,0,1,512,10,6600270165
19443,102703360,91052309,193755669,8,0,1,11776,13,7094714965
19444,102704881,85050994,187755875,3,0,0,2560,5,6254437124
19445,102709100,84953370,187662470,8,0,0,21504,13,2456113769
19446,102717330,85419472,188136802,8,0,0,36352,13,4941077646
19447,102717870,91039745,193757615,9,0,1,3072,10,2241743077
19448,102729310,91029052,193758362,9,0,1,9216,10,4140335872
19449,102732371,84894895,187627266,3,0,0,512,5,172217760
19450,102746130,85487421,188233551,5,0,0,64000,0,6265734533
19451,102757131,91002537,193759668,0,0,1,2048,14,6573514813
19452,102758611,85091896,187850507,3,0,0,3072,5,2130445035
19453,102758730,91002564,193761294,8,0,1,2560,13,7676344834
19454,102796340,85141634,187937974,8,0,0,14848,13,5000846920
19455,102797490,85391314,188188804,8,0,0,114176,13,4490853612
19456,102800640,90961640,193762280,9,0,1,1536,10,4932384263
19457,102801170,85567007,188368177,8,0,0,156160,13,7639870657
19458,102803330,90969477,193772807,1,0,1,512,8,8549036234
19459,102804890,90969223,193774113,9,0,1,2048,10,7759203654
19460,102807131,85256754,188063885,3,0,0,1536,5,7375134444
19461,102823680,85205834,188029514,8,0,0,32256,13,7073219622
19462,102825100,85328885,188153985,8,0,0,56320,13,6571405948
19463,102832780,90943283,193776063,9,0,1,10752,10,955788394
19464,102839741,90943520,193783261,0,0,1,7680,14,9055246304
19465,102840020,90945187,193785207,9,0,1,3072,10,8270570374
19466,102842960,90944193,193787153,9,0,1,3072,10,7768228948
19467,102850441,90952147,193802588,0,0,1,6656,14,2285458456
19468,102850920,85069699,187920619,1,0,0,9216,8,5168470406
19469,102855760,90948108,193803868,1,0,1,14336,8,4613924823
19470,102856160,84939424,187795584,1,0,0,5120,8,5706447765
19471,102891940,90925112,193817052,1,0,1,4096,8,8436122333
19472,102892230,90926128,193818358,3,0,1,2048,5,2662121235
19473,102892600,85664343,188556943,1,0,0,1024,8,7424596412
19474,102917760,85124748,188042508,8,0,0,29696,13,7106739165
19475,102925470,84973768,187899238,1,0,0,8704,8,3277422156
19476,102938120,85095317,188033437,1,0,0,12800,8,3835133663
19477,102946910,90877042,193823952,1,0,1,18432,8,6329975697
19478,102951610,90884660,193836270,9,0,1,12800,10,179532820
19479,102957080,90882115,193839195,1,0,1,1536,8,8354159338
19480,102962410,90894385,193856795,1,0,1,5120,8,1345430226
19481,102984560,85224734,188209294,8,0,0,66048,13,5393397226
19482,102993110,85053866,188046976,5,0,0,5632,0,8373353839
19483,102995680,85246162,188241842,5,0,0,27136,0,1693234033
19484,103002531,84897283,187899814,3,0,0,512,5,5500815688
19485,103019060,85194633,188213693,5,0,0,14336,0,9967540754
19486,103021740,85288191,188309931,5,0,0,26624,0,9605734927
19487,103024390,90834351,193858741,1,0,1,3072,8,3547449654
19488,103026150,85407781,188433931,8,0,0,53248,13,3932601168
19489,103027360,90832047,193859407,9,0,1,1024,10,8816622182
19490,103033650,85067804,188101454,8,0,0,11264,13,2275567899
19491,103034020,85341223,188375243,1,0,0,23040,8,6211871195
19492,103036831,85056288,188093119,3,0,0,1536,5,4089257819
19493,103050130,84921781,187971911,5,0,0,25088,0,7109144455
19494,103051240,90809153,193860393,1,0,1,1536,8,792175329
19495,103054321,85187700,188242021,3,0,0,512,5,307242728
19496,103058140,85636276,188694416,8,0,0,21504,13,3795374124
19497,103058900,85398812,188457712,1,0,0,38400,8,3161032430
19498,103063510,90803438,193866948,9,0,1,3584,10,9014702798
19499,103090310,85374788,188465098,8,0,0,24064,13,7301453282
19500,103100051,85113977,188214028,3,0,0,1024,5,1540691572
19501,103108460,85337529,188445989,8,0,0,39424,13,10299305068
19502,103110390,90757224,193867614,1,0,1,1024,8,7145845977
19503,103125840,90742542,193868382,9,0,1,11776,10,8039314920
19504,103128870,90739768,193868638,1,0,1,9216,8,9121652285
19505,103129480,85117112,188246592,5,0,0,14848,0,9172623382
19506,103135100,90756017,193891117,3,0,1,13312,5,7946465318
19507,103135860,85251730,188387590,1,0,0,40448,8,1467039526
19508,103143420,90758938,193902358,1,0,1,6656,8,1941899756
19509,103144750,90765231,193909981,1,0,1,1024,8,595067073
19510,103151010,85396586,188547596,1,0,0,2560,8,4432853275
19511,103163450,85402486,188565936,8,0,0,27136,13,8843901829
19512,103163790,85875912,189039702,5,0,0,43008,0,3527670644
19513,103169570,85229009,188398579,5,0,0,35840,0,1720746097
19514,103171190,90740097,193911287,9,0,1,2048,10,2708557282
19515,103171221,85017918,188189139,3,0,0,1024,5,2989569695
19516,103173440,90738411,193911851,9,0,1,10752,10,9087721152
19517,103174960,85235493,188410453,1,0,0,12800,8,6165441104
19518,103176840,85369953,188546793,8,0,0,39424,13,8302850514
19519,103182440,90772222,193954662,1,0,1,9216,8,1747923119
19520,103190780,85215658,188406438,8,0,0,1536,13,9227928883
19521,103199300,90777226,193976526,9,0,1,10240,10,3542532461
19522,103199850,90777022,193976872,9,0,1,512,10,5220334661
19523,103206080,85465546,188671626,5,0,0,41984,0,10675362545
19524,103212410,85693115,188905525,8,0,0,57856,13,931527860
19525,103221130,90758008,193979138,9,0,1,3584,10,8746448320
19526,103224180,85181736,188405916,5,0,0,23552,0,2799626498
19527,103225090,85599792,188824882,8,0,0,61440,13,6535653590
19528,103244610,90736013,193980623,9,0,1,15360,10,5052370520
19529,103247990,90737805,193985795,9,0,1,8192,10,7918129
19530,103248730,90739011,193987741,9,0,1,3072,10,5509525182
19531,103250120,85261381,188511501,8,0,0,43520,13,4068908592
19532,103252190,90740840,193993030,1,0,1,8192,8,6126699059
19533,103254830,90742066,193996896,1,0,1,6144,8,399137278
19534,103258310,90740852,193999162,9,0,1,3584,10,9032419645
19535,103263740,90739126,194002866,1,0,1,10752,8,5312886858
19536,103264860,90738672,194003532,9,0,1,1024,10,9602596543
19537,103266920,85203349,188470269,1,0,0,16896,8,1270041511
19538,103267030,90736861,194003891,9,0,1,9728,10,8721798464
19539,103274720,85681019,188955739,8,0,0,3072,13,5740413184
19540,103281610,90737196,194018806,3,0,1,11776,5,1881001999
19541,103297590,85302349,188599939,5,0,0,27136,0,8481080720
19542,103302390,85354987,188657377,8,0,0,22016,13,2529183874
19543,103302660,90716492,194019152,9,0,1,512,10,2573069048
19544,103303430,90718308,194021738,9,0,1,4096,10,4526822628
19545,103306260,85342071,188648331,1,0,0,15360,8,842613042
19546,103311940,85803955,189115895,8,0,0,107008,13,2631535372
19547,103314770,85611869,188926639,5,0,0,23552,0,5902076861
19548,103323680,85813360,189137040,5,0,0,69120,0,3515020433
19549,103328310,90695920,194024230,3,0,1,3584,5,3630434288
19550,103328461,85310334,188638795,3,0,0,2560,5,9001145960
19551,103335770,85269652,188605422,1,0,0,17920,8,10395872476
19552,103352011,85632047,188984058,3,0,0,512,5,6970073298
19553,103353761,85471323,188825084,3,0,0,512,5,8417646408
19554,103365270,90671798,194037068,8,0,1,5120,13,4689738029
19555,103372230,90671915,194044145,9,0,1,1536,10,4497626280
19556,103379761,85294177,188673938,3,0,0,512,5,9155145404
19557,103381400,90666291,194047691,8,0,1,5632,13,207851149
19558,103393790,90663682,194057472,8,0,1,2560,13,2619212821
19559,103395490,85687599,189083089,5,0,0,43520,0,4361217721
19560,103395791,85125793,188521584,3,0,0,2560,5,3955671701
19561,103405111,85514328,188919439,3,0,0,512,5,6936780102
19562,103414130,85804948,189219078,8,0,0,38400,13,580032341
19563,103417630,86092006,189509636,8,0,0,41984,13,2248082211
19564,103426070,85731240,189157310,1,0,0,65024,8,4105204644
19565,103432280,85594295,189026575,8,0,0,102912,13,4049827304
19566,103444000,85172375,188616375,5,0,0,6144,0,4988339211
19567,103448700,85459656,188908356,1,0,0,9216,8,6330072266
19568,103451760,90606698,194058458,8,0,1,1536,13,10052735502
19569,103451940,85235901,188687841,5,0,0,7680,0,7547433229
19570,103453800,85732059,189185859,1,0,0,50176,8,9198197752
19571,103461490,85702682,189164172,8,0,0,512,13,1321566703
19572,103464310,90597694,194062004,8,0,1,5632,13,10238640431
19573,103474751,85689935,189164686,3,0,0,1536,5,1885157936
19574,103482120,85313504,188795624,1,0,0,9728,8,7112066662
19575,103488560,90577849,194066409,9,0,1,1536,10,2419388759
19576,103497020,90571571,194068591,9,0,1,2560,10,10612682129
19577,103508661,85677797,189186458,3,0,0,512,5,4543032849
19578,103516870,85477663,188994533,1,0,0,34304,8,2997131590
19579,103518111,85352095,188870206,3,0,0,512,5,8918693537
19580,103519390,90551467,194070857,8,0,1,3584,13,3744747314
19581,103526120,90549563,194075683,1,0,1,7680,8,4974096252
19582,103528490,85455389,188983879,5,0,0,50688,0,340563761
19583,103539980,90538289,194078269,1,0,1,4096,8,5646510354
19584,103541590,85344111,188885701,1,0,0,11264,8,9143807494
19585,103573150,85593892,189167042,8,0,0,3072,13,1584665249
19586,103584260,85410920,188995180,8,0,0,2048,13,3798708178
19587,103589200,90492321,194081521,8,0,1,5120,13,5219228022
19588,103594400,90487467,194081867,8,0,1,512,13,7934890573
19589,103598040,90484493,194082533,8,0,1,1024,13,7572168519
19590,103602920,90482199,194085119,1,0,1,4096,8,10647602187
19591,103603310,85709371,189312681,8,0,0,512,13,3481482523
19592,103605930,90482616,194088546,1,0,1,5120,8,10050128233
19593,103610530,85259451,188869981,1,0,0,11776,8,9734156700
19594,103610561,85676498,189287059,3,0,0,512,5,8530545227
19595,103613290,90475410,194088700,1,0,1,8704,8,4552130432
19596,103613860,90484112,194097972,1,0,1,2560,8,2833533147
19597,103622770,90478108,194100878,1,0,1,4608,8,6057999585
19598,103628600,85535308,189163908,5,0,0,21504,0,7790831488
19599,103638140,85648561,189286701,1,0,0,58880,8,7442464141
19600,103642450,90463920,194106370,8,0,1,17920,13,5824048755
19601,103656470,85480997,189137467,8,0,0,1024,13,5753855157
19602,103663360,90445718,194109078,1,0,1,3584,8,7717127768
19603,103664640,85598733,189263373,1,0,0,62976,8,9803115853
19604,103669960,90440398,194110358,8,0,1,14336,13,450331900
19605,103671840,85495958,189167798,8,0,0,512,13,9081733038
19606,103673350,85590225,189263575,8,0,0,512,13,670918586
19607,103674090,85512104,189186194,8,0,0,1024,13,282979084
19608,103674860,90450956,194125816,8,0,1,7680,13,2076946351
19609,103685610,90451558,194137168,1,0,1,1536,8,4299020558
19610,103695130,90448978,194144108,8,0,1,6144,13,4547808525
19611,103696690,85509043,189205733,5,0,0,31744,0,9890699376
19612,103710340,90436354,194146694,1,0,1,4096,8,1939125811
19613,103725700,90421340,194147040,1,0,1,512,8,20401235
19614,103729290,85601219,189330509,8,0,0,512,13,8572051641
19615,103735141,85900044,189635185,3,0,0,512,5,7196468538
19616,103737250,85346018,189083268,8,0,0,512,13,409997656
19617,103738670,85559945,189298615,5,0,0,8192,0,3620797487
19618,103754490,90393421,194147911,9,0,1,12288,10,1976902748
19619,103758740,90400859,194159599,9,0,1,3072,10,9973034900
19620,103758870,85982891,189741761,5,0,0,62976,0,8566481163
19621,103758931,85427917,189186848,3,0,0,1024,5,6677979756
19622,103767700,85562630,189330330,8,0,0,33280,13,8547755814
19623,103768830,90391435,194160265,8,0,1,1024,13,6187023604
19624,103769370,90404647,194174017,9,0,1,13824,10,5220126602
19625,103778411,85557652,189336063,3,0,0,512,5,5265320446
19626,103815750,90413201,194228951,9,0,1,19968,10,3255603429
19627,103864100,85895959,189760059,5,0,0,58368,0,10213954556
19628,103884590,90344707,194229297,9,0,1,512,10,3912115389
19629,103885801,85401079,189286880,3,0,0,512,5,5979388760
19630,103891190,86007573,189898763,5,0,0,33792,0,4391188358
19631,103917260,85547660,189464920,8,0,0,20992,13,8090185676
19632,103963520,90267723,194231243,8,0,1,3072,13,9376959181
19633,103963770,90286275,194250045,9,0,1,6656,10,4324724543
19634,103965360,90284839,194250199,3,0,1,8704,5,7161913320
19635,103971910,85224089,189195999,5,0,0,17920,0,1733061834
19636,103978710,86028259,190006969,8,0,0,59904,13,1237631411
19637,103985250,90265935,194251185,9,0,1,1536,10,10094459678
19638,104002030,85689921,189691951,5,0,0,64000,0,4333165078
19639,104023170,90229449,194252619,8,0,1,12800,13,4444388615
19640,104023740,90230825,194254565,9,0,1,3072,10,10315263609
19641,104027570,90228621,194256191,9,0,1,2560,10,3006373225
19642,104032160,90224697,194256857,9,0,1,1024,10,9908862680
19643,104042810,85584148,189626958,5,0,0,33792,0,3876304108
19644,104065760,85564653,189630413,8,0,0,11264,13,10083084739
19645,104080340,90182111,194262451,9,0,1,18432,10,2473595861
19646,104102701,85294509,189397210,3,0,0,1536,5,10072541663
19647,104110300,85435845,189546145,8,0,0,30208,13,802281486
19648,104112390,86026399,190138789,8,0,0,33792,13,8410866182
19649,104115360,90148576,194263936,9,0,1,15360,10,7614626759
19650,104119860,85515123,189634983,5,0,0,12288,0,335817224
19651,104126400,90138202,194264602,9,0,1,1024,10,5074694113
19652,104137820,85739954,189877774,8,0,0,18944,13,8665534279
19653,104175540,85878038,190053578,5,0,0,66560,0,1423523144
19654,104181400,86045967,190227367,8,0,0,80384,13,9361810891
19655,104187490,85429149,189616639,8,0,0,60928,13,6471985057
19656,104205490,90060738,194266228,8,0,1,2560,13,8250578775
19657,104216570,90051284,194267854,8,0,1,2560,13,6211651951
19658,104218910,85503640,189722550,5,0,0,100352,0,6883559788
19659,104227020,85353885,189580905,8,0,0,20480,13,10346528701
19660,104241250,90027590,194268840,9,0,1,1536,10,1684894152
19661,104259930,90010856,194270786,9,0,1,3072,10,5268728993
19662,104260690,85513120,189773810,8,0,0,45056,13,8571265133
19663,104268860,90004192,194273052,9,0,1,3584,10,5855519294
19664,104287870,89986168,194274038,8,0,1,1536,13,10515372595
19665,104289880,89988823,194278703,9,0,1,512,10,287953309
19666,104298771,85121665,189420436,3,0,0,1024,5,9129175783
19667,104306501,85324715,189631216,3,0,0,2560,5,1789283657
19668,104307590,89976259,194283849,9,0,1,8192,10,5508510464
19669,104317220,89976517,194293737,8,0,1,1024,13,4876474460
19670,104343540,89952143,194295683,9,0,1,3072,10,10498300500
19671,104344750,89975151,194319901,8,0,1,5120,13,6747860144
19672,104360311,85104944,189465255,3,0,0,1024,5,2001849115
19673,104367321,85026979,189394300,3,0,0,1024,5,8731975325
19674,104374320,85432014,189806334,5,0,0,40448,0,10329193906
19675,104375220,89955241,194330461,8,0,1,4096,13,9054141237
19676,104405250,85548013,189953263,8,0,0,28160,13,10464023635
19677,104406030,89925097,194331127,9,0,1,1024,10,10012388100
19678,104406920,89926153,194333073,8,0,1,3072,13,469054564
19679,104406960,89927099,194334059,3,0,1,1536,5,6480428479
19680,104410690,89924995,194335685,8,0,1,2560,13,4546989312
19681,104429770,89909141,194338911,9,0,1,5120,10,7041438060
19682,104433640,89906181,194339821,3,0,1,11264,5,8566234375
19683,104444470,85216837,189661307,8,0,0,10752,13,1816110749
19684,104461970,89879157,194341127,9,0,1,2048,10,1457269762
19685,104462460,89880613,194343073,8,0,1,3072,13,8882608521
19686,104463700,85863492,190327192,5,0,0,7168,0,8082546157
19687,104480510,85944005,190424515,5,0,0,181760,0,5968738067
19688,104488340,85683559,190171899,8,0,0,30208,13,4464910871
19689,104490910,89860076,194350986,9,0,1,15360,10,4973120901
19690,104503040,85513624,190016664,8,0,0,31744,13,2988734673
19691,104504270,89846870,194351140,3,0,1,8704,5,5434480986
19692,104510050,85015620,189525670,5,0,0,2560,0,993148322
19693,104517241,85404443,189921684,3,0,0,1024,5,7292491025
19694,104539480,85585769,190125249,8,0,0,71168,13,8307779556
19695,104551990,89815252,194367242,3,0,1,5632,5,5736399512
19696,104559640,89808268,194367908,5,0,1,1024,0,354473691
19697,104561940,89806954,194368894,9,0,1,1536,10,3038717449
19698,104576750,89795050,194371800,9,0,1,4608,10,9702972106
19699,104587930,89784856,194372786,3,0,1,1536,5,10312662263
19700,104600710,89785602,194386312,3,0,1,23040,5,2972974022
19701,104611150,89789198,194400348,3,0,1,3072,5,3673995806
19702,104622000,89780294,194402294,3,0,1,3072,5,5773371871
19703,104633640,85811099,190444739,8,0,0,14848,13,162496040
19704,104646061,85581493,190227554,3,0,0,512,5,82469380
19705,104646900,89757340,194404240,3,0,1,3072,5,8435914807
19706,104669980,89738446,194408426,9,0,1,6656,10,1644982235
19707,104670850,89737922,194408772,3,0,1,512,5,4626650554
19708,104670921,85071331,189742252,3,0,0,1536,5,3496205843
19709,104675650,89735708,194411358,8,0,1,4096,13,8630594084
19710,104683030,89730274,194413304,9,0,1,3072,10,1968219453
19711,104692530,85155859,189848389,5,0,0,43008,0,8176661078
19712,104693380,86200910,190894290,5,0,0,7680,0,1668264310
19713,104706740,85435348,190142088,8,0,0,10752,13,9671453016
19714,104716650,89700200,194416850,9,0,1,5632,10,10663085696
19715,104725250,85186640,189911890,8,0,0,1536,13,10352758631
19716,104725900,85436772,190162672,8,0,0,34816,13,9283760409
19717,104746730,85141675,189888405,5,0,0,34816,0,5886677725
19718,104750310,85075581,189825891,5,0,0,29696,0,2257511396
19719,104750590,89666926,194417516,9,0,1,1024,10,684259069
19720,104756070,85684114,190440184,5,0,0,21504,0,1431131966
19721,104762330,89656812,194419142,9,0,1,2560,10,6192883796
19722,104775610,85096369,189871979,8,0,0,15872,13,4697600682
19723,104784430,89635698,194420128,3,0,1,1536,5,9011143796
19724,104799001,85231860,190030861,3,0,0,1536,5,7152094421
19725,104804740,85947403,190752143,5,0,0,34304,0,7487871246
19726,104808920,85441931,190250851,8,0,0,33280,13,7215969666
19727,104810710,85392142,190202852,8,0,0,20992,13,701446771
19728,104812410,85176284,189988694,5,0,0,19968,0,9286749312
19729,104823921,84950536,189774457,3,0,0,2048,5,8504251350
19730,104844991,85385827,190230818,3,0,0,512,5,3452607761
19731,104855630,89566124,194421754,3,0,1,2560,5,7763526762
19732,104876320,89548660,194424980,9,0,1,5120,10,10573746653
19733,104881040,89544606,194425646,9,0,1,1024,10,2451324747
19734,104896720,89530232,194426952,9,0,1,2048,10,8807169428
19735,104902770,85530839,190433609,5,0,0,28160,0,8257513904
19736,104903990,85666874,190570864,8,0,0,86528,13,898438692
19737,104931780,85025562,189957342,8,0,0,13312,13,8981562581
19738,104939330,85077981,190017311,5,0,0,2048,0,8178111731
19739,104951600,85592877,190544477,5,0,0,143360,0,1432876023
19740,104959170,85365815,190324985,5,0,0,60416,0,2629471409
19741,104997210,85824796,190822006,5,0,0,100864,0,4542507827
19742,105001410,89427808,194429218,9,0,1,3584,10,3954623899
19743,105010410,89421074,194431484,9,0,1,3584,10,6013210872
19744,105016200,89420110,194436310,9,0,1,7680,10,5990554957
19745,105028780,89411396,194440176,3,0,1,6144,5,3933424302
19746,105029030,89414052,194443082,3,0,1,4608,5,10054211206
19747,105040570,85535207,190575777,8,0,0,13312,13,152372692
19748,105045150,85724934,190770084,8,0,0,37376,13,470394837
19749,105050130,85304842,190354972,8,0,0,18432,13,5790993478
19750,105061190,89385118,194446308,3,0,1,5120,5,615265225
19751,105068410,89388808,194457218,3,0,1,512,5,1259598490
19752,105112830,89348373,194461203,3,0,1,3584,5,7240512735
19753,105126490,89339362,194465852,9,0,1,3072,10,1799240145
19754,105133151,85017533,190150684,3,0,0,512,5,3018239346
19755,105136590,89330248,194466838,3,0,1,1536,5,997336054
19756,105146630,89323671,194470301,3,0,1,13824,5,570289721
19757,105148430,89329631,194478061,3,0,1,7168,5,7171609924
19758,105149781,85144093,190293874,3,0,0,512,5,10500625244
19759,105155930,89322797,194478727,3,0,1,1024,5,4378841299
19760,105161070,89319923,194480993,9,0,1,3584,10,10690864703
19761,105177490,89304169,194481659,3,0,1,1024,5,4365850140
19762,105177630,85455117,190632747,8,0,0,37376,13,9276707898
19763,105178130,85272404,190450534,5,0,0,18944,0,5667494060
19764,105181560,85845454,191027014,5,0,0,67584,0,5269489423
19765,105193400,85427888,190621288,8,0,0,148992,13,1719479955
19766,105213540,85646801,190860341,5,0,0,17408,0,4973985262
19767,105233641,85399308,190632949,3,0,0,512,5,7450035797
19768,105236910,89247975,194484885,3,0,1,5120,5,3074174158
19769,105238970,89250741,194489711,9,0,1,7680,10,8409584841
19770,105242690,85483342,190726032,5,0,0,30720,0,4836580910
19771,105260820,89229237,194490057,9,0,1,512,10,709700173
19772,105262300,89228423,194490723,9,0,1,1024,10,6902004166
19773,105284930,89207739,194492669,9,0,1,3072,10,9111398424
19774,105285950,85856881,191142831,5,0,0,88064,0,6129252487
19775,105292510,85661573,190954083,8,0,0,22016,13,2945917174
19776,105296040,89201676,194497716,9,0,1,6656,10,9272977272
19777,105304840,89193862,194498702,9,0,1,1536,10,3702604448
19778,105310760,85882057,191192817,8,0,0,29184,13,4793964376
19779,105314431,85256620,190571051,3,0,0,512,5,1029329080
19780,105317950,89183658,194501608,9,0,1,4608,10,7322215701
19781,105330600,85141261,190471861,8,0,0,512,13,1432565068
19782,105349400,85505614,190855014,5,0,0,79360,0,6681472247
19783,105350721,85528751,190879472,3,0,0,1024,5,8987040307
19784,105358980,89142974,194501954,8,0,1,512,13,10165855431
19785,105367920,89135020,194502940,8,0,1,1536,13,5084889628
19786,105368601,85056405,190425006,3,0,0,1536,5,1050131719
19787,105370300,85416678,190786978,5,0,0,55296,0,7094438232
19788,105395380,89108226,194503606,8,0,1,1024,13,8689233884
19789,105399621,85234208,190633829,3,0,0,1536,5,3445379969
19790,105414200,85743786,191157986,8,0,0,49664,13,120379952
19791,105448660,89058492,194507152,3,0,1,5632,5,6941867654
19792,105468901,85361910,190830811,3,0,0,1024,5,7881631563
19793,105470430,89045056,194515486,8,0,1,2560,13,2272223333
19794,105477850,85352603,190830453,5,0,0,27648,0,10310982004
19795,105480520,85398555,190879075,8,0,0,60928,13,8304051847
19796,105485090,89030755,194515845,8,0,1,9728,13,4737607879
19797,105485590,89033355,194518945,3,0,1,1024,5,7742772696
19798,105497100,89030622,194527722,8,0,1,8704,13,4104786533
19799,105500280,85743963,191244243,8,0,0,15360,13,4529284961
19800,105505920,85065778,190571698,5,0,0,2048,0,9282464906
19801,105509830,89036961,194546791,8,0,1,13312,13,1754800758
19802,105515600,89040467,194556067,5,0,1,6656,0,6557621007
19803,105528760,85550902,191079662,5,0,0,148480,0,9135787761
19804,105540510,89015903,194556413,3,0,1,512,5,6873705965
19805,105583000,85524170,191107170,5,0,0,1024,0,6378614524
19806,105588250,85044901,190633151,5,0,0,512,0,2049027646
19807,105588290,88968379,194556669,3,0,1,9216,5,7631634342
19808,105608160,85378936,190987096,8,0,0,3584,13,30490179
19809,105615050,85018280,190633330,5,0,0,512,0,1584420305
19810,105618200,85270328,190888528,5,0,0,512,0,10575757799
19811,105621140,88940391,194561531,8,0,1,1536,13,10300036451
19812,105623380,88940737,194564117,8,0,1,4096,13,4532624830
19813,105624910,85538746,191163656,8,0,0,17920,13,2868322089
19814,105626560,88939503,194566063,8,0,1,3072,13,8295499132
19815,105636720,85458189,191094909,8,0,0,27648,13,10566766591
19816,105651550,88928981,194580531,8,0,1,11264,13,3452225110
19817,105663530,88919587,194583117,3,0,1,4096,5,7623876198
19818,105672120,88927994,194600114,3,0,1,10752,5,4700424748
19819,105688670,85224883,190913553,5,0,0,1024,0,7641923563
19820,105689920,88914700,194604620,3,0,1,7168,5,2794924759
19821,105695380,88911186,194606566,3,0,1,3072,5,426096198
19822,105697040,88912752,194609792,3,0,1,5120,5,1108493152
19823,105699580,88911518,194611098,3,0,1,2048,5,9488388862
19824,105710700,85484963,191195663,8,0,0,6144,13,1241404956
19825,105753950,88857814,194611764,3,0,1,1024,5,2853675410
19826,105759420,88861253,194620673,8,0,1,15360,13,9824892437
19827,105766170,88855088,194621258,3,0,1,512,5,115620037
19828,105767960,85193131,190961091,8,0,0,9728,13,5558958839
19829,105773120,85309217,191082337,8,0,0,8704,13,7393411868
19830,105777760,88847364,194625124,3,0,1,6144,5,8319968039
19831,105796560,85091789,190888349,8,0,0,4096,13,2138156350
19832,105799120,88841221,194640341,3,0,1,512,5,10221475557
19833,105807160,88833527,194640687,3,0,1,512,5,10560837501
19834,105830860,88810083,194640943,3,0,1,9216,5,6104629478
19835,105838430,88812179,194650609,8,0,1,2560,13,805583618
19836,105845740,85445162,191290902,5,0,0,512,0,4049811769
19837,105851320,88803475,194654795,8,0,1,6656,13,6325838700
19838,105852670,88804711,194657381,8,0,1,4096,13,664643789
19839,105863500,85124196,190987696,5,0,0,512,0,2359108691
19840,105883640,85008287,190891927,5,0,0,512,0,3613151165
19841,105886240,88773407,194659647,8,0,1,3584,13,4803275788
19842,105890130,88779295,194669425,8,0,1,4096,13,9974471697
19843,105901750,85184689,191086439,8,0,0,13312,13,1756992433
19844,105909400,85423753,191333153,8,0,0,20480,13,5542621487
19845,105911590,85313613,191225203,8,0,0,92160,13,610213780
19846,105941520,85349203,191290723,8,0,0,32768,13,9455222772
19847,105943670,85163165,191106835,8,0,0,38912,13,10074276196
19848,105951910,88724728,194676638,5,0,1,1536,0,3432376561
19849,105964180,88715070,194679250,3,0,1,4096,5,707968924
19850,105965660,88713936,194679596,8,0,1,512,13,7053547089
19851,105968140,88711802,194679942,8,0,1,512,13,7367392248
19852,105978330,88704838,194683168,3,0,1,5120,5,8628387226
19853,105986990,88698764,194685754,3,0,1,4096,5,2079442016
19854,105996920,88689820,194686740,8,0,1,1536,13,8212356991
19855,106008780,88679586,194688366,8,0,1,2560,13,1000901933
19856,106019210,88670462,194689672,3,0,1,2048,5,8992007295
19857,106020570,88669768,194690338,8,0,1,11264,13,2771643016
19858,106028890,88661794,194690684,3,0,1,512,5,10117285134
19859,106034460,85123705,191158165,5,0,0,512,0,4820556150
19860,106037890,85242826,191280716,8,0,0,36864,13,8312572740
19861,106045040,88647270,194692310,8,0,1,2560,13,10355010150
19862,106047120,88645446,194692566,8,0,1,9216,13,9517172618
19863,106062340,88647976,194710316,3,0,1,15872,5,4790202023
19864,106065600,88653198,194718798,3,0,1,3072,5,5365401090
19865,106067880,84959625,191027505,5,0,0,1536,0,3076345771
19866,106069390,85285825,191355215,5,0,0,1024,0,6477905463
19867,106070700,88653093,194723793,3,0,1,5632,5,8728224072
19868,106074430,85195031,191269461,8,0,0,47616,13,7400469304
19869,106083570,85167747,191251317,8,0,0,23040,13,2802946223
19870,106112400,88631022,194743422,5,0,1,10752,0,4215970042
19871,106119650,85522754,191642404,5,0,0,1536,0,2536741585
19872,106124560,85114980,191239540,8,0,0,30208,13,6194422079
19873,106143140,88602228,194745368,8,0,1,3072,13,7500728416
19874,106155500,88590534,194746034,5,0,1,1024,0,9581376366
19875,106161890,85546735,191708625,8,0,0,78848,13,7371098735
19876,106165950,88580545,194746495,5,0,1,10240,0,9112088030
19877,106168470,85204733,191373203,8,0,0,4608,13,3434703396
19878,106174220,88577007,194751227,5,0,1,4096,0,3161942950
19879,106181750,88574623,194756373,8,0,1,8192,13,8525671513
19880,106195370,85280791,191476161,8,0,0,5632,13,6185377297
19881,106197520,88567956,194765476,8,0,1,18432,13,5043979655
19882,106207130,85571944,191779074,8,0,0,13312,13,8524295402
19883,106213710,85325709,191539419,8,0,0,33792,13,6318138953
19884,106232480,85241942,191474422,8,0,0,112128,13,1962808613
19885,106235470,88541050,194776520,5,0,1,10752,0,1654735516
19886,106252570,85484949,191737519,8,0,0,27648,13,2237434788
19887,106292510,88493837,194786347,5,0,1,6144,0,423878241
19888,106312190,85664389,191976579,8,0,0,138240,13,2137709686
19889,106321280,88468541,194789821,5,0,1,2048,0,7569819400
19890,106331090,85172623,191503713,8,0,0,4096,13,8984998076
19891,106347960,88442847,194790807,5,0,1,1536,0,3838628770
19892,106371690,85485980,191857670,8,0,0,4096,13,4948686802
19893,106372630,85469355,191841985,8,0,0,19968,13,9543691895
19894,106399010,85470718,191869728,8,0,0,2048,13,9562022130
19895,106420440,85452164,191872604,8,0,0,512,13,2239749756
19896,106434250,85289397,191723647,8,0,0,46592,13,9413298973
19897,106446920,86004973,192451893,8,0,0,225280,13,2933219881
19898,106491490,88301903,194793393,3,0,1,4096,5,10402851164
19899,106500950,85602834,192103784,8,0,0,53248,13,3274075216
19900,106511450,85647911,192159361,8,0,0,2048,13,2325554286
19901,106582870,85665122,192247992,8,0,0,47104,13,7658835545
19902,106608910,84980483,191589393,8,0,0,14336,13,8569439327
19903,106674460,85463815,192138275,8,0,0,113152,13,8475570471
19904,106691720,85163704,191855424,8,0,0,44032,13,6005675997
19905,106719290,88094346,194813636,8,0,1,15872,13,6176708985
19906,106794340,85041538,191835878,8,0,0,52736,13,7960571773
19907,106872480,84947284,191819764,8,0,0,59392,13,7522805730
19908,106880780,84988301,191869081,8,0,0,37376,13,3899607886
19909,106948470,85360704,192309174,8,0,0,93184,13,7249848347
19910,106949970,84478930,191428900,8,0,0,4096,13,9950075397
19911,106977200,84732228,191709428,8,0,0,2560,13,4397047836
19912,106987610,87842040,194829650,3,0,1,5120,5,7022308005
19913,107026690,84549102,191575792,8,0,0,5120,13,1698695487
19914,107055270,87776646,194831916,3,0,1,3584,5,3663926755
19915,107073080,87764008,194837088,3,0,1,8192,5,3833645301
19916,107092550,87749044,194841594,3,0,1,7168,5,3755923308
19917,107098570,84780399,191878969,8,0,0,16896,13,4823396010
19918,107103780,84786000,191889780,8,0,0,35328,13,8692533276
19919,107118250,85061864,192180114,8,0,0,57344,13,6901371492
19920,107137630,87706870,194844500,3,0,1,4608,5,5259334421
19921,107139130,87746165,194885295,3,0,1,29184,5,8354894181
19922,107146580,84834702,191981282,8,0,0,15360,13,10596861546
19923,107168380,87723503,194891883,3,0,1,7680,5,1452026939
19924,107226510,84532672,191759182,8,0,0,53248,13,3199038204
19925,107227770,87667751,194895521,3,0,1,9728,5,175771686
19926,107264220,84608035,191872255,8,0,0,8192,13,2398899857
19927,107297610,87606128,194903738,3,0,1,1536,5,8794861639
19928,107309500,87594597,194904097,3,0,1,9728,5,2010958133
19929,107317190,84539193,191856383,8,0,0,3072,13,642941065
19930,107345260,87559823,194905083,3,0,1,1536,5,9069760227
19931,107350970,84807737,192158707,8,0,0,37376,13,3044929354
19932,107374520,87535095,194909615,3,0,1,7168,5,2447651864
19933,107386130,87523831,194909961,3,0,1,512,5,1030241521
19934,107400830,87512037,194912867,3,0,1,4608,5,2283126758
19935,107443330,84899052,192342382,8,0,0,4608,13,6453482104
19936,107467420,87453697,194921117,3,0,1,11264,5,8879037167
19937,107481510,84991125,192472635,8,0,0,17920,13,2098865726
19938,107499910,87423153,194923063,3,0,1,3072,5,2473270765
19939,107509640,87413769,194923409,3,0,1,512,5,2549410299
19940,107514180,84399196,191913376,8,0,0,1024,13,5127453892
19941,107519770,87404856,194924626,3,0,1,12800,5,3843346503
19942,107528250,87398002,194926252,3,0,1,2560,5,4882129083
19943,107528710,84513532,192042242,8,0,0,47616,13,2617359641
19944,107535660,87391898,194927558,3,0,1,2048,5,5902143704
19945,107536500,87395564,194932064,3,0,1,7168,5,9426215833
19946,107551630,87382060,194933690,3,0,1,2560,5,9161383032
19947,107574160,87362436,194936596,3,0,1,4608,5,3362233549
19948,107582120,87358662,194940782,3,0,1,6656,5,7586704149
19949,107597480,87344608,194942088,3,0,1,2048,5,1036160868
19950,107606640,87336524,194943164,3,0,1,13312,5,10319842240
19951,107636980,87308352,194945332,3,0,1,1024,5,10468120035
19952,107640350,84251489,191891839,8,0,0,6656,13,4608702089
19953,107644300,87301378,194945678,3,0,1,512,5,8388002253
19954,107674380,84923586,192597966,8,0,0,99328,13,6072197046
19955,107696780,87252444,194949224,3,0,1,5632,5,7927067378
19956,107714520,84752535,192467055,8,0,0,49664,13,4637315093
19957,107733460,84945900,192679360,8,0,0,69632,13,1666474319
19958,107742340,84454678,192197018,8,0,0,7680,13,2090336219
19959,107750790,87199420,194950210,3,0,1,1536,5,2358094004
19960,107803260,87151776,194955036,3,0,1,7680,5,6545464393
19961,107804980,87165921,194970901,3,0,1,11776,5,7120678216
19962,107811680,87161167,194972847,3,0,1,3072,5,9462474269
19963,107840790,87132403,194973193,3,0,1,512,5,5218193571
19964,109799470,85176309,194975779,3,0,1,4096,5,9811529425
19965,109801400,85176005,194977405,3,0,1,2560,5,9840493156
19966,109842730,85137261,194979991,3,0,1,4096,5,5438228013
19967,111423230,83586824,195010054,3,0,1,6656,5,7251736241
19968,111473330,83541550,195014880,3,0,1,7680,5,5332365604
19969,111487120,83539643,195026763,3,0,1,1024,5,6753453489
19970,111623270,83408576,195031846,3,0,1,11776,5,8973846888
19971,111848130,83192466,195040596,3,0,1,17408,5,9675759914
19972,111962730,83080166,195042896,3,0,1,14848,5,1463529959
19973,111992090,83055632,195047722,3,0,1,7680,5,10014575190
19974,112530280,82526931,195057211,3,0,1,9728,5,9596377660
19975,112584180,82492009,195076189,3,0,1,7680,5,3229750096
19976,112617070,82462025,195079095,3,0,1,4608,5,2001626386
19977,112697840,82392150,195089990,3,0,1,4608,5,1017910185
19978,112769420,82327570,195096990,3,0,1,9728,5,8727178827
19979,112772150,82328386,195100536,3,0,1,5632,5,3049784875
19980,112782090,82318792,195100882,3,0,1,512,5,749663808
19981,112800350,82302798,195103148,3,0,1,3584,5,3649990026
19982,112803510,82299984,195103494,3,0,1,512,5,1722869299
19983,112876770,82227070,195103840,3,0,1,512,5,6292992947
19984,112897060,82207126,195104186,3,0,1,512,5,6714107170
19985,112932080,82173092,195105172,3,0,1,1536,5,9660361311
19986,112942120,82166918,195109038,3,0,1,6144,5,867293665
19987,112967420,82143244,195110664,3,0,1,2560,5,4353511402
19988,113033810,82077200,195111010,3,0,1,512,5,2286036206
19989,113080690,82032266,195112956,3,0,1,3072,5,10493354775
19990,113117460,81996482,195113942,3,0,1,1536,5,9200704423
19991,114137900,80977220,195115120,3,0,1,13824,5,3650434203
19992,114169880,80953636,195123516,3,0,1,1536,5,2778755572
19993,114240290,80887092,195127382,3,0,1,6144,5,7292235677
19994,114259510,80871098,195130608,3,0,1,5120,5,4699116948
19995,114286140,80845774,195131914,3,0,1,2048,5,5212619446
19996,114316520,80817481,195134001,3,0,1,12800,5,955011163
19997,114317510,80831485,195148995,3,0,1,14336,5,6712711509
19998,114379990,80777752,195157742,3,0,1,1024,5,1782322793
