RequestID,ArrivalTime,DelayTime,FinishTime,InitiatorID,TargetID,IOType,Size,VolumeID,Offset
0,0,93042,93042,0,0,0,14848,29,862190594
1,1,3408,3409,3,0,1,9216,13,9550922749
2,2,173901,173903,4,0,0,29184,14,8870194027
3,3,88500,88503,5,0,0,15360,8,4066626723
4,4,196496,196500,6,0,0,4608,18,8628569088
5,5,119644,119649,1,0,0,512,29,652359377
6,6,7933,7939,7,0,1,5120,25,3267778903
7,7,164981,164988,8,0,0,95232,22,7084717956
8,8,195073,195081,9,0,0,36352,26,2344484275
9,9,10516,10525,2,0,1,4096,22,2417053564
10,12190,84500,96690,2,0,0,1024,22,7615460459
11,30490,4374,34864,3,0,1,4608,13,3579576323
12,34160,148151,182311,8,0,0,3072,22,4533498498
13,53700,1042,54742,7,0,1,1024,25,3770984758
14,54980,177623,232603,6,0,0,16896,18,8882952062
15,108370,566,108936,2,0,1,512,22,1230932620
16,125260,1994,127254,6,0,1,2048,18,6010119919
17,144760,263678,408438,9,0,0,87552,26,2505736383
18,161260,160193,321453,4,0,0,72192,14,2073551536
19,187010,32432,219442,3,0,1,37888,13,8300429146
20,199030,141032,340062,0,0,0,10240,29,5297650329
21,200590,20478,221068,2,0,1,2560,22,1816911061
22,202570,18844,221414,1,0,1,512,29,3388215205
23,208440,34271,242711,3,0,1,55296,13,8659036779
24,236420,269149,505569,8,0,0,29696,22,807890514
25,246331,182370,428701,7,0,0,512,25,66565147
26,249960,3422,253382,2,0,1,3584,22,5947697969
27,251210,3158,254368,2,0,1,1536,22,8403276515
28,265630,143151,408781,9,0,0,1024,26,10602957970
29,266130,11016,277146,6,0,1,17920,18,5620597483
30,271760,150785,422545,1,0,0,1024,29,2009390754
31,310480,17243,327723,3,0,1,6656,13,8520034275
32,335970,257491,593461,0,0,0,17920,29,2119215851
33,382600,113906,496506,6,0,0,19456,18,8514727344
34,393170,186153,579323,9,0,0,54784,26,2598609708
35,422210,4747,426957,2,0,1,11776,22,3027350779
36,440750,146571,587321,4,0,0,9728,14,3175102512
37,444990,1042,446032,2,0,1,1024,22,8551525665
38,460880,566,461446,6,0,1,512,18,7245536497
39,469280,13600,482880,3,0,1,23040,13,2425981897
40,525420,102742,628162,0,0,0,33280,29,4785783191
41,529430,3898,533328,1,0,1,4096,29,10417091568
42,545591,85217,630808,7,0,0,512,25,1520505031
43,558750,3128,561878,2,0,1,9216,22,6125227879
44,581700,210217,791917,0,0,0,85504,29,7184421976
45,597730,54790,652520,0,0,0,512,29,5948364088
46,605100,206496,811596,5,0,0,64512,8,2143220804
47,605450,6229,611679,3,0,1,15360,13,10658187999
48,615200,1042,616242,6,0,1,1024,18,3243392576
49,617230,10947,628177,1,0,1,10240,29,10085299498
50,630300,203769,834069,9,0,0,20480,26,6529933407
51,643130,388161,1031291,0,0,0,37376,29,9457014179
52,644550,167381,811931,1,0,0,1024,29,2895481194
53,664960,187941,852901,5,0,0,6144,8,9642318560
54,671240,566,671806,2,0,1,512,22,10038937449
55,671930,14545,686475,3,0,1,28160,13,2142434991
56,676350,135768,812118,2,0,0,512,22,1509879981
57,689420,2946,692366,1,0,1,3072,29,247330474
58,704890,3898,708788,1,0,1,4096,29,5067571510
59,729080,1518,730598,1,0,1,1536,29,1292957449
60,737580,6278,743858,2,0,1,6656,22,7389708160
61,743070,2094,745164,7,0,1,2048,25,9470950703
62,772400,42912,815312,6,0,1,3584,18,7971400936
63,779960,36018,815978,2,0,1,1024,22,8103369874
64,800050,128479,928529,6,0,0,7168,18,4993277853
65,804690,22036,826726,3,0,1,22528,13,462809244
66,811990,15082,827072,1,0,1,512,29,9271656849
67,821900,12184,834084,2,0,1,5632,22,7911447525
68,845970,270529,1116499,2,0,0,512,22,10448090819
69,848840,148064,996904,5,0,0,12288,8,625895731
70,856910,255472,1112382,5,0,0,143360,8,419936779
71,890580,310980,1201560,6,0,0,56832,18,8007370365
72,911270,120660,1031930,0,0,0,2048,29,9370575235
73,921801,7230,929031,5,0,1,7680,8,4309663447
74,935060,3422,938482,1,0,1,3584,29,8345073022
75,945060,171252,1116312,8,0,0,12288,22,9166762794
76,967970,205343,1173313,0,0,0,35328,29,10198941341
77,989050,130144,1119194,1,0,0,2560,29,7760357980
78,996500,3342,999842,2,0,1,3072,22,4865990402
79,997850,277287,1275137,8,0,0,53248,22,3488339270
80,1000120,1518,1001638,1,0,1,1536,29,6239156692
81,1031721,80832,1112553,7,0,0,512,25,4157922552
82,1061220,231560,1292780,6,0,0,20992,18,5682429898
83,1095980,77356,1173336,3,0,1,92672,13,2775280492
84,1112770,113835,1226605,8,0,0,9216,22,8059191141
85,1135750,38463,1174213,6,0,1,5120,18,3364625646
86,1144951,165457,1310408,7,0,0,512,25,6839591864
87,1151680,227088,1378768,2,0,0,1024,22,5137666781
88,1162790,38785,1201575,9,0,1,19456,26,2563458719
89,1172990,361224,1534214,5,0,0,46080,8,10635120221
90,1180880,20710,1201590,2,0,1,1024,22,7500079266
91,1182331,202459,1384790,7,0,0,1536,25,3459452348
92,1183480,18125,1201605,2,0,1,2048,22,1861542242
93,1210120,348771,1558891,5,0,0,34304,8,1685352090
94,1214370,79049,1293419,2,0,0,2048,22,10495731026
95,1217300,566,1217866,7,0,1,512,25,10009794247
96,1221410,157031,1378441,5,0,0,30208,8,3119564563
97,1250820,155688,1406508,0,0,0,62464,29,653184893
98,1289080,11561,1300641,1,0,1,7680,29,3032304444
99,1299760,333245,1633005,1,0,0,2560,29,540127751
100,1303060,324291,1627351,4,0,0,188416,14,3405148612
101,1307390,184978,1492368,0,0,0,14336,29,8331262803
102,1319050,187519,1506569,2,0,0,512,22,6707930223
103,1324951,1994,1326945,5,0,1,2048,8,7897341682
104,1343290,205107,1548397,8,0,0,31232,22,1647890175
105,1343570,2470,1346040,6,0,1,2560,18,292428399
106,1353050,3898,1356948,6,0,1,4096,18,3888079567
107,1405560,1506,1407066,6,0,1,512,18,6165908665
108,1424050,135036,1559086,1,0,0,512,29,1426180864
109,1424600,4850,1429450,7,0,1,5120,25,82451440
110,1431580,200630,1632210,4,0,0,15872,14,3011974662
111,1447960,253373,1701333,9,0,0,45568,26,2734443417
112,1463440,198202,1661642,6,0,0,18432,18,9317530079
113,1473220,2470,1475690,2,0,1,2560,22,4277763580
114,1473810,3506,1477316,1,0,1,2560,29,1117251364
115,1516890,116450,1633340,1,0,0,1024,29,7075538251
116,1526371,8877,1535248,5,0,1,1024,8,9089387144
117,1540570,23606,1564176,1,0,1,5632,29,10061611162
118,1543440,22682,1566122,1,0,1,3072,29,5753149117
119,1548730,18058,1566788,6,0,1,1024,18,4080994141
120,1555300,12154,1567454,6,0,1,1024,18,477703042
121,1576480,304198,1880678,9,0,0,119808,26,9617436743
122,1615930,18411,1634341,2,0,1,1024,22,4528943294
123,1665280,178879,1844159,8,0,0,25600,22,6502047418
124,1673750,6278,1680028,1,0,1,6656,29,9065418768
125,1691140,11227,1702367,2,0,1,1024,22,10372133378
126,1702860,62590,1765450,1,0,0,512,29,9106509122
127,1705690,257735,1963425,0,0,0,97280,29,3152251252
128,1718620,2470,1721090,6,0,1,2560,18,586112917
129,1738690,2470,1741160,6,0,1,2560,18,4187189342
130,1765100,115601,1880701,3,0,1,166912,13,6373053166
131,1780980,99736,1880716,6,0,1,7168,18,845060177
132,1794510,86221,1880731,7,0,1,4608,25,4892351716
133,1849520,33164,1882684,8,0,1,2048,22,8023051887
134,1883340,5326,1888666,1,0,1,5632,29,5930678941
135,1895900,7230,1903130,3,0,1,7680,13,9286017206
136,1902771,178765,2081536,7,0,0,1536,25,6454903326
137,1946001,110456,2056457,7,0,0,512,25,3408726878
138,1948350,16610,1964960,1,0,1,1536,29,2327830641
139,1967790,109074,2076864,6,0,0,10752,18,4226893085
140,1982430,2470,1984900,1,0,1,2560,29,45740565
141,2000750,169760,2170510,9,0,0,6144,26,9979716110
142,2002440,74907,2077347,2,0,0,1536,22,9550545534
143,2025610,1042,2026652,7,0,1,1024,25,1986407785
144,2034241,113000,2147241,7,0,0,1536,25,7300056062
145,2104171,239375,2343546,7,0,0,1024,25,271700324
146,2106511,55049,2161560,7,0,0,1024,25,4612290775
147,2122620,97613,2220233,3,0,1,163328,13,5661398382
148,2127620,163569,2291189,0,0,0,8192,29,9024707810
149,2131090,293303,2424393,6,0,0,46592,18,3120953410
150,2140430,153441,2293871,6,0,0,8704,18,5350300934
151,2143630,77909,2221539,1,0,1,2048,29,7990121898
152,2151981,213828,2365809,7,0,0,512,25,2216214773
153,2163180,59127,2222307,7,0,1,11776,25,9828005852
154,2171510,256338,2427848,9,0,0,11264,26,4221407692
155,2175680,152477,2328157,2,0,0,512,22,7537721815
156,2200431,228554,2428985,7,0,0,512,25,6387069871
157,2201380,21695,2223075,1,0,1,11776,29,4290771630
158,2247360,13770,2261130,7,0,1,26624,25,2401950836
159,2276740,1042,2277782,6,0,1,1024,18,1330106784
160,2282660,8544,2291204,1,0,1,6656,29,10615889568
161,2323840,81128,2404968,8,0,0,11776,22,1747576736
162,2346310,82333,2428643,6,0,0,2560,18,8011675141
163,2368560,60254,2428814,1,0,0,512,29,4353955070
164,2381320,4850,2386170,6,0,1,5120,18,9679385055
165,2386510,125285,2511795,1,0,0,1024,29,8914818050
166,2413270,185938,2599208,4,0,0,15360,14,9670116332
167,2423930,7993,2431923,6,0,1,3072,18,5007589650
168,2429270,155591,2584861,4,0,0,33792,14,3205043855
169,2538810,278503,2817313,4,0,0,75264,14,2054152090
170,2547940,4850,2552790,6,0,1,5120,18,814075786
171,2557370,285128,2842498,9,0,0,67072,26,10633749058
172,2561770,82820,2644590,9,0,0,12288,26,974342948
173,2563730,228710,2792440,6,0,0,87552,18,7929135824
174,2568660,186766,2755426,8,0,0,5120,22,10540765786
175,2583000,66061,2649061,0,0,0,6656,29,200840168
176,2591830,7393,2599223,1,0,1,3072,29,588068676
177,2624230,197630,2821860,4,0,0,14848,14,8839938330
178,2633250,110488,2743738,1,0,0,2048,29,5767135123
179,2662600,130635,2793235,8,0,0,2560,22,5928760399
180,2679811,142236,2822047,7,0,0,512,25,8421933293
181,2685991,1042,2687033,7,0,1,1024,25,1015224678
182,2694420,99930,2794350,6,0,0,3584,18,8113434339
183,2737070,121336,2858406,6,0,0,9216,18,1122030886
184,2773641,68880,2842521,0,0,1,2048,29,6729100762
185,2777440,65096,2842536,6,0,1,1536,18,7821465411
186,2785530,57029,2842559,7,0,1,4608,25,5454567028
187,2808380,83090,2891470,1,0,0,2048,29,10633772273
188,2823430,70269,2893699,2,0,0,2048,22,3291560512
189,2883220,47288,2930508,2,0,0,1536,22,4267556968
190,2926320,3645,2929965,6,0,1,10240,18,8917292695
191,2945430,106808,3052238,8,0,0,50688,22,10233755117
192,2950340,566,2950906,2,0,1,512,22,10245266062
193,2958560,100401,3058961,4,0,0,22016,14,4460853597
194,2968330,4850,2973180,7,0,1,5120,25,224408408
195,2985071,122161,3107232,7,0,0,1024,25,1111565955
196,2995350,3387,2998737,7,0,1,9728,25,6910034046
197,3050930,88626,3139556,8,0,0,11264,22,7745228033
198,3088960,155334,3244294,4,0,0,35840,14,6991262871
199,3089330,166046,3255376,1,0,0,512,29,9955116441
200,3115850,4162,3120012,7,0,1,11264,25,10042198396
201,3117540,4261,3121801,6,0,1,2560,18,7673692511
202,3147370,3422,3150792,6,0,1,3584,18,1669939387
203,3222541,48980,3271521,7,0,0,2048,25,3504966866
204,3234470,12286,3246756,7,0,1,2560,25,8660999334
205,3252480,99008,3351488,8,0,0,25088,22,6555782870
206,3265220,45596,3310816,2,0,0,1024,22,3659690130
207,3300900,1042,3301942,1,0,1,1024,29,48289395
208,3306160,6278,3312438,1,0,1,6656,29,4468645918
209,3307370,5632,3313002,2,0,1,10752,22,10243183636
210,3358731,160491,3519222,7,0,0,512,25,9061535366
211,3375240,2470,3377710,1,0,1,2560,29,10363656929
212,3381600,159282,3540882,0,0,0,48640,29,1499581595
213,3384010,227613,3611623,8,0,0,107520,22,1945513656
214,3407330,94703,3502033,2,0,0,1024,22,8094416384
215,3417950,328331,3746281,9,0,0,155136,26,1928256378
216,3419511,135504,3555015,7,0,0,1024,25,8285921475
217,3437920,87779,3525699,8,0,0,7168,22,6035574534
218,3448710,123428,3572138,1,0,0,1536,29,4774483425
219,3475810,2470,3478280,6,0,1,2560,18,6757819101
220,3484290,3128,3487418,7,0,1,9216,25,972786397
221,3486890,178780,3665670,0,0,0,47616,29,5986185847
222,3510990,3898,3514888,7,0,1,4096,25,10552124930
223,3522440,165924,3688364,2,0,0,1536,22,7728905259
224,3525080,15817,3540897,6,0,1,7680,18,5532968271
225,3545690,203882,3749572,6,0,0,10752,18,8442155526
226,3549880,220093,3769973,4,0,0,12800,14,8076400393
227,3554490,11533,3566023,1,0,1,18944,29,9067035624
228,3558381,258876,3817257,7,0,0,1024,25,3283535258
229,3574930,242000,3816930,2,0,0,2048,22,8990036868
230,3617800,297944,3915744,4,0,0,125952,14,2869477805
231,3633990,182293,3816283,8,0,0,40960,22,5327214727
232,3658780,20499,3679279,6,0,1,23040,18,9123316225
233,3663410,97228,3760638,8,0,0,9216,22,4396057172
234,3689290,226633,3915923,1,0,0,512,29,9675153604
235,3744170,7405,3751575,7,0,1,2048,25,1786530361
236,3744641,239046,3983687,7,0,0,512,25,1455205655
237,3751320,232196,3983516,4,0,0,118272,14,7516986275
238,3765400,269302,4034702,4,0,0,53248,14,1659973087
239,3777790,5326,3783116,6,0,1,5632,18,2927213303
240,3807200,133181,3940381,0,0,0,16384,29,3476468120
241,3817220,1547,3818767,7,0,1,1536,25,308194232
242,3820431,265296,4085727,7,0,0,512,25,7656012060
243,3828130,566,3828696,1,0,1,512,29,3488641171
244,3903350,15478,3918828,1,0,1,3072,29,959575147
245,3974400,22791,3997191,6,0,1,26112,18,1081113361
246,3983741,55231,4038972,7,0,0,1536,25,3820039137
247,4014800,45596,4060396,2,0,0,1024,22,5977984681
248,4017121,82868,4099989,7,0,0,3072,25,4143406899
249,4062390,151141,4213531,1,0,0,1024,29,5105795361
250,4066740,1994,4068734,7,0,1,2048,25,10137684553
251,4067180,3500,4070680,7,0,1,3072,25,6008980738
252,4069430,167483,4236913,1,0,0,1024,29,2689762362
253,4077420,180332,4257752,6,0,0,36864,18,8895133203
254,4086810,208922,4295732,4,0,0,45568,14,7582233180
255,4128440,43904,4172344,1,0,0,512,29,595638240
256,4137990,79791,4217781,8,0,0,512,22,4267676508
257,4176230,47444,4223674,1,0,0,2048,29,9167781307
258,4207720,3422,4211142,6,0,1,3584,18,7774488117
259,4256280,129647,4385927,6,0,0,65536,18,1181035719
260,4257671,108273,4365944,7,0,0,1536,25,6467775264
261,4268400,50084,4318484,1,0,0,2048,29,1526033789
262,4274540,46567,4321107,1,0,0,512,29,4305189280
263,4277510,1518,4279028,8,0,1,1536,22,1198879221
264,4278210,17537,4295747,1,0,1,4096,29,8409329059
265,4285350,16191,4301541,8,0,1,6144,22,3531010360
266,4326410,4162,4330572,1,0,1,11264,29,5014632594
267,4345010,2946,4347956,8,0,1,3072,22,7306126661
268,4363220,60445,4423665,1,0,0,1024,29,7126384927
269,4437690,43904,4481594,1,0,0,512,29,5965923980
270,4440080,3422,4443502,8,0,1,3584,22,6305260279
271,4469800,176989,4646789,6,0,0,45568,18,9093115901
272,4470060,45596,4515656,6,0,0,1024,18,3606436713
273,4501540,255380,4756920,8,0,0,92160,22,10613912746
274,4549380,3645,4553025,1,0,1,10240,29,5061653773
275,4559890,87241,4647131,1,0,0,1024,29,4779285886
276,4560761,68378,4629139,7,0,0,1024,25,1954182587
277,4587650,3128,4590778,1,0,1,9216,29,5862213437
278,4594350,193002,4787352,6,0,0,30720,18,5281252349
279,4607860,114086,4721946,9,0,0,23552,26,1962278859
280,4632570,14234,4646804,1,0,1,3584,29,10315749834
281,4653540,140640,4794180,6,0,0,12800,18,17252591
282,4660360,566,4660926,1,0,1,512,29,5104768938
283,4672090,13600,4685690,3,0,1,23040,13,7376457941
284,4694010,5971,4699981,6,0,1,14848,18,10065529325
285,4815580,363506,5179086,0,0,0,10752,29,644349365
286,4822100,43904,4866004,1,0,0,512,29,2150039492
287,4872920,126370,4999290,8,0,0,9216,22,572501525
288,4908190,118352,5026542,4,0,0,88576,14,2327660645
289,4921600,251372,5172972,9,0,0,189952,26,491879675
290,4922050,275786,5197836,4,0,0,54272,14,8654896987
291,4957270,243717,5200987,0,0,0,10240,29,10363645961
292,4978140,10241,4988381,8,0,1,16384,22,126639136
293,4982630,193165,5175795,8,0,0,9216,22,7681468243
294,5010840,21496,5032336,8,0,1,6144,22,2361442210
295,5052630,1994,5054624,6,0,1,2048,18,2499746889
296,5069870,111415,5181285,6,0,0,7168,18,2144484493
297,5082280,566,5082846,7,0,1,512,25,9152421713
298,5110540,1042,5111582,6,0,1,1024,18,905184594
299,5175170,27770,5202940,8,0,1,2048,22,5675730872
300,5177280,138906,5316186,0,0,0,76288,29,262560450
301,5252880,100724,5353604,4,0,0,30720,14,398826130
302,5277770,60371,5338141,0,0,0,2048,29,2917263414
303,5310241,55890,5366131,7,0,0,2048,25,3279664941
304,5321360,6278,5327638,6,0,1,6656,18,7339848029
305,5340190,14117,5354307,8,0,1,24064,22,1571171872
306,5344660,140610,5485270,2,0,0,1536,22,9518059004
307,5367260,97940,5465200,4,0,0,26624,14,9721476029
308,5388040,566,5388606,7,0,1,512,25,8870743508
309,5388830,125324,5514154,6,0,0,75264,18,9293362409
310,5394720,85906,5480626,2,0,0,512,22,3144697292
311,5404000,165210,5569210,8,0,0,2560,22,4777742028
312,5417890,170262,5588152,0,0,0,20480,29,1469932887
313,5447480,96908,5544388,4,0,0,23040,14,4267823430
314,5450090,184280,5634370,0,0,0,9728,29,2574878570
315,5455540,9683,5465223,7,0,1,5632,25,9860706689
316,5458710,9453,5468163,1,0,1,3072,29,4408643295
317,5461390,7119,5468509,7,0,1,512,25,9091904100
318,5466050,4085,5470135,1,0,1,2560,29,7304396275
319,5511450,6611,5518061,7,0,1,4096,25,1917129589
320,5512240,10967,5523207,1,0,1,8192,29,6719295792
321,5537660,211825,5749485,0,0,0,36864,29,2139886351
322,5577590,232207,5809797,6,0,0,10752,18,7434325305
323,5592030,4937,5596967,1,0,1,12800,29,6808135227
324,5641630,2946,5644576,7,0,1,3072,25,1508337614
325,5642660,3862,5646522,7,0,1,3072,25,8840899230
326,5660930,1518,5662448,8,0,1,1536,22,6375892581
327,5676780,6754,5683534,7,0,1,7168,25,7224610005
328,5730470,3128,5733598,7,0,1,9216,25,5604041056
329,5765250,7230,5772480,8,0,1,7680,22,6409131829
330,5768230,71961,5840191,2,0,0,1024,22,7349051545
331,5794750,133445,5928195,4,0,0,74240,14,3585166359
332,5803470,6342,5809812,7,0,1,5120,25,4786802328
333,5804890,4937,5809827,8,0,1,512,22,9455689710
334,5836000,2946,5838946,1,0,1,3072,29,7805875813
335,5881891,54056,5935947,7,0,0,3584,25,10091600323
336,5916020,106784,6022804,4,0,0,512,14,3793784857
337,5918960,154400,6073360,8,0,0,136192,22,8919776180
338,5920150,190986,6111136,9,0,0,20992,26,1215399942
339,5920580,19990,5940570,8,0,1,20480,22,5094192607
340,5937650,190661,6128311,4,0,0,56320,14,1932422780
341,5955490,1994,5957484,1,0,1,2048,29,9759691764
342,5967250,1518,5968768,1,0,1,1536,29,9406750724
343,5980500,3422,5983922,8,0,1,3584,22,2192071337
344,6002080,164250,6166330,4,0,0,24576,14,10254324997
345,6002390,190106,6192496,4,0,0,10752,14,8064658057
346,6011850,166975,6178825,8,0,0,40960,22,5286216300
347,6073460,566,6074026,8,0,1,512,22,10194126842
348,6122730,8043,6130773,1,0,1,2560,29,5365919667
349,6166860,55861,6222721,1,0,0,512,29,6784600612
350,6200050,3898,6203948,8,0,1,4096,22,10330900213
351,6201281,102778,6304059,7,0,0,1024,25,8297839006
352,6232950,1042,6233992,1,0,1,1024,29,5152661481
353,6236870,7230,6244100,1,0,1,7680,29,8369456095
354,6250570,152747,6403317,0,0,0,98816,29,2658650632
355,6316780,158336,6475116,1,0,0,512,29,4430568572
356,6394290,15507,6409797,7,0,1,15872,25,3459560035
357,6414810,4850,6419660,7,0,1,5120,25,8157906244
358,6429790,6754,6436544,1,0,1,7168,29,3227882517
359,6431200,96291,6527491,9,0,0,23552,26,3177142017
360,6438450,43904,6482354,2,0,0,512,22,9235665632
361,6443000,209479,6652479,0,0,0,64512,29,4719908724
362,6447070,1994,6449064,8,0,1,2048,22,5271746196
363,6453090,227158,6680248,6,0,0,43008,18,7646963930
364,6515320,4850,6520170,1,0,1,5120,29,3159373720
365,6517840,104676,6622516,4,0,0,14848,14,8866173153
366,6581870,1994,6583864,8,0,1,2048,22,3715949657
367,6585290,103016,6688306,8,0,0,17920,22,10542402821
368,6597660,151426,6749086,4,0,0,40960,14,4933685185
369,6626760,1042,6627802,8,0,1,1024,22,8837772758
370,6636081,113192,6749273,7,0,0,512,25,8949898221
371,6675240,120367,6795607,3,0,1,187904,13,5508799457
372,6700900,263537,6964437,4,0,0,11776,14,2077968314
373,6708490,184197,6892687,0,0,0,30720,29,1784389484
374,6741030,91423,6832453,8,0,0,512,22,9825243523
375,6745830,53963,6799793,7,0,1,6656,25,3660371992
376,6755090,46969,6802059,1,0,1,3584,29,5102834100
377,6757310,148038,6905348,1,0,0,512,29,9100002576
378,6757970,219711,6977681,2,0,0,512,22,9271961333
379,6765010,37395,6802405,8,0,1,512,22,1892769957
380,6779051,125936,6904987,7,0,0,512,25,4004512130
381,6782651,274416,7057067,7,0,0,2048,25,9484941573
382,6784180,18686,6802866,1,0,1,10240,29,3297429962
383,6787380,245909,7033289,8,0,0,1536,22,3320990894
384,6814510,241895,7056405,0,0,0,54272,29,6767802730
385,6839550,6278,6845828,8,0,1,6656,22,8980719441
386,6850931,10499,6861430,0,0,1,16896,29,8716616176
387,6879711,12991,6892702,0,0,1,13824,29,7843177035
388,6885840,140941,7026781,4,0,0,21504,14,8747890934
389,6914100,2470,6916570,7,0,1,2560,25,6925069509
390,6932890,140513,7073403,8,0,0,3072,22,1365869258
391,6948731,57658,7006389,7,0,0,1024,25,9407768155
392,6997201,60209,7057410,7,0,0,1024,25,2911620266
393,7001110,77721,7078831,0,0,0,9728,29,4566616580
394,7012731,105276,7118007,7,0,0,1024,25,10119925974
395,7035160,139337,7174497,6,0,0,18944,18,328118191
396,7036450,19970,7056420,8,0,1,4608,22,2931587595
397,7045900,195878,7241778,4,0,0,17408,14,2184411662
398,7048800,64007,7112807,9,0,0,4096,26,8187628271
399,7050800,68899,7119699,1,0,0,1536,29,643748470
400,7076930,236212,7313142,6,0,0,114688,18,7393123436
401,7077990,2376,7080366,7,0,1,1536,25,2029127826
402,7087460,5326,7092786,8,0,1,5632,22,2451306028
403,7097461,45179,7142640,4,0,1,77824,14,1063172359
404,7157650,172519,7330169,0,0,0,55808,29,6109575010
405,7174380,242342,7416722,4,0,0,23552,14,218068274
406,7190770,215004,7405774,1,0,0,1024,29,8049330584
407,7218480,250553,7469033,4,0,0,79872,14,10329371028
408,7228240,125034,7353274,9,0,0,22528,26,1496952683
409,7228720,246256,7474976,0,0,0,19456,29,3097344593
410,7241261,165893,7407154,7,0,0,512,25,4516809100
411,7242970,191256,7434226,0,0,0,8704,29,7286775693
412,7254920,168352,7423272,9,0,0,5632,26,5165867036
413,7263580,4162,7267742,6,0,1,11264,18,10311870362
414,7281340,49354,7330694,7,0,1,512,25,10650379365
415,7341250,78010,7419260,1,0,0,512,29,5307981935
416,7399841,3645,7403486,0,0,1,10240,29,3918890028
417,7408950,189447,7598397,4,0,0,25088,14,4874828621
418,7421350,56932,7478282,9,0,0,1536,26,243462470
419,7424151,5196,7429347,0,0,1,13312,29,1146531472
420,7436620,5802,7442422,6,0,1,6144,18,5094528707
421,7459590,19318,7478908,2,0,1,4096,22,3269588534
422,7465770,94649,7560419,4,0,0,10752,14,349499103
423,7473800,210512,7684312,8,0,0,17408,22,2881445188
424,7489510,167752,7657262,4,0,0,10240,14,7569804710
425,7512101,57113,7569214,0,0,1,97792,29,1749850574
426,7560410,257166,7817576,9,0,0,101376,26,4026814433
427,7576060,82951,7659011,9,0,0,3584,26,4175581679
428,7589340,338031,7927371,8,0,0,17408,22,1298992667
429,7692060,94106,7786166,1,0,0,1024,29,423078697
430,7694140,66715,7760855,8,0,0,9216,22,8374684021
431,7728801,50999,7779800,0,0,1,82432,29,1605877939
432,7734760,45386,7780146,7,0,1,512,25,5159715767
433,7737770,109833,7847603,9,0,0,17408,26,3123168603
434,7748320,85957,7834277,1,0,0,512,29,7604680461
435,7750010,281041,8031051,9,0,0,71168,26,1374775560
436,7780000,167237,7947237,9,0,0,24064,26,3350754910
437,7783751,1994,7785745,7,0,1,2048,25,9286449178
438,7835980,138596,7974576,4,0,0,7168,14,5030684339
439,7879261,1994,7881255,0,0,1,2048,29,6474219016
440,7885221,6754,7891975,0,0,1,7168,29,10652062738
441,7892261,105242,7997503,0,0,1,171520,29,6273089457
442,7892370,226898,8119268,0,0,0,15360,29,9055239236
443,7909110,193844,8102954,1,0,0,1024,29,3866984851
444,7927671,70805,7998476,0,0,1,12800,29,410959373
445,7940620,125886,8066506,1,0,0,2560,29,10474478109
446,7941550,89672,8031222,2,0,0,512,22,6372135844
447,7946051,114179,8060230,7,0,0,7168,25,6469732139
448,8001121,33850,8034971,0,0,1,55808,29,593169914
449,8003941,31376,8035317,7,0,1,512,25,13051273
450,8060740,166010,8226750,2,0,0,1536,22,5725045676
451,8107260,45596,8152856,2,0,0,1024,22,10631527609
452,8128340,566,8128906,8,0,1,512,22,9955449394
453,8135680,4374,8140054,2,0,1,4608,22,3421200330
454,8160551,137337,8297888,0,0,1,227328,29,3229970733
455,8207030,121323,8328353,1,0,0,512,29,1646054416
456,8221591,180653,8402244,7,0,0,1536,25,9737656831
457,8236771,62090,8298861,5,0,1,12800,8,7172372293
458,8242880,245761,8488641,1,0,0,1024,29,4532170645
459,8247980,56578,8304558,8,0,1,18944,22,3012482338
460,8248890,174521,8423411,1,0,0,512,29,1710093566
461,8274060,183956,8458016,0,0,0,13824,29,9909712054
462,8276310,186413,8462723,8,0,0,7680,22,2833475310
463,8278570,144670,8423240,2,0,0,512,22,6666041165
464,8323420,144491,8467911,9,0,0,9728,26,6144027535
465,8385820,121909,8507729,0,0,0,33280,29,3470808820
466,8392320,143359,8535679,4,0,0,8192,14,10648063759
467,8412260,143148,8555408,1,0,0,33792,29,1399737930
468,8416211,5326,8421537,5,0,1,5632,8,4758353141
469,8424050,98802,8522852,9,0,0,2560,26,2851980953
470,8499601,11542,8511143,5,0,1,3584,8,2471915746
471,8537171,32816,8569987,0,0,1,53760,29,8392413380
472,8577600,65300,8642900,9,0,0,10240,26,1302633363
473,8581940,150098,8732038,1,0,0,51712,29,4783930350
474,8599140,158372,8757512,4,0,0,19968,14,2947238308
475,8610090,90716,8700806,2,0,0,2560,22,4757812386
476,8626770,121898,8748668,9,0,0,1024,26,9848498408
477,8638540,139374,8777914,9,0,0,40960,26,6061971965
478,8674051,138615,8812666,7,0,0,1536,25,6505365331
479,8681460,156766,8838226,1,0,0,14848,29,2930607630
480,8701321,1994,8703315,5,0,1,2048,8,2143106177
481,8764430,110216,8874646,9,0,0,18432,26,5173497622
482,8799300,102440,8901740,1,0,0,36352,29,786165915
483,8807120,208545,9015665,1,0,0,118784,29,4208088788
484,8809270,219217,9028487,0,0,0,38400,29,8629148
485,8820970,101052,8922022,2,0,0,512,22,4662810467
486,8829660,100666,8930326,9,0,0,2560,26,7680200295
487,8847490,4374,8851864,7,0,1,4608,25,8479569135
488,8896870,144660,9041530,9,0,0,37376,26,7547604228
489,8907890,120932,9028822,2,0,0,1024,22,2142121633
490,8910131,5712,8915843,7,0,1,14336,25,2902322405
491,8932760,84012,9016772,2,0,0,3584,22,9021621638
492,8935841,3422,8939263,7,0,1,3584,25,10024602584
493,8968900,118740,9087640,8,0,0,36352,22,5487638574
494,8986811,54734,9041545,7,0,1,5120,25,3437803927
495,9045501,5802,9051303,7,0,1,6144,25,7749866600
496,9092240,99164,9191404,8,0,0,25600,22,10534936402
497,9111930,147689,9259619,0,0,0,10240,29,3236745825
498,9144341,6754,9151095,7,0,1,7168,25,3327638894
499,9176201,15218,9191419,5,0,1,8192,8,1767649545
500,9186190,64584,9250774,2,0,0,1024,22,727718983
501,9198541,33075,9231616,4,0,1,54272,14,5410634781
502,9218020,109104,9327124,9,0,0,28672,26,1557676730
503,9268500,152352,9420852,4,0,0,5120,14,7792709196
504,9279930,180018,9459948,9,0,0,22528,26,1371940733
505,9288661,566,9289227,7,0,1,512,25,587025846
506,9293831,4374,9298205,5,0,1,4608,8,3941797034
507,9294810,186213,9481023,1,0,0,69120,29,106807593
508,9295821,4650,9300471,7,0,1,3584,25,1801336906
509,9301800,320303,9622103,1,0,0,59904,29,9619184042
510,9323681,157825,9481506,7,0,0,1536,25,7345862734
511,9326320,87025,9413345,0,0,0,13312,29,4122522559
512,9335231,45596,9380827,7,0,0,1024,25,3263891455
513,9346530,207203,9553733,9,0,0,63488,26,4701593544
514,9386540,129336,9515876,0,0,0,40448,29,3946351533
515,9401471,86587,9488058,7,0,0,512,25,5383298888
516,9410990,159074,9570064,0,0,0,50688,29,3466784092
517,9411400,169702,9581102,4,0,0,21504,14,2373048345
518,9488151,6278,9494429,5,0,1,6656,8,8596345402
519,9533471,88959,9622430,7,0,0,1024,25,5477087743
520,9540671,86718,9627389,7,0,0,512,25,7549033636
521,9670040,6278,9676318,8,0,1,6656,22,7250670812
522,9687840,190625,9878465,2,0,0,512,22,4040718313
523,9725900,89612,9815512,0,0,0,19456,29,7334218738
524,9734110,66882,9800992,8,0,0,512,22,10568983782
525,9735300,126206,9861506,2,0,0,1024,22,3271164544
526,9741521,5326,9746847,5,0,1,5632,8,168909553
527,9743950,93959,9837909,0,0,0,15872,29,9118555451
528,9758991,133963,9892954,7,0,0,1024,25,5807306276
529,9767220,71172,9838392,8,0,0,1536,22,1167065793
530,9780240,47600,9827840,4,0,0,2560,14,10301521272
531,9787210,566,9787776,8,0,1,512,22,5753625674
532,9791720,127532,9919252,1,0,0,48640,29,2309368104
533,9845570,104552,9950122,4,0,0,7680,14,5904650051
534,9868640,90992,9959632,0,0,0,18944,29,9215940864
535,9913680,49468,9963148,8,0,0,512,22,2344100566
536,9916601,5614,9922215,7,0,1,3072,25,9925032829
537,9924540,115372,10039912,0,0,0,43520,29,3317382776
538,9944921,63611,10008532,7,0,0,1024,25,6608975478
539,9976120,566,9976686,2,0,1,512,22,2398907110
540,9992511,3422,9995933,7,0,1,3584,25,5284561921
541,10045500,47288,10092788,8,0,0,1536,22,5864272480
542,10087880,114920,10202800,1,0,0,77312,29,9222288091
543,10136830,86262,10223092,4,0,0,512,14,3080357055
544,10163180,108716,10271896,4,0,0,24576,14,2105302442
545,10200550,6140,10206690,2,0,1,4096,22,5274021617
546,10209030,151204,10360234,0,0,0,86528,29,7874473642
547,10213110,159478,10372588,9,0,0,40448,26,5824553952
548,10333770,26479,10360249,2,0,1,1536,22,4634259199
549,10363670,54506,10418176,4,0,0,1024,14,7152116863
550,10373601,45596,10419197,7,0,0,1024,25,3874296045
551,10402770,6754,10409524,1,0,1,7168,29,1006018047
552,10429680,47288,10476968,2,0,0,1536,22,2022533337
553,10429890,43904,10473794,8,0,0,512,22,9432833162
554,10459051,43458,10502509,0,0,1,71168,29,8515807669
555,10515970,22174,10538144,2,0,1,36352,22,7937379479
556,10516411,67683,10584094,7,0,0,2048,25,6136321879
557,10525110,19243,10544353,8,0,1,21504,22,1287975253
558,10546450,49556,10596006,8,0,0,512,22,8146579103
559,10546840,162960,10709800,1,0,0,105984,29,6893272658
560,10556740,3387,10560127,8,0,1,9728,22,970360069
561,10574910,3422,10578332,2,0,1,3584,22,2071528414
562,10576530,133776,10710306,8,0,0,1024,22,9995060815
563,10587600,11274,10598874,2,0,1,18432,22,8844638097
564,10605270,1994,10607264,2,0,1,2048,22,8424827836
565,10614660,322557,10937217,4,0,0,124416,14,6573149735
566,10622041,176100,10798141,7,0,0,1024,25,4661768964
567,10637190,72789,10709979,8,0,0,512,22,1512201829
568,10657301,145437,10802738,7,0,0,1024,25,8989776243
569,10661311,168692,10830003,7,0,0,512,25,1772897204
570,10673340,117422,10790762,8,0,0,2048,22,7743446051
571,10687490,338366,11025856,1,0,0,27648,29,3621240526
572,10700960,138985,10839945,4,0,0,16896,14,3658050477
573,10720050,1518,10721568,8,0,1,1536,22,6791431896
574,10761631,10499,10772130,0,0,1,16896,29,9044106601
575,10792090,206532,10998622,1,0,0,90624,29,4357184452
576,10794290,566,10794856,8,0,1,512,22,9995409481
577,10796190,94639,10890829,2,0,0,512,22,9869918974
578,10864771,3422,10868193,0,0,1,3584,29,3317520701
579,10886800,192014,11078814,9,0,0,13312,26,1488614416
580,10918261,29206,10947467,0,0,1,16384,29,9501890887
581,10925450,149293,11074743,4,0,0,48128,14,5050414814
582,10944791,180982,11125773,7,0,0,512,25,10232382954
583,11003590,3387,11006977,8,0,1,9728,22,9138812612
584,11013660,146775,11160435,1,0,0,29696,29,5863353910
585,11021270,163975,11185245,4,0,0,39424,14,1877455247
586,11136420,48996,11185416,8,0,0,512,22,4411188875
587,11185800,87008,11272808,4,0,0,20992,14,2270501647
588,11257560,65924,11323484,1,0,0,12288,29,8228542193
589,11257590,188107,11445697,9,0,0,156160,26,8187739724
590,11279581,118152,11397733,7,0,0,1536,25,10675162257
591,11304860,142138,11446998,8,0,0,512,22,3040584202
592,11320060,126767,11446827,2,0,0,2560,22,973652733
593,11335630,59913,11395543,2,0,0,512,22,7735192922
594,11355860,90164,11446024,2,0,0,1024,22,9842108558
595,11406590,191368,11597958,4,0,0,111616,14,2098941383
596,11450420,1042,11451462,8,0,1,1024,22,10504624752
597,11462700,136209,11598909,2,0,0,3072,22,7667943397
598,11558900,171589,11730489,9,0,0,64512,26,8681485589
599,11577900,132918,11710818,4,0,0,8704,14,2192986895
600,11664800,68752,11733552,9,0,0,1536,26,7717401626
601,11668970,121660,11790630,4,0,0,46592,14,7609525266
602,11726120,11115,11737235,8,0,1,7168,22,7201219754
603,11776750,57776,11834526,8,0,0,512,22,1540474414
604,11814311,43904,11858215,7,0,0,512,25,626627732
605,11835170,55304,11890474,3,0,1,94208,13,1744167426
606,11839470,250409,12089879,4,0,0,36864,14,1128768969
607,11850230,101237,11951467,8,0,0,1536,22,9375654310
608,11852790,149443,12002233,9,0,0,10752,26,200438834
609,11917980,130103,12048083,8,0,0,512,22,9783927460
610,11951140,151037,12102177,1,0,0,21504,29,8439050860
611,11998001,45596,12043597,7,0,0,1024,25,7472409050
612,12002120,116267,12118387,1,0,0,23552,29,27624733
613,12025480,6754,12032234,3,0,1,7168,13,7830151990
614,12053190,144175,12197365,9,0,0,54784,26,8116037126
615,12056160,200094,12256254,1,0,0,74240,29,4097346862
616,12064430,211837,12276267,1,0,0,22016,29,9155180075
617,12074501,201937,12276438,7,0,0,512,25,8540897351
618,12085990,78338,12164328,4,0,0,512,14,1125515130
619,12087711,168714,12256425,7,0,0,512,25,3217932341
620,12088280,4111,12092391,8,0,1,2560,22,60738925
621,12122280,147264,12269544,1,0,0,43008,29,5087519375
622,12181950,124477,12306427,8,0,0,1024,22,3740070284
623,12184420,219705,12404125,9,0,0,93696,26,2561440288
624,12296100,21916,12318016,3,0,1,35840,13,2463950101
625,12302900,19622,12322522,3,0,1,7168,13,10541867644
626,12322181,1994,12324175,7,0,1,2048,25,1701822145
627,12325940,23895,12349835,3,0,1,43008,13,7374370218
628,12329610,240198,12569808,9,0,0,29696,26,9853798373
629,12355730,65231,12420961,2,0,0,512,22,6751081622
630,12428851,3422,12432273,7,0,1,3584,25,9763807575
631,12457980,5196,12463176,3,0,1,13312,13,7233335058
632,12462391,1771,12464162,7,0,1,1536,25,8367872310
633,12502100,207129,12709229,4,0,0,72192,14,5062700136
634,12518231,84499,12602730,7,0,0,512,25,2489299185
635,12530860,43904,12574764,8,0,0,512,22,1746540757
636,12555520,310927,12866447,9,0,0,82944,26,181469827
637,12565210,10392,12575602,8,0,1,6144,22,938007226
638,12579470,95453,12674923,9,0,0,7168,26,8329227841
639,12619290,155034,12774324,1,0,0,15872,29,8301661364
640,12631240,189331,12820571,9,0,0,93696,26,7797879872
641,12638540,120989,12759529,4,0,0,26624,14,1169216776
642,12646300,114987,12761287,2,0,0,1024,22,3288824656
643,12704880,7986,12712866,2,0,1,10240,22,5730594270
644,12727941,2946,12730887,7,0,1,3072,25,7750288482
645,12763950,116396,12880346,1,0,0,45568,29,7916764175
646,12766830,119358,12886188,2,0,0,512,22,4050837477
647,12771900,231051,13002951,9,0,0,12288,26,6986484442
648,12778060,107941,12886001,4,0,0,18432,14,4670388817
649,12785261,1042,12786303,7,0,1,1024,25,4680503429
650,12826270,92533,12918803,3,0,1,150016,13,4144938893
651,12841340,78449,12919789,8,0,1,1536,22,693242412
652,12863560,239937,13103497,4,0,0,23040,14,162300472
653,12863840,56205,12920045,3,0,1,9216,13,3373865546
654,12904960,15431,12920391,8,0,1,512,22,6084305906
655,12907771,155610,13063381,7,0,0,1536,25,3490878557
656,12923370,217963,13141333,2,0,0,1024,22,9287701459
657,12938970,252848,13191818,9,0,0,44544,26,5891418809
658,13005291,63352,13068643,7,0,0,512,25,7212602642
659,13020860,143903,13164763,1,0,0,11264,29,3252663033
660,13064640,21916,13086556,3,0,1,35840,13,8693369723
661,13126651,1042,13127693,7,0,1,1024,25,10243937575
662,13154710,69076,13223786,8,0,0,1024,22,897044263
663,13191580,49210,13240790,8,0,0,2048,22,5329544279
664,13205951,1994,13207945,4,0,1,2048,14,6214887755
665,13246831,7230,13254061,7,0,1,7680,25,9591531727
666,13250340,101348,13351688,9,0,0,32768,26,1328561551
667,13278091,84421,13362512,7,0,0,512,25,4789971522
668,13281360,1042,13282402,3,0,1,1024,13,6525382234
669,13295730,57221,13352951,4,0,0,4096,14,1594452460
670,13304191,55799,13359990,7,0,0,1024,25,1788240250
671,13356430,85292,13441722,4,0,0,15360,14,9413235223
672,13367810,96154,13463964,8,0,0,1536,22,5036709927
673,13402691,5454,13408145,7,0,1,13824,25,9975245008
674,13405940,48300,13454240,0,0,0,1536,29,4414228871
675,13430010,25187,13455197,3,0,1,45568,13,7192172283
676,13449131,156852,13605983,7,0,0,1024,25,1408200931
677,13452890,7706,13460596,3,0,1,8192,13,10202967357
678,13551771,566,13552337,7,0,1,512,25,2952226616
679,13573430,14804,13588234,3,0,1,28672,13,8506387999
680,13585580,3640,13589220,2,0,1,1536,22,9580919475
681,13606540,2470,13609010,2,0,1,2560,22,8516908643
682,13630930,138682,13769612,9,0,0,91136,26,6134386209
683,13647330,252021,13899351,4,0,0,73728,14,4367727720
684,13647590,140848,13788438,9,0,0,20480,26,10708301402
685,13652250,195921,13848171,1,0,0,1536,29,1249101293
686,13673670,162402,13836072,8,0,0,2048,22,8544184473
687,13701771,130799,13832570,7,0,0,512,25,8157814052
688,13704070,35571,13739641,3,0,1,62464,13,5786377477
689,13738360,83126,13821486,1,0,0,10752,29,5752709334
690,13816320,6278,13822598,2,0,1,6656,22,2435465676
691,13817550,39774,13857324,3,0,1,62976,13,9547274224
692,13821290,115759,13937049,9,0,0,14848,26,1252289114
693,13833730,34526,13868256,3,0,1,35840,13,5563503728
694,13838031,30481,13868512,7,0,1,9216,25,6424939293
695,13838771,60759,13899530,7,0,0,512,25,2956542666
696,13844500,24268,13868768,2,0,1,9216,22,7261971465
697,13869050,99024,13968074,2,0,0,1024,22,1255829010
698,13885041,46747,13931788,4,0,1,52736,14,2939126948
699,13900160,94844,13995004,4,0,0,6144,14,5254504043
700,13999060,4374,14003434,2,0,1,4608,22,1233158613
701,14021380,2946,14024326,2,0,1,3072,22,1032177073
702,14023740,204035,14227775,8,0,0,512,22,8204515305
703,14024190,43904,14068094,8,0,0,512,22,6182767243
704,14041821,3128,14044949,7,0,1,9216,25,1384251979
705,14051811,2470,14054281,7,0,1,2560,25,3478098107
706,14075400,81424,14156824,2,0,0,512,22,6753209612
707,14128711,4850,14133561,7,0,1,5120,25,3177404576
708,14134620,3128,14137748,2,0,1,9216,22,3031415605
709,14177521,1042,14178563,7,0,1,1024,25,3498551994
710,14229831,2470,14232301,7,0,1,2560,25,5226833077
711,14236190,89186,14325376,4,0,0,7680,14,4032664137
712,14282560,146161,14428721,1,0,0,34816,29,5603723653
713,14292270,23895,14316165,3,0,1,43008,13,9353740747
714,14312040,59788,14371828,2,0,0,512,22,1034229213
715,14351400,169037,14520437,4,0,0,512,14,6646106324
716,14368020,85525,14453545,1,0,0,18432,29,4409437484
717,14412410,52364,14464774,8,0,0,3072,22,1824252620
718,14497680,79436,14577116,1,0,0,11264,29,2613491204
719,14503800,130580,14634380,1,0,0,37888,29,6562218232
720,14525361,5802,14531163,7,0,1,6144,25,8514418085
721,14541531,43904,14585435,7,0,0,512,25,10494175427
722,14597910,86516,14684426,4,0,0,14336,14,5416292796
723,14614781,5712,14620493,7,0,1,14336,25,7794981703
724,14617620,247178,14864798,9,0,0,66048,26,6829852459
725,14652440,119106,14771546,1,0,0,15872,29,4827919498
726,14657900,3898,14661798,2,0,1,4096,22,1242853101
727,14688771,58469,14747240,7,0,0,512,25,6834991020
728,14719340,124296,14843636,8,0,0,512,22,3229690211
729,14723870,104976,14828846,1,0,0,35328,29,2377636284
730,14724461,1994,14726455,7,0,1,2048,25,3974306212
731,14736080,176658,14912738,4,0,0,54784,14,9551828486
732,14751970,2470,14754440,2,0,1,2560,22,2849144622
733,14805210,196610,15001820,9,0,0,126464,26,7217482301
734,14832311,2470,14834781,7,0,1,2560,25,7397272723
735,14853951,13967,14867918,4,0,1,9216,14,6263793813
736,14885051,2870,14887921,7,0,1,8704,25,4279622089
737,14885461,27292,14912753,4,0,1,36352,14,7896983902
738,14943421,2946,14946367,7,0,1,3072,25,9174182928
739,14963540,166799,15130339,9,0,0,31232,26,1992054101
740,14983301,30844,15014145,4,0,1,20480,14,7600990415
741,15019450,133514,15152964,1,0,0,27136,29,196583148
742,15023111,1518,15024629,7,0,1,1536,25,5149853789
743,15032771,2470,15035241,7,0,1,2560,25,764739656
744,15069370,189096,15258466,9,0,0,61440,26,5522927516
745,15071390,210803,15282193,2,0,0,1024,22,697807127
746,15098310,90104,15188414,8,0,0,512,22,5674470689
747,15112631,57116,15169747,7,0,0,2048,25,3125715062
748,15122720,159146,15281866,9,0,0,72704,26,6390273520
749,15129411,44832,15174243,4,0,1,75264,14,5886345298
750,15134800,41389,15176189,1,0,1,3072,29,9182883127
751,15156880,63578,15220458,8,0,0,512,22,2710762685
752,15171321,5534,15176855,7,0,1,1024,25,3316658915
753,15196551,110909,15307460,7,0,0,1024,25,2455999235
754,15233211,566,15233777,7,0,1,512,25,8981570664
755,15238801,19680,15258481,4,0,1,10752,14,7616368901
756,15321630,131989,15453619,4,0,0,25088,14,5754231864
757,15383681,99932,15483613,7,0,0,512,25,1919999886
758,15430700,45596,15476296,8,0,0,1024,22,10040684621
759,15433690,47288,15480978,8,0,0,1536,22,1837995238
760,15449390,6708,15456098,8,0,1,2560,22,787647150
761,15451601,15802,15467403,4,0,1,25088,14,2934886532
762,15471340,2870,15474210,8,0,1,8704,22,4810869460
763,15492630,43904,15536534,2,0,0,512,22,8240777057
764,15535820,45596,15581416,2,0,0,1024,22,195181373
765,15547620,102596,15650216,4,0,0,36864,14,2540252869
766,15558921,11274,15570195,4,0,1,18432,14,1337508477
767,15560890,97113,15658003,2,0,0,512,22,4814619033
768,15641510,16508,15658018,8,0,1,8192,22,8375428102
769,15654850,5650,15660500,8,0,1,4096,22,7172525305
770,15656061,8305,15664366,7,0,1,6144,25,10571262160
771,15663080,165241,15828321,8,0,0,2560,22,7502362375
772,15686401,158542,15844943,7,0,0,512,25,2950585126
773,15691280,109616,15800896,1,0,0,59904,29,6753375682
774,15697361,1042,15698403,7,0,1,1024,25,6918489805
775,15700471,65946,15766417,4,0,1,111616,14,7663622861
776,15786630,86636,15873266,2,0,0,512,22,30788323
777,15805671,566,15806237,7,0,1,512,25,8563202263
778,15830850,93436,15924286,8,0,0,1536,22,8555933479
779,15985740,197021,16182761,9,0,0,140800,26,8577153215
780,15994460,92640,16087100,2,0,0,2560,22,3806442324
781,16012191,4420,16016611,7,0,1,11776,25,2980906074
782,16013860,98155,16112015,8,0,0,1536,22,7401852018
783,16085940,138491,16224431,1,0,0,44544,29,3415886738
784,16086490,138112,16224602,8,0,0,512,22,3212392144
785,16095240,43904,16139144,2,0,0,512,22,6665148168
786,16159420,145681,16305101,1,0,0,76288,29,3143578742
787,16179101,7581,16186682,4,0,1,10752,14,8418942792
788,16217221,91331,16308552,4,0,1,136704,14,4363230883
789,16302420,100752,16403172,9,0,0,5632,26,10631136210
790,16381140,169945,16551085,1,0,0,35840,29,9090042527
791,16395861,11274,16407135,4,0,1,18432,14,9539056840
792,16399890,12391,16412281,8,0,1,8192,22,1459707274
793,16402231,15542,16417773,4,0,1,17920,14,9802746061
794,16462960,45596,16508556,2,0,0,1024,22,1912719204
795,16473830,117448,16591278,4,0,0,44544,14,760460076
796,16488470,106107,16594577,9,0,0,10752,26,5347239542
797,16509560,118208,16627768,1,0,0,37888,29,6364266245
798,16534710,139210,16673920,4,0,0,5632,14,6413562957
799,16548700,165944,16714644,9,0,0,75776,26,2503070562
800,16562350,290009,16852359,4,0,0,36352,14,4726243499
801,16578040,18490,16596530,8,0,1,2048,22,6795397587
802,16615340,225928,16841268,1,0,0,161792,29,10179127847
803,16648340,4374,16652714,8,0,1,4608,22,1543090631
804,16666820,186669,16853489,8,0,0,512,22,1068839618
805,16695800,22481,16718281,8,0,1,10240,22,4643864149
806,16717830,135488,16853318,4,0,0,3072,14,6542171814
807,16718210,268911,16987121,9,0,0,77824,26,8798037090
808,16720501,4850,16725351,7,0,1,5120,25,7136120659
809,16825270,277841,17103111,2,0,0,1536,22,8926985091
810,16847430,7586,16855016,6,0,1,1536,18,7500830341
811,16847860,303090,17150950,8,0,0,512,22,681897684
812,16864790,210429,17075219,4,0,0,88576,14,1994488898
813,16878601,2870,16881471,4,0,1,8704,14,3967137803
814,16880681,8327,16889008,4,0,1,8192,14,3632493571
815,16881570,269209,17150779,4,0,0,115200,14,83079817
816,16908950,193678,17102628,9,0,0,61952,26,3560239307
817,16915270,5802,16921072,8,0,1,6144,22,425511313
818,16943251,207902,17151153,7,0,0,512,25,2273366379
819,16951070,264400,17215470,1,0,0,49664,29,4228124488
820,16955590,51257,17006847,3,0,1,82944,13,4304653845
821,17027010,317076,17344086,1,0,0,111616,29,3486518099
822,17032091,152295,17184386,7,0,0,1024,25,7098185486
823,17038420,134406,17172826,1,0,0,3584,29,260275733
824,17120790,228303,17349093,9,0,0,16384,26,5210779485
825,17124290,100144,17224434,8,0,0,4096,22,8350905972
826,17128110,119730,17247840,2,0,0,23040,22,10693496269
827,17134340,166588,17300928,1,0,0,21504,29,6717753997
828,17144350,11474,17155824,9,0,1,12288,26,584216320
829,17164231,89004,17253235,7,0,0,1024,25,6431019089
830,17180011,35474,17215485,4,0,1,47104,14,9919982169
831,17282900,110524,17393424,4,0,0,45568,14,7609775598
832,17349471,26221,17375692,4,0,1,47616,14,650761290
833,17356890,124717,17481607,1,0,0,30208,29,10118732502
834,17369860,214963,17584823,1,0,0,83968,29,3554871086
835,17403991,1994,17405985,5,0,1,2048,8,3728381581
836,17433341,81632,17514973,4,0,1,132096,14,4389387390
837,17452090,68477,17520567,8,0,1,18432,22,10494684200
838,17485050,364828,17849878,4,0,0,78848,14,8949446341
839,17527241,3422,17530663,5,0,1,3584,8,1739484979
840,17531120,229484,17760604,4,0,0,13824,14,4699405555
841,17542100,3904,17546004,1,0,1,10752,29,3969727089
842,17564800,83779,17648579,2,0,0,10240,22,1466776504
843,17577841,96624,17674465,7,0,0,512,25,1741889540
844,17593260,279881,17873141,9,0,0,19456,26,1533326877
845,17602670,196329,17798999,2,0,0,4096,22,8522917915
846,17605030,123817,17728847,8,0,0,512,22,9130934881
847,17620120,239802,17859922,1,0,0,22016,29,9846275374
848,17622121,47432,17669553,7,0,0,512,25,1491265418
849,17623540,1518,17625058,9,0,1,1536,26,1189587498
850,17647131,2482,17649613,7,0,1,1024,25,3400972040
851,17681971,3387,17685358,5,0,1,9728,8,5163693480
852,17688710,93705,17782415,1,0,0,5120,29,3262936738
853,17716041,3422,17719463,5,0,1,3584,8,4358789224
854,17717630,135554,17853184,4,0,0,10752,14,189150942
855,17757371,6353,17763724,4,0,1,9216,14,7180947117
856,17760731,99682,17860413,7,0,0,1536,25,942687893
857,17769221,3387,17772608,7,0,1,9728,25,10634049904
858,17780150,566,17780716,8,0,1,512,22,4545735349
859,17807961,74091,17882052,7,0,0,1024,25,8167581384
860,17823900,25993,17849893,1,0,1,4096,29,7033989883
861,17825741,27458,17853199,7,0,1,6656,25,9637429496
862,17841741,31415,17873156,4,0,1,16896,14,3796674098
863,17862471,10700,17873171,4,0,1,512,14,8470643442
864,17864790,73275,17938065,2,0,0,2560,22,8416020847
865,17880330,267596,18147926,4,0,0,130048,14,6828123552
866,17886291,301417,18187708,7,0,0,2048,25,429765656
867,17905190,1518,17906708,1,0,1,1536,29,468930463
868,17923431,7230,17930661,7,0,1,7680,25,10502129696
869,17927600,150736,18078336,8,0,0,1536,22,5915554897
870,17929190,5326,17934516,8,0,1,5632,22,1527204805
871,17929290,314254,18243544,4,0,0,84480,14,6983160245
872,17935590,7230,17942820,8,0,1,7680,22,9829345111
873,17940110,88557,18028667,4,0,0,1024,14,6796093910
874,17941780,6278,17948058,9,0,1,6656,26,162572677
875,17941871,17565,17959436,4,0,1,30208,14,4053966122
876,17949450,12572,17962022,9,0,1,4096,26,5687034527
877,17950620,68675,18019295,4,0,0,512,14,8175615521
878,17985610,301534,18287144,1,0,0,54272,29,3228216278
879,18010321,53841,18064162,0,0,1,88064,29,584302399
880,18069950,269652,18339602,1,0,0,37376,29,6182080927
881,18078750,212414,18291164,8,0,0,512,22,6301132518
882,18091470,68620,18160090,8,0,0,1024,22,8444085321
883,18101150,52692,18153842,8,0,0,1024,22,2890141359
884,18147400,4416,18151816,8,0,1,4096,22,2695267416
885,18151921,135394,18287315,7,0,0,512,25,10058210738
886,18162501,43716,18206217,0,0,1,71680,29,927046068
887,18166581,42222,18208803,7,0,1,4096,25,41658830
888,18281210,6705,18287915,8,0,1,512,22,5007899922
889,18282610,246441,18529051,1,0,0,129536,29,2910191250
890,18284541,18801,18303342,4,0,1,30720,14,10194115318
891,18328640,250863,18579503,2,0,0,107008,22,992747858
892,18357391,120358,18477749,7,0,0,1024,25,4307553484
893,18416800,2946,18419746,8,0,1,3072,22,3448949227
894,18427241,2470,18429711,7,0,1,2560,25,4730006373
895,18462530,3422,18465952,8,0,1,3584,22,9309835615
896,18501670,31394,18533064,9,0,1,10752,26,8610812739
897,18504031,75527,18579558,4,0,1,54784,14,573816762
898,18505970,98820,18604790,4,0,0,512,14,7683893172
899,18506551,300887,18807438,7,0,0,1024,25,3711656001
900,18514550,170886,18685436,4,0,0,512,14,2033287769
901,18525820,115785,18641605,9,0,0,40448,26,8346673184
902,18541200,109657,18650857,2,0,0,2560,22,10619168736
903,18550330,33710,18584040,8,0,1,11776,22,10197222042
904,18554980,307949,18862929,1,0,0,9728,29,9276238360
905,18555160,29226,18584386,9,0,1,512,26,2302210496
906,18561321,240071,18801392,7,0,0,512,25,3678897141
907,18575251,21713,18596964,0,0,1,23040,29,7710664869
908,18607680,4937,18612617,9,0,1,12800,26,6134108956
909,18652460,117102,18769562,1,0,0,48640,29,5579226217
910,18686490,221812,18908302,9,0,0,75264,26,2970423971
911,18692291,40616,18732907,0,0,1,65536,29,4758906714
912,18712020,82811,18794831,4,0,0,2048,14,6709296167
913,18722600,88506,18811106,1,0,0,1024,29,424790119
914,18803550,70278,18873828,1,0,0,1024,29,750115660
915,18811990,96483,18908473,1,0,0,512,29,1417966386
916,18870690,566,18871256,8,0,1,512,22,7585416484
917,18890520,19029,18909549,2,0,1,1024,22,9203409294
918,18891530,22615,18914145,8,0,1,5632,22,4565925737
919,18893040,116043,19009083,2,0,0,30208,22,3215970380
920,18917180,4374,18921554,8,0,1,4608,22,3823122189
921,18938370,43904,18982274,8,0,0,512,22,8296898506
922,18956981,155091,19112072,4,0,1,251904,14,2889708257
923,18957101,155739,19112840,7,0,1,11776,25,1232950138
924,18976681,138105,19114786,7,0,1,3072,25,2874035098
925,18984830,142328,19127158,8,0,0,512,22,4992538049
926,19009380,106994,19116374,9,0,1,15872,26,4311220532
927,19045410,132797,19178207,8,0,0,512,22,8169704782
928,19051430,130161,19181591,8,0,0,1536,22,8272356449
929,19053570,64750,19118320,1,0,1,3072,29,9031751854
930,19079040,125621,19204661,4,0,0,512,14,4894750284
931,19090640,231022,19321662,9,0,0,36864,26,4083532005
932,19110140,10126,19120266,1,0,1,3072,29,8027616395
933,19145140,3645,19148785,8,0,1,10240,22,2032730402
934,19152101,209052,19361153,7,0,0,512,25,1366988104
935,19171031,2946,19173977,7,0,1,3072,25,5422776907
936,19198341,70991,19269332,4,0,1,114688,14,7290090787
937,19209510,118736,19328246,1,0,0,512,29,10132358872
938,19212500,284976,19497476,5,0,0,3072,8,5162451609
939,19241051,28627,19269678,7,0,1,512,25,10180003510
940,19249941,26355,19276296,4,0,1,23552,14,8106131681
941,19259040,167373,19426413,5,0,0,60928,8,1890440584
942,19271340,182234,19453574,5,0,0,3584,8,10596365737
943,19314941,10628,19325569,7,0,1,4096,25,3577213004
944,19319920,210486,19530406,8,0,0,1024,22,9929654172
945,19322390,3845,19326235,9,0,1,1024,26,529090490
946,19329770,114858,19444628,1,0,0,1024,29,10578164738
947,19360690,209004,19569694,2,0,0,59392,22,6754723895
948,19366141,6754,19372895,4,0,1,7168,14,6144441314
949,19384660,89824,19474484,4,0,0,512,14,2287035809
950,19406050,101333,19507383,9,0,0,10752,26,1577531847
951,19456900,566,19457466,9,0,1,512,26,2730447175
952,19473310,3898,19477208,9,0,1,4096,26,5885198587
953,19498530,4374,19502904,8,0,1,4608,22,4786751519
954,19506841,3480,19510321,4,0,1,3072,14,620895820
955,19510270,135087,19645357,4,0,0,512,14,1239433974
956,19518431,566,19518997,4,0,1,512,14,113029654
957,19525820,3422,19529242,9,0,1,3584,26,7594135914
958,19540561,206572,19747133,7,0,0,512,25,4593115763
959,19551480,18245,19569725,9,0,1,3072,26,1061702615
960,19552111,51362,19603473,4,0,1,58880,14,636714220
961,19553320,176179,19729499,9,0,0,14336,26,2386905938
962,19597660,32041,19629701,3,0,1,52224,13,9073797302
963,19604210,55015,19659225,8,0,0,1024,22,2449742136
964,19639501,11016,19650517,4,0,1,17920,14,9917530130
965,19658990,793,19659783,9,0,1,512,26,8179034424
966,19676671,53708,19730379,7,0,0,512,25,5426562583
967,19679220,3422,19682642,8,0,1,3584,22,2215801627
968,19705740,290510,19996250,2,0,0,18944,22,5635733310
969,19706320,86815,19793135,5,0,0,9216,8,6629849966
970,19719310,201862,19921172,1,0,0,512,29,6329806988
971,19722521,11016,19733537,4,0,1,17920,14,10102976053
972,19751870,83478,19835348,4,0,0,512,14,7949674519
973,19788060,221798,20009858,1,0,0,512,29,6463646761
974,19806270,166275,19972545,2,0,0,126976,22,9965700859
975,19826751,145981,19972732,7,0,0,512,25,6067684617
976,19834370,5802,19840172,9,0,1,6144,26,9577671362
977,19920020,142637,20062657,9,0,0,24576,26,10143017936
978,19921410,190573,20111983,2,0,0,54272,22,4976175313
979,19926430,103679,20030109,5,0,0,25088,8,1883883617
980,19929750,3422,19933172,8,0,1,3584,22,10717645543
981,19949720,204750,20154470,2,0,0,23040,22,3347210339
982,19951750,26267,19978017,9,0,1,5632,26,9838029891
983,19991010,5798,19996808,1,0,1,512,29,3187277931
984,20012970,7706,20020676,8,0,1,8192,22,8036832170
985,20037970,1518,20039488,9,0,1,1536,26,91419436
986,20043170,3422,20046592,1,0,1,3584,29,6284863627
987,20056610,157351,20213961,2,0,0,14336,22,8488480843
988,20057340,215583,20272923,9,0,0,35328,26,733616909
989,20061420,3749,20065169,1,0,1,2560,29,8477042331
990,20066890,1042,20067932,9,0,1,1024,26,6883444114
991,20074960,57686,20132646,4,0,0,1024,14,7785133215
992,20086230,192012,20278242,2,0,0,17408,22,2282040388
993,20092701,43904,20136605,7,0,0,512,25,6587010027
994,20096320,205966,20302286,8,0,0,4608,22,6196614038
995,20105750,10154,20115904,6,0,1,10752,18,3615910705
996,20121550,225365,20346915,9,0,0,44032,26,1099988866
997,20134920,4850,20139770,6,0,1,5120,18,862446425
998,20137560,386429,20523989,5,0,0,512,8,8284149066
999,20157870,235965,20393835,9,0,0,26624,26,10191966591
1000,20170020,3904,20173924,6,0,1,10752,18,2985575310
1001,20176550,5326,20181876,1,0,1,5632,29,1642345489
1002,20189219,3898,20193117,6,0,1,4096,18,4369709242
1003,20205340,232224,20437564,9,0,0,37888,26,8509662521
1004,20206680,7296,20213976,1,0,1,3072,29,2264692416
1005,20208240,197487,20405727,2,0,0,26624,22,3574874425
1006,20209020,197190,20406210,8,0,0,1536,22,4481157994
1007,20252820,258330,20511150,5,0,0,29696,8,3796645982
1008,20273681,73249,20346930,4,0,1,106496,14,4246491092
1009,20291740,55205,20346945,8,0,1,6144,22,3834750365
1010,20294820,253169,20547989,5,0,0,8704,8,5595148846
1011,20330600,19688,20350288,9,0,1,7680,26,4469017309
1012,20352330,251812,20604142,1,0,0,1024,29,3562793421
1013,20356710,145377,20502087,2,0,0,19968,22,1758372081
1014,20380900,206267,20587167,1,0,0,3072,29,8840256364
1015,20434030,77463,20511493,8,0,0,1024,22,381252584
1016,20459260,157745,20617005,5,0,0,4096,8,5361724792
1017,20467250,5326,20472576,1,0,1,5632,29,9931583248
1018,20504120,12658,20516778,1,0,1,5632,29,5334923397
1019,20506330,50433,20556763,1,0,0,1024,29,7124475047
1020,20527640,66304,20593944,5,0,0,5632,8,8557518347
1021,20553140,59729,20612869,8,0,0,1024,22,7692518154
1022,20577821,6229,20584050,4,0,1,15360,14,9934564005
1023,20598290,272397,20870687,9,0,0,28160,26,10175944625
1024,20614720,43904,20658624,4,0,0,512,14,10164013783
1025,20636080,566,20636646,8,0,1,512,22,7260753403
1026,20674630,187462,20862092,5,0,0,38912,8,4771751825
1027,20709720,96668,20806388,9,0,0,17408,26,3879446685
1028,20732390,2470,20734860,1,0,1,2560,29,8272183896
1029,20753890,213505,20967395,9,0,0,119296,26,5484871705
1030,20907260,148083,21055343,9,0,0,123392,26,1903921343
1031,20941811,29238,20971049,4,0,1,10240,14,5230563974
1032,20963470,13808,20977278,2,0,1,7168,22,9213694415
1033,21024400,135247,21159647,9,0,0,42496,26,2918194298
1034,21036880,67460,21104340,1,0,0,2048,29,2962347847
1035,21039930,120200,21160130,3,0,0,1536,13,9650688692
1036,21069390,44060,21113450,8,0,0,1024,22,1809919743
1037,21075920,5802,21081722,9,0,1,6144,26,199899542
1038,21131721,58826,21190547,7,0,0,512,25,2285315181
1039,21193960,91242,21285202,1,0,0,3072,29,719530408
1040,21202270,110084,21312354,9,0,0,61440,26,270477352
1041,21246461,65916,21312377,4,0,1,108032,14,4528530879
1042,21252021,85830,21337851,4,0,1,89600,14,7365723106
1043,21286970,213846,21500816,4,0,0,5632,14,3549729147
1044,21323060,78212,21401272,2,0,0,12288,22,6208355738
1045,21334690,240820,21575510,2,0,0,7680,22,5114243714
1046,21358700,162402,21521102,4,0,0,512,14,8011673712
1047,21373080,172773,21545853,9,0,0,1024,26,3937283662
1048,21394590,199759,21594349,9,0,0,41472,26,9452431060
1049,21415640,119016,21534656,5,0,0,15872,8,4817924736
1050,21433250,167543,21600793,5,0,0,7168,8,5247233786
1051,21459921,61641,21521562,0,0,1,99840,29,5652649603
1052,21477040,88606,21565646,1,0,0,512,29,2479664365
1053,21493610,167070,21660680,8,0,0,1536,22,5982236271
1054,21514060,99840,21613900,9,0,0,15360,26,5064515146
1055,21514510,142643,21657153,2,0,0,6144,22,8272817548
1056,21536450,1042,21537492,1,0,1,1024,29,7411732116
1057,21544640,3898,21548538,1,0,1,4096,29,5094546528
1058,21551940,177921,21729861,6,0,0,83456,18,8777019961
1059,21576770,159502,21736272,6,0,0,20992,18,5170202865
1060,21621660,12825,21634485,1,0,1,21504,29,1531832940
1061,21650450,186041,21836491,6,0,0,66560,18,5384340459
1062,21719341,18441,21737782,7,0,1,1536,25,4209709641
1063,21770890,5326,21776216,9,0,1,5632,26,10416011539
1064,21772401,33587,21805988,4,0,1,54784,14,7550588515
1065,21817770,41163,21858933,3,0,1,36864,13,6416725180
1066,21820000,40239,21860239,9,0,1,2048,26,955503755
1067,21846760,235072,22081832,8,0,0,2048,22,1096513120
1068,21869060,1518,21870578,9,0,1,1536,26,9026199106
1069,21872210,45596,21917806,1,0,0,1024,29,2625887258
1070,21873180,5454,21878634,1,0,1,13824,29,2369549700
1071,21885750,63951,21949701,2,0,0,2560,22,9162380274
1072,21892380,70532,21962912,9,0,0,12288,26,2733939759
1073,21928651,2870,21931521,4,0,1,8704,14,1839925871
1074,21963390,228917,22192307,5,0,0,52736,8,5591690783
1075,21965050,107388,22072438,8,0,0,512,22,5430636793
1076,21971360,85628,22056988,5,0,0,21504,8,9069240548
1077,21989780,135780,22125560,2,0,0,24576,22,6654795969
1078,21995150,3422,21998572,1,0,1,3584,29,4850457727
1079,22022290,78004,22100294,4,0,0,1024,14,2378396832
1080,22033950,174596,22208546,9,0,0,53248,26,5517491503
1081,22053690,9092,22062782,1,0,1,6144,29,6147850849
1082,22061390,5971,22067361,9,0,1,14848,26,4736334048
1083,22074680,3898,22078578,9,0,1,4096,26,10239252364
1084,22089401,566,22089967,7,0,1,512,25,3674402103
1085,22094830,171108,22265938,8,0,0,1024,22,9451295779
1086,22098890,114082,22212972,5,0,0,10240,8,3135001926
1087,22105761,566,22106327,7,0,1,512,25,9571951384
1088,22129090,126626,22255716,5,0,0,19456,8,10655788079
1089,22166930,46213,22213143,1,0,0,512,29,6850317218
1090,22190690,22468,22213158,2,0,1,2560,22,861736136
1091,22195290,20533,22215823,1,0,1,15872,29,1063989522
1092,22297861,2470,22300331,7,0,1,2560,25,1342040507
1093,22308311,64915,22373226,7,0,0,1024,25,1025542245
1094,22321780,62516,22384296,9,0,0,6144,26,5379419167
1095,22327630,133118,22460748,9,0,0,95744,26,9769323153
1096,22436200,27710,22463910,9,0,1,9216,26,7844453419
1097,22441060,70845,22511905,8,0,0,4096,22,2758755676
1098,22446440,107346,22553786,6,0,0,20480,18,2618228980
1099,22478590,75367,22553957,4,0,0,512,14,10566480658
1100,22488250,108064,22596314,1,0,0,1536,29,8909298585
1101,22494110,188027,22682137,9,0,0,11264,26,1501352217
1102,22499490,95018,22594508,9,0,0,16896,26,5315367961
1103,22513880,45596,22559476,1,0,0,1024,29,7787836347
1104,22528810,85285,22614095,8,0,0,512,22,7435974109
1105,22557330,3904,22561234,9,0,1,10752,26,9131741133
1106,22557860,46707,22604567,8,0,0,512,22,71613275
1107,22558240,166960,22725200,2,0,0,30208,22,10457966229
1108,22573651,236564,22810215,7,0,0,26624,25,5318944146
1109,22577450,1518,22578968,1,0,1,1536,29,3136565677
1110,22657420,70603,22728023,2,0,0,9216,22,7940742200
1111,22659270,125640,22784910,9,0,0,31744,26,7833323590
1112,22659521,566,22660087,7,0,1,512,25,8783391292
1113,22698451,218652,22917103,7,0,0,87552,25,7604286360
1114,22700380,158711,22859091,2,0,0,66048,22,3445250276
1115,22724480,158335,22882815,4,0,0,512,14,5743959906
1116,22791220,94973,22886193,9,0,0,7680,26,5826446378
1117,22833760,101972,22935732,5,0,0,34816,8,1277039297
1118,22849580,11021,22860601,1,0,1,1536,29,1950739743
1119,22903900,136463,23040363,8,0,0,512,22,7196097569
1120,22904750,34803,22939553,2,0,1,36864,22,7481897448
1121,22922350,117842,23040192,5,0,0,43008,8,7264835394
1122,22963460,197773,23161233,9,0,0,29184,26,3458204626
1123,22970180,150520,23120700,5,0,0,32768,8,5435258942
1124,22972990,96872,23069862,2,0,0,4096,22,8096178864
1125,23012380,61940,23074320,1,0,0,1536,29,10654493162
1126,23025370,103457,23128827,2,0,0,26624,22,7965883136
1127,23046470,150985,23197455,6,0,0,15872,18,2189653747
1128,23075920,177698,23253618,9,0,0,23552,26,7216923391
1129,23105050,94523,23199573,2,0,0,1536,22,10701445277
1130,23106580,200558,23307138,6,0,0,37888,18,9634597364
1131,23174370,144918,23319288,4,0,0,1024,14,8142222599
1132,23177871,566,23178437,7,0,1,512,25,5235672613
1133,23219690,45596,23265286,1,0,0,1024,29,5706953013
1134,23229800,106340,23336140,9,0,0,49152,26,3012580235
1135,23235570,2470,23238040,9,0,1,2560,26,118032873
1136,23289830,1042,23290872,2,0,1,1024,22,9582167219
1137,23317550,33503,23351053,2,0,1,58368,22,3206578949
1138,23330140,22219,23352359,1,0,1,2048,29,8316957571
1139,23342140,25187,23367327,2,0,1,45568,22,1369486939
1140,23347760,206756,23554516,9,0,0,41984,26,10556693456
1141,23349960,47286,23397246,2,0,1,66560,22,724929772
1142,23363731,38661,23402392,7,0,1,8192,25,8405474853
1143,23423680,369480,23793160,6,0,0,261632,18,10720844446
1144,23438710,62322,23501032,4,0,0,2560,14,1836644763
1145,23449330,6229,23455559,9,0,1,15360,26,1650632307
1146,23457521,566,23458087,7,0,1,512,25,5309441703
1147,23478210,101784,23579994,5,0,0,3072,8,6887082227
1148,23484670,156326,23640996,8,0,0,512,22,9851774867
1149,23502910,182502,23685412,6,0,0,512,18,1285554445
1150,23537661,145192,23682853,7,0,0,5632,25,3597668393
1151,23540690,273279,23813969,9,0,0,9216,26,1696294488
1152,23574780,87276,23662056,6,0,0,1024,18,3003990392
1153,23613680,2946,23616626,1,0,1,3072,29,443844046
1154,23624080,241869,23865949,9,0,0,24576,26,10275249869
1155,23627800,1042,23628842,1,0,1,1024,29,6650599784
1156,23629110,1518,23630628,8,0,1,1536,22,8144558087
1157,23637470,173676,23811146,6,0,0,512,18,9277315344
1158,23655821,155154,23810975,7,0,0,58368,25,2828531642
1159,23664050,150254,23814304,4,0,0,1024,14,1812729457
1160,23665870,163785,23829655,5,0,0,22528,8,537785272
1161,23679290,4679,23683969,8,0,1,12288,22,6818544632
1162,23710791,245308,23956099,7,0,0,47104,25,308820939
1163,23721641,94165,23815806,7,0,1,1536,25,870141344
1164,23724110,94068,23818178,8,0,1,3584,22,9421661602
1165,23770411,142044,23912455,7,0,0,9728,25,2078826187
1166,23789130,76990,23866120,3,0,0,512,13,10561104027
1167,23800581,18903,23819484,7,0,1,2048,25,10251846183
1168,23803351,16479,23819830,7,0,1,512,25,4828623994
1169,23810920,10536,23821456,9,0,1,2560,26,7774578396
1170,23820711,8959,23829670,7,0,1,9728,25,8831930681
1171,23832920,85266,23918186,8,0,0,1024,22,1783637142
1172,23898971,36346,23935317,0,0,1,64000,29,683119374
1173,23908200,77395,23985595,8,0,0,512,22,9199660527
1174,23910500,25483,23935983,1,0,1,1024,29,5867771685
1175,23928130,85302,24013432,3,0,0,512,13,5163195064
1176,23932531,147979,24080510,0,0,1,244736,29,8043315025
1177,23932971,153133,24086104,0,0,1,18432,29,3927634629
1178,23953970,395068,24349038,5,0,0,24576,8,5667579296
1179,23971821,214995,24186816,7,0,0,14848,25,857052586
1180,23979431,113086,24092517,0,0,1,30720,29,9272070172
1181,23980620,338035,24318655,4,0,0,1536,14,8535200547
1182,23993010,100493,24093503,1,0,1,1536,29,5556686119
1183,24062760,234030,24296790,6,0,0,1536,18,2231053565
1184,24069320,237600,24306920,8,0,0,3584,22,1212387924
1185,24087410,294121,24381531,2,0,0,9216,22,465352798
1186,24102810,84177,24186987,4,0,0,512,14,2227408766
1187,24112431,115020,24227451,0,0,1,190464,29,8969245179
1188,24130910,98807,24229717,1,0,1,3584,29,968770135
1189,24136241,299555,24435796,7,0,0,39936,25,10653717360
1190,24154130,166320,24320450,6,0,0,1536,18,8946092399
1191,24155080,75943,24231023,9,0,1,2048,26,1623761803
1192,24156260,58280,24214540,4,0,0,512,14,6965340099
1193,24170891,71166,24242057,0,0,1,44544,29,8367239718
1194,24195080,49883,24244963,1,0,1,4608,29,3067921231
1195,24219500,25809,24245309,8,0,1,512,22,8679191061
1196,24245910,288870,24534780,9,0,0,23552,26,4446705295
1197,24255911,145947,24401858,7,0,0,5120,25,7077066523
1198,24282940,191336,24474276,5,0,0,5632,8,10255035461
1199,24292990,192688,24485678,2,0,0,13312,22,3213176151
1200,24295960,6278,24302238,8,0,1,6656,22,4259954040
1201,24314380,289495,24603875,9,0,0,47616,26,2698981330
1202,24327260,66204,24393464,2,0,1,112128,22,6363255097
1203,24328040,174774,24502814,2,0,0,23552,22,5675303444
1204,24330190,380160,24710350,4,0,0,1024,14,10582776789
1205,24344660,51710,24396370,8,0,1,4608,22,6285995978
1206,24346300,146998,24493298,4,0,0,512,14,3012590377
1207,24357350,42886,24400236,8,0,1,6144,22,2078835806
1208,24373430,145847,24519277,2,0,0,8192,22,9133322218
1209,24410050,5971,24416021,1,0,1,14848,29,3025100163
1210,24461280,2470,24463750,8,0,1,2560,22,6819445288
1211,24474460,198329,24672789,6,0,0,1024,18,653662235
1212,24480000,92766,24572766,9,0,0,1536,26,5127183378
1213,24488820,5802,24494622,2,0,1,6144,22,745176135
1214,24491120,11709,24502829,3,0,1,5632,13,178988883
1215,24502740,499990,25002730,5,0,0,41984,8,2961203317
1216,24512461,380399,24892860,7,0,0,46080,25,7492758374
1217,24515140,5802,24520942,3,0,1,6144,13,2789345223
1218,24534330,11199,24545529,8,0,1,17408,22,719245782
1219,24567530,78662,24646192,6,0,0,512,18,4854988193
1220,24573560,234256,24807816,9,0,0,5632,26,2735676238
1221,24586420,41391,24627811,2,0,1,67072,22,10154010692
1222,24586860,41617,24628477,1,0,1,1024,29,6553717346
1223,24600570,113858,24714428,6,0,0,512,18,9380117411
1224,24602690,276115,24878805,2,0,0,30720,22,3193689719
1225,24605271,23974,24629245,5,0,1,11776,8,1401534790
1226,24606900,106428,24713328,3,0,1,165888,13,7714365648
1227,24613120,413048,25026168,9,0,0,76800,26,7331585076
1228,24621181,92493,24713674,0,0,1,512,29,7009148827
1229,24631120,89172,24720292,3,0,1,31744,13,7161911527
1230,24642040,63525,24705565,3,0,0,512,13,5773312552
1231,24654631,77207,24731838,0,0,1,47104,29,3056751000
1232,24657710,78634,24736344,8,0,1,7168,22,7074481009
1233,24684190,139456,24823646,4,0,0,1536,14,2619333862
1234,24696560,46505,24743065,3,0,1,24064,13,7518240119
1235,24727510,344442,25071952,5,0,0,56320,8,10297231401
1236,24734540,402171,25136711,8,0,0,24576,22,9018424945
1237,24767530,10241,24777771,3,0,1,16384,13,9750041688
1238,24781050,337774,25118824,2,0,0,46592,22,10485290720
1239,24784720,298564,25083284,4,0,0,512,14,3464695979
1240,24792880,3898,24796778,2,0,1,4096,22,1019141361
1241,24821860,258367,25080227,4,0,0,512,14,3457924757
1242,24833630,4374,24838004,8,0,1,4608,22,10546905790
1243,24839660,186679,25026339,3,0,0,512,13,3329793192
1244,24867180,25695,24892875,9,0,1,12288,26,3412828776
1245,24890800,8038,24898838,8,0,1,14848,22,8082642343
1246,24897070,5696,24902766,9,0,1,5632,26,1064641289
1247,24901770,312173,25213943,5,0,0,116736,8,6246591950
1248,24903140,6754,24909894,3,0,1,7168,13,8027055462
1249,24907751,45437,24953188,0,0,1,78336,29,9115464177
1250,24930110,26944,24957054,9,0,1,6144,26,7116299373
1251,24949840,7573,24957413,3,0,1,9728,13,7253839961
1252,24969610,2946,24972556,2,0,1,3072,22,1240732100
1253,24985180,17565,25002745,3,0,1,5632,13,7296528995
1254,24994630,77337,25071967,3,0,1,75776,13,2971343054
1255,25002131,71563,25073694,5,0,1,5120,8,5128613926
1256,25003781,71193,25074974,7,0,1,14336,25,4042273810
1257,25013660,401544,25415204,6,0,0,512,18,1368343141
1258,25019980,58540,25078520,9,0,1,5632,26,10177669511
1259,25035540,287702,25323242,2,0,0,18432,22,651838871
1260,25091490,3904,25095394,3,0,1,10752,13,1994818025
1261,25105350,182389,25287739,5,0,0,7168,8,6226087520
1262,25115370,217557,25332927,8,0,0,8704,22,3635836863
1263,25158911,55047,25213958,4,0,1,63488,14,10729362287
1264,25161791,238032,25399823,7,0,0,109568,25,9691859109
1265,25163470,193877,25357347,8,0,0,8192,22,10113903814
1266,25198270,19102,25217372,1,0,1,3584,29,7740241315
1267,25233191,1518,25234709,7,0,1,1536,25,7068614298
1268,25285430,303861,25589291,5,0,0,76800,8,3821240103
1269,25291620,10241,25301861,1,0,1,16384,29,3858638281
1270,25305271,17986,25323257,4,0,1,24064,14,6565871940
1271,25325710,265944,25591654,8,0,0,7680,22,6994150443
1272,25327811,14287,25342098,4,0,1,27648,14,3799611436
1273,25355591,44247,25399838,4,0,1,24576,14,4323405575
1274,25380890,229906,25610796,8,0,0,14848,22,4655951532
1275,25388420,72099,25460519,1,0,0,512,29,6236047570
1276,25416950,331242,25748192,2,0,0,9216,22,9313512278
1277,25419010,441700,25860710,5,0,0,150528,8,6213003609
1278,25451590,114286,25565876,8,0,0,16384,22,7519799470
1279,25454080,267164,25721244,1,0,0,2048,29,5064902345
1280,25464060,237834,25701894,8,0,0,75776,22,6125423246
1281,25467450,124531,25591981,6,0,0,1024,18,7915877152
1282,25495150,368695,25863845,8,0,0,10240,22,5312749520
1283,25538831,174154,25712985,7,0,0,36352,25,3573894101
1284,25551041,220075,25771116,7,0,0,24576,25,3512585899
1285,25552811,1994,25554805,7,0,1,2048,25,1929823481
1286,25565890,171163,25737053,2,0,0,39424,22,2797142541
1287,25592910,293676,25886586,2,0,0,18944,22,4323606871
1288,25603060,7751,25610811,9,0,1,6656,26,3315602800
1289,25610190,105824,25716014,3,0,0,512,13,1253343561
1290,25614410,190585,25804995,9,0,0,25600,26,7287156098
1291,25669630,4850,25674480,1,0,1,5120,29,5178868731
1292,25672571,2895,25675466,7,0,1,1536,25,4539833670
1293,25676460,302323,25978783,1,0,0,512,29,6205711933
1294,25702861,15960,25718821,7,0,1,6144,25,7698508243
1295,25705870,180731,25886601,3,0,1,269824,13,5092243806
1296,25711970,59317,25771287,6,0,0,512,18,10167829504
1297,25715001,182049,25897050,4,0,1,52736,14,9937778936
1298,25727260,357801,26085061,9,0,0,55808,26,5986925262
1299,25765610,240095,26005705,4,0,0,2048,14,8237289294
1300,25796860,180543,25977403,1,0,0,1024,29,4078246981
1301,25802380,96936,25899316,3,0,1,3584,13,3358538881
1302,25815330,270589,26085919,4,0,0,2048,14,5390655011
1303,25828090,310750,26138840,8,0,0,49152,22,8846478800
1304,25856060,336318,26192378,5,0,0,51712,8,7403625497
1305,25861910,81568,25943478,5,0,0,16896,8,7201404588
1306,25866750,76899,25943649,3,0,0,512,13,4668327190
1307,25891730,9852,25901582,9,0,1,3584,26,1983156705
1308,25909080,367744,26276824,6,0,0,3584,18,7732190307
1309,25911840,358809,26270649,8,0,0,84480,22,2222008869
1310,25923701,1518,25925219,7,0,1,1536,25,7469104723
1311,25929950,308206,26238156,2,0,0,8192,22,9568176951
1312,25946170,177679,26123849,2,0,0,6144,22,2716171446
1313,25957190,3898,25961088,3,0,1,4096,13,5796306430
1314,25958591,5403,25963994,7,0,1,4608,25,4544098848
1315,25960540,152111,26112651,4,0,0,2560,14,9667910768
1316,25968260,42941,26011201,3,0,1,70144,13,4879270042
1317,25973291,53668,26026959,4,0,1,50688,14,3633871132
1318,25991780,415268,26407048,8,0,0,16896,22,4241370458
1319,25996550,224880,26221430,6,0,0,512,18,8686284540
1320,26004010,140315,26144325,1,0,0,512,29,2349750266
1321,26034220,120306,26154526,3,0,0,1024,13,188226188
1322,26049161,6754,26055915,7,0,1,7168,25,5696464426
1323,26052560,190130,26242690,4,0,0,3584,14,5597306987
1324,26062010,380235,26442245,8,0,0,8704,22,8938176365
1325,26067141,35312,26102453,4,0,1,61952,14,2406456501
1326,26070150,35529,26105679,1,0,1,5120,29,7185204033
1327,26151670,3898,26155568,1,0,1,4096,29,230423595
1328,26153320,170887,26324207,1,0,0,512,29,5320674446
1329,26153970,308697,26462667,8,0,0,46080,22,866253698
1330,26158910,111910,26270820,3,0,0,512,13,1841298339
1331,26177650,224235,26401885,5,0,0,78336,8,1179633140
1332,26185180,13493,26198673,9,0,1,6656,26,5409064339
1333,26205800,7706,26213506,9,0,1,8192,26,8109379573
1334,26236770,46616,26283386,4,0,0,512,14,5552943729
1335,26243000,280861,26523861,5,0,0,18944,8,1748646783
1336,26272630,4209,26276839,1,0,1,4096,29,4338454104
1337,26286290,1042,26287332,9,0,1,1024,26,3488860067
1338,26313130,47288,26360418,1,0,0,1536,29,4354473604
1339,26366680,249293,26615973,8,0,0,26624,22,4216217959
1340,26371760,96546,26468306,5,0,0,18432,8,510451929
1341,26419130,297817,26716947,5,0,0,130048,8,9410606750
1342,26419850,250923,26670773,1,0,0,38400,29,3956101066
1343,26455050,13806,26468856,9,0,1,512,26,3721847327
1344,26459370,177845,26637215,2,0,0,30208,22,10303757881
1345,26464751,5246,26469997,4,0,1,1536,14,697203678
1346,26471311,5326,26476637,7,0,1,5632,25,8246161239
1347,26505980,2946,26508926,1,0,1,3072,29,1287422542
1348,26517080,154504,26671584,2,0,0,2560,22,5704287842
1349,26539640,3898,26543538,1,0,1,4096,29,1825297751
1350,26561750,192292,26754042,1,0,0,15872,29,703328396
1351,26610470,106960,26717430,6,0,0,1536,18,10452419599
1352,26646121,71324,26717445,4,0,1,62464,14,4750434478
1353,26650271,67189,26717460,7,0,1,6144,25,10034838560
1354,26652130,156032,26808162,1,0,0,27136,29,506121700
1355,26668480,49167,26717647,4,0,0,512,14,8132930151
1356,26686180,32042,26718222,1,0,1,512,29,10514171369
1357,26695630,159080,26854710,5,0,0,46592,8,5448022632
1358,26715701,12610,26728311,7,0,1,16896,25,6526990746
1359,26715920,117736,26833656,8,0,0,18944,22,5795814974
1360,26772421,4850,26777271,4,0,1,5120,14,2266962994
1361,26812570,170383,26982953,8,0,0,38400,22,8174368974
1362,26834200,46224,26880424,6,0,0,512,18,2644696941
1363,26847030,195527,27042557,5,0,0,52224,8,1890065779
1364,26892970,209533,27102503,5,0,0,20992,8,932892313
1365,26893090,245575,27138665,9,0,0,27648,26,7268722101
1366,26900790,150594,27051384,1,0,0,3584,29,9598498275
1367,26932260,1518,26933778,9,0,1,1536,26,1405355554
1368,26932731,7752,26940483,7,0,1,8192,25,1477295084
1369,26937520,64418,27001938,6,0,0,1024,18,2051908910
1370,26956210,7230,26963440,9,0,1,7680,26,5898753550
1371,26970860,256108,27226968,1,0,0,63488,29,10716516918
1372,26981940,158174,27140114,8,0,0,3584,22,4844146380
1373,26984110,154897,27139007,5,0,0,1024,8,2696034913
1374,26984590,83528,27068118,6,0,0,512,18,1977708766
1375,26987720,331251,27318971,2,0,0,114176,22,398700026
1376,26995830,57441,27053271,5,0,0,6144,8,6331262009
1377,27040730,204217,27244947,3,0,0,512,13,1134244942
1378,27054770,190006,27244776,5,0,0,47616,8,286244995
1379,27056731,566,27057297,7,0,1,512,25,7821541374
1380,27057311,1518,27058829,7,0,1,1536,25,1060951123
1381,27079360,239790,27319150,6,0,0,512,18,467552937
1382,27083570,1042,27084612,9,0,1,1024,26,5173703360
1383,27084970,72857,27157827,4,0,0,1536,14,7986428899
1384,27122300,6229,27128529,1,0,1,15360,29,1950766591
1385,27127880,10800,27138680,9,0,1,5632,26,10065585946
1386,27170330,2946,27173276,1,0,1,3072,29,13563581
1387,27182840,45596,27228436,6,0,0,1024,18,8619396140
1388,27216240,218543,27434783,8,0,0,93696,22,8027958827
1389,27217691,155563,27373254,7,0,0,12800,25,935862860
1390,27240420,6989,27247409,6,0,1,2560,18,5420565972
1391,27247750,72663,27320413,2,0,0,4096,22,3673716970
1392,27248930,72286,27321216,4,0,0,2560,14,9405880805
1393,27274280,280893,27555173,3,0,0,1536,13,2190015739
1394,27299330,347184,27646514,1,0,0,47104,29,24508451
1395,27313571,243996,27557567,7,0,0,7168,25,4434039858
1396,27323470,286419,27609889,2,0,0,38912,22,10088798137
1397,27328670,226012,27554682,5,0,0,167424,8,4173369587
1398,27331380,231670,27563050,2,0,0,17920,22,4309726651
1399,27365329,10241,27375570,6,0,1,16384,18,3806014489
1400,27372221,8255,27380476,4,0,1,7680,14,4901582623
1401,27400930,250747,27651677,2,0,0,16896,22,6313846437
1402,27432570,122798,27555368,4,0,0,512,14,10333216097
1403,27464920,202359,27667279,5,0,0,19456,8,4001909963
1404,27473310,4162,27477472,6,0,1,11264,18,8083076985
1405,27507220,56831,27564051,9,0,1,1024,26,1869157129
1406,27514221,95699,27609920,4,0,1,74752,14,8195722478
1407,27524880,85055,27609935,9,0,1,1536,26,161212969
1408,27534480,191952,27726432,3,0,0,34816,13,280452819
1409,27547050,78588,27625638,1,0,0,2560,29,3508104576
1410,27603500,79049,27682549,2,0,0,9216,22,9820809628
1411,27606201,45499,27651700,4,0,1,46592,14,3944265794
1412,27618201,33514,27651715,7,0,1,1536,25,5793441596
1413,27624630,164338,27788968,6,0,0,512,18,8466567809
1414,27634620,124561,27759181,9,0,0,22528,26,5071502770
1415,27636901,17772,27654673,7,0,1,3072,25,10621913309
1416,27649420,114508,27763928,4,0,0,512,14,3566716750
1417,27654990,323457,27978447,3,0,0,55296,13,5722994531
1418,27666440,60163,27726603,6,0,0,512,18,2120706811
1419,27676440,225249,27901689,5,0,0,6144,8,3416341080
1420,27677810,116148,27793958,9,0,0,12800,26,2398941527
1421,27709580,324951,28034531,1,0,0,55808,29,5893015706
1422,27738611,22691,27761302,4,0,1,37376,14,9204551237
1423,27757000,8144,27765144,6,0,1,14848,18,4795073590
1424,27801080,424764,28225844,2,0,0,141824,22,5617629802
1425,27814630,4679,27819309,9,0,1,12288,26,7017879620
1426,27822760,5326,27828086,9,0,1,5632,26,4879613437
1427,27836800,429790,28266590,1,0,0,83968,29,8756830853
1428,27838460,402531,28240991,9,0,0,49664,26,8049299287
1429,27843920,424737,28268657,1,0,0,6656,29,7460372026
1430,27846721,5326,27852047,5,0,1,5632,8,8799289118
1431,27853071,36346,27889417,4,0,1,64000,14,3288573555
1432,27856930,308335,28165265,3,0,0,20480,13,6965642776
1433,27859760,200748,28060508,2,0,0,11776,22,5942593930
1434,27860610,418826,28279436,2,0,0,35328,22,139754084
1435,27916140,266477,28182617,1,0,0,51712,29,1154188425
1436,27933110,1994,27935104,6,0,1,2048,18,5475197048
1437,27942760,546403,28489163,5,0,0,18432,8,7168686754
1438,27955320,5802,27961122,6,0,1,6144,18,2022917152
1439,27966650,342137,28308787,8,0,0,96256,22,8147688856
1440,27975960,7958,27983918,6,0,1,13824,18,3517195182
1441,27995510,170246,28165756,4,0,0,1536,14,7079416101
1442,28004590,1042,28005632,6,0,1,1024,18,8080441200
1443,28006940,1518,28008458,9,0,1,1536,26,1182571264
1444,28061440,251582,28313022,9,0,0,13824,26,7470725038
1445,28063730,318015,28381745,2,0,0,17408,22,6352801168
1446,28109560,14117,28123677,6,0,1,24064,18,9985131759
1447,28138040,4420,28142460,6,0,1,11776,18,10617722636
1448,28146301,424890,28571191,7,0,0,62464,25,4678561438
1449,28146670,566,28147236,9,0,1,512,26,5531391045
1450,28146980,368890,28515870,3,0,0,19456,13,3999161558
1451,28155100,327737,28482837,1,0,0,218112,29,129076246
1452,28163480,245008,28408488,6,0,0,512,18,9576983002
1453,28207330,384737,28592067,1,0,0,51200,29,1562114426
1454,28210110,198207,28408317,1,0,0,22016,29,3560764494
1455,28218870,543460,28762330,6,0,0,512,18,4828209074
1456,28251430,232094,28483524,4,0,0,2048,14,2789774673
1457,28262000,259346,28521346,8,0,0,8192,22,8640901404
1458,28279180,272964,28552144,1,0,0,83456,29,8665371626
1459,28285730,412729,28698459,8,0,0,25088,22,7188707961
1460,28329600,389091,28718691,5,0,0,15872,8,9194050989
1461,28345200,328207,28673407,9,0,0,70144,26,1954693268
1462,28363810,2946,28366756,6,0,1,3072,18,8067847493
1463,28375570,270926,28646496,8,0,0,23040,22,2657555953
1464,28393610,469766,28863376,9,0,0,53760,26,7808673854
1465,28416330,99563,28515893,3,0,1,50688,13,4303987209
1466,28419610,253968,28673578,6,0,0,512,18,8004410170
1467,28421350,230670,28652020,9,0,0,10752,26,8269401199
1468,28421471,96137,28517608,7,0,1,5632,25,1940653749
1469,28425090,336484,28761574,5,0,0,3072,8,5899742634
1470,28439740,82694,28522434,3,0,1,7680,13,4464488943
1471,28467281,57739,28525020,7,0,1,4096,25,8871401450
1472,28480611,45395,28526006,7,0,1,1536,25,5659606448
1473,28509090,17070,28526160,9,0,1,8704,26,3360222305
1474,28510410,283129,28793539,3,0,0,32256,13,938325316
1475,28535490,36276,28571766,9,0,1,512,26,8248343496
1476,28559050,33032,28592082,9,0,1,8192,26,3697123714
1477,28584010,250438,28834448,5,0,0,56320,8,10601224424
1478,28604139,4420,28608559,6,0,1,11776,18,9788550538
1479,28609631,4374,28614005,7,0,1,4608,25,5797837136
1480,28609980,184198,28794178,4,0,0,2048,14,8921004314
1481,28621070,318759,28939829,5,0,0,72704,8,10210401426
1482,28686110,300227,28986337,8,0,0,15360,22,7406787406
1483,28690240,290443,28980683,8,0,0,123904,22,4215784226
1484,28736550,34020,28770570,3,0,1,59392,13,6433315947
1485,28753959,22512,28776471,6,0,1,19968,18,3626613640
1486,28789700,6940,28796640,6,0,1,2560,18,7051998261
1487,28796540,185102,28981642,9,0,0,3072,26,6349603061
1488,28835650,212524,29048174,1,0,0,30720,29,3582702977
1489,28850150,392607,29242757,8,0,0,107520,22,3329408269
1490,28874340,6278,28880618,3,0,1,6656,13,4413015410
1491,28917810,292172,29209982,1,0,0,36864,29,3970147215
1492,28918800,197555,29116355,5,0,0,5120,8,2317150145
1493,28920680,181342,29102022,8,0,0,21504,22,2086714594
1494,28944111,47561,28991672,5,0,1,5632,8,10711593094
1495,28964551,397435,29361986,7,0,0,70144,25,3988802358
1496,28969830,215522,29185352,1,0,0,91648,29,452908843
1497,29013880,475565,29489445,5,0,0,82432,8,8053356900
1498,29041750,275749,29317499,2,0,0,25600,22,2450826293
1499,29069370,117557,29186927,5,0,0,5120,8,6641007629
1500,29087891,5712,29093603,5,0,1,14336,8,4658026323
1501,29103839,2946,29106785,6,0,1,3072,18,7247051517
1502,29112920,391513,29504433,8,0,0,35840,22,3136633322
1503,29117510,342653,29460163,2,0,0,54272,22,627851249
1504,29117720,325876,29443596,2,0,0,57344,22,6171602890
1505,29139460,229387,29368847,5,0,0,2560,8,9135202523
1506,29142570,198014,29340584,1,0,0,71168,29,359899595
1507,29147271,6229,29153500,5,0,1,15360,8,3564547695
1508,29162620,111011,29273631,3,0,1,145408,13,1587885212
1509,29200400,259949,29460349,6,0,0,512,18,4667721522
1510,29205050,316789,29521839,8,0,0,6144,22,2143086070
1511,29207100,83108,29290208,2,0,1,54784,22,6722906933
1512,29210510,308869,29519379,2,0,0,38400,22,2313808451
1513,29217311,81348,29298659,7,0,0,4096,25,7101313902
1514,29238551,187542,29426093,7,0,0,65536,25,628901476
1515,29240680,160906,29401586,4,0,0,3072,14,7069198599
1516,29272890,22464,29295354,2,0,1,8192,22,6493283896
1517,29274500,26243,29300743,3,0,1,25600,13,4513582648
1518,29302881,566,29303447,7,0,1,512,25,7429289423
1519,29309551,31048,29340599,5,0,1,21504,8,2287682532
1520,29313520,176096,29489616,6,0,0,512,18,4921649101
1521,29325300,363873,29689173,9,0,0,56320,26,7771164879
1522,29332351,295959,29628310,7,0,0,19968,25,7638841645
1523,29349031,18323,29367354,7,0,1,5632,25,8607204592
1524,29381481,22950,29404431,7,0,1,37888,25,1891750174
1525,29406379,53799,29460178,6,0,1,1536,18,6202706675
1526,29410340,699048,30109388,5,0,0,2048,8,9269523388
1527,29424190,333530,29757720,9,0,0,102912,26,1353605429
1528,29475031,386850,29861881,7,0,0,56320,25,1019307900
1529,29495400,23994,29519394,8,0,1,3584,22,3303330691
1530,29525870,40874,29566744,3,0,1,66048,13,10477126974
1531,29526840,40570,29567410,8,0,1,1024,22,2255059153
1532,29528041,460877,29988918,7,0,0,2048,25,7123952432
1533,29535681,33675,29569356,5,0,1,3072,8,8862912493
1534,29535810,512709,30048519,5,0,0,122880,8,8009899711
1535,29570110,250963,29821073,4,0,0,512,14,1539153086
1536,29574480,637866,30212346,2,0,0,31744,22,9328127947
1537,29580430,3422,29583852,8,0,1,3584,22,10405735901
1538,29582400,2118,29584518,9,0,1,1024,26,8556579839
1539,29594820,26738,29621558,3,0,1,48640,13,4719662097
1540,29598530,29795,29628325,6,0,1,1536,18,10435680574
1541,29650370,338875,29989245,4,0,0,1024,14,5447565293
1542,29653500,237585,29891085,6,0,0,512,18,3701490061
1543,29666430,22774,29689204,3,0,1,30720,13,4881034653
1544,29671420,316813,29988233,5,0,0,149504,8,435063184
1545,29677410,498663,30176073,8,0,0,23040,22,1924941657
1546,29686280,395700,30081980,1,0,0,106496,29,4773937264
1547,29689341,6278,29695619,5,0,1,6656,8,3826803759
1548,29690031,7534,29697565,7,0,1,3072,25,285241901
1549,29719830,329687,30049517,6,0,0,1536,18,8080072424
1550,29743630,15617,29759247,6,0,1,1536,18,390313516
1551,29746510,16537,29763047,8,0,1,5120,22,7139341835
1552,29767930,281096,30049026,6,0,0,1536,18,2577715898
1553,29771121,328814,30099935,7,0,0,58880,25,5174123487
1554,29797020,1042,29798062,1,0,1,1024,29,4242252006
1555,29825130,4374,29829504,3,0,1,4608,13,7051801765
1556,29839180,95029,29934209,2,0,1,158208,22,9797345790
1557,29855191,247941,30103132,7,0,0,10240,25,6067287577
1558,29864620,70972,29935592,3,0,1,14848,13,1235795849
1559,29886130,102118,29988248,2,0,1,35840,22,5920713059
1560,29907220,307609,30214829,6,0,0,2048,18,864020418
1561,29924320,227088,30151408,2,0,0,19968,22,5486553164
1562,29924460,63803,29988263,6,0,1,1024,18,6859606790
1563,29930970,302968,30233938,9,0,0,14336,26,6919977067
1564,29935460,267199,30202659,5,0,0,71168,8,5552059215
1565,29936420,52840,29989260,3,0,1,36864,13,9106382728
1566,29939910,160064,30099974,3,0,1,105472,13,231117944
1567,29944040,343268,30287308,1,0,0,22016,29,8692979269
1568,29972310,127687,30099997,6,0,1,5120,18,3248888692
1569,29981670,184800,30166470,2,0,0,2560,22,6689745191
1570,29987470,257041,30244511,4,0,0,2560,14,7298585298
1571,30000441,111244,30111685,7,0,1,19456,25,2898263902
1572,30008530,103821,30112351,8,0,1,11264,22,4666704869
1573,30016940,134483,30151423,2,0,1,64512,22,10262772923
1574,30036201,311634,30347835,7,0,0,18432,25,931585311
1575,30054590,520349,30574939,5,0,0,102400,8,3070300297
1576,30097251,54187,30151438,5,0,1,4096,8,6907226730
1577,30097431,54559,30151990,7,0,1,5632,25,5203770600
1578,30142310,360362,30502672,5,0,0,138240,8,8419410738
1579,30161960,142334,30304294,6,0,0,1024,18,4905910374
1580,30175470,3541,30179011,8,0,1,3072,22,234232821
1581,30196330,20445,30216775,8,0,1,11776,22,9146228141
1582,30198651,19110,30217761,5,0,1,1536,8,7685907700
1583,30228631,566,30229197,5,0,1,512,8,7618832783
1584,30229390,231147,30460537,8,0,0,36352,22,4758002490
1585,30254400,1518,30255918,8,0,1,1536,22,4326224575
1586,30256470,7706,30264176,8,0,1,8192,22,9335560486
1587,30330410,360511,30690921,5,0,0,83968,8,6171092631
1588,30362570,566,30363136,6,0,1,512,18,5035874660
1589,30366210,3422,30369632,8,0,1,3584,22,9467041856
1590,30380191,1518,30381709,5,0,1,1536,8,2126771585
1591,30399990,103009,30502999,6,0,0,1024,18,4892122719
1592,30421160,199973,30621133,8,0,0,20992,22,5742285019
1593,30426671,7230,30433901,5,0,1,7680,8,2173260421
1594,30433730,474047,30907777,0,0,0,52224,29,2564026177
1595,30490280,175027,30665307,1,0,0,9216,29,10636801857
1596,30497681,7329,30505010,5,0,1,2048,8,5227476890
1597,30514060,339731,30853791,0,0,0,96256,29,9998492925
1598,30540520,124802,30665322,2,0,1,198656,22,3592364155
1599,30541640,149312,30690952,2,0,1,30720,22,1497368417
1600,30551691,316155,30867846,7,0,0,46080,25,7047450449
1601,30581641,109326,30690967,5,0,1,7168,8,5338658054
1602,30597070,271267,30868337,2,0,0,1536,22,7367863336
1603,30600790,191681,30792471,0,0,0,56320,29,3393871856
1604,30601011,89971,30690982,7,0,1,5632,25,6190454844
1605,30601891,167678,30769569,7,0,0,27648,25,7745810
1606,30630281,60716,30690997,5,0,1,6656,8,599611173
1607,30631120,314632,30945752,8,0,0,8192,22,2592858979
1608,30631121,59891,30691012,5,0,1,9728,8,3184410345
1609,30631270,77752,30709022,2,0,1,95744,22,9328378401
1610,30636020,360837,30996857,1,0,0,25600,29,2336351206
1611,30656170,391021,31047191,8,0,0,19968,22,9585803135
1612,30712710,103816,30816526,1,0,0,512,29,6269594365
1613,30723960,265082,30989042,8,0,0,28160,22,8110310002
1614,30738691,1994,30740685,5,0,1,2048,8,1962567688
1615,30741390,352515,31093905,1,0,0,14336,29,6719669676
1616,30743510,13341,30756851,3,0,1,22528,13,4883301250
1617,30749290,9827,30759117,2,0,1,3584,22,8468718352
1618,30757860,11732,30769592,3,0,1,11264,13,4547284507
1619,30758470,34816,30793286,8,0,1,39424,22,8800117164
1620,30786921,8929,30795850,7,0,1,9728,25,5845598988
1621,30836860,42477,30879337,2,0,1,17920,22,6483592198
1622,30854910,52882,30907792,2,0,1,47104,22,622077775
1623,30882120,70829,30952949,2,0,1,105984,22,7729470464
1624,30886540,215130,31101670,2,0,0,14848,22,9435916026
1625,30898440,247089,31145529,4,0,0,512,14,6896888984
1626,30904070,401556,31305626,2,0,0,88576,22,6351448079
1627,30913781,39514,30953295,5,0,1,512,8,10254134274
1628,30922020,280173,31202193,1,0,0,56320,29,2733617868
1629,30926490,210171,31136661,8,0,0,2560,22,6896354295
1630,30976600,204811,31181411,2,0,0,26112,22,5723311837
1631,31003560,566,31004126,8,0,1,512,22,1922299517
1632,31025140,216323,31241463,9,0,0,11776,26,3130335607
1633,31029331,412176,31441507,7,0,0,44032,25,2032995375
1634,31034380,223218,31257598,5,0,0,44032,8,1126747288
1635,31039781,1042,31040823,5,0,1,1024,8,10169979438
1636,31109440,74326,31183766,0,0,0,7680,29,7947005246
1637,31110870,557783,31668653,1,0,0,9728,29,5174764912
1638,31111720,166903,31278623,1,0,0,32256,29,5027187227
1639,31134660,233629,31368289,6,0,0,1024,18,1139192409
1640,31140560,184977,31325537,9,0,0,2560,26,4851688888
1641,31141660,272625,31414285,5,0,0,81920,8,28179432
1642,31145291,450395,31595686,7,0,0,33280,25,1254253375
1643,31159010,229277,31388287,0,0,0,512,29,6534937263
1644,31160211,2470,31162681,5,0,1,2560,8,10147959973
1645,31161321,2026,31163347,5,0,1,1024,8,6948744465
1646,31170960,13858,31184818,2,0,1,23552,22,6590596400
1647,31171840,510576,31682416,8,0,0,14336,22,6103820886
1648,31205720,110925,31316645,2,0,0,9728,22,4347698367
1649,31214740,446166,31660906,8,0,0,143360,22,6405900926
1650,31253771,174281,31428052,7,0,0,45056,25,9993788842
1651,31296700,157884,31454584,1,0,0,19968,29,1767706497
1652,31316251,2380,31318631,7,0,1,2048,25,416900887
1653,31337421,3898,31341319,7,0,1,4096,25,6910633627
1654,31365740,23208,31388948,3,0,1,38400,13,9138960966
1655,31384370,279671,31664041,2,0,0,10240,22,8578277461
1656,31392790,67779,31460569,3,0,1,53248,13,8878968180
1657,31399031,63484,31462515,5,0,1,3072,8,9641151182
1658,31402160,94785,31496945,3,0,1,83968,13,6162598458
1659,31422161,75450,31497611,5,0,1,1024,8,6542466212
1660,31434200,79169,31513369,2,0,1,50688,22,4512427180
1661,31437510,131081,31568591,3,0,1,132608,13,1351794119
1662,31444490,518210,31962700,5,0,0,174080,8,1681202272
1663,31462290,99675,31561965,8,0,0,12288,22,884596245
1664,31483450,651894,32135344,1,0,0,19456,29,4554713917
1665,31542430,338358,31880788,5,0,0,66560,8,802721774
1666,31564680,328314,31892994,0,0,0,36864,29,9791078978
1667,31567850,409685,31977535,2,0,0,48640,22,9092254160
1668,31571471,5971,31577442,5,0,1,14848,8,7645054812
1669,31581390,300357,31881747,4,0,0,3072,14,6098210561
1670,31598221,572862,32171083,7,0,0,117248,25,7539907512
1671,31600441,635677,32236118,7,0,0,37376,25,6684558618
1672,31636620,28046,31664666,9,0,1,512,26,9622330195
1673,31640390,424916,32065306,9,0,0,66560,26,10491562819
1674,31643720,375637,32019357,1,0,0,43520,29,10268516532
1675,31643850,580865,32224715,9,0,0,45568,26,7844157507
1676,31664340,65946,31730286,3,0,1,111616,13,9092728023
1677,31702341,29251,31731592,7,0,1,2048,25,3625701267
1678,31706271,25667,31731938,7,0,1,512,25,9814200124
1679,31723671,9253,31732924,5,0,1,1536,8,8853565668
1680,31725550,525756,32251306,1,0,0,2560,29,7968640073
1681,31734790,6754,31741544,3,0,1,7168,13,2230656185
1682,31737720,512791,32250511,2,0,0,25600,22,329968929
1683,31739740,239542,31979282,0,0,0,5632,29,4017183538
1684,31744610,450052,32194662,9,0,0,77312,26,3377433263
1685,31791330,229914,32021244,6,0,0,6144,18,5070320827
1686,31812780,31007,31843787,2,0,1,50176,22,7789150317
1687,31821151,474525,32295676,7,0,0,64512,25,8993951741
1688,31833030,242254,32075284,0,0,0,512,29,10274469837
1689,31840110,370706,32210816,8,0,0,38912,22,4441970848
1690,31863641,33686,31897327,7,0,1,4608,25,3589197814
1691,31882890,96407,31979297,2,0,1,129536,22,676572004
1692,31885961,93351,31979312,7,0,1,4608,25,3159552594
1693,31886110,580959,32467069,8,0,0,74240,22,6445659284
1694,31911990,451516,32363506,0,0,0,17920,29,9448192593
1695,31941220,296473,32237693,1,0,0,5120,29,5176171190
1696,32013651,185278,32198929,7,0,0,13824,25,10648063991
1697,32020211,549818,32570029,7,0,0,41472,25,3848105512
1698,32028920,1042,32029962,9,0,1,1024,26,6903412724
1699,32047510,190369,32237879,6,0,0,512,18,8534306790
1700,32058331,299692,32358023,7,0,0,56832,25,2959609225
1701,32060130,19093,32079223,3,0,1,23552,13,6073604224
1702,32062880,381554,32444434,5,0,0,72704,8,1091347445
1703,32077320,480042,32557362,5,0,0,81920,8,1690857833
1704,32110950,488541,32599491,6,0,0,1024,18,426657005
1705,32135521,102187,32237708,0,0,1,56832,29,8785444783
1706,32162171,78566,32240737,0,0,1,47616,29,3700720800
1707,32163920,643091,32807011,1,0,0,48640,29,3689009632
1708,32165191,165828,32331019,0,0,1,169984,29,3595651665
1709,32166760,728381,32895141,2,0,0,58368,22,10412697053
1710,32213550,405180,32618730,6,0,0,512,18,9339944656
1711,32227890,471427,32699317,1,0,0,30720,29,10634518111
1712,32232540,372939,32605479,6,0,0,512,18,8261297165
1713,32244230,87250,32331480,9,0,1,10240,26,5223728149
1714,32253110,121657,32374767,3,0,1,127488,13,8450177710
1715,32257210,432732,32689942,5,0,0,54272,8,9437601175
1716,32258190,397243,32655433,6,0,0,512,18,10705036857
1717,32273761,103272,32377033,7,0,1,3584,25,5526505750
1718,32319981,67984,32387965,0,0,1,35840,29,2124358187
1719,32343630,497237,32840867,1,0,0,47104,29,8635728185
1720,32364390,554954,32919344,9,0,0,79360,26,4567163179
1721,32376430,12201,32388631,2,0,1,1024,22,1764648855
1722,32378370,11567,32389937,9,0,1,2048,26,9258885175
1723,32388570,388465,32777035,0,0,0,158720,29,3231196818
1724,32428430,394040,32822470,8,0,0,50688,22,2812731260
1725,32438150,53182,32491332,3,0,1,43520,13,3806884075
1726,32444520,589524,33034044,0,0,0,24576,29,1788736576
1727,32445850,48388,32494238,2,0,1,4608,22,6776423770
1728,32448850,46694,32495544,9,0,1,2048,26,2602789116
1729,32461191,465047,32926238,7,0,0,5120,25,4900001506
1730,32471450,106610,32578060,2,0,1,159232,22,7510109760
1731,32499800,82126,32581926,9,0,1,6144,26,3506200198
1732,32519560,435004,32954564,9,0,0,14848,26,6484102692
1733,32537660,612667,33150327,1,0,0,80896,29,4764920541
1734,32540510,484534,33025044,9,0,0,50176,26,9319893595
1735,32546130,463611,33009741,8,0,0,13824,22,10143154657
1736,32552010,822683,33374693,2,0,0,226304,22,2972185017
1737,32571460,24929,32596389,2,0,1,45056,22,7240205894
1738,32604630,320033,32924663,2,0,0,17408,22,9001918498
1739,32604771,342432,32947203,7,0,0,16384,25,9234926057
1740,32648170,13858,32662028,2,0,1,23552,22,9555093474
1741,32652740,12194,32664934,9,0,1,4608,26,5402967117
1742,32653021,386342,33039363,7,0,0,17408,25,1273904043
1743,32659641,39691,32699332,0,0,1,44032,29,10355775739
1744,32689440,14751,32704191,2,0,1,5120,22,10377975240
1745,32697450,7407,32704857,9,0,1,1024,26,8847616913
1746,32763400,228467,32991867,4,0,0,512,14,6808757681
1747,32772470,735192,33507662,9,0,0,219648,26,9884075256
1748,32827140,432570,33259710,6,0,0,1536,18,7945337886
1749,32851011,152373,33003384,7,0,0,4608,25,5846335855
1750,32865560,407449,33273009,8,0,0,22528,22,3184066454
1751,32879000,374535,33253535,0,0,0,13824,29,858719027
1752,32913170,36455,32949625,3,0,1,41984,13,5641109835
1753,32925020,380067,33305087,5,0,0,49664,8,7560128176
1754,32933010,599229,33532239,2,0,0,59904,22,9988774381
1755,32944530,10049,32954579,9,0,1,14848,26,45463686
1756,32957640,348086,33305726,5,0,0,2048,8,9001622459
1757,32991280,3898,32995178,9,0,1,4096,26,1413827410
1758,32998220,291720,33289940,9,0,0,36352,26,7346353297
1759,33011661,502124,33513785,7,0,0,19968,25,6282440136
1760,33037320,8313,33045633,9,0,1,6656,26,6243668586
1761,33128310,35159,33163469,3,0,1,22016,13,7417175918
1762,33134780,275563,33410343,4,0,0,512,14,2118576674
1763,33137831,25792,33163623,0,0,1,8704,29,10687452453
1764,33143860,232954,33376814,5,0,0,5632,8,2569947016
1765,33156471,253701,33410172,7,0,0,9216,25,5339190786
1766,33172130,263272,33435402,9,0,0,10240,26,699894813
1767,33175350,14117,33189467,3,0,1,24064,13,6457734713
1768,33209561,12049,33221610,0,0,1,19968,29,9110520337
1769,33222631,152101,33374732,0,0,1,177152,29,4670039909
1770,33252000,123075,33375075,0,0,0,1024,29,10552883627
1771,33261530,328828,33590358,4,0,0,512,14,3411347637
1772,33294210,219754,33513964,4,0,0,512,14,1548042457
1773,33306491,265921,33572412,7,0,0,13312,25,9760296606
1774,33327760,325579,33653339,9,0,0,9728,26,4641312189
1775,33336090,464026,33800116,1,0,0,43520,29,9422274794
1776,33336640,414623,33751263,8,0,0,12800,22,2915930682
1777,33341090,514273,33855363,1,0,0,15872,29,656633070
1778,33378670,271690,33650360,5,0,0,43520,8,1616973410
1779,33415430,314263,33729693,2,0,0,10240,22,4458421002
1780,33436870,283970,33720840,0,0,0,37376,29,3556926796
1781,33437150,349691,33786841,0,0,0,47104,29,999556890
1782,33438851,93411,33532262,0,0,1,145920,29,2312004201
1783,33439000,314774,33753774,5,0,0,8192,8,3273512718
1784,33457960,216203,33674163,6,0,0,512,18,1956539915
1785,33481881,414068,33895949,7,0,0,11264,25,143742496
1786,33494130,356382,33850512,5,0,0,69632,8,10424562816
1787,33505130,314599,33819729,5,0,0,1024,8,2973006088
1788,33519390,17215,33536605,9,0,1,4608,26,537602529
1789,33545630,283651,33829281,8,0,0,7168,22,1207539190
1790,33548020,437432,33985452,4,0,0,512,14,7657744724
1791,33562110,123264,33685374,5,0,0,13312,8,2688047791
1792,33569620,8755,33578375,1,0,1,14848,29,5735887024
1793,33650681,4644,33655325,5,0,1,2048,8,3623691044
1794,33653860,167561,33821421,6,0,0,1536,18,6286675996
1795,33665940,135595,33801535,8,0,0,4608,22,9101047947
1796,33672900,137398,33810298,0,0,0,9728,29,7798341414
1797,33678070,240218,33918288,2,0,0,14848,22,8123955191
1798,33695980,401156,34097136,5,0,0,102400,8,242460696
1799,33701700,307596,34009296,1,0,0,8192,29,1286675006
1800,33704240,156638,33860878,1,0,0,15360,29,2668102327
1801,33727150,312463,34039613,6,0,0,1024,18,4542208358
1802,33727761,3943,33731704,5,0,1,2048,8,7801769102
1803,33759120,163703,33922823,6,0,0,2560,18,5912690723
1804,33795390,249893,34045283,0,0,0,7168,29,918517177
1805,33815610,185705,34001315,6,0,0,1024,18,3558643159
1806,33821820,4420,33826240,9,0,1,11776,26,5332765242
1807,33845880,183438,34029318,4,0,0,53248,14,9358678948
1808,33846560,202713,34049273,2,0,0,3072,22,738878695
1809,33858620,130281,33988901,6,0,0,1536,18,1847614953
1810,33875560,386213,34261773,4,0,0,44032,14,4858428223
1811,33886630,211021,34097651,6,0,0,1536,18,7095048977
1812,33894990,299161,34194151,0,0,0,96768,29,9243034473
1813,33931280,1994,33933274,6,0,1,2048,18,229251868
1814,33937710,414780,34352490,5,0,0,6656,8,481793095
1815,33952410,152120,34104530,8,0,0,22528,22,7693992960
1816,33966770,253165,34219935,4,0,0,34304,14,3073840667
1817,33972601,3904,33976505,5,0,1,10752,8,9731518181
1818,33987320,296405,34283725,4,0,0,20992,14,6939782189
1819,33989901,5326,33995227,5,0,1,5632,8,4886644990
1820,33998720,229130,34227850,9,0,0,3584,26,8117194503
1821,34010640,18693,34029333,9,0,1,5120,26,471452535
1822,34062200,147268,34209468,8,0,0,27136,22,3092888683
1823,34068010,60462,34128472,2,0,1,39936,22,9918905851
1824,34070650,276352,34347002,0,0,0,8192,29,824330029
1825,34080760,185552,34266312,8,0,0,14848,22,4360033971
1826,34088450,179366,34267816,5,0,0,3584,8,4354006144
1827,34129860,291606,34421466,0,0,0,50688,29,10588854103
1828,34136670,340545,34477215,9,0,0,57856,26,6317604469
1829,34142800,255437,34398237,4,0,0,26624,14,6811096667
1830,34223670,225438,34449108,1,0,0,9216,29,2713722705
1831,34264840,302793,34567633,5,0,0,93184,8,3263156166
1832,34283000,140846,34423846,5,0,0,7168,8,7873111477
1833,34284141,343771,34627912,7,0,0,22528,25,6141099476
1834,34300410,308077,34608487,9,0,0,19456,26,5890855555
1835,34353720,132714,34486434,5,0,0,30208,8,2561104330
1836,34357350,25187,34382537,2,0,1,45568,22,4453908923
1837,34378650,196210,34574860,1,0,0,9728,29,4818114025
1838,34380350,43904,34424254,6,0,0,512,18,8909758437
1839,34382900,144537,34527437,4,0,0,2048,14,1335358722
1840,34444041,74350,34518391,0,0,1,121344,29,4551976375
1841,34449320,164577,34613897,2,0,1,211456,22,4696749392
1842,34495990,119213,34615203,1,0,1,2048,29,548480971
1843,34499980,296876,34796856,8,0,0,43008,22,599951926
1844,34511320,252543,34763863,8,0,0,6144,22,4405823379
1845,34526900,173178,34700078,8,0,0,10240,22,4679378728
1846,34549950,65599,34615549,1,0,1,512,29,3567789820
1847,34558201,212229,34770430,7,0,0,21504,25,6616568892
1848,34571880,84074,34655954,6,0,0,1536,18,8953576975
1849,34612050,459050,35071100,8,0,0,79872,22,10409668906
1850,34630460,50412,34680872,6,0,0,1536,18,8330284819
1851,34671891,43112,34715003,0,0,1,73728,29,2563927676
1852,34727780,249678,34977458,9,0,0,512,26,7156852053
1853,34769330,274795,35044125,9,0,0,1536,26,422708716
1854,34786550,117857,34904407,5,0,0,30720,8,6776396315
1855,34802130,511703,35313833,4,0,0,23040,14,8967773672
1856,34812780,353162,35165942,8,0,0,153088,22,8375787579
1857,34822781,11274,34834055,0,0,1,18432,29,8514151988
1858,34862690,331573,35194263,4,0,0,89088,14,10030224022
1859,34876560,1518,34878078,9,0,1,1536,26,540367529
1860,34894460,205213,35099673,2,0,0,22528,22,957687513
1861,34916370,1042,34917412,9,0,1,1024,26,6331937598
1862,34925230,109726,35034956,6,0,0,2048,18,3546224167
1863,34931090,235843,35166933,0,0,0,3072,29,9993323033
1864,34950280,2946,34953226,2,0,1,3072,22,7316437962
1865,34986051,131279,35117330,7,0,0,4096,25,8981891370
1866,35027831,12737,35040568,0,0,1,24576,29,217821456
1867,35084250,82854,35167104,6,0,0,512,18,9803225492
1868,35094080,212694,35306774,5,0,0,164864,8,810629776
1869,35119380,506051,35625431,8,0,0,175104,22,9860566949
1870,35127120,87468,35214588,2,0,1,32768,22,1995118572
1871,35130150,183878,35314028,6,0,0,512,18,2131579106
1872,35130710,262534,35393244,8,0,0,5632,22,4375541851
1873,35136021,83073,35219094,0,0,1,7168,29,1161381477
1874,35184310,35450,35219760,9,0,1,1024,26,3365280175
1875,35193020,121023,35314043,2,0,1,168448,22,5777009394
1876,35215390,227661,35443051,5,0,0,27648,8,10232791788
1877,35239880,623148,35863028,0,0,0,89600,29,668164311
1878,35261840,410565,35672405,5,0,0,35840,8,7288034010
1879,35267570,358032,35625602,9,0,0,512,26,144119062
1880,35271670,389800,35661470,0,0,0,71680,29,7038855229
1881,35283650,454398,35738048,8,0,0,49664,22,6331373683
1882,35311780,232648,35544428,2,0,0,49664,22,6435262995
1883,35312370,212217,35524587,8,0,0,45056,22,3440526190
1884,35317180,254884,35572064,8,0,0,11264,22,184517994
1885,35432190,287378,35719568,8,0,0,39424,22,3671131184
1886,35448710,479216,35927926,2,0,0,44544,22,9292793209
1887,35494240,4374,35498614,8,0,1,4608,22,9515086885
1888,35507610,182265,35689875,9,0,0,512,26,1323207256
1889,35522030,392309,35914339,8,0,0,61440,22,5899797656
1890,35528010,16433,35544443,9,0,1,5632,26,10094468037
1891,35559361,542911,36102272,7,0,0,126464,25,3643800138
1892,35574690,53491,35628181,2,0,1,2560,22,8563229200
1893,35576270,549908,36126178,0,0,0,39424,29,6228837
1894,35579710,283653,35863363,9,0,0,1024,26,2866178229
1895,35588310,167672,35755982,9,0,0,1536,26,2509358432
1896,35599990,31827,35631817,2,0,1,5632,22,1444386935
1897,35618850,211387,35830237,0,0,0,18432,29,6437963214
1898,35629390,655682,36285072,5,0,0,138752,8,4853084018
1899,35636220,115154,35751374,9,0,0,1536,26,896630638
1900,35638710,176649,35815359,8,0,0,16896,22,6705844544
1901,35661760,125284,35787044,9,0,0,1536,26,4966552160
1902,35661940,323085,35985025,5,0,0,60416,8,2903912333
1903,35676161,30749,35706910,4,0,1,49664,14,9939367633
1904,35677190,42393,35719583,9,0,1,2048,26,6579518130
1905,35686810,94013,35780823,4,0,0,2048,14,1378433939
1906,35687501,32097,35719598,5,0,1,2560,8,1790000936
1907,35695150,24463,35719613,9,0,1,4608,26,8714249146
1908,35704070,15558,35719628,8,0,1,9216,22,9452273960
1909,35716520,473191,36189711,2,0,0,17920,22,9520436815
1910,35764660,190152,35954812,5,0,0,44544,8,7300285283
1911,35767000,562162,36329162,5,0,0,67072,8,10685997852
1912,35771120,215012,35986132,9,0,0,3584,26,8832272433
1913,35782050,1042,35783092,2,0,1,1024,22,2587917982
1914,35811340,302803,36114143,8,0,0,38912,22,10330984664
1915,35825630,215843,36041473,4,0,0,7168,14,1197564712
1916,35828230,414551,36242781,8,0,0,78848,22,4632931897
1917,35846800,18541,35865341,9,0,1,2048,26,1474114836
1918,35862920,355822,36218742,4,0,0,95232,14,6983104419
1919,35916440,254087,36170527,9,0,0,1024,26,2001828526
1920,35955740,329986,36285726,9,0,0,512,26,2473947885
1921,35978170,359283,36337453,2,0,0,27136,22,5335603860
1922,35993341,310355,36303696,7,0,0,57344,25,7090834317
1923,35999240,355003,36354243,2,0,0,41472,22,3612257085
1924,36014940,270615,36285555,6,0,0,1536,18,8621698968
1925,36029010,257199,36286209,6,0,0,1536,18,4984293588
1926,36101870,206841,36308711,8,0,0,16384,22,7450002438
1927,36118410,10230,36128640,2,0,1,2560,22,2250348964
1928,36138610,281039,36419649,1,0,0,28160,29,10638554968
1929,36255860,241432,36497292,4,0,0,18432,14,839580808
1930,36274760,145996,36420756,2,0,0,3584,22,7708834075
1931,36339290,566,36339856,9,0,1,512,26,4796617464
1932,36351180,211061,36562241,0,0,0,93184,29,7228058608
1933,36381880,151946,36533826,2,0,0,119296,22,4679598225
1934,36393960,103503,36497463,6,0,0,512,18,5007174864
1935,36400920,213168,36614088,0,0,0,16384,29,2855429204
1936,36424990,212136,36637126,5,0,0,62976,8,8851751351
1937,36438520,156800,36595320,2,0,0,10240,22,10243352119
1938,36439270,233546,36672816,1,0,0,27648,29,3284468957
1939,36445030,11533,36456563,2,0,1,18944,22,2697281961
1940,36463330,2946,36466276,9,0,1,3072,26,2295110320
1941,36505980,57262,36563242,9,0,1,1024,26,8598336181
1942,36556870,8621,36565491,9,0,1,3072,26,854602999
1943,36589650,153096,36742746,8,0,0,29184,22,4073100244
1944,36615500,204976,36820476,2,0,0,56320,22,6819916963
1945,36620480,94060,36714540,9,0,0,1024,26,8336397316
1946,36621960,269056,36891016,2,0,0,97280,22,3229600233
1947,36658320,1042,36659362,2,0,1,1024,22,6015805085
1948,36668030,10580,36678610,9,0,1,6144,26,2862877572
1949,36688031,205964,36893995,7,0,0,9728,25,2065156018
1950,36707410,44164,36751574,9,0,0,512,26,8626318235
1951,36716430,198873,36915303,4,0,0,22016,14,5683950828
1952,36727690,95929,36823619,0,0,0,10240,29,10085547445
1953,36756310,67964,36824274,9,0,0,2048,26,6621574615
1954,36769380,1994,36771374,2,0,1,2048,22,4953414391
1955,36779630,114544,36894174,6,0,0,512,18,2785565057
1956,36805631,155758,36961389,7,0,0,15872,25,9430589195
1957,36815570,78931,36894501,9,0,0,1024,26,8650188405
1958,36816260,137326,36953586,1,0,0,20992,29,10068346039
1959,36819470,164809,36984279,8,0,0,9216,22,4253997489
1960,36840130,80474,36920604,2,0,0,4608,22,8351685603
1961,36856270,3422,36859692,2,0,1,3584,22,2620920873
1962,36866270,201449,37067719,0,0,0,20992,29,6405715928
1963,36879820,107496,36987316,6,0,0,512,18,4455246009
1964,36902260,104312,37006572,5,0,0,42496,8,2235136563
1965,36916081,144635,37060716,7,0,0,58880,25,4110869760
1966,36925951,143351,37069302,7,0,0,5120,25,4895289860
1967,36930120,139509,37069629,6,0,0,1024,18,451887688
1968,36950310,209368,37159678,8,0,0,73216,22,4331192951
1969,36961020,108788,37069808,6,0,0,512,18,2278017470
1970,37019360,248938,37268298,2,0,0,46592,22,912133893
1971,37038251,3645,37041896,0,0,1,10240,29,6516511213
1972,37063880,47735,37111615,6,0,0,512,18,3113809258
1973,37068221,14566,37082787,0,0,1,25088,29,106821835
1974,37068570,91279,37159849,9,0,0,512,26,5074113356
1975,37119730,91148,37210878,0,0,0,19456,29,5765607970
1976,37123650,97941,37221591,8,0,0,12288,22,6612247103
1977,37132991,3904,37136895,0,0,1,10752,29,4622592198
1978,37165860,85784,37251644,0,0,0,22016,29,7045351013
1979,37172750,136626,37309376,0,0,0,50176,29,2560546104
1980,37181050,226907,37407957,6,0,0,512,18,7098137102
1981,37191860,566,37192426,2,0,1,512,22,4813723973
1982,37225230,2470,37227700,2,0,1,2560,22,3509756729
1983,37230660,306009,37536669,5,0,0,196096,8,8932567910
1984,37250930,147343,37398273,0,0,0,64512,29,1126365588
1985,37263890,58686,37322576,6,0,0,512,18,5131811103
1986,37291361,31266,37322627,0,0,1,50688,29,5794208091
1987,37329110,344654,37673764,5,0,0,3072,8,3249510690
1988,37343320,324425,37667745,1,0,0,20992,29,6606992309
1989,37373940,255916,37629856,2,0,0,35840,22,5064354944
1990,37395190,56459,37451649,9,0,0,512,26,5871279900
1991,37422900,114119,37537019,6,0,0,1024,18,3841748860
1992,37432420,375323,37807743,8,0,0,192000,22,3369207860
1993,37454521,82171,37536692,0,0,1,53248,29,6886888597
1994,37485460,328234,37813694,2,0,0,19456,22,4933970257
1995,37494120,360472,37854592,8,0,0,34816,22,4406248804
1996,37500771,423475,37924246,7,0,0,75776,25,2050783399
1997,37502111,79200,37581311,0,0,1,72704,29,3339871911
1998,37509610,72367,37581977,9,0,1,1024,26,6721474859
1999,37537660,46903,37584563,6,0,1,4096,18,771498003
2000,37549860,35983,37585843,9,0,1,14336,26,5258496274
2001,37595780,2470,37598250,2,0,1,2560,22,4866127505
2002,37626080,201720,37827800,8,0,0,29184,22,436372204
2003,37633001,20366,37653367,0,0,1,32768,29,341248739
2004,37649250,4271,37653521,9,0,1,8704,26,9131326792
2005,37670230,341574,38011804,0,0,0,135168,29,1572691303
2006,37755040,279882,38034922,1,0,0,75264,29,10644541931
2007,37776890,235085,38011975,9,0,0,512,26,1392467965
2008,37826850,1508,37828358,6,0,1,512,18,884780293
2009,37828150,220226,38048376,2,0,0,43520,22,2753354296
2010,37836770,259356,38096126,1,0,0,512,29,6875490772
2011,37843031,11576,37854607,0,0,1,3584,29,5418272954
2012,37881620,6278,37887898,2,0,1,6656,22,3481144030
2013,37902740,220099,38122839,5,0,0,71680,8,8138416203
2014,37938250,96843,38035093,6,0,0,512,18,8394930103
2015,38013370,79537,38092907,8,0,0,3584,22,8679736253
2016,38075460,99476,38174936,2,0,0,26624,22,6827698831
2017,38140071,54617,38194688,0,0,1,89600,29,7789162200
2018,38216380,1042,38217422,2,0,1,1024,22,8482101565
2019,38225180,7230,38232410,2,0,1,7680,22,5419064404
2020,38225930,6826,38232756,2,0,1,512,22,7361764959
2021,38235240,106496,38341736,8,0,0,49664,22,2758870768
2022,38280200,1518,38281718,6,0,1,1536,18,5505482234
2023,38300130,1994,38302124,6,0,1,2048,18,6147721140
2024,38302250,1994,38304244,2,0,1,2048,22,2286803471
2025,38323561,188868,38512429,7,0,0,9216,25,7589253467
2026,38338221,254391,38592612,7,0,0,3072,25,1402093481
2027,38341910,45596,38387506,6,0,0,1024,18,6672900690
2028,38346111,87229,38433340,0,0,1,146432,29,691592990
2029,38388020,121586,38509606,8,0,0,8192,22,5689006634
2030,38388800,99387,38488187,6,0,0,2048,18,3166413510
2031,38402300,135748,38538048,2,0,0,15872,22,2115083737
2032,38409060,26226,38435286,6,0,1,3072,18,8540120261
2033,38425840,158312,38584152,9,0,0,512,26,9839082521
2034,38434340,591043,39025383,2,0,0,194048,22,7229842931
2035,38451470,343317,38794787,8,0,0,131584,22,2173659930
2036,38491631,70991,38562622,0,0,1,114688,29,10115893541
2037,38504060,250612,38754672,8,0,0,109568,22,681966934
2038,38508580,315469,38824049,0,0,0,12288,29,3669502025
2039,38529171,381437,38910608,7,0,0,71680,25,1377327521
2040,38530620,390767,38921387,2,0,0,35328,22,944095876
2041,38584840,210142,38794982,9,0,0,512,26,10727797863
2042,38590991,62158,38653149,0,0,1,100864,29,5276368231
2043,38600280,269294,38869574,9,0,0,512,26,5214767429
2044,38600920,58028,38658948,2,0,1,19456,22,7438941039
2045,38664220,205183,38869403,2,0,0,13824,22,6673042765
2046,38730190,302392,39032582,8,0,0,23552,22,4545287578
2047,38740871,78740,38819611,0,0,1,44544,29,6189459018
2048,38770110,49847,38819957,2,0,1,512,22,9404589066
2049,38779520,147655,38927175,6,0,0,1024,18,4350311235
2050,38814090,134228,38948318,0,0,0,17920,29,2325067406
2051,38820330,103929,38924259,9,0,0,1536,26,9762356300
2052,38850640,2946,38853586,2,0,1,3072,22,7680781165
2053,38858091,3128,38861219,0,0,1,9216,29,1075904426
2054,38937630,129510,39067140,8,0,0,2048,22,9340297690
2055,38944280,175633,39119913,2,0,0,14336,22,9759948865
2056,38962700,84334,39047034,2,0,0,12800,22,3464707768
2057,38978730,150887,39129617,5,0,0,22016,8,2212759109
2058,39101281,86204,39187485,7,0,0,13312,25,557349826
2059,39120410,9222,39129632,2,0,1,5632,22,10078675861
2060,39155530,103220,39258750,8,0,0,38912,22,275451011
2061,39191040,67913,39258953,9,0,0,512,26,7586527295
2062,39193610,10499,39204109,2,0,1,16896,22,10093908013
2063,39196050,95557,39291607,8,0,0,8704,22,1296968748
2064,39207940,64223,39272163,9,0,0,512,26,1822883281
2065,39222571,54100,39276671,0,0,1,88576,29,7184704258
2066,39227470,50827,39278297,8,0,1,2560,22,8957054541
2067,39230960,48515,39279475,2,0,1,13824,22,4049940614
2068,39237960,44101,39282061,8,0,1,4096,22,8052024888
2069,39241610,238274,39479884,5,0,0,51200,8,768885673
2070,39252011,46422,39298433,0,0,1,53760,29,851410547
2071,39298760,282496,39581256,2,0,0,6656,22,435782230
2072,39305221,210573,39515794,7,0,0,26624,25,2344165736
2073,39322741,2946,39325687,4,0,1,3072,14,9186063402
2074,39324880,254333,39579213,0,0,0,26112,29,1585714506
2075,39327331,46212,39373543,0,0,1,79872,29,7375320893
2076,39335750,263717,39599467,5,0,0,32768,8,8363901143
2077,39335941,43196,39379137,0,0,1,18432,29,7487565485
2078,39349090,142621,39491711,6,0,0,1024,18,4723177390
2079,39352590,27827,39380417,8,0,1,14336,22,8556602106
2080,39379540,1863,39381403,2,0,1,1536,22,5685305179
2081,39401441,14545,39415986,0,0,1,28160,29,3017294451
2082,39484560,73317,39557877,9,0,0,1536,26,7557710047
2083,39491490,221908,39713398,7,0,0,84992,25,7022624010
2084,39534441,3422,39537863,4,0,1,3584,14,6869380954
2085,39536050,178455,39714505,0,0,0,3584,29,6312424581
2086,39554850,111351,39666201,2,0,0,22016,22,7493805805
2087,39606170,157346,39763516,7,0,0,21504,25,8075592281
2088,39623280,242584,39865864,0,0,0,99328,29,1666475342
2089,39710660,124917,39835577,2,0,0,21504,22,10277450886
2090,39722060,106950,39829010,8,0,0,48640,22,6787915774
2091,39725260,5802,39731062,2,0,1,6144,22,4899351433
2092,39739820,1994,39741814,2,0,1,2048,22,7165996701
2093,39761860,104979,39866839,9,0,0,3072,26,4711523348
2094,39780530,6278,39786808,8,0,1,6656,22,1085326725
2095,39792781,16613,39809394,0,0,1,32256,29,4662980205
2096,39803070,6990,39810060,2,0,1,1024,22,5987207270
2097,39812730,271843,40084573,7,0,0,30208,25,7051895395
2098,39823130,56034,39879164,2,0,1,22528,22,4681996893
2099,39854450,305565,40160015,8,0,0,3584,22,6316849318
2100,39856530,128141,39984671,5,0,0,512,8,6161183940
2101,39885070,45596,39930666,9,0,0,1024,26,3425423696
2102,39911950,163404,40075354,7,0,0,87040,25,4650528904
2103,39922140,5802,39927942,8,0,1,6144,22,8273684114
2104,39929671,41391,39971062,0,0,1,67072,29,10634610911
2105,39935211,42469,39977680,4,0,1,31744,14,9848998859
2106,39965490,193418,40158908,0,0,0,59392,29,7325013098
2107,39985090,2946,39988036,8,0,1,3072,22,4940050344
2108,39987550,97194,40084744,9,0,0,512,26,6269028402
2109,40033411,134237,40167648,4,0,1,221184,14,3855194840
2110,40055721,179015,40234736,4,0,1,214528,14,10582676134
2111,40061000,166927,40227927,7,0,0,51712,25,3197332944
2112,40087061,158197,40245258,4,0,1,33792,14,1152550129
2113,40191240,57564,40248804,8,0,1,5632,22,10182031934
2114,40232651,26573,40259224,0,0,1,33280,29,10137267197
2115,40234641,62299,40296940,4,0,1,88576,14,5548874229
2116,40251720,49406,40301126,2,0,1,6656,22,1087481722
2117,40254720,307961,40562681,0,0,0,9728,29,1446349583
2118,40277730,87061,40364791,9,0,0,2048,26,2597007045
2119,40329180,3422,40332602,2,0,1,3584,22,8109977078
2120,40399321,1994,40401315,4,0,1,2048,14,170625281
2121,40418680,245639,40664319,0,0,0,24064,29,7586791195
2122,40465490,1994,40467484,8,0,1,2048,22,9561105087
2123,40475270,3422,40478692,8,0,1,3584,22,8402244992
2124,40475570,229949,40705519,7,0,0,30208,25,6140078636
2125,40512700,2946,40515646,8,0,1,3072,22,3802032464
2126,40570861,2470,40573331,0,0,1,2560,29,4875892885
2127,40581480,1042,40582522,8,0,1,1024,22,3981482957
2128,40616920,138108,40755028,5,0,0,63488,8,3996733095
2129,40630960,129858,40760818,7,0,0,11776,25,4943483006
2130,40663820,66466,40730286,6,0,0,512,18,7063931880
2131,40677150,566,40677716,8,0,1,512,22,7828709112
2132,40723950,385239,41109189,5,0,0,22016,8,8595300115
2133,40741090,195238,40936328,2,0,0,68096,22,6911067674
2134,40768270,226468,40994738,2,0,0,36864,22,4008659189
2135,40793090,86540,40879630,0,0,0,19456,29,191487175
2136,40805701,22862,40828563,0,0,1,40960,29,5832643781
2137,40909801,26542,40936343,0,0,1,34304,29,6041131288
2138,40953330,43904,40997234,9,0,0,512,26,1635456459
2139,40958361,11533,40969894,0,0,1,18944,29,8202797798
2140,40998890,4162,41003052,8,0,1,11264,22,3941467455
2141,41037560,388873,41426433,5,0,0,136192,8,3890330240
2142,41047400,1994,41049394,2,0,1,2048,22,2483959291
2143,41055520,175465,41230985,8,0,0,4608,22,6820044562
2144,41058270,43904,41102174,9,0,0,512,26,10219893676
2145,41063060,319333,41382393,7,0,0,47104,25,5348586834
2146,41077040,134065,41211105,7,0,0,56832,25,761875399
2147,41144280,120591,41264871,8,0,0,50688,22,10704681820
2148,41147071,6278,41153349,5,0,1,6656,8,3833898025
2149,41149350,80216,41229566,8,0,0,13824,22,6114399544
2150,41149430,324313,41473743,0,0,0,63488,29,2632132652
2151,41180980,127811,41308791,6,0,0,1024,18,8493759536
2152,41196451,68435,41264886,0,0,1,82944,29,6294107654
2153,41234790,30111,41264901,8,0,1,13824,22,9167503495
2154,41281670,2946,41284616,8,0,1,3072,22,2039919085
2155,41297760,296229,41593989,7,0,0,76800,25,667229912
2156,41316940,224162,41541102,2,0,0,40448,22,4091398533
2157,41323290,152876,41476166,9,0,0,3072,26,1163452429
2158,41329010,566,41329576,8,0,1,512,22,3207048353
2159,41342760,3422,41346182,3,0,1,3584,13,8443761282
2160,41346760,566,41347326,2,0,1,512,22,4773765039
2161,41378160,48288,41426448,3,0,1,4096,13,6136483977
2162,41400891,49186,41450077,0,0,1,42496,29,10610566490
2163,41437981,12250,41450231,0,0,1,8704,29,7183154157
2164,41450240,97680,41547920,9,0,0,512,26,5645181186
2165,41450950,333488,41784438,2,0,0,51712,22,8257902823
2166,41482260,244290,41726550,8,0,0,19456,22,7681450465
2167,41496290,206847,41703137,0,0,0,32256,29,1565861004
2168,41499371,1518,41500889,0,0,1,1536,29,3373129413
2169,41509680,236816,41746496,9,0,0,1024,26,5116210564
2170,41515130,25987,41541117,8,0,1,28160,22,10223883110
2171,41573280,218372,41791652,6,0,0,2560,18,2611167256
2172,41626920,163937,41790857,7,0,0,20992,25,6528711427
2173,41629360,83224,41712584,6,0,0,2560,18,5012951002
2174,41647340,2946,41650286,3,0,1,3072,13,9677380800
2175,41683360,123194,41806554,0,0,0,18432,29,3714739920
2176,41707970,174502,41882472,8,0,0,84992,22,9952271589
2177,41730500,191326,41921826,8,0,0,48128,22,918339044
2178,41738691,67878,41806569,4,0,1,110080,14,3452616884
2179,41769170,235031,42004201,7,0,0,38912,25,578430200
2180,41889970,10499,41900469,8,0,1,16896,22,5072737274
2181,41920480,200653,42121133,2,0,0,13824,22,458353598
2182,41929520,226063,42155583,5,0,0,13312,8,5398136426
2183,41932830,183099,42115929,5,0,0,15360,8,4239538072
2184,41938640,195894,42134534,9,0,0,1024,26,9983253737
2185,41956820,135091,42091911,8,0,0,43520,22,8761989955
2186,41967130,154174,42121304,9,0,0,512,26,3612162068
2187,41980530,1994,41982524,2,0,1,2048,22,7703432181
2188,42002450,75601,42078051,9,0,0,3072,26,8906364478
2189,42024250,45596,42069846,9,0,0,1024,26,6869782733
2190,42028550,105657,42134207,7,0,0,10240,25,3477709096
2191,42039030,116568,42155598,8,0,1,185856,22,6274634010
2192,42039220,117953,42157173,2,0,0,5120,22,7685183995
2193,42091250,65938,42157188,2,0,1,13824,22,1126254670
2194,42116040,41163,42157203,2,0,1,2048,22,1317167818
2195,42116360,62431,42178791,9,0,0,1536,26,2107472906
2196,42244520,80058,42324578,5,0,0,512,8,1754017663
2197,42255290,21916,42277206,2,0,1,35840,22,9649097628
2198,42260860,21172,42282032,2,0,1,7680,22,2201391640
2199,42274720,216401,42491121,8,0,0,73728,22,4191755407
2200,42274860,232649,42507509,0,0,0,33280,29,437868805
2201,42286930,87614,42374544,6,0,0,2560,18,5043985896
2202,42319550,143279,42462829,6,0,0,1536,18,7127433325
2203,42343960,6754,42350714,2,0,1,7168,22,2212713016
2204,42372460,155578,42528038,7,0,0,23552,25,969639686
2205,42381510,47288,42428798,6,0,0,1536,18,7559377305
2206,42404580,129337,42533917,6,0,0,512,18,4944456222
2207,42449260,1042,42450302,2,0,1,1024,22,8789351545
2208,42450731,566,42451297,0,0,1,512,29,1154872888
2209,42494260,48783,42543043,9,0,0,512,26,5812466852
2210,42513620,16096,42529716,8,0,1,31232,22,9104889437
2211,42577350,269535,42846885,8,0,0,35840,22,7905328523
2212,42598940,323502,42922442,0,0,0,36864,29,4484257866
2213,42610161,6488,42616649,0,0,1,15872,29,1823364927
2214,42612350,7546,42619896,2,0,1,5120,22,7454121861
2215,42670170,209978,42880148,0,0,0,65536,29,1790003277
2216,42727710,1518,42729228,2,0,1,1536,22,8232005800
2217,42763670,13341,42777011,2,0,1,22528,22,4799480648
2218,42786130,95749,42881879,8,0,0,5632,22,6194256394
2219,42786910,221023,43007933,5,0,0,66048,8,1681367644
2220,42805610,118571,42924181,2,0,0,5632,22,302222169
2221,42876490,7868,42884358,6,0,1,2560,18,1572814863
2222,42877520,172710,43050230,2,0,0,20480,22,4792518787
2223,42914870,105373,43020243,9,0,0,1536,26,3450712440
2224,42938640,3898,42942538,9,0,1,4096,26,4065400940
2225,42948040,4420,42952460,2,0,1,11776,22,8877263590
2226,43034730,64520,43099250,2,0,0,7680,22,10442942649
2227,43040660,76098,43116758,7,0,0,9728,25,1276968479
2228,43052500,1042,43053542,1,0,1,1024,29,10220260473
2229,43054510,35054,43089564,8,0,1,61440,22,646245880
2230,43067601,22731,43090332,5,0,1,11776,8,7213794628
2231,43087170,12095,43099265,8,0,1,16384,22,4169390783
2232,43120360,175869,43296229,7,0,0,77312,25,7398965627
2233,43141771,4374,43146145,0,0,1,4608,29,10201999657
2234,43152220,4850,43157070,2,0,1,5120,22,9865041256
2235,43169420,142811,43312231,7,0,0,2048,25,361887191
2236,43169500,129739,43299239,7,0,0,9728,25,7325307110
2237,43176470,85714,43262184,6,0,0,2048,18,9774675125
2238,43180840,76268,43257108,9,0,0,512,26,6700062597
2239,43263710,1518,43265228,9,0,1,1536,26,3062792930
2240,43264360,31884,43296244,8,0,1,18944,22,4445802047
2241,43275970,24270,43300240,9,0,1,1024,26,2832039783
2242,43276100,69364,43345464,8,0,1,79360,22,10668453359
2243,43312461,33669,43346130,0,0,1,1024,29,8857140397
2244,43327120,22556,43349676,1,0,1,5632,29,5459952997
2245,43330541,20761,43351302,7,0,1,2560,25,6052694587
2246,43332500,191832,43524332,8,0,0,17920,22,716416368
2247,43339420,14468,43353888,1,0,1,4096,29,4080902668
2248,43342880,350077,43692957,6,0,0,512,18,3992975873
2249,43372210,5802,43378012,2,0,1,6144,22,1772656258
2250,43377000,101180,43478180,8,0,0,2560,22,4977866398
2251,43377830,6229,43384059,2,0,1,15360,22,8657156260
2252,43426660,266126,43692786,5,0,0,207360,8,10660251603
2253,43435740,271818,43707558,9,0,0,1536,26,2505716249
2254,43436300,259347,43695647,8,0,0,7680,22,1143351043
2255,43463150,43904,43507054,6,0,0,512,18,1698655265
2256,43491471,4850,43496321,0,0,1,5120,29,412015506
2257,43534550,158734,43693284,9,0,0,1024,26,7291202836
2258,43539900,72541,43612441,8,0,1,117760,22,10359034621
2259,43543840,353084,43896924,2,0,0,59392,22,2493292012
2260,43558560,144234,43702794,6,0,0,1024,18,5042281474
2261,43562400,56250,43618650,8,0,1,21504,22,8770209337
2262,43564890,313923,43878813,7,0,0,30720,25,8476702557
2263,43565280,190274,43755554,6,0,0,1536,18,9064607370
2264,43587601,36195,43623796,0,0,1,8192,29,2553456670
2265,43610430,85232,43695662,8,0,1,136192,22,8024660956
2266,43660260,316778,43977038,7,0,0,22528,25,8149646727
2267,43698301,1518,43699819,7,0,1,1536,25,4151802954
2268,43735500,167312,43902812,3,0,0,2560,13,196013823
2269,43742110,188585,43930695,9,0,0,1024,26,897146911
2270,43795150,198718,43993868,6,0,0,1024,18,2505771657
2271,43819290,23895,43843185,8,0,1,43008,22,8054906702
2272,43822810,23281,43846091,1,0,1,4608,29,8703674870
2273,43826030,93804,43919834,8,0,1,143872,22,7628945518
2274,43831940,65163,43897103,9,0,0,512,26,104820552
2275,43887910,77083,43964993,6,0,0,1024,18,6578170746
2276,43895780,177893,44073673,2,0,0,21504,22,984474848
2277,43900810,227829,44128639,6,0,0,512,18,4665582555
2278,43913730,22691,43936421,8,0,1,37376,22,1791875575
2279,43915390,23617,43939007,2,0,1,4096,22,8148983201
2280,43922570,45002,43967572,8,0,1,66560,22,840898720
2281,43935600,300193,44235793,5,0,0,144384,8,8957675710
2282,43939960,37093,43977053,8,0,1,31232,22,7494578151
2283,43966820,10248,43977068,3,0,1,1536,13,4639639080
2284,43983071,4374,43987445,0,0,1,4608,29,4907305366
2285,44009211,4162,44013373,7,0,1,11264,25,8585514121
2286,44026980,91436,44118416,5,0,0,15360,8,2356063
2287,44028510,3422,44031932,1,0,1,3584,29,9150497940
2288,44054920,1994,44056914,6,0,1,2048,18,3931387189
2289,44150790,314548,44465338,2,0,0,218112,22,2097604575
2290,44169211,1518,44170729,7,0,1,1536,25,1955328638
2291,44182620,205539,44388159,9,0,0,1024,26,9904354206
2292,44185790,366656,44552446,2,0,0,43008,22,7049550095
2293,44196350,50751,44247101,2,0,1,18432,22,4825614406
2294,44209401,39006,44248407,0,0,1,2048,29,9619769269
2295,44216180,287287,44503467,5,0,0,75776,8,2989658403
2296,44306540,5802,44312342,8,0,1,6144,22,9607255509
2297,44317300,335566,44652866,2,0,0,13824,22,4883138720
2298,44337891,1518,44339409,0,0,1,1536,29,6208627606
2299,44348731,4374,44353105,7,0,1,4608,25,8399629202
2300,44382961,566,44383527,7,0,1,512,25,10592091231
2301,44433340,319662,44753002,7,0,0,28672,25,6012077487
2302,44456481,9457,44465938,0,0,1,512,29,9925091286
2303,44464510,6820,44471330,8,0,1,6144,22,1594862798
2304,44488210,21495,44509705,8,0,1,15360,22,3021684504
2305,44488781,25653,44514434,7,0,1,6656,25,4499609997
2306,44509320,6087,44515407,8,0,1,12800,22,833969863
2307,44516670,48980,44565650,9,0,0,2048,26,4742168740
2308,44536080,45596,44581676,6,0,0,1024,18,1609368568
2309,44541670,14683,44556353,2,0,1,4096,22,8816330529
2310,44547800,50259,44598059,6,0,0,1024,18,4447450020
2311,44579340,377098,44956438,5,0,0,75776,8,498157501
2312,44583560,204678,44788238,2,0,0,42496,22,8065837650
2313,44592681,1994,44594675,0,0,1,2048,29,7705664535
2314,44594500,212454,44806954,8,0,0,4096,22,5382421183
2315,44609791,1994,44611785,0,0,1,2048,29,2420360447
2316,44620030,233560,44853590,5,0,0,126976,8,9111403923
2317,44628031,6278,44634309,7,0,1,6656,25,9111808373
2318,44644000,348810,44992810,8,0,0,22016,22,9684961194
2319,44669030,391028,45060058,5,0,0,81408,8,3045401954
2320,44679900,3387,44683287,8,0,1,9728,22,4110651885
2321,44696070,236782,44932852,0,0,0,57856,29,4306632891
2322,44748380,121899,44870279,6,0,0,2048,18,455925305
2323,44749110,375887,45124997,0,0,0,55296,29,5008083283
2324,44761071,6229,44767300,0,0,1,15360,29,356176943
2325,44783621,8507,44792128,7,0,1,4096,25,10278494519
2326,44793010,200127,44993137,9,0,0,1024,26,6741190024
2327,44799290,134045,44933335,4,0,0,1536,14,1323750199
2328,44847740,215483,45063223,9,0,0,3072,26,3956497592
2329,44866530,566,44867096,9,0,1,512,26,5328477397
2330,44886771,6754,44893525,7,0,1,7168,25,8419061076
2331,44892460,3011,44895471,9,0,1,3072,26,141257502
2332,44903500,197442,45100942,7,0,0,54272,25,6169915552
2333,44906100,65296,44971396,9,0,0,1024,26,9705582476
2334,44930490,172651,45103141,5,0,0,7168,8,2556212882
2335,44948761,10822,44959583,0,0,1,9216,29,2281372084
2336,44981170,81102,45062272,0,0,0,7168,29,8862784036
2337,45018460,2470,45020930,9,0,1,2560,26,2177204645
2338,45020680,123459,45144139,2,0,0,39424,22,8929185378
2339,45029170,76958,45106128,8,0,0,9728,22,1378125598
2340,45034070,26003,45060073,9,0,1,5632,26,1142703517
2341,45060311,6549,45066860,7,0,1,10240,25,2877257488
2342,45071790,566,45072356,2,0,1,512,22,7529823138
2343,45077500,2470,45079970,2,0,1,2560,22,4989656345
2344,45087200,61529,45148729,6,0,0,1024,18,2545060093
2345,45100840,83733,45184573,5,0,0,12800,8,1271806428
2346,45102860,22152,45125012,9,0,1,2560,26,589698548
2347,45106450,45961,45152411,8,0,1,78336,22,3300237486
2348,45117810,35907,45153717,2,0,1,2048,22,10158403521
2349,45119580,211110,45330690,7,0,0,41984,25,1875247948
2350,45119621,34762,45154383,0,0,1,1024,29,6629337346
2351,45120630,36659,45157289,9,0,1,4608,26,8999283806
2352,45167060,311435,45478495,0,0,0,33280,29,7549546979
2353,45173240,162930,45336170,7,0,0,1536,25,217568962
2354,45198880,1042,45199922,6,0,1,1024,18,10391014417
2355,45212511,5802,45218313,7,0,1,6144,25,7891904062
2356,45225590,2946,45228536,3,0,1,3072,13,7334418669
2357,45262401,6754,45269155,7,0,1,7168,25,7410435269
2358,45264610,138338,45402948,2,0,0,4608,22,5892516059
2359,45289760,124727,45414487,2,0,0,9728,22,10637980130
2360,45296110,103425,45399535,2,0,0,31232,22,6816320512
2361,45302500,241281,45543781,2,0,0,125440,22,5261981428
2362,45324291,10782,45335073,7,0,1,4608,25,9489454791
2363,45330180,9399,45339579,3,0,1,7168,13,9746457008
2364,45331541,9024,45340565,0,0,1,1536,29,1430054805
2365,45365630,89633,45455263,8,0,0,10240,22,5448705134
2366,45389140,312769,45701909,0,0,0,24064,29,630730400
2367,45400110,294452,45694562,0,0,0,39936,29,2270150217
2368,45406120,236359,45642479,2,0,0,162816,22,10290049631
2369,45421261,1042,45422303,0,0,1,1024,29,608493500
2370,45425060,4850,45429910,3,0,1,5120,13,8508846102
2371,45433470,271730,45705200,0,0,0,10752,29,5514663869
2372,45473570,7863,45481433,3,0,1,3072,13,1265390034
2373,45481040,1518,45482558,9,0,1,1536,26,4822694020
2374,45489400,10757,45500157,2,0,1,17408,22,1059616768
2375,45497521,3622,45501143,7,0,1,1536,25,9773611992
2376,45503290,40514,45543804,9,0,1,3072,26,1561399842
2377,45505520,43546,45549066,2,0,1,5632,22,5936302333
2378,45511521,58197,45569718,4,0,1,43520,14,6581557869
2379,45520030,50994,45571024,9,0,1,2048,26,920882524
2380,45523660,47710,45571370,9,0,1,512,26,4433259524
2381,45540691,34545,45575236,0,0,1,6144,29,7082130317
2382,45548270,212727,45760997,2,0,0,29184,22,7414933698
2383,45569171,12049,45581220,7,0,1,19968,25,3100694018
2384,45571200,10788,45581988,2,0,1,11776,22,4114811022
2385,45571451,11203,45582654,0,0,1,1024,29,5887998244
2386,45582910,84904,45667814,8,0,1,141824,22,7880635536
2387,45603371,66069,45669440,0,0,1,2560,29,1668454784
2388,45611420,172483,45783903,6,0,0,2048,18,10610751836
2389,45615640,290873,45906513,2,0,0,35328,22,7019804316
2390,45657220,17405,45674625,3,0,1,16384,13,1654494867
2391,45658890,86983,45745873,8,0,1,139264,22,9801839992
2392,45668610,81769,45750379,2,0,1,7168,22,1512247722
2393,45682951,78061,45761012,7,0,1,3584,25,6481892950
2394,45690611,70416,45761027,4,0,1,22016,14,8123542834
2395,45693400,68462,45761862,3,0,1,4608,13,4234758129
2396,45706340,126557,45832897,6,0,0,2048,18,8444031764
2397,45715640,49448,45765088,2,0,1,5120,22,6418415826
2398,45733350,396430,46129780,7,0,0,110080,25,9788746370
2399,45740840,253049,45993889,2,0,0,24064,22,10552005333
2400,45741250,505908,46247158,8,0,0,10240,22,7528180288
2401,45741370,481439,46222809,0,0,0,206336,29,8925021198
2402,45808781,4420,45813201,7,0,1,11776,25,8823877772
2403,45834350,3128,45837478,2,0,1,9216,22,8613205924
2404,45836900,306467,46143367,8,0,0,44544,22,5580991504
2405,45865350,100914,45966264,6,0,0,1024,18,8272164784
2406,45886750,273168,46159918,5,0,0,54272,8,4430407352
2407,45903110,320978,46224088,2,0,0,4096,22,10198039967
2408,45907620,5802,45913422,1,0,1,6144,29,90362470
2409,45917260,346441,46263701,8,0,0,41984,22,2848647359
2410,45923550,300717,46224267,6,0,0,512,18,951898597
2411,45923810,340374,46264184,6,0,0,1536,18,8188522116
2412,45923901,4850,45928751,7,0,1,5120,25,6660510003
2413,45943021,74350,46017371,4,0,1,121344,14,2526991348
2414,45975640,379953,46355593,8,0,0,83456,22,10689383228
2415,46019181,3422,46022603,0,0,1,3584,29,8917187170
2416,46025651,566,46026217,0,0,1,512,29,3875083037
2417,46034671,1994,46036665,0,0,1,2048,29,267691736
2418,46095310,282603,46377913,9,0,0,512,26,5042110729
2419,46136311,89904,46226215,7,0,1,3584,25,7953267020
2420,46155141,134280,46289421,4,0,1,110080,14,7597204474
2421,46179890,109890,46289780,2,0,1,9728,22,8635007619
2422,46220690,280998,46501688,6,0,0,12288,18,8824925881
2423,46240560,229967,46470527,6,0,0,32768,18,3760003206
2424,46270060,293898,46563958,6,0,0,36352,18,4899625548
2425,46276690,14076,46290766,1,0,1,1536,29,2577725486
2426,46287240,74262,46361502,8,0,1,124416,22,10388732735
2427,46307980,227065,46535045,9,0,0,2048,26,395032048
2428,46330810,31678,46362488,9,0,1,1536,26,7203923069
2429,46364161,23895,46388056,4,0,1,43008,14,1376057543
2430,46366141,22901,46389042,0,0,1,1536,29,9303069921
2431,46369650,21018,46390668,1,0,1,2560,29,9385200532
2432,46371070,151195,46522265,5,0,0,25088,8,867599625
2433,46372710,18304,46391014,2,0,1,512,22,7931200997
2434,46392420,205532,46597952,6,0,0,17408,18,1724337055
2435,46402800,566,46403366,2,0,1,512,22,590071588
2436,46448050,251242,46699292,6,0,0,30208,18,7620703592
2437,46564480,33487,46597967,8,0,1,49152,22,4946696954
2438,46573220,68779,46641999,5,0,0,3584,8,5194124559
2439,46582091,15891,46597982,0,0,1,2048,29,9986080309
2440,46654950,187137,46842087,8,0,0,64512,22,3810928469
2441,46668610,147112,46815722,7,0,0,23040,25,8035970171
2442,46687200,1518,46688718,2,0,1,1536,22,5605372068
2443,46689990,231982,46921972,5,0,0,20992,8,4148914890
2444,46690821,42313,46733134,4,0,1,55808,14,3827206618
2445,46706220,27170,46733390,1,0,1,9216,29,6536050118
2446,46712130,219217,46931347,5,0,0,30720,8,1488973049
2447,46742800,2470,46745270,2,0,1,2560,22,9311549197
2448,46755811,3422,46759233,0,0,1,3584,29,4567836451
2449,46770940,222982,46993922,2,0,0,31232,22,10051897852
2450,46773441,43112,46816553,4,0,1,73728,14,112185323
2451,46775571,41328,46816899,0,0,1,512,29,6344485300
2452,46784790,32455,46817245,2,0,1,512,22,4611140969
2453,46803250,253919,47057169,6,0,0,47616,18,1519362641
2454,46814900,3942,46818842,2,0,1,9216,22,1972033126
2455,46826150,322766,47148916,8,0,0,38912,22,2247680893
2456,46827860,329916,47157776,8,0,0,6144,22,8365516447
2457,46828591,20292,46848883,4,0,1,7168,14,4333803939
2458,46852270,141667,46993937,8,0,1,216064,22,5645229462
2459,46867510,172818,47040328,5,0,0,9216,8,1462914012
2460,46872500,301646,47174146,2,0,0,39936,22,6674274103
2461,46888090,105862,46993952,2,0,1,4608,22,1892593687
2462,46899081,94886,46993967,4,0,1,13824,14,3870516439
2463,46901740,272615,47174355,9,0,0,512,26,3650186183
2464,46907350,157805,47065155,2,0,0,26112,22,7758036821
2465,46943030,60502,47003532,9,0,0,1024,26,4281256013
2466,46946850,118647,47065497,7,0,0,1024,25,10237383260
2467,46964050,191831,47155881,7,0,0,13824,25,8682144585
2468,47002560,301220,47303780,2,0,0,59904,22,8917934459
2469,47008161,49023,47057184,4,0,1,70144,14,10291404300
2470,47026711,38459,47065170,4,0,1,5120,14,7850427107
2471,47078901,6278,47085179,4,0,1,6656,14,7152839643
2472,47082990,3904,47086894,1,0,1,10752,29,1644814617
2473,47090260,342436,47432696,8,0,0,39936,22,5256980203
2474,47125611,48558,47174169,4,0,1,68608,14,6254627784
2475,47128970,45214,47174184,2,0,1,13824,22,9024288493
2476,47136680,232993,47369673,7,0,0,512,25,3835416976
2477,47153540,129466,47283006,7,0,0,512,25,8275074661
2478,47164041,14435,47178476,0,0,1,11264,29,682748475
2479,47174250,98945,47273195,9,0,0,1024,26,1850661101
2480,47196130,107821,47303951,7,0,0,512,25,1093617851
2481,47234370,163917,47398287,5,0,0,2560,8,8967013521
2482,47249101,3645,47252746,4,0,1,10240,14,5625829422
2483,47254060,5454,47259514,8,0,1,13824,22,8131569611
2484,47268110,79341,47347451,7,0,0,512,25,9852999026
2485,47322180,228041,47550221,2,0,0,12800,22,7679839975
2486,47340880,201443,47542323,7,0,0,1536,25,5868607525
2487,47359150,97813,47456963,9,0,0,1536,26,7961159276
2488,47388670,566,47389236,2,0,1,512,22,4129082182
2489,47403590,233121,47636711,2,0,0,73728,22,7144045163
2490,47411810,3898,47415708,2,0,1,4096,22,1708053505
2491,47441191,3128,47444319,4,0,1,9216,14,6558349719
2492,47451600,4850,47456450,9,0,1,5120,26,10612763060
2493,47491540,222341,47713881,5,0,0,41984,8,934438055
2494,47513810,124179,47637989,8,0,0,4096,22,5057004405
2495,47515140,10241,47525381,2,0,1,16384,22,7668936609
2496,47553821,2946,47556767,4,0,1,3072,14,5762911654
2497,47558980,86261,47645241,0,0,0,13312,29,8973984450
2498,47563200,1042,47564242,2,0,1,1024,22,5790205627
2499,47569540,126955,47696495,7,0,0,512,25,5100721897
2500,47572320,80709,47653029,0,0,0,3584,29,10497811140
2501,47581280,7706,47588986,9,0,1,8192,26,6714726771
2502,47609310,184595,47793905,8,0,0,25088,22,7481440608
2503,47611310,220744,47832054,0,0,0,21504,29,1636009235
2504,47613980,22746,47636726,1,0,1,8704,29,3865471657
2505,47671150,1994,47673144,9,0,1,2048,26,32865019
2506,47678000,134855,47812855,8,0,0,33280,22,9541305293
2507,47682040,150185,47832225,7,0,0,512,25,3089361347
2508,47705550,18581,47724131,2,0,1,16384,22,8108970038
2509,47710690,18728,47729418,9,0,1,16896,26,10644658477
2510,47762920,5802,47768722,9,0,1,6144,26,3530915432
2511,47774070,91595,47865665,2,0,0,16384,22,1938004341
2512,47815000,185239,48000239,6,0,0,44032,18,2178829344
2513,47855390,4374,47859764,2,0,1,4608,22,5912279428
2514,47923460,47288,47970748,7,0,0,1536,25,7854320877
2515,47945720,54534,48000254,8,0,1,86528,22,4516884059
2516,47948110,124848,48072958,5,0,0,4608,8,1727933884
2517,47951070,204898,48155968,5,0,0,44032,8,4526915643
2518,47965540,117827,48083367,9,0,0,1536,26,5565251421
2519,48003480,162029,48165509,9,0,0,512,26,10336146829
2520,48006090,217198,48223288,5,0,0,3072,8,6497377850
2521,48076370,135057,48211427,6,0,0,24064,18,699173108
2522,48132610,23373,48155983,8,0,1,22528,22,8884026696
2523,48140370,15628,48155998,2,0,1,1536,22,10177795904
2524,48186560,5802,48192362,2,0,1,6144,22,5807217073
2525,48231900,3422,48235322,1,0,1,3584,29,1015597877
2526,48238980,43904,48282884,9,0,0,512,26,295138936
2527,48242230,1042,48243272,8,0,1,1024,22,7758472522
2528,48246640,2946,48249586,2,0,1,3072,22,6072647588
2529,48248620,1312,48249932,9,0,1,512,26,4176731479
2530,48250650,198123,48448773,6,0,0,4608,18,5513773367
2531,48268850,43904,48312754,9,0,0,512,26,3247332907
2532,48270040,566,48270606,9,0,1,512,26,9969870502
2533,48271650,3422,48275072,9,0,1,3584,26,8446628235
2534,48319870,161450,48481320,5,0,0,41472,8,1234460388
2535,48326290,121064,48447354,6,0,0,37888,18,6251031273
2536,48345070,7706,48352776,2,0,1,8192,22,1067016911
2537,48348170,57440,48405610,6,0,0,4608,18,5569463486
2538,48360670,31524,48392194,8,0,1,51200,22,3535618410
2539,48365610,185100,48550710,8,0,0,28160,22,9046944364
2540,48366310,118268,48484578,7,0,0,1536,25,3632924391
2541,48367740,125394,48493134,9,0,0,512,26,9944335750
2542,48374910,27704,48402614,8,0,1,33280,22,993311901
2543,48377100,228240,48605340,0,0,0,9728,29,4838203247
2544,48378190,25397,48403587,2,0,1,12800,22,558345573
2545,48408300,566,48408866,9,0,1,512,26,8591670335
2546,48435360,246282,48681642,5,0,0,27136,8,3369976958
2547,48451540,2470,48454010,1,0,1,2560,29,4197765044
2548,48470490,148422,48618912,8,0,0,33280,22,3659792468
2549,48575210,12825,48588035,2,0,1,21504,22,3305680714
2550,48576850,137527,48714377,8,0,1,214528,22,6730235267
2551,48579420,80563,48659983,9,0,0,1024,26,5710634822
2552,48580550,134173,48714723,2,0,1,512,22,4408180552
2553,48619300,196877,48816177,8,0,0,512,22,3504285567
2554,48667470,278522,48945992,5,0,0,118272,8,9884722789
2555,48690790,25239,48716029,9,0,1,2048,26,4369191225
2556,48697450,21485,48718935,8,0,1,4608,22,2301403022
2557,48737750,278742,49016492,2,0,0,4608,22,4840238529
2558,48750370,244312,48994682,8,0,0,45056,22,5704065202
2559,48753250,318838,49072088,9,0,0,512,26,6097009296
2560,48763760,4850,48768610,2,0,1,5120,22,7813597844
2561,48765880,385330,49151210,5,0,0,97792,8,9580343927
2562,48807320,7706,48815026,9,0,1,8192,26,10186528710
2563,48813440,132895,48946335,7,0,0,1024,25,7786335514
2564,48825770,269603,49095373,8,0,0,22016,22,5694951277
2565,48829140,3422,48832562,8,0,1,3584,22,5381449964
2566,48859020,1518,48860538,9,0,1,1536,26,1424816204
2567,48865000,242404,49107404,2,0,0,30720,22,2628303694
2568,48892720,5454,48898174,2,0,1,13824,22,1791781204
2569,48897730,276223,49173953,2,0,0,17408,22,2270611399
2570,48912410,251489,49163899,7,0,0,512,25,7264024195
2571,48926070,225311,49151381,7,0,0,512,25,9906112260
2572,48946650,217070,49163720,5,0,0,40448,8,4719366596
2573,48951460,122164,49073624,7,0,0,512,25,2301815196
2574,48962380,280444,49242824,2,0,0,39424,22,5193350323
2575,48978410,190192,49168602,5,0,0,15360,8,10216984162
2576,48993270,221467,49214737,0,0,0,43520,29,6425438238
2577,49033190,1042,49034232,9,0,1,1024,26,2569800179
2578,49059170,115118,49174288,9,0,0,1024,26,4063022366
2579,49072220,220795,49293015,0,0,0,45568,29,3890980056
2580,49094000,2883,49096883,2,0,1,1536,22,7557837464
2581,49109850,272751,49382601,2,0,0,111616,22,6142048194
2582,49138790,244762,49383552,8,0,0,3072,22,6311295344
2583,49146010,32752,49178762,9,0,1,5120,26,4267570774
2584,49147510,236221,49383731,9,0,0,512,26,7186838296
2585,49147880,327697,49475577,5,0,0,107008,8,5169065266
2586,49154380,171508,49325888,9,0,0,512,26,4053283866
2587,49160200,23388,49183588,8,0,1,7680,22,6664972883
2588,49167380,22256,49189636,8,0,1,19456,22,3148770605
2589,49195170,202472,49397642,5,0,0,20992,8,3583512635
2590,49222630,2470,49225100,2,0,1,2560,22,5028222636
2591,49278540,149404,49427944,7,0,0,1024,25,8097811632
2592,49290471,3102,49293573,0,0,1,512,29,1736406458
2593,49293090,344914,49638004,8,0,0,142848,22,2551133305
2594,49322130,91321,49413451,0,0,0,11776,29,33811821
2595,49329530,4374,49333904,2,0,1,4608,22,5117793483
2596,49340530,3422,49343952,2,0,1,3584,22,4945369532
2597,49370510,27147,49397657,9,0,1,8192,26,6681239985
2598,49375610,22159,49397769,9,0,1,18944,26,3054112147
2599,49379270,157903,49537173,7,0,0,512,25,6546468933
2600,49391030,107534,49498564,7,0,0,512,25,6563145573
2601,49396870,79686,49476556,9,0,0,2048,26,167088921
2602,49398500,1042,49399542,9,0,1,1024,26,6419468056
2603,49399040,257863,49656903,8,0,0,61952,22,5740247247
2604,49405620,7846,49413466,9,0,1,11776,26,1814472152
2605,49438850,3904,49442754,2,0,1,10752,22,9962840613
2606,49451810,24761,49476571,2,0,1,512,22,8540983603
2607,49452671,26518,49479189,0,0,1,3584,29,8913440704
2608,49474711,5464,49480175,0,0,1,1536,29,6517469029
2609,49492200,171114,49663314,0,0,0,20992,29,7684433181
2610,49501340,2001,49503341,8,0,1,2048,22,1578847661
2611,49503310,255955,49759265,5,0,0,77312,8,5383769863
2612,49561180,102469,49663649,7,0,0,1024,25,1584453221
2613,49566940,137706,49704646,0,0,0,25088,29,7318145776
2614,49589341,566,49589907,0,0,1,512,29,649881180
2615,49606201,64778,49670979,0,0,1,8192,29,4346179675
2616,49658560,104136,49762696,7,0,0,512,25,1662544611
2617,49665380,130257,49795637,9,0,0,1536,26,4191661745
2618,49672201,2470,49674671,0,0,1,2560,29,6570989364
2619,49699180,60264,49759444,9,0,0,512,26,6661750114
2620,49707860,51755,49759615,7,0,0,512,25,5770892729
2621,49710330,95209,49805539,9,0,0,512,26,4643504578
2622,49747101,13039,49760140,0,0,1,512,29,3913534937
2623,49767941,1994,49769935,4,0,1,2048,14,2043501072
2624,49864471,1994,49866465,0,0,1,2048,29,8251872572
2625,49877000,112214,49989214,8,0,0,28160,22,4816644206
2626,49889270,89588,49978858,2,0,0,14336,22,5962761120
2627,49891410,106867,49998277,7,0,0,29696,25,10361831180
2628,49903111,1518,49904629,0,0,1,1536,29,373076104
2629,49906850,48980,49955830,9,0,0,2048,26,5516366022
2630,50005590,20882,50026472,8,0,1,33792,22,3819076770
2631,50011620,49911,50061531,0,0,0,1024,29,2148865815
2632,50051860,43904,50095764,9,0,0,512,26,2639427334
2633,50060240,108075,50168315,8,0,0,37888,22,3353463454
2634,50127510,122968,50250478,7,0,0,46080,25,8662944989
2635,50128110,5971,50134081,8,0,1,14848,22,3827098522
2636,50146610,67592,50214202,5,0,0,7680,8,10642670182
2637,50150150,154389,50304539,8,0,0,1536,22,707109164
2638,50155580,148476,50304056,5,0,0,76800,8,8964485901
2639,50157480,251362,50408842,0,0,0,130048,29,5135532427
2640,50176271,1518,50177789,0,0,1,1536,29,2165988274
2641,50182370,1518,50183888,8,0,1,1536,22,8242014828
2642,50185870,128824,50314694,7,0,0,33280,25,7488713399
2643,50202451,4679,50207130,0,0,1,12288,29,8552802230
2644,50225400,188605,50414005,8,0,0,16896,22,1785720877
2645,50311010,54417,50365427,8,0,1,81920,22,9409633886
2646,50355650,241610,50597260,8,0,0,78336,22,6844398254
2647,50357830,56346,50414176,9,0,0,512,26,2495074940
2648,50361830,71004,50432834,0,0,0,2048,29,7448565348
2649,50430960,94972,50525932,9,0,0,512,26,5567063433
2650,50443060,157283,50600343,2,0,0,8192,22,7215677567
2651,50467630,3898,50471528,6,0,1,4096,18,8601383971
2652,50524450,157085,50681535,7,0,0,14336,25,9048309790
2653,50545360,52071,50597431,9,0,0,512,26,2371822100
2654,50569541,1042,50570583,0,0,1,1024,29,8380286043
2655,50573130,77464,50650594,8,0,0,14336,22,5509157334
2656,50632361,3898,50636259,0,0,1,4096,29,5867388483
2657,50691740,76052,50767792,2,0,0,10240,22,8349878273
2658,50709770,43904,50753674,9,0,0,512,26,4429626472
2659,50732040,43904,50775944,9,0,0,512,26,2392608997
2660,50766800,101084,50867884,7,0,0,28672,25,2883513911
2661,50789590,97604,50887194,5,0,0,20480,8,4535996056
2662,50814370,156314,50970684,0,0,0,31232,29,2230542727
2663,50817270,95838,50913108,5,0,0,3584,8,6886020263
2664,50862360,75424,50937784,0,0,0,10240,29,7870113337
2665,50886090,197160,51083250,9,0,0,4096,26,6758549683
2666,50918340,137047,51055387,0,0,0,22016,29,5985371536
2667,50942590,2470,50945060,2,0,1,2560,22,8971011827
2668,50960720,87944,51048664,0,0,0,24064,29,10439210533
2669,50974810,45596,51020406,9,0,0,1024,26,5466123546
2670,51030620,100568,51131188,5,0,0,30208,8,9301337147
2671,51060840,43904,51104744,9,0,0,512,26,8458722576
2672,51111871,5712,51117583,0,0,1,14336,29,3912317332
2673,51123230,102958,51226188,2,0,0,19456,22,9386671104
2674,51131300,236348,51367648,2,0,0,80384,22,1918061657
2675,51156360,81250,51237610,5,0,0,2560,8,4709603575
2676,51161300,165596,51326896,0,0,0,37376,29,1951886669
2677,51193080,88504,51281584,7,0,0,4608,25,3855440178
2678,51194390,101174,51295564,0,0,0,5120,29,4229962135
2679,51244750,182820,51427570,7,0,0,44032,25,978278257
2680,51262070,122174,51384244,9,0,0,1536,26,9483829085
2681,51278670,96497,51375167,0,0,0,24576,29,5208711682
2682,51304540,99540,51404080,8,0,0,6144,22,3046555348
2683,51339610,166938,51506548,7,0,0,75264,25,8735850516
2684,51348371,29701,51378072,0,0,1,3072,29,444328970
2685,51356941,21477,51378418,0,0,1,512,29,6211866570
2686,51369930,100370,51470300,5,0,0,3072,8,7873822714
2687,51459820,4374,51464194,1,0,1,4608,29,6144671043
2688,51462890,66266,51529156,9,0,0,1024,26,9441748279
2689,51472671,5802,51478473,0,0,1,6144,29,6549551791
2690,51479401,27162,51506563,4,0,1,8192,14,4957333381
2691,51531410,88075,51619485,2,0,0,12288,22,3097659249
2692,51551861,566,51552427,0,0,1,512,29,3560841294
2693,51573270,58220,51631490,7,0,0,7168,25,5708048153
2694,51600270,43904,51644174,9,0,0,512,26,8498183774
2695,51616910,103759,51720669,2,0,0,32256,22,4996011987
2696,51619241,3207,51622448,0,0,1,3072,29,7986688840
2697,51628851,7706,51636557,0,0,1,8192,29,8496328472
2698,51676290,103844,51780134,0,0,0,40960,29,9650782200
2699,51685200,161714,51846914,8,0,0,98816,22,3769793196
2700,51696820,173140,51869960,8,0,0,27136,22,1223533275
2701,51750140,97109,51847249,9,0,0,1024,26,5745821483
2702,51785220,142310,51927530,7,0,0,13312,25,6923678558
2703,51792350,111564,51903914,2,0,0,21504,22,989417639
2704,51792981,3387,51796368,4,0,1,9728,14,5097685573
2705,51819740,98142,51917882,5,0,0,8704,8,4348475617
2706,51861110,278488,52139598,7,0,0,147456,25,8613927985
2707,51905871,1042,51906913,5,0,1,1024,8,4351967866
2708,51943161,3422,51946583,0,0,1,3584,29,10391590465
2709,51978000,94838,52072838,2,0,0,16896,22,3464805095
2710,52032540,50672,52083212,8,0,0,2560,22,852732876
2711,52052781,7706,52060487,0,0,1,8192,29,3561125560
2712,52085571,566,52086137,0,0,1,512,29,4717398627
2713,52245041,1518,52246559,4,0,1,1536,14,3696165236
2714,52266380,138858,52405238,7,0,0,20992,25,4471766650
2715,52284681,6278,52290959,0,0,1,6656,29,706496354
2716,52298401,2946,52301347,0,0,1,3072,29,2731622458
2717,52307690,112851,52420541,2,0,0,50176,22,1542279383
2718,52345130,120278,52465408,7,0,0,25088,25,5941940934
2719,52446851,1518,52448369,4,0,1,1536,14,193796475
2720,52520821,2946,52523767,0,0,1,3072,29,5372193594
2721,52524850,99980,52624830,2,0,0,27136,22,2670008809
2722,52536600,71214,52607814,9,0,0,1536,26,2681485564
2723,52541220,163668,52704888,0,0,0,92160,29,5301925288
2724,52580880,126082,52706962,0,0,0,5120,29,4630452945
2725,52625130,115668,52740798,7,0,0,12288,25,6978223306
2726,52634660,157012,52791672,2,0,0,77312,22,8484592159
2727,52655060,50327,52705387,9,0,0,1536,26,7025173469
2728,52692370,149648,52842018,8,0,0,29696,22,2900397592
2729,52695921,14422,52710343,4,0,1,3584,14,7076813633
2730,52705141,8748,52713889,0,0,1,5632,29,7097817331
2731,52736610,114315,52850925,7,0,0,29184,25,1854454139
2732,52794350,56746,52851096,9,0,0,512,26,5525634002
2733,52810450,103533,52913983,2,0,0,20480,22,7826136677
2734,52972220,47288,53019508,0,0,0,1536,29,3506824146
2735,52979410,101816,53081226,0,0,0,34304,29,7796785365
2736,52984260,105717,53089977,5,0,0,28672,8,8556412543
2737,53020500,131858,53152358,2,0,0,44032,22,2013804546
2738,53063090,97854,53160944,9,0,0,512,26,10027706426
2739,53221430,67592,53289022,5,0,0,7680,8,6228304577
2740,53252131,1042,53253173,4,0,1,1024,14,1399273997
2741,53311370,54056,53365426,7,0,0,3584,25,5298369829
2742,53363150,106340,53469490,0,0,0,49152,29,5118870355
2743,53503910,48980,53552890,0,0,0,2048,29,8336670327
2744,53614790,50672,53665462,5,0,0,2560,8,8391376948
2745,53721330,101920,53823250,7,0,0,33792,25,10478239196
2746,53733890,64208,53798098,7,0,0,6656,25,10392174637
2747,53741610,59536,53801146,9,0,0,1536,26,5930140201
2748,53761560,133852,53895412,0,0,0,82944,29,368413975
2749,53929230,47288,53976518,9,0,0,1536,26,9992798057
2750,53935580,90056,54025636,8,0,0,15872,22,925885181
2751,53947030,87008,54034038,8,0,0,20992,22,7533004365
2752,53948720,4162,53952882,3,0,1,11264,13,8895148769
2753,53965920,156768,54122688,7,0,0,83968,25,5550965266
2754,53983780,55268,54039048,9,0,0,1024,26,6236993092
2755,54030290,162616,54192906,5,0,0,81408,8,6368644070
2756,54034650,57440,54092090,8,0,0,4608,22,4959438527
2757,54046040,1042,54047082,3,0,1,1024,13,6185971020
2758,54069530,1518,54071048,9,0,1,1536,26,150050757
2759,54102541,21657,54124198,4,0,1,1536,14,4356831681
2760,54145110,118507,54263617,7,0,0,74240,25,20717615
2761,54156471,6754,54163225,4,0,1,7168,14,6489092994
2762,54172640,243268,54415908,5,0,0,30720,8,2351701128
2763,54198940,66408,54265348,2,0,0,5632,22,7368813840
2764,54235320,95690,54331010,9,0,0,512,26,8276317363
2765,54238910,90564,54329474,9,0,0,512,26,4279212989
2766,54266560,3898,54270458,2,0,1,4096,22,2410053986
2767,54293470,102284,54395754,5,0,0,35840,8,2122454853
2768,54297010,109523,54406533,8,0,0,35328,22,5692951705
2769,54336151,7230,54343381,4,0,1,7680,14,3998009267
2770,54352940,1994,54354934,2,0,1,2048,22,6037420017
2771,54371580,88515,54460095,8,0,0,15360,22,6629554602
2772,54377330,83248,54460578,9,0,0,1536,26,1103121593
2773,54448040,71000,54519040,5,0,0,13824,8,10599748560
2774,54504970,103220,54608190,7,0,0,38912,25,879322875
2775,54579590,91436,54671026,5,0,0,15360,8,2125384766
2776,54590020,122646,54712666,2,0,0,51200,22,7327914733
2777,54753770,43904,54797674,2,0,0,512,22,8881360857
2778,54771381,3645,54775026,7,0,1,10240,25,1515041198
2779,54816390,59600,54875990,7,0,0,6656,25,229826525
2780,54843430,77470,54920900,2,0,0,11776,22,2689066992
2781,54868450,10499,54878949,2,0,1,16896,22,3667701431
2782,54884180,5802,54889982,2,0,1,6144,22,4749108141
2783,54904791,3387,54908178,7,0,1,9728,25,6995601895
2784,54914800,64770,54979570,2,0,0,8704,22,4953076307
2785,54925360,130968,55056328,0,0,0,57856,29,1384761423
2786,54981990,214576,55196566,5,0,0,35840,8,3743532918
2787,55016110,261822,55277932,7,0,0,84992,25,4444833649
2788,55018420,3387,55021807,9,0,1,9728,26,3140294683
2789,55019970,98470,55118440,0,0,0,22528,29,7806131776
2790,55027401,5802,55033203,5,0,1,6144,8,8809931577
2791,55048400,89786,55138186,9,0,0,512,26,1752990736
2792,55119890,334017,55453907,7,0,0,186368,25,1235492214
2793,55141441,566,55142007,4,0,1,512,14,454043086
2794,55152890,2870,55155760,2,0,1,8704,22,10380413091
2795,55174500,4374,55178874,2,0,1,4608,22,10083872453
2796,55213680,3387,55217067,2,0,1,9728,22,7211295062
2797,55243880,266503,55510383,8,0,0,43520,22,1286342550
2798,55276971,4851,55281822,4,0,1,4096,14,602711751
2799,55325001,7230,55332231,7,0,1,7680,25,933343791
2800,55328421,4271,55332692,7,0,1,10240,25,651592716
2801,55382451,5196,55387647,4,0,1,13312,14,6987421508
2802,55395510,87967,55483477,8,0,0,4096,22,1387669959
2803,55412770,226805,55639575,2,0,0,9728,22,928397326
2804,55461920,174676,55636596,8,0,0,95744,22,10377689242
2805,55478370,176050,55654420,5,0,0,32256,8,6283086256
2806,55570980,83626,55654606,9,0,0,512,26,3473199705
2807,55574110,150708,55724818,8,0,0,35328,22,5572497849
2808,55588241,1994,55590235,4,0,1,2048,14,3066084367
2809,55643050,11385,55654435,2,0,1,4608,22,2529126287
2810,55657291,6278,55663569,7,0,1,6656,25,10515938103
2811,55670001,1994,55671995,7,0,1,2048,25,1877535495
2812,55693820,155842,55849662,7,0,0,44032,25,336264981
2813,55772840,204310,55977150,2,0,0,104448,22,1396871968
2814,55792831,3422,55796253,0,0,1,3584,29,5877933695
2815,55800450,118350,55918800,8,0,0,6656,22,6966377148
2816,55804810,137192,55942002,8,0,0,48640,22,1526327313
2817,55835250,190302,56025552,2,0,0,35328,22,2111662617
2818,55849180,14074,55863254,6,0,1,23040,18,2435969873
2819,55867010,176542,56043552,5,0,0,8704,8,6442641194
2820,55881870,5326,55887196,2,0,1,5632,22,9870223583
2821,55894411,4850,55899261,4,0,1,5120,14,3838962442
2822,55894940,82561,55977501,9,0,0,1024,26,9890533486
2823,55906530,2470,55909000,6,0,1,2560,18,2437486513
2824,55913400,6754,55920154,2,0,1,7168,22,3595628025
2825,55946020,114479,56060499,9,0,0,1536,26,7243441653
2826,55950601,30757,55981358,0,0,1,4096,29,1553431023
2827,55968730,13294,55982024,2,0,1,1024,22,10643568137
2828,55980571,2439,55983010,4,0,1,1536,14,9802130478
2829,55992350,2470,55994820,2,0,1,2560,22,2430290220
2830,55997730,76076,56073806,0,0,0,15360,29,3929038156
2831,56006850,1042,56007892,2,0,1,1024,22,4751143818
2832,56037880,6229,56044109,6,0,1,15360,18,3091263047
2833,56044160,43904,56088064,9,0,0,512,26,9740865965
2834,56047491,2470,56049961,4,0,1,2560,14,3427347021
2835,56055350,6754,56062104,6,0,1,7168,18,4965381072
2836,56070481,8167,56078648,4,0,1,5120,14,3420632918
2837,56077130,45573,56122703,9,0,0,512,26,8695585775
2838,56079470,89768,56169238,0,0,0,19968,29,6309222690
2839,56087071,1042,56088113,0,0,1,1024,29,6694408854
2840,56093690,566,56094256,2,0,1,512,22,2169415596
2841,56096310,52364,56148674,5,0,0,3072,8,1000110858
2842,56127211,7230,56134441,4,0,1,7680,14,8946317331
2843,56137841,566,56138407,4,0,1,512,14,6302150617
2844,56144050,138156,56282206,5,0,0,86016,8,9292659716
2845,56195850,86995,56282845,8,0,0,2048,22,1853415706
2846,56207360,114194,56321554,0,0,0,11264,29,4106720534
2847,56227611,1042,56228653,0,0,1,1024,29,4832906986
2848,56243050,1518,56244568,2,0,1,1536,22,4995185119
2849,56292871,1042,56293913,0,0,1,1024,29,5966699219
2850,56313100,2470,56315570,6,0,1,2560,18,498344305
2851,56330960,84409,56415369,0,0,0,22528,29,4540393479
2852,56337601,2946,56340547,5,0,1,3072,8,8514568379
2853,56350570,66865,56417435,5,0,0,6656,8,8029458304
2854,56361640,147012,56508652,9,0,0,512,26,6323531580
2855,56378291,5802,56384093,5,0,1,6144,8,3407533226
2856,56381460,105491,56486951,7,0,0,36864,25,6861090197
2857,56385091,1042,56386133,4,0,1,1024,14,1345045645
2858,56390141,1042,56391183,4,0,1,1024,14,5762002920
2859,56393750,109217,56502967,0,0,0,50688,29,8937800954
2860,56408441,6951,56415392,0,0,1,3072,29,9610718369
2861,56410861,7099,56417960,5,0,1,512,8,3080078942
2862,56427911,1518,56429429,5,0,1,1536,8,2720938120
2863,56428330,3485,56431815,2,0,1,9728,22,4005816846
2864,56434261,2470,56436731,0,0,1,2560,29,6688911190
2865,56486610,314346,56800956,8,0,0,87040,22,8747304777
2866,56494731,14241,56508972,0,0,1,14848,29,8949315439
2867,56495071,14887,56509958,5,0,1,1536,8,6130851558
2868,56499870,234840,56734710,0,0,0,52224,29,58558904
2869,56543280,4374,56547654,6,0,1,4608,18,5627781573
2870,56554710,68651,56623361,9,0,0,512,26,6525331401
2871,56569880,244507,56814387,0,0,0,44032,29,4178962167
2872,56578530,11533,56590063,6,0,1,18944,18,8965305044
2873,56677920,94720,56772640,0,0,0,8704,29,3201580982
2874,56678430,2946,56681376,2,0,1,3072,22,9868669267
2875,56678870,165100,56843970,7,0,0,15360,25,1596387032
2876,56679830,75634,56755464,9,0,0,1024,26,5290760089
2877,56703310,4374,56707684,2,0,1,4608,22,4441845677
2878,56728540,158580,56887120,7,0,0,22016,25,9097320090
2879,56747930,158884,56906814,5,0,0,48640,8,8498381126
2880,56753880,138099,56891979,5,0,0,15872,8,9810037984
2881,56763020,143973,56906993,9,0,0,512,26,8989334245
2882,56767350,1042,56768392,6,0,1,1024,18,2063667576
2883,56767791,4864,56772655,0,0,1,5120,29,2373347956
2884,56792651,26941,56819592,5,0,1,13312,8,3401398910
2885,56813001,9825,56822826,5,0,1,4608,8,5470091280
2886,56843280,114830,56958110,2,0,0,14848,22,8860741512
2887,56856770,192236,57049006,8,0,0,30720,22,1983015395
2888,56869490,155492,57024982,0,0,0,49152,29,10545098967
2889,56881940,26351,56908291,6,0,1,1536,18,10225526759
2890,56917080,118993,57036073,2,0,0,36352,22,9022222463
2891,56936170,209705,57145875,5,0,0,52736,8,2670593575
2892,56940711,1518,56942229,0,0,1,1536,29,25078701
2893,56967000,129926,57096926,5,0,0,24576,8,2468808399
2894,56970840,276201,57247041,9,0,0,512,26,6581178470
2895,57041180,56073,57097253,9,0,0,1024,26,6138315786
2896,57042920,141727,57184647,2,0,0,33792,22,2258090850
2897,57048360,49220,57097580,9,0,0,1024,26,9121800232
2898,57059460,327333,57386793,2,0,0,144384,22,10651034728
2899,57120280,25610,57145890,8,0,1,28672,22,10200804358
2900,57160080,80859,57240939,9,0,0,2560,26,608197124
2901,57166420,113591,57280011,2,0,0,47104,22,2577791373
2902,57179310,138987,57318297,2,0,0,15360,22,3865401681
2903,57238011,2946,57240957,5,0,1,3072,8,9776733842
2904,57275090,123533,57398623,7,0,0,20480,25,10684834846
2905,57298650,180355,57479005,7,0,0,56320,25,6399620347
2906,57364620,22748,57387368,6,0,1,512,18,4789293202
2907,57376820,13560,57390380,6,0,1,3584,18,2644300598
2908,57471160,113397,57584557,2,0,0,46592,22,1415244832
2909,57523470,157435,57680905,7,0,0,53248,25,7650046770
2910,57559730,104936,57664666,2,0,0,44544,22,3588788935
2911,57584760,4850,57589610,6,0,1,5120,18,4107058381
2912,57593080,145145,57738225,5,0,0,54272,8,1480950426
2913,57617250,82279,57699529,9,0,0,1024,26,10142168696
2914,57639640,68037,57707677,5,0,0,2560,8,1908084336
2915,57644000,77674,57721674,2,0,0,5120,22,10350316963
2916,57659770,174945,57834715,8,0,0,48128,22,2445107035
2917,57705460,112527,57817987,0,0,0,18432,29,3699204342
2918,57716600,57514,57774114,9,0,0,3584,26,8381147218
2919,57737550,4089,57741639,6,0,1,3584,18,3131835813
2920,57779870,190834,57970704,8,0,0,55296,22,3260184718
2921,57793030,133120,57926150,7,0,0,117248,25,3264961570
2922,57808071,9931,57818002,5,0,1,5632,8,2096960310
2923,58009440,43904,58053344,9,0,0,512,26,7763773865
2924,58021200,1994,58023194,8,0,1,2048,22,6869573358
2925,58058720,30749,58089469,8,0,1,49664,22,1781670512
2926,58069180,25781,58094961,8,0,1,17920,22,9795057962
2927,58077890,23382,58101272,8,0,1,22016,22,1587310268
2928,58080620,20998,58101618,3,0,1,512,13,8326670161
2929,58119250,122427,58241677,0,0,0,78336,29,10534231684
2930,58120980,235026,58356006,8,0,0,43520,22,1639830459
2931,58153500,5326,58158826,6,0,1,5632,18,3537703158
2932,58174960,2870,58177830,8,0,1,8704,22,3756589345
2933,58210690,1994,58212684,6,0,1,2048,18,1971599693
2934,58257300,70976,58328276,5,0,0,8704,8,6436428972
2935,58305040,2470,58307510,8,0,1,2560,22,1357561260
2936,58339260,16761,58356021,6,0,1,5632,18,6303268975
2937,58354310,16507,58370817,3,0,1,28672,13,40117910
2938,58372271,1994,58374265,5,0,1,2048,8,3089068267
2939,58378970,204407,58583377,0,0,0,36864,29,7155424357
2940,58389410,311250,58700660,5,0,0,36352,8,4309149477
2941,58393360,177825,58571185,2,0,0,57344,22,4906393101
2942,58394440,1042,58395482,3,0,1,1024,13,6872200314
2943,58412400,1994,58414394,6,0,1,2048,18,10434826900
2944,58446530,7706,58454236,6,0,1,8192,18,6400093882
2945,58447520,33079,58480599,8,0,1,51200,22,3953851278
2946,58458000,24084,58482084,6,0,1,15360,18,9258562034
2947,58472160,24154,58496314,8,0,1,43520,22,6326274019
2948,58494090,3210,58497300,6,0,1,1536,18,10018778083
2949,58496480,1486,58497966,6,0,1,1024,18,9151859743
2950,58517630,344544,58862174,5,0,0,167424,8,4804366718
2951,58520111,4374,58524485,5,0,1,4608,8,6677261117
2952,58522440,344757,58867197,7,0,0,16384,25,2306243882
2953,58524480,2870,58527350,2,0,1,8704,22,5173544296
2954,58529830,183916,58713746,8,0,0,2560,22,2379550299
2955,58616720,194412,58811132,5,0,0,94208,8,7537131573
2956,58618290,4420,58622710,6,0,1,11776,18,8162231225
2957,58618960,338011,58956971,7,0,0,119808,25,5885818670
2958,58668330,34108,58702438,8,0,1,56320,22,9605464313
2959,58678770,193598,58872368,8,0,0,16896,22,8608582307
2960,58683440,21264,58704704,3,0,1,3584,13,8815801178
2961,58683690,21270,58704960,6,0,1,9216,18,3006291747
2962,58742711,6754,58749465,5,0,1,7168,8,1415727301
2963,58743760,273350,59017110,2,0,0,52736,22,1928510839
2964,58748850,14804,58763654,8,0,1,28672,22,7058840142
2965,58781420,29727,58811147,8,0,1,7680,22,4516234302
2966,58820031,55743,58875774,5,0,1,3584,8,276767428
2967,58823780,171477,58995257,7,0,0,22528,25,5908357701
2968,58834870,41890,58876760,6,0,1,1536,18,9933269061
2969,58858980,238554,59097534,8,0,0,40448,22,4089957565
2970,58876250,6488,58882738,6,0,1,15872,18,6405325579
2971,58891110,5802,58896912,2,0,1,6144,22,7713209015
2972,58892480,280252,59172732,7,0,0,35840,25,1025751933
2973,58899270,155028,59054298,7,0,0,23552,25,6160799117
2974,58901180,7706,58908886,2,0,1,8192,22,6293083415
2975,58962550,1994,58964544,3,0,1,2048,13,6071016857
2976,58981150,2470,58983620,6,0,1,2560,18,6266902345
2977,58986610,8662,58995272,2,0,1,2560,22,6838737989
2978,59031300,7706,59039006,6,0,1,8192,18,1353472926
2979,59053440,160819,59214259,7,0,0,30208,25,131988015
2980,59100720,104312,59205032,2,0,0,42496,22,2973803490
2981,59115471,231104,59346575,7,0,0,56320,25,2729374541
2982,59122741,1518,59124259,5,0,1,1536,8,1395281590
2983,59127220,1042,59128262,2,0,1,1024,22,1920468417
2984,59128210,141424,59269634,7,0,0,21504,25,7299736333
2985,59128290,7230,59135520,6,0,1,7680,18,10389683849
2986,59141950,14545,59156495,8,0,1,28160,22,10171731044
2987,59165350,10337,59175687,6,0,1,3072,18,2961332332
2988,59170121,8792,59178913,5,0,1,5120,8,5807576781
2989,59185850,247581,59433431,1,0,0,22016,29,1444457648
2990,59196070,25854,59221924,3,0,1,8192,13,826463062
2991,59222320,1042,59223362,2,0,1,1024,22,2026884730
2992,59226630,155623,59382253,2,0,0,37376,22,9358262511
2993,59288020,3645,59291665,6,0,1,10240,18,3212094156
2994,59294070,566,59294636,3,0,1,512,13,8712305391
2995,59295351,7230,59302581,5,0,1,7680,8,9331089154
2996,59315131,4374,59319505,5,0,1,4608,8,3818366225
2997,59335561,12524,59348085,4,0,1,1536,14,136883295
2998,59354190,3422,59357612,6,0,1,3584,18,2798718601
2999,59366451,1518,59367969,5,0,1,1536,8,7852314626
3000,59381900,4719,59386619,3,0,1,4608,13,2936674909
3001,59384560,81890,59466450,9,0,0,2048,26,822065286
3002,59390800,4850,59395650,6,0,1,5120,18,1747096917
3003,59395310,3422,59398732,2,0,1,3584,22,4911947504
3004,59417490,106482,59523972,6,0,0,47104,18,1490632223
3005,59424910,43904,59468814,9,0,0,512,26,6216770039
3006,59434211,13858,59448069,5,0,1,23552,8,2447086221
3007,59486090,3422,59489512,3,0,1,3584,13,8131860567
3008,59498260,139119,59637379,1,0,0,38912,29,2150633883
3009,59522980,184053,59707033,0,0,0,21504,29,2029919587
3010,59524650,118516,59643166,5,0,0,18944,8,2908633158
3011,59589200,2946,59592146,3,0,1,3072,13,9305985523
3012,59600040,93908,59693948,7,0,0,18432,25,2008742593
3013,59603830,91389,59695219,8,0,0,4096,22,2751672249
3014,59615910,566,59616476,3,0,1,512,13,146749443
3015,59661210,97545,59758755,0,0,0,16384,29,8225984409
3016,59680180,1994,59682174,3,0,1,2048,13,3190188980
3017,59691320,113328,59804648,7,0,0,63488,25,2538123797
3018,59748861,566,59749427,5,0,1,512,8,2884879366
3019,59756310,6811,59763121,3,0,1,4608,13,9758111892
3020,59766700,48980,59815680,9,0,0,2048,26,6118181486
3021,59776440,106187,59882627,8,0,1,176640,22,3323265863
3022,59795160,289557,60084717,8,0,0,44544,22,3030899550
3023,59799110,85463,59884573,2,0,1,3072,22,5543111918
3024,59814530,361274,60175804,2,0,0,11264,22,3876027224
3025,59826170,270205,60096375,9,0,0,1024,26,7546384720
3026,59918420,129528,60047948,5,0,0,49152,8,4377041843
3027,59950780,1518,59952298,3,0,1,1536,13,6021948367
3028,59954550,3422,59957972,6,0,1,3584,18,3037636310
3029,59959700,3904,59963604,2,0,1,10752,22,10055088310
3030,59959970,202165,60162135,5,0,0,70656,8,584652831
3031,59999670,4850,60004520,8,0,1,5120,22,3682386316
3032,60011450,186577,60198027,1,0,0,30208,29,10296601539
3033,60024680,1518,60026198,3,0,1,1536,13,4913875747
3034,60035050,18233,60053283,8,0,1,5632,22,1697783932
3035,60040530,12907,60053437,6,0,1,8704,18,7499680569
3036,60055120,84966,60140086,2,0,0,1024,22,1215332683
3037,60064270,104951,60169221,8,0,0,2048,22,848005912
3038,60092740,202514,60295254,8,0,0,87552,22,4112524621
3039,60132430,1042,60133472,6,0,1,1024,18,7873383788
3040,60141730,23343,60165073,2,0,1,3072,22,8644742606
3041,60177050,566,60177616,6,0,1,512,18,10650355017
3042,60186300,121918,60308218,9,0,0,6144,26,8385537990
3043,60211320,50672,60261992,9,0,0,2560,26,1940979732
3044,60213300,5802,60219102,3,0,1,6144,13,6397724716
3045,60304910,3387,60308297,6,0,1,9728,18,2212632655
3046,60388070,7706,60395776,2,0,1,8192,22,10349221573
3047,60390400,9242,60399642,8,0,1,6144,22,3217038697
3048,60410570,104183,60514753,8,0,0,29696,22,3231714281
3049,60413830,6278,60420108,2,0,1,6656,22,127141470
3050,60415380,187431,60602811,7,0,0,95744,25,8170884310
3051,60416990,142596,60559586,8,0,0,60928,22,9576824659
3052,60437950,206609,60644559,0,0,0,8704,29,8538474600
3053,60439281,1518,60440799,5,0,1,1536,8,505675581
3054,60449010,153972,60602982,9,0,0,512,26,5138314501
3055,60480700,123865,60604565,5,0,0,5120,8,6719853243
3056,60504810,244614,60749424,0,0,0,78848,29,6391406356
3057,60555111,10179,60565290,5,0,1,14336,8,1953969200
3058,60578290,147095,60725385,8,0,0,40960,22,2790652304
3059,60642881,150850,60793731,7,0,0,32256,25,9105619100
3060,60660370,1518,60661888,6,0,1,1536,18,9305368219
3061,60682430,5802,60688232,2,0,1,6144,22,5519089875
3062,60701330,1518,60702848,2,0,1,1536,22,5713116271
3063,60728861,25422,60754283,5,0,1,5120,8,243569641
3064,60730000,188435,60918435,2,0,0,11776,22,1158509317
3065,60761050,138029,60899079,2,0,0,78336,22,1527578004
3066,60762490,184372,60946862,2,0,0,16896,22,9862934817
3067,60786910,11663,60798573,6,0,1,5120,18,2327708933
3068,60817960,96872,60914832,5,0,0,28160,8,6577817668
3069,60819990,79424,60899414,9,0,0,1024,26,9857377701
3070,60872720,344712,61217432,2,0,0,354304,22,4495491502
3071,60886540,203462,61090002,8,0,0,12288,22,5231910787
3072,60955570,291673,61247243,1,0,0,97792,29,7133075747
3073,60967550,4374,60971924,2,0,1,4608,22,3157952327
3074,60975330,566,60975896,6,0,1,512,18,10600675620
3075,60982361,2470,60984831,5,0,1,2560,8,7112101745
3076,60985710,269512,61255222,0,0,0,26112,29,8487282095
3077,60993431,267118,61260549,7,0,0,17408,25,5223211292
3078,61006290,5971,61012261,3,0,1,14848,13,5920038811
3079,61066030,276751,61342781,0,0,0,65536,29,9624523773
3080,61067220,2946,61070166,6,0,1,3072,18,6591157657
3081,61080480,191916,61272396,2,0,0,19968,22,8501570750
3082,61083830,1042,61084872,3,0,1,1024,13,4883192412
3083,61191610,165362,61356972,5,0,0,7168,8,4230981891
3084,61204620,57431,61262051,3,0,1,1536,13,518901757
3085,61249401,14276,61263677,5,0,1,2560,8,1633717131
3086,61277060,1994,61279054,8,0,1,2048,22,8923388017
3087,61280320,98228,61378548,0,0,0,22528,29,5752034265
3088,61311101,31695,61342796,5,0,1,24576,8,5374626552
3089,61336020,57440,61393460,9,0,0,2560,26,1200285826
3090,61363851,156743,61520594,7,0,0,94208,25,9276028210
3091,61378770,169034,61547804,1,0,0,48128,29,1373615768
3092,61448070,566,61448636,8,0,1,512,22,10706659511
3093,61456361,289180,61745541,7,0,0,44032,25,9157217125
3094,61464240,1042,61465282,6,0,1,1024,18,9186808708
3095,61502880,63327,61566207,9,0,0,1024,26,10211876747
3096,61504280,162330,61666610,0,0,0,107008,29,5167959723
3097,61505110,317101,61822211,0,0,0,65536,29,6893014812
3098,61539311,320790,61860101,7,0,0,11264,25,2544351338
3099,61545400,256804,61802204,8,0,0,157696,22,1427517657
3100,61581741,243621,61825362,7,0,0,10240,25,9761866578
3101,61588901,4374,61593275,5,0,1,4608,8,7294208322
3102,61593720,5802,61599522,8,0,1,6144,22,4291802393
3103,61603561,2470,61606031,5,0,1,2560,8,9265032005
3104,61665300,160233,61825533,9,0,0,512,26,1458789944
3105,61682610,14545,61697155,6,0,1,28160,18,4043781044
3106,61683600,15181,61698781,3,0,1,2560,13,813476954
3107,61684640,141096,61825736,9,0,0,512,26,9562290242
3108,61721490,3898,61725388,8,0,1,4096,22,5645650033
3109,61731200,436319,62167519,5,0,0,37376,8,211618197
3110,61766800,65446,61832246,2,0,1,7168,22,3207681112
3111,61775450,344891,62120341,5,0,0,105472,8,3436368474
3112,61778950,53450,61832400,8,0,1,8704,22,1276678127
3113,61786901,46485,61833386,5,0,1,1536,8,2954453766
3114,61789810,399808,62189618,2,0,0,66560,22,6132622377
3115,61812220,247874,62060094,1,0,0,18944,29,1628860762
3116,61843390,11016,61854406,3,0,1,17920,13,10663966969
3117,61843920,70898,61914818,0,0,0,1024,29,892676828
3118,61847490,12626,61860116,6,0,1,7680,18,3213575692
3119,61847800,272712,62120512,9,0,0,512,26,7592491980
3120,61876200,1994,61878194,6,0,1,2048,18,8731079502
3121,61885950,253461,62139411,0,0,0,61952,29,8237721547
3122,61918740,108427,62027167,5,0,0,27648,8,1877602480
3123,61956460,566,61957026,6,0,1,512,18,929172358
3124,61998310,221187,62219497,8,0,0,12800,22,1368219402
3125,62011280,1518,62012798,6,0,1,1536,18,1362776376
3126,62013600,131652,62145252,9,0,0,512,26,5200981340
3127,62025990,2687,62028677,8,0,1,1536,22,6657667609
3128,62037960,6278,62044238,3,0,1,6656,13,8739040539
3129,62094770,297827,62392597,0,0,0,1024,29,9097955459
3130,62126951,17820,62144771,0,0,1,5632,29,4736009865
3131,62135680,9757,62145437,8,0,1,1024,22,8357621032
3132,62136750,107265,62244015,0,0,0,27136,29,4460362856
3133,62146660,1518,62148178,8,0,1,1536,22,10368010121
3134,62205091,1518,62206609,0,0,1,1536,29,5728733007
3135,62208460,566,62209026,3,0,1,512,13,9828919848
3136,62239380,152890,62392270,2,0,0,123392,22,1637120823
3137,62263310,154447,62417757,0,0,0,37376,29,2678600897
3138,62283750,225009,62508759,9,0,0,1024,26,1348988056
3139,62299090,7706,62306796,6,0,1,8192,18,5619847929
3140,62304280,12566,62316846,3,0,1,20992,13,3634663580
3141,62307211,201213,62508424,7,0,0,125952,25,9555863036
3142,62324040,10757,62334797,2,0,1,17408,22,3986439812
3143,62417570,3601,62421171,3,0,1,3584,13,5040235124
3144,62423900,136095,62559995,5,0,0,10240,8,8525466492
3145,62427450,86927,62514377,5,0,0,8192,8,8094701732
3146,62431751,108762,62540513,7,0,0,13312,25,7743567022
3147,62450721,179746,62630467,7,0,0,23040,25,5713317939
3148,62450790,303461,62754251,3,0,0,116224,13,5714710937
3149,62458780,247736,62706516,2,0,0,4096,22,7209341870
3150,62461210,210727,62671937,8,0,0,18944,22,2461930934
3151,62471420,321615,62793035,5,0,0,102400,8,4787273958
3152,62492260,125982,62618242,8,0,0,4096,22,2889948007
3153,62501330,13062,62514392,6,0,1,3584,18,5932469828
3154,62545010,1994,62547004,6,0,1,2048,18,820683696
3155,62548610,1042,62549652,2,0,1,1024,22,2337405084
3156,62575310,2946,62578256,2,0,1,3072,22,4766615772
3157,62601290,261704,62862994,2,0,0,67584,22,6882951752
3158,62657540,3904,62661444,8,0,1,10752,22,3789111843
3159,62691160,134083,62825243,8,0,0,9216,22,10241022801
3160,62695851,146536,62842387,7,0,0,1024,25,7273064011
3161,62714110,40156,62754266,6,0,1,7680,18,618951616
3162,62717540,36749,62754289,8,0,1,2048,22,3463652765
3163,62718750,35554,62754304,6,0,1,8704,18,9600587969
3164,62720130,145696,62865826,9,0,0,1024,26,8238351782
3165,62746740,14806,62761546,8,0,1,7680,22,2943974847
3166,62747390,45660,62793050,3,0,1,512,13,10041317259
3167,62760700,32365,62793065,6,0,1,512,18,6775391502
3168,62761220,57785,62819005,5,0,0,1024,8,3816816730
3169,62796840,3898,62800738,8,0,1,4096,22,1378389174
3170,62824620,73710,62898330,8,0,0,11264,22,7407087251
3171,62846531,80124,62926655,7,0,0,512,25,1832675156
3172,62867550,1518,62869068,6,0,1,1536,18,7574126708
3173,62875470,3422,62878892,8,0,1,3584,22,1163415305
3174,62883211,5454,62888665,0,0,1,13824,29,10324743708
3175,62915630,5802,62921432,8,0,1,6144,22,1706989311
3176,62921570,6488,62928058,8,0,1,15872,22,6314894451
3177,62922921,8889,62931810,0,0,1,13312,29,2998114155
3178,62926800,109863,63036663,9,0,0,2048,26,118235915
3179,63016701,43904,63060605,7,0,0,512,25,5250637375
3180,63042260,101678,63143938,8,0,0,11264,22,10490539591
3181,63076910,75356,63152266,0,0,0,4608,29,8978142414
3182,63080450,168048,63248498,2,0,0,84480,22,191005359
3183,63095570,1042,63096612,6,0,1,1024,18,9060381437
3184,63147480,43904,63191384,9,0,0,512,26,6928631703
3185,63148640,1994,63150634,8,0,1,2048,22,1946530314
3186,63148701,46208,63194909,7,0,0,1024,25,9908590484
3187,63159390,117400,63276790,1,0,0,12800,29,432458939
3188,63205460,43904,63249364,9,0,0,512,26,5213735491
3189,63210370,54056,63264426,2,0,0,3584,22,10024066108
3190,63287590,96521,63384111,5,0,0,5120,8,7238892119
3191,63289490,6754,63296244,1,0,1,7168,29,1899521135
3192,63301560,3387,63304947,1,0,1,9728,29,397402739
3193,63308850,566,63309416,1,0,1,512,29,10402813667
3194,63330570,49289,63379859,9,0,0,512,26,5254496966
3195,63343760,168590,63512350,1,0,0,46592,29,1926324631
3196,63390660,7230,63397890,1,0,1,7680,29,9139762871
3197,63411160,566,63411726,8,0,1,512,22,8290031675
3198,63427161,68312,63495473,7,0,0,3072,25,4072295700
3199,63461200,165007,63626207,2,0,0,50688,22,4028993777
3200,63463370,5454,63468824,1,0,1,13824,29,1438175628
3201,63473040,566,63473606,6,0,1,512,18,2000836684
3202,63485870,45596,63531466,9,0,0,1024,26,4483882618
3203,63487270,65743,63553013,0,0,0,8192,29,2278709718
3204,63511110,5652,63516762,6,0,1,11776,18,4589955675
3205,63542640,4850,63547490,8,0,1,5120,22,8158708804
3206,63559160,1042,63560202,1,0,1,1024,29,4090792907
3207,63580650,122651,63703301,1,0,0,23552,29,7084501538
3208,63585240,5196,63590436,1,0,1,13312,29,1548633362
3209,63732890,190721,63923611,5,0,0,81408,8,1053096016
3210,63751000,1518,63752518,8,0,1,1536,22,8060376272
3211,63755150,256002,64011152,1,0,0,141824,29,9316558013
3212,63770800,163860,63934660,2,0,0,18432,22,265895059
3213,63775600,123192,63898792,9,0,0,1536,26,8590031479
3214,63841310,181721,64023031,0,0,0,38912,29,1035881034
3215,63868330,566,63868896,8,0,1,512,22,608026814
3216,63943990,101226,64045216,5,0,0,3072,8,591312808
3217,63951380,130800,64082180,2,0,0,75264,22,5579230246
3218,63987440,37544,64024984,1,0,1,2048,29,5105967675
3219,64053660,1994,64055654,1,0,1,2048,29,7216496578
3220,64092760,43904,64136664,9,0,0,512,26,7983222755
3221,64247921,43904,64291825,7,0,0,512,25,7721883084
3222,64307080,3645,64310725,1,0,1,10240,29,3693704619
3223,64334510,89449,64423959,1,0,0,5632,29,6305373312
3224,64346480,43904,64390384,9,0,0,512,26,914248189
3225,64382690,2870,64385560,8,0,1,8704,22,1504205142
3226,64400690,182779,64583469,2,0,0,15872,22,310741021
3227,64423770,111045,64534815,2,0,0,64000,22,10649686300
3228,64426450,109488,64535938,1,0,0,3584,29,751920516
3229,64476611,107029,64583640,7,0,0,512,25,8900035850
3230,64500730,1994,64502724,1,0,1,2048,29,6858731977
3231,64507380,5802,64513182,1,0,1,6144,29,6415854865
3232,64517210,177714,64694924,1,0,0,15872,29,1731960499
3233,64521030,68280,64589310,2,0,0,2560,22,5198642154
3234,64607090,56996,64664086,2,0,0,8192,22,889955320
3235,64636110,81172,64717282,1,0,0,4096,29,3981109602
3236,64758521,138232,64896753,7,0,0,39424,25,3633063775
3237,64764250,5971,64770221,8,0,1,14848,22,8375922527
3238,64790790,79016,64869806,2,0,0,19968,22,8751064616
3239,64848390,94927,64943317,2,0,0,27136,22,5983232642
3240,64893620,128201,65021821,2,0,0,15360,22,7584097212
3241,64923781,7230,64931011,0,0,1,7680,29,2897078822
3242,64942550,72047,65014597,0,0,0,9728,29,10049193450
3243,64979130,92420,65071550,9,0,0,512,26,3469882435
3244,64982760,71468,65054228,2,0,0,15360,22,6392292685
3245,65003231,1518,65004749,5,0,1,1536,8,4498486802
3246,65007850,6762,65014612,9,0,1,5632,26,320353838
3247,65017621,169869,65187490,7,0,0,115712,25,2532470801
3248,65030150,189858,65220008,1,0,0,65536,29,6840190673
3249,65116300,71361,65187661,9,0,0,512,26,5506154118
3250,65186450,46799,65233249,5,0,0,1024,8,182528796
3251,65202510,68162,65270672,5,0,0,2560,8,7007052609
3252,65314551,99476,65414027,7,0,0,26624,25,5009927826
3253,65320461,188252,65508713,7,0,0,156672,25,3068966357
3254,65324411,233460,65557871,7,0,0,84992,25,1647296682
3255,65420590,88302,65508892,9,0,0,512,26,5472775982
3256,65440610,1042,65441652,8,0,1,1024,22,5101875408
3257,65480530,36027,65516557,8,0,1,8192,22,5921955220
3258,65537780,126579,65664359,0,0,0,49664,29,3550400470
3259,65547450,197111,65744561,1,0,0,79872,29,646249202
3260,65583130,112894,65696024,5,0,0,2048,8,9866815129
3261,65597990,4850,65602840,8,0,1,5120,22,8811788419
3262,65603170,91441,65694611,9,0,0,512,26,1872954590
3263,65612230,137509,65749739,1,0,0,8704,29,5096616656
3264,65625111,121961,65747072,7,0,0,8192,25,2002561081
3265,65684080,79993,65764073,5,0,0,512,8,1840798159
3266,65808921,99320,65908241,7,0,0,26112,25,4830881554
3267,65819220,150653,65969873,0,0,0,67072,29,2781563878
3268,65827961,101972,65929933,7,0,0,34816,25,1619457927
3269,65828780,115775,65944555,9,0,0,1024,26,8017443769
3270,65914930,55442,65970372,5,0,0,1536,8,10430769269
3271,65942770,85773,66028543,2,0,0,12288,22,8656284068
3272,65955171,19534,65974705,5,0,1,4608,8,5728324170
3273,65961160,125990,66087150,7,0,0,84992,25,504633279
3274,65991820,210697,66202517,9,0,0,2048,26,10139854163
3275,65992340,1518,65993858,8,0,1,1536,22,5862679584
3276,66050050,56744,66106794,9,0,0,1024,26,1569769327
3277,66064020,25116,66089136,2,0,1,2048,22,952898263
3278,66102570,274862,66377432,5,0,0,1024,8,5253192901
3279,66119410,1994,66121404,3,0,1,2048,13,7625164990
3280,66153820,190056,66343876,2,0,0,57856,22,1530315976
3281,66188520,179803,66368323,1,0,0,27136,29,4415241506
3282,66205700,74360,66280060,1,0,0,9728,29,8940967657
3283,66209310,140632,66349942,9,0,0,1024,26,10419140597
3284,66212880,1994,66214874,8,0,1,2048,22,4612114326
3285,66221050,154316,66375366,2,0,0,23040,22,1464911024
3286,66256130,158693,66414823,2,0,0,18432,22,1669342496
3287,66307740,69365,66377105,2,0,0,5632,22,599651997
3288,66336971,8891,66345862,0,0,1,2048,29,363617348
3289,66353500,566,66354066,8,0,1,512,22,4217910439
3290,66360230,22011,66382241,3,0,1,5120,13,5879149340
3291,66361770,83913,66445683,2,0,0,3584,22,7020150384
3292,66374890,7607,66382497,3,0,1,9216,13,8577991010
3293,66379640,3203,66382843,2,0,1,512,22,60551681
3294,66390320,45596,66435916,5,0,0,1024,8,1200521175
3295,66403750,209687,66613437,7,0,0,164864,25,9123030847
3296,66407930,105016,66512946,1,0,0,3072,29,7280296063
3297,66418990,4374,66423364,3,0,1,4608,13,8929193997
3298,66433900,88136,66522036,9,0,0,1536,26,3148870643
3299,66441520,90624,66532144,5,0,0,2048,8,3461430741
3300,66468690,1994,66470684,8,0,1,2048,22,6277525291
3301,66480300,3128,66483428,8,0,1,9216,22,1876154447
3302,66518940,6754,66525694,3,0,1,7168,13,6836706313
3303,66540710,143000,66683710,7,0,0,89600,25,1828125251
3304,66552860,159421,66712281,1,0,0,8192,29,9314716931
3305,66560990,128195,66689185,1,0,0,17920,29,9929397985
3306,66675900,57181,66733081,5,0,0,512,8,8586410646
3307,66679910,73723,66753633,9,0,0,512,26,9894426184
3308,66709880,47989,66757869,9,0,0,1024,26,8715509922
3309,66751370,43904,66795274,9,0,0,512,26,1937083121
3310,66788810,89040,66877850,7,0,0,12800,25,2815935037
3311,66796410,102128,66898538,2,0,0,35328,22,48943751
3312,66823850,142098,66965948,7,0,0,23552,25,10730643154
3313,66871580,102834,66974414,2,0,0,19968,22,6943905690
3314,66917680,108028,67025708,7,0,0,10752,25,661101048
3315,66950990,2946,66953936,3,0,1,3072,13,5046536222
3316,66962070,100599,67062669,7,0,0,19968,25,8847156510
3317,67023920,50760,67074680,9,0,0,2048,26,918989293
3318,67026760,7706,67034466,3,0,1,8192,13,813525138
3319,67027590,96087,67123677,2,0,0,11264,22,1311316728
3320,67028540,73585,67102125,5,0,0,1024,8,7541830713
3321,67097630,4850,67102480,3,0,1,5120,13,8736094382
3322,67123810,43904,67167714,5,0,0,512,8,2707096272
3323,67165610,566,67166176,1,0,1,512,29,7186986020
3324,67188770,117416,67306186,1,0,0,85504,29,5003905386
3325,67219630,86883,67306513,7,0,0,1024,25,7223572204
3326,67326060,12825,67338885,3,0,1,21504,13,7165094195
3327,67359460,91807,67451267,9,0,0,1536,26,7986547109
3328,67442860,2470,67445330,8,0,1,2560,22,1017530039
3329,67448651,1518,67450169,7,0,1,1536,25,9923976392
3330,67473610,114920,67588530,1,0,0,77312,29,2155738089
3331,67477080,170274,67647354,1,0,0,109056,29,8646975707
3332,67590370,3128,67593498,3,0,1,9216,13,7645816378
3333,67645180,4160,67649340,8,0,1,2048,22,788897039
3334,67654941,1518,67656459,5,0,1,1536,8,1587200611
3335,67671450,5802,67677252,9,0,1,6144,26,10266048279
3336,67672720,46050,67718770,9,0,0,512,26,3177648831
3337,67686490,190793,67877283,7,0,0,19968,25,4871925757
3338,67779180,129010,67908190,5,0,0,512,8,2070781819
3339,67784290,1042,67785332,8,0,1,1024,22,10360296809
3340,67807940,158305,67966245,1,0,0,83968,29,6962828674
3341,67850260,566,67850826,8,0,1,512,22,7378294783
3342,67870460,156355,68026815,7,0,0,54784,25,5102320564
3343,67872210,6107,67878317,8,0,1,1024,22,6706895285
3344,67882770,2946,67885716,3,0,1,3072,13,9429891163
3345,67905460,6754,67912214,9,0,1,7168,26,10643680603
3346,67939370,87951,68027321,9,0,0,512,26,7731016915
3347,67944561,22760,67967321,5,0,1,1024,8,6689159065
3348,67952470,74672,68027142,9,0,0,1024,26,4850656122
3349,67961410,107879,68069289,7,0,0,31744,25,1958457557
3350,67971090,4374,67975464,8,0,1,4608,22,9556219436
3351,68026450,2824,68029274,8,0,1,2048,22,7956915962
3352,68037211,1042,68038253,7,0,1,1024,25,10393382288
3353,68078120,3422,68081542,9,0,1,3584,26,10672050373
3354,68090330,4420,68094750,9,0,1,11776,26,1189743224
3355,68101860,62755,68164615,5,0,0,1536,8,3120911494
3356,68114090,13253,68127343,3,0,1,25600,13,6625548809
3357,68114600,76623,68191223,7,0,0,8192,25,4347190253
3358,68140300,133219,68273519,8,0,0,18944,22,2164898098
3359,68157951,4679,68162630,7,0,1,12288,25,9786571553
3360,68161480,6542,68168022,9,0,1,6656,26,3663715925
3361,68177150,122214,68299364,5,0,0,1024,8,10620484506
3362,68192541,106496,68299037,7,0,0,49664,25,2815414959
3363,68223130,2870,68226000,3,0,1,8704,13,4306546128
3364,68242330,57376,68299706,5,0,0,512,8,2304629583
3365,68244560,54975,68299535,9,0,0,512,26,992169112
3366,68250680,1518,68252198,1,0,1,1536,29,10427091368
3367,68257131,82509,68339640,7,0,0,9216,25,8215704029
3368,68301551,6754,68308305,7,0,1,7168,25,7081994573
3369,68307030,105757,68412787,1,0,0,25600,29,9228197905
3370,68335500,4155,68339655,9,0,1,2048,26,4201444557
3371,68348500,5326,68353826,3,0,1,5632,13,9376692544
3372,68364710,48568,68413278,5,0,0,1536,8,4101762465
3373,68381031,1994,68383025,7,0,1,2048,25,1171724246
3374,68410980,5679,68416659,1,0,1,3584,29,1317842972
3375,68431930,13083,68445013,1,0,1,22016,29,5778269653
3376,68462780,43904,68506684,5,0,0,512,8,1336690835
3377,68472241,2946,68475187,7,0,1,3072,25,9099226144
3378,68473390,4703,68478093,9,0,1,4608,26,3367046367
3379,68485570,1518,68487088,3,0,1,1536,13,1063359185
3380,68504121,6278,68510399,7,0,1,6656,25,8483709943
3381,68528140,45596,68573736,9,0,0,1024,26,5237086392
3382,68576061,6278,68582339,7,0,1,6656,25,3176654671
3383,68595250,121204,68716454,8,0,0,4608,22,1369905861
3384,68607171,175695,68782866,7,0,0,62976,25,9079829968
3385,68657320,2946,68660266,1,0,1,3072,29,8167789014
3386,68678211,2470,68680681,7,0,1,2560,25,4310291042
3387,68702701,1518,68704219,7,0,1,1536,25,7255641817
3388,68706060,566,68706626,3,0,1,512,13,6933266936
3389,68765150,143205,68908355,1,0,0,25600,29,1491266543
3390,68808820,11274,68820094,1,0,1,18432,29,9326568284
3391,68817840,6760,68824600,1,0,1,7168,29,1826169511
3392,68826990,81536,68908526,5,0,0,512,8,3507626341
3393,68878901,107276,68986177,7,0,0,52224,25,5455631357
3394,68899491,14287,68913778,7,0,1,27648,25,7719079288
3395,68912300,47288,68959588,5,0,0,1536,8,2632913818
3396,68918850,1042,68919892,3,0,1,1024,13,9506547063
3397,68957331,5802,68963133,7,0,1,6144,25,3622971485
3398,68971380,97609,69068989,8,0,0,12288,22,4832701887
3399,69010090,77744,69087834,1,0,0,10752,29,2773258463
3400,69072430,135402,69207832,8,0,0,70144,22,5225655524
3401,69081740,48980,69130720,8,0,0,2048,22,6921998279
3402,69083130,4850,69087980,3,0,1,5120,13,24845655
3403,69091510,5712,69097222,3,0,1,14336,13,6452400608
3404,69158851,129312,69288163,7,0,0,61952,25,5289818128
3405,69161330,94313,69255643,1,0,0,5632,29,200453080
3406,69164620,54710,69219330,9,0,0,3584,26,92357808
3407,69167220,4374,69171594,3,0,1,4608,13,3518973624
3408,69203880,293566,69497446,1,0,0,43520,29,7599449571
3409,69258260,45596,69303856,9,0,0,1024,26,3051904498
3410,69267120,21058,69288178,1,0,1,2560,29,845176974
3411,69270600,25293,69295893,9,0,1,8192,26,7065407390
3412,69271860,132040,69403900,1,0,0,29696,29,4449881554
3413,69369440,45596,69415036,9,0,0,1024,26,10565710857
3414,69391590,1518,69393108,9,0,1,1536,26,5376268254
3415,69397440,9322,69406762,8,0,1,8704,22,2285911439
3416,69411440,144986,69556426,8,0,0,75776,22,2206040290
3417,69415350,4374,69419724,2,0,1,4608,22,6175153718
3418,69420090,5326,69425416,1,0,1,5632,29,2845704171
3419,69443511,160115,69603626,7,0,0,9728,25,5362155684
3420,69507420,241852,69749272,8,0,0,50688,22,425015977
3421,69514120,2470,69516590,1,0,1,2560,29,5553891840
3422,69610820,97292,69708112,9,0,0,19456,26,1190097950
3423,69619071,3904,69622975,7,0,1,10752,25,1798787196
3424,69643550,3904,69647454,3,0,1,10752,13,7043326023
3425,69655020,147317,69802337,1,0,0,22016,29,9579197045
3426,69657540,95179,69752719,9,0,0,11264,26,574391688
3427,69698970,2946,69701916,3,0,1,3072,13,3913073822
3428,69729961,114592,69844553,7,0,0,2048,25,4270939764
3429,69766211,3387,69769598,7,0,1,9728,25,10035472088
3430,69778850,4374,69783224,3,0,1,4608,13,5973780000
3431,69787810,1042,69788852,8,0,1,1024,22,3984041107
3432,69792711,9641,69802352,7,0,1,4608,25,368397970
3433,69802180,140414,69942594,1,0,0,33792,29,2672738275
3434,69804070,100256,69904326,8,0,0,29184,22,8101915652
3435,69863770,60380,69924150,9,0,0,9216,26,5724808628
3436,69881240,62981,69944221,5,0,0,1536,8,3581026866
3437,69881840,6278,69888118,8,0,1,6656,22,8239826194
3438,69914760,4850,69919610,3,0,1,5120,13,855955860
3439,69955091,202292,70157383,7,0,0,202752,25,9417118
3440,69958490,199438,70157928,5,0,0,1024,8,9544937749
3441,69980870,177385,70158255,5,0,0,1024,8,2943699729
3442,69989470,4850,69994320,9,0,1,5120,26,5004233793
3443,70006450,217198,70223648,9,0,0,58880,26,9002227374
3444,70023361,566,70023927,4,0,1,512,14,2724550760
3445,70041890,4374,70046264,1,0,1,4608,29,7296029851
3446,70055020,102557,70157577,5,0,0,512,8,4199475799
3447,70083920,1994,70085914,9,0,1,2048,26,2087727493
3448,70086100,3898,70089998,9,0,1,4096,26,1649996312
3449,70093340,64058,70157398,3,0,1,13824,13,6202314844
3450,70100911,59823,70160734,4,0,1,2560,14,4424046031
3451,70115171,50151,70165322,4,0,1,6656,14,881515381
3452,70118020,48608,70166628,1,0,1,2048,29,2858020304
3453,70118481,53293,70171774,7,0,1,8192,25,9055917706
3454,70139691,258594,70398285,7,0,0,27648,25,640744676
3455,70148411,163841,70312252,7,0,0,69632,25,9873766302
3456,70173771,2470,70176241,4,0,1,2560,14,8372032359
3457,70176000,1518,70177518,2,0,1,1536,22,1748841754
3458,70212501,11705,70224206,4,0,1,512,14,8861173096
3459,70227970,4850,70232820,8,0,1,5120,22,4992487448
3460,70279000,1994,70280994,1,0,1,2048,29,8668114385
3461,70297221,26573,70323794,4,0,1,18944,14,5869297316
3462,70303300,24040,70327340,8,0,1,5632,22,5803762778
3463,70319160,9806,70328966,9,0,1,2560,26,2559674782
3464,70327900,139406,70467306,9,0,0,52736,26,8833134909
3465,70359260,158606,70517866,8,0,0,2048,22,9856353165
3466,70392771,103734,70496505,7,0,0,22528,25,4749354199
3467,70409800,1518,70411318,8,0,1,1536,22,4357558309
3468,70412270,55222,70467492,5,0,0,512,8,4588379918
3469,70440270,73130,70513400,5,0,0,1536,8,5513858301
3470,70448501,18820,70467321,7,0,1,10240,25,1198076309
3471,70466320,1730,70468050,9,0,1,512,26,5375842363
3472,70490620,8747,70499367,8,0,1,8704,22,2855304018
3473,70526780,3898,70530678,8,0,1,4096,22,7534043230
3474,70618870,3898,70622768,3,0,1,4096,13,3659586621
3475,70638960,1518,70640478,1,0,1,1536,29,5344341663
3476,70641570,3898,70645468,9,0,1,4096,26,3790509325
3477,70697311,11533,70708844,5,0,1,18944,8,700228513
3478,70701790,10920,70712710,9,0,1,6144,26,9525480343
3479,70707081,6935,70714016,5,0,1,2048,8,6604496624
3480,70712890,55878,70768768,5,0,0,2048,8,5092273756
3481,70719140,194230,70913370,6,0,0,45056,18,1661397993
3482,70722860,322228,71045088,9,0,0,88064,26,9043698606
3483,70727180,3422,70730602,9,0,1,3584,26,5480861636
3484,70752640,106184,70858824,8,0,0,48640,22,9730378409
3485,70760800,3898,70764698,1,0,1,4096,29,3125679138
3486,70760960,245310,71006270,6,0,0,512,18,2823466287
3487,70783670,1042,70784712,3,0,1,1024,13,4512703847
3488,70786510,98634,70885144,4,0,0,8704,14,6183127359
3489,70790131,4374,70794505,5,0,1,4608,8,6893361047
3490,70815690,6278,70821968,1,0,1,6656,29,4506700178
3491,70817481,6753,70824234,7,0,1,3584,25,4946687873
3492,70829381,131119,70960500,7,0,0,32256,25,5333420253
3493,70848080,158019,71006099,1,0,0,77824,29,5385589791
3494,70862490,188868,71051358,9,0,0,10240,26,4298116715
3495,70864740,183483,71048223,1,0,0,10240,29,1081350197
3496,70885701,3898,70889599,7,0,1,4096,25,1035641504
3497,70898141,15244,70913385,5,0,1,4608,8,2564081980
3498,70904570,332206,71236776,8,0,0,129536,22,7457871742
3499,70908221,10031,70918252,5,0,1,5120,8,3274678825
3500,70947920,1994,70949914,9,0,1,2048,26,8907979986
3501,70956571,11151,70967722,5,0,1,7680,8,3014143353
3502,70994980,15197,71010177,9,0,1,4096,26,7053589059
3503,71001490,12873,71014363,9,0,1,6656,26,9973955653
3504,71015591,152309,71167900,7,0,0,28672,25,6913383716
3505,71025060,38339,71063399,8,0,1,19968,22,2472747024
3506,71052441,15144,71067585,5,0,1,6656,8,8277113235
3507,71057270,124205,71181475,5,0,0,512,8,5661773133
3508,71058890,98836,71157726,8,0,0,10752,22,5808889200
3509,71073101,1042,71074143,4,0,1,1024,14,6587499816
3510,71088140,10499,71098639,8,0,1,16896,22,7852810431
3511,71098400,3422,71101822,8,0,1,3584,22,1451107717
3512,71110060,357084,71467144,6,0,0,15872,18,8515678757
3513,71168051,2470,71170521,4,0,1,2560,14,1051120539
3514,71189930,5326,71195256,8,0,1,5632,22,406492263
3515,71191820,317942,71509762,8,0,0,12800,22,10465554126
3516,71195780,41011,71236791,2,0,1,26112,22,4420472202
3517,71210511,30187,71240698,5,0,1,4096,8,8834523052
3518,71218500,25744,71244244,1,0,1,5632,29,10489348761
3519,71238571,6339,71244910,4,0,1,1024,14,7212313408
3520,71240480,97916,71338396,1,0,0,21504,29,5896060667
3521,71260810,6278,71267088,1,0,1,6656,29,4179297491
3522,71278891,234646,71513537,7,0,0,12288,25,5859797220
3523,71286570,44060,71330630,5,0,0,1024,8,2648556638
3524,71295110,210737,71505847,9,0,0,126976,26,6277532326
3525,71306790,1518,71308308,8,0,1,1536,22,3292429829
3526,71316431,5802,71322233,5,0,1,6144,8,1924209010
3527,71342770,4374,71347144,1,0,1,4608,29,4931183694
3528,71370641,1994,71372635,4,0,1,2048,14,3254591738
3529,71401251,566,71401817,4,0,1,512,14,7788078820
3530,71423580,99993,71523573,1,0,0,7680,29,1702694725
3531,71427510,5802,71433312,9,0,1,6144,26,9290868848
3532,71435061,5326,71440387,4,0,1,5632,14,10240015717
3533,71481541,163301,71644842,7,0,0,109056,25,8490852466
3534,71504350,145975,71650325,9,0,0,17920,26,7080234223
3535,71566981,3422,71570403,4,0,1,3584,14,9865336988
3536,71568210,3904,71572114,1,0,1,10752,29,49067821
3537,71573260,1042,71574302,9,0,1,1024,26,449535676
3538,71584091,5802,71589893,5,0,1,6144,8,8889699120
3539,71586770,5069,71591839,9,0,1,3072,26,1653459459
3540,71617640,33686,71651326,1,0,1,1024,29,4177244501
3541,71651940,168982,71820922,9,0,0,21504,26,566489167
3542,71657440,74360,71731800,6,0,0,9728,18,5858764139
3543,71684161,105230,71789391,7,0,0,29184,25,6954140137
3544,71687510,4850,71692360,1,0,1,5120,29,347389159
3545,71691411,122944,71814355,7,0,0,14336,25,4258691305
3546,71702360,5196,71707556,1,0,1,13312,29,2718437511
3547,71761130,5802,71766932,1,0,1,6144,29,8398559857
3548,71773151,1518,71774669,4,0,1,1536,14,8734573985
3549,71806830,145084,71951914,5,0,0,1024,8,2639497060
3550,71814231,12485,71826716,4,0,1,6144,14,5305069755
3551,71857760,76052,71933812,1,0,0,10240,29,4961891206
3552,71917151,1518,71918669,4,0,1,1536,14,6956682711
3553,71926810,48330,71975140,5,0,0,512,8,6036614511
3554,71927540,64364,71991904,8,0,0,7168,22,3320598142
3555,71932540,3751,71936291,1,0,1,2560,29,3578806413
3556,71933060,148641,72081701,9,0,0,103424,26,6408159391
3557,72059381,127560,72186941,7,0,0,45568,25,5671831515
3558,72097900,119869,72217769,9,0,0,35840,26,8787685140
3559,72107530,54056,72161586,8,0,0,3584,22,7205347499
3560,72107920,172159,72280079,1,0,0,82944,29,6502967682
3561,72121591,3422,72125013,4,0,1,3584,14,4440033387
3562,72153201,1042,72154243,4,0,1,1024,14,1272276749
3563,72158210,213975,72372185,1,0,0,31232,29,924802268
3564,72171300,222740,72394040,8,0,0,71680,22,1048909766
3565,72188710,566,72189276,1,0,1,512,29,5383890128
3566,72250330,191434,72441764,6,0,0,24064,18,964343806
3567,72251330,183087,72434417,8,0,0,21504,22,1041203139
3568,72268561,18740,72287301,7,0,1,7680,25,1281270090
3569,72292051,566,72292617,4,0,1,512,14,9929451179
3570,72301920,6488,72308408,9,0,1,15872,26,2098802349
3571,72339060,3898,72342958,9,0,1,4096,26,3718329876
3572,72346970,6488,72353458,1,0,1,15872,29,5297039772
3573,72371540,24528,72396068,9,0,1,2048,26,7147878165
3574,72385630,56633,72442263,8,0,0,1536,22,9990144466
3575,72388270,223740,72612010,5,0,0,512,8,9018167088
3576,72394820,1594,72396414,8,0,1,512,22,8687746740
3577,72423880,2470,72426350,8,0,1,2560,22,5443353127
3578,72433710,166955,72600665,6,0,0,71168,18,8531423638
3579,72440010,194879,72634889,1,0,0,2560,29,8043010726
3580,72443511,158417,72601928,7,0,0,4096,25,5888580924
3581,72483630,13600,72497230,1,0,1,23040,29,229310703
3582,72491740,5836,72497576,8,0,1,512,22,3657901875
3583,72519011,566,72519577,4,0,1,512,14,10292553312
3584,72600370,6876,72607246,8,0,1,5632,22,9164216510
3585,72627560,2946,72630506,1,0,1,3072,29,10485100929
3586,72649090,142066,72791156,9,0,0,105984,26,3622501286
3587,72667500,130362,72797862,9,0,0,9728,26,1398423315
3588,72672470,1518,72673988,3,0,1,1536,13,6903423360
3589,72684660,126732,72811392,6,0,0,19968,18,8938811090
3590,72699961,2870,72702831,4,0,1,8704,14,10579889522
3591,72703170,90348,72793518,5,0,0,512,8,10071351962
3592,72720050,83800,72803850,6,0,0,9216,18,2938876313
3593,72766320,31557,72797877,1,0,1,6144,29,3373229300
3594,72807770,72766,72880536,1,0,0,12800,29,7551472046
3595,72828480,3904,72832384,9,0,1,10752,26,4569370004
3596,72849490,137215,72986705,9,0,0,36864,26,4628825700
3597,72856940,133704,72990644,8,0,0,12800,22,10410706131
3598,72886650,2470,72889120,9,0,1,2560,26,8258460526
3599,72906361,2946,72909307,4,0,1,3072,14,1605645275
3600,72908300,191373,73099673,8,0,0,102912,22,740365084
3601,72941980,162544,73104524,1,0,0,15872,29,4092434152
3602,72962160,1994,72964154,8,0,1,2048,22,4808715079
3603,72967630,55728,73023358,8,0,0,1024,22,8112163779
3604,72978790,12379,72991169,9,0,1,512,26,543784334
3605,72985000,81962,73066962,9,0,0,18944,26,7804746312
3606,72986510,160406,73146916,5,0,0,3072,8,7503069931
3607,72997010,137276,73134286,6,0,0,25088,18,3154996734
3608,73018490,1994,73020484,8,0,1,2048,22,4628649743
3609,73032311,1042,73033353,4,0,1,1024,14,6766028325
3610,73091540,80568,73172108,9,0,0,7680,26,5674790863
3611,73095141,126058,73221199,7,0,0,18432,25,6205868237
3612,73110001,1994,73111995,4,0,1,2048,14,9836675459
3613,73119920,95648,73215568,1,0,0,29184,29,5825308226
3614,73126911,8409,73135320,4,0,1,1024,14,9262682389
3615,73142330,168984,73311314,9,0,0,46592,26,4341557279
3616,73150460,53181,73203641,1,0,0,1536,29,7408894353
3617,73159941,4374,73164315,7,0,1,4608,25,1501174116
3618,73164950,3898,73168848,8,0,1,4096,22,1945584501
3619,73178540,7706,73186246,8,0,1,8192,22,4048077039
3620,73180410,59630,73240040,6,0,0,1536,18,4220105688
3621,73193701,190465,73384166,7,0,0,18944,25,10304801293
3622,73283320,87444,73370764,5,0,0,512,8,6320259019
3623,73323021,1518,73324539,4,0,1,1536,14,4039973686
3624,73326490,77134,73403624,5,0,0,1024,8,10613799956
3625,73413980,1042,73415022,1,0,1,1024,29,5306668696
3626,73437370,1518,73438888,8,0,1,1536,22,1422741749
3627,73439391,6229,73445620,7,0,1,15360,25,5829361051
3628,73458080,171868,73629948,6,0,0,61440,18,7483802130
3629,73550461,118125,73668586,7,0,0,21504,25,8994558227
3630,73570670,209372,73780042,8,0,0,92672,22,602510625
3631,73594500,216760,73811260,8,0,0,14848,22,6392945278
3632,73607771,22192,73629963,4,0,1,4096,14,10352289170
3633,73615370,20387,73635757,1,0,1,6144,29,9502259344
3634,73634601,102061,73736662,7,0,0,14336,25,6370740684
3635,73645570,214050,73859620,6,0,0,55296,18,10619750959
3636,73651850,43904,73695754,1,0,0,512,29,9668444735
3637,73666660,119169,73785829,6,0,0,18944,18,6255160058
3638,73680761,298877,73979638,7,0,0,178176,25,1765119565
3639,73721491,3128,73724619,4,0,1,9216,14,7508054994
3640,73764460,23831,73788291,8,0,1,2560,22,7911128312
3641,73795970,197066,73993036,1,0,0,27136,29,5671713074
3642,73801820,104810,73906630,1,0,0,16896,29,2673673294
3643,73822690,99476,73922166,6,0,0,26624,18,7470301197
3644,73849680,10974,73860654,1,0,1,1024,29,2815822035
3645,73862830,192132,74054962,6,0,0,123392,18,7372665179
3646,73918740,160989,74079729,1,0,0,27648,29,9172400036
3647,73938730,208979,74147709,8,0,0,31744,22,10607985803
3648,74019530,38913,74058443,1,0,1,3584,29,7948014694
3649,74021080,192548,74213628,9,0,0,6656,26,6512524887
3650,74037930,124486,74162416,8,0,0,19456,22,10111239257
3651,74054621,9198,74063819,4,0,1,8192,14,8859612582
3652,74068130,47023,74115153,5,0,0,512,8,1724253225
3653,74090611,10241,74100852,4,0,1,16384,14,4239395114
3654,74090831,183827,74274658,7,0,0,21504,25,7254040140
3655,74124460,55970,74180430,1,0,0,2560,29,4033281062
3656,74127700,83885,74211585,9,0,0,12288,26,6944536023
3657,74177610,2835,74180445,3,0,1,2560,13,1192427291
3658,74250491,1994,74252485,5,0,1,2048,8,3861299344
3659,74263850,105248,74369098,9,0,0,45568,26,3757106664
3660,74283310,149792,74433102,6,0,0,31744,18,9266729126
3661,74284450,97106,74381556,1,0,0,13312,29,10223809412
3662,74299960,164964,74464924,8,0,0,66560,22,2705270954
3663,74300260,111424,74411684,6,0,0,3584,18,6633449098
3664,74300680,225368,74526048,9,0,0,107520,26,7677783580
3665,74325840,4374,74330214,1,0,1,4608,29,1834728196
3666,74459711,6723,74466434,4,0,1,1536,14,1201911139
3667,74511890,123663,74635553,6,0,0,19968,18,4091985779
3668,74599240,116071,74715311,8,0,0,53760,22,5325500747
3669,74634680,60742,74695422,9,0,0,4608,26,544648761
3670,74649230,69216,74718446,9,0,0,10240,26,7314230992
3671,74649630,7706,74657336,1,0,1,8192,29,9255101444
3672,74765370,64208,74829578,6,0,0,6656,18,10133943116
3673,74776220,2470,74778690,1,0,1,2560,29,3391065555
3674,74795980,1994,74797974,3,0,1,2048,13,5466902051
3675,74908830,105492,75014322,9,0,0,4608,26,9671627719
3676,74928040,119912,75047952,6,0,0,93696,18,10060167078
3677,74978031,3422,74981453,4,0,1,3584,14,777871466
3678,75010300,56528,75066828,8,0,0,6656,22,3793206810
3679,75018280,29687,75047967,1,0,1,3584,29,5641440533
3680,75026110,22432,75048542,1,0,1,512,29,686616528
3681,75040001,12981,75052982,4,0,1,5120,14,4096147215
3682,75074761,2946,75077707,4,0,1,3072,14,9529786472
3683,75074920,7314,75082234,1,0,1,15872,29,10490935347
3684,75110450,2946,75113396,1,0,1,3072,29,10092921550
3685,75244161,5802,75249963,4,0,1,6144,14,3782008295
3686,75259170,3387,75262557,1,0,1,9728,29,978189874
3687,75283231,58372,75341603,7,0,0,5120,25,8161319219
3688,75327730,148748,75476478,6,0,0,66560,18,5035423382
3689,75378320,60824,75439144,8,0,0,5632,22,7417708368
3690,75437720,183726,75621446,9,0,0,147456,26,9028994324
3691,75447970,1042,75449012,1,0,1,1024,29,8849602281
3692,75450931,25562,75476493,0,0,1,7168,29,6326949718
3693,75450970,25538,75476508,1,0,1,2560,29,501833214
3694,75469631,7911,75477542,4,0,1,1024,14,3938368350
3695,75497821,4374,75502195,4,0,1,4608,14,5571704211
3696,75501330,148574,75649904,9,0,0,17920,26,2799573018
3697,75507391,6278,75513669,4,0,1,6656,14,10429766122
3698,75511810,2845,75514655,2,0,1,1536,22,9380302698
3699,75515461,1518,75516979,0,0,1,1536,29,9904496484
3700,75585151,302403,75887554,7,0,0,95744,25,422001482
3701,75587631,37477,75625108,4,0,1,10240,14,10412208426
3702,75690700,4850,75695550,2,0,1,5120,22,10207358609
3703,75775840,3898,75779738,6,0,1,4096,18,6625408276
3704,75780160,2870,75783030,1,0,1,8704,29,4821624162
3705,75784281,155701,75939982,7,0,0,106496,25,7218699555
3706,75822311,78564,75900875,7,0,0,1024,25,6734797093
3707,75841481,4162,75845643,4,0,1,11264,14,1027891913
3708,75891291,3645,75894936,4,0,1,10240,14,7419235801
3709,75910950,130996,76041946,9,0,0,34816,26,2379107932
3710,75920911,22076,75942987,4,0,1,3072,14,10325653132
3711,75926490,25244,75951734,9,0,1,17408,26,5355481167
3712,75936691,164273,76100964,7,0,0,48640,25,7939332589
3713,75949180,120291,76069471,9,0,0,17920,26,3103617337
3714,75950710,3898,75954608,1,0,1,4096,29,1278030768
3715,75971270,2470,75973740,2,0,1,2560,22,4584439741
3716,75978240,3422,75981662,2,0,1,3584,22,6942847603
3717,75992530,145692,76138222,8,0,0,46080,22,7212379204
3718,76018790,5802,76024592,1,0,1,6144,29,6111893002
3719,76062430,160576,76223006,8,0,0,27648,22,5342786893
3720,76159250,102128,76261378,6,0,0,35328,18,2704339878
3721,76280980,2470,76283450,1,0,1,2560,29,9675322207
3722,76282960,836,76283796,2,0,1,512,22,10106895258
3723,76283860,55168,76339028,9,0,0,4608,26,4735080188
3724,76299610,63764,76363374,8,0,0,10240,22,541741880
3725,76350071,111488,76461559,7,0,0,66048,25,4629160961
3726,76358710,174208,76532918,9,0,0,66048,26,10181548850
3727,76380230,4374,76384604,1,0,1,4608,29,2123018327
3728,76385120,2946,76388066,1,0,1,3072,29,5874075048
3729,76444820,21105,76465925,1,0,1,4608,29,6605024756
3730,76473390,167964,76641354,6,0,0,63488,18,391744371
3731,76520361,77537,76597898,7,0,0,9216,25,9924488503
3732,76579000,62681,76641681,8,0,0,1024,22,6102898951
3733,76582820,252995,76835815,9,0,0,78336,26,8535860866
3734,76588021,3422,76591443,4,0,1,3584,14,10420066269
3735,76654830,5454,76660284,1,0,1,13824,29,8011995910
3736,76658330,95602,76753932,9,0,0,6144,26,4254312142
3737,76677290,5971,76683261,8,0,1,14848,22,893114343
3738,76781180,566,76781746,1,0,1,512,29,7042818322
3739,76782230,245600,77027830,9,0,0,67072,26,10025116374
3740,76903311,104060,77007371,7,0,0,35840,25,5845101335
3741,76964770,104161,77068931,8,0,0,13824,22,7852884843
3742,76993350,1042,76994392,2,0,1,1024,22,3469986700
3743,76999461,41411,77040872,4,0,1,22016,14,2610813787
3744,77012610,170378,77182988,6,0,0,16896,18,9049828450
3745,77027090,119274,77146364,8,0,0,2560,22,147006154
3746,77051690,3904,77055594,1,0,1,10752,29,7694656933
3747,77186540,95912,77282452,8,0,0,19968,22,9650204605
3748,77239510,97448,77336958,8,0,0,19968,22,6585853816
3749,77267150,95000,77362150,9,0,0,22016,26,6342830783
3750,77273730,103708,77377438,8,0,0,6656,22,9137562831
3751,77284230,108376,77392606,9,0,0,31232,26,8429576663
3752,77355831,109391,77465222,7,0,0,34816,25,9549462934
3753,77465720,566,77466286,6,0,1,512,18,928463773
3754,77501560,83624,77585184,9,0,0,19968,26,5455848590
3755,77523410,1042,77524452,6,0,1,1024,18,6511649586
3756,77569781,89167,77658948,7,0,0,12800,25,1164256938
3757,77635731,83156,77718887,7,0,0,18432,25,1291769609
3758,77683180,62245,77745425,6,0,0,3584,18,1339245843
3759,77694410,82539,77776949,9,0,0,11264,26,6570558714
3760,77723560,4679,77728239,3,0,1,12288,13,5590883173
3761,77746551,100880,77847431,7,0,0,31232,25,1499023986
3762,77773611,91538,77865149,7,0,0,14848,25,5305002940
3763,77790171,3898,77794069,4,0,1,4096,14,5826367291
3764,77801320,3422,77804742,6,0,1,3584,18,4916057500
3765,77802700,84281,77886981,6,0,0,11776,18,793633901
3766,77849731,15433,77865164,4,0,1,20480,14,2176698686
3767,77933171,5196,77938367,4,0,1,13312,14,7212061880
3768,77960730,115126,78075856,9,0,0,43008,26,1230493888
3769,77969830,81128,78050958,9,0,0,11776,26,4051254368
3770,77980020,57274,78037294,9,0,0,1024,26,6962377757
3771,78018530,143206,78161736,8,0,0,14848,22,486582394
3772,78030520,108056,78138576,8,0,0,54784,22,2806755404
3773,78034000,118327,78152327,6,0,0,45056,18,9322790621
3774,78035350,4374,78039724,6,0,1,4608,18,1925827923
3775,78056610,146172,78202782,6,0,0,26112,18,2913686767
3776,78123741,32919,78156660,4,0,1,4608,14,4649172482
3777,78160630,142010,78302640,6,0,0,120832,18,5203316598
3778,78197970,162096,78360066,3,0,0,28672,13,8975440425
3779,78244210,1994,78246204,6,0,1,2048,18,5829323296
3780,78266990,185324,78452314,8,0,0,19968,22,4826346025
3781,78286910,183359,78470269,9,0,0,58880,26,6279747642
3782,78327450,118765,78446215,8,0,0,18944,22,3146222074
3783,78334940,175288,78510228,8,0,0,41472,22,7351959098
3784,78335051,3898,78338949,0,0,1,4096,29,9442239497
3785,78349480,125016,78474496,9,0,0,13824,26,8435193019
3786,78379791,2946,78382737,4,0,1,3072,14,7013207570
3787,78399681,178449,78578130,7,0,0,36352,25,909593389
3788,78406330,119037,78525367,9,0,0,14336,26,5238864084
3789,78412680,100683,78513363,9,0,0,10240,26,10473765121
3790,78418751,145622,78564373,7,0,0,49664,25,10604214915
3791,78478531,3904,78482435,4,0,1,10752,14,4719465410
3792,78530771,1994,78532765,7,0,1,2048,25,4006647096
3793,78564680,114992,78679672,3,0,0,32256,13,6422970413
3794,78579341,6754,78586095,4,0,1,7168,14,5955348539
3795,78581520,7801,78589321,6,0,1,5120,18,3611208358
3796,78599790,5326,78605116,3,0,1,5632,13,208520175
3797,78601110,264879,78865989,6,0,0,111616,18,8811409223
3798,78634750,1994,78636744,6,0,1,2048,18,93197188
3799,78650460,175605,78826065,8,0,0,15872,22,9269982339
3800,78656350,5196,78661546,6,0,1,13312,18,272233566
3801,78759781,115279,78875060,7,0,0,29696,25,2355829816
3802,78775691,7230,78782921,4,0,1,7680,14,5118158628
3803,78813780,140752,78954532,8,0,0,35328,22,410160028
3804,78838150,37485,78875635,6,0,1,512,18,5477074110
3805,78855470,22625,78878095,6,0,1,8704,18,8311459912
3806,78862500,69898,78932398,8,0,0,8192,22,6969832309
3807,78913290,4679,78917969,6,0,1,12288,18,5952236961
3808,78952180,7281,78959461,6,0,1,12800,18,4671984104
3809,79114890,3422,79118312,9,0,1,3584,26,8584356459
3810,79126931,64208,79191139,7,0,0,6656,25,3145668113
3811,79137910,5802,79143712,9,0,1,6144,26,2736608077
3812,79170480,10241,79180721,6,0,1,16384,18,5674056141
3813,79191020,149571,79340591,6,0,0,83456,18,4635055981
3814,79209640,174987,79384627,6,0,0,15360,18,6059516300
3815,79211420,187689,79399109,8,0,0,42496,22,7761087654
3816,79254610,173389,79427999,6,0,0,79872,18,4092902154
3817,79264691,138957,79403648,7,0,0,14848,25,1922419433
3818,79284040,160174,79444214,9,0,0,27136,26,3452164161
3819,79285030,210364,79495394,3,0,0,33792,13,6691828784
3820,79296650,1042,79297692,3,0,1,1024,13,4877660338
3821,79307420,223218,79530638,6,0,0,1024,18,265482448
3822,79323730,21227,79344957,9,0,1,4608,26,9142167792
3823,79346370,99749,79446119,3,0,0,4096,13,3384377356
3824,79346711,1994,79348705,4,0,1,2048,14,7559333661
3825,79352130,76056,79428186,8,0,0,512,22,3461177824
3826,79401750,28915,79430665,9,0,1,2560,26,1231361815
3827,79408170,23801,79431971,3,0,1,2048,13,9260003997
3828,79415491,16826,79432317,4,0,1,512,14,10205081627
3829,79420150,14113,79434263,9,0,1,3072,26,5506978534
3830,79440520,55060,79495580,8,0,0,512,22,835981263
3831,79478401,17008,79495409,4,0,1,8192,14,3590747779
3832,79560631,45596,79606227,7,0,0,1024,25,8266779742
3833,79580030,4420,79584450,6,0,1,11776,18,10180246
3834,79605560,163508,79769068,6,0,0,60928,18,8261739648
3835,79640841,3898,79644739,4,0,1,4096,14,8108596701
3836,79661610,4374,79665984,3,0,1,4608,13,1691510004
3837,79664060,222485,79886545,6,0,0,22016,18,624361866
3838,79669180,210626,79879806,6,0,0,110592,18,748272971
3839,79679450,99418,79778868,8,0,0,9728,22,7767145204
3840,79695681,5326,79701007,4,0,1,5632,14,4060451966
3841,79712100,5326,79717426,9,0,1,5632,26,1981542000
3842,79727980,5802,79733782,3,0,1,6144,13,5248447920
3843,79777951,1951,79779902,7,0,1,1024,25,5660197306
3844,79802580,88858,79891438,3,0,0,9728,13,8125322183
3845,79833900,7230,79841130,3,0,1,7680,13,200883989
3846,79861451,30002,79891453,4,0,1,2048,14,5691156241
3847,79866430,25548,79891978,9,0,1,5120,26,1091173469
3848,79907800,3898,79911698,9,0,1,4096,26,6903929362
3849,79960711,6278,79966989,4,0,1,6656,14,2352371698
3850,79991920,43904,80035824,6,0,0,512,18,4120416920
3851,80046380,105092,80151472,3,0,0,45056,13,9272018058
3852,80090060,108293,80198353,3,0,0,3072,13,6086453196
3853,80090690,106712,80197402,8,0,0,38400,22,2287124319
3854,80117291,91949,80209240,7,0,0,512,25,984007305
3855,80151761,79325,80231086,7,0,0,512,25,1974576030
3856,80167670,119480,80287150,6,0,0,33280,18,7807360164
3857,80237270,1518,80238788,3,0,1,1536,13,2207456651
3858,80252830,100724,80353554,8,0,0,30720,22,2138483767
3859,80269950,3898,80273848,3,0,1,4096,13,10680733853
3860,80283770,140002,80423772,3,0,0,28160,13,7550849226
3861,80352161,45289,80397450,7,0,0,512,25,7864356401
3862,80380950,128352,80509302,6,0,0,80896,18,7698687853
3863,80469490,116752,80586242,6,0,0,74240,18,2631287392
3864,80492960,23581,80516541,2,0,1,7680,22,4893489936
3865,80500590,17577,80518167,3,0,1,2560,13,8240675771
3866,80580160,6640,80586800,8,0,1,512,22,3419319210
3867,80608310,184896,80793206,6,0,0,86528,18,2433667190
3868,80611681,45596,80657277,7,0,0,1024,25,8723639126
3869,80632370,7230,80639600,3,0,1,7680,13,5300514149
3870,80641690,172788,80814478,3,0,0,54784,13,2609797676
3871,80643280,154169,80797449,8,0,0,13824,22,5257326189
3872,80647830,72668,80720498,8,0,0,9216,22,234991305
3873,80685151,160909,80846060,7,0,0,512,25,10515714151
3874,80713930,6583,80720513,2,0,1,4096,22,8864935374
3875,80714281,105507,80819788,7,0,0,512,25,8634318191
3876,80738841,1042,80739883,4,0,1,1024,14,6778884244
3877,80746721,67943,80814664,7,0,0,512,25,108178598
3878,80769990,44503,80814493,2,0,1,22016,22,4044719367
3879,80771621,65506,80837127,7,0,0,512,25,2233608061
3880,80907980,59132,80967112,6,0,0,5120,18,3093986987
3881,80920211,2470,80922681,0,0,1,2560,29,5074153365
3882,81009470,2470,81011940,8,0,1,2560,22,6174213457
3883,81030240,5712,81035952,3,0,1,14336,13,4673557483
3884,81096411,43904,81140315,7,0,0,512,25,2546341310
3885,81121030,7230,81128260,3,0,1,7680,13,6056841861
3886,81128830,6278,81135108,8,0,1,6656,22,8433457785
3887,81237780,52364,81290144,6,0,0,3072,18,3500892425
3888,81243251,5971,81249222,0,0,1,14848,29,4943183327
3889,81268840,3898,81272738,3,0,1,4096,13,3055710954
3890,81287421,1042,81288463,0,0,1,1024,29,140165448
3891,81318431,1994,81320425,0,0,1,2048,29,1942216428
3892,81321510,11016,81332526,3,0,1,17920,13,6389782209
3893,81351870,566,81352436,9,0,1,512,26,9728530749
3894,81356870,1994,81358864,3,0,1,2048,13,6329589398
3895,81367710,4420,81372130,3,0,1,11776,13,7128905553
3896,81376880,133050,81509930,6,0,0,6144,18,9416231119
3897,81385010,6754,81391764,2,0,1,7168,22,4881743898
3898,81387580,5490,81393070,8,0,1,2048,22,6969251658
3899,81399370,104256,81503626,6,0,0,15872,18,10714505231
3900,81403140,1994,81405134,8,0,1,2048,22,4313510471
3901,81404270,1210,81405480,8,0,1,512,22,5898213225
3902,81488360,208033,81696393,3,0,0,135168,13,1866627937
3903,81508100,118705,81626805,3,0,0,68096,13,8704205514
3904,81513970,10757,81524727,3,0,1,17408,13,2190355016
3905,81521261,4132,81525393,0,0,1,1024,29,2689450241
3906,81522490,6769,81529259,9,0,1,6144,26,3339765221
3907,81547830,3422,81551252,8,0,1,3584,22,1817021439
3908,81568360,566,81568926,9,0,1,512,26,7096614491
3909,81586100,3422,81589522,2,0,1,3584,22,3717297740
3910,81620330,90876,81711206,3,0,0,5632,13,3040084063
3911,81625050,9478,81634528,2,0,1,8192,22,10548703462
3912,81686070,130442,81816512,6,0,0,512,18,9266404343
3913,81698070,7230,81705300,9,0,1,7680,26,4313488813
3914,81701190,5712,81706902,8,0,1,14336,22,5628911779
3915,81729740,5326,81735066,3,0,1,5632,13,7975039492
3916,81732450,225337,81957787,9,0,0,19968,26,1887289251
3917,81743771,1994,81745765,5,0,1,2048,8,9672274307
3918,81791870,1042,81792912,9,0,1,1024,26,3046093128
3919,81812770,5802,81818572,9,0,1,6144,26,7402511158
3920,81820550,6754,81827304,8,0,1,7168,22,10294123170
3921,81844780,1994,81846774,2,0,1,2048,22,742771700
3922,81849460,114447,81963907,6,0,0,14848,18,8982133943
3923,81859000,1518,81860518,3,0,1,1536,13,6935242795
3924,81876320,249896,82126216,6,0,0,41472,18,8389699628
3925,81890810,1518,81892328,3,0,1,1536,13,5400821463
3926,81895700,217865,82113565,9,0,0,134656,26,1003357696
3927,81896810,3898,81900708,9,0,1,4096,26,6212518628
3928,81904700,7230,81911930,8,0,1,7680,22,2601268930
3929,81908451,3825,81912276,5,0,1,512,8,6204379172
3930,81921391,205152,82126543,7,0,0,1024,25,462020109
3931,81922800,80431,82003231,6,0,0,512,18,5985653931
3932,81934191,6754,81940945,5,0,1,7168,8,4995214207
3933,81943201,1994,81945195,0,0,1,2048,29,4218127708
3934,81945621,4374,81949995,5,0,1,4608,8,4681543533
3935,81953640,183388,82137028,1,0,0,11264,29,3507636560
3936,81959351,18115,81977466,5,0,1,23040,8,7599653121
3937,81966511,12901,81979412,0,0,1,3072,29,7499006042
3938,81967850,14148,81981998,2,0,1,4096,22,8599665798
3939,81982040,4420,81986460,9,0,1,11776,26,78949298
3940,81986150,2870,81989020,2,0,1,8704,22,2431806135
3941,81999430,566,81999996,9,0,1,512,26,2182843217
3942,82013270,294510,82307780,6,0,0,162816,18,3497995914
3943,82022970,5326,82028296,8,0,1,5632,22,4960284881
3944,82026410,2552,82028962,9,0,1,1024,26,7044802732
3945,82065091,146150,82211241,7,0,0,512,25,4466934051
3946,82107090,211469,82318559,8,0,0,35328,22,4933633640
3947,82111780,17950,82129730,2,0,1,9216,22,6520164017
3948,82113630,18726,82132356,2,0,1,3072,22,5136775393
3949,82119940,17103,82137043,3,0,1,2048,13,3000932047
3950,82158630,11533,82170163,8,0,1,18944,22,8247030716
3951,82246430,2946,82249376,9,0,1,3072,26,4127472705
3952,82295841,27084,82322925,0,0,1,4608,29,7441385079
3953,82319761,5430,82325191,5,0,1,3584,8,1638023551
3954,82325370,6278,82331648,2,0,1,6656,22,8877520973
3955,82345620,110552,82456172,1,0,0,62976,29,8579488884
3956,82362261,1042,82363303,0,0,1,1024,29,5874891049
3957,82364511,13253,82377764,5,0,1,25600,8,7063511258
3958,82385420,2946,82388366,2,0,1,3072,22,5206894389
3959,82391210,6754,82397964,9,0,1,7168,26,8989787041
3960,82402450,1518,82403968,2,0,1,1536,22,3683165972
3961,82418210,162325,82580535,8,0,0,83456,22,2361863230
3962,82456260,566,82456826,8,0,1,512,22,2222672067
3963,82464291,2946,82467237,7,0,1,3072,25,5463871161
3964,82473941,5326,82479267,5,0,1,5632,8,7342791528
3965,82508911,2870,82511781,7,0,1,8704,25,3241425074
3966,82538230,3387,82541617,2,0,1,9728,22,1073612136
3967,82548201,52582,82600783,7,0,0,512,25,8681440235
3968,82554490,566,82555056,8,0,1,512,22,9495952810
3969,82627330,83199,82710529,1,0,0,7168,29,10441528750
3970,82637601,4374,82641975,5,0,1,4608,8,10315059271
3971,82643381,1042,82644423,7,0,1,1024,25,937506440
3972,82698270,160976,82859246,6,0,0,68096,18,1692638770
3973,82723130,4162,82727292,3,0,1,11264,13,5789178400
3974,82788880,98836,82887716,3,0,0,21504,13,2548380894
3975,82789611,566,82790177,7,0,1,512,25,2666366883
3976,82789640,71033,82860673,6,0,0,4608,18,5700822130
3977,82801880,7706,82809586,2,0,1,8192,22,10736662197
3978,82802810,7237,82810047,2,0,1,10240,22,2554798972
3979,82815771,5802,82821573,5,0,1,6144,8,8139488723
3980,82822150,243346,83065496,6,0,0,30720,18,7763559223
3981,82844100,17649,82861749,2,0,1,1024,22,9615503577
3982,82847370,15045,82862415,8,0,1,1024,22,9580922968
3983,82848710,130051,82978761,1,0,0,19456,29,4066075106
3984,82857780,8877,82866657,2,0,1,5632,22,5929861790
3985,82882121,10930,82893051,7,0,1,5632,25,1760314746
3986,82883910,13967,82897877,8,0,1,7680,22,1971844400
3987,82900981,7706,82908687,7,0,1,8192,25,2999944898
3988,82920041,4374,82924415,5,0,1,4608,8,10253162835
3989,82934950,171844,83106794,9,0,0,58880,26,9818581344
3990,82957881,6278,82964159,5,0,1,6656,8,9920374472
3991,83027141,2470,83029611,7,0,1,2560,25,5343741421
3992,83059921,8989,83068910,7,0,1,3584,25,8491146833
3993,83086970,19839,83106809,2,0,1,2048,22,7701360308
3994,83130610,182265,83312875,3,0,0,86016,13,6657678546
3995,83156431,90773,83247204,7,0,0,1024,25,8725291122
3996,83181961,473562,83655523,7,0,0,9728,25,3736648127
3997,83183391,137939,83321330,7,0,0,27648,25,7116442050
3998,83197640,254733,83452373,8,0,0,10240,22,7368782779
3999,83201060,158116,83359176,8,0,0,18432,22,1902027443
4000,83210470,111039,83321509,9,0,0,512,26,2494744077
4001,83211880,358569,83570449,8,0,0,54272,22,525376674
4002,83237290,311190,83548480,6,0,0,55808,18,8758740966
4003,83255970,193260,83449230,6,0,0,86016,18,4730313038
4004,83288200,35262,83323462,2,0,1,2048,22,826515981
4005,83293581,33361,83326942,5,0,1,5120,8,6562093358
4006,83305700,225761,83531461,3,0,0,92672,13,4171294828
4007,83357631,2103,83359734,7,0,1,512,25,9863384606
4008,83399911,2946,83402857,7,0,1,3072,25,10309837695
4009,83421090,221005,83642095,9,0,0,61440,26,6588075691
4010,83429540,148895,83578435,3,0,0,26112,13,1487570295
4011,83449170,273849,83723019,1,0,0,15872,29,6965041344
4012,83470111,116007,83586118,7,0,0,25088,25,8764815176
4013,83524420,236013,83760433,8,0,0,35328,22,8357399495
4014,83544401,26063,83570464,7,0,1,7680,25,4232650757
4015,83560741,220032,83780773,7,0,0,16384,25,3090895310
4016,83568721,149439,83718160,7,0,0,48128,25,4698600782
4017,83570561,21487,83592048,7,0,1,14848,25,2490269533
4018,83604901,91105,83696006,7,0,0,9216,25,7834373700
4019,83641380,161848,83803228,6,0,0,27648,18,9171677307
4020,83708540,164774,83873314,1,0,0,29696,29,10066890096
4021,83736711,566,83737277,7,0,1,512,25,9957451590
4022,83742440,18008,83760448,2,0,1,8192,22,5238600374
4023,83773600,1994,83775594,2,0,1,2048,22,9376599672
4024,83781521,68507,83850028,7,0,0,2560,25,2926240690
4025,83810970,78056,83889026,6,0,0,11776,18,5536236617
4026,83830370,217945,84048315,8,0,0,29184,22,2270345606
4027,83832730,206678,84039408,6,0,0,48640,18,4668326415
4028,83832850,181404,84014254,3,0,0,66560,13,2925128260
4029,83843000,181565,84024565,8,0,0,33792,22,634618302
4030,83886550,277449,84163999,6,0,0,54784,18,4969504649
4031,83895510,240641,84136151,6,0,0,77824,18,6364482765
4032,83895911,2870,83898781,7,0,1,8704,25,9015285031
4033,83906820,157571,84064391,9,0,0,20992,26,6866602068
4034,83923211,2946,83926157,7,0,1,3072,25,1950323751
4035,83942370,1518,83943888,6,0,1,1536,18,2797465418
4036,83961740,3387,83965127,6,0,1,9728,18,7556479433
4037,83997041,57035,84054076,7,0,1,6144,25,5659798551
4038,84048010,6732,84054742,6,0,1,1024,18,916594575
4039,84048240,91514,84139754,9,0,0,11776,26,9520437922
4040,84064580,82712,84147292,1,0,0,22016,29,2953720074
4041,84084951,123504,84208455,7,0,0,512,25,9181137491
4042,84108120,207287,84315407,1,0,0,2560,29,3843816641
4043,84132710,105576,84238286,9,0,0,23552,26,9976715186
4044,84170250,123202,84293452,6,0,0,8192,18,1824280214
4045,84173471,64986,84238457,7,0,0,512,25,1804440575
4046,84188840,125772,84314612,3,0,0,46080,13,3723152795
4047,84189220,6278,84195498,2,0,1,6656,22,8536650205
4048,84196460,5326,84201786,6,0,1,5632,18,6609391213
4049,84222260,5802,84228062,6,0,1,6144,18,3601328838
4050,84333480,93440,84426920,6,0,0,16896,18,8942990814
4051,84347130,93410,84440540,1,0,0,6144,29,9868563697
4052,84403421,3387,84406808,7,0,1,9728,25,3042156209
4053,84437810,106340,84544150,8,0,0,49152,22,3697115380
4054,84453130,566,84453696,2,0,1,512,22,9928407633
4055,84512921,2470,84515391,7,0,1,2560,25,6123715463
4056,84577290,10757,84588047,2,0,1,17408,22,8962344471
4057,84588940,97303,84686243,1,0,0,18944,29,6857632927
4058,84623780,5802,84629582,2,0,1,6144,22,8893936564
4059,84641270,202873,84844143,3,0,0,82944,13,3608710921
4060,84641561,2470,84644031,7,0,1,2560,25,4555883035
4061,84645920,2946,84648866,1,0,1,3072,29,2660232899
4062,84695820,4850,84700670,6,0,1,5120,18,2303890456
4063,84710100,5802,84715902,2,0,1,6144,22,787510899
4064,84713590,152104,84865694,6,0,0,70656,18,6485082931
4065,84737461,79579,84817040,7,0,0,2048,25,6038985433
4066,84748570,198316,84946886,9,0,0,38912,26,5054411190
4067,84757531,1518,84759049,7,0,1,1536,25,3963603238
4068,84773560,133135,84906695,8,0,0,5120,22,3592891811
4069,84788370,116742,84905112,9,0,0,36352,26,5279223981
4070,84799380,117779,84917159,1,0,0,18944,29,5262207556
4071,84805720,5326,84811046,6,0,1,5632,18,8916279469
4072,84825810,209714,85035524,8,0,0,21504,22,237105877
4073,84841720,110125,84951845,8,0,0,5632,22,10303763259
4074,84850340,19269,84869609,2,0,1,4096,22,4314294735
4075,84877681,127213,85004894,7,0,0,512,25,2584462690
4076,84879181,82927,84962108,7,0,0,2048,25,10632743369
4077,84881331,1042,84882373,7,0,1,1024,25,7877416165
4078,84894151,58021,84952172,7,0,0,1024,25,3667026038
4079,84962110,243640,85205750,3,0,0,185856,13,7361611208
4080,85039620,2470,85042090,6,0,1,2560,18,2322720451
4081,85056340,1042,85057382,6,0,1,1024,18,10717420486
4082,85073751,13083,85086834,5,0,1,22016,8,5851905434
4083,85117790,199619,85317409,3,0,0,62976,13,8526226856
4084,85172440,225733,85398173,9,0,0,26112,26,1702809968
4085,85201250,17858,85219108,6,0,1,22528,18,2553458903
4086,85207030,14664,85221694,2,0,1,4096,22,7602432004
4087,85210600,297990,85508590,9,0,0,109056,26,8743120791
4088,85218610,4070,85222680,2,0,1,1536,22,4611217159
4089,85232650,172870,85405520,6,0,0,24064,18,557319386
4090,85265070,1518,85266588,1,0,1,1536,29,744522015
4091,85271720,1994,85273714,6,0,1,2048,18,4386468467
4092,85284611,1994,85286605,4,0,1,2048,14,2831253934
4093,85300431,24693,85325124,7,0,1,8192,25,10216394752
4094,85314180,12570,85326750,1,0,1,2560,29,4188130126
4095,85327440,222094,85549534,8,0,0,27136,22,9526602022
4096,85356220,86852,85443072,8,0,0,20480,22,2277721990
4097,85383830,2946,85386776,6,0,1,3072,18,4877983754
4098,85396340,11642,85407982,2,0,1,2560,22,8370123818
4099,85412130,4162,85416292,2,0,1,11264,22,1108623298
4100,85422490,3904,85426394,6,0,1,10752,18,6938159526
4101,85427701,203805,85631506,7,0,0,1536,25,7182100898
4102,85430811,86712,85517523,7,0,0,5120,25,9512632745
4103,85439301,8154,85447455,4,0,1,4608,14,7145644842
4104,85441000,111045,85552045,3,0,0,8192,13,10393629792
4105,85452051,4374,85456425,4,0,1,4608,14,6886183104
4106,85462280,168743,85631023,9,0,0,114176,26,2021441880
4107,85519451,2946,85522397,4,0,1,3072,14,8907563418
4108,85526700,250892,85777592,6,0,0,48128,18,8494580061
4109,85550340,3691,85554031,6,0,1,2048,18,10346177253
4110,85565470,67470,85632940,8,0,0,4096,22,10159291276
4111,85565971,65706,85631677,7,0,0,512,25,4056039192
4112,85638340,96828,85735168,3,0,0,10240,13,5483542084
4113,85643520,253531,85897051,3,0,0,50176,13,8783657738
4114,85680640,152097,85832737,8,0,0,67072,22,9932591918
4115,85702280,4937,85707217,6,0,1,12800,18,10150026541
4116,85746230,219257,85965487,3,0,0,20480,13,8706028357
4117,85782300,1042,85783342,6,0,1,1024,18,7272245717
4118,85793450,126392,85919842,8,0,0,74752,22,9785812112
4119,85841370,156592,85997962,6,0,0,71680,18,8041459113
4120,85901280,159724,86061004,3,0,0,45568,13,593475405
4121,85929630,3898,85933528,1,0,1,4096,29,2248256736
4122,85960521,53938,86014459,7,0,0,2048,25,7846523609
4123,86061310,3898,86065208,1,0,1,4096,29,792564271
4124,86067340,109148,86176488,3,0,0,58368,13,2430352281
4125,86100800,3904,86104704,1,0,1,10752,29,9153041792
4126,86130030,4162,86134192,1,0,1,11264,29,7417245615
4127,86142940,142821,86285761,3,0,0,45568,13,3969913631
4128,86188930,99867,86288797,6,0,0,5120,18,1042331459
4129,86195400,119887,86315287,6,0,0,45568,18,260552141
4130,86229340,177232,86406572,8,0,0,17920,22,2160891129
4131,86262570,158119,86420689,8,0,0,12288,22,1385846600
4132,86270350,123927,86394277,3,0,0,46592,13,9228041482
4133,86318790,187330,86506120,3,0,0,81920,13,7149228354
4134,86329550,225137,86554687,8,0,0,82944,22,8728676034
4135,86348490,266575,86615065,9,0,0,12800,26,6969454151
4136,86390760,202207,86592967,3,0,0,12800,13,3790775885
4137,86469280,119757,86589037,6,0,0,93184,18,5243681385
4138,86516100,265200,86781300,6,0,0,101888,18,8084548591
4139,86529450,264360,86793810,3,0,0,38912,13,9498994491
4140,86551600,177255,86728855,6,0,0,32256,18,6898456644
4141,86560581,28471,86589052,4,0,1,3584,14,6226099020
4142,86664431,69134,86733565,7,0,0,1536,25,4369670629
4143,86674360,107579,86781939,8,0,0,2048,22,10308716787
4144,86849340,49292,86898632,9,0,0,3072,26,5527299036
4145,86859900,104468,86964368,3,0,0,43008,13,7485453717
4146,86944721,43904,86988625,7,0,0,512,25,7593666683
4147,86965390,74672,87040062,6,0,0,10752,18,6782271146
4148,86975400,6278,86981678,3,0,1,6656,13,9558737913
4149,86986941,53448,87040389,7,0,0,1024,25,9585680518
4150,87032750,99788,87132538,9,0,0,27648,26,414428656
4151,87143900,140766,87284666,3,0,0,123392,13,10131011560
4152,87155230,1518,87156748,3,0,1,1536,13,8244230399
4153,87170640,149350,87319990,6,0,0,45056,18,5035656156
4154,87186490,190314,87376804,8,0,0,33792,22,1867926790
4155,87285811,2470,87288281,0,0,1,2560,29,7204895503
4156,87335711,43904,87379615,7,0,0,512,25,134203575
4157,87365180,566,87365746,3,0,1,512,13,9593360769
4158,87367960,14548,87382508,2,0,1,14336,22,7116097765
4159,87390990,2470,87393460,3,0,1,2560,13,2718008685
4160,87532050,81128,87613178,9,0,0,11776,26,299554435
4161,87548530,86228,87634758,8,0,0,18432,22,901527061
4162,87581940,3898,87585838,3,0,1,4096,13,10716003333
4163,87672690,3898,87676588,3,0,1,4096,13,9464419907
4164,87683770,50672,87734442,9,0,0,2560,26,9159935284
4165,87728010,103376,87831386,3,0,0,39424,13,1114371485
4166,87739870,134164,87874034,3,0,0,28160,13,7582730911
4167,87885500,1994,87887494,1,0,1,2048,29,7509525048
4168,87925020,1042,87926062,2,0,1,1024,22,9627749669
4169,87942100,1994,87944094,2,0,1,2048,22,2380690940
4170,87957740,190795,88148535,9,0,0,21504,26,879300668
4171,88092730,132443,88225173,6,0,0,45056,18,9627273015
4172,88109380,566,88109946,2,0,1,512,22,440848099
4173,88111820,5326,88117146,2,0,1,5632,22,2299461217
4174,88122410,146777,88269187,8,0,0,27648,22,8778147887
4175,88145210,7215,88152425,1,0,1,4096,29,2488453049
4176,88161740,99008,88260748,3,0,0,25088,13,10158192795
4177,88193030,1518,88194548,1,0,1,1536,29,4242693003
4178,88209410,15778,88225188,2,0,1,4608,22,2174831131
4179,88280520,3898,88284418,1,0,1,4096,29,10353473740
4180,88328700,1518,88330218,2,0,1,1536,22,6059060317
4181,88480250,93752,88574002,3,0,0,17920,13,4022152864
4182,88549350,82844,88632194,6,0,0,17408,18,3430996564
4183,88551610,2470,88554080,1,0,1,2560,29,2365519202
4184,88552020,113935,88665955,8,0,0,72704,22,296198814
4185,88570570,17711,88588281,1,0,1,27648,29,1630557337
4186,88597180,3422,88600602,1,0,1,3584,29,3105434540
4187,88637780,566,88638346,2,0,1,512,22,2748855575
4188,88663241,6128,88669369,7,0,1,3584,25,5177561768
4189,88700090,196841,88896931,8,0,0,65536,22,3758696280
4190,88710990,227605,88938595,9,0,0,40960,26,4636369523
4191,88730850,189160,88920010,6,0,0,16384,18,42311420
4192,88739560,129300,88868860,3,0,0,56320,13,2646127093
4193,88755330,293614,89048944,6,0,0,55296,18,2682098686
4194,88763161,134409,88897570,7,0,0,2048,25,10307604517
4195,88773030,136360,88909390,3,0,0,11776,13,2343452478
4196,88826511,43904,88870415,7,0,0,512,25,3061745348
4197,88850360,358081,89208441,3,0,0,61952,13,8432116477
4198,88865010,128699,88993709,9,0,0,33792,26,8922839257
4199,88927140,217548,89144688,9,0,0,30720,26,2359452390
4200,88945560,2946,88948506,1,0,1,3072,29,1600643819
4201,88973850,275037,89248887,6,0,0,23552,18,8976613126
4202,89010650,78490,89089140,8,0,0,9728,22,4144220676
4203,89044990,144552,89189542,9,0,0,44544,26,5758439331
4204,89063750,295141,89358891,9,0,0,12800,26,2834487993
4205,89077410,164286,89241696,8,0,0,33280,22,8021892461
4206,89098890,566,89099456,2,0,1,512,22,8083870005
4207,89112290,242686,89354976,3,0,0,148992,13,4295906346
4208,89112770,5802,89118572,2,0,1,6144,22,9476850763
4209,89135510,240868,89376378,3,0,0,57344,13,9001712758
4210,89149100,5802,89154902,1,0,1,6144,29,8138986046
4211,89176250,33668,89209918,2,0,1,1536,22,2377591391
4212,89192211,184338,89376549,7,0,0,512,25,9046149195
4213,89231330,188026,89419356,3,0,0,105984,13,8072268037
4214,89257831,161696,89419527,7,0,0,512,25,2842875858
4215,89444690,3898,89448588,1,0,1,4096,29,3761333738
4216,89460390,115302,89575692,6,0,0,54272,18,6314920771
4217,89503390,3422,89506812,1,0,1,3584,29,5617067414
4218,89549540,88232,89637772,9,0,0,19968,26,2763199058
4219,89574190,99098,89673288,3,0,0,20480,13,738468571
4220,89590810,566,89591376,6,0,1,512,18,4935786700
4221,89646690,3387,89650077,6,0,1,9728,18,9926421754
4222,89677360,4850,89682210,2,0,1,5120,22,8307424436
4223,89696720,76076,89772796,6,0,0,15360,18,8611400809
4224,89748681,54379,89803060,7,0,0,1536,25,10441691140
4225,89872060,2870,89874930,2,0,1,8704,22,5833658072
4226,89901210,5454,89906664,1,0,1,13824,29,4770048947
4227,89930890,1994,89932884,1,0,1,2048,29,4369983612
4228,89931800,48546,89980346,6,0,0,1536,18,4728090080
4229,89993280,104780,90098060,8,0,0,44032,22,4906768952
4230,89997790,152542,90150332,8,0,0,54272,22,6676302904
4231,90014511,145546,90160057,7,0,0,2048,25,7478232379
4232,90024240,223090,90247330,8,0,0,101376,22,2241241160
4233,90047680,2470,90050150,2,0,1,2560,22,3375211470
4234,90049130,110280,90159410,6,0,0,29696,18,3411749097
4235,90050150,254098,90304248,8,0,0,28160,22,6952801534
4236,90104280,209343,90313623,3,0,0,30720,13,5403540550
4237,90108830,226698,90335528,3,0,0,47616,13,7917748880
4238,90129590,20757,90150347,1,0,1,6144,29,5543856296
4239,90153990,12514,90166504,1,0,1,15872,29,2305756562
4240,90167440,323441,90490881,9,0,0,147968,26,1569844134
4241,90169960,434964,90604924,8,0,0,111616,22,6137644019
4242,90183680,212748,90396428,6,0,0,78336,18,1652609318
4243,90225170,27365,90252535,1,0,1,13312,29,5138832238
4244,90238210,175960,90414170,8,0,0,7168,22,4465616626
4245,90265780,237159,90502939,8,0,0,24064,22,6410306468
4246,90280040,1994,90282034,2,0,1,2048,22,5582724286
4247,90281700,213876,90495576,9,0,0,15360,26,9343843782
4248,90318160,17383,90335543,3,0,1,18432,13,308199351
4249,90333200,4805,90338005,2,0,1,2560,22,7616032077
4250,90354800,161910,90516710,3,0,0,26112,13,2255823134
4251,90420220,1518,90421738,9,0,1,1536,26,1851511158
4252,90424410,142217,90566627,6,0,0,10240,18,7017434567
4253,90472390,33378,90505768,2,0,1,8704,22,7461795972
4254,90474260,173451,90647711,9,0,0,12800,26,3679410325
4255,90512530,7611,90520141,8,0,1,3584,22,6994573160
4256,90513000,161718,90674718,6,0,0,83456,18,1742052086
4257,90518670,3645,90522315,2,0,1,10240,22,8389817898
4258,90528400,78419,90606819,8,0,0,6144,22,7083759863
4259,90542770,167972,90710742,3,0,0,35328,13,746216688
4260,90564450,3687,90568137,3,0,1,1536,13,2379954432
4261,90579320,220149,90799469,8,0,0,36352,22,7022849914
4262,90593540,168026,90761566,6,0,0,17408,18,1071745482
4263,90598780,186798,90785578,9,0,0,60928,26,8887454484
4264,90603040,91814,90694854,9,0,0,6144,26,2856962778
4265,90707310,5418,90712728,2,0,1,2048,22,216680930
4266,90711250,4064,90715314,2,0,1,4096,22,8758224995
4267,90787871,44370,90832241,7,0,0,512,25,4401430221
4268,90806060,566,90806626,2,0,1,512,22,1774169272
4269,90852881,103688,90956569,7,0,0,40448,25,7841100025
4270,90853190,110570,90963760,8,0,0,23552,22,10509523295
4271,90892420,190611,91083031,3,0,0,76288,13,2686551688
4272,90904970,115289,91020259,3,0,0,21504,13,7811690491
4273,90943280,20495,90963775,2,0,1,6656,22,5576695084
4274,90959750,187751,91147501,8,0,0,59904,22,4900220914
4275,90984610,98748,91083358,8,0,0,1024,22,5154711649
4276,91021581,5802,91027383,5,0,1,6144,8,5087043634
4277,91055840,115856,91171696,9,0,0,79360,26,3231015509
4278,91070420,156986,91227406,8,0,0,30208,22,5824538285
4279,91170370,4963,91175333,8,0,1,10240,22,10498948726
4280,91229130,108992,91338122,9,0,0,57856,26,856768397
4281,91256501,2470,91258971,5,0,1,2560,8,315829200
4282,91283650,150904,91434554,9,0,0,1536,26,6541911997
4283,91306451,3898,91310349,5,0,1,4096,8,1410590043
4284,91333740,196370,91530110,3,0,0,168960,13,1021560328
4285,91341950,189267,91531217,9,0,0,3584,26,4166736170
4286,91348440,229904,91578344,8,0,0,64000,22,1681549851
4287,91379440,264310,91643750,8,0,0,50688,22,623587549
4288,91467460,132592,91600052,8,0,0,27136,22,835925072
4289,91540100,65900,91606000,8,0,0,7168,22,800347085
4290,91541800,127558,91669358,8,0,0,26624,22,2828021332
4291,91555930,150091,91706021,9,0,0,19456,26,850506179
4292,91592250,9788,91602038,1,0,1,2048,29,3393743315
4293,91601210,57402,91658612,6,0,0,2560,18,7066144818
4294,91603920,7784,91611704,8,0,1,14336,22,9981185518
4295,91609580,132798,91742378,3,0,0,39424,13,8801706462
4296,91615600,92722,91708322,6,0,0,1024,18,1079210281
4297,91635290,10922,91646212,8,0,1,2560,22,19759130
4298,91677350,3422,91680772,9,0,1,3584,26,7180105912
4299,91759141,4374,91763515,4,0,1,4608,14,4469466816
4300,91763500,67623,91831123,8,0,0,12800,22,1448676917
4301,91880350,1042,91881392,3,0,1,1024,13,849691581
4302,91891460,3898,91895358,3,0,1,4096,13,4525074712
4303,91907180,1518,91908698,3,0,1,1536,13,7197150558
4304,91949670,63452,92013122,9,0,0,9216,26,8622607478
4305,91954300,155649,92109949,9,0,0,41472,26,4133900655
4306,91966300,1994,91968294,8,0,1,2048,22,2138030690
4307,91980360,4850,91985210,9,0,1,5120,26,1538414208
4308,91995660,4850,92000510,9,0,1,5120,26,8583727588
4309,92007980,171463,92179443,6,0,0,42496,18,7335545875
4310,92017670,566,92018236,8,0,1,512,22,62249782
4311,92027380,10499,92037879,9,0,1,16896,26,7226286810
4312,92046230,1042,92047272,9,0,1,1024,26,195070178
4313,92125370,1518,92126888,8,0,1,1536,22,6946816910
4314,92154400,5196,92159596,3,0,1,13312,13,3141773072
4315,92238960,144104,92383064,6,0,0,49152,18,7681400697
4316,92241930,3422,92245352,9,0,1,3584,26,532619581
4317,92250030,98462,92348492,3,0,0,9216,13,3118349237
4318,92263020,6754,92269774,8,0,1,7168,22,356604111
4319,92266710,101348,92368058,8,0,0,32768,22,2214196017
4320,92331650,3128,92334778,8,0,1,9216,22,8708440305
4321,92338320,205699,92544019,3,0,0,53248,13,9154006150
4322,92344890,96986,92441876,8,0,0,26112,22,1985299074
4323,92356200,11873,92368073,9,0,1,2560,26,6116995696
4324,92392040,5802,92397842,8,0,1,6144,22,8583946444
4325,92393610,4488,92398098,9,0,1,9216,26,4684626317
4326,92456730,66080,92522810,9,0,0,12800,26,6158203152
4327,92467790,566,92468356,8,0,1,512,22,7227102676
4328,92514180,131917,92646097,9,0,0,82432,26,9216726967
4329,92531650,128224,92659874,6,0,0,15872,18,6017483761
4330,92665070,96725,92761795,3,0,0,17408,13,9857811740
4331,92676260,80216,92756476,8,0,0,13824,22,4041113497
4332,92689490,1994,92691484,9,0,1,2048,26,47736467
4333,92710650,1994,92712644,8,0,1,2048,22,3692181139
4334,92732110,71000,92803110,3,0,0,13824,13,2780149428
4335,92739230,2946,92742176,8,0,1,3072,22,811737929
4336,92905270,108056,93013326,9,0,0,54784,26,4340258893
4337,92932760,566,92933326,2,0,1,512,22,355974007
4338,92949160,1042,92950202,8,0,1,1024,22,8642423478
4339,93162120,73916,93236036,6,0,0,13312,18,7014961323
4340,93183990,87008,93270998,6,0,0,20992,18,8327056236
4341,93185700,1518,93187218,8,0,1,1536,22,6970862279
4342,93212010,113360,93325370,3,0,0,5632,13,8397383261
4343,93237160,108524,93345684,3,0,0,56320,13,8354000865
4344,93259280,89760,93349040,6,0,0,1536,18,4023471473
4345,93265020,7964,93272984,6,0,1,2048,18,9858374036
4346,93334950,16069,93351019,6,0,1,5632,18,4445887365
4347,93342630,122827,93465457,9,0,0,93184,26,9215277490
4348,93379980,93752,93473732,3,0,0,17920,13,6266489471
4349,93405740,3128,93408868,6,0,1,9216,18,3563531174
4350,93407900,127493,93535393,8,0,0,23040,22,5376865338
4351,93456570,144310,93600880,3,0,0,78848,13,3813755044
4352,93458140,158391,93616531,8,0,0,18432,22,397254666
4353,93512200,5326,93517526,8,0,1,5632,22,5739553420
4354,93561220,120068,93681288,3,0,0,6144,13,899711214
4355,93608020,110895,93718915,9,0,0,54784,26,10098066676
4356,93617660,144635,93762295,8,0,0,35840,22,9410901746
4357,93767320,1518,93768838,6,0,1,1536,18,7957461154
4358,93791520,95600,93887120,8,0,0,18944,22,7365958871
4359,93793490,111897,93905387,6,0,0,59904,18,5982082382
4360,93814510,1518,93816028,8,0,1,1536,22,910918420
4361,93817330,2946,93820276,8,0,1,3072,22,8376965431
4362,93887620,22609,93910229,8,0,1,5120,22,443455797
4363,93909180,5712,93914892,8,0,1,14336,22,6157314918
4364,93918820,3422,93922242,6,0,1,3584,18,7003014217
4365,93924410,3898,93928308,6,0,1,4096,18,10431632509
4366,93951370,3422,93954792,6,0,1,3584,18,2065996324
4367,94047820,100880,94148700,9,0,0,31232,26,9674761876
4368,94087850,106340,94194190,0,0,0,49152,29,10000429512
4369,94095660,1518,94097178,6,0,1,1536,18,1769025140
4370,94098760,54056,94152816,8,0,0,3584,22,1599631505
4371,94157070,1042,94158112,6,0,1,1024,18,5373072432
4372,94164350,110884,94275234,3,0,0,34816,13,1807655895
4373,94290480,99320,94389800,0,0,0,26112,29,8826502030
4374,94338190,77500,94415690,9,0,0,4096,26,10408462764
4375,94418950,111020,94529970,3,0,0,64512,13,3704877993
4376,94495320,128180,94623500,9,0,0,120832,26,3008756997
4377,94502960,164706,94667666,0,0,0,32768,29,1674267700
4378,94525780,5224,94531004,6,0,1,1024,18,9379845623
4379,94540260,6229,94546489,6,0,1,15360,18,3940280200
4380,94597420,145984,94743404,0,0,0,93696,29,7950763900
4381,94633250,149748,94782998,9,0,0,46080,26,1790848280
4382,94691410,5802,94697212,6,0,1,6144,18,7892909556
4383,94695421,3737,94699158,5,0,1,3072,8,9360515537
4384,94740400,163939,94904339,6,0,0,26112,18,3043276825
4385,94750190,85842,94836032,0,0,0,9216,29,243470670
4386,94750940,145428,94896368,3,0,0,74240,13,9597867170
4387,94784201,5196,94789397,5,0,1,13312,8,10045156831
4388,94786870,195046,94981916,8,0,0,73728,22,7661844391
4389,94800430,14804,94815234,6,0,1,28672,18,4282327139
4390,94822030,32558,94854588,6,0,1,53248,18,600342172
4391,94835030,205749,95040779,9,0,0,36864,26,6738643823
4392,94932521,5712,94938233,5,0,1,14336,8,3025147432
4393,94932950,180754,95113704,8,0,0,83456,22,1456368560
4394,94973230,222503,95195733,3,0,0,54784,13,4496744501
4395,94973910,189105,95163015,8,0,0,29184,22,5925174939
4396,94985981,1042,94987023,5,0,1,1024,8,9884074895
4397,95010571,4374,95014945,5,0,1,4608,8,1842712272
4398,95044480,92377,95136857,3,0,0,13312,13,8887007050
4399,95100820,96972,95197792,0,0,0,6656,29,917658730
4400,95114610,115839,95230449,3,0,0,22528,13,6099469461
4401,95186240,117697,95303937,6,0,0,55296,18,4741520635
4402,95188200,146630,95334830,6,0,1,226816,18,6385289240
4403,95197450,169356,95366806,6,0,1,112128,18,6674457328
4404,95227291,143381,95370672,5,0,1,6144,8,10449511607
4405,95233150,140428,95373578,6,0,1,4608,18,2620903821
4406,95264420,386070,95650490,8,0,0,81920,22,812346861
4407,95301880,224068,95525948,0,0,0,62464,29,8050831073
4408,95311311,63650,95374961,5,0,1,14848,8,9017006804
4409,95323210,341775,95664985,9,0,0,31232,26,8079006043
4410,95400240,43200,95443440,6,0,1,70656,18,6471338855
4411,95460610,149688,95610298,9,0,0,23552,26,7772429841
4412,95587711,5196,95592907,5,0,1,13312,8,5361045886
4413,95602240,14117,95616357,6,0,1,24064,18,10008347091
4414,95692770,107432,95800202,0,0,0,52736,29,2277985867
4415,95718610,146686,95865296,9,0,0,38400,26,3645137003
4416,95737270,100750,95838020,9,0,0,16384,26,9672008954
4417,95737960,127983,95865943,3,0,0,2048,13,3976363665
4418,95742771,566,95743337,0,0,1,512,29,1366372241
4419,95833410,105794,95939204,9,0,0,32256,26,2794659365
4420,95833460,38944,95872404,6,0,1,56832,18,1085541419
4421,95847200,150822,95998022,3,0,0,22528,13,3778936132
4422,95891340,67748,95959088,6,0,0,8192,18,704124593
4423,95924271,14948,95939219,0,0,1,13312,29,2173157220
4424,95961780,106496,96068276,6,0,0,49664,18,6259177112
4425,95969750,169992,96139742,6,0,0,51200,18,6731427255
4426,95998710,231681,96230391,9,0,0,65536,26,8830061563
4427,96015160,14029,96029189,6,0,1,27136,18,3766036949
4428,96025991,6488,96032479,5,0,1,15872,8,6218029480
4429,96031940,151115,96183055,0,0,0,15872,29,9608719994
4430,96071070,197085,96268155,3,0,0,28160,13,8640941618
4431,96133951,12061,96146012,5,0,1,6656,8,10462339731
4432,96148350,85332,96233682,8,0,0,10752,22,5121258629
4433,96240710,60824,96301534,8,0,0,5632,22,5788144646
4434,96275900,54224,96330124,9,0,0,2560,26,4291606214
4435,96314910,106184,96421094,3,0,0,48640,13,7739724173
4436,96382580,12566,96395146,6,0,1,20992,18,10062466070
4437,96417061,200950,96618011,7,0,0,20480,25,9093471030
4438,96459581,7230,96466811,5,0,1,7680,8,9233906573
4439,96536821,3422,96540243,5,0,1,3584,8,3795502326
4440,96593021,3898,96596919,4,0,1,4096,14,7773519927
4441,96606910,3422,96610332,8,0,1,3584,22,9439411829
4442,96614661,4384,96619045,5,0,1,1024,8,4821584603
4443,96641490,184772,96826262,8,0,0,101888,22,7916969933
4444,96660151,3422,96663573,4,0,1,3584,14,3304519717
4445,96665270,183144,96848414,8,0,0,29184,22,1593312357
4446,96707550,160175,96867725,8,0,0,38912,22,3434612337
4447,96713060,185109,96898169,3,0,0,12800,13,1029386117
4448,96717500,157884,96875384,6,0,0,25088,18,10575344921
4449,96749241,6229,96755470,5,0,1,15360,8,1475635121
4450,96865320,57344,96922664,6,0,0,1536,18,502503133
4451,96882720,214958,97097678,0,0,0,177664,29,2059715719
4452,96892831,1042,96893873,5,0,1,1024,8,8994070739
4453,96943390,167716,97111106,0,0,0,12800,29,10472610061
4454,96958880,192348,97151228,9,0,0,125440,26,10503471942
4455,96996140,157911,97154051,6,0,0,9216,18,6539838734
4456,97033741,4374,97038115,4,0,1,4608,14,4549644996
4457,97082040,266837,97348877,9,0,0,54272,26,5307016812
4458,97153530,233560,97387090,6,0,0,64512,18,771216582
4459,97155790,248418,97404208,0,0,0,38912,29,8500682970
4460,97158650,172725,97331375,8,0,0,120832,22,740324884
4461,97209530,7230,97216760,6,0,1,7680,18,3754222660
4462,97230110,4374,97234484,2,0,1,4608,22,5440554984
4463,97245740,86586,97332326,9,0,0,3072,26,5884542338
4464,97310101,41680,97351781,4,0,1,8704,14,4060304474
4465,97315990,227465,97543455,9,0,0,4096,26,546782817
4466,97336470,21847,97358317,2,0,1,7168,22,5153255343
4467,97360240,1994,97362234,2,0,1,2048,22,7988834539
4468,97367890,189932,97557822,9,0,0,47104,26,1808345520
4469,97417881,1042,97418923,4,0,1,1024,14,214594430
4470,97529620,2946,97532566,2,0,1,3072,22,925604865
4471,97622560,2470,97625030,2,0,1,2560,22,9513239346
4472,97654310,5802,97660112,2,0,1,6144,22,3979061944
4473,97678140,16096,97694236,6,0,1,31232,18,4327597849
4474,97726650,4374,97731024,2,0,1,4608,22,2855422656
4475,97745530,5802,97751332,6,0,1,6144,18,5723860154
4476,97778110,108575,97886685,8,0,0,44032,22,8072930773
4477,97872131,14569,97886700,4,0,1,2048,14,1946672916
4478,97889700,117003,98006703,8,0,0,66560,22,10630113130
4479,97906400,168432,98074832,6,0,0,53760,18,961694078
4480,97912991,7706,97920697,4,0,1,8192,14,5302607843
4481,97989650,146844,98136494,3,0,0,28160,13,9773684408
4482,98014961,2470,98017431,4,0,1,2560,14,7960837933
4483,98048700,31007,98079707,6,0,1,50176,18,4407050121
4484,98116630,77363,98193993,6,0,1,130560,18,2204085048
4485,98147320,153074,98300394,9,0,0,17920,26,8273975795
4486,98148180,105039,98253219,9,0,0,1536,26,3627824502
4487,98167860,127059,98294919,0,0,0,17408,29,3490390327
4488,98205541,1518,98207059,4,0,1,1536,14,2480457242
4489,98227341,1994,98229335,4,0,1,2048,14,951661407
4490,98256240,196743,98452983,9,0,0,70144,26,2235229200
4491,98268020,121459,98389479,3,0,0,23040,13,5478763316
4492,98282550,136827,98419377,9,0,0,4096,26,2256602999
4493,98288890,213035,98501925,9,0,0,17920,26,6580965952
4494,98440470,206190,98646660,6,0,0,40448,18,2504833418
4495,98473510,104000,98577510,0,0,0,41472,29,4423100830
4496,98491600,88577,98580177,0,0,0,8704,29,3744725485
4497,98518981,5802,98524783,4,0,1,6144,14,7331117895
4498,98521490,58710,98580200,6,0,1,89600,18,9716023764
4499,98535590,282114,98817704,9,0,0,87040,26,8972230711
4500,98568900,222246,98791146,0,0,0,120320,29,5194558440
4501,98601941,11274,98613215,4,0,1,18432,14,6014823978
4502,98610811,3710,98614521,4,0,1,2048,14,4080221824
4503,98628380,213994,98842374,0,0,0,58368,29,10670540767
4504,98629380,1994,98631374,3,0,1,2048,13,5169831881
4505,98631940,292027,98923967,8,0,0,108032,22,10413343084
4506,98673320,319233,98992553,8,0,0,84992,22,2982694282
4507,98687550,336586,99024136,6,0,0,18432,18,8909916358
4508,98696750,232700,98929450,6,0,0,11264,18,4343546087
4509,98722750,278242,99000992,6,0,0,27648,18,4736393211
4510,98742010,49159,98791169,6,0,1,42496,18,2857865711
4511,98763120,294552,99057672,9,0,0,64512,26,1610311972
4512,98774991,46603,98821594,4,0,1,4096,14,6831288517
4513,98850651,3898,98854549,4,0,1,4096,14,8871847109
4514,98861691,6754,98868445,4,0,1,7168,14,1349260396
4515,98880910,200523,99081433,6,0,0,36864,18,7061751488
4516,98886580,328513,99215093,0,0,0,41472,29,3719931615
4517,98901530,102293,99003823,9,0,0,9216,26,1569992114
4518,98914241,15455,98929696,4,0,1,14336,14,830354440
4519,98924261,10048,98934309,5,0,1,5120,8,2119918658
4520,98926570,223400,99149970,9,0,0,53760,26,10349902299
4521,98990500,91736,99082236,6,0,0,2560,18,162165407
4522,99063400,98228,99161628,3,0,0,22528,13,9265690202
4523,99070440,215972,99286412,9,0,0,48128,26,6368019545
4524,99088080,183653,99271733,3,0,0,66048,13,3343900886
4525,99089300,200255,99289555,8,0,0,10240,22,8468888829
4526,99126720,169246,99295966,0,0,0,20992,29,4468269609
4527,99211580,5975,99217555,8,0,1,2560,22,1388918999
4528,99244670,100724,99345394,0,0,0,30720,29,10095810399
4529,99246080,73130,99319210,6,0,0,15360,18,2783480270
4530,99274530,125662,99400192,9,0,0,14848,26,3341933263
4531,99327000,5802,99332802,8,0,1,6144,22,5400354755
4532,99387360,131458,99518818,9,0,0,26112,26,8424766
4533,99411440,566,99412006,3,0,1,512,13,7616659814
4534,99482500,154806,99637306,6,0,0,97280,18,5607343102
4535,99544710,113592,99658302,0,0,0,49152,29,4224944369
4536,99556520,181516,99738036,8,0,0,77824,22,7840249503
4537,99605880,153996,99759876,8,0,0,18432,22,1422035352
4538,99609990,158034,99768024,9,0,0,19968,26,726083064
4539,99617030,127573,99744603,6,0,0,21504,18,3579172454
4540,99630431,9863,99640294,0,0,1,3072,29,5222769656
4541,99645160,20381,99665541,8,0,1,7680,22,8455775890
4542,99647970,136560,99784530,6,0,0,27648,18,3969112095
4543,99761440,97136,99858576,9,0,0,18944,26,4189080059
4544,99764520,101715,99866235,9,0,0,25088,26,9767901567
4545,99769030,136670,99905700,6,0,0,51200,18,10430847125
4546,99833081,566,99833647,7,0,1,512,25,6070328875
4547,99864511,2758,99867269,5,0,1,1024,8,9630119849
4548,99931290,98228,100029518,0,0,0,22528,29,2061202070
4549,99932090,566,99932656,2,0,1,512,22,3283694956
4550,99938690,125730,100064420,9,0,0,52736,26,10079737584
4551,99979400,566,99979966,2,0,1,512,22,5011994196
4552,99988780,158926,100147706,8,0,0,88064,22,3972866942
4553,100011790,101044,100112834,6,0,0,18944,18,3622165571
4554,100025850,124367,100150217,9,0,0,8192,26,5283307981
4555,100094880,7230,100102110,8,0,1,7680,22,6263213266
4556,100107070,120729,100227799,6,0,0,21504,18,5977788984
4557,100139790,111611,100251401,9,0,0,32256,26,4685551750
4558,100147490,46648,100194138,6,0,0,512,18,99034128
4559,100187060,150651,100337711,6,0,0,87552,18,6367109741
4560,100231660,5326,100236986,3,0,1,5632,13,6829898999
4561,100279130,5802,100284932,8,0,1,6144,22,8877390534
4562,100300030,43904,100343934,3,0,0,512,13,272817073
4563,100324230,25522,100349752,8,0,1,19968,22,2449289762
4564,100347080,4298,100351378,2,0,1,2560,22,5006737956
4565,100375110,2470,100377580,8,0,1,2560,22,3786431866
4566,100375460,2786,100378246,8,0,1,1024,22,1586800879
4567,100382750,106491,100489241,0,0,0,7680,29,1628875009
4568,100413490,66223,100479713,6,0,0,6656,18,5999469012
4569,100455310,3387,100458697,2,0,1,9728,22,2621520208
4570,100498600,1994,100500594,9,0,1,2048,26,3432163644
4571,100501530,3128,100504658,3,0,1,9216,13,1700379194
4572,100506030,2470,100508500,8,0,1,2560,22,9061495828
4573,100516520,70532,100587052,0,0,0,12288,29,4954812694
4574,100594740,126569,100721309,6,0,0,22016,18,3484718319
4575,100606740,107588,100714328,3,0,0,53248,13,4199158091
4576,100648380,156519,100804899,0,0,0,34816,29,7300576026
4577,100662670,566,100663236,3,0,1,512,13,9603305662
4578,100675170,1994,100677164,3,0,1,2048,13,7450286767
4579,100687640,70959,100758599,8,0,0,7168,22,2852122632
4580,100704970,16354,100721324,8,0,1,6656,22,875909263
4581,100709930,17709,100727639,2,0,1,18432,22,8106543148
4582,100728080,1994,100730074,2,0,1,2048,22,7367298334
4583,100735340,168043,100903383,6,0,0,58368,18,2393676422
4584,100790590,1042,100791632,2,0,1,1024,22,6786664346
4585,100815930,6229,100822159,8,0,1,15360,22,4553160604
4586,100821680,122634,100944314,8,0,0,13312,22,3292296462
4587,100828040,3898,100831938,2,0,1,4096,22,6721000294
4588,100897570,9227,100906797,2,0,1,3584,22,4745343007
4589,100969320,3898,100973218,8,0,1,4096,22,8038104775
4590,101008710,102752,101111462,6,0,0,37376,18,9397370830
4591,101014750,1994,101016744,8,0,1,2048,22,1885039619
4592,101090940,54680,101145620,3,0,0,5632,13,9316983349
4593,101102110,14040,101116150,3,0,1,12288,13,2950851959
4594,101106460,33167,101139627,6,0,1,44032,18,3299910818
4595,101124580,316022,101440602,3,0,0,95232,13,7039367839
4596,101148700,134958,101283658,6,0,0,61440,18,3240888376
4597,101192670,3422,101196092,3,0,1,3584,13,7290500177
4598,101220840,140784,101361624,9,0,0,64000,26,3456349085
4599,101225070,301915,101526985,0,0,0,54784,29,3050445962
4600,101225100,144963,101370063,8,0,0,27648,22,4814121022
4601,101226210,242495,101468705,8,0,0,92160,22,6834142715
4602,101292100,566,101292666,8,0,1,512,22,10655601034
4603,101317740,192538,101510278,8,0,0,44544,22,8277182243
4604,101367720,197610,101565330,9,0,0,54272,26,1096702200
4605,101385570,163194,101548764,8,0,0,13312,22,9627729614
4606,101411840,290469,101702309,6,0,0,97792,18,10714526959
4607,101459980,83067,101543047,6,0,1,121344,18,1370410404
4608,101468730,74573,101543303,3,0,1,9216,13,6316538481
4609,101478220,346339,101824559,6,0,0,109056,18,5311815544
4610,101487100,223656,101710756,8,0,0,27648,22,4024530267
4611,101525240,219615,101744855,8,0,0,24576,22,5970810667
4612,101537020,11759,101548779,3,0,1,4096,13,8211381582
4613,101554370,221171,101775541,0,0,0,33280,29,569040999
4614,101566830,88807,101655637,6,0,0,12800,18,1365032623
4615,101573680,163185,101736865,6,0,0,7168,18,4817154589
4616,101680010,31271,101711281,3,0,1,512,13,2548229258
4617,101723691,3422,101727113,7,0,1,3584,25,9694992970
4618,101731560,128269,101859829,3,0,0,10240,13,7851205597
4619,101749480,198546,101948026,3,0,0,1536,13,4452208801
4620,101754540,1042,101755582,8,0,1,1024,22,5611985410
4621,101815870,131673,101947543,3,0,0,70144,13,4798099340
4622,101875010,74123,101949133,6,0,0,3584,18,1502882860
4623,101951810,98228,102050038,8,0,0,22528,22,5203449980
4624,102018600,3387,102021987,3,0,1,9728,13,7439214161
4625,102021540,4235,102025775,6,0,1,11264,18,7186272725
4626,102044760,227376,102272136,8,0,0,23040,22,4229112148
4627,102071940,270545,102342485,6,0,0,69120,18,2661582307
4628,102093550,13512,102107062,6,0,1,26112,18,8958202516
4629,102113300,66204,102179504,6,0,1,112128,18,6292318459
4630,102155630,47600,102203230,0,0,0,2560,29,9323449849
4631,102161790,207720,102369510,9,0,0,13824,26,5709163831
4632,102183490,22174,102205664,6,0,1,36352,18,8709372273
4633,102193680,14250,102207930,3,0,1,3584,13,7736879339
4634,102213190,173764,102386954,6,0,0,17920,18,9270858376
4635,102299090,43410,102342500,6,0,1,42496,18,945029848
4636,102301490,238625,102540115,0,0,0,9728,29,7519229956
4637,102359620,10499,102370119,6,0,1,16896,18,10369332871
4638,102370050,5802,102375852,3,0,1,6144,13,2559170388
4639,102381060,5909,102386969,6,0,1,13312,18,1158332517
4640,102398721,2470,102401191,4,0,1,2560,14,2632932569
4641,102413330,142740,102556070,0,0,0,19968,29,8482030978
4642,102455550,56427,102511977,3,0,0,7168,13,1263234201
4643,102470810,22950,102493760,6,0,1,37888,18,4102597548
4644,102477250,400803,102878053,9,0,0,57344,26,1687669944
4645,102479411,18855,102498266,4,0,1,7168,14,3008897483
4646,102551860,7589,102559449,6,0,1,9728,18,1861113342
4647,102677420,84992,102762412,6,0,1,138752,18,7009317949
4648,102782771,3898,102786669,4,0,1,4096,14,1145122288
4649,102922850,109772,103032622,3,0,0,60416,13,550299251
4650,103021601,13500,103035101,7,0,1,2560,25,285621451
4651,103031611,6076,103037687,5,0,1,4096,8,9698266966
4652,103066980,110387,103177367,3,0,0,29184,13,2138123805
4653,103100650,60824,103161474,0,0,0,5632,29,7526935393
4654,103261820,45596,103307416,3,0,0,1024,13,10279236146
4655,103267630,84668,103352298,6,0,0,13312,18,7518918628
4656,103299410,80986,103380396,3,0,0,3584,13,6835399136
4657,103334450,57440,103391890,6,0,0,4608,18,7403256753
4658,103344880,110240,103455120,9,0,0,61952,26,8594558936
4659,103372910,90412,103463322,3,0,0,2048,13,3977771
4660,103393470,133722,103527192,9,0,0,54272,26,9794478672
4661,103393970,150046,103544016,6,0,0,38912,18,1738595063
4662,103525240,91532,103616772,6,0,0,14336,18,367171009
4663,103566990,74808,103641798,0,0,0,4608,29,3323556795
4664,103588230,55548,103643778,0,0,0,1024,29,3017786559
4665,103620550,153296,103773846,9,0,0,12288,26,10682279098
4666,103630080,120138,103750218,9,0,0,50688,26,6979151258
4667,103791220,106340,103897560,9,0,0,49152,26,5339340871
4668,103810210,96374,103906584,9,0,0,8192,26,10123747437
4669,103835830,144740,103980570,3,0,0,23040,13,9106502740
4670,103938040,98384,104036424,0,0,0,23040,29,5516813428
4671,103952821,3422,103956243,5,0,1,3584,8,5679349264
4672,103966530,77456,104043986,6,0,0,14848,18,694143724
4673,104123470,104312,104227782,9,0,0,42496,26,4075791425
4674,104172160,141866,104314026,3,0,0,76288,13,7833103500
4675,104214840,203754,104418594,6,0,0,119808,18,6936694737
4676,104221020,108684,104329704,0,0,0,5632,29,6478344615
4677,104254480,167101,104421581,6,0,0,9728,18,9861941292
4678,104288140,43904,104332044,9,0,0,512,26,1273668416
4679,104389050,221688,104610738,3,0,0,169472,13,3219677608
4680,104420920,285647,104706567,0,0,0,59392,29,10552963783
4681,104448210,240246,104688456,6,0,0,95744,18,966452160
4682,104492960,260122,104753082,0,0,0,79872,29,9045431440
4683,104516200,294131,104810331,9,0,0,32256,26,1183376313
4684,104557500,211049,104768549,0,0,0,50688,29,7978665318
4685,104587460,213028,104800488,9,0,0,27648,26,6061042169
4686,104732220,169296,104901516,9,0,0,117248,26,1582015626
4687,104774730,135084,104909814,3,0,0,25088,13,3436958447
4688,104782901,6754,104789655,4,0,1,7168,14,1636637329
4689,104787150,115005,104902155,6,0,0,2048,18,5887089074
4690,104822540,163642,104986182,9,0,0,69120,26,7343570619
4691,105039300,7230,105046530,8,0,1,7680,22,9596356970
4692,105109530,97604,105207134,6,0,0,20480,18,8046553308
4693,105130990,105358,105236348,3,0,0,19456,13,1776494082
4694,105154090,112012,105266102,3,0,0,35328,13,10576940052
4695,105196340,144564,105340904,6,0,0,27648,18,1461248914
4696,105228610,77158,105305768,0,0,0,3072,29,414875089
4697,105299230,1994,105301224,9,0,1,2048,26,9886211676
4698,105366370,76052,105442422,0,0,0,10240,29,5976985834
4699,105369590,90680,105460270,3,0,0,17920,13,3540240835
4700,105418030,77564,105495594,9,0,0,1024,26,1771038844
4701,105677570,120068,105797638,0,0,0,94208,29,1814970854
4702,105759850,103844,105863694,9,0,0,40960,26,735501426
4703,105782580,166620,105949200,0,0,0,88576,29,9874012406
4704,105800070,566,105800636,3,0,1,512,13,297011717
4705,105822140,135814,105957954,3,0,0,15360,13,2231168357
4706,105843790,155288,105999078,0,0,0,39424,29,8325418371
4707,105932680,117854,106050534,0,0,0,24576,29,5493476895
4708,105964150,1518,105965668,3,0,1,1536,13,1648242775
4709,106010400,4420,106014820,3,0,1,11776,13,10264181516
4710,106017170,6754,106023924,3,0,1,7168,13,2054281944
4711,106087940,55748,106143688,3,0,0,4096,13,6817743983
4712,106109160,2470,106111630,3,0,1,2560,13,9378945016
4713,106154980,4374,106159354,3,0,1,4608,13,5193702755
4714,106188590,104000,106292590,6,0,0,41472,18,2519721913
4715,106191790,168588,106360378,3,0,0,70144,13,847265812
4716,106289620,108612,106398232,3,0,0,11776,13,6758986308
4717,106332880,27521,106360401,3,0,1,19968,13,1380753085
4718,106342830,168862,106511692,3,0,0,84480,13,606213189
4719,106408270,104841,106513111,0,0,0,4608,29,3256184511
4720,106420190,111170,106531360,6,0,0,5632,18,7793124247
4721,106421180,182318,106603498,6,0,0,19456,18,3070192027
4722,106422020,6278,106428298,3,0,1,6656,13,6429054228
4723,106581230,98228,106679458,6,0,0,22528,18,4610087259
4724,106782761,4420,106787181,7,0,1,11776,25,9979641644
4725,106785770,152144,106937914,3,0,0,115712,13,5003334069
4726,107055690,45596,107101286,6,0,0,1024,18,5594477097
4727,107128981,1518,107130499,0,0,1,1536,29,9340595747
4728,107163560,86828,107250388,6,0,0,15360,18,9664902872
4729,107186120,186716,107372836,0,0,0,35840,29,1559638053
4730,107201090,136544,107337634,9,0,0,73728,26,9189074898
4731,107267350,1042,107268392,2,0,1,1024,22,8855197227
4732,107299450,231256,107530706,3,0,0,10240,13,4798664628
4733,107308450,215446,107523896,3,0,0,104960,13,530657949
4734,107336380,3240,107339620,3,0,1,2048,13,9678518431
4735,107338770,91484,107430254,3,0,0,25600,13,10227925696
4736,107391710,90694,107482404,9,0,0,1536,26,9820310347
4737,107458570,139154,107597724,0,0,0,45056,29,9981312629
4738,107555910,5196,107561106,3,0,1,13312,13,2285316335
4739,107566201,1994,107568195,7,0,1,2048,25,5272290184
4740,107570200,2870,107573070,3,0,1,8704,13,7825969917
4741,107605440,566,107606006,3,0,1,512,13,7204844601
4742,107639550,6278,107645828,2,0,1,6656,22,2759095513
4743,107640410,103501,107743911,0,0,0,35840,29,3280067349
4744,107651020,146195,107797215,9,0,0,69632,26,4718391870
4745,107672770,1994,107674764,3,0,1,2048,13,10533903438
4746,107685110,139192,107824302,9,0,0,35840,26,5543951589
4747,107732730,11196,107743926,9,0,1,7680,26,6830434935
4748,107749770,129580,107879350,3,0,0,20992,13,2969105597
4749,107865160,100100,107965260,9,0,0,28672,26,8936967216
4750,107902800,147054,108049854,6,0,0,78336,18,1173571039
4751,107962901,4345,107967246,0,0,1,2048,29,1536343605
4752,107970050,213370,108183420,0,0,0,122368,29,654821546
4753,107976910,133202,108110112,3,0,0,48128,13,4504036658
4754,108037690,15620,108053310,9,0,1,3584,26,10345647401
4755,108037810,16486,108054296,3,0,1,1536,13,5355743095
4756,108043870,101624,108145494,0,0,0,4608,29,6720662655
4757,108056580,216111,108272691,0,0,0,4096,29,3880549509
4758,108117450,153978,108271428,6,0,0,106496,18,182881239
4759,108225410,6278,108231688,3,0,1,6656,13,9203941339
4760,108256670,179169,108435839,0,0,0,49664,29,707694469
4761,108280470,4374,108284844,9,0,1,4608,26,131628734
4762,108286400,272028,108558428,6,0,0,21504,18,1835379373
4763,108308480,3898,108312378,8,0,1,4096,22,2453557653
4764,108339040,212821,108551861,6,0,0,86528,18,6313784215
4765,108387411,3422,108390833,0,0,1,3584,29,3994392063
4766,108427961,13841,108441802,0,0,1,14848,29,8305296923
4767,108456050,114302,108570352,0,0,0,1536,29,7652001560
4768,108489520,119096,108608616,3,0,0,18432,13,7986505671
4769,108490150,1994,108492144,9,0,1,2048,26,854541239
4770,108495170,2870,108498040,9,0,1,8704,26,6129544891
4771,108687140,3898,108691038,9,0,1,4096,26,240064370
4772,108692940,64477,108757417,0,0,0,6144,29,2119574330
4773,108755390,4374,108759764,9,0,1,4608,26,1438362602
4774,108755840,117581,108873421,3,0,0,80896,13,5129518535
4775,108767550,143167,108910717,3,0,0,41984,13,3213733354
4776,108803480,196878,109000358,3,0,0,35328,13,3084065662
4777,108833930,81569,108915499,3,0,0,6144,13,3470026971
4778,108854230,25027,108879257,3,0,1,6144,13,2673249376
4779,108860360,19883,108880243,9,0,1,1536,26,10164175276
4780,108867031,15478,108882509,4,0,1,3584,14,3497033985
4781,108876590,104347,108980937,9,0,0,10240,26,4987174592
4782,108883540,4937,108888477,9,0,1,12800,26,7607749377
4783,108891590,566,108892156,9,0,1,512,26,6360977940
4784,108915730,153742,109069472,0,0,0,17920,29,9726742534
4785,109009300,104780,109114080,6,0,0,44032,18,8441290841
4786,109063050,6754,109069804,3,0,1,7168,13,2569928033
4787,109066031,8887,109074918,5,0,1,13824,8,6010642418
4788,109087480,106230,109193710,6,0,0,7680,18,2269166590
4789,109089380,213654,109303034,9,0,0,47616,26,167297169
4790,109095380,2470,109097850,9,0,1,2560,26,10039564432
4791,109105170,203815,109308985,3,0,0,19456,13,7390009256
4792,109148500,140003,109288503,9,0,0,81920,26,3388195746
4793,109188320,5405,109193725,9,0,1,3584,26,9336110327
4794,109188430,56267,109244697,9,0,0,2560,26,9386258496
4795,109196820,1518,109198338,1,0,1,1536,29,4583466733
4796,109200250,125911,109326161,6,0,0,40448,18,2128889140
4797,109240321,3128,109243449,5,0,1,9216,8,9875382130
4798,109252691,3898,109256589,0,0,1,4096,29,3465519840
4799,109279161,29839,109309000,0,0,1,13824,29,1651168711
4800,109311641,14535,109326176,4,0,1,7680,14,9011551475
4801,109338281,6278,109344559,5,0,1,6656,8,616997832
4802,109357210,1994,109359204,9,0,1,2048,26,395558139
4803,109445691,2470,109448161,0,0,1,2560,29,597649734
4804,109461701,1994,109463695,0,0,1,2048,29,6950954786
4805,109468531,3898,109472429,5,0,1,4096,8,1165422142
4806,109505720,2470,109508190,3,0,1,2560,13,1067461195
4807,109508661,1994,109510655,5,0,1,2048,8,7752545511
4808,109533201,3422,109536623,5,0,1,3584,8,9048574567
4809,109571800,7230,109579030,3,0,1,7680,13,6399743103
4810,109574220,133426,109707646,3,0,0,69632,13,9384359693
4811,109575780,138745,109714525,3,0,0,22528,13,6100435134
4812,109591960,129582,109721542,0,0,0,19456,29,102741037
4813,109603340,6278,109609618,3,0,1,6656,13,7332582512
4814,109618220,566,109618786,3,0,1,512,13,5354641007
4815,109634910,91608,109726518,9,0,0,2560,26,1490499038
4816,109641970,4162,109646132,3,0,1,11264,13,1396674858
4817,109656280,566,109656846,3,0,1,512,13,9279046971
4818,109669140,6754,109675894,3,0,1,7168,13,4549064309
4819,109672800,208389,109881189,6,0,0,34304,18,8640887901
4820,109708720,59853,109768573,0,0,0,3584,29,1168562065
4821,109723030,3503,109726533,3,0,1,3584,13,5763346986
4822,109728921,5326,109734247,5,0,1,5632,8,6203126223
4823,109733380,62984,109796364,6,0,0,7680,18,6233938426
4824,109734360,1518,109735878,1,0,1,1536,29,10489201183
4825,109796290,4440,109800730,8,0,1,4608,22,6066796644
4826,109826901,3422,109830323,4,0,1,3584,14,7440165802
4827,109847180,1042,109848222,3,0,1,1024,13,9860893046
4828,109858110,230208,110088318,3,0,0,62976,13,7361839193
4829,109868390,12814,109881204,1,0,1,12288,29,5916880687
4830,109878420,73739,109952159,9,0,0,7680,26,9577958890
4831,109885550,3898,109889448,1,0,1,4096,29,4567912932
4832,109893310,11533,109904843,3,0,1,18944,13,94796725
4833,109895070,10337,109905407,9,0,1,10752,26,596229088
4834,109897840,10793,109908633,3,0,1,5120,13,803835072
4835,109913160,227521,110140681,9,0,0,39936,26,5838472650
4836,109949420,119695,110069115,3,0,0,36352,13,8120098265
4837,109991760,4374,109996134,1,0,1,4608,29,8026719465
4838,110002091,4374,110006465,0,0,1,4608,29,8060568533
4839,110025460,274450,110299910,3,0,0,38400,13,9337560175
4840,110045720,177880,110223600,3,0,0,46080,13,4396799160
4841,110117671,3898,110121569,5,0,1,4096,8,3124049646
4842,110120780,132348,110253128,6,0,0,23552,18,1645004456
4843,110134000,14379,110148379,1,0,1,8192,29,1586422513
4844,110175000,147682,110322682,9,0,0,29696,26,2617693728
4845,110184061,2946,110187007,5,0,1,3072,8,3057786072
4846,110194021,4850,110198871,5,0,1,5120,8,9366767650
4847,110242710,154738,110397448,6,0,0,47104,18,9711184661
4848,110254361,3904,110258265,5,0,1,10752,8,4565449542
4849,110274170,2870,110277040,3,0,1,8704,13,2141693367
4850,110295750,6622,110302372,3,0,1,2560,13,10135356860
4851,110311210,566,110311776,3,0,1,512,13,5573730749
4852,110313201,9496,110322697,5,0,1,9216,8,7255615604
4853,110319660,118035,110437695,9,0,0,13312,26,8548223221
4854,110334240,1042,110335282,1,0,1,1024,29,7183774985
4855,110358701,5326,110364027,5,0,1,5632,8,10303559879
4856,110364371,3422,110367793,5,0,1,3584,8,4165515884
4857,110376420,2946,110379366,3,0,1,3072,13,9260230116
4858,110387781,11194,110398975,0,0,1,1536,29,2820452967
4859,110390381,13346,110403727,0,0,1,6144,29,10042879260
4860,110399151,8122,110407273,0,0,1,5632,29,5279159327
4861,110430550,52013,110482563,3,0,0,2048,13,8584798230
4862,110449460,263437,110712897,9,0,0,15360,26,10695713663
4863,110471400,10499,110481899,9,0,1,16896,26,10453077885
4864,110494771,5971,110500742,4,0,1,14848,14,4823989767
4865,110509411,7706,110517117,0,0,1,8192,29,8595136582
4866,110537470,249992,110787462,9,0,0,70656,26,1460892594
4867,110545961,4850,110550811,5,0,1,5120,8,2649394470
4868,110576770,2470,110579240,3,0,1,2560,13,5245169385
4869,110592480,173439,110765919,9,0,0,47104,26,5044144176
4870,110617010,3898,110620908,1,0,1,4096,29,2018630520
4871,110622470,1518,110623988,3,0,1,1536,13,10037678279
4872,110630251,2870,110633121,4,0,1,8704,14,2710864454
4873,110654551,2470,110657021,5,0,1,2560,8,4292509658
4874,110675100,201798,110876898,3,0,0,50688,13,5604673453
4875,110678001,6278,110684279,4,0,1,6656,14,2708640487
4876,110695760,165679,110861439,9,0,0,38400,26,9758206933
4877,110873061,5823,110878884,4,0,1,2048,14,7757532135
4878,110886030,3898,110889928,3,0,1,4096,13,1260065781
4879,110899370,3422,110902792,3,0,1,3584,13,5080361566
4880,110971990,108992,111080982,3,0,0,57856,13,3347175953
4881,110988401,3422,110991823,5,0,1,3584,8,2625076817
4882,111003760,252517,111256277,3,0,0,45568,13,1014103361
4883,111009330,3387,111012717,3,0,1,9728,13,5306197492
4884,111072540,13630,111086170,9,0,1,13312,26,1011606978
4885,111098681,1042,111099723,4,0,1,1024,14,8508339574
4886,111099610,566,111100176,3,0,1,512,13,2398136623
4887,111117011,4374,111121385,4,0,1,4608,14,9667660227
4888,111146640,1994,111148634,9,0,1,2048,26,1319087143
4889,111153541,102751,111256292,5,0,1,158720,8,592214124
4890,111160450,153742,111314192,3,0,0,6656,13,7176766796
4891,111204780,222739,111427519,3,0,0,86528,13,3747566541
4892,111219250,37057,111256307,9,0,1,12288,26,1765216125
4893,111221431,34899,111256330,4,0,1,6144,14,1868533862
4894,111221980,34365,111256345,3,0,1,4096,13,7278717416
4895,111228840,27520,111256360,9,0,1,8704,26,8685467561
4896,111250910,9307,111260217,1,0,1,4096,29,4436238310
4897,111256710,7373,111264083,9,0,1,6144,26,5994940052
4898,111284810,6754,111291564,9,0,1,7168,26,3562412638
4899,111291620,3898,111295518,1,0,1,4096,29,3870806751
4900,111345481,1042,111346523,4,0,1,1024,14,7978739716
4901,111375810,166311,111542121,9,0,0,17920,26,2255412369
4902,111381010,1042,111382052,9,0,1,1024,26,10433026399
4903,111432400,2946,111435346,1,0,1,3072,29,10037394250
4904,111434821,871,111435692,4,0,1,512,14,10310718952
4905,111448861,3422,111452283,4,0,1,3584,14,4072206594
4906,111470501,5326,111475827,0,0,1,5632,29,7414840067
4907,111606411,6754,111613165,0,0,1,7168,29,10008248329
4908,111632990,42424,111675414,6,0,1,69120,18,7709844212
4909,111633950,41925,111675875,1,0,1,10240,29,6498774224
4910,111638411,41010,111679421,4,0,1,5632,14,2352470241
4911,111640450,41557,111682007,3,0,1,4096,13,2052084767
4912,111677911,155262,111833173,5,0,1,255488,8,5836482357
4913,111687630,149409,111837039,3,0,1,6144,13,9500429425
4914,111709891,144135,111854026,5,0,1,65024,8,7509078145
4915,111714620,140392,111855012,1,0,1,1536,29,2488184445
4916,111731400,229435,111960835,3,0,0,11776,13,8706738052
4917,111735670,301981,112037651,9,0,0,34304,26,1146875205
4918,111768090,87268,111855358,1,0,1,512,29,8485724094
4919,111865091,33075,111898166,5,0,1,54272,8,2163592228
4920,111896361,4162,111900523,0,0,1,11264,29,9966560878
4921,111912091,566,111912657,0,0,1,512,29,5584956259
4922,111949740,120090,112069830,3,0,0,26112,13,5544163485
4923,111969491,11016,111980507,5,0,1,17920,8,9949249124
4924,112012181,25485,112037666,5,0,1,37888,8,3549543579
4925,112050440,5712,112056152,3,0,1,14336,13,884727038
4926,112089850,122539,112212389,9,0,0,30208,26,2465526594
4927,112114660,85980,112200640,3,0,0,10752,13,1186477838
4928,112153380,2470,112155850,1,0,1,2560,29,7044729481
4929,112177630,117428,112295058,9,0,0,23040,26,1419716283
4930,112187651,6278,112193929,7,0,1,6656,25,4052679720
4931,112189431,11224,112200655,7,0,1,7168,25,9875824966
4932,112210770,4081,112214851,3,0,1,2560,13,5165884361
4933,112234110,3128,112237238,3,0,1,9216,13,3565842692
4934,112258210,64912,112323122,6,0,1,109568,18,676144009
4935,112263681,65650,112329331,5,0,1,29696,8,7554429255
4936,112272170,58787,112330957,8,0,1,2560,22,9624262127
4937,112323580,13381,112336961,3,0,1,20480,13,8890085078
4938,112356210,269484,112625694,6,0,0,34304,18,9326392470
4939,112383111,2870,112385981,7,0,1,8704,25,4211249980
4940,112396800,216495,112613295,3,0,0,100864,13,5230195981
4941,112411301,3422,112414723,7,0,1,3584,25,10661775012
4942,112415800,241871,112657671,3,0,0,69632,13,2662786000
4943,112434631,6278,112440909,7,0,1,6656,25,5483543924
4944,112443780,257293,112701073,6,0,0,7168,18,848533210
4945,112475490,4374,112479864,1,0,1,4608,29,3966981013
4946,112487711,1518,112489229,4,0,1,1536,14,8863254629
4947,112557981,2470,112560451,7,0,1,2560,25,7365007264
4948,112581631,31687,112613318,5,0,1,27136,8,4092168145
4949,112584411,73283,112657694,5,0,1,56320,8,7047148648
4950,112599071,58646,112657717,5,0,1,5632,8,2073721476
4951,112602791,58952,112661743,5,0,1,34816,8,4459073026
4952,112603901,59788,112663689,7,0,1,3072,25,8994732502
4953,112623681,40674,112664355,4,0,1,1024,14,4617268385
4954,112650001,16300,112666301,7,0,1,3072,25,6912106676
4955,112661131,7756,112668887,7,0,1,4096,25,10142913419
4956,112661650,148608,112810258,9,0,0,44544,26,5321488783
4957,112674870,2870,112677740,3,0,1,8704,13,1813069047
4958,112679111,3422,112682533,4,0,1,3584,14,2829772499
4959,112707881,13253,112721134,5,0,1,25600,8,5169929056
4960,112735190,264661,112999851,9,0,0,39424,26,7990862546
4961,112736701,11016,112747717,7,0,1,17920,25,10099424910
4962,112736990,11073,112748063,8,0,1,512,22,7204657399
4963,112748120,294016,113042136,3,0,0,135168,13,1967557894
4964,112784870,1042,112785912,8,0,1,1024,22,4844768248
4965,112830241,6278,112836519,7,0,1,6656,25,8863081674
4966,112836640,2946,112839586,3,0,1,3072,13,6830439279
4967,112859800,11533,112871333,3,0,1,18944,13,2131888449
4968,112875130,3128,112878258,8,0,1,9216,22,7184156241
4969,112908641,55304,112963945,5,0,1,94208,8,6663101860
4970,112918850,272928,113191778,3,0,0,36352,13,1877824306
4971,112920080,44211,112964291,8,0,1,512,22,10519806408
4972,112958000,162518,113120518,9,0,0,39936,26,9530840065
4973,112987950,54201,113042151,3,0,1,2560,13,2635673998
4974,112995390,46776,113042166,3,0,1,2560,13,7016862527
4975,113049680,164811,113214491,3,0,0,18944,13,5065821391
4976,113073581,3387,113076968,7,0,1,9728,25,9519914975
4977,113084711,1518,113086229,7,0,1,1536,25,8006003197
4978,113086481,42424,113128905,5,0,1,69120,8,5369421626
4979,113095461,36350,113131811,7,0,1,4608,25,9876079251
4980,113144870,3898,113148768,3,0,1,4096,13,5243416212
4981,113154580,93992,113248572,3,0,0,3584,13,9642324594
4982,113181641,13092,113194733,7,0,1,3072,25,4674214194
4983,113182550,61102,113243652,9,0,0,2560,26,5244017078
4984,113241951,74091,113316042,5,0,1,120832,8,89202142
4985,113252930,63458,113316388,3,0,1,512,13,1654197304
4986,113254900,144416,113399316,9,0,0,12800,26,1563517127
4987,113259551,59743,113319294,7,0,1,4608,25,10554983484
4988,113278370,171891,113450261,9,0,0,28160,26,10468829268
4989,113279890,326746,113606636,9,0,0,71168,26,9672990109
4990,113294551,26126,113320677,7,0,1,14848,25,9502190827
4991,113296380,189611,113485991,3,0,0,8192,13,2840494172
4992,113305611,15732,113321343,5,0,1,1024,8,9331153980
4993,113323440,1518,113324958,9,0,1,1536,26,8726085828
4994,113341420,5802,113347222,3,0,1,6144,13,4403339407
4995,113391829,193108,113584937,6,0,0,104960,18,4099054825
4996,113414540,4374,113418914,8,0,1,4608,22,8947777687
4997,113446511,10020,113456531,7,0,1,6656,25,2897276132
4998,113488191,1994,113490185,5,0,1,2048,8,7026846929
4999,113488660,121675,113610335,9,0,0,10752,26,9892062758
5000,113493720,2470,113496190,8,0,1,2560,22,1828129505
5001,113523780,566,113524346,3,0,1,512,13,7240947733
5002,113618670,1994,113620664,8,0,1,2048,22,9102485428
5003,113633980,69308,113703288,3,0,0,13312,13,3111821680
5004,113648290,64208,113712498,9,0,0,6656,26,1771370181
5005,113660760,2870,113663630,8,0,1,8704,22,7564617734
5006,113706810,71624,113778434,9,0,0,15872,26,9949983564
5007,113722260,91748,113814008,6,0,0,16384,18,9394664159
5008,113723501,36604,113760105,5,0,1,64512,8,6201026163
5009,113734480,27251,113761731,8,0,1,2560,22,1325782256
5010,113757741,23725,113781466,5,0,1,39424,8,3583521431
5011,113767870,17462,113785332,8,0,1,6144,22,2611477160
5012,113768621,18977,113787598,4,0,1,3584,14,88447506
5013,113803240,1994,113805234,3,0,1,2048,13,2321443784
5014,113809930,7016,113816946,8,0,1,3072,22,4634038542
5015,113850470,248797,114099267,9,0,0,37376,26,2868758162
5016,113893580,2470,113896050,8,0,1,2560,22,6480437616
5017,113897200,225306,114122506,9,0,0,43008,26,439191741
5018,113980120,1518,113981638,8,0,1,1536,22,8856181882
5019,113988730,566,113989296,8,0,1,512,22,2013913839
5020,114028110,2870,114030980,3,0,1,8704,13,3064191583
5021,114044600,566,114045166,1,0,1,512,29,9399260663
5022,114072480,13770,114086250,8,0,1,26624,22,3887038301
5023,114087460,11822,114099282,3,0,1,1024,13,7850071378
5024,114089860,180111,114269971,3,0,0,23040,13,9865787924
5025,114095460,5850,114101310,8,0,1,2048,22,2566471885
5026,114096491,6445,114102936,4,0,1,2560,14,5358302170
5027,114100320,5128,114105448,8,0,1,12288,22,4955030739
5028,114130430,1994,114132424,1,0,1,2048,29,5445937837
5029,114139771,1994,114141765,4,0,1,2048,14,3740876522
5030,114157620,3898,114161518,1,0,1,4096,29,2415679011
5031,114174490,2470,114176960,3,0,1,2560,13,647509661
5032,114236951,12308,114249259,5,0,1,20480,8,3252281902
5033,114237920,18162,114256082,1,0,1,21504,29,6589161398
5034,114241310,18318,114259628,8,0,1,5632,22,7708851940
5035,114246141,39024,114285165,5,0,1,55296,8,6337106238
5036,114255950,132653,114388603,3,0,0,20992,13,4996399378
5037,114270930,16501,114287431,3,0,1,3584,13,7162550877
5038,114282550,218479,114501029,3,0,0,95232,13,638456764
5039,114315660,156338,114471998,9,0,0,9216,26,1078920384
5040,114344551,4374,114348925,4,0,1,4608,14,4615785135
5041,114369151,24154,114393305,5,0,1,43520,8,3294270413
5042,114459620,260583,114720203,3,0,0,51712,13,7955408181
5043,114475340,26264,114501604,3,0,1,512,13,4120460407
5044,114480661,40899,114521560,5,0,1,32768,8,4087841288
5045,114506050,16483,114522533,8,0,1,12800,22,6490746206
5046,114511600,344468,114856068,9,0,0,75776,26,10103567360
5047,114522141,13770,114535911,5,0,1,26624,8,2559201572
5048,114543640,3422,114547062,1,0,1,3584,29,4191251006
5049,114574940,358152,114933092,6,0,0,54272,18,872358432
5050,114580850,10241,114591091,3,0,1,16384,13,5746037132
5051,114593581,7706,114601287,5,0,1,8192,8,7213048594
5052,114597530,5383,114602913,8,0,1,2560,22,1203937820
5053,114603901,4850,114608751,4,0,1,5120,14,5502185828
5054,114609901,5454,114615355,5,0,1,13824,8,4473626332
5055,114631921,5802,114637723,4,0,1,6144,14,6583937763
5056,114633359,233660,114867019,6,0,0,35840,18,2893211631
5057,114634220,7049,114641269,3,0,1,5632,13,100318846
5058,114653200,1518,114654718,1,0,1,1536,29,2115872751
5059,114654491,4374,114658865,5,0,1,4608,8,5184688667
5060,114699480,48134,114747614,3,0,0,1536,13,8899653106
5061,114713500,7737,114721237,3,0,1,1024,13,4364551403
5062,114725331,12566,114737897,4,0,1,20992,14,9336157837
5063,114727190,71793,114798983,3,0,0,512,13,1480283856
5064,114737550,90062,114827612,3,0,0,12800,13,2842087787
5065,114763851,7706,114771557,5,0,1,8192,8,6484242207
5066,114766170,7653,114773823,8,0,1,3584,22,10668671407
5067,114791791,7230,114799021,4,0,1,7680,14,9291980847
5068,114817341,53495,114870836,5,0,1,90624,8,1469957671
5069,114835610,38772,114874382,8,0,1,5632,22,8070534200
5070,114849370,317456,115166826,9,0,0,14336,26,1226281576
5071,114882091,2946,114885037,4,0,1,3072,14,4443028248
5072,114885910,5454,114891364,3,0,1,13824,13,7476914208
5073,114925361,9241,114934602,4,0,1,1536,14,6681276742
5074,114934610,273283,115207893,6,0,0,98816,18,6811498587
5075,114947530,107588,115055118,6,0,0,53248,18,7370169997
5076,114947920,1518,114949438,3,0,1,1536,13,692161959
5077,114956650,156512,115113162,9,0,0,82432,26,7914064711
5078,114969820,3898,114973718,8,0,1,4096,22,10093893436
5079,114972909,163251,115136160,6,0,0,512,18,464147591
5080,114980190,5196,114985386,3,0,1,13312,13,677280326
5081,115024470,186870,115211340,6,0,0,11264,18,7085922403
5082,115030010,309087,115339097,3,0,0,12288,13,2207262586
5083,115039320,189261,115228581,9,0,0,8192,26,4440188561
5084,115048631,7070,115055701,5,0,1,512,8,2986234106
5085,115067369,355925,115423294,6,0,0,134656,18,1472006177
5086,115074430,2470,115076900,1,0,1,2560,29,5808750659
5087,115088571,28022,115116593,7,0,1,3584,25,8183902028
5088,115091020,131567,115222587,3,0,0,11776,13,9646088024
5089,115139011,2946,115141957,4,0,1,3072,14,8108766849
5090,115164641,4664,115169305,7,0,1,2560,25,4055859062
5091,115166250,6281,115172531,3,0,1,5120,13,7516751912
5092,115220780,2841,115223621,1,0,1,1024,29,7241283671
5093,115227870,2697,115230567,1,0,1,2048,29,4450102143
5094,115232880,5326,115238206,8,0,1,5632,22,3689532212
5095,115244630,3387,115248017,1,0,1,9728,29,7695814712
5096,115304491,13770,115318261,5,0,1,26624,8,3221847588
5097,115371121,2470,115373591,4,0,1,2560,14,5848542844
5098,115374040,7706,115381746,1,0,1,8192,29,5374980466
5099,115382630,43126,115425756,8,0,1,2560,22,8944570720
5100,115434360,566,115434926,1,0,1,512,29,1253893977
5101,115437570,129976,115567546,3,0,0,65024,13,1513898630
5102,115446610,193518,115640128,9,0,0,75264,26,4141874646
5103,115479771,2470,115482241,4,0,1,2560,14,9468274955
5104,115527051,40510,115567561,5,0,1,38400,8,8945745522
5105,115576190,2870,115579060,8,0,1,8704,22,10496293344
5106,115583020,566,115583586,1,0,1,512,29,3294448173
5107,115594271,10241,115604512,5,0,1,16384,8,6925264027
5108,115637329,238203,115875532,6,0,0,8192,18,1200029888
5109,115714940,98696,115813636,3,0,0,24064,13,1634124765
5110,115893720,187784,116081504,6,0,0,155136,18,3240746066
5111,115897101,566,115897667,4,0,1,512,14,6672328103
5112,115947851,2470,115950321,5,0,1,2560,8,5873263071
5113,115969431,25704,115995135,5,0,1,46592,8,4623425627
5114,115986730,189725,116176455,6,0,0,76288,18,8365232936
5115,115992570,239127,116231697,9,0,0,24576,26,2463952467
5116,116004751,2870,116007621,4,0,1,8704,14,6360389899
5117,116015251,1042,116016293,5,0,1,1024,8,7831282025
5118,116064199,219565,116283764,6,0,0,46592,18,6009012231
5119,116090561,4374,116094935,4,0,1,4608,14,1221408926
5120,116205621,3904,116209525,4,0,1,10752,14,6833890908
5121,116288780,108368,116397148,3,0,0,55808,13,7952997328
5122,116317421,4374,116321795,7,0,1,4608,25,10651269413
5123,116322101,40616,116362717,5,0,1,65536,8,1553577295
5124,116327190,163918,116491108,3,0,0,64512,13,8212962020
5125,116368151,29012,116397163,5,0,1,36352,8,4226797783
5126,116401410,212859,116614269,3,0,0,13312,13,10048008826
5127,116466260,184069,116650329,3,0,0,23552,13,2135519826
5128,116590340,49292,116639632,3,0,0,3072,13,8317885656
5129,116720290,98540,116818830,6,0,0,23552,18,2163810169
5130,116786380,72668,116859048,3,0,0,9216,13,4813981960
5131,116937070,99632,117036702,3,0,0,27136,13,5089776021
5132,116969630,4374,116974004,1,0,1,4608,29,1927119949
5133,116996460,94764,117091224,6,0,0,18432,18,8474731684
5134,117018920,60068,117078988,6,0,0,8192,18,9418331670
5135,117030380,14020,117044400,1,0,1,8192,29,6114622798
5136,117081830,48087,117129917,3,0,0,512,13,4882105672
5137,117241920,3898,117245818,1,0,1,4096,29,1837176889
5138,117257810,1518,117259328,1,0,1,1536,29,718465338
5139,117378010,1518,117379528,1,0,1,1536,29,1620488997
5140,117417459,100724,117518183,6,0,0,30720,18,4319132308
5141,117443350,4374,117447724,1,0,1,4608,29,7013209520
5142,117463459,84824,117548283,6,0,0,13824,18,843089159
5143,117540600,1518,117542118,3,0,1,1536,13,5252742438
5144,117638390,59132,117697522,6,0,0,5120,18,9957819653
5145,117647540,97604,117745144,3,0,0,20480,13,7233860701
5146,117661120,1042,117662162,1,0,1,1024,29,5388012237
5147,117667319,57440,117724759,6,0,0,4608,18,10501326028
5148,117726480,1042,117727522,1,0,1,1024,29,4514341087
5149,117765209,60824,117826033,6,0,0,5632,18,198022692
5150,117937680,1042,117938722,1,0,1,1024,29,6478887353
5151,117992540,2470,117995010,1,0,1,2560,29,5792603684
5152,117993200,2476,117995676,1,0,1,1024,29,1954963329
5153,118024640,188881,118213521,3,0,0,54272,13,8777110362
5154,118055980,2870,118058850,1,0,1,8704,29,5019488695
5155,118087189,105609,118192798,6,0,0,24064,18,10597089624
5156,118149729,73292,118223021,6,0,0,11264,18,10425534967
5157,118214610,2946,118217556,1,0,1,3072,29,2883192200
5158,118218940,5326,118224266,1,0,1,5632,29,570197786
5159,118249090,2946,118252036,1,0,1,3072,29,2007023377
5160,118384489,101972,118486461,6,0,0,34816,18,10345372554
5161,118468980,191372,118660352,3,0,0,166912,13,816522968
5162,118489470,4374,118493844,1,0,1,4608,29,6766286693
5163,118596330,2946,118599276,1,0,1,3072,29,4651248505
5164,118599659,132081,118731740,6,0,0,111616,18,7026454824
5165,118601890,4850,118606740,1,0,1,5120,29,7816859498
5166,118610390,179658,118790048,3,0,0,18432,13,1997524120
5167,118648950,232669,118881619,6,0,0,51200,18,9058606183
5168,118659920,303797,118963717,6,0,0,92672,18,8207698961
5169,118701370,131560,118832930,3,0,0,16896,13,6053353991
5170,118779280,202120,118981400,6,0,0,29184,18,7881748358
5171,118981160,4130,118985290,1,0,1,4096,29,7269956804
5172,119009300,60824,119070124,3,0,0,5632,13,9748258087
5173,119094900,1994,119096894,3,0,1,2048,13,2917600075
5174,119313650,73292,119386942,3,0,0,11264,13,7135948619
5175,119316580,89744,119406324,3,0,0,14848,13,8058524544
5176,119335040,101608,119436648,3,0,0,28672,13,10074773898
5177,119353620,566,119354186,3,0,1,512,13,4314296844
5178,119377120,60635,119437755,3,0,0,3584,13,5460752750
5179,119406550,3128,119409678,1,0,1,9216,29,8554325619
5180,119430540,12057,119442597,1,0,1,5120,29,5122082392
5181,119447920,182436,119630356,3,0,0,17920,13,7037919024
5182,119497670,2470,119500140,1,0,1,2560,29,9232579306
5183,119499150,5802,119504952,3,0,1,6144,13,1121670676
5184,119533390,3422,119536812,3,0,1,3584,13,9345882180
5185,119622540,71132,119693672,6,0,0,9216,18,9662489147
5186,119628929,83171,119712100,6,0,0,13824,18,10731589783
5187,119695661,1518,119697179,4,0,1,1536,14,529170166
5188,119702620,66036,119768656,3,0,0,5632,13,8273177924
5189,119710490,5500,119715990,3,0,1,4096,13,1630804925
5190,119779410,4162,119783572,3,0,1,11264,13,3696576410
5191,119822260,5802,119828062,1,0,1,6144,29,4038551687
5192,119876430,100568,119976998,3,0,0,30208,13,7585631814
5193,119886290,55748,119942038,3,0,0,4096,13,1639904757
5194,119897050,1042,119898092,3,0,1,1024,13,1236575554
5195,119901710,3387,119905097,3,0,1,9728,13,3332656647
5196,119939990,97766,120037756,3,0,0,17408,13,4443949094
5197,119969760,7796,119977556,3,0,1,512,13,10708654553
5198,119979740,5802,119985542,3,0,1,6144,13,5424779793
5199,120056040,43904,120099944,3,0,0,512,13,3262688930
5200,120155000,47288,120202288,3,0,0,1536,13,1727404106
5201,120167901,566,120168467,0,0,1,512,29,6818078229
5202,120174480,1518,120175998,3,0,1,1536,13,8153395444
5203,120231120,566,120231686,3,0,1,512,13,5747367420
5204,120234560,3904,120238464,1,0,1,10752,29,5945933038
5205,120254010,11016,120265026,3,0,1,17920,13,2354017351
5206,120260560,6732,120267292,1,0,1,3584,29,10187614410
5207,120306090,3387,120309477,1,0,1,9728,29,6372345585
5208,120310750,305441,120616191,6,0,0,186368,18,771461115
5209,120324520,45596,120370116,3,0,0,1024,13,4544160706
5210,120467150,79338,120546488,3,0,0,4096,13,3764276087
5211,120495310,5196,120500506,1,0,1,13312,29,7882072236
5212,120510730,1042,120511772,1,0,1,1024,29,7732373770
5213,120519930,1994,120521924,2,0,1,2048,22,4523466155
5214,120568210,95261,120663471,3,0,0,1536,13,982152176
5215,120568270,49456,120617726,2,0,1,1536,22,5043574357
5216,120618460,1518,120619978,3,0,1,1536,13,743059300
5217,120637890,1994,120639884,1,0,1,2048,29,9018800174
5218,120643520,6278,120649798,1,0,1,6656,29,4251087110
5219,120661250,4937,120666187,2,0,1,12800,22,6268712184
5220,120694060,2946,120697006,2,0,1,3072,22,9227471541
5221,120712030,3422,120715452,1,0,1,3584,29,497731502
5222,120721730,2946,120724676,2,0,1,3072,22,5897627903
5223,120799230,1518,120800748,1,0,1,1536,29,6185247564
5224,120828409,208820,121037229,6,0,0,63488,18,739630090
5225,120834520,107255,120941775,3,0,0,512,13,2280139059
5226,120886890,85227,120972117,3,0,0,1024,13,3570156975
5227,120964740,96993,121061733,3,0,0,512,13,3356300602
5228,121288769,50672,121339441,6,0,0,2560,18,6175408693
5229,121340069,45596,121385665,6,0,0,1024,18,1144150960
5230,121378290,43904,121422194,3,0,0,512,13,2098963190
5231,121466379,59132,121525511,6,0,0,5120,18,6967642984
5232,121570371,11274,121581645,0,0,1,18432,29,9360274053
5233,121675600,13083,121688683,6,0,1,22016,18,10523413898
5234,121927220,50672,121977892,3,0,0,2560,13,2426437010
5235,121935190,55748,121990938,3,0,0,4096,13,3668794409
5236,122077339,107744,122185083,6,0,0,53760,18,9003747133
5237,122418309,109928,122528237,6,0,0,60928,18,910158765
5238,122430959,142530,122573489,6,0,0,48128,18,9684291723
5239,122473061,32816,122505877,5,0,1,53760,8,10036558688
5240,122492351,35901,122528252,0,0,1,6144,29,4576546259
5241,122537291,3898,122541189,0,0,1,4096,29,2671453110
5242,122773810,3645,122777455,6,0,1,10240,18,2328717428
5243,122830861,5971,122836832,0,0,1,14848,29,8329046761
5244,122837869,84512,122922381,6,0,0,12800,18,3093776063
5245,122890880,1994,122892874,9,0,1,2048,26,2222857341
5246,122953390,2870,122956260,9,0,1,8704,26,4911384711
5247,122992281,5326,122997607,0,0,1,5632,29,8659104662
5248,122998769,142982,123141751,6,0,0,25600,18,3522848595
5249,123028161,2870,123031031,0,0,1,8704,29,9063903742
5250,123082249,47288,123129537,6,0,0,1536,18,8411759561
5251,123082451,6229,123088680,7,0,1,15360,25,5651898656
5252,123090571,1994,123092565,0,0,1,2048,29,2608129740
5253,123120489,227543,123348032,6,0,0,75776,18,3339357182
5254,123151080,7706,123158786,2,0,1,8192,22,5880323142
5255,123204390,1994,123206384,9,0,1,2048,26,4137493610
5256,123243610,4374,123247984,9,0,1,4608,26,1126594497
5257,123276649,106921,123383570,6,0,0,14848,18,4518246679
5258,123326140,23402,123349542,9,0,1,1536,26,5407883993
5259,123377920,5665,123383585,9,0,1,13824,26,1639236378
5260,123479960,5802,123485762,2,0,1,6144,22,10408884092
5261,123531660,3422,123535082,8,0,1,3584,22,5416939334
5262,123649220,3422,123652642,8,0,1,3584,22,5625259320
5263,123687430,43904,123731334,3,0,0,512,13,3525027155
5264,123694840,1042,123695882,9,0,1,1024,26,8319233158
5265,123718420,566,123718986,2,0,1,512,22,3773688897
5266,123724670,2946,123727616,2,0,1,3072,22,4130832825
5267,123740340,3898,123744238,2,0,1,4096,22,4456055625
5268,123776469,153128,123929597,6,0,0,6144,18,9351619349
5269,123826920,73126,123900046,3,0,0,512,13,762412865
5270,123847470,1518,123848988,1,0,1,1536,29,6440211613
5271,123876740,2470,123879210,1,0,1,2560,29,8667992943
5272,123949640,1994,123951634,9,0,1,2048,26,1282785715
5273,123996810,566,123997376,1,0,1,512,29,9137705554
5274,124022750,6754,124029504,9,0,1,7168,26,6116178833
5275,124028870,3904,124032774,9,0,1,10752,26,3248852378
5276,124033920,1042,124034962,9,0,1,1024,26,9022213377
5277,124057150,3645,124060795,9,0,1,10240,26,8987403153
5278,124235820,1994,124237814,9,0,1,2048,26,1069391458
5279,124279649,69620,124349269,6,0,0,14336,18,2491214482
5280,124327130,4420,124331550,9,0,1,11776,26,1940099763
5281,124341580,7704,124349284,9,0,1,3584,26,1588711967
5282,124448479,96356,124544835,6,0,0,16384,18,1495519584
5283,124481990,1518,124483508,9,0,1,1536,26,4841889748
5284,124521250,1042,124522292,9,0,1,1024,26,2927189420
5285,124543930,48185,124592115,3,0,0,1536,13,7877527098
5286,124557519,49292,124606811,6,0,0,3072,18,960822972
5287,124640720,48980,124689700,3,0,0,2048,13,8944607256
5288,124658690,566,124659256,1,0,1,512,29,3174006904
5289,124715790,3898,124719688,1,0,1,4096,29,1078580097
5290,124748570,1994,124750564,9,0,1,2048,26,4040068850
5291,124789319,99944,124889263,6,0,0,28160,18,7971896531
5292,124798850,3898,124802748,1,0,1,4096,29,2790756870
5293,124875300,47288,124922588,3,0,0,1536,13,1174224909
5294,124879350,566,124879916,1,0,1,512,29,9014693792
5295,124917820,7230,124925050,1,0,1,7680,29,4256062852
5296,125060039,111020,125171059,6,0,0,64512,18,10210926354
5297,125126611,11533,125138144,4,0,1,18944,14,8926453292
5298,125197300,3128,125200428,9,0,1,9216,26,7664880011
5299,125235650,566,125236216,8,0,1,512,22,3100464284
5300,125244341,1994,125246335,4,0,1,2048,14,8691857363
5301,125249371,7706,125257077,4,0,1,8192,14,10485677185
5302,125273560,3904,125277464,9,0,1,10752,26,5326193281
5303,125307720,3645,125311365,1,0,1,10240,29,9053459550
5304,125314740,10757,125325497,1,0,1,17408,29,2043131731
5305,125324740,6754,125331494,8,0,1,7168,22,10451555815
5306,125336200,7706,125343906,8,0,1,8192,22,9775695120
5307,125352080,566,125352646,9,0,1,512,26,6060068355
5308,125394040,1042,125395082,9,0,1,1024,26,4331982419
5309,125416840,4850,125421690,9,0,1,5120,26,4625201895
5310,125455659,63140,125518799,6,0,0,8192,18,8380144336
5311,125469700,1042,125470742,1,0,1,1024,29,10570426613
5312,125480031,3128,125483159,4,0,1,9216,14,693848586
5313,125556500,12566,125569066,9,0,1,20992,26,9926355862
5314,125579430,2946,125582376,8,0,1,3072,22,5141449861
5315,125600880,7230,125608110,9,0,1,7680,26,8258150553
5316,125603860,4916,125608776,9,0,1,1024,26,96946653
5317,125604540,4582,125609122,9,0,1,512,26,8842161207
5318,125608470,3422,125611892,8,0,1,3584,22,8535790765
5319,125608550,3688,125612238,8,0,1,512,22,7664991066
5320,125622420,2470,125624890,8,0,1,2560,22,4362382001
5321,125663350,2470,125665820,8,0,1,2560,22,9610776008
5322,125668791,1042,125669833,4,0,1,1024,14,872537451
5323,125673289,137388,125810677,6,0,0,38400,18,2262051518
5324,125687271,2470,125689741,4,0,1,2560,14,3979672754
5325,125706921,5326,125712247,4,0,1,5632,14,3904055793
5326,125730339,115050,125845389,6,0,0,71168,18,364423915
5327,125748530,4850,125753380,1,0,1,5120,29,4799368591
5328,125782750,7230,125789980,1,0,1,7680,29,9333573123
5329,125840979,108979,125949958,6,0,0,37888,18,9162597624
5330,125900240,4937,125905177,1,0,1,12800,29,6492570049
5331,125925280,6278,125931558,9,0,1,6656,26,9581350917
5332,125927491,5454,125932945,4,0,1,13824,14,8559233195
5333,125968510,63612,126032122,3,0,0,512,13,4321936383
5334,125984291,4937,125989228,4,0,1,12800,14,7310625320
5335,125993649,77683,126071332,6,0,0,2048,18,9881527348
5336,125994350,45794,126040144,3,0,0,512,13,3770484078
5337,126003190,2946,126006136,1,0,1,3072,29,2748065080
5338,126022580,2470,126025050,9,0,1,2560,26,4934872546
5339,126043290,3898,126047188,1,0,1,4096,29,6594876219
5340,126055320,4937,126060257,1,0,1,12800,29,6475955889
5341,126060460,1042,126061502,9,0,1,1024,26,7560396716
5342,126079510,566,126080076,9,0,1,512,26,1077201634
5343,126095249,101348,126196597,6,0,0,32768,18,9317668714
5344,126175749,99788,126275537,6,0,0,27648,18,8348035880
5345,126189020,13388,126202408,9,0,1,6144,26,1934411428
5346,126195510,93605,126289115,3,0,0,512,13,1713858120
5347,126206950,1042,126207992,3,0,1,1024,13,7475632661
5348,126212389,144899,126357288,6,0,0,83456,18,7331824514
5349,126242400,3128,126245528,1,0,1,9216,29,3912136043
5350,126339950,61234,126401184,3,0,0,512,13,7587521073
5351,126460430,45596,126506026,3,0,0,1024,13,7411500632
5352,126507570,45596,126553166,3,0,0,1024,13,9447333593
5353,126589839,94820,126684659,6,0,0,16384,18,4475486719
5354,126601251,1518,126602769,0,0,1,1536,29,1817569885
5355,126618260,4374,126622634,1,0,1,4608,29,6090149868
5356,126640420,64633,126705053,3,0,0,1536,13,5793142296
5357,126723239,82400,126805639,6,0,0,20992,18,4890638152
5358,126773480,2470,126775950,1,0,1,2560,29,6785583643
5359,126793480,3128,126796608,1,0,1,9216,29,3250293771
5360,126906860,5326,126912186,1,0,1,5632,29,9143659851
5361,126961690,566,126962256,1,0,1,512,29,4637350038
5362,126990190,45596,127035786,3,0,0,1024,13,7786828997
5363,127039020,3128,127042148,6,0,1,9216,18,9954118242
5364,127063289,104468,127167757,6,0,0,43008,18,8568300731
5365,127111981,6278,127118259,0,0,1,6656,29,7523694798
5366,127187731,1518,127189249,0,0,1,1536,29,5758913393
5367,127197509,99320,127296829,6,0,0,26112,18,6568828413
5368,127211300,2470,127213770,1,0,1,2560,29,9873566907
5369,127287821,566,127288387,0,0,1,512,29,9166914286
5370,127334680,1518,127336198,2,0,1,1536,22,777971742
5371,127351970,566,127352536,1,0,1,512,29,9520575627
5372,127353100,4850,127357950,2,0,1,5120,22,5174312391
5373,127365860,1994,127367854,1,0,1,2048,29,5625460469
5374,127367070,2470,127369540,3,0,1,2560,13,10472029757
5375,127383560,43904,127427464,3,0,0,512,13,7307226438
5376,127396690,149958,127546648,3,0,0,1024,13,3927209927
5377,127399570,43904,127443474,3,0,0,512,13,3493371032
5378,127413771,5712,127419483,0,0,1,14336,29,10710122053
5379,127424280,3645,127427925,3,0,1,10240,13,5598711784
5380,127428850,1518,127430368,1,0,1,1536,29,3578245901
5381,127477151,6278,127483429,0,0,1,6656,29,4333814274
5382,127492270,4937,127497207,6,0,1,12800,18,5158037457
5383,127502330,2870,127505200,6,0,1,8704,18,10108495164
5384,127611630,45596,127657226,3,0,0,1024,13,6326844347
5385,127671140,5326,127676466,2,0,1,5632,22,8439130153
5386,127690520,35571,127726091,6,0,1,62464,18,3321339067
5387,127716489,176674,127893163,6,0,0,63488,18,4405803197
5388,127748680,114673,127863353,3,0,0,1536,13,3720416421
5389,127820620,3422,127824042,1,0,1,3584,29,1880864035
5390,127877400,116901,127994301,4,0,0,29184,14,2479817389
5391,127933030,52364,127985394,3,0,0,3072,13,3241977731
5392,127993850,82334,128076184,6,0,1,132608,18,6175709289
5393,128087799,133653,128221452,6,0,0,78848,18,3028517139
5394,128157880,1042,128158922,1,0,1,1024,29,10162552127
5395,128198580,25351,128223931,3,0,1,2560,13,5808853612
5396,128210259,184060,128394319,6,0,0,35840,18,8491728962
5397,128250900,87163,128338063,3,0,0,1024,13,307129459
5398,128281850,34367,128316217,6,0,1,56832,18,6282660020
5399,128281980,38423,128320403,1,0,1,6656,29,25837654
5400,128299380,49796,128349176,3,0,0,1024,13,10374078046
5401,128327470,5326,128332796,3,0,1,5632,13,4566659804
5402,128347100,4850,128351950,1,0,1,5120,29,5998919881
5403,128415950,4162,128420112,6,0,1,11264,18,8045870049
5404,128496930,1518,128498448,9,0,1,1536,26,8558065494
5405,128521110,4374,128525484,2,0,1,4608,22,1409305544
5406,128532999,43904,128576903,6,0,0,512,18,7042806428
5407,128537870,1042,128538912,1,0,1,1024,29,10151710642
5408,128573030,3128,128576158,3,0,1,9216,13,5584237135
5409,128607560,566,128608126,3,0,1,512,13,4290442884
5410,128668820,10757,128679577,2,0,1,17408,22,3182376819
5411,128698139,108836,128806975,6,0,0,57344,18,6104569434
5412,128704260,103042,128807302,3,0,0,1024,13,6804247648
5413,128728420,5326,128733746,1,0,1,5632,29,5703327937
5414,128743970,3422,128747392,9,0,1,3584,26,8622605441
5415,128753659,114024,128867683,6,0,0,17408,18,1931813650
5416,128795100,17390,128812490,3,0,1,13312,13,2953911817
5417,128810040,2796,128812836,2,0,1,512,22,3308779644
5418,128816170,2470,128818640,1,0,1,2560,29,5029425011
5419,128830540,140055,128970595,3,0,0,1024,13,8108080503
5420,128903380,566,128903946,9,0,1,512,26,7255077871
5421,128908530,10499,128919029,3,0,1,16896,13,7814361140
5422,128910320,20037,128930357,3,0,1,32256,13,10093447908
5423,128910530,20493,128931023,1,0,1,1024,29,934271725
5424,128926740,4949,128931689,9,0,1,1024,26,10196810329
5425,128933240,6278,128939518,9,0,1,6656,26,750051526
5426,128963510,13341,128976851,6,0,1,22528,18,4739125129
5427,129064500,3898,129068398,2,0,1,4096,22,10296353961
5428,129079410,7230,129086640,2,0,1,7680,22,9592599938
5429,129098680,125339,129224019,3,0,0,1024,13,7687716517
5430,129121250,2470,129123720,9,0,1,2560,26,7758076673
5431,129146110,45596,129191706,3,0,0,1024,13,4944731644
5432,129160189,213835,129374024,6,0,0,137216,18,2389686351
5433,129202389,84945,129287334,6,0,0,5120,18,185966333
5434,129207980,2946,129210926,2,0,1,3072,22,4543865230
5435,129209790,63765,129273555,3,0,0,512,13,8613096251
5436,129227700,1518,129229218,3,0,1,1536,13,2424296466
5437,129270700,2470,129273170,1,0,1,2560,29,2439645482
5438,129287920,7706,129295626,3,0,1,8192,13,8310168498
5439,129316200,4850,129321050,9,0,1,5120,26,2739700079
5440,129382620,3898,129386518,1,0,1,4096,29,1169367664
5441,129397000,2946,129399946,1,0,1,3072,29,3444586314
5442,129445260,3645,129448905,2,0,1,10240,22,8770960060
5443,129491980,1994,129493974,9,0,1,2048,26,7640417667
5444,129493500,12737,129506237,3,0,1,24576,13,5119612558
5445,129522090,12995,129535085,6,0,1,25088,18,7140297851
5446,129554700,13600,129568300,3,0,1,23040,13,6375867292
5447,129565570,5196,129570766,9,0,1,13312,26,583882858
5448,129589320,56846,129646166,3,0,0,512,13,9890598985
5449,129598120,4679,129602799,3,0,1,12288,13,5088504588
5450,129627940,1042,129628982,9,0,1,1024,26,7950043210
5451,129632480,4374,129636854,2,0,1,4608,22,7003531827
5452,129645540,14029,129659569,2,0,1,27136,22,6711750417
5453,129685120,4374,129689494,2,0,1,4608,22,2412483249
5454,129753351,7230,129760581,4,0,1,7680,14,2606887296
5455,129869600,2870,129872470,3,0,1,8704,13,3198269639
5456,129874840,2470,129877310,1,0,1,2560,29,612232589
5457,129880250,45596,129925846,3,0,0,1024,13,1518000957
5458,129904950,566,129905516,2,0,1,512,22,7167461632
5459,129918881,7706,129926587,7,0,1,8192,25,10002493152
5460,130000730,80552,130081282,9,0,0,19968,26,4360957449
5461,130000840,3422,130004262,9,0,1,3584,26,8525163605
5462,130045510,7230,130052740,9,0,1,7680,26,2006244731
5463,130084620,3898,130088518,2,0,1,4096,22,2496557757
5464,130142620,2870,130145490,3,0,1,8704,13,9613335051
5465,130152530,1518,130154048,3,0,1,1536,13,1223874993
5466,130195920,566,130196486,1,0,1,512,29,7281037462
5467,130227360,6754,130234114,2,0,1,7168,22,6245062517
5468,130238540,566,130239106,2,0,1,512,22,2599523996
5469,130353050,2870,130355920,9,0,1,8704,26,3437583750
5470,130399490,4374,130403864,2,0,1,4608,22,2958928613
5471,130419550,566,130420116,1,0,1,512,29,10336664051
5472,130618270,47288,130665558,3,0,0,1536,13,10715000869
5473,130646900,3422,130650322,3,0,1,3584,13,8781266225
5474,130665220,10571,130675791,3,0,1,16384,13,2356409478
5475,130669370,6767,130676137,3,0,1,512,13,387058408
5476,130704720,4162,130708882,9,0,1,11264,26,10119719421
5477,130718940,1042,130719982,1,0,1,1024,29,9764470244
5478,130776750,1042,130777792,2,0,1,1024,22,3432952460
5479,130799370,43904,130843274,3,0,0,512,13,2862165930
5480,130822350,2946,130825296,2,0,1,3072,22,2348185056
5481,130832670,1518,130834188,9,0,1,1536,26,3662564479
5482,130868390,6278,130874668,2,0,1,6656,22,3996758989
5483,130880420,4850,130885270,1,0,1,5120,29,3633812838
5484,130889410,2946,130892356,2,0,1,3072,22,10689217499
5485,130910540,566,130911106,1,0,1,512,29,3577709658
5486,130929310,566,130929876,3,0,1,512,13,4882681519
5487,131015270,4679,131019949,9,0,1,12288,26,9943637426
5488,131196090,12566,131208656,9,0,1,20992,26,9125047928
5489,131202030,44409,131246439,3,0,0,512,13,6525491
5490,131275500,3387,131278887,9,0,1,9728,26,8490975313
5491,131326120,3422,131329542,1,0,1,3584,29,7243722105
5492,131446430,116946,131563376,3,0,0,512,13,4872078453
5493,131465160,1042,131466202,2,0,1,1024,22,9360012009
5494,131482610,5971,131488581,2,0,1,14848,22,9093108661
5495,131607330,2470,131609800,1,0,1,2560,29,8929811880
5496,131608250,3816,131612066,9,0,1,3584,26,7760809223
5497,131618070,1042,131619112,2,0,1,1024,22,8736196911
5498,131760010,2470,131762480,1,0,1,2560,29,710481269
5499,131805370,566,131805936,3,0,1,512,13,1529244824
5500,131815320,2470,131817790,2,0,1,2560,22,2523928716
5501,131818380,2946,131821326,3,0,1,3072,13,8705341450
5502,131913840,2470,131916310,9,0,1,2560,26,4568956632
5503,131922560,52364,131974924,3,0,0,3072,13,3861010226
5504,131961060,3898,131964958,3,0,1,4096,13,6209697222
5505,131968630,7706,131976336,3,0,1,8192,13,10592174986
5506,131982670,45596,132028266,3,0,0,1024,13,6317728891
5507,132011890,7706,132019596,3,0,1,8192,13,1739853510
5508,132014470,9952,132024422,2,0,1,7680,22,744622774
5509,132075250,1518,132076768,9,0,1,1536,26,1142449015
5510,132162110,5326,132167436,9,0,1,5632,26,1205204103
5511,132184450,10757,132195207,2,0,1,17408,22,5081724931
5512,132279240,4420,132283660,3,0,1,11776,13,10046040780
5513,132298750,3645,132302395,3,0,1,10240,13,10330226596
5514,132384480,3898,132388378,2,0,1,4096,22,2294084472
5515,132393630,1518,132395148,2,0,1,1536,22,10556916078
5516,132403400,3898,132407298,3,0,1,4096,13,9752517276
5517,132476830,4854,132481684,2,0,1,5120,22,2605614835
5518,132481620,2946,132484566,3,0,1,3072,13,9320733085
5519,132514310,6754,132521064,3,0,1,7168,13,7360205587
5520,132563360,43904,132607264,3,0,0,512,13,6396388759
5521,132593810,2870,132596680,9,0,1,8704,26,4088198632
5522,132637040,5196,132642236,9,0,1,13312,26,35159849
5523,132638380,5802,132644182,9,0,1,3072,26,2635478019
5524,132652950,43904,132696854,3,0,0,512,13,4676781667
5525,132769890,2946,132772836,3,0,1,3072,13,10542544145
5526,132816220,6754,132822974,3,0,1,7168,13,5494594911
5527,132817150,10970,132828120,2,0,1,8192,22,5329195373
5528,132838640,1042,132839682,3,0,1,1024,13,10387381972
5529,132854100,3898,132857998,9,0,1,4096,26,2963523196
5530,132914800,47288,132962088,3,0,0,1536,13,3926103301
5531,133013550,1042,133014592,2,0,1,1024,22,2427971334
5532,133030790,5326,133036116,9,0,1,5632,26,8989795682
5533,133132650,3422,133136072,2,0,1,3584,22,3321505909
5534,133257610,5326,133262936,3,0,1,5632,13,9309668171
5535,133263550,43904,133307454,3,0,0,512,13,7968078088
5536,133350860,2470,133353330,2,0,1,2560,22,3214564307
5537,133358041,6754,133364795,7,0,1,7168,25,8849386805
5538,133365990,2470,133368460,9,0,1,2560,26,9820661294
5539,133367770,10241,133378011,3,0,1,16384,13,7716917692
5540,133377240,2077,133379317,2,0,1,2048,22,7756856268
5541,133389950,43904,133433854,3,0,0,512,13,10484780931
5542,133578540,52364,133630904,3,0,0,3072,13,7721290084
5543,133581800,6754,133588554,9,0,1,7168,26,5670135748
5544,133606410,1518,133607928,3,0,1,1536,13,3905910034
5545,133615290,1994,133617284,3,0,1,2048,13,10221480004
5546,133618230,566,133618796,3,0,1,512,13,3838049291
5547,133698680,1518,133700198,3,0,1,1536,13,5390964835
5548,133718500,5971,133724471,2,0,1,14848,22,1636928512
5549,133728441,2946,133731387,7,0,1,3072,25,10477822934
5550,133731940,2470,133734410,2,0,1,2560,22,6825016911
5551,133786991,1518,133788509,0,0,1,1536,29,10395768341
5552,133811110,1042,133812152,2,0,1,1024,22,9213034998
5553,133849770,3898,133853668,9,0,1,4096,26,9004599042
5554,133969520,2870,133972390,9,0,1,8704,26,7884213288
5555,133999190,1518,134000708,3,0,1,1536,13,10551461468
5556,134010020,43904,134053924,5,0,0,512,8,10095202332
5557,134019020,4850,134023870,9,0,1,5120,26,6155991475
5558,134028590,7230,134035820,2,0,1,7680,22,3529944308
5559,134087530,4374,134091904,9,0,1,4608,26,246616925
5560,134125860,2470,134128330,9,0,1,2560,26,8446176877
5561,134143080,566,134143646,2,0,1,512,22,7937116784
5562,134164470,1042,134165512,2,0,1,1024,22,5419054416
5563,134194870,1994,134196864,9,0,1,2048,26,4696684173
5564,134201220,151459,134352679,5,0,0,2560,8,7006186369
5565,134272260,43904,134316164,5,0,0,512,8,4875292081
5566,134359380,4937,134364317,3,0,1,12800,13,3455353074
5567,134385330,3904,134389234,3,0,1,10752,13,6582745114
5568,134616050,10757,134626807,9,0,1,17408,26,8911298639
5569,134754480,5454,134759934,9,0,1,13824,26,3302318813
5570,134820440,6278,134826718,9,0,1,6656,26,1931129684
5571,134837900,566,134838466,9,0,1,512,26,2086672622
5572,134854680,43904,134898584,3,0,0,512,13,2388012906
5573,134896640,45596,134942236,3,0,0,1024,13,8174625389
5574,134926910,1994,134928904,9,0,1,2048,26,2408121888
5575,134944630,43904,134988534,3,0,0,512,13,7554348355
5576,134995620,1994,134997614,2,0,1,2048,22,618487307
5577,135010420,2470,135012890,3,0,1,2560,13,4381834020
5578,135029200,43904,135073104,3,0,0,512,13,9565952506
5579,135133590,4850,135138440,2,0,1,5120,22,1816135491
5580,135217350,2946,135220296,9,0,1,3072,26,5986024006
5581,135239290,4850,135244140,2,0,1,5120,22,8855630589
5582,135275150,47288,135322438,3,0,0,1536,13,9808560111
5583,135275960,48014,135323974,3,0,0,1536,13,4930242488
5584,135298020,2946,135300966,9,0,1,3072,26,5079947481
5585,135343200,6754,135349954,2,0,1,7168,22,8658182719
5586,135364490,129231,135493721,5,0,0,115200,8,4557286706
5587,135434250,1518,135435768,2,0,1,1536,22,10061867524
5588,135460810,76807,135537617,3,0,0,512,13,4165086460
5589,135492400,47090,135539490,3,0,0,1536,13,2369584030
5590,135501040,6278,135507318,2,0,1,6656,22,6428692763
5591,135629620,1042,135630662,2,0,1,1024,22,3317093040
5592,135646180,43904,135690084,3,0,0,512,13,2029667565
5593,135712920,108056,135820976,5,0,0,54784,8,3280889642
5594,135781351,4374,135785725,7,0,1,4608,25,870033389
5595,135850850,43904,135894754,3,0,0,512,13,4363089961
5596,136117170,4850,136122020,9,0,1,5120,26,8100930072
5597,136117860,54359,136172219,3,0,0,512,13,3665426474
5598,136128820,2946,136131766,1,0,1,3072,29,489538079
5599,136192920,2870,136195790,2,0,1,8704,22,1807632212
5600,136269660,1518,136271178,2,0,1,1536,22,1020517641
5601,136387480,5802,136393282,9,0,1,6144,26,1494335755
5602,136502471,14029,136516500,5,0,1,27136,8,9961624222
5603,136507461,26535,136533996,5,0,1,38400,8,9397230156
5604,136587930,210248,136798178,2,0,0,228864,22,2388943849
5605,136590201,25446,136615647,5,0,1,46080,8,8133574610
5606,136596661,92621,136689282,5,0,1,138752,8,3875762408
5607,136604890,86338,136691228,2,0,1,3072,22,3676937640
5608,136604930,86964,136691894,9,0,1,1024,26,255667029
5609,136721101,77092,136798193,5,0,1,19456,8,10521169873
5610,136869690,103060,136972750,5,0,0,6144,8,5880766652
5611,136888730,100100,136988830,2,0,0,28672,22,7921519229
5612,136923540,4850,136928390,2,0,1,5120,22,9201353743
5613,136967510,56432,137023942,3,0,0,512,13,6218810434
5614,136991390,58738,137050128,3,0,0,1536,13,5785361193
5615,136992400,566,136992966,2,0,1,512,22,456434741
5616,137069900,81908,137151808,5,0,0,14336,8,1895254921
5617,137093351,13341,137106692,5,0,1,22528,8,5537712332
5618,137110240,6488,137116728,9,0,1,15872,26,8581121498
5619,137122270,566,137122836,2,0,1,512,22,3678193853
5620,137123870,185784,137309654,5,0,0,1536,8,2986453294
5621,137201340,4850,137206190,9,0,1,5120,26,3287701118
5622,137384220,122252,137506472,5,0,0,101376,8,2339163687
5623,137397060,1518,137398578,8,0,1,1536,22,1243809797
5624,137410830,4162,137414992,8,0,1,11264,22,8191993882
5625,137415930,103502,137519432,3,0,0,512,13,9555992807
5626,137417280,5802,137423082,8,0,1,6144,22,5116070434
5627,137423870,205476,137629346,3,0,0,12288,13,10059961057
5628,137456860,233943,137690803,5,0,0,83456,8,7194325670
5629,137502080,8758,137510838,8,0,1,4608,22,3982167999
5630,137525470,2946,137528416,9,0,1,3072,26,556672900
5631,137546880,4420,137551300,8,0,1,11776,22,7384164356
5632,137557520,242843,137800363,4,0,0,54272,14,264206625
5633,137585170,2470,137587640,8,0,1,2560,22,2938675768
5634,137593730,5802,137599532,9,0,1,6144,26,7494350544
5635,137595290,4908,137600198,8,0,1,1024,22,10550761017
5636,137688950,123307,137812257,4,0,0,38912,14,6852612296
5637,137698160,123682,137821842,4,0,0,1536,14,8119126067
5638,137717221,1994,137719215,7,0,1,2048,25,8962778848
5639,137722740,141968,137864708,5,0,0,17920,8,8790692478
5640,137781900,18486,137800386,8,0,1,8192,22,1750042497
5641,137788390,28225,137816615,9,0,1,4608,26,6026620241
5642,137797671,21850,137819521,7,0,1,4608,25,7285853522
5643,137807230,13597,137820827,8,0,1,2048,22,179869684
5644,137821041,10499,137831540,7,0,1,16896,25,9118287547
5645,137824390,55656,137880046,5,0,0,2560,8,8135049701
5646,137852510,3898,137856408,8,0,1,4096,22,6970511730
5647,137896050,566,137896616,8,0,1,512,22,3700282451
5648,137916380,2870,137919250,9,0,1,8704,26,4892374877
5649,138006041,2946,138008987,7,0,1,3072,25,6398740459
5650,138011760,139649,138151409,4,0,0,52736,14,8862817574
5651,138058450,13083,138071533,9,0,1,22016,26,6287580363
5652,138153590,177893,138331483,4,0,0,118784,14,1535756686
5653,138238320,108550,138346870,2,0,0,34816,22,3192198010
5654,138272090,140007,138412097,5,0,0,4608,8,7277051815
5655,138275710,6229,138281939,8,0,1,15360,22,3740401828
5656,138285270,3904,138289174,8,0,1,10752,22,5644215294
5657,138289381,1994,138291375,7,0,1,2048,25,5701531843
5658,138317210,83549,138400759,4,0,0,8192,14,7773208702
5659,138423770,100724,138524494,3,0,0,30720,13,524865844
5660,138456130,143130,138599260,2,0,0,48128,22,1611154951
5661,138480071,1042,138481113,7,0,1,1024,25,7827977951
5662,138498991,1042,138500033,7,0,1,1024,25,3786955166
5663,138534800,164642,138699442,4,0,0,48128,14,2875373095
5664,138555050,83696,138638746,2,0,0,10240,22,4664147525
5665,138571050,4850,138575900,8,0,1,5120,22,9623457409
5666,138579090,20201,138599291,8,0,1,21504,22,9841989864
5667,138583550,79288,138662838,5,0,0,1024,8,8085174953
5668,138589980,272694,138862674,5,0,0,84992,8,10443747850
5669,138614390,125716,138740106,3,0,0,68096,13,10206214305
5670,138620490,192606,138813096,3,0,0,34304,13,2459201648
5671,138659780,241577,138901357,3,0,0,9216,13,2683651051
5672,138668640,229894,138898534,5,0,0,56832,8,143379257
5673,138690151,49970,138740121,5,0,1,33792,8,6459801111
5674,138699751,40385,138740136,5,0,1,7168,8,8248356618
5675,138700600,134663,138835263,3,0,0,72704,13,2367788985
5676,138704031,36120,138740151,7,0,1,2048,25,664870039
5677,138726130,182418,138908548,3,0,0,23552,13,1658113516
5678,138760450,161898,138922348,5,0,0,17920,8,8262679331
5679,138787781,2946,138790727,7,0,1,3072,25,9900055281
5680,138819790,187127,139006917,3,0,0,65024,13,2033928375
5681,138836320,266594,139102914,4,0,0,11264,14,10351746491
5682,138906000,193467,139099467,5,0,0,140800,8,489888859
5683,138950180,1994,138952174,8,0,1,2048,22,10455138262
5684,138978130,1518,138979648,1,0,1,1536,29,7099258587
5685,138999090,230830,139229920,5,0,0,17920,8,7150207825
5686,139001661,8143,139009804,7,0,1,8704,25,3965104455
5687,139022850,103688,139126538,5,0,0,40448,8,150263393
5688,139025561,7230,139032791,7,0,1,7680,25,4416852669
5689,139048550,128562,139177112,2,0,0,8704,22,1752998483
5690,139052981,2470,139055451,7,0,1,2560,25,6826324732
5691,139062561,43809,139106370,7,0,1,3584,25,503950160
5692,139089770,36783,139126553,9,0,1,21504,26,7778323587
5693,139095210,150840,139246050,3,0,0,6656,13,1441147074
5694,139156131,5326,139161457,7,0,1,5632,25,7440833154
5695,139173000,336983,139509983,3,0,0,63488,13,1466719688
5696,139180300,99944,139280244,5,0,0,28160,8,10551849450
5697,139205101,12049,139217150,5,0,1,19968,8,729352697
5698,139299540,118717,139418257,5,0,0,10240,8,10051526171
5699,139347490,226183,139573673,3,0,0,44544,13,9775285743
5700,139356771,7706,139364477,7,0,1,8192,25,7203468146
5701,139360340,117816,139478156,4,0,0,32256,14,2038273398
5702,139370820,48980,139419800,2,0,0,2048,22,2718888585
5703,139458160,208375,139666535,3,0,0,121344,13,4574389204
5704,139625740,59132,139684872,2,0,0,5120,22,781320899
5705,139673420,99632,139773052,4,0,0,27136,14,5419963097
5706,139677540,7347,139684887,8,0,1,6144,22,4387030519
5707,139677691,7597,139685288,7,0,1,3072,25,492277957
5708,139692450,57440,139749890,2,0,0,4608,22,6268360103
5709,139734470,5326,139739796,8,0,1,5632,22,8757144701
5710,139872400,116324,139988724,3,0,0,81920,13,6129481681
5711,139904380,1994,139906374,8,0,1,2048,22,7356175944
5712,139932170,10757,139942927,6,0,1,17408,18,3962619147
5713,139938450,217481,140155931,3,0,0,48128,13,4520832302
5714,140049700,4420,140054120,8,0,1,11776,22,2148277794
5715,140050511,15651,140066162,7,0,1,21504,25,3977177523
5716,140125130,203280,140328410,2,0,0,2048,22,3419391422
5717,140129670,99788,140229458,4,0,0,27648,14,8241027730
5718,140146280,181491,140327771,3,0,0,8192,13,10685008337
5719,140151560,173700,140325260,3,0,0,109056,13,1954872207
5720,140163750,3904,140167654,8,0,1,10752,22,8807704590
5721,140189480,4679,140194159,8,0,1,12288,22,6304231421
5722,140265120,3904,140269024,8,0,1,10752,22,4452967786
5723,140276900,139397,140416297,3,0,0,121344,13,2758112016
5724,140350060,1042,140351102,8,0,1,1024,22,3020560664
5725,140597201,5326,140602527,7,0,1,5632,25,9510640363
5726,140643820,156880,140800700,2,0,0,6656,22,9640644539
5727,140713190,3422,140716612,8,0,1,3584,22,6029229850
5728,140823190,77924,140901114,4,0,0,16384,14,9636221776
5729,140892490,566,140893056,8,0,1,512,22,2131585080
5730,140899271,17414,140916685,5,0,1,30208,8,5030505027
5731,140903160,106363,141009523,2,0,0,25600,22,3006740241
5732,140954060,1042,140955102,2,0,1,1024,22,3379626773
5733,140976881,23895,141000776,5,0,1,43008,8,9315034267
5734,141006620,158393,141165013,4,0,0,24064,14,4738961642
5735,141067781,34108,141101889,5,0,1,56320,8,2267351042
5736,141073650,199257,141272907,3,0,0,512,13,3316634391
5737,141083491,57628,141141119,5,0,1,95744,8,3488719369
5738,141084230,58515,141142745,1,0,1,2560,29,8833326850
5739,141101030,46221,141147251,8,0,1,7168,22,391665413
5740,141189780,217308,141407088,2,0,0,22016,22,640523823
5741,141324020,108368,141432388,2,0,0,55808,22,8723062121
5742,141400660,9366,141410026,8,0,1,3072,22,6789230942
5743,141462500,5326,141467826,1,0,1,5632,29,729680735
5744,141468620,206871,141675491,2,0,0,31232,22,2975012866
5745,141515090,5326,141520416,1,0,1,5632,29,7527421068
5746,141520570,5326,141525896,1,0,1,5632,29,8205597524
5747,141539980,3128,141543108,1,0,1,9216,29,7174575247
5748,141544480,199318,141743798,3,0,0,57856,13,556654900
5749,141598451,2470,141600921,4,0,1,2560,14,2367751143
5750,141601840,159445,141761285,2,0,0,57344,22,10396977608
5751,141672850,53305,141726155,3,0,0,2560,13,7836059753
5752,141676121,11791,141687912,4,0,1,19456,14,1113956381
5753,141715980,160090,141876070,2,0,0,2560,22,3064193673
5754,141750180,11663,141761843,8,0,1,512,22,5972301645
5755,141790370,5326,141795696,8,0,1,5632,22,7137861497
5756,141805750,3128,141808878,1,0,1,9216,29,4413693025
5757,141847540,208323,142055863,3,0,0,91648,13,7258355010
5758,141903820,160014,142063834,4,0,0,26112,14,6323655541
5759,141914000,2470,141916470,1,0,1,2560,29,6819659536
5760,141928240,566,141928806,3,0,1,512,13,2400050442
5761,142056420,8924,142065344,3,0,1,1536,13,6002667456
5762,142136370,4162,142140532,8,0,1,11264,22,9835022879
5763,142167030,50672,142217702,2,0,0,2560,22,2084359414
5764,142218780,111020,142329800,4,0,0,64512,14,6490454770
5765,142253730,2470,142256200,9,0,1,2560,26,6600730655
5766,142257510,85760,142343270,2,0,0,16896,22,4468721782
5767,142387450,6278,142393728,1,0,1,6656,29,6124462770
5768,142406340,2470,142408810,9,0,1,2560,26,352424710
5769,142408510,1518,142410028,3,0,1,1536,13,2488225834
5770,142446180,2946,142449126,8,0,1,3072,22,359992116
5771,142454430,107900,142562330,3,0,0,54272,13,6145138695
5772,142477870,1518,142479388,8,0,1,1536,22,10305297594
5773,142479920,172932,142652852,4,0,0,123392,14,6318398955
5774,142483411,566,142483977,4,0,1,512,14,46924998
5775,142587380,1518,142588898,3,0,1,1536,13,8407583681
5776,142632950,119288,142752238,4,0,0,31232,14,7333118526
5777,142637630,18678,142656308,8,0,1,3584,22,5366108339
5778,142646670,114475,142761145,3,0,0,29184,13,8001393643
5779,142655531,2083,142657614,4,0,1,2048,14,2540468996
5780,142782861,6278,142789139,4,0,1,6656,14,7356837434
5781,142798091,2946,142801037,4,0,1,3072,14,2770192399
5782,142834520,566,142835086,8,0,1,512,22,8085668314
5783,142840620,2870,142843490,8,0,1,8704,22,9283060584
5784,142884000,202287,143086287,2,0,0,20992,22,6205101407
5785,142900311,4374,142904685,4,0,1,4608,14,1217969496
5786,142909850,5326,142915176,3,0,1,5632,13,2369229531
5787,142934291,2470,142936761,4,0,1,2560,14,6586541815
5788,142977451,3128,142980579,4,0,1,9216,14,1375019549
5789,143018100,4850,143022950,3,0,1,5120,13,7589603587
5790,143077990,103422,143181412,2,0,0,10752,22,3300894506
5791,143085430,3795,143089225,8,0,1,3072,22,7087180576
5792,143143780,97916,143241696,3,0,0,21504,13,6289608184
5793,143172310,100122,143272432,4,0,0,14848,14,6641365531
5794,143204500,91748,143296248,3,0,0,16384,13,6408274912
5795,143234980,64208,143299188,4,0,0,6656,14,10081023565
5796,143258900,60262,143319162,4,0,0,512,14,10386632255
5797,143312760,51786,143364546,4,0,0,1024,14,10089262285
5798,143364300,110634,143474934,2,0,0,62464,22,1044172470
5799,143428990,7706,143436696,3,0,1,8192,13,4315633677
5800,143442600,6278,143448878,3,0,1,6656,13,3986149969
5801,143461710,20939,143482649,8,0,1,8192,22,10258501619
5802,143466760,17195,143483955,3,0,1,2048,13,6076371982
5803,143492270,99164,143591434,3,0,0,25600,13,6467886035
5804,143527770,50205,143577975,4,0,0,512,14,7633574010
5805,143550931,6754,143557685,4,0,1,7168,14,3285522869
5806,143632980,5196,143638176,3,0,1,13312,13,3446377620
5807,143646790,1042,143647832,8,0,1,1024,22,4023756966
5808,143679150,58844,143737994,3,0,0,9216,13,5503955413
5809,143758130,4679,143762809,8,0,1,12288,22,9313522236
5810,143758661,8588,143767249,4,0,1,5632,14,4379548369
5811,143813331,6278,143819609,4,0,1,6656,14,10020617028
5812,143818300,129428,143947728,3,0,0,124928,13,6576827980
5813,143860980,2946,143863926,6,0,1,3072,18,30051069
5814,143924030,139557,144063587,3,0,0,1024,13,9047186058
5815,143962080,50672,144012752,4,0,0,2560,14,89155435
5816,144045080,10499,144055579,6,0,1,16896,18,9538338839
5817,144057471,7706,144065177,4,0,1,8192,14,3558655018
5818,144084980,52364,144137344,3,0,0,3072,13,5921093550
5819,144092010,83441,144175451,6,0,1,135680,18,1872674918
5820,144094171,83866,144178037,4,0,1,4096,14,7820032984
5821,144109990,68713,144178703,8,0,1,1024,22,355138349
5822,144110731,68318,144179049,4,0,1,512,14,7351619565
5823,144211461,566,144212027,7,0,1,512,25,8997764821
5824,144227300,60866,144288166,6,0,1,98304,18,8125866804
5825,144277950,34795,144312745,6,0,1,60928,18,2551370348
5826,144371640,52808,144424448,6,0,1,86016,18,3985620322
5827,144371701,57893,144429594,7,0,1,8192,25,5104186893
5828,144450950,157561,144608511,4,0,0,512,14,3532522518
5829,144453020,61791,144514811,4,0,0,1024,14,3156630507
5830,144479421,3898,144483319,4,0,1,4096,14,438551644
5831,144480251,7254,144487505,7,0,1,6656,25,2499885886
5832,144511890,3645,144515535,8,0,1,10240,22,9663997574
5833,144614460,103950,144718410,6,0,1,168960,18,2486898421
5834,144615691,105305,144720996,7,0,1,4096,25,8367107241
5835,144697330,26572,144723902,8,0,1,4608,22,343561317
5836,144700091,24272,144724363,0,0,1,10240,29,9644266410
5837,144736200,54358,144790558,6,0,1,89088,18,8428411337
5838,144809900,4850,144814750,6,0,1,5120,18,7934807365
5839,144838590,7706,144846296,8,0,1,8192,22,785204909
5840,144841890,15837,144857727,1,0,1,30720,29,7735537158
5841,144880610,118898,144999508,2,0,0,12288,22,4681188836
5842,144922390,566,144922956,1,0,1,512,29,7817583682
5843,144988581,3128,144991709,7,0,1,9216,25,5622992099
5844,144994881,5971,145000852,0,0,1,14848,29,701040365
5845,145021400,24154,145045554,6,0,1,43520,18,618156476
5846,145036420,12680,145049100,6,0,1,5632,18,7887465135
5847,145046310,199213,145245523,2,0,0,45056,22,5645455184
5848,145107200,566,145107766,1,0,1,512,29,6300555313
5849,145115480,2946,145118426,6,0,1,3072,18,7007550603
5850,145158960,184267,145343227,3,0,0,66048,13,10418463004
5851,145187430,99113,145286543,4,0,0,3072,14,1828478373
5852,145232860,45471,145278331,6,0,1,53760,18,809577592
5853,145258090,26245,145284335,6,0,1,20480,18,1047703841
5854,145260420,35154,145295574,6,0,1,37376,18,8302989312
5855,145260500,82750,145343250,6,0,1,97792,18,7677853320
5856,145282660,328541,145611201,4,0,0,1024,14,8870185398
5857,145292610,221337,145513947,2,0,0,131072,22,5711293371
5858,145298260,362618,145660878,2,0,0,42496,22,9353489862
5859,145320171,23094,145343265,0,0,1,3072,29,7037719766
5860,145322750,20530,145343280,6,0,1,15360,18,6144317785
5861,145332971,17047,145350018,7,0,1,7168,25,1619867158
5862,145340190,362044,145702234,3,0,0,86528,13,3508005969
5863,145353771,4850,145358621,7,0,1,5120,25,7036816548
5864,145367700,23895,145391595,6,0,1,43008,18,3510842612
5865,145371000,24141,145395141,1,0,1,5632,29,6542627867
5866,145371900,37424,145409324,6,0,1,48640,18,7014034926
5867,145492330,140561,145632891,4,0,0,512,14,4167265184
5868,145505821,8726,145514547,7,0,1,512,25,5656554441
5869,145509430,138485,145647915,2,0,0,41984,22,4711759689
5870,145533511,566,145534077,0,0,1,512,29,3595098744
5871,145574290,3422,145577712,1,0,1,3584,29,799146538
5872,145578210,4374,145582584,1,0,1,4608,29,875325396
5873,145596770,105651,145702421,4,0,0,512,14,816964250
5874,145613360,1518,145614878,1,0,1,1536,29,7181349894
5875,145647811,15546,145663357,7,0,1,2560,25,6767603666
5876,145656810,49681,145706491,2,0,0,1024,22,1315580291
5877,145664821,7706,145672527,0,0,1,8192,29,10268780210
5878,145672370,165725,145838095,3,0,0,3584,13,9970095169
5879,145687711,18091,145705802,7,0,1,3584,25,8712390333
5880,145695071,12357,145707428,0,0,1,2560,29,5992162756
5881,145715510,32987,145748497,6,0,1,57344,18,9584878084
5882,145731420,17423,145748843,2,0,1,512,22,9849905351
5883,145761631,566,145762197,0,0,1,512,29,7794898444
5884,145768750,86454,145855204,6,0,1,144896,18,10133723689
5885,145814080,42110,145856190,6,0,1,1536,18,6962603087
5886,145832780,224430,146057210,3,0,0,141824,13,10679696276
5887,145842460,162480,146004940,2,0,0,33280,22,1628212361
5888,145873700,11791,145885491,6,0,1,19456,18,3721899977
5889,145885041,1116,145886157,7,0,1,1024,25,1534670262
5890,145903740,512112,146415852,3,0,0,201728,13,6733643683
5891,145906631,566,145907197,0,0,1,512,29,7486841515
5892,145926431,6754,145933185,0,0,1,7168,29,3588983990
5893,145963771,4850,145968621,7,0,1,5120,25,6960310534
5894,145968960,336087,146305047,2,0,0,156160,22,10242972185
5895,145992671,1518,145994189,0,0,1,1536,29,9714023808
5896,145994720,10235,146004955,3,0,1,512,13,7742700564
5897,146027360,34563,146061923,6,0,1,12288,18,6603328693
5898,146043651,20759,146064410,7,0,1,3584,25,4355767326
5899,146055001,270414,146325415,7,0,0,19456,25,6998070284
5900,146061350,405612,146466962,4,0,0,1536,14,9046136239
5901,146086410,120543,146206953,2,0,0,11776,22,4488973662
5902,146092220,10499,146102719,6,0,1,16896,18,6425844406
5903,146122380,5971,146128351,6,0,1,14848,18,6808167717
5904,146127521,338912,146466433,7,0,0,86528,25,9053827605
5905,146160551,2470,146163021,7,0,1,2560,25,7909080657
5906,146177761,4850,146182611,7,0,1,5120,25,8948328542
5907,146220920,125619,146346539,4,0,0,1024,14,1213593603
5908,146237040,15062,146252102,6,0,1,29184,18,4435998348
5909,146240851,13517,146254368,7,0,1,3584,25,6587726500
5910,146261841,54798,146316639,7,0,1,18944,25,1341652529
5911,146263781,54804,146318585,0,0,1,3072,29,6962877415
5912,146280460,44970,146325430,6,0,1,14848,18,9398993555
5913,146298601,26844,146325445,0,0,1,3072,29,980380372
5914,146350341,1994,146352335,7,0,1,2048,25,5755323491
5915,146351410,74867,146426277,6,0,1,122368,18,7531150070
5916,146355710,488253,146843963,3,0,0,30208,13,7977050675
5917,146399810,66638,146466448,6,0,1,45056,18,8663309674
5918,146413431,53032,146466463,5,0,1,31232,8,10127739971
5919,146436770,189062,146625832,3,0,0,29184,13,7484766529
5920,146449700,18263,146467963,1,0,1,1024,29,3162847853
5921,146453800,19404,146473204,6,0,1,14848,18,5366971446
5922,146511670,194880,146706550,3,0,0,71168,13,2330059246
5923,146543531,218372,146761903,7,0,0,2560,25,292733038
5924,146634960,82149,146717109,6,0,1,133120,18,5950264039
5925,146636430,371890,147008320,3,0,0,18432,13,1801704488
5926,146644491,103570,146748061,5,0,1,98816,8,1010237435
5927,146652970,277006,146929976,3,0,0,81920,13,5090885128
5928,146701850,311630,147013480,4,0,0,512,14,9277125683
5929,146711801,40766,146752567,7,0,1,7168,25,7065055211
5930,146711950,285872,146997822,3,0,0,99328,13,2862226374
5931,146716000,41713,146757713,6,0,1,8192,18,7829544149
5932,146740550,262139,147002689,2,0,0,15872,22,8878086301
5933,146760850,143109,146903959,4,0,0,512,14,1720518300
5934,146764110,166053,146930163,4,0,0,512,14,6550335503
5935,146791721,5196,146796917,5,0,1,13312,8,453068147
5936,146793850,6350,146800200,1,0,1,4608,29,962411087
5937,146859111,4850,146863961,5,0,1,5120,8,4600306264
5938,146879781,3645,146883426,7,0,1,10240,25,7197256216
5939,146918800,426333,147345133,2,0,0,48640,22,4166996281
5940,146918940,307821,147226761,4,0,0,1024,14,2887038537
5941,146935080,11274,146946354,1,0,1,18432,29,2804545602
5942,146948471,277963,147226434,7,0,0,74752,25,9814189777
5943,146956430,129570,147086000,9,0,0,3072,26,4911686373
5944,146971930,36940,147008870,1,0,1,512,29,620362624
5945,146971940,100486,147072426,1,0,1,104448,29,9468568074
5946,146993220,84800,147078020,6,0,1,18432,18,3816608330
5947,147053821,29384,147083205,5,0,1,16384,8,4167050435
5948,147071060,30491,147101551,1,0,1,49152,29,8863856904
5949,147145470,313863,147459333,3,0,0,177664,13,4767964137
5950,147165540,239638,147405178,2,0,0,61952,22,5140583767
5951,147195150,566,147195716,8,0,1,512,22,9427620319
5952,147247060,1042,147248102,8,0,1,1024,22,469131570
5953,147249060,96088,147345148,1,0,1,131584,29,6000630063
5954,147253390,287116,147540506,3,0,0,109568,13,4940935541
5955,147267010,78153,147345163,1,0,1,18944,29,7078263952
5956,147271641,73537,147345178,4,0,1,4608,14,9717905101
5957,147344570,318378,147662948,2,0,0,103936,22,8810857121
5958,147375891,375741,147751632,7,0,0,67072,25,9848478947
5959,147383660,1042,147384702,8,0,1,1024,22,7750324901
5960,147397731,69267,147466998,7,0,1,8192,25,854584309
5961,147433830,278372,147712202,3,0,0,52736,13,5091056898
5962,147471940,4374,147476314,8,0,1,4608,22,9804741928
5963,147559010,133141,147692151,4,0,0,1536,14,9177573553
5964,147577010,2946,147579956,1,0,1,3072,29,2871772612
5965,147617180,4850,147622030,2,0,1,5120,22,6981912140
5966,147702500,11688,147714188,6,0,1,2048,18,8844149873
5967,147732490,20176,147752666,2,0,1,1024,22,6904367671
5968,147786790,7230,147794020,8,0,1,7680,22,4035024225
5969,147805220,136003,147941223,2,0,0,32768,22,6610836281
5970,147812470,96716,147909186,2,0,0,27648,22,8053829092
5971,147834030,45596,147879626,4,0,0,1024,14,5952415944
5972,147834220,566,147834786,8,0,1,512,22,2221770573
5973,147850771,566,147851337,7,0,1,512,25,7669727784
5974,147858350,3645,147861995,1,0,1,10240,29,3521724873
5975,147890260,58492,147948752,3,0,0,2560,13,8186284696
5976,147890480,2470,147892950,2,0,1,2560,22,2054428811
5977,147901300,177546,148078846,9,0,0,8192,26,10146718840
5978,147915580,196809,148112389,9,0,0,42496,26,9858811691
5979,147933470,119447,148052917,9,0,0,28672,26,7159479668
5980,147940410,187461,148127871,9,0,0,20480,26,458467151
5981,147957850,163758,148121608,2,0,0,30208,22,10231436272
5982,147961530,3422,147964952,6,0,1,3584,18,8448397765
5983,147966711,4420,147971131,7,0,1,11776,25,9061044479
5984,147977960,150082,148128042,4,0,0,512,14,2545974624
5985,147979370,566,147979936,8,0,1,512,22,3111762924
5986,147998120,78215,148076335,4,0,0,3584,14,6353072491
5987,147999500,2470,148001970,6,0,1,2560,18,1213750811
5988,148061120,7706,148068826,8,0,1,8192,22,1462459429
5989,148064060,4920,148068980,1,0,1,8704,29,2301838464
5990,148069240,259018,148328258,3,0,0,36864,13,109597572
5991,148092301,3645,148095946,7,0,1,10240,25,6889995570
5992,148107841,209170,148317011,7,0,0,92160,25,1988002164
5993,148146110,1518,148147628,8,0,1,1536,22,9803515026
5994,148146800,1814,148148614,6,0,1,1536,18,1602618629
5995,148214400,186242,148400642,1,0,1,302592,29,6050697238
5996,148214641,245263,148459904,7,0,0,9216,25,1550778305
5997,148239200,162748,148401948,6,0,1,2048,18,217110700
5998,148244331,159883,148404214,7,0,1,3584,25,9836706709
5999,148299150,283967,148583117,4,0,0,2560,14,3415445473
6000,148340970,298343,148639313,2,0,0,30720,22,1864733182
6001,148354860,50980,148405840,1,0,1,2560,29,10628379510
6002,148357690,50096,148407786,8,0,1,3072,22,2948956002
6003,148364810,310077,148674887,2,0,0,75776,22,3604747138
6004,148366950,41502,148408452,2,0,1,1024,22,8266221699
6005,148373890,35228,148409118,6,0,1,1024,18,3398871276
6006,148400760,10304,148411064,8,0,1,3072,22,10199292469
6007,148445190,1518,148446708,1,0,1,1536,29,3335241685
6008,148463710,21658,148485368,1,0,1,35328,29,3918393018
6009,148502280,173402,148675682,4,0,0,2560,14,8623754772
6010,148523640,6278,148529918,2,0,1,6656,22,5265107979
6011,148538950,16613,148555563,1,0,1,32256,29,1263692914
6012,148549121,266733,148815854,7,0,0,87040,25,760171281
6013,148617581,171730,148789311,7,0,0,72704,25,6637833437
6014,148619851,1994,148621845,7,0,1,2048,25,2437814627
6015,148711751,160174,148871925,7,0,0,12800,25,7384210940
6016,148717941,3898,148721839,7,0,1,4096,25,7385491101
6017,148733540,4374,148737914,6,0,1,4608,18,1027980316
6018,148778181,40102,148818283,0,0,1,2560,29,4130606673
6019,148793130,36579,148829709,1,0,1,22016,29,4714321686
6020,148832960,196462,149029422,2,0,0,44032,22,4217038380
6021,148838740,7706,148846446,6,0,1,8192,18,3713361019
6022,148843380,3904,148847284,6,0,1,10752,18,2040558655
6023,148860370,11570,148871940,6,0,1,8192,18,7629017817
6024,148906380,4374,148910754,6,0,1,4608,18,153959267
6025,148907280,6380,148913660,6,0,1,4608,18,3321804491
6026,148933270,134064,149067334,4,0,0,512,14,6565576894
6027,148955390,45596,149000986,4,0,0,1024,14,108309756
6028,149037051,1994,149039045,7,0,1,2048,25,8668352927
6029,149058280,3422,149061702,8,0,1,3584,22,48000280
6030,149115530,2946,149118476,8,0,1,3072,22,8001740836
6031,149116921,3501,149120422,7,0,1,3072,25,1588462451
6032,149125330,221257,149346587,2,0,0,95744,22,8998269968
6033,149148800,152446,149301246,4,0,0,512,14,4100949844
6034,149171690,3898,149175588,8,0,1,4096,22,2414337706
6035,149246630,56308,149302938,4,0,0,1024,14,1490362351
6036,149276130,6229,149282359,1,0,1,15360,29,5051678796
6037,149291020,102163,149393183,2,0,0,12288,22,9643460735
6038,149291540,56778,149348318,9,0,0,5632,26,5968247259
6039,149303540,110633,149414173,2,0,0,27136,22,2227877934
6040,149307350,98540,149405890,2,0,0,23552,22,5035590898
6041,149313430,1518,149314948,8,0,1,1536,22,4106718090
6042,149380300,12898,149393198,8,0,1,18432,22,6045589223
6043,149447601,23120,149470721,5,0,1,41472,8,10673142798
6044,149466330,81308,149547638,2,0,0,17408,22,9058556560
6045,149472491,161391,149633882,7,0,0,107520,25,1059795082
6046,149473161,1518,149474679,4,0,1,1536,14,252335569
6047,149490700,185533,149676233,2,0,0,57856,22,6213642177
6048,149538530,96155,149634685,4,0,0,2560,14,10392758847
6049,149565531,7230,149572761,7,0,1,7680,25,8522573342
6050,149573081,1994,149575075,7,0,1,2048,25,3053674200
6051,149591450,58956,149650406,2,0,0,4608,22,4965655913
6052,149597410,162010,149759420,2,0,0,33792,22,1147169039
6053,149615490,62379,149677869,1,0,1,70656,29,6826436240
6054,149631931,128908,149760839,7,0,0,4608,25,2439781276
6055,149678511,10241,149688752,0,0,1,16384,29,2581227336
6056,149679391,14507,149693898,0,0,1,8192,29,10319489671
6057,149703861,155334,149859195,7,0,0,66560,25,4786298065
6058,149740761,1518,149742279,7,0,1,1536,25,6374574368
6059,149747610,13244,149760854,3,0,1,16896,13,6217843235
6060,149758710,100820,149859530,4,0,0,1024,14,1762894093
6061,149792200,10757,149802957,1,0,1,17408,29,4800606710
6062,149839710,161594,150001304,9,0,0,45056,26,10030376586
6063,149915920,24154,149940074,1,0,1,43520,29,10686406038
6064,149927761,16819,149944580,0,0,1,7168,29,4946308001
6065,149928020,168251,150096271,4,0,0,1024,14,5886331536
6066,150030910,7706,150038616,1,0,1,8192,29,7879317553
6067,150041811,2470,150044281,0,0,1,2560,29,7920286561
6068,150045861,4850,150050711,0,0,1,5120,29,2099384050
6069,150056850,80779,150137629,4,0,0,512,14,1848049906
6070,150062140,566,150062706,8,0,1,512,22,2922077488
6071,150079540,45596,150125136,4,0,0,1024,14,3932519592
6072,150082321,7230,150089551,0,0,1,7680,29,5407529175
6073,150173591,117346,150290937,5,0,1,195072,8,696486038
6074,150228330,219968,150448298,4,0,0,512,14,2945264229
6075,150237990,362943,150600933,9,0,0,43520,26,9268396783
6076,150244460,52378,150296838,1,0,1,28160,29,3872103715
6077,150250910,208089,150458999,9,0,0,17408,26,9274165541
6078,150296910,3645,150300555,8,0,1,10240,22,9850472066
6079,150303590,146946,150450536,1,0,1,242688,29,7576531332
6080,150312500,139022,150451522,9,0,1,1536,26,8949768459
6081,150335730,117098,150452828,6,0,1,2048,18,8571251623
6082,150379631,79391,150459022,0,0,1,7168,29,8026004477
6083,150380780,168504,150549284,4,0,0,1024,14,9253999631
6084,150391341,135695,150527036,7,0,0,512,25,6900939581
6085,150434451,29194,150463645,0,0,1,22016,29,6938479768
6086,150456630,8295,150464925,8,0,1,14336,22,8183991014
6087,150461920,3991,150465911,8,0,1,1536,22,3655115796
6088,150473671,13091,150486762,0,0,1,22016,29,3338057948
6089,150473720,234878,150708598,2,0,0,15360,22,3758487088
6090,150519030,3422,150522452,8,0,1,3584,22,10315032009
6091,150557880,144495,150702375,4,0,0,512,14,10550874752
6092,150580801,2470,150583271,0,0,1,2560,29,201966916
6093,150614240,7230,150621470,8,0,1,7680,22,428106818
6094,150645020,1042,150646062,8,0,1,1024,22,3271523819
6095,150653800,59132,150712932,2,0,0,5120,22,7475261809
6096,150655630,198936,150854566,2,0,0,75776,22,1511559538
6097,150694061,5454,150699515,7,0,1,13824,25,9914203776
6098,150761011,143659,150904670,7,0,0,35840,25,2353135327
6099,150818391,4679,150823070,0,0,1,12288,29,1675360661
6100,150838660,147716,150986376,2,0,0,512,22,2346615457
6101,150839210,103320,150942530,2,0,0,12288,22,1421212861
6102,150853140,52013,150905153,4,0,0,1536,14,6894018148
6103,151043261,115856,151159117,7,0,0,80384,25,6805549431
6104,151069700,5454,151075154,1,0,1,13824,29,5175778107
6105,151076871,97373,151174244,7,0,0,11776,25,8070150737
6106,151109020,132981,151242001,2,0,0,52736,22,2017368804
6107,151211510,88676,151300186,2,0,0,16384,22,8334523393
6108,151212600,211078,151423678,2,0,0,19968,22,426303480
6109,151238140,246804,151484944,2,0,0,54784,22,7548748505
6110,151248150,70738,151318888,4,0,0,1024,14,7361804553
6111,151252560,3645,151256205,1,0,1,10240,29,7600282355
6112,151255901,12566,151268467,0,0,1,20992,29,8065665211
6113,151260870,9543,151270413,1,0,1,3072,29,1730030443
6114,151269341,148238,151417579,7,0,0,74240,25,3562547784
6115,151286071,566,151286637,0,0,1,512,29,8663615920
6116,151287020,61862,151348882,4,0,0,2560,14,3087693320
6117,151297411,167778,151465189,7,0,0,32768,25,4313267092
6118,151300440,1518,151301958,1,0,1,1536,29,1609573117
6119,151313621,134432,151448053,7,0,0,47104,25,468783675
6120,151320940,5802,151326742,1,0,1,6144,29,8195773875
6121,151445730,2881,151448611,8,0,1,512,22,7576488013
6122,151452790,566,151453356,1,0,1,512,29,6424392718
6123,151582130,47288,151629418,4,0,0,1536,14,10300546453
6124,151649141,52364,151701505,7,0,0,3072,25,436924205
6125,151773590,97292,151870882,2,0,0,19456,22,6901396092
6126,151782460,7230,151789690,1,0,1,7680,29,4406510558
6127,151853211,4679,151857890,0,0,1,12288,29,6293703910
6128,151867781,6480,151874261,0,0,1,9728,29,8487255904
6129,151979610,6754,151986364,2,0,1,7168,22,2442448323
6130,152018611,311773,152330384,7,0,0,41472,25,3985705686
6131,152051610,4850,152056460,2,0,1,5120,22,1251080676
6132,152081921,3898,152085819,0,0,1,4096,29,435106048
6133,152122631,1042,152123673,0,0,1,1024,29,1883917854
6134,152185941,3422,152189363,4,0,1,3584,14,561598698
6135,152267290,6754,152274044,2,0,1,7168,22,4386537087
6136,152350761,81128,152431889,7,0,0,11776,25,2770051523
6137,152355790,43904,152399694,4,0,0,512,14,3485604022
6138,152473410,139760,152613170,2,0,0,133632,22,4982069549
6139,152655880,48980,152704860,2,0,0,2048,22,790870389
6140,152667650,2470,152670120,2,0,1,2560,22,10504681914
6141,152674511,131744,152806255,7,0,0,38400,25,8748786499
6142,152695511,75920,152771431,7,0,0,14848,25,9359935881
6143,152735090,1042,152736132,2,0,1,1024,22,6768181807
6144,152752470,53956,152806426,4,0,0,512,14,6040395200
6145,152782610,57485,152840095,4,0,0,1024,14,5129678239
6146,152811140,11274,152822414,9,0,1,18432,26,10363732501
6147,152825600,1518,152827118,6,0,1,1536,18,7224878472
6148,152855350,162077,153017427,8,0,0,4608,22,2482920174
6149,152862961,139202,153002163,7,0,0,7168,25,8273435242
6150,152887111,100880,152987991,7,0,0,31232,25,6957298260
6151,152889100,57431,152946531,4,0,0,1024,14,6318817359
6152,152966451,1994,152968445,0,0,1,2048,29,3074821808
6153,152971451,83600,153055051,7,0,0,14848,25,2603423751
6154,153009090,2946,153012036,3,0,1,3072,13,10255925061
6155,153022690,131313,153154003,2,0,0,39936,22,239627910
6156,153052970,5019,153057989,3,0,1,3072,13,9289175721
6157,153066630,1042,153067672,3,0,1,1024,13,3008764451
6158,153124281,102399,153226680,5,0,1,165888,8,4300815814
6159,153134381,426251,153560632,7,0,0,132608,25,8102167312
6160,153160590,69956,153230546,2,0,1,6144,22,5209999404
6161,153198040,35732,153233772,6,0,1,5120,18,10020976121
6162,153216971,23317,153240288,5,0,1,31232,8,5613543803
6163,153217010,303195,153520205,2,0,0,22528,22,7348294206
6164,153256621,122879,153379500,7,0,0,1024,25,5388806092
6165,153266650,328051,153594701,2,0,0,55296,22,530552687
6166,153273571,26738,153300309,5,0,1,48640,8,7350745465
6167,153279111,23144,153302255,0,0,1,3072,29,3609841245
6168,153292560,11641,153304201,2,0,1,3072,22,1492600100
6169,153320891,6278,153327169,4,0,1,6656,14,7616242312
6170,153322601,107158,153429759,7,0,0,23040,25,8066861119
6171,153326310,4162,153330472,2,0,1,11264,22,1936092972
6172,153339191,44404,153383595,5,0,1,76288,8,3327868015
6173,153339331,50063,153389394,5,0,1,19456,8,2291095091
6174,153344520,48100,153392620,6,0,1,5120,18,1430228465
6175,153363610,197349,153560959,4,0,0,1024,14,10333433324
6176,153381970,12276,153394246,2,0,1,2560,22,7542390263
6177,153385371,9131,153394502,0,0,1,9216,29,10016503898
6178,153407271,246200,153653471,7,0,0,35328,25,8134774688
6179,153410761,1042,153411803,5,0,1,1024,8,4243171394
6180,153417651,1518,153419169,5,0,1,1536,8,1517332835
6181,153422891,7902,153430793,5,0,1,1024,8,2280182991
6182,153443480,344300,153787780,2,0,0,139264,22,1333914386
6183,153483660,2470,153486130,2,0,1,2560,22,5994690142
6184,153512480,566,153513046,2,0,1,512,22,7478690334
6185,153516260,123829,153640089,2,0,0,9728,22,9890303032
6186,153545800,16669,153562469,6,0,1,1536,18,7114580457
6187,153617301,2946,153620247,5,0,1,3072,8,6269063606
6188,153620090,4679,153624769,6,0,1,12288,18,310532769
6189,153641941,11545,153653486,5,0,1,14336,8,1105376683
6190,153713400,2470,153715870,6,0,1,2560,18,1012707741
6191,153724941,2870,153727811,0,0,1,8704,29,5707456883
6192,153784400,124608,153909008,2,0,0,50688,22,3680917997
6193,153785600,3715,153789315,2,0,1,1536,22,4742315698
6194,153823421,2870,153826291,0,0,1,8704,29,9489160377
6195,153868360,3898,153872258,6,0,1,4096,18,10601563491
6196,153908330,3140,153911470,2,0,1,2560,22,2709360535
6197,154035350,85916,154121266,2,0,0,17408,22,3911267542
6198,154050591,170869,154221460,7,0,0,118272,25,3019690127
6199,154051510,92137,154143647,4,0,0,512,14,8128149919
6200,154096941,3904,154100845,5,0,1,10752,8,8948977841
6201,154102871,1518,154104389,0,0,1,1536,29,1438135547
6202,154154341,68561,154222902,7,0,0,4608,25,6532564325
6203,154166230,4374,154170604,6,0,1,4608,18,9062499026
6204,154184050,37425,154221475,6,0,1,17920,18,7410132021
6205,154204190,195684,154399874,2,0,0,4608,22,5522215767
6206,154235760,6278,154242038,2,0,1,6656,22,1135150828
6207,154243610,2946,154246556,6,0,1,3072,18,9068982827
6208,154257960,11274,154269234,9,0,1,18432,26,9152601318
6209,154320011,4420,154324431,5,0,1,11776,8,6773416037
6210,154427220,65900,154493120,2,0,0,7168,22,996159474
6211,154488280,132132,154620412,2,0,0,129536,22,3087006282
6212,154505170,6278,154511448,2,0,1,6656,22,10215765873
6213,154509890,110693,154620583,4,0,0,512,14,413013364
6214,154519470,212885,154732355,2,0,0,19456,22,8667103804
6215,154565451,117825,154683276,7,0,0,40448,25,9545184693
6216,154608961,14560,154623521,5,0,1,3072,8,2386743368
6217,154624701,1042,154625743,7,0,1,1024,25,112246195
6218,154651541,5802,154657343,7,0,1,6144,25,883648002
6219,154712010,50672,154762682,2,0,0,2560,22,6836655530
6220,154778210,6754,154784964,2,0,1,7168,22,1862926050
6221,154842220,5326,154847546,2,0,1,5632,22,5808027873
6222,154859110,47288,154906398,4,0,0,1536,14,1342472008
6223,154885021,103829,154988850,7,0,0,24576,25,6536914631
6224,155015440,94920,155110360,2,0,0,18432,22,6175533537
6225,155023271,1042,155024313,7,0,1,1024,25,10168930570
6226,155025280,4850,155030130,2,0,1,5120,22,10313109672
6227,155130411,1042,155131453,7,0,1,1024,25,1796866159
6228,155141411,4374,155145785,7,0,1,4608,25,7978454687
6229,155141710,59202,155200912,4,0,0,512,14,9760535210
6230,155143761,103933,155247694,7,0,0,11776,25,6338633134
6231,155156531,81308,155237839,7,0,0,17408,25,8425935590
6232,155164180,1994,155166174,2,0,1,2048,22,5605697131
6233,155224270,5196,155229466,2,0,1,13312,22,620774064
6234,155297400,54056,155351456,2,0,0,3584,22,10595648331
6235,155353990,117491,155471481,2,0,0,52224,22,10151136065
6236,155373421,151490,155524911,7,0,0,39936,25,3514599176
6237,155400641,4420,155405061,7,0,1,11776,25,5148437761
6238,155403410,83377,155486787,4,0,0,512,14,4531068706
6239,155448991,104156,155553147,7,0,0,41984,25,151911070
6240,155468761,4706,155473467,7,0,1,2048,25,8454835707
6241,155589630,45596,155635226,4,0,0,1024,14,981575786
6242,155628330,4162,155632492,2,0,1,11264,22,482826405
6243,155633710,4162,155637872,2,0,1,11264,22,10406662228
6244,155636830,7599,155644429,2,0,1,7680,22,6417096138
6245,155651240,1994,155653234,2,0,1,2048,22,5276616443
6246,155655691,5454,155661145,7,0,1,13824,25,10063265420
6247,155725041,285332,156010373,7,0,0,175616,25,7199689263
6248,155775270,1042,155776312,2,0,1,1024,22,3246268643
6249,155795440,159499,155954939,2,0,0,73216,22,9980603855
6250,155796860,266727,156063587,2,0,0,117248,22,9583753675
6251,155878170,3422,155881592,1,0,1,3584,29,2437750101
6252,155940741,69647,156010388,7,0,1,2048,25,6124189165
6253,155944380,78179,156022559,4,0,0,512,14,3354042837
6254,155955190,55221,156010411,2,0,1,9728,22,6513140477
6255,155957901,248851,156206752,7,0,0,124416,25,2726028311
6256,155979100,149944,156129044,4,0,0,2048,14,9960411049
6257,155979340,31664,156011004,2,0,1,512,22,8634399896
6258,156014541,202366,156216907,7,0,0,33280,25,9076452178
6259,156020430,84698,156105128,4,0,0,1024,14,1898681991
6260,156044260,20361,156064621,1,0,1,1024,29,708756690
6261,156065141,275119,156340260,7,0,0,32768,25,3245286324
6262,156120580,5802,156126382,8,0,1,6144,22,5017210043
6263,156131840,1042,156132882,8,0,1,1024,22,6770043742
6264,156141931,82605,156224536,7,0,0,4096,25,4690593204
6265,156180940,37093,156218033,1,0,1,1024,29,3161240083
6266,156185791,34640,156220431,7,0,1,9216,25,7941937335
6267,156191371,35970,156227341,7,0,1,7680,25,5066817382
6268,156197550,100783,156298333,4,0,0,1024,14,8502732909
6269,156216050,124693,156340743,4,0,0,1536,14,9588107221
6270,156221210,10957,156232167,8,0,1,7680,22,9159241211
6271,156261690,5802,156267492,1,0,1,6144,29,8135561611
6272,156373861,72380,156446241,7,0,0,13312,25,9907897587
6273,156423400,97604,156521004,2,0,0,20480,22,1401520664
6274,156445410,1389,156446799,8,0,1,512,22,2442592999
6275,156474231,84824,156559055,7,0,0,13824,25,3307001693
6276,156491420,4679,156496099,1,0,1,12288,29,6824636959
6277,156504510,6278,156510788,8,0,1,6656,22,2008533106
6278,156507990,4104,156512094,2,0,1,2048,22,1565791234
6279,156509900,93972,156603872,2,0,0,17920,22,5635123761
6280,156516110,9260,156525370,1,0,1,4608,29,3595340744
6281,156595620,8267,156603887,2,0,1,10240,22,9856374045
6282,156653230,3645,156656875,8,0,1,10240,22,8066148766
6283,156656060,191747,156847807,2,0,0,39424,22,8964590008
6284,156668520,6754,156675274,1,0,1,7168,29,2971896687
6285,156683441,121156,156804597,7,0,0,23040,25,1149630786
6286,156727220,300976,157028196,2,0,0,111104,22,6133279938
6287,156793250,11362,156804612,8,0,1,7680,22,6968256444
6288,156794430,10197,156804627,2,0,1,12800,22,6748862811
6289,156831220,154529,156985749,2,0,0,44544,22,1820356220
6290,156861351,3422,156864773,7,0,1,3584,25,485435506
6291,156929790,3898,156933688,8,0,1,4096,22,2944883636
6292,156973010,14249,156987259,1,0,1,1536,29,2503468207
6293,157006060,27972,157034032,2,0,1,6144,22,5039765352
6294,157006870,28169,157035039,2,0,1,12800,22,8505113756
6295,157012401,24584,157036985,7,0,1,3072,25,5490485544
6296,157050890,96200,157147090,2,0,0,4608,22,10237909171
6297,157073391,189328,157262719,7,0,0,88064,25,8632496858
6298,157075350,230071,157305421,2,0,0,15360,22,8499357471
6299,157098490,88267,157186757,2,0,0,512,22,1383919196
6300,157232711,1042,157233753,7,0,1,1024,25,2169091301
6301,157238951,24326,157263277,7,0,1,512,25,2679230246
6302,157268420,2470,157270890,8,0,1,2560,22,7093924536
6303,157274630,7706,157282336,1,0,1,8192,29,1398622658
6304,157286411,5196,157291607,7,0,1,13312,25,4393419978
6305,157332100,5802,157337902,1,0,1,6144,29,8341955222
6306,157441831,6754,157448585,7,0,1,7168,25,6556733560
6307,157535120,7230,157542350,2,0,1,7680,22,1148592217
6308,157638060,4850,157642910,1,0,1,5120,29,5581577386
6309,157653640,5326,157658966,1,0,1,5632,29,5287502092
6310,157719050,6754,157725804,8,0,1,7168,22,5158917031
6311,157741491,5326,157746817,7,0,1,5632,25,3774938509
6312,157817960,3422,157821382,2,0,1,3584,22,2060158398
6313,157840290,566,157840856,8,0,1,512,22,1426849260
6314,157887770,566,157888336,8,0,1,512,22,983678813
6315,157938080,1994,157940074,1,0,1,2048,29,9593198461
6316,157989380,3128,157992508,8,0,1,9216,22,8894711789
6317,158013180,5802,158018982,8,0,1,6144,22,5305260194
6318,158028990,6278,158035268,1,0,1,6656,29,7527762772
6319,158076960,1518,158078478,1,0,1,1536,29,2783063695
6320,158085620,566,158086186,2,0,1,512,22,201720909
6321,158132160,1994,158134154,1,0,1,2048,29,1404062474
6322,158179871,67460,158247331,7,0,0,12288,25,4974690996
6323,158191320,4162,158195482,2,0,1,11264,22,389227774
6324,158203691,7230,158210921,7,0,1,7680,25,4295336420
6325,158306410,3422,158309832,1,0,1,3584,29,2296562551
6326,158366640,1042,158367682,1,0,1,1024,29,4196184501
6327,158386441,3422,158389863,7,0,1,3584,25,2430152284
6328,158392200,3387,158395587,8,0,1,9728,22,3029824902
6329,158437200,1042,158438242,2,0,1,1024,22,4230780956
6330,158451971,6229,158458200,7,0,1,15360,25,3754503863
6331,158459460,2470,158461930,1,0,1,2560,29,8236714131
6332,158508791,7230,158516021,7,0,1,7680,25,4170309909
6333,158515450,1237,158516687,1,0,1,1024,29,7507858469
6334,158552621,13083,158565704,7,0,1,22016,25,5087667381
6335,158560751,7859,158568610,7,0,1,4608,25,4202186023
6336,158641880,1042,158642922,1,0,1,1024,29,10382068079
6337,158653481,1518,158654999,7,0,1,1536,25,4427595182
6338,158663211,266939,158930150,7,0,0,113664,25,6375469635
6339,158696240,1518,158697758,8,0,1,1536,22,7536757733
6340,158710860,4162,158715022,8,0,1,11264,22,2200465119
6341,158741340,3898,158745238,1,0,1,4096,29,3829909356
6342,158770731,3898,158774629,7,0,1,4096,25,4667946113
6343,158778300,3387,158781687,1,0,1,9728,29,1955242988
6344,158801931,137485,158939416,7,0,0,17920,25,10587538106
6345,158814070,2946,158817016,8,0,1,3072,22,2742048803
6346,158830500,2946,158833446,8,0,1,3072,22,8228096986
6347,158842600,5971,158848571,1,0,1,14848,29,656628661
6348,158985131,118040,159103171,7,0,0,87552,25,9940178206
6349,159042721,87924,159130645,7,0,0,10240,25,10443748005
6350,159084160,20521,159104681,1,0,1,1536,29,8118667890
6351,159143011,188423,159331434,7,0,0,56832,25,9229524578
6352,159153939,160164,159314103,6,0,0,100352,18,8374643067
6353,159215110,1042,159216152,1,0,1,1024,29,3377649137
6354,159271510,566,159272076,2,0,1,512,22,7301927628
6355,159307151,105659,159412810,7,0,0,11264,25,6163584458
6356,159317780,17833,159335613,2,0,1,11264,22,2403485392
6357,159435551,104780,159540331,7,0,0,44032,25,7131930211
6358,159527381,128174,159655555,7,0,0,78336,25,7595098163
6359,159558001,100689,159658690,7,0,0,10240,25,1805981891
6360,159575221,145872,159721093,7,0,0,60416,25,776212480
6361,159606880,3898,159610778,1,0,1,4096,29,8910282146
6362,159609941,168572,159778513,7,0,0,87552,25,2849623825
6363,159642270,137974,159780244,8,0,0,5632,22,9853292220
6364,159880000,566,159880566,1,0,1,512,29,7774917866
6365,159913630,1518,159915148,9,0,1,1536,26,6199550047
6366,159943510,5802,159949312,9,0,1,6144,26,8572997065
6367,159991110,1042,159992152,9,0,1,1024,26,4503141916
6368,160048090,3422,160051512,9,0,1,3584,26,8805679886
6369,160139070,2470,160141540,1,0,1,2560,29,5938192595
6370,160222201,77900,160300101,7,0,0,11264,25,389077247
6371,160229430,3128,160232558,9,0,1,9216,26,8954458854
6372,160264721,113048,160377769,7,0,0,71168,25,104956800
6373,160269280,3422,160272702,9,0,1,3584,26,5617923021
6374,160307461,123864,160431325,7,0,0,12800,25,6720203159
6375,160330000,566,160330566,1,0,1,512,29,4655626023
6376,160359601,72831,160432432,7,0,0,3584,25,5792649068
6377,160372481,62366,160434847,7,0,0,3072,25,2361774205
6378,160378330,4679,160383009,1,0,1,12288,29,5160586695
6379,160378450,5225,160383675,9,0,1,1024,26,7351976632
6380,160521271,110552,160631823,7,0,0,62976,25,2073149066
6381,160595570,3422,160598992,2,0,1,3584,22,6218917883
6382,160667110,67616,160734726,7,0,0,12800,25,1714324274
6383,160734881,101192,160836073,7,0,0,32256,25,10023554667
6384,160737350,3128,160740478,1,0,1,9216,29,661063463
6385,160764270,4374,160768644,1,0,1,4608,29,4135865148
6386,160791920,6278,160798198,1,0,1,6656,29,10144992829
6387,160838360,3898,160842258,1,0,1,4096,29,4553261874
6388,160879390,1994,160881384,9,0,1,2048,26,4338312330
6389,160891910,4679,160896589,1,0,1,12288,29,7564763118
6390,160897940,1994,160899934,1,0,1,2048,29,5736599973
6391,160908710,1042,160909752,1,0,1,1024,29,10681967213
6392,160935801,10499,160946300,4,0,1,16896,14,9176234186
6393,160995070,7230,161002300,1,0,1,7680,29,1384657840
6394,161124650,3645,161128295,1,0,1,10240,29,2938859825
6395,161143270,3422,161146692,1,0,1,3584,29,3982114924
6396,161155640,281199,161436839,7,0,0,77824,25,304225647
6397,161218010,1042,161219052,1,0,1,1024,29,1095446003
6398,161226710,124623,161351333,7,0,0,32768,25,5484236356
6399,161393960,4850,161398810,1,0,1,5120,29,3798620209
6400,161406661,2470,161409131,4,0,1,2560,14,2067319302
6401,161420651,22458,161443109,4,0,1,6656,14,1111558445
6402,161512661,5196,161517857,4,0,1,13312,14,10097249076
6403,161528021,1042,161529063,4,0,1,1024,14,6414998741
6404,161621380,2946,161624326,6,0,1,3072,18,3313461083
6405,161637510,2870,161640380,1,0,1,8704,29,4415420656
6406,161645280,1518,161646798,1,0,1,1536,29,7208124030
6407,161655130,7230,161662360,6,0,1,7680,18,9143311315
6408,161662590,6229,161668819,1,0,1,15360,29,9183001654
6409,161732240,3898,161736138,6,0,1,4096,18,8791013363
6410,161732451,4993,161737444,4,0,1,2048,14,2547584094
6411,161769450,566,161770016,1,0,1,512,29,3753364830
6412,161860470,3898,161864368,6,0,1,4096,18,1807337854
6413,161904310,1518,161905828,6,0,1,1536,18,7963888281
6414,161920490,5196,161925686,1,0,1,13312,29,1011643483
6415,161930740,7706,161938446,6,0,1,8192,18,3617599127
6416,161957481,3898,161961379,4,0,1,4096,14,1956278323
6417,162012150,3422,162015572,6,0,1,3584,18,444194021
6418,162029921,566,162030487,4,0,1,512,14,2925832537
6419,162048571,4374,162052945,4,0,1,4608,14,9287838421
6420,162130021,111176,162241197,7,0,0,65024,25,8913178790
6421,162204060,1994,162206054,1,0,1,2048,29,735859579
6422,162255610,105872,162361482,7,0,0,47616,25,2695046937
6423,162256501,2946,162259447,4,0,1,3072,14,2517541005
6424,162309821,3898,162313719,4,0,1,4096,14,2536475452
6425,162312490,3495,162315985,3,0,1,3584,13,9602319024
6426,162313601,6259,162319860,4,0,1,15360,14,3781688047
6427,162314391,7095,162321486,5,0,1,2560,8,3157137446
6428,162317741,106127,162423868,7,0,0,14336,25,4884251147
6429,162341751,163897,162505648,7,0,0,13312,25,624770048
6430,162364231,2470,162366701,0,0,1,2560,29,1057944525
6431,162364320,7018,162371338,1,0,1,6656,29,254088598
6432,162405141,237871,162643012,7,0,0,38912,25,9653829741
6433,162407321,5802,162413123,4,0,1,6144,14,10737007975
6434,162422011,180327,162602338,7,0,0,52736,25,8395377426
6435,162466870,188793,162655663,3,0,0,41472,13,6545920272
6436,162485531,3898,162489429,5,0,1,4096,8,8160694430
6437,162596251,18128,162614379,5,0,1,19968,8,9667756008
6438,162607411,8274,162615685,5,0,1,2048,8,8226493896
6439,162679870,172276,162852146,7,0,0,56320,25,6532812542
6440,162683000,151971,162834971,3,0,0,89088,13,7531194456
6441,162723950,128835,162852785,3,0,0,2048,13,8955399628
6442,162725481,1994,162727475,4,0,1,2048,14,72465503
6443,162725771,4028,162729799,4,0,1,10240,14,4497346281
6444,162776370,7230,162783600,6,0,1,7680,18,1474533279
6445,162926970,66992,162993962,3,0,0,10752,13,5903884944
6446,162946201,7230,162953431,5,0,1,7680,8,9206372510
6447,162957091,4374,162961465,5,0,1,4608,8,1178592499
6448,162961570,53251,163014821,3,0,0,2048,13,8055994061
6449,162965841,99320,163065161,7,0,0,26112,25,10404592170
6450,162988540,7706,162996246,6,0,1,8192,18,1674680508
6451,163014251,3949,163018200,4,0,1,9728,14,3329164200
6452,163063481,6046,163069527,5,0,1,4608,8,2308296133
6453,163089731,91772,163181503,7,0,0,21504,25,860148036
6454,163138681,1042,163139723,7,0,1,1024,25,8678913860
6455,163185111,6278,163191389,5,0,1,6656,8,5648554631
6456,163198161,3898,163202059,4,0,1,4096,14,3138154720
6457,163237960,45596,163283556,3,0,0,1024,13,5704051722
6458,163244850,69369,163314219,3,0,0,1024,13,935762467
6459,163256440,3422,163259862,6,0,1,3584,18,5577908385
6460,163263961,1994,163265955,5,0,1,2048,8,8340989606
6461,163280751,92240,163372991,7,0,0,23040,25,7076643489
6462,163293880,47288,163341168,3,0,0,1536,13,3073125635
6463,163390190,2470,163392660,6,0,1,2560,18,4562254962
6464,163414850,5802,163420652,6,0,1,6144,18,9756812827
6465,163456230,5326,163461556,6,0,1,5632,18,2918657101
6466,163540371,566,163540937,4,0,1,512,14,855233383
6467,163561881,5971,163567852,4,0,1,14848,14,2399424766
6468,163583650,1994,163585644,6,0,1,2048,18,4552013270
6469,163595141,6278,163601419,7,0,1,6656,25,1204489718
6470,163648020,4374,163652394,6,0,1,4608,18,6919017138
6471,163750801,6278,163757079,5,0,1,6656,8,3824983027
6472,163751851,5574,163757425,7,0,1,512,25,1832064445
6473,163780270,47288,163827558,3,0,0,1536,13,8960757290
6474,163815881,3422,163819303,7,0,1,3584,25,4965544350
6475,163912971,4374,163917345,7,0,1,4608,25,3629761249
6476,163949621,109460,164059081,7,0,0,59392,25,3920400524
6477,163949680,45440,163995120,3,0,0,512,13,6208582666
6478,163959320,108364,164067684,7,0,0,28160,25,4065959164
6479,163987190,80665,164067855,3,0,0,512,13,3779907134
6480,164026431,5326,164031757,7,0,1,5632,25,8011909692
6481,164048740,21544,164070284,6,0,1,2560,18,8862983363
6482,164061831,14026,164075857,7,0,1,7680,25,8357626944
6483,164102501,7706,164110207,5,0,1,8192,8,1530920583
6484,164155050,43904,164198954,3,0,0,512,13,1212724050
6485,164230190,95444,164325634,1,0,0,18432,29,6898076894
6486,164235810,43904,164279714,3,0,0,512,13,7734233647
6487,164271521,126341,164397862,7,0,0,11264,25,3854172810
6488,164287211,3387,164290598,7,0,1,9728,25,10544071785
6489,164297190,168290,164465480,3,0,0,1536,13,2845577328
6490,164319221,6428,164325649,7,0,1,1536,25,9290737189
6491,164325331,2780,164328111,5,0,1,2560,8,553700847
6492,164328101,568,164328669,0,0,1,512,29,8378068990
6493,164490861,566,164491427,5,0,1,512,8,9081557517
6494,164491521,11791,164503312,7,0,1,19456,25,2564277906
6495,164560281,6278,164566559,7,0,1,6656,25,39375862
6496,164634451,4679,164639130,7,0,1,12288,25,3634762432
6497,164701880,183922,164885802,3,0,0,1024,13,296621469
6498,164717421,11274,164728695,5,0,1,18432,8,7922573246
6499,164734581,6754,164741335,7,0,1,7168,25,3486473843
6500,164767620,45596,164813216,3,0,0,1024,13,5817879629
6501,164777771,4374,164782145,5,0,1,4608,8,3392084889
6502,164824260,1994,164826254,6,0,1,2048,18,4857276180
6503,164886351,566,164886917,5,0,1,512,8,7902849667
6504,164899470,566,164900036,3,0,1,512,13,1565670668
6505,164992351,2470,164994821,0,0,1,2560,29,15644088
6506,164995411,2470,164997881,0,0,1,2560,29,7377530014
6507,164995521,3346,164998867,5,0,1,1536,8,2792535269
6508,165043941,117572,165161513,7,0,0,86016,25,305362437
6509,165068151,168416,165236567,7,0,0,99328,25,7151344984
6510,165168581,3898,165172479,0,0,1,4096,29,2511035967
6511,165228481,12452,165240933,0,0,1,4608,29,9382420247
6512,165244091,3387,165247478,7,0,1,9728,25,7087356285
6513,165295390,87896,165383286,1,0,0,13824,29,6453810210
6514,165491781,11533,165503314,0,0,1,18944,29,6962339254
6515,165518241,3422,165521663,7,0,1,3584,25,8084676948
6516,165549271,106212,165655483,7,0,0,47616,25,8821013250
6517,165568821,3422,165572243,0,0,1,3584,29,8744256604
6518,165602621,2470,165605091,7,0,1,2560,25,7341307913
6519,165630141,3904,165634045,5,0,1,10752,8,3772569880
6520,165649061,8408,165657469,5,0,1,2048,8,7583632324
6521,165657871,1994,165659865,5,0,1,2048,8,7596132731
6522,165673421,57440,165730861,7,0,0,4608,25,10708160686
6523,165688170,45752,165733922,3,0,0,1536,13,9189706874
6524,165706991,2470,165709461,5,0,1,2560,8,2288343886
6525,165710511,120709,165831220,7,0,0,8192,25,5010295904
6526,165860671,1042,165861713,7,0,1,1024,25,6349654279
6527,165877481,59132,165936613,7,0,0,5120,25,7219415583
6528,165890840,46100,165936940,3,0,0,1024,13,4013288874
6529,165903751,2470,165906221,7,0,1,2560,25,4432143101
6530,165970711,79436,166050147,7,0,0,11264,25,5172218496
6531,166017681,3422,166021103,5,0,1,3584,8,4661693868
6532,166049991,235764,166285755,7,0,0,266752,25,4680175114
6533,166105031,5196,166110227,0,0,1,13312,29,3400113597
6534,166156861,5802,166162663,7,0,1,6144,25,6822075755
6535,166157021,6628,166163649,0,0,1,1536,29,4078807274
6536,166240001,47264,166287265,7,0,1,1536,25,6954359818
6537,166291861,4374,166296235,7,0,1,4608,25,3306745659
6538,166330041,11791,166341832,5,0,1,19456,8,7274367111
6539,166348361,1042,166349403,0,0,1,1024,29,2279399662
6540,166441151,3128,166444279,5,0,1,9216,8,7151639950
6541,166632011,2470,166634481,5,0,1,2560,8,4601072828
6542,166682821,566,166683387,0,0,1,512,29,248637126
6543,166798121,63608,166861729,7,0,0,9728,25,4673592151
6544,166813371,79930,166893301,7,0,0,12288,25,8327298775
6545,166829261,6278,166835539,5,0,1,6656,8,8999404822
6546,166843741,3898,166847639,5,0,1,4096,8,3098685795
6547,166928060,47600,166975660,3,0,0,2560,13,3629225116
6548,166967271,1042,166968313,0,0,1,1024,29,7231439144
6549,166988611,4679,166993290,5,0,1,12288,8,8186068051
6550,167012721,3898,167016619,0,0,1,4096,29,789024513
6551,167031231,566,167031797,0,0,1,512,29,2130521883
6552,167095491,1518,167097009,0,0,1,1536,29,3082329540
6553,167099841,7230,167107071,0,0,1,7680,29,3360678823
6554,167177310,43904,167221214,3,0,0,512,13,1420358609
6555,167227151,6278,167233429,0,0,1,6656,29,6890725213
6556,167392101,1994,167394095,0,0,1,2048,29,8987491957
6557,167456950,2946,167459896,6,0,1,3072,18,7375755903
6558,167565241,1518,167566759,7,0,1,1536,25,8747786032
6559,167610641,2470,167613111,0,0,1,2560,29,10442957466
6560,167620430,47288,167667718,3,0,0,1536,13,9328954518
6561,167676991,3422,167680413,0,0,1,3584,29,7557877580
6562,167698121,5802,167703923,0,0,1,6144,29,4554467792
6563,167744261,1518,167745779,0,0,1,1536,29,3354092055
6564,167845570,43904,167889474,3,0,0,512,13,255077513
6565,167991631,7230,167998861,7,0,1,7680,25,5552488310
6566,168090511,1994,168092505,0,0,1,2048,29,8897558038
6567,168183951,4374,168188325,7,0,1,4608,25,3325645964
6568,168291991,566,168292557,0,0,1,512,29,9299966714
6569,168319290,50672,168369962,3,0,0,2560,13,9704531646
6570,168347971,3422,168351393,0,0,1,3584,29,709038263
6571,168395830,43904,168439734,3,0,0,512,13,5907478249
6572,168457271,3898,168461169,7,0,1,4096,25,701456310
6573,168572341,5326,168577667,0,0,1,5632,29,2870025731
6574,168783300,3422,168786722,6,0,1,3584,18,4807954317
6575,168828601,5326,168833927,7,0,1,5632,25,3401557855
6576,168859711,1042,168860753,0,0,1,1024,29,7241187623
6577,168888161,3422,168891583,7,0,1,3584,25,9856485358
6578,168927960,43904,168971864,3,0,0,512,13,7921652643
6579,169157750,2946,169160696,1,0,1,3072,29,1390813670
6580,169200150,43904,169244054,3,0,0,512,13,4453523692
6581,169307191,566,169307757,0,0,1,512,29,7348009004
6582,169316361,3387,169319748,0,0,1,9728,29,5075648942
6583,169324431,6278,169330709,0,0,1,6656,29,8295293657
6584,169464580,3898,169468478,9,0,1,4096,26,535486417
6585,169471170,43904,169515074,3,0,0,512,13,8595510296
6586,169813530,47288,169860818,3,0,0,1536,13,2772845046
6587,169840531,3898,169844429,0,0,1,4096,29,5504357212
6588,169849440,566,169850006,9,0,1,512,26,10357253276
6589,169873810,43904,169917714,3,0,0,512,13,2773130329
6590,169962760,3645,169966405,1,0,1,10240,29,1932691562
6591,170016480,6488,170022968,1,0,1,15872,29,2214921979
6592,170064930,5802,170070732,8,0,1,6144,22,5201745471
6593,170086300,48127,170134427,3,0,0,1536,13,3165953070
6594,170101860,1042,170102902,1,0,1,1024,29,10345694358
6595,170127850,566,170128416,1,0,1,512,29,8201681219
6596,170162520,566,170163086,1,0,1,512,29,4196526397
6597,170230571,2946,170233517,0,0,1,3072,29,8722658293
6598,170262700,1518,170264218,1,0,1,1536,29,10180707430
6599,170295950,3387,170299337,1,0,1,9728,29,5656156530
6600,170379421,2470,170381891,0,0,1,2560,29,412610606
6601,170381390,7706,170389096,1,0,1,8192,29,8050710742
6602,170422950,7230,170430180,8,0,1,7680,22,4104227143
6603,170426440,66163,170492603,3,0,0,512,13,7227307339
6604,170427550,103292,170530842,3,0,0,512,13,9419485023
6605,170586631,2870,170589501,0,0,1,8704,29,7462072203
6606,170653760,45596,170699356,3,0,0,1024,13,5950250827
6607,170722800,2946,170725746,8,0,1,3072,22,4894237441
6608,170723341,2751,170726092,0,0,1,512,29,4559575361
6609,170753830,6754,170760584,8,0,1,7168,22,10235880817
6610,170837171,2470,170839641,0,0,1,2560,29,5738407300
6611,170871241,5802,170877043,0,0,1,6144,29,9482346065
6612,170905800,7230,170913030,8,0,1,7680,22,6516604746
6613,170932970,1042,170934012,1,0,1,1024,29,5992469693
6614,171039490,43904,171083394,3,0,0,512,13,535987902
6615,171083020,1994,171085014,8,0,1,2048,22,9873355985
6616,171128811,566,171129377,0,0,1,512,29,3347924651
6617,171168721,4850,171173571,0,0,1,5120,29,5586212701
6618,171247640,1042,171248682,8,0,1,1024,22,7102179170
6619,171258780,43904,171302684,3,0,0,512,13,2237662305
6620,171262381,6278,171268659,0,0,1,6656,29,10586514729
6621,171265631,7214,171272845,0,0,1,6656,29,3064841806
6622,171289410,11274,171300684,8,0,1,18432,22,5711357171
6623,171307220,1518,171308738,8,0,1,1536,22,3802804922
6624,171406361,1994,171408355,0,0,1,2048,29,788971469
6625,171461800,2470,171464270,1,0,1,2560,29,6330123927
6626,171503030,1518,171504548,8,0,1,1536,22,1376487785
6627,171506861,1518,171508379,5,0,1,1536,8,730239440
6628,171570450,1518,171571968,1,0,1,1536,29,9993996101
6629,171621500,43904,171665404,3,0,0,512,13,7399151109
6630,171703090,4374,171707464,3,0,1,4608,13,1741830758
6631,171717680,566,171718246,8,0,1,512,22,8609346856
6632,171837260,45596,171882856,3,0,0,1024,13,3609849121
6633,171865130,3898,171869028,8,0,1,4096,22,10593341985
6634,171881011,2470,171883481,5,0,1,2560,8,9624349073
6635,171882640,45804,171928444,3,0,0,1024,13,7672663477
6636,171923311,1518,171924829,5,0,1,1536,8,191629887
6637,171932530,1042,171933572,8,0,1,1024,22,5334165524
6638,171941470,1994,171943464,8,0,1,2048,22,1548454753
6639,172008310,50672,172058982,3,0,0,2560,13,8235936064
6640,172169280,1518,172170798,8,0,1,1536,22,3553298162
6641,172275810,4420,172280230,6,0,1,11776,18,5494643305
6642,172278260,3657,172281917,2,0,1,2560,22,3636205067
6643,172311320,1518,172312838,6,0,1,1536,18,8514205632
6644,172359881,2946,172362827,5,0,1,3072,8,9623988745
6645,172364851,5971,172370822,4,0,1,14848,14,7080477726
6646,172393940,143258,172537198,3,0,0,1536,13,5998429435
6647,172397240,4679,172401919,8,0,1,12288,22,6175499440
6648,172406070,6278,172412348,8,0,1,6656,22,1257461971
6649,172411011,6754,172417765,4,0,1,7168,14,6461490833
6650,172413211,4900,172418111,5,0,1,512,8,8355894648
6651,172450081,566,172450647,4,0,1,512,14,1709683326
6652,172468931,5196,172474127,5,0,1,13312,8,7636214783
6653,172508421,4937,172513358,7,0,1,12800,25,667567919
6654,172575220,45596,172620816,3,0,0,1024,13,8292142039
6655,172595750,5712,172601462,2,0,1,14336,22,9538093124
6656,172602420,1042,172603462,6,0,1,1024,18,9166713322
6657,172670920,43904,172714824,3,0,0,512,13,3717323763
6658,172752821,2870,172755691,4,0,1,8704,14,4671369093
6659,172755101,2891,172757992,5,0,1,2560,8,7007653524
6660,172852900,6278,172859178,8,0,1,6656,22,1256251979
6661,172856920,3244,172860164,6,0,1,1536,18,7320206288
6662,172869830,12737,172882567,2,0,1,24576,22,6228034476
6663,172930971,4679,172935650,7,0,1,12288,25,5605118590
6664,172988431,2470,172990901,5,0,1,2560,8,730529073
6665,172995861,566,172996427,4,0,1,512,14,4129466151
6666,173027850,4850,173032700,2,0,1,5120,22,3456171997
6667,173031360,45596,173076956,3,0,0,1024,13,2943080037
6668,173033681,4850,173038531,4,0,1,5120,14,6775610955
6669,173076770,5504,173082274,8,0,1,5632,22,3699499517
6670,173097330,3904,173101234,8,0,1,10752,22,2282739298
6671,173106390,2946,173109336,6,0,1,3072,18,3953619635
6672,173107191,12233,173119424,5,0,1,19968,8,1209720900
6673,173119120,3898,173123018,2,0,1,4096,22,8076012313
6674,173287430,3645,173291075,6,0,1,10240,18,2882045850
6675,173370530,7230,173377760,8,0,1,7680,22,3510714708
6676,173379250,2946,173382196,2,0,1,3072,22,9520567340
6677,173410901,1042,173411943,7,0,1,1024,25,10598907959
6678,173448961,1042,173450003,7,0,1,1024,25,2479551966
6679,173469691,5326,173475017,7,0,1,5632,25,7208239348
6680,173534080,1994,173536074,9,0,1,2048,26,7705122836
6681,173603561,1518,173605079,5,0,1,1536,8,10331754448
6682,173670661,4850,173675511,7,0,1,5120,25,4739673174
6683,173690750,1518,173692268,2,0,1,1536,22,110833586
6684,173725830,1994,173727824,6,0,1,2048,18,5791532728
6685,173733660,566,173734226,2,0,1,512,22,5416125799
6686,173843380,1042,173844422,8,0,1,1024,22,5529301071
6687,173846351,3128,173849479,7,0,1,9216,25,9503869981
6688,173883690,5326,173889016,8,0,1,5632,22,8181628818
6689,173929450,1994,173931444,8,0,1,2048,22,8955672209
6690,174001161,566,174001727,4,0,1,512,14,5739108941
6691,174005300,1994,174007294,2,0,1,2048,22,5625570355
6692,174057310,100723,174158033,3,0,0,1024,13,1413257786
6693,174066180,2946,174069126,8,0,1,3072,22,9225376573
6694,174103051,4374,174107425,4,0,1,4608,14,9852398117
6695,174104560,5451,174110011,8,0,1,4096,22,10442493348
6696,174130370,55897,174186267,3,0,0,512,13,7579481583
6697,174134920,3128,174138048,6,0,1,9216,18,4149753564
6698,174164401,7706,174172107,4,0,1,8192,14,1993413538
6699,174208000,2870,174210870,8,0,1,8704,22,2632794345
6700,174232250,5802,174238052,2,0,1,6144,22,8631119595
6701,174235340,4420,174239760,2,0,1,11776,22,9766520936
6702,174248561,5802,174254363,5,0,1,6144,8,3632201913
6703,174249511,7758,174257269,4,0,1,4608,14,4098945749
6704,174261930,3904,174265834,6,0,1,10752,18,141258502
6705,174296161,1042,174297203,7,0,1,1024,25,9306780208
6706,174368061,11533,174379594,7,0,1,18944,25,2692738334
6707,174377100,5454,174382554,8,0,1,13824,22,9870335235
6708,174454850,566,174455416,8,0,1,512,22,6795745431
6709,174457141,2946,174460087,5,0,1,3072,8,10729598218
6710,174505311,6754,174512065,7,0,1,7168,25,10593279356
6711,174522371,5802,174528173,7,0,1,6144,25,1765982809
6712,174543641,1994,174545635,7,0,1,2048,25,1734582704
6713,174555261,6278,174561539,7,0,1,6656,25,10557060114
6714,174576701,1042,174577743,0,0,1,1024,29,867640803
6715,174578250,2470,174580720,8,0,1,2560,22,1630587085
6716,174592551,2946,174595497,7,0,1,3072,25,2758681116
6717,174612841,5326,174618167,0,0,1,5632,29,6103895084
6718,174670671,3422,174674093,5,0,1,3584,8,1641233349
6719,174674300,52364,174726664,3,0,0,3072,13,7197840196
6720,174735061,1994,174737055,7,0,1,2048,25,8441856472
6721,174743921,2470,174746391,7,0,1,2560,25,7334863236
6722,174831400,45596,174876996,3,0,0,1024,13,4950701585
6723,174854431,566,174854997,7,0,1,512,25,6180958834
6724,174889441,5971,174895412,5,0,1,14848,8,6439401354
6725,174894170,2870,174897040,9,0,1,8704,26,2317884422
6726,175033631,1518,175035149,0,0,1,1536,29,3031407853
6727,175083460,1994,175085454,8,0,1,2048,22,1478516432
6728,175090911,1994,175092905,5,0,1,2048,8,4791429136
6729,175105330,2946,175108276,8,0,1,3072,22,4793861120
6730,175153201,1994,175155195,5,0,1,2048,8,10439146918
6731,175190461,5326,175195787,5,0,1,5632,8,9765546791
6732,175220810,43904,175264714,3,0,0,512,13,3604833498
6733,175237340,45596,175282936,3,0,0,1024,13,9021604540
6734,175341910,3422,175345332,6,0,1,3584,18,422161745
6735,175428321,1518,175429839,0,0,1,1536,29,854533840
6736,175529481,4850,175534331,0,0,1,5120,29,3658007659
6737,175539811,1042,175540853,5,0,1,1024,8,7446097821
6738,175567050,2470,175569520,8,0,1,2560,22,6241581663
6739,175603560,6754,175610314,6,0,1,7168,18,3592292250
6740,175626191,2946,175629137,0,0,1,3072,29,4274086937
6741,175632021,2946,175634967,5,0,1,3072,8,3442139341
6742,175639171,5326,175644497,0,0,1,5632,29,1964920976
6743,175642121,2722,175644843,5,0,1,512,8,1388497332
6744,175665130,7230,175672360,6,0,1,7680,18,2992048100
6745,175734671,3387,175738058,7,0,1,9728,25,10195519559
6746,175759631,5802,175765433,5,0,1,6144,8,9041711952
6747,175841101,1994,175843095,0,0,1,2048,29,4608736488
6748,175858221,4937,175863158,7,0,1,12800,25,8746666466
6749,175866691,3898,175870589,5,0,1,4096,8,8340394844
6750,175913911,4374,175918285,5,0,1,4608,8,1478652400
6751,175937490,3898,175941388,6,0,1,4096,18,1028713388
6752,175970390,43904,176014294,3,0,0,512,13,1142837536
6753,176115960,45596,176161556,4,0,0,1024,14,3930766336
6754,176132571,13083,176145654,0,0,1,22016,29,9887490277
6755,176172060,1042,176173102,6,0,1,1024,18,4542044572
6756,176172180,44145,176216325,3,0,0,512,13,4423300919
6757,176184631,3128,176187759,0,0,1,9216,29,5946971013
6758,176201980,48980,176250960,3,0,0,2048,13,1262922254
6759,176389041,1994,176391035,0,0,1,2048,29,6771014891
6760,176476520,7230,176483750,1,0,1,7680,29,5764650224
6761,176531919,214778,176746697,6,0,0,179200,18,6405576967
6762,176608330,139014,176747344,3,0,0,2048,13,791248748
6763,176688250,59577,176747827,3,0,0,1536,13,5206914781
6764,176699441,48911,176748352,0,0,1,512,29,6403403759
6765,176758531,2946,176761477,0,0,1,3072,29,8612544812
6766,176790370,3128,176793498,2,0,1,9216,22,4877837162
6767,176819351,2470,176821821,5,0,1,2560,8,47258410
6768,176869401,5196,176874597,0,0,1,13312,29,3006856164
6769,176905130,1994,176907124,6,0,1,2048,18,3235553989
6770,176920470,1042,176921512,2,0,1,1024,22,5943203418
6771,176955980,4374,176960354,2,0,1,4608,22,8822658644
6772,176961561,566,176962127,5,0,1,512,8,8683890818
6773,176972611,1042,176973653,7,0,1,1024,25,1422632458
6774,176975721,32558,177008279,7,0,1,53248,25,691260311
6775,176977800,35305,177013105,2,0,1,7680,22,4323397183
6776,177007670,43904,177051574,3,0,0,512,13,1737886641
6777,177023700,1518,177025218,2,0,1,1536,22,6014706561
6778,177104831,7706,177112537,5,0,1,8192,8,9628496980
6779,177107990,7133,177115123,1,0,1,4096,29,6265380073
6780,177122301,104895,177227196,7,0,1,174080,25,8740915548
6781,177197420,124116,177321536,3,0,0,1024,13,9171327804
6782,177200211,53521,177253732,7,0,1,86016,25,8434792444
6783,177253830,84576,177338406,3,0,0,1024,13,1483207950
6784,177255421,10757,177266178,7,0,1,17408,25,1312295114
6785,177344040,2946,177346986,6,0,1,3072,18,2468024361
6786,177345620,2032,177347652,6,0,1,1024,18,9220689999
6787,177385971,3422,177389393,0,0,1,3584,29,5613710072
6788,177394130,7230,177401360,2,0,1,7680,22,4084317590
6789,177397601,4745,177402346,0,0,1,1536,29,4039885309
6790,177435820,94083,177529903,7,0,1,153088,25,222908850
6791,177453650,78839,177532489,2,0,1,4096,22,1019634423
6792,177488470,50637,177539107,7,0,1,23552,25,8923058718
6793,177519720,20693,177540413,7,0,1,2048,25,9897009126
6794,177528960,41391,177570351,7,0,1,67072,25,88428420
6795,177624911,7230,177632141,5,0,1,7680,8,2409027380
6796,177635870,110222,177746092,3,0,0,512,13,4590738412
6797,177637150,566,177637716,1,0,1,512,29,9760520579
6798,177664771,13083,177677854,0,0,1,22016,29,7696882587
6799,177665520,102768,177768288,3,0,0,1536,13,8217306787
6800,177674410,13341,177687751,6,0,1,22528,18,9189260478
6801,177741471,3645,177745116,5,0,1,10240,8,6252109513
6802,177746371,1994,177748365,0,0,1,2048,29,509389385
6803,177772060,1518,177773578,2,0,1,1536,22,4620131841
6804,177814670,72080,177886750,3,0,0,512,13,10271393392
6805,177836490,23637,177860127,7,0,1,42496,25,6020774401
6806,177837241,27072,177864313,0,0,1,6656,29,10097611790
6807,177843330,24529,177867859,2,0,1,5632,22,4829561461
6808,177887300,7230,177894530,1,0,1,7680,29,1195597986
6809,177888410,9986,177898396,1,0,1,6144,29,4348928526
6810,177892061,6591,177898652,5,0,1,9216,8,3357552234
6811,177939301,1042,177940343,0,0,1,1024,29,10083183933
6812,177955430,3422,177958852,1,0,1,3584,29,7957840037
6813,177966580,20882,177987462,7,0,1,33792,25,9262543705
6814,177995801,7706,178003507,5,0,1,8192,8,1335732693
6815,178017681,3898,178021579,0,0,1,4096,29,5129024780
6816,178051930,6278,178058208,7,0,1,6656,25,4734258581
6817,178063160,1042,178064202,1,0,1,1024,29,8108505391
6818,178088641,6754,178095395,0,0,1,7168,29,10172451041
6819,178088930,7233,178096163,6,0,1,11776,18,1799742772
6820,178105060,48980,178154040,3,0,0,2048,13,5928121506
6821,178108281,566,178108847,0,0,1,512,29,5120200009
6822,178150831,6278,178157109,0,0,1,6656,29,5001018870
6823,178195470,6754,178202224,6,0,1,7168,18,651803157
6824,178254451,4850,178259301,5,0,1,5120,8,10222971937
6825,178260250,47288,178307538,3,0,0,1536,13,6405982318
6826,178268031,2470,178270501,0,0,1,2560,29,53538281
6827,178294101,566,178294667,0,0,1,512,29,9525628472
6828,178312180,75554,178387734,7,0,1,126976,25,9532484440
6829,178316280,72440,178388720,6,0,1,1536,18,2449375299
6830,178322041,67243,178389284,5,0,1,10752,8,4216337664
6831,178386050,3580,178389630,2,0,1,512,22,7227421222
6832,178420100,10757,178430857,7,0,1,17408,25,3274278146
6833,178423630,85006,178508636,7,0,1,135168,25,3047161407
6834,178461240,50942,178512182,2,0,1,5632,22,7428137933
6835,178482930,55481,178538411,7,0,1,84480,25,198502376
6836,178493420,61568,178554988,7,0,1,62976,25,5868122431
6837,178499730,104024,178603754,3,0,0,512,13,7348275946
6838,178515810,40561,178556371,6,0,1,14848,18,1057963742
6839,178519611,38706,178558317,0,0,1,3072,29,35996531
6840,178541131,21692,178562823,0,0,1,7168,29,6190823973
6841,178549890,18732,178568622,2,0,1,19456,22,2745561783
6842,178581570,45596,178627166,3,0,0,1024,13,8866650033
6843,178684900,3422,178688322,2,0,1,3584,22,905052795
6844,178719820,566,178720386,2,0,1,512,22,5299308373
6845,178771131,3422,178774553,4,0,1,3584,14,4191501955
6846,178778470,5802,178784272,6,0,1,6144,18,10708267128
6847,178780171,5407,178785578,5,0,1,2048,8,9624877903
6848,178812241,5802,178818043,5,0,1,6144,8,10062664943
6849,178818380,1994,178820374,6,0,1,2048,18,5300140419
6850,178818670,4028,178822698,2,0,1,10240,22,8197818832
6851,178852840,2470,178855310,2,0,1,2560,22,6132361509
6852,178901291,1042,178902333,5,0,1,1024,8,9195739771
6853,178916881,4850,178921731,0,0,1,5120,29,1069176785
6854,178949951,6278,178956229,0,0,1,6656,29,8373863513
6855,179120261,4679,179124940,5,0,1,12288,8,8642178661
6856,179129401,4850,179134251,5,0,1,5120,8,1425075138
6857,179140831,4374,179145205,5,0,1,4608,8,3489563838
6858,179140990,5201,179146191,2,0,1,1536,22,4403645236
6859,179146870,3898,179150768,2,0,1,4096,22,949297320
6860,179191930,43904,179235834,3,0,0,512,13,9738635753
6861,179234611,3128,179237739,5,0,1,9216,8,8027966024
6862,179247751,1042,179248793,5,0,1,1024,8,8679338654
6863,179296060,3645,179299705,7,0,1,10240,25,9888166803
6864,179300551,3422,179303973,5,0,1,3584,8,8981798805
6865,179313000,11016,179324016,7,0,1,17920,25,10096240011
6866,179501341,566,179501907,5,0,1,512,8,8886754572
6867,179553060,45596,179598656,3,0,0,1024,13,2869215062
6868,179592150,5802,179597952,8,0,1,6144,22,8223830378
6869,179609260,5454,179614714,2,0,1,13824,22,3210374700
6870,179711720,52832,179764552,3,0,0,4608,13,2968250844
6871,179723500,45596,179769096,3,0,0,1024,13,909033617
6872,179732790,5326,179738116,1,0,1,5632,29,1186240776
6873,179779360,5802,179785162,1,0,1,6144,29,2225024915
6874,179807380,47288,179854668,3,0,0,1536,13,7849403977
6875,179811880,105641,179917521,3,0,0,512,13,6954641114
6876,179847860,2470,179850330,1,0,1,2560,29,5531634865
6877,179912320,2870,179915190,7,0,1,8704,25,8920411073
6878,179925290,13083,179938373,7,0,1,22016,25,8696767067
6879,179942190,1994,179944184,8,0,1,2048,22,2950042010
6880,179946330,3422,179949752,6,0,1,3584,18,5184807398
6881,179946350,3748,179950098,8,0,1,512,22,3488243920
6882,179949780,86454,180036234,7,0,1,144896,25,3914190631
6883,179953130,87290,180040420,8,0,1,6656,22,7306951401
6884,179967070,77216,180044286,8,0,1,6144,22,826214761
6885,179986310,53329,180039639,3,0,0,1024,13,3429908496
6886,180015201,31991,180047192,5,0,1,4608,8,1991739780
6887,180032860,152854,180185714,3,0,0,1024,13,2831773876
6888,180138310,71209,180209519,3,0,0,512,13,5773533696
6889,180139540,244068,180383608,3,0,0,512,13,3054860497
6890,180145130,14287,180159417,7,0,1,27648,25,4351036834
6891,180174660,5802,180180462,1,0,1,6144,29,6451439077
6892,180195330,22862,180218192,7,0,1,40960,25,4988812155
6893,180199210,52882,180252092,7,0,1,72704,25,1331177637
6894,180300890,47288,180348178,3,0,0,1536,13,2132536914
6895,180419970,3645,180423615,2,0,1,10240,22,7032121166
6896,180461680,2470,180464150,6,0,1,2560,18,6834129457
6897,180472280,1042,180473322,6,0,1,1024,18,2375251418
6898,180518960,2470,180521430,6,0,1,2560,18,1129091031
6899,180558010,2946,180560956,6,0,1,3072,18,2816097573
6900,180581620,5971,180587591,8,0,1,14848,22,5646399698
6901,180623320,11791,180635111,6,0,1,19456,18,9939210252
6902,180656780,4850,180661630,1,0,1,5120,29,8540841292
6903,180730670,6278,180736948,8,0,1,6656,22,5210769126
6904,180770410,5802,180776212,1,0,1,6144,29,1941787969
6905,180783040,6754,180789794,1,0,1,7168,29,1078993556
6906,180796690,2470,180799160,8,0,1,2560,22,4292774816
6907,180827730,10757,180838487,1,0,1,17408,29,5285534320
6908,180839330,6278,180845608,8,0,1,6656,22,2326463828
6909,180871340,4937,180876277,1,0,1,12800,29,8717639849
6910,180905010,15062,180920072,6,0,1,29184,18,10440309677
6911,180916220,8358,180924578,8,0,1,7168,22,5019768689
6912,181003680,3128,181006808,1,0,1,9216,29,8714449136
6913,181144820,43904,181188724,3,0,0,512,13,8640195654
6914,181146980,5196,181152176,9,0,1,13312,26,3060038697
6915,181218121,3898,181222019,0,0,1,4096,29,4126408517
6916,181246641,1518,181248159,0,0,1,1536,29,9392748743
6917,181254820,43904,181298724,3,0,0,512,13,5046482533
6918,181330630,1042,181331672,8,0,1,1024,22,4784885336
6919,181343240,1994,181345234,1,0,1,2048,29,9549572508
6920,181353060,2470,181355530,1,0,1,2560,29,7135463616
6921,181370300,15579,181385879,7,0,1,30208,25,1539917598
6922,181375390,13715,181389105,1,0,1,5120,29,607976313
6923,181376460,14591,181391051,9,0,1,3072,26,10036965999
6924,181407521,1518,181409039,0,0,1,1536,29,6479316732
6925,181419480,2470,181421950,6,0,1,2560,18,4734076767
6926,181434600,164942,181599542,3,0,0,1024,13,1285331814
6927,181453500,6754,181460254,6,0,1,7168,18,3905623634
6928,181477051,3422,181480473,7,0,1,3584,25,5239176762
6929,181494621,14029,181508650,7,0,1,27136,25,265345149
6930,181545680,3128,181548808,1,0,1,9216,29,9001321443
6931,181585040,566,181585606,9,0,1,512,26,8953004385
6932,181652120,45596,181697716,3,0,0,1024,13,2354586390
6933,181714041,7230,181721271,0,0,1,7680,29,99820260
6934,181780920,1042,181781962,1,0,1,1024,29,2199415165
6935,181803151,1042,181804193,0,0,1,1024,29,10334364429
6936,181804660,45943,181850603,3,0,0,1024,13,1388202942
6937,181808260,3128,181811388,6,0,1,9216,18,7390235349
6938,181891751,3422,181895173,0,0,1,3584,29,5885656133
6939,181918110,4374,181922484,6,0,1,4608,18,10590902458
6940,181931540,21141,181952681,7,0,1,34304,25,9257212436
6941,181968690,5802,181974492,6,0,1,6144,18,487854496
6942,181994210,13600,182007810,7,0,1,23040,25,2134535702
6943,182009280,1042,182010322,6,0,1,1024,18,4249290629
6944,182059110,3387,182062497,1,0,1,9728,29,7614663462
6945,182059860,5209,182065069,1,0,1,3072,29,5223638385
6946,182098380,12049,182110429,7,0,1,19968,25,5294694635
6947,182128621,1994,182130615,0,0,1,2048,29,7379765379
6948,182199500,1042,182200542,8,0,1,1024,22,3458246359
6949,182214970,50672,182265642,3,0,0,2560,13,1529953651
6950,182215700,4162,182219862,6,0,1,11264,18,9752808513
6951,182256430,43904,182300334,3,0,0,512,13,7897614998
6952,182257430,2946,182260376,1,0,1,3072,29,407293906
6953,182268080,3898,182271978,8,0,1,4096,22,9401732254
6954,182283550,24929,182308479,7,0,1,45056,25,9693372174
6955,182432240,4850,182437090,8,0,1,5120,22,6267410491
6956,182466760,566,182467326,1,0,1,512,29,9091266501
6957,182528530,3387,182531917,8,0,1,9728,22,1543369097
6958,182536570,5326,182541896,8,0,1,5632,22,6848414529
6959,182547790,3422,182551212,8,0,1,3584,22,2035660750
6960,182647451,1518,182648969,0,0,1,1536,29,6864389550
6961,182700561,43370,182743931,5,0,1,74240,8,3517090773
6962,182755341,1042,182756383,0,0,1,1024,29,4352860301
6963,182808021,566,182808587,5,0,1,512,8,6034596105
6964,182828540,2946,182831486,8,0,1,3072,22,3031612602
6965,182836151,566,182836717,0,0,1,512,29,2145376180
6966,182842871,566,182843437,0,0,1,512,29,1326433241
6967,182916180,47288,182963468,3,0,0,1536,13,4576597966
6968,183094691,1994,183096685,5,0,1,2048,8,6854995827
6969,183128130,1042,183129172,8,0,1,1024,22,4098153483
6970,183142311,3128,183145439,5,0,1,9216,8,1962311445
6971,183208151,4679,183212830,5,0,1,12288,8,8512158670
6972,183263031,3422,183266453,5,0,1,3584,8,2203594050
6973,183289740,1994,183291734,8,0,1,2048,22,10643455544
6974,183316300,4850,183321150,2,0,1,5120,22,6158998541
6975,183363351,2470,183365821,0,0,1,2560,29,5140341607
6976,183429530,48980,183478510,3,0,0,2048,13,4144478734
6977,183430391,4850,183435241,0,0,1,5120,29,7918381854
6978,183433010,4497,183437507,8,0,1,3584,22,10254376860
6979,183439101,2470,183441571,0,0,1,2560,29,7699761241
6980,183461821,1518,183463339,4,0,1,1536,14,2358175618
6981,183504011,3387,183507398,5,0,1,9728,8,5367059029
6982,183549470,1042,183550512,8,0,1,1024,22,10610787703
6983,183614341,1518,183615859,0,0,1,1536,29,2598118290
6984,183620931,1518,183622449,0,0,1,1536,29,3287006018
6985,183652221,566,183652787,5,0,1,512,8,9737430516
6986,183674001,1518,183675519,5,0,1,1536,8,7480618512
6987,183792760,108056,183900816,2,0,0,54784,22,379986409
6988,183874001,3422,183877423,5,0,1,3584,8,3490181732
6989,183894111,8691,183902802,0,0,1,2048,29,8294010397
6990,183903931,2946,183906877,0,0,1,3072,29,3509275072
6991,183963841,1994,183965835,0,0,1,2048,29,4574996234
6992,183971861,11791,183983652,0,0,1,19456,29,986051273
6993,183997630,49008,184046638,3,0,0,512,13,814724243
6994,184000671,7230,184007901,4,0,1,7680,14,3163092941
6995,184027480,54984,184082464,3,0,0,1024,13,1783543759
6996,184045340,5326,184050666,8,0,1,5632,22,3431335179
6997,184072511,7230,184079741,5,0,1,7680,8,3003543869
6998,184128280,2946,184131226,8,0,1,3072,22,9684087827
6999,184130681,1211,184131892,4,0,1,1024,14,7220637465
7000,184138980,43904,184182884,3,0,0,512,13,8952821524
7001,184161371,1994,184163365,5,0,1,2048,8,4083391346
7002,184194950,5326,184200276,3,0,1,5632,13,1177591649
7003,184196061,7121,184203182,5,0,1,4608,8,9680222703
7004,184254551,1042,184255593,4,0,1,1024,14,10517883936
7005,184261160,6278,184267438,9,0,1,6656,26,2694258439
7006,184262971,7693,184270664,5,0,1,5120,8,7264765812
7007,184275690,12737,184288427,9,0,1,24576,26,7249170516
7008,184280560,12053,184292613,3,0,1,6656,13,7039695636
7009,184316191,140453,184456644,7,0,0,90624,25,7946426925
7010,184326870,1518,184328388,8,0,1,1536,22,4874533997
7011,184363780,5326,184369106,9,0,1,5632,26,8185581263
7012,184383690,566,184384256,3,0,1,512,13,8812749762
7013,184394220,83637,184477857,3,0,0,512,13,553976075
7014,184395500,61799,184457299,3,0,0,2048,13,3029108234
7015,184424210,1994,184426204,8,0,1,2048,22,8174483219
7016,184432511,30098,184462609,4,0,1,5632,14,4371543421
7017,184445371,17904,184463275,5,0,1,11264,8,8973328776
7018,184456050,11835,184467885,9,0,1,13824,26,1772628482
7019,184464560,3991,184468551,8,0,1,1024,22,10602137468
7020,184488280,5802,184494082,8,0,1,6144,22,7676669959
7021,184495630,5712,184501342,9,0,1,14336,26,10645136400
7022,184518810,45596,184564406,3,0,0,1024,13,10682798925
7023,184520900,3898,184524798,3,0,1,4096,13,428272894
7024,184532840,1518,184534358,3,0,1,1536,13,4200780121
7025,184544020,12737,184556757,9,0,1,24576,26,1474640953
7026,184549081,8022,184557103,4,0,1,512,14,1247382374
7027,184572261,4850,184577111,4,0,1,5120,14,3397780560
7028,184591170,48980,184640150,3,0,0,2048,13,9956527106
7029,184592451,1994,184594445,4,0,1,2048,14,9713061566
7030,184596460,6754,184603214,8,0,1,7168,22,1078102679
7031,184608501,7706,184616207,4,0,1,8192,14,3327206260
7032,184642540,566,184643106,9,0,1,512,26,7472830117
7033,184646730,2946,184649676,9,0,1,3072,26,3071236138
7034,184679381,1994,184681375,4,0,1,2048,14,5969025723
7035,184795411,2946,184798357,5,0,1,3072,8,6547631383
7036,184811790,10757,184822547,8,0,1,17408,22,7422949767
7037,184851911,4850,184856761,4,0,1,5120,14,732793069
7038,184893261,1994,184895255,4,0,1,2048,14,10013447298
7039,184914330,1042,184915372,2,0,1,1024,22,5105767561
7040,184923350,3904,184927254,9,0,1,10752,26,5185191803
7041,185003960,1042,185005002,2,0,1,1024,22,5898788590
7042,185025970,566,185026536,2,0,1,512,22,5445602302
7043,185120111,6754,185126865,5,0,1,7168,8,2655322941
7044,185173520,43904,185217424,3,0,0,512,13,9949043008
7045,185180261,1042,185181303,5,0,1,1024,8,6193321291
7046,185196610,1042,185197652,3,0,1,1024,13,543726886
7047,185260250,45596,185305846,3,0,0,1024,13,3633403100
7048,185262650,51812,185314462,0,0,0,4096,29,3181263804
7049,185282621,4420,185287041,4,0,1,11776,14,6347316424
7050,185285711,2316,185288027,5,0,1,1536,8,10711692380
7051,185336660,248215,185584875,0,0,0,168960,29,1444202802
7052,185368030,2946,185370976,3,0,1,3072,13,5981423202
7053,185410401,5326,185415727,5,0,1,5632,8,10064744079
7054,185427211,566,185427777,4,0,1,512,14,8365923111
7055,185430481,1042,185431523,5,0,1,1024,8,3053886762
7056,185437991,6488,185444479,4,0,1,15872,14,8148114751
7057,185542480,56521,185599001,2,0,1,24064,22,9003908366
7058,185555281,44386,185599667,5,0,1,1024,8,5222093892
7059,185616780,167025,185783805,0,0,0,34816,29,9426772163
7060,185621840,2470,185624310,2,0,1,2560,22,7800954626
7061,185626770,4374,185631144,3,0,1,4608,13,6053224267
7062,185708951,5802,185714753,4,0,1,6144,14,2374507381
7063,185723140,566,185723706,8,0,1,512,22,6304319659
7064,185881050,3128,185884178,3,0,1,9216,13,6780716677
7065,185896830,104624,186001454,0,0,0,43520,29,6774225165
7066,185905440,4679,185910119,3,0,1,12288,13,8353586266
7067,185908770,44367,185953137,3,0,0,512,13,10258800112
7068,185918240,34020,185952260,7,0,1,59392,25,10513438598
7069,185933241,20299,185953540,5,0,1,14336,8,415498755
7070,185984561,16908,186001469,4,0,1,8192,14,1673541824
7071,185992940,195350,186188290,3,0,0,1024,13,6473285345
7072,186021820,177000,186198820,0,0,0,26624,29,7785276773
7073,186025960,1042,186027002,8,0,1,1024,22,9271809757
7074,186029851,1518,186031369,4,0,1,1536,14,7860518138
7075,186039520,76935,186116455,3,0,0,1536,13,5708652179
7076,186051551,1042,186052593,5,0,1,1024,8,9074753010
7077,186078761,1042,186079803,4,0,1,1024,14,4492364210
7078,186087511,4420,186091931,4,0,1,11776,14,10360535392
7079,186106731,1042,186107773,5,0,1,1024,8,6877394973
7080,186116211,1754,186117965,5,0,1,1536,8,2919649004
7081,186198900,6754,186205654,8,0,1,7168,22,8741892557
7082,186226120,121645,186347765,0,0,0,32768,29,7073508803
7083,186247681,14117,186261798,5,0,1,24064,8,6706319674
7084,186251720,14904,186266624,8,0,1,7680,22,10242581370
7085,186271370,259784,186531154,0,0,0,115712,29,9015036283
7086,186281550,129820,186411370,0,0,0,14336,29,1516153200
7087,186413690,4937,186418627,8,0,1,12800,22,3182413650
7088,186419200,43904,186463104,3,0,0,512,13,7486197729
7089,186471231,1518,186472749,4,0,1,1536,14,1210681487
7090,186543930,106184,186650114,0,0,0,48640,29,2374300969
7091,186576591,3904,186580495,5,0,1,10752,8,3442618343
7092,186632481,17648,186650129,4,0,1,4096,14,9913845517
7093,186699151,7230,186706381,4,0,1,7680,14,886150488
7094,186716611,7230,186723841,4,0,1,7680,14,6684096169
7095,186732151,1518,186733669,5,0,1,1536,8,1838850952
7096,186740660,10499,186751159,2,0,1,16896,22,2794024330
7097,186749580,163507,186913087,0,0,0,19968,29,58210362
7098,186753791,10499,186764290,5,0,1,16896,8,9217397298
7099,186755180,86417,186841597,0,0,0,13312,29,860735545
7100,186763930,48206,186812136,3,0,0,512,13,7306551832
7101,186784350,221853,187006203,0,0,0,29696,29,7277595464
7102,186848591,566,186849157,5,0,1,512,8,8653013312
7103,186859181,3422,186862603,4,0,1,3584,14,8321515210
7104,186942910,101972,187044882,0,0,0,34816,29,3613489133
7105,186943480,208791,187152271,1,0,0,125440,29,6356138089
7106,187025281,566,187025847,5,0,1,512,8,2929437846
7107,187165980,11791,187177771,3,0,1,19456,13,6660122040
7108,187176630,1487,187178117,3,0,1,512,13,4034955233
7109,187205311,4937,187210248,4,0,1,12800,14,6474545906
7110,187243110,113091,187356201,1,0,0,51200,29,9015925484
7111,187244651,12049,187256700,5,0,1,19968,8,444639993
7112,187268160,254819,187522979,0,0,0,95744,29,3060542681
7113,187271880,5971,187277851,3,0,1,14848,13,10307397024
7114,187306540,57599,187364139,3,0,0,512,13,9042392498
7115,187325760,159297,187485057,1,0,0,10752,29,9324978488
7116,187326840,212378,187539218,1,0,0,53248,29,4396720782
7117,187335241,20975,187356216,4,0,1,25600,14,6168461976
7118,187360770,2946,187363716,9,0,1,3072,26,8024994655
7119,187367301,1518,187368819,5,0,1,1536,8,7256250836
7120,187453910,4374,187458284,3,0,1,4608,13,1349271271
7121,187474421,1518,187475939,5,0,1,1536,8,5269104490
7122,187533510,49963,187583473,3,0,0,512,13,7671154907
7123,187611901,2946,187614847,5,0,1,3072,8,2132021820
7124,187613741,7230,187620971,5,0,1,7680,8,7594654574
7125,187637240,2946,187640186,3,0,1,3072,13,4729903097
7126,187694300,11274,187705574,3,0,1,18432,13,2594560767
7127,187728471,4850,187733321,4,0,1,5120,14,4092700855
7128,187815691,2946,187818637,4,0,1,3072,14,6988670955
7129,187820570,151238,187971808,3,0,0,1024,13,7632193526
7130,187827430,1042,187828472,3,0,1,1024,13,7395201971
7131,187829400,64254,187893654,3,0,0,1024,13,9608672470
7132,188038330,117104,188155434,1,0,0,84480,29,3206038970
7133,188108241,3898,188112139,5,0,1,4096,8,3308654199
7134,188150381,8960,188159341,4,0,1,4096,14,2432903337
7135,188152670,16587,188169257,3,0,1,20992,13,8246946768
7136,188274401,7230,188281631,4,0,1,7680,14,89480961
7137,188299090,153424,188452514,0,0,0,129024,29,4786277791
7138,188301070,3898,188304968,1,0,1,4096,29,9968638652
7139,188314701,1994,188316695,4,0,1,2048,14,3373641717
7140,188338240,151040,188489280,3,0,0,1024,13,2772581526
7141,188461510,1518,188463028,3,0,1,1536,13,4338679280
7142,188485910,84404,188570314,1,0,0,22528,29,6660068966
7143,188556340,72658,188628998,0,0,0,10752,29,7206281528
7144,188575830,108524,188684354,0,0,0,56320,29,10253311370
7145,188620560,566,188621126,3,0,1,512,13,7365792363
7146,188634760,566,188635326,9,0,1,512,26,10101980895
7147,188663251,21118,188684369,5,0,1,7168,8,9709069206
7148,188683781,1146,188684927,4,0,1,512,14,6353771222
7149,188750281,3422,188753703,5,0,1,3584,8,7751136398
7150,188865230,5802,188871032,3,0,1,6144,13,4174916264
7151,188878620,4850,188883470,6,0,1,5120,18,5787456771
7152,188882601,2495,188885096,5,0,1,2560,8,10345419635
7153,188944390,99476,189043866,0,0,0,26624,29,5186304150
7154,188948751,3898,188952649,5,0,1,4096,8,4759148401
7155,188996060,13512,189009572,7,0,1,26112,25,995346606
7156,189073530,60824,189134354,1,0,0,5632,29,2380373160
7157,189130271,4098,189134369,5,0,1,8704,8,5209129941
7158,189140040,3898,189143938,9,0,1,4096,26,3747369498
7159,189248480,5454,189253934,6,0,1,13824,18,7783238109
7160,189273200,125777,189398977,1,0,0,37888,29,6642582500
7161,189297400,110952,189408352,1,0,0,30720,29,1584667463
7162,189338450,148415,189486865,1,0,0,61952,29,1134533650
7163,189355970,566,189356536,3,0,1,512,13,8936112565
7164,189373411,566,189373977,5,0,1,512,8,4808893906
7165,189397721,16425,189414146,5,0,1,6144,8,3689382697
7166,189452351,1042,189453393,4,0,1,1024,14,5786884857
7167,189476580,12764,189489344,3,0,1,2560,13,6028892258
7168,189485490,5551,189491041,9,0,1,9728,26,9810139570
7169,189534820,5326,189540146,3,0,1,5632,13,904495372
7170,189539171,7230,189546401,5,0,1,7680,8,9203734969
7171,189570740,2946,189573686,6,0,1,3072,18,2316586675
7172,189588801,1042,189589843,0,0,1,1024,29,6992279704
7173,189592600,6754,189599354,3,0,1,7168,13,10432386950
7174,189606521,6278,189612799,5,0,1,6656,8,2141914435
7175,189627660,566,189628226,9,0,1,512,26,10099447921
7176,189649790,3128,189652918,9,0,1,9216,26,6344267494
7177,189710220,1518,189711738,6,0,1,1536,18,10051430540
7178,189792620,1042,189793662,9,0,1,1024,26,1229837771
7179,189843500,104624,189948124,1,0,0,43520,29,4805119220
7180,189878580,2946,189881526,2,0,1,3072,22,644579517
7181,189881630,1042,189882672,6,0,1,1024,18,1939349362
7182,189901830,3898,189905728,6,0,1,4096,18,10157482996
7183,189907160,85088,189992248,1,0,0,4608,29,3001291090
7184,189936171,12987,189949158,5,0,1,1024,8,6225527172
7185,189951180,121114,190072294,1,0,0,34304,29,8283445531
7186,189960771,1042,189961813,0,0,1,1024,29,6455626692
7187,189971520,109394,190080914,0,0,0,18944,29,8143752447
7188,190052521,2946,190055467,0,0,1,3072,29,5637689173
7189,190080990,7706,190088696,6,0,1,8192,18,4181926375
7190,190090111,5454,190095565,5,0,1,13824,8,6031962735
7191,190096900,1994,190098894,2,0,1,2048,22,6703643172
7192,190215331,5802,190221133,5,0,1,6144,8,201013663
7193,190229081,3898,190232979,5,0,1,4096,8,2431011041
7194,190238191,2470,190240661,5,0,1,2560,8,7223545824
7195,190263111,1042,190264153,5,0,1,1024,8,4181706705
7196,190282431,7706,190290137,5,0,1,8192,8,4473193366
7197,190318171,10757,190328928,0,0,1,17408,29,8771688839
7198,190324140,5774,190329914,6,0,1,1536,18,689857818
7199,190409051,3645,190412696,5,0,1,10240,8,3501447766
7200,190414470,5326,190419796,6,0,1,5632,18,6717686674
7201,190438281,6229,190444510,0,0,1,15360,29,9280400266
7202,190568651,566,190569217,5,0,1,512,8,3186598216
7203,190570340,101036,190671376,0,0,0,31744,29,9604492382
7204,190573240,135312,190708552,1,0,0,32768,29,1816037690
7205,190575291,1994,190577285,0,0,1,2048,29,8574806228
7206,190602120,141752,190743872,0,0,0,15872,29,3351743793
7207,190668170,50486,190718656,0,0,0,1536,29,6900373189
7208,190678370,2470,190680840,6,0,1,2560,18,10623703673
7209,190679211,4215,190683426,5,0,1,4096,8,9680688638
7210,190754020,159229,190913249,0,0,0,52224,29,2715232427
7211,190755411,566,190755977,5,0,1,512,8,6640724494
7212,190766841,4374,190771215,5,0,1,4608,8,4357140792
7213,190790000,566,190790566,6,0,1,512,18,352006470
7214,191089970,67400,191157370,1,0,0,6656,29,8929032048
7215,191094311,4162,191098473,0,0,1,11264,29,8225553789
7216,191134601,5971,191140572,5,0,1,14848,8,5653022855
7217,191193100,5326,191198426,6,0,1,5632,18,10071883825
7218,191237560,59132,191296692,1,0,0,5120,29,2213639029
7219,191270960,2870,191273830,1,0,1,8704,29,7355519462
7220,191272910,4173,191277083,6,0,1,3584,18,5143399721
7221,191365150,201872,191567022,1,0,0,65024,29,9613314784
7222,191395600,115736,191511336,0,0,0,22528,29,2473958925
7223,191422801,4420,191427221,0,0,1,11776,29,53172630
7224,191458271,1518,191459789,0,0,1,1536,29,7167933629
7225,191557430,10150,191567580,6,0,1,512,18,10089347266
7226,191683421,566,191683987,5,0,1,512,8,673857385
7227,191699391,2870,191702261,0,0,1,8704,29,2319034675
7228,191719221,6754,191725975,0,0,1,7168,29,5838960450
7229,191792440,3645,191796085,6,0,1,10240,18,5037958900
7230,191883151,4374,191887525,0,0,1,4608,29,593174077
7231,191897530,52364,191949894,0,0,0,3072,29,7347633189
7232,191938041,566,191938607,0,0,1,512,29,2363221413
7233,191961461,5971,191967432,0,0,1,14848,29,6636926312
7234,191985180,1994,191987174,6,0,1,2048,18,6826580865
7235,191988060,1042,191989102,6,0,1,1024,18,6678680035
7236,192055070,114608,192169678,0,0,0,76288,29,3436793884
7237,192105931,1994,192107925,0,0,1,2048,29,8336610639
7238,192139420,4162,192143582,6,0,1,11264,18,7826188789
7239,192195160,99632,192294792,0,0,0,27136,29,9453548624
7240,192211670,209068,192420738,1,0,0,51200,29,9211940379
7241,192235690,145658,192381348,1,0,0,61952,29,3915389525
7242,192282360,2470,192284830,1,0,1,2560,29,8630223384
7243,192296700,250687,192547387,1,0,0,140800,29,7950168858
7244,192311081,1042,192312123,0,0,1,1024,29,4576740161
7245,192319810,227912,192547722,0,0,0,1024,29,9325080911
7246,192320830,7706,192328536,1,0,1,8192,29,3075185895
7247,192325760,4402,192330162,2,0,1,2560,22,4969084266
7248,192339320,2870,192342190,6,0,1,8704,18,2093433290
7249,192358400,1994,192360394,6,0,1,2048,18,9770508184
7250,192375801,6105,192381906,0,0,1,512,29,3558114051
7251,192404690,16063,192420753,6,0,1,7168,18,8062247171
7252,192414300,7028,192421328,1,0,1,512,29,2709866798
7253,192418361,9311,192427672,4,0,1,7168,14,1593583498
7254,192463160,4937,192468097,1,0,1,12800,29,3198330474
7255,192492220,184480,192676700,0,0,0,6656,29,8360086867
7256,192506230,54471,192560701,1,0,1,25088,29,2418575937
7257,192531880,32367,192564247,6,0,1,5632,18,2942629808
7258,192560460,22174,192582634,6,0,1,36352,18,5813671325
7259,192563880,110777,192674657,0,0,0,38400,29,8621361893
7260,192658540,60824,192719364,1,0,0,5632,29,7779956654
7261,192757480,5196,192762676,6,0,1,13312,18,3897278274
7262,192855550,99164,192954714,1,0,0,25600,29,3454885975
7263,192997510,54056,193051566,0,0,0,3584,29,1738479638
7264,193025380,2470,193027850,6,0,1,2560,18,9138286890
7265,193035770,54056,193089826,0,0,0,3584,29,4636855314
7266,193062560,77744,193140304,1,0,0,10752,29,7975801224
7267,193129820,1042,193130862,6,0,1,1024,18,2377143566
7268,193192400,2946,193195346,6,0,1,3072,18,8958220857
7269,193448850,566,193449416,6,0,1,512,18,9991983816
7270,193496830,79904,193576734,1,0,0,12800,29,6136196634
7271,193635360,566,193635926,6,0,1,512,18,5686089635
7272,193680520,14545,193695065,6,0,1,28160,18,7605691209
7273,193716100,68741,193784841,1,0,0,3072,29,7007843417
7274,193747880,113204,193861084,0,0,0,71680,29,8717856610
7275,193759320,566,193759886,6,0,1,512,18,591718584
7276,193763970,2470,193766440,6,0,1,2560,18,4272621768
7277,194065080,97916,194162996,0,0,0,21504,29,6494867293
7278,194231850,1994,194233844,6,0,1,2048,18,9682440828
7279,194271640,5326,194276966,6,0,1,5632,18,4703524585
7280,194349580,80084,194429664,0,0,0,18432,29,4065302927
7281,194408600,3422,194412022,6,0,1,3584,18,6604935309
7282,194534181,102284,194636465,0,0,0,35840,29,7859018444
7283,194543670,106078,194649748,1,0,0,43520,29,153723164
7284,194560120,138028,194698148,0,0,0,54784,29,6627324249
7285,194588180,4374,194592554,2,0,1,4608,22,9977902760
7286,194630650,26287,194656937,3,0,1,7680,13,4579674150
7287,194666941,101660,194768601,0,0,0,33792,29,5091762894
7288,194711770,115991,194827761,1,0,0,24064,29,3973594658
7289,194720010,176899,194896909,1,0,0,27648,29,5794978819
7290,194729630,3387,194733017,6,0,1,9728,18,5561323731
7291,194832630,1518,194834148,9,0,1,1536,26,7317513244
7292,194849431,111956,194961387,0,0,0,67584,29,9321340248
7293,194870790,3898,194874688,6,0,1,4096,18,7190860826
7294,195067721,112416,195180137,0,0,0,20480,29,4078661752
7295,195073710,2870,195076580,6,0,1,8704,18,1002338690
7296,195099100,32987,195132087,7,0,1,57344,25,7873641133
7297,195110210,32707,195142917,7,0,1,35328,25,7411538934
7298,195118200,30618,195148818,6,0,1,19968,18,6538829828
7299,195207380,65900,195273280,0,0,0,7168,29,489323309
7300,195254090,172757,195426847,7,0,1,279552,25,594177710
7301,195372170,268080,195640250,0,0,0,33792,29,9487438722
7302,195417410,9591,195427001,6,0,1,8704,18,6554106785
7303,195464610,11016,195475626,7,0,1,17920,25,6445146783
7304,195481460,1518,195482978,7,0,1,1536,25,8575159549
7305,195638760,122651,195761411,0,0,0,45056,29,3548619409
7306,195714600,1042,195715642,7,0,1,1024,25,382948174
7307,195740580,20846,195761426,7,0,1,33280,25,2941418640
7308,195770700,4679,195775379,7,0,1,12288,25,9466075271
7309,195809330,225177,196034507,0,0,0,241664,29,8999600548
7310,195893450,1042,195894492,9,0,1,1024,26,4757772823
7311,195893740,51845,195945585,7,0,1,83968,25,10682451286
7312,195943200,187420,196130620,0,0,0,8704,29,5433299525
7313,195980080,57858,196037938,9,0,1,3584,26,6366050779
7314,196028930,12554,196041484,9,0,1,5632,26,1966550338
7315,196132620,5326,196137946,9,0,1,5632,26,10683637919
7316,196180830,112892,196293722,0,0,0,70656,29,3094719243
7317,196230410,73833,196304243,7,0,1,120320,25,8282923520
7318,196240280,65589,196305869,6,0,1,2560,18,8372747991
7319,196326670,566,196327236,9,0,1,512,26,7538418702
7320,196342940,4679,196347619,7,0,1,12288,25,2122337814
7321,196438670,98696,196537366,0,0,0,24064,29,6415391482
7322,196452180,3422,196455602,6,0,1,3584,18,5410974292
7323,196473200,86696,196559896,0,0,0,19968,29,4091763589
7324,196480370,10241,196490611,7,0,1,16384,25,6893223188
7325,196523870,566,196524436,9,0,1,512,26,66922280
7326,196574981,2946,196577927,0,0,1,3072,29,9005991823
7327,196599730,3904,196603634,9,0,1,10752,26,3432389367
7328,196608190,109772,196717962,0,0,0,60416,29,4243049017
7329,196636850,172702,196809552,2,0,0,80384,22,8945068174
7330,196669960,211434,196881394,0,0,0,92160,29,3595588007
7331,196671741,566,196672307,4,0,1,512,14,5747397742
7332,196686481,3904,196690385,4,0,1,10752,14,3939445999
7333,196705260,17544,196722804,9,0,1,5120,26,4166602533
7334,196721030,3128,196724158,7,0,1,9216,25,9151458249
7335,196826930,3898,196830828,9,0,1,4096,26,5005034853
7336,196882850,1994,196884844,9,0,1,2048,26,7594915505
7337,196911480,1994,196913474,6,0,1,2048,18,1525193536
7338,196978950,98228,197077178,0,0,0,22528,29,4770913238
7339,196998470,1042,196999512,9,0,1,1024,26,8286148947
7340,197085700,10241,197095941,6,0,1,16384,18,7123671201
7341,197102820,6488,197109308,7,0,1,15872,25,10238491606
7342,197159630,98072,197257702,0,0,0,22016,29,1187059198
7343,197209440,11533,197220973,7,0,1,18944,25,10600875710
7344,197255840,9560,197265400,7,0,1,8192,25,7939576548
7345,197259170,9456,197268626,6,0,1,5120,18,2556393271
7346,197317600,2470,197320070,6,0,1,2560,18,10509221001
7347,197341030,115537,197456567,9,0,1,191488,26,9407218603
7348,197381760,75678,197457438,7,0,1,12288,25,4777483116
7349,197550821,1042,197551863,0,0,1,1024,29,432277892
7350,197650840,6754,197657594,6,0,1,7168,18,5030980119
7351,197656200,105154,197761354,7,0,1,174592,25,5976856354
7352,197665910,99950,197765860,7,0,1,7168,25,15412251
7353,197682900,88452,197771352,9,0,1,26112,26,5901202393
7354,197734209,108963,197843172,6,0,0,4608,18,1611729843
7355,197745800,29098,197774898,6,0,1,5632,18,6566701117
7356,197761100,14784,197775884,3,0,1,1536,13,9379781223
7357,197776050,566,197776616,6,0,1,512,18,9023341819
7358,197876020,133435,198009455,0,0,0,3072,29,3564874848
7359,197916840,566,197917406,6,0,1,512,18,6398443553
7360,197959889,104312,198064201,6,0,0,42496,18,2639464614
7361,198012999,171838,198184837,6,0,0,73216,18,149586508
7362,198034689,86464,198121153,6,0,0,20480,18,4007249225
7363,198058530,27837,198086367,9,0,1,36352,26,7298652607
7364,198078120,161047,198239167,0,0,0,23552,29,2306180690
7365,198250450,22174,198272624,9,0,1,36352,26,2478675902
7366,198298860,192637,198491497,0,0,0,23552,29,8025920572
7367,198300400,154551,198454951,4,0,0,512,14,5364679890
7368,198311470,100412,198411882,0,0,0,29696,29,9361486629
7369,198378750,98047,198476797,4,0,0,512,14,4626563269
7370,198441570,42424,198483994,9,0,1,69120,26,6600334958
7371,198450871,114560,198565431,0,0,0,37376,29,651513603
7372,198469450,64395,198533845,9,0,1,108544,26,8100329794
7373,198485241,48950,198534191,5,0,1,512,8,3156851887
7374,198526571,12446,198539017,4,0,1,7680,14,1046855615
7375,198532301,8342,198540643,4,0,1,2560,14,4062283517
7376,198536491,7378,198543869,5,0,1,5120,8,387756038
7377,198569650,24242,198593892,9,0,1,40448,26,6535051012
7378,198583910,40616,198624526,9,0,1,65536,26,6121988582
7379,198600650,35525,198636175,9,0,1,39424,26,9163861910
7380,198610370,26151,198636521,7,0,1,512,25,6583547206
7381,198628350,32041,198660391,9,0,1,52224,26,4557881346
7382,198675570,5802,198681372,2,0,1,6144,22,259531303
7383,198711021,3128,198714149,4,0,1,9216,14,9684168153
7384,198736219,341652,199077871,6,0,0,41472,18,7236671849
7385,198794891,7706,198802597,4,0,1,8192,14,8545384223
7386,198853660,1042,198854702,2,0,1,1024,22,6038003358
7387,198856790,4937,198861727,2,0,1,12800,22,10414581084
7388,198863241,7706,198870947,4,0,1,8192,14,4182151186
7389,198865269,186203,199051472,6,0,0,75264,18,1345544470
7390,198888880,2870,198891750,2,0,1,8704,22,9461795781
7391,198892410,3422,198895832,6,0,1,3584,18,3036513671
7392,198940940,46729,198987669,7,0,1,80896,25,4089729953
7393,199001920,1518,199003438,7,0,1,1536,25,6395779549
7394,199029151,23355,199052506,4,0,1,1024,14,8120975843
7395,199105841,2470,199108311,5,0,1,2560,8,1525136723
7396,199109900,52058,199161958,4,0,0,1536,14,10645600588
7397,199119301,5802,199125103,4,0,1,6144,14,2268848604
7398,199122251,5118,199127369,4,0,1,3584,14,1292952259
7399,199127730,3904,199131634,7,0,1,10752,25,9550856293
7400,199142480,60556,199203036,4,0,0,1536,14,7991145488
7401,199151740,2946,199154686,2,0,1,3072,22,9705678624
7402,199156280,123081,199279361,4,0,0,2048,14,7269815827
7403,199179331,11016,199190347,0,0,1,17920,29,4545434573
7404,199183811,7522,199191333,0,0,1,1536,29,7521154943
7405,199319601,1994,199321595,5,0,1,2048,8,8879889285
7406,199338530,3904,199342434,7,0,1,10752,25,2557689418
7407,199342481,2470,199344951,5,0,1,2560,8,1230544830
7408,199358741,6278,199365019,5,0,1,6656,8,3032873511
7409,199386729,260072,199646801,6,0,0,80896,18,9264629576
7410,199387770,173834,199561604,4,0,0,512,14,2615652803
7411,199406000,45596,199451596,4,0,0,1024,14,4787141139
7412,199416099,108680,199524779,6,0,0,56832,18,9399003219
7413,199465779,183704,199649483,6,0,0,8192,18,2059792701
7414,199479301,4374,199483675,0,0,1,4608,29,7996353544
7415,199489691,5326,199495017,5,0,1,5632,8,1403320299
7416,199494760,96583,199591343,0,0,0,20992,29,7074418982
7417,199520471,5835,199526306,0,0,1,1536,29,7018926198
7418,199520950,8204,199529154,2,0,1,4096,22,10732587869
7419,199552910,1518,199554428,2,0,1,1536,22,6692640377
7420,199566420,80552,199646972,0,0,0,512,29,10534801088
7421,199597160,107961,199705121,0,0,0,23040,29,10680585906
7422,199720080,43904,199763984,4,0,0,512,14,7352993312
7423,199747440,96872,199844312,0,0,0,28160,29,4612697541
7424,199798220,1994,199800214,7,0,1,2048,25,5244014424
7425,199812001,1042,199813043,5,0,1,1024,8,9442143017
7426,199897660,22950,199920610,7,0,1,37888,25,3198577148
7427,199923309,104000,200027309,6,0,0,41472,18,8885004879
7428,199979790,11016,199990806,0,0,1,17920,29,2655879852
7429,199981610,10502,199992112,6,0,1,2048,18,1986930373
7430,199996931,1518,199998449,0,0,1,1536,29,776572528
7431,199997620,70136,200067756,4,0,0,512,14,873480107
7432,200055929,213761,200269690,6,0,0,112128,18,8421840251
7433,200080050,5971,200086021,2,0,1,14848,22,9487178998
7434,200080751,7536,200088287,5,0,1,3584,8,4252458375
7435,200089580,82787,200172367,4,0,0,512,14,3103703334
7436,200106350,1042,200107392,2,0,1,1024,22,953741465
7437,200141021,11016,200152037,5,0,1,17920,8,4638434098
7438,200148641,4062,200152703,5,0,1,1024,8,6194270012
7439,200161700,11274,200172974,2,0,1,18432,22,8703114776
7440,200233240,61522,200294762,4,0,0,512,14,6157039452
7441,200253551,18618,200272169,5,0,1,2560,8,7908701856
7442,200253710,96369,200350079,0,0,0,11776,29,8415680966
7443,200274580,5712,200280292,2,0,1,14336,22,2471359354
7444,200278351,6448,200284799,0,0,1,6144,29,488680616
7445,200285590,5196,200290786,7,0,1,13312,25,10612662729
7446,200299300,2946,200302246,7,0,1,3072,25,5473316776
7447,200311490,2946,200314436,6,0,1,3072,18,488833806
7448,200314860,4679,200319539,7,0,1,12288,25,4019513774
7449,200334270,109395,200443665,0,0,0,14848,29,274796059
7450,200343431,2470,200345901,5,0,1,2560,8,2434634290
7451,200413830,3387,200417217,6,0,1,9728,18,9657024899
7452,200422470,3387,200425857,6,0,1,9728,18,2496837670
7453,200444660,7230,200451890,2,0,1,7680,22,8528863417
7454,200505030,1994,200507024,7,0,1,2048,25,5618632933
7455,200569239,47288,200616527,6,0,0,1536,18,5096346114
7456,200591210,72024,200663234,7,0,1,116736,25,895305330
7457,200593230,171315,200764545,0,0,0,39936,29,5417510460
7458,200593711,213956,200807667,0,0,0,16896,29,9841605519
7459,200627411,292708,200920119,0,0,0,26624,29,5167055071
7460,200630690,33312,200664002,6,0,1,11776,18,10109346191
7461,200631000,90739,200721739,4,0,0,512,14,6459212823
7462,200682930,3387,200686317,7,0,1,9728,25,4596265909
7463,200704320,1994,200706314,2,0,1,2048,22,4158516730
7464,200774560,34537,200809097,7,0,1,60416,25,4605629118
7465,200783090,75373,200858463,7,0,1,110592,25,8492505170
7466,200786290,72519,200858809,6,0,1,512,18,4950868814
7467,200819030,158329,200977359,4,0,0,512,14,7725860148
7468,200844581,229522,201074103,0,0,0,78848,29,3543092756
7469,200862201,5326,200867527,0,0,1,5632,29,2885731015
7470,200869061,166922,201035983,0,0,0,100352,29,7231952241
7471,200941339,133403,201074742,6,0,0,2048,18,2232066932
7472,201046451,154857,201201308,0,0,0,5632,29,1379320044
7473,201074690,6798,201081488,2,0,1,7168,22,6470306395
7474,201130661,109616,201240277,0,0,0,59904,29,2461529849
7475,201135020,1042,201136062,2,0,1,1024,22,2020589622
7476,201169750,1042,201170792,2,0,1,1024,22,3538202703
7477,201324810,3422,201328232,2,0,1,3584,22,4230640646
7478,201345459,57985,201403444,6,0,0,512,18,798265029
7479,201352980,12825,201365805,2,0,1,21504,22,1979096940
7480,201382380,45596,201427976,4,0,0,1024,14,746450485
7481,201468201,120848,201589049,0,0,0,96768,29,3445742988
7482,201492660,6278,201498938,2,0,1,6656,22,7605088620
7483,201492929,96291,201589220,6,0,0,512,18,7955337904
7484,201599701,4850,201604551,5,0,1,5120,8,8330178496
7485,201618491,4937,201623428,5,0,1,12800,8,4929392668
7486,201658460,112968,201771428,4,0,0,1024,14,6571214106
7487,201698821,5712,201704533,5,0,1,14336,8,1233454157
7488,201710800,43904,201754704,4,0,0,512,14,6375818632
7489,201711310,45596,201756906,4,0,0,1024,14,7518170293
7490,201769641,5802,201775443,5,0,1,6144,8,144766953
7491,201844169,45596,201889765,6,0,0,1024,18,6062477017
7492,201999119,47288,202046407,6,0,0,1536,18,734797287
7493,202024581,57440,202082021,0,0,0,4608,29,2172711918
7494,202057850,50719,202108569,4,0,0,2048,14,9572958823
7495,202059589,45596,202105185,6,0,0,1024,18,2799576840
7496,202096410,45596,202142006,4,0,0,1024,14,7098219412
7497,202096980,45596,202142576,4,0,0,1024,14,10471720361
7498,202152761,566,202153327,5,0,1,512,8,1618619161
7499,202186261,106184,202292445,0,0,0,48640,29,4687362770
7500,202193060,5326,202198386,2,0,1,5632,22,6861019330
7501,202322691,1994,202324685,5,0,1,2048,8,6342895781
7502,202379210,4374,202383584,3,0,1,4608,13,3442766499
7503,202403309,45596,202448905,6,0,0,1024,18,1969834727
7504,202408810,48980,202457790,4,0,0,2048,14,9715759394
7505,202437881,6754,202444635,5,0,1,7168,8,3955899571
7506,202467250,7706,202474956,8,0,1,8192,22,4403146162
7507,202490420,6754,202497174,9,0,1,7168,26,2612330694
7508,202562910,2470,202565380,2,0,1,2560,22,1323712132
7509,202713679,45596,202759275,6,0,0,1024,18,4565134499
7510,202752890,1042,202753932,2,0,1,1024,22,4852985527
7511,202756430,43910,202800340,4,0,0,512,14,5627202550
7512,202797041,3128,202800169,5,0,1,9216,8,4294688452
7513,202832620,61261,202893881,4,0,0,512,14,4556289429
7514,202939009,52520,202991529,6,0,0,3584,18,10337377365
7515,202968831,10757,202979588,5,0,1,17408,8,3018215080
7516,203009149,48001,203057150,6,0,0,512,18,8808546857
7517,203050051,7230,203057281,5,0,1,7680,8,6590120677
7518,203065231,101036,203166267,0,0,0,31744,29,789063755
7519,203123450,1518,203124968,6,0,1,1536,18,10318954125
7520,203162361,6844,203169205,5,0,1,3072,8,3292475901
7521,203177701,3898,203181599,5,0,1,4096,8,2452337169
7522,203236350,48980,203285330,4,0,0,2048,14,9558523391
7523,203236749,50672,203287421,6,0,0,2560,18,4869143343
7524,203249391,6278,203255669,5,0,1,6656,8,8866400235
7525,203290661,52364,203343025,0,0,0,3072,29,2198257296
7526,203307781,3904,203311685,5,0,1,10752,8,1972676208
7527,203350621,5802,203356423,5,0,1,6144,8,5715172670
7528,203418541,1042,203419583,5,0,1,1024,8,10506983825
7529,203496890,45752,203542642,4,0,0,1536,14,5098688317
7530,203527701,566,203528267,5,0,1,512,8,10142430310
7531,203580251,566,203580817,5,0,1,512,8,9899986126
7532,203591431,6278,203597709,5,0,1,6656,8,6019523145
7533,203609421,70100,203679521,0,0,0,6656,29,2870340390
7534,203667140,65900,203733040,0,0,0,7168,29,1925928419
7535,203703201,2470,203705671,5,0,1,2560,8,5431738100
7536,203711461,4374,203715835,5,0,1,4608,8,5791706415
7537,203712031,82947,203794978,0,0,0,14848,29,7871201670
7538,203739849,72607,203812456,6,0,0,512,18,3966411903
7539,203810761,2470,203813231,4,0,1,2560,14,8331891297
7540,203854699,43904,203898603,6,0,0,512,18,8312257839
7541,203864989,47600,203912589,6,0,0,2560,18,3878784252
7542,203938521,72692,204011213,0,0,0,14336,29,3678860494
7543,204078450,97136,204175586,0,0,0,18944,29,5871098846
7544,204088430,72848,204161278,0,0,0,14848,29,10523915082
7545,204122700,75298,204197998,4,0,0,2048,14,240361763
7546,204260191,7230,204267421,5,0,1,7680,8,4163436135
7547,204278481,2470,204280951,4,0,1,2560,14,8378794777
7548,204341529,43904,204385433,6,0,0,512,18,1728496239
7549,204380460,87558,204468018,0,0,0,20480,29,3374956583
7550,204406640,146752,204553392,0,0,0,72704,29,5304371180
7551,204428360,45596,204473956,0,0,0,1024,29,7131854526
7552,204438941,1518,204440459,5,0,1,1536,8,7413316267
7553,204468821,1994,204470815,4,0,1,2048,14,4295644525
7554,204683020,102752,204785772,0,0,0,37376,29,8873994916
7555,204709551,4850,204714401,4,0,1,5120,14,4404870226
7556,204970750,1518,204972268,1,0,1,1536,29,2252479636
7557,205009301,4162,205013463,4,0,1,11264,14,7711582357
7558,205038871,11533,205050404,5,0,1,18944,8,4362887233
7559,205080531,566,205081097,0,0,1,512,29,3802678157
7560,205089461,3898,205093359,4,0,1,4096,14,2857753519
7561,205115120,1042,205116162,8,0,1,1024,22,6394752138
7562,205120291,3422,205123713,4,0,1,3584,14,1553149331
7563,205121441,2618,205124059,4,0,1,512,14,6730039338
7564,205152881,1042,205153923,5,0,1,1024,8,577728163
7565,205211630,3898,205215528,8,0,1,4096,22,5823294137
7566,205219841,2470,205222311,5,0,1,2560,8,8501759944
7567,205221331,2606,205223937,5,0,1,2560,8,234629458
7568,205240481,3422,205243903,5,0,1,3584,8,3785380870
7569,205257960,197617,205455577,0,0,0,116736,29,10603836135
7570,205284751,3422,205288173,5,0,1,3584,8,9981096391
7571,205298069,103642,205401711,6,0,0,512,18,4752620601
7572,205321571,4162,205325733,4,0,1,11264,14,199894633
7573,205340061,6278,205346339,0,0,1,6656,29,3747201882
7574,205362070,159225,205521295,0,0,0,104448,29,4979156309
7575,205374580,4374,205378954,8,0,1,4608,22,7237891902
7576,205407571,1518,205409089,5,0,1,1536,8,8514388569
7577,205417049,104588,205521637,6,0,0,1024,18,9565752006
7578,205421070,162366,205583436,0,0,0,55296,29,9951611331
7579,205436521,19656,205456177,5,0,1,512,8,1246138025
7580,205453601,9872,205463473,0,0,1,8192,29,4945919050
7581,205457100,11519,205468619,8,0,1,8192,22,5816331329
7582,205487411,33899,205521310,5,0,1,3072,8,9656153996
7583,205530141,5802,205535943,0,0,1,6144,29,7147047053
7584,205537679,76141,205613820,6,0,0,1536,18,203364523
7585,205543581,2470,205546051,5,0,1,2560,8,10125258199
7586,205550280,57708,205607988,4,0,0,2560,14,7485607203
7587,205609081,4754,205613835,4,0,1,4608,14,3332457886
7588,205632161,2470,205634631,5,0,1,2560,8,8577840385
7589,205641000,43904,205684904,4,0,0,512,14,10175248251
7590,205665641,3645,205669286,5,0,1,10240,8,5974137646
7591,205697881,4850,205702731,0,0,1,5120,29,1120055090
7592,205807231,1994,205809225,4,0,1,2048,14,3088373161
7593,205870899,45596,205916495,6,0,0,1024,18,7015308093
7594,205889520,47288,205936808,4,0,0,1536,14,8231635093
7595,205913201,4420,205917621,5,0,1,11776,8,936884515
7596,205914121,4166,205918287,0,0,1,1024,29,4453175837
7597,205938571,2470,205941041,5,0,1,2560,8,9650192219
7598,205946401,1042,205947443,4,0,1,1024,14,1944264478
7599,205959110,160899,206120009,0,0,0,29184,29,1217133544
7600,205977220,87608,206064828,4,0,0,17920,14,2377142181
7601,205977431,1994,205979425,0,0,1,2048,29,9705166609
7602,206025191,2470,206027661,4,0,1,2560,14,5719206801
7603,206027269,112355,206139624,6,0,0,512,18,29705227
7604,206038651,4374,206043025,5,0,1,4608,8,8649815589
7605,206117201,14591,206131792,4,0,1,19456,14,7582355685
7606,206120091,15567,206135658,5,0,1,6144,8,5534249733
7607,206183831,1518,206185349,5,0,1,1536,8,6411972527
7608,206231871,1518,206233389,4,0,1,1536,14,5527963170
7609,206265591,3128,206268719,5,0,1,9216,8,10362123666
7610,206306131,1042,206307173,5,0,1,1024,8,1526238056
7611,206358200,566,206358766,3,0,1,512,13,4748213422
7612,206414341,1518,206415859,4,0,1,1536,14,5801630320
7613,206543120,108524,206651644,0,0,0,56320,29,3859156403
7614,206547681,7230,206554911,5,0,1,7680,8,901870945
7615,206564761,3645,206568406,5,0,1,10240,8,4708439073
7616,206583541,1042,206584583,5,0,1,1024,8,4665938872
7617,206604661,2470,206607131,4,0,1,2560,14,7993083704
7618,206613900,112486,206726386,0,0,0,68608,29,31219618
7619,206628481,1994,206630475,5,0,1,2048,8,4691617654
7620,206658810,1042,206659852,3,0,1,1024,13,7669723984
7621,206677421,3422,206680843,5,0,1,3584,8,7447059269
7622,206691560,5802,206697362,3,0,1,6144,13,8039802489
7623,206708221,24477,206732698,5,0,1,6656,8,4443799155
7624,206708230,25134,206733364,3,0,1,11264,13,9464213292
7625,206721031,13977,206735008,0,0,1,9216,29,7041892844
7626,206749120,1042,206750162,2,0,1,1024,22,4511960716
7627,206767760,2470,206770230,3,0,1,2560,13,2541905503
7628,206767830,3706,206771536,2,0,1,2048,22,8434368466
7629,206822391,3898,206826289,5,0,1,4096,8,4177177134
7630,206862311,4374,206866685,4,0,1,4608,14,1354537082
7631,206865730,4937,206870667,3,0,1,12800,13,6970311620
7632,206869021,1992,206871013,0,0,1,512,29,7793554191
7633,206900760,6278,206907038,3,0,1,6656,13,1607629931
7634,206914709,115855,207030564,6,0,0,2048,18,6909548295
7635,206933850,3898,206937748,2,0,1,4096,22,1898083085
7636,206943690,1994,206945684,3,0,1,2048,13,6009845217
7637,206985001,100817,207085818,0,0,0,13824,29,431211493
7638,207039281,4850,207044131,0,0,1,5120,29,4770164102
7639,207055431,7230,207062661,4,0,1,7680,14,9784373511
7640,207060660,94688,207155348,4,0,0,18944,14,2437310290
7641,207061921,1726,207063647,0,0,1,1536,29,6120361511
7642,207070500,170690,207241190,0,0,0,72704,29,5021106174
7643,207132939,108422,207241361,6,0,0,512,18,10501867619
7644,207139110,1042,207140152,2,0,1,1024,22,2115016180
7645,207184970,100724,207285694,4,0,0,30720,14,5538119916
7646,207242870,6278,207249148,2,0,1,6656,22,5574143919
7647,207263010,147821,207410831,4,0,0,1024,14,9845864880
7648,207290990,73136,207364126,0,0,0,10752,29,8725460441
7649,207300159,50672,207350831,6,0,0,2560,18,7328470782
7650,207351010,100724,207451734,0,0,0,30720,29,7072284108
7651,207391739,45596,207437335,6,0,0,1024,18,7252653642
7652,207419250,3387,207422637,1,0,1,9728,29,1854300941
7653,207433330,2470,207435800,2,0,1,2560,22,1575564512
7654,207443049,55965,207499014,6,0,0,1536,18,9385782723
7655,207489520,132335,207621855,4,0,0,15872,14,3154740240
7656,207524480,5326,207529806,2,0,1,5632,22,10070056984
7657,207596411,4374,207600785,4,0,1,4608,14,4755212943
7658,207614811,7059,207621870,4,0,1,9728,14,10004674183
7659,207727860,3898,207731758,2,0,1,4096,22,3835603859
7660,207731280,5802,207737082,2,0,1,6144,22,9030894051
7661,207782541,6278,207788819,4,0,1,6656,14,7880521310
7662,207783240,7205,207790445,2,0,1,2560,22,728071953
7663,207841200,165763,208006963,0,0,0,72704,29,2025585626
7664,207906379,48980,207955359,6,0,0,2048,18,8516473294
7665,207910499,72445,207982944,6,0,0,512,18,4285471583
7666,207920120,4420,207924540,2,0,1,11776,22,5920558027
7667,207955869,51421,208007290,6,0,0,1024,18,3805225011
7668,208020580,6754,208027334,2,0,1,7168,22,1144168364
7669,208116950,2470,208119420,2,0,1,2560,22,6289609614
7670,208125740,2946,208128686,8,0,1,3072,22,10169219525
7671,208175721,1518,208177239,4,0,1,1536,14,4385312967
7672,208178581,4162,208182743,4,0,1,11264,14,6337942092
7673,208185510,240840,208426350,4,0,0,176640,14,2483855093
7674,208283010,192990,208476000,0,0,0,111616,29,6400518064
7675,208312870,566,208313436,2,0,1,512,22,630880178
7676,208360869,115458,208476327,6,0,0,1024,18,6536141767
7677,208371089,106033,208477122,6,0,0,2560,18,4418684963
7678,208380160,148934,208529094,8,0,0,37376,22,2318020548
7679,208393570,37647,208431217,3,0,1,5120,13,7884477087
7680,208491010,1518,208492528,2,0,1,1536,22,8110770557
7681,208517260,116012,208633272,4,0,0,80896,14,7820231689
7682,208545150,151656,208696806,0,0,0,61440,29,8442025422
7683,208594411,10757,208605168,4,0,1,17408,14,4449185237
7684,208611210,85619,208696829,9,0,1,106496,26,222562735
7685,208655000,213557,208868557,0,0,0,11264,29,8661141110
7686,208662739,196398,208859137,6,0,0,512,18,6305711391
7687,208684720,140567,208825287,0,0,0,14848,29,4061668866
7688,208714821,566,208715387,4,0,1,512,14,307169842
7689,208745749,45596,208791345,6,0,0,1024,18,3273732180
7690,208769221,566,208769787,4,0,1,512,14,3973509214
7691,208789660,1700,208791360,2,0,1,1536,22,1344457064
7692,208790720,64832,208855552,4,0,0,8704,14,1025076915
7693,208792529,68549,208861078,6,0,0,512,18,6078238921
7694,208876380,111644,208988024,0,0,0,66560,29,2478426170
7695,208963970,110994,209074964,0,0,0,52224,29,4112459926
7696,209072940,100244,209173184,0,0,0,22528,29,1210593597
7697,209091219,50672,209141891,6,0,0,2560,18,8980069034
7698,209093930,12049,209105979,2,0,1,19968,22,195528257
7699,209162001,3898,209165899,4,0,1,4096,14,9430715842
7700,209162209,95936,209258145,6,0,0,512,18,7208013600
7701,209215160,54056,209269216,0,0,0,3584,29,10672328687
7702,209267460,176053,209443513,0,0,0,124416,29,3964183213
7703,209300279,97204,209397483,6,0,0,3584,18,1463500838
7704,209305991,1994,209307985,4,0,1,2048,14,3546066721
7705,209372880,103064,209475944,0,0,0,38400,29,5961382850
7706,209386060,4374,209390434,2,0,1,4608,22,6730203708
7707,209406050,136331,209542381,4,0,0,29696,14,1645485669
7708,209430540,79226,209509766,0,0,0,13312,29,6483433200
7709,209450509,138402,209588911,6,0,0,19968,18,10681165387
7710,209536090,6849,209542939,2,0,1,512,22,3365748132
7711,209577259,82844,209660103,6,0,0,17408,18,5936817299
7712,209591840,123970,209715810,4,0,0,5120,14,3113712026
7713,209602830,3898,209606728,2,0,1,4096,22,728656434
7714,209618390,178738,209797128,4,0,0,44032,14,2215213457
7715,209652610,1518,209654128,2,0,1,1536,22,2185650020
7716,209662210,10241,209672451,2,0,1,16384,22,8122851197
7717,209687310,3422,209690732,2,0,1,3584,22,2746542726
7718,209698550,4420,209702970,2,0,1,11776,22,9145436188
7719,209724581,6278,209730859,4,0,1,6656,14,2522873061
7720,209730499,289839,210020338,6,0,0,85504,18,9159864671
7721,209767710,2470,209770180,2,0,1,2560,22,1742594536
7722,209814969,144361,209959330,6,0,0,46592,18,4028699006
7723,209833160,4850,209838010,2,0,1,5120,22,5741895664
7724,209928910,6754,209935664,2,0,1,7168,22,4892487714
7725,209943030,1994,209945024,2,0,1,2048,22,2103005058
7726,210009691,15593,210025284,4,0,1,12800,14,8662020902
7727,210009910,16680,210026590,2,0,1,2048,22,6968422083
7728,210051599,189704,210241303,6,0,0,22016,18,3948144643
7729,210094230,2470,210096700,2,0,1,2560,22,1443585556
7730,210098140,136440,210234580,6,0,0,35840,18,2821670048
7731,210152820,159490,210312310,6,0,0,62976,18,6787864702
7732,210182641,2470,210185111,4,0,1,2560,14,3379876119
7733,210368071,4850,210372921,0,0,1,5120,29,1809095727
7734,210409230,4850,210414080,2,0,1,5120,22,1323770047
7735,210410300,103899,210514199,4,0,0,33280,14,6487187071
7736,210448201,5326,210453527,4,0,1,5632,14,7777437970
7737,210449380,231952,210681332,6,0,0,26624,18,531032401
7738,210501251,12963,210514214,4,0,1,10752,14,3087900307
7739,210536460,10499,210546959,2,0,1,16896,22,2748174601
7740,210565390,184475,210749865,6,0,0,18944,18,2315491606
7741,210573360,69752,210643112,4,0,0,9728,14,2350440911
7742,210585920,566,210586486,2,0,1,512,22,4325114904
7743,210586270,230263,210816533,0,0,0,83456,29,5671550848
7744,210688110,102980,210791090,4,0,0,33280,14,3999033018
7745,210761700,108680,210870380,6,0,0,56832,18,5569059423
7746,210839840,117012,210956852,0,0,0,40960,29,9643645281
7747,210851611,18784,210870395,4,0,1,2048,14,10225223107
7748,210856820,117534,210974354,4,0,0,31744,14,7381939123
7749,210934350,98540,211032890,6,0,0,23552,18,5748098423
7750,210982421,566,210982987,5,0,1,512,8,4574339335
7751,211010720,43904,211054624,6,0,0,512,18,5055736355
7752,211106890,127244,211234134,4,0,0,117760,14,5057892033
7753,211143450,98802,211242252,4,0,0,7168,14,7663771947
7754,211167760,171458,211339218,6,0,0,107520,18,10510821661
7755,211226430,113271,211339701,6,0,0,1536,18,812960177
7756,211260110,97292,211357402,4,0,0,19456,14,5876532700
7757,211424781,3422,211428203,4,0,1,3584,14,6219633717
7758,211427611,4374,211431985,4,0,1,4608,14,7097190643
7759,211446550,141116,211587666,1,0,0,2560,29,3189030432
7760,211625830,86696,211712526,0,0,0,19968,29,3798003750
7761,211645731,4850,211650581,4,0,1,5120,14,2011259348
7762,211687550,100792,211788342,1,0,0,24576,29,7948821586
7763,211701070,71766,211772836,9,0,1,116224,26,10648952360
7764,211726370,117133,211843503,1,0,0,51200,29,9592526259
7765,211751570,54787,211806357,9,0,1,93184,26,7697017748
7766,211773781,35162,211808943,4,0,1,4096,14,392773216
7767,211774060,90520,211864580,1,0,0,17920,29,475830901
7768,211795710,282049,212077759,0,0,0,53248,29,3106461885
7769,211808730,211267,212019997,1,0,0,91648,29,284507944
7770,211827360,295807,212123167,1,0,0,40960,29,3018083991
7771,211876761,1518,211878279,4,0,1,1536,14,9811436719
7772,211893300,12566,211905866,9,0,1,20992,26,4671961400
7773,211895530,350042,212245572,6,0,0,54784,18,51380739
7774,211915320,274900,212190220,4,0,0,11776,14,1330053981
7775,211922420,306437,212228857,6,0,0,21504,18,2536349413
7776,211980500,3898,211984398,6,0,1,4096,18,8306546370
7777,211992400,229890,212222290,1,0,0,7680,29,2097224235
7778,212054290,160638,212214928,1,0,0,23040,29,1826775912
7779,212060210,147668,212207878,4,0,0,57856,14,8848247493
7780,212080100,139835,212219935,1,0,0,16384,29,3933399944
7781,212081471,2470,212083941,4,0,1,2560,14,3759848154
7782,212130890,54100,212184990,9,0,1,88576,26,3719190554
7783,212135541,54694,212190235,4,0,1,3584,14,8138302650
7784,212137520,344526,212482046,4,0,0,26112,14,2809799799
7785,212180161,27732,212207893,5,0,1,1536,8,4379361515
7786,212213630,46018,212259648,9,0,1,24064,26,1128064166
7787,212242760,23389,212266149,9,0,1,25600,26,2339198105
7788,212255500,36769,212292269,7,0,1,51200,25,1867764389
7789,212265781,27794,212293575,4,0,1,2048,14,7821950974
7790,212298910,2470,212301380,9,0,1,2560,26,2141662984
7791,212317480,148397,212465877,4,0,0,13312,14,3509109967
7792,212324680,171143,212495823,1,0,0,4608,29,3332035543
7793,212346961,22691,212369652,4,0,1,37376,14,3708336684
7794,212400890,7706,212408596,9,0,1,8192,26,4982303086
7795,212447510,129641,212577151,0,0,0,18944,29,3026152179
7796,212503240,566,212503806,9,0,1,512,26,8043024283
7797,212550260,53066,212603326,9,0,1,86528,26,2605477348
7798,212598429,84088,212682517,6,0,0,6144,18,9882959732
7799,212625450,24670,212650120,9,0,1,44544,26,4026440633
7800,212671060,12308,212683368,9,0,1,20480,26,2316368784
7801,212715140,194274,212909414,1,0,0,36352,29,1640964788
7802,212779840,118483,212898323,1,0,0,6656,29,2191728578
7803,212790320,186787,212977107,0,0,0,2560,29,4976638942
7804,212797830,55748,212853578,6,0,0,4096,18,434242438
7805,212815030,65900,212880930,1,0,0,7168,29,2092796325
7806,212815720,100489,212916209,0,0,0,13824,29,1289191027
7807,212878690,117337,212996027,1,0,0,27648,29,2512418043
7808,212929820,43904,212973724,0,0,0,512,29,5582359902
7809,212954460,3645,212958105,9,0,1,10240,26,8207510770
7810,212965740,30302,212996042,7,0,1,48128,25,4889531109
7811,212974250,113799,213088049,1,0,0,53248,29,60592544
7812,213008170,58058,213066228,0,0,0,2560,29,1310772116
7813,213036890,3387,213040277,7,0,1,9728,25,7398604626
7814,213039610,127759,213167369,4,0,0,18944,14,6669734462
7815,213087060,97787,213184847,4,0,0,4608,14,4456226141
7816,213177710,65900,213243610,6,0,0,7168,18,4525228932
7817,213184870,115536,213300406,0,0,0,32256,29,6838058846
7818,213285800,108212,213394012,6,0,0,55296,18,1668645549
7819,213302050,104682,213406732,4,0,0,16384,14,4619758286
7820,213351020,72068,213423088,6,0,0,12288,18,821664121
7821,213366590,75295,213441885,7,0,1,126464,25,8908901500
7822,213371390,189281,213560671,4,0,0,48128,14,6050810310
7823,213409571,36820,213446391,0,0,1,7168,29,8874567159
7824,213421770,207395,213629165,6,0,0,4096,18,9248959670
7825,213464880,219821,213684701,1,0,0,55296,29,6058913302
7826,213514311,1042,213515353,0,0,1,1024,29,6918800838
7827,213639980,91304,213731284,4,0,0,19968,14,3938452227
7828,213676210,140224,213816434,9,0,1,212992,26,8578319642
7829,213741780,79839,213821619,9,0,1,24576,26,6478078773
7830,213761190,120633,213881823,4,0,0,10752,14,7165333253
7831,213796690,253771,214050461,6,0,0,46080,18,7840873109
7832,213806220,260948,214067168,1,0,0,54784,29,7582493900
7833,213827350,6754,213834104,3,0,1,7168,13,3332039199
7834,213838010,566,213838576,3,0,1,512,13,8982079028
7835,213838380,62674,213901054,9,0,1,101888,26,2671805744
7836,213890430,205439,214095869,4,0,0,33792,14,3605322659
7837,213942320,63362,214005682,9,0,1,106496,26,9968876700
7838,213947420,228153,214175573,4,0,0,15872,14,9674979334
7839,213958660,443728,214402388,1,0,0,119808,29,6062590914
7840,213961210,46738,214007948,9,0,1,3584,26,8735123073
7841,213979900,203354,214183254,6,0,0,4608,18,7468626355
7842,213989200,24649,214013849,9,0,1,19968,26,6430259238
7843,214004769,144408,214149177,6,0,0,38400,18,9021427005
7844,214011340,208367,214219707,1,0,0,36864,29,3125840941
7845,214021610,566,214022176,3,0,1,512,13,9051985812
7846,214024650,566,214025216,3,0,1,512,13,7962171745
7847,214072740,3904,214076644,3,0,1,10752,13,10702163271
7848,214078940,3422,214082362,3,0,1,3584,13,829527758
7849,214116900,43370,214160270,9,0,1,74240,26,677066650
7850,214174900,124029,214298929,4,0,0,54272,14,9070726089
7851,214329550,176125,214505675,6,0,0,18944,18,5884528661
7852,214364090,38313,214402403,3,0,1,6144,13,8718315990
7853,214378930,204785,214583715,4,0,0,50688,14,6885404674
7854,214431710,129363,214561073,6,0,0,33280,18,7286609616
7855,214469060,61604,214530664,1,0,0,8192,29,3470655668
7856,214528960,273831,214802791,4,0,0,23040,14,1789558979
7857,214552590,31140,214583730,3,0,1,8192,13,2146641029
7858,214553260,33955,214587215,9,0,1,42496,26,1469599766
7859,214567270,172293,214739563,4,0,0,72704,14,9874420282
7860,214612540,167625,214780165,1,0,0,43520,29,3879161852
7861,214664050,155036,214819086,4,0,0,19456,14,1538007772
7862,214700940,204973,214905913,4,0,0,45568,14,3227679892
7863,214705130,156386,214861516,1,0,0,82432,29,5688733993
7864,214733380,178476,214911856,4,0,0,19456,14,7337685543
7865,214736150,8756,214744906,8,0,1,5632,22,4128249188
7866,214746780,1042,214747822,3,0,1,1024,13,7458536939
7867,214752940,83445,214836385,4,0,0,6144,14,8430671584
7868,214767960,16876,214784836,3,0,1,12288,13,4259467994
7869,214793530,9276,214802806,3,0,1,11776,13,8156077053
7870,214821490,106258,214927748,4,0,0,4096,14,2310972930
7871,214870480,164638,215035118,4,0,0,128512,14,3796506111
7872,214965410,69747,215035157,9,0,1,111616,26,7383923363
7873,214992370,422016,215414386,4,0,0,80896,14,9932820410
7874,215001120,106864,215107984,9,0,1,118272,26,7864715071
7875,215029800,88502,215118302,9,0,1,40960,26,7125871384
7876,215034220,189605,215223825,1,0,0,53760,29,9682299593
7877,215064020,54743,215118763,8,0,1,10240,22,7162215522
7878,215091000,34176,215125176,9,0,1,30720,26,1622724843
7879,215188020,2470,215190490,6,0,1,2560,18,1689462252
7880,215220771,5992,215226763,0,0,1,3072,29,8576453963
7881,215237080,1994,215239074,3,0,1,2048,13,7471898600
7882,215299020,1994,215301014,9,0,1,2048,26,1576954824
7883,215307280,43112,215350392,9,0,1,73728,26,3969802277
7884,215311070,56001,215367071,9,0,1,55296,26,1301949716
7885,215325190,42867,215368057,3,0,1,1536,13,1991419552
7886,215326501,42222,215368723,0,0,1,1024,29,3068163918
7887,215360390,9319,215369709,3,0,1,1536,13,10626375839
7888,215409510,9718,215419228,8,0,1,5120,22,2536541005
7889,215432700,4374,215437074,9,0,1,4608,26,4231789509
7890,215516161,4162,215520323,0,0,1,11264,29,8375225377
7891,215516690,213391,215730081,1,0,0,71168,29,2813438983
7892,215526860,7230,215534090,9,0,1,7680,26,9304894048
7893,215561770,105917,215667687,1,0,0,17408,29,1875379191
7894,215570879,174988,215745867,6,0,0,33792,18,7389034855
7895,215645380,90176,215735556,4,0,0,17920,14,4637694991
7896,215750740,3387,215754127,8,0,1,9728,22,4794147214
7897,215803630,13341,215816971,9,0,1,22528,26,3303592666
7898,215855320,4374,215859694,3,0,1,4608,13,2759554777
7899,215907411,1518,215908929,0,0,1,1536,29,6271698379
7900,215951251,1518,215952769,0,0,1,1536,29,2421099397
7901,215952060,54012,216006072,9,0,1,91648,26,4386062422
7902,215976210,41408,216017618,9,0,1,47104,26,10449555931
7903,215985090,191680,216176770,4,0,0,22528,14,8518494706
7904,215985380,35784,216021164,8,0,1,5632,22,7959247889
7905,216131710,6229,216137939,1,0,1,15360,29,8799561829
7906,216152960,5326,216158286,8,0,1,5632,22,7025857704
7907,216194311,566,216194877,0,0,1,512,29,7872251714
7908,216196400,3422,216199822,3,0,1,3584,13,7029895067
7909,216275460,5971,216281431,1,0,1,14848,29,10699650862
7910,216278830,13252,216292082,3,0,1,19968,13,9592020313
7911,216290691,5971,216296662,0,0,1,14848,29,1497433305
7912,216317379,76972,216394351,6,0,0,2560,18,4522243699
7913,216321390,6754,216328144,1,0,1,7168,29,5994583756
7914,216326100,3350,216329450,3,0,1,2048,13,5822542029
7915,216374940,50672,216425612,1,0,0,2560,29,6643227231
7916,216396580,2470,216399050,3,0,1,2560,13,9863415379
7917,216422420,5326,216427746,9,0,1,5632,26,9662019488
7918,216425090,44401,216469491,9,0,1,75264,26,3046916820
7919,216430230,40234,216470464,9,0,1,12800,26,7949541790
7920,216473199,137852,216611051,6,0,0,19456,18,9792702802
7921,216476551,6229,216482780,0,0,1,15360,29,4812446400
7922,216537431,566,216537997,0,0,1,512,29,5120379066
7923,216596521,5454,216601975,5,0,1,13824,8,1925174867
7924,216598629,179624,216778253,6,0,0,36864,18,8422698374
7925,216604659,99944,216704603,6,0,0,28160,18,4957385584
7926,216631420,90505,216721925,1,0,0,13312,29,4503445926
7927,216667130,55821,216722951,9,0,1,95232,26,870708819
7928,216710950,55560,216766510,3,0,0,512,13,9153328737
7929,216715361,7936,216723297,0,0,1,512,29,9707004551
7930,216805291,1994,216807285,5,0,1,2048,8,1886215217
7931,216906779,189565,217096344,6,0,0,4096,18,5272801118
7932,216908860,26221,216935081,9,0,1,47616,26,1328741107
7933,216912750,27823,216940573,9,0,1,26112,26,1339600647
7934,216913319,133982,217047301,6,0,0,9728,18,10700242775
7935,216926680,38262,216964942,9,0,1,58368,26,5180721894
7936,216942840,254684,217197524,4,0,0,140288,14,9357905883
7937,216993930,24670,217018600,9,0,1,44544,26,1581699072
7938,217049950,94311,217144261,4,0,0,3072,14,7926356307
7939,217056211,1518,217057729,5,0,1,1536,8,1859507686
7940,217073921,3422,217077343,5,0,1,3584,8,1736537660
7941,217082040,1042,217083082,3,0,1,1024,13,3266085393
7942,217163561,35039,217198600,5,0,1,1024,8,40955842
7943,217168270,251240,217419510,4,0,0,5632,14,6428478747
7944,217193150,7190,217200340,3,0,1,2560,13,7593095441
7945,217258400,6278,217264678,3,0,1,6656,13,10437662389
7946,217264800,26738,217291538,9,0,1,48640,26,8372722713
7947,217269941,22161,217292102,5,0,1,10752,8,4033203876
7948,217278870,38371,217317241,9,0,1,59904,26,1947521324
7949,217308771,8816,217317587,5,0,1,512,8,3419969960
7950,217353061,2470,217355531,0,0,1,2560,29,3859291617
7951,217420700,566,217421266,9,0,1,512,26,1313691944
7952,217460901,1518,217462419,0,0,1,1536,29,7334530964
7953,217488240,1042,217489282,9,0,1,1024,26,6516569844
7954,217515571,1042,217516613,0,0,1,1024,29,9059749574
7955,217518280,24154,217542434,7,0,1,43520,25,2558170681
7956,217563260,200059,217763319,1,0,0,48640,29,6694950009
7957,217563970,5802,217569772,3,0,1,6144,13,5129728180
7958,217609440,101192,217710632,1,0,0,32256,29,7457493244
7959,217634440,12308,217646748,9,0,1,20480,26,8132417486
7960,217640300,8074,217648374,6,0,1,2560,18,9928179384
7961,217666941,7706,217674647,5,0,1,8192,8,1825593891
7962,217805140,6754,217811894,3,0,1,7168,13,5392816520
7963,217807891,5309,217813200,5,0,1,2048,8,6278298367
7964,217825801,1518,217827319,0,0,1,1536,29,7077769513
7965,217872130,566,217872696,3,0,1,512,13,3998155868
7966,217947640,5326,217952966,1,0,1,5632,29,3609235664
7967,217956731,1518,217958249,0,0,1,1536,29,6209807248
7968,217969070,123811,218092881,1,0,0,73728,29,10476790701
7969,217974560,2946,217977506,9,0,1,3072,26,9681216908
7970,218012150,2470,218014620,1,0,1,2560,29,2486042029
7971,218065200,2470,218067670,9,0,1,2560,26,305602120
7972,218071800,97125,218168925,1,0,0,10240,29,2534255945
7973,218112890,6754,218119644,9,0,1,7168,26,7682890476
7974,218185361,1994,218187355,0,0,1,2048,29,4213586184
7975,218200310,113048,218313358,1,0,0,71168,29,6999661823
7976,218237571,3898,218241469,5,0,1,4096,8,5904468609
7977,218240870,1585,218242455,2,0,1,1536,22,8131571033
7978,218261431,4374,218265805,5,0,1,4608,8,2050741784
7979,218271650,7230,218278880,9,0,1,7680,26,4842610197
7980,218285960,116522,218402482,4,0,0,64000,14,3532473154
7981,218313299,175434,218488733,6,0,0,28160,18,4888202885
7982,218352721,2470,218355191,5,0,1,2560,8,9213898839
7983,218381109,98696,218479805,6,0,0,24064,18,8561602393
7984,218432159,139578,218571737,6,0,0,26112,18,2753419035
7985,218435450,53625,218489075,3,0,0,1024,13,5707573442
7986,218475600,13148,218488748,9,0,1,512,26,6649155468
7987,218505990,116324,218622314,4,0,0,81920,14,5691716982
7988,218566081,13354,218579435,5,0,1,8192,8,3488544815
7989,218572100,148295,218720395,1,0,0,43520,29,10369067104
7990,218572180,112983,218685163,4,0,0,64000,14,3002376963
7991,218599000,148606,218747606,7,0,1,203776,25,6119829639
7992,218600590,203424,218804014,3,0,0,1024,13,7673090909
7993,218605040,165916,218770956,3,0,0,4096,13,3962477230
7994,218611520,137392,218748912,7,0,1,2048,25,3826109491
7995,218627620,289303,218916923,3,0,0,9728,13,4025332451
7996,218635430,115428,218750858,3,0,1,3072,13,6285793000
7997,218636590,119414,218756004,7,0,1,8192,25,7884233423
7998,218658580,97770,218756350,7,0,1,512,25,1363481068
7999,218671390,85626,218757016,9,0,1,1024,26,1344902698
8000,218679890,189905,218869795,1,0,0,33792,29,6684764161
8001,218688210,71392,218759602,3,0,1,4096,13,6619108305
8002,218692170,68098,218760268,3,0,1,1024,13,5397347407
8003,218732101,28423,218760524,5,0,1,9216,8,5547768243
8004,218732550,206693,218939243,4,0,0,4096,14,2698816454
8005,218741980,224832,218966812,3,0,0,24064,13,7466137897
8006,218744129,188087,218932216,6,0,0,16384,18,6086891088
8007,218841931,1994,218843925,5,0,1,2048,8,2691841187
8008,218903710,2946,218906656,9,0,1,3072,26,549210292
8009,218907789,164605,219072394,6,0,0,8704,18,2301873556
8010,218917380,68920,218986300,4,0,0,5120,14,7800008720
8011,218940100,127644,219067744,1,0,0,39936,29,6004688252
8012,218941130,5326,218946456,7,0,1,5632,25,10331045700
8013,218945291,3128,218948419,5,0,1,9216,8,8640794222
8014,218960841,6529,218967370,5,0,1,512,8,7840278928
8015,218972920,4420,218977340,1,0,1,11776,29,9895664947
8016,219042320,1994,219044314,9,0,1,2048,26,2593072757
8017,219122390,94820,219217210,1,0,0,16384,29,5514167773
8018,219139840,64208,219204048,6,0,0,6656,18,10636046667
8019,219152870,161102,219313972,3,0,0,105984,13,1675237775
8020,219208850,8375,219217225,9,0,1,4096,26,938630321
8021,219214850,184030,219398880,1,0,0,56832,29,125774343
8022,219241330,6754,219248084,3,0,1,7168,13,198319063
8023,219292230,212765,219504995,4,0,0,112128,14,9764929693
8024,219317719,198226,219515945,6,0,0,22528,18,6536134315
8025,219323880,213408,219537288,3,0,0,45056,13,4162751285
8026,219350670,158396,219509066,1,0,0,13312,29,2553760541
8027,219371030,184952,219555982,1,0,0,22528,29,479863753
8028,219406850,4850,219411700,9,0,1,5120,26,8488285158
8029,219407200,8046,219415246,7,0,1,5632,25,10600124267
8030,219543590,47288,219590878,4,0,0,1536,14,10669725506
8031,219662070,4374,219666444,8,0,1,4608,22,6485459115
8032,219665160,111424,219776584,3,0,0,38912,13,7519883118
8033,219669500,4679,219674179,9,0,1,12288,26,9019088916
8034,219676320,88393,219764713,3,0,0,9216,13,7422888272
8035,219692080,113419,219805499,3,0,0,13824,13,740483741
8036,219715790,100412,219816202,4,0,0,29696,14,3066314483
8037,219726410,103647,219830057,1,0,0,2560,29,9381466279
8038,219791550,7230,219798780,9,0,1,7680,26,9704306197
8039,219792190,105016,219897206,1,0,0,29184,29,1077676653
8040,219800550,87749,219888299,3,0,0,13824,13,4558919194
8041,219808620,177207,219985827,4,0,0,47616,14,2487082943
8042,219861130,4850,219865980,9,0,1,5120,26,4295946596
8043,220061730,1994,220063724,9,0,1,2048,26,7402403774
8044,220149540,11016,220160556,9,0,1,17920,26,618308226
8045,220182460,3387,220185847,9,0,1,9728,26,4707018095
8046,220240050,140487,220380537,1,0,0,3584,29,2743056504
8047,220277770,101660,220379430,3,0,0,33792,13,952906868
8048,220373040,130989,220504029,4,0,0,105472,14,2637823604
8049,220408140,233103,220641243,4,0,0,28160,14,4284729726
8050,220440630,109617,220550247,3,0,0,29184,13,4380376563
8051,220457100,128097,220585197,3,0,0,72192,13,7694159432
8052,220639660,53939,220693599,2,0,0,3072,22,4380211265
8053,220642140,114183,220756323,6,0,0,47616,18,1562602549
8054,220678209,176613,220854822,6,0,0,57856,18,2576119907
8055,220753150,84029,220837179,4,0,0,20992,14,6282421512
8056,220781780,159535,220941315,3,0,0,30208,13,551299432
8057,220787620,2870,220790490,9,0,1,8704,26,2984181987
8058,220808330,87589,220895919,4,0,0,12288,14,7803155348
8059,220871571,3898,220875469,0,0,1,4096,29,9931065093
8060,220903200,102160,221005360,1,0,0,35328,29,9307198103
8061,220959140,1994,220961134,9,0,1,2048,26,2435163534
8062,221038421,4850,221043271,0,0,1,5120,29,6691446924
8063,221108430,91928,221200358,3,0,0,22016,13,9916147213
8064,221167780,5971,221173751,9,0,1,14848,26,2402531331
8065,221182360,129116,221311476,3,0,0,123904,13,6089546257
8066,221218791,3422,221222213,0,0,1,3584,29,4770658637
8067,221248030,164318,221412348,3,0,0,34304,13,3893376166
8068,221257070,114334,221371404,4,0,0,15872,14,332994745
8069,221280099,212823,221492922,6,0,0,111104,18,7203409916
8070,221280321,33166,221313487,0,0,1,2048,29,10635944624
8071,221321230,1042,221322272,6,0,1,1024,18,714479534
8072,221323761,3422,221327183,0,0,1,3584,29,9569773844
8073,221384140,3422,221387562,9,0,1,3584,26,10658141743
8074,221410239,91425,221501664,6,0,0,23552,18,5309923300
8075,221420761,1994,221422755,0,0,1,2048,29,4602910686
8076,221464039,229762,221693801,6,0,0,25088,18,7751551755
8077,221478300,23379,221501679,2,0,1,3584,22,2127464564
8078,221563420,1042,221564462,3,0,1,1024,13,6869395999
8079,221623799,107276,221731075,6,0,0,52224,18,10465352310
8080,221721970,15851,221737821,9,0,1,7168,26,970243883
8081,221773200,104624,221877824,3,0,0,43520,13,6275822199
8082,221822960,1994,221824954,9,0,1,2048,26,528502240
8083,221823630,7233,221830863,9,0,1,7680,26,5104515871
8084,221823710,225831,222049541,1,0,0,92160,29,4242156378
8085,221867380,93065,221960445,4,0,0,13824,14,5945167380
8086,221928061,566,221928627,0,0,1,512,29,5527853712
8087,221929260,181919,222111179,1,0,0,61440,29,10050010516
8088,221999451,1518,222000969,0,0,1,1536,29,1951888012
8089,222003390,4850,222008240,9,0,1,5120,26,2972556022
8090,222096050,77637,222173687,1,0,0,6144,29,2688025963
8091,222099970,69845,222169815,3,0,0,2560,13,3593194216
8092,222133820,1994,222135814,9,0,1,2048,26,3283371737
8093,222239510,59132,222298642,3,0,0,5120,13,8706404424
8094,222258359,104624,222362983,6,0,0,43520,18,2604731398
8095,222268210,140121,222408331,1,0,0,51200,29,9455590356
8096,222324730,56996,222381726,1,0,0,8192,29,4234684854
8097,222347830,15168,222362998,7,0,1,4608,25,1568077922
8098,222352870,15488,222368358,9,0,1,5632,26,4957362447
8099,222358820,10844,222369664,9,0,1,2048,26,1020239621
8100,222361760,11130,222372890,7,0,1,5120,25,8545732387
8101,222376849,136945,222513794,6,0,0,117760,18,800207114
8102,222399890,188726,222588616,1,0,0,75264,29,9359304991
8103,222429410,218269,222647679,1,0,0,56320,29,6442493774
8104,222439461,3387,222442848,5,0,1,9728,8,6398083368
8105,222446020,4162,222450182,7,0,1,11264,25,1276900576
8106,222484570,42833,222527403,9,0,1,23040,26,2773194669
8107,222511960,165371,222677331,1,0,0,10240,29,8588000635
8108,222519970,109571,222629541,1,0,0,28160,29,5455428011
8109,222536920,154383,222691303,4,0,0,1024,14,10210445329
8110,222543151,566,222543717,4,0,1,512,14,1140391214
8111,222554399,101578,222655977,6,0,0,27136,18,9264235502
8112,222580011,11467,222591478,0,0,1,8704,29,3763270204
8113,222626571,21123,222647694,0,0,1,1536,29,491472428
8114,222679661,2470,222682131,0,0,1,2560,29,9563302752
8115,222741250,2470,222743720,3,0,1,2560,13,9920308058
8116,222761501,3645,222765146,0,0,1,10240,29,6491202100
8117,222793170,221254,223014424,1,0,0,27136,29,4796019007
8118,222839849,239249,223079098,6,0,0,21504,18,1966021474
8119,222860690,140921,223001611,1,0,0,56320,29,6101337404
8120,222942389,103532,223045921,6,0,0,39936,18,4667973011
8121,222995040,9509,223004549,7,0,1,3072,25,7643845840
8122,223013580,96793,223110373,4,0,0,12288,14,3385855130
8123,223126069,48980,223175049,6,0,0,2048,18,1766200007
8124,223135260,122286,223257546,3,0,0,70144,13,7168206002
8125,223152540,4850,223157390,7,0,1,5120,25,3793710140
8126,223162000,305963,223467963,3,0,0,117248,13,1964619415
8127,223169360,197440,223366800,4,0,0,39424,14,6637761717
8128,223187931,3387,223191318,4,0,1,9728,14,3203759833
8129,223200400,141116,223341516,1,0,0,117760,29,7977678154
8130,223281490,10499,223291989,1,0,1,16896,29,9999558089
8131,223291030,297515,223588545,3,0,0,14848,13,7357219511
8132,223296150,369568,223665718,4,0,0,66048,14,9887095681
8133,223325540,258466,223584006,3,0,0,142336,13,5351117229
8134,223392239,139804,223532043,6,0,0,15872,18,3466299743
8135,223425759,243874,223669633,6,0,0,12800,18,10365888475
8136,223454390,86233,223540623,3,0,0,9216,13,5337153031
8137,223503320,130702,223634022,1,0,0,71168,29,532031739
8138,223512389,163047,223675436,6,0,0,18944,18,6867504932
8139,223523550,2470,223526020,7,0,1,2560,25,43719058
8140,223582640,163744,223746384,9,0,0,80896,26,9447157890
8141,223595470,80301,223675771,3,0,0,1024,13,6378044244
8142,223658490,167530,223826020,1,0,0,64512,29,10476435437
8143,223662830,15511,223678341,1,0,1,3072,29,5554854058
8144,223735180,140174,223875354,4,0,0,7680,14,5893646414
8145,223791780,50672,223842452,4,0,0,2560,14,7732086646
8146,223812830,14266,223827096,7,0,1,1024,25,1461663361
8147,223813260,111966,223925226,4,0,0,25600,14,188278645
8148,223823450,137493,223960943,1,0,0,40960,29,10105105560
8149,223905110,100568,224005678,3,0,0,30208,13,5135866167
8150,223923120,6948,223930068,7,0,1,5120,25,7880425646
8151,224040640,3422,224044062,7,0,1,3584,25,4663330608
8152,224062050,247352,224309402,4,0,0,25088,14,2952253956
8153,224107140,150512,224257652,1,0,0,72192,29,3486960316
8154,224118850,4420,224123270,1,0,1,11776,29,7103978362
8155,224135290,7230,224142520,6,0,1,7680,18,1873761643
8156,224138270,5236,224143506,2,0,1,1536,22,6831247430
8157,224139060,9272,224148332,2,0,1,7680,22,7158795713
8158,224156710,230344,224387054,3,0,0,93184,13,62614463
8159,224184370,4850,224189220,7,0,1,5120,25,3615782338
8160,224184840,4636,224189476,7,0,1,9216,25,9697818883
8161,224208790,102967,224311757,1,0,0,7680,29,2460296836
8162,224210090,216008,224426098,4,0,0,61440,14,6176072591
8163,224229710,5454,224235164,7,0,1,13824,25,3872645680
8164,224251180,179892,224431072,1,0,0,1024,29,3464079043
8165,224299350,202735,224502085,3,0,0,4096,13,3999424518
8166,224317880,88008,224405888,3,0,0,7680,13,2542131881
8167,224320900,2946,224323846,2,0,1,3072,22,3195286278
8168,224325350,3422,224328772,2,0,1,3584,22,9555876899
8169,224450070,3387,224453457,2,0,1,9728,22,8037475972
8170,224590300,62516,224652816,3,0,0,6144,13,2815892426
8171,224613220,1994,224615214,2,0,1,2048,22,3311401636
8172,224730491,107120,224837611,7,0,0,51712,25,6661497422
8173,224731030,1518,224732548,2,0,1,1536,22,3151806586
8174,224740420,136072,224876492,1,0,0,28672,29,10253356984
8175,224799170,151503,224950673,1,0,0,33792,29,4365914065
8176,224802759,137603,224940362,6,0,0,15360,18,6870046384
8177,224806380,82261,224888641,4,0,0,4096,14,742196846
8178,224883470,6278,224889748,7,0,1,6656,25,1523106937
8179,224896340,1994,224898334,2,0,1,2048,22,8721107373
8180,224926210,566,224926776,1,0,1,512,29,131124729
8181,224931100,190701,225121801,3,0,0,68608,13,10385146099
8182,224965550,2470,224968020,2,0,1,2560,22,3509366722
8183,225171970,1042,225173012,7,0,1,1024,25,9745329630
8184,225187090,1994,225189084,1,0,1,2048,29,3577936055
8185,225252080,96380,225348460,4,0,0,21504,14,2249250772
8186,225288040,3898,225291938,7,0,1,4096,25,8051686892
8187,225335951,1042,225336993,5,0,1,1024,8,8541265984
8188,225340070,103064,225443134,5,0,0,38400,8,8443457220
8189,225352420,5326,225357746,1,0,1,5632,29,7880975734
8190,225358060,100880,225458940,3,0,0,31232,13,4740216122
8191,225374000,255483,225629483,1,0,0,73216,29,429037128
8192,225375230,5454,225380684,7,0,1,13824,25,5472089196
8193,225397039,174467,225571506,6,0,0,51712,18,6164206088
8194,225401400,304931,225706331,4,0,0,5120,14,2406720061
8195,225444050,260698,225704748,1,0,0,78848,29,8351204887
8196,225448350,10621,225458971,8,0,1,4096,22,3485965784
8197,225450890,11489,225462379,1,0,1,3584,29,7513243281
8198,225451100,11625,225462725,1,0,1,512,29,4403956975
8199,225505820,566,225506386,8,0,1,512,22,7414515101
8200,225516549,64621,225581170,6,0,0,8704,18,4477710771
8201,225518420,243807,225762227,4,0,0,98304,14,8865062611
8202,225566580,5484,225572064,1,0,1,512,29,9603523058
8203,225589930,241579,225831509,5,0,0,92672,8,3333120020
8204,225639340,419274,226058614,5,0,0,64000,8,7972599444
8205,225644920,351714,225996634,1,0,0,160256,29,9461660584
8206,225667560,1042,225668602,8,0,1,1024,22,3127251611
8207,225671430,2470,225673900,7,0,1,2560,25,2961669185
8208,225676210,254996,225931206,4,0,0,67584,14,1777439392
8209,225677880,95444,225773324,5,0,0,18432,8,6429829048
8210,225685240,36112,225721352,8,0,1,29184,22,6731490417
8211,225720340,5802,225726142,1,0,1,6144,29,6057238737
8212,225741660,256237,225997897,3,0,0,4096,13,6742284936
8213,225765899,312394,226078293,6,0,0,64512,18,10360438010
8214,225821070,12425,225833495,7,0,1,2048,25,10066231671
8215,225842230,1994,225844224,1,0,1,2048,29,2001232637
8216,225863570,222538,226086108,5,0,0,25600,8,1417611261
8217,225881510,1042,225882552,1,0,1,1024,29,10219754383
8218,225913940,17841,225931781,1,0,1,512,29,9066558546
8219,225921750,12567,225934317,8,0,1,3072,22,442250300
8220,225940611,1994,225942605,4,0,1,2048,14,9807961688
8221,226001841,5802,226007643,4,0,1,6144,14,8013793712
8222,226020591,4937,226025528,4,0,1,12800,14,1938537813
8223,226020690,8270,226028960,1,0,1,11776,29,10384306764
8224,226039929,233860,226273789,6,0,0,16384,18,7115636307
8225,226069740,314665,226384405,5,0,0,218112,8,5346714453
8226,226077500,69917,226147417,5,0,0,7168,8,663862901
8227,226154230,1994,226156224,1,0,1,2048,29,9046568988
8228,226160121,1042,226161163,4,0,1,1024,14,6720066538
8229,226171520,226176,226397696,4,0,0,43520,14,3873699624
8230,226179449,263979,226443428,6,0,0,29696,18,9494033213
8231,226203360,1042,226204402,7,0,1,1024,25,1835059003
8232,226263370,225535,226488905,1,0,0,15360,29,4023938377
8233,226298290,12308,226310598,7,0,1,20480,25,4918252653
8234,226315120,136048,226451168,1,0,0,9728,29,3675923062
8235,226336760,62413,226399173,8,0,1,1536,22,1360866792
8236,226338850,145360,226484210,3,0,0,27648,13,10557870746
8237,226395330,136628,226531958,1,0,0,23040,29,2508269461
8238,226418459,126591,226545050,6,0,0,27136,18,7493710639
8239,226440060,3926,226443986,7,0,1,512,25,8127900130
8240,226447769,178767,226626536,6,0,0,105472,18,3845948204
8241,226502121,1994,226504115,4,0,1,2048,14,6968702827
8242,226503930,2470,226506400,8,0,1,2560,22,5522176990
8243,226530159,102172,226632331,6,0,0,18944,18,920040402
8244,226538210,11206,226549416,7,0,1,4608,25,7067796930
8245,226552530,135859,226688389,4,0,0,74240,14,4849490636
8246,226608750,103850,226712600,3,0,0,17920,13,1356032903
8247,226620850,67866,226688716,3,0,0,1024,13,2126473804
8248,226640590,115162,226755752,3,0,0,40960,13,484256695
8249,226740550,1518,226742068,7,0,1,1536,25,5519061626
8250,226755520,3170,226758690,7,0,1,3072,25,6632677991
8251,226770611,1994,226772605,4,0,1,2048,14,1535490447
8252,226788551,1042,226789593,4,0,1,1024,14,9346678346
8253,226792120,55577,226847697,3,0,0,3072,13,3891013172
8254,226793141,6754,226799895,4,0,1,7168,14,7898422649
8255,226794760,7081,226801841,8,0,1,3072,22,5930915775
8256,226796861,14029,226810890,4,0,1,27136,14,977498202
8257,226827560,566,226828126,1,0,1,512,29,2225805607
8258,226905050,233102,227138152,3,0,0,41472,13,7088560182
8259,226930490,6754,226937244,8,0,1,7168,22,5725966012
8260,226950550,76052,227026602,1,0,0,10240,29,8989441821
8261,226965049,184005,227149054,6,0,0,512,18,2249194321
8262,227008040,175516,227183556,5,0,0,98304,8,2517216591
8263,227020781,5836,227026617,4,0,1,4608,14,4558064543
8264,227037531,3387,227040918,0,0,1,9728,29,5803301645
8265,227043800,5454,227049254,7,0,1,13824,25,9861705980
8266,227056050,566,227056616,8,0,1,512,22,10229821302
8267,227067800,170438,227238238,1,0,0,62976,29,8950860442
8268,227069140,3422,227072562,8,0,1,3584,22,5545271624
8269,227069681,3227,227072908,0,0,1,512,29,2462809326
8270,227086740,257260,227344000,5,0,0,16896,8,9694156240
8271,227111710,247794,227359504,1,0,0,47616,29,10283947256
8272,227147910,1994,227149904,7,0,1,2048,25,1298017402
8273,227157870,158698,227316568,4,0,0,87040,14,3088415844
8274,227242280,261914,227504194,4,0,0,138240,14,10597431520
8275,227251950,206176,227458126,3,0,0,42496,13,7695672475
8276,227253340,3898,227257238,8,0,1,4096,22,10451497131
8277,227262640,5712,227268352,7,0,1,14336,25,3968485420
8278,227281000,256404,227537404,4,0,0,39424,14,7528154283
8279,227306029,83280,227389309,6,0,0,1024,18,10463432705
8280,227356290,200032,227556322,3,0,0,4608,13,10451908085
8281,227389241,4434,227393675,4,0,1,4608,14,1910561988
8282,227438660,566,227439226,7,0,1,512,25,9644603276
8283,227441700,64222,227505922,5,0,0,512,8,9134172532
8284,227447560,91887,227539447,5,0,0,6656,8,3307725095
8285,227476961,27858,227504819,0,0,1,512,29,3910689535
8286,227487400,23763,227511163,7,0,1,7168,25,4894326543
8287,227498520,167406,227665926,4,0,0,68096,14,7359144793
8288,227499581,11928,227511509,4,0,1,512,14,2121534802
8289,227553841,2496,227556337,0,0,1,1536,29,5367135894
8290,227557011,2870,227559881,4,0,1,8704,14,2228704330
8291,227560539,207747,227768286,6,0,0,512,18,2338167898
8292,227584510,133448,227717958,3,0,0,30208,13,9329411657
8293,227588480,95912,227684392,1,0,0,19968,29,4964730518
8294,227628281,4162,227632443,0,0,1,11264,29,2965810777
8295,227730650,7230,227737880,7,0,1,7680,25,1706247082
8296,227748111,2870,227750981,0,0,1,8704,29,7448462617
8297,227752610,2946,227755556,7,0,1,3072,25,7729812033
8298,227752831,3391,227756222,4,0,1,1024,14,39132314
8299,227758351,1994,227760345,0,0,1,2048,29,3144444882
8300,227763920,154768,227918688,1,0,0,18432,29,9589634945
8301,227766431,5802,227772233,4,0,1,6144,14,7430044148
8302,227769000,6459,227775459,8,0,1,5120,22,9992179356
8303,227791019,145591,227936610,6,0,0,512,18,8609950650
8304,227843520,1518,227845038,7,0,1,1536,25,10003008407
8305,227870329,48530,227918859,6,0,0,512,18,1443760815
8306,227905171,1994,227907165,4,0,1,2048,14,4434788528
8307,227927780,566,227928346,7,0,1,512,25,5575495336
8308,228069440,1518,228070958,9,0,1,1536,26,6937879728
8309,228069960,1664,228071624,7,0,1,1024,25,7073548610
8310,228091741,6278,228098019,0,0,1,6656,29,4020582472
8311,228105580,209997,228315577,3,0,0,3584,13,8750793594
8312,228108610,57685,228166295,4,0,0,2560,14,10546811762
8313,228132960,3422,228136382,8,0,1,3584,22,4131390382
8314,228162371,2870,228165241,0,0,1,8704,29,1243798190
8315,228167140,566,228167706,7,0,1,512,25,9003879288
8316,228197930,235796,228433726,4,0,0,69632,14,87699102
8317,228209860,1518,228211378,3,0,1,1536,13,4782832775
8318,228215390,107205,228322595,5,0,0,2048,8,2163060149
8319,228217340,195155,228412495,5,0,0,93696,8,8739353395
8320,228221641,3128,228224769,0,0,1,9216,29,10323449619
8321,228246440,188245,228434685,4,0,0,3072,14,10576584970
8322,228267350,4937,228272287,9,0,1,12800,26,10676785798
8323,228295429,58271,228353700,6,0,0,1024,18,8317402958
8324,228319131,7230,228326361,4,0,1,7680,14,922630848
8325,228375320,566,228375886,8,0,1,512,22,2448851754
8326,228375510,107233,228482743,4,0,0,24576,14,6600416313
8327,228395470,49931,228445401,9,0,1,17408,26,9976057893
8328,228490600,103064,228593664,4,0,0,38400,14,9262351970
8329,228508700,566,228509266,3,0,1,512,13,7893529915
8330,228520691,7230,228527921,4,0,1,7680,14,4371057660
8331,228533300,158363,228691663,3,0,0,30720,13,3527907199
8332,228537390,6229,228543619,3,0,1,15360,13,8875453274
8333,228549620,1518,228551138,2,0,1,1536,22,4545912570
8334,228561520,2870,228564390,9,0,1,8704,26,7139664248
8335,228563251,6772,228570023,4,0,1,6144,14,9874153346
8336,228584120,130385,228714505,3,0,0,13824,13,6926643047
8337,228592260,66876,228659136,4,0,0,9728,14,3399267609
8338,228634210,566,228634776,9,0,1,512,26,3363479436
8339,228642170,209787,228851957,3,0,0,48128,13,353411443
8340,228653660,111065,228764725,4,0,0,15872,14,515754540
8341,228739739,50094,228789833,6,0,0,512,18,3307055893
8342,228743571,4374,228747945,4,0,1,4608,14,5004367246
8343,228773841,3898,228777739,4,0,1,4096,14,4515897548
8344,228775010,79146,228854156,5,0,0,7168,8,623401734
8345,228790360,7706,228798066,4,0,1,8192,14,2375114158
8346,228796510,95737,228892247,5,0,0,17920,8,10506041737
8347,228827381,4850,228832231,4,0,1,5120,14,2701818519
8348,228858390,87320,228945710,3,0,0,22016,13,9348202691
8349,228882060,2870,228884930,2,0,1,8704,22,4992205043
8350,228899510,5196,228904706,2,0,1,13312,22,9366115326
8351,228904530,3898,228908428,8,0,1,4096,22,8063987288
8352,228928559,45596,228974155,6,0,0,1024,18,4840873583
8353,228972150,376929,229349079,5,0,0,114688,8,7511939842
8354,229051230,100724,229151954,1,0,0,30720,29,6689135476
8355,229058940,2870,229061810,3,0,1,8704,13,3928688318
8356,229060720,1487,229062207,3,0,1,512,13,3462782297
8357,229064480,207890,229272370,5,0,0,152576,8,4894613073
8358,229082930,70158,229153088,4,0,0,3072,14,7790265000
8359,229083180,3904,229087084,9,0,1,10752,26,10171620049
8360,229093410,260091,229353501,6,0,0,1024,18,6616319852
8361,229124620,154242,229278862,5,0,0,7168,8,2400375770
8362,229141970,9999,229151969,3,0,1,14848,13,5255328214
8363,229164470,4374,229168844,8,0,1,4608,22,10667236083
8364,229166490,106051,229272541,6,0,0,512,18,8193768855
8365,229171300,2470,229173770,3,0,1,2560,13,7150369860
8366,229182190,4162,229186352,3,0,1,11264,13,2357121884
8367,229206620,146554,229353174,5,0,0,13312,8,6563354016
8368,229275890,92684,229368574,3,0,0,19456,13,582505175
8369,229278950,165806,229444756,1,0,0,52224,29,9543692136
8370,229284950,6754,229291704,9,0,1,7168,26,8184336600
8371,229288940,3750,229292690,3,0,1,1536,13,7279664687
8372,229291230,135771,229427001,6,0,0,1536,18,9170070974
8373,229301850,6754,229308604,1,0,1,7168,29,3692035729
8374,229315280,282456,229597736,1,0,0,73216,29,519327757
8375,229323111,30940,229354051,4,0,1,512,14,2166417090
8376,229328591,27044,229355635,0,0,1,2048,29,992123962
8377,229345621,22968,229368589,4,0,1,19456,14,3651185043
8378,229354210,14394,229368604,4,0,1,1536,14,4046298916
8379,229380910,10499,229391409,2,0,1,16896,22,2027373542
8380,229406980,53448,229460428,6,0,0,3072,18,6222046223
8381,229411330,283769,229695099,8,0,0,77312,22,4905250367
8382,229412420,2470,229414890,9,0,1,2560,26,6984347391
8383,229412690,6837,229419527,1,0,1,6656,29,3328929693
8384,229421990,191862,229613852,2,0,0,512,22,4255784460
8385,229423980,290642,229714622,1,0,0,64000,29,8740236188
8386,229448550,1994,229450544,9,0,1,2048,26,7497954500
8387,229473660,92006,229565666,6,0,0,1536,18,8716652919
8388,229515270,44145,229559415,2,0,1,75776,22,7071960088
8389,229530291,31710,229562001,0,0,1,4096,29,4771518187
8390,229562110,36087,229598197,2,0,1,63488,22,9692744903
8391,229562731,38968,229601699,0,0,1,10752,29,4856112683
8392,229563331,42160,229605491,0,0,1,11776,29,9700539302
8393,229576931,29226,229606157,0,0,1,1024,29,10138148278
8394,229579890,79093,229658983,2,0,1,91648,22,8538850987
8395,229601330,58639,229659969,9,0,1,1536,26,2416097881
8396,229613980,109216,229723196,5,0,0,14336,8,4011317229
8397,229615360,168270,229783630,1,0,0,37888,29,6237942292
8398,229620140,129329,229749469,6,0,0,2048,18,1278377
8399,229623850,37105,229660955,3,0,1,1536,13,6495165112
8400,229654680,224907,229879587,2,0,0,1024,22,1223040164
8401,229654810,129303,229784113,4,0,0,1536,14,6148615907
8402,229673401,42247,229715648,0,0,1,1024,29,818095605
8403,229680750,238645,229919395,3,0,0,5120,13,3894965772
8404,229709320,151493,229860813,2,0,0,512,22,6420048139
8405,229713780,234901,229948681,4,0,0,19456,14,9526171865
8406,229718100,5111,229723211,4,0,1,2560,14,6057430568
8407,229721670,125996,229847666,6,0,0,512,18,8438042594
8408,229733740,5971,229739711,8,0,1,14848,22,5419057946
8409,229735540,6677,229742217,8,0,1,10752,22,763573595
8410,229785030,1042,229786072,3,0,1,1024,13,4969190716
8411,229787320,3422,229790742,8,0,1,3584,22,9300890665
8412,229828390,2470,229830860,8,0,1,2560,22,2991345945
8413,229838450,566,229839016,8,0,1,512,22,8832670042
8414,229846680,6754,229853434,3,0,1,7168,13,8317097237
8415,229871350,144860,230016210,4,0,0,26624,14,2063627561
8416,229877770,294865,230172635,5,0,0,91136,8,8001483400
8417,229984370,101663,230086033,1,0,0,26624,29,1408032577
8418,229987980,2470,229990450,4,0,1,2560,14,6291842429
8419,230005810,139026,230144836,5,0,0,54272,8,7900729635
8420,230053450,1518,230054968,8,0,1,1536,22,4020034626
8421,230055250,566,230055816,4,0,1,512,14,9690848673
8422,230057250,160754,230218004,3,0,0,13824,13,7072346659
8423,230077141,8923,230086064,0,0,1,5120,29,9721821743
8424,230077820,95002,230172822,2,0,0,512,22,7893066318
8425,230079470,96371,230175841,2,0,0,1536,22,8061799995
8426,230090920,4850,230095770,9,0,1,5120,26,6422230702
8427,230101751,6278,230108029,0,0,1,6656,29,7789957069
8428,230107430,67747,230175177,3,0,0,7680,13,2533556878
8429,230128330,46862,230175192,8,0,1,1024,22,1184020924
8430,230129431,50229,230179660,5,0,1,7168,8,2120226667
8431,230203460,53753,230257213,2,0,1,91136,22,61207261
8432,230219700,59530,230279230,2,0,1,72704,22,10288725199
8433,230224490,110008,230334498,3,0,0,4096,13,4294690732
8434,230230650,309925,230540575,3,0,0,49664,13,794377036
8435,230239080,332461,230571541,3,0,0,512,13,6368443685
8436,230241420,41036,230282456,8,0,1,5120,22,10570716370
8437,230247090,220076,230467166,3,0,0,1024,13,9751171840
8438,230281750,153136,230434886,1,0,0,43520,29,3475991288
8439,230316710,4679,230321389,2,0,1,12288,22,8621727772
8440,230318921,5480,230324401,5,0,1,4096,8,12199020
8441,230325990,4420,230330410,2,0,1,11776,22,5843868601
8442,230339390,2470,230341860,8,0,1,2560,22,276247914
8443,230353581,2870,230356451,5,0,1,8704,8,4702526527
8444,230364090,178014,230542104,2,0,0,512,22,4879107417
8445,230379620,55281,230434901,2,0,1,77824,22,9579045140
8446,230406330,339799,230746129,4,0,0,99840,14,78323632
8447,230406420,163777,230570197,2,0,0,3584,22,911534674
8448,230457840,89605,230547445,2,0,0,512,22,911124373
8449,230462450,133577,230596027,6,0,0,1536,18,8594763330
8450,230473780,84137,230557917,3,0,0,512,13,2212364213
8451,230487900,22174,230510074,2,0,1,36352,22,8005592681
8452,230499990,184663,230684653,4,0,0,59392,14,9999788818
8453,230514660,25938,230540598,2,0,1,43520,22,3649849576
8454,230516350,25259,230541609,3,0,1,1024,13,4189546811
8455,230551580,566,230552146,4,0,1,512,14,3595565338
8456,230639920,1042,230640962,4,0,1,1024,14,8965595500
8457,230710970,3422,230714392,4,0,1,3584,14,559847262
8458,230744740,4768,230749508,2,0,1,9728,22,9360920387
8459,230766230,1042,230767272,9,0,1,1024,26,4460541982
8460,230784160,1042,230785202,8,0,1,1024,22,137794064
8461,230789370,50672,230840042,6,0,0,2560,18,9968830923
8462,230794780,4374,230799154,4,0,1,4608,14,2745889418
8463,230815200,83918,230899118,6,0,0,512,18,2548379224
8464,230863990,5802,230869792,9,0,1,6144,26,4792802654
8465,230878090,52013,230930103,2,0,0,512,22,6031572680
8466,230968270,4374,230972644,8,0,1,4608,22,9793033347
8467,230978660,117104,231095764,1,0,0,84480,29,2874050069
8468,231017630,94100,231111730,4,0,0,9728,14,7262186577
8469,231019840,94002,231113842,3,0,0,1536,13,10216258374
8470,231037831,5802,231043633,0,0,1,6144,29,3910895185
8471,231083400,17682,231101082,9,0,1,5632,26,4590169870
8472,231124591,1994,231126585,0,0,1,2048,29,9715177935
8473,231181900,7706,231189606,8,0,1,8192,22,7976306612
8474,231213610,101660,231315270,1,0,0,33792,29,2514378877
8475,231215961,6278,231222239,0,0,1,6656,29,3227640068
8476,231216220,131740,231347960,4,0,0,23552,14,8553648402
8477,231217310,9115,231226425,8,0,1,6656,22,1176649716
8478,231234560,93115,231327675,5,0,0,11776,8,6532132366
8479,231249510,15837,231265347,2,0,1,30720,22,6194632017
8480,231260070,109557,231369627,3,0,0,1024,13,531872573
8481,231260610,43904,231304514,6,0,0,512,18,2862673659
8482,231314820,1960,231316780,2,0,1,1536,22,7605841107
8483,231321930,26045,231347975,2,0,1,41472,22,1917239438
8484,231345240,106673,231451913,3,0,0,512,13,6090910100
8485,231357690,32987,231390677,2,0,1,57344,22,8013348352
8486,231373360,156079,231529439,4,0,0,38912,14,5747626264
8487,231400590,129020,231529610,3,0,0,512,13,5717378728
8488,231419280,13083,231432363,2,0,1,22016,22,2624687000
8489,231421451,11258,231432709,0,0,1,512,29,3256539604
8490,231464341,2946,231467287,0,0,1,3072,29,3466383132
8491,231503380,1994,231505374,8,0,1,2048,22,8140039776
8492,231511260,156218,231667478,5,0,0,43520,8,2053022529
8493,231579870,165952,231745822,1,0,0,6144,29,7428375509
8494,231587770,240003,231827773,4,0,0,42496,14,2856092421
8495,231605230,289857,231895087,1,0,0,141312,29,2584109687
8496,231700690,1518,231702208,9,0,1,1536,26,6108075904
8497,231921360,1994,231923354,9,0,1,2048,26,2876389724
8498,231984530,3898,231988428,7,0,1,4096,25,8737153925
8499,232018240,48980,232067220,5,0,0,2048,8,2564987715
8500,232022390,20366,232042756,2,0,1,32768,22,4369337533
8501,232032920,74360,232107280,1,0,0,9728,29,8931932676
8502,232052460,1042,232053502,9,0,1,1024,26,1524130541
8503,232054250,1518,232055768,7,0,1,1536,25,7307927466
8504,232066580,46228,232112808,3,0,0,1024,13,9797064489
8505,232067760,88345,232156105,3,0,0,3072,13,6517754539
8506,232071610,5802,232077412,7,0,1,6144,25,2095549289
8507,232097850,212651,232310501,5,0,0,45056,8,7563302156
8508,232117400,147026,232264426,8,0,0,23040,22,8098781448
8509,232119480,133595,232253075,1,0,0,19456,29,3783204776
8510,232135490,566,232136056,2,0,1,512,22,847951811
8511,232146230,300547,232446777,4,0,0,83456,14,1834450680
8512,232159470,566,232160036,7,0,1,512,25,6602959930
8513,232160210,3898,232164108,7,0,1,4096,25,2255222916
8514,232173170,33075,232206245,2,0,1,54272,22,8759499266
8515,232183590,24601,232208191,2,0,1,3072,22,483170456
8516,232185270,97366,232282636,6,0,0,1024,18,2191352378
8517,232193900,14637,232208537,8,0,1,512,22,4259065130
8518,232196070,13133,232209203,7,0,1,1024,25,6447718688
8519,232197870,92675,232290545,4,0,0,14848,14,2089087307
8520,232198920,214950,232413870,3,0,0,512,13,8734787364
8521,232211160,4850,232216010,7,0,1,5120,25,5059889507
8522,232215650,3898,232219548,7,0,1,4096,25,4868409756
8523,232264160,1776,232265936,2,0,1,1536,22,277074048
8524,232272690,1994,232274684,9,0,1,2048,26,2443193566
8525,232285060,193126,232478186,3,0,0,2048,13,6635367794
8526,232299120,81666,232380786,2,0,0,512,22,630567174
8527,232313690,86320,232400010,1,0,0,1024,29,2298122134
8528,232324720,81140,232405860,3,0,0,1024,13,4047236885
8529,232348140,45596,232393736,3,0,0,1024,13,4817169094
8530,232353750,11016,232364766,7,0,1,17920,25,1314198362
8531,232354470,97517,232451987,2,0,0,1024,22,5179091191
8532,232363070,229359,232592429,1,0,0,29184,29,6078223902
8533,232373750,73354,232447104,2,0,0,1024,22,4474604782
8534,232373780,103767,232477547,1,0,0,14336,29,10463911858
8535,232390800,172698,232563498,8,0,0,65024,22,4214511445
8536,232398580,218543,232617123,8,0,0,13312,22,5339733809
8537,232435800,16202,232452002,2,0,1,5120,22,4480525438
8538,232469471,566,232470037,5,0,1,512,8,8191784361
8539,232503220,105316,232608536,2,0,0,512,22,38878655
8540,232553500,13454,232566954,2,0,1,3584,22,3199214204
8541,232556890,11638,232568528,1,0,1,10752,29,121286740
8542,232560731,10039,232570770,5,0,1,8704,8,5382284459
8543,232565670,51788,232617458,2,0,0,1024,22,2661460247
8544,232615590,239449,232855039,2,0,0,1024,22,249249887
8545,232618291,6278,232624569,5,0,1,6656,8,9156093564
8546,232628420,3422,232631842,9,0,1,3584,26,5621847373
8547,232638470,244938,232883408,1,0,0,24576,29,8312888977
8548,232647780,207438,232855218,2,0,0,512,22,10676774236
8549,232657170,5731,232662901,1,0,1,14336,29,9781628255
8550,232657180,57861,232715041,3,0,0,512,13,8201112958
8551,232665600,189112,232854712,5,0,0,156672,8,9945921705
8552,232694480,1518,232695998,1,0,1,1536,29,7850554287
8553,232709190,5196,232714386,9,0,1,13312,26,4195186348
8554,232713220,4449,232717669,9,0,1,4608,26,9747697987
8555,232715360,144108,232859468,5,0,0,13312,8,981051342
8556,232802120,566,232802686,8,0,1,512,22,7142018117
8557,232803480,51917,232855397,3,0,0,512,13,7897468060
8558,232822570,40502,232863072,1,0,1,10240,29,9362442368
8559,232840230,189395,233029625,5,0,0,132096,8,10692559233
8560,232862560,1178,232863738,9,0,1,1024,26,1782598033
8561,232878440,25842,232904282,7,0,1,33792,25,4483874446
8562,232918600,1994,232920594,8,0,1,2048,22,6687008982
8563,232920740,109696,233030436,3,0,0,2560,13,5477656796
8564,232937770,1994,232939764,9,0,1,2048,26,5410543048
8565,232961640,566,232962206,1,0,1,512,29,2139653222
8566,232986900,111209,233098109,1,0,0,38912,29,4314437002
8567,233003480,259725,233263205,4,0,0,12288,14,9772634086
8568,233026610,10063,233036673,8,0,1,6656,22,10701026669
8569,233035450,291258,233326708,8,0,0,86528,22,4383108715
8570,233057250,3898,233061148,8,0,1,4096,22,154426778
8571,233063730,89321,233153051,8,0,0,21504,22,763843504
8572,233063820,195626,233259446,4,0,0,176128,14,9236390135
8573,233072320,4374,233076694,2,0,1,4608,22,3596073672
8574,233093301,8704,233102005,5,0,1,10752,8,1329878045
8575,233110330,249368,233359698,2,0,0,512,22,1882941581
8576,233127340,136223,233263563,3,0,0,1024,13,4061942246
8577,233140320,3422,233143742,1,0,1,3584,29,1330342553
8578,233160100,4162,233164262,9,0,1,11264,26,2959376449
8579,233168390,2946,233171336,2,0,1,3072,22,6426966219
8580,233188540,5326,233193866,2,0,1,5632,22,2669253250
8581,233204070,59150,233263220,1,0,1,8192,29,3822309480
8582,233212891,56110,233269001,5,0,1,13824,8,1856515500
8583,233225170,45457,233270627,9,0,1,2560,26,6170600456
8584,233255290,19203,233274493,1,0,1,6144,29,7211684347
8585,233270050,9269,233279319,8,0,1,7680,22,1036289190
8586,233282570,151697,233434267,3,0,0,1536,13,6530531437
8587,233299960,26771,233326731,2,0,1,12288,22,8139317424
8588,233303890,76899,233380789,1,0,0,3584,29,4452219632
8589,233305140,125175,233430315,4,0,0,39936,14,3178851882
8590,233306860,267566,233574426,8,0,0,26624,22,397212735
8591,233315890,56489,233372379,2,0,0,1024,22,6858816137
8592,233326880,2870,233329750,6,0,1,8704,18,4554904321
8593,233329910,129521,233459431,1,0,0,28672,29,4611920358
8594,233358240,114818,233473058,6,0,0,512,18,4066640834
8595,233375730,221035,233596765,8,0,0,73216,22,5058718947
8596,233384951,1518,233386469,5,0,1,1536,8,3301177984
8597,233391640,272618,233664258,8,0,0,57856,22,7389105127
8598,233400641,1042,233401683,5,0,1,1024,8,8154215030
8599,233402030,1994,233404024,1,0,1,2048,29,9530202101
8600,233411320,1518,233412838,9,0,1,1536,26,1275701909
8601,233434850,180070,233614920,4,0,0,58368,14,1547200622
8602,233466581,1042,233467623,5,0,1,1024,8,9377574535
8603,233476820,165855,233642675,3,0,0,512,13,8030025281
8604,233504980,165415,233670395,5,0,0,15872,8,5500825902
8605,233505970,90982,233596952,6,0,0,512,18,6695897348
8606,233522370,100422,233622792,2,0,0,512,22,547083622
8607,233544700,171236,233715936,1,0,0,7168,29,8512803476
8608,233547800,230860,233778660,8,0,0,44032,22,2422951376
8609,233550440,3904,233554344,8,0,1,10752,22,831239238
8610,233564200,149537,233713737,4,0,0,15360,14,4562446165
8611,233568200,140842,233709042,8,0,0,43520,22,4144233929
8612,233568620,46315,233614935,9,0,1,6144,26,9420942630
8613,233577000,262344,233839344,1,0,0,14336,29,242838912
8614,233610920,74291,233685211,2,0,0,512,22,10508431271
8615,233628420,2470,233630890,1,0,1,2560,29,7643356303
8616,233670210,271500,233941710,5,0,0,30208,8,5340861424
8617,233691960,154575,233846535,5,0,0,23552,8,7415501743
8618,233714581,2865,233717446,5,0,1,1536,8,6556083822
8619,233717760,83624,233801384,1,0,0,19968,29,5587963207
8620,233721660,7230,233728890,8,0,1,7680,22,8160448055
8621,233744970,7706,233752676,8,0,1,8192,22,6164334077
8622,233748220,43904,233792124,6,0,0,512,18,8494974591
8623,233769490,15391,233784881,3,0,1,15360,13,4763699792
8624,233787350,72586,233859936,2,0,0,1024,22,6347433424
8625,233792570,204464,233997034,8,0,0,16896,22,1489688631
8626,233854190,163574,234017764,5,0,0,8192,8,1152501855
8627,233873810,71288,233945098,1,0,0,9728,29,1737755919
8628,233895560,5802,233901362,1,0,1,6144,29,5444313106
8629,233903881,3387,233907268,5,0,1,9728,8,9969524654
8630,233906630,984,233907614,8,0,1,512,22,328857261
8631,233917080,1042,233918122,1,0,1,1024,29,9475572713
8632,233945820,4374,233950194,3,0,1,4608,13,1681015490
8633,233953660,3128,233956788,3,0,1,9216,13,5582646465
8634,233954070,259287,234213357,8,0,0,23040,22,7886619206
8635,233957080,4850,233961930,9,0,1,5120,26,10277970197
8636,233959130,208861,234167991,1,0,0,51712,29,2744846841
8637,233980340,4679,233985019,3,0,1,12288,13,4852737319
8638,233988800,157597,234146397,1,0,0,10240,29,5725380820
8639,234014390,121191,234135581,3,0,0,1024,13,2303196262
8640,234024670,43904,234068574,2,0,0,512,22,5231197786
8641,234053740,1518,234055258,9,0,1,1536,26,3192338575
8642,234103680,1994,234105674,3,0,1,2048,13,10554625161
8643,234122400,2946,234125346,1,0,1,3072,29,4572029089
8644,234142060,87971,234230031,6,0,0,1024,18,10598725439
8645,234154230,59454,234213684,3,0,0,1024,13,2328598259
8646,234169760,108571,234278331,5,0,0,52224,8,10039063722
8647,234185150,162932,234348082,5,0,0,14848,8,2776627272
8648,234217630,82446,234300076,4,0,0,4608,14,8359877428
8649,234220370,64051,234284421,2,0,0,512,22,9109795808
8650,234267490,13779,234281269,8,0,1,3072,22,5013018992
8651,234316430,100100,234416530,1,0,0,28672,29,3094194041
8652,234330420,108832,234439252,1,0,0,51712,29,886084114
8653,234386220,1518,234387738,8,0,1,1536,22,526208928
8654,234417190,566,234417756,9,0,1,512,26,7136986039
8655,234451660,67772,234519432,8,0,0,13312,22,6488718513
8656,234490520,47288,234537808,4,0,0,1536,14,5127765088
8657,234534400,134023,234668423,4,0,0,48128,14,5429210177
8658,234548760,11791,234560551,8,0,1,19456,22,2161640750
8659,234576940,92672,234669612,6,0,0,512,18,6372325277
8660,234583710,6278,234589988,3,0,1,6656,13,7265476858
8661,234589750,3422,234593172,1,0,1,3584,29,111458505
8662,234612060,91866,234703926,4,0,0,6144,14,7143137177
8663,234615920,125227,234741147,1,0,0,16896,29,10014622396
8664,234694290,566,234694856,1,0,1,512,29,808206483
8665,234697680,55383,234753063,6,0,0,512,18,6339740656
8666,234711320,3422,234714742,7,0,1,3584,25,2471749161
8667,234712080,3328,234715408,8,0,1,1024,22,1632193260
8668,234743290,566,234743856,1,0,1,512,29,3818803090
8669,234748160,566,234748726,8,0,1,512,22,8246630494
8670,234751370,227187,234978557,4,0,0,121344,14,9874605047
8671,234766420,31007,234797427,3,0,1,50176,13,662505668
8672,234771440,158200,234929640,8,0,0,15360,22,5562525367
8673,234820410,4679,234825089,8,0,1,12288,22,6210017780
8674,234830130,5454,234835584,1,0,1,13824,29,4550121363
8675,234837240,6754,234843994,9,0,1,7168,26,4650298868
8676,234898240,137984,235036224,6,0,0,5120,18,7095245858
8677,234926150,56278,234982428,2,0,0,1536,22,2922150184
8678,234930840,6754,234937594,9,0,1,7168,26,9479979852
8679,234934040,5820,234939860,1,0,1,3584,29,8756320131
8680,234937480,84537,235022017,4,0,0,14336,14,3835577077
8681,234955420,26142,234981562,8,0,1,3072,22,679598727
8682,234960250,25178,234985428,3,0,1,6144,13,8734015450
8683,234968320,18734,234987054,1,0,1,2560,29,6408108516
8684,234972191,15849,234988040,5,0,1,1536,8,3046504063
8685,234998190,7230,235005420,3,0,1,7680,13,323270380
8686,235006260,139481,235145741,8,0,0,512,22,2156717705
8687,235008510,222563,235231073,1,0,0,47104,29,9219872058
8688,235011130,2870,235014000,1,0,1,8704,29,9540879315
8689,235018080,4495,235022575,3,0,1,512,13,7777942291
8690,235032410,224097,235256507,1,0,0,45056,29,5128223978
8691,235043400,85450,235128850,6,0,0,1536,18,3405775617
8692,235065070,13512,235078582,9,0,1,26112,26,3800177043
8693,235080730,64840,235145570,6,0,0,1536,18,2475038878
8694,235100380,114492,235214872,5,0,0,60928,8,5768932262
8695,235112550,179862,235292412,8,0,0,30720,22,10480651845
8696,235134990,3422,235138412,1,0,1,3584,29,4757974193
8697,235166830,238074,235404904,1,0,0,65024,29,7535285593
8698,235199510,170275,235369785,6,0,0,512,18,9000883077
8699,235205970,10437,235216407,8,0,1,1536,22,8757754021
8700,235231990,6754,235238744,4,0,1,7168,14,6643213526
8701,235271250,1994,235273244,4,0,1,2048,14,82694410
8702,235285740,131191,235416931,4,0,0,39424,14,6792830199
8703,235287810,7565,235295375,2,0,1,3072,22,5958350057
8704,235297781,1042,235298823,5,0,1,1024,8,7681682625
8705,235310310,4937,235315247,8,0,1,12800,22,8443373728
8706,235315860,174059,235489919,8,0,0,94720,22,5434562835
8707,235369520,132997,235502517,8,0,0,11264,22,3441381688
8708,235379460,174984,235554444,8,0,0,47104,22,10154254982
8709,235380410,192144,235572554,1,0,0,20992,29,5588204928
8710,235403060,17285,235420345,2,0,1,3584,22,4058395617
8711,235430980,4374,235435354,8,0,1,4608,22,9145278177
8712,235470500,32048,235502548,3,0,1,20480,13,7463630960
8713,235479350,28685,235508035,8,0,1,19456,22,7825259586
8714,235492580,16441,235509021,3,0,1,1536,13,7051372301
8715,235494241,19286,235513527,5,0,1,7168,8,9455419459
8716,235507940,6253,235514193,4,0,1,1024,14,1812342934
8717,235533760,2946,235536706,4,0,1,3072,14,5278206398
8718,235577470,252795,235830265,1,0,0,45056,29,2004450882
8719,235578711,1042,235579753,5,0,1,1024,8,9867553334
8720,235600810,2946,235603756,9,0,1,3072,26,9719840931
8721,235610960,4374,235615334,2,0,1,4608,22,10275862388
8722,235624690,4679,235629369,9,0,1,12288,26,658143713
8723,235630950,84246,235715196,2,0,0,1024,22,8426118009
8724,235636170,4850,235641020,8,0,1,5120,22,1590976317
8725,235636500,45183,235681683,3,0,0,512,13,10244344518
8726,235638520,5086,235643606,9,0,1,4096,26,9658426856
8727,235640070,3882,235643952,8,0,1,512,22,8184004552
8728,235652460,215619,235868079,5,0,0,46080,8,4818028533
8729,235653600,3387,235656987,1,0,1,9728,29,9857348510
8730,235684560,1518,235686078,4,0,1,1536,14,10135314245
8731,235711660,172985,235884645,1,0,0,53760,29,8951810841
8732,235726220,127772,235853992,4,0,0,77824,14,8299916902
8733,235754750,1518,235756268,9,0,1,1536,26,6367009669
8734,235789030,193855,235982885,4,0,0,7168,14,9403195460
8735,235798910,4374,235803284,8,0,1,4608,22,5948179688
8736,235799990,4920,235804910,2,0,1,2560,22,6150640500
8737,235809290,58960,235868250,6,0,0,512,18,6283512206
8738,235831760,115305,235947065,6,0,0,512,18,2375036104
8739,235832040,262343,236094383,4,0,0,94720,14,5040724149
8740,235833950,333575,236167525,4,0,0,62976,14,3764312912
8741,235843380,197307,236040687,1,0,0,28672,29,7172778324
8742,235876300,185713,236062013,8,0,0,62976,22,1293951140
8743,235900190,6754,235906944,2,0,1,7168,22,9748454817
8744,235902780,4830,235907610,3,0,1,11264,13,3535058474
8745,235914160,368471,236282631,8,0,0,113664,22,10022891288
8746,235920800,219447,236140247,4,0,0,66560,14,7404543477
8747,235926471,566,235927037,5,0,1,512,8,1628049450
8748,235928380,261248,236189628,3,0,0,5632,13,5563965762
8749,235941550,171752,236113302,3,0,0,1024,13,2949213112
8750,235951840,2946,235954786,1,0,1,3072,29,6160635765
8751,235956790,1518,235958308,2,0,1,1536,22,3442533426
8752,235960360,207344,236167704,1,0,0,512,29,5413693804
8753,235969610,171135,236140745,2,0,0,1536,22,6065732993
8754,235974930,566,235975496,4,0,1,512,14,218639965
8755,235995500,3645,235999145,2,0,1,10240,22,5454520150
8756,236012330,4850,236017180,8,0,1,5120,22,6723138140
8757,236023680,3904,236027584,8,0,1,10752,22,10543279816
8758,236037640,145405,236183045,5,0,0,14336,8,8591644096
8759,236053681,11746,236065427,5,0,1,3584,8,2554421191
8760,236077400,20971,236098371,1,0,1,10752,29,5351043817
8761,236081171,18186,236099357,5,0,1,1536,8,10307315904
8762,236082710,17313,236100023,8,0,1,1024,22,9751931710
8763,236092290,155694,236247984,8,0,0,53760,22,9679328393
8764,236093040,7329,236100369,2,0,1,512,22,4664950215
8765,236102461,1042,236103503,5,0,1,1024,8,8415060784
8766,236105250,1042,236106292,4,0,1,1024,14,6756006754
8767,236113510,26752,236140262,2,0,1,7168,22,2280289740
8768,236127140,207528,236334668,3,0,0,2048,13,6081661051
8769,236128170,14177,236142347,2,0,1,1536,22,505895767
8770,236130130,13203,236143333,1,0,1,1536,29,3261554440
8771,236135840,277170,236413010,4,0,0,126976,14,1600385572
8772,236135940,146862,236282802,8,0,0,512,22,8870582311
8773,236142191,3088,236145279,5,0,1,3072,8,6989967600
8774,236149710,21131,236170841,9,0,1,9216,26,5059356487
8775,236160140,15231,236175371,1,0,1,5120,29,5959672824
8776,236164080,18980,236183060,1,0,1,8192,29,1674532858
8777,236175350,107483,236282833,1,0,1,174080,29,1092702139
8778,236253810,41834,236295644,4,0,1,21504,14,2602303320
8779,236266400,31510,236297910,9,0,1,3584,26,2145068482
8780,236320890,1042,236321932,9,0,1,1024,26,5651559940
8781,236320930,2308,236323238,2,0,1,2048,22,7590932796
8782,236323910,2470,236326380,8,0,1,2560,22,7861832939
8783,236329360,84001,236413361,2,0,0,1024,22,5696029791
8784,236346620,566,236347186,2,0,1,512,22,1734721387
8785,236362020,238260,236600280,8,0,0,11776,22,713415751
8786,236394530,200207,236594737,8,0,0,54784,22,3918753016
8787,236394710,23009,236417719,8,0,1,4608,22,6083942584
8788,236398241,19824,236418065,5,0,1,512,8,1167339196
8789,236405540,228077,236633617,4,0,0,81920,14,10662750809
8790,236424940,3128,236428068,8,0,1,9216,22,10562166419
8791,236438961,1042,236440003,5,0,1,1024,8,9629382312
8792,236451320,4850,236456170,2,0,1,5120,22,4961341871
8793,236457560,3898,236461458,2,0,1,4096,22,2789627207
8794,236457700,4744,236462444,3,0,1,1536,13,1655691320
8795,236485810,115577,236601387,6,0,0,3584,18,4067144663
8796,236493970,7230,236501200,4,0,1,7680,14,1626710076
8797,236544580,57149,236601729,2,0,0,1024,22,3769491392
8798,236591530,9872,236601402,3,0,1,3584,13,2760347675
8799,236595720,45746,236641466,6,0,0,1024,18,10406292273
8800,236601520,61240,236662760,6,0,0,512,18,7675083167
8801,236609400,194958,236804358,2,0,0,2048,22,15703807
8802,236623530,145376,236768906,1,0,0,108032,29,8745087113
8803,236626280,13867,236640147,9,0,1,15872,26,486334824
8804,236634380,47792,236682172,1,0,1,74752,29,6296408209
8805,236652890,29628,236682518,8,0,1,512,22,8207452117
8806,236684860,150837,236835697,8,0,0,11264,22,1778741220
8807,236685460,158732,236844192,1,0,0,5632,29,3033214507
8808,236697120,5326,236702446,2,0,1,5632,22,3543642578
8809,236720960,1042,236722002,9,0,1,1024,26,5030993254
8810,236726031,1994,236728025,5,0,1,2048,8,9233376763
8811,236747270,212307,236959577,1,0,0,12288,29,4825992887
8812,236757640,16737,236774377,3,0,1,13824,13,3594033323
8813,236808491,1042,236809533,5,0,1,1024,8,9470564887
8814,236832871,6733,236839604,5,0,1,4096,8,6734723326
8815,236834360,9847,236844207,8,0,1,5120,22,9637939799
8816,236837430,7026,236844456,3,0,1,2560,13,1372506268
8817,236854180,48980,236903160,6,0,0,2048,18,9580536944
8818,236876670,167030,237043700,4,0,0,102400,14,5659983613
8819,236877380,5802,236883182,3,0,1,6144,13,7851996020
8820,236886470,112802,236999272,6,0,0,1536,18,1062407765
8821,236892880,70780,236963660,3,0,0,1024,13,349687985
8822,236895170,209673,237104843,1,0,0,39424,29,8607177804
8823,236915770,3128,236918898,3,0,1,9216,13,10333546724
8824,236936251,566,236936817,5,0,1,512,8,3285092361
8825,236948040,96143,237044183,2,0,0,1536,22,2146179122
8826,236948490,566,236949056,2,0,1,512,22,7762472617
8827,236979600,3422,236983022,3,0,1,3584,13,7318027487
8828,236993870,88558,237082428,5,0,0,7168,8,9006618527
8829,237000310,2470,237002780,8,0,1,2560,22,7050064602
8830,237003330,1994,237005324,2,0,1,2048,22,3870794970
8831,237016300,210383,237226683,5,0,0,83456,8,4573793181
8832,237026311,18455,237044766,5,0,1,512,8,6832025197
8833,237044290,72079,237116369,3,0,0,512,13,6968505708
8834,237052670,1042,237053712,9,0,1,1024,26,9647427063
8835,237055760,3898,237059658,2,0,1,4096,22,4846550333
8836,237094710,12119,237106829,9,0,1,2048,26,589023695
8837,237107510,5326,237112836,9,0,1,5632,26,3193958
8838,237122110,1042,237123152,3,0,1,1024,13,3261491211
8839,237249160,4162,237253322,3,0,1,11264,13,3863014074
8840,237251980,105909,237357889,1,0,0,45568,29,4305425499
8841,237297840,2470,237300310,9,0,1,2560,26,75527076
8842,237326080,53190,237379270,3,0,0,1024,13,2335231604
8843,237357120,6215,237363335,2,0,1,13824,22,9036034846
8844,237370230,43904,237414134,3,0,0,512,13,4754337947
8845,237378090,5454,237383544,2,0,1,13824,22,1609962946
8846,237410140,1042,237411182,2,0,1,1024,22,3035419703
8847,237423620,105792,237529412,4,0,0,45056,14,362414354
8848,237437930,566,237438496,3,0,1,512,13,9194015818
8849,237442750,218812,237661562,1,0,0,131072,29,7284585943
8850,237456700,121262,237577962,2,0,0,512,22,9404238743
8851,237457710,1518,237459228,9,0,1,1536,26,5785828659
8852,237461930,566,237462496,3,0,1,512,13,2974661540
8853,237462150,1042,237463192,9,0,1,1024,26,9119080297
8854,237464650,76763,237541413,8,0,0,1024,22,7339292980
8855,237472120,288820,237760940,8,0,0,115712,22,8298101362
8856,237484860,136751,237621611,1,0,0,19968,29,1670620493
8857,237487450,6278,237493728,1,0,1,6656,29,5252376925
8858,237501320,1994,237503314,3,0,1,2048,13,5376207398
8859,237521890,8598,237530488,3,0,1,1024,13,8823005074
8860,237523360,251811,237775171,8,0,0,32768,22,7938596486
8861,237527380,3774,237531154,3,0,1,1024,13,8456253499
8862,237555770,134139,237689909,2,0,0,1024,22,4642410222
8863,237560080,2470,237562550,3,0,1,2560,13,5746967341
8864,237565790,15837,237581627,1,0,1,30720,29,9098875286
8865,237602930,58663,237661593,1,0,1,56320,29,6756393235
8866,237614000,50074,237664074,3,0,1,2560,13,9468635719
8867,237626200,134755,237760955,1,0,1,106496,29,2292963198
8868,237640870,273206,237914076,6,0,0,512,18,162414936
8869,237666761,94209,237760970,5,0,1,1024,8,10286203645
8870,237671430,140803,237812233,1,0,0,9728,29,3415563536
8871,237701840,185855,237887695,6,0,0,3072,18,3376480967
8872,237702860,58133,237760993,3,0,1,1024,13,9144522383
8873,237707980,53028,237761008,9,0,1,14848,26,2713597268
8874,237710170,50853,237761023,1,0,1,3584,29,3638091586
8875,237714181,46857,237761038,5,0,1,8192,8,5002502038
8876,237722800,284853,238007653,4,0,0,58368,14,6995115084
8877,237726710,48476,237775186,9,0,1,5632,26,5185497645
8878,237749440,25761,237775201,8,0,1,2560,22,10324255873
8879,237751150,339849,238090999,8,0,0,103936,22,5246865209
8880,237776231,4420,237780651,5,0,1,11776,8,2739954594
8881,237778540,317356,238095896,1,0,0,4096,29,5028928638
8882,237804080,8168,237812248,2,0,1,15872,22,1305123066
8883,237823740,354157,238177897,5,0,0,120832,8,3683462743
8884,237836900,257086,238093986,5,0,0,9728,8,8200163602
8885,237910260,184365,238094625,6,0,0,2048,18,5742367541
8886,237913240,4850,237918090,3,0,1,5120,13,6872990756
8887,237927730,6754,237934484,9,0,1,7168,26,2627940392
8888,237928630,11000,237939630,3,0,1,8192,13,3771686851
8889,237974770,76143,238050913,3,0,0,1024,13,4958405911
8890,237976520,1042,237977562,9,0,1,1024,26,4056786668
8891,237993590,263579,238257169,2,0,0,1024,22,8242553811
8892,237997140,105860,238103000,2,0,0,512,22,4429295566
8893,238061810,190491,238252301,4,0,0,8192,14,3476062766
8894,238087821,9552,238097373,5,0,1,1536,8,9027496629
8895,238099360,3422,238102782,3,0,1,3584,13,4742973891
8896,238105330,116575,238221905,8,0,0,26624,22,7633730293
8897,238113010,1042,238114052,2,0,1,1024,22,10133943789
8898,238152480,77773,238230253,2,0,0,3072,22,520476405
8899,238168130,10350,238178480,8,0,1,512,22,8794584383
8900,238201880,4162,238206042,8,0,1,11264,22,3337726026
8901,238216940,111878,238328818,2,0,0,512,22,7939136583
8902,238222920,2946,238225866,3,0,1,3072,13,9167039708
8903,238231580,2470,238234050,9,0,1,2560,26,5557319308
8904,238244550,1994,238246544,2,0,1,2048,22,3461801564
8905,238255260,1042,238256302,2,0,1,1024,22,8542863994
8906,238256040,63102,238319142,5,0,0,3072,8,4418348509
8907,238257340,48961,238306301,2,0,0,1536,22,4451704221
8908,238268150,566,238268716,2,0,1,512,22,614402952
8909,238271970,2946,238274916,2,0,1,3072,22,1428889611
8910,238273590,159243,238432833,1,0,0,15872,29,3188807295
8911,238296240,52364,238348604,6,0,0,3072,18,4924687511
8912,238297030,56684,238353714,8,0,0,7168,22,2820376377
8913,238304940,68114,238373054,5,0,0,1536,8,1249869442
8914,238336620,1042,238337662,9,0,1,1024,26,3602684754
8915,238369460,4937,238374397,3,0,1,12800,13,5978592747
8916,238387350,1042,238388392,9,0,1,1024,26,904371536
8917,238398450,3904,238402354,8,0,1,10752,22,9844803305
8918,238401830,59132,238460962,8,0,0,5120,22,7285625902
8919,238403590,186577,238590167,3,0,0,512,13,8990617325
8920,238430090,144471,238574561,8,0,0,20992,22,8627656642
8921,238436240,5326,238441566,8,0,1,5632,22,5664251906
8922,238446840,100717,238547557,3,0,0,512,13,7067353907
8923,238461670,3898,238465568,1,0,1,4096,29,9567201423
8924,238464550,73961,238538511,3,0,0,512,13,6380564417
8925,238471920,1518,238473438,8,0,1,1536,22,9113955095
8926,238492170,119843,238612013,3,0,0,512,13,1106598646
8927,238539640,566,238540206,3,0,1,512,13,484301648
8928,238572630,6343,238578973,2,0,1,11776,22,9229291930
8929,238582170,56765,238638935,3,0,0,2048,13,7161875944
8930,238586800,130930,238717730,5,0,0,51200,8,10325633369
8931,238638050,108078,238746128,8,0,0,7168,22,4688916648
8932,238678500,16096,238694596,1,0,1,31232,29,706320569
8933,238688851,8331,238697182,0,0,1,4096,29,1199846420
8934,238701030,45269,238746299,2,0,0,512,22,7593871457
8935,238704210,176467,238880677,8,0,0,13824,22,1703001076
8936,238708190,95097,238803287,3,0,0,512,13,1165908504
8937,238717630,5468,238723098,2,0,1,5632,22,9069707380
8938,238719580,12049,238731629,1,0,1,19968,29,6546196215
8939,238729810,43904,238773714,2,0,0,512,22,1821159340
8940,238742980,3334,238746314,9,0,1,2560,26,7407263695
8941,238747790,3422,238751212,3,0,1,3584,13,3223638310
8942,238763891,6229,238770120,5,0,1,15360,8,8343490931
8943,238774240,142008,238916248,3,0,0,1536,13,2963166429
8944,238780960,1994,238782954,9,0,1,2048,26,5671023409
8945,238790110,149694,238939804,1,0,0,4096,29,7589968895
8946,238808590,5802,238814392,2,0,1,6144,22,8748136658
8947,238810470,43945,238854415,2,0,0,512,22,3304883267
8948,238818130,7230,238825360,2,0,1,7680,22,9541573548
8949,238820230,6436,238826666,3,0,1,2048,13,10676291884
8950,238823330,362412,239185742,4,0,0,60416,14,8433648656
8951,238838540,138398,238976938,5,0,0,45568,8,190115933
8952,238842490,566,238843056,3,0,1,512,13,5758814147
8953,238881030,2470,238883500,3,0,1,2560,13,4153134423
8954,238892040,3422,238895462,3,0,1,3584,13,4271146665
8955,238898340,95176,238993516,2,0,0,3072,22,5403490455
8956,238904570,566,238905136,3,0,1,512,13,6990078954
8957,238910150,223371,239133521,1,0,0,65024,29,8983482065
8958,238917090,22862,238939952,1,0,1,40960,29,5556445070
8959,238969470,13262,238982732,9,0,1,6144,26,6664061227
8960,238978620,170747,239149367,6,0,0,512,18,1961470081
8961,238979050,4028,238983078,3,0,1,512,13,6935191442
8962,238983730,566,238984296,3,0,1,512,13,2951069664
8963,238993081,6229,238999310,0,0,1,6144,29,6882808561
8964,239001670,221393,239223063,9,0,0,54784,26,2895552305
8965,239004510,3422,239007932,3,0,1,3584,13,10013108867
8966,239049410,136971,239186381,4,0,0,2048,14,3750279003
8967,239072980,127313,239200293,3,0,0,512,13,8459284762
8968,239112560,20976,239133536,3,0,1,5120,13,9033917176
8969,239123590,11932,239135522,9,0,1,2048,26,6294844110
8970,239149040,75754,239224794,4,0,0,5632,14,5831658577
8971,239161220,166965,239328185,3,0,0,1024,13,2159730691
8972,239163760,64613,239228373,3,0,0,512,13,10481094683
8973,239226510,101348,239327858,1,0,0,32768,29,106970283
8974,239227760,54056,239281816,5,0,0,3584,8,7993195875
8975,239255530,52116,239307646,2,0,0,1536,22,1046211877
8976,239271700,69284,239340984,8,0,0,8192,22,3506152740
8977,239302850,121004,239423854,5,0,0,97280,8,2881047886
8978,239348450,150764,239499214,5,0,0,4608,8,50687439
8979,239359130,125918,239485048,2,0,0,70144,22,3860150712
8980,239567220,114598,239681818,4,0,0,32768,14,5105162990
8981,239568150,63140,239631290,5,0,0,8192,8,8695388752
8982,239580470,45596,239626066,3,0,0,1024,13,4514986447
8983,239600810,87198,239688008,6,0,0,3584,18,3792782837
8984,239630650,51807,239682457,3,0,0,2048,13,7934389151
8985,239634260,118226,239752486,5,0,0,20480,8,5895440361
8986,239713020,93464,239806484,5,0,0,22016,8,1588251698
8987,239720940,164834,239885774,4,0,0,54272,14,191945225
8988,239793820,12679,239806499,3,0,1,6656,13,5902555761
8989,239794840,11674,239806514,9,0,1,1536,26,5042992157
8990,239829190,4162,239833352,3,0,1,11264,13,5824720450
8991,239955480,566,239956046,9,0,1,512,26,7732064409
8992,239965030,6754,239971784,3,0,1,7168,13,2818067599
8993,240021640,43904,240065544,3,0,0,512,13,9494032475
8994,240051950,4162,240056112,3,0,1,11264,13,10396227582
8995,240071230,130269,240201499,5,0,0,67584,8,1313253364
8996,240090570,1518,240092088,3,0,1,1536,13,9685218433
8997,240124610,204652,240329262,2,0,0,82432,22,2032396219
8998,240136650,65652,240202302,5,0,0,2560,8,2421703395
8999,240161030,143070,240304100,2,0,0,36864,22,4728253358
9000,240181100,22203,240203303,3,0,1,1024,13,1702942546
9001,240239920,170562,240410482,5,0,0,57856,8,7102366595
9002,240255921,2470,240258391,7,0,1,2560,25,5017671032
9003,240290981,13134,240304115,5,0,1,2048,8,2022906013
9004,240294761,40948,240335709,7,0,1,15872,25,6618551212
9005,240296221,50573,240346794,7,0,1,24576,25,1421911068
9006,240327240,120901,240448141,3,0,0,1536,13,9044577121
9007,240330191,17269,240347460,7,0,1,1024,25,6676186891
9008,240350820,4679,240355499,9,0,1,12288,26,2343233922
9009,240372320,69611,240441931,6,0,0,1536,18,4705149399
9010,240396120,15889,240412009,3,0,1,1536,13,5049631842
9011,240409021,6100,240415121,7,0,1,11264,25,10169993391
9012,240414320,1147,240415467,3,0,1,512,13,3388288188
9013,240421870,43904,240465774,6,0,0,512,18,1844407593
9014,240446940,7230,240454170,9,0,1,7680,26,741132100
9015,240467960,3898,240471858,9,0,1,4096,26,7659519239
9016,240499291,4162,240503453,5,0,1,11264,8,7886965488
9017,240536280,45596,240581876,6,0,0,1024,18,8536753492
9018,240552340,121462,240673802,1,0,0,74752,29,6927357919
9019,240582881,1518,240584399,5,0,1,1536,8,9893440464
9020,240587211,7230,240594441,7,0,1,7680,25,1611756346
9021,240613840,5712,240619552,3,0,1,14336,13,9813071057
9022,240646020,100593,240746613,4,0,0,24064,14,10130041145
9023,240654261,24400,240678661,5,0,1,5120,8,8962972424
9024,240662181,17146,240679327,5,0,1,1024,8,5968287678
9025,240696410,201557,240897967,2,0,0,68096,22,9255667039
9026,240703520,173684,240877204,1,0,0,65536,29,2357550632
9027,240753140,1518,240754658,9,0,1,1536,26,1147811971
9028,240803770,112410,240916180,2,0,0,9728,22,8754340208
9029,240807601,2470,240810071,5,0,1,2560,8,8975625823
9030,240828440,1042,240829482,9,0,1,1024,26,353348288
9031,240877210,79881,240957091,1,0,0,5120,29,3329910343
9032,240921651,226972,241148623,7,0,0,90112,25,1215530953
9033,240955081,3128,240958209,7,0,1,9216,25,5356119097
9034,240961970,284428,241246398,2,0,0,119296,22,2322882267
9035,240990440,2946,240993386,3,0,1,3072,13,7513500138
9036,240991151,4178,240995329,7,0,1,10752,25,7702409982
9037,240997501,6754,241004255,5,0,1,7168,8,1179431815
9038,241018430,3422,241021852,3,0,1,3584,13,5428402626
9039,241043600,247444,241291044,1,0,0,97792,29,8369092763
9040,241050260,136765,241187025,5,0,0,10240,8,320221450
9041,241064580,196653,241261233,2,0,0,48640,22,4883891299
9042,241067181,245905,241313086,7,0,0,71680,25,906132286
9043,241087270,225987,241313257,6,0,0,512,18,2724612497
9044,241088400,258624,241347024,1,0,0,50176,29,6243758988
9045,241089480,102841,241192321,3,0,0,512,13,2224099316
9046,241113790,177425,241291215,3,0,0,512,13,5746189582
9047,241262901,52785,241315686,7,0,1,2560,25,176467159
9048,241270400,141250,241411650,1,0,0,34304,29,6062431633
9049,241332150,68166,241400316,4,0,0,6144,14,2672118041
9050,241353020,154424,241507444,1,0,0,94720,29,4964138014
9051,241387220,82593,241469813,3,0,0,512,13,8577038191
9052,241390700,117539,241508239,5,0,0,2560,8,9742328905
9053,241414540,199070,241613610,4,0,0,97792,14,1149409065
9054,241459810,53851,241513661,6,0,0,1024,18,7745491498
9055,241470480,44028,241514508,3,0,0,512,13,1068317614
9056,241527671,6754,241534425,5,0,1,7168,8,980036406
9057,241543281,2470,241545751,7,0,1,2560,25,7346746595
9058,241564011,4420,241568431,7,0,1,11776,25,1691649706
9059,241574880,7230,241582110,9,0,1,7680,26,4593837758
9060,241583960,32129,241616089,9,0,1,2560,26,11492268
9061,241600400,16035,241616435,9,0,1,512,26,5582910515
9062,241614891,3904,241618795,7,0,1,10752,25,739014227
9063,241659230,1994,241661224,9,0,1,2048,26,8083176341
9064,241676101,6488,241682589,5,0,1,15872,8,819515862
9065,241688541,3645,241692186,7,0,1,10240,25,4029798291
9066,241699220,2470,241701690,9,0,1,2560,26,5470183618
9067,241720710,7230,241727940,9,0,1,7680,26,9189497942
9068,241723040,115565,241838605,4,0,0,17408,14,4585939006
9069,241746910,4420,241751330,9,0,1,11776,26,8050894449
9070,241756340,274425,242030765,4,0,0,166400,14,5463501215
9071,241784880,125879,241910759,6,0,0,512,18,7364613982
9072,241788310,43906,241832216,3,0,0,512,13,7799872220
9073,241788320,61677,241849997,5,0,0,5120,8,10346988446
9074,241789401,2470,241791871,7,0,1,2560,25,9305050900
9075,241790701,1516,241792217,5,0,1,512,8,4981417572
9076,241799610,54452,241854062,5,0,0,512,8,3012833852
9077,241811750,131487,241943237,2,0,0,15360,22,10083088399
9078,241819061,5712,241824773,5,0,1,14336,8,2472011369
9079,241867150,303882,242171032,1,0,0,47104,29,3122179012
9080,241931080,133585,242064665,5,0,0,43520,8,8395052649
9081,241961410,128484,242089894,5,0,0,13824,8,9287219941
9082,241975640,3898,241979538,9,0,1,4096,26,6326234762
9083,241988821,44423,242033244,5,0,1,2560,8,2208473158
9084,242012360,77705,242090065,6,0,0,512,18,4426597383
9085,242052470,13229,242065699,9,0,1,1024,26,9521275166
9086,242069891,566,242070457,5,0,1,512,8,2241706990
9087,242080641,566,242081207,7,0,1,512,25,4820993804
9088,242110141,7706,242117847,5,0,1,8192,8,2564131755
9089,242159880,57898,242217778,6,0,0,1024,18,5163562445
9090,242185761,2470,242188231,5,0,1,2560,8,2556558340
9091,242215381,1994,242217375,5,0,1,2048,8,5430388432
9092,242223050,169206,242392256,2,0,0,22528,22,1168321818
9093,242248260,93846,242342106,5,0,0,9728,8,3568511130
9094,242277100,59296,242336396,6,0,0,512,18,8375119657
9095,242294001,566,242294567,5,0,1,512,8,250428108
9096,242324590,7706,242332296,9,0,1,8192,26,5896168025
9097,242359310,133265,242492575,4,0,0,4608,14,3933221183
9098,242397260,90392,242487652,1,0,0,22016,29,7710120066
9099,242445010,2946,242447956,9,0,1,3072,26,3083386816
9100,242490270,65768,242556038,1,0,0,11776,29,4989981844
9101,242498890,45596,242544486,3,0,0,1024,13,5763207006
9102,242503910,11016,242514926,9,0,1,17920,26,7481532122
9103,242518100,104843,242622943,5,0,0,6144,8,7989670973
9104,242577771,5802,242583573,5,0,1,6144,8,48894437
9105,242606301,1518,242607819,5,0,1,1536,8,717699194
9106,242680600,4850,242685450,6,0,1,5120,18,6858715417
9107,242725140,106340,242831480,5,0,0,49152,8,2192710618
9108,242736360,135656,242872016,2,0,0,46080,22,5155973646
9109,242741611,2470,242744081,5,0,1,2560,8,7084628684
9110,242783640,108056,242891696,5,0,0,54784,8,377938518
9111,242822540,69491,242892031,3,0,0,1024,13,4732150828
9112,242886140,118596,243004736,4,0,0,71168,14,7865733172
9113,242928920,2946,242931866,6,0,1,3072,18,7934478531
9114,242972600,174168,243146768,5,0,0,37888,8,654244310
9115,243003030,3709,243006739,6,0,1,2048,18,920674481
9116,243003600,98530,243102130,1,0,0,8192,29,3383628024
9117,243028500,158944,243187444,4,0,0,80384,14,9837495884
9118,243031810,117625,243149435,5,0,0,8704,8,9674191069
9119,243038330,69284,243107614,4,0,0,8192,14,8226419749
9120,243147240,50317,243197557,1,0,0,1536,29,1411504299
9121,243150510,2470,243152980,3,0,1,2560,13,2669836221
9122,243161210,26249,243187459,6,0,1,19456,18,3699372917
9123,243187190,3906,243191096,6,0,1,10240,18,3551543055
9124,243226040,108067,243334107,5,0,0,31744,8,3241267657
9125,243242860,2946,243245806,6,0,1,3072,18,4194275554
9126,243265060,101906,243366966,6,0,0,1536,18,5985650757
9127,243273280,82831,243356111,4,0,0,1024,14,9854494354
9128,243293830,2946,243296776,9,0,1,3072,26,6524741127
9129,243307760,70041,243377801,6,0,0,512,18,2315124607
9130,243311180,3128,243314308,3,0,1,9216,13,1387352592
9131,243317330,16792,243334122,3,0,1,7680,13,6111210534
9132,243319240,14897,243334137,6,0,1,9728,18,4495243203
9133,243358510,108836,243467346,2,0,0,57344,22,2589383761
9134,243385240,2470,243387710,3,0,1,2560,13,6276134908
9135,243388910,3422,243392332,6,0,1,3584,18,10425907048
9136,243398280,566,243398846,4,0,1,512,14,3511812286
9137,243406270,138296,243544566,6,0,0,1024,18,2811220529
9138,243412440,1994,243414434,9,0,1,2048,26,7499001219
9139,243437780,142792,243580572,2,0,0,64512,22,6122810574
9140,243463720,199580,243663300,4,0,0,36352,14,2060565217
9141,243471620,4374,243475994,9,0,1,4608,26,9491510513
9142,243472580,46089,243518669,1,0,0,1024,29,10027494072
9143,243478810,123716,243602526,5,0,0,46080,8,7528580946
9144,243505700,77218,243582918,3,0,0,512,13,4382702618
9145,243510970,1042,243512012,6,0,1,1024,18,7680360616
9146,243518040,1042,243519082,6,0,1,1024,18,9566893018
9147,243557040,143153,243700193,2,0,0,20992,22,8205492169
9148,243584450,18091,243602541,3,0,1,13312,13,1594505188
9149,243612690,4420,243617110,2,0,1,11776,22,8268740252
9150,243614270,5444,243619714,6,0,1,9728,18,5857067057
9151,243656050,12109,243668159,9,0,1,5120,26,214014034
9152,243657600,53005,243710605,1,0,0,1536,29,3442683011
9153,243671870,2946,243674816,9,0,1,3072,26,2414775136
9154,243701940,234729,243936669,4,0,0,11264,14,1815312670
9155,243718350,3422,243721772,6,0,1,3584,18,2445380482
9156,243723070,163980,243887050,3,0,0,1536,13,5369089705
9157,243725950,43904,243769854,1,0,0,512,29,8737103162
9158,243741110,4374,243745484,6,0,1,4608,18,7769543816
9159,243770300,162891,243933191,4,0,0,125952,14,9864258354
9160,243804310,1518,243805828,6,0,1,1536,18,9034276358
9161,243861710,252578,244114288,5,0,0,43008,8,2014934681
9162,243891751,41463,243933214,5,0,1,7680,8,9040945618
9163,243897240,46142,243943382,3,0,1,7168,13,6183422235
9164,243900370,80107,243980477,6,0,0,512,18,4728522479
9165,243978590,2870,243981460,6,0,1,8704,18,511776429
9166,244000910,5326,244006236,9,0,1,5632,26,2249925491
9167,244020000,56038,244076038,3,0,0,512,13,1785419905
9168,244025140,106350,244131490,4,0,0,2560,14,5541825490
9169,244054980,96213,244151193,1,0,0,512,29,2372455474
9170,244065080,49387,244114467,3,0,0,512,13,3736271426
9171,244074310,45596,244119906,3,0,0,1024,13,2604875382
9172,244107191,11655,244118846,5,0,1,11776,8,2950619406
9173,244126130,6754,244132884,2,0,1,7168,22,2442266307
9174,244177870,4850,244182720,3,0,1,5120,13,10639208656
9175,244194780,167324,244362104,4,0,0,148480,14,4691288688
9176,244209100,100582,244309682,6,0,0,512,18,4270088998
9177,244223740,6278,244230018,2,0,1,6656,22,6005151458
9178,244226460,170570,244397030,2,0,0,55296,22,7226347053
9179,244244530,269289,244513819,5,0,0,119296,8,8952405949
9180,244249480,11533,244261013,1,0,1,18944,29,10503254797
9181,244313870,217698,244531568,2,0,0,29696,22,7036054335
9182,244315640,161424,244477064,1,0,0,2048,29,7855896896
9183,244353730,160900,244514630,4,0,0,2560,14,7152933618
9184,244354360,209446,244563806,3,0,0,512,13,137270368
9185,244362750,103063,244465813,4,0,0,32256,14,827712161
9186,244363200,2470,244365670,6,0,1,2560,18,9948602668
9187,244378170,246416,244624586,0,0,0,107008,29,4545074171
9188,244382020,19418,244401438,6,0,1,4608,18,2365958418
9189,244385430,16994,244402424,2,0,1,1536,22,6896069199
9190,244392680,148584,244541264,1,0,0,1024,29,5527729282
9191,244434940,190909,244625849,6,0,0,4096,18,4252576334
9192,244435551,566,244436117,5,0,1,512,8,9695515921
9193,244443860,3128,244446988,9,0,1,9216,26,1179231675
9194,244475010,176438,244651448,5,0,0,83968,8,7148951668
9195,244495451,20205,244515656,5,0,1,1024,8,5462308924
9196,244502500,29091,244531591,6,0,1,17920,18,6465097924
9197,244510240,183592,244693832,5,0,0,97792,8,10120134532
9198,244520090,11516,244531606,6,0,1,1024,18,9992148516
9199,244525481,8106,244533587,5,0,1,2048,8,6603261933
9200,244528491,7362,244535853,5,0,1,3584,8,4575232100
9201,244552740,7230,244559970,6,0,1,7680,18,10422678013
9202,244615440,37059,244652499,6,0,1,1024,18,9163472223
9203,244636720,108440,244745160,0,0,0,4096,29,4404885657
9204,244662610,31237,244693847,9,0,1,4608,26,60603399
9205,244675521,18901,244694422,5,0,1,512,8,7882328449
9206,244688320,181803,244870123,0,0,0,68608,29,1389394389
9207,244724490,1518,244726008,2,0,1,1536,22,730583500
9208,244767970,7706,244775676,6,0,1,8192,18,6191794046
9209,244788350,82108,244870458,1,0,0,1024,29,9489386800
9210,244859541,15726,244875267,5,0,1,5120,8,953850642
9211,244921100,5454,244926554,2,0,1,13824,22,10438097877
9212,244938030,100412,245038442,0,0,0,29696,29,10222025289
9213,244941100,5802,244946902,9,0,1,6144,26,10352646818
9214,244962570,1042,244963612,2,0,1,1024,22,5343099049
9215,244982330,1518,244983848,6,0,1,1536,18,29078278
9216,244997261,1518,244998779,7,0,1,1536,25,6052766259
9217,245013410,44491,245057901,1,0,0,512,29,1512083730
9218,245015011,5326,245020337,7,0,1,5632,25,5423926157
9219,245035970,153276,245189246,6,0,0,1024,18,9925164428
9220,245044050,82820,245126870,4,0,0,12288,14,4116735870
9221,245083860,105044,245188904,5,0,0,33280,8,9494785669
9222,245092760,192678,245285438,0,0,0,107008,29,5648567931
9223,245105000,4937,245109937,6,0,1,12800,18,10629463386
9224,245166660,1518,245168178,6,0,1,1536,18,1520271794
9225,245169391,3422,245172813,7,0,1,3584,25,9302156273
9226,245171670,17249,245188919,6,0,1,8192,18,5202435834
9227,245175730,150741,245326471,2,0,0,26112,22,6427014173
9228,245175870,61371,245237241,1,0,0,1024,29,6093986902
9229,245190680,97737,245288417,4,0,0,9728,14,6224888593
9230,245197230,12737,245209967,9,0,1,24576,26,5180746617
9231,245236410,4420,245240830,9,0,1,11776,26,3476419732
9232,245245050,95616,245340666,6,0,0,1536,18,1306317936
9233,245294740,4679,245299419,9,0,1,12288,26,9094259516
9234,245326140,60249,245386389,6,0,0,2560,18,2405483330
9235,245335620,566,245336186,6,0,1,512,18,10718123854
9236,245336341,2470,245338811,7,0,1,2560,25,7904437879
9237,245356361,4374,245360735,7,0,1,4608,25,9552663376
9238,245358850,3831,245362681,6,0,1,3072,18,8001593072
9239,245406370,4420,245410790,6,0,1,11776,18,4159055698
9240,245420800,275445,245696245,0,0,0,152064,29,7340068825
9241,245434760,110314,245545074,1,0,0,1024,29,6507602955
9242,245435470,141097,245576567,6,0,0,512,18,4472945576
9243,245493260,126212,245619472,0,0,0,31232,29,1664394859
9244,245502660,202344,245705004,2,0,0,28672,22,4703208141
9245,245509260,4162,245513422,6,0,1,11264,18,9897494603
9246,245517720,50599,245568319,1,0,0,512,29,9256984134
9247,245521820,123778,245645598,4,0,0,48640,14,4263924183
9248,245567590,166419,245734009,6,0,0,1536,18,87694145
9249,245603620,199090,245802710,4,0,0,37376,14,5691665151
9250,245606051,110216,245716267,7,0,0,25088,25,8526925612
9251,245622260,169031,245791291,0,0,0,57344,29,2651412885
9252,245625180,1042,245626222,6,0,1,1024,18,8215031107
9253,245665810,137703,245803513,6,0,0,2560,18,4736217775
9254,245697441,8121,245705562,7,0,1,512,25,9453620
9255,245732361,566,245732927,0,0,1,512,29,4858089655
9256,245752500,142668,245895168,4,0,0,11776,14,2509869879
9257,245757781,1518,245759299,7,0,1,1536,25,7930025012
9258,245759000,132223,245891223,4,0,0,115712,14,10125578196
9259,245782180,114875,245897055,5,0,0,6144,8,9659105648
9260,245783330,108235,245891565,6,0,0,1024,18,3178893518
9261,245790130,240491,246030621,1,0,0,512,29,3349455935
9262,245809820,175468,245985288,5,0,0,7168,8,3343492175
9263,245845310,110722,245956032,2,0,0,39424,22,6512930396
9264,245848820,224850,246073670,0,0,0,30208,29,8882666824
9265,245853250,37988,245891238,6,0,1,12288,18,7546215983
9266,245908591,3898,245912489,7,0,1,4096,25,3506861586
9267,245923950,106500,246030450,2,0,0,33280,22,9708309074
9268,245940950,194259,246135209,2,0,0,28672,22,4850144562
9269,245962230,2870,245965100,6,0,1,8704,18,2982635848
9270,246036490,5326,246041816,6,0,1,5632,18,110231785
9271,246076690,75169,246151859,1,0,0,1536,29,7359229488
9272,246101680,72692,246174372,5,0,0,14336,8,5598447757
9273,246142860,566,246143426,6,0,1,512,18,9210169574
9274,246143120,95554,246238674,2,0,0,27648,22,2751621510
9275,246154890,99164,246254054,5,0,0,25600,8,129442833
9276,246166720,145004,246311724,0,0,0,39424,29,2563156309
9277,246228711,9986,246238697,7,0,1,10752,25,2709149897
9278,246229081,24988,246254069,7,0,1,19456,25,2201998301
9279,246257140,98252,246355392,2,0,0,27648,22,8887314693
9280,246269070,114678,246383748,0,0,0,21504,29,9489471845
9281,246280990,35054,246316044,1,0,1,61440,29,4308454519
9282,246369411,147311,246516722,7,0,0,25600,25,798218167
9283,246396500,85937,246482437,1,0,1,143872,29,394922308
9284,246412531,178060,246590591,7,0,0,27648,25,2565268715
9285,246441290,185317,246626607,4,0,0,45056,14,3688022895
9286,246454061,179269,246633330,7,0,0,22016,25,8275559229
9287,246470030,16273,246486303,6,0,1,6144,18,6199574991
9288,246473160,118013,246591173,6,0,0,1024,18,9977125796
9289,246479960,179031,246658991,1,0,0,1536,29,10378897192
9290,246523160,157767,246680927,2,0,0,2048,22,6942659998
9291,246540541,6278,246546819,7,0,1,6656,25,4854299522
9292,246559400,197151,246756551,0,0,0,79872,29,10671891204
9293,246559910,73591,246633501,6,0,0,512,18,3509749672
9294,246564390,99677,246664067,1,0,0,3072,29,3820466669
9295,246590471,3499,246593970,7,0,1,9728,25,8695775551
9296,246639921,2470,246642391,7,0,1,2560,25,837096682
9297,246646130,119661,246765791,5,0,0,12800,8,7159622499
9298,246653450,133384,246786834,1,0,0,512,29,2821580622
9299,246686790,12308,246699098,1,0,1,20480,29,5395635785
9300,246726990,136296,246863286,5,0,0,90112,8,8482112179
9301,246748580,245019,246993599,2,0,0,182784,22,1174176483
9302,246809900,210947,247020847,1,0,0,1536,29,3482865697
9303,246813000,54529,246867529,1,0,1,92672,29,2274447931
9304,246826350,177272,247003622,2,0,0,32768,22,8107541101
9305,246828840,374315,247203155,4,0,0,22528,14,7070570293
9306,246869901,253057,247122958,7,0,0,22528,25,2309648496
9307,246874390,278233,247152623,5,0,0,5120,8,7963892288
9308,246874881,4420,246879301,7,0,1,11776,25,5284055378
9309,246887710,21399,246909109,1,0,1,34816,29,10042301691
9310,246942360,319926,247262286,2,0,0,54272,22,8236170453
9311,246958780,136340,247095120,2,0,0,33280,22,4090248919
9312,246967550,199678,247167228,6,0,0,512,18,3351711745
9313,246996830,387194,247384024,0,0,0,73216,29,405051408
9314,246999160,167762,247166922,4,0,0,40960,14,7784701137
9315,247005970,256651,247262621,6,0,0,1024,18,9573932900
9316,247074780,286921,247361701,2,0,0,115200,22,2225464162
9317,247147630,56164,247203794,6,0,0,2048,18,7654979518
9318,247162870,163716,247326586,4,0,0,63488,14,4706612040
9319,247181921,566,247182487,7,0,1,512,25,3527825013
9320,247205170,191045,247396215,2,0,0,39936,22,7169894612
9321,247223121,198285,247421406,7,0,0,70144,25,5825005407
9322,247239770,159128,247398898,4,0,0,8704,14,4504356134
9323,247252330,14437,247266767,4,0,1,11264,14,8283846305
9324,247256711,12196,247268907,7,0,1,8704,25,10111177568
9325,247354050,211979,247566029,6,0,0,2560,18,1653950249
9326,247371270,50151,247421421,4,0,1,14336,14,8712841757
9327,247388650,111426,247500076,4,0,0,40960,14,5018029744
9328,247416290,89198,247505488,1,0,0,1024,29,9710731318
9329,247443420,168932,247612352,1,0,0,512,29,8522248732
9330,247481600,108906,247590506,1,0,0,512,29,10258634548
9331,247538070,101853,247639923,5,0,0,29696,8,7257422804
9332,247539620,11274,247550894,1,0,1,18432,29,7289424804
9333,247554800,76052,247630852,5,0,0,10240,8,5209875014
9334,247557060,566,247557626,1,0,1,512,29,4371641197
9335,247568321,2946,247571267,5,0,1,3072,8,9520791642
9336,247587121,186628,247773749,7,0,0,14848,25,8190370971
9337,247592380,3898,247596278,1,0,1,4096,29,7179348309
9338,247614830,61836,247676666,1,0,0,1536,29,1377291164
9339,247628720,46028,247674748,2,0,0,512,22,4840609818
9340,247629910,147754,247777664,5,0,0,12800,8,5491294771
9341,247633721,207772,247841493,7,0,0,27136,25,5158634531
9342,247672460,3387,247675847,4,0,1,9728,14,3535799789
9343,247713560,116787,247830347,4,0,0,23040,14,2962803369
9344,247751650,67592,247819242,2,0,0,7680,22,6255703936
9345,247764520,47288,247811808,6,0,0,1536,18,4253020689
9346,247777660,45596,247823256,1,0,0,1024,29,3675134975
9347,247781900,83323,247865223,1,0,0,3072,29,6010528177
9348,247795090,1518,247796608,4,0,1,1536,14,9589623683
9349,247801330,5326,247806656,1,0,1,5632,29,9596128807
9350,247837270,48707,247885977,1,0,1,73216,29,6679919357
9351,247843760,200051,248043811,1,0,0,105472,29,10508242677
9352,247910090,14287,247924377,1,0,1,27648,29,5234423486
9353,247944150,101548,248045698,2,0,0,6144,22,5011284650
9354,247988610,7230,247995840,4,0,1,7680,14,9811526121
9355,247995940,1518,247997458,1,0,1,1536,29,199227105
9356,248021700,25049,248046749,4,0,1,1024,14,4494153201
9357,248026200,119147,248145347,0,0,0,27136,29,1870198700
9358,248079830,153515,248233345,2,0,0,84480,22,9565299866
9359,248202690,76927,248279617,1,0,0,12288,29,8468348213
9360,248224240,119943,248344183,1,0,0,16384,29,4678199812
9361,248232580,133011,248365591,5,0,0,61440,8,9470256921
9362,248254841,1518,248256359,7,0,1,1536,25,9782889084
9363,248274601,1042,248275643,7,0,1,1024,25,3564650018
9364,248274801,4840,248279641,7,0,1,12288,25,10134588968
9365,248331090,118454,248449544,1,0,0,20992,29,8890021534
9366,248365870,134582,248500452,6,0,0,1024,18,3818203633
9367,248401881,145679,248547560,7,0,0,43008,25,4313444707
9368,248413641,566,248414207,7,0,1,512,25,6476179468
9369,248438171,33333,248471504,7,0,1,54784,25,6981907287
9370,248452030,21100,248473130,4,0,1,2560,14,7024006621
9371,248456180,168642,248624822,1,0,0,68608,29,5741684051
9372,248505600,121429,248627029,0,0,0,7168,29,5589346521
9373,248546070,185103,248731173,0,0,0,62464,29,1950922387
9374,248594221,4162,248598383,7,0,1,11264,25,680591348
9375,248615500,84977,248700477,4,0,0,2048,14,6421968024
9376,248619950,30708,248650658,1,0,1,42496,29,3138765136
9377,248638020,98575,248736595,1,0,0,1024,29,6377954531
9378,248644250,141164,248785414,1,0,0,8704,29,1121320947
9379,248672250,110497,248782747,5,0,0,16384,8,7525537402
9380,248707950,23238,248731188,4,0,1,7168,14,5240826574
9381,248720200,155890,248876090,5,0,0,32256,8,10502415171
9382,248732150,158334,248890484,4,0,0,3584,14,6438407554
9383,248752471,46212,248798683,7,0,1,79872,25,2741602720
9384,248754010,129427,248883437,4,0,0,24064,14,2807286269
9385,248769361,29668,248799029,5,0,1,512,8,8388026089
9386,248793811,23895,248817706,7,0,1,43008,25,1147727763
9387,248809770,11162,248820932,4,0,1,5120,14,6717805765
9388,248945880,99476,249045356,4,0,0,26624,14,1363437661
9389,248958531,92932,249051463,7,0,0,19968,25,3768036597
9390,248958750,36604,248995354,1,0,1,64512,29,3070299439
9391,248978781,55045,249033826,7,0,1,93696,25,957429997
9392,248991771,187185,249178956,7,0,0,20992,25,3936574250
9393,249018751,32735,249051486,7,0,1,40448,25,8956599973
9394,249032550,18951,249051501,1,0,1,24576,29,119878308
9395,249043860,8604,249052464,4,0,1,1024,14,317168370
9396,249092620,75764,249168384,1,0,0,14336,29,7656076746
9397,249116880,248796,249365676,1,0,0,57344,29,10401642607
9398,249122620,34537,249157157,1,0,1,60416,29,8097383113
9399,249162840,5559,249168399,4,0,1,10240,14,5124905820
9400,249171680,7706,249179386,1,0,1,8192,29,248250459
9401,249189390,243325,249432715,0,0,0,35840,29,6819739469
9402,249235640,24929,249260569,1,0,1,45056,29,6883278853
9403,249247610,152988,249400598,6,0,0,512,18,2351128796
9404,249267940,112708,249380648,0,0,0,11776,29,6301492509
9405,249281370,124304,249405674,6,0,0,2048,18,5897249850
9406,249309040,24929,249333969,1,0,1,45056,29,488060356
9407,249325300,11575,249336875,4,0,1,4608,14,1626016284
9408,249390410,161613,249552023,5,0,0,16384,8,9743301708
9409,249419990,43904,249463894,6,0,0,512,18,8564973580
9410,249424980,10597,249435577,4,0,1,8704,14,7869741412
9411,249438260,143643,249581903,4,0,0,33792,14,9909745329
9412,249478690,566,249479256,4,0,1,512,14,565502895
9413,249484320,148607,249632927,1,0,0,39936,29,5384222359
9414,249527280,189699,249716979,6,0,0,512,18,6967860507
9415,249559180,138200,249697380,6,0,0,1024,18,10393077117
9416,249576000,173783,249749783,1,0,0,12288,29,5228956493
9417,249604820,85004,249689824,0,0,0,19456,29,9835946830
9418,249622210,100883,249723093,5,0,0,1536,8,2276584236
9419,249628680,78624,249707304,0,0,0,9728,29,1392572587
9420,249635830,21658,249657488,1,0,1,35328,29,8866637579
9421,249715270,134963,249850233,5,0,0,2560,8,3951318390
9422,249740860,104988,249845848,4,0,0,43008,14,7242442458
9423,249741380,45596,249786976,6,0,0,1024,18,3525454944
9424,249752450,13341,249765791,1,0,1,22528,29,2762139111
9425,249761460,47288,249808748,6,0,0,1536,18,9721616727
9426,249771611,1518,249773129,5,0,1,1536,8,4794165210
9427,249819940,12308,249832248,1,0,1,20480,29,1880683043
9428,249871660,6278,249877938,1,0,1,6656,29,8908602935
9429,249945450,176095,250121545,4,0,0,143872,14,9302919622
9430,249947431,1994,249949425,5,0,1,2048,8,6541273157
9431,250012430,133746,250146176,4,0,0,25088,14,8231851709
9432,250022710,100425,250123135,6,0,0,1024,18,6069666235
9433,250022880,350294,250373174,0,0,0,142336,29,6584634618
9434,250034170,200670,250234840,6,0,0,1024,18,7285035987
9435,250049340,73468,250122808,5,0,0,4096,8,3288455605
9436,250053970,180543,250234513,1,0,0,13312,29,4529195754
9437,250117450,106287,250223737,0,0,0,8192,29,6407108366
9438,250128420,190148,250318568,0,0,0,82432,29,9762477778
9439,250167370,5454,250172824,1,0,1,13824,29,2608150169
9440,250194440,188015,250382455,5,0,0,1536,8,4567733680
9441,250201760,116979,250318739,6,0,0,512,18,906637300
9442,250223360,158612,250381972,4,0,0,25600,14,6436174895
9443,250262550,3422,250265972,4,0,1,3584,14,5700010097
9444,250290570,83563,250374133,5,0,0,3072,8,1667273625
9445,250340691,47049,250387740,0,0,1,5632,29,1658222978
9446,250349710,68319,250418029,5,0,0,512,8,6971099760
9447,250350320,67880,250418200,6,0,0,512,18,3189820827
9448,250370520,117535,250488055,1,0,0,22528,29,7778493474
9449,250412340,4679,250417019,4,0,1,12288,14,6576967380
9450,250484440,112599,250597039,4,0,0,57856,14,1754106651
9451,250582330,58605,250640935,5,0,0,512,8,10412597334
9452,250631560,90860,250722420,1,0,0,23552,29,1771361477
9453,250658330,76624,250734954,5,0,0,3072,8,8669646927
9454,250707830,117337,250825167,0,0,0,14848,29,9298377016
9455,250716540,16629,250733169,1,0,1,17408,29,8048132654
9456,250729730,20624,250750354,1,0,1,33280,29,4543140870
9457,250739850,143353,250883203,4,0,0,63488,14,4524564127
9458,250783040,185208,250968248,1,0,1,300544,29,306712479
9459,250787580,273099,251060679,5,0,0,14848,8,1192195719
9460,250797380,297928,251095308,0,0,0,9728,29,2119970914
9461,250833810,302435,251136245,4,0,0,68096,14,6475788445
9462,251047950,247541,251295491,1,0,0,77312,29,8607620427
9463,251335130,106028,251441158,1,0,0,48128,29,10409486337
9464,251375570,3645,251379215,1,0,1,10240,29,10497252397
9465,251387570,10241,251397811,1,0,1,16384,29,4189861141
9466,251396260,97681,251493941,5,0,0,17408,8,1744208136
9467,251410540,64208,251474748,4,0,0,6656,14,3855085200
9468,251474550,24173,251498723,1,0,1,39936,29,4777348619
9469,251479140,77101,251556241,1,0,0,8192,29,3183506892
9470,251490900,161835,251652735,1,0,0,70656,29,10391919264
9471,251519980,143060,251663040,1,0,0,7680,29,8203630122
9472,251536950,118452,251655402,4,0,0,8704,14,7424382413
9473,251680500,104000,251784500,5,0,0,41472,8,6533408787
9474,251694780,101192,251795972,4,0,0,32256,14,288703371
9475,251714640,167252,251881892,0,0,0,61440,29,10085026590
9476,251833160,94944,251928104,4,0,0,9216,14,9266613981
9477,251956710,104312,252061022,4,0,0,42496,14,10421892546
9478,251983640,54787,252038427,1,0,1,93184,29,5893752837
9479,251987490,125939,252113429,1,0,0,32768,29,3592212062
9480,252061030,155150,252216180,5,0,0,45056,8,10067068551
9481,252062340,154167,252216507,0,0,0,1024,29,795878838
9482,252080190,33850,252114040,1,0,1,55808,29,8117822115
9483,252262170,100724,252362894,4,0,0,30720,14,9681567492
9484,252282010,123850,252405860,4,0,0,14336,14,3851881006
9485,252282180,3898,252286078,4,0,1,4096,14,9911892919
9486,252287800,566,252288366,4,0,1,512,14,8828092667
9487,252295350,7706,252303056,4,0,1,8192,14,1498153688
9488,252363650,107247,252470897,1,0,0,9728,29,5754001656
9489,252435560,11016,252446576,1,0,1,17920,29,3190759881
9490,252466620,5802,252472422,4,0,1,6144,14,6585022898
9491,252534060,100724,252634784,5,0,0,30720,8,5932262708
9492,252554260,2470,252556730,4,0,1,2560,14,7924339996
9493,252579570,101192,252680762,5,0,0,32256,8,9898892683
9494,252594840,93901,252688741,1,0,0,26112,29,7843661059
9495,252603710,36087,252639797,1,0,1,63488,29,4312751105
9496,252636950,4473,252641423,4,0,1,2560,14,7263097243
9497,252644080,141680,252785760,4,0,0,23040,14,2623207640
9498,252662130,116595,252778725,1,0,0,40960,29,4286332491
9499,252671420,49063,252720483,1,0,1,51712,29,2978693553
9500,252686360,256467,252942827,5,0,0,2048,8,822590676
9501,252687510,33639,252721149,4,0,1,11264,14,2227220523
9502,252698490,24285,252722775,4,0,1,2560,14,1511185066
9503,252708480,201654,252910134,5,0,0,5120,8,1768971264
9504,252805020,117648,252922668,5,0,0,32256,8,764913606
9505,252821360,3645,252825005,4,0,1,10240,14,5850047118
9506,252896660,2470,252899130,1,0,1,2560,29,7881082981
9507,252923140,133581,253056721,1,0,0,39936,29,3359497959
9508,252998740,5326,253004066,4,0,1,5632,14,4870962334
9509,253087450,21916,253109366,1,0,1,35840,29,5998290805
9510,253177950,93352,253271302,4,0,0,17408,14,2153129930
9511,253191530,47288,253238818,0,0,0,1536,29,2405459643
9512,253229150,55748,253284898,4,0,0,4096,14,396455596
9513,253241100,2870,253243970,4,0,1,8704,14,1689359224
9514,253242480,37925,253280405,1,0,1,64512,29,4839847672
9515,253447380,91904,253539284,1,0,0,16896,29,10236112798
9516,253474770,5802,253480572,4,0,1,6144,14,2266250576
9517,253501650,100880,253602530,5,0,0,31232,8,8012864948
9518,253595330,177783,253773113,5,0,0,144384,8,7947792569
9519,253598610,102044,253700654,0,0,0,2048,29,1713311009
9520,253606260,122846,253729106,4,0,0,9728,14,10165370137
9521,253689180,137006,253826186,4,0,0,28672,14,3661328118
9522,253772940,82630,253855570,5,0,0,4608,8,574214549
9523,253798130,92972,253891102,4,0,0,15360,14,5138076734
9524,254011410,43904,254055314,0,0,0,512,29,6952090419
9525,254048130,113048,254161178,5,0,0,71168,8,2731409317
9526,254053700,155928,254209628,4,0,0,77824,14,3891992599
9527,254066340,95321,254161661,0,0,0,1536,29,26356914
9528,254114160,96731,254210891,4,0,0,4096,14,2018043087
9529,254195240,98019,254293259,5,0,0,15872,8,4320362038
9530,254217280,43904,254261184,0,0,0,512,29,4092085345
9531,254248440,162864,254411304,5,0,0,44032,8,5046225765
9532,254261980,102752,254364732,5,0,0,37376,8,4734843030
9533,254325890,127240,254453130,5,0,0,13824,8,7256209302
9534,254384940,80898,254465838,5,0,0,5120,8,9747330986
9535,254463960,128674,254592634,1,0,0,86528,29,730857114
9536,254473370,43904,254517274,0,0,0,512,29,2772402606
9537,254473600,119213,254592813,0,0,0,512,29,7062349349
9538,254481120,75896,254557016,5,0,0,512,8,1337085156
9539,254540990,53086,254594076,0,0,0,4096,29,8101138266
9540,254559680,101816,254661496,4,0,0,34304,14,35661263
9541,254570350,190254,254760604,0,0,0,1536,29,7400752916
9542,254614130,145664,254759794,1,0,0,123904,29,8980472503
9543,254642330,117791,254760121,5,0,0,1024,8,8381362626
9544,254658550,102225,254760775,5,0,0,512,8,9482639373
9545,254768040,55748,254823788,4,0,0,4096,14,10083845485
9546,254768190,56861,254825051,1,0,0,4096,29,8612108229
9547,254892630,100412,254993042,1,0,0,29696,29,2919544989
9548,254948540,74360,255022900,4,0,0,9728,14,8768418815
9549,254948580,125198,255073778,4,0,0,35328,14,2666572662
9550,254969701,10757,254980458,0,0,1,17408,29,7458981499
9551,255222940,47288,255270228,5,0,0,1536,8,3925140966
9552,255225050,62672,255287722,4,0,0,6656,14,9608555984
9553,255294420,69284,255363704,1,0,0,8192,29,399276744
9554,255340810,99739,255440549,1,0,0,27136,29,2984022731
9555,255386670,45596,255432266,5,0,0,1024,8,10086469383
9556,255553920,102284,255656204,1,0,0,35840,29,4616361091
9557,255680640,43904,255724544,5,0,0,512,8,8285911878
9558,255880710,43904,255924614,0,0,0,512,29,731172036
9559,256092490,43904,256136394,0,0,0,512,29,8470566660
9560,256153950,45596,256199546,0,0,0,1024,29,1245901777
9561,256303071,7230,256310301,0,0,1,7680,29,3696813980
9562,256329390,194046,256523436,4,0,0,136704,14,10549688963
9563,256332080,121974,256454054,4,0,0,9216,14,1433228483
9564,256409270,114493,256523763,5,0,0,1024,8,7039370194
9565,256475820,48130,256523950,5,0,0,512,8,7462527539
9566,256501260,69783,256571043,5,0,0,1536,8,1931305963
9567,256501871,23080,256524951,5,0,1,1024,8,6396945652
9568,256548480,64208,256612688,4,0,0,6656,14,1075710571
9569,256559620,43904,256603524,5,0,0,512,8,1320307913
9570,256717890,43904,256761794,5,0,0,512,8,5972427515
9571,256729281,3898,256733179,5,0,1,4096,8,7179935161
9572,256763510,45596,256809106,5,0,0,1024,8,1427302225
9573,256895511,1042,256896553,5,0,1,1024,8,5519916849
9574,256901261,566,256901827,0,0,1,512,29,6381295773
9575,256926380,43904,256970284,0,0,0,512,29,10098196256
9576,256972870,76048,257048918,0,0,0,1024,29,4845641636
9577,257082221,1994,257084215,5,0,1,2048,8,6557598512
9578,257089010,103220,257192230,4,0,0,38912,14,10578306030
9579,257103190,43904,257147094,0,0,0,512,29,2799790407
9580,257131780,72792,257204572,5,0,0,1536,8,6937077804
9581,257168610,43904,257212514,5,0,0,512,8,7903390661
9582,257246111,1042,257247153,5,0,1,1024,8,6150185899
9583,257265040,52266,257317306,0,0,0,1024,29,8277380711
9584,257294161,4679,257298840,5,0,1,12288,8,4059949390
9585,257297821,3555,257301376,5,0,1,3584,8,705161401
9586,257320741,1518,257322259,0,0,1,1536,29,4674318606
9587,257545260,45596,257590856,5,0,0,1024,8,5495221100
9588,257548130,47288,257595418,0,0,0,1536,29,6079330644
9589,257568981,1518,257570499,0,0,1,1536,29,5884807032
9590,257594401,1042,257595443,0,0,1,1024,29,8978223723
9591,257620631,3422,257624053,5,0,1,3584,8,8068143841
9592,257656501,6278,257662779,5,0,1,6656,8,982890621
9593,257659620,164996,257824616,4,0,0,21504,14,7132773839
9594,257685511,4420,257689931,5,0,1,11776,8,2281449097
9595,257694121,4374,257698495,0,0,1,4608,29,6375266065
9596,257707921,566,257708487,5,0,1,512,8,728830435
9597,257714400,52747,257767147,0,0,0,1024,29,1439907328
9598,257719780,43904,257763684,5,0,0,512,8,962322906
9599,257758691,4679,257763370,5,0,1,12288,8,5637946536
9600,257787860,95756,257883616,4,0,0,19456,14,9248590109
9601,257840580,43904,257884484,0,0,0,512,29,8658742008
9602,257880810,53554,257934364,0,0,0,512,29,2121133695
9603,257890460,47132,257937592,5,0,0,1024,8,8738169487
9604,257899651,1994,257901645,5,0,1,2048,8,5974293065
9605,257934901,4374,257939275,5,0,1,4608,8,6695284451
9606,257946440,54056,258000496,4,0,0,3584,14,6946048367
9607,258022931,1518,258024449,5,0,1,1536,8,145275314
9608,258102360,100568,258202928,4,0,0,30208,14,4149994324
9609,258109401,566,258109967,5,0,1,512,8,2395599575
9610,258142840,43904,258186744,0,0,0,512,29,4349172554
9611,258144610,45596,258190206,5,0,0,1024,8,5466574825
9612,258152230,88726,258240956,5,0,0,1536,8,6486621198
9613,258369751,4679,258374430,0,0,1,12288,29,6263667967
9614,258381151,2946,258384097,0,0,1,3072,29,6796890688
9615,258418940,106808,258525748,4,0,0,50688,14,6212153462
9616,258426800,99275,258526075,5,0,0,1024,8,877984926
9617,258504020,51824,258555844,0,0,0,1024,29,1301626942
9618,258507650,43904,258551554,5,0,0,512,8,8139080773
9619,258562281,1042,258563323,0,0,1,1024,29,1338935824
9620,258594350,43904,258638254,5,0,0,512,8,10355741792
9621,258609851,6278,258616129,5,0,1,6656,8,1959186092
9622,258677690,43904,258721594,5,0,0,512,8,8124418176
9623,258801051,1042,258802093,0,0,1,1024,29,7167264592
9624,258879091,566,258879657,5,0,1,512,8,6267537424
9625,258959021,5326,258964347,5,0,1,5632,8,8885944906
9626,259021351,1994,259023345,0,0,1,2048,29,1141979734
9627,259038960,123188,259162148,4,0,0,104448,14,3827770599
9628,259050810,111525,259162335,0,0,0,512,29,3873674844
9629,259057361,5971,259063332,5,0,1,14848,8,4787751938
9630,259077691,2946,259080637,5,0,1,3072,8,7393996105
9631,259144900,137152,259282052,4,0,0,93696,14,2233601418
9632,259158100,125729,259283829,0,0,0,2560,29,2061601028
9633,259167100,115747,259282847,5,0,0,2560,8,482202309
9634,259196850,86176,259283026,0,0,0,512,29,7576917281
9635,259197610,172334,259369944,0,0,0,512,29,2743117654
9636,259261561,33990,259295551,0,0,1,20992,29,4501307863
9637,259366220,43904,259410124,0,0,0,512,29,9418640431
9638,259427700,43904,259471604,0,0,0,512,29,3020719502
9639,259475450,102440,259577890,4,0,0,36352,14,6723657145
9640,259527580,150027,259677607,0,0,0,512,29,1230929882
9641,259542301,1994,259544295,5,0,1,2048,8,1034690216
9642,259544450,132986,259677436,4,0,0,130048,14,9818735118
9643,259632060,49294,259681354,5,0,0,1024,8,6322487360
9644,259666710,54793,259721503,0,0,0,512,29,8192584228
9645,259705310,43904,259749214,0,0,0,512,29,8304294425
9646,259728751,1042,259729793,0,0,1,1024,29,4151437859
9647,259780190,47288,259827478,4,0,0,1536,14,6830122965
9648,259782031,1042,259783073,5,0,1,1024,8,3355729093
9649,259837251,1518,259838769,5,0,1,1536,8,293320578
9650,259842991,1994,259844985,5,0,1,2048,8,1440287092
9651,259904740,90984,259995724,0,0,0,1024,29,6757136492
9652,259948360,125042,260073402,4,0,0,88064,14,5181988524
9653,259961611,3898,259965509,5,0,1,4096,8,9065430781
9654,259971420,112152,260083572,0,0,0,512,29,6557372969
9655,259990561,5178,259995739,5,0,1,12800,8,7956108893
9656,260002841,1042,260003883,5,0,1,1024,8,7716740422
9657,260055660,63486,260119146,0,0,0,1536,29,3883396029
9658,260110321,1994,260112315,5,0,1,2048,8,1707588862
9659,260163750,138647,260302397,4,0,0,107008,14,6959201871
9660,260199901,10757,260210658,0,0,1,17408,29,8406775910
9661,260257771,1518,260259289,5,0,1,1536,8,6738335237
9662,260413681,7230,260420911,0,0,1,7680,29,5942596700
9663,260436891,3128,260440019,5,0,1,9216,8,5786177211
9664,260439201,2541,260441742,0,0,1,2048,29,10213231291
9665,260450111,1518,260451629,5,0,1,1536,8,7201785427
9666,260468600,232431,260701031,4,0,0,80896,14,4401084721
9667,260505071,4374,260509445,0,0,1,4608,29,7242266178
9668,260530450,78276,260608726,5,0,0,1024,8,10040558367
9669,260577151,1994,260579145,5,0,1,2048,8,8181575545
9670,260581881,6754,260588635,5,0,1,7168,8,5510225507
9671,260601790,108000,260709790,4,0,0,28672,14,707706505
9672,260627341,7230,260634571,5,0,1,7680,8,1391384919
9673,260644071,566,260644637,5,0,1,512,8,6523036031
9674,260644531,4850,260649381,0,0,1,5120,29,3009145736
9675,260678180,162038,260840218,4,0,0,66048,14,8175534150
9676,260946441,3422,260949863,5,0,1,3584,8,6379818049
9677,261000450,64076,261064526,4,0,0,11264,14,411493780
9678,261027771,4850,261032621,0,0,1,5120,29,3951333795
9679,261050621,2470,261053091,0,0,1,2560,29,1629498591
9680,261062550,155041,261217591,0,0,0,512,29,892364989
9681,261079821,2870,261082691,0,0,1,8704,29,1885699617
9682,261111981,6278,261118259,0,0,1,6656,29,6918705299
9683,261209790,43904,261253694,0,0,0,512,29,7348118885
9684,261253900,45596,261299496,0,0,0,1024,29,2841563521
9685,261270911,1994,261272905,0,0,1,2048,29,7581306652
9686,261312430,43904,261356334,0,0,0,512,29,2874538724
9687,261335260,116168,261451428,4,0,0,81408,14,5564900284
9688,261339740,156316,261496056,4,0,0,66560,14,802662166
9689,261364111,1994,261366105,0,0,1,2048,29,10492011692
9690,261381490,138152,261519642,4,0,0,11776,14,4850822453
9691,261388210,75990,261464200,0,0,0,512,29,7247989495
9692,261415711,566,261416277,0,0,1,512,29,2014642060
9693,261466590,78234,261544824,0,0,0,2560,29,1474463310
9694,261533101,1994,261535095,0,0,1,2048,29,9149323372
9695,261550371,3898,261554269,0,0,1,4096,29,818017619
9696,261597221,566,261597787,5,0,1,512,8,1109724828
9697,261620231,6229,261626460,5,0,1,15360,8,5734979347
9698,261680450,98072,261778522,4,0,0,22016,14,6995645913
9699,261697310,45596,261742906,5,0,0,1024,8,3264267854
9700,261725500,110370,261835870,4,0,0,51712,14,5351076696
9701,261736721,3422,261740143,0,0,1,3584,29,5457477493
9702,261743501,1994,261745495,5,0,1,2048,8,1107341982
9703,261802221,3898,261806119,5,0,1,4096,8,1524561429
9704,261808690,126093,261934783,4,0,0,59392,14,7975284277
9705,261827150,112001,261939151,4,0,0,8192,14,2724840284
9706,261919360,122799,262042159,4,0,0,46592,14,9389739074
9707,262027111,15063,262042174,5,0,1,2560,8,4248890746
9708,262057030,47288,262104318,5,0,0,1536,8,6311451500
9709,262133810,2946,262136756,4,0,1,3072,14,8311997830
9710,262171721,3898,262175619,5,0,1,4096,8,8693981435
9711,262222110,43904,262266014,5,0,0,512,8,10514271060
9712,262235441,4679,262240120,0,0,1,12288,29,4516091758
9713,262298391,4679,262303070,0,0,1,12288,29,1352450019
9714,262341590,566,262342156,4,0,1,512,14,6310354561
9715,262384230,4937,262389167,4,0,1,12800,14,2492706034
9716,262409370,4850,262414220,4,0,1,5120,14,544383160
9717,262409780,157711,262567491,5,0,0,512,8,10243387810
9718,262431951,1042,262432993,0,0,1,1024,29,8812547093
9719,262466770,43904,262510674,0,0,0,512,29,5605827127
9720,262655630,43904,262699534,0,0,0,512,29,1588945655
9721,262660170,1042,262661212,4,0,1,1024,14,6655668922
9722,262717420,43904,262761324,5,0,0,512,8,6455411720
9723,262736601,5802,262742403,0,0,1,6144,29,3620586051
9724,262759291,2946,262762237,0,0,1,3072,29,10159640950
9725,262803210,43904,262847114,0,0,0,512,29,8012538122
9726,262830960,51926,262882886,5,0,0,512,8,10655902769
9727,262834430,3422,262837852,4,0,1,3584,14,1266386384
9728,262844330,3422,262847752,4,0,1,3584,14,9269921070
9729,262910800,566,262911366,4,0,1,512,14,2201733178
9730,263030690,7706,263038396,4,0,1,8192,14,5601994328
9731,263041580,4420,263046000,4,0,1,11776,14,4805660425
9732,263121250,43904,263165154,0,0,0,512,29,236260917
9733,263143910,43904,263187814,0,0,0,512,29,2104092405
9734,263206070,52364,263258434,0,0,0,3072,29,9354064841
9735,263207070,1518,263208588,4,0,1,1536,14,10313717867
9736,263278280,3645,263281925,4,0,1,10240,14,10036839956
9737,263281460,81749,263363209,4,0,0,12800,14,4245831951
9738,263312420,51428,263363848,0,0,0,2048,29,6748195402
9739,263371960,86311,263458271,0,0,0,512,29,8863694133
9740,263482350,43904,263526254,0,0,0,512,29,7828012552
9741,263489160,43904,263533064,0,0,0,512,29,7739327539
9742,263635470,43904,263679374,0,0,0,512,29,431927387
9743,263655960,7230,263663190,4,0,1,7680,14,8865354231
9744,263707020,2946,263709966,4,0,1,3072,14,6340612055
9745,263748690,6278,263754968,4,0,1,6656,14,1561766736
9746,263783500,153305,263936805,0,0,0,512,29,7320710190
9747,263931750,86696,264018446,4,0,0,19968,14,7098588399
9748,263947490,43904,263991394,0,0,0,512,29,6902296930
9749,263952700,45596,263998296,5,0,0,1024,8,4691712821
9750,264007240,43904,264051144,0,0,0,512,29,7841631090
9751,264011250,44960,264056210,0,0,0,512,29,6963033285
9752,264023450,50672,264074122,5,0,0,2560,8,4379652403
9753,264052630,48980,264101610,5,0,0,2048,8,6102366930
9754,264064800,114514,264179314,4,0,0,48128,14,8084677064
9755,264078810,149188,264227998,4,0,0,46592,14,2659657980
9756,264173840,10316,264184156,4,0,1,5120,14,3404656563
9757,264180390,4125,264184515,4,0,1,9728,14,7247769547
9758,264211830,77744,264289574,4,0,0,10752,14,3715429130
9759,264238080,3904,264241984,4,0,1,10752,14,10429478393
9760,264280640,43904,264324544,5,0,0,512,8,9991218498
9761,264284480,65209,264349689,0,0,0,4096,29,1161430040
9762,264292090,3422,264295512,4,0,1,3584,14,7465559466
9763,264295940,76195,264372135,5,0,0,1024,8,99921940
9764,264362080,4850,264366930,4,0,1,5120,14,2755743359
9765,264370660,1994,264372654,4,0,1,2048,14,2384464846
9766,264385500,2470,264387970,4,0,1,2560,14,10493959939
9767,264394310,4937,264399247,4,0,1,12800,14,8619310195
9768,264496600,82376,264578976,4,0,0,15872,14,164918840
9769,264544250,1042,264545292,4,0,1,1024,14,5077436072
9770,264567151,3898,264571049,5,0,1,4096,8,10532422357
9771,264567691,4144,264571835,5,0,1,9728,8,7306818474
9772,264607320,566,264607886,4,0,1,512,14,15816931
9773,264691530,43904,264735434,0,0,0,512,29,8954514292
9774,264691751,3904,264695655,5,0,1,10752,8,1526829888
9775,264707570,4162,264711732,4,0,1,11264,14,7797372849
9776,264742610,3387,264745997,4,0,1,9728,14,3743338225
9777,264761770,250087,265011857,4,0,0,102400,14,4568872817
9778,264848521,3422,264851943,5,0,1,3584,8,3122267605
9779,264854030,566,264854596,4,0,1,512,14,5824103298
9780,264867060,108836,264975896,4,0,0,57344,14,7533010453
9781,264899700,112484,265012184,5,0,0,1024,8,4968893253
9782,264940461,12995,264953456,5,0,1,25088,8,567910302
9783,264969620,53556,265023176,0,0,0,1536,29,4461240289
9784,265011870,46058,265057928,5,0,0,1536,8,9698477211
9785,265014101,5326,265019427,4,0,1,5632,14,1680735721
9786,265110531,3128,265113659,5,0,1,9216,8,2693370997
9787,265117000,60892,265177892,0,0,0,1536,29,466041977
9788,265127690,205066,265332756,4,0,0,40448,14,46360382
9789,265148340,99476,265247816,4,0,0,26624,14,10375810252
9790,265233360,1994,265235354,4,0,1,2048,14,3947727361
9791,265239421,8410,265247831,5,0,1,2048,8,1081543195
9792,265269850,43904,265313754,0,0,0,512,29,8942873216
9793,265279791,3422,265283213,4,0,1,3584,14,9282262779
9794,265283631,1042,265284673,4,0,1,1024,14,9279505552
9795,265366561,1042,265367603,4,0,1,1024,14,4753593738
9796,265381391,1042,265382433,5,0,1,1024,8,233766037
9797,265395021,566,265395587,4,0,1,512,14,5685952377
9798,265408400,88995,265497395,0,0,0,1024,29,8594241123
9799,265425340,43904,265469244,5,0,0,512,8,4521912784
9800,265477820,154832,265632652,4,0,0,137728,14,5181144255
9801,265492971,3645,265496616,5,0,1,10240,8,10074958038
9802,265516470,117133,265633603,0,0,0,3072,29,10647366037
9803,265532300,144884,265677184,4,0,0,54784,14,9853755431
9804,265540921,6278,265547199,5,0,1,6656,8,6576938909
9805,265633181,2408,265635589,4,0,1,2048,14,1379919758
9806,265637050,48200,265685250,0,0,0,512,29,5348941306
9807,265644171,566,265644737,5,0,1,512,8,2087040990
9808,265669701,14246,265683947,4,0,1,7168,14,5933123454
9809,265674451,14002,265688453,4,0,1,7168,14,4560724423
9810,265695151,3387,265698538,5,0,1,9728,8,9655956653
9811,265705401,1994,265707395,4,0,1,2048,14,392797973
9812,266098370,45596,266143966,0,0,0,1024,29,5306163072
9813,266187900,47288,266235188,0,0,0,1536,29,6004155144
9814,266248940,59132,266308072,4,0,0,5120,14,9619331757
9815,266341210,43904,266385114,0,0,0,512,29,2904886825
9816,266349630,111644,266461274,4,0,0,66560,14,7573110580
9817,266683630,43904,266727534,5,0,0,512,8,7520449619
9818,266701630,43904,266745534,5,0,0,512,8,9317410813
9819,266704650,47288,266751938,0,0,0,1536,29,7854341035
9820,266745620,49448,266795068,4,0,0,3584,14,8762572728
9821,266778300,60824,266839124,4,0,0,5632,14,2291609745
9822,266851240,99788,266951028,4,0,0,27648,14,1330546236
9823,267237210,43904,267281114,0,0,0,512,29,8021557455
9824,267253310,50672,267303982,5,0,0,2560,8,6307056038
9825,267330690,47288,267377978,5,0,0,1536,8,9980328427
9826,267364340,101348,267465688,4,0,0,32768,14,5743523990
9827,267406170,47288,267453458,0,0,0,1536,29,7534659595
9828,267469780,47288,267517068,5,0,0,1536,8,6109661876
9829,267525530,43904,267569434,0,0,0,512,29,5835435280
9830,267589000,45596,267634596,5,0,0,1024,8,6154461850
9831,267690640,61292,267751932,4,0,0,7168,14,9933442769
9832,267893570,43904,267937474,5,0,0,512,8,4242458860
9833,267943601,5802,267949403,0,0,1,6144,29,1158251015
9834,268019231,6278,268025509,0,0,1,6656,29,10664141044
9835,268038770,72792,268111562,5,0,0,1536,8,7172788504
9836,268054601,1994,268056595,0,0,1,2048,29,8463790717
9837,268121941,3898,268125839,0,0,1,4096,29,6378256755
9838,268191270,47288,268238558,0,0,0,1536,29,4191751488
9839,268351820,86672,268438492,4,0,0,14848,14,6311211651
9840,268500330,144600,268644930,4,0,0,94720,14,5320009448
9841,268502860,45982,268548842,0,0,0,512,29,8832437179
9842,268510310,105078,268615388,4,0,0,1024,14,4961852462
9843,268568130,76994,268645124,0,0,0,512,29,4156401377
9844,268613261,31684,268644945,0,0,1,15360,29,10605192404
9845,268628820,63405,268692225,5,0,0,1536,8,4897143508
9846,268754821,50672,268805493,0,0,0,2560,29,2926528170
9847,268851790,43904,268895694,5,0,0,512,8,795149405
9848,269001241,3898,269005139,0,0,1,4096,29,5515883498
9849,269057370,43904,269101274,0,0,0,512,29,8146093731
9850,269064770,66810,269131580,0,0,0,3072,29,7445446070
9851,269078740,47288,269126028,5,0,0,1536,8,4872526073
9852,269089920,47453,269137373,0,0,0,2048,29,5018247453
9853,269092830,43904,269136734,5,0,0,512,8,4920428205
9854,269118201,3387,269121588,0,0,1,9728,29,6541588370
9855,269155181,1042,269156223,5,0,1,1024,8,3073281554
9856,269189390,99164,269288554,4,0,0,25600,14,6242180307
9857,269194531,5326,269199857,0,0,1,5632,29,10665438925
9858,269218300,84456,269302756,5,0,0,512,8,10210639591
9859,269266531,1518,269268049,0,0,1,1536,29,893408188
9860,269267240,45596,269312836,5,0,0,1024,8,7966015431
9861,269326000,111726,269437726,0,0,0,512,29,7681651088
9862,269375021,3422,269378443,0,0,1,3584,29,7574619477
9863,269380170,43904,269424074,5,0,0,512,8,1181438215
9864,269409620,93488,269503108,4,0,0,27136,14,3849333926
9865,269516130,43904,269560034,5,0,0,512,8,9804112421
9866,269522720,129240,269651960,4,0,0,74240,14,3117580
9867,269559061,6488,269565549,0,0,1,15872,29,8899102868
9868,269559810,105196,269665006,4,0,0,9728,14,7840917441
9869,269597340,71705,269669045,0,0,0,512,29,10270228815
9870,269633240,137270,269770510,4,0,0,56320,14,10207972850
9871,269636030,61699,269697729,0,0,0,1536,29,2018079710
9872,269731861,2470,269734331,0,0,1,2560,29,7457312541
9873,269793410,43904,269837314,0,0,0,512,29,7520807786
9874,269892021,7230,269899251,5,0,1,7680,8,4991935947
9875,269923541,1518,269925059,0,0,1,1536,29,7238011722
9876,269970620,43904,270014524,0,0,0,512,29,5107602749
9877,269997971,5326,270003297,0,0,1,5632,29,651278415
9878,270072340,190436,270262776,0,0,0,163840,29,5151856815
9879,270108721,10241,270118962,5,0,1,16384,8,6894903347
9880,270210750,53141,270263891,4,0,0,3584,14,6914169308
9881,270223970,141082,270365052,0,0,0,35840,29,4255118827
9882,270280550,92684,270373234,4,0,0,19456,14,10069777470
9883,270308700,110812,270419512,4,0,0,54272,14,5649772128
9884,270368470,117748,270486218,0,0,0,54784,29,8653027976
9885,270528000,97604,270625604,4,0,0,20480,14,8340349300
9886,270557841,2470,270560311,5,0,1,2560,8,2557683882
9887,270623300,68196,270691496,0,0,0,7168,29,8826494237
9888,270735830,43904,270779734,4,0,0,512,14,10117313120
9889,270750561,3128,270753689,0,0,1,9216,29,1818867269
9890,270779690,45632,270825322,5,0,0,1024,8,4693579983
9891,270829450,55748,270885198,4,0,0,4096,14,8936193254
9892,270842040,73472,270915512,4,0,0,16896,14,5062485965
9893,270908371,7156,270915527,0,0,1,11776,29,9872153184
9894,270930870,47288,270978158,5,0,0,1536,8,5339793592
9895,270962780,112594,271075374,5,0,0,47616,8,8835593954
9896,270966760,43904,271010664,4,0,0,512,14,10193524042
9897,271003440,74289,271077729,5,0,0,7680,8,10521363265
9898,271057290,251936,271309226,0,0,0,274944,29,7195572843
9899,271095260,216789,271312049,0,0,0,9216,29,10400128801
9900,271197540,115156,271312696,5,0,0,2048,8,9212045751
9901,271209970,103833,271313803,0,0,0,3584,29,10201373063
9902,271247900,200838,271448738,4,0,0,67584,14,7508398250
9903,271326030,78392,271404422,5,0,0,17920,8,5792868495
9904,271329791,1042,271330833,4,0,1,1024,14,5375148790
9905,271413570,125840,271539410,0,0,0,113152,29,4047309606
9906,271481790,106622,271588412,4,0,0,40960,14,6517387342
9907,271492011,566,271492577,4,0,1,512,14,2122199722
9908,271529350,112162,271641512,0,0,0,16384,29,780820126
9909,271533951,16750,271550701,0,0,1,18432,29,7579272723
9910,271632560,107900,271740460,5,0,0,54272,8,823377246
9911,271677120,129994,271807114,5,0,0,45056,8,2208847729
9912,271726271,17127,271743398,0,0,1,3072,29,8109692736
9913,271743821,4679,271748500,4,0,1,12288,14,1305291449
9914,271765040,60824,271825864,4,0,0,5632,14,7366606193
9915,271838650,83600,271922250,5,0,0,14848,8,489959003
9916,271894011,7706,271901717,0,0,1,8192,29,5748114931
9917,271904491,7230,271911721,0,0,1,7680,29,7840166974
9918,272020510,43904,272064414,0,0,0,512,29,7194723963
9919,272078201,4374,272082575,0,0,1,4608,29,1281091088
9920,272253180,115700,272368880,5,0,0,79872,8,7206508684
9921,272601811,4420,272606231,0,0,1,11776,29,4560839732
9922,272664931,1042,272665973,0,0,1,1024,29,4178633127
9923,272665291,1668,272666959,0,0,1,1536,29,3695864164
9924,272855490,45596,272901086,0,0,0,1024,29,4800890558
9925,272890681,3387,272894068,0,0,1,9728,29,5479918473
9926,272892730,46363,272939093,0,0,0,512,29,6920802276
9927,272921221,7230,272928451,0,0,1,7680,29,9191809231
9928,272952971,1042,272954013,0,0,1,1024,29,10462559948
9929,272985600,111800,273097400,5,0,0,67072,8,6641285863
9930,273015600,111842,273127442,5,0,0,13312,8,1557611622
9931,273055411,10757,273066168,0,0,1,17408,29,4799812376
9932,273103560,52364,273155924,0,0,0,3072,29,8326098949
9933,273192711,2470,273195181,0,0,1,2560,29,643012442
9934,273197050,63891,273260941,0,0,0,1024,29,7003557111
9935,273207150,85760,273292910,5,0,0,16896,8,8146422275
9936,273207830,45752,273253582,0,0,0,1536,29,5334588637
9937,273241270,144814,273386084,5,0,0,94720,8,6536005608
9938,273269930,146586,273416516,5,0,0,33280,8,9749637107
9939,273278800,75836,273354636,0,0,0,512,29,5159764704
9940,273296160,90898,273387058,5,0,0,2048,8,1034205692
9941,273301410,85001,273386411,0,0,0,1024,29,5496903573
9942,273332101,566,273332667,0,0,1,512,29,10283785205
9943,273381820,50179,273431999,0,0,0,1024,29,5504951103
9944,273450561,4374,273454935,0,0,1,4608,29,640970874
9945,273460411,7706,273468117,0,0,1,8192,29,8458306946
9946,273471971,1994,273473965,0,0,1,2048,29,7541610271
9947,273499421,6754,273506175,0,0,1,7168,29,6980015461
9948,273523880,105404,273629284,5,0,0,46080,8,7909508676
9949,273553141,3387,273556528,0,0,1,9728,29,7852825835
9950,273653790,71662,273725452,5,0,0,1024,8,745542880
9951,273739011,566,273739577,0,0,1,512,29,9285941701
9952,273750141,1518,273751659,5,0,1,1536,8,1885097238
9953,273888320,97184,273985504,5,0,0,29184,8,10437992669
9954,273963740,121004,274084744,5,0,0,97280,8,5600330091
9955,274055671,33932,274089603,0,0,1,5120,29,3643108106
9956,274063011,27206,274090217,0,0,1,10752,29,5935169588
9957,274096431,566,274096997,0,0,1,512,29,3260479202
9958,274255731,2470,274258201,0,0,1,2560,29,3625750497
9959,274270011,3387,274273398,0,0,1,9728,29,8683111286
9960,274413741,4374,274418115,0,0,1,4608,29,9542173409
9961,274657591,2946,274660537,0,0,1,3072,29,2377688493
9962,274666281,7706,274673987,0,0,1,8192,29,2573607472
9963,274677371,2946,274680317,0,0,1,3072,29,1045474409
9964,275055791,1042,275056833,0,0,1,1024,29,3833809445
9965,275179701,3422,275183123,0,0,1,3584,29,3734255570
9966,275254301,566,275254867,0,0,1,512,29,6454643380
9967,275457541,1994,275459535,0,0,1,2048,29,9370217223
9968,275558731,7230,275565961,0,0,1,7680,29,3526178937
9969,275864801,4850,275869651,0,0,1,5120,29,7470734388
9970,275870211,7706,275877917,0,0,1,8192,29,3347509046
9971,275913661,4679,275918340,0,0,1,12288,29,3958696396
9972,276139771,1042,276140813,0,0,1,1024,29,5162161225
9973,276391781,1042,276392823,0,0,1,1024,29,471972300
9974,276495001,4679,276499680,0,0,1,12288,29,10095794078
9975,276556611,1042,276557653,0,0,1,1024,29,2451568995
9976,280635011,2470,280637481,0,0,1,2560,29,10049499584
9977,281338841,1518,281340359,0,0,1,1536,29,648955216
9978,281340711,566,281341277,0,0,1,512,29,3875805612
9979,281553621,2470,281556091,0,0,1,2560,29,6659351999
9980,281636871,6278,281643149,0,0,1,6656,29,4012801112
9981,281698381,3904,281702285,0,0,1,10752,29,3977017946
9982,281724351,3387,281727738,0,0,1,9728,29,5680869743
9983,281903321,3422,281906743,0,0,1,3584,29,5713220243
9984,281936011,3387,281939398,0,0,1,9728,29,8979503547
9985,281937011,2733,281939744,0,0,1,512,29,6554789064
9986,281953421,1042,281954463,0,0,1,1024,29,5940544424
9987,282013061,4374,282017435,0,0,1,4608,29,483546328
9988,282432551,4679,282437230,0,0,1,12288,29,7418414429
9989,282874811,566,282875377,0,0,1,512,29,8201420610
9990,282967901,6278,282974179,0,0,1,6656,29,8381428067
9991,283085231,1042,283086273,0,0,1,1024,29,9014973656
9992,283130011,7706,283137717,0,0,1,8192,29,4766687718
9993,283159121,566,283159687,0,0,1,512,29,4284947857
9994,283165911,3904,283169815,0,0,1,10752,29,9878468371
9995,283258781,2946,283261727,0,0,1,3072,29,7197748074
9996,283351891,1994,283353885,0,0,1,2048,29,4471230989
9997,283725441,2470,283727911,0,0,1,2560,29,7444546526
9998,283869411,10757,283880168,0,0,1,17408,29,1735332256
9999,283971061,2470,283973531,0,0,1,2560,29,6099765015
