RequestID,ArrivalTime,DelayTime,FinishTime,InitiatorID,TargetID,IOType,Size,VolumeID,Offset
0,0,127423,127423,0,0,0,20480,6,4588642339
1,1,3702,3703,8,0,1,3584,3,7350644012
2,2,5327,5329,9,0,1,2560,5,9631020286
3,3,7912,7915,4,0,1,4096,18,5830819570
4,4,45756,45760,1,0,0,1024,17,10481910665
5,5,55945,55950,6,0,1,85504,9,9663820007
6,6,108010,108016,3,0,0,44032,6,3824898681
7,7,121161,121168,5,0,0,31744,19,1967199535
8,8,62663,62671,2,0,1,32256,10,676106062
9,9,63648,63657,7,0,1,1536,6,8609210304
10,8290,58273,66563,8,0,1,4608,3,6876454977
11,24880,46189,71069,4,0,1,7168,18,777964847
12,45851,200756,246607,2,0,0,3072,10,4231382628
13,89810,53753,143563,2,0,1,91136,10,9584778943
14,122370,36951,159321,2,0,1,50688,10,8020393448
15,128060,243943,372003,5,0,0,23040,19,6840283171
16,160570,76927,237497,4,0,0,512,18,1330845865
17,179850,74672,254522,0,0,0,10752,6,496133246
18,201080,350351,551431,3,0,0,154112,6,8636528334
19,213320,6229,219549,2,0,1,15360,10,6811348948
20,234680,10757,245437,1,0,1,17408,17,1870998790
21,247980,187980,435960,8,0,0,2048,3,9783353478
22,267660,1042,268702,9,0,1,1024,5,5664385814
23,280030,129080,409110,4,0,0,15872,18,6777649032
24,299250,113041,412291,1,0,1,183296,17,4379973141
25,306640,177447,484087,3,0,0,8704,6,7544131234
26,319090,93547,412637,7,0,1,512,6,7051355393
27,333930,95386,429316,2,0,1,63488,10,8493164872
28,376290,102571,478861,8,0,0,512,3,9307527524
29,384110,239358,623468,5,0,0,7168,19,5762772965
30,391220,38660,429880,9,0,1,10752,5,9535543875
31,442950,252206,695156,3,0,0,5120,6,8987912537
32,452290,1994,454284,7,0,1,2048,6,8670781891
33,455010,98376,553386,3,0,0,6144,6,4236868868
34,475820,75634,551454,2,0,1,67584,10,7158995409
35,492360,59109,551469,2,0,1,26624,10,758100322
36,495380,56104,551484,9,0,1,4608,5,5735835836
37,495860,55639,551499,2,0,1,1536,10,7014333541
38,510390,292104,802494,4,0,0,44032,18,2465164419
39,566140,289904,856044,5,0,0,9728,19,4899646092
40,567280,199343,766623,3,0,0,126464,6,9704141649
41,572680,2946,575626,2,0,1,3072,10,6711726752
42,579140,187685,766825,8,0,0,512,3,5890681804
43,583750,1042,584792,7,0,1,1024,6,8428800016
44,612180,168633,780813,8,0,0,512,3,7703893711
45,621230,2763,623993,1,0,1,512,17,8071124101
46,672770,3904,676674,9,0,1,10752,5,5907098071
47,713930,88743,802673,1,0,0,512,17,2514497455
48,726820,39818,766638,7,0,1,6144,6,6105896615
49,733780,35474,769254,1,0,1,2560,17,5834767074
50,740990,80157,821147,1,0,1,87552,17,412580772
51,787920,58470,846390,5,0,0,512,19,4495703738
52,821290,36346,857636,1,0,1,64000,17,7238223444
53,914250,203098,1117348,5,0,0,137728,19,7565106065
54,944620,2946,947566,2,0,1,3072,10,4331589144
55,967940,13600,981540,9,0,1,23040,5,9181454645
56,968470,91272,1059742,1,0,1,138240,17,4386762741
57,992850,68518,1061368,9,0,1,2560,5,9650924628
58,1028600,88771,1117371,1,0,1,72704,17,1993630697
59,1082800,150873,1233673,1,0,0,1536,17,6486905030
60,1152540,352868,1505408,4,0,0,1024,18,5152174035
61,1161150,343931,1505081,0,0,0,74752,6,6440961856
62,1173820,63878,1237698,6,0,1,107520,9,7932548613
63,1184960,96360,1281320,1,0,1,121856,17,2779768675
64,1195410,286523,1481933,1,0,0,1024,17,2260547637
65,1198210,83469,1281679,9,0,1,9728,5,7579238585
66,1205040,139021,1344061,8,0,0,512,3,4025327458
67,1208850,74007,1282857,2,0,1,13824,10,7926507616
68,1208910,74613,1283523,1,0,1,1024,17,5167694951
69,1217010,129055,1346065,4,0,0,2048,18,9538473253
70,1217800,155962,1373762,8,0,0,1024,3,623279648
71,1223100,61089,1284189,4,0,1,1024,18,4023918111
72,1227610,57655,1285265,1,0,1,13312,17,225648077
73,1236350,312280,1548630,4,0,0,14848,18,7535908526
74,1248350,63451,1311801,1,0,1,94208,17,1769145680
75,1256690,60500,1317190,7,0,1,17408,6,9101312289
76,1279980,386458,1666438,4,0,0,12800,18,6318320475
77,1289190,28346,1317536,7,0,1,512,6,9722668563
78,1299640,24309,1323949,1,0,1,22528,17,908194954
79,1324800,1994,1326794,9,0,1,2048,5,2445973162
80,1334580,22862,1357442,1,0,1,40960,17,6829981771
81,1375460,468721,1844181,3,0,0,72704,6,7452926481
82,1392370,5454,1397824,1,0,1,13824,17,4929471089
83,1394310,350277,1744587,0,0,0,34304,6,4595988299
84,1409020,1518,1410538,9,0,1,1536,5,10380751164
85,1429580,13341,1442921,1,0,1,22528,17,7136764553
86,1437180,295956,1733136,0,0,0,30720,6,3274147544
87,1473690,31749,1505439,1,0,1,49152,17,889663891
88,1487090,24137,1511227,8,0,1,6144,3,8193994731
89,1491980,21193,1513173,9,0,1,3072,5,9892383998
90,1516330,238790,1755120,8,0,0,2048,3,5776616662
91,1516580,3422,1520002,4,0,1,3584,18,10727494004
92,1534120,139554,1673674,5,0,0,16384,19,8267818688
93,1562020,399570,1961590,1,0,0,9216,17,614195664
94,1563260,4162,1567422,9,0,1,11264,5,5909996551
95,1576890,1994,1578884,7,0,1,2048,6,1378359878
96,1623430,32987,1656417,1,0,1,57344,17,2117310131
97,1624240,150509,1774749,3,0,0,6144,6,2877348453
98,1638950,20053,1659003,1,0,1,4096,17,3027567588
99,1666030,2394,1668424,9,0,1,2048,5,9859258671
100,1678340,566,1678906,2,0,1,512,10,8387758019
101,1680320,329623,2009943,3,0,0,35840,6,6755862472
102,1731640,369179,2100819,1,0,0,187904,17,3154937197
103,1741640,46051,1787691,1,0,1,73728,17,4103977092
104,1837170,14233,1851403,1,0,1,7680,17,2611680271
105,1879550,242656,2122206,0,0,0,24064,6,8270937782
106,1884340,5712,1890052,2,0,1,14336,10,5308781058
107,1921270,98973,2020243,0,0,0,3584,6,4682314882
108,1940010,6754,1946764,9,0,1,7168,5,2905588934
109,1951290,75452,2026742,4,0,0,13312,18,672321581
110,1958620,3898,1962518,8,0,1,4096,3,404717970
111,1961590,1594,1963184,2,0,1,1024,10,3337982480
112,1981700,7230,1988930,9,0,1,7680,5,3312926144
113,1998030,11928,2009958,9,0,1,2560,5,6891614163
114,2045170,166022,2211192,0,0,0,58880,6,2626055239
115,2100530,4680,2105210,7,0,1,4608,6,4553352996
116,2117330,195481,2312811,3,0,0,96256,6,4311208287
117,2120140,2649,2122789,2,0,1,512,10,632250131
118,2124460,11791,2136251,2,0,1,19456,10,217231313
119,2137190,178459,2315649,5,0,0,9216,19,929634600
120,2156440,79583,2236023,8,0,0,512,3,8934213968
121,2199900,209513,2409413,8,0,0,512,3,9359333308
122,2218820,258546,2477366,0,0,0,109056,6,1263296184
123,2245240,566,2245806,2,0,1,512,10,4866095419
124,2275800,37026,2312826,2,0,1,20992,10,2403119788
125,2338250,150690,2488940,5,0,0,16384,19,7790994742
126,2358030,125903,2483933,1,0,0,21504,17,7573424371
127,2373060,129779,2502839,1,0,0,45568,17,10499910510
128,2397400,105618,2503018,8,0,0,512,3,6865974940
129,2408810,5326,2414136,8,0,1,5632,3,4831303450
130,2423000,116863,2539863,5,0,0,33792,19,986623967
131,2474340,34608,2508948,8,0,1,14848,3,4801411978
132,2527220,12658,2539878,2,0,1,8704,10,10720496784
133,2559450,69596,2629046,5,0,0,9216,19,4351895836
134,2588060,566,2588626,8,0,1,512,3,4461952214
135,2618500,1042,2619542,8,0,1,1024,3,1563573362
136,2636920,43904,2680824,8,0,0,512,3,546304157
137,2700290,115232,2815522,4,0,0,78336,18,1351610624
138,2712290,47288,2759578,5,0,0,1536,19,9156323791
139,2718910,3898,2722808,8,0,1,4096,3,3053701878
140,2796900,77746,2874646,0,0,0,5120,6,5445913192
141,2805280,115458,2920738,4,0,0,40448,18,271414166
142,2805480,69493,2874973,8,0,0,1024,3,9389441371
143,2807860,13958,2821818,2,0,1,15360,10,8465339933
144,2850320,157435,3007755,0,0,0,34816,6,166671813
145,2905430,75320,2980750,1,0,0,17920,17,4182750477
146,2940360,141838,3082198,1,0,0,51200,17,8258774541
147,3038420,102596,3141016,3,0,0,36864,6,10582226521
148,3044460,110455,3154915,0,0,0,45568,6,5068473761
149,3048000,3387,3051387,5,0,1,9728,19,7805894164
150,3065150,260066,3325216,3,0,0,160256,6,8784672403
151,3087571,11533,3099104,5,0,1,18944,19,8029592399
152,3103250,111512,3214762,0,0,0,512,6,9146352791
153,3113920,66012,3179932,8,0,0,1024,3,3651149337
154,3172990,12825,3185815,9,0,1,21504,5,2517962384
155,3184810,145257,3330067,3,0,0,15872,6,8518028756
156,3238230,3898,3242128,9,0,1,4096,5,7316797947
157,3244450,16613,3261063,1,0,1,32256,17,1683360019
158,3244500,85582,3330082,1,0,1,75264,17,2680148916
159,3244810,86067,3330877,5,0,0,2560,19,9378556043
160,3246930,206336,3453266,1,0,0,67072,17,820116240
161,3371840,252316,3624156,4,0,0,22016,18,3536121633
162,3373420,46080,3419500,8,0,0,512,3,6042995096
163,3384180,267068,3651248,1,0,0,31744,17,5913944382
164,3394310,12049,3406359,0,0,1,19968,6,7558110734
165,3413740,6488,3420228,9,0,1,15872,5,8850705128
166,3415900,46629,3462529,8,0,0,512,3,4955056012
167,3426211,2470,3428681,5,0,1,2560,19,233426315
168,3427150,44477,3471627,8,0,0,512,3,5172127170
169,3445040,11346,3456386,4,0,1,9216,18,2702029239
170,3457710,159723,3617433,1,0,0,99840,17,9129949190
171,3461280,4374,3465654,4,0,1,4608,18,9956207399
172,3467090,486507,3953597,5,0,0,6656,19,1968897424
173,3474141,13600,3487741,5,0,1,23040,19,9912537507
174,3481410,260397,3741807,8,0,0,64512,3,845199394
175,3482240,48980,3531220,8,0,0,2048,3,4414749540
176,3486430,1657,3488087,4,0,1,512,18,6565547670
177,3487081,1352,3488433,5,0,1,512,19,1930799037
178,3505360,1042,3506402,2,0,1,1024,10,6753578589
179,3508240,241694,3749934,3,0,0,26624,6,5623341459
180,3508670,146508,3655178,0,0,0,12800,6,3037509282
181,3522060,160778,3682838,1,0,0,13312,17,1880840326
182,3532680,5802,3538482,4,0,1,6144,18,7739655145
183,3574840,344561,3919401,8,0,0,14336,3,10527666597
184,3577310,254617,3831927,0,0,0,40448,6,10172535181
185,3595490,34026,3629516,2,0,1,5632,10,6241078925
186,3602690,33973,3636663,1,0,1,17408,17,4130931434
187,3622320,16609,3638929,4,0,1,3584,18,5117850337
188,3624930,26333,3651263,2,0,1,4608,10,4932349049
189,3638790,36863,3675653,1,0,1,65024,17,2377391981
190,3660040,22813,3682853,2,0,1,19968,10,3035354827
191,3687340,197499,3884839,1,0,0,4096,17,7259786796
192,3688760,341048,4029808,4,0,0,137216,18,6398057924
193,3697290,410331,4107621,5,0,0,65536,19,9941875434
194,3706010,281975,3987985,8,0,0,79360,3,855334869
195,3737380,15033,3752413,4,0,1,2560,18,3188063702
196,3746700,7659,3754359,5,0,1,3072,19,3968772721
197,3791590,566,3792156,9,0,1,512,5,4265441471
198,3795040,292598,4087638,8,0,0,89600,3,9884349637
199,3800140,2470,3802610,2,0,1,2560,10,8741356056
200,3800830,357344,4158174,8,0,0,59392,3,10569755231
201,3812081,566,3812647,5,0,1,512,19,1858328043
202,3820800,209655,4030455,4,0,0,2048,18,1682054801
203,3826540,7398,3833938,7,0,1,2048,6,3542498922
204,3863520,4374,3867894,9,0,1,4608,5,9299775555
205,3882540,5971,3888511,4,0,1,14848,18,9671545641
206,3927600,33245,3960845,1,0,1,57856,17,4348552174
207,3935970,223779,4159749,0,0,0,5120,6,2040059241
208,3953070,8121,3961191,5,0,1,512,19,8760225745
209,3954230,185833,4140063,5,0,0,44544,19,6487195775
210,3986910,350557,4337467,3,0,0,65024,6,1908037331
211,4053610,220873,4274483,1,0,0,83968,17,5352950339
212,4209940,64722,4274662,4,0,0,512,18,10392076816
213,4252670,149579,4402249,1,0,0,49664,17,10251778809
214,4256450,226138,4482588,3,0,0,41984,6,1632263803
215,4270090,5631,4275721,7,0,1,1024,6,6866900372
216,4312210,566,4312776,9,0,1,512,5,3342977824
217,4322700,247673,4570373,0,0,0,57344,6,2320976567
218,4387900,24582,4412482,1,0,1,16384,17,2030864218
219,4403370,126303,4529673,1,0,1,198144,17,4248604239
220,4429470,100562,4530032,9,0,1,9728,5,5575355253
221,4464120,66258,4530378,9,0,1,512,5,2232039521
222,4466270,80378,4546648,1,0,1,53248,17,4700604877
223,4469420,160670,4630090,1,0,0,13312,17,8922626585
224,4507930,39064,4546994,4,0,1,512,18,525983805
225,4512510,37710,4550220,1,0,1,5120,17,2183237350
226,4516920,127356,4644276,5,0,0,10240,19,8781416285
227,4565060,10155,4575215,9,0,1,5120,5,6212074038
228,4577220,3898,4581118,4,0,1,4096,18,4372083553
229,4582440,168716,4751156,8,0,0,18944,3,6158334197
230,4594790,3422,4598212,9,0,1,3584,5,7573950807
231,4600040,15062,4615102,1,0,1,29184,17,480117111
232,4610970,134391,4745361,1,0,0,49152,17,10483462476
233,4615480,14625,4630105,1,0,1,23552,17,8056198270
234,4616010,219370,4835380,5,0,0,65024,19,462652511
235,4657530,207957,4865487,8,0,0,2560,3,8882785027
236,4690200,84189,4774389,4,0,0,1024,18,3268975869
237,4697140,4374,4701514,4,0,1,4608,18,1867188833
238,4711200,262454,4973654,8,0,0,21504,3,6850654070
239,4715270,259959,4975229,5,0,0,5120,19,4211049370
240,4731680,122353,4854033,0,0,0,56832,6,6256224476
241,4755510,133912,4889422,5,0,0,19456,19,7295300469
242,4759100,1042,4760142,1,0,1,1024,17,7725576579
243,4788370,79721,4868091,4,0,0,1024,18,4255304469
244,4797460,6488,4803948,4,0,1,15872,18,4238592090
245,4801000,116676,4917676,3,0,0,10240,6,576696217
246,4815140,75265,4890405,8,0,0,2560,3,3762870814
247,4824580,43867,4868447,1,0,1,54272,17,6830592639
248,4866680,100407,4967087,0,0,0,13824,6,1942382303
249,4890080,176507,5066587,8,0,0,17920,3,7977343616
250,4894920,60380,4955300,1,0,0,9216,17,2321884247
251,4934270,154513,5088783,0,0,0,7168,6,2644984043
252,4990960,6754,4997714,9,0,1,7168,5,10031874372
253,5052070,262664,5314734,1,0,0,113664,17,2492589682
254,5056790,48980,5105770,4,0,0,2048,18,7761514063
255,5120720,246160,5366880,1,0,0,56832,17,9938521928
256,5205540,125685,5331225,3,0,0,15872,6,4364827707
257,5239090,1042,5240132,4,0,1,1024,18,807119532
258,5261600,1042,5262642,9,0,1,1024,5,4317182040
259,5271350,2946,5274296,4,0,1,3072,18,2830080007
260,5329970,147396,5477366,4,0,0,2560,18,8447004570
261,5359520,63100,5422620,3,0,0,4096,6,1690404143
262,5368340,45596,5413936,4,0,0,1024,18,289195262
263,5550940,97448,5648388,0,0,0,19968,6,4498466718
264,5572200,106184,5678384,5,0,0,48640,19,255230696
265,5576800,102075,5678875,8,0,0,1536,3,464906131
266,5612390,48980,5661370,1,0,0,2048,17,969547129
267,5623610,6754,5630364,9,0,1,7168,5,7465635438
268,5658630,125431,5784061,3,0,0,107008,6,3890826391
269,5664440,15461,5679901,9,0,1,1024,5,4062336372
270,5668760,270262,5939022,0,0,0,28160,6,4600739161
271,5682000,120513,5802513,5,0,0,9216,19,6340821546
272,5690690,231952,5922642,3,0,0,105472,6,10466433633
273,5707800,110816,5818616,8,0,0,17408,3,826488826
274,5749990,105716,5855706,3,0,0,47104,6,4215159362
275,5759200,25419,5784619,9,0,1,512,5,4225695862
276,5787080,80915,5867995,4,0,0,1024,18,1492531522
277,5801600,8611,5810211,9,0,1,8192,5,8523480918
278,5840890,14831,5855721,9,0,1,4096,5,3326800273
279,5909480,151637,6061117,1,0,0,512,17,6941778442
280,5937200,5718,5942918,2,0,1,10752,10,7307913215
281,5944150,13770,5957920,6,0,1,26624,9,3138392914
282,6017740,95541,6113281,5,0,0,20480,19,706330102
283,6211990,43904,6255894,4,0,0,512,18,9319438574
284,6232530,46902,6279432,4,0,0,1024,18,2980622841
285,6241040,2470,6243510,3,0,1,2560,6,4102307483
286,6268040,59735,6327775,0,0,0,5120,6,8293542753
287,6289270,172159,6461429,5,0,0,81408,19,2166496656
288,6294180,321135,6615315,8,0,0,96256,3,8238624854
289,6294520,1042,6295562,2,0,1,1024,10,1631238211
290,6335730,82885,6418615,0,0,0,3584,6,5792984408
291,6344570,130756,6475326,4,0,0,1024,18,4009448679
292,6369760,216212,6585972,1,0,0,136192,17,1901756725
293,6429480,4420,6433900,8,0,1,11776,3,8981633449
294,6451670,11269,6462939,2,0,1,1536,10,10445396436
295,6491840,126470,6618310,3,0,0,9728,6,8688575496
296,6498380,13253,6511633,2,0,1,25600,10,5575804854
297,6506950,7909,6514859,2,0,1,5120,10,3253797982
298,6560960,201719,6762679,3,0,0,25600,6,3521524831
299,6564160,58063,6622223,9,0,1,10752,5,9418907158
300,6585830,38235,6624065,8,0,1,2560,3,8248594067
301,6608090,19481,6627571,2,0,1,13312,10,4934890200
302,6682890,84029,6766919,1,0,0,8192,17,797150598
303,6697490,1042,6698532,9,0,1,1024,5,9674518244
304,6730050,164511,6894561,8,0,0,32256,3,5750468266
305,6757860,148754,6906614,3,0,0,21504,6,5833942061
306,6773370,205473,6978843,0,0,0,80896,6,2099915073
307,6790430,3422,6793852,8,0,1,3584,3,9740737837
308,6805500,2946,6808446,9,0,1,3072,5,4624494085
309,6812620,1042,6813662,8,0,1,1024,3,4926770100
310,6847750,159352,7007102,5,0,0,46592,19,8804606255
311,6858120,89174,6947294,3,0,0,1536,6,7538834056
312,6897660,81526,6979186,4,0,0,1024,18,825495514
313,6911890,1994,6913884,9,0,1,2048,5,3958145206
314,6915450,94376,7009826,1,0,0,5120,17,9879257186
315,6961630,119333,7080963,8,0,0,35328,3,1177959598
316,6967960,14131,6982091,2,0,1,3072,10,1891706641
317,6998250,108476,7106726,1,0,0,27136,17,4297460253
318,7008780,189092,7197872,1,0,0,98304,17,2001311123
319,7038720,2946,7041666,9,0,1,3072,5,9843408210
320,7076060,128223,7204283,1,0,0,20992,17,6102331546
321,7131060,566,7131626,8,0,1,512,3,7903107153
322,7131200,109945,7241145,5,0,0,30208,19,8790979813
323,7198520,104631,7303151,0,0,0,29696,6,9784938653
324,7219670,10241,7229911,2,0,1,16384,10,10161473744
325,7222290,8607,7230897,8,0,1,1536,3,2952525406
326,7237700,99811,7337511,3,0,0,20480,6,3705859438
327,7284640,135270,7419910,6,0,1,223232,9,6698676264
328,7330880,213818,7544698,5,0,0,55808,19,478517193
329,7342760,77509,7420269,9,0,1,9728,5,3133079022
330,7358870,62385,7421255,2,0,1,1536,10,8018455933
331,7379420,46661,7426081,8,0,1,7680,3,2128216860
332,7389030,38331,7427361,9,0,1,14336,5,9190367786
333,7392200,204260,7596460,4,0,0,512,18,7300979143
334,7401240,27107,7428347,2,0,1,1536,10,5918038917
335,7415560,375157,7790717,1,0,0,21504,17,6927252699
336,7425760,3573,7429333,2,0,1,1536,10,862080081
337,7437970,82698,7520668,4,0,0,1024,18,8978246540
338,7443730,409770,7853500,0,0,0,30720,6,9147156835
339,7445560,280882,7726442,8,0,0,14336,3,5610302210
340,7463170,198822,7661992,3,0,0,19456,6,5989628278
341,7521260,96971,7618231,0,0,0,20992,6,4904184127
342,7525780,86032,7611812,1,0,0,12288,17,9784191742
343,7528420,211141,7739561,3,0,0,43008,6,9626616182
344,7539350,344073,7883423,3,0,0,97792,6,3763147492
345,7561440,150832,7712272,1,0,0,63488,17,5427213736
346,7566610,31266,7597876,1,0,1,50688,17,7615682546
347,7610450,141403,7751853,5,0,0,1536,19,4129491545
348,7617060,2205,7619265,2,0,1,1024,10,1996362836
349,7679830,1518,7681348,8,0,1,1536,3,2725644844
350,7685100,4374,7689474,8,0,1,4608,3,2844086870
351,7705440,197249,7902689,3,0,0,38912,6,7313115923
352,7737970,148143,7886113,4,0,0,1024,18,6352230358
353,7775470,151028,7926498,8,0,0,22016,3,1884432232
354,7776590,2946,7779536,8,0,1,3072,3,9841152854
355,7798900,86886,7885786,0,0,0,7680,6,3447275613
356,7852870,149018,8001888,8,0,0,41472,3,7764873543
357,7859350,217574,8076924,1,0,0,29184,17,2020358945
358,7936390,102128,8038518,8,0,0,35328,3,8429542374
359,7969231,122897,8092128,2,0,0,28672,10,9296733864
360,7998680,82002,8080682,3,0,0,10240,6,41763722
361,8004630,60354,8064984,8,0,0,5120,3,1595679755
362,8027941,261039,8288980,2,0,0,60928,10,384902171
363,8053320,66573,8119893,4,0,0,512,18,1178699443
364,8060730,46542,8107272,4,0,0,512,18,1030276343
365,8063370,69284,8132654,8,0,0,8192,3,10139611486
366,8064320,12619,8076939,8,0,1,9728,3,7615361935
367,8087540,201611,8289151,1,0,0,512,17,373356741
368,8093461,176940,8270401,2,0,0,60416,10,9845633190
369,8122400,179246,8301646,8,0,0,40960,3,4760332327
370,8124240,197389,8321629,5,0,0,65536,19,3933829552
371,8230940,104944,8335884,0,0,0,15360,6,5772441989
372,8235250,145502,8380752,8,0,0,4096,3,233569537
373,8250110,126016,8376126,0,0,0,40448,6,10267071937
374,8323100,75334,8398434,4,0,0,512,18,670445019
375,8331481,105737,8437218,2,0,0,16896,10,2216811758
376,8362370,43904,8406274,4,0,0,512,18,1387906609
377,8386140,142512,8528652,8,0,0,83968,3,7603594441
378,8388331,175325,8563656,2,0,0,47616,10,4760300002
379,8458280,143038,8601318,5,0,0,13824,19,2345057752
380,8500300,173907,8674207,0,0,0,15360,6,5007232435
381,8509510,140306,8649816,8,0,0,30720,3,6141430057
382,8513391,113038,8626429,2,0,0,20992,10,6538086583
383,8603671,128268,8731939,2,0,0,43520,10,4673118873
384,8611260,101700,8712960,0,0,0,18944,6,7777845780
385,8612390,146986,8759376,8,0,0,25088,3,562698976
386,8679830,265926,8945756,0,0,0,66048,6,9003603094
387,8684720,79660,8764380,1,0,0,11264,17,9036359076
388,8689021,81947,8770968,2,0,0,7680,10,3754304661
389,8704330,27624,8731954,6,0,1,47616,9,1763884119
390,8740960,169952,8910912,8,0,0,61440,3,3577604063
391,8755761,193598,8949359,2,0,0,11776,10,10273545263
392,8798580,120419,8918999,3,0,0,20480,6,6163013776
393,8820370,147368,8967738,1,0,0,19968,17,8256399834
394,8870680,262200,9132880,1,0,0,134656,17,6632932159
395,8903470,239261,9142731,1,0,0,32256,17,9311554260
396,8940100,78688,9018788,3,0,0,1024,6,3050310271
397,8975360,11533,8986893,2,0,1,18944,10,5628657550
398,8979610,8589,8988199,8,0,1,2048,3,4540669381
399,8989080,157886,9146966,3,0,0,13824,6,488049362
400,9004610,1042,9005652,2,0,1,1024,10,709661588
401,9007100,70027,9077127,4,0,0,1024,18,9511712543
402,9008870,5802,9014672,8,0,1,6144,3,1642341050
403,9037880,3898,9041778,8,0,1,4096,3,580640024
404,9096040,108900,9204940,5,0,0,12288,19,2108501336
405,9137950,109397,9247347,1,0,0,43520,17,4029787400
406,9150500,104038,9254538,3,0,0,23552,6,7781669599
407,9172540,145830,9318370,1,0,0,28160,17,9158278926
408,9184630,4162,9188792,8,0,1,11264,3,3038773602
409,9191040,105130,9296170,5,0,0,10752,19,8012565220
410,9244820,110434,9355254,5,0,0,30720,19,2196798297
411,9290600,380705,9671305,5,0,0,342528,19,10656303079
412,9293000,258262,9551262,5,0,0,51712,19,657206639
413,9301300,262632,9563932,5,0,0,29184,19,3008203775
414,9314781,251818,9566599,2,0,0,8704,10,476614119
415,9363040,1042,9364082,4,0,1,1024,18,7250363535
416,9367680,311128,9678808,8,0,0,24576,3,6874388162
417,9388660,302487,9691147,8,0,0,40448,3,2248167699
418,9438550,128376,9566926,4,0,0,1024,18,1646612359
419,9444900,2946,9447846,2,0,1,3072,10,6967520531
420,9451070,7230,9458300,2,0,1,7680,10,5975343838
421,9597300,223244,9820544,0,0,0,94720,6,7510757210
422,9653360,193907,9847267,5,0,0,20992,19,4190850062
423,9666831,169032,9835863,2,0,0,50176,10,8309116657
424,9699890,251857,9951747,1,0,0,27648,17,2920850748
425,9700320,237289,9937609,3,0,0,84480,6,1464100308
426,9704640,176023,9880663,3,0,0,34816,6,388887385
427,9710120,3422,9713542,8,0,1,3584,3,9992844660
428,9782911,178471,9961382,2,0,0,4096,10,7166440647
429,9790440,74361,9864801,4,0,0,512,18,7358944688
430,9792231,212204,10004435,2,0,0,9216,10,711056871
431,9804690,133878,9938568,4,0,0,3072,18,8663387766
432,9826191,175421,10001612,2,0,0,55296,10,1557950903
433,9834000,2922,9836922,2,0,1,1024,10,875516189
434,9884050,566,9884616,8,0,1,512,3,7684063500
435,9894400,4162,9898562,8,0,1,11264,3,6752893708
436,9903950,178601,10082551,3,0,0,17408,6,5014409170
437,9927450,98971,10026421,3,0,0,10752,6,1039467490
438,9942321,110266,10052587,2,0,0,14848,10,8259631524
439,9944480,123048,10067528,0,0,0,12288,6,973101888
440,9949940,2390,9952330,2,0,1,512,10,10201421409
441,10014390,167927,10182317,1,0,0,121856,17,2489587095
442,10054490,4850,10059340,8,0,1,5120,3,404267742
443,10079230,194162,10273392,8,0,0,100864,3,647425018
444,10090780,11533,10102313,2,0,1,18944,10,3244878924
445,10103890,10757,10114647,2,0,1,17408,10,5687395879
446,10118970,174888,10293858,8,0,0,66048,3,5281380218
447,10153480,239459,10392939,1,0,0,14848,17,769377108
448,10194250,242111,10436361,5,0,0,30208,19,8199598142
449,10196230,113873,10310103,5,0,0,8704,19,5033422993
450,10212771,94665,10307436,2,0,0,4608,10,8074168882
451,10214530,59189,10273719,4,0,0,1024,18,2472742131
452,10231600,330097,10561697,1,0,0,48640,17,8876848138
453,10329121,336662,10665783,2,0,0,94208,10,218642483
454,10336670,210184,10546854,4,0,0,512,18,3281608061
455,10346690,199807,10546497,1,0,0,129536,17,1858891540
456,10351210,123918,10475128,3,0,0,4608,6,9471814883
457,10396440,150243,10546683,4,0,0,512,18,5504640765
458,10473130,12737,10485867,3,0,1,24576,6,1950773898
459,10483510,3663,10487173,7,0,1,2048,6,6083936693
460,10484810,4629,10489439,3,0,1,3584,6,9323300362
461,10503670,42842,10546512,8,0,1,5120,3,9714520763
462,10535050,140732,10675782,3,0,0,32768,6,5966612166
463,10620140,111103,10731243,5,0,0,19456,19,7782055381
464,10654650,22233,10676883,2,0,1,1024,10,10664045771
465,10659030,60673,10719703,4,0,0,512,18,4859677311
466,10661820,17279,10679099,8,0,1,3072,3,9828362888
467,10674020,99209,10773229,4,0,0,512,18,2321676458
468,10681760,121963,10803723,1,0,0,33280,17,10248532971
469,10691470,46650,10738120,4,0,0,512,18,5224515456
470,10727250,64809,10792059,0,0,0,5632,6,2163307818
471,10769510,100718,10870228,3,0,0,24064,6,3319988207
472,10899950,45596,10945546,4,0,0,1024,18,6951465494
473,10904130,1518,10905648,3,0,1,1536,6,7978613134
474,10967760,10757,10978517,3,0,1,17408,6,7906020494
475,10998201,106808,11105009,2,0,0,50688,10,317268929
476,11011690,134455,11146145,3,0,0,44544,6,6566349313
477,11050760,13858,11064618,2,0,1,23552,10,868366653
478,11104050,1993,11106043,2,0,1,1024,10,4467950271
479,11107540,566,11108106,8,0,1,512,3,1415884759
480,11139830,170751,11310581,4,0,0,512,18,4074705566
481,11214460,73910,11288370,4,0,0,2048,18,9194665148
482,11225180,566,11225746,2,0,1,512,10,7040482486
483,11272250,4850,11277100,2,0,1,5120,10,6327651524
484,11318890,110084,11428974,3,0,0,61440,6,7620022590
485,11331360,1518,11332878,8,0,1,1536,3,431906128
486,11348560,1518,11350078,2,0,1,1536,10,6970906076
487,11351210,3898,11355108,3,0,1,4096,6,6858525852
488,11367970,5196,11373166,3,0,1,13312,6,98062369
489,11380620,5326,11385946,5,0,1,5632,19,4025278192
490,11388730,2470,11391200,8,0,1,2560,3,3175364654
491,11398931,89770,11488701,2,0,0,5120,10,7118281049
492,11446230,43904,11490134,4,0,0,512,18,9084688446
493,11455880,4374,11460254,8,0,1,4608,3,9606439800
494,11468690,95288,11563978,0,0,0,7680,6,6830326898
495,11482190,57378,11539568,4,0,0,1024,18,5184999870
496,11491780,6754,11498534,5,0,1,7168,19,5405610291
497,11517610,6488,11524098,3,0,1,15872,6,4143504792
498,11548430,2470,11550900,8,0,1,2560,3,9377770389
499,11551331,79460,11630791,2,0,0,16384,10,3961314676
500,11558340,1994,11560334,3,0,1,2048,6,5085029500
501,11559310,199917,11759227,0,0,0,138240,6,4395463207
502,11580800,126515,11707315,1,0,0,8192,17,7921149008
503,11635950,566,11636516,3,0,1,512,6,3738283406
504,11659540,2870,11662410,5,0,1,8704,19,540755829
505,11665800,98473,11764273,0,0,0,15872,6,9728231486
506,11668600,160874,11829474,0,0,0,85504,6,6165193138
507,11675430,83976,11759406,4,0,0,512,18,2271405723
508,11679650,152335,11831985,0,0,0,8192,6,2791071690
509,11696360,137044,11833404,1,0,0,4608,17,6862866961
510,11729530,36245,11765775,3,0,1,1536,6,8891693157
511,11744290,24333,11768623,8,0,1,4096,3,3113999102
512,11745610,25279,11770889,8,0,1,3584,3,3273764420
513,11758990,168427,11927417,3,0,0,15872,6,8383420274
514,11766320,9715,11776035,1,0,1,8192,17,1785143598
515,11816410,166730,11983140,5,0,0,17408,19,720438576
516,11825350,96241,11921591,0,0,0,11264,6,5554954763
517,11833620,4937,11838557,3,0,1,12800,6,10397673992
518,11841950,6278,11848228,7,0,1,6656,6,4475745224
519,11885360,1042,11886402,3,0,1,1024,6,3575947395
520,11898480,3898,11902378,5,0,1,4096,19,3874144967
521,11901750,107885,12009635,4,0,0,512,18,5222950778
522,11936290,127868,12064158,0,0,0,26112,6,3824469954
523,11949550,4374,11953924,5,0,1,4608,19,7768240024
524,11950991,4559,11955550,5,0,1,2560,19,6179466402
525,11967160,179096,12146256,3,0,0,67584,6,7161987509
526,11978500,5198,11983698,3,0,1,512,6,5714159475
527,11984190,108318,12092508,1,0,0,37376,17,687786813
528,12007060,116157,12123217,4,0,0,512,18,6467925272
529,12060120,153016,12213136,0,0,0,34304,6,4164950510
530,12065910,1994,12067904,8,0,1,2048,3,6987374086
531,12091140,55911,12147051,1,0,0,2560,17,5974203136
532,12167630,99164,12266794,1,0,0,25600,17,3697850430
533,12188510,3422,12191932,5,0,1,3584,19,9519887326
534,12199000,566,12199566,7,0,1,512,6,7729193037
535,12228310,10241,12238551,7,0,1,16384,6,544159158
536,12248100,2946,12251046,3,0,1,3072,6,10392036804
537,12250450,3422,12253872,8,0,1,3584,3,9823188068
538,12265070,190724,12455794,5,0,0,33280,19,7656498125
539,12285140,566,12285706,5,0,1,512,19,5007345879
540,12305470,66353,12371823,3,0,0,5120,6,10201695087
541,12319840,3387,12323227,5,0,1,9728,19,9349934692
542,12329440,110615,12440055,1,0,0,12288,17,2261399772
543,12361060,43904,12404964,4,0,0,512,18,1116808253
544,12373880,144913,12518793,3,0,0,57856,6,3949972619
545,12391240,109536,12500776,0,0,0,10752,6,8136270236
546,12393650,107221,12500871,0,0,1,178688,6,6848431991
547,12398120,120688,12518808,8,0,1,512,3,6897315392
548,12399450,119373,12518823,5,0,1,2048,19,4415914369
549,12403240,115598,12518838,3,0,1,5632,6,8947844978
550,12404620,375746,12780366,1,0,0,196096,17,4850261344
551,12416150,201437,12617587,3,0,0,8192,6,6511204618
552,12441750,268424,12710174,5,0,0,18944,19,1265311809
553,12468040,50813,12518853,3,0,1,3584,6,10495459260
554,12484100,488900,12973000,0,0,0,52224,6,1482521802
555,12500150,372340,12872490,0,0,0,42496,6,4333991561
556,12518210,5485,12523695,3,0,1,5120,6,855392869
557,12525730,5326,12531056,5,0,1,5632,19,9926587924
558,12536680,566,12537246,5,0,1,512,19,5579202379
559,12541360,1994,12543354,5,0,1,2048,19,10614695493
560,12602070,204702,12806772,0,0,0,54784,6,9267205767
561,12627820,2470,12630290,7,0,1,2560,6,3096136394
562,12660530,566,12661096,5,0,1,512,19,7205448281
563,12714090,127333,12841423,1,0,0,35840,17,7285014604
564,12719120,226905,12946025,3,0,0,94720,6,3198022830
565,12786060,20735,12806795,3,0,1,7168,6,9191819741
566,12787910,18900,12806810,8,0,1,6656,3,2901843065
567,12789440,122391,12911831,1,0,0,3072,17,7541493728
568,12806630,5977,12812607,8,0,1,6144,3,5623403563
569,12808550,148523,12957073,3,0,0,26112,6,3009030191
570,12852031,182047,13034078,2,0,0,9216,10,10165083837
571,12915590,30458,12946048,3,0,1,3072,6,676503749
572,12918280,85498,13003778,4,0,0,512,18,4303722691
573,12938270,109128,13047398,3,0,0,32768,6,6103132038
574,12960260,16171,12976431,7,0,1,3584,6,4336945447
575,12965500,178904,13144404,1,0,0,48128,17,6351703675
576,12987600,42424,13030024,6,0,1,69120,9,3738181905
577,13005790,28303,13034093,7,0,1,5632,6,251847584
578,13015010,19226,13034236,5,0,1,1024,19,5730021218
579,13024730,9852,13034582,5,0,1,512,19,8615922209
580,13039730,8226,13047956,5,0,1,512,19,5334932701
581,13055430,1994,13057424,3,0,1,2048,6,8511869654
582,13055710,4555,13060265,7,0,1,11264,6,1229962297
583,13056410,65690,13122100,0,0,0,6144,6,1900260416
584,13082520,224597,13307117,3,0,0,41984,6,3874836681
585,13156630,3128,13159758,2,0,1,9216,10,6346700431
586,13187120,107190,13294310,5,0,0,41472,19,1869825394
587,13200300,51774,13252074,6,0,1,83968,9,8833356760
588,13205650,49650,13255300,3,0,1,5120,6,3895497398
589,13238590,17171,13255761,9,0,1,10240,5,4922450648
590,13243911,318721,13562632,2,0,0,39936,10,6749788944
591,13277300,1518,13278818,3,0,1,1536,6,8612691218
592,13279650,149554,13429204,1,0,0,13312,17,2149254144
593,13296940,13115,13310055,7,0,1,3072,6,3138773505
594,13333040,303307,13636347,1,0,0,62976,17,570628241
595,13334710,315551,13650261,1,0,0,44032,17,5553130079
596,13343220,2470,13345690,7,0,1,2560,6,6838440745
597,13361230,162493,13523723,0,0,0,12288,6,6686459152
598,13362080,566,13362646,7,0,1,512,6,9349459338
599,13362570,134429,13496999,0,0,0,6656,6,4570233092
600,13367540,149736,13517276,5,0,0,53760,19,2811461731
601,13392810,206492,13599302,0,0,0,14336,6,6028290522
602,13408070,228760,13636830,4,0,0,1536,18,7161597051
603,13422010,2870,13424880,3,0,1,8704,6,7794146075
604,13423891,244793,13668684,2,0,0,60416,10,10230059112
605,13451110,217909,13669019,4,0,0,1024,18,1100192419
606,13484140,235744,13719884,3,0,0,40960,6,1531501763
607,13489020,566,13489586,7,0,1,512,6,10478915720
608,13505290,57357,13562647,1,0,1,69632,17,1428687740
609,13524710,37960,13562670,3,0,1,3584,6,6576331988
610,13561390,437832,13999222,0,0,0,46080,6,2766999744
611,13570520,98514,13669034,6,0,1,96768,9,267988114
612,13580380,88669,13669049,7,0,1,2048,6,10213932587
613,13604870,64194,13669064,0,0,1,12800,6,10248009611
614,13611020,58067,13669087,7,0,1,1536,6,2577348491
615,13619960,102751,13722711,1,0,0,2560,17,5269722709
616,13629840,151273,13781113,1,0,1,181248,17,4890565316
617,13634820,147919,13782739,3,0,1,2560,6,707920650
618,13636680,189090,13825770,1,0,0,35840,17,208770533
619,13674640,449831,14124471,5,0,0,89088,19,712967193
620,13678400,115271,13793671,1,0,1,44032,17,4931363033
621,13687310,108627,13795937,3,0,1,3584,6,4005180528
622,13774840,492824,14267664,5,0,0,11776,19,7182980365
623,13804260,457282,14261542,3,0,0,246272,6,9790255277
624,13822370,271693,14094063,4,0,0,2048,18,7194206988
625,13825260,4947,13830207,1,0,1,11776,17,4735765742
626,13872041,269068,14141109,2,0,0,26624,10,5003206965
627,13874320,250790,14125110,3,0,0,2048,6,4818968042
628,13897960,51774,13949734,6,0,1,83968,9,7419217465
629,13908620,62107,13970727,6,0,1,67584,9,1987173904
630,13929200,367100,14296300,0,0,0,51712,6,5826763474
631,13931351,221950,14153301,2,0,0,6144,10,1236208685
632,13975100,355784,14330884,3,0,0,24064,6,8764409289
633,14018500,245561,14264061,1,0,0,8192,17,5734618590
634,14132840,167575,14300415,3,0,0,7168,6,1417761417
635,14200010,108279,14308289,6,0,1,65536,9,3320809049
636,14229800,84083,14313883,2,0,1,26624,10,4881751736
637,14260790,53439,14314229,3,0,1,512,6,966660782
638,14265790,65117,14330907,6,0,1,40448,9,4604867661
639,14276360,65583,14341943,6,0,1,51200,9,1335546668
640,14313230,306726,14619956,5,0,0,50688,19,2458817390
641,14334090,166392,14500482,0,0,0,13824,6,8495246668
642,14334580,123461,14458041,0,0,0,18944,6,2403837436
643,14334590,7609,14342199,6,0,1,9216,9,4842171320
644,14444640,2470,14447110,3,0,1,2560,6,4477184241
645,14541921,143105,14685026,2,0,0,31232,10,3046033229
646,14579710,80678,14660388,3,0,0,4096,6,9043216349
647,14598830,2946,14601776,1,0,1,3072,17,6481824581
648,14602480,17491,14619971,3,0,1,3072,6,827743587
649,14612820,88739,14701559,5,0,0,13312,19,8337880581
650,14619891,121731,14741622,2,0,0,57856,10,5224632712
651,14624630,1042,14625672,3,0,1,1024,6,3701071904
652,14642380,213681,14856061,1,0,0,60416,17,10444521978
653,14653810,124772,14778582,4,0,0,512,18,5769532611
654,14662710,170280,14832990,3,0,0,37888,6,1068906254
655,14670431,146053,14816484,2,0,0,17920,10,2102569892
656,14675700,14514,14690214,9,0,1,13312,5,6661972560
657,14687660,67540,14755200,4,0,0,512,18,6386200970
658,14792060,566,14792626,3,0,1,512,6,4620144602
659,14818240,15062,14833302,1,0,1,29184,17,7558813355
660,14821750,34326,14856076,9,0,1,8192,5,5985963219
661,14911330,87472,14998802,4,0,0,2560,18,7406537192
662,14913330,47288,14960618,4,0,0,1536,18,2218025050
663,14917410,155210,15072620,1,0,0,47104,17,4391639196
664,14924371,108058,15032429,2,0,0,40960,10,9008588034
665,14926350,2946,14929296,8,0,1,3072,3,5977538979
666,14934990,3898,14938888,8,0,1,4096,3,1242430240
667,14940450,50672,14991122,4,0,0,2560,18,2823772901
668,14991530,3645,14995175,2,0,1,10240,10,5722812459
669,14999560,207565,15207125,0,0,0,47104,6,10369083473
670,15001350,206578,15207928,4,0,0,2560,18,7089420900
671,15004320,7230,15011550,2,0,1,7680,10,8114241924
672,15009060,237347,15246407,5,0,0,18432,19,4979763271
673,15014360,23466,15037826,1,0,1,38912,17,357175352
674,15015160,24292,15039452,9,0,1,2560,5,10266450598
675,15020680,247669,15268349,4,0,0,512,18,2627971205
676,15024990,62345,15087335,4,0,0,1024,18,9032047565
677,15034040,122007,15156047,5,0,0,36864,19,4239955083
678,15055750,16885,15072635,2,0,1,11776,10,4572267852
679,15064620,12169,15076789,1,0,1,11264,17,10705261770
680,15076070,173628,15249698,5,0,0,10752,19,2728566952
681,15098460,73487,15171947,1,0,1,122880,17,7743249550
682,15116480,60293,15176773,2,0,1,7680,10,2911115329
683,15126860,81083,15207943,6,0,1,74240,9,1699951549
684,15153600,55303,15208903,1,0,1,46592,17,7374233458
685,15158940,52549,15211489,9,0,1,4096,5,10070091937
686,15160890,350543,15511433,0,0,0,71680,6,1943522486
687,15168740,47255,15215995,9,0,1,7168,5,10687049312
688,15179690,217244,15396934,0,0,0,10752,6,2853613258
689,15179700,364090,15543790,3,0,0,78848,6,640715472
690,15194381,278884,15473265,2,0,0,3584,10,4842706801
691,15201470,14871,15216341,9,0,1,512,5,7991404238
692,15216740,173611,15390351,4,0,0,1024,18,9523523709
693,15225330,566,15225896,2,0,1,512,10,4289036954
694,15227730,22691,15250421,1,0,1,37376,17,5939750968
695,15231371,192163,15423534,2,0,0,17408,10,6778512350
696,15260720,3422,15264142,2,0,1,3584,10,6383195615
697,15329991,249597,15579588,2,0,0,2560,10,618633588
698,15335640,566,15336206,2,0,1,512,10,2521467112
699,15379980,93825,15473805,6,0,1,152576,9,3190283138
700,15416090,263551,15679641,1,0,0,97792,17,9829726994
701,15416460,233370,15649830,3,0,0,70656,6,1872512233
702,15431220,322926,15754146,5,0,0,93184,19,3766006395
703,15443020,281348,15724368,1,0,0,14848,17,9946947489
704,15490320,21688,15512008,2,0,1,512,10,3189690960
705,15490660,218524,15709184,0,0,0,12288,6,5952686809
706,15527331,228078,15755409,2,0,0,4096,10,6324239301
707,15559650,566,15560216,2,0,1,512,10,10414226947
708,15572781,183735,15756516,2,0,0,3584,10,2544432556
709,15596331,165660,15761991,2,0,0,17920,10,6057276253
710,15677300,33599,15710899,6,0,1,50688,9,1020410817
711,15774650,174860,15949510,5,0,0,43008,19,1313277956
712,15886201,205791,16091992,2,0,0,121344,10,9796703919
713,15893860,150173,16044033,5,0,0,56832,19,9047048680
714,15911470,241092,16152562,3,0,0,92160,6,6997878430
715,15913380,95538,16008918,4,0,0,1024,18,7451266497
716,15996881,97934,16094815,2,0,0,9216,10,471596907
717,16011090,32958,16044048,6,0,1,35328,9,5788835315
718,16054001,99356,16153357,2,0,0,2560,10,3747631715
719,16066930,213394,16280324,4,0,0,512,18,5384625714
720,16092530,22926,16115456,6,0,1,33280,9,3816802630
721,16099720,252796,16352516,1,0,0,30720,17,5195139621
722,16106260,65425,16171685,1,0,0,3584,17,5915127683
723,16107940,10422,16118362,2,0,1,4608,10,6401805331
724,16149550,47703,16197253,4,0,0,512,18,2013403731
725,16150980,5522,16156502,2,0,1,9216,10,7077774816
726,16155180,46488,16201668,6,0,1,78336,9,5646606441
727,16161900,116032,16277932,3,0,0,20992,6,7542472856
728,16178630,242870,16421500,4,0,0,1536,18,4216720487
729,16178690,47744,16226434,6,0,1,79872,9,2189910640
730,16183230,118349,16301579,4,0,0,512,18,5468998593
731,16204430,51475,16255905,6,0,1,82944,9,5925852720
732,16206230,268237,16474467,3,0,0,65536,6,4516711864
733,16216580,39684,16256264,0,0,1,9728,6,3498334803
734,16227230,30519,16257749,0,0,1,15360,6,8686881519
735,16277490,3304,16280794,2,0,1,8704,10,4308108952
736,16299560,264435,16563995,3,0,0,15872,6,8993014902
737,16313570,241310,16554880,0,0,0,41472,6,1760464367
738,16375300,10757,16386057,0,0,1,17408,6,312684030
739,16415740,71132,16486872,1,0,0,9216,17,2417263166
740,16434150,143621,16577771,5,0,0,5632,19,4718083987
741,16448090,26392,16474482,6,0,1,20992,9,10241242921
742,16471850,264773,16736623,3,0,0,50176,6,10548141820
743,16528750,91153,16619903,4,0,0,512,18,2038864353
744,16548230,15780,16564010,2,0,1,12288,10,4358905364
745,16598360,32558,16630918,6,0,1,53248,9,8457163499
746,16626860,5364,16632224,2,0,1,2048,10,973073844
747,16667130,206884,16874014,5,0,0,49152,19,8417736079
748,16742231,116792,16859023,2,0,0,83456,10,1155211481
749,16747580,6754,16754334,6,0,1,7168,9,6490538995
750,16865700,188698,17054398,5,0,0,151040,19,2751607540
751,16885140,176917,17062057,0,0,0,25088,6,8064292204
752,16901280,162508,17063788,0,0,0,5632,6,4836461551
753,16943630,6229,16949859,6,0,1,15360,9,1795489682
754,16957900,156978,17114878,0,0,0,29696,6,7440408196
755,16961260,4374,16965634,5,0,1,4608,19,1362769264
756,16988760,566,16989326,8,0,1,512,3,6327656322
757,17026700,88349,17115049,4,0,0,512,18,4890869020
758,17044900,50988,17095888,6,0,1,52224,9,3953588270
759,17047790,53244,17101034,2,0,1,8192,10,3527837073
760,17055340,60036,17115376,4,0,0,1024,18,1092159227
761,17130260,159406,17289666,0,0,0,113664,6,949233982
762,17148180,193476,17341656,1,0,0,56320,17,2037085759
763,17162270,141651,17303921,5,0,0,20480,19,5820117455
764,17224260,221728,17445988,0,0,0,13824,6,2042332787
765,17227370,185040,17412410,1,0,0,40448,17,5991492851
766,17237560,566,17238126,3,0,1,512,6,1620059273
767,17244210,217907,17462117,3,0,0,20992,6,4709076279
768,17245150,196603,17441753,0,0,0,96256,6,8050563192
769,17245880,566,17246446,3,0,1,512,6,2978415201
770,17267701,208010,17475711,2,0,0,40448,10,10165817754
771,17270280,22366,17292646,3,0,1,3072,6,10600410351
772,17279450,83895,17363345,4,0,0,1536,18,10041077330
773,17307980,33691,17341671,6,0,1,53248,9,8674076360
774,17428830,19587,17448417,2,0,1,2560,10,608382620
775,17445720,4168,17449888,6,0,1,9216,9,3635706028
776,17468480,178142,17646622,3,0,0,72192,6,9592098925
777,17471520,10713,17482233,6,0,1,15872,9,10338644918
778,17473170,9409,17482579,2,0,1,512,10,1766368794
779,17559160,50672,17609832,4,0,0,2560,18,2444445541
780,17578510,89964,17668474,4,0,0,512,18,2741425015
781,17617760,103688,17721448,3,0,0,40448,6,2893277566
782,17684500,48980,17733480,4,0,0,2048,18,990567384
783,17723130,81128,17804258,5,0,0,11776,19,7104625125
784,17734630,1994,17736624,5,0,1,2048,19,3007505379
785,17752971,45596,17798567,2,0,0,1024,10,3539773891
786,17803110,118868,17921978,5,0,0,86528,19,1984208084
787,17827880,1042,17828922,8,0,1,1024,3,1986533502
788,17841330,4374,17845704,6,0,1,4608,9,7848938437
789,17856290,7230,17863520,8,0,1,7680,3,3093548985
790,17915490,52076,17967566,4,0,0,1024,18,5825068353
791,17963510,22950,17986460,0,0,1,37888,6,6752866323
792,17964250,28009,17992259,6,0,1,19456,9,1932693527
793,17979830,12890,17992720,8,0,1,10240,3,6309862875
794,17981830,148773,18130603,0,0,0,48128,6,1731426281
795,17998361,133817,18132178,2,0,0,5120,10,10267665651
796,18000350,382006,18382356,0,0,0,53760,6,10099576397
797,18041340,172404,18213744,3,0,0,77312,6,4650599474
798,18059780,26738,18086518,6,0,1,48640,9,3899366938
799,18079150,254027,18333177,3,0,0,37888,6,3420099322
800,18084120,2744,18086864,8,0,1,512,3,1607542430
801,18129781,234158,18363939,2,0,0,6656,10,4038549548
802,18153660,2470,18156130,8,0,1,2560,3,2079169049
803,18156190,57569,18213759,0,0,1,75264,6,4118103993
804,18321520,122114,18443634,3,0,0,59392,6,8055664561
805,18346430,146344,18492774,0,0,0,29184,6,927148725
806,18355940,1042,18356982,8,0,1,1024,3,371140739
807,18378020,243076,18621096,0,0,0,84480,6,4308588544
808,18389370,3128,18392498,8,0,1,9216,3,4093293939
809,18444800,218728,18663528,1,0,0,27136,17,7101982260
810,18450400,128883,18579283,0,0,0,56832,6,6380845867
811,18450750,12308,18463058,8,0,1,20480,3,1179458817
812,18459430,285212,18744642,5,0,0,55296,19,3682985452
813,18526470,4937,18531407,6,0,1,12800,9,8547745712
814,18547800,145194,18692994,3,0,0,47104,6,7706794736
815,18598520,76575,18675095,4,0,0,512,18,4506243428
816,18603940,151905,18755845,4,0,0,1024,18,7347336334
817,18612740,34102,18646842,1,0,1,46592,17,5118499784
818,18654840,8711,18663551,6,0,1,12288,9,10566560649
819,18657220,39891,18697111,0,0,1,55296,6,305472992
820,18678770,177359,18856129,0,0,0,30720,6,8575377166
821,18680211,296548,18976759,2,0,0,14848,10,5276274351
822,18753520,198715,18952235,1,0,0,13824,17,5815170186
823,18797210,23120,18820330,0,0,1,41472,6,5238716339
824,18801260,110607,18911867,1,0,0,34816,17,7953221192
825,18818320,174678,18992998,1,0,0,53248,17,4976085148
826,18859500,140845,19000345,0,0,0,24064,6,5132344901
827,18860620,177036,19037656,0,0,0,3072,6,9373325852
828,18873820,4850,18878670,5,0,1,5120,19,5265432037
829,18920560,1994,18922554,9,0,1,2048,5,3985418552
830,18927230,147281,19074511,4,0,0,1024,18,2428194808
831,18930391,1518,18931909,5,0,1,1536,19,9939028784
832,18935160,231277,19166437,5,0,0,8192,19,4199635969
833,18940230,3387,18943617,8,0,1,9728,3,3776384695
834,18947911,4347,18952258,5,0,1,1024,19,214509567
835,18948881,5816,18954697,5,0,1,2560,19,1543447271
836,18988280,166613,19154893,0,0,0,36864,6,3236261844
837,19015230,2470,19017700,8,0,1,2560,3,2056585772
838,19017900,248936,19266836,1,0,0,69120,17,946756949
839,19020680,73292,19093972,1,0,0,11264,17,8358555992
840,19035541,2870,19038411,5,0,1,8704,19,1535559880
841,19105260,126271,19231531,3,0,0,60416,6,377265816
842,19114600,3898,19118498,0,0,1,4096,6,5567807984
843,19116981,2183,19119164,5,0,1,1024,19,329098371
844,19121220,6278,19127498,9,0,1,6656,5,6853298243
845,19156860,213489,19370349,0,0,0,19968,6,5530668857
846,19193080,103624,19296704,1,0,0,3584,17,25068584
847,19196230,70941,19267171,0,0,0,1024,6,7131322818
848,19225481,182678,19408159,2,0,0,26112,10,2839147489
849,19239260,1518,19240778,8,0,1,1536,3,3807239422
850,19254470,16564,19271034,8,0,1,10752,3,5448558796
851,19271510,1518,19273028,9,0,1,1536,5,1655583809
852,19312790,76705,19389495,4,0,0,1024,18,9392868549
853,19317821,3422,19321243,5,0,1,3584,19,458416679
854,19328270,2946,19331216,9,0,1,3072,5,3626317740
855,19362960,192286,19555246,0,0,0,25088,6,2303871299
856,19378260,5802,19384062,4,0,1,6144,18,1764670392
857,19393640,64208,19457848,3,0,0,6656,6,528118835
858,19404211,235005,19639216,2,0,0,72704,10,286606882
859,19489350,1518,19490868,9,0,1,1536,5,4664072728
860,19509701,5326,19515027,5,0,1,5632,19,7304085205
861,19537050,3904,19540954,8,0,1,10752,3,7504381450
862,19543781,103096,19646877,2,0,0,1536,10,5003249462
863,19547060,8201,19555261,8,0,1,5120,3,10561580471
864,19560630,104156,19664786,5,0,0,41984,19,5369478355
865,19565350,7706,19573056,8,0,1,8192,3,7914952873
866,19639400,1994,19641394,4,0,1,2048,18,9380848668
867,19659130,7166,19666296,8,0,1,1536,3,6535403406
868,19666290,163341,19829631,0,0,0,7680,6,9184560921
869,19670991,119806,19790797,2,0,0,34304,10,4529152714
870,19684880,66775,19751655,4,0,0,1024,18,8073303548
871,19686561,124860,19811421,2,0,0,29696,10,6970509321
872,19693440,5196,19698636,4,0,1,13312,18,7987565698
873,19706140,136823,19842963,4,0,0,1024,18,3050000864
874,19770101,72442,19842543,2,0,0,9728,10,1226801136
875,19788370,116138,19904508,3,0,0,50176,6,8405844794
876,19800330,566,19800896,8,0,1,512,3,7833714882
877,19808931,9729,19818660,5,0,1,7680,19,8994354000
878,19811351,7975,19819326,5,0,1,1024,19,1342178910
879,19822930,184241,20007171,5,0,0,74240,19,130242414
880,19825261,102284,19927545,2,0,0,35840,10,6922018239
881,19839401,3898,19843299,5,0,1,4096,19,2396170064
882,19858360,6488,19864848,4,0,1,15872,18,9664917802
883,19884750,4162,19888912,8,0,1,11264,3,6284044087
884,19895380,13018,19908398,8,0,1,4096,3,3994473524
885,19908220,99146,20007366,3,0,0,512,6,6758880668
886,19925930,5029,19930959,8,0,1,3584,3,8638762899
887,19930640,1042,19931682,4,0,1,1024,18,1580404769
888,19940160,236394,20176554,0,0,0,50176,6,7672682043
889,19944380,1042,19945422,9,0,1,1024,5,9579307851
890,19947720,105795,20053515,1,0,0,8192,17,2651903751
891,19948000,103004,20051004,5,0,0,22016,19,6021663044
892,19976941,112697,20089638,2,0,0,69632,10,2206363237
893,19987120,20796,20007916,4,0,1,512,18,5472699424
894,19987310,23841,20011151,9,0,1,10240,5,2872834043
895,19997820,16228,20014048,4,0,1,3584,18,5815786337
896,20001600,14074,20015674,4,0,1,2560,18,855345525
897,20049750,127911,20177661,0,0,0,3584,6,4812991068
898,20052311,217456,20269767,2,0,0,39936,10,10071862821
899,20081260,170019,20251279,1,0,0,4096,17,8683600460
900,20170770,12079,20182849,2,0,1,13312,10,10319634461
901,20198440,122841,20321281,3,0,0,20992,6,7210972465
902,20208690,166852,20375542,1,0,0,22016,17,6687801914
903,20239550,64544,20304094,3,0,0,4096,6,7009622006
904,20254130,15652,20269782,4,0,1,4096,18,4254569444
905,20271090,6278,20277368,4,0,1,6656,18,9865511416
906,20289761,186872,20476633,2,0,0,19456,10,7079048094
907,20335970,566,20336536,7,0,1,512,6,5653542994
908,20353150,72279,20425429,3,0,0,7680,6,9564303768
909,20355550,1042,20356592,9,0,1,1024,5,9954181846
910,20379831,146703,20526534,2,0,0,15360,10,3343119103
911,20384410,122858,20507268,5,0,0,92160,19,3580949969
912,20436691,228653,20665344,2,0,0,152064,10,9359981537
913,20444660,7706,20452366,4,0,1,8192,18,368893438
914,20459130,159859,20618989,3,0,0,30720,6,2822982273
915,20464810,4374,20469184,7,0,1,4608,6,2824405323
916,20479250,30522,20509772,9,0,1,2560,5,2927640151
917,20482540,216324,20698864,1,0,0,41472,17,4653758289
918,20486531,189756,20676287,2,0,0,35840,10,10022790684
919,20547850,334953,20882803,3,0,0,91648,6,10010590589
920,20551810,4850,20556660,9,0,1,5120,5,4291944307
921,20552870,5736,20558606,4,0,1,3072,18,3735144722
922,20554131,150364,20704495,2,0,0,18432,10,9015842242
923,20587720,160485,20748205,5,0,0,24064,19,2511255175
924,20604110,230873,20834983,5,0,0,80896,19,3434672998
925,20610870,65448,20676318,7,0,1,4096,6,7777949903
926,20653810,24964,20678774,7,0,1,2560,6,8995398800
927,20660540,20706,20681246,9,0,1,11264,5,2578368846
928,20741890,165819,20907709,5,0,0,8704,19,5084709980
929,20745120,91906,20837026,5,0,0,6656,19,3223481182
930,20755220,297194,21052414,0,0,0,221184,6,8693647626
931,20765401,219606,20985007,2,0,0,56832,10,4448208296
932,20826920,14472,20841392,7,0,1,4608,6,10018415128
933,20844350,208719,21053069,3,0,0,2048,6,1705367093
934,20847520,212740,21060260,5,0,0,23552,19,8456422387
935,20868750,259627,21128377,0,0,0,128000,6,6375730086
936,20869551,305824,21175375,2,0,0,54272,10,8475799537
937,20882900,257295,21140195,4,0,0,1024,18,6327597868
938,20934940,5802,20940742,7,0,1,6144,6,5602374696
939,21034530,154427,21188957,5,0,0,8704,19,4399805995
940,21037550,118257,21155807,5,0,0,39424,19,6252969889
941,21058180,5970,21064150,9,0,1,4096,5,4289214356
942,21072661,179392,21252053,2,0,0,3072,10,4118774679
943,21081740,172824,21254564,5,0,0,8192,19,1948616870
944,21085170,43222,21128392,7,0,1,5632,6,3070104832
945,21092321,230007,21322328,2,0,0,28672,10,9106763727
946,21115070,136032,21251102,0,0,0,12800,6,1069025532
947,21131380,160511,21291891,3,0,0,14848,6,6392882819
948,21158220,120311,21278531,3,0,0,9216,6,1772442275
949,21163011,12922,21175933,5,0,1,512,19,7272728258
950,21181831,7141,21188972,5,0,1,7168,19,4019345336
951,21198520,5802,21204322,9,0,1,6144,5,5158547380
952,21238660,113261,21351921,1,0,0,34304,17,2679187538
953,21268780,144311,21413091,1,0,0,2048,17,1894600596
954,21275490,121287,21396777,3,0,0,35328,6,4884155521
955,21311680,1042,21312722,4,0,1,1024,18,3782705441
956,21317160,10486,21327646,9,0,1,5632,5,7925173119
957,21322781,7771,21330552,5,0,1,4608,19,93685210
958,21367790,155449,21523239,5,0,0,40448,19,3633669221
959,21391710,6118,21397828,7,0,1,1024,6,1811365072
960,21395810,6484,21402294,7,0,1,13312,6,5924022060
961,21402400,6488,21408888,7,0,1,15872,6,5009748852
962,21479020,3422,21482442,5,0,1,3584,19,3468036070
963,21505580,3387,21508967,9,0,1,9728,5,3381037097
964,21510951,12846,21523797,5,0,1,512,19,8608233755
965,21549580,114102,21663682,5,0,0,52224,19,9064970190
966,21563750,4374,21568124,9,0,1,4608,5,3690469672
967,21580240,155829,21736069,4,0,0,1536,18,1160689992
968,21621290,114296,21735586,0,0,0,75264,6,1884978996
969,21654230,16215,21670445,1,0,1,7168,17,5311872969
970,21657541,112341,21769882,2,0,0,4096,10,1167865232
971,21700340,61394,21761734,3,0,0,2560,6,10450068503
972,21710680,99366,21810046,3,0,0,19968,6,1159561536
973,21733470,16191,21749661,1,0,1,23040,17,995577769
974,21750300,170846,21921146,1,0,0,512,17,1902686173
975,21829700,43904,21873604,4,0,0,512,18,10366488070
976,21850340,246207,22096547,3,0,0,35840,6,1482546331
977,21890510,1042,21891552,7,0,1,1024,6,1415707854
978,22023700,3645,22027345,7,0,1,10240,6,6764927454
979,22050420,266894,22317314,5,0,0,46592,19,4778084358
980,22081820,14742,22096562,7,0,1,16896,6,7611397557
981,22101150,43904,22145054,1,0,0,512,17,4284494478
982,22107330,48980,22156310,5,0,0,2048,19,3947249377
983,22139900,85784,22225684,5,0,0,22016,19,1161677608
984,22146900,207669,22354569,0,0,0,41984,6,795615994
985,22149440,151689,22301129,0,0,0,33280,6,231353986
986,22163741,101601,22265342,6,0,0,2048,9,10464566795
987,22174060,5802,22179862,4,0,1,6144,18,7662406047
988,22227860,3422,22231282,7,0,1,3584,6,425192830
989,22236960,162439,22399399,4,0,0,512,18,5603968581
990,22238190,4374,22242564,9,0,1,4608,5,6870518924
991,22259171,95889,22355060,6,0,0,1536,9,8611658342
992,22268601,50073,22318674,6,0,0,512,9,9792139902
993,22274770,66992,22341762,3,0,0,10752,6,9638342101
994,22292890,171500,22464390,3,0,0,39424,6,4127272627
995,22330870,1518,22332388,9,0,1,1536,5,614411812
996,22341400,15137,22356537,9,0,1,1536,5,1612871221
997,22371701,49094,22420795,6,0,0,1024,9,7663242120
998,22394840,1994,22396834,7,0,1,2048,6,4181048299
999,22417220,217786,22635006,3,0,0,98816,6,5557866540
1000,22432160,4162,22436322,9,0,1,11264,5,8405086537
1001,22454880,205413,22660293,0,0,0,82944,6,8290759002
1002,22491240,63468,22554708,5,0,0,512,19,8601476321
1003,22554660,107676,22662336,5,0,0,6656,19,7936742050
1004,22598601,66246,22664847,2,0,0,8192,10,9663633652
1005,22702830,64988,22767818,5,0,0,9216,19,1255037851
1006,22732820,6754,22739574,9,0,1,7168,5,4654856696
1007,22742771,58946,22801717,2,0,0,3584,10,2250177558
1008,22769901,109546,22879447,2,0,0,30720,10,5366029545
1009,22802600,91181,22893781,4,0,0,1024,18,9141426970
1010,22881311,45596,22926907,6,0,0,1024,9,10545160267
1011,22895891,47288,22943179,2,0,0,1536,10,5731001792
1012,22911761,43904,22955665,6,0,0,512,9,5015134980
1013,22938351,45752,22984103,6,0,0,1536,9,5758879676
1014,22962600,105404,23068004,0,0,0,46080,6,1545241531
1015,22965790,1994,22967784,8,0,1,2048,3,9509477521
1016,22969620,4850,22974470,9,0,1,5120,5,2256252922
1017,22976960,43904,23020864,4,0,0,512,18,7751648035
1018,23074650,11533,23086183,0,0,1,18944,6,2999603968
1019,23141330,4679,23146009,0,0,1,12288,6,7130507954
1020,23148861,108212,23257073,2,0,0,55296,10,7886394352
1021,23163330,55562,23218892,0,0,1,94720,6,6572890377
1022,23174060,109695,23283755,1,0,1,147968,17,4024084654
1023,23178820,240501,23419321,5,0,0,34816,19,890251582
1024,23249510,252221,23501731,5,0,0,11776,19,3528046162
1025,23276070,208189,23484259,5,0,0,19968,19,9886714421
1026,23299930,2870,23302800,9,0,1,8704,5,9962609163
1027,23303190,1518,23304708,7,0,1,1536,6,3147834627
1028,23304900,4850,23309750,7,0,1,5120,6,6409272973
1029,23315690,2946,23318636,7,0,1,3072,6,7260322096
1030,23319300,5712,23325012,8,0,1,14336,3,8535765453
1031,23355120,217501,23572621,3,0,0,21504,6,9892576277
1032,23355330,566,23355896,9,0,1,512,5,8537514852
1033,23381610,4374,23385984,9,0,1,4608,5,7080455196
1034,23409971,106012,23515983,2,0,0,2048,10,997106397
1035,23418490,3819,23422309,7,0,1,3072,6,7520959984
1036,23419330,146055,23565385,0,0,0,17920,6,1545029432
1037,23446710,1518,23448228,9,0,1,1536,5,6117908861
1038,23453270,3645,23456915,8,0,1,10240,3,1147178646
1039,23462470,56337,23518807,1,0,1,96256,17,8072847366
1040,23465470,54003,23519473,9,0,1,1024,5,505139057
1041,23488410,98373,23586783,5,0,0,5632,19,1318322879
1042,23518030,4374,23522404,7,0,1,4608,6,7346235978
1043,23528110,121258,23649368,3,0,0,24064,6,7792923312
1044,23535101,205833,23740934,2,0,0,86528,10,5977170908
1045,23542580,135882,23678462,3,0,0,15360,6,7961881731
1046,23561591,260936,23822527,2,0,0,30208,10,2249550773
1047,23594480,173534,23768014,1,0,0,512,17,4095475282
1048,23610540,131057,23741597,1,0,0,2048,17,3275856463
1049,23619891,193059,23812950,2,0,0,80384,10,9138716570
1050,23620820,74964,23695784,4,0,0,512,18,7959522965
1051,23648780,3050,23651830,9,0,1,2560,5,6650521139
1052,23664940,6278,23671218,3,0,1,6656,6,5739179838
1053,23682860,130432,23813292,4,0,0,512,18,10029182096
1054,23706540,106581,23813121,1,0,0,512,17,4168096003
1055,23713931,46426,23760357,6,0,0,512,9,9417648991
1056,23719410,150215,23869625,0,0,0,47616,6,993070911
1057,23719650,42272,23761922,1,0,1,32768,17,891778868
1058,23725050,39138,23764188,9,0,1,3584,5,4182275680
1059,23745050,95639,23840689,1,0,0,512,17,7841613347
1060,23776690,4937,23781627,1,0,1,12800,17,5481574828
1061,23796680,305483,24102163,3,0,0,129536,6,5461072507
1062,23803740,343990,24147730,3,0,0,149504,6,1312129874
1063,23803880,258800,24062680,5,0,0,27136,19,7495835621
1064,23811971,175033,23987004,6,0,0,2048,9,9892123246
1065,23838360,3645,23842005,0,0,1,10240,6,4852001197
1066,23860550,323598,24184148,0,0,0,23040,6,2729021179
1067,23866290,5346,23871636,9,0,1,2048,5,10736935364
1068,23906650,129214,24035864,4,0,0,512,18,10521974708
1069,23913890,234690,24148580,1,0,0,1536,17,2044185724
1070,23934020,1994,23936014,8,0,1,2048,3,7355779529
1071,23936120,281725,24217845,5,0,0,65024,19,5583117613
1072,23952720,224329,24177049,0,0,0,28160,6,4710566501
1073,23963020,262201,24225221,5,0,0,7680,19,5767536110
1074,23964110,183971,24148081,1,0,0,1024,17,399306286
1075,23964420,6278,23970698,9,0,1,6656,5,1247281903
1076,23966130,296548,24262678,3,0,0,39936,6,2987208987
1077,23967531,200923,24168454,2,0,0,65024,10,5110007170
1078,23992860,3422,23996282,9,0,1,3584,5,3062896794
1079,24022250,126361,24148611,0,0,1,143360,6,1297349256
1080,24039471,246289,24285760,6,0,0,1024,9,4670634007
1081,24056300,229125,24285425,0,0,0,38912,6,5506385610
1082,24066310,385553,24451863,4,0,0,1536,18,1581509900
1083,24069120,115059,24184179,7,0,1,12800,6,8933842578
1084,24079390,112300,24191690,0,0,1,17408,6,2504902311
1085,24087850,197925,24285775,0,0,1,153088,6,2415349101
1086,24092970,192828,24285798,7,0,1,7168,6,6470657200
1087,24121380,164441,24285821,9,0,1,1536,5,1832027353
1088,24123620,217614,24341234,0,0,0,2048,6,3912166019
1089,24132610,154585,24287195,8,0,1,14848,3,1187554045
1090,24153850,313345,24467195,0,0,0,14848,6,399647922
1091,24164910,123156,24288066,7,0,1,12288,6,2162880676
1092,24174180,116472,24290652,8,0,1,4096,3,9710798554
1093,24199010,143292,24342302,4,0,0,512,18,5527969920
1094,24211120,80518,24291638,9,0,1,1536,5,2955755473
1095,24211650,278315,24489965,4,0,0,1024,18,3810106036
1096,24243220,53603,24296823,3,0,1,16384,6,9839380025
1097,24276210,25759,24301969,7,0,1,8192,6,7575684318
1098,24284170,205468,24489638,0,0,0,27648,6,2009270455
1099,24300110,2525,24302635,9,0,1,1024,5,3192997498
1100,24315090,209423,24524513,1,0,0,1024,17,246816416
1101,24343360,137831,24481191,0,0,0,14336,6,1315008482
1102,24391780,100434,24492214,3,0,0,5632,6,9327730213
1103,24393530,96606,24490136,1,0,0,512,17,4433593695
1104,24396220,263089,24659309,3,0,0,24064,6,5444778831
1105,24398420,7230,24405650,8,0,1,7680,3,5545713940
1106,24423100,187351,24610451,4,0,0,1024,18,3662737663
1107,24430940,4679,24435619,9,0,1,12288,5,3004137707
1108,24448440,137884,24586324,0,0,0,14848,6,1634704962
1109,24457180,124597,24581777,3,0,0,27648,6,7121003143
1110,24470660,566,24471226,8,0,1,512,3,3036567417
1111,24477420,194072,24671492,5,0,0,39936,19,1449573823
1112,24508870,4374,24513244,0,0,1,4608,6,10353402408
1113,24512260,4374,24516634,7,0,1,4608,6,3504503437
1114,24522900,2470,24525370,7,0,1,2560,6,8348515256
1115,24555030,93127,24648157,3,0,0,6144,6,9093253953
1116,24577590,11639,24589229,7,0,1,3072,6,7636712086
1117,24589180,163465,24752645,0,0,0,30720,6,4236269810
1118,24589690,212263,24801953,3,0,0,31232,6,3207663443
1119,24591671,178052,24769723,2,0,0,16384,10,1015452834
1120,24620310,51353,24671663,1,0,0,512,17,3362772641
1121,24633800,3422,24637222,7,0,1,3584,6,7649866472
1122,24651350,107238,24758588,5,0,0,19456,19,2129890655
1123,24702341,5802,24708143,5,0,1,6144,19,2896400644
1124,24712110,1518,24713628,7,0,1,1536,6,5468681138
1125,24735500,3898,24739398,7,0,1,4096,6,5928409784
1126,24800151,50774,24850925,6,0,0,2048,9,7613225560
1127,24839780,103064,24942844,5,0,0,38400,19,10721234888
1128,24847190,7230,24854420,9,0,1,7680,5,3919019127
1129,24857320,3387,24860707,9,0,1,9728,5,836558672
1130,24858330,116662,24974992,1,0,0,512,17,7150908143
1131,24899190,57526,24956716,1,0,0,1024,17,9278260730
1132,24917500,7230,24924730,7,0,1,7680,6,4027826816
1133,24932650,40952,24973602,0,0,1,49664,6,2407300848
1134,24940870,112919,25053789,1,0,1,159744,17,5517336998
1135,24964310,144232,25108542,3,0,0,3072,6,6895711218
1136,24989471,200800,25190271,2,0,0,38400,10,613147316
1137,24992890,228491,25221381,1,0,0,1024,17,6732408216
1138,24998320,60961,25059281,0,0,1,17920,6,8072445191
1139,25002531,138472,25141003,2,0,0,2560,10,3184900097
1140,25082290,4374,25086664,9,0,1,4608,5,3168740183
1141,25089440,224287,25313727,1,0,0,512,17,2687033963
1142,25114890,106164,25221054,3,0,0,47104,6,10699689537
1143,25117780,223222,25341002,3,0,0,72192,6,1609969316
1144,25178490,259821,25438311,3,0,0,101888,6,10377546911
1145,25188710,64272,25252982,1,0,0,2048,17,1741749398
1146,25204171,183709,25387880,2,0,0,38400,10,7134076048
1147,25224870,166925,25391795,3,0,0,12800,6,6780760573
1148,25284740,1994,25286734,9,0,1,2048,5,1424940582
1149,25308710,2946,25311656,7,0,1,3072,6,4310011111
1150,25337900,101674,25439574,3,0,0,4096,6,3710775040
1151,25346340,5802,25352142,7,0,1,6144,6,1691574110
1152,25367020,72733,25439753,4,0,0,512,18,531610802
1153,25398350,105399,25503749,3,0,0,6656,6,4610337245
1154,25400461,67904,25468365,2,0,0,8704,10,1071779934
1155,25410461,83866,25494327,6,0,0,2048,9,1288414732
1156,25437310,5839,25443149,3,0,1,9728,6,8863293881
1157,25439580,54982,25494562,1,0,0,512,17,9338376105
1158,25481990,117728,25599718,0,0,0,86528,6,9313255500
1159,25562700,108320,25671020,5,0,0,18432,19,3696781551
1160,25591310,168300,25759610,3,0,0,101376,6,3644452945
1161,25640460,156500,25796960,1,0,0,1024,17,6561556747
1162,25645390,202227,25847617,1,0,0,1024,17,4578746380
1163,25648700,566,25649266,7,0,1,512,6,5413441166
1164,25650671,4374,25655045,5,0,1,4608,19,7661780436
1165,25658191,3422,25661613,5,0,1,3584,19,1277770321
1166,25661860,185430,25847290,0,0,0,51712,6,4716111124
1167,25670530,231424,25901954,0,0,0,142848,6,5892469470
1168,25671400,234945,25906345,0,0,0,14336,6,7807160625
1169,25696450,23466,25719916,0,0,1,38912,6,6921161376
1170,25701080,21102,25722182,7,0,1,3584,6,9361528800
1171,25704770,19358,25724128,9,0,1,3072,5,7856351365
1172,25711720,200412,25912132,3,0,0,18944,6,3553182480
1173,25720520,3762,25724282,9,0,1,8704,5,7939144421
1174,25724380,35245,25759625,9,0,1,18432,5,4661243922
1175,25763760,334234,26097994,5,0,0,86016,19,10099889171
1176,25785480,153773,25939253,3,0,0,5632,6,5883672203
1177,25818170,202824,26020994,3,0,0,40448,6,4620971764
1178,25821601,3387,25824988,5,0,1,9728,19,9661717231
1179,25828810,94812,25923622,3,0,0,2560,6,9627264614
1180,25846370,7993,25854363,3,0,1,7168,6,3062383656
1181,25858800,212971,26071771,0,0,0,35840,6,8133743050
1182,25912380,1042,25913422,7,0,1,1024,6,1645485690
1183,25919580,4420,25924000,9,0,1,11776,5,4410707944
1184,25955080,145596,26100676,3,0,0,4096,6,9947330682
1185,25992530,109843,26102373,4,0,0,512,18,3282702748
1186,25996440,102973,26099413,5,0,0,4608,19,9436404343
1187,26020410,2094,26022504,7,0,1,1536,6,3702631655
1188,26025191,1518,26026709,5,0,1,1536,19,1160154026
1189,26058841,566,26059407,5,0,1,512,19,3369738410
1190,26085820,58752,26144572,4,0,0,512,18,9818322477
1191,26112490,260210,26372700,5,0,0,10240,19,4133739109
1192,26120530,69284,26189814,3,0,0,8192,6,7789097534
1193,26122810,95624,26218434,0,0,0,24064,6,1587044962
1194,26127470,462198,26589668,5,0,0,17408,19,3948537114
1195,26133020,43904,26176924,1,0,0,512,17,10516797995
1196,26145020,2470,26147490,0,0,1,2560,6,9795342170
1197,26171070,141012,26312082,3,0,0,31744,6,437996553
1198,26190620,3898,26194518,7,0,1,4096,6,1273487554
1199,26205781,13600,26219381,5,0,1,23040,19,10615603678
1200,26211050,161665,26372715,0,0,1,246272,6,7057808710
1201,26235301,355666,26590967,6,0,0,1024,9,6965552826
1202,26259900,241824,26501724,5,0,0,6144,19,2916446008
1203,26263841,299344,26563185,2,0,0,48640,10,8018222902
1204,26267690,192092,26459782,1,0,0,512,17,9234940123
1205,26267950,71066,26339016,4,0,0,512,18,9212592735
1206,26291260,257090,26548350,3,0,0,16896,6,10425150249
1207,26307730,79112,26386842,0,0,1,60928,6,1316706909
1208,26316400,74308,26390708,0,0,1,6144,6,10610623610
1209,26338280,53094,26391374,9,0,1,1024,5,2899349972
1210,26384680,313061,26697741,0,0,0,58368,6,2891246685
1211,26394641,258167,26652808,6,0,0,512,9,8216038698
1212,26402980,363259,26766239,0,0,0,120320,6,4908417118
1213,26403810,566,26404376,9,0,1,512,5,1112598820
1214,26478370,14117,26492487,0,0,1,24064,6,10185889169
1215,26502711,105341,26608052,6,0,0,1536,9,4765880023
1216,26519380,116970,26636350,3,0,0,12800,6,4751012594
1217,26523470,86124,26609594,1,0,0,1024,17,567303662
1218,26557381,217563,26774944,6,0,0,512,9,10231464511
1219,26570660,6488,26577148,0,0,1,15872,6,8161327366
1220,26591261,214814,26806075,6,0,0,1024,9,5198876279
1221,26596740,284391,26881131,3,0,0,124416,6,7655104334
1222,26602040,95880,26697920,3,0,0,512,6,10441296067
1223,26608840,291806,26900646,5,0,0,64000,19,6440278497
1224,26620150,6278,26626428,9,0,1,6656,5,6100795821
1225,26624450,523538,27147988,5,0,0,25600,19,1695246075
1226,26663680,250413,26914093,4,0,0,44032,18,1695774723
1227,26674120,423114,27097234,0,0,0,51712,6,10491400134
1228,26683470,591544,27275014,5,0,0,148992,19,8773745361
1229,26709690,56564,26766254,0,0,1,48128,6,2020954442
1230,26713770,52499,26766269,7,0,1,1536,6,666443892
1231,26715310,325979,27041289,0,0,0,160768,6,6327874577
1232,26747520,222340,26969860,5,0,0,17920,19,10043524309
1233,26752330,418025,27170355,5,0,0,64000,19,8308748548
1234,26786611,537693,27324304,2,0,0,7168,10,7234635300
1235,26796990,117430,26914420,1,0,0,1024,17,3066436796
1236,26813950,227713,27041663,1,0,0,512,17,1364264523
1237,26868841,527687,27396528,2,0,0,7680,10,85822727
1238,26872050,47525,26919575,0,0,1,13312,6,1611935091
1239,26924941,1518,26926459,5,0,1,1536,19,5913905124
1240,26935720,129431,27065151,1,0,0,1024,17,3839925013
1241,26941270,100198,27041468,1,0,0,512,17,8156010453
1242,26945280,165619,27110899,1,0,0,2560,17,67803727
1243,26974330,123091,27097421,4,0,0,512,18,9497674224
1244,27005861,58219,27064080,5,0,1,36864,19,5005990621
1245,27014521,195584,27210105,2,0,0,16896,10,7108099335
1246,27018501,88207,27106708,6,0,0,1024,9,3293329333
1247,27029960,38626,27068586,0,0,1,7168,6,1997061869
1248,27041060,28512,27069572,9,0,1,1536,5,1452069753
1249,27071730,203611,27275341,1,0,0,1024,17,10050870254
1250,27085700,332692,27418392,0,0,0,71168,6,3654452902
1251,27091890,92476,27184366,5,0,0,12800,19,7204579632
1252,27102391,1994,27104385,5,0,1,2048,19,3832480780
1253,27119210,51324,27170534,3,0,0,512,6,9106773639
1254,27123810,152374,27276184,3,0,0,2560,6,628760955
1255,27144420,249753,27394173,5,0,0,79360,19,7736204004
1256,27151620,207000,27358620,1,0,0,1024,17,587172023
1257,27168021,47167,27215188,5,0,1,76800,19,7500525198
1258,27178081,496896,27674977,6,0,0,512,9,266967825
1259,27178731,101014,27279745,5,0,1,143360,19,8522917656
1260,27181110,112571,27293681,5,0,0,27136,19,9467045267
1261,27193810,443011,27636821,0,0,0,50176,6,10195538919
1262,27203000,79971,27282971,9,0,1,5120,5,9651215954
1263,27224420,267730,27492150,0,0,0,70144,6,2762283321
1264,27227390,66314,27293704,0,0,1,24576,6,1049770870
1265,27243460,50259,27293719,9,0,1,9728,5,9287929921
1266,27261481,32253,27293734,5,0,1,3584,19,3212438893
1267,27262330,156545,27418875,1,0,0,1536,17,1249563320
1268,27289340,36652,27325992,0,0,1,52736,6,3072484260
1269,27366300,217509,27583809,5,0,0,28160,19,2018668892
1270,27387540,31358,27418898,0,0,1,22016,6,1489107866
1271,27408021,55250,27463271,5,0,1,76288,19,2004888658
1272,27432291,33886,27466177,5,0,1,4608,19,2934346496
1273,27432510,67925,27500435,0,0,1,97280,6,3880313249
1274,27469740,34241,27503981,0,0,1,5632,6,6500248575
1275,27511011,51257,27562268,5,0,1,82944,19,4452794881
1276,27539730,247141,27786871,4,0,0,26624,18,6024167888
1277,27558010,217230,27775240,3,0,0,2560,6,4485919603
1278,27596220,224431,27820651,1,0,0,1024,17,9351144565
1279,27616781,295305,27912086,2,0,0,47104,10,7758118584
1280,27637720,1994,27639714,9,0,1,2048,5,4322048692
1281,27649661,40874,27690535,5,0,1,66048,19,3786785587
1282,27652160,84703,27736863,6,0,1,113664,9,2015396610
1283,27656771,154195,27810966,6,0,0,1024,9,6662569453
1284,27658971,88414,27747385,5,0,1,41984,19,8003136095
1285,27686060,61671,27747731,9,0,1,512,5,1578321779
1286,27691770,371490,28063260,5,0,0,25088,19,3333295403
1287,27696810,215603,27912413,3,0,0,1024,6,6671259569
1288,27713171,118128,27831299,6,0,0,512,9,872157012
1289,27722630,91899,27814529,1,0,0,2048,17,3808746609
1290,27741911,99456,27841367,6,0,0,512,9,6165587078
1291,27754770,34537,27789307,6,0,1,60416,9,3175417583
1292,27757420,182411,27939831,1,0,0,512,17,6585035412
1293,27773360,16933,27790293,9,0,1,1536,5,10736580564
1294,27781910,38820,27820730,0,0,1,55808,6,4868435210
1295,27784621,173579,27958200,5,0,1,250368,19,5529626479
1296,27802670,318970,28121640,5,0,0,12800,19,1397528594
1297,27816030,313581,28129611,0,0,0,26112,6,8137627788
1298,27821350,162669,27984019,0,0,1,82432,6,1330542281
1299,27822670,187475,28010145,1,0,1,83968,17,7411927706
1300,27825160,276692,28101852,3,0,0,512,6,1323561678
1301,27826200,209138,28035338,4,0,0,11264,18,4055057241
1302,27826850,224411,28051261,6,0,1,139264,9,5787573493
1303,27827260,251049,28078309,1,0,1,88576,17,10574088246
1304,27840840,350107,28190947,5,0,0,1024,19,5039711788
1305,27891340,548246,28439586,1,0,0,1024,17,5580868775
1306,27926420,387670,28314090,4,0,0,13824,18,8537785716
1307,27930740,147915,28078655,1,0,1,512,17,10274630275
1308,27959880,169910,28129790,3,0,0,512,6,9811001555
1309,27982480,112547,28095027,6,0,1,61952,9,3852192043
1310,27994281,104932,28099213,5,0,1,6656,19,3916157015
1311,27997220,118570,28115790,1,0,1,62976,17,5419957214
1312,28011781,288456,28300237,2,0,0,10752,10,3014098467
1313,28013010,378247,28391257,3,0,0,1024,6,4541540267
1314,28032560,257530,28290090,0,0,0,60416,6,1961399951
1315,28035451,96097,28131548,5,0,1,50688,19,8586462468
1316,28074210,93330,28167540,0,0,0,7168,6,7526139836
1317,28082590,308324,28390914,5,0,0,131072,19,7792297802
1318,28089141,534997,28624138,6,0,0,512,9,8042144778
1319,28121760,38480,28160240,0,0,1,49152,6,4427483158
1320,28142160,340403,28482563,4,0,0,5632,18,5226638693
1321,28143281,356994,28500275,6,0,0,1024,9,3777420376
1322,28145740,187832,28333572,3,0,0,1024,6,7086464113
1323,28151700,15855,28167555,6,0,1,29184,9,758367940
1324,28157400,15549,28172949,1,0,1,20480,17,3789228495
1325,28162460,11462,28173922,0,0,1,12800,6,4267072897
1326,28164830,421117,28585947,0,0,0,6656,6,3226073537
1327,28176320,113785,28290105,0,0,1,169472,6,7914752989
1328,28178080,112040,28290120,9,0,1,512,5,6936173179
1329,28229141,60994,28290135,5,0,1,9728,19,6131879516
1330,28236980,325702,28562682,1,0,0,1536,17,2921808892
1331,28250870,49382,28300252,1,0,1,55808,17,6811459197
1332,28283191,60431,28343622,5,0,1,90624,19,3998953938
1333,28312390,330512,28642902,4,0,0,33280,18,10735478610
1334,28362381,454086,28816467,6,0,0,4096,9,958431223
1335,28363041,372057,28735098,2,0,0,73728,10,7248685019
1336,28380880,262201,28643081,3,0,0,512,6,3254614348
1337,28432420,136562,28568982,3,0,0,2048,6,2032444908
1338,28441450,34795,28476245,6,0,1,60928,9,7823804563
1339,28448211,476922,28925133,2,0,0,80384,10,283732788
1340,28461530,285794,28747324,5,0,0,25600,19,5596131306
1341,28472360,6229,28478589,6,0,1,15360,9,6314380726
1342,28518470,406842,28925312,1,0,0,512,17,1412228965
1343,28525961,4937,28530898,5,0,1,12800,19,3515057243
1344,28580801,319817,28900618,2,0,0,87552,10,1085396497
1345,28603301,54270,28657571,5,0,1,92160,19,4411599618
1346,28617990,363143,28981133,1,0,0,512,17,10321355432
1347,28624230,249697,28873927,0,0,0,33792,6,3019000162
1348,28633280,45847,28679127,6,0,1,63488,9,4995948567
1349,28643890,287848,28931738,3,0,0,3072,6,1542404418
1350,28646380,504666,29151046,5,0,0,81920,19,3394900484
1351,28646690,38031,28684721,1,0,1,26624,17,8486839169
1352,28656171,274616,28930787,2,0,0,17920,10,5933301937
1353,28665910,304828,28970738,1,0,0,1024,17,880656399
1354,28672150,379195,29051345,4,0,0,69632,18,6258957658
1355,28683101,262646,28945747,2,0,0,23040,10,5664249864
1356,28683990,160895,28844885,4,0,0,4608,18,5217294544
1357,28691370,7230,28698600,6,0,1,7680,9,10459431656
1358,28697240,37881,28735121,6,0,1,46592,9,7209220725
1359,28718771,28568,28747339,5,0,1,17920,19,1685295607
1360,28761690,322422,29084112,4,0,0,2560,18,8062069011
1361,28782431,296146,29078577,6,0,0,1536,9,9006539987
1362,28813650,11274,28824924,1,0,1,18432,17,10136242699
1363,28828720,199480,29028200,4,0,0,24576,18,8325083860
1364,28874820,176704,29051524,1,0,0,512,17,7465368571
1365,28887871,189738,29077609,5,0,1,240640,19,10059112759
1366,28954220,285709,29239929,3,0,0,1024,6,737264321
1367,29004221,72869,29077090,6,0,0,512,9,1586365552
1368,29041110,161002,29202112,3,0,0,512,6,1603792683
1369,29106100,12308,29118408,6,0,1,20480,9,8413585137
1370,29140190,63914,29204104,6,0,1,86528,9,2119866448
1371,29168690,389963,29558653,4,0,0,136704,18,6424381121
1372,29175651,30719,29206370,5,0,1,3584,19,3837494784
1373,29183260,24698,29207958,6,0,1,15872,9,2970790490
1374,29194271,390917,29585188,2,0,0,87040,10,8970399112
1375,29227620,4679,29232299,1,0,1,12288,17,6956992022
1376,29246731,201782,29448513,6,0,0,1024,9,4701540160
1377,29320420,270578,29590998,0,0,0,7680,6,3381304961
1378,29345240,15579,29360819,6,0,1,30208,9,396637808
1379,29348520,31935,29380455,6,0,1,47104,9,10442722132
1380,29364010,17751,29381761,3,0,1,2048,6,3181545627
1381,29364130,17990,29382120,3,0,1,9728,6,645539066
1382,29367410,360204,29727614,0,0,0,80384,6,1789659812
1383,29400270,4420,29404690,3,0,1,11776,6,408362180
1384,29413120,253723,29666843,0,0,0,42496,6,5417231277
1385,29418650,169993,29588643,5,0,0,11264,19,4541340515
1386,29426990,6754,29433744,3,0,1,7168,6,4120602475
1387,29428150,301039,29729189,0,0,0,5120,6,5132707768
1388,29569530,293021,29862551,4,0,0,81408,18,8270638452
1389,29612740,20366,29633106,1,0,1,32768,17,10427747592
1390,29646030,141407,29787437,0,0,0,22528,6,7368951294
1391,29654600,84259,29738859,1,0,1,116736,17,8421984992
1392,29668341,136487,29804828,6,0,0,512,9,10155097525
1393,29739360,237462,29976822,4,0,0,60928,18,1547381226
1394,29768810,183199,29952009,0,0,0,38400,6,5043444098
1395,29804261,201843,30006104,2,0,0,37888,10,6646943659
1396,29805790,407148,30212938,0,0,0,22016,6,2722686045
1397,29808411,143769,29952180,6,0,0,512,9,5689209520
1398,29830830,280647,30111477,5,0,0,30208,19,8850190687
1399,29866861,139414,30006275,6,0,0,512,9,9683153882
1400,29867100,120567,29987667,3,0,0,3072,6,1768796660
1401,29868461,182391,30050852,6,0,0,1024,9,2720142506
1402,29915450,238400,30153850,5,0,0,47104,19,1199509068
1403,29924340,2470,29926810,1,0,1,2560,17,6925237786
1404,29936010,148467,30084477,4,0,0,1536,18,7758189284
1405,29966830,306402,30273232,0,0,0,97792,6,5977746602
1406,29979671,360371,30340042,2,0,0,89088,10,92006229
1407,29981770,1994,29983764,6,0,1,2048,9,5420348127
1408,29983991,238204,30222195,6,0,0,2048,9,9311691222
1409,30025470,2946,30028416,1,0,1,3072,17,10400224873
1410,30052370,130094,30182464,3,0,0,1536,6,8340138629
1411,30131210,92677,30223887,3,0,0,2560,6,3366143733
1412,30236030,47288,30283318,4,0,0,1536,18,7918298053
1413,30239761,45596,30285357,6,0,0,1024,9,1475650492
1414,30300740,99476,30400216,5,0,0,26624,19,8941736557
1415,30328580,15828,30344408,3,0,1,4608,6,3955227061
1416,30421810,104312,30526122,4,0,0,42496,18,6390869180
1417,30465180,102480,30567660,4,0,0,16384,18,5870050257
1418,30487121,136994,30624115,2,0,0,43520,10,3945484624
1419,30497420,10499,30507919,3,0,1,16896,6,5580624725
1420,30561880,5795,30567675,2,0,1,1024,10,3368338861
1421,30644990,566,30645556,2,0,1,512,10,9170830127
1422,30701230,1042,30702272,1,0,1,1024,17,8074294999
1423,30725950,100880,30826830,4,0,0,31232,18,4290277188
1424,30748761,36863,30785624,5,0,1,65024,19,64107516
1425,30784350,1620,30785970,9,0,1,512,5,1323455028
1426,30786590,47288,30833878,5,0,0,1536,19,6345723374
1427,30793381,6278,30799659,5,0,1,6656,19,1810546817
1428,30819150,76165,30895315,3,0,0,512,6,5564242160
1429,30820630,10591,30831221,1,0,1,4608,17,5831974907
1430,30842470,7706,30850176,3,0,1,8192,6,1294726678
1431,30895950,4937,30900887,2,0,1,12800,10,13588271
1432,30911110,3645,30914755,1,0,1,10240,17,2070320069
1433,30930160,176104,31106264,3,0,0,2048,6,5805255451
1434,30946121,117604,31063725,5,0,1,195584,19,2328930450
1435,30967910,97121,31065031,3,0,1,2048,6,8758736477
1436,30982680,128685,31111365,5,0,0,10240,19,2368677023
1437,30985320,209135,31194455,5,0,0,50176,19,6090374603
1438,31006230,59569,31065799,1,0,1,11776,17,5569282901
1439,31067291,12049,31079340,5,0,1,19968,19,10523160710
1440,31096550,1994,31098544,2,0,1,2048,10,5484901182
1441,31173611,67884,31241495,6,0,0,512,9,5956164221
1442,31193490,111041,31304531,4,0,0,61440,18,7003744679
1443,31219610,104236,31323846,3,0,0,1536,6,8444372650
1444,31229911,3128,31233039,5,0,1,9216,19,2563607050
1445,31276261,56193,31332454,6,0,0,1024,9,1651033845
1446,31278450,4850,31283300,1,0,1,5120,17,2924574457
1447,31279071,46584,31325655,6,0,0,1024,9,8648478023
1448,31290251,186116,31476367,2,0,0,7680,10,7499151200
1449,31371930,1042,31372972,9,0,1,1024,5,10363561962
1450,31378190,45596,31423786,3,0,0,1024,6,7500134947
1451,31387020,4374,31391394,8,0,1,4608,3,3222741553
1452,31397180,76832,31474012,0,0,0,12800,6,5345045625
1453,31398641,107855,31506496,2,0,0,28672,10,1129485454
1454,31399251,124429,31523680,2,0,0,24576,10,3853183053
1455,31399670,194239,31593909,0,0,0,21504,6,6020309502
1456,31404110,120209,31524319,3,0,0,2048,6,4168143707
1457,31424680,82611,31507291,4,0,0,2560,18,4932292953
1458,31428780,7706,31436486,3,0,1,8192,6,3730959717
1459,31434070,3128,31437198,8,0,1,9216,3,8959578037
1460,31476350,129118,31605468,4,0,0,37888,18,4795234633
1461,31493640,3128,31496768,2,0,1,9216,10,5764926644
1462,31557881,59593,31617474,6,0,0,512,9,6549060809
1463,31566820,3904,31570724,2,0,1,10752,10,3805528563
1464,31573570,229972,31803542,4,0,0,30720,18,2218291544
1465,31573970,3387,31577357,1,0,1,9728,17,1398279968
1466,31580500,199606,31780106,0,0,0,44544,6,3127342978
1467,31599490,161744,31761234,4,0,0,16384,18,10723281513
1468,31604640,68628,31673268,3,0,0,1024,6,10381954797
1469,31654420,4850,31659270,9,0,1,5120,5,10479936472
1470,31658880,47444,31706324,3,0,0,2048,6,6378878716
1471,31703010,1042,31704052,3,0,1,1024,6,6549449678
1472,31789310,566,31789876,2,0,1,512,10,3686372821
1473,31801490,6418,31807908,9,0,1,4608,5,6841406381
1474,31804690,4459,31809149,9,0,1,11264,5,7037993320
1475,31823690,566,31824256,4,0,1,512,18,7914397178
1476,31832190,1994,31834184,2,0,1,2048,10,9243413669
1477,31841990,115354,31957344,5,0,0,66560,19,5241931290
1478,31849570,120737,31970307,5,0,0,42496,19,3095810771
1479,31957680,104367,32062047,4,0,0,16384,18,7891169696
1480,31964750,12345,31977095,3,0,1,7168,6,8856584157
1481,31969740,99159,32068899,4,0,0,3584,18,8359066534
1482,31998230,566,31998796,9,0,1,512,5,8764293402
1483,32021091,1994,32023085,5,0,1,2048,19,1813895923
1484,32023130,98521,32121651,0,0,0,3072,6,10039098033
1485,32056320,5742,32062062,2,0,1,3072,10,9890310752
1486,32070110,6278,32076388,4,0,1,6656,18,10485335367
1487,32102240,166767,32269007,5,0,0,47104,19,6555645776
1488,32139140,3422,32142562,2,0,1,3584,10,9205650226
1489,32163550,2470,32166020,2,0,1,2560,10,10444462973
1490,32172810,1994,32174804,4,0,1,2048,18,6066158965
1491,32173500,14117,32187617,4,0,1,24064,18,10110237115
1492,32176010,12273,32188283,4,0,1,1024,18,2062262348
1493,32182630,152105,32334735,4,0,0,6656,18,5761740920
1494,32191591,3898,32195489,5,0,1,4096,19,5979196079
1495,32225190,2946,32228136,9,0,1,3072,5,5810179523
1496,32235400,66422,32301822,5,0,0,4096,19,8218663911
1497,32238600,102858,32341458,0,0,0,22016,6,6126639172
1498,32255471,14094,32269565,5,0,1,512,19,3115181510
1499,32297570,10757,32308327,3,0,1,17408,6,8048620768
1500,32303940,5053,32308993,9,0,1,1024,5,2984757231
1501,32318740,146393,32465133,0,0,0,4608,6,2072502243
1502,32416110,2470,32418580,3,0,1,2560,6,5012601355
1503,32455311,7230,32462541,5,0,1,7680,19,9876769060
1504,32462690,4374,32467064,9,0,1,4608,5,3185545858
1505,32498990,4679,32503669,1,0,1,12288,17,2211122592
1506,32537971,104780,32642751,2,0,0,44032,10,5102726365
1507,32549920,5971,32555891,9,0,1,14848,5,4977431138
1508,32555631,133308,32688939,2,0,0,34304,10,3638575866
1509,32582171,3422,32585593,5,0,1,3584,19,7253991744
1510,32598780,1994,32600774,3,0,1,2048,6,3531211341
1511,32620060,157113,32777173,0,0,0,26112,6,2600295743
1512,32677561,69284,32746845,2,0,0,8192,10,8963643166
1513,32686851,4074,32690925,5,0,1,2048,19,2813401263
1514,32708200,1042,32709242,9,0,1,1024,5,7547251215
1515,32718830,2946,32721776,3,0,1,3072,6,4412141480
1516,32723510,240257,32963767,0,0,0,28672,6,301856539
1517,32724020,97571,32821591,5,0,0,23040,19,9125631498
1518,32756980,116876,32873856,3,0,0,512,6,761859797
1519,32760490,182535,32943025,4,0,0,125440,18,6234497429
1520,32813441,45596,32859037,6,0,0,1024,9,4617718151
1521,32827760,3128,32830888,9,0,1,9216,5,8052132920
1522,32864941,174071,33039012,2,0,0,82432,10,5139758502
1523,32875670,138211,33013881,5,0,0,27648,19,9314267602
1524,32892240,1042,32893282,7,0,1,1024,6,1844374815
1525,32893880,109625,33003505,5,0,0,9216,19,1065968978
1526,32990290,1994,32992284,9,0,1,2048,5,432833615
1527,33000370,45596,33045966,3,0,0,1024,6,5428673374
1528,33008220,31400,33039620,3,0,1,512,6,5186392070
1529,33008351,79666,33088017,2,0,0,2048,10,6053464804
1530,33039020,3612,33042632,1,0,1,3584,17,8711880348
1531,33060630,6754,33067384,1,0,1,7168,17,473684900
1532,33088281,1518,33089799,5,0,1,1536,19,1560283041
1533,33095250,1994,33097244,7,0,1,2048,6,2294417237
1534,33100571,566,33101137,5,0,1,512,19,1805269487
1535,33116140,6229,33122369,0,0,1,15360,6,9585259640
1536,33122720,43904,33166624,3,0,0,512,6,9887935251
1537,33124991,64669,33189660,6,0,0,512,9,2906740625
1538,33163220,7230,33170450,7,0,1,7680,6,1496991619
1539,33182020,137729,33319749,3,0,0,2560,6,5332824702
1540,33230340,1042,33231382,1,0,1,1024,17,2644664160
1541,33245040,110366,33355406,3,0,0,512,6,209520568
1542,33261940,1994,33263934,9,0,1,2048,5,1399593351
1543,33351801,2470,33354271,5,0,1,2560,19,4265326826
1544,33384090,6754,33390844,7,0,1,7168,6,9909679294
1545,33386240,5270,33391510,1,0,1,1024,17,4493906470
1546,33398550,3422,33401972,9,0,1,3584,5,7707667214
1547,33423630,566,33424196,3,0,1,512,6,3344796044
1548,33423961,7230,33431191,5,0,1,7680,19,6065613353
1549,33454390,566,33454956,9,0,1,512,5,5208108712
1550,33459180,1042,33460222,7,0,1,1024,6,5817192764
1551,33463170,76158,33539328,5,0,0,13312,19,8314869390
1552,33518150,2470,33520620,1,0,1,2560,17,2074294823
1553,33557630,104468,33662098,0,0,0,43008,6,5018197840
1554,33574571,97604,33672175,2,0,0,20480,10,10079643833
1555,33578600,5802,33584402,7,0,1,6144,6,2380662340
1556,33601060,2946,33604006,4,0,1,3072,18,7874707136
1557,33660430,52332,33712762,0,0,0,2560,6,2773337569
1558,33691120,4374,33695494,3,0,1,4608,6,9803059638
1559,33703590,5802,33709392,3,0,1,6144,6,4965352204
1560,33746300,92290,33838590,5,0,0,14336,19,7756551876
1561,33768150,1042,33769192,4,0,1,1024,18,8140512111
1562,33788030,5326,33793356,4,0,1,5632,18,1309107495
1563,33803130,2946,33806076,1,0,1,3072,17,9672979246
1564,33821570,7230,33828800,1,0,1,7680,17,7682221201
1565,33822750,8316,33831066,1,0,1,3584,17,6616169573
1566,33855240,48980,33904220,3,0,0,2048,6,4061474975
1567,33860201,44684,33904885,6,0,0,512,9,5229934121
1568,33865820,2470,33868290,3,0,1,2560,6,5467012101
1569,33872250,3898,33876148,7,0,1,4096,6,10195359931
1570,33873150,139628,34012778,3,0,0,1536,6,5833096153
1571,33886390,201078,34087468,4,0,0,41472,18,7400916196
1572,33906600,162890,34069490,0,0,0,41472,6,6104665581
1573,33928600,146209,34074809,0,0,0,17408,6,3419525998
1574,33978051,43904,34021955,6,0,0,512,9,9341661863
1575,33985510,45596,34031106,3,0,0,1024,6,6089112899
1576,34022360,1518,34023878,9,0,1,1536,5,483032619
1577,34060700,188231,34248931,5,0,0,21504,19,3785052966
1578,34097130,47600,34144730,3,0,0,2560,6,3656280221
1579,34129730,7706,34137436,9,0,1,8192,5,4265501506
1580,34132100,6962,34139062,3,0,1,2560,6,10516671964
1581,34150480,4850,34155330,9,0,1,5120,5,9798154857
1582,34165351,45596,34210947,6,0,0,1024,9,5625851797
1583,34180460,203743,34384203,5,0,0,77312,19,8158620140
1584,34199980,2470,34202450,9,0,1,2560,5,2505909311
1585,34210330,2946,34213276,4,0,1,3072,18,5984853731
1586,34221630,1518,34223148,3,0,1,1536,6,4950412165
1587,34224971,172047,34397018,2,0,0,41984,10,9933278071
1588,34225120,5802,34230922,4,0,1,6144,18,1888133835
1589,34258651,60249,34318900,6,0,0,1024,9,1324402185
1590,34265460,1994,34267454,4,0,1,2048,18,348499354
1591,34270500,4850,34275350,9,0,1,5120,5,10644466020
1592,34285840,1042,34286882,4,0,1,1024,18,8678366584
1593,34288340,4850,34293190,3,0,1,5120,6,8042756680
1594,34363000,75251,34438251,3,0,0,3584,6,9245102333
1595,34466330,88544,34554874,0,0,0,20992,6,8018660706
1596,34472200,96138,34568338,0,0,0,9728,6,7566514035
1597,34478820,4374,34483194,3,0,1,4608,6,2600857785
1598,34486400,4850,34491250,2,0,1,5120,10,3099868334
1599,34486860,5056,34491916,9,0,1,1024,5,7229512446
1600,34493331,83293,34576624,6,0,0,512,9,1320926858
1601,34515120,241347,34756467,5,0,0,8192,19,1758176740
1602,34515180,101590,34616770,0,0,0,5120,6,1432995964
1603,34529750,6754,34536504,9,0,1,7168,5,9050039781
1604,34532120,4730,34536850,9,0,1,512,5,1067400721
1605,34534051,121976,34656027,6,0,0,2048,9,4297956818
1606,34537100,1994,34539094,3,0,1,2048,6,6763793496
1607,34544090,10799,34554889,9,0,1,12800,5,6571519653
1608,34547840,7064,34554904,1,0,1,512,17,7069305507
1609,34572720,1994,34574714,3,0,1,2048,6,7937741572
1610,34581841,74357,34656198,6,0,0,512,9,1675480933
1611,34631430,45596,34677026,3,0,0,1024,6,5622967208
1612,34636010,3387,34639397,9,0,1,9728,5,6008208047
1613,34643011,45596,34688607,6,0,0,1024,9,6201631055
1614,34669280,1042,34670322,3,0,1,1024,6,9299998553
1615,34694840,87920,34782760,5,0,0,18944,19,9265920273
1616,34741750,6754,34748504,1,0,1,7168,17,5322881641
1617,34799800,566,34800366,1,0,1,512,17,4796255102
1618,34937940,4374,34942314,1,0,1,4608,17,8751272477
1619,34943570,43904,34987474,3,0,0,512,6,515886972
1620,34968451,136447,35104898,2,0,0,27136,10,5587420750
1621,34980690,154227,35134917,5,0,0,32768,19,10337040168
1622,34987510,199954,35187464,4,0,0,70144,18,786570282
1623,35016481,212498,35228979,2,0,0,28672,10,3694506230
1624,35052230,139773,35192003,0,0,0,14848,6,1530821232
1625,35161430,35571,35197001,6,0,1,62464,9,1824910364
1626,35178820,18847,35197667,8,0,1,1024,3,6594764129
1627,35200860,2470,35203330,3,0,1,2560,6,2231505697
1628,35202790,3422,35206212,2,0,1,3584,10,5838089070
1629,35226580,215773,35442353,4,0,0,17408,18,4374165784
1630,35236801,60092,35296893,2,0,0,3072,10,37687138
1631,35258030,7230,35265260,9,0,1,7680,5,4119037458
1632,35260040,6846,35266886,3,0,1,2560,6,234194711
1633,35302050,1518,35303568,4,0,1,1536,18,8226215856
1634,35305361,79639,35385000,6,0,0,512,9,5289823093
1635,35317650,566,35318216,9,0,1,512,5,801444306
1636,35347201,45596,35392797,6,0,0,1024,9,3720982423
1637,35357290,1042,35358332,9,0,1,1024,5,7747474669
1638,35366380,2870,35369250,1,0,1,8704,17,1671999395
1639,35369170,3898,35373068,1,0,1,4096,17,3480253458
1640,35386820,82532,35469352,0,0,0,16384,6,5096543047
1641,35389400,2470,35391870,3,0,1,2560,6,1135321957
1642,35404641,80187,35484828,2,0,0,6656,10,6607565825
1643,35409260,121700,35530960,5,0,0,53760,19,1446481576
1644,35418180,566,35418746,9,0,1,512,5,6986394472
1645,35442820,1518,35444338,9,0,1,1536,5,7562759967
1646,35477751,164439,35642190,2,0,0,81920,10,426077734
1647,35483950,65598,35549548,3,0,0,2048,6,2849015118
1648,35487820,5326,35493146,3,0,1,5632,6,10084790860
1649,35498660,1042,35499702,3,0,1,1024,6,4111992134
1650,35499010,4385,35503395,2,0,1,4608,10,9639177688
1651,35561100,3904,35565004,2,0,1,10752,10,5524980335
1652,35565430,5971,35571401,3,0,1,14848,6,10420933239
1653,35572241,84107,35656348,6,0,0,2048,9,9483067954
1654,35629080,207717,35836797,5,0,0,48128,19,6585581373
1655,35639290,4435,35643725,2,0,1,1536,10,3568842947
1656,35671980,108368,35780348,5,0,0,55808,19,723905729
1657,35708330,177114,35885444,0,0,0,15360,6,6870664807
1658,35713070,133734,35846804,0,0,0,32768,6,8607135713
1659,35729330,6754,35736084,3,0,1,7168,6,7493556506
1660,35780940,121826,35902766,3,0,0,512,6,8102669149
1661,35784541,70628,35855169,6,0,0,512,9,10598470147
1662,35789650,3645,35793295,3,0,1,10240,6,3349052087
1663,35823480,30513,35853993,2,0,1,7680,10,7857299889
1664,35868090,5326,35873416,3,0,1,5632,6,7592541547
1665,35913091,3387,35916478,5,0,1,9728,19,10572121949
1666,35916531,103376,36019907,2,0,0,39424,10,8278282198
1667,35924110,139177,36063287,4,0,0,20480,18,2225185528
1668,35931531,45596,35977127,6,0,0,1024,9,4162279818
1669,35940460,109837,36050297,5,0,0,27136,19,4436456874
1670,35951620,223662,36175282,0,0,0,68608,6,8489900714
1671,35971751,566,35972317,5,0,1,512,19,5484856224
1672,36039391,15321,36054712,5,0,1,29696,19,4737325676
1673,36050621,4347,36054968,5,0,1,9216,19,5537805098
1674,36058300,94028,36152328,0,0,0,4608,6,9804686229
1675,36163880,55298,36219178,3,0,0,512,6,806644152
1676,36174191,45158,36219349,6,0,0,512,9,3145426256
1677,36180510,66352,36246862,5,0,0,10752,19,9584935120
1678,36188950,566,36189516,7,0,1,512,6,2224472065
1679,36224990,123497,36348487,5,0,0,45056,19,10043982874
1680,36225900,2946,36228846,9,0,1,3072,5,7042573417
1681,36239190,49136,36288326,5,0,0,2560,19,5467109597
1682,36329600,18902,36348502,7,0,1,6656,6,6338135677
1683,36351051,4374,36355425,5,0,1,4608,19,9211941746
1684,36377690,123344,36501034,4,0,0,104960,18,4235612942
1685,36389800,43904,36433704,3,0,0,512,6,2824928233
1686,36420060,97918,36517978,3,0,0,2048,6,5814250049
1687,36423060,228855,36651915,0,0,0,21504,6,1272732171
1688,36425340,3422,36428762,7,0,1,3584,6,5401389739
1689,36455470,566,36456036,2,0,1,512,10,3838762763
1690,36456570,6754,36463324,9,0,1,7168,5,4319703894
1691,36473581,290852,36764433,2,0,0,162816,10,928814422
1692,36486370,176480,36662850,0,0,0,35840,6,7138193193
1693,36521240,120013,36641253,3,0,0,512,6,2540682402
1694,36548121,96360,36644481,6,0,0,1024,9,7661695912
1695,36550591,134979,36685570,2,0,0,6144,10,10340499653
1696,36568771,195989,36764760,6,0,0,1024,9,10691274764
1697,36570140,101859,36671999,3,0,0,512,6,16723492
1698,36576810,5326,36582136,7,0,1,5632,6,5551125789
1699,36600920,5326,36606246,9,0,1,5632,5,3188592183
1700,36671491,281246,36952737,2,0,0,194560,10,10013786579
1701,36718180,171324,36889504,5,0,0,6656,19,7927315700
1702,36777130,278727,37055857,0,0,0,90624,6,9370005770
1703,36784820,15062,36799882,7,0,1,29184,6,9401555557
1704,36788090,14058,36802148,7,0,1,3584,6,2386886246
1705,36789170,57332,36846502,3,0,0,512,6,4404075986
1706,36798930,280818,37079748,0,0,0,78336,6,3853726973
1707,36830390,6229,36836619,2,0,1,15360,10,3474777797
1708,36842720,1994,36844714,2,0,1,2048,10,8840278935
1709,36855190,566,36855756,2,0,1,512,10,9596107328
1710,36863070,217785,37080855,5,0,0,3584,19,1702761628
1711,36904920,51263,36956183,2,0,1,9728,10,8974772377
1712,36925700,261915,37187615,5,0,0,130560,19,9528973215
1713,36936081,24053,36960134,5,0,1,4608,19,6442412504
1714,36936900,25976,36962876,7,0,1,14336,6,383472782
1715,36969591,54391,37023982,6,0,0,1024,9,9137377219
1716,36977130,1042,36978172,2,0,1,1024,10,178360718
1717,37029950,55851,37085801,9,0,1,12800,5,3016195545
1718,37039410,195403,37234813,3,0,0,1536,6,5389544061
1719,37051640,94835,37146475,3,0,0,1536,6,1389091536
1720,37072801,17450,37090251,5,0,1,13824,19,2674919473
1721,37121961,13770,37135731,5,0,1,26624,19,2527792577
1722,37145140,89190,37234330,0,0,0,16896,6,4540169732
1723,37166440,22226,37188666,9,0,1,1024,5,3469557042
1724,37175760,13572,37189332,9,0,1,1024,5,9204546369
1725,37197860,152702,37350562,0,0,0,60416,6,8060816752
1726,37221210,144377,37365587,3,0,0,3072,6,7486827368
1727,37226091,196163,37422254,2,0,0,17920,10,5221217005
1728,37247290,337198,37584488,5,0,0,68096,19,3245395912
1729,37260360,3898,37264258,4,0,1,4096,18,4231060707
1730,37275440,6278,37281718,4,0,1,6656,18,9880276439
1731,37277340,5684,37283024,2,0,1,2048,10,2579478785
1732,37297950,1042,37298992,4,0,1,1024,18,3909700670
1733,37322220,111538,37433758,5,0,0,33792,19,2435349030
1734,37354311,153812,37508123,6,0,0,1024,9,4830528127
1735,37365681,114427,37480108,2,0,0,18432,10,9970364449
1736,37376531,122601,37499132,2,0,0,27136,10,3928935610
1737,37378921,55164,37434085,2,0,0,1024,10,6948208762
1738,37388991,45265,37434256,6,0,0,512,9,10429113783
1739,37420020,172595,37592615,5,0,0,26624,19,538908922
1740,37453740,54056,37507796,0,0,0,3584,6,1659162641
1741,37471500,128348,37599848,5,0,0,13312,19,7474949632
1742,37476810,3856,37480666,7,0,1,512,6,1672838744
1743,37504800,55128,37559928,3,0,0,512,6,5623977535
1744,37541440,3898,37545338,2,0,1,4096,10,525475765
1745,37574830,25033,37599863,2,0,1,6656,10,5525051976
1746,37589830,19109,37608939,0,0,1,27648,6,7080771117
1747,37618630,5326,37623956,9,0,1,5632,5,3396123949
1748,37666640,1994,37668634,9,0,1,2048,5,2381911845
1749,37715110,566,37715676,2,0,1,512,10,10210845519
1750,37735161,566,37735727,5,0,1,512,19,2332749132
1751,37767330,16613,37783943,6,0,1,32256,9,5417214388
1752,37770320,16209,37786529,7,0,1,4096,6,8273080770
1753,37778390,130977,37909367,5,0,0,16896,19,2317672136
1754,37814050,566,37814616,9,0,1,512,5,6264693880
1755,37816150,4374,37820524,4,0,1,4608,18,7069001738
1756,37817230,71158,37888388,3,0,0,2048,6,10421582624
1757,37858921,10757,37869678,5,0,1,17408,19,3551252897
1758,37863680,11144,37874824,2,0,1,8192,10,840171240
1759,37864901,351727,38216628,2,0,0,133120,10,4030049006
1760,37909441,122013,38031454,2,0,0,6656,10,3123293736
1761,37919710,220761,38140471,5,0,0,85504,19,3746578862
1762,37983781,187653,38171434,2,0,0,19968,10,4968334355
1763,37987530,5802,37993332,9,0,1,6144,5,3753374667
1764,37991931,52129,38044060,6,0,0,1536,9,6392524445
1765,37998050,1518,37999568,2,0,1,1536,10,5339896803
1766,37999890,7230,38007120,9,0,1,7680,5,8168305716
1767,38022730,84406,38107136,5,0,0,1024,19,3673323502
1768,38031180,2736,38033916,7,0,1,2560,6,4661585442
1769,38093490,2470,38095960,2,0,1,2560,10,3861099628
1770,38102950,4374,38107324,2,0,1,4608,10,1010568623
1771,38103721,57103,38160824,6,0,0,3584,9,10002005829
1772,38133431,10454,38143885,5,0,1,3584,19,5877325700
1773,38140901,82399,38223300,6,0,0,1536,9,926292643
1774,38192361,25819,38218180,5,0,1,1536,19,7697315995
1775,38210720,8126,38218846,4,0,1,1024,18,10591864535
1776,38213940,148974,38362914,5,0,0,120832,19,4376241233
1777,38233790,2946,38236736,9,0,1,3072,5,771049520
1778,38238480,2470,38240950,7,0,1,2560,6,6175052279
1779,38243761,7230,38250991,5,0,1,7680,19,9693636371
1780,38250081,6754,38256835,5,0,1,7168,19,10247775628
1781,38260040,3422,38263462,2,0,1,3584,10,8561651528
1782,38262830,142941,38405771,3,0,0,1536,6,6616370792
1783,38264840,2946,38267786,4,0,1,3072,18,213194133
1784,38273530,7706,38281236,2,0,1,8192,10,9003152998
1785,38274881,147130,38422011,2,0,0,7680,10,8978810072
1786,38279020,87310,38366330,4,0,0,2560,18,763561672
1787,38281950,81978,38363928,3,0,0,3072,6,1696382093
1788,38296161,1994,38298155,5,0,1,2048,19,6003758058
1789,38301761,5326,38307087,5,0,1,5632,19,2257706067
1790,38314440,163023,38477463,5,0,0,26112,19,3435523177
1791,38316520,1994,38318514,4,0,1,2048,18,2402650822
1792,38321080,41849,38362929,2,0,1,13312,10,1968103389
1793,38330380,41263,38371643,4,0,1,8192,18,7267669601
1794,38333260,107430,38440690,4,0,0,10752,18,2564148036
1795,38340330,66545,38406875,3,0,0,512,6,7983617434
1796,38342791,306345,38649136,2,0,0,21504,10,9809888270
1797,38352920,23908,38376828,6,0,1,16384,9,2880593079
1798,38358940,234285,38593225,0,0,0,51712,6,9046671392
1799,38361440,16668,38378108,6,0,1,14336,9,8847336734
1800,38362260,359122,38721382,0,0,0,25600,6,1798998048
1801,38367270,14317,38381587,6,0,1,14336,9,7544104109
1802,38372000,205446,38577446,0,0,0,114176,6,7648012395
1803,38379210,3363,38382573,7,0,1,1536,6,4090276086
1804,38380040,7031,38387071,9,0,1,6656,5,6871105501
1805,38448870,4679,38453549,6,0,1,12288,9,2735583690
1806,38463340,1518,38464858,6,0,1,1536,9,3356035510
1807,38479570,252435,38732005,0,0,0,34816,6,5555576543
1808,38513851,10499,38524350,5,0,1,16896,19,5107615677
1809,38552460,51481,38603941,2,0,1,17408,10,9173672581
1810,38581750,193308,38775058,0,0,0,40448,6,7698372374
1811,38588391,306011,38894402,2,0,0,40448,10,1258342984
1812,38612990,5712,38618702,4,0,1,14336,18,853148925
1813,38615380,15110,38630490,6,0,1,22016,9,1600032309
1814,38621250,17209,38638459,6,0,1,27648,9,10119078055
1815,38625780,304104,38929884,0,0,0,17920,6,1332853197
1816,38630040,271752,38901792,0,0,0,21504,6,2542112188
1817,38631590,158247,38789837,0,0,0,44544,6,9522416785
1818,38636510,2295,38638805,4,0,1,512,18,3126124703
1819,38646821,4777,38651598,5,0,1,2560,19,3848424977
1820,38653070,1994,38655064,8,0,1,2048,3,764756101
1821,38685171,149105,38834276,6,0,0,512,9,8315665070
1822,38727331,5232,38732563,5,0,1,512,19,2991203786
1823,38749971,566,38750537,5,0,1,512,19,9403016455
1824,38751250,48685,38799935,3,0,0,512,6,4203293188
1825,38762080,12993,38775073,9,0,1,3584,5,4494456740
1826,38768540,21312,38789852,2,0,1,4096,10,2682201601
1827,38781590,132853,38914443,5,0,0,41472,19,3313412070
1828,38787451,3936,38791387,5,0,1,1536,19,6569820606
1829,38832780,156615,38989395,5,0,0,59392,19,8988624398
1830,38857120,4374,38861494,3,0,1,4608,6,3351412452
1831,38869670,2470,38872140,2,0,1,2560,10,8076986355
1832,38870120,3646,38873766,9,0,1,2560,5,7773700003
1833,38912891,7346,38920237,5,0,1,6144,19,1486116347
1834,38930910,7706,38938616,2,0,1,8192,10,1046950932
1835,38961850,341986,39303836,4,0,0,214016,18,6469621298
1836,38964590,566,38965156,2,0,1,512,10,5699566105
1837,38980090,20847,39000937,8,0,1,18944,3,3831876154
1838,38985330,347921,39333251,0,0,0,96256,6,3724214768
1839,39013350,135815,39149165,4,0,0,43008,18,6525065507
1840,39015151,566,39015717,5,0,1,512,19,2860254221
1841,39027201,211412,39238613,2,0,0,16384,10,4708090082
1842,39089921,138540,39228461,6,0,0,512,9,6940529634
1843,39135420,13760,39149180,9,0,1,10752,5,2350746581
1844,39147180,7318,39154498,8,0,1,5632,3,1851035610
1845,39155660,190750,39346410,5,0,0,43008,19,2829171424
1846,39158570,4850,39163420,2,0,1,5120,10,8435028135
1847,39178920,4850,39183770,9,0,1,5120,5,4355818055
1848,39186290,1518,39187808,2,0,1,1536,10,10543974722
1849,39186910,5326,39192236,9,0,1,5632,5,1255700628
1850,39196940,151841,39348781,5,0,0,7680,19,4676819063
1851,39259580,89395,39348975,3,0,0,512,6,10659644601
1852,39265001,83803,39348804,5,0,1,10752,19,3434852145
1853,39265480,105801,39371281,6,0,1,60928,9,3684506587
1854,39269981,222975,39492956,6,0,0,1024,9,2483071670
1855,39273120,129068,39402188,0,0,0,17920,6,9965381017
1856,39279900,95567,39375467,5,0,1,6656,19,6066129662
1857,39285731,63415,39349146,6,0,0,512,9,1500415225
1858,39294390,81743,39376133,4,0,1,1024,18,7146563593
1859,39302330,76069,39378399,9,0,1,3584,5,6139603020
1860,39309300,330234,39639534,5,0,0,142336,19,6625970535
1861,39315700,66885,39382585,4,0,1,6656,18,5837427502
1862,39317880,140571,39458451,3,0,0,1536,6,7375701051
1863,39366240,20531,39386771,4,0,1,6656,18,4288697490
1864,39370700,74091,39444791,6,0,1,120832,9,4932652894
1865,39391721,249255,39640976,6,0,0,1024,9,6928302164
1866,39431480,292783,39724263,5,0,0,61440,19,4440300380
1867,39432520,208121,39640641,5,0,0,3584,19,9611902501
1868,39445330,3128,39448458,8,0,1,9216,3,6813725757
1869,39476400,210598,39686998,3,0,0,10240,6,2755510856
1870,39509380,6278,39515658,5,0,1,6656,19,3441154558
1871,39540260,2946,39543206,2,0,1,3072,10,7687119297
1872,39568091,124145,39692236,6,0,0,512,9,4159526287
1873,39605480,164438,39769918,0,0,0,17408,6,4256841578
1874,39644220,2470,39646690,4,0,1,2560,18,2839498851
1875,39659330,98228,39757558,4,0,0,22528,18,7838956213
1876,39741961,67809,39809770,2,0,0,5120,10,4683164395
1877,39765440,19015,39784455,6,0,1,28160,9,6915604516
1878,39804040,3422,39807462,8,0,1,3584,3,10281034108
1879,39808870,187800,39996670,0,0,0,145408,6,5902046514
1880,39816010,1042,39817052,5,0,1,1024,19,5799328992
1881,39841600,1042,39842642,8,0,1,1024,3,8964244865
1882,39862570,5326,39867896,4,0,1,5632,18,1013207374
1883,39876780,121309,39998089,5,0,0,4608,19,8969942886
1884,39890330,165662,40055992,3,0,0,112128,6,1101444566
1885,39920270,1518,39921788,2,0,1,1536,10,7233328193
1886,39928731,88777,40017508,6,0,0,512,9,10117378433
1887,40038690,18353,40057043,6,0,1,1024,9,4885114321
1888,40047841,52384,40100225,6,0,0,512,9,1168030996
1889,40074530,208529,40283059,4,0,0,29696,18,9268590526
1890,40100650,173346,40273996,0,0,0,23552,6,4172471084
1891,40127130,7230,40134360,8,0,1,7680,3,4879068389
1892,40163340,121918,40285258,0,0,0,7168,6,5436126902
1893,40180530,5802,40186332,4,0,1,6144,18,8864764164
1894,40184950,138060,40323010,5,0,0,52224,19,1248153939
1895,40239410,119290,40358700,4,0,0,37376,18,7019114578
1896,40246280,566,40246846,4,0,1,512,18,6409439793
1897,40261820,135994,40397814,4,0,0,18432,18,5122816139
1898,40262821,118473,40381294,2,0,0,19456,10,2822487584
1899,40283120,88670,40371790,4,0,0,19456,18,411912903
1900,40333020,167512,40500532,3,0,0,87040,6,9984116936
1901,40335880,92724,40428604,5,0,0,12288,19,2519947084
1902,40356090,64501,40420591,6,0,1,100352,9,31742768
1903,40392581,108434,40501015,6,0,0,1536,9,9957758392
1904,40398650,299467,40698117,0,0,0,132608,6,5118725536
1905,40434581,127052,40561633,6,0,0,2048,9,10291300119
1906,40454690,3645,40458335,4,0,1,10240,18,8781016691
1907,40461510,184045,40645555,0,0,0,42496,6,2880301098
1908,40574880,223628,40798508,3,0,0,37376,6,7683521027
1909,40589430,174405,40763835,5,0,0,120320,19,4980279177
1910,40618851,221405,40840256,2,0,0,47616,10,1269928308
1911,40624140,234235,40858375,4,0,0,59392,18,8082571775
1912,40650180,175538,40825718,5,0,0,34816,19,176718785
1913,40672170,195128,40867298,3,0,0,29184,6,1800240449
1914,40719150,209827,40928977,5,0,0,44544,19,4406835
1915,40723880,305147,41029027,0,0,0,49152,6,2168769138
1916,40730331,217750,40948081,6,0,0,512,9,9028299328
1917,40737861,170986,40908847,2,0,0,50176,10,6106013831
1918,40801200,24533,40825733,6,0,1,27136,9,502528214
1919,40827910,53569,40881479,6,0,1,41472,9,3740874010
1920,40835800,46755,40882555,4,0,1,13312,18,10506449925
1921,40846710,156721,41003431,4,0,0,60928,18,1896472468
1922,40864071,171640,41035711,6,0,0,512,9,9998272158
1923,40885850,159537,41045387,4,0,0,13824,18,2520124197
1924,40900040,139397,41039437,3,0,0,1536,6,2509241300
1925,40937890,142287,41080177,3,0,0,9216,6,847058907
1926,40987221,103016,41090237,6,0,0,512,9,939187505
1927,41046900,12825,41059725,6,0,1,21504,9,5842760991
1928,41060040,7230,41067270,6,0,1,7680,9,9799777751
1929,41067251,5337,41072588,5,0,1,5632,19,8283936156
1930,41069501,180412,41249913,2,0,0,25600,10,3711751244
1931,41073280,123649,41196929,3,0,0,90112,6,8702482593
1932,41083480,231902,41315382,0,0,0,40960,6,6482934944
1933,41091070,236345,41327415,5,0,0,36864,19,5873587477
1934,41144030,52914,41196944,6,0,1,54784,9,6431092089
1935,41153190,205552,41358742,4,0,0,16384,18,8615676504
1936,41243240,271106,41514346,4,0,0,166912,18,6665540858
1937,41272470,120046,41392516,3,0,0,5120,6,3204361319
1938,41294330,76587,41370917,6,0,1,129024,9,8059081563
1939,41295331,99009,41394340,6,0,0,1024,9,9595379831
1940,41314160,142681,41456841,0,0,0,16896,6,6896608306
1941,41334831,91609,41426440,6,0,0,512,9,850325711
1942,41371931,145269,41517200,6,0,0,512,9,8232038666
1943,41372780,144241,41517021,3,0,0,8704,6,6070160029
1944,41406490,174199,41580689,3,0,0,14336,6,7444725597
1945,41407601,119957,41527558,6,0,0,3584,9,10472471507
1946,41467290,50435,41517725,6,0,1,512,9,9477752116
1947,41496770,165393,41662163,5,0,0,53760,19,3461851928
1948,41550111,86563,41636674,6,0,0,1536,9,8841073186
1949,41597990,155306,41753296,0,0,0,14848,6,3542341173
1950,41599040,129404,41728444,3,0,0,74752,6,4071274687
1951,41602081,198207,41800288,2,0,0,98816,10,7133714680
1952,41610661,118274,41728935,6,0,0,1536,9,7435879881
1953,41668470,149866,41818336,0,0,0,14336,6,435210137
1954,41704881,48742,41753623,6,0,0,1024,9,2062520786
1955,41709681,91596,41801277,6,0,0,1024,9,2031929184
1956,41747050,77419,41824469,4,0,0,9728,18,2085120744
1957,41755681,81981,41837662,6,0,0,1024,9,6265407153
1958,41805560,121651,41927211,3,0,0,23552,6,10728958505
1959,41827300,101174,41928474,5,0,0,4096,19,9753911361
1960,41835820,50672,41886492,5,0,0,2560,19,8382964887
1961,41890540,52364,41942904,0,0,0,3072,6,7813167093
1962,41962870,78056,42040926,3,0,0,11776,6,5891083356
1963,41975630,55748,42031378,0,0,0,4096,6,7216970692
1964,41999570,77812,42077382,5,0,0,8192,19,2407343530
1965,42006010,25383,42031393,0,0,1,45056,6,4820352820
1966,42008621,74134,42082755,6,0,0,1536,9,3309389870
1967,42008730,23797,42032527,0,0,1,15872,6,6179327055
1968,42039210,273534,42312744,5,0,0,26112,19,4493821744
1969,42085871,212713,42298584,6,0,0,512,9,4871350051
1970,42089800,73448,42163248,0,0,0,11776,6,521175867
1971,42100780,151050,42251830,4,0,0,4608,18,1915363576
1972,42143860,106551,42250411,0,0,0,16896,6,413000482
1973,42161510,56000,42217510,0,0,1,92160,6,8145999272
1974,42169250,58680,42227930,0,0,1,33280,6,7105725948
1975,42174830,58899,42233729,6,0,1,27648,9,8588487515
1976,42183930,128829,42312759,6,0,1,164864,9,7932117313
1977,42211460,107371,42318831,0,0,0,1024,6,9615306339
1978,42227010,87121,42314131,8,0,1,3584,3,9299773432
1979,42370160,425287,42795447,4,0,0,65024,18,6427823606
1980,42425571,64682,42490253,6,0,0,512,9,6965584940
1981,42439210,428849,42868059,0,0,0,16896,6,2005528702
1982,42448951,229376,42678327,6,0,0,1536,9,4554619980
1983,42479740,76846,42556586,6,0,1,129536,9,5494895435
1984,42482080,380816,42862896,0,0,0,5632,6,5807395702
1985,42484930,192914,42677844,5,0,0,57856,19,8481387127
1986,42502400,261175,42763575,4,0,0,81408,18,519376476
1987,42506020,181058,42687078,5,0,0,28672,19,6011930460
1988,42514491,190203,42704694,6,0,0,1536,9,6800675573
1989,42548320,326618,42874938,0,0,0,22528,6,7187680478
1990,42571760,289405,42861165,3,0,0,52736,6,8417123420
1991,42588380,566,42588946,8,0,1,512,3,1661459315
1992,42592410,26738,42619148,0,0,1,48640,6,349163520
1993,42596811,224331,42821142,6,0,0,512,9,8589226913
1994,42598670,22744,42621414,8,0,1,3584,3,894483127
1995,42606380,224597,42830977,3,0,0,20480,6,8440718836
1996,42646630,566,42647196,4,0,1,512,18,10209054114
1997,42651331,300963,42952294,2,0,0,14336,10,3319721348
1998,42806770,177430,42984200,4,0,0,78848,18,8098736986
1999,42812980,210748,43023728,5,0,0,9728,19,10232010516
2000,42825950,11773,42837723,8,0,1,7168,3,7052275887
2001,42833130,114623,42947753,4,0,0,12800,18,375525166
2002,42893390,4420,42897810,6,0,1,11776,9,1164631762
2003,42902631,222383,43125014,2,0,0,114176,10,5576412868
2004,42919950,110501,43030451,5,0,0,22016,19,4210277293
2005,43002360,154940,43157300,0,0,0,47616,6,3341346227
2006,43019970,33075,43053045,6,0,1,54272,9,9339298379
2007,43039070,34279,43073349,6,0,1,59904,9,9497619796
2008,43046090,27605,43073695,6,0,1,512,9,3914573038
2009,43055170,33976,43089146,6,0,1,49152,9,7201072497
2010,43056890,68171,43125061,6,0,1,59904,9,3351258407
2011,43062930,277062,43339992,5,0,0,46080,19,3144545767
2012,43081340,44783,43126123,4,0,1,1024,18,9025448480
2013,43085900,316750,43402650,4,0,0,23040,18,8208983537
2014,43105851,87557,43193408,6,0,0,2560,9,6968176669
2015,43125100,380794,43505894,0,0,0,9728,6,1823766924
2016,43133040,4937,43137977,6,0,1,12800,9,10208556268
2017,43170390,4374,43174764,8,0,1,4608,3,3038701071
2018,43171000,4230,43175230,8,0,1,9728,3,9969700621
2019,43176260,3422,43179682,6,0,1,3584,9,4968921585
2020,43183180,139083,43322263,5,0,0,8704,19,10648837597
2021,43219640,1042,43220682,0,0,1,1024,6,10020140813
2022,43220901,295947,43516848,2,0,0,16384,10,8857700271
2023,43230860,95077,43325937,5,0,0,1024,19,3381995206
2024,43282010,169378,43451388,5,0,0,25600,19,7463496034
2025,43287640,305044,43592684,0,0,0,36352,6,6250481760
2026,43315910,44233,43360143,6,0,1,72704,9,3415113557
2027,43361270,112564,43473834,3,0,0,22528,6,4852924215
2028,43390441,86060,43476501,2,0,0,8704,10,9746187749
2029,43396450,67160,43463610,5,0,0,4096,19,10571917766
2030,43443650,232092,43675742,0,0,0,20480,6,8225038704
2031,43445241,98782,43544023,2,0,0,9728,10,6277168752
2032,43463430,81388,43544818,0,0,0,2560,6,4446161854
2033,43474840,182878,43657718,5,0,0,107520,19,10495556492
2034,43492200,6754,43498954,8,0,1,7168,3,7917020388
2035,43560621,98212,43658833,2,0,0,3584,10,4321247820
2036,43602200,566,43602766,8,0,1,512,3,7134137978
2037,43624130,143035,43767165,4,0,0,40960,18,4032013972
2038,43657010,55107,43712117,0,0,1,87040,6,10701301822
2039,43661470,176550,43838020,4,0,0,5632,18,6307532394
2040,43681320,31463,43712783,8,0,1,1024,3,9415605445
2041,43714220,342078,44056298,4,0,0,185344,18,6833955700
2042,43715390,284421,43999811,3,0,0,95744,6,8666498873
2043,43722850,11274,43734124,0,0,1,18432,6,2924443229
2044,43744160,3898,43748058,8,0,1,4096,3,225743200
2045,43842630,227777,44070407,4,0,0,46080,18,4156332148
2046,43861370,265988,44127358,4,0,0,4608,18,8229434900
2047,43914770,141559,44056329,6,0,1,151040,9,187894546
2048,43918260,138084,44056344,0,0,1,18432,6,6373139517
2049,43991871,139522,44131393,6,0,0,512,9,8148434667
2050,44001231,183094,44184325,2,0,0,10752,10,5028416638
2051,44014390,57043,44071433,0,0,1,1024,6,1031020406
2052,44036910,161122,44198032,4,0,0,33792,18,3153149700
2053,44075621,325938,44401559,2,0,0,24576,10,1224598326
2054,44097030,12995,44110025,6,0,1,25088,9,6076581463
2055,44097250,15041,44112291,8,0,1,3584,3,4061587909
2056,44130850,5326,44136176,0,0,1,5632,6,1398316263
2057,44141080,316626,44457706,3,0,0,54272,6,622394335
2058,44158970,112133,44271103,4,0,0,67584,18,8667446814
2059,44188030,21010,44209040,8,0,1,17920,3,9995602271
2060,44200710,11236,44211946,8,0,1,4608,3,4331781221
2061,44201480,14332,44215812,6,0,1,6144,9,5009116331
2062,44202890,15508,44218398,8,0,1,4096,3,3781654199
2063,44220770,4374,44225144,8,0,1,4608,3,1342100790
2064,44231640,280624,44512264,3,0,0,19456,6,6169411631
2065,44239320,196098,44435418,4,0,0,38400,18,9986799367
2066,44247570,92791,44340361,6,0,1,150528,9,5515663176
2067,44272540,336592,44609132,3,0,0,153088,6,2909982296
2068,44369490,176032,44545522,0,0,0,97792,6,5875322415
2069,44370071,145640,44515711,2,0,0,11264,10,4216669951
2070,44380630,7706,44388336,8,0,1,8192,3,5927957599
2071,44409311,199992,44609303,6,0,0,512,9,9973060791
2072,44452810,197049,44649859,5,0,0,48128,19,4476972527
2073,44473500,337786,44811286,0,0,0,39424,6,10078898711
2074,44475520,133954,44609474,5,0,0,512,19,5405557126
2075,44499030,177950,44676980,0,0,0,30720,6,9642478274
2076,44512031,146735,44658766,2,0,0,29184,10,4787488354
2077,44512580,35429,44548009,6,0,1,2560,9,6914724232
2078,44601240,18983,44620223,6,0,1,17408,9,7225166619
2079,44644980,152957,44797937,0,0,0,40448,6,4577702424
2080,44659060,69284,44728344,4,0,0,8192,18,5408866251
2081,44682321,73180,44755501,6,0,0,512,9,3940676413
2082,44683350,2870,44686220,8,0,1,8704,3,5441563192
2083,44696310,171277,44867587,0,0,0,9216,6,7058118728
2084,44702800,171243,44874043,3,0,0,10240,6,4022815790
2085,44812031,193596,45005627,2,0,0,63488,10,9589863446
2086,44829180,23208,44852388,6,0,1,38400,9,1775584951
2087,44918190,122355,45040545,4,0,0,20992,18,4610437261
2088,44956580,49062,45005642,6,0,1,54272,9,3739811323
2089,44997560,12448,45010008,8,0,1,4608,3,550486083
2090,45040880,103079,45143959,5,0,0,26624,19,9658008052
2091,45113060,41132,45154192,6,0,1,66560,9,9784364166
2092,45156070,310141,45466211,4,0,0,108032,18,2164868434
2093,45160110,2470,45162580,7,0,1,2560,6,2000412368
2094,45205221,113673,45318894,2,0,0,3072,10,2949263200
2095,45221350,321655,45543005,0,0,0,132096,6,2201180510
2096,45242461,43904,45286365,6,0,0,512,9,7529702236
2097,45265890,53325,45319215,6,0,1,87040,9,9374179918
2098,45308980,10581,45319561,8,0,1,512,3,10498103017
2099,45316440,104466,45420906,6,0,1,169984,9,7077363518
2100,45383080,244097,45627177,5,0,0,14848,19,9899802815
2101,45420660,45566,45466226,6,0,1,28160,9,3825164400
2102,45456040,138575,45594615,0,0,0,22016,6,8933292904
2103,45456251,146227,45602478,6,0,0,512,9,6557058873
2104,45466390,273786,45740176,5,0,0,61952,19,1685767188
2105,45471810,150813,45622623,5,0,0,33280,19,575721872
2106,45484430,145203,45629633,4,0,0,3584,18,2001598721
2107,45493580,201313,45694893,0,0,0,42496,6,3287302229
2108,45609340,13298,45622638,0,0,1,6656,6,5438407838
2109,45622880,9139,45632019,0,0,1,5120,6,10123423775
2110,45678980,24242,45703222,6,0,1,40448,9,1820841558
2111,45722870,211772,45934642,0,0,0,52736,6,8636807880
2112,45796110,144142,45940252,5,0,0,11776,19,3401600778
2113,45798941,116543,45915484,2,0,0,36352,10,4675763934
2114,45813040,4162,45817202,7,0,1,11264,6,1537584081
2115,45820190,23120,45843310,6,0,1,41472,9,10161786273
2116,45836690,11446,45848136,0,0,1,7680,6,3736338431
2117,45923850,16417,45940267,7,0,1,13312,6,3389532481
2118,45925721,83478,46009199,2,0,0,15360,10,5209754796
2119,46010010,138393,46148403,4,0,0,61952,18,5819537621
2120,46050740,103294,46154034,0,0,0,18432,6,3126326341
2121,46067660,250913,46318573,4,0,0,31232,18,2897686573
2122,46092050,216960,46309010,4,0,0,175104,18,1453263158
2123,46149790,8134,46157924,7,0,1,4096,6,9113401415
2124,46261620,61286,46322906,7,0,1,4608,6,2809161065
2125,46263471,89460,46352931,2,0,0,512,10,8006038647
2126,46265640,58892,46324532,7,0,1,2560,6,3150119358
2127,46301350,70243,46371593,3,0,0,6144,6,5679137805
2128,46316571,315454,46632025,2,0,0,171520,10,3205168144
2129,46321950,3248,46325198,0,0,1,1024,6,10076595923
2130,46362510,1042,46363552,9,0,1,1024,5,5511295848
2131,46378961,78511,46457472,6,0,0,512,9,318517746
2132,46437730,249074,46686804,4,0,0,179712,18,4214696612
2133,46486030,205819,46691849,0,0,0,10752,6,10028164512
2134,46488410,5326,46493736,0,0,1,5632,6,6918315278
2135,46521021,166734,46687755,2,0,0,3072,10,9299220273
2136,46543290,145260,46688550,0,0,0,2560,6,1068999350
2137,46548941,238432,46787373,2,0,0,10240,10,6699770121
2138,46565790,180841,46746631,5,0,0,55296,19,2089634208
2139,46592221,160197,46752418,2,0,0,18944,10,914551046
2140,46634860,254101,46888961,5,0,0,1024,19,4202502637
2141,46701910,186233,46888143,3,0,0,102912,6,6381574828
2142,46746130,7322,46753452,7,0,1,1024,6,1469993383
2143,46774101,114525,46888626,6,0,0,1536,9,9915636304
2144,46851970,93673,46945643,4,0,0,24064,18,6540718243
2145,46873491,144266,47017757,6,0,0,32768,9,6063096982
2146,46890001,165154,47055155,2,0,0,8192,10,3229751981
2147,46904120,566,46904686,0,0,1,512,6,7076948319
2148,46908181,118015,47026196,6,0,0,27648,9,7518079766
2149,46910001,79467,46989468,2,0,0,4096,10,10230440410
2150,46969620,5802,46975422,7,0,1,6144,6,7860303193
2151,46987150,133030,47120180,4,0,0,61440,18,9843272458
2152,46989341,188683,47178024,2,0,0,10752,10,2395498556
2153,47000880,138636,47139516,5,0,0,36864,19,6895125605
2154,47026300,148433,47174733,4,0,0,41984,18,2993560780
2155,47027190,134736,47161926,3,0,0,19456,6,3586423336
2156,47041690,566,47042256,5,0,1,512,19,1062198451
2157,47120870,1518,47122388,7,0,1,1536,6,7265955905
2158,47136600,128802,47265402,5,0,0,59392,19,4635640692
2159,47199340,3422,47202762,8,0,1,3584,3,7684869393
2160,47202950,151258,47354208,5,0,0,122880,19,6949886313
2161,47226240,129075,47355315,3,0,0,3584,6,8293081296
2162,47254480,189200,47443680,3,0,0,91648,6,3194519841
2163,47267820,145044,47412864,0,0,0,5632,6,3831430845
2164,47275101,169374,47444475,2,0,0,2560,10,1286616485
2165,47355580,5802,47361382,7,0,1,6144,6,4798462782
2166,47372830,115136,47487966,3,0,0,29184,6,10262863304
2167,47445450,110084,47555534,0,0,0,61440,6,4134886408
2168,47454671,55963,47510634,2,0,0,512,10,1495164091
2169,47464430,161967,47626397,4,0,0,16896,18,1003305276
2170,47548570,112828,47661398,4,0,0,47616,18,4657090201
2171,47584630,2870,47587500,8,0,1,8704,3,4821088817
2172,47636070,1042,47637112,1,0,1,1024,17,2135201399
2173,47668610,1042,47669652,7,0,1,1024,6,9926257978
2174,47692780,103220,47796000,4,0,0,38912,18,7027726838
2175,47705110,105404,47810514,5,0,0,46080,19,9661046620
2176,47714521,141401,47855922,6,0,0,33792,9,3679959378
2177,47796700,107270,47903970,5,0,0,22016,19,9956782559
2178,47865580,138122,48003702,0,0,0,49664,6,6554536301
2179,47896021,43904,47939925,2,0,0,512,10,7647947624
2180,47932580,104936,48037516,4,0,0,44544,18,10303117044
2181,47975160,127720,48102880,3,0,0,14848,6,4189366889
2182,48035190,59524,48094714,0,0,0,2048,6,8777217764
2183,48073790,7706,48081496,9,0,1,8192,5,3631250765
2184,48080411,86069,48166480,6,0,0,9728,9,4008125623
2185,48101420,98588,48200008,4,0,0,18944,18,960929631
2186,48119560,1518,48121078,0,0,1,1536,6,9096797441
2187,48122971,43904,48166875,2,0,0,512,10,1863892922
2188,48133180,117366,48250546,0,0,0,12288,6,10455811943
2189,48137030,7230,48144260,0,0,1,7680,6,9394317695
2190,48172560,99472,48272032,5,0,0,1024,19,159588564
2191,48182960,186003,48368963,0,0,0,48640,6,7415495764
2192,48183960,1994,48185954,9,0,1,2048,5,6045254806
2193,48229370,71900,48301270,4,0,0,6656,18,401195697
2194,48231611,59366,48290977,6,0,0,6144,9,5999245593
2195,48250480,3004,48253484,0,0,1,3072,6,6051197694
2196,48254601,122957,48377558,6,0,0,28160,9,7669685566
2197,48320900,2470,48323370,9,0,1,2560,5,2182832124
2198,48337750,98551,48436301,4,0,0,22016,18,9435335117
2199,48352351,281432,48633783,6,0,0,23040,9,9079995105
2200,48420400,206348,48626748,4,0,0,216064,18,2408039853
2201,48455590,227336,48682926,3,0,0,36352,6,7402575580
2202,48476630,283840,48760470,3,0,0,129536,6,7832933242
2203,48530631,1994,48532625,5,0,1,2048,19,5084994549
2204,48541021,230696,48771717,6,0,0,36864,9,7777661453
2205,48543010,251498,48794508,3,0,0,74752,6,5884129848
2206,48625610,13015,48638625,9,0,1,5120,5,9707591280
2207,48661070,283169,48944239,3,0,0,54272,6,502760012
2208,48669930,13019,48682949,5,0,1,7168,19,134860987
2209,48670911,165009,48835920,6,0,0,81408,9,3787812842
2210,48690060,271666,48961726,3,0,0,57344,6,5979238654
2211,48744570,61738,48806308,4,0,1,19456,18,5138570024
2212,48754390,52904,48807294,9,0,1,1536,5,10163949478
2213,48857560,317744,49175304,5,0,0,35840,19,2103610882
2214,48862520,566,48863086,9,0,1,512,5,1795507430
2215,48902860,2470,48905330,5,0,1,2560,19,2949278390
2216,48904650,116330,49020980,4,0,0,62976,18,7661131039
2217,48925540,238805,49164345,3,0,0,127488,6,4179662174
2218,48950800,136287,49087087,5,0,0,6656,19,7947920732
2219,48962430,94352,49056782,3,0,0,5632,6,7314327782
2220,48967970,7706,48975676,5,0,1,8192,19,6156034707
2221,48969000,229466,49198466,0,0,0,52224,6,6302524145
2222,48990730,30265,49020995,6,0,1,46592,9,1261757802
2223,49038201,171706,49209907,6,0,0,37376,9,10372640219
2224,49079360,95991,49175351,6,0,1,152064,9,6025087593
2225,49106960,70322,49177282,0,0,1,2048,6,9628019278
2226,49125880,72601,49198481,6,0,1,16384,9,3329883883
2227,49137100,168017,49305117,4,0,0,29696,18,191096995
2228,49147610,173390,49321000,4,0,0,24064,18,1901402424
2229,49164680,33816,49198496,3,0,1,5632,6,10636982625
2230,49192580,17852,49210432,3,0,1,512,6,7035781361
2231,49222740,32299,49255039,6,0,1,52736,9,1240374756
2232,49233870,176668,49410538,5,0,0,14336,19,5665038482
2233,49237100,56827,49293927,6,0,1,93696,9,1837477102
2234,49245460,48813,49294273,5,0,1,512,19,4920340001
2235,49259380,36519,49295899,3,0,1,2560,6,4531363556
2236,49266520,236446,49502966,5,0,0,4608,19,7206146117
2237,49274650,30482,49305132,0,0,1,13824,6,2661890753
2238,49304860,333306,49638166,5,0,0,24576,19,807690166
2239,49308721,151237,49459958,6,0,0,4608,9,7004941494
2240,49309691,3898,49313589,5,0,1,4096,19,4676352336
2241,49330391,566,49330957,5,0,1,512,19,3765658091
2242,49371490,15837,49387327,6,0,1,30720,9,3719696621
2243,49373990,172357,49546347,4,0,0,105472,18,4616580184
2244,49391500,268674,49660174,4,0,0,18944,18,9584292214
2245,49396020,1518,49397538,5,0,1,1536,19,8285593096
2246,49439270,346846,49786116,5,0,0,68096,19,5063743308
2247,49442910,253354,49696264,3,0,0,101376,6,2961421611
2248,49451640,1994,49453634,3,0,1,2048,6,3033655371
2249,49472020,293333,49765353,5,0,0,57856,19,4804549798
2250,49517080,128286,49645366,4,0,0,5632,18,6502770279
2251,49526670,293188,49819858,0,0,0,73216,6,5936221564
2252,49542850,319822,49862672,0,0,0,47104,6,7994757323
2253,49553810,62933,49616743,6,0,1,102400,9,9977600628
2254,49555700,61607,49617307,5,0,1,10752,19,3877543472
2255,49567510,53343,49620853,5,0,1,5632,19,7238868409
2256,49569331,393472,49962803,2,0,0,512,10,8811210373
2257,49593710,203817,49797527,4,0,0,37376,18,8576540153
2258,49607900,214469,49822369,3,0,0,8192,6,9704333105
2259,49631880,9241,49641121,5,0,1,3072,19,7442955021
2260,49636830,14847,49651677,6,0,1,20992,9,4358102731
2261,49639900,12033,49651933,5,0,1,9216,19,2714924441
2262,49645420,471274,50116694,0,0,0,247808,6,7372992303
2263,49658610,320957,49979567,5,0,0,5120,19,1554171789
2264,49667580,350081,50017661,4,0,0,64000,18,4192363690
2265,49668790,29051,49697841,0,0,1,1536,6,6710411161
2266,49687350,16195,49703545,3,0,1,7168,6,39283662
2267,49692760,15291,49708051,0,0,1,7168,6,7263848111
2268,49703681,419150,50122831,6,0,0,11776,9,6877880835
2269,49711100,1042,49712142,0,0,1,1024,6,1995030599
2270,49727300,410895,50138195,3,0,0,23040,6,8918670616
2271,49742821,387692,50130513,2,0,0,512,10,9118786806
2272,49747560,382782,50130342,3,0,0,24576,6,2028407856
2273,49763811,367349,50131160,2,0,0,2048,10,2885572906
2274,49776310,50868,49827178,0,0,1,5120,6,3841396234
2275,49815260,16104,49831364,3,0,1,6656,6,4770075898
2276,49823180,12050,49835230,0,0,1,6144,6,158313362
2277,49827050,106007,49933057,5,0,1,174592,19,544430091
2278,49837380,100183,49937563,3,0,1,7168,6,4809007756
2279,49852661,266567,50119228,6,0,0,6656,9,2515313992
2280,49926970,32299,49959269,6,0,1,52736,9,304587848
2281,49956950,160235,50117185,0,0,0,1536,6,3964722278
2282,49964710,358886,50323596,0,0,0,60928,6,687370465
2283,49964880,5196,49970076,6,0,1,13312,9,7192533580
2284,49971150,566,49971716,3,0,1,512,6,4397413829
2285,49990050,373500,50363550,5,0,0,15360,19,4666957346
2286,50024911,241782,50266693,6,0,0,129024,9,893583837
2287,50030711,170137,50200848,2,0,0,2048,10,2522487038
2288,50034231,359158,50393389,6,0,0,75776,9,4938252692
2289,50042560,107410,50149970,0,0,1,19456,6,5094982105
2290,50078100,75736,50153836,3,0,1,6144,6,5336384982
2291,50087620,72527,50160147,5,0,1,22016,19,1042685141
2292,50115121,227273,50342394,2,0,0,512,10,6692254709
2293,50128930,64406,50193336,5,0,1,65536,19,8736594456
2294,50138970,60165,50199135,6,0,1,27648,9,7388295652
2295,50164070,164188,50328258,5,0,0,2560,19,4895821571
2296,50168560,33481,50202041,5,0,1,4608,19,7339840695
2297,50183610,24947,50208557,5,0,1,23040,19,9014808888
2298,50197500,145065,50342565,0,0,0,512,6,3925746249
2299,50218410,122160,50340570,3,0,0,4608,6,4817789933
2300,50229350,282664,50512014,0,0,0,56320,6,7037374833
2301,50261280,216404,50477684,4,0,0,42496,18,7391416118
2302,50266321,165845,50432166,2,0,0,512,10,9145287337
2303,50279600,1042,50280642,3,0,1,1024,6,3597894102
2304,50281810,117218,50399028,4,0,0,18432,18,2801278446
2305,50282640,3898,50286538,0,0,1,4096,6,7318638021
2306,50316140,13250,50329390,0,0,1,6144,6,3028927201
2307,50338280,2305,50340585,3,0,1,1024,6,4306479622
2308,50349810,7706,50357516,6,0,1,8192,9,2061819867
2309,50358500,214240,50572740,4,0,0,27648,18,2662350451
2310,50362790,501526,50864316,0,0,0,54784,6,3340031281
2311,50388620,123417,50512037,6,0,1,167936,9,2205075827
2312,50444790,157446,50602236,5,0,0,28672,19,7410030986
2313,50464900,265582,50730482,5,0,0,97280,19,8954960682
2314,50495790,18210,50514000,4,0,1,2048,18,5805013727
2315,50533470,503458,51036928,4,0,0,93696,18,4740405745
2316,50553060,251730,50804790,4,0,0,56832,18,3155764114
2317,50554080,360033,50914113,3,0,0,18944,6,3633323634
2318,50559600,286269,50845869,4,0,0,85504,18,797534581
2319,50568610,335147,50903757,0,0,0,114176,6,6610751752
2320,50577571,269421,50846992,6,0,0,3584,9,2180182121
2321,50590091,318235,50908326,2,0,0,1536,10,853908706
2322,50610600,7706,50618306,3,0,1,8192,6,10672119689
2323,50675710,259890,50935600,4,0,0,9216,18,4988577111
2324,50686460,3387,50689847,0,0,1,9728,6,7176175331
2325,50692510,3128,50695638,6,0,1,9216,9,5928034896
2326,50696930,210898,50907828,3,0,0,13312,6,4716402171
2327,50717480,16656,50734136,3,0,1,10240,6,432469866
2328,50724510,13951,50738461,6,0,1,5120,9,8357732341
2329,50742700,182238,50924938,5,0,0,4608,19,6932558255
2330,50786290,342879,51129169,0,0,0,64000,6,3877131453
2331,50834450,210145,51044595,3,0,0,25088,6,3688430293
2332,50839781,92717,50932498,6,0,0,21504,9,1371099657
2333,50857750,9962,50867712,3,0,1,9728,6,5183991126
2334,50862750,45093,50907843,4,0,1,10752,18,501832128
2335,50897640,19352,50916992,3,0,1,8704,6,8989461218
2336,50902901,92273,50995174,6,0,0,8192,9,1958251945
2337,50915990,193656,51109646,0,0,0,8704,6,9466007553
2338,50942350,164629,51106979,4,0,0,44032,18,2409862019
2339,50953020,3422,50956442,4,0,1,3584,18,7068073134
2340,50980790,566,50981356,2,0,1,512,10,2476075745
2341,51017820,27776,51045596,3,0,1,1024,6,4744054008
2342,51039751,90837,51130588,6,0,0,4608,9,2829450598
2343,51041071,150871,51191942,6,0,0,45568,9,3104986140
2344,51098391,55151,51153542,2,0,0,512,10,7786978559
2345,51120300,11815,51132115,2,0,1,1536,10,9366021832
2346,51129260,125677,51254937,5,0,0,32768,19,1479222020
2347,51132770,15579,51148349,6,0,1,30208,9,7357508366
2348,51178481,124971,51303452,2,0,0,1024,10,1361558656
2349,51181690,17023,51198713,4,0,1,7168,18,6996426395
2350,51223330,99788,51323118,0,0,0,27648,6,7254915241
2351,51226140,2946,51229086,4,0,1,3072,18,10684971906
2352,51242530,12422,51254952,0,0,1,4608,6,6617898980
2353,51332570,115388,51447958,3,0,0,78848,6,6416078326
2354,51348470,4850,51353320,4,0,1,5120,18,9863907246
2355,51404920,2870,51407790,0,0,1,8704,6,5904123501
2356,51460240,50672,51510912,4,0,0,2560,18,6920453940
2357,51533881,129740,51663621,6,0,0,125952,9,250565328
2358,51540930,1994,51542924,0,0,1,2048,6,7680610249
2359,51557781,173280,51731061,6,0,0,47616,9,4472353808
2360,51597330,160785,51758115,3,0,0,44544,6,1928068700
2361,51603131,101446,51704577,2,0,0,1024,10,7250016055
2362,51609380,2470,51611850,3,0,1,2560,6,3374071832
2363,51629640,211056,51840696,4,0,0,40448,18,10511446467
2364,51630921,132420,51763341,6,0,0,5120,9,4020966452
2365,51687360,84441,51771801,5,0,0,7680,19,10733563616
2366,51709181,119176,51828357,6,0,0,47104,9,1491665985
2367,51770540,74107,51844647,0,0,0,8704,6,7265086730
2368,51777240,2946,51780186,4,0,1,3072,18,9416095301
2369,51779000,1532,51780532,0,0,1,512,6,2430923118
2370,51784480,3898,51788378,2,0,1,4096,10,10112849113
2371,51803860,5326,51809186,4,0,1,5632,18,6464657126
2372,51828230,108970,51937200,0,0,0,16896,6,5597459677
2373,51875380,1042,51876422,3,0,1,1024,6,572666281
2374,51891511,113627,52005138,6,0,0,37376,9,6083498823
2375,51982750,128260,52111010,3,0,0,47616,6,1424189581
2376,52002950,92268,52095218,3,0,0,20992,6,2326841124
2377,52005140,23489,52028629,5,0,1,38912,19,9605394018
2378,52012900,107234,52120134,0,0,0,10752,6,6139117912
2379,52046000,3645,52049645,3,0,1,10240,6,10731240162
2380,52048181,89618,52137799,2,0,0,512,10,7054718615
2381,52050070,121153,52171223,0,0,0,27648,6,9126540446
2382,52065350,3422,52068772,3,0,1,3584,6,10492079931
2383,52121050,23120,52144170,5,0,1,41472,19,7426224277
2384,52138570,144787,52283357,3,0,0,12800,6,6871081358
2385,52174660,2946,52177606,4,0,1,3072,18,4573124792
2386,52175070,85267,52260337,5,0,0,18432,19,6052572229
2387,52209620,566,52210186,0,0,1,512,6,3398452955
2388,52229690,566,52230256,4,0,1,512,18,3233397116
2389,52241361,57208,52298569,2,0,0,512,10,6901284148
2390,52263900,67104,52331004,0,0,0,512,6,3567263425
2391,52281840,2075,52283915,3,0,1,512,6,2546828617
2392,52306210,141665,52447875,3,0,0,65024,6,7330363927
2393,52310500,3904,52314404,3,0,1,10752,6,1533200868
2394,52322260,141601,52463861,5,0,0,12800,19,3118805922
2395,52326550,318738,52645288,4,0,0,68096,18,6960618187
2396,52331410,1042,52332452,4,0,1,1024,18,6561485469
2397,52422721,126800,52549521,2,0,0,2048,10,907974120
2398,52457570,116515,52574085,0,0,0,32256,6,4297026351
2399,52459290,5712,52465002,5,0,1,14336,19,3110049438
2400,52498011,100777,52598788,6,0,0,11264,9,2317710394
2401,52510751,250655,52761406,6,0,0,59904,9,8936366117
2402,52516130,7706,52523836,0,0,1,8192,6,776409583
2403,52583930,130040,52713970,3,0,0,65536,6,6443948328
2404,52584000,246508,52830508,5,0,0,48640,19,10226691108
2405,52589470,60824,52650294,4,0,0,5632,18,1149723149
2406,52596760,268433,52865193,0,0,0,22016,6,4762904939
2407,52605741,44568,52650309,5,0,1,73728,19,2686046095
2408,52614931,148986,52763917,9,0,0,8192,5,10205051515
2409,52644320,76749,52721069,3,0,0,14336,6,4662785707
2410,52654670,182683,52837353,4,0,0,17920,18,9268083935
2411,52701691,62241,52763932,5,0,1,79360,19,5146851149
2412,52717640,46307,52763947,4,0,1,512,18,6229844309
2413,52735931,68387,52804318,5,0,1,111616,19,2003640678
2414,52746141,171726,52917867,6,0,0,12288,9,37597321
2415,52749250,58934,52808184,0,0,1,6144,6,9596871716
2416,52756030,271550,53027580,3,0,0,6144,6,8018839164
2417,52773140,200787,52973927,0,0,0,5632,6,5423980627
2418,52775510,304150,53079660,5,0,0,104448,19,4833040831
2419,52785181,166282,52951463,6,0,0,45056,9,7181283083
2420,52831090,265589,53096679,5,0,0,55808,19,5311056057
2421,52839650,376451,53216101,0,0,0,120320,6,6916818906
2422,52873570,252321,53125891,4,0,0,52224,18,4732587719
2423,52884471,4374,52888845,5,0,1,4608,19,10077847556
2424,52934121,65636,52999757,6,0,0,3584,9,1015242187
2425,52941010,15771,52956781,4,0,1,5632,18,5402951977
2426,52962751,210563,53173314,6,0,0,512,9,2621223332
2427,52975610,125920,53101530,0,0,0,15872,6,5016791880
2428,52981270,55748,53037018,5,0,0,4096,19,9877468591
2429,52994730,228874,53223604,4,0,0,24576,18,3045889133
2430,53020061,137803,53157864,5,0,0,21504,19,1603610530
2431,53081050,218808,53299858,0,0,0,18432,6,4460770233
2432,53095210,166173,53261383,4,0,0,40960,18,10081970159
2433,53096271,197948,53294219,9,0,0,49152,5,10106379165
2434,53104480,3422,53107902,4,0,1,3584,18,10474720864
2435,53116711,151594,53268305,2,0,0,512,10,10676810260
2436,53145561,78238,53223799,2,0,0,512,10,2159318513
2437,53146601,15062,53161663,5,0,1,29184,19,8542322025
2438,53187801,112384,53300185,6,0,0,1024,9,5304286532
2439,53188290,37963,53226253,0,0,1,2560,6,3549810621
2440,53199580,29662,53229242,4,0,1,12288,18,6656513716
2441,53220640,99211,53319851,5,0,0,12288,19,2457694199
2442,53246630,90142,53336772,3,0,0,6144,6,1483833527
2443,53246640,65742,53312382,3,0,0,5632,6,2365577054
2444,53282490,21076,53303566,0,0,1,3584,6,8856564073
2445,53295931,69475,53365406,5,0,1,108032,19,2373179330
2446,53305780,92702,53398482,4,0,0,11776,18,3034225075
2447,53338900,28132,53367032,3,0,1,2560,6,9410144895
2448,53342510,91306,53433816,3,0,0,5632,6,7261085358
2449,53377620,6754,53384374,0,0,1,7168,6,10350628097
2450,53411550,248745,53660295,0,0,0,92672,6,6351473994
2451,53412681,75146,53487827,2,0,0,1024,10,4006712017
2452,53422141,186156,53608297,6,0,0,1024,9,5082182175
2453,53426531,59764,53486295,6,0,0,512,9,1131177265
2454,53431160,6278,53437438,8,0,1,6656,3,1144374823
2455,53432860,14548,53447408,8,0,1,23040,3,8894756910
2456,53449711,210763,53660474,2,0,0,512,10,10177273166
2457,53453250,7230,53460480,9,0,1,7680,5,9933407396
2458,53456241,231742,53687983,9,0,0,19456,5,1037620301
2459,53460760,7230,53467990,4,0,1,7680,18,10569984195
2460,53464961,4335,53469296,5,0,1,2048,19,10539378066
2461,53480080,566,53480646,3,0,1,512,6,2375690040
2462,53520821,86247,53607068,2,0,0,3072,10,3627651297
2463,53559671,157877,53717548,2,0,0,512,10,3811515626
2464,53568330,12308,53580638,4,0,1,20480,18,4906155931
2465,53593430,186923,53780353,3,0,0,89600,6,1756572592
2466,53602820,224912,53827732,0,0,0,19456,6,1824856195
2467,53608450,180209,53788659,0,0,0,4096,6,5802587716
2468,53632170,189619,53821789,0,0,0,25600,6,736818653
2469,53636340,151056,53787396,4,0,0,23040,18,7699854326
2470,53650251,143260,53793511,9,0,0,5632,5,8400279469
2471,53657540,10682,53668222,3,0,1,8192,6,3221284898
2472,53664640,149334,53813974,3,0,0,43008,6,9993808781
2473,53668930,6278,53675208,8,0,1,6656,3,3923630790
2474,53684660,8165,53692825,8,0,1,5120,3,785238897
2475,53703530,3387,53706917,3,0,1,9728,6,4607272370
2476,53708951,122711,53831662,5,0,0,10752,19,305772908
2477,53709031,119340,53828371,2,0,0,2048,10,9798103523
2478,53716701,215230,53931931,5,0,0,29184,19,9142605087
2479,53741070,203824,53944894,0,0,0,42496,6,8431918506
2480,53754090,216447,53970537,4,0,0,65024,18,7212679892
2481,53819110,171770,53990880,3,0,0,9216,6,2011477103
2482,53881770,11274,53893044,3,0,1,18432,6,3523349559
2483,53882160,489085,54371245,4,0,0,42496,18,2180555167
2484,53906241,126179,54032420,5,0,1,208896,19,1252768874
2485,53940050,179624,54119674,1,0,0,1536,17,1006938560
2486,53947790,86896,54034686,3,0,1,3584,6,6289906238
2487,53954030,82141,54036171,4,0,1,15360,18,2828897619
2488,53962940,412844,54375784,0,0,0,14848,6,2217026252
2489,53963361,155830,54119191,9,0,0,34816,5,7721012873
2490,53972621,107114,54079735,9,0,0,6144,5,6665035555
2491,53996470,42287,54038757,1,0,1,4096,17,6377366169
2492,54001320,142124,54143444,4,0,1,229888,18,8900384624
2493,54007570,246705,54254275,0,0,0,19968,6,49409099
2494,54034570,124427,54158997,4,0,1,57856,18,7736279117
2495,54037180,149329,54186509,1,0,0,2048,17,9373957254
2496,54060980,99643,54160623,8,0,1,2560,3,7557662367
2497,54063140,98149,54161289,8,0,1,1024,3,472574284
2498,54065920,198955,54264875,1,0,0,1024,17,9993610846
2499,54070010,93865,54163875,4,0,1,4096,18,2112432336
2500,54073520,111304,54184824,1,0,0,1024,17,1912197710
2501,54082220,409820,54492040,0,0,0,98304,6,2225237769
2502,54092170,246992,54339162,0,0,0,83456,6,7859156394
2503,54100871,239785,54340656,2,0,0,1536,10,1745664512
2504,54115960,276972,54392932,0,0,0,28160,6,4482419270
2505,54146490,315575,54462065,0,0,0,34304,6,10092699094
2506,54171460,405314,54576774,0,0,0,18432,6,3978922444
2507,54188031,390630,54578661,9,0,0,6144,5,1285384921
2508,54197350,307747,54505097,3,0,0,39424,6,4886262979
2509,54197700,3645,54201345,8,0,1,10240,3,4271312361
2510,54226071,343137,54569208,5,0,0,123392,19,7958306468
2511,54235980,2470,54238450,8,0,1,2560,3,10029134769
2512,54277910,127326,54405236,1,0,0,512,17,5854956433
2513,54292260,566,54292826,8,0,1,512,3,776525073
2514,54296351,210165,54506516,5,0,0,4608,19,3261832870
2515,54304000,267095,54571095,4,0,0,6144,18,3059503298
2516,54314531,198637,54513168,6,0,0,512,9,6867880553
2517,54394520,2470,54396990,1,0,1,2560,17,791810501
2518,54396230,2066,54398296,8,0,1,2048,3,1914456518
2519,54398590,4374,54402964,1,0,1,4608,17,6433471355
2520,54403900,380698,54784598,0,0,0,64000,6,6721345980
2521,54434410,14545,54448955,4,0,1,28160,18,9740146352
2522,54439670,10911,54450581,8,0,1,2560,3,282590540
2523,54453620,241327,54694947,5,0,0,1024,19,465583187
2524,54468700,37831,54506531,8,0,1,5120,3,9473378720
2525,54470670,263060,54733730,4,0,0,58368,18,1393791392
2526,54507841,181609,54689450,5,0,0,49152,19,9916755959
2527,54531390,279788,54811178,4,0,0,31744,18,269918323
2528,54538170,314975,54853145,0,0,0,17408,6,4250701021
2529,54542051,259440,54801491,6,0,0,512,9,1356085984
2530,54545121,166632,54711753,2,0,0,1024,10,9709244531
2531,54546440,159199,54705639,0,0,0,20992,6,2476047964
2532,54547600,123977,54671577,1,0,0,1536,17,1314788132
2533,54559611,151815,54711426,5,0,0,18944,19,9135373703
2534,54582350,324036,54906386,0,0,0,4608,6,4370487997
2535,54592020,7706,54599726,1,0,1,8192,17,3696571069
2536,54601880,359956,54961836,0,0,0,84480,6,3576324225
2537,54626050,1994,54628044,1,0,1,2048,17,2074670995
2538,54627111,174209,54801320,5,0,0,54784,19,9519174949
2539,54635951,79462,54715413,2,0,0,1536,10,3850189686
2540,54708150,4637,54712787,1,0,1,1024,17,1209335149
2541,54713551,306983,55020534,9,0,0,49152,5,9275853742
2542,54715390,137926,54853316,1,0,0,512,17,3882549750
2543,54720830,13500,54734330,8,0,1,512,3,5790840195
2544,54728640,6356,54734996,8,0,1,1024,3,1422223224
2545,54731500,7106,54738606,8,0,1,4608,3,7380787654
2546,54756150,230833,54986983,0,0,0,82432,6,9937308697
2547,54761490,23123,54784613,1,0,1,5120,17,10006550749
2548,54812050,3904,54815954,0,0,1,10752,6,3234590354
2549,54895840,107527,55003367,1,0,0,2048,17,1810463444
2550,54936711,160057,55096768,5,0,0,60416,19,8425895582
2551,54948610,44159,54992769,1,0,1,6144,17,3249622316
2552,54957670,120675,55078345,0,0,0,9728,6,3837583905
2553,54987490,114452,55101942,1,0,0,1536,17,4680866526
2554,55020570,566,55021136,9,0,1,512,5,5589427477
2555,55061210,118042,55179252,4,0,0,76800,18,4056020552
2556,55102520,6278,55108798,0,0,1,6656,6,5083459449
2557,55114871,192461,55307332,9,0,0,168960,5,7785103633
2558,55159990,25549,55185539,1,0,1,6656,17,905410626
2559,55161170,25035,55186205,1,0,1,1024,17,1241235388
2560,55260170,50024,55310194,8,0,1,8704,3,1774146620
2561,55320231,106964,55427195,5,0,0,51200,19,10605669932
2562,55381400,106808,55488208,4,0,0,50688,18,9203869869
2563,55414071,77965,55492036,2,0,0,512,10,10015531187
2564,55419500,157760,55577260,0,0,0,39424,6,1303366558
2565,55441230,1994,55443224,1,0,1,2048,17,54364556
2566,55442150,4420,55446570,8,0,1,11776,3,912347318
2567,55490910,3904,55494814,1,0,1,10752,17,947217170
2568,55514740,6488,55521228,1,0,1,15872,17,849411421
2569,55527210,2946,55530156,1,0,1,3072,17,5175607508
2570,55527371,147988,55675359,5,0,0,29696,19,5463147445
2571,55587110,157064,55744174,4,0,0,22528,18,433911101
2572,55591540,54701,55646241,4,0,0,3584,18,5630907771
2573,55679100,96848,55775948,4,0,0,23040,18,8332555662
2574,55696640,67904,55764544,4,0,0,8704,18,2551315421
2575,55718700,81776,55800476,3,0,0,18944,6,5373250863
2576,55751440,49207,55800647,1,0,0,512,17,8985039624
2577,55758380,96492,55854872,0,0,0,8704,6,10207640841
2578,55848321,52364,55900685,5,0,0,3072,19,10217406688
2579,55911881,95492,56007373,5,0,0,28672,19,7173203200
2580,55912170,45596,55957766,1,0,0,1024,17,7924956331
2581,55971991,47268,56019259,2,0,0,1024,10,5909925931
2582,55979330,110864,56090194,3,0,0,64000,6,8387334453
2583,55999711,63084,56062795,2,0,0,512,10,4169517373
2584,56001661,97959,56099620,2,0,0,3072,10,10365696152
2585,56039970,84256,56124226,3,0,0,2048,6,552886948
2586,56072771,61319,56134090,6,0,0,512,9,9595825781
2587,56076380,19633,56096013,6,0,1,6144,9,6082573177
2588,56127480,52364,56179844,1,0,0,3072,17,346872197
2589,56147520,5802,56153322,9,0,1,6144,5,7372063366
2590,56160881,141388,56302269,5,0,0,43520,19,1552687738
2591,56165500,1518,56167018,0,0,1,1536,6,5427973466
2592,56200031,114364,56314395,2,0,0,1536,10,6689425822
2593,56256750,151755,56408505,3,0,0,82432,6,1150296672
2594,56271591,83291,56354882,6,0,0,2048,9,8091833546
2595,56290120,145727,56435847,0,0,0,9728,6,5643605407
2596,56352660,7230,56359890,0,0,1,7680,6,9078582539
2597,56361920,5454,56367374,0,0,1,13824,6,9040879131
2598,56364071,132316,56496387,5,0,0,47104,19,9607798929
2599,56381130,36087,56417217,6,0,1,63488,9,6158483542
2600,56390831,218455,56609286,9,0,0,116736,5,3824679092
2601,56398230,103023,56501253,3,0,0,15872,6,1514877714
2602,56481410,14992,56496402,0,0,1,3072,6,9379283982
2603,56493950,115835,56609785,1,0,0,1536,17,1773846518
2604,56498021,133667,56631688,6,0,0,1536,9,9513811005
2605,56510760,200230,56710990,4,0,0,51200,18,10559606740
2606,56541620,22862,56564482,6,0,1,40960,9,9947558386
2607,56549241,94251,56643492,2,0,0,1024,10,5295540017
2608,56550620,14208,56564828,0,0,1,512,6,3525086565
2609,56569010,566,56569576,6,0,1,512,9,349099523
2610,56596351,153918,56750269,6,0,0,1536,9,820369175
2611,56597600,27206,56624806,6,0,1,29184,9,4779142650
2612,56623490,45596,56669086,1,0,0,1024,17,8960055757
2613,56664640,108681,56773321,0,0,0,15360,6,3056294807
2614,56724690,161117,56885807,0,0,0,6144,6,7650020100
2615,56724970,3422,56728392,6,0,1,3584,9,4406512475
2616,56750800,161455,56912255,4,0,0,12288,18,4099866614
2617,56754220,54588,56808808,7,0,0,512,6,1003471675
2618,56793380,48130,56841510,7,0,0,512,6,2449469525
2619,56802330,53237,56855567,6,0,1,90112,9,5460980439
2620,56806781,70342,56877123,6,0,0,1536,9,8682141577
2621,56832410,238563,57070973,7,0,0,512,6,4594886284
2622,56839200,17033,56856233,1,0,1,1024,17,7437121490
2623,56858370,92613,56950983,4,0,0,14848,18,8665783761
2624,56880950,212482,57093432,3,0,0,64512,6,1955133781
2625,56914650,81137,56995787,1,0,0,1024,17,9441668898
2626,56931320,250032,57181352,3,0,0,12800,6,3954817962
2627,56933260,208309,57141569,3,0,0,151552,6,576931248
2628,56959110,101624,57060734,6,0,1,164352,9,7807457881
2629,56960600,181304,57141904,7,0,0,1024,6,5310806608
2630,56976610,84470,57061080,1,0,1,512,17,8337440100
2631,56979910,348616,57328526,7,0,0,512,6,9019392874
2632,56992320,70386,57062706,1,0,1,2560,17,8953616948
2633,56997740,66592,57064332,1,0,1,2560,17,1417339559
2634,56998520,329835,57328355,1,0,0,512,17,4281910858
2635,57012110,52888,57064998,1,0,1,1024,17,8766105235
2636,57015741,432515,57448256,6,0,0,512,9,1779976058
2637,57031250,317738,57348988,3,0,0,39936,6,9908353355
2638,57064590,258103,57322693,3,0,0,145408,6,7737996155
2639,57074330,168002,57242332,7,0,0,512,6,6577794815
2640,57085170,242998,57328168,0,0,0,17920,6,26664381
2641,57106340,420643,57526983,0,0,0,52736,6,8005212944
2642,57148030,4850,57152880,1,0,1,5120,17,2102124625
2643,57163710,171010,57334720,1,0,0,1024,17,3328728316
2644,57171171,276906,57448077,9,0,0,36864,5,7102010715
2645,57181440,309248,57490688,4,0,0,18944,18,10625019764
2646,57189230,171128,57360358,7,0,0,512,6,9641611598
2647,57226960,140140,57367100,4,0,0,9216,18,10320539368
2648,57257320,91839,57349159,7,0,0,512,6,4228514895
2649,57289770,271654,57561424,7,0,0,1024,6,8427925098
2650,57298931,178041,57476972,5,0,0,70144,19,3887729828
2651,57350350,184259,57534609,7,0,0,1024,6,5777029990
2652,57407070,11791,57418861,6,0,1,19456,9,10034199159
2653,57438271,55394,57493665,9,0,0,1024,5,10565471143
2654,57476261,50893,57527154,6,0,0,512,9,6622105342
2655,57492171,67356,57559527,6,0,0,1024,9,7135695519
2656,57537380,119051,57656431,1,0,0,512,17,8598178195
2657,57558981,119296,57678277,2,0,0,512,10,5169860495
2658,57602670,45596,57648266,7,0,0,1024,6,3009121215
2659,57628031,204447,57832478,9,0,0,178176,5,5135945282
2660,57752020,81440,57833460,1,0,0,2048,17,9950748101
2661,57755270,77551,57832821,1,0,0,1024,17,3422748366
2662,57776521,74181,57850702,6,0,0,1024,9,6122234072
2663,57784830,169829,57954659,1,0,0,512,17,5263875125
2664,57785751,134047,57919798,5,0,0,13824,19,6371984270
2665,57836531,88906,57925437,9,0,0,18432,5,7214637266
2666,57849761,150104,57999865,5,0,0,43520,19,3299851972
2667,57876621,56528,57933149,5,0,0,6656,19,4471572057
2668,57895291,81687,57976978,9,0,0,7680,5,2594235775
2669,57907191,106760,58013951,9,0,0,33792,5,3838807058
2670,57908340,135340,58043680,4,0,0,8704,18,7075099492
2671,57916980,113781,58030761,1,0,0,1024,17,4011125278
2672,57944031,112272,58056303,6,0,0,3072,9,7556825882
2673,57951690,145378,58097068,3,0,0,27648,6,7029685854
2674,57990050,10390,58000440,6,0,1,512,9,5821437542
2675,57999580,1968,58001548,6,0,1,1536,9,264072490
2676,58033710,127985,58161695,7,0,0,512,6,6715546222
2677,58035180,99788,58134968,4,0,0,27648,18,3241120745
2678,58050721,155707,58206428,5,0,0,100864,19,8399619519
2679,58093391,164187,58257578,5,0,0,60928,19,7836073218
2680,58146681,60698,58207379,6,0,0,3072,9,3762331126
2681,58154131,108306,58262437,5,0,0,15872,19,8280160968
2682,58217671,80552,58298223,5,0,0,19968,19,10194211369
2683,58241520,68013,58309533,1,0,0,512,17,6831082547
2684,58262800,4162,58266962,2,0,1,11264,10,9345269011
2685,58264811,150376,58415187,9,0,0,119296,5,6730227725
2686,58266890,4162,58271052,2,0,1,11264,10,1433983285
2687,58269660,166315,58435975,3,0,0,24064,6,2811396027
2688,58301750,113608,58415358,7,0,0,512,6,10047060110
2689,58330220,5802,58336022,1,0,1,6144,17,5563882580
2690,58347770,76349,58424119,0,0,0,3072,6,9031588984
2691,58349910,70093,58420003,3,0,0,9728,6,1446007667
2692,58398720,218965,58617685,4,0,0,116224,18,4065107027
2693,58404600,11834,58416434,6,0,1,1024,9,5721573245
2694,58413140,61043,58474183,3,0,0,1024,6,2934519924
2695,58415700,130700,58546400,1,0,0,1536,17,9331455120
2696,58438241,102319,58540560,5,0,0,4096,19,2520522385
2697,58440180,121785,58561965,1,0,0,1024,17,7110499054
2698,58478831,73423,58552254,6,0,0,1024,9,5467518405
2699,58510910,1042,58511952,6,0,1,1024,9,9876083424
2700,58547400,6278,58553678,2,0,1,6656,10,2441906560
2701,58565570,103149,58668719,4,0,0,3584,18,4769784049
2702,58575121,52508,58627629,5,0,0,2560,19,9830078325
2703,58584500,77081,58661581,7,0,0,512,6,5496131420
2704,58594060,107890,58701950,4,0,0,22016,18,6569143464
2705,58612981,50161,58663142,2,0,0,512,10,7633480752
2706,58613551,49918,58663469,2,0,0,1024,10,4529473657
2707,58621590,72322,58693912,1,0,0,512,17,10676872377
2708,58665090,91280,58756370,0,0,0,14848,6,8360015229
2709,58674010,10499,58684509,6,0,1,16896,9,493529625
2710,58691641,74360,58766001,5,0,0,9728,19,8260889000
2711,58719270,4162,58723432,7,0,1,11264,6,9734644018
2712,58731141,191639,58922780,2,0,0,512,10,10087675691
2713,58757280,43904,58801184,7,0,0,512,6,8080089175
2714,58757770,47288,58805058,7,0,0,1536,6,10101039409
2715,58759411,100100,58859511,9,0,0,28672,5,10319762843
2716,58793140,3898,58797038,7,0,1,4096,6,1388032255
2717,58797900,1994,58799894,6,0,1,2048,9,4068870738
2718,58810310,1042,58811352,7,0,1,1024,6,6702375249
2719,58836490,55485,58891975,3,0,0,512,6,2635451244
2720,58838000,48980,58886980,7,0,0,2048,6,5268343053
2721,58840380,566,58840946,2,0,1,512,10,1788306400
2722,58845291,269986,59115277,5,0,0,126464,19,9859814302
2723,58848071,49136,58897207,2,0,0,2560,10,8478576091
2724,58890660,51307,58941967,3,0,0,1024,6,6615323496
2725,58892920,3422,58896342,6,0,1,3584,9,9390868091
2726,58932230,1994,58934224,7,0,1,2048,6,3058015031
2727,58987111,69702,59056813,5,0,0,1536,19,10605423804
2728,59006770,52575,59059345,3,0,0,2048,6,863596838
2729,59035111,80337,59115448,2,0,0,512,10,1754233230
2730,59097170,21692,59118862,2,0,1,3584,10,1638338546
2731,59130631,43904,59174535,2,0,0,512,10,5429076267
2732,59131430,3898,59135328,6,0,1,4096,9,6293540288
2733,59159920,3898,59163818,2,0,1,4096,10,9114503449
2734,59170760,1994,59172754,6,0,1,2048,9,2232015716
2735,59182530,13341,59195871,2,0,1,22528,10,1456880434
2736,59214021,47288,59261309,6,0,0,1536,9,11372871
2737,59214100,2470,59216570,6,0,1,2560,9,9005992215
2738,59259041,53052,59312093,2,0,0,1024,10,8323284782
2739,59265801,45596,59311397,6,0,0,1024,9,7866099962
2740,59271210,4374,59275584,2,0,1,4608,10,1887504930
2741,59291781,48980,59340761,2,0,0,2048,10,6475800464
2742,59294991,167425,59462416,6,0,0,2560,9,8604494634
2743,59301860,43904,59345764,3,0,0,512,6,2624012525
2744,59319460,1042,59320502,7,0,1,1024,6,2060910245
2745,59336170,2470,59338640,7,0,1,2560,6,9374559809
2746,59338840,116282,59455122,7,0,0,1024,6,3801857394
2747,59342571,160064,59502635,5,0,0,4608,19,428730553
2748,59360210,11274,59371484,6,0,1,18432,9,10248035447
2749,59373881,113119,59487000,5,0,0,26112,19,3991642572
2750,59397980,1042,59399022,7,0,1,1024,6,9092150784
2751,59408890,78905,59487795,7,0,0,2560,6,6292545937
2752,59431380,2470,59433850,7,0,1,2560,6,7348342047
2753,59443850,5712,59449562,7,0,1,14336,6,3195805754
2754,59445500,46671,59492171,7,0,0,512,6,6763582007
2755,59451250,76718,59527968,7,0,0,2048,6,192384969
2756,59462330,114143,59576473,4,0,0,1536,18,9248442221
2757,59465931,197516,59663447,5,0,0,15360,19,7105787467
2758,59471110,6754,59477864,6,0,1,7168,9,10314187874
2759,59507551,77057,59584608,5,0,0,15872,19,10007178412
2760,59514520,107538,59622058,1,0,0,512,17,4338112823
2761,59567240,43904,59611144,1,0,0,512,17,10541862704
2762,59572090,1518,59573608,7,0,1,1536,6,6932617386
2763,59595011,43904,59638915,6,0,0,512,9,2479274209
2764,59614740,4420,59619160,6,0,1,11776,9,9611170515
2765,59617621,45997,59663618,6,0,0,512,9,2935915710
2766,59617990,1836,59619826,7,0,1,1024,6,4403029375
2767,59675200,81620,59756820,0,0,0,18432,6,3786571185
2768,59699990,107653,59807643,7,0,0,1024,6,10457080867
2769,59708230,55976,59764206,7,0,0,1024,6,368431202
2770,59738630,62516,59801146,0,0,0,6144,6,10137411430
2771,59749211,61124,59810335,5,0,1,98816,19,7717322782
2772,59751900,139192,59891092,0,0,0,31744,6,2347123953
2773,59755640,140486,59896126,3,0,0,512,6,2470999906
2774,59763271,179545,59942816,2,0,0,1024,10,2305834247
2775,59782440,28049,59810489,7,0,1,8704,6,5347573081
2776,59794241,145347,59939588,6,0,0,512,9,1746160920
2777,59828901,72799,59901700,5,0,1,118272,19,8034525773
2778,59851730,121014,59972744,3,0,0,512,6,9652775238
2779,59851760,55086,59906846,6,0,1,8192,9,10183836678
2780,59968210,117428,60085638,0,0,0,19456,6,6861996349
2781,59974210,140869,60115079,7,0,0,2048,6,523793289
2782,59984731,20882,60005613,5,0,1,33792,19,9340030113
2783,59986610,65200,60051810,7,0,0,1024,6,10010600158
2784,59990860,143672,60134532,0,0,0,44544,6,7396509913
2785,60015340,122342,60137682,0,0,0,9728,6,4324334405
2786,60022481,95653,60118134,2,0,0,1024,10,3670584677
2787,60040130,94573,60134703,3,0,0,512,6,3133263844
2788,60048961,67186,60116147,2,0,0,512,10,3579045762
2789,60080291,10665,60090956,5,0,1,5632,19,3697829302
2790,60130560,11012,60141572,6,0,1,4096,9,2573908632
2791,60148901,51473,60200374,2,0,0,512,10,9202829702
2792,60151171,50398,60201569,6,0,0,2048,9,2002739960
2793,60151741,171243,60322984,5,0,0,33792,19,9772713727
2794,60156470,98551,60255021,4,0,0,18944,18,8398415355
2795,60170500,1518,60172018,6,0,1,1536,9,1444903431
2796,60177930,6488,60184418,6,0,1,15872,9,2104521540
2797,60184081,57440,60241521,9,0,0,4608,5,6475019072
2798,60262430,43904,60306334,7,0,0,512,6,9927073654
2799,60263841,72283,60336124,5,0,1,117248,19,8505780236
2800,60264841,90723,60355564,6,0,0,512,9,5800994370
2801,60273240,68030,60341270,7,0,1,8192,6,9858066057
2802,60327700,14556,60342256,2,0,1,1536,10,1761679624
2803,60352220,2470,60354690,7,0,1,2560,6,5571923538
2804,60354101,66680,60420781,9,0,0,9728,5,5551162608
2805,60366910,43904,60410814,1,0,0,512,17,7269664851
2806,60412481,45179,60457660,5,0,1,77824,19,7360859782
2807,60425650,32983,60458633,7,0,1,12800,6,1090210864
2808,60449600,12579,60462179,6,0,1,5632,9,474078432
2809,60470431,107831,60578262,2,0,0,512,10,10727112654
2810,60482040,4850,60486890,7,0,1,5120,6,8444683446
2811,60483750,200149,60683899,0,0,0,31232,6,2531719493
2812,60527870,2470,60530340,7,0,1,2560,6,2742746299
2813,60536730,4374,60541104,2,0,1,4608,10,5522284222
2814,60549161,174347,60723508,9,0,0,11776,5,4357002127
2815,60558751,1042,60559793,5,0,1,1024,19,7162712301
2816,60606190,3645,60609835,6,0,1,10240,9,5631740468
2817,60614910,192346,60807256,0,0,0,33792,6,2631895461
2818,60633240,50986,60684226,3,0,0,1024,6,9883918055
2819,60633950,5971,60639921,6,0,1,14848,9,9166770488
2820,60638441,158496,60796937,2,0,0,512,10,6369428280
2821,60642560,2946,60645506,2,0,1,3072,10,2876162556
2822,60645621,46745,60692366,2,0,0,1024,10,10505169930
2823,60646990,190269,60837259,1,0,0,512,17,8193089339
2824,60660300,3422,60663722,6,0,1,3584,9,7293624118
2825,60662111,134655,60796766,9,0,0,71680,5,1890062090
2826,60668830,1518,60670348,2,0,1,1536,10,7129363093
2827,60679321,206124,60885445,5,0,0,16384,19,6452455180
2828,60680951,319514,61000465,9,0,0,7168,5,770135868
2829,60702031,198405,60900436,9,0,0,49152,5,7548971812
2830,60716151,14287,60730438,5,0,1,27648,19,4400129106
2831,60728890,228883,60957773,1,0,0,512,17,3471999816
2832,60738060,87870,60825930,7,0,0,512,6,7598311509
2833,60739330,1994,60741324,1,0,1,2048,17,2516912780
2834,60750310,65971,60816281,1,0,0,2560,17,3291890924
2835,60751480,246599,60998079,4,0,0,43520,18,3050747340
2836,60776240,241538,61017778,7,0,0,1536,6,7211756573
2837,60786380,295657,61082037,3,0,0,512,6,3269841212
2838,60796670,77190,60873860,4,0,0,2048,18,5256339418
2839,60798970,337555,61136525,4,0,0,75776,18,1623424847
2840,60806480,1409,60807889,2,0,1,512,10,54187017
2841,60824631,35829,60860460,5,0,1,62976,19,8357081043
2842,60829120,33926,60863046,6,0,1,4096,9,10241022863
2843,60835651,64800,60900451,5,0,1,79872,19,8222495474
2844,60843840,173455,61017295,4,0,0,46592,18,2900503067
2845,60853250,145000,60998250,3,0,0,512,6,3213162473
2846,60857101,381139,61238240,2,0,0,1024,10,4132705508
2847,60865271,218302,61083573,2,0,0,512,10,3736726060
2848,60873690,26792,60900482,7,0,1,4608,6,10480631695
2849,60877550,301899,61179449,4,0,0,10240,18,6675318467
2850,60893370,282944,61176314,0,0,0,35840,6,5230209203
2851,60894180,11742,60905922,6,0,1,13824,9,4665255938
2852,60932001,316389,61248390,9,0,0,26112,5,9182771117
2853,60937121,113894,61051015,9,0,0,5632,5,6968336260
2854,60939011,153729,61092740,6,0,0,512,9,9774629181
2855,60942951,146513,61089464,6,0,0,512,9,2703920055
2856,60968870,1042,60969912,7,0,1,1024,6,1057171225
2857,60988170,340578,61328748,4,0,0,56832,18,10513689746
2858,60992610,308099,61300709,1,0,0,512,17,1452013289
2859,61001830,1042,61002872,2,0,1,1024,10,10501213632
2860,61017611,25863,61043474,5,0,1,46592,19,7223244056
2861,61029330,60305,61089635,3,0,0,512,6,3683754252
2862,61037981,262557,61300538,9,0,0,12800,5,4254041573
2863,61043010,94193,61137203,7,0,0,512,6,3303544268
2864,61049050,87958,61137008,3,0,0,1536,6,4785160366
2865,61074890,4374,61079264,6,0,1,4608,9,2218676784
2866,61117010,155766,61272776,1,0,0,1024,17,8793425440
2867,61126381,105618,61231999,2,0,0,1024,10,1720286273
2868,61132970,5710,61138680,7,0,1,1536,6,2653629978
2869,61159201,181461,61340662,6,0,0,512,9,10484114970
2870,61173110,166936,61340046,3,0,0,2048,6,10639886528
2871,61174621,53662,61228283,6,0,0,512,9,3011418783
2872,61183400,2946,61186346,2,0,1,3072,10,5345460425
2873,61185590,254852,61440442,4,0,0,14336,18,2522942130
2874,61194580,241424,61436004,0,0,0,83968,6,7661785736
2875,61208120,45979,61254099,3,0,0,512,6,10482415027
2876,61234681,206615,61441296,2,0,0,512,10,2957748461
2877,61258821,236427,61495248,9,0,0,41472,5,2589494182
2878,61295970,4754,61300724,7,0,1,2560,6,10610755759
2879,61317241,73523,61390764,6,0,0,1024,9,758384760
2880,61336630,169676,61506306,7,0,0,1024,6,1513435340
2881,61375750,31524,61407274,4,0,1,51200,18,8666737232
2882,61410090,25945,61436035,6,0,1,5632,9,1194309372
2883,61411610,33165,61444775,7,0,1,4608,6,1615367910
2884,61413310,32657,61445967,2,0,1,11264,10,6708064072
2885,61417080,31103,61448183,7,0,1,3072,6,3319896019
2886,61417770,107961,61525731,7,0,0,1024,6,1803129767
2887,61424871,182193,61607064,6,0,0,512,9,3969846392
2888,61439900,9909,61449809,2,0,1,2560,10,2352703741
2889,61444890,9745,61454635,7,0,1,7680,6,5405159037
2890,61450130,5376,61455506,4,0,1,12288,18,5699633716
2891,61489250,68084,61557334,1,0,0,1024,17,7511697731
2892,61522330,48629,61570959,7,0,0,1024,6,7787527371
2893,61552901,69932,61622833,5,0,0,15360,19,5810215599
2894,61564350,2870,61567220,4,0,1,8704,18,7275074928
2895,61566030,5395,61571425,2,0,1,4608,10,1504854008
2896,61579881,66981,61646862,6,0,0,512,9,3869379564
2897,61583470,45596,61629066,3,0,0,1024,6,9654515213
2898,61595511,44644,61640155,6,0,0,512,9,8173986724
2899,61601020,103376,61704396,4,0,0,39424,18,2190688102
2900,61602970,55562,61658532,4,0,1,94720,18,303163157
2901,61609950,49248,61659198,6,0,1,1024,9,4567462276
2902,61621350,233155,61854505,0,0,0,28672,6,4528294131
2903,61631320,29504,61660824,7,0,1,2560,6,104125340
2904,61653671,77038,61730709,2,0,0,1536,10,4683987320
2905,61676120,305651,61981771,0,0,0,49664,6,2072790805
2906,61730980,84512,61815492,0,0,0,12800,6,1466499393
2907,61749700,107432,61857132,7,0,0,1024,6,5715352147
2908,61750200,2470,61752670,6,0,1,2560,9,5208954218
2909,61758911,207713,61966624,6,0,0,512,9,1922740190
2910,61773200,7230,61780430,2,0,1,7680,10,8637022519
2911,61782420,235402,62017822,0,0,0,118272,6,798439377
2912,61812111,154334,61966445,9,0,0,51200,5,7286290540
2913,61819490,43628,61863118,4,0,1,74752,18,10688905100
2914,61824920,193244,62018164,1,0,0,1024,17,8908581176
2915,61856280,11344,61867624,6,0,1,7168,9,2047876878
2916,61863351,289489,62152840,9,0,0,80384,5,10091847718
2917,61878610,145395,62024005,1,0,0,1024,17,7597938726
2918,61892510,225574,62118084,1,0,0,1024,17,1544847682
2919,61902940,298801,62201741,1,0,0,512,17,7074291062
2920,61921241,97102,62018343,2,0,0,512,10,3998463027
2921,61926050,3898,61929948,7,0,1,4096,6,343228013
2922,61930720,139250,62069970,3,0,0,512,6,4212953159
2923,61934710,83127,62017837,4,0,1,75264,18,3496108397
2924,61938241,241654,62179895,2,0,0,512,10,7341591144
2925,62004041,308783,62312824,6,0,0,1024,9,8826843251
2926,62033841,278173,62312014,5,0,0,5632,19,1360237489
2927,62034931,131188,62166119,2,0,0,512,10,9259887497
2928,62043020,186611,62229631,3,0,0,40960,6,1124878243
2929,62047641,118299,62165940,9,0,0,23552,5,6547900190
2930,62079350,1042,62080392,2,0,1,1024,10,3350966305
2931,62100901,139944,62240845,2,0,0,1024,10,892816300
2932,62103760,89469,62193229,1,0,0,1024,17,4292966921
2933,62113501,347003,62460504,9,0,0,114176,5,3763453787
2934,62146340,172506,62318846,7,0,0,1536,6,6401416877
2935,62156610,84562,62241172,4,0,0,1024,18,4765150397
2936,62159880,9620,62169500,2,0,1,3584,10,2320866613
2937,62166880,5846,62172726,4,0,1,5120,18,2677243815
2938,62174970,1042,62176012,7,0,1,1024,6,1795927958
2939,62175580,54378,62229958,1,0,0,1024,17,3305438087
2940,62197311,159418,62356729,2,0,0,1024,10,6388386591
2941,62198180,112103,62310283,4,0,0,61440,18,4932735995
2942,62213831,64088,62277919,5,0,0,5632,19,4540542078
2943,62216620,95877,62312497,1,0,0,1536,17,3864255580
2944,62232801,116092,62348893,6,0,0,512,9,5183985012
2945,62289541,73036,62362577,2,0,0,512,10,5994557342
2946,62289801,178713,62468514,9,0,0,25088,5,8069393004
2947,62379081,95103,62474184,9,0,0,17408,5,2248199681
2948,62389840,71007,62460847,1,0,0,1024,17,5585520751
2949,62413210,55655,62468865,7,0,0,1024,6,4551421797
2950,62427290,169908,62597198,3,0,0,41984,6,9048751728
2951,62433461,139845,62573306,5,0,0,24064,19,9708300127
2952,62441470,33024,62474494,4,0,1,14848,18,272081236
2953,62450360,25301,62475661,7,0,1,1536,6,9182946021
2954,62452880,64506,62517386,1,0,0,1536,17,8959522083
2955,62481630,1994,62483624,7,0,1,2048,6,6734381615
2956,62483560,5802,62489362,0,0,1,6144,6,6868596212
2957,62487970,51418,62539388,1,0,0,2048,17,4224087010
2958,62495820,4937,62500757,7,0,1,12800,6,3719550802
2959,62500710,32305,62533015,4,0,1,52736,18,8534288657
2960,62501550,31721,62533271,7,0,1,9216,6,6385980239
2961,62525440,12657,62538097,7,0,1,7680,6,1077099406
2962,62526280,219835,62746115,0,0,0,10240,6,7449221057
2963,62535940,3463,62539403,0,0,1,1536,6,7642527855
2964,62546641,108152,62654793,5,0,0,19456,19,10046798236
2965,62585640,14020,62599660,7,0,1,2560,6,1802312858
2966,62597330,458267,63055597,3,0,0,222720,6,3587704290
2967,62598490,129600,62728090,1,0,0,2048,17,3667730660
2968,62606361,260671,62867032,9,0,0,78848,5,4997783082
2969,62614270,31266,62645536,4,0,1,50688,18,5499867592
2970,62641031,179730,62820761,5,0,0,2048,19,3482746331
2971,62641510,6932,62648442,2,0,1,4608,10,5825634978
2972,62645310,425799,63071109,1,0,0,512,17,1101283201
2973,62645640,305422,62951062,4,0,0,40960,18,453928017
2974,62650480,4871,62655351,7,0,1,512,6,10387849779
2975,62654990,5971,62660961,4,0,1,14848,18,3690429193
2976,62656650,5808,62662458,7,0,1,8704,6,8210720355
2977,62659060,5650,62664710,2,0,1,2560,10,4471349970
2978,62661271,406509,63067780,5,0,0,39936,19,9215115043
2979,62665760,48363,62714123,4,0,0,1024,18,6371471919
2980,62672010,52540,62724550,7,0,0,512,6,1538798152
2981,62696491,218421,62914912,5,0,0,1536,19,7876543491
2982,62710810,195174,62905984,4,0,0,15360,18,5224431788
2983,62714590,4374,62718964,0,0,1,4608,6,9347429788
2984,62727111,340996,63068107,6,0,0,1024,9,7051241578
2985,62743121,157606,62900727,6,0,0,1536,9,10423996046
2986,62743260,339126,63082386,4,0,0,35328,18,2693394268
2987,62745890,325717,63071607,7,0,0,512,6,10456883407
2988,62756871,330865,63087736,5,0,0,13824,19,7602196846
2989,62798401,272529,63070930,5,0,0,9216,19,8373503401
2990,62798540,128938,62927478,7,0,0,1024,6,9783348927
2991,62806330,153498,62959828,7,0,0,512,6,2837077178
2992,62845140,23878,62869018,7,0,1,2048,6,8741301366
2993,62908560,75008,62983568,4,0,0,16896,18,1424308430
2994,62908751,188742,63097493,6,0,0,1536,9,6879887629
2995,62909231,41846,62951077,5,0,1,64000,19,7988665971
2996,62952690,118746,63071436,7,0,0,1024,6,9391187175
2997,62979651,8071,62987722,5,0,1,11264,19,4599552590
2998,62984371,99138,63083509,9,0,0,3584,5,3583432434
2999,62996421,164605,63161026,6,0,0,1536,9,7619462256
3000,63015340,78067,63093407,2,0,1,14336,10,2714911415
3001,63024520,163443,63187963,3,0,0,46592,6,3200948937
3002,63085230,8523,63093753,7,0,1,512,6,4472503215
3003,63093850,208345,63302195,4,0,0,43008,18,8489704742
3004,63099620,117491,63217111,4,0,0,7168,18,8883756580
3005,63100610,114302,63214912,0,0,0,20992,6,4053700460
3006,63146441,70841,63217282,2,0,0,512,10,1644261791
3007,63156811,79575,63236386,9,0,0,5120,5,6971334462
3008,63193000,4679,63197679,7,0,1,12288,6,7450216635
3009,63258660,4374,63263034,9,0,1,4608,5,5011773460
3010,63266620,1994,63268614,9,0,1,2048,5,8363608711
3011,63270240,1994,63272234,9,0,1,2048,5,4624347424
3012,63273930,100739,63374669,3,0,0,29696,6,3851738349
3013,63288480,13730,63302210,7,0,1,1024,6,6028206214
3014,63289980,99179,63389159,1,0,0,512,17,4610375791
3015,63292430,224343,63516773,4,0,0,11264,18,4804856824
3016,63294041,81298,63375339,2,0,0,2048,10,3232027379
3017,63300450,5214,63305664,2,0,1,9728,10,6668663627
3018,63314921,225339,63540260,2,0,0,512,10,4668368904
3019,63322520,217546,63540066,0,0,0,50688,6,4749727292
3020,63332891,240310,63573201,6,0,0,1024,9,4318359887
3021,63363930,10762,63374692,9,0,1,9728,5,9554161492
3022,63366620,16384,63383004,7,0,1,8192,6,9540607108
3023,63367330,17620,63384950,7,0,1,3072,6,3831167037
3024,63376220,55901,63432121,4,0,1,87040,18,3883346243
3025,63377821,139123,63516944,6,0,0,512,9,2570998705
3026,63415940,192506,63608446,7,0,0,4096,6,4648591992
3027,63435801,265430,63701231,9,0,0,60416,5,3887368592
3028,63466920,1042,63467962,2,0,1,1024,10,5203498504
3029,63487900,1518,63489418,3,0,1,1536,6,10636009657
3030,63505631,310196,63815827,5,0,0,65024,19,3595219339
3031,63510860,29221,63540081,4,0,1,30720,18,10646661141
3032,63534791,239608,63774399,9,0,0,38400,5,10435548435
3033,63555650,1518,63557168,9,0,1,1536,5,5527019088
3034,63565590,6229,63571819,4,0,1,15360,18,5183739101
3035,63584500,581470,64165970,0,0,0,133632,6,10237488773
3036,63590921,424167,64015088,5,0,0,32768,19,4450043848
3037,63605520,5326,63610846,7,0,1,5632,6,3838006319
3038,63610020,360118,63970138,4,0,0,45056,18,3398780405
3039,63626430,12995,63639425,9,0,1,25088,5,277221801
3040,63651760,5971,63657731,7,0,1,14848,6,8455676413
3041,63661630,128040,63789670,7,0,0,512,6,9780376911
3042,63668290,72799,63741089,4,0,1,118272,18,8434007016
3043,63688650,53105,63741755,2,0,1,1024,10,6220586186
3044,63726060,20880,63746940,3,0,1,16384,6,1693150693
3045,63768410,8468,63776878,9,0,1,2560,5,9226867883
3046,63774060,326424,64100484,0,0,0,59392,6,1648064397
3047,63797760,19594,63817354,3,0,1,1536,6,3453215308
3048,63799051,81897,63880948,6,0,0,1024,9,4991410059
3049,63823680,104725,63928405,4,0,1,170496,18,10026746636
3050,63858360,331063,64189423,0,0,0,3584,6,3575175937
3051,63865840,216517,64082357,3,0,0,8704,6,8802608990
3052,63881200,198490,64079690,3,0,0,56832,6,5761098967
3053,63923690,269812,64193502,0,0,0,13312,6,9194894107
3054,63926191,59355,63985546,9,0,0,5120,5,6463052909
3055,63941271,246874,64188145,5,0,0,72704,19,518875184
3056,63952980,338187,64291167,4,0,0,122368,18,4333249007
3057,63959550,294023,64253573,1,0,0,3072,17,9471428123
3058,63979750,224953,64204703,3,0,0,5120,6,4465359468
3059,63981600,206716,64188316,7,0,0,512,6,8030463846
3060,63989711,318186,64307897,5,0,0,35840,19,1388150579
3061,64013540,6994,64020534,7,0,1,13824,6,4513584525
3062,64043070,150611,64193681,1,0,0,512,17,10643195550
3063,64043811,197192,64241003,2,0,0,1024,10,4827237145
3064,64069581,160214,64229795,9,0,0,16896,5,10111399420
3065,64072250,224704,64296954,4,0,0,18944,18,6667196539
3066,64085900,246165,64332065,3,0,0,13312,6,8717708382
3067,64131621,358775,64490396,9,0,0,31232,5,5459403084
3068,64150001,416193,64566194,5,0,0,80896,19,9929792634
3069,64174020,225530,64399550,0,0,0,56832,6,7015392144
3070,64187990,8153,64196143,9,0,1,2560,5,553838636
3071,64206450,3422,64209872,9,0,1,3584,5,151159442
3072,64207431,131093,64338524,9,0,0,18944,5,2383089812
3073,64271840,319203,64591043,0,0,0,31744,6,6529617100
3074,64276130,265185,64541315,0,0,0,66560,6,5574871531
3075,64276300,191908,64468208,3,0,0,49152,6,10018616458
3076,64281110,32300,64313410,6,0,1,13824,9,5526461637
3077,64283970,286139,64570109,0,0,0,12800,6,7894765140
3078,64327620,71953,64399573,4,0,1,102400,18,7824663175
3079,64353041,238173,64591214,6,0,0,512,9,9237702345
3080,64389740,225469,64615209,0,0,0,24064,6,2646981677
3081,64413060,23208,64436268,4,0,1,38400,18,6313087517
3082,64427280,230573,64657853,3,0,0,23040,6,3707241433
3083,64429190,8064,64437254,7,0,1,1536,6,10205751600
3084,64436720,1994,64438714,9,0,1,2048,5,7661423968
3085,64455530,137020,64592550,1,0,0,512,17,5999168300
3086,64507820,206673,64714493,3,0,0,47616,6,5079164593
3087,64514700,1994,64516694,7,0,1,2048,6,4060068445
3088,64535810,34314,64570124,2,0,1,2048,10,1673264045
3089,64538930,125246,64664176,7,0,0,2048,6,6679046295
3090,64539060,76164,64615224,4,0,1,115200,18,6799521338
3091,64543180,147004,64690184,7,0,0,512,6,2648565702
3092,64616260,22862,64639122,4,0,1,40960,18,4868613590
3093,64632310,85876,64718186,7,0,0,1024,6,7270007186
3094,64636900,59011,64695911,0,0,0,3072,6,9166451376
3095,64639370,202678,64842048,3,0,0,75776,6,5198100090
3096,64691380,151790,64843170,1,0,0,3072,17,9598635758
3097,64704820,61740,64766560,4,0,1,84480,18,10130297720
3098,64705760,61364,64767124,6,0,1,10752,9,4915191555
3099,64706780,75897,64782677,4,0,1,57856,18,5011628524
3100,64722660,166880,64889540,3,0,0,30720,6,6586875260
3101,64726250,275772,65002022,7,0,0,512,6,7556553342
3102,64735260,49363,64784623,6,0,1,3072,9,9871326531
3103,64737401,199522,64936923,9,0,0,9728,5,9194376878
3104,64746081,161393,64907474,2,0,0,2048,10,3212744103
3105,64754840,36401,64791241,9,0,1,23552,5,7354246258
3106,64756700,36807,64793507,7,0,1,3584,6,4240952863
3107,64764951,221845,64986796,9,0,0,1024,5,477997092
3108,64772800,161144,64933944,3,0,0,37376,6,2022629082
3109,64778910,18143,64797053,7,0,1,5632,6,6909991026
3110,64779030,63189,64842219,1,0,0,512,17,4745314913
3111,64786521,56984,64843505,6,0,0,1024,9,9295756857
3112,64789800,339523,65129323,3,0,0,172544,6,1149330557
3113,64807850,1518,64809368,9,0,1,1536,5,3860472701
3114,64831630,13377,64845007,7,0,1,1536,6,3195856277
3115,64839461,314993,65154454,5,0,0,82432,19,10648581308
3116,64901601,275215,65176816,9,0,0,70656,5,10213852229
3117,64908210,3898,64912108,7,0,1,4096,6,2836101495
3118,64916550,238715,65155265,7,0,0,2560,6,272936824
3119,64955500,5196,64960696,6,0,1,13312,9,2881374272
3120,64967561,209902,65177463,9,0,0,2048,5,1059166153
3121,65020060,4374,65024434,9,0,1,4608,5,10413108088
3122,65040030,3898,65043928,6,0,1,4096,9,9684384237
3123,65070420,1518,65071938,7,0,1,1536,6,1649547608
3124,65089890,109271,65199161,7,0,0,512,6,542310093
3125,65097350,352076,65449426,4,0,0,8704,18,10264894322
3126,65120260,285012,65405272,3,0,0,132096,6,6097288369
3127,65152860,158302,65311162,0,0,0,4608,6,5014125351
3128,65163750,132340,65296090,7,0,0,512,6,1707689520
3129,65167690,13177,65180867,7,0,1,9728,6,1956820670
3130,65192070,23120,65215190,4,0,1,41472,18,3430836507
3131,65207270,74262,65281532,4,0,1,124416,18,10443088770
3132,65240660,45058,65285718,6,0,1,6656,9,6694939109
3133,65269311,43904,65313215,2,0,0,512,10,7931644468
3134,65276701,216982,65493683,2,0,0,1536,10,5951938130
3135,65281620,41391,65323011,4,0,1,67072,18,8345058746
3136,65296211,379354,65675565,5,0,0,130560,19,8543048945
3137,65298640,26957,65325597,7,0,1,4096,6,3733992554
3138,65316340,308567,65624907,7,0,0,1536,6,9401752234
3139,65316470,305896,65622366,3,0,0,20992,6,4146341192
3140,65320930,5333,65326263,6,0,1,1024,9,5617898835
3141,65322330,293602,65615932,4,0,0,165888,18,2747744877
3142,65325621,297384,65623005,2,0,0,2048,10,8787162485
3143,65337590,380207,65717797,4,0,0,34304,18,5784055777
3144,65339770,2946,65342716,6,0,1,3072,9,3288623698
3145,65340950,2870,65343820,6,0,1,8704,9,379615669
3146,65353950,184290,65538240,4,0,0,512,18,6323459805
3147,65379010,245414,65624424,0,0,0,4608,6,7654222740
3148,65383780,25900,65409680,7,0,1,4608,6,3964496164
3149,65395180,281063,65676243,7,0,0,1024,6,10041504127
3150,65431930,243962,65675892,1,0,0,1024,17,5666139
3151,65435821,291458,65727279,6,0,0,1536,9,6088071156
3152,65452660,36863,65489523,4,0,1,65024,18,8116572116
3153,65457101,329244,65786345,5,0,0,31232,19,8818346596
3154,65480790,10039,65490829,6,0,1,2048,9,30024838
3155,65486100,5715,65491815,2,0,1,1536,10,5169696065
3156,65486270,387519,65873789,1,0,0,1536,17,5809477969
3157,65494011,568944,66062955,5,0,0,123904,19,471100241
3158,65536531,157413,65693944,6,0,0,2048,9,3539641051
3159,65539940,227829,65767769,4,0,0,512,18,8472586846
3160,65549771,176664,65726435,6,0,0,512,9,4195208410
3161,65552430,267782,65820212,3,0,0,111104,6,2027788243
3162,65564530,51425,65615955,6,0,1,8192,9,4105820589
3163,65567371,201570,65768941,6,0,0,512,9,731299124
3164,65620340,55918,65676258,4,0,1,76288,18,9333963057
3165,65630650,47110,65677760,4,0,1,1536,18,5684074629
3166,65642121,319839,65961960,9,0,0,75264,5,4545490670
3167,65656610,105240,65761850,7,0,0,512,6,8507206066
3168,65670471,392997,66063468,6,0,0,512,9,6953009730
3169,65704490,13330,65717820,0,0,1,10752,6,3568850477
3170,65707251,279528,65986779,5,0,0,81408,19,5588815825
3171,65709900,11820,65721720,6,0,1,4096,9,8397160907
3172,65745450,143030,65888480,1,0,0,2560,17,7226475224
3173,65745960,277603,66023563,7,0,0,1024,6,7994820093
3174,65755120,114591,65869711,4,0,1,186368,18,8431857485
3175,65773691,289435,66063126,2,0,0,512,10,9598501350
3176,65808160,78435,65886595,4,0,1,56320,18,502620150
3177,65820780,242517,66063297,7,0,0,512,6,2944892583
3178,65825590,194745,66020335,7,0,0,512,6,6516130580
3179,65842820,307151,66149971,3,0,0,108032,6,839765596
3180,65849530,224591,66074121,4,0,0,8192,18,8108600396
3181,65896140,204990,66101130,7,0,0,512,6,1843030524
3182,65974970,15699,65990669,1,0,1,4096,17,10210085986
3183,65992460,342462,66334922,3,0,0,64000,6,9664077806
3184,66056121,229342,66285463,2,0,0,512,10,9746056927
3185,66056350,93964,66150314,7,0,0,1024,6,7146555021
3186,66097370,566,66097936,2,0,1,512,10,3329444621
3187,66126360,24955,66151315,0,0,1,1024,6,5317096981
3188,66135441,247734,66383175,5,0,0,72704,19,7487489946
3189,66164111,141871,66305982,2,0,0,1024,10,4492701088
3190,66174341,92241,66266582,2,0,0,1024,10,6135291161
3191,66232240,171909,66404149,4,0,0,10240,18,10683015483
3192,66233780,113949,66347729,4,0,0,41984,18,9103027545
3193,66262380,149409,66411789,4,0,0,9216,18,3555988004
3194,66286170,6278,66292448,0,0,1,6656,6,10541866264
3195,66352120,1042,66353162,0,0,1,1024,6,2821478586
3196,66357070,91499,66448569,4,0,1,147968,18,6777622795
3197,66367500,81735,66449235,0,0,1,1024,6,8211377423
3198,66375660,150687,66526347,3,0,0,10752,6,6030722666
3199,66398120,54021,66452141,3,0,1,4608,6,5711871869
3200,66407530,372847,66780377,8,0,0,30208,3,6349401548
3201,66416161,82646,66498807,5,0,0,1024,19,5984782659
3202,66416520,125031,66541551,3,0,0,10240,6,9494972530
3203,66465050,54617,66519667,4,0,1,89600,18,4301303489
3204,66472140,163652,66635792,1,0,0,512,17,10386676600
3205,66479800,291350,66771150,4,0,0,65536,18,8405341519
3206,66504110,86260,66590370,1,0,0,512,17,10399796479
3207,66517641,159965,66677606,6,0,0,512,9,3888038347
3208,66518170,303081,66821251,3,0,0,35328,6,8470356821
3209,66520890,138284,66659174,1,0,0,512,17,10680368018
3210,66521570,4792,66526362,0,0,1,1536,6,1436619405
3211,66527880,182499,66710379,3,0,0,1024,6,5356787679
3212,66539360,211807,66751167,4,0,0,84480,18,9492167472
3213,66585651,103829,66689480,6,0,0,3072,9,2168985750
3214,66592580,190628,66783208,3,0,0,9216,6,4008093794
3215,66620981,162414,66783395,2,0,0,512,10,2394714163
3216,66644571,244894,66889465,5,0,0,31232,19,6049053531
3217,66647800,1518,66649318,2,0,1,1536,10,2216229825
3218,66743301,158186,66901487,6,0,0,512,9,2303963202
3219,66752260,175851,66928111,3,0,0,10752,6,253693019
3220,66769160,16664,66785824,7,0,1,2560,6,6906303709
3221,66770900,59613,66830513,1,0,0,1536,17,120504865
3222,66793771,281562,67075333,9,0,0,84480,5,9095251900
3223,66795990,117992,66913982,7,0,0,512,6,3504769827
3224,66800751,94061,66894812,9,0,0,14336,5,2548343695
3225,66817950,8489,66826439,2,0,1,13312,10,6910521017
3226,66865511,136454,67001965,5,0,0,30208,19,4140211039
3227,66893590,230489,67124079,4,0,0,107008,18,2282001496
3228,66899360,2470,66901830,2,0,1,2560,10,9563149157
3229,66933400,1994,66935394,2,0,1,2048,10,10658011349
3230,66997110,78394,67075504,7,0,0,512,6,1008236425
3231,67020820,2946,67023766,2,0,1,3072,10,5904790000
3232,67031341,93853,67125194,2,0,0,3584,10,8822604585
3233,67073031,124060,67197091,6,0,0,512,9,8246567213
3234,67106760,283272,67390032,3,0,0,164352,6,4440945281
3235,67164260,48980,67213240,1,0,0,2048,17,3676696057
3236,67199440,265401,67464841,3,0,0,84992,6,5941678624
3237,67205160,566,67205726,0,0,1,512,6,854303081
3238,67205301,100907,67306208,9,0,0,5120,5,6980113171
3239,67214681,389679,67604360,9,0,0,255488,5,3570196781
3240,67255870,3422,67259292,2,0,1,3584,10,3604001482
3241,67256480,182442,67438922,4,0,0,31232,18,927148743
3242,67280960,185144,67466104,0,0,0,4096,6,4027669446
3243,67294580,2470,67297050,0,0,1,2560,6,9092370207
3244,67340210,50873,67391083,2,0,1,1024,10,6356370432
3245,67353440,329340,67682780,0,0,0,61952,6,905556413
3246,67435991,262778,67698769,5,0,0,21504,19,8548215059
3247,67477270,132901,67610171,0,0,0,18944,6,6653132542
3248,67480980,148748,67629728,0,0,0,49152,6,8232719497
3249,67482681,209178,67691859,9,0,0,29696,5,4455854559
3250,67508710,566,67509276,0,0,1,512,6,4193664453
3251,67545100,238284,67783384,3,0,0,39424,6,1916261764
3252,67548841,247966,67796807,6,0,0,512,9,9972579741
3253,67558720,146951,67705671,0,0,0,22528,6,3903734931
3254,67576161,116041,67692202,6,0,0,1024,9,9254885626
3255,67663361,59483,67722844,6,0,0,2048,9,1527930022
3256,67663921,173178,67837099,9,0,0,31232,5,315239365
3257,67669870,28922,67698792,2,0,1,1024,10,3511349172
3258,67683950,21736,67705686,2,0,1,3072,10,217301532
3259,67733950,3422,67737372,6,0,1,3584,9,3994908680
3260,67738401,79583,67817984,6,0,0,512,9,7628789752
3261,67762911,45596,67808507,6,0,0,1024,9,9339389581
3262,67767140,158549,67925689,1,0,0,1024,17,653714640
3263,67774491,63091,67837582,6,0,0,1536,9,4760539751
3264,67793011,47873,67840884,2,0,0,512,10,1491099657
3265,67793740,96147,67889887,0,0,0,5632,6,10233714474
3266,67836770,128651,67965421,0,0,0,55808,6,3392202700
3267,67845620,95179,67940799,0,0,0,13824,6,4560550047
3268,67894050,4374,67898424,9,0,1,4608,5,7235302652
3269,67895690,208342,68104032,4,0,0,49152,18,3934283542
3270,67915510,58635,67974145,1,0,0,1536,17,5791491207
3271,67943851,205355,68149206,5,0,0,45056,19,6963264681
3272,67955540,20889,67976429,7,0,1,17920,6,1018163485
3273,68053021,142890,68195911,5,0,0,35840,19,618485775
3274,68096180,65418,68161598,0,0,0,4096,6,881533505
3275,68116050,62184,68178234,7,0,0,3072,6,5815428435
3276,68117620,2946,68120566,2,0,1,3072,10,2386920961
3277,68123070,43904,68166974,1,0,0,512,17,6210398064
3278,68124000,3422,68127422,0,0,1,3584,6,10314557410
3279,68127921,193037,68320958,9,0,0,101376,5,10186700445
3280,68128790,132275,68261065,3,0,0,1536,6,9196663607
3281,68136881,59045,68195926,5,0,1,66560,19,7553118565
3282,68141091,63107,68204198,6,0,0,512,9,7934658145
3283,68168880,66373,68235253,1,0,0,512,17,1899282055
3284,68194520,126773,68321293,7,0,0,1024,6,315783005
3285,68206091,165311,68371402,5,0,0,45568,19,2279926121
3286,68215890,141613,68357503,3,0,0,7168,6,7905278685
3287,68223881,168120,68392001,9,0,0,44544,5,3602629112
3288,68257881,141634,68399515,9,0,0,24064,5,4236477739
3289,68266110,162935,68429045,3,0,0,2560,6,8290035507
3290,68298260,187912,68486172,3,0,0,28672,6,2921992001
3291,68324920,4420,68329340,2,0,1,11776,10,3532505814
3292,68326000,9787,68335787,2,0,1,7680,10,6509707276
3293,68341240,3645,68344885,2,0,1,10240,10,1226437702
3294,68392671,194257,68586928,5,0,0,12800,19,2037857611
3295,68449920,47288,68497208,7,0,0,1536,6,8376168038
3296,68477450,57694,68535144,1,0,0,2048,17,10390147869
3297,68484861,83080,68567941,9,0,0,13824,5,693641148
3298,68487190,145503,68632693,4,0,0,65024,18,904739251
3299,68508840,3898,68512738,2,0,1,4096,10,4550740731
3300,68586021,119980,68706001,5,0,0,26112,19,8458288992
3301,68641460,45596,68687056,7,0,0,1024,6,3902423608
3302,68646551,70736,68717287,2,0,0,1536,10,2625578512
3303,68654230,5196,68659426,4,0,1,13312,18,10330887245
3304,68655440,50732,68706172,7,0,0,512,6,428182210
3305,68706711,82556,68789267,9,0,0,21504,5,1276914602
3306,68711500,78406,68789906,1,0,0,2048,17,3488808374
3307,68716550,1994,68718544,2,0,1,2048,10,1433007213
3308,68734280,47288,68781568,1,0,0,1536,17,9162468102
3309,68763750,55571,68819321,4,0,0,3072,18,6487046070
3310,68832341,88544,68920885,9,0,0,20992,5,9038246370
3311,68845000,262359,69107359,0,0,0,243712,6,6826767171
3312,68855231,155359,69010590,2,0,0,512,10,5727865559
3313,68875091,243359,69118450,9,0,0,36352,5,6708110867
3314,68883760,3422,68887182,2,0,1,3584,10,5103881497
3315,68895120,137628,69032748,7,0,0,1536,6,10180725913
3316,68919740,199193,69118933,7,0,0,1536,6,6751217018
3317,68932830,192054,69124884,3,0,0,19456,6,3915622853
3318,69002090,122809,69124899,4,0,1,126976,18,1090696807
3319,69054170,76139,69130309,8,0,1,5632,3,7143278432
3320,69078831,357340,69436171,5,0,0,23040,19,7266118126
3321,69085660,47235,69132895,2,0,1,4096,10,5199909598
3322,69107460,280094,69387554,0,0,0,18432,6,7716248984
3323,69114840,247505,69362345,1,0,0,512,17,6980875730
3324,69116230,20531,69136761,2,0,1,6144,10,554748961
3325,69122800,408316,69531116,0,0,0,261632,6,6071618697
3326,69128260,272657,69400917,3,0,0,43008,6,9556627519
3327,69130640,152724,69283364,3,0,0,15360,6,8679420822
3328,69161081,268023,69429104,9,0,0,65024,5,9061410996
3329,69162280,157319,69319599,1,0,0,4096,17,7104493149
3330,69174551,197790,69372341,5,0,0,3072,19,381438931
3331,69194460,1042,69195502,9,0,1,1024,5,7779662360
3332,69196510,205997,69402507,3,0,0,5120,6,6164501737
3333,69202120,112048,69314168,7,0,0,512,6,2090284194
3334,69203491,87295,69290786,6,0,0,512,9,1660192702
3335,69204300,329491,69533791,3,0,0,8704,6,360823056
3336,69213681,99263,69312944,6,0,0,1536,9,7588380380
3337,69245811,321102,69566913,5,0,0,45056,19,580903097
3338,69281761,252225,69533986,6,0,0,512,9,4490017501
3339,69331640,7230,69338870,2,0,1,7680,10,9235944572
3340,69350271,86071,69436342,2,0,0,512,10,5809534020
3341,69371801,175000,69546801,5,0,0,41984,19,2487165554
3342,69384410,16522,69400932,2,0,1,9216,10,5156529501
3343,69411030,26313,69437343,8,0,1,1024,3,4566286524
3344,69411490,156998,69568488,0,0,0,5120,6,6863658638
3345,69412890,25759,69438649,7,0,1,2048,6,4573257952
3346,69413100,210453,69623553,4,0,0,69632,18,9072114099
3347,69434310,13201,69447511,7,0,1,16384,6,8366182400
3348,69443341,127171,69570512,6,0,0,512,9,7643810227
3349,69451640,95200,69546840,2,0,1,10240,10,1214383363
3350,69456000,238228,69694228,4,0,0,22016,18,7917287647
3351,69457271,369527,69826798,9,0,0,27136,5,2866931853
3352,69481440,68215,69549655,7,0,1,8704,6,8841105866
3353,69531781,135927,69667708,2,0,0,512,10,5564918544
3354,69535621,89679,69625300,5,0,0,5632,19,2431417703
3355,69563060,11698,69574758,2,0,1,6656,10,5823379270
3356,69610090,132721,69742811,3,0,0,7680,6,3436723195
3357,69614010,126446,69740456,3,0,0,41472,6,4973596073
3358,69618950,7902,69626852,4,0,1,1536,18,9513943747
3359,69619950,8528,69628478,8,0,1,2560,3,5725857228
3360,69624551,126807,69751358,6,0,0,512,9,5538329134
3361,69665190,3422,69668612,3,0,1,3584,6,2842854236
3362,69681090,22862,69703952,2,0,1,40960,10,5132749442
3363,69689970,128537,69818507,0,0,0,39424,6,8092561879
3364,69698510,173593,69872103,3,0,0,2048,6,392978653
3365,69709750,128948,69838698,3,0,0,2560,6,6225190666
3366,69760170,1042,69761212,3,0,1,1024,6,8462378495
3367,69782260,206713,69988973,0,0,0,114688,6,3857316990
3368,69785730,7706,69793436,7,0,1,8192,6,6996117356
3369,69810431,222793,70033224,9,0,0,27648,5,7566453522
3370,69817561,198614,70016175,2,0,0,3072,10,5293135108
3371,69830851,184373,70015224,5,0,0,54272,19,9819144650
3372,69889200,3898,69893098,7,0,1,4096,6,6489272618
3373,69889851,186452,70076303,5,0,0,5632,19,7481907762
3374,69916601,191187,70107788,5,0,0,45568,19,4601027511
3375,69924921,64691,69989612,6,0,0,2048,9,4185488762
3376,69980200,9970,69990170,8,0,1,512,3,7689730469
3377,70043500,22691,70066191,4,0,1,37376,18,9717581426
3378,70063980,82408,70146388,4,0,1,133632,18,3442903114
3379,70066430,147897,70214327,0,0,0,8192,6,3954581665
3380,70069360,81534,70150894,4,0,1,7168,18,1509057910
3381,70080200,74240,70154440,3,0,1,5632,6,7777122194
3382,70083340,119646,70202986,7,0,0,512,6,9094135531
3383,70090331,116039,70206370,2,0,0,1536,10,10647547695
3384,70105451,283092,70388543,5,0,0,41472,19,1800121878
3385,70128090,264824,70392914,4,0,0,1024,18,2356499916
3386,70130311,205571,70335882,2,0,0,1536,10,3485723297
3387,70131100,24326,70155426,3,0,1,1536,6,7529692697
3388,70146840,14487,70161327,4,0,1,19968,18,3111234576
3389,70161110,313941,70475051,7,0,0,512,6,2373717557
3390,70162090,453249,70615339,4,0,0,70656,18,2529637571
3391,70170240,291725,70461965,0,0,0,34304,6,5314244319
3392,70174740,6773,70181513,3,0,1,7168,6,3627753933
3393,70174750,14242,70188992,7,0,1,19968,6,9136740746
3394,70193080,13600,70206680,4,0,1,23040,18,9122918901
3395,70196631,299115,70495746,9,0,0,5632,5,6652128997
3396,70203530,4776,70208306,9,0,1,2560,5,3902072651
3397,70211681,382107,70593788,9,0,0,167936,5,2554003602
3398,70216231,131236,70347467,9,0,0,27648,5,1962387748
3399,70240190,196246,70436436,1,0,0,512,17,7354314622
3400,70267460,566,70268026,9,0,1,512,5,5634647027
3401,70274840,566,70275406,7,0,1,512,6,4126804188
3402,70329610,2470,70332080,7,0,1,2560,6,3274561618
3403,70355230,3904,70359134,7,0,1,10752,6,6397424878
3404,70378020,306746,70684766,3,0,0,90112,6,9615646934
3405,70392901,88405,70481306,5,0,0,1536,19,10403568218
3406,70397101,103180,70500281,5,0,0,1536,19,10566838324
3407,70400640,4937,70405577,4,0,1,12800,18,2097609996
3408,70429200,275416,70704616,3,0,0,65024,6,6587508248
3409,70435690,180772,70616462,1,0,0,3584,17,9594976747
3410,70438221,86540,70524761,2,0,0,2048,10,3851942564
3411,70448500,1994,70450494,9,0,1,2048,5,2539600456
3412,70454100,65297,70519397,3,0,0,4608,6,9362003615
3413,70494280,6784,70501064,9,0,1,5632,5,6506220618
3414,70513410,1994,70515404,7,0,1,2048,6,1414336482
3415,70520000,4937,70524937,3,0,1,12800,6,1770273636
3416,70530791,174160,70704951,5,0,0,1024,19,6687660106
3417,70532851,83938,70616789,5,0,0,1024,19,1372384834
3418,70533151,233680,70766831,9,0,0,56320,5,6614124999
3419,70539440,2946,70542386,9,0,1,3072,5,10366418373
3420,70542651,163126,70705777,6,0,0,1024,9,7777192990
3421,70549991,260724,70810715,5,0,0,1536,19,3175888302
3422,70573910,311511,70885421,0,0,0,51200,6,905675783
3423,70626091,79343,70705434,5,0,0,1536,19,3806396898
3424,70645580,247219,70892799,0,0,0,24064,6,6079123991
3425,70656140,28641,70684781,2,0,1,13824,10,2427932676
3426,70663060,103786,70766846,4,0,1,73216,18,7952767265
3427,70673850,93035,70766885,2,0,1,60928,10,3443604391
3428,70690510,76390,70766900,9,0,1,512,5,1626703041
3429,70692170,80232,70772402,4,0,1,20480,18,1539200370
3430,70694461,78287,70772748,5,0,1,512,19,7626397632
3431,70735681,125905,70861586,6,0,0,512,9,7539660173
3432,70741790,199842,70941632,0,0,0,3584,6,5174505640
3433,70749840,268518,71018358,0,0,0,40448,6,77706263
3434,70828691,566,70829257,5,0,1,512,19,10057445854
3435,70852450,7230,70859680,7,0,1,7680,6,2420465307
3436,70867680,17756,70885436,9,0,1,3072,5,2038698206
3437,70872160,104348,70976508,2,0,1,136192,10,2938645038
3438,70873060,105394,70978454,7,0,1,3072,6,5974915780
3439,70877951,237165,71115116,9,0,0,512,5,9965525039
3440,70883671,72812,70956483,2,0,0,1024,10,1337769699
3441,70894530,186247,71080777,1,0,0,1024,17,10700108120
3442,70909830,70570,70980400,3,0,1,3072,6,5517642279
3443,70938980,387507,71326487,4,0,0,25600,18,9149592844
3444,70940560,104303,71044863,7,0,0,5120,6,7237011353
3445,70945840,222352,71168192,3,0,0,18432,6,4996861662
3446,70946341,34418,70980759,5,0,1,9728,19,8700913371
3447,70970080,10935,70981015,4,0,1,9216,18,1446261403
3448,70976360,5001,70981361,3,0,1,512,6,10616444774
3449,70983150,206897,71190047,7,0,0,5120,6,450299167
3450,71000740,3422,71004162,3,0,1,3584,6,6475436432
3451,71035211,67256,71102467,2,0,0,512,10,7497680723
3452,71071780,1518,71073298,9,0,1,1536,5,5121460041
3453,71075851,1518,71077369,5,0,1,1536,19,5075447493
3454,71087040,133634,71220674,0,0,0,4608,6,2654671841
3455,71107470,145584,71253054,4,0,0,40448,18,9423711763
3456,71113140,2946,71116086,7,0,1,3072,6,9603295529
3457,71143721,43904,71187625,2,0,0,512,10,1552218015
3458,71144090,114252,71258342,3,0,0,12288,6,3039952616
3459,71150540,48980,71199520,1,0,0,2048,17,7604100323
3460,71157950,160707,71318657,7,0,0,73216,6,4622117169
3461,71163441,197025,71360466,6,0,0,2560,9,3398609459
3462,71206230,243066,71449296,7,0,0,71168,6,2731400736
3463,71258900,1994,71260894,8,0,1,2048,3,1076778923
3464,71262520,2946,71265466,9,0,1,3072,5,6798797736
3465,71273090,2946,71276036,3,0,1,3072,6,4778011753
3466,71284530,112896,71397426,4,0,0,23040,18,1575598316
3467,71287440,52364,71339804,1,0,0,3072,17,367587563
3468,71292500,26172,71318672,4,0,1,15360,18,736316546
3469,71321961,9844,71331805,5,0,1,5632,19,9062491525
3470,71337341,2946,71340287,5,0,1,3072,19,797272176
3471,71339711,1242,71340953,5,0,1,1024,19,8296845408
3472,71350311,170546,71520857,2,0,0,1024,10,1728886143
3473,71355140,125769,71480909,8,0,0,13312,3,3323835532
3474,71369320,12995,71382315,4,0,1,25088,18,6412888877
3475,71370010,13483,71383493,3,0,1,13824,6,3750114564
3476,71370420,226078,71596498,4,0,0,83456,18,1503639250
3477,71372970,255862,71628832,3,0,0,47104,6,1068039124
3478,71387681,87268,71474949,6,0,0,512,9,8531413572
3479,71414010,147434,71561444,8,0,0,5120,3,2514187995
3480,71430510,224441,71654951,4,0,0,9728,18,4467840634
3481,71433670,256386,71690056,0,0,0,66560,6,8240542346
3482,71436550,13872,71450422,9,0,1,1024,5,1446681162
3483,71443410,8318,71451728,3,0,1,2048,6,2023822802
3484,71447501,4893,71452394,5,0,1,1024,19,7885422266
3485,71451860,4850,71456710,9,0,1,5120,5,4469984047
3486,71461750,13253,71475003,4,0,1,25600,18,7267694458
3487,71464360,41843,71506203,2,0,1,64512,10,8386604612
3488,71482770,219008,71701778,4,0,0,3584,18,4459427042
3489,71490771,144967,71635738,2,0,0,512,10,5495004977
3490,71501360,147896,71649256,7,0,0,13312,6,426896908
3491,71503810,140099,71643909,1,0,0,1536,17,7420461118
3492,71551961,1518,71553479,5,0,1,1536,19,4947115568
3493,71554781,141672,71696453,9,0,0,8704,5,7329580889
3494,71555451,165871,71721322,9,0,0,11776,5,828828667
3495,71565620,1518,71567138,9,0,1,1536,5,5056283431
3496,71615150,228327,71843477,0,0,0,2048,6,10469363981
3497,71615260,16552,71631812,9,0,1,3072,5,6331859327
3498,71618160,158710,71776870,4,0,0,32768,18,8743083253
3499,71639271,10241,71649512,5,0,1,16384,19,7399266160
3500,71642020,269173,71911193,0,0,0,62976,6,6844794860
3501,71649531,47156,71696687,5,0,0,512,19,5028941220
3502,71667440,30749,71698189,4,0,1,49664,18,6050173380
3503,71669351,93634,71762985,6,0,0,512,9,10160246464
3504,71670501,269960,71940461,6,0,0,512,9,10450084348
3505,71691400,22433,71713833,2,0,1,36864,10,4258783697
3506,71692771,149234,71842005,2,0,0,512,10,7323134951
3507,71699300,15839,71715139,3,0,1,2048,6,8650070716
3508,71740820,282749,72023569,3,0,0,9728,6,7611006
3509,71763701,169781,71933482,5,0,0,512,19,9565101977
3510,71768430,20481,71788911,2,0,1,19968,10,8493306829
3511,71788990,1518,71790508,6,0,1,1536,9,2785639752
3512,71813380,126028,71939408,1,0,0,1024,17,8381502487
3513,71818580,241578,72060158,3,0,0,69632,6,10641389682
3514,71842030,161667,72003697,8,0,0,30208,3,5736249967
3515,71846190,315658,72161848,0,0,0,43008,6,1807733845
3516,71854210,209722,72063932,0,0,0,11264,6,5105869195
3517,71857210,54006,71911216,2,0,1,86016,10,5105964848
3518,71877860,33784,71911644,3,0,1,2560,6,8407304283
3519,71884021,55060,71939081,2,0,0,1024,10,3209869805
3520,71908450,13492,71921942,2,0,1,17408,10,6193473737
3521,71930241,156721,72086962,6,0,0,512,9,6723334992
3522,71940051,120434,72060485,5,0,0,1024,19,9861071694
3523,71940620,53583,71994203,2,0,1,87552,10,4542190742
3524,72002831,191110,72193941,9,0,0,28672,5,4611219954
3525,72004690,33503,72038193,2,0,1,58368,10,7375105773
3526,72007840,339012,72346852,7,0,0,124928,6,2018060496
3527,72009821,110062,72119883,6,0,0,1024,9,8208379498
3528,72052580,17573,72070153,9,0,1,15360,5,3091023202
3529,72069541,5802,72075343,5,0,1,6144,19,77697426
3530,72071290,307226,72378516,1,0,0,1024,17,4439758489
3531,72091991,200895,72292886,2,0,0,512,10,4454957088
3532,72106660,55203,72161863,2,0,1,83456,10,5246860326
3533,72116720,100467,72217187,4,0,1,138752,18,6416740691
3534,72120800,138450,72259250,1,0,0,1024,17,3039261150
3535,72121600,95933,72217533,9,0,1,512,5,3204154149
3536,72136260,342028,72478288,8,0,0,44544,3,7063871888
3537,72143271,252038,72395309,6,0,0,1024,9,9776014040
3538,72153351,65462,72218813,5,0,1,14336,19,4232152490
3539,72171590,49169,72220759,0,0,1,3072,6,2806215489
3540,72176240,201949,72378189,7,0,0,23040,6,7608934615
3541,72193961,165098,72359059,2,0,0,1536,10,3938130526
3542,72197811,165700,72363511,2,0,0,1024,10,2603363109
3543,72211260,331942,72543202,7,0,0,24576,6,5763949717
3544,72212880,22433,72235313,4,0,1,36864,18,3074875017
3545,72219910,207096,72427006,3,0,0,5632,6,7450793293
3546,72220120,182523,72402643,0,0,0,6144,6,1398644452
3547,72224070,11909,72235979,6,0,1,1024,9,4634292983
3548,72227250,43370,72270620,4,0,1,74240,18,1348560470
3549,72242021,412132,72654153,9,0,0,112640,5,7456751811
3550,72248551,215774,72464325,5,0,0,1024,19,7496019713
3551,72265940,15062,72281002,2,0,1,29184,10,1334126914
3552,72288421,420213,72708634,9,0,0,122368,5,2548086321
3553,72349641,305471,72655112,2,0,0,3072,10,8429924480
3554,72349990,2870,72352860,9,0,1,8704,5,5566717848
3555,72353820,527752,72881572,0,0,0,61952,6,3344393487
3556,72377240,282567,72659807,4,0,0,15360,18,2756465673
3557,72399530,3128,72402658,6,0,1,3072,9,4769389479
3558,72404760,25962,72430722,2,0,1,47104,10,2604546781
3559,72416161,402099,72818260,2,0,0,512,10,10125943895
3560,72418540,25058,72443598,2,0,1,44032,10,708475629
3561,72422710,358012,72780722,8,0,0,28672,3,8489602087
3562,72437670,222308,72659978,1,0,0,512,17,10122861414
3563,72459040,43975,72503015,2,0,1,72192,10,3263762057
3564,72463190,349004,72812194,7,0,0,57344,6,577335612
3565,72473011,235810,72708821,2,0,0,512,10,2768736850
3566,72494000,78085,72572085,3,0,0,4608,6,8163775325
3567,72503500,4374,72507874,6,0,1,4608,9,5209001226
3568,72509131,199907,72709038,5,0,0,512,19,10381553757
3569,72511070,415088,72926158,4,0,0,30720,18,583252025
3570,72530430,474370,73004800,4,0,0,55808,18,1224946238
3571,72558021,153083,72711104,2,0,0,1536,10,10028598457
3572,72586031,295712,72881743,6,0,0,512,9,8220367493
3573,72611750,437222,73048972,7,0,0,9216,6,5276412536
3574,72622011,317935,72939946,2,0,0,512,10,5891178838
3575,72647390,61462,72708852,4,0,1,62464,18,5853677832
3576,72659540,49327,72708867,9,0,1,3584,5,10497036318
3577,72664180,90538,72754718,2,0,1,78848,10,8287301539
3578,72672850,82214,72755064,9,0,1,512,5,3015483368
3579,72690730,920548,73611278,4,0,0,195584,18,1100331750
3580,72695200,70898,72766098,2,0,1,36352,10,8302021996
3581,72707860,389524,73097384,0,0,0,23040,6,10717235773
3582,72712130,70647,72782777,2,0,1,63488,10,4436681359
3583,72786560,418332,73204892,8,0,0,41472,3,9131036286
3584,72787000,30749,72817749,4,0,1,49664,18,339839765
3585,72790750,338902,73129652,1,0,0,1536,17,4686271868
3586,72816691,224891,73041582,5,0,0,512,19,20985861
3587,72820630,371611,73192241,7,0,0,35840,6,7865373706
3588,72821230,183741,73004971,1,0,0,512,17,2576741116
3589,72848600,332706,73181306,3,0,0,18432,6,10480085391
3590,72852080,483516,73335596,4,0,0,45056,18,9868816971
3591,72852280,385042,73237322,4,0,0,40960,18,6143952013
3592,72857290,233044,73090334,3,0,0,24576,6,5794336164
3593,72880550,499206,73379756,3,0,0,28672,6,9965056873
3594,72900170,3422,72903592,2,0,1,3584,10,5376666206
3595,72929951,429198,73359149,9,0,0,23552,5,6379653931
3596,72940590,4850,72945440,0,0,1,5120,6,4315881239
3597,72944001,790871,73734872,9,0,0,45568,5,2398527833
3598,72959840,13600,72973440,4,0,1,23040,18,10285010377
3599,72963230,469095,73432325,8,0,0,102400,3,4082588464
3600,72970290,351549,73321839,3,0,0,4608,6,6264476101
3601,72970580,3846,72974426,0,0,1,1536,6,2552048336
3602,72972690,190580,73163270,8,0,0,4608,3,9676634925
3603,72974830,317385,73292215,8,0,0,16384,3,7452613919
3604,72984820,322751,73307571,7,0,0,8192,6,5344418753
3605,73015300,433420,73448720,0,0,0,53760,6,6156312775
3606,73030040,623108,73653148,0,0,0,54784,6,6690249823
3607,73045510,3477,73048987,9,0,1,2048,5,963131677
3608,73049460,5802,73055262,9,0,1,6144,5,3726574598
3609,73061890,28459,73090349,4,0,1,41472,18,3337001832
3610,73091530,824141,73915671,8,0,0,193024,3,447334322
3611,73112331,336560,73448891,6,0,0,512,9,6891032681
3612,73147781,301289,73449070,6,0,0,512,9,9999381943
3613,73154880,510358,73665238,3,0,0,36352,6,2312475621
3614,73162650,5549,73168199,2,0,1,12800,10,891955234
3615,73168220,5196,73173416,0,0,1,13312,6,7976206462
3616,73175290,461127,73636417,0,0,0,82432,6,4258769113
3617,73206520,12308,73218828,2,0,1,20480,10,7276606787
3618,73220520,25187,73245707,4,0,1,45568,18,9714261898
3619,73225190,598775,73823965,4,0,0,99328,18,5699548397
3620,73231820,739219,73971039,8,0,0,116224,3,6983840106
3621,73240470,289876,73530346,3,0,0,37376,6,52294150
3622,73256680,13083,73269763,2,0,1,22016,10,2052784941
3623,73257261,414567,73671828,9,0,0,21504,5,2708020995
3624,73263660,6769,73270429,0,0,1,1024,6,3753314669
3625,73271441,410069,73681510,2,0,0,512,10,7187259081
3626,73292961,379232,73672193,6,0,0,512,9,806332281
3627,73301770,402537,73704307,3,0,0,33792,6,5944523844
3628,73305591,366408,73671999,5,0,0,512,19,10472558222
3629,73325270,809460,74134730,7,0,0,8192,6,1372137247
3630,73328291,606621,73934912,2,0,0,512,10,925026055
3631,73332190,7369,73339559,2,0,1,10752,10,7917695492
3632,73332280,423207,73755487,8,0,0,67584,3,9549453580
3633,73351870,302269,73654139,0,0,0,3072,6,7099872414
3634,73447140,240554,73687694,7,0,0,2048,6,2227368777
3635,73452260,472638,73924898,7,0,0,30208,6,5215860579
3636,73471890,4937,73476827,0,0,1,12800,6,8030236558
3637,73482740,2946,73485686,0,0,1,3072,6,10675699665
3638,73485430,349938,73835368,3,0,0,37376,6,4123317955
3639,73488700,4374,73493074,0,0,1,4608,6,4506522886
3640,73562241,202439,73764680,6,0,0,1536,9,3014414160
3641,73574110,91151,73665261,0,0,1,4096,6,847699603
3642,73586220,348521,73934741,8,0,0,32256,3,9755465212
3643,73589091,449888,74038979,9,0,0,90112,5,2326108999
3644,73594340,191854,73786194,4,0,0,40960,18,5861462959
3645,73598481,372916,73971397,2,0,0,1024,10,5685378135
3646,73621231,313883,73935114,6,0,0,512,9,9438403982
3647,73639940,32082,73672022,7,0,1,11776,6,7285346954
3648,73646141,326893,73973034,6,0,0,2048,9,8799536483
3649,73664950,9672,73674622,0,0,1,2560,6,3112990994
3650,73675741,159954,73835695,2,0,0,1024,10,3119495087
3651,73699800,136066,73835866,1,0,0,512,17,6623731659
3652,73710860,1994,73712854,0,0,1,2048,6,8864900019
3653,73722130,36763,73758893,0,0,1,3584,6,1626509413
3654,73728771,388982,74117753,9,0,0,110592,5,7873182019
3655,73750511,221713,73972224,5,0,0,2560,19,4170798897
3656,73754781,284369,74039150,6,0,0,512,9,4576086815
3657,73766961,168651,73935612,5,0,0,1536,19,1807668735
3658,73783541,188854,73972395,6,0,0,512,9,6200539459
3659,73792420,142523,73934943,4,0,1,166400,18,5889729407
3660,73795280,403303,74198583,8,0,0,57344,3,5858480879
3661,73801610,133519,73935129,0,0,1,512,6,448445773
3662,73803040,168030,73971070,4,0,1,78336,18,8608921944
3663,73807671,237540,74045211,2,0,0,512,10,8465038264
3664,73816110,531261,74347371,1,0,0,1024,17,6532899996
3665,73831950,300269,74132219,4,0,0,10752,18,350246003
3666,73840731,358023,74198754,6,0,0,512,9,3029001014
3667,73870340,102725,73973065,0,0,1,2048,6,1230575863
3668,73886730,87593,73974323,0,0,1,2048,6,492511886
3669,73887710,89798,73977508,4,0,1,13312,18,3875940338
3670,73915190,395221,74310411,8,0,0,19968,3,7514680398
3671,73925060,77344,74002404,4,0,1,47104,18,8728857663
3672,73937581,403043,74340624,2,0,0,1024,10,4165287760
3673,73970080,32990,74003070,8,0,1,1024,3,51448808
3674,73979201,260044,74239245,2,0,0,73728,10,10000662353
3675,73985360,310272,74295632,7,0,0,25088,6,1561962878
3676,74018800,285497,74304297,3,0,0,25088,6,4264903210
3677,74018821,235718,74254539,2,0,0,6144,10,10257379078
3678,74023081,225146,74248227,6,0,0,512,9,10179111888
3679,74057250,2470,74059720,0,0,1,2560,6,1587268676
3680,74068360,2965,74071325,8,0,1,3072,3,4042496985
3681,74068370,15062,74083432,2,0,1,24064,10,4404009710
3682,74071770,62975,74134745,4,0,1,93696,18,7306222221
3683,74075690,359239,74434929,0,0,0,60416,6,2975690382
3684,74079820,420678,74500498,8,0,0,95744,3,270561964
3685,74105340,278578,74383918,0,0,0,1024,6,7621587760
3686,74120820,191642,74312462,4,0,0,6656,18,6986438021
3687,74122160,328136,74450296,0,0,0,43008,6,2938108263
3688,74122471,385218,74507689,2,0,0,23552,10,10252927059
3689,74126930,46212,74173142,4,0,1,79872,18,2080586955
3690,74127310,323648,74450958,1,0,0,2048,17,8999283907
3691,74147150,122923,74270073,0,0,0,512,6,2143666637
3692,74159450,14678,74174128,4,0,1,1536,18,5754118451
3693,74180551,441027,74621578,9,0,0,39424,5,2893116551
3694,74226080,310459,74536539,7,0,0,23040,6,1954587674
3695,74277670,566,74278236,0,0,1,512,6,2219072983
3696,74281140,226876,74508016,1,0,0,1024,17,957464713
3697,74285541,555074,74840615,9,0,0,33280,5,9521025427
3698,74287581,8074,74295655,5,0,1,2048,19,6115864083
3699,74288350,15962,74304312,8,0,1,3072,3,329044463
3700,74301140,228364,74529504,4,0,0,28672,18,956386652
3701,74302020,17188,74319208,0,0,1,7168,6,8106735944
3702,74318870,76071,74394941,2,0,1,128000,10,6498833456
3703,74323050,221160,74544210,7,0,0,5120,6,6757552767
3704,74331190,65134,74396324,4,0,1,14848,18,4307036783
3705,74353910,42773,74396683,4,0,1,9728,18,33890060
3706,74362800,271758,74634558,3,0,0,17408,6,3644684738
3707,74369091,176787,74545878,6,0,0,512,9,9213819026
3708,74379120,217623,74596743,0,0,0,16896,6,5234931265
3709,74394430,5479,74399909,0,0,1,5120,6,4181646017
3710,74394890,323578,74718468,3,0,0,46592,6,9661785731
3711,74403570,243346,74646916,7,0,0,28672,6,9369642488
3712,74415450,19494,74434944,2,0,1,1536,10,4828032316
3713,74418820,274066,74692886,3,0,0,9216,6,6663151412
3714,74419890,30429,74450319,8,0,1,5632,3,3460309035
3715,74420160,425181,74845341,8,0,0,14848,3,3602382005
3716,74437641,16247,74453888,5,0,1,3072,19,9953247928
3717,74447681,283750,74731431,9,0,0,42496,5,6946495350
3718,74456220,80334,74536554,2,0,1,119296,10,3179017141
3719,74456461,373991,74830452,2,0,0,32768,10,3508087514
3720,74469830,268814,74738644,0,0,0,4096,6,2910004400
3721,74492410,328043,74820453,0,0,0,68608,6,10442540958
3722,74507151,29418,74536569,5,0,1,5120,19,10024674866
3723,74536410,314266,74850676,1,0,0,1536,17,6518340527
3724,74568860,461436,75030296,3,0,0,93696,6,8054152456
3725,74573440,267346,74840786,1,0,0,512,17,2998977374
3726,74592850,10373,74603223,4,0,1,15872,18,6814409604
3727,74597640,69150,74666790,2,0,1,110080,10,4200452626
3728,74605981,441317,75047298,5,0,0,1536,19,1871473814
3729,74611521,56895,74668416,5,0,1,2560,19,6508814122
3730,74619880,48882,74668762,0,0,1,512,6,8847360363
3731,74637570,32178,74669748,0,0,1,1536,6,6172974428
3732,74649901,195611,74845512,5,0,0,512,19,3020915264
3733,74650201,334206,74984407,2,0,0,13824,10,10112978285
3734,74692431,175123,74867554,5,0,0,512,19,8701582342
3735,74718430,39514,74757944,4,0,1,48128,18,8057709884
3736,74722380,191500,74913880,3,0,0,16384,6,7230108758
3737,74727890,32320,74760210,9,0,1,3584,5,9725978840
3738,74766970,566,74767536,9,0,1,512,5,6077557041
3739,74767370,5326,74772696,8,0,1,5632,3,6503636986
3740,74809780,372793,75182573,0,0,0,43520,6,455475841
3741,74811530,486951,75298481,7,0,0,104448,6,7056445034
3742,74823071,149635,74972706,5,0,0,512,19,4262314584
3743,74871720,23378,74895098,4,0,1,41984,18,4621119833
3744,74884221,415078,75299299,6,0,0,512,9,5356960162
3745,74886590,9494,74896084,7,0,1,1536,6,5464759882
3746,74887010,10700,74897710,9,0,1,2560,5,9183625774
3747,74901500,154481,75055981,8,0,0,19456,3,719287583
3748,74931080,5326,74936406,7,0,1,5632,6,2556280749
3749,74947010,4374,74951384,8,0,1,4608,3,5065779851
3750,74947120,146051,75093171,4,0,1,235008,18,9881674248
3751,74957370,167470,75124840,4,0,1,110592,18,5633577284
3752,74959930,169096,75129026,0,0,1,6656,6,9118834789
3753,75023200,110332,75133532,4,0,1,7168,18,7675764812
3754,75036441,262687,75299128,6,0,0,2048,9,10373869339
3755,75037461,377088,75414549,2,0,0,17920,10,869300899
3756,75040320,98704,75139024,2,0,1,26112,10,9495954719
3757,75082680,56908,75139588,9,0,1,10752,5,6077616797
3758,75092201,158483,75250684,5,0,0,1536,19,84394561
3759,75128581,436552,75565133,9,0,0,30720,5,3203204689
3760,75128800,11454,75140254,0,0,1,1024,6,8034119469
3761,75161050,138420,75299470,1,0,0,512,17,1136841161
3762,75165450,56854,75222304,2,0,1,97280,10,1735777904
3763,75192800,204706,75397506,0,0,0,17920,6,2748527161
3764,75200211,347358,75547569,2,0,0,33792,10,570657231
3765,75204400,195617,75400017,8,0,0,8192,3,518737292
3766,75205410,17880,75223290,6,0,1,1536,9,8437454397
3767,75208740,21271,75230011,4,0,1,24064,18,1556403598
3768,75222130,15062,75237192,2,0,1,29184,10,5246671036
3769,75225920,124667,75350587,1,0,0,512,17,2485738984
3770,75256790,1518,75258308,7,0,1,1536,6,6377988776
3771,75260061,347108,75607169,9,0,0,4608,5,8229526893
3772,75262840,386419,75649259,8,0,0,78848,3,308919607
3773,75285010,69723,75354733,2,0,1,94208,10,4412455747
3774,75301760,53639,75355399,4,0,1,1024,18,2708316842
3775,75321771,182067,75503838,2,0,0,18944,10,8970883269
3776,75325981,476272,75802253,9,0,0,30208,5,10677346335
3777,75329440,30785,75360225,6,0,1,7680,9,4759858080
3778,75387041,405969,75793010,2,0,0,51712,10,10572878116
3779,75440161,107579,75547740,5,0,0,512,19,8263557371
3780,75462780,1518,75464298,7,0,1,1536,6,9778177549
3781,75467550,181888,75649438,1,0,0,512,17,1333712849
3782,75490131,75181,75565312,5,0,0,512,19,668701724
3783,75492060,5802,75497862,9,0,1,6144,5,8662053911
3784,75504230,242994,75747224,3,0,0,90112,6,10542286616
3785,75516160,61382,75577542,2,0,1,99328,10,3209661802
3786,75561390,16818,75578208,2,0,1,1024,10,2228944810
3787,75568510,11081,75579591,4,0,1,14848,18,1452001455
3788,75587240,165093,75752333,3,0,0,1024,6,8352006915
3789,75606810,1869,75608679,6,0,1,1536,9,8070062070
3790,75618670,6278,75624948,9,0,1,6656,5,10354843757
3791,75632701,289332,75922033,9,0,0,7168,5,1634698098
3792,75642651,173773,75816424,2,0,0,11264,10,10132663764
3793,75644971,241956,75886927,2,0,0,29184,10,4473123919
3794,75646190,9002,75655192,4,0,1,14336,18,4479079649
3795,75704400,3898,75708298,9,0,1,4096,5,2966148537
3796,75713690,226847,75940537,0,0,0,18432,6,10135852156
3797,75733860,17772,75751632,9,0,1,4608,5,4217767932
3798,75735671,257486,75993157,2,0,0,4608,10,1171088882
3799,75742131,110387,75852518,5,0,0,512,19,9153554841
3800,75747901,194722,75942623,2,0,0,5632,10,6179919747
3801,75766870,262758,76029628,8,0,0,11264,3,86286317
3802,75777950,26256,75804206,9,0,1,2048,5,4462132735
3803,75781480,291616,76073096,7,0,0,102400,6,1927119561
3804,75782880,22952,75805832,3,0,1,2560,6,6097844817
3805,75830641,254326,76084967,9,0,0,38912,5,6381832038
3806,75836021,249157,76085178,5,0,0,512,19,4942892914
3807,75839030,125233,75964263,2,0,1,203776,10,1407971587
3808,75845221,343850,76189071,5,0,0,512,19,7200351398
3809,75851920,141408,75993328,7,0,0,512,6,1072252835
3810,75878060,274827,76152887,8,0,0,40448,3,1304071173
3811,75878930,379972,76258902,8,0,0,72704,3,3690758287
3812,75883360,87316,75970676,2,0,1,22528,10,9425818386
3813,75906240,303578,76209818,0,0,0,10240,6,6083743568
3814,75932060,304675,76236735,0,0,0,76800,6,724825708
3815,75954370,20492,75974862,6,0,1,6656,9,7422932077
3816,75962650,404260,76366910,8,0,0,46592,3,1475002934
3817,75976471,288308,76264779,5,0,0,1024,19,815260364
3818,76002660,82533,76085193,2,0,1,118784,10,10298493038
3819,76036070,49138,76085208,3,0,1,9728,6,3064033520
3820,76045860,50064,76095924,2,0,1,17408,10,1375980506
3821,76047131,228486,76275617,2,0,0,7168,10,10653545016
3822,76047980,48930,76096910,9,0,1,1536,5,5510325785
3823,76059221,293470,76352691,2,0,0,65536,10,6375816341
3824,76062490,41186,76103676,2,0,1,24576,10,1161209530
3825,76091610,13692,76105302,6,0,1,2560,9,10032720816
3826,76098651,462123,76560774,9,0,0,58880,5,610267729
3827,76113900,394967,76508867,3,0,0,16896,6,4114630980
3828,76119810,2470,76122280,7,0,1,2560,6,1445546375
3829,76134451,256797,76391248,9,0,0,15360,5,8965997444
3830,76141261,295429,76436690,2,0,0,17920,10,7885745523
3831,76159730,101821,76261551,1,0,0,512,17,2423979223
3832,76160200,2946,76163146,6,0,1,3072,9,4023365294
3833,76189500,566,76190066,3,0,1,512,6,5664852025
3834,76194201,264894,76459095,5,0,0,512,19,4419488159
3835,76229660,31245,76260905,6,0,1,2048,9,4640347543
3836,76242190,23833,76266023,6,0,1,15872,9,10411919845
3837,76272950,258835,76531785,0,0,0,19456,6,5080382144
3838,76278690,3422,76282112,9,0,1,3584,5,5692558116
3839,76280460,218255,76498715,3,0,0,13824,6,4609549125
3840,76286400,251048,76537448,7,0,0,9728,6,9726568383
3841,76300530,1042,76301572,3,0,1,1024,6,4768851499
3842,76325230,5326,76330556,3,0,1,5632,6,8907248789
3843,76345831,186125,76531956,5,0,0,512,19,7197241264
3844,76369010,331445,76700455,3,0,0,45056,6,9810760264
3845,76370750,57918,76428668,1,0,0,2048,17,5336168687
3846,76375261,242472,76617733,5,0,0,1536,19,9876267663
3847,76382750,36346,76419096,2,0,1,64000,10,4155839684
3848,76400150,19407,76419557,3,0,1,10240,6,4879904361
3849,76413440,330112,76743552,1,0,0,512,17,7982173567
3850,76488020,2470,76490490,3,0,1,2560,6,1787019147
3851,76489250,4374,76493624,9,0,1,4608,5,8310138931
3852,76504641,99232,76603873,5,0,0,2048,19,1034505705
3853,76538380,1518,76539898,6,0,1,1536,9,163742636
3854,76539920,2470,76542390,9,0,1,2560,5,8464044794
3855,76542390,18399,76560789,6,0,1,7168,9,3054736430
3856,76564900,300076,76864976,8,0,0,63488,3,5106217084
3857,76589801,117861,76707662,9,0,0,23552,5,5318627344
3858,76609060,43904,76652964,1,0,0,512,17,849306064
3859,76627710,3898,76631608,3,0,1,4096,6,4294757570
3860,76632331,98052,76730383,5,0,0,512,19,7311344135
3861,76638220,258964,76897184,3,0,0,29696,6,4170697899
3862,76645051,152533,76797584,9,0,0,38400,5,4754167812
3863,76679340,4850,76684190,8,0,1,5120,3,3810511958
3864,76691450,67170,76758620,2,0,1,82432,10,10455930241
3865,76692590,172869,76865459,3,0,0,1536,6,2303116003
3866,76702260,61545,76763805,8,0,1,24576,3,6956867095
3867,76743420,22971,76766391,3,0,1,4096,6,6960881342
3868,76763290,22433,76785723,2,0,1,36864,10,1756281646
3869,76766860,179901,76946761,1,0,0,1024,17,2520862557
3870,76771870,221109,76992979,8,0,0,21504,3,75416091
3871,76780300,17299,76797599,3,0,1,512,6,4535168200
3872,76788060,207586,76995646,0,0,0,8704,6,655271252
3873,76795200,143011,76938211,0,0,0,3072,6,7822375720
3874,76805230,108003,76913233,3,0,0,23040,6,7766444849
3875,76841900,131627,76973527,1,0,0,2048,17,719325266
3876,76849760,167753,77017513,3,0,0,5120,6,5385431022
3877,76857421,148584,77006005,2,0,0,2048,10,2129773176
3878,76860250,217541,77077791,0,0,0,32768,6,3747323856
3879,76878440,3898,76882338,6,0,1,4096,9,5785483144
3880,76890611,256642,77147253,2,0,0,32768,10,1948056246
3881,76920681,124242,77044923,5,0,0,512,19,4872409560
3882,76923481,103902,77027383,5,0,0,512,19,7856831586
3883,76957160,96017,77053177,7,0,0,11264,6,8392639717
3884,76958760,10499,76969259,6,0,1,16896,9,1181616828
3885,76998891,88084,77086975,2,0,0,5120,10,10520255211
3886,77027830,129140,77156970,0,0,0,31744,6,2303570708
3887,77035940,169226,77205166,3,0,0,35328,6,8814051034
3888,77051390,6153,77057543,6,0,1,4608,9,2564402518
3889,77064490,2946,77067436,8,0,1,3072,3,2771256045
3890,77075870,2955,77078825,6,0,1,1024,9,2122205172
3891,77079381,81676,77161057,5,0,0,13312,19,2693789069
3892,77083830,50999,77134829,2,0,1,82432,10,2371368322
3893,77099880,47388,77147268,8,0,1,4608,3,9739763653
3894,77135660,11623,77147283,9,0,1,12288,5,6661106673
3895,77142990,317789,77460779,0,0,0,97280,6,6419999729
3896,77147671,276638,77424309,9,0,0,136704,5,5333136588
3897,77164920,2870,77167790,1,0,1,8704,17,1292672910
3898,77193581,275251,77468832,9,0,0,4096,5,4229779099
3899,77201710,4507,77206217,1,0,1,1024,17,10265389002
3900,77204980,5357,77210337,1,0,1,5120,17,4143422302
3901,77238490,12825,77251315,2,0,1,21504,10,3615782403
3902,77250230,6278,77256508,9,0,1,6656,5,409241111
3903,77254133,57113,77311246,9,0,1,97792,5,397271891
3904,77306380,12049,77318429,9,0,1,19968,5,8996777755
3905,77308590,11017,77319607,9,0,1,13824,5,9880455050
3906,77311090,155788,77466878,3,0,0,19968,6,2199295829
3907,77313101,344222,77657323,2,0,0,8192,10,8191460220
3908,77318060,14545,77332605,9,0,1,28160,5,4970545694
3909,77340900,283681,77624581,8,0,0,163328,3,10453653935
3910,77365410,389892,77755302,0,0,0,37888,6,6400623797
3911,77393530,396092,77789622,0,0,0,19456,6,208962246
3912,77395451,421738,77817189,9,0,0,19968,5,1920759011
3913,77425900,75037,77500937,2,0,1,125952,10,9536976472
3914,77453570,544351,77997921,7,0,0,198144,6,8469832172
3915,77467761,413524,77881285,2,0,0,101888,10,2214686777
3916,77470180,209576,77679756,8,0,0,17920,3,4121005754
3917,77476210,334880,77811090,8,0,0,46080,3,10027686648
3918,77530540,406994,77937534,8,0,0,3584,3,4381654215
3919,77534741,519363,78054104,9,0,0,184320,5,7754165030
3920,77617070,289537,77906607,1,0,0,1536,17,10202923891
3921,77620761,452461,78073222,5,0,0,41984,19,8553559706
3922,77668480,3422,77671902,1,0,1,3584,17,2972674890
3923,77689990,3645,77693635,6,0,1,10240,9,8875217617
3924,77764601,295806,78060407,2,0,0,20480,10,1958060872
3925,77766710,313243,78079953,3,0,0,22016,6,8152368640
3926,77806010,321819,78127829,0,0,0,29184,6,9071447526
3927,77807710,124518,77932228,7,0,0,2560,6,4523618988
3928,77881951,261969,78143920,5,0,0,52736,19,3627064154
3929,77888100,2470,77890570,6,0,1,2560,9,6524097161
3930,77891291,201477,78092768,9,0,0,41984,5,6283921515
3931,77895570,223352,78118922,3,0,0,85504,6,10700127182
3932,77937520,155303,78092823,2,0,1,20992,10,9899717674
3933,77950410,209749,78160159,3,0,0,7680,6,5855778504
3934,77957680,186255,78143935,6,0,1,5632,9,5977103895
3935,77970180,173770,78143950,1,0,1,9728,17,10468766181
3936,77975980,167985,78143965,1,0,1,1536,17,8709586113
3937,77979420,165098,78144518,1,0,0,1536,17,1972335474
3938,77988120,155876,78143996,6,0,1,5632,9,4673792047
3939,78025260,118759,78144019,1,0,1,7680,17,2072267362
3940,78034461,211755,78246216,2,0,0,56320,10,6102795905
3941,78044300,100233,78144533,1,0,1,17408,17,3859561831
3942,78076980,70366,78147346,6,0,1,3584,9,3542064123
3943,78083650,136914,78220564,0,0,0,31744,6,4212436735
3944,78084110,87465,78171575,7,0,0,4096,6,3677162895
3945,78093510,105391,78198901,2,0,1,91136,10,10364847601
3946,78106740,188050,78294790,2,0,1,197120,10,2758837924
3947,78131440,166576,78298016,6,0,1,5120,9,4173183181
3948,78135360,250949,78386309,3,0,0,45568,6,2807661788
3949,78186041,235811,78421852,2,0,0,26112,10,2879681888
3950,78196960,148021,78344981,2,0,1,159232,10,6672182657
3951,78199830,452958,78652788,3,0,0,7680,6,5781953893
3952,78216991,433442,78650433,9,0,0,44544,5,1781979300
3953,78218010,454917,78672927,8,0,0,66048,3,9256915841
3954,78268460,119877,78388337,1,0,0,1536,17,7729203943
3955,78297721,319433,78617154,5,0,0,37376,19,4401333598
3956,78322350,26497,78348847,6,0,1,6144,9,7274613548
3957,78335280,14540,78349820,3,0,1,12800,6,5146193802
3958,78359661,442657,78802318,5,0,0,45568,19,2104606370
3959,78363110,314983,78678093,7,0,0,14336,6,8040962532
3960,78402981,170586,78573567,5,0,0,5120,19,9236897778
3961,78404350,3128,78407478,8,0,1,9216,3,6129447977
3962,78423580,3898,78427478,6,0,1,4096,9,5115212356
3963,78427350,1042,78428392,6,0,1,1024,9,1348394152
3964,78446681,272665,78719346,9,0,0,32768,5,8725188451
3965,78470791,256821,78727612,5,0,0,8192,19,7584179432
3966,78473660,1518,78475178,8,0,1,1536,3,3570271802
3967,78475530,365278,78840808,8,0,0,24576,3,5677841342
3968,78526600,1994,78528594,6,0,1,2048,9,6920125917
3969,78545230,566,78545796,6,0,1,512,9,6251285453
3970,78585630,275710,78861340,8,0,0,12800,3,8135625499
3971,78617190,2470,78619660,6,0,1,2560,9,9922760331
3972,78635131,92808,78727939,9,0,0,1024,5,7841832829
3973,78635710,566,78636276,6,0,1,512,9,2719347104
3974,78662600,15508,78678108,3,0,1,1536,6,7567649309
3975,78688200,304593,78992793,1,0,0,1024,17,7507484095
3976,78702930,4374,78707304,8,0,1,4608,3,4524635234
3977,78703280,78847,78782127,0,0,0,10752,6,1817225572
3978,78730920,2470,78733390,6,0,1,2560,9,1483640121
3979,78731840,184740,78916580,0,0,0,50688,6,2413058646
3980,78755370,216405,78971775,7,0,0,13824,6,2436248508
3981,78798260,69998,78868258,0,0,0,7680,6,554359769
3982,78802771,128671,78931442,2,0,0,2560,10,9557467573
3983,78848220,74918,78923138,1,0,0,512,17,7681519262
3984,78862780,59531,78922311,1,0,0,2560,17,10349377290
3985,78916051,140246,79056297,2,0,0,48128,10,3877239993
3986,78928080,208443,79136523,3,0,0,17920,6,3987814343
3987,78929660,7230,78936890,3,0,1,7680,6,5294857092
3988,78943400,1994,78945394,6,0,1,2048,9,3378403370
3989,78946490,5326,78951816,8,0,1,5632,3,8724906545
3990,78955800,168185,79123985,8,0,0,20992,3,2061749859
3991,78987421,121693,79109114,9,0,0,48640,5,6304535497
3992,78998800,231934,79230734,7,0,0,92672,6,8204990706
3993,79005861,172979,79178840,5,0,0,20992,19,1165320792
3994,79006930,234895,79241825,7,0,0,36352,6,1042151941
3995,79008940,250707,79259647,7,0,0,43008,6,7723958465
3996,79018820,227700,79246520,3,0,0,15360,6,7054030930
3997,79023960,324435,79348395,3,0,0,1536,6,2217257758
3998,79028120,302173,79330293,7,0,0,13824,6,1298508288
3999,79035761,231568,79267329,2,0,0,1024,10,7969990874
4000,79045850,279798,79325648,0,0,0,31744,6,4049344343
4001,79057630,1518,79059148,8,0,1,1536,3,1088414219
4002,79073921,193073,79266994,5,0,0,24064,19,3328464751
4003,79097060,13581,79110641,8,0,1,1536,3,3079300245
4004,79099870,15175,79115045,3,0,1,13824,6,1232147703
4005,79194770,72738,79267508,1,0,0,512,17,6949802029
4006,79226050,45277,79271327,3,0,1,4608,6,1079289321
4007,79260020,185010,79445030,0,0,0,33280,6,6543476744
4008,79267600,153220,79420820,8,0,0,19456,3,8227084857
4009,79304751,130124,79434875,9,0,0,46080,5,1496625803
4010,79328060,153120,79481180,7,0,0,51200,6,9062872346
4011,79339410,170168,79509578,7,0,0,7168,6,4915112528
4012,79341650,14545,79356195,6,0,1,28160,9,5204533100
4013,79345340,184449,79529789,0,0,0,23552,6,986680244
4014,79349970,7851,79357821,6,0,1,2560,9,6721159583
4015,79360370,566,79360936,6,0,1,512,9,4754624663
4016,79393710,1518,79395228,6,0,1,1536,9,10292188787
4017,79419330,30066,79449396,3,0,1,4608,6,760723045
4018,79467120,16046,79483166,6,0,1,2048,9,4735423617
4019,79569950,102128,79672078,7,0,0,35328,6,8245600167
4020,79579131,100614,79679745,9,0,0,25088,5,1380495196
4021,79614570,224461,79839031,8,0,0,29696,3,9755777728
4022,79669581,136991,79806572,2,0,0,70144,10,2256692889
4023,79672860,84328,79757188,7,0,0,3584,6,3278612097
4024,79692430,137538,79829968,0,0,0,30720,6,5158850566
4025,79693360,1518,79694878,8,0,1,1536,3,6577485785
4026,79718161,159559,79877720,5,0,0,29184,19,1212265346
4027,79730491,212761,79943252,2,0,0,82944,10,2793127812
4028,79737880,4850,79742730,0,0,1,5120,6,5211481661
4029,79739400,3676,79743076,3,0,1,512,6,3838277099
4030,79882390,22174,79904564,8,0,1,36352,3,2097379019
4031,79884290,21862,79906152,8,0,1,15872,3,7778651309
4032,79946340,97004,80043344,7,0,0,23552,6,6334592830
4033,79956751,187279,80144030,5,0,0,14336,19,1601010256
4034,79962671,59444,80022115,2,0,0,6144,10,345376022
4035,79966430,43904,80010334,1,0,0,512,17,8949459328
4036,80001490,197578,80199068,0,0,0,17408,6,2746751049
4037,80024810,81776,80106586,7,0,0,18944,6,10252217324
4038,80043520,104269,80147789,3,0,0,12288,6,4961353962
4039,80059260,161436,80220696,3,0,0,24576,6,6228474012
4040,80074500,2870,80077370,1,0,1,8704,17,268326942
4041,80120600,116406,80237006,0,0,0,9728,6,3346994590
4042,80138360,225597,80363957,1,0,0,1024,17,1657642404
4043,80143190,126198,80269388,3,0,0,29184,6,223872106
4044,80168050,6278,80174328,3,0,1,6656,6,4610425483
4045,80175230,139405,80314635,1,0,0,1536,17,4752250877
4046,80199421,164209,80363630,2,0,0,105472,10,9984273541
4047,80235171,303138,80538309,5,0,0,51712,19,4594584512
4048,80242180,149465,80391645,3,0,0,71680,6,1110605546
4049,80267840,140905,80408745,0,0,0,16896,6,8190685714
4050,80280760,11274,80292034,3,0,1,18432,6,5505006599
4051,80287610,207133,80494743,0,0,0,71168,6,6984733930
4052,80294030,99814,80393844,0,0,0,7168,6,10531678386
4053,80303820,2946,80306766,8,0,1,3072,3,6960335235
4054,80310241,334196,80644437,2,0,0,100352,10,2888126037
4055,80364000,214887,80578887,8,0,0,82944,3,989182309
4056,80433980,284769,80718749,1,0,0,512,17,9372499438
4057,80453760,200832,80654592,0,0,0,33280,6,8993452317
4058,80462481,118605,80581086,5,0,0,7168,19,7112694970
4059,80466450,252128,80718578,0,0,0,23552,6,7263700547
4060,80488571,499390,80987961,5,0,0,146944,19,132421564
4061,80496970,351637,80848607,8,0,0,19968,3,10009853657
4062,80500481,635554,81136035,5,0,0,238592,19,6260752164
4063,80508920,169875,80678795,7,0,0,79360,6,6837409570
4064,80542461,234702,80777163,5,0,0,30720,19,6145002786
4065,80625301,608920,81234221,5,0,0,172032,19,7696712654
4066,80659020,25569,80684589,1,0,1,6144,17,9073024333
4067,80707210,566,80707776,8,0,1,512,3,7833935210
4068,80719850,2946,80722796,3,0,1,3072,6,127959079
4069,80739051,533359,81272410,9,0,0,20992,5,4209615662
4070,80746111,258417,81004528,5,0,0,54272,19,6812020219
4071,80749140,255583,81004723,1,0,0,512,17,10729139170
4072,80755580,584581,81340161,7,0,0,17920,6,3823974972
4073,80755950,1042,80756992,1,0,1,1024,17,6302826456
4074,80813010,5802,80818812,3,0,1,6144,6,2122256586
4075,80816871,364903,81181774,5,0,0,150016,19,3182842721
4076,80837301,471937,81309238,9,0,0,81408,5,6321401262
4077,80846800,3793,80850593,1,0,1,2048,17,2321828592
4078,80853861,623922,81477783,2,0,0,9728,10,5855558465
4079,80863371,167457,81030828,9,0,0,4608,5,879001850
4080,80882240,383703,81265943,8,0,0,76800,3,9964186358
4081,80887850,354678,81242528,8,0,0,27136,3,564873199
4082,80899670,5326,80904996,8,0,1,5632,3,4810594994
4083,80904650,1042,80905692,8,0,1,1024,3,1873196400
4084,80936601,793962,81730563,9,0,0,50688,5,6302426135
4085,80945060,62874,81007934,8,0,1,3584,3,6780826128
4086,80949630,58970,81008600,1,0,1,1024,17,415226057
4087,80971850,39656,81011506,1,0,1,4608,17,9335985553
4088,81003321,337408,81340729,5,0,0,512,19,7116116450
4089,81009270,5462,81014732,1,0,1,5120,17,7563079027
4090,81021580,5326,81026906,1,0,1,5632,17,7574711995
4091,81045900,5196,81051096,3,0,1,13312,6,970454270
4092,81067930,241791,81309721,1,0,0,1536,17,4467101200
4093,81097661,324420,81422081,9,0,0,51200,5,2353903307
4094,81101730,361837,81463567,3,0,0,25088,6,1914107637
4095,81113761,519102,81632863,2,0,0,114688,10,2533091210
4096,81133490,138967,81272457,3,0,1,3072,6,9089768726
4097,81140120,132399,81272519,8,0,1,5632,3,3988959144
4098,81154740,166327,81321067,8,0,0,7680,3,9515091410
4099,81185100,91217,81276317,8,0,1,4096,3,7678392753
4100,81193400,247445,81440845,7,0,0,29184,6,250695869
4101,81196240,359743,81555983,7,0,0,101376,6,9360972258
4102,81199211,185774,81384985,9,0,0,7168,5,2315168448
4103,81205590,75233,81280823,3,0,1,7168,6,8634281515
4104,81244630,177778,81422408,1,0,0,1024,17,7574988400
4105,81247040,35409,81282449,3,0,1,2560,6,182126229
4106,81296711,277851,81574562,2,0,0,60928,10,3312726242
4107,81401020,255452,81656472,3,0,0,11776,6,10350198298
4108,81450361,202173,81652534,9,0,0,64512,5,560272414
4109,81451070,205737,81656807,1,0,0,1024,17,2988563437
4110,81485770,167091,81652861,1,0,0,1024,17,8947720813
4111,81507020,198124,81705144,3,0,0,31232,6,7735871265
4112,81523731,223398,81747129,9,0,0,53248,5,4615607451
4113,81547131,119015,81666146,5,0,0,15872,19,8064337055
4114,81577451,213081,81790532,2,0,0,34816,10,4675525244
4115,81622360,108530,81730890,1,0,0,1024,17,531022133
4116,81641070,25091,81666161,8,0,1,6144,3,6681052060
4117,81687100,147838,81834938,8,0,0,63488,3,906405302
4118,81707410,45596,81753006,1,0,0,1024,17,4111235147
4119,81708800,133872,81842672,1,0,0,2048,17,959326648
4120,81758510,4162,81762672,3,0,1,11264,6,468379001
4121,81808080,566,81808646,3,0,1,512,6,8590339969
4122,81823151,121649,81944800,2,0,0,5120,10,9241080304
4123,81826680,67407,81894087,7,0,0,5120,6,9752481027
4124,81827500,54768,81882268,1,0,0,1536,17,3969517862
4125,81827730,131739,81959469,3,0,0,46080,6,4935901868
4126,81907201,121394,82028595,5,0,0,39936,19,223711246
4127,81922540,43904,81966444,3,0,0,512,6,6455685078
4128,81935861,112012,82047873,5,0,0,16384,19,10281350125
4129,81981870,1994,81983864,3,0,1,2048,6,6014629013
4130,82023310,50873,82074183,1,0,0,1024,17,1255053915
4131,82027800,1378,82029178,3,0,1,512,6,7695199224
4132,82039540,47288,82086828,1,0,0,1536,17,3703276571
4133,82093210,107821,82201031,1,0,0,512,17,4506857903
4134,82095220,98540,82193760,7,0,0,23552,6,2247330108
4135,82156791,94820,82251611,5,0,0,16384,19,5625626559
4136,82159060,47288,82206348,1,0,0,1536,17,4619661940
4137,82184490,9285,82193775,3,0,1,5632,6,364373162
4138,82229180,3422,82232602,3,0,1,3584,6,3162914536
4139,82248750,58601,82307351,8,0,0,4096,3,10449521683
4140,82253730,4937,82258667,3,0,1,12800,6,9306327969
4141,82255290,6809,82262099,3,0,1,11776,6,8442255493
4142,82314210,184473,82498683,3,0,0,35840,6,372061056
4143,82316810,45596,82362406,7,0,0,1024,6,3630723947
4144,82337710,43904,82381614,1,0,0,512,17,9666371373
4145,82349790,90392,82440182,8,0,0,22016,3,6057956077
4146,82368120,1994,82370114,3,0,1,2048,6,8390525056
4147,82394940,11533,82406473,0,0,1,18944,6,1183015028
4148,82412341,157366,82569707,5,0,0,40960,19,7793675644
4149,82551410,5802,82557212,8,0,1,6144,3,6773031987
4150,82565321,107442,82672763,5,0,0,38400,19,8264205182
4151,82569741,110525,82680266,9,0,0,24576,5,7110492101
4152,82602021,141380,82743401,2,0,0,27136,10,10725482147
4153,82618760,84437,82703197,8,0,0,1536,3,3228146823
4154,82647080,2470,82649550,3,0,1,2560,6,7130360198
4155,82672500,127739,82800239,8,0,0,20992,3,6659457476
4156,82684821,100724,82785545,9,0,0,30720,5,2481602641
4157,82686311,84228,82770539,2,0,0,512,10,3770451096
4158,82724010,134291,82858301,7,0,0,13824,6,2106141853
4159,82739221,164314,82903535,5,0,0,55296,19,6708106734
4160,82855251,72518,82927769,9,0,0,7680,5,9351657542
4161,82879550,2470,82882020,3,0,1,2560,6,8263938430
4162,82893231,141440,83034671,2,0,0,130560,10,324871684
4163,82915340,3422,82918762,3,0,1,3584,6,2328433571
4164,82937510,7706,82945216,3,0,1,8192,6,4959078199
4165,82944130,91648,83035778,7,0,0,3584,6,6834553100
4166,83027770,12416,83040186,2,0,1,4608,10,3830744927
4167,83031170,119816,83150986,8,0,0,48640,3,7074653002
4168,83032381,167268,83199649,5,0,0,6656,19,2584070715
4169,83041830,3387,83045217,8,0,1,9728,3,6935452204
4170,83051440,2946,83054386,8,0,1,3072,3,69780471
4171,83061870,7230,83069100,8,0,1,7680,3,2734804331
4172,83065820,87488,83153308,2,0,1,146944,10,566386498
4173,83068090,91529,83159619,8,0,1,22016,3,481098560
4174,83079540,267909,83347449,7,0,0,49664,6,4290768973
4175,83086141,340542,83426683,2,0,0,83456,10,8493641815
4176,83100770,131205,83231975,8,0,0,17920,3,529004953
4177,83116140,60056,83176196,2,0,1,54784,10,3370602605
4178,83117230,82434,83199664,2,0,1,72704,10,10567772147
4179,83153590,51344,83204934,2,0,1,24064,10,5203914563
4180,83189410,16510,83205920,8,0,1,1536,3,3214296628
4181,83200860,9246,83210106,2,0,1,6656,10,8571120797
4182,83217270,7230,83224500,0,0,1,7680,6,9583613086
4183,83221320,128008,83349328,1,0,0,1024,17,9313460080
4184,83253490,272446,83525936,8,0,0,62976,3,10737360294
4185,83254890,116439,83371329,8,0,0,10752,3,2510843621
4186,83261371,116480,83377851,5,0,0,7168,19,5657554384
4187,83299490,5326,83304816,0,0,1,5632,6,4545094894
4188,83300110,6652,83306762,8,0,1,3072,3,10631656839
4189,83367991,167875,83535866,2,0,0,7680,10,3260364301
4190,83376750,4221,83380971,3,0,1,9216,6,7519427753
4191,83387720,5326,83393046,0,0,1,5632,6,7967636596
4192,83396620,30078,83426698,8,0,1,7168,3,3361420793
4193,83405131,172590,83577721,2,0,0,63488,10,603102775
4194,83408180,117927,83526107,1,0,0,512,17,9330153691
4195,83409150,24887,83434037,0,0,1,7680,6,3261615973
4196,83412740,23563,83436303,0,0,1,3584,6,5313241399
4197,83424740,18582,83443322,0,0,1,22016,6,7419890389
4198,83425300,19008,83444308,1,0,1,1536,17,4167442417
4199,83446241,166045,83612286,5,0,0,38400,19,6793510406
4200,83446410,10499,83456909,0,0,1,16896,6,4156460241
4201,83453110,7665,83460775,3,0,1,6144,6,4695994886
4202,83490870,5712,83496582,1,0,1,14336,17,5225603155
4203,83501821,241481,83743302,6,0,0,1024,9,6109004644
4204,83504060,24154,83528214,4,0,1,43520,18,1929660557
4205,83534410,7726,83542136,0,0,1,6656,6,9789826570
4206,83543171,299806,83842977,9,0,0,37376,5,6297905999
4207,83547150,234212,83781362,8,0,0,24576,3,2343473426
4208,83556060,115445,83671505,1,0,0,512,17,8471327627
4209,83573091,320002,83893093,9,0,0,21504,5,7274546764
4210,83574890,226780,83801670,1,0,0,1024,17,1148673382
4211,83577670,242071,83819741,8,0,0,49152,3,1195899333
4212,83584370,247196,83831566,8,0,0,36864,3,579038921
4213,83589940,314712,83904652,3,0,0,37888,6,967024318
4214,83617250,3898,83621148,1,0,1,4096,17,9892665896
4215,83627601,1994,83629595,5,0,1,2048,19,5866727430
4216,83650150,1994,83652144,0,0,1,2048,6,1843620285
4217,83656130,2870,83659000,3,0,1,8704,6,9423739840
4218,83659680,5454,83665134,4,0,1,13824,18,2419454719
4219,83680721,239086,83919807,9,0,0,49664,5,7771552121
4220,83697040,4850,83701890,0,0,1,5120,6,1610453484
4221,83777660,68436,83846096,1,0,1,105984,17,6969507308
4222,83799790,425405,84225195,7,0,0,118784,6,7470000323
4223,83820811,214765,84035576,5,0,0,88576,19,1210011827
4224,83828580,321721,84150301,8,0,0,21504,3,4335041891
4225,83843780,466200,84309980,7,0,0,24064,6,380362030
4226,83845830,3387,83849217,4,0,1,9728,18,9856076583
4227,83882850,233073,84115923,7,0,0,110592,6,5851675537
4228,83883890,385930,84269820,3,0,0,10240,6,8919974741
4229,83892580,251146,84143726,3,0,0,18944,6,3065998651
4230,83937370,2470,83939840,0,0,1,2560,6,3805928329
4231,83951380,5802,83957182,3,0,1,6144,6,2006076320
4232,83974940,3904,83978844,3,0,1,10752,6,8111304499
4233,83979421,287264,84266685,5,0,0,72704,19,5156428659
4234,84011670,27838,84039508,3,0,1,4096,6,7338233226
4235,84013130,29924,84043054,3,0,1,5632,6,644820252
4236,84030230,14770,84045000,3,0,1,3072,6,8134043682
4237,84071170,306220,84377390,3,0,0,48128,6,2785404009
4238,84089900,32286,84122186,3,0,1,15360,6,5398860967
4239,84092541,222914,84315455,9,0,0,17920,5,5837608301
4240,84111741,400487,84512228,9,0,0,101376,5,8641944301
4241,84121710,1994,84123704,0,0,1,2048,6,6549865168
4242,84139770,204238,84344008,8,0,0,86528,3,10715328816
4243,84142050,11905,84153955,0,0,1,10240,6,10511823590
4244,84148090,6211,84154301,0,0,1,512,6,10231468938
4245,84154660,3898,84158558,3,0,1,4096,6,7148617435
4246,84156930,3904,84160834,1,0,1,10752,17,4234554800
4247,84183640,383842,84567482,1,0,0,93184,17,8399916679
4248,84194330,384727,84579057,3,0,0,37888,6,10315188960
4249,84202640,194607,84397247,3,0,0,20480,6,8778735795
4250,84218301,217329,84435630,2,0,0,6656,10,5869125861
4251,84272600,266475,84539075,3,0,0,88064,6,8507258203
4252,84296270,286234,84582504,3,0,0,11264,6,7727312593
4253,84327200,27816,84355016,3,0,1,17920,6,7294300079
4254,84354310,233981,84588291,7,0,0,18944,6,712617612
4255,84377301,301664,84678965,9,0,0,25600,5,878110938
4256,84388820,8450,84397270,4,0,1,10240,18,4652793430
4257,84391031,280119,84671150,5,0,0,47616,19,8102612786
4258,84405840,21916,84427756,4,0,1,35840,18,1140260495
4259,84406870,181795,84588665,3,0,0,1024,6,9540183800
4260,84463560,124754,84588314,4,0,1,167936,18,5920375870
4261,84484920,149834,84634754,4,0,1,80384,18,1696772622
4262,84500541,272397,84772938,2,0,0,14336,10,1045559918
4263,84565460,90185,84655645,1,0,1,67072,17,265698783
4264,84569011,248633,84817644,5,0,0,8704,19,7972789598
4265,84575380,103600,84678980,9,0,1,52224,5,8318791995
4266,84602850,111641,84714491,1,0,1,110080,17,8480948526
4267,84613550,107662,84721212,9,0,1,24064,5,5494636267
4268,84613620,227543,84841163,7,0,0,10752,6,6510667398
4269,84625870,96328,84722198,3,0,1,1536,6,2542959438
4270,84682440,41384,84723824,4,0,1,2560,18,4028721951
4271,84686770,245455,84932225,8,0,0,60416,3,7239137456
4272,84723810,52555,84776365,9,0,1,85504,5,2629525180
4273,84735861,305748,85041609,5,0,0,96256,19,8205555965
4274,84757441,19590,84777031,5,0,1,1024,19,2097991021
4275,84774240,3137,84777377,4,0,1,512,18,6168529909
4276,84779030,2946,84781976,1,0,1,3072,17,1911913467
4277,84782060,14117,84796177,1,0,1,24064,17,5561365242
4278,84786640,337937,85124577,3,0,0,26112,6,7421071189
4279,84809791,245853,85055644,2,0,0,18432,10,9884473958
4280,84818450,3422,84821872,1,0,1,3584,17,3888614005
4281,84826360,75265,84901625,1,0,0,4608,17,6783642310
4282,84867220,3422,84870642,3,0,1,3584,6,7572695900
4283,84872550,2870,84875420,9,0,1,8704,5,9429303769
4284,84895140,4420,84899560,1,0,1,11776,17,3204411195
4285,84902630,147383,85050013,7,0,0,27136,6,7803843520
4286,84914341,424371,85338712,9,0,0,6144,5,7979027558
4287,84951061,4850,84955911,5,0,1,5120,19,5176962335
4288,84968870,35054,85003924,4,0,1,61440,18,4334105940
4289,84999450,386728,85386178,8,0,0,15360,3,4431212624
4290,85033940,182516,85216456,3,0,0,41984,6,10107266057
4291,85040440,43094,85083534,4,0,1,68096,18,8314451983
4292,85046930,295697,85342627,1,0,0,12800,17,1631532563
4293,85055501,253658,85309159,9,0,0,117248,5,7319408176
4294,85061180,248158,85309338,3,0,0,512,6,6684830668
4295,85061790,24970,85086760,3,0,1,5120,6,3115473455
4296,85121150,215667,85336817,1,0,0,90112,17,9890871361
4297,85136661,341987,85478648,5,0,0,10752,19,6885440879
4298,85147141,125896,85273037,9,0,0,2048,5,8983140057
4299,85149830,1042,85150872,3,0,1,1024,6,10182903921
4300,85225710,117564,85343274,3,0,0,2048,6,1976988429
4301,85277451,65846,85343297,5,0,1,2048,19,8625627911
4302,85299400,160708,85460108,8,0,0,20480,3,3314990700
4303,85332810,11974,85344784,3,0,1,1536,6,4756453757
4304,85338611,245530,85584141,2,0,0,10752,10,5644427858
4305,85360261,293450,85653711,9,0,0,1024,5,2302396280
4306,85361900,189584,85551484,1,0,0,25088,17,3051260928
4307,85390170,103844,85494014,1,0,0,40960,17,8663347095
4308,85407590,165281,85572871,1,0,0,70144,17,4030868237
4309,85460800,33245,85494045,4,0,1,40960,18,5243470341
4310,85463240,330762,85794002,8,0,0,10240,3,10514919739
4311,85482990,17344,85500334,9,0,1,6656,5,4509767734
4312,85483340,206598,85689938,8,0,0,74240,3,9791971587
4313,85484990,20170,85505160,1,0,1,7680,17,2854184003
4314,85515230,248046,85763276,8,0,0,81920,3,7931182136
4315,85515400,25187,85540587,4,0,1,45568,18,8346362013
4316,85531191,163814,85695005,9,0,0,512,5,2642375301
4317,85536591,4252,85540843,5,0,1,9216,19,6958105491
4318,85548311,514573,86062884,2,0,0,38400,10,9350892679
4319,85552960,168811,85721771,3,0,0,1536,6,3703988756
4320,85561701,385170,85946871,5,0,0,5632,19,2649465171
4321,85610451,55868,85666319,9,0,0,1024,5,7830498003
4322,85620090,273967,85894057,1,0,0,53248,17,9160970349
4323,85629460,26221,85655681,1,0,1,47616,17,9462957634
4324,85643231,126838,85770069,2,0,0,12288,10,8267794122
4325,85672860,194385,85867245,1,0,0,32768,17,7133669647
4326,85679910,14895,85694805,4,0,1,5120,18,1477612621
4327,85717341,184063,85901404,9,0,0,512,5,8457971318
4328,85733470,256149,85989619,7,0,0,17920,6,9794528984
4329,85752360,370033,86122393,7,0,0,155136,6,8188044727
4330,85752790,33407,85786197,9,0,1,40960,5,6163011860
4331,85757830,36187,85794017,1,0,1,20480,17,7906281507
4332,85758800,35232,85794032,4,0,1,1024,18,5660506025
4333,85768510,125718,85894228,3,0,0,512,6,6593001083
4334,85778720,263986,86042706,8,0,0,60928,3,8669723645
4335,85797221,101390,85898611,5,0,0,14336,19,5778925293
4336,85820241,230912,86051153,2,0,0,27648,10,9028270038
4337,85832661,2470,85835131,5,0,1,2560,19,573686734
4338,85841830,1994,85843824,3,0,1,2048,6,8342299936
4339,85845440,566,85846006,4,0,1,512,18,8474758148
4340,85859930,278094,86138024,8,0,0,51200,3,9663892478
4341,85871731,3128,85874859,5,0,1,9216,19,3446298024
4342,85902040,256227,86158267,1,0,0,13312,17,25535269
4343,85904651,158583,86063234,9,0,0,1024,5,769518831
4344,85946741,294998,86241739,5,0,0,125952,19,2237571305
4345,85960760,345794,86306554,1,0,0,43520,17,10623317184
4346,85992440,566,85993006,3,0,1,512,6,2110216650
4347,86015810,266704,86282514,1,0,0,20480,17,6365794809
4348,86029351,33556,86062907,5,0,1,2048,19,1501414345
4349,86042600,95439,86138039,1,0,1,68608,17,6354217371
4350,86067750,259346,86327096,8,0,0,24576,3,3697527870
4351,86083431,163003,86246434,2,0,0,15360,10,327479125
4352,86107941,31625,86139566,5,0,1,1536,19,9493930424
4353,86131480,247713,86379193,1,0,0,4096,17,8249358998
4354,86149370,1994,86151364,3,0,1,2048,6,7466553468
4355,86159050,26479,86185529,1,0,1,48128,17,5127245729
4356,86184910,62475,86247385,0,0,0,3072,6,9303821695
4357,86185120,108159,86293279,0,0,0,25088,6,4278227976
4358,86241031,6912,86247943,5,0,1,512,19,8309552353
4359,86259930,11533,86271463,9,0,1,18944,5,2028444917
4360,86291860,95596,86387456,7,0,0,3072,6,3018992907
4361,86300830,6783,86307613,4,0,1,1024,18,4905097689
4362,86324700,15729,86340429,9,0,1,22528,5,6514714499
4363,86339361,148379,86487740,2,0,0,17408,10,7862549243
4364,86351021,216329,86567350,2,0,0,23040,10,1289111761
4365,86362650,188802,86551452,7,0,0,9216,6,1948337758
4366,86368491,65261,86433752,9,0,0,1536,5,7971254275
4367,86382190,251672,86633862,8,0,0,51712,3,6328161590
4368,86388421,1994,86390415,5,0,1,2048,19,9633768094
4369,86389341,77327,86466668,2,0,0,5120,10,3264438643
4370,86397051,1042,86398093,5,0,1,1024,19,7161981488
4371,86414121,186983,86601104,2,0,0,69632,10,4947920319
4372,86414570,12995,86427565,9,0,1,25088,5,7675521456
4373,86428450,81064,86509514,3,0,0,2048,6,6473167113
4374,86428590,6278,86434868,9,0,1,6656,5,8312571223
4375,86466441,138118,86604559,2,0,0,11264,10,4170101527
4376,86476501,194031,86670532,5,0,0,29696,19,6327990445
4377,86478711,278800,86757511,9,0,0,1536,5,2736788237
4378,86481480,6283,86487763,4,0,1,6144,18,9860030996
4379,86485141,10297,86495438,5,0,1,8192,19,2844939313
4380,86496660,5326,86501986,3,0,1,5632,6,6978422746
4381,86497350,178290,86675640,7,0,0,11264,6,2520595521
4382,86526970,6278,86533248,3,0,1,6656,6,886005196
4383,86583871,150858,86734729,5,0,0,49152,19,8844245315
4384,86600040,156988,86757028,8,0,0,18944,3,515835275
4385,86602760,5255,86608015,3,0,1,3584,6,9911535315
4386,86603691,5310,86609001,5,0,1,1536,19,3812136949
4387,86610000,85746,86695746,3,0,0,512,6,2328683070
4388,86616811,17066,86633877,5,0,1,3072,19,3346281026
4389,86711400,2946,86714346,4,0,1,3072,18,3971380726
4390,86715850,59508,86775358,3,0,0,1536,6,9671970269
4391,86729851,10672,86740523,5,0,1,6144,19,10116312928
4392,86737950,45596,86783546,3,0,0,1024,6,1989215018
4393,86765980,1042,86767022,3,0,1,1024,6,5703125111
4394,86793691,123124,86916815,5,0,0,94208,19,8028032318
4395,86805510,6278,86811788,4,0,1,6656,18,1159522921
4396,86819390,64483,86883873,1,0,1,105472,17,4911231183
4397,86838540,49519,86888059,4,0,1,6656,18,3219237101
4398,86862170,96226,86958396,3,0,0,512,6,5828636701
4399,86864950,51880,86916830,4,0,1,512,18,3069916140
4400,86903940,17749,86921689,3,0,1,5120,6,9651405556
4401,86911750,12878,86924628,3,0,1,15360,6,8148336721
4402,86927610,173553,87101163,7,0,0,17408,6,2388791891
4403,86928140,391298,87319438,8,0,0,131584,3,9776988805
4404,86942600,212486,87155086,7,0,0,48128,6,9084780492
4405,86942720,566,86943286,3,0,1,512,6,8749866748
4406,86997330,273608,87270938,0,0,0,81408,6,7838719097
4407,87021630,7230,87028860,3,0,1,7680,6,1069033313
4408,87050020,129941,87179961,8,0,0,43008,3,6103708724
4409,87083320,275916,87359236,7,0,0,29184,6,2540425173
4410,87105620,388010,87493630,8,0,0,86016,3,1705386695
4411,87153681,177488,87331169,5,0,0,38400,19,10284133168
4412,87162071,215313,87377384,2,0,0,41472,10,3528379951
4413,87190380,187175,87377555,3,0,0,512,6,4180235368
4414,87212240,283456,87495696,0,0,0,6144,6,6315808467
4415,87236240,377054,87613294,1,0,0,138752,17,4742077850
4416,87240540,188182,87428722,0,0,0,34304,6,5993511864
4417,87247600,445883,87693483,8,0,0,57856,3,4035385103
4418,87265141,12568,87277709,5,0,1,7168,19,7181744873
4419,87276271,217530,87493801,9,0,0,512,5,6656219752
4420,87282200,179611,87461811,7,0,0,4608,6,5216503192
4421,87285450,328179,87613629,3,0,0,1024,6,8938226479
4422,87315711,18889,87334600,5,0,1,3584,19,7847047282
4423,87325031,224673,87549704,5,0,0,55296,19,6866880332
4424,87331481,181835,87513316,2,0,0,36352,10,8627468533
4425,87334001,179806,87513807,9,0,0,1536,5,7577791798
4426,87339821,4850,87344671,5,0,1,5120,19,3910745091
4427,87341610,4687,87346297,4,0,1,2560,18,9016960778
4428,87364161,13409,87377570,5,0,1,4096,19,2416521507
4429,87370431,183500,87553931,5,0,0,13824,19,1138105283
4430,87392531,223921,87616452,2,0,0,9216,10,7549139633
4431,87406900,237324,87644224,7,0,0,12288,6,250315748
4432,87450190,1518,87451708,4,0,1,1536,18,9234165918
4433,87483940,213474,87697414,8,0,0,12800,3,3859239979
4434,87504460,171348,87675808,7,0,0,83456,6,3545607927
4435,87553330,164724,87718054,7,0,0,26624,6,2085472466
4436,87577520,46171,87623691,4,0,1,7680,18,4306375703
4437,87598390,120006,87718396,3,0,0,1024,6,8830307227
4438,87601000,107590,87708590,8,0,0,13824,3,1146974074
4439,87620150,88767,87708917,3,0,0,1024,6,6803090485
4440,87626061,12049,87638110,5,0,1,19968,19,7704954457
4441,87631871,284106,87915977,2,0,0,20992,10,9670664165
4442,87655921,77868,87733789,9,0,0,512,5,7848398066
4443,87657770,139560,87797330,8,0,0,6144,3,8521566955
4444,87663550,33887,87697437,4,0,1,3072,18,10080896416
4445,87668190,75997,87744187,3,0,0,1024,6,2551654452
4446,87678501,39568,87718069,5,0,1,21504,19,7449194050
4447,87700520,94923,87795443,0,0,0,12800,6,9583692161
4448,87726370,297895,88024265,7,0,0,6144,6,5818825031
4449,87734751,43904,87778655,9,0,0,512,5,10463787955
4450,87741261,96824,87838085,2,0,0,17920,10,2280430237
4451,87745401,66156,87811557,5,0,0,6656,19,5169939163
4452,87757560,2946,87760506,4,0,1,3072,18,3985910843
4453,87776330,81525,87857855,3,0,0,1024,6,1747275980
4454,87779140,194281,87973421,8,0,0,5632,3,9549618148
4455,87786700,239452,88026152,8,0,0,6144,3,8978049673
4456,87823600,76052,87899652,7,0,0,10240,6,4620393862
4457,87830691,108038,87938729,2,0,0,43520,10,4976667644
4458,87850020,5802,87855822,4,0,1,6144,18,2668685260
4459,87858331,3904,87862235,5,0,1,10752,19,755267863
4460,87866410,256153,88122563,8,0,0,95744,3,6458177963
4461,87902930,239483,88142413,0,0,0,64512,6,926923043
4462,87921001,85487,88006488,5,0,0,6144,19,10346891279
4463,87945451,73981,88019432,9,0,0,1536,5,7768650930
4464,87962720,118749,88081469,1,0,0,5120,17,2369571814
4465,88006561,1042,88007603,5,0,1,1024,19,2299992462
4466,88009001,134363,88143364,9,0,0,3072,5,8918522705
4467,88047641,2946,88050587,5,0,1,3072,19,9552899482
4468,88049631,73103,88122734,9,0,0,512,5,9858114822
4469,88100550,66080,88166630,3,0,0,512,6,9513519095
4470,88147140,1042,88148182,8,0,1,1024,3,9108446363
4471,88182391,48980,88231371,5,0,0,2048,19,5308315599
4472,88191001,124106,88315107,9,0,0,512,5,10447554479
4473,88221561,6754,88228315,5,0,1,7168,19,5376459739
4474,88229170,566,88229736,8,0,1,512,3,4752844019
4475,88241701,45596,88287297,9,0,0,1024,5,5096252425
4476,88252761,1042,88253803,5,0,1,1024,19,7447509229
4477,88273201,1042,88274243,5,0,1,1024,19,1076511543
4478,88273441,45520,88318961,9,0,0,512,5,8911537223
4479,88344640,1042,88345682,8,0,1,1024,3,2710986095
4480,88348301,43904,88392205,9,0,0,512,5,2315040919
4481,88352200,106184,88458384,7,0,0,48640,6,4119518258
4482,88399951,75953,88475904,5,0,0,3072,19,8439812142
4483,88401090,122952,88524042,8,0,0,56320,3,3387514467
4484,88424911,154453,88579364,5,0,0,52224,19,7854122884
4485,88432391,113191,88545582,5,0,0,31232,19,10390115377
4486,88434510,1518,88436028,8,0,1,1536,3,6818578475
4487,88488880,1518,88490398,8,0,1,1536,3,2432546697
4488,88491881,112568,88604449,5,0,0,36864,19,2679275822
4489,88502291,214269,88716560,5,0,0,76800,19,7506277031
4490,88504800,335522,88840322,1,0,0,93696,17,6078657081
4491,88528471,1042,88529513,5,0,1,1024,19,730748678
4492,88531050,205665,88736715,5,0,0,66048,19,7186777285
4493,88543330,198088,88741418,8,0,0,15360,3,4700996492
4494,88546030,6754,88552784,4,0,1,7168,18,8443872827
4495,88548750,337856,88886606,0,0,0,56832,6,561577362
4496,88576821,4070,88580891,5,0,1,1536,19,6048711443
4497,88577470,170942,88748412,3,0,0,1024,6,497543504
4498,88590770,178192,88768962,7,0,0,44032,6,1146846019
4499,88616320,333903,88950223,7,0,0,55808,6,1294939102
4500,88626470,267967,88894437,5,0,0,25600,19,8249072203
4501,88647420,566,88647986,4,0,1,512,18,4166499966
4502,88648071,361109,89009180,2,0,0,115200,10,6987132986
4503,88658600,249270,88907870,8,0,0,24064,3,9939059988
4504,88695830,325377,89021207,7,0,0,39424,6,4534277517
4505,88702060,216650,88918710,5,0,0,2048,19,6262644031
4506,88712441,309124,89021565,9,0,0,512,5,5309127112
4507,88735890,217468,88953358,0,0,0,10240,6,3253434145
4508,88762601,170595,88933196,2,0,0,27136,10,5863996135
4509,88764470,287428,89051898,7,0,0,16384,6,1562430866
4510,88771221,7230,88778451,5,0,1,7680,19,8129670551
4511,88808150,303286,89111436,5,0,0,8704,19,6381430505
4512,88843081,201431,89044512,2,0,0,75264,10,8734241547
4513,88870660,259654,89130314,7,0,0,15360,6,1068459774
4514,88876331,91912,88968243,9,0,0,512,5,6590565772
4515,88887170,159697,89046867,5,0,0,7680,19,9572358378
4516,88898871,122507,89021378,9,0,0,512,5,4860200504
4517,88920861,187908,89108769,2,0,0,22016,10,2800824213
4518,88926550,235336,89161886,8,0,0,98816,3,6610906881
4519,88966060,113980,89080040,5,0,0,12800,19,7473780187
4520,88973380,94168,89067548,3,0,0,2048,6,4248046085
4521,89004881,47032,89051913,5,0,1,2048,19,8133662560
4522,89006850,157703,89164553,7,0,0,8704,6,6643221346
4523,89038391,179679,89218070,2,0,0,44032,10,7318820913
4524,89039230,258055,89297285,5,0,0,45056,19,7034674251
4525,89077640,6766,89084406,8,0,1,4608,3,5840660613
4526,89087190,3128,89090318,8,0,1,9216,3,5728422085
4527,89110010,68217,89178227,7,0,0,2048,6,5317186819
4528,89144790,187706,89332496,7,0,0,38400,6,7644581409
4529,89179240,141541,89320781,5,0,0,11264,19,9140645436
4530,89183741,97617,89281358,2,0,0,1536,10,7629343165
4531,89190181,13083,89203264,5,0,1,22016,19,2232355481
4532,89198470,107878,89306348,0,0,0,29696,6,1197805541
4533,89376971,2870,89379841,5,0,1,8704,19,9120583382
4534,89380580,57608,89438188,0,0,0,2048,6,4942412229
4535,89397881,75140,89473021,2,0,0,12288,10,1875727323
4536,89445290,57440,89502730,8,0,0,4608,3,7415619843
4537,89530851,45596,89576447,9,0,0,1024,5,6362208469
4538,89566610,47444,89614054,1,0,0,2048,17,5657893437
4539,89609411,50672,89660083,9,0,0,2560,5,2465711077
4540,89676600,177058,89853658,5,0,0,121856,19,6895415384
4541,89692910,177003,89869913,0,0,0,53248,6,4014150251
4542,89708690,256170,89964860,1,0,0,144896,17,9345777557
4543,89710810,162098,89872908,0,0,0,9728,6,8013567456
4544,89770980,142172,89913152,7,0,0,25600,6,5175541505
4545,89788210,191220,89979430,0,0,0,47104,6,913393608
4546,89827240,137807,89965047,3,0,0,512,6,6810418344
4547,89838781,34150,89872931,5,0,1,2048,19,5302381214
4548,89848471,27342,89875813,5,0,1,3072,19,8396857946
4549,89924751,143242,90067993,9,0,0,512,5,4882261075
4550,89937431,43952,89981383,5,0,1,2048,19,946451212
4551,89939880,150676,90090556,5,0,0,22528,19,9743755513
4552,89951280,154663,90105943,1,0,0,28160,17,7615639820
4553,89974341,8988,89983329,5,0,1,3072,19,2586233460
4554,90036450,92782,90129232,3,0,0,1024,6,1430794485
4555,90070160,76277,90146437,5,0,0,8704,19,10008153412
4556,90091030,47288,90138318,3,0,0,1536,6,4971877023
4557,90123750,43904,90167654,3,0,0,512,6,8762020223
4558,90128550,97292,90225842,0,0,0,19456,6,8265501273
4559,90160690,69284,90229974,0,0,0,8192,6,2855291401
4560,90172231,3387,90175618,5,0,1,9728,19,1228188815
4561,90193440,124917,90318357,3,0,0,68608,6,8735210791
4562,90213600,3422,90217022,8,0,1,3584,3,620168824
4563,90242530,101660,90344190,3,0,0,33792,6,245846466
4564,90264900,55316,90320216,0,0,0,3072,6,8141294162
4565,90270491,74034,90344525,9,0,0,1024,5,4671289191
4566,90334920,10155,90345075,8,0,1,512,3,2855379197
4567,90336750,201143,90537893,5,0,0,168448,19,10207472041
4568,90344990,231855,90576845,8,0,0,41472,3,1522932149
4569,90394080,147137,90541217,7,0,0,10240,6,6928890926
4570,90439551,205262,90644813,2,0,0,58368,10,7437442169
4571,90477911,99105,90577016,9,0,0,512,5,4697339637
4572,90485700,134015,90619715,5,0,0,4608,19,4441333495
4573,90504840,104394,90609234,7,0,0,512,6,3074898613
4574,90542870,127084,90669954,5,0,0,43520,19,7519693384
4575,90560041,1042,90561083,5,0,1,1024,19,9033761427
4576,90600160,121939,90722099,3,0,0,40960,6,7794462704
4577,90609380,60745,90670125,1,0,0,512,17,7302666693
4578,90693590,101504,90795094,3,0,0,33280,6,1625649157
4579,90699740,122175,90821915,1,0,0,2560,17,2064634855
4580,90705700,52364,90758064,1,0,0,3072,17,3140619236
4581,90712920,196343,90909263,8,0,0,57856,3,2099705561
4582,90749220,45889,90795109,9,0,1,71680,5,3594457270
4583,90756350,217087,90973437,8,0,0,33792,3,8821111023
4584,90799180,284097,91083277,3,0,0,67072,6,5106286994
4585,90811250,313725,91124975,5,0,0,67072,19,5055008517
4586,90820201,142925,90963126,2,0,0,12800,10,6276477896
4587,90834771,4679,90839450,5,0,1,12288,19,7880856107
4588,90868771,2470,90871241,5,0,1,2560,19,36708642
4589,90876760,81284,90958044,8,0,0,12288,3,8619626619
4590,90881220,223288,91104508,7,0,0,69632,6,5948510492
4591,90889060,22174,90911234,9,0,1,36352,5,4814140077
4592,90913161,137005,91050166,9,0,0,1024,5,3119417003
4593,90946090,189150,91135240,8,0,0,22016,3,2253607111
4594,90952490,198365,91150855,5,0,0,51200,19,3914536526
4595,90998970,1518,91000488,7,0,1,1536,6,287195466
4596,91011610,266475,91278085,3,0,0,1536,6,9688646057
4597,91021981,181641,91203622,2,0,0,53760,10,7414016621
4598,91081011,216387,91297398,5,0,0,12800,19,5528225306
4599,91086360,264006,91350366,5,0,0,105984,19,6439709584
4600,91103590,47280,91150870,8,0,1,8192,3,5868218748
4601,91121341,156261,91277602,2,0,0,74752,10,1307068116
4602,91133050,217799,91350849,8,0,0,1536,3,1878050702
4603,91146311,251833,91398144,5,0,0,34816,19,3508146688
4604,91153420,566,91153986,7,0,1,512,6,5577520372
4605,91166270,1994,91168264,8,0,1,2048,3,4052482190
4606,91170600,3387,91173987,8,0,1,9728,3,3500547924
4607,91175990,127520,91303510,0,0,0,16384,6,1373346958
4608,91179070,24567,91203637,9,0,1,17408,5,2716184790
4609,91195660,82596,91278256,1,0,0,512,17,2224450812
4610,91200260,297077,91497337,8,0,0,44032,3,7494117718
4611,91204111,11016,91215127,5,0,1,17920,19,8653268199
4612,91227891,175631,91403522,9,0,0,1024,5,9825416123
4613,91240320,222523,91462843,3,0,0,26624,6,10700053088
4614,91327680,25631,91353311,8,0,1,2560,3,8270254514
4615,91377900,176935,91554835,0,0,0,14848,6,8114217118
4616,91402970,133103,91536073,1,0,0,2560,17,5862642312
4617,91403941,98403,91502344,2,0,0,16384,10,321228006
4618,91415960,190043,91606003,0,0,0,4096,6,1542294376
4619,91430920,4162,91435082,8,0,1,11264,3,6601145624
4620,91693250,82220,91775470,3,0,0,15360,6,9076046741
4621,91702150,64076,91766226,7,0,0,11264,6,7515136241
4622,91735400,40874,91776274,9,0,1,66048,5,3893759717
4623,91748140,161505,91909645,8,0,0,38400,3,3018004840
4624,91760680,16362,91777042,9,0,1,11776,5,3275732620
4625,91763210,14498,91777708,8,0,1,1024,3,3632366677
4626,91789281,1042,91790323,5,0,1,1024,19,6213273340
4627,91836320,174737,92011057,9,0,1,286720,5,2657538647
4628,91837640,173571,92011211,8,0,1,8704,3,8070808613
4629,91866571,201690,92068261,9,0,0,512,5,10582894749
4630,91867151,202933,92070084,9,0,0,1536,5,9537747908
4631,91947940,279454,92227394,8,0,0,18944,3,4749503961
4632,91958841,301039,92259880,6,0,0,1024,9,10002138633
4633,91962790,323687,92286477,3,0,0,11776,6,2346394945
4634,91988221,78397,92066618,6,0,0,512,9,6823493638
4635,91991451,22026,92013477,5,0,1,3584,19,9339670003
4636,92007391,252162,92259553,5,0,0,15872,19,6081948450
4637,92010941,418749,92429690,9,0,0,1024,5,362460857
4638,92014330,53066,92067396,9,0,1,86528,5,8440531899
4639,92017581,385966,92403547,9,0,0,1536,5,3118287849
4640,92019080,398990,92418070,0,0,0,47616,6,2920977836
4641,92021410,94945,92116355,9,0,1,126976,5,7891273451
4642,92043250,352155,92395405,8,0,0,212480,3,2266142006
4643,92066930,56146,92123076,9,0,1,32256,5,302078093
4644,92106470,17374,92123844,7,0,1,11776,6,5475901447
4645,92106551,322469,92429020,2,0,0,35328,10,1467323801
4646,92129050,334561,92463611,7,0,0,48128,6,5940709564
4647,92196640,5326,92201966,3,0,1,5632,6,5698445792
4648,92215080,187984,92403064,0,0,0,25088,6,2987100722
4649,92247741,170500,92418241,6,0,0,512,9,3666326039
4650,92248481,180866,92429347,9,0,0,1024,5,8529872696
4651,92410130,312878,92723008,1,0,0,512,17,8381613
4652,92416411,232839,92649250,6,0,0,1536,9,7162082485
4653,92445450,93152,92538602,0,0,0,20992,6,8751624432
4654,92446411,445021,92891432,2,0,0,92672,10,8053897140
4655,92450220,14918,92465138,8,0,1,1536,3,8067890506
4656,92457220,163721,92620941,7,0,0,61952,6,4497442065
4657,92493761,222772,92716533,6,0,0,512,9,6638130433
4658,92496281,210737,92707018,2,0,0,4608,10,3427777994
4659,92511240,452315,92963555,7,0,0,100864,6,6652258780
4660,92513811,450383,92964194,9,0,0,2048,5,10091939547
4661,92518001,223948,92741949,2,0,0,48640,10,7483865509
4662,92518090,57964,92576054,1,0,0,512,17,3007523588
4663,92520050,67238,92587288,1,0,1,114176,17,8405564587
4664,92522230,65724,92587954,8,0,1,1024,3,9641300511
4665,92522240,98716,92620956,1,0,1,54784,17,6505168989
4666,92528150,563079,93091229,3,0,0,100352,6,8217897340
4667,92538030,277173,92815203,7,0,0,5632,6,2740148236
4668,92565971,55000,92620971,5,0,1,5120,19,7595662188
4669,92616500,6933,92623433,6,0,1,2560,9,8534933473
4670,92647830,381263,93029093,7,0,0,82944,6,1333003945
4671,92654451,468275,93122726,2,0,0,31744,10,6741404455
4672,92662660,40874,92703534,1,0,1,66048,17,4139935111
4673,92669730,75519,92745249,1,0,1,101376,17,8725466444
4674,92686470,61365,92747835,8,0,1,4096,3,1091559813
4675,92703980,579514,93283494,0,0,0,44544,6,7631582974
4676,92744700,505349,93250049,7,0,0,150528,6,9918256349
4677,92814530,4569,92819099,8,0,1,10752,3,9108251489
4678,92831900,355887,93187787,7,0,0,48128,6,4368749291
4679,92854980,183659,93038639,3,0,0,30720,6,1460197519
4680,92860741,230667,93091408,9,0,0,512,5,2400078167
4681,92866991,602587,93469578,6,0,0,512,9,2405070336
4682,92872030,291868,93163898,1,0,0,512,17,2562938682
4683,92881091,148173,93029264,9,0,0,512,5,3375200761
4684,92888960,5485,92894445,6,0,1,3072,9,709177738
4685,92894040,70661,92964701,1,0,0,1536,17,587307691
4686,92897950,386191,93284141,1,0,0,2048,17,9149132260
4687,92914701,177190,93091891,9,0,0,1536,5,3292939881
4688,92915340,3387,92918727,6,0,1,9728,9,893600241
4689,92917240,513724,93430964,0,0,0,28160,6,5050042122
4690,92929080,437594,93366674,7,0,0,89088,6,2955490498
4691,92941030,328877,93269907,8,0,0,61952,3,3339419980
4692,92945271,305737,93251008,5,0,0,3072,19,3234532446
4693,92948420,18234,92966654,8,0,1,2048,3,7850216868
4694,92965481,345498,93310979,2,0,0,1536,10,10534309109
4695,92982570,303926,93286496,3,0,0,7680,6,9667850337
4696,93019730,364937,93384667,0,0,0,38400,6,6750508608
4697,93046320,1042,93047362,0,0,1,1024,6,3524343507
4698,93075981,296963,93372944,5,0,0,20480,19,1217687036
4699,93094231,290763,93384994,9,0,0,1024,5,1174173815
4700,93110540,520688,93631228,0,0,0,124928,6,8450537705
4701,93111560,11181,93122741,6,0,1,2048,9,1490337887
4702,93115781,290467,93406248,5,0,0,69120,19,1499963053
4703,93132420,320244,93452664,3,0,0,24064,6,3583539906
4704,93135051,287295,93422346,5,0,0,46592,19,1693120833
4705,93147161,260974,93408135,5,0,0,6144,19,1037317335
4706,93150940,16096,93167036,1,0,1,31232,17,10617942128
4707,93183170,332729,93515899,0,0,0,27648,6,2917077396
4708,93186080,7526,93193606,6,0,1,6144,9,2550168553
4709,93212810,247127,93459937,1,0,0,1024,17,303548860
4710,93217030,414837,93631867,7,0,0,2048,6,10612411964
4711,93233890,314666,93548556,3,0,0,31744,6,1663716083
4712,93250591,216238,93466829,6,0,0,512,9,9968439546
4713,93251211,385819,93637030,5,0,0,16896,19,5719771544
4714,93254301,130864,93385165,6,0,0,512,9,8523714947
4715,93255420,337721,93593141,0,0,0,57344,6,2580122888
4716,93271570,483728,93755298,0,0,0,154624,6,5541352583
4717,93281691,209200,93490891,6,0,0,1024,9,9927761790
4718,93298130,270964,93569094,0,0,0,16896,6,5787678654
4719,93307880,58809,93366689,9,0,1,52736,5,9670899958
4720,93321481,376152,93697633,5,0,0,68096,19,2792687262
4721,93323840,317417,93641257,8,0,0,13824,3,3701282167
4722,93353060,69301,93422361,1,0,1,14336,17,188941742
4723,93391790,50174,93441964,0,0,1,17920,6,10277402642
4724,93410010,89558,93499568,1,0,0,512,17,9506417003
4725,93469430,4990,93474420,0,0,1,5120,6,392730133
4726,93532810,15761,93548571,1,0,1,27648,17,5740002591
4727,93559950,10241,93570191,1,0,1,16384,17,5684288300
4728,93584770,177571,93762341,0,0,0,23040,6,10619989450
4729,93646191,167509,93813700,6,0,0,4096,9,9833990915
4730,93684510,88477,93772987,1,0,0,2560,17,9816887931
4731,93695811,67013,93762824,9,0,0,1536,5,5111503624
4732,93714050,166424,93880474,7,0,0,20480,6,2811649028
4733,93767331,179665,93946996,2,0,0,15872,10,165458687
4734,93774350,1042,93775392,6,0,1,1024,9,3295142243
4735,93776610,136971,93913581,8,0,0,46080,3,9172640641
4736,93802310,171091,93973401,3,0,0,13312,6,5427866827
4737,93802671,277496,94080167,6,0,0,62464,9,359168970
4738,93812240,1994,93814234,6,0,1,2048,9,10280510292
4739,93830330,22174,93852504,1,0,1,36352,17,3226304425
4740,93863490,17015,93880505,0,0,1,22016,6,7335117025
4741,93874591,121738,93996329,5,0,0,21504,19,10679410012
4742,93875100,38496,93913596,1,0,1,33280,17,3707146875
4743,93882110,165848,94047958,0,0,0,14848,6,4145049980
4744,93882480,31131,93913611,0,0,1,6144,6,10649052216
4745,93922880,3904,93926784,0,0,1,10752,6,2132908450
4746,93929820,17191,93947011,1,0,1,26624,17,1498439946
4747,93939690,252607,94192297,3,0,0,28672,6,10621972482
4748,93945001,323623,94268624,2,0,0,23040,10,10273862721
4749,93946960,175608,94122568,0,0,0,31744,6,626279276
4750,93951990,261301,94213291,3,0,0,10752,6,5503795949
4751,93963280,13858,93977138,1,0,1,23552,17,5182005598
4752,94006951,229692,94236643,5,0,0,11776,19,3801357072
4753,94024280,142871,94167151,8,0,0,65024,3,6641519765
4754,94045330,3203,94048533,6,0,1,512,9,7345633120
4755,94047280,210656,94257936,7,0,0,23040,6,5670031041
4756,94071790,11808,94083598,6,0,1,3584,9,5717830793
4757,94073070,12794,94085864,6,0,1,3584,9,2840171208
4758,94086951,253480,94340431,6,0,0,52736,9,7475063028
4759,94099110,161232,94260342,3,0,0,4608,6,1858010042
4760,94136310,155375,94291685,1,0,0,1024,17,9456526458
4761,94137590,264071,94401661,1,0,0,512,17,6044704027
4762,94153200,15954,94169154,0,0,1,2048,6,5000037708
4763,94163110,87618,94250728,5,0,0,19456,19,529366345
4764,94206370,3128,94209498,6,0,1,9216,9,2864367775
4765,94213920,6754,94220674,0,0,1,7168,6,10282630440
4766,94228900,171693,94400593,1,0,0,2048,17,6382799878
4767,94248400,296517,94544917,8,0,0,150528,3,2245763276
4768,94288410,12308,94300718,0,0,1,20480,6,1469340918
4769,94336970,162068,94499038,7,0,0,31232,6,6884989075
4770,94348080,1994,94350074,0,0,1,2048,6,6022532820
4771,94362780,6754,94369534,6,0,1,7168,9,4406703173
4772,94376470,169710,94546180,5,0,0,4096,19,4752480105
4773,94392830,159457,94552287,7,0,0,19968,6,7867819493
4774,94424760,7230,94431990,1,0,1,7680,17,9502846231
4775,94444220,215584,94659804,0,0,0,18432,6,4617559110
4776,94461421,192736,94654157,5,0,0,92160,19,964294422
4777,94467570,134526,94602096,8,0,0,10240,3,3776691713
4778,94474080,191519,94665599,0,0,0,18944,6,8143421947
4779,94502940,91535,94594475,1,0,0,1024,17,4026216413
4780,94528230,31279,94559509,6,0,1,7680,9,5992701215
4781,94558120,1735,94559855,0,0,1,512,6,3667108864
4782,94566190,101000,94667190,7,0,0,5120,6,9591124154
4783,94574150,3645,94577795,0,0,1,10240,6,5408032169
4784,94575140,9409,94584549,6,0,1,7680,9,9167889766
4785,94594130,90043,94684173,8,0,0,1536,3,10215099843
4786,94598820,5326,94604146,0,0,1,5632,6,5168034349
4787,94609930,149352,94759282,5,0,0,55296,19,6695756615
4788,94618060,4850,94622910,6,0,1,5120,9,3285780407
4789,94629860,107404,94737264,0,0,0,9728,6,6814511651
4790,94633160,34045,94667205,6,0,1,512,9,1051185510
4791,94646340,287602,94933942,5,0,0,114176,19,785734937
4792,94652880,176488,94829368,7,0,0,57344,6,1970995603
4793,94671290,66219,94737509,1,0,0,512,17,2973313117
4794,94676551,83526,94760077,9,0,0,2560,5,826953704
4795,94770840,5326,94776166,0,0,1,5632,6,6881766345
4796,94818810,13972,94832782,6,0,1,3584,9,5940129794
4797,94839590,3128,94842718,6,0,1,9216,9,6432894058
4798,94866751,93303,94960054,9,0,0,1024,5,3685786256
4799,94885890,1994,94887884,0,0,1,2048,6,10111329174
4800,94887500,730,94888230,6,0,1,512,9,10699612067
4801,94893930,1042,94894972,0,0,1,1024,6,2129623073
4802,94911140,27661,94938801,4,0,1,5120,18,1582621181
4803,94924880,162091,95086971,8,0,0,25600,3,6518930050
4804,94936080,7227,94943307,6,0,1,7168,9,1495525778
4805,94961660,6754,94968414,6,0,1,7168,9,3903458233
4806,94984030,80102,95064132,8,0,0,15360,3,1159486452
4807,95007131,98965,95106096,6,0,0,22016,9,444524761
4808,95021600,109079,95130679,0,0,0,4608,6,7355913210
4809,95022260,170683,95192943,0,0,0,73728,6,640308282
4810,95052880,156269,95209149,7,0,0,32256,6,2842651748
4811,95065620,1042,95066662,6,0,1,1024,9,1190548743
4812,95117590,165857,95283447,5,0,0,48128,19,2673396596
4813,95142740,566,95143306,0,0,1,512,6,3575381618
4814,95160690,1994,95162684,4,0,1,2048,18,756948041
4815,95200561,206798,95407359,2,0,0,155136,10,9470681500
4816,95216740,1518,95218258,0,0,1,1536,6,10554457970
4817,95254820,155206,95410026,5,0,0,8704,19,6525958222
4818,95314670,95995,95410665,0,0,0,2048,6,5260034979
4819,95338480,89598,95428078,1,0,0,1536,17,10502851450
4820,95351031,87039,95438070,6,0,0,10752,9,988927628
4821,95356940,96092,95453032,3,0,0,25600,6,7283072777
4822,95425731,45596,95471327,9,0,0,1024,5,5186200010
4823,95452370,5028,95457398,6,0,1,4608,9,6128817609
4824,95457300,5802,95463102,4,0,1,6144,18,3150235803
4825,95468540,16354,95484894,4,0,1,31744,18,2121737031
4826,95508761,107276,95616037,2,0,0,52224,10,612244466
4827,95528990,90190,95619180,5,0,0,10240,19,4458578663
4828,95535460,171764,95707224,3,0,0,14336,6,10613996394
4829,95563700,81965,95645665,7,0,0,1024,6,1470645059
4830,95581270,1042,95582312,0,0,1,1024,6,1459820766
4831,95588480,79031,95667511,3,0,0,1024,6,1961371389
4832,95600811,169400,95770211,6,0,0,50688,9,4407343988
4833,95605491,107494,95712985,2,0,0,13312,10,5106547077
4834,95651280,152405,95803685,7,0,0,8192,6,4420516735
4835,95726830,213829,95940659,8,0,0,58368,3,9213679483
4836,95738021,296117,96034138,6,0,0,145408,9,7704956533
4837,95748910,1042,95749952,4,0,1,1024,18,2253882166
4838,95751951,189347,95941298,6,0,0,2048,9,1875135496
4839,95781680,208139,95989819,3,0,0,59392,6,8421901026
4840,95797090,106599,95903689,3,0,0,9728,6,5202706721
4841,95803480,69753,95873233,1,0,0,512,17,346007785
4842,95823450,213979,96037429,0,0,0,10752,6,4307633015
4843,95865761,98750,95964511,6,0,0,1536,9,1592885494
4844,95877001,162353,96039354,9,0,0,2560,5,5914664223
4845,95890800,1994,95892794,6,0,1,2048,9,9586593142
4846,95951550,87009,96038559,8,0,0,2560,3,3173240368
4847,95967880,134905,96102785,0,0,0,52736,6,6116030376
4848,95970951,66813,96037764,9,0,0,1024,5,2855775497
4849,96013121,89835,96102956,6,0,0,512,9,6527862927
4850,96031010,126627,96157637,5,0,0,8704,19,6379408967
4851,96054250,65144,96119394,8,0,0,9728,3,8141441167
4852,96059790,128795,96188585,7,0,0,24576,6,8692844497
4853,96060260,5196,96065456,4,0,1,13312,18,7985227154
4854,96067400,148378,96215778,3,0,0,47104,6,1497271674
4855,96133170,84347,96217517,0,0,0,5632,6,10287809520
4856,96186200,5764,96191964,2,0,1,9728,10,2905995897
4857,96211421,55455,96266876,6,0,0,512,9,4151317763
4858,96232720,4162,96236882,4,0,1,11264,18,53410911
4859,96234490,170390,96404880,8,0,0,14336,3,2704636954
4860,96248190,173790,96421980,8,0,0,25088,3,5822327629
4861,96326771,225385,96552156,2,0,0,18432,10,2837958977
4862,96334330,111491,96445821,2,0,1,180224,10,6105621579
4863,96363170,83317,96446487,4,0,1,1024,18,836760652
4864,96373801,342011,96715812,2,0,0,18944,10,6423708733
4865,96381511,101156,96482667,6,0,0,512,9,9069157314
4866,96393101,231469,96624570,5,0,0,58368,19,4274536966
4867,96395300,346861,96742161,7,0,0,57344,6,2389884484
4868,96398871,135171,96534042,5,0,0,27648,19,374413540
4869,96416880,498046,96914926,0,0,0,29696,6,7746414857
4870,96443150,4003,96447153,6,0,1,1024,9,3283764443
4871,96458630,258913,96717543,0,0,0,5632,6,3069917738
4872,96466131,276521,96742652,9,0,0,1536,5,4500950804
4873,96499560,1994,96501554,4,0,1,2048,18,1332505432
4874,96526501,127502,96654003,6,0,0,1024,9,1182274436
4875,96533950,371718,96905668,7,0,0,147968,6,8429544594
4876,96567100,387243,96954343,3,0,0,83968,6,3981059787
4877,96571331,111734,96683065,9,0,0,1536,5,9225877414
4878,96615031,16778,96631809,5,0,1,7680,19,7333088558
4879,96623270,10485,96633755,4,0,1,3072,18,7547415803
4880,96627681,171762,96799443,9,0,0,512,5,6214607566
4881,96630570,53427,96683997,1,0,0,2560,17,367059978
4882,96642320,3128,96645448,4,0,1,9216,18,5973708482
4883,96644640,215929,96860569,8,0,0,72704,3,9864734662
4884,96660420,395377,97055797,5,0,0,93184,19,7499304141
4885,96665040,11533,96676573,2,0,1,18944,10,3604955219
4886,96666191,308491,96974682,9,0,0,512,5,308184379
4887,96672860,158653,96831513,1,0,0,512,17,8744298135
4888,96673570,232269,96905839,1,0,0,512,17,6983626691
4889,96704180,278129,96982309,8,0,0,13312,3,8611817781
4890,96724021,254115,96978136,6,0,0,512,9,352608788
4891,96728730,229388,96958118,8,0,0,12288,3,1134347300
4892,96752571,303553,97056124,9,0,0,1024,5,7476921852
4893,96769491,500006,97269497,6,0,0,1024,9,8980122056
4894,96778780,10241,96789021,2,0,1,16384,10,835458306
4895,96781560,380119,97161679,0,0,0,96768,6,9161575962
4896,96787060,2870,96789930,6,0,1,8704,9,894769331
4897,96806371,362967,97169338,2,0,0,25088,10,5367995620
4898,96827441,180668,97008109,6,0,0,2048,9,8657138716
4899,96829031,174023,97003054,9,0,0,512,5,10615448344
4900,96855020,201431,97056451,1,0,0,1024,17,8213325525
4901,96856890,412280,97269170,7,0,0,169984,6,8961016172
4902,96857200,320453,97177653,5,0,0,27136,19,6957040710
4903,96868230,337306,97205536,8,0,0,19968,3,3152229780
4904,96897980,404772,97302752,8,0,0,59904,3,6404680309
4905,96898750,300672,97199422,3,0,0,28160,6,4547902414
4906,96919730,4850,96924580,4,0,1,5120,18,5260258633
4907,96924690,36863,96961553,2,0,1,65024,10,4729183503
4908,96941230,249542,97190772,8,0,0,43008,3,7748435621
4909,96942030,271076,97213106,7,0,0,13824,6,1724094705
4910,96958360,372183,97330543,0,0,0,18432,6,10383852238
4911,97057890,337019,97394909,3,0,0,39424,6,3116978325
4912,97113890,7230,97121120,6,0,1,7680,9,5956097289
4913,97116020,74767,97190787,2,0,1,69632,10,765351490
4914,97116810,82627,97199437,6,0,1,1024,9,748895796
4915,97117871,329549,97447420,6,0,0,512,9,8990772836
4916,97126740,150259,97276999,1,0,0,1024,17,7216786498
4917,97130140,77556,97207696,2,0,1,32256,10,418394191
4918,97167420,177127,97344547,4,0,0,24064,18,3503122777
4919,97171600,208362,97379962,4,0,0,17408,18,2889468662
4920,97182670,86858,97269528,2,0,1,46592,10,7338180182
4921,97200860,79095,97279955,2,0,1,16896,10,25902658
4922,97223250,156883,97380133,1,0,0,512,17,5300253173
4923,97268340,193424,97461764,1,0,0,2048,17,6425725839
4924,97274790,171284,97446074,0,0,0,37376,6,1052349545
4925,97316571,175031,97491602,5,0,0,3072,19,1784529046
4926,97325780,69144,97394924,2,0,1,96256,10,7176148003
4927,97356170,291092,97647262,4,0,0,51712,18,2183943212
4928,97457360,32558,97489918,2,0,1,53248,10,3917660949
4929,97481930,203834,97685764,1,0,0,512,17,3656295511
4930,97485070,111545,97596615,4,0,0,3072,18,8495234305
4931,97491390,13199,97504589,2,0,1,25088,10,8970502246
4932,97493020,75773,97568793,1,0,0,2048,17,116902617
4933,97518860,1994,97520854,7,0,1,2048,6,4539892101
4934,97528420,12049,97540469,2,0,1,19968,10,4826915206
4935,97562290,250611,97812901,7,0,0,59392,6,6531124749
4936,97564561,248979,97813540,9,0,0,2048,5,4290035527
4937,97565000,259080,97824080,4,0,0,23552,18,5905715680
4938,97572090,20624,97592714,2,0,1,33280,10,7676781376
4939,97588180,68013,97656193,1,0,0,1024,17,6587034680
4940,97607060,148806,97755866,7,0,0,27648,6,6079817452
4941,97613070,250749,97863819,8,0,0,34816,3,6338026497
4942,97697620,3422,97701042,4,0,1,3584,18,830462013
4943,97737760,41132,97778892,2,0,1,66560,10,2452936101
4944,97746310,265578,98011888,3,0,0,9216,6,7261831083
4945,97760601,83381,97843982,9,0,0,2048,5,1053778192
4946,97769960,12158,97782118,4,0,1,5120,18,1955656322
4947,97783501,55152,97838653,9,0,0,512,5,5512753245
4948,97788410,163538,97951948,3,0,0,33280,6,4230181655
4949,97844921,147221,97992142,2,0,0,57856,10,8641547127
4950,97856940,12197,97869137,4,0,1,5632,18,10047020617
4951,97929990,109429,98039419,3,0,0,15872,6,4768313332
4952,97932870,101698,98034568,3,0,0,14848,6,10289767510
4953,97934060,499034,98433094,7,0,0,240640,6,8324763633
4954,97957581,100423,98058004,6,0,0,2048,9,87171759
4955,97959530,184004,98143534,4,0,0,54784,18,5021242461
4956,97982201,73929,98056130,9,0,0,512,5,3447688207
4957,98004480,329024,98333504,4,0,0,20992,18,6669269582
4958,98036491,214015,98250506,9,0,0,1024,5,3907160362
4959,98042340,34795,98077135,2,0,1,60928,10,3528109019
4960,98057631,269462,98327093,2,0,0,78848,10,7230617830
4961,98061760,142510,98204270,1,0,0,512,17,1447236759
4962,98081970,277094,98359064,3,0,0,18432,6,8548336068
4963,98090150,345767,98435917,4,0,0,9216,18,8762170017
4964,98096341,3387,98099728,5,0,1,9728,19,6201432458
4965,98097810,401290,98499100,8,0,0,46592,3,1065212543
4966,98110670,445202,98555872,4,0,0,66560,18,2401515650
4967,98120950,334190,98455140,1,0,0,512,17,2441574456
4968,98121340,212491,98333831,1,0,0,1024,17,7596332452
4969,98127340,21399,98148739,4,0,1,13312,18,6342685406
4970,98128370,215312,98343682,8,0,0,32256,3,5535372468
4971,98143880,471782,98615662,7,0,0,34816,6,920473220
4972,98148400,295987,98444387,4,0,0,10240,18,4750360604
4973,98153521,287715,98441236,5,0,0,17408,19,2675030203
4974,98169640,104166,98273806,0,0,0,10240,6,1811433839
4975,98179431,1042,98180473,5,0,1,1024,19,10672953573
4976,98214160,2470,98216630,4,0,1,2560,18,8478411607
4977,98244570,1042,98245612,4,0,1,1024,18,2325336627
4978,98248081,206820,98454901,6,0,0,4096,9,2432165125
4979,98278981,174649,98453630,5,0,0,30208,19,5563080586
4980,98283070,566,98283636,4,0,1,512,18,3156940695
4981,98285580,525755,98811335,0,0,0,178176,6,8776217911
4982,98313980,262235,98576215,8,0,0,15872,3,4072773675
4983,98322610,533263,98855873,8,0,0,71168,3,9108428407
4984,98333450,491862,98825312,3,0,0,8192,6,8215434714
4985,98371631,610775,98982406,2,0,0,172544,10,9882569640
4986,98372161,231981,98604142,6,0,0,1024,9,6995167855
4987,98380610,118505,98499115,2,0,1,52224,10,8489425113
4988,98393930,624998,99018928,5,0,0,59392,19,753797023
4989,98417901,81229,98499130,5,0,1,2560,19,5059715116
4990,98431021,70014,98501035,9,0,0,1024,5,2056597837
4991,98499561,399765,98899326,9,0,0,512,5,3069195426
4992,98502350,320435,98822785,7,0,0,36864,6,10472488044
4993,98516770,374703,98891473,7,0,0,74240,6,985729238
4994,98521290,638813,99160103,3,0,0,20480,6,8365404574
4995,98554531,7611,98562142,5,0,1,6656,19,2809105842
4996,98565350,333805,98899155,4,0,0,9216,18,4384942259
4997,98568990,584679,99153669,3,0,0,95232,6,1612695451
4998,98610060,6160,98616220,4,0,1,512,18,3449729292
4999,98627320,269012,98896332,4,0,0,15872,18,7867910909
5000,98628270,24929,98653199,2,0,1,45056,10,4478435431
5001,98637391,174123,98811514,9,0,0,512,5,4510889970
5002,98646370,7188,98653558,4,0,1,9728,18,4801112843
5003,98668980,503868,99172848,3,0,0,512,6,7418157258
5004,98672971,229802,98902773,5,0,0,11264,19,3205343688
5005,98762420,343813,99106233,0,0,0,100864,6,9279336042
5006,98778490,242481,99020971,8,0,0,6656,3,3085489557
5007,98784960,262972,99047932,4,0,0,34304,18,473694481
5008,98789481,36416,98825897,5,0,1,9216,19,6331765485
5009,98800090,577020,99377110,7,0,0,50688,6,3068237958
5010,98827370,1518,98828888,4,0,1,1536,18,1765930439
5011,98844661,214200,99058861,6,0,0,1536,9,6622200253
5012,98845951,136673,98982624,6,0,0,512,9,2713913377
5013,98852480,8761,98861241,8,0,1,5632,3,6315391889
5014,98873921,35590,98909511,5,0,1,7168,19,532375104
5015,98884811,221913,99106724,9,0,0,1536,5,10623078378
5016,98896070,276607,99172677,4,0,0,28672,18,9252519472
5017,98922250,60171,98982421,2,0,1,45568,10,3547805067
5018,98961820,314273,99276093,4,0,0,23040,18,1322731069
5019,98966780,141391,99108171,1,0,0,4608,17,8556108563
5020,98967340,148818,99116158,0,0,0,26112,6,7428720204
5021,98969181,217975,99187156,6,0,0,512,9,9910827880
5022,98993510,260201,99253711,1,0,0,2048,17,902394046
5023,99017061,136779,99153840,9,0,0,512,5,3977001234
5024,99020220,11784,99032004,8,0,1,17920,3,10543362998
5025,99049630,203442,99253072,8,0,0,57856,3,5238458215
5026,99081770,181400,99263170,5,0,0,22016,19,3552370774
5027,99094630,21559,99116189,8,0,1,11776,3,2017027955
5028,99107890,13102,99120992,2,0,1,5120,10,7761449671
5029,99108181,12965,99121146,5,0,1,8704,19,897407384
5030,99112640,331833,99444473,7,0,0,17408,6,2278285470
5031,99139371,158472,99297843,6,0,0,2560,9,5489857367
5032,99156881,69886,99226767,6,0,0,1024,9,4627658036
5033,99201481,105734,99307215,6,0,0,3072,9,5272125524
5034,99294300,280460,99574760,8,0,0,33792,3,2757235975
5035,99310850,66275,99377125,2,0,1,93184,10,843023775
5036,99315250,157161,99472411,7,0,0,25088,6,899932906
5037,99328060,58263,99386323,2,0,1,66048,10,3390776344
5038,99328310,204630,99532940,0,0,0,15872,6,10114893372
5039,99342300,301489,99643789,5,0,0,26112,19,5814421914
5040,99344650,240793,99585443,4,0,0,21504,18,6858704916
5041,99347160,217258,99564418,0,0,0,75264,6,5517552230
5042,99348370,43342,99391712,8,0,1,17408,3,1052733595
5043,99399010,319857,99718867,8,0,0,44544,3,4498428798
5044,99426661,169223,99595884,6,0,0,512,9,9362109390
5045,99451450,150802,99602252,5,0,0,9216,19,6959447113
5046,99453851,7706,99461557,5,0,1,8192,19,1502318969
5047,99467600,134979,99602579,3,0,0,1024,6,7364991548
5048,99485921,3422,99489343,5,0,1,3584,19,3844820122
5049,99492810,248023,99740833,7,0,0,4608,6,537460136
5050,99500500,63933,99564433,2,0,1,69120,10,1050578882
5051,99547561,30580,99578141,5,0,1,3584,19,5047803160
5052,99555370,135029,99690399,8,0,0,14848,3,6350925918
5053,99596590,190860,99787450,1,0,0,512,17,10386235817
5054,99602630,164251,99766881,8,0,0,37888,3,6054807891
5055,99614500,7706,99622206,8,0,1,8192,3,6214624443
5056,99645540,6278,99651818,8,0,1,6656,3,9475528642
5057,99660840,274639,99935479,3,0,0,66048,6,874101294
5058,99677160,5802,99682962,8,0,1,6144,3,3683353196
5059,99690470,106133,99796603,4,0,0,10752,18,4008971302
5060,99692840,3422,99696262,2,0,1,3584,10,624706837
5061,99700180,68900,99769080,3,0,0,7168,6,8469468422
5062,99700491,566,99701057,5,0,1,512,19,7133124171
5063,99716321,62710,99779031,6,0,0,1024,9,9873010542
5064,99717000,5012,99722012,8,0,1,9216,3,5505747700
5065,99722070,88591,99810661,8,0,0,15872,3,160602090
5066,99734410,138783,99873193,3,0,0,24064,6,3172071198
5067,99736470,201832,99938302,7,0,0,9216,6,4848065342
5068,99785870,280050,100065920,3,0,0,160256,6,9249728187
5069,99787140,154625,99941765,0,0,0,11264,6,6461409708
5070,99795170,1991,99797161,8,0,1,512,3,7273087313
5071,99803361,138575,99941936,6,0,0,512,9,6205507727
5072,99804720,5956,99810676,8,0,1,11776,3,3936266926
5073,99848220,6488,99854708,2,0,1,15872,10,128334113
5074,99856191,5802,99861993,5,0,1,6144,19,2682768443
5075,99857651,146403,100004054,6,0,0,1536,9,2276377572
5076,99862510,244656,100107166,8,0,0,134144,3,5267879381
5077,99879820,230949,100110769,3,0,0,11776,6,9023287447
5078,99926600,139663,100066263,1,0,0,1024,17,995770026
5079,99934780,294268,100229048,0,0,0,66048,6,5554338236
5080,99968810,4850,99973660,2,0,1,5120,10,1424667183
5081,99971190,344870,100316060,1,0,0,1536,17,9228669392
5082,99973240,207904,100181144,8,0,0,12800,3,7927081425
5083,99978750,478358,100457108,7,0,0,141824,6,5455906175
5084,99987651,124873,100112524,2,0,0,5632,10,5989944242
5085,99999461,164381,100163842,2,0,0,34816,10,2252037729
5086,100019570,281244,100300814,4,0,0,33280,18,7864895186
5087,100035300,157283,100192583,7,0,0,27136,6,4056668723
5088,100050581,197345,100247926,9,0,0,1024,5,5214191744
5089,100056640,285595,100342235,4,0,0,43008,18,5109919800
5090,100079750,329384,100409134,0,0,0,69120,6,4566391526
5091,100081000,35387,100116387,8,0,1,10752,3,470078895
5092,100106590,222526,100329116,3,0,0,42496,6,9583801791
5093,100145811,3422,100149233,5,0,1,3584,19,163210975
5094,100186450,17658,100204108,2,0,1,18944,10,8883598777
5095,100221900,13418,100235318,6,0,1,6656,9,1115919138
5096,100236441,239359,100475800,9,0,0,512,5,5880697920
5097,100237550,237246,100474796,5,0,0,57856,19,7729886579
5098,100245960,229334,100475294,1,0,0,1024,17,7839840460
5099,100269580,246241,100515821,3,0,0,6656,6,2906110653
5100,100279001,196620,100475621,6,0,0,1024,9,8128807898
5101,100280990,92562,100373552,7,0,0,4608,6,10451911580
5102,100282640,201763,100484403,0,0,0,28160,6,9778884838
5103,100289860,223918,100513778,8,0,0,26112,3,5903461201
5104,100305430,103759,100409189,9,0,1,137728,5,1502451573
5105,100331170,143797,100474967,1,0,0,512,17,477913299
5106,100334120,75084,100409204,9,0,1,3584,5,1141759497
5107,100335430,360438,100695868,8,0,0,22016,3,2016231695
5108,100346521,223649,100570170,2,0,0,29184,10,1417131370
5109,100348681,221660,100570341,9,0,0,512,5,5075438715
5110,100354630,181764,100536394,5,0,0,36352,19,9250610954
5111,100363610,93513,100457123,9,0,1,84992,5,7335763617
5112,100363720,93418,100457138,2,0,1,512,10,151074237
5113,100365701,91452,100457153,5,0,1,6656,19,8525883233
5114,100373120,219747,100592867,7,0,0,48640,6,9365577885
5115,100375271,253043,100628314,6,0,0,3072,9,6084795438
5116,100379930,558956,100938886,4,0,0,38912,18,1707309985
5117,100404711,324591,100729302,2,0,0,80384,10,5839026925
5118,100407620,429338,100836958,3,0,0,65536,6,4088499726
5119,100442710,455285,100897995,7,0,0,49664,6,9209271526
5120,100457120,244976,100702096,7,0,0,7168,6,7204728854
5121,100524060,321522,100845582,3,0,0,18944,6,7934179157
5122,100544821,338027,100882848,2,0,0,64512,10,5897617020
5123,100560500,545818,101106318,5,0,0,56832,19,2840066241
5124,100594731,164730,100759461,5,0,0,20480,19,6817232404
5125,100600631,215508,100816139,2,0,0,6656,10,5443699633
5126,100605650,569700,101175350,7,0,0,22528,6,10671554873
5127,100615811,114385,100730196,9,0,0,1536,5,8734269276
5128,100661251,237071,100898322,6,0,0,1024,9,1213154847
5129,100676960,7706,100684666,2,0,1,8192,10,5461307945
5130,100681110,239753,100920863,0,0,0,6144,6,979357078
5131,100691991,10120,100702111,5,0,1,4608,19,2897094459
5132,100703110,209127,100912237,4,0,0,45568,18,8631832206
5133,100736070,311394,101047464,4,0,0,26112,18,305065263
5134,100747480,307666,101055146,4,0,0,1536,18,8978573904
5135,100748930,170046,100918976,0,0,0,22016,6,1256390788
5136,100755010,298397,101053407,3,0,0,19456,6,7799200471
5137,100760910,263194,101024104,7,0,0,90624,6,7663976812
5138,100767600,3904,100771504,2,0,1,10752,10,8089326981
5139,100799960,147365,100947325,0,0,0,27648,6,4502529297
5140,100801910,476735,101278645,3,0,0,101376,6,8851641083
5141,100813400,2754,100816154,2,0,1,1024,10,4522872476
5142,100816721,20252,100836973,5,0,1,5120,19,10233185477
5143,100823390,337251,101160641,3,0,0,45056,6,2700842138
5144,100834540,149836,100984376,5,0,0,17408,19,10723133498
5145,100844590,5358,100849948,9,0,1,4608,5,8543831606
5146,100884210,82369,100966579,9,0,1,89088,5,4679528633
5147,100895260,224314,101119574,4,0,0,16384,18,9581572184
5148,100897930,270541,101168471,5,0,0,25600,19,9924729612
5149,100913850,56915,100970765,2,0,1,6656,10,4902990854
5150,100923310,521359,101444669,4,0,0,198656,18,6824724190
5151,100923700,410479,101334179,0,0,0,64000,6,8416042871
5152,100944690,180203,101124893,7,0,0,17408,6,6340929654
5153,100947770,24621,100972391,2,0,1,2560,10,3149624321
5154,100957280,321848,101279128,1,0,0,1536,17,1066062418
5155,100962600,328087,101290687,5,0,0,37888,19,10607133326
5156,100963050,486360,101449410,3,0,0,6144,6,8650371204
5157,100979960,367073,101347033,8,0,0,4096,3,4005328330
5158,100988400,259342,101247742,0,0,0,65536,6,10349396290
5159,100990250,512298,101502548,7,0,0,67072,6,3021674048
5160,101017791,429732,101447523,2,0,0,9216,10,5503679643
5161,101092280,68376,101160656,9,0,1,70144,5,5007040266
5162,101100211,190803,101291014,6,0,0,1024,9,7787696399
5163,101126060,354290,101480350,4,0,0,56320,18,4651393439
5164,101135180,346901,101482081,4,0,0,5632,18,10063144145
5165,101188390,359794,101548184,5,0,0,9728,19,6057972114
5166,101199710,263465,101463175,7,0,0,31744,6,3488160508
5167,101218941,163619,101382560,9,0,0,512,5,3559152751
5168,101267880,235003,101502883,1,0,0,1024,17,4496427682
5169,101321870,127727,101449597,1,0,0,512,17,8618224333
5170,101330110,114574,101444684,9,0,1,100352,5,8545572058
5171,101335111,316092,101651203,6,0,0,512,9,7444312538
5172,101369170,239890,101609060,3,0,0,63488,6,3292343467
5173,101375941,204317,101580258,2,0,0,36864,10,5068743404
5174,101397960,322747,101720707,4,0,0,141824,18,2657163920
5175,101401370,319843,101721213,1,0,0,1024,17,887920403
5176,101426930,385186,101812116,0,0,0,36352,6,10684652441
5177,101439060,145705,101584765,1,0,0,2048,17,4213832315
5178,101460261,192795,101653056,6,0,0,512,9,10492718749
5179,101464071,277179,101741250,2,0,0,31744,10,4784041090
5180,101475910,50310,101526220,9,0,1,41984,5,2677409579
5181,101522401,199466,101721867,9,0,0,1024,5,9744168922
5182,101536040,1042,101537082,2,0,1,1024,10,9239961560
5183,101543071,177807,101720878,9,0,0,512,5,881053054
5184,101554650,171452,101726102,0,0,0,13824,6,2508304468
5185,101561760,3128,101564888,9,0,1,9216,5,1224078973
5186,101584640,1159,101585799,2,0,1,1024,10,3313800940
5187,101596140,251465,101847605,4,0,0,25088,18,10106089303
5188,101610721,46426,101657147,6,0,0,1024,9,2212894965
5189,101636560,366893,102003453,8,0,0,21504,3,1971994970
5190,101638050,2470,101640520,3,0,1,2560,6,7359788612
5191,101640330,81210,101721540,1,0,0,1024,17,8564722896
5192,101660280,434248,102094528,3,0,0,159232,6,10649855771
5193,101689901,174690,101864591,9,0,0,4096,5,10143513498
5194,101704420,232801,101937221,0,0,0,72192,6,6700286647
5195,101722211,309082,102031293,2,0,0,1536,10,6732990989
5196,101731450,9815,101741265,2,0,1,3072,10,10660420627
5197,101756170,4374,101760544,3,0,1,4608,6,10705630653
5198,101772650,116647,101889297,1,0,0,1536,17,10380812789
5199,101788581,197798,101986379,6,0,0,512,9,9189397188
5200,101793681,301330,102095011,9,0,0,1536,5,4176338894
5201,101796910,15221,101812131,3,0,1,5632,6,2851501740
5202,101832391,75524,101907915,6,0,0,1024,9,7770203655
5203,101836540,578701,102415241,4,0,0,248320,18,7374582716
5204,101847010,305653,102152663,5,0,0,70144,19,9220433067
5205,101928350,338360,102266710,0,0,0,90624,6,6729457621
5206,101946050,5326,101951376,3,0,1,5632,6,4695235357
5207,101950471,253116,102203587,6,0,0,1024,9,5262562348
5208,101961280,502288,102463568,7,0,0,11776,6,10459436869
5209,101961770,490021,102451791,7,0,0,88064,6,10354643391
5210,101974870,551367,102526237,4,0,0,129024,18,4774345336
5211,101979020,606692,102585712,8,0,0,30208,3,9256544393
5212,101987160,437776,102424936,5,0,0,31744,19,5719380485
5213,101989910,331754,102321664,8,0,0,43008,3,5968860602
5214,101993640,11016,102004656,2,0,1,17920,10,8293912764
5215,102004960,122873,102127833,8,0,0,3584,3,8936582622
5216,102016710,23466,102040176,9,0,1,38912,5,3616378823
5217,102020400,436578,102456978,0,0,0,16896,6,906737587
5218,102039820,1042,102040862,8,0,1,1024,3,9864396607
5219,102070880,396151,102467031,5,0,0,11264,19,1327446297
5220,102082440,397866,102480306,0,0,0,43520,6,7622941099
5221,102100260,5326,102105586,2,0,1,5632,10,7843122895
5222,102151050,8835,102159885,2,0,1,7680,10,6720164963
5223,102214830,245127,102459957,7,0,0,9728,6,1777913253
5224,102240870,350785,102591655,0,0,0,19456,6,5708976911
5225,102247051,313083,102560134,2,0,0,75776,10,10370185910
5226,102251850,318298,102570148,8,0,0,19456,3,4224695475
5227,102252570,468676,102721246,7,0,0,57856,6,9041363186
5228,102276100,322590,102598690,7,0,0,23040,6,1007713553
5229,102278360,516316,102794676,4,0,0,107008,18,8294772552
5230,102283810,7706,102291516,2,0,1,8192,10,6680771656
5231,102320151,4392,102324543,5,0,1,8704,19,9757688952
5232,102320500,11531,102332031,9,0,1,8192,5,9050847065
5233,102329090,3904,102332994,9,0,1,10752,5,1747285843
5234,102339880,140465,102480345,0,0,1,1536,6,3022855561
5235,102357100,478791,102835891,5,0,0,126976,19,125289
5236,102373580,109180,102482760,2,0,1,2560,10,10245888698
5237,102389040,353443,102742483,1,0,0,3584,17,7603620901
5238,102401530,84456,102485986,2,0,1,5120,10,8220619512
5239,102420231,247588,102667819,9,0,0,512,5,9635225463
5240,102426450,99810,102526260,6,0,1,24576,9,5698268556
5241,102450500,344855,102795355,8,0,0,2048,3,6048033204
5242,102463990,225996,102689986,3,0,0,18432,6,6020326875
5243,102471050,59566,102530616,2,0,1,11776,10,7896660484
5244,102534850,1518,102536368,0,0,1,1536,6,109729763
5245,102543380,215230,102758610,7,0,0,39424,6,10075015781
5246,102553890,208167,102762057,5,0,0,11264,19,8555378494
5247,102564180,9825,102574005,4,0,1,4096,18,10232989967
5248,102568660,6971,102575631,2,0,1,2560,10,6623792167
5249,102600090,3422,102603512,6,0,1,3584,9,2887755843
5250,102610151,238306,102848457,9,0,0,2560,5,3494982015
5251,102619521,75534,102695055,9,0,0,1536,5,10241819478
5252,102689320,1700,102691020,4,0,1,1024,18,4966136969
5253,102719220,301204,103020424,7,0,0,79360,6,1999926806
5254,102751690,244531,102996221,7,0,0,46592,6,225548722
5255,102759791,398779,103158570,2,0,0,28672,10,5550102547
5256,102764170,313152,103077322,4,0,0,18432,18,5840808932
5257,102764710,71196,102835906,2,0,1,2560,10,9891391504
5258,102766080,69841,102835921,4,0,1,512,18,6558527849
5259,102776430,59522,102835952,9,0,1,35840,5,4508556905
5260,102787690,48277,102835967,0,0,1,512,6,7453516739
5261,102802860,466929,103269789,3,0,0,122368,6,3827710425
5262,102807150,262154,103069304,0,0,0,82944,6,10712707538
5263,102821420,250239,103071659,0,0,0,7680,6,5360617221
5264,102830690,39593,102870283,9,0,1,59904,5,2978186791
5265,102836930,34339,102871269,2,0,1,1536,10,7407445321
5266,102845810,444623,103290433,8,0,0,43520,3,9939380567
5267,102871350,340914,103212264,3,0,0,7168,6,8723967225
5268,102876100,21658,102897758,9,0,1,35328,5,430583504
5269,102881930,429586,103311516,1,0,0,69120,17,6666912678
5270,102886480,13224,102899704,4,0,1,3072,18,7475338626
5271,102914670,5971,102920641,9,0,1,14848,5,7277834032
5272,102929170,214979,103144149,3,0,0,13824,6,2163052207
5273,102931010,193087,103124097,4,0,0,47616,18,8026079060
5274,102960880,234488,103195368,1,0,0,7168,17,7325862655
5275,102962190,164418,103126608,8,0,0,8192,3,2200189727
5276,102977821,204686,103182507,5,0,0,16384,19,3346400126
5277,102990601,192872,103183473,6,0,0,512,9,1135892181
5278,102997830,28405,103026235,6,0,1,6144,9,68895675
5279,103002970,25851,103028821,6,0,1,4096,9,9049936382
5280,103043600,290650,103334250,8,0,0,4096,3,2922793286
5281,103049720,133582,103183302,4,0,0,2560,18,10378648906
5282,103059561,210423,103269984,6,0,0,512,9,2214283530
5283,103062510,356269,103418779,3,0,0,55296,6,7796838550
5284,103063320,385837,103449157,1,0,0,7680,17,10339272959
5285,103072180,9984,103082164,2,0,1,5120,10,7872159240
5286,103086180,238040,103324220,1,0,0,41472,17,8164250394
5287,103107690,113394,103221084,0,0,0,20992,6,8863764950
5288,103116070,17301,103133371,0,0,1,7168,6,4889698940
5289,103118080,46808,103164888,9,0,1,63488,5,1019673890
5290,103149550,20484,103170034,0,0,1,8192,6,8209037615
5291,103172421,212284,103384705,2,0,0,35328,10,8822952956
5292,103193601,139386,103332987,2,0,0,28672,10,9596560790
5293,103235640,75899,103311539,9,0,1,44544,5,3291720664
5294,103238071,391578,103629649,5,0,0,28160,19,7990174727
5295,103238210,73344,103311554,2,0,1,1024,10,10271752040
5296,103240511,94081,103334592,9,0,0,1024,5,9760425619
5297,103261810,49759,103311569,6,0,1,512,9,2868762931
5298,103264070,99364,103363434,4,0,0,8704,18,197850694
5299,103269821,244164,103513985,5,0,0,41984,19,10206510035
5300,103287130,47135,103334265,4,0,1,9216,18,10609364540
5301,103304760,514762,103819522,7,0,0,17920,6,4784463121
5302,103305260,212952,103518212,8,0,0,13824,3,1904413775
5303,103316900,184278,103501178,8,0,0,19456,3,8512260914
5304,103327590,428923,103756513,1,0,0,26112,17,8142201564
5305,103331201,537701,103868902,2,0,0,33792,10,7056518912
5306,103342000,46471,103388471,1,0,1,80384,17,5240045746
5307,103355240,35497,103390737,2,0,1,3584,10,2881193368
5308,103359490,223521,103583011,8,0,0,47616,3,2442131396
5309,103402720,21419,103424139,6,0,1,5632,9,2262162465
5310,103403590,195493,103599083,1,0,0,36352,17,5030801312
5311,103414880,185622,103600502,1,0,0,4608,17,2065428818
5312,103421260,34279,103455539,9,0,1,59904,5,8321957709
5313,103431350,25175,103456525,6,0,1,1536,9,7520368684
5314,103451550,5321,103456871,4,0,1,512,18,7580287980
5315,103473350,266615,103739965,7,0,0,67584,6,5768559537
5316,103541710,264794,103806504,3,0,0,40960,6,3968798190
5317,103542221,217025,103759246,2,0,0,512,10,4156054474
5318,103548261,375940,103924201,5,0,0,26624,19,1847715355
5319,103570660,311730,103882390,4,0,0,9216,18,5832535362
5320,103578850,445027,104023877,8,0,0,9216,3,7751042058
5321,103580160,4411,103584571,8,0,1,1536,3,5897407293
5322,103607280,75608,103682888,4,0,0,13824,18,10479948147
5323,103652990,6754,103659744,6,0,1,7168,9,10626625019
5324,103665560,336059,104001619,0,0,0,52736,6,10047122646
5325,103682330,269168,103951498,0,0,0,57344,6,9904214360
5326,103686801,71065,103757866,6,0,0,1024,9,9596020688
5327,103706731,164677,103871408,5,0,0,4096,19,8830364311
5328,103724030,18890,103742920,2,0,1,3072,10,8121427135
5329,103729100,183515,103912615,3,0,0,49152,6,5936522644
5330,103754481,65212,103819693,6,0,0,512,9,2318453105
5331,103758660,262059,104020719,5,0,0,41984,19,9770094632
5332,103787840,89298,103877138,8,0,0,6656,3,7080640122
5333,103794670,159978,103954648,4,0,0,9728,18,6076335562
5334,103831220,176692,104007912,0,0,0,20480,6,614848873
5335,103833021,118648,103951669,9,0,0,512,5,10124303729
5336,103856331,219518,104075849,5,0,0,41984,19,707523132
5337,103858801,23604,103882405,5,0,1,18432,19,2629621630
5338,103870020,12400,103882420,2,0,1,9216,10,6173381647
5339,103870860,109532,103980392,0,0,0,35840,6,408491637
5340,103876881,51313,103928194,2,0,0,1024,10,6892912461
5341,103883091,142536,104025627,6,0,0,512,9,6182969500
5342,103883880,82988,103966868,4,0,0,1536,18,1617711278
5343,103899521,15573,103915094,5,0,1,2560,19,9750899068
5344,103912051,109003,104021054,2,0,0,1024,10,473695562
5345,103927620,4679,103932299,4,0,1,12288,18,2307166033
5346,103963080,190916,104153996,0,0,0,11776,6,807010325
5347,103978290,23352,104001642,4,0,1,6656,18,10095273028
5348,103980600,21057,104001657,1,0,1,7168,17,714369479
5349,103986250,90706,104076956,0,0,0,3584,6,1549166062
5350,104006220,194219,104200439,8,0,0,18432,3,5272523574
5351,104017580,177220,104194800,8,0,0,36864,3,8401667156
5352,104021491,221475,104242966,6,0,0,512,9,2548210754
5353,104083010,132199,104215209,1,0,0,2560,17,6195135531
5354,104112391,68586,104180977,6,0,0,4608,9,2359726952
5355,104149740,187648,104337388,3,0,0,82432,6,7990347454
5356,104170730,1518,104172248,2,0,1,1536,10,7209555933
5357,104185140,162879,104348019,1,0,0,34816,17,3747397361
5358,104198090,209605,104407695,0,0,0,48640,6,1720958634
5359,104212410,3898,104216308,4,0,1,4096,18,5218386362
5360,104218071,130275,104348346,6,0,0,1024,9,6026931551
5361,104237911,110762,104348673,2,0,0,1024,10,7601677387
5362,104244461,372589,104617050,9,0,0,2048,5,1415171322
5363,104253650,302386,104556036,1,0,0,34816,17,7742605243
5364,104279920,290795,104570715,8,0,0,48128,3,10710889366
5365,104293570,3387,104296957,8,0,1,9728,3,4367512243
5366,104294540,5465,104300005,4,0,1,3584,18,719553251
5367,104301351,170520,104471871,6,0,0,2048,9,8038085913
5368,104301511,106979,104408490,9,0,0,2560,5,3630238623
5369,104315270,197683,104512953,0,0,0,50176,6,3694800584
5370,104404140,258935,104663075,5,0,0,18944,19,10475048944
5371,104411451,203667,104615118,5,0,0,15872,19,3283012827
5372,104421520,1042,104422562,4,0,1,1024,18,4656430544
5373,104424160,358297,104782457,0,0,0,51712,6,9138227170
5374,104424820,2870,104427690,8,0,1,8704,3,6372392496
5375,104429040,156036,104585076,4,0,0,512,18,9102794270
5376,104445240,346600,104791840,4,0,0,30720,18,4882403077
5377,104463990,566,104464556,8,0,1,512,3,6625167129
5378,104485050,258563,104743613,4,0,0,55296,18,7696100827
5379,104488990,235184,104724174,7,0,0,7680,6,4720584274
5380,104496850,16118,104512968,2,0,1,7168,10,5289110242
5381,104509030,404209,104913239,0,0,0,91648,6,3766928497
5382,104512340,5495,104517835,4,0,1,5120,18,8807781262
5383,104539841,3645,104543486,5,0,1,10240,19,7857599837
5384,104606761,72159,104678920,2,0,0,512,10,9773304532
5385,104614510,321584,104936094,7,0,0,41472,6,2898272268
5386,104627040,356213,104983253,7,0,0,78336,6,2185665740
5387,104631450,54415,104685865,3,0,0,2560,6,4108230808
5388,104635840,210619,104846459,3,0,0,33792,6,10306743742
5389,104653501,147701,104801202,6,0,0,2048,9,6823577500
5390,104683611,60953,104744564,9,0,0,3072,5,3161513137
5391,104685100,4402,104689502,4,0,1,10240,18,5423130932
5392,104703130,254054,104957184,0,0,0,17920,6,303135651
5393,104746231,4374,104750605,5,0,1,4608,19,4678805103
5394,104747370,4541,104751911,3,0,1,2048,6,8607195742
5395,104768210,151471,104919681,8,0,0,19968,3,6782861563
5396,104770940,180769,104951709,7,0,0,51200,6,3373733236
5397,104777191,180670,104957861,9,0,0,512,5,9367923298
5398,104794891,162620,104957511,2,0,0,1024,10,357846687
5399,104830851,183785,105014636,6,0,0,512,9,6982827761
5400,104834011,123671,104957682,6,0,0,512,9,8878095419
5401,104845410,4428,104849838,2,0,1,9728,10,7256529662
5402,104848080,323216,105171296,8,0,0,31232,3,80177994
5403,104848291,65283,104913574,2,0,0,1024,10,9916644433
5404,104851020,266648,105117668,4,0,0,83968,18,6314023441
5405,104870480,1994,104872474,2,0,1,2048,10,1386281515
5406,104876780,3422,104880202,2,0,1,3584,10,4727276790
5407,104878960,106819,104985779,4,0,0,7680,18,3273342391
5408,104883480,150184,105033664,4,0,0,15360,18,113904433
5409,104887831,95593,104983424,9,0,0,512,5,8958483089
5410,104907210,13497,104920707,3,0,1,1024,6,2399659597
5411,104912780,116189,105028969,3,0,0,22528,6,10625838921
5412,104919700,235852,105155552,8,0,0,24576,3,10625415156
5413,104930940,54854,104985794,2,0,1,3584,10,3209471250
5414,104954161,89053,105043214,2,0,0,2048,10,839277733
5415,104961270,30504,104991774,9,0,1,14848,5,975331953
5416,104971910,23267,104995177,3,0,1,5120,6,3970420144
5417,105030510,7996,105038506,3,0,1,5120,6,2249242702
5418,105044760,310159,105354919,7,0,0,35840,6,10597471639
5419,105055520,132865,105188385,3,0,0,5120,6,8762090192
5420,105065290,1518,105066808,9,0,1,1536,5,7332583971
5421,105072230,3128,105075358,3,0,1,9216,6,2042051480
5422,105078990,193866,105272856,0,0,0,36352,6,287472201
5423,105094461,337930,105432391,2,0,0,512,10,9342492830
5424,105097880,141773,105239653,3,0,0,13824,6,2881114922
5425,105098600,147160,105245760,7,0,0,19968,6,8056153832
5426,105100730,329674,105430404,4,0,0,4608,18,6049499740
5427,105120921,50710,105171631,2,0,0,1024,10,3125725588
5428,105156801,103056,105259857,2,0,0,512,10,2174819594
5429,105165950,123929,105289879,3,0,0,36352,6,499486084
5430,105167220,309289,105476509,3,0,0,33280,6,238739639
5431,105186250,10757,105197007,9,0,1,17408,5,453318452
5432,105236940,182515,105419455,3,0,0,106496,6,6275093665
5433,105274230,112694,105386924,5,0,0,3584,19,2013897533
5434,105284691,135107,105419798,2,0,0,1024,10,6891820516
5435,105299901,130954,105430855,6,0,0,512,9,9317573143
5436,105352490,204245,105556735,4,0,0,68608,18,1518679122
5437,105355791,161320,105517111,5,0,0,51712,19,8668411702
5438,105392750,27573,105420323,2,0,1,512,10,3585567857
5439,105398780,21889,105420669,2,0,1,512,10,6582026138
5440,105460460,170486,105630946,7,0,0,17408,6,5020107865
5441,105481901,143726,105625627,2,0,0,56320,10,8792666861
5442,105488601,5326,105493927,5,0,1,5632,19,6106271157
5443,105507650,132211,105639861,5,0,0,29184,19,9395399616
5444,105530741,126469,105657210,2,0,0,9216,10,3667341746
5445,105539821,188105,105727926,5,0,0,32768,19,9744153218
5446,105546120,213498,105759618,4,0,0,50688,18,2252650433
5447,105559421,126998,105686419,6,0,0,1536,9,3342057727
5448,105586280,174765,105761045,1,0,0,4608,17,5753834667
5449,105598810,86277,105685087,0,0,0,12288,6,8251208963
5450,105615050,26764,105641814,0,0,1,2048,6,7380209431
5451,105633260,149091,105782351,7,0,0,29696,6,9856573642
5452,105668250,190403,105858653,3,0,0,47104,6,10471760757
5453,105681271,190264,105871535,6,0,0,2560,9,4016850362
5454,105693031,96672,105789703,9,0,0,512,5,2388854104
5455,105700520,133355,105833875,7,0,0,19456,6,8734224156
5456,105716451,77373,105793824,9,0,0,512,5,692062674
5457,105719351,238285,105957636,2,0,0,30720,10,7643021045
5458,105744551,224842,105969393,5,0,0,8704,19,1060740826
5459,105775501,97102,105872603,6,0,0,1024,9,10238160777
5460,105789041,369046,106158087,2,0,0,26624,10,9721954298
5461,105792681,218682,106011363,9,0,0,1024,5,9563829254
5462,105794590,322514,106117104,4,0,0,73216,18,1013955571
5463,105796471,130352,105926823,2,0,0,11264,10,1382816448
5464,105823771,84185,105907956,9,0,0,512,5,2599439183
5465,105825721,8169,105833890,5,0,1,14336,19,10061817554
5466,105831950,385579,106217529,8,0,0,18944,3,7676363507
5467,105864601,172284,106036885,5,0,0,52224,19,6947354441
5468,105889341,3387,105892728,5,0,1,9728,19,3118592020
5469,105896711,4937,105901648,5,0,1,12800,19,599357403
5470,105897700,197073,106094773,1,0,0,80896,17,8818065200
5471,105913970,223241,106137211,8,0,0,17408,3,4770290295
5472,105922761,341502,106264263,6,0,0,19968,9,5626027487
5473,105934431,195020,106129451,6,0,0,40448,9,8961079715
5474,105982330,187331,106169661,0,0,0,37888,6,7288094108
5475,106027321,307971,106335292,2,0,0,22016,10,7665089283
5476,106061851,266718,106328569,9,0,0,1024,5,3745639303
5477,106067600,249083,106316683,8,0,0,49664,3,67202695
5478,106075620,316299,106391919,4,0,0,43520,18,508349876
5479,106090690,188505,106279195,5,0,0,47616,19,9584853105
5480,106118671,18555,106137226,5,0,1,13312,19,9008558559
5481,106122220,206022,106328242,8,0,0,37888,3,8162331996
5482,106124090,97354,106221444,1,0,0,12800,17,4840977215
5483,106149531,8571,106158102,5,0,1,3584,19,4256311945
5484,106262820,93529,106356349,0,0,0,17408,6,1572932301
5485,106288071,7230,106295301,5,0,1,7680,19,4839303533
5486,106339730,115879,106455609,3,0,0,24576,6,3640432602
5487,106395470,79436,106474906,3,0,0,11264,6,9375705700
5488,106419700,235779,106655479,3,0,0,27136,6,3252519176
5489,106425010,101504,106526514,1,0,0,33280,17,1633024266
5490,106436700,43904,106480604,4,0,0,512,18,4562140918
5491,106455881,6754,106462635,5,0,1,7168,19,2459956845
5492,106499030,101660,106600690,8,0,0,33792,3,3149338524
5493,106506030,141166,106647196,3,0,0,61440,6,4295257324
5494,106508470,296068,106804538,3,0,0,102912,6,3756764015
5495,106529671,305169,106834840,2,0,0,96256,10,9995580844
5496,106533230,3422,106536652,3,0,1,3584,6,8571228860
5497,106547830,190536,106738366,4,0,0,29696,18,294044856
5498,106583001,162373,106745374,2,0,0,17408,10,4685994906
5499,106655090,150407,106805497,8,0,0,3072,3,4729579444
5500,106665291,89257,106754548,9,0,0,1024,5,7247049812
5501,106770890,105872,106876762,0,0,0,47616,6,7691446865
5502,106784900,121136,106906036,8,0,0,26624,3,9249733573
5503,106829440,155031,106984471,8,0,0,45568,3,5025583072
5504,106852380,1994,106854374,3,0,1,2048,6,2153866657
5505,106882420,171350,107053770,3,0,0,1024,6,9947857970
5506,106884130,169305,107053435,1,0,0,110592,17,7111688694
5507,106887320,3422,106890742,3,0,1,3584,6,3157654797
5508,106921040,275589,107196629,8,0,0,178176,3,324969339
5509,106930470,165473,107095943,8,0,0,5120,3,5067390960
5510,106933701,291213,107224914,6,0,0,45056,9,1899088452
5511,106935480,6278,106941758,3,0,1,6656,6,5618857794
5512,106940650,6754,106947404,3,0,1,7168,6,8622617812
5513,106947550,366556,107314106,0,0,0,10240,6,2663340510
5514,106950110,182320,107132430,1,0,0,8704,17,3034395731
5515,106969470,272178,107241648,0,0,0,3072,6,7688440444
5516,106997080,137917,107134997,8,0,0,6144,3,10112342242
5517,107000000,11791,107011791,3,0,1,19456,6,33349558
5518,107033710,267254,107300964,0,0,0,172544,6,6266016789
5519,107043081,267882,107310963,6,0,0,32768,9,8104563692
5520,107099900,133288,107233188,0,0,0,512,6,6186782082
5521,107116330,2946,107119276,3,0,1,3072,6,3694159077
5522,107193740,126652,107320392,8,0,0,19968,3,8091598655
5523,107208690,152763,107361453,0,0,0,19968,6,6983424292
5524,107209370,1042,107210412,3,0,1,1024,6,796208054
5525,107214550,99727,107314277,3,0,0,512,6,9705495160
5526,107243941,87255,107331196,5,0,0,13824,19,1607033084
5527,107250730,210675,107461405,5,0,0,75264,19,727094502
5528,107283730,235413,107519143,4,0,0,31744,18,3966779944
5529,107288770,191400,107480170,1,0,0,35328,17,7649811918
5530,107326440,4779,107331219,3,0,1,10240,6,10672815892
5531,107328151,141240,107469391,6,0,0,26112,9,9863190174
5532,107344420,2470,107346890,6,0,1,2560,9,3272549373
5533,107350720,182654,107533374,4,0,0,44032,18,572223694
5534,107395410,3898,107399308,0,0,1,4096,6,4115672294
5535,107411120,50300,107461420,1,0,1,51200,17,9229277405
5536,107573610,106652,107680262,1,0,0,50176,17,7590571283
5537,107592300,129117,107721417,0,0,0,8704,6,3973730271
5538,107593641,45596,107639237,9,0,0,1024,5,5032042116
5539,107614201,296093,107910294,5,0,0,29184,19,2129922017
5540,107624580,193850,107818430,0,0,0,39424,6,9951198196
5541,107639551,276830,107916381,9,0,0,1536,5,4791922342
5542,107644971,161424,107806395,5,0,0,74752,19,10323460958
5543,107654280,566,107654846,3,0,1,512,6,6393876403
5544,107658030,5712,107663742,6,0,1,14336,9,2547511920
5545,107666590,357259,108023849,8,0,0,29696,3,6326710718
5546,107679690,180782,107860472,0,0,0,20992,6,9098473029
5547,107690940,4374,107695314,6,0,1,4608,9,6370023027
5548,107694590,268903,107963493,8,0,0,25088,3,6360926569
5549,107712190,9242,107721432,7,0,1,7680,6,5396483022
5550,107713601,187263,107900864,6,0,0,100352,9,3247250069
5551,107714590,310678,108025268,5,0,0,4608,19,5766759382
5552,107758270,1042,107759312,6,0,1,1024,9,1632539339
5553,107773151,128212,107901363,9,0,0,1536,5,2691371969
5554,107795481,203127,107998608,6,0,0,115200,9,4562973561
5555,107841390,5802,107847192,7,0,1,6144,6,473211099
5556,107874400,38799,107913199,3,0,1,3072,6,148421587
5557,107876050,37495,107913545,6,0,1,512,9,7259614298
5558,107892150,122636,108014786,8,0,0,19968,3,2127327647
5559,107895010,109104,108004114,3,0,0,5120,6,7988530034
5560,107897581,155501,108053082,6,0,0,16896,9,10097111306
5561,107913220,89311,108002531,1,0,0,12800,17,8815159325
5562,107915680,174028,108089708,0,0,0,37888,6,5104949905
5563,107938761,86678,108025439,9,0,0,512,5,5713631729
5564,107942850,127752,108070602,0,0,0,18944,6,3881017402
5565,107948560,172837,108121397,0,0,0,14848,6,4571510478
5566,107972550,31587,108004137,6,0,1,512,9,3041115884
5567,107999190,155340,108154530,8,0,0,50176,3,2202930153
5568,108134010,103376,108237386,5,0,0,39424,19,6179046929
5569,108169961,212458,108382419,6,0,0,156672,9,5832533430
5570,108172321,43904,108216225,6,0,0,512,9,7042034370
5571,108214600,208144,108422744,0,0,0,9216,6,6417039092
5572,108227190,444326,108671516,4,0,0,87552,18,3219217350
5573,108236660,4641,108241301,6,0,1,4096,9,6256930662
5574,108237790,216526,108454316,5,0,0,92672,19,3072700119
5575,108239250,269900,108509150,0,0,0,150528,6,9989755825
5576,108253080,141522,108394602,5,0,0,39936,19,2134218345
5577,108284050,6278,108290328,3,0,1,6656,6,5988387034
5578,108313430,231960,108545390,8,0,0,17408,3,1025014038
5579,108364850,279975,108644825,4,0,0,22016,18,3229814505
5580,108390160,247918,108638078,1,0,0,130048,17,3656025790
5581,108393451,172075,108565526,6,0,0,53248,9,5086917441
5582,108441090,68075,108509165,6,0,1,21504,9,7876794662
5583,108475931,221259,108697190,6,0,0,18944,9,10544553577
5584,108499130,12046,108511176,6,0,1,2048,9,3364592710
5585,108527571,296813,108824384,6,0,0,90624,9,2648033178
5586,108551790,150259,108702049,8,0,0,15872,3,2735562005
5587,108555131,151143,108706274,9,0,0,1536,5,7903078015
5588,108565490,125898,108691388,1,0,0,44544,17,3944796545
5589,108579790,139139,108718929,0,0,0,15360,6,2799704513
5590,108599080,290025,108889105,4,0,0,31744,18,2893995891
5591,108615350,59096,108674446,3,0,1,3072,6,9906228407
5592,108617090,213549,108830639,8,0,0,20480,3,1757747617
5593,108634991,244411,108879402,5,0,0,27136,19,1388125115
5594,108654790,36613,108691403,2,0,1,8192,10,2975090275
5595,108682980,25331,108708311,3,0,1,6656,6,3370690129
5596,108688210,182901,108871111,8,0,0,38912,3,2951331145
5597,108711450,7494,108718944,3,0,1,12800,6,2548980354
5598,108720600,3904,108724504,8,0,1,10752,3,5937975115
5599,108732171,101073,108833244,9,0,0,512,5,2122695525
5600,108736220,209813,108946033,3,0,0,56832,6,8679986734
5601,108768170,178814,108946984,8,0,0,3072,3,42500511
5602,108775310,141134,108916444,5,0,0,20992,19,10731059709
5603,108776361,190668,108967029,6,0,0,20992,9,6280699201
5604,108819100,13066,108832166,6,0,1,1536,9,3683442694
5605,108826260,6572,108832832,6,0,1,1024,9,8501467548
5606,108830930,85685,108916615,5,0,0,512,19,3001740045
5607,108866350,22770,108889120,8,0,1,2560,3,9908584182
5608,108872020,137268,109009288,4,0,0,20992,18,1735978970
5609,108891920,147532,109039452,4,0,0,29696,18,1652803626
5610,108921970,158814,109080784,1,0,0,21504,17,9460557765
5611,108944570,167428,109111998,3,0,0,17408,6,7808533845
5612,108964870,2717,108967587,7,0,1,512,6,279378852
5613,108967280,2470,108969750,6,0,1,2560,9,1264571916
5614,109020390,1994,109022384,8,0,1,2048,3,2256995278
5615,109020550,198227,109218777,3,0,0,54272,6,5429989301
5616,109021441,47288,109068729,9,0,0,1536,5,6506227545
5617,109050081,83691,109133772,9,0,0,2048,5,5320933451
5618,109063500,3898,109067398,3,0,1,4096,6,3879792989
5619,109075120,204977,109280097,1,0,0,94208,17,1172830130
5620,109075300,11303,109086603,6,0,1,6144,9,2078738320
5621,109121161,46071,109167232,9,0,0,512,5,9408503547
5622,109140230,1518,109141748,6,0,1,1536,9,1150609445
5623,109140810,195633,109336443,1,0,0,15872,17,3558205464
5624,109168200,1042,109169242,3,0,1,1024,6,7345630638
5625,109176380,181606,109357986,0,0,0,70656,6,2821101869
5626,109192300,255530,109447830,4,0,0,149504,18,6170013566
5627,109216120,173587,109389707,0,0,0,14848,6,2291362395
5628,109248680,31432,109280112,7,0,1,12800,6,7328065317
5629,109294710,200512,109495222,5,0,0,73216,19,8650410219
5630,109298150,2470,109300620,3,0,1,2560,6,9712501155
5631,109323341,57034,109380375,9,0,0,1536,5,10607642315
5632,109338900,19686,109358586,8,0,1,512,3,382245359
5633,109344781,150628,109495409,9,0,0,512,5,4129908965
5634,109356691,253831,109610522,6,0,0,58368,9,4421132841
5635,109362170,3645,109365815,3,0,1,10240,6,7204538177
5636,109373350,83528,109456878,8,0,0,6144,3,4911443436
5637,109380460,3387,109383847,6,0,1,9728,9,1610293483
5638,109394710,6278,109400988,4,0,1,6656,18,2626340254
5639,109414940,37061,109452001,8,0,1,11264,3,6069278571
5640,109438560,18333,109456893,3,0,1,4608,6,1112992483
5641,109466540,1518,109468058,3,0,1,1536,6,2481446821
5642,109476540,93578,109570118,1,0,0,8192,17,1862334744
5643,109477650,20689,109498339,8,0,1,3072,3,1277752846
5644,109491161,152436,109643597,5,0,0,6144,19,4092571373
5645,109516331,50451,109566782,9,0,0,512,5,307688633
5646,109528921,100300,109629221,6,0,0,19456,9,8371274196
5647,109533140,1042,109534182,3,0,1,1024,6,8872724360
5648,109536720,47645,109584365,3,0,0,512,6,9554721544
5649,109538700,240483,109779183,5,0,0,43520,19,6378761834
5650,109540720,7230,109547950,7,0,1,7680,6,7633836597
5651,109542500,206799,109749299,1,0,0,44032,17,683632281
5652,109552880,6754,109559634,3,0,1,7168,6,5955015609
5653,109558390,3387,109561777,7,0,1,9728,6,10578706184
5654,109568811,72402,109641213,9,0,0,512,5,9880073781
5655,109575091,45596,109620687,9,0,0,1024,5,4425395278
5656,109581940,2470,109584410,6,0,1,2560,9,3748616276
5657,109586700,1042,109587742,3,0,1,1024,6,2738312154
5658,109597730,233409,109831139,8,0,0,23040,3,594123691
5659,109628330,3353,109631683,6,0,1,2560,9,5649303761
5660,109650470,196586,109847056,4,0,0,15360,18,163738640
5661,109654210,2470,109656680,6,0,1,2560,9,1432164150
5662,109667330,3645,109670975,3,0,1,10240,6,2517488480
5663,109686740,106371,109793111,4,0,0,4096,18,2965692063
5664,109709960,105371,109815331,4,0,0,14848,18,10298495071
5665,109852340,84668,109937008,8,0,0,13312,3,1170412967
5666,109882890,102128,109985018,8,0,0,35328,3,6737707783
5667,109895331,130229,110025560,6,0,0,26112,9,2975198519
5668,109939290,3645,109942935,6,0,1,10240,9,10589173493
5669,109989250,5326,109994576,7,0,1,5632,6,4290257450
5670,109991671,48980,110040651,9,0,0,2048,5,3078690917
5671,110002290,178130,110180420,3,0,0,16896,6,2807004604
5672,110005230,97916,110103146,3,0,0,21504,6,2379263960
5673,110007550,220281,110227831,1,0,0,92672,17,2517666995
5674,110044110,7706,110051816,6,0,1,8192,9,1195130841
5675,110052600,181954,110234554,4,0,0,22016,18,389353384
5676,110092910,10251,110103161,3,0,1,4096,6,1907357902
5677,110115310,172948,110288258,0,0,0,49152,6,5124658760
5678,110131760,566,110132326,3,0,1,512,6,5568061970
5679,110154270,102151,110256421,0,0,0,24064,6,431283501
5680,110186151,115240,110301391,9,0,0,512,5,8910728203
5681,110240120,178337,110418457,0,0,0,114176,6,7093758217
5682,110243330,1042,110244372,6,0,1,1024,9,5719772578
5683,110257790,10757,110268547,6,0,1,17408,9,1497978014
5684,110258790,11140,110269930,7,0,1,14848,6,6954629936
5685,110277320,15304,110292624,3,0,1,4608,6,7518359461
5686,110304401,195614,110500015,6,0,0,9216,9,10040666096
5687,110305330,150266,110455596,3,0,0,7680,6,257357865
5688,110310831,107797,110418628,9,0,0,512,5,7118909809
5689,110318760,107059,110425819,0,0,0,23552,6,9177659137
5690,110340340,566,110340906,3,0,1,512,6,6936213261
5691,110360170,3904,110364074,7,0,1,10752,6,8292164559
5692,110423210,70114,110493324,0,0,0,5120,6,8553166324
5693,110446480,57440,110503920,3,0,0,4608,6,7540238131
5694,110463320,5326,110468646,0,0,1,5632,6,5860074854
5695,110484501,61863,110546364,9,0,0,512,5,1497441612
5696,110515670,2870,110518540,3,0,1,8704,6,4781767963
5697,110529120,56827,110585947,0,0,0,1536,6,2930006333
5698,110541780,71074,110612854,3,0,0,6656,6,2672372139
5699,110546640,93176,110639816,4,0,0,26112,18,4254621730
5700,110577750,159656,110737406,5,0,0,76288,19,6136361084
5701,110586300,2946,110589246,8,0,1,3072,3,2946252425
5702,110587140,2452,110589592,0,0,1,512,6,2774019225
5703,110592930,100652,110693582,8,0,0,19968,3,1680582981
5704,110596940,145839,110742779,5,0,0,16896,19,3882857800
5705,110606600,566,110607166,6,0,1,512,9,6063184483
5706,110624910,126794,110751704,5,0,0,6144,19,365684086
5707,110628121,81271,110709392,6,0,0,10240,9,9646663190
5708,110678130,59478,110737608,0,0,0,512,6,4954016977
5709,110679380,97758,110777138,5,0,0,4608,19,9072510233
5710,110684851,58255,110743106,9,0,0,1024,5,8540122259
5711,110703801,5802,110709603,5,0,1,6144,19,73762979
5712,110711660,25777,110737437,7,0,1,8192,6,7781935592
5713,110713261,153883,110867144,6,0,0,54272,9,6532975549
5714,110718120,228207,110946327,5,0,0,56832,19,10342718975
5715,110723491,111217,110834708,6,0,0,20480,9,5246150736
5716,110786150,566,110786716,3,0,1,512,6,5863507314
5717,110808050,2946,110810996,7,0,1,3072,6,4793918416
5718,110817110,1518,110818628,3,0,1,1536,6,3192895797
5719,110840770,1518,110842288,3,0,1,1536,6,4492779492
5720,110846040,1518,110847558,0,0,1,1536,6,6499701258
5721,110919840,26502,110946342,7,0,1,24576,6,1119909620
5722,110949660,1042,110950702,6,0,1,1024,9,2123731484
5723,110965661,52364,111018025,9,0,0,3072,5,9904635312
5724,111001490,3422,111004912,0,0,1,3584,6,9229029756
5725,111015790,111136,111126926,8,0,0,14336,3,10098621260
5726,111066710,167484,111234194,4,0,0,76800,18,8196751851
5727,111066760,71658,111138418,0,0,0,1024,6,10573226205
5728,111076910,3387,111080297,3,0,1,9728,6,7264278917
5729,111116320,3387,111119707,3,0,1,9728,6,9436930726
5730,111140900,5802,111146702,7,0,1,6144,6,1168279750
5731,111152180,5802,111157982,3,0,1,6144,6,10241673150
5732,111160170,45596,111205766,3,0,0,1024,6,1239413053
5733,111178440,170029,111348469,0,0,0,512,6,7406319883
5734,111187470,5802,111193272,6,0,1,6144,9,10315969102
5735,111195200,153082,111348282,3,0,0,129536,6,2819866226
5736,111215990,19731,111235721,3,0,1,1536,6,7966042927
5737,111224450,12257,111236707,6,0,1,1536,9,8278684950
5738,111242180,245531,111487711,5,0,0,43008,19,3065318731
5739,111266060,3422,111269482,7,0,1,3584,6,2320921914
5740,111277740,566,111278306,6,0,1,512,9,9223123405
5741,111309570,42806,111352376,3,0,1,4096,6,4576749427
5742,111315090,38281,111353371,3,0,1,10240,6,1523765840
5743,111338960,18306,111357266,6,0,1,11776,9,782816693
5744,111347280,21720,111369000,3,0,1,20992,6,5930765512
5745,111349010,174296,111523306,8,0,0,26624,3,10090183848
5746,111357920,13986,111371906,3,0,1,4608,6,8736424829
5747,111365250,179497,111544747,3,0,0,3072,6,8075386608
5748,111390881,110920,111501801,6,0,0,10240,9,1999155566
5749,111455020,5326,111460346,7,0,1,5632,6,7904090616
5750,111518480,102740,111621220,5,0,0,20480,19,8367156320
5751,111529760,50984,111580744,8,0,0,3584,3,9484126679
5752,111545750,146816,111692566,3,0,0,61952,6,2539664638
5753,111549711,71680,111621391,9,0,0,512,5,884917612
5754,111567581,182039,111749620,6,0,0,36352,9,5072707169
5755,111658200,153676,111811876,8,0,0,79360,3,4847975183
5756,111702131,111967,111814098,6,0,0,6656,9,154746357
5757,111708120,103927,111812047,8,0,0,512,3,456794320
5758,111742330,85546,111827876,5,0,0,12800,19,10302836725
5759,111744170,9365,111753535,8,0,1,4096,3,3872770590
5760,111796910,125993,111922903,8,0,0,64000,3,9525716964
5761,111819370,3904,111823274,0,0,1,10752,6,8613401430
5762,111865340,200842,112066182,5,0,0,37376,19,6088290894
5763,111884870,122222,112007092,8,0,0,34304,3,4307608158
5764,111904800,23897,111928697,0,0,1,6144,6,1153253143
5765,111972010,4374,111976384,6,0,1,4608,9,7226026649
5766,112000700,7443,112008143,0,0,1,1024,6,4121863457
5767,112006180,2629,112008809,6,0,1,1024,9,9172660607
5768,112077270,105560,112182830,8,0,0,46592,3,3264369326
5769,112080110,1518,112081628,6,0,1,1536,9,6968918948
5770,112085270,147492,112232762,8,0,0,49152,3,1508202429
5771,112086030,156413,112242443,8,0,0,27136,3,6101757437
5772,112093570,6278,112099848,0,0,1,6656,6,2660132258
5773,112134540,566,112135106,0,0,1,512,6,8042640469
5774,112173800,134454,112308254,5,0,0,17408,19,4455563234
5775,112298970,1994,112300964,0,0,1,2048,6,3812914710
5776,112325520,125380,112450900,4,0,0,88064,18,8219667187
5777,112394671,1042,112395713,5,0,1,1024,19,2916238874
5778,112429510,213688,112643198,3,0,0,102400,6,1638912081
5779,112447780,161256,112609036,8,0,0,57856,3,8476263264
5780,112460300,2946,112463246,6,0,1,3072,9,5165841482
5781,112468231,122109,112590340,9,0,0,1536,5,2966540904
5782,112532770,146508,112679278,3,0,0,60416,6,5354820713
5783,112586430,155758,112742188,8,0,0,38912,3,8050501211
5784,112630690,71632,112702322,4,0,0,5120,18,734123309
5785,112725220,141759,112866979,5,0,0,105984,19,9693011998
5786,112742691,1994,112744685,5,0,1,2048,19,440856451
5787,112747920,142320,112890240,8,0,0,22016,3,7891057406
5788,112755850,2946,112758796,0,0,1,3072,6,2149961897
5789,112774350,1994,112776344,0,0,1,2048,6,2103152167
5790,112793540,566,112794106,2,0,1,512,10,3921850702
5791,112805121,1042,112806163,5,0,1,1024,19,6292799134
5792,112841690,25864,112867554,0,0,1,512,6,1864403542
5793,112847220,147120,112994340,4,0,0,64000,18,6416171124
5794,112897480,13600,112911080,1,0,1,23040,17,9036630164
5795,112908921,90127,112999048,9,0,0,512,5,333659079
5796,112917800,4374,112922174,0,0,1,4608,6,647763651
5797,112927660,80870,113008530,8,0,0,3584,3,3463655860
5798,112963610,1042,112964652,2,0,1,1024,10,1650311381
5799,112987631,204090,113191721,6,0,0,37376,9,9958794137
5800,113003220,1042,113004262,0,0,1,1024,6,1393250411
5801,113030110,399785,113429895,3,0,0,30720,6,9885934112
5802,113035761,1518,113037279,5,0,1,1536,19,6794960448
5803,113055720,66236,113121956,3,0,0,13312,6,1921790483
5804,113083110,3422,113086532,0,0,1,3584,6,8612321849
5805,113102350,188201,113290551,8,0,0,90112,3,7566377837
5806,113114860,190526,113305386,5,0,0,48640,19,6396891942
5807,113128620,1994,113130614,2,0,1,2048,10,3074594707
5808,113149040,190663,113339703,8,0,0,90112,3,1229153176
5809,113185100,123281,113308381,3,0,0,9728,6,4704673635
5810,113185890,234615,113420505,5,0,0,114688,19,9870904577
5811,113230781,200705,113431486,6,0,0,5120,9,4571770244
5812,113247380,198801,113446181,3,0,0,48128,6,8373529220
5813,113272470,237879,113510349,8,0,0,64512,3,4887796982
5814,113292261,47457,113339718,5,0,1,5632,19,7623651873
5815,113303671,36062,113339733,5,0,1,1024,19,6479956930
5816,113329020,261214,113590234,8,0,0,88576,3,4895949826
5817,113341050,146094,113487144,8,0,0,27648,3,9954709817
5818,113341071,180979,113522050,6,0,0,28672,9,8202054044
5819,113372911,47609,113420520,5,0,1,23040,19,10426672586
5820,113383571,80615,113464186,9,0,0,2560,5,6523840743
5821,113408221,37975,113446196,5,0,1,4608,19,4035130099
5822,113417731,28480,113446211,5,0,1,6144,19,5336095000
5823,113464751,1518,113466269,5,0,1,1536,19,9715037325
5824,113491211,200756,113691967,6,0,0,36864,9,1574927139
5825,113508670,3214,113511884,2,0,1,1536,10,3233802776
5826,113545630,64436,113610066,8,0,0,1024,3,8446663165
5827,113572900,18368,113591268,2,0,1,1024,10,2877421878
5828,113605830,3904,113609734,2,0,1,10752,10,4059650642
5829,113612451,1042,113613493,5,0,1,1024,19,2628383434
5830,113638771,97916,113736687,6,0,0,21504,9,10679100536
5831,113673640,98204,113771844,3,0,0,13824,6,5832709033
5832,113685630,152169,113837799,5,0,0,48640,19,6364547762
5833,113742900,1042,113743942,0,0,1,1024,6,5970810087
5834,113771010,3772,113774782,7,0,1,3072,6,8947119939
5835,113777080,243319,114020399,3,0,0,44032,6,9620972313
5836,113792310,146687,113938997,9,0,1,242176,5,7513177488
5837,113832450,161642,113994092,8,0,0,2048,3,10366339630
5838,113884151,326846,114210997,6,0,0,38400,9,3671452578
5839,113888841,422286,114311127,6,0,0,70656,9,5239757019
5840,113927551,187610,114115161,9,0,0,512,5,2508980737
5841,113959190,2946,113962136,1,0,1,3072,17,795056879
5842,113960440,3322,113963762,7,0,1,2560,6,7119208561
5843,113964310,188524,114152834,3,0,0,33280,6,7768133331
5844,113970570,3904,113974474,7,0,1,10752,6,5927396246
5845,113990700,280540,114271240,8,0,0,51712,3,1484779117
5846,113997670,3645,114001315,1,0,1,10240,17,6613257566
5847,114005621,14793,114020414,5,0,1,2048,19,9238613860
5848,114029670,169612,114199282,3,0,0,43520,6,2499250045
5849,114036250,566,114036816,0,0,1,512,6,6384789128
5850,114092581,49346,114141927,9,0,0,1536,5,870572288
5851,114111340,41509,114152849,1,0,1,57344,17,7620807258
5852,114119050,163905,114282955,5,0,0,38400,19,3507589614
5853,114263820,178251,114442071,8,0,0,4608,3,5593918835
5854,114281080,74560,114355640,3,0,0,9216,6,10101267463
5855,114325121,2946,114328067,5,0,1,3072,19,10673241144
5856,114333960,3898,114337858,7,0,1,4096,6,2943800669
5857,114400661,7706,114408367,5,0,1,8192,19,4145731219
5858,114423421,566,114423987,5,0,1,512,19,3694079137
5859,114430931,3898,114434829,5,0,1,4096,19,10376960847
5860,114530421,3645,114534066,5,0,1,10240,19,10261414811
5861,114565321,5971,114571292,5,0,1,14848,19,8274282195
5862,114601230,177880,114779110,8,0,0,37376,3,6872153487
5863,114650581,62867,114713448,9,0,0,512,5,9986061646
5864,114652781,2470,114655251,5,0,1,2560,19,6711841090
5865,114705030,14117,114719147,8,0,1,24064,3,4489181881
5866,114729520,142773,114872293,5,0,0,18432,19,6978247355
5867,114753220,257947,115011167,8,0,0,79360,3,54712431
5868,114773850,20831,114794681,4,0,1,30208,18,3269084937
5869,114781070,14597,114795667,7,0,1,1536,6,616724856
5870,114782370,15243,114797613,8,0,1,3072,3,2187834031
5871,114822290,89927,114912217,8,0,0,1024,3,1854708184
5872,114827331,2870,114830201,5,0,1,8704,19,8333512523
5873,114845710,12049,114857759,8,0,1,19968,3,9085758769
5874,114846500,12565,114859065,4,0,1,2048,18,2021449115
5875,114978650,113984,115092634,5,0,0,74240,19,3232208766
5876,114992950,103074,115096024,8,0,0,3584,3,7629600250
5877,115026871,170869,115197740,6,0,0,30208,9,6970720340
5878,115027710,99788,115127498,8,0,0,27648,3,9443167820
5879,115067471,25178,115092649,5,0,1,4096,19,133210959
5880,115086781,7378,115094159,5,0,1,1536,19,5941321828
5881,115112031,43904,115155935,9,0,0,512,5,8139491793
5882,115161601,7706,115169307,5,0,1,8192,19,9726539596
5883,115212360,3898,115216258,6,0,1,4096,9,1401501258
5884,115226140,81908,115308048,8,0,0,14336,3,2247852794
5885,115246201,49198,115295399,9,0,0,1536,5,2062351520
5886,115263980,301580,115565560,3,0,0,72192,6,7846566724
5887,115289701,61055,115350756,9,0,0,1024,5,1271940527
5888,115296920,4374,115301294,7,0,1,4608,6,9699970492
5889,115313261,114296,115427557,6,0,0,55296,9,9123019684
5890,115314451,79722,115394173,6,0,0,11264,9,8381204521
5891,115330130,213419,115543549,5,0,0,111104,19,7130538998
5892,115355620,13083,115368703,7,0,1,22016,6,941682656
5893,115483360,186725,115670085,3,0,0,13312,6,3370821844
5894,115521890,49982,115571872,8,0,1,6656,3,4628899081
5895,115540020,73556,115613576,7,0,1,79360,6,8800346537
5896,115564721,101293,115666014,6,0,0,29696,9,1106384111
5897,115589540,208860,115798400,3,0,0,20992,6,9881399266
5898,115597791,73565,115671356,6,0,0,4096,9,7722084476
5899,115626440,208938,115835378,3,0,0,5120,6,10698885397
5900,115627040,187195,115814235,8,0,0,15872,3,273836686
5901,115658741,111436,115770177,6,0,0,28672,9,5734218094
5902,115702320,1042,115703362,0,0,1,1024,6,7020853992
5903,115712490,113516,115826006,5,0,0,4608,19,4039254806
5904,115758660,151799,115910459,5,0,0,11264,19,10534773849
5905,115774631,3898,115778529,5,0,1,4096,19,8001925781
5906,115853461,2946,115856407,5,0,1,3072,19,4070578241
5907,115913321,89612,116002933,6,0,0,19456,9,8563101809
5908,115918240,90609,116008849,3,0,0,3584,6,5119462295
5909,115976191,151137,116127328,6,0,0,125952,9,1663673233
5910,115992531,566,115993097,5,0,1,512,19,4453832281
5911,115992980,47288,116040268,5,0,0,1536,19,119398578
5912,116070450,91016,116161466,8,0,0,24064,3,8919037800
5913,116078190,169508,116247698,8,0,0,135680,3,2491625074
5914,116097390,87060,116184450,7,0,1,97792,6,3694690231
5915,116112021,287884,116399905,6,0,0,19968,9,7739729308
5916,116170101,194506,116364607,9,0,0,1024,5,4742147291
5917,116186420,111319,116297739,3,0,0,4096,6,4825015176
5918,116315781,7230,116323011,5,0,1,7680,19,9073434943
5919,116317951,86022,116403973,6,0,0,3072,9,720565162
5920,116379850,566,116380416,4,0,1,512,18,7874323519
5921,116389731,57440,116447171,6,0,0,4608,9,7856084138
5922,116450591,138473,116589064,9,0,0,1024,5,7206760509
5923,116512271,5971,116518242,5,0,1,14848,19,9382959379
5924,116558491,1042,116559533,5,0,1,1024,19,8432349521
5925,116565610,1994,116567604,4,0,1,2048,18,4463931291
5926,116598740,1042,116599782,4,0,1,1024,18,5268102806
5927,116639830,6278,116646108,4,0,1,6656,18,6829541349
5928,116644990,62672,116707662,3,0,0,6656,6,9372979792
5929,116673561,47288,116720849,9,0,0,1536,5,6697193350
5930,116691920,2946,116694866,4,0,1,3072,18,9350342386
5931,116713080,5326,116718406,4,0,1,5632,18,2313821396
5932,116725560,98696,116824256,8,0,0,24064,3,7899641179
5933,116739271,139442,116878713,9,0,0,512,5,7814230439
5934,116768210,4420,116772630,3,0,1,11776,6,5487016454
5935,116795200,7706,116802906,7,0,1,8192,6,8009892648
5936,116807161,102752,116909913,6,0,0,37376,9,2739661416
5937,116823790,66507,116890297,3,0,0,1024,6,3660680758
5938,116844701,65383,116910084,9,0,0,512,5,1196017248
5939,116871711,13253,116884964,5,0,1,25600,19,9920583823
5940,116947030,1994,116949024,4,0,1,2048,18,634677437
5941,116958791,184574,117143365,6,0,0,31744,9,120388725
5942,116969490,6278,116975768,4,0,1,6656,18,7628202376
5943,116970310,12531,116982841,7,0,1,18432,6,3782816145
5944,117013460,11016,117024476,4,0,1,17920,18,3263312547
5945,117036651,137294,117173945,9,0,0,512,5,9578320342
5946,117091861,3898,117095759,5,0,1,4096,19,8844523446
5947,117107020,174211,117281231,8,0,0,15872,3,114307197
5948,117166600,132257,117298857,7,0,1,214016,6,8541626549
5949,117184811,118232,117303043,5,0,1,6656,19,3034631605
5950,117187941,116587,117304528,5,0,1,15360,19,1501118326
5951,117190761,183522,117374283,6,0,0,55808,9,3973840165
5952,117214690,106005,117320695,7,0,1,52736,6,8438325887
5953,117219671,105210,117324881,5,0,1,6656,19,3811751562
5954,117231131,97296,117328427,5,0,1,5632,19,3916283161
5955,117294911,308482,117603393,6,0,0,115712,9,2333673391
5956,117362600,304851,117667451,8,0,0,4096,3,9566405947
5957,117415071,45596,117460667,9,0,0,1024,5,7252115312
5958,117416820,31007,117447827,7,0,1,50176,6,4795383540
5959,117436551,292235,117728786,6,0,0,51200,9,2394761363
5960,117468901,197287,117666188,6,0,0,73728,9,8136174523
5961,117571780,34092,117605872,4,0,1,2560,18,237122080
5962,117579220,254409,117833629,3,0,0,49664,6,8785467900
5963,117611861,120372,117732233,6,0,0,11264,9,4156660451
5964,117704260,79997,117784257,5,0,0,4096,19,1299166646
5965,117816850,33850,117850700,7,0,1,55808,6,6508124927
5966,117817620,35666,117853286,3,0,1,4096,6,7477765431
5967,117929940,105248,118035188,3,0,0,45568,6,2977902981
5968,117947491,92860,118040351,6,0,0,16896,9,127598041
5969,117992201,108975,118101176,6,0,0,17920,9,2418973911
5970,118048940,157266,118206206,8,0,0,134656,3,9209417569
5971,118130121,76568,118206689,9,0,0,1536,5,1379139869
5972,118205920,4923,118210843,4,0,1,11264,18,10403932465
5973,118377760,3898,118381658,4,0,1,4096,18,8611715133
5974,118437870,74262,118512132,9,0,1,124416,5,3837798248
5975,118480860,149663,118630523,8,0,0,40448,3,3457594892
5976,118486150,27608,118513758,4,0,1,2560,18,8288932205
5977,118530100,20366,118550466,7,0,1,32768,6,5165376143
5978,118539010,12941,118551951,4,0,1,15360,18,10616162865
5979,118597120,81891,118679011,7,0,1,132608,6,2058298066
5980,118601610,147819,118749429,5,0,0,35840,19,3745532611
5981,118615140,69670,118684810,7,0,1,19456,6,4427756405
5982,118620970,194803,118815773,3,0,0,3072,6,10210536474
5983,118686200,566,118686766,4,0,1,512,18,8912959751
5984,118694740,93308,118788048,7,0,1,151552,6,6140873830
5985,118791580,185033,118976613,5,0,0,6144,19,1001589493
5986,118820461,191228,119011689,6,0,0,3072,9,2465698471
5987,118911261,306291,119217552,6,0,0,61952,9,361189847
5988,118924110,387062,119311172,5,0,0,40448,19,2156775197
5989,118934751,137303,119072054,9,0,0,5120,5,8369710642
5990,118967700,265136,119232836,5,0,0,22528,19,655583232
5991,118987250,5326,118992576,6,0,1,5632,9,451345899
5992,118997260,291015,119288275,3,0,0,38912,6,10118411096
5993,119020660,3422,119024082,8,0,1,3584,3,5931467785
5994,119022730,167180,119189910,3,0,0,104448,6,6017409785
5995,119044840,153821,119198661,5,0,0,28672,19,8778873163
5996,119119930,6754,119126684,4,0,1,7168,18,6164901756
5997,119153291,267170,119420461,6,0,0,83456,9,9843680823
5998,119205480,271431,119476911,8,0,0,22528,3,2026786556
5999,119250290,144228,119394518,3,0,0,86016,6,6999821908
6000,119259970,66721,119326691,7,0,1,113152,6,944564968
6001,119297611,195859,119493470,9,0,0,2048,5,4402250
6002,119372800,129167,119501967,8,0,0,11776,3,9350555299
6003,119472141,142489,119614630,6,0,0,36352,9,1283427057
6004,119475800,104743,119580543,8,0,0,15360,3,579177833
6005,119481470,91304,119572774,8,0,0,19968,3,313225764
6006,119500420,5443,119505863,4,0,1,10752,18,1889456059
6007,119554960,198043,119753003,3,0,0,92160,6,2555416724
6008,119557230,65298,119622528,8,0,0,2560,3,511129746
6009,119594620,56216,119650836,8,0,0,5632,3,8077936793
6010,119599350,3645,119602995,7,0,1,10240,6,667753674
6011,119627571,126539,119754110,9,0,0,3584,5,6037197629
6012,119651320,138823,119790143,3,0,0,52736,6,10338276017
6013,119689540,30749,119720289,9,0,1,49664,5,269789045
6014,119708020,55821,119763841,9,0,1,95232,5,8190379430
6015,119709480,147998,119857478,3,0,0,39424,6,4251732487
6016,119729140,36647,119765787,3,0,1,3072,6,1929018450
6017,119755370,34788,119790158,9,0,1,44544,5,5485276588
6018,119797260,102141,119899401,1,0,1,165376,17,2870624762
6019,119813540,101926,119915466,7,0,1,52224,6,4957110326
6020,119828070,150274,119978344,9,0,1,174080,5,7854387751
6021,119847480,141284,119988764,9,0,1,33280,5,1957994390
6022,119848040,142030,119990070,4,0,1,2048,18,5422755133
6023,119886001,186054,120072055,9,0,0,2560,5,6084444284
6024,119913910,82881,119996791,1,0,1,32256,17,8665424115
6025,119941690,56087,119997777,4,0,1,1536,18,7302488067
6026,120055350,187122,120242472,3,0,0,7168,6,4628430925
6027,120056700,398887,120455587,5,0,0,69120,19,3934597662
6028,120061780,319118,120380898,5,0,0,154112,19,1919378535
6029,120114291,158790,120273081,6,0,0,52736,9,9386743965
6030,120126030,3422,120129452,1,0,1,3584,17,8539249304
6031,120141570,54270,120195840,7,0,1,92160,6,8630280652
6032,120143800,420084,120563884,4,0,0,12288,18,10139620515
6033,120162110,312680,120474790,5,0,0,62976,19,790912124
6034,120180870,354346,120535216,7,0,0,33280,6,789489863
6035,120184151,295202,120479353,6,0,0,14848,9,5641874819
6036,120189680,44662,120234342,1,0,1,76800,17,7657214013
6037,120265630,15149,120280779,1,0,1,8192,17,4111800785
6038,120337110,270064,120607174,4,0,0,41472,18,8039551627
6039,120372210,428220,120800430,3,0,0,36352,6,2895621431
6040,120434380,266124,120700504,3,0,0,119808,6,3373677744
6041,120441780,112424,120554204,9,0,1,122368,5,8684519251
6042,120446460,287337,120733797,5,0,0,26624,19,10180887159
6043,120451151,416125,120867276,6,0,0,68096,9,8603966691
6044,120468080,89990,120558070,3,0,1,6144,6,4625542312
6045,120597940,175370,120773310,8,0,0,17920,3,5821337355
6046,120626340,126816,120753156,4,0,0,63488,18,4628276970
6047,120629791,317642,120947433,9,0,0,1024,5,2347037858
6048,120663510,239952,120903462,5,0,0,14336,19,10687044088
6049,120674010,32057,120706067,4,0,1,13824,18,6027379575
6050,120677780,364597,121042377,4,0,0,23040,18,3867436123
6051,120684381,79515,120763896,9,0,0,1024,5,5383786658
6052,120684600,68571,120753171,1,0,1,60928,17,9077112017
6053,120691300,255401,120946701,5,0,0,8704,19,8009577881
6054,120697720,277343,120975063,8,0,0,55296,3,7722027605
6055,120709600,382805,121092405,3,0,0,46080,6,3720001889
6056,120739800,361230,121101030,4,0,0,28160,18,2670644778
6057,120776470,396371,121172841,4,0,0,52224,18,9762466317
6058,120796630,106847,120903477,1,0,1,166400,17,3525450501
6059,120802071,594611,121396682,6,0,0,2048,9,9951900635
6060,120802420,761040,121563460,4,0,0,141824,18,7400943551
6061,120839860,64206,120904066,8,0,1,1536,3,5296183432
6062,120845051,550992,121396043,6,0,0,117248,9,5141026721
6063,120853990,302909,121156899,3,0,0,34816,6,8472057804
6064,120873110,31315,120904425,8,0,1,9728,3,3859772474
6065,120875040,740007,121615047,3,0,0,23552,6,2511597044
6066,120891081,536066,121427147,9,0,0,2048,5,259374582
6067,120926680,5802,120932482,8,0,1,6144,3,706723082
6068,120927750,8918,120936668,8,0,1,6656,3,1433086452
6069,120958371,401933,121360304,6,0,0,53248,9,6381704616
6070,120970400,9100,120979500,8,0,1,11776,3,9727102315
6071,120975680,497860,121473540,5,0,0,81920,19,10048102549
6072,120993800,454757,121448557,8,0,0,67072,3,5187557318
6073,120996670,10241,121006911,1,0,1,16384,17,9082603842
6074,121020280,394201,121414481,1,0,0,58368,17,8073452563
6075,121022290,245536,121267826,8,0,0,2560,3,6306527072
6076,121033240,59180,121092420,1,0,1,80896,17,1385355412
6077,121042170,50265,121092435,1,0,1,43520,17,9892359152
6078,121042720,385386,121428106,1,0,0,3072,17,260653797
6079,121063680,93234,121156914,1,0,1,129536,17,5897758785
6080,121126830,469717,121596547,3,0,0,108544,6,4779107611
6081,121196041,74233,121270274,9,0,0,512,5,6836375669
6082,121213490,213018,121426508,4,0,0,39424,18,2378698854
6083,121236680,402444,121639124,8,0,0,61952,3,1582523273
6084,121245640,439987,121685627,5,0,0,54272,19,1206927778
6085,121261510,338967,121600477,4,0,0,6144,18,2230549556
6086,121297400,344094,121641494,3,0,0,7680,6,5060780737
6087,121311510,31783,121343293,1,0,1,51712,17,593893421
6088,121314440,284150,121598590,8,0,0,6656,3,9842712682
6089,121379190,384503,121763693,4,0,0,22016,18,2740617951
6090,121402400,71665,121474065,8,0,1,512,3,8066494400
6091,121465930,141910,121607840,4,0,0,24064,18,6596712555
6092,121476120,2946,121479066,8,0,1,3072,3,1295004661
6093,121504260,1042,121505302,8,0,1,1024,3,2129363643
6094,121516060,151774,121667834,8,0,0,12800,3,2702998381
6095,121539570,99569,121639139,1,0,1,14336,17,203531657
6096,121541551,254383,121795934,9,0,0,1024,5,6897905975
6097,121572620,132621,121705241,1,0,0,10752,17,4051779626
6098,121588330,207277,121795607,3,0,0,79360,6,3252066286
6099,121602150,218982,121821132,4,0,0,1536,18,2080703006
6100,121653020,146525,121799545,4,0,0,11776,18,9553695086
6101,121697641,57247,121754888,9,0,0,4096,5,2348708176
6102,121698600,291434,121990034,5,0,0,54784,19,3683327650
6103,121699090,6166,121705256,8,0,1,6144,3,3601764654
6104,121708460,193966,121902426,8,0,0,35328,3,2853747179
6105,121736731,70138,121806869,6,0,0,10240,9,3064836761
6106,121778720,34062,121812782,8,0,1,25600,3,6623971179
6107,121790440,23008,121813448,0,0,1,1024,6,8614969016
6108,121818710,57646,121876356,1,0,0,4096,17,10512235068
6109,121830350,22174,121852524,1,0,1,36352,17,1963713840
6110,121849500,153074,122002574,4,0,0,10240,18,5066488219
6111,121865650,204874,122070524,1,0,0,15360,17,954760609
6112,121922610,252037,122174647,1,0,0,13312,17,9206922889
6113,121932260,234534,122166794,1,0,0,98304,17,3446786612
6114,121958750,211818,122170568,5,0,0,11776,19,8591819074
6115,122046471,566,122047037,5,0,1,512,19,2897617403
6116,122060530,115380,122175910,1,0,0,4096,17,10119331807
6117,122065790,6211,122072001,8,0,1,1536,3,10117520180
6118,122101451,65514,122166965,9,0,0,512,5,6122117366
6119,122126430,4420,122130850,8,0,1,11776,3,1252575616
6120,122155610,141570,122297180,4,0,0,115712,18,7971076568
6121,122178450,160406,122338856,5,0,0,13312,19,7569243689
6122,122231430,4679,122236109,3,0,1,12288,6,3517512718
6123,122258561,2946,122261507,5,0,1,3072,19,848920405
6124,122295530,83706,122379236,3,0,0,14848,6,10408787125
6125,122362470,115076,122477546,5,0,0,77824,19,1132789696
6126,122364191,177465,122541656,6,0,0,50176,9,10195776687
6127,122377520,100665,122478185,1,0,0,2048,17,6343012571
6128,122406170,216288,122622458,5,0,0,142848,19,8604716632
6129,122470230,161025,122631255,1,0,0,4096,17,9232670661
6130,122477850,152134,122629984,1,0,0,23552,17,6176345472
6131,122500310,138300,122638610,1,0,0,2048,17,430062723
6132,122503531,119262,122622793,9,0,0,1024,5,5774360638
6133,122524410,17261,122541671,8,0,1,3072,3,4099563580
6134,122541440,103338,122644778,5,0,0,7168,19,3087699622
6135,122571210,566,122571776,8,0,1,512,3,10535714546
6136,122583381,135496,122718877,9,0,0,512,5,3977421635
6137,122628521,103436,122731957,6,0,0,20480,9,5208747962
6138,122678260,102768,122781028,5,0,0,37376,19,6561772934
6139,122708910,80908,122789818,1,0,0,4608,17,9263506266
6140,122725480,166915,122892395,1,0,0,52736,17,2988968288
6141,122736861,2470,122739331,5,0,1,2560,19,2231067879
6142,122744181,70843,122815024,9,0,0,512,5,818259265
6143,122751741,1518,122753259,5,0,1,1536,19,7266635069
6144,122763391,4850,122768241,5,0,1,5120,19,6482609796
6145,122837650,7230,122844880,8,0,1,7680,3,2646685743
6146,122849500,110084,122959584,1,0,0,61440,17,1356294548
6147,122860310,1042,122861352,6,0,1,1024,9,1737227548
6148,122932250,71074,123003324,3,0,0,6144,6,8949587006
6149,122991231,45596,123036827,9,0,0,1024,5,564761748
6150,123012210,99944,123112154,4,0,0,28160,18,6321405336
6151,123017840,2470,123020310,8,0,1,2560,3,4932028110
6152,123026420,1042,123027462,8,0,1,1024,3,8675667454
6153,123117060,101660,123218720,8,0,0,33792,3,3635866251
6154,123142430,1042,123143472,8,0,1,1024,3,6132240815
6155,123142480,176123,123318603,8,0,0,122368,3,7495432788
6156,123224000,175410,123399410,4,0,0,23552,18,6518780969
6157,123230271,192577,123422848,6,0,0,67584,9,573352947
6158,123234411,104465,123338876,6,0,0,27648,9,7953016298
6159,123268700,6278,123274978,8,0,1,6656,3,188868858
6160,123298230,20931,123319161,8,0,1,512,3,1771826409
6161,123326100,76133,123402233,3,0,0,9216,6,3539507150
6162,123397970,115743,123513713,3,0,0,66048,6,2054143145
6163,123546000,111256,123657256,1,0,0,62464,17,524503631
6164,123567170,183084,123750254,5,0,0,56832,19,5036450851
6165,123569270,153044,123722314,3,0,0,73216,6,1858664158
6166,123591481,253927,123845408,6,0,0,65536,9,3140986704
6167,123600560,292466,123893026,3,0,0,46592,6,4679591860
6168,123606310,1042,123607352,4,0,1,1024,18,5899405734
6169,123618420,260395,123878815,8,0,0,109568,3,613986962
6170,123649720,124375,123774095,4,0,0,17920,18,669576582
6171,123756980,3128,123760108,8,0,1,9216,3,2635410047
6172,123761550,216358,123977908,4,0,0,135168,18,10600275843
6173,123765700,8410,123774110,8,0,1,3584,3,2914008239
6174,123779780,200974,123980754,5,0,0,8192,19,6001503708
6175,123804160,2470,123806630,4,0,1,2560,18,8589551068
6176,123819461,98669,123918130,9,0,0,1536,5,8615085875
6177,123835711,142532,123978243,9,0,0,1024,5,280144014
6178,123878470,224005,124102475,1,0,0,90624,17,2913392284
6179,123904710,243109,124147819,1,0,0,116736,17,5313212807
6180,123907250,3898,123911148,4,0,1,4096,18,8688379206
6181,123921780,566,123922346,8,0,1,512,3,4370189594
6182,123945260,39426,123984686,4,0,1,4096,18,6486328038
6183,123960251,223141,124183392,6,0,0,33792,9,394981923
6184,123963340,244091,124207431,1,0,0,78848,17,2363838553
6185,123967080,20512,123987592,4,0,1,4608,18,1529412328
6186,124010071,158309,124168380,6,0,0,9728,9,4428204893
6187,124026530,14804,124041334,7,0,1,28672,6,3098561615
6188,124058311,89679,124147990,9,0,0,512,5,7476297215
6189,124072600,136882,124209482,8,0,0,6656,3,5938876212
6190,124075650,136343,124211993,4,0,0,8192,18,4374440620
6191,124085900,17634,124103534,4,0,1,1024,18,5184937584
6192,124162120,103574,124265694,3,0,0,11776,6,8419153651
6193,124186311,165196,124351507,6,0,0,90112,9,4884466918
6194,124278370,75188,124353558,8,0,0,6656,3,6395596971
6195,124285940,308682,124594622,8,0,0,34304,3,438894420
6196,124298790,10241,124309031,4,0,1,16384,18,14610553
6197,124313850,3422,124317272,7,0,1,3584,6,6300312809
6198,124321120,1518,124322638,4,0,1,1536,18,7595923024
6199,124335400,390928,124726328,3,0,0,238592,6,8488501666
6200,124369780,22174,124391954,7,0,1,36352,6,4663026639
6201,124393630,24670,124418300,7,0,1,44544,6,3355773696
6202,124400880,18406,124419286,0,0,1,1536,6,8391909568
6203,124445500,183105,124628605,1,0,0,20992,17,9619427855
6204,124494600,1518,124496118,2,0,1,1536,10,8727635573
6205,124512200,238837,124751037,8,0,0,6144,3,637485949
6206,124512910,230289,124743199,4,0,0,55296,18,8949746803
6207,124516050,233100,124749150,3,0,0,19456,6,10608144887
6208,124534070,252608,124786678,8,0,0,42496,3,2126218096
6209,124546660,269532,124816192,4,0,0,7168,18,1520775796
6210,124580291,312434,124892725,6,0,0,220160,9,5222724995
6211,124613420,353411,124966831,1,0,0,64000,17,8824479569
6212,124622800,12075,124634875,0,0,1,6656,6,5884655877
6213,124673500,80968,124754468,0,0,1,3584,6,3786816502
6214,124691420,351923,125043343,8,0,0,65024,3,2084798174
6215,124715850,404889,125120739,8,0,0,18944,3,3799447282
6216,124722171,344303,125066474,6,0,0,35840,9,3813829287
6217,124727671,327239,125054910,6,0,0,37888,9,7306999954
6218,124737670,285831,125023501,8,0,0,153088,3,2315849050
6219,124767730,18963,124786693,7,0,1,17920,6,10095686352
6220,124854991,40764,124895755,5,0,1,3072,19,2924230710
6221,124858960,47610,124906570,0,0,1,21504,6,338202010
6222,124862111,44920,124907031,5,0,1,10240,19,9409785034
6223,124866880,44657,124911537,8,0,1,7168,3,1757944340
6224,124881421,335144,125216565,6,0,0,105472,9,3155907053
6225,124970680,52836,125023516,7,0,1,47104,6,9398071230
6226,125014330,115322,125129652,8,0,0,4608,3,8368207977
6227,125039221,27268,125066489,5,0,1,6144,19,180532674
6228,125103350,59310,125162660,5,0,0,2560,19,5660694703
6229,125173221,1518,125174739,5,0,1,1536,19,10354701627
6230,125179340,566,125179906,0,0,1,512,6,7546349567
6231,125179711,36869,125216580,5,0,1,27136,19,3916681340
6232,125204760,446554,125651314,5,0,0,98304,19,9513457204
6233,125239520,102440,125341960,1,0,0,36352,17,9258937092
6234,125282180,411605,125693785,8,0,0,139264,3,2040341045
6235,125288960,221024,125509984,4,0,0,51200,18,7730035561
6236,125299000,144528,125443528,3,0,0,29696,6,3623779101
6237,125313530,281027,125594557,8,0,0,40960,3,5115960201
6238,125348791,2470,125351261,5,0,1,2560,19,9563226312
6239,125360861,220781,125581642,6,0,0,28160,9,2970322233
6240,125391330,364672,125756002,1,0,0,42496,17,569555517
6241,125445220,265459,125710679,3,0,0,35840,6,2797394513
6242,125455951,91422,125547373,6,0,0,2048,9,7674316052
6243,125484670,245695,125730365,8,0,0,64512,3,4588565386
6244,125484750,4420,125489170,8,0,1,11776,3,9750436031
6245,125488420,1096,125489516,0,0,1,512,6,3460904467
6246,125506660,4358,125511018,3,0,1,1024,6,5207006906
6247,125554930,12566,125567496,0,0,1,20992,6,5031071887
6248,125556280,143464,125699744,1,0,0,19456,17,1627082498
6249,125589580,153459,125743039,4,0,0,41472,18,10217958914
6250,125626440,84254,125710694,0,0,1,4608,6,2476210830
6251,125643871,244593,125888464,6,0,0,137728,9,8762826382
6252,125646850,83538,125730388,1,0,1,44032,17,10513796910
6253,125704210,185517,125889727,1,0,0,4096,17,2823133428
6254,125761430,132680,125894110,1,0,0,14336,17,1878820802
6255,125816930,12995,125829925,1,0,1,25088,17,5384665430
6256,125918750,11533,125930283,1,0,1,18944,17,459318820
6257,125924250,240869,126165119,3,0,0,22016,6,8907049462
6258,125932750,97784,126030534,5,0,0,26112,19,5760529055
6259,125959490,85090,126044580,4,0,0,512,18,10568969888
6260,125973260,75028,126048288,4,0,0,3584,18,217258520
6261,125980031,207480,126187511,6,0,0,14848,9,582038347
6262,125989400,4162,125993562,0,0,1,11264,6,9803184598
6263,126033750,7230,126040980,0,0,1,7680,6,8529198515
6264,126054370,79663,126134033,4,0,0,16896,18,9608824107
6265,126168361,1042,126169403,5,0,1,1024,19,8717724120
6266,126168530,98732,126267262,8,0,0,23552,3,1513042866
6267,126176190,4850,126181040,0,0,1,5120,6,7974682683
6268,126189830,4937,126194767,0,0,1,12800,6,10081519218
6269,126211140,128830,126339970,5,0,0,53248,19,1902508783
6270,126249760,108212,126357972,8,0,0,55296,3,7199142521
6271,126261600,269355,126530955,3,0,0,55296,6,1632524310
6272,126267730,5326,126273056,1,0,1,5632,17,10500892968
6273,126281440,4374,126285814,0,0,1,4608,6,7439484456
6274,126305410,58261,126363671,5,0,0,4096,19,9167488352
6275,126306591,121502,126428093,6,0,0,57856,9,3398575586
6276,126317081,5196,126322277,5,0,1,13312,19,1157519086
6277,126387660,566,126388226,0,0,1,512,6,9122562851
6278,126397400,1994,126399394,3,0,1,2048,6,4089783141
6279,126404641,177440,126582081,6,0,0,73728,9,3213242855
6280,126422030,91111,126513141,3,0,0,13824,6,2580145514
6281,126424070,90022,126514092,3,0,0,3072,6,5107020440
6282,126454550,1042,126455592,3,0,1,1024,6,9796004
6283,126480690,6229,126486919,1,0,1,15360,17,3110275942
6284,126488621,566,126489187,5,0,1,512,19,1484794825
6285,126499900,96269,126596169,3,0,0,16896,6,6695956970
6286,126511130,148687,126659817,4,0,0,29184,18,4544921470
6287,126517400,26913,126544313,1,0,1,22528,17,449445971
6288,126536730,8249,126544979,3,0,1,11264,6,7594184987
6289,126547220,3422,126550642,0,0,1,3584,6,2963290546
6290,126607711,74768,126682479,6,0,0,6656,9,3010534520
6291,126708670,54060,126762730,5,0,0,1024,19,6161223537
6292,126711171,59132,126770303,6,0,0,5120,9,4007860240
6293,126827871,116792,126944663,6,0,0,83456,9,1872543253
6294,126855220,246019,127101239,4,0,0,146432,18,3385533831
6295,126856140,252142,127108282,3,0,0,23040,6,6326637505
6296,126872090,277161,127149251,1,0,0,84992,17,2417917422
6297,126895160,160809,127055969,8,0,0,64512,3,10044893333
6298,126909740,5802,126915542,2,0,1,6144,10,1421010585
6299,126924700,224878,127149578,1,0,0,1024,17,9905945510
6300,126950320,356593,127306913,5,0,0,83968,19,8068764941
6301,126956431,267779,127224210,6,0,0,48640,9,440112478
6302,126959900,219765,127179665,1,0,0,12288,17,1064384721
6303,126980800,54787,127035587,1,0,1,93184,17,2253230417
6304,127019840,222903,127242743,3,0,0,26624,6,10703560127
6305,127031751,122842,127154593,6,0,0,16384,9,8401020872
6306,127033930,247384,127281314,8,0,0,10240,3,4392193962
6307,127075301,153292,127228593,6,0,0,14336,9,5655892273
6308,127098670,250178,127348848,5,0,0,40960,19,6147655722
6309,127110181,265541,127375722,6,0,0,32256,9,10387113506
6310,127128620,149559,127278179,8,0,0,16896,3,9082421006
6311,127177710,230070,127407780,8,0,0,15360,3,10286845552
6312,127338510,128874,127467384,4,0,0,49664,18,3189660451
6313,127339440,217062,127556502,4,0,0,114176,18,5156969176
6314,127355330,3387,127358717,0,0,1,9728,6,2558626458
6315,127381020,1042,127382062,2,0,1,1024,10,10043583175
6316,127415700,1518,127417218,0,0,1,1536,6,5585097599
6317,127483720,102146,127585866,4,0,0,6656,18,10597340288
6318,127643950,1042,127644992,0,0,1,1024,6,5431220843
6319,127655410,52364,127707774,4,0,0,3072,18,6508906259
6320,127699600,200576,127900176,3,0,0,197120,6,2583700399
6321,127711700,198639,127910339,8,0,0,33280,3,4287091326
6322,127745700,255426,128001126,3,0,0,116736,6,9287118712
6323,127754270,264803,128019073,3,0,0,14848,6,6682893320
6324,127775600,139746,127915346,4,0,0,16384,18,6282601270
6325,127830810,566,127831376,2,0,1,512,10,8539128441
6326,127838020,566,127838586,2,0,1,512,10,2443020816
6327,127850090,185152,128035242,3,0,0,22016,6,777281144
6328,127875580,146264,128021844,1,0,0,7168,17,8422680867
6329,127899130,148094,128047224,1,0,0,14848,17,3138825489
6330,127919750,2870,127922620,2,0,1,8704,10,9436889689
6331,127995650,57832,128053482,1,0,0,3072,17,6509991029
6332,128131000,79148,128210148,5,0,0,15360,19,10704158802
6333,128178741,111183,128289924,6,0,0,12800,9,3281338723
6334,128191130,4420,128195550,0,0,1,11776,6,4863550476
6335,128205820,8694,128214514,0,0,1,4608,6,5367043203
6336,128310881,54056,128364937,6,0,0,3584,9,2598828480
6337,128328860,4850,128333710,2,0,1,5120,10,9837495017
6338,128331040,99164,128430204,8,0,0,25600,3,3168939312
6339,128334430,3422,128337852,2,0,1,3584,10,782032333
6340,128358681,159705,128518386,6,0,0,87040,9,6168467691
6341,128399920,15321,128415241,9,0,1,29696,5,10401466538
6342,128407710,56611,128464321,9,0,1,94208,5,5196220747
6343,128448060,419479,128867539,3,0,0,32768,6,9592856560
6344,128451450,15457,128466907,0,0,1,4096,6,198480763
6345,128455270,261804,128717074,8,0,0,86016,3,2678327319
6346,128533070,305711,128838781,1,0,0,65536,17,7468069536
6347,128537330,2470,128539800,2,0,1,2560,10,2394034555
6348,128572910,20882,128593792,9,0,1,33792,5,7965689400
6349,128581070,299032,128880102,3,0,0,5632,6,9815225257
6350,128642770,566,128643336,2,0,1,512,10,9790156607
6351,128648681,122384,128771065,6,0,0,4608,9,1583580913
6352,128651770,84561,128736331,4,0,0,7680,18,5490231275
6353,128704000,79029,128783029,9,0,1,111616,5,10337831981
6354,128714010,129310,128843320,5,0,0,14848,19,1550991388
6355,128737980,48915,128786895,2,0,1,6144,10,2561513222
6356,128751851,152564,128904415,6,0,0,3584,9,4904162248
6357,128761360,26841,128788201,0,0,1,2048,6,3898407789
6358,128773980,18087,128792067,2,0,1,6144,10,9684717441
6359,128832011,119327,128951338,6,0,0,11776,9,3082738176
6360,128855450,21916,128877366,2,0,1,35840,10,614252229
6361,128860200,19917,128880117,2,0,1,4096,10,2578484295
6362,128866562,14261,128880823,2,0,1,12288,10,6663204381
6363,128873221,189462,129062683,6,0,0,132608,9,376586399
6364,128892580,212961,129105541,8,0,0,33280,3,3710850225
6365,128897660,1518,128899178,0,0,1,1536,6,5362766169
6366,128906040,189346,129095386,3,0,0,23552,6,9992990460
6367,128960300,103685,129063985,4,0,0,4096,18,1042306216
6368,129011400,3128,129014528,2,0,1,9216,10,4145207098
6369,129016470,241829,129258299,5,0,0,10240,19,8287899887
6370,129017280,45426,129062706,1,0,1,20480,17,4652062158
6371,129018080,56363,129074443,1,0,1,16896,17,8484949934
6372,129031900,264178,129296078,3,0,0,24576,6,2427135556
6373,129041910,35119,129077029,2,0,1,4096,10,6291166084
6374,129101340,7321,129108661,9,0,1,9216,5,4676378751
6375,129120911,134208,129255119,6,0,0,91136,9,7778827366
6376,129126690,7706,129134396,0,0,1,8192,6,8835730059
6377,129133910,44404,129178314,1,0,1,76288,17,5864205833
6378,129167541,210060,129377601,6,0,0,62976,9,2523052507
6379,129181650,247511,129429161,3,0,0,41984,6,1496833386
6380,129184520,70614,129255134,1,0,1,71680,17,9015155883
6381,129200890,54259,129255149,0,0,1,3584,6,4703910821
6382,129211910,222585,129434495,1,0,0,17408,17,5758280131
6383,129212480,42684,129255164,1,0,1,9216,17,9528738867
6384,129219091,133254,129352345,6,0,0,7680,9,10457494019
6385,129239020,102712,129341732,1,0,1,135680,17,4400265834
6386,129270530,74428,129344958,2,0,1,5120,10,1108093726
6387,129299911,116217,129416128,6,0,0,8192,9,59181792
6388,129392210,90593,129482803,1,0,0,512,17,1168526932
6389,129394830,2946,129397776,0,0,1,3072,6,2474403855
6390,129400770,3387,129404157,9,0,1,9728,5,8804698664
6391,129400950,8159,129409109,6,0,1,5632,9,10279800000
6392,129410000,19176,129429176,2,0,1,15872,10,9236754118
6393,129422510,14447,129436957,0,0,1,2560,6,3222752826
6394,129459450,210085,129669535,4,0,0,52736,18,9372400409
6395,129486570,310323,129796893,8,0,0,127488,3,5613174256
6396,129492640,3387,129496027,0,0,1,9728,6,1987043236
6397,129504900,347357,129852257,3,0,0,60928,6,1535715165
6398,129513030,84645,129597675,9,0,1,141312,5,9737253468
6399,129531500,71001,129602501,9,0,1,7680,5,3869484059
6400,129534450,517611,130052061,5,0,0,120832,19,1200210634
6401,129540880,411573,129952453,8,0,0,125952,3,4241225424
6402,129553200,254332,129807532,4,0,0,34816,18,8866709214
6403,129557670,337313,129894983,4,0,0,58880,18,268935086
6404,129628480,3422,129631902,0,0,1,3584,6,9996840303
6405,129711091,300517,130011608,6,0,0,17408,9,6524250823
6406,129712510,365946,130078456,4,0,0,86528,18,1356307924
6407,129717770,482197,130199967,3,0,0,111104,6,7367215478
6408,129732810,419784,130152594,1,0,0,26624,17,10714212818
6409,129775800,368667,130144467,5,0,0,62976,19,5431583157
6410,129779650,35071,129814721,9,0,1,7680,5,8628618343
6411,129866251,352472,130218723,6,0,0,16384,9,8714119133
6412,129901250,302161,130203411,3,0,0,7168,6,9907265223
6413,130003300,115247,130118547,3,0,0,10240,6,4712878826
6414,130023880,231636,130255516,1,0,0,79360,17,10005676071
6415,130029140,127213,130156353,4,0,0,12288,18,5983259814
6416,130041770,257433,130299203,4,0,0,32768,18,2408545022
6417,130080180,12825,130093005,1,0,1,21504,17,2057174021
6418,130089100,136247,130225347,4,0,0,5632,18,10648399952
6419,130107820,149271,130257091,3,0,0,5120,6,1321993158
6420,130119560,169644,130289204,8,0,0,7680,3,3707317736
6421,130135930,21933,130157863,2,0,1,1536,10,3390223693
6422,130179990,134992,130314982,3,0,0,51712,6,9918793558
6423,130199611,225354,130424965,6,0,0,28160,9,5807488181
6424,130203230,5369,130208599,1,0,1,13312,17,7284531581
6425,130257540,277100,130534640,8,0,0,53248,3,9354232544
6426,130271910,43095,130315005,9,0,1,59904,5,1251821548
6427,130279970,136400,130416370,3,0,0,50176,6,2809370721
6428,130300390,49921,130350311,7,0,1,61952,6,7079088231
6429,130311040,55651,130366691,1,0,1,53760,17,4015101596
6430,130334250,43475,130377725,9,0,1,36352,5,8350579127
6431,130348500,252229,130600729,5,0,0,14848,19,1675222215
6432,130351860,28131,130379991,0,0,1,3584,6,5552708973
6433,130362710,233480,130596190,5,0,0,36864,19,9677946159
6434,130377480,300697,130678177,8,0,0,97792,3,8031628958
6435,130383915,3898,130387813,9,0,1,4096,5,13080114
6436,130385860,191507,130577367,1,0,0,3584,17,3773568952
6437,130411871,294366,130706237,6,0,0,6656,9,8044020001
6438,130414270,234096,130648366,1,0,0,66048,17,2485150946
6439,130415370,319963,130735333,8,0,0,79360,3,8055315336
6440,130427310,429880,130857190,1,0,0,42496,17,9920484260
6441,130478140,11274,130489414,7,0,1,18432,6,4850260869
6442,130486820,284034,130770854,8,0,0,14336,3,5676708492
6443,130537700,200456,130738156,3,0,0,9216,6,4709763095
6444,130641010,47417,130688427,2,0,1,16384,10,8668085711
6445,130663581,326731,130990312,6,0,0,90112,9,2028775595
6446,130681361,132603,130813964,6,0,0,7680,9,7480536305
6447,130732580,210007,130942587,3,0,0,3072,6,4555159499
6448,130751460,190168,130941628,3,0,0,91648,6,10207186629
6449,130751770,4374,130756144,0,0,1,4608,6,1794467111
6450,130856610,3518,130860128,7,0,1,3072,6,3287757333
6451,130865170,12995,130878165,1,0,1,25088,17,3366215010
6452,130907410,44920,130952330,9,0,1,77312,5,7292563879
6453,130921690,36337,130958027,8,0,1,18944,3,6038244444
6454,130940800,91919,131032719,3,0,0,7680,6,10569653919
6455,130999700,1518,131001218,8,0,1,1536,3,6537141615
6456,131010731,174573,131185304,6,0,0,7680,9,4701255509
6457,131044101,275314,131319415,6,0,0,90112,9,1024785667
6458,131070470,210972,131281442,8,0,0,95232,3,4620361832
6459,131111340,180596,131291936,3,0,0,32768,6,579624436
6460,131124330,301531,131425861,3,0,0,46080,6,7583002666
6461,131153860,257915,131411775,3,0,0,86016,6,1256091221
6462,131157010,566,131157576,0,0,1,512,6,5328211238
6463,131217520,4420,131221940,6,0,1,11776,9,5340006010
6464,131227270,1518,131228788,6,0,1,1536,9,4037610221
6465,131235410,137582,131372992,8,0,0,24064,3,5345103057
6466,131255440,219297,131474737,5,0,0,53760,19,4261153021
6467,131256950,251796,131508746,8,0,0,42496,3,4640742471
6468,131268660,50770,131319430,6,0,1,7168,9,8858999953
6469,131283200,175142,131458342,5,0,0,71168,19,7161458903
6470,131301620,110170,131411790,1,0,1,135168,17,8943980036
6471,131302330,123562,131425892,9,0,1,32768,5,10420751087
6472,131307730,118177,131425907,1,0,1,2560,17,726555204
6473,131348260,77662,131425922,8,0,1,8704,3,3331459689
6474,131371460,54477,131425937,9,0,1,512,5,7026922695
6475,131403340,71428,131474768,7,0,1,69632,6,2281043126
6476,131403391,263405,131666796,6,0,0,47616,9,1091076506
6477,131407170,67613,131474783,6,0,1,19456,9,10552720972
6478,131449420,514081,131963501,5,0,0,17920,19,9956919873
6479,131454770,167178,131621948,8,0,0,26624,3,1174685542
6480,131511090,236556,131747646,8,0,0,84992,3,426842250
6481,131520310,10757,131531067,7,0,1,17408,6,10235955440
6482,131533330,40616,131573946,9,0,1,65536,5,3299541268
6483,131628451,317127,131945578,6,0,0,48128,9,6224303141
6484,131636860,29959,131666819,9,0,1,38912,5,3366571887
6485,131639101,27733,131666834,5,0,1,14336,19,4288850844
6486,131650440,118221,131768661,5,0,0,14336,19,9819123383
6487,131670950,7230,131678180,7,0,1,7680,6,9841645885
6488,131691920,218667,131910587,4,0,0,61440,18,3431809119
6489,131722730,169099,131891829,4,0,0,28160,18,5153404101
6490,131732210,27761,131759971,6,0,1,20480,9,9910375831
6491,131754340,395504,132149844,3,0,0,55296,6,6998078787
6492,131792131,320739,132112870,6,0,0,31744,9,9689644224
6493,131792650,2946,131795596,8,0,1,3072,3,8799338654
6494,131799751,5326,131805077,5,0,1,5632,19,746441998
6495,131804020,256381,132060401,1,0,0,22528,17,8754937233
6496,131857591,10499,131868090,5,0,1,16896,19,5787276540
6497,131865611,125796,131991407,6,0,0,24064,9,8886194071
6498,131870391,2946,131873337,5,0,1,3072,19,7157599142
6499,131877270,4850,131882120,0,0,1,5120,6,9183190242
6500,131881670,10174,131891844,8,0,1,4096,3,1670482130
6501,131888590,32197,131920787,7,0,1,16384,6,5920538943
6502,131915690,322478,132238168,1,0,0,14848,17,5450973008
6503,131932731,283662,132216393,6,0,0,49664,9,7139961433
6504,131944860,6189,131951049,7,0,1,13824,6,6174343152
6505,131947380,301879,132249259,5,0,0,36352,19,8548277728
6506,131961040,6374,131967414,8,0,1,10752,3,3782555001
6507,131962990,29500,131992490,9,0,1,46592,5,603084734
6508,132023231,4374,132027605,5,0,1,4608,19,5052052008
6509,132029470,83423,132112893,7,0,1,131072,6,7883879131
6510,132029680,86052,132115732,8,0,1,8192,3,2495860564
6511,132043900,78450,132122350,9,0,1,31744,5,9917108299
6512,132045620,79636,132125256,8,0,1,4608,3,3806091919
6513,132067231,196446,132263677,6,0,0,15360,9,6794204828
6514,132083561,287882,132371443,6,0,0,60416,9,7131331237
6515,132104230,216777,132321007,4,0,0,15872,18,4395530407
6516,132111160,17962,132129122,8,0,1,6144,3,7036771643
6517,132112600,517506,132630106,1,0,0,130048,17,7905569442
6518,132116680,13620,132130300,7,0,1,13824,6,5830427406
6519,132146921,6302,132153223,5,0,1,9728,19,6192595724
6520,132150940,5824,132156764,7,0,1,4096,6,10645711650
6521,132151011,404878,132555889,6,0,0,145408,9,4876068252
6522,132155590,242318,132397908,1,0,0,2560,17,6548508636
6523,132173610,300055,132473665,5,0,0,36864,19,9454043800
6524,132195570,20838,132216408,7,0,1,33280,6,10077098570
6525,132264350,50741,132315091,9,0,1,81920,5,5101331123
6526,132267060,310231,132577291,1,0,0,46080,17,10213548560
6527,132281460,39562,132321022,9,0,1,19456,5,9065625300
6528,132295420,267816,132563236,4,0,0,24064,18,1687798587
6529,132313621,370051,132683672,6,0,0,81408,9,290256892
6530,132321770,7706,132329476,9,0,1,8192,5,3813019583
6531,132325530,75554,132401084,7,0,1,126976,6,9402039221
6532,132393931,386230,132780161,6,0,0,6656,9,5633301283
6533,132421960,266875,132688835,3,0,0,16896,6,700864157
6534,132441951,300551,132742502,6,0,0,41472,9,797987610
6535,132443950,29738,132473688,9,0,1,38400,5,10704698850
6536,132463530,34369,132497899,9,0,1,40448,5,1839815395
6537,132599790,146033,132745823,4,0,0,1536,18,5995589491
6538,132635840,183399,132819239,7,0,1,296960,6,3274861985
6539,132673180,191402,132864582,3,0,0,2048,6,7283437774
6540,132723900,101445,132825345,7,0,1,29184,6,8973415159
6541,132730720,338531,133069251,4,0,0,31744,18,8465217536
6542,132808180,19431,132827611,7,0,1,3584,6,6309857560
6543,132824430,6407,132830837,6,0,1,5120,9,9179826990
6544,132840670,3422,132844092,6,0,1,3584,9,7126441008
6545,132852220,78801,132931021,5,0,0,1024,19,5331585690
6546,132868130,3898,132872028,7,0,1,4096,6,7905458959
6547,132900010,22950,132922960,7,0,1,37888,6,5871620851
6548,132928850,171264,133100114,3,0,0,12800,6,7541766360
6549,132995820,139880,133135700,1,0,0,9728,17,844070146
6550,133072030,115388,133187418,8,0,0,78848,3,2429948198
6551,133102011,88305,133190316,6,0,0,1536,9,4322168503
6552,133120020,94829,133214849,8,0,0,4096,3,4878794460
6553,133124950,143480,133268430,5,0,0,45056,19,6658576429
6554,133164471,113999,133278470,6,0,0,512,9,9773454805
6555,133186450,122582,133309032,8,0,0,15872,3,678782804
6556,133210070,4794,133214864,6,0,1,4096,9,4454219129
6557,133214470,180759,133395229,1,0,0,8192,17,7306941806
6558,133246940,56596,133303536,7,0,1,96768,6,1346820843
6559,133307180,42976,133350156,7,0,1,66560,6,7408301339
6560,133320521,136002,133456523,6,0,0,1024,9,7109532323
6561,133350470,152931,133503401,1,0,0,14848,17,5764745482
6562,133357560,168335,133525895,4,0,0,4096,18,10080004697
6563,133362480,4679,133367159,7,0,1,12288,6,10724560312
6564,133378181,225600,133603781,6,0,0,31744,9,7958854477
6565,133379680,117937,133497617,4,0,0,8192,18,9668484484
6566,133443190,701766,134144956,8,0,0,72704,3,2961097731
6567,133476820,174529,133651349,5,0,0,21504,19,474167639
6568,133506810,419645,133926455,1,0,0,212480,17,2099003223
6569,133508170,7706,133515876,7,0,1,8192,6,8173811559
6570,133511530,652683,134164213,1,0,0,40448,17,6397481987
6571,133518700,1518,133520218,7,0,1,1536,6,7151839652
6572,133536551,535788,134072339,5,0,0,386560,19,4538615010
6573,133539530,536412,134075942,1,0,0,11776,17,1438645570
6574,133660690,570878,134231568,1,0,0,137728,17,10502406222
6575,133667530,263932,133931462,4,0,0,16384,18,3723211717
6576,133684330,3904,133688234,9,0,1,10752,5,4386971134
6577,133721660,1042,133722702,8,0,1,1024,3,6688886443
6578,133753000,369765,134122765,1,0,0,129024,17,4102563311
6579,133787160,43628,133830788,9,0,1,74752,5,2173325445
6580,133788880,457466,134246346,1,0,0,20480,17,1184611621
6581,133850320,81173,133931493,9,0,1,130048,5,2196734229
6582,133865930,285921,134151851,4,0,0,22528,18,2262090614
6583,133878411,197874,134076285,5,0,0,1024,19,9332291956
6584,134011920,377166,134389086,1,0,0,40448,17,8551892773
6585,134013830,288110,134301940,1,0,0,9728,17,518312935
6586,134062730,407956,134470686,5,0,0,146944,19,4609254238
6587,134076460,294019,134370479,1,0,0,21504,17,290488657
6588,134097400,189816,134287216,5,0,0,47104,19,1843857810
6589,134112300,39574,134151874,7,0,1,4096,6,4256305517
6590,134119580,187523,134307103,8,0,0,16896,3,8921110731
6591,134137530,28050,134165580,3,0,1,26624,6,6135664502
6592,134171800,115431,134287231,9,0,1,178176,5,930659769
6593,134189480,97766,134287246,7,0,1,7680,6,3045754295
6594,134190161,322686,134512847,6,0,0,1024,9,5159173199
6595,134227250,327310,134554560,1,0,0,43008,17,335182385
6596,134231770,55491,134287261,0,0,1,512,6,10149930524
6597,134258410,152016,134410426,1,0,0,3584,17,6264678364
6598,134265180,233520,134498700,8,0,0,20992,3,10292971870
6599,134302780,287307,134590087,4,0,0,1024,18,9379355744
6600,134308010,566,134308576,3,0,1,512,6,4792031619
6601,134314140,4850,134318990,7,0,1,5120,6,9332613233
6602,134381870,106801,134488671,8,0,0,10240,3,4728312105
6603,134437870,60845,134498715,9,0,1,39936,5,3349872611
6604,134477510,113957,134591467,4,0,0,512,18,4687816547
6605,134481970,16760,134498730,8,0,1,2560,3,7515907240
6606,134556070,76971,134633041,8,0,0,14848,3,9571295306
6607,134630060,9251,134639311,6,0,1,6656,9,7569777590
6608,134641370,1042,134642412,6,0,1,1024,9,8413828121
6609,134651500,5326,134656826,8,0,1,5632,3,5768948550
6610,134659860,52072,134711932,4,0,0,512,18,2769811973
6611,134661500,15837,134677337,9,0,1,30720,5,8916252353
6612,134755500,7706,134763206,6,0,1,8192,9,4185104873
6613,134757330,6862,134764192,6,0,1,1536,9,2514688964
6614,134771371,226646,134998017,6,0,0,77824,9,9912352666
6615,134779860,153862,134933722,5,0,0,18944,19,8543014591
6616,134782561,174686,134957247,6,0,0,60928,9,4495855115
6617,134796900,3904,134800804,8,0,1,10752,3,10109634258
6618,134876230,3128,134879358,6,0,1,9216,9,5464168238
6619,134894310,103878,134998188,4,0,0,512,18,10538597366
6620,134988670,53414,135042084,4,0,0,512,18,1987438062
6621,134998290,1994,135000284,6,0,1,2048,9,2679635282
6622,135002480,566,135003046,6,0,1,512,9,4581629003
6623,135033130,2470,135035600,7,0,1,2560,6,7723633926
6624,135040060,43904,135083964,4,0,0,512,18,6743757744
6625,135055630,566,135056196,9,0,1,512,5,7914796327
6626,135061320,1518,135062838,6,0,1,1536,9,10732838661
6627,135110560,4679,135115239,6,0,1,12288,9,1330891993
6628,135113100,152335,135265435,8,0,0,53760,3,1747249629
6629,135159900,4374,135164274,6,0,1,4608,9,10315109114
6630,135213941,68060,135282001,6,0,0,9216,9,5702209179
6631,135248930,184564,135433494,5,0,0,84480,19,5268623329
6632,135249460,60048,135309508,4,0,0,512,18,8198043534
6633,135284970,2946,135287916,7,0,1,3072,6,10332106461
6634,135400191,63255,135463446,6,0,0,4096,9,9188793180
6635,135465330,23466,135488796,1,0,1,38912,17,8491488967
6636,135488140,77744,135565884,5,0,0,10752,19,6661855909
6637,135531891,109116,135641007,6,0,0,54272,9,1336578569
6638,135555850,167041,135722891,8,0,0,7168,3,5739888439
6639,135556240,68216,135624456,1,0,0,9728,17,8808894680
6640,135602050,115861,135717911,5,0,0,26112,19,9048402726
6641,135690230,3422,135693652,8,0,1,3584,3,4732137687
6642,135707560,10366,135717926,1,0,1,12288,17,1681939048
6643,135732180,43904,135776084,4,0,0,512,18,2750757359
6644,135754120,47600,135801720,4,0,0,2560,18,9721002938
6645,135774011,195561,135969572,6,0,0,50176,9,5077920178
6646,135783380,3645,135787025,1,0,1,10240,17,10317782409
6647,135797921,59132,135857053,6,0,0,5120,9,6223167148
6648,135843741,64216,135907957,6,0,0,3584,9,5723285560
6649,135844930,135337,135980267,8,0,0,512,3,5036907598
6650,135862920,65947,135928867,4,0,0,512,18,8439416365
6651,135902990,3422,135906412,0,0,1,3584,6,3567338734
6652,135909110,11274,135920384,8,0,1,18432,3,7742017066
6653,135976280,227017,136203297,1,0,0,56320,17,7038932699
6654,136005581,133120,136138701,6,0,0,5632,9,3395941355
6655,136032800,82820,136115620,8,0,0,12288,3,9499458877
6656,136068130,7230,136075360,8,0,1,7680,3,3572648615
6657,136084970,5326,136090296,8,0,1,5632,3,4313244317
6658,136110140,122989,136233129,1,0,0,54784,17,2869299554
6659,136122700,1518,136124218,8,0,1,1536,3,1122291326
6660,136224080,56329,136280409,4,0,0,1536,18,3370310623
6661,136314230,107432,136421662,5,0,0,52736,19,6716077218
6662,136365440,167342,136532782,1,0,0,117760,17,1516745634
6663,136436790,12995,136449785,1,0,1,25088,17,6402691816
6664,136437580,17031,136454611,1,0,1,7680,17,7389661884
6665,136445411,12426,136457837,5,0,1,5120,19,4449139474
6666,136461850,10499,136472349,1,0,1,16896,17,7611340278
6667,136493240,53054,136546294,5,0,0,3584,19,3750112091
6668,136499200,38441,136537641,2,0,1,5120,10,8214850222
6669,136511970,69809,136581779,4,0,0,2048,18,7051200423
6670,136536091,250637,136786728,6,0,0,71168,9,136130170
6671,136554990,240990,136795980,4,0,0,1536,18,8850542656
6672,136563980,201049,136765029,1,0,0,17920,17,831888749
6673,136569230,60824,136630054,8,0,0,5632,3,5236680752
6674,136602320,72925,136675245,1,0,0,512,17,9472615
6675,136626780,248286,136875066,5,0,0,81408,19,4751927439
6676,136648150,159581,136807731,1,0,0,10752,17,4894204025
6677,136699540,150707,136850247,1,0,0,69632,17,4082584292
6678,136709700,3898,136713598,4,0,1,4096,18,10717662736
6679,136772450,21517,136793967,4,0,1,7680,18,2907079850
6680,136782280,12993,136795273,1,0,1,2048,17,10133129379
6681,136793731,160569,136954300,6,0,0,90112,9,3546799307
6682,136810040,1994,136812034,4,0,1,2048,18,681232649
6683,136860120,117940,136978060,5,0,0,3584,19,42122720
6684,136866300,129323,136995623,1,0,0,10752,17,3178616469
6685,136893500,3387,136896887,4,0,1,9728,18,3758229932
6686,137027830,1518,137029348,3,0,1,1536,6,3604540190
6687,137029850,114212,137144062,8,0,0,50176,3,2754842838
6688,137037410,56533,137093943,8,0,0,5120,3,10386332339
6689,137091690,102752,137194442,8,0,0,37376,3,7724038514
6690,137209640,4679,137214319,8,0,1,12288,3,9061660830
6691,137229710,1042,137230752,6,0,1,1024,9,998130109
6692,137293900,47288,137341188,4,0,0,1536,18,6261375208
6693,137344270,141764,137486034,1,0,0,135168,17,743419386
6694,137379880,106496,137486376,4,0,0,1024,18,9414483974
6695,137412130,1994,137414124,6,0,1,2048,9,5725279144
6696,137438380,47669,137486049,9,0,1,19968,5,9140763465
6697,137478710,10128,137488838,8,0,1,2560,3,5239796061
6698,137575410,1042,137576452,8,0,1,1024,3,9777137027
6699,137577320,250740,137828060,1,0,0,14336,17,5881425201
6700,137587260,102752,137690012,1,0,0,37376,17,9676997145
6701,137605651,114229,137719880,6,0,0,19456,9,9066882317
6702,137607310,55748,137663058,4,0,0,4096,18,8509712078
6703,137610850,245144,137855994,1,0,0,44544,17,4530299272
6704,137630780,163398,137794178,8,0,0,35328,3,4763756793
6705,137664700,112745,137777445,8,0,0,46080,3,2284243124
6706,137679770,121911,137801681,5,0,0,24576,19,10727358355
6707,137691220,3898,137695118,8,0,1,4096,3,4153210523
6708,137757410,70821,137828231,4,0,0,512,18,3270932057
6709,137761741,101756,137863497,6,0,0,24576,9,3821850853
6710,137769130,9349,137778479,7,0,1,1024,6,4423956004
6711,137839030,56973,137896003,4,0,0,1024,18,5885248404
6712,137857220,9931,137867151,7,0,1,10240,6,2541742336
6713,137858470,9027,137867497,7,0,1,512,6,3648268437
6714,137940930,2470,137943400,8,0,1,2560,3,2081687292
6715,137941890,101036,138042926,8,0,0,31744,3,233247868
6716,137947600,54056,138001656,5,0,0,3584,19,341537102
6717,137976100,4374,137980474,8,0,1,4608,3,10203963687
6718,137999270,189402,138188672,8,0,0,151040,3,4506220189
6719,138039371,151500,138190871,6,0,0,7168,9,6291660485
6720,138072231,147047,138219278,6,0,0,93184,9,1703907558
6721,138081861,58935,138140796,6,0,0,2048,9,1610262225
6722,138202770,107758,138310528,9,0,1,147456,5,5894227593
6723,138206590,73841,138280431,8,0,0,6656,3,9414679569
6724,138244691,153557,138398248,6,0,0,12800,9,3119719
6725,138273270,209761,138483031,4,0,0,1024,18,5623193429
6726,138310690,129922,138440612,8,0,0,5120,3,10023026350
6727,138315960,2470,138318430,3,0,1,2560,6,5097678846
6728,138331210,4937,138336147,3,0,1,12800,6,2875324200
6729,138331461,251134,138582595,6,0,0,52736,9,2884273891
6730,138401240,81464,138482704,8,0,0,17920,3,2311315529
6731,138408430,158082,138566512,5,0,0,23552,19,4635152326
6732,138437280,3422,138440702,3,0,1,3584,6,2053115430
6733,138511750,93126,138604876,4,0,0,1024,18,7290550888
6734,138602630,59132,138661762,5,0,0,5120,19,10040687243
6735,138665240,1994,138667234,8,0,1,2048,3,9353363596
6736,138690450,566,138691016,8,0,1,512,3,1985473254
6737,138701960,45596,138747556,4,0,0,1024,18,10286148418
6738,138711230,3128,138714358,8,0,1,9216,3,8450518628
6739,138800570,2470,138803040,8,0,1,2560,3,4783282178
6740,138816770,43904,138860674,4,0,0,512,18,10251514787
6741,138840160,4850,138845010,8,0,1,5120,3,6338549325
6742,138907861,99788,139007649,6,0,0,27648,9,1130893175
6743,138994101,63132,139057233,6,0,0,6656,9,1092354199
6744,139008280,45596,139053876,4,0,0,1024,18,8902723584
6745,139015750,2870,139018620,8,0,1,8704,3,10620022617
6746,139025550,108992,139134542,5,0,0,57856,19,7392266207
6747,139097820,68018,139165838,4,0,0,2048,18,9838329354
6748,139100160,3898,139104058,0,0,1,4096,6,1759685057
6749,139100650,44711,139145361,4,0,0,512,18,10527810344
6750,139144990,2946,139147936,0,0,1,3072,6,10285085773
6751,139182321,123916,139306237,6,0,0,85504,9,1921861102
6752,139188821,167118,139355939,6,0,0,41984,9,7548704059
6753,139214331,113348,139327679,2,0,0,9728,10,482391719
6754,139307100,3387,139310487,8,0,1,9728,3,7636684395
6755,139350651,115520,139466171,6,0,0,61952,9,3435985749
6756,139353450,4500,139357950,8,0,1,2048,3,7237142441
6757,139418240,1042,139419282,0,0,1,1024,6,2718529753
6758,139429760,78015,139507775,8,0,0,9728,3,7473454931
6759,139490630,52364,139542994,8,0,0,3072,3,95860045
6760,139511330,6278,139517608,8,0,1,6656,3,2139403070
6761,139517510,2470,139519980,8,0,1,2560,3,2011438812
6762,139606711,138808,139745519,2,0,0,101376,10,3464630865
6763,139656900,88946,139745846,4,0,0,1024,18,2569956324
6764,139676960,87608,139764568,8,0,0,17920,3,1713044262
6765,139685341,81738,139767079,6,0,0,8192,9,4856858305
6766,139908251,122564,140030815,6,0,0,102400,9,7131623153
6767,139984790,110417,140095207,5,0,0,29184,19,9674843584
6768,140042780,5454,140048234,4,0,1,13824,18,1964757221
6769,140060841,81932,140142773,6,0,0,19456,9,2472262249
6770,140081360,69963,140151323,4,0,0,1024,18,1274604433
6771,140091530,90849,140182379,8,0,0,7168,3,3546125489
6772,140131530,69335,140200865,5,0,0,11264,19,7921633554
6773,140132670,43904,140176574,4,0,0,512,18,2643996301
6774,140243650,44060,140287710,4,0,0,1024,18,9224947899
6775,140264220,78368,140342588,5,0,0,12800,19,10134433638
6776,140276880,566,140277446,4,0,1,512,18,5837002278
6777,140392420,103688,140496108,5,0,0,40448,19,3189929307
6778,140517660,7230,140524890,8,0,1,7680,3,8700795707
6779,140532970,1042,140534012,3,0,1,1024,6,6154651644
6780,140540461,43904,140584365,6,0,0,512,9,1725830067
6781,140586100,49604,140635704,5,0,0,4096,19,9540671800
6782,140614700,86540,140701240,5,0,0,19456,19,3928044946
6783,140628721,74406,140703127,6,0,0,6144,9,2390821744
6784,140664660,1994,140666654,8,0,1,2048,3,9418176797
6785,140684640,1042,140685682,3,0,1,1024,6,3857683343
6786,140687681,104312,140791993,6,0,0,42496,9,1004727685
6787,140765740,43904,140809644,0,0,0,512,6,6197124092
6788,140805930,1042,140806972,3,0,1,1024,6,9355145299
6789,140849210,1042,140850252,0,0,1,1024,6,9156904996
6790,140864750,104624,140969374,5,0,0,43520,19,7412416842
6791,140885980,3128,140889108,8,0,1,9216,3,9486903137
6792,140961670,11135,140972805,3,0,1,3584,6,5356295814
6793,140965570,60037,141025607,5,0,0,5632,19,3693537852
6794,140984080,125809,141109889,5,0,0,54272,19,3562630650
6795,140995320,130180,141125500,4,0,0,512,18,2097179018
6796,141109210,1237,141110447,3,0,1,512,6,4042172907
6797,141120430,69152,141189582,5,0,0,12800,19,4282116335
6798,141162870,6754,141169624,3,0,1,7168,6,8973914981
6799,141196141,230937,141427078,6,0,0,24064,9,4144133473
6800,141201810,5196,141207006,3,0,1,13312,6,1183584908
6801,141218300,45596,141263896,4,0,0,1024,18,5483967237
6802,141241310,204013,141445323,5,0,0,55808,19,9465565753
6803,141324620,1042,141325662,8,0,1,1024,3,8991578660
6804,141335270,2470,141337740,3,0,1,2560,6,7385620298
6805,141340511,113251,141453762,6,0,0,27648,9,2871662109
6806,141418181,8912,141427093,5,0,1,3072,19,2213987588
6807,141442740,17292,141460032,3,0,1,6656,6,3652185616
6808,141472420,47288,141519708,4,0,0,1536,18,7928402859
6809,141504420,3128,141507548,8,0,1,9216,3,9031800004
6810,141513641,69497,141583138,6,0,0,3584,9,7347151485
6811,141529000,43904,141572904,4,0,0,512,18,274403108
6812,141589010,1994,141591004,8,0,1,2048,3,2683081579
6813,141607950,45596,141653546,4,0,0,1024,18,2767835129
6814,141731530,111800,141843330,5,0,0,67072,19,2762339159
6815,141791881,138857,141930738,6,0,0,54272,9,2758237918
6816,141925430,10150,141935580,8,0,1,5120,3,5698484248
6817,141947850,1042,141948892,8,0,1,1024,3,3305290551
6818,141960330,103383,142063713,5,0,0,38400,19,3753074908
6819,141972850,3904,141976754,8,0,1,10752,3,5272830999
6820,141973550,46529,142020079,4,0,0,512,18,524007339
6821,142160390,45596,142205986,4,0,0,1024,18,8217660311
6822,142178590,113360,142291950,5,0,0,72192,19,2980744191
6823,142180180,111941,142292121,4,0,0,512,18,8726177129
6824,142249230,1518,142250748,8,0,1,1536,3,3877131510
6825,142319140,124139,142443279,4,0,0,1024,18,3225534707
6826,142348081,114470,142462551,6,0,0,39424,9,2362239558
6827,142356200,5802,142362002,2,0,1,6144,10,434549436
6828,142361250,4420,142365670,8,0,1,11776,3,8755578241
6829,142366600,3387,142369987,8,0,1,9728,3,1166705039
6830,142403050,4162,142407212,2,0,1,11264,10,6448449090
6831,142605771,182106,142787877,6,0,0,43008,9,7183411276
6832,142674420,4374,142678794,6,0,1,4608,9,3170296851
6833,142868270,3422,142871692,6,0,1,3584,9,9153478631
6834,142881590,90392,142971982,5,0,0,22016,19,9156554604
6835,142951940,50672,143002612,5,0,0,2560,19,8167946635
6836,142985230,3422,142988652,2,0,1,3584,10,2145526127
6837,142991250,1994,142993244,1,0,1,2048,17,9225706734
6838,143050131,88208,143138339,6,0,0,14848,9,8081895329
6839,143093381,85974,143179355,6,0,0,1024,9,1394966245
6840,143119780,3387,143123167,2,0,1,9728,10,6450493636
6841,143195780,45596,143241376,4,0,0,1024,18,5521567331
6842,143204790,1042,143205832,6,0,1,1024,9,2409036935
6843,143224111,109304,143333415,6,0,0,58880,9,241206998
6844,143230850,43904,143274754,5,0,0,512,19,10537715886
6845,143261430,1042,143262472,8,0,1,1024,3,2704319095
6846,143267990,208369,143476359,5,0,0,65024,19,9491248444
6847,143272421,95972,143368393,6,0,0,4096,9,80872350
6848,143282320,4850,143287170,1,0,1,5120,17,5096008654
6849,143294420,7706,143302126,3,0,1,8192,6,9521339012
6850,143324100,82839,143406939,4,0,0,512,18,8652368801
6851,143380410,7230,143387640,8,0,1,7680,3,2058796051
6852,143408270,45596,143453866,4,0,0,1024,18,4065535520
6853,143409410,3422,143412832,1,0,1,3584,17,1286675604
6854,143416380,4420,143420800,8,0,1,11776,3,10245720495
6855,143469840,7077,143476917,6,0,1,512,9,3680176210
6856,143495821,146656,143642477,6,0,0,25088,9,3803109327
6857,143510920,3898,143514818,2,0,1,4096,10,1335743719
6858,143548530,7706,143556236,2,0,1,8192,10,6131169360
6859,143681001,107744,143788745,6,0,0,53760,9,4957736914
6860,143722270,2946,143725216,2,0,1,3072,10,3775892199
6861,143726480,4850,143731330,6,0,1,5120,9,8952990175
6862,143772370,18361,143790731,6,0,1,2048,9,4212582350
6863,143855580,100724,143956304,5,0,0,30720,19,502274813
6864,143943670,566,143944236,8,0,1,512,3,8696712573
6865,144006840,1994,144008834,6,0,1,2048,9,2737732463
6866,144017741,566,144018307,5,0,1,512,19,5898536576
6867,144027410,45596,144073006,4,0,0,1024,18,2671963413
6868,144080370,45908,144126278,4,0,0,2048,18,1723365310
6869,144115961,128696,144244657,6,0,0,121344,9,1313644822
6870,144134570,566,144135136,2,0,1,512,10,7322546749
6871,144147821,99962,144247783,6,0,0,5632,9,9322626790
6872,144162360,5802,144168162,2,0,1,6144,10,5619910003
6873,144189021,186462,144375483,6,0,0,53760,9,4421765732
6874,144199471,92240,144291711,6,0,0,23040,9,7032218913
6875,144245800,46082,144291882,4,0,0,512,18,5768535262
6876,144259660,52046,144311706,4,0,0,1024,18,4578780381
6877,144293731,159932,144453663,6,0,0,71168,9,8466873349
6878,144321040,133418,144454458,4,0,0,2560,18,1516566626
6879,144330200,98743,144428943,4,0,0,512,18,9047848138
6880,144343260,566,144343826,8,0,1,512,3,2984276941
6881,144413920,3904,144417824,2,0,1,10752,10,6316204494
6882,144423090,5868,144428958,2,0,1,14336,10,7231135393
6883,144465551,2470,144468021,5,0,1,2560,19,10570802647
6884,144494601,1042,144495643,5,0,1,1024,19,2288680799
6885,144519130,55748,144574878,4,0,0,4096,18,6584989258
6886,144528291,1042,144529333,5,0,1,1024,19,9943495797
6887,144552931,148715,144701646,5,0,0,3072,19,4348962587
6888,144623660,4374,144628034,8,0,1,4608,3,1021049062
6889,144624760,45949,144670709,4,0,0,1024,18,99038760
6890,144627450,43904,144671354,4,0,0,512,18,6258013532
6891,144648711,4374,144653085,5,0,1,4608,19,786429896
6892,144671190,1198,144672388,2,0,1,1024,10,8924438022
6893,144690220,1994,144692214,8,0,1,2048,3,4295057484
6894,144697480,1042,144698522,2,0,1,1024,10,2175107196
6895,144748501,1994,144750495,5,0,1,2048,19,5414420709
6896,144760910,3904,144764814,2,0,1,10752,10,368151313
6897,144788241,1042,144789283,5,0,1,1024,19,2600913040
6898,144867720,65429,144933149,9,0,1,110592,5,4652423165
6899,144880660,53475,144934135,8,0,1,1536,3,5284194648
6900,144881980,55701,144937681,8,0,1,5632,3,7348850017
6901,144890501,179364,145069865,6,0,0,80384,9,5203567399
6902,144911200,27147,144938347,2,0,1,1024,10,1316676278
6903,144915861,167522,145083383,5,0,0,7680,19,8044912048
6904,144937870,41908,144979778,9,0,1,68096,5,9299759716
6905,144945090,35994,144981084,8,0,1,2048,3,540472111
6906,144949630,34360,144983990,8,0,1,4608,3,9091975513
6907,144966121,144026,145110147,6,0,0,14336,9,1372548989
6908,144979780,6476,144986256,8,0,1,3584,3,6805928814
6909,145092280,4850,145097130,9,0,1,5120,5,3464060877
6910,145101810,1994,145103804,8,0,1,2048,3,8828586376
6911,145135541,110063,145245604,6,0,0,16896,9,2078750970
6912,145137751,1518,145139269,5,0,1,1536,19,6313173839
6913,145159240,1042,145160282,2,0,1,1024,10,114376917
6914,145176860,2946,145179806,8,0,1,3072,3,9830387686
6915,145208881,106784,145315665,2,0,0,8192,10,5625924505
6916,145260280,4374,145264654,0,0,1,4608,6,7997064807
6917,145344501,47756,145392257,6,0,0,3072,9,248456925
6918,145400910,12737,145413647,8,0,1,24576,3,2976118128
6919,145414000,5196,145419196,0,0,1,13312,6,3464136033
6920,145432081,77300,145509381,5,0,0,14336,19,3199415319
6921,145450030,13083,145463113,9,0,1,22016,5,10112731582
6922,145455520,8566,145464086,9,0,1,12800,5,773638629
6923,145463190,22174,145485364,9,0,1,36352,5,2370500880
6924,145480431,5919,145486350,5,0,1,1536,19,2897548038
6925,145480641,6055,145486696,5,0,1,512,19,10394279846
6926,145496340,2870,145499210,2,0,1,8704,10,8462867684
6927,145515681,243611,145759292,2,0,0,26624,10,17167464
6928,145538190,3422,145541612,8,0,1,3584,3,3477098459
6929,145704500,5802,145710302,2,0,1,6144,10,1412648315
6930,145782370,40616,145822986,9,0,1,65536,5,9767519192
6931,145799120,24430,145823550,8,0,1,10752,3,345628610
6932,145816890,8286,145825176,9,0,1,2560,5,7812465827
6933,145851260,1042,145852302,2,0,1,1024,10,1542018976
6934,145868480,31524,145900004,9,0,1,51200,5,6825865044
6935,145882020,66504,145948524,9,0,1,108544,5,5531257734
6936,145961910,3387,145965297,9,0,1,9728,5,1128873828
6937,146123730,1518,146125248,8,0,1,1536,3,6154081000
6938,146134911,7230,146142141,5,0,1,7680,19,4350770627
6939,146182380,7230,146189610,6,0,1,7680,9,9854487510
6940,146220651,56588,146277239,2,0,0,4096,10,5540915003
6941,146230500,5326,146235826,6,0,1,5632,9,6744688416
6942,146248500,1518,146250018,6,0,1,1536,9,2799025630
6943,146257991,6754,146264745,5,0,1,7168,19,2229338303
6944,146344920,72799,146417719,9,0,1,118272,5,783367721
6945,146355990,65275,146421265,8,0,1,5632,3,10449283842
6946,146370640,55451,146426091,8,0,1,7680,3,10250778115
6947,146370940,94559,146465499,4,0,0,512,18,9515880900
6948,146389360,38677,146428037,6,0,1,3072,9,2442856763
6949,146395381,337170,146732551,5,0,0,123904,19,8249569515
6950,146400631,32552,146433183,5,0,1,8192,19,1660688936
6951,146522680,3645,146526325,1,0,1,10240,17,3050796721
6952,146547860,53066,146600926,9,0,1,86528,5,6184537794
6953,146560601,175561,146736162,2,0,0,11776,10,3269209518
6954,146641360,6754,146648114,8,0,1,7168,3,7249552239
6955,146708380,32678,146741058,1,0,1,12800,17,3507474259
6956,146780600,2470,146783070,8,0,1,2560,3,9820341426
6957,146800330,6278,146806608,8,0,1,6656,3,9939477264
6958,146806981,139143,146946124,2,0,0,10752,10,8734372212
6959,146809211,111112,146920323,2,0,0,25600,10,1296827630
6960,146816770,3128,146819898,8,0,1,9216,3,8253847827
6961,146825570,1042,146826612,4,0,1,1024,18,5835461202
6962,146853171,566,146853737,5,0,1,512,19,2345469831
6963,146873970,16354,146890324,9,0,1,31744,5,1870923060
6964,146900810,2870,146903680,8,0,1,8704,3,4142523058
6965,146925801,116996,147042797,5,0,0,23552,19,7727056040
6966,146970850,24154,146995004,9,0,1,43520,5,7024124120
6967,147007970,6278,147014248,1,0,1,6656,17,10364631425
6968,147066190,60148,147126338,4,0,0,512,18,5525615319
6969,147070560,52364,147122924,4,0,0,3072,18,9697299503
6970,147071350,22174,147093524,9,0,1,36352,5,7826890666
6971,147074630,19662,147094292,7,0,1,11776,6,8221176064
6972,147079041,99311,147178352,5,0,0,13824,19,8646450355
6973,147098760,34279,147133039,9,0,1,59904,5,5104201304
6974,147105300,28085,147133385,6,0,1,512,9,621683875
6975,147110730,24281,147135011,6,0,1,2560,9,9092273979
6976,147167020,5454,147172474,9,0,1,13824,5,9742154050
6977,147182710,10757,147193467,1,0,1,17408,17,9546040847
6978,147202800,1994,147204794,6,0,1,2048,9,5785132744
6979,147213660,3898,147217558,1,0,1,4096,17,7047288998
6980,147256200,1042,147257242,8,0,1,1024,3,3851536202
6981,147260750,3128,147263878,6,0,1,9216,9,2881961592
6982,147263941,150458,147414399,2,0,0,68608,10,5354926414
6983,147285130,4374,147289504,8,0,1,4608,3,9530194070
6984,147289910,6229,147296139,7,0,1,15360,6,3370684078
6985,147307610,1042,147308652,1,0,1,1024,17,6716983204
6986,147311770,6278,147318048,1,0,1,6656,17,1624387600
6987,147313970,192481,147506451,4,0,0,512,18,3225823285
6988,147317641,188282,147505923,5,0,0,87040,19,10280400619
6989,147319980,1042,147321022,8,0,1,1024,3,1169090562
6990,147420760,4937,147425697,7,0,1,12800,6,9086879508
6991,147444720,61389,147506109,4,0,0,512,18,6098006322
6992,147446060,60220,147506280,4,0,0,512,18,4071701889
6993,147476690,29248,147505938,9,0,1,8704,5,2612539260
6994,147503800,4637,147508437,8,0,1,2048,3,625363586
6995,147508540,3898,147512438,6,0,1,4096,9,8981423076
6996,147522930,13770,147536700,9,0,1,26624,5,576226637
6997,147529811,150851,147680662,5,0,0,1024,19,8508643946
6998,147530630,8976,147539606,7,0,1,4608,6,5273536444
6999,147544140,3387,147547527,6,0,1,9728,9,4753072738
7000,147547051,101918,147648969,2,0,0,34304,10,174800085
7001,147571730,1518,147573248,8,0,1,1536,3,7274193258
7002,147604070,4937,147609007,8,0,1,12800,3,9105225337
7003,147670360,137854,147808214,9,0,1,228352,5,10668902986
7004,147675200,297353,147972553,8,0,0,38400,3,10676711240
7005,147741931,240636,147982567,5,0,0,32768,19,8582823738
7006,147765970,48760,147814730,8,0,1,23040,3,5243177023
7007,147775330,41026,147816356,7,0,1,2560,6,8989401609
7008,147789840,27502,147817342,6,0,1,1536,9,5014470422
7009,147798330,19780,147818110,8,0,1,11776,3,3539398019
7010,147799510,23746,147823256,4,0,1,8192,18,2018854995
7011,147811230,12372,147823602,4,0,1,512,18,2687356824
7012,147822931,167607,147990538,5,0,0,26112,19,1404800216
7013,147871160,14804,147885964,9,0,1,28672,5,8280535990
7014,147874090,116783,147990873,4,0,0,1024,18,6163038538
7015,147876280,11067,147887347,9,0,1,14848,5,1412755599
7016,147927530,566,147928096,6,0,1,512,9,3135822401
7017,147930540,202320,148132860,1,0,0,72704,17,9964425698
7018,147958870,13698,147972568,4,0,1,4096,18,1940057113
7019,147984840,19245,148004085,9,0,1,25600,5,2635897699
7020,148005850,1994,148007844,6,0,1,2048,9,4161585384
7021,148012080,5196,148017276,9,0,1,13312,5,2538809962
7022,148013881,271506,148285387,5,0,0,21504,19,315900666
7023,148014910,216493,148231403,1,0,0,28160,17,5542647017
7024,148039870,7706,148047576,8,0,1,8192,3,631963997
7025,148040710,11372,148052082,4,0,1,7168,18,4777534071
7026,148076550,56325,148132875,9,0,1,68096,5,5972786137
7027,148101400,31506,148132906,3,0,1,6656,6,8771568986
7028,148109680,23241,148132921,8,0,1,11776,3,2303289773
7029,148118571,242206,148360777,2,0,0,40960,10,7408342514
7030,148122550,12344,148134894,1,0,1,2048,17,4289324599
7031,148172670,3422,148176092,4,0,1,3584,18,9782833667
7032,148174451,59687,148234138,2,0,0,5120,10,5709506372
7033,148205620,5326,148210946,8,0,1,5632,3,7504613976
7034,148246390,5802,148252192,4,0,1,6144,18,4212642729
7035,148254911,137540,148392451,5,0,0,7680,19,3962585361
7036,148269800,3898,148273698,6,0,1,4096,9,7477419839
7037,148271820,2544,148274364,8,0,1,1024,3,6241875184
7038,148285550,7230,148292780,1,0,1,7680,17,755728701
7039,148298340,324019,148622359,1,0,0,127488,17,5861695392
7040,148304940,4374,148309314,7,0,1,4608,6,7678597904
7041,148346141,317756,148663897,5,0,0,35840,19,1139840583
7042,148347780,13020,148360800,7,0,1,2048,6,7649090839
7043,148349231,277199,148626430,2,0,0,13312,10,3810384181
7044,148350630,12659,148363289,1,0,1,2560,17,7571799279
7045,148359520,5395,148364915,7,0,1,2560,6,7252845179
7046,148383800,2946,148386746,2,0,1,3072,10,6184567804
7047,148456120,1042,148457162,3,0,1,1024,6,4164491610
7048,148485260,2946,148488206,6,0,1,3072,9,189236792
7049,148538890,2870,148541760,8,0,1,8704,3,1199856873
7050,148546910,88101,148635011,4,0,0,512,18,7236552695
7051,148550220,4850,148555070,1,0,1,5120,17,2269163448
7052,148576530,1994,148578524,2,0,1,2048,10,1054856852
7053,148598440,30928,148629368,7,0,1,3072,6,7730980220
7054,148638760,144570,148783330,1,0,0,512,17,1801246952
7055,148675210,101660,148776870,1,0,0,33792,17,7014340359
7056,148682431,152171,148834602,5,0,0,61952,19,5631872234
7057,148726480,52577,148779057,4,0,0,1024,18,10673042402
7058,148781790,71468,148853258,1,0,0,15360,17,4095935984
7059,148832580,73638,148906218,1,0,0,15872,17,10519626315
7060,148838520,1994,148840514,4,0,1,2048,18,5539531098
7061,148841921,88137,148930058,5,0,0,2560,19,7763306914
7062,148845731,64602,148910333,2,0,0,8192,10,2574071835
7063,148857220,1042,148858262,2,0,1,1024,10,10249339265
7064,148870851,204852,149075703,2,0,0,85504,10,9800573615
7065,148872840,6278,148879118,4,0,1,6656,18,4863920971
7066,148900991,180819,149081810,2,0,0,19968,10,3865690013
7067,148905280,2448,148907728,7,0,1,1536,6,10326291363
7068,148908280,86089,148994369,5,0,0,3584,19,5997005502
7069,148912150,1518,148913668,2,0,1,1536,10,7306699886
7070,148937991,1042,148939033,5,0,1,1024,19,1241133292
7071,148951571,1042,148952613,5,0,1,1024,19,4368991831
7072,148989621,103187,149092808,5,0,0,35328,19,6488611573
7073,149001300,4850,149006150,7,0,1,5120,6,2982556252
7074,149010990,126182,149137172,1,0,0,13312,17,1546165491
7075,149024801,1518,149026319,5,0,1,1536,19,8004514511
7076,149041310,2946,149044256,1,0,1,3072,17,7787702108
7077,149057421,100277,149157698,2,0,0,10240,10,5964660990
7078,149065570,116020,149181590,1,0,0,27648,17,4759493481
7079,149078321,14510,149092831,5,0,1,3584,19,5649669777
7080,149079460,13386,149092846,2,0,1,2048,10,3836343635
7081,149083000,117088,149200088,4,0,0,1536,18,4178798482
7082,149121810,74894,149196704,4,0,0,512,18,7085429499
7083,149135600,101807,149237407,4,0,0,1024,18,10546161979
7084,149137950,1042,149138992,4,0,1,1024,18,10331640854
7085,149184060,1042,149185102,7,0,1,1024,6,2379644338
7086,149190200,3645,149193845,1,0,1,10240,17,8567172689
7087,149208240,118431,149326671,1,0,0,56832,17,3232021666
7088,149217991,62516,149280507,5,0,0,6144,19,6912112777
7089,149234390,1994,149236384,7,0,1,2048,6,4746009839
7090,149306440,47491,149353931,4,0,0,1536,18,3096797772
7091,149320471,129692,149450163,2,0,0,105472,10,1619326343
7092,149372220,91191,149463411,4,0,0,512,18,6593962662
7093,149376590,2470,149379060,7,0,1,2560,6,5681821453
7094,149392400,2946,149395346,2,0,1,3072,10,4036084088
7095,149404191,132288,149536479,5,0,0,89088,19,6348581339
7096,149431600,19138,149450738,3,0,1,512,6,1941702792
7097,149446830,48946,149495776,1,0,0,1024,17,7451439273
7098,149486840,566,149487406,1,0,1,512,17,4445104148
7099,149518570,178546,149697116,1,0,0,22528,17,3724188843
7100,149540140,3645,149543785,2,0,1,10240,10,8070459986
7101,149548341,566,149548907,5,0,1,512,19,957004441
7102,149557470,4162,149561632,1,0,1,11264,17,5299885000
7103,149571840,3387,149575227,4,0,1,9728,18,7991847123
7104,149581750,1518,149583268,4,0,1,1536,18,6881911940
7105,149625140,45596,149670736,4,0,0,1024,18,6977958654
7106,149684690,12449,149697139,6,0,1,7168,9,7387172881
7107,149691170,10617,149701787,7,0,1,12288,6,4209463034
7108,149702730,168761,149871491,1,0,0,22016,17,7168985053
7109,149714590,2470,149717060,2,0,1,2560,10,4798383032
7110,149716300,1746,149718046,2,0,1,1536,10,32202065
7111,149736680,3422,149740102,6,0,1,3584,9,6015646182
7112,149739710,4420,149744130,1,0,1,11776,17,6896394022
7113,149768120,62516,149830636,1,0,0,6144,17,10721213119
7114,149769420,6278,149775698,2,0,1,6656,10,10240958490
7115,149801400,4374,149805774,6,0,1,4608,9,3302304977
7116,149803391,239286,150042677,5,0,0,169984,19,617425337
7117,149839621,85390,149925011,2,0,0,11776,10,5847580796
7118,149853360,3898,149857258,8,0,1,4096,3,6263279487
7119,149855260,3304,149858564,6,0,1,2048,9,2301157154
7120,149883610,3904,149887514,2,0,1,10752,10,15648310
7121,149972930,1042,149973972,2,0,1,1024,10,6346039079
7122,149977510,2470,149979980,6,0,1,2560,9,8663474608
7123,149983110,566,149983676,2,0,1,512,10,6826986772
7124,150200751,104312,150305063,2,0,0,42496,10,9848042273
7125,150243910,92053,150335963,4,0,0,512,18,9141708899
7126,150250781,104936,150355717,5,0,0,44544,19,1054713209
7127,150308280,5326,150313606,3,0,1,5632,6,1081844125
7128,150324950,4850,150329800,7,0,1,5120,6,1762157850
7129,150335170,98199,150433369,1,0,0,14848,17,6807609215
7130,150353320,147694,150501014,4,0,0,1024,18,179157223
7131,150387320,4374,150391694,3,0,1,4608,6,1666272671
7132,150444411,71441,150515852,2,0,0,5632,10,420077986
7133,150453070,7230,150460300,7,0,1,7680,6,2447517782
7134,150462120,5802,150467922,6,0,1,6144,9,10394080767
7135,150500390,155942,150656332,4,0,0,1536,18,3130190098
7136,150516200,112580,150628780,1,0,0,69632,17,5020311984
7137,150612410,94844,150707254,5,0,0,11264,19,4477772009
7138,150617260,15435,150632695,3,0,1,4096,6,329058465
7139,150630030,4291,150634321,1,0,1,2560,17,10655943053
7140,150649570,1518,150651088,1,0,1,1536,17,6012341387
7141,150652740,151255,150803995,5,0,0,2048,19,9124940184
7142,150668680,137685,150806365,4,0,0,1024,18,10309036105
7143,150674690,7706,150682396,3,0,1,8192,6,4298659963
7144,150698930,1042,150699972,7,0,1,1024,6,1877585716
7145,150711280,1994,150713274,7,0,1,2048,6,3321416285
7146,150728810,343742,151072552,5,0,0,242688,19,8329888870
7147,150744910,5712,150750622,9,0,1,14336,5,3214281166
7148,150753170,245423,150998593,1,0,0,90112,17,5086345761
7149,150767241,170851,150938092,9,0,0,512,5,141259625
7150,150775720,6278,150781998,2,0,1,6656,10,8442245586
7151,150864840,5802,150870642,3,0,1,6144,6,6293757968
7152,150867490,4138,150871628,1,0,1,1536,17,7647426202
7153,150884680,11791,150896471,0,0,1,19456,6,9615892627
7154,150899730,5802,150905532,2,0,1,6144,10,9685112595
7155,150936531,207872,151144403,2,0,0,29696,10,2622536004
7156,150938580,2946,150941526,1,0,1,3072,17,9816626337
7157,150947990,21141,150969131,9,0,1,34304,5,8412007044
7158,150998640,79425,151078065,0,0,1,13824,6,7159463931
7159,151024070,56261,151080331,0,0,1,3584,6,2880879972
7160,151025590,55407,151080997,2,0,1,1024,10,4375617293
7161,151039571,154290,151193861,5,0,0,54784,19,3713514213
7162,151086650,566,151087216,0,0,1,512,6,632874178
7163,151093180,51238,151144418,9,0,1,70656,5,9170366158
7164,151146000,4850,151150850,7,0,1,5120,6,8030420747
7165,151154720,13253,151167973,7,0,1,25600,6,5155318424
7166,151187890,16979,151204869,0,0,1,17920,6,1867550785
7167,151208890,1518,151210408,2,0,1,1536,10,4608674966
7168,151212040,566,151212606,2,0,1,512,10,4320225194
7169,151230431,159764,151390195,2,0,0,7168,10,10197157305
7170,151290821,155327,151446148,2,0,0,3072,10,5233894368
7171,151306620,2470,151309090,1,0,1,2560,17,8085017299
7172,151311160,4374,151315534,3,0,1,4608,6,1294403377
7173,151338200,3128,151341328,7,0,1,9216,6,5394385713
7174,151338860,126923,151465783,1,0,0,46592,17,5871520326
7175,151358770,6278,151365048,9,0,1,6656,5,7876263391
7176,151363850,5326,151369176,0,0,1,5632,6,9352735705
7177,151378640,110879,151489519,1,0,0,16384,17,8804828604
7178,151391770,1518,151393288,1,0,1,1536,17,793350657
7179,151398230,4374,151402604,0,0,1,4608,6,9720329193
7180,151409171,272870,151682041,2,0,0,218624,10,8495235315
7181,151424880,6278,151431158,7,0,1,6656,6,1860008049
7182,151435740,3387,151439127,0,0,1,9728,6,9658144697
7183,151456060,228960,151685020,1,0,0,9728,17,7365980042
7184,151503530,5971,151509501,0,0,1,14848,6,8875863291
7185,151509260,1994,151511254,4,0,1,2048,18,1568051931
7186,151522980,7230,151530210,2,0,1,7680,10,4409191563
7187,151531591,170737,151702328,2,0,0,53248,10,9941962426
7188,151541850,405805,151947655,1,0,0,72192,17,3836177399
7189,151552260,5326,151557586,4,0,1,5632,18,1801827918
7190,151554440,3492,151557932,7,0,1,512,6,4857331785
7191,151574490,4850,151579340,4,0,1,5120,18,5681549388
7192,151610450,3898,151614348,4,0,1,4096,18,10575194072
7193,151643610,65831,151709441,9,0,1,44032,5,132765613
7194,151674820,35185,151710005,2,0,1,10752,10,4323446324
7195,151697590,13721,151711311,1,0,1,2048,17,8269370855
7196,151722311,203318,151925629,5,0,0,134656,19,6956815347
7197,151772810,1518,151774328,4,0,1,1536,18,9379989197
7198,151817510,144927,151962437,1,0,0,23040,17,7442569827
7199,151830740,566,151831306,0,0,1,512,6,10427130674
7200,151835300,152685,151987985,4,0,0,1024,18,5107299887
7201,151847870,125649,151973519,5,0,0,35328,19,547892137
7202,151881420,44224,151925644,2,0,1,4096,10,51233469
7203,151889030,59275,151948305,4,0,1,512,18,3677494157
7204,151893280,57085,151950365,1,0,1,2560,17,9439196679
7205,151902990,48681,151951671,1,0,1,2048,17,9783001596
7206,151914961,76665,151991626,2,0,0,512,10,2661386905
7207,151940290,102626,152042916,4,0,0,2560,18,4616111718
7208,151956860,16674,151973534,9,0,1,11264,5,10340430120
7209,151985741,226309,152212050,2,0,0,82944,10,8779115425
7210,152003430,171224,152174654,1,0,0,74752,17,3490917722
7211,152006481,217619,152224100,2,0,0,39424,10,5439287877
7212,152009670,6278,152015948,8,0,1,6656,3,3281489731
7213,152020751,110168,152130919,2,0,0,4096,10,7099939316
7214,152032710,2946,152035656,4,0,1,3072,18,9172704368
7215,152095080,130455,152225535,4,0,0,4608,18,2568546092
7216,152106230,6229,152112459,1,0,1,15360,17,9889361810
7217,152146810,1042,152147852,2,0,1,1024,10,4448065685
7218,152183240,28833,152212073,9,0,1,29184,5,9564564372
7219,152184840,153722,152338562,9,0,1,189440,5,8494370005
7220,152216300,138634,152354934,9,0,1,61952,5,5677425224
7221,152222010,134870,152356880,2,0,1,3072,10,2037754187
7222,152235120,122106,152357226,0,0,1,512,6,8160116210
7223,152235490,124322,152359812,0,0,1,4096,6,4876330545
7224,152269340,90818,152360158,0,0,1,512,6,367167728
7225,152289300,71844,152361144,1,0,1,1536,17,5962982492
7226,152316710,45420,152362130,4,0,1,1536,18,5692543091
7227,152317470,61135,152378605,9,0,1,62464,5,9153038544
7228,152319440,59511,152378951,2,0,1,512,10,5251094812
7229,152328350,52227,152380577,7,0,1,2560,6,1691305905
7230,152386660,320110,152706770,1,0,0,24576,17,4516886345
7231,152433570,102487,152536057,5,0,0,27648,19,9548151202
7232,152463780,4374,152468154,4,0,1,4608,18,2352719302
7233,152468720,4374,152473094,7,0,1,4608,6,5056574309
7234,152479580,316723,152796303,1,0,0,27648,17,2753195852
7235,152497010,3904,152500914,9,0,1,10752,5,1567631345
7236,152510970,3898,152514868,1,0,1,4096,17,2157674375
7237,152513530,141610,152655140,5,0,0,27648,19,2825812302
7238,152541640,134636,152676276,1,0,0,16384,17,7312363194
7239,152547050,159891,152706941,4,0,0,512,18,10158589759
7240,152551220,4374,152555594,1,0,1,4608,17,9043012984
7241,152600370,3898,152604268,4,0,1,4096,18,5595564387
7242,152665860,2946,152668806,4,0,1,3072,18,773232489
7243,152672830,8288,152681118,1,0,1,5120,17,6689929800
7244,152698320,125067,152823387,1,0,0,16384,17,10564454499
7245,152705180,55207,152760387,4,0,0,512,18,3124564331
7246,152723200,3422,152726622,4,0,1,3584,18,3949689416
7247,152813600,9802,152823402,4,0,1,14336,18,9428484793
7248,152893620,12049,152905669,9,0,1,19968,5,1645462287
7249,152898350,85743,152984093,1,0,0,6144,17,2431972886
7250,152899440,8495,152907935,4,0,1,3584,18,3383363390
7251,152910910,47288,152958198,4,0,0,1536,18,5159928676
7252,152920450,13253,152933703,9,0,1,25600,5,9012940196
7253,152938170,5712,152943882,1,0,1,14336,17,4662939422
7254,152940290,186333,153126623,1,0,0,81408,17,8101345785
7255,152958230,2946,152961176,1,0,1,3072,17,731813769
7256,152967090,4937,152972027,1,0,1,12800,17,3366595262
7257,152982010,2098,152984108,1,0,1,512,17,10473252549
7258,153025680,4850,153030530,1,0,1,5120,17,3386245222
7259,153037830,566,153038396,4,0,1,512,18,8914509113
7260,153065400,219280,153284680,5,0,0,63488,19,8898593075
7261,153173630,158850,153332480,5,0,0,40960,19,530393654
7262,153182740,4850,153187590,4,0,1,5120,18,8284171356
7263,153226570,175235,153401805,1,0,0,40448,17,3619438350
7264,153245140,566,153245706,4,0,1,512,18,10267497402
7265,153249630,35065,153284695,9,0,1,37888,5,9832661760
7266,153257610,208652,153466262,3,0,0,64512,6,8782501767
7267,153300580,2470,153303050,1,0,1,2560,17,3855519668
7268,153330110,3404,153333514,4,0,1,1024,18,9554933212
7269,153337880,6754,153344634,4,0,1,7168,18,4436593525
7270,153340550,5971,153346521,9,0,1,14848,5,9029964645
7271,153353520,3422,153356942,4,0,1,3584,18,2112511093
7272,153376560,101350,153477910,1,0,0,29696,17,4424448030
7273,153427000,5326,153432326,4,0,1,5632,18,6130088372
7274,153447140,19680,153466820,1,0,1,512,17,2065667805
7275,153473190,7857,153481047,4,0,1,9216,18,9952098199
7276,153476930,83553,153560483,1,0,0,21504,17,9276943398
7277,153504800,566,153505366,7,0,1,512,6,1737077602
7278,153524670,105343,153630013,5,0,0,41472,19,7207258561
7279,153531760,106801,153638561,5,0,0,1536,19,6392000935
7280,153583840,60964,153644804,5,0,0,2560,19,6251110112
7281,153617910,16035,153633945,4,0,1,4096,18,9463720392
7282,153619930,121120,153741050,5,0,0,64512,19,6390697169
7283,153620810,14121,153634931,1,0,1,1536,17,5518713968
7284,153693960,90414,153784374,0,0,0,2048,6,2015732608
7285,153734130,7478,153741608,7,0,1,512,6,5240477040
7286,153744500,5454,153749954,7,0,1,13824,6,10661778277
7287,153774550,150237,153924787,1,0,0,94208,17,9494651905
7288,153813100,138651,153951751,5,0,0,46592,19,5930547149
7289,153882640,5326,153887966,1,0,1,5632,17,5474658837
7290,153882780,90962,153973742,4,0,0,512,18,4022741777
7291,153939520,18025,153957545,4,0,1,6144,18,8027165338
7292,153953930,5241,153959171,7,0,1,2560,6,7469560091
7293,153961080,2946,153964026,4,0,1,3072,18,6627631038
7294,153988380,3422,153991802,7,0,1,3584,6,4752583187
7295,154004790,108836,154113626,8,0,0,57344,3,3318950856
7296,154018950,4850,154023800,4,0,1,5120,18,2894377270
7297,154021770,45880,154067650,5,0,0,1024,19,720041870
7298,154127600,1994,154129594,7,0,1,2048,6,7286505236
7299,154165490,3898,154169388,2,0,1,4096,10,4969242393
7300,154194090,5326,154199416,2,0,1,5632,10,559870824
7301,154194470,127605,154322075,4,0,0,1536,18,1258445082
7302,154280540,208250,154488790,1,0,0,155648,17,3125230681
7303,154296380,4374,154300754,2,0,1,4608,10,2502899003
7304,154328690,100598,154429288,1,0,0,4608,17,305745480
7305,154374760,3422,154378182,7,0,1,3584,6,1304546895
7306,154395190,3645,154398835,2,0,1,10240,10,9528290019
7307,154399940,4420,154404360,4,0,1,11776,18,1121576457
7308,154401440,6987,154408427,1,0,1,5120,17,1518999003
7309,154427450,3904,154431354,1,0,1,10752,17,5040872291
7310,154431151,58130,154489281,5,0,0,1536,19,10574749305
7311,154471640,20753,154492393,2,0,1,9216,10,9788849867
7312,154476650,20273,154496923,2,0,1,5120,10,9191495947
7313,154493190,4079,154497269,7,0,1,512,6,4593725986
7314,154510010,3898,154513908,1,0,1,4096,17,2814675552
7315,154539641,46355,154585996,5,0,0,1024,19,7776576685
7316,154540680,62510,154603190,4,0,0,512,18,760170980
7317,154596750,3422,154600172,7,0,1,3584,6,8000661562
7318,154625350,2470,154627820,7,0,1,2560,6,7510502784
7319,154633850,3422,154637272,2,0,1,3584,10,7709931906
7320,154647790,2870,154650660,0,0,1,8704,6,8537526600
7321,154686450,2470,154688920,4,0,1,2560,18,7646435190
7322,154699550,1994,154701544,4,0,1,2048,18,563315379
7323,154737620,6754,154744374,4,0,1,7168,18,170492272
7324,154741020,4340,154745360,4,0,1,1536,18,7456236945
7325,154743500,95024,154838524,1,0,0,27136,17,1647376840
7326,154759630,1042,154760672,7,0,1,1024,6,6122939075
7327,154773150,100732,154873882,1,0,0,26112,17,6466628083
7328,154832820,7690,154840510,2,0,1,2048,10,1749829079
7329,154838980,65041,154904021,1,0,0,8704,17,3956350267
7330,154842970,10241,154853211,7,0,1,16384,6,6264877078
7331,154851861,3616,154855477,5,0,1,3584,19,6241602210
7332,154852730,4434,154857164,1,0,1,11264,17,4415323999
7333,154867390,57517,154924907,5,0,0,512,19,7387835907
7334,154923540,97627,155021167,5,0,0,1024,19,9328891819
7335,154949760,3422,154953182,4,0,1,3584,18,9891755461
7336,154959670,566,154960236,4,0,1,512,18,6045310338
7337,154961690,566,154962256,2,0,1,512,10,1206819974
7338,154968250,3128,154971378,2,0,1,9216,10,901793215
7339,154969480,57796,155027276,1,0,0,1024,17,303423046
7340,154976680,4420,154981100,1,0,1,11776,17,7690233031
7341,154993580,3128,154996708,2,0,1,9216,10,4223078376
7342,155058540,1518,155060058,2,0,1,1536,10,3309316950
7343,155172550,1994,155174544,1,0,1,2048,17,2132264417
7344,155237870,50698,155288568,5,0,0,512,19,10056037832
7345,155335981,45596,155381577,5,0,0,1024,19,7310044277
7346,155343350,4850,155348200,1,0,1,5120,17,2190890284
7347,155391940,4374,155396314,7,0,1,4608,6,5257682812
7348,155394381,64721,155459102,5,0,0,512,19,7544230350
7349,155414850,3422,155418272,7,0,1,3584,6,4894151014
7350,155534261,65383,155599644,5,0,0,512,19,1088371406
7351,155554630,74360,155628990,1,0,0,9728,17,6398889698
7352,155555420,1042,155556462,1,0,1,1024,17,3839945140
7353,155589980,77516,155667496,1,0,0,7168,17,2333166713
7354,155600060,98228,155698288,1,0,0,22528,17,4272762683
7355,155736440,57440,155793880,1,0,0,4608,17,9011798562
7356,155832350,3898,155836248,1,0,1,4096,17,2720533987
7357,155887480,3422,155890902,1,0,1,3584,17,4824482954
7358,155944080,69776,156013856,1,0,0,14848,17,4513763375
7359,156015040,103064,156118104,1,0,0,38400,17,7518696358
7360,156080660,100880,156181540,1,0,0,31232,17,2419736455
7361,156287971,1994,156289965,5,0,1,2048,19,4319674353
7362,156344200,98072,156442272,1,0,0,22016,17,9567921084
7363,156394851,3904,156398755,5,0,1,10752,19,9290726706
7364,156411251,43904,156455155,5,0,0,512,19,9046135212
7365,156434190,8097,156442287,1,0,1,12288,17,5640245111
7366,156448791,5196,156453987,5,0,1,13312,19,2833156642
7367,156503110,2470,156505580,1,0,1,2560,17,5820503043
7368,156523320,2470,156525790,7,0,1,2560,6,8481556207
7369,156528271,43904,156572175,5,0,0,512,19,4546763375
7370,156559911,282710,156842621,5,0,0,5120,19,10030466449
7371,156614181,43904,156658085,5,0,0,512,19,1773213281
7372,156614780,1994,156616774,1,0,1,2048,17,9979826725
7373,156628791,52832,156681623,5,0,0,1024,19,8266610033
7374,156658550,2946,156661496,1,0,1,3072,17,3829102512
7375,156669450,2470,156671920,7,0,1,2560,6,5684950671
7376,156731060,6754,156737814,7,0,1,7168,6,302977277
7377,156753560,43904,156797464,1,0,0,512,17,9397285162
7378,156786510,4850,156791360,7,0,1,5120,6,5903766922
7379,156842190,3369,156845559,7,0,1,3072,6,4767699854
7380,156911690,82658,156994348,1,0,0,19968,17,4340953229
7381,156930690,5802,156936492,7,0,1,6144,6,532541793
7382,156964500,3898,156968398,1,0,1,4096,17,6581982888
7383,157003980,4679,157008659,7,0,1,12288,6,7839352754
7384,157171541,58084,157229625,5,0,0,512,19,4355164842
7385,157178280,97136,157275416,1,0,0,18944,17,2818891228
7386,157183981,1518,157185499,5,0,1,1536,19,1975477624
7387,157186270,7706,157193976,1,0,1,8192,17,9257149847
7388,157196850,152084,157348934,1,0,0,32256,17,5192559312
7389,157260800,88305,157349105,1,0,0,512,17,3714073333
7390,157267450,89848,157357298,1,0,0,14336,17,4699195638
7391,157321420,98696,157420116,1,0,0,24064,17,8981429133
7392,157344410,12903,157357313,1,0,1,6656,17,2708680619
7393,157360831,4937,157365768,5,0,1,12800,19,7602263796
7394,157370800,100472,157471272,1,0,0,13312,17,8967737849
7395,157414791,140324,157555115,5,0,0,512,19,2762537910
7396,157426600,111956,157538556,1,0,0,67584,17,7301882976
7397,157453770,1518,157455288,7,0,1,1536,6,2659716621
7398,157477410,1042,157478452,8,0,1,1024,3,9436828515
7399,157562550,64208,157626758,1,0,0,6656,17,2927019760
7400,157626961,2946,157629907,5,0,1,3072,19,7303008090
7401,157637190,1042,157638232,1,0,1,1024,17,4860883301
7402,157724571,52207,157776778,5,0,0,512,19,9809550440
7403,157754700,566,157755266,1,0,1,512,17,6873061325
7404,157816590,40616,157857206,9,0,1,65536,5,2132941678
7405,157847020,15371,157862391,9,0,1,24576,5,3659764751
7406,157938650,6278,157944928,7,0,1,6656,6,9967381157
7407,158015531,45596,158061127,5,0,0,1024,19,10660769858
7408,158065601,45596,158111197,5,0,0,1024,19,10457665182
7409,158121970,2870,158124840,0,0,1,8704,6,1676422597
7410,158137420,566,158137986,1,0,1,512,17,6201492652
7411,158203900,7706,158211606,0,0,1,8192,6,7781349019
7412,158269710,1042,158270752,1,0,1,1024,17,8259064696
7413,158302820,1042,158303862,0,0,1,1024,6,6368817927
7414,158309090,196303,158505393,1,0,0,61440,17,4602171225
7415,158340890,1518,158342408,7,0,1,1536,6,9404812120
7416,158357490,2470,158359960,7,0,1,2560,6,5772313393
7417,158507980,3898,158511878,7,0,1,4096,6,3458433359
7418,158543910,64395,158608305,9,0,1,108544,5,2356337721
7419,158577051,98432,158675483,5,0,0,2048,19,8357217409
7420,158582491,90714,158673205,5,0,0,512,19,10618254334
7421,158598190,11395,158609585,4,0,1,14336,18,7962761262
7422,158629301,149566,158778867,5,0,0,3072,19,8272865161
7423,158663370,141687,158805057,1,0,0,12288,17,6253635069
7424,158691800,5326,158697126,4,0,1,5632,18,106499707
7425,158738101,43904,158782005,5,0,0,512,19,8376759242
7426,158741160,1518,158742678,4,0,1,1536,18,8604850616
7427,158795110,50051,158845161,5,0,0,512,19,9333483529
7428,158801470,7477,158808947,4,0,1,4096,18,5234937745
7429,158841670,43904,158885574,5,0,0,512,19,2418811818
7430,158922650,2946,158925596,7,0,1,3072,6,3322991590
7431,158940450,2470,158942920,4,0,1,2560,18,2353703675
7432,158972070,2946,158975016,0,0,1,3072,6,8282410083
7433,158996140,1518,158997658,0,0,1,1536,6,1026901008
7434,158998950,5196,159004146,4,0,1,13312,18,3576732299
7435,159003570,3422,159006992,6,0,1,3584,9,9816239870
7436,159017560,4374,159021934,6,0,1,4608,9,7428032277
7437,159051070,7230,159058300,6,0,1,7680,9,6676216119
7438,159057351,45409,159102760,5,0,0,512,19,10667660886
7439,159098360,33850,159132210,9,0,1,55808,5,8731077918
7440,159109320,41930,159151250,9,0,1,62976,5,3028759681
7441,159120450,31466,159151916,0,0,1,1024,6,5531005436
7442,159141320,14782,159156102,9,0,1,6656,5,359504028
7443,159148190,8578,159156768,6,0,1,1024,9,2458140603
7444,159151150,8524,159159674,6,0,1,4608,9,5489093250
7445,159179000,1994,159180994,0,0,1,2048,6,4987590926
7446,159273160,11533,159284693,9,0,1,18944,5,6394442480
7447,159319860,12308,159332168,6,0,1,20480,9,891691125
7448,159365120,55748,159420868,1,0,0,4096,17,4361146815
7449,159374110,2470,159376580,7,0,1,2560,6,6059666588
7450,159392371,129902,159522273,5,0,0,1536,19,2385883773
7451,159440910,5802,159446712,0,0,1,6144,6,4387899676
7452,159563750,5326,159569076,7,0,1,5632,6,4303034501
7453,159581390,52033,159633423,9,0,1,84480,5,4936026245
7454,159582461,144174,159726635,5,0,0,512,19,8629243532
7455,159632200,1569,159633769,0,0,1,512,6,2635818168
7456,159743491,43904,159787395,5,0,0,512,19,1711178644
7457,159747330,5196,159752526,7,0,1,13312,6,5299747382
7458,159775280,54012,159829292,9,0,1,91648,5,3342712797
7459,159857760,3898,159861658,7,0,1,4096,6,5919926624
7460,159886600,13512,159900112,6,0,1,26112,9,2502017348
7461,159903770,4420,159908190,7,0,1,11776,6,729931248
7462,159950200,232548,160182748,1,0,0,69120,17,9267543911
7463,160009280,4374,160013654,6,0,1,4608,9,9745780921
7464,160015840,1518,160017358,1,0,1,1536,17,8698079201
7465,160050070,51516,160101586,9,0,1,83456,5,2721233280
7466,160084740,98023,160182763,9,0,1,135168,5,4005146692
7467,160126980,55798,160182778,9,0,1,17408,5,1132329281
7468,160127840,54953,160182793,7,0,1,18944,6,10400558236
7469,160138980,43828,160182808,7,0,1,4096,6,5326436415
7470,160276070,1042,160277112,6,0,1,1024,9,8788407878
7471,160300300,566,160300866,6,0,1,512,9,8937471771
7472,160332020,3422,160335442,6,0,1,3584,9,7465940930
7473,160351031,566,160351597,5,0,1,512,19,4074012533
7474,160415400,116636,160532036,1,0,0,82944,17,4544829917
7475,160438480,1518,160439998,7,0,1,1536,6,10720352475
7476,160453690,154336,160608026,1,0,0,99328,17,8716106599
7477,160495250,36801,160532051,9,0,1,36864,5,6655073198
7478,160517940,18477,160536417,7,0,1,4608,6,10737088386
7479,160558181,50172,160608353,5,0,0,1024,19,7385627447
7480,160679260,23725,160702985,9,0,1,39424,5,4574564968
7481,160694680,99017,160793697,1,0,0,19968,17,3898316869
7482,160695420,115305,160810725,1,0,0,15360,17,6168130702
7483,160741460,96579,160838039,9,0,1,161280,5,4470310499
7484,160773900,75890,160849790,9,0,1,48128,5,5547071167
7485,160843970,15321,160859291,9,0,1,29696,5,9728583057
7486,160946000,5712,160951712,9,0,1,14336,5,4635215545
7487,160979421,43904,161023325,5,0,0,512,19,8167540257
7488,161057681,43904,161101585,5,0,0,512,19,3956618962
7489,161093650,1518,161095168,7,0,1,1536,6,10402551181
7490,161317560,6278,161323838,7,0,1,6656,6,8093345080
7491,161446750,64208,161510958,1,0,0,6656,17,5722519821
7492,161457160,1994,161459154,7,0,1,2048,6,32809620
7493,161584040,43904,161627944,1,0,0,512,17,2036983004
7494,161585881,43904,161629785,5,0,0,512,19,5165715089
7495,161643980,1042,161645022,7,0,1,1024,6,9305039059
7496,161660210,70367,161730577,5,0,0,512,19,8162285149
7497,161662920,5712,161668632,7,0,1,14336,6,3192532785
7498,161676290,5454,161681744,9,0,1,13824,5,7576042092
7499,161735450,2946,161738396,7,0,1,3072,6,4543803681
7500,161865000,75608,161940608,1,0,0,13824,17,3681347660
7501,161912970,110708,162023678,1,0,0,63488,17,372738519
7502,162006960,60614,162067574,5,0,0,512,19,2560569998
7503,162049520,1994,162051514,7,0,1,2048,6,2332706014
7504,162069140,3387,162072527,7,0,1,9728,6,4741644638
7505,162164820,3387,162168207,7,0,1,9728,6,2025191123
7506,162166780,52310,162219090,9,0,1,82944,5,6686109287
7507,162177380,47099,162224479,9,0,1,17408,5,1058177085
7508,162186850,87008,162273858,5,0,0,512,19,5970983636
7509,162249090,3898,162252988,7,0,1,4096,6,6116772312
7510,162319290,13512,162332802,9,0,1,26112,5,5886444343
7511,162354780,1042,162355822,7,0,1,1024,6,6600639969
7512,162546820,1994,162548814,3,0,1,2048,6,7730834942
7513,162547220,11823,162559043,7,0,1,18944,6,3478218593
7514,162547350,120177,162667527,9,0,1,188928,5,3560247916
7515,162568500,181479,162749979,1,0,0,19456,17,7095607730
7516,162615250,52943,162668193,7,0,1,1024,6,2144771505
7517,162637970,33449,162671419,7,0,1,5120,6,3324524024
7518,162645320,31488,162676808,3,0,1,17408,6,5984873434
7519,162719810,566,162720376,7,0,1,512,6,6301106919
7520,162729440,2470,162731910,7,0,1,2560,6,6323352370
7521,162789320,6229,162795549,3,0,1,15360,6,2853670250
7522,162871890,1042,162872932,8,0,1,1024,3,10653424915
7523,162894910,5454,162900364,7,0,1,13824,6,1422385566
7524,162913180,13512,162926692,7,0,1,26112,6,4524666911
7525,163070070,7706,163077776,7,0,1,8192,6,3431254180
7526,163089860,566,163090426,3,0,1,512,6,8710532753
7527,163131060,1994,163133054,7,0,1,2048,6,9818574956
7528,163144560,185343,163329903,1,0,0,134656,17,8706505468
7529,163151170,3898,163155068,3,0,1,4096,6,7979764836
7530,163288770,41148,163329918,3,0,1,1024,6,7178673979
7531,163313400,18028,163331428,3,0,1,1536,6,1710195283
7532,163387330,3645,163390975,7,0,1,10240,6,7687285482
7533,163488740,43904,163532644,5,0,0,512,19,7464946809
7534,163494650,45596,163540246,5,0,0,1024,19,2551819360
7535,163532650,101038,163633688,1,0,0,31744,17,2129338482
7536,163549320,4937,163554257,7,0,1,12800,6,63348224
7537,163570500,5971,163576471,3,0,1,14848,6,8351001923
7538,163663780,1518,163665298,3,0,1,1536,6,8832003464
7539,163692080,151745,163843825,1,0,0,60928,17,587783442
7540,163695270,566,163695836,7,0,1,512,6,2556281420
7541,163722380,4374,163726754,7,0,1,4608,6,2066904351
7542,163752530,1518,163754048,3,0,1,1536,6,8805456806
7543,163755770,5454,163761224,7,0,1,13824,6,2092459477
7544,163812890,30958,163843848,9,0,1,45056,5,2126553304
7545,163813370,31965,163845335,6,0,1,1536,9,9777533842
7546,163869980,4374,163874354,6,0,1,4608,9,1331172578
7547,163871450,150375,164021825,1,0,0,72704,17,9178218605
7548,163983580,2946,163986526,8,0,1,3072,3,8672006919
7549,164011690,13073,164024763,6,0,1,3072,9,5644377694
7550,164048400,3422,164051822,8,0,1,3584,3,2204421975
7551,164050350,102916,164153266,9,0,1,166912,5,5363801433
7552,164056610,142941,164199551,5,0,0,1536,19,10429102787
7553,164060200,95332,164155532,6,0,1,3584,9,1725185845
7554,164071480,308075,164379555,1,0,0,120832,17,3038673948
7555,164132610,23793,164156403,6,0,1,12288,9,9419336897
7556,164133090,309252,164442342,1,0,0,72704,17,6384485740
7557,164155990,1079,164157069,7,0,1,1024,6,2042450544
7558,164179190,31266,164210456,9,0,1,50688,5,9191420813
7559,164269280,1518,164270798,9,0,1,1536,5,3402277264
7560,164269961,5326,164275287,5,0,1,5632,19,5493250093
7561,164281000,1042,164282042,9,0,1,1024,5,8119157007
7562,164310700,133389,164444089,5,0,0,512,19,8501929696
7563,164311010,3387,164314397,3,0,1,9728,6,6870382237
7564,164316940,566,164317506,6,0,1,512,9,4563948268
7565,164349550,34388,164383938,9,0,1,4608,5,8096014861
7566,164354110,30762,164384872,6,0,1,10752,9,3408670943
7567,164385571,4850,164390421,5,0,1,5120,19,4880403989
7568,164468431,566,164468997,5,0,1,512,19,10603151334
7569,164570180,3898,164574078,9,0,1,4096,5,6486603274
7570,164601760,2946,164604706,6,0,1,3072,9,1275480500
7571,164614351,3645,164617996,5,0,1,10240,19,6559207059
7572,164662030,1042,164663072,6,0,1,1024,9,1698349097
7573,164910860,4850,164915710,8,0,1,5120,3,5472730858
7574,164946020,69596,165015616,1,0,0,9216,17,976043888
7575,165010440,87048,165097488,5,0,0,1024,19,8249013470
7576,165011291,4340,165015631,5,0,1,2048,19,5886443483
7577,165152690,4374,165157064,9,0,1,4608,5,1005017554
7578,165155031,3339,165158370,5,0,1,2048,19,1832083777
7579,165199580,4420,165204000,9,0,1,11776,5,1585012343
7580,165215680,6229,165221909,9,0,1,15360,5,2204686533
7581,165217330,4925,165222255,6,0,1,512,9,2069071262
7582,165260210,1042,165261252,6,0,1,1024,9,2247123234
7583,165289360,45596,165334956,5,0,0,1024,19,1481120894
7584,165404260,5802,165410062,9,0,1,6144,5,6979530011
7585,165508621,6278,165514899,5,0,1,6656,19,8602958582
7586,165564720,4374,165569094,9,0,1,4608,5,8557516223
7587,165583370,101192,165684562,1,0,0,32256,17,9772344946
7588,165610751,4374,165615125,5,0,1,4608,19,5744285089
7589,165617140,566,165617706,6,0,1,512,9,4832266830
7590,165647331,1042,165648373,5,0,1,1024,19,10657269093
7591,165649030,101406,165750436,1,0,0,20480,17,9634421370
7592,165649970,52180,165702150,5,0,0,512,19,2688614075
7593,165653960,123068,165777028,1,0,0,57344,17,4600344344
7594,165659270,2870,165662140,6,0,1,8704,9,9188320357
7595,165664390,124782,165789172,5,0,0,512,19,7862290924
7596,165701490,675,165702165,9,0,1,512,5,10589566136
7597,165765390,17432,165782822,4,0,1,6144,18,10588179813
7598,165804270,1042,165805312,6,0,1,1024,9,5977847603
7599,165864750,201349,166066099,1,0,0,23040,17,5089626974
7600,165871150,7230,165878380,6,0,1,7680,9,3627235980
7601,165962890,2946,165965836,7,0,1,3072,6,6580898933
7602,166048090,102752,166150842,1,0,0,37376,17,9661801376
7603,166177420,45596,166223016,5,0,0,1024,19,4606114226
7604,166189620,45596,166235216,5,0,0,1024,19,5350410984
7605,166227180,43904,166271084,1,0,0,512,17,4665815619
7606,166276041,10241,166286282,5,0,1,16384,19,7170696650
7607,166311200,118508,166429708,1,0,0,89088,17,8970695605
7608,166379681,5802,166385483,5,0,1,6144,19,8327828527
7609,166398111,1042,166399153,5,0,1,1024,19,10623762994
7610,166424020,11482,166435502,0,0,1,6144,6,9826325549
7611,166447310,202599,166649909,1,0,0,54272,17,9625407498
7612,166456630,566,166457196,7,0,1,512,6,10490886179
7613,166469060,7230,166476290,6,0,1,7680,9,5420565128
7614,166508070,4850,166512920,7,0,1,5120,6,2968641163
7615,166564980,566,166565546,7,0,1,512,6,8832836769
7616,166596760,3904,166600664,7,0,1,10752,6,7305458003
7617,166657700,1994,166659694,6,0,1,2048,9,8716689666
7618,166659181,1179,166660360,5,0,1,1024,19,4425113632
7619,166677920,352182,167030102,1,0,0,188928,17,10116623482
7620,166727450,175892,166903342,1,0,0,50688,17,2997547160
7621,166728490,6278,166734768,7,0,1,6656,6,5468971169
7622,166733380,3904,166737284,6,0,1,10752,9,10542301657
7623,166735611,8808,166744419,5,0,1,8192,19,3572518338
7624,166770421,11016,166781437,5,0,1,17920,19,6062811825
7625,166810280,5712,166815992,6,0,1,14336,9,6690745534
7626,166847150,1042,166848192,4,0,1,1024,18,518770276
7627,166862171,2946,166865117,5,0,1,3072,19,2962745919
7628,166868950,161323,167030273,5,0,0,512,19,6402070191
7629,166879890,1518,166881408,7,0,1,1536,6,7467851431
7630,166897200,9521,166906721,6,0,1,9728,9,118160701
7631,166905060,2007,166907067,3,0,1,512,6,3314253275
7632,167060090,1994,167062084,3,0,1,2048,6,4720725213
7633,167081700,11791,167093491,6,0,1,19456,9,8052750700
7634,167149450,7230,167156680,3,0,1,7680,6,8911264620
7635,167150291,9615,167159906,5,0,1,5120,19,2324977274
7636,167175700,3904,167179604,3,0,1,10752,6,583045056
7637,167200390,2870,167203260,0,0,1,8704,6,9221793656
7638,167204090,3422,167207512,0,0,1,3584,6,1551351001
7639,167205800,7706,167213506,7,0,1,8192,6,4519560951
7640,167218080,56842,167274922,5,0,0,2560,19,9723648999
7641,167238491,566,167239057,5,0,1,512,19,1847931857
7642,167262100,148210,167410310,5,0,0,512,19,5974546524
7643,167320250,6754,167327004,3,0,1,7168,6,6908399876
7644,167325360,3590,167328950,7,0,1,3072,6,2298495094
7645,167326650,5846,167332496,7,0,1,5632,6,7566478122
7646,167375580,566,167376146,0,0,1,512,6,1392251706
7647,167423211,566,167423777,5,0,1,512,19,3561491368
7648,167434070,1518,167435588,3,0,1,1536,6,5607342279
7649,167450700,566,167451266,3,0,1,512,6,10372860838
7650,167473650,1042,167474692,0,0,1,1024,6,7000950232
7651,167514990,566,167515556,0,0,1,512,6,2143029950
7652,167561490,43904,167605394,5,0,0,512,19,9371251722
7653,167609880,3128,167613008,2,0,1,9216,10,8716197554
7654,167696840,3645,167700485,0,0,1,10240,6,9529080067
7655,167701650,1994,167703644,2,0,1,2048,10,543893334
7656,167741060,1994,167743054,6,0,1,2048,9,9323810288
7657,167822900,1994,167824894,3,0,1,2048,6,2357335590
7658,167921010,3898,167924908,0,0,1,4096,6,7338457820
7659,167923030,2544,167925574,6,0,1,1024,9,1414556531
7660,167945650,5326,167950976,6,0,1,5632,9,2930542206
7661,167955050,2470,167957520,0,0,1,2560,6,2393508906
7662,168068401,118824,168187225,2,0,0,35840,10,6730498326
7663,168155920,1994,168157914,0,0,1,2048,6,3916359841
7664,168161530,45596,168207126,5,0,0,1024,19,9009976515
7665,168183800,9236,168193036,2,0,1,6144,10,4372046911
7666,168184550,8640,168193190,2,0,1,8704,10,2131444065
7667,168193510,2946,168196456,9,0,1,3072,5,4521276570
7668,168227940,4850,168232790,9,0,1,5120,5,4358084574
7669,168265220,43904,168309124,5,0,0,512,19,1946703774
7670,168267910,566,168268476,6,0,1,512,9,3516483628
7671,168316770,1042,168317812,0,0,1,1024,6,805480393
7672,168376640,566,168377206,4,0,1,512,18,6466863445
7673,168416041,6278,168422319,5,0,1,6656,19,7627561715
7674,168421530,5326,168426856,0,0,1,5632,6,5434015304
7675,168434421,1518,168435939,5,0,1,1536,19,4633640770
7676,168450220,1994,168452214,9,0,1,2048,5,2607769927
7677,168480390,6488,168486878,6,0,1,15872,9,9638175632
7678,168495721,103827,168599548,2,0,0,512,10,7746770815
7679,168498590,3128,168501718,2,0,1,9216,10,3703943790
7680,168539390,1042,168540432,9,0,1,1024,5,3010514032
7681,168544761,192001,168736762,2,0,0,57856,10,3279332781
7682,168554860,137388,168692248,5,0,0,512,19,9943192659
7683,168583350,3904,168587254,9,0,1,10752,5,8129061694
7684,168701310,1042,168702352,6,0,1,1024,9,4713042337
7685,168715410,43904,168759314,5,0,0,512,19,3694132900
7686,168763750,6754,168770504,0,0,1,7168,6,4112327962
7687,168775110,3422,168778532,9,0,1,3584,5,2815755777
7688,168792401,1042,168793443,5,0,1,1024,19,1643936423
7689,168828600,2946,168831546,6,0,1,3072,9,10710896804
7690,168862390,3422,168865812,0,0,1,3584,6,3752271015
7691,168868790,5326,168874116,0,0,1,5632,6,5123187803
7692,168873390,2470,168875860,6,0,1,2560,9,1199585638
7693,168900621,1042,168901663,5,0,1,1024,19,2060647197
7694,168902980,5802,168908782,2,0,1,6144,10,8078735273
7695,168903820,5628,168909448,6,0,1,11264,9,8155390888
7696,168920870,1042,168921912,2,0,1,1024,10,1260591404
7697,168924460,1042,168925502,2,0,1,1024,10,2588249144
7698,168942650,5802,168948452,0,0,1,6144,6,3545860128
7699,168956631,5802,168962433,5,0,1,6144,19,8499086424
7700,168963321,5454,168968775,5,0,1,13824,19,797149466
7701,168971241,5454,168976695,5,0,1,13824,19,7832601208
7702,168983001,2470,168985471,5,0,1,2560,19,6277918496
7703,169013220,4937,169018157,6,0,1,12800,9,3147299043
7704,169086100,2946,169089046,0,0,1,3072,6,3111761378
7705,169152150,7230,169159380,4,0,1,7680,18,7953204089
7706,169201110,3422,169204532,2,0,1,3584,10,2488419266
7707,169202740,47288,169250028,4,0,0,1536,18,10311573218
7708,169211350,6754,169218104,2,0,1,7168,10,6820046518
7709,169278650,3422,169282072,0,0,1,3584,6,2501747078
7710,169279860,5196,169285056,4,0,1,13312,18,6244642423
7711,169303700,566,169304266,4,0,1,512,18,2465737657
7712,169335230,566,169335796,7,0,1,512,6,1792260315
7713,169354980,58477,169413457,4,0,0,512,18,3582944808
7714,169365800,1042,169366842,4,0,1,1024,18,7342636601
7715,169484040,4850,169488890,4,0,1,5120,18,1850574882
7716,169572810,5196,169578006,4,0,1,13312,18,2706757017
7717,169577990,2954,169580944,6,0,1,3072,9,4438629189
7718,169584900,5326,169590226,4,0,1,5632,18,1906778334
7719,169603340,48980,169652320,4,0,0,2048,18,5167658002
7720,169638520,5326,169643846,0,0,1,5632,6,6799600387
7721,169669250,7230,169676480,4,0,1,7680,18,9971478176
7722,169672931,8375,169681306,5,0,1,7680,19,9498242230
7723,169776990,6488,169783478,0,0,1,15872,6,1510460681
7724,169779180,6884,169786064,6,0,1,4096,9,7256602564
7725,169780911,5819,169786730,5,0,1,1024,19,4050484614
7726,169801850,2470,169804320,3,0,1,2560,6,7598306973
7727,169821860,5712,169827572,3,0,1,14336,6,3728189665
7728,169853130,3898,169857028,3,0,1,4096,6,268652336
7729,169879770,3422,169883192,6,0,1,3584,9,7044467693
7730,169900470,117108,170017578,4,0,0,1536,18,1232839664
7731,169916680,5802,169922482,0,0,1,6144,6,6023483744
7732,169969190,3422,169972612,7,0,1,3584,6,1143931969
7733,169980730,6229,169986959,7,0,1,15360,6,3972314424
7734,169995180,2470,169997650,3,0,1,2560,6,443961099
7735,170041200,1042,170042242,6,0,1,1024,9,9783761148
7736,170046281,1042,170047323,5,0,1,1024,19,1672430497
7737,170078091,6278,170084369,5,0,1,6656,19,7334376670
7738,170091551,566,170092117,5,0,1,512,19,4746386750
7739,170102140,1042,170103182,7,0,1,1024,6,776001807
7740,170120251,566,170120817,5,0,1,512,19,5435027436
7741,170226010,3645,170229655,7,0,1,10240,6,4287283645
7742,170248640,4374,170253014,6,0,1,4608,9,2832551712
7743,170302340,43917,170346257,5,0,0,512,19,10055050996
7744,170329090,45596,170374686,5,0,0,1024,19,9928733860
7745,170337511,3898,170341409,5,0,1,4096,19,5245187260
7746,170346010,47774,170393784,5,0,0,512,19,2513456685
7747,170444880,1042,170445922,0,0,1,1024,6,3891922834
7748,170459890,5196,170465086,7,0,1,13312,6,544230334
7749,170470430,2470,170472900,6,0,1,2560,9,6988035313
7750,170489810,43904,170533714,4,0,0,512,18,7121378164
7751,170496431,105560,170601991,2,0,0,46592,10,403313138
7752,170514780,4420,170519200,0,0,1,11776,6,8873287596
7753,170526200,2470,170528670,3,0,1,2560,6,1673914796
7754,170536880,1042,170537922,3,0,1,1024,6,2067971348
7755,170556300,3904,170560204,7,0,1,10752,6,9075101016
7756,170566790,1518,170568308,3,0,1,1536,6,10169542939
7757,170589630,18841,170608471,7,0,1,15872,6,7019084574
7758,170610190,1042,170611232,7,0,1,1024,6,2404879747
7759,170615581,176904,170792485,2,0,0,5120,10,3972010593
7760,170648400,1042,170649442,6,0,1,1024,9,10260902062
7761,170648680,1428,170650108,0,0,1,1024,6,1278338883
7762,170663891,212108,170875999,2,0,0,152064,10,8129341808
7763,170703590,1042,170704632,7,0,1,1024,6,1650363701
7764,170704340,1518,170705858,0,0,1,1536,6,5361324668
7765,170718080,1518,170719598,3,0,1,1536,6,1428974231
7766,170728460,1518,170729978,7,0,1,1536,6,815695658
7767,170796591,156761,170953352,2,0,0,45056,10,6054164025
7768,170858861,258048,171116909,2,0,0,41984,10,3246337656
7769,170866360,87163,170953523,4,0,0,512,18,6881417042
7770,170891370,2470,170893840,0,0,1,2560,6,2318108308
7771,170945050,11887,170956937,0,0,1,3584,6,9261758020
7772,170984480,85331,171069811,4,0,0,512,18,6100868089
7773,170993030,1994,170995024,6,0,1,2048,9,3590206323
7774,171008010,45596,171053606,4,0,0,1024,18,1231947601
7775,171112290,48515,171160805,4,0,0,512,18,9041403386
7776,171168020,2470,171170490,0,0,1,2560,6,4013754248
7777,171176170,2870,171179040,6,0,1,8704,9,9663942012
7778,171190340,1042,171191382,0,0,1,1024,6,6127896689
7779,171234990,4374,171239364,7,0,1,4608,6,5838348182
7780,171308971,100880,171409851,2,0,0,31232,10,9350940762
7781,171316790,4374,171321164,2,0,1,4608,10,7496850619
7782,171319740,4010,171323750,7,0,1,4096,6,4370042188
7783,171321020,5956,171326976,0,0,1,5120,6,7984611641
7784,171326240,2946,171329186,0,0,1,3072,6,2568874188
7785,171329490,1994,171331484,6,0,1,2048,9,3416732203
7786,171424070,76425,171500495,5,0,0,512,19,2873404584
7787,171433430,1994,171435424,7,0,1,2048,6,7765448868
7788,171444100,4162,171448262,6,0,1,11264,9,10004346126
7789,171546880,2946,171549826,0,0,1,3072,6,6446333232
7790,171568180,1518,171569698,2,0,1,1536,10,8789641491
7791,171640841,89408,171730249,2,0,0,14848,10,10365179690
7792,171647480,3422,171650902,6,0,1,3584,9,6537952854
7793,171670690,3898,171674588,7,0,1,4096,6,5838733268
7794,171702770,3898,171706668,3,0,1,4096,6,6585036712
7795,171725551,10499,171736050,5,0,1,16896,19,6562906224
7796,171770810,3898,171774708,0,0,1,4096,6,6192629195
7797,171795430,2870,171798300,7,0,1,8704,6,4017753089
7798,171846870,64062,171910932,4,0,0,1024,18,8882951350
7799,171852960,2470,171855430,0,0,1,2560,6,7321401499
7800,171857230,50154,171907384,4,0,0,1024,18,9471520147
7801,171878960,5326,171884286,6,0,1,5632,9,6167122352
7802,171923620,5196,171928816,3,0,1,13312,6,7810875205
7803,171951900,566,171952466,7,0,1,512,6,8943016546
7804,171957490,1518,171959008,6,0,1,1536,9,2756113274
7805,171973080,3422,171976502,4,0,1,3584,18,4948760733
7806,171973690,7761,171981451,7,0,1,7680,6,3643949337
7807,172006021,234945,172240966,2,0,0,64512,10,3282905750
7808,172017900,566,172018466,7,0,1,512,6,1501673266
7809,172077660,3422,172081082,3,0,1,3584,6,7682536469
7810,172081770,1994,172083764,6,0,1,2048,9,3663546288
7811,172084050,164587,172248637,5,0,0,1024,19,5314098330
7812,172112470,72291,172184761,5,0,0,512,19,10578768915
7813,172112840,5802,172118642,3,0,1,6144,6,1099575046
7814,172127910,6278,172134188,7,0,1,6656,6,6690691485
7815,172146050,5196,172151246,6,0,1,13312,9,5368079224
7816,172157070,1042,172158112,0,0,1,1024,6,1108645163
7817,172170770,6278,172177048,7,0,1,6656,6,5000293872
7818,172188120,2470,172190590,7,0,1,2560,6,3411178881
7819,172199810,1042,172200852,0,0,1,1024,6,9184844286
7820,172202780,566,172203346,0,0,1,512,6,9190687594
7821,172238420,5008,172243428,0,0,1,2560,6,5782453512
7822,172242680,127603,172370283,5,0,0,1024,19,10363267184
7823,172260780,3387,172264167,7,0,1,9728,6,5843872133
7824,172285550,51119,172336669,5,0,0,1024,19,6878630576
7825,172306850,1994,172308844,3,0,1,2048,6,288183289
7826,172345640,2946,172348586,0,0,1,3072,6,5534129345
7827,172433350,1994,172435344,7,0,1,2048,6,6134905999
7828,172451790,2470,172454260,6,0,1,2560,9,10623761532
7829,172464970,2470,172467440,6,0,1,2560,9,8346223845
7830,172475350,1518,172476868,6,0,1,1536,9,3860001308
7831,172476230,7230,172483460,0,0,1,7680,6,4550296092
7832,172505460,64273,172569733,4,0,0,2048,18,10421040817
7833,172524770,1042,172525812,6,0,1,1024,9,7045520693
7834,172545010,2470,172547480,1,0,1,2560,17,2175540026
7835,172545031,180814,172725845,2,0,0,45056,10,8851205101
7836,172555550,48980,172604530,4,0,0,2048,18,1973358688
7837,172593970,4679,172598649,7,0,1,12288,6,9135458759
7838,172602980,3422,172606402,0,0,1,3584,6,7510930941
7839,172619810,2870,172622680,7,0,1,8704,6,6840344242
7840,172650580,1042,172651622,0,0,1,1024,6,5244702304
7841,172650640,4980,172655620,3,0,1,12288,6,10424481977
7842,172653431,152488,172805919,2,0,0,44032,10,9070798191
7843,172674230,132328,172806558,5,0,0,2048,19,3956922281
7844,172703580,4162,172707742,7,0,1,11264,6,1078470529
7845,172777250,49717,172826967,5,0,0,512,19,7760283606
7846,172786800,3422,172790222,3,0,1,3584,6,1845330239
7847,172809570,43904,172853474,5,0,0,512,19,6314378483
7848,172816920,3898,172820818,0,0,1,4096,6,2318358341
7849,172836850,5712,172842562,0,0,1,14336,6,7283709288
7850,172923990,5802,172929792,6,0,1,6144,9,10454507277
7851,172937660,1994,172939654,0,0,1,2048,6,309425672
7852,172957920,4937,172962857,0,0,1,12800,6,64646641
7853,172968340,143765,173112105,5,0,0,1024,19,8467897481
7854,173026390,1518,173027908,3,0,1,1536,6,10044035397
7855,173040400,45596,173085996,5,0,0,1024,19,2310232027
7856,173062490,3387,173065877,6,0,1,9728,9,4221506719
7857,173063420,7020,173070440,0,0,1,12800,6,267143960
7858,173081640,55539,173137179,5,0,0,1536,19,8385684608
7859,173093250,68384,173161634,4,0,0,512,18,4317410956
7860,173141290,80704,173221994,4,0,0,2048,18,6132287756
7861,173181820,6278,173188098,6,0,1,6656,9,9645962343
7862,173217920,50672,173268592,4,0,0,2560,18,2107669560
7863,173389540,43904,173433444,5,0,0,512,19,5978914907
7864,173430400,1042,173431442,0,0,1,1024,6,10557147981
7865,173434930,1994,173436924,6,0,1,2048,9,7276558483
7866,173486250,566,173486816,6,0,1,512,9,3823241461
7867,173507990,43904,173551894,4,0,0,512,18,5026145118
7868,173538620,3645,173542265,6,0,1,10240,9,2230655372
7869,173567070,43904,173610974,4,0,0,512,18,9611559496
7870,173587940,12308,173600248,2,0,1,20480,10,8952916663
7871,174055580,45596,174101176,4,0,0,1024,18,8874070967
7872,174071121,125684,174196805,2,0,0,112640,10,5612698724
7873,174086501,119820,174206321,2,0,0,12800,10,6319644862
7874,174098680,4420,174103100,0,0,1,11776,6,9652128332
7875,174156920,70731,174227651,4,0,0,1024,18,7076227265
7876,174157190,39630,174196820,7,0,1,7680,6,5446133024
7877,174157471,39364,174196835,5,0,1,6656,19,8317250110
7878,174225900,1766,174227666,0,0,1,1536,6,8094327289
7879,174256501,95912,174352413,2,0,0,19968,10,1552471969
7880,174284770,2870,174287640,0,0,1,8704,6,2050536957
7881,174326751,55748,174382499,2,0,0,4096,10,3883945192
7882,174375571,57440,174433011,2,0,0,4608,10,4730088592
7883,174607491,105716,174713207,2,0,0,47104,10,3928289901
7884,174634990,2870,174637860,0,0,1,8704,6,9817978423
7885,174999091,102908,175101999,2,0,0,37888,10,9942965891
7886,175065981,105324,175171305,2,0,0,37376,10,8758916980
7887,175250930,3898,175254828,7,0,1,4096,6,1824185365
7888,175265651,106808,175372459,2,0,0,50688,10,658972196
7889,175425701,98228,175523929,2,0,0,22528,10,2081397493
7890,175542661,55904,175598565,2,0,0,4608,10,269234303
7891,175568341,82838,175651179,2,0,0,14848,10,8177957513
7892,175842540,43904,175886444,4,0,0,512,18,10737226963
7893,176050651,117260,176167911,2,0,0,84992,10,7142850496
7894,176094160,91703,176185863,4,0,0,512,18,10171377200
7895,176333610,1042,176334652,0,0,1,1024,6,4226581197
7896,176378330,45596,176423926,4,0,0,1024,18,7452630411
7897,176417541,100724,176518265,2,0,0,30720,10,8835455224
7898,176431251,99632,176530883,2,0,0,27136,10,7088440730
7899,176473590,45029,176518619,4,0,0,512,18,1919083555
7900,176677400,45596,176722996,4,0,0,1024,18,9976876630
7901,176702520,1518,176704038,6,0,1,1536,9,2377318896
7902,176753160,45596,176798756,4,0,0,1024,18,9883941430
7903,176768910,5454,176774364,6,0,1,13824,9,7189490302
7904,176795300,2946,176798246,6,0,1,3072,9,2130001949
7905,176824550,3422,176827972,6,0,1,3584,9,660959308
7906,176828290,2946,176831236,6,0,1,3072,9,8104358723
7907,176851380,4850,176856230,6,0,1,5120,9,1355660679
7908,176863431,64208,176927639,2,0,0,6656,10,3600798660
7909,176933850,566,176934416,8,0,1,512,3,5231255609
7910,176939610,45596,176985206,4,0,0,1024,18,1497440944
7911,176991130,3422,176994552,7,0,1,3584,6,2448580237
7912,177038080,1994,177040074,6,0,1,2048,9,2017140244
7913,177172170,1042,177173212,6,0,1,1024,9,2432726660
7914,177238931,101816,177340747,2,0,0,34304,10,5604601191
7915,177295090,12737,177307827,6,0,1,24576,9,7232799844
7916,177385610,7230,177392840,6,0,1,7680,9,1967409640
7917,177400101,47288,177447389,2,0,0,1536,10,5344707124
7918,177403590,3422,177407012,8,0,1,3584,3,7665677093
7919,177458120,3645,177461765,8,0,1,10240,3,8713986253
7920,177535690,45596,177581286,4,0,0,1024,18,8656162163
7921,177567750,48980,177616730,4,0,0,2048,18,307567788
7922,177572831,62516,177635347,2,0,0,6144,10,10204055553
7923,177637711,88988,177726699,2,0,0,17408,10,7100328834
7924,177675811,98072,177773883,2,0,0,22016,10,1081625440
7925,177689360,72625,177761985,4,0,0,1024,18,1444879509
7926,177706430,5326,177711756,8,0,1,5632,3,2606903881
7927,177733220,45596,177778816,4,0,0,1024,18,6840407888
7928,177844360,43904,177888264,4,0,0,512,18,2294701916
7929,177847920,4850,177852770,8,0,1,5120,3,8921656714
7930,177854411,72668,177927079,2,0,0,9216,10,10259867971
7931,177940520,1518,177942038,6,0,1,1536,9,1509432050
7932,178044510,5802,178050312,6,0,1,6144,9,946100982
7933,178157610,59838,178217448,4,0,0,2560,18,9385635529
7934,178166300,1518,178167818,6,0,1,1536,9,3993010496
7935,178199650,74228,178273878,4,0,0,14336,18,6414973003
7936,178265600,8293,178273893,6,0,1,5632,9,5785400369
7937,178319781,150872,178470653,2,0,0,17920,10,5022809125
7938,178331321,99320,178430641,2,0,0,26112,10,145161076
7939,178342600,1994,178344594,6,0,1,2048,9,7441459759
7940,178453990,1994,178455984,6,0,1,2048,9,2656898645
7941,178481291,52364,178533655,2,0,0,3072,10,7750405230
7942,178613120,47288,178660408,4,0,0,1536,18,10152110045
7943,178621170,4679,178625849,8,0,1,12288,3,1293553090
7944,178625520,143435,178768955,4,0,0,50688,18,8892715686
7945,178664220,52364,178716584,4,0,0,3072,18,7033933718
7946,178683900,3128,178687028,6,0,1,9216,9,4169969880
7947,178694960,2946,178697906,6,0,1,3072,9,5994622276
7948,178746891,1042,178747933,5,0,1,1024,19,10200215842
7949,178791640,85604,178877244,4,0,0,16384,18,7012060548
7950,178801920,52364,178854284,4,0,0,3072,18,1941919205
7951,178806050,195730,179001780,4,0,0,173056,18,4044152126
7952,178827011,3898,178830909,5,0,1,4096,19,2909260508
7953,178846121,3898,178850019,5,0,1,4096,19,296731096
7954,178892970,201763,179094733,8,0,0,22016,3,5264736202
7955,178893951,111432,179005383,2,0,0,11776,10,2220383680
7956,178905601,128513,179034114,2,0,0,51200,10,118926936
7957,178913831,3128,178916959,5,0,1,9216,19,19151760
7958,178914620,190683,179105303,8,0,0,29696,3,10281207651
7959,178926670,134358,179061028,8,0,0,49664,3,7450973686
7960,179005520,121653,179127173,4,0,0,34816,18,3856074273
7961,179041411,3422,179044833,5,0,1,3584,19,5451899885
7962,179057880,111529,179169409,8,0,0,12800,3,4624982759
7963,179061931,116980,179178911,2,0,0,22016,10,4838617704
7964,179082980,11768,179094748,8,0,1,6656,3,6974672285
7965,179092590,12728,179105318,8,0,1,3584,3,2141206450
7966,179280761,99320,179380081,2,0,0,26112,10,2937903280
7967,179299860,3898,179303758,8,0,1,4096,3,4264507634
7968,179331360,6754,179338114,8,0,1,7168,3,9860536777
7969,179339350,4850,179344200,9,0,1,5120,5,5890895463
7970,179480850,105872,179586722,4,0,0,47616,18,5284285203
7971,179502210,2946,179505156,6,0,1,3072,9,9671518902
7972,179593020,7230,179600250,7,0,1,7680,6,6346007316
7973,179595300,82353,179677653,4,0,0,20480,18,3547803305
7974,179621490,162735,179784225,8,0,0,65536,3,530854300
7975,179640810,2470,179643280,6,0,1,2560,9,9309427287
7976,179662950,190845,179853795,4,0,0,41984,18,5033823271
7977,179665920,566,179666486,8,0,1,512,3,7043052159
7978,179795030,5802,179800832,8,0,1,6144,3,551575943
7979,179798860,5518,179804378,8,0,1,5632,3,9284288221
7980,179805800,1518,179807318,7,0,1,1536,6,163931372
7981,180014231,115388,180129619,2,0,0,78848,10,10018748215
7982,180078120,2470,180080590,7,0,1,2560,6,8644910288
7983,180143460,3422,180146882,6,0,1,3584,9,7775998682
7984,180155940,6754,180162694,8,0,1,7168,3,10564397164
7985,180182280,62360,180244640,8,0,0,5632,3,9237658941
7986,180203090,2946,180206036,6,0,1,3072,9,3521943351
7987,180205990,1047,180207037,7,0,1,1024,6,9723824369
7988,180292890,2946,180295836,7,0,1,3072,6,8835379487
7989,180304080,6278,180310358,9,0,1,6656,5,2672556010
7990,180329350,1518,180330868,7,0,1,1536,6,10409778710
7991,180360571,188796,180549367,2,0,0,101376,10,5735028483
7992,180360700,3898,180364598,6,0,1,4096,9,5599884915
7993,180401810,2870,180404680,7,0,1,8704,6,4497240157
7994,180462170,2470,180464640,6,0,1,2560,9,6277998230
7995,180470550,2470,180473020,7,0,1,2560,6,1759970904
7996,180514440,60980,180575420,4,0,0,6144,18,3771133204
7997,180545080,6290,180551370,7,0,1,2048,6,6915309966
7998,180545481,61631,180607112,2,0,0,2048,10,10300484521
7999,180551570,7706,180559276,7,0,1,8192,6,3301372172
8000,180552920,7982,180560902,8,0,1,2560,3,1933075298
8001,180568001,96483,180664484,2,0,0,18944,10,6918461875
8002,180597221,159523,180756744,2,0,0,78848,10,3817958115
8003,180619300,3422,180622722,7,0,1,3584,6,4266801125
8004,180633920,566,180634486,7,0,1,512,6,6433046894
8005,180646850,566,180647416,6,0,1,512,9,1394813554
8006,180665021,134576,180799597,2,0,0,27136,10,7006305008
8007,180665260,111945,180777205,8,0,0,16384,3,7744423610
8008,180676820,5196,180682016,3,0,1,13312,6,5842093448
8009,180737960,19359,180757319,1,0,1,512,17,7777906884
8010,180755900,3003,180758903,8,0,1,2048,3,10536816530
8011,180769480,2470,180771950,6,0,1,2560,9,1787140067
8012,180784490,118508,180902998,8,0,0,89088,3,3148491216
8013,180832720,90366,180923086,4,0,0,1536,18,232828262
8014,180869280,5326,180874606,7,0,1,5632,6,8287819969
8015,180890171,88427,180978598,2,0,0,13824,10,4997857771
8016,180901440,2141,180903581,1,0,1,512,17,1741044445
8017,180926331,109249,181035580,2,0,0,38400,10,3176586241
8018,180931910,129824,181061734,4,0,0,7168,18,5881914646
8019,180958290,308064,181266354,8,0,0,60416,3,7134859880
8020,180961620,145637,181107257,4,0,0,60928,18,5116371078
8021,180989651,200370,181190021,2,0,0,73216,10,3941800041
8022,181002700,1042,181003742,6,0,1,1024,9,3701306748
8023,181013480,186399,181199879,4,0,0,23552,18,4242869742
8024,181022000,13595,181035595,1,0,1,12288,17,4298075191
8025,181029020,163668,181192688,8,0,0,8704,3,5472822450
8026,181055640,7706,181063346,8,0,1,8192,3,2461844621
8027,181060760,5172,181065932,8,0,1,4096,3,9013905840
8028,181085940,1042,181086982,8,0,1,1024,3,8557662325
8029,181217290,5326,181222616,7,0,1,5632,6,899984072
8030,181250280,18060,181268340,7,0,1,2048,6,2493159281
8031,181287920,70688,181358608,8,0,0,12800,3,6775157524
8032,181314850,7706,181322556,8,0,1,8192,3,7126372138
8033,181319920,3904,181323824,1,0,1,10752,17,1882966206
8034,181384670,6754,181391424,1,0,1,7168,17,4381704
8035,181398620,5802,181404422,6,0,1,6144,9,2055375896
8036,181401820,208411,181610231,4,0,0,33280,18,8274379752
8037,181455060,2470,181457530,8,0,1,2560,3,5200153051
8038,181499020,4374,181503394,6,0,1,4608,9,7710779114
8039,181585390,4374,181589764,1,0,1,4608,17,581362087
8040,181618560,101097,181719657,4,0,0,17920,18,6765173531
8041,181644770,566,181645336,1,0,1,512,17,5948642417
8042,181649450,115357,181764807,4,0,0,8704,18,1540976713
8043,181669550,566,181670116,6,0,1,512,9,8628041167
8044,181690020,1518,181691538,6,0,1,1536,9,2561724313
8045,181788120,51296,181839416,4,0,0,4608,18,7833900952
8046,181830121,110708,181940829,2,0,0,63488,10,2211505776
8047,181831620,153057,181984677,4,0,0,46080,18,10144698513
8048,181893410,2470,181895880,6,0,1,2560,9,7819477782
8049,181979630,201871,182181501,4,0,0,184832,18,7638269097
8050,182023940,566,182024506,3,0,1,512,6,4729971310
8051,182035460,10499,182045959,6,0,1,16896,9,6695681330
8052,182142931,156735,182299666,2,0,0,12288,10,4463812105
8053,182168000,122978,182290978,8,0,0,59392,3,713077926
8054,182178860,116345,182295205,4,0,0,13824,18,1088252494
8055,182298630,5707,182304337,6,0,1,12288,9,10310780840
8056,182355010,1994,182357004,1,0,1,2048,17,1995173077
8057,182411310,3898,182415208,8,0,1,4096,3,10131139542
8058,182425730,2470,182428200,1,0,1,2560,17,4135056781
8059,182488650,14117,182502767,1,0,1,24064,17,10169924156
8060,182561780,3422,182565202,1,0,1,3584,17,7777800455
8061,182644130,89300,182733430,8,0,0,18432,3,3800252708
8062,182660170,4374,182664544,6,0,1,4608,9,7004657997
8063,182708950,67460,182776410,8,0,0,12288,3,9451247246
8064,182726970,566,182727536,1,0,1,512,17,5655641533
8065,182764520,4679,182769199,9,0,1,12288,5,8966692883
8066,182800930,23378,182824308,6,0,1,41984,9,8134924985
8067,182853180,7706,182860886,1,0,1,8192,17,9034258368
8068,182862281,50672,182912953,2,0,0,2560,10,6464016464
8069,182924460,97136,183021596,4,0,0,18944,18,4970384730
8070,182977850,3898,182981748,1,0,1,4096,17,483411323
8071,182995640,72668,183068308,8,0,0,9216,3,3491516802
8072,183049721,101504,183151225,2,0,0,33280,10,3881260993
8073,183081720,4850,183086570,1,0,1,5120,17,8185596483
8074,183096050,1518,183097568,7,0,1,1536,6,2802508457
8075,183113640,3904,183117544,1,0,1,10752,17,9734103030
8076,183160621,101660,183262281,2,0,0,33792,10,2765530688
8077,183273570,3898,183277468,6,0,1,4096,9,3429544362
8078,183296301,102752,183399053,2,0,0,37376,10,523086244
8079,183300280,123733,183424013,4,0,0,53760,18,9919099602
8080,183308420,1994,183310414,1,0,1,2048,17,4312417270
8081,183313580,233019,183546599,4,0,0,34304,18,8833410518
8082,183367971,98894,183466865,2,0,0,5632,10,9101126642
8083,183383370,256829,183640199,8,0,0,31744,3,2774135465
8084,183390920,14879,183405799,3,0,1,7168,6,943480621
8085,183455830,6278,183462108,4,0,1,6656,18,1832445188
8086,183459830,4864,183464694,6,0,1,4096,9,500831232
8087,183468311,2870,183471181,5,0,1,8704,19,7290652782
8088,183502450,199193,183701643,4,0,0,57344,18,3678444773
8089,183575631,161178,183736809,2,0,0,15360,10,684654606
8090,183580900,80401,183661301,8,0,0,4096,3,6536127451
8091,183585670,1994,183587664,7,0,1,2048,6,504920595
8092,183787840,104362,183892202,4,0,0,42496,18,8957272119
8093,183787890,144000,183931890,4,0,0,25600,18,6381680493
8094,183794741,105744,183900485,2,0,0,27136,10,5315942317
8095,183909220,112418,184021638,8,0,0,20480,3,8234212984
8096,183973531,93128,184066659,2,0,0,15872,10,3132057790
8097,184013171,105092,184118263,2,0,0,45056,10,3326378764
8098,184020950,113947,184134897,4,0,0,16896,18,10067543481
8099,184178050,2946,184180996,1,0,1,3072,17,8421153394
8100,184237471,105872,184343343,2,0,0,47616,10,9861208107
8101,184240110,117756,184357866,4,0,0,47616,18,4369765309
8102,184257460,1518,184258978,1,0,1,1536,17,1598671561
8103,184357250,114280,184471530,8,0,0,73216,3,4018496240
8104,184417081,139049,184556130,2,0,0,51200,10,10208680985
8105,184442301,62613,184504914,2,0,0,4096,10,6919137927
8106,184466610,213672,184680282,8,0,0,16384,3,2551287086
8107,184474140,59988,184534128,4,0,0,3072,18,7397928380
8108,184489380,177300,184666680,8,0,0,100352,3,1000158351
8109,184499500,186725,184686225,4,0,0,19456,18,10713697071
8110,184525031,150244,184675275,2,0,0,28160,10,3821394333
8111,184693340,1994,184695334,1,0,1,2048,17,5164171152
8112,184730900,139137,184870037,8,0,0,34304,3,4619769670
8113,184829201,98540,184927741,2,0,0,23552,10,4023208920
8114,184829730,66953,184896683,4,0,0,9728,18,1313530486
8115,184831480,6754,184838234,1,0,1,7168,17,10215967412
8116,184850150,2470,184852620,0,0,1,2560,6,8555155286
8117,184954080,97380,185051460,4,0,0,18432,18,4468148171
8118,184992160,1518,184993678,1,0,1,1536,17,3247608918
8119,184999570,4420,185003990,1,0,1,11776,17,2364583591
8120,185040111,111550,185151661,2,0,0,3584,10,6169171538
8121,185061170,89144,185150314,4,0,0,17920,18,7741248277
8122,185091280,1994,185093274,6,0,1,2048,9,6555894468
8123,185110780,2946,185113726,1,0,1,3072,17,563655625
8124,185125350,134623,185259973,4,0,0,59392,18,3536134885
8125,185176040,7230,185183270,1,0,1,7680,17,7139712806
8126,185281241,64203,185345444,2,0,0,7680,10,1011973754
8127,185357740,122096,185479836,8,0,0,100864,3,1065098558
8128,185365810,135998,185501808,8,0,0,36864,3,7933683984
8129,185435400,71712,185507112,8,0,0,6656,3,1435851292
8130,185622000,124592,185746592,4,0,0,109056,18,1087414303
8131,186022940,6278,186029218,9,0,1,6656,5,7789203376
8132,186152860,4679,186157539,9,0,1,12288,5,4047933460
8133,186159750,110084,186269834,8,0,0,61440,3,6756631927
8134,186175960,2870,186178830,9,0,1,8704,5,7139383591
8135,186271840,4850,186276690,9,0,1,5120,5,5046140247
8136,186387720,101376,186489096,8,0,0,25600,3,9245714204
8137,186416710,109304,186526014,4,0,0,58880,18,8021016970
8138,186522200,194242,186716442,8,0,0,163840,3,1261261864
8139,186529310,2470,186531780,9,0,1,2560,5,604728636
8140,186561140,162337,186723477,8,0,0,23040,3,7271728290
8141,186805430,102908,186908338,4,0,0,37888,18,8043156975
8142,186810230,118148,186928378,8,0,0,53248,3,4246661425
8143,186951680,118664,187070344,8,0,0,89600,3,692075945
8144,187063360,73812,187137172,8,0,0,10240,3,10409378061
8145,187065110,7721,187072831,9,0,1,2560,5,2492565270
8146,187115290,111354,187226644,8,0,0,44544,3,7314852460
8147,187136810,3300,187140110,1,0,1,3072,17,4928208159
8148,187309790,3422,187313212,9,0,1,3584,5,1523198599
8149,187353950,566,187354516,6,0,1,512,9,1191815338
8150,187429790,69284,187499074,8,0,0,8192,3,5463280238
8151,187452460,150402,187602862,4,0,0,49152,18,5238147977
8152,187586650,1042,187587692,9,0,1,1024,5,2868783121
8153,187612460,99944,187712404,8,0,0,28160,3,4116336720
8154,187625890,191700,187817590,8,0,0,145408,3,3427053214
8155,187788900,32844,187821744,6,0,1,11264,9,8828492810
8156,187830190,2870,187833060,9,0,1,8704,5,10087299961
8157,187832120,1813,187833933,3,0,1,1024,6,9752123148
8158,187888480,6754,187895234,3,0,1,7168,6,403151201
8159,187895470,7706,187903176,3,0,1,8192,6,1767719756
8160,187946530,6754,187953284,9,0,1,7168,5,8017610414
8161,188010750,2946,188013696,6,0,1,3072,9,564588261
8162,188020030,5802,188025832,1,0,1,6144,17,6149716890
8163,188049000,1518,188050518,3,0,1,1536,6,9579246507
8164,188057240,4850,188062090,9,0,1,5120,5,5789213656
8165,188121110,2946,188124056,6,0,1,3072,9,8038744687
8166,188172310,6278,188178588,6,0,1,6656,9,4055711158
8167,188205410,86757,188292167,8,0,0,9728,3,2532803414
8168,188250800,1994,188252794,6,0,1,2048,9,4328342400
8169,188286570,1518,188288088,9,0,1,1536,5,7569228615
8170,188300731,3645,188304376,5,0,1,10240,19,4334897233
8171,188302690,50055,188352745,4,0,0,512,18,779966428
8172,188326310,4850,188331160,6,0,1,5120,9,8019075909
8173,188345310,84824,188430134,8,0,0,13824,3,6062080708
8174,188397760,2946,188400706,6,0,1,3072,9,238514198
8175,188398330,3362,188401692,6,0,1,1536,9,6926535822
8176,188401951,566,188402517,5,0,1,512,19,6014695562
8177,188430360,2470,188432830,6,0,1,2560,9,567977347
8178,188448761,4420,188453181,5,0,1,11776,19,7136224646
8179,188521561,3898,188525459,5,0,1,4096,19,1841050357
8180,188542801,2470,188545271,5,0,1,2560,19,7512028216
8181,188638721,1994,188640715,5,0,1,2048,19,5201589363
8182,188640390,103875,188744265,4,0,0,39424,18,3425129186
8183,188719831,6278,188726109,5,0,1,6656,19,6547077018
8184,188763570,5802,188769372,9,0,1,6144,5,6421068554
8185,188766570,3788,188770358,6,0,1,1536,9,6252401209
8186,188794111,1994,188796105,5,0,1,2048,19,2894160843
8187,188825690,3387,188829077,6,0,1,9728,9,5766419015
8188,188922240,3422,188925662,6,0,1,3584,9,5883376340
8189,188931950,2870,188934820,6,0,1,8704,9,452690773
8190,188945261,566,188945827,5,0,1,512,19,8495686783
8191,188948940,219465,189168405,8,0,0,139776,3,8335943823
8192,188950970,1042,188952012,6,0,1,1024,9,2891765279
8193,189005370,185623,189190993,8,0,0,6656,3,5741201500
8194,189012870,1042,189013912,3,0,1,1024,6,8925333068
8195,189112530,108013,189220543,4,0,0,11776,18,3978135386
8196,189136981,32500,189169481,5,0,1,1024,19,10043446625
8197,189154750,19972,189174722,9,0,1,14848,5,4182583806
8198,189162650,12418,189175068,6,0,1,512,9,7006629525
8199,189214070,6488,189220558,9,0,1,3584,5,124295773
8200,189227380,79436,189306816,4,0,0,11264,18,2957254340
8201,189236800,3898,189240698,6,0,1,4096,9,7049743514
8202,189266270,3422,189269692,9,0,1,3584,5,5384150706
8203,189302780,4051,189306831,6,0,1,2048,9,1778150978
8204,189374950,3645,189378595,6,0,1,10240,9,8209987761
8205,189445030,139617,189584647,4,0,0,20992,18,1183702194
8206,189478010,4937,189482947,7,0,1,12800,6,3805512603
8207,189479211,4722,189483933,5,0,1,1536,19,1196931407
8208,189550990,2946,189553936,3,0,1,3072,6,540114633
8209,189621200,3387,189624587,9,0,1,9728,5,9731391170
8210,189693380,64676,189758056,8,0,0,8192,3,4135474097
8211,189718511,4937,189723448,5,0,1,12800,19,905515700
8212,189780751,4162,189784913,5,0,1,11264,19,8859200418
8213,189786720,283917,190070637,4,0,0,65024,18,6675666590
8214,189807810,2470,189810280,3,0,1,2560,6,10217866309
8215,189853941,6754,189860695,5,0,1,7168,19,8658920063
8216,189861500,3422,189864922,3,0,1,3584,6,8654215442
8217,189863450,179751,190043201,4,0,0,18944,18,1607841001
8218,189878510,221166,190099676,4,0,0,95232,18,9389082111
8219,189879090,138100,190017190,4,0,0,34304,18,2776389940
8220,189879670,566,189880236,3,0,1,512,6,1632673686
8221,189904511,2870,189907381,5,0,1,8704,19,10631766729
8222,189922520,4679,189927199,6,0,1,12288,9,4722109774
8223,190035860,7356,190043216,3,0,1,3584,6,5179912899
8224,190048660,566,190049226,3,0,1,512,6,8403642662
8225,190066971,37038,190104009,5,0,1,4608,19,9940690674
8226,190077990,29885,190107875,6,0,1,6144,9,5556258111
8227,190081311,27230,190108541,5,0,1,1024,19,6280166645
8228,190119580,1994,190121574,6,0,1,2048,9,510178032
8229,190131750,1994,190133744,3,0,1,2048,6,3667704913
8230,190222020,5196,190227216,6,0,1,13312,9,9198697674
8231,190256980,110708,190367688,4,0,0,63488,18,10450543155
8232,190312930,10241,190323171,6,0,1,16384,9,6548351624
8233,190322220,1617,190323837,3,0,1,1024,6,3252077761
8234,190372910,86672,190459582,4,0,0,14848,18,7770631930
8235,190393330,2470,190395800,4,0,1,2560,18,9280054678
8236,190441920,105404,190547324,4,0,0,46080,18,5016247899
8237,190527940,3387,190531327,4,0,1,9728,18,8965133514
8238,190660880,1042,190661922,9,0,1,1024,5,8760724732
8239,190700360,4937,190705297,6,0,1,12800,9,6412102487
8240,190706540,566,190707106,9,0,1,512,5,1754434297
8241,190764070,1994,190766064,9,0,1,2048,5,8854483434
8242,190839240,12049,190851289,9,0,1,19968,5,9022878064
8243,190844830,7330,190852160,6,0,1,12288,9,7097363341
8244,190867980,1994,190869974,4,0,1,2048,18,1275960163
8245,190959130,2470,190961600,6,0,1,2560,9,2016757637
8246,190984500,7230,190991730,4,0,1,7680,18,8770415536
8247,191017690,3422,191021112,6,0,1,3584,9,7371218985
8248,191090170,3898,191094068,3,0,1,4096,6,2010204837
8249,191182620,566,191183186,6,0,1,512,9,7847540720
8250,191247640,1042,191248682,6,0,1,1024,9,6627611038
8251,191256730,566,191257296,9,0,1,512,5,10732570202
8252,191261300,1042,191262342,6,0,1,1024,9,2607841682
8253,191265490,566,191266056,2,0,1,512,10,7927986452
8254,191286530,4937,191291467,9,0,1,12800,5,2485131784
8255,191295030,1994,191297024,3,0,1,2048,6,8152762295
8256,191310100,2470,191312570,4,0,1,2560,18,2972945207
8257,191359480,154221,191513701,4,0,0,71680,18,10464987811
8258,191387830,566,191388396,4,0,1,512,18,660590025
8259,191406130,7706,191413836,3,0,1,8192,6,6156827656
8260,191418630,115530,191534160,4,0,0,67072,18,6385998413
8261,191508980,28085,191537065,9,0,1,3072,5,7276846111
8262,191514340,177452,191691792,4,0,0,143872,18,9268372110
8263,191536470,2470,191538940,4,0,1,2560,18,4584843856
8264,191536490,4396,191540886,3,0,1,3072,6,8007564308
8265,191554210,4937,191559147,4,0,1,12800,18,427674750
8266,191562580,1518,191564098,9,0,1,1536,5,4450179797
8267,191646930,44877,191691807,3,0,1,8192,6,9877748115
8268,191660380,36787,191697167,4,0,1,5632,18,218109369
8269,191668240,31288,191699528,3,0,1,14848,6,10496555039
8270,191675900,25826,191701726,4,0,1,10240,18,6526165183
8271,191723730,190699,191914429,4,0,0,40448,18,7824606423
8272,191725740,176350,191902090,4,0,0,42496,18,3221907575
8273,191726780,206990,191933770,4,0,0,38400,18,8633573098
8274,191867150,2470,191869620,3,0,1,2560,6,9057232799
8275,191887420,63264,191950684,4,0,0,2048,18,2179399990
8276,191914210,1729,191915939,4,0,1,1536,18,7595933029
8277,192095050,2870,192097920,4,0,1,8704,18,2241428989
8278,192150410,1518,192151928,4,0,1,1536,18,237278470
8279,192252390,1042,192253432,4,0,1,1024,18,8920431820
8280,192308420,1994,192310414,4,0,1,2048,18,1366809712
8281,192326060,566,192326626,3,0,1,512,6,10640508775
8282,192358200,96668,192454868,4,0,0,17408,18,901607104
8283,192482130,566,192482696,1,0,1,512,17,4783203350
8284,192589710,3422,192593132,3,0,1,3584,6,4019794603
8285,192645450,5712,192651162,3,0,1,14336,6,7768150420
8286,192728770,125268,192854038,4,0,0,30720,18,3990167197
8287,192786870,1994,192788864,3,0,1,2048,6,478590920
8288,192893270,1518,192894788,3,0,1,1536,6,4431870316
8289,192970120,2470,192972590,3,0,1,2560,6,2681308170
8290,193007140,2946,193010086,3,0,1,3072,6,675398135
8291,193048270,7706,193055976,3,0,1,8192,6,1018333213
8292,193069470,43716,193113186,3,0,1,71680,6,5090554114
8293,193151030,72024,193223054,3,0,1,116736,6,160507631
8294,193183560,96824,193280384,3,0,1,155648,6,9071576742
8295,193311260,66830,193378090,4,0,0,7168,18,5205678636
8296,193431240,76071,193507311,3,0,1,128000,6,1547958249
8297,193435980,92836,193528816,3,0,1,78336,6,7219053970
8298,193630810,1042,193631852,0,0,1,1024,6,5854004561
8299,193782310,2946,193785256,0,0,1,3072,6,5800822275
8300,193796440,3128,193799568,3,0,1,9216,6,567006258
8301,193929100,93908,194023008,4,0,0,18432,18,290542938
8302,193993810,1042,193994852,0,0,1,1024,6,7636283174
8303,194018340,105384,194123724,4,0,0,30720,18,1079804110
8304,194052650,153024,194205674,3,0,1,247808,6,1674958543
8305,194078740,130800,194209540,3,0,1,6144,6,9786574767
8306,194166120,44803,194210923,7,0,1,14848,6,2736703869
8307,194178020,156062,194334082,4,0,0,39936,18,3394063222
8308,194190900,26129,194217029,3,0,1,29184,6,4859112554
8309,194210730,23895,194234625,3,0,1,43008,6,4483600199
8310,194231250,171391,194402641,4,0,0,10752,18,8662628476
8311,194394170,2946,194397116,0,0,1,3072,6,325945383
8312,194480590,4374,194484964,0,0,1,4608,6,202695687
8313,194485250,3898,194489148,0,0,1,4096,6,9966766574
8314,194511490,6754,194518244,0,0,1,7168,6,365620571
8315,194520240,239327,194759567,4,0,0,27136,18,248497129
8316,194558050,6754,194564804,0,0,1,7168,6,10335958463
8317,194591420,1994,194593414,7,0,1,2048,6,1846736403
8318,194603150,4162,194607312,0,0,1,11264,6,4038912050
8319,194644590,2470,194647060,7,0,1,2560,6,9170998086
8320,194659510,6754,194666264,7,0,1,7168,6,3124603209
8321,194682940,5326,194688266,0,0,1,5632,6,1178973481
8322,194738260,1518,194739778,0,0,1,1536,6,4447088724
8323,194764270,3898,194768168,0,0,1,4096,6,3094019157
8324,194797990,1518,194799508,0,0,1,1536,6,6580089747
8325,194806790,566,194807356,0,0,1,512,6,5705656985
8326,194944250,3422,194947672,0,0,1,3584,6,1428441116
8327,194947630,101036,195048666,4,0,0,31744,18,5035672571
8328,195007360,2470,195009830,7,0,1,2560,6,2952877249
8329,195027200,5802,195033002,0,0,1,6144,6,2309082597
8330,195085370,1518,195086888,7,0,1,1536,6,4154620004
8331,195142400,2470,195144870,6,0,1,2560,9,9261585047
8332,195155870,1518,195157388,7,0,1,1536,6,1247811507
8333,195267270,1518,195268788,1,0,1,1536,17,9228376388
8334,195310610,3898,195314508,0,0,1,4096,6,7122069889
8335,195377940,6754,195384694,0,0,1,7168,6,8349747688
8336,195468660,66236,195534896,4,0,0,13312,18,1090615955
8337,195502360,1518,195503878,0,0,1,1536,6,9718804170
8338,195799750,7230,195806980,0,0,1,7680,6,3875248491
8339,195868930,4374,195873304,0,0,1,4608,6,8314312837
8340,195881060,1994,195883054,0,0,1,2048,6,10443495342
8341,195885750,5326,195891076,0,0,1,5632,6,9560096036
8342,195974560,106947,196081507,4,0,0,18432,18,987720831
8343,196066140,1994,196068134,0,0,1,2048,6,7387971968
8344,196107750,13083,196120833,0,0,1,22016,6,1194606842
8345,196117480,5299,196122779,0,0,1,3072,6,7944781134
8346,196310100,45596,196355696,4,0,0,1024,18,7160961225
8347,196384060,5802,196389862,0,0,1,6144,6,7797836265
8348,196402440,1518,196403958,0,0,1,1536,6,1282000524
8349,196641210,43904,196685114,4,0,0,512,18,2577151901
8350,196684031,2870,196686901,5,0,1,8704,19,6952832223
8351,196789431,3422,196792853,5,0,1,3584,19,4849711231
8352,196868890,1518,196870408,0,0,1,1536,6,4429663016
8353,196986360,3422,196989782,0,0,1,3584,6,3634871069
8354,197108610,1042,197109652,0,0,1,1024,6,5842019711
8355,197262840,7230,197270070,0,0,1,7680,6,2382102289
8356,197384670,566,197385236,0,0,1,512,6,7574951895
8357,197452311,566,197452877,5,0,1,512,19,32532875
8358,197501341,1518,197502859,5,0,1,1536,19,8273827917
8359,197561380,2946,197564326,0,0,1,3072,6,2373436823
8360,197574690,47288,197621978,4,0,0,1536,18,5750695635
8361,197823960,45596,197869556,4,0,0,1024,18,9599614257
8362,197829100,5326,197834426,0,0,1,5632,6,10580839578
8363,197857280,6278,197863558,0,0,1,6656,6,4643780812
8364,197863700,566,197864266,0,0,1,512,6,10680863937
8365,198028300,3128,198031428,0,0,1,9216,6,9052863215
8366,198056941,6754,198063695,5,0,1,7168,19,797340558
8367,198074261,1994,198076255,5,0,1,2048,19,78644351
8368,198215740,4420,198220160,3,0,1,11776,6,2352028373
8369,198242231,3387,198245618,5,0,1,9728,19,6759647651
8370,198249630,23983,198273613,3,0,1,39936,6,7416526881
8371,198257740,18779,198276519,9,0,1,4608,5,9538909035
8372,198288211,1042,198289253,5,0,1,1024,19,1271642219
8373,198304320,2470,198306790,9,0,1,2560,5,7142506493
8374,198311051,566,198311617,5,0,1,512,19,9833259379
8375,198323000,23637,198346637,3,0,1,42496,6,5234072448
8376,198364310,3128,198367438,9,0,1,9216,5,842851037
8377,198392760,62416,198455176,3,0,1,101376,6,6367136798
8378,198478910,3898,198482808,7,0,1,4096,6,8712394720
8379,198528500,1042,198529542,0,0,1,1024,6,3930589527
8380,198606270,22174,198628444,3,0,1,36352,6,9380255098
8381,198622350,43904,198666254,4,0,0,512,18,2813505036
8382,198628600,3904,198632504,0,0,1,10752,6,10209363332
8383,198650551,566,198651117,5,0,1,512,19,7360759640
8384,198686280,3898,198690178,0,0,1,4096,6,4936484740
8385,198698760,5802,198704562,9,0,1,6144,5,10131135112
8386,198705750,3422,198709172,0,0,1,3584,6,10355825020
8387,198778670,3422,198782092,0,0,1,3584,6,642359147
8388,198900760,45596,198946356,4,0,0,1024,18,1896122567
8389,198943860,3645,198947505,0,0,1,10240,6,6325836199
8390,199034150,4679,199038829,0,0,1,12288,6,6817390947
8391,199102950,3898,199106848,0,0,1,4096,6,1270233956
8392,199209680,43904,199253584,4,0,0,512,18,1559108116
8393,199247490,5712,199253202,0,0,1,14336,6,8449714760
8394,199337780,43904,199381684,4,0,0,512,18,5304919858
8395,199399560,43904,199443464,4,0,0,512,18,635954767
8396,199449020,3422,199452442,0,0,1,3584,6,298097942
8397,199483901,4162,199488063,5,0,1,11264,19,6098364565
8398,199527110,126000,199653110,4,0,0,512,18,3509454495
8399,199527460,47288,199574748,4,0,0,1536,18,1931275080
8400,199563381,3645,199567026,5,0,1,10240,19,10519546070
8401,199588540,1042,199589582,0,0,1,1024,6,453493501
8402,199621970,1518,199623488,0,0,1,1536,6,4663483086
8403,199729120,1042,199730162,4,0,1,1024,18,3249973162
8404,199819410,3898,199823308,0,0,1,4096,6,4957020861
8405,199828751,1994,199830745,5,0,1,2048,19,6842055970
8406,199851820,1518,199853338,7,0,1,1536,6,10043983604
8407,199864921,566,199865487,5,0,1,512,19,3656508823
8408,199870280,5802,199876082,4,0,1,6144,18,1585882404
8409,199937240,4850,199942090,4,0,1,5120,18,4972927855
8410,199965920,50402,200016322,4,0,0,512,18,4307663392
8411,199978920,5802,199984722,0,0,1,6144,6,9621660960
8412,200026940,45596,200072536,4,0,0,1024,18,6378755997
8413,200048650,3898,200052548,4,0,1,4096,18,4892309116
8414,200077461,5196,200082657,5,0,1,13312,19,4512592193
8415,200083720,566,200084286,6,0,1,512,9,8690207338
8416,200090340,2870,200093210,4,0,1,8704,18,590801424
8417,200137560,3898,200141458,4,0,1,4096,18,7628930157
8418,200251210,49052,200300262,4,0,0,512,18,10720307514
8419,200253230,3645,200256875,4,0,1,10240,18,2787889584
8420,200260361,5454,200265815,5,0,1,13824,19,3962046903
8421,200317650,3422,200321072,4,0,1,3584,18,1141257598
8422,200323960,4679,200328639,9,0,1,12288,5,5437250800
8423,200339041,1518,200340559,5,0,1,1536,19,8150464931
8424,200361040,54056,200415096,4,0,0,3584,18,4611087877
8425,200367170,10241,200377411,4,0,1,16384,18,2357353735
8426,200384881,566,200385447,5,0,1,512,19,3818479149
8427,200424491,566,200425057,5,0,1,512,19,9878608167
8428,200438280,1518,200439798,9,0,1,1536,5,8191584868
8429,200465200,3898,200469098,9,0,1,4096,5,9522097957
8430,200520130,1994,200522124,9,0,1,2048,5,6533086338
8431,200523300,1042,200524342,8,0,1,1024,3,6994106971
8432,200589220,169187,200758407,8,0,0,28672,3,7585916735
8433,200603320,4850,200608170,9,0,1,5120,5,7487117223
8434,200722890,43904,200766794,4,0,0,512,18,7970584949
8435,200726850,1518,200728368,9,0,1,1536,5,1321594919
8436,200738690,49950,200788640,4,0,0,512,18,8126445653
8437,200845260,1042,200846302,8,0,1,1024,3,4145319398
8438,200878780,3422,200882202,4,0,1,3584,18,306658887
8439,200889430,34367,200923797,3,0,1,56832,6,9445760527
8440,200900291,25132,200925423,5,0,1,2560,19,6448206235
8441,200916880,9849,200926729,8,0,1,2048,3,10453414351
8442,200955000,1518,200956518,3,0,1,1536,6,789603270
8443,200973990,4374,200978364,9,0,1,4608,5,2381281934
8444,200994850,566,200995416,4,0,1,512,18,6213586075
8445,201080420,43904,201124324,4,0,0,512,18,10633859569
8446,201115670,566,201116236,6,0,1,512,9,8760144893
8447,201121360,54056,201175416,4,0,0,3584,18,8554830061
8448,201133620,26221,201159841,3,0,1,47616,6,10202621498
8449,201221120,1518,201222638,8,0,1,1536,3,7580432958
8450,201261570,2946,201264516,4,0,1,3072,18,6075210224
8451,201280410,13512,201293922,3,0,1,26112,6,211684338
8452,201297090,3898,201300988,8,0,1,4096,3,10483810256
8453,201298750,15579,201314329,3,0,1,30208,6,5927701603
8454,201302970,13945,201316915,7,0,1,4096,6,2573462745
8455,201358520,4374,201362894,4,0,1,4608,18,1608953551
8456,201500681,566,201501247,5,0,1,512,19,10573440518
8457,201553660,10757,201564417,4,0,1,17408,18,5044204525
8458,201618080,2470,201620550,1,0,1,2560,17,10042074826
8459,201648110,1042,201649152,7,0,1,1024,6,7099648957
8460,201687370,7230,201694600,4,0,1,7680,18,6832452500
8461,201715990,1042,201717032,4,0,1,1024,18,5096624158
8462,201745720,1518,201747238,7,0,1,1536,6,5068259742
8463,201765300,1042,201766342,4,0,1,1024,18,5720255475
8464,201853111,566,201853677,5,0,1,512,19,5200782052
8465,201897451,1994,201899445,5,0,1,2048,19,3854825954
8466,201898000,6878,201904878,2,0,1,7168,10,10435531211
8467,201929020,5802,201934822,7,0,1,6144,6,9212176840
8468,201998850,7706,202006556,2,0,1,8192,10,5121953654
8469,202056300,7230,202063530,1,0,1,7680,17,2132605553
8470,202070561,7706,202078267,5,0,1,8192,19,1712627851
8471,202096281,7230,202103511,5,0,1,7680,19,664762752
8472,202156090,136045,202292135,3,0,1,224768,6,2955793162
8473,202176881,115920,202292801,5,0,1,1024,19,284915905
8474,202179710,114474,202294184,4,0,1,14848,18,5887048350
8475,202189090,108000,202297090,4,0,1,4608,18,2139898829
8476,202203191,95845,202299036,5,0,1,3072,19,9094044012
8477,202226960,74982,202301942,4,0,1,4608,18,10686742675
8478,202254190,49378,202303568,2,0,1,2560,10,7384249036
8479,202286960,20794,202307754,4,0,1,6656,18,595833962
8480,202317750,1518,202319268,4,0,1,1536,18,268702865
8481,202325740,1994,202327734,4,0,1,2048,18,7953872322
8482,202338310,7706,202346016,4,0,1,8192,18,2035510277
8483,202356030,5326,202361356,2,0,1,5632,10,5198886264
8484,202380210,4374,202384584,7,0,1,4608,6,588836316
8485,202401991,3904,202405895,5,0,1,10752,19,6961248114
8486,202415310,6278,202421588,2,0,1,6656,10,1466250454
8487,202516571,4374,202520945,5,0,1,4608,19,4972795056
8488,202560630,2946,202563576,7,0,1,3072,6,589788334
8489,202631410,1994,202633404,7,0,1,2048,6,10011505299
8490,202640591,2470,202643061,5,0,1,2560,19,6803071031
8491,202648890,5326,202654216,2,0,1,5632,10,1383244768
8492,202787140,2470,202789610,2,0,1,2560,10,5312432462
8493,202795611,4679,202800290,5,0,1,12288,19,6601939567
8494,202841301,5326,202846627,5,0,1,5632,19,4588883902
8495,202868271,566,202868837,5,0,1,512,19,7923119855
8496,202973361,566,202973927,5,0,1,512,19,4400927939
8497,202973521,2915,202976436,5,0,1,8704,19,330387500
8498,202987731,3422,202991153,5,0,1,3584,19,9326005923
8499,202993371,566,202993937,5,0,1,512,19,5894199825
8500,202999420,1042,203000462,4,0,1,1024,18,8647716870
8501,203033430,1994,203035424,2,0,1,2048,10,912251345
8502,203035280,3898,203039178,3,0,1,4096,6,7343308069
8503,203092010,3422,203095432,4,0,1,3584,18,5725728185
8504,203165611,1994,203167605,5,0,1,2048,19,8108257474
8505,203180700,1042,203181742,4,0,1,1024,18,965071900
8506,203221720,2470,203224190,4,0,1,2560,18,2023271829
8507,203265680,6278,203271958,6,0,1,6656,9,1313097332
8508,203266070,6554,203272624,0,0,1,1024,6,2283892758
8509,203298760,7706,203306466,2,0,1,8192,10,149680546
8510,203424420,566,203424986,3,0,1,512,6,6413777765
8511,203506781,4850,203511631,5,0,1,5120,19,4003956682
8512,203561090,2470,203563560,0,0,1,2560,6,5862913596
8513,203617800,1042,203618842,3,0,1,1024,6,8911422192
8514,203644160,3904,203648064,8,0,1,10752,3,6021956594
8515,203702200,4937,203707137,3,0,1,12800,6,4720876269
8516,203721411,3422,203724833,5,0,1,3584,19,7594683683
8517,203721950,5469,203727419,2,0,1,4096,10,3963279534
8518,203729461,6278,203735739,5,0,1,6656,19,2328350195
8519,203732970,117604,203850574,3,0,1,195584,6,5026224587
8520,203781090,74771,203855861,3,0,1,25088,6,4339486776
8521,203822110,35377,203857487,4,0,1,2560,18,1734767148
8522,203822920,39073,203861993,2,0,1,7168,10,8338763952
8523,203874580,566,203875146,2,0,1,512,10,7575331039
8524,204037700,566,204038266,0,0,1,512,6,3900198410
8525,204051691,1518,204053209,5,0,1,1536,19,1489996176
8526,204134211,1518,204135729,5,0,1,1536,19,10694126692
8527,204195730,177293,204373023,7,0,0,69120,6,7671458321
8528,204213160,4162,204217322,0,0,1,11264,6,5671659443
8529,204232810,43716,204276526,3,0,1,71680,6,2630494831
8530,204248801,30311,204279112,5,0,1,4096,19,7233733706
8531,204251731,28047,204279778,5,0,1,1024,19,9261119822
8532,204265481,14643,204280124,5,0,1,512,19,869347264
8533,204288190,5802,204293992,0,0,1,6144,6,649840290
8534,204302550,2946,204305496,2,0,1,3072,10,5400027276
8535,204344800,34537,204379337,3,0,1,60416,6,5286425140
8536,204346750,33573,204380323,2,0,1,1536,10,5052767026
8537,204360301,21302,204381603,5,0,1,14336,19,585864564
8538,204459711,1518,204461229,5,0,1,1536,19,3016575590
8539,204470800,103862,204574662,3,0,1,172032,6,1675432997
8540,204485610,125854,204611464,3,0,1,118784,6,8849238828
8541,204521291,91159,204612450,5,0,1,1536,19,1259096462
8542,204535090,92811,204627901,3,0,1,49152,6,4653523150
8543,204598170,31677,204629847,0,0,1,3072,6,8102760374
8544,204611980,18853,204630833,1,0,1,1536,17,4878186634
8545,204741510,6754,204748264,1,0,1,7168,17,10175519148
8546,204757490,3422,204760912,1,0,1,3584,17,8143016148
8547,204802120,12995,204815115,3,0,1,25088,6,3946920854
8548,204899860,6754,204906614,0,0,1,7168,6,3486950264
8549,204939560,3422,204942982,3,0,1,3584,6,2562080308
8550,204953240,4420,204957660,0,0,1,11776,6,4021087813
8551,205127070,4374,205131444,7,0,1,4608,6,2724954602
8552,205137030,566,205137596,0,0,1,512,6,1727601697
8553,205260920,2870,205263790,0,0,1,8704,6,5660710614
8554,205265550,2946,205268496,7,0,1,3072,6,6776152979
8555,205302520,566,205303086,7,0,1,512,6,7009464428
8556,205354060,7706,205361766,0,0,1,8192,6,7473924178
8557,205405680,1994,205407674,0,0,1,2048,6,836786168
8558,205421300,3128,205424428,7,0,1,9216,6,4139989863
8559,205426140,6488,205432628,3,0,1,15872,6,5983238466
8560,205502430,4162,205506592,0,0,1,11264,6,7281688816
8561,205634050,1518,205635568,0,0,1,1536,6,8624856948
8562,205691190,1994,205693184,7,0,1,2048,6,10425332135
8563,205717120,3387,205720507,8,0,1,9728,3,5595043110
8564,205728510,12737,205741247,0,0,1,24576,6,6775950968
8565,205883670,1994,205885664,7,0,1,2048,6,3725241653
8566,205897480,4850,205902330,7,0,1,5120,6,6264071940
8567,205937200,3898,205941098,7,0,1,4096,6,6158146754
8568,205957540,2870,205960410,0,0,1,8704,6,9272606902
8569,206074930,3422,206078352,0,0,1,3584,6,7248633207
8570,206100740,4374,206105114,0,0,1,4608,6,4565204385
8571,206281140,5326,206286466,0,0,1,5632,6,1904967862
8572,206809260,2470,206811730,0,0,1,2560,6,4770673492
8573,206882530,1518,206884048,0,0,1,1536,6,3021427755
8574,206925600,4937,206930537,0,0,1,12800,6,7198175829
8575,206946520,5326,206951846,0,0,1,5632,6,6063409007
8576,206974641,4679,206979320,5,0,1,12288,19,8287919042
8577,206980940,1994,206982934,0,0,1,2048,6,9899530167
8578,207190851,1518,207192369,5,0,1,1536,19,4196472798
8579,207224670,1042,207225712,8,0,1,1024,3,1821992196
8580,207243510,6278,207249788,0,0,1,6656,6,5213699992
8581,207253320,4162,207257482,7,0,1,11264,6,9659453843
8582,207254330,7321,207261651,4,0,1,5120,18,5359389884
8583,207264020,6278,207270298,3,0,1,6656,6,9929235881
8584,207294590,2470,207297060,7,0,1,2560,6,3303724123
8585,207325020,4850,207329870,7,0,1,5120,6,5283490263
8586,207385080,4374,207389454,7,0,1,4608,6,2984715824
8587,207435510,2946,207438456,0,0,1,3072,6,2249750899
8588,207492040,7230,207499270,0,0,1,7680,6,4036084536
8589,207569960,6278,207576238,7,0,1,6656,6,2983686336
8590,207631170,32816,207663986,3,0,1,53760,6,7634411551
8591,207731200,3422,207734622,0,0,1,3584,6,1522745334
8592,207786900,6754,207793654,0,0,1,7168,6,9442541834
8593,207808320,3128,207811448,7,0,1,9216,6,7285790471
8594,207837030,3898,207840928,7,0,1,4096,6,4357762127
8595,208003250,4850,208008100,7,0,1,5120,6,5862823776
8596,208012660,2870,208015530,0,0,1,8704,6,5618600622
8597,208054711,55748,208110459,9,0,0,4096,5,9737404929
8598,208054800,1042,208055842,0,0,1,1024,6,6831164453
8599,208091540,4162,208095702,0,0,1,11264,6,2731969866
8600,208129130,566,208129696,6,0,1,512,9,4631515787
8601,208143570,4374,208147944,6,0,1,4608,9,816041480
8602,208270111,43904,208314015,9,0,0,512,5,6319995489
8603,208304590,566,208305156,7,0,1,512,6,9850442270
8604,208328210,6488,208334698,7,0,1,15872,6,1682496714
8605,208394630,5802,208400432,7,0,1,6144,6,8534364892
8606,208438161,47288,208485449,9,0,0,1536,5,5989611175
8607,208467910,6488,208474398,0,0,1,15872,6,1464713213
8608,208476700,3898,208480598,7,0,1,4096,6,2783398653
8609,208873960,6278,208880238,7,0,1,6656,6,5294705839
8610,209004861,58906,209063767,9,0,0,1024,5,699769510
8611,209043750,23378,209067128,3,0,1,41984,6,3795415031
8612,209106920,3422,209110342,7,0,1,3584,6,2038569882
8613,209169281,43904,209213185,9,0,0,512,5,8635856215
8614,209190770,7230,209198000,2,0,1,7680,10,1258079617
8615,209398030,1994,209400024,6,0,1,2048,9,753894006
8616,209688771,45596,209734367,9,0,0,1024,5,3400165474
8617,209707841,45596,209753437,9,0,0,1024,5,5041473156
8618,209730661,43904,209774565,9,0,0,512,5,7751943723
8619,209752210,3422,209755632,6,0,1,3584,9,2595333329
8620,209788560,566,209789126,6,0,1,512,9,7639443217
8621,209884510,5326,209889836,8,0,1,5632,3,9646227723
8622,209920911,86360,210007271,2,0,0,13824,10,5559917124
8623,210124450,2470,210126920,8,0,1,2560,3,6579357499
8624,210182100,2870,210184970,4,0,1,8704,18,3184809871
8625,210185380,1518,210186898,6,0,1,1536,9,4783441147
8626,210312490,4374,210316864,6,0,1,4608,9,1766515689
8627,210326080,4850,210330930,8,0,1,5120,3,2312026838
8628,210360140,2946,210363086,4,0,1,3072,18,10618656775
8629,210436070,3422,210439492,4,0,1,3584,18,3161833508
8630,210489660,11274,210500934,8,0,1,18432,3,9385097100
8631,210490600,10488,210501088,6,0,1,8704,9,5394733610
8632,210520831,59146,210579977,2,0,0,7168,10,6315974071
8633,210534760,4850,210539610,8,0,1,5120,3,3199095399
8634,210534821,68923,210603744,9,0,0,4608,5,917622177
8635,210540310,2470,210542780,6,0,1,2560,9,3255635348
8636,210581941,43904,210625845,9,0,0,512,5,10377560064
8637,210596291,87896,210684187,2,0,0,13824,10,8649930049
8638,210643681,47288,210690969,9,0,0,1536,5,10498663316
8639,210671400,2870,210674270,4,0,1,8704,18,9471470842
8640,210672330,11872,210684202,0,0,1,8192,6,9121213864
8641,210678460,5757,210684217,8,0,1,1024,3,12884377
8642,210712390,4162,210716552,7,0,1,11264,6,5744062267
8643,210729890,2946,210732836,8,0,1,3072,3,4156742900
8644,210733801,113423,210847224,9,0,0,512,5,10512137747
8645,210784371,45596,210829967,9,0,0,1024,5,5476559028
8646,210797590,1994,210799584,8,0,1,2048,3,10071539748
8647,210815600,2470,210818070,8,0,1,2560,3,6151297876
8648,210896750,5802,210902552,4,0,1,6144,18,1548019342
8649,210935190,5802,210940992,6,0,1,6144,9,4337206443
8650,210950290,12308,210962598,4,0,1,20480,18,2316279526
8651,210967961,43904,211011865,9,0,0,512,5,3160118974
8652,210996060,65900,211061960,8,0,0,7168,3,6215239114
8653,211005450,566,211006016,6,0,1,512,9,1216183507
8654,211062221,99188,211161409,2,0,0,30720,10,9511817213
8655,211095340,2470,211097810,0,0,1,2560,6,8362787221
8656,211142150,98540,211240690,8,0,0,23552,3,2351291409
8657,211216410,3422,211219832,8,0,1,3584,3,7130109719
8658,211217851,45460,211263311,9,0,0,512,5,716981794
8659,211242970,7230,211250200,0,0,1,7680,6,3146791077
8660,211320090,66368,211386458,8,0,0,8704,3,1097705874
8661,211346190,566,211346756,8,0,1,512,3,8032097366
8662,211415160,2870,211418030,7,0,1,8704,6,5580332498
8663,211533610,2946,211536556,4,0,1,3072,18,6488276154
8664,211534820,75812,211610632,3,0,1,127488,6,8394884270
8665,211536580,76958,211613538,8,0,1,4608,3,539482419
8666,211547700,68424,211616124,7,0,1,4096,6,502172919
8667,211575460,45810,211621270,6,0,1,8192,9,3118759120
8668,211625120,77819,211702939,8,0,0,6144,3,1230769271
8669,211712950,6754,211719704,6,0,1,7168,9,8165996661
8670,211743940,269221,212013161,3,0,1,440832,6,1189909165
8671,211753350,260157,212013507,0,0,1,512,6,830452608
8672,211787071,267005,212054076,9,0,0,512,5,8101999928
8673,211831011,324602,212155613,2,0,0,51200,10,9830632864
8674,211841220,339056,212180276,8,0,0,80896,3,6951009812
8675,211856890,192907,212049797,3,0,1,116224,6,8482632670
8676,211875511,195196,212070707,9,0,0,512,5,8952223368
8677,211894730,155631,212050361,7,0,1,10752,6,753825549
8678,211899370,172906,212072276,3,0,1,80384,6,4191103416
8679,211908940,163682,212072622,7,0,1,512,6,5532824237
8680,211953231,369172,212322403,2,0,0,1024,10,7642160297
8681,211961260,147549,212108809,3,0,1,123904,6,7341338922
8682,212032640,79715,212112355,6,0,1,5632,9,360488479
8683,212051881,292212,212344093,2,0,0,512,10,9071322549
8684,212052681,196671,212249352,2,0,0,512,10,3213387185
8685,212088720,27181,212115901,8,0,1,5632,3,1290694743
8686,212091810,186048,212277858,8,0,0,11776,3,3843726422
8687,212125680,1042,212126722,1,0,1,1024,17,7963909600
8688,212191470,202131,212393601,7,0,0,3584,6,88739274
8689,212196130,91499,212287629,3,0,1,147968,6,8493104198
8690,212206950,130200,212337150,3,0,1,159744,6,10614291379
8691,212210650,128766,212339416,8,0,1,3584,3,4910394453
8692,212213270,143030,212356300,3,0,1,56320,6,9543644054
8693,212217080,154773,212371853,3,0,1,49664,6,1060082231
8694,212250760,121964,212372724,1,0,1,12288,17,8856503492
8695,212259700,115930,212375630,8,0,1,4608,3,132133131
8696,212264060,112236,212376296,1,0,1,1024,17,2293485796
8697,212301920,75042,212376962,2,0,1,1024,10,1807655012
8698,212323001,173489,212496490,2,0,0,512,10,9173222626
8699,212363840,402363,212766203,8,0,0,6144,3,7214312790
8700,212389400,160176,212549576,8,0,0,2048,3,2048532113
8701,212432040,12995,212445035,3,0,1,25088,6,1736738487
8702,212527610,7706,212535316,1,0,1,8192,17,3946626995
8703,212527961,210540,212738501,2,0,0,2048,10,7869630335
8704,212533070,115743,212648813,8,0,0,10240,3,7187348007
8705,212550030,2870,212552900,6,0,1,8704,9,1863846118
8706,212574311,108589,212682900,9,0,0,512,5,4504613304
8707,212578930,2470,212581400,8,0,1,2560,3,2027700849
8708,212594871,50266,212645137,2,0,0,2048,10,9345161381
8709,212605210,5971,212611181,2,0,1,14848,10,7630030170
8710,212606710,7447,212614157,2,0,1,4608,10,841901040
8711,212637480,4850,212642330,1,0,1,5120,17,10705539949
8712,212642620,1042,212643662,8,0,1,1024,3,6784364193
8713,212663100,4374,212667474,2,0,1,4608,10,8870450621
8714,212678140,3422,212681562,9,0,1,3584,5,835053285
8715,212747750,82712,212830462,8,0,0,22016,3,1381297419
8716,212758660,1518,212760178,1,0,1,1536,17,9543052210
8717,212783541,87120,212870661,2,0,0,4096,10,1615886047
8718,212826260,221254,213047514,8,0,0,46080,3,4810690030
8719,212831440,1042,212832482,2,0,1,1024,10,3459838159
8720,212838860,5802,212844662,8,0,1,6144,3,4569474780
8721,212868600,2470,212871070,3,0,1,2560,6,1741222517
8722,212876831,110280,212987111,9,0,0,1536,5,2059182347
8723,212889750,50672,212940422,8,0,0,2560,3,2165301913
8724,212891160,32816,212923976,3,0,1,53760,6,2523315901
8725,212898601,112360,213010961,9,0,0,3072,5,4811711072
8726,212907090,223911,213131001,8,0,0,73728,3,3419252183
8727,212937320,6229,212943549,8,0,1,15360,3,9715570033
8728,212968010,64173,213032183,8,0,0,1024,3,9692109781
8729,213029510,18019,213047529,2,0,1,5120,10,10608658282
8730,213031541,47288,213078829,2,0,0,1536,10,6000540302
8731,213194421,43904,213238325,2,0,0,512,10,1304375369
8732,213204191,61943,213266134,9,0,0,2560,5,8858135155
8733,213247920,44060,213291980,0,0,0,1024,6,10379759514
8734,213253210,3422,213256632,2,0,1,3584,10,8479716008
8735,213270080,1994,213272074,2,0,1,2048,10,4699258956
8736,213290700,6278,213296978,1,0,1,6656,17,9778158363
8737,213382130,97628,213479758,8,0,0,25600,3,10585013308
8738,213384920,7706,213392626,1,0,1,8192,17,10591068252
8739,213463200,3422,213466622,1,0,1,3584,17,8138658203
8740,213507180,566,213507746,2,0,1,512,10,5099691530
8741,213514960,15579,213530539,3,0,1,30208,6,10150668356
8742,213546701,47288,213593989,9,0,0,1536,5,4071430927
8743,213552911,76757,213629668,2,0,0,512,10,7262198630
8744,213603740,6488,213610228,2,0,1,15872,10,9007774152
8745,213638260,6754,213645014,1,0,1,7168,17,8094540677
8746,213646860,5802,213652662,3,0,1,6144,6,4642321046
8747,213683240,566,213683806,2,0,1,512,10,2776157408
8748,213714821,43904,213758725,9,0,0,512,5,100017780
8749,213733240,6754,213739994,1,0,1,7168,17,9965841490
8750,213793910,1518,213795428,6,0,1,1536,9,6937926859
8751,213856750,81374,213938124,3,0,1,131584,6,7215849089
8752,213875440,64310,213939750,6,0,1,2560,9,6048077053
8753,213884090,182894,214066984,8,0,0,69632,3,7254440392
8754,213894081,147372,214041453,9,0,0,1024,5,6464891481
8755,213940810,232984,214173794,8,0,0,40448,3,4243321178
8756,213949201,117954,214067155,9,0,0,512,5,6726091805
8757,213960210,1994,213962204,1,0,1,2048,17,3458191097
8758,213963290,3645,213966935,6,0,1,10240,9,10399130030
8759,214065790,2399,214068189,2,0,1,1024,10,8932111175
8760,214068921,73439,214142360,9,0,0,1024,5,4613193213
8761,214127600,3422,214131022,1,0,1,3584,17,5403849747
8762,214175450,1994,214177444,6,0,1,2048,9,3290425091
8763,214236790,50672,214287462,8,0,0,2560,3,942219061
8764,214244101,61462,214305563,9,0,0,512,5,7915618972
8765,214263440,14117,214277557,1,0,1,24064,17,10071939608
8766,214298850,2946,214301796,1,0,1,3072,17,1705133442
8767,214303690,566,214304256,2,0,1,512,10,9489859268
8768,214324390,1042,214325432,1,0,1,1024,17,5924357607
8769,214352320,1518,214353838,6,0,1,1536,9,4863264918
8770,214358860,76520,214435380,8,0,0,11776,3,3397374955
8771,214368940,6278,214375218,1,0,1,6656,17,6215064502
8772,214389440,97667,214487107,8,0,0,17920,3,4175412315
8773,214394451,92827,214487278,9,0,0,512,5,8846995954
8774,214396910,2470,214399380,6,0,1,2560,9,984379677
8775,214404870,1518,214406388,2,0,1,1536,10,3434799722
8776,214410491,113024,214523515,2,0,0,512,10,6788060547
8777,214412360,5326,214417686,6,0,1,5632,9,9308395196
8778,214424400,2946,214427346,2,0,1,3072,10,7374848050
8779,214466680,149216,214615896,8,0,0,69632,3,8526778804
8780,214471410,6754,214478164,2,0,1,7168,10,1272576224
8781,214502840,1518,214504358,6,0,1,1536,9,6902816860
8782,214648811,100681,214749492,2,0,0,512,10,10612450443
8783,214670260,124386,214794646,8,0,0,62976,3,3108403995
8784,214679250,6488,214685738,6,0,1,15872,9,8080045773
8785,214873110,103532,214976642,3,0,0,39936,6,2708502800
8786,214896820,3128,214899948,6,0,1,9216,9,5601055606
8787,215039431,43904,215083335,9,0,0,512,5,2583635617
8788,215040981,43904,215084885,2,0,0,512,10,7821695031
8789,215043611,45596,215089207,2,0,0,1024,10,1116136609
8790,215051870,3898,215055768,6,0,1,4096,9,6380268912
8791,215054620,2870,215057490,6,0,1,8704,9,10292428061
8792,215174461,43904,215218365,2,0,0,512,10,1808185047
8793,215193031,47600,215240631,9,0,0,2560,5,10659890969
8794,215200130,1994,215202124,6,0,1,2048,9,7939770645
8795,215247921,43904,215291825,9,0,0,512,5,8236956338
8796,215345971,43904,215389875,9,0,0,512,5,9611298926
8797,215350510,1994,215352504,6,0,1,2048,9,4932683990
8798,215403860,52364,215456224,8,0,0,3072,3,3241997764
8799,215422210,123812,215546022,8,0,0,106496,3,8484166970
8800,215488260,1518,215489778,6,0,1,1536,9,1426461949
8801,215489301,69813,215559114,2,0,0,1024,10,2478432353
8802,215519520,29440,215548960,6,0,1,3072,9,2866593506
8803,215551711,43904,215595615,2,0,0,512,10,8877065580
8804,215607121,47288,215654409,2,0,0,1536,10,6286302970
8805,215668980,12049,215681029,3,0,1,19968,6,5076897291
8806,215680941,69284,215750225,2,0,0,512,10,2330125121
8807,215686030,108511,215794541,8,0,0,20480,3,2523228657
8808,215706321,53900,215760221,2,0,0,3072,10,2672623705
8809,215784690,144207,215928897,3,0,0,108032,6,10489289827
8810,215823631,67898,215891529,2,0,0,512,10,9854698788
8811,215841040,153633,215994673,8,0,0,28160,3,3374449440
8812,215877971,51112,215929083,2,0,0,512,10,2191510009
8813,215894210,34702,215928912,8,0,1,6656,3,6000933661
8814,215936370,212915,216149285,8,0,0,64000,3,564233835
8815,216018490,2870,216021360,6,0,1,8704,9,4801325132
8816,216125250,1518,216126768,8,0,1,1536,3,2087348205
8817,216155620,5802,216161422,8,0,1,6144,3,4929045495
8818,216155771,57058,216212829,2,0,0,1536,10,6973158156
8819,216181610,6278,216187888,6,0,1,6656,9,7492891094
8820,216196290,2470,216198760,8,0,1,2560,3,7128411676
8821,216212161,54051,216266212,2,0,0,1536,10,602160044
8822,216251840,98096,216349936,8,0,0,22016,3,10507819620
8823,216286290,3898,216290188,8,0,1,4096,3,3150708561
8824,216444880,55748,216500628,8,0,0,4096,3,2355222660
8825,216495120,107276,216602396,3,0,0,52224,6,10281614826
8826,216521810,216468,216738278,3,0,0,164352,6,2795865905
8827,216612920,180715,216793635,8,0,0,75264,3,313607122
8828,216638950,15579,216654529,8,0,1,30208,3,1774899564
8829,216674731,64038,216738769,9,0,0,1536,5,1419695623
8830,216686441,107677,216794118,2,0,0,1536,10,9458132567
8831,216718870,89776,216808646,8,0,0,11776,3,785718224
8832,216721741,97165,216818906,9,0,0,1024,5,2935792566
8833,216800891,43904,216844795,2,0,0,512,10,4694440933
8834,216836561,566,216837127,5,0,1,512,19,6035011306
8835,216858050,566,216858616,6,0,1,512,9,5035037575
8836,216868080,14117,216882197,9,0,1,24064,5,7764012176
8837,216870530,12653,216883183,9,0,1,1536,5,3136957987
8838,216882810,1518,216884328,4,0,1,1536,18,6134817155
8839,216897330,3422,216900752,4,0,1,3584,18,7564760518
8840,216911901,50672,216962573,2,0,0,2560,10,10369743682
8841,216955510,144665,217100175,8,0,0,26624,3,1737389630
8842,217000551,43904,217044455,9,0,0,512,5,8968351454
8843,217006370,1518,217007888,6,0,1,1536,9,2616867114
8844,217029841,1518,217031359,5,0,1,1536,19,7498783318
8845,217030251,6861,217037112,5,0,1,7168,19,6282622385
8846,217052850,4374,217057224,8,0,1,4608,3,7188969630
8847,217068880,566,217069446,9,0,1,512,5,1690826662
8848,217080400,2470,217082870,6,0,1,2560,9,7093758702
8849,217096071,152645,217248716,2,0,0,1024,10,2384799951
8850,217101370,218866,217320236,3,0,0,54272,6,3091192830
8851,217115970,1994,217117964,8,0,1,2048,3,7237349847
8852,217129590,99176,217228766,3,0,0,12288,6,6465927640
8853,217158790,2946,217161736,4,0,1,3072,18,8069414237
8854,217215830,4162,217219992,8,0,1,11264,3,9183789722
8855,217240900,5802,217246702,4,0,1,6144,18,5639479813
8856,217294340,167723,217462063,8,0,0,12800,3,5032081903
8857,217296551,4374,217300925,5,0,1,4608,19,5318225294
8858,217308570,246801,217555371,8,0,0,145920,3,5863274612
8859,217311790,108119,217419909,8,0,0,25088,3,4505021055
8860,217394590,5802,217400392,8,0,1,6144,3,3818886780
8861,217423200,4374,217427574,6,0,1,4608,9,7691834191
8862,217481770,1518,217483288,6,0,1,1536,9,1476549536
8863,217488820,68454,217557274,8,0,0,6144,3,3955002032
8864,217530780,31390,217562170,8,0,1,12800,3,5862948784
8865,217547140,134069,217681209,3,0,0,94208,6,7699105512
8866,217584040,5454,217589494,6,0,1,13824,9,6593505327
8867,217592231,90709,217682940,2,0,0,5632,10,7683352020
8868,217678330,8500,217686830,6,0,1,4096,9,9540841357
8869,217738420,566,217738986,8,0,1,512,3,3684914370
8870,217747981,45596,217793577,9,0,0,1024,5,10290144662
8871,217750170,3645,217753815,6,0,1,10240,9,4284975371
8872,217782220,6278,217788498,6,0,1,6656,9,1205662890
8873,217827651,3898,217831549,5,0,1,4096,19,6084578185
8874,217869861,43904,217913765,9,0,0,512,5,4011702661
8875,217895750,2470,217898220,4,0,1,2560,18,9282336405
8876,217917430,1994,217919424,8,0,1,2048,3,8129413084
8877,217943910,136026,218079936,8,0,0,86528,3,2460340455
8878,217945080,170952,218116032,8,0,0,6144,3,967059591
8879,218024280,566,218024846,4,0,1,512,18,9918343614
8880,218039090,76957,218116047,3,0,1,126976,6,1397285146
8881,218045460,89768,218135228,3,0,1,65536,6,8711994616
8882,218079420,198404,218277824,8,0,0,29184,3,10341189007
8883,218099130,67357,218166487,3,0,1,108544,6,2854025895
8884,218100780,67973,218168753,6,0,1,3584,9,7011009744
8885,218185270,119260,218304530,3,0,0,47616,6,3172973553
8886,218187590,23120,218210710,3,0,1,41472,6,854003159
8887,218188170,96597,218284767,3,0,1,137728,6,5352661668
8888,218188420,97013,218285433,6,0,1,1024,9,9506547025
8889,218208010,96535,218304545,3,0,1,31744,6,5289024266
8890,218456140,23983,218480123,3,0,1,39936,6,7501656597
8891,218490470,40616,218531086,3,0,1,65536,6,6808644131
8892,218491190,44722,218535912,4,0,1,7680,18,4291071033
8893,218501920,34658,218536578,6,0,1,1024,9,4863232230
8894,218511360,41078,218552438,3,0,1,51200,6,2556234431
8895,218526300,26804,218553104,4,0,1,1024,18,5230952413
8896,218545190,243804,218788994,8,0,0,24576,3,7558694341
8897,218557920,202295,218760215,8,0,0,29184,3,3407699070
8898,218603770,12825,218616595,3,0,1,21504,6,5718842421
8899,218604490,37405,218641895,3,0,1,51200,6,3325668299
8900,218630270,13891,218644161,6,0,1,3584,9,3813654665
8901,218710261,63064,218773325,9,0,0,512,5,4053964424
8902,218732440,4850,218737290,4,0,1,5120,18,3901411289
8903,218744620,211785,218956405,3,0,0,1536,6,4369442034
8904,218795991,53344,218849335,9,0,0,1024,5,6001264685
8905,218838900,566,218839466,4,0,1,512,18,3349494667
8906,218922080,114296,219036376,3,0,0,75264,6,2595588627
8907,218925371,111332,219036703,2,0,0,1024,10,716305826
8908,218961830,1994,218963824,4,0,1,2048,18,8914392918
8909,218965940,76274,219042214,3,0,0,2560,6,4780118575
8910,218973531,63811,219037342,2,0,0,2048,10,7528675293
8911,219041510,35491,219077001,3,0,1,60928,6,9343985966
8912,219091040,175339,219266379,8,0,0,15872,3,8154025687
8913,219096791,59096,219155887,9,0,0,1024,5,2375017806
8914,219138820,16613,219155433,3,0,1,32256,6,4096160468
8915,219141110,63335,219204445,8,0,0,4096,3,4397537023
8916,219150791,134446,219285237,9,0,0,1024,5,5073261049
8917,219268340,4679,219273019,3,0,1,12288,6,7984429736
8918,219334341,114272,219448613,9,0,0,512,5,2045439156
8919,219355760,178383,219534143,3,0,0,53248,6,1053103991
8920,219362310,11533,219373843,4,0,1,18944,18,4123800462
8921,219405691,45596,219451287,2,0,0,1024,10,1775248371
8922,219420230,13770,219434000,4,0,1,26624,18,8856490228
8923,219426251,48262,219474513,2,0,0,512,10,3625572478
8924,219442551,68762,219511313,9,0,0,1536,5,519316633
8925,219526621,51418,219578039,9,0,0,512,5,9860564840
8926,219556320,82217,219638537,3,0,0,21504,6,818109323
8927,219566830,11274,219578104,4,0,1,18432,18,7873274158
8928,219655640,44404,219700044,3,0,1,76288,6,3875533825
8929,219727120,187494,219914614,3,0,0,68096,6,5903399829
8930,219733040,103688,219836728,3,0,0,40448,6,4074002348
8931,219891200,105560,219996760,3,0,0,46592,6,3327136749
8932,219947990,73496,220021486,3,0,0,5632,6,1745091091
8933,219969890,343187,220313077,8,0,0,222720,3,1244004617
8934,219978450,18325,219996775,3,0,1,12288,6,6900737940
8935,219980510,264505,220245015,3,0,0,157696,6,2185691382
8936,219988830,11841,220000671,3,0,1,10752,6,6855031838
8937,220002841,242345,220245186,9,0,0,512,5,8542780975
8938,220126000,207536,220333536,3,0,0,67072,6,4854349814
8939,220161710,26221,220187931,3,0,1,47616,6,6129790077
8940,220212390,201249,220413639,3,0,0,43520,6,1353711866
8941,220218790,114769,220333559,3,0,1,21504,6,5133205076
8942,220312341,118213,220430554,2,0,0,512,10,902305015
8943,220330080,55845,220385925,3,0,0,3072,6,9976732802
8944,220342420,2946,220345366,4,0,1,3072,18,913580790
8945,220359101,54709,220413810,2,0,0,512,10,1248240142
8946,220414850,166472,220581322,3,0,0,3072,6,3031275460
8947,220418731,52364,220471095,2,0,0,3072,10,9257693347
8948,220437650,124124,220561774,3,0,0,107520,6,2498312282
8949,220482341,90521,220572862,2,0,0,512,10,561296393
8950,220516590,134470,220651060,8,0,0,29184,3,1448167036
8951,220527990,33799,220561789,8,0,1,25600,3,7523757234
8952,220542270,20570,220562840,8,0,1,1024,3,657704843
8953,220552311,99746,220652057,2,0,0,1024,10,5311588541
8954,220565450,5802,220571252,8,0,1,6144,3,4249695611
8955,220607040,62516,220669556,8,0,0,6144,3,10325762333
8956,220633840,22174,220656014,3,0,1,36352,6,4873341532
8957,220783380,42424,220825804,3,0,1,69120,6,8257862389
8958,220865930,150091,221016021,3,0,0,39936,6,10565945259
8959,221003650,75037,221078687,3,0,1,125952,6,8970393348
8960,221027871,87609,221115480,9,0,0,512,5,494828250
8961,221056090,28294,221084384,3,0,1,18944,6,3659829728
8962,221061620,23110,221084730,8,0,1,512,3,2724126276
8963,221079570,52808,221132378,3,0,1,86016,6,6875776299
8964,221097560,35791,221133351,8,0,1,12800,3,10199527727
8965,221110821,93008,221203829,2,0,0,1024,10,9566923978
8966,221124080,214503,221338583,3,0,0,24064,6,8396969534
8967,221142871,233240,221376111,9,0,0,512,5,10175033652
8968,221159480,84425,221243905,3,0,0,5120,6,4277745675
8969,221174471,104693,221279164,9,0,0,512,5,8430965947
8970,221191751,89516,221281267,2,0,0,5632,10,9850828561
8971,221203961,92798,221296759,9,0,0,512,5,1375876918
8972,221273370,1518,221274888,9,0,1,1536,5,7370295966
8973,221291610,220292,221511902,8,0,0,31744,3,1610589077
8974,221314500,48980,221363480,3,0,0,2048,6,9055055989
8975,221321080,181135,221502215,8,0,0,68608,3,7098541998
8976,221333690,69873,221403563,3,0,0,9216,6,3186749978
8977,221363391,68924,221432315,9,0,0,512,5,8861597209
8978,221373970,166852,221540822,8,0,0,24576,3,449203250
8979,221465000,56079,221521079,3,0,1,95744,6,7786292947
8980,221479630,137512,221617142,8,0,0,45568,3,2676329988
8981,221502720,21585,221524305,8,0,1,5120,3,1474677156
8982,221503471,180139,221683610,2,0,0,102400,10,2891543170
8983,221720500,4937,221725437,3,0,1,12800,6,2215879054
8984,221722341,112474,221834815,9,0,0,1024,5,9014501384
8985,221748941,127000,221875941,2,0,0,110592,10,2544153106
8986,221803720,4374,221808094,3,0,1,4608,6,1576514269
8987,221805321,70791,221876112,9,0,0,512,5,858214739
8988,221902610,2946,221905556,8,0,1,3072,3,9305331753
8989,221945860,43904,221989764,3,0,0,512,6,1275627319
8990,221959891,43904,222003795,9,0,0,512,5,2816860819
8991,221998490,3904,222002394,8,0,1,10752,3,5833545036
8992,222069070,2946,222072016,7,0,1,3072,6,8702617328
8993,222088790,1994,222090784,7,0,1,2048,6,3645382756
8994,222112360,1042,222113402,7,0,1,1024,6,8770658480
8995,222114161,44527,222158688,9,0,0,512,5,179510470
8996,222273270,1518,222274788,2,0,1,1536,10,4946906035
8997,222299811,45596,222345407,9,0,0,1024,5,995929540
8998,222322510,566,222323076,0,0,1,512,6,1368573301
8999,222324341,137907,222462248,2,0,0,1536,10,6730916731
9000,222324861,129272,222454133,2,0,0,124416,10,2229470351
9001,222352470,101990,222454460,3,0,0,1024,6,9466560558
9002,222403070,1994,222405064,7,0,1,2048,6,5834493114
9003,222409681,3422,222413103,5,0,1,3584,19,7345907556
9004,222414670,47095,222461765,3,0,0,1024,6,201572176
9005,222483590,47444,222531034,3,0,0,2048,6,3965316860
9006,222509510,6754,222516264,7,0,1,7168,6,561844426
9007,222532990,1518,222534508,8,0,1,1536,3,439021385
9008,222569120,3898,222573018,0,0,1,4096,6,6330631222
9009,222600280,2870,222603150,7,0,1,8704,6,4929370382
9010,222706420,1042,222707462,8,0,1,1024,3,10373075133
9011,222707950,182427,222890377,8,0,0,44032,3,4967255416
9012,222729750,98756,222828506,8,0,0,23040,3,6141770260
9013,222749080,79753,222828833,3,0,0,1024,6,887963977
9014,222781040,130896,222911936,8,0,0,53760,3,8849342195
9015,222846171,125111,222971282,2,0,0,25600,10,4464845043
9016,222849850,5326,222855176,8,0,1,5632,3,2153363665
9017,222870430,245099,223115529,8,0,0,39424,3,3647312039
9018,222926030,6754,222932784,7,0,1,7168,6,1343365149
9019,222963001,207694,223170695,2,0,0,111104,10,1905706000
9020,222985890,144933,223130823,8,0,0,17920,3,9452238970
9021,222993880,43904,223037784,3,0,0,512,6,9180878087
9022,223000210,2946,223003156,0,0,1,3072,6,2927478378
9023,223004560,566,223005126,7,0,1,512,6,3954851438
9024,223032770,143438,223176208,8,0,0,2560,3,9358906594
9025,223037001,137765,223174766,2,0,0,13312,10,3369941498
9026,223086600,109606,223196206,3,0,0,1536,6,9435658760
9027,223096871,123249,223220120,2,0,0,16384,10,7249752016
9028,223101930,13614,223115544,0,0,1,10240,6,4391736080
9029,223105690,10454,223116144,8,0,1,512,3,9496996812
9030,223106720,68693,223175413,3,0,0,2048,6,5986312768
9031,223111881,108410,223220291,9,0,0,512,5,7816561374
9032,223160230,168250,223328480,3,0,0,512,6,2162816513
9033,223213590,6716,223220306,8,0,1,5632,3,2718814294
9034,223258630,5326,223263956,7,0,1,5632,6,76255249
9035,223306751,121838,223428589,2,0,0,31744,10,8556797249
9036,223316810,5971,223322781,9,0,1,14848,5,8010283972
9037,223325180,1518,223326698,7,0,1,1536,6,9243662628
9038,223327741,45596,223373337,9,0,0,1024,5,5717204762
9039,223334870,5802,223340672,9,0,1,6144,5,10237923149
9040,223342810,7706,223350516,8,0,1,8192,3,8100633296
9041,223366101,244265,223610366,2,0,0,92160,10,10101869571
9042,223372020,2470,223374490,0,0,1,2560,6,4686910373
9043,223379410,1518,223380928,0,0,1,1536,6,10269905031
9044,223389891,43904,223433795,9,0,0,512,5,51495132
9045,223401370,114975,223516345,4,0,0,1536,18,9331558801
9046,223413470,4162,223417632,9,0,1,11264,5,7290627522
9047,223455830,255333,223711163,8,0,0,118272,3,4615719071
9048,223458240,566,223458806,9,0,1,512,5,6221578824
9049,223471250,1518,223472768,2,0,1,1536,10,2682283255
9050,223471680,5413,223477093,0,0,1,5632,6,3673948808
9051,223486510,5326,223491836,2,0,1,5632,10,6362255364
9052,223493600,13083,223506683,7,0,1,22016,6,7187882279
9053,223525890,21916,223547806,7,0,1,35840,6,1909969699
9054,223541120,7032,223548152,9,0,1,512,5,232319556
9055,223571570,90732,223662302,3,0,0,1024,6,7909244271
9056,223576750,1042,223577792,7,0,1,1024,6,135328962
9057,223582350,31021,223613371,9,0,1,3072,5,7598356072
9058,223583831,35236,223619067,5,0,1,8192,19,1697850512
9059,223596281,72808,223669089,9,0,0,3072,5,9612909978
9060,223600990,22583,223623573,9,0,1,7168,5,6964017126
9061,223625290,4850,223630140,2,0,1,5120,10,3841303191
9062,223630180,13858,223644038,8,0,1,23552,3,2575250404
9063,223694850,160259,223855109,3,0,0,2560,6,3920284777
9064,223724490,2470,223726960,2,0,1,2560,10,6371637029
9065,223767010,3898,223770908,7,0,1,4096,6,10598217220
9066,223837890,3904,223841794,2,0,1,10752,10,4611633313
9067,223849630,6488,223856118,7,0,1,15872,6,560313313
9068,223853550,150150,224003700,8,0,0,19456,3,9375443688
9069,223875940,5712,223881652,8,0,1,14336,3,8164060600
9070,223891110,3128,223894238,9,0,1,9216,5,9929896785
9071,223899400,93152,223992552,8,0,0,20992,3,4375485537
9072,223907810,1042,223908852,2,0,1,1024,10,372411115
9073,223919400,2946,223922346,9,0,1,3072,5,4695773854
9074,223945800,3898,223949698,9,0,1,4096,5,5286650536
9075,223946860,126157,224073017,8,0,1,208384,3,777800585
9076,223962640,111043,224073683,7,0,1,1024,6,9780950557
9077,223999751,158852,224158603,2,0,0,2048,10,9609758164
9078,224037710,38559,224076269,9,0,1,4096,5,1301894256
9079,224057850,19187,224077037,4,0,1,11776,18,10358026295
9080,224058050,20613,224078663,7,0,1,2560,6,4600752166
9081,224078330,1518,224079848,9,0,1,1536,5,4585555831
9082,224083321,98196,224181517,9,0,0,512,5,10446540740
9083,224101120,4850,224105970,2,0,1,5120,10,6755115410
9084,224125290,10757,224136047,8,0,1,17408,3,2977872151
9085,224150611,43904,224194515,9,0,0,512,5,4218144600
9086,224161650,5802,224167452,4,0,1,6144,18,6473378135
9087,224170991,151288,224322279,9,0,0,1536,5,4237136142
9088,224186760,10757,224197517,4,0,1,17408,18,5467949086
9089,224199151,148088,224347239,2,0,0,17920,10,10447980870
9090,224200930,53495,224254425,8,0,1,90624,3,7433832703
9091,224215351,73451,224288802,9,0,0,3072,5,2394337990
9092,224233800,24811,224258611,9,0,1,6656,5,9749182209
9093,224264981,96738,224361719,9,0,0,9216,5,7174451336
9094,224278190,72792,224350982,3,0,0,512,6,3987222975
9095,224284041,123794,224407835,2,0,0,2048,10,4540936705
9096,224289051,61760,224350811,2,0,0,8704,10,1189888469
9097,224324331,127941,224452272,9,0,0,512,5,1926883201
9098,224331790,95305,224427095,8,0,0,14848,3,2925061846
9099,224381751,82706,224464457,2,0,0,15360,10,717945549
9100,224434990,3645,224438635,4,0,1,10240,18,6773254248
9101,224440060,7230,224447290,9,0,1,7680,5,7907025613
9102,224463280,3639,224466919,9,0,1,2560,5,9769128773
9103,224485261,99807,224585068,9,0,0,4096,5,7099398635
9104,224495150,4850,224500000,9,0,1,5120,5,5917379156
9105,224503640,4850,224508490,4,0,1,5120,18,3549952973
9106,224504450,6306,224510756,7,0,1,3584,6,10057075512
9107,224505890,8092,224513982,9,0,1,5120,5,5212491474
9108,224537830,4937,224542767,8,0,1,12800,3,2002142724
9109,224555440,4374,224559814,8,0,1,4608,3,3163436076
9110,224628880,1518,224630398,8,0,1,1536,3,7569137921
9111,224690600,1518,224692118,7,0,1,1536,6,5017300444
9112,224691450,43904,224735354,3,0,0,512,6,8657161896
9113,224741291,61604,224802895,2,0,0,8192,10,5888930643
9114,224751910,45596,224797506,3,0,0,1024,6,7432637997
9115,224771860,47288,224819148,3,0,0,1536,6,8870087523
9116,224870110,59132,224929242,8,0,0,5120,3,9972650367
9117,224917361,75920,224993281,9,0,0,14848,5,9550494994
9118,224918400,10857,224929257,7,0,1,16896,6,2207211635
9119,224932560,3422,224935982,0,0,1,3584,6,1148138000
9120,224933260,66150,224999410,3,0,0,512,6,8471995548
9121,224966510,5802,224972312,7,0,1,6144,6,1836974075
9122,224981620,6754,224988374,1,0,1,7168,17,4351534351
9123,224992120,3623,224995743,8,0,1,2560,3,4121708900
9124,224998880,3898,225002778,3,0,1,4096,6,8424667053
9125,225021550,1042,225022592,7,0,1,1024,6,1307334975
9126,225024640,1042,225025682,1,0,1,1024,17,5076910096
9127,225223171,124778,225347949,2,0,0,33280,10,6781516885
9128,225239470,7230,225246700,7,0,1,7680,6,5924988013
9129,225253030,566,225253596,6,0,1,512,9,8068037602
9130,225269070,112587,225381657,3,0,0,512,6,1057723421
9131,225280350,48980,225329330,3,0,0,2048,6,4621492300
9132,225283610,47288,225330898,3,0,0,1536,6,6552911659
9133,225315660,5971,225321631,0,0,1,14848,6,3199983082
9134,225347090,1434,225348524,0,0,1,512,6,9291752919
9135,225347170,4331,225351501,7,0,1,9728,6,9690450974
9136,225362110,7706,225369816,6,0,1,8192,9,1393550329
9137,225379110,4162,225383272,1,0,1,11264,17,7316464808
9138,225382290,3954,225386244,0,0,1,10240,6,10268604128
9139,225397700,3387,225401087,6,0,1,9728,9,3963584291
9140,225424720,4420,225429140,8,0,1,11776,3,10477624527
9141,225426150,136900,225563050,3,0,0,3072,6,1343174676
9142,225489721,200298,225690019,2,0,0,44032,10,1034832577
9143,225501541,126660,225628201,2,0,0,47104,10,7420725808
9144,225506121,77828,225583949,9,0,0,1024,5,448977317
9145,225518270,2870,225521140,1,0,1,8704,17,7935742810
9146,225523060,5802,225528862,0,0,1,6144,6,4432708654
9147,225569431,72668,225642099,9,0,0,9216,5,4097399561
9148,225574370,1518,225575888,0,0,1,1536,6,8464493233
9149,225581860,6229,225588089,7,0,1,15360,6,10298445617
9150,225584280,6075,225590355,6,0,1,3584,9,2692053769
9151,225612290,86315,225698605,4,0,0,512,18,5489366495
9152,225644060,118139,225762199,8,0,0,26624,3,3987723496
9153,225670950,1994,225672944,4,0,1,2048,18,916859730
9154,225671690,2240,225673930,8,0,1,1536,3,1411701312
9155,225671810,3746,225675556,6,0,1,2560,9,1782858034
9156,225685880,17472,225703352,4,0,1,22528,18,8346318810
9157,225733710,115145,225848855,8,0,0,24576,3,4741833045
9158,225756090,115249,225871339,8,0,0,58368,3,3508056005
9159,225767780,2470,225770250,6,0,1,2560,9,3587534671
9160,225791821,107424,225899245,2,0,0,7680,10,9847154657
9161,225855820,19432,225875252,0,0,1,10752,6,355463128
9162,225866520,12008,225878528,1,0,1,10752,17,6372280951
9163,225894540,11016,225905556,6,0,1,17920,9,1778418450
9164,225895940,14122,225910062,0,0,1,7168,6,5332953486
9165,225928760,5326,225934086,6,0,1,5632,9,1439921357
9166,225931510,4202,225935712,1,0,1,2560,17,46732316
9167,225986850,3128,225989978,0,0,1,9216,6,9622089415
9168,225996191,102500,226098691,9,0,0,16896,5,7100725291
9169,226010740,3898,226014638,0,0,1,4096,6,6357022249
9170,226033810,3422,226037232,4,0,1,3584,18,589988947
9171,226055520,2946,226058466,6,0,1,3072,9,8656394962
9172,226056730,2402,226059132,1,0,1,1024,17,9150268793
9173,226069460,1518,226070978,8,0,1,1536,3,426412127
9174,226100150,6278,226106428,1,0,1,6656,17,9647783790
9175,226118750,3387,226122137,4,0,1,9728,18,1304700624
9176,226132510,5326,226137836,4,0,1,5632,18,1235029291
9177,226144960,2870,226147830,6,0,1,8704,9,7241019844
9178,226149341,146042,226295383,2,0,0,20480,10,3354932568
9179,226189640,566,226190206,6,0,1,512,9,8966549994
9180,226209140,1518,226210658,6,0,1,1536,9,2015513297
9181,226215640,79914,226295554,3,0,0,512,6,7568086603
9182,226217560,43904,226261464,3,0,0,512,6,5928701853
9183,226246220,3898,226250118,0,0,1,4096,6,6405769567
9184,226249690,4850,226254540,1,0,1,5120,17,10482454576
9185,226258810,4679,226263489,6,0,1,12288,9,1399309040
9186,226274950,3128,226278078,4,0,1,9216,18,8983103309
9187,226310311,181502,226491813,9,0,0,3584,5,10385019459
9188,226311310,11791,226323101,4,0,1,19456,18,6631458623
9189,226326050,7706,226333756,6,0,1,8192,9,9012712715
9190,226338340,7706,226346046,6,0,1,8192,9,10004304411
9191,226339061,116999,226456060,2,0,0,7168,10,48925701
9192,226341560,5472,226347032,1,0,1,1536,17,5394662866
9193,226348710,566,226349276,4,0,1,512,18,10303299328
9194,226351110,566,226351676,0,0,1,512,6,1120901435
9195,226365900,155275,226521175,8,0,0,95232,3,111074849
9196,226402710,1042,226403752,6,0,1,1024,9,1015644861
9197,226440630,43904,226484534,3,0,0,512,6,8583136028
9198,226468781,68372,226537153,2,0,0,10240,10,6434459406
9199,226510070,12632,226522702,1,0,1,1536,17,8472187625
9200,226517030,53142,226570172,3,0,0,2048,6,3806717291
9201,226542220,65416,226607636,3,0,0,512,6,2711891819
9202,226548070,103376,226651446,8,0,0,39424,3,1437771910
9203,226561340,7706,226569046,4,0,1,8192,18,8204777558
9204,226598490,129744,226728234,8,0,0,22016,3,5011742037
9205,226613520,4850,226618370,6,0,1,5120,9,1457015574
9206,226647350,7986,226655336,9,0,1,4096,5,1455924577
9207,226663470,7230,226670700,0,0,1,7680,6,1165143035
9208,226664420,171615,226836035,8,0,0,39936,3,4417889168
9209,226669220,2786,226672006,1,0,1,2048,17,6895446546
9210,226683351,129009,226812360,2,0,0,70144,10,2484600139
9211,226736241,192188,226928429,9,0,0,115200,5,8532329991
9212,226737530,4420,226741950,4,0,1,11776,18,8571836243
9213,226781010,6278,226787288,4,0,1,6656,18,4869859343
9214,226789100,23275,226812375,4,0,1,3584,18,8184131959
9215,226793480,20422,226813902,4,0,1,1536,18,6820837058
9216,226808420,7108,226815528,0,0,1,2560,6,8404647422
9217,226815020,3422,226818442,0,0,1,3584,6,658407597
9218,226818440,566,226819006,0,0,1,512,6,3148489303
9219,226824190,15276,226839466,0,0,1,3584,6,5444314061
9220,226827040,102036,226929076,3,0,0,2048,6,7958084505
9221,226839160,264912,227104072,8,0,0,77312,3,6835958427
9222,226843600,7706,226851306,6,0,1,8192,9,2453046737
9223,226849090,3387,226852477,4,0,1,9728,18,3548480545
9224,226854830,4374,226859204,0,0,1,4608,6,3688317835
9225,226907280,28033,226935313,0,0,1,6656,6,9439116028
9226,226941021,208135,227149156,2,0,0,94208,10,2104560069
9227,226959700,4850,226964550,0,0,1,5120,6,3579522266
9228,227004461,158906,227163367,2,0,0,46592,10,1707229181
9229,227007000,53237,227060237,3,0,1,90112,6,9883799290
9230,227020951,348060,227369011,2,0,0,69632,10,8063115920
9231,227030351,181674,227212025,9,0,0,6144,5,3021264530
9232,227098991,203268,227302259,9,0,0,72192,5,5679869920
9233,227225531,92404,227317935,9,0,0,6144,5,7624015523
9234,227268130,103203,227371333,3,0,0,512,6,3929569298
9235,227302141,81036,227383177,2,0,0,4096,10,2474314471
9236,227305080,64102,227369182,3,0,0,512,6,4125043066
9237,227308820,1518,227310338,0,0,1,1536,6,2196910108
9238,227360070,11991,227372061,0,0,1,8704,6,3958681122
9239,227362750,9659,227372409,0,0,1,512,6,7931799909
9240,227382620,48658,227431278,4,0,0,1536,18,8646892375
9241,227383990,115862,227499852,8,0,0,38400,3,787616244
9242,227384240,51646,227435886,3,0,0,1536,6,6639315023
9243,227417090,4374,227421464,3,0,1,4608,6,1779267796
9244,227470841,91640,227562481,9,0,0,26112,5,5412315334
9245,227488050,23378,227511428,3,0,1,41984,6,10211879737
9246,227489140,33409,227522549,3,0,1,35328,6,4360127756
9247,227527391,272200,227799591,2,0,0,41472,10,7411520024
9248,227543351,81708,227625059,9,0,0,15872,5,7834168912
9249,227562790,10499,227573289,0,0,1,16896,6,4151209714
9250,227595961,156583,227752544,2,0,0,32768,10,4910681106
9251,227674650,4374,227679024,0,0,1,4608,6,7645939392
9252,227739970,12589,227752559,0,0,1,15872,6,9472841036
9253,227753540,161807,227915347,3,0,0,1024,6,3886674503
9254,227786370,30491,227816861,3,0,1,49152,6,9207405103
9255,227823771,217684,228041455,9,0,0,29696,5,130876727
9256,227823880,331912,228155792,3,0,0,1024,6,6087222957
9257,227824740,2946,227827686,9,0,1,3072,5,8722320548
9258,227856760,1042,227857802,8,0,1,1024,3,6676800846
9259,227878760,64395,227943155,3,0,1,108544,6,2107309353
9260,227921370,107269,228028639,3,0,0,512,6,10457724058
9261,227930461,71724,228002185,9,0,0,512,5,2536237041
9262,227944960,3904,227948864,9,0,1,10752,5,10306201745
9263,227946321,129500,228075821,9,0,0,32256,5,3727889335
9264,227972300,12825,227985125,3,0,1,21504,6,7165666367
9265,228008180,2946,228011126,6,0,1,3072,9,7177165120
9266,228023610,566,228024176,9,0,1,512,5,1844186403
9267,228024600,7230,228031830,3,0,1,7680,6,7913585331
9268,228037430,8437,228045867,9,0,1,11776,5,2009615267
9269,228087021,75539,228162560,2,0,0,3072,10,8032537085
9270,228087170,36087,228123257,3,0,1,63488,6,5849710960
9271,228186631,106183,228292814,2,0,0,36352,10,6663059678
9272,228191910,110889,228302799,8,0,0,15872,3,9057102863
9273,228198700,2870,228201570,9,0,1,8704,5,7768892630
9274,228258270,53237,228311507,3,0,1,90112,6,2914312109
9275,228267930,46483,228314413,9,0,1,4608,5,5100464595
9276,228322250,36087,228358337,3,0,1,63488,6,3403146814
9277,228330180,29783,228359963,9,0,1,2560,5,4338537907
9278,228352501,291104,228643605,9,0,0,37888,5,8787459379
9279,228385191,110887,228496078,2,0,0,10240,10,1026834439
9280,228456880,220386,228677266,8,0,0,104448,3,4701948783
9281,228462770,115718,228578488,8,0,0,52736,3,8611835066
9282,228480120,566,228480686,2,0,1,512,10,9540535183
9283,228519781,198387,228718168,2,0,0,50176,10,10231861983
9284,228531430,5326,228536756,0,0,1,5632,6,9283753023
9285,228548370,129067,228677437,3,0,0,512,6,841882448
9286,228704140,59616,228763756,3,0,0,1024,6,2728662647
9287,228748230,82666,228830896,3,0,1,134144,6,4379781245
9288,228801931,140044,228941975,9,0,0,34304,5,2277171680
9289,228804081,290263,229094344,9,0,0,184832,5,4852241720
9290,228857450,2946,228860396,9,0,1,3072,5,8077914585
9291,228862261,236778,229099039,2,0,0,15360,10,8481716966
9292,228953371,172661,229126032,2,0,0,59904,10,310895981
9293,228975320,45596,229020916,8,0,0,1024,3,6098182
9294,229013840,85214,229099054,3,0,1,51200,6,6140809418
9295,229037570,257715,229295285,8,0,0,81920,3,684955101
9296,229037920,61149,229099069,3,0,1,8192,6,7679219276
9297,229053980,52353,229106333,9,0,1,7680,5,2478975660
9298,229065040,83406,229148446,0,0,0,512,6,7262864307
9299,229093440,14199,229107639,0,0,1,2048,6,8112688973
9300,229105010,126184,229231194,8,0,0,40960,3,9448787169
9301,229135470,161527,229296997,8,0,0,2560,3,9502031592
9302,229180340,7706,229188046,9,0,1,8192,5,1022241953
9303,229184540,132649,229317189,8,0,0,36864,3,5810622049
9304,229186250,240794,229427044,8,0,0,57344,3,29874016
9305,229190340,5802,229196142,0,0,1,6144,6,2113077807
9306,229196161,169122,229365283,2,0,0,79360,10,8697764589
9307,229223971,267955,229491926,2,0,0,45056,10,10679719320
9308,229299890,3904,229303794,3,0,1,10752,6,10575397735
9309,229304770,145039,229449809,8,0,0,40448,3,10392501764
9310,229318930,3898,229322828,9,0,1,4096,5,1236341064
9311,229325401,126927,229452328,2,0,0,8192,10,3020034684
9312,229326021,175124,229501145,9,0,0,30208,5,3221353206
9313,229353880,15769,229369649,0,0,1,4608,6,6383523790
9314,229379110,10241,229389351,3,0,1,16384,6,4248258872
9315,229386030,5587,229391617,9,0,1,3584,5,3326018122
9316,229440621,112480,229553101,9,0,0,34816,5,10334969798
9317,229454700,14804,229469504,9,0,1,28672,5,9539485367
9318,229496021,108305,229604326,2,0,0,3072,10,4002672542
9319,229579571,48573,229628144,2,0,0,1536,10,65954375
9320,229592290,72668,229664958,8,0,0,9216,3,10434948160
9321,229602910,6278,229609188,9,0,1,6656,5,687245356
9322,229631340,62674,229694014,3,0,1,101888,6,2330728075
9323,229645330,53830,229699160,9,0,1,8192,5,1508535602
9324,229718560,208627,229927187,3,0,0,512,6,6718059834
9325,229756530,2870,229759400,3,0,1,8704,6,3412205627
9326,229777300,239770,230017070,8,0,0,51200,3,10699490157
9327,229783590,60866,229844456,3,0,1,98304,6,5568024199
9328,229794851,206604,230001455,2,0,0,82944,10,7505571251
9329,229845050,12825,229857875,0,0,1,21504,6,10649906261
9330,229850740,166657,230017397,3,0,0,1024,6,10466064679
9331,229861421,288046,230149467,2,0,0,21504,10,1000189789
9332,229907601,1042,229908643,5,0,1,1024,19,9405976411
9333,230003870,20749,230024619,4,0,1,7680,18,8171641887
9334,230041790,1042,230042832,0,0,1,1024,6,1641420273
9335,230052571,4420,230056991,5,0,1,11776,19,7805685670
9336,230133431,117048,230250479,9,0,0,44544,5,6352116939
9337,230159051,171108,230330159,9,0,0,87040,5,8291140077
9338,230169770,566,230170336,9,0,1,512,5,7850094390
9339,230171430,566,230171996,9,0,1,512,5,2138679509
9340,230173890,78217,230252107,3,0,0,512,6,3661628757
9341,230207500,1042,230208542,0,0,1,1024,6,654270254
9342,230236510,13984,230250494,9,0,1,19968,5,1138885543
9343,230257670,566,230258236,0,0,1,512,6,9232660888
9344,230346680,43904,230390584,3,0,0,512,6,3232434179
9345,230384571,78056,230462627,9,0,0,11776,5,4534979676
9346,230428511,3422,230431933,5,0,1,3584,19,5222280125
9347,230507581,80708,230588289,9,0,0,20480,5,8512146633
9348,230514660,12737,230527397,3,0,1,24576,6,8063472937
9349,230560701,156750,230717451,2,0,0,512,10,10680495651
9350,230615860,31524,230647384,3,0,1,51200,6,5277074261
9351,230625441,22929,230648370,5,0,1,1536,19,1104807234
9352,230635240,36087,230671327,3,0,1,63488,6,7759736133
9353,230636160,36652,230672812,3,0,1,15360,6,8225851781
9354,230639501,260455,230899956,2,0,0,9728,10,9876559270
9355,230647030,108097,230755127,8,0,0,29696,3,7537187290
9356,230647360,142379,230789739,3,0,0,512,6,1077211298
9357,230664211,164331,230828542,9,0,0,102912,5,2975863569
9358,230668831,88807,230757638,2,0,0,8192,10,6507999042
9359,230681781,3898,230685679,5,0,1,4096,19,4318531526
9360,230706321,190648,230896969,2,0,0,78336,10,4339912894
9361,230762690,21916,230784606,3,0,1,35840,6,238521170
9362,230785190,43375,230828565,3,0,1,57856,6,75557944
9363,230791311,50589,230841900,5,0,1,22528,19,4996593730
9364,230824030,252213,231076243,8,0,0,46592,3,8414842857
9365,230884431,254399,231138830,2,0,0,43008,10,8934195420
9366,230904371,6278,230910649,5,0,1,6656,19,5166409074
9367,230917560,24242,230941802,3,0,1,40448,6,8780111335
9368,230942860,43628,230986488,3,0,1,74752,6,1333212086
9369,230977131,165515,231142646,2,0,0,5120,10,7944819211
9370,231018201,1518,231019719,5,0,1,1536,19,8296871723
9371,231035360,169828,231205188,3,0,0,2048,6,7180608842
9372,231165951,43904,231209855,2,0,0,512,10,1981500908
9373,231194530,65429,231259959,3,0,1,110592,6,6412487214
9374,231202030,189084,231391114,8,0,0,36864,3,2634621259
9375,231213430,57666,231271096,3,0,1,36864,6,1688867201
9376,231262170,9912,231272082,2,0,1,1536,10,870299506
9377,231275010,4374,231279384,4,0,1,4608,18,912238732
9378,231359010,3898,231362908,2,0,1,4096,10,3659351023
9379,231403110,45596,231448706,3,0,0,1024,6,288062598
9380,231406771,59192,231465963,2,0,0,1024,10,4012221576
9381,231445330,43904,231489234,3,0,0,512,6,8794892502
9382,231458400,4162,231462562,2,0,1,11264,10,8548262506
9383,231560520,2870,231563390,4,0,1,8704,18,1607761603
9384,231586890,43904,231630794,3,0,0,512,6,9913865368
9385,231609120,22950,231632070,4,0,1,37888,18,2951060776
9386,231620310,74494,231694804,3,0,1,120832,6,7029375778
9387,231633000,62885,231695885,2,0,1,13312,10,9786729128
9388,231683751,171766,231855517,2,0,0,1536,10,8849865856
9389,231690270,7876,231698146,2,0,1,3584,10,5460317210
9390,231695821,2991,231698812,5,0,1,1024,19,797552713
9391,231696391,3128,231699519,5,0,1,9216,19,4674878615
9392,231713090,64786,231777876,3,0,0,2048,6,8807524110
9393,231724000,1042,231725042,4,0,1,1024,18,3501886663
9394,231803961,2470,231806431,5,0,1,2560,19,2748509008
9395,231809101,77235,231886336,9,0,0,4608,5,8521816686
9396,231810860,12049,231822909,3,0,1,19968,6,6375608484
9397,231813570,192930,232006500,8,0,0,9728,3,10190617722
9398,231817850,175057,231992907,3,0,0,18432,6,3504919803
9399,231847441,244589,232092030,9,0,0,62464,5,3507014956
9400,231853391,2470,231855861,5,0,1,2560,19,6194043176
9401,231873231,114045,231987276,9,0,0,37376,5,1585847404
9402,231882020,7706,231889726,3,0,1,8192,6,8835133955
9403,231895730,2946,231898676,2,0,1,3072,10,878671361
9404,231935950,168115,232104065,8,0,0,39424,3,9181796885
9405,232062330,5454,232067784,2,0,1,13824,10,387251283
9406,232066441,72270,232138711,2,0,0,512,10,4160290921
9407,232073341,62585,232135926,2,0,0,512,10,8337286059
9408,232188381,69981,232258362,2,0,0,512,10,4790756939
9409,232201600,5326,232206926,3,0,1,5632,6,10527211952
9410,232211440,81634,232293074,3,0,0,8704,6,7059270062
9411,232214620,89144,232303764,8,0,0,12288,3,417113170
9412,232361201,4850,232366051,5,0,1,5120,19,10173691503
9413,232391500,1518,232393018,2,0,1,1536,10,1197667470
9414,232396250,6278,232402528,2,0,1,6656,10,4841481146
9415,232428250,3387,232431637,2,0,1,9728,10,177872633
9416,232460631,68066,232528697,9,0,0,3584,5,2495285712
9417,232474591,50672,232525263,2,0,0,2560,10,3345209208
9418,232474641,45596,232520237,2,0,0,1024,10,9496930706
9419,232508891,79040,232587931,2,0,0,1024,10,7375264240
9420,232625511,116168,232741679,9,0,0,81408,5,5969726739
9421,232648710,138659,232787369,3,0,0,23552,6,1321988773
9422,232664950,77836,232742786,8,0,0,3584,3,10464329930
9423,232758160,119600,232877760,3,0,0,92672,6,3930812665
9424,232831251,63969,232895220,2,0,0,1536,10,3146053566
9425,232843000,566,232843566,2,0,1,512,10,5679867114
9426,232919500,104156,233023656,8,0,0,41984,3,7288662835
9427,232920361,134633,233054994,2,0,0,2560,10,4163120681
9428,232947211,123906,233071117,9,0,0,50688,5,4738807519
9429,232958940,84990,233043930,8,0,0,1536,3,2351525191
9430,232964121,5326,232969447,5,0,1,5632,19,4825272133
9431,232988051,1042,232989093,5,0,1,1024,19,8419792614
9432,233003401,100724,233104125,9,0,0,30720,5,2090238539
9433,233013661,13885,233027546,5,0,1,4096,19,7554754600
9434,233061980,79894,233141874,3,0,0,8192,6,7814773315
9435,233104740,3422,233108162,2,0,1,3584,10,607115893
9436,233121321,3422,233124743,5,0,1,3584,19,5336338652
9437,233167421,96092,233263513,9,0,0,25600,5,10439609575
9438,233168841,207124,233375965,2,0,0,145408,10,2910643381
9439,233215331,1042,233216373,5,0,1,1024,19,1153394668
9440,233236760,186374,233423134,3,0,0,1024,6,10241738988
9441,233305261,117546,233422807,2,0,0,71168,10,1126049475
9442,233319011,1042,233320053,5,0,1,1024,19,1862829245
9443,233336901,41993,233378894,5,0,1,8704,19,4669989969
9444,233355280,28246,233383526,0,0,1,5120,6,336590599
9445,233357271,29801,233387072,5,0,1,5632,19,7832984506
9446,233363351,90236,233453587,9,0,0,3584,5,2060549851
9447,233454120,4374,233458494,0,0,1,4608,6,8378227516
9448,233477021,239701,233716722,9,0,0,31744,5,3190122279
9449,233510280,89980,233600260,3,0,0,6144,6,662615586
9450,233516130,5326,233521456,0,0,1,5632,6,3823453977
9451,233520900,168635,233689535,3,0,0,39936,6,9662242487
9452,233537000,140336,233677336,3,0,0,97792,6,5188929048
9453,233574380,6754,233581134,2,0,1,7168,10,4625592381
9454,233583090,116974,233700064,3,0,0,11264,6,5317390701
9455,233585971,230585,233816556,2,0,0,12288,10,5777531605
9456,233609420,6278,233615698,2,0,1,6656,10,52624839
9457,233628010,2470,233630480,0,0,1,2560,6,3981744888
9458,233630960,169167,233800127,8,0,0,125952,3,1491414104
9459,233658550,34366,233692916,2,0,1,3584,10,1281826902
9460,233660131,33451,233693582,5,0,1,1024,19,2698597063
9461,233680670,14538,233695208,2,0,1,2560,10,1398587114
9462,233683610,137485,233821095,8,0,0,14848,3,10684884046
9463,233697131,146706,233843837,9,0,0,1536,5,8391230940
9464,233720700,122646,233843346,3,0,0,18432,6,4275397372
9465,233773520,30990,233804510,0,0,1,4608,6,5294896411
9466,233777451,31565,233809016,5,0,1,7168,19,6071436733
9467,233802311,7691,233810002,5,0,1,1536,19,1610672075
9468,233840400,3962,233844362,0,0,1,512,6,5034876405
9469,233843440,3015,233846455,7,0,1,2560,6,2661240636
9470,233846201,92216,233938417,9,0,0,17920,5,745739523
9471,233860921,566,233861487,5,0,1,512,19,8541477324
9472,233959431,74360,234033791,9,0,0,9728,5,4381186053
9473,233973281,62516,234035797,9,0,0,6144,5,10047750831
9474,233980040,4374,233984414,0,0,1,4608,6,8263819848
9475,233986891,127846,234114737,2,0,0,67584,10,1765352342
9476,233987050,7230,233994280,7,0,1,7680,6,7985378343
9477,233998550,152779,234151329,8,0,0,16896,3,3832205277
9478,234139190,99632,234238822,3,0,0,27136,6,7994095373
9479,234178070,102284,234280354,8,0,0,35840,3,9249434286
9480,234180911,163001,234343912,9,0,0,21504,5,3000234946
9481,234229290,9547,234238837,7,0,1,1536,6,7084527269
9482,234241281,80665,234321946,9,0,0,13824,5,5387196232
9483,234251071,2470,234253541,5,0,1,2560,19,10042687414
9484,234252910,228245,234481155,8,0,0,50688,3,8285294471
9485,234257170,4374,234261544,0,0,1,4608,6,9748246142
9486,234276330,11246,234287576,3,0,1,7680,6,6969422743
9487,234334921,72668,234407589,2,0,0,9216,10,9686832005
9488,234336520,110100,234446620,3,0,0,28672,6,1756179929
9489,234414081,154488,234568569,9,0,0,91136,5,5989543156
9490,234416610,273855,234690465,3,0,0,30208,6,7609254928
9491,234421320,566,234421886,7,0,1,512,6,6486005027
9492,234428140,7706,234435846,3,0,1,8192,6,192417044
9493,234443001,131355,234574356,9,0,0,18944,5,3365192814
9494,234460931,3387,234464318,5,0,1,9728,19,2580080209
9495,234497620,229182,234726802,3,0,0,41984,6,5049227757
9496,234507180,126175,234633355,3,0,0,9728,6,6491241449
9497,234521191,2470,234523661,5,0,1,2560,19,9584865254
9498,234568891,11735,234580626,5,0,1,6656,19,2518164385
9499,234682711,53342,234736053,9,0,0,1024,5,2276227202
9500,234733670,124904,234858574,3,0,0,110080,6,8224762685
9501,234802660,126006,234928666,3,0,0,40448,6,6463644101
9502,234908371,1042,234909413,5,0,1,1024,19,2966101194
9503,234916120,102284,235018404,8,0,0,35840,3,5163048103
9504,234934090,1042,234935132,0,0,1,1024,6,7414676963
9505,234961321,3387,234964708,5,0,1,9728,19,3906803269
9506,234993761,103220,235096981,9,0,0,38912,5,8783561846
9507,235017181,87765,235104946,2,0,0,8704,10,557720936
9508,235120120,1042,235121162,6,0,1,1024,9,4302601220
9509,235134401,57440,235191841,2,0,0,4608,10,2092818627
9510,235192791,57440,235250231,9,0,0,4608,5,1407775605
9511,235198521,109304,235307825,9,0,0,58880,5,4234094319
9512,235233011,148332,235381343,9,0,0,72192,5,634078230
9513,235249851,58457,235308308,9,0,0,1536,5,9334913728
9514,235256781,199796,235456577,2,0,0,91136,10,7391202025
9515,235264071,5326,235269397,5,0,1,5632,19,5404048297
9516,235265930,120264,235386194,8,0,0,15872,3,979357641
9517,235297211,13559,235310770,5,0,1,2560,19,10123390283
9518,235324371,212720,235537091,9,0,0,59392,5,3925213542
9519,235356770,130245,235487015,3,0,0,26112,6,5448599686
9520,235429480,144637,235574117,8,0,0,53760,3,6872926496
9521,235437740,289386,235727126,8,0,0,43520,3,56534619
9522,235450351,17025,235467376,5,0,1,17408,19,9460548702
9523,235468930,213538,235682468,3,0,0,124928,6,1113516863
9524,235635700,566,235636266,8,0,1,512,3,3019181632
9525,235783210,2470,235785680,6,0,1,2560,9,8740024074
9526,235793220,135884,235929104,8,0,0,7680,3,4593851554
9527,235812360,109304,235921664,8,0,0,58880,3,6517190811
9528,235814450,7706,235822156,6,0,1,8192,9,637504852
9529,235949480,104156,236053636,3,0,0,41984,6,607972533
9530,236062200,70688,236132888,8,0,0,12800,3,7650245268
9531,236100070,138322,236238392,3,0,0,59392,6,5715933085
9532,236330661,75920,236406581,2,0,0,14848,10,7514373034
9533,236408521,99008,236507529,2,0,0,25088,10,1298785177
9534,236414480,4679,236419159,9,0,1,12288,5,477042028
9535,236482721,186354,236669075,2,0,0,21504,10,9746774642
9536,236515220,11016,236526236,9,0,1,17920,5,4057615073
9537,236555850,65900,236621750,8,0,0,7168,3,1290823622
9538,236571231,158228,236729459,2,0,0,58368,10,2890650688
9539,236619270,6488,236625758,6,0,1,15872,9,6196902992
9540,236665120,7386,236672506,9,0,1,3584,5,5987644774
9541,236666510,6982,236673492,9,0,1,1536,5,9435823440
9542,236670121,107801,236777922,2,0,0,23552,10,4486122849
9543,236679760,1042,236680802,9,0,1,1024,5,6756512569
9544,236760810,116844,236877654,8,0,0,51200,3,9703827336
9545,236776550,1930,236778480,6,0,1,512,9,4510318007
9546,236823201,121575,236944776,9,0,0,43520,5,9298449041
9547,236864390,18582,236882972,6,0,1,5632,9,9961048208
9548,236910660,129390,237040050,8,0,0,8192,3,5309085700
9549,236913250,59132,236972382,8,0,0,5120,3,1208954034
9550,236918590,566,236919156,9,0,1,512,5,5309164726
9551,236918661,74050,236992711,2,0,0,13312,10,5187625708
9552,236927091,155558,237082649,2,0,0,3072,10,10219623351
9553,236934760,119361,237054121,8,0,0,32256,3,6628528680
9554,237020790,5802,237026592,6,0,1,6144,9,6478459838
9555,237074671,51140,237125811,2,0,0,4096,10,6648757752
9556,237081321,113766,237195087,9,0,0,70144,5,1546980307
9557,237113930,566,237114496,6,0,1,512,9,7717280932
9558,237187250,141382,237328632,8,0,0,110080,3,5612479148
9559,237202160,4850,237207010,6,0,1,5120,9,1468743198
9560,237233750,99919,237333669,3,0,0,7680,6,5718104333
9561,237234581,198502,237433083,9,0,0,105984,5,7732406368
9562,237296341,197132,237493473,9,0,0,71168,5,9679809785
9563,237332581,106757,237439338,2,0,0,20480,10,1673148466
9564,237373310,3645,237376955,4,0,1,10240,18,8165719445
9565,237376250,7935,237384185,6,0,1,8192,9,3384146022
9566,237378061,227560,237605621,2,0,0,27136,10,8045888118
9567,237388601,180449,237569050,2,0,0,2560,10,7412834312
9568,237395960,172279,237568239,8,0,0,88576,3,3371075530
9569,237418710,21662,237440372,9,0,1,1024,5,4808669932
9570,237478040,18864,237496904,9,0,1,3584,5,2159421198
9571,237479250,155320,237634570,8,0,0,31744,3,3312867550
9572,237498430,4850,237503280,9,0,1,5120,5,2876443616
9573,237543470,29487,237572957,6,0,1,4096,9,9068469398
9574,237543870,32633,237576503,9,0,1,5632,5,5059752478
9575,237552251,106987,237659238,9,0,0,3072,5,7130063508
9576,237560800,17329,237578129,9,0,1,2560,5,5581256675
9577,237595930,566,237596496,6,0,1,512,9,1691454331
9578,237644240,3898,237648138,9,0,1,4096,5,9603704487
9579,237670700,3898,237674598,9,0,1,4096,5,2637712403
9580,237675830,1994,237677824,6,0,1,2048,9,4184624054
9581,237718700,104312,237823012,8,0,0,42496,3,3270096299
9582,237763360,566,237763926,8,0,1,512,3,8517383292
9583,237767020,56943,237823963,8,0,0,3072,3,7649943125
9584,237771030,566,237771596,6,0,1,512,9,2357068260
9585,237775080,3898,237778978,6,0,1,4096,9,8612034315
9586,237819310,8807,237828117,4,0,1,11264,18,4865080255
9587,237838090,1042,237839132,4,0,1,1024,18,4206599142
9588,237867100,4850,237871950,9,0,1,5120,5,360127423
9589,237878580,6278,237884858,4,0,1,6656,18,9591843611
9590,237919800,7706,237927506,9,0,1,8192,5,10512881786
9591,237939510,3898,237943408,9,0,1,4096,5,829519274
9592,237976981,72668,238049649,9,0,0,9216,5,7851670851
9593,237985390,3904,237989294,4,0,1,10752,18,2088278236
9594,238057930,1042,238058972,6,0,1,1024,9,1356713435
9595,238058880,3898,238062778,9,0,1,4096,5,3519025693
9596,238076440,4850,238081290,9,0,1,5120,5,2323548663
9597,238128460,5712,238134172,6,0,1,14336,9,1140196388
9598,238157060,126737,238283797,8,0,0,51200,3,9107822735
9599,238190210,207785,238397995,3,0,0,28160,6,9994283941
9600,238195800,130129,238325929,3,0,0,28160,6,683258589
9601,238232960,4420,238237380,6,0,1,11776,9,4786247530
9602,238241080,7706,238248786,9,0,1,8192,5,2844389634
9603,238259180,5326,238264506,6,0,1,5632,9,2063467881
9604,238289120,566,238289686,6,0,1,512,9,8503818049
9605,238311450,195702,238507152,3,0,0,21504,6,7853017182
9606,238361620,109273,238470893,8,0,0,37376,3,8016399179
9607,238427761,50672,238478433,9,0,0,2560,5,530946705
9608,238498460,8707,238507167,6,0,1,2560,9,6123181848
9609,238512360,5971,238518331,6,0,1,14848,9,4237065691
9610,238601370,1042,238602412,9,0,1,1024,5,3028455042
9611,238653580,2470,238656050,9,0,1,2560,5,413528336
9612,238661320,1994,238663314,9,0,1,2048,5,3623747578
9613,238665691,101036,238766727,6,0,0,31744,9,8368323759
9614,238688680,2470,238691150,6,0,1,2560,9,7702018861
9615,238712201,134140,238846341,9,0,0,59904,5,7920838217
9616,238721230,133937,238855167,8,0,0,2048,3,2796617846
9617,238730491,186468,238916959,9,0,0,20480,5,6910121624
9618,238858490,119132,238977622,8,0,0,91136,3,9625240014
9619,238894310,133250,239027560,8,0,0,22016,3,8052180437
9620,238916550,2395,238918945,9,0,1,2048,5,2745464927
9621,238970181,123913,239094094,6,0,0,82432,9,5584275494
9622,238976471,153833,239130304,9,0,0,33792,5,379561466
9623,239171540,103220,239274760,3,0,0,38912,6,8492906786
9624,239178050,47288,239225338,4,0,0,1536,18,5603832447
9625,239254760,98384,239353144,8,0,0,23040,3,2979098973
9626,239286320,3904,239290224,7,0,1,10752,6,396678610
9627,239300510,4374,239304884,9,0,1,4608,5,1045526746
9628,239320240,1518,239321758,9,0,1,1536,5,5831716230
9629,239381220,43904,239425124,4,0,0,512,18,1235200289
9630,239437790,69284,239507074,8,0,0,8192,3,2746922275
9631,239525130,47288,239572418,4,0,0,1536,18,9437241587
9632,239641440,3898,239645338,9,0,1,4096,5,1920265996
9633,239651381,113204,239764585,9,0,0,71680,5,1028606050
9634,239808430,47288,239855718,4,0,0,1536,18,424250333
9635,239810081,101679,239911760,9,0,0,33280,5,9197027711
9636,239846310,43904,239890214,4,0,0,512,18,7021200725
9637,239860931,85935,239946866,6,0,0,11264,9,2478909050
9638,239879630,99516,239979146,3,0,0,17920,6,3829203012
9639,239931300,48017,239979317,4,0,0,512,18,6692335911
9640,239988030,65900,240053930,8,0,0,7168,3,2081173038
9641,240025001,100568,240125569,6,0,0,30208,9,7244893405
9642,240137940,43904,240181844,4,0,0,512,18,7819700037
9643,240145211,101504,240246715,6,0,0,33280,9,5455613363
9644,240190011,137710,240327721,6,0,0,71168,9,8999322454
9645,240213221,115451,240328672,6,0,0,3072,9,2329109649
9646,240389011,71624,240460635,9,0,0,15872,5,4992551951
9647,240393141,140100,240533241,6,0,0,31232,9,8349307897
9648,240438540,174855,240613395,8,0,0,51200,3,9901851611
9649,240478981,189387,240668368,9,0,0,65024,5,8069908281
9650,240500891,46528,240547419,9,0,0,1024,5,3063941631
9651,240508040,124870,240632910,8,0,0,64000,3,8307788876
9652,240555550,2470,240558020,4,0,1,2560,18,2630321850
9653,240572811,187142,240759953,9,0,0,79872,5,6431932065
9654,240643370,117378,240760748,8,0,0,2560,3,5582372737
9655,240643770,4420,240648190,3,0,1,11776,6,7164483272
9656,240672521,162394,240834915,9,0,0,6656,5,3071764723
9657,240744431,63597,240808028,6,0,0,1536,9,1553145952
9658,240798450,45596,240844046,4,0,0,1024,18,8755258895
9659,240807861,97919,240905780,9,0,0,20992,5,2916022620
9660,240863360,43904,240907264,4,0,0,512,18,4348252129
9661,240864420,43904,240908324,4,0,0,512,18,5110281359
9662,240882450,113620,240996070,3,0,0,64000,6,3775074060
9663,240895230,45596,240940826,4,0,0,1024,18,130066853
9664,240899340,96901,240996241,4,0,0,512,18,4966776379
9665,240930180,67658,240997838,8,0,0,3584,3,9363089903
9666,240937651,116937,241054588,9,0,0,23040,5,6445426450
9667,240959000,120686,241079686,8,0,0,28672,3,133339098
9668,241013161,81825,241094986,6,0,0,1024,9,9569945903
9669,241044241,74360,241118601,6,0,0,9728,9,3692519368
9670,241050620,99162,241149782,4,0,0,1024,18,4603513789
9671,241056570,133197,241189767,8,0,0,45568,3,6011965821
9672,241111190,133345,241244535,3,0,0,64000,6,4850603679
9673,241118660,127350,241246010,4,0,0,2048,18,9140892132
9674,241157630,108684,241266314,3,0,0,8192,6,7191832305
9675,241186960,5745,241192705,7,0,1,3072,6,4042498352
9676,241235330,158977,241394307,3,0,0,50688,6,9541252908
9677,241310261,86869,241397130,9,0,0,9216,5,10461256197
9678,241388891,64759,241453650,6,0,0,6656,9,7859126648
9679,241393021,56490,241449511,6,0,0,3072,9,3940274863
9680,241429080,93176,241522256,8,0,0,26112,3,67436873
9681,241476940,93490,241570430,3,0,0,6656,6,2810935410
9682,241490250,72380,241562630,3,0,0,13312,6,8577501811
9683,241650710,103220,241753930,1,0,0,38912,17,1396853447
9684,241654301,110096,241764397,6,0,0,34304,9,504967706
9685,241683291,158509,241841800,9,0,0,99328,5,1728804945
9686,241684420,125217,241809637,4,0,0,1024,18,2250005379
9687,241689140,175832,241864972,8,0,0,29184,3,3999340482
9688,241693201,249033,241942234,6,0,0,54784,9,9304286671
9689,241784351,128111,241912462,6,0,0,4608,9,1743190565
9690,241854191,10796,241864987,5,0,1,7680,19,2388936988
9691,241864931,2042,241866973,5,0,1,2048,19,3819775794
9692,241899411,4374,241903785,5,0,1,4608,19,6913613067
9693,241916211,155289,242071500,6,0,0,31744,9,6239683778
9694,241940371,7181,241947552,5,0,1,5632,19,5961945367
9695,242002341,105716,242108057,6,0,0,47104,9,10098568289
9696,242069861,127229,242197090,9,0,0,39424,5,931796755
9697,242126730,47288,242174018,4,0,0,1536,18,1727216368
9698,242133491,67748,242201239,9,0,0,8192,5,6803410876
9699,242147320,54246,242201566,4,0,0,1024,18,6986779924
9700,242155601,122444,242278045,6,0,0,67584,9,1982710983
9701,242174471,105625,242280096,6,0,0,6656,9,3793238842
9702,242192881,8700,242201581,5,0,1,4608,19,8859537985
9703,242260040,120437,242380477,8,0,0,36352,3,3487998607
9704,242262360,139596,242401956,8,0,0,19456,3,10324279669
9705,242289031,104721,242393752,6,0,0,43520,9,6438450209
9706,242296780,111650,242408430,4,0,0,2560,18,3538953053
9707,242299710,158778,242458488,8,0,0,24576,3,5573631005
9708,242394681,120363,242515044,6,0,0,64000,9,8729814748
9709,242419201,136858,242556059,9,0,0,52224,5,3878554255
9710,242438380,93205,242531585,4,0,0,1024,18,7673962547
9711,242444480,111750,242556230,4,0,0,512,18,510470339
9712,242469431,1518,242470949,5,0,1,1536,19,4723940023
9713,242491001,24058,242515059,5,0,1,5120,19,4512770932
9714,242582760,45908,242628668,4,0,0,2048,18,7877648411
9715,242651491,79616,242731107,9,0,0,16896,5,7043874280
9716,242694531,92864,242787395,9,0,0,25088,5,275922091
9717,242698480,54056,242752536,8,0,0,3584,3,9134828548
9718,242728820,107839,242836659,8,0,0,46592,3,10475775973
9719,242789521,1994,242791515,5,0,1,2048,19,6034881112
9720,242793710,62599,242856309,8,0,0,4096,3,1382225172
9721,242800750,163500,242964250,8,0,0,7680,3,6558343753
9722,242807521,103064,242910585,6,0,0,38400,9,8622890383
9723,242835770,115177,242950947,8,0,0,23552,3,3943335117
9724,242929881,566,242930447,5,0,1,512,19,10605137848
9725,242962311,151704,243114015,9,0,0,20992,5,1436689074
9726,243031070,112712,243143782,8,0,0,19968,3,4785904214
9727,243055240,52364,243107604,3,0,0,3072,6,6929086150
9728,243056180,73888,243130068,8,0,0,11264,3,3567361844
9729,243103971,161137,243265108,6,0,0,74240,9,6214659619
9730,243111891,85033,243196924,9,0,0,11776,5,7857781089
9731,243168471,57072,243225543,6,0,0,2048,9,7049995657
9732,243301300,108107,243409407,3,0,0,52224,6,7984518153
9733,243302131,56684,243358815,6,0,0,7168,9,10613461173
9734,243335660,47288,243382948,4,0,0,1536,18,4366363788
9735,243344921,131851,243476772,6,0,0,36864,9,2772096589
9736,243387270,90141,243477411,4,0,0,2048,18,3301585020
9737,243431980,133976,243565956,8,0,0,75264,3,75807405
9738,243537420,91464,243628884,8,0,0,17408,3,7331144676
9739,243578720,64208,243642928,8,0,0,6656,3,1454028716
9740,243799940,90260,243890200,8,0,0,26624,3,7046488867
9741,243837480,110708,243948188,8,0,0,63488,3,9591621715
9742,243866221,155617,244021838,9,0,0,72192,5,8574603986
9743,243883100,72822,243955922,4,0,0,2048,18,7565455989
9744,243930520,108088,244038608,8,0,0,5120,3,4972692555
9745,243959610,566,243960176,1,0,1,512,17,5556988202
9746,243983260,1518,243984778,1,0,1,1536,17,7667840297
9747,244016420,135264,244151684,8,0,0,30720,3,714783133
9748,244050960,201422,244252382,8,0,0,42496,3,3956812382
9749,244066931,139053,244205984,9,0,0,47616,5,4119248275
9750,244072180,95530,244167710,4,0,0,1536,18,7021598834
9751,244127600,50672,244178272,8,0,0,2560,3,9322093130
9752,244141851,81407,244223258,9,0,0,5632,5,6060962007
9753,244207590,120962,244328552,8,0,0,64512,3,5660210762
9754,244237441,105691,244343132,6,0,0,12800,9,2207457089
9755,244248400,7878,244256278,1,0,1,10752,17,2806599319
9756,244265110,157433,244422543,8,0,0,59392,3,6695880304
9757,244296180,52520,244348700,8,0,0,3584,3,5812642525
9758,244300640,145145,244445785,8,0,0,10240,3,9812410735
9759,244386560,104936,244491496,3,0,0,44544,6,1269917686
9760,244386940,5326,244392266,1,0,1,5632,17,2216018678
9761,244458260,1042,244459302,7,0,1,1024,6,4961521073
9762,244491630,155456,244647086,8,0,0,85504,3,187644580
9763,244522440,3422,244525862,1,0,1,3584,17,4308617293
9764,244584060,1994,244586054,7,0,1,2048,6,9594931647
9765,244654861,106652,244761513,9,0,0,50176,5,10416165181
9766,244670470,4374,244674844,1,0,1,4608,17,978441374
9767,244715820,83091,244798911,4,0,0,1536,18,3589828795
9768,244717790,55336,244773126,4,0,0,1024,18,4115761942
9769,244727530,194170,244921700,8,0,0,58880,3,2811419017
9770,244741390,20138,244761528,7,0,1,7168,6,333512087
9771,244745670,222232,244967902,8,0,0,37376,3,4113497996
9772,244802970,165415,244968385,4,0,0,1536,18,9727695543
9773,244820681,135818,244956499,9,0,0,56320,5,10536796351
9774,244870830,6278,244877108,7,0,1,6656,6,111425870
9775,244914850,76438,244991288,3,0,0,9216,6,4982633998
9776,245016541,115076,245131617,9,0,0,77824,5,8727420660
9777,245019510,566,245020076,1,0,1,512,17,5650429394
9778,245026510,132959,245159469,3,0,0,23040,6,3788892994
9779,245027530,120881,245148411,3,0,0,15872,6,4687221993
9780,245069170,1518,245070688,7,0,1,1536,6,3461826264
9781,245071850,6754,245078604,7,0,1,7168,6,6695272908
9782,245075101,226679,245301780,9,0,0,9216,5,2476492814
9783,245106981,113340,245220321,6,0,0,13824,9,4710219742
9784,245119690,288282,245407972,4,0,0,35328,18,8872322736
9785,245144661,154296,245298957,9,0,0,110592,5,7872843607
9786,245182601,131440,245314041,9,0,0,10752,5,9223932572
9787,245195150,183325,245378475,3,0,0,27648,6,1590036424
9788,245217590,202721,245420311,3,0,0,40448,6,5694511099
9789,245222961,197677,245420638,6,0,0,1024,9,2026139624
9790,245278691,72061,245350752,6,0,0,2048,9,4327451532
9791,245279000,199846,245478846,4,0,0,4096,18,6676930090
9792,245281330,24390,245305720,1,0,1,4096,17,10264687169
9793,245310911,155729,245466640,6,0,0,66560,9,3217519101
9794,245324610,152973,245477583,3,0,0,35840,6,363067464
9795,245346360,566,245346926,1,0,1,512,17,6467970532
9796,245370251,268024,245638275,9,0,0,27136,5,10567977534
9797,245414820,11006,245425826,4,0,1,13312,18,2429163376
9798,245454020,29159,245483179,0,0,1,4608,6,6590208323
9799,245564390,5712,245570102,7,0,1,14336,6,8740476715
9800,245571590,4850,245576440,4,0,1,5120,18,2218622975
9801,245575280,91271,245666551,8,0,0,14848,3,4411404049
9802,245613780,2870,245616650,7,0,1,8704,6,34771885
9803,245623210,116280,245739490,4,0,0,39424,18,1790730639
9804,245673090,45179,245718269,7,0,1,77824,6,3139882797
9805,245680900,58605,245739505,7,0,1,60928,6,10195923142
9806,245687610,51910,245739520,4,0,1,12288,18,971943457
9807,245690351,190633,245880984,9,0,0,50176,5,7254131691
9808,245712900,26635,245739535,1,0,1,512,17,9434007768
9809,245715590,23960,245739550,4,0,1,10752,18,4481385066
9810,245738201,225565,245963766,9,0,0,1536,5,4888039002
9811,245791530,2470,245794000,1,0,1,2560,17,7801605095
9812,245791730,14141,245805871,7,0,1,26112,6,4444348492
9813,245809190,6229,245815419,1,0,1,15360,17,585495111
9814,245817000,4374,245821374,4,0,1,4608,18,1578116346
9815,245826720,136392,245963112,8,0,0,25088,3,10687412777
9816,245841220,122063,245963283,3,0,0,512,6,9195666179
9817,245857060,210824,246067884,4,0,0,8192,18,72513359
9818,245872150,92846,245964996,8,0,0,1024,3,106485592
9819,245891210,4162,245895372,1,0,1,11264,17,8704976374
9820,245906931,83132,245990063,9,0,0,13312,5,7963242117
9821,245922280,143093,246065373,8,0,0,56832,3,9118019566
9822,245979050,2946,245981996,4,0,1,3072,18,2832436629
9823,246013610,101036,246114646,8,0,0,31744,3,9626029018
9824,246018630,566,246019196,1,0,1,512,17,10156814649
9825,246046910,232370,246279280,3,0,0,512,6,2723189571
9826,246089511,181768,246271279,6,0,0,26112,9,10017537456
9827,246092350,111597,246203947,3,0,0,29184,6,2265077646
9828,246122250,1518,246123768,1,0,1,1536,17,7271699730
9829,246135600,4679,246140279,7,0,1,12288,6,5500313853
9830,246138870,140239,246279109,3,0,0,25600,6,398825805
9831,246154820,260358,246415178,4,0,0,94720,18,7250131718
9832,246159430,226873,246386303,4,0,0,50688,18,10398131182
9833,246196810,223547,246420357,4,0,0,16896,18,5185909080
9834,246209790,5326,246215116,4,0,1,5632,18,8448091586
9835,246239620,186220,246425840,4,0,0,17920,18,2991932645
9836,246247880,186251,246434131,4,0,0,27136,18,9224257295
9837,246257620,13674,246271294,7,0,1,7168,6,6540405735
9838,246274540,5774,246280314,1,0,1,1024,17,4496968291
9839,246377441,175049,246552490,9,0,0,1536,5,511955521
9840,246393961,76982,246470943,9,0,0,4096,5,7055530389
9841,246407080,27074,246434154,4,0,1,5632,18,3712626033
9842,246428170,7947,246436117,7,0,1,2048,6,5468036822
9843,246435740,151627,246587367,8,0,0,86528,3,9168617004
9844,246437450,111878,246549328,4,0,0,24576,18,4499676625
9845,246441690,1042,246442732,4,0,1,1024,18,3045979555
9846,246442850,566,246443416,2,0,1,512,10,6030603648
9847,246458340,4850,246463190,3,0,1,5120,6,1017367351
9848,246463410,1518,246464928,4,0,1,1536,18,9071770268
9849,246499960,6278,246506238,1,0,1,6656,17,2253511467
9850,246530200,1994,246532194,2,0,1,2048,10,9691190054
9851,246546001,321694,246867695,9,0,0,83456,5,9094173949
9852,246606230,5712,246611942,4,0,1,14336,18,565640518
9853,246613440,566,246614006,3,0,1,512,6,8226178976
9854,246613650,45696,246659346,7,0,1,78848,6,10358019037
9855,246724600,22862,246747462,7,0,1,40960,6,1780699515
9856,246728541,144161,246872702,9,0,0,16384,5,3586808702
9857,246758920,117697,246876617,3,0,0,12800,6,8158562825
9858,246776620,122605,246899225,4,0,0,19456,18,10300048681
9859,246891640,7608,246899248,1,0,1,9216,17,4441971404
9860,246892760,22036,246914796,7,0,1,30208,6,356312895
9861,246903871,72191,246976062,6,0,0,7680,9,83809453
9862,246947350,10241,246957591,7,0,1,16384,6,1633623564
9863,246997050,3387,247000437,1,0,1,9728,17,5628737850
9864,247006180,56337,247062517,7,0,1,96256,6,1734745017
9865,247010620,55123,247065743,8,0,1,5120,3,525645526
9866,247015981,174627,247190608,6,0,0,19968,9,5523457349
9867,247113090,170539,247283629,8,0,0,90112,3,2842870176
9868,247113830,1042,247114872,3,0,1,1024,6,7210350808
9869,247117150,6754,247123904,3,0,1,7168,6,8632245854
9870,247127780,1042,247128822,2,0,1,1024,10,10119701354
9871,247128030,1778,247129808,4,0,1,1536,18,5049899310
9872,247144351,148185,247292536,6,0,0,29184,9,8927926653
9873,247144580,3387,247147967,8,0,1,9728,3,3682079152
9874,247179710,566,247180276,2,0,1,512,10,8693696254
9875,247216021,167237,247383258,6,0,0,114688,9,8108501044
9876,247218581,166736,247385317,9,0,0,6656,5,7247015831
9877,247225310,168584,247393894,3,0,0,14336,6,17454823
9878,247319410,566,247319976,3,0,1,512,6,4615187606
9879,247321411,201720,247523131,6,0,0,33792,9,7891904873
9880,247371210,244159,247615369,8,0,0,108544,3,2649484126
9881,247373250,14972,247388222,3,0,1,3072,6,8532598350
9882,247385491,147455,247532946,6,0,0,25088,9,9111716823
9883,247396930,5326,247402256,2,0,1,5632,10,40401734
9884,247416800,1042,247417842,7,0,1,1024,6,1722680269
9885,247418010,566,247418576,2,0,1,512,10,8180508978
9886,247421470,1042,247422512,3,0,1,1024,6,10207382646
9887,247471310,11533,247482843,2,0,1,18944,10,1488952621
9888,247479520,80462,247559982,4,0,0,10752,18,1293296831
9889,247515130,132681,247647811,4,0,0,42496,18,4993459775
9890,247520030,184217,247704247,8,0,0,39424,3,4741179924
9891,247656450,53753,247710203,7,0,1,91136,6,4984996581
9892,247818681,100880,247919561,6,0,0,31232,9,6595296596
9893,247875130,3898,247879028,2,0,1,4096,10,2815315124
9894,247894350,220090,248114440,4,0,0,20480,18,2119027857
9895,247895810,566,247896376,4,0,1,512,18,8980770214
9896,247898670,1042,247899712,4,0,1,1024,18,9139333881
9897,247910900,13590,247924490,2,0,1,12800,10,4578810196
9898,247999460,7706,248007166,2,0,1,8192,10,7963162883
9899,248001050,6782,248007832,2,0,1,1024,10,10254066623
9900,248008590,5454,248014044,3,0,1,13824,6,8280847551
9901,248031060,1042,248032102,9,0,1,1024,5,6048637563
9902,248043470,1042,248044512,3,0,1,1024,6,199914511
9903,248056010,3422,248059432,3,0,1,3584,6,3619339753
9904,248075910,1518,248077428,2,0,1,1536,10,380089625
9905,248099120,4374,248103494,4,0,1,4608,18,5488048420
9906,248241160,3128,248244288,3,0,1,9216,6,9602552404
9907,248503930,3128,248507058,2,0,1,9216,10,6764041858
9908,248505650,6939,248512589,0,0,1,6144,6,4376412244
9909,248542040,5802,248547842,2,0,1,6144,10,284772442
9910,248544800,3708,248548508,3,0,1,1024,6,7078406665
9911,248559600,5802,248565402,3,0,1,6144,6,330652647
9912,248593040,3645,248596685,2,0,1,10240,10,7887269568
9913,248608091,54056,248662147,6,0,0,3584,9,7880424579
9914,248653730,2470,248656200,0,0,1,2560,6,7377474460
9915,248690010,43904,248733914,0,0,0,512,6,1856046751
9916,248697130,3898,248701028,0,0,1,4096,6,10334298221
9917,248703160,1994,248705154,3,0,1,2048,6,4206404321
9918,248705030,2946,248707976,3,0,1,3072,6,4513840667
9919,248712410,2470,248714880,9,0,1,2560,5,1147242413
9920,248716020,45596,248761616,0,0,0,1024,6,9307783498
9921,248730820,110850,248841670,0,0,0,1024,6,1811112614
9922,248734091,172341,248906432,6,0,0,31232,9,5642008016
9923,248734731,106612,248841343,6,0,0,47104,9,1825416576
9924,248739220,1994,248741214,2,0,1,2048,10,10551040767
9925,248928170,1042,248929212,9,0,1,1024,5,5796022467
9926,248945740,1042,248946782,0,0,1,1024,6,2340813273
9927,249004750,7230,249011980,9,0,1,7680,5,5779540171
9928,249006580,7986,249014566,2,0,1,4096,10,5446168946
9929,249035590,2470,249038060,9,0,1,2560,5,10712872359
9930,249072120,1994,249074114,2,0,1,2048,10,2995940215
9931,249160610,1994,249162604,9,0,1,2048,5,698531017
9932,249281360,45596,249326956,0,0,0,1024,6,3817081285
9933,249310020,1042,249311062,0,0,1,1024,6,6996330655
9934,249370120,45596,249415716,0,0,0,1024,6,8848530460
9935,249438220,43904,249482124,0,0,0,512,6,7063456079
9936,249517670,3128,249520798,6,0,1,9216,9,2488036598
9937,249524000,2470,249526470,9,0,1,2560,5,5283193686
9938,249601740,6754,249608494,1,0,1,7168,17,1225934385
9939,249622220,4850,249627070,0,0,1,5120,6,200568375
9940,249634270,3422,249637692,1,0,1,3584,17,10092356841
9941,249641761,52364,249694125,6,0,0,3072,9,2621052196
9942,249689210,1042,249690252,3,0,1,1024,6,3312848184
9943,249712851,98252,249811103,6,0,0,27648,9,9696979805
9944,249751120,3422,249754542,6,0,1,3584,9,9019789879
9945,249772060,1994,249774054,3,0,1,2048,6,10210529325
9946,249772910,1490,249774400,1,0,1,512,17,61720547
9947,249779170,1518,249780688,0,0,1,1536,6,5135720924
9948,249784030,4374,249788404,6,0,1,4608,9,1470470685
9949,249793070,43904,249836974,0,0,0,512,6,904166549
9950,249968280,566,249968846,3,0,1,512,6,6975001832
9951,249985690,4162,249989852,3,0,1,11264,6,4322541241
9952,250030780,45596,250076376,0,0,0,1024,6,3991191771
9953,250031900,2946,250034846,1,0,1,3072,17,654967882
9954,250039600,1994,250041594,9,0,1,2048,5,2795100402
9955,250072720,4374,250077094,9,0,1,4608,5,4037253343
9956,250099270,1042,250100312,0,0,1,1024,6,3766564849
9957,250102800,5196,250107996,6,0,1,13312,9,6105276263
9958,250125980,5196,250131176,0,0,1,13312,6,5905438164
9959,250167470,2946,250170416,6,0,1,3072,9,7134014721
9960,250168350,3372,250171722,1,0,1,2048,17,6434535738
9961,250216550,1518,250218068,1,0,1,1536,17,1579175247
9962,250218940,7706,250226646,0,0,1,8192,6,3441640450
9963,250243560,3128,250246688,6,0,1,9216,9,8869234694
9964,250328101,148332,250476433,6,0,0,126976,9,80939700
9965,250343300,2470,250345770,9,0,1,2560,5,7556835144
9966,250383360,3422,250386782,6,0,1,3584,9,9383829471
9967,250418801,69656,250488457,6,0,0,1024,9,4126722465
9968,250423750,4679,250428429,0,0,1,12288,6,4539859746
9969,250434950,41506,250476456,3,0,1,10752,6,8527505068
9970,250435080,86941,250522021,0,0,0,1024,6,1757039997
9971,250456810,23546,250480356,3,0,1,4096,6,5355222663
9972,250489460,1042,250490502,1,0,1,1024,17,8128895398
9973,250559700,4374,250564074,1,0,1,4608,17,9512872481
9974,250570630,2870,250573500,3,0,1,8704,6,10664135752
9975,250574280,48305,250622585,0,0,0,1536,6,5592902197
9976,250598370,3898,250602268,3,0,1,4096,6,4987023958
9977,250619040,2946,250621986,6,0,1,3072,9,1943156745
9978,250662120,4850,250666970,1,0,1,5120,17,5374938341
9979,250671270,12049,250683319,9,0,1,19968,5,4190863952
9980,250745090,566,250745656,3,0,1,512,6,3298011991
9981,250759530,4420,250763950,0,0,1,11776,6,4171199945
9982,250778240,99941,250878181,0,0,0,512,6,5995690839
9983,250856830,3422,250860252,3,0,1,3584,6,5024327696
9984,250868160,1042,250869202,0,0,1,1024,6,678254439
9985,250914550,1042,250915592,3,0,1,1024,6,6816766222
9986,250973730,1042,250974772,1,0,1,1024,17,8438181371
9987,250983870,43904,251027774,0,0,0,512,6,8742306677
9988,251000801,158521,251159322,6,0,0,44544,9,8896928277
9989,251074080,63625,251137705,0,0,0,1024,6,1653160605
9990,251101990,3128,251105118,3,0,1,9216,6,53053531
9991,251152630,120512,251273142,0,0,0,73728,6,7497497206
9992,251198380,3422,251201802,1,0,1,3584,17,5217684743
9993,251263500,11628,251275128,1,0,1,2048,17,2505191297
9994,251279090,1518,251280608,0,0,1,1536,6,5756594202
9995,251291620,4374,251295994,0,0,1,4608,6,5845922088
9996,251312290,1518,251313808,1,0,1,1536,17,10058629790
9997,251314950,10499,251325449,9,0,1,16896,5,3025738632
9998,251330400,69284,251399684,0,0,0,8192,6,4991001543
9999,251402090,1994,251404084,9,0,1,2048,5,2715761595
10000,251409100,2946,251412046,1,0,1,3072,17,4696009387
10001,251428710,6754,251435464,8,0,1,7168,3,3225006152
10002,251442310,84068,251526378,0,0,0,16384,6,9966823540
10003,251457080,7706,251464786,3,0,1,8192,6,3781522193
10004,251475070,3898,251478968,0,0,1,4096,6,3578602893
10005,251520520,5873,251526393,0,0,1,2560,6,2055096495
10006,251529270,2946,251532216,8,0,1,3072,3,5148021948
10007,251539370,4162,251543532,8,0,1,11264,3,6879939926
10008,251566281,97436,251663717,6,0,0,18432,9,1449392493
10009,251568650,1518,251570168,9,0,1,1536,5,6032019519
10010,251572470,10241,251582711,3,0,1,16384,6,8388889480
10011,251581260,3077,251584337,3,0,1,2560,6,2568670321
10012,251615971,89386,251705357,6,0,0,13824,9,7481555175
10013,251667381,2946,251670327,5,0,1,3072,19,6891996160
10014,251707800,1518,251709318,9,0,1,1536,5,3811077345
10015,251726270,156616,251882886,0,0,0,54784,6,3345401345
10016,251815880,1994,251817874,9,0,1,2048,5,5660203239
10017,251818960,67592,251886552,0,0,0,7680,6,7673676383
10018,251905400,6278,251911678,2,0,1,6656,10,3735818360
10019,251925640,2870,251928510,1,0,1,8704,17,9503551324
10020,251939181,191324,252130505,6,0,0,67584,9,1604454145
10021,251962900,7706,251970606,0,0,1,8192,6,5145272140
10022,251971020,5326,251976346,2,0,1,5632,10,944531672
10023,252005280,1994,252007274,9,0,1,2048,5,9036170773
10024,252011251,169966,252181217,6,0,0,72704,9,4984739650
10025,252097170,6754,252103924,1,0,1,7168,17,8480566895
10026,252102641,4420,252107061,5,0,1,11776,19,5697787178
10027,252104150,214166,252318316,0,0,0,5632,6,8958308972
10028,252110681,24207,252134888,5,0,1,4608,19,2732787260
10029,252120100,17694,252137794,9,0,1,4608,5,10221125383
10030,252157990,23242,252181232,3,0,1,3072,6,6690115886
10031,252197390,7706,252205096,2,0,1,8192,10,6294889370
10032,252261050,4374,252265424,0,0,1,4608,6,1816707676
10033,252261790,8780,252270570,2,0,1,8192,10,5637715972
10034,252265971,7825,252273796,5,0,1,5120,19,10148751640
10035,252310470,182311,252492781,0,0,0,36352,6,3824746208
10036,252376311,566,252376877,5,0,1,512,19,986029463
10037,252390341,130274,252520615,6,0,0,35840,9,1765302718
10038,252467150,1994,252469144,1,0,1,2048,17,9425217967
10039,252469650,3898,252473548,9,0,1,4096,5,8857765367
10040,252506780,13850,252520630,4,0,1,3584,18,10404912589
10041,252540660,5196,252545856,9,0,1,13312,5,2287103102
10042,252651210,85292,252736502,0,0,0,15360,6,9997278838
10043,252687870,566,252688436,2,0,1,512,10,2785759460
10044,252699440,3645,252703085,2,0,1,10240,10,7729639034
10045,252721060,4162,252725222,1,0,1,11264,17,1424012625
10046,252738800,3898,252742698,1,0,1,4096,17,4890990922
10047,252921160,124904,253046064,0,0,0,110080,6,3328100135
10048,252970461,138255,253108716,6,0,0,26112,9,4431195648
10049,252980690,566,252981256,2,0,1,512,10,9193388228
10050,252988570,197720,253186290,0,0,0,52736,6,404536278
10051,253005940,1518,253007458,2,0,1,1536,10,2457626296
10052,253011401,34678,253046079,5,0,1,10240,19,6785317363
10053,253034070,13995,253048065,1,0,1,2048,17,1135846836
10054,253047140,3422,253050562,9,0,1,3584,5,184938589
10055,253063071,6278,253069349,5,0,1,6656,19,6732396391
10056,253128430,566,253128996,4,0,1,512,18,937046081
10057,253135920,2946,253138866,4,0,1,3072,18,4063854712
10058,253149420,49292,253198712,0,0,0,3072,6,3914239517
10059,253251941,98852,253350793,6,0,0,24576,9,9817399257
10060,253257921,185398,253443319,6,0,0,95232,9,7040599732
10061,253261211,186499,253447710,6,0,0,14336,9,3550748858
10062,253274811,7230,253282041,5,0,1,7680,19,6926308038
10063,253278190,6437,253284627,1,0,1,4096,17,2087960261
10064,253287790,566,253288356,9,0,1,512,5,9472848502
10065,253308000,3422,253311422,2,0,1,3584,10,2717148308
10066,253310981,5802,253316783,5,0,1,6144,19,6964410835
10067,253358740,2470,253361210,9,0,1,2560,5,9531490257
10068,253365040,1518,253366558,9,0,1,1536,5,4150470574
10069,253386480,1518,253387998,9,0,1,1536,5,3544406502
10070,253394240,566,253394806,1,0,1,512,17,9589541901
10071,253394960,138666,253533626,0,0,0,51200,6,4048072890
10072,253415430,151134,253566564,0,0,0,55808,6,2432413541
10073,253489420,3898,253493318,4,0,1,4096,18,9687852329
10074,253516770,16871,253533641,1,0,1,2048,17,10568487385
10075,253542670,1518,253544188,1,0,1,1536,17,10203091071
10076,253554990,16416,253571406,4,0,1,5120,18,5425115550
10077,253572381,1994,253574375,5,0,1,2048,19,4096988176
10078,253672900,33075,253705975,7,0,1,54272,6,1927673919
10079,253705881,3422,253709303,5,0,1,3584,19,2482250884
10080,253736931,1042,253737973,5,0,1,1024,19,1872834994
10081,253762790,3904,253766694,3,0,1,10752,6,10431003661
10082,253817040,148225,253965265,0,0,0,114688,6,5528535580
10083,253852291,566,253852857,5,0,1,512,19,7040947580
10084,253922071,141551,254063622,6,0,0,131072,9,5334976418
10085,253962500,235723,254198223,0,0,0,150528,6,5585709559
10086,254010040,1994,254012034,1,0,1,2048,17,1664166491
10087,254026460,40024,254066484,9,0,1,8704,5,5190223874
10088,254090740,566,254091306,8,0,1,512,3,5471617046
10089,254097481,4374,254101855,5,0,1,4608,19,10115517177
10090,254167370,34309,254201679,9,0,1,3584,5,9419159174
10091,254174920,136861,254311781,0,0,0,72704,6,1007330990
10092,254178390,156298,254334688,0,0,0,16896,6,9436091678
10093,254246850,2470,254249320,1,0,1,2560,17,8521935838
10094,254268640,122046,254390686,0,0,0,28160,6,166231806
10095,254298550,16169,254314719,9,0,1,3072,5,604997893
10096,254321600,45437,254367037,7,0,1,78336,6,10523529197
10097,254325160,42863,254368023,1,0,1,1536,17,6026720829
10098,254329500,39509,254369009,1,0,1,1536,17,5927453695
10099,254342740,30135,254372875,9,0,1,6144,5,2503354650
10100,254376650,566,254377216,1,0,1,512,17,7273551259
10101,254448560,11016,254459576,3,0,1,17920,6,5227669512
10102,254510240,3422,254513662,9,0,1,3584,5,462745376
10103,254549080,213439,254762519,0,0,0,44544,6,5258487802
10104,254729410,1994,254731404,9,0,1,2048,5,6040969223
10105,254775690,6278,254781968,8,0,1,6656,3,10590744610
10106,254776820,8374,254785194,6,0,1,5120,9,10667051001
10107,254805240,2946,254808186,8,0,1,3072,3,390779865
10108,254968760,3898,254972658,1,0,1,4096,17,6346148178
10109,254997160,6278,255003438,8,0,1,6656,3,8175778704
10110,255004300,4374,255008674,8,0,1,4608,3,10048771010
10111,255006370,3610,255009980,6,0,1,2048,9,9959758699
10112,255096140,2946,255099086,8,0,1,3072,3,3673954947
10113,255139430,2470,255141900,9,0,1,2560,5,2151854211
10114,255296930,1042,255297972,8,0,1,1024,3,3515119021
10115,255336050,5196,255341246,9,0,1,13312,5,3300915748
10116,255363880,566,255364446,8,0,1,512,3,6993356614
10117,255403870,2946,255406816,3,0,1,3072,6,10496962037
10118,255453340,5712,255459052,8,0,1,14336,3,4035758378
10119,255472130,4850,255476980,8,0,1,5120,3,7723677248
10120,255541960,76329,255618289,7,0,1,128512,6,10350312584
10121,255587210,31745,255618955,8,0,1,1024,3,8499643352
10122,255691220,4420,255695640,7,0,1,11776,6,8406433811
10123,255693740,64995,255758735,7,0,1,107520,6,3103669596
10124,255762100,1518,255763618,8,0,1,1536,3,3415198755
10125,255782020,1042,255783062,1,0,1,1024,17,7423848129
10126,255871010,203384,256074394,7,0,0,206336,6,10173122300
10127,255908540,10499,255919039,7,0,1,16896,6,8669083420
10128,255916010,4975,255920985,8,0,1,3072,3,1365978238
10129,255937530,4937,255942467,8,0,1,12800,3,1656037661
10130,255966800,12825,255979625,3,0,1,21504,6,9404223756
10131,255998080,1042,255999122,8,0,1,1024,3,994639681
10132,256006640,115023,256121663,7,0,0,40448,6,8453685625
10133,256022330,55019,256077349,7,0,1,3072,6,2416272265
10134,256031880,48396,256080276,8,0,1,12800,3,10491058201
10135,256125590,1042,256126632,9,0,1,1024,5,2235517663
10136,256159550,200719,256360269,7,0,0,129024,6,7129251907
10137,256295040,1518,256296558,7,0,1,1536,6,10552122721
10138,256297270,3387,256300657,9,0,1,9728,5,761786337
10139,256312200,2946,256315146,8,0,1,3072,3,4474986985
10140,256322700,99460,256422160,7,0,1,100352,6,7673699382
10141,256373210,53136,256426346,3,0,1,6656,6,2816906283
10142,256419950,8982,256428932,3,0,1,4096,6,9149813391
10143,256454510,5802,256460312,9,0,1,6144,5,9216827746
10144,256514350,3422,256517772,1,0,1,3584,17,7083575504
10145,256549570,6278,256555848,8,0,1,6656,3,7140568241
10146,256762810,109928,256872738,7,0,0,60928,6,2838849862
10147,256837610,4850,256842460,3,0,1,5120,6,9722376584
10148,256906320,73058,256979378,7,0,1,118784,6,9837074936
10149,256935250,50234,256985484,8,0,1,20992,3,6573592437
10150,256946130,44846,256990976,7,0,1,26112,6,10222502708
10151,257145580,31783,257177363,7,0,1,51712,6,10450531812
10152,257152900,28969,257181869,8,0,1,7168,3,9063762132
10153,257203070,6229,257209299,9,0,1,15360,5,2781170307
10154,257240920,10757,257251677,7,0,1,17408,6,3065808329
10155,257243530,9632,257253162,8,0,1,15360,3,5465507681
10156,257249870,4777,257254647,9,0,1,10240,5,32236462
10157,257267390,1994,257269384,7,0,1,2048,6,5026031896
10158,257385600,113048,257498648,7,0,0,71168,6,3751256231
10159,257502220,102284,257604504,7,0,0,35840,6,10119863164
10160,257536380,4850,257541230,3,0,1,5120,6,8309150683
10161,257583180,5326,257588506,8,0,1,5632,3,10718306887
10162,257637390,4850,257642240,3,0,1,5120,6,2610621420
10163,257673710,2470,257676180,9,0,1,2560,5,6861358014
10164,257713300,1042,257714342,8,0,1,1024,3,4737397354
10165,257745050,54859,257799909,7,0,0,3584,6,7117805365
10166,257756140,2870,257759010,8,0,1,8704,3,9030792931
10167,257828971,566,257829537,5,0,1,512,19,1858793960
10168,257866520,2470,257868990,8,0,1,2560,3,10521629520
10169,257866950,187703,258054653,7,0,0,15872,6,3871755061
10170,257928040,3898,257931938,9,0,1,4096,5,1677229154
10171,257947690,7230,257954920,3,0,1,7680,6,9740838653
10172,257978860,228385,258207245,1,0,0,194048,17,9424749564
10173,257990800,1042,257991842,8,0,1,1024,3,8741351643
10174,258042570,1518,258044088,9,0,1,1536,5,6497832068
10175,258062600,44920,258107520,7,0,1,77312,6,5328589108
10176,258063300,44886,258108186,9,0,1,1024,5,7937881863
10177,258082500,26032,258108532,8,0,1,512,3,5005594598
10178,258149320,59928,258209248,3,0,1,2048,6,5840941982
10179,258176370,34895,258211265,8,0,1,9728,3,9510815559
10180,258229220,11533,258240753,1,0,1,18944,17,548294877
10181,258319240,104580,258423820,7,0,0,19456,6,664642191
10182,258390620,3422,258394042,3,0,1,3584,6,5186868935
10183,258416650,7185,258423835,3,0,1,4096,6,7964336969
10184,258426260,7706,258433966,8,0,1,8192,3,3200165334
10185,258438470,4850,258443320,2,0,1,5120,10,606351282
10186,258441790,245581,258687371,7,0,0,132096,6,9510405929
10187,258550780,1518,258552298,2,0,1,1536,10,9090857156
10188,258550820,2784,258553604,8,0,1,2048,3,2088350227
10189,258556280,174627,258730907,1,0,0,113664,17,4631105427
10190,258593870,146895,258740765,0,0,0,20480,6,9614100276
10191,258619650,1042,258620692,2,0,1,1024,10,4814352393
10192,258631080,2946,258634026,2,0,1,3072,10,3142879158
10193,258633500,3898,258637398,3,0,1,4096,6,616060421
10194,258643770,90740,258734510,7,0,0,11776,6,10648296815
10195,258653270,38033,258691303,2,0,1,4096,10,2968355547
10196,258667350,27015,258694365,3,0,1,14336,6,2351586769
10197,258682970,12381,258695351,2,0,1,1536,10,3979364753
10198,258769490,193703,258963193,1,0,0,64000,17,4834185066
10199,258790340,6278,258796618,3,0,1,6656,6,10431649294
10200,258800410,1042,258801452,3,0,1,1024,6,4144462390
10201,258818270,3422,258821692,8,0,1,3584,3,1184562410
10202,258857400,107680,258965080,1,0,0,6144,17,2718943356
10203,258903410,104687,259008097,1,0,0,27648,17,6546135499
10204,258978340,2946,258981286,8,0,1,3072,3,9112257958
10205,259008770,205853,259214623,1,0,0,56320,17,8442081611
10206,259067150,566,259067716,8,0,1,512,3,5633791848
10207,259072030,1518,259073548,2,0,1,1536,10,8316218119
10208,259074980,111779,259186759,7,0,0,10240,6,6227240578
10209,259091310,152167,259243477,1,0,0,44032,17,3825533623
10210,259120540,2470,259123010,3,0,1,2560,6,4533960698
10211,259219460,3422,259222882,3,0,1,3584,6,3032256935
10212,259246130,84512,259330642,0,0,0,12800,6,8608592992
10213,259254060,113360,259367420,1,0,0,72192,17,6799699414
10214,259273900,4937,259278837,2,0,1,12800,10,7819165499
10215,259284220,13858,259298078,2,0,1,23552,10,4791421171
10216,259292570,154230,259446800,0,0,0,17920,6,1997714584
10217,259302190,177385,259479575,0,0,0,107520,6,5318030486
10218,259303310,3387,259306697,1,0,1,9728,17,4461732908
10219,259304800,108978,259413778,0,0,0,6144,6,9327395420
10220,259334990,181272,259516262,7,0,0,17920,6,8718579100
10221,259346500,240754,259587254,7,0,0,89600,6,8898878289
10222,259366850,176472,259543322,7,0,0,8704,6,498528713
10223,259372420,7706,259380126,3,0,1,8192,6,1778421490
10224,259429870,196967,259626837,0,0,0,5120,6,9380684655
10225,259475240,229839,259705079,1,0,0,2560,17,8034102791
10226,259551410,3422,259554832,3,0,1,3584,6,1362013727
10227,259552250,153741,259705991,0,0,0,512,6,1296440873
10228,259574620,56530,259631150,0,0,0,512,6,6263446682
10229,259601510,34537,259636047,7,0,1,60416,6,5020430195
10230,259610930,30916,259641846,3,0,1,19456,6,3449933582
10231,259654710,6754,259661464,7,0,1,7168,6,6702086580
10232,259657100,127371,259784471,0,0,0,1536,6,1489140078
10233,259665340,206071,259871411,1,0,0,34816,17,8880230815
10234,259739570,1994,259741564,3,0,1,2048,6,7646320517
10235,259740240,203261,259943501,7,0,0,38400,6,1572248649
10236,259778120,5454,259783574,7,0,1,13824,6,2570796779
10237,259783700,1518,259785218,2,0,1,1536,10,6093242919
10238,259800860,90620,259891480,0,0,0,1024,6,2627694089
10239,259802090,47288,259849378,0,0,0,1536,6,4251191569
10240,259816700,100862,259917562,1,0,0,26624,17,8277142537
10241,259861161,10808,259871969,5,0,1,512,19,5402124650
10242,259904490,3422,259907912,7,0,1,3584,6,2268385920
10243,259909060,11533,259920593,7,0,1,18944,6,277130690
10244,259911010,296793,260207803,1,0,0,25088,17,2801513528
10245,259912740,8484,259921224,7,0,1,10240,6,9779430581
10246,259948920,47288,259996208,1,0,0,1536,17,2273940389
10247,259968430,7230,259975660,2,0,1,7680,10,4317209101
10248,259976570,3128,259979698,8,0,1,9216,3,10133855784
10249,259979440,2470,259981910,2,0,1,2560,10,4590987906
10250,259984330,15837,260000167,7,0,1,30720,6,10086909882
10251,259990240,40103,260030343,7,0,1,64512,6,9315830790
10252,260000680,210110,260210790,7,0,0,9728,6,9355693512
10253,260009410,21292,260030702,2,0,1,9728,10,10120339850
10254,260044491,566,260045057,5,0,1,512,19,1742416188
10255,260048050,108249,260156299,0,0,0,512,6,1670439374
10256,260080490,2470,260082960,2,0,1,2560,10,8667166701
10257,260085910,227239,260313149,1,0,0,29696,17,4208996601
10258,260086510,192565,260279075,7,0,0,9728,6,1421479655
10259,260124290,15321,260139611,7,0,1,29696,6,5268293686
10260,260148640,12737,260161377,7,0,1,24576,6,8153674847
10261,260169670,91653,260261323,7,0,0,10240,6,6603765349
10262,260192310,47288,260239598,0,0,0,1536,6,5657166169
10263,260203041,8750,260211791,5,0,1,1024,19,7504115514
10264,260261070,94388,260355458,7,0,0,19456,6,8776565355
10265,260265890,47430,260313320,0,0,0,512,6,4269467590
10266,260281950,566,260282516,3,0,1,512,6,6985938516
10267,260288010,6278,260294288,2,0,1,6656,10,7328731671
10268,260410380,45596,260455976,0,0,0,1024,6,6547831371
10269,260423600,4374,260427974,1,0,1,4608,17,4813548408
10270,260457370,33503,260490873,7,0,1,58368,6,9942701571
10271,260459470,68558,260528028,7,0,1,86016,6,1517670491
10272,260471170,99101,260570271,0,0,0,1024,6,694870076
10273,260483911,49263,260533174,5,0,1,8192,19,3888284732
10274,260511850,22400,260534250,7,0,1,13312,6,1644052315
10275,260513610,100632,260614242,7,0,0,2048,6,8338551722
10276,260527160,9676,260536836,3,0,1,4096,6,1581977974
10277,260551570,1042,260552612,2,0,1,1024,10,1057371984
10278,260551710,144835,260696545,7,0,0,1024,6,6811386778
10279,260665300,86643,260751943,1,0,0,15360,17,3169836502
10280,260682580,1994,260684574,3,0,1,2048,6,5807793749
10281,260688680,47288,260735968,7,0,0,1536,6,3993540823
10282,260692190,4850,260697040,2,0,1,5120,10,2800926469
10283,260730760,4374,260735134,3,0,1,4608,6,6261247050
10284,260844820,43904,260888724,7,0,0,512,6,9033322766
10285,260913610,3898,260917508,3,0,1,4096,6,6778024852
10286,260957770,1518,260959288,3,0,1,1536,6,7672226088
10287,260970600,6754,260977354,3,0,1,7168,6,10717533994
10288,260990240,1994,260992234,3,0,1,2048,6,7923332605
10289,261083840,1994,261085834,3,0,1,2048,6,5537539968
10290,261109411,4374,261113785,5,0,1,4608,19,1526544397
10291,261120520,182726,261303246,7,0,0,10752,6,10330573021
10292,261144421,2946,261147367,5,0,1,3072,19,10508878970
10293,261156040,105404,261261444,7,0,0,46080,6,9736679126
10294,261194150,5971,261200121,2,0,1,14848,10,4638985074
10295,261199420,23120,261222540,7,0,1,41472,6,3274362160
10296,261226970,3904,261230874,2,0,1,10752,10,5149896226
10297,261247000,147780,261394780,1,0,0,28672,17,2431289302
10298,261273660,3645,261277305,2,0,1,10240,10,4195697790
10299,261290100,260846,261550946,1,0,0,69632,17,10203495030
10300,261297701,5560,261303261,5,0,1,5120,19,5551093
10301,261321120,35312,261356432,7,0,1,61952,6,8006129738
10302,261356230,3898,261360128,2,0,1,4096,10,6585781293
10303,261359711,2946,261362657,5,0,1,3072,19,5029796526
10304,261380060,5196,261385256,7,0,1,13312,6,8906194462
10305,261397741,3422,261401163,5,0,1,3584,19,8167506385
10306,261398160,187620,261585780,1,0,0,3072,17,1457866055
10307,261414781,7230,261422011,5,0,1,7680,19,8361344784
10308,261435500,115929,261551429,0,0,0,1536,6,3809156401
10309,261440970,193845,261634815,0,0,0,1024,6,8323873459
10310,261445660,2470,261448130,2,0,1,2560,10,1476751492
10311,261454280,3645,261457925,3,0,1,10240,6,2030611364
10312,261566520,47288,261613808,0,0,0,1536,6,4669700944
10313,261573600,5326,261578926,3,0,1,5632,6,4175311112
10314,261627690,4374,261632064,3,0,1,4608,6,9333090141
10315,261667790,43904,261711694,0,0,0,512,6,6154862408
10316,261782191,6754,261788945,5,0,1,7168,19,702744131
10317,261789290,1518,261790808,3,0,1,1536,6,115026204
10318,261827990,2470,261830460,3,0,1,2560,6,6979938324
10319,261836650,64654,261901304,7,0,1,109056,6,8698935412
10320,261854370,51440,261905810,9,0,1,7168,5,1842955330
10321,261895720,10756,261906476,3,0,1,1024,6,9092330246
10322,261905020,1802,261906822,1,0,1,512,17,6626612358
10323,261909030,3904,261912934,3,0,1,10752,6,2295733734
10324,261939140,1518,261940658,1,0,1,1536,17,8769733970
10325,261947360,147834,262095194,7,0,0,2048,6,2920275124
10326,261956100,3898,261959998,8,0,1,4096,3,3778736237
10327,262034710,1518,262036228,1,0,1,1536,17,10112244663
10328,262056460,3422,262059882,2,0,1,3584,10,9604792635
10329,262065280,566,262065846,9,0,1,512,5,4928792337
10330,262065900,5196,262071096,3,0,1,13312,6,7993620325
10331,262073370,4374,262077744,9,0,1,4608,5,933722233
10332,262112630,4850,262117480,2,0,1,5120,10,2301595207
10333,262206600,1042,262207642,1,0,1,1024,17,4065786454
10334,262224170,105404,262329574,4,0,0,46080,18,2089339505
10335,262283140,74910,262358050,7,0,0,11264,6,8650209816
10336,262319150,10982,262330132,9,0,1,512,5,5414535439
10337,262358290,7230,262365520,3,0,1,7680,6,7679815466
10338,262365230,3645,262368875,1,0,1,10240,17,4118608563
10339,262368510,6278,262374788,3,0,1,6656,6,7205991694
10340,262555540,4850,262560390,3,0,1,5120,6,7545367519
10341,262565380,153045,262718425,0,0,0,1024,6,8602620154
10342,262573430,1042,262574472,1,0,1,1024,17,5100424500
10343,262599270,4374,262603644,3,0,1,4608,6,10127593495
10344,262631851,78860,262710711,6,0,0,19456,9,904793646
10345,262660540,10499,262671039,7,0,1,16896,6,8029332402
10346,262678500,2470,262680970,3,0,1,2560,6,10664804154
10347,262683030,7706,262690736,1,0,1,8192,17,4292706804
10348,262710730,1994,262712724,1,0,1,2048,17,1465083780
10349,262712010,6430,262718440,3,0,1,6656,6,8651262919
10350,262735870,3904,262739774,9,0,1,10752,5,2410876932
10351,262748040,1518,262749558,1,0,1,1536,17,6485515488
10352,262760320,1518,262761838,3,0,1,1536,6,3698545257
10353,262786510,5802,262792312,2,0,1,6144,10,3802512758
10354,262790791,159982,262950773,6,0,0,1536,9,624494363
10355,262803810,12049,262815859,7,0,1,19968,6,479321329
10356,262892970,3128,262896098,0,0,1,9216,6,8011551749
10357,262945650,143895,263089545,0,0,0,512,6,3140137238
10358,263030560,3387,263033947,1,0,1,9728,17,9041180
10359,263040720,5802,263046522,9,0,1,6144,5,8045760673
10360,263070110,4679,263074789,0,0,1,12288,6,5183765052
10361,263073630,3219,263076849,9,0,1,3072,5,2182517468
10362,263079810,4374,263084184,1,0,1,4608,17,557872049
10363,263130290,2946,263133236,2,0,1,3072,10,10062894652
10364,263162090,43904,263205994,0,0,0,512,6,8035097678
10365,263170600,2946,263173546,9,0,1,3072,5,3377694901
10366,263232570,1518,263234088,2,0,1,1536,10,7224039139
10367,263265270,5454,263270724,9,0,1,13824,5,10542993301
10368,263284640,74072,263358712,7,0,0,13824,6,5007701772
10369,263299940,178135,263478075,7,0,0,25088,6,10378129267
10370,263336320,2946,263339266,0,0,1,3072,6,1171870111
10371,263384430,566,263384996,9,0,1,512,5,3774639681
10372,263396970,231409,263628379,7,0,0,16896,6,200062271
10373,263400380,3422,263403802,0,0,1,3584,6,9534137821
10374,263416530,7230,263423760,9,0,1,7680,5,8457271949
10375,263445250,3128,263448378,3,0,1,9216,6,572190738
10376,263481670,43904,263525574,0,0,0,512,6,3100706889
10377,263488650,1518,263490168,1,0,1,1536,17,895918667
10378,263490340,1518,263491858,3,0,1,1536,6,7812469178
10379,263525370,1681,263527051,8,0,1,1536,3,839533755
10380,263536950,1994,263538944,2,0,1,2048,10,9153027956
10381,263541490,212564,263754054,0,0,0,512,6,1053966785
10382,263568780,2870,263571650,0,0,1,8704,6,7649688055
10383,263583061,170807,263753868,6,0,0,134656,9,7407495079
10384,263584370,1994,263586364,0,0,1,2048,6,9872377261
10385,263591040,167896,263758936,7,0,0,14336,6,9034621678
10386,263618970,2946,263621916,0,0,1,3072,6,3357571459
10387,263634850,119695,263754545,0,0,0,1536,6,608440561
10388,263635780,159782,263795562,7,0,0,43520,6,10625354882
10389,263675040,1994,263677034,1,0,1,2048,17,2697820358
10390,263689600,4850,263694450,0,0,1,5120,6,10185483347
10391,263701671,141684,263843355,6,0,0,36864,9,271839164
10392,263711460,42423,263753883,9,0,1,9216,5,3119774597
10393,263717580,42382,263759962,0,0,1,1024,6,9856036173
10394,263742960,22760,263765720,0,0,1,15872,6,10507085797
10395,263751160,227383,263978543,7,0,0,53248,6,355228273
10396,263827510,566,263828076,0,0,1,512,6,2359257511
10397,263829650,566,263830216,9,0,1,512,5,2705146634
10398,263852740,3422,263856162,3,0,1,3584,6,10235209624
10399,263867460,1518,263868978,9,0,1,1536,5,2853577265
10400,263884320,1042,263885362,2,0,1,1024,10,3554732788
10401,263898320,566,263898886,1,0,1,512,17,1190025665
10402,263916000,3128,263919128,9,0,1,9216,5,6472358049
10403,263944621,122720,264067341,6,0,0,102912,9,8767585220
10404,263970991,118077,264089068,6,0,0,512,9,6393301581
10405,263979610,2870,263982480,1,0,1,8704,17,9252379714
10406,263981570,4386,263985956,9,0,1,10240,5,4418679884
10407,263995130,2470,263997600,1,0,1,2560,17,619047496
10408,263996160,272878,264269038,7,0,0,21504,6,9816381867
10409,264007370,2946,264010316,1,0,1,3072,17,3928861095
10410,264015850,1518,264017368,3,0,1,1536,6,7342118486
10411,264098720,4374,264103094,0,0,1,4608,6,10308873938
10412,264124700,184313,264309013,7,0,0,49664,6,822577759
10413,264185570,45596,264231166,0,0,0,1024,6,7166354235
10414,264190620,566,264191186,9,0,1,512,5,718045576
10415,264191600,69848,264261448,0,0,0,512,6,8388411424
10416,264293000,16028,264309028,1,0,1,17408,17,8389669977
10417,264326060,566,264326626,9,0,1,512,5,1019224462
10418,264342511,215734,264558245,6,0,0,67584,9,6810887932
10419,264424431,93900,264518331,6,0,0,12800,9,9069977118
10420,264425380,55727,264481107,0,0,0,1536,6,7666178495
10421,264429260,43904,264473164,0,0,0,512,6,7906015334
10422,264462220,1994,264464214,3,0,1,2048,6,6861429581
10423,264466530,3422,264469952,1,0,1,3584,17,4634140030
10424,264485220,4374,264489594,3,0,1,4608,6,5866810819
10425,264527120,566,264527686,2,0,1,512,10,10179427945
10426,264532721,79080,264611801,6,0,0,9216,9,9259229834
10427,264535960,43904,264579864,0,0,0,512,6,8378631147
10428,264580220,240862,264821082,7,0,0,38912,6,2748663521
10429,264598870,5326,264604196,3,0,1,5632,6,4004568157
10430,264610880,4335,264615215,1,0,1,3584,17,10394128119
10431,264630110,1518,264631628,2,0,1,1536,10,2647760888
10432,264653660,566,264654226,3,0,1,512,6,3169653470
10433,264655200,566,264655766,2,0,1,512,10,6148632421
10434,264699080,130249,264829329,7,0,0,12288,6,2399464792
10435,264702710,7230,264709940,9,0,1,7680,5,4085145006
10436,264712530,5971,264718501,3,0,1,14848,6,1417061551
10437,264761180,1518,264762698,0,0,1,1536,6,5371910195
10438,264789980,12308,264802288,0,0,1,20480,6,8345305814
10439,264846190,5712,264851902,3,0,1,14336,6,10401876345
10440,264892280,43904,264936184,0,0,0,512,6,4080330916
10441,265095150,11274,265106424,0,0,1,18432,6,2818338148
10442,265134780,69284,265204064,7,0,0,8192,6,1556638535
10443,265186160,1042,265187202,0,0,1,1024,6,10736577446
10444,265215710,24242,265239952,0,0,1,40448,6,8992133426
10445,265236611,86588,265323199,6,0,0,11264,9,6329580318
10446,265380431,104312,265484743,6,0,0,42496,9,4794288445
10447,265416370,4679,265421049,0,0,1,12288,6,5377173425
10448,265458140,121031,265579171,7,0,0,52736,6,4258754105
10449,265530990,4850,265535840,1,0,1,5120,17,1823420649
10450,265531740,203283,265735023,7,0,0,30208,6,4569980647
10451,265589320,6754,265596074,1,0,1,7168,17,2638753434
10452,265705490,566,265706056,0,0,1,512,6,3213774330
10453,265750510,566,265751076,1,0,1,512,17,6500644779
10454,265761240,95098,265856338,7,0,0,15360,6,1906517670
10455,265769510,43904,265813414,0,0,0,512,6,7920160824
10456,265942350,3387,265945737,1,0,1,9728,17,4653473940
10457,265986770,1042,265987812,0,0,1,1024,6,5180907207
10458,265990601,101348,266091949,6,0,0,32768,9,10146484539
10459,266048920,4374,266053294,0,0,1,4608,6,1343147190
10460,266124420,45596,266170016,0,0,0,1024,6,7147494228
10461,266161761,101816,266263577,6,0,0,34304,9,8535405484
10462,266276790,43904,266320694,0,0,0,512,6,8238831634
10463,266294441,139760,266434201,6,0,0,133632,9,6251322831
10464,266711820,107120,266818940,7,0,0,51712,6,10089910704
10465,266873430,100724,266974154,7,0,0,30720,6,10129759653
10466,266897650,6754,266904404,0,0,1,7168,6,3228372009
10467,266910920,63405,266974325,0,0,0,512,6,5670538288
10468,266914721,4374,266919095,5,0,1,4608,19,6278470350
10469,267029630,5326,267034956,0,0,1,5632,6,1771014158
10470,267183141,98384,267281525,6,0,0,23040,9,2232806430
10471,267228680,148671,267377351,7,0,0,109568,6,1048745216
10472,267299490,183761,267483251,7,0,0,29184,6,4788159594
10473,267327341,109200,267436541,6,0,0,33280,9,9473149497
10474,267433800,49622,267483422,0,0,0,512,6,9742547670
10475,267448881,129098,267577979,6,0,0,92672,9,5018093747
10476,267450620,59219,267509839,7,0,0,5120,6,5698338949
10477,267529870,77363,267607233,7,0,1,130560,6,7513501344
10478,267580680,131511,267712191,7,0,0,25600,6,2265164392
10479,267656330,1994,267658324,4,0,1,2048,18,2030023712
10480,267874770,45596,267920366,0,0,0,1024,6,3989497723
10481,267925091,106652,268031743,6,0,0,50176,9,1327178423
10482,267954030,85963,268039993,0,0,0,512,6,1335854137
10483,268010070,47288,268057358,7,0,0,1536,6,3279220346
10484,268036800,43904,268080704,0,0,0,512,6,8477958619
10485,268169431,71312,268240743,6,0,0,14848,9,826651827
10486,268263660,47288,268310948,0,0,0,1536,6,4566174040
10487,268270491,77456,268347947,6,0,0,14848,9,7509980788
10488,268336430,45596,268382026,0,0,0,1024,6,2789831485
10489,268396031,111152,268507183,6,0,0,59904,9,1284341601
10490,268396090,111732,268507822,0,0,0,2048,6,10626834069
10491,268516810,6754,268523564,2,0,1,7168,10,5077454360
10492,268579600,43904,268623504,0,0,0,512,6,10548215995
10493,268720460,43904,268764364,0,0,0,512,6,3231400205
10494,268728760,47288,268776048,0,0,0,1536,6,3111012438
10495,268746010,101192,268847202,7,0,0,32256,6,3690737463
10496,268787531,61402,268848933,6,0,0,5632,9,9050707969
10497,268899381,118976,269018357,6,0,0,90624,9,10148744841
10498,268995990,26257,269022247,2,0,1,4096,10,9134936412
10499,269034961,113204,269148165,6,0,0,71680,9,542168168
10500,269067070,161639,269228709,7,0,0,36352,6,2253370504
10501,269072230,76114,269148344,0,0,0,512,6,1155115405
10502,269147530,136637,269284167,7,0,0,30720,6,8895961366
10503,269203900,566,269204466,2,0,1,512,10,3257219169
10504,269402800,45596,269448396,0,0,0,1024,6,5122635333
10505,269434710,48980,269483690,0,0,0,2048,6,4147989080
10506,269496330,14029,269510359,4,0,1,27136,18,8575773591
10507,269587480,566,269588046,0,0,1,512,6,2679787911
10508,269604510,1518,269606028,0,0,1,1536,6,5795120408
10509,269632670,179597,269812267,7,0,0,31232,6,2622420388
10510,269651240,102128,269753368,7,0,0,35328,6,91549916
10511,269741310,12073,269753383,2,0,1,7168,10,3626446473
10512,269766060,7706,269773766,2,0,1,8192,10,3737454679
10513,269771120,60609,269831729,7,0,0,2048,6,8311747767
10514,269846900,2946,269849846,2,0,1,3072,10,2750393853
10515,269865000,32558,269897558,7,0,1,53248,6,4069772397
10516,269871050,27814,269898864,2,0,1,2048,10,4963986649
10517,269957220,566,269957786,2,0,1,512,10,5573765609
10518,269995450,43904,270039354,0,0,0,512,6,8394918851
10519,270012080,566,270012646,2,0,1,512,10,5724071359
10520,270053580,2470,270056050,8,0,1,2560,3,6651368589
10521,270055870,7230,270063100,8,0,1,7680,3,5630793515
10522,270064250,1042,270065292,2,0,1,1024,10,2788870746
10523,270088960,5326,270094286,0,0,1,5632,6,6346459883
10524,270092990,89948,270182938,7,0,0,25600,6,7944307491
10525,270137120,6754,270143874,6,0,1,7168,9,8585264540
10526,270137450,8690,270146140,2,0,1,3584,10,7879105835
10527,270149781,94220,270244001,6,0,0,19456,9,10401607507
10528,270156220,186453,270342673,1,0,0,142336,17,9312177109
10529,270258251,87425,270345676,6,0,0,9728,9,2346670625
10530,270284371,62256,270346627,6,0,0,3072,9,5028010571
10531,270305840,148601,270454441,7,0,0,61952,6,8670428978
10532,270314580,81019,270395599,0,0,0,2048,6,8013531378
10533,270320830,65789,270386619,0,0,0,512,6,10594279638
10534,270343930,110682,270454612,0,0,0,512,6,4028369732
10535,270364180,566,270364746,6,0,1,512,9,9563043291
10536,270386680,3128,270389808,6,0,1,9216,9,5739416109
10537,270480080,3898,270483978,8,0,1,4096,3,727277435
10538,270480210,117335,270597545,7,0,0,81408,6,432253253
10539,270520020,77696,270597716,0,0,0,512,6,481678990
10540,270635031,76700,270711731,6,0,0,17408,9,10029905900
10541,270655171,99032,270754203,6,0,0,30208,9,3326105187
10542,270699020,2470,270701490,6,0,1,2560,9,6031506955
10543,270747390,9751,270757141,3,0,1,3072,6,3657929159
10544,270755490,2957,270758447,2,0,1,2048,10,5988093963
10545,270789920,1994,270791914,6,0,1,2048,9,2637447074
10546,270823590,120755,270944345,0,0,0,1536,6,4999776422
10547,270888830,1042,270889872,6,0,1,1024,9,4680425320
10548,270906390,5326,270911716,2,0,1,5632,10,1356858185
10549,270920301,101504,271021805,6,0,0,33280,9,10237438314
10550,270926380,129037,271055417,1,0,0,56320,17,3492126124
10551,270945120,2946,270948066,3,0,1,3072,6,1699826924
10552,270958530,4679,270963209,3,0,1,12288,6,9672631914
10553,271014540,59857,271074397,0,0,0,1024,6,1438419877
10554,271050200,6251,271056451,3,0,1,1024,6,4460004124
10555,271082820,96980,271179800,1,0,0,18432,17,4759324125
10556,271133490,5802,271139292,2,0,1,6144,10,4147457875
10557,271136580,59288,271195868,1,0,0,5632,17,8664626706
10558,271237300,43904,271281204,0,0,0,512,6,2425781610
10559,271299121,119321,271418442,6,0,0,82432,9,4287077090
10560,271307630,1518,271309148,3,0,1,1536,6,6218436304
10561,271354770,5326,271360096,3,0,1,5632,6,2764255573
10562,271386980,96716,271483696,7,0,0,27648,6,8261077508
10563,271387840,83292,271471132,1,0,0,1536,17,9316602875
10564,271398811,192183,271590994,9,0,0,23552,5,4301586429
10565,271410520,12338,271422858,3,0,1,4608,6,3485438979
10566,271418450,127496,271545946,1,0,0,29184,17,7711701189
10567,271507750,70976,271578726,1,0,0,8704,17,9284486568
10568,271606330,3898,271610228,3,0,1,4096,6,4142482505
10569,271633501,62984,271696485,6,0,0,7680,9,1732054068
10570,271704151,57440,271761591,6,0,0,4608,9,1930970455
10571,271707480,109460,271816940,1,0,0,59392,17,9711850349
10572,271745260,88966,271834226,0,0,0,4096,6,7827861576
10573,271787530,4374,271791904,4,0,1,4608,18,9369895042
10574,271814130,10032,271824162,4,0,1,7680,18,9292500985
10575,271960420,566,271960986,4,0,1,512,18,2651483073
10576,272007430,7706,272015136,3,0,1,8192,6,10129327077
10577,272014740,100357,272115097,7,0,0,24064,6,8270101135
10578,272106110,45596,272151706,7,0,0,1024,6,414440054
10579,272127540,1518,272129058,4,0,1,1536,18,1824614031
10580,272146240,197140,272343380,0,0,0,512,6,2202268564
10581,272205521,158574,272364095,6,0,0,10240,9,9283921486
10582,272226261,116948,272343209,6,0,0,83968,9,9278040048
10583,272305710,4374,272310084,4,0,1,4608,18,10041030392
10584,272308690,91513,272400203,1,0,0,12800,17,9264650309
10585,272344271,149892,272494163,6,0,0,21504,9,4169978422
10586,272372090,2470,272374560,3,0,1,2560,6,8691340852
10587,272373090,2136,272375226,4,0,1,1024,18,8034806799
10588,272448070,2470,272450540,9,0,1,2560,5,7578412440
10589,272472570,1518,272474088,4,0,1,1536,18,10545831434
10590,272547450,566,272548016,8,0,1,512,3,455178060
10591,272551000,107323,272658323,1,0,0,52224,17,3420266015
10592,272610260,85233,272695493,1,0,0,11776,17,6436083498
10593,272643251,98664,272741915,6,0,0,14848,9,9547814967
10594,272644240,158533,272802773,1,0,0,44032,17,9754468328
10595,272687410,8098,272695508,3,0,1,5632,6,7829933204
10596,272693150,156153,272849303,1,0,0,34304,17,9367043052
10597,272733580,1518,272735098,3,0,1,1536,6,6709718478
10598,272755370,2946,272758316,3,0,1,3072,6,4652181733
10599,272811701,130240,272941941,6,0,0,100352,9,6865760992
10600,272815630,3128,272818758,0,0,1,9216,6,560919420
10601,272840710,187904,273028614,7,0,0,78848,6,4472384533
10602,272883411,5802,272889213,5,0,1,6144,19,2369497622
10603,272938780,164143,273102923,1,0,0,76288,17,2359556680
10604,272974410,3898,272978308,3,0,1,4096,6,1911695463
10605,273018880,102248,273121128,0,0,0,1024,6,7677418470
10606,273063330,2946,273066276,3,0,1,3072,6,9880009167
10607,273112590,1042,273113632,3,0,1,1024,6,2323237885
10608,273122000,1042,273123042,4,0,1,1024,18,6587336215
10609,273152940,50672,273203612,1,0,0,2560,17,9421236477
10610,273179130,45596,273224726,0,0,0,1024,6,1581713815
10611,273187010,173024,273360034,1,0,0,152064,17,10656714948
10612,273219080,86216,273305296,0,0,0,1536,6,9727833100
10613,273289530,7706,273297236,3,0,1,8192,6,5189213540
10614,273290900,7642,273298542,3,0,1,2048,6,934440164
10615,273421980,7706,273429686,3,0,1,8192,6,4645364550
10616,273455530,3387,273458917,4,0,1,9728,18,5971271887
10617,273489740,108836,273598576,1,0,0,57344,17,4634042789
10618,273573640,7230,273580870,4,0,1,7680,18,238350734
10619,273655420,43904,273699324,0,0,0,512,6,5065561899
10620,273689410,102440,273791850,1,0,0,36352,17,8050765056
10621,273732430,1994,273734424,3,0,1,2048,6,8510918825
10622,273740740,51593,273792333,0,0,0,1536,6,7230893506
10623,273814080,3898,273817978,3,0,1,4096,6,2103305524
10624,273843590,75764,273919354,1,0,0,14336,17,9493654483
10625,273852591,43904,273896495,6,0,0,512,9,5070890110
10626,273862540,2946,273865486,3,0,1,3072,6,7803523904
10627,273882790,3898,273886688,4,0,1,4096,18,5083837696
10628,273884450,57429,273941879,0,0,0,1024,6,5769872619
10629,273912020,7349,273919369,4,0,1,5632,18,2508152805
10630,274026571,118976,274145547,6,0,0,90624,9,9518533121
10631,274052561,176182,274228743,6,0,0,64000,9,7040235168
10632,274179910,3898,274183808,9,0,1,4096,5,916340304
10633,274302530,99320,274401850,1,0,0,26112,17,3693708242
10634,274338290,4679,274342969,3,0,1,12288,6,1429820731
10635,274359351,66697,274426048,6,0,0,3584,9,403614710
10636,274383370,566,274383936,3,0,1,512,6,6242304796
10637,274561160,43904,274605064,0,0,0,512,6,4646206671
10638,274591341,98408,274689749,6,0,0,28160,9,5076147551
10639,274631760,3898,274635658,3,0,1,4096,6,3724107593
10640,274742860,52364,274795224,0,0,0,3072,6,1664521130
10641,274758300,45179,274803479,7,0,1,77824,6,7429468683
10642,274788950,33850,274822800,7,0,1,55808,6,3685260127
10643,274868030,74003,274942033,7,0,1,123904,6,1195590521
10644,274892900,53959,274946859,4,0,1,7680,18,1083964600
10645,274982570,13341,274995911,7,0,1,22528,6,4809970072
10646,274994661,236900,275231561,6,0,0,80896,9,6606805801
10647,275010130,267916,275278046,1,0,0,101376,17,1893859987
10648,275076740,16613,275093353,7,0,1,32256,6,648486389
10649,275156750,122091,275278841,1,0,0,2560,17,4165131699
10650,275235030,1042,275236072,3,0,1,1024,6,2290856941
10651,275335140,32816,275367956,7,0,1,53760,6,8933083517
10652,275394330,53237,275447567,7,0,1,90112,6,2134728992
10653,275396380,218831,275615211,0,0,0,512,6,9841209423
10654,275398720,51753,275450473,3,0,1,4608,6,7390345833
10655,275407730,45649,275453379,3,0,1,4608,6,136004130
10656,275419010,34715,275453725,0,0,1,512,6,9610261910
10657,275426710,29601,275456311,7,0,1,4096,6,6298472308
10658,275443250,122907,275566157,1,0,0,15360,17,9596353165
10659,275447550,238521,275686071,1,0,0,76800,17,6533417852
10660,275586871,145024,275731895,6,0,0,26624,9,730850990
10661,275594230,14804,275609034,7,0,1,28672,6,7958182976
10662,275596300,15000,275611300,0,0,1,3584,6,2300231067
10663,275713521,98852,275812373,6,0,0,24576,9,4032681053
10664,275736180,1042,275737222,3,0,1,1024,6,864490923
10665,275852570,84904,275937474,7,0,1,141824,6,7882190273
10666,275901401,137211,276038612,6,0,0,10240,9,9370826162
10667,275905970,31850,275937820,0,0,1,512,6,2671622477
10668,275926040,14366,275940406,0,0,1,4096,6,5097502574
10669,275962660,4850,275967510,0,0,1,5120,6,317441338
10670,275963120,8576,275971696,6,0,1,6656,9,3244283297
10671,275982990,566,275983556,3,0,1,512,6,5510306107
10672,276012490,53325,276065815,7,0,1,87040,6,2996319754
10673,276072250,73454,276145704,0,0,0,1024,6,6675788502
10674,276127630,566,276128196,6,0,1,512,9,10033422477
10675,276207280,81752,276289032,1,0,0,13824,17,3255503624
10676,276234030,2870,276236900,3,0,1,8704,6,2610227069
10677,276265790,6229,276272019,7,0,1,15360,6,10420731656
10678,276293340,248487,276541827,1,0,0,21504,17,1004795427
10679,276294450,12049,276306499,6,0,1,19968,9,10693569600
10680,276375940,85162,276461102,7,0,1,142336,6,1744678028
10681,276381231,280570,276661801,6,0,0,15360,9,1266352353
10682,276412851,146371,276559222,6,0,0,10752,9,9155240595
10683,276455900,6508,276462408,6,0,1,2048,9,9779396769
10684,276457300,43628,276500928,7,0,1,74752,6,3424398351
10685,276463821,38183,276502004,5,0,1,13312,19,6580346763
10686,276471321,31989,276503310,5,0,1,2048,19,6634263256
10687,276471960,176155,276648115,1,0,0,4608,17,556201298
10688,276473930,190194,276664124,0,0,0,512,6,10187778890
10689,276505590,4420,276510010,3,0,1,11776,6,1141676116
10690,276510390,44518,276554908,0,0,0,512,6,8378629028
10691,276515930,3387,276519317,0,0,1,9728,6,9029951734
10692,276519951,3128,276523079,5,0,1,9216,19,8287556916
10693,276528200,566,276528766,3,0,1,512,6,10114023930
10694,276551871,246815,276798686,6,0,0,37376,9,5582083450
10695,276610940,54529,276665469,7,0,1,92672,6,6806117666
10696,276615980,54315,276670295,3,0,1,7680,6,2099373408
10697,276619730,52831,276672561,6,0,1,3584,9,7782441931
10698,276663310,9917,276673227,0,0,1,1024,6,3516159747
10699,276704540,55304,276759844,7,0,1,94208,6,4973418700
10700,276705020,56130,276761150,3,0,1,2048,6,2957598563
10701,276730641,207318,276937959,6,0,0,144384,9,3385387147
10702,276850180,3422,276853602,0,0,1,3584,6,2193198389
10703,276868480,5712,276874192,0,0,1,14336,6,5295633732
10704,276916440,25426,276941866,7,0,1,4096,6,6114096598
10705,276936870,17667,276954537,7,0,1,29696,6,3070984190
10706,276940150,55778,276995928,0,0,0,512,6,610716820
10707,276941420,13783,276955203,6,0,1,1024,9,7697300720
10708,276993890,92972,277086862,1,0,0,15360,17,9820797885
10709,277019330,3898,277023228,3,0,1,4096,6,4280585012
10710,277040980,185625,277226605,1,0,0,12288,17,7709926941
10711,277064260,6488,277070748,7,0,1,15872,6,4621808700
10712,277083800,15103,277098903,7,0,1,19968,6,6383640283
10713,277100980,6278,277107258,6,0,1,6656,9,5398759690
10714,277171020,23466,277194486,7,0,1,38912,6,1889502712
10715,277221240,43904,277265144,0,0,0,512,6,2634341068
10716,277250720,4850,277255570,2,0,1,5120,10,1612133093
10717,277261250,7230,277268480,7,0,1,7680,6,8171268428
10718,277305050,11016,277316066,6,0,1,17920,9,2411572045
10719,277354340,1518,277355858,6,0,1,1536,9,6735876700
10720,277377370,4937,277382307,6,0,1,12800,9,4895476785
10721,277387980,7230,277395210,6,0,1,7680,9,9771258237
10722,277449700,43904,277493604,0,0,0,512,6,430472909
10723,277474620,5326,277479946,1,0,1,5632,17,8655495883
10724,277523520,65435,277588955,0,0,0,1024,6,1722976683
10725,277538700,7230,277545930,7,0,1,7680,6,6667806458
10726,277560140,4937,277565077,1,0,1,12800,17,3088630692
10727,277563450,8362,277571812,1,0,1,8192,17,8900746963
10728,277564070,9048,277573118,3,0,1,2048,6,8934644926
10729,277565010,44714,277609724,7,0,1,69120,6,5871467450
10730,277567091,44259,277611350,5,0,1,2560,19,6577133519
10731,277576440,244157,277820597,1,0,0,59392,17,6928661536
10732,277580520,91926,277672446,7,0,1,135168,6,1623550696
10733,277588270,96395,277684665,1,0,0,18432,17,1288905828
10734,277620920,210378,277831298,0,0,0,512,6,3270760494
10735,277653740,22572,277676312,1,0,1,6144,17,7733999381
10736,277676400,243847,277920247,1,0,0,40448,17,7875592727
10737,277720520,104631,277825151,1,0,0,14336,17,9801817154
10738,277742070,78698,277820768,0,0,0,512,6,2530782841
10739,277752780,2470,277755250,2,0,1,2560,10,5236753878
10740,277770850,26221,277797071,7,0,1,47616,6,374677357
10741,277779580,20717,277800297,6,0,1,5120,9,7136416500
10742,277825080,5389,277830469,0,0,1,5632,6,491509217
10743,277846460,3645,277850105,2,0,1,10240,10,1686503577
10744,277849880,138884,277988764,1,0,0,27136,17,1785662071
10745,277863280,3898,277867178,7,0,1,4096,6,1645038847
10746,277889660,3128,277892788,6,0,1,9216,9,6726386495
10747,277926590,182203,278108793,5,0,0,512,19,5715806524
10748,277993840,43200,278037040,7,0,1,70656,6,489022653
10749,278031610,8976,278040586,9,0,1,5632,5,10198703701
10750,278041620,177218,278218838,0,0,0,2048,6,6364735612
10751,278056020,2470,278058490,1,0,1,2560,17,4388042289
10752,278093010,1518,278094528,9,0,1,1536,5,827705143
10753,278109300,4850,278114150,1,0,1,5120,17,2960594059
10754,278149910,5326,278155236,6,0,1,5632,9,1284594869
10755,278157620,5802,278163422,6,0,1,6144,9,5174038916
10756,278208560,1994,278210554,1,0,1,2048,17,7526858786
10757,278216830,114296,278331126,1,0,0,75264,17,1015850926
10758,278228360,2946,278231306,9,0,1,3072,5,6084454969
10759,278232110,99343,278331453,0,0,0,1024,6,10194873809
10760,278242790,5971,278248761,0,0,1,14848,6,4051308351
10761,278253940,4374,278258314,0,0,1,4608,6,7093362477
10762,278270950,566,278271516,1,0,1,512,17,6573098517
10763,278271140,3919,278275059,9,0,1,10752,5,5483859709
10764,278323100,8911,278332011,6,0,1,512,9,3641793375
10765,278437440,6754,278444194,0,0,1,7168,6,9585861396
10766,278455930,7706,278463636,1,0,1,8192,17,10421267945
10767,278471250,1518,278472768,6,0,1,1536,9,3344870259
10768,278498790,2470,278501260,6,0,1,2560,9,7673214187
10769,278553470,179780,278733250,0,0,0,512,6,8457346033
10770,278601050,4850,278605900,0,0,1,5120,6,7750851624
10771,278608610,124469,278733079,1,0,0,71680,17,2093724802
10772,278630270,65208,278695478,0,0,0,2048,6,8777447029
10773,278649720,114215,278763935,0,0,0,1024,6,6620262457
10774,278661910,1518,278663428,2,0,1,1536,10,4948936450
10775,278788200,56216,278844416,1,0,0,5632,17,9598099860
10776,278811860,35571,278847431,7,0,1,62464,6,2109777545
10777,278859640,93291,278952931,1,0,0,2560,17,1440551904
10778,278899810,1994,278901804,2,0,1,2048,10,6485109152
10779,278924210,2946,278927156,9,0,1,3072,5,2144628006
10780,278961570,5802,278967372,9,0,1,6144,5,1155732163
10781,278993840,7706,279001546,7,0,1,8192,6,10569722766
10782,278997660,12049,279009709,2,0,1,19968,10,3132134677
10783,279001370,11245,279012615,2,0,1,4608,10,8306736755
10784,279012070,4850,279016920,3,0,1,5120,6,9250269164
10785,279031970,5326,279037296,9,0,1,5632,5,5198514803
10786,279037170,3387,279040557,7,0,1,9728,6,8979114443
10787,279041360,4420,279045780,6,0,1,11776,9,6914759544
10788,279051380,2470,279053850,1,0,1,2560,17,1160321141
10789,279070890,14804,279085694,7,0,1,28672,6,3724494070
10790,279075250,11110,279086360,9,0,1,1024,5,8356511724
10791,279078510,45094,279123604,0,0,0,512,6,7692144138
10792,279111460,45596,279157056,0,0,0,1024,6,396181408
10793,279124680,3898,279128578,3,0,1,4096,6,1870732763
10794,279142690,4850,279147540,2,0,1,5120,10,309971775
10795,279181870,1518,279183388,9,0,1,1536,5,4449366981
10796,279238360,4679,279243039,2,0,1,12288,10,3589279716
10797,279264830,3387,279268217,6,0,1,9728,9,8580517048
10798,279296930,1994,279298924,9,0,1,2048,5,10244974721
10799,279354270,133690,279487960,0,0,0,512,6,3700272601
10800,279361810,82228,279444038,1,0,0,2048,17,9339484126
10801,279442550,1503,279444053,0,0,1,1024,6,4369812358
10802,279529070,1518,279530588,0,0,1,1536,6,8800735545
10803,279545300,7230,279552530,2,0,1,7680,10,9056332940
10804,279580100,566,279580666,2,0,1,512,10,3296697740
10805,279583020,43904,279626924,1,0,0,512,17,6010522433
10806,279736040,2870,279738910,0,0,1,8704,6,7217886045
10807,279742670,45596,279788266,0,0,0,1024,6,9010388371
10808,279756010,566,279756576,2,0,1,512,10,10411452638
10809,279851040,3422,279854462,2,0,1,3584,10,6906262182
10810,279886910,48980,279935890,1,0,0,2048,17,3486430157
10811,279902390,43904,279946294,1,0,0,512,17,1976081018
10812,279924610,7230,279931840,2,0,1,7680,10,7379839584
10813,279933900,4850,279938750,0,0,1,5120,6,5935110101
10814,279943720,43904,279987624,1,0,0,512,17,4040638964
10815,279950520,33850,279984370,7,0,1,55808,6,1557518963
10816,279985170,3387,279988557,2,0,1,9728,10,1388390722
10817,279999520,2946,280002466,0,0,1,3072,6,3025795821
10818,280060220,3898,280064118,2,0,1,4096,10,4127842599
10819,280098130,566,280098696,6,0,1,512,9,4465463481
10820,280110320,43904,280154224,0,0,0,512,6,9003136004
10821,280157350,2946,280160296,6,0,1,3072,9,2883651603
10822,280159870,2870,280162740,0,0,1,8704,6,281250831
10823,280168260,1994,280170254,7,0,1,2048,6,7308479140
10824,280257630,7230,280264860,9,0,1,7680,5,7983445964
10825,280280050,43904,280323954,1,0,0,512,17,5048276966
10826,280308250,1518,280309768,9,0,1,1536,5,8548179971
10827,280392330,43904,280436234,0,0,0,512,6,5824366344
10828,280410420,108368,280518788,8,0,0,55808,3,5817726980
10829,280445970,2470,280448440,2,0,1,2560,10,2442589047
10830,280455870,80546,280536416,0,0,0,512,6,9634939765
10831,280463140,67600,280530740,1,0,0,2048,17,5120207181
10832,280594081,7706,280601787,5,0,1,8192,19,1790474841
10833,280605410,13341,280618751,9,0,1,22528,5,9153971944
10834,280645680,48980,280694660,1,0,0,2048,17,1766241424
10835,280659950,22174,280682124,7,0,1,36352,6,8380562227
10836,280669860,17090,280686950,1,0,1,7680,17,4277812307
10837,280697170,6488,280703658,4,0,1,15872,18,3384729366
10838,280699700,6259,280705959,7,0,1,10752,6,8878637352
10839,280709040,2470,280711510,1,0,1,2560,17,2448497435
10840,280716100,4374,280720474,6,0,1,4608,9,14024629
10841,280725711,3898,280729609,5,0,1,4096,19,8214966919
10842,280730960,566,280731526,6,0,1,512,9,9894428787
10843,280732821,1518,280734339,5,0,1,1536,19,8726799615
10844,280733880,56252,280790132,1,0,0,2048,17,614729614
10845,280756180,279753,281035933,8,0,0,165376,3,2169059108
10846,280761630,151214,280912844,5,0,0,1024,19,1179608365
10847,280776650,1042,280777692,1,0,1,1024,17,6073819117
10848,280813350,4162,280817512,6,0,1,11264,9,9529623942
10849,280813900,96285,280910185,0,0,0,512,6,4715633392
10850,280823750,7230,280830980,6,0,1,7680,9,2251798236
10851,280827330,119971,280947301,0,0,0,512,6,3780907886
10852,280841750,1042,280842792,1,0,1,1024,17,5576776452
10853,280842641,566,280843207,5,0,1,512,19,9071549101
10854,280869720,166540,281036260,5,0,0,1024,19,8029331109
10855,280915220,7706,280922926,6,0,1,8192,9,7227048721
10856,280964830,71757,281036587,1,0,0,1024,17,1742572260
10857,281065620,43904,281109524,8,0,0,512,3,4912527415
10858,281074150,43904,281118054,1,0,0,512,17,2195660515
10859,281117000,56620,281173620,1,0,0,512,17,4507327746
10860,281127661,6278,281133939,5,0,1,6656,19,2476378881
10861,281139740,45596,281185336,5,0,0,1024,19,2104403165
10862,281143890,48980,281192870,1,0,0,2048,17,9468366039
10863,281192061,5802,281197863,5,0,1,6144,19,2293911457
10864,281205120,43904,281249024,5,0,0,512,19,2773170327
10865,281227050,1042,281228092,6,0,1,1024,9,2310715927
10866,281261850,74273,281336123,8,0,0,11776,3,1972523414
10867,281284310,156669,281440979,8,0,0,51200,3,10108301533
10868,281320140,56243,281376383,5,0,0,512,19,2242365644
10869,281334060,110661,281444721,1,0,0,3584,17,6981146037
10870,281369710,168931,281538641,8,0,0,37888,3,702706628
10871,281394670,85639,281480309,8,0,0,12800,3,5466777307
10872,281397160,1994,281399154,6,0,1,2048,9,10605479502
10873,281406460,1994,281408454,4,0,1,2048,18,1501866354
10874,281409260,31734,281440994,6,0,1,38912,9,4040705854
10875,281451060,47288,281498348,1,0,0,1536,17,9450209828
10876,281464340,146058,281610398,0,0,0,1536,6,8731495517
10877,281518090,47288,281565378,0,0,0,1536,6,10340520445
10878,281534230,6873,281541103,6,0,1,2560,9,4794272916
10879,281582860,163416,281746276,8,0,0,1536,3,8156757310
10880,281617060,99632,281716692,8,0,0,27136,3,20468725
10881,281639930,104654,281744584,5,0,0,1024,19,946529496
10882,281703700,566,281704266,6,0,1,512,9,10242373053
10883,281705051,1994,281707045,5,0,1,2048,19,9703019389
10884,281740140,45596,281785736,5,0,0,1024,19,1029393925
10885,281806630,47288,281853918,1,0,0,1536,17,2782169646
10886,281831720,58297,281890017,0,0,0,512,6,1220989963
10887,281881390,108212,281989602,8,0,0,55296,3,1512493257
10888,281908550,43904,281952454,1,0,0,512,17,3837789358
10889,281984151,8313,281992464,5,0,1,8704,19,5296941122
10890,282010870,50672,282061542,1,0,0,2560,17,2085880755
10891,282023901,4420,282028321,5,0,1,11776,19,9297125314
10892,282077870,43904,282121774,0,0,0,512,6,4094445303
10893,282081960,3898,282085858,6,0,1,4096,9,4559755794
10894,282112291,1042,282113333,5,0,1,1024,19,2225873133
10895,282120750,50672,282171422,1,0,0,2560,17,1292802159
10896,282150290,45596,282195886,5,0,0,1024,19,883586612
10897,282180000,43904,282223904,5,0,0,512,19,3697304421
10898,282183151,11016,282194167,5,0,1,17920,19,6095760504
10899,282198950,183710,282382660,0,0,0,2560,6,10445222521
10900,282211460,91042,282302502,5,0,0,1024,19,1531203146
10901,282259960,45614,282305574,0,0,0,1024,6,10215710787
10902,282384660,43904,282428564,0,0,0,512,6,10219521543
10903,282402740,54056,282456796,0,0,0,3584,6,3416980981
10904,282445500,7230,282452730,2,0,1,7680,10,9519828972
10905,282531080,43904,282574984,1,0,0,512,17,8228659324
10906,282758140,45596,282803736,0,0,0,1024,6,332010720
10907,282806470,45596,282852066,0,0,0,1024,6,1749333726
10908,282840450,102440,282942890,8,0,0,36352,3,486922908
10909,282920500,45596,282966096,0,0,0,1024,6,9915437125
10910,282983730,43904,283027634,5,0,0,512,19,5409968251
10911,282993520,81620,283075140,7,0,0,18432,6,4919304208
10912,283085750,45596,283131346,1,0,0,1024,17,6164158009
10913,283147050,94064,283241114,8,0,0,18944,3,3717068705
10914,283154590,101972,283256562,8,0,0,34816,3,10047183119
10915,283202340,1042,283203382,6,0,1,1024,9,10462445990
10916,283258900,6754,283265654,1,0,1,7168,17,5864272439
10917,283385050,43904,283428954,5,0,0,512,19,7143574778
10918,283424390,43904,283468294,5,0,0,512,19,10507910310
10919,283463350,4420,283467770,6,0,1,11776,9,6585064386
10920,283515890,1994,283517884,1,0,1,2048,17,402017019
10921,283585250,50672,283635922,5,0,0,2560,19,9919341908
10922,283590140,2946,283593086,6,0,1,3072,9,899473077
10923,283615970,47288,283663258,1,0,0,1536,17,9888881029
10924,283623430,127903,283751333,8,0,0,2560,3,4198109362
10925,283631500,47288,283678788,0,0,0,1536,6,9061244888
10926,283742440,1042,283743482,6,0,1,1024,9,805750061
10927,283772080,45596,283817676,0,0,0,1024,6,9248582091
10928,283904460,2870,283907330,1,0,1,8704,17,7708919009
10929,283908060,69437,283977497,0,0,0,512,6,5546521319
10930,283982360,3898,283986258,6,0,1,4096,9,6400596167
10931,283989070,2470,283991540,1,0,1,2560,17,4277410104
10932,284024660,43904,284068564,5,0,0,512,19,5840292517
10933,284054670,566,284055236,6,0,1,512,9,9447426958
10934,284055650,47288,284102938,8,0,0,1536,3,8846866782
10935,284183050,5802,284188852,1,0,1,6144,17,2569933835
10936,284291630,66212,284357842,5,0,0,8192,19,9147047770
10937,284291660,1053,284292713,1,0,1,1024,17,2585974716
10938,284352540,45596,284398136,1,0,0,1024,17,6766795247
10939,284361500,45596,284407096,0,0,0,1024,6,6556971034
10940,284382980,43904,284426884,5,0,0,512,19,8021749829
10941,284451020,566,284451586,1,0,1,512,17,3643520632
10942,284474180,114608,284588788,5,0,0,76288,19,9803242562
10943,284495660,6229,284501889,6,0,1,15360,9,1347804192
10944,284541000,103609,284644609,0,0,0,1024,6,601508671
10945,284551760,7230,284558990,1,0,1,7680,17,411124817
10946,284641190,73160,284714350,8,0,0,15872,3,6417562924
10947,284648690,58250,284706940,0,0,0,512,6,9635281587
10948,284691290,136776,284828066,5,0,0,52736,19,78257212
10949,284715400,2946,284718346,1,0,1,3072,17,2321238553
10950,284718910,5326,284724236,1,0,1,5632,17,6771886875
10951,284739780,59132,284798912,8,0,0,5120,3,1751558582
10952,284766060,106150,284872210,5,0,0,10240,19,2518555873
10953,284810050,103375,284913425,8,0,0,2048,3,5799990766
10954,284813700,15400,284829100,1,0,1,1024,17,5198909191
10955,284844220,6754,284850974,6,0,1,7168,9,9303472601
10956,284845850,10270,284856120,9,0,1,8192,5,2266653496
10957,284874450,5196,284879646,6,0,1,13312,9,3715586755
10958,284879750,107116,284986866,5,0,0,30720,19,4492799823
10959,284880830,10757,284891587,1,0,1,17408,17,101437923
10960,284882550,111195,284993745,5,0,0,22528,19,608469787
10961,284988210,7997,284996207,9,0,1,2560,5,9451030373
10962,285011560,1518,285013078,9,0,1,1536,5,7758762302
10963,285024920,6754,285031674,1,0,1,7168,17,8048483351
10964,285025900,216546,285242446,8,0,0,30720,3,4024175059
10965,285082420,223452,285305872,8,0,0,20992,3,3461374196
10966,285090390,566,285090956,6,0,1,512,9,4405984381
10967,285108510,5971,285114481,1,0,1,14848,17,6317939912
10968,285113120,48746,285161866,0,0,0,1536,6,4089029000
10969,285115610,160079,285275689,8,0,0,109056,3,5389452463
10970,285129200,208647,285337847,5,0,0,31232,19,3080025000
10971,285145450,141721,285287171,0,0,0,1024,6,716400369
10972,285178000,566,285178566,1,0,1,512,17,7192515487
10973,285214530,65517,285280047,1,0,0,512,17,3554513962
10974,285246910,267313,285514223,8,0,0,27648,3,5888414072
10975,285258410,20424,285278834,1,0,1,9216,17,2663073854
10976,285302280,71470,285373750,0,0,0,1024,6,6488663017
10977,285333890,113409,285447299,8,0,0,59392,3,6778606719
10978,285362460,143324,285505784,8,0,0,26624,3,751318837
10979,285369690,151676,285521366,1,0,0,1024,17,8845188164
10980,285408140,5802,285413942,9,0,1,6144,5,4288879512
10981,285480080,2946,285483026,9,0,1,3072,5,6068971372
10982,285489490,65828,285555318,0,0,0,1024,6,6231911879
10983,285516890,4491,285521381,9,0,1,4608,5,5151178399
10984,285568600,43904,285612504,1,0,0,512,17,1185617500
10985,285610250,81152,285691402,8,0,0,16896,3,5214318472
10986,285618600,6754,285625354,9,0,1,7168,5,9189752136
10987,285621920,75008,285696928,8,0,0,16896,3,8447897581
10988,285634050,40874,285674924,7,0,1,66048,6,7190451829
10989,285651310,96289,285747599,0,0,0,512,6,9659115728
10990,285687330,9613,285696943,9,0,1,5632,5,8078119170
10991,285689610,11313,285700923,9,0,1,6656,5,2839549093
10992,285706380,2470,285708850,1,0,1,2560,17,10225522207
10993,285746150,5454,285751604,1,0,1,13824,17,5254380861
10994,285773770,74165,285847935,1,0,0,512,17,2245405945
10995,285805050,10757,285815807,7,0,1,17408,6,4023708738
10996,285847430,262575,286110005,8,0,0,166400,3,776007424
10997,285895010,42683,285937693,7,0,1,69632,6,2050957913
10998,285916740,127292,286044032,0,0,0,1024,6,8515397448
10999,285977730,1994,285979724,1,0,1,2048,17,9395756463
11000,285980930,5802,285986732,4,0,1,6144,18,402581678
11001,286049280,67592,286116872,3,0,0,7680,6,8495346252
11002,286051280,198936,286250216,8,0,0,8192,3,5725267861
11003,286070150,43326,286113476,7,0,1,9728,6,6107882077
11004,286075710,84362,286160072,8,0,0,1024,3,7864787262
11005,286076840,137112,286213952,8,0,0,26624,3,2914815692
11006,286082210,74988,286157198,7,0,1,75776,6,5547912395
11007,286098090,55911,286154001,0,0,0,512,6,10604980781
11008,286159570,3422,286162992,1,0,1,3584,17,6881839547
11009,286224850,56996,286281846,5,0,0,8192,19,7937777013
11010,286254191,1042,286255233,5,0,1,1024,19,8455953889
11011,286302851,1042,286303893,5,0,1,1024,19,7149039163
11012,286336330,109772,286446102,8,0,0,60416,3,3471746579
11013,286362630,106368,286468998,0,0,0,1024,6,611744370
11014,286397670,48759,286446429,1,0,0,1024,17,1354531098
11015,286399930,74996,286474926,1,0,0,1536,17,9121800782
11016,286423370,125200,286548570,8,0,0,81920,3,2101603896
11017,286683840,1518,286685358,1,0,1,1536,17,1507022627
11018,286687320,64619,286751939,1,0,0,1024,17,1718470597
11019,286689110,1042,286690152,1,0,1,1024,17,7235987845
11020,286697520,2870,286700390,1,0,1,8704,17,1005927621
11021,286757210,150733,286907943,5,0,0,6144,19,2663092693
11022,286784690,45596,286830286,1,0,0,1024,17,8199633628
11023,286820570,72440,286893010,0,0,0,512,6,6801436565
11024,286825071,2470,286827541,5,0,1,2560,19,5136256285
11025,286827260,43904,286871164,0,0,0,512,6,8274127238
11026,286833860,43904,286877764,0,0,0,512,6,7671665008
11027,286945170,55104,287000274,1,0,0,2560,17,9938495307
11028,287007240,47288,287054528,1,0,0,1536,17,2677634422
11029,287052370,70376,287122746,8,0,0,11776,3,9091047573
11030,287209110,5326,287214436,1,0,1,5632,17,547690135
11031,287252660,115232,287367892,8,0,0,78336,3,5277646459
11032,287266950,45596,287312546,1,0,0,1024,17,5193405244
11033,287280380,87691,287368071,1,0,0,512,17,6996892692
11034,287328510,5196,287333706,1,0,1,13312,17,2437913223
11035,287350730,120309,287471039,8,0,0,29184,3,2538070036
11036,287370561,7706,287378267,5,0,1,8192,19,4729444066
11037,287408760,76925,287485685,1,0,0,512,17,2106341497
11038,287435790,96827,287532617,5,0,0,18432,19,5521701910
11039,287477120,3128,287480248,0,0,1,9216,6,8209432882
11040,287515670,47288,287562958,1,0,0,1536,17,3367535720
11041,287521100,83000,287604100,5,0,0,17920,19,7588932230
11042,287524870,53144,287578014,5,0,0,5632,19,7496037112
11043,287525410,86738,287612148,8,0,0,5632,3,8662197241
11044,287560450,43904,287604354,0,0,0,512,6,8546083488
11045,287572810,47336,287620146,0,0,0,512,6,9581964080
11046,287591300,47288,287638588,1,0,0,1536,17,4513423538
11047,287636710,58164,287694874,1,0,0,2560,17,6875014089
11048,287642000,2470,287644470,4,0,1,2560,18,7616529457
11049,287657810,3898,287661708,0,0,1,4096,6,359751241
11050,287698641,1042,287699683,5,0,1,1024,19,584388903
11051,287744041,1994,287746035,5,0,1,2048,19,1698691145
11052,287751290,99320,287850610,5,0,0,26112,19,5786941389
11053,287753050,119891,287872941,5,0,0,73216,19,10697858598
11054,287816630,566,287817196,2,0,1,512,10,3324756853
11055,287816800,1077,287817877,4,0,1,1024,18,7716501869
11056,287834020,2946,287836966,4,0,1,3072,18,9122172162
11057,287843270,95855,287939125,5,0,0,18944,19,2907037958
11058,288024140,80396,288104536,5,0,0,13824,19,8140481264
11059,288039680,51404,288091084,0,0,0,512,6,2118267648
11060,288081870,45596,288127466,1,0,0,1024,17,3931460260
11061,288094630,3422,288098052,1,0,1,3584,17,3381678902
11062,288096260,47912,288144172,1,0,0,512,17,3399040427
11063,288217050,107432,288324482,5,0,0,52736,19,2674287579
11064,288217271,6278,288223549,5,0,1,6656,19,7503339464
11065,288253041,4374,288257415,5,0,1,4608,19,2458878902
11066,288256980,113888,288370868,5,0,0,12288,19,10709273283
11067,288325190,566,288325756,8,0,1,512,3,8827349916
11068,288336140,3898,288340038,4,0,1,4096,18,3569915620
11069,288491900,3645,288495545,8,0,1,10240,3,5765158271
11070,288506900,82088,288588988,8,0,0,19968,3,1022947855
11071,288529480,3898,288533378,8,0,1,4096,3,1513783987
11072,288549670,24154,288573824,7,0,1,43520,6,9975705182
11073,288564740,83535,288648275,1,0,0,512,17,1462514835
11074,288598290,300437,288898727,8,0,0,131072,3,1245606548
11075,288640850,92652,288733502,8,0,0,512,3,3689044376
11076,288645070,71662,288716732,0,0,0,2048,6,3375886539
11077,288649920,140511,288790431,1,0,0,512,17,3978201367
11078,288686520,50366,288736886,0,0,0,1536,6,6920640752
11079,288693070,78992,288772062,5,0,0,14848,19,4181675849
11080,288725291,566,288725857,5,0,1,512,19,2104789201
11081,288725730,133046,288858776,8,0,0,61952,3,4799890013
11082,288745050,2470,288747520,8,0,1,2560,3,2700437582
11083,288853170,91145,288944315,0,0,0,1024,6,5834771285
11084,289035360,43904,289079264,1,0,0,512,17,1388156205
11085,289040410,4850,289045260,8,0,1,5120,3,3754316390
11086,289080110,6754,289086864,8,0,1,7168,3,6665751333
11087,289147700,113583,289261283,5,0,0,33792,19,6974806750
11088,289202100,1994,289204094,8,0,1,2048,3,4855446802
11089,289243290,5971,289249261,8,0,1,14848,3,3059457269
11090,289253380,10841,289264221,8,0,1,3072,3,5006999316
11091,289307640,13083,289320723,8,0,1,22016,3,416073211
11092,289315820,11533,289327353,8,0,1,18944,3,2667644643
11093,289339920,195580,289535500,8,0,0,47616,3,8592026834
11094,289341780,171340,289513120,8,0,0,23040,3,4029211122
11095,289356610,51163,289407773,0,0,0,512,6,10143825943
11096,289408860,45596,289454456,0,0,0,1024,6,1050318932
11097,289450390,194662,289645052,5,0,0,4608,19,2247750794
11098,289452530,6229,289458759,0,0,1,15360,6,856658554
11099,289463970,4850,289468820,8,0,1,5120,3,5127938062
11100,289482200,53479,289535679,1,0,0,512,17,9870056294
11101,289490410,3645,289494055,8,0,1,10240,3,4830016971
11102,289524510,57084,289581594,0,0,0,1024,6,1732583169
11103,289533890,47377,289581267,1,0,0,1024,17,3648206126
11104,289537100,47239,289584339,1,0,0,1024,17,7296859169
11105,289543930,566,289544496,8,0,1,512,3,639595357
11106,289627620,5326,289632946,8,0,1,5632,3,1728984405
11107,289655100,236863,289891963,8,0,0,83968,3,10240301106
11108,289679850,3898,289683748,0,0,1,4096,6,8844251595
11109,289694680,2870,289697550,0,0,1,8704,6,6357231834
11110,289729200,61112,289790312,0,0,0,512,6,2204996546
11111,289752280,1994,289754274,2,0,1,2048,10,10459645763
11112,289789830,1042,289790872,8,0,1,1024,3,5053464143
11113,289825570,1042,289826612,2,0,1,1024,10,1880167585
11114,289842790,183501,290026291,5,0,0,22016,19,1284469618
11115,289852330,11791,289864121,2,0,1,19456,10,6808883511
11116,289854340,37638,289891978,0,0,1,5632,6,3110159166
11117,289855630,36363,289891993,0,0,1,10752,6,9482420373
11118,289859400,108277,289967677,8,0,0,42496,3,9870472040
11119,289882140,12732,289894872,2,0,1,8704,10,10631216713
11120,289885250,16634,289901884,0,0,1,7680,6,5617826558
11121,289894930,7620,289902550,8,0,1,1024,3,9881931064
11122,289932470,2946,289935416,1,0,1,3072,17,3951315025
11123,289944270,52790,289997060,0,0,0,512,6,3068154031
11124,289958420,10784,289969204,0,0,1,1536,6,9248143178
11125,289963870,10086,289973956,2,0,1,6144,10,6890667215
11126,290009420,45596,290055016,1,0,0,1024,17,2902059917
11127,290033180,98540,290131720,5,0,0,23552,19,286618650
11128,290106600,43904,290150504,0,0,0,512,6,3321537798
11129,290122940,103999,290226939,0,0,0,512,6,6554332507
11130,290297300,117004,290414304,5,0,0,81920,19,7738619658
11131,290318290,151536,290469826,5,0,0,38400,19,2841014330
11132,290359160,199940,290559100,8,0,0,103424,3,6272793380
11133,290369030,73378,290442408,1,0,0,512,17,296218506
11134,290385780,43904,290429684,0,0,0,512,6,8484638143
11135,290395520,239721,290635241,0,0,0,2048,6,2312387941
11136,290456510,1042,290457552,3,0,1,1024,6,9130674445
11137,290464890,167945,290632835,8,0,0,86016,3,7478461908
11138,290484380,111274,290595654,1,0,0,1024,17,2330683531
11139,290487910,566,290488476,6,0,1,512,9,9068901479
11140,290498160,3422,290501582,2,0,1,3584,10,1823388258
11141,290600180,45908,290646088,1,0,0,2048,17,6760968667
11142,290752590,77744,290830334,5,0,0,10752,19,3146557541
11143,290842950,50672,290893622,0,0,0,2560,6,10505834165
11144,290877600,45596,290923196,0,0,0,1024,6,7383844388
11145,290937360,96824,291034184,5,0,0,17920,19,6617219642
11146,291027390,43904,291071294,0,0,0,512,6,7903995132
11147,291065150,566,291065716,0,0,1,512,6,10197993762
11148,291232030,2870,291234900,0,0,1,8704,6,8870205816
11149,291254950,2946,291257896,0,0,1,3072,6,9767542072
11150,291261480,54056,291315536,5,0,0,3584,19,1018672133
11151,291401990,2470,291404460,4,0,1,2560,18,3821178019
11152,291464050,84824,291548874,5,0,0,13824,19,7206805211
11153,291490920,75744,291566664,1,0,0,512,17,9788168699
11154,291531220,57440,291588660,5,0,0,4608,19,3502000647
11155,291543460,95780,291639240,8,0,0,24576,3,594267502
11156,291562980,2470,291565450,0,0,1,2560,6,7044679492
11157,291599790,103064,291702854,8,0,0,38400,3,3583592448
11158,291600960,43904,291644864,0,0,0,512,6,8141627751
11159,291601270,147016,291748286,8,0,0,31232,3,811224294
11160,291629320,54596,291683916,1,0,0,512,17,6940675396
11161,291631470,7785,291639255,3,0,1,6144,6,10361767315
11162,291768390,1518,291769908,4,0,1,1536,18,5991211996
11163,291826240,45596,291871836,1,0,0,1024,17,10268000332
11164,291837780,59803,291897583,8,0,0,3072,3,4532737719
11165,291853330,5326,291858656,0,0,1,5632,6,6829192902
11166,291880800,2470,291883270,3,0,1,2560,6,1456083872
11167,291894130,3468,291897598,3,0,1,3072,6,804320374
11168,291986870,11016,291997886,3,0,1,17920,6,5338248854
11169,291988420,106087,292094507,8,0,0,35328,3,4655563009
11170,292040210,67695,292107905,0,0,0,2560,6,5328512772
11171,292055600,3422,292059022,3,0,1,3584,6,556030551
11172,292091860,104611,292196471,5,0,0,34816,19,4811088666
11173,292135470,4420,292139890,0,0,1,11776,6,9297745757
11174,292139790,7706,292147496,3,0,1,8192,6,9999585536
11175,292174320,43904,292218224,0,0,0,512,6,8745057005
11176,292240460,1994,292242454,3,0,1,2048,6,866950710
11177,292252890,123604,292376494,0,0,0,512,6,10310906340
11178,292271950,1042,292272992,0,0,1,1024,6,8345526528
11179,292301190,4374,292305564,0,0,1,4608,6,9446520617
11180,292327400,4850,292332250,2,0,1,5120,10,5105752506
11181,292471550,6229,292477779,9,0,1,15360,5,1477756475
11182,292476820,1945,292478765,3,0,1,1536,6,9372426462
11183,292553390,159899,292713289,5,0,0,39424,19,5869540418
11184,292555320,69778,292625098,0,0,0,1024,6,5017020287
11185,292649170,100256,292749426,8,0,0,29184,3,7675990424
11186,292691830,566,292692396,3,0,1,512,6,4292365886
11187,292731470,7706,292739176,3,0,1,8192,6,8900759948
11188,292791670,52364,292844034,1,0,0,3072,17,112407364
11189,292814180,3422,292817602,6,0,1,3584,9,8647558982
11190,292868640,54056,292922696,3,0,0,3584,6,3025643815
11191,292875810,2946,292878756,3,0,1,3072,6,9384379849
11192,292882660,69898,292952558,8,0,0,9728,3,6780869746
11193,292912870,43904,292956774,1,0,0,512,17,10216660264
11194,292955390,101816,293057206,5,0,0,34304,19,6392812010
11195,292968700,75476,293044176,8,0,0,18432,3,438260654
11196,292988190,125974,293114164,8,0,0,53760,3,3648646717
11197,293045300,135338,293180638,8,0,0,38912,3,5206246546
11198,293083430,72668,293156098,5,0,0,9216,19,5526320355
11199,293086130,47288,293133418,0,0,0,1536,6,10588676727
11200,293140730,3387,293144117,3,0,1,9728,6,5265823845
11201,293147560,1518,293149078,3,0,1,1536,6,2018384989
11202,293218620,43904,293262524,0,0,0,512,6,4680612882
11203,293231050,92762,293323812,1,0,0,1024,17,1864564570
11204,293234380,175118,293409498,5,0,0,54272,19,4961444122
11205,293252350,43904,293296254,0,0,0,512,6,3328655543
11206,293253760,5326,293259086,0,0,1,5632,6,1349594258
11207,293296970,566,293297536,3,0,1,512,6,904614445
11208,293323160,6754,293329914,7,0,1,7168,6,8351964918
11209,293365150,103808,293468958,8,0,0,10240,3,5708381127
11210,293467610,98788,293566398,8,0,0,19968,3,4167235002
11211,293512800,1042,293513842,2,0,1,1024,10,6175899329
11212,293558870,7543,293566413,0,0,1,2048,6,6611833030
11213,293617330,106496,293723826,8,0,0,49664,3,599560719
11214,293635400,45596,293680996,5,0,0,1024,19,7440920727
11215,293648320,6754,293655074,2,0,1,7168,10,7407253715
11216,293736130,113672,293849802,5,0,0,73216,19,536804976
11217,293835470,17452,293852922,2,0,1,9216,10,4881711440
11218,293875060,48980,293924040,0,0,0,2048,6,3435334298
11219,293878980,2946,293881926,2,0,1,3072,10,433210950
11220,293920200,101972,294022172,5,0,0,34816,19,9854527498
11221,293942450,43904,293986354,0,0,0,512,6,2420748645
11222,293943050,79457,294022507,0,0,0,1024,6,9382159195
11223,293987040,46526,294033566,0,0,0,512,6,7027419939
11224,293988770,45596,294034366,0,0,0,1024,6,8823522941
11225,294017850,136046,294153896,8,0,0,114176,3,9579469197
11226,294053220,126176,294179396,1,0,0,1536,17,9961914003
11227,294078791,95853,294174644,6,0,0,3584,9,7702293266
11228,294090170,3128,294093298,2,0,1,9216,10,3747548300
11229,294107630,5712,294113342,1,0,1,14336,17,1866485099
11230,294135640,62152,294197792,0,0,0,512,6,6027089238
11231,294174350,4184,294178534,6,0,1,4096,9,6631406189
11232,294179390,1518,294180908,2,0,1,1536,10,4848268516
11233,294188940,1994,294190934,2,0,1,2048,10,5505539304
11234,294259760,1042,294260802,2,0,1,1024,10,10565906062
11235,294323370,50672,294374042,0,0,0,2560,6,5058159015
11236,294333580,45596,294379176,1,0,0,1024,17,7928069729
11237,294387270,45596,294432866,0,0,0,1024,6,5289197464
11238,294395930,5971,294401901,6,0,1,14848,9,1407245244
11239,294426751,185932,294612683,6,0,0,47104,9,6757439084
11240,294442910,43904,294486814,0,0,0,512,6,3706555105
11241,294482730,101701,294584431,0,0,0,512,6,2370734828
11242,294483450,6278,294489728,6,0,1,6656,9,1633781624
11243,294487961,91172,294579133,6,0,0,24576,9,4350399209
11244,294561140,64113,294625253,0,0,0,1536,6,4854568983
11245,294662090,1518,294663608,6,0,1,1536,9,9226253525
11246,294667830,1518,294669348,2,0,1,1536,10,837035807
11247,294674770,4850,294679620,6,0,1,5120,9,2634639382
11248,294680671,48980,294729651,6,0,0,2048,9,735763554
11249,294697640,3645,294701285,2,0,1,10240,10,5493834311
11250,294700210,3545,294703755,6,0,1,3072,9,3376564284
11251,294752810,566,294753376,2,0,1,512,10,6778773339
11252,294790240,566,294790806,6,0,1,512,9,5947975474
11253,294836140,566,294836706,2,0,1,512,10,6474107875
11254,294836360,2946,294839306,2,0,1,3072,10,9079937845
11255,294849111,183459,295032570,6,0,0,78336,9,524492551
11256,294868230,3128,294871358,2,0,1,9216,10,5949989846
11257,294875720,4679,294880399,6,0,1,12288,9,2365569369
11258,294887930,57813,294945743,8,0,0,4608,3,4715714261
11259,294891020,145480,295036500,0,0,0,12800,6,7250485349
11260,294895620,1042,294896662,2,0,1,1024,10,1981809626
11261,294909850,127616,295037466,5,0,0,2048,19,1869975039
11262,294910370,1994,294912364,6,0,1,2048,9,2080173853
11263,294912010,124817,295036827,1,0,0,1024,17,9275104094
11264,294987390,100117,295087507,5,0,0,8192,19,271763118
11265,295008550,24035,295032585,2,0,1,4096,10,580384955
11266,295036861,74981,295111842,6,0,0,14848,9,5087633516
11267,295100560,134299,295234859,8,0,0,512,3,1845076241
11268,295147460,106496,295253956,0,0,0,49664,6,4110309780
11269,295207920,48785,295256705,1,0,0,512,17,10173567506
11270,295209120,47288,295256408,1,0,0,1536,17,2545781390
11271,295228730,4850,295233580,8,0,1,5120,3,7110882859
11272,295298840,99164,295398004,0,0,0,25600,6,2549523793
11273,295318110,127798,295445908,8,0,0,21504,3,4085406554
11274,295333350,1518,295334868,6,0,1,1536,9,9671164172
11275,295387660,48980,295436640,1,0,0,2048,17,1007946299
11276,295448460,100412,295548872,8,0,0,29696,3,1600244320
11277,295461621,70976,295532597,6,0,0,8704,9,2656778248
11278,295490580,90056,295580636,5,0,0,15872,19,7792264506
11279,295516680,3645,295520325,2,0,1,10240,10,5395517628
11280,295529280,566,295529846,2,0,1,512,10,2058811289
11281,295548870,94196,295643066,8,0,0,23040,3,9481284674
11282,295554370,91086,295645456,1,0,0,1024,17,7278556205
11283,295564190,128964,295693154,8,0,0,26112,3,7214764083
11284,295612970,2470,295615440,8,0,1,2560,3,7910882224
11285,295616440,4374,295620814,8,0,1,4608,3,4752084803
11286,295677030,16139,295693169,6,0,1,20992,9,4417023704
11287,295804220,1042,295805262,2,0,1,1024,10,3022332656
11288,295829590,84536,295914126,5,0,0,17920,19,8482792753
11289,295881380,134818,296016198,5,0,0,53248,19,5139000005
11290,295909110,9875,295918985,8,0,1,5120,3,6186214991
11291,295912380,9511,295921891,8,0,1,4608,3,10301623994
11292,295947850,169016,296116866,0,0,0,148992,6,2732976273
11293,295975840,145885,296121725,8,0,0,15872,3,1273798361
11294,296043760,96386,296140146,0,0,0,4096,6,4728200159
11295,296076560,107890,296184450,0,0,0,7680,6,7095409956
11296,296137420,1042,296138462,8,0,1,1024,3,5241464803
11297,296149840,5802,296155642,6,0,1,6144,9,9882675750
11298,296225960,3387,296229347,2,0,1,9728,10,38374952
11299,296252670,3422,296256092,2,0,1,3584,10,1330855276
11300,296261180,3645,296264825,6,0,1,10240,9,10298632834
11301,296286990,3645,296290635,8,0,1,10240,3,5111817391
11302,296303820,2870,296306690,8,0,1,8704,3,5384463616
11303,296318980,3898,296322878,1,0,1,4096,17,10404843460
11304,296375090,45596,296420686,8,0,0,1024,3,2643360819
11305,296379150,4162,296383312,6,0,1,11264,9,5485508705
11306,296481670,1042,296482712,6,0,1,1024,9,3228696703
11307,296495821,171727,296667548,6,0,0,95744,9,7150560554
11308,296498890,566,296499456,6,0,1,512,9,9356660591
11309,296504030,2470,296506500,8,0,1,2560,3,8438601981
11310,296507060,3904,296510964,6,0,1,10752,9,7916192420
11311,296512970,6754,296519724,6,0,1,7168,9,2286647999
11312,296547720,140095,296687815,5,0,0,28672,19,9576475719
11313,296558260,5196,296563456,6,0,1,13312,9,3289432271
11314,296591250,4850,296596100,8,0,1,5120,3,10617761116
11315,296591550,7776,296599326,6,0,1,5120,9,5079765201
11316,296620150,226581,296846731,1,0,0,512,17,1722849252
11317,296637280,50862,296688142,1,0,0,1024,17,2682695046
11318,296690080,3422,296693502,8,0,1,3584,3,6520548622
11319,296699130,1994,296701124,8,0,1,2048,3,7567724154
11320,296704281,157779,296862060,6,0,0,47104,9,3024757710
11321,296752670,2470,296755140,6,0,1,2560,9,5728346854
11322,296756360,4162,296760522,6,0,1,11264,9,942071287
11323,296764500,566,296765066,9,0,1,512,5,5061532513
11324,296771170,6754,296777924,8,0,1,7168,3,6824161873
11325,296792620,5971,296798591,8,0,1,14848,3,10103735700
11326,296794600,13867,296808467,8,0,1,18432,3,1234539840
11327,296816450,279775,297096225,5,0,0,31744,19,5191466672
11328,296824740,1518,296826258,2,0,1,1536,10,2705999866
11329,296950790,1994,296952784,2,0,1,2048,10,3316576574
11330,296953700,45596,296999296,1,0,0,1024,17,7355500555
11331,296956740,4850,296961590,2,0,1,5120,10,7584831285
11332,296977590,94011,297071601,5,0,0,21504,19,750457251
11333,297022940,7230,297030170,2,0,1,7680,10,9004506091
11334,297048790,47606,297096396,8,0,0,512,3,4556925136
11335,297095880,6786,297102666,2,0,1,6656,10,1450628949
11336,297144230,196511,297340741,0,0,0,110592,6,506777231
11337,297166800,184096,297350896,0,0,0,33280,6,3649800410
11338,297199320,3904,297203224,2,0,1,10752,10,7126767473
11339,297210190,49098,297259288,1,0,0,1024,17,7713961689
11340,297264610,6278,297270888,1,0,1,6656,17,4797544716
11341,297272260,170593,297442853,5,0,0,26112,19,1554241150
11342,297289461,86204,297375665,6,0,0,13312,9,6899891395
11343,297402610,2870,297405480,2,0,1,8704,10,4789915781
11344,297543760,104468,297648228,5,0,0,43008,19,4458011177
11345,297576311,103220,297679531,6,0,0,38912,9,8143803018
11346,297624050,10241,297634291,7,0,1,16384,6,5255573345
11347,297637430,69953,297707383,8,0,0,2048,3,269920299
11348,297640110,12050,297652160,2,0,1,4096,10,6507611577
11349,297646860,47006,297693866,8,0,0,1024,3,8468936432
11350,297668820,119600,297788420,0,0,0,9728,6,10138587333
11351,297679140,4306,297683446,6,0,1,4096,9,9971467858
11352,297695790,43904,297739694,1,0,0,512,17,3800681863
11353,297699440,89003,297788443,7,0,1,146432,6,257551296
11354,297727981,156726,297884707,6,0,0,8192,9,6944829830
11355,297785510,49114,297834624,7,0,1,79872,6,1617315460
11356,297791880,235382,298027262,8,0,0,2048,3,3768978653
11357,297910100,2470,297912570,6,0,1,2560,9,9177244768
11358,297973300,51958,298025258,1,0,0,512,17,993612034
11359,297988190,72541,298060731,7,0,1,117760,6,5735302123
11360,297998500,269648,298268148,0,0,0,88576,6,4257743277
11361,298001170,91947,298093117,7,0,1,105984,6,149731708
11362,298015081,78702,298093783,5,0,1,11264,19,3494056511
11363,298018200,82201,298100401,7,0,1,23552,6,1446216993
11364,298029060,92232,298121292,7,0,1,75264,6,8989080874
11365,298090370,241027,298331397,5,0,0,47616,19,1202260771
11366,298094680,264602,298359282,0,0,0,14336,6,10129337206
11367,298139540,5454,298144994,6,0,1,13824,9,7540205414
11368,298143431,3189,298146620,5,0,1,2560,19,10631770143
11369,298165191,1042,298166233,5,0,1,1024,19,9714416000
11370,298170570,229854,298400424,5,0,0,2048,19,6956745303
11371,298179101,1994,298181095,5,0,1,2048,19,6821210295
11372,298214111,157865,298371976,6,0,0,11776,9,2428805917
11373,298225430,566,298225996,6,0,1,512,9,3789258492
11374,298226000,111485,298337485,1,0,0,1536,17,7424197998
11375,298256330,76018,298332348,5,0,0,3072,19,5162450314
11376,298270130,23637,298293767,7,0,1,42496,6,10598967721
11377,298281921,111759,298393680,6,0,0,5120,9,4990769738
11378,298289050,9863,298298913,6,0,1,8192,9,2896347389
11379,298290960,132534,298423494,8,0,0,1024,3,2772735835
11380,298345550,115013,298460563,1,0,0,512,17,6577486419
11381,298358250,131334,298489584,1,0,0,512,17,1218050790
11382,298363240,8751,298371991,2,0,1,6144,10,8610612917
11383,298363641,8365,298372006,5,0,1,512,19,7201829256
11384,298373860,4420,298378280,2,0,1,11776,10,7534312765
11385,298378550,4374,298382924,3,0,1,4608,6,5345214262
11386,298421080,5802,298426882,2,0,1,6144,10,8576106990
11387,298439880,2870,298442750,2,0,1,8704,10,7349919826
11388,298449530,23208,298472738,7,0,1,38400,6,9779375708
11389,298458490,53788,298512278,7,0,1,82432,6,3014653705
11390,298463180,50724,298513904,3,0,1,2560,6,3159756404
11391,298468730,257615,298726345,8,0,0,1024,3,8551685557
11392,298483890,242120,298726010,5,0,0,48640,19,8339360141
11393,298504470,9780,298514250,2,0,1,512,10,5172366804
11394,298535640,21916,298557556,7,0,1,35840,6,8907156173
11395,298586161,7706,298593867,5,0,1,8192,19,5236854534
11396,298599760,5326,298605086,6,0,1,5632,9,1668960321
11397,298618020,226740,298844760,5,0,0,42496,19,663377282
11398,298629630,23120,298652750,7,0,1,41472,6,8102508799
11399,298665010,147052,298812062,0,0,0,30720,6,3756989439
11400,298697440,70370,298767810,5,0,0,17920,19,312694691
11401,298715410,60793,298776203,8,0,0,512,3,786681430
11402,298763251,155470,298918721,6,0,0,53760,9,6474751263
11403,298774030,4937,298778967,6,0,1,12800,9,6410483463
11404,298784640,3128,298787768,6,0,1,9216,9,10067905883
11405,298788980,91994,298880974,1,0,0,512,17,2951281712
11406,298824920,195826,299020746,8,0,0,2048,3,3424937493
11407,298848051,159638,299007689,6,0,0,46080,9,6095546705
11408,298907060,25770,298932830,2,0,1,24064,10,1624955639
11409,298989750,25187,299014937,7,0,1,45568,6,8833410274
11410,299101711,99476,299201187,6,0,0,26624,9,7954318864
11411,299192410,47288,299239698,8,0,0,1536,3,7635143201
11412,299199230,23607,299222837,7,0,1,35328,6,8914826023
11413,299206160,21964,299228124,9,0,1,16896,5,3468312378
11414,299206720,22992,299229712,7,0,1,15872,6,4086647461
11415,299301510,1994,299303504,7,0,1,2048,6,4694191247
11416,299302290,4374,299306664,2,0,1,4608,10,7206914387
11417,299371530,10241,299381771,8,0,1,16384,3,10026413631
11418,299376841,104289,299481130,6,0,0,38400,9,3993867392
11419,299393050,1994,299395044,7,0,1,2048,6,10580477447
11420,299420150,93596,299513746,0,0,0,17408,6,4098165242
11421,299427120,3422,299430542,3,0,1,3584,6,6432462823
11422,299437630,2470,299440100,2,0,1,2560,10,7260913876
11423,299438070,3656,299441726,2,0,1,2560,10,1984752856
11424,299441580,115509,299557089,0,0,0,2560,6,9510276452
11425,299446110,1518,299447628,8,0,1,1536,3,5176311600
11426,299453720,2470,299456190,3,0,1,2560,6,2722442906
11427,299471650,53376,299525026,8,0,0,512,3,9343650874
11428,299489770,58676,299548446,8,0,0,1536,3,1197607781
11429,299499060,5971,299505031,8,0,1,14848,3,7768512603
11430,299510800,129089,299639889,0,0,0,5120,6,10175177241
11431,299522310,79216,299601526,8,0,0,1024,3,3565495662
11432,299567380,2946,299570326,7,0,1,3072,6,562467605
11433,299594630,92531,299687161,0,0,0,20480,6,3328698636
11434,299605191,131713,299736904,6,0,0,23552,9,9083195005
11435,299605930,74976,299680906,0,0,0,12288,6,3219822446
11436,299626750,1518,299628268,8,0,1,1536,3,3335620341
11437,299675371,108884,299784255,6,0,0,40960,9,4218840768
11438,299687450,49625,299737075,8,0,0,512,3,8050034779
11439,299690990,48980,299739970,1,0,0,2048,17,2256175989
11440,299694980,149450,299844430,0,0,0,14336,6,7382756294
11441,299703030,180922,299883952,3,0,0,16896,6,2776893864
11442,299714040,4374,299718414,7,0,1,4608,6,2512646845
11443,299739000,3422,299742422,8,0,1,3584,3,8344587964
11444,299739580,105185,299844765,8,0,0,1024,3,4867596757
11445,299751710,11274,299762984,3,0,1,18432,6,8734935865
11446,299752610,11040,299763650,2,0,1,1024,10,6791647008
11447,299753980,11296,299765276,7,0,1,2560,6,8372568800
11448,299768210,1518,299769728,7,0,1,1536,6,444939667
11449,299789760,5971,299795731,2,0,1,14848,10,2280248086
11450,299802750,45050,299847800,8,0,0,512,3,4105286305
11451,299819281,132595,299951876,6,0,0,22528,9,9912979917
11452,299827500,139514,299967014,8,0,0,512,3,403502350
11453,299840500,138112,299978612,5,0,0,24576,19,4999812188
11454,299847440,2946,299850386,2,0,1,3072,10,4798398109
11455,299853401,162573,300015974,6,0,0,25088,9,2094227114
11456,299858620,5802,299864422,8,0,1,6144,3,230576506
11457,299863010,3038,299866048,3,0,1,2560,6,3433483199
11458,299924300,3422,299927722,2,0,1,3584,10,8716333852
11459,299941970,187576,300129546,8,0,0,2048,3,5941481755
11460,299960130,6899,299967029,8,0,1,7168,3,1163381318
11461,299992000,203612,300195612,1,0,0,31232,17,3403928615
11462,300014420,8776,300023196,7,0,1,7680,6,335255806
11463,300055370,2870,300058240,2,0,1,8704,10,381243666
11464,300056860,69895,300126755,5,0,0,11264,19,6196758358
11465,300065551,203423,300268974,6,0,0,44032,9,2903462905
11466,300080110,1042,300081152,3,0,1,1024,6,4592592685
11467,300087820,1518,300089338,2,0,1,1536,10,6154493947
11468,300132530,119361,300251891,1,0,0,51712,17,3542460504
11469,300168360,2870,300171230,7,0,1,8704,6,805900368
11470,300178520,232638,300411158,5,0,0,122880,19,5002826321
11471,300204790,75296,300280086,1,0,0,12800,17,1207495149
11472,300230050,92730,300322780,1,0,0,3584,17,4641080896
11473,300253900,1518,300255418,9,0,1,1536,5,7625813833
11474,300286260,4679,300290939,3,0,1,12288,6,905885678
11475,300303960,113156,300417116,5,0,0,10240,19,10655603726
11476,300318400,134501,300452901,0,0,0,26112,6,7036865102
11477,300364480,566,300365046,9,0,1,512,5,10540766370
11478,300406150,6994,300413144,3,0,1,2048,6,879977468
11479,300427560,566,300428126,9,0,1,512,5,10304615655
11480,300451650,137323,300588973,8,0,0,1024,3,7010738194
11481,300459010,187954,300646964,0,0,0,120320,6,9878808643
11482,300477980,1994,300479974,9,0,1,2048,5,5204154654
11483,300496990,97059,300594049,1,0,0,2560,17,1936529305
11484,300544740,3422,300548162,3,0,1,3584,6,4182149777
11485,300566761,176509,300743270,6,0,0,47104,9,5843518770
11486,300573670,6278,300579948,9,0,1,6656,5,4540328925
11487,300581940,282428,300864368,1,0,0,194560,17,6458391824
11488,300584210,175377,300759587,1,0,0,52736,17,1175453339
11489,300602080,1042,300603122,2,0,1,1024,10,8778067208
11490,300646390,5416,300651806,9,0,1,5120,5,477847129
11491,300646980,8372,300655352,9,0,1,5632,5,7281175853
11492,300717970,211966,300929936,5,0,0,13824,19,10382756625
11493,300729460,30142,300759602,9,0,1,3584,5,6837242909
11494,300768990,97280,300866270,0,0,0,6144,6,9079648435
11495,300779530,104140,300883670,1,0,0,14336,17,7873271336
11496,300782540,3422,300785962,2,0,1,3584,10,9136187546
11497,300800810,63573,300864383,9,0,1,15360,5,7019663105
11498,300834450,36662,300871112,2,0,1,5120,10,3113575684
11499,300874120,4850,300878970,2,0,1,5120,10,9725106778
11500,300894390,1518,300895908,4,0,1,1536,18,4942809110
11501,300904730,72185,300976915,8,0,0,512,3,10541933501
11502,300937951,1042,300938993,5,0,1,1024,19,2355061807
11503,300955610,155346,301110956,1,0,0,4608,17,7306517029
11504,300964320,7230,300971550,9,0,1,7680,5,6888951355
11505,300977471,112424,301089895,6,0,0,48640,9,2456555156
11506,300978001,243707,301221708,6,0,0,18432,9,8046815647
11507,300987800,6278,300994078,2,0,1,6656,10,4903411125
11508,300995991,108636,301104627,6,0,0,44032,9,1410794539
11509,301000630,1042,301001672,9,0,1,1024,5,952740737
11510,301019210,202669,301221879,8,0,0,512,3,8614572461
11511,301041671,174398,301216069,6,0,0,88576,9,8960196251
11512,301048010,4850,301052860,9,0,1,5120,5,6834626581
11513,301057470,217429,301274899,1,0,0,48640,17,5014318177
11514,301108071,204322,301312393,6,0,0,44544,9,9157002833
11515,301112900,4850,301117750,9,0,1,5120,5,9390469677
11516,301135460,4420,301139880,3,0,1,11776,6,4721819389
11517,301149250,3387,301152637,9,0,1,9728,5,4920978964
11518,301161790,5326,301167116,9,0,1,5632,5,10544327497
11519,301169070,174034,301343104,0,0,0,7168,6,9984884082
11520,301171080,105198,301276278,8,0,0,512,3,2328425326
11521,301193570,29335,301222905,3,0,1,1024,6,5104530130
11522,301215710,252393,301468103,0,0,0,5632,6,8324211352
11523,301216890,130754,301347644,1,0,0,1024,17,3866922142
11524,301224890,4374,301229264,3,0,1,4608,6,2657736237
11525,301236180,4850,301241030,3,0,1,5120,6,3300332416
11526,301247090,1994,301249084,2,0,1,2048,10,4359803358
11527,301263650,227931,301491581,5,0,0,67072,19,2338039263
11528,301287831,178541,301466372,6,0,0,86016,9,1155601760
11529,301289610,146237,301435847,8,0,0,1024,3,9521689818
11530,301353010,139857,301492867,0,0,0,4096,6,7760149723
11531,301358151,6229,301364380,5,0,1,15360,19,4889885004
11532,301362680,7430,301370110,3,0,1,7680,6,10531900459
11533,301377611,160539,301538150,6,0,0,91136,9,7717076233
11534,301380620,161453,301542073,5,0,0,12800,19,3364393004
11535,301435380,160773,301596153,1,0,0,27136,17,5476301950
11536,301466690,3875,301470565,2,0,1,2560,10,2474227071
11537,301470980,20616,301491596,6,0,1,512,9,2655390684
11538,301472820,23428,301496248,2,0,1,3584,10,3085162921
11539,301492410,5464,301497874,6,0,1,2560,9,5003124927
11540,301520180,26702,301546882,6,0,1,5120,9,8937663245
11541,301551820,2470,301554290,6,0,1,2560,9,4460617174
11542,301560880,256423,301817303,1,0,0,146944,17,1381129856
11543,301607550,5326,301612876,2,0,1,5632,10,2599320288
11544,301622320,4937,301627257,1,0,1,12800,17,10465763463
11545,301634920,6229,301641149,3,0,1,15360,6,4909347299
11546,301636390,10013,301646403,3,0,1,7168,6,4645209698
11547,301664070,5802,301669872,4,0,1,6144,18,10457187317
11548,301666590,168899,301835489,5,0,0,37888,19,286355482
11549,301675880,159795,301835675,0,0,0,512,6,6385908015
11550,301726300,110014,301836314,8,0,0,2048,3,9618628388
11551,301739691,109010,301848701,6,0,0,22016,9,5692334840
11552,301741330,4374,301745704,2,0,1,4608,10,6407382564
11553,301749360,101093,301850453,8,0,0,2560,3,9742606854
11554,301755400,178835,301934235,5,0,0,34304,19,2162778042
11555,301770300,106451,301876751,8,0,0,2048,3,2893969179
11556,301777070,40791,301817861,4,0,1,512,18,10438978996
11557,301821600,13904,301835504,2,0,1,4608,10,9304589719
11558,301879810,1518,301881328,2,0,1,1536,10,8993989118
11559,301927230,54285,301981515,0,0,0,1536,6,5197850811
11560,301928420,53578,301981998,8,0,0,1536,3,6416681262
11561,301929530,8134,301937664,6,0,1,9728,9,2483606194
11562,301946840,2870,301949710,6,0,1,8704,9,7709641116
11563,301967291,195409,302162700,6,0,0,18432,9,191636331
11564,301994610,6278,302000888,7,0,1,6656,6,6265088226
11565,301995071,111811,302106882,6,0,0,12800,9,939867010
11566,302022370,43904,302066274,0,0,0,512,6,761068767
11567,302077910,1994,302079904,2,0,1,2048,10,4554961739
11568,302112980,50047,302163027,0,0,0,1024,6,1552229094
11569,302139770,2470,302142240,4,0,1,2560,18,158147333
11570,302143730,104806,302248536,1,0,0,30720,17,9573313792
11571,302154800,8242,302163042,2,0,1,6144,10,2787278837
11572,302168891,196626,302365517,6,0,0,46080,9,6246776270
11573,302185440,4850,302190290,6,0,1,5120,9,10445552753
11574,302198620,7706,302206326,4,0,1,8192,18,2925467423
11575,302205400,4850,302210250,6,0,1,5120,9,6954149664
11576,302267200,566,302267766,6,0,1,512,9,4357541920
11577,302273630,566,302274196,6,0,1,512,9,857367165
11578,302332420,2946,302335366,7,0,1,3072,6,7575720080
11579,302399870,57440,302457310,1,0,0,4608,17,1023230319
11580,302442850,4374,302447224,6,0,1,4608,9,6705679696
11581,302485600,43904,302529504,0,0,0,512,6,6120658129
11582,302503530,5196,302508726,6,0,1,13312,9,4983288675
11583,302506291,343148,302849439,6,0,0,66048,9,6531674096
11584,302536100,6278,302542378,4,0,1,6656,18,2695328724
11585,302544410,50672,302595082,0,0,0,2560,6,10625382286
11586,302549540,5802,302555342,6,0,1,6144,9,5261916853
11587,302562110,566,302562676,2,0,1,512,10,5604123313
11588,302600490,7230,302607720,7,0,1,7680,6,1460236402
11589,302609730,3904,302613634,6,0,1,10752,9,466144528
11590,302616790,3422,302620212,6,0,1,3584,9,80516821
11591,302620280,5802,302626082,6,0,1,6144,9,5329465894
11592,302628910,329928,302958838,1,0,0,120320,17,7124245467
11593,302750490,57201,302807691,8,0,0,512,3,6475609298
11594,302791670,566,302792236,6,0,1,512,9,6830467197
11595,302798080,75083,302873163,0,0,0,512,6,3013283492
11596,302802200,13253,302815453,4,0,1,25600,18,6274187108
11597,302851421,130942,302982363,6,0,0,31232,9,9191544550
11598,302867770,146334,303014104,5,0,0,73728,19,10503659326
11599,302887380,73602,302960982,1,0,0,1024,17,3630096062
11600,302889551,126908,303016459,6,0,0,7680,9,6342786119
11601,302890600,126186,303016786,0,0,0,1024,6,3834814853
11602,302932951,97323,303030274,6,0,0,9728,9,4808497268
11603,303020380,43904,303064284,0,0,0,512,6,5561842461
11604,303028730,62360,303091090,1,0,0,5632,17,8831804482
11605,303118490,64364,303182854,1,0,0,7168,17,5165731805
11606,303170360,2470,303172830,2,0,1,2560,10,6658550953
11607,303187990,125216,303313206,1,0,0,111104,17,3218739000
11608,303210240,2470,303212710,6,0,1,2560,9,5992531180
11609,303266641,112709,303379350,6,0,0,18432,9,3243887486
11610,303269500,55394,303324894,0,0,0,1024,6,10154284674
11611,303279800,34457,303314257,6,0,1,1024,9,1132683145
11612,303286500,38818,303325318,6,0,1,19456,9,1792394434
11613,303322740,7724,303330464,7,0,1,8192,6,6777738375
11614,303331620,4937,303336557,7,0,1,12800,6,3854833418
11615,303337620,137141,303474761,1,0,0,9216,17,4099484758
11616,303347991,103688,303451679,6,0,0,40448,9,7276029966
11617,303367600,150343,303517943,0,0,0,512,6,913809624
11618,303402920,1042,303403962,2,0,1,1024,10,3945068179
11619,303411680,566,303412246,4,0,1,512,18,4749844649
11620,303450810,8091,303458901,4,0,1,7680,18,1416417482
11621,303490671,78522,303569193,6,0,0,10240,9,9171726260
11622,303496120,108524,303604644,1,0,0,56320,17,8590116829
11623,303586730,47288,303634018,8,0,0,1536,3,7351804907
11624,303586790,17869,303604659,4,0,1,19968,18,8731864572
11625,303650390,130188,303780578,1,0,0,120320,17,1213878544
11626,303710760,1042,303711802,1,0,1,1024,17,496944892
11627,303844600,43904,303888504,8,0,0,512,3,9862367327
11628,303871480,43904,303915384,8,0,0,512,3,2482416314
11629,303929150,48980,303978130,8,0,0,2048,3,5775704264
11630,303967030,67592,304034622,5,0,0,7680,19,1583567217
11631,304002301,126587,304128888,6,0,0,89088,9,6728644317
11632,304019750,7230,304026980,6,0,1,7680,9,8210676352
11633,304028700,100515,304129215,8,0,0,1024,3,7630179372
11634,304050490,178697,304229187,8,0,0,5632,3,5872629283
11635,304064130,128082,304192212,5,0,0,12288,19,3257039005
11636,304064880,87861,304152741,1,0,0,5120,17,9022154153
11637,304080870,107583,304188453,5,0,0,21504,19,4477148914
11638,304100130,69225,304169355,8,0,0,3072,3,3118095502
11639,304132290,3422,304135712,6,0,1,3584,9,7391622092
11640,304156621,111698,304268319,6,0,0,45568,9,883355033
11641,304170191,102831,304273022,6,0,0,15360,9,4235446757
11642,304214870,207187,304422057,5,0,0,165888,19,5416345721
11643,304227370,194858,304422228,0,0,0,512,6,2898171023
11644,304238620,212395,304451015,0,0,0,2560,6,10194724355
11645,304239460,197150,304436610,1,0,0,46080,17,7386816216
11646,304239850,11016,304250866,4,0,1,17920,18,5110565604
11647,304264080,172709,304436789,0,0,0,512,6,10449474790
11648,304272450,168878,304441328,5,0,0,14848,19,3113345447
11649,304317030,105525,304422555,0,0,0,1024,6,3332661563
11650,304369110,82076,304451186,0,0,0,512,6,5758292647
11651,304407520,208464,304615984,5,0,0,68608,19,2730245505
11652,304443970,87896,304531866,1,0,0,13824,17,7421647965
11653,304576411,117260,304693671,6,0,0,84992,9,5277473543
11654,304581530,2470,304584000,2,0,1,2560,10,5075817843
11655,304621040,92275,304713315,8,0,0,1024,3,6062982002
11656,304628680,101423,304730103,1,0,0,10752,17,7657330995
11657,304743060,107900,304850960,5,0,0,54272,19,6423343432
11658,304752740,2946,304755686,9,0,1,3072,5,3736479706
11659,304771661,168432,304940093,6,0,0,12800,9,3684502500
11660,304801600,4850,304806450,9,0,1,5120,5,9787118995
11661,304815910,2470,304818380,9,0,1,2560,5,4335106485
11662,304906010,97448,305003458,5,0,0,19968,19,6121066872
11663,304956920,59444,305016364,1,0,0,6144,17,8387089242
11664,304985280,2470,304987750,2,0,1,2560,10,9532617419
11665,305035700,1518,305037218,7,0,1,1536,6,10054928790
11666,305047000,77744,305124744,5,0,0,10752,19,1078563082
11667,305052160,1518,305053678,7,0,1,1536,6,8515050559
11668,305068700,3128,305071828,7,0,1,9216,6,638998587
11669,305102700,2946,305105646,2,0,1,3072,10,4140266691
11670,305126760,95288,305222048,5,0,0,17920,19,2601724315
11671,305164551,132707,305297258,6,0,0,31744,9,6757795516
11672,305180970,45596,305226566,8,0,0,1024,3,4978524899
11673,305239370,11016,305250386,9,0,1,17920,5,4370844202
11674,305306620,60465,305367085,8,0,0,512,3,9544393056
11675,305325480,4162,305329642,9,0,1,11264,5,7954919350
11676,305326600,6276,305332876,7,0,1,4096,6,5761394360
11677,305328580,96252,305424832,1,0,0,19968,17,8117552958
11678,305342650,1042,305343692,7,0,1,1024,6,1457640814
11679,305361020,1994,305363014,7,0,1,2048,6,2776418911
11680,305367760,5802,305373562,7,0,1,6144,6,714267042
11681,305402790,5454,305408244,4,0,1,13824,18,7804823735
11682,305425110,1994,305427104,3,0,1,2048,6,7315634234
11683,305437400,65900,305503300,5,0,0,7168,19,8946227883
11684,305468720,334859,305803579,1,0,0,77824,17,4462692716
11685,305473120,2870,305475990,7,0,1,8704,6,167409412
11686,305540710,12737,305553447,2,0,1,24576,10,10369490049
11687,305550040,4073,305554113,9,0,1,1024,5,884288567
11688,305574020,3422,305577442,2,0,1,3584,10,10195541684
11689,305601920,2946,305604866,9,0,1,3072,5,7681179978
11690,305604560,43904,305648464,0,0,0,512,6,8280792400
11691,305604830,109562,305714392,1,0,0,7168,17,3828291751
11692,305621270,3645,305624915,7,0,1,10240,6,9409883398
11693,305628670,72342,305701012,5,0,0,3584,19,10279223334
11694,305647080,176635,305823715,8,0,0,512,3,6918811275
11695,305661500,206219,305867719,8,0,0,1536,3,105606014
11696,305661721,90747,305752468,6,0,0,13824,9,6429753698
11697,305675680,63480,305739160,8,0,0,512,3,9126891255
11698,305683980,4679,305688659,7,0,1,12288,6,2200302110
11699,305699240,1787,305701027,4,0,1,1024,18,9757709024
11700,305745720,100364,305846084,1,0,0,3072,17,1481508106
11701,305768660,59133,305827793,8,0,0,512,3,6523937064
11702,305797520,6634,305804154,4,0,1,512,18,4057006922
11703,305797570,7692,305805262,2,0,1,1536,10,6924519550
11704,305895730,3128,305898858,4,0,1,9216,18,4727571745
11705,305899690,3898,305903588,4,0,1,4096,18,651851828
11706,305918950,4374,305923324,4,0,1,4608,18,4175005597
11707,305955631,117572,306073203,6,0,0,86016,9,4830019154
11708,305970850,1042,305971892,9,0,1,1024,5,1416951021
11709,305988330,85044,306073374,0,0,0,512,6,9757825173
11710,305988760,1042,305989802,7,0,1,1024,6,378917751
11711,305998090,89993,306088083,0,0,0,1536,6,6640007909
11712,306009700,139737,306149437,5,0,0,31744,19,7333225208
11713,306088820,10241,306099061,4,0,1,16384,18,4339357193
11714,306108100,122686,306230786,1,0,0,30720,17,7812507215
11715,306110420,64133,306174553,0,0,0,1024,6,5499093442
11716,306146900,3112,306150012,4,0,1,512,18,5579379781
11717,306147220,59978,306207198,1,0,0,4096,17,1064063062
11718,306204880,2333,306207213,4,0,1,1536,18,4404494759
11719,306225740,12786,306238526,9,0,1,8192,5,934989632
11720,306227180,58847,306286027,1,0,0,3072,17,10660671906
11721,306229450,166453,306395903,1,0,0,59904,17,1209378269
11722,306250220,1042,306251262,9,0,1,1024,5,2002281136
11723,306268830,1042,306269872,4,0,1,1024,18,2116059152
11724,306271160,2946,306274106,9,0,1,3072,5,2964552793
11725,306351260,97448,306448708,0,0,0,19968,6,5451722588
11726,306357930,98436,306456366,0,0,0,14848,6,4048171550
11727,306360050,2946,306362996,4,0,1,3072,18,216860981
11728,306393121,173881,306567002,6,0,0,25600,9,8764704570
11729,306393911,219697,306613608,6,0,0,80896,9,2113167793
11730,306406350,87839,306494189,8,0,0,1024,3,5595324893
11731,306481720,132230,306613950,8,0,0,512,3,4168627752
11732,306482590,106340,306588930,1,0,0,49152,17,6372422318
11733,306485010,169238,306654248,5,0,0,83968,19,6369549863
11734,306489330,124449,306613779,8,0,0,512,3,5315076252
11735,306550250,105686,306655936,8,0,0,512,3,4619898639
11736,306553390,113606,306666996,1,0,0,16896,17,3379726273
11737,306573890,15055,306588945,9,0,1,1024,5,5965273480
11738,306647311,113737,306761048,6,0,0,50688,9,3021691424
11739,306674960,1042,306676002,4,0,1,1024,18,2612525685
11740,306688470,154401,306842871,0,0,0,54784,6,9117966542
11741,306701180,6488,306707668,2,0,1,15872,10,2814931252
11742,306705590,6753,306712343,9,0,1,6656,5,5959272199
11743,306745970,58974,306804944,8,0,0,512,3,1305683124
11744,306782980,4850,306787830,9,0,1,5120,5,10320510314
11745,306806210,6278,306812488,9,0,1,6656,5,10337142961
11746,306843850,566,306844416,2,0,1,512,10,525327249
11747,306870320,6754,306877074,9,0,1,7168,5,1683236610
11748,306919510,4420,306923930,7,0,1,11776,6,2063922725
11749,306932440,214749,307147189,5,0,0,14336,19,9710159151
11750,306955120,1518,306956638,7,0,1,1536,6,774210172
11751,306956720,145909,307102629,1,0,0,22528,17,2196378242
11752,306959210,95287,307054497,5,0,0,10752,19,6147466117
11753,306969310,3128,306972438,2,0,1,9216,10,7203044731
11754,306974840,129685,307104525,8,0,0,512,3,6529920365
11755,306996620,3898,307000518,9,0,1,4096,5,6996074352
11756,307002600,179033,307181633,0,0,0,19456,6,10015750247
11757,307013550,566,307014116,2,0,1,512,10,7859365017
11758,307056940,1994,307058934,9,0,1,2048,5,7385863733
11759,307074030,101660,307175690,1,0,0,33792,17,10597304002
11760,307082590,259944,307342534,0,0,0,118272,6,1946874243
11761,307090960,196360,307287320,8,0,0,512,3,6755557748
11762,307093400,265997,307359397,5,0,0,55296,19,4080647097
11763,307096910,85230,307182140,5,0,0,1536,19,3783312850
11764,307098020,7572,307105592,9,0,1,3072,5,8796111030
11765,307108791,90393,307199184,6,0,0,1024,9,6920082093
11766,307111910,128490,307240400,0,0,0,3072,6,6257154765
11767,307116160,157618,307273778,1,0,0,5632,17,5570506228
11768,307157390,5326,307162716,1,0,1,5632,17,5594876811
11769,307162250,812,307163062,7,0,1,512,6,3037807836
11770,307166620,76100,307242720,8,0,0,512,3,1544300219
11771,307174711,199700,307374411,6,0,0,25600,9,6169582254
11772,307180020,186568,307366588,0,0,0,23552,6,4068550400
11773,307193460,1518,307194978,9,0,1,1536,5,5895586779
11774,307263500,7230,307270730,7,0,1,7680,6,4295823704
11775,307296570,6754,307303324,4,0,1,7168,18,5306393198
11776,307303580,103021,307406601,1,0,0,28672,17,4496306703
11777,307348980,68272,307417252,1,0,0,2560,17,2497037730
11778,307364350,176128,307540478,1,0,0,68096,17,7970649931
11779,307373100,4274,307377374,8,0,1,3072,3,4862257414
11780,307383330,1994,307385324,0,0,1,2048,6,9893130793
11781,307385350,202811,307588161,1,0,0,30720,17,2180804919
11782,307406400,1711,307408111,7,0,1,1536,6,38441821
11783,307407180,5802,307412982,7,0,1,6144,6,1609379073
11784,307470200,6278,307476478,6,0,1,6656,9,5990860665
11785,307488770,5712,307494482,4,0,1,14336,18,6406485640
11786,307545980,1518,307547498,2,0,1,1536,10,8922135231
11787,307548560,1994,307550554,7,0,1,2048,6,9194217584
11788,307569050,4850,307573900,6,0,1,5120,9,2957417490
11789,307576500,11676,307588176,9,0,1,2560,5,2654641855
11790,307599530,3898,307603428,6,0,1,4096,9,1725280187
11791,307612690,3645,307616335,4,0,1,10240,18,8284496820
11792,307664570,5326,307669896,6,0,1,5632,9,1409185816
11793,307701000,121826,307822826,0,0,0,25088,6,5173249489
11794,307709750,61608,307771358,1,0,0,512,17,9597515776
11795,307718060,3387,307721447,4,0,1,9728,18,1558148675
11796,307723080,61854,307784934,1,0,0,3072,17,5314832179
11797,307736160,79007,307815167,1,0,0,10240,17,2928665234
11798,307755460,1994,307757454,9,0,1,2048,5,4382876687
11799,307813560,15536,307829096,8,0,1,6656,3,3867534806
11800,307846280,566,307846846,9,0,1,512,5,9438306411
11801,307874310,1042,307875352,7,0,1,1024,6,1809824351
11802,307892930,214444,308107374,0,0,0,27648,6,7659100109
11803,307901340,6754,307908094,8,0,1,7168,3,5667653358
11804,307908930,190005,308098935,1,0,0,101888,17,2355394380
11805,307916930,4850,307921780,7,0,1,5120,6,5928596639
11806,307937970,173475,308111445,1,0,0,13312,17,3851890871
11807,308085270,33439,308118709,4,0,1,7680,18,7464213279
11808,308087480,32535,308120015,4,0,1,2048,18,9048019961
11809,308101440,20841,308122281,4,0,1,3584,18,6489483050
11810,308115010,7630,308122640,6,0,1,9728,9,4207008073
11811,308126270,217430,308343700,0,0,0,108032,6,9192283989
11812,308133080,121178,308254258,0,0,0,14336,6,10127169428
11813,308135700,123148,308258848,1,0,0,3072,17,6287234703
11814,308161630,182420,308344050,8,0,0,1024,3,2687186146
11815,308205810,3898,308209708,8,0,1,4096,3,8534534405
11816,308240740,4937,308245677,1,0,1,12800,17,2893253869
11817,308246630,285450,308532080,5,0,0,74240,19,540477508
11818,308262920,242252,308505172,0,0,0,166912,6,9236202197
11819,308275800,3387,308279187,7,0,1,9728,6,9427060789
11820,308278641,229213,308507854,6,0,0,8704,9,3321025424
11821,308293271,251171,308544442,6,0,0,24576,9,6913544946
11822,308302040,1042,308303082,4,0,1,1024,18,6154406896
11823,308303550,122356,308425906,8,0,0,2048,3,3535711426
11824,308309740,33983,308343723,4,0,1,14848,18,10601022052
11825,308310510,37428,308347938,1,0,1,10752,17,8901201979
11826,308340280,8004,308348284,7,0,1,512,6,2434857685
11827,308350900,1518,308352418,8,0,1,1536,3,8508332221
11828,308353440,7230,308360670,8,0,1,7680,3,4497731237
11829,308363950,145479,308509429,5,0,0,5120,19,3746879204
11830,308364731,172208,308536939,6,0,0,15872,9,1683109016
11831,308429700,315064,308744764,0,0,0,57344,6,2365412966
11832,308453610,51577,308505187,8,0,1,10240,3,2224101573
11833,308472120,73799,308545919,7,0,1,1536,6,8707036446
11834,308477500,131594,308609094,8,0,1,104960,3,10658320807
11835,308491990,118730,308610720,6,0,1,2560,9,229335710
11836,308513250,99736,308612986,1,0,1,3584,17,8377673955
11837,308523450,90522,308613972,6,0,1,1536,9,361687238
11838,308537890,76748,308614638,1,0,1,1024,17,6604174825
11839,308538960,78584,308617544,7,0,1,4608,6,3364870123
11840,308549640,70490,308620130,6,0,1,4096,9,6360249085
11841,308553830,292596,308846426,0,0,0,39424,6,1202244850
11842,308554540,70877,308625417,4,0,1,16896,18,2733202453
11843,308557670,192767,308750437,1,0,0,4608,17,2398670871
11844,308667871,254751,308922622,6,0,0,43520,9,9315139395
11845,308674820,220833,308895653,1,0,0,140800,17,7253048520
11846,308687051,86204,308773255,6,0,0,13312,9,8385994143
11847,308687330,208846,308896176,5,0,0,1536,19,8347638072
11848,308688810,1518,308690328,6,0,1,1536,9,6261674585
11849,308706780,139832,308846612,8,0,0,512,3,8979422687
11850,308710260,566,308710826,1,0,1,512,17,3233581470
11851,308710720,566,308711286,1,0,1,512,17,5431591976
11852,308712880,329195,309042075,1,0,0,9728,17,2048226062
11853,308731530,16665,308748195,1,0,1,3584,17,5125290694
11854,308740010,13561,308753571,6,0,1,8192,9,5659752084
11855,308747280,11117,308758397,6,0,1,7680,9,10099803514
11856,308751880,6876,308758756,8,0,1,9728,3,6855035925
11857,308753300,10602,308763902,4,0,1,8192,18,7756458037
11858,308758480,330089,309088569,1,0,0,25088,17,3541261105
11859,308763730,5196,308768926,8,0,1,13312,3,8279152259
11860,308764830,8440,308773270,1,0,1,9728,17,6959980666
11861,308777070,46988,308824058,8,0,1,81408,3,292304631
11862,308826810,566,308827376,4,0,1,512,18,5193193940
11863,308832840,13601,308846441,8,0,1,8704,3,512584806
11864,308856800,40377,308897177,4,0,1,1024,18,2940291369
11865,308859090,38753,308897843,7,0,1,1024,6,213085098
11866,308866360,222700,309089060,0,0,0,1536,6,4385911878
11867,308874440,310717,309185157,5,0,0,30208,19,7577285182
11868,308890810,166046,309056856,8,0,0,512,3,4874185178
11869,308908020,14617,308922637,6,0,1,3584,9,3361762627
11870,308909130,13522,308922652,1,0,1,9728,17,792756150
11871,308930790,143537,309074327,8,0,0,512,3,10352734854
11872,308943490,187615,309131105,0,0,0,55808,6,2583255733
11873,308974850,6488,308981338,8,0,1,15872,3,1461879905
11874,309006480,107598,309114078,1,0,0,10752,17,7793371584
11875,309065610,3422,309069032,4,0,1,3584,18,4557149659
11876,309074600,566,309075166,7,0,1,512,6,7829779989
11877,309081480,273871,309355351,5,0,0,76800,19,3950814663
11878,309088590,86536,309175126,8,0,0,3072,3,3104703377
11879,309110971,403556,309514527,6,0,0,94720,9,8592486579
11880,309127020,240514,309367534,0,0,0,39936,6,6590574331
11881,309142080,25187,309167267,8,0,1,45568,3,4408714299
11882,309145150,108467,309253617,1,0,0,20480,17,5547853721
11883,309186681,145255,309331936,6,0,0,30720,9,4796821834
11884,309197560,566,309198126,6,0,1,512,9,3861517698
11885,309251540,36864,309288404,8,0,1,60928,3,6052153121
11886,309262700,26050,309288750,1,0,1,512,17,5643901545
11887,309290760,278689,309569449,5,0,0,43520,19,7459814672
11888,309305230,3904,309309134,4,0,1,10752,18,8451257283
11889,309361450,11402,309372852,6,0,1,5632,9,3435381131
11890,309387080,5326,309392406,1,0,1,5632,17,315871487
11891,309402520,1518,309404038,6,0,1,1536,9,2286203233
11892,309409980,1042,309411022,6,0,1,1024,9,3526402319
11893,309425610,1994,309427604,6,0,1,2048,9,8170219765
11894,309445171,98916,309544087,6,0,0,17920,9,7621742717
11895,309447851,66855,309514706,6,0,0,512,9,2076023331
11896,309467810,3898,309471708,6,0,1,4096,9,3804730748
11897,309486660,214168,309700828,1,0,0,50688,17,5480618804
11898,309538740,91987,309630727,8,0,0,1536,3,8817993809
11899,309597370,3898,309601268,0,0,1,4096,6,895543584
11900,309601700,118963,309720663,1,0,0,65024,17,9219490478
11901,309651300,3645,309654945,4,0,1,10240,18,1646226577
11902,309692980,31540,309724520,4,0,1,4096,18,761452397
11903,309707920,18866,309726786,1,0,1,3584,17,773735504
11904,309708101,114083,309822184,6,0,0,29184,9,4169231624
11905,309772160,23120,309795280,8,0,1,41472,3,9795065420
11906,309778480,18426,309796906,4,0,1,2560,18,7632992846
11907,309803341,59132,309862473,6,0,0,5120,9,1794645231
11908,309817250,8824,309826074,6,0,1,4096,9,630430660
11909,309837890,566,309838456,4,0,1,512,18,6015473034
11910,309880100,200655,310080755,0,0,0,109056,6,10391488344
11911,309890590,1518,309892108,4,0,1,1536,18,5537446462
11912,309950610,5802,309956412,6,0,1,6144,9,4011478520
11913,309980600,6278,309986878,2,0,1,6656,10,10551931096
11914,310015820,1518,310017338,1,0,1,1536,17,8470441400
11915,310042840,566,310043406,6,0,1,512,9,1000530681
11916,310069440,86003,310155443,1,0,0,15872,17,7452327563
11917,310097220,12566,310109786,6,0,1,20992,9,5741643405
11918,310137620,137893,310275513,5,0,0,1536,19,7008556743
11919,310209880,159516,310369396,5,0,0,18432,19,8850521235
11920,310265850,123869,310389719,1,0,0,33792,17,9064859201
11921,310275771,55748,310331519,6,0,0,4096,9,3555314271
11922,310314500,2870,310317370,7,0,1,8704,6,3644338916
11923,310341910,11533,310353443,8,0,1,18944,3,6915374169
11924,310343840,114435,310458275,0,0,0,20480,6,6555912676
11925,310350090,120965,310471055,5,0,0,27136,19,1556595886
11926,310438300,1042,310439342,6,0,1,1024,9,4473118816
11927,310449850,152973,310602823,0,0,0,125952,6,4965904530
11928,310467980,9345,310477325,7,0,1,6656,6,9236094621
11929,310483580,146400,310629980,1,0,0,18432,17,3260097983
11930,310485270,182336,310667606,1,0,0,9728,17,5661472440
11931,310515250,3422,310518672,6,0,1,3584,9,1120694233
11932,310524620,6754,310531374,7,0,1,7168,6,8212725884
11933,310653420,4850,310658270,7,0,1,5120,6,7326721124
11934,310702501,60224,310762725,6,0,0,8704,9,3632279861
11935,310743140,48980,310792120,0,0,0,2048,6,9944651320
11936,310825870,2946,310828816,6,0,1,3072,9,8272624063
11937,310920580,89636,311010216,1,0,0,24576,17,10347884517
11938,310987541,81440,311068981,6,0,0,12800,9,3356430941
11939,311023720,50672,311074392,8,0,0,2560,3,9585058255
11940,311031150,49136,311080286,8,0,0,2560,3,3251808926
11941,311057611,105092,311162703,6,0,0,45056,9,903531026
11942,311062440,111921,311174361,8,0,0,1536,3,6974642490
11943,311097510,566,311098076,7,0,1,512,6,8100117970
11944,311161900,51467,311213367,5,0,0,2560,19,8080543062
11945,311173480,121205,311294685,0,0,0,41472,6,3998237500
11946,311208530,566,311209096,6,0,1,512,9,4046282605
11947,311229720,198531,311428251,1,0,0,151040,17,7929144618
11948,311232060,566,311232626,1,0,1,512,17,4064532672
11949,311237950,2470,311240420,1,0,1,2560,17,3835014986
11950,311290981,194693,311485674,6,0,0,105472,9,8716827043
11951,311307760,6754,311314514,7,0,1,7168,6,3124419647
11952,311321960,106510,311428470,8,0,0,512,3,4876216631
11953,311385320,43725,311429045,1,0,1,512,17,2295199061
11954,311388731,202471,311591202,6,0,0,26112,9,6879740485
11955,311406550,22841,311429391,1,0,1,512,17,7293360859
11956,311409020,156730,311565750,0,0,0,95744,6,7217494704
11957,311410610,234268,311644878,5,0,0,40960,19,2178220585
11958,311420690,234040,311654730,1,0,0,12800,17,806593075
11959,311421590,10147,311431737,7,0,1,3072,6,10173491477
11960,311421780,12223,311434003,7,0,1,3584,6,3267122699
11961,311477340,197184,311674524,8,0,0,1024,3,2229620059
11962,311494620,7230,311501850,7,0,1,7680,6,2109904609
11963,311525850,4374,311530224,1,0,1,4608,17,1167377838
11964,311536920,31992,311568912,7,0,1,9216,6,3160332921
11965,311538020,32090,311570110,1,0,1,1536,17,6313613753
11966,311539510,37256,311576766,7,0,1,8192,6,3227125292
11967,311606500,2470,311608970,1,0,1,2560,17,8507000858
11968,311616840,3387,311620227,6,0,1,9728,9,4115002261
11969,311623760,6278,311630038,6,0,1,6656,9,6444537473
11970,311628090,156220,311784310,1,0,0,74752,17,7386955204
11971,311684160,121817,311805977,0,0,0,27648,6,1615035290
11972,311703480,1518,311704998,7,0,1,1536,6,7568447473
11973,311708290,4679,311712969,3,0,1,12288,6,9923427107
11974,311716960,566,311717526,6,0,1,512,9,9142117246
11975,311723770,2946,311726716,6,0,1,3072,9,5701019041
11976,311729530,126504,311856034,1,0,0,6656,17,3188718717
11977,311754820,132205,311887025,0,0,0,34304,6,2814498378
11978,311780230,5607,311785837,3,0,1,1536,6,4080204600
11979,311780330,8102,311788432,3,0,1,10240,6,9280137878
11980,311805380,70129,311875509,0,0,0,3072,6,7787779658
11981,311840340,94976,311935316,0,0,0,16896,6,6798011163
11982,311913580,43904,311957484,8,0,0,512,3,9967499723
11983,311939840,43904,311983744,8,0,0,512,3,10096955465
11984,311945950,64716,312010666,5,0,0,2048,19,10435486806
11985,311991760,52364,312044124,8,0,0,3072,3,10420232997
11986,311993360,3387,311996747,6,0,1,9728,9,3487560361
11987,312020370,4374,312024744,3,0,1,4608,6,7041349852
11988,312049480,99476,312148956,5,0,0,26624,19,10544760139
11989,312059020,4850,312063870,1,0,1,5120,17,2048172007
11990,312060140,5356,312065496,1,0,1,2560,17,1761433741
11991,312085490,77765,312163255,0,0,0,10752,6,1549544456
11992,312104040,7706,312111746,7,0,1,8192,6,6032079140
11993,312142380,99674,312242054,0,0,0,512,6,4466271081
11994,312144720,9120,312153840,7,0,1,5120,6,7582367569
11995,312146680,130509,312277189,0,0,0,60928,6,3253791762
11996,312163430,240972,312404402,5,0,0,147968,19,8200216366
11997,312272880,198956,312471836,5,0,0,75776,19,555441140
11998,312306001,127276,312433277,6,0,0,94720,9,4700543825
11999,312335710,99329,312435039,8,0,0,1536,3,2360364187
12000,312415180,20959,312436139,1,0,1,8704,17,7927357194
12001,312447510,24341,312471851,6,0,1,11264,9,7188869534
12002,312491010,5196,312496206,3,0,1,13312,6,9195605350
12003,312509690,48980,312558670,5,0,0,2048,19,283244634
12004,312542960,2870,312545830,7,0,1,8704,6,210165894
12005,312550950,3645,312554595,6,0,1,10240,9,7833985259
12006,312697141,57440,312754581,6,0,0,4608,9,2644780718
12007,312721400,4937,312726337,1,0,1,12800,17,6437446307
12008,312734990,3387,312738377,7,0,1,9728,6,8761264136
12009,312740770,196947,312937717,0,0,0,11776,6,8641739536
12010,312744950,2470,312747420,7,0,1,2560,6,8039213
12011,312781520,121511,312903031,1,0,0,25088,17,4205296629
12012,312794000,2470,312796470,9,0,1,2560,5,7298012257
12013,312833940,2470,312836410,7,0,1,2560,6,5416798697
12014,312881800,56088,312937888,8,0,0,512,3,1499393546
12015,312881850,2946,312884796,7,0,1,3072,6,5934407368
12016,312889980,121255,313011235,5,0,0,55296,19,5066434334
12017,312900610,185995,313086605,1,0,0,42496,17,533949678
12018,312937080,252615,313189695,8,0,0,512,3,69831345
12019,312955351,104936,313060287,6,0,0,44544,9,1371340442
12020,312957360,1042,312958402,7,0,1,1024,6,3551134196
12021,313006601,182923,313189524,6,0,0,1536,9,9320500641
12022,313018240,111977,313130217,1,0,0,46080,17,3766168732
12023,313018341,170700,313189041,6,0,0,77824,9,7111362386
12024,313131470,566,313132036,3,0,1,512,6,7912574420
12025,313177850,15758,313193608,1,0,1,10752,17,181501182
12026,313182450,12524,313194974,3,0,1,2048,6,1109074435
12027,313197750,127956,313325706,1,0,0,17408,17,5892323837
12028,313270720,100256,313370976,5,0,0,29184,19,2441482313
12029,313344210,566,313344776,1,0,1,512,17,5429006964
12030,313344820,1518,313346338,7,0,1,1536,6,5005911631
12031,313348060,4420,313352480,1,0,1,11776,17,8665282274
12032,313364650,127319,313491969,1,0,0,43520,17,5718742984
12033,313386380,54358,313440738,8,0,1,89088,3,2417005348
12034,313399380,42946,313442326,7,0,1,15872,6,1437828920
12035,313400370,46462,313446832,7,0,1,7168,6,8061149588
12036,313418581,79822,313498403,6,0,0,10752,9,8891186343
12037,313419050,135646,313554696,5,0,0,28672,19,7754177505
12038,313428390,208146,313636536,0,0,0,73216,6,4537052254
12039,313473260,4850,313478110,7,0,1,5120,6,9361746017
12040,313510541,151873,313662414,6,0,0,15872,9,7641912815
12041,313510771,213851,313724622,6,0,0,20480,9,1462910843
12042,313528290,3387,313531677,3,0,1,9728,6,9706702948
12043,313538890,5196,313544086,7,0,1,13312,6,5832669532
12044,313559760,245760,313805520,0,0,0,30720,6,761233108
12045,313567580,2470,313570050,1,0,1,2560,17,2650618498
12046,313571330,566,313571896,3,0,1,512,6,6236559886
12047,313623980,56452,313680432,8,0,0,512,3,3433526527
12048,313679080,252950,313932030,0,0,0,138752,6,386423621
12049,313679500,210231,313889731,0,0,0,52736,6,5825321142
12050,313680741,322294,314003035,6,0,0,124928,9,4099497163
12051,313687080,3422,313690502,3,0,1,3584,6,10043456031
12052,313711520,2946,313714466,7,0,1,3072,6,6133319698
12053,313796930,19098,313816028,7,0,1,16896,6,5365387410
12054,313801470,17784,313819254,7,0,1,5120,6,182020604
12055,313809160,194559,314003719,0,0,0,1024,6,8593459065
12056,313850630,307704,314158334,0,0,0,116224,6,8043790989
12057,313881410,51170,313932580,3,0,1,512,6,1914013300
12058,313888390,44922,313933312,3,0,1,1024,6,3909281676
12059,313905430,97791,314003221,8,0,0,512,3,9650774816
12060,313910440,92952,314003392,8,0,0,512,3,2995364018
12061,313917910,134221,314052131,0,0,0,13312,6,8268774309
12062,313928310,261705,314190015,0,0,0,57344,6,122680026
12063,313950930,6754,313957684,1,0,1,7168,17,6172068608
12064,313962720,40330,314003050,1,0,1,2560,17,10055015769
12065,314023640,7706,314031346,3,0,1,8192,6,8833187085
12066,314045760,161076,314206836,0,0,0,11264,6,7258387411
12067,314061540,566,314062106,1,0,1,512,17,489801503
12068,314062590,4937,314067527,1,0,1,12800,17,4817277180
12069,314096580,4850,314101430,2,0,1,5120,10,9629077463
12070,314113940,6278,314120218,7,0,1,6656,6,3715996733
12071,314155810,159176,314314986,0,0,0,138240,6,7454874396
12072,314157030,3315,314160345,3,0,1,2048,6,4490035994
12073,314158850,2801,314161651,7,0,1,2048,6,2127570760
12074,314218190,98524,314316714,8,0,0,512,3,8406484966
12075,314240170,2470,314242640,4,0,1,2560,18,6030697383
12076,314286420,126162,314412582,0,0,0,20480,6,6134878396
12077,314292850,126611,314419461,5,0,0,22528,19,3113569562
12078,314296610,22809,314319419,7,0,1,4608,6,1610957304
12079,314308250,13115,314321365,4,0,1,3072,18,9304803578
12080,314338240,142881,314481121,5,0,0,47616,19,984802086
12081,314352220,6278,314358498,3,0,1,6656,6,8643521036
12082,314420890,6754,314427644,4,0,1,7168,18,8406238428
12083,314422070,8800,314430870,3,0,1,5120,6,4469372077
12084,314431710,566,314432276,4,0,1,512,18,7160668735
12085,314437571,102440,314540011,6,0,0,36352,9,4437155673
12086,314467070,218163,314685233,0,0,0,59392,6,10617770283
12087,314494710,127225,314621935,1,0,0,512,17,718592847
12088,314498240,3904,314502144,4,0,1,10752,18,5405655731
12089,314498500,115685,314614185,0,0,0,12288,6,4342546565
12090,314511760,7230,314518990,3,0,1,7680,6,3342670458
12091,314518230,2946,314521176,4,0,1,3072,18,2756748683
12092,314563200,51795,314614995,8,0,0,2560,3,8090347792
12093,314588300,3898,314592198,4,0,1,4096,18,2469538698
12094,314597990,16210,314614200,3,0,1,26112,6,7568361038
12095,314619460,1042,314620502,1,0,1,1024,17,4108417062
12096,314635220,3387,314638607,4,0,1,9728,18,4269974097
12097,314648610,80996,314729606,5,0,0,16384,19,9634306482
12098,314674160,24406,314698566,1,0,1,22528,17,9135804172
12099,314708970,2470,314711440,3,0,1,2560,6,5327076327
12100,314716070,78464,314794534,8,0,0,512,3,4617698434
12101,314719730,195202,314914932,1,0,0,10240,17,1555601866
12102,314731141,317476,315048617,6,0,0,52736,9,1658335434
12103,314733170,138561,314871731,5,0,0,9216,19,8358960987
12104,314745910,566,314746476,4,0,1,512,18,235421999
12105,314761430,1042,314762472,1,0,1,1024,17,5469534600
12106,314767310,4679,314771989,4,0,1,12288,18,1094700009
12107,314768400,3935,314772335,4,0,1,512,18,1231979015
12108,314768980,179751,314948731,8,0,0,2560,3,2294061052
12109,314774900,566,314775466,4,0,1,512,18,4703987243
12110,314808330,1042,314809372,4,0,1,1024,18,10001431073
12111,314820420,3898,314824318,1,0,1,4096,17,9516478680
12112,314836180,161539,314997719,0,0,0,113664,6,9537871007
12113,314870190,92551,314962741,1,0,0,2048,17,9241110681
12114,314891050,157746,315048796,8,0,0,512,3,3670584852
12115,314958011,92672,315050683,6,0,0,6144,9,725730601
12116,315036910,14298,315051208,1,0,1,512,17,4286701428
12117,315049620,62815,315112435,1,0,0,8192,17,1914220251
12118,315054200,5802,315060002,4,0,1,6144,18,1577858111
12119,315055260,285750,315341010,5,0,0,37376,19,2688382260
12120,315074950,152413,315227363,5,0,0,59392,19,3726131554
12121,315114740,3128,315117868,4,0,1,9216,18,5738713639
12122,315121450,1042,315122492,1,0,1,1024,17,2684308534
12123,315146950,158767,315305717,5,0,0,88576,19,7723302103
12124,315187900,3422,315191322,1,0,1,3584,17,10096238903
12125,315197820,5802,315203622,4,0,1,6144,18,2265747604
12126,315207680,98224,315305904,5,0,0,512,19,64432419
12127,315275550,50672,315326222,5,0,0,2560,19,2447047801
12128,315286990,22295,315309285,4,0,1,3584,18,8848550239
12129,315295010,23478,315318488,4,0,1,18944,18,9836689010
12130,315350100,52364,315402464,5,0,0,3072,19,249227280
12131,315422820,77900,315500720,5,0,0,11264,19,3843828126
12132,315446391,55436,315501827,6,0,0,3584,9,8108045388
12133,315463520,178598,315642118,1,0,0,113664,17,7930002434
12134,315524091,4162,315528253,5,0,1,11264,19,10576443959
12135,315531050,111247,315642297,8,0,0,512,3,10595544625
12136,315564170,1994,315566164,1,0,1,2048,17,6305784592
12137,315579360,566,315579926,8,0,1,512,3,2864119666
12138,315584120,83870,315667990,8,0,1,139776,3,415267697
12139,315591621,355253,315946874,9,0,0,50176,5,8577544023
12140,315630760,37576,315668336,1,0,1,512,17,1924805594
12141,315694020,4374,315698394,3,0,1,4608,6,8101675584
12142,315707881,3898,315711779,5,0,1,4096,19,8559398856
12143,315715380,157494,315872874,8,0,0,1024,3,1008458005
12144,315726320,43975,315770295,8,0,1,72192,3,2248761085
12145,315757520,14401,315771921,9,0,1,2560,5,3386124585
12146,315761970,10515,315772485,4,0,1,10752,18,5932034775
12147,315762800,11631,315774431,4,0,1,3072,18,2857105256
12148,315791070,236471,316027541,0,0,0,159744,6,1549124166
12149,315821800,220420,316042220,1,0,0,48128,17,1123131796
12150,315844260,5971,315850231,8,0,1,14848,3,4833173603
12151,315846070,6408,315852478,1,0,1,10240,17,7416426977
12152,315857980,231329,316089309,1,0,0,512,17,5859231594
12153,315859540,6754,315866294,3,0,1,7168,6,10378711102
12154,315914940,5802,315920742,4,0,1,6144,18,4550476881
12155,315925020,2946,315927966,3,0,1,3072,6,5553242282
12156,315937420,180114,316117534,8,0,0,512,3,1596663683
12157,315950880,95287,316046167,5,0,0,12800,19,3371423117
12158,315956440,89750,316046190,8,0,1,124416,3,6617376480
12159,315981980,321737,316303717,0,0,0,46080,6,3670396047
12160,316002850,44351,316047201,4,0,1,1024,18,9708002604
12161,316010770,307063,316317833,0,0,0,13824,6,8747017782
12162,316014590,33917,316048507,4,0,1,2048,18,6700272280
12163,316022800,27682,316050482,7,0,1,9728,6,9178754165
12164,316071300,5326,316076626,4,0,1,5632,18,4906338990
12165,316090500,3422,316093922,1,0,1,3584,17,3158626776
12166,316107980,5802,316113782,4,0,1,6144,18,8807825735
12167,316123540,5326,316128866,7,0,1,5632,6,3703586127
12168,316134810,1994,316136804,1,0,1,2048,17,809838161
12169,316145090,566,316145656,4,0,1,512,18,5419077676
12170,316159961,213958,316373919,6,0,0,122880,9,9114788039
12171,316168750,64654,316233404,8,0,1,109056,3,5456381599
12172,316181010,52855,316233865,1,0,1,10240,17,6302649784
12173,316216880,18931,316235811,3,0,1,3072,6,2663383815
12174,316261230,7230,316268460,7,0,1,7680,6,3749031327
12175,316299930,91084,316391014,0,0,0,13824,6,4206697113
12176,316333080,196269,316529349,1,0,0,22016,17,1449984616
12177,316338260,38597,316376857,1,0,1,3072,17,10653328544
12178,316427351,1518,316428869,5,0,1,1536,19,7657868239
12179,316429630,13083,316442713,8,0,1,22016,3,4669046139
12180,316433340,9719,316443059,7,0,1,512,6,5417938902
12181,316437060,52364,316489424,0,0,0,3072,6,3343730919
12182,316442801,12825,316455626,5,0,1,21504,19,2950423980
12183,316448270,298326,316746596,0,0,0,120320,6,3199239789
12184,316546910,1518,316548428,4,0,1,1536,18,3950381593
12185,316550731,222080,316772811,6,0,0,56320,9,559993680
12186,316580540,3387,316583927,1,0,1,9728,17,8525265090
12187,316596750,2946,316599696,7,0,1,3072,6,2715811219
12188,316628050,295696,316923746,0,0,0,7168,6,3447755239
12189,316634960,47288,316682248,8,0,0,1536,3,8718444536
12190,316639820,281727,316921547,0,0,0,167936,6,6813316563
12191,316653850,10241,316664091,8,0,1,16384,3,1581162155
12192,316694600,3898,316698498,7,0,1,4096,6,6829706409
12193,316816331,7230,316823561,5,0,1,7680,19,8427955444
12194,316840770,1994,316842764,4,0,1,2048,18,6292457863
12195,316894360,31372,316925732,1,0,1,2048,17,6920511428
12196,316924250,156447,317080697,1,0,0,7168,17,6830440438
12197,316945590,132908,317078498,5,0,0,38912,19,9298608853
12198,316950460,3387,316953847,7,0,1,9728,6,5989022508
12199,316989300,4374,316993674,1,0,1,4608,17,9084531960
12200,317013370,1994,317015364,1,0,1,2048,17,3692146588
12201,317040490,1518,317042008,7,0,1,1536,6,774745803
12202,317043390,5196,317048586,4,0,1,13312,18,7532671069
12203,317065080,80840,317145920,5,0,0,15872,19,3006225686
12204,317129421,2946,317132367,5,0,1,3072,19,10092210051
12205,317199300,4374,317203674,3,0,1,4608,6,2176928129
12206,317231100,2946,317234046,7,0,1,3072,6,8385677957
12207,317235420,1518,317236938,3,0,1,1536,6,7450346483
12208,317254520,5802,317260322,4,0,1,6144,18,4635525067
12209,317283931,160238,317444169,6,0,0,14848,9,5977465088
12210,317286180,1518,317287698,3,0,1,1536,6,1993012895
12211,317289571,90524,317380095,6,0,0,17408,9,8948231414
12212,317294400,70536,317364936,0,0,0,9728,6,5997455032
12213,317312080,81128,317393208,1,0,0,11776,17,2993137474
12214,317381600,129303,317510903,8,0,0,512,3,64273552
12215,317398291,206098,317604389,6,0,0,60928,9,3044964106
12216,317405611,82958,317488569,6,0,0,2048,9,2853858029
12217,317481600,3904,317485504,4,0,1,10752,18,1385876220
12218,317527320,566,317527886,4,0,1,512,18,150868761
12219,317575080,55904,317630984,0,0,0,4608,6,1487709432
12220,317588510,20567,317609077,3,0,1,12288,6,20133378
12221,317599110,11978,317611088,3,0,1,3072,6,254177807
12222,317646351,74228,317720579,6,0,0,14336,9,6175315251
12223,317715720,151344,317867064,5,0,0,68096,19,2814331825
12224,317736430,65008,317801438,8,0,0,512,3,3306044606
12225,317771870,566,317772436,6,0,1,512,9,2248077273
12226,317817500,116738,317934238,5,0,0,4608,19,9560510302
12227,317896201,101660,317997861,6,0,0,33792,9,6185336895
12228,317908851,146322,318055173,6,0,0,70656,9,9588562651
12229,317977500,123933,318101433,1,0,0,28672,17,2513320438
12230,318026740,91361,318118101,5,0,0,12800,19,10206165883
12231,318035780,32726,318068506,3,0,1,22528,6,4695573602
12232,318070710,142540,318213250,5,0,0,34304,19,7829304464
12233,318081641,152573,318234214,6,0,0,17408,9,9860091928
12234,318088400,13048,318101448,3,0,1,19456,6,9623605567
12235,318114510,14082,318128592,3,0,1,16896,6,9930087792
12236,318123890,199868,318323758,1,0,0,1536,17,8803083061
12237,318169490,152126,318321616,1,0,0,76288,17,1964040128
12238,318199650,205311,318404961,5,0,0,50688,19,9065707910
12239,318321260,44252,318365512,8,0,0,512,3,1966566616
12240,318406280,105289,318511569,1,0,0,14336,17,6685390050
12241,318414260,43904,318458164,8,0,0,512,3,10225786416
12242,318419770,6754,318426524,6,0,1,7168,9,5089106409
12243,318421210,211289,318632499,1,0,0,34816,17,4962713084
12244,318441140,179047,318620187,0,0,0,142848,6,3793186242
12245,318484890,154045,318638935,8,0,0,1536,3,9192276862
12246,318486810,146640,318633450,5,0,0,3072,19,620707100
12247,318530810,107417,318638227,5,0,0,14336,19,2478026380
12248,318570140,4420,318574560,6,0,1,11776,9,9359824832
12249,318588740,44822,318633562,0,0,1,22528,6,4996521513
12250,318605180,75092,318680272,1,0,0,8192,17,2604987897
12251,318613221,88018,318701239,6,0,0,7168,9,8116336026
12252,318656400,3898,318660298,6,0,1,4096,9,2136165227
12253,318658651,221323,318879974,6,0,0,39936,9,2101925653
12254,318671701,158060,318829761,6,0,0,41472,9,3521317756
12255,318684840,1518,318686358,6,0,1,1536,9,9543151649
12256,318727290,126042,318853332,5,0,0,77312,19,10419852237
12257,318740900,140189,318881089,1,0,0,3584,17,6556501983
12258,318768590,94062,318862652,1,0,0,7168,17,7728379616
12259,318816891,77867,318894758,6,0,0,512,9,7574263268
12260,318834730,27937,318862667,3,0,1,8192,6,2273717148
12261,318843300,19382,318862682,3,0,1,14848,6,246277381
12262,318864420,118737,318983157,5,0,0,51200,19,9138040744
12263,318869000,239262,319108262,8,0,0,1536,3,4981378893
12264,318893030,115072,319008102,8,0,0,1536,3,10432004987
12265,318911890,7230,318919120,6,0,1,7680,9,780817437
12266,318977520,164275,319141795,0,0,0,101376,6,9818469571
12267,319077670,7706,319085376,0,0,1,8192,6,3177950814
12268,319124820,62563,319187383,8,0,0,1024,3,1796369633
12269,319151220,43904,319195124,8,0,0,512,3,971559753
12270,319167120,566,319167686,3,0,1,512,6,9792668581
12271,319174470,566,319175036,3,0,1,512,6,5855683366
12272,319201140,4374,319205514,4,0,1,4608,18,9182381790
12273,319268600,6754,319275354,0,0,1,7168,6,1752228910
12274,319292600,215799,319508399,0,0,0,48640,6,8922805284
12275,319327140,3898,319331038,0,0,1,4096,6,6492807068
12276,319335170,1042,319336212,6,0,1,1024,9,6048750894
12277,319383291,43904,319427195,6,0,0,512,9,2941497595
12278,319432780,146448,319579228,0,0,0,7168,6,872325306
12279,319482790,566,319483356,6,0,1,512,9,8391593791
12280,319490980,17434,319508414,3,0,1,7680,6,10461084022
12281,319500130,12955,319513085,0,0,1,12288,6,1097773223
12282,319519850,66080,319585930,1,0,0,12800,17,2733008338
12283,319581901,177908,319759809,6,0,0,1024,9,4917401001
12284,319614380,100100,319714480,0,0,0,28672,6,1202929364
12285,319644910,89431,319734341,0,0,0,9216,6,8609513055
12286,319658601,45596,319704197,6,0,0,1024,9,10379254363
12287,319733010,53917,319786927,8,0,0,1024,3,487376794
12288,319751120,2946,319754066,3,0,1,3072,6,5959820937
12289,319751490,5162,319756652,3,0,1,4096,6,6318196758
12290,319788940,1518,319790458,6,0,1,1536,9,7832681391
12291,319799810,70976,319870786,0,0,0,8704,6,4249163877
12292,319850700,2470,319853170,0,0,1,2560,6,7539898845
12293,319861320,198548,320059868,1,0,0,190464,17,7563802671
12294,319889210,1042,319890252,0,0,1,1024,6,1502159560
12295,319919830,6488,319926318,6,0,1,15872,9,1275177892
12296,319929000,6754,319935754,6,0,1,7168,9,8620968664
12297,319963230,163345,320126575,5,0,0,1024,19,7441231300
12298,319985310,1042,319986352,6,0,1,1024,9,6544846196
12299,319995220,106192,320101412,0,0,0,27136,6,7358054253
12300,320002270,62056,320064326,4,0,1,4608,18,4236749201
12301,320007930,57071,320065001,0,0,1,10240,6,4191973752
12302,320022010,49696,320071706,4,0,1,7680,18,8059050020
12303,320032300,41352,320073652,6,0,1,3072,9,8648920550
12304,320042810,169741,320212551,5,0,0,92160,19,10390117612
12305,320060880,96772,320157652,5,0,0,1536,19,5875658602
12306,320071151,4447,320075598,5,0,1,3072,19,10050420862
12307,320080571,89741,320170312,6,0,0,512,9,534125560
12308,320106150,1042,320107192,0,0,1,1024,6,9111982015
12309,320118340,108263,320226603,0,0,0,28160,6,5904822275
12310,320141541,71181,320212722,6,0,0,512,9,1653741743
12311,320161010,3898,320164908,0,0,1,4096,6,1288949028
12312,320167850,1042,320168892,0,0,1,1024,6,2221597584
12313,320172490,148236,320320726,1,0,0,67584,17,8166802169
12314,320178890,192312,320371202,0,0,0,20992,6,10599970299
12315,320216940,139854,320356794,5,0,0,512,19,8344241428
12316,320250400,566,320250966,4,0,1,512,18,5713166565
12317,320274920,1042,320275962,0,0,1,1024,6,1293289324
12318,320306940,14837,320321777,4,0,1,1024,18,4060969439
12319,320314120,50527,320364647,8,0,0,512,3,9432958061
12320,320347560,43904,320391464,8,0,0,512,3,6342171741
12321,320348840,93329,320442169,8,0,0,1024,3,1871226602
12322,320370550,8350,320378900,0,0,1,8192,6,374705241
12323,320377740,52667,320430407,8,0,0,1024,3,6175558986
12324,320434551,6278,320440829,5,0,1,6656,19,633807535
12325,320439870,62486,320502356,8,0,0,512,3,10688184143
12326,320474061,2470,320476531,5,0,1,2560,19,8397122001
12327,320484570,43904,320528474,5,0,0,512,19,6614342767
12328,320507671,5802,320513473,5,0,1,6144,19,6552193927
12329,320531611,3128,320534739,5,0,1,9216,19,3072957437
12330,320580710,123968,320704678,1,0,0,107008,17,10120609489
12331,320622500,106202,320728702,0,0,0,7168,6,1796453720
12332,320658550,46299,320704849,5,0,0,512,19,2113948089
12333,320763891,43904,320807795,6,0,0,512,9,4921385212
12334,320769480,566,320770046,4,0,1,512,18,3558652624
12335,320778411,1042,320779453,5,0,1,1024,19,10726128753
12336,320809881,1994,320811875,5,0,1,2048,19,5052363918
12337,320833170,43904,320877074,5,0,0,512,19,4043072720
12338,320890270,1518,320891788,4,0,1,1536,18,9586547059
12339,320890410,61201,320951611,0,0,0,5632,6,5821443394
12340,320906071,53850,320959921,6,0,0,1536,9,7046846960
12341,320918190,52364,320970554,5,0,0,3072,19,9409243005
12342,320970750,5802,320976552,4,0,1,6144,18,9763774424
12343,320979120,51599,321030719,5,0,0,512,19,7739923304
12344,320992011,2470,320994481,5,0,1,2560,19,7038788780
12345,321044080,121475,321165555,0,0,0,59392,6,4215352817
12346,321072280,186524,321258804,0,0,0,25088,6,9788250460
12347,321075230,566,321075796,6,0,1,512,9,2355486347
12348,321093370,97916,321191286,1,0,0,10752,17,448688676
12349,321102750,5326,321108076,9,0,1,5632,5,3694039359
12350,321116011,1042,321117053,5,0,1,1024,19,5969952344
12351,321149950,20447,321170397,4,0,1,5120,18,546461826
12352,321235860,4162,321240022,0,0,1,11264,6,9977254961
12353,321241500,3898,321245398,4,0,1,4096,18,7410470392
12354,321257180,45520,321302700,8,0,0,512,3,8790303573
12355,321287920,60666,321348586,5,0,0,512,19,1055178600
12356,321307460,1994,321309454,0,0,1,2048,6,2031595056
12357,321343890,80111,321424001,0,0,0,8704,6,3221557473
12358,321358100,4850,321362950,4,0,1,5120,18,1848688146
12359,321382550,72125,321454675,0,0,0,4608,6,3509225162
12360,321420260,3764,321424024,4,0,1,10240,18,8185461923
12361,321421850,4613,321426463,4,0,1,2560,18,1989938407
12362,321436510,100568,321537078,1,0,0,30208,17,1958131796
12363,321518220,43904,321562124,5,0,0,512,19,7994208750
12364,321543110,1994,321545104,0,0,1,2048,6,367222485
12365,321543890,103532,321647422,1,0,0,39936,17,7872059435
12366,321560670,3898,321564568,0,0,1,4096,6,332255393
12367,321749081,3645,321752726,5,0,1,10240,19,10402788070
12368,321751760,44394,321796154,8,0,0,512,3,7767061544
12369,321763760,141893,321905653,1,0,0,129536,17,3396992971
12370,321768140,1994,321770134,0,0,1,2048,6,8449637182
12371,321802250,104385,321906635,1,0,0,2560,17,10044266426
12372,321833820,72020,321905840,8,0,0,512,3,2132872855
12373,321836200,124272,321960472,0,0,0,46080,6,710660159
12374,321844130,72671,321916801,5,0,0,2560,19,6540345029
12375,321890260,120034,322010294,1,0,0,43520,17,9337563641
12376,321892990,137668,322030658,1,0,0,29696,17,5894351060
12377,321907900,145017,322052917,0,0,0,32256,6,10298827959
12378,321932510,52094,321984604,5,0,0,2048,19,9940842673
12379,321955410,9921,321965331,4,0,1,5120,18,4208148923
12380,321958401,8556,321966957,5,0,1,2560,19,3667511006
12381,321970420,124558,322094978,8,0,0,512,3,5668632555
12382,321996260,103146,322099406,8,0,0,1024,3,1354724379
12383,321999450,12830,322012280,0,0,1,2048,6,8288198890
12384,322010980,1646,322012626,4,0,1,512,18,390523977
12385,322025031,7613,322032644,5,0,1,2048,19,3133072525
12386,322053490,1042,322054532,0,0,1,1024,6,9729312233
12387,322198920,7230,322206150,4,0,1,7680,18,6354148001
12388,322212020,68453,322280473,0,0,0,4608,6,2860506395
12389,322236650,5326,322241976,0,0,1,5632,6,5835777302
12390,322242100,148319,322390419,5,0,0,512,19,8189816475
12391,322270590,4850,322275440,4,0,1,5120,18,9757434932
12392,322319720,43904,322363624,8,0,0,512,3,7059726948
12393,322402680,1994,322404674,4,0,1,2048,18,18249679
12394,322468980,2870,322471850,8,0,1,8704,3,10664888403
12395,322471810,129403,322601213,1,0,0,78848,17,329232975
12396,322477530,1994,322479524,0,0,1,2048,6,6766747284
12397,322493350,15579,322508929,8,0,1,30208,3,9333108262
12398,322510380,3904,322514284,0,0,1,10752,6,1202563529
12399,322512070,5022,322517092,8,0,1,9728,3,7096925151
12400,322530460,100609,322631069,1,0,0,3072,17,74617790
12401,322600950,169311,322770261,1,0,0,40960,17,2105105029
12402,322616230,1042,322617272,4,0,1,1024,18,5297412532
12403,322626230,43904,322670134,5,0,0,512,19,8293275102
12404,322664030,7706,322671736,0,0,1,8192,6,3908552778
12405,322733710,5802,322739512,9,0,1,6144,5,5415286734
12406,322792100,45596,322837696,8,0,0,1024,3,10026688031
12407,322815670,3422,322819092,0,0,1,3584,6,2584085128
12408,322852470,43904,322896374,5,0,0,512,19,3455752652
12409,322866120,3422,322869542,0,0,1,3584,6,4595236132
12410,322894890,2946,322897836,4,0,1,3072,18,8807784465
12411,322916510,43904,322960414,8,0,0,512,3,10104698164
12412,322919840,43904,322963744,8,0,0,512,3,7055391177
12413,322944990,5802,322950792,4,0,1,6144,18,526607849
12414,322968060,3645,322971705,0,0,1,10240,6,2323860856
12415,323014090,4850,323018940,0,0,1,5120,6,2506734301
12416,323059780,3422,323063202,4,0,1,3584,18,4842976953
12417,323068960,139257,323208217,5,0,0,512,19,9567836379
12418,323104350,23208,323127558,8,0,1,38400,3,10575354389
12419,323109780,113997,323223777,1,0,0,37888,17,9316232027
12420,323157280,3645,323160925,4,0,1,10240,18,10290202338
12421,323175900,3898,323179798,8,0,1,4096,3,9735395456
12422,323185000,74520,323259520,8,0,1,124928,3,9301482526
12423,323188880,72125,323261005,2,0,1,15360,10,7480604560
12424,323204310,59601,323263911,4,0,1,4608,18,3144706459
12425,323302660,64742,323367402,8,0,1,105984,3,1646298062
12426,323303680,64068,323367748,4,0,1,512,18,9040065642
12427,323306950,302155,323609105,1,0,0,29184,17,6095226600
12428,323321250,242702,323563952,8,0,0,2560,3,5862958209
12429,323321430,46882,323368312,4,0,1,10752,18,6360256902
12430,323361630,7348,323368978,2,0,1,11264,10,7084123358
12431,323394450,120715,323515165,5,0,0,1024,19,4495302281
12432,323411220,186379,323597599,0,0,0,14848,6,1822408513
12433,323480260,1994,323482254,4,0,1,2048,18,3961534408
12434,323506660,4374,323511034,2,0,1,4608,10,5914735060
12435,323507310,6310,323513620,0,0,1,4096,6,6610883239
12436,323510490,6036,323516526,2,0,1,4608,10,9501722266
12437,323540710,228591,323769301,0,0,0,37376,6,1945994842
12438,323546660,2470,323549130,4,0,1,2560,18,8588305548
12439,323553790,43980,323597770,8,0,0,512,3,1195810254
12440,323558190,61495,323619685,5,0,0,512,19,4792899076
12441,323558970,85091,323644061,5,0,0,512,19,2115061542
12442,323566230,151064,323717294,8,0,0,512,3,680846170
12443,323599120,170360,323769480,8,0,0,512,3,2694845304
12444,323620720,1042,323621762,2,0,1,1024,10,9745975793
12445,323641460,7230,323648690,8,0,1,7680,3,9193834615
12446,323701310,43904,323745214,8,0,0,512,3,2782552266
12447,323705400,1994,323707394,2,0,1,2048,10,3689230482
12448,323707600,3904,323711504,8,0,1,10752,3,4626194066
12449,323711400,161422,323872822,0,0,0,20992,6,282913605
12450,323759110,13457,323772567,8,0,1,9216,3,507622700
12451,323772490,46897,323819387,5,0,0,1024,19,3326323244
12452,323803680,4420,323808100,4,0,1,11776,18,7774388059
12453,323830480,130283,323960763,0,0,0,25600,6,6503432847
12454,323906140,166499,324072639,5,0,0,512,19,365541847
12455,323907230,3898,323911128,4,0,1,4096,18,6086057952
12456,323914830,3898,323918728,6,0,1,4096,9,766230995
12457,323933570,43904,323977474,5,0,0,512,19,3779809280
12458,323958930,67725,324026655,0,0,0,7168,6,975303265
12459,323959260,45424,324004684,8,0,0,512,3,10039292383
12460,323962530,82296,324044826,0,0,0,15360,6,4094947847
12461,324031120,23208,324054328,8,0,1,38400,3,8809269246
12462,324049170,7104,324056274,4,0,1,3072,18,7378052691
12463,324109910,1994,324111904,8,0,1,2048,3,5987660752
12464,324133810,32816,324166626,8,0,1,53760,3,10330307508
12465,324173970,3422,324177392,6,0,1,3584,9,822163833
12466,324176920,93617,324270537,8,0,0,2048,3,9981362463
12467,324231500,1042,324232542,0,0,1,1024,6,7362608981
12468,324260200,68553,324328753,8,0,0,1024,3,9877481481
12469,324271710,139201,324410911,0,0,0,70144,6,5838799103
12470,324358770,52156,324410926,8,0,1,80896,3,6646972739
12471,324361250,103001,324464251,5,0,0,512,19,2567232306
12472,324368240,42701,324410941,8,0,1,25088,3,6114535442
12473,324465040,141367,324606407,8,0,0,512,3,5074999588
12474,324543510,7706,324551216,8,0,1,8192,3,2746621282
12475,324568640,13083,324581723,8,0,1,22016,3,302122691
12476,324580240,248222,324828462,1,0,0,90624,17,6764947948
12477,324605010,5802,324610812,8,0,1,6144,3,9835847180
12478,324646690,2946,324649636,4,0,1,3072,18,6072673531
12479,324664600,111644,324776244,7,0,0,66560,6,2646579324
12480,324694000,83966,324777966,8,0,0,512,3,5922787485
12481,324718120,110996,324829116,5,0,0,1536,19,2684707042
12482,324752900,75733,324828633,8,0,0,512,3,8055499866
12483,324772110,77442,324849552,8,0,1,119296,3,6938541838
12484,324853260,148483,325001743,5,0,0,512,19,2651475594
12485,324914580,3645,324918225,8,0,1,10240,3,1573069885
12486,324944880,106513,325051393,8,0,0,1024,3,6033660855
12487,324969430,45596,325015026,5,0,0,1024,19,4027683994
12488,325011360,45596,325056956,8,0,0,1024,3,4390244167
12489,325116260,62578,325178838,8,0,0,1536,3,5132680325
12490,325131550,57440,325188990,1,0,0,4608,17,5134396241
12491,325157120,54004,325211124,8,0,0,512,3,6823679683
12492,325241430,110708,325352138,0,0,0,63488,6,3051822845
12493,325277180,134124,325411304,1,0,0,29696,17,1274973944
12494,325321370,2946,325324316,7,0,1,3072,6,8916856618
12495,325343990,121332,325465322,0,0,0,44544,6,3552926749
12496,325363730,566,325364296,7,0,1,512,6,10058264334
12497,325416410,12737,325429147,8,0,1,24576,3,679163222
12498,325431630,53469,325485099,5,0,0,2048,19,1384581785
12499,325483650,3387,325487037,4,0,1,9728,18,2952779300
12500,325547560,226943,325774503,0,0,0,77824,6,2536727957
12501,325550130,3898,325554028,7,0,1,4096,6,8976427255
12502,325555580,105015,325660595,1,0,0,27136,17,9088545388
12503,325581740,3645,325585385,7,0,1,10240,6,6209518283
12504,325588760,76221,325664981,8,0,0,5120,3,9171328864
12505,325640960,90109,325731069,8,0,0,512,3,1734010325
12506,325698960,200446,325899406,0,0,0,136192,6,7877910733
12507,325718970,4420,325723390,4,0,1,11776,18,7441064004
12508,325774370,156685,325931055,0,0,0,22528,6,7789761101
12509,325796820,111435,325908255,0,0,0,8192,6,5290630379
12510,326058280,52676,326110956,5,0,0,4096,19,2397156509
12511,326076910,102752,326179662,7,0,0,37376,6,3833630223
12512,326089830,43904,326133734,8,0,0,512,3,2282882010
12513,326091480,95748,326187228,5,0,0,5632,19,8872944983
12514,326103100,92096,326195196,8,0,0,1536,3,2198328623
12515,326116590,5196,326121786,2,0,1,13312,10,4860010556
12516,326184890,44470,326229360,8,0,0,512,3,938637794
12517,326253950,5802,326259752,7,0,1,6144,6,8646212928
12518,326254720,65359,326320079,0,0,0,6656,6,7258478571
12519,326271330,5326,326276656,7,0,1,5632,6,10583048290
12520,326442220,73760,326515980,1,0,0,12800,17,2618346968
12521,326503860,99944,326603804,1,0,0,28160,17,2466580158
12522,326530980,5802,326536782,7,0,1,6144,6,6212978317
12523,326559410,101972,326661382,5,0,0,34816,19,4768931082
12524,326566210,221412,326787622,5,0,0,48640,19,1532462965
12525,326590250,167892,326758142,1,0,0,97792,17,8765131251
12526,326603090,1748,326604838,7,0,1,1024,6,3982450678
12527,326631040,229669,326860709,8,0,0,1536,3,10106918837
12528,326663400,281680,326945080,0,0,0,176128,6,1501388459
12529,326665050,1518,326666568,7,0,1,1536,6,9642849698
12530,326689810,310703,327000513,0,0,0,84992,6,2523397899
12531,326705950,297885,327003835,5,0,0,10240,19,10149382108
12532,326735750,238681,326974431,0,0,0,96256,6,9717775297
12533,326737000,28431,326765431,7,0,1,7680,6,9165773127
12534,326738730,271516,327010246,1,0,0,20992,17,4121307550
12535,326742900,231702,326974602,0,0,0,512,6,5036255334
12536,326804140,196544,327000684,0,0,0,512,6,7918459957
12537,326827390,188651,327016041,5,0,0,18944,19,8619748445
12538,326916210,99846,327016056,7,0,1,5120,6,3622527434
12539,326944690,99890,327044580,0,0,0,512,6,1843362702
12540,326982160,155396,327137556,5,0,0,73728,19,500093917
12541,327009680,57040,327066720,0,0,0,2560,6,4655084272
12542,327045820,137887,327183707,8,0,0,512,3,3893387009
12543,327240850,104936,327345786,1,0,0,44544,17,764628109
12544,327381020,76700,327457720,1,0,0,17408,17,10466752620
12545,327509910,43904,327553814,8,0,0,512,3,4391602100
12546,327551420,3128,327554548,6,0,1,9216,9,7308558480
12547,327676610,43904,327720514,0,0,0,512,6,7255076236
12548,327704950,77744,327782694,1,0,0,10752,17,7035902274
12549,327779690,113236,327892926,5,0,0,61952,19,3367291090
12550,327835080,82818,327917898,0,0,0,512,6,4617185040
12551,327906890,88676,327995566,1,0,0,16384,17,4457977593
12552,327954890,43904,327998794,0,0,0,512,6,4649822114
12553,328054360,46988,328101348,8,0,1,81408,3,4636064600
12554,328066470,67013,328133483,8,0,1,92160,3,10577305011
12555,328124710,188332,328313042,0,0,0,1024,6,3360886255
12556,328250520,129452,328379972,1,0,0,83456,17,1701173758
12557,328271430,187458,328458888,1,0,0,9216,17,401595741
12558,328339130,161908,328501038,1,0,0,128512,17,7682451744
12559,328417160,84205,328501365,8,0,0,1024,3,8853236437
12560,328417760,113896,328531656,1,0,0,18944,17,8349261868
12561,328418450,3387,328421837,7,0,1,9728,6,6762382725
12562,328535320,43904,328579224,8,0,0,512,3,4613461425
12563,328696210,43904,328740114,8,0,0,512,3,2117211549
12564,328718340,47288,328765628,8,0,0,1536,3,6854713518
12565,328745370,104936,328850306,1,0,0,44544,17,10675913573
12566,328820830,101816,328922646,1,0,0,34304,17,10035024292
12567,328892250,55904,328948154,8,0,0,4608,3,1489051288
12568,328912070,59756,328971826,5,0,0,7168,19,8676651538
12569,328981570,43904,329025474,0,0,0,512,6,4278254721
12570,329014090,73316,329087406,5,0,0,16384,19,9921985613
12571,329025420,80688,329106108,8,0,0,1024,3,10010755958
12572,329037210,50523,329087733,0,0,0,1024,6,4039854464
12573,329056940,84592,329141532,5,0,0,21504,19,6353211974
12574,329125260,43904,329169164,0,0,0,512,6,5495304296
12575,329141010,44418,329185428,0,0,0,512,6,6632472811
12576,329184040,102128,329286168,5,0,0,35328,19,8939189412
12577,329238490,2946,329241436,9,0,1,3072,5,4822255485
12578,329259170,52364,329311534,8,0,0,3072,3,10611827949
12579,329379030,43904,329422934,8,0,0,512,3,848414157
12580,329379070,11017,329390087,4,0,1,17920,18,2854898554
12581,329477490,81932,329559422,1,0,0,19456,17,5504624168
12582,329488870,45596,329534466,8,0,0,1024,3,8882633634
12583,329494100,43904,329538004,0,0,0,512,6,9121124056
12584,329520390,1518,329521908,7,0,1,1536,6,8886139430
12585,329595760,6278,329602038,3,0,1,6656,6,9243883783
12586,329598080,12566,329610646,7,0,1,20992,6,2261657183
12587,329607290,4679,329611969,7,0,1,12288,6,4195430286
12588,329646280,117645,329763925,1,0,0,60928,17,7334634322
12589,329679430,56264,329735694,0,0,0,2560,6,985278267
12590,329708190,1042,329709232,7,0,1,1024,6,3338479858
12591,329728130,3387,329731517,3,0,1,9728,6,5281091800
12592,329741030,22910,329763940,7,0,1,5632,6,7993248209
12593,329744350,169269,329913619,5,0,0,25600,19,9328789466
12594,329772900,64705,329837605,5,0,0,4096,19,1667159532
12595,329807030,2470,329809500,6,0,1,2560,9,3797178363
12596,329824990,5802,329830792,7,0,1,6144,6,5159242726
12597,329832940,161260,329994200,1,0,0,19456,17,997154639
12598,329848280,105339,329953619,0,0,0,512,6,5657814297
12599,329868660,5326,329873986,3,0,1,5632,6,5180873628
12600,329922800,56854,329979654,8,0,1,97280,3,304139624
12601,329943390,38530,329981920,7,0,1,3584,6,9063563642
12602,330001230,95187,330096417,1,0,0,8704,17,9462661449
12603,330014550,5802,330020352,7,0,1,6144,6,8161577845
12604,330017820,71507,330089327,8,0,1,115712,3,8559751206
12605,330019940,71013,330090953,6,0,1,2560,9,3020410930
12606,330035270,57309,330092579,7,0,1,2560,6,401621300
12607,330085460,7465,330092925,3,0,1,512,6,961778983
12608,330095850,3981,330099831,6,0,1,3584,9,9954414612
12609,330110730,113362,330224092,5,0,0,14848,19,2863573578
12610,330118570,171940,330290510,8,0,0,1536,3,10543479196
12611,330129190,14029,330143219,8,0,1,27136,3,5050772258
12612,330153830,1042,330154872,6,0,1,1024,9,9953923764
12613,330177760,2470,330180230,2,0,1,2560,10,4421877192
12614,330211010,1994,330213004,3,0,1,2048,6,3986418352
12615,330218480,12566,330231046,3,0,1,20992,6,1229217380
12616,330226340,82632,330308972,8,0,0,512,3,4810244575
12617,330250740,566,330251306,2,0,1,512,10,3012869741
12618,330258900,3898,330262798,6,0,1,4096,9,8590411308
12619,330272590,167941,330440531,8,0,0,512,3,5424125810
12620,330273690,1042,330274732,3,0,1,1024,6,3920887869
12621,330279560,137076,330416636,5,0,0,66048,19,8667656015
12622,330298980,117983,330416963,8,0,0,1024,3,1214880811
12623,330349250,127357,330476607,5,0,0,46592,19,9173704847
12624,330354650,85710,330440360,0,0,0,512,6,1338726429
12625,330368620,2870,330371490,2,0,1,8704,10,5393744768
12626,330380800,566,330381366,6,0,1,512,9,6030269995
12627,330393320,35312,330428632,8,0,1,61952,3,1762867572
12628,330435611,164084,330599695,2,0,0,104448,10,4557012360
12629,330464650,42715,330507365,8,0,1,49664,3,7707837018
12630,330470890,53157,330524047,8,0,1,52736,3,9932955663
12631,330486630,39683,330526313,2,0,1,3584,10,8464592926
12632,330534040,4850,330538890,2,0,1,5120,10,4452743457
12633,330551030,4162,330555192,3,0,1,11264,6,6122913192
12634,330602500,1994,330604494,3,0,1,2048,6,9179266262
12635,330609040,165457,330774497,8,0,0,512,3,127495186
12636,330610010,5802,330615812,6,0,1,6144,9,10294429986
12637,330643910,45596,330689506,8,0,0,1024,3,6360312005
12638,330663660,32299,330695959,8,0,1,52736,3,10576261037
12639,330668970,29255,330698225,1,0,1,3584,17,8351012305
12640,330684490,14094,330698584,8,0,1,9728,3,8101628779
12641,330702000,74189,330776189,0,0,0,1024,6,1739645079
12642,330827340,5326,330832666,6,0,1,5632,9,230670065
12643,330827610,47091,330874701,0,0,0,1024,6,517666135
12644,330839961,130098,330970059,2,0,0,86016,10,7831833637
12645,330844630,4850,330849480,6,0,1,5120,9,5082061318
12646,330937110,52364,330989474,8,0,0,3072,3,973497141
12647,330939190,91304,331030494,5,0,0,19968,19,1590530980
12648,330942510,131738,331074248,1,0,0,28160,17,3032837090
12649,330961900,15381,330977281,3,0,1,7680,6,4979440547
12650,330988750,3844,330992594,8,0,1,9216,3,9614116948
12651,330996170,44492,331040662,8,0,1,73216,3,6757871934
12652,330998930,91968,331090898,8,0,0,1024,3,2494126071
12653,331040990,6278,331047268,1,0,1,6656,17,4046737398
12654,331073680,275263,331348943,1,0,0,155648,17,4727872426
12655,331078160,7230,331085390,8,0,1,7680,3,10683639787
12656,331080930,5446,331086376,6,0,1,1536,9,7083042587
12657,331101890,43904,331145794,8,0,0,512,3,5786074006
12658,331115800,1042,331116842,3,0,1,1024,6,8767443268
12659,331124500,1042,331125542,6,0,1,1024,9,4240385313
12660,331145680,13876,331159556,8,0,1,26624,3,3850810251
12661,331146330,152065,331298395,1,0,0,2560,17,1043477012
12662,331168980,112385,331281365,5,0,0,512,19,635698839
12663,331205850,566,331206416,9,0,1,512,5,8839169499
12664,331216780,10241,331227021,8,0,1,16384,3,967467366
12665,331317680,31838,331349518,6,0,1,512,9,3092050649
12666,331342490,50374,331392864,5,0,0,512,19,6212583023
12667,331384570,5802,331390372,3,0,1,6144,6,10652695210
12668,331393310,2870,331396180,8,0,1,8704,3,10159166429
12669,331419660,84475,331504135,8,0,1,137728,3,4877567121
12670,331457170,48407,331505577,5,0,0,512,19,1436182354
12671,331485720,18569,331504289,3,0,1,8704,6,2905200058
12672,331487020,20175,331507195,1,0,1,4608,17,9769909715
12673,331503080,6061,331509141,3,0,1,3072,6,2744596519
12674,331503660,88463,331592123,1,0,0,5120,17,1462169804
12675,331504290,79373,331583663,5,0,0,2560,19,7860118276
12676,331561020,10499,331571519,8,0,1,16896,3,3117806169
12677,331563550,11195,331574745,3,0,1,5120,6,10462142568
12678,331620410,2870,331623280,6,0,1,8704,9,8498465754
12679,331646070,2470,331648540,3,0,1,2560,6,9414054838
12680,331688370,1518,331689888,1,0,1,1536,17,9356279348
12681,331712560,2470,331715030,6,0,1,2560,9,9589531149
12682,331721490,4374,331725864,9,0,1,4608,5,4876583983
12683,331723100,45596,331768696,8,0,0,1024,3,9545540842
12684,331743620,139872,331883492,5,0,0,1024,19,9692744214
12685,331746280,3898,331750178,6,0,1,4096,9,3686127898
12686,331775640,176568,331952208,1,0,0,2048,17,6713011406
12687,331815910,1994,331817904,6,0,1,2048,9,9947333964
12688,331819410,5971,331825381,6,0,1,14848,9,5678290601
12689,331822210,174423,331996633,8,0,0,1024,3,6983438282
12690,331837070,7230,331844300,1,0,1,7680,17,1880400404
12691,331841160,14029,331855189,9,0,1,27136,5,1992569192
12692,331848310,72166,331920476,8,0,1,114688,3,5375064327
12693,331868270,55432,331923702,3,0,1,5120,6,618285773
12694,331885910,40698,331926608,3,0,1,4608,6,8889298629
12695,331904600,23314,331927914,1,0,1,2048,17,1322742532
12696,331922660,6022,331928682,6,0,1,11776,9,8040267812
12697,332011730,1042,332012772,1,0,1,1024,17,6595296154
12698,332015890,96372,332112262,5,0,0,512,19,3596017241
12699,332036430,75542,332111972,8,0,0,512,3,4006065868
12700,332073100,2470,332075570,9,0,1,2560,5,6933427631
12701,332096330,5712,332102042,1,0,1,14336,17,2996227604
12702,332117720,10757,332128477,9,0,1,17408,5,2737210874
12703,332178820,1994,332180814,6,0,1,2048,9,375679719
12704,332191470,5971,332197441,1,0,1,14848,17,9797775389
12705,332226920,10757,332237677,3,0,1,17408,6,8122376449
12706,332228130,11173,332239303,4,0,1,2560,18,8654409217
12707,332243960,2946,332246906,4,0,1,3072,18,3108637322
12708,332264230,3898,332268128,4,0,1,4096,18,3324470273
12709,332273370,10499,332283869,8,0,1,16896,3,5843448479
12710,332301040,1518,332302558,2,0,1,1536,10,5005299284
12711,332398540,45596,332444136,5,0,0,1024,19,1729396376
12712,332453750,3422,332457172,3,0,1,3584,6,6064884395
12713,332460740,49136,332509876,5,0,0,2560,19,8680306808
12714,332470760,103220,332573980,1,0,0,38912,17,8109579852
12715,332517380,75285,332592665,5,0,0,1024,19,10390460517
12716,332530980,2870,332533850,3,0,1,8704,6,1441971172
12717,332538200,2470,332540670,4,0,1,2560,18,2652699502
12718,332541320,47288,332588608,8,0,0,1536,3,10706253449
12719,332606020,1042,332607062,2,0,1,1024,10,4713274901
12720,332606880,5802,332612682,3,0,1,6144,6,1487979621
12721,332608980,43904,332652884,8,0,0,512,3,10106452522
12722,332647640,72668,332720308,1,0,0,9216,17,2129981637
12723,332653200,58083,332711283,5,0,0,512,19,6961795443
12724,332675800,72006,332747806,8,0,0,2560,3,6546592084
12725,332689450,5196,332694646,1,0,1,13312,17,8768464743
12726,332705180,3422,332708602,4,0,1,3584,18,9160767096
12727,332717540,4295,332721835,3,0,1,1536,6,1370786987
12728,332719920,2901,332722821,1,0,1,1536,17,1576307182
12729,332739050,105404,332844454,1,0,0,46080,17,2029619672
12730,332753350,7706,332761056,6,0,1,8192,9,3145253015
12731,332817610,58500,332876110,1,0,0,1536,17,1485267231
12732,332833710,124398,332958108,5,0,0,512,19,3589104771
12733,332848950,1042,332849992,4,0,1,1024,18,3023993470
12734,332852550,3387,332855937,3,0,1,9728,6,2942674791
12735,332859270,70976,332930246,1,0,0,8704,17,234253354
12736,332864400,566,332864966,3,0,1,512,6,3940790358
12737,332898770,1518,332900288,2,0,1,1536,10,8487954265
12738,332958030,7300,332965330,6,0,1,7680,9,8424527039
12739,332977490,45596,333023086,5,0,0,1024,19,8362504627
12740,332978710,12049,332990759,8,0,1,19968,3,9833522041
12741,333022270,175006,333197276,1,0,0,41472,17,815457465
12742,333033750,48980,333082730,8,0,0,2048,3,8491166167
12743,333099310,7230,333106540,2,0,1,7680,10,6520549444
12744,333105660,92263,333197923,8,0,0,2048,3,10350704596
12745,333141131,11274,333152405,5,0,1,18432,19,8731695248
12746,333146710,6041,333152751,1,0,1,512,17,8773985579
12747,333152130,46128,333198258,8,0,0,1024,3,1241740809
12748,333153590,3422,333157012,6,0,1,3584,9,9026358946
12749,333166680,43904,333210584,8,0,0,512,3,3717595948
12750,333188490,14242,333202732,1,0,1,5120,17,7386017933
12751,333220090,566,333220656,1,0,1,512,17,8463799072
12752,333230220,43904,333274124,8,0,0,512,3,1232722907
12753,333235510,5802,333241312,2,0,1,6144,10,8611337702
12754,333251330,3422,333254752,2,0,1,3584,10,10707084491
12755,333313900,3422,333317322,2,0,1,3584,10,5527891718
12756,333345620,3128,333348748,3,0,1,9216,6,7721619946
12757,333355880,1994,333357874,2,0,1,2048,10,4732019346
12758,333389180,128619,333517799,5,0,0,1024,19,8289425551
12759,333403690,95756,333499446,1,0,0,19456,17,10003049108
12760,333407181,1994,333409175,5,0,1,2048,19,7921637671
12761,333422890,2946,333425836,2,0,1,3072,10,4897667926
12762,333444850,1994,333446844,6,0,1,2048,9,6162691955
12763,333445740,69780,333515520,5,0,0,512,19,7053121456
12764,333462830,48980,333511810,8,0,0,2048,3,2980268353
12765,333499790,180269,333680059,8,0,0,512,3,1084616922
12766,333504900,1042,333505942,2,0,1,1024,10,6334120906
12767,333510800,43904,333554704,5,0,0,512,19,9701025793
12768,333511010,3387,333514397,7,0,1,9728,6,10378607276
12769,333546420,48980,333595400,8,0,0,2048,3,4741538976
12770,333588410,5712,333594122,6,0,1,14336,9,1721797316
12771,333649610,3422,333653032,6,0,1,3584,9,8620012138
12772,333670280,1518,333671798,7,0,1,1536,6,8267361536
12773,333671750,3394,333675144,2,0,1,9728,10,5641484412
12774,333682950,4162,333687112,8,0,1,11264,3,5860294883
12775,333734010,75101,333809111,5,0,0,1536,19,7838869855
12776,333770410,43904,333814314,8,0,0,512,3,2049190287
12777,333811850,10241,333822091,7,0,1,16384,6,4128305334
12778,333842990,3422,333846412,3,0,1,3584,6,2945963265
12779,333845870,3904,333849774,7,0,1,10752,6,52940989
12780,333849060,45534,333894594,8,0,0,512,3,8048353056
12781,333879070,147113,334026183,8,0,0,512,3,1339391576
12782,333892560,1042,333893602,6,0,1,1024,9,8614431255
12783,333909350,3422,333912772,6,0,1,3584,9,7194371319
12784,333923250,366990,334290240,1,0,0,36864,17,3407532045
12785,333925990,41649,333967639,8,0,1,67584,3,3155631273
12786,333929890,40655,333970545,4,0,1,4608,18,8547730465
12787,333989700,14545,334004245,8,0,1,28160,3,7146587074
12788,333992400,41241,334033641,8,0,1,61952,3,5438534849
12789,334014190,23957,334038147,6,0,1,7168,9,2400748917
12790,334069030,6754,334075784,3,0,1,7168,6,6889675253
12791,334108220,4420,334112640,3,0,1,11776,6,8397533797
12792,334109260,43729,334152989,8,0,1,66560,3,4185179881
12793,334112870,44945,334157815,3,0,1,7680,6,4373034363
12794,334223680,45596,334269276,5,0,0,1024,19,7194013123
12795,334261710,10757,334272467,8,0,1,17408,3,3961157581
12796,334264830,9263,334274093,2,0,1,2560,10,1251082774
12797,334276310,13945,334290255,6,0,1,7168,9,6011200785
12798,334285350,112658,334398008,1,0,0,11776,17,376359849
12799,334285520,8656,334294176,3,0,1,10752,6,434456027
12800,334338910,51761,334390671,8,0,0,512,3,5825053255
12801,334349510,4850,334354360,2,0,1,5120,10,6460319622
12802,334360880,41391,334402271,8,0,1,67072,3,4366178076
12803,334389410,15447,334404857,2,0,1,4096,10,9777755878
12804,334391360,261711,334653071,1,0,0,24576,17,1297030426
12805,334433300,11274,334444574,8,0,1,18432,3,9174664939
12806,334460770,217314,334678084,8,0,0,1536,3,3589543067
12807,334467100,1518,334468618,2,0,1,1536,10,8260783439
12808,334467710,91181,334558891,1,0,0,6144,17,2728138208
12809,334500200,3898,334504098,2,0,1,4096,10,9949112912
12810,334527370,6278,334533648,1,0,1,6656,17,1181141988
12811,334547510,88544,334636054,1,0,0,20992,17,2998959205
12812,334556300,182145,334738445,1,0,0,76800,17,6513611777
12813,334571490,3387,334574877,2,0,1,9728,10,7211054237
12814,334601920,2470,334604390,1,0,1,2560,17,6412619331
12815,334660260,172967,334833227,1,0,0,22016,17,2149768265
12816,334729790,61011,334790801,8,0,0,3072,3,8980729253
12817,334735240,7596,334742836,1,0,1,4608,17,8059674651
12818,334774980,76769,334851749,5,0,0,1024,19,2400508580
12819,334809710,1518,334811228,6,0,1,1536,9,6916504060
12820,334821950,1994,334823944,7,0,1,2048,6,5129896211
12821,334825680,7562,334833242,2,0,1,1536,10,3318101336
12822,334852630,56583,334909213,5,0,0,1024,19,9144193064
12823,334856020,1042,334857062,7,0,1,1024,6,3771495673
12824,334867260,45596,334912856,8,0,0,1024,3,1202813627
12825,334936980,1518,334938498,7,0,1,1536,6,7265657093
12826,334959290,5802,334965092,6,0,1,6144,9,1336060771
12827,334981620,1994,334983614,0,0,1,2048,6,7944315591
12828,335008370,2946,335011316,2,0,1,3072,10,7512382528
12829,335032430,3128,335035558,7,0,1,9216,6,4103688280
12830,335044050,566,335044616,0,0,1,512,6,3480716433
12831,335087680,3645,335091325,0,0,1,10240,6,7790443333
12832,335102480,5326,335107806,6,0,1,5632,9,9293166614
12833,335112610,45596,335158206,8,0,0,1024,3,7197636263
12834,335129570,5454,335135024,2,0,1,13824,10,2032705673
12835,335141220,1042,335142262,9,0,1,1024,5,7413554738
12836,335158450,6229,335164679,1,0,1,15360,17,5142236863
12837,335165000,566,335165566,1,0,1,512,17,6522592787
12838,335165840,4937,335170777,6,0,1,12800,9,3891115413
12839,335212350,566,335212916,1,0,1,512,17,7790711496
12840,335221900,1994,335223894,2,0,1,2048,10,1236732283
12841,335234630,1518,335236148,2,0,1,1536,10,6548409323
12842,335248060,2470,335250530,6,0,1,2560,9,6757120398
12843,335275110,5971,335281081,7,0,1,14848,6,7127548403
12844,335319460,1042,335320502,7,0,1,1024,6,10193866216
12845,335338710,3898,335342608,1,0,1,4096,17,8463796203
12846,335354790,4850,335359640,7,0,1,5120,6,4982571310
12847,335365710,1994,335367704,2,0,1,2048,10,5859617255
12848,335366900,45596,335412496,8,0,0,1024,3,605769916
12849,335382490,3387,335385877,7,0,1,9728,6,9244152131
12850,335393860,75695,335469555,1,0,0,10240,17,10652446805
12851,335413640,244777,335658417,1,0,0,29184,17,7787306632
12852,335459460,4374,335463834,7,0,1,4608,6,6121237137
12853,335459670,6750,335466420,0,0,1,4096,6,399848555
12854,335475830,7706,335483536,1,0,1,8192,17,6786852027
12855,335490590,4374,335494964,0,0,1,4608,6,1887707385
12856,335502560,566,335503126,0,0,1,512,6,10704423610
12857,335517270,45383,335562653,5,0,0,512,19,4725470087
12858,335524750,46305,335571055,5,0,0,1024,19,9169170069
12859,335525140,140946,335666086,5,0,0,512,19,3033740385
12860,335537130,134397,335671527,5,0,0,512,19,2193165193
12861,335539130,53615,335592745,5,0,0,512,19,1771784852
12862,335563870,1518,335565388,0,0,1,1536,6,10239542914
12863,335578340,47288,335625628,5,0,0,1536,19,5554710395
12864,335626330,566,335626896,0,0,1,512,6,749479067
12865,335686830,71828,335758658,5,0,0,2048,19,2654587526
12866,335728530,3128,335731658,1,0,1,9216,17,7596153989
12867,335731550,101660,335833210,1,0,0,33792,17,8450132460
12868,335810020,56742,335866762,8,0,0,512,3,7748406364
12869,335830240,10668,335840908,0,0,1,8192,6,1230035940
12870,335851680,110962,335962642,1,0,0,25600,17,9092405832
12871,335885810,4374,335890184,6,0,1,4608,9,4565574421
12872,335939170,47288,335986458,5,0,0,1536,19,9002961189
12873,335956490,7186,335963676,3,0,1,1024,6,9262757988
12874,336036970,47288,336084258,8,0,0,1536,3,8977561724
12875,336140160,1042,336141202,6,0,1,1024,9,3410549532
12876,336174850,4420,336179270,9,0,1,11776,5,5353125179
12877,336179790,48980,336228770,5,0,0,2048,19,2299751330
12878,336179970,6754,336186724,1,0,1,7168,17,2408134193
12879,336185270,75296,336260566,1,0,0,12800,17,8954049654
12880,336203330,4420,336207750,6,0,1,11776,9,5230567968
12881,336224460,5802,336230262,1,0,1,6144,17,8479214261
12882,336227640,166909,336394549,1,0,0,24064,17,1685702250
12883,336288990,1042,336290032,1,0,1,1024,17,8703378971
12884,336302390,3422,336305812,6,0,1,3584,9,6923536398
12885,336318780,123654,336442434,1,0,0,18944,17,5999906216
12886,336325330,91280,336416610,1,0,0,14848,17,4385128385
12887,336328230,12049,336340279,7,0,1,19968,6,4673536195
12888,336375880,4162,336380042,1,0,1,11264,17,5352295531
12889,336405980,60824,336466804,1,0,0,5632,17,8628375873
12890,336409930,566,336410496,1,0,1,512,17,6440846412
12891,336462320,4499,336466819,1,0,1,3072,17,10566922100
12892,336502370,5802,336508172,6,0,1,6144,9,1267260970
12893,336567220,4679,336571899,1,0,1,12288,17,1993919813
12894,336571670,11533,336583203,1,0,1,18944,17,4950386200
12895,336597550,76397,336673947,5,0,0,512,19,5915358276
12896,336620430,6488,336626918,1,0,1,15872,17,5174140720
12897,336623600,77269,336700869,8,0,0,2048,3,4922703956
12898,336674060,52988,336727048,1,0,0,5120,17,6090470009
12899,336725070,156888,336881958,5,0,0,1536,19,10147598926
12900,336733680,102908,336836588,1,0,0,37888,17,9538799239
12901,336764630,2470,336767100,1,0,1,2560,17,6049140034
12902,336768060,170356,336938416,8,0,0,1024,3,6380356947
12903,336785680,139228,336924908,1,0,0,23040,17,7467730896
12904,336828390,87392,336915782,5,0,0,2048,19,3349241280
12905,336862100,106028,336968128,1,0,0,48128,17,2164638027
12906,336925540,1042,336926582,1,0,1,1024,17,4532993573
12907,337004970,82712,337087682,5,0,0,22016,19,7850931336
12908,337099890,59132,337159022,5,0,0,5120,19,3700256622
12909,337158150,44768,337202918,8,0,0,512,3,6488225105
12910,337213900,7706,337221606,1,0,1,8192,17,10653444138
12911,337330310,45596,337375906,8,0,0,1024,3,1926577846
12912,337397490,2946,337400436,1,0,1,3072,17,4577019042
12913,337427520,43904,337471424,8,0,0,512,3,4435978129
12914,337477200,62072,337539272,1,0,0,9728,17,9156176145
12915,337722350,45596,337767946,8,0,0,1024,3,1534428836
12916,337729900,1042,337730942,1,0,1,1024,17,1029681336
12917,337922070,6754,337928824,0,0,1,7168,6,2280521310
12918,337996030,3898,337999928,6,0,1,4096,9,10250411927
12919,338000750,6754,338007504,6,0,1,7168,9,15814570
12920,338010360,221465,338231825,5,0,0,32768,19,398440066
12921,338023260,3645,338026905,1,0,1,10240,17,10500295504
12922,338043460,288380,338331840,1,0,0,51200,17,4927803775
12923,338068880,1994,338070874,6,0,1,2048,9,829296440
12924,338074890,2946,338077836,6,0,1,3072,9,5007932863
12925,338081230,12049,338093279,8,0,1,19968,3,4007584419
12926,338130360,566,338130926,6,0,1,512,9,7872120831
12927,338137430,34108,338171538,8,0,1,56320,3,932962736
12928,338156260,143150,338299410,5,0,0,27648,19,6803920957
12929,338180760,23208,338203968,8,0,1,38400,3,8383917043
12930,338189600,15994,338205594,1,0,1,2560,17,957070822
12931,338219130,34020,338253150,8,0,1,59392,3,8483626941
12932,338244510,14849,338259359,8,0,1,21504,3,1263715243
12933,338331670,4060,338335730,6,0,1,4096,9,3968629526
12934,338340350,160112,338500462,1,0,0,12800,17,9955936513
12935,338349890,5712,338355602,1,0,1,14336,17,7468985979
12936,338373710,186890,338560600,8,0,1,299520,3,6582854968
12937,338390240,170345,338560585,1,0,0,14336,17,6987778199
12938,338393400,167215,338560615,1,0,1,2048,17,865092887
12939,338501630,274869,338776499,8,0,0,512,3,10374834373
12940,338514340,46290,338560630,6,0,1,9216,9,9657084165
12941,338561290,216316,338777606,5,0,0,3584,19,121368647
12942,338589040,1994,338591034,4,0,1,2048,18,9398227171
12943,338664970,5802,338670772,1,0,1,6144,17,10034983394
12944,338702700,73628,338776328,5,0,0,17408,19,9693186475
12945,338717540,173623,338891163,1,0,0,72192,17,1577638762
12946,338848690,45596,338894286,8,0,0,1024,3,7994412581
12947,338871340,21333,338892673,1,0,1,1536,17,5050390809
12948,338892830,7230,338900060,8,0,1,7680,3,487428733
12949,338895250,6436,338901686,4,0,1,2560,18,7351503943
12950,338976560,45596,339022156,8,0,0,1024,3,2837865463
12951,338978490,6754,338985244,4,0,1,7168,18,7319046290
12952,339021710,195103,339216813,5,0,0,28672,19,3547745509
12953,339078371,1042,339079413,5,0,1,1024,19,8107823953
12954,339133280,122053,339255333,5,0,0,54272,19,237297294
12955,339234160,43904,339278064,8,0,0,512,3,3852778771
12956,339235280,20068,339255348,4,0,1,8192,18,8592787137
12957,339265450,105092,339370542,1,0,0,45056,17,9370398225
12958,339279910,134012,339413922,3,0,0,26112,6,7711356956
12959,339328860,7706,339336566,4,0,1,8192,18,9110453044
12960,339343300,60824,339404124,1,0,0,5632,17,8944132701
12961,339381970,43976,339425946,8,0,0,512,3,10705881307
12962,339395820,190493,339586313,3,0,0,49664,6,7275810257
12963,339404070,9867,339413937,9,0,1,2048,5,610033038
12964,339432900,97916,339530816,1,0,0,21504,17,6674265401
12965,339453770,226971,339680741,1,0,0,59904,17,1787252429
12966,339498450,134390,339632840,5,0,0,46592,19,4519326802
12967,339543550,90085,339633635,8,0,0,2560,3,2942540459
12968,339577800,16211,339594011,4,0,1,8192,18,292616384
12969,339596580,139631,339736211,1,0,0,24064,17,10433670718
12970,339596860,11791,339608651,4,0,1,19456,18,640548042
12971,339661130,19626,339680756,8,0,1,12800,3,7927854407
12972,339707250,146709,339853959,5,0,0,47616,19,2979272136
12973,339714790,4679,339719469,4,0,1,12288,18,3053006828
12974,339737730,3387,339741117,8,0,1,9728,3,410049387
12975,339792570,64836,339857406,5,0,0,11264,19,3504093715
12976,339816010,156304,339972314,1,0,0,30720,17,1491652083
12977,339820770,215003,340035773,5,0,0,134144,19,3172919676
12978,339827240,215568,340042808,1,0,0,23040,17,7249593303
12979,339983810,59177,340042987,8,0,0,512,3,902750192
12980,340032330,102086,340134416,3,0,0,20992,6,10341675182
12981,340097310,41649,340138959,4,0,1,67584,18,4635343331
12982,340143370,56596,340199966,8,0,1,96768,3,3190604353
12983,340165090,87561,340252651,5,0,0,12288,19,4886019976
12984,340216210,13083,340229293,9,0,1,22016,5,7062929790
12985,340278320,5326,340283646,9,0,1,5632,5,7001824035
12986,340297590,110326,340407916,8,0,0,1536,3,286274689
12987,340298180,4162,340302342,8,0,1,11264,3,4203935228
12988,340315570,5802,340321372,9,0,1,6144,5,8836963550
12989,340324650,163112,340487762,8,0,0,2048,3,8770612636
12990,340340920,319554,340660474,3,0,0,51200,6,8290237577
12991,340341620,156868,340498488,1,0,0,33792,17,3915329283
12992,340353700,1042,340354742,9,0,1,1024,5,7008873856
12993,340359070,57769,340416839,8,0,0,512,3,1781531518
12994,340371580,387868,340759448,1,0,0,77824,17,8431227345
12995,340401790,74003,340475793,8,0,1,123904,3,10089026433
12996,340404030,190797,340594827,3,0,0,24576,6,7521785909
12997,340420520,56899,340477419,9,0,1,2560,5,1294044309
12998,340432900,95632,340528532,1,0,0,8704,17,4057943213
12999,340453610,44893,340498503,4,0,1,38912,18,5365661214
13000,340496640,318407,340815047,5,0,0,101376,19,10116155863
13001,340536730,6754,340543484,9,0,1,7168,5,9058343265
13002,340538360,408644,340947004,5,0,0,59392,19,10045070652
13003,340555840,23466,340579306,4,0,1,38912,18,4259434235
13004,340565320,19785,340585105,8,0,1,27648,3,2128955223
13005,340575030,55200,340630230,4,0,1,91648,18,987762490
13006,340594270,366945,340961215,1,0,0,46592,17,10639804789
13007,340620260,420686,341040946,1,0,0,104448,17,4868685378
13008,340635830,219779,340855609,5,0,0,41984,19,4424743070
13009,340651481,12630,340664111,5,0,1,10240,19,4942115657
13010,340680141,2470,340682611,5,0,1,2560,19,943229393
13011,340711540,149601,340861141,8,0,0,1536,3,65191618
13012,340765690,275598,341041288,8,0,0,512,3,2430217537
13013,340796210,21316,340817526,9,0,1,2560,5,9551310654
13014,340814240,112064,340926304,8,0,0,1024,3,455696130
13015,340815320,152510,340967830,5,0,0,5632,19,5581826370
13016,340833770,137507,340971277,1,0,0,11264,17,320282019
13017,340898050,3422,340901472,9,0,1,3584,5,9686709307
13018,340907140,82779,340989919,1,0,0,512,17,6903083063
13019,340941630,164516,341106146,5,0,0,13312,19,1693620845
13020,340953050,165719,341118769,5,0,0,37888,19,1914634305
13021,340955691,8988,340964679,5,0,1,3584,19,5693957444
13022,340971390,69727,341041117,1,0,0,512,17,10470278904
13023,341056240,105878,341162118,3,0,0,14336,6,3872258614
13024,341087010,1994,341089004,7,0,1,2048,6,1253812026
13025,341119820,566,341120386,8,0,1,512,3,3088438651
13026,341209481,1518,341210999,5,0,1,1536,19,3910589876
13027,341216441,4162,341220603,5,0,1,11264,19,10693650735
13028,341232970,114875,341347845,3,0,0,43520,6,7901921984
13029,341237670,1994,341239664,9,0,1,2048,5,1216696093
13030,341244550,5326,341249876,8,0,1,5632,3,9790903788
13031,341280860,67000,341347860,8,0,1,97280,3,5448296968
13032,341292540,224393,341516933,3,0,0,23040,6,5201538753
13033,341296070,175621,341471691,3,0,0,47104,6,1407648137
13034,341312470,121911,341434381,5,0,0,9728,19,8652546662
13035,341344320,6660,341350980,9,0,1,9216,5,4583511208
13036,341354970,54100,341409070,8,0,1,88576,3,9994008063
13037,341363770,45556,341409326,9,0,1,9216,5,1421396977
13038,341383980,25602,341409582,9,0,1,9216,5,2169492743
13039,341402490,24929,341427419,8,0,1,45056,3,5762047584
13040,341413611,15114,341428725,5,0,1,2048,19,9406051999
13041,341426540,120203,341546743,3,0,0,2560,6,8685768974
13042,341441100,14287,341455387,9,0,1,27648,5,5150432484
13043,341480850,291709,341772559,3,0,0,74240,6,8724793050
13044,341489360,348936,341838296,3,0,0,14336,6,2641105941
13045,341507111,9837,341516948,5,0,1,4608,19,6060308865
13046,341526120,52860,341578980,8,0,0,512,3,1601166512
13047,341567180,207013,341774193,8,0,0,512,3,9881873395
13048,341567730,13341,341581071,8,0,1,22528,3,6857578094
13049,341576001,8296,341584297,5,0,1,5120,19,7096016477
13050,341577950,7973,341585923,8,0,1,2560,3,7196037837
13051,341581830,7639,341589469,9,0,1,5632,5,7650385377
13052,341604940,186775,341791715,5,0,0,45568,19,9056802979
13053,341609200,2870,341612070,9,0,1,8704,5,4141783053
13054,341718860,146841,341865701,5,0,0,60416,19,5094494290
13055,341725350,1518,341726868,9,0,1,1536,5,1117321829
13056,341760130,126517,341886647,3,0,0,32256,6,10323850500
13057,341768611,4531,341773142,5,0,1,512,19,8996048505
13058,341789610,7034,341796644,9,0,1,12800,5,4821618112
13059,341799000,3904,341802904,8,0,1,10752,3,77860711
13060,341824730,80171,341904901,1,0,0,512,17,1446789307
13061,341827210,120868,341948078,3,0,0,30720,6,5840160995
13062,341862830,7254,341870084,6,0,1,4608,9,4146289827
13063,341865431,9799,341875230,5,0,1,8192,19,10393771323
13064,341925190,43904,341969094,1,0,0,512,17,8214514317
13065,341956900,54056,342010956,1,0,0,3584,17,8595354829
13066,342004960,108068,342113028,5,0,0,38912,19,4419422722
13067,342033010,84044,342117054,5,0,0,5632,19,2160394093
13068,342041790,566,342042356,9,0,1,512,5,4553848474
13069,342068700,7706,342076406,9,0,1,8192,5,6126573761
13070,342150360,6754,342157114,9,0,1,7168,5,1778801235
13071,342159480,47288,342206768,1,0,0,1536,17,6948261487
13072,342162870,15321,342178191,9,0,1,29696,5,10535529434
13073,342190140,132416,342322556,8,0,0,2048,3,5417842757
13074,342202840,150980,342353820,3,0,0,94208,6,5470793332
13075,342202870,7241,342210111,7,0,1,7680,6,10649572850
13076,342204160,204082,342408242,3,0,0,55296,6,7883173131
13077,342228960,190852,342419812,8,0,0,512,3,7998572339
13078,342251730,43904,342295634,8,0,0,512,3,4003415639
13079,342313440,55524,342368964,1,0,0,512,17,6429764248
13080,342395690,19298,342414988,9,0,1,7168,5,5136024181
13081,342408500,50750,342459250,8,0,0,1536,3,6583252513
13082,342414360,48011,342462371,1,0,0,512,17,3717858447
13083,342465240,125121,342590361,8,0,0,512,3,10051048513
13084,342564980,99788,342664768,3,0,0,27648,6,1780634653
13085,342584630,5802,342590432,9,0,1,6144,5,7629661788
13086,342671930,6754,342678684,0,0,1,7168,6,1587519396
13087,342678100,4850,342682950,1,0,1,5120,17,5518382624
13088,342694470,47948,342742418,8,0,0,1024,3,9984161179
13089,342714760,4937,342719697,9,0,1,12800,5,6800758279
13090,342719820,48980,342768800,3,0,0,2048,6,9847840178
13091,342740290,117041,342857331,3,0,0,37888,6,3335204580
13092,342755860,1994,342757854,0,0,1,2048,6,192648913
13093,342772710,90719,342863429,1,0,0,1024,17,6215685302
13094,342779800,45596,342825396,3,0,0,1024,6,6942862398
13095,342815000,25962,342840962,8,0,1,47104,3,2006601906
13096,342899440,47288,342946728,1,0,0,1536,17,7455440488
13097,342909450,2946,342912396,1,0,1,3072,17,3575055879
13098,342925930,139772,343065702,5,0,0,8704,19,9567599435
13099,342957520,59132,343016652,5,0,0,5120,19,6751410077
13100,342975270,66744,343042014,3,0,0,1536,6,3211866291
13101,343011800,50886,343062686,5,0,0,1024,19,5458118391
13102,343026080,4850,343030930,9,0,1,5120,5,10469280134
13103,343054990,7711,343062701,1,0,1,8192,17,1894681735
13104,343086190,20882,343107072,9,0,1,33792,5,7247298720
13105,343102110,9468,343111578,2,0,1,7168,10,735627348
13106,343104410,8154,343112564,9,0,1,1536,5,6394787631
13107,343108420,46447,343154867,3,0,0,1024,6,7355412763
13108,343127570,81271,343208841,3,0,0,1024,6,4707178805
13109,343145750,116986,343262736,8,0,0,3584,3,3785273695
13110,343152660,2470,343155130,1,0,1,2560,17,3324424369
13111,343156480,11791,343168271,1,0,1,19456,17,6452034380
13112,343159200,9225,343168425,0,0,1,8704,6,3557458624
13113,343227110,5802,343232912,0,0,1,6144,6,3571798175
13114,343228600,8178,343236778,2,0,1,6144,10,10526872547
13115,343229100,8024,343237124,0,0,1,512,6,4807147199
13116,343291150,4374,343295524,2,0,1,4608,10,2985521059
13117,343310540,2946,343313486,2,0,1,3072,10,10520947153
13118,343314190,4162,343318352,0,0,1,11264,6,6263266653
13119,343359410,58376,343417786,5,0,0,7680,19,1265291098
13120,343374920,14117,343389037,9,0,1,24064,5,1362397271
13121,343425350,1042,343426392,6,0,1,1024,9,4804264916
13122,343429390,566,343429956,0,0,1,512,6,3434596388
13123,343436570,16354,343452924,8,0,1,31744,3,395174803
13124,343463740,2470,343466210,6,0,1,2560,9,6275471278
13125,343521400,100377,343621777,8,0,0,512,3,5661211095
13126,343541160,43904,343585064,1,0,0,512,17,6334468171
13127,343573660,1042,343574702,1,0,1,1024,17,5633070245
13128,343612590,566,343613156,1,0,1,512,17,764847282
13129,343624000,3128,343627128,1,0,1,9216,17,10109182006
13130,343651280,74540,343725820,5,0,0,15360,19,8835661514
13131,343708680,5326,343714006,1,0,1,5632,17,7813315771
13132,343793700,4420,343798120,9,0,1,11776,5,7575291435
13133,343803450,1518,343804968,9,0,1,1536,5,3257202369
13134,343865390,1994,343867384,9,0,1,2048,5,10157136761
13135,343910880,45596,343956476,3,0,0,1024,6,10561048365
13136,343938660,6488,343945148,0,0,1,15872,6,10474894537
13137,343944100,1394,343945494,1,0,1,512,17,7960535489
13138,343953820,55609,344009429,8,0,0,1024,3,6278938850
13139,343962630,1042,343963672,7,0,1,1024,6,9827389025
13140,343968650,2870,343971520,2,0,1,8704,10,6659296410
13141,343986220,3422,343989642,1,0,1,3584,17,5514415678
13142,344026170,137908,344164078,3,0,0,512,6,8819910519
13143,344035130,4937,344040067,2,0,1,12800,10,6095679537
13144,344064850,94278,344159128,3,0,0,512,6,5021423539
13145,344132120,43904,344176024,3,0,0,512,6,3836368097
13146,344134790,566,344135356,0,0,1,512,6,7765188648
13147,344150630,566,344151196,2,0,1,512,10,1265228008
13148,344154820,1042,344155862,0,0,1,1024,6,1749025420
13149,344192620,48980,344241600,1,0,0,2048,17,10598009120
13150,344195990,131180,344327170,1,0,0,1024,17,8330876200
13151,344196020,6765,344202785,0,0,1,7168,6,2557261102
13152,344197880,5891,344203771,2,0,1,1536,10,1475572632
13153,344260450,71796,344332246,8,0,0,2560,3,3624455653
13154,344280520,1994,344282514,2,0,1,2048,10,4608851114
13155,344283500,43904,344327404,3,0,0,512,6,4800816544
13156,344316330,3898,344320228,6,0,1,4096,9,1242984215
13157,344336760,43904,344380664,3,0,0,512,6,10200089356
13158,344376980,43904,344420884,8,0,0,512,3,7737681839
13159,344415350,52364,344467714,1,0,0,3072,17,2144677732
13160,344455050,5326,344460376,2,0,1,5632,10,3801222103
13161,344557260,45596,344602856,1,0,0,1024,17,7462996406
13162,344644720,45596,344690316,8,0,0,1024,3,5582646163
13163,344718270,43904,344762174,3,0,0,512,6,1559799049
13164,344757060,1994,344759054,3,0,1,2048,6,6865665966
13165,344972740,1994,344974734,1,0,1,2048,17,5084684122
13166,345048600,4374,345052974,7,0,1,4608,6,8341371088
13167,345116040,45596,345161636,0,0,0,1024,6,870437377
13168,345119720,566,345120286,6,0,1,512,9,2034375244
13169,345121770,43904,345165674,1,0,0,512,17,4838270205
13170,345235930,2946,345238876,6,0,1,3072,9,3245673259
13171,345252200,7230,345259430,0,0,1,7680,6,6887667507
13172,345343960,43904,345387864,8,0,0,512,3,2263294681
13173,345459150,43904,345503054,3,0,0,512,6,4774219790
13174,345505670,3422,345509092,0,0,1,3584,6,5546941497
13175,345522340,43904,345566244,1,0,0,512,17,3241574735
13176,345539300,1042,345540342,1,0,1,1024,17,9867078260
13177,345540620,3128,345543748,6,0,1,9216,9,7116805646
13178,345551540,3387,345554927,0,0,1,9728,6,4927902331
13179,345590510,105339,345695849,1,0,0,2048,17,10157171564
13180,345591390,3422,345594812,0,0,1,3584,6,2686834128
13181,345729000,43904,345772904,1,0,0,512,17,6884894048
13182,345771970,4420,345776390,0,0,1,11776,6,169590878
13183,345781320,106184,345887504,1,0,0,48640,17,5299163796
13184,345854870,68430,345923300,3,0,0,2560,6,1063084963
13185,345860730,113203,345973933,8,0,0,512,3,3293415147
13186,345866360,5802,345872162,0,0,1,6144,6,54063714
13187,345885930,2608,345888538,1,0,1,1024,17,4682897588
13188,345938240,6754,345944994,6,0,1,7168,9,7065418387
13189,345943400,2900,345946300,0,0,1,2048,6,5254853274
13190,345976920,59714,346036634,8,0,0,512,3,2681024400
13191,345992730,55748,346048478,3,0,0,4096,6,3747496559
13192,346049790,3422,346053212,7,0,1,3584,6,9253424330
13193,346071600,107900,346179500,1,0,0,54272,17,9331635659
13194,346076300,199999,346276299,1,0,0,75264,17,10676034982
13195,346085590,70254,346155844,3,0,0,1536,6,3356738720
13196,346099550,4679,346104229,2,0,1,12288,10,3711569681
13197,346122300,1042,346123342,3,0,1,1024,6,8720552628
13198,346131410,114114,346245524,3,0,0,1536,6,9416925607
13199,346200670,1042,346201712,3,0,1,1024,6,2458353548
13200,346216260,2946,346219206,3,0,1,3072,6,3881608329
13201,346233910,4850,346238760,3,0,1,5120,6,6839584459
13202,346246690,3898,346250588,6,0,1,4096,9,5044796806
13203,346279890,3898,346283788,1,0,1,4096,17,3843334251
13204,346281380,2754,346284134,6,0,1,512,9,9855829541
13205,346335880,2946,346338826,0,0,1,3072,6,4079766140
13206,346396350,3898,346400248,1,0,1,4096,17,7662554544
13207,346450390,89900,346540290,1,0,0,15360,17,2147028835
13208,346479750,62716,346542466,8,0,0,512,3,8780293692
13209,346497930,1994,346499924,1,0,1,2048,17,6227540130
13210,346551960,3898,346555858,3,0,1,4096,6,3734149815
13211,346581250,1518,346582768,6,0,1,1536,9,2882878696
13212,346634830,43904,346678734,8,0,0,512,3,1661415600
13213,346673200,3645,346676845,1,0,1,10240,17,2194963684
13214,346773060,43904,346816964,3,0,0,512,6,2705133528
13215,346788590,5802,346794392,6,0,1,6144,9,5155771989
13216,346841250,120380,346961630,1,0,0,95232,17,9971679076
13217,346983500,1042,346984542,6,0,1,1024,9,3962322121
13218,347106840,74360,347181200,1,0,0,9728,17,4561653831
13219,347125460,43904,347169364,8,0,0,512,3,9928521754
13220,347144830,152326,347297156,1,0,0,90624,17,8431744721
13221,347149740,566,347150306,6,0,1,512,9,8171650839
13222,347170720,1518,347172238,6,0,1,1536,9,9228283952
13223,347175390,5825,347181215,1,0,1,3072,17,148538667
13224,347187620,109707,347297327,3,0,0,512,6,5186629216
13225,347208260,2870,347211130,1,0,1,8704,17,6577154096
13226,347210420,112549,347322969,3,0,0,512,6,5522768286
13227,347221770,77973,347299743,3,0,0,1024,6,5897811018
13228,347222880,2470,347225350,1,0,1,2560,17,3756194335
13229,347422550,43904,347466454,8,0,0,512,3,3212673446
13230,347432080,566,347432646,1,0,1,512,17,3214615089
13231,347437190,566,347437756,1,0,1,512,17,1719598979
13232,347559280,47288,347606568,3,0,0,1536,6,1265528674
13233,347564640,2946,347567586,1,0,1,3072,17,8069789595
13234,347697600,4679,347702279,1,0,1,12288,17,10304357084
13235,347754240,44060,347798300,3,0,0,1024,6,3109853854
13236,347872460,87164,347959624,1,0,0,21504,17,5545527109
13237,347881610,4374,347885984,6,0,1,4608,9,1672841086
13238,347968041,4420,347972461,5,0,1,11776,19,7392819599
13239,348141960,43904,348185864,3,0,0,512,6,408374034
13240,348250900,48980,348299880,3,0,0,2048,6,3850642925
13241,348482360,105404,348587764,1,0,0,46080,17,8441269124
13242,348488180,116804,348604984,1,0,0,16896,17,7416951756
13243,348529700,182036,348711736,1,0,0,67584,17,6131379093
13244,348541000,64623,348605623,3,0,0,2048,6,4684757501
13245,348580010,14500,348594510,1,0,1,7168,17,7314788468
13246,348640260,2870,348643130,1,0,1,8704,17,1301787195
13247,348824890,45596,348870486,1,0,0,1024,17,7482548993
13248,348919140,2870,348922010,1,0,1,8704,17,5823273124
13249,348929510,50513,348980023,3,0,0,1024,6,3428823198
13250,348981360,89300,349070660,1,0,0,18432,17,9181036417
13251,349089390,43904,349133294,3,0,0,512,6,2440433635
13252,349312590,2946,349315536,1,0,1,3072,17,2315889659
13253,349341890,102128,349444018,1,0,0,35328,17,5315511443
13254,349474300,106496,349580796,1,0,0,49664,17,4472297179
13255,349542160,69932,349612092,1,0,0,15360,17,6287488430
13256,349870680,47288,349917968,3,0,0,1536,6,1858525914
13257,349974140,125326,350099466,1,0,0,80384,17,4403503006
13258,349983610,145086,350128696,1,0,0,46080,17,1575875523
13259,350084720,106378,350191098,1,0,0,26112,17,5673844227
13260,350087670,181641,350269311,3,0,0,1024,6,2709229842
13261,350137870,131114,350268984,1,0,0,53760,17,5448592123
13262,350256340,60407,350316747,3,0,0,2048,6,4933378173
13263,350470420,43904,350514324,3,0,0,512,6,1010766937
13264,350475690,7230,350482920,4,0,1,7680,18,8740986241
13265,350612570,1994,350614564,9,0,1,2048,5,355720481
13266,350803670,2946,350806616,9,0,1,3072,5,4380548060
13267,350876190,5326,350881516,9,0,1,5632,5,4592456167
13268,351007980,43904,351051884,3,0,0,512,6,2969749567
13269,351019990,47288,351067278,3,0,0,1536,6,972861729
13270,351077920,1518,351079438,9,0,1,1536,5,4712272114
13271,351104780,1994,351106774,9,0,1,2048,5,8906578418
13272,351107720,566,351108286,9,0,1,512,5,9406340353
13273,351124010,65429,351189439,8,0,1,110592,3,7635418242
13274,351306020,141505,351447525,3,0,0,512,6,9713532920
13275,351311370,45596,351356966,3,0,0,1024,6,1675429781
13276,351319450,44920,351364370,4,0,1,77312,18,8822684766
13277,351401630,103915,351505545,1,0,0,24576,17,4372724905
13278,351443630,5326,351448956,9,0,1,5632,5,8918461811
13279,351458180,2470,351460650,9,0,1,2560,5,5833489651
13280,351551800,34537,351586337,4,0,1,60416,18,8789506946
13281,351636200,43904,351680104,3,0,0,512,6,1791965998
13282,351655290,47288,351702578,3,0,0,1536,6,5454232266
13283,351701620,104000,351805620,1,0,0,41472,17,5596910548
13284,351707160,13770,351720930,4,0,1,26624,18,4651949455
13285,351813040,142899,351955939,4,0,1,231424,18,6558587645
13286,351886220,145190,352031410,3,0,0,1536,6,7113079458
13287,351893500,85013,351978513,3,0,0,512,6,6179513836
13288,351962911,191640,352154551,9,0,0,27136,5,5942876202
13289,351964100,65774,352029874,3,0,0,1536,6,1519839104
13290,351973040,158195,352131235,3,0,0,1024,6,8387439418
13291,352106620,22862,352129482,8,0,1,40960,3,9370391107
13292,352133840,102128,352235968,1,0,0,35328,17,7827102432
13293,352179160,45596,352224756,3,0,0,1024,6,8489246529
13294,352220040,35054,352255094,8,0,1,61440,3,4502923059
13295,352310420,3387,352313807,6,0,1,9728,9,5572937666
13296,352342390,2946,352345336,6,0,1,3072,9,2315761331
13297,352349010,43904,352392914,3,0,0,512,6,4709080222
13298,352370610,3645,352374255,8,0,1,10240,3,3569583812
13299,352373210,44456,352417666,4,0,1,75264,18,9768305089
13300,352389030,29200,352418230,6,0,1,10752,9,1055218504
13301,352389140,104380,352493520,3,0,0,1536,6,8081351940
13302,352420030,2946,352422976,6,0,1,3072,9,6712544375
13303,352447000,6278,352453278,0,0,1,6656,6,4485484136
13304,352461770,4162,352465932,4,0,1,11264,18,3767473085
13305,352461950,5295,352467245,6,0,1,2048,9,1116199728
13306,352472310,1042,352473352,6,0,1,1024,9,4809216580
13307,352524861,203133,352727994,9,0,0,55808,5,2537080154
13308,352540910,75812,352616722,8,0,1,127488,3,5187007828
13309,352549150,68136,352617286,0,0,1,10752,6,3163293371
13310,352589570,29662,352619232,6,0,1,3072,9,5207920222
13311,352592520,73847,352666367,3,0,0,2048,6,8331564221
13312,352628940,153546,352782486,3,0,0,512,6,1978530087
13313,352644530,6278,352650808,6,0,1,6656,9,7280730661
13314,352660841,143371,352804212,9,0,0,22528,5,4176103397
13315,352726200,273787,352999987,1,0,0,97792,17,6798622355
13316,352731580,152154,352883734,1,0,0,4608,17,1037426553
13317,352737370,14804,352752174,4,0,1,28672,18,7675425045
13318,352820270,49586,352869856,3,0,0,512,6,1035010414
13319,352898310,101708,353000018,4,0,1,123904,18,7576203912
13320,352902380,97653,353000033,4,0,1,56832,18,7705823825
13321,352914160,85888,353000048,7,0,1,4608,6,260346659
13322,352921770,78293,353000063,4,0,1,26112,18,10182244688
13323,352922240,81257,353003497,4,0,1,27648,18,284489871
13324,352946330,58793,353005123,0,0,1,2560,6,5226067256
13325,352970740,36969,353007709,7,0,1,4096,6,9477338936
13326,353046810,6278,353053088,6,0,1,6656,9,7413832103
13327,353066280,137797,353204077,3,0,0,3584,6,4199700596
13328,353071020,23120,353094140,8,0,1,41472,3,6886894707
13329,353072231,130731,353202962,9,0,0,44032,5,4334618114
13330,353098881,235984,353334865,9,0,0,10752,5,1814797406
13331,353104860,1518,353106378,6,0,1,1536,9,7781295278
13332,353131710,1994,353133704,0,0,1,2048,6,1176771926
13333,353132050,154214,353286264,1,0,0,38400,17,1591557774
13334,353145060,12825,353157885,7,0,1,21504,6,1459326910
13335,353153600,53583,353207183,4,0,1,87552,18,9099683273
13336,353178170,250952,353429122,7,0,0,39936,6,5963719599
13337,353179330,117968,353297298,3,0,0,1024,6,6249201294
13338,353195160,136414,353331574,1,0,0,19456,17,529662125
13339,353202680,6326,353209006,6,0,1,12800,9,3436736601
13340,353211151,288993,353500144,9,0,0,45056,5,5644284826
13341,353238700,3422,353242122,0,0,1,3584,6,3963168762
13342,353241770,3128,353244898,7,0,1,9216,6,3814077097
13343,353247401,198955,353446356,9,0,0,37888,5,4557744967
13344,353261700,566,353262266,0,0,1,512,6,6358423769
13345,353295260,5196,353300456,0,0,1,13312,6,5907538552
13346,353308430,3422,353311852,7,0,1,3584,6,4510287506
13347,353323610,11270,353334880,7,0,1,6144,6,2642814672
13348,353349881,2946,353352827,5,0,1,3072,19,5386466018
13349,353370900,155812,353526712,3,0,0,3072,6,8974119861
13350,353378920,187309,353566229,3,0,0,512,6,3447371746
13351,353393720,288107,353681827,1,0,0,8192,17,523601297
13352,353412001,44813,353456814,9,0,0,512,5,9325241967
13353,353416410,32558,353448968,8,0,1,53248,3,7890831530
13354,353422290,27984,353450274,0,0,1,2048,6,277747532
13355,353444100,9080,353453180,7,0,1,4608,6,3176527474
13356,353483620,61382,353545002,8,0,1,99328,3,3698113797
13357,353501970,48421,353550391,8,0,1,25600,3,2417504409
13358,353543390,15579,353558969,4,0,1,30208,18,3251365152
13359,353544530,234072,353778602,3,0,0,512,6,2651656921
13360,353562710,23725,353586435,4,0,1,39424,18,6438545450
13361,353572480,14301,353586781,0,0,1,512,6,9091230130
13362,353593090,5326,353598416,0,0,1,5632,6,1108365583
13363,353633590,2470,353636060,0,0,1,2560,6,8688325463
13364,353666720,306587,353973307,7,0,0,70144,6,9639216482
13365,353686790,44720,353731510,3,0,0,512,6,2826199534
13366,353699150,30749,353729899,8,0,1,49664,3,2569958767
13367,353709621,119721,353829342,9,0,0,512,5,350685758
13368,353717370,16075,353733445,0,0,1,5632,6,8992919937
13369,353717430,22121,353739551,8,0,1,29184,3,8979334615
13370,353737700,209026,353946726,1,0,0,12288,17,2932301501
13371,353768860,280688,354049548,1,0,0,116736,17,3986348651
13372,353779990,13341,353793331,8,0,1,22528,3,3190776315
13373,353810680,566,353811246,6,0,1,512,9,7216192612
13374,353813840,77768,353891608,7,0,0,15872,6,8741742696
13375,353839810,169536,354009346,3,0,0,512,6,6051636892
13376,353884680,6943,353891623,8,0,1,5632,3,2511412069
13377,353930290,566,353930856,0,0,1,512,6,3295911032
13378,353934170,184244,354118414,7,0,0,53760,6,556934528
13379,353956570,20116,353976686,1,0,1,9728,17,999058942
13380,353991370,2946,353994316,7,0,1,3072,6,6645410387
13381,353991970,2692,353994662,7,0,1,512,6,10396063800
13382,354036081,274922,354311003,9,0,0,35328,5,3241528413
13383,354039510,13544,354053054,7,0,1,3584,6,10268221745
13384,354040250,169585,354209835,7,0,0,14336,6,6807239923
13385,354043000,119795,354162795,1,0,0,18432,17,4188232256
13386,354043720,18278,354061998,7,0,1,18432,6,6189958861
13387,354056800,15062,354071862,8,0,1,29184,3,2410462259
13388,354063700,236524,354300224,1,0,0,82432,17,1561579136
13389,354124590,5326,354129916,7,0,1,5632,6,8270571366
13390,354128851,220756,354349607,9,0,0,17920,5,2724483180
13391,354153551,110668,354264219,9,0,0,16384,5,3263898140
13392,354172000,5326,354177326,4,0,1,5632,18,1935928942
13393,354187160,78798,354265958,1,0,0,5632,17,2531583701
13394,354193030,4162,354197192,0,0,1,11264,6,6391205797
13395,354260030,95379,354355409,1,0,0,18944,17,8428581139
13396,354303330,14912,354318242,9,0,1,7680,5,4930304309
13397,354304100,18328,354322428,7,0,1,6656,6,8674823850
13398,354316150,6432,354322582,9,0,1,8704,5,2758037977
13399,354343200,6422,354349622,9,0,1,2048,5,7954563371
13400,354377861,228157,354606018,9,0,0,49152,5,10409072291
13401,354401990,1994,354403984,3,0,1,2048,6,2532986847
13402,354422980,208685,354631665,1,0,0,45056,17,222010627
13403,354457111,229349,354686460,9,0,0,130560,5,258628823
13404,354458701,93250,354551951,9,0,0,14848,5,10113837436
13405,354478630,566,354479196,1,0,1,512,17,9417634456
13406,354529050,7230,354536280,9,0,1,7680,5,2229976352
13407,354531230,10450,354541680,6,0,1,16384,9,8301587920
13408,354546560,566,354547126,3,0,1,512,6,5362745581
13409,354554061,155899,354709960,9,0,0,17408,5,4760903702
13410,354568460,2470,354570930,6,0,1,2560,9,3467460135
13411,354570690,1042,354571732,4,0,1,1024,18,9259389346
13412,354575900,1994,354577894,7,0,1,2048,6,1545787974
13413,354612370,19318,354631688,4,0,1,22528,18,188837283
13414,354618281,15846,354634127,5,0,1,2560,19,7766041252
13415,354633400,78291,354711691,7,0,0,5632,6,817250387
13416,354634530,2870,354637400,0,0,1,8704,6,803024924
13417,354641090,161923,354803013,3,0,0,3072,6,9251184114
13418,354674130,127924,354802054,7,0,0,39424,6,464751845
13419,354684870,48714,354733584,3,0,0,1024,6,6576265320
13420,354685170,26552,354711722,4,0,1,39936,18,3027403285
13421,354709570,2704,354712274,7,0,1,512,6,7993903933
13422,354709730,139448,354849178,7,0,0,32768,6,1500931827
13423,354714910,42683,354757593,4,0,1,69632,18,5958546215
13424,354717030,41229,354758259,6,0,1,1024,9,1286855462
13425,354732340,90664,354823004,7,0,0,8704,6,4562929011
13426,354747170,17093,354764263,4,0,1,28672,18,8206273283
13427,354789930,143244,354933174,7,0,0,29184,6,7444099370
13428,354798130,51063,354849193,4,0,1,77824,18,1482805172
13429,354805490,183962,354989452,3,0,0,512,6,10475784013
13430,354807620,42157,354849777,0,0,1,2560,6,9768581302
13431,354856150,194172,355050322,3,0,0,2560,6,6241789269
13432,354897480,294878,355192358,7,0,0,24576,6,8826090506
13433,354906340,1518,354907858,6,0,1,1536,9,743629273
13434,354923570,9619,354933189,9,0,1,2048,5,4684986932
13435,354929031,92833,355021864,9,0,0,1024,5,6770572634
13436,354941500,3422,354944922,9,0,1,3584,5,2551226208
13437,354951360,357656,355309016,7,0,0,51200,6,2414591032
13438,354953290,168304,355121594,3,0,0,1024,6,4535563966
13439,354987150,15321,355002471,3,0,1,29696,6,1167337454
13440,354987740,89810,355077550,7,0,0,11264,6,10506999198
13441,354994480,8145,355002625,3,0,1,8704,6,7795599334
13442,354994800,8286,355003086,9,0,1,10240,5,9015629134
13443,355031000,7230,355038230,0,0,1,7680,6,4965804703
13444,355035170,4046,355039216,0,0,1,1536,6,1560714410
13445,355041210,3898,355045108,0,0,1,4096,6,10322522906
13446,355045410,566,355045976,0,0,1,512,6,5993986312
13447,355068501,149111,355217612,9,0,0,30720,5,3781831742
13448,355096480,3898,355100378,3,0,1,4096,6,9054451136
13449,355098580,299878,355398458,1,0,0,20992,17,6019423339
13450,355103010,43904,355146914,3,0,0,512,6,5176572606
13451,355116890,1518,355118408,7,0,1,1536,6,465562784
13452,355130720,11016,355141736,0,0,1,17920,6,7204441543
13453,355172210,5326,355177536,3,0,1,5632,6,6372983123
13454,355173270,4612,355177882,7,0,1,512,6,4555529219
13455,355175680,208317,355383997,7,0,0,104960,6,5588748073
13456,355192460,1994,355194454,9,0,1,2048,5,3875761267
13457,355201660,182524,355384184,7,0,0,512,6,9344749245
13458,355203620,63620,355267240,4,0,1,107008,18,6756960157
13459,355208250,100781,355309031,4,0,1,94720,18,2776949474
13460,355219000,125909,355344909,1,0,0,7168,17,8786317557
13461,355262960,46086,355309046,3,0,1,4608,6,4317649529
13462,355267380,41689,355309069,7,0,1,14848,6,9310291969
13463,355274931,138315,355413246,9,0,0,10752,5,5541930250
13464,355297310,12770,355310080,4,0,1,1024,18,954411807
13465,355312470,147062,355459532,7,0,0,12800,6,6150624071
13466,355319040,163358,355482398,3,0,0,1024,6,4314345298
13467,355327330,98241,355425571,3,0,0,1024,6,3987373413
13468,355366100,217920,355584020,7,0,0,50176,6,2178438574
13469,355369930,225896,355595826,3,0,0,1024,6,9344094237
13470,355382300,2935,355385235,1,0,1,1024,17,733703624
13471,355382930,242049,355624979,1,0,0,27136,17,10586866513
13472,355419640,7706,355427346,4,0,1,8192,18,9327686644
13473,355423820,243786,355667606,7,0,0,90112,6,10027365394
13474,355433510,566,355434076,7,0,1,512,6,8758212022
13475,355448410,12566,355460976,6,0,1,20992,9,5515568383
13476,355454170,7677,355461847,4,0,1,12288,18,6708014336
13477,355471920,4374,355476294,1,0,1,4608,17,2042787794
13478,355473860,3420,355477280,7,0,1,1536,6,4579831814
13479,355485190,6754,355491944,7,0,1,7168,6,954477356
13480,355523740,5454,355529194,7,0,1,13824,6,4447494353
13481,355540350,192910,355733260,7,0,0,16896,6,7858851050
13482,355570370,16770,355587140,4,0,1,9216,18,2770813829
13483,355660850,17264,355678114,7,0,1,16896,6,1031963668
13484,355664330,14770,355679100,1,0,1,1536,17,1751806655
13485,355670380,9066,355679446,2,0,1,512,10,5173610927
13486,355671910,12682,355684592,0,0,1,8192,6,5216717447
13487,355696050,54012,355750062,4,0,1,91648,18,4863933177
13488,355722450,122212,355844662,3,0,0,1536,6,7434073564
13489,355729820,21548,355751368,0,0,1,2048,6,350809715
13490,355854380,2470,355856850,0,0,1,2560,6,5786179166
13491,355918140,48980,355967120,3,0,0,2048,6,6999116464
13492,355957880,2870,355960750,7,0,1,8704,6,2374633103
13493,355963121,81128,356044249,9,0,0,11776,5,3980197120
13494,355966990,2592,355969582,1,0,1,2560,17,4012328578
13495,355971250,4679,355975929,1,0,1,12288,17,5968367251
13496,355982090,7230,355989320,7,0,1,7680,6,4062429847
13497,355992430,1994,355994424,1,0,1,2048,17,5608591679
13498,355999870,3898,356003768,1,0,1,4096,17,6029400412
13499,356043070,5075,356048145,7,0,1,10752,6,7160192527
13500,356055730,1994,356057724,7,0,1,2048,6,9921069999
13501,356063040,2470,356065510,4,0,1,2560,18,9470053639
13502,356094511,127800,356222311,9,0,0,76288,5,2995193349
13503,356121181,134292,356255473,9,0,0,32768,5,5896174477
13504,356183370,3898,356187268,8,0,1,4096,3,9321772612
13505,356204310,63589,356267899,3,0,0,1024,6,3305093234
13506,356232070,1518,356233588,1,0,1,1536,17,2565431778
13507,356236860,7706,356244566,0,0,1,8192,6,54628220
13508,356332800,52549,356385349,8,0,1,85504,3,7931912000
13509,356367161,207828,356574989,9,0,0,27648,5,7892983572
13510,356393071,172996,356566067,9,0,0,10752,5,4712866985
13511,356403170,159591,356562761,1,0,0,141312,17,3782376403
13512,356420270,2870,356423140,8,0,1,8704,3,1654628305
13513,356466821,3904,356470725,5,0,1,10752,19,4771812927
13514,356468700,131446,356600146,1,0,0,10240,17,7985113871
13515,356516930,49620,356566550,3,0,0,1536,6,9523289983
13516,356519300,43476,356562776,8,0,1,21504,3,2662215436
13517,356579600,259395,356838995,1,0,0,22016,17,2657672065
13518,356605640,1994,356607634,8,0,1,2048,3,9314378545
13519,356613600,64208,356677808,7,0,0,6656,6,8935021957
13520,356615710,3422,356619132,0,0,1,3584,6,6832373452
13521,356623900,4374,356628274,7,0,1,4608,6,9246281386
13522,356675270,46050,356721320,3,0,0,1024,6,5803428671
13523,356683440,101816,356785256,1,0,0,34304,17,4016061347
13524,356683760,4374,356688134,7,0,1,4608,6,3036528850
13525,356714460,16613,356731073,8,0,1,32256,3,409697443
13526,356865670,101348,356967018,1,0,0,32768,17,2906790982
13527,356867530,63966,356931496,4,0,1,104448,18,9447270641
13528,356869680,182900,357052580,7,0,0,35328,6,7088390651
13529,356887590,44265,356931855,4,0,1,9728,18,9310559112
13530,356913680,18841,356932521,7,0,1,1024,6,5581409299
13531,356948990,31266,356980256,8,0,1,50688,3,2571891946
13532,356958700,157993,357116693,3,0,0,512,6,7742676262
13533,356959570,21352,356980922,0,0,1,1024,6,1568676697
13534,356979230,3318,356982548,8,0,1,2560,3,6570268125
13535,356982300,202787,357185087,1,0,0,2560,17,9109027671
13536,356984980,199312,357184292,7,0,0,47616,6,3190342765
13537,357004080,147691,357151771,7,0,0,10240,6,5619566399
13538,357016280,11791,357028071,8,0,1,19456,3,4002205367
13539,357042570,13647,357056217,0,0,1,10240,6,7361284794
13540,357058140,87622,357145762,3,0,0,1024,6,9555625689
13541,357078960,5326,357084286,0,0,1,5632,6,2744069143
13542,357139761,245340,357385101,9,0,0,97280,5,8230533148
13543,357145630,166480,357312110,7,0,0,77824,6,5438584698
13544,357180890,212338,357393228,1,0,0,26624,17,8435184242
13545,357201820,566,357202386,7,0,1,512,6,8769035819
13546,357202370,325555,357527925,7,0,0,45568,6,1437340696
13547,357206731,121322,357328053,9,0,0,52224,5,1535199755
13548,357211860,6754,357218614,0,0,1,7168,6,4917019529
13549,357255710,5802,357261512,7,0,1,6144,6,9648158730
13550,357266730,566,357267296,0,0,1,512,6,6545989478
13551,357275210,1042,357276252,8,0,1,1024,3,8598799718
13552,357294301,276830,357571131,9,0,0,14848,5,1488580259
13553,357301530,28952,357330482,7,0,1,2560,6,882184508
13554,357323500,8608,357332108,7,0,1,2560,6,3412268964
13555,357352870,132516,357485386,8,0,1,214528,3,3654101996
13556,357375560,110799,357486359,4,0,1,12800,18,2200229857
13557,357379110,119103,357498213,8,0,1,48640,3,3405865527
13558,357404250,123698,357527948,8,0,1,96256,3,2660458329
13559,357408970,120374,357529344,9,0,1,6656,5,7855199629
13560,357409890,122360,357532250,0,0,1,4608,6,2877536309
13561,357445410,89746,357535156,9,0,1,4608,5,7832519362
13562,357468430,73344,357541774,4,0,1,23552,18,10680734794
13563,357478950,63388,357542338,0,0,1,10752,6,193166128
13564,357498990,46894,357545884,9,0,1,5632,5,7558715156
13565,357522300,148238,357670538,3,0,0,512,6,6935522603
13566,357528500,20290,357548790,4,0,1,4608,18,8668130127
13567,357530340,18911,357549251,9,0,1,10240,5,7394287107
13568,357538490,12144,357550634,0,0,1,14848,6,3384144000
13569,357544300,10520,357554820,9,0,1,6656,5,4079175281
13570,357559790,20624,357580414,8,0,1,33280,3,1106062696
13571,357567930,19030,357586960,8,0,1,30720,3,7933054524
13572,357627660,7230,357634890,7,0,1,7680,6,526998538
13573,357639621,202626,357842247,9,0,0,10752,5,804244856
13574,357653040,185908,357838948,1,0,0,122368,17,9156593789
13575,357656420,7230,357663650,8,0,1,7680,3,5450675604
13576,357714260,1042,357715302,6,0,1,1024,9,9315041975
13577,357722820,1042,357723862,9,0,1,1024,5,5413287024
13578,357728480,42424,357770904,0,0,1,69120,6,3889023739
13579,357740231,259347,357999578,9,0,0,11776,5,8246791867
13580,357763870,24154,357788024,4,0,1,43520,18,5160378058
13581,357795580,566,357796146,7,0,1,512,6,7192353692
13582,357801140,101958,357903098,7,0,0,3584,6,2474188013
13583,357805190,39511,357844701,7,0,1,2560,6,2044951128
13584,357833521,417239,358250760,9,0,0,122880,5,5563799913
13585,357850550,1042,357851592,7,0,1,1024,6,528675484
13586,357868920,11791,357880711,8,0,1,19456,3,10395935995
13587,357880120,4162,357884282,8,0,1,11264,3,8757012784
13588,357880170,594246,358474416,1,0,0,47616,17,4775252537
13589,357896710,283364,358180074,1,0,0,27648,17,5180507753
13590,357903030,387786,358290816,7,0,0,52224,6,9741163893
13591,357925750,176842,358102592,7,0,0,48640,6,9029336964
13592,357927460,7230,357934690,7,0,1,7680,6,5813151761
13593,357938540,26738,357965278,8,0,1,48640,3,5141208081
13594,357957801,237695,358195496,9,0,0,6144,5,9257930160
13595,358010111,311523,358321634,9,0,0,58880,5,4406218784
13596,358026380,23983,358050363,0,0,1,39936,6,10596972761
13597,358045391,348139,358393530,9,0,0,100864,5,911840228
13598,358053460,6278,358059738,7,0,1,6656,6,3119300590
13599,358053490,9474,358062964,7,0,1,5120,6,9794548783
13600,358084440,240842,358325282,1,0,0,11776,17,7193744785
13601,358111700,139231,358250931,3,0,0,512,6,3827269121
13602,358153710,7230,358160940,9,0,1,7680,5,6660054052
13603,358172770,13309,358186079,4,0,1,14848,18,9661709412
13604,358177830,81410,358259240,4,0,1,121856,18,7638374997
13605,358179031,327232,358506263,9,0,0,104448,5,8188435145
13606,358189850,131799,358321649,8,0,1,90624,3,6305602762
13607,358245460,76204,358321664,9,0,1,8704,5,2987447639
13608,358262000,373733,358635733,7,0,0,97280,6,833617195
13609,358265071,294887,358559958,9,0,0,35840,5,9828286706
13610,358273750,47929,358321679,4,0,1,31744,18,4268140480
13611,358297081,228153,358525234,9,0,0,13824,5,9583313392
13612,358313980,88657,358402637,4,0,1,130560,18,7502522505
13613,358332440,332949,358665389,7,0,0,12288,6,4677573784
13614,358334841,271237,358606078,9,0,0,26624,5,5744188085
13615,358341100,65083,358406183,1,0,1,5632,17,3606218611
13616,358367510,138776,358506286,4,0,1,134656,18,5069999709
13617,358432270,74031,358506301,7,0,1,16384,6,3945682444
13618,358465800,188904,358654704,1,0,0,14848,17,2971723822
13619,358477050,39737,358516787,8,0,1,16896,3,3005400419
13620,358487300,37949,358525249,4,0,1,7680,18,4585554162
13621,358508520,16744,358525264,9,0,1,2560,5,5699489004
13622,358558640,3304,358561944,0,0,1,2048,6,4052158447
13623,358602111,292432,358894543,9,0,0,34304,5,6880591410
13624,358650211,264183,358914394,9,0,0,50176,5,5664583095
13625,358651920,225821,358877741,1,0,0,103936,17,1125408528
13626,358668480,177578,358846058,3,0,0,2048,6,6304202135
13627,358705750,2946,358708696,9,0,1,3072,5,9522310347
13628,358760170,1518,358761688,2,0,1,1536,10,8906444739
13629,358760560,71376,358831936,4,0,1,115200,18,137111966
13630,358808140,106277,358914417,4,0,1,159232,18,10350661559
13631,358903490,200769,359104259,7,0,0,23552,6,2019159914
13632,358916050,5802,358921852,4,0,1,6144,18,35354048
13633,358917531,179537,359097068,9,0,0,17920,5,485452186
13634,358922590,346614,359269204,7,0,0,158720,6,291796630
13635,359025811,247791,359273602,9,0,0,14336,5,6646731805
13636,359026270,2470,359028740,8,0,1,2560,3,5331441999
13637,359044610,1994,359046604,7,0,1,2048,6,7196001428
13638,359045190,147768,359192958,3,0,0,512,6,9187748093
13639,359074140,330163,359404303,4,0,0,80384,18,47459814
13640,359097591,102810,359200401,9,0,0,15872,5,5392118070
13641,359127070,147171,359274241,3,0,0,2048,6,947868869
13642,359135030,5712,359140742,4,0,1,14336,18,681968426
13643,359174730,189984,359364714,3,0,0,512,6,8959077980
13644,359203891,150184,359354075,9,0,0,43520,5,6139021668
13645,359217900,51319,359269219,4,0,1,7168,18,4024525822
13646,359253131,162193,359415324,9,0,0,9216,5,10053084002
13647,359281310,1518,359282828,7,0,1,1536,6,10670323708
13648,359291580,566,359292146,7,0,1,512,6,9922888819
13649,359295830,3422,359299252,7,0,1,3584,6,1138198554
13650,359324530,1994,359326524,4,0,1,2048,18,7541166581
13651,359355020,101816,359456836,1,0,0,34304,17,99446962
13652,359369190,2946,359372136,9,0,1,3072,5,4381257464
13653,359468260,47288,359515548,7,0,0,1536,6,2591381893
13654,359475870,252584,359728454,1,0,0,234496,17,10609023375
13655,359496180,255595,359751775,1,0,0,68608,17,10175538724
13656,359503230,6278,359509508,4,0,1,6656,18,6685790038
13657,359503250,25936,359529186,4,0,1,43008,18,2651264375
13658,359530040,229409,359759449,7,0,0,25088,6,9753224805
13659,359569770,161078,359730848,1,0,0,7168,17,347805255
13660,359583230,566,359583796,7,0,1,512,6,10336322448
13661,359641341,87300,359728641,9,0,0,512,5,3727210276
13662,359683330,114047,359797377,1,0,0,9728,17,4261555290
13663,359685240,66550,359751790,7,0,1,10752,6,9805767325
13664,359723130,68864,359791994,3,0,0,1024,6,908137906
13665,359767441,406312,360173753,9,0,0,82944,5,1746143446
13666,359788280,5712,359793992,4,0,1,14336,18,8567124279
13667,359813191,76052,359889243,9,0,0,10240,5,6498518120
13668,359833331,206190,360039521,9,0,0,65024,5,4448997128
13669,359869400,2470,359871870,7,0,1,2560,6,9436940890
13670,359985390,149465,360134855,1,0,0,79360,17,4270538963
13671,360002030,10757,360012787,7,0,1,17408,6,3084540622
13672,360008560,30976,360039536,4,0,1,31744,18,5785165311
13673,360008800,139642,360148442,7,0,0,44544,6,10660875916
13674,360049200,154830,360204030,7,0,0,6656,6,1837099092
13675,360074540,12995,360087535,8,0,1,25088,3,3984431951
13676,360125560,53002,360178562,7,0,1,5120,6,7895529224
13677,360130530,145079,360275609,3,0,0,512,6,116855403
13678,360130730,297807,360428537,7,0,0,71680,6,1072984594
13679,360166300,57804,360224104,3,0,0,1536,6,585449336
13680,360171151,177496,360348647,9,0,0,42496,5,6879275300
13681,360172531,6697,360179228,5,0,1,1024,19,3356153715
13682,360226290,3898,360230188,7,0,1,4096,6,6384790004
13683,360271030,162693,360433723,3,0,0,512,6,4646443102
13684,360278790,154762,360433552,1,0,0,16384,17,9177338398
13685,360280650,1042,360281692,7,0,1,1024,6,240623924
13686,360290840,566,360291406,7,0,1,512,6,10465753127
13687,360307990,200647,360508637,7,0,0,92160,6,5014570883
13688,360417770,18858,360436628,7,0,1,3072,6,9423821283
13689,360444500,4374,360448874,7,0,1,4608,6,9613332679
13690,360446120,155864,360601984,1,0,0,10752,17,6347203960
13691,360562781,116753,360679534,9,0,0,32256,5,4419818158
13692,360588150,7706,360595856,1,0,1,8192,17,5323154428
13693,360611670,4374,360616044,7,0,1,4608,6,6713605144
13694,360614410,141426,360755836,1,0,0,49664,17,9999312103
13695,360670600,12365,360682965,1,0,1,3584,17,1159344560
13696,360673000,10311,360683311,6,0,1,512,9,3471541180
13697,360724460,60092,360784552,3,0,0,512,6,1329188241
13698,360755380,51120,360806500,3,0,0,2560,6,5519136162
13699,360783781,106587,360890368,9,0,0,48128,5,9586962501
13700,360805360,1155,360806515,6,0,1,512,9,220228414
13701,360843210,76342,360919552,3,0,0,512,6,7416262563
13702,360848710,3387,360852097,6,0,1,9728,9,8404190216
13703,360875250,45596,360920846,3,0,0,1024,6,10688299581
13704,360879810,109402,360989212,1,0,0,24576,17,5828570009
13705,360952060,5971,360958031,0,0,1,14848,6,1360138253
13706,360964210,5802,360970012,1,0,1,6144,17,342313893
13707,360964460,56677,361021137,3,0,0,1536,6,10001101909
13708,361001500,2470,361003970,7,0,1,2560,6,10420017327
13709,361005771,188416,361194187,9,0,0,58880,5,10456747109
13710,361018420,67238,361085658,0,0,1,114176,6,7948038442
13711,361029490,83421,361112911,0,0,1,89600,6,3772602063
13712,361036700,79757,361116457,6,0,1,5632,9,5513808613
13713,361040120,81624,361121744,7,0,1,16896,6,1716289730
13714,361041860,90531,361132391,3,0,0,2560,6,7278063979
13715,361129300,122271,361251571,3,0,0,2048,6,7543880841
13716,361179531,155942,361335473,9,0,0,15872,5,5348932723
13717,361234590,566,361235156,7,0,1,512,6,7895528631
13718,361253910,3387,361257297,1,0,1,9728,17,10328242849
13719,361256361,144488,361400849,9,0,0,69120,5,1920495682
13720,361315830,170258,361486088,1,0,0,46592,17,8762820047
13721,361348550,52470,361401020,3,0,0,512,6,2031353032
13722,361355810,2946,361358756,1,0,1,3072,17,7085144394
13723,361394610,6968,361401578,1,0,1,512,17,2664408156
13724,361428920,2470,361431390,7,0,1,2560,6,5940533588
13725,361436100,10499,361446599,0,0,1,16896,6,1938879666
13726,361480680,58466,361539146,0,0,1,86528,6,10463930211
13727,361576730,117863,361694593,0,0,1,196096,6,3404215652
13728,361602690,92889,361695579,7,0,1,1536,6,6431822203
13729,361634810,203177,361837987,3,0,0,6656,6,10715012860
13730,361639690,238593,361878283,8,0,0,1024,3,9055440367
13731,361659340,261421,361920761,1,0,0,57856,17,4551257223
13732,361674650,31759,361706409,0,0,1,43520,6,1959082063
13733,361680450,78517,361758967,0,0,1,114688,6,9428825019
13734,361686090,75463,361761553,7,0,1,4096,6,5293847623
13735,361690920,75779,361766699,1,0,1,8192,17,8676234941
13736,361701000,220274,361921274,3,0,0,1536,6,3312123101
13737,361732550,54733,361787283,0,0,1,73728,6,6582624899
13738,361795980,14287,361810267,0,0,1,27648,6,2546523323
13739,361830820,176404,362007224,3,0,0,53248,6,5352078158
13740,361850980,69796,361920776,0,0,1,93184,6,10163537522
13741,361879340,41451,361920791,1,0,1,4096,17,6014187838
13742,361888660,306952,362195612,7,0,0,31232,6,2306007882
13743,361898100,276590,362174690,7,0,0,39936,6,9252474103
13744,361924990,5971,361930961,1,0,1,14848,17,1706653016
13745,361947530,214704,362162234,1,0,0,28672,17,5418901876
13746,361947980,237957,362185937,1,0,0,36864,17,1672425944
13747,361954260,1518,361955778,9,0,1,1536,5,1490396473
13748,361977090,566,361977656,6,0,1,512,9,10719402471
13749,361988890,155661,362144551,8,0,0,2048,3,194278464
13750,362008510,4850,362013360,1,0,1,5120,17,874059155
13751,362017620,3645,362021265,1,0,1,10240,17,5299368634
13752,362023360,6229,362029589,1,0,1,15360,17,2019537068
13753,362026510,5665,362032175,7,0,1,4096,6,7313948322
13754,362034760,7706,362042466,6,0,1,8192,9,8610888609
13755,362048190,2470,362050660,6,0,1,2560,9,3753288698
13756,362050771,5971,362056742,5,0,1,14848,19,5131779920
13757,362127010,4850,362131860,7,0,1,5120,6,6362216030
13758,362134480,92016,362226496,0,0,1,148992,6,4902504062
13759,362149020,78462,362227482,1,0,1,1536,17,2662097499
13760,362166930,61218,362228148,7,0,1,1024,6,4657069896
13761,362199050,30724,362229774,7,0,1,2560,6,9113649955
13762,362236180,332370,362568550,1,0,0,61952,17,216639634
13763,362263271,1518,362264789,5,0,1,1536,19,4203347230
13764,362295491,1042,362296533,5,0,1,1024,19,6629966293
13765,362305390,4162,362309552,1,0,1,11264,17,5458838144
13766,362360510,71778,362432288,8,0,0,512,3,6987373346
13767,362369970,3422,362373392,1,0,1,3584,17,7174863697
13768,362393850,4374,362398224,6,0,1,4608,9,6653711570
13769,362397920,35571,362433491,0,0,1,62464,6,7922448729
13770,362398740,45478,362444218,0,0,1,34816,6,4450218162
13771,362403920,40644,362444564,6,0,1,512,9,3651733004
13772,362423570,21558,362445128,6,0,1,10752,9,1856432159
13773,362430991,17043,362448034,5,0,1,4608,19,2113949930
13774,362460820,208690,362669510,3,0,0,17408,6,2412113608
13775,362487140,46471,362533611,0,0,1,80384,6,6381404027
13776,362491290,43806,362535096,7,0,1,15360,6,189339726
13777,362505740,29702,362535442,7,0,1,512,6,4992782934
13778,362511780,87469,362599249,0,0,1,134144,6,10432768152
13779,362547090,58675,362605765,0,0,1,23040,6,3920875889
13780,362579380,30571,362609951,6,0,1,6656,9,10288476106
13781,362584230,26387,362610617,6,0,1,1024,9,5281523364
13782,362593001,18602,362611603,5,0,1,1536,19,9152771346
13783,362606060,202388,362808448,1,0,0,45056,17,9478517048
13784,362629640,1994,362631634,6,0,1,2048,9,6116664605
13785,362671281,1994,362673275,5,0,1,2048,19,1786686534
13786,362676040,1518,362677558,1,0,1,1536,17,5458123825
13787,362680090,566,362680656,1,0,1,512,17,6123558773
13788,362754500,566,362755066,1,0,1,512,17,2451084147
13789,362790530,17933,362808463,0,0,1,15872,6,314005650
13790,362854730,4374,362859104,1,0,1,4608,17,6023413087
13791,362878120,3422,362881542,1,0,1,3584,17,4547119955
13792,362895870,5326,362901196,1,0,1,5632,17,5462247994
13793,362900320,12049,362912369,2,0,1,19968,10,554837819
13794,362931080,87361,363018441,3,0,0,6144,6,3984849218
13795,362942160,63776,363005936,7,0,0,8192,6,2874588859
13796,362950661,1042,362951703,5,0,1,1024,19,2912612169
13797,362995330,7706,363003036,1,0,1,8192,17,3995030826
13798,363048881,5326,363054207,5,0,1,5632,19,3481706703
13799,363068460,43904,363112364,8,0,0,512,3,8940572437
13800,363074590,10241,363084831,7,0,1,16384,6,3540818635
13801,363088591,1994,363090585,5,0,1,2048,19,993716045
13802,363093900,15579,363109479,0,0,1,30208,6,1875457773
13803,363126250,566,363126816,7,0,1,512,6,261695743
13804,363127920,138564,363266484,3,0,0,27648,6,6069619610
13805,363128681,203392,363332073,9,0,0,30720,5,4874269985
13806,363137051,4937,363141988,5,0,1,12800,19,2315541726
13807,363180190,43904,363224094,8,0,0,512,3,9051581306
13808,363202670,566,363203236,9,0,1,512,5,2856338577
13809,363213910,1994,363215904,7,0,1,2048,6,10352735630
13810,363214630,1940,363216570,6,0,1,1024,9,6546583975
13811,363227890,159197,363387087,3,0,0,28672,6,5913097525
13812,363233221,2470,363235691,5,0,1,2560,19,7171171827
13813,363243641,155174,363398815,9,0,0,15872,5,8728465544
13814,363244290,1042,363245332,1,0,1,1024,17,1991729514
13815,363244550,65350,363309900,8,0,0,1536,3,4703388259
13816,363255980,10519,363266499,6,0,1,7168,9,4647403513
13817,363267150,131836,363398986,8,0,0,512,3,16643969
13818,363273460,247436,363520896,7,0,0,7680,6,10257235694
13819,363274550,434334,363708884,1,0,0,71680,17,9425822098
13820,363275120,3422,363278542,1,0,1,3584,17,8857710327
13821,363279930,153983,363433913,3,0,0,16896,6,1868612038
13822,363293750,208290,363502040,1,0,0,23552,17,1472691856
13823,363326310,79863,363406173,0,0,1,120832,6,3068087219
13824,363329770,92878,363422648,0,0,1,54272,6,9895251126
13825,363401340,26493,363427833,0,0,1,24576,6,5005188759
13826,363418850,15086,363433936,7,0,1,5632,6,7535634999
13827,363429590,40661,363470251,0,0,1,64000,6,9700288426
13828,363454670,184397,363639067,7,0,0,6656,6,9125031217
13829,363468540,4617,363473157,2,0,1,4608,10,1720726661
13830,363532080,4162,363536242,7,0,1,11264,6,5781359824
13831,363554711,6754,363561465,5,0,1,7168,19,514191869
13832,363559630,231604,363791234,3,0,0,93184,6,9468045927
13833,363562680,289694,363852374,3,0,0,11776,6,2407262471
13834,363583371,566,363583937,5,0,1,512,19,323387980
13835,363588370,159214,363747584,3,0,0,11776,6,3699328772
13836,363632810,359567,363992377,1,0,0,90112,17,9095691974
13837,363655480,3128,363658608,2,0,1,9216,10,131451478
13838,363661710,222070,363883780,3,0,0,512,6,7032865689
13839,363667380,50999,363718379,0,0,1,82432,6,175712077
13840,363683780,35585,363719365,6,0,1,1536,9,1881298593
13841,363685691,135308,363820999,9,0,0,24576,5,2306227302
13842,363751450,189564,363941014,7,0,0,46080,6,2505012625
13843,363783770,298258,364082028,1,0,0,49664,17,9183390217
13844,363808600,81948,363890548,3,0,0,2560,6,5559099139
13845,363819760,289286,364109046,3,0,0,83968,6,6596773506
13846,363822481,3387,363825868,5,0,1,9728,19,5291600086
13847,363837520,3128,363840648,6,0,1,9216,9,4257679389
13848,363887681,256049,364143730,9,0,0,89088,5,1538946402
13849,363897471,185976,364083447,9,0,0,4608,5,5381286422
13850,363922870,3422,363926292,6,0,1,3584,9,645436855
13851,363924110,16919,363941029,6,0,1,6144,9,7705013144
13852,363926380,242949,364169329,7,0,0,83968,6,2614080973
13853,363940590,242638,364183228,3,0,0,45568,6,7999777856
13854,363953270,1042,363954312,2,0,1,1024,10,1906598795
13855,363969560,24369,363993929,7,0,1,1536,6,2435301719
13856,363975830,21423,363997253,8,0,1,4608,3,1693977596
13857,363988680,10199,363998879,1,0,1,2560,17,147585884
13858,364010820,235893,364246713,3,0,0,40960,6,3663832552
13859,364022940,161114,364184054,8,0,0,2048,3,3659312725
13860,364045460,137947,364183407,8,0,0,512,3,255958259
13861,364086290,26694,364112984,7,0,1,10752,6,4911359822
13862,364088440,95965,364184405,7,0,0,1024,6,9677026463
13863,364106650,8834,364115484,6,0,1,9216,9,9349749391
13864,364113230,88999,364202229,3,0,0,20992,6,7212456461
13865,364151110,402748,364553858,3,0,0,48640,6,2634299284
13866,364164370,21687,364186057,7,0,1,2048,6,7924158945
13867,364171150,57173,364228323,0,0,1,74752,6,4035668065
13868,364182191,50638,364232829,5,0,1,7168,19,10107168825
13869,364194230,161249,364355479,0,0,1,237056,6,145667286
13870,364202830,156835,364359665,7,0,1,6656,6,9684153922
13871,364262930,99641,364362571,2,0,1,4608,10,5595947695
13872,364306910,273099,364580009,3,0,0,19456,6,9345751772
13873,364347870,17607,364365477,4,0,1,4608,18,7235282101
13874,364354830,307154,364661984,1,0,0,104960,17,3555725727
13875,364365660,249580,364615240,3,0,0,1024,6,10081843393
13876,364376841,1042,364377883,5,0,1,1024,19,1220571155
13877,364407250,3422,364410672,2,0,1,3584,10,10481464772
13878,364423350,353396,364776746,7,0,0,162816,6,8726158797
13879,364441420,88285,364529705,1,0,0,2048,17,10013391999
13880,364473920,3898,364477818,2,0,1,4096,10,1087309673
13881,364478111,2470,364480581,5,0,1,2560,19,7768461372
13882,364498780,1042,364499822,6,0,1,1024,9,3050238844
13883,364585600,3422,364589022,2,0,1,3584,10,3172503941
13884,364594130,2946,364597076,6,0,1,3072,9,9991269889
13885,364621681,2470,364624151,5,0,1,2560,19,9736012749
13886,364623430,1707,364625137,6,0,1,1536,9,2538790324
13887,364644030,23272,364667302,2,0,1,5632,10,10242341214
13888,364674630,134425,364809055,8,0,0,512,3,4943662119
13889,364684771,6754,364691525,5,0,1,7168,19,8936777674
13890,364689700,107025,364796725,1,0,0,31744,17,9671150360
13891,364722560,88031,364810591,8,0,0,512,3,3673863208
13892,364753370,27055,364780425,0,0,1,10240,6,3696367506
13893,364766930,19724,364786654,6,0,1,7168,9,9284839146
13894,364771150,25590,364796740,1,0,1,3584,17,1638713539
13895,364791561,171795,364963356,9,0,0,18432,5,5024095704
13896,364798450,214396,365012846,7,0,0,53248,6,2654449580
13897,364816010,116260,364932270,7,0,0,13312,6,9516084667
13898,364845840,2470,364848310,6,0,1,2560,9,2035942027
13899,364853300,182770,365036070,1,0,0,24064,17,158211665
13900,364880340,47288,364927628,1,0,0,1536,17,4063876853
13901,364895781,246376,365142157,9,0,0,27136,5,8776035646
13902,364954281,9090,364963371,5,0,1,15872,19,3551566507
13903,364966460,46401,365012861,0,0,1,52224,6,3401511965
13904,365052560,121798,365174358,7,0,0,24576,6,9986315944
13905,365070800,54270,365125070,0,0,1,92160,6,4388501686
13906,365075731,51285,365127016,5,0,1,3072,19,4874793701
13907,365076401,51281,365127682,5,0,1,1024,19,4481270746
13908,365083460,102972,365186432,8,0,0,1024,3,3363840681
13909,365086081,142436,365228517,9,0,0,3584,5,28857807
13910,365096161,83360,365179521,9,0,0,16896,5,2629196335
13911,365103380,182071,365285451,8,0,0,1024,3,508326737
13912,365123601,6027,365129628,5,0,1,3072,19,990566785
13913,365138060,7511,365145571,1,0,1,3584,17,4889555282
13914,365155340,163282,365318622,3,0,0,104960,6,3949154557
13915,365157240,165254,365322494,8,0,0,1024,3,7201182714
13916,365310060,11424,365321484,0,0,1,8704,6,10345015750
13917,365326801,566,365327367,5,0,1,512,19,10166785481
13918,365344060,2470,365346530,8,0,1,2560,3,2877050507
13919,365363850,46868,365410718,8,0,0,1536,3,6240637179
13920,365363950,54056,365418006,3,0,0,3584,6,1399455827
13921,365390750,52291,365443041,0,0,1,84992,6,6268649307
13922,365401760,60539,365462299,8,0,0,1024,3,1122046006
13923,365410390,35237,365445627,8,0,1,4096,3,5440338211
13924,365431800,19524,365451324,0,0,1,18944,6,3850542135
13925,365489020,205100,365694120,3,0,0,211968,6,219126101
13926,365497060,242595,365739655,7,0,0,65536,6,6212876061
13927,365502300,2470,365504770,1,0,1,2560,17,9797055846
13928,365537160,373348,365910508,3,0,0,60928,6,1958102434
13929,365592151,299778,365891929,9,0,0,88064,5,1544338763
13930,365638500,272811,365911311,8,0,0,2560,3,7583472884
13931,365654860,187209,365842069,1,0,0,38400,17,1995100196
13932,365663030,45719,365708749,0,0,1,28160,6,8480658630
13933,365686290,267175,365953465,7,0,0,22016,6,8850847164
13934,365687000,28867,365715867,8,0,1,22016,3,154003098
13935,365695410,23043,365718453,8,0,1,4096,3,3534111662
13936,365706610,311307,366017917,1,0,0,26624,17,891991008
13937,365731300,14149,365745449,8,0,1,6144,3,10335772892
13938,365761690,6488,365768178,1,0,1,15872,17,5774594593
13939,365810510,210230,366020740,3,0,0,9216,6,1518705693
13940,365829631,117096,365946727,9,0,0,39936,5,6024040481
13941,365879110,37356,365916466,0,0,1,13312,6,6350648021
13942,365919370,27372,365946742,0,0,1,33280,6,3647401322
13943,365979841,244068,366223909,9,0,0,103936,5,10508835178
13944,366019280,4398,366023678,1,0,1,3072,17,1574800299
13945,366048440,224824,366273264,8,0,0,512,3,9815581686
13946,366062431,105050,366167481,9,0,0,12800,5,1019337415
13947,366080810,5326,366086136,1,0,1,5632,17,9546664522
13948,366095100,90483,366185583,8,0,0,512,3,10077793751
13949,366128290,4420,366132710,1,0,1,11776,17,8773363307
13950,366163160,109933,366273093,8,0,0,512,3,700421248
13951,366174750,125708,366300458,1,0,0,24064,17,10728455692
13952,366209821,18759,366228580,5,0,1,12288,19,6846017719
13953,366225221,4345,366229566,5,0,1,1536,19,10177573391
13954,366254301,137933,366392234,9,0,0,25600,5,471983094
13955,366273521,3422,366276943,5,0,1,3584,19,6075274356
13956,366276380,48980,366325360,3,0,0,2048,6,8899881071
13957,366279291,5802,366285093,5,0,1,6144,19,5051883714
13958,366306880,189460,366496340,7,0,0,43520,6,6447803110
13959,366332630,109518,366442148,1,0,0,16896,17,9170771721
13960,366396290,566,366396856,9,0,1,512,5,9773041232
13961,366418021,99980,366518001,9,0,0,4608,5,4115875804
13962,366422161,215690,366637851,9,0,0,169984,5,10152449436
13963,366447090,129146,366576236,8,0,0,1024,3,6336114444
13964,366468970,2870,366471840,1,0,1,8704,17,2732304030
13965,366484720,12654,366497374,1,0,1,1024,17,1827136827
13966,366504690,175608,366680298,7,0,0,75264,6,6828800580
13967,366519351,48980,366568331,9,0,0,2048,5,3581316992
13968,366531951,4850,366536801,5,0,1,5120,19,7908120337
13969,366544820,1994,366546814,1,0,1,2048,17,2099475436
13970,366554000,4937,366558937,1,0,1,12800,17,1826048808
13971,366562721,1518,366564239,5,0,1,1536,19,277890856
13972,366586130,104023,366690153,8,0,0,512,3,7797520385
13973,366598051,107174,366705225,9,0,0,4608,5,6926159683
13974,366682860,4374,366687234,9,0,1,4608,5,3545444544
13975,366697990,5712,366703702,1,0,1,14336,17,2687482028
13976,366698880,62940,366761820,8,0,0,1024,3,1551266870
13977,366704370,7335,366711705,0,0,1,15872,6,8947678763
13978,366717590,5802,366723392,9,0,1,6144,5,9187612625
13979,366755030,12566,366767596,0,0,1,20992,6,5886899723
13980,366775920,265691,367041611,1,0,0,64512,17,450403356
13981,366777070,59349,366836419,8,0,0,512,3,10220431879
13982,366788070,35571,366823641,0,0,1,62464,6,453379580
13983,366808980,127867,366936847,1,0,0,27648,17,7147908164
13984,366824940,194101,367019041,7,0,0,24064,6,1916609315
13985,366830771,160466,366991237,9,0,0,23552,5,8342578753
13986,366898140,61022,366959162,8,0,0,512,3,10287545048
13987,366971660,5802,366977462,9,0,1,6144,5,5661794287
13988,366987490,9065,366996555,9,0,1,5632,5,8826496731
13989,367015380,5647,367021027,1,0,1,2048,17,10548022953
13990,367058571,2470,367061041,5,0,1,2560,19,6527938094
13991,367110130,12825,367122955,0,0,1,21504,6,1683520558
13992,367155730,119600,367275330,1,0,0,92672,17,9265705415
13993,367182110,159148,367341258,7,0,0,19456,6,2189088215
13994,367191550,168854,367360404,8,0,0,512,3,1227021514
13995,367193540,130504,367324044,1,0,0,24576,17,10008735282
13996,367223660,4374,367228034,1,0,1,4608,17,911531094
13997,367236390,135858,367372248,7,0,0,4096,6,2092462409
13998,367245480,29865,367275345,1,0,1,3584,17,7326027180
13999,367265611,21517,367287128,5,0,1,19456,19,2351287656
14000,367292881,1994,367294875,5,0,1,2048,19,5959077280
14001,367296340,566,367296906,0,0,1,512,6,728084110
14002,367346320,155958,367502278,1,0,0,20480,17,8009954423
14003,367372330,215322,367587652,7,0,0,72704,6,8290279535
14004,367406171,3422,367409593,5,0,1,3584,19,9721601518
14005,367437260,83775,367521035,1,0,0,5632,17,6168737595
14006,367441430,1994,367443424,9,0,1,2048,5,1843449077
14007,367463940,238766,367702706,3,0,0,48128,6,9809874650
14008,367466921,3904,367470825,5,0,1,10752,19,7884766750
14009,367468070,7372,367475442,8,0,1,13312,3,2267358817
14010,367485721,321199,367806920,9,0,0,120320,5,9780638491
14011,367493350,8943,367502293,1,0,1,8192,17,4919874900
14012,367506400,170277,367676677,1,0,0,43008,17,8850660540
14013,367521200,118306,367639506,7,0,0,21504,6,3100499305
14014,367527650,62153,367589803,1,0,0,512,17,10487434481
14015,367575310,239604,367814914,1,0,0,26112,17,7511628837
14016,367594801,11016,367605817,5,0,1,17920,19,8122309967
14017,367620770,137339,367758109,8,0,0,512,3,4480833790
14018,367629580,2946,367632526,9,0,1,3072,5,4916346639
14019,367641131,10499,367651630,5,0,1,16896,19,8340786095
14020,367647420,75462,367722882,8,0,0,512,3,2574193030
14021,367745260,61675,367806935,0,0,1,59392,6,8087246375
14022,367793800,60415,367854215,8,0,0,1536,3,10595429094
14023,367808830,74021,367882851,8,0,0,512,3,2097382516
14024,367822410,10757,367833167,9,0,1,17408,5,9261864842
14025,367837691,3898,367841589,5,0,1,4096,19,1748749070
14026,367863820,161590,368025410,8,0,0,512,3,5097245662
14027,367874061,186839,368060900,9,0,0,58880,5,2415708144
14028,367889850,2470,367892320,7,0,1,2560,6,8046995999
14029,367918800,4850,367923650,3,0,1,5120,6,9610772458
14030,367944591,5802,367950393,5,0,1,6144,19,8175348544
14031,367977771,196986,368174757,9,0,0,37376,5,6045941930
14032,368061090,92932,368154022,3,0,0,19968,6,3238518148
14033,368073910,5454,368079364,9,0,1,13824,5,4783324843
14034,368086240,168351,368254591,1,0,0,20480,17,9026137246
14035,368105970,198935,368304905,7,0,0,8192,6,7714044432
14036,368107040,13083,368120123,0,0,1,22016,6,4305420516
14037,368118080,104833,368222913,1,0,0,6656,17,8369719353
14038,368195620,97760,368293380,7,0,0,20992,6,3362434678
14039,368224870,5802,368230672,6,0,1,6144,9,2862911623
14040,368237791,7230,368245021,5,0,1,7680,19,3445490290
14041,368269920,67592,368337512,1,0,0,7680,17,10223185223
14042,368334230,566,368334796,9,0,1,512,5,10071579693
14043,368396710,2470,368399180,9,0,1,2560,5,3194245038
14044,368455741,2470,368458211,5,0,1,2560,19,6222242739
14045,368497780,75201,368572981,8,0,0,1024,3,5579090358
14046,368511180,45596,368556776,1,0,0,1024,17,7519705105
14047,368519960,54012,368573972,0,0,1,91648,6,3339610588
14048,368591550,71605,368663155,8,0,0,512,3,7117067102
14049,368616710,90783,368707493,1,0,0,1024,17,9376843937
14050,368625330,15062,368640392,0,0,1,29184,6,9479377821
14051,368649590,178213,368827803,1,0,0,1024,17,3517853872
14052,368653751,6754,368660505,5,0,1,7168,19,3937277095
14053,368692840,5196,368698036,7,0,1,13312,6,2260776892
14054,368715011,3645,368718656,5,0,1,10240,19,2805643475
14055,368740370,7230,368747600,9,0,1,7680,5,7494862829
14056,368742120,154418,368896538,8,0,0,512,3,1333730443
14057,368742590,50644,368793234,8,0,0,2048,3,10496705057
14058,368767160,113189,368880349,1,0,0,3072,17,3342994364
14059,368858000,45596,368903596,1,0,0,1024,17,699022619
14060,368865180,79132,368944312,1,0,0,512,17,8054082495
14061,368880440,104000,368984440,4,0,0,41472,18,3751826811
14062,368941940,98852,369040792,7,0,0,24576,6,1935743996
14063,368946030,94933,369040963,8,0,0,512,3,10216124438
14064,368993950,15062,369009012,0,0,1,29184,6,1469576008
14065,369005590,48980,369054570,1,0,0,2048,17,2568191386
14066,369009800,180185,369189985,1,0,0,512,17,10653273216
14067,369016021,1518,369017539,5,0,1,1536,19,7053446797
14068,369048571,2946,369051517,5,0,1,3072,19,9753856539
14069,369077610,139552,369217162,8,0,0,512,3,6128845832
14070,369080600,3904,369084504,0,0,1,10752,6,4861763082
14071,369104390,22862,369127252,0,0,1,40960,6,5652608592
14072,369129050,76775,369205825,8,0,0,512,3,8938309939
14073,369180450,26479,369206929,0,0,1,48128,6,7511827657
14074,369190020,50747,369240767,1,0,0,1024,17,671806895
14075,369202410,180532,369382942,7,0,0,60928,6,8483141732
14076,369250940,1042,369251982,8,0,1,1024,3,9552528401
14077,369251530,219263,369470793,7,0,0,42496,6,7766752558
14078,369254740,80473,369335213,1,0,0,512,17,8514340950
14079,369260831,103532,369364363,9,0,0,39936,5,5365486063
14080,369322190,566,369322756,8,0,1,512,3,7615726963
14081,369385260,6229,369391489,8,0,1,15360,3,5703989473
14082,369386870,118552,369505422,8,0,0,4096,3,4250848914
14083,369396640,195713,369592353,3,0,0,5632,6,4619288325
14084,369414400,15321,369429721,0,0,1,29696,6,2654130402
14085,369435850,154772,369590622,7,0,0,64000,6,7767157908
14086,369443860,566,369444426,9,0,1,512,5,10182321648
14087,369488490,13083,369501573,0,0,1,22016,6,9473273830
14088,369503260,106299,369609559,3,0,0,9728,6,7399819944
14089,369514450,136742,369651192,7,0,0,34816,6,8722976967
14090,369516360,4937,369521297,8,0,1,12800,3,3089128330
14091,369547680,566,369548246,0,0,1,512,6,10591608004
14092,369597640,126574,369724214,3,0,0,32768,6,4193045261
14093,369602070,52033,369654103,0,0,1,84480,6,6511211543
14094,369653830,119887,369773717,7,0,0,15360,6,3607053228
14095,369666500,119245,369785745,8,0,0,512,3,3642692731
14096,369679090,47288,369726378,1,0,0,1536,17,3561107402
14097,369702290,21939,369724229,8,0,1,29696,3,4022150239
14098,369747170,128613,369875783,1,0,0,1024,17,9635675150
14099,369789120,23466,369812586,0,0,1,38912,6,9697407481
14100,369791631,21301,369812932,5,0,1,512,19,668345486
14101,369829700,4420,369834120,9,0,1,11776,5,7467562639
14102,369842080,282677,370124757,3,0,0,160256,6,92542476
14103,369890440,25187,369915627,0,0,1,45568,6,210218968
14104,369938571,243049,370181620,9,0,0,16896,5,3905176782
14105,369941960,96338,370038298,8,0,0,512,3,8784228987
14106,369961270,53066,370014336,0,0,1,86528,6,3801059035
14107,369973270,209301,370182571,1,0,0,3072,17,10644492164
14108,369983610,177022,370160632,7,0,0,28672,6,8498111164
14109,369985730,265591,370251321,1,0,0,1536,17,10156018516
14110,370069530,1518,370071048,8,0,1,1536,3,10142160741
14111,370134571,101036,370235607,9,0,0,31744,5,10358631455
14112,370138780,61541,370200321,1,0,0,512,17,9500188439
14113,370203520,43904,370247424,7,0,0,512,6,9740245003
14114,370215870,43904,370259774,1,0,0,512,17,3501744665
14115,370232770,126329,370359099,3,0,0,105472,6,5085559066
14116,370258210,101060,370359270,8,0,0,512,3,8681153012
14117,370300010,75721,370375731,7,0,0,1536,6,1110897682
14118,370314540,61674,370376214,7,0,0,1536,6,1414754007
14119,370354801,10263,370365064,5,0,1,6144,19,1610917991
14120,370376260,45596,370421856,8,0,0,1024,3,7059314324
14121,370383491,5326,370388817,5,0,1,5632,19,1346511050
14122,370472911,566,370473477,5,0,1,512,19,1040702184
14123,370473130,74403,370547533,7,0,0,1536,6,1382262814
14124,370510830,79436,370590266,3,0,0,11264,6,10394022717
14125,370530460,43904,370574364,8,0,0,512,3,1776874263
14126,370538831,165368,370704199,9,0,0,109056,5,2836446025
14127,370545331,163103,370708434,9,0,0,13824,5,1351695822
14128,370555960,4850,370560810,8,0,1,5120,3,733117014
14129,370561360,3898,370565258,2,0,1,4096,10,4470149294
14130,370564970,151330,370716300,3,0,0,20480,6,1542377719
14131,370576950,131655,370708605,1,0,0,512,17,3317514830
14132,370594761,5326,370600087,5,0,1,5632,19,954599019
14133,370626950,213358,370840308,1,0,0,35328,17,6834004324
14134,370655690,53086,370708776,7,0,0,512,6,5154362978
14135,370665930,107256,370773186,3,0,0,24576,6,9785821155
14136,370677090,71005,370748095,7,0,0,512,6,428434485
14137,370742861,4679,370747540,5,0,1,12288,19,7749916626
14138,370758321,5326,370763647,5,0,1,5632,19,270003740
14139,370955350,2470,370957820,8,0,1,2560,3,2032276003
14140,371031720,45596,371077316,7,0,0,1024,6,5734219630
14141,371136240,43904,371180144,8,0,0,512,3,8869193463
14142,371144780,84512,371229292,1,0,0,12800,17,5390191233
14143,371170420,88662,371259082,1,0,0,3584,17,2093761924
14144,371195360,78956,371274316,7,0,0,2048,6,9009710335
14145,371324830,2470,371327300,8,0,1,2560,3,3342391833
14146,371327480,66524,371394004,1,0,0,9216,17,2314249521
14147,371327690,43904,371371594,3,0,0,512,6,9810821341
14148,371381000,55736,371436736,3,0,0,1024,6,4658170878
14149,371383781,566,371384347,5,0,1,512,19,4860991666
14150,371428170,82149,371510319,0,0,1,133120,6,3985579072
14151,371449470,61413,371510883,8,0,1,10752,3,6554446203
14152,371502060,85169,371587229,8,0,0,1024,3,4702587993
14153,371517220,78001,371595221,3,0,0,2048,6,8448948991
14154,371520560,68517,371589077,7,0,0,2048,6,2583123464
14155,371578391,190660,371769051,9,0,0,16384,5,9045572836
14156,371610131,290591,371900722,9,0,0,117248,5,6427424876
14157,371613281,92972,371706253,9,0,0,15360,5,684510688
14158,371640030,143791,371783821,8,0,0,512,3,4267993123
14159,371669760,231133,371900893,7,0,0,512,6,7215127591
14160,371679660,77031,371756691,7,0,0,1024,6,4861777268
14161,371683110,4850,371687960,0,0,1,5120,6,6135511987
14162,371760630,104353,371864983,1,0,0,38912,17,8485858311
14163,371793330,107905,371901235,3,0,0,1024,6,3219934734
14164,371852490,48418,371900908,8,0,1,3584,3,6638436236
14165,371900450,44681,371945131,8,0,0,512,3,9128059219
14166,371924311,4162,371928473,5,0,1,11264,19,3724004596
14167,371960610,150148,372110758,7,0,0,512,6,872416752
14168,371962860,3898,371966758,8,0,1,4096,3,5717303591
14169,372004341,13083,372017424,5,0,1,22016,19,4516146408
14170,372008871,113857,372122728,9,0,0,9728,5,8596477497
14171,372009860,9830,372019690,9,0,1,3584,5,7528892925
14172,372017121,5475,372022596,5,0,1,4608,19,6867899942
14173,372020560,43904,372064464,3,0,0,512,6,5276929973
14174,372031130,97556,372128686,1,0,0,19456,17,3501601630
14175,372057791,146921,372204712,9,0,0,80896,5,8237441434
14176,372110570,188276,372298846,1,0,0,105472,17,7856326776
14177,372116681,6062,372122743,5,0,1,3584,19,7836868192
14178,372123511,10493,372134004,5,0,1,5632,19,7293181297
14179,372133690,119064,372252754,8,0,0,512,3,5507298952
14180,372171090,176351,372347441,8,0,0,512,3,2460622595
14181,372193951,454615,372648566,9,0,0,209408,5,3772455479
14182,372195060,292004,372487064,1,0,0,18432,17,7812186335
14183,372198381,386366,372584747,9,0,0,122880,5,940819659
14184,372218991,215629,372434620,9,0,0,161792,5,5947518398
14185,372274571,206862,372481433,9,0,0,11776,5,6017410882
14186,372276501,26260,372302761,5,0,1,4096,19,1428853150
14187,372299931,369889,372669820,9,0,0,51200,5,6304007938
14188,372353810,1042,372354852,3,0,1,1024,6,6017921119
14189,372354390,102399,372456789,0,0,1,165888,6,4269471032
14190,372362100,292105,372654205,1,0,0,18432,17,8591086974
14191,372387340,325664,372713004,1,0,0,31232,17,6859249817
14192,372415440,254731,372670171,8,0,0,1024,3,4578891504
14193,372421770,35685,372457455,2,0,1,1024,10,1456486680
14194,372447810,222704,372670514,1,0,0,1024,17,3368298361
14195,372489220,224423,372713643,1,0,0,2048,17,7741265718
14196,372529471,272488,372801959,9,0,0,48128,5,9481345128
14197,372545641,266785,372812426,9,0,0,34304,5,2206479237
14198,372576380,149337,372725717,0,0,1,94720,6,7794689526
14199,372605940,126498,372732438,0,0,1,32256,6,8929322342
14200,372619960,145487,372765447,0,0,1,96768,6,4131954794
14201,372623640,141786,372765426,7,0,0,512,6,9201772413
14202,372627430,101901,372729331,1,0,0,4096,17,9406915909
14203,372696450,246267,372942717,8,0,0,1536,3,5870602518
14204,372700450,86093,372786543,0,0,1,76288,6,4445955927
14205,372729840,82601,372812441,0,0,1,58368,6,8633651142
14206,372756800,298722,373055522,7,0,0,2048,6,3793787971
14207,372781750,30706,372812456,1,0,1,6144,17,6019656278
14208,372819910,1042,372820952,7,0,1,1024,6,1852709192
14209,372820710,1042,372821752,7,0,1,1024,6,4578824761
14210,372861720,1994,372863714,7,0,1,2048,6,7422001494
14211,372865680,1518,372867198,1,0,1,1536,17,89372160
14212,372887310,3422,372890732,3,0,1,3584,6,5735786732
14213,372894530,62421,372956951,3,0,0,512,6,5464832831
14214,372916170,159213,373075383,8,0,0,512,3,781082723
14215,372932990,49842,372982832,3,0,0,1536,6,3679425891
14216,372937890,70976,373008866,1,0,0,8704,17,10296007839
14217,372962770,148413,373111183,7,0,0,512,6,879909007
14218,372997141,6278,373003419,5,0,1,6656,19,1137005659
14219,373059080,566,373059646,3,0,1,512,6,6988247673
14220,373080520,6278,373086798,1,0,1,6656,17,4285795666
14221,373113110,7706,373120816,7,0,1,8192,6,7206501560
14222,373115521,5641,373121162,5,0,1,512,19,1062444664
14223,373116830,79374,373196204,3,0,0,512,6,1989670016
14224,373128470,133150,373261620,3,0,0,512,6,2756637562
14225,373172320,43904,373216224,8,0,0,512,3,7151196230
14226,373187210,136132,373323342,1,0,0,20480,17,9984382539
14227,373210440,22174,373232614,0,0,1,36352,6,1957599832
14228,373212830,20245,373233075,7,0,1,10240,6,10549704575
14229,373216221,18480,373234701,5,0,1,2560,19,5086233845
14230,373224440,116356,373340796,3,0,0,1024,6,8532700775
14231,373242970,45596,373288566,3,0,0,1024,6,5297132209
14232,373278730,5971,373284701,7,0,1,14848,6,7576361254
14233,373287560,24670,373312230,0,0,1,44544,6,1319295642
14234,373303920,93049,373396969,0,0,1,151040,6,9754967032
14235,373355080,190862,373545942,7,0,0,1024,6,8081735833
14236,373359830,137968,373497798,3,0,0,1536,6,2187516699
14237,373363200,290446,373653646,1,0,0,53760,17,6361808364
14238,373392380,209270,373601650,1,0,0,4096,17,3150364485
14239,373394940,105573,373500513,8,0,0,1024,3,9058820059
14240,373407070,4679,373411749,0,0,1,12288,6,939153197
14241,373450490,72070,373522560,8,0,0,1024,3,6934710916
14242,373452610,1042,373453652,1,0,1,1024,17,4644875607
14243,373467830,23725,373491555,0,0,1,39424,6,7265218318
14244,373498110,3387,373501497,1,0,1,9728,17,5518486854
14245,373539310,3898,373543208,1,0,1,4096,17,2193250834
14246,373546390,3645,373550035,7,0,1,10240,6,10088651093
14247,373600930,53043,373653973,7,0,0,1024,6,1986728366
14248,373602800,14117,373616917,1,0,1,24064,17,8782360426
14249,373623450,170154,373793604,1,0,0,7168,17,1659414307
14250,373690670,5326,373695996,7,0,1,5632,6,1261003042
14251,373721300,50308,373771608,3,0,0,512,6,7789555718
14252,373732641,99164,373831805,9,0,0,25600,5,373288052
14253,373765380,105618,373870998,1,0,0,28160,17,8358856378
14254,373790550,3069,373793619,7,0,1,3072,6,6716894385
14255,373842190,4420,373846610,4,0,1,11776,18,2069136059
14256,373864920,82978,373947898,7,0,0,1536,6,3020994370
14257,373873130,1042,373874172,3,0,1,1024,6,3746362583
14258,373882970,566,373883536,3,0,1,512,6,8483397524
14259,373884200,70976,373955176,1,0,0,8704,17,7940514337
14260,373945430,566,373945996,6,0,1,512,9,9099430546
14261,373976780,3422,373980202,0,0,1,3584,6,10281973675
14262,373982260,114211,374096471,7,0,0,2048,6,1823182479
14263,374025130,1042,374026172,3,0,1,1024,6,975685422
14264,374036410,1042,374037452,3,0,1,1024,6,4398841381
14265,374040540,45063,374085603,3,0,0,512,6,9069812018
14266,374085070,7706,374092776,7,0,1,8192,6,9208890587
14267,374095340,4374,374099714,1,0,1,4608,17,10158047717
14268,374148170,1518,374149688,1,0,1,1536,17,5176416708
14269,374158950,566,374159516,1,0,1,512,17,7474801857
14270,374159850,3387,374163237,6,0,1,9728,9,6765389705
14271,374164670,48980,374213650,7,0,0,2048,6,3684342016
14272,374178300,101624,374279924,0,0,1,164352,6,9829216493
14273,374242140,64013,374306153,0,0,1,84480,6,2989043057
14274,374243990,62727,374306717,7,0,1,10752,6,4651822112
14275,374264260,46323,374310583,3,0,1,6144,6,5566057030
14276,374266550,229994,374496544,7,0,0,1536,6,8750908935
14277,374291870,19174,374311044,7,0,1,10240,6,1808232809
14278,374299890,16646,374316536,1,0,1,17920,17,9431839320
14279,374302200,14682,374316882,6,0,1,512,9,5831831575
14280,374302880,26329,374329209,0,0,1,42496,6,1849856907
14281,374446540,1518,374448058,7,0,1,1536,6,5718173253
14282,374447860,1518,374449378,1,0,1,1536,17,2180337180
14283,374455330,45596,374500926,8,0,0,1024,3,6479598545
14284,374456380,4937,374461317,4,0,1,12800,18,7938650700
14285,374473570,4420,374477990,3,0,1,11776,6,10621300256
14286,374488160,33850,374522010,4,0,1,55808,18,553509503
14287,374501340,57842,374559182,7,0,0,1024,6,1403783440
14288,374523230,5454,374528684,7,0,1,13824,6,9251537924
14289,374524490,73992,374598482,4,0,1,114688,18,2883015537
14290,374620330,168879,374789209,3,0,0,2048,6,5661584844
14291,374622440,85407,374707847,8,0,0,1536,3,8464157231
14292,374664520,5326,374669846,1,0,1,5632,17,580236837
14293,374683510,97388,374780898,7,0,0,2048,6,2819718178
14294,374686260,159965,374846225,7,0,0,512,6,5283597616
14295,374687100,3422,374690522,6,0,1,3584,9,669862083
14296,374688820,6278,374695098,7,0,1,6656,6,7478545903
14297,374750590,3898,374754488,2,0,1,4096,10,10490087041
14298,374752500,2974,374755474,6,0,1,1536,9,10556554206
14299,374762000,74261,374836261,3,0,0,512,6,2182334536
14300,374768570,13341,374781911,4,0,1,22528,18,6628143145
14301,374775660,7237,374782897,4,0,1,1536,18,7015414041
14302,374780420,13036,374793456,0,0,1,20992,6,8901708996
14303,374791550,48980,374840530,8,0,0,2048,3,877223042
14304,374796991,3645,374800636,5,0,1,10240,19,1472956941
14305,374811291,190621,375001912,9,0,0,65024,5,9359319603
14306,374814890,7706,374822596,1,0,1,8192,17,8943795729
14307,374822930,32987,374855917,0,0,1,57344,6,7911017281
14308,374831410,40162,374871572,4,0,1,50176,18,8227031143
14309,374847250,24668,374871918,3,0,1,512,6,4055298921
14310,374896980,2470,374899450,3,0,1,2560,6,2084770575
14311,374912150,117953,375030103,7,0,0,1536,6,4892004520
14312,374926980,1518,374928498,1,0,1,1536,17,1832374470
14313,374943711,351554,375295265,9,0,0,51712,5,7596853147
14314,374963250,10241,374973491,4,0,1,16384,18,9331330864
14315,374971950,6754,374978704,7,0,1,7168,6,7824356832
14316,374972710,7940,374980650,2,0,1,3072,10,3915373051
14317,374986980,143116,375130096,8,0,0,2048,3,8845263061
14318,374987281,16166,375003447,5,0,1,1536,19,2815917683
14319,375069410,53556,375122966,8,0,0,512,3,209131139
14320,375076370,158256,375234626,7,0,0,1024,6,6550400764
14321,375089341,11533,375100874,5,0,1,18944,19,6706982885
14322,375090190,12630,375102820,3,0,1,3072,6,10107410303
14323,375125060,3422,375128482,1,0,1,3584,17,2013519590
14324,375154160,3422,375157582,1,0,1,3584,17,9560854162
14325,375173150,1994,375175144,6,0,1,2048,9,8001865376
14326,375175141,3645,375178786,5,0,1,10240,19,1720024945
14327,375192190,5326,375197516,0,0,1,5632,6,9754895287
14328,375210720,125423,375336143,3,0,0,1024,6,6018348670
14329,375240480,2470,375242950,1,0,1,2560,17,191341132
14330,375269460,6278,375275738,1,0,1,6656,17,3929802971
14331,375306580,144851,375451431,3,0,0,512,6,3203011341
14332,375373530,566,375374096,6,0,1,512,9,7245397786
14333,375375981,121162,375497143,9,0,0,33792,5,3477839695
14334,375393070,5326,375398396,1,0,1,5632,17,1599965746
14335,375409140,566,375409706,7,0,1,512,6,1679434518
14336,375410020,41908,375451928,0,0,1,68096,6,247968225
14337,375413230,40286,375453516,0,0,1,15872,6,5828626881
14338,375437830,18912,375456742,1,0,1,5120,17,3702314366
14339,375447680,98208,375545888,8,0,0,1024,3,4926083646
14340,375450500,48980,375499480,3,0,0,2048,6,372107884
14341,375470600,7706,375478306,1,0,1,8192,17,8906641469
14342,375472010,7282,375479292,1,0,1,1536,17,5068705892
14343,375486940,13340,375500280,3,0,1,9216,6,4199281494
14344,375493191,13047,375506238,5,0,1,6656,19,5589899952
14345,375520960,112952,375633912,8,0,0,2048,3,7377325751
14346,375521170,1518,375522688,1,0,1,1536,17,8958971113
14347,375524641,2470,375527111,5,0,1,2560,19,9732367309
14348,375528181,5802,375533983,5,0,1,6144,19,5380041815
14349,375537360,13600,375550960,6,0,1,23040,9,289050310
14350,375551291,1042,375552333,5,0,1,1024,19,5579560348
14351,375572090,7230,375579320,2,0,1,7680,10,247077553
14352,375592520,566,375593086,1,0,1,512,17,531814227
14353,375603881,4162,375608043,5,0,1,11264,19,5445392807
14354,375610960,1042,375612002,7,0,1,1024,6,6404479757
14355,375623920,103888,375727808,3,0,0,512,6,4030869365
14356,375653731,269982,375923713,9,0,0,33280,5,4747866313
14357,375662850,2470,375665320,3,0,1,2560,6,1986746317
14358,375665111,186354,375851465,9,0,0,51712,5,3265530881
14359,375672051,186917,375858968,9,0,0,24576,5,8599563943
14360,375673390,566,375673956,4,0,1,512,18,7172552373
14361,375684950,3387,375688337,2,0,1,9728,10,5476850216
14362,375708380,150759,375859139,3,0,0,512,6,6915389974
14363,375722980,2946,375725926,2,0,1,3072,10,6226386497
14364,375739420,7230,375746650,2,0,1,7680,10,1584166125
14365,375748480,2946,375751426,1,0,1,3072,17,8178957820
14366,375775080,133993,375909073,8,0,0,512,3,4845767413
14367,375777071,1994,375779065,5,0,1,2048,19,4640812188
14368,375781070,566,375781636,2,0,1,512,10,7316255399
14369,375820260,55050,375875310,3,0,0,512,6,2462493860
14370,375829491,3422,375832913,5,0,1,3584,19,7632299415
14371,375831741,3118,375834859,5,0,1,3072,19,9656304722
14372,375857420,103229,375960649,3,0,0,1024,6,826164825
14373,375876670,2470,375879140,1,0,1,2560,17,5125087288
14374,375916570,7718,375924288,3,0,1,512,6,2822946895
14375,375921740,49122,375970862,7,0,0,1024,6,10006827008
14376,375938870,566,375939436,7,0,1,512,6,10072686705
14377,375950540,3645,375954185,2,0,1,10240,10,6432529289
14378,375968620,2470,375971090,1,0,1,2560,17,379263940
14379,375987930,4374,375992304,1,0,1,4608,17,6949930185
14380,375993410,4850,375998260,6,0,1,5120,9,5182065712
14381,376120050,1994,376122044,1,0,1,2048,17,815101939
14382,376120250,2460,376122710,6,0,1,1024,9,3305114457
14383,376148130,7706,376155836,7,0,1,8192,6,3933597851
14384,376148530,10212,376158742,6,0,1,4608,9,2760895631
14385,376177550,3898,376181448,6,0,1,4096,9,9110292371
14386,376194850,156829,376351679,7,0,0,512,6,8275792461
14387,376199090,3128,376202218,6,0,1,9216,9,36631957
14388,376216720,3128,376219848,7,0,1,9216,6,8196540535
14389,376240690,1518,376242208,1,0,1,1536,17,6296773205
14390,376249640,1042,376250682,6,0,1,1024,9,9645717277
14391,376287341,63270,376350611,9,0,0,2048,5,3498163525
14392,376302960,5326,376308286,2,0,1,5632,10,1379331408
14393,376334540,2470,376337010,1,0,1,2560,17,1501708691
14394,376336740,4374,376341114,7,0,1,4608,6,1380834233
14395,376351140,55638,376406778,8,0,0,512,3,7724044411
14396,376359611,1042,376360653,5,0,1,1024,19,2355214131
14397,376371450,1042,376372492,7,0,1,1024,6,4501551211
14398,376379400,43904,376423304,3,0,0,512,6,10309782638
14399,376434450,43904,376478354,7,0,0,512,6,5116928609
14400,376476310,43904,376520214,3,0,0,512,6,7349329393
14401,376478850,43904,376522754,7,0,0,512,6,337446928
14402,376482910,566,376483476,3,0,1,512,6,9890562733
14403,376494531,7706,376502237,5,0,1,8192,19,256170686
14404,376513280,3128,376516408,1,0,1,9216,17,9600553384
14405,376529840,13341,376543181,6,0,1,22528,9,64618055
14406,376537750,6097,376543847,4,0,1,1024,18,1898413625
14407,376540040,8633,376548673,4,0,1,7680,18,2593799906
14408,376548150,2470,376550620,3,0,1,2560,6,1683642291
14409,376580110,10241,376590351,2,0,1,16384,10,10230936144
14410,376596660,43904,376640564,7,0,0,512,6,9449053403
14411,376611520,23983,376635503,4,0,1,39936,18,4721025291
14412,376618370,31588,376649958,4,0,1,47616,18,4620971199
14413,376643020,92034,376735054,8,0,0,1536,3,5611109497
14414,376685961,2946,376688907,5,0,1,3072,19,7405358614
14415,376705750,566,376706316,4,0,1,512,18,6716069400
14416,376740350,566,376740916,3,0,1,512,6,10252162617
14417,376767810,4850,376772660,3,0,1,5120,6,10377083627
14418,376794370,3422,376797792,3,0,1,3584,6,1688711006
14419,376797510,628,376798138,4,0,1,512,18,7236294822
14420,376830640,179487,377010127,3,0,0,1024,6,1771600266
14421,376836880,4850,376841730,1,0,1,5120,17,863523954
14422,376843870,1518,376845388,6,0,1,1536,9,7982250322
14423,376844060,3274,376847334,4,0,1,3072,18,9846113763
14424,376847720,6754,376854474,3,0,1,7168,6,3802718793
14425,376891050,43904,376934954,7,0,0,512,6,5283218121
14426,376892931,6278,376899209,5,0,1,6656,19,3235717999
14427,376908780,2470,376911250,3,0,1,2560,6,3240350052
14428,376915250,5712,376920962,6,0,1,14336,9,106958850
14429,377035530,6754,377042284,6,0,1,7168,9,9994426472
14430,377036191,6439,377042630,5,0,1,512,19,7262894088
14431,377039161,225411,377264572,9,0,0,109568,5,186295449
14432,377045220,3898,377049118,6,0,1,4096,9,2981073586
14433,377048261,133810,377182071,9,0,0,11776,5,4522856921
14434,377098071,4374,377102445,5,0,1,4608,19,2586194314
14435,377107040,93445,377200485,3,0,0,512,6,3964911613
14436,377125680,140441,377266121,3,0,0,512,6,8573997691
14437,377132910,566,377133476,6,0,1,512,9,4407616322
14438,377160051,7230,377167281,5,0,1,7680,19,2924801748
14439,377171250,56001,377227251,3,0,0,1536,6,3664376642
14440,377324370,1518,377325888,9,0,1,1536,5,6452238183
14441,377363470,47288,377410758,3,0,0,1536,6,7788332011
14442,377386851,108212,377495063,9,0,0,55296,5,2042028432
14443,377391630,3128,377394758,1,0,1,9216,17,6882543926
14444,377424311,1994,377426305,5,0,1,2048,19,5737776770
14445,377460701,183749,377644450,9,0,0,53760,5,10604869968
14446,377473720,1518,377475238,2,0,1,1536,10,9149834238
14447,377486560,11365,377497925,2,0,1,8704,10,5264045478
14448,377574370,5196,377579566,2,0,1,13312,10,5542948785
14449,377594121,57440,377651561,9,0,0,4608,5,105008723
14450,377621000,3422,377624422,6,0,1,3584,9,4414902360
14451,377632201,200673,377832874,9,0,0,162304,5,5534338
14452,377634721,17452,377652173,5,0,1,8192,19,535281014
14453,377658590,1994,377660584,6,0,1,2048,9,706101037
14454,377679180,80164,377759344,3,0,0,512,6,3589882654
14455,377738531,566,377739097,5,0,1,512,19,1923494981
14456,377773100,1994,377775094,1,0,1,2048,17,666303926
14457,377834430,48980,377883410,3,0,0,2048,6,1645167972
14458,377835861,1518,377837379,5,0,1,1536,19,7850617585
14459,377864480,4374,377868854,2,0,1,4608,10,4120375782
14460,377904320,45596,377949916,7,0,0,1024,6,10078925369
14461,377923020,1994,377925014,1,0,1,2048,17,4937869407
14462,377923870,3422,377927292,6,0,1,3584,9,5745889093
14463,377958661,1518,377960179,5,0,1,1536,19,9803504898
14464,378020410,3128,378023538,1,0,1,9216,17,9132941445
14465,378078330,4850,378083180,2,0,1,5120,10,8745018364
14466,378117340,1994,378119334,2,0,1,2048,10,3460350384
14467,378120370,566,378120936,6,0,1,512,9,7205539899
14468,378125570,4850,378130420,1,0,1,5120,17,5965489771
14469,378131741,5802,378137543,5,0,1,6144,19,1519228717
14470,378135880,3289,378139169,1,0,1,2560,17,916021842
14471,378149270,4850,378154120,3,0,1,5120,6,67100989
14472,378166290,2870,378169160,1,0,1,8704,17,7096555316
14473,378166730,46165,378212895,7,0,0,512,6,6519657077
14474,378176741,252451,378429192,9,0,0,30208,5,4215215051
14475,378221320,43904,378265224,3,0,0,512,6,712928913
14476,378226251,1518,378227769,5,0,1,1536,19,939318750
14477,378241380,5802,378247182,3,0,1,6144,6,454951240
14478,378244620,7388,378252008,2,0,1,7680,10,207819434
14479,378272390,566,378272956,3,0,1,512,6,10026833435
14480,378273420,1994,378275414,3,0,1,2048,6,4348235938
14481,378373380,5802,378379182,6,0,1,6144,9,1608387376
14482,378380730,97950,378478680,3,0,0,512,6,1101527333
14483,378389290,3898,378393188,6,0,1,4096,9,4780815648
14484,378419940,11205,378431145,6,0,1,2048,9,7373833279
14485,378427010,46702,378473712,7,0,0,512,6,4283980221
14486,378437780,2946,378440726,1,0,1,3072,17,4178837001
14487,378462890,1994,378464884,2,0,1,2048,10,8661269558
14488,378479211,94088,378573299,9,0,0,24064,5,9730391978
14489,378489990,58736,378548726,7,0,0,1024,6,7146459283
14490,378499580,566,378500146,2,0,1,512,10,5540211943
14491,378503130,46470,378549600,7,0,0,1024,6,6285872238
14492,378522590,5326,378527916,2,0,1,5632,10,2458206024
14493,378531460,6278,378537738,3,0,1,6656,6,2299704937
14494,378562291,3422,378565713,5,0,1,3584,19,6413281183
14495,378568571,11474,378580045,5,0,1,7168,19,3894823270
14496,378583591,193353,378776944,9,0,0,36352,5,2873075084
14497,378585810,1518,378587328,1,0,1,1536,17,8319831603
14498,378647411,2946,378650357,5,0,1,3072,19,6890233239
14499,378659000,2470,378661470,4,0,1,2560,18,8200549985
14500,378665990,43904,378709894,7,0,0,512,6,1293240819
14501,378714440,3422,378717862,3,0,1,3584,6,8557391121
14502,378724370,4420,378728790,2,0,1,11776,10,7612492061
14503,378725800,12448,378738248,3,0,1,16384,6,6617065021
14504,378750701,1042,378751743,5,0,1,1024,19,1501469413
14505,378761180,1994,378763174,2,0,1,2048,10,1456597681
14506,378804231,3898,378808129,5,0,1,4096,19,4945165527
14507,378825080,70707,378895787,3,0,0,1536,6,6862338192
14508,378828390,6278,378834668,1,0,1,6656,17,9287276736
14509,378875940,66611,378942551,7,0,0,1536,6,2031505532
14510,378883701,116408,379000109,9,0,0,17920,5,4295034674
14511,378932980,6754,378939734,3,0,1,7168,6,7033077911
14512,378941021,1994,378943015,5,0,1,2048,19,9134800210
14513,378952200,2946,378955146,3,0,1,3072,6,10653406341
14514,379059310,2470,379061780,1,0,1,2560,17,9848013066
14515,379102050,4374,379106424,1,0,1,4608,17,3664817687
14516,379119171,2870,379122041,5,0,1,8704,19,6542082299
14517,379170720,566,379171286,3,0,1,512,6,4327646984
14518,379207740,43904,379251644,3,0,0,512,6,8809051210
14519,379246750,1518,379248268,2,0,1,1536,10,3134642566
14520,379270540,2470,379273010,1,0,1,2560,17,5609740725
14521,379286010,566,379286576,2,0,1,512,10,8751628858
14522,379299190,2946,379302136,1,0,1,3072,17,6467038901
14523,379309431,3898,379313329,5,0,1,4096,19,8234891299
14524,379316631,81128,379397759,9,0,0,11776,5,2024312896
14525,379333621,7706,379341327,5,0,1,8192,19,1146694153
14526,379348220,43904,379392124,7,0,0,512,6,4887034540
14527,379350710,3422,379354132,2,0,1,3584,10,5317206437
14528,379356510,2470,379358980,9,0,1,2560,5,8926713595
14529,379403131,566,379403697,5,0,1,512,19,3204393970
14530,379415661,136727,379552388,9,0,0,14336,5,9314389769
14531,379461030,50734,379511764,3,0,0,2560,6,4167216874
14532,379470450,1994,379472444,3,0,1,2048,6,10664441582
14533,379516280,3422,379519702,3,0,1,3584,6,8239590758
14534,379550750,8384,379559134,3,0,1,7168,6,8220371342
14535,379560960,1042,379562002,2,0,1,1024,10,9221851312
14536,379582840,45882,379628722,7,0,0,1024,6,2359045967
14537,379599511,2946,379602457,5,0,1,3072,19,4281140840
14538,379612471,114050,379726521,2,0,0,18944,10,1642758276
14539,379623450,5326,379628776,3,0,1,5632,6,3795223239
14540,379630311,80840,379711151,2,0,0,15872,10,9396715027
14541,379686531,7230,379693761,5,0,1,7680,19,4512868974
14542,379695081,133655,379828736,9,0,0,46592,5,10289570440
14543,379697510,1518,379699028,2,0,1,1536,10,10646319433
14544,379725671,152751,379878422,2,0,0,22016,10,3030809196
14545,379728930,1518,379730448,3,0,1,1536,6,5684872942
14546,379740760,1994,379742754,2,0,1,2048,10,6459699560
14547,379783721,6278,379789999,5,0,1,6656,19,1519458910
14548,379792751,58220,379850971,9,0,0,7168,5,8209508183
14549,379889141,5802,379894943,5,0,1,6144,19,5804612727
14550,379911571,52364,379963935,9,0,0,3072,5,5640427220
14551,379916910,4850,379921760,2,0,1,5120,10,9958990993
14552,379971800,43904,380015704,3,0,0,512,6,7700005296
14553,379995721,2470,379998191,5,0,1,2560,19,7124858568
14554,380000351,5802,380006153,5,0,1,6144,19,10424685809
14555,380007760,2946,380010706,3,0,1,3072,6,4897610767
14556,380016011,99316,380115327,9,0,0,11776,5,2672553352
14557,380017090,47288,380064378,7,0,0,1536,6,5151994184
14558,380056340,43904,380100244,7,0,0,512,6,2733753928
14559,380080800,5454,380086254,2,0,1,13824,10,5711226096
14560,380106521,209044,380315565,9,0,0,56832,5,857760418
14561,380111831,88000,380199831,2,0,0,12800,10,6200335169
14562,380162800,76979,380239779,7,0,0,512,6,3735851081
14563,380182871,138949,380321820,2,0,0,20480,10,8278433457
14564,380217290,104835,380322125,7,0,0,512,6,7777087708
14565,380228990,1518,380230508,2,0,1,1536,10,7727645439
14566,380256021,117667,380373688,9,0,0,83968,5,5227209718
14567,380257920,133313,380391233,7,0,0,512,6,7193293088
14568,380345800,1042,380346842,3,0,1,1024,6,7018130545
14569,380346630,45596,380392226,7,0,0,1024,6,1331112948
14570,380412410,4374,380416784,3,0,1,4608,6,1495002856
14571,380425050,7706,380432756,2,0,1,8192,10,9637783164
14572,380443230,2946,380446176,2,0,1,3072,10,6541725141
14573,380455381,3128,380458509,5,0,1,9216,19,2882257056
14574,380456480,8988,380465468,2,0,1,7680,10,7791250441
14575,380478350,61311,380539661,7,0,0,512,6,8521662832
14576,380480160,4374,380484534,2,0,1,4608,10,7082123869
14577,380502661,2470,380505131,5,0,1,2560,19,4257933531
14578,380506241,2870,380509111,5,0,1,8704,19,3868718729
14579,380543250,3387,380546637,3,0,1,9728,6,3275288505
14580,380549170,3904,380553074,3,0,1,10752,6,1394034335
14581,380558100,105099,380663199,7,0,0,1024,6,9779315709
14582,380587530,7230,380594760,3,0,1,7680,6,6444933737
14583,380803460,189188,380992648,3,0,0,159744,6,942381003
14584,380832141,189703,381021844,9,0,0,16384,5,5645223999
14585,380922630,12995,380935625,3,0,1,25088,6,8225085809
14586,380927881,140853,381068734,2,0,0,17920,10,3340829485
14587,380929161,246319,381175480,2,0,0,140288,10,4368283597
14588,381033021,1042,381034063,5,0,1,1024,19,10692527539
14589,381041831,13512,381055343,5,0,1,26112,19,9821097361
14590,381085350,134008,381219358,3,0,0,29184,6,9416168331
14591,381119671,68372,381188043,2,0,0,10240,10,416759099
14592,381131411,1042,381132453,5,0,1,1024,19,5683423077
14593,381159420,21854,381181274,2,0,1,6144,10,5109083302
14594,381187001,137379,381324380,2,0,0,44544,10,6164565080
14595,381220710,1518,381222228,2,0,1,1536,10,9090923879
14596,381310551,101921,381412472,9,0,0,25088,5,4119954012
14597,381325821,78992,381404813,9,0,0,14848,5,10167418643
14598,381336040,88078,381424118,7,0,0,512,6,1484548471
14599,381364020,3422,381367442,2,0,1,3584,10,1438852511
14600,381422851,97448,381520299,2,0,0,19968,10,338766655
14601,381448240,162387,381610627,3,0,0,59392,6,10610089422
14602,381448480,5454,381453934,2,0,1,13824,10,7249324895
14603,381450280,114104,381564384,7,0,0,10752,6,1529901817
14604,381466040,5326,381471366,3,0,1,5632,6,3517876649
14605,381477320,12308,381489628,2,0,1,20480,10,732308026
14606,381477770,13484,381491254,2,0,1,2560,10,7380681903
14607,381488710,3210,381491920,2,0,1,1024,10,3663282678
14608,381508310,197669,381705979,7,0,0,12288,6,3875221271
14609,381510950,234581,381745531,7,0,0,61440,6,4937543759
14610,381515001,385485,381900486,9,0,0,68096,5,10218822049
14611,381528520,2470,381530990,2,0,1,2560,10,6121747139
14612,381561940,7286,381569226,2,0,1,5120,10,74198448
14613,381565361,219497,381784858,2,0,0,129024,10,610130125
14614,381568630,1994,381570624,3,0,1,2048,6,10389770995
14615,381644260,1994,381646254,3,0,1,2048,6,7186947014
14616,381665091,3898,381668989,5,0,1,4096,19,6344491442
14617,381694631,130638,381825269,9,0,0,28160,5,9955750440
14618,381719150,97509,381816659,7,0,0,22016,6,6685288548
14619,381750730,37549,381788279,3,0,1,9728,6,3062685933
14620,381772610,18668,381791278,2,0,1,3584,10,9882256836
14621,381778290,17494,381795784,9,0,1,7168,5,4618464044
14622,381808760,7914,381816674,8,0,1,3072,3,6277813600
14623,381841081,566,381841647,5,0,1,512,19,9677585731
14624,381845620,3128,381848748,2,0,1,9216,10,1200473267
14625,381865710,1518,381867228,9,0,1,1536,5,1717232445
14626,381892880,8206,381901086,2,0,1,512,10,9463134511
14627,381893930,209305,382103235,7,0,0,133632,6,2415425367
14628,381900231,45893,381946124,9,0,0,1024,5,7545268383
14629,381951611,163183,382114794,2,0,0,37888,10,10289746245
14630,381957581,5326,381962907,5,0,1,5632,19,2809728901
14631,381969130,4850,381973980,9,0,1,5120,5,8538140535
14632,381974450,3128,381977578,9,0,1,9216,5,3150109953
14633,381982741,1042,381983783,5,0,1,1024,19,4983676345
14634,381985030,146273,382131303,7,0,0,11776,6,8830234573
14635,382000071,242701,382242772,2,0,0,11776,10,3704846956
14636,382008780,5971,382014751,9,0,1,14848,5,3615821224
14637,382017170,221975,382239145,7,0,0,96768,6,2601527296
14638,382018461,124546,382143007,2,0,0,9216,10,4771639393
14639,382122460,5196,382127656,2,0,1,13312,10,9593142044
14640,382123530,7788,382131318,2,0,1,4096,10,6263355149
14641,382130710,150937,382281647,7,0,0,50176,6,9406660736
14642,382145281,207226,382352507,2,0,0,13312,10,4543605506
14643,382161001,566,382161567,5,0,1,512,19,9034535888
14644,382197971,7230,382205201,5,0,1,7680,19,1879537464
14645,382205650,108549,382314199,3,0,0,44544,6,6823703329
14646,382216920,26853,382243773,9,0,1,1024,5,2101069852
14647,382228880,153977,382382857,3,0,0,36864,6,505132660
14648,382232670,12409,382245079,2,0,1,2048,10,5830145444
14649,382279670,3487,382283157,3,0,1,1536,6,4079036594
14650,382288631,149718,382438349,2,0,0,67072,10,10229448111
14651,382380150,8670,382388820,2,0,1,14848,10,1620365839
14652,382398091,1518,382399609,5,0,1,1536,19,3541715536
14653,382401850,4850,382406700,2,0,1,5120,10,8477118045
14654,382423491,16368,382439859,5,0,1,1536,19,9966722941
14655,382441420,4679,382446099,9,0,1,12288,5,1817507901
14656,382450820,271061,382721881,7,0,0,100864,6,8521039830
14657,382461230,3422,382464652,2,0,1,3584,10,2581621183
14658,382493350,4679,382498029,3,0,1,12288,6,7186917644
14659,382510170,1518,382511688,3,0,1,1536,6,1747111683
14660,382546290,2870,382549160,9,0,1,8704,5,7817123078
14661,382566150,3422,382569572,3,0,1,3584,6,2696671726
14662,382584380,200281,382784661,7,0,0,37376,6,3379150283
14663,382621701,3422,382625123,5,0,1,3584,19,4049472463
14664,382632950,4679,382637629,3,0,1,12288,6,2071855583
14665,382636920,246273,382883193,7,0,0,56832,6,6159047611
14666,382639210,146870,382786080,3,0,0,4608,6,9728069367
14667,382738620,127227,382865847,7,0,0,104960,6,2414241802
14668,382769041,165631,382934672,2,0,0,3584,10,2652905036
14669,382785730,4716,382790446,3,0,1,4608,6,5664316927
14670,382800680,284561,383085241,7,0,0,163328,6,835399574
14671,382812140,1042,382813182,3,0,1,1024,6,5446622219
14672,382824421,4374,382828795,5,0,1,4608,19,10534875949
14673,382832210,33652,382865862,2,0,1,2048,10,7797104970
14674,382860031,269321,383129352,9,0,0,3584,5,1052685884
14675,382864910,21739,382886649,3,0,1,3584,6,1737854366
14676,382876620,257739,383134359,7,0,0,16384,6,3498326245
14677,382902240,188062,383090302,7,0,0,4096,6,5019593805
14678,382913680,10757,382924437,3,0,1,17408,6,6652851765
14679,382974380,114635,383089015,7,0,0,12288,6,6195074101
14680,382989180,139065,383128245,3,0,0,68608,6,3190732217
14681,382992630,182679,383175309,3,0,0,5120,6,7570167672
14682,383027350,57906,383085256,1,0,1,16384,17,137776772
14683,383063581,150438,383214019,2,0,0,23040,10,4457286652
14684,383075650,15653,383091303,3,0,1,1024,6,1026017456
14685,383079200,15018,383094218,1,0,1,10240,17,6709964841
14686,383132740,7413,383140153,8,0,1,6144,3,1265719981
14687,383154870,1518,383156388,1,0,1,1536,17,4000747571
14688,383162220,82712,383244932,3,0,0,22016,6,4540527432
14689,383184201,46492,383230693,9,0,0,1024,5,6971265538
14690,383184451,4850,383189301,5,0,1,5120,19,968885147
14691,383194630,102844,383297474,7,0,0,16896,6,10314218928
14692,383210370,61166,383271536,8,0,0,512,3,1761989021
14693,383227060,566,383227626,2,0,1,512,10,10443717604
14694,383271840,67718,383339558,3,0,0,1536,6,4452472491
14695,383279370,7706,383287076,3,0,1,8192,6,9559865364
14696,383280940,7007,383287947,1,0,1,12288,17,7721469416
14697,383296050,7218,383303268,3,0,1,6144,6,5106063626
14698,383386290,3645,383389935,2,0,1,10240,10,8095649553
14699,383409660,6754,383416414,4,0,1,7168,18,9936325965
14700,383419481,126314,383545795,2,0,0,43008,10,8640850860
14701,383431710,6754,383438464,4,0,1,7168,18,1111465414
14702,383475220,181184,383656404,8,0,0,1024,3,8667989447
14703,383618760,566,383619326,2,0,1,512,10,9513794331
14704,383673910,566,383674476,2,0,1,512,10,2766545536
14705,383683120,45596,383728716,8,0,0,1024,3,3254016778
14706,383731111,127475,383858586,2,0,0,81920,10,149566171
14707,383751450,107322,383858772,8,0,0,512,3,8997226560
14708,383752180,6754,383758934,2,0,1,7168,10,8512785980
14709,383796651,2946,383799597,5,0,1,3072,19,4727315437
14710,383815391,156680,383972071,2,0,0,138752,10,4136333039
14711,383828980,29621,383858601,2,0,1,5120,10,4732286536
14712,383847290,13986,383861276,3,0,1,2560,6,884666920
14713,383848150,15712,383863862,2,0,1,4096,10,2488648495
14714,383849150,124496,383973646,7,0,0,5120,6,852010531
14715,383864160,109657,383973817,8,0,0,512,3,10622534466
14716,383894730,3422,383898152,1,0,1,3584,17,10510211718
14717,383922780,4850,383927630,4,0,1,5120,18,10538083370
14718,383972300,7738,383980038,4,0,1,15360,18,5772229433
14719,383978460,3204,383981664,4,0,1,2560,18,529939294
14720,384010800,3422,384014222,1,0,1,3584,17,5374513339
14721,384039440,566,384040006,1,0,1,512,17,5476866736
14722,384044680,3387,384048067,3,0,1,9728,6,7021848269
14723,384049841,284486,384334327,9,0,0,36352,5,2604657280
14724,384063980,5802,384069782,2,0,1,6144,10,2392738749
14725,384084861,6278,384091139,5,0,1,6656,19,3308488330
14726,384102690,58258,384160948,8,0,0,1024,3,1822378971
14727,384131230,4162,384135392,2,0,1,11264,10,3633372804
14728,384131580,7505,384139085,4,0,1,4608,18,10212531603
14729,384139370,5802,384145172,7,0,1,6144,6,10723196644
14730,384152281,43904,384196185,2,0,0,512,10,1793833228
14731,384163961,219873,384383834,9,0,0,122368,5,5653416931
14732,384168081,218420,384386501,9,0,0,8704,5,10035194058
14733,384171120,2870,384173990,3,0,1,8704,6,2845620663
14734,384178490,4374,384182864,3,0,1,4608,6,7629138474
14735,384206080,103743,384309823,8,0,0,512,3,285165417
14736,384208830,566,384209396,7,0,1,512,6,6854668850
14737,384271530,4679,384276209,3,0,1,12288,6,2119373316
14738,384345720,40796,384386516,4,0,1,16896,18,9012944072
14739,384365771,25433,384391204,5,0,1,12288,19,8133494291
14740,384373721,19494,384393215,5,0,1,3072,19,3511967445
14741,384422831,43904,384466735,2,0,0,512,10,6251658309
14742,384459320,252390,384711710,7,0,0,52224,6,596522472
14743,384514481,5802,384520283,5,0,1,6144,19,1501377110
14744,384532651,1042,384533693,5,0,1,1024,19,9790253397
14745,384572931,6278,384579209,5,0,1,6656,19,4329830354
14746,384591191,143154,384734345,9,0,0,74240,5,6138346409
14747,384620880,129536,384750416,7,0,0,25088,6,8213991172
14748,384660510,5196,384665706,3,0,1,13312,6,8846908055
14749,384781880,6278,384788158,3,0,1,6656,6,9701569320
14750,384806101,65586,384871687,2,0,0,1024,10,8333181509
14751,384839480,117669,384957149,7,0,0,73728,6,7623312332
14752,384843321,45596,384888917,2,0,0,1024,10,1636250814
14753,384882261,3422,384885683,5,0,1,3584,19,1213828219
14754,384899350,57970,384957320,8,0,0,512,3,3756521983
14755,384907891,5971,384913862,5,0,1,14848,19,1881923500
14756,384955221,274740,385229961,9,0,0,68096,5,5349309987
14757,384959171,5196,384964367,5,0,1,13312,19,9578650351
14758,384988700,251978,385240678,3,0,0,23040,6,8468323622
14759,385005170,46259,385051429,3,0,0,512,6,3622956303
14760,385016441,130534,385146975,9,0,0,33792,5,8018869350
14761,385054400,96802,385151202,3,0,0,13824,6,8449572638
14762,385075501,238012,385313513,9,0,0,43008,5,8059805411
14763,385085190,145254,385230444,8,0,0,1536,3,4711586124
14764,385107551,238259,385345810,9,0,0,34304,5,10256006233
14765,385110181,120434,385230615,2,0,0,512,10,4331157652
14766,385133140,159174,385292314,3,0,0,7168,6,7277433429
14767,385134900,1042,385135942,3,0,1,1024,6,4295872059
14768,385152870,1518,385154388,8,0,1,1536,3,2915557642
14769,385184680,3904,385188584,3,0,1,10752,6,368722513
14770,385217480,100260,385317740,7,0,0,13824,6,10399821557
14771,385240231,88382,385328613,2,0,0,512,10,2615595790
14772,385246230,1518,385247748,9,0,1,1536,5,9651687269
14773,385258240,1042,385259282,3,0,1,1024,6,1369080632
14774,385298191,84283,385382474,9,0,0,5120,5,4158648438
14775,385334690,48267,385382957,8,0,0,1536,3,5687803832
14776,385353220,53080,385406300,8,0,0,1536,3,3878592098
14777,385422421,7706,385430127,5,0,1,8192,19,10506808171
14778,385482990,57440,385540430,3,0,0,4608,6,406222055
14779,385489970,72750,385562720,8,0,0,1024,3,1660698853
14780,385525200,2470,385527670,4,0,1,2560,18,2306626070
14781,385554351,45596,385599947,2,0,0,1024,10,1552482400
14782,385579061,4850,385583911,5,0,1,5120,19,3625694265
14783,385646890,59132,385706022,7,0,0,5120,6,1756592802
14784,385751480,45596,385797076,8,0,0,1024,3,7779598323
14785,385755680,43904,385799584,8,0,0,512,3,3398899975
14786,385770970,48980,385819950,8,0,0,2048,3,4065949002
14787,385778701,45596,385824297,2,0,0,1024,10,333120611
14788,385850870,113360,385964230,3,0,0,72192,6,3660640411
14789,385865880,106009,385971889,7,0,0,25088,6,2096886056
14790,385911160,6278,385917438,3,0,1,6656,6,2863938198
14791,385930690,4937,385935627,9,0,1,12800,5,9547882123
14792,386012121,1042,386013163,5,0,1,1024,19,10656985962
14793,386031830,2946,386034776,3,0,1,3072,6,5236174550
14794,386053191,43904,386097095,2,0,0,512,10,1003132727
14795,386055751,3898,386059649,5,0,1,4096,19,7236512433
14796,386072201,4850,386077051,5,0,1,5120,19,9589960920
14797,386097221,2470,386099691,5,0,1,2560,19,4669495920
14798,386154420,6488,386160908,3,0,1,15872,6,4658903136
14799,386184540,1042,386185582,3,0,1,1024,6,3454390360
14800,386208681,100412,386309093,9,0,0,29696,5,9166791032
14801,386230730,5454,386236184,3,0,1,13824,6,4889697903
14802,386274370,3898,386278268,4,0,1,4096,18,4754729651
14803,386317760,1518,386319278,8,0,1,1536,3,9383398964
14804,386323660,131135,386454795,8,0,0,117760,3,5362922224
14805,386330760,6754,386337514,3,0,1,7168,6,3978652326
14806,386342721,112557,386455278,2,0,0,1536,10,1887521638
14807,386389680,2470,386392150,4,0,1,2560,18,6168120121
14808,386413441,58064,386471505,9,0,0,6656,5,8498718195
14809,386428530,32211,386460741,4,0,1,13824,18,5791278006
14810,386432500,97222,386529722,3,0,0,6144,6,254972117
14811,386486760,566,386487326,3,0,1,512,6,7482554848
14812,386493111,47288,386540399,2,0,0,1536,10,2807457249
14813,386512670,60380,386573050,7,0,0,9216,6,2128987319
14814,386540420,109772,386650192,8,0,0,60416,3,6548981303
14815,386544140,1042,386545182,2,0,1,1024,10,3688741176
14816,386546730,12308,386559038,8,0,1,20480,3,7885361806
14817,386581490,1042,386582532,2,0,1,1024,10,9118142305
14818,386587361,142020,386729381,9,0,0,23040,5,9583312900
14819,386589610,1518,386591128,3,0,1,1536,6,3433589275
14820,386609060,566,386609626,8,0,1,512,3,1745830749
14821,386659980,275779,386935759,7,0,0,50688,6,10505433284
14822,386673131,130531,386803662,9,0,0,14336,5,3654928053
14823,386682580,387013,387069593,7,0,0,58880,6,2204640183
14824,386692570,359020,387051590,7,0,0,246784,6,4666277742
14825,386713761,262606,386976367,9,0,0,62976,5,8529243588
14826,386755521,164325,386919846,9,0,0,45568,5,5527031613
14827,386762750,1042,386763792,3,0,1,1024,6,329182381
14828,386789160,6278,386795438,9,0,1,6656,5,1886825319
14829,386801781,134149,386935930,2,0,0,512,10,5955649645
14830,386820940,15837,386836777,0,0,1,30720,6,4614560155
14831,386865870,257576,387123446,7,0,0,29184,6,9010648502
14832,386889310,7706,386897016,9,0,1,8192,5,9318449110
14833,386891850,8392,386900242,9,0,1,5120,5,5020215683
14834,386939480,4374,386943854,9,0,1,4608,5,3412289155
14835,386957680,150723,387108403,0,0,1,97280,6,1191513854
14836,386965921,107899,387073820,9,0,0,13824,5,6870887284
14837,387006621,267993,387274614,2,0,0,512,10,5661727016
14838,387015770,94899,387110669,3,0,1,3584,6,1205036812
14839,387017440,184558,387201998,8,0,0,9728,3,2880773373
14840,387026650,86285,387112935,9,0,1,3584,5,3845935169
14841,387035150,114067,387149217,0,0,1,111104,6,6363657734
14842,387055040,135344,387190384,0,0,1,113664,6,1021140409
14843,387070080,168837,387238917,7,0,0,2560,6,682223624
14844,387092850,99019,387191869,8,0,1,15360,3,9842770453
14845,387117580,76235,387193815,9,0,1,3072,5,4795067812
14846,387150830,125476,387276306,7,0,0,1024,6,6766620164
14847,387246221,129245,387375466,2,0,0,512,10,7224284201
14848,387275461,368056,387643517,9,0,0,4608,5,5325259175
14849,387296820,6754,387303574,3,0,1,7168,6,6442809582
14850,387301231,79056,387380287,9,0,0,6144,5,7977479249
14851,387312220,3898,387316118,9,0,1,4096,5,7347060320
14852,387325330,13083,387338413,8,0,1,22016,3,2304826399
14853,387328050,28279,387356329,0,0,1,40448,6,2033611340
14854,387336651,157302,387493953,2,0,0,1536,10,3546107419
14855,387365940,189427,387555367,3,0,0,2048,6,6139437781
14856,387393210,237857,387631067,8,0,0,75776,3,9675944766
14857,387395450,95428,387490878,7,0,0,512,6,5323503973
14858,387408510,6278,387414788,8,0,1,6656,3,2483342648
14859,387463000,5326,387468326,3,0,1,5632,6,4735039131
14860,387486340,1994,387488334,3,0,1,2048,6,5195317286
14861,387509880,73745,387583625,0,0,1,123392,6,4543783190
14862,387516910,160741,387677651,3,0,0,4608,6,10500970651
14863,387527900,59591,387587491,8,0,1,6144,3,9039263771
14864,387561670,26487,387588157,8,0,1,11264,3,3629926678
14865,387595020,3422,387598442,3,0,1,3584,6,6023453217
14866,387619810,188311,387808121,0,0,1,291328,6,2409822428
14867,387637560,175707,387813267,8,0,1,8192,3,3424246328
14868,387653290,166186,387819476,0,0,1,29696,6,3604063967
14869,387673131,191322,387864453,2,0,0,1024,10,4569295054
14870,387684420,137002,387821422,9,0,1,3072,5,755204641
14871,387732480,89928,387822408,9,0,1,1536,5,9234210309
14872,387767970,57024,387824994,3,0,1,4096,6,8110761375
14873,387794400,206077,388000477,3,0,0,18432,6,10014348869
14874,387838940,380521,388219461,3,0,0,31232,6,7815079755
14875,387855550,12737,387868287,0,0,1,24576,6,2770263363
14876,387859320,12833,387872153,8,0,1,6144,3,3542145423
14877,387879500,227011,388106511,8,0,0,37376,3,10484700544
14878,387900020,1042,387901062,3,0,1,1024,6,754671110
14879,387978610,3904,387982514,0,0,1,10752,6,3119549324
14880,388046060,3898,388049958,3,0,1,4096,6,4239957173
14881,388053831,156099,388209930,9,0,0,58880,5,7218672682
14882,388075220,78164,388153384,7,0,0,2048,6,9394378793
14883,388086071,134044,388220115,2,0,0,1536,10,499192952
14884,388133480,2870,388136350,8,0,1,8704,3,8183049946
14885,388134170,85462,388219632,7,0,0,512,6,4521330564
14886,388138610,21658,388160268,0,0,1,35328,6,1606525300
14887,388148450,107072,388255522,8,0,0,11264,3,1770606057
14888,388161520,3898,388165418,8,0,1,4096,3,2804224718
14889,388179871,265148,388445019,9,0,0,96768,5,1221458532
14890,388282320,55748,388338068,7,0,0,4096,6,4443736322
14891,388284960,34367,388319327,0,0,1,56832,6,3925319923
14892,388294301,51928,388346229,2,0,0,512,10,6228375934
14893,388375520,3904,388379424,0,0,1,10752,6,10590896422
14894,388409710,35332,388445042,0,0,1,60928,6,4994232508
14895,388442540,4941,388447481,3,0,1,2560,6,2393942434
14896,388478830,4374,388483204,6,0,1,4608,9,102797322
14897,388486070,5196,388491266,0,0,1,13312,6,4041064415
14898,388489620,4453,388494073,6,0,1,4096,9,144959027
14899,388512810,112658,388625468,3,0,0,16384,6,1160172
14900,388536040,43904,388579944,7,0,0,512,6,1245449369
14901,388547330,115232,388662562,3,0,0,78336,6,9996215845
14902,388613230,1994,388615224,8,0,1,2048,3,4014380813
14903,388620980,129458,388750438,3,0,0,67072,6,7360099637
14904,388621300,5227,388626527,3,0,1,1024,6,143477570
14905,388676340,6754,388683094,8,0,1,7168,3,4092235989
14906,388734010,181589,388915599,8,0,0,31744,3,1647716911
14907,388740000,14829,388754829,3,0,1,4608,6,1767672836
14908,388776330,3422,388779752,6,0,1,3584,9,2198371721
14909,388829160,1994,388831154,8,0,1,2048,3,3644232589
14910,388857700,4162,388861862,6,0,1,11264,9,8845206867
14911,388864180,4374,388868554,6,0,1,4608,9,10419005896
14912,388869901,56834,388926735,2,0,0,512,10,7755311116
14913,388883020,1994,388885014,3,0,1,2048,6,4238779505
14914,388929630,1042,388930672,8,0,1,1024,3,3154017884
14915,388942700,4374,388947074,3,0,1,4608,6,4180362157
14916,388955410,5326,388960736,3,0,1,5632,6,8945939012
14917,388970380,1994,388972374,6,0,1,2048,9,7342785054
14918,388989030,1042,388990072,6,0,1,1024,9,9061377380
14919,389051140,105047,389156187,3,0,0,28672,6,9880727050
14920,389064800,6754,389071554,6,0,1,7168,9,181040935
14921,389100150,4679,389104829,6,0,1,12288,9,1862643399
14922,389102650,3805,389106455,8,0,1,2560,3,3689689976
14923,389134770,3645,389138415,6,0,1,10240,9,503214562
14924,389150390,238921,389389311,8,0,0,24576,3,9460219213
14925,389196190,5802,389201992,3,0,1,6144,6,2198250111
14926,389220050,1042,389221092,8,0,1,1024,3,6354982660
14927,389227560,229632,389457192,8,0,0,43520,3,6634208684
14928,389261260,120533,389381793,3,0,0,90112,6,8175685306
14929,389298120,106470,389404590,3,0,0,3072,6,5018155125
14930,389312940,6278,389319218,6,0,1,6656,9,3815259733
14931,389320530,143862,389464392,3,0,0,6656,6,6617346268
14932,389327301,5326,389332627,6,0,1,5632,9,342899984
14933,389352580,29228,389381808,8,0,1,9216,3,8231972893
14934,389428030,36377,389464407,0,0,1,61952,6,9641090402
14935,389506860,566,389507426,3,0,1,512,6,6368998817
14936,389517330,5326,389522656,0,0,1,5632,6,10229383660
14937,389521850,300089,389821939,3,0,0,273920,6,5350180661
14938,389524790,3422,389528212,6,0,1,3584,9,6136072563
14939,389531410,290856,389822266,7,0,0,1024,6,2687051420
14940,389553461,269288,389822749,2,0,0,1536,10,5520021917
14941,389574180,269065,389843245,3,0,0,26624,6,6265358214
14942,389625900,1994,389627894,8,0,1,2048,3,9033395124
14943,389638311,189601,389827912,9,0,0,16896,5,10247015640
14944,389682411,1042,389683453,5,0,1,1024,19,10202091212
14945,389716221,118897,389835118,9,0,0,22016,5,5203230314
14946,389731511,96884,389828395,2,0,0,1536,10,2982360845
14947,389815180,29617,389844797,3,0,1,1536,6,6376066816
14948,389833480,12623,389846103,8,0,1,2048,3,3305727991
14949,389842731,83556,389926287,9,0,0,17920,5,3463461640
14950,389844140,54215,389898355,7,0,0,512,6,4438459495
14951,389851290,128394,389979684,3,0,0,16384,6,3706841252
14952,389858540,6278,389864818,8,0,1,6656,3,8901303128
14953,389876420,52970,389929390,7,0,0,2048,6,3371067850
14954,389950950,5802,389956752,8,0,1,6144,3,5096880883
14955,389968890,2946,389971836,8,0,1,3072,3,8775919604
14956,390017080,7230,390024310,3,0,1,7680,6,1588180225
14957,390043120,1518,390044638,8,0,1,1536,3,10632679085
14958,390210490,1042,390211532,3,0,1,1024,6,1617777539
14959,390239730,1518,390241248,6,0,1,1536,9,4616881867
14960,390246630,1518,390248148,9,0,1,1536,5,1298156350
14961,390273070,43904,390316974,7,0,0,512,6,8226251893
14962,390285100,4374,390289474,3,0,1,4608,6,1644894470
14963,390287801,85760,390373561,9,0,0,16896,5,8932741076
14964,390291390,167389,390458779,8,0,0,68608,3,2670705349
14965,390295611,174103,390469714,9,0,0,35840,5,8274205040
14966,390334910,6754,390341664,6,0,1,7168,9,8969985937
14967,390335991,56302,390392293,2,0,0,512,10,8509552956
14968,390339211,62516,390401727,9,0,0,6144,5,5377199522
14969,390349491,156144,390505635,9,0,0,54784,5,2188261763
14970,390360471,193432,390553903,9,0,0,30720,5,6290236105
14971,390373950,1994,390375944,6,0,1,2048,9,3011648413
14972,390421640,3898,390425538,8,0,1,4096,3,5260484189
14973,390457310,112427,390569737,3,0,0,10240,6,1769778316
14974,390458740,15841,390474581,9,0,1,5120,5,5055772018
14975,390578080,1994,390580074,8,0,1,2048,3,3050753052
14976,390588070,1518,390589588,7,0,1,1536,6,8800822877
14977,390606540,14117,390620657,9,0,1,24064,5,9468585766
14978,390650460,4850,390655310,3,0,1,5120,6,7208487232
14979,390668801,52770,390721571,2,0,0,512,10,6910218495
14980,390692220,2470,390694690,4,0,1,2560,18,3290442780
14981,390695711,144087,390839798,9,0,0,105472,5,501871963
14982,390704570,1518,390706088,8,0,1,1536,3,9524989117
14983,390762730,4850,390767580,7,0,1,5120,6,7068445718
14984,390806260,106282,390912542,8,0,0,44544,3,6797206303
14985,390821150,22580,390843730,4,0,1,4096,18,4567339080
14986,390828800,16876,390845676,8,0,1,3072,3,7431448457
14987,390839490,9412,390848902,8,0,1,5120,3,7267134265
14988,390849701,291666,391141367,9,0,0,76800,5,875114627
14989,390869440,122317,390991757,8,0,0,12800,3,312115850
14990,390877080,2470,390879550,3,0,1,2560,6,5536382638
14991,390885290,2470,390887760,2,0,1,2560,10,1371563426
14992,390908220,11068,390919288,8,0,1,7168,3,8914059796
14993,390922450,134418,391056868,8,0,0,4096,3,8655184284
14994,390928180,2946,390931126,7,0,1,3072,6,1771197370
14995,390971101,146851,391117952,9,0,0,48128,5,10236827094
14996,390977460,6278,390983738,3,0,1,6656,6,1597713523
14997,390982280,163344,391145624,7,0,0,1024,6,6991369505
14998,390989421,152117,391141538,2,0,0,512,10,7442000326
14999,390998861,146436,391145297,9,0,0,12288,5,1142352494
15000,391008150,1042,391009192,7,0,1,1024,6,7110750597
15001,391033640,2946,391036586,8,0,1,3072,3,4143250627
15002,391094960,566,391095526,3,0,1,512,6,3191503681
15003,391115680,35924,391151604,8,0,1,14848,3,5051026348
15004,391134250,97803,391232053,3,0,0,9216,6,6485178927
15005,391160090,7230,391167320,8,0,1,7680,3,338449965
15006,391165640,58130,391223770,7,0,0,1024,6,8055926454
15007,391175220,5326,391180546,6,0,1,5632,9,9608975742
15008,391185630,145492,391331122,8,0,0,48640,3,9134049400
15009,391199030,4374,391203404,7,0,1,4608,6,8165933118
15010,391201600,2150,391203750,7,0,1,512,6,7083325627
15011,391212420,1042,391213462,9,0,1,1024,5,6807652893
15012,391216550,3128,391219678,6,0,1,9216,9,49268561
15013,391245521,167195,391412716,2,0,0,512,10,10111298611
15014,391260220,1042,391261262,6,0,1,1024,9,1565597811
15015,391266110,214967,391481077,3,0,0,84480,6,9189620808
15016,391295870,3422,391299292,7,0,1,3584,6,8040477602
15017,391296491,223295,391519786,9,0,0,57856,5,9728024464
15018,391321360,159888,391481248,3,0,0,512,6,6162237202
15019,391384340,48980,391433320,3,0,0,2048,6,4284327074
15020,391435030,4937,391439967,3,0,1,12800,6,5826468211
15021,391478690,8521,391487211,6,0,1,14848,9,2617215530
15022,391490830,1994,391492824,6,0,1,2048,9,5023439853
15023,391491311,81030,391572341,9,0,0,11264,5,1439795007
15024,391499550,50672,391550222,7,0,0,2560,6,6459307928
15025,391504610,15751,391520361,4,0,1,512,18,10396956764
15026,391517160,62999,391580159,3,0,0,512,6,1031886041
15027,391586600,3898,391590498,8,0,1,4096,3,2132369251
15028,391606470,45596,391652066,7,0,0,1024,6,5312974865
15029,391607440,1518,391608958,3,0,1,1536,6,2362882817
15030,391609050,2946,391611996,7,0,1,3072,6,2946661808
15031,391617240,2946,391620186,8,0,1,3072,3,7424387780
15032,391640950,6278,391647228,8,0,1,6656,3,7251812207
15033,391667700,2946,391670646,8,0,1,3072,3,4306798807
15034,391680111,43904,391724015,2,0,0,512,10,10332005779
15035,391681740,1994,391683734,6,0,1,2048,9,8298277530
15036,391702980,2470,391705450,8,0,1,2560,3,7586082378
15037,391710940,45596,391756536,7,0,0,1024,6,6082825894
15038,391720430,134509,391854939,7,0,0,1536,6,4249558188
15039,391731360,6754,391738114,3,0,1,7168,6,6182488638
15040,391772200,89507,391861707,8,0,0,3584,3,10115140819
15041,391791420,1042,391792462,3,0,1,1024,6,6208475024
15042,391803330,3422,391806752,8,0,1,3584,3,3992405543
15043,391810150,2946,391813096,4,0,1,3072,18,5279730565
15044,391815520,1518,391817038,4,0,1,1536,18,9018438628
15045,391818350,3898,391822248,3,0,1,4096,6,5020909299
15046,391823630,12049,391835679,4,0,1,19968,18,1331462927
15047,391848750,2946,391851696,4,0,1,3072,18,4647743439
15048,391853740,1518,391855258,4,0,1,1536,18,6645692050
15049,391861220,139513,392000733,8,0,0,46592,3,973829214
15050,391861390,6136,391867526,6,0,1,6144,9,716097855
15051,391875191,134884,392010075,2,0,0,512,10,680732825
15052,391880370,267272,392147642,7,0,0,512,6,6752349817
15053,391900040,111571,392011611,7,0,0,512,6,7684314250
15054,391920140,4850,391924990,6,0,1,5120,9,6009587298
15055,391923811,77888,392001699,2,0,0,2048,10,4208582308
15056,391930960,70100,392001060,3,0,0,1024,6,2301083854
15057,391941661,95180,392036841,2,0,0,1536,10,4600467334
15058,391994030,51565,392045595,3,0,0,512,6,1065222047
15059,392009020,1994,392011014,6,0,1,2048,9,2806169579
15060,392027910,33245,392061155,0,0,1,57856,6,2292053738
15061,392043430,23012,392066442,0,0,1,25088,6,9642970964
15062,392073161,5196,392078357,6,0,1,13312,9,962721450
15063,392167570,1042,392168612,6,0,1,1024,9,5616077111
15064,392178000,1994,392179994,6,0,1,2048,9,4342727069
15065,392218710,5326,392224036,1,0,1,5632,17,7889771870
15066,392235300,1518,392236818,8,0,1,1536,3,9061120101
15067,392253580,4850,392258430,1,0,1,5120,17,9911189890
15068,392270090,50672,392320762,3,0,0,2560,6,9016120656
15069,392286301,127947,392414248,9,0,0,81408,5,9336590557
15070,392287350,53497,392340847,3,0,0,512,6,119260369
15071,392303210,566,392303776,4,0,1,512,18,1787095529
15072,392307310,5326,392312636,7,0,1,5632,6,3005454767
15073,392319380,95039,392414419,3,0,0,512,6,9276256975
15074,392404170,13663,392417833,7,0,1,3584,6,6796054080
15075,392445540,5326,392450866,1,0,1,5632,17,6875792568
15076,392452780,1518,392454298,8,0,1,1536,3,6193514304
15077,392458630,5196,392463826,7,0,1,13312,6,2400227166
15078,392473330,566,392473896,6,0,1,512,9,2227893896
15079,392514970,2946,392517916,0,0,1,3072,6,661306868
15080,392535710,43904,392579614,3,0,0,512,6,2228340084
15081,392541110,566,392541676,0,0,1,512,6,9230939288
15082,392578360,4374,392582734,8,0,1,4608,3,554164717
15083,392613070,2470,392615540,1,0,1,2560,17,5484063323
15084,392637201,50672,392687873,2,0,0,2560,10,7029951541
15085,392706350,107432,392813782,8,0,0,52736,3,2017488356
15086,392722920,6278,392729198,8,0,1,6656,3,2295927615
15087,392735900,157226,392893126,8,0,0,23552,3,6258415405
15088,392742030,45596,392787626,7,0,0,1024,6,1139063450
15089,392750750,3898,392754648,8,0,1,4096,3,6187595126
15090,392773060,5326,392778386,1,0,1,5632,17,9027154335
15091,392780281,52988,392833269,2,0,0,5120,10,6598372921
15092,392785540,2946,392788486,8,0,1,3072,3,1450093293
15093,392791830,5326,392797156,0,0,1,5632,6,4408725121
15094,392829140,1042,392830182,0,0,1,1024,6,9031018898
15095,392876690,7706,392884396,7,0,1,8192,6,3502814475
15096,392888281,49514,392937795,2,0,0,512,10,8333067446
15097,392894310,3645,392897955,6,0,1,10240,9,1111006040
15098,392907670,149093,393056763,8,0,0,110592,3,7952556262
15099,392912140,566,392912706,0,0,1,512,6,9018429359
15100,392918710,5802,392924512,6,0,1,6144,9,6593806392
15101,392948490,1994,392950484,1,0,1,2048,17,7364659399
15102,392949230,107876,393057106,3,0,0,1024,6,5044923675
15103,393023550,36987,393060537,1,0,1,3584,17,4135439820
15104,393029950,33813,393063763,6,0,1,5120,9,2780363522
15105,393047340,21569,393068909,0,0,1,8192,6,2008521533
15106,393051780,61163,393112943,7,0,0,2560,6,6139568308
15107,393112270,5602,393117872,1,0,1,12800,17,5897579174
15108,393133480,60824,393194304,8,0,0,5632,3,9062069552
15109,393142471,162136,393304607,2,0,0,512,10,7679097113
15110,393157790,3918,393161708,4,0,1,4096,18,5310896681
15111,393157801,72666,393230467,2,0,0,1024,10,8601926947
15112,393166221,138215,393304436,9,0,0,40960,5,4110403933
15113,393176190,6278,393182468,1,0,1,6656,17,746986742
15114,393179060,191892,393370952,8,0,0,60416,3,4549870002
15115,393185710,2470,393188180,6,0,1,2560,9,8957330849
15116,393289390,104482,393393872,8,0,0,34816,3,10346363563
15117,393336251,43904,393380155,2,0,0,512,10,5713641250
15118,393339470,1042,393340512,4,0,1,1024,18,2169612798
15119,393342680,122616,393465296,8,0,0,19968,3,6344698211
15120,393358000,56848,393414848,3,0,0,512,6,7017728877
15121,393386230,13436,393399666,6,0,1,6144,9,2556120723
15122,393398030,60824,393458854,8,0,0,5632,3,7638679716
15123,393450340,6754,393457094,7,0,1,7168,6,5008426868
15124,393465860,1518,393467378,4,0,1,1536,18,4876870045
15125,393470210,6754,393476964,9,0,1,7168,5,10554453322
15126,393472620,9490,393482110,1,0,1,8192,17,6570697693
15127,393507130,1518,393508648,6,0,1,1536,9,4004952951
15128,393532890,5802,393538692,1,0,1,6144,17,6279647083
15129,393532940,156297,393689237,8,0,0,97280,3,8945625839
15130,393569260,125875,393695135,3,0,0,4608,6,3580012425
15131,393623881,3422,393627303,6,0,1,3584,9,1298045665
15132,393657840,31412,393689252,1,0,1,14848,17,1023263418
15133,393666000,72224,393738224,7,0,0,2048,6,5239524980
15134,393717300,3904,393721204,4,0,1,10752,18,8307100902
15135,393717661,46868,393764529,2,0,0,512,10,2134109216
15136,393771551,2470,393774021,6,0,1,2560,9,4774990288
15137,393810250,43904,393854154,3,0,0,512,6,5127813806
15138,393821770,120549,393942319,7,0,0,1536,6,10150399960
15139,393823780,118040,393941820,8,0,0,87552,3,5147257961
15140,393848590,2470,393851060,6,0,1,2560,9,9125081249
15141,393864251,78395,393942646,2,0,0,1024,10,5849331684
15142,393883940,5326,393889266,4,0,1,5632,18,9088628053
15143,393891570,5802,393897372,1,0,1,6144,17,230124710
15144,393900910,6754,393907664,4,0,1,7168,18,10292452913
15145,393903970,4360,393908330,1,0,1,1024,17,2310565439
15146,393908140,60536,393968676,7,0,0,2048,6,8191816127
15147,393919980,67428,393987408,3,0,0,1024,6,584850576
15148,393936110,72988,394009098,3,0,0,512,6,9824228502
15149,393948521,2946,393951467,6,0,1,3072,9,696427355
15150,393949481,127110,394076591,2,0,0,512,10,6745041450
15151,394023271,47288,394070559,9,0,0,1536,5,6227493733
15152,394026680,1518,394028198,4,0,1,1536,18,7998971753
15153,394037830,83780,394121610,8,0,0,20480,3,9656139717
15154,394041350,150098,394191448,8,0,0,12800,3,1221363034
15155,394107840,155980,394263820,7,0,0,512,6,2082799739
15156,394131211,132438,394263649,9,0,0,20992,5,2273665358
15157,394148890,2946,394151836,4,0,1,3072,18,5510117079
15158,394186661,12566,394199227,6,0,1,20992,9,6024135457
15159,394194691,45596,394240287,2,0,0,1024,10,6001411545
15160,394267250,104468,394371718,8,0,0,43008,3,4325052101
15161,394272300,104020,394376320,3,0,0,1536,6,1702251022
15162,394277981,138311,394416292,9,0,0,41984,5,3887848835
15163,394289651,113465,394403116,2,0,0,512,10,2966113148
15164,394296650,176349,394472999,8,0,0,29184,3,3140936095
15165,394366281,5995,394372276,6,0,1,512,9,6770845897
15166,394374940,4374,394379314,7,0,1,4608,6,3889884946
15167,394392721,91626,394484347,2,0,0,1024,10,6385608525
15168,394395141,45596,394440737,2,0,0,1024,10,3913046651
15169,394430500,43904,394474404,3,0,0,512,6,4965304424
15170,394461610,11404,394473014,7,0,1,3072,6,3161418428
15171,394473070,45596,394518666,3,0,0,1024,6,4199670892
15172,394565900,7706,394573606,4,0,1,8192,18,2659616819
15173,394570460,62177,394632637,7,0,0,512,6,5669158714
15174,394599240,3904,394603144,7,0,1,10752,6,148340479
15175,394602611,879,394603490,6,0,1,512,9,2456549008
15176,394606081,1042,394607123,6,0,1,1024,9,6939875287
15177,394616790,48980,394665770,3,0,0,2048,6,2741437925
15178,394621120,5802,394626922,4,0,1,6144,18,4814735238
15179,394662391,4850,394667241,6,0,1,5120,9,5448389106
15180,394663900,4007,394667907,4,0,1,1024,18,8675006171
15181,394670520,3898,394674418,4,0,1,4096,18,1608049869
15182,394717670,1518,394719188,1,0,1,1536,17,142732163
15183,394748670,76832,394825502,8,0,0,12800,3,8738363895
15184,394761821,566,394762387,6,0,1,512,9,10482660958
15185,394773421,4374,394777795,6,0,1,4608,9,8068177826
15186,394796320,1518,394797838,1,0,1,1536,17,6849772357
15187,394804810,5802,394810612,7,0,1,6144,6,10577779846
15188,394825540,6754,394832294,7,0,1,7168,6,3616870518
15189,394842420,5326,394847746,4,0,1,5632,18,9448755603
15190,394849630,95674,394945304,7,0,0,1536,6,5439732151
15191,394878140,4162,394882302,1,0,1,11264,17,4482008354
15192,394881161,14230,394895391,6,0,1,26624,9,5399767227
15193,394884001,127876,395011877,2,0,0,1536,10,6152706824
15194,394891670,8547,394900217,7,0,1,7680,6,6353758033
15195,394898380,3463,394901843,1,0,1,2560,17,6789658624
15196,394922990,4374,394927364,1,0,1,4608,17,1758321958
15197,395000800,566,395001366,1,0,1,512,17,462124692
15198,395006640,151178,395157818,7,0,0,3072,6,973702733
15199,395035110,6278,395041388,1,0,1,6656,17,3953306153
15200,395060440,45596,395106036,7,0,0,1024,6,5229547849
15201,395151381,103220,395254601,9,0,0,38912,5,1533249070
15202,395210030,95643,395305673,8,0,0,7680,3,4411814107
15203,395246170,54019,395300189,3,0,0,1024,6,3648215813
15204,395291630,6278,395297908,7,0,1,6656,6,7449161680
15205,395299050,6638,395305688,1,0,1,5632,17,5242864283
15206,395331350,5712,395337062,7,0,1,14336,6,9117152355
15207,395349760,232066,395581826,8,0,0,27136,3,9194847581
15208,395374120,66117,395440237,3,0,0,512,6,1187725076
15209,395404710,120536,395525246,8,0,0,95744,3,7771153980
15210,395407110,6754,395413864,7,0,1,7168,6,6165555919
15211,395467500,172190,395639690,8,0,0,50688,3,7993498743
15212,395490741,91256,395581997,2,0,0,512,10,3156627606
15213,395492161,97807,395589968,2,0,0,26112,10,7445642722
15214,395562390,2470,395564860,1,0,1,2560,17,3494235707
15215,395566671,154990,395721661,9,0,0,19456,5,8235052376
15216,395608930,1518,395610448,1,0,1,1536,17,9811290851
15217,395617860,145255,395763115,8,0,0,8192,3,1443664200
15218,395711571,1042,395712613,6,0,1,1024,9,9353933221
15219,395746061,3645,395749706,5,0,1,10240,19,3358571431
15220,395761681,212413,395974094,9,0,0,98816,5,4778889195
15221,395765031,3904,395768935,6,0,1,10752,9,7949836474
15222,395784621,12566,395797187,6,0,1,20992,9,9958485334
15223,395883191,94662,395977853,9,0,0,12288,5,7199460688
15224,395886451,3422,395889873,5,0,1,3584,19,2893862629
15225,395890390,45596,395935986,3,0,0,1024,6,6478611396
15226,395898415,81637,395980052,2,0,0,7168,10,2330357516
15227,395968750,55354,396024104,3,0,0,1024,6,6463859292
15228,395976581,7925,395984506,5,0,1,11776,19,8401901022
15229,395978921,6571,395985492,6,0,1,1536,9,5118337398
15230,395986710,5326,395992036,1,0,1,5632,17,4797417441
15231,395989151,4191,395993342,5,0,1,2048,19,158538480
15232,396001751,148770,396150521,2,0,0,81408,10,8784299200
15233,396020460,57180,396077640,7,0,0,512,6,9635489692
15234,396030920,3128,396034048,1,0,1,9216,17,2192035092
15235,396060411,13512,396073923,5,0,1,26112,19,6447760259
15236,396104441,2946,396107387,5,0,1,3072,19,7882395498
15237,396152090,2870,396154960,1,0,1,8704,17,437339179
15238,396152161,4624,396156785,5,0,1,2048,19,3577891640
15239,396160700,4374,396165074,3,0,1,4608,6,5932307185
15240,396223551,107432,396330983,9,0,0,52736,5,350121817
15241,396225321,2946,396228267,6,0,1,3072,9,9406852893
15242,396249981,86360,396336341,9,0,0,13824,5,5393581533
15243,396272150,64767,396336917,7,0,0,512,6,2952828808
15244,396342370,6278,396348648,9,0,1,6656,5,4474542085
15245,396385050,43904,396428954,7,0,0,512,6,9372298
15246,396403000,49492,396452492,3,0,0,1024,6,1274016371
15247,396413280,85448,396498728,8,0,0,15872,3,1286526535
15248,396523600,110396,396633996,8,0,0,62464,3,1607339486
15249,396575751,6229,396581980,6,0,1,15360,9,4945570437
15250,396581730,53077,396634807,8,0,0,2560,3,5342092430
15251,396622100,110740,396732840,7,0,0,24576,6,8847068148
15252,396623010,138966,396761976,7,0,0,14336,6,7895287304
15253,396641700,1994,396643694,1,0,1,2048,17,385440812
15254,396654790,1994,396656784,6,0,1,2048,9,4711008792
15255,396677290,222584,396899874,7,0,0,39424,6,10688537873
15256,396705850,3898,396709748,9,0,1,4096,5,10418228898
15257,396707260,4114,396711374,1,0,1,2560,17,745293932
15258,396716050,1042,396717092,9,0,1,1024,5,7722955664
15259,396779810,1042,396780852,9,0,1,1024,5,6197129915
15260,396812850,3645,396816495,9,0,1,10240,5,9875927260
15261,396814970,99075,396914045,7,0,0,17920,6,7778178964
15262,396840780,6754,396847534,1,0,1,7168,17,9335550324
15263,396916580,3422,396920002,9,0,1,3584,5,3910304192
15264,396971020,2946,396973966,9,0,1,3072,5,4590021343
15265,396972000,13258,396985258,6,0,1,25600,9,1374795359
15266,397077831,101972,397179803,2,0,0,34816,10,5090592399
15267,397136461,160069,397296530,9,0,0,128512,5,6964457911
15268,397166010,170765,397336775,7,0,0,36352,6,1664490223
15269,397205950,184828,397390778,7,0,0,16896,6,5828989685
15270,397232111,80724,397312835,9,0,0,8192,5,10605752391
15271,397235430,61271,397296701,3,0,0,512,6,3137441391
15272,397254011,131604,397385615,9,0,0,35328,5,1178401726
15273,397299260,1518,397300778,9,0,1,1536,5,6102204356
15274,397337270,2470,397339740,6,0,1,2560,9,5264315527
15275,397426940,6278,397433218,9,0,1,6656,5,3845298977
15276,397539781,81752,397621533,9,0,0,13824,5,5664546759
15277,397574701,566,397575267,6,0,1,512,9,6427850923
15278,397588480,119459,397707939,4,0,0,89600,18,6958005441
15279,397597120,150260,397747380,7,0,0,55296,6,8802926547
15280,397624171,155147,397779318,2,0,0,12800,10,7705360915
15281,397647160,154736,397801896,7,0,0,5120,6,479266565
15282,397667631,169977,397837608,9,0,0,21504,5,9400146725
15283,397759441,3128,397762569,5,0,1,9216,19,2392088763
15284,397812490,130701,397943191,3,0,0,1024,6,3215141048
15285,397840421,93332,397933753,2,0,0,26624,10,388095400
15286,397841140,1518,397842658,9,0,1,1536,5,3622486522
15287,397862841,125926,397988767,2,0,0,24576,10,2459601864
15288,397871580,1994,397873574,9,0,1,2048,5,10118943150
15289,397938640,2470,397941110,6,0,1,2560,9,6354342876
15290,397948481,150571,398099052,9,0,0,86528,5,1116093881
15291,397962161,54056,398016217,2,0,0,3584,10,3163027487
15292,398001470,566,398002036,9,0,1,512,5,8688564028
15293,398008300,6754,398015054,6,0,1,7168,9,1229653926
15294,398031050,1518,398032568,6,0,1,1536,9,7065415204
15295,398039300,147330,398186630,7,0,0,38912,6,8918396086
15296,398080381,328720,398409101,9,0,0,119296,5,1711081942
15297,398106250,44680,398150930,3,0,0,512,6,3580554380
15298,398138420,3387,398141807,9,0,1,9728,5,8224273858
15299,398235640,4679,398240319,9,0,1,12288,5,9922853063
15300,398241890,1994,398243884,6,0,1,2048,9,1081618439
15301,398255370,1994,398257364,6,0,1,2048,9,6085954613
15302,398282551,153862,398436413,2,0,0,47616,10,7304514199
15303,398287410,12308,398299718,6,0,1,20480,9,9914862255
15304,398314040,1994,398316034,6,0,1,2048,9,8470319382
15305,398412831,112892,398525723,2,0,0,70656,10,2905710711
15306,398425380,18322,398443702,9,0,1,7680,5,5750501438
15307,398425500,21748,398447248,6,0,1,5632,9,8608369261
15308,398428880,18714,398447594,9,0,1,512,5,4457643810
15309,398435810,12450,398448260,9,0,1,1024,5,3352043138
15310,398442270,6656,398448926,9,0,1,1024,5,4956716501
15311,398445231,6488,398451719,5,0,1,15872,19,7841653286
15312,398473990,3387,398477377,6,0,1,9728,9,6024287713
15313,398480490,6278,398486768,6,0,1,6656,9,3719189194
15314,398526550,566,398527116,6,0,1,512,9,9348848469
15315,398527411,102128,398629539,9,0,0,35328,5,9849574307
15316,398534401,1994,398536395,5,0,1,2048,19,1997668391
15317,398552620,566,398553186,9,0,1,512,5,9536870134
15318,398555091,202237,398757328,9,0,0,136192,5,9043279211
15319,398555860,129493,398685353,7,0,0,512,6,2696326774
15320,398600790,204534,398805324,7,0,0,32768,6,787422889
15321,398610910,4850,398615760,9,0,1,5120,5,5063743715
15322,398617530,139969,398757499,3,0,0,512,6,10046989494
15323,398804501,76891,398881392,2,0,0,15360,10,7464016010
15324,398824880,64208,398889088,7,0,0,6656,6,2631254892
15325,398828291,157910,398986201,2,0,0,103936,10,1984524129
15326,398829410,12049,398841459,9,0,1,19968,5,591086273
15327,398851010,224083,399075093,3,0,0,512,6,3870015623
15328,398889991,184931,399074922,9,0,0,122880,5,836543663
15329,398900250,206040,399106290,7,0,0,64512,6,7881940477
15330,398947660,127604,399075264,3,0,0,512,6,9451222513
15331,398961600,148152,399109752,3,0,0,512,6,5652325729
15332,399023421,86160,399109581,2,0,0,10752,10,744339941
15333,399082261,101192,399183453,9,0,0,32256,5,9001480772
15334,399129980,3898,399133878,6,0,1,4096,9,4101331773
15335,399150881,71600,399222481,9,0,0,10752,5,6420651276
15336,399172100,11368,399183468,9,0,1,4608,5,3288779468
15337,399188551,103064,399291615,2,0,0,38400,10,7360591418
15338,399195900,96042,399291942,3,0,0,1024,6,10139168078
15339,399217190,81693,399298883,3,0,0,512,6,3816035200
15340,399260781,99632,399360413,9,0,0,27136,5,2472638346
15341,399314680,1994,399316674,9,0,1,2048,5,5045523731
15342,399317400,4850,399322250,9,0,1,5120,5,7566330631
15343,399338000,5326,399343326,9,0,1,5632,5,856861565
15344,399346431,76052,399422483,9,0,0,10240,5,4521301537
15345,399352151,111630,399463781,9,0,0,39424,5,8822356381
15346,399377400,151849,399529249,7,0,0,52736,6,3673327587
15347,399401930,7230,399409160,6,0,1,7680,9,7936996378
15348,399430951,128221,399559172,2,0,0,27648,10,8128812750
15349,399529360,158372,399687732,7,0,0,139264,6,9147535107
15350,399531091,158840,399689931,9,0,0,7168,5,2517549225
15351,399562050,140124,399702174,7,0,0,34304,6,7257189215
15352,399565960,124454,399690414,3,0,0,1536,6,4750444760
15353,399588900,4374,399593274,7,0,1,4608,6,4712544723
15354,399597300,566,399597866,4,0,1,512,18,10179955223
15355,399611030,79711,399690741,3,0,0,1024,6,2134331137
15356,399625700,3422,399629122,4,0,1,3584,18,473847643
15357,399682920,19269,399702189,0,0,1,3584,6,622160173
15358,399687290,49064,399736354,3,0,0,1024,6,10181351156
15359,399697101,57444,399754545,9,0,0,3072,5,1840033304
15360,399728170,43904,399772074,3,0,0,512,6,6241173397
15361,399767350,5802,399773152,0,0,1,6144,6,5448545289
15362,399793101,207190,400000291,2,0,0,68608,10,4095285229
15363,399851030,77283,399928313,3,0,0,512,6,4818113571
15364,399866380,2946,399869326,9,0,1,3072,5,5761864402
15365,399904940,4850,399909790,4,0,1,5120,18,2093808944
15366,399933250,566,399933816,9,0,1,512,5,6499304347
15367,399936680,126019,400062699,7,0,0,21504,6,5336186109
15368,399941040,115076,400056116,7,0,0,77824,6,6139258150
15369,399945010,3422,399948432,7,0,1,3584,6,6463949126
15370,399948680,5326,399954006,7,0,1,5632,6,8174844483
15371,399967560,3898,399971458,0,0,1,4096,6,488460455
15372,400040541,135635,400176176,2,0,0,94208,10,7002870273
15373,400048351,137520,400185871,2,0,0,31744,10,5991901351
15374,400093300,6754,400100054,7,0,1,7168,6,7560964252
15375,400110781,145411,400256192,9,0,0,11776,5,5257148804
15376,400121880,76778,400198658,3,0,0,512,6,10509661877
15377,400169960,21672,400191632,0,0,1,6144,6,214173034
15378,400187160,123441,400310601,7,0,0,73216,6,6550272392
15379,400271280,43904,400315184,3,0,0,512,6,7128205533
15380,400279670,6754,400286424,0,0,1,7168,6,351371026
15381,400320140,45596,400365736,3,0,0,1024,6,9035998769
15382,400330140,43904,400374044,3,0,0,512,6,4363122163
15383,400384900,45596,400430496,3,0,0,1024,6,759263326
15384,400473280,3898,400477178,4,0,1,4096,18,10413308505
15385,400499940,11533,400511473,3,0,1,18944,6,2441763626
15386,400509370,3645,400513015,0,0,1,10240,6,2377501121
15387,400538801,130062,400668863,9,0,0,56832,5,6703048529
15388,400548170,47288,400595458,3,0,0,1536,6,8449431215
15389,400565091,69284,400634375,2,0,0,8192,10,2966058735
15390,400588750,2946,400591696,9,0,1,3072,5,9440165720
15391,400629510,72702,400702212,3,0,0,1536,6,9484261749
15392,400691030,2470,400693500,0,0,1,2560,6,675202433
15393,400698930,1042,400699972,4,0,1,1024,18,9199374233
15394,400701101,10241,400711342,5,0,1,16384,19,3144959211
15395,400706810,92840,400799650,7,0,0,19968,6,1584174742
15396,400717200,1994,400719194,0,0,1,2048,6,1552520697
15397,400729081,117771,400846852,9,0,0,22528,5,3914884782
15398,400743401,4162,400747563,5,0,1,11264,19,9896320247
15399,400744760,9352,400754112,4,0,1,7680,18,2018761870
15400,400771960,2946,400774906,8,0,1,3072,3,7477397422
15401,400803160,4679,400807839,8,0,1,12288,3,6037834639
15402,400803330,6135,400809465,0,0,1,2560,6,8015478585
15403,400829961,2470,400832431,5,0,1,2560,19,8422548108
15404,400830391,306002,401136393,9,0,0,15360,5,10447735897
15405,400831241,267244,401098485,9,0,0,91136,5,8099256095
15406,400839871,124309,400964180,9,0,0,3072,5,4859548003
15407,400844240,5550,400849790,4,0,1,3072,18,6394481783
15408,400848940,5326,400854266,8,0,1,5632,3,8126551588
15409,400857121,300830,401157951,2,0,0,23040,10,3402525550
15410,400892420,2946,400895366,0,0,1,3072,6,3989557861
15411,400903930,1994,400905924,8,0,1,2048,3,619905263
15412,400918251,210420,401128671,2,0,0,68096,10,650304262
15413,400921831,54774,400976605,2,0,0,3584,10,3046944181
15414,400951890,10499,400962389,4,0,1,16896,18,416823951
15415,400964550,7230,400971780,9,0,1,7680,5,5711636619
15416,400993550,3387,400996937,4,0,1,9728,18,2962712782
15417,401029071,155484,401184555,2,0,0,26112,10,3838582076
15418,401032810,13600,401046410,8,0,1,23040,3,1617428366
15419,401087651,71719,401159370,2,0,0,4608,10,5384120260
15420,401103871,97958,401201829,9,0,0,1024,5,6655584878
15421,401131860,76737,401208597,3,0,0,3072,6,5421132244
15422,401189120,1994,401191114,0,0,1,2048,6,5308026688
15423,401202350,45354,401247704,3,0,0,512,6,10701715214
15424,401224110,192777,401416887,7,0,0,147968,6,4879858654
15425,401245350,6278,401251628,0,0,1,6656,6,10056993128
15426,401270051,1042,401271093,5,0,1,1024,19,4056388126
15427,401279760,286347,401566107,7,0,0,27136,6,9495945216
15428,401287411,158137,401445548,9,0,0,5120,5,2151769895
15429,401293031,2946,401295977,5,0,1,3072,19,10557807190
15430,401295340,3422,401298762,9,0,1,3584,5,1073330857
15431,401339860,3387,401343247,4,0,1,9728,18,186674986
15432,401341660,75398,401417058,3,0,0,512,6,4890381429
15433,401355330,4850,401360180,6,0,1,5120,9,4096084486
15434,401412750,8198,401420948,0,0,1,4096,6,6285464842
15435,401437510,128768,401566278,3,0,0,512,6,3386804123
15436,401440000,70688,401510688,3,0,0,12800,6,1607392976
15437,401443161,180516,401623677,9,0,0,13312,5,7550179070
15438,401445620,11791,401457411,9,0,1,19456,5,3125019754
15439,401448020,10467,401458487,9,0,1,13312,5,2952089654
15440,401484300,306970,401791270,3,0,0,40960,6,1718840117
15441,401491960,4374,401496334,0,0,1,4608,6,10444641396
15442,401504231,6480,401510711,5,0,1,6656,19,4789726120
15443,401510350,3752,401514102,0,0,1,3584,6,1305402357
15444,401529570,2470,401532040,4,0,1,2560,18,7099605739
15445,401542060,4679,401546739,9,0,1,12288,5,7951504453
15446,401546490,595,401547085,0,0,1,512,6,4143313401
15447,401553220,225368,401778588,3,0,0,68096,6,5868512087
15448,401553570,13600,401567170,6,0,1,23040,9,5945251679
15449,401595970,161855,401757825,7,0,0,61952,6,10434809575
15450,401608130,1518,401609648,0,0,1,1536,6,1134180446
15451,401634690,2946,401637636,9,0,1,3072,5,6159196091
15452,401637280,702,401637982,6,0,1,512,9,10628445357
15453,401662440,5454,401667894,1,0,1,13824,17,369396467
15454,401672300,6278,401678578,6,0,1,6656,9,6442551697
15455,401675440,4444,401679884,6,0,1,2048,9,8763105563
15456,401707661,71098,401778759,2,0,0,512,10,9301728483
15457,401710450,1042,401711492,0,0,1,1024,6,10041762148
15458,401731030,160452,401891482,3,0,0,26112,6,7115359716
15459,401755991,195229,401951220,9,0,0,6144,5,1685464717
15460,401769651,255867,402025518,2,0,0,22016,10,4300827763
15461,401771451,128470,401899921,9,0,0,27648,5,7286554156
15462,401799750,10241,401809991,0,0,1,16384,6,7298830457
15463,401828250,1994,401830244,1,0,1,2048,17,1011126634
15464,401866970,1518,401868488,1,0,1,1536,17,3114927026
15465,401915510,7706,401923216,9,0,1,8192,5,9125805781
15466,401944800,4374,401949174,0,0,1,4608,6,643988914
15467,401953861,62516,402016377,9,0,0,6144,5,6963079117
15468,401955591,103691,402059282,5,0,1,168448,19,8578480260
15469,401966420,93528,402059948,0,0,1,1024,6,4430809443
15470,401982650,248614,402231264,3,0,0,11264,6,8556507369
15471,401996171,165891,402162062,2,0,0,20480,10,4530524138
15472,402003910,58304,402062214,0,0,1,3584,6,7018848642
15473,402037961,220691,402258652,9,0,0,2048,5,6615749009
15474,402044840,17720,402062560,9,0,1,512,5,3050188184
15475,402054870,10596,402065466,6,0,1,4608,9,1586792632
15476,402063860,2870,402066730,2,0,1,8704,10,7576604770
15477,402128461,170887,402299348,9,0,0,7680,5,4219572648
15478,402144150,17927,402162077,9,0,1,31232,5,5086137196
15479,402176000,5326,402181326,0,0,1,5632,6,6238647384
15480,402229140,12615,402241755,6,0,1,16896,9,1051267642
15481,402256590,78524,402335114,7,0,0,13312,6,1431471707
15482,402328230,6899,402335129,9,0,1,4096,5,8716359952
15483,402340100,87751,402427851,3,0,0,18432,6,689885612
15484,402376420,278185,402654605,3,0,0,54272,6,2018891017
15485,402414531,23983,402438514,5,0,1,39936,19,4280757241
15486,402416130,23370,402439500,9,0,1,1536,5,9683957132
15487,402435380,4786,402440166,2,0,1,1024,10,2079724416
15488,402446451,44556,402491007,2,0,0,512,10,2925178021
15489,402454540,1042,402455582,9,0,1,1024,5,5150519477
15490,402458000,1994,402459994,2,0,1,2048,10,3907946854
15491,402467921,140763,402608684,2,0,0,8704,10,1017152309
15492,402472411,11274,402483685,5,0,1,18432,19,3063212171
15493,402496410,1994,402498404,6,0,1,2048,9,10210875763
15494,402519711,14117,402533828,5,0,1,24064,19,446149227
15495,402527180,7634,402534814,2,0,1,1536,10,10548747574
15496,402527750,83913,402611663,3,0,0,9728,6,2248256725
15497,402536170,4162,402540332,9,0,1,11264,5,5708780266
15498,402573340,566,402573906,2,0,1,512,10,3263242531
15499,402580090,253549,402833639,7,0,0,37888,6,504375465
15500,402585760,1042,402586802,4,0,1,1024,18,6125483902
15501,402598640,1042,402599682,6,0,1,1024,9,9638086915
15502,402641230,18693,402659923,2,0,1,5632,10,1371511395
15503,402699711,24670,402724381,5,0,1,44544,19,5430346862
15504,402748601,207975,402956576,2,0,0,26624,10,8954956021
15505,402749210,2946,402752156,6,0,1,3072,9,8423412110
15506,402786831,46823,402833654,5,0,1,68096,19,8141900775
15507,402799690,252950,403052640,7,0,0,38912,6,3835589956
15508,402840530,2470,402843000,4,0,1,2560,18,9040529984
15509,402843451,12737,402856188,5,0,1,24576,19,7345005621
15510,402851550,5304,402856854,6,0,1,1024,9,8715047685
15511,402905821,230599,403136420,9,0,0,88576,5,9041469859
15512,402945480,11111,402956591,3,0,1,5120,6,4750358116
15513,402957580,96011,403053591,7,0,0,3072,6,6266050112
15514,402965870,2946,402968816,4,0,1,3072,18,7899192764
15515,402972780,5326,402978106,2,0,1,5632,10,9187398515
15516,402987990,1518,402989508,9,0,1,1536,5,1716421256
15517,403001420,3898,403005318,6,0,1,4096,9,6680305865
15518,403028310,3422,403031732,9,0,1,3584,5,1463110511
15519,403073351,130085,403203436,9,0,0,34304,5,2191069982
15520,403087891,5326,403093217,5,0,1,5632,19,8812039134
15521,403089210,78190,403167400,3,0,0,10752,6,4546138628
15522,403170820,10757,403181577,4,0,1,17408,18,6201791871
15523,403205120,5971,403211091,6,0,1,14848,9,3452334678
15524,403212991,2946,403215937,6,0,1,3072,9,3802827065
15525,403249380,99476,403348856,7,0,0,26624,6,1975364530
15526,403255501,26738,403282239,5,0,1,48640,19,254619473
15527,403275470,152832,403428302,3,0,0,59392,6,5699825080
15528,403330030,1518,403331548,7,0,1,1536,6,7597662746
15529,403333900,3904,403337804,2,0,1,10752,10,6216724058
15530,403341450,12248,403353698,4,0,1,5120,18,2189333827
15531,403353350,6278,403359628,4,0,1,6656,18,6747300952
15532,403372060,1518,403373578,9,0,1,1536,5,1935696756
15533,403440340,5802,403446142,4,0,1,6144,18,8710989665
15534,403443600,5454,403449054,4,0,1,13824,18,6623045632
15535,403466600,4679,403471279,4,0,1,12288,18,4875432518
15536,403467850,4415,403472265,9,0,1,1536,5,1175865758
15537,403481091,260482,403741573,9,0,0,61952,5,10122871043
15538,403489170,1994,403491164,7,0,1,2048,6,6853176864
15539,403494630,228052,403722682,3,0,0,63488,6,1929089903
15540,403502850,66524,403569374,7,0,0,9216,6,4059407312
15541,403515301,88868,403604169,2,0,0,5632,10,3151898370
15542,403570431,4374,403574805,6,0,1,4608,9,1869331081
15543,403595410,62516,403657926,3,0,0,6144,6,5799412335
15544,403643960,209441,403853401,3,0,0,27136,6,1626175347
15545,403647860,161453,403809313,7,0,0,40960,6,3792491472
15546,403652571,25962,403678533,5,0,1,47104,19,8306678384
15547,403661340,20419,403681759,9,0,1,5120,5,7247968407
15548,403664870,302957,403967827,7,0,0,104960,6,6325100455
15549,403694590,46998,403741588,7,0,1,17920,6,9061424267
15550,403744110,3422,403747532,9,0,1,3584,5,5595355380
15551,403745310,2568,403747878,4,0,1,512,18,9626063837
15552,403768160,4420,403772580,7,0,1,11776,6,4726691311
15553,403773580,566,403774146,7,0,1,512,6,2053963614
15554,403773820,6754,403780574,7,0,1,7168,6,8243762246
15555,403851550,4313,403855863,2,0,1,2560,10,789825203
15556,403853630,7346,403860976,4,0,1,7168,18,9225176469
15557,403891060,11791,403902851,2,0,1,19456,10,1631868252
15558,403926821,3898,403930719,6,0,1,4096,9,5406487977
15559,403942631,67396,404010027,5,0,1,68608,19,1174307966
15560,403950340,60353,404010693,7,0,1,1024,6,10436516776
15561,403962471,48568,404011039,6,0,1,512,9,4145260294
15562,403979460,31925,404011385,4,0,1,512,18,7576010321
15563,403990080,26131,404016211,2,0,1,7680,10,1362266840
15564,403994601,107565,404102166,9,0,0,33280,5,6820340490
15565,403996910,20172,404017082,9,0,1,12288,5,864127307
15566,404004310,14078,404018388,9,0,1,2048,5,5038674829
15567,404005950,14384,404020334,4,0,1,3072,18,2405313169
15568,404032480,2946,404035426,7,0,1,3072,6,6726302202
15569,404081691,2470,404084161,5,0,1,2560,19,9483704371
15570,404140181,5326,404145507,6,0,1,5632,9,10192078750
15571,404142050,7323,404149373,4,0,1,6144,18,8098891489
15572,404148740,5326,404154066,4,0,1,5632,18,4530242219
15573,404156571,1518,404158089,6,0,1,1536,9,8622818036
15574,404167880,566,404168446,7,0,1,512,6,4384538305
15575,404175090,77900,404252990,3,0,0,11264,6,3966448318
15576,404200681,5196,404205877,5,0,1,13312,19,2276211410
15577,404205550,268285,404473835,7,0,0,45056,6,8975255062
15578,404206550,1994,404208544,2,0,1,2048,10,7379979577
15579,404258661,95780,404354441,9,0,0,24576,5,10170884361
15580,404260650,2470,404263120,9,0,1,2560,5,1960561113
15581,404288120,2946,404291066,9,0,1,3072,5,5952085417
15582,404294580,110480,404405060,7,0,0,23040,6,2134826226
15583,404305800,215907,404521707,7,0,0,63488,6,10530082386
15584,404409320,2946,404412266,7,0,1,3072,6,5353736418
15585,404491300,1042,404492342,7,0,1,1024,6,4526235880
15586,404506021,81578,404587599,9,0,0,7168,5,6196005771
15587,404512960,9330,404522290,7,0,1,512,6,9940983579
15588,404581810,5804,404587614,7,0,1,12800,6,2579538877
15589,404693250,104156,404797406,3,0,0,41984,6,7181671036
15590,404728371,185685,404914056,9,0,0,17920,5,10277121714
15591,404743411,64225,404807636,5,0,1,104960,19,1527499782
15592,404762361,132747,404895108,9,0,0,6144,5,7750969752
15593,404785590,24952,404810542,7,0,1,4608,6,7508359160
15594,404811221,212178,405023399,9,0,0,26112,5,2546221496
15595,404832031,11016,404843047,5,0,1,17920,19,8967808901
15596,404884800,5802,404890602,4,0,1,6144,18,6201194109
15597,404970360,2946,404973306,4,0,1,3072,18,5988444750
15598,404979210,566,404979776,9,0,1,512,5,6602255932
15599,405017020,7413,405024433,7,0,1,1024,6,9738543560
15600,405052670,10241,405062911,9,0,1,16384,5,6105630539
15601,405058221,69596,405127817,2,0,0,9216,10,2667669501
15602,405074830,4850,405079680,4,0,1,5120,18,5903431084
15603,405083841,52549,405136390,5,0,1,85504,19,7310310774
15604,405189160,12566,405201726,9,0,1,20992,5,6480714751
15605,405190911,72582,405263493,2,0,0,2560,10,10234090526
15606,405198910,183688,405382598,7,0,0,75264,6,8726976535
15607,405212770,1042,405213812,7,0,1,1024,6,2568580366
15608,405219150,103220,405322370,3,0,0,38912,6,4287659364
15609,405225380,7706,405233086,7,0,1,8192,6,6990972814
15610,405234570,261932,405496502,7,0,0,98816,6,8452310142
15611,405290160,313151,405603311,7,0,0,90624,6,5307079667
15612,405302850,19535,405322385,4,0,1,8192,18,10703009763
15613,405327481,55140,405382621,5,0,1,71168,19,2401126432
15614,405337911,299431,405637342,9,0,0,111616,5,6756143124
15615,405341980,345931,405687911,7,0,0,68608,6,2703466809
15616,405344460,38176,405382636,7,0,1,7680,6,3062555825
15617,405344640,38011,405382651,9,0,1,1536,5,5909937093
15618,405369540,15940,405385480,9,0,1,8704,5,4089943733
15619,405432881,300265,405733146,9,0,0,33280,5,8045546576
15620,405475850,27132,405502982,6,0,1,15872,9,10129439755
15621,405513541,1518,405515059,6,0,1,1536,9,10341931070
15622,405581160,110822,405691982,3,0,0,13312,6,9343918386
15623,405598181,43068,405641249,5,0,1,4096,19,9488774579
15624,405614281,30806,405645087,5,0,1,15872,19,10720794265
15625,405645560,1518,405647078,2,0,1,1536,10,10114831066
15626,405694880,112489,405807369,7,0,0,36352,6,10120684537
15627,405705810,5326,405711136,2,0,1,5632,10,10388440283
15628,405744650,95835,405840485,3,0,0,9216,6,10618035192
15629,405774851,32533,405807384,5,0,1,47104,19,8218023666
15630,405828400,4374,405832774,4,0,1,4608,18,2887105565
15631,405881990,168192,406050182,7,0,0,19456,6,7700251058
15632,405904221,233181,406137402,2,0,0,24064,10,2818836958
15633,405926600,1994,405928594,2,0,1,2048,10,5992981987
15634,405929320,7706,405937026,2,0,1,8192,10,988330195
15635,405985291,68528,406053819,9,0,0,10752,5,280157777
15636,406027560,129167,406156727,3,0,0,18944,6,4027303534
15637,406067040,3904,406070944,2,0,1,10752,10,2589852283
15638,406159510,1518,406161028,2,0,1,1536,10,4669815553
15639,406266990,5802,406272792,4,0,1,6144,18,10282637493
15640,406334921,58064,406392985,9,0,0,6656,5,2817553723
15641,406350771,115388,406466159,9,0,0,78848,5,4920432357
15642,406403260,102602,406505862,4,0,0,6656,18,4863566172
15643,406428440,3128,406431568,1,0,1,9216,17,9900793160
15644,406435410,3898,406439308,2,0,1,4096,10,1835357224
15645,406456461,122582,406579043,9,0,0,70656,5,6002450798
15646,406471430,2470,406473900,4,0,1,2560,18,5016578283
15647,406528151,340383,406868534,9,0,0,49664,5,7584404902
15648,406536390,13341,406549731,4,0,1,22528,18,1328657700
15649,406564080,289307,406853387,7,0,0,126464,6,10118024642
15650,406576340,188985,406765325,3,0,0,29184,6,3083349723
15651,406652790,98621,406751411,7,0,0,16896,6,2103210382
15652,406672461,128975,406801436,9,0,0,18432,5,10671707221
15653,406673771,82647,406756418,9,0,0,16384,5,3629887313
15654,406682021,113784,406795805,2,0,0,10240,10,9776009117
15655,406741571,129942,406871513,2,0,0,9728,10,9898719899
15656,406742370,566,406742936,1,0,1,512,17,10614097750
15657,406765500,3128,406768628,1,0,1,9216,17,1674807133
15658,406811550,69365,406880915,7,0,0,6144,6,1854358534
15659,406895730,1518,406897248,2,0,1,1536,10,8499331952
15660,406941711,77612,407019323,9,0,0,15360,5,3498896341
15661,406977020,124557,407101577,3,0,0,57344,6,7612914355
15662,406988660,4374,406993034,2,0,1,4608,10,1702563592
15663,406994560,1994,406996554,1,0,1,2048,17,8373627961
15664,406998110,6278,407004388,2,0,1,6656,10,1252912642
15665,407048171,138406,407186577,9,0,0,96256,5,4695896319
15666,407127860,95867,407223727,3,0,0,22016,6,8201607880
15667,407153901,54712,407208613,9,0,0,1536,5,4947574373
15668,407175730,14261,407189991,2,0,1,3584,10,7244895998
15669,407189720,4850,407194570,1,0,1,5120,17,3915276750
15670,407190370,121140,407311510,3,0,0,21504,6,9844368147
15671,407213280,1518,407214798,2,0,1,1536,10,1402826523
15672,407319960,98271,407418231,7,0,0,22528,6,4374822014
15673,407333740,77612,407411352,3,0,0,15360,6,2460820427
15674,407370600,100334,407470934,7,0,0,28160,6,538028684
15675,407399751,107747,407507498,9,0,0,7168,5,5076800799
15676,407463141,78761,407541902,2,0,0,8704,10,5030784357
15677,407527810,4374,407532184,1,0,1,4608,17,1976537271
15678,407543741,225980,407769721,2,0,0,43008,10,3363809674
15679,407551980,2870,407554850,1,0,1,8704,17,7466780264
15680,407572640,3422,407576062,1,0,1,3584,17,7583963907
15681,407581240,2946,407584186,2,0,1,3072,10,9428286207
15682,407598990,5326,407604316,2,0,1,5632,10,3360347714
15683,407606520,64208,407670728,7,0,0,6656,6,24479459
15684,407624550,46349,407670899,7,0,0,512,6,5252811515
15685,407628740,3898,407632638,9,0,1,4096,5,7958951623
15686,407662760,5326,407668086,2,0,1,5632,10,6879913539
15687,407706540,101348,407807888,7,0,0,32768,6,6751261620
15688,407709630,2946,407712576,9,0,1,3072,5,8876713172
15689,407719211,125776,407844987,2,0,0,31232,10,10395794646
15690,407848860,4162,407853022,1,0,1,11264,17,2211846209
15691,407871610,7230,407878840,1,0,1,7680,17,3572875172
15692,407899840,6278,407906118,2,0,1,6656,10,10645756734
15693,407907000,4937,407911937,1,0,1,12800,17,9113594744
15694,407928890,3898,407932788,2,0,1,4096,10,5975753081
15695,408012300,5326,408017626,2,0,1,5632,10,10095449416
15696,408053300,67887,408121187,4,0,0,6656,18,2455268238
15697,408054860,6229,408061089,9,0,1,15360,5,7392398338
15698,408062170,3904,408066074,1,0,1,10752,17,9437769884
15699,408062780,245999,408308779,7,0,0,63488,6,10485392717
15700,408080011,93774,408173785,9,0,0,18432,5,8074550028
15701,408095420,105240,408200660,7,0,0,6656,6,9163706216
15702,408127141,112360,408239501,2,0,0,11776,10,3701077548
15703,408220411,64208,408284619,9,0,0,6656,5,5812006759
15704,408247740,1518,408249258,2,0,1,1536,10,3577638415
15705,408288080,20714,408308794,2,0,1,2048,10,10423526785
15706,408311860,3128,408314988,9,0,1,9216,5,6316331602
15707,408314480,165273,408479753,7,0,0,17920,6,1098812552
15708,408315750,4374,408320124,9,0,1,4608,5,7089235680
15709,408353271,71000,408424271,9,0,0,13824,5,3693664020
15710,408370500,5802,408376302,9,0,1,6144,5,127216830
15711,408388410,103534,408491944,3,0,0,39936,6,10099917612
15712,408459700,102440,408562140,4,0,0,36352,18,7670277899
15713,408479550,16727,408496277,2,0,1,4608,10,9660023843
15714,408484810,13733,408498543,2,0,1,3584,10,9194826485
15715,408497430,158982,408656412,4,0,0,46080,18,8406094825
15716,408557921,183709,408741630,9,0,0,97792,5,4463387001
15717,408616970,5802,408622772,1,0,1,6144,17,204255107
15718,408640020,103185,408743205,7,0,0,5120,6,2393891834
15719,408649310,123467,408772777,7,0,0,25088,6,4548921466
15720,408675921,71500,408747421,9,0,0,3584,5,7495968055
15721,408770351,90182,408860533,2,0,0,18432,10,1240357094
15722,408848860,96380,408945240,4,0,0,21504,18,4813473919
15723,408906120,95024,409001144,4,0,0,27136,18,8410303551
15724,408914260,127256,409041516,3,0,0,32768,6,9999175637
15725,408930310,3422,408933732,9,0,1,3584,5,3379494832
15726,409015331,63457,409078788,9,0,0,6656,5,2830808631
15727,409025160,5454,409030614,2,0,1,13824,10,4423846761
15728,409030441,118180,409148621,9,0,0,29696,5,7045887390
15729,409081060,166195,409247255,4,0,0,125440,18,7513512193
15730,409108420,146338,409254758,3,0,0,24576,6,7806447873
15731,409123881,163352,409287233,2,0,0,28672,10,170658968
15732,409127990,5454,409133444,2,0,1,13824,10,6150264852
15733,409148550,210767,409359317,3,0,0,103936,6,1471622415
15734,409253380,2412,409255792,2,0,1,1024,10,220778863
15735,409348431,70010,409418441,9,0,0,5120,5,2137877232
15736,409362690,191684,409554374,3,0,0,167936,6,8096272023
15737,409377220,1518,409378738,2,0,1,1536,10,900518173
15738,409398271,169690,409567961,9,0,0,44544,5,4079453198
15739,409463560,4937,409468497,2,0,1,12800,10,206168890
15740,409480620,119709,409600329,7,0,0,24064,6,1224151368
15741,409537980,34865,409572845,3,0,1,5120,6,42141690
15742,409541041,216834,409757875,9,0,0,5632,5,4302750241
15743,409553070,304219,409857289,7,0,0,103936,6,2538067919
15744,409570300,12825,409583125,2,0,1,21504,10,8529663088
15745,409572431,398612,409971043,9,0,0,279552,5,2152413221
15746,409588140,12204,409600344,9,0,1,5632,5,4381861286
15747,409597600,9224,409606824,8,0,1,15872,3,9647833166
15748,409645890,10757,409656647,8,0,1,17408,3,8963967607
15749,409720480,5196,409725676,7,0,1,13312,6,4967381358
15750,409811230,3645,409814875,2,0,1,10240,10,9228391739
15751,409866671,143816,410010487,2,0,0,54784,10,2714752602
15752,409896370,184437,410080807,3,0,0,60416,6,9281747864
15753,409922840,55016,409977856,9,0,1,7168,5,8105005178
15754,409939750,39079,409978829,8,0,1,12800,3,3899323611
15755,409942720,38375,409981095,8,0,1,3584,3,5998876232
15756,409995230,133211,410128441,7,0,0,24064,6,9270850499
15757,410018040,5802,410023842,1,0,1,6144,17,6132336593
15758,410042411,145516,410187927,2,0,0,57344,10,4522935621
15759,410057720,276037,410333757,4,0,0,96256,18,9715065567
15760,410090130,249570,410339700,4,0,0,19456,18,5758361965
15761,410118640,180579,410299219,7,0,0,21504,6,6532842559
15762,410118711,167068,410285779,9,0,0,37888,5,9055238224
15763,410178061,268824,410446885,9,0,0,26112,5,5516225878
15764,410226560,4679,410231239,0,0,1,12288,6,4920850803
15765,410255960,150043,410406003,7,0,0,34816,6,8271254087
15766,410264670,121245,410385915,4,0,0,74752,18,1598989255
15767,410292010,10499,410302509,9,0,1,16896,5,6178385199
15768,410292390,11105,410303495,2,0,1,1536,10,7113024744
15769,410318761,362329,410681090,2,0,0,118272,10,8013068152
15770,410327840,13395,410341235,9,0,1,1536,5,3449019158
15771,410349490,7230,410356720,1,0,1,7680,17,7355612855
15772,410354440,2946,410357386,0,0,1,1024,6,10681194142
15773,410367710,25920,410393630,1,0,1,8192,17,6968641996
15774,410370320,23771,410394091,0,0,1,10240,6,7113228916
15775,410389230,387232,410776462,3,0,0,169472,6,2548499989
15776,410404820,6371,410411191,8,0,1,13312,3,1451086741
15777,410410580,1994,410412574,8,0,1,2048,3,2450819263
15778,410441870,10809,410452679,9,0,1,6144,5,9784938855
15779,410485980,5971,410491951,8,0,1,14848,3,5580732879
15780,410500010,3898,410503908,8,0,1,4096,3,7367057394
15781,410509270,1994,410511264,1,0,1,2048,17,9956380040
15782,410523130,3422,410526552,7,0,1,3584,6,1640657609
15783,410537360,152050,410689410,3,0,0,6144,6,2086104454
15784,410591090,90803,410681893,7,0,0,2560,6,7051428271
15785,410601800,2470,410604270,8,0,1,2560,3,3937120970
15786,410603950,7706,410611656,8,0,1,8192,3,1040948810
15787,410629340,171037,410800377,7,0,0,78336,6,2464831798
15788,410662190,20253,410682443,9,0,1,512,5,8665395654
15789,410675811,200288,410876099,9,0,0,31744,5,8244382788
15790,410726261,79877,410806138,6,0,1,6144,9,5330320591
15791,410729161,167186,410896347,2,0,0,29184,10,380255396
15792,410751030,55454,410806484,1,0,1,512,17,4703718644
15793,410768930,38860,410807790,1,0,1,2048,17,6609924786
15794,410781250,338538,411119788,7,0,0,141824,6,574247681
15795,410784180,179757,410963937,7,0,0,23040,6,3650223540
15796,410822110,1518,410823628,0,0,1,1536,6,4235180945
15797,410835230,1042,410836272,2,0,1,1024,10,3977913444
15798,410839910,1042,410840952,7,0,1,1024,6,4065135401
15799,410840370,130025,410970395,3,0,0,6656,6,838822732
15800,410844291,175534,411019825,2,0,0,10240,10,1488750856
15801,410869890,9605,410879495,7,0,1,9728,6,3425201883
15802,410872090,10886,410882976,1,0,1,10752,17,7320170597
15803,410900110,566,410900676,8,0,1,512,3,4095609833
15804,410901410,2470,410903880,1,0,1,2560,17,7306769940
15805,410914260,2470,410916730,1,0,1,2560,17,8372350686
15806,410951030,185629,411136659,3,0,0,55296,6,2643121982
15807,410956590,7362,410963952,7,0,1,5632,6,4877587878
15808,410983640,1994,410985634,2,0,1,2048,10,6805153825
15809,410994220,4420,410998640,1,0,1,11776,17,7318202470
15810,411003340,4162,411007502,8,0,1,11264,3,8388050944
15811,411026950,5326,411032276,0,0,1,5632,6,8019869599
15812,411030241,312219,411342460,9,0,0,232960,5,6709913254
15813,411036701,224853,411261554,2,0,0,26624,10,6832889958
15814,411037270,154152,411191422,0,0,0,512,6,10442069461
15815,411041340,5326,411046666,1,0,1,5632,17,1594319831
15816,411089410,54513,411143923,0,0,1,7680,6,7410081920
15817,411103280,40797,411144077,1,0,1,8704,17,5027279969
15818,411109371,238876,411348247,9,0,0,18944,5,2028235310
15819,411119020,84246,411203266,3,0,0,4096,6,10454105018
15820,411119850,35977,411155827,8,0,1,24064,3,9936327574
15821,411189970,1518,411191488,2,0,1,1536,10,4188452988
15822,411209460,227608,411437068,4,0,0,86528,18,2349211486
15823,411232030,2470,411234500,7,0,1,2560,6,5856029531
15824,411243720,4850,411248570,0,0,1,5120,6,9959254099
15825,411255420,8996,411264416,1,0,1,8704,17,931169803
15826,411300050,49799,411349849,0,0,1,1536,6,2197481067
15827,411304100,47375,411351475,2,0,1,2560,10,4177582358
15828,411325640,30217,411355857,2,0,1,6656,10,6738682924
15829,411331560,105695,411437255,7,0,0,512,6,2040693503
15830,411338180,18663,411356843,4,0,1,1536,18,3167322840
15831,411353550,3754,411357304,8,0,1,10240,3,2836254840
15832,411363900,1994,411365894,8,0,1,2048,3,9080262425
15833,411365710,99320,411465030,3,0,0,26112,6,493769943
15834,411412480,32465,411444945,7,0,1,8192,6,546304423
15835,411413200,129367,411542567,3,0,0,11264,6,3982460946
15836,411429210,126944,411556154,3,0,0,44544,6,4615159863
15837,411438510,6589,411445099,4,0,1,8704,18,5896211821
15838,411457670,11267,411468937,0,0,1,4096,6,2098613184
15839,411463350,6573,411469923,0,0,1,1536,6,1762732690
15840,411477340,4679,411482019,8,0,1,12288,3,2647598332
15841,411492190,3128,411495318,3,0,1,9216,6,10540187823
15842,411521571,144782,411666353,9,0,0,2560,5,7810731127
15843,411532830,132720,411665550,4,0,0,79872,18,166073805
15844,411542690,15016,411557706,7,0,1,1536,6,4525247010
15845,411544321,244300,411788621,2,0,0,44032,10,8309739993
15846,411553610,6944,411560554,2,0,1,4096,10,6574906519
15847,411566370,144206,411710576,4,0,0,5120,18,9447651559
15848,411584080,114436,411698516,3,0,0,20992,6,4416065823
15849,411593600,222344,411815944,4,0,0,89600,18,9106757885
15850,411594821,180369,411775190,9,0,0,19456,5,1519113030
15851,411643391,187833,411831224,2,0,0,5632,10,2872826113
15852,411686450,1994,411688444,8,0,1,2048,3,985002423
15853,411694580,11158,411705738,2,0,1,7680,10,1029576249
15854,411713440,107468,411820908,3,0,0,6656,6,5480203708
15855,411720620,6754,411727374,7,0,1,7168,6,1575007058
15856,411740640,3898,411744538,0,0,1,4096,6,7777961315
15857,411743250,3554,411746804,8,0,1,3584,3,567303832
15858,411762890,566,411763456,8,0,1,512,3,394974305
15859,411766960,246138,412013098,7,0,0,49152,6,1075195443
15860,411775850,205953,411981803,4,0,0,72192,18,2768389746
15861,411819140,386222,412205362,4,0,0,57856,18,3309628176
15862,411827731,262917,412090648,9,0,0,70656,5,495324645
15863,411834651,214468,412049119,9,0,0,114688,5,7474709202
15864,411836040,3898,411839938,7,0,1,4096,6,4493633237
15865,411868670,1042,411869712,7,0,1,1024,6,9443402034
15866,411900481,161080,412061561,2,0,0,24064,10,6450324170
15867,411919341,228259,412147600,9,0,0,96256,5,8395501242
15868,411966940,15897,411982837,8,0,1,1024,3,878553245
15869,412057711,166394,412224105,2,0,0,61440,10,6492071369
15870,412074970,21965,412096935,1,0,1,6656,17,7056087935
15871,412089280,17522,412106802,8,0,1,24064,3,538340241
15872,412096290,12778,412109068,8,0,1,3584,3,550719209
15873,412112920,230487,412343407,3,0,0,134656,6,989850190
15874,412129380,21634,412151014,0,0,1,3584,6,2794952311
15875,412156170,98773,412254943,4,0,0,5632,18,2664189610
15876,412189990,36068,412226058,8,0,1,2048,3,10352204515
15877,412206040,34518,412240558,1,0,1,30720,17,9697018488
15878,412282890,180914,412463804,7,0,0,102912,6,6675002992
15879,412296001,56994,412352995,2,0,0,2560,10,7282663119
15880,412375600,1518,412377118,2,0,1,1536,10,4847106479
15881,412382460,3128,412385588,8,0,1,9216,3,4572897665
15882,412389010,1518,412390528,1,0,1,1536,17,3672833285
15883,412403440,4679,412408119,1,0,1,12288,17,3272623552
15884,412404610,6045,412410655,2,0,1,3584,10,5118751427
15885,412408081,11826,412419907,5,0,1,18944,19,7952588789
15886,412424860,1518,412426378,1,0,1,1536,17,2357194010
15887,412433880,154659,412588539,4,0,0,38912,18,99927569
15888,412446960,19373,412466333,3,0,1,2560,6,4455905410
15889,412451260,154151,412605411,3,0,0,33792,6,8342947917
15890,412459410,9509,412468919,1,0,1,4096,17,622322596
15891,412493021,247869,412740890,2,0,0,112640,10,5584261193
15892,412494580,6278,412500858,1,0,1,6656,17,8759737061
15893,412521670,1042,412522712,9,0,1,1024,5,3917383763
15894,412533710,4850,412538560,7,0,1,5120,6,166301892
15895,412545480,1994,412547474,8,0,1,2048,3,4488528366
15896,412585690,6245,412591935,0,0,1,9728,6,9741628973
15897,412587040,5241,412592281,1,0,1,512,17,1054935397
15898,412594060,94883,412688943,4,0,0,13312,18,1394177328
15899,412603770,7911,412611681,2,0,1,6656,10,2269972349
15900,412621080,3898,412624978,2,0,1,4096,10,8314151407
15901,412631030,328076,412959106,4,0,0,18944,18,7349887841
15902,412640490,7230,412647720,8,0,1,7680,3,10369271219
15903,412641570,6496,412648066,1,0,1,512,17,4256199512
15904,412641881,231862,412873743,9,0,0,60928,5,2951976856
15905,412657410,1518,412658928,8,0,1,1536,3,10355188167
15906,412664751,31524,412696275,5,0,1,51200,19,8144034870
15907,412679880,20581,412700461,9,0,1,6656,5,1574556306
15908,412770230,1994,412772224,8,0,1,2048,3,9072502540
15909,412786000,1042,412787042,2,0,1,1024,10,7570348797
15910,412790010,10241,412800251,9,0,1,16384,5,4138094937
15911,412804370,70332,412874702,4,0,0,3072,18,4991316712
15912,412822270,2470,412824740,9,0,1,2560,5,291799227
15913,412851110,143427,412994537,3,0,0,19968,6,2855821653
15914,412855451,161994,413017445,9,0,0,39424,5,6383814299
15915,412886580,4374,412890954,7,0,1,4608,6,10397133290
15916,412900420,3904,412904324,7,0,1,10752,6,6937952197
15917,412905790,77197,412982987,3,0,0,6144,6,2925397054
15918,412930250,1042,412931292,8,0,1,1024,3,1233629209
15919,412991190,87815,413079005,7,0,0,17408,6,785817263
15920,413036541,161703,413198244,2,0,0,73728,10,3261386362
15921,413058690,5326,413064016,8,0,1,5632,3,4772218602
15922,413062351,150223,413212574,9,0,0,24576,5,7833020172
15923,413064840,102947,413167787,4,0,0,13824,18,7331052551
15924,413073880,125167,413199047,7,0,0,2560,6,7712054893
15925,413093650,4374,413098024,7,0,1,4608,6,3911681468
15926,413102971,1042,413104013,5,0,1,1024,19,2959289410
15927,413145810,2946,413148756,1,0,1,3072,17,10657090296
15928,413147331,7230,413154561,5,0,1,7680,19,7680614054
15929,413183391,228798,413412189,2,0,0,88064,10,6497671098
15930,413222190,2470,413224660,1,0,1,2560,17,5529988061
15931,413306720,115780,413422500,7,0,0,33792,6,8861300558
15932,413337660,1042,413338702,2,0,1,1024,10,8934542780
15933,413369890,53405,413423295,7,0,0,2560,6,3213097141
15934,413444751,3645,413448396,5,0,1,10240,19,6275388870
15935,413509621,13253,413522874,5,0,1,25600,19,10415187451
15936,413537390,332013,413869403,7,0,0,54272,6,10078078298
15937,413547210,566,413547776,8,0,1,512,3,6372314971
15938,413564080,213805,413777885,8,0,0,37376,3,358447175
15939,413567271,145099,413712370,2,0,0,30720,10,10141978161
15940,413574461,5712,413580173,5,0,1,14336,19,5892802221
15941,413599340,2946,413602286,2,0,1,3072,10,6064252326
15942,413606330,246514,413852844,3,0,0,55808,6,950492464
15943,413647870,5326,413653196,8,0,1,5632,3,5951549803
15944,413672271,244071,413916342,2,0,0,24576,10,7558798901
15945,413678370,1994,413680364,2,0,1,2048,10,2599848097
15946,413701021,76879,413777900,5,0,1,115712,19,5827698486
15947,413727890,158944,413886834,7,0,0,31744,6,2152457153
15948,413752480,25435,413777915,2,0,1,9216,10,8890049428
15949,413776050,196435,413972485,8,0,0,33280,3,2198476026
15950,413838250,239954,414078204,4,0,0,30208,18,7452995648
15951,413871491,15358,413886849,5,0,1,7680,19,4791118123
15952,413961620,10880,413972500,2,0,1,5120,10,845821745
15953,413974470,1042,413975512,8,0,1,1024,3,726836864
15954,414008100,566,414008666,9,0,1,512,5,1453304691
15955,414101930,1518,414103448,2,0,1,1536,10,1607362323
15956,414102970,11016,414113986,2,0,1,17920,10,7065255828
15957,414104181,57801,414161982,5,0,1,90624,19,7702914129
15958,414125740,149180,414274920,4,0,0,18432,18,8020665025
15959,414130300,34908,414165208,4,0,1,5120,18,1345514954
15960,414152911,16483,414169394,5,0,1,6656,19,3515141678
15961,414172890,3898,414176788,2,0,1,4096,10,7640137010
15962,414188591,184219,414372810,9,0,0,119808,5,3518866629
15963,414199761,225441,414425202,2,0,0,74752,10,285054932
15964,414213171,94512,414307683,5,0,1,157184,19,8798889787
15965,414252890,191101,414443991,4,0,0,19456,18,271088422
15966,414269120,176929,414446049,7,0,0,6656,6,5680080320
15967,414277930,30419,414308349,2,0,1,1024,10,8291158322
15968,414298130,13765,414311895,2,0,1,5632,10,6876429773
15969,414318410,250069,414568479,3,0,0,26112,6,4028767422
15970,414344320,30476,414374796,2,0,1,2048,10,2798870275
15971,414390481,45954,414436435,5,0,1,79360,19,8279038666
15972,414394730,49276,414444006,3,0,1,5120,6,6260686174
15973,414412420,440809,414853229,7,0,0,66560,6,10450282670
15974,414431480,332347,414763827,3,0,0,201216,6,181458562
15975,414457320,162376,414619696,7,0,0,3072,6,8978011801
15976,414483211,191591,414674802,9,0,0,43008,5,1015770137
15977,414486300,4937,414491237,8,0,1,12800,3,9551400633
15978,414494750,1518,414496268,3,0,1,1536,6,8415862827
15979,414534610,6278,414540888,8,0,1,6656,3,1172152699
15980,414540570,2946,414543516,4,0,1,3072,18,3142304879
15981,414547001,89933,414636934,2,0,0,3072,10,4585974905
15982,414555040,215409,414770449,7,0,0,6144,6,1162219445
15983,414561680,206866,414768546,8,0,0,15360,3,3182830118
15984,414645200,10757,414655957,2,0,1,17408,10,8279613367
15985,414657540,17285,414674825,2,0,1,6656,10,9533251882
15986,414658120,16720,414674840,4,0,1,3584,18,9982223548
15987,414659240,15615,414674855,1,0,1,512,17,3887462647
15988,414662020,14788,414676808,3,0,1,2048,6,3040052755
15989,414678260,1518,414679778,8,0,1,1536,3,3200353625
15990,414709940,61034,414770974,9,0,1,512,5,1413049992
15991,414719071,335350,415054421,9,0,0,44544,5,6735834006
15992,414742990,29568,414772558,9,0,1,2048,5,2233894970
15993,414758280,113842,414872122,7,0,0,29696,6,4693554938
15994,414760230,249151,415009381,8,0,0,53760,3,4380491164
15995,414764980,355441,415120421,4,0,0,99840,18,10332231328
15996,414775610,3898,414779508,4,0,1,4096,18,1862598076
15997,414787040,7230,414794270,2,0,1,7680,10,5595765166
15998,414798130,1042,414799172,3,0,1,1024,6,6166374903
15999,414816980,4162,414821142,2,0,1,11264,10,5282483618
16000,414825510,243778,415069288,8,0,0,29184,3,3413100523
16001,414871561,471968,415343529,9,0,0,70144,5,2381554652
16002,414918710,4850,414923560,7,0,1,5120,6,3939456080
16003,414926540,194208,415120748,8,0,0,1024,3,2471069553
16004,414942940,4850,414947790,9,0,1,5120,5,2192338226
16005,414962930,359204,415322134,7,0,0,204800,6,1018257072
16006,414982980,422668,415405648,7,0,0,89600,6,9897090067
16007,414983010,5723,414988733,4,0,1,14336,18,4558571258
16008,415010420,350938,415361358,7,0,0,56832,6,10472226512
16009,415022940,4374,415027314,9,0,1,4608,5,8376007595
16010,415047470,150574,415198044,7,0,0,18432,6,5569807270
16011,415080780,3645,415084425,3,0,1,10240,6,8249017101
16012,415100880,24046,415124926,3,0,1,11264,6,459472244
16013,415119940,6285,415126225,9,0,1,2048,5,5756618591
16014,415124460,2111,415126571,4,0,1,512,18,2637381696
16015,415124931,219096,415344027,9,0,0,1536,5,380122015
16016,415125430,6278,415131708,9,0,1,6656,5,3684277066
16017,415151040,1518,415152558,2,0,1,1536,10,1563318849
16018,415158931,252543,415411474,2,0,0,18944,10,2660577872
16019,415164820,2870,415167690,4,0,1,8704,18,4604295653
16020,415254121,89423,415343544,5,0,1,38912,19,6999466324
16021,415260740,312093,415572833,4,0,0,84992,18,779432450
16022,415344970,17898,415362868,9,0,1,1536,5,1646845796
16023,415377650,28021,415405671,4,0,1,5632,18,10619531762
16024,415378630,40534,415419164,4,0,1,8192,18,8284937038
16025,415389320,67025,415456345,3,0,0,2560,6,1385179539
16026,415390670,341421,415732091,7,0,0,36352,6,7433614735
16027,415403500,16010,415419510,4,0,1,512,18,5239397047
16028,415405870,14946,415420816,3,0,1,2048,6,10265175998
16029,415413351,70544,415483895,9,0,0,9728,5,3789909691
16030,415417030,129884,415546914,4,0,0,6656,18,9447304485
16031,415419260,301716,415720976,8,0,0,95232,3,10618819221
16032,415434000,6754,415440754,3,0,1,7168,6,10450261473
16033,415437921,356706,415794627,9,0,0,49664,5,8685492762
16034,415449121,330343,415779464,2,0,0,81408,10,5565181124
16035,415450800,566,415451366,0,0,1,512,6,4597463358
16036,415466020,4374,415470394,0,0,1,4608,6,477779649
16037,415473540,174024,415647564,7,0,0,8192,6,8545202158
16038,415488871,118906,415607777,9,0,0,4608,5,7158989775
16039,415489730,566,415490296,9,0,1,512,5,6310799060
16040,415493100,566,415493666,0,0,1,512,6,3206991272
16041,415507250,6278,415513528,9,0,1,6656,5,347025273
16042,415538900,33956,415572856,3,0,1,20992,6,10091466272
16043,415542140,32170,415574310,3,0,1,1536,6,8678406958
16044,415613541,231671,415845212,2,0,0,41984,10,2529452789
16045,415642770,1042,415643812,3,0,1,1024,6,4401024563
16046,415698230,288643,415986873,4,0,0,50688,18,7845972397
16047,415704851,252704,415957555,9,0,0,33280,5,3085253811
16048,415705530,28564,415734094,4,0,1,2048,18,5290505699
16049,415718151,229241,415947392,2,0,0,67584,10,4414984182
16050,415718530,200038,415918568,3,0,0,13312,6,8225167999
16051,415732000,63438,415795438,8,0,0,2560,3,7954369643
16052,415741200,5326,415746526,4,0,1,5632,18,2206648704
16053,415761230,311733,416072963,7,0,0,60416,6,9843436051
16054,415761370,275427,416036797,3,0,0,23040,6,515307376
16055,415762750,36119,415798869,3,0,1,3584,6,2256259333
16056,415765400,137971,415903371,7,0,0,4608,6,7650955973
16057,415783720,352576,416136296,4,0,0,80384,18,10003659508
16058,415787030,487807,416274837,3,0,0,52736,6,10459166664
16059,415812480,5454,415817934,9,0,1,13824,5,2133223409
16060,415823740,1994,415825734,7,0,1,2048,6,10485400188
16061,415824011,230529,416054540,9,0,0,47104,5,9296430879
16062,415835900,325134,416161034,4,0,0,9216,18,8457276185
16063,415846110,4850,415850960,9,0,1,5120,5,7115715529
16064,415857471,222565,416080036,9,0,0,23040,5,2503244142
16065,415921091,280858,416201949,2,0,0,17408,10,4128108370
16066,415929141,57747,415986888,5,0,1,32768,19,4617924630
16067,415950961,122017,416072978,5,0,1,120320,19,9336693259
16068,415992461,147594,416140055,9,0,0,12288,5,8676823275
16069,416019450,223433,416242883,8,0,0,13824,3,9225575930
16070,416034140,38853,416072993,4,0,1,9728,18,1199945446
16071,416055900,27993,416083893,4,0,1,4096,18,3751536280
16072,416148120,87003,416235123,3,0,0,9216,6,10449690195
16073,416173260,566,416173826,4,0,1,512,18,2593166022
16074,416261200,15189,416276389,8,0,1,1536,3,5336022422
16075,416269770,12799,416282569,4,0,1,7680,18,4420114724
16076,416270350,13525,416283875,9,0,1,2048,5,7474294051
16077,416307210,5802,416313012,0,0,1,6144,6,10176410122
16078,416317241,7706,416324947,5,0,1,8192,19,6868076993
16079,416317270,8343,416325613,3,0,1,1024,6,6526949421
16080,416324541,91904,416416445,2,0,0,16896,10,9544735736
16081,416326340,3904,416330244,4,0,1,10752,18,661104727
16082,416335980,2870,416338850,4,0,1,8704,18,4396839538
16083,416336550,6981,416343531,0,0,1,5120,6,3375756443
16084,416361890,1518,416363408,9,0,1,1536,5,1644571652
16085,416362590,188295,416550885,4,0,0,15872,18,8753179601
16086,416362690,2946,416365636,9,0,1,3072,5,9901556927
16087,416365050,2470,416367520,9,0,1,2560,5,5814446022
16088,416373951,16354,416390305,5,0,1,31744,19,9641049049
16089,416397940,3645,416401585,9,0,1,10240,5,6675134515
16090,416415080,6683,416421763,9,0,1,5632,5,8088959426
16091,416426270,200311,416626581,7,0,0,20480,6,8091901811
16092,416442890,123386,416566276,4,0,0,11776,18,4168532493
16093,416489050,176585,416665635,7,0,0,21504,6,4878629215
16094,416499570,175209,416674779,3,0,0,6144,6,9308189305
16095,416507500,566,416508066,3,0,1,512,6,2411929461
16096,416597360,79774,416677134,3,0,0,7680,6,2037306103
16097,416651640,80529,416732169,8,0,0,4608,3,10725020167
16098,416656200,9450,416665650,8,0,1,12288,3,9535074663
16099,416680600,104936,416785536,7,0,0,44544,6,2036041992
16100,416706731,115360,416822091,9,0,0,11264,5,3888664062
16101,416709210,5326,416714536,9,0,1,5632,5,3801019677
16102,416737190,3904,416741094,3,0,1,10752,6,6673496261
16103,416780370,6200,416786570,3,0,1,1024,6,5218421287
16104,416797500,1994,416799494,8,0,1,2048,3,2631738068
16105,416811150,108836,416919986,8,0,0,57344,3,2543283092
16106,416865611,109657,416975268,9,0,0,53248,5,5670633486
16107,416893270,281048,417174318,4,0,0,24576,18,8343748680
16108,416902710,128314,417031024,7,0,0,18944,6,3058710837
16109,416903600,169571,417073171,7,0,0,6656,6,5358526401
16110,416907880,213095,417120975,4,0,0,23040,18,2176992564
16111,416919751,3689,416923440,5,0,1,9728,19,10276257315
16112,416921770,6492,416928262,9,0,1,13312,5,2174400051
16113,416924291,4637,416928928,5,0,1,1024,19,7105549197
16114,416931801,24154,416955955,5,0,1,43520,19,4727139810
16115,416966380,16152,416982532,3,0,1,7680,6,10512766023
16116,416973870,9648,416983518,9,0,1,1536,5,6955953843
16117,416974790,238732,417213522,8,0,0,18432,3,3969432834
16118,416981240,172691,417153931,4,0,0,13312,18,3405055125
16119,416984250,5326,416989576,3,0,1,5632,6,3333011518
16120,417008420,1042,417009462,8,0,1,1024,3,4356580796
16121,417025371,253813,417279184,9,0,0,39424,5,4893988695
16122,417027571,57570,417085141,5,0,1,88576,19,768684742
16123,417035010,53997,417089007,8,0,1,6144,3,6453462303
16124,417138610,338617,417477227,3,0,0,83456,6,523980282
16125,417143190,1042,417144232,3,0,1,1024,6,5014265942
16126,417170030,169366,417339396,4,0,0,45056,18,5358644078
16127,417201700,1042,417202742,8,0,1,1024,3,7858888821
16128,417228651,163046,417391697,9,0,0,30720,5,6564980485
16129,417283110,3128,417286238,9,0,1,9216,5,8650309978
16130,417285010,4855,417289865,9,0,1,4096,5,8972267058
16131,417309160,5454,417314614,8,0,1,13824,3,4738533676
16132,417322770,16641,417339411,8,0,1,4096,3,1197030006
16133,417323670,15756,417339426,9,0,1,4096,5,9277903686
16134,417485150,86516,417571666,3,0,0,14336,6,10586969185
16135,417493400,299654,417793054,8,0,0,174080,3,4984701016
16136,417505740,2946,417508686,0,0,1,3072,6,7445710546
16137,417522840,566,417523406,0,0,1,512,6,6462505925
16138,417532900,3898,417536798,9,0,1,4096,5,8072719741
16139,417549281,183623,417732904,2,0,0,59392,10,231696384
16140,417561020,1518,417562538,9,0,1,1536,5,7773584041
16141,417571290,934,417572224,0,0,1,512,6,1281033834
16142,417575461,136149,417711610,2,0,0,4608,10,7679029515
16143,417604881,217634,417822515,2,0,0,12800,10,2071230432
16144,417607260,236472,417843732,3,0,0,12800,6,9607736486
16145,417634440,2470,417636910,0,0,1,2560,6,6553403999
16146,417657970,3898,417661868,7,0,1,4096,6,1788638798
16147,417668541,203130,417871671,9,0,0,91648,5,6797245073
16148,417685650,5802,417691452,4,0,1,6144,18,7404587710
16149,417712480,20439,417732919,9,0,1,6656,5,3249953758
16150,417719790,13704,417733494,9,0,1,512,5,5008303349
16151,417726790,113011,417839801,4,0,0,46080,18,323030327
16152,417738450,134328,417872778,3,0,0,3584,6,9330736525
16153,417762890,35482,417798372,9,0,1,5632,5,757967806
16154,417805150,249110,418054260,3,0,0,59392,6,5209589905
16155,417808500,193307,418001807,4,0,0,57344,18,6445705538
16156,417826330,176740,418003070,7,0,0,4096,6,2961281317
16157,417827391,100748,417928139,2,0,0,4608,10,10044637502
16158,417846930,32611,417879541,4,0,1,7168,18,5690220240
16159,417848130,166187,418014317,3,0,0,36864,6,9362324271
16160,417878681,157468,418036149,2,0,0,31232,10,807874161
16161,417926381,143490,418069871,9,0,0,13824,5,7665900387
16162,417963771,145437,418109208,2,0,0,30208,10,8062514891
16163,418011950,5781,418017731,4,0,1,3584,18,668748930
16164,418033570,101810,418135380,3,0,0,11776,6,7516825726
16165,418046821,206860,418253681,2,0,0,44544,10,3385397609
16166,418061450,8436,418069886,4,0,1,5120,18,5744988909
16167,418084470,99723,418184193,8,0,0,20992,3,3566500817
16168,418091260,209193,418300453,8,0,0,49152,3,10627514832
16169,418114611,124443,418239054,2,0,0,19456,10,1203832727
16170,418149230,5971,418155201,9,0,1,14848,5,7507696613
16171,418162910,7230,418170140,4,0,1,7680,18,549649428
16172,418251690,91775,418343465,8,0,0,25088,3,3727664776
16173,418277150,139360,418416510,0,0,0,1536,6,4251501073
16174,418310311,105716,418416027,9,0,0,47104,5,6319613171
16175,418340750,168262,418509012,7,0,0,55296,6,9546158257
16176,418342850,76647,418419497,4,0,0,9728,18,1187316640
16177,418361520,120081,418481601,4,0,0,4096,18,844074013
16178,418382540,132088,418514628,4,0,0,8192,18,4432705777
16179,418396790,75164,418471954,7,0,0,17408,6,5468563310
16180,418411381,154733,418566114,9,0,0,39936,5,5692333982
16181,418462971,160563,418623534,9,0,0,67072,5,8775853738
16182,418481921,141784,418623705,9,0,0,512,5,3682230238
16183,418493100,16946,418510046,9,0,1,1024,5,4905124170
16184,418525700,107224,418632924,7,0,0,30208,6,127163483
16185,418585170,86516,418671686,8,0,0,14336,3,8391940226
16186,418640300,110708,418751008,7,0,0,63488,6,5002524068
16187,418646790,136048,418782838,7,0,0,30720,6,6890906895
16188,418652810,158432,418811242,7,0,0,28160,6,8105535382
16189,418654940,1518,418656458,9,0,1,1536,5,7081487445
16190,418879590,1994,418881584,4,0,1,2048,18,5955557141
16191,419024450,79436,419103886,8,0,0,11264,3,3535288103
16192,419044140,6754,419050894,9,0,1,7168,5,6420245842
16193,419054720,4162,419058882,4,0,1,11264,18,9125140691
16194,419072371,566,419072937,6,0,1,512,9,8962799621
16195,419078741,11533,419090274,5,0,1,18944,19,8827250720
16196,419115540,220406,419335946,7,0,0,54784,6,7088101125
16197,419135910,138116,419274026,8,0,0,57856,3,7779956756
16198,419136660,141905,419278565,4,0,0,14848,18,124221646
16199,419143310,1042,419144352,9,0,1,1024,5,10220002542
16200,419160600,6488,419167088,7,0,1,15872,6,5330820263
16201,419215730,5971,419221701,3,0,1,14848,6,9914106367
16202,419288900,4374,419293274,9,0,1,4608,5,2846379876
16203,419341940,1994,419343934,7,0,1,2048,6,5304958591
16204,419354210,7706,419361916,9,0,1,8192,5,3901532776
16205,419357010,82820,419439830,4,0,0,12288,18,2527680959
16206,419389200,2470,419391670,4,0,1,2560,18,6879884242
16207,419399800,122284,419522084,8,0,0,54272,3,7351297978
16208,419439530,1334,419440864,9,0,1,1024,5,4400116085
16209,419463810,1042,419464852,7,0,1,1024,6,4372828557
16210,419476650,5802,419482452,7,0,1,6144,6,10611237223
16211,419481490,2946,419484436,8,0,1,3072,3,616109350
16212,419506341,30539,419536880,5,0,1,28672,19,5696947521
16213,419533120,4937,419538057,7,0,1,12800,6,898446174
16214,419551691,15062,419566753,5,0,1,29184,19,10161097408
16215,419559260,114038,419673298,4,0,0,1536,18,3795745224
16216,419574360,149386,419723746,7,0,0,20992,6,394691610
16217,419603230,102981,419706211,4,0,0,512,18,10063010817
16218,419610650,89456,419700106,7,0,0,18944,6,5136496803
16219,419626110,2470,419628580,9,0,1,2560,5,9300960868
16220,419640790,87027,419727817,4,0,0,13312,18,42419775
16221,419667820,2470,419670290,9,0,1,2560,5,1931313710
16222,419704390,7230,419711620,9,0,1,7680,5,5221625213
16223,419712260,4850,419717110,0,0,1,5120,6,1690263733
16224,419724750,276566,420001316,8,0,0,14848,3,3223258539
16225,419773850,11274,419785124,7,0,1,18432,6,894653395
16226,419779640,168543,419948183,4,0,0,5120,18,3396853944
16227,419797860,108992,419906852,8,0,0,57856,3,4470518856
16228,419843670,153091,419996761,8,0,0,51200,3,4963837282
16229,419846300,134838,419981138,4,0,0,38400,18,7548674332
16230,419869331,40616,419909947,5,0,1,65536,19,851657642
16231,419870920,39586,419910506,0,0,1,10240,6,54818642
16232,419872400,39575,419911975,7,0,1,2048,6,7444923210
16233,419913451,4679,419918130,5,0,1,12288,19,7743524462
16234,419915091,24586,419939677,5,0,1,36864,19,8921863232
16235,419927610,13693,419941303,0,0,1,2560,6,9008369025
16236,419959850,174637,420134487,8,0,0,89600,3,2300680025
16237,419971931,46705,420018636,5,0,1,35840,19,4406779656
16238,419981340,305807,420287147,8,0,0,17408,3,10276924498
16239,419985831,38604,420024435,5,0,1,19456,19,499962186
16240,420019821,64654,420084475,5,0,1,109056,19,3899015701
16241,420035050,49771,420084821,9,0,1,512,5,2092125545
16242,420056921,29846,420086767,5,0,1,3072,19,5043394107
16243,420091221,3645,420094866,5,0,1,10240,19,7928029890
16244,420094530,369024,420463554,8,0,0,11264,3,10497170975
16245,420151921,22691,420174612,5,0,1,37376,19,5839258378
16246,420155020,139813,420294833,8,0,0,11264,3,8963671527
16247,420161980,12978,420174958,9,0,1,512,5,3877036120
16248,420194710,4374,420199084,0,0,1,4608,6,6893245669
16249,420210891,14804,420225695,5,0,1,28672,19,8563850289
16250,420229940,3422,420233362,9,0,1,3584,5,2600687434
16251,420267471,23895,420291366,5,0,1,43008,19,8192936172
16252,420277600,59642,420337242,4,0,0,3072,18,6168586591
16253,420314811,5196,420320007,5,0,1,13312,19,7857096318
16254,420334500,3128,420337628,9,0,1,9216,5,4775565612
16255,420373950,11016,420384966,9,0,1,17920,5,5254602735
16256,420379440,6499,420385939,0,0,1,12800,6,9249259716
16257,420387210,156500,420543710,8,0,0,6656,3,2840744324
16258,420410040,220160,420630200,8,0,0,52736,3,1623544936
16259,420411350,4374,420415724,9,0,1,4608,5,856459670
16260,420464051,6229,420470280,5,0,1,15360,19,6310441454
16261,420467730,5456,420473186,9,0,1,4608,5,1349743388
16262,420517881,12566,420530447,5,0,1,20992,19,9524138943
16263,420559440,5326,420564766,0,0,1,5632,6,1320567536
16264,420607300,108836,420716136,8,0,0,57344,3,8871919199
16265,420617850,162908,420780758,4,0,0,34816,18,5528220144
16266,420645060,2470,420647530,1,0,1,2560,17,10268943457
16267,420651900,280632,420932532,8,0,0,40960,3,9225395450
16268,420677250,242787,420920037,7,0,0,77824,6,9123259185
16269,420712981,79734,420792715,5,0,1,129024,19,2804507407
16270,420740970,199245,420940215,4,0,0,25088,18,5572764227
16271,420748440,258433,421006873,7,0,0,17920,6,2139312964
16272,420754100,40881,420794981,0,0,1,3584,6,2289271970
16273,420794650,3128,420797778,9,0,1,9216,5,4813632611
16274,420863640,224551,421088191,7,0,0,56832,6,3841580799
16275,420882240,64208,420946448,4,0,0,6656,18,8296794114
16276,420902711,58604,420961315,5,0,1,34304,19,7530792570
16277,420916370,45291,420961661,9,0,1,512,5,8836154917
16278,420917610,49236,420966846,1,0,1,16384,17,1859135269
16279,420933590,33602,420967192,9,0,1,512,5,1674423800
16280,420981460,1994,420983454,9,0,1,2048,5,7559195441
16281,420983850,1994,420985844,9,0,1,2048,5,9197733846
16282,420987460,101682,421089142,8,0,0,3072,3,10585056148
16283,421017030,4679,421021709,1,0,1,12288,17,1915358917
16284,421040690,1518,421042208,6,0,1,1536,9,4081702346
16285,421065220,98039,421163259,4,0,0,23040,18,9922535401
16286,421089590,2946,421092536,6,0,1,3072,9,10458657263
16287,421095620,3904,421099524,9,0,1,10752,5,8683655278
16288,421120520,3422,421123942,9,0,1,3584,5,6967914575
16289,421128020,2870,421130890,1,0,1,8704,17,3620911518
16290,421271331,12566,421283897,5,0,1,20992,19,6770137988
16291,421286570,3898,421290468,1,0,1,4096,17,8511526474
16292,421322171,93566,421415737,5,0,1,152064,19,6451999670
16293,421328900,92943,421421843,6,0,1,20992,9,151545166
16294,421406000,232051,421638051,4,0,0,46592,18,4466926001
16295,421410911,17243,421428154,5,0,1,30208,19,5560763912
16296,421541850,225477,421767327,8,0,0,19968,3,4244340704
16297,421602260,124573,421726833,8,0,0,104960,3,7096870348
16298,421714361,36618,421750979,5,0,1,43520,19,2212888709
16299,421735080,114982,421850062,8,0,0,60928,3,3481550340
16300,421746640,12995,421759635,1,0,1,25088,17,10515552809
16301,421749871,10430,421760301,5,0,1,11264,19,4579143629
16302,421755050,5917,421760967,1,0,1,1024,17,4722841234
16303,421776041,24929,421800970,5,0,1,45056,19,5400184644
16304,421799070,206959,422006029,8,0,0,18432,3,4624321468
16305,421806310,342517,422148827,4,0,0,118784,18,287097754
16306,421816080,5326,421821406,1,0,1,5632,17,6543361380
16307,421820091,10757,421830848,5,0,1,17408,19,8879431251
16308,421826680,191072,422017752,4,0,0,38400,18,9099865561
16309,421835130,17436,421852566,1,0,1,2560,17,1532831809
16310,421845741,17443,421863184,5,0,1,20480,19,8438241827
16311,421849740,14750,421864490,6,0,1,2048,9,4191869976
16312,421861750,309462,422171212,7,0,0,34304,6,1428930512
16313,421870950,289615,422160565,8,0,0,6144,3,30116472
16314,421912291,54617,421966908,5,0,1,89600,19,7941605671
16315,421955160,216863,422172023,7,0,0,2560,6,8304671481
16316,422001910,156768,422158678,7,0,0,32256,6,3290831362
16317,422005670,17786,422023456,6,0,1,14336,9,9483917692
16318,422124440,47598,422172038,1,0,1,4096,17,8308169579
16319,422160050,12011,422172061,6,0,1,512,9,4368802110
16320,422163350,12069,422175419,1,0,1,3584,17,882437868
16321,422181800,60080,422241880,7,0,0,5120,6,9771679063
16322,422198880,114452,422313332,8,0,0,75776,3,131005505
16323,422347331,5454,422352785,5,0,1,13824,19,4693287404
16324,422371740,126640,422498380,7,0,0,90112,6,1212948654
16325,422399130,1042,422400172,6,0,1,1024,9,3849176737
16326,422413560,5196,422418756,3,0,1,13312,6,10338196041
16327,422434820,145359,422580179,4,0,0,512,18,10715008195
16328,422449641,52549,422502190,5,0,1,85504,19,8380679598
16329,422461910,40741,422502651,8,0,1,10240,3,7034989505
16330,422541780,7230,422549010,1,0,1,7680,17,8624974317
16331,422545191,11533,422556724,5,0,1,18944,19,5340508856
16332,422585650,45752,422631402,8,0,0,1536,3,1988244158
16333,422607601,13858,422621459,5,0,1,23552,19,2019827700
16334,422625100,248906,422874006,4,0,0,33280,18,4223275068
16335,422642810,114610,422757420,7,0,0,39936,6,6642611227
16336,422645860,132792,422778652,7,0,0,25088,6,1924595139
16337,422654090,152326,422806416,7,0,0,39424,6,9418828834
16338,422750880,9478,422760358,6,0,1,3072,9,6002290587
16339,422784491,45954,422830445,5,0,1,79360,19,8948574590
16340,422784930,45861,422830791,6,0,1,512,9,9809139139
16341,422793930,133326,422927256,8,0,0,15360,3,757820730
16342,422834810,156716,422991526,4,0,0,66048,18,3894931356
16343,422892420,6278,422898698,4,0,1,6656,18,4383334401
16344,422897940,2064,422900004,4,0,1,2048,18,8190347052
16345,423021420,1518,423022938,4,0,1,1536,18,5058661914
16346,423042690,74360,423117050,7,0,0,9728,6,31602090
16347,423079370,4374,423083744,4,0,1,4608,18,6309867971
16348,423091901,53753,423145654,5,0,1,91136,19,1373461872
16349,423107991,42809,423150800,5,0,1,8192,19,7213849426
16350,423129220,296008,423425228,7,0,0,125440,6,5381240530
16351,423134930,20696,423155626,4,0,1,7680,18,7352522135
16352,423184240,2470,423186710,4,0,1,2560,18,10723522220
16353,423220660,160168,423380828,8,0,0,25088,3,911115206
16354,423337550,157614,423495164,4,0,0,55296,18,3736649737
16355,423389620,128728,423518348,4,0,0,15872,18,499477474
16356,423422040,6151,423428191,1,0,1,3072,17,8534228530
16357,423435150,3904,423439054,1,0,1,10752,17,4237788849
16358,423479250,100418,423579668,7,0,0,8192,6,8425864026
16359,423483950,105817,423589767,7,0,0,18432,6,7922293893
16360,423492880,4796,423497676,4,0,1,2560,18,9340606971
16361,423503040,93926,423596966,4,0,0,23552,18,8485435328
16362,423551990,145933,423697923,4,0,0,73728,18,3483304860
16363,423584420,161305,423745725,8,0,0,73216,3,5201464353
16364,423689600,201247,423890847,8,0,0,172032,3,406249923
16365,423761210,133256,423894466,4,0,0,11776,18,6876482194
16366,423792890,1518,423794408,4,0,1,1536,18,6440997331
16367,423847960,47507,423895467,1,0,1,1024,17,3259356746
16368,423856790,39663,423896453,4,0,1,1536,18,6742256922
16369,423959050,566,423959616,4,0,1,512,18,8195413108
16370,424085000,45596,424130596,8,0,0,1024,3,7840224221
16371,424104440,4420,424108860,2,0,1,11776,10,5953174515
16372,424117900,7230,424125130,4,0,1,7680,18,5618001934
16373,424132760,1518,424134278,2,0,1,1536,10,3842812595
16374,424187850,11016,424198866,1,0,1,17920,17,7265798174
16375,424226890,4679,424231569,4,0,1,12288,18,2820907566
16376,424262000,566,424262566,1,0,1,512,17,6388744361
16377,424272390,5326,424277716,7,0,1,5632,6,10587315112
16378,424276990,5326,424282316,2,0,1,5632,10,4528301279
16379,424295970,3128,424299098,7,0,1,9216,6,4496770241
16380,424298131,1313,424299444,5,0,1,512,19,6528600037
16381,424317261,3422,424320683,5,0,1,3584,19,8413047425
16382,424349000,49608,424398608,8,0,0,1536,3,6860005494
16383,424371120,45596,424416716,8,0,0,1024,3,8945522444
16384,424379410,203225,424582635,7,0,0,54784,6,7571706136
16385,424383110,4374,424387484,7,0,1,4608,6,6827002621
16386,424401930,1042,424402972,4,0,1,1024,18,8152236355
16387,424408080,1518,424409598,2,0,1,1536,10,8527102427
16388,424412680,1518,424414198,0,0,1,1536,6,7524477856
16389,424443650,122278,424565928,8,0,0,76288,3,1045719886
16390,424452950,132040,424584990,4,0,0,6656,18,8044313500
16391,424503190,6229,424509419,2,0,1,15360,10,6639047128
16392,424514050,114602,424628652,4,0,0,7680,18,7694159007
16393,424519990,6278,424526268,2,0,1,6656,10,6188221248
16394,424593980,74038,424668018,7,0,0,9728,6,3122189208
16395,424631310,1994,424633304,1,0,1,2048,17,3007560849
16396,424637560,257027,424894587,7,0,0,139776,6,2485075085
16397,424658340,243750,424902090,8,0,0,24576,3,2445707217
16398,424697970,12566,424710536,1,0,1,20992,17,3823197941
16399,424710400,238001,424948401,7,0,0,20992,6,9317994055
16400,424729531,4679,424734210,5,0,1,12288,19,8086436029
16401,424731820,4926,424736746,0,0,1,3584,6,3367004946
16402,424756860,3422,424760282,4,0,1,3584,18,10371806060
16403,424769480,566,424770046,4,0,1,512,18,10339240979
16404,424775580,566,424776146,1,0,1,512,17,2856524467
16405,424791900,6278,424798178,2,0,1,6656,10,5218769448
16406,424813661,3898,424817559,5,0,1,4096,19,5137120124
16407,424820540,1994,424822534,0,0,1,2048,6,4452379164
16408,424845371,2946,424848317,5,0,1,3072,19,2953311179
16409,424855870,152610,425008480,8,0,0,46592,3,3776586739
16410,424869640,42966,424912606,4,0,1,16896,18,8314688304
16411,424941380,98536,425039916,8,0,0,10240,3,5054303001
16412,424958970,141502,425100472,4,0,0,28672,18,8611177958
16413,424983660,139422,425123082,7,0,0,512,6,673527634
16414,424987870,193110,425180980,8,0,0,131584,3,2446801297
16415,424997900,183719,425181619,4,0,0,2048,18,10397204746
16416,425039960,1994,425041954,2,0,1,2048,10,5747635493
16417,425046470,4850,425051320,1,0,1,5120,17,3400837636
16418,425072170,132986,425205156,7,0,0,36864,6,9016901157
16419,425073060,566,425073626,4,0,1,512,18,9859167732
16420,425097851,5100,425102951,5,0,1,2560,19,787302327
16421,425099981,4150,425104131,5,0,1,8704,19,604409287
16422,425100820,159260,425260080,7,0,0,55808,6,1891548459
16423,425132720,214806,425347526,7,0,0,12800,6,4891456728
16424,425134380,209223,425343603,4,0,0,37376,18,2051759609
16425,425167120,20293,425187413,4,0,1,6144,18,8824738454
16426,425198040,13862,425211902,0,0,1,7168,6,5482685404
16427,425216131,1518,425217649,5,0,1,1536,19,7181282605
16428,425229650,3898,425233548,0,0,1,4096,6,9353088482
16429,425252450,15328,425267778,2,0,1,8192,10,3121468020
16430,425276980,147418,425424398,4,0,0,51712,18,5873398922
16431,425287351,7706,425295057,5,0,1,8192,19,7312136773
16432,425298830,566,425299396,4,0,1,512,18,8465375655
16433,425308610,202128,425510738,8,0,0,51200,3,7262129164
16434,425333760,246410,425580170,8,0,0,117760,3,7975724887
16435,425362220,2946,425365166,2,0,1,3072,10,1397180762
16436,425374590,119494,425494084,7,0,0,80896,6,4354232551
16437,425395490,116059,425511549,7,0,0,2560,6,1465866372
16438,425438890,6754,425445644,4,0,1,7168,18,8935224480
16439,425439410,265196,425704606,8,0,0,77824,3,2481801187
16440,425461530,276639,425738169,4,0,0,56320,18,10011044393
16441,425497770,17408,425515178,0,0,1,10240,6,9723330716
16442,425501640,16911,425518551,1,0,1,4096,17,7196318377
16443,425504780,17317,425522097,0,0,1,5632,6,2311304845
16444,425511010,15913,425526923,4,0,1,7680,18,3669279193
16445,425536420,6754,425543174,2,0,1,7168,10,4078947491
16446,425608171,100143,425708314,6,0,0,2048,9,5147302904
16447,425609031,100633,425709664,6,0,0,2560,9,3076578387
16448,425637550,156472,425794022,7,0,0,17408,6,9484774069
16449,425693540,85910,425779450,8,0,0,16384,3,662275538
16450,425697660,17204,425714864,4,0,1,16384,18,241108382
16451,425710771,43904,425754675,6,0,0,512,9,2926911534
16452,425717690,2946,425720636,0,0,1,3072,6,5286431592
16453,425732251,51506,425783757,6,0,0,1024,9,1827299993
16454,425736410,3294,425739704,1,0,1,1536,17,5051866542
16455,425740451,7706,425748157,5,0,1,8192,19,5793903269
16456,425750870,6754,425757624,0,0,1,7168,6,1150357824
16457,425762160,1518,425763678,4,0,1,1536,18,10396122339
16458,425793950,166746,425960696,7,0,0,47616,6,731705589
16459,425802190,4850,425807040,6,0,1,5120,9,8755445721
16460,425832371,566,425832937,5,0,1,512,19,7660093594
16461,425837320,2470,425839790,2,0,1,2560,10,4335177873
16462,425873010,107028,425980038,7,0,0,35328,6,8985680546
16463,425874180,165738,426039918,7,0,0,48128,6,7141350100
16464,425929270,3898,425933168,0,0,1,4096,6,6188496006
16465,425994130,101192,426095322,8,0,0,32256,3,5331343871
16466,425998290,215041,426213331,8,0,0,49664,3,8517804393
16467,426038681,5620,426044301,5,0,1,4608,19,1816029202
16468,426039520,8967,426048487,0,0,1,6656,6,9489903498
16469,426052141,3904,426056045,5,0,1,10752,19,4663064714
16470,426062770,4850,426067620,4,0,1,5120,18,8624766526
16471,426093250,65828,426159078,4,0,0,10240,18,485180600
16472,426183120,146123,426329243,4,0,0,101888,18,10648020030
16473,426198191,99831,426298022,6,0,0,512,9,8388532252
16474,426211371,118355,426329726,6,0,0,1536,9,9663962929
16475,426212800,3443,426216243,4,0,1,8704,18,8826427964
16476,426250610,566,426251176,0,0,1,512,6,912843361
16477,426343630,100724,426444354,8,0,0,30720,3,7208433538
16478,426345090,1518,426346608,0,0,1,1536,6,3276205458
16479,426367800,140340,426508140,8,0,0,32256,3,443824573
16480,426395551,13083,426408634,5,0,1,22016,19,5875569449
16481,426405120,7700,426412820,0,0,1,6656,6,7299412571
16482,426406170,8596,426414766,2,0,1,3072,10,2882023586
16483,426457471,6278,426463749,5,0,1,6656,19,7706372424
16484,426463841,566,426464407,5,0,1,512,19,8287829427
16485,426473980,147790,426621770,7,0,0,44544,6,9817317487
16486,426474790,2470,426477260,2,0,1,2560,10,4544517946
16487,426498800,14053,426512853,2,0,1,12288,10,3253609615
16488,426501061,166084,426667145,2,0,0,10752,10,3350609712
16489,426505130,120102,426625232,4,0,0,11264,18,4248632085
16490,426524230,176362,426700592,7,0,0,75264,6,9794370913
16491,426531980,5326,426537306,4,0,1,5632,18,3542712968
16492,426592351,3422,426595773,5,0,1,3584,19,7319942782
16493,426602220,19565,426621785,2,0,1,15360,10,908311317
16494,426631580,4420,426636000,4,0,1,11776,18,1693188548
16495,426641391,3128,426644519,5,0,1,9216,19,7513820949
16496,426711270,4420,426715690,0,0,1,11776,6,6463241829
16497,426735460,117451,426852911,4,0,0,14848,18,2433961311
16498,426750480,3422,426753902,2,0,1,3584,10,3387991140
16499,426776220,112934,426889154,4,0,0,23552,18,8828563846
16500,426786430,138109,426924539,8,0,0,10752,3,3394063614
16501,426828060,62981,426891041,7,0,0,6144,6,6815555811
16502,426866820,1994,426868814,0,0,1,2048,6,1966356076
16503,426923670,12135,426935805,0,0,1,18432,6,3929877906
16504,426925491,11300,426936791,5,0,1,1536,19,194216875
16505,426940951,10757,426951708,5,0,1,17408,19,2476284205
16506,426962240,3898,426966138,0,0,1,4096,6,3543138645
16507,426981250,65900,427047150,7,0,0,7168,6,8120817162
16508,426996880,5802,427002682,0,0,1,6144,6,10581550642
16509,426997190,8398,427005588,2,0,1,4608,10,8521478731
16510,427010911,5326,427016237,5,0,1,5632,19,4277040396
16511,427018890,3422,427022312,2,0,1,3584,10,8249354018
16512,427021860,1118,427022978,0,0,1,1024,6,5631308140
16513,427027960,5712,427033672,0,0,1,14336,6,9004066681
16514,427034180,2470,427036650,2,0,1,2560,10,6463759406
16515,427034261,44652,427078913,6,0,0,512,9,8270946400
16516,427049580,5326,427054906,4,0,1,5632,18,2604493466
16517,427116960,566,427117526,2,0,1,512,10,3531007635
16518,427119660,5326,427124986,0,0,1,5632,6,6916186983
16519,427126590,3898,427130488,3,0,1,4096,6,5287197682
16520,427162510,7230,427169740,2,0,1,7680,10,9915228730
16521,427193150,5326,427198476,4,0,1,5632,18,8195902752
16522,427215940,105248,427321188,7,0,0,45568,6,9349994182
16523,427336750,2946,427339696,4,0,1,3072,18,6822538782
16524,427364160,92684,427456844,8,0,0,19456,3,4652710977
16525,427387531,43904,427431435,6,0,0,512,9,7449387284
16526,427392320,6278,427398598,4,0,1,6656,18,4362331267
16527,427400100,2946,427403046,2,0,1,3072,10,1486939184
16528,427426151,7230,427433381,5,0,1,7680,19,5076371820
16529,427427911,8056,427435967,5,0,1,4096,19,7847328037
16530,427450140,112132,427562272,4,0,0,57344,18,2883263033
16531,427464450,3898,427468348,1,0,1,4096,17,7266799321
16532,427467900,4374,427472274,2,0,1,4608,10,7159633388
16533,427490550,4937,427495487,0,0,1,12800,6,2266143942
16534,427495110,131826,427626936,8,0,0,36864,3,3931148879
16535,427497830,6278,427504108,0,0,1,6656,6,5097302219
16536,427534081,5196,427539277,5,0,1,13312,19,5088365880
16537,427564960,566,427565526,0,0,1,512,6,5728603537
16538,427569710,119194,427688904,8,0,0,36352,3,3910400517
16539,427604290,5971,427610261,4,0,1,14848,18,4158561920
16540,427642651,3898,427646549,5,0,1,4096,19,1759856448
16541,427660480,566,427661046,2,0,1,512,10,8304226710
16542,427697030,566,427697596,2,0,1,512,10,901651077
16543,427721441,48980,427770421,6,0,0,2048,9,3992497679
16544,427737020,4374,427741394,2,0,1,4608,10,1032017599
16545,427768190,3422,427771612,2,0,1,3584,10,6748147100
16546,427798880,169007,427967887,8,0,0,34816,3,761429641
16547,427806690,1042,427807732,4,0,1,1024,18,7152103346
16548,427811350,145898,427957248,4,0,0,60416,18,971868174
16549,427821480,82376,427903856,7,0,0,15872,6,4524667303
16550,427825630,43904,427869534,4,0,0,512,18,3733725555
16551,427872080,3422,427875502,4,0,1,3584,18,6129981964
16552,427903881,92078,427995959,6,0,0,1536,9,3263112725
16553,427916631,5326,427921957,5,0,1,5632,19,6961669160
16554,427939250,34825,427974075,8,0,1,15360,3,2009117285
16555,427944060,30681,427974741,2,0,1,1024,10,2635018685
16556,427973510,7706,427981216,0,0,1,8192,6,7302374282
16557,427997671,44358,428042029,6,0,0,512,9,7462475860
16558,428085171,50672,428135843,6,0,0,2560,9,8193836971
16559,428150610,52364,428202974,7,0,0,3072,6,4812782055
16560,428168410,1994,428170404,0,0,1,2048,6,3665308888
16561,428190771,48980,428239751,6,0,0,2048,9,9543769942
16562,428195751,3422,428199173,5,0,1,3584,19,7350187414
16563,428195831,44965,428240796,6,0,0,512,9,6658178147
16564,428198530,4459,428202989,4,0,1,10240,18,962753008
16565,428235121,566,428235687,5,0,1,512,19,6215699797
16566,428256990,3904,428260894,0,0,1,10752,6,6514867319
16567,428289821,2870,428292691,5,0,1,8704,19,10309640915
16568,428307130,102225,428409355,8,0,0,32256,3,2884000501
16569,428311740,142975,428454715,8,0,0,75264,3,1742469387
16570,428351550,1994,428353544,6,0,1,2048,9,8915859322
16571,428377141,1518,428378659,5,0,1,1536,19,8282321885
16572,428403740,117385,428521125,7,0,0,51200,6,7829854174
16573,428405410,9764,428415174,6,0,1,6144,9,9184518796
16574,428445320,98971,428544291,7,0,0,5120,6,9219266084
16575,428498750,65977,428564727,8,0,0,6656,3,7851921188
16576,428523180,130509,428653689,4,0,0,70656,18,2780962551
16577,428546140,1042,428547182,3,0,1,1024,6,2208971048
16578,428546660,189564,428736224,8,0,0,24064,3,6604613474
16579,428553551,100309,428653860,6,0,0,512,9,10674504955
16580,428559260,146874,428706134,4,0,0,67584,18,10183485824
16581,428623260,1518,428624778,1,0,1,1536,17,10231763555
16582,428680800,172532,428853332,4,0,0,23040,18,2692874464
16583,428687160,155712,428842872,7,0,0,78336,6,1648338034
16584,428725160,2946,428728106,0,0,1,3072,6,7181509248
16585,428726600,1852,428728452,3,0,1,512,6,1858478710
16586,428747440,1042,428748482,6,0,1,1024,9,851540771
16587,428750030,3645,428753675,0,0,1,10240,6,2659656601
16588,428774450,4937,428779387,0,0,1,12800,6,1699482197
16589,428872890,62874,428935764,7,0,0,6144,6,881553939
16590,428913790,2470,428916260,1,0,1,2560,17,10121088040
16591,428919840,126152,429045992,4,0,0,114176,18,8096516912
16592,428958701,87626,429046327,6,0,0,1024,9,3130618963
16593,428993440,1518,428994958,4,0,1,1536,18,8349505176
16594,429026220,23964,429050184,3,0,1,4096,6,6062152580
16595,429057520,7706,429065226,1,0,1,8192,17,582580237
16596,429098330,3128,429101458,3,0,1,9216,6,3596850269
16597,429119960,4850,429124810,6,0,1,5120,9,5564333377
16598,429135880,6278,429142158,6,0,1,6656,9,7992383308
16599,429140470,2994,429143464,6,0,1,2048,9,4348730257
16600,429173230,13512,429186742,1,0,1,26112,17,5033994773
16601,429193140,566,429193706,6,0,1,512,9,4893249962
16602,429221751,7230,429228981,5,0,1,7680,19,4628966955
16603,429230190,1518,429231708,4,0,1,1536,18,10126861781
16604,429243301,3898,429247199,5,0,1,4096,19,10260254258
16605,429308120,139221,429447341,4,0,0,4096,18,9484527410
16606,429335381,3898,429339279,5,0,1,4096,19,4829613872
16607,429354460,3387,429357847,4,0,1,9728,18,5528685493
16608,429355320,7479,429362799,6,0,1,5632,9,8401550836
16609,429358090,6335,429364425,4,0,1,2560,18,2140603579
16610,429370211,48980,429419191,6,0,0,2048,9,1422112366
16611,429434300,48867,429483167,7,0,0,4608,6,6826768998
16612,429435571,4850,429440421,5,0,1,5120,19,6184901192
16613,429530620,3128,429533748,6,0,1,9216,9,8186138618
16614,429552570,109174,429661744,7,0,0,53760,6,62046727
16615,429557021,4850,429561871,5,0,1,5120,19,4657322284
16616,429564480,2470,429566950,1,0,1,2560,17,6485278794
16617,429568300,1994,429570294,4,0,1,2048,18,1505637775
16618,429573610,10499,429584109,3,0,1,16896,6,1607063059
16619,429589950,14804,429604754,6,0,1,28672,9,6370353517
16620,429593870,13470,429607340,1,0,1,4096,17,4396250895
16621,429596541,12745,429609286,5,0,1,3072,19,7649624194
16622,429602970,9222,429612192,1,0,1,4608,17,8410088916
16623,429603541,89884,429693425,6,0,0,512,9,3384891784
16624,429649430,20012,429669442,6,0,1,8192,9,1006275212
16625,429728890,4374,429733264,6,0,1,4608,9,2114377092
16626,429900690,2470,429903160,4,0,1,2560,18,191129244
16627,429903290,14804,429918094,4,0,1,28672,18,10700465164
16628,429918800,1518,429920318,6,0,1,1536,9,7086723623
16629,429925900,566,429926466,3,0,1,512,6,1132473161
16630,429966160,1994,429968154,4,0,1,2048,18,624652471
16631,429995551,5802,430001353,5,0,1,6144,19,9916552462
16632,429996870,109750,430106620,7,0,0,58368,6,8527381026
16633,429998370,117700,430116070,7,0,0,2560,6,3699588219
16634,430049100,1518,430050618,6,0,1,1536,9,5570245263
16635,430052051,54896,430106947,6,0,0,1024,9,6651451636
16636,430056751,566,430057317,5,0,1,512,19,1203257016
16637,430100841,20902,430121743,6,0,1,28672,9,8957578730
16638,430117511,7138,430124649,5,0,1,4608,19,7834581730
16639,430117870,8405,430126275,1,0,1,2560,17,2910761127
16640,430121290,10499,430131789,4,0,1,16896,18,8652920759
16641,430123280,9175,430132455,3,0,1,1024,6,8805430617
16642,430151830,6754,430158584,6,0,1,7168,9,5549387958
16643,430192770,61916,430254686,4,0,0,9216,18,10088828756
16644,430225920,185454,430411374,7,0,0,3584,6,6402395003
16645,430227450,1042,430228492,1,0,1,1024,17,6795647138
16646,430235660,1994,430237654,6,0,1,2048,9,9689835779
16647,430260310,4374,430264684,6,0,1,4608,9,4597274173
16648,430273740,161882,430435622,4,0,0,27648,18,8945947545
16649,430309360,112901,430422261,4,0,0,30720,18,4176449592
16650,430318350,1042,430319392,3,0,1,1024,6,4689614565
16651,430369350,5326,430374676,4,0,1,5632,18,9630382272
16652,430419601,57174,430476775,6,0,0,3072,9,1647184098
16653,430430471,8547,430439018,5,0,1,9728,19,5431692135
16654,430435580,93991,430529571,7,0,0,23552,6,5046088077
16655,430458490,1518,430460008,4,0,1,1536,18,7337926375
16656,430464860,2870,430467730,6,0,1,8704,9,5711981965
16657,430486421,6754,430493175,5,0,1,7168,19,8413465717
16658,430487440,7361,430494801,4,0,1,2560,18,2275964807
16659,430494850,3645,430498495,3,0,1,10240,6,2506790272
16660,430533201,1994,430535195,5,0,1,2048,19,7632551503
16661,430547441,43904,430591345,6,0,0,512,9,1844614622
16662,430558311,3898,430562209,5,0,1,4096,19,8018568256
16663,430562730,135050,430697780,7,0,0,10752,6,885228287
16664,430565300,108377,430673677,7,0,0,13824,6,4426294751
16665,430565640,179340,430744980,4,0,0,29696,18,5199199762
16666,430567351,4162,430571513,5,0,1,11264,19,988816935
16667,430573150,1042,430574192,3,0,1,1024,6,1342566514
16668,430602490,233792,430836282,4,0,0,101376,18,4453877156
16669,430618180,566,430618746,4,0,1,512,18,1963514260
16670,430741090,7780,430748870,1,0,1,4096,17,7963186508
16671,430818660,23909,430842569,4,0,1,6656,18,10104117525
16672,430831420,80799,430912219,4,0,0,14848,18,3221056405
16673,430837351,7484,430844835,5,0,1,3584,19,3765810058
16674,430856681,3128,430859809,5,0,1,9216,19,2038990637
16675,430878281,1994,430880275,5,0,1,2048,19,8285526602
16676,430892950,4374,430897324,4,0,1,4608,18,374296405
16677,430912110,204805,431116915,7,0,0,55808,6,1663123196
16678,430929040,1518,430930558,4,0,1,1536,18,1752066087
16679,430948680,240487,431189167,7,0,0,53760,6,6558854473
16680,431005810,2470,431008280,6,0,1,2560,9,6049612018
16681,431077070,119921,431196991,4,0,0,18944,18,6565244377
16682,431089611,126994,431216605,6,0,0,1536,9,4436010464
16683,431090000,2946,431092946,3,0,1,3072,6,1238887943
16684,431097621,62979,431160600,6,0,0,512,9,2961161123
16685,431134820,1042,431135862,2,0,1,1024,10,4030530600
16686,431155600,566,431156166,4,0,1,512,18,5774380571
16687,431161990,63296,431225286,4,0,0,8704,18,507300980
16688,431184800,12206,431197006,2,0,1,6144,10,10419279559
16689,431217900,1518,431219418,4,0,1,1536,18,2050960908
16690,431220870,1518,431222388,3,0,1,1536,6,3134325369
16691,431255960,3898,431259858,3,0,1,4096,6,1364524991
16692,431274420,2870,431277290,6,0,1,8704,9,9256091906
16693,431315590,1042,431316632,1,0,1,1024,17,10508387108
16694,431385290,6278,431391568,6,0,1,6656,9,2344530435
16695,431392180,149577,431541757,4,0,0,30208,18,3602608817
16696,431420480,4374,431424854,1,0,1,4608,17,5830073678
16697,431421160,7880,431429040,1,0,1,6656,17,7025775696
16698,431463470,1518,431464988,4,0,1,1536,18,9842273641
16699,431490450,7230,431497680,1,0,1,7680,17,2328350961
16700,431557141,2946,431560087,5,0,1,3072,19,3461011150
16701,431569050,187572,431756622,4,0,0,48640,18,5615448635
16702,431581820,1518,431583338,1,0,1,1536,17,1856376088
16703,431657620,1518,431659138,6,0,1,1536,9,3297926068
16704,431666391,90870,431757261,6,0,0,2048,9,9312365194
16705,431697000,1042,431698042,1,0,1,1024,17,3239840116
16706,431697191,5020,431702211,6,0,1,5120,9,7035731637
16707,431698780,6337,431705117,3,0,1,4608,6,10398970164
16708,431706930,80412,431787342,4,0,0,1024,18,3755844685
16709,431714820,3128,431717948,4,0,1,9216,18,3837323772
16710,431718510,1994,431720504,4,0,1,2048,18,6122746247
16711,431733080,3645,431736725,1,0,1,10240,17,9287053856
16712,431760220,114273,431874493,4,0,0,1536,18,3151213473
16713,431761701,80691,431842392,6,0,0,4608,9,4167396255
16714,431768280,2946,431771226,3,0,1,3072,6,4932660434
16715,431788520,10757,431799277,7,0,1,17408,6,893762876
16716,431799690,566,431800256,7,0,1,512,6,10145128593
16717,431799920,5971,431805891,4,0,1,14848,18,5573127652
16718,431842110,1792,431843902,2,0,1,1536,10,8281871468
16719,431844460,123319,431967779,4,0,0,1024,18,1598635585
16720,431880350,4420,431884770,2,0,1,11776,10,1536510229
16721,431892151,2470,431894621,5,0,1,2560,19,8744580609
16722,431894440,3898,431898338,2,0,1,4096,10,204846013
16723,431909730,1518,431911248,3,0,1,1536,6,9878558894
16724,431931850,3898,431935748,1,0,1,4096,17,10458791310
16725,431956090,1518,431957608,3,0,1,1536,6,3573267677
16726,431964640,3154,431967794,3,0,1,8704,6,7780284361
16727,432034361,6278,432040639,5,0,1,6656,19,3316132912
16728,432071430,156800,432228230,7,0,0,55808,6,4632466742
16729,432089761,566,432090327,5,0,1,512,19,2954636572
16730,432111860,3898,432115758,2,0,1,4096,10,5648383838
16731,432136080,1994,432138074,6,0,1,2048,9,4931921975
16732,432187120,109460,432296580,7,0,0,59392,6,7429315500
16733,432198070,5802,432203872,1,0,1,6144,17,4227378080
16734,432200890,4608,432205498,4,0,1,2560,18,3372910354
16735,432211080,17165,432228245,1,0,1,22528,17,4877253402
16736,432230340,1994,432232334,7,0,1,2048,6,8744483450
16737,432265210,1042,432266252,6,0,1,1024,9,368228733
16738,432267750,2470,432270220,2,0,1,2560,10,8751462833
16739,432286910,10228,432297138,6,0,1,512,9,7867005707
16740,432307650,5802,432313452,7,0,1,6144,6,7514849508
16741,432329770,2870,432332640,1,0,1,8704,17,2378626437
16742,432335140,4374,432339514,4,0,1,4608,18,5137880841
16743,432346841,81245,432428086,6,0,0,512,9,7392127539
16744,432354860,1042,432355902,2,0,1,1024,10,895295433
16745,432367991,184893,432552884,6,0,0,22528,9,4839562349
16746,432388010,4850,432392860,6,0,1,5120,9,7671087342
16747,432406640,43904,432450544,4,0,0,512,18,5816470493
16748,432492170,2470,432494640,1,0,1,2560,17,6863227207
16749,432541120,1518,432542638,7,0,1,1536,6,5343184983
16750,432546270,7172,432553442,4,0,1,512,18,1579153916
16751,432628550,566,432629116,2,0,1,512,10,2556785736
16752,432634710,7230,432641940,2,0,1,7680,10,3102854078
16753,432635770,7476,432643246,7,0,1,2048,6,5777982931
16754,432650641,1518,432652159,5,0,1,1536,19,3937528718
16755,432661020,5196,432666216,6,0,1,13312,9,10185633056
16756,432695670,2470,432698140,4,0,1,2560,18,4680283739
16757,432730440,1518,432731958,7,0,1,1536,6,6983799869
16758,432771560,1042,432772602,3,0,1,1024,6,4034427543
16759,432776210,566,432776776,1,0,1,512,17,4167438192
16760,432796660,2946,432799606,0,0,1,3072,6,10337852350
16761,432838590,3422,432842012,7,0,1,3584,6,1261479944
16762,432869070,3898,432872968,3,0,1,4096,6,6588648557
16763,432890380,1518,432891898,2,0,1,1536,10,5813468641
16764,432897330,4850,432902180,6,0,1,5120,9,9405490617
16765,432936270,6754,432943024,0,0,1,7168,6,504075835
16766,432945220,43904,432989124,7,0,0,512,6,3469276980
16767,432999950,1518,433001468,7,0,1,1536,6,6522013925
16768,433032171,98252,433130423,6,0,0,27648,9,5352492679
16769,433090210,156965,433247175,7,0,0,94720,6,7382682795
16770,433140350,2470,433142820,0,0,1,2560,6,2928575920
16771,433161170,2470,433163640,1,0,1,2560,17,3131358702
16772,433192500,1042,433193542,2,0,1,1024,10,4415855671
16773,433259340,5802,433265142,2,0,1,6144,10,7617855432
16774,433268230,2870,433271100,7,0,1,8704,6,9413361380
16775,433271951,2470,433274421,5,0,1,2560,19,114499891
16776,433327900,3128,433331028,0,0,1,9216,6,3069281593
16777,433341290,566,433341856,0,0,1,512,6,1989287299
16778,433362800,159979,433522779,4,0,0,1024,18,3603732981
16779,433369490,2946,433372436,2,0,1,3072,10,1058305810
16780,433369760,4302,433374062,0,0,1,2560,6,1691694138
16781,433377231,163079,433540310,6,0,0,23552,9,10633033983
16782,433384140,566,433384706,2,0,1,512,10,7245013305
16783,433388830,133622,433522452,7,0,0,21504,6,10228390658
16784,433458700,67090,433525790,7,0,0,6144,6,10531128911
16785,433479690,566,433480256,2,0,1,512,10,3367733478
16786,433485360,5326,433490686,1,0,1,5632,17,1478851383
16787,433599080,2946,433602026,8,0,1,3072,3,5207522681
16788,433632570,6754,433639324,8,0,1,7168,3,9793770976
16789,433641950,4850,433646800,2,0,1,5120,10,1649303026
16790,433691061,48980,433740041,6,0,0,2048,9,9843399050
16791,433696381,50672,433747053,6,0,0,2560,9,3546465974
16792,433736290,43904,433780194,4,0,0,512,18,2583191243
16793,433784390,4374,433788764,8,0,1,4608,3,467029315
16794,433820580,2470,433823050,2,0,1,2560,10,3471008820
16795,433843361,99164,433942525,6,0,0,25600,9,1944291280
16796,433881951,78572,433960523,6,0,0,9728,9,7492676660
16797,433964730,1994,433966724,1,0,1,2048,17,4811101747
16798,434011920,96092,434108012,7,0,0,25600,6,2140715019
16799,434029000,3128,434032128,2,0,1,9216,10,6661579844
16800,434053130,70620,434123750,4,0,0,512,18,6612887768
16801,434089990,6278,434096268,1,0,1,6656,17,4284416363
16802,434097190,1518,434098708,1,0,1,1536,17,2732694058
16803,434130420,2946,434133366,8,0,1,3072,3,4773034159
16804,434136220,155451,434291671,4,0,0,27648,18,536244483
16805,434138130,1994,434140124,8,0,1,2048,3,1152899624
16806,434221190,5326,434226516,2,0,1,5632,10,9163516994
16807,434244710,3898,434248608,2,0,1,4096,10,5103177404
16808,434357000,60824,434417824,7,0,0,5632,6,5139300496
16809,434409340,105092,434514432,4,0,0,45056,18,4440032334
16810,434422300,93239,434515539,4,0,0,3584,18,7358180990
16811,434455660,3128,434458788,7,0,1,9216,6,1174381770
16812,434529720,3387,434533107,8,0,1,9728,3,5929670108
16813,434539590,2470,434542060,8,0,1,2560,3,7311228519
16814,434544541,67592,434612133,6,0,0,7680,9,343513615
16815,434653380,5326,434658706,1,0,1,5632,17,4570121790
16816,434664200,4850,434669050,7,0,1,5120,6,9882739915
16817,434676041,67592,434743633,6,0,0,7680,9,5405295791
16818,434692910,3645,434696555,8,0,1,10240,3,6494817343
16819,434707760,184437,434892197,7,0,0,63488,6,8989012094
16820,434713921,49374,434763295,6,0,0,512,9,4374971827
16821,434732880,281351,435014231,3,0,0,95232,6,7697126403
16822,434748860,2470,434751330,8,0,1,2560,3,602902906
16823,434830940,95151,434926091,4,0,0,12288,18,7635443128
16824,434844060,6754,434850814,8,0,1,7168,3,4497782633
16825,434865330,1994,434867324,1,0,1,2048,17,3797132876
16826,434881880,12779,434894659,8,0,1,2560,3,4885027592
16827,434923460,3189,434926649,1,0,1,512,17,7437349125
16828,434943090,2870,434945960,8,0,1,8704,3,7947182430
16829,434965700,66836,435032536,7,0,0,10240,6,1184341202
16830,434993650,23043,435016693,7,0,1,2560,6,8356054812
16831,435020501,79904,435100405,6,0,0,12800,9,2246865948
16832,435023690,1994,435025684,8,0,1,2048,3,833132339
16833,435037080,167107,435204187,4,0,0,125440,18,7990558492
16834,435136630,111123,435247753,4,0,0,40448,18,6509354237
16835,435157090,1994,435159084,1,0,1,2048,17,6598114235
16836,435195450,9771,435205221,7,0,1,1024,6,8897318725
16837,435217050,3904,435220954,3,0,1,10752,6,3481094999
16838,435233160,14616,435247776,7,0,1,6144,6,1057183989
16839,435236811,265881,435502692,6,0,0,64000,9,655274567
16840,435242850,240327,435483177,4,0,0,25600,18,9613083429
16841,435324300,566,435324866,1,0,1,512,17,10265993515
16842,435340170,2946,435343116,8,0,1,3072,3,3419311984
16843,435395660,3898,435399558,7,0,1,4096,6,9546747382
16844,435409200,4374,435413574,1,0,1,4608,17,2545760981
16845,435438510,2946,435441456,7,0,1,3072,6,6886556623
16846,435467000,3898,435470898,3,0,1,4096,6,3645602221
16847,435615941,129742,435745683,6,0,0,90624,9,824733659
16848,435619390,7230,435626620,1,0,1,7680,17,10394950735
16849,435658840,1994,435660834,3,0,1,2048,6,9339578184
16850,435769270,2946,435772216,1,0,1,3072,17,900655608
16851,435769480,12566,435782046,3,0,1,19456,6,1329120747
16852,435773170,10502,435783672,7,0,1,2560,6,4624704208
16853,435820340,5326,435825666,1,0,1,5632,17,3809077409
16854,435844360,188089,436032449,7,0,0,81408,6,1223776018
16855,435854150,566,435854716,3,0,1,512,6,10321362065
16856,435890571,2870,435893441,6,0,1,8704,9,2803108396
16857,435890831,198600,436089431,6,0,0,105984,9,4706649515
16858,435983990,566,435984556,1,0,1,512,17,8287791727
16859,436069510,23558,436093068,3,0,1,10240,6,2124138335
16860,436110360,566,436110926,6,0,1,512,9,7510634473
16861,436126281,3898,436130179,6,0,1,4096,9,9192416214
16862,436133760,222595,436356355,4,0,0,39424,18,9411098552
16863,436145840,5802,436151642,1,0,1,6144,17,8004906053
16864,436154260,5196,436159456,1,0,1,13312,17,78125938
16865,436169801,566,436170367,5,0,1,512,19,478312537
16866,436173170,1518,436174688,1,0,1,1536,17,2848775961
16867,436180180,2946,436183126,1,0,1,3072,17,3802541050
16868,436233170,1518,436234688,1,0,1,1536,17,5629709427
16869,436244180,5326,436249506,1,0,1,5632,17,8481456879
16870,436245750,5062,436250812,1,0,1,2048,17,8509946682
16871,436246520,132233,436378753,4,0,0,14336,18,4248787307
16872,436281071,1042,436282113,6,0,1,1024,9,4803377399
16873,436361100,118789,436479889,7,0,0,46592,6,9173252012
16874,436423010,1518,436424528,3,0,1,1536,6,6391518545
16875,436458130,4937,436463067,3,0,1,12800,6,9719574577
16876,436502290,3422,436505712,1,0,1,3584,17,8592835240
16877,436557000,1042,436558042,3,0,1,1024,6,8632592013
16878,436561151,102596,436663747,6,0,0,36864,9,1780315926
16879,436565160,2946,436568106,1,0,1,3072,17,2985477885
16880,436584620,5326,436589946,2,0,1,5632,10,6856328568
16881,436587881,183230,436771111,6,0,0,54272,9,7710425791
16882,436590920,2946,436593866,1,0,1,3072,17,10584528929
16883,436594890,51296,436646186,8,0,0,4608,3,1297985243
16884,436596080,4162,436600242,1,0,1,11264,17,8039153063
16885,436602110,217997,436820107,4,0,0,75264,18,6914297448
16886,436603310,174992,436778302,4,0,0,23552,18,1441399566
16887,436624490,3422,436627912,1,0,1,3584,17,1593172291
16888,436646330,83075,436729405,7,0,0,512,6,10690997733
16889,436692770,3898,436696668,0,0,1,4096,6,1355296495
16890,436721680,1042,436722722,2,0,1,1024,10,6771841273
16891,436762451,85539,436847990,2,0,0,8192,10,10636228576
16892,436806871,70668,436877539,6,0,0,4608,9,455307315
16893,436836791,113539,436950330,6,0,0,15872,9,10688703211
16894,436858820,2870,436861690,0,0,1,8704,6,5154859310
16895,436862390,1042,436863432,8,0,1,1024,3,2352643646
16896,436872001,81932,436953933,2,0,0,11776,10,5265554015
16897,437011640,566,437012206,2,0,1,512,10,2032296872
16898,437025891,151454,437177345,6,0,0,50176,9,8616163000
16899,437036341,3128,437039469,6,0,1,9216,9,2319200471
16900,437061860,163575,437225435,4,0,0,83456,18,9143964161
16901,437065600,1042,437066642,3,0,1,1024,6,2225351834
16902,437073290,104390,437177680,7,0,0,1024,6,4744037013
16903,437101760,2946,437104706,3,0,1,3072,6,250915745
16904,437118271,6278,437124549,6,0,1,6656,9,3443930235
16905,437171900,6305,437178205,0,0,1,512,6,8469139988
16906,437177511,102445,437279956,2,0,0,35328,10,6156671507
16907,437222301,180950,437403251,2,0,0,66048,10,10660153824
16908,437282940,2870,437285810,0,0,1,8704,6,8120183594
16909,437302200,5326,437307526,1,0,1,5632,17,10538983145
16910,437364401,2870,437367271,6,0,1,8704,9,7767919286
16911,437375561,73925,437449486,2,0,0,14848,10,2576868208
16912,437386901,180730,437567631,6,0,0,61952,9,5187370911
16913,437425191,2946,437428137,6,0,1,3072,9,8149683185
16914,437437961,173849,437611810,6,0,0,91648,9,345606421
16915,437449980,6754,437456734,0,0,1,7168,6,8826669483
16916,437471071,148761,437619832,2,0,0,26112,10,7319352056
16917,437475971,4420,437480391,6,0,1,11776,9,3089170874
16918,437521261,175209,437696470,6,0,0,49664,9,949569237
16919,437575190,3898,437579088,7,0,1,4096,6,460718426
16920,437575661,3773,437579434,6,0,1,512,9,7839738431
16921,437641421,162967,437804388,6,0,0,113152,9,8803499691
16922,437642430,115461,437757891,7,0,0,512,6,3165033084
16923,437670061,145665,437815726,2,0,0,15360,10,7131053572
16924,437720211,105361,437825572,2,0,0,11264,10,1539343213
16925,437725840,2470,437728310,0,0,1,2560,6,9615127374
16926,437763960,2870,437766830,7,0,1,8704,6,9727369691
16927,437768340,566,437768906,2,0,1,512,10,6322052536
16928,437820251,1518,437821769,6,0,1,1536,9,6844802800
16929,437876720,80060,437956780,4,0,0,13312,18,2543029019
16930,437886860,566,437887426,2,0,1,512,10,5412253108
16931,437892630,148226,438040856,4,0,0,124416,18,5863562747
16932,437900030,566,437900596,0,0,1,512,6,911719755
16933,437900860,140635,438041495,7,0,0,2048,6,6303829938
16934,437902761,2870,437905631,6,0,1,8704,9,6169240781
16935,437910031,284450,438194481,6,0,0,141824,9,1656100828
16936,437940110,11791,437951901,7,0,1,19456,6,9267120854
16937,437945290,11505,437956795,7,0,1,6656,6,10151247853
16938,438022870,285064,438307934,4,0,0,41984,18,5005127071
16939,438035700,88394,438124094,7,0,0,1024,6,5507297174
16940,438050680,3898,438054578,0,0,1,4096,6,5975225647
16941,438084750,149929,438234679,4,0,0,30720,18,7318045153
16942,438108140,131673,438239813,4,0,0,2048,18,10679891879
16943,438146660,3422,438150082,0,0,1,3584,6,1472419305
16944,438149361,313697,438463058,6,0,0,90112,9,2787911332
16945,438188810,6705,438195515,0,0,1,1024,6,6808272693
16946,438222960,103157,438326117,4,0,0,15872,18,2930264454
16947,438241421,176785,438418206,6,0,0,104960,9,9526958009
16948,438245710,101192,438346902,4,0,0,32256,18,8706256687
16949,438266390,3898,438270288,0,0,1,4096,6,6754624829
16950,438293450,210756,438504206,7,0,0,512,6,10264364307
16951,438297240,274709,438571949,7,0,0,1536,6,985608202
16952,438302431,9682,438312113,6,0,1,11264,9,1728638995
16953,438352881,141623,438494504,6,0,0,40960,9,2727636127
16954,438404661,263102,438667763,6,0,0,33280,9,7711780559
16955,438470901,186692,438657593,2,0,0,151552,10,7971340314
16956,438548150,1994,438550144,0,0,1,2048,6,1780726883
16957,438557630,213528,438771158,4,0,0,14336,18,360247807
16958,438597181,169578,438766759,2,0,0,133120,10,4794239621
16959,438602120,55488,438657608,2,0,1,26624,10,7865438688
16960,438631030,46983,438678013,0,0,1,16384,6,6492879724
16961,438639280,188733,438828013,4,0,0,20480,18,6089328641
16962,438677430,1994,438679424,0,0,1,2048,6,10168394343
16963,438690070,566,438690636,2,0,1,512,10,1559652828
16964,438729541,200294,438929835,2,0,0,55808,10,2984272403
16965,438731311,331790,439063101,6,0,0,22016,9,9136043057
16966,438771971,162091,438934062,2,0,0,13824,10,6583404363
16967,438772760,4850,438777610,0,0,1,5120,6,84259681
16968,438785251,197210,438982461,6,0,0,28672,9,2884949552
16969,438836700,1518,438838218,0,0,1,1536,6,9132704531
16970,438859170,2946,438862116,2,0,1,3072,10,210137777
16971,438968050,4850,438972900,0,0,1,5120,6,8816403782
16972,439036630,4850,439041480,2,0,1,5120,10,7897918143
16973,439044020,19096,439063116,2,0,1,22016,10,9845496666
16974,439057510,8544,439066054,2,0,1,3072,10,9130281781
16975,439078081,332436,439410517,6,0,0,84480,9,3397722776
16976,439079740,43904,439123644,7,0,0,512,6,7602132230
16977,439113421,360759,439474180,6,0,0,208896,9,6430876353
16978,439119161,183193,439302354,2,0,0,59392,10,6632233632
16979,439354770,120205,439474975,7,0,0,2560,6,5567380005
16980,439363061,117093,439480154,2,0,0,16896,10,9324986316
16981,439375601,117984,439493585,2,0,0,44032,10,6513627441
16982,439379090,156851,439535941,4,0,0,55296,18,10176078008
16983,439407371,217274,439624645,2,0,0,56832,10,8004816382
16984,439435890,139982,439575872,4,0,0,31232,18,3829375354
16985,439476880,22499,439499379,2,0,1,6144,10,1031766543
16986,439505640,166273,439671913,4,0,0,80896,18,6540831299
16987,439525930,13148,439539078,2,0,1,9216,10,3644073783
16988,439531460,9768,439541228,0,0,1,2560,6,6070381885
16989,439539551,3172,439542723,6,0,1,9216,9,2118325498
16990,439551951,1518,439553469,6,0,1,1536,9,3741555137
16991,439595830,3422,439599252,0,0,1,3584,6,9235076892
16992,439687050,65900,439752950,4,0,0,7168,18,1507561892
16993,439760150,45603,439805753,7,0,0,1024,6,2117513595
16994,439805410,868,439806278,0,0,1,512,6,4011504483
16995,439842031,5802,439847833,6,0,1,6144,9,5393344500
16996,439868101,85892,439953993,2,0,0,3072,10,3639227005
16997,439927270,86105,440013375,4,0,0,15360,18,8142009701
16998,439957441,118964,440076405,2,0,0,40960,10,2195932271
16999,439963660,91928,440055588,7,0,0,1024,6,8481999000
17000,439963810,566,439964376,2,0,1,512,10,7667302039
17001,439972561,170138,440142699,6,0,0,20480,9,10417677459
17002,440011360,72527,440083887,4,0,0,2560,18,5153508456
17003,440025691,120143,440145834,6,0,0,10240,9,1486208516
17004,440057900,18520,440076420,2,0,1,8192,10,1817035354
17005,440110230,47288,440157518,7,0,0,1536,6,7203041011
17006,440122880,1518,440124398,0,0,1,1536,6,348712493
17007,440156040,45596,440201636,7,0,0,1024,6,7167214645
17008,440205110,107276,440312386,4,0,0,52224,18,4262035029
17009,440214331,52364,440266695,6,0,0,3072,9,10544994013
17010,440237850,5196,440243046,2,0,1,13312,10,10568625034
17011,440264901,132686,440397587,2,0,0,15872,10,5697520049
17012,440317261,162112,440479373,2,0,0,56320,10,8896999338
17013,440325210,1042,440326252,2,0,1,1024,10,1773732413
17014,440386760,3898,440390658,0,0,1,4096,6,6898125384
17015,440453961,60824,440514785,6,0,0,5632,9,5809067872
17016,440487240,5326,440492566,0,0,1,5632,6,6122398311
17017,440514281,121705,440635986,2,0,0,47104,10,3009270670
17018,440611760,1042,440612802,0,0,1,1024,6,6684160359
17019,440711440,566,440712006,0,0,1,512,6,9552268334
17020,440712210,2870,440715080,2,0,1,8704,10,6172331167
17021,440727490,1042,440728532,7,0,1,1024,6,9238774113
17022,440819880,2946,440822826,0,0,1,3072,6,9654601991
17023,440843860,4162,440848022,7,0,1,11264,6,8723313392
17024,440902350,4374,440906724,0,0,1,4608,6,2691826058
17025,440905690,2980,440908670,7,0,1,3072,6,2459580609
17026,440941190,4420,440945610,2,0,1,11776,10,6425123772
17027,440995281,153341,441148622,2,0,0,124416,10,1064878483
17028,441019350,82297,441101647,7,0,0,512,6,6376491416
17029,441022871,126546,441149417,2,0,0,2560,10,3837732280
17030,441051320,1042,441052362,0,0,1,1024,6,8188113796
17031,441057890,6278,441064168,2,0,1,6656,10,10724706957
17032,441077670,135000,441212670,4,0,0,21504,18,7823140755
17033,441087501,219180,441306681,6,0,0,101888,9,9174415451
17034,441155630,151870,441307500,7,0,0,2560,6,518418891
17035,441191590,5802,441197392,7,0,1,6144,6,6385971352
17036,441218710,5196,441223906,2,0,1,13312,10,10054366145
17037,441283310,26619,441309929,7,0,1,2560,6,9870883356
17038,441288371,131571,441419942,2,0,0,36352,10,6623949676
17039,441292271,116580,441408851,2,0,0,35328,10,1651830311
17040,441315100,1518,441316618,2,0,1,1536,10,9707492944
17041,441507970,6754,441514724,7,0,1,7168,6,3662497498
17042,441524611,93308,441617919,2,0,0,21504,10,1402530915
17043,441541491,107276,441648767,2,0,0,52224,10,9237071847
17044,441552781,198030,441750811,2,0,0,115200,10,10605884000
17045,441613321,152504,441765825,6,0,0,49152,9,182612288
17046,441713900,36926,441750826,3,0,1,16896,6,9716683399
17047,441730980,42059,441773039,2,0,1,7680,10,5929353613
17048,441746080,28035,441774115,7,0,1,13312,6,3731014548
17049,441876150,97916,441974066,4,0,0,21504,18,7499475514
17050,441879051,143519,442022570,2,0,0,79872,10,8726271049
17051,441905110,4374,441909484,2,0,1,4608,10,2318702976
17052,441923610,1518,441925128,2,0,1,1536,10,7341454146
17053,441973781,108891,442082672,2,0,0,49152,10,4375918595
17054,442011060,123608,442134668,4,0,0,19456,18,3746937877
17055,442065650,102284,442167934,4,0,0,35840,18,5888942488
17056,442081331,151829,442233160,2,0,0,16896,10,5169629021
17057,442130341,72207,442202548,6,0,0,7168,9,1781528229
17058,442158240,10252,442168492,2,0,1,512,10,7026680455
17059,442191570,1042,442192612,2,0,1,1024,10,4006710735
17060,442251501,151326,442402827,6,0,0,16384,9,1216632706
17061,442392181,113516,442505697,6,0,0,72704,9,1585309310
17062,442422120,2946,442425066,4,0,1,3072,18,3064056888
17063,442422350,289315,442711665,7,0,0,512,6,1293371801
17064,442450311,250116,442700427,2,0,0,35328,10,4600787829
17065,442481010,24710,442505720,3,0,1,5120,6,5680959358
17066,442482690,87711,442570401,7,0,0,512,6,8028956600
17067,442483931,139118,442623049,2,0,0,28672,10,5918728896
17068,442505650,3018,442508668,3,0,1,3072,6,9236673276
17069,442515290,99008,442614298,4,0,0,25088,18,10587300664
17070,442524581,141276,442665857,2,0,0,27136,10,2582143148
17071,442551660,5454,442557114,9,0,1,13824,5,1691374443
17072,442640060,566,442640626,2,0,1,512,10,1003087142
17073,442645620,1994,442647614,3,0,1,2048,6,1711210770
17074,442723500,50672,442774172,4,0,0,2560,18,6239369801
17075,442798740,112424,442911164,4,0,0,69120,18,6505421137
17076,442873590,1994,442875584,2,0,1,2048,10,9632614953
17077,442881671,67148,442948819,6,0,0,11264,9,2977754647
17078,442899420,17555,442916975,8,0,1,6144,3,4901919420
17079,442905850,49235,442955085,7,0,0,512,6,9126043872
17080,442914600,5921,442920521,9,0,1,5632,5,2532888098
17081,442951080,92708,443043788,4,0,0,24576,18,7277259489
17082,442993101,161745,443154846,2,0,0,93696,10,10086016873
17083,443002910,5196,443008106,8,0,1,13312,3,6225967273
17084,443012020,145345,443157365,4,0,0,8192,18,1941449602
17085,443016960,3422,443020382,1,0,1,3584,17,3944050964
17086,443019760,968,443020728,3,0,1,512,6,4628743484
17087,443036430,9820,443046250,3,0,1,2560,6,6787363262
17088,443071710,566,443072276,9,0,1,512,5,8718315392
17089,443082330,12737,443095067,8,0,1,24576,3,2920316508
17090,443127540,71202,443198742,7,0,0,512,6,5887303277
17091,443138691,215846,443354537,2,0,0,28160,10,7864030295
17092,443166520,566,443167086,8,0,1,512,3,1978884388
17093,443182430,12049,443194479,2,0,1,19968,10,5110488414
17094,443185330,9495,443194825,3,0,1,512,6,7146513101
17095,443191730,48980,443240710,7,0,0,2048,6,3383660011
17096,443219070,4937,443224007,9,0,1,12800,5,2844992265
17097,443219960,7433,443227393,8,0,1,4608,3,2192483559
17098,443235280,6754,443242034,8,0,1,7168,3,3231529794
17099,443241970,173286,443415256,4,0,0,37376,18,7142267555
17100,443249150,1042,443250192,4,0,1,1024,18,9721712272
17101,443256611,71835,443328446,2,0,0,6656,10,291360029
17102,443289600,1518,443291118,1,0,1,1536,17,6406753033
17103,443312760,5196,443317956,8,0,1,13312,3,7233766966
17104,443321521,285896,443607417,2,0,0,86016,10,4327817816
17105,443322370,1994,443324364,8,0,1,2048,3,3836699556
17106,443342540,1042,443343582,8,0,1,1024,3,4066697821
17107,443381340,4850,443386190,2,0,1,5120,10,2798167673
17108,443400670,14601,443415271,9,0,1,6656,5,2550099238
17109,443411681,169505,443581186,2,0,0,52224,10,1806668609
17110,443425910,43904,443469814,7,0,0,512,6,8163171833
17111,443457310,566,443457876,8,0,1,512,3,10424380885
17112,443504280,3422,443507702,8,0,1,3584,3,9077337597
17113,443527390,3128,443530518,8,0,1,9216,3,10544300750
17114,443569621,182015,443751636,6,0,0,74240,9,1189418993
17115,443598270,14610,443612880,3,0,1,13824,6,5318430717
17116,443606700,11692,443618392,3,0,1,7168,6,7726758928
17117,443631930,566,443632496,2,0,1,512,10,2320493392
17118,443653200,98763,443751963,7,0,0,1024,6,525108539
17119,443666090,94423,443760513,7,0,0,512,6,10686155453
17120,443682210,1042,443683252,2,0,1,1024,10,2894159195
17121,443683550,1042,443684592,3,0,1,1024,6,4015822648
17122,443708580,151197,443859777,7,0,0,1536,6,3323781456
17123,443714280,175004,443889284,7,0,0,1024,6,8718333444
17124,443721181,225610,443946791,6,0,0,137216,9,8746161275
17125,443745060,10799,443755859,9,0,1,10752,5,1987366562
17126,443773670,113953,443887623,4,0,0,18432,18,9510724189
17127,443783641,62088,443845729,6,0,0,1536,9,6896465928
17128,443812720,48281,443861001,7,0,0,512,6,4704188493
17129,443826210,121064,443947274,7,0,0,1536,6,3115675079
17130,443847890,6754,443854644,2,0,1,7168,10,6570082793
17131,443941581,150715,444092296,6,0,0,20992,9,5418912326
17132,443987560,45596,444033156,7,0,0,1024,6,7989379718
17133,443995500,43904,444039404,7,0,0,512,6,934998380
17134,444084071,78218,444162289,6,0,0,13312,9,9766365457
17135,444102770,2946,444105716,4,0,1,3072,18,5421179423
17136,444133401,108730,444242131,6,0,0,25088,9,10659568213
17137,444158440,8708,444167148,2,0,1,5120,10,8338083194
17138,444161960,9374,444171334,9,0,1,6656,5,1908742215
17139,444201090,153385,444354475,4,0,0,56832,18,8347164059
17140,444258701,166016,444424717,6,0,0,59392,9,1396654443
17141,444320560,3904,444324464,2,0,1,10752,10,9258053807
17142,444335800,18690,444354490,2,0,1,2048,10,2044302027
17143,444384891,105716,444490607,2,0,0,47104,10,1350129603
17144,444390030,6278,444396308,2,0,1,6656,10,7950794562
17145,444435520,11016,444446536,2,0,1,17920,10,6459928959
17146,444449130,7706,444456836,9,0,1,8192,5,8562235257
17147,444453930,6229,444460159,2,0,1,15360,10,5323351609
17148,444460950,45596,444506546,7,0,0,1024,6,5696925550
17149,444548981,208047,444757028,6,0,0,47616,9,5099204143
17150,444579400,1994,444581394,9,0,1,2048,5,9371249077
17151,444701320,64894,444766214,7,0,0,1024,6,8806294360
17152,444820630,100256,444920886,4,0,0,29184,18,7410742084
17153,444889970,1042,444891012,8,0,1,1024,3,5812963371
17154,444918190,4699,444922889,8,0,1,2048,3,10565121614
17155,444920861,79478,445000339,2,0,0,11264,10,6301482951
17156,444973110,47288,445020398,7,0,0,1536,6,10094636952
17157,445044860,5326,445050186,8,0,1,5632,3,9279140672
17158,445089801,105092,445194893,6,0,0,45056,9,10129542521
17159,445148181,85442,445233623,2,0,0,9728,10,5889324670
17160,445161120,117575,445278695,4,0,0,56832,18,3608351372
17161,445180960,13948,445194908,8,0,1,5120,3,9919335153
17162,445201101,219917,445421018,2,0,0,163840,10,3509701268
17163,445232720,5745,445238465,3,0,1,5120,6,1097800772
17164,445244840,2946,445247786,3,0,1,3072,6,481262484
17165,445246411,179146,445425557,6,0,0,14848,9,6251168437
17166,445251710,4374,445256084,3,0,1,4608,6,8420643403
17167,445261640,311501,445573141,4,0,0,45568,18,4604103043
17168,445273940,212499,445486439,4,0,0,91136,18,5830431527
17169,445284020,1518,445285538,8,0,1,1536,3,8841462571
17170,445307610,251624,445559234,4,0,0,111104,18,2456411070
17171,445493890,84266,445578156,4,0,0,16384,18,2727058955
17172,445507311,129647,445636958,6,0,0,78848,9,4511073901
17173,445537771,149710,445687481,6,0,0,63488,9,10044700617
17174,445561660,18474,445580134,4,0,1,2048,18,9265654469
17175,445569871,295795,445865666,2,0,0,55808,10,5892715065
17176,445619990,18971,445638961,3,0,1,2048,6,4485258856
17177,445628461,113450,445741911,6,0,0,44544,9,4165039142
17178,445643010,1994,445645004,8,0,1,2048,3,10011484901
17179,445649720,198919,445848639,4,0,0,72192,18,2607068639
17180,445651411,218342,445869753,6,0,0,13312,9,9690970707
17181,445666960,20536,445687496,8,0,1,7680,3,10090982961
17182,445703020,109850,445812870,7,0,0,512,6,403120009
17183,445828010,93289,445921299,4,0,0,9216,18,6028702699
17184,445848230,73240,445921470,7,0,0,512,6,531462133
17185,445852630,17648,445870278,9,0,1,512,5,8202954763
17186,445882580,4850,445887430,9,0,1,5120,5,6022456173
17187,445910310,566,445910876,3,0,1,512,6,3398759953
17188,445994860,4162,445999022,3,0,1,11264,6,10384223693
17189,446011000,1994,446012994,8,0,1,2048,3,4898657196
17190,446013951,7706,446021657,5,0,1,8192,19,3472974881
17191,446093551,60824,446154375,2,0,0,5632,10,2888421312
17192,446122540,147025,446269565,4,0,0,111616,18,2541235388
17193,446133360,3898,446137258,8,0,1,4096,3,6576248155
17194,446259110,13410,446272520,4,0,1,3072,18,2471947067
17195,446267270,110524,446377794,4,0,0,55296,18,8838890514
17196,446278270,99695,446377965,4,0,0,512,18,6360633405
17197,446328320,11274,446339594,3,0,1,18432,6,5728951851
17198,446373091,106214,446479305,2,0,0,32768,10,6978681521
17199,446394030,43904,446437934,7,0,0,512,6,3072991865
17200,446424760,91793,446516553,4,0,0,1536,18,5255154889
17201,446481131,60824,446541955,2,0,0,5632,10,8419586596
17202,446560631,100568,446661199,2,0,0,30208,10,8693546320
17203,446574770,3128,446577898,8,0,1,9216,3,3937650886
17204,446576010,14870,446590880,0,0,1,25600,6,1200023679
17205,446579711,142477,446722188,6,0,0,4096,9,5813533017
17206,446614380,566,446614946,3,0,1,512,6,1994095305
17207,446617081,103844,446720925,2,0,0,40960,10,5905816552
17208,446647611,130212,446777823,2,0,0,14848,10,9998100731
17209,446660300,5828,446666128,4,0,1,12800,18,9692722452
17210,446685450,2946,446688396,3,0,1,3072,6,1386505840
17211,446708060,43904,446751964,4,0,0,512,18,7815661686
17212,446764731,54056,446818787,2,0,0,3584,10,496112456
17213,446788040,6754,446794794,0,0,1,7168,6,2807603760
17214,446848980,1994,446850974,0,0,1,2048,6,3832151482
17215,446883041,169948,447052989,2,0,0,28160,10,5557022368
17216,446893340,43904,446937244,4,0,0,512,18,4157237340
17217,446968000,54056,447022056,4,0,0,3584,18,4698569707
17218,446992270,61202,447053472,4,0,0,1536,18,7359321115
17219,447107740,3422,447111162,0,0,1,3584,6,5391999459
17220,447147160,2946,447150106,0,0,1,3072,6,7650820418
17221,447195061,57440,447252501,2,0,0,4608,10,6457681376
17222,447200481,129438,447329919,6,0,0,30720,9,8237381574
17223,447203760,2470,447206230,4,0,1,2560,18,9845536544
17224,447204770,2446,447207216,4,0,1,1536,18,3729947688
17225,447214430,68823,447283253,4,0,0,2048,18,10003443387
17226,447239610,1518,447241128,0,0,1,1536,6,6879659488
17227,447242540,6754,447249294,3,0,1,7168,6,9591861913
17228,447292260,566,447292826,4,0,1,512,18,75445950
17229,447304630,80873,447385503,4,0,0,1024,18,1772907597
17230,447305080,11274,447316354,3,0,1,18432,6,8209246009
17231,447314801,123388,447438189,6,0,0,26624,9,5712104474
17232,447323500,8405,447331905,8,0,1,2048,3,8355429254
17233,447366200,54056,447420256,7,0,0,3584,6,1147604231
17234,447481580,47288,447528868,4,0,0,1536,18,3827100170
17235,447542790,2470,447545260,8,0,1,2560,3,4208628912
17236,447609220,2946,447612166,1,0,1,3072,17,2085601954
17237,447702681,100100,447802781,6,0,0,28672,9,4413148538
17238,447746450,10757,447757207,8,0,1,17408,3,2921915861
17239,447771030,51785,447822815,4,0,0,2560,18,1334309013
17240,447771650,2870,447774520,8,0,1,8704,3,1697342555
17241,447805870,1994,447807864,4,0,1,2048,18,4223985983
17242,447862750,2470,447865220,8,0,1,2560,3,2558976667
17243,447865450,1994,447867444,8,0,1,2048,3,5634946139
17244,447900210,43904,447944114,7,0,0,512,6,2448973251
17245,447937020,2946,447939966,8,0,1,3072,3,9761326114
17246,447950150,1042,447951192,4,0,1,1024,18,9719505833
17247,447958421,45752,448004173,6,0,0,1536,9,1426550527
17248,447964410,566,447964976,3,0,1,512,6,1741667802
17249,447965800,1518,447967318,4,0,1,1536,18,4243745121
17250,447975920,48980,448024900,4,0,0,2048,18,5753482260
17251,448000611,68684,448069295,6,0,0,11264,9,2025712280
17252,448035030,45596,448080626,7,0,0,1024,6,5766285159
17253,448070330,5326,448075656,4,0,1,5632,18,3137778031
17254,448072240,7282,448079522,3,0,1,6144,6,2168904412
17255,448171031,1042,448172073,5,0,1,1024,19,7059169486
17256,448204761,128960,448333721,6,0,0,123392,9,7012240694
17257,448287100,52873,448339973,7,0,0,512,6,2097872724
17258,448308490,28211,448336701,9,0,1,3072,5,5606685186
17259,448322411,119227,448441638,2,0,0,54272,10,4768679026
17260,448322611,177383,448499994,2,0,0,25600,10,8571887199
17261,448344850,171534,448516384,7,0,0,1024,6,5704771698
17262,448359491,90841,448450332,6,0,0,1024,9,7088110070
17263,448362301,3904,448366205,6,0,1,10752,9,3556179758
17264,448379481,136576,448516057,6,0,0,18944,9,9732679439
17265,448408330,3422,448411752,9,0,1,3584,5,8406425550
17266,448425941,16297,448442238,6,0,1,512,9,7074461506
17267,448428541,260388,448688929,2,0,0,37376,10,3189824235
17268,448435271,161258,448596529,2,0,0,40960,10,5916751792
17269,448454691,211245,448665936,6,0,0,113152,9,582588156
17270,448476960,5326,448482286,0,0,1,5632,6,9375187591
17271,448518171,2870,448521041,6,0,1,8704,9,6133614231
17272,448521240,102355,448623595,4,0,0,512,18,2047181901
17273,448523410,13253,448536663,0,0,1,25600,6,8170957537
17274,448535520,1809,448537329,3,0,1,1024,6,1886460945
17275,448537330,128800,448666130,7,0,0,512,6,7798058681
17276,448550470,1042,448551512,0,0,1,1024,6,9031276795
17277,448553130,3422,448556552,3,0,1,3584,6,2804794357
17278,448568060,2470,448570530,3,0,1,2560,6,8411680418
17279,448600320,132852,448733172,7,0,0,512,6,9986404478
17280,448609120,566,448609686,0,0,1,512,6,558186082
17281,448630080,35871,448665951,0,0,1,3584,6,2877460425
17282,448639531,31237,448670768,6,0,1,12288,9,743375881
17283,448675400,43904,448719304,7,0,0,512,6,9442121357
17284,448685290,5625,448690915,9,0,1,2048,5,9652959047
17285,448724570,22058,448746628,4,0,0,512,18,5081928658
17286,448743900,71957,448815857,4,0,0,1024,18,5479762243
17287,448747221,67592,448814813,2,0,0,7680,10,3767315015
17288,448761091,4374,448765465,6,0,1,4608,9,8036543263
17289,448789381,119393,448908774,6,0,0,61952,9,8788816252
17290,448792391,85482,448877873,2,0,0,10752,10,312086806
17291,448803751,81776,448885527,6,0,0,18944,9,6460756302
17292,448883190,51309,448934499,7,0,0,2048,6,6102596944
17293,448917820,566,448918386,3,0,1,512,6,9809099112
17294,448985130,1994,448987124,3,0,1,2048,6,4700942250
17295,448989250,2870,448992120,9,0,1,8704,5,152968306
17296,449056090,3898,449059988,8,0,1,4096,3,7707080654
17297,449085531,103688,449189219,6,0,0,40448,9,6001688192
17298,449143040,3898,449146938,8,0,1,4096,3,8129295390
17299,449179050,11679,449190729,9,0,1,1536,5,3004038574
17300,449201560,2946,449204506,9,0,1,3072,5,10263922260
17301,449223720,46226,449269946,7,0,0,1024,6,446413328
17302,449250960,72437,449323397,7,0,0,512,6,3004861392
17303,449275410,5196,449280606,9,0,1,13312,5,2287078065
17304,449280470,3898,449284368,1,0,1,4096,17,3562042420
17305,449280661,4373,449285034,6,0,1,1024,9,10134844750
17306,449369611,3645,449373256,6,0,1,10240,9,1539167949
17307,449370820,2782,449373602,9,0,1,512,5,7505635206
17308,449423000,47288,449470288,7,0,0,1536,6,7606784417
17309,449438270,50672,449488942,4,0,0,2560,18,7809290038
17310,449439191,101660,449540851,6,0,0,33792,9,1921040576
17311,449464890,2946,449467836,1,0,1,3072,17,6480611302
17312,449478671,239132,449717803,2,0,0,94208,10,8191481948
17313,449504891,103844,449608735,2,0,0,40960,10,6605572208
17314,449507261,111005,449618266,6,0,0,31232,9,7315491304
17315,449527130,13736,449540866,4,0,1,7680,18,6312171405
17316,449540300,4462,449544762,4,0,1,10752,18,6151318537
17317,449543991,96764,449640755,6,0,0,1024,9,9198725949
17318,449558970,1994,449560964,1,0,1,2048,17,6203664774
17319,449590551,152624,449743175,6,0,0,18944,9,1903821086
17320,449624470,566,449625036,1,0,1,512,17,5336425593
17321,449655851,144787,449800638,2,0,0,9216,10,3125342711
17322,449681880,125627,449807507,4,0,0,1536,18,6762400084
17323,449714161,246026,449960187,6,0,0,33280,9,7567702854
17324,449736660,6530,449743190,1,0,1,4096,17,7501554524
17325,449747570,43904,449791474,4,0,0,512,18,3494760216
17326,449804860,2662,449807522,8,0,1,2560,3,7616676192
17327,449841530,1994,449843524,4,0,1,2048,18,8089707355
17328,449847331,45677,449893008,6,0,0,1024,9,585647892
17329,449851690,3422,449855112,3,0,1,3584,6,1128435018
17330,449852810,2648,449855458,4,0,1,512,18,8671345156
17331,449877950,3422,449881372,8,0,1,3584,3,1798206069
17332,449907020,1994,449909014,4,0,1,2048,18,2093635143
17333,449923910,5326,449929236,8,0,1,5632,3,957953160
17334,449966131,259052,450225183,2,0,0,37888,10,6746760112
17335,449976550,1042,449977592,1,0,1,1024,17,2722490281
17336,449981490,48980,450030470,7,0,0,2048,6,2394670383
17337,449986081,194264,450180345,6,0,0,48128,9,951877192
17338,450011060,89923,450100983,4,0,0,512,18,7541029619
17339,450041380,1518,450042898,1,0,1,1536,17,1861966121
17340,450054341,139762,450194103,2,0,0,45056,10,7990377596
17341,450109500,4162,450113662,9,0,1,11264,5,8109032603
17342,450140780,4374,450145154,8,0,1,4608,3,2811759886
17343,450142110,4990,450147100,1,0,1,3072,17,1810036061
17344,450165430,14930,450180360,4,0,1,1024,18,9706190456
17345,450178591,114980,450293571,2,0,0,26624,10,9770698428
17346,450185541,161769,450347310,2,0,0,25600,10,8403377488
17347,450187351,191414,450378765,6,0,0,65024,9,7956363975
17348,450191421,199371,450390792,6,0,0,39424,9,5198951303
17349,450202450,5971,450208421,1,0,1,14848,17,1095218727
17350,450229921,249775,450479696,2,0,0,43520,10,9383316461
17351,450254120,6488,450260608,1,0,1,15872,17,6031554846
17352,450255670,6205,450261875,9,0,1,8704,5,10476917701
17353,450272270,23895,450296165,1,0,1,43008,17,6847662854
17354,450311900,566,450312466,4,0,1,512,18,976401277
17355,450335421,130992,450466413,2,0,0,44544,10,5227725200
17356,450379670,15488,450395158,9,0,1,4608,5,4334302071
17357,450407230,45596,450452826,4,0,0,1024,18,4071562221
17358,450412750,4374,450417124,4,0,1,4608,18,3989326794
17359,450418021,134831,450552852,2,0,0,5120,10,4310511667
17360,450462520,20557,450483077,8,0,1,3584,3,3237385487
17361,450472110,13233,450485343,9,0,1,3584,5,9409487715
17362,450472181,128671,450600852,6,0,0,13824,9,640390392
17363,450509960,6754,450516714,4,0,1,7168,18,1274164791
17364,450567110,56452,450623562,7,0,0,1536,6,4987354583
17365,450649210,4374,450653584,8,0,1,4608,3,4571076401
17366,450675151,171866,450847017,6,0,0,40448,9,8151281616
17367,450736530,5712,450742242,8,0,1,14336,3,7728636704
17368,450777690,1518,450779208,0,0,1,1536,6,3985690702
17369,450807140,14287,450821427,1,0,1,27648,17,3903497592
17370,450812070,12263,450824333,0,0,1,4608,6,3970237465
17371,450890370,1042,450891412,0,0,1,1024,6,1305223917
17372,450957000,111693,451068693,7,0,0,512,6,9999806507
17373,450964400,2470,450966870,9,0,1,2560,5,3986140416
17374,450969320,23725,450993045,1,0,1,39424,17,8936406180
17375,450969640,27591,450997231,1,0,1,6656,17,9491161564
17376,450971190,30227,451001417,1,0,1,6656,17,8819432752
17377,450973720,28363,451002083,4,0,1,1024,18,9119358890
17378,451020240,2470,451022710,4,0,1,2560,18,4470529168
17379,451039411,203512,451242923,6,0,0,51712,9,4626022730
17380,451053610,12737,451066347,1,0,1,24576,17,3836461562
17381,451076100,5802,451081902,8,0,1,6144,3,3883468374
17382,451124760,4679,451129439,1,0,1,12288,17,5182146590
17383,451159520,4850,451164370,9,0,1,5120,5,3201849899
17384,451171540,5326,451176866,8,0,1,5632,3,5946297047
17385,451184730,143459,451328189,7,0,0,512,6,8376831487
17386,451192881,230180,451423061,2,0,0,54784,10,958402706
17387,451193041,103402,451296443,6,0,0,18432,9,2458375394
17388,451194490,3898,451198388,9,0,1,4096,5,5276391771
17389,451209480,169499,451378979,7,0,0,128000,6,5893709008
17390,451211590,7230,451218820,1,0,1,7680,17,977577008
17391,451232621,308540,451541161,2,0,0,81920,10,2820878286
17392,451255781,167467,451423248,6,0,0,512,9,5749199884
17393,451301310,1994,451303304,9,0,1,2048,5,8160576799
17394,451308400,285026,451593426,7,0,0,131584,6,312364456
17395,451329070,566,451329636,9,0,1,512,5,9875994287
17396,451392670,3645,451396315,9,0,1,10240,5,10650416846
17397,451402741,234960,451637701,2,0,0,22528,10,10320149981
17398,451412500,14352,451426852,9,0,1,10240,5,139610550
17399,451419611,122197,451541808,6,0,0,2048,9,2130208135
17400,451425830,4966,451430796,8,0,1,11776,3,475923101
17401,451456880,4162,451461042,0,0,1,11264,6,8886392895
17402,451459710,1678,451461388,9,0,1,512,5,995079218
17403,451498730,2946,451501676,1,0,1,3072,17,3561957412
17404,451520990,25627,451546617,1,0,1,5120,17,16503196
17405,451553560,88888,451642448,4,0,0,2048,18,5064203918
17406,451555160,38916,451594076,0,0,1,512,6,4504607448
17407,451555191,107873,451663064,6,0,0,9216,9,1331477370
17408,451556190,183783,451739973,7,0,0,12288,6,302103024
17409,451577410,22534,451599944,9,0,1,6656,5,7509966686
17410,451615101,82014,451697115,2,0,0,18944,10,4990579151
17411,451639680,5196,451644876,8,0,1,13312,3,8335773127
17412,451650550,1994,451652544,0,0,1,2048,6,1839355991
17413,451709530,566,451710096,8,0,1,512,3,21726969
17414,451726210,3898,451730108,9,0,1,4096,5,6877528475
17415,451752770,35054,451787824,2,0,1,61440,10,119300284
17416,451760700,203908,451964608,7,0,0,22528,6,9877006969
17417,451875610,3898,451879508,3,0,1,4096,6,818056159
17418,451899870,5971,451905841,8,0,1,14848,3,5153832936
17419,451911060,4162,451915222,0,0,1,11264,6,6449253730
17420,451956511,202167,452158678,2,0,0,28672,10,9275041356
17421,451971180,6488,451977668,1,0,1,15872,17,8675439307
17422,452021680,3898,452025578,1,0,1,4096,17,4622938701
17423,452058911,106958,452165869,6,0,0,23552,9,7756318166
17424,452131510,43904,452175414,4,0,0,512,18,7492139627
17425,452164081,118147,452282228,6,0,0,41472,9,10159754813
17426,452239541,113397,452352938,6,0,0,45568,9,4417894226
17427,452248691,108942,452357633,2,0,0,15360,10,6291980598
17428,452288450,120064,452408514,7,0,0,8192,6,3747102573
17429,452289991,116012,452406003,2,0,0,80896,10,2791882397
17430,452324510,1042,452325552,1,0,1,1024,17,6847023269
17431,452355780,4791,452360571,0,0,1,3072,6,9860610539
17432,452387830,24574,452412404,8,0,1,4096,3,2644494222
17433,452416080,45596,452461676,4,0,0,1024,18,5665439330
17434,452441720,6754,452448474,8,0,1,7168,3,9504494224
17435,452507101,87608,452594709,2,0,0,17920,10,6943095604
17436,452566901,107120,452674021,2,0,0,51712,10,8001193189
17437,452578321,96339,452674660,6,0,0,2048,9,1022498405
17438,452599760,6278,452606038,8,0,1,6656,3,10648757826
17439,452622250,566,452622816,8,0,1,512,3,5548589530
17440,452636560,14117,452650677,0,0,1,24064,6,1739498510
17441,452647010,4333,452651343,1,0,1,1024,17,5984844474
17442,452727371,210746,452938117,2,0,0,163840,10,10051666322
17443,452774901,191878,452966779,6,0,0,45056,9,7813462176
17444,452794200,1994,452796194,1,0,1,2048,17,3645929466
17445,452797191,82258,452879449,2,0,0,1536,10,10593091795
17446,452850260,1042,452851302,1,0,1,1024,17,4960580719
17447,452858220,7230,452865450,1,0,1,7680,17,9562134531
17448,452880351,113620,452993971,2,0,0,13312,10,5693543068
17449,453019281,115856,453135137,6,0,0,80384,9,5258998354
17450,453058731,93668,453152399,6,0,0,19968,9,1538876739
17451,453061801,144670,453206471,2,0,0,86528,10,4278427793
17452,453091600,3422,453095022,9,0,1,3584,5,4747992386
17453,453136420,229714,453366134,7,0,0,128512,6,6920091070
17454,453169780,99217,453268997,4,0,0,1024,18,7788139413
17455,453170040,3898,453173938,1,0,1,4096,17,1425141225
17456,453235120,15062,453250182,9,0,1,29184,5,2715148753
17457,453254980,2946,453257926,3,0,1,3072,6,5590963654
17458,453259400,123516,453382916,7,0,0,31232,6,3935186510
17459,453395100,167076,453562176,7,0,0,19456,6,329729219
17460,453420340,115856,453536196,7,0,0,80384,6,950062429
17461,453457080,105579,453562659,4,0,0,1536,18,9503547623
17462,453502000,1518,453503518,1,0,1,1536,17,6607341036
17463,453647060,7230,453654290,1,0,1,7680,17,10526200461
17464,453648780,155821,453804601,7,0,0,137728,6,10056547504
17465,453692330,1518,453693848,7,0,1,1536,6,6693444051
17466,453910621,54056,453964677,2,0,0,3584,10,1759849760
17467,453957060,4679,453961739,1,0,1,12288,17,10190295682
17468,454083440,4374,454087814,9,0,1,4608,5,8618705342
17469,454088460,3645,454092105,9,0,1,10240,5,8309781211
17470,454119420,1042,454120462,0,0,1,1024,6,5448457409
17471,454145790,216662,454362452,7,0,0,36352,6,7420602718
17472,454167400,2870,454170270,1,0,1,8704,17,6734052899
17473,454210860,125840,454336700,5,0,0,113152,19,8720051398
17474,454278740,189913,454468653,7,0,0,37376,6,10279650612
17475,454313670,86474,454400144,4,0,0,1536,18,4309704088
17476,454322201,132579,454454780,2,0,0,24576,10,9071983209
17477,454339520,2470,454341990,1,0,1,2560,17,3135135974
17478,454399040,157021,454556061,5,0,0,24576,19,718502299
17479,454434421,135235,454569656,2,0,0,44544,10,7536815918
17480,454495340,47587,454542927,4,0,0,512,18,5086732280
17481,454503241,205769,454709010,6,0,0,52736,9,9774935196
17482,454509830,183097,454692927,7,0,0,94720,6,10713593975
17483,454549911,169566,454719477,2,0,0,34304,10,1865431891
17484,454580321,141698,454722019,2,0,0,7168,10,8102949267
17485,454586120,3387,454589507,1,0,1,9728,17,4485688314
17486,454597770,122042,454719812,7,0,0,1024,6,3772302510
17487,454620990,5802,454626792,1,0,1,6144,17,1693097927
17488,454645771,87500,454733271,6,0,0,10752,9,2631787118
17489,454697960,28918,454726878,1,0,1,5120,17,4028236356
17490,454698610,34676,454733286,8,0,1,6656,3,6001265433
17491,454707930,25371,454733301,8,0,1,1024,3,126902445
17492,454708390,132154,454840544,7,0,0,89088,6,533829321
17493,454735310,114114,454849424,5,0,0,17408,19,7328657481
17494,454745991,188183,454934174,6,0,0,67584,9,3999856874
17495,454804690,6278,454810968,8,0,1,6656,3,1208557920
17496,454808010,4937,454812947,1,0,1,12800,17,7879658508
17497,454812100,161473,454973573,7,0,0,43520,6,7510205151
17498,454904030,148535,455052565,5,0,0,39936,19,3418315370
17499,455082520,95780,455178300,7,0,0,24576,6,5663891840
17500,455109230,60103,455169333,4,0,0,1024,18,6879752228
17501,455110691,91592,455202283,2,0,0,15872,10,8612068191
17502,455123410,45596,455169006,4,0,0,1024,18,6407350769
17503,455169740,8575,455178315,0,0,1,13824,6,1460823159
17504,455201841,54490,455256331,2,0,0,3584,10,3340567584
17505,455224630,192662,455417292,7,0,0,47104,6,7581317220
17506,455343931,153173,455497104,6,0,0,19456,9,927806894
17507,455357450,105658,455463108,7,0,0,8704,6,10279162833
17508,455446860,52836,455499696,4,0,0,512,18,7245049008
17509,455495060,45940,455541000,4,0,0,512,18,588742335
17510,455559560,120692,455680252,5,0,0,96256,19,3446405180
17511,455596580,83851,455680431,4,0,0,512,18,5794432533
17512,455670681,122923,455793604,6,0,0,72192,9,10677877829
17513,455685821,122879,455808700,2,0,0,15872,10,2196755829
17514,455722681,180915,455903596,6,0,0,27648,9,5005417884
17515,455895491,94481,455989972,6,0,0,18944,9,510561159
17516,456042160,50672,456092832,4,0,0,2560,18,4250543424
17517,456047320,48980,456096300,5,0,0,2048,19,9159049782
17518,456056150,43904,456100054,5,0,0,512,19,9607583702
17519,456140661,98852,456239513,6,0,0,24576,9,961940091
17520,456148870,3898,456152768,4,0,1,4096,18,3244021174
17521,456176310,193384,456369694,7,0,0,16384,6,9296575696
17522,456185170,179517,456364687,7,0,0,54784,6,1657412772
17523,456209250,2946,456212196,9,0,1,3072,5,9501715739
17524,456222380,2946,456225326,4,0,1,3072,18,1423852508
17525,456240061,105536,456345597,6,0,0,512,9,3065623692
17526,456252590,92836,456345426,4,0,0,2048,18,2147537961
17527,456252850,70910,456323760,7,0,0,7680,6,170467311
17528,456305401,155430,456460831,6,0,0,70656,9,8738738769
17529,456308381,170730,456479111,6,0,0,512,9,2599588087
17530,456398870,174353,456573223,5,0,0,13824,19,9632591451
17531,456408280,108285,456516565,7,0,0,25600,6,6242275418
17532,456440110,98229,456538339,7,0,0,10240,6,3228236167
17533,456567741,172688,456740429,6,0,0,145920,9,2450047290
17534,456596260,6754,456603014,9,0,1,7168,5,5158539442
17535,456600550,3128,456603678,9,0,1,9216,5,2709350763
17536,456616021,128027,456744048,2,0,0,11776,10,4420967282
17537,456646440,3898,456650338,9,0,1,4096,5,5907779373
17538,456646970,5314,456652284,9,0,1,3072,5,2076066417
17539,456716150,30327,456746477,4,0,1,2560,18,5799638242
17540,456723301,194987,456918288,6,0,0,76800,9,3579922716
17541,456753191,98629,456851820,6,0,0,19968,9,9028765273
17542,456811790,212150,457023940,7,0,0,168448,6,7935398360
17543,456894801,270975,457165776,2,0,0,153600,10,4704317027
17544,456896140,183912,457080052,7,0,0,32768,6,7515033104
17545,456911470,17093,456928563,4,0,1,16384,18,4827087039
17546,456917500,162887,457080387,5,0,0,1024,19,10022513481
17547,456932250,5196,456937446,4,0,1,13312,18,8477599828
17548,456952161,7706,456959867,6,0,1,8192,9,911508483
17549,456981691,99803,457081494,6,0,0,3584,9,8685757334
17550,457002630,167264,457169894,7,0,0,8192,6,4627897581
17551,457011561,212199,457223760,2,0,0,24064,10,1487899772
17552,457036150,265184,457301334,5,0,0,50688,19,6957142847
17553,457044271,316761,457361032,2,0,0,96256,10,929224537
17554,457053880,113495,457167375,5,0,0,5120,19,5501431866
17555,457058281,2870,457061151,6,0,1,8704,9,195950204
17556,457072980,15753,457088733,7,0,1,7680,6,4839618435
17557,457076640,14999,457091639,1,0,1,4608,17,9773321848
17558,457076951,346487,457423438,6,0,0,160768,9,6526396561
17559,457115190,142414,457257604,4,0,0,1024,18,6048320013
17560,457123830,240041,457363871,7,0,0,9216,6,1712697777
17561,457147310,23446,457170756,7,0,1,3584,6,3125490790
17562,457160260,143268,457303528,4,0,0,512,18,8952379561
17563,457174630,1042,457175672,4,0,1,1024,18,4937093293
17564,457223130,5559,457228689,4,0,1,12800,18,1095190670
17565,457227120,142850,457369970,5,0,0,19968,19,6132071638
17566,457261320,162453,457423773,4,0,0,1024,18,2252863823
17567,457297250,6070,457303320,7,0,1,2048,6,1428286350
17568,457313190,566,457313756,4,0,1,512,18,7036153602
17569,457344101,320028,457664129,6,0,0,16896,9,9952991344
17570,457346491,271756,457618247,6,0,0,164864,9,3703460162
17571,457377400,262593,457639993,7,0,0,29696,6,914943780
17572,457395111,235803,457630914,2,0,0,41472,10,6879452485
17573,457422961,124434,457547395,6,0,0,11264,9,5479714473
17574,457458781,240679,457699460,6,0,0,38400,9,3772025363
17575,457541431,146314,457687745,6,0,0,8704,9,73223814
17576,457550320,149319,457699639,4,0,0,512,18,6744850778
17577,457590260,49764,457640024,4,0,1,512,18,6487516358
17578,457605190,67257,457672447,4,0,0,1024,18,196331799
17579,457617571,23924,457641495,6,0,1,1536,9,7510694164
17580,457624200,21190,457645390,7,0,1,12800,6,7007447847
17581,457647641,4374,457652015,6,0,1,4608,9,2652919849
17582,457684580,136451,457821031,5,0,0,17920,19,6446138373
17583,457686801,232396,457919197,2,0,0,112128,10,4717801390
17584,457693651,88800,457782451,6,0,0,12288,9,777677832
17585,457720790,566,457721356,9,0,1,512,5,487346728
17586,457761310,78004,457839314,4,0,0,512,18,7003187912
17587,457763040,5802,457768842,4,0,1,6144,18,8769691062
17588,457788980,172346,457961326,7,0,0,26112,6,7641327451
17589,457803610,3898,457807508,4,0,1,4096,18,9252507842
17590,457818270,135085,457953355,7,0,0,4096,6,1442020774
17591,457828831,108549,457937380,6,0,0,10240,9,8917103293
17592,457947121,68811,458015932,6,0,0,8704,9,192649364
17593,457960050,3262,457963312,7,0,1,2048,6,4076022704
17594,457965590,1994,457967584,9,0,1,2048,5,4155047699
17595,457984491,6278,457990769,6,0,1,6656,9,4462663668
17596,458034201,4850,458039051,6,0,1,5120,9,4407325995
17597,458106131,153751,458259882,2,0,0,60928,10,10054139843
17598,458118050,47288,458165338,4,0,0,1536,18,2872079520
17599,458127001,148653,458275654,2,0,0,20480,10,9496555755
17600,458138691,6229,458144920,6,0,1,15360,9,10448242918
17601,458146840,7230,458154070,9,0,1,7680,5,9758784970
17602,458165260,4461,458169721,4,0,1,4608,18,1693515308
17603,458165271,5436,458170707,6,0,1,1536,9,8191240106
17604,458207860,94308,458302168,4,0,0,512,18,4546355275
17605,458215000,128174,458343174,7,0,0,26624,6,9452104076
17606,458242230,66840,458309070,4,0,0,2048,18,8355804097
17607,458268891,6778,458275669,6,0,1,1024,9,1609019419
17608,458270980,10483,458281463,8,0,1,6144,3,2826014345
17609,458314780,132311,458447091,7,0,0,29696,6,6635084010
17610,458319341,43904,458363245,6,0,0,512,9,1813537002
17611,458345420,5802,458351222,8,0,1,6144,3,10482339012
17612,458365550,2946,458368496,4,0,1,3072,18,1911623959
17613,458369900,152041,458521941,4,0,0,1536,18,6000691934
17614,458372280,1518,458373798,9,0,1,1536,5,9852120059
17615,458489780,43904,458533684,4,0,0,512,18,3919155647
17616,458535611,104312,458639923,2,0,0,42496,10,4138592307
17617,458559040,5326,458564366,8,0,1,5632,3,2696546172
17618,458578070,215680,458793750,7,0,0,70656,6,1818297924
17619,458587320,164707,458752027,7,0,0,55296,6,4077236598
17620,458594231,2470,458596701,6,0,1,2560,9,10722563202
17621,458595440,164054,458759494,4,0,0,2048,18,4711728829
17622,458599860,2946,458602806,9,0,1,3072,5,6458707760
17623,458619790,4679,458624469,9,0,1,12288,5,10152680337
17624,458643831,122308,458766139,2,0,0,3584,10,2021174465
17625,458681991,71923,458753914,2,0,0,6144,10,1972433463
17626,458700900,3387,458704287,8,0,1,9728,3,8666687243
17627,458705771,233689,458939460,2,0,0,36352,10,2584146901
17628,458714250,131311,458845561,7,0,0,31232,6,4945265198
17629,458727640,3422,458731062,9,0,1,3584,5,2842159644
17630,458744280,61666,458805946,4,0,0,1024,18,3570889200
17631,458768271,182679,458950950,2,0,0,22528,10,1627567820
17632,458781570,13690,458795260,7,0,1,1536,6,2848340048
17633,458819750,1518,458821268,9,0,1,1536,5,6557374290
17634,458825250,1994,458827244,7,0,1,2048,6,9011937915
17635,458893050,1042,458894092,8,0,1,1024,3,5543532046
17636,458894721,243158,459137879,2,0,0,43008,10,5602073861
17637,458898090,2470,458900560,1,0,1,2560,17,8848214329
17638,458910130,6278,458916408,9,0,1,6656,5,1612376250
17639,458920161,19314,458939475,6,0,1,16384,9,9391285949
17640,458984670,177809,459162479,4,0,0,512,18,10657139967
17641,458987331,172403,459159734,2,0,0,71680,10,10728721069
17642,459020351,235535,459255886,6,0,0,41472,9,7724419799
17643,459041181,1042,459042223,6,0,1,1024,9,6469682421
17644,459071400,5196,459076596,7,0,1,13312,6,352646813
17645,459072530,5372,459077902,7,0,1,2048,6,1439541908
17646,459093151,82864,459176015,2,0,0,4608,10,1511040325
17647,459123001,120234,459243235,6,0,0,61440,9,10585246847
17648,459152170,10026,459162196,9,0,1,2560,5,1722923089
17649,459198540,72970,459271510,7,0,0,7680,6,7914311317
17650,459273290,7706,459280996,0,0,1,8192,6,1915167931
17651,459274581,57002,459331583,2,0,0,4096,10,9304689972
17652,459324910,43904,459368814,4,0,0,512,18,9902506226
17653,459366310,566,459366876,8,0,1,512,3,2520486109
17654,459399160,2946,459402106,8,0,1,3072,3,10003207362
17655,459401600,2470,459404070,7,0,1,2560,6,5075841002
17656,459431640,566,459432206,7,0,1,512,6,6657341137
17657,459447070,94244,459541314,7,0,0,24576,6,1928421987
17658,459448680,6278,459454958,9,0,1,6656,5,440551072
17659,459482380,7230,459489610,9,0,1,7680,5,4144170959
17660,459500950,6278,459507228,8,0,1,6656,3,10181696556
17661,459527760,1042,459528802,7,0,1,1024,6,7344433305
17662,459582490,4850,459587340,8,0,1,5120,3,9896823387
17663,459638601,168659,459807260,6,0,0,46592,9,7878847287
17664,459655941,64832,459720773,2,0,0,8704,10,10289567470
17665,459677410,4374,459681784,8,0,1,4608,3,9546727732
17666,459716560,6278,459722838,9,0,1,6656,5,1355051279
17667,459748130,7706,459755836,0,0,1,8192,6,1996035906
17668,459802550,5268,459807818,8,0,1,512,3,8622178355
17669,459821240,5802,459827042,8,0,1,6144,3,6726727585
17670,459831731,241935,460073666,2,0,0,70656,10,2187291807
17671,459833501,217484,460050985,2,0,0,126976,10,8525109158
17672,459855760,196028,460051788,4,0,0,2560,18,5184582109
17673,459925880,2946,459928826,8,0,1,3072,3,9225446462
17674,459951191,100924,460052115,2,0,0,1024,10,2252034564
17675,460013070,81811,460094881,4,0,0,512,18,1612430974
17676,460033370,44679,460078049,9,0,1,4608,5,2724488489
17677,460039550,79704,460119254,4,0,0,1024,18,8223814335
17678,460040790,39205,460079995,8,0,1,3072,3,5893369805
17679,460090410,13083,460103493,0,0,1,22016,6,3205314614
17680,460105441,136752,460242193,6,0,0,16896,9,2935742277
17681,460116950,7230,460124180,9,0,1,7680,5,9463387252
17682,460126450,566,460127016,9,0,1,512,5,8393095652
17683,460188190,101972,460290162,4,0,0,34816,18,272586976
17684,460249680,107588,460357268,4,0,0,53248,18,5140757378
17685,460319840,4850,460324690,9,0,1,5120,5,9455351997
17686,460374340,3898,460378238,8,0,1,4096,3,752061838
17687,460401710,1994,460403704,9,0,1,2048,5,4892445953
17688,460407580,2946,460410526,0,0,1,3072,6,7519927709
17689,460410700,1518,460412218,8,0,1,1536,3,1865175333
17690,460452440,566,460453006,0,0,1,512,6,1761124616
17691,460457131,242732,460699863,2,0,0,197120,10,3475824958
17692,460580850,566,460581416,0,0,1,512,6,3256659857
17693,460604330,109094,460713424,7,0,0,16384,6,6878874797
17694,460624350,1994,460626344,8,0,1,2048,3,5249857278
17695,460668860,32037,460700897,9,0,1,1024,5,4403276118
17696,460726090,1518,460727608,8,0,1,1536,3,2854585655
17697,460753960,106496,460860456,7,0,0,49664,6,4059507494
17698,460779720,145993,460925713,4,0,0,32768,18,8908614931
17699,460798760,7706,460806466,8,0,1,8192,3,10097879530
17700,460824290,3645,460827935,8,0,1,10240,3,10420287808
17701,460839650,3898,460843548,8,0,1,4096,3,5724849541
17702,460848500,15387,460863887,9,0,1,3584,5,2959390369
17703,460848700,15533,460864233,0,0,1,512,6,2018928937
17704,460922770,107236,461030006,7,0,0,38912,6,388785807
17705,460924000,7056,460931056,8,0,1,5632,3,9361727058
17706,460945060,6754,460951814,0,0,1,7168,6,7837170010
17707,460948560,5520,460954080,0,0,1,3584,6,3267216377
17708,460967661,86744,461054405,2,0,0,11776,10,9671173142
17709,460997681,126152,461123833,6,0,0,114176,9,9269464148
17710,461147800,7706,461155506,8,0,1,8192,3,2117438772
17711,461170541,97760,461268301,6,0,0,20992,9,9519436308
17712,461262070,7282,461269352,0,0,1,1024,6,234543800
17713,461262270,9997,461272267,9,0,1,10240,5,404943982
17714,461270760,97034,461367794,7,0,0,12800,6,3146461289
17715,461277880,3898,461281778,0,0,1,4096,6,1904047946
17716,461292130,3387,461295517,8,0,1,9728,3,1843518603
17717,461300670,5971,461306641,9,0,1,14848,5,4733765886
17718,461329890,200517,461530407,4,0,0,10752,18,1951646327
17719,461331030,5712,461336742,8,0,1,14336,3,9597021832
17720,461338190,1518,461339708,8,0,1,1536,3,6147331826
17721,461398620,4850,461403470,3,0,1,5120,6,9802362272
17722,461465750,102128,461567878,4,0,0,35328,18,10129147119
17723,461480891,93821,461574712,6,0,0,11264,9,2835216601
17724,461517600,3898,461521498,9,0,1,4096,5,5897135594
17725,461573640,239195,461812835,7,0,0,75776,6,5682503135
17726,461598780,3128,461601908,3,0,1,9216,6,3440061444
17727,461608070,1042,461609112,8,0,1,1024,3,6339923155
17728,461626391,107900,461734291,6,0,0,54272,9,1519259001
17729,461653850,3904,461657754,8,0,1,10752,3,1099119532
17730,461672780,566,461673346,9,0,1,512,5,723106277
17731,461689560,2870,461692430,8,0,1,8704,3,3242565704
17732,461801801,58314,461860115,6,0,0,1536,9,4814555948
17733,461829010,3128,461832138,8,0,1,9216,3,5770797821
17734,461860740,3422,461864162,9,0,1,3584,5,7899016011
17735,461862941,282184,462145125,6,0,0,265216,9,2491524283
17736,461874611,169928,462044539,2,0,0,7680,10,319642996
17737,461959320,7706,461967026,8,0,1,8192,3,8199057775
17738,461975160,5326,461980486,8,0,1,5632,3,1574111259
17739,461984080,1518,461985598,3,0,1,1536,6,7582750740
17740,461998990,1994,462000984,8,0,1,2048,3,10110842250
17741,462038720,146604,462185324,4,0,0,23040,18,2806662611
17742,462051950,2946,462054896,3,0,1,3072,6,10363061380
17743,462054330,6278,462060608,8,0,1,6656,3,8441518825
17744,462089760,56015,462145775,3,0,1,512,6,4771084903
17745,462104620,257629,462362249,4,0,0,26112,18,1316483301
17746,462106300,140215,462246515,4,0,0,32768,18,5989664707
17747,462111420,193059,462304479,7,0,0,34304,6,3381399882
17748,462136491,93886,462230377,6,0,0,19456,9,5191102320
17749,462157891,136121,462294012,6,0,0,51200,9,10543869701
17750,462180890,127660,462308550,4,0,0,13312,18,3307537911
17751,462192720,2470,462195190,9,0,1,2560,5,6554279871
17752,462237970,10531,462248501,3,0,1,2048,6,2064718288
17753,462262810,6278,462269088,8,0,1,6656,3,8595740836
17754,462274470,3422,462277892,9,0,1,3584,5,2413121356
17755,462315071,104941,462420012,2,0,0,8704,10,7472693199
17756,462340140,7230,462347370,0,0,1,7680,6,9173169071
17757,462390700,6754,462397454,7,0,1,7168,6,10442145052
17758,462393811,62516,462456327,2,0,0,6144,10,9337996285
17759,462418430,4520,462422950,9,0,1,3072,5,5633689079
17760,462443620,2870,462446490,9,0,1,8704,5,1355494891
17761,462451040,70532,462521572,4,0,0,12288,18,1129946000
17762,462678260,112465,462790725,4,0,0,18432,18,5465519633
17763,462679820,11791,462691611,8,0,1,19456,3,10090758689
17764,462699190,98092,462797282,4,0,0,7168,18,1787948014
17765,462705571,229508,462935079,2,0,0,102912,10,5827284508
17766,462717040,76048,462793088,4,0,0,7680,18,697559184
17767,462718680,3898,462722578,8,0,1,4096,3,2074521863
17768,462720840,4679,462725519,8,0,1,12288,3,1815132069
17769,462724900,1285,462726185,4,0,1,1024,18,10053169861
17770,462730750,1994,462732744,1,0,1,2048,17,2601096477
17771,462739101,140742,462879843,6,0,0,82944,9,4803355848
17772,462754860,3422,462758282,1,0,1,3584,17,2769777372
17773,462760680,131825,462892505,7,0,0,6656,6,31625895
17774,462764230,1994,462766224,1,0,1,2048,17,5955726165
17775,462784881,200707,462985588,6,0,0,3584,9,9154818813
17776,462787490,7551,462795041,9,0,1,2048,5,6914266501
17777,462792740,4557,462797297,1,0,1,1024,17,5008217000
17778,462802080,3422,462805502,1,0,1,3584,17,10619677495
17779,462803730,3645,462807375,1,0,1,10240,17,8627637578
17780,462808070,7706,462815776,4,0,1,8192,18,6092314047
17781,462821901,135769,462957670,6,0,0,18944,9,2243557951
17782,462896031,45596,462941627,2,0,0,1024,10,4964641059
17783,462932350,3763,462936113,1,0,1,1024,17,7769637266
17784,462941520,239368,463180888,4,0,0,20480,18,3447047094
17785,462948660,9025,462957685,1,0,1,7680,17,106718095
17786,462960170,3128,462963298,1,0,1,9216,17,1890073121
17787,462968560,1518,462970078,4,0,1,1536,18,5549158805
17788,462988530,3898,462992428,4,0,1,4096,18,1036580773
17789,463001980,566,463002546,4,0,1,512,18,1556522621
17790,463016070,6488,463022558,9,0,1,15872,5,4726709359
17791,463029750,4850,463034600,4,0,1,5120,18,10120605429
17792,463040340,1042,463041382,9,0,1,1024,5,4423285529
17793,463055031,252805,463307836,6,0,0,25600,9,1335932778
17794,463073720,2470,463076190,8,0,1,2560,3,5911895213
17795,463077260,218682,463295942,4,0,0,126464,18,3055848814
17796,463187201,112820,463300021,2,0,0,13312,10,1867471901
17797,463196630,1994,463198624,1,0,1,2048,17,2810422105
17798,463217220,6754,463223974,4,0,1,7168,18,6018862240
17799,463221950,96294,463318244,4,0,0,13312,18,6821186255
17800,463234960,7706,463242666,1,0,1,8192,17,10459334856
17801,463249110,6229,463255339,4,0,1,15360,18,9111373792
17802,463263800,175556,463439356,7,0,0,45568,6,6810794954
17803,463272550,41623,463314173,4,0,1,6656,18,31305907
17804,463276610,207398,463484008,7,0,0,35840,6,2019864264
17805,463279240,39019,463318259,4,0,1,1536,18,9915723605
17806,463306600,112073,463418673,4,0,0,25600,18,3850919045
17807,463313651,268499,463582150,2,0,0,59392,10,6090074775
17808,463355500,191581,463547081,7,0,0,39424,6,3562596337
17809,463416610,5001,463421611,4,0,1,3072,18,3743890805
17810,463490960,7230,463498190,9,0,1,7680,5,3092665942
17811,463527850,4420,463532270,9,0,1,11776,5,1444482541
17812,463624580,112867,463737447,4,0,0,512,18,1362039771
17813,463663101,96512,463759613,6,0,0,16896,9,154580832
17814,463719970,117416,463837386,7,0,0,85504,6,7443033212
17815,463736931,223287,463960218,2,0,0,93184,10,1925141973
17816,463771940,2470,463774410,4,0,1,2560,18,5656274985
17817,463781630,222976,464004606,7,0,0,27136,6,1256093112
17818,463784151,183890,463968041,6,0,0,25600,9,4587855551
17819,463791950,112144,463904094,7,0,0,14848,6,3193447605
17820,463804500,32901,463837401,4,0,1,18944,18,7900655911
17821,463860911,221401,464082312,6,0,0,49152,9,8226232722
17822,463946120,24350,463970470,4,0,1,2560,18,6880566325
17823,463964260,69878,464034138,7,0,0,4096,6,1727597403
17824,463985130,2946,463988076,9,0,1,3072,5,8507909815
17825,464001010,50810,464051820,0,0,0,512,6,4675937897
17826,464032911,62043,464094954,6,0,0,5632,9,7303227377
17827,464041910,566,464042476,4,0,1,512,18,779129856
17828,464074961,110563,464185524,2,0,0,38912,10,6170605435
17829,464097500,3422,464100922,9,0,1,3584,5,9228990700
17830,464136390,1994,464138384,9,0,1,2048,5,9865088077
17831,464148740,3898,464152638,9,0,1,4096,5,7436794147
17832,464171110,566,464171676,8,0,1,512,3,4321015947
17833,464209501,84512,464294013,2,0,0,12800,10,10580480284
17834,464259030,4162,464263192,9,0,1,11264,5,5309120386
17835,464306020,566,464306586,8,0,1,512,3,10631302537
17836,464309560,6754,464316314,4,0,1,7168,18,10469399002
17837,464315900,82376,464398276,7,0,0,15872,6,2318085943
17838,464361040,2470,464363510,8,0,1,2560,3,5220270096
17839,464377920,107120,464485040,7,0,0,51712,6,9023450923
17840,464478750,7800,464486550,9,0,1,1536,5,3579828771
17841,464526991,103064,464630055,6,0,0,38400,9,9087953074
17842,464530981,114080,464645061,6,0,0,49152,9,1144619593
17843,464532251,166144,464698395,2,0,0,61952,10,5897422832
17844,464534251,180695,464714946,6,0,0,54272,9,5679262113
17845,464578230,6278,464584508,3,0,1,6656,6,9859507465
17846,464586760,4850,464591610,8,0,1,5120,3,10506580872
17847,464605911,114787,464720698,6,0,0,16896,9,2326683915
17848,464608530,1042,464609572,8,0,1,1024,3,3369529674
17849,464608840,2997,464611837,3,0,1,3072,6,4836324236
17850,464613140,16930,464630070,8,0,1,8192,3,550485388
17851,464628290,17346,464645636,8,0,1,512,3,6174350532
17852,464633870,110450,464744320,4,0,0,2560,18,2022772494
17853,464649110,10499,464659609,3,0,1,16896,6,4842778423
17854,464793840,43904,464837744,4,0,0,512,18,3299136992
17855,464831710,67592,464899302,4,0,0,7680,18,8940305955
17856,464904280,5326,464909606,3,0,1,5632,6,5068794715
17857,464909740,566,464910306,3,0,1,512,6,9482749239
17858,464911640,64076,464975716,7,0,0,11264,6,8653363984
17859,464913840,5802,464919642,8,0,1,6144,3,2496640210
17860,464947320,1042,464948362,8,0,1,1024,3,6783059717
17861,465108000,74696,465182696,4,0,0,15872,18,5525689676
17862,465171870,10841,465182711,7,0,1,7168,6,6590643311
17863,465232821,64520,465297341,2,0,0,7680,10,5021184913
17864,465310770,1042,465311812,1,0,1,1024,17,7352127646
17865,465329231,195428,465524659,2,0,0,180224,10,6693487814
17866,465361170,167888,465529058,7,0,0,14336,6,7887626436
17867,465433570,3422,465436992,1,0,1,3584,17,10059498205
17868,465441660,3898,465445558,3,0,1,4096,6,5126524269
17869,465453340,212621,465665961,7,0,0,62464,6,7767207505
17870,465469900,59683,465529583,3,0,1,512,6,4210346211
17871,465480550,204584,465685134,7,0,0,3584,6,7561521647
17872,465537251,100880,465638131,2,0,0,31232,10,6838920939
17873,465554840,5454,465560294,1,0,1,13824,17,2346995
17874,465587251,1994,465589245,6,0,1,2048,9,5688926939
17875,465623271,330789,465954060,6,0,0,227328,9,7551162087
17876,465691560,566,465692126,1,0,1,512,17,9484213625
17877,465730770,113610,465844380,7,0,0,28672,6,2013978627
17878,465741551,239410,465980961,2,0,0,26624,10,4527841269
17879,465779921,188974,465968895,2,0,0,48640,10,10604876685
17880,465797780,175030,465972810,7,0,0,12800,6,10093932846
17881,465798070,7230,465805300,1,0,1,7680,17,2292682056
17882,465899350,87307,465986657,1,0,1,14336,17,4763182155
17883,465922271,188125,466110396,2,0,0,20480,10,5875634948
17884,465933181,177386,466110567,2,0,0,512,10,834818739
17885,465939440,164701,466104141,4,0,0,90112,18,2425580311
17886,465983430,193893,466177323,4,0,0,46080,18,1102552343
17887,466001470,109580,466111050,7,0,0,1536,6,10441648791
17888,466107401,99515,466206916,2,0,0,13312,10,6829624394
17889,466159910,131420,466291330,7,0,0,57344,6,7587554402
17890,466239451,235203,466474654,2,0,0,223232,10,8453418317
17891,466243500,65900,466309400,4,0,0,7168,18,990865967
17892,466303830,1518,466305348,4,0,1,1536,18,8218263132
17893,466389751,125823,466515574,2,0,0,57856,10,8749361160
17894,466559991,4679,466564670,6,0,1,12288,9,137578233
17895,466632581,1518,466634099,6,0,1,1536,9,4583370721
17896,466675421,105560,466780981,6,0,0,46592,9,7839808120
17897,466704680,1042,466705722,1,0,1,1024,17,2296817032
17898,466746430,7706,466754136,8,0,1,8192,3,7104115733
17899,466815481,2470,466817951,6,0,1,2560,9,4186030620
17900,466836950,13770,466850720,2,0,1,26624,10,9840036252
17901,466837580,105291,466942871,4,0,0,20992,18,2621930269
17902,466839881,11505,466851386,6,0,1,1024,9,9387245833
17903,466853380,1042,466854422,8,0,1,1024,3,2330963337
17904,466883600,3422,466887022,1,0,1,3584,17,9747718628
17905,466890971,93842,466984813,2,0,0,18944,10,3362146893
17906,466892321,156152,467048473,2,0,0,66560,10,275166720
17907,466901431,248968,467150399,2,0,0,123392,10,6109023022
17908,466903430,2870,466906300,8,0,1,8704,3,126864209
17909,466917531,5802,466923333,6,0,1,6144,9,6084574408
17910,466941330,4003,466945333,9,0,1,2560,5,2522720959
17911,466949690,2470,466952160,8,0,1,2560,3,9692953126
17912,466997660,1042,466998702,1,0,1,1024,17,7785062089
17913,467016520,5971,467022491,8,0,1,14848,3,4047921983
17914,467035500,14007,467049507,8,0,1,1024,3,5797365470
17915,467053380,3422,467056802,8,0,1,3584,3,10651701310
17916,467126011,69976,467195987,6,0,0,1024,9,7780688324
17917,467129120,126700,467255820,7,0,0,46080,6,7926218197
17918,467164900,1042,467165942,1,0,1,1024,17,3496955739
17919,467175830,5802,467181632,1,0,1,6144,17,1239380083
17920,467203780,3898,467207678,8,0,1,4096,3,3195292243
17921,467207591,1042,467208633,6,0,1,1024,9,2625380411
17922,467208820,58346,467267166,4,0,0,1536,18,9054262038
17923,467235270,107310,467342580,7,0,0,26112,6,1659867067
17924,467237360,18475,467255835,1,0,1,6144,17,8060681971
17925,467284790,4850,467289640,1,0,1,5120,17,9373911015
17926,467304951,566,467305517,5,0,1,512,19,4713940601
17927,467347511,3422,467350933,6,0,1,3584,9,3545808135
17928,467351471,7230,467358701,6,0,1,7680,9,1595671089
17929,467358480,204749,467563229,4,0,0,18432,18,2866364213
17930,467368581,3904,467372485,6,0,1,10752,9,2260701176
17931,467460320,97278,467557598,7,0,0,8192,6,1657888697
17932,467486341,48980,467535321,2,0,0,2048,10,6826458509
17933,467510031,1994,467512025,6,0,1,2048,9,5017667510
17934,467541170,43904,467585074,7,0,0,512,6,7048083661
17935,467628620,56528,467685148,4,0,0,6656,18,1881650200
17936,467652181,23378,467675559,6,0,1,41984,9,6607221998
17937,467721800,60980,467782780,7,0,0,6144,6,1114110783
17938,467748150,4679,467752829,1,0,1,12288,17,5391607275
17939,467828011,100880,467928891,6,0,0,31232,9,4620647562
17940,467847741,104312,467952053,2,0,0,42496,10,2008407036
17941,467853230,1994,467855224,1,0,1,2048,17,8584841000
17942,467871050,6278,467877328,8,0,1,6656,3,8028742321
17943,467874631,7523,467882154,6,0,1,7680,9,10339768688
17944,467892571,115892,468008463,9,0,0,17920,5,1827491973
17945,467934661,3422,467938083,6,0,1,3584,9,1315150709
17946,467966180,13083,467979263,1,0,1,22016,17,2775583953
17947,467998610,207275,468205885,4,0,0,8192,18,5447279042
17948,468013580,5802,468019382,7,0,1,6144,6,830169495
17949,468050850,5802,468056652,1,0,1,6144,17,2474897367
17950,468053640,76246,468129886,7,0,0,6144,6,2308268612
17951,468067370,136004,468203374,7,0,0,86016,6,5981013966
17952,468069460,4937,468074397,8,0,1,12800,3,7869651240
17953,468073760,1994,468075754,8,0,1,2048,3,7571378202
17954,468163890,10757,468174647,1,0,1,17408,17,8352651270
17955,468185591,128063,468313654,6,0,0,51712,9,10405160268
17956,468198930,8966,468207896,1,0,1,2048,17,602641365
17957,468209530,1518,468211048,8,0,1,1536,3,7688512975
17958,468255800,235026,468490826,4,0,0,22528,18,3708050098
17959,468267470,2470,468269940,8,0,1,2560,3,4380719056
17960,468267620,6481,468274101,1,0,1,6144,17,8113748711
17961,468278260,7230,468285490,8,0,1,7680,3,9387560188
17962,468293560,20109,468313669,7,0,1,6144,6,4150977914
17963,468299991,19965,468319956,6,0,1,6656,9,2971696686
17964,468310770,13692,468324462,1,0,1,7168,17,426941459
17965,468313951,74364,468388315,2,0,0,11776,10,1205593689
17966,468319690,109201,468428891,7,0,0,13312,6,4639820125
17967,468321600,103220,468424820,4,0,0,38912,18,10134939793
17968,468333690,4374,468338064,7,0,1,4608,6,82932216
17969,468357910,138703,468496613,4,0,0,18944,18,7000665
17970,468402751,117865,468520616,2,0,0,13312,10,6031733419
17971,468409320,1518,468410838,8,0,1,1536,3,9293194291
17972,468461150,7706,468468856,1,0,1,8192,17,3782898031
17973,468465150,99632,468564782,4,0,0,27136,18,3894734482
17974,468506631,89231,468595862,2,0,0,17920,10,9409706767
17975,468547950,4850,468552800,1,0,1,5120,17,6519002187
17976,468590370,110172,468700542,4,0,0,57344,18,4812936241
17977,468610091,167869,468777960,2,0,0,83456,10,2643479595
17978,468610760,3898,468614658,8,0,1,4096,3,9758259803
17979,468617421,264918,468882339,2,0,0,6144,10,675950840
17980,468652400,79794,468732194,4,0,0,2048,18,8979132376
17981,468654480,327995,468982475,4,0,0,46080,18,466859634
17982,468654520,20367,468674887,1,0,1,32768,17,7345338752
17983,468662280,17792,468680072,1,0,1,16384,17,7393699020
17984,468684890,195562,468880452,4,0,0,110080,18,1721867430
17985,468708811,2470,468711281,6,0,1,2560,9,6010549165
17986,468714431,5802,468720233,6,0,1,6144,9,4341367987
17987,468774260,9018,468783278,1,0,1,5632,17,9452234021
17988,468785361,2946,468788307,6,0,1,3072,9,4023905525
17989,468815290,566,468815856,1,0,1,512,17,4493228297
17990,468818930,165744,468984674,7,0,0,7168,6,9519444707
17991,468866400,20305,468886705,1,0,1,4608,17,394512651
17992,468917490,1518,468919008,7,0,1,1536,6,10418638512
17993,468949620,1042,468950662,8,0,1,1024,3,5257570618
17994,468967131,101972,469069103,6,0,0,34816,9,5939652207
17995,469015480,1518,469016998,1,0,1,1536,17,1463441212
17996,469068380,7469,469075849,1,0,1,7168,17,7763563362
17997,469072131,50672,469122803,2,0,0,2560,10,4462285730
17998,469082690,206910,469289600,4,0,0,31744,18,3045213236
17999,469083931,195974,469279905,2,0,0,98816,10,306297723
18000,469084420,145379,469229799,4,0,0,27648,18,2252830630
18001,469095110,154672,469249782,4,0,0,65536,18,4099444768
18002,469101530,5326,469106856,7,0,1,5632,6,1994203027
18003,469102900,9102,469112002,7,0,1,8192,6,9927205766
18004,469116850,7706,469124556,8,0,1,8192,3,6715710268
18005,469125721,164698,469290419,2,0,0,2560,10,7233956141
18006,469134690,2946,469137636,1,0,1,3072,17,8308269691
18007,469173550,3904,469177454,8,0,1,10752,3,3737617022
18008,469190790,138603,469329393,7,0,0,18432,6,4924070572
18009,469196980,1518,469198498,1,0,1,1536,17,8752634851
18010,469197520,191902,469389422,7,0,0,14336,6,875651954
18011,469198710,1042,469199752,1,0,1,1024,17,10511719723
18012,469198990,3027,469202017,8,0,1,3072,3,1429829772
18013,469200731,233956,469434687,2,0,0,13824,10,4462922198
18014,469267750,23853,469291603,8,0,1,2048,3,3059182293
18015,469275460,19855,469295315,1,0,1,12800,17,8053255419
18016,469278371,147906,469426277,6,0,0,77824,9,5242633428
18017,469326590,211255,469537845,7,0,0,124416,6,7569649785
18018,469350490,1994,469352484,7,0,1,2048,6,4134077655
18019,469424310,2525,469426835,7,0,1,512,6,2213249949
18020,469463410,2870,469466280,1,0,1,8704,17,3108018766
18021,469485150,2470,469487620,8,0,1,2560,3,7452031246
18022,469550530,1518,469552048,1,0,1,1536,17,679727890
18023,469596310,211526,469807836,7,0,0,166400,6,985542702
18024,469613000,566,469613566,8,0,1,512,3,7592980620
18025,469623490,4850,469628340,7,0,1,5120,6,119873549
18026,469625270,199117,469824387,4,0,0,54272,18,4028783521
18027,469666950,7230,469674180,8,0,1,7680,3,357025919
18028,469672731,224276,469897007,2,0,0,32768,10,9740949450
18029,469724800,3422,469728222,7,0,1,3584,6,2579224570
18030,469750200,112884,469863084,7,0,0,43008,6,330212174
18031,469794850,156925,469951775,4,0,0,51200,18,7168417978
18032,469796210,357995,470154205,4,0,0,27648,18,9907003162
18033,469821051,165206,469986257,2,0,0,27136,10,5757967831
18034,469828950,2946,469831896,1,0,1,3072,17,7700442597
18035,469833650,566,469834216,1,0,1,512,17,1348394866
18036,469859130,14703,469873833,8,0,1,17408,3,1572280786
18037,469884021,261745,470145766,2,0,0,115200,10,377995915
18038,469894001,4040,469898041,6,0,1,1024,9,6860826548
18039,469914010,13253,469927263,8,0,1,25600,3,8322814256
18040,469957700,90704,470048404,7,0,0,23040,6,7642187362
18041,469981030,10156,469991186,8,0,1,12800,3,3737162981
18042,470011620,1518,470013138,0,0,1,1536,6,3768344005
18043,470019450,90616,470110066,4,0,0,3072,18,495058121
18044,470078830,4850,470083680,8,0,1,5120,3,6950387261
18045,470130440,25768,470156208,7,0,1,2048,6,846946035
18046,470153341,107533,470260874,6,0,0,50176,9,8122082155
18047,470183570,6754,470190324,8,0,1,7168,3,6130504076
18048,470199880,4850,470204730,8,0,1,5120,3,2382991553
18049,470235880,4374,470240254,8,0,1,4608,3,9085891886
18050,470253040,235552,470488592,7,0,0,105472,6,4224846257
18051,470263830,1518,470265348,8,0,1,1536,3,8778052368
18052,470283640,1994,470285634,8,0,1,2048,3,7910862900
18053,470300740,2470,470303210,7,0,1,2560,6,1476581486
18054,470305170,247400,470552570,7,0,0,82432,6,10309783640
18055,470318251,191401,470509652,2,0,0,39424,10,2166441192
18056,470319700,62516,470382216,7,0,0,6144,6,4978716366
18057,470391540,181637,470573177,7,0,0,67584,6,792071636
18058,470456471,229707,470686178,2,0,0,95232,10,3010702686
18059,470461940,172110,470634050,7,0,0,50176,6,2062026237
18060,470519851,65455,470585306,2,0,0,6144,10,7788249300
18061,470612821,106496,470719317,2,0,0,49664,10,7035507756
18062,470639501,83263,470722764,6,0,0,11264,9,10687635979
18063,470724250,106964,470831214,4,0,0,51200,18,6225905867
18064,470727621,71468,470799089,6,0,0,15360,9,2250072655
18065,470858980,6754,470865734,1,0,1,7168,17,8732374332
18066,470910491,72668,470983159,2,0,0,9216,10,6681272747
18067,471010260,7230,471017490,4,0,1,7680,18,317503308
18068,471079020,3128,471082148,2,0,1,9216,10,10219893194
18069,471107210,56337,471163547,2,0,1,96256,10,4519302842
18070,471157230,11604,471168834,2,0,1,16896,10,437237119
18071,471171700,254670,471426370,4,0,0,34304,18,8165392004
18072,471254691,214473,471469164,2,0,0,28160,10,5749615249
18073,471294841,87896,471382737,2,0,0,13824,10,2526734017
18074,471332800,82149,471414949,2,0,1,133120,10,600386817
18075,471402840,23545,471426385,9,0,1,7680,5,4540353936
18076,471460770,15140,471475910,2,0,1,7168,10,10510593851
18077,471484091,262811,471746902,2,0,0,109568,10,9908079488
18078,471497060,32816,471529876,2,0,1,53760,10,4351502743
18079,471504421,209082,471713503,9,0,0,97792,5,3456916054
18080,471534951,279994,471814945,9,0,0,6144,5,8595248249
18081,471567201,234490,471801691,6,0,0,87552,9,7754911486
18082,471569121,191003,471760124,2,0,0,37888,10,6274134542
18083,471597661,297088,471894749,2,0,0,42496,10,9757355887
18084,471614741,148050,471762791,2,0,0,8704,10,4749398723
18085,471649271,113691,471762962,9,0,0,512,5,8714459843
18086,471676220,70697,471746917,1,0,1,23040,17,1932198981
18087,471680390,124748,471805138,4,0,0,11264,18,5612496593
18088,471689870,364972,472054842,4,0,0,169472,18,9728505750
18089,471710080,53534,471763614,2,0,1,32256,10,9016889163
18090,471710170,54520,471764690,1,0,1,13312,17,8109973748
18091,471738451,168013,471906464,2,0,0,38400,10,650587621
18092,471742140,25136,471767276,1,0,1,4096,17,9063875812
18093,471828470,127456,471955926,7,0,0,6144,6,5462458019
18094,471874010,4850,471878860,3,0,1,5120,6,4116340752
18095,471896490,22961,471919451,2,0,1,25088,10,6054419171
18096,471925691,132442,472058133,2,0,0,10752,10,7729499740
18097,471931291,70913,472002204,9,0,0,1536,5,9516655712
18098,471946220,1518,471947738,3,0,1,1536,6,1992354020
18099,471982710,104116,472086826,7,0,0,28160,6,2543145219
18100,472055400,227461,472282861,7,0,0,79360,6,2057553375
18101,472058861,403283,472462144,6,0,0,115712,9,10367340970
18102,472059470,4850,472064320,3,0,1,5120,6,10143779900
18103,472066360,6278,472072638,1,0,1,6656,17,5952265622
18104,472136931,174665,472311596,2,0,0,5120,10,4489685528
18105,472157731,223692,472381423,6,0,0,28672,9,2403866820
18106,472185350,124671,472310021,7,0,0,30208,6,3292132365
18107,472218940,207917,472426857,4,0,0,97792,18,3642240984
18108,472249551,147487,472397038,2,0,0,51200,10,798338921
18109,472283651,253496,472537147,2,0,0,91648,10,345138952
18110,472297331,207962,472505293,2,0,0,53760,10,1581961732
18111,472319900,3904,472323804,2,0,1,10752,10,2091969882
18112,472365400,143808,472509208,4,0,0,12800,18,4952186294
18113,472379030,83137,472462167,2,0,1,31744,10,4232393504
18114,472401860,71517,472473377,7,0,1,18432,6,10243222671
18115,472443310,251683,472694993,4,0,0,22528,18,8416543437
18116,472480881,99788,472580669,9,0,0,27648,5,1476235965
18117,472486761,250082,472736843,9,0,0,62976,5,8787811910
18118,472502841,269273,472772114,9,0,0,115712,5,7507626756
18119,472502881,203843,472706724,2,0,0,4608,10,2151718752
18120,472516890,295423,472812313,4,0,0,22528,18,9412452488
18121,472528470,23548,472552018,2,0,1,28672,10,10724888191
18122,472597470,2946,472600416,3,0,1,3072,6,5611731214
18123,472621031,88423,472709454,6,0,0,1024,9,10717774616
18124,472645741,128112,472773853,6,0,0,5632,9,2755861169
18125,472646900,226262,472873162,7,0,0,58880,6,8112266999
18126,472652680,1994,472654674,1,0,1,2048,17,3661283163
18127,472667690,566,472668256,7,0,1,512,6,411504004
18128,472715610,566,472716176,2,0,1,512,10,8859781018
18129,472743841,198753,472942594,6,0,0,125440,9,3905486202
18130,472774860,172608,472947468,7,0,0,11264,6,4370394784
18131,472814911,137720,472952631,2,0,0,16896,10,10570707686
18132,472815270,84715,472899985,7,0,0,512,6,5865832638
18133,472855610,88411,472944021,1,0,0,4608,17,9709675584
18134,472884151,127404,473011555,9,0,0,37888,5,8334663220
18135,472907210,106232,473013442,4,0,0,6144,18,1746338285
18136,472945420,96897,473042317,7,0,0,6656,6,2928060999
18137,472958120,566,472958686,1,0,1,512,17,10724639839
18138,472981491,198663,473180154,9,0,0,38912,5,1470127970
18139,473012090,3814,473015904,7,0,1,2560,6,10667959811
18140,473051470,23208,473074678,2,0,1,38400,10,494791944
18141,473076660,1042,473077702,1,0,1,1024,17,2686531059
18142,473077701,87846,473165547,6,0,0,9728,9,7407649611
18143,473104911,62948,473167859,2,0,0,1024,10,9883303172
18144,473117210,74262,473191472,2,0,1,124416,10,3856851007
18145,473140680,53058,473193738,7,0,1,3584,6,7665533103
18146,473160830,35174,473196004,7,0,1,3584,6,2314597233
18147,473250570,3422,473253992,1,0,1,3584,17,4192209832
18148,473269090,1042,473270132,9,0,1,1024,5,819670262
18149,473316611,86672,473403283,9,0,0,14848,5,2080020869
18150,473319060,84238,473403298,2,0,1,131072,10,2831400570
18151,473323411,222314,473545725,6,0,0,13824,9,8592435559
18152,473329790,175731,473505521,7,0,0,23552,6,236970289
18153,473363090,158955,473522045,4,0,0,20992,18,1687793619
18154,473372500,30902,473403402,7,0,1,5120,6,4770799422
18155,473388740,17888,473406628,1,0,1,5120,17,8558482557
18156,473398350,9354,473407704,7,0,1,13312,6,6088439871
18157,473511901,112376,473624277,2,0,0,12288,10,8403553276
18158,473552841,201514,473754355,9,0,0,94208,5,5653846584
18159,473554730,116189,473670919,4,0,0,14848,18,9182215635
18160,473621971,179794,473801765,6,0,0,3584,9,1093585677
18161,473630790,2946,473633736,1,0,1,3072,17,8278357338
18162,473638620,1042,473639662,7,0,1,1024,6,2515732523
18163,473638840,32182,473671022,2,0,1,52224,10,6171624925
18164,473712381,103688,473816069,9,0,0,40448,5,2764232968
18165,473755150,309313,474064463,4,0,0,68096,18,6024450602
18166,473772441,162917,473935358,2,0,0,45568,10,4303655828
18167,473792360,1994,473794354,1,0,1,2048,17,1387184784
18168,473797450,4679,473802129,1,0,1,12288,17,4894441304
18169,473806660,200824,474007484,7,0,0,41984,6,3196378020
18170,473831271,157685,473988956,2,0,0,3584,10,1098517914
18171,473852190,191510,474043700,4,0,0,16896,18,3185414077
18172,473881070,5971,473887041,1,0,1,14848,17,6815498846
18173,473886580,250294,474136874,4,0,0,94720,18,9180159565
18174,473910251,74493,473984744,2,0,0,7680,10,448229425
18175,473965900,5802,473971702,1,0,1,6144,17,8540974868
18176,474000640,63838,474064478,2,0,1,70144,10,3263003001
18177,474005890,171898,474177788,7,0,0,66560,6,1537234060
18178,474079060,184157,474263217,7,0,0,28160,6,1802300878
18179,474095230,566,474095796,7,0,1,512,6,3206859182
18180,474119921,249352,474369273,6,0,0,121856,9,4286157584
18181,474138761,265839,474404600,6,0,0,67584,9,4240001560
18182,474146040,101504,474247544,7,0,0,33280,6,1005587770
18183,474163831,284933,474448764,2,0,0,32768,10,5891264305
18184,474188250,59317,474247567,2,0,1,87040,10,387066076
18185,474188890,58692,474247582,7,0,1,3584,6,682360431
18186,474194700,175212,474369912,4,0,0,2048,18,4081640774
18187,474226270,21327,474247597,7,0,1,9216,6,9784693265
18188,474228950,20293,474249243,1,0,1,8192,17,4140123367
18189,474237460,25772,474263232,2,0,1,25088,10,5627876687
18190,474274280,3904,474278184,7,0,1,10752,6,7940652395
18191,474341240,31134,474372374,7,0,1,2560,6,9279321736
18192,474384871,154917,474539788,2,0,0,512,10,2484707704
18193,474430560,4850,474435410,2,0,1,5120,10,4415771884
18194,474469730,304013,474773743,4,0,0,104960,18,9291254947
18195,474479200,1042,474480242,7,0,1,1024,6,6045513485
18196,474484620,218749,474703369,4,0,0,41472,18,7260909134
18197,474495590,147979,474643569,2,0,1,244736,10,244291748
18198,474571400,88746,474660146,2,0,1,62976,10,4746438336
18199,474577680,340891,474918571,7,0,0,119296,6,7113317342
18200,474639820,20480,474660300,2,0,1,8704,10,2319645633
18201,474650270,64912,474715182,2,0,1,109568,10,7369823287
18202,474660740,55006,474715746,1,0,1,10752,17,10121559412
18203,474682930,260921,474943851,7,0,0,11776,6,1733481605
18204,474686290,29802,474716092,1,0,1,512,17,10378997281
18205,474713131,108397,474821528,9,0,0,33280,5,6510114382
18206,474733400,1042,474734442,1,0,1,1024,17,7862865998
18207,474806460,1994,474808454,1,0,1,2048,17,139513535
18208,474826720,13600,474840320,7,0,1,23040,6,6485550276
18209,474835540,6406,474841946,7,0,1,2560,6,6521904549
18210,474838420,7712,474846132,1,0,1,6656,17,5871816187
18211,474881841,292782,475174623,9,0,0,17920,5,2536998398
18212,474889020,30109,474919129,8,0,1,512,3,83260880
18213,474923860,323253,475247113,7,0,0,13824,6,2226304528
18214,474932370,157304,475089674,7,0,0,98816,6,9135510509
18215,474943420,34443,474977863,2,0,1,59392,10,9759145644
18216,474975491,267395,475242886,2,0,0,12800,10,3716879384
18217,474983480,13253,474996733,2,0,1,25600,10,188846491
18218,474991331,189079,475180410,6,0,0,18944,9,8183707687
18219,475020460,2871,475023331,8,0,1,8704,3,4857019998
18220,475023300,6278,475029578,8,0,1,6656,3,3344433254
18221,475094700,3898,475098598,1,0,1,4096,17,5875596663
18222,475102720,78961,475181681,7,0,0,4096,6,9011889294
18223,475119970,2470,475122440,1,0,1,2560,17,7320701600
18224,475172771,202598,475375369,6,0,0,88576,9,6832509125
18225,475284770,3898,475288668,7,0,1,4096,6,7670316469
18226,475315130,60410,475375540,7,0,0,512,6,1367849497
18227,475410860,2470,475413330,7,0,1,2560,6,8612755540
18228,475437381,111176,475548557,9,0,0,65024,5,8406878613
18229,475447900,13858,475461758,1,0,1,23552,17,1570183515
18230,475462191,125700,475587891,9,0,0,7680,5,8443516722
18231,475462700,133869,475596569,4,0,0,23040,18,5539064355
18232,475487290,140945,475628235,7,0,0,29184,6,9059877978
18233,475578650,17942,475596592,1,0,1,26112,17,7494206644
18234,475589860,10599,475600459,1,0,1,4096,17,431091807
18235,475638450,296003,475934453,4,0,0,51200,18,9830925898
18236,475650301,60824,475711125,9,0,0,5632,5,8048049410
18237,475657161,109182,475766343,2,0,0,14336,10,3443254794
18238,475663571,65144,475728715,2,0,0,9728,10,1007094682
18239,475669190,566,475669756,1,0,1,512,17,4046157873
18240,475699670,190296,475889966,4,0,0,33280,18,6868179227
18241,475748410,3387,475751797,7,0,1,9728,6,7372247081
18242,475757201,122610,475879811,9,0,0,34304,5,3076559404
18243,475763780,5977,475769757,1,0,1,3584,17,6846242438
18244,475801640,199670,476001310,7,0,0,27648,6,2365423258
18245,475820950,5712,475826662,7,0,1,14336,6,9299137560
18246,475832060,210985,476043045,4,0,0,105472,18,397289840
18247,475865600,566,475866166,1,0,1,512,17,6157667708
18248,475883030,32374,475915404,2,0,1,46080,10,1529534276
18249,475925981,193114,476119095,2,0,0,74752,10,1653943791
18250,475928310,13390,475941700,1,0,1,7680,17,7101125361
18251,475942591,186511,476129102,6,0,0,32768,9,9707645615
18252,476005650,185909,476191559,7,0,0,23040,6,6716525141
18253,476094711,86828,476181539,6,0,0,15360,9,7644961667
18254,476107551,233822,476341373,6,0,0,125440,9,8236638485
18255,476124540,156747,476281287,4,0,0,71168,18,5562793511
18256,476187361,284625,476471986,2,0,0,5120,10,2434613253
18257,476211131,130733,476341864,2,0,0,1536,10,135366534
18258,476277120,9978,476287098,3,0,1,6144,6,5493886227
18259,476280370,115417,476395787,4,0,0,60928,18,6720107877
18260,476305641,242987,476548628,6,0,0,83968,9,5835654410
18261,476330461,112119,476442580,9,0,0,30720,5,5310218219
18262,476360491,192831,476553322,6,0,0,7680,9,1334288155
18263,476361521,11016,476372537,5,0,1,17920,19,7319188106
18264,476365350,8813,476374163,1,0,1,2560,17,6856074556
18265,476406581,116433,476523014,2,0,0,15360,10,2392248723
18266,476407131,90014,476497145,2,0,0,2048,10,6198900452
18267,476448890,566,476449456,7,0,1,512,6,5280552464
18268,476484321,70576,476554897,6,0,0,5120,9,9364065451
18269,476512120,10909,476523029,7,0,1,7680,6,6837178827
18270,476517801,139313,476657114,2,0,0,14336,10,257016697
18271,476560260,3422,476563682,1,0,1,3584,17,10664643820
18272,476560340,6248,476566588,3,0,1,4608,6,2935574898
18273,476567210,81388,476648598,7,0,0,10752,6,2778590426
18274,476614811,4850,476619661,5,0,1,5120,19,10304369120
18275,476729230,132910,476862140,7,0,0,17408,6,7686170323
18276,476729770,5802,476735572,1,0,1,6144,17,7791711027
18277,476729911,6007,476735918,5,0,1,512,19,1501661984
18278,476742480,2946,476745426,3,0,1,3072,6,1442323924
18279,476767791,566,476768357,5,0,1,512,19,8667885097
18280,476775650,5802,476781452,1,0,1,6144,17,4146396208
18281,476781120,129981,476911101,7,0,0,13312,6,1628637200
18282,476822320,2470,476824790,3,0,1,2560,6,6992218880
18283,476833270,7230,476840500,3,0,1,7680,6,69173926
18284,476877671,43904,476921575,9,0,0,512,5,6779809886
18285,476895120,109005,477004125,7,0,0,18944,6,10340855222
18286,476949931,101504,477051435,9,0,0,33280,5,9596849974
18287,476997740,194738,477192478,4,0,0,25600,18,6270576259
18288,477023491,118196,477141687,6,0,0,88064,9,7604984455
18289,477049560,173770,477223330,4,0,0,20992,18,5948366761
18290,477052130,3898,477056028,1,0,1,4096,17,6280008114
18291,477081270,1518,477082788,1,0,1,1536,17,6286013137
18292,477093851,48319,477142170,9,0,0,1536,5,1071362661
18293,477213651,99320,477312971,2,0,0,26112,10,5809342672
18294,477225650,1994,477227644,1,0,1,2048,17,6345500903
18295,477246040,2946,477248986,3,0,1,3072,6,8225467045
18296,477249760,102685,477352445,7,0,0,8192,6,7941363033
18297,477252441,151676,477404117,2,0,0,97280,10,9444860772
18298,477256550,3422,477259972,3,0,1,3584,6,7391483173
18299,477276911,1518,477278429,5,0,1,1536,19,6320780808
18300,477304270,223141,477527411,4,0,0,54784,18,3472854773
18301,477337001,127062,477464063,2,0,0,66048,10,10635626926
18302,477415230,7230,477422460,1,0,1,7680,17,10250934553
18303,477420901,202277,477623178,2,0,0,28672,10,9763680238
18304,477528870,147846,477676716,4,0,0,72192,18,3250348158
18305,477574271,6754,477581025,5,0,1,7168,19,4567428797
18306,477578111,120921,477699032,9,0,0,25600,5,5074064784
18307,477608530,68669,477677199,7,0,0,1536,6,1665518330
18308,477668341,10844,477679185,6,0,1,2048,9,9382784207
18309,477682321,76208,477758529,2,0,0,10752,10,476256127
18310,477696140,137905,477834045,4,0,0,97280,18,4709752940
18311,477706641,6754,477713395,5,0,1,7168,19,2511310167
18312,477756911,99657,477856568,6,0,0,13312,9,5683424785
18313,477799351,74431,477873782,2,0,0,9216,10,1681585052
18314,477807780,31625,477839405,4,0,1,5632,18,9590447418
18315,477818210,22005,477840215,4,0,1,11776,18,10071676351
18316,477831721,139135,477970856,6,0,0,99840,9,8765388148
18317,477884440,5802,477890242,4,0,1,6144,18,463677111
18318,477890671,150244,478040915,9,0,0,95744,5,8992819786
18319,477925981,180512,478106493,9,0,0,42496,5,8408781690
18320,477932981,269456,478202437,6,0,0,29184,9,2315820937
18321,478025431,16994,478042425,6,0,1,1536,9,984433212
18322,478116831,4850,478121681,6,0,1,5120,9,5774173176
18323,478216591,127580,478344171,6,0,0,14848,9,8697235792
18324,478222171,106028,478328199,2,0,0,48128,10,6554043732
18325,478229571,80396,478309967,9,0,0,19456,5,1871390987
18326,478261230,69027,478330257,4,0,0,5632,18,10567136203
18327,478274570,53956,478328526,7,0,0,1024,6,6418133478
18328,478381811,100256,478482067,2,0,0,29184,10,7834885750
18329,478384420,173349,478557769,4,0,0,115200,18,8843359113
18330,478400591,101065,478501656,6,0,0,14336,9,8126003950
18331,478460561,103783,478564344,2,0,0,21504,10,9356740636
18332,478463341,101954,478565295,9,0,0,3072,5,10112049694
18333,478491491,112406,478603897,2,0,0,12288,10,8859311517
18334,478499460,105529,478604989,7,0,0,512,6,5412074387
18335,478528831,125310,478654141,9,0,0,21504,5,9602268893
18336,478567801,92127,478659928,2,0,0,18944,10,4322835570
18337,478572070,100905,478672975,7,0,0,1536,6,10649452792
18338,478643821,95024,478738845,6,0,0,27136,9,7428232736
18339,478646340,45596,478691936,7,0,0,1024,6,4468096020
18340,478693970,80455,478774425,7,0,0,512,6,639207745
18341,478756930,48980,478805910,4,0,0,2048,18,8749743658
18342,478773620,1518,478775138,9,0,1,1536,5,10261530543
18343,478794310,5802,478800112,9,0,1,6144,5,3488538623
18344,478874780,48189,478922969,7,0,0,512,6,9692073646
18345,478912090,4374,478916464,9,0,1,4608,5,9297678233
18346,478916441,111659,479028100,6,0,0,66560,9,9133125290
18347,478922930,5357,478928287,9,0,1,5632,5,6860749159
18348,478936151,3422,478939573,5,0,1,3584,19,1408965245
18349,479007830,75788,479083618,7,0,0,1536,6,2929359690
18350,479021371,162035,479183406,6,0,0,98816,9,8032787880
18351,479022451,67919,479090370,9,0,0,10240,5,5598931572
18352,479036330,179193,479215523,4,0,0,67072,18,7984991326
18353,479049861,98570,479148431,2,0,0,8192,10,338429613
18354,479069380,146314,479215694,7,0,0,512,6,4326435036
18355,479094090,5802,479099892,9,0,1,6144,5,4993682602
18356,479158100,139488,479297588,4,0,0,73216,18,2738591712
18357,479162880,22078,479184958,9,0,1,1536,5,3014471387
18358,479171500,15795,479187295,9,0,1,9728,5,6895542818
18359,479249000,1042,479250042,0,0,1,1024,6,8465470268
18360,479259991,112794,479372785,6,0,0,46080,9,7000015989
18361,479302520,109940,479412460,7,0,0,512,6,8928478056
18362,479326700,5326,479332026,9,0,1,5632,5,1303063426
18363,479380590,72668,479453258,4,0,0,9216,18,8561718629
18364,479387370,5712,479393082,8,0,1,14336,3,6367893258
18365,479394580,2470,479397050,8,0,1,2560,3,8457679045
18366,479420441,104760,479525201,6,0,0,14848,9,2344295929
18367,479429661,88637,479518298,9,0,0,8704,5,8108422573
18368,479437590,56408,479493998,7,0,0,1536,6,8008875901
18369,479478130,159283,479637413,4,0,0,83456,18,4701758618
18370,479499611,1042,479500653,5,0,1,1024,19,7490427554
18371,479555021,177786,479732807,2,0,0,49152,10,8129482768
18372,479556780,50330,479607110,7,0,0,512,6,5358280104
18373,479569360,216729,479786089,4,0,0,20480,18,1453338518
18374,479582630,214491,479797121,4,0,0,32256,18,541410054
18375,479586190,51394,479637584,7,0,0,512,6,3636438698
18376,479586531,86204,479672735,2,0,0,13312,10,8552888097
18377,479661130,7230,479668360,8,0,1,7680,3,8489991746
18378,479662581,97068,479759649,2,0,0,2560,10,2502925641
18379,479663931,194815,479858746,2,0,0,64512,10,8590497820
18380,479721950,18572,479740522,8,0,1,8192,3,4563323843
18381,479732781,178719,479911500,6,0,0,2048,9,4887478831
18382,479733301,13076,479746377,5,0,1,17920,19,1622024481
18383,479751861,87214,479839075,9,0,0,11776,5,2838182818
18384,479769871,16233,479786104,6,0,1,16384,9,8603091194
18385,479895730,1042,479896772,0,0,1,1024,6,3844473220
18386,479928520,57440,479985960,4,0,0,4608,18,5180014180
18387,479946110,566,479946676,3,0,1,512,6,8693810140
18388,479952320,566,479952886,8,0,1,512,3,2986700417
18389,479959930,55748,480015678,7,0,0,4096,6,10694734397
18390,479964531,55821,480020352,5,0,1,95232,19,6259909986
18391,479966731,140710,480107441,2,0,0,50176,10,5911007253
18392,480012270,9708,480021978,4,0,1,2560,18,1127735125
18393,480018051,207945,480225996,2,0,0,116224,10,5247382082
18394,480026780,4850,480031630,8,0,1,5120,3,2892684522
18395,480037680,1518,480039198,1,0,1,1536,17,8293693949
18396,480065001,1994,480066995,6,0,1,2048,9,4478592502
18397,480079890,3898,480083788,9,0,1,4096,5,5703032040
18398,480154981,137208,480292189,2,0,0,29184,10,1092579577
18399,480173010,2946,480175956,3,0,1,3072,6,1841099632
18400,480174250,91032,480265282,7,0,0,1536,6,601920127
18401,480187050,38961,480226011,3,0,1,13312,6,194817218
18402,480206980,21059,480228039,4,0,1,2048,18,1715611757
18403,480212680,16665,480229345,9,0,1,2048,5,4087819875
18404,480225630,209861,480435491,4,0,0,12288,18,4740425413
18405,480226540,3471,480230011,8,0,1,1024,3,3119758243
18406,480299610,1042,480300652,4,0,1,1024,18,8678078071
18407,480322461,5326,480327787,5,0,1,5632,19,8961097323
18408,480343810,2470,480346280,4,0,1,2560,18,9932839151
18409,480370161,140355,480510516,6,0,0,25088,9,6180125406
18410,480381821,207091,480588912,9,0,0,23040,5,5167133481
18411,480435110,5699,480440809,4,0,1,5632,18,6887705145
18412,480471851,102284,480574135,9,0,0,35840,5,3455070891
18413,480486200,566,480486766,4,0,1,512,18,2915597238
18414,480511620,62686,480574306,7,0,0,512,6,5521247906
18415,480552340,171444,480723784,4,0,0,38400,18,9718964588
18416,480567631,109419,480677050,9,0,0,37376,5,9036125506
18417,480572150,6547,480578697,4,0,1,4608,18,2632870454
18418,480580760,8167,480588927,4,0,1,3584,18,123176245
18419,480597081,254759,480851840,9,0,0,14848,5,4831482660
18420,480601501,45954,480647455,5,0,1,79360,19,268150062
18421,480606061,71004,480677065,5,0,1,67072,19,9735089606
18422,480632531,195044,480827575,9,0,0,27136,5,7760810973
18423,480640291,43813,480684104,5,0,1,50688,19,4464264497
18424,480672220,15110,480687330,4,0,1,5120,18,5549849155
18425,480682011,233591,480915602,6,0,0,103936,9,5639342583
18426,480687521,384507,481072028,9,0,0,32768,5,5258343322
18427,480702660,288333,480990993,4,0,0,112128,18,6975260288
18428,480719251,49017,480768268,5,0,1,73216,19,2577272720
18429,480729970,41204,480771174,4,0,1,4608,18,6753318772
18430,480730181,42273,480772454,5,0,1,14336,19,3187265249
18431,480741560,428001,481169561,7,0,0,2048,6,5791640509
18432,480746960,373807,481120767,7,0,0,2560,6,2058799323
18433,480806051,554220,481360271,9,0,0,47104,5,7804716224
18434,480816631,234170,481050801,2,0,0,26112,10,1231936450
18435,480817210,10380,480827590,8,0,1,13824,3,10306112584
18436,480838471,566,480839037,6,0,1,512,9,3289818282
18437,480862541,389545,481252086,6,0,0,95232,9,2794567258
18438,480923780,12825,480936605,3,0,1,21504,6,8429699945
18439,480940450,402676,481343126,1,0,0,41984,17,4897046616
18440,480942071,2946,480945017,6,0,1,3072,9,277663459
18441,480954510,1042,480955552,4,0,1,1024,18,8202801806
18442,480959790,263234,481223024,1,0,0,117760,17,8731842733
18443,480976250,525265,481501515,1,0,0,54272,17,5649930389
18444,481079770,70315,481150085,7,0,0,512,6,7302898438
18445,481106801,187368,481294169,6,0,0,43008,9,7641835122
18446,481126491,179081,481305572,9,0,0,37376,5,10553664065
18447,481158500,2470,481160970,4,0,1,2560,18,265402257
18448,481172851,252171,481425022,2,0,0,46592,10,5226860504
18449,481181961,41078,481223039,5,0,1,30720,19,6725758952
18450,481203700,107503,481311203,4,0,0,18432,18,2779491380
18451,481207111,198013,481405124,6,0,0,22528,9,1897088115
18452,481242250,13726,481255976,4,0,1,4096,18,6590521824
18453,481263251,173931,481437182,6,0,0,5632,9,5139148085
18454,481266171,4420,481270591,6,0,1,11776,9,7053360274
18455,481307161,15325,481322486,5,0,1,18432,19,7907449526
18456,481309871,33286,481343157,5,0,1,44544,19,1515281503
18457,481315051,30086,481345137,6,0,1,2048,9,5421851068
18458,481328540,31754,481360294,8,0,1,6144,3,5296299605
18459,481345940,216661,481562601,4,0,0,36864,18,10599246645
18460,481374391,259381,481633772,2,0,0,35328,10,8141092736
18461,481384850,116836,481501686,7,0,0,512,6,9316096862
18462,481389300,566,481389866,9,0,1,512,5,759093039
18463,481419540,6040,481425580,9,0,1,512,5,3520624146
18464,481450090,566,481450656,9,0,1,512,5,3090376396
18465,481458440,251777,481710217,1,0,0,36864,17,8896633469
18466,481468551,65170,481533721,5,0,1,110080,19,1356265582
18467,481541490,176083,481717573,7,0,0,512,6,2177920248
18468,481545430,17186,481562616,7,0,1,15872,6,2682676182
18469,481546840,365943,481912783,4,0,0,70656,18,7145406813
18470,481557100,10375,481567475,9,0,1,5120,5,4798883704
18471,481562250,6851,481569101,4,0,1,2560,18,6859837706
18472,481565701,116604,481682305,2,0,0,28160,10,6800406757
18473,481589260,1042,481590302,4,0,1,1024,18,7581272219
18474,481606010,2470,481608480,7,0,1,2560,6,4934218590
18475,481607550,5326,481612876,9,0,1,5632,5,6785932693
18476,481624600,88128,481712728,1,0,0,8192,17,4702287948
18477,481652360,161069,481813429,4,0,0,20480,18,2693742999
18478,481665840,56839,481722679,1,0,0,1024,17,7373604479
18479,481688290,151101,481839391,4,0,0,13824,18,5027053584
18480,481693751,237923,481931674,6,0,0,61952,9,3424539602
18481,481696570,16173,481712743,7,0,1,17920,6,10243483070
18482,481716390,2470,481718860,7,0,1,2560,6,10239852881
18483,481720661,225063,481945724,6,0,0,19456,9,8374272714
18484,481727980,1042,481729022,9,0,1,1024,5,2506056756
18485,481781330,2470,481783800,4,0,1,2560,18,3574572060
18486,481859731,13253,481872984,5,0,1,25600,19,8859703835
18487,481861351,16459,481877810,6,0,1,7680,9,4062322820
18488,481887371,44318,481931689,6,0,1,5632,9,7981132305
18489,481893490,87171,481980661,7,0,0,2048,6,7506499713
18490,481902430,118306,482020736,1,0,0,16384,17,6414973875
18491,481904131,60175,481964306,5,0,1,53248,19,5026262710
18492,481911371,54241,481965612,6,0,1,2048,9,484951213
18493,481940140,97606,482037746,7,0,0,512,6,7456280529
18494,481957281,134144,482091425,2,0,0,21504,10,2261373776
18495,482022290,2870,482025160,7,0,1,8704,6,1930989606
18496,482030210,5802,482036012,9,0,1,6144,5,8471776051
18497,482060690,3904,482064594,8,0,1,10752,3,2980187548
18498,482100160,2946,482103106,9,0,1,3072,5,472391783
18499,482100581,110219,482210800,9,0,0,7168,5,6896743994
18500,482108720,161926,482270646,7,0,0,512,6,3186340120
18501,482123940,2870,482126810,7,0,1,8704,6,4942152126
18502,482148930,1042,482149972,7,0,1,1024,6,7152483583
18503,482149600,254303,482403903,4,0,0,27136,18,8619630284
18504,482153621,60071,482213692,6,0,0,1536,9,2558650201
18505,482156261,238876,482395137,2,0,0,166400,10,6906929790
18506,482168650,131667,482300317,7,0,0,1536,6,8501909889
18507,482186091,233770,482419861,9,0,0,51712,5,8818574281
18508,482197130,198490,482395620,7,0,0,1536,6,10659224943
18509,482198350,1994,482200344,7,0,1,2048,6,9267003450
18510,482199970,204104,482404074,7,0,0,512,6,6920802760
18511,482245891,36087,482281978,5,0,1,63488,19,2539735406
18512,482282651,143652,482426303,6,0,0,16384,9,5567280660
18513,482338081,83199,482421280,9,0,0,4608,5,520497264
18514,482368310,59683,482427993,7,0,1,7168,6,8942654032
18515,482373180,56214,482429394,9,0,1,14848,5,6397722510
18516,482435290,566,482435856,9,0,1,512,5,2460356059
18517,482454241,72345,482526586,2,0,0,6144,10,8903136039
18518,482465550,173144,482638694,7,0,0,512,6,6674863021
18519,482475091,110787,482585878,6,0,0,39424,9,6489635842
18520,482536520,2946,482539466,7,0,1,3072,6,7202055851
18521,482542310,45596,482587906,7,0,0,1024,6,1387682413
18522,482557310,7230,482564540,8,0,1,7680,3,9293899823
18523,482561371,24522,482585893,5,0,1,22528,19,2742269458
18524,482564491,233909,482798400,9,0,0,41984,5,8939923765
18525,482594730,164340,482759070,1,0,0,14848,17,6197381893
18526,482600070,243565,482843635,1,0,0,6656,17,7136607537
18527,482606240,566,482606806,9,0,1,512,5,4077048998
18528,482608740,5326,482614066,7,0,1,5632,6,1119688996
18529,482637020,68923,482705943,7,0,0,1024,6,7745556693
18530,482641960,2870,482644830,8,0,1,8704,3,4439872539
18531,482767760,1042,482768802,8,0,1,1024,3,3066119374
18532,482770801,167602,482938403,6,0,0,4608,9,1463560483
18533,482790951,121009,482911960,6,0,0,47104,9,4952964035
18534,482813760,566,482814326,9,0,1,512,5,2654525423
18535,482818050,161015,482979065,1,0,0,20992,17,6819504179
18536,482894700,17275,482911975,7,0,1,11264,6,6618891355
18537,482914520,252059,483166579,1,0,0,55808,17,9225058651
18538,482937210,1751,482938961,7,0,1,512,6,4887453696
18539,482947071,202318,483149389,2,0,0,101376,10,1190705303
18540,482988170,1518,482989688,7,0,1,1536,6,5198099129
18541,482996740,4679,483001419,9,0,1,12288,5,8365580027
18542,483039350,3645,483042995,1,0,1,10240,17,3027985457
18543,483040740,33320,483074060,2,0,1,51200,10,10645458661
18544,483042380,107180,483149560,7,0,0,512,6,774576452
18545,483057480,156044,483213524,4,0,0,67584,18,1480618897
18546,483078100,3904,483082004,2,0,1,10752,10,2339626512
18547,483220820,102596,483323416,1,0,0,36864,17,7942140356
18548,483234120,1994,483236114,3,0,1,2048,6,3576200537
18549,483251030,156980,483408010,4,0,0,86528,18,4276289649
18550,483285301,127122,483412423,9,0,0,2560,5,1307459807
18551,483297761,48869,483346630,6,0,0,1024,9,7632069222
18552,483301590,1518,483303108,9,0,1,1536,5,2592663968
18553,483316101,95527,483411628,9,0,0,11776,5,845842801
18554,483357320,4420,483361740,2,0,1,11776,10,3048901468
18555,483364050,43975,483408025,2,0,1,55808,10,9850250493
18556,483456811,169910,483626721,2,0,0,48128,10,6410084503
18557,483472780,45596,483518376,7,0,0,1024,6,2114719468
18558,483473070,1518,483474588,2,0,1,1536,10,9265083454
18559,483485440,2946,483488386,7,0,1,3072,6,1736668810
18560,483489251,566,483489817,5,0,1,512,19,8434497979
18561,483492620,10499,483503119,2,0,1,16896,10,396510900
18562,483580370,1042,483581412,7,0,1,1024,6,10163875470
18563,483607961,152417,483760378,2,0,0,118272,10,3517043731
18564,483647680,115053,483762733,4,0,0,7680,18,4923402294
18565,483663051,174701,483837752,2,0,0,6144,10,10465668686
18566,483685121,126695,483811816,6,0,0,36864,9,2725369976
18567,483703360,97209,483800569,4,0,0,22528,18,1723060517
18568,483705831,7230,483713061,5,0,1,7680,19,7109062934
18569,483709741,64483,483774224,5,0,1,105472,19,7007774842
18570,483736691,124755,483861446,9,0,0,7168,5,4319550244
18571,483776651,85434,483862085,9,0,0,2048,5,3284416861
18572,483780991,139549,483920540,9,0,0,23552,5,4761783302
18573,483838930,4374,483843304,9,0,1,4608,5,6352542128
18574,483874361,98696,483973057,9,0,0,24064,5,6751129263
18575,483903281,119714,484022995,6,0,0,20480,9,4349113034
18576,483929951,13770,483943721,5,0,1,26624,19,8896562749
18577,483942550,1517,483944067,9,0,1,512,5,4061924031
18578,484016860,123794,484140654,7,0,0,512,6,5215942364
18579,484025020,2946,484027966,0,0,1,3072,6,8860021681
18580,484051690,2946,484054636,7,0,1,3072,6,10244661721
18581,484087920,2470,484090390,9,0,1,2560,5,5559109371
18582,484124770,67616,484192386,1,0,0,12800,17,825606677
18583,484153980,4374,484158354,7,0,1,4608,6,3261673798
18584,484240680,112655,484353335,4,0,0,59392,18,4779093070
18585,484295710,63877,484359587,7,0,0,2048,6,1899140353
18586,484324601,117858,484442459,9,0,0,52224,5,8609686846
18587,484386440,102752,484489192,1,0,0,37376,17,4498130118
18588,484412250,43904,484456154,7,0,0,512,6,9873272360
18589,484528500,96536,484625036,4,0,0,22016,18,3617181440
18590,484546170,97916,484644086,1,0,0,21504,17,8690925466
18591,484548541,100417,484648958,9,0,0,12288,5,3764107195
18592,484552200,3422,484555622,7,0,1,3584,6,8541999497
18593,484563981,113429,484677410,2,0,0,19968,10,1155831215
18594,484568701,92371,484661072,6,0,0,512,9,8750294023
18595,484575810,1042,484576852,7,0,1,1024,6,3119358429
18596,484600321,102752,484703073,2,0,0,37376,10,6360890644
18597,484643621,111772,484755393,9,0,0,56832,5,6138578614
18598,484687001,121539,484808540,6,0,0,22016,9,1016275427
18599,484700460,6520,484706980,7,0,1,4096,6,6787201061
18600,484702231,160831,484863062,2,0,0,78848,10,6419768382
18601,484715910,202658,484918568,4,0,0,83456,18,4768656553
18602,484722530,71232,484793762,4,0,0,7680,18,3281198934
18603,484775630,5802,484781432,7,0,1,6144,6,4151122825
18604,484784870,85728,484870598,7,0,0,512,6,10092005786
18605,484822610,113304,484935914,4,0,0,8192,18,1512536156
18606,484847500,75664,484923164,7,0,0,512,6,1745697624
18607,484868000,101136,484969136,1,0,0,10240,17,5597987234
18608,484936920,47600,484984520,7,0,0,2560,6,9902959194
18609,484987030,73136,485060166,1,0,0,10752,17,1117930286
18610,485000111,43904,485044015,2,0,0,512,10,1006576779
18611,485004220,61641,485065861,7,0,0,512,6,10011411862
18612,485011931,67459,485079390,2,0,0,1024,10,381314050
18613,485015941,101192,485117133,9,0,0,32256,5,4240484917
18614,485054520,198536,485253056,4,0,0,16384,18,7398830517
18615,485056161,191880,485248041,9,0,0,157184,5,8841925573
18616,485060350,68957,485129307,7,0,0,512,6,1937580895
18617,485092920,1518,485094438,7,0,1,1536,6,763098744
18618,485146710,3422,485150132,3,0,1,3584,6,7264006790
18619,485197990,55557,485253547,7,0,0,1536,6,6313546651
18620,485212120,149471,485361591,1,0,0,36864,17,2871932638
18621,485242370,18416,485260786,7,0,1,7680,6,8146050306
18622,485250250,47193,485297443,7,0,0,512,6,7279685007
18623,485251101,133794,485384895,6,0,0,32256,9,9330848167
18624,485271361,127940,485399301,9,0,0,17920,5,227330469
18625,485351650,20690,485372340,0,0,1,17408,6,9412486484
18626,485384360,230415,485614775,1,0,0,20480,17,9199993
18627,485427710,202827,485630537,7,0,0,512,6,7272868983
18628,485435700,151906,485587606,4,0,0,7168,18,9827617291
18629,485468871,116536,485585407,9,0,0,80384,5,4113857148
18630,485489861,106808,485596669,6,0,0,29696,9,9409395517
18631,485511580,566,485512146,7,0,1,512,6,7951516359
18632,485514381,93766,485608147,9,0,0,1536,5,1331648418
18633,485523350,92532,485615882,1,0,0,3584,17,7744301887
18634,485591920,104217,485696137,1,0,0,26624,17,1547670912
18635,485595691,113787,485709478,6,0,0,33280,9,2363492564
18636,485611660,6684,485618344,0,0,1,2560,6,7080874002
18637,485655561,84797,485740358,6,0,0,3072,9,2901519551
18638,485772020,24154,485796174,2,0,1,43520,10,10331633629
18639,485791720,7040,485798760,0,0,1,4096,6,789714618
18640,485797850,47288,485845138,7,0,0,1536,6,2575707467
18641,485821511,112192,485933703,9,0,0,58880,5,7298360325
18642,485847780,151017,485998797,4,0,0,44544,18,8566642165
18643,485878760,150313,486029073,7,0,0,512,6,9632411083
18644,485916960,17301,485934261,0,0,1,512,6,3686603786
18645,485989951,62660,486052611,2,0,0,1024,10,5875035802
18646,486014320,1042,486015362,7,0,1,1024,6,8398832728
18647,486026050,62158,486088208,2,0,1,100864,10,10636493933
18648,486030940,275258,486306198,7,0,0,512,6,8804590086
18649,486063250,25112,486088362,0,0,1,8704,6,4418522149
18650,486069251,87568,486156819,2,0,0,2048,10,8375968045
18651,486104850,197659,486302509,4,0,0,9728,18,3456775401
18652,486111250,89474,486200724,7,0,0,512,6,9459879014
18653,486118420,102752,486221172,1,0,0,37376,17,8703978083
18654,486133130,566,486133696,7,0,1,512,6,9920773640
18655,486139001,190340,486329341,9,0,0,32256,5,3345383776
18656,486153460,251715,486405175,4,0,0,48128,18,2567420274
18657,486198711,89697,486288408,6,0,0,13824,9,6787073022
18658,486220361,44707,486265068,2,0,0,512,10,10479289180
18659,486228250,3898,486232148,4,0,1,4096,18,1152283057
18660,486241160,1994,486243154,7,0,1,2048,6,8829345304
18661,486274931,167882,486442813,9,0,0,9216,5,8606001253
18662,486305581,57440,486363021,9,0,0,4608,5,2332835007
18663,486306421,210036,486516457,6,0,0,89600,9,7067099698
18664,486323311,83712,486407023,2,0,0,1536,10,1405292320
18665,486348590,1042,486349632,0,0,1,1024,6,391323248
18666,486373530,144838,486518368,4,0,0,6144,18,3692901568
18667,486373630,2470,486376100,4,0,1,2560,18,7008022515
18668,486442201,132330,486574531,9,0,0,52224,5,1542595656
18669,486484131,43904,486528035,2,0,0,512,10,9491242701
18670,486491871,163234,486655105,9,0,0,15872,5,6271502375
18671,486494080,24838,486518918,4,0,1,512,18,3407529093
18672,486499170,32938,486532108,7,0,1,23040,6,532287183
18673,486502550,30224,486532774,0,0,1,1024,6,6017824856
18674,486518340,228079,486746419,4,0,0,72192,18,6864603863
18675,486519410,14670,486534080,4,0,1,2048,18,1133596707
18676,486545760,2946,486548706,4,0,1,3072,18,8655895561
18677,486547560,5326,486552886,0,0,1,5632,6,5047054028
18678,486555620,1518,486557138,3,0,1,1536,6,7271223041
18679,486601620,6278,486607898,7,0,1,6656,6,588031832
18680,486617891,128855,486746746,9,0,0,1024,5,5581847504
18681,486679560,187771,486867331,1,0,0,31744,17,10370269509
18682,486687900,81078,486768978,1,0,0,14848,17,7724740071
18683,486698621,4374,486702995,6,0,1,4608,9,7705429803
18684,486746210,52892,486799102,7,0,0,3072,6,8199716562
18685,486756351,74360,486830711,6,0,0,9728,9,8661343393
18686,486808701,45596,486854297,9,0,0,1024,5,2559682551
18687,486811770,566,486812336,0,0,1,512,6,8289596732
18688,486816410,7230,486823640,7,0,1,7680,6,2821237846
18689,486827170,99788,486926958,4,0,0,27648,18,7580920307
18690,486892030,48506,486940536,7,0,0,512,6,3018650623
18691,486937730,99944,487037674,4,0,0,28160,18,357149455
18692,486938040,99649,487037689,2,0,1,147968,10,4079272865
18693,486948980,135386,487084366,1,0,0,12800,17,2951953146
18694,486984520,53184,487037704,7,0,1,4096,6,4485031948
18695,487025631,76856,487102487,2,0,0,512,10,9218832688
18696,487026010,208025,487234035,4,0,0,13312,18,7524600183
18697,487082360,6372,487088732,3,0,1,4608,6,267039376
18698,487088061,130128,487218189,2,0,0,512,10,10097824178
18699,487115650,3422,487119072,4,0,1,3584,18,4110248171
18700,487197490,142049,487339539,4,0,0,59904,18,1230275464
18701,487213270,566,487213836,4,0,1,512,18,3412771980
18702,487224680,4374,487229054,3,0,1,4608,6,1124815614
18703,487236450,1518,487237968,3,0,1,1536,6,10432821941
18704,487243661,182001,487425662,6,0,0,44544,9,494367213
18705,487251241,92048,487343289,9,0,0,512,5,7439886274
18706,487263320,146017,487409337,7,0,0,1024,6,8209734690
18707,487326380,144085,487470465,7,0,0,512,6,613719467
18708,487342140,4850,487346990,0,0,1,5120,6,10671094693
18709,487349010,2870,487351880,7,0,1,8704,6,8994570952
18710,487457620,43904,487501524,7,0,0,512,6,8136101880
18711,487493640,163543,487657183,4,0,0,96256,18,3743414423
18712,487493991,47288,487541279,6,0,0,1536,9,2000093215
18713,487508140,74228,487582368,4,0,0,14336,18,10038043249
18714,487531660,4850,487536510,7,0,1,5120,6,5485351814
18715,487547281,54257,487601538,6,0,0,512,9,4310758766
18716,487562601,94917,487657518,9,0,0,1024,5,10139427145
18717,487567700,152964,487720664,1,0,0,66048,17,4689105011
18718,487585101,151095,487736196,2,0,0,512,10,2508968377
18719,487586860,2946,487589806,7,0,1,3072,6,2589508052
18720,487594640,566,487595206,4,0,1,512,18,7549111182
18721,487645200,13319,487658519,0,0,1,1024,6,6367252080
18722,487665481,57061,487722542,9,0,0,512,5,9563251427
18723,487697561,43904,487741465,2,0,0,512,10,4774715307
18724,487712041,57882,487769923,2,0,0,2048,10,9085298217
18725,487722110,3422,487725532,7,0,1,3584,6,5280162735
18726,487729050,10757,487739807,7,0,1,17408,6,6509065918
18727,487738920,2870,487741790,0,0,1,8704,6,7810270038
18728,487744561,46740,487791301,9,0,0,512,5,7164273711
18729,487775390,3422,487778812,7,0,1,3584,6,8327494945
18730,487781201,173656,487954857,2,0,0,2560,10,4845665349
18731,487783090,5326,487788416,7,0,1,5632,6,2988994314
18732,487784070,242211,488026281,1,0,0,53248,17,5329934691
18733,487794960,4374,487799334,4,0,1,4608,18,7504062949
18734,487822361,47288,487869649,2,0,0,1536,10,9434996526
18735,487832320,120463,487952783,7,0,0,512,6,2738366262
18736,487857450,136179,487993629,7,0,0,1536,6,5692938076
18737,487936340,11016,487947356,0,0,1,17920,6,5164655117
18738,487953230,566,487953796,0,0,1,512,6,6536449680
18739,487988600,3422,487992022,9,0,1,3584,5,10154056292
18740,488011150,152359,488163509,4,0,0,11776,18,4623194962
18741,488011911,58291,488070202,2,0,0,512,10,3105115617
18742,488033320,123007,488156327,1,0,0,31744,17,818163583
18743,488074431,43904,488118335,9,0,0,512,5,5465483991
18744,488085720,126929,488212649,4,0,0,13824,18,6775225728
18745,488151070,49153,488200223,7,0,0,512,6,3802967824
18746,488159240,566,488159806,0,0,1,512,6,1810027420
18747,488177241,58479,488235720,6,0,0,1536,9,9759354255
18748,488186490,1042,488187532,7,0,1,1024,6,5912877588
18749,488252061,43904,488295965,6,0,0,512,9,2533726688
18750,488256400,43904,488300304,7,0,0,512,6,2618029176
18751,488273201,60946,488334147,6,0,0,512,9,1028231184
18752,488292481,68301,488360782,2,0,0,2560,10,6728375913
18753,488310110,113606,488423716,1,0,0,51712,17,9791905642
18754,488328321,47288,488375609,2,0,0,1536,10,6468445046
18755,488341670,164834,488506504,4,0,0,116736,18,3403364078
18756,488377780,7706,488385486,8,0,1,8192,3,10709166142
18757,488429661,89750,488519411,6,0,0,512,9,3061709386
18758,488437991,76793,488514784,6,0,0,512,9,5307935900
18759,488476320,34380,488510700,8,0,1,11264,3,4486177407
18760,488487211,80514,488567725,2,0,0,512,10,6337358220
18761,488494320,18120,488512440,7,0,1,2560,6,4030180435
18762,488507870,5236,488513106,0,0,1,1024,6,7795617953
18763,488515280,1518,488516798,8,0,1,1536,3,4147389658
18764,488520880,143749,488664629,7,0,0,512,6,3790062543
18765,488528230,43904,488572134,7,0,0,512,6,6653158131
18766,488549771,43904,488593675,2,0,0,512,10,5424180101
18767,488686170,1994,488688164,0,0,1,2048,6,6918199740
18768,488742880,165494,488908374,1,0,0,45568,17,4116132946
18769,488781810,146867,488928677,4,0,0,66560,18,3964997706
18770,488789820,3898,488793718,7,0,1,4096,6,8543099316
18771,488817150,3898,488821048,7,0,1,4096,6,7406080183
18772,488822980,4162,488827142,8,0,1,11264,3,5127954670
18773,488843520,3422,488846942,8,0,1,3584,3,1735652880
18774,488863860,566,488864426,8,0,1,512,3,2267794291
18775,488901341,92970,488994311,6,0,0,1024,9,5631055588
18776,488965401,43904,489009305,9,0,0,512,5,6072936756
18777,489017380,2470,489019850,7,0,1,2560,6,7047948812
18778,489035350,2946,489038296,7,0,1,3072,6,7819599666
18779,489067040,1518,489068558,8,0,1,1536,3,8543931472
18780,489092051,43904,489135955,6,0,0,512,9,2779382492
18781,489119540,47288,489166828,7,0,0,1536,6,7470182660
18782,489140050,141865,489281915,4,0,0,110080,18,2661568637
18783,489162730,119535,489282265,1,0,0,1024,17,1205574152
18784,489172651,3898,489176549,6,0,1,4096,9,6514384077
18785,489174540,108202,489282742,7,0,0,512,6,2584416896
18786,489202260,4374,489206634,8,0,1,4608,3,5076249575
18787,489246200,35730,489281930,8,0,1,3584,3,10585701397
18788,489253731,186150,489439881,9,0,0,1024,5,4956484489
18789,489289201,78556,489367757,2,0,0,1024,10,6408841422
18790,489300790,101972,489402762,1,0,0,34816,17,3582257430
18791,489316470,3904,489320374,3,0,1,10752,6,1963968078
18792,489345950,153583,489499533,1,0,0,45568,17,7818238490
18793,489372130,3898,489376028,3,0,1,4096,6,1627616039
18794,489385490,1994,489387484,3,0,1,2048,6,3168575013
18795,489393960,11264,489405224,3,0,1,2560,6,2947557668
18796,489408450,111488,489519938,4,0,0,66048,18,7219336831
18797,489431311,118963,489550274,9,0,0,2048,5,1786605196
18798,489438891,81249,489520140,2,0,0,512,10,7855362445
18799,489440230,154647,489594877,1,0,0,35328,17,8635977975
18800,489489400,30561,489519961,3,0,1,6144,6,10173308974
18801,489502600,64618,489567218,7,0,0,1536,6,7552791384
18802,489517300,6697,489523997,3,0,1,4096,6,4650712990
18803,489541360,1994,489543354,3,0,1,2048,6,220153439
18804,489573220,7230,489580450,8,0,1,7680,3,1568845773
18805,489617450,45596,489663046,7,0,0,1024,6,6887058228
18806,489647620,142635,489790255,4,0,0,8704,18,5210595950
18807,489758060,144344,489902404,4,0,0,125440,18,864441595
18808,489772500,1042,489773542,7,0,1,1024,6,5389563474
18809,489807761,1518,489809279,6,0,1,1536,9,7119229000
18810,489822101,80474,489902575,6,0,0,512,9,5123617948
18811,489863231,48980,489912211,2,0,0,2048,10,4867109561
18812,489882051,25842,489907893,6,0,1,5632,9,5736653248
18813,489906661,113426,490020087,2,0,0,512,10,1305140645
18814,489929950,104124,490034074,4,0,0,17920,18,5578601346
18815,490012911,74387,490087298,2,0,0,512,10,10654715869
18816,490052731,1042,490053773,6,0,1,1024,9,7213251345
18817,490073460,566,490074026,7,0,1,512,6,2273675361
18818,490080180,50672,490130852,4,0,0,2560,18,10310008548
18819,490102190,43904,490146094,7,0,0,512,6,4822965136
18820,490166560,43904,490210464,7,0,0,512,6,9278789699
18821,490168001,6278,490174279,6,0,1,6656,9,6131899582
18822,490179780,97292,490277072,4,0,0,19456,18,3834019642
18823,490194890,166932,490361822,4,0,0,69632,18,7611109647
18824,490218390,170747,490389137,4,0,0,89600,18,4459869822
18825,490223981,3898,490227879,6,0,1,4096,9,5590085160
18826,490224750,4948,490229698,7,0,1,11776,6,6518270375
18827,490280870,108929,490389799,7,0,0,1024,6,5041501216
18828,490290371,99101,490389472,2,0,0,1024,10,551438960
18829,490300270,3898,490304168,7,0,1,4096,6,2890874426
18830,490307190,2470,490309660,7,0,1,2560,6,7159792875
18831,490308310,6278,490314588,7,0,1,6656,6,780360324
18832,490336081,53897,490389978,6,0,0,512,9,2362120158
18833,490339851,50298,490390149,2,0,0,512,10,4641915753
18834,490351871,81186,490433057,9,0,0,512,5,256621441
18835,490371880,166235,490538115,1,0,0,100864,17,2787260072
18836,490428141,78400,490506541,6,0,0,1536,9,9686022917
18837,490473111,65347,490538458,2,0,0,1024,10,4521405007
18838,490473690,126157,490599847,1,0,0,74752,17,868757839
18839,490513410,88020,490601430,7,0,0,5120,6,1225263845
18840,490520930,101525,490622455,7,0,0,512,6,2237213085
18841,490552170,566,490552736,7,0,1,512,6,7824369795
18842,490552530,128967,490681497,1,0,0,48640,17,2244251614
18843,490572220,50406,490622626,7,0,0,512,6,4798015448
18844,490583991,63136,490647127,9,0,0,1536,5,6962654821
18845,490598311,90368,490688679,9,0,0,512,5,5374538216
18846,490652660,3898,490656558,7,0,1,4096,6,9522003990
18847,490703320,2470,490705790,7,0,1,2560,6,9260645148
18848,490741520,7230,490748750,7,0,1,7680,6,5573894014
18849,490795480,45596,490841076,7,0,0,1024,6,9725451630
18850,490831641,43904,490875545,9,0,0,512,5,2260485296
18851,490899790,43904,490943694,7,0,0,512,6,294024933
18852,490939940,2470,490942410,7,0,1,2560,6,4897895503
18853,490942830,71839,491014669,1,0,0,7168,17,6289520462
18854,490947980,6229,490954209,7,0,1,15360,6,9469693168
18855,490949121,98998,491048119,9,0,0,1024,5,5202676253
18856,490974931,94878,491069809,9,0,0,512,5,502268933
18857,490978411,71244,491049655,6,0,0,1024,9,5017745639
18858,491020931,96126,491117057,9,0,0,1024,5,2665479662
18859,491080111,47288,491127399,9,0,0,1536,5,2278234117
18860,491091690,4162,491095852,7,0,1,11264,6,449882027
18861,491093910,8015,491101925,7,0,1,7168,6,2211743813
18862,491167111,43904,491211015,6,0,0,512,9,9680430261
18863,491193230,45596,491238826,7,0,0,1024,6,4823467954
18864,491252791,45596,491298387,9,0,0,1024,5,10061072001
18865,491268011,45596,491313607,9,0,0,1024,5,2618837043
18866,491286941,45596,491332537,6,0,0,1024,9,9450764730
18867,491352010,116948,491468958,1,0,0,83968,17,4735563463
18868,491359491,110262,491469753,2,0,0,2560,10,6460673341
18869,491391431,103471,491494902,9,0,0,512,5,6765983980
18870,491424530,1518,491426048,7,0,1,1536,6,3723926972
18871,491476940,3898,491480838,7,0,1,4096,6,7105218927
18872,491520060,5326,491525386,7,0,1,5632,6,6808353665
18873,491549810,84939,491634749,0,0,0,512,6,8471768673
18874,491597860,43904,491641764,4,0,0,512,18,7096315380
18875,491602200,45596,491647796,7,0,0,1024,6,5596371227
18876,491611680,566,491612246,7,0,1,512,6,3589246737
18877,491650320,1994,491652314,8,0,1,2048,3,4482659736
18878,491735510,131095,491866605,1,0,0,58368,17,1083008883
18879,491738861,45596,491784457,9,0,0,1024,5,7119721746
18880,491742210,43904,491786114,4,0,0,512,18,1379847168
18881,491757791,63437,491821228,9,0,0,512,5,900427845
18882,491762541,111666,491874207,2,0,0,1536,10,7924859283
18883,491770921,55227,491826148,6,0,0,1536,9,3482154551
18884,491800801,66131,491866932,6,0,0,1024,9,3682355141
18885,491887500,43904,491931404,0,0,0,512,6,1791590186
18886,491920341,45596,491965937,9,0,0,1024,5,7290318785
18887,491938721,43904,491982625,2,0,0,512,10,9121414068
18888,491944080,4850,491948930,7,0,1,5120,6,1336945643
18889,492002490,45596,492048086,0,0,0,1024,6,333354877
18890,492041500,566,492042066,3,0,1,512,6,834126476
18891,492049640,5712,492055352,7,0,1,14336,6,698720336
18892,492110040,3898,492113938,4,0,1,4096,18,2391697175
18893,492127260,78817,492206077,1,0,0,6144,17,4360862853
18894,492128850,1994,492130844,4,0,1,2048,18,2538074510
18895,492155290,43904,492199194,7,0,0,512,6,3386472368
18896,492269310,70976,492340286,1,0,0,8704,17,5061133227
18897,492279610,43904,492323514,0,0,0,512,6,3967465707
18898,492310691,55713,492366404,2,0,0,2560,10,4702890935
18899,492310821,43904,492354725,9,0,0,512,5,2323681849
18900,492344211,43904,492388115,2,0,0,512,10,1801569319
18901,492355560,5802,492361362,3,0,1,6144,6,9552970759
18902,492369070,2946,492372016,7,0,1,3072,6,5806792613
18903,492374361,45596,492419957,9,0,0,1024,5,6168848307
18904,492438910,4937,492443847,9,0,1,12800,5,251239036
18905,492464840,1994,492466834,4,0,1,2048,18,5641088757
18906,492472350,1518,492473868,3,0,1,1536,6,2026849603
18907,492487321,55556,492542877,9,0,0,1024,5,10425992568
18908,492505570,4850,492510420,3,0,1,5120,6,8664213372
18909,492512510,2946,492515456,4,0,1,3072,18,1148058018
18910,492524280,7706,492531986,3,0,1,8192,6,10552856087
18911,492532091,45102,492577193,6,0,0,512,9,311008257
18912,492532530,3387,492535917,3,0,1,9728,6,2044145003
18913,492569400,3422,492572822,7,0,1,3584,6,5078042563
18914,492592481,43904,492636385,2,0,0,512,10,1290024996
18915,492603030,2946,492605976,9,0,1,3072,5,5811937726
18916,492607251,141322,492748573,9,0,0,512,5,7656821469
18917,492612840,1042,492613882,4,0,1,1024,18,390037254
18918,492620680,82064,492702744,1,0,0,14848,17,7110866534
18919,492648310,2870,492651180,4,0,1,8704,18,6777180240
18920,492697180,48980,492746160,7,0,0,2048,6,2607873140
18921,492714400,4374,492718774,7,0,1,4608,6,9728268483
18922,492719280,47288,492766568,1,0,0,1536,17,9352982836
18923,492771871,48980,492820851,6,0,0,2048,9,7826306772
18924,492793040,5802,492798842,4,0,1,6144,18,5813652521
18925,492793720,6108,492799828,4,0,1,1536,18,10138150790
18926,492855380,43904,492899284,0,0,0,512,6,5746006888
18927,492863560,87896,492951456,1,0,0,13824,17,5862339327
18928,492868920,5196,492874116,4,0,1,13312,18,5816418754
18929,492876200,4374,492880574,9,0,1,4608,5,2734953956
18930,492902200,49583,492951783,0,0,0,1024,6,1092429212
18931,492914270,93454,493007724,1,0,0,9728,17,973086039
18932,492941091,43904,492984995,6,0,0,512,9,151308800
18933,492974921,53533,493028454,9,0,0,1024,5,4644497004
18934,493078170,45596,493123766,0,0,0,1024,6,10619686193
18935,493087720,49261,493136981,7,0,0,2048,6,7328487794
18936,493088001,45596,493133597,6,0,0,1024,9,1066108241
18937,493116141,45596,493161737,9,0,0,1024,5,10289647168
18938,493149471,52364,493201835,9,0,0,3072,5,4759401262
18939,493241501,43904,493285405,2,0,0,512,10,10676513662
18940,493273570,43904,493317474,7,0,0,512,6,9875924855
18941,493313970,45596,493359566,0,0,0,1024,6,3151559180
18942,493337840,6278,493344118,1,0,1,6656,17,8532813824
18943,493377081,48874,493425955,2,0,0,512,10,9971531557
18944,493385900,1518,493387418,4,0,1,1536,18,7661553843
18945,493401800,1042,493402842,4,0,1,1024,18,3653703566
18946,493411100,249717,493660817,1,0,0,229888,17,3228486531
18947,493434730,226912,493661642,7,0,0,512,6,2143298487
18948,493450800,2870,493453670,4,0,1,8704,18,6926186453
18949,493507720,154249,493661969,7,0,0,1024,6,4922645521
18950,493539521,121950,493661471,9,0,0,512,5,3679605073
18951,493559491,101809,493661300,6,0,0,1536,9,7542399263
18952,493633200,79433,493712633,0,0,0,2560,6,10159086927
18953,493661750,46363,493708113,0,0,0,512,6,10183047614
18954,493662880,10241,493673121,4,0,1,16384,18,7575082827
18955,493669121,4346,493673467,5,0,1,512,19,5619516728
18956,493671100,145058,493816158,1,0,0,89088,17,8413151718
18957,493683231,75717,493758948,2,0,0,3584,10,3231251693
18958,493716310,208869,493925179,8,0,0,22528,3,5211962465
18959,493726340,59818,493786158,7,0,0,1024,6,6653997828
18960,493740850,3422,493744272,4,0,1,3584,18,9972992646
18961,493782641,43904,493826545,6,0,0,512,9,2096078470
18962,493820401,43904,493864305,2,0,0,512,10,675400932
18963,493846031,45596,493891627,9,0,0,1024,5,704050019
18964,493853320,47288,493900608,0,0,0,1536,6,1517413691
18965,493858660,43904,493902564,0,0,0,512,6,2844813164
18966,493882610,5454,493888064,3,0,1,13824,6,689273179
18967,493888421,48980,493937401,2,0,0,2048,10,5408941764
18968,493891080,1042,493892122,8,0,1,1024,3,8766038320
18969,494131541,43904,494175445,9,0,0,512,5,10285206999
18970,494161971,43904,494205875,9,0,0,512,5,4031895031
18971,494162470,33591,494196061,2,0,1,55296,10,6445538020
18972,494163140,33907,494197047,4,0,1,1536,18,1350181409
18973,494193710,31783,494225493,2,0,1,51712,10,6748485126
18974,494236490,566,494237056,0,0,1,512,6,8722655999
18975,494259050,1042,494260092,0,0,1,1024,6,9237257847
18976,494316751,43904,494360655,2,0,0,512,10,2134405603
18977,494349750,80528,494430278,0,0,0,512,6,6232190686
18978,494389520,44191,494433711,7,0,0,512,6,5414630515
18979,494406970,125205,494532175,0,0,0,512,6,6976869915
18980,494456560,5326,494461886,3,0,1,5632,6,5717349526
18981,494457021,46900,494503921,9,0,0,1024,5,2247842368
18982,494461450,4374,494465824,4,0,1,4608,18,7815553068
18983,494478020,108836,494586856,1,0,0,57344,17,8528258183
18984,494488451,98576,494587027,6,0,0,512,9,1005805020
18985,494493911,48980,494542891,2,0,0,2048,10,5715980591
18986,494494081,43904,494537985,9,0,0,512,5,5033300735
18987,494513670,86800,494600470,1,0,0,5120,17,8791838570
18988,494527490,134496,494661986,7,0,0,512,6,4088550631
18989,494541151,55185,494596336,2,0,0,512,10,8146252602
18990,494548620,148551,494697171,8,0,0,43520,3,1112061149
18991,494550201,107754,494657955,6,0,0,512,9,7785179006
18992,494566011,99359,494665370,6,0,0,1536,9,5251452438
18993,494601961,43904,494645865,9,0,0,512,5,6037836618
18994,494678980,566,494679546,3,0,1,512,6,1586958603
18995,494686540,17853,494704393,4,0,1,7680,18,2528747571
18996,494774241,45596,494819837,2,0,0,1024,10,2178327903
18997,494852260,106964,494959224,1,0,0,51200,17,4320028865
18998,494857540,107167,494964707,1,0,0,17920,17,8272941074
18999,494946311,20349,494966660,6,0,1,2048,9,3253152590
19000,494981121,43904,495025025,2,0,0,512,10,6307141277
19001,495013511,127426,495140937,2,0,0,1536,10,7328578005
19002,495023100,6754,495029854,3,0,1,7168,6,8553731957
19003,495037661,54056,495091717,9,0,0,3584,5,7692647550
19004,495168760,2946,495171706,4,0,1,3072,18,6136046788
19005,495171620,4374,495175994,4,0,1,4608,18,10261681551
19006,495177770,115596,495293366,1,0,0,34304,17,10310680874
19007,495177920,43904,495221824,7,0,0,512,6,9256426028
19008,495203220,6229,495209449,9,0,1,15360,5,4307354636
19009,495249011,44534,495293545,6,0,0,512,9,4293984409
19010,495259360,1042,495260402,4,0,1,1024,18,10698228669
19011,495271190,145193,495416383,0,0,0,86528,6,2337079736
19012,495291960,5964,495297924,3,0,1,11776,6,8161025838
19013,495313060,103650,495416710,7,0,0,1024,6,4128848969
19014,495320410,5326,495325736,9,0,1,5632,5,10298592732
19015,495380300,2470,495382770,7,0,1,2560,6,6425701672
19016,495456630,43904,495500534,7,0,0,512,6,2298083774
19017,495459160,1518,495460678,7,0,1,1536,6,4652617764
19018,495522731,47288,495570019,6,0,0,1536,9,2797227438
19019,495552790,2870,495555660,7,0,1,8704,6,1088055490
19020,495555950,2946,495558896,7,0,1,3072,6,8193284685
19021,495584810,4937,495589747,4,0,1,12800,18,3073834893
19022,495594800,1994,495596794,1,0,1,2048,17,110988963
19023,495603460,1994,495605454,4,0,1,2048,18,10653915831
19024,495608550,6229,495614779,1,0,1,15360,17,10447783694
19025,495609190,275873,495885063,7,0,0,17920,6,984888480
19026,495617280,14804,495632084,1,0,1,28672,17,2963679893
19027,495621550,11200,495632750,4,0,1,1024,18,7952205787
19028,495624190,112509,495736699,7,0,0,41984,6,7122991638
19029,495627471,6905,495634376,6,0,1,2560,9,9294458413
19030,495654300,7706,495662006,8,0,1,8192,3,10131768487
19031,495666020,1518,495667538,4,0,1,1536,18,7549027937
19032,495668281,3898,495672179,6,0,1,4096,9,8412473841
19033,495763321,232421,495995742,9,0,0,111616,5,128242038
19034,495786180,13253,495799433,1,0,1,25600,17,2279853615
19035,495794900,107167,495902067,7,0,0,8192,6,7293745535
19036,495825230,173047,495998277,1,0,0,8192,17,1363434057
19037,495826040,196544,496022584,0,0,0,2048,6,3403457351
19038,495838990,122706,495961696,1,0,0,36352,17,10074814519
19039,495861421,83870,495945291,9,0,0,6656,5,10620081341
19040,495908681,4162,495912843,6,0,1,11264,9,3548260562
19041,495916510,4420,495920930,1,0,1,11776,17,1904335904
19042,495946360,15351,495961711,8,0,1,6144,3,1719514022
19043,495952340,47735,496000075,7,0,1,4608,6,8738961899
19044,495968730,84293,496053023,1,0,1,93184,17,5508540960
19045,495985080,132832,496117912,7,0,0,40448,6,6914852268
19046,495998390,54979,496053369,4,0,1,512,18,6886750637
19047,496006080,239565,496245645,1,0,0,79872,17,9947236806
19048,496007460,48495,496055955,1,0,1,4096,17,4468696193
19049,496029850,27411,496057261,9,0,1,2048,5,7100916118
19050,496037050,21517,496058567,7,0,1,2048,6,4675209627
19051,496047581,97760,496145341,9,0,0,20992,5,5844750938
19052,496048811,78779,496127590,2,0,0,512,10,6785963208
19053,496086021,1518,496087539,6,0,1,1536,9,288759364
19054,496107290,14843,496122133,9,0,1,11264,5,9965909407
19055,496113420,396956,496510376,7,0,0,69632,6,1200814890
19056,496113820,9619,496123439,9,0,1,2048,5,3368544438
19057,496117460,8729,496126189,9,0,1,11264,5,9747715203
19058,496123550,365580,496489130,7,0,0,127488,6,5853636280
19059,496127621,382942,496510563,6,0,0,512,9,246743917
19060,496130001,225300,496355301,9,0,0,50688,5,9811289933
19061,496132701,4162,496136863,6,0,1,11264,9,6685748503
19062,496170230,3898,496174128,1,0,1,4096,17,4803690937
19063,496186900,263333,496450233,0,0,0,37376,6,1669457406
19064,496221710,29746,496251456,7,0,1,6144,6,1317759415
19065,496245160,352379,496597539,7,0,0,30720,6,1933905615
19066,496257010,283289,496540299,7,0,0,74752,6,3812884838
19067,496274490,294285,496568775,7,0,0,22016,6,2690582979
19068,496289670,1994,496291664,8,0,1,2048,3,1247440195
19069,496306821,10757,496317578,6,0,1,17408,9,4933200147
19070,496308110,332779,496640889,1,0,0,30720,17,8512293230
19071,496311891,6993,496318884,6,0,1,2048,9,1640194426
19072,496316250,375802,496692052,0,0,0,14848,6,6054964621
19073,496329701,296033,496625734,9,0,0,30208,5,3584422278
19074,496334360,20964,496355324,1,0,1,22528,17,1681284079
19075,496340980,15355,496356335,7,0,1,1024,6,3669936039
19076,496374030,5326,496379356,3,0,1,5632,6,2644237837
19077,496383610,43975,496427585,1,0,1,72192,17,8452661698
19078,496387701,40870,496428571,5,0,1,1536,19,9086804333
19079,496390030,60226,496450256,1,0,1,55808,17,5226598659
19080,496398630,355615,496754245,1,0,0,43520,17,754454736
19081,496398721,51550,496450271,6,0,1,4096,9,5953919855
19082,496425721,243003,496668724,9,0,0,18944,5,3223961963
19083,496426901,62244,496489145,6,0,1,3072,9,3330912614
19084,496440701,300269,496740970,9,0,0,23040,5,3497179593
19085,496484500,30872,496515372,3,0,1,5120,6,1159563153
19086,496505520,34794,496540314,8,0,1,5120,3,9347477449
19087,496521330,23367,496544697,7,0,1,4608,6,3866385245
19088,496533440,13523,496546963,8,0,1,3584,3,9227949895
19089,496540631,156710,496697341,9,0,0,5632,5,5090492971
19090,496550071,181119,496731190,2,0,0,1024,10,1256744187
19091,496554250,4374,496558624,3,0,1,4608,6,9173358368
19092,496581201,88809,496670010,2,0,0,2048,10,189407934
19093,496608220,105670,496713890,1,0,1,175616,17,5411806700
19094,496621340,297026,496918366,7,0,0,21504,6,10513534746
19095,496625890,393763,497019653,0,0,0,31744,6,7047966288
19096,496628100,90616,496718716,8,0,1,7680,3,9414832557
19097,496638761,319664,496958425,2,0,0,1024,10,3798432377
19098,496658440,61902,496720342,7,0,1,2560,6,2818020937
19099,496661851,226621,496888472,9,0,0,38912,5,1510963343
19100,496674400,162290,496836690,7,0,0,2048,6,40405104
19101,496694701,315257,497009958,9,0,0,148992,5,10029174774
19102,496708301,101467,496809768,2,0,0,512,10,3795175797
19103,496711580,9530,496721110,8,0,1,11776,3,4537738624
19104,496717650,11791,496729441,1,0,1,19456,17,5721646324
19105,496773290,1518,496774808,8,0,1,1536,3,2191630952
19106,496909070,254152,497163222,7,0,0,60416,6,4016876799
19107,496910810,7579,496918389,3,0,1,7680,6,9418089322
19108,496913000,6876,496919876,8,0,1,1536,3,127563445
19109,496927170,4850,496932020,3,0,1,5120,6,2527856126
19110,496973720,50571,497024291,8,0,1,12288,3,6972017866
19111,497021911,156782,497178693,2,0,0,1536,10,8066799096
19112,497023601,116992,497140593,2,0,0,1024,10,1370516694
19113,497037570,129879,497167449,0,0,0,13824,6,4708262032
19114,497046390,5712,497052102,3,0,1,14336,6,7973904560
19115,497053090,1518,497054608,4,0,1,1536,18,1152741777
19116,497092760,4679,497097439,7,0,1,12288,6,7276894665
19117,497135241,117729,497252970,9,0,0,55296,5,5395853351
19118,497135980,566,497136546,3,0,1,512,6,4031038654
19119,497187271,195226,497382497,9,0,0,44032,5,7752481609
19120,497209460,1518,497210978,3,0,1,1536,6,6432045816
19121,497268870,2470,497271340,8,0,1,2560,3,5917839436
19122,497285410,168577,497453987,3,0,0,50688,6,391476288
19123,497292500,5196,497297696,4,0,1,13312,18,8400279976
19124,497309680,1994,497311674,8,0,1,2048,3,724421883
19125,497381970,3465,497385435,3,0,1,3072,6,1331365522
19126,497391920,566,497392486,3,0,1,512,6,9256321805
19127,497392080,5241,497397321,4,0,1,13312,18,439254129
19128,497395030,172322,497567352,7,0,0,45056,6,1790762355
19129,497411310,5326,497416636,7,0,1,5632,6,6461141908
19130,497424640,7706,497432346,3,0,1,8192,6,4015866638
19131,497431540,238960,497670500,3,0,0,23040,6,3213312902
19132,497449011,229772,497678783,9,0,0,27136,5,832514279
19133,497464660,2946,497467606,8,0,1,3072,3,6849233963
19134,497470661,130128,497600789,9,0,0,24576,5,305064423
19135,497472030,566,497472596,3,0,1,512,6,8597385523
19136,497488380,141995,497630375,3,0,0,4608,6,5559129834
19137,497496900,4850,497501750,4,0,1,5120,18,7880655646
19138,497500960,1136,497502096,8,0,1,512,3,8988237559
19139,497507901,93059,497600960,2,0,0,512,10,6102920531
19140,497523590,566,497524156,8,0,1,512,3,7966406414
19141,497555120,16128,497571248,3,0,1,10752,6,7053347951
19142,497600460,245901,497846361,7,0,0,92672,6,2398185823
19143,497623681,166664,497790345,9,0,0,70144,5,916401962
19144,497633670,5454,497639124,8,0,1,13824,3,8323965587
19145,497660740,94733,497755473,7,0,0,5632,6,6526341139
19146,497669650,10643,497680293,8,0,1,1536,3,4962489177
19147,497703840,3645,497707485,3,0,1,10240,6,9537392922
19148,497712870,5326,497718196,8,0,1,5632,3,3618576154
19149,497735010,2870,497737880,9,0,1,8704,5,9758960839
19150,497764250,3422,497767672,3,0,1,3584,6,10180875546
19151,497771260,21564,497792824,8,0,1,2560,3,1122238093
19152,497775650,18612,497794262,4,0,1,9216,18,4344547892
19153,497811071,112869,497923940,9,0,0,11264,5,8261703966
19154,497833550,124291,497957841,7,0,0,66048,6,9006255438
19155,497859750,3422,497863172,8,0,1,3584,3,7956586094
19156,497882690,87046,497969736,7,0,0,7168,6,10672141243
19157,497913790,2870,497916660,8,0,1,8704,3,1437092843
19158,497917630,1994,497919624,8,0,1,2048,3,6907723760
19159,497940140,19228,497959368,9,0,1,1536,5,1327147953
19160,497942000,18994,497960994,8,0,1,2560,3,9962320230
19161,497963910,208249,498172159,0,0,0,74752,6,662766748
19162,497989330,566,497989896,9,0,1,512,5,6764826848
19163,497989820,1518,497991338,4,0,1,1536,18,8401572939
19164,497998900,1042,497999942,9,0,1,1024,5,10192844454
19165,498025700,2470,498028170,8,0,1,2560,3,7133413830
19166,498048150,3422,498051572,4,0,1,3584,18,8005125444
19167,498070640,1042,498071682,8,0,1,1024,3,5584687236
19168,498095631,1994,498097625,5,0,1,2048,19,1199836354
19169,498107061,1042,498108103,5,0,1,1024,19,810129142
19170,498114371,91952,498206323,9,0,0,8192,5,9610095028
19171,498141481,2470,498143951,5,0,1,2560,19,6663850991
19172,498157850,18463,498176313,4,0,1,11264,18,2606787168
19173,498198400,1518,498199918,8,0,1,1536,3,9415373223
19174,498201160,5178,498206338,4,0,1,11264,18,2341033077
19175,498242670,80060,498322730,3,0,0,13312,6,6911031719
19176,498243971,4850,498248821,5,0,1,5120,19,8751930877
19177,498252750,566,498253316,9,0,1,512,5,575397108
19178,498292200,159677,498451877,3,0,0,14336,6,1491413018
19179,498292210,1059,498293269,4,0,1,1024,18,5736487444
19180,498297510,123118,498420628,3,0,0,91648,6,4969949321
19181,498309281,3898,498313179,5,0,1,4096,19,6418391735
19182,498343960,1042,498345002,4,0,1,1024,18,2805477891
19183,498363590,1994,498365584,8,0,1,2048,3,1556667445
19184,498392440,28211,498420651,0,0,1,5632,6,3217648173
19185,498393651,30867,498424518,5,0,1,4096,19,9397986740
19186,498421480,174820,498596300,3,0,0,48640,6,7333266245
19187,498437970,143495,498581465,0,0,0,62464,6,7413574956
19188,498463680,566,498464246,8,0,1,512,3,743297680
19189,498482880,4679,498487559,9,0,1,12288,5,59113127
19190,498484891,116118,498601009,2,0,0,512,10,9687949266
19191,498507211,5802,498513013,5,0,1,6144,19,2660143882
19192,498510111,7408,498517519,5,0,1,7168,19,5318484090
19193,498510551,7954,498518505,5,0,1,1536,19,9289796796
19194,498525910,4374,498530284,4,0,1,4608,18,1701152327
19195,498581290,17948,498599238,4,0,1,3072,18,5501522523
19196,498602741,58952,498661693,2,0,0,512,10,9073449162
19197,498624970,4850,498629820,4,0,1,5120,18,7470177695
19198,498625090,7636,498632726,8,0,1,4608,3,8856868869
19199,498642981,104936,498747917,9,0,0,44544,5,593759025
19200,498669420,5326,498674746,8,0,1,5632,3,10475539334
19201,498710580,1042,498711622,9,0,1,1024,5,2436198962
19202,498782370,247448,499029818,7,0,0,23552,6,9981528820
19203,498802320,5326,498807646,8,0,1,5632,3,8814230600
19204,498804331,7821,498812152,5,0,1,7168,19,10206396342
19205,498829091,12049,498841140,5,0,1,19968,19,661654208
19206,498843860,3898,498847758,8,0,1,4096,3,3465491802
19207,498851160,2470,498853630,8,0,1,2560,3,2975927204
19208,498867790,6229,498874019,4,0,1,15360,18,47893399
19209,498909240,7706,498916946,9,0,1,8192,5,8996320902
19210,498922600,10241,498932841,9,0,1,16384,5,4347158048
19211,498948401,2870,498951271,5,0,1,8704,19,4813737563
19212,498988590,96686,499085276,0,0,0,17920,6,6640248530
19213,499013230,198478,499211708,3,0,0,24576,6,2743844744
19214,499045500,107741,499153241,3,0,0,7168,6,4871393460
19215,499064790,86252,499151042,7,0,0,23552,6,4999940424
19216,499154660,3898,499158558,4,0,1,4096,18,5677557150
19217,499174320,3898,499178218,8,0,1,4096,3,7654956161
19218,499196881,4374,499201255,5,0,1,4608,19,5986131428
19219,499198960,12763,499211723,9,0,1,7680,5,2461970865
19220,499236210,1518,499237728,4,0,1,1536,18,7237533660
19221,499246920,6754,499253674,4,0,1,7168,18,3406854454
19222,499252810,149106,499401916,3,0,0,7680,6,7719510188
19223,499271130,1994,499273124,8,0,1,2048,3,10286249781
19224,499298321,6229,499304550,5,0,1,15360,19,217207641
19225,499329421,156746,499486167,9,0,0,54272,5,4653314074
19226,499330441,294650,499625091,9,0,0,46080,5,10275537194
19227,499336460,5802,499342262,3,0,1,6144,6,1661634661
19228,499343620,35312,499378932,2,0,1,61952,10,7800188215
19229,499358300,150164,499508464,3,0,0,8192,6,7299533367
19230,499401930,23208,499425138,2,0,1,38400,10,7493337064
19231,499413020,17917,499430937,2,0,1,27648,10,1711790028
19232,499417310,15573,499432883,9,0,1,3072,5,7728716438
19233,499425010,308519,499733529,7,0,0,168960,6,8960535283
19234,499427190,88988,499516178,3,0,0,17408,6,2106141892
19235,499434720,346900,499781620,3,0,0,22016,6,2662049020
19236,499441450,419184,499860634,0,0,0,68096,6,10727305521
19237,499469140,121518,499590658,7,0,0,4608,6,1187432781
19238,499545770,12308,499558078,2,0,1,20480,10,9753873386
19239,499592090,1518,499593608,7,0,1,1536,6,1143715603
19240,499602550,7706,499610256,7,0,1,8192,6,264841529
19241,499613640,226215,499839855,0,0,0,108032,6,6705477010
19242,499631650,240551,499872201,3,0,0,37888,6,6030225511
19243,499632721,123231,499755952,9,0,0,1536,5,2957883068
19244,499649700,3422,499653122,2,0,1,3584,10,382170392
19245,499657540,2946,499660486,4,0,1,3072,18,6851779404
19246,499662950,1994,499664944,7,0,1,2048,6,8227155493
19247,499704990,33744,499738734,2,0,1,13312,10,8197114444
19248,499713961,67986,499781947,9,0,0,1024,5,7776569295
19249,499748670,4374,499753044,8,0,1,4608,3,6740456191
19250,499765830,1042,499766872,7,0,1,1024,6,3983798653
19251,499774080,172825,499946905,7,0,0,64512,6,10186865109
19252,499810160,65670,499875830,8,0,1,10240,3,6167532003
19253,499811871,106759,499918630,2,0,0,512,10,2030360695
19254,499827321,61092,499888413,5,0,1,22016,19,3975457198
19255,499837410,54229,499891639,7,0,1,5120,6,2017233256
19256,499855360,37585,499892945,7,0,1,2048,6,983173537
19257,499894340,1518,499895858,4,0,1,1536,18,1509725040
19258,499913861,3422,499917283,5,0,1,3584,19,7291649658
19259,499915031,3387,499918418,5,0,1,9728,19,1914099633
19260,499921990,84887,500006877,0,0,0,12288,6,4553405408
19261,499950920,1042,499951962,7,0,1,1024,6,7876955535
19262,499968901,7706,499976607,5,0,1,8192,19,5158199707
19263,499977900,2946,499980846,7,0,1,3072,6,1370307022
19264,499985640,64208,500049848,0,0,0,6656,6,3009067311
19265,499998031,43904,500041935,2,0,0,512,10,4681810113
19266,500035720,6278,500041998,2,0,1,6656,10,6604180833
19267,500042510,86073,500128583,0,0,0,10752,6,3403239618
19268,500077310,87973,500165283,7,0,0,12288,6,581478150
19269,500082100,5802,500087902,4,0,1,6144,18,568960258
19270,500083441,190707,500274148,9,0,0,118784,5,3552042541
19271,500115760,1518,500117278,2,0,1,1536,10,7335853142
19272,500124571,566,500125137,5,0,1,512,19,9060292970
19273,500152131,150431,500302562,9,0,0,16384,5,9649825962
19274,500156350,2470,500158820,7,0,1,2560,6,8495516505
19275,500157200,8098,500165298,7,0,1,5120,6,6061147804
19276,500163950,7142,500171092,7,0,1,6144,6,7866185409
19277,500171660,2946,500174606,4,0,1,3072,18,296668261
19278,500191000,2870,500193870,4,0,1,8704,18,4239540825
19279,500239521,42325,500281846,5,0,1,8192,19,7618543113
19280,500277861,130016,500407877,2,0,0,512,10,9701128273
19281,500301230,1890,500303120,2,0,1,512,10,9426794527
19282,500351760,3422,500355182,9,0,1,3584,5,1313108820
19283,500363631,47474,500411105,2,0,0,1024,10,3489627991
19284,500399030,155827,500554857,0,0,0,28672,6,8976860958
19285,500427271,85437,500512708,2,0,0,1536,10,1196755232
19286,500433761,1518,500435279,5,0,1,1536,19,9687505172
19287,500436740,1042,500437782,2,0,1,1024,10,9416380281
19288,500438350,3387,500441737,4,0,1,9728,18,1514948385
19289,500451170,3645,500454815,2,0,1,10240,10,6052610167
19290,500475810,111332,500587142,0,0,0,65536,6,6271390338
19291,500483390,566,500483956,2,0,1,512,10,4779989661
19292,500497601,137326,500634927,9,0,0,63488,5,4957553176
19293,500511380,2470,500513850,7,0,1,2560,6,6665748159
19294,500582890,4810,500587700,4,0,1,512,18,3734490859
19295,500590551,1518,500592069,5,0,1,1536,19,4683919481
19296,500596751,68862,500665613,2,0,0,512,10,4132145452
19297,500617460,77059,500694519,7,0,0,6656,6,4216736788
19298,500735231,45596,500780827,9,0,0,1024,5,6065204318
19299,500774200,6642,500780842,9,0,1,15872,5,9079550432
19300,500801960,4679,500806639,9,0,1,12288,5,1524995190
19301,500826940,1994,500828934,9,0,1,2048,5,597617812
19302,500830680,3128,500833808,7,0,1,9216,6,7620687910
19303,500834810,3422,500838232,2,0,1,3584,10,4642413542
19304,500851100,1042,500852142,4,0,1,1024,18,2913765772
19305,500878400,90368,500968768,7,0,0,16896,6,9377918487
19306,500879200,566,500879766,9,0,1,512,5,9168600372
19307,500930480,3422,500933902,9,0,1,3584,5,5494884565
19308,500970491,5326,500975817,5,0,1,5632,19,3399141032
19309,500971161,5322,500976483,5,0,1,1024,19,3041161810
19310,501000661,184589,501185250,9,0,0,2048,5,6033233072
19311,501017930,154594,501172524,7,0,0,47104,6,274113416
19312,501021860,43904,501065764,0,0,0,512,6,3880815743
19313,501032600,14117,501046717,9,0,1,24064,5,10638153800
19314,501142511,105570,501248081,9,0,0,28672,5,5081861400
19315,501147090,87608,501234698,0,0,0,17920,6,10489891986
19316,501170450,5964,501176414,9,0,1,4096,5,1955409246
19317,501219351,148813,501368164,2,0,0,1536,10,10421782083
19318,501242170,6945,501249115,4,0,1,1024,18,4571667857
19319,501249890,3422,501253312,8,0,1,3584,3,9993047783
19320,501260710,54212,501314922,0,0,0,4096,6,5143295031
19321,501266690,1518,501268208,4,0,1,1536,18,2709882414
19322,501283670,3422,501287092,4,0,1,3584,18,5614182809
19323,501290431,3898,501294329,5,0,1,4096,19,6006049712
19324,501295741,183820,501479561,9,0,0,12288,5,7112552480
19325,501301420,90548,501391968,7,0,0,22528,6,1861122287
19326,501332711,140759,501473470,2,0,0,1536,10,595937244
19327,501386790,6212,501393002,9,0,1,1024,5,5654804600
19328,501504520,4850,501509370,9,0,1,5120,5,5350068323
19329,501537241,48980,501586221,2,0,0,2048,10,7733149069
19330,501566310,2470,501568780,9,0,1,2560,5,4685565959
19331,501578540,3387,501581927,4,0,1,9728,18,1965059004
19332,501582331,52974,501635305,2,0,0,1536,10,4050837679
19333,501583860,49292,501633152,0,0,0,3072,6,2460291549
19334,501589971,1994,501591965,5,0,1,2048,19,1673448442
19335,501724570,4374,501728944,9,0,1,4608,5,9375669378
19336,501731661,1042,501732703,5,0,1,1024,19,3293138944
19337,501745590,566,501746156,4,0,1,512,18,3209074285
19338,501747790,54056,501801846,0,0,0,3584,6,2950991095
19339,501757031,99944,501856975,9,0,0,28160,5,5487097897
19340,501762941,3422,501766363,5,0,1,3584,19,1370696889
19341,501792840,67270,501860110,0,0,0,10240,6,1263021302
19342,501819060,203593,502022653,0,0,0,30720,6,9878964385
19343,501836190,7230,501843420,4,0,1,7680,18,1499932219
19344,501854760,158510,502013270,0,0,0,109568,6,4814449007
19345,501862551,1518,501864069,5,0,1,1536,19,2678031418
19346,501887571,566,501888137,5,0,1,512,19,45338194
19347,501896451,126373,502022824,2,0,0,512,10,4401272827
19348,501940781,136077,502076858,9,0,0,28672,5,8526458750
19349,501945340,7706,501953046,4,0,1,8192,18,4851539787
19350,501981460,197218,502178678,7,0,0,16384,6,8565599547
19351,502080321,92972,502173293,9,0,0,15360,5,9342955932
19352,502091161,98761,502189922,9,0,0,23040,5,9533287189
19353,502150601,142173,502292774,9,0,0,60928,5,2973517588
19354,502208021,193743,502401764,9,0,0,39424,5,4374818870
19355,502225300,123100,502348400,7,0,0,25600,6,4344905280
19356,502251780,1518,502253298,9,0,1,1536,5,1938055718
19357,502270920,2470,502273390,4,0,1,2560,18,730454386
19358,502367731,81097,502448828,9,0,0,5120,5,179491955
19359,502603651,43904,502647555,2,0,0,512,10,1325706830
19360,502709960,23750,502733710,7,0,0,1024,6,10291271489
19361,502882740,105872,502988612,0,0,0,47616,6,7168734515
19362,502884551,136089,503020640,9,0,0,31744,5,5959703142
19363,502920560,3645,502924205,9,0,1,10240,5,10393718770
19364,503078040,48980,503127020,0,0,0,2048,6,4518522671
19365,503118281,60824,503179105,9,0,0,5632,5,9511720860
19366,503176720,67592,503244312,0,0,0,7680,6,6072240807
19367,503182391,47288,503229679,9,0,0,1536,5,27801362
19368,503246090,84512,503330602,7,0,0,12800,6,6479500993
19369,503255060,100100,503355160,7,0,0,28672,6,5022370643
19370,503374680,96560,503471240,0,0,0,27136,6,8001275653
19371,503402000,7230,503409230,0,0,1,7680,6,6811514004
19372,503465690,93462,503559152,7,0,0,18944,6,10004126881
19373,503645910,6754,503652664,0,0,1,7168,6,1848780212
19374,503655171,97508,503752679,9,0,0,22016,5,7226872202
19375,503661091,123544,503784635,9,0,0,34304,5,8986795864
19376,503783510,101997,503885507,7,0,0,31232,6,7648079090
19377,503797021,105514,503902535,9,0,0,26624,5,2496960727
19378,503826640,2946,503829586,7,0,1,3072,6,76874549
19379,503874231,1518,503875749,5,0,1,1536,19,4013418428
19380,503926411,45596,503972007,2,0,0,1024,10,1242053831
19381,503928950,77062,504006012,0,0,0,10240,6,9416870631
19382,503929960,127376,504057336,7,0,0,25600,6,9751254472
19383,503944600,2946,503947546,0,0,1,3072,6,3441143777
19384,504008881,7706,504016587,5,0,1,8192,19,10695940214
19385,504011520,5733,504017253,2,0,1,1024,10,6865464085
19386,504076450,1042,504077492,0,0,1,1024,6,5791966161
19387,504106420,4937,504111357,0,0,1,12800,6,4241857725
19388,504131170,68927,504200097,0,0,0,8704,6,7247790001
19389,504141451,47288,504188739,2,0,0,1536,10,5800875397
19390,504180740,275204,504455944,0,0,0,177664,6,8663397974
19391,504184030,77946,504261976,7,0,0,2048,6,381818041
19392,504188700,199024,504387724,0,0,0,56832,6,9814284658
19393,504198581,296545,504495126,9,0,0,26624,5,2418716254
19394,504222951,5802,504228753,5,0,1,6144,19,9745351559
19395,504253030,281228,504534258,0,0,0,94720,6,8237047700
19396,504264371,270682,504535053,2,0,0,2560,10,5911919026
19397,504293491,176828,504470319,9,0,0,32256,5,5986831332
19398,504295420,99035,504394455,0,0,0,22016,6,3190045175
19399,504311671,7706,504319377,5,0,1,8192,19,1172691607
19400,504320191,1518,504321709,5,0,1,1536,19,5599911872
19401,504357191,181309,504538500,9,0,0,11264,5,2568469708
19402,504374860,22024,504396884,7,0,1,2560,6,5361297460
19403,504446001,207512,504653513,9,0,0,71168,5,3381100344
19404,504472310,1042,504473352,0,0,1,1024,6,7718070834
19405,504479381,566,504479947,5,0,1,512,19,769717769
19406,504531210,15005,504546215,7,0,1,8192,6,7269712705
19407,504533820,13381,504547201,0,0,1,1536,6,5011925229
19408,504542831,5036,504547867,5,0,1,1024,19,7268990743
19409,504571690,6754,504578444,7,0,1,7168,6,5527988073
19410,504576801,86270,504663071,9,0,0,5632,5,101103515
19411,504587451,193760,504781211,9,0,0,11776,5,8139687101
19412,504601430,149595,504751025,7,0,0,100352,6,6831490206
19413,504622930,4374,504627304,7,0,1,4608,6,765490606
19414,504648751,102468,504751219,2,0,0,512,10,10410716580
19415,504711720,188733,504900453,7,0,0,43520,6,722761767
19416,504713641,37407,504751048,5,0,1,18432,19,9145646299
19417,504721780,32551,504754331,0,0,1,9216,6,8474376615
19418,504744611,63474,504808085,2,0,0,3072,10,4395950528
19419,504766900,1994,504768894,7,0,1,2048,6,8373979896
19420,504781760,7706,504789466,7,0,1,8192,6,7453648501
19421,504830510,5802,504836312,2,0,1,6144,10,5880751230
19422,504835051,1607,504836658,5,0,1,512,19,5349177107
19423,504836660,2952,504839612,7,0,1,3072,6,6921530292
19424,504857800,2946,504860746,0,0,1,3072,6,3518359624
19425,504880121,174056,505054177,2,0,0,512,10,2958541072
19426,504926161,4850,504931011,5,0,1,5120,19,6012248322
19427,504928020,89744,505017764,7,0,0,14848,6,9386158016
19428,505051430,1994,505053424,7,0,1,2048,6,1651865091
19429,505067320,48980,505116300,0,0,0,2048,6,9691182460
19430,505075531,43904,505119435,2,0,0,512,10,5834479651
19431,505098731,47288,505146019,9,0,0,1536,5,3963659343
19432,505110480,2470,505112950,7,0,1,2560,6,10480730237
19433,505153830,4420,505158250,0,0,1,11776,6,8076866813
19434,505174161,49015,505223176,2,0,0,512,10,4275506042
19435,505183420,1518,505184938,0,0,1,1536,6,9871042458
19436,505254850,1994,505256844,0,0,1,2048,6,3338672071
19437,505260991,2946,505263937,5,0,1,3072,19,8170968640
19438,505285071,105385,505390456,2,0,0,1024,10,2396143078
19439,505309190,103220,505412410,0,0,0,38912,6,211487902
19440,505383200,2470,505385670,7,0,1,2560,6,1659472521
19441,505395710,1042,505396752,0,0,1,1024,6,5776612871
19442,505397230,93956,505491186,7,0,0,28672,6,6804834337
19443,505443560,6754,505450314,0,0,1,7168,6,6693841701
19444,505496961,1518,505498479,5,0,1,1536,19,3879244809
19445,505509791,94940,505604731,9,0,0,15872,5,4806838725
19446,505522180,3422,505525602,0,0,1,3584,6,6725626843
19447,505527931,49292,505577223,9,0,0,3072,5,6531550619
19448,505533961,48980,505582941,2,0,0,2048,10,10021118548
19449,505538240,53144,505591384,0,0,0,5632,6,961072410
19450,505566831,111778,505678609,2,0,0,1536,10,2485034474
19451,505623751,14545,505638296,5,0,1,28160,19,4712341591
19452,505653020,3422,505656442,7,0,1,3584,6,3473345548
19453,505659890,107432,505767322,0,0,0,52736,6,7434351025
19454,505692360,3898,505696258,8,0,1,4096,3,3887645000
19455,505703350,1518,505704868,7,0,1,1536,6,9425513753
19456,505726291,148367,505874658,2,0,0,1024,10,6057752846
19457,505732930,106172,505839102,7,0,0,32768,6,6392781560
19458,505760700,10259,505770959,4,0,1,10240,18,5516275567
19459,505796031,179933,505975964,9,0,0,60928,5,6554628959
19460,505804021,115025,505919046,2,0,0,512,10,1586744931
19461,505826100,87632,505913732,0,0,0,23040,6,4820451466
19462,505829631,120245,505949876,2,0,0,512,10,4267997592
19463,505848530,1518,505850048,7,0,1,1536,6,3410476012
19464,505866691,74201,505940892,2,0,0,512,10,5063863668
19465,505964870,22119,505986989,7,0,1,17920,6,10324039470
19466,505968251,61786,506030037,2,0,0,3584,10,5771925609
19467,505978890,90380,506069270,0,0,0,23552,6,2175250154
19468,505995671,141969,506137640,9,0,0,19968,5,8007650549
19469,506061081,566,506061647,5,0,1,512,19,5277589496
19470,506085920,3422,506089342,0,0,1,3584,6,3464147979
19471,506128250,3128,506131378,7,0,1,9216,6,10707784246
19472,506131560,10446,506142006,7,0,1,4608,6,2800729810
19473,506151180,1518,506152698,0,0,1,1536,6,3395364360
19474,506179581,6278,506185859,5,0,1,6656,19,4642764897
19475,506261341,67304,506328645,9,0,0,11776,5,7241894767
19476,506272430,3898,506276328,0,0,1,4096,6,9648219927
19477,506273560,7594,506281154,0,0,1,7680,6,8885551206
19478,506288201,43904,506332105,2,0,0,512,10,5836553226
19479,506325661,6880,506332541,5,0,1,10752,19,4508465276
19480,506392850,235576,506628426,0,0,0,125440,6,597656107
19481,506405731,144483,506550214,9,0,0,55296,5,5895818009
19482,506410580,116599,506527179,7,0,0,28160,6,1952484210
19483,506429531,160660,506590191,9,0,0,20992,5,6994709962
19484,506476021,1518,506477539,5,0,1,1536,19,5232531110
19485,506553090,75663,506628753,7,0,0,1024,6,2399847322
19486,506579191,4162,506583353,5,0,1,11264,19,9810619837
19487,506741331,7706,506749037,5,0,1,8192,19,1357183624
19488,506781700,1518,506783218,4,0,1,1536,18,169427099
19489,506785920,5802,506791722,7,0,1,6144,6,4657253597
19490,506922250,51452,506973702,0,0,0,5120,6,5410397305
19491,506933060,65900,506998960,0,0,0,7168,6,5834352238
19492,507015100,127556,507142656,0,0,0,118784,6,10174300106
19493,507062780,4374,507067154,4,0,1,4608,18,6001804371
19494,507069020,2946,507071966,4,0,1,3072,18,1933864658
19495,507130041,17544,507147585,5,0,1,12800,19,5383089080
19496,507144741,3510,507148251,5,0,1,1024,19,2707431544
19497,507196000,2470,507198470,4,0,1,2560,18,3909173724
19498,507246330,136376,507382706,0,0,0,132608,6,8391597636
19499,507263830,3645,507267475,0,0,1,10240,6,7491309747
19500,507365911,30170,507396081,5,0,1,22528,19,3810469862
19501,507368610,120609,507489219,7,0,0,49664,6,10335747850
19502,507374570,24737,507399307,4,0,1,5120,18,5794944902
19503,507396400,3573,507399973,4,0,1,1024,18,1246038742
19504,507400300,3422,507403722,4,0,1,3584,18,5236068404
19505,507477501,18464,507495965,5,0,1,7168,19,3091528889
19506,507505931,60536,507566467,9,0,0,9728,5,10134681522
19507,507551791,4374,507556165,5,0,1,4608,19,8826573034
19508,507568921,3422,507572343,5,0,1,3584,19,4009383088
19509,507594251,1518,507595769,5,0,1,1536,19,1113159147
19510,507722420,4679,507727099,4,0,1,12288,18,7757097318
19511,507762160,4420,507766580,4,0,1,11776,18,1138522692
19512,507810630,149611,507960241,0,0,0,23552,6,2927534451
19513,507810661,105258,507915919,9,0,0,45568,5,8953124745
19514,507898540,1994,507900534,7,0,1,2048,6,4101722316
19515,507901120,96356,507997476,7,0,0,16384,6,10536845787
19516,507995980,127952,508123932,7,0,0,115200,6,526923661
19517,508003920,3898,508007818,7,0,1,4096,6,8330760825
19518,508022111,3422,508025533,5,0,1,3584,19,582722646
19519,508035680,3128,508038808,4,0,1,9216,18,2197102640
19520,508036270,7117,508043387,7,0,1,5120,6,5269330620
19521,508041160,174653,508215813,0,0,0,36864,6,4756759673
19522,508088910,35597,508124507,7,0,1,512,6,7841092160
19523,508089500,187865,508277365,7,0,0,86016,6,6833065631
19524,508136130,152170,508288300,0,0,0,35840,6,5890063187
19525,508174090,4374,508178464,4,0,1,4608,18,555493755
19526,508181490,1994,508183484,4,0,1,2048,18,10543574277
19527,508191680,2946,508194626,4,0,1,3072,18,4349486813
19528,508192500,5992,508198492,4,0,1,6144,18,178634121
19529,508218921,77441,508296362,9,0,0,1536,5,3148660971
19530,508313131,2946,508316077,5,0,1,3072,19,5544006063
19531,508327870,129572,508457442,0,0,0,55808,6,3341681080
19532,508329000,81117,508410117,0,0,0,5120,6,916715397
19533,508371490,5454,508376944,4,0,1,13824,18,3155948153
19534,508386141,145575,508531716,9,0,0,66560,5,5365850727
19535,508442320,91118,508533438,0,0,0,512,6,1918441921
19536,508459120,3898,508463018,4,0,1,4096,18,5216616834
19537,508514911,17380,508532291,5,0,1,512,19,3227932462
19538,508519850,13107,508532957,4,0,1,1024,18,5679494316
19539,508545241,67592,508612833,9,0,0,7680,5,3278001423
19540,508557821,56056,508613877,9,0,0,1024,5,8016115465
19541,508605270,4162,508609432,4,0,1,11264,18,9938530267
19542,508655440,4937,508660377,4,0,1,12800,18,10726367959
19543,508688310,2470,508690780,4,0,1,2560,18,9750875798
19544,508711160,2470,508713630,7,0,1,2560,6,3133918437
19545,508725110,1042,508726152,4,0,1,1024,18,8008824441
19546,508866340,79016,508945356,0,0,0,19968,6,5920234059
19547,508866791,4679,508871470,5,0,1,12288,19,10020557764
19548,508891910,98696,508990606,7,0,0,24064,6,3744176785
19549,508905131,85802,508990933,9,0,0,1024,5,3373150844
19550,508922180,10499,508932679,7,0,1,16896,6,4292579525
19551,508922901,48380,508971281,9,0,0,512,5,500189721
19552,508951530,4850,508956380,4,0,1,5120,18,10465149705
19553,509002371,6754,509009125,5,0,1,7168,19,7149594396
19554,509026211,1994,509028205,5,0,1,2048,19,8926667633
19555,509053001,6278,509059279,5,0,1,6656,19,8435366856
19556,509067981,44060,509112041,9,0,0,1024,5,6710046844
19557,509123220,7706,509130926,4,0,1,8192,18,9825260980
19558,509150191,43904,509194095,9,0,0,512,5,10033065778
19559,509156640,7230,509163870,0,0,1,7680,6,7859679725
19560,509216810,142393,509359203,0,0,0,85504,6,8696649160
19561,509217751,142270,509360021,9,0,0,512,5,5705622493
19562,509221580,22174,509243754,7,0,1,36352,6,2493059830
19563,509244601,236029,509480630,9,0,0,512,5,8868520463
19564,509254491,1518,509256009,5,0,1,1536,19,426765540
19565,509263111,96731,509359842,9,0,0,2048,5,67998789
19566,509331390,101392,509432782,7,0,0,3072,6,876117774
19567,509337470,28998,509366468,4,0,1,15872,18,1899542196
19568,509390131,43904,509434035,9,0,0,512,5,4387066773
19569,509475220,1518,509476738,7,0,1,1536,6,3631496455
19570,509592540,566,509593106,7,0,1,512,6,6403561781
19571,509641811,43904,509685715,9,0,0,512,5,8375413922
19572,509669321,70876,509740197,9,0,0,1024,5,6691289394
19573,509743771,43904,509787675,9,0,0,512,5,9644106540
19574,509807320,84824,509892144,7,0,0,13824,6,3888482310
19575,509931071,43904,509974975,9,0,0,512,5,1034749458
19576,509988001,47288,510035289,9,0,0,1536,5,5618966307
19577,510022880,74852,510097732,7,0,0,16384,6,3178412497
19578,510049290,119152,510168442,0,0,0,20480,6,10027101402
19579,510060120,98384,510158504,7,0,0,23040,6,6096020116
19580,510085850,2870,510088720,7,0,1,8704,6,9335699593
19581,510112860,109149,510222009,0,0,0,11264,6,7118481888
19582,510149301,9218,510158519,5,0,1,4096,19,9163768946
19583,510201650,113984,510315634,7,0,0,74240,6,1865805201
19584,510246430,192738,510439168,0,0,0,93184,6,6566911344
19585,510261601,13512,510275113,5,0,1,26112,19,8367717774
19586,510287960,74132,510362092,0,0,0,1536,6,9567314435
19587,510337201,47277,510384478,9,0,0,512,5,488219589
19588,510453560,85628,510539188,0,0,0,21504,6,2157556647
19589,510489201,566,510489767,5,0,1,512,19,4109928561
19590,510557771,2870,510560641,5,0,1,8704,19,2126381740
19591,510585221,48980,510634201,9,0,0,2048,5,3282550047
19592,510614580,6278,510620858,4,0,1,6656,18,8553759062
19593,510629171,1042,510630213,5,0,1,1024,19,3807916379
19594,510630640,6278,510636918,4,0,1,6656,18,8540831759
19595,510633320,3944,510637264,4,0,1,512,18,1275661262
19596,510790491,3422,510793913,5,0,1,3584,19,5628275989
19597,510818211,68257,510886468,9,0,0,1536,5,4169010689
19598,510820250,1042,510821292,4,0,1,1024,18,10235260509
19599,510839180,183075,511022255,0,0,0,27648,6,2255111776
19600,510881400,104000,510985400,0,0,0,41472,6,1858696615
19601,511028380,2470,511030850,8,0,1,2560,3,1579305822
19602,511031310,566,511031876,4,0,1,512,18,4261770455
19603,511055941,3422,511059363,5,0,1,3584,19,2570698001
19604,511079270,5802,511085072,4,0,1,6144,18,1488838444
19605,511094901,43904,511138805,9,0,0,512,5,9301991497
19606,511124620,2470,511127090,4,0,1,2560,18,4874768204
19607,511266911,2870,511269781,5,0,1,8704,19,5353122232
19608,511290630,113326,511403956,0,0,0,70144,6,6157611197
19609,511302701,2470,511305171,5,0,1,2560,19,7963138787
19610,511339021,65262,511404283,9,0,0,1024,5,5328470968
19611,511516280,99632,511615912,0,0,0,27136,6,3614595446
19612,511553170,1994,511555164,4,0,1,2048,18,9420389025
19613,511639850,109460,511749310,0,0,0,59392,6,1109526746
19614,511665000,6754,511671754,4,0,1,7168,18,1134430241
19615,511872601,1042,511873643,5,0,1,1024,19,10623209234
19616,511923380,2470,511925850,4,0,1,2560,18,9688431142
19617,512024821,1042,512025863,5,0,1,1024,19,5462319909
19618,512132040,1994,512134034,4,0,1,2048,18,5039182822
19619,512202441,5802,512208243,5,0,1,6144,19,9771984962
19620,512223291,43904,512267195,9,0,0,512,5,4618050333
19621,512249680,4850,512254530,9,0,1,5120,5,1987316030
19622,512277321,43904,512321225,9,0,0,512,5,8448717800
19623,512390871,45596,512436467,9,0,0,1024,5,7386108646
19624,512419821,3898,512423719,5,0,1,4096,19,1611436516
19625,512440620,1518,512442138,8,0,1,1536,3,1106056338
19626,512465960,1042,512467002,4,0,1,1024,18,9091110612
19627,512535280,3422,512538702,8,0,1,3584,3,5666922757
19628,512564300,86204,512650504,0,0,0,13312,6,173691907
19629,512568330,5326,512573656,4,0,1,5632,18,5972325228
19630,512569560,245062,512814622,0,0,0,218112,6,159895051
19631,512641550,1994,512643544,8,0,1,2048,3,5628947216
19632,512655130,5326,512660456,8,0,1,5632,3,8284054158
19633,512704081,110868,512814949,9,0,0,1024,5,10674708080
19634,512704840,3422,512708262,4,0,1,3584,18,1937646606
19635,512704931,110657,512815588,9,0,0,2048,5,10107834652
19636,512712610,5326,512717936,8,0,1,5632,3,1931457350
19637,512717070,135071,512852141,0,0,0,76800,6,8217682395
19638,512718620,6278,512724898,8,0,1,6656,3,4897551235
19639,512719320,9444,512728764,8,0,1,6144,3,2481744293
19640,512763770,55249,512819019,8,0,1,3584,3,9840531067
19641,512786720,104937,512891657,0,0,0,10240,6,4364310978
19642,512894351,3898,512898249,5,0,1,4096,19,9258152122
19643,513002841,43904,513046745,9,0,0,512,5,7761752214
19644,513109550,3422,513112972,8,0,1,3584,3,3080848533
19645,513156150,3904,513160054,8,0,1,10752,3,3274638961
19646,513262060,64208,513326268,0,0,0,6656,6,5384286594
19647,513330421,45596,513376017,9,0,0,1024,5,70772951
19648,513336930,566,513337496,8,0,1,512,3,5850958992
19649,513376991,6488,513383479,5,0,1,15872,19,9611734839
19650,513407150,2870,513410020,8,0,1,8704,3,2580089588
19651,513469931,6278,513476209,5,0,1,6656,19,7386972122
19652,513613660,5326,513618986,8,0,1,5632,3,2697282194
19653,513620981,43904,513664885,9,0,0,512,5,5436598505
19654,513708461,1518,513709979,5,0,1,1536,19,10041795861
19655,513747390,94688,513842078,0,0,0,20992,6,9931670833
19656,513863900,50672,513914572,0,0,0,2560,6,2892642448
19657,513918550,105092,514023642,0,0,0,45056,6,3070710982
19658,513947371,1042,513948413,5,0,1,1024,19,5441160924
19659,513954581,69811,514024392,9,0,0,1024,5,764334675
19660,513979701,1518,513981219,5,0,1,1536,19,10321107868
19661,514020351,7181,514027532,5,0,1,4096,19,10164705679
19662,514045660,166736,514212396,0,0,0,46080,6,6005443003
19663,514074450,50672,514125122,0,0,0,2560,6,998490113
19664,514194270,94902,514289172,0,0,0,2560,6,6162184001
19665,514202470,136226,514338696,0,0,0,114688,6,8877973835
19666,514234291,113309,514347600,9,0,0,512,5,10137795335
19667,514305861,37677,514343538,5,0,1,5120,19,5972401643
19668,514395250,103688,514498938,5,0,0,40448,19,2439571515
19669,514412321,4850,514417171,5,0,1,5120,19,3240201882
19670,514425171,177585,514602756,9,0,0,2560,5,9978507994
19671,514439221,162740,514601961,9,0,0,2560,5,6515378563
19672,514468310,132856,514601166,0,0,0,76288,6,5808529847
19673,514836981,43904,514880885,9,0,0,512,5,3481482328
19674,515005420,7706,515013126,0,0,1,8192,6,234017823
19675,515027020,61448,515088468,0,0,0,7680,6,10263083344
19676,515150190,11274,515161464,0,0,1,18432,6,10125917800
19677,515179270,3128,515182398,0,0,1,9216,6,9140621751
19678,515180430,91919,515272349,0,0,0,9728,6,6249741294
19679,515264891,48342,515313233,9,0,0,512,5,1807706358
19680,515590550,108836,515699386,0,0,0,57344,6,2556107136
19681,515623640,90165,515713805,0,0,0,1536,6,4892838492
19682,515630791,68922,515699713,9,0,0,1024,5,8691171441
19683,515668810,6488,515675298,0,0,1,15872,6,3353347909
19684,515723630,13253,515736883,0,0,1,25600,6,3540495526
19685,515813780,1518,515815298,0,0,1,1536,6,1911659996
19686,515852860,122720,515975580,0,0,0,102912,6,899766805
19687,515879850,127788,516007638,0,0,0,20480,6,4009827917
19688,515960150,19326,515979476,0,0,1,10752,6,10330446370
19689,516024680,3422,516028102,0,0,1,3584,6,2481280287
19690,516137510,3898,516141408,0,0,1,4096,6,6584530204
19691,516378551,43904,516422455,9,0,0,512,5,5424017524
19692,516477660,5326,516482986,9,0,1,5632,5,1788957655
19693,516503980,3387,516507367,0,0,1,9728,6,9154903804
19694,516504810,209637,516714447,0,0,0,30208,6,4097252
19695,516542151,208632,516750783,9,0,0,1024,5,9401634951
19696,516564830,1518,516566348,0,0,1,1536,6,6481358199
19697,516602340,566,516602906,9,0,1,512,5,8410075996
19698,516746110,95756,516841866,0,0,0,19456,6,6542220958
19699,516874910,5971,516880881,0,0,1,14848,6,10715407850
19700,516900650,3904,516904554,0,0,1,10752,6,2288022674
19701,516940090,1518,516941608,0,0,1,1536,6,5923302994
19702,517068300,7706,517076006,0,0,1,8192,6,239866753
19703,517098421,164762,517263183,9,0,0,1024,5,3022463969
19704,517128271,45596,517173867,9,0,0,1024,5,5100444268
19705,517176471,45752,517222223,9,0,0,1536,5,8022810299
19706,517200860,566,517201426,0,0,1,512,6,1952439424
19707,517221510,115856,517337366,0,0,0,80384,6,852507481
19708,517316380,25369,517341749,9,0,1,4608,5,4835047910
19709,517331631,51348,517382979,9,0,0,1024,5,3893883423
19710,517352390,6754,517359144,9,0,1,7168,5,40940542
19711,517366000,1042,517367042,0,0,1,1024,6,3645815255
19712,517374340,1994,517376334,0,0,1,2048,6,593719252
19713,517391090,566,517391656,0,0,1,512,6,3502843799
19714,517403581,131922,517535503,9,0,0,512,5,1090969254
19715,517434860,1518,517436378,9,0,1,1536,5,972086868
19716,517438230,166223,517604453,0,0,0,26624,6,5025656917
19717,517448301,86369,517534670,9,0,0,1536,5,8209547631
19718,517471630,6278,517477908,0,0,1,6656,6,9403965782
19719,517615531,47288,517662819,9,0,0,1536,5,9649630208
19720,517664560,106340,517770900,0,0,0,49152,6,1496440514
19721,517688770,7706,517696476,0,0,1,8192,6,5240590227
19722,517817990,2470,517820460,9,0,1,2560,5,8181887447
19723,517848620,1042,517849662,9,0,1,1024,5,1940336922
19724,517852150,57507,517909657,0,0,0,4096,6,4179978251
19725,517933671,45596,517979267,9,0,0,1024,5,4570535086
19726,518042730,7706,518050436,0,0,1,8192,6,6156364933
19727,518059320,1042,518060362,9,0,1,1024,5,1762049440
19728,518197510,4679,518202189,0,0,1,12288,6,8330571378
19729,518260130,1042,518261172,9,0,1,1024,5,7674027244
19730,518273240,2870,518276110,0,0,1,8704,6,10478064541
19731,518338511,43904,518382415,9,0,0,512,5,8721117055
19732,518469170,1994,518471164,0,0,1,2048,6,7687692086
19733,518621160,4420,518625580,9,0,1,11776,5,9649276614
19734,518627410,11016,518638426,9,0,1,17920,5,6346513457
19735,518658340,117305,518775645,0,0,0,35328,6,10432607871
19736,518806380,1518,518807898,0,0,1,1536,6,1851006378
19737,518885990,158851,519044841,0,0,0,136704,6,8386581716
19738,518891270,1042,518892312,9,0,1,1024,5,9655002384
19739,518992080,1994,518994074,9,0,1,2048,5,3516143307
19740,519024940,23538,519048478,0,0,1,10240,6,5524355085
19741,519079551,117283,519196834,9,0,0,512,5,4653518878
19742,519092310,12825,519105135,0,0,1,21504,6,9087230206
19743,519184070,1042,519185112,9,0,1,1024,5,7359993643
19744,519191641,43904,519235545,9,0,0,512,5,10529069114
19745,519237121,47288,519284409,9,0,0,1536,5,3168099163
19746,519253820,4850,519258670,9,0,1,5120,5,7059864801
19747,519352781,43904,519396685,9,0,0,512,5,8575605247
19748,519414740,106340,519521080,0,0,0,49152,6,8929445365
19749,519425760,122170,519547930,0,0,0,35328,6,9488269751
19750,519520980,100660,519621640,0,0,0,30208,6,1353793748
19751,519661140,99632,519760772,0,0,0,27136,6,7910621548
19752,519708700,64948,519773648,0,0,0,6656,6,9448108457
19753,519723351,52847,519776198,9,0,0,1024,5,1484496024
19754,519803110,168524,519971634,0,0,0,142336,6,5087565057
19755,520048320,566,520048886,9,0,1,512,5,8923614442
19756,520151211,47288,520198499,9,0,0,1536,5,8277231219
19757,520756101,45596,520801697,9,0,0,1024,5,129408183
19758,520917480,117884,521035364,0,0,0,87040,6,3087525705
19759,521036260,76052,521112312,0,0,0,10240,6,8136493032
19760,521074831,45596,521120427,9,0,0,1024,5,8361798990
19761,521224731,43904,521268635,9,0,0,512,5,11110159
19762,521251180,110084,521361264,0,0,0,61440,6,1064939794
19763,521264511,97548,521362059,9,0,0,2560,5,267938413
19764,521408341,48980,521457321,9,0,0,2048,5,954321587
19765,521462251,50672,521512923,9,0,0,2560,5,9914536615
19766,521608550,121784,521730334,0,0,0,99840,6,10572562140
19767,521722870,116448,521839318,0,0,0,57856,6,789621349
19768,521872621,47288,521919909,9,0,0,1536,5,6981154628
19769,521902131,43904,521946035,9,0,0,512,5,8987836604
19770,522102450,104624,522207074,0,0,0,43520,6,9605791060
19771,522337080,75296,522412376,0,0,0,12800,6,160975021
19772,522412141,45823,522457964,9,0,0,1024,5,9938931839
19773,522441391,43904,522485295,9,0,0,512,5,3915458938
19774,522491081,48980,522540061,9,0,0,2048,5,8069080102
19775,522510270,74360,522584630,0,0,0,9728,6,110262573
19776,522637751,43904,522681655,9,0,0,512,5,179344625
19777,522904160,4850,522909010,0,0,1,5120,6,2813872623
19778,523144540,47444,523191984,0,0,0,2048,6,9296052411
19779,523153400,73448,523226848,0,0,0,11776,6,3887329069
19780,523196070,2946,523199016,0,0,1,3072,6,1225097319
19781,523348610,566,523349176,0,0,1,512,6,2374646426
19782,523357971,43904,523401875,9,0,0,512,5,6379752460
19783,523389280,2946,523392226,0,0,1,3072,6,5871735071
19784,523504550,6278,523510828,0,0,1,6656,6,4249669693
19785,523649220,117728,523766948,0,0,0,86528,6,3189597876
19786,523677470,566,523678036,0,0,1,512,6,2701443821
19787,523723470,99770,523823240,0,0,0,22016,6,3866882377
19788,523769360,103220,523872580,0,0,0,38912,6,8564642187
19789,523785251,43904,523829155,9,0,0,512,5,2211384600
19790,523810841,65741,523876582,9,0,0,512,5,4713043432
19791,523989811,43904,524033715,9,0,0,512,5,7943405740
19792,524073780,4374,524078154,0,0,1,4608,6,701044487
19793,524083411,45596,524129007,9,0,0,1024,5,10260015455
19794,524143941,43904,524187845,9,0,0,512,5,10346077760
19795,524148180,4374,524152554,0,0,1,4608,6,10567433776
19796,524187800,2983,524190783,0,0,1,3072,6,3357128313
19797,524305230,100632,524405862,0,0,0,29696,6,6606226934
19798,524346060,3898,524349958,0,0,1,4096,6,1294511717
19799,524418780,94376,524513156,0,0,0,19968,6,4731977344
19800,524434721,3422,524438143,5,0,1,3584,19,1271078432
19801,524466210,47117,524513327,0,0,0,512,6,8793588172
19802,524528960,61760,524590720,0,0,0,8704,6,1906323386
19803,524632630,566,524633196,0,0,1,512,6,8284080557
19804,524728331,48980,524777311,9,0,0,2048,5,8408336757
19805,524782291,45596,524827887,9,0,0,1024,5,6537068585
19806,524935290,48980,524984270,0,0,0,2048,6,7107298668
19807,524990750,1994,524992744,0,0,1,2048,6,8383477926
19808,525127890,117884,525245774,0,0,0,87040,6,9106363666
19809,525137210,154128,525291338,0,0,0,75264,6,9784115248
19810,525215450,102210,525317660,0,0,0,14336,6,1472191348
19811,525278480,66906,525345386,0,0,0,3584,6,938400454
19812,525420230,102596,525522826,0,0,0,36864,6,2934992453
19813,525424741,52364,525477105,9,0,0,3072,5,2363345890
19814,525599780,98228,525698008,0,0,0,22528,6,3346885758
19815,525619581,45596,525665177,9,0,0,1024,5,10385463904
19816,525894221,43904,525938125,9,0,0,512,5,7284054046
19817,525955731,45596,526001327,9,0,0,1024,5,9172962938
19818,526102040,54212,526156252,0,0,0,4096,6,8136429461
19819,526222351,48980,526271331,9,0,0,2048,5,1674404525
19820,526365951,45596,526411547,9,0,0,1024,5,766183477
19821,526471680,5326,526477006,0,0,1,5632,6,5799745227
19822,526547310,1518,526548828,0,0,1,1536,6,5095941402
19823,526557450,3904,526561354,0,0,1,10752,6,2861076997
19824,526599220,100880,526700100,0,0,0,31232,6,5931194348
19825,526939231,43904,526983135,9,0,0,512,5,6659875168
19826,526972760,6229,526978989,0,0,1,15360,6,1971636891
19827,527024931,58720,527083651,9,0,0,1024,5,5878452227
19828,527088280,99320,527187600,0,0,0,26112,6,10387142283
19829,527105910,5326,527111236,0,0,1,5632,6,8081656399
19830,527135700,62516,527198216,0,0,0,6144,6,8302256188
19831,527153390,5712,527159102,0,0,1,14336,6,1071061982
19832,527344231,4374,527348605,5,0,1,4608,19,1964102936
19833,527575730,81752,527657482,0,0,0,13824,6,9602114232
19834,527617260,99008,527716268,0,0,0,25088,6,9185319153
19835,527705720,106496,527812216,0,0,0,49664,6,7214516568
19836,527833990,105872,527939862,0,0,0,47616,6,4106584557
19837,528008120,106808,528114928,0,0,0,50688,6,635372309
19838,528176960,125528,528302488,0,0,0,112128,6,5907719387
19839,528220080,3387,528223467,0,0,1,9728,6,3782272634
19840,528224280,118529,528342809,0,0,0,4096,6,530330590
19841,528265241,68796,528334037,9,0,0,512,5,2505713794
19842,528335391,45596,528380987,9,0,0,1024,5,995784953
19843,528336200,171349,528507549,0,0,0,85504,6,5939171503
19844,528370881,43904,528414785,9,0,0,512,5,9196233254
19845,528411950,4420,528416370,0,0,1,11776,6,6037977269
19846,528442731,72018,528514749,9,0,0,1024,5,324684265
19847,528471790,1518,528473308,0,0,1,1536,6,8038168231
19848,528658360,5802,528664162,0,0,1,6144,6,6440501371
19849,528682971,7230,528690201,5,0,1,7680,19,7489005118
19850,528768181,5802,528773983,5,0,1,6144,19,3559815229
19851,528869491,43904,528913395,9,0,0,512,5,6157458732
19852,528888720,100568,528989288,0,0,0,30208,6,1018338247
19853,529179361,48980,529228341,9,0,0,2048,5,4711450754
19854,529252990,2946,529255936,9,0,1,3072,5,9188589168
19855,529293321,170914,529464235,9,0,0,30720,5,6207383896
19856,529348911,79148,529428059,9,0,0,15360,5,4160582933
19857,529504230,2946,529507176,9,0,1,3072,5,4757223252
19858,529705201,63608,529768809,9,0,0,9728,5,10132075439
19859,529813271,48980,529862251,9,0,0,2048,5,2824292571
19860,529862670,3387,529866057,9,0,1,9728,5,10076556633
19861,529968571,112892,530081463,9,0,0,70656,5,9504175990
19862,529971720,7230,529978950,9,0,1,7680,5,3185293833
19863,530003920,4162,530008082,9,0,1,11264,5,7866641658
19864,530012870,101840,530114710,0,0,0,1024,6,493171469
19865,530112880,47058,530159938,0,0,0,1024,6,8280143267
19866,530142431,96872,530239303,9,0,0,28160,5,7874914820
19867,530160650,5326,530165976,9,0,1,5632,5,8890235645
19868,530217240,2470,530219710,9,0,1,2560,5,7232547997
19869,530234181,91810,530325991,9,0,0,19968,5,4120844709
19870,530322271,95172,530417443,9,0,0,20480,5,4196122386
19871,530325460,2542,530328002,9,0,1,2048,5,1374701564
19872,530351340,3898,530355238,9,0,1,4096,5,9164561067
19873,530638051,66836,530704887,9,0,0,10240,5,6465913143
19874,530754101,110708,530864809,9,0,0,63488,5,5557388633
19875,530819561,138116,530957677,9,0,0,68608,5,9848592043
19876,530941950,59623,531001573,0,0,0,512,6,6501810816
19877,531090941,94712,531185653,9,0,0,26112,5,1586283715
19878,531146921,132842,531279763,9,0,0,107008,5,9020749600
19879,531525570,43904,531569474,0,0,0,512,6,8177828494
19880,531779410,10241,531789651,9,0,1,16384,5,573964325
19881,531784581,50672,531835253,9,0,0,2560,5,1352199375
19882,531995791,5802,532001593,5,0,1,6144,19,6626768730
19883,532348891,68372,532417263,9,0,0,10240,5,8821001677
19884,532437320,43904,532481224,0,0,0,512,6,10530868543
19885,532844120,43904,532888024,0,0,0,512,6,2216541148
19886,532852581,208688,533061269,9,0,0,223744,5,2875512808
19887,532976220,85376,533061596,0,0,0,1024,6,9965072830
19888,533040560,66624,533107184,0,0,0,1024,6,6318655806
19889,533087650,43904,533131554,0,0,0,512,6,2136858410
19890,533122961,54056,533177017,9,0,0,3584,5,311463445
19891,533359470,52364,533411834,0,0,0,3072,6,8790568732
19892,533491451,1994,533493445,5,0,1,2048,19,5747306487
19893,533525991,64988,533590979,9,0,0,9216,5,29160851
19894,533718791,1042,533719833,5,0,1,1024,19,3546647935
19895,533836091,79275,533915366,9,0,0,8704,5,3536767336
19896,533999720,50672,534050392,0,0,0,2560,6,3234113370
19897,534017741,119741,534137482,9,0,0,60416,5,6745868602
19898,534088920,69109,534158029,0,0,0,2048,6,9455345742
19899,534308581,119600,534428181,9,0,0,92672,5,2083805551
19900,534352940,92545,534445485,0,0,0,1024,6,7413821790
19901,534853320,45596,534898916,0,0,0,1024,6,10249273701
19902,534900111,43904,534944015,9,0,0,512,5,5204184180
19903,534957201,43904,535001105,9,0,0,512,5,916910558
19904,535021220,45596,535066816,0,0,0,1024,6,3607136851
19905,535077710,48980,535126690,0,0,0,2048,6,2363251807
19906,535168530,57440,535225970,0,0,0,4608,6,3551173104
19907,535236430,52364,535288794,0,0,0,3072,6,6682820358
19908,535432061,43904,535475965,9,0,0,512,5,3912234438
19909,535451041,52364,535503405,9,0,0,3072,5,2529224216
19910,535880790,43904,535924694,0,0,0,512,6,8647814279
19911,535997380,47288,536044668,0,0,0,1536,6,1465464306
19912,536070780,45596,536116376,0,0,0,1024,6,9432380750
19913,536264830,43904,536308734,0,0,0,512,6,3978991312
19914,536436621,5802,536442423,5,0,1,6144,19,4897190568
19915,536488980,43904,536532884,0,0,0,512,6,1873564166
19916,536745241,1518,536746759,5,0,1,1536,19,7583554900
19917,537115340,52364,537167704,0,0,0,3072,6,4124100408
19918,537228481,3645,537232126,5,0,1,10240,19,3912339733
19919,537304320,43904,537348224,0,0,0,512,6,5997747675
19920,537315411,1994,537317405,5,0,1,2048,19,3578238812
19921,537418951,6278,537425229,5,0,1,6656,19,951540318
19922,537501860,50828,537552688,0,0,0,3072,6,3035925982
19923,537519151,566,537519717,5,0,1,512,19,10672990135
19924,537667600,48980,537716580,0,0,0,2048,6,286035232
19925,537712850,43904,537756754,5,0,0,512,19,5032219758
19926,537822100,47288,537869388,0,0,0,1536,6,10153065353
19927,537834140,65900,537900040,5,0,0,7168,19,3350020869
19928,537848540,43904,537892444,0,0,0,512,6,7180443999
19929,537913690,54680,537968370,5,0,0,5632,19,6711364374
19930,538003420,43904,538047324,0,0,0,512,6,10611034895
19931,538024981,3898,538028879,5,0,1,4096,19,9363594786
19932,538075480,5196,538080676,0,0,1,13312,6,2691336102
19933,538081380,218053,538299433,5,0,0,11776,19,5539141793
19934,538087261,1994,538089255,5,0,1,2048,19,7981203571
19935,538117710,50672,538168382,0,0,0,2560,6,9756513473
19936,538138191,3422,538141613,5,0,1,3584,19,10712272162
19937,538138360,45695,538184055,0,0,0,512,6,3362999727
19938,538159470,142466,538301936,0,0,0,2560,6,8526782516
19939,538179540,43904,538223444,0,0,0,512,6,10441489854
19940,538245621,1994,538247615,5,0,1,2048,19,6414506128
19941,538273381,4374,538277755,5,0,1,4608,19,6299834756
19942,538414750,45596,538460346,0,0,0,1024,6,9095638277
19943,538444290,43904,538488194,0,0,0,512,6,9291617445
19944,538488100,2080,538490180,0,0,1,2048,6,7589852272
19945,538490311,7230,538497541,5,0,1,7680,19,6235828734
19946,538515790,216516,538732306,5,0,0,25088,19,3082983714
19947,538578530,47444,538625974,0,0,0,2048,6,7372344092
19948,538607790,61916,538669706,5,0,0,9216,19,1035706261
19949,538650350,1994,538652344,0,0,1,2048,6,2593977585
19950,538670220,3645,538673865,0,0,1,10240,6,6480538624
19951,538675160,148670,538823830,5,0,0,71168,19,9924479315
19952,538779860,5802,538785662,0,0,1,6144,6,9183783943
19953,538844290,43904,538888194,0,0,0,512,6,9944793000
19954,538849940,104000,538953940,5,0,0,41472,19,6246931978
19955,538867700,100568,538968268,5,0,0,30208,19,3980223152
19956,538933410,50362,538983772,0,0,0,1024,6,7566601488
19957,538965901,5305,538971206,5,0,1,3072,19,1259452857
19958,538983470,98678,539082148,5,0,0,23040,19,1820653015
19959,539039150,43904,539083054,0,0,0,512,6,9799784072
19960,539051240,72968,539124208,5,0,0,2560,19,137338044
19961,539074620,7543,539082163,0,0,1,2048,6,6334612607
19962,539100100,2946,539103046,0,0,1,3072,6,1118842602
19963,539176971,3645,539180616,5,0,1,10240,19,8084502122
19964,539201381,12566,539213947,5,0,1,20992,19,4950152238
19965,539253361,4850,539258211,5,0,1,5120,19,7317958524
19966,539266000,1994,539267994,0,0,1,2048,6,7080164020
19967,539426790,3645,539430435,0,0,1,10240,6,2618341085
19968,539506290,47288,539553578,0,0,0,1536,6,4668162228
19969,539590990,56684,539647674,5,0,0,7168,19,9110174100
19970,539611461,2946,539614407,5,0,1,3072,19,7000773730
19971,539715220,5326,539720546,0,0,1,5632,6,499792375
19972,539722661,6754,539729415,5,0,1,7168,19,6220242229
19973,539794991,12049,539807040,5,0,1,19968,19,7609450961
19974,539812391,5802,539818193,5,0,1,6144,19,7590073620
19975,539961860,47288,540009148,0,0,0,1536,6,8649350819
19976,540013590,2470,540016060,0,0,1,2560,6,3825077648
19977,540081440,70976,540152416,5,0,0,8704,19,5873142111
19978,540369171,4850,540374021,5,0,1,5120,19,9616345977
19979,540449831,2870,540452701,5,0,1,8704,19,2992551758
19980,540489830,98384,540588214,5,0,0,23040,19,9771952335
19981,540544360,91764,540636124,5,0,0,12800,19,8772165096
19982,540575620,70976,540646596,5,0,0,8704,19,10595550884
19983,540586731,4421,540591152,5,0,1,3072,19,10484798863
19984,540663640,82197,540745837,5,0,0,17408,19,8385372911
19985,540681830,58688,540740518,5,0,0,8704,19,416179000
19986,540778721,3422,540782143,5,0,1,3584,19,1435624643
19987,540959070,106964,541066034,5,0,0,51200,19,6416133291
19988,541013871,4420,541018291,5,0,1,11776,19,5230744236
19989,541055191,17589,541072780,5,0,1,7168,19,5223189027
19990,541076810,45596,541122406,5,0,0,1024,19,5730406206
19991,541191220,52364,541243584,5,0,0,3072,19,1827173732
19992,541238920,45596,541284516,5,0,0,1024,19,1181162545
19993,541321390,55748,541377138,5,0,0,4096,19,6972891647
19994,541324970,47288,541372258,5,0,0,1536,19,327320379
19995,541442441,12566,541455007,5,0,1,20992,19,7588162324
19996,541551790,43904,541595694,5,0,0,512,19,58439640
19997,541598541,1518,541600059,5,0,1,1536,19,3273356135
19998,541947411,3898,541951309,5,0,1,4096,19,1686372000
19999,542104400,43904,542148304,5,0,0,512,19,9224452338
