RequestID,ArrivalTime,DelayTime,FinishTime,InitiatorID,TargetID,IOType,Size,VolumeID,Offset
0,0,33762,33762,0,0,1,58880,2,1903761093
1,1,297308,297309,0,3,0,353280,35,394791598
2,2,4937,4939,0,4,1,12800,28,9489455265
3,3,14029,14032,0,5,1,27136,48,10525235328
4,4,111956,111960,0,1,0,67584,37,452148927
5,5,1994,1999,0,6,1,2048,28,7205337422
6,6,7706,7712,0,7,1,8192,37,1471756659
7,7,14804,14811,0,8,1,28672,40,8629092181
8,8,23983,23991,0,9,1,39936,3,4796178586
9,9,7230,7239,0,2,1,7680,41,6310699932
10,64799,33075,97874,0,8,1,54272,40,7248153258
11,97582,3422,101004,0,9,1,3584,3,539677198
12,100087,5712,105799,0,0,1,14336,2,7453547257
13,142445,2946,145391,0,6,1,3072,28,457739499
14,162231,3422,165653,0,7,1,3584,37,7463574301
15,166655,4162,170817,0,6,1,11264,28,9553071085
16,237429,105404,342833,0,1,0,46080,37,3057047805
17,271146,32816,303962,0,4,1,53760,28,5982228103
18,281871,116829,398700,0,1,1,194048,37,5455860785
19,304750,12049,316799,0,7,1,19968,37,5194818716
20,333538,6488,340026,0,8,1,15872,40,10462019716
21,338128,6783,344911,0,8,1,15872,40,9458146275
22,374490,16096,390586,0,0,1,31232,2,2708709024
23,379318,392636,771954,0,5,0,504832,48,7560606412
24,409268,3904,413172,0,7,1,10752,37,3822638141
25,413984,4937,418921,0,0,1,12800,2,5206963070
26,414544,23983,438527,0,9,1,39936,3,9262194209
27,439430,13341,452771,0,4,1,22528,28,7266107523
28,459415,128496,587911,0,7,0,107008,37,5584624548
29,525516,21399,546915,0,2,1,34816,41,10388599366
30,569665,7706,577371,0,4,1,8192,28,1516826983
31,616920,16613,633533,0,0,1,32256,2,9657945434
32,650710,155924,806634,0,2,0,141312,41,7547430039
33,688181,196832,885013,0,3,0,184832,35,3030756195
34,715791,13341,729132,0,2,1,22528,41,3781129028
35,716753,4374,721127,0,0,1,4608,2,4849787761
36,743525,394040,1137565,0,2,0,509440,41,7323288025
37,779238,13600,792838,0,4,1,23040,28,3535979078
38,815726,213992,1029718,0,9,0,241152,3,6493899597
39,828932,24670,853602,0,9,1,44544,3,8326587722
40,840647,566,841213,0,0,1,512,2,3573212554
41,840911,122252,963163,0,1,0,101376,37,2654294466
42,887864,173159,1061023,0,1,0,122880,37,2193387783
43,899834,4420,904254,0,4,1,11776,28,7082753705
44,939326,24412,963738,0,4,1,44032,28,1482998928
45,939349,5196,944545,0,0,1,13312,2,5357089770
46,946213,16096,962309,0,7,1,31232,37,6472869956
47,996085,249241,1245326,0,2,0,53760,41,8929384502
48,998215,12995,1011210,0,4,1,25088,28,9032902496
49,1018368,113984,1132352,0,5,0,74240,48,3471550100
50,1025497,251491,1276988,0,5,0,226304,48,2061340561
51,1042690,386002,1428692,0,2,0,104960,41,1026848742
52,1057273,134684,1191957,0,3,0,132096,35,8093031710
53,1085447,204320,1289767,0,7,0,209408,37,4701093751
54,1151277,5712,1156989,0,7,1,14336,37,516134678
55,1176478,385918,1562396,0,2,0,382464,41,9564574246
56,1229228,3128,1232356,0,0,1,9216,2,1442565236
57,1234806,143612,1378418,0,1,0,136192,37,9623300693
58,1286803,3904,1290707,0,2,1,10752,41,641103686
59,1334833,34108,1368941,0,7,1,56320,37,5260954312
60,1417748,5802,1423550,0,8,1,6144,40,6377908925
61,1421623,96837,1518460,0,1,1,161792,37,3217898062
62,1441942,208688,1650630,0,2,0,223744,41,1673448330
63,1457076,12737,1469813,0,8,1,24576,40,5024677908
64,1473889,91386,1565275,0,2,1,8704,41,8974563569
65,1501710,3904,1505614,0,8,1,10752,40,5082867557
66,1536050,35236,1571286,0,2,1,15360,41,192099094
67,1538803,101348,1640151,0,3,0,32768,35,9921535687
68,1556348,32558,1588906,0,8,1,53248,40,10422353797
69,1566414,6498,1572912,0,2,1,2560,41,2111233272
70,1612197,105092,1717289,0,5,0,45056,48,3500647297
71,1621397,3645,1625042,0,6,1,10240,28,6332859601
72,1635034,94268,1729302,0,2,0,13824,41,5658138840
73,1671940,147416,1819356,0,2,0,81408,41,2271519687
74,1685747,101660,1787407,0,9,0,33792,3,4832564392
75,1691669,2470,1694139,0,8,1,2560,40,1696331276
76,1701796,1042,1702838,0,6,1,1024,28,8798797890
77,1734687,1994,1736681,0,0,1,2048,2,1523958631
78,1743950,98696,1842646,0,5,0,24064,48,7026968189
79,1745934,20366,1766300,0,6,1,32768,28,3513801338
80,1755768,32558,1788326,0,7,1,53248,37,773700940
81,1760198,128024,1888222,0,9,0,120320,3,5295863897
82,1773105,443258,2216363,0,7,0,445440,37,5564229416
83,1789795,1518,1791313,0,0,1,1536,2,2490098366
84,1850047,4374,1854421,0,2,1,4608,41,4760522499
85,1868928,145460,2014388,0,2,0,137216,41,8363896532
86,1900873,41908,1942781,0,1,1,68096,37,4735112119
87,1915600,124904,2040504,0,5,0,110080,48,8376207687
88,1933082,3904,1936986,0,4,1,10752,28,8074470175
89,1947384,4420,1951804,0,8,1,11776,40,8371655015
90,1949428,4679,1954107,0,0,1,12288,2,5566029071
91,1968623,81152,2049775,0,2,0,16896,41,969127754
92,1998432,5802,2004234,0,6,1,6144,28,10398018298
93,2021946,212216,2234162,0,7,0,58368,37,10559729682
94,2082730,2870,2085600,0,6,1,8704,28,9587299183
95,2103176,146528,2249704,0,1,0,135680,37,1827117428
96,2115395,136376,2251771,0,9,0,132608,3,9019640159
97,2138426,1518,2139944,0,0,1,1536,2,4432699492
98,2145996,5971,2151967,0,4,1,14848,28,8731725135
99,2192545,92593,2285138,0,7,0,3584,37,10291736694
100,2312206,2946,2315152,0,6,1,3072,28,272510899
101,2339023,2946,2341969,0,4,1,3072,28,3487462182
102,2401789,372512,2774301,0,1,0,438784,37,7591555774
103,2416180,2946,2419126,0,6,1,3072,28,6933730150
104,2518771,1042,2519813,0,6,1,1024,28,1683002788
105,2588178,101036,2689214,0,9,0,31744,3,4009590474
106,2594182,86360,2680542,0,2,0,13824,41,10561231265
107,2657727,12049,2669776,0,6,1,19968,28,3779065889
108,2682366,189540,2871906,0,1,1,163328,37,5908955215
109,2738516,104000,2842516,0,9,0,41472,3,6576437707
110,2764979,167123,2932102,0,9,0,107520,3,4192179166
111,2818726,51774,2870500,0,2,1,83968,41,3769045388
112,2836736,3387,2840123,0,8,1,9728,40,1612591747
113,2850662,7706,2858368,0,6,1,8192,28,3347050090
114,2850839,7888,2858727,0,6,1,9728,28,1109440219
115,2862048,454529,3316577,0,1,0,275968,37,5432177494
116,2867396,2470,2869866,0,7,1,2560,37,581290293
117,2869233,1518,2870751,0,8,1,1536,40,4034118645
118,2869405,157329,3026734,0,1,1,259584,37,10485684496
119,2875168,493684,3368852,0,1,0,171520,37,6934729271
120,2879992,161525,3041517,0,2,0,113152,41,7314144796
121,2948711,104866,3053577,0,1,1,95744,37,7788397673
122,2957732,1518,2959250,0,0,1,1536,2,1668329603
123,3055268,3387,3058655,0,7,1,9728,37,10561623553
124,3057916,4937,3062853,0,8,1,12800,40,9493009107
125,3105619,118820,3224439,0,9,0,90112,3,9882937692
126,3188217,4679,3192896,0,7,1,12288,37,10427210662
127,3238335,2946,3241281,0,7,1,3072,37,9514983251
128,3271697,12995,3284692,0,8,1,25088,40,1738014358
129,3283650,117260,3400910,0,3,0,84992,35,5810740770
130,3284799,199172,3483971,0,2,0,192512,41,3680102543
131,3286268,23120,3309388,0,0,1,41472,2,3847592645
132,3286819,294344,3581163,0,5,0,343552,48,2789789242
133,3331249,444422,3775671,0,5,0,208384,48,9793369795
134,3409615,12825,3422440,0,7,1,21504,37,8147185268
135,3438032,211801,3649833,0,5,0,174592,48,3037876500
136,3459513,14287,3473800,0,7,1,27648,37,2834940394
137,3492139,3645,3495784,0,0,1,10240,2,10553454496
138,3728332,30749,3759081,0,1,1,49664,37,7667231092
139,3757006,248552,4005558,0,7,0,273920,37,10458299668
140,3759332,122649,3881981,0,1,1,198656,37,4277606745
141,3789510,23637,3813147,0,8,1,42496,40,3247196241
142,3790318,29550,3819868,0,8,1,24064,40,1149720925
143,3813663,290600,4104263,0,2,0,331264,41,1670627637
144,3920031,109148,4029179,0,7,0,58368,37,611033481
145,3937670,192932,4130602,0,3,0,172032,35,9663137645
146,3970054,21399,3991453,0,6,1,34816,28,6308039051
147,3989076,116636,4105712,0,5,0,82944,48,10565291919
148,4038388,2470,4040858,0,7,1,2560,37,450421746
149,4150947,295904,4446851,0,7,0,348672,37,1245536281
150,4155726,7230,4162956,0,8,1,7680,40,8294851462
151,4215756,130988,4346744,0,2,0,130048,41,9784436935
152,4266508,99788,4366296,0,9,0,27648,3,8847828371
153,4297911,43628,4341539,0,3,1,74752,35,4404124561
154,4480471,31524,4511995,0,6,1,51200,28,6659864910
155,4518551,207596,4726147,0,7,0,220160,37,7026925610
156,4616812,7230,4624042,0,6,1,7680,28,4245724759
157,4737932,16613,4754545,0,7,1,32256,37,3959322741
158,4767598,3128,4770726,0,9,1,9216,3,2039927836
159,4784397,31783,4816180,0,7,1,51712,37,3198845562
160,4903078,2470,4905548,0,7,1,2560,37,1393249001
161,4978666,10499,4989165,0,2,1,16896,41,9494718361
162,4990843,195428,5186271,0,7,0,180224,37,8171678909
163,4997237,5971,5003208,0,7,1,14848,37,3580059246
164,5034079,11274,5045353,0,6,1,18432,28,10693628117
165,5047092,5971,5053063,0,6,1,14848,28,6707830925
166,5113181,116168,5229349,0,1,0,81408,37,4376343609
167,5187314,42941,5230255,0,8,1,70144,40,2808485314
168,5194707,10499,5205206,0,2,1,16896,41,1669468445
169,5287110,23983,5311093,0,8,1,39936,40,7652964632
170,5377798,11533,5389331,0,2,1,18944,41,8068199364
171,5400534,23378,5423912,0,2,1,41984,41,4621469772
172,5429095,4850,5433945,0,8,1,5120,40,5894801190
173,5594958,5454,5600412,0,8,1,13824,40,7631444787
174,5711822,3904,5715726,0,6,1,10752,28,6875276335
175,5718168,101192,5819360,0,1,0,32256,37,7600710687
176,5732803,6229,5739032,0,2,1,15360,41,7713075981
177,5776314,138872,5915186,0,1,0,118784,37,6214009343
178,5780638,42166,5822804,0,4,1,68608,28,5307564043
179,5883154,183020,6066174,0,5,0,154624,48,4197800193
180,5939202,50672,5989874,0,3,0,2560,35,489570179
181,5949570,35312,5984882,0,6,1,61952,28,8527607966
182,6042837,26479,6069316,0,8,1,48128,40,4377785768
183,6085419,126308,6211727,0,9,0,114688,3,2637654396
184,6206765,198860,6405625,0,5,0,191488,48,2739906075
185,6247540,6278,6253818,0,4,1,6656,28,3868110956
186,6302680,389553,6692233,0,5,0,403968,48,9164316705
187,6340971,43904,6384875,0,3,0,512,35,3459253448
188,6373784,373391,6747175,0,5,0,71168,48,3618188801
189,6413302,289196,6702498,0,2,0,326656,41,8608623054
190,6529697,52988,6582685,0,3,0,5120,35,7503421591
191,6538026,179931,6717957,0,2,0,50688,41,8996709466
192,6545399,180077,6725476,0,5,0,109056,48,8299749420
193,6656452,48980,6705432,0,7,0,2048,37,2561244489
194,6779146,20366,6799512,0,6,1,32768,28,3581134655
195,6832996,130208,6963204,0,1,0,127488,37,9973694403
196,6837580,32558,6870138,0,4,1,53248,28,4811037337
197,6837825,152379,6990204,0,1,0,54784,37,9509725720
198,6912666,3387,6916053,0,4,1,9728,28,9420622097
199,7074406,100100,7174506,0,1,0,28672,37,2421945783
200,7086704,298244,7384948,0,2,0,356352,41,5701666034
201,7106465,62516,7168981,0,7,0,6144,37,3354161711
202,7119899,117884,7237783,0,5,0,87040,48,10058251206
203,7127563,107195,7234758,0,1,0,22528,37,7223020270
204,7216813,3422,7220235,0,2,1,3584,41,4506622177
205,7230803,1042,7231845,0,4,1,1024,28,7708116659
206,7293826,111488,7405314,0,1,0,66048,37,136522765
207,7370235,47288,7417523,0,7,0,1536,37,3639641535
208,7400672,57908,7458580,0,7,0,6144,37,5206995925
209,7415455,129584,7545039,0,1,0,125440,37,5297053496
210,7421318,12825,7434143,0,4,1,21504,28,189103049
211,7426721,45752,7472473,0,3,0,1536,35,3606072765
212,7466126,405973,7872099,0,1,0,415232,37,6298171348
213,7548442,50672,7599114,0,7,0,2560,37,4114933515
214,7550331,12737,7563068,0,7,1,24576,37,7427882542
215,7587788,43904,7631692,0,3,0,512,35,8217486222
216,7605938,74828,7680766,0,9,0,11264,3,4018120539
217,7637331,50672,7688003,0,7,0,2560,37,10728079520
218,7658015,232039,7890054,0,1,0,58880,37,10396728667
219,7679315,192659,7871974,0,9,0,166400,3,8873746576
220,7784116,13858,7797974,0,6,1,23552,28,15589130
221,7816801,47288,7864089,0,7,0,1536,37,3780738639
222,7825038,108912,7933950,0,1,0,512,37,2126557224
223,7971345,25704,7997049,0,3,1,46592,35,5142767474
224,8016422,114608,8131030,0,9,0,76288,3,7883211724
225,8031776,1994,8033770,0,6,1,2048,28,3965130431
226,8038407,91640,8130047,0,5,0,26112,48,10160011747
227,8046736,14117,8060853,0,4,1,24064,28,5317000166
228,8131466,47288,8178754,0,7,0,1536,37,2067926741
229,8136380,1042,8137422,0,3,1,1024,35,7999676795
230,8137215,6278,8143493,0,3,1,6656,35,9408259326
231,8178102,47288,8225390,0,3,0,1536,35,4908878250
232,8239273,120380,8359653,0,5,0,95232,48,8672109093
233,8250711,43904,8294615,0,7,0,512,37,5726747062
234,8250916,62155,8313071,0,7,0,5632,37,4989986469
235,8305774,45596,8351370,0,7,0,1024,37,8566367855
236,8316997,40874,8357871,0,6,1,66048,28,2647211319
237,8370994,10499,8381493,0,4,1,16896,28,1919599783
238,8524921,111800,8636721,0,5,0,67072,48,8721831610
239,8538857,14287,8553144,0,6,1,27648,28,7635311014
240,8542809,21141,8563950,0,2,1,34304,41,8401831711
241,8550808,156287,8707095,0,5,0,65024,48,3152745731
242,8613639,198860,8812499,0,1,0,191488,37,2917292322
243,8680961,6278,8687239,0,6,1,6656,28,3039161850
244,8728623,573338,9301961,0,1,0,708608,37,2430776711
245,8739592,25962,8765554,0,3,1,47104,35,7483049729
246,8816556,43904,8860460,0,7,0,512,37,28468134
247,8892757,7230,8899987,0,2,1,7680,41,5049035522
248,8898144,15837,8913981,0,2,1,30720,41,7390818228
249,8957347,26479,8983826,0,4,1,48128,28,4548835498
250,8996741,10241,9006982,0,2,1,16384,41,6775589098
251,9037736,14287,9052023,0,0,1,27648,2,8916338174
252,9071383,11791,9083174,0,4,1,19456,28,5590160109
253,9197720,51296,9249016,0,7,0,4608,37,1713394939
254,9364206,129740,9493946,0,9,0,125952,3,5461641577
255,9407128,1994,9409122,0,4,1,2048,28,5817530931
256,9528067,3422,9531489,0,6,1,3584,28,126938785
257,9528600,14466,9543066,0,6,1,23552,28,6600730539
258,9537927,6112,9544039,0,6,1,12800,28,10417204130
259,9663371,10499,9673870,0,4,1,16896,28,8715890943
260,9701250,103376,9804626,0,1,0,39424,37,4448413477
261,9715186,459194,10174380,0,9,0,540672,3,2558371318
262,9743167,109928,9853095,0,5,0,60928,48,4333531947
263,9746258,47288,9793546,0,7,0,1536,37,7652954227
264,9755740,14117,9769857,0,2,1,24064,41,1510444267
265,9760782,47600,9808382,0,7,0,2560,37,7235591514
266,9785104,47288,9832392,0,7,0,1536,37,7921175828
267,9828739,11016,9839755,0,2,1,17920,41,8589619624
268,9858411,334856,10193267,0,5,0,400896,48,5558698659
269,9872587,324272,10196859,0,9,0,73728,3,4157444998
270,9940938,45696,9986634,0,2,1,78848,41,8846493687
271,9972225,19798,9992023,0,2,1,25600,41,2943056257
272,9977070,36595,10013665,0,2,1,55296,41,1488890791
273,9993798,34367,10028165,0,3,1,56832,35,2285861859
274,10039625,96912,10136537,0,3,0,3584,35,8010758303
275,10051322,7230,10058552,0,0,1,7680,2,1512304233
276,10067499,13083,10080582,0,0,1,22016,2,9907561609
277,10071564,32987,10104551,0,2,1,57344,41,2936713351
278,10126405,566,10126971,0,6,1,512,28,1285345488
279,10137034,4679,10141713,0,4,1,12288,28,9819331963
280,10160344,2946,10163290,0,6,1,3072,28,2470757615
281,10164126,131421,10295547,0,9,0,24064,3,5035884083
282,10192946,47288,10240234,0,3,0,1536,35,4031701907
283,10198518,102440,10300958,0,5,0,36352,48,8154814646
284,10260488,13341,10273829,0,0,1,22528,2,4687748661
285,10261941,378312,10640253,0,9,0,448512,3,4674423537
286,10313340,25962,10339302,0,2,1,47104,41,2309040764
287,10361722,65900,10427622,0,7,0,7168,37,5973812202
288,10373272,13600,10386872,0,4,1,23040,28,9182050921
289,10393638,7706,10401344,0,4,1,8192,28,6789255669
290,10401805,51140,10452945,0,7,0,4096,37,10121223862
291,10473295,33762,10507057,0,3,1,58880,35,692086406
292,10538500,34108,10572608,0,3,1,56320,35,1279518178
293,10553215,54056,10607271,0,7,0,3584,37,1389879363
294,10557318,52364,10609682,0,7,0,3072,37,8167870595
295,10667850,35054,10702904,0,2,1,61440,41,3704758858
296,10719607,89144,10808751,0,5,0,17920,48,3092895012
297,10849027,103064,10952091,0,1,0,38400,37,10030505042
298,10922422,96512,11018934,0,1,0,16896,37,1558305727
299,11053041,4850,11057891,0,2,1,5120,41,9810056998
300,11093033,2946,11095979,0,6,1,3072,28,2943973487
301,11093965,47288,11141253,0,7,0,1536,37,9070739873
302,11096058,6488,11102546,0,6,1,15872,28,1523055783
303,11131060,1042,11132102,0,8,1,1024,40,4383640612
304,11172901,25187,11198088,0,8,1,45568,40,9581601189
305,11214185,10499,11224684,0,2,1,16896,41,2337912157
306,11219883,11533,11231416,0,4,1,18944,28,9832811313
307,11228620,24154,11252774,0,2,1,43520,41,5956660486
308,11233791,24987,11258778,0,2,1,28672,41,892340950
309,11239704,19433,11259137,0,2,1,9728,41,4187035428
310,11270061,566,11270627,0,3,1,512,35,1075287247
311,11339884,59756,11399640,0,3,0,7168,35,6710761907
312,11362944,7230,11370174,0,8,1,7680,40,5641600834
313,11373421,64364,11437785,0,3,0,7168,35,10312156718
314,11386734,502502,11889236,0,9,0,637440,3,7810048307
315,11387175,97448,11484623,0,5,0,19968,48,1809908798
316,11394529,13858,11408387,0,3,1,23552,35,4950767234
317,11532372,5802,11538174,0,8,1,6144,40,2551410114
318,11541926,11274,11553200,0,4,1,18432,28,6169524498
319,11592022,1994,11594016,0,4,1,2048,28,3318495113
320,11726207,20624,11746831,0,6,1,33280,28,5223438838
321,11748799,3904,11752703,0,8,1,10752,40,506761463
322,11789364,54617,11843981,0,6,1,89600,28,8445059574
323,11792351,11274,11803625,0,8,1,18432,40,4782577269
324,11881515,380468,12261983,0,1,0,464896,37,30285101
325,11921654,2470,11924124,0,4,1,2560,28,6243589536
326,11948307,3645,11951952,0,6,1,10240,28,9480976882
327,11953499,23725,11977224,0,2,1,39424,41,4173487050
328,11971477,23120,11994597,0,2,1,41472,41,6768197895
329,12126667,148220,12274887,0,9,0,136192,3,3560479925
330,12199905,74360,12274265,0,7,0,9728,37,6618817418
331,12212684,2470,12215154,0,4,1,2560,28,1736148591
332,12371747,57440,12429187,0,3,0,4608,35,4541609138
333,12372939,2470,12375409,0,8,1,2560,40,495857901
334,12662913,52364,12715277,0,3,0,3072,35,1993505226
335,12788568,3387,12791955,0,6,1,9728,28,747337553
336,12802369,3387,12805756,0,6,1,9728,28,8876588815
337,12923420,7706,12931126,0,4,1,8192,28,7140678611
338,12939638,4937,12944575,0,8,1,12800,40,8186391425
339,13002458,566,13003024,0,8,1,512,40,4639263006
340,13014244,65900,13080144,0,7,0,7168,37,970017504
341,13165548,2470,13168018,0,8,1,2560,40,7449135488
342,13245768,22174,13267942,0,7,1,36352,37,7924484497
343,13247675,75118,13322793,0,7,0,7168,37,3676534791
344,13269102,3645,13272747,0,6,1,10240,28,5192695385
345,13322220,206036,13528256,0,9,0,215040,3,8673716004
346,13334611,566,13335177,0,4,1,512,28,6744504310
347,13493664,5454,13499118,0,8,1,13824,40,6856688102
348,13501195,82400,13583595,0,4,0,20992,28,7073322055
349,13530847,13770,13544617,0,4,1,26624,28,8500722224
350,13567312,366896,13934208,0,5,0,420352,48,9562894008
351,13603690,48980,13652670,0,3,0,2048,35,6657804230
352,13783021,369236,14152257,0,5,0,428032,48,7663793416
353,13859969,117884,13977853,0,1,0,87040,37,5006299038
354,13896584,4679,13901263,0,7,1,12288,37,1768940255
355,13928300,3128,13931428,0,7,1,9216,37,10373262347
356,13966117,5802,13971919,0,8,1,6144,40,3160697036
357,13976335,6278,13982613,0,7,1,6656,37,3240141479
358,13983910,4162,13988072,0,8,1,11264,40,9439378285
359,13996221,25446,14021667,0,7,1,46080,37,7402615307
360,14065752,485186,14550938,0,1,0,580608,37,5017246262
361,14128028,439929,14567957,0,1,0,55808,37,4305473183
362,14150825,5712,14156537,0,7,1,14336,37,8305051954
363,14173804,5802,14179606,0,6,1,6144,28,3429028157
364,14174984,24154,14199138,0,2,1,43520,41,6471304563
365,14182740,3645,14186385,0,8,1,10240,40,9436973853
366,14232789,11791,14244580,0,7,1,19456,37,2980109006
367,14341579,4374,14345953,0,6,1,4608,28,4417521608
368,14357087,4162,14361249,0,4,1,11264,28,3647030395
369,14365953,22950,14388903,0,7,1,37888,37,5734838224
370,14442864,83600,14526464,0,9,0,14848,3,2277718362
371,14458374,55748,14514122,0,7,0,4096,37,3935266223
372,14518704,23120,14541824,0,8,1,41472,40,10520764237
373,14556101,11533,14567634,0,8,1,18944,40,4166159392
374,14573662,124436,14698098,0,6,0,108544,28,2533103368
375,14633971,23208,14657179,0,4,1,38400,28,4390923762
376,14657370,45596,14702966,0,3,0,1024,35,556005392
377,14705326,14117,14719443,0,6,1,24064,28,9759800114
378,14730842,2470,14733312,0,7,1,2560,37,6978050666
379,14731819,42424,14774243,0,7,1,69120,37,5425197896
380,14827205,6229,14833434,0,4,1,15360,28,1588600646
381,14863803,5326,14869129,0,7,1,5632,37,3233575273
382,14938438,85760,15024198,0,7,0,16896,37,10625535586
383,15083248,47288,15130536,0,7,0,1536,37,9448785335
384,15089501,4850,15094351,0,7,1,5120,37,7891329843
385,15179589,55748,15235337,0,3,0,4096,35,4219769587
386,15195013,63920,15258933,0,5,0,10752,48,9999317967
387,15198708,23637,15222345,0,0,1,42496,2,960605069
388,15220657,5802,15226459,0,4,1,6144,28,1791892568
389,15254197,43975,15298172,0,8,1,72192,40,3142009988
390,15263801,52364,15316165,0,3,0,3072,35,8009253249
391,15332828,32299,15365127,0,6,1,52736,28,8110011837
392,15395557,48980,15444537,0,3,0,2048,35,10697610322
393,15492986,209936,15702922,0,9,0,227840,3,7817163442
394,15519043,6229,15525272,0,7,1,15360,37,7199110075
395,15682660,2870,15685530,0,6,1,8704,28,4052886672
396,15731584,3128,15734712,0,8,1,9216,40,4434680462
397,15735146,125684,15860830,0,5,0,112640,48,5794955120
398,15744090,13083,15757173,0,6,1,22016,28,3941237095
399,15749822,59444,15809266,0,3,0,6144,35,3025776029
400,15776938,15062,15792000,0,8,1,29184,40,6525606256
401,15808190,11791,15819981,0,8,1,19456,40,1865711785
402,15860205,5712,15865917,0,8,1,14336,40,4884960502
403,15873368,4937,15878305,0,2,1,12800,41,2551033666
404,15912246,43458,15955704,0,4,1,71168,28,4396882907
405,16058689,33333,16092022,0,5,1,54784,48,4513683993
406,16066858,5326,16072184,0,7,1,5632,37,4451671961
407,16096125,26479,16122604,0,6,1,48128,28,9876469999
408,16107546,17964,16125510,0,6,1,4608,28,8043428760
409,16149165,12049,16161214,0,0,1,19968,2,2210581842
410,16154083,54056,16208139,0,7,0,3584,37,7940966050
411,16158732,15579,16174311,0,5,1,30208,48,6980307995
412,16166176,48980,16215156,0,3,0,2048,35,8291498721
413,16205384,11274,16216658,0,0,1,18432,2,6277915140
414,16287790,23895,16311685,0,0,1,43008,2,5344175393
415,16290018,54056,16344074,0,7,0,3584,37,5035122831
416,16389586,7230,16396816,0,0,1,7680,2,7689268679
417,16477097,106496,16583593,0,9,0,49664,3,2600821888
418,16583145,75812,16658957,0,5,1,127488,48,2597511506
419,16675339,4937,16680276,0,7,1,12800,37,10014894932
420,16693547,6754,16700301,0,4,1,7168,28,10605661692
421,16713555,149961,16863516,0,5,0,31232,48,4354690
422,16795743,5454,16801197,0,0,1,13824,2,2561397259
423,16860266,11274,16871540,0,0,1,18432,2,2934457901
424,16860480,3128,16863608,0,6,1,9216,28,2821326989
425,16923745,7230,16930975,0,5,1,7680,48,8121933573
426,16983286,33503,17016789,0,0,1,58368,2,7623862972
427,17053910,306200,17360110,0,5,0,382464,48,1534493963
428,17062669,25446,17088115,0,0,1,46080,2,2626211784
429,17111809,50672,17162481,0,7,0,2560,37,226015860
430,17185892,566,17186458,0,7,1,512,37,331558605
431,17284571,13341,17297912,0,8,1,22528,40,1443185540
432,17299927,252327,17552254,0,5,0,169472,48,10245697585
433,17399472,16354,17415826,0,7,1,31744,37,3613740796
434,17477825,4420,17482245,0,7,1,11776,37,9623732329
435,17545238,52364,17597602,0,7,0,3072,37,6267417288
436,17652438,61382,17713820,0,4,1,99328,28,5994793290
437,17809824,60824,17870648,0,7,0,5632,37,7951839218
438,17847403,1518,17848921,0,5,1,1536,48,442592660
439,17892581,3128,17895709,0,4,1,9216,28,6114956105
440,17938624,22433,17961057,0,5,1,36864,48,6821521252
441,17985811,13083,17998894,0,7,1,22016,37,2536069017
442,17993436,9644,18003080,0,7,1,6656,37,1763160810
443,18043467,32299,18075766,0,8,1,52736,40,1721367762
444,18051799,3128,18054927,0,6,1,9216,28,3337459644
445,18075078,24242,18099320,0,4,1,40448,28,2926528567
446,18168691,6754,18175445,0,4,1,7168,28,5930050570
447,18177205,67592,18244797,0,3,0,7680,35,7321421858
448,18210190,45596,18255786,0,7,0,1024,37,5423849628
449,18212016,13341,18225357,0,6,1,22528,28,2861254656
450,18232405,13083,18245488,0,6,1,22016,28,3749264916
451,18293779,16613,18310392,0,6,1,32256,28,1076612821
452,18437537,383432,18820969,0,5,0,474624,48,5440003719
453,18467199,1518,18468717,0,7,1,1536,37,1715033667
454,18477898,13600,18491498,0,0,1,23040,2,8543316893
455,18507905,5326,18513231,0,8,1,5632,40,2151540627
456,18510475,15062,18525537,0,0,1,29184,2,276076091
457,18585379,118664,18704043,0,9,0,89600,3,6380089511
458,18608464,6278,18614742,0,6,1,6656,28,5387520708
459,18646495,1994,18648489,0,0,1,2048,2,7265782071
460,18685430,4374,18689804,0,8,1,4608,40,4659958575
461,18837511,102752,18940263,0,9,0,37376,3,4125082912
462,18861561,13083,18874644,0,8,1,22016,40,5409687769
463,18961972,54836,19016808,0,7,0,6144,37,562565081
464,18989448,52364,19041812,0,3,0,3072,35,8749945071
465,18992754,108992,19101746,0,9,0,57856,3,7905191262
466,18996688,14117,19010805,0,6,1,24064,28,2435949926
467,18997685,43904,19041589,0,7,0,512,37,3792167148
468,19147961,4162,19152123,0,4,1,11264,28,702236276
469,19272230,4679,19276909,0,7,1,12288,37,10050899545
470,19460816,43904,19504720,0,3,0,512,35,7426458880
471,19465475,44060,19509535,0,7,0,1024,37,9477668315
472,19558739,23120,19581859,0,7,1,41472,37,3649626237
473,19583437,2870,19586307,0,7,1,8704,37,9681176176
474,19637283,5196,19642479,0,0,1,13312,2,2282036405
475,19794664,11791,19806455,0,7,1,19456,37,5181667309
476,19836373,30491,19866864,0,4,1,49152,28,9870029578
477,19853063,47288,19900351,0,3,0,1536,35,10231350722
478,19879686,2470,19882156,0,0,1,2560,2,2392786287
479,19947366,20624,19967990,0,0,1,33280,2,5677962371
480,20012667,7706,20020373,0,0,1,8192,2,3309136569
481,20054761,60824,20115585,0,3,0,5632,35,5961226286
482,20060950,52364,20113314,0,7,0,3072,37,1664588130
483,20120235,21658,20141893,0,8,1,35328,40,7326114943
484,20298858,48980,20347838,0,3,0,2048,35,7479694152
485,20363820,86984,20450804,0,3,0,15872,35,6249426168
486,20439997,4937,20444934,0,0,1,12800,2,5095992455
487,20564501,1518,20566019,0,8,1,1536,40,9422731705
488,20649565,2470,20652035,0,8,1,2560,40,6472088869
489,20743796,3422,20747218,0,0,1,3584,2,3612229804
490,20797467,2946,20800413,0,7,1,3072,37,8251637737
491,20838968,54368,20893336,0,3,0,4608,35,4736407831
492,20876743,2946,20879689,0,6,1,3072,28,2422290876
493,20902857,1994,20904851,0,4,1,2048,28,8152011856
494,20948846,22174,20971020,0,5,1,36352,48,6037522167
495,20949354,12995,20962349,0,4,1,25088,28,8903176467
496,20964129,4420,20968549,0,6,1,11776,28,3463803543
497,20973874,10499,20984373,0,5,1,16896,48,7333026532
498,21086222,5712,21091934,0,7,1,14336,37,3557813608
499,21126005,4374,21130379,0,7,1,4608,37,9276847035
500,21182070,566,21182636,0,8,1,512,40,4441655360
501,21198713,11016,21209729,0,7,1,17920,37,5906815183
502,21209857,2946,21212803,0,4,1,3072,28,1904990171
503,21219668,5196,21224864,0,7,1,13312,37,7305345018
504,21261188,20882,21282070,0,8,1,33792,40,5182411675
505,21548614,4420,21553034,0,8,1,11776,40,7017714442
506,21784222,3422,21787644,0,8,1,3584,40,2432281301
507,21792081,7230,21799311,0,7,1,7680,37,9593410730
508,21812233,11533,21823766,0,6,1,18944,28,10151710562
509,21831660,12825,21844485,0,4,1,21504,28,734761706
510,21926001,91484,22017485,0,9,0,25600,3,1867062725
511,21950569,2470,21953039,0,5,1,2560,48,5635592241
512,22001637,4850,22006487,0,8,1,5120,40,7657112789
513,22041176,2470,22043646,0,6,1,2560,28,10257401060
514,22088031,21658,22109689,0,4,1,35328,28,7031270230
515,22102479,3898,22106377,0,7,1,4096,37,14993610
516,22293291,566,22293857,0,4,1,512,28,7133987621
517,22318305,43458,22361763,0,4,1,71168,28,3317979066
518,22333769,29070,22362839,0,4,1,13312,28,1387695509
519,22368385,45596,22413981,0,7,0,1024,37,512408402
520,22399790,54056,22453846,0,7,0,3584,37,3493944914
521,22447728,13341,22461069,0,4,1,22528,28,10406191236
522,22460376,60824,22521200,0,7,0,5632,37,3141560393
523,22656483,6488,22662971,0,4,1,15872,28,5945626245
524,22693253,23208,22716461,0,5,1,38400,48,8954355287
525,22716326,289664,23005990,0,9,0,328192,3,6777871431
526,22762657,6278,22768935,0,5,1,6656,48,5787628487
527,22766670,269755,23036425,0,9,0,99840,3,7585772009
528,22770000,566,22770566,0,6,1,512,28,9744585444
529,22818339,43904,22862243,0,7,0,512,37,8753789465
530,22918978,566,22919544,0,3,1,512,35,7207478741
531,22964744,4374,22969118,0,5,1,4608,48,358065356
532,22971408,12049,22983457,0,5,1,19968,48,76646037
533,23060547,56684,23117231,0,3,0,7168,35,3019874775
534,23070723,26221,23096944,0,6,1,47616,28,10008813390
535,23131048,45696,23176744,0,8,1,78848,40,3363240848
536,23171715,2470,23174185,0,6,1,2560,28,4861171297
537,23222494,50672,23273166,0,3,0,2560,35,1048199985
538,23452434,6488,23458922,0,4,1,15872,28,10636229183
539,23509853,4374,23514227,0,8,1,4608,40,7444185250
540,23571051,11791,23582842,0,5,1,19456,48,5123549148
541,23632270,45596,23677866,0,3,0,1024,35,5271365360
542,23729150,3128,23732278,0,5,1,9216,48,3828576969
543,23737687,5326,23743013,0,5,1,5632,48,2351436851
544,23832159,15062,23847221,0,4,1,29184,28,6170295622
545,23861897,1518,23863415,0,6,1,1536,28,1503624144
546,23927413,2870,23930283,0,4,1,8704,28,4466650662
547,23943532,90992,24034524,0,9,0,18944,3,4932909122
548,24004314,62984,24067298,0,7,0,7680,37,9278245881
549,24037315,21399,24058714,0,4,1,34816,28,7838374381
550,24200620,43975,24244595,0,6,1,72192,28,8691422018
551,24203686,6229,24209915,0,8,1,15360,40,3159741768
552,24211281,48980,24260261,0,7,0,2048,37,4450465231
553,24220738,29656,24250394,0,6,1,27648,28,9696778840
554,24269017,4374,24273391,0,2,1,4608,41,3546451653
555,24368478,566,24369044,0,8,1,512,40,9821622044
556,24378417,4420,24382837,0,8,1,11776,40,4171224895
557,24403716,14029,24417745,0,8,1,27136,40,8229414479
558,24414061,5310,24419371,0,8,1,2560,40,10647349932
559,24488114,6229,24494343,0,6,1,15360,28,1219877682
560,24616984,15321,24632305,0,5,1,29696,48,3753358009
561,24905583,7230,24912813,0,4,1,7680,28,10049288763
562,24943679,213056,25156735,0,9,0,238080,3,3339359921
563,25076853,105560,25182413,0,9,0,46592,3,6467924630
564,25121365,16613,25137978,0,5,1,32256,48,9354164908
565,25190163,1994,25192157,0,8,1,2048,40,8077567905
566,25339532,4162,25343694,0,6,1,11264,28,2387699401
567,25357539,7706,25365245,0,9,1,8192,3,2676232393
568,25397462,5326,25402788,0,6,1,5632,28,2963203570
569,25463955,50828,25514783,0,7,0,3072,37,4877106009
570,25542278,26221,25568499,0,4,1,47616,28,3878970127
571,25560877,4850,25565727,0,5,1,5120,48,6675632808
572,25563477,54368,25617845,0,7,0,4608,37,9688984629
573,25672326,5802,25678128,0,6,1,6144,28,1541128724
574,25765395,566,25765961,0,4,1,512,28,7539291044
575,25793766,16354,25810120,0,5,1,31744,48,4491826335
576,25837514,6488,25844002,0,4,1,15872,28,4302833986
577,26002645,13083,26015728,0,6,1,22016,28,7615326491
578,26095429,21916,26117345,0,8,1,35840,40,1936012010
579,26173264,130364,26303628,0,9,0,128000,3,1919019452
580,26243592,6754,26250346,0,8,1,7168,40,4795406923
581,26260754,4679,26265433,0,6,1,12288,28,7010685404
582,26266705,3904,26270609,0,6,1,10752,28,3063318343
583,26318755,3128,26321883,0,8,1,9216,40,7222335827
584,26340447,3898,26344345,0,5,1,4096,48,5765483717
585,26371634,14117,26385751,0,5,1,24064,48,80857576
586,26407451,297776,26705227,0,6,0,354816,28,4053844942
587,26414887,50672,26465559,0,3,0,2560,35,9583489991
588,26439801,34020,26473821,0,4,1,59392,28,6935450317
589,26471784,13083,26484867,0,5,1,22016,48,5753711694
590,26530861,3645,26534506,0,6,1,10240,28,10462949358
591,26725827,54787,26780614,0,5,1,93184,48,8832410764
592,26744425,37469,26781894,0,5,1,14336,48,9274288382
593,26749775,47979,26797754,0,5,1,59392,48,9340453123
594,26923533,108992,27032525,0,9,0,57856,3,6760683520
595,26960066,4374,26964440,0,2,1,4608,41,1402024951
596,26978363,4850,26983213,0,8,1,5120,40,2626789325
597,27002071,116948,27119019,0,6,0,83968,28,9364502049
598,27009507,72668,27082175,0,7,0,9216,37,7495317030
599,27053627,47288,27100915,0,7,0,1536,37,7637924177
600,27098595,208376,27306971,0,9,0,222720,3,490158579
601,27245427,15837,27261264,0,4,1,30720,28,2215176154
602,27250986,43904,27294890,0,3,0,512,35,8922466024
603,27257044,13600,27270644,0,5,1,23040,48,10270990271
604,27295173,7706,27302879,0,2,1,8192,41,8712815347
605,27402958,12995,27415953,0,6,1,25088,28,8594022887
606,27475332,109148,27584480,0,6,0,58368,28,6592581697
607,27485853,5971,27491824,0,8,1,14848,40,1310831944
608,27573081,31757,27604838,0,6,1,32768,28,9376238456
609,27638284,162404,27800688,0,9,0,147456,3,6978067628
610,27680069,12049,27692118,0,4,1,19968,28,9175362155
611,27725442,4937,27730379,0,6,1,12800,28,9846957167
612,27750695,43904,27794599,0,3,0,512,35,6814958105
613,27764346,214616,27978962,0,2,0,243200,41,5413266219
614,27777526,301586,28079112,0,9,0,291328,3,4321390097
615,27809160,34020,27843180,0,2,1,59392,41,10458576967
616,27853828,248075,28101903,0,9,0,74752,3,4979872937
617,27916687,240230,28156917,0,9,0,44032,3,9006923353
618,27950860,192626,28143486,0,9,0,123392,3,5650898517
619,27978706,6229,27984935,0,8,1,15360,40,6597988070
620,27999384,3128,28002512,0,2,1,9216,41,1704841733
621,28002912,1042,28003954,0,4,1,1024,28,3896953865
622,28039520,50828,28090348,0,3,0,3072,35,7268976824
623,28067511,61292,28128803,0,3,0,7168,35,3474836212
624,28077424,23637,28101061,0,4,1,42496,28,1597805141
625,28088031,2946,28090977,0,8,1,3072,40,10734219242
626,28116238,47444,28163682,0,3,0,2048,35,1905500383
627,28171219,14029,28185248,0,9,1,27136,3,4990601545
628,28257567,54056,28311623,0,3,0,3584,35,10459383431
629,28281609,1994,28283603,0,9,1,2048,3,6528610192
630,28414969,14804,28429773,0,9,1,28672,3,3918179507
631,28435001,49292,28484293,0,7,0,3072,37,10615017561
632,28499772,11016,28510788,0,4,1,17920,28,6910359501
633,28507258,14117,28521375,0,8,1,24064,40,6200595589
634,28542875,50672,28593547,0,7,0,2560,37,1837347689
635,28550712,7706,28558418,0,5,1,8192,48,3257728300
636,28584065,20624,28604689,0,6,1,33280,28,362149524
637,28660422,4679,28665101,0,5,1,12288,48,9708884411
638,28684668,1518,28686186,0,6,1,1536,28,6513387019
639,28741346,2470,28743816,0,5,1,2560,48,2971415751
640,28757085,1042,28758127,0,5,1,1024,48,1616316496
641,28783292,3387,28786679,0,5,1,9728,48,4097759153
642,28808317,190280,28998597,0,9,0,163328,3,4421335824
643,28929893,5196,28935089,0,5,1,13312,48,3997997822
644,29052559,2470,29055029,0,8,1,2560,40,59226886
645,29218828,11016,29229844,0,4,1,17920,28,3590898969
646,29277563,14029,29291592,0,8,1,27136,40,4754804162
647,29302087,16613,29318700,0,6,1,32256,28,5922375020
648,29439099,23120,29462219,0,9,1,41472,3,4337060175
649,29515683,1042,29516725,0,3,1,1024,35,8991614497
650,29570923,104312,29675235,0,3,0,42496,35,9971375760
651,29626743,100100,29726843,0,6,0,28672,28,4034573297
652,29700251,11533,29711784,0,4,1,18944,28,2660298469
653,29765623,23895,29789518,0,5,1,43008,48,204574162
654,29783560,4850,29788410,0,3,1,5120,35,7345846465
655,29850531,104468,29954999,0,6,0,43008,28,5897241645
656,29907579,59444,29967023,0,7,0,6144,37,7677951835
657,29970182,104312,30074494,0,9,0,42496,3,1967561682
658,29971626,50672,30022298,0,7,0,2560,37,4195209953
659,29998312,6754,30005066,0,8,1,7168,40,2573358903
660,29999650,2946,30002596,0,6,1,3072,28,930924840
661,30055371,4374,30059745,0,4,1,4608,28,8553199893
662,30084882,82220,30167102,0,3,0,15360,35,4018682807
663,30121331,208844,30330175,0,9,0,224256,3,1725626471
664,30178848,1518,30180366,0,8,1,1536,40,1020117458
665,30180793,35312,30216105,0,3,1,61952,35,1442712349
666,30323129,13600,30336729,0,3,1,23040,35,7511395346
667,30349214,112112,30461326,0,3,0,68096,35,10326082695
668,30414028,7230,30421258,0,5,1,7680,48,10715431723
669,30484004,3387,30487391,0,6,1,9728,28,2572519106
670,30494264,214148,30708412,0,9,0,241664,3,6743506267
671,30512141,13341,30525482,0,3,1,22528,35,77561924
672,30529880,55748,30585628,0,7,0,4096,37,3968148618
673,30544302,24154,30568456,0,9,1,43520,3,4869258587
674,30556222,25704,30581926,0,0,1,46592,2,1903985438
675,30563246,3904,30567150,0,3,1,10752,35,8439699672
676,30609787,96380,30706167,0,6,0,21504,28,7584034802
677,30625992,566,30626558,0,0,1,512,2,9391872811
678,30663171,2470,30665641,0,0,1,2560,2,8583703843
679,30751467,566,30752033,0,3,1,512,35,5658599616
680,30840190,24670,30864860,0,0,1,44544,2,3207065479
681,30841818,34795,30876613,0,5,1,60928,48,9778583388
682,30909394,13083,30922477,0,8,1,22016,40,3252324371
683,30930721,30491,30961212,0,9,1,49152,3,3135971134
684,30949178,3645,30952823,0,7,1,10240,37,6541151505
685,30977151,292472,31269623,0,3,0,337408,35,5934647271
686,31016907,15062,31031969,0,0,1,29184,2,8185529947
687,31040035,374764,31414799,0,3,0,196608,35,39827475
688,31044818,4937,31049755,0,0,1,12800,2,8582947198
689,31078756,248142,31326898,0,3,0,187904,35,661964164
690,31079460,22691,31102151,0,2,1,37376,41,1302756729
691,31157655,118820,31276475,0,6,0,90112,28,203498803
692,31164702,306149,31470851,0,3,0,80896,35,3202886051
693,31169949,35312,31205261,0,0,1,61952,2,4886238828
694,31197884,139989,31337873,0,3,1,17920,35,9780199038
695,31309739,2946,31312685,0,0,1,3072,2,897205006
696,31321028,117416,31438444,0,9,0,85504,3,1437277134
697,31353851,62516,31416367,0,7,0,6144,37,9730541729
698,31365237,566,31365803,0,9,1,512,3,3424729781
699,31375518,16613,31392131,0,5,1,32256,48,1661034885
700,31388356,13083,31401439,0,0,1,22016,2,6684459557
701,31390994,196208,31587202,0,6,0,182784,28,1149984466
702,31404715,34537,31439252,0,5,1,60416,48,8491882665
703,31421476,21962,31443438,0,5,1,6656,48,6110207197
704,31439918,1994,31441912,0,0,1,2048,2,5228742866
705,31496438,52364,31548802,0,7,0,3072,37,9704040878
706,31518967,87488,31606455,0,3,1,146944,35,7852620074
707,31542738,125202,31667940,0,3,0,5632,35,15685753
708,31561507,45614,31607121,0,3,1,1024,35,3853682770
709,31628713,21141,31649854,0,8,1,34304,40,3211119575
710,31658742,14804,31673546,0,0,1,28672,2,1374893089
711,31815334,35054,31850388,0,3,1,61440,35,4431616655
712,31851835,13253,31865088,0,9,1,25600,3,9387347910
713,31901401,13341,31914742,0,4,1,22528,28,1499448874
714,31923184,64058,31987242,0,9,0,10752,3,6491649395
715,31924425,211964,32136389,0,6,0,234496,28,9522732015
716,31927554,2470,31930024,0,3,1,2560,35,6464192223
717,32023513,304354,32327867,0,6,0,312320,28,6850256586
718,32070740,190436,32261176,0,9,0,163840,3,2834859610
719,32074451,1518,32075969,0,3,1,1536,35,9215920775
720,32094224,115700,32209924,0,3,0,79872,35,1153379289
721,32112653,25187,32137840,0,0,1,45568,2,215834661
722,32175069,6754,32181823,0,3,1,7168,35,3521362641
723,32190460,43904,32234364,0,7,0,512,37,10199121646
724,32217569,139542,32357111,0,3,0,119808,35,10098432899
725,32242031,45596,32287627,0,7,0,1024,37,2870377117
726,32366014,3422,32369436,0,3,1,3584,35,6705252442
727,32408506,6488,32414994,0,0,1,15872,2,4166140582
728,32455801,7706,32463507,0,8,1,8192,40,5516532678
729,32497420,6488,32503908,0,8,1,15872,40,7509833793
730,32533678,45596,32579274,0,3,0,1024,35,7008921488
731,32742732,119159,32861891,0,9,0,81920,3,6472728367
732,32753664,3422,32757086,0,9,1,3584,3,5644562506
733,32755119,4850,32759969,0,3,1,5120,35,901818681
734,32764133,3387,32767520,0,9,1,9728,3,6830968077
735,32811257,6488,32817745,0,3,1,15872,35,7855228446
736,33049524,48980,33098504,0,7,0,2048,37,5501259853
737,33082932,6229,33089161,0,0,1,15360,2,8305928555
738,33115792,102128,33217920,0,6,0,35328,28,7894329307
739,33237298,13083,33250381,0,0,1,22016,2,7482257320
740,33241858,4374,33246232,0,8,1,4608,40,1141558175
741,33263836,44060,33307896,0,7,0,1024,37,4025946013
742,33358706,107432,33466138,0,9,0,52736,3,3702932400
743,33440640,6229,33446869,0,3,1,15360,35,845232036
744,33503450,22174,33525624,0,3,1,36352,35,1222870605
745,33547665,11274,33558939,0,3,1,18432,35,3999531969
746,33569273,126464,33695737,0,6,0,115200,28,318636258
747,33583080,99164,33682244,0,3,0,25600,35,6126331737
748,33743083,54056,33797139,0,7,0,3584,37,9403841
749,33754205,10499,33764704,0,2,1,16896,41,10134307659
750,33805381,6754,33812135,0,8,1,7168,40,229443092
751,33838934,165140,34004074,0,9,0,141312,3,1680647656
752,33891682,45596,33937278,0,7,0,1024,37,8460846066
753,33894746,438578,34333324,0,6,0,533504,28,2516163384
754,33907763,11791,33919554,0,3,1,19456,35,5677045468
755,33919205,54992,33974197,0,7,0,6656,37,9482797142
756,33932479,414588,34347067,0,6,0,45056,28,2133381982
757,34007009,151760,34158769,0,3,0,137728,35,5432629373
758,34015118,117104,34132222,0,9,0,84480,3,105400483
759,34095553,63231,34158784,0,3,1,101376,35,668195409
760,34182926,218564,34401490,0,3,0,112128,35,6935286161
761,34194731,6278,34201009,0,0,1,6656,2,8215056214
762,34247239,12049,34259288,0,8,1,19968,40,3070993247
763,34298080,13341,34311421,0,3,1,22528,35,513666489
764,34460547,200264,34660811,0,9,0,196096,3,658391623
765,34472723,56372,34529095,0,6,0,6144,28,8936381304
766,34498275,2870,34501145,0,3,1,8704,35,620543501
767,34498640,191368,34690008,0,3,0,159232,35,7239138124
768,34502230,3645,34505875,0,8,1,10240,40,7464699284
769,34568649,43904,34612553,0,7,0,512,37,1926290027
770,34576056,6754,34582810,0,0,1,7168,2,7423107006
771,34652629,52967,34705596,0,3,1,30208,35,3272234871
772,34663460,291593,34955053,0,3,0,282624,35,3803795824
773,34795732,59288,34855020,0,7,0,5632,37,9060313906
774,34847194,281084,35128278,0,6,0,300032,28,7064237569
775,34863663,85679,34949342,0,0,1,143360,2,383951235
776,34910103,1518,34911621,0,8,1,1536,40,5874194020
777,35083927,168779,35252706,0,6,0,108544,28,5432677215
778,35178039,14804,35192843,0,3,1,28672,35,5733635054
779,35196353,11016,35207369,0,8,1,17920,40,3095715307
780,35216946,60866,35277812,0,0,1,98304,2,820720394
781,35225478,4374,35229852,0,8,1,4608,40,8655471076
782,35324965,3898,35328863,0,3,1,4096,35,2126010914
783,35348933,16096,35365029,0,3,1,31232,35,5479342263
784,35371185,45596,35416781,0,7,0,1024,37,10135296771
785,35472782,296841,35769623,0,0,1,481280,2,1015040932
786,35489047,156680,35645727,0,9,0,138752,3,6973811169
787,35502988,79304,35582292,0,7,0,15872,37,1226622411
788,35531052,486769,36017821,0,0,1,645632,2,2842997382
789,35544072,438543,35982615,0,9,0,460800,3,10072270308
790,35716274,3128,35719402,0,3,1,9216,35,9670259976
791,35810856,284933,36095789,0,0,1,250368,2,2440350995
792,35878112,259202,36137314,0,0,1,133120,2,7238238500
793,35899050,295086,36194136,0,0,1,181760,2,9195135615
794,35918820,89900,36008720,0,6,0,15360,28,8350247648
795,36013625,20882,36034507,0,1,1,33792,37,1812214571
796,36058753,566,36059319,0,3,1,512,35,8195641935
797,36104384,95551,36199935,0,0,1,27648,2,864493010
798,36142511,47444,36189955,0,7,0,2048,37,4677802333
799,36226115,7230,36233345,0,3,1,7680,35,7223130402
800,36329084,117728,36446812,0,6,0,86528,28,4578834851
801,36572853,101036,36673889,0,6,0,31744,28,8544395079
802,36602162,31007,36633169,0,3,1,50176,35,5602439024
803,36665446,2470,36667916,0,3,1,2560,35,6079942110
804,36791326,21916,36813242,0,3,1,35840,35,10221999222
805,36823254,3645,36826899,0,3,1,10240,35,7159351215
806,36908479,15837,36924316,0,3,1,30720,35,73484756
807,36974794,49136,37023930,0,3,0,2560,35,9459325531
808,36996479,119132,37115611,0,6,0,91136,28,10106370461
809,37009112,54056,37063168,0,3,0,3584,35,4225638988
810,37149702,11274,37160976,0,3,1,18432,35,4738230482
811,37298154,14804,37312958,0,3,1,28672,35,9824611560
812,37323974,96062,37420036,0,0,1,160256,2,9317598377
813,37811796,57440,37869236,0,3,0,4608,35,1285322102
814,37834825,3387,37838212,0,3,1,9728,35,1020020206
815,37844189,50721,37894910,0,3,0,2048,35,4831472997
816,37849944,7230,37857174,0,2,1,7680,41,9616795073
817,37875036,44492,37919528,0,0,1,73216,2,1303152280
818,37980059,13341,37993400,0,8,1,22528,40,10250975359
819,37988184,111491,38099675,0,0,1,180224,2,4221798793
820,37997985,54680,38052665,0,7,0,5632,37,9591285304
821,38091636,165387,38257023,0,0,1,271872,2,4284107965
822,38315531,11016,38326547,0,3,1,17920,35,7424154729
823,38371586,45596,38417182,0,3,0,1024,35,2598131993
824,38374790,43904,38418694,0,7,0,512,37,3655138554
825,38431877,45596,38477473,0,7,0,1024,37,7544175833
826,38496145,45596,38541741,0,3,0,1024,35,70494043
827,38583708,261932,38845640,0,6,0,277504,28,6261728919
828,38664544,12566,38677110,0,8,1,20992,40,8462590605
829,38680054,4850,38684904,0,6,1,5120,28,1366492438
830,38707862,23725,38731587,0,3,1,39424,35,1103482537
831,38765433,20366,38785799,0,8,1,32768,40,3598037021
832,38862019,369080,39231099,0,6,0,427520,28,9869227508
833,38892081,4850,38896931,0,3,1,5120,35,8004545102
834,38909252,69284,38978536,0,7,0,8192,37,9448989771
835,38950098,4850,38954948,0,8,1,5120,40,6482316945
836,38976576,43112,39019688,0,3,1,73728,35,1954630518
837,39010653,4850,39015503,0,8,1,5120,40,9118226230
838,39105999,67592,39173591,0,7,0,7680,37,4530275303
839,39207649,6754,39214403,0,3,1,7168,35,3794792345
840,39269301,45596,39314897,0,7,0,1024,37,6485780080
841,39447211,566,39447777,0,8,1,512,40,2201880505
842,39540476,6278,39546754,0,6,1,6656,28,8083530635
843,39545277,339062,39884339,0,0,1,553472,2,5573569307
844,39653630,50672,39704302,0,7,0,2560,37,6468376868
845,39670858,1042,39671900,0,8,1,1024,40,3410837543
846,39711107,6229,39717336,0,8,1,15360,40,9803393347
847,39766193,6754,39772947,0,6,1,7168,28,4858803688
848,39825090,7706,39832796,0,6,1,8192,28,2974000501
849,39869314,25446,39894760,0,3,1,46080,35,7505556604
850,39962593,30491,39993084,0,1,1,49152,37,4454034158
851,40033725,55748,40089473,0,7,0,4096,37,2737640816
852,40057476,175512,40232988,0,0,1,288256,2,1404850478
853,40080370,3904,40084274,0,8,1,10752,40,7134154185
854,40103227,77012,40180239,0,6,0,18432,28,3593490542
855,40171304,20624,40191928,0,8,1,33280,40,3131011898
856,40247818,51257,40299075,0,1,1,82944,37,9931804719
857,40250489,195503,40445992,0,0,1,320512,2,6010927013
858,40297340,36863,40334203,0,8,1,65024,40,7772290256
859,40312569,22620,40335189,0,8,1,1536,40,6980312678
860,40436178,34279,40470457,0,8,1,59904,40,9087303033
861,40457389,12825,40470214,0,3,1,21504,35,2716484159
862,40463859,62158,40526017,0,0,1,100864,2,8759518200
863,40514322,47288,40561610,0,7,0,1536,37,4517086784
864,40600482,56854,40657336,0,6,1,97280,28,9239430594
865,40670586,5971,40676557,0,3,1,14848,35,5716504447
866,40699441,203649,40903090,0,1,1,329728,37,3497135667
867,40709489,43904,40753393,0,3,0,512,35,3848804071
868,40715909,602344,41318253,0,1,1,839168,37,1831430577
869,40852251,10241,40862492,0,3,1,16384,35,4503771915
870,40866703,5196,40871899,0,6,1,13312,28,4866448616
871,40923904,566,40924470,0,6,1,512,28,1310192760
872,40957360,3645,40961005,0,6,1,10240,28,5107695663
873,41061401,391898,41453299,0,1,1,441856,37,4771606947
874,41144627,5196,41149823,0,0,1,13312,2,2953663119
875,41333092,45596,41378688,0,7,0,1024,37,9801435608
876,41343621,92533,41436154,0,0,1,150016,2,5117965685
877,41349329,164677,41514006,0,0,1,205824,2,3108113856
878,41370873,5454,41376327,0,5,1,13824,48,8701158735
879,41395517,54056,41449573,0,7,0,3584,37,722677892
880,41452157,43904,41496061,0,3,0,512,35,670694763
881,41453421,132516,41585937,0,0,1,214528,2,870339280
882,41491238,48980,41540218,0,3,0,2048,35,8330007205
883,41491994,120376,41612370,0,0,1,85504,2,6816376931
884,41747451,124716,41872167,0,0,1,202752,2,2531762671
885,41818527,23466,41841993,0,6,1,38912,28,3551258242
886,41829041,18444,41847485,0,6,1,17920,28,3470006929
887,41889840,11791,41901631,0,8,1,19456,40,2666850112
888,41902069,40874,41942943,0,2,1,66048,41,497962608
889,41906774,4162,41910936,0,0,1,11264,2,5396505692
890,42001440,133489,42134929,0,6,0,101888,28,10243238019
891,42233709,6229,42239938,0,6,1,15360,28,3630511022
892,42249664,20624,42270288,0,6,1,33280,28,8324022786
893,42308175,42166,42350341,0,1,1,68608,37,3645333145
894,42349292,123968,42473260,0,8,0,107008,40,1722309965
895,42383838,3387,42387225,0,6,1,9728,28,3283846711
896,42393328,6278,42399606,0,5,1,6656,48,2462703348
897,42415132,50672,42465804,0,3,0,2560,35,6232258867
898,42451752,12995,42464747,0,3,1,25088,35,227619433
899,42459408,45644,42505052,0,8,1,51712,40,9568412391
900,42468469,41972,42510441,0,8,1,25600,40,6102113319
901,42515551,43904,42559455,0,7,0,512,37,7327351421
902,42539124,10499,42549623,0,3,1,16896,35,1191001032
903,42597402,5326,42602728,0,6,1,5632,28,7210973955
904,42606960,126696,42733656,0,0,1,209920,2,5101556195
905,42670581,4679,42675260,0,8,1,12288,40,5902149393
906,42673308,57440,42730748,0,3,0,4608,35,4070236138
907,42701712,10241,42711953,0,8,1,16384,40,3960871661
908,42799445,98696,42898141,0,6,0,24064,28,7317554777
909,42802442,96579,42899021,0,1,1,161280,37,1181409053
910,42825907,43904,42869811,0,3,0,512,35,3668519393
911,42906353,10757,42917110,0,9,1,17408,3,7730492585
912,42915681,6278,42921959,0,9,1,6656,3,5174818976
913,42935260,12049,42947309,0,8,1,19968,40,3522847216
914,43191007,34108,43225115,0,1,1,56320,37,1693318543
915,43210177,101624,43311801,0,1,1,164352,37,6091910709
916,43221987,463939,43685926,0,1,1,688640,37,6536642102
917,43278173,57440,43335613,0,6,0,4608,28,6604531716
918,43300534,47288,43347822,0,3,0,1536,35,5330192809
919,43343609,257545,43601154,0,0,1,421376,2,9280753090
920,43372748,103532,43476280,0,6,0,39936,28,7509790595
921,43408467,1042,43409509,0,6,1,1024,28,4917085959
922,43663110,5326,43668436,0,6,1,5632,28,10293538127
923,43667014,5196,43672210,0,6,1,13312,28,4805086422
924,43698628,12049,43710677,0,6,1,19968,28,3843328596
925,43711572,3904,43715476,0,8,1,10752,40,2069495356
926,43723622,12737,43736359,0,6,1,24576,28,3388895383
927,43757903,183552,43941455,0,6,0,5632,28,8684982174
928,43809444,5971,43815415,0,6,1,14848,28,9451657135
929,43943152,57440,44000592,0,7,0,4608,37,9265360388
930,43963587,47288,44010875,0,3,0,1536,35,9268739091
931,44028923,4162,44033085,0,3,1,11264,35,7790165434
932,44132407,5454,44137861,0,7,1,13824,37,1482740624
933,44143266,15321,44158587,0,3,1,29696,35,198686829
934,44158312,279863,44438175,0,0,1,458240,2,7653340662
935,44217095,114075,44331170,0,1,1,185344,37,3854821254
936,44260908,301944,44562852,0,0,1,408576,2,9119774663
937,44263984,70976,44334960,0,6,0,8704,28,5325544461
938,44264515,5971,44270486,0,3,1,14848,35,3878653706
939,44306038,3898,44309936,0,7,1,4096,37,4702188898
940,44334241,83870,44418111,0,1,1,139776,37,7559304175
941,44399575,10499,44410074,0,6,1,16896,28,7363649052
942,44473913,387708,44861621,0,1,1,628224,37,8040873313
943,44537376,2946,44540322,0,6,1,3072,28,7399511514
944,44806217,4162,44810379,0,7,1,11264,37,2531936294
945,44812917,94083,44907000,0,0,1,153088,2,2553736215
946,44845486,296325,45141811,0,1,1,480256,37,8983033340
947,44900300,153764,45054064,0,6,0,139264,28,6616339290
948,44981171,5712,44986883,0,7,1,14336,37,9939400666
949,44996750,3387,45000137,0,7,1,9728,37,7024643895
950,45131660,207437,45339097,0,0,1,340480,2,876470798
951,45157545,52808,45210353,0,1,1,86016,37,2187603375
952,45177926,3422,45181348,0,3,1,3584,35,8493166734
953,45231558,113338,45344896,0,0,1,27648,2,8237839087
954,45561422,34279,45595701,0,0,1,59904,2,9321090253
955,45585788,112007,45697795,0,0,1,181248,2,73293210
956,45703562,69284,45772846,0,7,0,8192,37,8731442373
957,45775678,2870,45778548,0,7,1,8704,37,9164194908
958,45785771,43904,45829675,0,7,0,512,37,9681993216
959,45793169,16613,45809782,0,7,1,32256,37,6974563210
960,45822292,47288,45869580,0,7,0,1536,37,10089075538
961,45918285,187187,46105472,0,1,1,307712,37,5639632634
962,45942249,103064,46045313,0,6,0,38400,28,4956737249
963,46047653,6278,46053931,0,8,1,6656,40,375006307
964,46065734,50772,46116506,0,1,1,36352,37,8547380486
965,46073433,70121,46143554,0,1,1,96768,37,4285031746
966,46199576,49448,46249024,0,7,0,3584,37,1073495132
967,46222396,101882,46324278,0,0,1,164864,2,8742965498
968,46280638,73316,46353954,0,3,1,119296,35,4717849409
969,46283270,76995,46360265,0,3,1,22016,35,3175706549
970,46361526,306980,46668506,0,6,0,385024,28,2273033611
971,46434555,45596,46480151,0,7,0,1024,37,10046443114
972,46440360,195591,46635951,0,1,1,317440,37,5551685727
973,46440963,35829,46476792,0,8,1,62976,40,3209334548
974,46467667,67974,46535641,0,3,0,1536,35,361792439
975,46486301,62516,46548817,0,7,0,6144,37,8078688193
976,46490655,202826,46693481,0,6,0,81920,28,1235064382
977,46556105,11791,46567896,0,3,1,19456,35,5022851541
978,46633490,336825,46970315,0,0,1,545792,2,8037710937
979,46715699,4420,46720119,0,3,1,11776,35,6230493088
980,46765591,13083,46778674,0,8,1,22016,40,7509456490
981,46791138,5802,46796940,0,8,1,6144,40,9946813491
982,46803930,321348,47125278,0,0,1,496128,2,6848099523
983,46813624,285764,47099388,0,6,0,315392,28,8276307836
984,46875058,33762,46908820,0,7,1,58880,37,3474094357
985,47077338,143416,47220754,0,1,1,232448,37,10367763299
986,47107475,65429,47172904,0,0,1,110592,2,8712338049
987,47149253,5326,47154579,0,7,1,5632,37,2113887761
988,47192592,34575,47227167,0,1,1,30720,37,4087900627
989,47302961,48980,47351941,0,3,0,2048,35,1070907631
990,47364135,3422,47367557,0,3,1,3584,35,6762439045
991,47420515,45596,47466111,0,3,0,1024,35,6476957243
992,47446264,2946,47449210,0,8,1,3072,40,9358070846
993,47502654,2470,47505124,0,3,1,2560,35,5912335253
994,47532790,57440,47590230,0,7,0,4608,37,5003149926
995,47560259,100100,47660359,0,6,0,28672,28,5920036541
996,47648602,4850,47653452,0,7,1,5120,37,7172481889
997,47653045,23378,47676423,0,1,1,41984,37,8042658017
998,47686795,12308,47699103,0,4,1,20480,28,7890298095
999,47735288,3898,47739186,0,3,1,4096,35,5150333795
1000,47740641,176029,47916670,0,1,1,289280,37,299152506
1001,47751680,11791,47763471,0,7,1,19456,37,1104884293
1002,47778712,143962,47922674,0,1,1,28672,37,2058027743
1003,47807383,5712,47813095,0,3,1,14336,35,9910440792
1004,47833500,55853,47889353,0,3,0,4096,35,9588560166
1005,48084251,2870,48087121,0,5,1,8704,48,9863613220
1006,48146056,26221,48172277,0,8,1,47616,40,2370186245
1007,48255364,11274,48266638,0,8,1,18432,40,7405924699
1008,48275597,151604,48427201,0,6,0,137216,28,4480580736
1009,48327940,60980,48388920,0,3,0,6144,35,3138756414
1010,48350991,45596,48396587,0,7,0,1024,37,10188361164
1011,48419146,44145,48463291,0,7,1,75776,37,5218850459
1012,48421962,76071,48498033,0,1,1,128000,37,3725014470
1013,48515462,337858,48853320,0,1,1,547840,37,9239864174
1014,48559286,16354,48575640,0,3,1,31744,35,4973245196
1015,48579045,367028,48946073,0,1,1,296448,37,668073952
1016,48588276,205256,48793532,0,6,0,212480,28,2694905737
1017,48677423,4162,48681585,0,7,1,11264,37,645972681
1018,48684769,2470,48687239,0,3,1,2560,35,4001477563
1019,48781733,165108,48946841,0,1,1,11776,37,5948954127
1020,48808074,115700,48923774,0,6,0,79872,28,9954810704
1021,48818122,3645,48821767,0,7,1,10240,37,2468718797
1022,48835943,25187,48861130,0,7,1,45568,37,9020813728
1023,48853641,41908,48895549,0,3,1,68096,35,3037885858
1024,48893580,6754,48900334,0,5,1,7168,48,7947100522
1025,48927172,76587,49003759,0,1,1,129024,37,2027516096
1026,49005509,32299,49037808,0,5,1,52736,48,5258364971
1027,49048072,4162,49052234,0,7,1,11264,37,7269321713
1028,49090500,101366,49191866,0,1,1,163840,37,6458541903
1029,49103398,5712,49109110,0,5,1,14336,48,7351953793
1030,49182479,32816,49215295,0,1,1,53760,37,7900067389
1031,49397144,3387,49400531,0,1,1,9728,37,9562734626
1032,49454626,175316,49629942,0,6,0,149504,28,5378983749
1033,49495591,44233,49539824,0,1,1,72704,37,8428391709
1034,49556954,54056,49611010,0,7,0,3584,37,6350025725
1035,49558485,375516,49934001,0,1,1,607744,37,203196561
1036,49585618,5326,49590944,0,3,1,5632,35,6563983155
1037,49595665,54100,49649765,0,8,1,88576,40,6138376013
1038,49673396,120692,49794088,0,6,0,96256,28,8772015529
1039,49705517,6278,49711795,0,8,1,6656,40,6721596481
1040,49723738,6278,49730016,0,5,1,6656,48,2926228009
1041,49760261,11016,49771277,0,5,1,17920,48,4543794903
1042,49842155,129057,49971212,0,1,1,129024,37,9637502888
1043,49904977,4162,49909139,0,3,1,11264,35,346516594
1044,49933324,185120,50118444,0,1,1,303616,37,2253492190
1045,49951087,11016,49962103,0,8,1,17920,40,6378961587
1046,49975614,508349,50483963,0,1,1,741888,37,2879045782
1047,50093868,395996,50489864,0,1,1,19968,37,582402810
1048,50113719,44404,50158123,0,5,1,76288,48,4786887647
1049,50138052,5802,50143854,0,8,1,6144,40,6050013843
1050,50146141,11274,50157415,0,3,1,18432,35,6563199492
1051,50206724,24670,50231394,0,5,1,44544,48,1793772213
1052,50212467,20003,50232470,0,5,1,13312,48,5404035953
1053,50219840,1042,50220882,0,3,1,1024,35,6399379407
1054,50407984,92607,50500591,0,1,1,34816,37,1140742415
1055,50461855,40874,50502729,0,5,1,66048,48,5753555977
1056,50517094,50672,50567766,0,3,0,2560,35,642048225
1057,50532331,71756,50604087,0,7,0,11264,37,2398896622
1058,50542308,7230,50549538,0,9,1,7680,3,7367339574
1059,50660811,93932,50754743,0,6,0,23552,28,8291873375
1060,50691366,71766,50763132,0,1,1,116224,37,5447935858
1061,50724528,6229,50730757,0,3,1,15360,35,9627166242
1062,50799169,94341,50893510,0,1,1,153600,37,7955647628
1063,50824690,4850,50829540,0,3,1,5120,35,10616380927
1064,50882680,1518,50884198,0,5,1,1536,48,8670433097
1065,50917063,13770,50930833,0,1,1,26624,37,5268121162
1066,50924809,23208,50948017,0,2,1,38400,41,2635102216
1067,51067512,12737,51080249,0,2,1,24576,41,8128899959
1068,51088391,23378,51111769,0,2,1,41984,41,7622021726
1069,51103826,9223,51113049,0,2,1,14336,41,8288564131
1070,51135589,14804,51150393,0,5,1,28672,48,2666747469
1071,51188836,69284,51258120,0,7,0,8192,37,9765467742
1072,51253155,50672,51303827,0,7,0,2560,37,4922866167
1073,51262644,3645,51266289,0,7,1,10240,37,5293350595
1074,51293406,54119,51347525,0,7,0,2560,37,2524235975
1075,51297520,24412,51321932,0,8,1,44032,40,6837953522
1076,51325015,43904,51368919,0,7,0,512,37,10416910573
1077,51328291,11791,51340082,0,5,1,19456,48,8639278232
1078,51453143,57440,51510583,0,7,0,4608,37,1280867587
1079,51509611,6488,51516099,0,3,1,15872,35,10422904616
1080,51564216,172241,51736457,0,1,1,278528,37,499201397
1081,51662048,64208,51726256,0,3,0,6656,35,6041877502
1082,51744739,1994,51746733,0,5,1,2048,48,8931469803
1083,51807568,108524,51916092,0,7,0,56320,37,6224996645
1084,51979463,1042,51980505,0,5,1,1024,48,675598387
1085,52129352,54056,52183408,0,3,0,3584,35,2954357366
1086,52164039,6278,52170317,0,5,1,6656,48,6941528907
1087,52255260,62416,52317676,0,8,1,101376,40,1652113098
1088,52300370,4374,52304744,0,7,1,4608,37,1487417834
1089,52337969,5196,52343165,0,7,1,13312,37,3882471482
1090,52391653,3422,52395075,0,7,1,3584,37,1933028056
1091,52426448,72792,52499240,0,3,0,1536,35,4636376267
1092,52442505,3904,52446409,0,3,1,10752,35,163759055
1093,52468504,197054,52665558,0,5,1,323584,48,877369101
1094,52588841,128180,52717021,0,6,0,120832,28,9352696721
1095,52761850,167454,52929304,0,5,1,275968,48,10412638825
1096,52790050,7706,52797756,0,3,1,8192,35,2085616821
1097,52862144,21141,52883285,0,3,1,34304,35,7973920562
1098,52887954,16096,52904050,0,4,1,31232,28,10714938168
1099,53245131,123812,53368943,0,7,0,106496,37,6199056726
1100,53310215,566,53310781,0,7,1,512,37,2497825291
1101,53312395,50672,53363067,0,3,0,2560,35,7732418773
1102,53314780,50672,53365452,0,3,0,2560,35,4752516712
1103,53418781,5712,53424493,0,3,1,14336,35,2197347165
1104,53451240,299854,53751094,0,1,1,490496,37,10209101234
1105,53513874,1518,53515392,0,8,1,1536,40,7876072135
1106,53579185,12995,53592180,0,3,1,25088,35,9031410788
1107,53660385,7230,53667615,0,3,1,7680,35,7667303093
1108,53679957,5196,53685153,0,7,1,13312,37,6829877862
1109,53726748,45749,53772497,0,1,1,69632,37,2769793871
1110,53776234,47288,53823522,0,3,0,1536,35,2677952315
1111,53789188,5712,53794900,0,8,1,14336,40,8865512577
1112,53859643,1518,53861161,0,4,1,1536,28,7474941186
1113,53872895,13600,53886495,0,3,1,23040,35,4815123323
1114,53885568,12049,53897617,0,3,1,19968,35,7196931638
1115,53964485,23983,53988468,0,3,1,39936,35,6681036169
1116,53973661,72668,54046329,0,6,0,9216,28,2562529024
1117,54022817,47288,54070105,0,7,0,1536,37,2265851270
1118,54112355,81752,54194107,0,3,0,13824,35,3234191803
1119,54192217,3898,54196115,0,4,1,4096,28,6986222790
1120,54203557,213212,54416769,0,6,0,238592,28,8516827490
1121,54230395,14029,54244424,0,1,1,27136,37,3439484875
1122,54245815,118352,54364167,0,7,0,88576,37,5781490931
1123,54286611,15579,54302190,0,4,1,30208,28,7537225721
1124,54354961,6754,54361715,0,3,1,7168,35,8626384352
1125,54376688,5802,54382490,0,4,1,6144,28,4578101348
1126,54440123,129584,54569707,0,6,0,125440,28,5499539526
1127,54443909,2946,54446855,0,3,1,3072,35,3893366345
1128,54492243,16354,54508597,0,4,1,31744,28,4318212646
1129,54501272,115232,54616504,0,7,0,78336,37,459521025
1130,54514216,141452,54655668,0,2,0,134144,41,2213930962
1131,54516873,255841,54772714,0,7,0,201728,37,7028619098
1132,54563271,108244,54671515,0,6,0,34304,28,944693278
1133,54665792,6278,54672070,0,8,1,6656,40,5608504947
1134,54757548,12308,54769856,0,4,1,20480,28,10489739
1135,54954426,249332,55203758,0,6,0,276480,28,2207290707
1136,55008016,61899,55069915,0,1,1,100352,37,8476819405
1137,55031730,44662,55076392,0,0,1,76800,2,10366311906
1138,55037103,2870,55039973,0,3,1,8704,35,7277537536
1139,55067770,63966,55131736,0,0,1,104448,2,5473933877
1140,55074423,163859,55238282,0,6,0,90112,28,2418909418
1141,55116498,144708,55261206,0,0,1,235008,2,5291304832
1142,55166344,43904,55210248,0,3,0,512,35,1736059993
1143,55278661,30749,55309410,0,8,1,49664,40,4053842233
1144,55323109,4937,55328046,0,3,1,12800,35,8506969459
1145,55327445,10241,55337686,0,4,1,16384,28,6631904595
1146,55335250,15579,55350829,0,3,1,30208,35,2755589040
1147,55358684,15321,55374005,0,8,1,29696,40,3101899427
1148,55360166,94600,55454766,0,0,1,154112,2,3086337918
1149,55376714,368456,55745170,0,6,0,425472,28,8884756849
1150,55380240,210716,55590956,0,7,0,230400,37,2541798500
1151,55399953,1518,55401471,0,9,1,1536,3,9799239634
1152,55434933,2470,55437403,0,7,1,2560,37,3185763557
1153,55452804,12308,55465112,0,4,1,20480,28,9474203612
1154,55484989,289056,55774045,0,6,0,94720,28,9722617045
1155,55511681,273611,55785292,0,6,0,36864,28,6499752180
1156,55522413,6754,55529167,0,3,1,7168,35,2847400119
1157,55634081,5196,55639277,0,2,1,13312,41,10522065501
1158,55643781,48980,55692761,0,3,0,2048,35,6062015890
1159,55655423,144191,55799614,0,0,1,233984,2,2304194332
1160,55708225,437309,56145534,0,0,1,681984,2,217116315
1161,55764404,4420,55768824,0,2,1,11776,41,8712563451
1162,55802983,5802,55808785,0,8,1,6144,40,331214958
1163,55847502,34795,55882297,0,1,1,60928,37,5610853700
1164,55868610,12049,55880659,0,4,1,19968,28,7834306914
1165,55896522,15579,55912101,0,3,1,30208,35,211541057
1166,55914704,46988,55961692,0,2,1,81408,41,6561153476
1167,55952405,3387,55955792,0,4,1,9728,28,9789452532
1168,55982989,276547,56259536,0,0,1,365568,2,10512287653
1169,55990880,3898,55994778,0,8,1,4096,40,4685056109
1170,56056532,22691,56079223,0,2,1,37376,41,5084313265
1171,56082331,209488,56291819,0,0,1,113664,2,10575947424
1172,56150572,43904,56194476,0,3,0,512,35,349237891
1173,56202968,3387,56206355,0,8,1,9728,40,449754229
1174,56205023,246216,56451239,0,1,1,399360,37,3524298121
1175,56248199,14029,56262228,0,8,1,27136,40,1496223895
1176,56356479,107432,56463911,0,6,0,52736,28,1693872828
1177,56363675,33762,56397437,0,3,1,58880,35,9816136040
1178,56570938,45596,56616534,0,3,0,1024,35,7417125691
1179,56624024,194024,56818048,0,7,0,175616,37,5250029090
1180,56657736,114452,56772188,0,5,0,75776,48,10044012016
1181,56693516,330488,57024004,0,0,1,540160,2,8018576224
1182,56700211,329592,57029803,0,0,1,19456,2,5691074804
1183,56751955,103688,56855643,0,6,0,40448,28,8705246455
1184,56823805,145142,56968947,0,6,0,112640,28,9255340796
1185,56850459,126932,56977391,0,7,0,116736,37,3381341845
1186,56946608,94844,57041452,0,0,1,47616,2,6670655309
1187,56958655,258837,57217492,0,1,1,423936,37,8686015554
1188,56961507,258900,57220407,0,6,0,273408,28,5638661594
1189,56984062,2470,56986532,0,8,1,2560,40,8310571795
1190,57045541,2470,57048011,0,8,1,2560,40,10042665341
1191,57113734,62158,57175892,0,0,1,100864,2,7184866582
1192,57275226,88676,57363902,0,6,0,16384,28,2449129028
1193,57340945,206920,57547865,0,0,1,339456,2,9987733968
1194,57354431,104468,57458899,0,6,0,43008,28,3919325236
1195,57453061,5802,57458863,0,8,1,6144,40,2946500280
1196,57582859,47288,57630147,0,3,0,1536,35,5401149453
1197,57584707,55045,57639752,0,0,1,93696,2,6615212528
1198,57584824,72668,57657492,0,3,0,9216,35,6744665958
1199,57612400,94858,57707258,0,5,1,154624,48,1174824369
1200,57616334,165904,57782238,0,1,1,272896,37,7039897282
1201,57654782,130364,57785146,0,7,0,128000,37,10695186894
1202,57674759,124975,57799734,0,0,1,203264,2,2458378509
1203,57849444,220232,58069676,0,7,0,261632,37,8964207610
1204,57884709,5712,57890421,0,8,1,14336,40,673382486
1205,57976747,43904,58020651,0,3,0,512,35,9468993190
1206,58016109,33075,58049184,0,8,1,54272,40,10205124790
1207,58154626,101192,58255818,0,7,0,32256,37,2467567543
1208,58174948,7706,58182654,0,6,1,8192,28,791585807
1209,58213311,304670,58517981,0,6,0,310784,28,45789665
1210,58231022,45596,58276618,0,3,0,1024,35,3635927800
1211,58364815,3422,58368237,0,6,1,3584,28,6240918008
1212,58584607,47288,58631895,0,3,0,1536,35,5905653681
1213,58606793,1042,58607835,0,8,1,1024,40,6273760152
1214,58632942,49136,58682078,0,3,0,2560,35,10540986746
1215,58722939,329196,59052135,0,1,1,537600,37,9971228001
1216,58763929,2946,58766875,0,6,1,3072,28,10715327679
1217,58792931,13858,58806789,0,8,1,23552,40,5061856739
1218,58811196,318907,59130103,0,1,1,250368,37,1190876534
1219,58827558,14804,58842362,0,8,1,28672,40,406118259
1220,58936201,149912,59086113,0,7,0,136704,37,2628964306
1221,58939965,224006,59163971,0,1,0,20480,37,5259012138
1222,58945474,201308,59146782,0,1,1,55296,37,6620915769
1223,59087262,43904,59131166,0,3,0,512,35,921296440
1224,59545056,6754,59551810,0,8,1,7168,40,5147095590
1225,59551030,62674,59613704,0,1,1,101888,37,7759755484
1226,59582960,104983,59687943,0,1,1,171008,37,3574500450
1227,59586981,11016,59597997,0,8,1,17920,40,9377126879
1228,59732068,275780,60007848,0,7,0,282624,37,10263313974
1229,59787080,15837,59802917,0,1,1,30720,37,10073588234
1230,59814147,47288,59861435,0,3,0,1536,35,8631947015
1231,59816012,101366,59917378,0,1,1,163840,37,5750605953
1232,59839815,3645,59843460,0,6,1,10240,28,9485986400
1233,59865775,5802,59871577,0,6,1,6144,28,1872895024
1234,59880794,6278,59887072,0,8,1,6656,40,1690364966
1235,59950966,13083,59964049,0,1,1,22016,37,7861074547
1236,59976416,86454,60062870,0,1,1,144896,37,2304605680
1237,60005280,1042,60006322,0,8,1,1024,40,8185067703
1238,60079525,33503,60113028,0,1,1,58368,37,7242718167
1239,60091614,13083,60104697,0,8,1,22016,40,2626725998
1240,60127018,111491,60238509,0,5,1,180224,48,6731843775
1241,60147462,34279,60181741,0,8,1,59904,40,9363087217
1242,60162060,11791,60173851,0,9,1,19456,3,630156800
1243,60256429,12825,60269254,0,6,1,21504,28,10506098055
1244,60303422,109772,60413194,0,1,0,60416,37,2120242039
1245,60308062,5971,60314033,0,6,1,14848,28,6522871779
1246,60331624,158988,60490612,0,1,0,86528,37,9622947657
1247,60366932,106028,60472960,0,7,0,48128,37,5822566394
1248,60430432,14287,60444719,0,9,1,27648,3,4380323346
1249,60449322,5326,60454648,0,9,1,5632,3,8382862606
1250,60500988,32041,60533029,0,5,1,52224,48,1554089438
1251,60594434,195762,60790196,0,5,1,321024,48,8409063785
1252,60624513,217167,60841680,0,5,1,164352,48,4641570456
1253,60683331,4679,60688010,0,6,1,12288,28,1608621049
1254,60902678,7230,60909908,0,8,1,7680,40,2300127676
1255,60990368,22174,61012542,0,8,1,36352,40,362519605
1256,61023838,54056,61077894,0,3,0,3584,35,8665037615
1257,61134653,369236,61503889,0,7,0,428032,37,5340022519
1258,61224242,566,61224808,0,9,1,512,3,403118773
1259,61278314,23725,61302039,0,3,1,39424,35,8272596294
1260,61352294,104312,61456606,0,1,0,42496,37,7464762692
1261,61353323,2946,61356269,0,9,1,3072,3,381290446
1262,61441374,104000,61545374,0,6,0,41472,28,6069285793
1263,61453593,157720,61611313,0,7,0,52736,37,5477445828
1264,61455498,109000,61564498,0,1,0,54272,37,3327447683
1265,61485134,4850,61489984,0,6,1,5120,28,4862432029
1266,61725735,4162,61729897,0,6,1,11264,28,7241566133
1267,61763930,4679,61768609,0,6,1,12288,28,2324634968
1268,61779722,130520,61910242,0,1,0,128512,37,2166425373
1269,61839243,140467,61979710,0,1,0,56832,37,10439961759
1270,61913129,99008,62012137,0,1,0,25088,37,1836833339
1271,62021402,246475,62267877,0,5,1,399872,48,3169137357
1272,62029183,10757,62039940,0,9,1,17408,3,3655848687
1273,62117411,10241,62127652,0,6,1,16384,28,5206048389
1274,62146967,11791,62158758,0,8,1,19456,40,9455167102
1275,62188262,11791,62200053,0,9,1,19456,3,6633304579
1276,62191531,45596,62237127,0,3,0,1024,35,3490409321
1277,62297269,15579,62312848,0,6,1,30208,28,9361436064
1278,62320934,48980,62369914,0,3,0,2048,35,5776354687
1279,62326850,111332,62438182,0,7,0,65536,37,3368199761
1280,62351836,1994,62353830,0,9,1,2048,3,5655413241
1281,62365754,156272,62522026,0,7,0,111616,37,10160801078
1282,62485790,115532,62601322,0,7,0,72192,37,4597504229
1283,62524656,446649,62971305,0,5,1,722944,48,8277167828
1284,62533123,5196,62538319,0,6,1,13312,28,3831984805
1285,62596443,197803,62794246,0,7,0,172032,37,3700855362
1286,62631000,5454,62636454,0,6,1,13824,28,3246561029
1287,62634344,24412,62658756,0,9,1,44032,3,2343526820
1288,62699226,277184,62976410,0,7,0,287232,37,3722587644
1289,62814430,45596,62860026,0,3,0,1024,35,2299426701
1290,62885871,254533,63140404,0,5,1,412160,48,3644587087
1291,62886807,160400,63047207,0,1,0,145920,37,8824017327
1292,62912845,6278,62919123,0,6,1,6656,28,6397933158
1293,62928246,49292,62977538,0,3,0,3072,35,7839496633
1294,63059775,11274,63071049,0,6,1,18432,28,6957076310
1295,63091759,13600,63105359,0,9,1,23040,3,8095493750
1296,63174917,313094,63488011,0,6,0,338432,28,2047070552
1297,63227891,211184,63439075,0,7,0,231936,37,1437027271
1298,63254702,6229,63260931,0,6,1,15360,28,4726929412
1299,63266881,93308,63360189,0,1,0,21504,37,5109340097
1300,63274946,21399,63296345,0,9,1,34816,3,6803395651
1301,63370740,22862,63393602,0,9,1,40960,3,7153556070
1302,63400336,32816,63433152,0,9,1,53760,3,8622880348
1303,63449178,69591,63518769,0,6,1,49664,28,9400137789
1304,63483363,215225,63698588,0,6,0,229888,28,926156911
1305,63516170,3898,63520068,0,9,1,4096,3,2437969994
1306,63540794,21399,63562193,0,9,1,34816,3,9431771804
1307,63560791,1042,63561833,0,6,1,1024,28,422890945
1308,63580259,6278,63586537,0,9,1,6656,3,587765361
1309,63732890,291949,64024839,0,6,0,272384,28,9259831725
1310,63809763,105248,63915011,0,1,0,45568,37,216621792
1311,64093800,5454,64099254,0,5,1,13824,48,625343580
1312,64122997,134325,64257322,0,5,1,218112,48,2751882727
1313,64146271,116952,64263223,0,5,1,28160,48,2897394769
1314,64230395,200264,64430659,0,7,0,196096,37,9114576350
1315,64264355,22691,64287046,0,3,1,37376,35,5020269742
1316,64291049,35829,64326878,0,3,1,62976,35,4735349914
1317,64412580,115076,64527656,0,6,0,77824,28,1022389236
1318,64415629,327709,64743338,0,6,0,174592,28,3380241510
1319,64417977,263513,64681490,0,6,0,218624,28,2776769390
1320,64472227,7706,64479933,0,3,1,8192,35,1479463837
1321,64526362,13858,64540220,0,3,1,23552,35,1052046850
1322,64589274,136821,64726095,0,5,1,226304,48,4333460874
1323,64595601,284204,64879805,0,7,0,310272,37,9220270108
1324,64616123,440991,65057114,0,6,0,449024,28,5475015110
1325,64677152,6754,64683906,0,1,1,7168,37,5091075694
1326,64714985,204459,64919444,0,7,0,130048,37,3934254240
1327,64972673,291093,65263766,0,6,0,217088,28,2225556022
1328,65040304,86196,65126500,0,5,1,144384,48,1578714109
1329,65149471,3422,65152893,0,5,1,3584,48,160829493
1330,65174314,4850,65179164,0,3,1,5120,35,4447204823
1331,65337054,65900,65402954,0,3,0,7168,35,4032003881
1332,65494697,52364,65547061,0,3,0,3072,35,7444697865
1333,65562116,134325,65696441,0,5,1,218112,48,5013170367
1334,65684033,6278,65690311,0,3,1,6656,35,5777607289
1335,65700922,6278,65707200,0,3,1,6656,35,2359674021
1336,65737587,110552,65848139,0,7,0,62976,37,10347216496
1337,65801482,31783,65833265,0,3,1,51712,35,4982155780
1338,65806181,55010,65861191,0,3,0,512,35,2312722634
1339,65826239,12995,65839234,0,3,1,25088,35,8906097362
1340,66031984,103844,66135828,0,1,0,40960,37,8356109391
1341,66068324,113672,66181996,0,7,0,73216,37,10027715965
1342,66170164,43904,66214068,0,1,0,512,37,8479993944
1343,66189140,81891,66271031,0,5,1,132608,48,1131735659
1344,66262192,116324,66378516,0,7,0,81920,37,6774639440
1345,66282754,189344,66472098,0,6,0,160256,28,998690635
1346,66329927,52364,66382291,0,3,0,3072,35,10669169631
1347,66352411,279056,66631467,0,1,0,293376,37,9329282242
1348,66406003,191684,66597687,0,7,0,167936,37,4721277048
1349,66431656,296369,66728025,0,7,0,211456,37,5991606783
1350,66479711,254533,66734244,0,5,1,412160,48,8644096688
1351,66529940,234448,66764388,0,7,0,119296,37,7804034466
1352,66599207,121472,66720679,0,6,0,98816,28,8906469182
1353,66895316,54100,66949416,0,6,1,88576,28,9097618989
1354,66917676,101816,67019492,0,7,0,34304,37,1790072741
1355,66947271,117575,67064846,0,7,0,35840,37,7360054124
1356,67172512,234236,67406748,0,1,0,267264,37,5629765494
1357,67394844,133680,67528524,0,1,0,99840,37,10377675831
1358,67440481,21399,67461880,0,5,1,34816,48,3716009605
1359,67504666,416018,67920684,0,1,0,503296,37,1391304838
1360,67522459,12049,67534508,0,6,1,19968,28,4658563625
1361,67554869,12566,67567435,0,6,1,20992,28,9534990932
1362,67565957,606358,68172315,0,1,0,81408,37,9219144033
1363,67602013,98540,67700553,0,7,0,23552,37,3054357426
1364,67612989,32299,67645288,0,5,1,52736,48,6188886853
1365,67676208,5802,67682010,0,8,1,6144,40,816671653
1366,67722957,424539,68147496,0,1,0,443904,37,8701352911
1367,67727912,101816,67829728,0,7,0,34304,37,10128820835
1368,67763532,50741,67814273,0,6,1,81920,28,9956720053
1369,67764804,54100,67818904,0,8,1,88576,40,3120958135
1370,67824839,52364,67877203,0,3,0,3072,35,3689663427
1371,67880430,110864,67991294,0,7,0,64000,37,4214997106
1372,67929155,11791,67940946,0,8,1,19456,40,1310701236
1373,67961829,43904,68005733,0,3,0,512,35,7979383041
1374,67963467,71249,68034716,0,8,1,115200,40,2354167471
1375,67968504,101306,68069810,0,7,0,22016,37,5921490206
1376,67977759,155711,68133470,0,7,0,69632,37,5309462287
1377,68049386,103064,68152450,0,6,0,38400,28,247678261
1378,68146209,9361,68155570,0,6,1,9216,28,2055102165
1379,68241124,164870,68405994,0,5,1,270848,48,7014714173
1380,68260632,22174,68282806,0,0,1,36352,2,7227108056
1381,68274618,15579,68290197,0,6,1,30208,28,5016576431
1382,68313413,43904,68357317,0,3,0,512,35,254111532
1383,68514440,65900,68580340,0,3,0,7168,35,5102194699
1384,68626134,26738,68652872,0,8,1,48640,40,3953354066
1385,68641410,374228,69015638,0,1,0,444416,37,9197932729
1386,68672712,4374,68677086,0,6,1,4608,28,8537487224
1387,68707391,50672,68758063,0,3,0,2560,35,1981733741
1388,68919946,164968,69084914,0,1,0,8192,37,10072251646
1389,68920991,43904,68964895,0,3,0,512,35,8564736813
1390,68939816,64520,69004336,0,3,0,7680,35,2416802482
1391,69029979,47288,69077267,0,3,0,1536,35,1624309191
1392,69066861,5712,69072573,0,8,1,14336,40,220144691
1393,69107995,2870,69110865,0,4,1,8704,28,2513731214
1394,69118118,12737,69130855,0,6,1,24576,28,6440534143
1395,69340320,121784,69462104,0,6,0,99840,28,3253918073
1396,69378743,189656,69568399,0,7,0,161280,37,118389623
1397,69453072,4679,69457751,0,8,1,12288,40,5967392346
1398,69476909,215240,69692149,0,6,0,245248,28,8880819813
1399,69606068,13341,69619409,0,8,1,22528,40,2582758598
1400,69861900,4162,69866062,0,6,1,11264,28,7627191161
1401,69898866,74520,69973386,0,8,1,124928,40,2464678299
1402,69925091,477230,70402321,0,1,0,554496,37,7265426374
1403,69937734,41349,69979083,0,8,1,18944,40,4963787473
1404,69955337,16096,69971433,0,6,1,31232,28,4632946609
1405,69959533,17187,69976720,0,6,1,16896,28,6609232800
1406,69995813,293876,70289689,0,7,0,342016,37,3942398270
1407,70029079,21658,70050737,0,5,1,35328,48,3911125400
1408,70129887,74608,70204495,0,5,1,121856,48,8668634429
1409,70359597,214808,70574405,0,5,1,348160,48,9773633770
1410,70362448,60824,70423272,0,6,0,5632,28,9441812838
1411,70412716,12308,70425024,0,1,1,20480,37,3691967267
1412,70420964,170017,70590981,0,1,0,122368,37,8356644560
1413,70488943,218268,70707211,0,1,0,103936,37,4981157517
1414,70601304,21916,70623220,0,5,1,35840,48,2307596314
1415,70614742,136821,70751563,0,1,1,226304,37,4374829402
1416,70669184,2470,70671654,0,8,1,2560,40,9253259219
1417,70669342,151677,70821019,0,1,1,184832,37,9638584208
1418,70852788,449233,71302021,0,1,1,728064,37,1114807318
1419,70872506,3128,70875634,0,6,1,9216,28,6064381439
1420,70947699,3128,70950827,0,6,1,9216,28,8067056164
1421,70995341,49136,71044477,0,3,0,2560,35,7915074649
1422,71003393,319826,71323219,0,1,1,76800,37,1802256509
1423,71061889,47288,71109177,0,3,0,1536,35,2481565244
1424,71071269,278076,71349345,0,1,1,92160,37,7317955664
1425,71100581,48980,71149561,0,3,0,2048,35,6215038957
1426,71127846,6229,71134075,0,6,1,15360,28,4446222039
1427,71145496,282227,71427723,0,1,1,252416,37,6211302148
1428,71152056,12995,71165051,0,5,1,25088,48,5231345561
1429,71280430,22433,71302863,0,8,1,36864,40,5412492581
1430,71284565,13512,71298077,0,3,1,26112,35,8635449269
1431,71308823,5454,71314277,0,6,1,13824,28,4943385235
1432,71334554,149991,71484545,0,1,1,189952,37,8885767042
1433,71392978,300428,71693406,0,7,0,363520,37,7554556170
1434,71424267,14287,71438554,0,8,1,27648,40,6474371824
1435,71521287,82820,71604107,0,6,0,12288,28,10272082561
1436,71628655,72630,71701285,0,1,0,7168,37,1155337687
1437,71709451,47288,71756739,0,3,0,1536,35,9450710097
1438,71731365,51296,71782661,0,3,0,4608,35,8910269944
1439,71733073,162848,71895921,0,6,0,143872,28,2878080877
1440,71889726,10241,71899967,0,3,1,16384,35,168889616
1441,71933447,107276,72040723,0,1,0,52224,37,3101546141
1442,71952302,14804,71967106,0,3,1,28672,35,677451635
1443,71959714,414147,72373861,0,1,0,433664,37,7899148426
1444,71993961,107120,72101081,0,6,0,51712,28,6645360804
1445,71997383,188252,72185635,0,7,0,156672,37,2984820018
1446,72013260,137249,72150509,0,3,0,1536,35,3120916950
1447,72044792,202193,72246985,0,7,0,130048,37,3686643331
1448,72058487,7230,72065717,0,6,1,7680,28,1642251758
1449,72118311,6229,72124540,0,9,1,15360,3,6179661541
1450,72198429,14804,72213233,0,6,1,28672,28,3509983676
1451,72239253,6754,72246007,0,6,1,7168,28,495970347
1452,72258911,221593,72480504,0,6,0,34816,28,6830753863
1453,72265477,16354,72281831,0,8,1,31744,40,7608532915
1454,72358730,12995,72371725,0,8,1,25088,40,3762437229
1455,72389986,98696,72488682,0,7,0,24064,37,7570889788
1456,72398312,13083,72411395,0,8,1,22016,40,3605323634
1457,72443862,83870,72527732,0,1,1,139776,37,6313149187
1458,72488928,1518,72490446,0,8,1,1536,40,5537684198
1459,72490415,6754,72497169,0,8,1,7168,40,10628101182
1460,72494366,104468,72598834,0,6,0,43008,28,3900426094
1461,72530747,21141,72551888,0,9,1,34304,3,5714350355
1462,72581498,62828,72644326,0,3,0,7168,35,6642217531
1463,72604509,25446,72629955,0,9,1,46080,3,10331711787
1464,72633759,5971,72639730,0,6,1,14848,28,4118981911
1465,72697046,34367,72731413,0,6,1,56832,28,6294323214
1466,72714948,93825,72808773,0,5,1,152576,48,526605765
1467,72716850,138376,72855226,0,5,1,148480,48,7355320473
1468,72737527,4420,72741947,0,8,1,11776,40,1816415411
1469,72787172,60980,72848152,0,6,0,6144,28,4743276883
1470,72862066,54212,72916278,0,3,0,4096,35,519692671
1471,72894847,13512,72908359,0,8,1,26112,40,6996374943
1472,72914839,16096,72930935,0,1,1,31232,37,10338844889
1473,72916633,3128,72919761,0,3,1,9216,35,8690931050
1474,73008044,7706,73015750,0,6,1,8192,28,7892490563
1475,73018647,34795,73053442,0,1,1,60928,37,9333134266
1476,73041987,30491,73072478,0,1,1,49152,37,1242815880
1477,73056065,32221,73088286,0,1,1,50688,37,5924315938
1478,73151008,7230,73158238,0,3,1,7680,35,5367896525
1479,73173497,110084,73283581,0,7,0,61440,37,1100587573
1480,73215469,54529,73269998,0,6,1,92672,28,1952292284
1481,73273466,69041,73342507,0,3,0,512,35,8189880064
1482,73566378,566,73566944,0,8,1,512,40,2585738636
1483,73575497,149312,73724809,0,6,0,139776,28,1891422614
1484,73655782,118820,73774602,0,7,0,90112,37,6595534960
1485,73662092,134495,73796587,0,5,1,221696,48,1710091262
1486,73662963,617380,74280343,0,5,1,895488,48,3079427871
1487,73741758,642730,74384488,0,5,1,343040,48,763085204
1488,73827562,14804,73842366,0,8,1,28672,40,5890377144
1489,73853847,542085,74395932,0,5,1,46592,48,9723239094
1490,73894814,190124,74084938,0,6,0,162816,28,121908731
1491,73913129,54056,73967185,0,3,0,3584,35,9869033181
1492,73928682,121160,74049842,0,1,0,97792,37,833814569
1493,73967860,454301,74422161,0,5,1,92672,48,99848110
1494,73968664,12825,73981489,0,8,1,21504,40,2948346363
1495,74021058,12049,74033107,0,6,1,19968,28,783772953
1496,74086594,367953,74454547,0,5,1,114176,48,8628114428
1497,74122002,130208,74252210,0,7,0,127488,37,3600269698
1498,74134924,4850,74139774,0,8,1,5120,40,1150966623
1499,74138027,22433,74160460,0,6,1,36864,28,4601741760
1500,74187776,194648,74382424,0,6,0,177664,28,2971496805
1501,74404344,285340,74689684,0,5,0,61440,48,943876248
1502,74472893,6754,74479647,0,6,1,7168,28,5696203595
1503,74500560,15837,74516397,0,6,1,30720,28,4020260026
1504,74616228,20366,74636594,0,6,1,32768,28,8757594450
1505,74700968,116012,74816980,0,7,0,80896,37,5147387440
1506,74733955,172241,74906196,0,5,1,278528,48,54603447
1507,74764289,98540,74862829,0,1,0,23552,37,9879636663
1508,74772675,279061,75051736,0,7,0,274432,37,9379230245
1509,74776081,133021,74909102,0,5,1,4608,48,3999501903
1510,74843700,285883,75129583,0,7,0,15360,37,4425938782
1511,74850617,52364,74902981,0,3,0,3072,35,653122895
1512,74881274,78212,74959486,0,1,0,12288,37,8565929607
1513,74887366,14029,74901395,0,6,1,27136,28,747249000
1514,74921630,155003,75076633,0,5,1,254976,48,4416323812
1515,74927197,197691,75124888,0,7,0,169472,37,4008273841
1516,75207829,11016,75218845,0,3,1,17920,35,5323764678
1517,75240169,201512,75441681,0,6,0,200192,28,6496082024
1518,75290089,456836,75746925,0,6,0,423424,28,4376894242
1519,75295680,6229,75301909,0,3,1,15360,35,201650032
1520,75486458,41391,75527849,0,6,1,67072,28,7095084586
1521,75581242,3904,75585146,0,3,1,10752,35,8307749953
1522,75770444,5971,75776415,0,5,1,14848,48,3570954061
1523,75793347,47288,75840635,0,3,0,1536,35,8239025732
1524,75867411,12566,75879977,0,6,1,20992,28,8045601226
1525,75874454,286318,76160772,0,6,0,196608,28,9612613775
1526,75893341,1994,75895335,0,3,1,2048,35,6420901714
1527,75973868,13770,75987638,0,3,1,26624,35,1964401432
1528,76046143,4162,76050305,0,3,1,11264,35,3294927244
1529,76164084,3898,76167982,0,6,1,4096,28,1941571632
1530,76228583,5802,76234385,0,4,1,6144,28,4506686398
1531,76303981,102284,76406265,0,1,0,35840,37,9498175283
1532,76309377,52364,76361741,0,3,0,3072,35,4350053584
1533,76388240,122564,76510804,0,6,0,102400,28,3856356228
1534,76416474,204320,76620794,0,7,0,209408,37,1542258969
1535,76421752,118196,76539948,0,1,0,88064,37,6799082398
1536,76425728,218146,76643874,0,1,0,165888,37,2660956485
1537,76466714,3387,76470101,0,3,1,9728,35,6110031069
1538,76578627,3898,76582525,0,3,1,4096,35,9818793282
1539,76681022,206816,76887838,0,6,0,217600,28,4421672754
1540,76795576,15837,76811413,0,3,1,30720,35,2686928221
1541,76799732,22950,76822682,0,5,1,37888,48,3551661004
1542,76852511,200576,77053087,0,1,0,197120,37,2082812619
1543,76871542,2946,76874488,0,3,1,3072,35,208625177
1544,76891083,166387,77057470,0,1,0,14336,37,38003256
1545,76934305,3422,76937727,0,6,1,3584,28,9569863225
1546,76936713,13858,76950571,0,3,1,23552,35,5969275858
1547,76941798,121243,77063041,0,3,0,5120,35,6753839212
1548,77008815,72970,77081785,0,3,0,6144,35,8970078063
1549,77067157,190904,77258061,0,6,0,165376,28,10205433805
1550,77142113,407958,77550071,0,5,1,660992,48,6594268948
1551,77273290,292232,77565522,0,5,1,49152,48,5611601692
1552,77282798,4374,77287172,0,6,1,4608,28,1913124574
1553,77296723,327914,77624637,0,6,0,387072,28,5391115064
1554,77337494,3422,77340916,0,3,1,3584,35,278086740
1555,77402633,235747,77638380,0,6,0,45056,28,6736974265
1556,77436665,303832,77740497,0,6,0,54272,28,3618098066
1557,77439175,13083,77452258,0,6,1,22016,28,10231640607
1558,77456362,146679,77603041,0,5,1,130560,48,10655823214
1559,77457023,258784,77715807,0,6,0,201216,28,10037455940
1560,77465620,379020,77844640,0,6,0,166912,28,7095556336
1561,77506239,504374,78010613,0,7,0,643584,37,1597628612
1562,77546401,33503,77579904,0,1,1,58368,37,619278355
1563,77589835,55291,77645126,0,6,1,7168,28,9644129182
1564,77628239,196020,77824259,0,5,1,321536,48,1661879533
1565,77633214,279791,77913005,0,5,1,293888,48,3308648236
1566,77680789,57440,77738229,0,3,0,4608,35,243630999
1567,77735790,11453,77747243,0,6,1,7168,28,6963997659
1568,77794339,13600,77807939,0,8,1,23040,40,7685701556
1569,77802889,54056,77856945,0,3,0,3584,35,6784828000
1570,77840825,361620,78202445,0,7,0,168448,37,4735103324
1571,77866187,289352,78155539,0,1,0,327168,37,5237433827
1572,77959107,184691,78143798,0,5,1,299520,48,6818025861
1573,77986633,3898,77990531,0,3,1,4096,35,2888040414
1574,78005640,158742,78164382,0,5,1,73728,48,3686277533
1575,78033697,60824,78094521,0,6,0,5632,28,1572023827
1576,78053378,3387,78056765,0,3,1,9728,35,4690803921
1577,78100564,2946,78103510,0,3,1,3072,35,4965701073
1578,78107629,54056,78161685,0,3,0,3584,35,7562784096
1579,78108909,122378,78231287,0,7,0,55296,37,396784516
1580,78128825,66407,78195232,0,5,1,98304,48,3283802705
1581,78243442,84904,78328346,0,5,1,141824,48,3990824306
1582,78301782,43904,78345686,0,6,0,512,28,3090756113
1583,78353375,12308,78365683,0,5,1,20480,48,8387623874
1584,78409630,48980,78458610,0,3,0,2048,35,8488227184
1585,78424653,3645,78428298,0,4,1,10240,28,10473981775
1586,78426579,69152,78495731,0,7,0,12800,37,7809388339
1587,78454116,52676,78506792,0,1,0,4096,37,5441574328
1588,78462664,4679,78467343,0,4,1,12288,28,9171024477
1589,78514246,130832,78645078,0,7,0,129536,37,7666166113
1590,78643874,108680,78752554,0,1,0,56832,37,9395136599
1591,78715534,52364,78767898,0,6,0,3072,28,1260467574
1592,78733741,49448,78783189,0,3,0,3584,35,10555445080
1593,78747271,117260,78864531,0,7,0,84992,37,7401200821
1594,78856465,4850,78861315,0,6,1,5120,28,4106163470
1595,78880994,194024,79075018,0,1,0,175616,37,5533635824
1596,78911313,3904,78915217,0,9,1,10752,3,2416021171
1597,78960728,35312,78996040,0,4,1,61952,28,2671182998
1598,78978234,5802,78984036,0,6,1,6144,28,212340359
1599,78979571,58024,79037595,0,6,0,4608,28,8245397329
1600,79082679,74696,79157375,0,7,0,15872,37,7805874187
1601,79248184,47288,79295472,0,3,0,1536,35,7738233056
1602,79297956,57596,79355552,0,3,0,5120,35,6297228340
1603,79313604,566,79314170,0,4,1,512,28,1932281529
1604,79354451,15837,79370288,0,9,1,30720,3,988361883
1605,79372294,13858,79386152,0,3,1,23552,35,1159335605
1606,79378020,4937,79382957,0,4,1,12800,28,8555593544
1607,79405190,5196,79410386,0,4,1,13312,28,4390970586
1608,79419500,4420,79423920,0,4,1,11776,28,7937893419
1609,79447197,45596,79492793,0,6,0,1024,28,5159783758
1610,79502395,26738,79529133,0,1,1,48640,37,3440687219
1611,79613529,4679,79618208,0,6,1,12288,28,5012567959
1612,79694006,10241,79704247,0,3,1,16384,35,5634247326
1613,79820251,43904,79864155,0,6,0,512,28,2074341903
1614,79869691,130676,80000367,0,7,0,129024,37,9714522110
1615,79877252,235303,80112555,0,7,0,174592,37,2732939037
1616,79899440,3387,79902827,0,9,1,9728,3,10638220246
1617,79900501,35543,79936044,0,9,1,55296,3,6002476152
1618,79921843,43904,79965747,0,6,0,512,28,7893035913
1619,79942785,12308,79955093,0,9,1,20480,3,7873475986
1620,79957364,54056,80011420,0,3,0,3584,35,3362937477
1621,79968614,52988,80021602,0,3,0,5120,35,6291712407
1622,80068453,64208,80132661,0,3,0,6656,35,6492728513
1623,80070723,56372,80127095,0,6,0,6144,28,5918020726
1624,80119524,175292,80294816,0,7,0,144384,37,7836017183
1625,80150115,2470,80152585,0,9,1,2560,3,5443652485
1626,80216354,2946,80219300,0,4,1,3072,28,7729824149
1627,80227005,62516,80289521,0,3,0,6144,35,18134700
1628,80338753,5971,80344724,0,9,1,14848,3,7705078408
1629,80355230,12737,80367967,0,3,1,24576,35,6856585510
1630,80557804,103688,80661492,0,1,0,40448,37,1130491172
1631,80566273,6278,80572551,0,3,1,6656,35,6175947876
1632,80571001,1042,80572043,0,8,1,1024,40,9607904338
1633,80781673,219920,81001593,0,7,0,260608,37,6303455088
1634,80786669,43904,80830573,0,3,0,512,35,5668673624
1635,80792163,3422,80795585,0,9,1,3584,3,6353621674
1636,80837297,12995,80850292,0,3,1,25088,35,1215998172
1637,80847457,41132,80888589,0,4,1,66560,28,4371781362
1638,80876551,44404,80920955,0,4,1,76288,28,6218679277
1639,80934780,170649,81105429,0,7,0,40960,37,10685654124
1640,80938844,5454,80944298,0,9,1,13824,3,10568888300
1641,81072663,6754,81079417,0,3,1,7168,35,3373613640
1642,81074124,15834,81089958,0,3,1,29184,35,9035354542
1643,81202874,5326,81208200,0,9,1,5632,3,8755487768
1644,81242308,47288,81289596,0,3,0,1536,35,2757569788
1645,81338781,14545,81353326,0,4,1,28160,28,6240565509
1646,81354915,4162,81359077,0,8,1,11264,40,1446820132
1647,81364628,71444,81436072,0,7,0,10240,37,9413329227
1648,81390640,13600,81404240,0,3,1,23040,35,4670868488
1649,81481178,1994,81483172,0,7,1,2048,37,4597413077
1650,81513813,6278,81520091,0,9,1,6656,3,3980842302
1651,81521890,5326,81527216,0,4,1,5632,28,2706751415
1652,81537393,13858,81551251,0,9,1,23552,3,605523671
1653,81552320,30749,81583069,0,9,1,49664,3,9718893234
1654,81567199,4679,81571878,0,6,1,12288,28,5647205466
1655,81568030,47288,81615318,0,3,0,1536,35,2130125041
1656,81670324,45596,81715920,0,3,0,1024,35,10278637920
1657,81708762,13341,81722103,0,7,1,22528,37,10665730571
1658,81726406,25704,81752110,0,9,1,46592,3,5836764491
1659,81730636,62516,81793152,0,1,0,6144,37,3321731594
1660,81755759,2470,81758229,0,8,1,2560,40,2461495081
1661,81780354,81891,81862245,0,5,1,132608,48,6685934256
1662,81781822,45596,81827418,0,6,0,1024,28,543757796
1663,81786651,13253,81799904,0,7,1,25600,37,7518070416
1664,81837030,22433,81859463,0,4,1,36864,28,8801690451
1665,81845718,7230,81852948,0,3,1,7680,35,342962958
1666,81847603,14621,81862224,0,3,1,24064,35,2027320928
1667,81869209,10499,81879708,0,6,1,16896,28,8482791688
1668,81877885,5454,81883339,0,6,1,13824,28,4251142477
1669,81972044,3904,81975948,0,4,1,10752,28,5501705779
1670,82000060,21141,82021201,0,4,1,34304,28,10640318037
1671,82027491,14545,82042036,0,8,1,28160,40,8109989862
1672,82055301,353936,82409237,0,1,0,408064,37,7255434659
1673,82087199,153799,82240998,0,7,0,131072,37,4906824751
1674,82096375,11274,82107649,0,7,1,18432,37,7884205707
1675,82137960,64137,82202097,0,8,1,108032,40,195373902
1676,82177107,14545,82191652,0,6,1,28160,28,1005517773
1677,82207874,10241,82218115,0,0,1,16384,2,9691897587
1678,82362789,21916,82384705,0,7,1,35840,37,439203124
1679,82364348,2946,82367294,0,3,1,3072,35,10594695537
1680,82386799,22174,82408973,0,9,1,36352,3,1148894302
1681,82425842,10757,82436599,0,3,1,17408,35,5347867596
1682,82431138,44117,82475255,0,3,0,1024,35,8694475131
1683,82440973,14117,82455090,0,6,1,24064,28,8437968475
1684,82641739,67748,82709487,0,1,0,8192,37,4600277661
1685,82700543,5802,82706345,0,3,1,6144,35,7374788344
1686,82776478,1994,82778472,0,3,1,2048,35,4191405368
1687,82809622,6754,82816376,0,9,1,7168,3,3713940446
1688,82820653,5196,82825849,0,8,1,13312,40,9554183932
1689,82863411,108992,82972403,0,1,0,57856,37,8559890474
1690,82877801,12308,82890109,0,6,1,20480,28,1588219238
1691,82904618,194648,83099266,0,7,0,177664,37,1280908847
1692,82917045,26221,82943266,0,7,1,47616,37,1228412285
1693,83061308,1518,83062826,0,4,1,1536,28,8654804015
1694,83072560,109460,83182020,0,1,0,59392,37,8689048980
1695,83098915,45596,83144511,0,6,0,1024,28,7119368844
1696,83110846,11791,83122637,0,7,1,19456,37,312502333
1697,83152167,4162,83156329,0,4,1,11264,28,7982051218
1698,83154482,3898,83158380,0,8,1,4096,40,5546638516
1699,83176538,1994,83178532,0,8,1,2048,40,10361968505
1700,83204967,191848,83396815,0,7,0,128512,37,7139557048
1701,83283574,43904,83327478,0,6,0,512,28,6461812052
1702,83312694,2870,83315564,0,8,1,8704,40,2802218947
1703,83368883,121568,83490451,0,7,0,27648,37,3149334915
1704,83390699,17149,83407848,0,7,1,17920,37,7441439211
1705,83420856,195762,83616618,0,5,1,321024,48,1342073511
1706,83448335,45596,83493931,0,6,0,1024,28,1866854870
1707,83462811,14029,83476840,0,8,1,27136,40,3776157703
1708,83499333,61292,83560625,0,6,0,7168,28,124379829
1709,83504444,14287,83518731,0,7,1,27648,37,5817674114
1710,83507871,50672,83558543,0,3,0,2560,35,7299225554
1711,83524072,11016,83535088,0,6,1,17920,28,5545079598
1712,83546973,23378,83570351,0,4,1,41984,28,10015023507
1713,83570604,50672,83621276,0,3,0,2560,35,2977351049
1714,83680695,3128,83683823,0,4,1,9216,28,1973450567
1715,83727180,75296,83802476,0,3,0,12800,35,738648973
1716,83733697,294968,84028665,0,1,0,345600,37,6954148751
1717,83757193,6754,83763947,0,6,1,7168,28,9756690576
1718,83874384,14287,83888671,0,4,1,27648,28,6189425053
1719,83957492,12308,83969800,0,9,1,20480,3,8348368320
1720,84017403,21399,84038802,0,4,1,34816,28,1799339143
1721,84029044,47288,84076332,0,6,0,1536,28,8018236669
1722,84073989,10757,84084746,0,7,1,17408,37,8941968578
1723,84116997,16613,84133610,0,9,1,32256,3,1242703323
1724,84167177,1994,84169171,0,6,1,2048,28,7695365200
1725,84185475,101816,84287291,0,7,0,34304,37,730638194
1726,84192472,54056,84246528,0,3,0,3584,35,9309793873
1727,84204507,11016,84215523,0,6,1,17920,28,9845197008
1728,84222893,229872,84452765,0,7,0,233472,37,7375771852
1729,84254438,15062,84269500,0,7,1,29184,37,1034103672
1730,84265226,75320,84340546,0,1,0,17920,37,5865844844
1731,84374873,14804,84389677,0,8,1,28672,40,4291372886
1732,84401266,7230,84408496,0,4,1,7680,28,10550904676
1733,84426381,10499,84436880,0,9,1,16896,3,3216903287
1734,84442899,15829,84458728,0,7,1,14848,37,9092189451
1735,84451929,4850,84456779,0,9,1,5120,3,5247713118
1736,84457966,12825,84470791,0,9,1,21504,3,10669059856
1737,84484802,23466,84508268,0,4,1,38912,28,2889842728
1738,84533562,23120,84556682,0,8,1,41472,40,9039596750
1739,84625540,14287,84639827,0,9,1,27648,3,7739569261
1740,84707980,20366,84728346,0,8,1,32768,40,1971899223
1741,84713980,15992,84729972,0,8,1,2560,40,5303551046
1742,84777878,5196,84783074,0,4,1,13312,28,7579057900
1743,84805825,278432,85084257,0,7,0,291328,37,2949847485
1744,84834780,45752,84880532,0,3,0,1536,35,2349174270
1745,84859301,254800,85114101,0,7,0,89600,37,7596242526
1746,84878450,50672,84929122,0,3,0,2560,35,7925770158
1747,84972040,5971,84978011,0,9,1,14848,3,4459264968
1748,85018143,128336,85146479,0,1,0,121344,37,3419529004
1749,85062636,43904,85106540,0,3,0,512,35,3837678661
1750,85238172,16613,85254785,0,7,1,32256,37,561072672
1751,85253365,106340,85359705,0,1,0,49152,37,10457623390
1752,85264310,240103,85504413,0,1,0,216576,37,7976409566
1753,85348768,4374,85353142,0,7,1,4608,37,4729435069
1754,85349529,57440,85406969,0,6,0,4608,28,7042385278
1755,85359453,48980,85408433,0,3,0,2048,35,6272157118
1756,85377795,58064,85435859,0,6,0,6656,28,985580444
1757,85381087,6229,85387316,0,8,1,15360,40,5973156591
1758,85464047,43904,85507951,0,6,0,512,28,3751637765
1759,85496772,14545,85511317,0,4,1,28160,28,9100172552
1760,85540253,2470,85542723,0,7,1,2560,37,754967196
1761,85576247,12995,85589242,0,4,1,25088,28,3726521860
1762,85711727,54056,85765783,0,3,0,3584,35,8672106014
1763,85842733,3128,85845861,0,7,1,9216,37,3232132668
1764,85914953,671630,86586583,0,1,0,869888,37,6290199079
1765,85922930,54212,85977142,0,6,0,4096,28,3347300984
1766,85939805,55748,85995553,0,3,0,4096,35,2501374572
1767,86061372,5326,86066698,0,8,1,5632,40,4935654878
1768,86061695,107276,86168971,0,7,0,52224,37,9410623329
1769,86119101,228072,86347173,0,7,0,244224,37,7737319906
1770,86134486,7230,86141716,0,7,1,7680,37,2830685813
1771,86156988,4420,86161408,0,9,1,11776,3,6212282153
1772,86304134,5326,86309460,0,4,1,5632,28,7981960799
1773,86348620,32041,86380661,0,9,1,52224,3,753080302
1774,86380688,422375,86803063,0,1,0,249344,37,615725300
1775,86396775,1518,86398293,0,4,1,1536,28,9893048811
1776,86407127,45752,86452879,0,6,0,1536,28,5524616669
1777,86491754,52364,86544118,0,3,0,3072,35,9917013450
1778,86568530,62516,86631046,0,3,0,6144,35,111620746
1779,86609397,1042,86610439,0,6,1,1024,28,8970718472
1780,86624609,3387,86627996,0,7,1,9728,37,2863054199
1781,86635989,22950,86658939,0,7,1,37888,37,10385740622
1782,86636457,360034,86996491,0,1,0,276992,37,1217183264
1783,86657180,54680,86711860,0,6,0,5632,28,7519411670
1784,86693233,5971,86699204,0,8,1,14848,40,238857127
1785,86696638,566,86697204,0,2,1,512,41,496057489
1786,86763667,52364,86816031,0,6,0,3072,28,4727817582
1787,86772321,11533,86783854,0,4,1,18944,28,6472968609
1788,86807841,259294,87067135,0,1,0,194048,37,16169613
1789,86828027,57440,86885467,0,6,0,4608,28,6980538240
1790,86953456,59132,87012588,0,3,0,5120,35,10483202573
1791,86987870,7706,86995576,0,9,1,8192,3,7520149922
1792,86989476,57440,87046916,0,6,0,4608,28,2389735212
1793,86995336,13858,87009194,0,2,1,23552,41,1034544747
1794,87205909,34020,87239929,0,2,1,59392,41,818688889
1795,87261966,3128,87265094,0,9,1,9216,3,1616243420
1796,87283849,4850,87288699,0,8,1,5120,40,4808552844
1797,87332014,566,87332580,0,4,1,512,28,7938532241
1798,87424105,13600,87437705,0,7,1,23040,37,9084467112
1799,87451861,48980,87500841,0,3,0,2048,35,10326896319
1800,87532299,84216,87616515,0,0,1,137216,2,4136847907
1801,87551653,129584,87681237,0,1,0,125440,37,5682017332
1802,87569797,43904,87613701,0,3,0,512,35,2024137236
1803,87599254,6278,87605532,0,7,1,6656,37,2955571066
1804,87645838,5326,87651164,0,7,1,5632,37,1822719296
1805,87660146,13253,87673399,0,2,1,25600,41,4840791849
1806,87852855,14117,87866972,0,8,1,24064,40,6246379676
1807,87855707,3387,87859094,0,2,1,9728,41,7344655325
1808,87907750,45596,87953346,0,6,0,1024,28,1315048220
1809,88125467,34367,88159834,0,2,1,56832,41,8159336496
1810,88252146,65900,88318046,0,6,0,7168,28,825256622
1811,88299442,6488,88305930,0,9,1,15872,3,6297368346
1812,88332317,20624,88352941,0,2,1,33280,41,7820241428
1813,88363817,74828,88438645,0,3,0,11264,35,4991003819
1814,88369896,4937,88374833,0,8,1,12800,40,1120570303
1815,88370472,9861,88380333,0,8,1,15872,40,7479165372
1816,88370904,4937,88375841,0,7,1,12800,37,379513989
1817,88388933,14804,88403737,0,3,1,28672,35,8970509571
1818,88394155,300650,88694805,0,7,0,159232,37,6126712554
1819,88394229,70976,88465205,0,6,0,8704,28,5571955785
1820,88435060,361031,88796091,0,7,0,263680,37,6859896639
1821,88463068,6488,88469556,0,9,1,15872,3,3260833277
1822,88481383,13858,88495241,0,2,1,23552,41,2743205978
1823,88553298,566,88553864,0,2,1,512,41,2333826675
1824,88593043,4850,88597893,0,2,1,5120,41,7936013478
1825,88618292,14804,88633096,0,9,1,28672,3,7502016994
1826,88623858,3422,88627280,0,8,1,3584,40,7732909841
1827,88640945,3898,88644843,0,9,1,4096,3,3647454171
1828,88641786,13600,88655386,0,2,1,23040,41,5688313494
1829,88654528,63140,88717668,0,6,0,8192,28,2964095219
1830,88677654,81366,88759020,0,6,0,512,28,8879884470
1831,88742820,154575,88897395,0,0,1,250880,2,2178753491
1832,88819854,1994,88821848,0,7,1,2048,37,9888811740
1833,88849872,26738,88876610,0,2,1,48640,41,3648566071
1834,88875482,45596,88921078,0,3,0,1024,35,7673108214
1835,88912590,45596,88958186,0,6,0,1024,28,9499129149
1836,88923991,566,88924557,0,2,1,512,41,3450291442
1837,88926420,48980,88975400,0,3,0,2048,35,5084963347
1838,89080956,14287,89095243,0,2,1,27648,41,10559306298
1839,89090031,11016,89101047,0,2,1,17920,41,5083091838
1840,89137665,23725,89161390,0,7,1,39424,37,8844591215
1841,89230408,32299,89262707,0,7,1,52736,37,9978509559
1842,89270748,239389,89510137,0,7,0,74752,37,2315547183
1843,89359217,566,89359783,0,2,1,512,41,6332559906
1844,89369624,16613,89386237,0,7,1,32256,37,4266113945
1845,89373632,43904,89417536,0,6,0,512,28,1991250621
1846,89407491,12049,89419540,0,2,1,19968,41,729648693
1847,89452054,1994,89454048,0,9,1,2048,3,6138132017
1848,89475825,33075,89508900,0,9,1,54272,3,6096677785
1849,89536514,21399,89557913,0,2,1,34816,41,2918690316
1850,89540244,22175,89562419,0,2,1,7168,41,1616752696
1851,89921595,55748,89977343,0,3,0,4096,35,5958635508
1852,90017108,115856,90132964,0,7,0,80384,37,8830414648
1853,90200235,47288,90247523,0,6,0,1536,28,6078850944
1854,90365680,44060,90409740,0,3,0,1024,35,7096776316
1855,90406543,122252,90528795,0,1,0,101376,37,7716934691
1856,90420204,657590,91077794,0,7,0,823808,37,2221226307
1857,90477536,87488,90565024,0,5,1,146944,48,5154554064
1858,90527497,51140,90578637,0,3,0,4096,35,8289161753
1859,90535635,79304,90614939,0,3,0,15872,35,1751881963
1860,90591256,109928,90701184,0,1,0,60928,37,6137273569
1861,90617838,45596,90663434,0,6,0,1024,28,2928827306
1862,90660625,3422,90664047,0,7,1,3584,37,10309741232
1863,90707272,405333,91112605,0,7,0,114176,37,2362085874
1864,90753381,1518,90754899,0,3,1,1536,35,6407823844
1865,90810785,15062,90825847,0,7,1,29184,37,632045790
1866,90836251,291425,91127676,0,7,1,29184,37,845675664
1867,90925094,32558,90957652,0,3,1,53248,35,781642827
1868,90948114,450715,91398829,0,7,0,316928,37,8903751536
1869,90952465,43904,90996369,0,6,0,512,28,8662256851
1870,91069688,58974,91128662,0,7,1,1536,37,9286215756
1871,91084088,175184,91259272,0,3,0,154112,35,347994600
1872,91149963,345320,91495283,0,1,0,404992,37,8522870279
1873,91176142,7706,91183848,0,3,1,8192,35,4812742015
1874,91188302,45596,91233898,0,6,0,1024,28,6136760448
1875,91260841,238513,91499354,0,1,0,13312,37,2235782169
1876,91275235,111176,91386411,0,3,0,65024,35,9326832125
1877,91291690,653939,91945629,0,7,0,694272,37,6377016227
1878,91457795,62516,91520311,0,6,0,6144,28,3264899570
1879,91524622,12566,91537188,0,7,1,20992,37,5083349159
1880,91562470,234548,91797018,0,1,0,268288,37,1195246460
1881,91687583,16354,91703937,0,8,1,31744,40,2686461749
1882,91809584,245965,92055549,0,7,0,60928,37,389413614
1883,91966723,158840,92125563,0,1,0,140800,37,2454501775
1884,91985828,566,91986394,0,7,1,512,37,4161515494
1885,92005306,4420,92009726,0,7,1,11776,37,8519386115
1886,92029367,7230,92036597,0,7,1,7680,37,3886782918
1887,92040920,52676,92093596,0,6,0,4096,28,4692178296
1888,92131735,116948,92248683,0,1,0,83968,37,4742849298
1889,92289988,11533,92301521,0,6,1,18944,28,5669549753
1890,92320418,104468,92424886,0,7,0,43008,37,4264854475
1891,92336369,33075,92369444,0,6,1,54272,28,8424343621
1892,92423412,357333,92780745,0,0,1,579072,2,9223819521
1893,92425334,125662,92550996,0,1,1,207872,37,4052911248
1894,92463123,23637,92486760,0,6,1,42496,28,6287433348
1895,92505975,66936,92572911,0,1,1,80384,37,9236753965
1896,92514754,684169,93198923,0,1,0,600576,37,1673017642
1897,92525168,45596,92570764,0,7,0,1024,37,7135835109
1898,92583396,285653,92869049,0,1,0,63488,37,4160252148
1899,92626347,6278,92632625,0,6,1,6656,28,3213796338
1900,92647943,35571,92683514,0,7,1,62464,37,1785577189
1901,92787977,238202,93026179,0,7,0,253952,37,7007105471
1902,92829473,39591,92869064,0,1,1,43520,37,8690782363
1903,92884676,2470,92887146,0,1,1,2560,37,7353300782
1904,93052944,211496,93264440,0,3,0,232960,35,4889261178
1905,93155285,158650,93313935,0,1,1,190464,37,3478467458
1906,93159782,216012,93375794,0,0,1,353792,2,7403405573
1907,93176489,3645,93180134,0,2,1,10240,41,6138283880
1908,93225405,240192,93465597,0,1,0,59904,37,2419126924
1909,93227190,89168,93316358,0,7,0,23040,37,5437244708
1910,93235138,15579,93250717,0,6,1,30208,28,4846366197
1911,93449686,37819,93487505,0,1,1,35840,37,10073381226
1912,93498082,114608,93612690,0,7,0,76288,37,8041473676
1913,93551397,90357,93641754,0,7,0,3072,37,4259655635
1914,93604645,111749,93716394,0,0,1,180736,2,6830562683
1915,93643609,22950,93666559,0,6,1,37888,28,5815250172
1916,93705769,146193,93851962,0,6,0,1536,28,4288001315
1917,93750161,12308,93762469,0,2,1,20480,41,4007294452
1918,93765381,98096,93863477,0,5,0,27136,48,4279621855
1919,93785847,1518,93787365,0,2,1,1536,41,9088381210
1920,93901251,359571,94260822,0,0,1,586752,2,7214641708
1921,93901504,186154,94087658,0,1,1,305664,37,5786680668
1922,93963201,206841,94170042,0,1,1,271360,37,7257377599
1923,93969379,45596,94014975,0,6,0,1024,28,7375939219
1924,93975090,335283,94310373,0,1,1,376832,37,2014421502
1925,94042416,31783,94074199,0,6,1,51712,28,8105165808
1926,94152296,45908,94198204,0,6,0,2048,28,7562997371
1927,94167834,154157,94321991,0,0,0,512,2,7591705370
1928,94215578,7706,94223284,0,4,1,8192,28,5045421585
1929,94265751,60824,94326575,0,6,0,5632,28,8854464720
1930,94295474,47600,94343074,0,6,0,2560,28,4056746267
1931,94306872,4167,94311039,0,1,1,11264,37,6869024258
1932,94329156,55304,94384460,0,7,1,94208,37,3742187639
1933,94396810,5196,94402006,0,6,1,13312,28,7954070419
1934,94410341,5326,94415667,0,7,1,5632,37,426251061
1935,94412790,198704,94611494,0,5,0,190976,48,10466385382
1936,94524109,198548,94722657,0,3,0,190464,35,9705712102
1937,94579978,50672,94630650,0,6,0,2560,28,1401691031
1938,94584606,43904,94628510,0,6,0,512,28,5437537038
1939,94707620,193088,94900708,0,1,0,172544,37,10097680286
1940,94743338,43200,94786538,0,0,1,70656,2,506773297
1941,94775019,115700,94890719,0,5,0,79872,48,9682480371
1942,94809738,30491,94840229,0,4,1,49152,28,9357221827
1943,94876347,5196,94881543,0,7,1,13312,37,3897047626
1944,94890793,31266,94922059,0,4,1,50688,28,8594078574
1945,94980077,129428,95109505,0,3,0,124928,35,10641285030
1946,95044786,130287,95175073,0,3,0,40448,35,9916949470
1947,95068307,31007,95099314,0,4,1,50176,28,8310061928
1948,95082978,5454,95088432,0,7,1,13824,37,1381092211
1949,95083788,117604,95201392,0,0,1,195584,2,1770733107
1950,95088148,10757,95098905,0,7,1,17408,37,1022077468
1951,95141730,64808,95206538,0,0,1,8192,2,178295697
1952,95171838,36288,95208126,0,0,1,15872,2,6844129773
1953,95184611,3904,95188515,0,1,1,10752,37,2624465695
1954,95245964,283616,95529580,0,0,1,458752,2,1682240724
1955,95283156,6488,95289644,0,4,1,15872,28,5220752538
1956,95283481,5196,95288677,0,9,1,13312,3,4786358096
1957,95354450,206594,95561044,0,0,1,101376,2,5948008200
1958,95365651,13770,95379421,0,6,1,26624,28,148932834
1959,95379101,74263,95453364,0,6,0,512,28,3290591607
1960,95412902,4420,95417322,0,9,1,11776,3,856111487
1961,95421848,1518,95423366,0,6,1,1536,28,2575982558
1962,95450673,315024,95765697,0,0,1,509952,2,2748185709
1963,95477344,2470,95479814,0,4,1,2560,28,5946162867
1964,95504720,566,95505286,0,9,1,512,3,2877139708
1965,95542019,5326,95547345,0,9,1,5632,3,8390677573
1966,95559763,525176,96084939,0,0,1,775680,2,5583369395
1967,95602026,5454,95607480,0,6,1,13824,28,4430363130
1968,95613372,3128,95616500,0,7,1,9216,37,8326234698
1969,95616229,21141,95637370,0,6,1,34304,28,9766222748
1970,95630001,133640,95763641,0,7,0,92160,37,4383225387
1971,95678358,55748,95734106,0,6,0,4096,28,3492498823
1972,95694845,115388,95810233,0,1,0,78848,37,8595310321
1973,95721850,426170,96148020,0,0,1,211968,2,6180328874
1974,95727854,2946,95730800,0,4,1,3072,28,3537893773
1975,95750837,4374,95755211,0,2,1,4608,41,10326750390
1976,95769850,112580,95882430,0,3,0,69632,35,1742991961
1977,95796512,429169,96225681,0,0,1,257024,2,7052317806
1978,95827143,387176,96214319,0,1,0,486912,37,9557903473
1979,95846967,5802,95852769,0,9,1,6144,3,5214636201
1980,95854246,10499,95864745,0,4,1,16896,28,6569725630
1981,95905122,324976,96230098,0,1,0,51712,37,191422269
1982,95960830,1042,95961872,0,6,1,1024,28,7729458617
1983,95962031,13858,95975889,0,1,1,23552,37,4095430118
1984,95966807,103220,96070027,0,3,0,38912,35,1947272439
1985,96023878,5971,96029849,0,4,1,14848,28,3918373450
1986,96046947,47288,96094235,0,6,0,1536,28,3765617156
1987,96073255,240672,96313927,0,1,1,139776,37,1723341531
1988,96100443,162560,96263003,0,3,0,147968,35,7013284077
1989,96167386,65016,96232402,0,0,1,32256,2,808669679
1990,96261021,3904,96264925,0,9,1,10752,3,1774060862
1991,96297646,2870,96300516,0,9,1,8704,3,712503315
1992,96368324,4420,96372744,0,4,1,11776,28,9997993891
1993,96438990,97916,96536906,0,5,0,21504,48,7713426744
1994,96449483,4679,96454162,0,0,1,12288,2,10300138041
1995,96492493,4420,96496913,0,0,1,11776,2,3544129564
1996,96505821,3904,96509725,0,9,1,10752,3,7093136987
1997,96560038,1994,96562032,0,1,1,2048,37,5766367335
1998,96574362,4162,96578524,0,9,1,11264,3,2363121112
1999,96695035,1042,96696077,0,7,1,1024,37,4697821965
2000,96842214,566,96842780,0,4,1,512,28,9876638818
2001,96880225,11016,96891241,0,7,1,17920,37,6095812732
2002,96948875,3422,96952297,0,4,1,3584,28,1235752122
2003,97077485,6754,97084239,0,9,1,7168,3,8504967456
2004,97111506,157016,97268522,0,5,0,144896,48,2775489042
2005,97127401,5196,97132597,0,4,1,13312,28,83129558
2006,97219823,101036,97320859,0,5,0,31744,48,1712596745
2007,97245912,2870,97248782,0,4,1,8704,28,7938738851
2008,97255812,161341,97417153,0,5,0,119808,48,8753004015
2009,97269220,115388,97384608,0,3,0,78848,35,7439576014
2010,97282659,7230,97289889,0,2,1,7680,41,3877711068
2011,97374012,3645,97377657,0,9,1,10240,3,7062508072
2012,97382986,123968,97506954,0,1,0,107008,37,9616228563
2013,97454419,26221,97480640,0,9,1,47616,3,10644802945
2014,97463960,20226,97484186,0,9,1,5632,3,3382594819
2015,97491873,1042,97492915,0,4,1,1024,28,10322178016
2016,97571242,139760,97711002,0,1,0,133632,37,10003150276
2017,97573561,106496,97680057,0,5,0,49664,48,8389284966
2018,97578050,257095,97835145,0,5,0,236032,48,6153582942
2019,97594458,52808,97647266,0,1,1,86016,37,1560065584
2020,97624824,2470,97627294,0,9,1,2560,3,5967735723
2021,97627497,106184,97733681,0,3,0,48640,35,7297637436
2022,97657033,10241,97667274,0,0,1,16384,2,8809770038
2023,97688312,7230,97695542,0,3,1,7680,35,5812686329
2024,97775551,566,97776117,0,9,1,512,3,5798439252
2025,97799229,155059,97954288,0,3,0,21504,35,7004413492
2026,97835914,125216,97961130,0,1,0,111104,37,3592525073
2027,97904269,105525,98009794,0,3,0,26112,35,5470153249
2028,97958607,109791,98068398,0,1,0,52224,37,3797138593
2029,97983686,364088,98347774,0,5,0,411136,48,4139196764
2030,98036860,54524,98091384,0,6,0,5120,28,8327675765
2031,98045645,52364,98098009,0,6,0,3072,28,6560191401
2032,98048124,43904,98092028,0,6,0,512,28,7500615387
2033,98142050,2470,98144520,0,0,1,2560,2,8531393673
2034,98148896,20366,98169262,0,2,1,32768,41,10215808841
2035,98172995,11533,98184528,0,9,1,18944,3,443770571
2036,98176050,5326,98181376,0,4,1,5632,28,7889622730
2037,98195039,4374,98199413,0,6,1,4608,28,992813878
2038,98211599,62228,98273827,0,1,0,10240,37,5033222869
2039,98228113,7706,98235819,0,3,1,8192,35,4980573889
2040,98269265,4850,98274115,0,3,1,5120,35,2808674770
2041,98312679,106028,98418707,0,1,0,48128,37,1961024506
2042,98383164,113828,98496992,0,5,0,73728,48,10184712427
2043,98389137,172169,98561306,0,5,0,56832,48,3176756446
2044,98423696,14117,98437813,0,9,1,24064,3,7415538337
2045,98463111,123500,98586611,0,3,0,105472,35,2677534308
2046,98466273,23725,98489998,0,6,1,39424,28,1566621131
2047,98490477,3128,98493605,0,6,1,9216,28,3925479247
2048,98506695,1994,98508689,0,1,1,2048,37,8006265562
2049,98526749,11274,98538023,0,3,1,18432,35,4681585242
2050,98620463,2870,98623333,0,2,1,8704,41,5449950551
2051,98682664,1518,98684182,0,9,1,1536,3,6009370434
2052,98766585,100724,98867309,0,1,0,30720,37,10731689823
2053,98778318,1518,98779836,0,4,1,1536,28,925521548
2054,98803576,45596,98849172,0,3,0,1024,35,6082675648
2055,98837250,7230,98844480,0,7,1,7680,37,3133944011
2056,98877197,130364,99007561,0,5,0,128000,48,1088543077
2057,98903721,5196,98908917,0,2,1,13312,41,6590906248
2058,98945587,13600,98959187,0,0,1,23040,2,6521661466
2059,99036464,3387,99039851,0,3,1,9728,35,9311375159
2060,99128556,48980,99177536,0,6,0,2048,28,3030298662
2061,99180892,1518,99182410,0,2,1,1536,41,6104113771
2062,99209570,5712,99215282,0,0,1,14336,2,10214000709
2063,99249953,110084,99360037,0,3,0,61440,35,10653003563
2064,99258009,6278,99264287,0,9,1,6656,3,4177522929
2065,99323083,45596,99368679,0,5,0,1024,48,5535507012
2066,99447213,566,99447779,0,0,1,512,2,7992134684
2067,99539097,6278,99545375,0,2,1,6656,41,894855562
2068,99581521,14545,99596066,0,0,1,28160,2,3796043957
2069,99673022,7706,99680728,0,8,1,8192,40,6961848549
2070,99675083,2470,99677553,0,9,1,2560,3,8139047271
2071,99712553,1994,99714547,0,1,1,2048,37,7908173014
2072,99720882,13083,99733965,0,9,1,22016,3,1498912120
2073,99734501,73160,99807661,0,1,0,15872,37,5077689968
2074,99821021,33075,99854096,0,2,1,54272,41,4208926969
2075,99935112,2470,99937582,0,2,1,2560,41,136891302
2076,99941051,22862,99963913,0,3,1,40960,35,5277474682
2077,99955330,6488,99961818,0,6,1,15872,28,3544476319
2078,100072021,43904,100115925,0,5,0,512,48,2055755755
2079,100096041,143924,100239965,0,1,0,137216,37,1347406203
2080,100189819,11533,100201352,0,0,1,18944,2,5801299789
2081,100192966,3904,100196870,0,9,1,10752,3,9564970574
2082,100194142,6229,100200371,0,2,1,15360,41,10330480996
2083,100195249,8818,100204067,0,2,1,13312,41,9060163874
2084,100232708,3387,100236095,0,2,1,9728,41,2805785391
2085,100330632,12308,100342940,0,2,1,20480,41,3703150174
2086,100353496,7230,100360726,0,9,1,7680,3,438724991
2087,100407245,112892,100520137,0,5,0,70656,48,9592202274
2088,100456712,57440,100514152,0,3,0,4608,35,8010978957
2089,100538844,390452,100929296,0,1,0,497664,37,10331205314
2090,100586416,34537,100620953,0,0,1,60416,2,8137447612
2091,100593508,15062,100608570,0,8,1,29184,40,9485836524
2092,100803876,10499,100814375,0,9,1,16896,3,6178074830
2093,100898717,88052,100986769,0,3,0,14336,35,3102155934
2094,100943694,25962,100969656,0,0,1,47104,2,7293026828
2095,100958735,7706,100966441,0,9,1,8192,3,8946396520
2096,100965858,3422,100969280,0,2,1,3584,41,3376202984
2097,101116296,1518,101117814,0,2,1,1536,41,2630238635
2098,101258616,10757,101269373,0,2,1,17408,41,8036588651
2099,101314209,163760,101477969,0,3,0,141824,35,5932214588
2100,101367957,23895,101391852,0,6,1,43008,28,597385932
2101,101586359,4374,101590733,0,6,1,4608,28,8375919375
2102,101605455,105092,101710547,0,3,0,45056,35,7429747161
2103,101731600,5971,101737571,0,0,1,14848,2,9286052688
2104,101834811,7706,101842517,0,6,1,8192,28,4636311900
2105,101878036,208688,102086724,0,1,0,223744,37,109747807
2106,102059128,284672,102343800,0,5,0,311808,48,4499306953
2107,102149631,86712,102236343,0,2,1,145408,41,98203215
2108,102184086,7706,102191792,0,0,1,8192,2,600510292
2109,102270529,1042,102271571,0,6,1,1024,28,4020723032
2110,102317220,2870,102320090,0,2,1,8704,41,9922405818
2111,102329785,32987,102362772,0,2,1,57344,41,10047620952
2112,102332673,6754,102339427,0,6,1,7168,28,10371133064
2113,102340895,4420,102345315,0,6,1,11776,28,7319657915
2114,102423961,281396,102705357,0,5,0,301056,48,2975857384
2115,102484458,1518,102485976,0,6,1,1536,28,6906683753
2116,102508816,105092,102613908,0,1,0,45056,37,4915557150
2117,102512879,5326,102518205,0,0,1,5632,2,7697477309
2118,102547407,14117,102561524,0,9,1,24064,3,8207484534
2119,102576461,4679,102581140,0,2,1,12288,41,6173662459
2120,102612860,347636,102960496,0,5,0,407552,48,5419013320
2121,102656715,3898,102660613,0,0,1,4096,2,2178928098
2122,102675582,23378,102698960,0,6,1,41984,28,7797754979
2123,102702141,1994,102704135,0,9,1,2048,3,2374612732
2124,102854212,6754,102860966,0,9,1,7168,3,3238842662
2125,102866658,113204,102979862,0,1,0,71680,37,1214180344
2126,102964340,14287,102978627,0,6,1,27648,28,8052283880
2127,103063607,31266,103094873,0,6,1,50688,28,3712174606
2128,103080880,45752,103126632,0,3,0,1536,35,545554686
2129,103093469,115544,103209013,0,1,0,79360,37,6450045786
2130,103130950,32816,103163766,0,9,1,53760,3,847633069
2131,103135584,43904,103179488,0,0,0,512,2,3375452993
2132,103198733,2946,103201679,0,9,1,3072,3,9508566996
2133,103200005,125996,103326001,0,5,0,113664,48,3831282904
2134,103220989,3898,103224887,0,0,1,4096,2,2340868310
2135,103243184,5196,103248380,0,0,1,13312,2,609499198
2136,103294837,10499,103305336,0,6,1,16896,28,2680253724
2137,103424719,3645,103428364,0,6,1,10240,28,587143027
2138,103617313,5454,103622767,0,2,1,13824,41,4147983842
2139,103655341,22950,103678291,0,2,1,37888,41,9923372098
2140,103700858,1042,103701900,0,2,1,1024,41,5052075730
2141,103705517,3898,103709415,0,9,1,4096,3,7993308189
2142,103720368,11016,103731384,0,9,1,17920,3,689418539
2143,103799905,108212,103908117,0,5,0,55296,48,6658001222
2144,103848331,70976,103919307,0,1,0,8704,37,2196714655
2145,103945978,1518,103947496,0,9,1,1536,3,4074909530
2146,103997029,4420,104001449,0,2,1,11776,41,1811696495
2147,104007242,4374,104011616,0,9,1,4608,3,3794840843
2148,104077462,2946,104080408,0,6,1,3072,28,4500921247
2149,104261899,422258,104684157,0,3,0,525312,35,5171050270
2150,104299872,175028,104474900,0,1,0,153600,37,7844500009
2151,104395365,300983,104696348,0,3,0,39936,35,5115501752
2152,104444956,255775,104700731,0,3,0,14336,35,8527169651
2153,104462587,33591,104496178,0,6,1,55296,28,1932632455
2154,104495290,222616,104717906,0,3,0,56320,35,8421803877
2155,104520913,12737,104533650,0,7,1,24576,37,10396662797
2156,104531784,290433,104822217,0,3,0,133120,35,3619252258
2157,104557233,16613,104573846,0,9,1,32256,3,2458893820
2158,104635987,566,104636553,0,6,1,512,28,9622965075
2159,104665155,222882,104888037,0,3,0,69632,35,8594325545
2160,104734811,3422,104738233,0,2,1,3584,41,5296419732
2161,104756136,116324,104872460,0,1,0,81920,37,3372950924
2162,104804203,22174,104826377,0,9,1,36352,3,8110950162
2163,104853831,2470,104856301,0,6,1,2560,28,7613564380
2164,104991916,24929,105016845,0,9,1,45056,3,7098990981
2165,104996310,21841,105018151,0,9,1,2048,3,9015449622
2166,105028855,99164,105128019,0,5,0,25600,48,9726305336
2167,105038097,385304,105423401,0,3,0,480768,35,111450216
2168,105045205,109928,105155133,0,1,0,60928,37,4808409788
2169,105075215,566,105075781,0,0,1,512,2,1794241016
2170,105128277,853349,105981626,0,3,0,175616,35,1342998990
2171,105162151,127556,105289707,0,5,0,118784,48,4729865983
2172,105256982,4162,105261144,0,9,1,11264,3,2966374
2173,105257219,670884,105928103,0,3,0,813056,35,2114533097
2174,105320063,31524,105351587,0,9,1,51200,3,1824713996
2175,105400574,285920,105686494,0,5,0,315904,48,9131411043
2176,105423095,21916,105445011,0,0,1,35840,2,10133443818
2177,105486138,2870,105489008,0,6,1,8704,28,1754260995
2178,105519772,15579,105535351,0,0,1,30208,2,1572913225
2179,105521281,6229,105527510,0,6,1,15360,28,4689490948
2180,105560699,797058,106357757,0,3,0,732672,35,2970882044
2181,105619136,3898,105623034,0,0,1,4096,2,4433997467
2182,105751811,15321,105767132,0,0,1,29696,2,935719582
2183,105813180,110240,105923420,0,5,0,61952,48,8171030215
2184,105876628,73316,105949944,0,1,0,16384,37,6594414990
2185,105995954,122781,106118735,0,3,0,32768,35,2289064263
2186,106151009,402792,106553801,0,3,0,182272,35,4487538621
2187,106257518,16354,106273872,0,0,1,31744,2,7389114835
2188,106366740,2870,106369610,0,8,1,8704,40,3915899111
2189,106551561,122456,106674017,0,3,0,94720,35,5405915372
2190,106802764,7706,106810470,0,0,1,8192,2,9087236486
2191,106804316,17606,106821922,0,0,1,32256,2,9976927574
2192,106821939,189968,107011907,0,5,0,162304,48,3175257639
2193,106876611,137183,107013794,0,5,0,6144,48,1288717408
2194,106895686,48980,106944666,0,1,0,2048,37,10533324330
2195,106925677,31007,106956684,0,3,1,50176,35,9789681007
2196,107005113,69752,107074865,0,1,0,9728,37,5273914427
2197,107157738,75140,107232878,0,3,0,12288,35,6737600664
2198,107215094,1042,107216136,0,9,1,1024,3,5968264429
2199,107358450,12049,107370499,0,3,1,19968,35,454128174
2200,107385895,106652,107492547,0,1,0,50176,37,2682685786
2201,107417881,566,107418447,0,3,1,512,35,9586698426
2202,107557073,12566,107569639,0,3,1,20992,35,3606524608
2203,107574085,651818,108225903,0,5,0,804864,48,1933554653
2204,107629995,6754,107636749,0,9,1,7168,3,1317574572
2205,107633696,4679,107638375,0,9,1,12288,3,9467304654
2206,107855310,420068,108275378,0,5,0,162304,48,7824811514
2207,107857487,7230,107864717,0,3,1,7680,35,8621587870
2208,107880231,21141,107901372,0,3,1,34304,35,4409341178
2209,107937832,4162,107941994,0,9,1,11264,3,447162288
2210,108011391,231650,108243041,0,3,0,232448,35,8708993648
2211,108011970,401709,108413679,0,5,0,155136,48,8634380053
2212,108128450,325801,108454251,0,5,0,13824,48,5857208227
2213,108128819,13858,108142677,0,9,1,23552,3,4006580542
2214,108201855,2870,108204725,0,9,1,8704,3,11402755
2215,108329158,98072,108427230,0,1,0,22016,37,1312455063
2216,108395783,14545,108410328,0,3,1,28160,35,8165401919
2217,108513200,34795,108547995,0,5,1,60928,48,4838558571
2218,108630151,34108,108664259,0,5,1,56320,48,8314246801
2219,108733779,45596,108779375,0,3,0,1024,35,8342545494
2220,108752086,4679,108756765,0,9,1,12288,3,5878585128
2221,108757523,13858,108771381,0,9,1,23552,3,2418526053
2222,109067485,118976,109186461,0,3,0,90624,35,7261021187
2223,109137719,20624,109158343,0,1,1,33280,37,6619437940
2224,109157598,266983,109424581,0,5,1,433152,48,10069471494
2225,109185823,15579,109201402,0,9,1,30208,3,9751964548
2226,109191643,190124,109381767,0,3,0,162816,35,6651848182
2227,109306741,174457,109481198,0,5,1,180736,48,6165935976
2228,109346158,213441,109559599,0,5,0,27136,48,9215293265
2229,109518261,155520,109673781,0,5,1,256000,48,1853188037
2230,109801606,125684,109927290,0,5,0,112640,48,1223026252
2231,109854060,230382,110084442,0,5,0,167424,48,5991912374
2232,109990093,158864,110148957,0,3,0,145920,35,10529492812
2233,109996920,3422,110000342,0,9,1,3584,3,9160038838
2234,110147934,36087,110184021,0,5,1,63488,48,4549440050
2235,110234158,33762,110267920,0,5,1,58880,48,1837156769
2236,110404801,63620,110468421,0,5,1,107008,48,1961436093
2237,110497401,2470,110499871,0,4,1,2560,28,785415629
2238,110523039,91772,110614811,0,1,0,21504,37,1384581732
2239,110635713,131300,110767013,0,3,0,131072,35,5606821665
2240,110644743,4374,110649117,0,2,1,4608,41,7048507919
2241,110687019,148838,110835857,0,3,0,57344,35,7687796104
2242,110727333,117863,110845196,0,5,1,196096,48,3184557278
2243,110755326,115791,110871117,0,5,1,91136,48,4649016910
2244,110786991,269206,111056197,0,5,0,161792,48,527596053
2245,110790528,6278,110796806,0,2,1,6656,41,1024659553
2246,110810716,112424,110923140,0,1,0,69120,37,7161933151
2247,110825217,2946,110828163,0,9,1,3072,3,1025241594
2248,110903929,164451,111068380,0,5,0,39936,48,265502534
2249,110935310,187628,111122938,0,1,0,154624,37,750895192
2250,111036348,11274,111047622,0,4,1,18432,28,6491909465
2251,111037545,104936,111142481,0,3,0,44544,35,8053052019
2252,111073036,23378,111096414,0,2,1,41984,41,5569319189
2253,111109485,144836,111254321,0,3,0,135168,35,8356368113
2254,111180232,1518,111181750,0,9,1,1536,3,8734691989
2255,111194017,4679,111198696,0,4,1,12288,28,8953954589
2256,111204551,619670,111824221,0,3,0,795136,35,8463304015
2257,111214049,93308,111307357,0,5,1,151552,48,6286507572
2258,111230436,607996,111838432,0,3,0,46592,35,7295686143
2259,111294179,160064,111454243,0,1,0,139776,37,9247839071
2260,111383603,51516,111435119,0,5,1,83456,48,7560317758
2261,111416008,114764,111530772,0,5,0,76800,48,8737726263
2262,111576818,3387,111580205,0,2,1,9728,41,6614254035
2263,111588225,97628,111685853,0,1,0,25600,37,8575003485
2264,111617366,43716,111661082,0,2,1,71680,41,754931553
2265,111717972,101660,111819632,0,5,0,33792,48,3270109879
2266,111772891,4374,111777265,0,9,1,4608,3,7089064219
2267,111778959,10241,111789200,0,9,1,16384,3,10499692915
2268,111798178,43112,111841290,0,5,1,73728,48,1748276785
2269,112005867,287168,112293035,0,3,0,320000,35,1783062617
2270,112106793,298045,112404838,0,5,1,486912,48,10407523838
2271,112122077,7230,112129307,0,2,1,7680,41,4514772352
2272,112141202,34537,112175739,0,6,1,60416,28,3875441252
2273,112151861,22862,112174723,0,4,1,40960,28,198092325
2274,112180731,137903,112318634,0,3,0,83968,35,3165495845
2275,112189900,413748,112603648,0,5,0,195072,48,9847836712
2276,112298425,55904,112354329,0,6,0,4608,28,6608250485
2277,112484713,169978,112654691,0,5,0,22528,48,7524513351
2278,112602461,54056,112656517,0,6,0,3584,28,7673547955
2279,112676553,194648,112871201,0,1,0,177664,37,4419074800
2280,112721592,5802,112727394,0,7,1,6144,37,6594016732
2281,112783899,214772,112998671,0,5,0,243712,48,5969686376
2282,112786420,348679,113135099,0,1,0,402432,37,4350507774
2283,112812861,185825,112998686,0,5,1,200704,48,5314937983
2284,112836760,14029,112850789,0,7,1,27136,37,6505889399
2285,113047634,43200,113090834,0,5,1,70656,48,1059125724
2286,113068353,183062,113251415,0,1,0,81920,37,4129417148
2287,113148968,566,113149534,0,0,1,512,2,1877315785
2288,113421850,48980,113470830,0,6,0,2048,28,3943674514
2289,113423192,5802,113428994,0,9,1,6144,3,2650985802
2290,113450130,12049,113462179,0,2,1,19968,41,1053498762
2291,113451486,219452,113670938,0,3,0,259072,35,3881809709
2292,113560944,20882,113581826,0,9,1,33792,3,3043653758
2293,113570323,95995,113666318,0,9,1,158208,3,2089196505
2294,113629667,43904,113673571,0,6,0,512,28,6815893909
2295,113640102,32041,113672143,0,2,1,52224,41,6498886330
2296,113656978,65900,113722878,0,1,0,7168,37,7120663203
2297,113754536,223641,113978177,0,9,1,361984,3,8435833206
2298,113798116,99008,113897124,0,1,0,25088,37,10730126512
2299,113832932,57440,113890372,0,6,0,4608,28,2551144590
2300,113873542,12566,113886108,0,2,1,20992,41,7696558748
2301,113886799,189812,114076611,0,3,0,161792,35,2574586985
2302,113888929,1518,113890447,0,2,1,1536,41,6969924039
2303,113930875,4679,113935554,0,2,1,12288,41,9689127348
2304,113932601,4850,113937451,0,3,1,5120,35,9519495999
2305,113965801,10757,113976558,0,3,1,17408,35,6871715596
2306,114032239,319940,114352179,0,5,0,397312,48,10491770361
2307,114124558,187704,114312262,0,9,1,308736,3,9346823356
2308,114126815,16354,114143169,0,2,1,31744,41,5433547316
2309,114317944,137603,114455547,0,5,0,39424,48,7603316293
2310,114335558,138187,114473745,0,5,0,47616,48,6355815061
2311,114354932,143300,114498232,0,3,0,135168,35,8557775221
2312,114398037,5971,114404008,0,7,1,14848,37,4602345560
2313,114519923,3128,114523051,0,0,1,9216,2,9158313793
2314,114680014,4162,114684176,0,3,1,11264,35,3359227551
2315,114705185,5712,114710897,0,0,1,14336,2,9859793467
2316,114780184,278588,115058772,0,5,0,291840,48,4896419542
2317,114780612,100568,114881180,0,3,0,30208,35,4662717246
2318,114863272,109460,114972732,0,1,0,59392,37,1950743873
2319,115030117,144836,115174953,0,1,0,135168,37,7198775231
2320,115055045,316244,115371289,0,3,0,395264,35,8709253353
2321,115094618,96092,115190710,0,5,0,25600,48,7619004863
2322,115120307,3387,115123694,0,3,1,9728,35,4468105881
2323,115144851,335982,115480833,0,1,0,381440,37,6315407558
2324,115145449,230223,115375672,0,3,0,14336,35,6706365735
2325,115186717,219721,115406438,0,3,0,68608,35,6708862350
2326,115212603,15837,115228440,0,3,1,30720,35,3482575054
2327,115401863,35571,115437434,0,0,1,62464,2,4128316404
2328,115471821,11791,115483612,0,3,1,19456,35,6137027132
2329,115507664,57440,115565104,0,0,0,4608,2,4763412361
2330,115633574,299180,115932754,0,3,0,359424,35,2482215277
2331,115764829,107900,115872729,0,5,0,54272,48,2433127531
2332,115793812,13083,115806895,0,3,1,22016,35,6742635194
2333,115877084,136045,116013129,0,5,1,224768,48,9916678872
2334,115897914,45589,115943503,0,3,1,17408,35,5701119526
2335,115918812,2946,115921758,0,8,1,3072,40,2478640746
2336,115927890,13083,115940973,0,0,1,22016,2,5616849266
2337,115957870,52364,116010234,0,6,0,3072,28,10331300869
2338,115983955,132774,116116729,0,5,1,215040,48,9363829301
2339,116014821,4679,116019500,0,3,1,12288,35,5159806061
2340,116026626,23120,116049746,0,0,1,41472,2,3261973137
2341,116053959,6229,116060188,0,3,1,15360,35,5867783906
2342,116114319,396024,116510343,0,5,1,641024,48,3253738822
2343,116187999,24242,116212241,0,0,1,40448,2,3556435164
2344,116189476,273152,116462628,0,3,0,279040,35,6672332926
2345,116195028,18839,116213867,0,0,1,2560,2,145650868
2346,116269525,3387,116272912,0,0,1,9728,2,9783198150
2347,116292355,422564,116714919,0,5,0,247296,48,5136266756
2348,116294575,367887,116662462,0,9,1,599552,3,2894735195
2349,116334080,233187,116567267,0,5,1,190464,48,6634279083
2350,116363935,11016,116374951,0,3,1,17920,35,1927600560
2351,116368767,93876,116462643,0,3,1,4608,35,5475669802
2352,116382489,190577,116573066,0,5,1,19456,48,5305224038
2353,116448203,28719,116476922,0,3,1,27648,35,3844924328
2354,116522564,15579,116538143,0,3,1,30208,35,2946766266
2355,116528297,108056,116636353,0,1,0,54784,37,2541605407
2356,116719062,396359,117115421,0,5,0,2048,48,5529477788
2357,116724916,200934,116925850,0,5,0,23040,48,7386179699
2358,116777687,3904,116781591,0,3,1,10752,35,10248006495
2359,116785684,6278,116791962,0,9,1,6656,3,9498880408
2360,116789513,5995,116795508,0,9,1,5632,3,9104811308
2361,116852595,577064,117429659,0,5,0,644096,48,6702431827
2362,116886595,48980,116935575,0,6,0,2048,28,2642545048
2363,116892249,594053,117486302,0,5,0,185856,48,6540336674
2364,117121768,21141,117142909,0,3,1,34304,35,4014628278
2365,117122616,25887,117148503,0,3,1,18432,35,8872920420
2366,117122619,5712,117128331,0,0,1,14336,2,8220590583
2367,117208574,207899,117416473,0,3,0,142336,35,7542170283
2368,117235919,128960,117364879,0,1,0,123392,37,7841738578
2369,117305437,3904,117309341,0,9,1,10752,3,5928216166
2370,117314054,74777,117388831,0,1,0,8192,37,9418606225
2371,117377744,6229,117383973,0,0,1,15360,2,5759446611
2372,117431836,48980,117480816,0,6,0,2048,28,8752423846
2373,117511833,14545,117526378,0,5,1,28160,48,7442569405
2374,117569365,5326,117574691,0,3,1,5632,35,4366225021
2375,117612665,22174,117634839,0,9,1,36352,3,3317006263
2376,117675654,619291,118294945,0,5,1,1002496,48,9140033935
2377,117683269,633488,118316757,0,5,1,79872,48,2798317873
2378,117812549,602913,118415462,0,5,1,316928,48,2982019431
2379,117819319,653374,118472693,0,5,1,192000,48,8083913778
2380,117887889,1042,117888931,0,8,1,1024,40,5817668024
2381,117904775,108212,118012987,0,3,0,55296,35,4119902523
2382,117907884,64364,117972248,0,3,0,7168,35,9515414011
2383,117963635,2470,117966105,0,0,1,2560,2,466729982
2384,118041690,22433,118064123,0,0,1,36864,2,8213399345
2385,118075683,60824,118136507,0,3,0,5632,35,10672309837
2386,118151106,4679,118155785,0,4,1,12288,28,4794921376
2387,118205009,350888,118555897,0,5,1,275456,48,1107043310
2388,118207659,5196,118212855,0,0,1,13312,2,4922256595
2389,118253810,67592,118321402,0,3,0,7680,35,8844430460
2390,118299892,4850,118304742,0,8,1,5120,40,10088196035
2391,118363676,13253,118376929,0,0,1,25600,2,4830471531
2392,118378500,5326,118383826,0,8,1,5632,40,1059808443
2393,118397928,40874,118438802,0,8,1,66048,40,6090203530
2394,118511011,306200,118817211,0,1,0,382464,37,2184371188
2395,118677642,6488,118684130,0,9,1,15872,3,624215046
2396,118733150,13341,118746491,0,9,1,22528,3,2129573120
2397,118979312,374852,119354164,0,5,0,446464,48,1773780921
2398,119009249,26738,119035987,0,9,1,48640,3,165911677
2399,119065625,10757,119076382,0,3,1,17408,35,10359692583
2400,119072247,5971,119078218,0,3,1,14848,35,5742574185
2401,119108037,269082,119377119,0,5,0,75264,48,5739000214
2402,119204349,5196,119209545,0,0,1,13312,2,6828486899
2403,119236078,299648,119535726,0,1,0,360960,37,8234445179
2404,119238605,237335,119475940,0,5,0,99840,48,8114736698
2405,119239196,6278,119245474,0,9,1,6656,3,7917517983
2406,119244405,13083,119257488,0,9,1,22016,3,3700868705
2407,119356106,43200,119399306,0,3,1,70656,35,8400046040
2408,119407152,4420,119411572,0,0,1,11776,2,6817247853
2409,119498995,324047,119823042,0,1,0,320512,37,8001623706
2410,119507485,49292,119556777,0,6,0,3072,28,4678282844
2411,119620944,22950,119643894,0,8,1,37888,40,1124314555
2412,119651235,3645,119654880,0,9,1,10240,3,3077547243
2413,119701770,5326,119707096,0,0,1,5632,2,5040643610
2414,119842118,275156,120117274,0,1,0,280576,37,6265651837
2415,119978832,34367,120013199,0,9,1,56832,3,8314483454
2416,120005408,122645,120128053,0,1,0,35328,37,10642156864
2417,120069722,73760,120143482,0,5,0,12800,48,9596716010
2418,120331344,7706,120339050,0,3,1,8192,35,10615571521
2419,120351441,31783,120383224,0,9,1,51712,3,656181839
2420,120408165,23725,120431890,0,0,1,39424,2,5802223495
2421,120495191,1994,120497185,0,8,1,2048,40,6236038177
2422,120504854,2870,120507724,0,9,1,8704,3,6260718414
2423,120609282,4679,120613961,0,8,1,12288,40,9382140172
2424,120683909,566,120684475,0,3,1,512,35,6326197402
2425,120785959,495458,121281417,0,1,0,609280,37,8110944240
2426,120856711,456077,121312788,0,1,0,102912,37,8103630533
2427,120879947,2946,120882893,0,8,1,3072,40,8651077999
2428,120945092,12825,120957917,0,9,1,21504,3,6921993169
2429,120974032,11016,120985048,0,3,1,17920,35,8809295989
2430,120992550,12737,121005287,0,9,1,24576,3,1047702738
2431,121124329,11791,121136120,0,0,1,19456,2,3606429500
2432,121179756,72668,121252424,0,6,0,9216,28,10620985928
2433,121247511,4937,121252448,0,9,1,12800,3,9228717517
2434,121250799,11791,121262590,0,7,1,19456,37,317137254
2435,121258048,30749,121288797,0,7,1,49664,37,4476797051
2436,121320862,54056,121374918,0,6,0,3584,28,9095146572
2437,121360599,5326,121365925,0,3,1,5632,35,8095096977
2438,121547456,2870,121550326,0,3,1,8704,35,2934061452
2439,121818704,284828,122103532,0,5,0,312320,48,2130562816
2440,121869940,6278,121876218,0,0,1,6656,2,5082042992
2441,121946423,60824,122007247,0,6,0,5632,28,1660501422
2442,122011546,4374,122015920,0,7,1,4608,37,2856993419
2443,122160952,2470,122163422,0,3,1,2560,35,502742463
2444,122184715,13083,122197798,0,3,1,22016,35,9587630872
2445,122285163,182864,122468027,0,6,0,154112,28,7435817741
2446,122298007,121472,122419479,0,5,0,98816,48,5385495398
2447,122319011,6488,122325499,0,9,1,15872,3,3583658111
2448,122350630,6754,122357384,0,8,1,7168,40,337235286
2449,122499789,123188,122622977,0,5,0,104448,48,3570162826
2450,122561177,3645,122564822,0,0,1,10240,2,1324368082
2451,122764633,98852,122863485,0,1,0,24576,37,9141567539
2452,122775983,446536,123222519,0,1,0,491008,37,8863909915
2453,122803088,6754,122809842,0,3,1,7168,35,6445896777
2454,122870919,218048,123088967,0,5,0,254464,48,1322458199
2455,122878371,94976,122973347,0,6,0,16896,28,1797826494
2456,122929585,555280,123484865,0,5,0,542208,48,9276526746
2457,123083742,489442,123573184,0,5,0,289792,48,6854982617
2458,123100887,13512,123114399,0,3,1,26112,35,6974243870
2459,123126866,5971,123132837,0,3,1,14848,35,8979755548
2460,123193638,1994,123195632,0,0,1,2048,2,8575532139
2461,123242849,22433,123265282,0,7,1,36864,37,2124642308
2462,123273855,109460,123383315,0,6,0,59392,28,6000631644
2463,123301744,14117,123315861,0,3,1,24064,35,2916379325
2464,123307291,12566,123319857,0,0,1,20992,2,9633079468
2465,123310713,14738,123325451,0,0,1,18432,2,8686670640
2466,123369564,12049,123381613,0,7,1,19968,37,7234344983
2467,123371161,325665,123696826,0,5,1,200704,48,4202317189
2468,123436276,3387,123439663,0,3,1,9728,35,3968106282
2469,123472705,7230,123479935,0,3,1,7680,35,5109882861
2470,123546645,566,123547211,0,7,1,512,37,22549620
2471,123633392,197712,123831104,0,5,0,1536,48,6130035497
2472,123636382,144235,123780617,0,5,0,1536,48,10009210835
2473,123637512,53144,123690656,0,6,0,5632,28,10273641558
2474,123748677,108680,123857357,0,1,0,56832,37,5507002856
2475,123993823,2470,123996293,0,7,1,2560,37,9461789795
2476,124065311,45908,124111219,0,0,0,2048,2,9212700506
2477,124310932,1042,124311974,0,2,1,1024,41,6767196904
2478,124347552,4374,124351926,0,3,1,4608,35,8692904788
2479,124380830,12308,124393138,0,3,1,20480,35,836188629
2480,124415125,5326,124420451,0,2,1,5632,41,3031361432
2481,124475508,12737,124488245,0,2,1,24576,41,7567494431
2482,124537189,43904,124581093,0,5,0,512,48,6945631527
2483,124563587,10757,124574344,0,2,1,17408,41,6900035920
2484,124590329,5802,124596131,0,3,1,6144,35,2365321197
2485,124795360,7706,124803066,0,3,1,8192,35,2403151788
2486,124907413,283580,125190993,0,1,0,308224,37,6567523500
2487,125028530,1994,125030524,0,7,1,2048,37,5931823035
2488,125031266,204632,125235898,0,6,0,210432,28,2637055531
2489,125052118,144038,125196156,0,1,0,16896,37,2445801689
2490,125064128,55562,125119690,0,9,1,94720,3,6572849116
2491,125138600,319329,125457929,0,9,1,521728,3,916287519
2492,125179097,3387,125182484,0,2,1,9728,41,9948533960
2493,125182186,48980,125231166,0,5,0,2048,48,1818327098
2494,125217081,275065,125492146,0,6,0,279040,28,8977285679
2495,125276393,6754,125283147,0,2,1,7168,41,3468202426
2496,125283924,238189,125522113,0,6,0,98304,28,9109039704
2497,125300701,21141,125321842,0,7,1,34304,37,771503326
2498,125306272,47288,125353560,0,5,0,1536,48,2063436967
2499,125332664,4850,125337514,0,3,1,5120,35,8963856485
2500,125351935,176745,125528680,0,6,0,21504,28,1810474820
2501,125557729,4374,125562103,0,2,1,4608,41,5237336610
2502,125574159,1994,125576153,0,3,1,2048,35,6753420513
2503,125605477,3645,125609122,0,7,1,10240,37,8772621391
2504,125663975,156680,125820655,0,6,0,138752,28,10591068510
2505,125678380,60536,125738916,0,0,0,9728,2,4209246933
2506,125744963,15062,125760025,0,2,1,29184,41,10402158212
2507,125756694,48980,125805674,0,0,0,2048,2,1040191969
2508,125804941,115700,125920641,0,1,0,79872,37,4676829238
2509,125919524,72799,125992323,0,9,1,118272,3,10630074340
2510,125936116,102284,126038400,0,6,0,35840,28,4871154904
2511,125936301,56278,125992579,0,9,1,9216,3,10730129240
2512,125957564,54056,126011620,0,5,0,3584,48,9132239662
2513,125960165,59462,126019627,0,9,1,88576,3,6451666612
2514,125976566,298400,126274966,0,1,0,356864,37,5778675139
2515,125980697,33245,126013942,0,3,1,57856,35,5487971983
2516,126009413,566,126009979,0,1,1,512,37,3786997569
2517,126031464,12254,126043718,0,6,1,5632,28,5954966478
2518,126066574,11274,126077848,0,7,1,18432,37,2595011166
2519,126084642,23637,126108279,0,2,1,42496,41,4626850103
2520,126098444,293252,126391696,0,6,0,339968,28,2349259316
2521,126136189,5971,126142160,0,7,1,14848,37,7733328147
2522,126145800,230002,126375802,0,1,0,226816,37,5051310646
2523,126199945,13858,126213803,0,7,1,23552,37,9962715457
2524,126208701,9928,126218629,0,7,1,7680,37,5835179771
2525,126226856,47288,126274144,0,0,0,1536,2,9855803897
2526,126373367,6754,126380121,0,7,1,7168,37,3572910608
2527,126538270,206036,126744306,0,1,0,215040,37,5392698807
2528,126601524,59444,126660968,0,0,0,6144,2,5408852052
2529,126620840,103844,126724684,0,6,0,40960,28,6534222274
2530,126670667,45596,126716263,0,0,0,1024,2,6154727018
2531,126713337,124387,126837724,0,6,0,71168,28,5902944282
2532,126740855,16096,126756951,0,7,1,31232,37,7749005443
2533,127091746,13083,127104829,0,7,1,22016,37,6286944013
2534,127285777,189500,127475277,0,6,0,160768,28,3090524569
2535,127343668,1518,127345186,0,7,1,1536,37,5523915691
2536,127345438,261149,127606587,0,6,0,247808,28,3587871400
2537,127345673,20366,127366039,0,2,1,32768,41,439821211
2538,127394323,45596,127439919,0,0,0,1024,2,7392801306
2539,127484678,240133,127724811,0,6,0,189952,28,5771617607
2540,127500775,248075,127748850,0,6,0,78848,28,1564345939
2541,127574428,45596,127620024,0,0,0,1024,2,5090354915
2542,127580946,13600,127594546,0,2,1,23040,41,9216055131
2543,127642314,247937,127890251,0,9,1,406016,3,4758066556
2544,127669511,5802,127675313,0,2,1,6144,41,5465728573
2545,127679389,12737,127692126,0,7,1,24576,37,6798420241
2546,127742034,180276,127922310,0,6,0,148480,28,9597261522
2547,127782027,22691,127804718,0,7,1,37376,37,4207964516
2548,127834830,123048,127957878,0,6,0,86528,28,10263785211
2549,128022173,3387,128025560,0,7,1,9728,37,4739791815
2550,128177598,122876,128300474,0,1,0,103424,37,5184522532
2551,128189601,566,128190167,0,2,1,512,41,6673275752
2552,128219560,246334,128465894,0,1,0,185344,37,2219310573
2553,128348962,6488,128355450,0,7,1,15872,37,1109304413
2554,128417831,3898,128421729,0,2,1,4096,41,9229996857
2555,128466259,3904,128470163,0,2,1,10752,41,8809731272
2556,128547291,43904,128591195,0,0,0,512,2,1720808071
2557,128577585,128492,128706077,0,1,0,121856,37,5698130559
2558,128613821,59132,128672953,0,5,0,5120,48,7834940320
2559,128615971,10757,128626728,0,2,1,17408,41,10428246554
2560,128673807,59132,128732939,0,5,0,5120,48,7135235044
2561,128676427,47288,128723715,0,5,0,1536,48,1514503452
2562,128797725,5454,128803179,0,6,1,13824,28,4887704701
2563,128808088,43904,128851992,0,5,0,512,48,5503674754
2564,128824665,64208,128888873,0,0,0,6656,2,5406082599
2565,128869042,45596,128914638,0,0,0,1024,2,122927563
2566,128890833,1518,128892351,0,2,1,1536,41,6389208945
2567,128987082,22691,129009773,0,6,1,37376,28,9424092259
2568,129009494,30491,129039985,0,6,1,49152,28,3461787793
2569,129014537,5326,129019863,0,7,1,5632,37,266564156
2570,129121142,54270,129175412,0,2,1,92160,41,3347585069
2571,129138755,24929,129163684,0,7,1,45056,37,3202095904
2572,129279786,3422,129283208,0,0,1,3584,2,2682363443
2573,129295314,483938,129779252,0,1,0,576512,37,4810093757
2574,129425626,2470,129428096,0,6,1,2560,28,9333307742
2575,129470835,64395,129535230,0,2,1,108544,41,9042085460
2576,129475854,136141,129611995,0,6,0,65536,28,7999633778
2577,129491446,21141,129512587,0,7,1,34304,37,9883880477
2578,129504390,298589,129802979,0,1,0,77824,37,6102194675
2579,129521083,15018,129536101,0,2,1,12288,41,4300393184
2580,129676568,14117,129690685,0,2,1,24064,41,6807397321
2581,129716079,211016,129927095,0,1,0,107520,37,7427758557
2582,129794683,47288,129841971,0,5,0,1536,48,5475363665
2583,129840817,52988,129893805,0,5,0,5120,48,6051345175
2584,129850792,242384,130093176,0,6,0,268800,28,6309731842
2585,129857075,15062,129872137,0,2,1,29184,41,3330790269
2586,129935419,14287,129949706,0,4,1,27648,28,6902347820
2587,129953791,252077,130205868,0,6,0,243200,28,2013278767
2588,130005068,56684,130061752,0,0,0,7168,2,334623194
2589,130030211,5326,130035537,0,2,1,5632,41,3006763627
2590,130109860,5802,130115662,0,2,1,6144,41,7138694628
2591,130168318,126932,130295250,0,1,0,116736,37,10690448755
2592,130240997,119600,130360597,0,6,0,92672,28,1596778980
2593,130293769,3645,130297414,0,7,1,10240,37,835465856
2594,130345698,34020,130379718,0,2,1,59392,41,9376548217
2595,130400190,5326,130405516,0,2,1,5632,41,2040313888
2596,130589404,199796,130789200,0,1,0,194560,37,9082856158
2597,130699450,111488,130810938,0,6,0,66048,28,3885751962
2598,130702809,12308,130715117,0,2,1,20480,41,10484611565
2599,130802973,146025,130948998,0,6,0,133120,28,8079376030
2600,130813488,191996,131005484,0,1,0,168960,37,5081303869
2601,130889105,2470,130891575,0,3,1,2560,35,5244782971
2602,130894310,10241,130904551,0,7,1,16384,37,7611237851
2603,130898718,11390,130910108,0,7,1,17408,37,5249708759
2604,130911966,203696,131115662,0,1,0,207360,37,2981299366
2605,130980675,30749,131011424,0,3,1,49664,35,7968349516
2606,131107907,6754,131114661,0,2,1,7168,41,2868798878
2607,131227163,2946,131230109,0,2,1,3072,41,7488706283
2608,131228076,1518,131229594,0,7,1,1536,37,9733432194
2609,131232538,108056,131340594,0,5,0,54784,48,4428552859
2610,131348857,67592,131416449,0,0,0,7680,2,1435028681
2611,131372327,62158,131434485,0,9,1,100864,3,5042357016
2612,131411712,24242,131435954,0,2,1,40448,41,3959455953
2613,131413223,283112,131696335,0,5,0,306688,48,8864992175
2614,131540231,3128,131543359,0,2,1,9216,41,5887453728
2615,131593707,103220,131696927,0,6,0,38912,28,4264996478
2616,131697465,59132,131756597,0,0,0,5120,2,8526687790
2617,131792382,2470,131794852,0,7,1,2560,37,5669935175
2618,132013602,109148,132122750,0,1,0,58368,37,1567640442
2619,132026772,130364,132157136,0,5,0,128000,48,7106487781
2620,132063758,151584,132215342,0,5,0,86016,48,7363236811
2621,132065856,100568,132166424,0,6,0,30208,28,3534207246
2622,132270485,4679,132275164,0,3,1,12288,35,6636980996
2623,132311542,115076,132426618,0,1,0,77824,37,7357086479
2624,132353087,47288,132400375,0,0,0,1536,2,6513912382
2625,132355613,3128,132358741,0,6,1,9216,28,9755960719
2626,132382194,57440,132439634,0,1,0,4608,37,926313013
2627,132491022,12566,132503588,0,5,1,20992,48,3301873992
2628,132515660,3904,132519564,0,7,1,10752,37,1710800230
2629,132516537,4162,132520699,0,3,1,11264,35,5555104623
2630,132520616,110708,132631324,0,1,0,63488,37,10010687381
2631,132609259,7706,132616965,0,3,1,8192,35,9142046806
2632,132615195,2470,132617665,0,2,1,2560,41,10487663386
2633,132618578,128492,132747070,0,6,0,121856,28,8123290000
2634,132747974,3422,132751396,0,2,1,3584,41,4184737025
2635,132898677,43904,132942581,0,0,0,512,2,6687943351
2636,132981658,3128,132984786,0,6,1,9216,28,10347527201
2637,133143635,60980,133204615,0,0,0,6144,2,7232246204
2638,133422178,306620,133728798,0,5,1,500224,48,8727212138
2639,133423399,541457,133964856,0,5,0,108032,48,7945847004
2640,133559142,342024,133901166,0,5,0,126976,48,9451934209
2641,133564177,201628,133765805,0,5,1,119808,48,32735702
2642,133589421,390608,133980029,0,1,0,498176,37,8305143228
2643,133669522,23208,133692730,0,3,1,38400,35,3975127610
2644,133745804,4374,133750178,0,6,1,4608,28,2279738082
2645,133840899,6229,133847128,0,6,1,15360,28,6683606301
2646,133876196,107723,133983919,0,1,1,4096,37,9818055992
2647,133926993,195861,134122854,0,5,0,131072,48,4769965155
2648,133981728,13770,133995498,0,7,1,26624,37,6829439399
2649,134014063,4374,134018437,0,6,1,4608,28,7574307143
2650,134026338,238329,134264667,0,5,1,390656,48,8759282900
2651,134041960,43904,134085864,0,0,0,512,2,2181405368
2652,134375683,50672,134426355,0,0,0,2560,2,560881640
2653,134417954,31783,134449737,0,6,1,51712,28,7629757967
2654,134421247,33982,134455229,0,6,1,17920,28,753399417
2655,134514676,7706,134522382,0,7,1,8192,37,2357526031
2656,134521172,5196,134526368,0,6,1,13312,28,10150281418
2657,134585470,55748,134641218,0,5,0,4096,48,5552413157
2658,134653722,34020,134687742,0,9,1,59392,3,10113475357
2659,134806170,12737,134818907,0,6,1,24576,28,9421869169
2660,134831894,88461,134920355,0,6,0,13824,28,6864131177
2661,134857837,110396,134968233,0,5,0,62464,48,3580431289
2662,134884635,10241,134894876,0,1,1,16384,37,7473604907
2663,134913553,5326,134918879,0,1,1,5632,37,4178081307
2664,135039353,3904,135043257,0,1,1,10752,37,2477842730
2665,135083107,7230,135090337,0,5,1,7680,48,6587495368
2666,135090416,6278,135096694,0,5,1,6656,48,1959453062
2667,135126934,184768,135311702,0,1,0,147968,37,10579589244
2668,135141194,223070,135364264,0,5,0,204288,48,5688642969
2669,135190627,6278,135196905,0,6,1,6656,28,6073853761
2670,135245276,24412,135269688,0,6,1,44032,28,4391833547
2671,135348436,158372,135506808,0,1,0,139264,37,3676265034
2672,135491802,393728,135885530,0,6,0,508416,28,5367690498
2673,135553689,192464,135746153,0,1,0,170496,37,4744916709
2674,135601326,6488,135607814,0,6,1,15872,28,7457492344
2675,135633344,382547,136015891,0,6,0,176128,28,4992938963
2676,135675792,10499,135686291,0,6,1,16896,28,9238646939
2677,135680282,65886,135746168,0,1,1,48128,37,2147471072
2678,135723323,50741,135774064,0,5,1,81920,48,8368151983
2679,135752374,10499,135762873,0,7,1,16896,37,5983690976
2680,135802883,123656,135926539,0,5,0,105984,48,9202232954
2681,135887992,284475,136172467,0,5,0,290816,48,3051545530
2682,135953290,15062,135968352,0,1,1,29184,37,2431998297
2683,135965391,368453,136333844,0,5,0,317952,48,9215297310
2684,135969530,54787,136024317,0,5,1,93184,48,3479768791
2685,136000112,115871,136115983,0,6,0,28672,28,2875218935
2686,136007453,174566,136182019,0,5,1,283136,48,8081490408
2687,136233822,16354,136250176,0,1,1,31744,37,7810931390
2688,136247373,250169,136497542,0,5,0,8192,48,9036268506
2689,136418056,242863,136660919,0,5,0,65024,48,7592773336
2690,136424627,1042,136425669,0,8,1,1024,40,4138593498
2691,136437457,6278,136443735,0,6,1,6656,28,5847851359
2692,136612885,35312,136648197,0,6,1,61952,28,8570366968
2693,136661754,2870,136664624,0,8,1,8704,40,5431741849
2694,136709381,127556,136836937,0,5,0,118784,48,4294970740
2695,136712845,15837,136728682,0,9,1,30720,3,7029762135
2696,136723768,23725,136747493,0,8,1,39424,40,6882463035
2697,136726342,48980,136775322,0,5,0,2048,48,9019186780
2698,136753253,2870,136756123,0,9,1,8704,3,7034493086
2699,136758127,84904,136843031,0,5,1,141824,48,7093302539
2700,136759709,378617,137138326,0,9,1,613888,3,1534224733
2701,136854553,3422,136857975,0,6,1,3584,28,10429285204
2702,136866486,3645,136870131,0,6,1,10240,28,10601200300
2703,136869616,13639,136883255,0,6,1,23040,28,6786021515
2704,136999032,194336,137193368,0,1,0,176640,37,9151876653
2705,137024828,369515,137394343,0,6,0,100864,28,2956121785
2706,137083284,3387,137086671,0,8,1,9728,40,7684838756
2707,137083973,279623,137363596,0,6,0,270336,28,3094642604
2708,137144576,124436,137269012,0,5,0,108544,48,6090141229
2709,137234083,317949,137552032,0,6,0,347136,28,4943019257
2710,137268475,125883,137394358,0,6,1,44544,28,1854721348
2711,137281574,95117,137376691,0,5,1,155136,48,6188102585
2712,137337863,94770,137432633,0,5,1,157696,48,3880647132
2713,137375647,107150,137482797,0,5,1,161792,48,5169804945
2714,137406812,65429,137472241,0,9,1,110592,3,2276795682
2715,137409608,388169,137797777,0,5,0,262144,48,10183797555
2716,137410331,89163,137499494,0,9,1,89600,3,5234998939
2717,137447942,74003,137521945,0,5,1,123904,48,5271295698
2718,137477547,226792,137704339,0,5,1,358912,48,7786851661
2719,137477826,3904,137481730,0,1,1,10752,37,4686953204
2720,137506425,45752,137552177,0,0,0,1536,2,8024194555
2721,137510790,32299,137543089,0,9,1,52736,3,9563318599
2722,137653300,3422,137656722,0,1,1,3584,37,7043120421
2723,137732132,160407,137892539,0,5,1,157696,48,483063034
2724,137826604,208064,138034668,0,1,0,221696,37,2456490523
2725,137899410,4850,137904260,0,1,1,5120,37,9154639462
2726,137945496,219764,138165260,0,6,0,260096,28,2420335168
2727,137958946,71312,138030258,0,0,0,14848,2,10721012366
2728,138015203,29956,138045159,0,1,1,16896,37,5781661602
2729,138034251,6754,138041005,0,6,1,7168,28,6899321901
2730,138063501,118820,138182321,0,1,0,90112,37,5802741948
2731,138095928,157587,138253515,0,9,1,260096,3,8879488846
2732,138136232,169689,138305921,0,9,1,177152,3,880075923
2733,138140367,23466,138163833,0,8,1,38912,40,10405448949
2734,138157504,179983,138337487,0,9,1,110080,3,3970405816
2735,138187428,105248,138292676,0,1,0,45568,37,4662452810
2736,138262948,52364,138315312,0,0,0,3072,2,4639451282
2737,138282789,199796,138482585,0,5,0,194560,48,3314297934
2738,138291922,50672,138342594,0,0,0,2560,2,1869838069
2739,138334882,102440,138437322,0,6,0,36352,28,9363971979
2740,138396873,24242,138421115,0,1,1,40448,37,7211466265
2741,138546091,88700,138634791,0,1,0,21504,37,10056082689
2742,138555451,22691,138578142,0,8,1,37376,40,4014944561
2743,138559553,1042,138560595,0,1,1,1024,37,3132400573
2744,138673988,24154,138698142,0,1,1,43520,37,7346784409
2745,138681344,17874,138699218,0,1,1,13312,37,175788442
2746,138807341,62933,138870274,0,8,1,102400,40,1073994995
2747,138835455,78992,138914447,0,0,0,14848,2,6657575637
2748,138884935,146687,139031622,0,9,1,242176,3,9649057125
2749,138941470,274424,139215894,0,5,0,288256,48,7428423167
2750,138948022,104780,139052802,0,6,0,44032,28,10265270122
2751,138977428,74880,139052308,0,9,1,74240,3,5111930087
2752,139006910,13083,139019993,0,8,1,22016,40,3693086969
2753,139011344,43904,139055248,0,0,0,512,2,3642795760
2754,139152507,99008,139251515,0,6,0,25088,28,10676409132
2755,139242787,31524,139274311,0,1,1,51200,37,4082694337
2756,139313607,291224,139604831,0,6,0,333312,28,7676456433
2757,139594726,45596,139640322,0,0,0,1024,2,5534381109
2758,139620136,31007,139651143,0,9,1,50176,3,2214448753
2759,139727313,5326,139732639,0,5,1,5632,48,2031978180
2760,139755532,227687,139983219,0,5,1,373248,48,8220143573
2761,139773895,315541,140089436,0,9,1,510976,3,801332980
2762,139799305,394166,140193471,0,5,1,524288,48,3074521773
2763,139827513,620649,140448162,0,5,0,300544,48,380426764
2764,139834133,281532,140115665,0,9,1,92672,3,3814581119
2765,139864885,359538,140224423,0,5,1,107008,48,6962109803
2766,139970437,301156,140271593,0,5,1,152064,48,6309879642
2767,140158823,120848,140279671,0,6,0,96768,28,3375595890
2768,140333436,12049,140345485,0,2,1,19968,41,5856998571
2769,140378719,47288,140426007,0,0,0,1536,2,3578318801
2770,140400977,71089,140472066,0,5,1,43008,48,6259074361
2771,140416860,74852,140491712,0,6,0,16384,28,5366040080
2772,140440428,117977,140558405,0,5,0,5120,48,6419040148
2773,140562680,22433,140585113,0,9,1,36864,3,10037443474
2774,140709959,5454,140715413,0,1,1,13824,37,3057876634
2775,140715003,296495,141011498,0,9,1,483840,3,1022935194
2776,140816855,216660,141033515,0,9,1,72704,3,334272043
2777,140909935,16613,140926548,0,1,1,32256,37,9965253773
2778,140922765,154731,141077496,0,1,0,55296,37,8217539989
2779,140926214,68996,140995210,0,6,0,12288,28,7220964500
2780,140940764,566,140941330,0,3,1,512,35,1362191565
2781,140941082,6229,140947311,0,3,1,15360,35,5199491807
2782,141067752,48980,141116732,0,0,0,2048,2,2731092515
2783,141086586,2470,141089056,0,3,1,2560,35,3348542359
2784,141243043,21399,141264442,0,1,1,34816,37,7573998087
2785,141405291,5971,141411262,0,3,1,14848,35,385140694
2786,141444854,4420,141449274,0,3,1,11776,35,2242530429
2787,141448074,48980,141497054,0,5,0,2048,48,3744231872
2788,141489892,73575,141563467,0,9,1,119808,3,2741715970
2789,141522939,260364,141783303,0,9,1,416768,3,2467180113
2790,141594882,31266,141626148,0,5,1,50688,48,5003580608
2791,141621407,15837,141637244,0,1,1,30720,37,1963021766
2792,141790524,4679,141795203,0,3,1,12288,35,1452813732
2793,141867803,6229,141874032,0,5,1,15360,48,5101458026
2794,141879715,11533,141891248,0,1,1,18944,37,2648256094
2795,141911037,478010,142389047,0,1,0,557056,37,8632658439
2796,141921573,65900,141987473,0,5,0,7168,48,9769660957
2797,142028911,25704,142054615,0,3,1,46592,35,6131037906
2798,142030137,43904,142074041,0,0,0,512,2,4221110912
2799,142043842,129428,142173270,0,6,0,124928,28,2869014436
2800,142054353,45596,142099949,0,0,0,1024,2,10465425053
2801,142055615,6754,142062369,0,1,1,7168,37,2523614008
2802,142159505,311145,142470650,0,1,0,267776,37,1616002948
2803,142291811,3645,142295456,0,2,1,10240,41,5626601175
2804,142406777,255705,142662482,0,1,0,168448,37,805919131
2805,142468508,67748,142536256,0,6,0,8192,28,8787944507
2806,142532489,3128,142535617,0,3,1,9216,35,2489178614
2807,142536079,211027,142747106,0,1,0,151552,37,1763788375
2808,142616338,53842,142670180,0,1,1,8192,37,5361889245
2809,142625996,107120,142733116,0,6,0,51712,28,8306993089
2810,142709675,26738,142736413,0,8,1,48640,40,6276615980
2811,142712171,16613,142728784,0,5,1,32256,48,2708423065
2812,142713929,16443,142730372,0,5,1,15872,48,10596991712
2813,142725919,34432,142760351,0,1,1,25600,37,9484870883
2814,142730263,70532,142800795,0,0,0,12288,2,7228240245
2815,142738560,120848,142859408,0,6,0,96768,28,3642316953
2816,142742540,183054,142925594,0,6,0,86016,28,2079648899
2817,142885251,35829,142921080,0,1,1,62976,37,8980464332
2818,142917283,45596,142962879,0,5,0,1024,48,329453598
2819,142981947,427024,143408971,0,1,0,291328,37,7700028340
2820,142990079,216644,143206723,0,1,0,249856,37,9104982969
2821,142997309,12308,143009617,0,3,1,20480,35,9641997059
2822,143017000,14029,143031029,0,5,1,27136,48,5494202926
2823,143024973,54203,143079176,0,5,0,3072,48,3425223652
2824,143068382,50672,143119054,0,0,0,2560,2,412041766
2825,143074042,161433,143235475,0,1,0,44544,37,2544105515
2826,143090027,15062,143105089,0,5,1,29184,48,5796151231
2827,143111935,15579,143127514,0,8,1,30208,40,7699400169
2828,143156339,43904,143200243,0,0,0,512,2,9428431940
2829,143239778,6278,143246056,0,8,1,6656,40,593799992
2830,143254796,11016,143265812,0,1,1,17920,37,9486772233
2831,143281378,260542,143541920,0,1,0,184832,37,7457274894
2832,143284424,60980,143345404,0,0,0,6144,2,5200753021
2833,143356082,31266,143387348,0,8,1,50688,40,4115029651
2834,143396944,167299,143564243,0,1,0,73216,37,10043369054
2835,143484450,16613,143501063,0,5,1,32256,48,824089114
2836,143511540,76163,143587703,0,5,0,512,48,1704865581
2837,143650388,64676,143715064,0,0,0,8192,2,3669585852
2838,143663982,24670,143688652,0,3,1,44544,35,9056957729
2839,143709018,298556,144007574,0,6,0,357376,28,2616921555
2840,143722912,20624,143743536,0,8,1,33280,40,4665592555
2841,143735628,4937,143740565,0,5,1,12800,48,3902936729
2842,143791622,4679,143796301,0,8,1,12288,40,10722560744
2843,143805192,86360,143891552,0,1,0,13824,37,126648838
2844,143868901,59756,143928657,0,5,0,7168,48,1287456476
2845,143874250,126308,144000558,0,1,0,114688,37,484964941
2846,143913249,15423,143928672,0,5,1,28160,48,7230697364
2847,143940317,132049,144072366,0,1,0,50688,37,5616397292
2848,143997071,30749,144027820,0,8,1,49664,40,9882891832
2849,144010582,47288,144057870,0,0,0,1536,2,8479753741
2850,144014969,52364,144067333,0,5,0,3072,48,7340801225
2851,144027999,13600,144041599,0,8,1,23040,40,5497033888
2852,144063744,43904,144107648,0,0,0,512,2,4534731263
2853,144096106,45596,144141702,0,5,0,1024,48,8202984468
2854,144161900,125528,144287428,0,1,0,112128,37,10322592115
2855,144184722,15321,144200043,0,3,1,29696,35,6236500269
2856,144186245,158141,144344386,0,1,0,66048,37,108006684
2857,144265081,3898,144268979,0,8,1,4096,40,9758560267
2858,144360264,45908,144406172,0,5,0,2048,48,7360823163
2859,144430630,7706,144438336,0,5,1,8192,48,8903895000
2860,144473308,11533,144484841,0,5,1,18944,48,6851218444
2861,144485141,47600,144532741,0,5,0,2560,48,10140649496
2862,144550414,4162,144554576,0,3,1,11264,35,10406008659
2863,144632423,11274,144643697,0,7,1,18432,37,2910688316
2864,144637467,72668,144710135,0,1,0,9216,37,9524474944
2865,144638236,48980,144687216,0,0,0,2048,2,7242001617
2866,144749738,3387,144753125,0,7,1,9728,37,9853250873
2867,144768423,107432,144875855,0,1,0,52736,37,4306263753
2868,144774925,5454,144780379,0,7,1,13824,37,4570040523
2869,144777528,45596,144823124,0,5,0,1024,48,9645043349
2870,144813753,110708,144924461,0,6,0,63488,28,5294774449
2871,144815209,60824,144876033,0,5,0,5632,48,7085195839
2872,144872168,3645,144875813,0,3,1,10240,35,9258435435
2873,144907224,12049,144919273,0,7,1,19968,37,383695802
2874,144943907,14029,144957936,0,3,1,27136,35,491495730
2875,144955630,15837,144971467,0,7,1,30720,37,9691158874
2876,145026053,56996,145083049,0,5,0,8192,48,6577950293
2877,145086835,43904,145130739,0,0,0,512,2,5688738184
2878,145192845,2946,145195791,0,7,1,3072,37,9267665943
2879,145217248,3128,145220376,0,8,1,9216,40,3184445031
2880,145237253,12825,145250078,0,5,1,21504,48,5225713270
2881,145266576,1518,145268094,0,8,1,1536,40,6075982965
2882,145307994,24242,145332236,0,4,1,40448,28,648675259
2883,145331047,14804,145345851,0,3,1,28672,35,4209124092
2884,145398137,12308,145410445,0,3,1,20480,35,6466722248
2885,145416417,26221,145442638,0,7,1,47616,37,9235779562
2886,145424748,47288,145472036,0,0,0,1536,2,908325608
2887,145461351,4374,145465725,0,5,1,4608,48,657989952
2888,145508714,121004,145629718,0,6,0,97280,28,10077109509
2889,145599364,20882,145620246,0,7,1,33792,37,3072165643
2890,145614952,164384,145779336,0,1,0,143872,37,5353036664
2891,145629005,84079,145713084,0,1,0,2048,37,4930433285
2892,145650939,48980,145699919,0,0,0,2048,2,2895661957
2893,145656259,21916,145678175,0,3,1,35840,35,3059330621
2894,145724776,72799,145797575,0,8,1,118272,40,2317129731
2895,145738169,204944,145943113,0,6,0,211456,28,7396107475
2896,145834142,76208,145910350,0,5,0,10752,48,9164445179
2897,145974925,189812,146164737,0,1,0,161792,37,7214214427
2898,146045486,48980,146094466,0,5,0,2048,48,6650526315
2899,146047664,11016,146058680,0,7,1,17920,37,9124153618
2900,146049463,11533,146060996,0,8,1,18944,40,4791234790
2901,146072521,55748,146128269,0,0,0,4096,2,2011996522
2902,146166261,3645,146169906,0,8,1,10240,40,5356476679
2903,146334046,1518,146335564,0,7,1,1536,37,1337138398
2904,146365017,11016,146376033,0,5,1,17920,48,9113994204
2905,146410293,2470,146412763,0,3,1,2560,35,1624607004
2906,146436896,14545,146451441,0,7,1,28160,37,632657233
2907,146463937,675530,147139467,0,6,0,882688,28,2149333636
2908,146473404,4679,146478083,0,5,1,12288,48,2324068824
2909,146577382,45596,146622978,0,0,0,1024,2,1799450219
2910,146589765,13770,146603535,0,8,1,26624,40,6288795402
2911,146669085,12737,146681822,0,3,1,24576,35,7653618998
2912,146696759,12566,146709325,0,8,1,20992,40,9307510201
2913,146716188,24242,146740430,0,5,1,40448,48,9847226359
2914,146783269,3422,146786691,0,5,1,3584,48,6733848315
2915,146944248,45596,146989844,0,5,0,1024,48,8514753479
2916,147010303,23983,147034286,0,5,1,39936,48,4505511315
2917,147043017,3387,147046404,0,8,1,9728,40,6480925816
2918,147057905,5454,147063359,0,7,1,13824,37,5304588347
2919,147155736,3904,147159640,0,5,1,10752,48,10138352353
2920,147203414,202448,147405862,0,1,0,203264,37,4192424307
2921,147283687,1994,147285681,0,7,1,2048,37,3894146798
2922,147283760,213368,147497128,0,6,0,239104,28,2406206356
2923,147293320,4850,147298170,0,7,1,5120,37,4943666601
2924,147317488,3128,147320616,0,8,1,9216,40,7129621681
2925,147541691,11533,147553224,0,8,1,18944,40,6131026872
2926,147731536,21658,147753194,0,5,1,35328,48,48789242
2927,147739769,19838,147759607,0,5,1,30720,48,4549214070
2928,148175259,4937,148180196,0,8,1,12800,40,9196117597
2929,148250355,33075,148283430,0,8,1,54272,40,4233851378
2930,148285425,54056,148339481,0,5,0,3584,48,8996701397
2931,148303980,13253,148317233,0,6,1,25600,28,4874168126
2932,148344589,5802,148350391,0,4,1,6144,28,4122589593
2933,148355450,229975,148585425,0,6,0,107520,28,9035950342
2934,148372138,56337,148428475,0,9,1,96256,3,1773846426
2935,148409844,12825,148422669,0,5,1,21504,48,4119279347
2936,148533414,43904,148577318,0,0,0,512,2,606742109
2937,148700831,366140,149066971,0,1,0,422912,37,6029920738
2938,148747505,11791,148759296,0,7,1,19456,37,9266747190
2939,148820858,4937,148825795,0,2,1,12800,41,5072532751
2940,148827577,48980,148876557,0,0,0,2048,2,9230356237
2941,148848703,14287,148862990,0,8,1,27648,40,7665301960
2942,148858523,2470,148860993,0,3,1,2560,35,2724320239
2943,148936136,52549,148988685,0,5,1,85504,48,7376590844
2944,148946567,7706,148954273,0,3,1,8192,35,900297113
2945,149034158,128223,149162381,0,5,0,2560,48,3502315008
2946,149080461,24929,149105390,0,7,1,45056,37,4188265948
2947,149109728,3128,149112856,0,8,1,9216,40,3265958223
2948,149318007,114452,149432459,0,6,0,75776,28,4031981098
2949,149388435,14287,149402722,0,7,1,27648,37,2423837472
2950,149454735,26221,149480956,0,3,1,47616,35,3134511275
2951,149510623,33850,149544473,0,9,1,55808,3,7137309109
2952,149599844,1518,149601362,0,8,1,1536,40,6923511442
2953,149677436,11791,149689227,0,0,1,19456,2,2063306954
2954,149754475,12566,149767041,0,3,1,20992,35,10043284358
2955,149827716,4937,149832653,0,3,1,12800,35,3872967193
2956,149894184,206660,150100844,0,6,0,217088,28,4341934283
2957,150006335,7706,150014041,0,5,1,8192,48,797127285
2958,150065284,60577,150125861,0,0,0,2048,2,3070319533
2959,150071850,4162,150076012,0,3,1,11264,35,8290638987
2960,150076881,52364,150129245,0,0,0,3072,2,6892596255
2961,150144922,13083,150158005,0,8,1,22016,40,9509873049
2962,150183449,48980,150232429,0,5,0,2048,48,4928167692
2963,150207603,64676,150272279,0,0,0,8192,2,1588546963
2964,150262948,232856,150495804,0,6,0,267776,28,10126324503
2965,150303523,4850,150308373,0,3,1,5120,35,9334857484
2966,150324155,12308,150336463,0,8,1,20480,40,10524045967
2967,150341250,4937,150346187,0,5,1,12800,48,4590456694
2968,150388605,566,150389171,0,1,1,512,37,4498906382
2969,150493208,4937,150498145,0,7,1,12800,37,2382779041
2970,150503563,55904,150559467,0,5,0,4608,48,7689315420
2971,150534323,5326,150539649,0,1,1,5632,37,6802428890
2972,150544134,11016,150555150,0,8,1,17920,40,7236427032
2973,150598296,45596,150643892,0,0,0,1024,2,1740488294
2974,150613063,7706,150620769,0,1,1,8192,37,10276733237
2975,150690838,5326,150696164,0,5,1,5632,48,8701403574
2976,150750414,43904,150794318,0,0,0,512,2,10618338068
2977,150918084,5712,150923796,0,3,1,14336,35,2458144040
2978,150952205,33591,150985796,0,0,1,55296,2,3998490413
2979,151040636,13858,151054494,0,8,1,23552,40,5922761160
2980,151047269,48980,151096249,0,0,0,2048,2,158192097
2981,151067434,43904,151111338,0,5,0,512,48,3799985620
2982,151067593,11274,151078867,0,8,1,18432,40,4030963228
2983,151127399,31007,151158406,0,3,1,50176,35,1268941973
2984,151140616,11274,151151890,0,1,1,18432,37,8380981351
2985,151167990,2946,151170936,0,8,1,3072,40,6754584169
2986,151180478,3904,151184382,0,8,1,10752,40,10664679088
2987,151211055,24929,151235984,0,5,1,45056,48,1880805655
2988,151276363,476762,151753125,0,6,0,552960,28,10222374227
2989,151286173,12737,151298910,0,8,1,24576,40,4606477884
2990,151292208,34795,151327003,0,0,1,60928,2,8248240255
2991,151312078,13341,151325419,0,5,1,22528,48,1195819679
2992,151317233,6229,151323462,0,1,1,15360,37,650059336
2993,151368710,160717,151529427,0,0,0,1536,2,1925522937
2994,151393389,1042,151394431,0,8,1,1024,40,5087942124
2995,151409448,6754,151416202,0,5,1,7168,48,3204332895
2996,151450115,23378,151473493,0,1,1,41984,37,3180455722
2997,151451452,47288,151498740,0,5,0,1536,48,9537925763
2998,151673752,12995,151686747,0,1,1,25088,37,2477833445
2999,151777232,34108,151811340,0,4,1,56320,28,3366558642
3000,151787403,12737,151800140,0,1,1,24576,37,10624760490
3001,151799039,53066,151852105,0,8,1,86528,40,7404250979
3002,151868321,104312,151972633,0,6,0,42496,28,5013864645
3003,151957776,5802,151963578,0,5,1,6144,48,1077646446
3004,151976632,103220,152079852,0,6,0,38912,28,10699302411
3005,152052308,1042,152053350,0,0,1,1024,2,6078485897
3006,152134629,16354,152150983,0,4,1,31744,28,6864721497
3007,152186355,15837,152202192,0,2,1,30720,41,10254480878
3008,152236510,5712,152242222,0,8,1,14336,40,9526815336
3009,152242393,12737,152255130,0,1,1,24576,37,3060573926
3010,152365055,5454,152370509,0,5,1,13824,48,6861871983
3011,152424122,4162,152428284,0,3,1,11264,35,7676089042
3012,152473624,3904,152477528,0,3,1,10752,35,7151210839
3013,152490909,11533,152502442,0,8,1,18944,40,5167089760
3014,152548051,48980,152597031,0,0,0,2048,2,10622082595
3015,152566527,47288,152613815,0,5,0,1536,48,5736257510
3016,152611450,3904,152615354,0,8,1,10752,40,10051707579
3017,152622546,114452,152736998,0,6,0,75776,28,8573283563
3018,152626922,14117,152641039,0,4,1,24064,28,7530330420
3019,152637789,68216,152706005,0,0,0,9728,2,3122662512
3020,152657716,150148,152807864,0,6,0,80384,28,1152221470
3021,152702206,43904,152746110,0,0,0,512,2,6254723392
3022,152720669,34020,152754689,0,4,1,59392,28,9283559184
3023,152749212,7706,152756918,0,8,1,8192,40,9243544421
3024,152776698,4679,152781377,0,4,1,12288,28,1209959665
3025,152783755,4374,152788129,0,1,1,4608,37,1177028822
3026,152807845,48980,152856825,0,5,0,2048,48,5600659042
3027,153091393,232700,153324093,0,6,0,267264,28,6395631126
3028,153204422,47288,153251710,0,5,0,1536,48,8138330060
3029,153268926,168987,153437913,0,6,0,73728,28,1395286081
3030,153384679,50672,153435351,0,5,0,2560,48,7107916513
3031,153540225,48980,153589205,0,0,0,2048,2,8951618786
3032,153617557,7706,153625263,0,4,1,8192,28,579121572
3033,153673478,50672,153724150,0,0,0,2560,2,2949590080
3034,153757737,54836,153812573,0,5,0,6144,48,127907289
3035,153822569,16096,153838665,0,4,1,31232,28,6811796312
3036,153930874,59132,153990006,0,0,0,5120,2,8665049117
3037,153941370,4420,153945790,0,4,1,11776,28,2875612174
3038,154000052,54056,154054108,0,5,0,3584,48,1091696216
3039,154026781,35054,154061835,0,8,1,61440,40,4395847979
3040,154096375,55748,154152123,0,0,0,4096,2,13311701
3041,154102539,103220,154205759,0,5,0,38912,48,9933558929
3042,154356473,16613,154373086,0,8,1,32256,40,2299578932
3043,154391197,198236,154589433,0,6,0,189440,28,8334916570
3044,154418277,4374,154422651,0,7,1,4608,37,10111956104
3045,154419321,43904,154463225,0,0,0,512,2,4269196168
3046,154569707,6488,154576195,0,4,1,15872,28,6702453613
3047,154575228,97017,154672245,0,6,0,12288,28,10565956448
3048,154615257,7230,154622487,0,7,1,7680,37,3214573592
3049,154653859,3645,154657504,0,4,1,10240,28,7146259897
3050,154763344,4162,154767506,0,6,1,11264,28,3736644312
3051,154816396,1994,154818390,0,3,1,2048,35,10444168981
3052,154878900,12308,154891208,0,4,1,20480,28,6715335348
3053,154930455,12737,154943192,0,8,1,24576,40,8967698589
3054,154992307,48980,155041287,0,0,0,2048,2,5697957558
3055,155000115,67592,155067707,0,0,0,7680,2,6190983502
3056,155036480,1042,155037522,0,6,1,1024,28,234641906
3057,155123719,368144,155491863,0,6,0,424448,28,6571982327
3058,155171443,566,155172009,0,7,1,512,37,10041055985
3059,155206084,10499,155216583,0,4,1,16896,28,9671738558
3060,155316428,566,155316994,0,4,1,512,28,3084588627
3061,155393496,14287,155407783,0,7,1,27648,37,4416769082
3062,155434956,114920,155549876,0,5,0,77312,48,7892252910
3063,155448380,3128,155451508,0,3,1,9216,35,5699495672
3064,155463429,5971,155469400,0,4,1,14848,28,7280198804
3065,155483153,12566,155495719,0,8,1,20992,40,606195269
3066,155496730,13083,155509813,0,8,1,22016,40,3050372222
3067,155540682,111800,155652482,0,6,0,67072,28,9484695508
3068,155562920,4374,155567294,0,6,1,4608,28,2100407937
3069,155589787,1042,155590829,0,8,1,1024,40,2882824716
3070,155598057,413024,156011081,0,6,0,454656,28,6394646279
3071,155652965,2470,155655435,0,6,1,2560,28,7073316465
3072,155949231,212171,156161402,0,6,0,72192,28,7305465946
3073,155953787,62782,156016569,0,6,1,13824,28,6681248332
3074,155985686,43411,156029097,0,6,1,26624,28,623220867
3075,156065583,24242,156089825,0,6,1,40448,28,8721162627
3076,156116414,276532,156392946,0,6,0,234496,28,8326611525
3077,156175217,3387,156178604,0,0,1,9728,2,8539429935
3078,156205452,199677,156405129,0,6,0,39936,28,3352048863
3079,156293232,4162,156297394,0,7,1,11264,37,3901983751
3080,156394879,52364,156447243,0,0,0,3072,2,6088718348
3081,156454775,3645,156458420,0,7,1,10240,37,2944288271
3082,156532157,48980,156581137,0,0,0,2048,2,5720969749
3083,156586463,128336,156714799,0,5,0,121344,48,3406563700
3084,156588430,1518,156589948,0,8,1,1536,40,5551488357
3085,156596149,2470,156598619,0,2,1,2560,41,5026450503
3086,156627426,536013,157163439,0,6,0,558592,28,5139750450
3087,156685459,43904,156729363,0,0,0,512,2,193787404
3088,156687925,4937,156692862,0,6,1,12800,28,1310628764
3089,156719831,5196,156725027,0,6,1,13312,28,207838223
3090,156738499,181460,156919959,0,5,0,149504,48,8803237759
3091,156805918,41391,156847309,0,6,1,67072,28,606808572
3092,156851054,3422,156854476,0,8,1,3584,40,8508308871
3093,157084701,93292,157177993,0,6,1,28160,28,10090237122
3094,157130982,57440,157188422,0,0,0,4608,2,6647744355
3095,157156318,61314,157217632,0,6,0,1024,28,8962332470
3096,157492017,189812,157681829,0,6,0,161792,28,10188849593
3097,157556594,4937,157561531,0,6,1,12800,28,6351553475
3098,157565945,52364,157618309,0,0,0,3072,2,6934636488
3099,157656109,5971,157662080,0,2,1,14848,41,3319175758
3100,157777522,10757,157788279,0,2,1,17408,41,5902443265
3101,157973243,285764,158259007,0,5,0,315392,48,1446299645
3102,158051520,146528,158198048,0,6,0,135680,28,5910087016
3103,158099679,48980,158148659,0,0,0,2048,2,7895117201
3104,158131169,3645,158134814,0,6,1,10240,28,8031320417
3105,158249871,65900,158315771,0,0,0,7168,2,10071927493
3106,158318067,10241,158328308,0,0,1,16384,2,8577693559
3107,158380311,116480,158496791,0,6,0,82432,28,9667757455
3108,158398582,43904,158442486,0,0,0,512,2,1136619193
3109,158415872,4374,158420246,0,6,1,4608,28,824915187
3110,158535543,210092,158745635,0,6,0,228352,28,4866668563
3111,158543268,15062,158558330,0,1,1,29184,37,5530352001
3112,158580786,4850,158585636,0,6,1,5120,28,3580516295
3113,158608875,4420,158613295,0,6,1,11776,28,9478939065
3114,158628165,14117,158642282,0,6,1,24064,28,9491316794
3115,158697419,62795,158760214,0,6,1,28160,28,2781145950
3116,158702836,262736,158965572,0,6,0,260608,28,5645921260
3117,158742701,64356,158807057,0,6,1,86016,28,10175520183
3118,158769166,5802,158774968,0,2,1,6144,41,7384822557
3119,158868169,21658,158889827,0,2,1,35328,41,8437682516
3120,158897766,55748,158953514,0,0,0,4096,2,9321984870
3121,158908556,4937,158913493,0,2,1,12800,41,810096634
3122,158912764,334976,159247740,0,6,0,303616,28,5975829496
3123,158928112,65456,158993568,0,5,0,10752,48,10333332979
3124,158988251,7706,158995957,0,2,1,8192,41,3219501244
3125,159102446,12049,159114495,0,6,1,19968,28,4628490451
3126,159122465,104312,159226777,0,5,0,42496,48,6786297965
3127,159159161,89137,159248298,0,6,1,512,28,9670364495
3128,159180278,2470,159182748,0,7,1,2560,37,3257267644
3129,159269643,566,159270209,0,7,1,512,37,4515394460
3130,159271027,6278,159277305,0,6,1,6656,28,4445625687
3131,159295117,106964,159402081,0,5,0,51200,48,9213879039
3132,159472453,4850,159477303,0,6,1,5120,28,9519441130
3133,159538671,57440,159596111,0,6,0,4608,28,10661693573
3134,159613377,3898,159617275,0,2,1,4096,41,1611088511
3135,159650976,13600,159664576,0,3,1,23040,35,9865200930
3136,159662497,119288,159781785,0,6,0,91648,28,7873892993
3137,159711303,14287,159725590,0,7,1,27648,37,2741237503
3138,159726033,566,159726599,0,7,1,512,37,10705879330
3139,159769752,114296,159884048,0,5,0,75264,48,7672056337
3140,159785298,35829,159821127,0,3,1,62976,35,6514967480
3141,159795167,3422,159798589,0,2,1,3584,41,1413944827
3142,159861893,6488,159868381,0,3,1,15872,35,5292436396
3143,159899163,47288,159946451,0,0,0,1536,2,9703420342
3144,159913958,523880,160437838,0,6,0,635904,28,7761071702
3145,159974586,1518,159976104,0,3,1,1536,35,3343827926
3146,160071089,11016,160082105,0,6,1,17920,28,4860485772
3147,160195064,12308,160207372,0,2,1,20480,41,4478249667
3148,160206733,13600,160220333,0,1,1,23040,37,2829431066
3149,160271249,4420,160275669,0,1,1,11776,37,8638147910
3150,160441250,3387,160444637,0,1,1,9728,37,502626409
3151,160494374,12825,160507199,0,3,1,21504,35,3952377018
3152,160655443,21399,160676842,0,7,1,34816,37,8523861505
3153,160675724,15062,160690786,0,2,1,29184,41,4502242145
3154,160675859,10757,160686616,0,1,1,17408,37,337056903
3155,160686326,22862,160709188,0,1,1,40960,37,9592669460
3156,160729960,10499,160740459,0,2,1,16896,41,10301672880
3157,160781056,2470,160783526,0,3,1,2560,35,23402168
3158,160812004,57562,160869566,0,1,0,3072,37,5940836656
3159,160821261,253784,161075045,0,1,0,275968,37,10429320392
3160,160858575,13253,160871828,0,7,1,25600,37,2654186535
3161,160864708,9706,160874414,0,7,1,4096,37,4894215669
3162,160873996,202936,161076932,0,1,0,6144,37,8541355001
3163,160947360,93776,161041136,0,6,0,23040,28,4636391566
3164,161040409,50672,161091081,0,0,0,2560,2,6278746336
3165,161114104,90104,161204208,0,1,0,26112,37,8178401026
3166,161165474,54680,161220154,0,0,0,5632,2,5387222202
3167,161250883,15579,161266462,0,3,1,30208,35,2176129276
3168,161284826,3128,161287954,0,7,1,9216,37,9149782332
3169,161321753,5712,161327465,0,8,1,14336,40,3164672311
3170,161493206,12737,161505943,0,3,1,24576,35,5972872532
3171,161508551,128336,161636887,0,6,0,121344,28,2307269700
3172,161700771,4162,161704933,0,3,1,11264,35,3156556847
3173,161709455,43904,161753359,0,0,0,512,2,5639192765
3174,162035967,196832,162232799,0,4,0,184832,28,7650212496
3175,162245445,211184,162456629,0,5,0,231936,48,2551757492
3176,162481264,3898,162485162,0,7,1,4096,37,8173359714
3177,162700089,3645,162703734,0,7,1,10240,37,1363526292
3178,162748911,303392,163052303,0,5,0,373248,48,3253490543
3179,163058220,45596,163103816,0,0,0,1024,2,6446603127
3180,163064847,62516,163127363,0,6,0,6144,28,2231825444
3181,163126154,15318,163141472,0,6,1,24064,28,5304020691
3182,163209258,2870,163212128,0,7,1,8704,37,5587493231
3183,163386738,5971,163392709,0,3,1,14848,35,3644247320
3184,163815894,7230,163823124,0,6,1,7680,28,5590159867
3185,163817840,10430,163828270,0,6,1,8192,28,1215880053
3186,163835135,1042,163836177,0,6,1,1024,28,5925598649
3187,163930668,84992,164015660,0,3,1,138752,35,6474992005
3188,163939220,64208,164003428,0,0,0,6656,2,6465640034
3189,163941352,74462,164015814,0,3,1,8704,35,9565874255
3190,164151492,54056,164205548,0,0,0,3584,2,6288111350
3191,164246258,204476,164450734,0,6,0,209920,28,7382102791
3192,164363943,329755,164693698,0,6,0,385024,28,8798325719
3193,164382693,4162,164386855,0,7,1,11264,37,7881490018
3194,164385591,3898,164389489,0,3,1,4096,35,544220115
3195,164387780,1518,164389298,0,7,1,1536,37,8128859639
3196,164413842,69700,164483542,0,6,1,53760,28,6830900961
3197,164456937,4850,164461787,0,3,1,5120,35,10079629530
3198,164485416,31783,164517199,0,3,1,51712,35,6368517890
3199,164520575,50672,164571247,0,0,0,2560,2,9036881705
3200,164573910,1994,164575904,0,7,1,2048,37,2356833593
3201,164632225,52364,164684589,0,0,0,3072,2,10556698863
3202,164654485,23378,164677863,0,3,1,41984,35,6319391064
3203,164708169,45596,164753765,0,0,0,1024,2,9032657270
3204,164716319,12995,164729314,0,7,1,25088,37,3644453434
3205,164863256,11016,164874272,0,6,1,17920,28,5738690153
3206,164875406,10757,164886163,0,3,1,17408,35,4442119438
3207,164976729,34020,165010749,0,3,1,59392,35,741024635
3208,164984043,13083,164997126,0,7,1,22016,37,551440250
3209,165149214,47288,165196502,0,0,0,1536,2,3391667652
3210,165180407,16096,165196503,0,3,1,31232,35,7691747833
3211,165200716,117884,165318600,0,5,0,87040,48,6248421176
3212,165330754,7230,165337984,0,6,1,7680,28,8348077774
3213,165349405,25962,165375367,0,7,1,47104,37,999213594
3214,165512210,306824,165819034,0,6,0,384512,28,1861483961
3215,165567309,293252,165860561,0,5,0,339968,48,6052936164
3216,165582633,12308,165594941,0,3,1,20480,35,542517934
3217,165663069,155980,165819049,0,6,1,68096,28,7024167635
3218,165795095,222650,166017745,0,6,0,190976,28,4112154762
3219,165798118,23895,165822013,0,7,1,43008,37,7109901668
3220,165830615,47288,165877903,0,0,0,1536,2,246048781
3221,165846836,4937,165851773,0,6,1,12800,28,10012057584
3222,166221912,65900,166287812,0,0,0,7168,2,5209695047
3223,166292128,5802,166297930,0,3,1,6144,35,8056621046
3224,166299563,31007,166330570,0,6,1,50176,28,10527907433
3225,166440406,57440,166497846,0,0,0,4608,2,2487325267
3226,166475874,13253,166489127,0,6,1,25600,28,4489506545
3227,166477510,12737,166490247,0,7,1,24576,37,7886938735
3228,166560140,7706,166567846,0,3,1,8192,35,3431708600
3229,166795653,20366,166816019,0,3,1,32768,35,5805787827
3230,166806023,48980,166855003,0,0,0,2048,2,8556094086
3231,166822741,130988,166953729,0,6,0,130048,28,1311738715
3232,166875203,5971,166881174,0,6,1,14848,28,6407343402
3233,166959406,34108,166993514,0,6,1,56320,28,1925480310
3234,166998556,180572,167179128,0,5,0,156672,48,4260550531
3235,167048428,4374,167052802,0,8,1,4608,40,10521441440
3236,167119370,33245,167152615,0,3,1,57856,35,3667318414
3237,167161514,4420,167165934,0,6,1,11776,28,3616058646
3238,167183687,6754,167190441,0,3,1,7168,35,2011405555
3239,167230052,12049,167242101,0,7,1,19968,37,7799083265
3240,167324592,100100,167424692,0,5,0,28672,48,8126285676
3241,167349517,89636,167439153,0,6,0,24576,28,7179394563
3242,167399805,6754,167406559,0,7,1,7168,37,1412822292
3243,167549215,78992,167628207,0,6,0,14848,28,509707179
3244,167572478,33850,167606328,0,3,1,55808,35,10336953048
3245,167579048,24929,167603977,0,6,1,45056,28,6885037443
3246,167581897,6488,167588385,0,7,1,15872,37,1319293311
3247,167617899,1042,167618941,0,3,1,1024,35,7668759114
3248,167619615,5326,167624941,0,3,1,5632,35,1164870083
3249,167675514,54056,167729570,0,5,0,3584,48,7862188580
3250,167690828,6229,167697057,0,3,1,15360,35,1701805759
3251,167700451,43904,167744355,0,0,0,512,2,5170168438
3252,167834797,23466,167858263,0,7,1,38912,37,4864553573
3253,167877892,6278,167884170,0,2,1,6656,41,555558047
3254,168001759,20624,168022383,0,2,1,33280,41,8525729821
3255,168056992,7230,168064222,0,1,1,7680,37,4112375565
3256,168059749,23983,168083732,0,1,1,39936,37,5156632188
3257,168104021,199016,168303037,0,5,0,192000,48,9913596162
3258,168279231,41391,168320622,0,1,1,67072,37,1135803260
3259,168395371,21141,168416512,0,6,1,34304,28,2245076841
3260,168401774,13770,168415544,0,7,1,26624,37,3335071490
3261,168444411,14117,168458528,0,6,1,24064,28,10087869849
3262,168461032,566,168461598,0,5,1,512,48,7803406105
3263,168491756,5454,168497210,0,7,1,13824,37,7050877731
3264,168499906,436788,168936694,0,6,0,416256,28,2141128462
3265,168529717,6754,168536471,0,6,1,7168,28,2598136146
3266,168541685,64208,168605893,0,0,0,6656,2,3732540873
3267,168589508,3898,168593406,0,3,1,4096,35,2285071499
3268,168683906,1518,168685424,0,7,1,1536,37,9911073661
3269,168713210,43904,168757114,0,0,0,512,2,6357051609
3270,168842727,106808,168949535,0,5,0,50688,48,9416245611
3271,168992022,6488,168998510,0,8,1,15872,40,9164014184
3272,169087731,5196,169092927,0,1,1,13312,37,6038769036
3273,169131449,4850,169136299,0,1,1,5120,37,5229969821
3274,169473747,13858,169487605,0,7,1,23552,37,5365642026
3275,169478667,22862,169501529,0,6,1,40960,28,7852971821
3276,169481650,110073,169591723,0,6,0,30208,28,10460559516
3277,169489939,16354,169506293,0,3,1,31744,35,5601333320
3278,169513825,12308,169526133,0,8,1,20480,40,3400891473
3279,169640652,50672,169691324,0,0,0,2560,2,8022476352
3280,169773692,94556,169868248,0,6,0,25600,28,802409635
3281,169776064,11274,169787338,0,3,1,18432,35,289035855
3282,169890778,1518,169892296,0,1,1,1536,37,10143066097
3283,169900727,108056,170008783,0,6,0,54784,28,1274568153
3284,169920277,3898,169924175,0,3,1,4096,35,806552938
3285,170015255,4374,170019629,0,3,1,4608,35,2276680967
3286,170030761,13341,170044102,0,0,1,22528,2,924027362
3287,170089670,211964,170301634,0,5,0,234496,48,153406647
3288,170097991,21916,170119907,0,3,1,35840,35,7457073217
3289,170105149,17984,170123133,0,3,1,5120,35,9407252575
3290,170395747,24154,170419901,0,1,1,43520,37,5144786513
3291,170523363,11533,170534896,0,6,1,18944,28,10541995566
3292,171002489,43904,171046393,0,0,0,512,2,2369334544
3293,171096188,2470,171098658,0,8,1,2560,40,1126790187
3294,171126502,82532,171209034,0,5,0,16384,48,3640931720
3295,171166455,50672,171217127,0,0,0,2560,2,3089084103
3296,171208871,43904,171252775,0,0,0,512,2,7074804554
3297,171224394,102284,171326678,0,5,0,35840,48,561513514
3298,171385939,203852,171589791,0,6,0,207872,28,7722936482
3299,171588476,124651,171713127,0,6,0,104960,28,3437836856
3300,171639227,117728,171756955,0,5,0,86528,48,743071920
3301,171726466,196377,171922843,0,5,0,169984,48,4436333334
3302,171729677,33333,171763010,0,1,1,54784,37,1672732583
3303,171761432,281693,172043125,0,5,0,230912,48,1128497227
3304,171796740,6229,171802969,0,8,1,15360,40,53992687
3305,171802657,64076,171866733,0,0,0,11264,2,10484301521
3306,171804204,3387,171807591,0,8,1,9728,40,2322577563
3307,172049666,228848,172278514,0,6,0,264704,28,4374298706
3308,172217904,66080,172283984,0,5,0,12800,48,1322845172
3309,172486017,195740,172681757,0,5,0,181248,48,8050982675
3310,172492970,119943,172612913,0,5,0,10752,48,1962410660
3311,172519948,1518,172521466,0,8,1,1536,40,5501613603
3312,172529607,31524,172561131,0,3,1,51200,35,1816028941
3313,172564798,45596,172610394,0,0,0,1024,2,9542183423
3314,172603960,4850,172608810,0,8,1,5120,40,606185577
3315,172647818,2470,172650288,0,1,1,2560,37,1638360365
3316,172654868,220281,172875149,0,5,0,173568,48,1981579144
3317,172680803,23208,172704011,0,8,1,38400,40,3318518699
3318,172694194,4850,172699044,0,1,1,5120,37,7480267258
3319,172707257,3898,172711155,0,4,1,4096,28,9607244921
3320,172849566,135035,172984601,0,5,0,59392,48,5949065147
3321,172859394,104895,172964289,0,9,1,174080,3,9210195034
3322,173034968,2946,173037914,0,1,1,3072,37,9151975759
3323,173039240,1042,173040282,0,1,1,1024,37,8814572540
3324,173141368,34020,173175388,0,1,1,59392,37,7441637111
3325,173143548,11533,173155081,0,4,1,18944,28,5064215258
3326,173237076,15837,173252913,0,4,1,30720,28,732928067
3327,173275199,3898,173279097,0,1,1,4096,37,9496830756
3328,173342012,5712,173347724,0,4,1,14336,28,2407837321
3329,173389191,5196,173394387,0,1,1,13312,37,7170752935
3330,173406647,1042,173407689,0,1,1,1024,37,1388835837
3331,173428520,201512,173630032,0,5,0,200192,48,165800133
3332,173541784,11016,173552800,0,4,1,17920,28,799964789
3333,173578091,13858,173591949,0,4,1,23552,28,8624783843
3334,173689802,5971,173695773,0,4,1,14848,28,622478968
3335,174098732,57440,174156172,0,0,0,4608,2,4930566001
3336,174120365,14804,174135169,0,1,1,28672,37,7377483711
3337,174161487,282332,174443819,0,5,0,304128,48,1502960700
3338,174211488,263094,174474582,0,5,0,100864,48,1750482987
3339,174339535,47288,174386823,0,0,0,1536,2,8593078307
3340,174353083,190204,174543287,0,5,0,26624,48,10023550927
3341,174399321,239631,174638952,0,5,0,179200,48,9198439504
3342,174506457,43904,174550361,0,0,0,512,2,2298128209
3343,174629374,99164,174728538,0,0,0,25600,2,953878296
3344,174657442,5326,174662768,0,1,1,5632,37,9632268280
3345,174698607,1994,174700601,0,4,1,2048,28,10689780064
3346,174712138,11016,174723154,0,1,1,17920,37,1413025259
3347,174713018,116948,174829966,0,5,0,83968,48,3943139658
3348,174735062,67994,174803056,0,5,0,4608,48,10228030201
3349,174751942,43904,174795846,0,0,0,512,2,1763437838
3350,174908916,112580,175021496,0,6,0,69632,28,2586229797
3351,175093230,100256,175193486,0,5,0,29184,48,4167569557
3352,175159851,66836,175226687,0,0,0,10240,2,5385871512
3353,175267949,119132,175387081,0,5,0,91136,48,3659196839
3354,175778723,122720,175901443,0,5,0,102912,48,5341844244
3355,175796691,11533,175808224,0,6,1,18944,28,10170505942
3356,175841744,3128,175844872,0,6,1,9216,28,5688817915
3357,175905149,115544,176020693,0,5,0,79360,48,6061840177
3358,176002997,3387,176006384,0,6,1,9728,28,9484730267
3359,176021560,33850,176055410,0,6,1,55808,28,759581357
3360,176027967,43098,176071065,0,6,1,50176,28,9067452423
3361,176074573,94400,176168973,0,5,0,25088,48,8178565448
3362,176084827,15062,176099889,0,4,1,29184,28,4953316228
3363,176254034,11791,176265825,0,6,1,19456,28,6241962197
3364,176369806,26738,176396544,0,6,1,48640,28,618203556
3365,176385771,10757,176396528,0,4,1,17408,28,2620608361
3366,176504741,13083,176517824,0,4,1,22016,28,5879982808
3367,176557574,1042,176558616,0,2,1,1024,41,5138497019
3368,176632854,11791,176644645,0,6,1,19456,28,5619361825
3369,176705451,73760,176779211,0,0,0,12800,2,4172391895
3370,176728554,23208,176751762,0,4,1,38400,28,81495867
3371,176860758,12825,176873583,0,6,1,21504,28,642452316
3372,176869591,2470,176872061,0,0,1,2560,2,10224589992
3373,176974258,12049,176986307,0,4,1,19968,28,5824391662
3374,177011876,182840,177194716,0,5,0,148992,48,7904313471
3375,177019323,23120,177042443,0,8,1,41472,40,8310240484
3376,177257255,33591,177290846,0,8,1,55296,40,5471711867
3377,177289380,2132,177291512,0,8,1,1024,40,3997799220
3378,177311453,13858,177325311,0,0,1,23552,2,1226732584
3379,177455448,71132,177526580,0,0,0,9216,2,8947657931
3380,177549565,5454,177555019,0,4,1,13824,28,7339821246
3381,177571428,48980,177620408,0,0,0,2048,2,10650895122
3382,177658006,47288,177705294,0,0,0,1536,2,8093526513
3383,177682128,20366,177702494,0,0,1,32768,2,1611310049
3384,177732149,23983,177756132,0,0,1,39936,2,7762873769
3385,177768411,196433,177964844,0,0,0,7680,2,1031108608
3386,177886841,6488,177893329,0,6,1,15872,28,2933478853
3387,177952748,52364,178005112,0,0,0,3072,2,8499090207
3388,178071440,5326,178076766,0,4,1,5632,28,3613771460
3389,178101326,13512,178114838,0,4,1,26112,28,653936753
3390,178125427,1518,178126945,0,6,1,1536,28,6881290166
3391,178136646,203540,178340186,0,5,0,206848,48,7155608216
3392,178157195,4937,178162132,0,6,1,12800,28,10225246850
3393,178228852,52549,178281401,0,6,1,85504,28,2039633813
3394,178284979,13858,178298837,0,0,1,23552,2,2213496964
3395,178352512,5326,178357838,0,4,1,5632,28,5458699110
3396,178497210,92084,178589294,0,5,0,22528,48,9790900428
3397,178533048,34537,178567585,0,0,1,60416,2,6120860444
3398,178567308,4420,178571728,0,0,1,11776,2,5686235047
3399,178695236,2470,178697706,0,6,1,2560,28,6442414326
3400,178886864,5802,178892666,0,2,1,6144,41,8993018668
3401,178945050,4850,178949900,0,2,1,5120,41,3660436290
3402,178999934,6278,179006212,0,5,1,6656,48,2868863283
3403,179069019,12825,179081844,0,0,1,21504,2,9252365628
3404,179097837,1994,179099831,0,6,1,2048,28,9480215089
3405,179200052,2870,179202922,0,3,1,8704,35,9771554038
3406,179206389,16613,179223002,0,8,1,32256,40,5549416376
3407,179222384,11791,179234175,0,8,1,19456,40,6819170307
3408,179279719,6488,179286207,0,8,1,15872,40,3656644509
3409,179296845,21916,179318761,0,0,1,35840,2,2815322037
3410,179324743,566,179325309,0,8,1,512,40,7636763332
3411,179458978,52364,179511342,0,0,0,3072,2,10312241249
3412,179590814,50672,179641486,0,0,0,2560,2,6918710348
3413,179593634,16613,179610247,0,8,1,32256,40,8368479009
3414,179610115,47288,179657403,0,0,0,1536,2,8223975496
3415,179868110,5196,179873306,0,4,1,13312,28,5592458924
3416,179902295,3387,179905682,0,2,1,9728,41,2647827035
3417,179964333,6754,179971087,0,6,1,7168,28,4790799945
3418,180014818,6229,180021047,0,2,1,15360,41,7266687804
3419,180168476,6229,180174705,0,4,1,15360,28,5181386489
3420,180241101,2870,180243971,0,4,1,8704,28,4654015981
3421,180273681,3904,180277585,0,4,1,10752,28,2955437060
3422,180411923,10241,180422164,0,2,1,16384,41,4458758062
3423,180498554,10499,180509053,0,8,1,16896,40,348323411
3424,180627341,20366,180647707,0,8,1,32768,40,6742877424
3425,180649175,48980,180698155,0,0,0,2048,2,9410429329
3426,180669028,1994,180671022,0,8,1,2048,40,3630670983
3427,180896122,4162,180900284,0,2,1,11264,41,8103695629
3428,180934187,4679,180938866,0,7,1,12288,37,4138400489
3429,180982656,5326,180987982,0,4,1,5632,28,1333395159
3430,181016697,1518,181018215,0,4,1,1536,28,4786519999
3431,181116632,43904,181160536,0,0,0,512,2,3278956809
3432,181208871,43904,181252775,0,0,0,512,2,8017070836
3433,181353825,115856,181469681,0,5,0,80384,48,6754445320
3434,181411666,488725,181900391,0,5,0,552960,48,2896878756
3435,181454789,60824,181515613,0,0,0,5632,2,1601612612
3436,181643332,2870,181646202,0,2,1,8704,41,9957059676
3437,181656351,20366,181676717,0,2,1,32768,41,3282354803
3438,181713708,6754,181720462,0,4,1,7168,28,5422238216
3439,181846818,3422,181850240,0,8,1,3584,40,2732289419
3440,181887748,11274,181899022,0,8,1,18432,40,10735955495
3441,181903880,4374,181908254,0,4,1,4608,28,10703719294
3442,181946890,212120,182159010,0,5,0,235008,48,7960521444
3443,182324162,4162,182328324,0,2,1,11264,41,8590919037
3444,182429077,25187,182454264,0,8,1,45568,40,4328067391
3445,182613360,5196,182618556,0,8,1,13312,40,8432856294
3446,182659794,106808,182766602,0,5,0,50688,48,4695451762
3447,182831770,108212,182939982,0,5,0,55296,48,8542261258
3448,182997772,4162,183001934,0,8,1,11264,40,1887919143
3449,183040634,135270,183175904,0,8,1,223232,40,9609339395
3450,183046773,45596,183092369,0,0,0,1024,2,1182871020
3451,183170657,116312,183286969,0,8,1,193024,40,7377618612
3452,183194449,62516,183256965,0,0,0,6144,2,2614430471
3453,183219663,93023,183312686,0,8,1,81920,40,5934505172
3454,183326528,2470,183328998,0,2,1,2560,41,3106251971
3455,183580589,6754,183587343,0,6,1,7168,28,3849385974
3456,183706627,25962,183732589,0,8,1,47104,40,1756148884
3457,183797358,7706,183805064,0,2,1,8192,41,6453826572
3458,183874488,1518,183876006,0,2,1,1536,41,9242627347
3459,183968619,11274,183979893,0,2,1,18432,41,4326414636
3460,184021777,54056,184075833,0,0,0,3584,2,4732362023
3461,184232822,1994,184234816,0,2,1,2048,41,9835838128
3462,184246137,4850,184250987,0,2,1,5120,41,9068737247
3463,184263260,22433,184285693,0,2,1,36864,41,4060388905
3464,184274298,14301,184288599,0,2,1,4608,41,2887741609
3465,184542285,48980,184591265,0,0,0,2048,2,8611798302
3466,184632684,3898,184636582,0,0,1,4096,2,3692884481
3467,184716086,479414,185195500,0,5,0,561664,48,10148063419
3468,184769342,13341,184782683,0,2,1,22528,41,6985007338
3469,184820690,5196,184825886,0,0,1,13312,2,2750524030
3470,184862524,43975,184906499,0,8,1,72192,40,5002622214
3471,184972580,708452,185681032,0,5,0,907776,48,7337698784
3472,185034207,6229,185040436,0,4,1,15360,28,6034060557
3473,185041816,1518,185043334,0,2,1,1536,41,3383864486
3474,185101413,3898,185105311,0,2,1,4096,41,231594427
3475,185149800,6488,185156288,0,0,1,15872,2,7476528034
3476,185169954,5326,185175280,0,2,1,5632,41,2701492840
3477,185269396,467343,185736739,0,5,0,182784,48,4814549285
3478,185356392,16096,185372488,0,0,1,31232,2,929847943
3479,185368733,154575,185523308,0,8,1,250880,40,7625691672
3480,185492691,36314,185529005,0,8,1,18944,40,993005425
3481,185595324,432344,186027668,0,5,0,332288,48,7022188056
3482,185726853,308318,186035171,0,5,0,24576,48,6918642602
3483,185783659,14029,185797688,0,2,1,27136,41,7023716322
3484,185850271,566,185850837,0,4,1,512,28,1789455164
3485,185895481,3645,185899126,0,4,1,10240,28,9420079164
3486,185927114,13253,185940367,0,4,1,25600,28,9536673724
3487,186027548,47288,186074836,0,0,0,1536,2,3754035891
3488,186127516,3898,186131414,0,8,1,4096,40,924924346
3489,186129965,5454,186135419,0,2,1,13824,41,633826507
3490,186146737,2946,186149683,0,2,1,3072,41,7590565568
3491,186172743,25446,186198189,0,8,1,46080,40,4126429368
3492,186217420,6278,186223698,0,4,1,6656,28,8379390378
3493,186274356,12049,186286405,0,2,1,19968,41,9343652982
3494,186331909,12566,186344475,0,8,1,20992,40,7890552503
3495,186340860,116948,186457808,0,5,0,83968,48,6210425172
3496,186367105,42683,186409788,0,6,1,69632,28,5546407658
3497,186466882,3422,186470304,0,2,1,3584,41,2499682856
3498,186470749,118196,186588945,0,5,0,88064,48,2269681263
3499,186477168,26738,186503906,0,6,1,48640,28,7450827059
3500,186504195,22174,186526369,0,8,1,36352,40,10559336980
3501,186509628,4162,186513790,0,2,1,11264,41,10017979542
3502,186514359,3898,186518257,0,7,1,4096,37,2170786854
3503,186540447,45596,186586043,0,0,0,1024,2,4686163276
3504,186571638,30491,186602129,0,6,1,49152,28,10395167777
3505,186575619,2470,186578089,0,8,1,2560,40,2814795126
3506,186729557,11274,186740831,0,0,1,18432,2,7809329269
3507,186779818,10499,186790317,0,4,1,16896,28,9331825107
3508,186818562,3904,186822466,0,8,1,10752,40,7474399937
3509,186833082,104780,186937862,0,5,0,44032,48,8221936419
3510,186990681,2946,186993627,0,8,1,3072,40,5663773347
3511,187070609,5326,187075935,0,7,1,5632,37,4234619333
3512,187142185,4162,187146347,0,7,1,11264,37,2696038306
3513,187163247,4162,187167409,0,4,1,11264,28,4383820578
3514,187167326,13512,187180838,0,6,1,26112,28,7153505313
3515,187173335,102284,187275619,0,8,0,35840,40,8942523668
3516,187180693,13770,187194463,0,2,1,26624,41,4620771944
3517,187182147,14262,187196409,0,2,1,3072,41,9947700012
3518,187207393,1042,187208435,0,8,1,1024,40,130264631
3519,187211937,11791,187223728,0,8,1,19456,40,3435978296
3520,187226244,566,187226810,0,8,1,512,40,6337281462
3521,187360705,54056,187414761,0,0,0,3584,2,4823176294
3522,187398095,11533,187409628,0,8,1,18944,40,8743253872
3523,187416883,1994,187418877,0,4,1,2048,28,8528751968
3524,187462488,1994,187464482,0,0,1,2048,2,5195178512
3525,187484334,195272,187679606,0,5,0,179712,48,5368372394
3526,187487204,10241,187497445,0,0,1,16384,2,8695950389
3527,187500303,4374,187504677,0,4,1,4608,28,9481901447
3528,187520152,14804,187534956,0,0,1,28672,2,6459018413
3529,187536059,3898,187539957,0,2,1,4096,41,2279960927
3530,187663870,6488,187670358,0,0,1,15872,2,8053046975
3531,187666183,98108,187764291,0,0,0,2560,2,343879886
3532,187814583,3904,187818487,0,6,1,10752,28,7513451550
3533,187832441,2470,187834911,0,0,1,2560,2,5883002408
3534,187834140,53753,187887893,0,6,1,91136,28,6650471304
3535,187858119,21658,187879777,0,8,1,35328,40,1995968426
3536,187979414,23983,188003397,0,7,1,39936,37,7233812008
3537,187992309,4679,187996988,0,6,1,12288,28,2367557219
3538,188056899,11274,188068173,0,7,1,18432,37,3967461412
3539,188211243,13083,188224326,0,6,1,22016,28,3997901154
3540,188259108,32041,188291149,0,6,1,52224,28,9639069403
3541,188294966,5712,188300678,0,7,1,14336,37,9130114157
3542,188378287,47288,188425575,0,0,0,1536,2,4614121300
3543,188414423,7230,188421653,0,2,1,7680,41,6197828884
3544,188429547,47288,188476835,0,0,0,1536,2,5223204848
3545,188812168,107744,188919912,0,5,0,53760,48,5995130482
3546,188826424,2946,188829370,0,6,1,3072,28,689869999
3547,188888694,1518,188890212,0,4,1,1536,28,897461553
3548,188891704,13600,188905304,0,7,1,23040,37,762347347
3549,189000920,11533,189012453,0,7,1,18944,37,1784833288
3550,189140158,3645,189143803,0,2,1,10240,41,10550099276
3551,189153428,55748,189209176,0,5,0,4096,48,1000931490
3552,189173654,6229,189179883,0,2,1,15360,41,4560682076
3553,189206183,55748,189261931,0,0,0,4096,2,6638241837
3554,189240131,1994,189242125,0,0,1,2048,2,10083332640
3555,189285366,153296,189438662,0,5,0,137728,48,3470617425
3556,189293305,11016,189304321,0,2,1,17920,41,9815891960
3557,189328355,171663,189500018,0,5,0,104960,48,7904145919
3558,189378019,14545,189392564,0,4,1,28160,28,9634778687
3559,189417640,3898,189421538,0,4,1,4096,28,2247095661
3560,189563846,6488,189570334,0,6,1,15872,28,6979965691
3561,189586238,22433,189608671,0,0,1,36864,2,2673882594
3562,189602518,6754,189609272,0,4,1,7168,28,5260419491
3563,189630830,6278,189637108,0,2,1,6656,41,341098162
3564,189707075,131300,189838375,0,5,0,131072,48,977111103
3565,189736961,25446,189762407,0,2,1,46080,41,418697314
3566,189755787,4420,189760207,0,6,1,11776,28,9088938524
3567,190003436,54787,190058223,0,6,1,93184,28,1702629948
3568,190246453,22862,190269315,0,2,1,40960,41,5575145014
3569,190288991,5802,190294793,0,2,1,6144,41,5935150144
3570,190303916,5802,190309718,0,0,1,6144,2,7264551785
3571,190360848,1042,190361890,0,2,1,1024,41,4580267459
3572,190440847,32299,190473146,0,7,1,52736,37,9796098725
3573,190538372,24670,190563042,0,2,1,44544,41,430035294
3574,190545013,28551,190573564,0,2,1,33792,41,5518805250
3575,190658374,3387,190661761,0,6,1,9728,28,1613996999
3576,190743989,3422,190747411,0,2,1,3584,41,4842345558
3577,190751250,3645,190754895,0,6,1,10240,28,9991653755
3578,190807431,121472,190928903,0,5,0,98816,48,1495620500
3579,190807956,2470,190810426,0,1,1,2560,37,877343740
3580,190936634,31007,190967641,0,6,1,50176,28,3631542021
3581,190963063,2470,190965533,0,2,1,2560,41,7964195500
3582,190972282,566,190972848,0,1,1,512,37,10649845341
3583,191002699,44492,191047191,0,6,1,73216,28,2005487464
3584,191053985,73136,191127121,0,5,0,10752,48,9575010890
3585,191095017,5454,191100471,0,6,1,13824,28,5997888528
3586,191102834,5454,191108288,0,6,1,13824,28,7741539316
3587,191118813,380468,191499281,0,2,0,464896,41,7661346224
3588,191184824,5454,191190278,0,6,1,13824,28,1912834573
3589,191319644,11016,191330660,0,7,1,17920,37,10731422277
3590,191328766,4800,191333566,0,7,1,4608,37,5709843290
3591,191360799,43904,191404703,0,0,0,512,2,5441185529
3592,191395312,3387,191398699,0,6,1,9728,28,8935547631
3593,191433801,2946,191436747,0,6,1,3072,28,2149925396
3594,191519778,12825,191532603,0,7,1,21504,37,1229992217
3595,191537946,12308,191550254,0,6,1,20480,28,10101247195
3596,191539787,10621,191550408,0,6,1,8704,28,8006173279
3597,191568043,6278,191574321,0,2,1,6656,41,2426959792
3598,191582336,4937,191587273,0,1,1,12800,37,8202947978
3599,191584935,4937,191589872,0,6,1,12800,28,8771304440
3600,191598147,566,191598713,0,2,1,512,41,7360818700
3601,191604242,5454,191609696,0,7,1,13824,37,7918449190
3602,191867531,105872,191973403,0,5,0,47616,48,3990507914
3603,191935939,3898,191939837,0,2,1,4096,41,3148637871
3604,192049513,14117,192063630,0,2,1,24064,41,4193487307
3605,192288942,64208,192353150,0,0,0,6656,2,2260006706
3606,192315161,115388,192430549,0,5,0,78848,48,2412920462
3607,192316283,24929,192341212,0,2,1,45056,41,3817836457
3608,192334557,4679,192339236,0,6,1,12288,28,1778488037
3609,192358368,14287,192372655,0,0,1,27648,2,233252980
3610,192375760,12308,192388068,0,2,1,20480,41,1068630863
3611,192422986,11016,192434002,0,2,1,17920,41,5332253056
3612,192434236,43904,192478140,0,0,0,512,2,268613395
3613,192488136,12825,192500961,0,2,1,21504,41,6512995921
3614,192512610,3387,192515997,0,2,1,9728,41,6811234329
3615,192515915,14287,192530202,0,2,1,27648,41,4078612529
3616,192634710,4374,192639084,0,7,1,4608,37,7082792597
3617,192771447,54529,192825976,0,6,1,92672,28,6938675717
3618,192863401,7230,192870631,0,6,1,7680,28,7940192559
3619,192974490,4420,192978910,0,7,1,11776,37,3122516262
3620,193015871,47288,193063159,0,0,0,1536,2,5616791210
3621,193139444,69464,193208908,0,5,0,13824,48,10012381903
3622,193209547,12308,193221855,0,6,1,20480,28,10394966289
3623,193354711,110552,193465263,0,5,0,62976,48,2134713002
3624,193446670,387800,193834470,0,7,0,488960,37,8297674908
3625,193495801,2870,193498671,0,2,1,8704,41,6476165373
3626,193550770,11274,193562044,0,2,1,18432,41,9851861519
3627,193551009,67304,193618313,0,0,0,11776,2,4212156624
3628,193861473,282488,194143961,0,5,0,304640,48,4450245692
3629,193887861,16354,193904215,0,2,1,31744,41,4195346048
3630,194097119,12995,194110114,0,2,1,25088,41,6325077955
3631,194145984,296684,194442668,0,7,0,351232,37,2454147877
3632,194259768,299960,194559728,0,5,0,361984,48,4541581883
3633,194359871,12566,194372437,0,2,1,20992,41,9329347056
3634,194699284,57440,194756724,0,0,0,4608,2,4897372864
3635,194750049,117884,194867933,0,7,0,87040,37,9844819224
3636,194820704,230852,195051556,0,5,0,266240,48,9880223962
3637,194836573,116116,194952689,0,7,0,65536,37,6685869593
3638,194899791,248426,195148217,0,7,0,246272,37,10641257106
3639,194969340,5971,194975311,0,2,1,14848,41,316154760
3640,195076822,59132,195135954,0,0,0,5120,2,9982197446
3641,195207232,108056,195315288,0,7,0,54784,37,2510608023
3642,195576540,279680,195856220,0,0,0,295424,2,4121980359
3643,195584498,5712,195590210,0,2,1,14336,41,10341704077
3644,195845156,32299,195877455,0,2,1,52736,41,731693711
3645,195934983,4420,195939403,0,2,1,11776,41,8836939521
3646,195973742,116480,196090222,0,5,0,82432,48,1214477564
3647,196078084,304796,196382880,0,7,0,377856,37,4112384365
3648,196103127,427083,196530210,0,7,0,310784,37,1084998817
3649,196146718,4374,196151092,0,3,1,4608,35,4769734032
3650,196218638,7230,196225868,0,4,1,7680,28,2116798997
3651,196261886,4162,196266048,0,4,1,11264,28,10038476596
3652,196281620,15062,196296682,0,2,1,29184,41,5409782183
3653,196282588,161756,196444344,0,0,0,140288,2,3712671845
3654,196290553,157706,196448259,0,0,0,12800,2,9358820279
3655,196410612,10757,196421369,0,3,1,17408,35,1840452634
3656,196531694,287948,196819642,0,5,0,322560,48,4114280837
3657,196569998,15321,196585319,0,4,1,29696,28,7366395157
3658,196580478,47288,196627766,0,7,0,1536,37,8921255403
3659,196651338,254782,196906120,0,5,0,217088,48,2780146502
3660,196833042,105560,196938602,0,0,0,46592,2,5618926247
3661,196863420,94900,196958320,0,5,0,2560,48,6751096513
3662,196882685,340400,197223085,0,7,0,403968,37,2693236173
3663,196912643,107120,197019763,0,0,0,51712,2,6789685791
3664,196927531,133011,197060542,0,5,0,110080,48,575601849
3665,196968612,201901,197170513,0,0,0,157184,2,4849833300
3666,197179035,24929,197203964,0,2,1,45056,41,9738321100
3667,197251977,212900,197464877,0,0,0,237568,2,922676925
3668,197331344,243567,197574911,0,0,0,209408,2,7961022453
3669,197445736,268225,197713961,0,0,0,276480,2,248347538
3670,197460137,13341,197473478,0,2,1,22528,41,3551891702
3671,197517450,199952,197717402,0,5,0,195072,48,1353615213
3672,197572757,180411,197753168,0,5,0,84480,48,8863786793
3673,197664385,7706,197672091,0,4,1,8192,28,4877165378
3674,197700087,129098,197829185,0,0,0,78336,2,1389178193
3675,197757179,11791,197768970,0,4,1,19456,28,8563801508
3676,197784223,12049,197796272,0,4,1,19968,28,242093054
3677,197924692,1042,197925734,0,2,1,1024,41,9047824692
3678,197925789,3387,197929176,0,4,1,9728,28,7101020869
3679,197930738,24670,197955408,0,1,1,44544,37,6897230910
3680,197977264,47288,198024552,0,5,0,1536,48,781396215
3681,198065140,4162,198069302,0,1,1,11264,37,1806297228
3682,198144906,1518,198146424,0,1,1,1536,37,4664727214
3683,198177662,11274,198188936,0,2,1,18432,41,4671404766
3684,198189315,15321,198204636,0,9,1,29696,3,4122310342
3685,198197212,6488,198203700,0,4,1,15872,28,4690022038
3686,198248703,24242,198272945,0,1,1,40448,37,8134458073
3687,198313591,327733,198641324,0,9,1,531456,3,4789084722
3688,198317632,21658,198339290,0,4,1,35328,28,6868062000
3689,198349267,100568,198449835,0,7,0,30208,37,515027515
3690,198364107,67592,198431699,0,0,0,7680,2,5112345071
3691,198409980,144507,198554487,0,7,0,124416,37,2052945885
3692,198464432,54529,198518961,0,2,1,92672,41,6086494460
3693,198518597,1042,198519639,0,2,1,1024,41,6297994580
3694,198600658,70976,198671634,0,0,0,8704,2,9205343458
3695,198622114,152249,198774363,0,9,1,246272,3,4465330998
3696,198725188,1994,198727182,0,4,1,2048,28,1067404447
3697,198812044,207440,199019484,0,0,0,219648,2,8618783425
3698,198823294,10241,198833535,0,4,1,16384,28,352030873
3699,198835876,7706,198843582,0,2,1,8192,41,3658008261
3700,198855665,12049,198867714,0,4,1,19968,28,4163725491
3701,198862813,97292,198960105,0,7,0,19456,37,7797433469
3702,198876843,11791,198888634,0,4,1,19456,28,2306817130
3703,198905960,46988,198952948,0,1,1,81408,37,9034628924
3704,199043037,57440,199100477,0,0,0,4608,2,10645325130
3705,199049505,5326,199054831,0,2,1,5632,41,3258247388
3706,199055410,4420,199059830,0,2,1,11776,41,6147869892
3707,199180378,3898,199184276,0,8,1,4096,40,9862585241
3708,199188298,4679,199192977,0,4,1,12288,28,6202528559
3709,199205910,559058,199764968,0,7,0,676864,37,9352843535
3710,199232231,324087,199556318,0,7,0,1024,37,4217836541
3711,199438991,439279,199878270,0,9,1,715264,3,7588346482
3712,199442307,13858,199456165,0,4,1,23552,28,2895552618
3713,199519730,52033,199571763,0,2,1,84480,41,2749385860
3714,199619403,4937,199624340,0,2,1,12800,41,6955531354
3715,199622564,11533,199634097,0,1,1,18944,37,5154447528
3716,199623479,320025,199943504,0,7,0,150016,37,6614751475
3717,199756383,285611,200041994,0,7,0,215040,37,7734649163
3718,199815638,130052,199945690,0,5,0,126976,48,5853148546
3719,199827293,388011,200215304,0,7,0,283648,37,6213974377
3720,199832172,1518,199833690,0,0,1,1536,2,3058666849
3721,199837977,2870,199840847,0,0,1,8704,2,8673620107
3722,199848732,20366,199869098,0,4,1,32768,28,417999483
3723,199941137,6754,199947891,0,2,1,7168,41,5111221926
3724,199954693,285430,200240123,0,7,0,81408,37,1082883993
3725,199974475,200420,200174895,0,5,0,196608,48,7434389110
3726,199981948,2946,199984894,0,2,1,3072,41,6163759177
3727,200006123,39285,200045408,0,7,1,3584,37,5387403174
3728,200085802,10757,200096559,0,4,1,17408,28,4163152199
3729,200119212,5802,200125014,0,4,1,6144,28,10348014019
3730,200193443,106028,200299471,0,8,0,48128,40,7055884850
3731,200277335,30749,200308084,0,0,1,49664,2,8366381402
3732,200316133,98228,200414361,0,5,0,22528,48,9128300689
3733,200347208,537265,200884473,0,5,0,650752,48,8234515105
3734,200394166,115076,200509242,0,7,0,77824,37,9852817322
3735,200453934,11533,200465467,0,1,1,18944,37,8298908985
3736,200517048,76846,200593894,0,9,1,129536,3,8855649343
3737,200577785,165904,200743689,0,9,1,272896,3,8762088335
3738,200608884,3645,200612529,0,0,1,10240,2,8660570763
3739,200812753,647639,201460392,0,5,0,711168,48,10653098878
3740,200813360,43716,200857076,0,0,1,71680,2,8698709212
3741,200892467,23378,200915845,0,2,1,41984,41,10040650195
3742,200927023,6229,200933252,0,2,1,15360,41,1777887887
3743,200940021,11274,200951295,0,9,1,18432,3,6039641032
3744,200953390,290303,201243693,0,5,0,14848,48,5119141969
3745,201006667,21916,201028583,0,2,1,35840,41,42204957
3746,201021834,284516,201306350,0,7,0,311296,37,10464169808
3747,201447781,4850,201452631,0,1,1,5120,37,53624952
3748,201463135,99476,201562611,0,5,0,26624,48,10536431058
3749,201496229,567572,202063801,0,7,0,617984,37,149448616
3750,201557402,583634,202141036,0,7,0,253440,37,7591718320
3751,201676139,11274,201687413,0,2,1,18432,41,3929847734
3752,201741722,490490,202232212,0,0,0,598016,2,4414423698
3753,201813507,287324,202100831,0,5,0,320512,48,2522086613
3754,202043495,2470,202045965,0,2,1,2560,41,7920239356
3755,202186311,5196,202191507,0,2,1,13312,41,8799648320
3756,202212292,14117,202226409,0,2,1,24064,41,9607329046
3757,202537581,54787,202592368,0,3,1,93184,35,10363600853
3758,202656947,4679,202661626,0,2,1,12288,41,7502741040
3759,202792547,74360,202866907,0,0,0,9728,2,1191287434
3760,203178465,113360,203291825,0,7,0,72192,37,9636949023
3761,203424810,312860,203737670,0,5,0,394240,48,2405441116
3762,203738758,127088,203865846,0,7,0,117248,37,4807377879
3763,203868291,5971,203874262,0,3,1,14848,35,5905385294
3764,203910654,3387,203914041,0,3,1,9728,35,1718067138
3765,204048319,187628,204235947,0,0,0,154624,2,1660209299
3766,204112363,190904,204303267,0,7,0,165376,37,10129420161
3767,204566496,43887,204610383,0,9,1,75264,3,1401306379
3768,204660942,118196,204779138,0,0,0,88064,2,5331705226
3769,204681236,53753,204734989,0,3,1,91136,35,3159981723
3770,204912817,56337,204969154,0,3,1,96256,35,7899079458
3771,204914033,294968,205209001,0,7,0,345600,37,4437056351
3772,204950722,133033,205083755,0,3,1,215552,35,8611647693
3773,204967430,90080,205057510,0,0,0,20992,2,1985868018
3774,205179364,42166,205221530,0,3,1,68608,35,7547922716
3775,205222076,267812,205489888,0,7,0,286720,37,4031496996
3776,205255043,241568,205496611,0,7,0,22016,37,5998243721
3777,205481319,167712,205649031,0,3,1,276480,35,1708038233
3778,205557030,106184,205663214,0,7,0,48640,37,8615779145
3779,205702217,44404,205746621,0,9,1,76288,3,41877047
3780,205748099,114764,205862863,0,0,0,76800,2,5921668510
3781,205970223,21658,205991881,0,0,1,35328,2,4479290068
3782,206045532,1994,206047526,0,7,1,2048,37,4003126609
3783,206051723,33075,206084798,0,0,1,54272,2,9457274993
3784,206275258,113984,206389242,0,0,0,74240,2,764133946
3785,206315588,308852,206624440,0,7,0,391168,37,2406001185
3786,206397427,146084,206543511,0,0,0,139264,2,784631736
3787,206447299,201980,206649279,0,5,0,201728,48,5238808812
3788,206483164,239460,206722624,0,7,0,252416,37,6129579303
3789,206614988,185156,206800144,0,0,0,151552,2,4937235327
3790,206685948,259096,206945044,0,3,1,424448,35,9643695983
3791,206694116,268412,206962528,0,0,0,273920,2,528068779
3792,206729039,247981,206977020,0,3,1,103936,35,8823205104
3793,206773552,193556,206967108,0,5,0,174080,48,5898924451
3794,206782232,297838,207080070,0,5,0,180736,48,6312960884
3795,206835426,5802,206841228,0,0,1,6144,2,3986523411
3796,206836053,7523,206843576,0,0,1,15360,2,8356944311
3797,206927599,41150,206968749,0,0,1,15360,2,3774725431
3798,206964114,36638,207000752,0,0,1,58368,2,7056152929
3799,207170314,206662,207376976,0,3,1,338944,35,8085505847
3800,207173281,7706,207180987,0,0,1,8192,2,3560767820
3801,207241718,282488,207524206,0,7,0,304640,37,1730220974
3802,207323766,24154,207347920,0,0,1,43520,2,6444486045
3803,207353567,189374,207542941,0,7,0,61440,37,9711409561
3804,207368833,52808,207421641,0,3,1,86016,35,9692845240
3805,207527434,175858,207703292,0,3,1,285696,35,5023209366
3806,207641187,62873,207704060,0,3,1,11776,35,2421059739
3807,207756086,101816,207857902,0,7,0,34304,37,6536319662
3808,207770202,208510,207978712,0,7,0,207872,37,5306183704
3809,207902155,104780,208006935,0,5,0,44032,48,837912623
3810,207972634,4850,207977484,0,0,1,5120,2,509116620
3811,207984606,3898,207988504,0,1,1,4096,37,4252636561
3812,208012352,52808,208065160,0,3,1,86016,35,8290824886
3813,208088602,4162,208092764,0,1,1,11264,37,6155918058
3814,208155933,96579,208252512,0,3,1,161280,35,9704497555
3815,208202836,86683,208289519,0,3,1,119808,35,6077186049
3816,208421212,102752,208523964,0,0,0,37376,2,861676880
3817,208437676,12566,208450242,0,1,1,20992,37,20037536
3818,208503223,108836,208612059,0,5,0,57344,48,7929043315
3819,208630354,2870,208633224,0,0,1,8704,2,6326286709
3820,208676754,99788,208776542,0,5,0,27648,48,9586193896
3821,208708171,3387,208711558,0,5,1,9728,48,2898287485
3822,208774628,214962,208989590,0,5,0,238080,48,947848323
3823,208809141,87452,208896593,0,0,0,17408,2,7490800259
3824,208842160,3387,208845547,0,7,1,9728,37,8426850154
3825,208888927,64912,208953839,0,3,1,109568,35,1721919226
3826,208908637,126085,209034722,0,5,0,86528,48,6448220795
3827,209001960,6278,209008238,0,1,1,6656,37,3861361221
3828,209069871,22433,209092304,0,0,1,36864,2,10343423808
3829,209086820,158363,209245183,0,3,1,261632,35,7482091718
3830,209092971,4162,209097133,0,4,1,11264,28,513473436
3831,209122415,326419,209448834,0,0,0,183296,2,8463903543
3832,209126875,2470,209129345,0,1,1,2560,37,9884547354
3833,209211508,25704,209237212,0,1,1,46592,37,4886244607
3834,209235255,54270,209289525,0,3,1,92160,35,9108412262
3835,209238834,14117,209252951,0,9,1,24064,3,3493585468
3836,209278509,42424,209320933,0,9,1,69120,3,6849538798
3837,209305726,12825,209318551,0,3,1,21504,35,3760825417
3838,209321216,74360,209395576,0,7,0,9728,37,9322325022
3839,209344023,32041,209376064,0,8,1,52224,40,8994536286
3840,209472855,32987,209505842,0,0,1,57344,2,9124710605
3841,209485974,3422,209489396,0,1,1,3584,37,9524498524
3842,209504198,3422,209507620,0,7,1,3584,37,4262170430
3843,209538421,5712,209544133,0,1,1,14336,37,5766525114
3844,209538630,209624,209748254,0,5,0,226816,48,2260942966
3845,209558178,3128,209561306,0,4,1,9216,28,5545290830
3846,209583304,2470,209585774,0,0,1,2560,2,5142907042
3847,209586001,13341,209599342,0,3,1,22528,35,5860359350
3848,209739040,31266,209770306,0,9,1,50688,3,8177022051
3849,209746955,52498,209799453,0,9,1,77312,3,1712040433
3850,209944005,2946,209946951,0,0,1,3072,2,4513314205
3851,209973731,134996,210108727,0,5,0,133120,48,10655227737
3852,209981933,7230,209989163,0,1,1,7680,37,3175904909
3853,210040300,192195,210232495,0,5,0,143872,48,2636086922
3854,210158881,22862,210181743,0,3,1,40960,35,3164880705
3855,210171191,105235,210276426,0,7,0,39936,37,6511515622
3856,210182342,5712,210188054,0,7,1,14336,37,950645081
3857,210208299,46471,210254770,0,9,1,80384,3,8400048490
3858,210435989,3422,210439411,0,7,1,3584,37,666961350
3859,210471624,233930,210705554,0,7,0,216576,37,4284318607
3860,210521974,3645,210525619,0,0,1,10240,2,3402388599
3861,210578623,191840,210770463,0,5,0,168448,48,4372822218
3862,210620324,123941,210744265,0,3,1,201216,35,10420102417
3863,210693184,36863,210730047,0,1,1,65024,37,1706450463
3864,210710957,24479,210735436,0,1,1,25600,37,397303215
3865,210733833,140778,210874611,0,5,0,41984,48,6113489685
3866,210779511,306824,211086335,0,0,0,384512,2,6448705753
3867,210817860,13253,210831113,0,0,1,25600,2,8362590330
3868,210957401,183176,211140577,0,7,0,155136,37,1402565667
3869,210985362,3422,210988784,0,1,1,3584,37,7272765759
3870,211087739,21399,211109138,0,1,1,34816,37,8813030318
3871,211252003,83700,211335703,0,9,1,136192,3,1324986903
3872,211298140,122908,211421048,0,3,1,199168,35,5716207749
3873,211399264,43716,211442980,0,9,1,71680,3,9698755669
3874,211434141,81891,211516032,0,9,1,132608,3,5737413816
3875,211463077,128024,211591101,0,0,0,120320,2,5021574457
3876,211542375,48741,211591116,0,0,1,71680,2,7933616974
3877,211600909,4162,211605071,0,1,1,11264,37,8911122422
3878,211684930,316994,212001924,0,0,0,351232,2,7197368155
3879,211719471,121940,211841411,0,5,0,100352,48,1645431297
3880,211789739,117863,211907602,0,3,1,196096,35,6375920551
3881,211832765,213426,212046191,0,5,0,210944,48,9889875156
3882,211918006,3128,211921134,0,7,1,9216,37,9244927160
3883,211930333,332468,212262801,0,7,0,361472,37,4563993191
3884,211969153,1994,211971147,0,7,1,2048,37,10250550488
3885,212143894,4374,212148268,0,1,1,4608,37,312987761
3886,212176906,45954,212222860,0,1,1,79360,37,5174792857
3887,212188053,35166,212223219,0,1,1,9728,37,7673266072
3888,212230077,127716,212357793,0,7,0,22016,37,3222469490
3889,212250805,278432,212529237,0,5,0,291328,48,847744625
3890,212361086,379562,212740648,0,9,1,619008,3,10252458946
3891,212447925,103862,212551787,0,3,1,172032,35,6095808139
3892,212492430,270338,212762768,0,9,1,81408,3,10718898911
3893,212519425,281864,212801289,0,7,0,302592,37,1905335460
3894,212555016,213961,212768977,0,9,1,29696,3,7357340030
3895,212566443,127556,212693999,0,5,0,118784,48,4782524414
3896,212619926,237900,212857826,0,9,1,286208,3,9623175044
3897,212667308,3422,212670730,0,7,1,3584,37,6263272783
3898,212712815,24154,212736969,0,1,1,43520,37,9150652226
3899,212717228,183553,212900781,0,7,0,31744,37,3412015296
3900,212772629,557249,213329878,0,9,1,901632,3,92381061
3901,212791100,596521,213387621,0,9,1,186368,3,4338659933
3902,212801705,93049,212894754,0,3,1,151040,35,146077150
3903,212928514,316575,213245089,0,3,1,513024,35,8836442669
3904,212949705,566,212950271,0,1,1,512,37,6679025372
3905,212976137,218516,213194653,0,5,0,256000,48,2914770223
3906,212982655,33075,213015730,0,1,1,54272,37,7274825513
3907,212995418,88676,213084094,0,7,0,16384,37,10057204096
3908,213134894,5712,213140606,0,7,1,14336,37,2173234118
3909,213210879,3645,213214524,0,1,1,10240,37,9133114081
3910,213280938,125216,213406154,0,0,0,111104,2,10435838459
3911,213309627,160064,213469691,0,7,0,139776,37,1688685802
3912,213344273,146170,213490443,0,9,1,241152,3,9504693085
3913,213452124,109148,213561272,0,5,0,58368,48,6498181256
3914,213479350,147304,213626654,0,5,0,39936,48,1955924000
3915,213513564,24929,213538493,0,7,1,45056,37,9889442026
3916,213541023,3645,213544668,0,1,1,10240,37,5246504916
3917,213564030,54056,213618086,0,0,0,3584,2,7919448598
3918,213585800,4374,213590174,0,1,1,4608,37,386585088
3919,213702115,6754,213708869,0,9,1,7168,3,2358987713
3920,213726672,130364,213857036,0,7,0,128000,37,5809131264
3921,213846035,15843,213861878,0,7,1,5120,37,956039862
3922,214078848,200108,214278956,0,7,0,195584,37,2339155456
3923,214082053,95117,214177170,0,9,1,155136,3,4047657630
3924,214088437,94430,214182867,0,9,1,27136,3,7216030894
3925,214124166,64988,214189154,0,5,0,9216,48,4721675441
3926,214154598,29652,214184250,0,9,1,14848,3,3659318680
3927,214181409,4420,214185829,0,9,1,11776,3,4483383963
3928,214291375,3645,214295020,0,7,1,10240,37,3084923258
3929,214320113,108836,214428949,0,5,0,57344,48,10457204935
3930,214333526,109772,214443298,0,0,0,60416,2,10725675496
3931,214471366,2470,214473836,0,7,1,2560,37,2572606363
3932,214570099,60866,214630965,0,3,1,98304,35,6989900713
3933,214595229,88571,214683800,0,3,1,136192,35,7174673175
3934,214681731,146429,214828160,0,3,1,241664,35,3696893014
3935,214929019,5196,214934215,0,9,1,13312,3,5406724047
3936,215008130,102284,215110414,0,7,0,35840,37,7989125407
3937,215013971,4374,215018345,0,5,1,4608,48,4906413984
3938,215048356,34367,215082723,0,3,1,56832,35,1320639311
3939,215195855,12825,215208680,0,3,1,21504,35,7331788940
3940,215287615,127400,215415015,0,0,0,118272,2,4223109604
3941,215461543,11274,215472817,0,9,1,18432,3,2301389813
3942,215474620,3898,215478518,0,7,1,4096,37,9287198557
3943,215477101,123032,215600133,0,0,0,103936,2,9953472068
3944,215509273,96692,215605965,0,7,0,22528,37,7639714480
3945,215511319,14029,215525348,0,1,1,27136,37,4961385650
3946,215517361,12813,215530174,0,1,1,7680,37,8816161612
3947,215576167,192152,215768319,0,7,0,169472,37,2902628058
3948,215595838,3128,215598966,0,1,1,9216,37,3361040928
3949,215601277,3645,215604922,0,5,1,10240,48,5226451197
3950,215610976,307313,215918289,0,7,0,272384,37,10467815853
3951,215701313,1042,215702355,0,7,1,1024,37,1652825392
3952,215737044,117572,215854616,0,0,0,86016,2,8484050320
3953,215739402,208844,215948246,0,5,0,224256,48,2507404355
3954,215846104,45179,215891283,0,3,1,77824,35,153346184
3955,215854283,13083,215867366,0,1,1,22016,37,1187175843
3956,215917100,53325,215970425,0,9,1,87040,3,5833019980
3957,216052428,2470,216054898,0,9,1,2560,3,4640849113
3958,216121620,187628,216309248,0,0,0,154624,2,4194933686
3959,216124708,113204,216237912,0,7,0,71680,37,6723571349
3960,216164470,44233,216208703,0,9,1,72704,3,579216646
3961,216187135,20882,216208017,0,1,1,33792,37,350090967
3962,216215344,5454,216220798,0,1,1,13824,37,3170753063
3963,216268153,6754,216274907,0,9,1,7168,3,3451266377
3964,216322652,109148,216431800,0,0,0,58368,2,5350875067
3965,216372744,12566,216385310,0,9,1,20992,3,7574412326
3966,216571070,114452,216685522,0,7,0,75776,37,10610643995
3967,216658528,11016,216669544,0,1,1,17920,37,1116189724
3968,216718263,59132,216777395,0,5,0,5120,48,5551985222
3969,216780472,371888,217152360,0,5,0,436736,48,1162333438
3970,216844510,219452,217063962,0,0,0,259072,2,8223325581
3971,216893106,4420,216897526,0,9,1,11776,3,1096709076
3972,216922577,12737,216935314,0,1,1,24576,37,212974887
3973,217104068,15321,217119389,0,6,1,29696,28,1450197770
3974,217112134,9841,217121975,0,6,1,4096,28,10554588500
3975,217136443,1042,217137485,0,9,1,1024,3,8902015342
3976,217169749,2470,217172219,0,6,1,2560,28,5550658279
3977,217224804,12566,217237370,0,9,1,20992,3,6666923073
3978,217355305,4937,217360242,0,9,1,12800,3,2462310728
3979,217488868,3898,217492766,0,9,1,4096,3,7830807603
3980,217520658,11791,217532449,0,6,1,19456,28,6012388805
3981,217550118,5802,217555920,0,1,1,6144,37,1855857353
3982,217682898,55748,217738646,0,5,0,4096,48,9841689054
3983,217722805,4420,217727225,0,9,1,11776,3,9751610922
3984,217723471,7706,217731177,0,6,1,8192,28,10538599487
3985,217754844,174566,217929410,0,3,1,283136,35,7619512148
3986,217761983,125060,217887043,0,5,0,110592,48,5484262562
3987,217765286,24412,217789698,0,1,1,44032,37,3721701877
3988,217792153,20366,217812519,0,1,1,32768,37,69008290
3989,217803112,13083,217816195,0,9,1,22016,3,6254316568
3990,217863699,4420,217868119,0,6,1,11776,28,8983040651
3991,217873056,1518,217874574,0,9,1,1536,3,1309638976
3992,217890044,482222,218372266,0,0,0,570880,2,6223932681
3993,217896480,2870,217899350,0,6,1,8704,28,4042120802
3994,218013292,25704,218038996,0,9,1,46592,3,1961178586
3995,218024750,3422,218028172,0,8,1,3584,40,7640472580
3996,218042966,31007,218073973,0,6,1,50176,28,9172313238
3997,218105693,41132,218146825,0,8,1,66560,40,1775059758
3998,218135632,240705,218376337,0,0,0,13312,2,10623523516
3999,218156160,1518,218157678,0,1,1,1536,37,7406212871
4000,218214318,13770,218228088,0,8,1,26624,40,2058403612
4001,218266036,123500,218389536,0,5,0,105472,48,8698699014
4002,218343263,15837,218359100,0,1,1,30720,37,2223383035
4003,218345247,330730,218675977,0,0,0,360960,2,4421202137
4004,218522647,3645,218526292,0,9,1,10240,3,5019123055
4005,218599488,12566,218612054,0,1,1,20992,37,6403852068
4006,218648051,64395,218712446,0,3,1,108544,35,6578172606
4007,218747041,193556,218940597,0,5,0,174080,48,8874469614
4008,218833761,62416,218896177,0,6,1,101376,28,7509565045
4009,218848770,206233,219055003,0,3,1,334848,35,6751610941
4010,218896500,26738,218923238,0,1,1,48640,37,3172808702
4011,218911620,4937,218916557,0,2,1,12800,41,5825689318
4012,218946955,22950,218969905,0,6,1,37888,28,2573240579
4013,218965194,32299,218997493,0,1,1,52736,37,1383698574
4014,219002182,14287,219016469,0,6,1,27648,28,4733685541
4015,219040766,4162,219044928,0,7,1,11264,37,4117536957
4016,219181906,12737,219194643,0,2,1,24576,41,10495994859
4017,219229574,124748,219354322,0,0,0,109568,2,7900314523
4018,219265612,5802,219271414,0,1,1,6144,37,403154848
4019,219271368,10241,219281609,0,6,1,16384,28,1580495221
4020,219308705,56337,219365042,0,3,1,96256,35,5621224390
4021,219322019,11791,219333810,0,6,1,19456,28,270921064
4022,219383879,44662,219428541,0,1,1,76800,37,3634401407
4023,219397783,566,219398349,0,9,1,512,3,10479511389
4024,219493361,21916,219515277,0,2,1,35840,41,4078969748
4025,219532989,48980,219581969,0,5,0,2048,48,7875804899
4026,219588624,20882,219609506,0,6,1,33792,28,3344792221
4027,219718746,10241,219728987,0,2,1,16384,41,7598408094
4028,219749276,4850,219754126,0,6,1,5120,28,1096483264
4029,219749383,25744,219775127,0,6,1,40448,28,5574817005
4030,219753685,136821,219890506,0,3,1,226304,35,7292819476
4031,219853865,33245,219887110,0,6,1,57856,28,10150172625
4032,219855913,1042,219856955,0,2,1,1024,41,2028630426
4033,219900412,488930,220389342,0,0,0,592896,2,4239914491
4034,220005172,14804,220019976,0,2,1,28672,41,7180437741
4035,220114668,13770,220128438,0,9,1,26624,3,7441288090
4036,220194240,21399,220215639,0,1,1,34816,37,398228220
4037,220238831,14287,220253118,0,2,1,27648,41,9290047496
4038,220276510,4679,220281189,0,1,1,12288,37,6727268022
4039,220284528,22433,220306961,0,9,1,36864,3,6289049597
4040,220294049,107588,220401637,0,5,0,53248,48,9823572654
4041,220411606,566,220412172,0,1,1,512,37,2366941630
4042,220459597,131300,220590897,0,5,0,131072,48,3532073176
4043,220498122,4850,220502972,0,1,1,5120,37,2374973374
4044,220628064,13253,220641317,0,1,1,25600,37,3739346190
4045,220682615,23208,220705823,0,8,1,38400,40,3130770074
4046,220854437,111332,220965769,0,5,0,65536,48,9529145339
4047,220959868,119756,221079624,0,0,0,93184,2,3437210951
4048,221081975,23466,221105441,0,3,1,38912,35,7254831643
4049,221095688,10757,221106445,0,9,1,17408,3,8912076794
4050,221159977,188096,221348073,0,0,0,156160,2,4242802735
4051,221192785,289034,221481819,0,0,0,205824,2,6190468400
4052,221285702,229675,221515377,0,0,0,82944,2,10627870664
4053,221303245,273170,221576415,0,0,0,55296,2,3939841047
4054,221373677,10241,221383918,0,2,1,16384,41,2876635077
4055,221387510,6488,221393998,0,2,1,15872,41,2605763985
4056,221429874,5326,221435200,0,1,1,5632,37,5061711608
4057,221445589,566,221446155,0,9,1,512,3,672921159
4058,221616107,110552,221726659,0,0,0,62976,2,9445252481
4059,221623579,4162,221627741,0,2,1,11264,41,10057447720
4060,221735824,22950,221758774,0,1,1,37888,37,1554684001
4061,221768659,41649,221810308,0,9,1,67584,3,9812383886
4062,221915072,213992,222129064,0,0,0,241152,2,2002607692
4063,222114682,13600,222128282,0,9,1,23040,3,7453181155
4064,222165756,566,222166322,0,8,1,512,40,2219129316
4065,222196939,1518,222198457,0,2,1,1536,41,7513492306
4066,222315145,6229,222321374,0,2,1,15360,41,5545704039
4067,222390969,100568,222491537,0,0,0,30208,2,3417457854
4068,222514624,5454,222520078,0,6,1,13824,28,5067091362
4069,222545607,3422,222549029,0,2,1,3584,41,8013320282
4070,222745608,5196,222750804,0,9,1,13312,3,5695984196
4071,223117793,122096,223239889,0,0,0,100864,2,9321402012
4072,223283593,2946,223286539,0,3,1,3072,35,6958234489
4073,223309287,4162,223313449,0,3,1,11264,35,9152035648
4074,223330592,22691,223353283,0,2,1,37376,41,1771015367
4075,223455258,187316,223642574,0,0,0,153600,2,4437667835
4076,223506679,13512,223520191,0,3,1,26112,35,7949854453
4077,223531510,6229,223537739,0,2,1,15360,41,8055926612
4078,223704301,4162,223708463,0,3,1,11264,35,5738463032
4079,223709370,1518,223710888,0,4,1,1536,28,3847670019
4080,223813608,33075,223846683,0,3,1,54272,35,3892903809
4081,224098344,7706,224106050,0,2,1,8192,41,689005070
4082,224190947,22691,224213638,0,4,1,37376,28,862023525
4083,224378401,16354,224394755,0,3,1,31744,35,8002950204
4084,224395914,24154,224420068,0,2,1,43520,41,4623775799
4085,224537967,14804,224552771,0,3,1,28672,35,6101840686
4086,224569719,24154,224593873,0,2,1,43520,41,5232618506
4087,224706228,5802,224712030,0,4,1,6144,28,1549867572
4088,224850075,24154,224874229,0,4,1,43520,28,2581286130
4089,224968112,26738,224994850,0,1,1,48640,37,1066233212
4090,225338074,239000,225577074,0,0,0,267776,2,10379970337
4091,225441002,226096,225667098,0,0,0,157696,2,4524760473
4092,225564065,114973,225679038,0,0,0,34816,2,7761961727
4093,225642155,10241,225652396,0,4,1,16384,28,3580823786
4094,225832550,14029,225846579,0,4,1,27136,28,2537119506
4095,225971470,87920,226059390,0,0,0,18944,2,10515193968
4096,226313841,7230,226321071,0,4,1,7680,28,8824616643
4097,226410839,33591,226444430,0,4,1,55296,28,1188263987
4098,226512146,40616,226552762,0,4,1,65536,28,5963225088
4099,226911663,129740,227041403,0,0,0,125952,2,6918015419
4100,227467199,378752,227845951,0,0,0,459264,2,9710074839
4101,227537825,329357,227867182,0,0,0,69632,2,6923582600
4102,227630301,716284,228346585,0,0,0,611840,2,9869370795
4103,227692894,770394,228463288,0,0,0,382976,2,4270358061
4104,230178599,21399,230199998,0,3,1,34816,35,6292795450
4105,230236133,1042,230237175,0,7,1,1024,37,5991333014
4106,230358058,6488,230364546,0,7,1,15872,37,10061002822
4107,230365252,3898,230369150,0,7,1,4096,37,4458783070
4108,230566717,31266,230597983,0,9,1,50688,3,5798901589
4109,230599741,5802,230605543,0,6,1,6144,28,10079083631
4110,230707278,4374,230711652,0,7,1,4608,37,932075787
4111,230916021,4374,230920395,0,5,1,4608,48,4110899042
4112,231213857,12737,231226594,0,5,1,24576,48,7742391848
4113,231312212,13770,231325982,0,5,1,26624,48,17764414
4114,231499280,1042,231500322,0,4,1,1024,28,8802036072
4115,231684269,2946,231687215,0,4,1,3072,28,8616739734
4116,231926263,25704,231951967,0,7,1,46592,37,118380496
4117,232020480,10499,232030979,0,4,1,16896,28,3871481735
4118,232056324,3387,232059711,0,4,1,9728,28,1848328529
4119,232447142,21141,232468283,0,5,1,34304,48,1763783203
4120,232525890,2870,232528760,0,7,1,8704,37,2029501430
4121,232528677,15579,232544256,0,7,1,30208,37,2730150051
4122,232539271,13341,232552612,0,7,1,22528,37,2890454166
4123,232609261,1042,232610303,0,5,1,1024,48,635527416
4124,232624384,20882,232645266,0,9,1,33792,3,10038305129
4125,232680277,4679,232684956,0,5,1,12288,48,8085650069
4126,232732802,24929,232757731,0,7,1,45056,37,924429505
4127,232865195,13858,232879053,0,7,1,23552,37,4351027841
4128,232956328,7230,232963558,0,9,1,7680,3,115774900
4129,233121126,36863,233157989,0,7,1,65024,37,5417301671
4130,233200491,4162,233204653,0,9,1,11264,3,9869429407
4131,233449049,20366,233469415,0,9,1,32768,3,5504168815
4132,233457643,5971,233463614,0,7,1,14848,37,1594372620
4133,233509721,21399,233531120,0,9,1,34816,3,3282178494
4134,233556604,3645,233560249,0,5,1,10240,48,9721581300
4135,233559229,2946,233562175,0,7,1,3072,37,4761746104
4136,233700144,4679,233704823,0,5,1,12288,48,7189387921
4137,233748027,15579,233763606,0,5,1,30208,48,6553754441
4138,233752779,1042,233753821,0,9,1,1024,3,5222823132
4139,233765847,2946,233768793,0,7,1,3072,37,6214528318
4140,233778732,14287,233793019,0,7,1,27648,37,7435642618
4141,233828641,22433,233851074,0,5,1,36864,48,6780664627
4142,233871895,13341,233885236,0,7,1,22528,37,3235709060
4143,233876295,26408,233902703,0,7,1,43008,37,2171952007
4144,234019414,12737,234032151,0,9,1,24576,3,927782452
4145,234064734,3898,234068632,0,5,1,4096,48,4574407928
4146,234111242,31783,234143025,0,7,1,51712,37,3091962303
4147,234165934,1042,234166976,0,9,1,1024,3,9351988288
4148,234173290,4850,234178140,0,9,1,5120,3,9949921926
4149,234335345,3128,234338473,0,5,1,9216,48,4871932059
4150,234427024,11016,234438040,0,7,1,17920,37,1761763743
4151,234671887,25704,234697591,0,7,1,46592,37,5480274366
4152,234794735,1042,234795777,0,5,1,1024,48,10393737270
4153,235167362,3128,235170490,0,7,1,9216,37,1293300802
4154,235310035,1994,235312029,0,7,1,2048,37,7923317789
4155,235368213,5712,235373925,0,7,1,14336,37,9368210350
4156,235389957,4679,235394636,0,9,1,12288,3,10603259761
4157,235479209,21141,235500350,0,9,1,34304,3,6684757780
4158,235721455,13512,235734967,0,3,1,26112,35,1285393621
4159,235725975,2870,235728845,0,0,1,8704,2,9828133085
4160,235994713,208532,236203245,0,9,0,223232,3,3305618659
4161,236012524,12308,236024832,0,0,1,20480,2,7687833438
4162,236036237,11016,236047253,0,9,1,17920,3,3438414372
4163,236270288,57113,236327401,0,0,1,97792,2,9269745946
4164,236363470,12825,236376295,0,7,1,21504,37,489155252
4165,236400866,3387,236404253,0,9,1,9728,3,8471643797
4166,236473463,30749,236504212,0,7,1,49664,37,3211005335
4167,236582066,31783,236613849,0,9,1,51712,3,9811949796
4168,236602339,12176,236614515,0,9,1,1024,3,2251665998
4169,236659276,10241,236669517,0,5,1,16384,48,8587086826
4170,236659319,48980,236708299,0,3,0,2048,35,1503814391
4171,236765690,47288,236812978,0,3,0,1536,35,9554575669
4172,236827138,14545,236841683,0,7,1,28160,37,8088025466
4173,236866402,3904,236870306,0,7,1,10752,37,1224520755
4174,236913929,4374,236918303,0,9,1,4608,3,918407490
4175,236999639,5802,237005441,0,9,1,6144,3,1856813773
4176,237164348,14029,237178377,0,7,1,27136,37,309300861
4177,237335091,47288,237382379,0,3,0,1536,35,8128904899
4178,237483703,2870,237486573,0,9,1,8704,3,1994334285
4179,237597589,3387,237600976,0,0,1,9728,2,4196381672
4180,237657232,6754,237663986,0,9,1,7168,3,2036704627
4181,237937216,55748,237992964,0,3,0,4096,35,7841841407
4182,238154526,45596,238200122,0,3,0,1024,35,9489289892
4183,238200976,20366,238221342,0,2,1,32768,41,4307495454
4184,238264234,14545,238278779,0,9,1,28160,3,1823613140
4185,238280929,55904,238336833,0,3,0,4608,35,62775039
4186,238608222,13512,238621734,0,9,1,26112,3,9812526821
4187,238691821,5802,238697623,0,9,1,6144,3,3901904367
4188,238791708,12308,238804016,0,0,1,20480,2,9149579194
4189,238798105,62984,238861089,0,3,0,7680,35,8511220889
4190,238802022,47288,238849310,0,3,0,1536,35,3486393161
4191,239007827,48980,239056807,0,3,0,2048,35,284330182
4192,239172888,566,239173454,0,2,1,512,41,1721265606
4193,239319851,45596,239365447,0,3,0,1024,35,8429245409
4194,239572622,3898,239576520,0,9,1,4096,3,10169665083
4195,239602464,5971,239608435,0,9,1,14848,3,409895607
4196,239761552,5971,239767523,0,9,1,14848,3,6781496787
4197,239784663,3904,239788567,0,1,1,10752,37,8934769657
4198,239840948,48980,239889928,0,3,0,2048,35,2539942897
4199,239852744,3128,239855872,0,9,1,9216,3,10493172383
4200,240336400,33850,240370250,0,9,1,55808,3,3224080699
4201,240523316,63191,240586507,0,7,1,102912,37,7192236333
4202,240623373,23637,240647010,0,7,1,42496,37,2909423379
4203,240727005,5802,240732807,0,7,1,6144,37,10298174143
4204,241151965,7230,241159195,0,7,1,7680,37,9726217096
4205,241190615,13858,241204473,0,9,1,23552,3,9759888257
4206,241236513,4850,241241363,0,9,1,5120,3,9433909740
4207,241362105,2470,241364575,0,7,1,2560,37,727433806
4208,241450565,15321,241465886,0,5,1,29696,48,4969769435
4209,241455686,26738,241482424,0,3,1,48640,35,2111804916
4210,241699267,23895,241723162,0,9,1,43008,3,4770378042
4211,241863227,43975,241907202,0,7,1,72192,37,8124417063
4212,241874520,64247,241938767,0,7,1,90624,37,2096524768
4213,241947197,6754,241953951,0,7,1,7168,37,6854239990
4214,242090473,7706,242098179,0,7,1,8192,37,9233600136
4215,242129897,199172,242329069,0,3,0,192512,35,10311649309
4216,242181451,14029,242195480,0,5,1,27136,48,1363074725
4217,242206686,4850,242211536,0,5,1,5120,48,7237365500
4218,242240902,3645,242244547,0,1,1,10240,37,10718783159
4219,242383725,4850,242388575,0,7,1,5120,37,6991967643
4220,242629568,566,242630134,0,7,1,512,37,328098559
4221,242925613,23895,242949508,0,9,1,43008,3,3889638754
4222,242954398,5971,242960369,0,7,1,14848,37,4239821909
4223,243000313,1518,243001831,0,7,1,1536,37,9369209059
4224,243011763,24154,243035917,0,7,1,43520,37,10635907267
4225,243095144,199796,243294940,0,3,0,194560,35,3555434123
4226,243108765,4937,243113702,0,7,1,12800,37,9262549308
4227,243236740,21141,243257881,0,9,1,34304,3,1225620549
4228,243307058,175292,243482350,0,3,0,144384,35,5190253534
4229,243342014,93482,243435496,0,3,0,4608,35,862860748
4230,243793132,4420,243797552,0,9,1,11776,3,4799344470
4231,243803088,13858,243816946,0,1,1,23552,37,8234338470
4232,243840443,11016,243851459,0,5,1,17920,48,6129737730
4233,243883792,6754,243890546,0,1,1,7168,37,5964459653
4234,243907501,4374,243911875,0,1,1,4608,37,3729774792
4235,243925967,26221,243952188,0,5,1,47616,48,4416744710
4236,243970384,24412,243994796,0,1,1,44032,37,3197082047
4237,244034424,12049,244046473,0,5,1,19968,48,6497071612
4238,244059623,23895,244083518,0,1,1,43008,37,9356050673
4239,244065284,755927,244821211,0,3,0,848384,35,9350702008
4240,244065729,1042,244066771,0,5,1,1024,48,2716341258
4241,244160341,1518,244161859,0,1,1,1536,37,10049291485
4242,244194921,367783,244562704,0,3,0,70144,35,5014481587
4243,244297456,10757,244308213,0,5,1,17408,48,9441349197
4244,244334876,107900,244442776,0,9,0,54272,3,1127409237
4245,244408835,3904,244412739,0,1,1,10752,37,4957998582
4246,244725771,4850,244730621,0,9,1,5120,3,2228902380
4247,244793966,2946,244796912,0,5,1,3072,48,7412768679
4248,244822814,32987,244855801,0,7,1,57344,37,7874766217
4249,244823052,7230,244830282,0,6,1,7680,28,9493417565
4250,244893090,5712,244898802,0,6,1,14336,28,3817691385
4251,244929940,41649,244971589,0,5,1,67584,48,9449929313
4252,245018837,566,245019403,0,0,1,512,2,1975604753
4253,245024639,7230,245031869,0,9,1,7680,3,2713000812
4254,245077415,11274,245088689,0,5,1,18432,48,389438118
4255,245096309,41908,245138217,0,0,1,68096,2,4232849732
4256,245300704,5326,245306030,0,9,1,5632,3,9789151898
4257,245301377,5326,245306703,0,5,1,5632,48,324868874
4258,245432870,11533,245444403,0,9,1,18944,3,5005715798
4259,245565632,102440,245668072,0,3,0,36352,35,4772791084
4260,245620933,1994,245622927,0,1,1,2048,37,4147834917
4261,245721215,4374,245725589,0,5,1,4608,48,9223399727
4262,245875307,107276,245982583,0,3,0,52224,35,9451252079
4263,245909477,55748,245965225,0,3,0,4096,35,6199203822
4264,245923283,12825,245936108,0,9,1,21504,3,9614934235
4265,245989347,46988,246036335,0,0,1,81408,2,2599503756
4266,246038897,23895,246062792,0,5,1,43008,48,4274959459
4267,246053911,15192,246069103,0,5,1,22016,48,4870394111
4268,246103929,23983,246127912,0,5,1,39936,48,3688499379
4269,246114468,1042,246115510,0,9,1,1024,3,6831621643
4270,246280328,99632,246379960,0,3,0,27136,35,6575591832
4271,246319515,5802,246325317,0,5,1,6144,48,2819418767
4272,246470388,15062,246485450,0,5,1,29184,48,6837467560
4273,246482384,4679,246487063,0,9,1,12288,3,6653776647
4274,246517542,1042,246518584,0,9,1,1024,3,3239855498
4275,246547848,13512,246561360,0,2,1,26112,41,8474673953
4276,246565078,3128,246568206,0,9,1,9216,3,8305432897
4277,246583660,4679,246588339,0,2,1,12288,41,5307639931
4278,246624746,33333,246658079,0,2,1,54784,41,6801805089
4279,246714468,5971,246720439,0,5,1,14848,48,4692281165
4280,246793016,10241,246803257,0,0,1,16384,2,6632573941
4281,246793229,193712,246986941,0,3,0,174592,35,5373164993
4282,246846573,5326,246851899,0,0,1,5632,2,8970225611
4283,246961751,4937,246966688,0,2,1,12800,41,7112925447
4284,247044636,2946,247047582,0,9,1,3072,3,1134649860
4285,247118629,7230,247125859,0,5,1,7680,48,6635556715
4286,247129782,42941,247172723,0,9,1,70144,3,7048565219
4287,247132049,25962,247158011,0,0,1,47104,2,8630136250
4288,247226795,13253,247240048,0,0,1,25600,2,169845307
4289,247243095,4374,247247469,0,0,1,4608,2,8531318293
4290,247256423,4679,247261102,0,9,1,12288,3,6657697919
4291,247350306,5971,247356277,0,5,1,14848,48,5896922276
4292,247399142,34537,247433679,0,5,1,60416,48,4239409248
4293,247748149,11791,247759940,0,5,1,19456,48,2796276923
4294,247801461,13253,247814714,0,2,1,25600,41,2435449292
4295,247817162,129740,247946902,0,3,0,125952,35,8287628431
4296,247832869,1994,247834863,0,2,1,2048,41,10439714459
4297,247875193,5712,247880905,0,9,1,14336,3,1111408311
4298,247935113,13253,247948366,0,5,1,25600,48,6943302060
4299,247949053,3387,247952440,0,9,1,9728,3,8932293175
4300,248037002,14117,248051119,0,9,1,24064,3,4254185240
4301,248042323,3898,248046221,0,3,1,4096,35,4402511321
4302,248151177,5971,248157148,0,2,1,14848,41,10204321716
4303,248151883,37717,248189600,0,2,1,55808,41,4785695353
4304,248193967,100880,248294847,0,3,0,31232,35,4783363405
4305,248250007,334760,248584767,0,3,0,360448,35,9344003561
4306,248269802,385648,248655450,0,3,0,231936,35,522388126
4307,248273504,21658,248295162,0,2,1,35328,41,5160374116
4308,248364629,7706,248372335,0,3,1,8192,35,1867742155
4309,248537483,10757,248548240,0,2,1,17408,41,133301320
4310,248628659,4850,248633509,0,5,1,5120,48,7318424026
4311,248631853,14545,248646398,0,2,1,28160,41,5504559176
4312,248667393,5454,248672847,0,9,1,13824,3,197589857
4313,248678237,7706,248685943,0,3,1,8192,35,2010276755
4314,248754300,4374,248758674,0,9,1,4608,3,316347661
4315,248843078,45437,248888515,0,5,1,78336,48,9123645469
4316,248903046,13253,248916299,0,5,1,25600,48,8513487790
4317,249016494,1042,249017536,0,9,1,1024,3,8410468316
4318,249225660,5454,249231114,0,3,1,13824,35,1709122867
4319,249252888,5326,249258214,0,2,1,5632,41,5691695878
4320,249309629,5196,249314825,0,3,1,13312,35,2518656169
4321,249364232,52291,249416523,0,3,1,84992,35,9827987652
4322,249467737,4162,249471899,0,9,1,11264,3,6728966334
4323,249501556,20882,249522438,0,9,1,33792,3,5960603924
4324,249786160,14117,249800277,0,9,1,24064,3,6087179153
4325,249868883,3422,249872305,0,9,1,3584,3,5297676924
4326,249879380,317091,250196471,0,3,1,514048,35,3113643826
4327,250027491,180629,250208120,0,3,1,39424,35,4644195239
4328,250091653,2870,250094523,0,9,1,8704,3,9898897510
4329,250101978,40616,250142594,0,9,1,65536,3,10629225213
4330,250131931,78455,250210386,0,3,1,3584,35,356147124
4331,250234279,20366,250254645,0,5,1,32768,48,5122143622
4332,250718363,6278,250724641,0,5,1,6656,48,620998927
4333,250746639,6229,250752868,0,5,1,15360,48,2532542746
4334,250763235,3898,250767133,0,5,1,4096,48,3231363837
4335,250770633,5454,250776087,0,5,1,13824,48,5478183935
4336,250800460,4679,250805139,0,9,1,12288,3,2352324090
4337,250901133,15837,250916970,0,9,1,30720,3,7681078031
4338,251194311,2870,251197181,0,9,1,8704,3,8129322724
4339,251217657,12825,251230482,0,9,1,21504,3,850264188
4340,251852060,12566,251864626,0,0,1,20992,2,1759607235
4341,251856464,94244,251950708,0,3,0,24576,35,1304025859
4342,251919361,5326,251924687,0,9,1,5632,3,4413522127
4343,252016567,24412,252040979,0,9,1,44032,3,5046075045
4344,252267058,3422,252270480,0,9,1,3584,3,9247851389
4345,252276361,14545,252290906,0,9,1,28160,3,4254542314
4346,252338544,12566,252351110,0,9,1,20992,3,559626974
4347,252362696,122408,252485104,0,3,0,101888,35,10194601790
4348,252962444,22433,252984877,0,9,1,36864,3,1274511507
4349,253113004,22433,253135437,0,9,1,36864,3,5015514783
4350,253114614,108524,253223138,0,0,0,56320,2,6176241261
4351,253531940,14804,253546744,0,2,1,28672,41,5898739592
4352,253634350,174825,253809175,0,3,1,283648,35,7991976932
4353,253731784,605510,254337294,0,0,0,788992,2,8629264456
4354,253873690,3645,253877335,0,3,1,10240,35,1079566637
4355,253911397,177321,254088718,0,3,1,291840,35,9314702490
4356,254061716,5712,254067428,0,2,1,14336,41,7690202592
4357,254123287,10241,254133528,0,9,1,16384,3,3345562757
4358,254191351,12825,254204176,0,2,1,21504,41,9600927762
4359,254248672,25962,254274634,0,9,1,47104,3,7004404900
4360,254333802,182216,254516018,0,3,0,146944,35,6478906079
4361,254449794,4679,254454473,0,9,1,12288,3,2319168691
4362,254515024,112993,254628017,0,3,1,181248,35,4084343578
4363,254517428,216488,254733916,0,0,0,249344,2,9014343191
4364,254556844,3422,254560266,0,9,1,3584,3,9076528659
4365,254687088,225620,254912708,0,3,1,369152,35,4984097156
4366,254769501,196052,254965553,0,0,0,182272,2,10397755129
4367,254865480,32299,254897779,0,2,1,52736,41,7982434707
4368,254949034,67238,255016272,0,3,1,114176,35,10491263516
4369,255027121,56854,255083975,0,3,1,97280,35,9171372579
4370,255566821,109304,255676125,0,3,0,58880,35,1049703264
4371,256217833,5802,256223635,0,7,1,6144,37,2690345084
4372,256321793,10499,256332292,0,2,1,16896,41,9730496662
4373,256635143,43370,256678513,0,7,1,74240,37,2707824044
4374,256698432,5326,256703758,0,6,1,5632,28,1961049800
4375,257037076,267188,257304264,0,3,0,284672,35,3936688581
4376,257108604,4937,257113541,0,7,1,12800,37,10439404398
4377,257113297,341356,257454653,0,3,0,129024,35,3084986582
4378,257132876,14545,257147421,0,3,1,28160,35,9410263011
4379,257148052,54012,257202064,0,3,1,91648,35,5673411366
4380,257288177,22174,257310351,0,2,1,36352,41,2845702174
4381,257396466,23983,257420449,0,7,1,39936,37,4070099812
4382,257430613,87910,257518523,0,3,1,107520,35,43735128
4383,257466250,85687,257551937,0,3,1,105472,35,1005571128
4384,257471522,40616,257512138,0,2,1,65536,41,2543120369
4385,257518831,7706,257526537,0,7,1,8192,37,7278150429
4386,257576872,86971,257663843,0,3,1,145920,35,4594036675
4387,257654627,73745,257728372,0,3,1,123392,35,777551760
4388,257804542,5196,257809738,0,7,1,13312,37,21234156
4389,257861726,11274,257873000,0,2,1,18432,41,54989181
4390,257908166,22691,257930857,0,2,1,37376,41,6061231863
4391,257933319,11016,257944335,0,2,1,17920,41,4467785538
4392,258076076,35829,258111905,0,3,1,62976,35,32327978
4393,258203159,121628,258324787,0,3,0,99328,35,2106415996
4394,258209084,4850,258213934,0,2,1,5120,41,7410915964
4395,258289769,5802,258295571,0,2,1,6144,41,241262609
4396,258293991,148220,258442211,0,0,0,136192,2,9135232108
4397,258328113,7230,258335343,0,0,1,7680,2,2124897966
4398,258333282,1042,258334324,0,7,1,1024,37,3243270104
4399,258505911,137854,258643765,0,3,1,228352,35,71330661
4400,258631028,32816,258663844,0,7,1,53760,37,5664705738
4401,258640183,112112,258752295,0,0,0,68096,2,6325065360
4402,258646643,76587,258723230,0,3,1,129024,35,3445883641
4403,258732754,435736,259168490,0,3,0,393728,35,6460523597
4404,258750371,144686,258895057,0,3,0,95744,35,8190674094
4405,258756041,412472,259168513,0,3,1,540160,35,8630459334
4406,258951535,22174,258973709,0,2,1,36352,41,929124030
4407,259035399,133129,259168528,0,3,1,10752,35,9947171617
4408,259076333,104982,259181315,0,3,1,21504,35,3560578659
4409,259204667,195272,259399939,0,0,0,179712,2,7999753588
4410,259244922,40616,259285538,0,3,1,65536,35,8741734252
4411,259384219,5971,259390190,0,2,1,14848,41,5037568586
4412,259402422,24412,259426834,0,7,1,44032,37,5798456194
4413,259495674,34108,259529782,0,6,1,56320,28,7149151035
4414,259514712,71766,259586478,0,3,1,116224,35,6904808262
4415,259560512,5971,259566483,0,7,1,14848,37,3471100322
4416,259629695,14117,259643812,0,7,1,24064,37,4446111192
4417,259657258,217454,259874712,0,3,0,185856,35,4250164662
4418,259689525,21916,259711441,0,6,1,35840,28,10258776919
4419,259749250,4937,259754187,0,2,1,12800,41,2619491308
4420,259836139,3387,259839526,0,7,1,9728,37,3160444540
4421,259858276,192032,260050308,0,3,0,145408,35,2492295197
4422,259910557,12566,259923123,0,7,1,20992,37,503488497
4423,260046940,199016,260245956,0,0,0,192000,2,8142068815
4424,260053824,35829,260089653,0,7,1,62976,37,5179652060
4425,260106910,1042,260107952,0,6,1,1024,28,10517448875
4426,260303623,5326,260308949,0,2,1,5632,41,1321114135
4427,260492526,96321,260588847,0,7,1,160768,37,6366646825
4428,260563654,13770,260577424,0,2,1,26624,41,2001529050
4429,260568833,100256,260669089,0,3,0,29184,35,9583561864
4430,260656812,5326,260662138,0,2,1,5632,41,688980547
4431,260680309,22862,260703171,0,6,1,40960,28,10524225887
4432,260791155,6488,260797643,0,6,1,15872,28,8932508761
4433,260808364,25962,260834326,0,2,1,47104,41,10316096893
4434,260822270,5454,260827724,0,7,1,13824,37,7649884590
4435,260905029,6754,260911783,0,6,1,7168,28,2518124169
4436,261136587,41132,261177719,0,6,1,66560,28,1269121309
4437,261162736,40874,261203610,0,2,1,66048,41,455463295
4438,261300311,10241,261310552,0,6,1,16384,28,5397578093
4439,261387871,6488,261394359,0,8,1,15872,40,3769967109
4440,261422631,302144,261724775,0,0,0,369152,2,5824229097
4441,261424611,188221,261612832,0,3,1,309760,35,1774144477
4442,261496870,566,261497436,0,1,1,512,37,558124866
4443,261548470,3387,261551857,0,1,1,9728,37,6909868118
4444,261718534,16096,261734630,0,1,1,31232,37,4174128737
4445,261775162,2946,261778108,0,1,1,3072,37,7404159315
4446,261814944,86196,261901140,0,2,1,144384,41,2342429833
4447,261873183,13253,261886436,0,1,1,25600,37,6731621219
4448,261931738,2470,261934208,0,4,1,2560,28,2988191551
4449,261956752,84092,262040844,0,3,0,21504,35,8377153541
4450,262113820,85420,262199240,0,3,1,142848,35,385991375
4451,262244939,4850,262249789,0,1,1,5120,37,5597336414
4452,262331914,1518,262333432,0,1,1,1536,37,7489369488
4453,262475503,23378,262498881,0,1,1,41984,37,5581045776
4454,262622127,380079,263002206,0,3,1,620032,35,2445838358
4455,262734218,119912,262854130,0,4,0,93696,28,4363499766
4456,263226552,12825,263239377,0,1,1,21504,37,1381888866
4457,263242229,101036,263343265,0,4,0,31744,28,10280671897
4458,263271580,114503,263386083,0,3,1,189440,35,7881371609
4459,263283665,5802,263289467,0,1,1,6144,37,4763514193
4460,263299014,129811,263428825,0,4,0,17920,28,8291535357
4461,263338627,12049,263350676,0,8,1,19968,40,3309598910
4462,263415909,22433,263438342,0,3,1,36864,35,10063906497
4463,263564449,2470,263566919,0,8,1,2560,40,1628187731
4464,263570573,234430,263805003,0,3,0,264192,35,6600248825
4465,263575806,5326,263581132,0,8,1,5632,40,8454031041
4466,263613506,6754,263620260,0,3,1,7168,35,9610829719
4467,263686207,31007,263717214,0,3,1,50176,35,2334688568
4468,263688734,112424,263801158,0,4,0,69120,28,2581177174
4469,263771956,292160,264064116,0,4,0,336384,28,422730848
4470,263785666,42795,263828461,0,3,1,38912,35,6943012028
4471,263824263,256716,264080979,0,4,0,55296,28,4142666492
4472,263916508,2946,263919454,0,8,1,3072,40,2462478919
4473,264025365,4679,264030044,0,8,1,12288,40,7070679468
4474,264056582,104312,264160894,0,3,0,42496,35,6025169285
4475,264123324,5802,264129126,0,8,1,6144,40,6385088666
4476,264200317,261176,264461493,0,3,0,280064,35,4606543911
4477,264203697,55748,264259445,0,0,0,4096,2,2890988614
4478,264353300,108208,264461508,0,3,1,141824,35,4367844712
4479,264516957,10499,264527456,0,8,1,16896,40,1902213441
4480,264682243,14804,264697047,0,2,1,28672,41,5706036968
4481,265087498,2470,265089968,0,8,1,2560,40,1276325202
4482,265267163,125060,265392223,0,3,0,110592,35,7341943588
4483,265364853,10499,265375352,0,8,1,16896,40,9206576856
4484,265520633,5712,265526345,0,8,1,14336,40,3332869647
4485,265604628,111176,265715804,0,3,0,65024,35,3817527912
4486,265798432,287012,266085444,0,0,0,319488,2,4271765965
4487,265834139,126308,265960447,0,4,0,114688,28,7198074804
4488,265874804,123424,265998228,0,3,1,200192,35,1298727132
4489,265916107,355791,266271898,0,3,1,544256,35,7273286670
4490,265965904,203540,266169444,0,4,0,206848,28,4035917113
4491,266013301,202985,266216286,0,4,0,132608,28,2850249248
4492,266038044,216720,266254764,0,0,0,150016,2,610248267
4493,266133837,2946,266136783,0,8,1,3072,40,6100084663
4494,266271556,7706,266279262,0,2,1,8192,41,7086001327
4495,266315000,101348,266416348,0,0,0,32768,2,9506397822
4496,266368022,103064,266471086,0,4,0,38400,28,8107563606
4497,266443569,3904,266447473,0,0,1,10752,2,4678511287
4498,266450238,6754,266456992,0,8,1,7168,40,8038044642
4499,266524578,11016,266535594,0,9,1,17920,3,9825263449
4500,266562984,2470,266565454,0,8,1,2560,40,1806512089
4501,266593311,10499,266603810,0,9,1,16896,3,8211893849
4502,266731270,2470,266733740,0,8,1,2560,40,4937353418
4503,266748841,24412,266773253,0,9,1,44032,3,8657728471
4504,266891373,197144,267088517,0,4,0,185856,28,6364378443
4505,267060120,1518,267061638,0,9,1,1536,3,1257540289
4506,267209989,289976,267499965,0,0,0,329216,2,1462692996
4507,267271282,4937,267276219,0,9,1,12800,3,2494750020
4508,267306180,462914,267769094,0,3,0,547840,35,7690385287
4509,267345992,106964,267452956,0,4,0,51200,28,3801182626
4510,267496444,212357,267708801,0,0,0,224256,2,4874197526
4511,267496465,298712,267795177,0,4,0,357888,28,1701160451
4512,267575317,329744,267905061,0,4,0,257536,28,488218828
4513,267691604,98785,267790389,0,0,0,13312,2,5500168763
4514,267828835,20882,267849717,0,9,1,33792,3,1802180579
4515,267845653,123812,267969465,0,0,0,106496,2,7808691772
4516,268031210,13253,268044463,0,9,1,25600,3,10383823393
4517,268106024,21141,268127165,0,9,1,34304,3,2607067071
4518,268161535,126464,268287999,0,0,0,115200,2,9560595533
4519,268275063,108368,268383431,0,1,0,55808,37,9863861460
4520,268420859,57440,268478299,0,4,0,4608,28,5965871369
4521,268530061,122564,268652625,0,3,0,102400,35,10639966313
4522,268569281,2946,268572227,0,6,1,3072,28,6516688286
4523,268657465,4420,268661885,0,1,1,11776,37,2501624829
4524,268672886,188564,268861450,0,0,0,157696,2,2374709077
4525,268730628,11791,268742419,0,6,1,19456,28,10307736510
4526,268801993,366452,269168445,0,4,0,423936,28,2248060960
4527,268816249,241869,269058118,0,0,0,184320,2,1329781898
4528,269020619,187153,269207772,0,4,0,129024,28,1491009594
4529,269023525,2470,269025995,0,6,1,2560,28,5848878231
4530,269045186,153541,269198727,0,3,1,248832,35,2230310205
4531,269210476,57440,269267916,0,4,0,4608,28,579681861
4532,269281729,130988,269412717,0,0,0,130048,2,2695529098
4533,269343518,10757,269354275,0,9,1,17408,3,9688213168
4534,269564677,160064,269724741,0,3,0,139776,35,3037604898
4535,269632869,5196,269638065,0,9,1,13312,3,3709351409
4536,269682428,617816,270300244,0,4,0,621568,28,6280102489
4537,269863385,560426,270423811,0,4,0,405504,28,9909410386
4538,269892921,13341,269906262,0,9,1,22528,3,10180565895
4539,270070372,13600,270083972,0,6,1,23040,28,9876219495
4540,270096748,214460,270311208,0,0,0,242688,2,8683535824
4541,270233583,10241,270243824,0,1,1,16384,37,9245306607
4542,270236845,4937,270241782,0,9,1,12800,3,4529974739
4543,270416707,93620,270510327,0,3,0,22528,35,4239474433
4544,270971306,190280,271161586,0,3,0,163328,35,3835479049
4545,271043155,32987,271076142,0,9,1,57344,3,5040203749
4546,271073792,138470,271212262,0,3,0,80384,35,4203039860
4547,271180522,304328,271484850,0,0,0,376320,2,5326853466
4548,271263535,222274,271485809,0,0,0,3072,2,3307771116
4549,271406848,293234,271700082,0,0,0,245248,2,840924899
4550,271504441,227948,271732389,0,0,0,105984,2,7509532443
4551,271627280,211808,271839088,0,4,0,233984,28,4796681820
4552,271799383,57440,271856823,0,0,0,4608,2,8601189251
4553,271831816,116777,271948593,0,0,0,77824,2,132326497
4554,271852885,299960,272152845,0,4,0,361984,28,5301447001
4555,271938038,209156,272147194,0,3,0,225280,35,8661539462
4556,272017112,213013,272230125,0,4,0,154624,28,3474389786
4557,272111877,436098,272547975,0,4,0,485888,28,7540584115
4558,272736306,103376,272839682,0,4,0,39424,28,9610216966
4559,273102937,129896,273232833,0,0,0,126464,2,6175449903
4560,273261197,129896,273391093,0,4,0,126464,28,7188634930
4561,273726630,14029,273740659,0,6,1,27136,28,8674743148
4562,273766224,110552,273876776,0,0,0,62976,2,2982199864
4563,273768007,40874,273808881,0,5,1,66048,48,8866524379
4564,273847761,221267,274069028,0,0,0,232960,2,8697167938
4565,273874202,6488,273880690,0,5,1,15872,48,3850459211
4566,273886232,110864,273997096,0,4,0,64000,28,6488993200
4567,273972419,23725,273996144,0,6,1,39424,28,4938740410
4568,274455782,45437,274501219,0,5,1,78336,48,3376558036
4569,274458822,47889,274506711,0,5,1,17920,48,5745397478
4570,274485929,25288,274511217,0,5,1,7168,48,81513811
4571,274486381,33333,274519714,0,6,1,54784,28,4227662160
4572,274493669,141452,274635121,0,4,0,134144,28,4855985867
4573,274537830,11533,274549363,0,7,1,18944,37,8765748080
4574,274583253,3387,274586640,0,5,1,9728,48,4765906825
4575,274684818,3128,274687946,0,1,1,9216,37,8659686740
4576,274810614,60824,274871438,0,4,0,5632,28,548636788
4577,274856829,21916,274878745,0,9,1,35840,3,171245628
4578,274888377,12308,274900685,0,6,1,20480,28,314359804
4579,274902745,5802,274908547,0,6,1,6144,28,4718145280
4580,274983484,99164,275082648,0,4,0,25600,28,9122479029
4581,275003518,12995,275016513,0,5,1,25088,48,3295892074
4582,275038252,2870,275041122,0,6,1,8704,28,4385197209
4583,275063255,16613,275079868,0,6,1,32256,28,10044712887
4584,275228088,291692,275519780,0,0,0,334848,2,7677644286
4585,275272945,21658,275294603,0,6,1,35328,28,9552470608
4586,275352218,3898,275356116,0,1,1,4096,37,3179349725
4587,275485886,1042,275486928,0,6,1,1024,28,9232603923
4588,275533254,3645,275536899,0,4,1,10240,28,6511548085
4589,275557432,123344,275680776,0,4,0,104960,28,10079456032
4590,275561664,10757,275572421,0,3,1,17408,35,7841237666
4591,275749091,2946,275752037,0,6,1,3072,28,8610402346
4592,275835654,22862,275858516,0,5,1,40960,48,1329521309
4593,275867223,7230,275874453,0,4,1,7680,28,4512911890
4594,275983872,566,275984438,0,5,1,512,48,6210704310
4595,276076269,7706,276083975,0,4,1,8192,28,6180040391
4596,276125984,52832,276178816,0,0,0,4608,2,1224547997
4597,276180615,6754,276187369,0,5,1,7168,48,9464556817
4598,276211721,128024,276339745,0,0,0,120320,2,6818591300
4599,276372118,659372,277031490,0,4,0,737792,28,923202723
4600,276385347,5454,276390801,0,5,1,13824,48,6311501004
4601,276525886,595319,277121205,0,4,0,294400,28,4431233261
4602,276596091,4374,276600465,0,8,1,4608,40,6002583729
4603,276597950,13512,276611462,0,6,1,26112,28,10307284465
4604,276656381,3128,276659509,0,7,1,9216,37,4651125477
4605,276732584,4937,276737521,0,4,1,12800,28,9935447947
4606,276779779,12995,276792774,0,6,1,25088,28,4109110837
4607,276889495,7230,276896725,0,8,1,7680,40,3677933454
4608,277171128,198860,277369988,0,4,0,191488,28,7350720540
4609,277228718,13600,277242318,0,4,1,23040,28,9165856609
4610,277267615,45437,277313052,0,8,1,78336,40,9917737993
4611,277356728,43370,277400098,0,8,1,74240,40,836206172
4612,277375834,6754,277382588,0,4,1,7168,28,6297347332
4613,277414101,25704,277439805,0,7,1,46592,37,8307498713
4614,277461223,4850,277466073,0,4,1,5120,28,7416054366
4615,277673103,3898,277677001,0,5,1,4096,48,6989009078
4616,277722512,2470,277724982,0,4,1,2560,28,5130812069
4617,277785174,23466,277808640,0,7,1,38912,37,1820824254
4618,277794036,14758,277808794,0,7,1,8704,37,7149799718
4619,277810225,13512,277823737,0,8,1,26112,40,2012688618
4620,277828341,24670,277853011,0,7,1,44544,37,3481077261
4621,277897234,1994,277899228,0,4,1,2048,28,5182781317
4622,278049271,41391,278090662,0,8,1,67072,40,9829107109
4623,278057354,37814,278095168,0,8,1,7168,40,10042340687
4624,278130825,12995,278143820,0,6,1,25088,28,9125627678
4625,278176401,218360,278394761,0,4,0,255488,28,3388616708
4626,278240548,3904,278244452,0,4,1,10752,28,3633581748
4627,278252056,566,278252622,0,6,1,512,28,9136801719
4628,278273643,13083,278286726,0,6,1,22016,28,2324670814
4629,278351404,13858,278365262,0,5,1,23552,48,2882575162
4630,278450361,122252,278572613,0,4,0,101376,28,747163288
4631,278461060,4850,278465910,0,8,1,5120,40,3182327019
4632,278475813,22950,278498763,0,4,1,37888,28,3173898817
4633,278492477,566,278493043,0,5,1,512,48,7062903777
4634,278501808,7706,278509514,0,8,1,8192,40,10719778220
4635,278633287,1042,278634329,0,6,1,1024,28,9589099256
4636,278704429,2470,278706899,0,6,1,2560,28,4595675382
4637,278738987,4374,278743361,0,5,1,4608,48,384134080
4638,278748491,10757,278759248,0,8,1,17408,40,8264176161
4639,278760690,5196,278765886,0,7,1,13312,37,2803555118
4640,278790568,1994,278792562,0,6,1,2048,28,7958648329
4641,278830669,11791,278842460,0,4,1,19456,28,4653855611
4642,278858483,25704,278884187,0,0,1,46592,2,8850708814
4643,278862500,5326,278867826,0,7,1,5632,37,1089948853
4644,278877094,4679,278881773,0,5,1,12288,48,7790746905
4645,278891171,14545,278905716,0,5,1,28160,48,9621887573
4646,278922870,14117,278936987,0,8,1,24064,40,5178668925
4647,278933041,6278,278939319,0,7,1,6656,37,307104874
4648,279002589,3904,279006493,0,7,1,10752,37,10635669859
4649,279010735,2470,279013205,0,7,1,2560,37,4311413910
4650,279026112,11533,279037645,0,7,1,18944,37,6850060677
4651,279108029,5326,279113355,0,6,1,5632,28,8539644342
4652,279179015,5196,279184211,0,0,1,13312,2,9027287585
4653,279196318,1994,279198312,0,8,1,2048,40,3874904139
4654,279343766,156680,279500446,0,7,0,138752,37,4131581567
4655,279458313,114608,279572921,0,4,0,76288,28,7066663738
4656,279459250,32816,279492066,0,6,1,53760,28,4597285783
4657,279493907,6488,279500395,0,0,1,15872,2,2180664778
4658,279507876,11791,279519667,0,7,1,19456,37,5896710616
4659,279512139,10757,279522896,0,6,1,17408,28,9325651159
4660,279516519,15837,279532356,0,7,1,30720,37,4162884697
4661,279654892,86828,279741720,0,7,0,15360,37,10249832951
4662,279662007,13253,279675260,0,0,1,25600,2,5383728898
4663,279709566,566,279710132,0,4,1,512,28,7937678348
4664,279743909,1042,279744951,0,5,1,1024,48,4310832884
4665,279768140,3422,279771562,0,8,1,3584,40,1648586219
4666,279877699,7230,279884929,0,7,1,7680,37,2403753548
4667,279910214,5196,279915410,0,6,1,13312,28,3003947594
4668,279969541,63362,280032903,0,7,1,106496,37,1193107957
4669,280132402,2470,280134872,0,2,1,2560,41,3650720417
4670,280140077,31783,280171860,0,2,1,51712,41,7190708711
4671,280161138,11533,280172671,0,0,1,18944,2,10219947490
4672,280204813,4937,280209750,0,2,1,12800,41,8268027958
4673,280288031,41391,280329422,0,8,1,67072,40,3194674122
4674,280328753,32299,280361052,0,0,1,52736,2,9261785847
4675,280363659,125684,280489343,0,7,0,112640,37,6382268014
4676,280480306,35312,280515618,0,0,1,61952,2,6130152920
4677,280511299,130988,280642287,0,4,0,130048,28,6561114809
4678,280532910,7230,280540140,0,7,1,7680,37,7134904896
4679,280607878,33245,280641123,0,8,1,57856,40,9057929468
4680,280634702,13341,280648043,0,2,1,22528,41,4582305065
4681,280707478,43716,280751194,0,6,1,71680,28,10403300974
4682,280822753,25446,280848199,0,2,1,46080,41,8399230335
4683,280901247,1042,280902289,0,0,1,1024,2,8582568758
4684,280956192,566,280956758,0,8,1,512,40,2296199362
4685,280980644,12825,280993469,0,0,1,21504,2,5563444586
4686,281007968,5326,281013294,0,2,1,5632,41,1026863867
4687,281011271,23725,281034996,0,7,1,39424,37,3040024932
4688,281059522,6278,281065800,0,8,1,6656,40,7881551674
4689,281105849,13253,281119102,0,4,1,25600,28,8932870354
4690,281195652,190280,281385932,0,4,0,163328,28,7692275876
4691,281240684,106964,281347648,0,7,0,51200,37,3700639420
4692,281287511,6278,281293789,0,0,1,6656,2,7519530791
4693,281299631,102128,281401759,0,7,0,35328,37,4061280605
4694,281309762,7230,281316992,0,1,1,7680,37,6072607319
4695,281311380,4850,281316230,0,0,1,5120,2,10118517267
4696,281322973,296528,281619501,0,4,0,350720,28,10243457210
4697,281334049,6278,281340327,0,1,1,6656,37,8230891861
4698,281334922,3387,281338309,0,8,1,9728,40,4098300246
4699,281512322,107194,281619516,0,4,1,20480,28,4271886480
4700,281543109,40874,281583983,0,6,1,66048,28,2376755802
4701,281692349,1042,281693391,0,2,1,1024,41,6253468372
4702,281704086,2946,281707032,0,0,1,3072,2,7380336045
4703,281725867,113672,281839539,0,7,0,73216,37,5645580085
4704,281775948,5971,281781919,0,4,1,14848,28,1782328917
4705,281881294,10757,281892051,0,2,1,17408,41,2902210523
4706,282037695,43716,282081411,0,6,1,71680,28,785396278
4707,282090969,7706,282098675,0,8,1,8192,40,5041725382
4708,282103475,1994,282105469,0,2,1,2048,41,10667439467
4709,282282068,52808,282334876,0,7,1,86016,37,8307317632
4710,282298016,38166,282336182,0,7,1,2048,37,8387243911
4711,282323805,5326,282329131,0,4,1,5632,28,9856449605
4712,282421436,1042,282422478,0,2,1,1024,41,2771143218
4713,282465136,4850,282469986,0,7,1,5120,37,432185774
4714,282671559,99008,282770567,0,1,0,25088,37,5864696213
4715,282754218,23983,282778201,0,2,1,39936,41,6330679908
4716,282811933,4850,282816783,0,0,1,5120,2,1327066312
4717,282816812,5802,282822614,0,0,1,6144,2,1328471866
4718,282893761,5971,282899732,0,2,1,14848,41,3989588643
4719,282899796,3898,282903694,0,2,1,4096,41,3964367135
4720,282937323,12737,282950060,0,8,1,24576,40,8973356798
4721,282948899,176228,283125127,0,1,0,147456,37,9793962530
4722,282952886,1042,282953928,0,2,1,1024,41,2379709826
4723,282956371,5454,282961825,0,8,1,13824,40,6661135669
4724,282957551,81116,283038667,0,0,1,131072,2,9433254269
4725,282961208,79725,283040933,0,0,1,3584,2,501986099
4726,282962653,82146,283044799,0,0,1,6144,2,7005359509
4727,283050698,4374,283055072,0,0,1,4608,2,10227657992
4728,283079753,116012,283195765,0,7,0,80896,37,9408280374
4729,283090592,136811,283227403,0,1,0,35840,37,1557462702
4730,283233107,4937,283238044,0,8,1,12800,40,1179667984
4731,283249020,23895,283272915,0,8,1,43008,40,9571025573
4732,283272397,20366,283292763,0,2,1,32768,41,752654585
4733,283398421,1994,283400415,0,8,1,2048,40,5810212460
4734,283404006,1518,283405524,0,8,1,1536,40,9100785295
4735,283412206,1042,283413248,0,7,1,1024,37,3957224544
4736,283487991,4937,283492928,0,4,1,12800,28,4464397182
4737,283497238,13770,283511008,0,7,1,26624,37,182985983
4738,283499553,75452,283575005,0,4,0,13312,28,2264527084
4739,283509125,368144,283877269,0,0,0,424448,2,2600549308
4740,283510193,2470,283512663,0,7,1,2560,37,1779851382
4741,283654838,2870,283657708,0,4,1,8704,28,9998067020
4742,283804863,3422,283808285,0,4,1,3584,28,5239532581
4743,283837329,100568,283937897,0,1,0,30208,37,8085974620
4744,283852750,185497,284038247,0,1,0,131584,37,9201152558
4745,283900304,176241,284076545,0,4,0,112128,28,9375998490
4746,283905540,13083,283918623,0,4,1,22016,28,7761086372
4747,283933527,5712,283939239,0,0,1,14336,2,9814703396
4748,283962574,326918,284289492,0,4,0,305152,28,7134990056
4749,284019043,128812,284147855,0,1,0,59904,37,3067888389
4750,284028156,12566,284040722,0,0,1,20992,2,1638794210
4751,284095748,198604,284294352,0,3,1,326656,35,5179173905
4752,284124646,203540,284328186,0,1,0,206848,37,10135038943
4753,284168837,288416,284457253,0,7,0,324096,37,4284534725
4754,284207297,7706,284215003,0,8,1,8192,40,9117200899
4755,284308662,4162,284312824,0,2,1,11264,41,4565445700
4756,284344415,139529,284483944,0,7,0,87552,37,2899743545
4757,284481188,219113,284700301,0,3,1,359936,35,5518534966
4758,284487301,4937,284492238,0,8,1,12800,40,2646270836
4759,284513334,113828,284627162,0,4,0,73728,28,1239097246
4760,284564111,3645,284567756,0,0,1,10240,2,9326312855
4761,284642905,12566,284655471,0,2,1,20992,41,5852738392
4762,284656974,10757,284667731,0,2,1,17408,41,594292027
4763,284812298,55148,284867446,0,1,0,7168,37,8470862549
4764,284817243,114503,284931746,0,3,1,189440,35,6859742245
4765,284929672,12737,284942409,0,0,1,24576,2,3989892409
4766,284941467,123188,285064655,0,1,0,104448,37,1417970035
4767,284985929,35829,285021758,0,8,1,62976,40,7282367392
4768,285042265,2946,285045211,0,0,1,3072,2,3493507383
4769,285058512,93596,285152108,0,7,0,17408,37,1419755682
4770,285096496,7230,285103726,0,0,1,7680,2,3958210354
4771,285125580,3387,285128967,0,0,1,9728,2,2205943641
4772,285146888,13600,285160488,0,4,1,23040,28,9710760685
4773,285288428,566,285288994,0,0,1,512,2,8223007279
4774,285311801,1518,285313319,0,4,1,1536,28,3476770871
4775,285313705,25446,285339151,0,2,1,46080,41,7453120747
4776,285489804,125060,285614864,0,4,0,110592,28,5593315448
4777,285539246,2470,285541716,0,3,1,2560,35,294676660
4778,285566827,4162,285570989,0,3,1,11264,35,8693922722
4779,285605767,6488,285612255,0,0,1,15872,2,7844656695
4780,285661683,6278,285667961,0,6,1,6656,28,3416902248
4781,285812110,11533,285823643,0,2,1,18944,41,1062776710
4782,285981881,109460,286091341,0,7,0,59392,37,7085742021
4783,286005859,23895,286029754,0,2,1,43008,41,5264713473
4784,286130210,3422,286133632,0,2,1,3584,41,9803883567
4785,286223885,16096,286239981,0,0,1,31232,2,10273679271
4786,286246841,33850,286280691,0,0,1,55808,2,5820469863
4787,286252102,5454,286257556,0,2,1,13824,41,1559335219
4788,286490423,13253,286503676,0,3,1,25600,35,3954067212
4789,286529352,4850,286534202,0,2,1,5120,41,10184956275
4790,286557225,3422,286560647,0,3,1,3584,35,910380727
4791,286557765,120536,286678301,0,4,0,95744,28,5905267606
4792,286586135,15321,286601456,0,3,1,29696,35,6528593963
4793,286680414,21916,286702330,0,6,1,35840,28,3878382309
4794,286770047,6754,286776801,0,0,1,7168,2,8715147655
4795,286811113,1518,286812631,0,0,1,1536,2,3165566604
4796,286844073,121940,286966013,0,4,0,100352,28,4039579549
4797,286922750,140072,287062822,0,7,0,134656,37,7551314203
4798,286931954,12995,286944949,0,2,1,25088,41,3201022376
4799,287116269,214616,287330885,0,7,0,243200,37,9031140799
4800,287126132,16613,287142745,0,5,1,32256,48,7115337053
4801,287393548,139760,287533308,0,4,0,133632,28,8681595004
4802,287561417,23725,287585142,0,8,1,39424,40,7259515180
4803,287576691,170240,287746931,0,7,0,147968,37,4452057107
4804,287632262,100568,287732830,0,4,0,30208,28,6246113314
4805,287705331,143252,287848583,0,7,0,33792,37,10523965998
4806,287714707,74984,287789691,0,4,0,11776,28,3502827180
4807,287737155,232458,287969613,0,4,0,212992,28,8160885598
4808,287779140,566,287779706,0,0,1,512,2,2419327910
4809,287880018,127088,288007106,0,7,0,117248,37,1308637615
4810,287894231,14117,287908348,0,0,1,24064,2,7794288522
4811,288134793,1518,288136311,0,0,1,1536,2,2490363542
4812,288214913,13512,288228425,0,1,1,26112,37,4122753155
4813,288217149,2946,288220095,0,2,1,3072,41,3324682776
4814,288256646,1518,288258164,0,2,1,1536,41,1375347580
4815,288262774,3904,288266678,0,0,1,10752,2,612474918
4816,288290436,110240,288400676,0,7,0,61952,37,1091373535
4817,288293784,5712,288299496,0,1,1,14336,37,6970887006
4818,288352477,54617,288407094,0,0,1,89600,2,9540258465
4819,288430581,12825,288443406,0,8,1,21504,40,10075570704
4820,288544017,5802,288549819,0,0,1,6144,2,251417782
4821,288560032,77900,288637932,0,4,0,11264,28,6050662184
4822,288612965,26221,288639186,0,0,1,47616,2,958344106
4823,288806645,3904,288810549,0,8,1,10752,40,2449318680
4824,288919299,11791,288931090,0,0,1,19456,2,10556891865
4825,289005572,35829,289041401,0,0,1,62976,2,2965509948
4826,289013615,13253,289026868,0,2,1,25600,41,1806243780
4827,289065560,24242,289089802,0,0,1,40448,2,1472893986
4828,289142741,69284,289212025,0,7,0,8192,37,4867033516
4829,289236594,3898,289240492,0,7,1,4096,37,3001970798
4830,289293854,1518,289295372,0,0,1,1536,2,308823173
4831,289443940,3387,289447327,0,5,1,9728,48,9130648465
4832,289513183,572246,290085429,0,4,0,705024,28,8613706879
4833,289634514,10757,289645271,0,2,1,17408,41,6307609134
4834,289679171,3422,289682593,0,2,1,3584,41,5304485703
4835,289722412,7706,289730118,0,2,1,8192,41,6139355248
4836,289791045,4162,289795207,0,8,1,11264,40,2137956020
4837,289890980,14545,289905525,0,8,1,28160,40,10205630748
4838,289897588,190320,290087908,0,4,1,2560,28,3950337260
4839,289904139,139760,290043899,0,7,0,133632,37,4448875766
4840,289908804,180090,290088894,0,4,1,1536,28,7759791554
4841,289919901,4374,289924275,0,3,1,4608,35,547476628
4842,290113654,4850,290118504,0,2,1,5120,41,8883285087
4843,290194801,2470,290197271,0,2,1,2560,41,7492472682
4844,290258847,3898,290262745,0,8,1,4096,40,9390324108
4845,290322368,1518,290323886,0,2,1,1536,41,4587875977
4846,290395493,44662,290440155,0,2,1,76800,41,1925649746
4847,290507445,111488,290618933,0,7,0,66048,37,3738887774
4848,290532235,79016,290611251,0,4,0,19968,28,4083871114
4849,290584932,65612,290650544,0,4,0,11264,28,5260206709
4850,290595633,15633,290611266,0,4,1,16896,28,4164659861
4851,290627499,34108,290661607,0,2,1,56320,41,6631470326
4852,290661943,4679,290666622,0,7,1,12288,37,8483032611
4853,290707007,3422,290710429,0,2,1,3584,41,7448068094
4854,290748591,14287,290762878,0,4,1,27648,28,5790290718
4855,290765751,5712,290771463,0,4,1,14336,28,7209331655
4856,290785759,221923,291007682,0,4,0,147456,28,7031240929
4857,290800681,346303,291146984,0,4,0,235520,28,7235543266
4858,290910258,7230,290917488,0,4,1,7680,28,9970394421
4859,291031264,263041,291294305,0,4,0,149504,28,386999555
4860,291113765,5454,291119219,0,2,1,13824,41,9123417946
4861,291177058,180781,291357839,0,4,0,130048,28,10708822036
4862,291231382,10499,291241881,0,4,1,16896,28,5777232964
4863,291262777,566,291263343,0,8,1,512,40,5044348582
4864,291313906,3898,291317804,0,7,1,4096,37,6605285111
4865,291348947,2946,291351893,0,8,1,3072,40,9053959938
4866,291393855,14804,291408659,0,4,1,28672,28,5798589157
4867,291398687,15062,291413749,0,2,1,29184,41,6371352149
4868,291403490,2946,291406436,0,8,1,3072,40,5831554500
4869,291466094,13858,291479952,0,8,1,23552,40,2190252189
4870,291544142,15579,291559721,0,7,1,30208,37,3569069005
4871,291583613,13083,291596696,0,4,1,22016,28,596872883
4872,291590927,216759,291807686,0,4,0,28672,28,6067726723
4873,291642747,3387,291646134,0,7,1,9728,37,268683957
4874,291694035,13341,291707376,0,8,1,22528,40,1208362687
4875,291743125,109747,291852872,0,4,0,59904,28,6529019315
4876,291880193,3387,291883580,0,4,1,9728,28,4988276349
4877,291959185,33591,291992776,0,9,1,55296,3,9427413957
4878,292026909,129896,292156805,0,7,0,126464,37,129165722
4879,292028026,12995,292041021,0,4,1,25088,28,3498332474
4880,292105785,15062,292120847,0,8,1,29184,40,8943448035
4881,292196022,12566,292208588,0,7,1,20992,37,3213394379
4882,292250297,4937,292255234,0,9,1,12800,3,9011765800
4883,292278467,125840,292404307,0,7,0,113152,37,8182974390
4884,292360057,2946,292363003,0,7,1,3072,37,5693546766
4885,292428668,5712,292434380,0,2,1,14336,41,980594516
4886,292432460,43904,292476364,0,7,0,512,37,5315959755
4887,292495046,22433,292517479,0,8,1,36864,40,515238647
4888,292508432,7230,292515662,0,4,1,7680,28,8195545734
4889,292524433,337006,292861439,0,4,0,212992,28,6610892046
4890,292545961,6229,292552190,0,8,1,15360,40,997118008
4891,292549958,20624,292570582,0,7,1,33280,37,1589961520
4892,292601206,328915,292930121,0,4,0,210432,28,1897190925
4893,292798995,6278,292805273,0,7,1,6656,37,4548603747
4894,292804622,162241,292966863,0,4,0,33792,28,8918628187
4895,292851854,78290,292930144,0,4,1,7168,28,1763543434
4896,292866283,76963,292943246,0,4,1,22016,28,8957031464
4897,292900536,1042,292901578,0,2,1,1024,41,1047218506
4898,292924659,165991,293090650,0,4,0,60416,28,9160476071
4899,292926632,40246,292966878,0,4,1,43520,28,8854805704
4900,292965880,3645,292969525,0,7,1,10240,37,4482793837
4901,292973784,15321,292989105,0,9,1,29696,3,7932054003
4902,293022912,6754,293029666,0,8,1,7168,40,9181884873
4903,293063106,5712,293068818,0,9,1,14336,3,7723513129
4904,293092342,100568,293192910,0,4,0,30208,28,2614337247
4905,293132238,121004,293253242,0,7,0,97280,37,3972283537
4906,293167839,14287,293182126,0,8,1,27648,40,10635099267
4907,293170467,129617,293300084,0,7,0,23040,37,7965081882
4908,293212672,6229,293218901,0,8,1,15360,40,8332555266
4909,293361690,4937,293366627,0,8,1,12800,40,5694114839
4910,293554823,7706,293562529,0,9,1,8192,3,7303959518
4911,293585273,566,293585839,0,7,1,512,37,852348224
4912,293632230,291650,293923880,0,7,0,318464,37,4398404070
4913,293693359,566,293693925,0,8,1,512,40,4905908047
4914,293748019,198808,293946827,0,7,0,75264,37,1928246091
4915,293774689,85292,293859981,0,4,0,15360,28,6256428568
4916,293906472,10757,293917229,0,9,1,17408,3,9560315754
4917,293939456,32033,293971489,0,7,1,44544,37,10425606206
4918,294084598,143144,294227742,0,7,0,134656,37,891365514
4919,294102870,1042,294103912,0,2,1,1024,41,715876650
4920,294137832,5196,294143028,0,7,1,13312,37,8031851934
4921,294149244,189656,294338900,0,4,0,161280,28,305664160
4922,294206386,270628,294477014,0,4,0,225280,28,8689250651
4923,294245261,30491,294275752,0,9,1,49152,3,3357365281
4924,294478773,10499,294489272,0,9,1,16896,3,6898452100
4925,294521846,566,294522412,0,7,1,512,37,7811574772
4926,294527975,13770,294541745,0,8,1,26624,40,7697215960
4927,294561816,35054,294596870,0,7,1,61440,37,3038140909
4928,294563095,16354,294579449,0,9,1,31744,3,7299507798
4929,294601607,191372,294792979,0,3,0,166912,35,10242906940
4930,294676428,2870,294679298,0,9,1,8704,3,7081440936
4931,294761088,112892,294873980,0,7,0,70656,37,214628660
4932,294888475,10757,294899232,0,8,1,17408,40,5690815394
4933,294920336,4374,294924710,0,8,1,4608,40,3648009292
4934,294966499,200264,295166763,0,7,0,196096,37,1748791851
4935,295011726,5196,295016922,0,0,1,13312,2,3618888446
4936,295250343,156992,295407335,0,3,0,139776,35,7884790747
4937,295407001,393884,295800885,0,7,0,508928,37,6496416760
4938,295431948,162692,295594640,0,3,0,143360,35,4905051320
4939,295489769,125883,295615652,0,3,0,23552,35,8883564928
4940,295513956,131912,295645868,0,3,0,47104,35,10659339170
4941,295613259,188109,295801368,0,7,0,1536,37,1652078095
4942,295639819,5326,295645145,0,2,1,5632,41,6687790217
4943,295671591,108212,295779803,0,3,0,55296,35,8106195418
4944,295678256,15062,295693318,0,2,1,29184,41,9690921485
4945,295777336,6278,295783614,0,2,1,6656,41,8056162651
4946,296089151,282800,296371951,0,4,0,305664,28,9303257277
4947,296104735,378966,296483701,0,4,0,283136,28,8871557938
4948,296123387,10241,296133628,0,2,1,16384,41,5615784985
4949,296127123,24513,296151636,0,2,1,38400,41,1675742756
4950,296326814,177026,296503840,0,4,0,66048,28,818680140
4951,296447863,4679,296452542,0,8,1,12288,40,6344690522
4952,296502133,116463,296618596,0,4,0,76800,28,1555280454
4953,296545135,334647,296879782,0,4,0,378368,28,4579193127
4954,296665927,3387,296669314,0,2,1,9728,41,8830975090
4955,296770614,24670,296795284,0,8,1,44544,40,3398614258
4956,296819104,4850,296823954,0,8,1,5120,40,6266065144
4957,296822557,12737,296835294,0,2,1,24576,41,5528191865
4958,296883786,121628,297005414,0,3,0,99328,35,1528949419
4959,296934588,123968,297058556,0,6,0,107008,28,4373088580
4960,296965798,45752,297011550,0,7,0,1536,37,310338974
4961,297037060,64208,297101268,0,4,0,6656,28,2713397680
4962,297045628,2470,297048098,0,8,1,2560,40,7158682607
4963,297185677,12995,297198672,0,8,1,25088,40,4076768804
4964,297464525,6754,297471279,0,8,1,7168,40,8193387221
4965,297518551,14029,297532580,0,3,1,27136,35,8675772095
4966,297640857,1042,297641899,0,1,1,1024,37,1606421349
4967,297724183,2470,297726653,0,2,1,2560,41,674802504
4968,297805160,15321,297820481,0,2,1,29696,41,2026906571
4969,297923991,34795,297958786,0,2,1,60928,41,10286284287
4970,298132175,280148,298412323,0,4,0,296960,28,6554364055
4971,298151803,62516,298214319,0,7,0,6144,37,6760961166
4972,298318460,4374,298322834,0,8,1,4608,40,4052227524
4973,298384723,160584,298545307,0,4,0,131584,28,5472658145
4974,298407345,12308,298419653,0,8,1,20480,40,9429943896
4975,298608671,108524,298717195,0,3,0,56320,35,1998794169
4976,298688518,86204,298774722,0,7,0,13312,37,1834651616
4977,298707667,130208,298837875,0,4,0,127488,28,9602107288
4978,298753590,50984,298804574,0,7,0,3584,37,2843071002
4979,298755676,130676,298886352,0,3,0,129024,35,5898996116
4980,298906826,48980,298955806,0,7,0,2048,37,2354542802
4981,299021458,45596,299067054,0,7,0,1024,37,9494957224
4982,299132021,112112,299244133,0,4,0,68096,28,2494122560
4983,299155463,100256,299255719,0,3,0,29184,35,1615842798
4984,299241529,60824,299302353,0,3,0,5632,35,4184922001
4985,299298052,10499,299308551,0,2,1,16896,41,6221410250
4986,299492124,55748,299547872,0,7,0,4096,37,397654838
4987,299587491,295592,299883083,0,4,0,347648,28,1808933955
4988,299679218,16096,299695314,0,2,1,31232,41,9361311655
4989,299686930,108836,299795766,0,3,0,57344,35,228566296
4990,299691578,6278,299697856,0,5,1,6656,48,8804041272
4991,299724266,48980,299773246,0,7,0,2048,37,2610314451
4992,300045760,46729,300092489,0,9,1,80896,3,9121876553
4993,300081622,64208,300145830,0,7,0,6656,37,10539602563
4994,300090344,52364,300142708,0,7,0,3072,37,2578318599
4995,300459522,84560,300544082,0,3,0,23040,35,195975977
4996,300566243,47288,300613531,0,7,0,1536,37,10555039231
4997,300807115,380156,301187271,0,3,0,463872,35,2450517190
4998,300984349,238661,301223010,0,3,0,117248,35,1209866427
4999,301036962,126776,301163738,0,4,0,116224,28,8948363782
5000,301158168,2870,301161038,0,7,1,8704,37,2457621854
5001,301338960,14117,301353077,0,7,1,24064,37,9235384640
5002,301425144,120536,301545680,0,4,0,95744,28,1711227011
5003,301455372,103431,301558803,0,7,0,1536,37,10095514587
5004,301685635,54056,301739691,0,7,0,3584,37,2096884019
5005,301716799,128804,301845603,0,3,0,122880,35,10163755980
5006,301730746,120380,301851126,0,4,0,95232,28,7656698018
5007,301736296,248078,301984374,0,4,0,209920,28,9328267206
5008,301808949,147042,301955991,0,3,0,62464,35,5809221405
5009,302180827,208688,302389515,0,4,0,223744,28,1498013603
5010,302265471,59132,302324603,0,7,0,5120,37,7270545618
5011,302397784,11791,302409575,0,8,1,19456,40,6165397784
5012,302444969,97472,302542441,0,3,0,25088,35,1104672673
5013,302506807,31007,302537814,0,7,1,50176,37,2737952988
5014,302530339,14029,302544368,0,4,1,27136,28,3796625506
5015,302897525,119600,303017125,0,4,0,92672,28,6432468152
5016,302979007,43904,303022911,0,7,0,512,37,2486324879
5017,303042617,115388,303158005,0,3,0,78848,35,8729797421
5018,303254178,43904,303298082,0,7,0,512,37,528762926
5019,303320016,100724,303420740,0,3,0,30720,35,7269008677
5020,303601193,85160,303686353,0,3,0,19968,35,10440275523
5021,303691338,3645,303694983,0,7,1,10240,37,4714263810
5022,303699877,2870,303702747,0,7,1,8704,37,2117830043
5023,303726030,48980,303775010,0,7,0,2048,37,9523675759
5024,303780581,3645,303784226,0,7,1,10240,37,9109677446
5025,303808921,5326,303814247,0,7,1,5632,37,7742189113
5026,303818303,4937,303823240,0,7,1,12800,37,1573642678
5027,303883863,209780,304093643,0,4,0,227328,28,3171326592
5028,304126407,196832,304323239,0,4,0,184832,28,6969039257
5029,304178282,52676,304230958,0,7,0,4096,37,5689648476
5030,304190481,48980,304239461,0,7,0,2048,37,1878277486
5031,304211005,233500,304444505,0,4,0,193536,28,1653916825
5032,304363109,379688,304742797,0,3,0,462336,35,7091713748
5033,304375526,386318,304761844,0,3,0,62464,35,585792336
5034,304428922,7706,304436628,0,7,1,8192,37,10479574536
5035,304434776,60824,304495600,0,7,0,5632,37,6931283358
5036,304438445,22433,304460878,0,9,1,36864,3,7299827545
5037,304543618,21399,304565017,0,9,1,34816,3,1505548088
5038,304589119,168836,304757955,0,4,0,143360,28,9056558042
5039,304621837,1518,304623355,0,7,1,1536,37,8919086848
5040,304634878,61645,304696523,0,7,0,3072,37,1058358052
5041,304639977,151500,304791477,0,4,0,45568,28,2549350050
5042,304688184,11016,304699200,0,9,1,17920,3,3995354747
5043,304803916,1518,304805434,0,9,1,1536,3,6453990264
5044,304898141,130520,305028661,0,4,0,128512,28,7667331490
5045,304940452,3898,304944350,0,9,1,4096,3,10580269553
5046,305180581,47288,305227869,0,7,0,1536,37,3511537542
5047,305195174,56233,305251407,0,7,0,2048,37,9123439473
5048,305424428,203852,305628280,0,4,0,207872,28,1528205471
5049,306386750,118196,306504946,0,4,0,88064,28,914759422
5050,306436665,226675,306663340,0,4,0,218624,28,10655646897
5051,306510690,566,306511256,0,0,1,512,2,3314824951
5052,306590209,4937,306595146,0,0,1,12800,2,7466434417
5053,306616065,159067,306775132,0,4,0,67072,28,271335677
5054,306658314,3645,306661959,0,0,1,10240,2,5829027089
5055,306756307,16613,306772920,0,0,1,32256,2,2975965960
5056,306953068,13341,306966409,0,0,1,22528,2,5970771556
5057,307074463,2946,307077409,0,4,1,3072,28,9918714263
5058,307590256,51140,307641396,0,7,0,4096,37,6689149338
5059,307849498,45908,307895406,0,7,0,2048,37,3809033565
5060,308112502,53144,308165646,0,4,0,5632,28,2222853753
5061,308208635,10241,308218876,0,6,1,16384,28,5535909964
5062,309480941,47288,309528229,0,7,0,1536,37,5075987902
5063,309499287,89012,309588299,0,4,0,22528,28,6596536131
5064,309529136,290288,309819424,0,4,0,330240,28,10514172583
5065,309640532,59132,309699664,0,7,0,5120,37,7956916691
5066,309842546,45596,309888142,0,7,0,1024,37,3533654917
5067,310236253,459374,310695627,0,9,0,546304,3,2993580393
5068,310370785,56060,310426845,0,7,0,5120,37,10472274617
5069,310511403,2470,310513873,0,1,1,2560,37,2870035677
5070,310513505,13341,310526846,0,1,1,22528,37,2783397456
5071,310783056,131144,310914200,0,7,0,130560,37,5953364202
5072,310845034,15579,310860613,0,1,1,30208,37,5883415994
5073,310921354,6754,310928108,0,4,1,7168,28,793492284
5074,310942934,1518,310944452,0,4,1,1536,28,679765065
5075,311007366,43716,311051082,0,1,1,71680,37,10677406849
5076,311180835,3422,311184257,0,0,1,3584,2,9105141765
5077,311288123,4850,311292973,0,1,1,5120,37,8767407006
5078,311331696,4162,311335858,0,1,1,11264,37,6854001511
5079,311339757,15837,311355594,0,0,1,30720,2,10652319611
5080,311433153,11016,311444169,0,4,1,17920,28,9444694030
5081,311486230,2946,311489176,0,4,1,3072,28,3724409582
5082,311709374,5971,311715345,0,6,1,14848,28,7481189754
5083,311712631,5971,311718602,0,7,1,14848,37,7504205535
5084,311742361,75920,311818281,0,4,0,14848,28,3037050037
5085,311748904,20366,311769270,0,7,1,32768,37,7832481985
5086,311770900,15837,311786737,0,1,1,30720,37,10380920742
5087,312113739,24154,312137893,0,7,1,43520,37,3480384749
5088,312156707,94688,312251395,0,7,0,20992,37,4045335699
5089,312192075,297464,312489539,0,4,0,353792,28,486491754
5090,312269743,3904,312273647,0,7,1,10752,37,5845133268
5091,312270839,4850,312275689,0,1,1,5120,37,2351286931
5092,312498746,69284,312568030,0,7,0,8192,37,5566020427
5093,312552265,102908,312655173,0,7,0,37888,37,8831780385
5094,312618917,11533,312630450,0,0,1,18944,2,8304872433
5095,312736906,7230,312744136,0,7,1,7680,37,7946009686
5096,312769741,142317,312912058,0,7,0,1536,37,7683001462
5097,312806171,105404,312911575,0,7,0,46080,37,4735955446
5098,312950338,5454,312955792,0,1,1,13824,37,7559993575
5099,313059603,123032,313182635,0,4,0,103936,28,6136171409
5100,313217934,194180,313412114,0,4,0,176128,28,8952609820
5101,313515167,12995,313528162,0,1,1,25088,37,1596186681
5102,313547443,14287,313561730,0,6,1,27648,28,4304764466
5103,313580592,1994,313582586,0,5,1,2048,48,2610557715
5104,313609258,4937,313614195,0,4,1,12800,28,8837618737
5105,313617415,4420,313621835,0,0,1,11776,2,4778852854
5106,313636496,5454,313641950,0,1,1,13824,37,4657742737
5107,313729243,5196,313734439,0,1,1,13312,37,4320800734
5108,313795194,10241,313805435,0,7,1,16384,37,9248647776
5109,313897959,30491,313928450,0,7,1,49152,37,5258493279
5110,313919783,566,313920349,0,0,1,512,2,6678055055
5111,313929911,4937,313934848,0,0,1,12800,2,5770512317
5112,313971576,4420,313975996,0,5,1,11776,48,8900980960
5113,314081457,33333,314114790,0,7,1,54784,37,9174235909
5114,314188654,11016,314199670,0,1,1,17920,37,1921711967
5115,314196032,11274,314207306,0,2,1,18432,41,954341042
5116,314282223,100568,314382791,0,7,0,30208,37,451987089
5117,314325767,566,314326333,0,4,1,512,28,3010760497
5118,314357751,566,314358317,0,2,1,512,41,4713524744
5119,314437329,6229,314443558,0,5,1,15360,48,2478991385
5120,314497562,2470,314500032,0,4,1,2560,28,8077556985
5121,314658125,12737,314670862,0,2,1,24576,41,8795942981
5122,314734493,32987,314767480,0,5,1,57344,48,2764872153
5123,314762530,3128,314765658,0,0,1,9216,2,9714147572
5124,314778906,242692,315021598,0,7,0,162816,37,9913251325
5125,314782322,318695,315101017,0,7,0,260608,37,10635193431
5126,314819766,3904,314823670,0,5,1,10752,48,1619813565
5127,314827298,6229,314833527,0,5,1,15360,48,1983838126
5128,314961908,179372,315141280,0,7,0,132096,37,1141590196
5129,315027232,13858,315041090,0,2,1,23552,41,9660369360
5130,315034698,2946,315037644,0,4,1,3072,28,5824658684
5131,315147342,22691,315170033,0,0,1,37376,2,6479293945
5132,315230507,1042,315231549,0,0,1,1024,2,9632569489
5133,315252557,120692,315373249,0,4,0,96256,28,5576035685
5134,315290146,10241,315300387,0,0,1,16384,2,8975724606
5135,315549612,4850,315554462,0,0,1,5120,2,3082930115
5136,315603534,12566,315616100,0,4,1,20992,28,2431606368
5137,315628679,1518,315630197,0,2,1,1536,41,9348353264
5138,315681092,10499,315691591,0,0,1,16896,2,10481097055
5139,315781731,21916,315803647,0,5,1,35840,48,2578606944
5140,315822428,30491,315852919,0,4,1,49152,28,2449183736
5141,315863442,12825,315876267,0,4,1,21504,28,3849353896
5142,315870337,4420,315874757,0,5,1,11776,48,6465707913
5143,315882981,1042,315884023,0,4,1,1024,28,5801305574
5144,315907962,104624,316012586,0,7,0,43520,37,2195892295
5145,316069825,10757,316080582,0,2,1,17408,41,4327447807
5146,316089684,2470,316092154,0,5,1,2560,48,17363753
5147,316350333,12737,316363070,0,2,1,24576,41,8848626312
5148,316481997,6229,316488226,0,4,1,15360,28,6904415121
5149,316551405,126732,316678137,0,7,0,115712,37,1663279569
5150,316551517,278930,316830447,0,7,0,226304,37,9329429922
5151,316558563,5454,316564017,0,2,1,13824,41,8051123907
5152,316816337,23725,316840062,0,2,1,39424,41,10624173254
5153,316993015,25187,317018202,0,2,1,45568,41,4731628211
5154,317151334,5196,317156530,0,8,1,13312,40,1311929426
5155,317356192,11274,317367466,0,2,1,18432,41,7606866815
5156,317438406,4850,317443256,0,4,1,5120,28,7235848760
5157,317457665,5971,317463636,0,4,1,14848,28,3249987591
5158,317462102,22862,317484964,0,2,1,40960,41,9700908232
5159,317568959,6278,317575237,0,8,1,6656,40,8614424284
5160,317674597,705176,318379773,0,7,0,908288,37,7388423994
5161,317829301,1994,317831295,0,7,1,2048,37,4300939119
5162,317868953,20882,317889835,0,4,1,33792,28,1455886752
5163,317973419,415737,318389156,0,7,0,30720,37,423128307
5164,317975407,13770,317989177,0,2,1,26624,41,3650766653
5165,318098945,1042,318099987,0,4,1,1024,28,5165070289
5166,318142853,357136,318499989,0,7,0,94720,37,5815230674
5167,318150760,201980,318352740,0,4,0,201728,28,4944265598
5168,318218495,15579,318234074,0,4,1,30208,28,4298121486
5169,318271124,6488,318277612,0,4,1,15872,28,1833540073
5170,318304958,7230,318312188,0,1,1,7680,37,1139247074
5171,318372604,3898,318376502,0,4,1,4096,28,3872171122
5172,318400133,13341,318413474,0,1,1,22528,37,1886145900
5173,318475121,134944,318610065,0,7,0,61440,37,4630945682
5174,318520741,365666,318886407,0,7,0,417792,37,6214540869
5175,318554538,12049,318566587,0,1,1,19968,37,3746538309
5176,318594945,295533,318890478,0,7,0,13312,37,3434082062
5177,318668863,1042,318669905,0,2,1,1024,41,7219746557
5178,318858602,2946,318861548,0,1,1,3072,37,551633176
5179,318884596,222674,319107270,0,7,0,250368,37,3428712721
5180,318922440,5326,318927766,0,9,1,5632,3,3013605142
5181,318930152,208366,319138518,0,7,0,53248,37,1220890423
5182,318954363,5802,318960165,0,1,1,6144,37,7562717678
5183,318971423,4162,318975585,0,4,1,11264,28,267253590
5184,319093270,3387,319096657,0,1,1,9728,37,5999614424
5185,319144688,4937,319149625,0,4,1,12800,28,1904353049
5186,319150146,2470,319152616,0,9,1,2560,3,10089055324
5187,319240414,5712,319246126,0,9,1,14336,3,7492161871
5188,319282825,13083,319295908,0,0,1,22016,2,6725331524
5189,319310727,13600,319324327,0,9,1,23040,3,8491796468
5190,319335008,13512,319348520,0,0,1,26112,2,49889747
5191,319375883,4420,319380303,0,1,1,11776,37,4369049361
5192,319443589,5196,319448785,0,9,1,13312,3,7954284291
5193,319451037,36346,319487383,0,4,1,64000,28,5581218065
5194,319492419,4850,319497269,0,4,1,5120,28,5047514702
5195,319510689,35829,319546518,0,1,1,62976,37,9876650784
5196,319554903,566,319555469,0,4,1,512,28,2920799901
5197,319630614,6278,319636892,0,2,1,6656,41,1052195014
5198,319647651,44233,319691884,0,9,1,72704,3,2646207102
5199,319652985,4374,319657359,0,1,1,4608,37,10498342232
5200,319788976,5454,319794430,0,4,1,13824,28,7942763756
5201,319814126,10499,319824625,0,4,1,16896,28,1311650239
5202,319816591,4679,319821270,0,0,1,12288,2,3009879922
5203,319829086,7706,319836792,0,4,1,8192,28,5501745742
5204,319851652,101504,319953156,0,4,0,33280,28,4777176296
5205,319863486,7706,319871192,0,9,1,8192,3,7496349509
5206,319915300,2946,319918246,0,4,1,3072,28,1891934342
5207,319923604,5802,319929406,0,1,1,6144,37,1809339477
5208,319954761,1994,319956755,0,2,1,2048,41,4660568049
5209,320008524,1518,320010042,0,1,1,1536,37,1839592785
5210,320031214,5712,320036926,0,1,1,14336,37,3571055210
5211,320034037,5454,320039491,0,4,1,13824,28,10259863408
5212,320053586,134356,320187942,0,4,0,109568,28,631489573
5213,320065965,13600,320079565,0,1,1,23040,37,10120772443
5214,320074465,5326,320079791,0,4,1,5632,28,2961094485
5215,320096329,2946,320099275,0,9,1,3072,3,1495788964
5216,320173288,3898,320177186,0,6,1,4096,28,6684787110
5217,320266649,109772,320376421,0,7,0,60416,37,1763666770
5218,320285606,21399,320307005,0,9,1,34816,3,9601165696
5219,320308306,6278,320314584,0,6,1,6656,28,6264603668
5220,320359011,120778,320479789,0,7,0,39424,37,3413797871
5221,320395282,1994,320397276,0,2,1,2048,41,9364050198
5222,320421342,21399,320442741,0,4,1,34816,28,7300139702
5223,320425038,1994,320427032,0,9,1,2048,3,8477857
5224,320476636,6754,320483390,0,9,1,7168,3,2712312549
5225,320489224,30749,320519973,0,4,1,49664,28,7975072443
5226,320528912,2946,320531858,0,6,1,3072,28,10095101702
5227,320565345,31524,320596869,0,9,1,51200,3,1889526258
5228,320604975,44404,320649379,0,1,1,76288,37,1143146644
5229,320671001,3387,320674388,0,6,1,9728,28,9963567827
5230,320775770,111176,320886946,0,4,0,65024,28,2439394637
5231,320806349,286076,321092425,0,7,0,316416,37,8179738786
5232,320896549,13600,320910149,0,6,1,23040,28,3293173169
5233,321064782,150355,321215137,0,7,0,102912,37,10611591765
5234,321103128,15579,321118707,0,2,1,30208,41,10333292965
5235,321182549,23895,321206444,0,6,1,43008,28,7492277274
5236,321374564,200576,321575140,0,4,0,197120,28,2627331777
5237,321387129,536726,321923855,0,7,0,664064,37,3420704172
5238,321434452,14117,321448569,0,4,1,24064,28,3343260533
5239,321438567,10770,321449337,0,4,1,11776,28,3030098049
5240,321456019,12566,321468585,0,2,1,20992,41,1020173062
5241,321524129,6278,321530407,0,6,1,6656,28,5655349000
5242,321555233,143399,321698632,0,4,0,105472,28,6260297521
5243,321576480,351446,321927926,0,7,0,13312,37,9526425856
5244,321858827,11791,321870618,0,4,1,19456,28,554595801
5245,322104165,3898,322108063,0,6,1,4096,28,4571253522
5246,322138526,368924,322507450,0,4,0,427008,28,1356607962
5247,322181184,330337,322511521,0,4,0,13312,28,7873688596
5248,322226501,33762,322260263,0,6,1,58880,28,10418672012
5249,322230546,3387,322233933,0,4,1,9728,28,5895228025
5250,322456475,5712,322462187,0,2,1,14336,41,1661196037
5251,322460531,58705,322519236,0,4,1,8192,28,2400336342
5252,322485966,150944,322636910,0,4,0,103424,28,7789846337
5253,322519746,4420,322524166,0,6,1,11776,28,8043768255
5254,322551052,4679,322555731,0,6,1,12288,28,1969791819
5255,322612718,2870,322615588,0,2,1,8704,41,1813362096
5256,322891613,3387,322895000,0,6,1,9728,28,66883381
5257,322897985,128336,323026321,0,4,0,121344,28,6381690454
5258,322918772,120848,323039620,0,7,0,96768,37,791281169
5259,323024782,318378,323343160,0,7,0,373760,37,6731906368
5260,323256528,81908,323338436,0,4,0,14336,28,9873544293
5261,323270863,234045,323504908,0,7,0,140288,37,4763322700
5262,323342848,190935,323533783,0,7,0,94720,37,1959385681
5263,323611145,126932,323738077,0,4,0,116736,28,6099218011
5264,323828119,5196,323833315,0,6,1,13312,28,3645981852
5265,323909399,107120,324016519,0,7,0,51712,37,1803137271
5266,324092849,14287,324107136,0,6,1,27648,28,7040561186
5267,324171855,34367,324206222,0,2,1,56832,41,9044434990
5268,324210836,3422,324214258,0,7,1,3584,37,3926080951
5269,324356481,7230,324363711,0,7,1,7680,37,1269435865
5270,324401866,2870,324404736,0,7,1,8704,37,923975885
5271,324472649,310343,324782992,0,7,0,326144,37,4268496874
5272,324482868,22174,324505042,0,7,1,36352,37,1331273103
5273,324512787,103376,324616163,0,4,0,39424,28,9762096130
5274,324553829,6754,324560583,0,7,1,7168,37,6616305100
5275,324665241,11791,324677032,0,7,1,19456,37,3094600472
5276,324715701,3422,324719123,0,0,1,3584,2,10480926682
5277,324732917,5971,324738888,0,2,1,14848,41,9610441553
5278,324737040,15837,324752877,0,6,1,30720,28,6120741682
5279,324763060,3422,324766482,0,2,1,3584,41,5833518401
5280,324768553,5712,324774265,0,6,1,14336,28,1552137396
5281,324786570,1518,324788088,0,2,1,1536,41,7029063284
5282,324796854,3128,324799982,0,1,1,9216,37,9934186231
5283,324828858,2946,324831804,0,6,1,3072,28,3660942251
5284,324836257,5971,324842228,0,2,1,14848,41,2480294453
5285,324954550,6278,324960828,0,6,1,6656,28,1932311425
5286,324962249,22433,324984682,0,4,1,36864,28,10048031493
5287,325055652,5454,325061106,0,2,1,13824,41,3192816502
5288,325093391,4937,325098328,0,4,1,12800,28,2687269253
5289,325160918,3422,325164340,0,2,1,3584,41,6251665998
5290,325313618,1042,325314660,0,5,1,1024,48,10721635245
5291,325357890,21141,325379031,0,7,1,34304,37,621661439
5292,325370220,16354,325386574,0,1,1,31744,37,1934594539
5293,325399124,205724,325604848,0,8,0,214016,40,9066682680
5294,325403713,25962,325429675,0,7,1,47104,37,5443965505
5295,325439290,2946,325442236,0,2,1,3072,41,843931743
5296,325544258,130364,325674622,0,4,0,128000,28,1113742407
5297,325560446,4850,325565296,0,1,1,5120,37,10126824370
5298,325561844,12049,325573893,0,6,1,19968,28,6530290118
5299,325637011,1994,325639005,0,6,1,2048,28,3003598054
5300,325784152,3128,325787280,0,6,1,9216,28,46064673
5301,325915366,45179,325960545,0,1,1,77824,37,9325725144
5302,325921961,4374,325926335,0,2,1,4608,41,2226051372
5303,325945797,128336,326074133,0,7,0,121344,37,3791859750
5304,325960643,3422,325964065,0,1,1,3584,37,6009171512
5305,326002326,22862,326025188,0,2,1,40960,41,9461343169
5306,326018867,6488,326025355,0,0,1,15872,2,3694304592
5307,326029918,6754,326036672,0,4,1,7168,28,1047046135
5308,326036340,12825,326049165,0,2,1,21504,41,1533592358
5309,326083669,12566,326096235,0,2,1,20992,41,7411819657
5310,326103265,22174,326125439,0,6,1,36352,28,2186311701
5311,326147021,2946,326149967,0,8,1,3072,40,6586196705
5312,326185392,16096,326201488,0,8,1,31232,40,7323490608
5313,326198040,108836,326306876,0,9,0,57344,3,6068599484
5314,326202721,217268,326419989,0,7,0,251904,37,2838367691
5315,326213024,2870,326215894,0,0,1,8704,2,10360465235
5316,326223518,170136,326393654,0,9,0,114176,3,8908385242
5317,326287630,34795,326322425,0,7,1,60928,37,4154683082
5318,326313986,180500,326494486,0,7,0,94720,37,2635007218
5319,326316765,4162,326320927,0,8,1,11264,40,4706374203
5320,326356859,11016,326367875,0,8,1,17920,40,49851066
5321,326405230,3645,326408875,0,2,1,10240,41,9327167217
5322,326444412,106028,326550440,0,9,0,48128,3,8209888857
5323,326444453,3898,326448351,0,4,1,4096,28,1787984933
5324,326507543,16354,326523897,0,7,1,31744,37,9796633166
5325,326546287,170007,326716294,0,7,0,119296,37,1250636718
5326,326629502,208220,326837722,0,1,0,222208,37,10016330071
5327,326646614,25704,326672318,0,2,1,46592,41,5791898727
5328,326682975,107432,326790407,0,8,0,52736,40,10023302465
5329,326691023,6488,326697511,0,6,1,15872,28,1640910363
5330,326700992,189344,326890336,0,8,0,160256,40,8768253628
5331,326710625,300509,327011134,0,8,0,167424,40,3414130601
5332,326763046,180392,326943438,0,9,0,151040,3,5259793875
5333,326792230,216332,327008562,0,4,0,248832,28,3013439170
5334,326854727,268003,327122730,0,4,0,177664,28,7356069765
5335,326968056,3898,326971954,0,7,1,4096,37,7287686306
5336,327033684,3898,327037582,0,1,1,4096,37,9433018889
5337,327083655,1518,327085173,0,8,1,1536,40,2419891774
5338,327128698,2870,327131568,0,7,1,8704,37,8081989180
5339,327137446,124049,327261495,0,7,0,35328,37,9781333428
5340,327157039,5802,327162841,0,7,1,6144,37,6946402128
5341,327206954,3128,327210082,0,1,1,9216,37,3645151868
5342,327222513,12825,327235338,0,1,1,21504,37,3960380695
5343,327229738,12995,327242733,0,7,1,25088,37,6074259563
5344,327231977,13600,327245577,0,2,1,23040,41,7783277511
5345,327243490,2946,327246436,0,7,1,3072,37,7209669257
5346,327261721,32558,327294279,0,1,1,53248,37,7225467060
5347,327282820,104468,327387288,0,4,0,43008,28,2514555834
5348,327290194,3898,327294092,0,8,1,4096,40,6507815707
5349,327291160,172112,327463272,0,4,0,131072,28,6906876790
5350,327305137,232987,327538124,0,7,0,146944,37,5453055637
5351,327385344,5196,327390540,0,0,1,13312,2,3383040407
5352,327419698,13341,327433039,0,5,1,22528,48,6536701238
5353,327461790,159572,327621362,0,7,0,136704,37,2492209030
5354,327467918,98384,327566302,0,4,0,23040,28,8326057206
5355,327479314,26738,327506052,0,2,1,48640,41,1552175425
5356,327509971,193556,327703527,0,9,0,174080,3,8356079842
5357,327522346,6754,327529100,0,3,1,7168,35,9701108671
5358,327551148,1518,327552666,0,7,1,1536,37,3187904701
5359,327551936,1042,327552978,0,4,1,1024,28,8678726310
5360,327560976,5971,327566947,0,6,1,14848,28,10063115630
5361,327574490,104468,327678958,0,8,0,43008,40,655105705
5362,327658932,320991,327979923,0,9,0,284672,3,10333114095
5363,327670230,14029,327684259,0,0,1,27136,2,6250844652
5364,327677447,3422,327680869,0,4,1,3584,28,10341512860
5365,327686033,116051,327802084,0,4,0,69120,28,8135629621
5366,327689637,277549,327967186,0,4,0,221696,28,1524894494
5367,327746599,24412,327771011,0,8,1,44032,40,9406801330
5368,327749013,23483,327772496,0,8,1,15360,40,6157072465
5369,327751501,41649,327793150,0,6,1,67584,28,4138305887
5370,327779194,2470,327781664,0,5,1,2560,48,2908563537
5371,327788583,18343,327806926,0,4,1,5120,28,5999826692
5372,327948481,134654,328083135,0,9,0,38912,3,9803376294
5373,327949134,19086,327968220,0,4,1,1024,28,3848810686
5374,327999022,30491,328029513,0,7,1,49152,37,3685220224
5375,328015128,6278,328021406,0,2,1,6656,41,9103372850
5376,328078030,7706,328085736,0,0,1,8192,2,6387191538
5377,328087654,1994,328089648,0,6,1,2048,28,8445673208
5378,328105338,12825,328118163,0,6,1,21504,28,1739025765
5379,328114531,11274,328125805,0,8,1,18432,40,6187062397
5380,328164500,12825,328177325,0,2,1,21504,41,8788406687
5381,328229812,115388,328345200,0,7,0,78848,37,5733355265
5382,328293841,13083,328306924,0,2,1,22016,41,3469106529
5383,328323444,5802,328329246,0,0,1,6144,2,8441252722
5384,328369694,56337,328426031,0,2,1,96256,41,7690782592
5385,328492480,566,328493046,0,7,1,512,37,3553085429
5386,328497729,6754,328504483,0,1,1,7168,37,2981760296
5387,328499885,5264,328505149,0,1,1,11264,37,8382285224
5388,328530369,15062,328545431,0,6,1,29184,28,10568449281
5389,328613837,99320,328713157,0,4,0,26112,28,5367415865
5390,328624075,12737,328636812,0,2,1,24576,41,9971763745
5391,328642977,4374,328647351,0,6,1,4608,28,4303567844
5392,328655623,2870,328658493,0,2,1,8704,41,1211021047
5393,328664944,21141,328686085,0,2,1,34304,41,9124994503
5394,328764160,99320,328863480,0,9,0,26112,3,8689155249
5395,328848372,101816,328950188,0,4,0,34304,28,5691629529
5396,328965665,3387,328969052,0,7,1,9728,37,10476368880
5397,329020756,14117,329034873,0,7,1,24064,37,2507170303
5398,329032334,2870,329035204,0,6,1,8704,28,8011154537
5399,329104461,25704,329130165,0,7,1,46592,37,1877038453
5400,329113751,107432,329221183,0,8,0,52736,40,1425215009
5401,329140315,14545,329154860,0,5,1,28160,48,8348826820
5402,329191667,23637,329215304,0,6,1,42496,28,4341050494
5403,329220319,5802,329226121,0,5,1,6144,48,7353621449
5404,329231835,23208,329255043,0,7,1,38400,37,9704177798
5405,329257013,378440,329635453,0,4,0,458240,28,30733083
5406,329356948,3422,329360370,0,2,1,3584,41,6809304148
5407,329375149,36346,329411495,0,2,1,64000,41,1658841673
5408,329440316,3387,329443703,0,5,1,9728,48,10278218887
5409,329478663,36346,329515009,0,5,1,64000,48,2088706201
5410,329509079,16613,329525692,0,5,1,32256,48,8011063368
5411,329554081,196052,329750133,0,8,0,182272,40,7681361407
5412,329750021,67460,329817481,0,4,0,12288,28,3280324081
5413,329799491,6278,329805769,0,6,1,6656,28,6336288648
5414,329831425,123656,329955081,0,7,0,105984,37,8824667263
5415,329831771,10499,329842270,0,6,1,16896,28,505257990
5416,329953111,125060,330078171,0,8,0,110592,40,1392931017
5417,330106618,42166,330148784,0,0,1,68608,2,5576165855
5418,330173598,3128,330176726,0,6,1,9216,28,900780230
5419,330196992,6754,330203746,0,5,1,7168,48,380270502
5420,330300537,12566,330313103,0,5,1,20992,48,5345774945
5421,330354310,5326,330359636,0,5,1,5632,48,4463244929
5422,330423165,118196,330541361,0,4,0,88064,28,1460902847
5423,330472419,97760,330570179,0,9,0,20992,3,4445999453
5424,330517918,5802,330523720,0,6,1,6144,28,2581606768
5425,330530856,3128,330533984,0,5,1,9216,48,10124538178
5426,330601055,4374,330605429,0,5,1,4608,48,4436197935
5427,330618203,5802,330624005,0,6,1,6144,28,3196739825
5428,330679193,393572,331072765,0,4,0,507904,28,2489525304
5429,330761338,4850,330766188,0,9,1,5120,3,5087879003
5430,330835157,10241,330845398,0,5,1,16384,48,4197172924
5431,330909268,4679,330913947,0,5,1,12288,48,5705812724
5432,330921719,1518,330923237,0,6,1,1536,28,3200784287
5433,330956158,100724,331056882,0,7,0,30720,37,9581202740
5434,330989946,121224,331111170,0,7,0,30208,37,2165568149
5435,331004468,3387,331007855,0,6,1,9728,28,4922767289
5436,331059815,24929,331084744,0,2,1,45056,41,5653265985
5437,331104191,13600,331117791,0,5,1,23040,48,6618128510
5438,331149791,77104,331226895,0,5,1,130048,48,2332575455
5439,331217495,106184,331323679,0,4,0,48640,28,1527534831
5440,331250647,43975,331294622,0,6,1,72192,28,10656042843
5441,331296195,15321,331311516,0,6,1,29696,28,9899731477
5442,331391694,3422,331395116,0,5,1,3584,48,9555946714
5443,331591997,128024,331720021,0,8,0,120320,40,3257663472
5444,331642135,118664,331760799,0,4,0,89600,28,1045254352
5445,331644007,16613,331660620,0,2,1,32256,41,7503191794
5446,331671442,127251,331798693,0,8,0,78848,40,9638800087
5447,331690224,33333,331723557,0,0,1,54784,2,10356050679
5448,331700748,100568,331801316,0,7,0,30208,37,3144429527
5449,331716841,12308,331729149,0,6,1,20480,28,2071838260
5450,331737575,122224,331859799,0,4,0,25088,28,8051116140
5451,331759250,1518,331760768,0,5,1,1536,48,7101101398
5452,331764324,5326,331769650,0,2,1,5632,41,1767342587
5453,331787470,105412,331892882,0,2,1,175104,41,8780385310
5454,331791651,375802,332167453,0,8,0,426496,40,8143934418
5455,331841954,566,331842520,0,6,1,512,28,5345868191
5456,332130646,1994,332132640,0,6,1,2048,28,6167903700
5457,332150137,141744,332291881,0,8,0,108544,40,8239677562
5458,332156750,93995,332250745,0,2,1,156160,41,1902619858
5459,332179868,102239,332282107,0,2,1,100864,41,5167070732
5460,332226298,63878,332290176,0,6,1,107520,28,8222559699
5461,332261816,29666,332291482,0,6,1,2048,28,2785429564
5462,332306921,21916,332328837,0,6,1,35840,28,5659014590
5463,332349195,125216,332474411,0,9,0,111104,3,5296253375
5464,332416128,22433,332438561,0,6,1,36864,28,4633169894
5465,332416839,61569,332478408,0,6,1,82432,28,6504529669
5466,332425407,110552,332535959,0,9,0,62976,3,3790050358
5467,332511390,5712,332517102,0,2,1,14336,41,8526234890
5468,332530649,114850,332645499,0,2,1,186880,41,2214369744
5469,332540875,166832,332707707,0,9,0,141824,3,760929637
5470,332600080,1518,332601598,0,5,1,1536,48,2199500545
5471,332616808,80528,332697336,0,7,0,14848,37,8272015270
5472,332657103,1042,332658145,0,5,1,1024,48,5495201613
5473,332800771,165008,332965779,0,4,0,145920,28,686278765
5474,332842696,31524,332874220,0,5,1,51200,48,986659698
5475,332870804,256076,333126880,0,9,0,273408,3,9330244807
5476,332952210,33333,332985543,0,3,1,54784,35,8418810717
5477,333002878,14029,333016907,0,2,1,27136,41,3679393102
5478,333064038,366070,333430108,0,9,0,372736,3,1958295179
5479,333154353,33503,333187856,0,2,1,58368,41,32795763
5480,333249295,5326,333254621,0,9,1,5632,3,7645829443
5481,333264035,119288,333383323,0,8,0,91648,40,5524818678
5482,333303215,94556,333397771,0,4,0,25600,28,7105463592
5483,333307676,192776,333500452,0,4,0,171520,28,9790835414
5484,333311681,85162,333396843,0,2,1,142336,41,951560993
5485,333372837,304267,333677104,0,4,0,290304,28,7524257660
5486,333420969,46212,333467181,0,1,1,79872,37,7375778524
5487,333492694,191601,333684295,0,4,0,23552,28,4887873960
5488,333584012,2946,333586958,0,1,1,3072,37,4851951548
5489,333610541,45179,333655720,0,2,1,77824,41,8842891300
5490,333649469,125662,333775131,0,2,1,207872,41,1247165267
5491,333653349,514504,334167853,0,2,0,240640,41,8392963906
5492,333667346,22174,333689520,0,5,1,36352,48,1570236904
5493,333707399,30491,333737890,0,1,1,49152,37,4012828301
5494,333725253,18334,333743587,0,1,1,18944,37,5190439433
5495,333771208,23378,333794586,0,2,1,41984,41,9522589474
5496,333772652,567122,334339774,0,2,0,38400,41,2944894576
5497,333782393,21658,333804051,0,1,1,35328,37,8835899133
5498,333840028,84380,333924408,0,4,0,17408,28,1837202024
5499,333841766,486293,334328059,0,2,0,397312,41,5242800015
5500,333903059,3645,333906704,0,1,1,10240,37,3809385159
5501,333909471,11016,333920487,0,0,1,17920,2,9119428977
5502,333918988,103688,334022676,0,4,0,40448,28,8057741867
5503,333941100,152910,334094010,0,4,0,46592,28,383777594
5504,333963364,7230,333970594,0,6,1,7680,28,7034823048
5505,333985930,22950,334008880,0,5,1,37888,48,3204251497
5506,333988357,20366,334008723,0,0,1,32768,2,6667366079
5507,334058390,11791,334070181,0,1,1,19456,37,7922289407
5508,334072771,20366,334093137,0,1,1,32768,37,6547612760
5509,334116784,370952,334487736,0,4,0,433664,28,10536081669
5510,334140479,4420,334144899,0,5,1,11776,48,9568651750
5511,334143309,44145,334187454,0,6,1,75776,28,9753634542
5512,334148997,45178,334194175,0,6,1,32256,28,6424254114
5513,334150760,5196,334155956,0,1,1,13312,37,5322558203
5514,334160305,4162,334164467,0,5,1,11264,48,992358703
5515,334226835,239551,334466386,0,2,0,115712,41,4902040613
5516,334243606,314023,334557629,0,2,1,357376,41,6963272670
5517,334292074,3422,334295496,0,6,1,3584,28,728966433
5518,334294426,280460,334574886,0,9,0,297984,3,2233866791
5519,334307726,424586,334732312,0,2,1,458752,41,10015702381
5520,334313437,103532,334416969,0,8,0,39936,40,6970356564
5521,334397801,24154,334421955,0,1,1,43520,37,9165010445
5522,334407028,22433,334429461,0,6,1,36864,28,10378810278
5523,334419575,15378,334434953,0,6,1,17920,28,10218142556
5524,334431847,303691,334735538,0,2,1,5120,41,8960506353
5525,334487601,131427,334619028,0,4,0,131072,28,1583737492
5526,334521063,159915,334680978,0,4,0,101376,28,7104991812
5527,334577567,4420,334581987,0,1,1,11776,37,1021933075
5528,334722890,108992,334831882,0,8,0,57856,40,820390248
5529,334747158,300113,335047271,0,2,1,491008,41,2448266515
5530,334759373,5326,334764699,0,5,1,5632,48,5096440122
5531,334767292,96980,334864272,0,9,0,18432,3,10014957531
5532,334784502,4420,334788922,0,8,1,11776,40,3233504721
5533,334814145,5802,334819947,0,5,1,6144,48,1999510323
5534,334846554,30491,334877045,0,1,1,49152,37,5138432747
5535,334913288,6488,334919776,0,1,1,15872,37,2977618253
5536,334957791,102752,335060543,0,9,0,37376,3,8947370411
5537,334991015,24242,335015257,0,5,1,40448,48,8495394774
5538,335027079,369860,335396939,0,4,0,430080,28,2378799417
5539,335109607,103376,335212983,0,8,0,39424,40,3087762641
5540,335150538,3422,335153960,0,5,1,3584,48,7519796446
5541,335203275,12825,335216100,0,6,1,21504,28,7373332179
5542,335227790,11791,335239581,0,0,1,19456,2,10296515149
5543,335241910,86984,335328894,0,2,0,15872,41,9901597410
5544,335278287,32558,335310845,0,5,1,53248,48,1839045356
5545,335336211,126020,335462231,0,4,0,10240,28,1666069459
5546,335387968,369860,335757828,0,7,0,430080,37,4864802594
5547,335470673,15062,335485735,0,1,1,29184,37,9957503199
5548,335490122,12566,335502688,0,1,1,20992,37,7299823661
5549,335516581,73160,335589741,0,9,0,15872,3,8040059022
5550,335672042,175160,335847202,0,2,0,148992,41,8874721603
5551,335698535,566,335699101,0,5,1,512,48,6068524868
5552,335758216,106808,335865024,0,8,0,50688,40,8614093813
5553,335783888,5326,335789214,0,5,1,5632,48,10520166202
5554,335786620,97916,335884536,0,2,0,21504,41,2615772149
5555,335811619,216800,336028419,0,7,0,250368,37,9817025475
5556,336201585,84216,336285801,0,2,1,137216,41,2977419266
5557,336209216,5454,336214670,0,6,1,13824,28,9735505321
5558,336209801,113314,336323115,0,2,1,121344,41,8512623657
5559,336287856,106808,336394664,0,4,0,50688,28,7423930807
5560,336398754,408475,336807229,0,2,1,662016,41,6040525474
5561,336431740,417629,336849369,0,2,0,95232,41,2012484707
5562,336464124,385260,336849384,0,2,1,130560,41,8191287890
5563,336480367,7230,336487597,0,1,1,7680,37,4993348303
5564,336485604,217736,336703340,0,9,0,253440,3,8390708897
5565,336531461,229599,336761060,0,9,0,133120,3,2524089405
5566,336588098,529784,337117882,0,2,1,773120,41,2426755012
5567,336658275,5326,336663601,0,6,1,5632,28,10303899869
5568,336769150,257348,337026498,0,4,0,282624,28,9802504712
5569,336804704,385772,337190476,0,9,0,482304,3,7623244425
5570,336829235,315490,337144725,0,2,1,87552,41,9087999657
5571,336866044,432244,337298288,0,2,0,19968,41,3364752778
5572,336890690,289976,337180666,0,8,0,329216,40,2181056141
5573,336979374,177168,337156542,0,4,0,126976,28,8090971501
5574,337000954,23725,337024679,0,6,1,39424,28,3965363384
5575,337065936,241168,337307104,0,9,0,82944,3,7447223381
5576,337085697,261252,337346949,0,2,0,67584,41,3523443902
5577,337145990,338810,337484800,0,2,0,129536,41,10611685749
5578,337178135,43716,337221851,0,1,1,71680,37,4361219772
5579,337227484,154518,337382002,0,9,0,95744,3,203327994
5580,337267357,2870,337270227,0,1,1,8704,37,2249106303
5581,337329263,297615,337626878,0,2,0,91136,41,4511664689
5582,337332592,257792,337590384,0,4,0,279040,28,3552155667
5583,337357031,12566,337369597,0,1,1,20992,37,305708294
5584,337390460,215539,337605999,0,4,0,51200,28,2560920785
5585,337391405,25704,337417109,0,6,1,46592,28,4188336333
5586,337404030,122564,337526594,0,7,0,102400,37,1284407418
5587,337404282,107744,337512026,0,8,0,53760,40,8565182759
5588,337405608,195272,337600880,0,9,0,179712,3,810137967
5589,337413696,4937,337418633,0,1,1,12800,37,7253131225
5590,337432085,5712,337437797,0,6,1,14336,28,7389134751
5591,337582438,207128,337789566,0,7,0,218624,37,3240971452
5592,337626467,11016,337637483,0,6,1,17920,28,9690536269
5593,337635173,22174,337657347,0,9,1,36352,3,4442116342
5594,337880926,21658,337902584,0,6,1,35328,28,1803900395
5595,337919319,48980,337968299,0,9,0,2048,3,8976120386
5596,338070210,2946,338073156,0,6,1,3072,28,4539722228
5597,338098365,71912,338170277,0,2,0,11776,41,9265839563
5598,338098429,209780,338308209,0,4,0,227328,28,9543333854
5599,338121851,127400,338249251,0,8,0,118272,40,10588839092
5600,338244824,88832,338333656,0,7,0,16896,37,9930351862
5601,338302570,100568,338403138,0,2,0,30208,41,5754817097
5602,338447233,70976,338518209,0,2,0,8704,41,9228343300
5603,338497027,153296,338650323,0,4,0,137728,28,8952370574
5604,338538039,123500,338661539,0,8,0,105472,40,5251198638
5605,338600257,158396,338758653,0,7,0,144384,37,7283521330
5606,338628656,109683,338738339,0,8,0,57856,40,560539636
5607,338640381,167594,338807975,0,8,0,22016,40,9439934243
5608,338813781,91904,338905685,0,8,0,16896,40,5373897089
5609,338853758,126932,338980690,0,9,0,116736,3,5370724475
5610,338921128,307604,339228732,0,7,0,387072,37,3713173055
5611,338924285,508718,339433003,0,4,0,652800,28,4372769706
5612,339013440,3422,339016862,0,6,1,3584,28,645908380
5613,339048471,211184,339259655,0,9,0,231936,3,9689140242
5614,339117024,356398,339473422,0,4,0,132608,28,3534493030
5615,339197461,344772,339542233,0,4,0,225792,28,9484944494
5616,339231238,14545,339245783,0,6,1,28160,28,2795501371
5617,339365293,1042,339366335,0,6,1,1024,28,9405074384
5618,339394129,88256,339482385,0,0,0,25088,2,5678877798
5619,339484133,126932,339611065,0,9,0,116736,3,2551010239
5620,339531013,116948,339647961,0,8,0,83968,40,8414219645
5621,339533807,270649,339804456,0,2,0,199680,41,5267531557
5622,339553420,375873,339929293,0,2,0,286208,41,10603275351
5623,339651908,12049,339663957,0,6,1,19968,28,2814625606
5624,339798273,14545,339812818,0,5,1,28160,48,9879809386
5625,339833206,282020,340115226,0,9,0,303104,3,2831818478
5626,339899424,104936,340004360,0,0,0,44544,2,10446348520
5627,339900438,133783,340034221,0,2,0,44544,41,4038137990
5628,339942008,45596,339987604,0,8,0,1024,40,7508026060
5629,339943199,34279,339977478,0,6,1,59904,28,7094281720
5630,339993253,320419,340313672,0,0,0,392704,2,9044721178
5631,340016065,204164,340220229,0,7,0,208896,37,4100317533
5632,340119071,96980,340216051,0,9,0,18432,3,4235107101
5633,340125826,478010,340603836,0,2,0,557056,41,7497854584
5634,340171612,158225,340329837,0,7,0,59904,37,4850142361
5635,340334218,104780,340438998,0,7,0,44032,37,4980837623
5636,340404860,6278,340411138,0,6,1,6656,28,5357494896
5637,340416768,81128,340497896,0,9,0,11776,3,4807899301
5638,340492183,11274,340503457,0,6,1,18432,28,2674053719
5639,340598789,109663,340708452,0,2,0,43520,41,9211217980
5640,340796708,15837,340812545,0,6,1,30720,28,5885992812
5641,340838096,34537,340872633,0,4,1,60416,28,4143016200
5642,340846570,21399,340867969,0,6,1,34816,28,1550403488
5643,340909762,2470,340912232,0,6,1,2560,28,4115731184
5644,340951446,119288,341070734,0,8,0,91648,40,5782677927
5645,341016534,113360,341129894,0,6,0,72192,28,7864928584
5646,341017291,55748,341073039,0,9,0,4096,3,4147975072
5647,341114812,22950,341137762,0,9,1,37888,3,2788309415
5648,341160132,752617,341912749,0,9,0,418304,3,781519355
5649,341180052,605230,341785282,0,9,0,583168,3,1423933544
5650,341272296,146528,341418824,0,7,0,135680,37,3665364276
5651,341315558,21399,341336957,0,1,1,34816,37,3623086538
5652,341374753,124147,341498900,0,7,0,98816,37,3573256340
5653,341392519,125528,341518047,0,8,0,112128,40,5069588088
5654,341398042,3422,341401464,0,6,1,3584,28,3120344881
5655,341410497,566,341411063,0,6,1,512,28,4602506217
5656,341608334,31266,341639600,0,1,1,50688,37,5531120445
5657,341624368,6488,341630856,0,6,1,15872,28,6568076400
5658,341770177,109928,341880105,0,3,0,60928,35,4530336411
5659,341815025,203276,342018301,0,9,0,46592,3,9592697062
5660,341908498,151760,342060258,0,2,0,137728,41,5581428338
5661,341909008,6754,341915762,0,5,1,7168,48,1368875341
5662,342042903,1994,342044897,0,6,1,2048,28,6271069133
5663,342055152,352556,342407708,0,7,0,408576,37,359314171
5664,342060119,10241,342070360,0,1,1,16384,37,4461811915
5665,342098165,190592,342288757,0,0,0,164352,2,9380175734
5666,342152658,180883,342333541,0,0,0,36864,2,9159759766
5667,342238619,112736,342351355,0,2,0,70144,41,2056660884
5668,342333166,200888,342534054,0,8,0,198144,40,10651281478
5669,342374454,103376,342477830,0,0,0,39424,2,1330770830
5670,342429340,1518,342430858,0,6,1,1536,28,2067146816
5671,342606068,50672,342656740,0,9,0,2560,3,6746410380
5672,342661226,116480,342777706,0,2,0,82432,41,7432660754
5673,342707547,11016,342718563,0,6,1,17920,28,1275756515
5674,342863947,13512,342877459,0,6,1,26112,28,842310086
5675,342871668,290132,343161800,0,0,0,329728,2,3235084083
5676,342953968,104000,343057968,0,2,0,41472,41,1422827061
5677,343136473,7706,343144179,0,6,1,8192,28,8589258298
5678,343216963,179612,343396575,0,8,0,148480,40,4291711320
5679,343276714,770702,344047416,0,2,0,1033728,41,2827602154
5680,343369427,22950,343392377,0,1,1,37888,37,8291793790
5681,343384429,2470,343386899,0,6,1,2560,28,4305003028
5682,343478086,5196,343483282,0,6,1,13312,28,10245034315
5683,343525928,105092,343631020,0,8,0,45056,40,7680538996
5684,343756725,3387,343760112,0,1,1,9728,37,3334594270
5685,343810919,291068,344101987,0,8,0,332800,40,4415087427
5686,343857074,5971,343863045,0,1,1,14848,37,7904203809
5687,344057181,109148,344166329,0,0,0,58368,2,3493594121
5688,344102956,4937,344107893,0,7,1,12800,37,4498424522
5689,344136200,129116,344265316,0,4,0,123904,28,9107793918
5690,344213799,2470,344216269,0,6,1,2560,28,9298234976
5691,344223362,190436,344413798,0,2,0,163840,41,685391937
5692,344231924,4374,344236298,0,1,1,4608,37,3514357584
5693,344275693,208064,344483757,0,8,0,221696,40,5855569132
5694,344362716,121680,344484396,0,8,0,2048,40,8652567185
5695,344662903,130208,344793111,0,0,0,127488,2,10521285795
5696,344957645,11274,344968919,0,7,1,18432,37,4434634264
5697,345030700,86984,345117684,0,9,0,15872,3,3422735514
5698,345061715,289196,345350911,0,0,0,326656,2,9556433112
5699,345069505,566,345070071,0,6,1,512,28,6962381508
5700,345207869,45596,345253465,0,8,0,1024,40,6068693396
5701,345267584,30491,345298075,0,6,1,49152,28,8149164465
5702,345331632,43904,345375536,0,8,0,512,40,4484679088
5703,345512049,4937,345516986,0,6,1,12800,28,4912871763
5704,345625348,96092,345721440,0,0,0,25600,2,3866056043
5705,345625848,169422,345795270,0,0,0,39936,2,2038639986
5706,345742226,149338,345891564,0,0,0,128000,2,3305443633
5707,345826063,566,345826629,0,5,1,512,48,1743368564
5708,346082418,16613,346099031,0,6,1,32256,28,4371662464
5709,346207150,117572,346324722,0,2,0,86016,41,8175341541
5710,346216426,96248,346312674,0,0,0,26112,2,6976493128
5711,346333648,41649,346375297,0,4,1,67584,28,7067817036
5712,346454217,52364,346506581,0,8,0,3072,40,9910405738
5713,346549836,16096,346565932,0,4,1,31232,28,4119079303
5714,346557775,180860,346738635,0,9,0,152576,3,9811989038
5715,346615816,45437,346661253,0,0,1,78336,2,8600445154
5716,346643192,18727,346661919,0,0,1,1024,2,5013498947
5717,346930939,5971,346936910,0,4,1,14848,28,10318865226
5718,347046532,15579,347062111,0,0,1,30208,2,2650909836
5719,347112183,21916,347134099,0,4,1,35840,28,7507580967
5720,347123135,468434,347591569,0,2,0,545792,41,10278007469
5721,347132178,182240,347314418,0,9,0,152064,3,2597027842
5722,347134216,15837,347150053,0,1,1,30720,37,2981541339
5723,347187233,5971,347193204,0,9,1,14848,3,5186261296
5724,347188598,10499,347199097,0,1,1,16896,37,6140436511
5725,347253132,613214,347866346,0,0,0,794112,2,162456410
5726,347263012,3645,347266657,0,0,1,10240,2,8612418528
5727,347330876,566,347331442,0,0,1,512,2,7842585581
5728,347369832,4420,347374252,0,3,1,11776,35,10440259906
5729,347429414,47288,347476702,0,8,0,1536,40,4806748419
5730,347448012,48980,347496992,0,8,0,2048,40,6543788573
5731,347625404,539632,348165036,0,0,0,276992,2,6485089786
5732,347732236,7706,347739942,0,4,1,8192,28,8141375157
5733,347742551,136849,347879400,0,0,1,25088,2,3484235521
5734,347773084,495131,348268215,0,0,0,34304,2,3453316227
5735,347815557,382262,348197819,0,0,0,107520,2,5684962704
5736,347887949,7230,347895179,0,9,1,7680,3,6406639678
5737,347905708,101660,348007368,0,2,0,33792,41,2165827610
5738,347998437,259311,348257748,0,0,0,150528,2,8171694261
5739,348033027,14117,348047144,0,0,1,24064,2,9785661545
5740,348083425,64364,348147789,0,9,0,7168,3,2747170430
5741,348102979,100511,348203490,0,0,1,14336,2,6464069119
5742,348166732,43904,348210636,0,8,0,512,40,9149465008
5743,348269475,31266,348300741,0,0,1,50688,2,10291351579
5744,348397638,122252,348519890,0,9,0,101376,3,4858851848
5745,348557438,43628,348601066,0,4,1,74752,28,6054552084
5746,348834431,34367,348868798,0,0,1,56832,2,2502829724
5747,348861092,377660,349238752,0,2,0,455680,41,1210364607
5748,348988558,268617,349257175,0,2,0,60416,41,2993587630
5749,349031118,112424,349143542,0,0,0,69120,2,1994518251
5750,349053750,479003,349532753,0,2,1,779264,41,5243137763
5751,349054701,176243,349230944,0,0,0,128000,2,771977121
5752,349092331,579619,349671950,0,2,0,40960,41,7264401732
5753,349108238,200017,349308255,0,0,0,21504,2,2284451397
5754,349112060,31497,349143557,0,0,1,39936,2,624379443
5755,349120300,67592,349187892,0,9,0,7680,3,21115809
5756,349126411,54056,349180467,0,8,0,3584,40,3217927147
5757,349139628,486801,349626429,0,2,0,216064,41,8499589714
5758,349232713,3898,349236611,0,4,1,4096,28,9615434870
5759,349411673,492389,349904062,0,2,0,226304,41,10656377173
5760,349472033,455003,349927036,0,2,0,73728,41,406942103
5761,349548554,23120,349571674,0,0,1,41472,2,3549044415
5762,349566536,11016,349577552,0,0,1,17920,2,9276981299
5763,349734484,5802,349740286,0,4,1,6144,28,6970057836
5764,349879044,3422,349882466,0,0,1,3584,2,10357309209
5765,349894286,14029,349908315,0,4,1,27136,28,3181308420
5766,349974665,113320,350087985,0,0,0,62976,2,6240250148
5767,350011292,112736,350124028,0,2,0,70144,41,6197585312
5768,350053304,3904,350057208,0,0,1,10752,2,3264385158
5769,350067702,193678,350261380,0,2,0,160768,41,3594793549
5770,350091308,1994,350093302,0,0,1,2048,2,2453400130
5771,350224372,101660,350326032,0,0,0,33792,2,2439407923
5772,350398145,96092,350494237,0,9,0,25600,3,2717977035
5773,350439093,45596,350484689,0,8,0,1024,40,4491891970
5774,350543911,110084,350653995,0,9,0,61440,3,7086773902
5775,350563196,107276,350670472,0,2,0,52224,41,661833222
5776,350588714,50828,350639542,0,8,0,3072,40,2670732218
5777,350772866,6278,350779144,0,4,1,6656,28,339255216
5778,351088263,125060,351213323,0,2,0,110592,41,4916090087
5779,351117768,122720,351240488,0,0,0,102912,2,753311054
5780,351140710,120436,351261146,0,0,0,13312,2,4380103053
5781,351157925,103688,351261613,0,9,0,40448,3,9782899626
5782,351432381,10241,351442622,0,6,1,16384,28,2234154050
5783,351468302,194024,351662326,0,9,0,175616,3,2273539434
5784,351506326,23895,351530221,0,1,1,43008,37,10439844386
5785,351531812,2470,351534282,0,1,1,2560,37,8976328934
5786,351562540,1042,351563582,0,6,1,1024,28,1010890425
5787,351636830,96620,351733450,0,9,0,9216,3,10161496218
5788,351643924,196520,351840444,0,2,0,183808,41,1849893155
5789,351647557,45596,351693153,0,8,0,1024,40,9826193244
5790,351659246,3422,351662668,0,1,1,3584,37,6649269136
5791,351714225,378075,352092300,0,2,0,388096,41,2940598400
5792,351783361,14804,351798165,0,4,1,28672,28,2840697180
5793,351926891,217580,352144471,0,0,0,252928,2,4632023718
5794,352009171,6278,352015449,0,1,1,6656,37,2468036310
5795,352054819,65456,352120275,0,8,0,10752,40,7894734768
5796,352129777,32299,352162076,0,4,1,52736,28,6330576585
5797,352217804,103688,352321492,0,9,0,40448,3,8415109920
5798,352242101,1042,352243143,0,6,1,1024,28,6777973173
5799,352461541,128024,352589565,0,0,0,120320,2,7112020744
5800,352497196,10757,352507953,0,4,1,17408,28,7464685305
5801,352559334,83312,352642646,0,9,0,18944,3,1081870345
5802,352576511,197612,352774123,0,6,0,187392,28,2319932854
5803,352622818,10499,352633317,0,1,1,16896,37,1909811643
5804,352656545,12995,352669540,0,4,1,25088,28,8826905834
5805,352768001,2470,352770471,0,4,1,2560,28,9527265571
5806,352777262,5196,352782458,0,1,1,13312,37,10476411293
5807,352854222,5454,352859676,0,1,1,13824,37,10307167447
5808,352934548,58532,352993080,0,8,0,8192,40,2951695542
5809,352941560,111644,353053204,0,2,0,66560,41,5706538042
5810,353047244,58784,353106028,0,2,0,4608,41,7850246554
5811,353051227,118508,353169735,0,0,0,89088,2,9507128664
5812,353079740,3422,353083162,0,4,1,3584,28,1668792507
5813,353102684,12566,353115250,0,6,1,20992,28,7651775937
5814,353119701,187472,353307173,0,0,0,154112,2,6920157683
5815,353150156,12308,353162464,0,6,1,20480,28,10151759195
5816,353303142,4374,353307516,0,6,1,4608,28,7049600874
5817,353338597,175083,353513680,0,2,1,284160,41,8244069909
5818,353519537,121160,353640697,0,0,0,97792,2,2164337706
5819,353535467,113498,353648965,0,2,0,37888,41,5605942155
5820,353592887,11533,353604420,0,6,1,18944,28,1323061459
5821,353630601,54270,353684871,0,2,1,92160,41,8866778707
5822,353668156,130364,353798520,0,0,0,128000,2,7938394225
5823,353873457,43904,353917361,0,2,0,512,41,3975745333
5824,353927119,4162,353931281,0,6,1,11264,28,1522181256
5825,353945696,126464,354072160,0,0,0,115200,2,3308834128
5826,354037161,4162,354041323,0,1,1,11264,37,5920967611
5827,354078738,4679,354083417,0,1,1,12288,37,9277398790
5828,354111496,23120,354134616,0,6,1,41472,28,3830386224
5829,354171872,16613,354188485,0,1,1,32256,37,7540007802
5830,354401015,60824,354461839,0,8,0,5632,40,9595182765
5831,354438912,30491,354469403,0,6,1,49152,28,8993827633
5832,354523189,4374,354527563,0,1,1,4608,37,4679282155
5833,354692514,52364,354744878,0,8,0,3072,40,9621587240
5834,354720986,46650,354767636,0,8,0,1024,40,8565662501
5835,355059207,45596,355104803,0,8,0,1024,40,9775161432
5836,355076168,124280,355200448,0,0,0,108032,2,8691315301
5837,355219389,566,355219955,0,9,1,512,3,8846333305
5838,355242734,13600,355256334,0,6,1,23040,28,2537161318
5839,355245558,11647,355257205,0,6,1,12288,28,1321482144
5840,355250944,53325,355304269,0,9,1,87040,3,7730212268
5841,355309674,106340,355416014,0,0,0,49152,2,3157041940
5842,355328588,24154,355352742,0,2,1,43520,41,10723135514
5843,355437986,104312,355542298,0,0,0,42496,2,6632492731
5844,355509524,209780,355719304,0,9,0,227328,3,1316326732
5845,355556068,4420,355560488,0,6,1,11776,28,7888690242
5846,355636554,21141,355657695,0,1,1,34304,37,7922236230
5847,355663899,154988,355818887,0,0,0,138240,2,5656652904
5848,355681039,63878,355744917,0,2,1,107520,41,2584853617
5849,355738571,4162,355742733,0,4,1,11264,28,3149827838
5850,355780814,51318,355832132,0,0,1,25600,2,6381983111
5851,355789748,10241,355799989,0,1,1,16384,37,3668198039
5852,355818974,22299,355841273,0,0,1,28160,2,5683583622
5853,355842752,4420,355847172,0,1,1,11776,37,2332832987
5854,355845295,6229,355851524,0,6,1,15360,28,9204412542
5855,355846798,83032,355929830,0,0,0,9216,2,5278870251
5856,355895375,119517,356014892,0,0,0,60416,2,6523317427
5857,355969075,189500,356158575,0,0,0,160768,2,4089905649
5858,355997291,125996,356123287,0,9,0,113664,3,8627566847
5859,356063371,4420,356067791,0,1,1,11776,37,2355742524
5860,356209696,23466,356233162,0,1,1,38912,37,6232162853
5861,356304961,107120,356412081,0,0,0,51712,2,1899211531
5862,356322646,54056,356376702,0,2,0,3584,41,530655477
5863,356349561,4162,356353723,0,9,1,11264,3,8674492141
5864,356412166,195762,356607928,0,2,1,321024,41,10175387751
5865,356423097,50999,356474096,0,1,1,82432,37,5102698424
5866,356526702,5196,356531898,0,1,1,13312,37,2512068164
5867,356625622,3422,356629044,0,0,1,3584,2,8185416973
5868,356627557,12759,356640316,0,9,1,24576,3,5561728240
5869,356627570,17892,356645462,0,9,1,8192,3,7340761998
5870,356630386,54787,356685173,0,0,1,93184,2,8850858747
5871,356653469,48076,356701545,0,0,1,53760,2,6302906226
5872,356783076,703567,357486643,0,0,0,820224,2,2168808108
5873,357036032,32299,357068331,0,1,1,52736,37,4299039927
5874,357040420,7706,357048126,0,0,1,8192,2,10189813955
5875,357090155,50672,357140827,0,8,0,2560,40,8118393583
5876,357095839,13600,357109439,0,1,1,23040,37,8569496910
5877,357186845,45596,357232441,0,8,0,1024,40,8162410585
5878,357245756,376520,357622276,0,0,0,116224,2,1750551131
5879,357402183,14287,357416470,0,9,1,27648,3,5297574106
5880,357424986,64561,357489547,0,0,1,8704,2,5695887105
5881,357455942,33953,357489895,0,0,1,512,2,4486023285
5882,357498369,6278,357504647,0,9,1,6656,3,2452952861
5883,357534188,6278,357540466,0,9,1,6656,3,426029164
5884,357537709,13253,357550962,0,1,1,25600,37,8179520498
5885,357560089,69284,357629373,0,2,0,8192,41,7343666252
5886,357574648,5326,357579974,0,9,1,5632,3,6084510074
5887,357584394,25962,357610356,0,9,1,47104,3,2599859313
5888,357620689,55748,357676437,0,8,0,4096,40,677433187
5889,357694317,24242,357718559,0,0,1,40448,2,5267197979
5890,357874907,7230,357882137,0,9,1,7680,3,1392347983
5891,358055598,85448,358141046,0,9,0,15872,3,4760709336
5892,358060448,14117,358074565,0,9,1,24064,3,1627289139
5893,358066168,74360,358140528,0,2,0,9728,41,3706671682
5894,358199149,294500,358493649,0,9,0,344064,3,2070650555
5895,358289370,62674,358352044,0,9,1,101888,3,8805242116
5896,358416191,190030,358606221,0,9,0,69632,3,10273215769
5897,358605018,183303,358788321,0,9,0,156672,3,963819050
5898,358607948,52988,358660936,0,2,0,5120,41,8896850166
5899,358692826,140309,358833135,0,9,0,75776,3,6131898427
5900,358695908,10499,358706407,0,0,1,16896,2,6934370847
5901,358871420,103376,358974796,0,0,0,39424,2,10439493540
5902,359002692,15837,359018529,0,5,1,30720,48,4540816549
5903,359027835,1518,359029353,0,5,1,1536,48,7040260900
5904,359071160,11791,359082951,0,5,1,19456,48,854040900
5905,359129688,34108,359163796,0,1,1,56320,37,1139661972
5906,359147679,13770,359161449,0,0,1,26624,2,9301091767
5907,359161132,137020,359298152,0,0,0,19968,2,2086499522
5908,359328730,280148,359608878,0,0,0,296960,2,1137612449
5909,359338862,12308,359351170,0,0,1,20480,2,8125192871
5910,359347896,14117,359362013,0,7,1,24064,37,6726445475
5911,359454341,331502,359785843,0,0,0,218624,2,7934337342
5912,359557583,2470,359560053,0,1,1,2560,37,1571963008
5913,359583774,35853,359619627,0,0,1,17408,2,7433025986
5914,359601624,24242,359625866,0,5,1,40448,48,2153607847
5915,359616113,12019,359628132,0,5,1,3584,48,973812643
5916,359676415,6278,359682693,0,7,1,6656,37,9786048577
5917,359694934,3645,359698579,0,0,1,10240,2,10540460666
5918,359695704,7336,359703040,0,0,1,12800,2,8232106375
5919,359701838,112112,359813950,0,4,0,68096,28,1862617459
5920,359768920,54056,359822976,0,8,0,3584,40,3485590789
5921,359847051,67592,359914643,0,2,0,7680,41,6424955399
5922,359920527,5326,359925853,0,9,1,5632,3,8850487162
5923,359972867,1994,359974861,0,7,1,2048,37,7642162862
5924,360068209,23120,360091329,0,6,1,41472,28,8189330593
5925,360150341,3422,360153763,0,9,1,3584,3,5576828472
5926,360214457,5326,360219783,0,9,1,5632,3,7811345756
5927,360296630,20882,360317512,0,5,1,33792,48,6052944997
5928,360391110,11016,360402126,0,7,1,17920,37,758117986
5929,360438099,13341,360451440,0,0,1,22528,2,2625275486
5930,360467469,14029,360481498,0,1,1,27136,37,5018210439
5931,360618907,122564,360741471,0,9,0,102400,3,2839044070
5932,360650667,6229,360656896,0,9,1,15360,3,4259307066
5933,360692035,5454,360697489,0,9,1,13824,3,2142272436
5934,360697884,54056,360751940,0,2,0,3584,41,1602850722
5935,360771225,3645,360774870,0,6,1,10240,28,3580412811
5936,360786353,3904,360790257,0,1,1,10752,37,7194173939
5937,360800152,3422,360803574,0,6,1,3584,28,6633905553
5938,360800156,25446,360825602,0,9,1,46080,3,9002805942
5939,360829241,16096,360845337,0,1,1,31232,37,8296497257
5940,360874692,43904,360918596,0,8,0,512,40,3794217843
5941,360982054,48980,361031034,0,2,0,2048,41,8374413781
5942,360984156,4162,360988318,0,7,1,11264,37,2924264679
5943,361024725,4937,361029662,0,7,1,12800,37,7809986044
5944,361086975,3128,361090103,0,6,1,9216,28,6348880819
5945,361225595,6229,361231824,0,9,1,15360,3,7338295489
5946,361272310,12566,361284876,0,6,1,20992,28,5905085430
5947,361285863,16354,361302217,0,1,1,31744,37,4164301094
5948,361325264,55748,361381012,0,2,0,4096,41,9623705692
5949,361325762,5326,361331088,0,7,1,5632,37,1486904820
5950,361401680,5196,361406876,0,0,1,13312,2,4881577103
5951,361417518,2870,361420388,0,0,1,8704,2,1830783739
5952,361470482,53325,361523807,0,8,1,87040,40,2424326414
5953,361472942,235394,361708336,0,0,0,244736,2,6711995534
5954,361475589,5196,361480785,0,9,1,13312,3,3770542029
5955,361513388,15565,361528953,0,8,1,8192,40,686186319
5956,361585133,45596,361630729,0,2,0,1024,41,7807379487
5957,361586275,3387,361589662,0,0,1,9728,2,395313332
5958,361774474,121784,361896258,0,9,0,99840,3,3533739071
5959,361803419,69284,361872703,0,0,0,8192,2,5629498912
5960,361817573,56216,361873789,0,8,0,5632,40,4318785750
5961,361845860,25187,361871047,0,7,1,45568,37,3281239189
5962,361847823,4679,361852502,0,1,1,12288,37,3510508325
5963,361851358,6229,361857587,0,0,1,15360,2,10682560965
5964,361852529,1994,361854523,0,9,1,2048,3,1141341908
5965,361925245,47756,361973001,0,2,0,3072,41,5838273435
5966,361930620,41649,361972269,0,0,1,67584,2,261959618
5967,361962771,1042,361963813,0,5,1,1024,48,5036050199
5968,362000034,2470,362002504,0,1,1,2560,37,7405109760
5969,362135748,4850,362140598,0,0,1,5120,2,10287733031
5970,362158456,10241,362168697,0,9,1,16384,3,7104870911
5971,362163370,3904,362167274,0,5,1,10752,48,6731689563
5972,362175312,14287,362189599,0,5,1,27648,48,2626096051
5973,362268436,1042,362269478,0,7,1,1024,37,9681327351
5974,362283038,45596,362328634,0,9,0,1024,3,7383178609
5975,362297869,52033,362349902,0,7,1,84480,37,2367450147
5976,362332281,4420,362336701,0,5,1,11776,48,6301535401
5977,362382816,153541,362536357,0,2,1,248832,41,9917560076
5978,362424535,25187,362449722,0,0,1,45568,2,1888557823
5979,362446195,14287,362460482,0,0,1,27648,2,8140639180
5980,362457433,26738,362484171,0,1,1,48640,37,8334481422
5981,362471474,13512,362484986,0,9,1,26112,3,9357683422
5982,362488146,33333,362521479,0,5,1,54784,48,2564814038
5983,362557136,196143,362753279,0,9,0,118272,3,2549118928
5984,362576885,125819,362702704,0,0,0,76800,2,4278344987
5985,362637538,16354,362653892,0,9,1,31744,3,9506461009
5986,362672964,282196,362955160,0,9,0,101376,3,5796271988
5987,362717387,104936,362822323,0,0,0,44544,2,8245395788
5988,362809750,3645,362813395,0,7,1,10240,37,5603078001
5989,362851240,183210,363034450,0,9,0,133632,3,5122758322
5990,362956303,1042,362957345,0,5,1,1024,48,9983390968
5991,362972349,190280,363162629,0,0,0,163328,2,2977606125
5992,362991096,49448,363040544,0,2,0,3584,41,2579331739
5993,363031437,13341,363044778,0,1,1,22528,37,4625646034
5994,363073139,106184,363179323,0,9,0,48640,3,5000314192
5995,363188789,23725,363212514,0,1,1,39424,37,3004143854
5996,363242102,22691,363264793,0,5,1,37376,48,3307080696
5997,363332290,11274,363343564,0,5,1,18432,48,7641640145
5998,363347424,14545,363361969,0,5,1,28160,48,2989708653
5999,363356298,1518,363357816,0,7,1,1536,37,579751673
6000,363431435,217580,363649015,0,0,0,252928,2,85591400
6001,363461536,7706,363469242,0,9,1,8192,3,5223758757
6002,363529821,12566,363542387,0,0,1,20992,2,8906971814
6003,363534308,15837,363550145,0,5,1,30720,48,4109925747
6004,363554304,3645,363557949,0,9,1,10240,3,7977763092
6005,363561612,10241,363571853,0,7,1,16384,37,5186199361
6006,363584439,15321,363599760,0,5,1,29696,48,6205355658
6007,363621833,14804,363636637,0,9,1,28672,3,1856214152
6008,363629419,219161,363848580,0,0,0,167936,2,9018014160
6009,363637592,23895,363661487,0,5,1,43008,48,8257263735
6010,363640411,23166,363663577,0,0,1,28160,2,3431748688
6011,363692867,14545,363707412,0,7,1,28160,37,7867679644
6012,363743730,110708,363854438,0,9,0,63488,3,8519271730
6013,363768898,12995,363781893,0,1,1,25088,37,8266447211
6014,363797786,5971,363803757,0,7,1,14848,37,9382050941
6015,363810750,2946,363813696,0,1,1,3072,37,1047101070
6016,363888074,10241,363898315,0,9,1,16384,3,10081016079
6017,364028585,2470,364031055,0,5,1,2560,48,3248977066
6018,364054870,71624,364126494,0,0,0,15872,2,9559906220
6019,364070630,103688,364174318,0,9,0,40448,3,2973318845
6020,364074011,43904,364117915,0,8,0,512,40,4202902357
6021,364088154,34367,364122521,0,9,1,56832,3,7562062665
6022,364088484,5712,364094196,0,5,1,14336,48,2470589736
6023,364104824,303704,364408528,0,0,0,374272,2,1712865762
6024,364105357,33075,364138432,0,7,1,54272,37,8527871355
6025,364111392,12435,364123827,0,9,1,2048,3,9927907569
6026,364127783,3904,364131687,0,0,1,10752,2,1474085201
6027,364182948,47288,364230236,0,8,0,1536,40,9635148871
6028,364194503,3645,364198148,0,5,1,10240,48,8459791883
6029,364223870,96668,364320538,0,8,0,17408,40,880545406
6030,364261888,10499,364272387,0,0,1,16896,2,2313944352
6031,364309720,43904,364353624,0,8,0,512,40,10660726917
6032,364388973,505357,364894330,0,0,0,582656,2,2670210658
6033,364418804,48980,364467784,0,8,0,2048,40,5509635150
6034,364439001,13341,364452342,0,1,1,22528,37,3124287846
6035,364453824,108056,364561880,0,9,0,54784,3,9350857812
6036,364518360,6754,364525114,0,9,1,7168,3,4555902304
6037,364533858,5196,364539054,0,5,1,13312,48,2411581499
6038,364540382,7706,364548088,0,0,1,8192,2,9924271282
6039,364545648,106184,364651832,0,4,0,48640,28,6608208558
6040,364569633,1518,364571151,0,5,1,1536,48,6163509933
6041,364582261,2870,364585131,0,7,1,8704,37,454876226
6042,364615047,12049,364627096,0,5,1,19968,48,4678500526
6043,364618000,13858,364631858,0,1,1,23552,37,6852599494
6044,364620915,7167,364628082,0,5,1,1536,48,3821124737
6045,364647958,255911,364903869,0,0,0,31232,2,8074030588
6046,364680453,4162,364684615,0,5,1,11264,48,2054951373
6047,364697557,4850,364702407,0,1,1,5120,37,6539565235
6048,364721400,1042,364722442,0,9,1,1024,3,7397306580
6049,364765773,152342,364918115,0,0,1,27648,2,1014576961
6050,365002249,6229,365008478,0,1,1,15360,37,7327523000
6051,365016878,52364,365069242,0,8,0,3072,40,7662098600
6052,365018803,48980,365067783,0,8,0,2048,40,1619679524
6053,365032974,15062,365048036,0,9,1,29184,3,6640270707
6054,365046344,47192,365093536,0,8,0,1024,40,8909096545
6055,365065045,21141,365086186,0,7,1,34304,37,899658122
6056,365113083,4850,365117933,0,5,1,5120,48,10601783673
6057,365160119,4679,365164798,0,9,1,12288,3,2277639488
6058,365205505,47288,365252793,0,8,0,1536,40,4005976563
6059,365252980,2946,365255926,0,9,1,3072,3,7758930006
6060,365290135,3645,365293780,0,0,1,10240,2,6564226983
6061,365302280,417782,365720062,0,9,0,520704,3,435434725
6062,365359776,379341,365739117,0,9,0,62464,3,5473415362
6063,365382891,13341,365396232,0,2,1,22528,41,9090223306
6064,365416368,5326,365421694,0,5,1,5632,48,2051403226
6065,365424477,402685,365827162,0,9,0,88576,3,5095009385
6066,365467705,479565,365947270,0,9,0,203264,3,4900910957
6067,365505297,280225,365785522,0,9,0,118272,3,9387294933
6068,365559417,123656,365683073,0,0,0,105984,2,10648408851
6069,365588050,5454,365593504,0,1,1,13824,37,2373045128
6070,365600985,43904,365644889,0,2,0,512,41,5832474759
6071,365602836,142469,365745305,0,9,1,15360,3,8113693382
6072,365612336,1518,365613854,0,1,1,1536,37,321886309
6073,365725893,47288,365773181,0,2,0,1536,41,2671166288
6074,365757781,33076,365790857,0,9,1,5632,3,6577209543
6075,365781600,10563,365792163,0,9,1,2048,3,83327050
6076,365820883,566,365821449,0,1,1,512,37,321365804
6077,365863158,6754,365869912,0,5,1,7168,48,4353011737
6078,365938992,4162,365943154,0,0,1,11264,2,9189434660
6079,366076084,5326,366081410,0,1,1,5632,37,640199442
6080,366094930,3904,366098834,0,5,1,10752,48,4638996229
6081,366127473,33075,366160548,0,9,1,54272,3,7476654536
6082,366137402,44145,366181547,0,5,1,75776,48,3706543057
6083,366144933,43904,366188837,0,2,0,512,41,9496340614
6084,366270328,5802,366276130,0,0,1,6144,2,1947282029
6085,366282336,197473,366479809,0,0,0,142848,2,2525803082
6086,366323071,14804,366337875,0,0,1,28672,2,1236090429
6087,366349334,3422,366352756,0,5,1,3584,48,5793084834
6088,366354825,55748,366410573,0,8,0,4096,40,6368344809
6089,366356998,23637,366380635,0,5,1,42496,48,4876655454
6090,366368585,13770,366382355,0,7,1,26624,37,2466563920
6091,366516515,47288,366563803,0,2,0,1536,41,8546210802
6092,366527755,1994,366529749,0,7,1,2048,37,5299413930
6093,366633170,15062,366648232,0,5,1,29184,48,5716267928
6094,366674537,15062,366689599,0,5,1,29184,48,4221107986
6095,366730497,12995,366743492,0,5,1,25088,48,9416508576
6096,366763895,43904,366807799,0,2,0,512,41,2224360979
6097,366776470,3387,366779857,0,5,1,9728,48,1270873977
6098,366911638,43904,366955542,0,2,0,512,41,3810666155
6099,366984072,33762,367017834,0,9,1,58880,3,8377608129
6100,367019314,13858,367033172,0,7,1,23552,37,1391715815
6101,367084356,566,367084922,0,0,1,512,2,7079640455
6102,367115768,54056,367169824,0,8,0,3584,40,4350352392
6103,367132417,45596,367178013,0,2,0,1024,41,4482828906
6104,367158774,3898,367162672,0,5,1,4096,48,1725770044
6105,367228506,208844,367437350,0,9,0,224256,3,4704588264
6106,367275677,4420,367280097,0,5,1,11776,48,6992981424
6107,367282513,5454,367287967,0,7,1,13824,37,9215436926
6108,367287393,5971,367293364,0,9,1,14848,3,1756642252
6109,367512108,94858,367606966,0,7,1,154624,37,9257441873
6110,367692116,47288,367739404,0,2,0,1536,41,4977845950
6111,367694748,7230,367701978,0,5,1,7680,48,6110817606
6112,367762228,43904,367806132,0,8,0,512,40,5625416402
6113,367819081,566,367819647,0,0,1,512,2,4087957784
6114,367855623,21141,367876764,0,0,1,34304,2,2025428032
6115,367883286,10757,367894043,0,1,1,17408,37,8534372805
6116,367915017,5712,367920729,0,5,1,14336,48,1978783561
6117,367917720,3422,367921142,0,9,1,3584,3,4957300161
6118,367989365,5971,367995336,0,8,1,14848,40,10602338684
6119,368063992,23208,368087200,0,1,1,38400,37,6099592685
6120,368138469,194960,368333429,0,0,0,178688,2,8504279020
6121,368293631,47288,368340919,0,2,0,1536,41,5609416046
6122,368339256,2470,368341726,0,1,1,2560,37,7196339835
6123,368373349,43370,368416719,0,5,1,74240,48,1500669825
6124,368421521,2470,368423991,0,1,1,2560,37,164515357
6125,368456507,529958,368986465,0,0,0,662016,2,10151547646
6126,368526119,6278,368532397,0,5,1,6656,48,2460537131
6127,368572397,64208,368636605,0,2,0,6656,41,6377482239
6128,368612148,60824,368672972,0,2,0,5632,41,8615295918
6129,368642881,6754,368649635,0,5,1,7168,48,5088810910
6130,368654426,363254,369017680,0,0,0,102400,2,3172060244
6131,368666603,32558,368699161,0,9,1,53248,3,5737050240
6132,368715015,2470,368717485,0,9,1,2560,3,10099700890
6133,368794338,5712,368800050,0,1,1,14336,37,10499214845
6134,368810548,43904,368854452,0,8,0,512,40,6379684454
6135,368814940,14117,368829057,0,8,1,24064,40,5024755196
6136,368821770,6488,368828258,0,9,1,15872,3,2108460926
6137,368845265,310892,369156157,0,9,0,292352,3,215480916
6138,368845978,30749,368876727,0,8,1,49664,40,6451064394
6139,368858168,1042,368859210,0,1,1,1024,37,8899131442
6140,368874570,486949,369361519,0,9,0,415744,3,5600250424
6141,368965029,52808,369017837,0,1,1,86016,37,193294125
6142,369035148,43904,369079052,0,0,0,512,2,9497001653
6143,369132081,288357,369420438,0,9,0,114688,3,2162539491
6144,369144448,101504,369245952,0,0,0,33280,2,5029188703
6145,369151936,34987,369186923,0,9,1,49664,3,5406745010
6146,369153156,30491,369183647,0,8,1,49152,40,2889753063
6147,369176101,11732,369187833,0,8,1,6656,40,895465698
6148,369229379,116114,369345493,0,8,0,1024,40,5663664968
6149,369253220,6488,369259708,0,8,1,15872,40,4131671107
6150,369265286,12995,369278281,0,5,1,25088,48,9414693174
6151,369276700,87281,369363981,0,9,1,2560,3,6440707078
6152,369379101,396224,369775325,0,0,0,516608,2,3580660315
6153,369451472,12049,369463521,0,5,1,19968,48,213809866
6154,369500720,6229,369506949,0,5,1,15360,48,7376009816
6155,369565566,249710,369815276,0,0,0,131072,2,9705207474
6156,369572155,247504,369819659,0,0,0,14336,2,3846561680
6157,369591254,114608,369705862,0,9,0,76288,3,2425295491
6158,369617749,11791,369629540,0,5,1,19456,48,7515134567
6159,369634643,1994,369636637,0,5,1,2048,48,5283979507
6160,369879469,116480,369995949,0,0,0,82432,2,10487837083
6161,370001890,137596,370139486,0,2,1,227840,41,875791813
6162,370144126,75608,370219734,0,9,0,13824,3,2941060375
6163,370145559,45596,370191155,0,0,0,1024,2,6973727960
6164,370192699,12566,370205265,0,4,1,20992,28,3148965116
6165,370225390,1042,370226432,0,8,1,1024,40,5957316261
6166,370359532,120224,370479756,0,0,0,94720,2,5449558994
6167,370401619,6278,370407897,0,4,1,6656,28,6797163353
6168,370532587,47288,370579875,0,2,0,1536,41,5392158072
6169,370570378,3904,370574282,0,5,1,10752,48,1986363681
6170,370581073,96321,370677394,0,2,1,160768,41,6361497162
6171,370621089,103064,370724153,0,0,0,38400,2,8623138166
6172,370639034,281109,370920143,0,0,0,292352,2,6951254762
6173,370639346,90904,370730250,0,2,0,2560,41,2650053370
6174,370712261,108992,370821253,0,8,0,57856,40,5520401760
6175,370735331,42683,370778014,0,0,1,69632,2,6929189583
6176,370746550,3645,370750195,0,5,1,10240,48,4066571823
6177,371002245,113048,371115293,0,9,0,71168,3,5973103649
6178,371018958,152039,371170997,0,9,0,92672,3,4120650207
6179,371033643,11533,371045176,0,5,1,18944,48,8070916010
6180,371045208,5712,371050920,0,5,1,14336,48,993068565
6181,371085475,43458,371128933,0,5,1,71168,48,35505479
6182,371118500,13659,371132159,0,5,1,5120,48,1648543495
6183,371183494,119288,371302782,0,9,0,91648,3,7681755186
6184,371216351,4162,371220513,0,6,1,11264,28,2490442238
6185,371218483,11274,371229757,0,4,1,18432,28,10303034703
6186,371234767,4850,371239617,0,8,1,5120,40,785583955
6187,371398016,5454,371403470,0,4,1,13824,28,3965260836
6188,371428792,108212,371537004,0,9,0,55296,3,6174311830
6189,371431543,129740,371561283,0,8,0,125952,40,10675650175
6190,371516906,278744,371795650,0,8,0,292352,40,1618194330
6191,371533861,39463,371573324,0,8,1,19968,40,4518780702
6192,371584463,20624,371605087,0,4,1,33280,28,2155125326
6193,371647030,2870,371649900,0,4,1,8704,28,6634019714
6194,371720642,566,371721208,0,5,1,512,48,9958414792
6195,371750760,51257,371802017,0,6,1,82944,28,1215549017
6196,371781530,395672,372177202,0,8,0,468480,40,6665826932
6197,371799288,20366,371819654,0,6,1,32768,28,159184752
6198,371869045,96692,371965737,0,0,0,22528,2,9738363869
6199,371915358,351063,372266421,0,0,0,387072,2,4951139015
6200,372029778,566,372030344,0,6,1,512,28,3335580331
6201,372031456,21658,372053114,0,5,1,35328,48,1732515632
6202,372035715,13600,372049315,0,6,1,23040,28,1925241752
6203,372197294,64208,372261502,0,2,0,6656,41,9767043936
6204,372211189,5802,372216991,0,6,1,6144,28,1770050603
6205,372269131,110864,372379995,0,8,0,64000,40,7634822843
6206,372302930,566,372303496,0,4,1,512,28,303413552
6207,372321051,95024,372416075,0,0,0,27136,2,2907478375
6208,372395389,54368,372449757,0,2,0,4608,41,5246793244
6209,372480014,12995,372493009,0,6,1,25088,28,9313477006
6210,372632899,43904,372676803,0,2,0,512,41,3697620096
6211,372675849,4162,372680011,0,8,1,11264,40,1644002220
6212,372717436,12308,372729744,0,8,1,20480,40,2711035551
6213,372792683,566,372793249,0,6,1,512,28,3410483213
6214,372827879,43904,372871783,0,2,0,512,41,4050733487
6215,372838333,4162,372842495,0,4,1,11264,28,2554096451
6216,372875301,51140,372926441,0,2,0,4096,41,2743060412
6217,372892659,5326,372897985,0,4,1,5632,28,7039287897
6218,373007897,13083,373020980,0,4,1,22016,28,4148374984
6219,373031625,7706,373039331,0,8,1,8192,40,7182559089
6220,373094404,4162,373098566,0,6,1,11264,28,7556937922
6221,373104390,4850,373109240,0,6,1,5120,28,9959118788
6222,373163689,3128,373166817,0,5,1,9216,48,10623972185
6223,373323206,47288,373370494,0,2,0,1536,41,1033143372
6224,373351169,13083,373364252,0,0,1,22016,2,7455966404
6225,373416977,3387,373420364,0,8,1,9728,40,9524222414
6226,373468197,210092,373678289,0,9,0,228352,3,3638178307
6227,373531655,410346,373942001,0,9,0,406016,3,9344315503
6228,373693064,65144,373758208,0,2,0,9728,41,9641813455
6229,373712675,241821,373954496,0,9,0,40960,3,967125332
6230,373718977,59805,373778782,0,2,0,512,41,1675027554
6231,373744506,12566,373757072,0,9,1,20992,3,4847962669
6232,373753167,52364,373805531,0,2,0,3072,41,5826814825
6233,373754584,15062,373769646,0,8,1,29184,40,3468494648
6234,373789711,102908,373892619,0,0,0,37888,2,3529200805
6235,373803127,3422,373806549,0,5,1,3584,48,10664586996
6236,373827641,77744,373905385,0,2,0,10752,41,8983309308
6237,373921925,36937,373958862,0,9,1,4608,3,3254414592
6238,373960516,5712,373966228,0,5,1,14336,48,2566101828
6239,373972904,43904,374016808,0,2,0,512,41,900956299
6240,373991588,5802,373997390,0,9,1,6144,3,4374056357
6241,373992323,287948,374280271,0,8,0,322560,40,10501330770
6242,374003994,16096,374020090,0,9,1,31232,3,4280364117
6243,374030100,53841,374083941,0,8,1,88064,40,4120837072
6244,374079396,2470,374081866,0,9,1,2560,3,10558267467
6245,374083110,15579,374098689,0,5,1,30208,48,3465565093
6246,374126154,5196,374131350,0,6,1,13312,28,7310021134
6247,374136961,1042,374138003,0,8,1,1024,40,3370709154
6248,374147638,12049,374159687,0,5,1,19968,48,8126953286
6249,374222697,63278,374285975,0,8,1,14336,40,7338807903
6250,374268794,281084,374549878,0,0,0,300032,2,9610760242
6251,374306778,13600,374320378,0,6,1,23040,28,6513512185
6252,374378141,3645,374381786,0,9,1,10240,3,9366893240
6253,374389724,169217,374558941,0,0,0,29696,2,9098525809
6254,374464017,87896,374551913,0,2,0,13824,41,8952934044
6255,374493500,1518,374495018,0,9,1,1536,3,1153000953
6256,374539919,15837,374555756,0,6,1,30720,28,10271038878
6257,374599843,31783,374631626,0,6,1,51712,28,6340023171
6258,374807189,3422,374810611,0,6,1,3584,28,578946463
6259,374807321,5971,374813292,0,8,1,14848,40,9613751744
6260,374883401,101036,374984437,0,0,0,31744,2,2532844961
6261,375046900,4374,375051274,0,5,1,4608,48,2268872092
6262,375057583,52520,375110103,0,2,0,3584,41,5894294429
6263,375102666,6754,375109420,0,5,1,7168,48,1839934134
6264,375156404,533342,375689746,0,8,0,663040,40,4311313516
6265,375171708,48980,375220688,0,2,0,2048,41,3961208667
6266,375211230,1042,375212272,0,6,1,1024,28,1610112448
6267,375237650,5712,375243362,0,8,1,14336,40,5350021503
6268,375263593,5196,375268789,0,9,1,13312,3,2362528449
6269,375286170,45596,375331766,0,2,0,1024,41,9882977066
6270,375315909,5454,375321363,0,5,1,13824,48,4828373707
6271,375336133,5326,375341459,0,5,1,5632,48,5764354876
6272,375376824,34537,375411361,0,6,1,60416,28,3424314849
6273,375476841,102596,375579437,0,0,0,36864,2,5395997304
6274,375489063,189812,375678875,0,9,0,161792,3,6184177941
6275,375541073,224273,375765346,0,8,0,13824,40,2292656044
6276,375543297,55148,375598445,0,2,0,7168,41,10328310260
6277,375619321,10499,375629820,0,0,1,16896,2,8120982731
6278,375656062,36829,375692891,0,8,1,9216,40,614192215
6279,375666300,1042,375667342,0,0,1,1024,2,2280472954
6280,375681305,4937,375686242,0,5,1,12800,48,6988937630
6281,375691217,13341,375704558,0,5,1,22528,48,2338198339
6282,375698393,12825,375711218,0,5,1,21504,48,9272719364
6283,375721205,6754,375727959,0,5,1,7168,48,2573248675
6284,375769181,674594,376443775,0,0,0,879616,2,9264547205
6285,375783711,99164,375882875,0,8,0,25600,40,4656787757
6286,375799939,215552,376015491,0,9,0,246272,3,6811374653
6287,375818824,52364,375871188,0,2,0,3072,41,3942434571
6288,375930522,300740,376231262,0,9,0,364544,3,2072771558
6289,376054720,2470,376057190,0,8,1,2560,40,6820725960
6290,376136403,2470,376138873,0,8,1,2560,40,8689316828
6291,376144161,129407,376273568,0,8,0,121344,40,2657065689
6292,376165128,88042,376253170,0,9,1,35840,3,6880322552
6293,376280672,173353,376454025,0,0,1,16384,2,4027258090
6294,376292138,15837,376307975,0,8,1,30720,40,3861629230
6295,376340237,20624,376360861,0,9,1,33280,3,785007314
6296,376343013,48980,376391993,0,2,0,2048,41,5066001456
6297,376367806,147497,376515303,0,0,0,4096,2,5647989487
6298,376547133,102752,376649885,0,0,0,37376,2,1172952340
6299,376619952,13341,376633293,0,9,1,22528,3,4918974231
6300,376668602,3422,376672024,0,8,1,3584,40,5056895105
6301,376758458,211652,376970110,0,0,0,233472,2,846440903
6302,376893245,5971,376899216,0,9,1,14848,3,7092128504
6303,376909855,154419,377064274,0,9,0,124416,3,433909189
6304,376921898,5971,376927869,0,8,1,14848,40,9355276881
6305,376939524,186543,377126067,0,9,0,110080,3,5601966888
6306,377005502,3387,377008889,0,3,1,9728,35,9111071185
6307,377046131,497666,377543797,0,8,0,621568,40,9156384969
6308,377337639,212257,377549896,0,8,0,19968,40,659402836
6309,377405996,123500,377529496,0,0,0,105472,2,2730994267
6310,377556973,6754,377563727,0,5,1,7168,48,5923654436
6311,377581664,23895,377605559,0,5,1,43008,48,57519359
6312,377593644,15062,377608706,0,9,1,29184,3,265674071
6313,377750262,5712,377755974,0,1,1,14336,37,1199810398
6314,377775685,205724,377981409,0,8,0,214016,40,4497507724
6315,377797553,14545,377812098,0,9,1,28160,3,7492169490
6316,377807002,14117,377821119,0,8,1,24064,40,1635832813
6317,377866403,22950,377889353,0,9,1,37888,3,10734067757
6318,377880929,208169,378089098,0,8,0,125440,40,7393234268
6319,377893386,13770,377907156,0,5,1,26624,48,3934585510
6320,377894513,10757,377905270,0,3,1,17408,35,1410361932
6321,377901070,50672,377951742,0,2,0,2560,41,1338615348
6322,377946885,43370,377990255,0,3,1,74240,35,5690372720
6323,378011116,3128,378014244,0,3,1,9216,35,115384968
6324,378020473,13253,378033726,0,3,1,25600,35,7382741260
6325,378032425,12308,378044733,0,4,1,20480,28,7287029705
6326,378095212,10757,378105969,0,3,1,17408,35,8882761606
6327,378095246,125060,378220306,0,9,0,110592,3,2226180798
6328,378115945,12737,378128682,0,8,1,24576,40,7333605334
6329,378182742,37579,378220321,0,9,1,23040,3,10735849271
6330,378258692,164852,378423544,0,9,0,145408,3,8865512233
6331,378293797,301052,378594849,0,8,0,365568,40,6943841824
6332,378327536,12049,378339585,0,5,1,19968,48,865540828
6333,378632101,6488,378638589,0,5,1,15872,48,4611237851
6334,378688655,1518,378690173,0,9,1,1536,3,6509165251
6335,378753922,53753,378807675,0,9,1,91136,3,10267980408
6336,378824697,33503,378858200,0,5,1,58368,48,1784472584
6337,378858645,4850,378863495,0,3,1,5120,35,8227639518
6338,378978568,47288,379025856,0,2,0,1536,41,3621149061
6339,379028418,56079,379084497,0,9,1,95744,3,10325501580
6340,379037660,178880,379216540,0,8,0,156160,40,9519232738
6341,379058099,26962,379085061,0,9,1,10752,3,8904174361
6342,379075307,3904,379079211,0,3,1,10752,35,2558661578
6343,379116836,24242,379141078,0,9,1,40448,3,6631470415
6344,379128209,146171,379274380,0,8,0,61440,40,7086777446
6345,379136327,1518,379137845,0,3,1,1536,35,4516163024
6346,379192285,11016,379203301,0,3,1,17920,35,2789467463
6347,379380926,48980,379429906,0,2,0,2048,41,1952094651
6348,379450363,13600,379463963,0,9,1,23040,3,2914619919
6349,379494504,98540,379593044,0,0,0,23552,2,10430755318
6350,379504838,192152,379696990,0,2,0,169472,41,5786170656
6351,379786244,43904,379830148,0,2,0,512,41,6521660822
6352,379874064,11533,379885597,0,6,1,18944,28,5023183401
6353,380086951,84475,380171426,0,7,1,137728,37,5818770254
6354,380409111,116324,380525435,0,9,0,81920,3,3132427369
6355,380536173,282176,380818349,0,8,0,303616,40,5316438818
6356,380587644,4679,380592323,0,3,1,12288,35,3525964068
6357,380715520,6754,380722274,0,9,1,7168,3,3496525001
6358,380810020,3422,380813442,0,9,1,3584,3,1434856022
6359,380838935,237020,381075955,0,2,0,271360,41,891712151
6360,380889989,4162,380894151,0,9,1,11264,3,1139642970
6361,380940718,123032,381063750,0,5,0,103936,48,9892890615
6362,380958716,100724,381059440,0,9,0,30720,3,4044000921
6363,381002374,2870,381005244,0,9,1,8704,3,2625021467
6364,381269570,106652,381376222,0,8,0,50176,40,3108309925
6365,381281375,180227,381461602,0,8,0,143872,40,5928269305
6366,381382182,63452,381445634,0,9,0,9216,3,9656780656
6367,381412794,111800,381524594,0,8,0,67072,40,1828364868
6368,381439399,176347,381615746,0,8,0,66560,40,6065182164
6369,381695973,55904,381751877,0,9,0,4608,3,12431896
6370,381765805,109304,381875109,0,8,0,58880,40,5683480077
6371,382121172,201824,382322996,0,8,0,201216,40,9581660772
6372,382148954,21399,382170353,0,3,1,34816,35,4674983383
6373,382205348,101036,382306384,0,2,0,31744,41,6890931171
6374,382241363,15579,382256942,0,3,1,30208,35,8502053848
6375,382351889,105560,382457449,0,9,0,46592,3,2731200895
6376,382380012,4937,382384949,0,3,1,12800,35,3792483911
6377,382409059,119756,382528815,0,8,0,93184,40,8091276573
6378,382411234,47288,382458522,0,0,0,1536,2,3158349644
6379,382490705,1518,382492223,0,3,1,1536,35,6771046077
6380,382494420,128823,382623243,0,8,0,103424,40,1456334984
6381,382564826,106028,382670854,0,2,0,48128,41,4436767011
6382,382644819,122096,382766915,0,8,0,100864,40,2640729169
6383,382701705,202292,382903997,0,9,0,202752,3,4514237470
6384,382745740,392899,383138639,0,8,0,436224,40,8574987539
6385,382747958,171525,382919483,0,9,0,25600,3,3323984244
6386,382783735,106184,382889919,0,2,0,48640,41,2121747975
6387,382811955,210438,383022393,0,2,0,220160,41,9291808597
6388,382987697,5454,382993151,0,9,1,13824,3,7139869551
6389,383001637,86648,383088285,0,2,0,7168,41,4786982511
6390,383031467,140168,383171635,0,8,1,57344,40,3528216327
6391,383078532,14287,383092819,0,9,1,27648,3,10453641877
6392,383084190,104488,383188678,0,8,1,53248,40,5865321129
6393,383126488,43975,383170463,0,3,1,72192,35,1000860996
6394,383212992,7230,383220222,0,8,1,7680,40,1745666016
6395,383320916,207284,383528200,0,9,0,219136,3,5278477123
6396,383400328,208626,383608954,0,9,0,170496,3,659053519
6397,383504563,190592,383695155,0,2,0,164352,41,4581088535
6398,383526944,25704,383552648,0,8,1,46592,40,6377459863
6399,383650842,1994,383652836,0,8,1,2048,40,7921657820
6400,383686069,108836,383794905,0,0,0,57344,2,7364260104
6401,383698978,5971,383704949,0,3,1,14848,35,5602817297
6402,383950231,5454,383955685,0,3,1,13824,35,7087710652
6403,383995129,125684,384120813,0,9,0,112640,3,9011149992
6404,384149738,118976,384268714,0,0,0,90624,2,9441686513
6405,384190685,209624,384400309,0,8,0,226816,40,7995582097
6406,384251232,20624,384271856,0,3,1,33280,35,473173375
6407,384288214,24670,384312884,0,1,1,44544,37,6736737859
6408,384380052,135949,384516001,0,8,0,79872,40,5224685162
6409,384410477,248552,384659029,0,0,0,273920,2,8639722965
6410,384485190,4420,384489610,0,1,1,11776,37,5415857659
6411,384491120,20366,384511486,0,4,1,32768,28,1231564982
6412,384524271,7230,384531501,0,9,1,7680,3,8692196016
6413,384554483,121253,384675736,0,0,0,54784,2,1983465239
6414,384600979,1518,384602497,0,3,1,1536,35,9461808192
6415,384646210,14804,384661014,0,9,1,28672,3,3641062838
6416,384712361,59132,384771493,0,0,0,5120,2,9415583538
6417,384727219,3422,384730641,0,1,1,3584,37,2127147892
6418,384727897,107432,384835329,0,0,0,52736,2,6532989618
6419,384808450,213515,385021965,0,0,0,204288,2,1546553239
6420,384834125,21916,384856041,0,9,1,35840,3,7678341549
6421,385078131,266725,385344856,0,7,1,432640,37,2397977366
6422,385088954,1042,385089996,0,1,1,1024,37,155093886
6423,385203660,3422,385207082,0,1,1,3584,37,3643752999
6424,385259676,4374,385264050,0,3,1,4608,35,4349917924
6425,385277736,131144,385408880,0,2,0,130560,41,6519007920
6426,385364182,21399,385385581,0,4,1,34816,28,10238721999
6427,385441180,5196,385446376,0,3,1,13312,35,5138442987
6428,385509647,10241,385519888,0,3,1,16384,35,9521993296
6429,385533363,257393,385790756,0,3,0,176128,35,2222710526
6430,385564852,113828,385678680,0,9,0,73728,3,5344957023
6431,385590235,196832,385787067,0,2,0,184832,41,10441640739
6432,385694632,3128,385697760,0,8,1,9216,40,4865194307
6433,385695741,10757,385706498,0,1,1,17408,37,1285645050
6434,385734677,382496,386117173,0,8,0,471552,40,5839766635
6435,385821654,103532,385925186,0,2,0,39936,41,6779403252
6436,385828617,125528,385954145,0,0,0,112128,2,5885786429
6437,385873870,4420,385878290,0,1,1,11776,37,8030299347
6438,385877468,5712,385883180,0,4,1,14336,28,3083282625
6439,385907726,5712,385913438,0,3,1,14336,35,474200298
6440,385951503,194857,386146360,0,8,0,95744,40,3470446242
6441,385953264,11533,385964797,0,3,1,18944,35,1784733026
6442,386007803,5196,386012999,0,4,1,13312,28,8083781519
6443,386034730,374228,386408958,0,0,0,444416,2,10559491696
6444,386056233,521192,386577425,0,9,0,586752,3,5598474861
6445,386122448,2470,386124918,0,3,1,2560,35,7104148397
6446,386125470,431148,386556618,0,0,0,342016,2,538837676
6447,386162882,115279,386278161,0,2,1,190976,41,7777271141
6448,386249160,362288,386611448,0,9,0,111616,3,3085923511
6449,386275958,303310,386579268,0,0,0,56832,2,7254095551
6450,386276909,20366,386297275,0,4,1,32768,28,8949036369
6451,386280370,119600,386399970,0,8,0,92672,40,1180759863
6452,386338480,191123,386529603,0,2,0,152576,41,3560344868
6453,386341063,98072,386439135,0,2,0,22016,41,8874792439
6454,386343825,218112,386561937,0,0,0,17408,2,9803643031
6455,386420368,177674,386598042,0,0,0,22016,2,2655565049
6456,386475042,23466,386498508,0,8,1,38912,40,1532031237
6457,386519358,5454,386524812,0,3,1,13824,35,5278680746
6458,386571589,44530,386616119,0,9,1,12288,3,9803038286
6459,386608735,113828,386722563,0,3,0,73728,35,6063052402
6460,386627185,13083,386640268,0,8,1,22016,40,7693239857
6461,386632847,1042,386633889,0,3,1,1024,35,9329487177
6462,386646879,32299,386679178,0,1,1,52736,37,6834134676
6463,386755547,2870,386758417,0,8,1,8704,40,9256900756
6464,386785572,7706,386793278,0,9,1,8192,3,10452999331
6465,386862606,125372,386987978,0,3,0,111616,35,4932145163
6466,386886923,148527,387035450,0,3,0,33280,35,7804468267
6467,386916312,3422,386919734,0,3,1,3584,35,8013434382
6468,386945866,360416,387306282,0,0,0,414208,2,1742922964
6469,386988410,3387,386991797,0,9,1,9728,3,10524310505
6470,387006699,566,387007265,0,4,1,512,28,10502098279
6471,387047517,196832,387244349,0,3,0,184832,35,3343593503
6472,387068310,259359,387327669,0,0,0,70144,2,9134822921
6473,387103426,1994,387105420,0,3,1,2048,35,2281580847
6474,387159710,5454,387165164,0,4,1,13824,28,6847972272
6475,387162843,24506,387187349,0,4,1,41984,28,801663042
6476,387164430,12049,387176479,0,9,1,19968,3,1404112232
6477,387177174,154385,387331559,0,9,0,106496,3,2246853720
6478,387189974,7706,387197680,0,4,1,8192,28,599918814
6479,387271762,251648,387523410,0,9,0,279040,3,4740208589
6480,387275063,3422,387278485,0,9,1,3584,3,6386642753
6481,387320602,2470,387323072,0,3,1,2560,35,1793664572
6482,387365843,119600,387485443,0,3,0,92672,35,5023788796
6483,387432724,3387,387436111,0,4,1,9728,28,412641866
6484,387461677,65887,387527564,0,9,1,11264,3,6828282116
6485,387591931,4162,387596093,0,9,1,11264,3,4445817012
6486,387612977,130208,387743185,0,8,0,127488,40,5063942671
6487,387625225,10499,387635724,0,3,1,16896,35,6747782649
6488,387650715,279836,387930551,0,9,0,295936,3,508216135
6489,387673662,6229,387679891,0,1,1,15360,37,699589508
6490,387704741,25962,387730703,0,0,1,47104,2,5113043844
6491,387749549,22691,387772240,0,9,1,37376,3,10170412505
6492,387762290,276826,388039116,0,9,0,230400,3,1979037238
6493,387771102,114608,387885710,0,3,0,76288,35,3990135315
6494,387835964,216488,388052452,0,8,0,249344,40,2543508642
6495,387920958,31266,387952224,0,4,1,50688,28,1887458703
6496,387940554,104936,388045490,0,0,0,44544,2,9198481779
6497,388003456,38780,388042236,0,9,1,9216,3,10591423432
6498,388079879,5326,388085205,0,1,1,5632,37,6987124857
6499,388132844,76832,388209676,0,2,0,12800,41,9508955016
6500,388152528,1042,388153570,0,8,1,1024,40,8286184529
6501,388160685,44404,388205089,0,8,1,76288,40,2922029040
6502,388234342,3645,388237987,0,6,1,10240,28,1595855306
6503,388238682,3898,388242580,0,3,1,4096,35,8400238363
6504,388248926,110240,388359166,0,2,0,61952,41,4330749933
6505,388312814,13253,388326067,0,3,1,25600,35,9499382837
6506,388336556,122795,388459351,0,3,0,98816,35,832404314
6507,388427334,3387,388430721,0,9,1,9728,3,9416273115
6508,388434620,3422,388438042,0,6,1,3584,28,2814546168
6509,388464028,268643,388732671,0,9,0,272384,3,8083961961
6510,388468019,192464,388660483,0,8,0,170496,40,344790275
6511,388476936,43112,388520048,0,6,1,73728,28,5612130752
6512,388497759,251307,388749066,0,9,0,53760,3,8112505969
6513,388503634,3904,388507538,0,8,1,10752,40,8576392692
6514,388504806,103064,388607870,0,3,0,38400,35,2297735575
6515,388518578,14117,388532695,0,1,1,24064,37,6857250540
6516,388526109,11274,388537383,0,9,1,18432,3,6876374660
6517,388527324,101816,388629140,0,2,0,34304,41,7065232782
6518,388767923,21916,388789839,0,1,1,35840,37,739745910
6519,388832100,3387,388835487,0,8,1,9728,40,8196951925
6520,388842015,14545,388856560,0,6,1,28160,28,2231489003
6521,388886823,15321,388902144,0,6,1,29696,28,4050506550
6522,388926100,113828,389039928,0,2,0,73728,41,6302093146
6523,388928560,4374,388932934,0,6,1,4608,28,7428896836
6524,388983379,120536,389103915,0,3,0,95744,35,8010985378
6525,388994044,4679,388998723,0,9,1,12288,3,9414258354
6526,389002404,210744,389213148,0,2,0,181248,41,67317622
6527,389163682,148466,389312148,0,2,0,25088,41,6598660058
6528,389219270,21141,389240411,0,8,1,34304,40,629140932
6529,389234102,4850,389238952,0,1,1,5120,37,4915771161
6530,389235247,10499,389245746,0,6,1,16896,28,8836948665
6531,389317256,107900,389425156,0,3,0,54272,35,9346218795
6532,389442295,2870,389445165,0,5,1,8704,48,2762760797
6533,389447301,22950,389470251,0,8,1,37888,40,5783548108
6534,389476791,22862,389499653,0,1,1,40960,37,7269345763
6535,389488970,11533,389500503,0,3,1,18944,35,6341064442
6536,389497558,23637,389521195,0,3,1,42496,35,4749998356
6537,389556294,82844,389639138,0,2,0,17408,41,4429750983
6538,389565680,329786,389895466,0,3,0,393216,35,5616725538
6539,389580698,141162,389721860,0,2,0,60928,41,2336216490
6540,389589245,1042,389590287,0,6,1,1024,28,212959589
6541,389609408,6229,389615637,0,8,1,15360,40,10400170735
6542,389627400,14029,389641429,0,8,1,27136,40,604645975
6543,389651658,13600,389665258,0,9,1,23040,3,3705251716
6544,389663789,11274,389675063,0,8,1,18432,40,6112561657
6545,389666477,3645,389670122,0,6,1,10240,28,9743476071
6546,389671557,12566,389684123,0,1,1,20992,37,8197136605
6547,389753602,12825,389766427,0,1,1,21504,37,2138179728
6548,389762213,4374,389766587,0,3,1,4608,35,2017613015
6549,389796095,12049,389808144,0,6,1,19968,28,9989657979
6550,389848842,1518,389850360,0,8,1,1536,40,7773506220
6551,389857806,5712,389863518,0,6,1,14336,28,6013418239
6552,389861804,99008,389960812,0,0,0,25088,2,10535031855
6553,389877873,3898,389881771,0,8,1,4096,40,1458952563
6554,389891324,3645,389894969,0,8,1,10240,40,815427095
6555,390056926,83156,390140082,0,0,0,18432,2,7609679472
6556,390059582,16354,390075936,0,9,1,31744,3,8740127983
6557,390060934,99788,390160722,0,2,0,27648,41,7476581075
6558,390104783,219296,390324079,0,8,0,258560,40,10182319089
6559,390419163,12825,390431988,0,1,1,21504,37,8059392424
6560,390441259,6278,390447537,0,1,1,6656,37,10173494746
6561,390468230,11533,390479763,0,9,1,18944,3,3414513947
6562,390489468,78680,390568148,0,2,0,13824,41,3688745674
6563,390506165,56854,390563019,0,6,1,97280,28,10601839185
6564,390526353,3422,390529775,0,9,1,3584,3,5603140555
6565,390544403,26479,390570882,0,9,1,48128,3,7159682649
6566,390556127,31783,390587910,0,3,1,51712,35,10456506058
6567,390570664,3422,390574086,0,8,1,3584,40,7121436300
6568,390693704,2870,390696574,0,9,1,8704,3,5499630209
6569,390706762,3387,390710149,0,3,1,9728,35,2379215580
6570,390730662,1518,390732180,0,3,1,1536,35,6298134357
6571,390755785,3387,390759172,0,3,1,9728,35,226566742
6572,390893837,5454,390899291,0,3,1,13824,35,47702862
6573,390954479,43904,390998383,0,3,0,512,35,3386840334
6574,390977402,40616,391018018,0,9,1,65536,3,6870626963
6575,390985054,43904,391028958,0,3,0,512,35,4563326812
6576,390992378,72692,391065070,0,8,0,14336,40,7641870476
6577,391069189,10241,391079430,0,6,1,16384,28,6471858451
6578,391151650,10757,391162407,0,3,1,17408,35,2627787531
6579,391173151,5971,391179122,0,3,1,14848,35,7050292510
6580,391180251,110864,391291115,0,9,0,64000,3,4023768227
6581,391336271,7706,391343977,0,1,1,8192,37,1785438841
6582,391375062,3422,391378484,0,3,1,3584,35,688212302
6583,391415944,112112,391528056,0,0,0,68096,2,4110548463
6584,391440544,122564,391563108,0,2,0,102400,41,4140624850
6585,391577510,109304,391686814,0,9,0,58880,3,3130929878
6586,391651064,74360,391725424,0,8,0,9728,40,5595527050
6587,391717787,2470,391720257,0,6,1,2560,28,2576331397
6588,391763452,77900,391841352,0,3,0,11264,35,2334443070
6589,391821289,24154,391845443,0,8,1,43520,40,5193727769
6590,391858233,1994,391860227,0,0,1,2048,2,3427128465
6591,391886396,295280,392181676,0,9,0,346624,3,9904670704
6592,391911202,4850,391916052,0,9,1,5120,3,3468666759
6593,391962289,2870,391965159,0,6,1,8704,28,9829480705
6594,391992835,104312,392097147,0,0,0,42496,2,10157029016
6595,392006151,6488,392012639,0,1,1,15872,37,4598355346
6596,392082943,3904,392086847,0,1,1,10752,37,8481658355
6597,392124885,61916,392186801,0,3,0,9216,35,7689875122
6598,392129855,12737,392142592,0,6,1,24576,28,2161521703
6599,392205257,462266,392667523,0,9,0,540672,3,616370087
6600,392271779,179192,392450971,0,2,0,157184,41,1820442791
6601,392340889,193556,392534445,0,0,0,174080,2,6072870580
6602,392345099,4937,392350036,0,3,1,12800,35,9386741388
6603,392418107,80144,392498251,0,2,0,1536,41,4061618369
6604,392445616,1994,392447610,0,3,1,2048,35,9076408392
6605,392538891,2946,392541837,0,3,1,3072,35,3766028622
6606,392631870,5971,392637841,0,0,1,14848,2,8887845760
6607,392702126,53144,392755270,0,3,0,5632,35,7897085175
6608,392750871,21399,392772270,0,0,1,34816,2,5069275370
6609,392787377,3422,392790799,0,5,1,3584,48,8211896388
6610,392831516,48980,392880496,0,3,0,2048,35,5986289345
6611,392833946,4679,392838625,0,9,1,12288,3,3596498927
6612,392847597,1042,392848639,0,3,1,1024,35,294959720
6613,392902584,33850,392936434,0,3,1,55808,35,1194266468
6614,393027542,5196,393032738,0,5,1,13312,48,4295934519
6615,393049480,566,393050046,0,5,1,512,48,4847162916
6616,393065803,302924,393368727,0,2,0,371712,41,812384695
6617,393080853,266072,393346925,0,8,0,275968,40,9912738400
6618,393122999,294366,393417365,0,8,0,182272,40,2546100140
6619,393178706,11016,393189722,0,9,1,17920,3,8014257674
6620,393225445,146729,393372174,0,2,0,11264,41,583187578
6621,393228588,32816,393261404,0,6,1,53760,28,517234824
6622,393267923,23895,393291818,0,0,1,43008,2,9322852576
6623,393275264,6229,393281493,0,6,1,15360,28,6976743800
6624,393338567,2870,393341437,0,5,1,8704,48,8292861273
6625,393357053,105092,393462145,0,0,0,45056,2,4961808651
6626,393394919,7230,393402149,0,0,1,7680,2,6786262148
6627,393401594,45908,393447502,0,3,0,2048,35,1493466494
6628,393424261,1518,393425779,0,0,1,1536,2,9815953781
6629,393506070,13858,393519928,0,5,1,23552,48,6978226414
6630,393507293,34537,393541830,0,0,1,60416,2,6563361175
6631,393522212,101348,393623560,0,9,0,32768,3,3586645
6632,393529026,104624,393633650,0,8,0,43520,40,6739567552
6633,393641607,391544,394033151,0,9,0,501248,3,6986600247
6634,393644573,6278,393650851,0,5,1,6656,48,2741819545
6635,393709993,13512,393723505,0,3,1,26112,35,10448674750
6636,393747226,5454,393752680,0,3,1,13824,35,9827198078
6637,393761417,191216,393952633,0,0,0,166400,2,10261504175
6638,393809890,13600,393823490,0,0,1,23040,2,1602561017
6639,393842440,106340,393948780,0,2,0,49152,41,1528210692
6640,393894532,144065,394038597,0,9,1,13824,3,8058284207
6641,394000062,2946,394003008,0,0,1,3072,2,6056802072
6642,394076709,16354,394093063,0,0,1,31744,2,6410013592
6643,394141711,12737,394154448,0,9,1,24576,3,5546706523
6644,394206297,50828,394257125,0,3,0,3072,35,8710107543
6645,394207742,50672,394258414,0,3,0,2560,35,5531435263
6646,394224262,546884,394771146,0,9,0,660992,3,1041502051
6647,394243833,1518,394245351,0,3,1,1536,35,10345577970
6648,394372769,12737,394385506,0,0,1,24576,2,2024389102
6649,394414126,167454,394581580,0,7,1,275968,37,5855364546
6650,394428811,22691,394451502,0,3,1,37376,35,3983165055
6651,394473227,16096,394489323,0,0,1,31232,2,2976157429
6652,394570564,10241,394580805,0,5,1,16384,48,8788095342
6653,394661122,196364,394857486,0,2,0,183296,41,6900602201
6654,394699425,53066,394752491,0,6,1,86528,28,4048147937
6655,394794785,14287,394809072,0,5,1,27648,48,8586262621
6656,394809054,48980,394858034,0,3,0,2048,35,9345440508
6657,394818541,111332,394929873,0,9,0,65536,3,9588771087
6658,394898052,26221,394924273,0,3,1,47616,35,7943326990
6659,394922814,63450,394986264,0,0,1,103424,2,1862800660
6660,394928207,129116,395057323,0,2,0,123904,41,537471213
6661,394979113,13462,394992575,0,0,1,22016,2,4283636120
6662,394984974,4679,394989653,0,3,1,12288,35,4691863646
6663,394994986,12049,395007035,0,6,1,19968,28,237391546
6664,395077573,10757,395088330,0,3,1,17408,35,380777834
6665,395120762,89588,395210350,0,9,0,14336,3,6408659297
6666,395136633,4937,395141570,0,0,1,12800,2,6075914420
6667,395146519,45596,395192115,0,3,0,1024,35,836371357
6668,395147437,21916,395169353,0,6,1,35840,28,732489644
6669,395173547,54056,395227603,0,2,0,3584,41,3558415781
6670,395293269,15321,395308590,0,6,1,29696,28,4944802683
6671,395335178,13341,395348519,0,0,1,22528,2,9609926713
6672,395342519,14117,395356636,0,6,1,24064,28,10307330788
6673,395421078,45596,395466674,0,2,0,1024,41,5527449028
6674,395432857,137596,395570453,0,7,1,227840,37,8296121762
6675,395514857,128336,395643193,0,8,0,121344,40,2601491697
6676,395525483,20882,395546365,0,0,1,33792,2,7211694069
6677,395526350,20882,395547232,0,4,1,33792,28,25922513
6678,395617330,143019,395760349,0,0,0,56320,2,4612360856
6679,395658167,4162,395662329,0,0,1,11264,2,948233932
6680,395671401,4162,395675563,0,6,1,11264,28,4922227185
6681,395672666,195896,395868562,0,9,0,181760,3,10617461230
6682,395733638,15321,395748959,0,6,1,29696,28,5500719950
6683,395974972,209936,396184908,0,8,0,227840,40,4954886563
6684,396036608,34367,396070975,0,6,1,56832,28,4070486209
6685,396050675,5454,396056129,0,0,1,13824,2,5330923012
6686,396139205,5971,396145176,0,0,1,14848,2,2337906865
6687,396162097,48980,396211077,0,2,0,2048,41,5361871328
6688,396163402,12737,396176139,0,6,1,24576,28,4275128707
6689,396165523,45179,396210702,0,7,1,77824,37,598248631
6690,396190434,44920,396235354,0,7,1,77312,37,5874837088
6691,396297981,105872,396403853,0,9,0,47616,3,8457271696
6692,396349425,7706,396357131,0,6,1,8192,28,1019026450
6693,396378978,10241,396389219,0,1,1,16384,37,9205228322
6694,396400912,14117,396415029,0,3,1,24064,35,8974492742
6695,396402135,148220,396550355,0,8,0,136192,40,8037603567
6696,396430101,105670,396535771,0,7,1,175616,37,7448370874
6697,396475473,76052,396551525,0,0,0,10240,2,7570446951
6698,396484856,5712,396490568,0,6,1,14336,28,6546526259
6699,396564642,4679,396569321,0,0,1,12288,2,372932178
6700,396588026,7230,396595256,0,3,1,7680,35,4697677864
6701,396649567,458753,397108320,0,7,1,746496,37,743287586
6702,396678004,56372,396734376,0,2,0,6144,41,7693768629
6703,396714933,103376,396818309,0,8,0,39424,40,4558828216
6704,396715779,4937,396720716,0,6,1,12800,28,7424806043
6705,396732653,493766,397226419,0,9,0,608768,3,237369036
6706,396763739,566,396764305,0,0,1,512,2,3691093679
6707,396798000,4374,396802374,0,3,1,4608,35,677952661
6708,396812811,10427,396823238,0,8,1,12800,40,8411657810
6709,396834438,52364,396886802,0,0,0,3072,2,272644213
6710,396881402,100412,396981814,0,8,0,29696,40,6472866281
6711,396915887,6229,396922116,0,0,1,15360,2,6816656005
6712,397019297,3904,397023201,0,1,1,10752,37,5291782126
6713,397021681,47288,397068969,0,2,0,1536,41,4685562750
6714,397023714,110732,397134446,0,7,1,83968,37,2932106709
6715,397103836,12737,397116573,0,1,1,24576,37,3477105683
6716,397278291,59912,397338203,0,2,0,7680,41,8957231255
6717,397332020,7706,397339726,0,6,1,8192,28,8540484131
6718,397351755,3422,397355177,0,3,1,3584,35,5724100279
6719,397406586,2870,397409456,0,3,1,8704,35,7202591648
6720,397415755,6754,397422509,0,3,1,7168,35,8566603876
6721,397417451,22691,397440142,0,6,1,37376,28,25063933
6722,397426498,134684,397561182,0,8,0,132096,40,9184567487
6723,397429070,317350,397746420,0,2,1,514560,41,6385521355
6724,397516335,50672,397567007,0,3,0,2560,35,8295236158
6725,397518500,62516,397581016,0,3,0,6144,35,7010040878
6726,397534101,24242,397558343,0,0,1,40448,2,295347100
6727,397538719,249226,397787945,0,2,1,141312,41,6590174983
6728,397582775,89480,397672255,0,8,0,24064,40,3434698602
6729,397587670,4420,397592090,0,0,1,11776,2,1903561062
6730,397593635,48980,397642615,0,3,0,2048,35,3751211354
6731,397622238,12825,397635063,0,3,1,21504,35,1944667497
6732,397659809,3898,397663707,0,0,1,4096,2,254592346
6733,397737630,11791,397749421,0,0,1,19456,2,2436535055
6734,397742131,68060,397810191,0,3,0,9216,35,1129403953
6735,397752432,566,397752998,0,3,1,512,35,2573607543
6736,397817246,43904,397861150,0,3,0,512,35,8279888683
6737,397826610,47288,397873898,0,0,0,1536,2,10579546315
6738,397888861,184862,398073723,0,2,1,303104,41,5775363443
6739,397890660,56337,397946997,0,3,1,96256,35,1272331784
6740,397983096,11791,397994887,0,0,1,19456,2,9552940805
6741,398045796,7230,398053026,0,9,1,7680,3,10256116268
6742,398054764,5326,398060090,0,0,1,5632,2,9260300110
6743,398212829,4420,398217249,0,1,1,11776,37,7055033961
6744,398269894,204476,398474370,0,0,0,209920,2,9768337140
6745,398270332,57440,398327772,0,2,0,4608,41,5461002866
6746,398366082,127244,398493326,0,8,0,117760,40,8808031236
6747,398390558,48980,398439538,0,3,0,2048,35,10717293710
6748,398445792,55748,398501540,0,3,0,4096,35,3655196295
6749,398447339,31007,398478346,0,2,1,50176,41,9741229433
6750,398460426,17064,398477490,0,0,1,9216,2,3919403859
6751,398546572,110552,398657124,0,8,0,62976,40,5212039339
6752,398569864,6229,398576093,0,9,1,15360,3,5414497461
6753,398665144,42424,398707568,0,9,1,69120,3,3213147546
6754,398698971,12308,398711279,0,6,1,20480,28,9710189162
6755,398734709,11016,398745725,0,9,1,17920,3,9033724314
6756,398748651,192932,398941583,0,8,0,172032,40,3335948612
6757,398778025,14804,398792829,0,9,1,28672,3,4540481852
6758,398803839,1994,398805833,0,3,1,2048,35,2889911429
6759,398891865,47288,398939153,0,2,0,1536,41,5165194486
6760,398998997,6488,399005485,0,5,1,15872,48,4676908826
6761,399086880,21141,399108021,0,9,1,34304,3,10198486881
6762,399090095,1994,399092089,0,0,1,2048,2,3984106242
6763,399097051,50672,399147723,0,3,0,2560,35,4737742814
6764,399141684,22433,399164117,0,0,1,36864,2,2539292407
6765,399149398,25651,399175049,0,0,1,35840,2,6388279136
6766,399160155,81284,399241439,0,3,0,12288,35,4377846663
6767,399208268,246890,399455158,0,0,0,165376,2,4450592356
6768,399234373,105716,399340089,0,8,0,47104,40,9230164689
6769,399277230,23466,399300696,0,6,1,38912,28,5461594177
6770,399307724,33245,399340969,0,4,1,57856,28,909476056
6771,399334428,8167,399342595,0,4,1,2560,28,6115703321
6772,399354452,1518,399355970,0,5,1,1536,48,808719308
6773,399450404,10757,399461161,0,9,1,17408,3,7159682973
6774,399470960,43904,399514864,0,3,0,512,35,9745448946
6775,399476850,10241,399487091,0,9,1,16384,3,1281730583
6776,399704316,3128,399707444,0,5,1,9216,48,5819223225
6777,399834337,52364,399886701,0,2,0,3072,41,926147318
6778,399885622,5802,399891424,0,8,1,6144,40,8870591047
6779,399941384,44662,399986046,0,9,1,76800,3,9022989235
6780,399979143,24154,400003297,0,1,1,43520,37,4499117431
6781,400064744,5802,400070546,0,3,1,6144,35,9372346096
6782,400066645,74360,400141005,0,9,0,9728,3,8796429798
6783,400067597,57440,400125037,0,3,0,4608,35,9678427844
6784,400104568,1994,400106562,0,0,1,2048,2,8530984344
6785,400121456,566,400122022,0,3,1,512,35,5334470737
6786,400146635,7706,400154341,0,5,1,8192,48,5681677328
6787,400155765,85940,400241705,0,8,0,22528,40,5468716070
6788,400272193,45596,400317789,0,2,0,1024,41,1473786792
6789,400277799,64208,400342007,0,0,0,6656,2,5105270437
6790,400338836,13600,400352436,0,4,1,23040,28,7127650917
6791,400426648,43904,400470552,0,3,0,512,35,10046500921
6792,400448245,32299,400480544,0,9,1,52736,3,10088753288
6793,400579359,1994,400581353,0,0,1,2048,2,8998547278
6794,400587545,1994,400589539,0,0,1,2048,2,8770060953
6795,400611754,204788,400816542,0,8,0,210944,40,2262306768
6796,400626377,5196,400631573,0,9,1,13312,3,5969954895
6797,400665131,3422,400668553,0,9,1,3584,3,4256461491
6798,400670886,6229,400677115,0,9,1,15360,3,2779149684
6799,400732278,21141,400753419,0,6,1,34304,28,4610945956
6800,400787528,6488,400794016,0,9,1,15872,3,10425818492
6801,400822785,81128,400903913,0,2,0,11776,41,3022844100
6802,400822937,4162,400827099,0,8,1,11264,40,9380962295
6803,400889579,14029,400903608,0,9,1,27136,3,5756574005
6804,401116354,43904,401160258,0,2,0,512,41,9376915506
6805,401118434,91757,401210191,0,7,1,148480,37,10378134086
6806,401131063,14545,401145608,0,5,1,28160,48,10330388593
6807,401206189,50672,401256861,0,3,0,2560,35,3600507237
6808,401207250,13083,401220333,0,4,1,22016,28,10053496148
6809,401258239,57440,401315679,0,2,0,4608,41,2209219761
6810,401323402,4374,401327776,0,4,1,4608,28,2833048561
6811,401327290,1042,401328332,0,5,1,1024,48,2725799619
6812,401362346,115856,401478202,0,9,0,80384,3,2817201864
6813,401375760,23120,401398880,0,0,1,41472,2,422373112
6814,401400870,22433,401423303,0,5,1,36864,48,9317217176
6815,401507034,2870,401509904,0,9,1,8704,3,2962446734
6816,401617284,175083,401792367,0,7,1,284160,37,6833732326
6817,401684071,105404,401789475,0,8,0,46080,40,4655659306
6818,401685154,11016,401696170,0,4,1,17920,28,4382164376
6819,401723829,15321,401739150,0,4,1,29696,28,6011022761
6820,401746110,30749,401776859,0,0,1,49664,2,9912805678
6821,401872007,115020,401987027,0,7,1,190464,37,2963838828
6822,401872605,6278,401878883,0,4,1,6656,28,9996380946
6823,401873629,3387,401877016,0,9,1,9728,3,6363780876
6824,401905580,166274,402071854,0,9,0,31744,3,1549425613
6825,401939069,50672,401989741,0,3,0,2560,35,4518381582
6826,401976779,47288,402024067,0,3,0,1536,35,902368936
6827,402051305,132257,402183562,0,7,1,214016,37,6603217428
6828,402077137,112531,402189668,0,7,1,29184,37,2384362738
6829,402165428,12737,402178165,0,6,1,24576,28,10253256499
6830,402205060,79304,402284364,0,8,0,15872,40,9721274034
6831,402212403,566,402212969,0,4,1,512,28,215873183
6832,402268261,5802,402274063,0,0,1,6144,2,2885026628
6833,402278476,2870,402281346,0,4,1,8704,28,2467202967
6834,402282250,155168,402437418,0,9,0,143872,3,6656299601
6835,402290977,48980,402339957,0,2,0,2048,41,7023647043
6836,402335677,44662,402380339,0,5,1,76800,48,9430748432
6837,402346744,11016,402357760,0,4,1,17920,28,9917410560
6838,402347505,617019,402964524,0,9,0,766464,3,9215231278
6839,402413651,88205,402501856,0,8,0,512,40,8357428278
6840,402416573,23983,402440556,0,8,1,39936,40,4827981848
6841,402436236,54610,402490846,0,8,0,3584,40,3981611450
6842,402475272,12995,402488267,0,4,1,25088,28,3154102436
6843,402562768,56337,402619105,0,7,1,96256,37,1936443959
6844,402582776,11533,402594309,0,8,1,18944,40,6723764313
6845,402604572,13253,402617825,0,6,1,25600,28,1307229638
6846,402614118,65687,402679805,0,7,1,111104,37,7293526958
6847,402644794,68662,402713456,0,7,1,110592,37,4109981787
6848,402683853,50672,402734525,0,3,0,2560,35,9076770071
6849,402760793,58064,402818857,0,8,0,6656,40,8064847736
6850,402790414,16096,402806510,0,8,1,31232,40,86148916
6851,402837996,10499,402848495,0,6,1,16896,28,2386255793
6852,402898651,179225,403077876,0,9,0,72192,3,5097539551
6853,403001762,52364,403054126,0,8,0,3072,40,3717519342
6854,403062429,137847,403200276,0,9,0,101888,3,8070753461
6855,403102137,32299,403134436,0,4,1,52736,28,9910938642
6856,403151559,30491,403182050,0,7,1,49152,37,3714063263
6857,403167747,59288,403227035,0,2,0,5632,41,9353496123
6858,403193002,6278,403199280,0,4,1,6656,28,5816399391
6859,403193692,108680,403302372,0,0,0,56832,2,7840133246
6860,403253312,53237,403306549,0,8,1,90112,40,2203058889
6861,403275562,31973,403307535,0,8,1,1536,40,630296101
6862,403344660,157329,403501989,0,7,1,259584,37,1393850417
6863,403365598,13600,403379198,0,4,1,23040,28,9542486702
6864,403478624,13083,403491707,0,6,1,22016,28,9956366033
6865,403599190,45596,403644786,0,8,0,1024,40,7776801873
6866,403629830,102440,403732270,0,0,0,36352,2,6320754609
6867,403643099,52364,403695463,0,2,0,3072,41,5969205188
6868,403648960,1518,403650478,0,4,1,1536,28,9442525910
6869,403663090,4850,403667940,0,4,1,5120,28,7402706132
6870,403695511,3128,403698639,0,6,1,9216,28,8547444926
6871,403757314,23120,403780434,0,8,1,41472,40,9768204925
6872,403780999,105670,403886669,0,7,1,175616,37,10283174073
6873,403805761,460016,404265777,0,7,1,702976,37,4836265847
6874,403824069,100100,403924169,0,9,0,28672,3,10555480756
6875,403843768,77744,403921512,0,3,0,10752,35,349148930
6876,403880723,5802,403886525,0,6,1,6144,28,7250821284
6877,403902207,80840,403983047,0,0,0,15872,2,2797952425
6878,404079522,6229,404085751,0,8,1,15360,40,1874577819
6879,404091581,174862,404266443,0,7,1,11264,37,4955728830
6880,404092125,82064,404174189,0,2,0,14848,41,2196387048
6881,404095340,3422,404098762,0,4,1,3584,28,5304137754
6882,404135454,54056,404189510,0,2,0,3584,41,8808180530
6883,404174075,2946,404177021,0,8,1,3072,40,10563766479
6884,404208119,5454,404213573,0,6,1,13824,28,4389172717
6885,404256843,33591,404290434,0,8,1,55296,40,6929677182
6886,404301692,12308,404314000,0,2,1,20480,41,9137953302
6887,404353352,43904,404397256,0,2,0,512,41,7333336645
6888,404363446,52808,404416254,0,7,1,86016,37,1455974542
6889,404423420,43904,404467324,0,2,0,512,41,2384649179
6890,404486031,52364,404538395,0,3,0,3072,35,4767471504
6891,404546532,44662,404591194,0,0,1,76800,2,10590608371
6892,404586035,3904,404589939,0,4,1,10752,28,8002604658
6893,404628205,1518,404629723,0,8,1,1536,40,52031382
6894,404721112,12566,404733678,0,1,1,20992,37,2657886097
6895,404782132,3645,404785777,0,6,1,10240,28,4856925221
6896,404825131,52988,404878119,0,8,0,5120,40,1548196380
6897,404888072,2870,404890942,0,4,1,8704,28,441415713
6898,404919048,52364,404971412,0,8,0,3072,40,1497921921
6899,404962853,152766,405115619,0,7,1,247296,37,8819725660
6900,404968312,11274,404979586,0,8,1,18432,40,9659781797
6901,405087782,4374,405092156,0,8,1,4608,40,2352602574
6902,405087882,22950,405110832,0,6,1,37888,28,948087212
6903,405188328,59132,405247460,0,2,0,5120,41,5114934629
6904,405192392,20366,405212758,0,4,1,32768,28,1008648910
6905,405233326,3128,405236454,0,6,1,9216,28,1279370689
6906,405259378,12737,405272115,0,4,1,24576,28,7170064821
6907,405270538,35571,405306109,0,0,1,62464,2,4154832444
6908,405365241,50984,405416225,0,8,0,3584,40,994275870
6909,405409472,92972,405502444,0,2,0,15360,41,96958210
6910,405449232,307760,405756992,0,0,0,387584,2,1290803058
6911,405500611,1994,405502605,0,8,1,2048,40,9201460326
6912,405518199,45596,405563795,0,2,0,1024,41,8327177656
6913,405535947,47288,405583235,0,3,0,1536,35,62743255
6914,405539001,247022,405786023,0,0,0,95232,2,7869065731
6915,405575362,82400,405657762,0,9,0,20992,3,10216678408
6916,405644986,74516,405719502,0,3,0,10240,35,9390180539
6917,405718150,14029,405732179,0,8,1,27136,40,4862288713
6918,405763648,14804,405778452,0,6,1,28672,28,3771208335
6919,405827643,121628,405949271,0,0,0,99328,2,4535399620
6920,405917422,16096,405933518,0,8,1,31232,40,7561436687
6921,405954027,62516,406016543,0,3,0,6144,35,3203847888
6922,405971097,438591,406409688,0,7,1,710656,37,10616303020
6923,406037853,369236,406407089,0,8,0,428032,40,4377296228
6924,406062287,26221,406088508,0,0,1,47616,2,9010734385
6925,406115201,53144,406168345,0,3,0,5632,35,559600283
6926,406150613,280273,406430886,0,7,1,68608,37,1648536380
6927,406187828,11274,406199102,0,8,1,18432,40,8018654087
6928,406227262,95468,406322730,0,0,0,23552,2,2729892097
6929,406366706,47605,406414311,0,8,1,7680,40,4862995652
6930,406459563,45596,406505159,0,2,0,1024,41,10463106035
6931,406526330,70976,406597306,0,2,0,8704,41,4641082825
6932,406580169,43904,406624073,0,2,0,512,41,9047485817
6933,406631771,71000,406702771,0,9,0,13824,3,1403424725
6934,406638305,130052,406768357,0,8,0,126976,40,9700867701
6935,406733060,404681,407137741,0,8,0,428544,40,4127225068
6936,406736273,48980,406785253,0,3,0,2048,35,4452772821
6937,406850419,4937,406855356,0,0,1,12800,2,4971202556
6938,406855747,4162,406859909,0,6,1,11264,28,10633444419
6939,406864573,10499,406875072,0,8,1,16896,40,5077670694
6940,406904631,24412,406929043,0,6,1,44032,28,938796827
6941,407012029,269972,407282001,0,1,0,288768,37,6681474242
6942,407043010,241316,407284326,0,9,0,270336,3,2685277523
6943,407047932,328680,407376612,0,9,0,224256,3,5105482830
6944,407057380,85290,407142670,0,8,1,12800,40,4351062344
6945,407071330,267670,407339000,0,7,1,437760,37,1942041335
6946,407166750,1518,407168268,0,0,1,1536,2,29205386
6947,407227890,7706,407235596,0,8,1,8192,40,4596532150
6948,407303486,15837,407319323,0,0,1,30720,2,410647908
6949,407448774,118040,407566814,0,9,0,87552,3,6427860814
6950,407501505,47288,407548793,0,3,0,1536,35,7998988686
6951,407537335,23208,407560543,0,7,1,38400,37,4131070342
6952,407583479,13083,407596562,0,6,1,22016,28,4550625508
6953,407643548,26479,407670027,0,6,1,48128,28,5835512965
6954,407732008,11791,407743799,0,0,1,19456,2,971998125
6955,407732123,122391,407854514,0,7,1,198144,37,9046933829
6956,407737738,540922,408278660,0,7,1,786432,37,9920406679
6957,407768091,48980,407817071,0,3,0,2048,35,5148652670
6958,407805193,171332,407976525,0,1,0,151552,37,10124470697
6959,407830375,1042,407831417,0,8,1,1024,40,147136190
6960,407908380,488800,408397180,0,7,1,387072,37,6450298875
6961,407930752,55748,407986500,0,3,0,4096,35,7044586505
6962,407945462,77324,408022786,0,4,0,19456,28,2822332396
6963,408012189,2870,408015059,0,6,1,8704,28,1636975818
6964,408021564,5454,408027018,0,8,1,13824,40,6819080308
6965,408032009,13512,408045521,0,8,1,26112,40,5476689559
6966,408054617,113106,408167723,0,8,0,22528,40,7926930209
6967,408062142,86828,408148970,0,4,0,15360,28,3237940795
6968,408102803,14029,408116832,0,0,1,27136,2,3309693549
6969,408173137,311970,408485107,0,7,1,289792,37,5233392624
6970,408177559,106184,408283743,0,4,0,48640,28,6517137113
6971,408258778,65900,408324678,0,3,0,7168,35,4329996256
6972,408264673,1518,408266191,0,8,1,1536,40,7746139463
6973,408342961,123656,408466617,0,3,0,105984,35,9275557370
6974,408348347,306640,408654987,0,3,0,274432,35,9244277360
6975,408377906,33333,408411239,0,6,1,54784,28,6175784285
6976,408401857,219140,408620997,0,8,0,258048,40,10620671706
6977,408440146,370391,408810537,0,3,0,289792,35,10476674543
6978,408501207,64208,408565415,0,2,0,6656,41,2346009444
6979,408560728,431479,408992207,0,7,1,703488,37,1813812932
6980,408591291,57440,408648731,0,0,0,4608,2,7765770507
6981,408720329,1518,408721847,0,0,1,1536,2,8214646265
6982,408731272,333873,409065145,0,7,1,234496,37,9007678381
6983,408781257,112896,408894153,0,3,0,19968,35,6049234253
6984,408794982,1042,408796024,0,0,1,1024,2,7268907200
6985,408800215,110864,408911079,0,0,0,64000,2,10705326404
6986,408885833,212428,409098261,0,3,0,228864,35,3301842773
6987,408896648,131527,409028175,0,0,0,84480,2,6625261454
6988,409100162,14804,409114966,0,0,1,28672,2,8684213124
6989,409109856,106496,409216352,0,8,0,49664,40,232933093
6990,409196613,5454,409202067,0,0,1,13824,2,5109570341
6991,409237185,323012,409560197,0,4,0,397312,28,6708579279
6992,409248713,43904,409292617,0,2,0,512,41,5967380257
6993,409267089,121784,409388873,0,1,0,99840,37,3356560348
6994,409275222,309008,409584230,0,8,0,391680,40,6710463461
6995,409297895,147571,409445466,0,0,0,47616,2,8819564819
6996,409359833,93176,409453009,0,9,0,26112,3,2017487491
6997,409394306,51955,409446261,0,0,0,2560,2,4729929564
6998,409413915,23120,409437035,0,7,1,41472,37,9191102070
6999,409456182,47288,409503470,0,2,0,1536,41,5866325198
7000,409583957,112268,409696225,0,4,0,68608,28,513560480
7001,409617745,16354,409634099,0,2,1,31744,41,685916717
7002,409628136,43904,409672040,0,2,0,512,41,9315021450
7003,409639270,495014,410134284,0,9,0,612864,3,9862547476
7004,409784134,145928,409930062,0,3,0,138752,35,4974094646
7005,409810362,443052,410253414,0,3,0,456704,35,2500148739
7006,409818790,502814,410321604,0,8,0,638464,40,3236446360
7007,409855911,84992,409940903,0,7,1,138752,37,6159106383
7008,410012127,70976,410083103,0,2,0,8704,41,9364739166
7009,410106859,121160,410228019,0,1,0,97792,37,5005330151
7010,410109804,263295,410373099,0,8,0,168960,40,1218437873
7011,410181027,121316,410302343,0,9,0,98304,3,5808362179
7012,410275336,609853,410885189,0,9,0,739840,3,4809133557
7013,410344030,60824,410404854,0,3,0,5632,35,3889133380
7014,410374494,905396,411279890,0,3,0,1187328,35,9246940697
7015,410508898,191840,410700738,0,1,0,168448,37,8744462923
7016,410525822,207284,410733106,0,0,0,219136,2,10099095007
7017,410571522,383900,410955422,0,4,0,476160,28,5858368408
7018,410650891,314998,410965889,0,4,0,34304,28,5023914021
7019,410665361,47288,410712649,0,2,0,1536,41,7958580653
7020,410723332,580285,411303617,0,3,0,77824,35,6509700470
7021,410908000,164065,411072065,0,4,0,48640,28,6244291356
7022,411030127,195116,411225243,0,9,0,179200,3,4779346611
7023,411036715,384023,411420738,0,3,0,84480,35,5495650011
7024,411184016,96356,411280372,0,4,0,16384,28,5516190878
7025,411212788,395132,411607920,0,1,0,513024,37,3533148867
7026,411295752,252419,411548171,0,3,0,168960,35,2979734122
7027,411450174,213836,411664010,0,8,0,240640,40,8110196447
7028,411667634,80396,411748030,0,1,0,19456,37,4498047341
7029,411907720,237308,412145028,0,4,0,267264,28,10499066211
7030,411947598,213836,412161434,0,3,0,240640,35,7894463761
7031,411992451,128024,412120475,0,8,0,120320,40,8970473595
7032,412106347,292084,412398431,0,8,0,289792,40,6989992873
7033,412186641,203384,412390025,0,4,0,206336,28,6188310752
7034,412285283,89636,412374919,0,0,0,24576,2,10656289057
7035,412349011,164974,412513985,0,4,0,107008,28,7668750740
7036,412575173,187472,412762645,0,4,0,154112,28,8611507923
7037,412796189,43904,412840093,0,2,0,512,41,3440680070
7038,412928261,97916,413026177,0,8,0,21504,40,575846169
7039,412945754,103844,413049598,0,3,0,40960,35,3009997260
7040,413042533,51140,413093673,0,2,0,4096,41,1114844923
7041,413170880,576926,413747806,0,0,0,720384,2,2807113893
7042,413565395,114296,413679691,0,4,0,75264,28,418819043
7043,413721760,4850,413726610,0,5,1,5120,48,5245540337
7044,413752461,188096,413940557,0,9,0,156160,3,8711044631
7045,413963483,214460,414177943,0,4,0,242688,28,4418071546
7046,414040912,489710,414530622,0,9,0,595456,3,8144187361
7047,414227943,6754,414234697,0,4,1,7168,28,9580371895
7048,414386414,128492,414514906,0,0,0,121856,2,2236028747
7049,414480773,153217,414633990,0,9,0,39424,3,7266243656
7050,414480893,173125,414654018,0,9,0,19456,3,1652042564
7051,414532230,114608,414646838,0,1,0,76288,37,3431811893
7052,414562413,102440,414664853,0,8,0,36352,40,3718506176
7053,414630292,45596,414675888,0,2,0,1024,41,7170903839
7054,414727770,70976,414798746,0,5,0,8704,48,2159355392
7055,414735262,277028,415012290,0,8,0,286720,40,9702800086
7056,414868986,293096,415162082,0,4,0,339456,28,8899768933
7057,414891139,154115,415045254,0,8,0,95232,40,9581936163
7058,414901899,297014,415198913,0,4,0,120832,28,9796740930
7059,415010217,277161,415287378,0,8,0,287744,40,1991983082
7060,415019008,77744,415096752,0,9,0,10752,3,3779363908
7061,415047486,285311,415332797,0,8,0,148992,40,3607113876
7062,415247755,319763,415567518,0,8,0,296960,40,5999829429
7063,415285307,198236,415483543,0,9,0,189440,3,1582064002
7064,415370157,566,415370723,0,5,1,512,48,5550946895
7065,415503599,199952,415703551,0,1,0,195072,37,948392621
7066,415577655,109460,415687115,0,0,0,59392,2,2588474086
7067,415586465,135224,415721689,0,1,0,26624,37,423846109
7068,415604214,164185,415768399,0,1,0,22528,37,9281952746
7069,415614273,90860,415705133,0,0,0,23552,2,1959178381
7070,415617115,184892,415802007,0,3,0,160768,35,1542044579
7071,415678262,181139,415859401,0,1,0,128512,37,4679218029
7072,415760925,155838,415916763,0,3,0,76800,35,5783267502
7073,415888573,380936,416269509,0,1,0,466432,37,2473756448
7074,415908130,106028,416014158,0,9,0,48128,3,3440451539
7075,415928952,112783,416041735,0,7,1,182784,37,6661079822
7076,415960364,15321,415975685,0,6,1,29696,28,699580897
7077,415974311,156992,416131303,0,0,0,139776,2,9881348026
7078,416106434,191684,416298118,0,9,0,167936,3,3017741065
7079,416223363,194648,416418011,0,9,0,177664,3,5868059320
7080,416324476,88988,416413464,0,8,0,17408,40,8354466881
7081,416358848,48980,416407828,0,2,0,2048,41,644931595
7082,416371469,4374,416375843,0,5,1,4608,48,7243615681
7083,416483616,121940,416605556,0,4,0,100352,28,3147293274
7084,416552812,106184,416658996,0,1,0,48640,37,9006160793
7085,416573705,10499,416584204,0,9,1,16896,3,3150607038
7086,416596493,138925,416735418,0,1,0,91648,37,6303052245
7087,416645561,101372,416746933,0,1,0,5120,37,8147164159
7088,416752782,13083,416765865,0,4,1,22016,28,7355018241
7089,417012998,1518,417014516,0,9,1,1536,3,10499119641
7090,417076310,5971,417082281,0,9,1,14848,3,3181089867
7091,417099588,21141,417120729,0,4,1,34304,28,4850736631
7092,417102684,183185,417285869,0,4,0,114688,28,5425028052
7093,417189891,23120,417213011,0,8,1,41472,40,917962247
7094,417334486,14545,417349031,0,5,1,28160,48,9012244516
7095,417367903,3898,417371801,0,4,1,4096,28,8856994424
7096,417495229,3128,417498357,0,4,1,9216,28,5462199870
7097,417514022,95444,417609466,0,0,0,18432,2,7818396222
7098,417592130,2946,417595076,0,9,1,3072,3,5769479395
7099,417673653,50672,417724325,0,3,0,2560,35,129326836
7100,417677997,34367,417712364,0,8,1,56832,40,4929978602
7101,417694410,198080,417892490,0,1,0,188928,37,9643538849
7102,417807882,13341,417821223,0,9,1,22528,3,2307437895
7103,417839696,3645,417843341,0,4,1,10240,28,273298791
7104,417873254,40874,417914128,0,9,1,66048,3,1260721647
7105,417959780,116948,418076728,0,1,0,83968,37,662991194
7106,417996912,84692,418081604,0,9,0,18432,3,8946422992
7107,417998049,47288,418045337,0,2,0,1536,41,2421180151
7108,418062471,119497,418181968,0,1,0,45568,37,6599953080
7109,418164787,1994,418166781,0,9,1,2048,3,5310664293
7110,418172191,10499,418182690,0,5,1,16896,48,2585383378
7111,418226970,108836,418335806,0,4,0,57344,28,8053929172
7112,418245022,247900,418492922,0,4,0,250368,28,6374000899
7113,418261940,257541,418519481,0,4,0,87040,28,878660479
7114,418328883,13253,418342136,0,5,1,25600,48,3254417803
7115,418342010,24929,418366939,0,9,1,45056,3,1463853358
7116,418395425,43904,418439329,0,2,0,512,41,6234677342
7117,418399497,5971,418405468,0,9,1,14848,3,7723920684
7118,418400202,489398,418889600,0,8,0,594432,40,3681816715
7119,418426208,116610,418542818,0,4,1,41984,28,10436740206
7120,418461046,458053,418919099,0,8,0,96768,40,9483997500
7121,418465305,82698,418548003,0,4,1,24576,28,1612451572
7122,418479510,72039,418551549,0,4,1,5632,28,53514736
7123,418596148,7706,418603854,0,9,1,8192,3,3699952979
7124,418653515,4374,418657889,0,5,1,4608,48,8012041854
7125,418671848,72668,418744516,0,2,0,9216,41,1773409704
7126,418674176,83600,418757776,0,3,0,14848,35,5311517753
7127,418701691,211496,418913187,0,9,0,232960,3,1388165604
7128,418781552,5712,418787264,0,5,1,14336,48,9481331085
7129,418793058,2470,418795528,0,5,1,2560,48,6901898084
7130,418826978,13770,418840748,0,4,1,26624,28,9991781994
7131,418831501,82637,418914138,0,9,0,3072,3,10469761671
7132,418898989,60824,418959813,0,0,0,5632,2,8620465615
7133,418926108,7706,418933814,0,4,1,8192,28,4855219343
7134,418960898,7706,418968604,0,5,1,8192,48,1846486560
7135,418978855,67592,419046447,0,2,0,7680,41,7473126849
7136,419003503,50999,419054502,0,4,1,82432,28,781008358
7137,419089405,1518,419090923,0,8,1,1536,40,2028223145
7138,419095751,306980,419402731,0,3,0,385024,35,2802973356
7139,419151942,216800,419368742,0,0,0,250368,2,5389481246
7140,419230466,14029,419244495,0,5,1,27136,48,10429974318
7141,419236741,12260,419249001,0,5,1,7168,48,8558177757
7142,419241505,177680,419419185,0,1,0,91136,37,9831018722
7143,419250901,227696,419478597,0,1,0,155648,37,224978520
7144,419289019,411792,419700811,0,3,0,355840,35,2550138503
7145,419350112,162691,419512803,0,1,0,39936,37,1885973328
7146,419412133,33245,419445378,0,3,1,57856,35,1533149855
7147,419438784,119288,419558072,0,4,0,91648,28,3600861514
7148,419534545,26941,419561486,0,4,1,3584,28,5014726483
7149,419550295,10241,419560536,0,9,1,16384,3,1389582863
7150,419581931,10499,419592430,0,9,1,16896,3,3920591078
7151,419607387,32299,419639686,0,9,1,52736,3,4838501036
7152,419644251,26738,419670989,0,9,1,48640,3,6351515558
7153,419704222,103688,419807910,0,8,0,40448,40,5478485378
7154,419780181,23895,419804076,0,4,1,43008,28,8099511358
7155,419813188,6754,419819942,0,4,1,7168,28,108285035
7156,419938916,6278,419945194,0,4,1,6656,28,7293071278
7157,419996133,4374,420000507,0,5,1,4608,48,8736201541
7158,420010147,199328,420209475,0,4,0,193024,28,2361151231
7159,420184216,48980,420233196,0,2,0,2048,41,7641909079
7160,420216016,26479,420242495,0,4,1,48128,28,1114397511
7161,420245309,53237,420298546,0,9,1,90112,3,7152677279
7162,420269602,4937,420274539,0,4,1,12800,28,9347290217
7163,420440802,3387,420444189,0,4,1,9728,28,1096869879
7164,420454738,12995,420467733,0,4,1,25088,28,7124195916
7165,420638050,16613,420654663,0,5,1,32256,48,9181735893
7166,420659547,261020,420920567,0,4,0,279552,28,571208617
7167,420701491,5454,420706945,0,4,1,13824,28,4891982218
7168,420702074,127244,420829318,0,8,0,117760,40,2770342053
7169,420763097,168717,420931814,0,4,0,36864,28,2278961053
7170,420813553,4850,420818403,0,4,1,5120,28,7374762922
7171,420861180,12308,420873488,0,9,1,20480,3,6528973341
7172,420917128,7706,420924834,0,9,1,8192,3,6273783520
7173,421020923,7230,421028153,0,4,1,7680,28,9643004810
7174,421123520,82976,421206496,0,1,0,12800,37,6892828261
7175,421252917,50672,421303589,0,9,0,2560,3,10073204628
7176,421253832,1994,421255826,0,9,1,2048,3,8196070533
7177,421273887,181328,421455215,0,1,0,154112,37,7479632737
7178,421281034,11791,421292825,0,9,1,19456,3,7209315212
7179,421283553,221624,421505177,0,1,0,90112,37,4284026460
7180,421291116,3645,421294761,0,4,1,10240,28,3052235823
7181,421308386,112112,421420498,0,8,0,68096,40,1413535234
7182,421335659,67748,421403407,0,3,0,8192,35,10616072122
7183,421436700,32041,421468741,0,9,1,52224,3,1803530058
7184,421469786,101036,421570822,0,4,0,31744,28,5227335024
7185,421488505,213680,421702185,0,3,0,240128,35,7413659131
7186,421527638,1042,421528680,0,9,1,1024,3,1761018957
7187,421571151,344202,421915353,0,3,0,317440,35,10346574185
7188,421625853,12825,421638678,0,4,1,21504,28,1014579083
7189,421704743,2946,421707689,0,4,1,3072,28,10719492386
7190,421734451,106340,421840791,0,9,0,49152,3,9157463992
7191,421749417,179055,421928472,0,3,0,43008,35,1058495381
7192,421807867,189656,421997523,0,9,0,161280,3,5446181765
7193,421846425,107120,421953545,0,1,0,51712,37,7657553100
7194,421867623,188144,422055767,0,1,0,159232,37,9665946755
7195,421911392,119600,422030992,0,4,0,92672,28,6210587604
7196,421923093,3387,421926480,0,4,1,9728,28,620696906
7197,422003294,466454,422469748,0,0,0,549376,2,10718003937
7198,422008721,280772,422289493,0,8,0,299008,40,8578735193
7199,422099766,3422,422103188,0,9,1,3584,3,1222250747
7200,422153360,130381,422283741,0,9,0,5120,3,8813394811
7201,422190887,4937,422195824,0,4,1,12800,28,2106127857
7202,422228875,129584,422358459,0,5,0,125440,48,7394847022
7203,422286975,3898,422290873,0,4,1,4096,28,1862259858
7204,422322122,5802,422327924,0,4,1,6144,28,1017304527
7205,422333024,111332,422444356,0,3,0,65536,35,8559008057
7206,422346652,130208,422476860,0,1,0,127488,37,3728015011
7207,422484750,76052,422560802,0,1,0,10240,37,708444652
7208,422518013,96692,422614705,0,0,0,22528,2,3167529746
7209,422648490,111488,422759978,0,5,0,66048,48,6477713399
7210,422693770,221170,422914940,0,5,0,185344,48,10190785801
7211,422694290,76076,422770366,0,8,0,15360,40,7478008682
7212,422740497,7230,422747727,0,4,1,7680,28,6606591038
7213,422808760,3422,422812182,0,4,1,3584,28,3509293011
7214,422825792,109460,422935252,0,3,0,59392,35,509559582
7215,422880485,105716,422986201,0,3,0,47104,35,2198383272
7216,422891571,60824,422952395,0,4,0,5632,28,861854959
7217,422992187,174692,423166879,0,0,0,147456,2,2545793752
7218,423018465,113828,423132293,0,1,0,73728,37,7952968457
7219,423037976,76832,423114808,0,5,0,12800,48,8568019639
7220,423049660,12308,423061968,0,3,1,20480,35,9110760487
7221,423049881,50672,423100553,0,2,0,2560,41,7682713714
7222,423054038,192932,423246970,0,9,0,172032,3,788228380
7223,423128418,321830,423450248,0,3,0,367104,35,1512857526
7224,423234911,134996,423369907,0,5,0,133120,48,2308944125
7225,423243821,243476,423487297,0,4,0,272384,28,8498851855
7226,423266105,219920,423486025,0,2,0,260608,41,6789521809
7227,423296936,566,423297502,0,4,1,512,28,8964046066
7228,423335297,138054,423473351,0,3,0,75776,35,1071039796
7229,423403138,162644,423565782,0,4,0,112640,28,6627338235
7230,423425290,104312,423529602,0,9,0,42496,3,5537302908
7231,423440224,43876,423484100,0,3,1,17408,35,2535502536
7232,423487606,5196,423492802,0,3,1,13312,35,7508612825
7233,423521574,91616,423613190,0,4,0,20992,28,8381031375
7234,423527844,69308,423597152,0,1,0,13312,37,1208953109
7235,423604430,8775,423613205,0,4,1,3072,28,9918982041
7236,423711334,3422,423714756,0,4,1,3584,28,3740878976
7237,423780126,130988,423911114,0,3,0,130048,35,1849249839
7238,423789158,370640,424159798,0,2,0,432640,41,830404232
7239,423805329,22433,423827762,0,3,1,36864,35,9099531203
7240,423819501,119756,423939257,0,8,0,93184,40,493584329
7241,423833464,101192,423934656,0,4,0,32256,28,8223835620
7242,423908844,159620,424068464,0,9,0,143360,3,1206930256
7243,423933099,33762,423966861,0,3,1,58880,35,438871692
7244,424036788,215270,424252058,0,3,0,178688,35,2692289198
7245,424130487,121075,424251562,0,2,0,21504,41,1195353188
7246,424134931,111644,424246575,0,8,0,66560,40,78668339
7247,424232257,141554,424373811,0,8,0,117760,40,7047667521
7248,424254984,130052,424385036,0,0,0,126976,2,4517299301
7249,424281305,105716,424387021,0,1,0,47104,37,268070259
7250,424319087,24242,424343329,0,4,1,40448,28,1616157045
7251,424431500,115700,424547200,0,5,0,79872,48,10334380340
7252,424443433,5802,424449235,0,3,1,6144,35,10064652637
7253,424491624,201424,424693048,0,5,0,147968,48,7529003143
7254,424514406,657122,425171528,0,2,0,822272,41,8360406714
7255,424545516,14804,424560320,0,4,1,28672,28,9831759588
7256,424620280,43904,424664184,0,1,0,512,37,6584648265
7257,424621501,487682,425109183,0,0,0,588800,2,6845352138
7258,424660458,6754,424667212,0,4,1,7168,28,6747064359
7259,424667782,123032,424790814,0,3,0,103936,35,6192027622
7260,424879402,277184,425156586,0,8,0,287232,40,3793485461
7261,424951075,603253,425554328,0,2,0,472576,41,1893128296
7262,424958911,11533,424970444,0,3,1,18944,35,1995481411
7263,424985008,112580,425097588,0,3,0,69632,35,3118285950
7264,425016588,217491,425234079,0,0,0,110080,2,2661172049
7265,425065883,152249,425218132,0,7,1,246272,37,7437991359
7266,425095835,279467,425375302,0,3,0,288768,35,3562377482
7267,425117103,287792,425404895,0,4,0,322048,28,6071706087
7268,425119152,147822,425266974,0,8,0,62464,40,9462229141
7269,425145366,5802,425151168,0,4,1,6144,28,10136858825
7270,425223453,4937,425228390,0,5,1,12800,48,6927634576
7271,425268933,4937,425273870,0,4,1,12800,28,1212310339
7272,425272527,375032,425647559,0,4,0,334848,28,7698477607
7273,425292681,496029,425788710,0,4,0,281600,28,9183111996
7274,425294892,43904,425338796,0,8,0,512,40,9737389458
7275,425326082,205100,425531182,0,9,0,211968,3,8324930241
7276,425331030,479666,425810696,0,2,0,525312,41,3944443783
7277,425332005,228848,425560853,0,0,0,264704,2,10653275934
7278,425345014,62516,425407530,0,8,0,6144,40,5196717834
7279,425358041,54056,425412097,0,8,0,3584,40,1866508235
7280,425552410,98803,425651213,0,4,1,10240,28,743019794
7281,425558010,295592,425853602,0,9,0,347648,3,7134406217
7282,425595121,220426,425815547,0,2,0,15872,41,295435722
7283,425607850,263395,425871245,0,9,0,57856,3,1547126519
7284,425630537,26429,425656966,0,4,1,6656,28,4399051523
7285,425694922,99632,425794554,0,1,0,27136,37,3386328010
7286,425732986,268450,426001436,0,9,0,209408,3,1542590968
7287,425764701,102128,425866829,0,0,0,35328,2,5602635168
7288,425798806,141745,425940551,0,0,0,59392,2,911998822
7289,425802678,113562,425916240,0,4,0,33280,28,1175494393
7290,425855244,270689,426125933,0,0,0,278528,2,2881231657
7291,425875220,298088,426173308,0,5,0,355840,48,8031562593
7292,425933209,283892,426217101,0,3,0,309248,35,4478253863
7293,425943132,102908,426046040,0,1,0,37888,37,1308175837
7294,425956985,148220,426105205,0,4,0,136192,28,1386863656
7295,426041821,116948,426158769,0,2,0,83968,41,5950965316
7296,426209409,9678,426219087,0,3,1,2048,35,9398982076
7297,426261392,98228,426359620,0,9,0,22528,3,9693232656
7298,426345694,203696,426549390,0,9,0,207360,3,6880709019
7299,426349632,23725,426373357,0,5,1,39424,48,402755982
7300,426363498,192147,426555645,0,9,0,20480,3,401594021
7301,426389898,4937,426394835,0,8,1,12800,40,7917473178
7302,426398788,21399,426420187,0,4,1,34816,28,4429013754
7303,426433395,70976,426504371,0,2,0,8704,41,2547729356
7304,426439207,5971,426445178,0,4,1,14848,28,657503420
7305,426524777,116168,426640945,0,4,0,81408,28,4153291032
7306,426624722,206348,426831070,0,2,0,216064,41,6384511149
7307,426629515,26484,426655999,0,4,1,29184,28,3623769231
7308,426649967,66212,426716179,0,8,0,8192,40,6839922651
7309,426695838,59132,426754970,0,5,0,5120,48,5207418949
7310,426736681,109767,426846448,0,0,0,50688,2,5616909638
7311,426739640,211370,426951010,0,0,0,165888,2,9919884002
7312,426743343,11791,426755134,0,1,1,19456,37,1894439862
7313,426772428,189310,426961738,0,2,0,129024,41,7551497179
7314,426792845,189563,426982408,0,0,0,40960,2,6503264858
7315,426848341,10241,426858582,0,1,1,16384,37,10719524800
7316,426866022,13770,426879792,0,4,1,26624,28,3012367452
7317,426880189,111644,426991833,0,4,0,66560,28,9262102934
7318,426959779,4162,426963941,0,1,1,11264,37,7021476922
7319,426976065,55748,427031813,0,8,0,4096,40,6546578931
7320,427080429,121004,427201433,0,5,0,97280,48,1010011711
7321,427092298,20366,427112664,0,4,1,32768,28,5826167855
7322,427121873,10499,427132372,0,5,1,16896,48,7337977831
7323,427208958,116636,427325594,0,1,0,82944,37,4979527819
7324,427231531,109928,427341459,0,4,0,60928,28,9792660826
7325,427262710,213731,427476441,0,4,0,144896,28,3318885989
7326,427297341,243476,427540817,0,9,0,272384,3,9195204335
7327,427313569,52364,427365933,0,8,0,3072,40,3214604780
7328,427377061,1042,427378103,0,1,1,1024,37,5012130895
7329,427448457,123000,427571457,0,4,0,27136,28,9309085631
7330,427499654,101660,427601314,0,3,0,33792,35,1940992586
7331,427522107,42424,427564531,0,5,1,69120,48,4238462785
7332,427630203,5326,427635529,0,5,1,5632,48,2709917731
7333,427630563,277028,427907591,0,3,0,286720,35,4235047956
7334,427669577,33850,427703427,0,5,1,55808,48,7927411556
7335,427692949,25187,427718136,0,1,1,45568,37,2625930262
7336,427780780,11016,427791796,0,5,1,17920,48,128046292
7337,427789769,75476,427865245,0,2,0,18432,41,7968614635
7338,427905942,12737,427918679,0,1,1,24576,37,8349007030
7339,428025685,15062,428040747,0,8,1,29184,40,1696880307
7340,428026656,197768,428224424,0,3,0,187904,35,3304082478
7341,428028659,7706,428036365,0,5,1,8192,48,1090113130
7342,428120926,45596,428166522,0,9,0,1024,3,9318142642
7343,428169787,7706,428177493,0,4,1,8192,28,10521871002
7344,428231265,20624,428251889,0,1,1,33280,37,9173881174
7345,428255126,46729,428301855,0,1,1,80896,37,2432966066
7346,428267553,51296,428318849,0,8,0,4608,40,3429500059
7347,428319943,253340,428573283,0,4,0,279552,28,1056839054
7348,428403315,165140,428568455,0,2,0,141312,41,6392747846
7349,428440987,62516,428503503,0,3,0,6144,35,8080981342
7350,428548155,4374,428552529,0,1,1,4608,37,7740005444
7351,428559909,4162,428564071,0,1,1,11264,37,6057685329
7352,428602391,90524,428692915,0,4,0,17408,28,1984945028
7353,428619045,79436,428698481,0,5,0,11264,48,1619929664
7354,428703222,662696,429365918,0,3,0,824320,35,3429193738
7355,428709901,50672,428760573,0,5,0,2560,48,6403668776
7356,428720539,15062,428735601,0,5,1,29184,48,10655755129
7357,428734568,209936,428944504,0,9,0,227840,3,754533028
7358,428807560,304354,429111914,0,3,0,15872,35,1620609167
7359,428886977,45596,428932573,0,8,0,1024,40,6193623919
7360,429057769,360580,429418349,0,3,0,172032,35,7795038162
7361,429067752,44145,429111897,0,1,1,75776,37,9509321112
7362,429367560,15837,429383397,0,1,1,30720,37,2737579698
7363,429448540,6278,429454818,0,1,1,6656,37,8463181595
7364,429466903,190904,429657807,0,9,0,165376,3,8642687409
7365,429526912,343808,429870720,0,4,0,410112,28,8251246446
7366,429527945,7230,429535175,0,5,1,7680,48,9454115123
7367,429554055,2946,429557001,0,5,1,3072,48,3717377799
7368,429830335,107744,429938079,0,9,0,53760,3,5412262
7369,429938927,190592,430129519,0,5,0,164352,48,2620696707
7370,429982008,117728,430099736,0,4,0,86528,28,9163081919
7371,430081245,63587,430144832,0,5,1,29696,48,4314123777
7372,430167914,3128,430171042,0,1,1,9216,37,9989133936
7373,430198265,114764,430313029,0,3,0,76800,35,9804609166
7374,430203319,164322,430367641,0,3,0,94720,35,195005365
7375,430272952,167433,430440385,0,3,0,33792,35,9487008240
7376,430287612,201824,430489436,0,2,0,201216,41,2699580510
7377,430319381,4850,430324231,0,6,1,5120,28,827987543
7378,430452342,178676,430631018,0,9,0,145408,3,8797584095
7379,430458521,138068,430596589,0,4,0,133120,28,7642874909
7380,430499618,98540,430598158,0,2,0,23552,41,3541963192
7381,430611623,134307,430745930,0,9,0,77312,3,5889192117
7382,430822961,175292,430998253,0,4,0,144384,28,1774832837
7383,430939813,1518,430941331,0,5,1,1536,48,5692541233
7384,430963834,274868,431238702,0,2,0,284672,41,5276276127
7385,430994642,148630,431143272,0,2,0,5632,41,7175398896
7386,431136095,205825,431341920,0,2,0,196608,41,974093862
7387,431179556,298418,431477974,0,4,0,123904,28,9347852327
7388,431187537,438985,431626522,0,4,0,455168,28,9700127986
7389,431299997,48980,431348977,0,8,0,2048,40,2896185873
7390,431331060,33591,431364651,0,5,1,55296,48,9872100624
7391,431383100,113048,431496148,0,2,0,71168,41,4958614663
7392,431386880,168771,431555651,0,5,0,132608,48,516068928
7393,431428310,158001,431586311,0,5,0,87040,48,6162458203
7394,431481230,224066,431705296,0,2,0,225280,41,9421649262
7395,431491608,206348,431697956,0,9,0,216064,3,468763910
7396,431523170,63156,431586326,0,5,1,14848,48,1947526687
7397,431546269,177321,431723590,0,2,0,57344,41,8260934016
7398,431806781,201512,432008293,0,9,0,200192,3,8518494358
7399,431814619,7706,431822325,0,5,1,8192,48,4905990297
7400,431854160,208220,432062380,0,3,0,222208,35,1241552416
7401,431929760,6488,431936248,0,4,1,15872,28,1013554469
7402,431953141,2870,431956011,0,5,1,8704,48,7628932764
7403,431973559,124125,432097684,0,3,0,38400,35,7579675128
7404,432035109,43904,432079013,0,8,0,512,40,5283385562
7405,432047661,80060,432127721,0,2,0,13312,41,2170432571
7406,432103944,215396,432319340,0,9,0,245760,3,10356131127
7407,432247054,3128,432250182,0,4,1,9216,28,2397945584
7408,432259600,161392,432420992,0,9,0,33792,3,10411939024
7409,432376994,3904,432380898,0,4,1,10752,28,1228437474
7410,432385860,198392,432584252,0,5,0,189952,48,4984707955
7411,432436130,52520,432488650,0,8,0,3584,40,8689298139
7412,432567294,40675,432607969,0,5,1,39424,48,10446761982
7413,432663541,201200,432864741,0,9,0,199168,3,6846980502
7414,432666963,105248,432772211,0,5,0,45568,48,9847582614
7415,432717442,289163,433006605,0,9,0,203776,3,7726251709
7416,432786599,13600,432800199,0,4,1,23040,28,6236598732
7417,432802477,10499,432812976,0,5,1,16896,48,9108732579
7418,432871738,43904,432915642,0,8,0,512,40,8877789490
7419,432904494,13341,432917835,0,0,1,22528,2,607138291
7420,433004664,11274,433015938,0,0,1,18432,2,5137663081
7421,433065096,45596,433110692,0,8,0,1024,40,7794327120
7422,433217154,2870,433220024,0,5,1,8704,48,6801690794
7423,433307057,3904,433310961,0,9,1,10752,3,10532409277
7424,433422317,121940,433544257,0,3,0,100352,35,6582956627
7425,433434696,25446,433460142,0,9,1,46080,3,10436735927
7426,433446259,196676,433642935,0,4,0,184320,28,7354309804
7427,433469756,159881,433629637,0,3,0,80896,35,2719607503
7428,433482634,102440,433585074,0,2,0,36352,41,3177403251
7429,433497653,2946,433500599,0,0,1,3072,2,4455326307
7430,433511962,50672,433562634,0,8,0,2560,40,9394070003
7431,433653338,4374,433657712,0,9,1,4608,3,2859856190
7432,433668411,130208,433798619,0,2,0,127488,41,5380608441
7433,433675323,129740,433805063,0,5,0,125952,48,9495658172
7434,433729944,99164,433829108,0,4,0,25600,28,297429105
7435,433738900,66178,433805078,0,5,1,67584,48,9367812242
7436,433747254,14029,433761283,0,8,1,27136,40,2969502820
7437,433794675,102658,433897333,0,8,1,166400,40,10422700548
7438,433838468,7706,433846174,0,1,1,8192,37,5392660347
7439,433860516,2870,433863386,0,5,1,8704,48,3897301826
7440,433866128,11274,433877402,0,1,1,18432,37,1683668247
7441,433876748,5971,433882719,0,0,1,14848,2,5335680570
7442,433906154,5802,433911956,0,2,1,6144,41,4775588633
7443,434011122,5712,434016834,0,1,1,14336,37,9890220207
7444,434102484,108836,434211320,0,5,0,57344,48,1705918381
7445,434253674,31783,434285457,0,1,1,51712,37,9156955849
7446,434330719,103532,434434251,0,2,0,39936,41,8381339711
7447,434334215,67592,434401807,0,5,0,7680,48,7951867116
7448,434342818,95287,434438105,0,2,1,158720,41,5614808052
7449,434369822,5196,434375018,0,9,1,13312,3,9244745236
7450,434376321,4162,434380483,0,9,1,11264,3,6356281412
7451,434496702,295748,434792450,0,9,0,348160,3,4186993735
7452,434506661,4162,434510823,0,9,1,11264,3,5920840441
7453,434540719,25187,434565906,0,9,1,45568,3,9913382080
7454,434612949,33503,434646452,0,2,1,58368,41,1734607470
7455,434619300,189077,434808377,0,9,0,52224,3,9941088026
7456,434619546,3422,434622968,0,9,1,3584,3,2055652931
7457,434625462,105404,434730866,0,3,0,46080,35,1021153788
7458,434641976,95562,434737538,0,2,0,4096,41,2293311916
7459,434646350,11274,434657624,0,9,1,18432,3,2327439055
7460,434675446,76388,434751834,0,3,0,16384,35,4837621649
7461,434709833,12825,434722658,0,1,1,21504,37,4240715680
7462,434750523,4420,434754943,0,1,1,11776,37,5240778250
7463,434816650,197300,435013950,0,2,0,186368,41,1260225505
7464,434825192,11533,434836725,0,5,1,18944,48,4148808083
7465,434837461,16096,434853557,0,5,1,31232,48,5077467236
7466,434881354,62158,434943512,0,2,1,100864,41,9722141557
7467,434967958,284313,435252271,0,2,1,390656,41,2332656714
7468,434969015,153391,435122406,0,5,0,124416,48,9889708454
7469,435205235,197312,435402547,0,2,1,324096,41,4497101319
7470,435211638,107432,435319070,0,9,0,52736,3,953964993
7471,435276343,44404,435320747,0,1,1,76288,37,1773078259
7472,435315589,14489,435330078,0,9,1,17920,3,10476523768
7473,435379338,53066,435432404,0,1,1,86528,37,7943876291
7474,435422328,251890,435674218,0,2,0,144896,41,10606556004
7475,435467962,10499,435478461,0,9,1,16896,3,376141881
7476,435499139,14545,435513684,0,4,1,28160,28,9569659974
7477,435580313,122927,435703240,0,2,0,37376,41,2214624049
7478,435643792,159492,435803284,0,2,0,66048,41,9150682588
7479,435652666,78548,435731214,0,9,0,18432,3,2869646123
7480,435691632,121524,435813156,0,9,0,59392,3,1001196020
7481,435760952,121628,435882580,0,3,0,99328,35,431824871
7482,435790194,102752,435892946,0,4,0,37376,28,257413603
7483,435833704,10241,435843945,0,1,1,16384,37,5192751529
7484,435833970,302768,436136738,0,3,0,371200,35,4758575731
7485,435895527,483782,436379309,0,9,0,576000,3,2271487951
7486,435896361,104936,436001297,0,4,0,44544,28,10635822051
7487,435945065,47288,435992353,0,8,0,1536,40,5455519835
7488,436140403,241581,436381984,0,9,0,8704,3,3050171923
7489,436213842,217823,436431665,0,9,0,3072,3,408050887
7490,436377806,120026,436497832,0,9,0,80384,3,5639366108
7491,436383689,61292,436444981,0,1,0,7168,37,9211626873
7492,436390067,83870,436473937,0,2,1,139776,41,5056875984
7493,436400285,321115,436721400,0,2,1,472064,41,2160539546
7494,436453383,207128,436660511,0,3,0,218624,35,7446228243
7495,436479940,50672,436530612,0,1,0,2560,37,7656577493
7496,436558220,57908,436616128,0,8,0,6144,40,6488827226
7497,436674017,41649,436715666,0,5,1,67584,48,115132155
7498,436828650,69284,436897934,0,4,0,8192,28,8556421022
7499,436883966,3904,436887870,0,9,1,10752,3,9043711024
7500,437073367,215708,437289075,0,3,0,246784,35,1893856728
7501,437079602,5971,437085573,0,9,1,14848,3,7271401010
7502,437283649,297308,437580957,0,2,0,353280,41,5048692466
7503,437308303,67592,437375895,0,8,0,7680,40,7176868639
7504,437367598,56060,437423658,0,8,0,5120,40,966299672
7505,437429610,12995,437442605,0,4,1,25088,28,1834462176
7506,437447446,54368,437501814,0,8,0,4608,40,360338969
7507,437450758,45596,437496354,0,8,0,1024,40,5036746723
7508,437524542,48980,437573522,0,8,0,2048,40,3615791199
7509,437533253,13083,437546336,0,9,1,22016,3,6935254742
7510,437552945,137177,437690122,0,2,0,58368,41,5648701556
7511,437560588,274769,437835357,0,2,0,212480,41,8215532301
7512,437583640,42166,437625806,0,9,1,68608,3,9141831342
7513,437622108,216333,437838441,0,9,0,148992,3,34158524
7514,437623830,1042,437624872,0,4,1,1024,28,3385156134
7515,437640243,104156,437744399,0,9,0,41984,3,8978754908
7516,437698259,279052,437977311,0,9,0,210432,3,4814162295
7517,437708176,4420,437712596,0,4,1,11776,28,1844975933
7518,437713056,3128,437716184,0,9,1,9216,3,9841868210
7519,437759096,101624,437860720,0,4,1,164352,28,37080265
7520,437792523,20366,437812889,0,5,1,32768,48,9304035509
7521,437816640,21658,437838298,0,0,1,35328,2,10267845176
7522,437850551,2870,437853421,0,0,1,8704,2,969376041
7523,437902233,12308,437914541,0,0,1,20480,2,3730973639
7524,437904922,10925,437915847,0,0,1,2048,2,10311962176
7525,437905888,125840,438031728,0,2,0,113152,41,5127777343
7526,437972351,7706,437980057,0,0,1,8192,2,7584077384
7527,438003440,44404,438047844,0,4,1,76288,28,167691578
7528,438077609,208844,438286453,0,9,0,224256,3,7471641039
7529,438102512,21658,438124170,0,0,1,35328,2,2681983107
7530,438104591,215066,438319657,0,4,1,348672,28,6899742561
7531,438122284,12308,438134592,0,0,1,20480,2,1877025484
7532,438138703,6278,438144981,0,0,1,6656,2,10692115405
7533,438150402,417309,438567711,0,4,0,144384,28,2297393750
7534,438151107,372597,438523704,0,4,0,92160,28,2643307739
7535,438169782,4850,438174632,0,9,1,5120,3,548446162
7536,438248813,102284,438351097,0,3,0,35840,35,1855553434
7537,438283487,123424,438406911,0,4,1,200192,28,2466110114
7538,438326242,3128,438329370,0,0,1,9216,2,1233397871
7539,438370582,239624,438610206,0,4,0,57344,28,7484592586
7540,438421828,43628,438465456,0,4,1,74752,28,1250934279
7541,438465354,122252,438587606,0,3,0,101376,35,5805754291
7542,438469350,11016,438480366,0,9,1,17920,3,6679910297
7543,438473484,294968,438768452,0,5,0,345600,48,5555324269
7544,438476601,10499,438487100,0,0,1,16896,2,7567746121
7545,438478798,33762,438512560,0,9,1,58880,3,7735757144
7546,438690052,57440,438747492,0,2,0,4608,41,6519696497
7547,438744926,179792,438924718,0,9,0,154112,3,832772613
7548,438802899,292940,439095839,0,3,0,338944,35,2245180447
7549,438813941,82820,438896761,0,4,0,12288,28,2346742431
7550,438851023,15579,438866602,0,9,1,30208,3,8304002501
7551,438892715,102596,438995311,0,2,0,36864,41,6337266499
7552,438927918,120848,439048766,0,1,0,96768,37,4280736918
7553,438980729,5326,438986055,0,9,1,5632,3,675778969
7554,439011127,4850,439015977,0,9,1,5120,3,4331328812
7555,439040924,54056,439094980,0,5,0,3584,48,9661561729
7556,439061160,198548,439259708,0,2,0,190464,41,9456669453
7557,439077707,157673,439235380,0,9,0,51200,3,9515215598
7558,439130976,566,439131542,0,9,1,512,3,7148226556
7559,439199726,10499,439210225,0,7,1,16896,37,4586827315
7560,439201394,52520,439253914,0,8,0,3584,40,3702270041
7561,439223506,94726,439318232,0,2,0,8192,41,8950108533
7562,439229488,18967,439248455,0,9,1,22016,3,4317258083
7563,439231381,54056,439285437,0,8,0,3584,40,9441802709
7564,439348885,566,439349451,0,0,1,512,2,3760024721
7565,439401911,195584,439597495,0,5,0,180736,48,7357764201
7566,439416287,11533,439427820,0,9,1,18944,3,21175666
7567,439434054,3422,439437476,0,0,1,3584,2,2047140987
7568,439570846,125840,439696686,0,1,0,113152,37,1575844441
7569,439594835,126464,439721299,0,5,0,106496,48,1628384981
7570,439610534,57908,439668442,0,4,0,6144,28,1170011677
7571,439627323,62228,439689551,0,3,0,10240,35,6312921460
7572,439665694,45596,439711290,0,8,0,1024,40,2755077994
7573,439674925,216910,439891835,0,3,0,223232,35,10544932771
7574,439751377,251428,440002805,0,3,0,198144,35,7063347469
7575,439872710,199016,440071726,0,9,0,192000,3,6524561236
7576,440025091,254533,440279624,0,7,1,412160,37,9255079412
7577,440032334,105560,440137894,0,2,0,46592,41,1437297448
7578,440047185,121874,440169059,0,2,1,197120,41,3730837811
7579,440128857,59132,440187989,0,4,0,5120,28,7991539631
7580,440141188,160997,440302185,0,2,0,44032,41,3942231035
7581,440170177,126152,440296329,0,5,0,114176,48,7522621758
7582,440173222,35829,440209051,0,8,1,62976,40,9298495926
7583,440174319,229932,440404251,0,2,0,151040,41,5893921880
7584,440228622,177984,440406606,0,2,0,7680,41,2722582868
7585,440254733,5712,440260445,0,9,1,14336,3,5631050481
7586,440301892,45596,440347488,0,8,0,1024,40,2667341015
7587,440304313,827660,441131973,0,2,0,987648,41,7478654623
7588,440323073,958831,441281904,0,2,0,492032,41,5617787158
7589,440326753,211340,440538093,0,3,0,232448,35,409148268
7590,440340700,43904,440384604,0,4,0,512,28,4449636294
7591,440423994,103950,440527944,0,7,1,168960,37,8597723951
7592,440430507,15837,440446344,0,9,1,30720,3,10289064697
7593,440768783,532792,441301575,0,2,0,64512,41,6432662493
7594,440788307,50672,440838979,0,8,0,2560,40,8144798591
7595,440871743,7230,440878973,0,0,1,7680,2,4681668483
7596,440923825,95029,441018854,0,4,1,158208,28,1020749679
7597,440938943,73745,441012688,0,7,1,123392,37,8273366177
7598,440950386,7706,440958092,0,9,1,8192,3,2814608144
7599,440975105,6278,440981383,0,0,1,6656,2,3656432313
7600,441003557,13512,441017069,0,0,1,26112,2,8102371359
7601,441021027,285140,441306167,0,5,0,313344,48,8962408197
7602,441051789,3645,441055434,0,9,1,10240,3,9495791189
7603,441053426,116920,441170346,0,9,0,78848,3,818597527
7604,441095732,135529,441231261,0,7,1,223744,37,8430877714
7605,441136013,123812,441259825,0,9,0,106496,3,4358461091
7606,441147120,33975,441181095,0,9,1,17408,3,1481469680
7607,441189118,48980,441238098,0,4,0,2048,28,9587403275
7608,441307206,5712,441312918,0,5,1,14336,48,7400114114
7609,441323066,106808,441429874,0,3,0,50688,35,8929982363
7610,441323733,50741,441374474,0,5,1,81920,48,945000558
7611,441339908,13858,441353766,0,0,1,23552,2,1133048890
7612,441356936,17692,441374628,0,5,1,8704,48,7119122497
7613,441413967,437299,441851266,0,4,1,708096,28,685135315
7614,441454820,347326,441802146,0,4,0,512,28,3320246812
7615,441458679,31524,441490203,0,5,1,51200,48,10493159230
7616,441460593,43628,441504221,0,7,1,74752,37,1269306977
7617,441550033,2470,441552503,0,0,1,2560,2,6055813356
7618,441626820,192246,441819066,0,4,0,5632,28,3204714481
7619,441717871,390140,442108011,0,5,0,496640,48,1277016040
7620,441749025,139043,441888068,0,4,1,126976,28,10590701999
7621,441777156,293741,442070897,0,7,1,475136,37,8533043421
7622,441822606,96721,441919327,0,4,1,100352,28,8572936675
7623,441849661,196208,442045869,0,2,0,182784,41,2919564514
7624,441878429,22691,441901120,0,0,1,37376,2,2733302694
7625,441931287,144897,442076184,0,7,1,16896,37,391873168
7626,441963595,211808,442175403,0,9,0,233984,3,6177579802
7627,441976214,5712,441981926,0,9,1,14336,3,2528061140
7628,441985970,185857,442171827,0,4,0,3072,28,796201366
7629,442068796,53583,442122379,0,4,1,87552,28,5016711241
7630,442090186,23529,442113715,0,5,1,14336,48,6513222807
7631,442142844,201980,442344824,0,1,0,201728,37,10183758749
7632,442151197,95468,442246665,0,3,0,23552,35,4466331534
7633,442188834,50672,442239506,0,4,0,2560,28,8577906053
7634,442240388,142386,442382774,0,1,0,98304,37,2692484395
7635,442250899,30491,442281390,0,9,1,49152,3,6675870279
7636,442281536,124904,442406440,0,3,0,110080,35,1685164538
7637,442307966,31783,442339749,0,5,1,51712,48,5988742265
7638,442326518,2870,442329388,0,9,1,8704,3,5898495793
7639,442409517,111020,442520537,0,9,0,64512,3,8608065163
7640,442416547,5454,442422001,0,1,1,13824,37,6492671918
7641,442479769,199328,442679097,0,9,0,193024,3,946614574
7642,442529963,449458,442979421,0,9,0,415232,3,2842037424
7643,442565685,12049,442577734,0,9,1,19968,3,4795640527
7644,442586516,59132,442645648,0,4,0,5120,28,9077222844
7645,442656063,52364,442708427,0,8,0,3072,40,6651358221
7646,442666580,13512,442680092,0,1,1,26112,37,1122928974
7647,442684347,5712,442690059,0,0,1,14336,2,1239859734
7648,442777956,1518,442779474,0,0,1,1536,2,2977196920
7649,442811380,14029,442825409,0,1,1,27136,37,952738385
7650,442860946,288884,443149830,0,5,0,325632,48,8683260685
7651,442871377,63452,442934829,0,8,0,9216,40,2305070905
7652,442899167,215583,443114750,0,7,1,349696,37,10227689018
7653,442932141,45596,442977737,0,4,0,1024,28,6597864321
7654,442947382,203399,443150781,0,5,0,3072,48,10248952474
7655,442949180,52676,443001856,0,4,0,4096,28,10052280409
7656,442983667,3898,442987565,0,9,1,4096,3,5655922470
7657,442989343,202454,443191797,0,7,1,253952,37,9125254390
7658,443010886,3904,443014790,0,0,1,10752,2,9841331325
7659,443019311,35829,443055140,0,4,1,62976,28,9618389692
7660,443056867,93020,443149887,0,2,0,25600,41,3478657673
7661,443058059,6488,443064547,0,9,1,15872,3,296871046
7662,443129631,45596,443175227,0,4,0,1024,28,8523376540
7663,443136319,47288,443183607,0,8,0,1536,40,7808133496
7664,443151434,21658,443173092,0,9,1,35328,3,8875054548
7665,443184007,357500,443541507,0,1,0,414720,37,10674985580
7666,443312237,15321,443327558,0,4,1,29696,28,10389809211
7667,443318706,319846,443638552,0,7,1,522752,37,8649120018
7668,443357937,109148,443467085,0,5,0,58368,48,2200234961
7669,443365742,406422,443772164,0,7,1,426496,37,3351882921
7670,443457217,392813,443850030,0,7,1,249856,37,7649632721
7671,443466764,163448,443630212,0,3,0,140800,35,5509957502
7672,443470965,112442,443583407,0,1,1,68096,37,8524556397
7673,443472760,470125,443942885,0,7,1,296960,37,4586625348
7674,443475943,31007,443506950,0,2,1,50176,41,1475528881
7675,443527626,16354,443543980,0,0,1,31744,2,4643694222
7676,443536924,42072,443578996,0,0,1,67584,2,869561000
7677,443549955,184844,443734799,0,9,0,150528,3,10607419260
7678,443565148,10241,443575389,0,5,1,16384,48,6193718539
7679,443617927,2870,443620797,0,1,1,8704,37,7183616512
7680,443635683,204583,443840266,0,1,0,50176,37,9551375193
7681,443737249,121472,443858721,0,5,0,98816,48,3901934072
7682,443743452,163953,443907405,0,5,0,97280,48,7309636091
7683,443749893,11274,443761167,0,5,1,18432,48,10100617359
7684,443777632,5196,443782828,0,0,1,13312,2,230180303
7685,443832612,15352,443847964,0,1,1,8192,37,3184385365
7686,443901481,162891,444064372,0,7,1,263680,37,778938770
7687,443902503,6754,443909257,0,4,1,7168,28,6087730362
7688,444108100,48980,444157080,0,4,0,2048,28,2181899020
7689,444113234,5454,444118688,0,9,1,13824,3,4131288014
7690,444131624,36346,444167970,0,7,1,64000,37,9397203497
7691,444169798,124716,444294514,0,4,1,202752,28,8710201154
7692,444206077,67592,444273669,0,2,0,7680,41,7666588418
7693,444220018,6278,444226296,0,0,1,6656,2,3642207825
7694,444314735,1518,444316253,0,1,1,1536,37,10298769829
7695,444320448,43904,444364352,0,8,0,512,40,9342570222
7696,444336524,75554,444412078,0,7,1,126976,37,6589751902
7697,444337037,76232,444413269,0,3,0,15872,35,10144888879
7698,444343311,156431,444499742,0,4,0,1536,28,7966742974
7699,444419961,187784,444607745,0,5,0,155136,48,2696275993
7700,444453062,63608,444516670,0,1,0,9728,37,9501413168
7701,444463464,97096,444560560,0,4,1,162304,28,5048044295
7702,444486183,70991,444557174,0,7,1,114688,37,8417575874
7703,444647262,54056,444701318,0,4,0,3584,28,352209550
7704,444665148,64388,444729536,0,2,0,12288,41,169986996
7705,444683630,4374,444688004,0,4,1,4608,28,6857061043
7706,444701874,11274,444713148,0,5,1,18432,48,6158985363
7707,444726820,5326,444732146,0,7,1,5632,37,6997547627
7708,444867961,14117,444882078,0,2,1,24064,41,4886585822
7709,444910622,191216,445101838,0,3,0,166400,35,8513211848
7710,444930410,73575,445003985,0,2,1,119808,41,2721693046
7711,444970706,103862,445074568,0,2,1,172032,41,9190241714
7712,444972510,291068,445263578,0,9,0,332800,3,9372185284
7713,444994984,43904,445038888,0,8,0,512,40,1720356932
7714,444999755,50672,445050427,0,4,0,2560,28,4405865229
7715,445006130,107276,445113406,0,1,0,52224,37,8334563148
7716,445051346,116324,445167670,0,1,0,81920,37,3840619717
7717,445094529,224273,445318802,0,9,0,138752,3,9464446818
7718,445102505,1042,445103547,0,7,1,1024,37,9091474223
7719,445119826,43904,445163730,0,8,0,512,40,175298719
7720,445123158,1994,445125152,0,5,1,2048,48,9113752841
7721,445149511,4420,445153931,0,5,1,11776,48,3884130172
7722,445220113,59912,445280025,0,1,0,7680,37,6977033747
7723,445221098,3904,445225002,0,7,1,10752,37,5360854276
7724,445258197,3387,445261584,0,7,1,9728,37,9652445978
7725,445319505,96848,445416353,0,5,0,23040,48,5318038751
7726,445327485,117260,445444745,0,1,0,84992,37,7202953365
7727,445331738,118040,445449778,0,3,0,87552,35,5177795979
7728,445385939,45596,445431535,0,4,0,1024,28,1584559385
7729,445435109,71756,445506865,0,2,0,11264,41,9516956107
7730,445460040,100256,445560296,0,5,0,29184,48,6316695792
7731,445554915,7230,445562145,0,7,1,7680,37,8197172902
7732,445673734,230540,445904274,0,1,0,265216,37,6835140509
7733,445739031,52364,445791395,0,4,0,3072,28,9730890772
7734,445742561,4850,445747411,0,5,1,5120,48,5433163987
7735,445743637,20366,445764003,0,4,1,32768,28,5597778245
7736,445765144,396692,446161836,0,3,0,518144,35,6142809630
7737,445794294,408722,446203016,0,9,0,521216,3,908932764
7738,445812163,25962,445838125,0,5,1,47104,48,4522810737
7739,445855409,12566,445867975,0,7,1,20992,37,8108072763
7740,445879525,91889,445971414,0,1,0,11264,37,5600622800
7741,445892846,43904,445936750,0,4,0,512,28,4725261142
7742,445966482,20882,445987364,0,1,1,33792,37,9368502344
7743,445998964,154575,446153539,0,2,1,250880,41,6325543005
7744,446009843,320104,446329947,0,4,1,523264,28,4573925204
7745,446016918,572246,446589164,0,5,0,705024,48,6262155193
7746,446071571,259554,446331125,0,4,1,13824,28,9922111042
7747,446098033,3422,446101455,0,5,1,3584,48,9871216552
7748,446120657,247051,446367708,0,3,0,214528,35,6122763712
7749,446214345,173814,446388159,0,3,0,67072,35,6825377354
7750,446238734,70991,446309725,0,2,1,114688,41,6073568048
7751,446342743,22862,446365605,0,7,1,40960,37,8481501985
7752,446353108,122876,446475984,0,1,0,103424,37,7947536208
7753,446369272,4162,446373434,0,7,1,11264,37,3163671065
7754,446417379,176151,446593530,0,5,1,4608,48,541866576
7755,446423620,566,446424186,0,3,1,512,35,10645672948
7756,446489279,506558,446995837,0,2,0,650752,41,1105574203
7757,446537573,113204,446650777,0,9,0,71680,3,5779726981
7758,446544281,4162,446548443,0,7,1,11264,37,3721682408
7759,446551439,136376,446687815,0,3,0,132608,35,3346576426
7760,446715707,43904,446759611,0,8,0,512,40,4069590816
7761,446735451,84536,446819987,0,3,0,17920,35,3801047975
7762,446755439,1994,446757433,0,9,1,2048,3,2967130581
7763,446782276,256341,447038617,0,2,1,415744,41,8841095000
7764,446812285,55748,446868033,0,4,0,4096,28,6913732513
7765,446813783,63362,446877145,0,4,1,106496,28,9258252638
7766,446864133,2470,446866603,0,9,1,2560,3,10543935133
7767,446913865,34537,446948402,0,4,1,60416,28,5258396452
7768,446919507,472602,447392109,0,4,1,748544,28,6885230094
7769,446934067,120205,447054272,0,2,1,58368,41,954238814
7770,446979187,6488,446985675,0,5,1,15872,48,9008937458
7771,447021026,397575,447418601,0,2,1,644096,41,5061011320
7772,447029082,82712,447111794,0,3,0,22016,35,5941949993
7773,447093909,23378,447117287,0,7,1,41984,37,1068019865
7774,447110407,298279,447408686,0,4,1,62976,28,402337505
7775,447159270,4850,447164120,0,5,1,5120,48,4374102342
7776,447281410,154178,447435588,0,2,1,56832,41,6598441572
7777,447299828,197456,447497284,0,3,0,186880,35,1497401272
7778,447304661,22691,447327352,0,9,1,37376,3,6090806409
7779,447308328,174823,447483151,0,4,0,3072,28,2460450400
7780,447356543,4374,447360917,0,9,1,4608,3,8784720297
7781,447431420,473918,447905338,0,3,0,544768,35,6149850691
7782,447432817,211710,447644527,0,4,0,6656,28,5107290365
7783,447471348,54548,447525896,0,4,0,1024,28,6944924740
7784,447479310,456151,447935461,0,3,0,98816,35,7457481890
7785,447577972,5712,447583684,0,7,1,14336,37,2502596506
7786,447602502,54680,447657182,0,8,0,5632,40,1293984508
7787,447737127,3904,447741031,0,7,1,10752,37,4602606691
7788,447753817,201356,447955173,0,2,0,199680,41,9380171529
7789,447811505,324992,448136497,0,3,0,198656,35,5070129279
7790,447853980,48980,447902960,0,4,0,2048,28,8487224230
7791,447855432,161624,448017056,0,5,0,144896,48,1968520118
7792,447865250,214808,448080058,0,4,1,348160,28,5621538939
7793,447903828,1518,447905346,0,7,1,1536,37,4135947272
7794,447909270,122741,448032011,0,2,1,129536,41,6585049070
7795,447935986,165030,448101016,0,4,0,2560,28,6340482051
7796,447979766,57942,448037708,0,2,1,27136,41,851077027
7797,447989651,34108,448023759,0,9,1,56320,3,1152689713
7798,447994300,1994,447996294,0,7,1,2048,37,2812018621
7799,448018025,184623,448202648,0,9,0,23552,3,90729985
7800,448115852,110396,448226248,0,1,0,62464,37,1641168525
7801,448240294,6229,448246523,0,7,1,15360,37,2456458424
7802,448270757,156704,448427461,0,3,0,143872,35,1800236533
7803,448298099,3904,448302003,0,7,1,10752,37,10041474253
7804,448302447,93049,448395496,0,2,1,151040,41,8381530770
7805,448322742,99632,448422374,0,1,0,27136,37,8231909110
7806,448373262,23983,448397245,0,9,1,39936,3,4244404183
7807,448378467,387099,448765566,0,2,0,294912,41,10568060973
7808,448408330,228601,448636931,0,9,0,201728,3,4147845528
7809,448422231,64208,448486439,0,8,0,6656,40,8581051434
7810,448434466,47288,448481754,0,8,0,1536,40,7717369501
7811,448437705,55748,448493453,0,4,0,4096,28,8050536937
7812,448470475,206348,448676823,0,1,0,216064,37,10521020071
7813,448478394,101504,448579898,0,5,0,33280,48,8085206741
7814,448634271,127088,448761359,0,5,0,117248,48,8762112847
7815,448737306,103220,448840526,0,8,0,38912,40,8359162174
7816,448759653,110708,448870361,0,9,0,63488,3,7592725788
7817,448760108,45596,448805704,0,4,0,1024,28,5753535715
7818,448770628,121472,448892100,0,5,0,98816,48,5033076543
7819,448780843,134917,448915760,0,8,0,57856,40,4032142893
7820,448783145,54869,448838014,0,4,0,5120,28,6801147126
7821,448793219,20366,448813585,0,7,1,32768,37,7473645317
7822,448802246,11595,448813841,0,7,1,9216,37,1962222415
7823,448818310,124904,448943214,0,3,0,110080,35,6312910474
7824,448861962,61457,448923419,0,9,1,86528,3,6598950362
7825,448890043,286595,449176638,0,9,0,233984,3,245834613
7826,448893169,135269,449028438,0,3,0,90112,35,2990045864
7827,448952099,75008,449027107,0,8,0,16896,40,1933268177
7828,448978287,5712,448983999,0,7,1,14336,37,4988644932
7829,449024338,7706,449032044,0,7,1,8192,37,8302186019
7830,449070283,55821,449126104,0,4,1,95232,28,6183722188
7831,449077827,370796,449448623,0,1,0,433152,37,9824294101
7832,449159477,35054,449194531,0,4,1,61440,28,7410629925
7833,449170239,116631,449286870,0,9,0,61952,3,7053615422
7834,449172924,40634,449213558,0,4,1,61952,28,9128532001
7835,449267336,144878,449412214,0,4,1,238592,28,8579591671
7836,449289017,7230,449296247,0,9,1,7680,3,8437099505
7837,449293661,58064,449351725,0,8,0,6656,40,4978993749
7838,449385917,128804,449514721,0,2,0,122880,41,1862664381
7839,449386581,328420,449715001,0,4,1,536064,28,9016614551
7840,449470686,296413,449767099,0,4,1,167424,28,3547039613
7841,449501988,291442,449793430,0,4,1,84992,28,10127150796
7842,449694280,251274,449945554,0,4,0,4096,28,7713005082
7843,449697811,65900,449763711,0,8,0,7168,40,4143375055
7844,449706527,24412,449730939,0,6,1,44032,28,4609661540
7845,449721662,21399,449743061,0,9,1,34816,3,4294148079
7846,449755401,3422,449758823,0,6,1,3584,28,3682896980
7847,449789634,12995,449802629,0,9,1,25088,3,3492479901
7848,449833441,11016,449844457,0,7,1,17920,37,3238017046
7849,449914867,125372,450040239,0,5,0,111616,48,10490488972
7850,449923808,47288,449971096,0,4,0,1536,28,4051359565
7851,449948538,32299,449980837,0,7,1,52736,37,6770538201
7852,450028254,32987,450061241,0,7,1,57344,37,2585089736
7853,450045126,566,450045692,0,6,1,512,28,52238472
7854,450132115,147979,450280094,0,8,1,244736,40,959823677
7855,450179469,3898,450183367,0,7,1,4096,37,8759923426
7856,450197289,232584,450429873,0,8,1,360960,40,4435920989
7857,450199430,267757,450467187,0,8,1,121344,40,10164864943
7858,450204325,10499,450214824,0,6,1,16896,28,74476589
7859,450292503,290444,450582947,0,9,0,330752,3,3127665499
7860,450392029,12566,450404595,0,6,1,20992,28,7374508073
7861,450411589,139930,450551519,0,2,0,125440,41,68895316
7862,450412882,186148,450599030,0,9,0,52736,3,9257101941
7863,450421935,162804,450584739,0,2,0,40448,41,6653552086
7864,450428288,255308,450683596,0,8,1,413696,40,7562654150
7865,450433350,111176,450544526,0,3,0,65024,35,304979146
7866,450705946,153296,450859242,0,3,0,137728,35,6554875231
7867,450709536,7230,450716766,0,7,1,7680,37,6510921257
7868,450733714,97354,450831068,0,8,1,162816,40,912911536
7869,450836653,189500,451026153,0,5,0,160768,48,1504665481
7870,450838425,303392,451141817,0,9,0,373248,3,5147234249
7871,450840820,213904,451054724,0,5,0,93696,48,8813554172
7872,450986778,187446,451174224,0,8,1,308224,40,4980906718
7873,450990347,354004,451344351,0,8,0,74752,40,7462154382
7874,450996568,327041,451323609,0,5,0,353792,48,2298207364
7875,451006391,66462,451072853,0,2,1,112640,41,9163350278
7876,451017071,178146,451195217,0,8,1,67584,40,9713910422
7877,451059157,2946,451062103,0,7,1,3072,37,5361292923
7878,451098032,75301,451173333,0,9,1,51200,3,6645396257
7879,451136594,21916,451158510,0,2,1,35840,41,8694418743
7880,451148823,152897,451301720,0,2,0,66048,41,2482021018
7881,451246814,72799,451319613,0,2,1,118272,41,10174729796
7882,451263061,3422,451266483,0,7,1,3584,37,5884777611
7883,451282429,763345,452045774,0,2,1,1208832,41,1907923223
7884,451302492,77744,451380236,0,3,0,10752,35,248052389
7885,451377518,118536,451496054,0,8,0,10240,40,8893592251
7886,451426432,625551,452051983,0,2,1,21504,41,9302933118
7887,451441474,50672,451492146,0,1,0,2560,37,9638828989
7888,451509765,544454,452054219,0,5,0,674304,48,4289534893
7889,451512107,35571,451547678,0,8,1,62464,40,5894827146
7890,451564598,602112,452166710,0,5,0,369152,48,6673230496
7891,451643497,25446,451668943,0,8,1,46080,40,1602714120
7892,451737872,84668,451822540,0,8,0,13312,40,3189022974
7893,451752059,12995,451765054,0,7,1,25088,37,5214437795
7894,451773784,111488,451885272,0,9,0,66048,3,108701267
7895,451855083,11791,451866874,0,1,1,19456,37,3730889538
7896,451926639,54056,451980695,0,4,0,3584,28,1736360263
7897,451938989,4162,451943151,0,7,1,11264,37,9435563363
7898,452021553,109148,452130701,0,8,0,58368,40,5164681653
7899,452083202,128648,452211850,0,3,0,122368,35,8195980917
7900,452090736,370778,452461514,0,5,0,345088,48,6470723393
7901,452194478,93049,452287527,0,8,1,151040,40,315540800
7902,452235115,587753,452822868,0,8,1,947200,40,9151268511
7903,452254615,92396,452347011,0,4,0,23552,28,10111057023
7904,452309918,104120,452414038,0,2,1,172544,41,83245411
7905,452436854,120536,452557390,0,3,0,95744,35,8440889124
7906,452499610,315024,452814634,0,2,1,509952,41,9421480976
7907,452513926,322008,452835934,0,2,1,69120,41,10454050602
7908,452540533,2946,452543479,0,1,1,3072,37,5495952675
7909,452550850,600462,453151312,0,3,0,776192,35,8075186135
7910,452573011,128024,452701035,0,1,0,120320,37,3940300321
7911,452598324,251694,452850018,0,8,1,89088,40,877787561
7912,452692240,227147,452919387,0,1,0,255488,37,10687873391
7913,452772660,397932,453170592,0,8,0,146944,40,3309762972
7914,452773344,202584,452975928,0,2,0,31744,41,3120502957
7915,452887208,4850,452892058,0,2,1,5120,41,7654312583
7916,452894779,12308,452907087,0,2,1,20480,41,3264340527
7917,452942134,120840,453062974,0,2,0,60928,41,1564079
7918,452985614,52676,453038290,0,4,0,4096,28,3266770237
7919,453000396,118508,453118904,0,5,0,89088,48,9946276739
7920,453051748,12737,453064485,0,7,1,24576,37,3443717442
7921,453132786,4374,453137160,0,9,1,4608,3,4958251876
7922,453156326,21964,453178290,0,8,1,8192,40,532920012
7923,453249893,286628,453536521,0,8,1,467968,40,637442489
7924,453277044,6278,453283322,0,9,1,6656,3,4759738104
7925,453358320,6754,453365074,0,7,1,7168,37,4265693114
7926,453361316,25704,453387020,0,7,1,46592,37,9374254831
7927,453384306,73575,453457881,0,2,1,119808,41,7668815249
7928,453431242,48980,453480222,0,4,0,2048,28,3403662607
7929,453517988,103064,453621052,0,9,0,38400,3,3981721181
7930,453527503,51774,453579277,0,7,1,83968,37,8946601458
7931,453528808,55961,453584769,0,7,1,17920,37,7511378214
7932,453556222,15321,453571543,0,9,1,29696,3,10462986774
7933,453566370,34464,453600834,0,7,1,52224,37,2994506148
7934,453600594,241316,453841910,0,2,0,270336,41,2985579291
7935,453608500,101036,453709536,0,1,0,31744,37,4044284573
7936,453657206,3904,453661110,0,7,1,10752,37,4990529595
7937,453733990,288260,454022250,0,5,0,323584,48,3707390650
7938,453747061,117863,453864924,0,8,1,196096,40,2951866358
7939,453753771,4679,453758450,0,2,1,12288,41,10159697552
7940,453775887,110708,453886595,0,9,0,63488,3,1641114936
7941,453801005,52364,453853369,0,1,0,3072,37,5723937963
7942,453847934,28536,453876470,0,8,1,38912,40,1598156824
7943,453992174,65900,454058074,0,4,0,7168,28,10249490176
7944,454007551,196052,454203603,0,3,0,182272,35,2157655700
7945,454015989,7706,454023695,0,9,1,8192,3,5436786891
7946,454042952,144080,454187032,0,7,0,137728,37,10535443156
7947,454068212,193939,454262151,0,3,0,74752,35,836156818
7948,454183316,289820,454473136,0,5,0,328704,48,8280235378
7949,454206872,215583,454422455,0,8,1,349696,40,8295250013
7950,454255231,12714,454267945,0,3,1,6144,35,1918727496
7951,454286086,377660,454663746,0,1,0,455680,37,2062671401
7952,454412373,111020,454523393,0,3,0,64512,35,7910588884
7953,454473849,3904,454477753,0,9,1,10752,3,8551822193
7954,454491714,84992,454576706,0,8,1,138752,40,9076566206
7955,454493930,88370,454582300,0,8,1,26624,40,196842603
7956,454516443,119834,454636277,0,3,0,70656,35,358799047
7957,454653559,4374,454657933,0,9,1,4608,3,6987417335
7958,454704666,183644,454888310,0,1,0,156672,37,8308378271
7959,454765234,45596,454810830,0,4,0,1024,28,1157493418
7960,454854223,130208,454984431,0,5,0,127488,48,3833889289
7961,454901300,11016,454912316,0,3,1,17920,35,8687412294
7962,455080139,7706,455087845,0,9,1,8192,3,9021921499
7963,455119083,12566,455131649,0,3,1,20992,35,7973812301
7964,455171226,566,455171792,0,3,1,512,35,3872396508
7965,455176912,43904,455220816,0,4,0,512,28,1664207907
7966,455211563,101504,455313067,0,1,0,33280,37,2973445240
7967,455261425,114452,455375877,0,2,0,75776,41,4339936266
7968,455305465,220388,455525853,0,3,0,262144,35,698514260
7969,455344765,213056,455557821,0,1,0,238080,37,7370566786
7970,455354601,45596,455400197,0,4,0,1024,28,7192520774
7971,455389601,67772,455457373,0,5,0,13312,48,854287828
7972,455448424,121825,455570249,0,3,1,76288,35,4013997885
7973,455617190,1994,455619184,0,3,1,2048,35,189105530
7974,455655090,92996,455748086,0,2,0,20480,41,3305244578
7975,455723904,62828,455786732,0,8,0,7168,40,5029784050
7976,455728735,347948,456076683,0,8,0,408576,40,5587945064
7977,455742784,293876,456036660,0,9,0,342016,3,1631023134
7978,455773853,5454,455779307,0,3,1,13824,35,469428890
7979,455857769,15321,455873090,0,9,1,29696,3,10357844647
7980,455872111,35312,455907423,0,9,1,61952,3,9714347909
7981,455922554,212432,456134986,0,2,0,236032,41,8767109517
7982,456176864,81776,456258640,0,8,0,18944,40,1149401418
7983,456236963,196208,456433171,0,1,0,182784,37,3299856387
7984,456270692,57440,456328132,0,4,0,4608,28,973520841
7985,456280877,105092,456385969,0,8,0,45056,40,2849383541
7986,456298325,3645,456301970,0,7,1,10240,37,4476077808
7987,456309908,14287,456324195,0,9,1,27648,3,9930313034
7988,456356998,108056,456465054,0,5,0,54784,48,3488519661
7989,456526274,59600,456585874,0,1,0,6656,37,10592252337
7990,456650473,98696,456749169,0,9,0,24064,3,8798160505
7991,456651665,55748,456707413,0,4,0,4096,28,3849505207
7992,456771804,78548,456850352,0,1,0,18432,37,6673259213
7993,456778929,60824,456839753,0,8,0,5632,40,4215080849
7994,456792278,6754,456799032,0,3,1,7168,35,10345644811
7995,456794865,108212,456903077,0,1,0,55296,37,3416504093
7996,456799315,30491,456829806,0,3,1,49152,35,1000613156
7997,456808240,59132,456867372,0,4,0,5120,28,1513281157
7998,456921021,23983,456945004,0,3,1,39936,35,2548722311
7999,456985607,111176,457096783,0,5,0,65024,48,6583282111
8000,457026762,10499,457037261,0,3,1,16896,35,10525908229
8001,457119771,102440,457222211,0,2,0,36352,41,3416307689
8002,457141535,11016,457152551,0,3,1,17920,35,1366615040
8003,457201653,4162,457205815,0,1,1,11264,37,7683691530
8004,457257099,168257,457425356,0,3,0,60416,35,4924139962
8005,457258911,64832,457323743,0,4,0,8704,28,7777874009
8006,457311751,205256,457517007,0,2,0,212480,41,3405880977
8007,457356622,50672,457407294,0,8,0,2560,40,2070444250
8008,457415403,98852,457514255,0,8,0,24576,40,7748250223
8009,457437372,84380,457521752,0,9,0,17408,3,5278351398
8010,457476635,5326,457481961,0,1,1,5632,37,7579960490
8011,457552106,2470,457554576,0,1,1,2560,37,1876080558
8012,457643197,154988,457798185,0,8,0,138240,40,8719491261
8013,457661353,143144,457804497,0,1,0,134656,37,4025536895
8014,457676754,184191,457860945,0,8,0,44544,40,8786537432
8015,457736322,136376,457872698,0,3,0,132608,35,1786208398
8016,457958196,59132,458017328,0,3,0,5120,35,9724850252
8017,458015445,173648,458189093,0,1,0,154112,37,10238819717
8018,458029766,114608,458144374,0,9,0,76288,3,4015396819
8019,458061616,141452,458203068,0,8,0,134144,40,7973342962
8020,458066384,7706,458074090,0,1,1,8192,37,8384737882
8021,458075704,138068,458213772,0,3,0,133120,35,717603833
8022,458149811,83507,458233318,0,1,1,72704,37,1083915270
8023,458150896,202604,458353500,0,9,0,203776,3,3915639877
8024,458255369,114920,458370289,0,3,0,77312,35,8604236417
8025,458331157,391856,458723013,0,5,0,502272,48,9702414338
8026,458461129,288572,458749701,0,1,0,324608,37,7770723273
8027,458516120,72668,458588788,0,4,0,9216,28,8876926151
8028,458656699,111800,458768499,0,2,0,67072,41,5330049582
8029,458776778,50672,458827450,0,2,0,2560,41,8833526815
8030,458777222,59132,458836354,0,4,0,5120,28,7692129858
8031,458828571,11274,458839845,0,1,1,18432,37,8527369757
8032,458838787,43904,458882691,0,4,0,512,28,1782244187
8033,458937597,213836,459151433,0,2,0,240640,41,6555497340
8034,458951747,120692,459072439,0,8,0,96256,40,7089154440
8035,459029939,211496,459241435,0,5,0,232960,48,6264290323
8036,459051820,218984,459270804,0,9,0,257536,3,10180774115
8037,459109749,16096,459125845,0,1,1,31232,37,6240394858
8038,459117618,337979,459455597,0,2,0,375808,41,10624140106
8039,459187276,109304,459296580,0,3,0,58880,35,10634280213
8040,459369731,6229,459375960,0,1,1,15360,37,4968018042
8041,459454622,205911,459660533,0,2,0,211456,41,2078884939
8042,459483068,126620,459609688,0,1,0,115712,37,4206373502
8043,459539548,118976,459658524,0,5,0,90624,48,4908707603
8044,459618195,291848,459910043,0,8,0,335360,40,5257206305
8045,459674514,445190,460119704,0,9,0,535040,3,1922070961
8046,459803595,110396,459913991,0,1,0,62464,37,10508452345
8047,460048781,123500,460172281,0,3,0,105472,35,7579647205
8048,460171299,6754,460178053,0,1,1,7168,37,9676462135
8049,460233487,67592,460301079,0,4,0,7680,28,1441069902
8050,460274705,134684,460409389,0,9,0,132096,3,4509566871
8051,460295182,124124,460419306,0,5,0,107520,48,821556886
8052,460514960,190436,460705396,0,8,0,163840,40,9400070479
8053,460519509,7230,460526739,0,1,1,7680,37,3575310295
8054,460528224,16613,460544837,0,1,1,32256,37,2631225040
8055,460621676,11791,460633467,0,1,1,19456,37,9117641737
8056,460628022,116636,460744658,0,9,0,82944,3,3333350590
8057,460913437,189656,461103093,0,5,0,161280,48,5763985625
8058,461053040,1042,461054082,0,1,1,1024,37,7302018778
8059,461073289,60824,461134113,0,4,0,5632,28,9550181543
8060,461128267,23208,461151475,0,1,1,38400,37,9883024624
8061,461148715,55748,461204463,0,4,0,4096,28,10602518635
8062,461233697,102596,461336293,0,9,0,36864,3,6957573136
8063,461331337,94560,461425897,0,9,0,19456,3,1952014053
8064,461354781,11791,461366572,0,1,1,19456,37,2736509670
8065,461449690,218360,461668050,0,8,0,255488,40,10648462882
8066,461517701,106340,461624041,0,1,0,49152,37,5293591168
8067,461584951,364556,461949507,0,2,0,412672,41,1641799900
8068,461606026,381092,461987118,0,5,0,466944,48,3016163403
8069,461662066,23466,461685532,0,1,1,38912,37,4354576942
8070,461740625,60824,461801449,0,4,0,5632,28,3373258303
8071,461749720,50999,461800719,0,1,1,82432,37,3836475665
8072,461832599,144123,461976722,0,1,0,49664,37,10561795680
8073,461935910,218689,462154599,0,2,0,211968,41,8653070445
8074,461992974,99632,462092606,0,5,0,27136,48,1590072758
8075,462094541,186358,462280899,0,2,0,114688,41,8875356035
8076,462276806,21141,462297947,0,1,1,34304,37,4605661401
8077,462464337,57440,462521777,0,4,0,4608,28,2089542156
8078,462619233,566,462619799,0,0,1,512,2,9323035375
8079,462635740,123968,462759708,0,9,0,107008,3,5866296095
8080,462643770,128648,462772418,0,1,0,122368,37,1062721774
8081,462734857,119132,462853989,0,1,0,91136,37,2135495176
8082,462785164,371420,463156584,0,5,0,435200,48,10483617582
8083,462839128,227597,463066725,0,1,0,237056,37,9910519827
8084,462919595,64076,462983671,0,8,0,11264,40,489865332
8085,462940237,288416,463228653,0,8,0,324096,40,10541912217
8086,462949873,168524,463118397,0,3,0,142336,35,6788991237
8087,462960500,72380,463032880,0,4,0,13312,28,994763255
8088,463072385,33503,463105888,0,0,1,58368,2,9044048238
8089,463074058,162566,463236624,0,8,0,26112,40,5618082708
8090,463080488,98725,463179213,0,3,0,5632,35,8826942372
8091,463102873,1518,463104391,0,1,1,1536,37,8018983660
8092,463131463,201200,463332663,0,3,0,199168,35,9172462269
8093,463194543,124015,463318558,0,1,0,61952,37,441413257
8094,463198469,109772,463308241,0,2,0,60416,41,4369848832
8095,463260984,127244,463388228,0,9,0,117760,3,7794527824
8096,463319154,47444,463366598,0,4,0,2048,28,4325457947
8097,463385997,202136,463588133,0,2,0,202240,41,6214458383
8098,463429158,1042,463430200,0,1,1,1024,37,1100386488
8099,463592402,128492,463720894,0,5,0,121856,48,2011495181
8100,463646487,14545,463661032,0,1,1,28160,37,2310226306
8101,463662334,323948,463986282,0,8,0,400384,40,3322427095
8102,463713279,382927,464096206,0,5,0,448000,48,7243733755
8103,463713438,125528,463838966,0,9,0,112128,3,8700403400
8104,463749543,49288,463798831,0,1,0,1024,37,9540433985
8105,463753235,171493,463924728,0,1,0,109568,37,8670406637
8106,463801339,42941,463844280,0,1,1,70144,37,4151313670
8107,463810385,52988,463863373,0,4,0,5120,28,266906716
8108,463963513,13341,463976854,0,1,1,22528,37,8778326692
8109,463965120,13253,463978373,0,0,1,25600,2,3323472066
8110,463966830,104000,464070830,0,3,0,41472,35,8301526110
8111,464019123,6229,464025352,0,0,1,15360,2,9332136440
8112,464038107,77104,464115211,0,1,1,130048,37,7237472124
8113,464123262,141452,464264714,0,2,0,134144,41,6407872649
8114,464170022,101192,464271214,0,1,0,32256,37,10439732268
8115,464247322,12308,464259630,0,1,1,20480,37,2307963956
8116,464309154,3904,464313058,0,1,1,10752,37,3065808769
8117,464379920,123344,464503264,0,8,0,104960,40,8689819780
8118,464415426,3904,464419330,0,9,1,10752,3,1919721113
8119,464457843,102908,464560751,0,3,0,37888,35,9983072631
8120,464501178,102128,464603306,0,3,0,35328,35,7924518598
8121,464561891,3422,464565313,0,3,1,3584,35,10505680384
8122,464668914,210716,464879630,0,9,0,230400,3,251875104
8123,464746495,157616,464904111,0,5,0,141824,48,945786801
8124,464851734,209780,465061514,0,5,0,227328,48,68912825
8125,464977479,679949,465657428,0,5,0,848896,48,7292716526
8126,465057645,20624,465078269,0,1,1,33280,37,3105211085
8127,465133077,4162,465137239,0,0,1,11264,2,6867547375
8128,465155212,6754,465161966,0,0,1,7168,2,9923351135
8129,465156553,196676,465353229,0,1,0,184320,37,702195241
8130,465177517,72848,465250365,0,4,0,14848,28,1699564143
8131,465207379,206192,465413571,0,9,0,215552,3,4363343786
8132,465247578,179019,465426597,0,1,0,125440,37,9858622130
8133,465280823,3904,465284727,0,1,1,10752,37,2921613786
8134,465284258,536993,465821251,0,5,0,537600,48,8461857478
8135,465371539,24412,465395951,0,0,1,44032,2,7133952034
8136,465424567,70976,465495543,0,3,0,8704,35,469158818
8137,465518445,127244,465645689,0,3,0,117760,35,1561680491
8138,465542150,131144,465673294,0,2,0,130560,41,206108508
8139,465556292,3645,465559937,0,0,1,10240,2,8832862348
8140,465561422,285272,465846694,0,5,0,83456,48,5403823942
8141,465661441,113037,465774478,0,2,0,32256,41,7327520241
8142,465705714,126464,465832178,0,1,0,115200,37,830792543
8143,465748118,159144,465907262,0,1,0,61952,37,10368254078
8144,465797706,46772,465844478,0,1,1,20480,37,2179977341
8145,465802075,47288,465849363,0,4,0,1536,28,10721420170
8146,465818762,303548,466122310,0,2,0,373760,41,3595717732
8147,465857256,5196,465862452,0,0,1,13312,2,6672698094
8148,465875748,210248,466085996,0,8,0,228864,40,16686584
8149,465879840,14117,465893957,0,6,1,24064,28,9137970098
8150,465880839,319687,466200526,0,2,0,169472,41,8461354357
8151,465898189,21890,465920079,0,1,1,21504,37,6589886196
8152,465959731,45596,466005327,0,4,0,1024,28,6776833977
8153,466059376,5196,466064572,0,0,1,13312,2,2776762312
8154,466068604,11791,466080395,0,6,1,19456,28,4891735141
8155,466074559,293564,466368123,0,3,0,340992,35,4179831189
8156,466145000,292718,466437718,0,2,0,325632,41,2312000358
8157,466155913,1518,466157431,0,1,1,1536,37,6020797641
8158,466159547,45596,466205143,0,4,0,1024,28,1418739083
8159,466195522,4937,466200459,0,6,1,12800,28,10163794234
8160,466200125,101816,466301941,0,8,0,34304,40,9378664942
8161,466211267,48980,466260247,0,4,0,2048,28,9081614926
8162,466242595,10757,466253352,0,6,1,17408,28,7220103651
8163,466300928,15062,466315990,0,6,1,29184,28,79986285
8164,466379282,62072,466441354,0,1,0,9728,37,6156357746
8165,466388923,176499,466565422,0,2,0,119296,41,7737234934
8166,466484822,10499,466495321,0,0,1,16896,2,10711394507
8167,466488377,258548,466746925,0,1,0,276480,37,4565381752
8168,466571926,99008,466670934,0,2,0,25088,41,3674414354
8169,466586897,346700,466933597,0,3,0,404480,35,10251711812
8170,466670807,200888,466871695,0,9,0,198144,3,7252359428
8171,466706197,142388,466848585,0,8,0,137216,40,7396546487
8172,466708996,169863,466878859,0,9,0,7680,3,2397376960
8173,466817909,373760,467191669,0,5,0,442880,48,4289890545
8174,466819921,219810,467039731,0,5,0,3584,48,9997754459
8175,466856208,287161,467143369,0,3,0,227328,35,5760167950
8176,466863132,195739,467058871,0,9,0,158208,3,9131037149
8177,466874202,115544,466989746,0,1,0,79360,37,891526862
8178,466967281,11533,466978814,0,9,1,18944,3,941457760
8179,466976138,118508,467094646,0,8,0,89088,40,6863702212
8180,466983432,36604,467020036,0,3,1,64512,35,10709653071
8181,466986490,13770,467000260,0,2,1,26624,41,10277220423
8182,467039619,210148,467249767,0,9,0,165376,3,3242926160
8183,467057849,48980,467106829,0,4,0,2048,28,4642674119
8184,467066517,47600,467114117,0,4,0,2560,28,9260914330
8185,467080168,1994,467082162,0,0,1,2048,2,8082843656
8186,467119970,26738,467146708,0,9,1,48640,3,9462324493
8187,467144312,64520,467208832,0,2,0,7680,41,6868141456
8188,467310553,21141,467331694,0,3,1,34304,35,6174548829
8189,467338752,12825,467351577,0,2,1,21504,41,3255714125
8190,467435427,45596,467481023,0,5,0,1024,48,4842750286
8191,467449053,120536,467569589,0,2,0,95744,41,2212280377
8192,467511023,12049,467523072,0,2,1,19968,41,2531687412
8193,467550444,11533,467561977,0,9,1,18944,3,5997924438
8194,467563048,60824,467623872,0,5,0,5632,48,5198235332
8195,467585506,225308,467810814,0,5,0,229888,48,8451355686
8196,467714084,25704,467739788,0,9,1,46592,3,7150204130
8197,467721226,92060,467813286,0,3,0,17408,35,2269738690
8198,467807219,52364,467859583,0,2,0,3072,41,6232072975
8199,467849806,115388,467965194,0,1,0,78848,37,3974026393
8200,467864600,4679,467869279,0,0,1,12288,2,1128592033
8201,467884939,137837,468022776,0,1,0,34816,37,9400914412
8202,467886292,284048,468170340,0,8,0,309760,40,4687595456
8203,467928355,52520,467980875,0,2,0,3584,41,3703118041
8204,468001804,6754,468008558,0,9,1,7168,3,37209392
8205,468012205,21399,468033604,0,0,1,34816,2,2599198621
8206,468015251,7230,468022481,0,3,1,7680,35,10098948802
8207,468030702,45596,468076298,0,4,0,1024,28,7470557750
8208,468046517,101504,468148021,0,2,0,33280,41,6889670978
8209,468107413,104468,468211881,0,5,0,43008,48,1460410036
8210,468211453,32816,468244269,0,2,1,53760,41,6078581318
8211,468215921,45752,468261673,0,4,0,1536,28,1512361535
8212,468216495,268700,468485195,0,1,0,279552,37,1331665402
8213,468330155,24670,468354825,0,9,1,44544,3,9154257315
8214,468506887,97604,468604491,0,5,0,20480,48,2323751007
8215,468543758,14804,468558562,0,9,1,28672,3,7364868486
8216,468645991,52364,468698355,0,4,0,3072,28,3810026606
8217,468781397,98852,468880249,0,3,0,24576,35,8904924852
8218,468822347,41391,468863738,0,4,1,67072,28,8008887199
8219,468915651,1994,468917645,0,0,1,2048,2,806218744
8220,468931374,566,468931940,0,3,1,512,35,8459611414
8221,468955920,5196,468961116,0,3,1,13312,35,3832259749
8222,469003137,11274,469014411,0,3,1,18432,35,1765041435
8223,469036586,164874,469201460,0,3,0,103424,35,5027784845
8224,469047947,4374,469052321,0,0,1,4608,2,191468551
8225,469126423,85549,469211972,0,3,0,4608,35,3755228473
8226,469130545,123968,469254513,0,1,0,107008,37,3887803379
8227,469287170,43904,469331074,0,4,0,512,28,1670719697
8228,469295204,113828,469409032,0,2,0,73728,41,5321624332
8229,469308412,199172,469507584,0,9,0,192512,3,45261864
8230,469401568,44319,469445887,0,2,1,65024,41,8421408798
8231,469433391,17002,469450393,0,2,1,7168,41,1996466288
8232,469436168,474914,469911082,0,5,0,551936,48,8574744317
8233,469460447,55748,469516195,0,4,0,4096,28,9805664140
8234,469490340,36604,469526944,0,0,1,64512,2,548962548
8235,469543023,305732,469848755,0,3,0,380928,35,7616296827
8236,469547782,32558,469580340,0,8,1,53248,40,980191747
8237,469556878,5326,469562204,0,6,1,5632,28,118914802
8238,469609728,261202,469870930,0,3,0,72704,35,2834847250
8239,469646723,290444,469937167,0,9,0,330752,3,7816667957
8240,469668461,53495,469721956,0,4,1,90624,28,3587456459
8241,469676869,4374,469681243,0,6,1,4608,28,808431039
8242,469703153,108056,469811209,0,2,0,54784,41,5773666598
8243,469722868,33333,469756201,0,9,1,54784,3,5626837500
8244,469726420,13341,469739761,0,6,1,22528,28,7272504829
8245,469729099,28587,469757686,0,9,1,15360,3,10095245739
8246,469783432,369175,470152607,0,3,0,374784,35,10418928766
8247,469795284,12995,469808279,0,8,1,25088,40,902471070
8248,469821617,134529,469956146,0,9,0,20480,3,2756937631
8249,469863268,86457,469949725,0,9,1,20992,3,8924968675
8250,469894959,276872,470171831,0,1,0,286208,37,3334422041
8251,469895855,1518,469897373,0,3,1,1536,35,5613026209
8252,469896184,4086,469900270,0,3,1,4096,35,10427448182
8253,469914387,23120,469937507,0,3,1,41472,35,6844041459
8254,469919476,115232,470034708,0,5,0,78336,48,8971013290
8255,469922797,36087,469958884,0,0,1,63488,2,9614903390
8256,470027273,197741,470225014,0,3,0,39936,35,10179657331
8257,470034683,117939,470152622,0,3,1,17920,35,6784528774
8258,470077016,6229,470083245,0,2,1,15360,41,739737603
8259,470237140,534122,470771262,0,2,0,665600,41,886343377
8260,470249103,1518,470250621,0,6,1,1536,28,8713567872
8261,470361266,197768,470559034,0,1,0,187904,37,2447452589
8262,470401141,45596,470446737,0,4,0,1024,28,2989397245
8263,470539342,13083,470552425,0,2,1,22016,41,3521390690
8264,470551935,31007,470582942,0,0,1,50176,2,3938407032
8265,470563278,86072,470649350,0,3,0,17920,35,10094282786
8266,470565059,102128,470667187,0,8,0,35328,40,10057271564
8267,470619854,57689,470677543,0,8,0,1536,40,6462300638
8268,470746425,33333,470779758,0,3,1,54784,35,10170817034
8269,470748284,1042,470749326,0,6,1,1024,28,1877860152
8270,470789616,276248,471065864,0,2,0,284160,41,5416831097
8271,470796853,123656,470920509,0,9,0,105984,3,7199031987
8272,470828729,242610,471071339,0,2,0,17920,41,5814612707
8273,470831604,48980,470880584,0,4,0,2048,28,2246726969
8274,470925841,2470,470928311,0,9,1,2560,3,10592352318
8275,471051184,101816,471153000,0,8,0,34304,40,7396025367
8276,471081927,91952,471173879,0,3,0,27136,35,7045107619
8277,471112373,4162,471116535,0,2,1,11264,41,1197795937
8278,471138021,314089,471452110,0,2,0,369152,41,9536327468
8279,471143605,4162,471147767,0,2,1,11264,41,2524165544
8280,471184051,48980,471233031,0,4,0,2048,28,510443297
8281,471262399,361640,471624039,0,8,0,413184,40,9961668766
8282,471292192,1042,471293234,0,2,1,1024,41,7243973102
8283,471296857,359801,471656658,0,8,0,107008,40,8672267718
8284,471304830,70376,471375206,0,9,0,11776,3,6318373110
8285,471409908,118352,471528260,0,3,0,88576,35,10264774056
8286,471422253,50672,471472925,0,4,0,2560,28,10362523664
8287,471514401,275780,471790181,0,5,0,282624,48,6051131452
8288,471622220,10241,471632461,0,2,1,16384,41,9763620363
8289,471629968,224294,471854262,0,8,0,187392,40,364219486
8290,471681467,314238,471995705,0,5,0,334848,48,9926072165
8291,471802140,3128,471805268,0,9,1,9216,3,5404668968
8292,471808120,116480,471924600,0,1,0,82432,37,3536567490
8293,471835672,4420,471840092,0,9,1,11776,3,4415201300
8294,471914372,1042,471915414,0,9,1,1024,3,8890665275
8295,471944877,111956,472056833,0,1,0,67584,37,7927985966
8296,472095601,158104,472253705,0,4,1,261120,28,3140834555
8297,472118883,160064,472278947,0,2,0,139776,41,1372959174
8298,472128576,114140,472242716,0,5,0,74752,48,1784577995
8299,472155586,190124,472345710,0,8,0,162816,40,3986332489
8300,472176968,11274,472188242,0,6,1,18432,28,12486907
8301,472248139,303860,472551999,0,1,0,374784,37,3320361869
8302,472287283,5802,472293085,0,6,1,6144,28,8118088275
8303,472318459,100535,472418994,0,8,0,11264,40,1919926748
8304,472388525,6488,472395013,0,5,1,15872,48,9005571138
8305,472394337,52808,472447145,0,4,1,86016,28,3279663145
8306,472414082,1518,472415600,0,6,1,1536,28,309322364
8307,472414759,6488,472421247,0,2,1,15872,41,958431669
8308,472427886,7230,472435116,0,1,1,7680,37,1810353309
8309,472463562,566,472464128,0,3,1,512,35,2192494223
8310,472469713,100568,472570281,0,5,0,30208,48,10321910337
8311,472485882,61778,472547660,0,4,0,4096,28,2635592385
8312,472486493,6754,472493247,0,2,1,7168,41,1715573584
8313,472494948,224250,472719198,0,2,0,125440,41,2153480866
8314,472496114,16354,472512468,0,3,1,31744,35,6206715658
8315,472518461,129199,472647660,0,4,0,4096,28,2009352105
8316,472519189,42166,472561355,0,2,1,68608,41,625301126
8317,472578733,43904,472622637,0,4,0,512,28,9739637166
8318,472584701,33075,472617776,0,5,1,54272,48,2049975028
8319,472585838,43280,472629118,0,5,1,37888,48,3182560497
8320,472587805,54680,472642485,0,8,0,5632,40,8232442805
8321,472639617,152852,472792469,0,9,0,141312,3,3011737623
8322,472649061,104468,472753529,0,1,0,43008,37,7012834297
8323,472664089,103376,472767465,0,2,0,39424,41,6029259391
8324,472678725,233312,472912037,0,9,0,173568,3,6202193506
8325,472682983,359368,473042351,0,9,0,211968,3,2595206507
8326,472748187,6376,472754563,0,1,1,1024,37,8747820749
8327,472767073,221137,472988210,0,5,0,184832,48,7519413757
8328,472809859,6229,472816088,0,4,1,15360,28,4185253828
8329,472862009,12566,472874575,0,5,1,20992,48,2833887834
8330,472874385,219488,473093873,0,9,0,153088,3,5604585544
8331,472905979,54212,472960191,0,1,0,4096,37,7643347382
8332,472946227,3387,472949614,0,2,1,9728,41,8109568149
8333,472960173,1994,472962167,0,2,1,2048,41,877168686
8334,472990881,103007,473093888,0,9,1,6656,3,3698065963
8335,473003840,129896,473133736,0,3,0,126464,35,2051758272
8336,473032243,130052,473162295,0,2,0,126976,41,9125855687
8337,473037325,371576,473408901,0,5,0,435712,48,10609212311
8338,473061114,31007,473092121,0,4,1,50176,28,3596866701
8339,473092555,15095,473107650,0,9,1,26624,3,2201052913
8340,473125875,48980,473174855,0,4,0,2048,28,308804226
8341,473188569,20624,473209193,0,9,1,33280,3,2166997386
8342,473251129,104624,473355753,0,8,0,43520,40,1798402645
8343,473271439,1994,473273433,0,1,1,2048,37,1464451793
8344,473308041,198704,473506745,0,2,0,190976,41,1347151434
8345,473315742,132873,473448615,0,8,0,120320,40,5233782465
8346,473331939,3128,473335067,0,3,1,9216,35,10023292031
8347,473359150,365755,473724905,0,2,0,284672,41,3595970460
8348,473419811,107276,473527087,0,3,0,52224,35,549681621
8349,473444191,292208,473736399,0,8,0,322048,40,4065692064
8350,473477179,4374,473481553,0,1,1,4608,37,8799481152
8351,473506416,327645,473834061,0,4,1,534528,28,6206179604
8352,473515383,119752,473635135,0,3,0,54784,35,4898319304
8353,473516755,348258,473865013,0,4,1,98816,28,8813758167
8354,473550595,187628,473738223,0,5,0,154624,48,8330567224
8355,473559448,13341,473572789,0,6,1,22528,28,1605157743
8356,473572598,5196,473577794,0,1,1,13312,37,7878380610
8357,473585636,16354,473601990,0,2,1,31744,41,10292658506
8358,473598799,5802,473604601,0,6,1,6144,28,4475700369
8359,473659785,4420,473664205,0,6,1,11776,28,3870852436
8360,473752267,22691,473774958,0,5,1,37376,48,9931579524
8361,473774064,4937,473779001,0,9,1,12800,3,8568952288
8362,473800022,78236,473878258,0,2,0,17408,41,676891922
8363,473871226,11016,473882242,0,2,1,17920,41,7620482825
8364,473896496,188564,474085060,0,1,0,157696,37,3614233560
8365,473966371,63485,474029856,0,4,0,6144,28,4354931592
8366,473995326,34020,474029346,0,2,1,59392,41,1122123295
8367,474043159,121940,474165099,0,3,0,100352,35,5363121068
8368,474067949,124904,474192853,0,5,0,110080,48,3606288187
8369,474090142,566,474090708,0,3,1,512,35,5273819645
8370,474115704,6488,474122192,0,0,1,15872,2,9797914137
8371,474128386,36728,474165114,0,3,1,24064,35,2152505336
8372,474142216,226665,474368881,0,5,0,226816,48,4735047159
8373,474156602,45596,474202198,0,4,0,1024,28,5544130367
8374,474177003,5454,474182457,0,9,1,13824,3,3085911103
8375,474196761,23208,474219969,0,2,1,38400,41,2262440824
8376,474228470,4679,474233149,0,3,1,12288,35,1446895016
8377,474244951,6754,474251705,0,1,1,7168,37,6936563059
8378,474302821,105560,474408381,0,9,0,46592,3,5035687299
8379,474313340,155633,474468973,0,5,0,28672,48,3910112861
8380,474314996,12825,474327821,0,3,1,21504,35,1462136981
8381,474458696,7706,474466402,0,2,1,8192,41,3993364836
8382,474480316,2946,474483262,0,3,1,3072,35,2842382173
8383,474542378,77900,474620278,0,9,0,11264,3,7067669480
8384,474653765,6488,474660253,0,2,1,15872,41,5481970904
8385,474682804,3387,474686191,0,2,1,9728,41,7785607033
8386,474687682,193712,474881394,0,1,0,174592,37,6382825318
8387,474727847,143144,474870991,0,9,0,134656,3,9837671592
8388,474751475,5712,474757187,0,2,1,14336,41,4925114565
8389,474855938,566,474856504,0,6,1,512,28,9927957017
8390,474931612,194960,475126572,0,9,0,178688,3,2716170073
8391,474945864,5454,474951318,0,9,1,13824,3,2457628809
8392,474993814,31007,475024821,0,4,1,50176,28,2973208833
8393,474998782,13253,475012035,0,3,1,25600,35,6355283199
8394,475000260,102628,475102888,0,4,1,155648,28,1187855463
8395,475070425,267656,475338081,0,8,0,286208,40,5626252004
8396,475073812,22433,475096245,0,6,1,36864,28,4798534719
8397,475124891,285920,475410811,0,2,0,315904,41,10081628909
8398,475136092,11533,475147625,0,6,1,18944,28,5110714849
8399,475165193,14029,475179222,0,3,1,27136,35,6309319277
8400,475186078,2470,475188548,0,4,1,2560,28,7980538317
8401,475186548,55404,475241952,0,4,1,93696,28,3448407526
8402,475243034,3128,475246162,0,3,1,9216,35,8869927146
8403,475249757,4420,475254177,0,2,1,11776,41,10458446186
8404,475279503,158864,475438367,0,9,0,145920,3,698017682
8405,475360241,406149,475766390,0,4,1,657408,28,8091482587
8406,475397643,209836,475607479,0,2,0,184320,41,5576726367
8407,475405152,162947,475568099,0,9,0,125952,3,71171892
8408,475430638,244047,475674685,0,2,0,161792,41,6471523779
8409,475461867,403228,475865095,0,4,1,316928,28,6297856729
8410,475485299,254913,475740212,0,4,0,4096,28,10550226968
8411,475522010,287948,475809958,0,7,0,322560,37,3754012271
8412,475560470,447986,476008456,0,7,0,423424,37,7413403420
8413,475574911,338361,475913272,0,4,0,2560,28,7288913893
8414,475640008,270104,475910112,0,5,0,284160,48,10054944780
8415,475796698,208844,476005542,0,3,0,224256,35,9959594529
8416,475919494,205880,476125374,0,5,0,214528,48,6251993499
8417,475920368,1994,475922362,0,3,1,2048,35,2231346893
8418,476011278,302768,476314046,0,9,0,371200,3,7987122317
8419,476054926,102188,476157114,0,5,0,24064,48,1117149840
8420,476078955,108927,476187882,0,5,0,6144,48,10174717261
8421,476121807,379064,476500871,0,7,0,460288,37,7972032331
8422,476143624,48980,476192604,0,4,0,2048,28,7858734558
8423,476182945,43904,476226849,0,2,0,512,41,935802735
8424,476198542,145939,476344481,0,9,0,99840,3,9109313038
8425,476288043,48980,476337023,0,4,0,2048,28,7742342915
8426,476292433,170392,476462825,0,9,0,88576,3,1571611338
8427,476396256,11533,476407789,0,6,1,18944,28,8319888572
8428,476409501,6488,476415989,0,6,1,15872,28,1972572665
8429,476501571,62516,476564087,0,4,0,6144,28,10603167365
8430,476541516,372980,476914496,0,1,0,440320,37,964765253
8431,476579635,86204,476665839,0,7,0,13312,37,8897732958
8432,476583923,95545,476679468,0,4,1,159232,28,8299143134
8433,476761264,106028,476867292,0,9,0,48128,3,7514393078
8434,476764838,243632,477008470,0,7,0,272896,37,9793317364
8435,476776585,71766,476848351,0,4,1,116224,28,4194257849
8436,476849020,64912,476913932,0,6,1,109568,28,5087775396
8437,476857069,108212,476965281,0,3,0,55296,35,10595142003
8438,476930040,97354,477027394,0,4,1,162816,28,5879531685
8439,476983831,185492,477169323,0,2,0,157696,41,942074658
8440,477012912,105716,477118628,0,5,0,47104,48,7735445590
8441,477032295,566,477032861,0,2,1,512,41,7948743904
8442,477043160,109460,477152620,0,8,0,59392,40,2353467721
8443,477078533,3898,477082431,0,2,1,4096,41,5533712921
8444,477119932,124124,477244056,0,1,0,107520,37,6160678286
8445,477183899,45440,477229339,0,4,0,512,28,2394302838
8446,477184245,67090,477251335,0,4,0,7168,28,5802291660
8447,477188394,387332,477575726,0,7,0,487424,37,4853637672
8448,477245279,3898,477249177,0,3,1,4096,35,6751431776
8449,477248774,680886,477929660,0,7,0,637440,37,5312078249
8450,477272825,317608,477590433,0,4,1,515072,28,6406190747
8451,477276504,25704,477302208,0,2,1,46592,41,8869445264
8452,477290813,5196,477296009,0,3,1,13312,35,4899168806
8453,477291559,127088,477418647,0,1,0,117248,37,4477566128
8454,477314850,149495,477464345,0,2,0,107520,41,8053374762
8455,477349121,242285,477591406,0,4,1,12800,28,6568405040
8456,477349590,662453,478012043,0,7,0,270336,37,5562775057
8457,477386149,3128,477389277,0,6,1,9216,28,1147897818
8458,477443190,578696,478021886,0,7,0,32256,37,3653273783
8459,477450408,175604,477626012,0,9,0,145408,3,6248142499
8460,477515462,215864,477731326,0,5,0,247296,48,5614813833
8461,477596046,94868,477690914,0,1,0,26624,37,6312604288
8462,477667516,24670,477692186,0,2,1,44544,41,7129938685
8463,477681120,87488,477768608,0,4,1,146944,28,10137299641
8464,477681770,54100,477735870,0,2,1,88576,41,3295969994
8465,477688028,4850,477692878,0,6,1,5120,28,6749737013
8466,477688746,230571,477919317,0,4,0,512,28,7828248969
8467,477790926,10241,477801167,0,1,1,16384,37,2247633505
8468,477803993,11533,477815526,0,6,1,18944,28,7683938068
8469,477861150,71132,477932282,0,8,0,9216,40,8834977691
8470,477898347,67592,477965939,0,4,0,7680,28,9532331653
8471,477922420,7706,477930126,0,3,1,8192,35,4012485484
8472,477946633,104936,478051569,0,9,0,44544,3,3726426937
8473,477953404,176287,478129691,0,4,1,289792,28,3739636489
8474,477972890,2470,477975360,0,1,1,2560,37,8533845630
8475,478096462,216176,478312638,0,1,0,248320,37,10111235810
8476,478130657,21916,478152573,0,7,1,35840,37,6395545214
8477,478159057,33591,478192648,0,2,1,55296,41,3557134673
8478,478186507,26221,478212728,0,3,1,47616,35,4856208615
8479,478200141,198626,478398767,0,3,0,182784,35,2899426410
8480,478213603,43904,478257507,0,5,0,512,48,5836160023
8481,478234377,10757,478245134,0,7,1,17408,37,8572697157
8482,478239849,203846,478443695,0,3,0,86016,35,6746139188
8483,478301640,13460,478315100,0,1,1,2560,37,7770278853
8484,478367249,15062,478382311,0,7,1,29184,37,2038488969
8485,478411983,47288,478459271,0,1,0,1536,37,3101798064
8486,478494318,77924,478572242,0,2,0,16384,41,8337405896
8487,478533271,85937,478619208,0,6,1,143872,28,1501129262
8488,478535600,120692,478656292,0,9,0,96256,3,6201132720
8489,478555946,329936,478885882,0,8,0,399872,40,7091701724
8490,478562104,293876,478855980,0,3,0,342016,35,10195368158
8491,478568057,1518,478569575,0,7,1,1536,37,707158063
8492,478569532,8156,478577688,0,2,1,13824,41,887552671
8493,478729573,191268,478920841,0,8,0,114688,40,238120935
8494,478793479,41649,478835128,0,6,1,67584,28,307694705
8495,478809881,294656,479104537,0,2,0,344576,41,9723165235
8496,478815720,101660,478917380,0,7,0,33792,37,8670779738
8497,478820468,81891,478902359,0,6,1,132608,28,6015717708
8498,478860089,3645,478863734,0,2,1,10240,41,7597743155
8499,478907574,4850,478912424,0,4,1,5120,28,7155369752
8500,478928582,168992,479097574,0,9,0,143872,3,9592450681
8501,478931940,172513,479104453,0,9,0,22528,3,7151908640
8502,478972252,123188,479095440,0,8,0,104448,40,1659136248
8503,479004205,307395,479311600,0,4,1,501760,28,2553648158
8504,479030329,308216,479338545,0,4,1,88064,28,8168209628
8505,479043283,48980,479092263,0,1,0,2048,37,9840905790
8506,479045974,196676,479242650,0,9,0,184320,3,466646047
8507,479154613,112424,479267037,0,7,0,69120,37,3198528639
8508,479192339,55904,479248243,0,5,0,4608,48,6696897276
8509,479240024,237812,479477836,0,6,1,389632,28,983978461
8510,479299240,231514,479530754,0,6,1,179712,28,8105759080
8511,479363494,47288,479410782,0,5,0,1536,48,8024438121
8512,479363834,123500,479487334,0,3,0,105472,35,2461830148
8513,479367820,174583,479542403,0,6,1,47616,28,41743328
8514,479386662,13083,479399745,0,7,1,22016,37,4580071419
8515,479532846,60866,479593712,0,4,1,98304,28,5706623990
8516,479538226,126498,479664724,0,4,0,3072,28,6398581598
8517,479611837,63452,479675289,0,2,0,9216,41,4948241170
8518,479653468,6229,479659697,0,7,1,15360,37,5761467106
8519,479663926,45596,479709522,0,9,0,1024,3,1012279233
8520,479664837,34279,479699116,0,6,1,59904,28,726099625
8521,479715922,47288,479763210,0,9,0,1536,3,8785095136
8522,479777587,124904,479902491,0,2,0,110080,41,471275367
8523,479872172,229238,480101410,0,6,1,376320,28,3926895147
8524,479903410,68996,479972406,0,4,0,12288,28,7070929710
8525,479909755,103844,480013599,0,8,0,40960,40,1314811054
8526,479918359,257029,480175388,0,4,1,420352,28,8393545018
8527,479923829,2470,479926299,0,7,1,2560,37,4551455938
8528,479942046,413583,480355629,0,8,0,451584,40,5274656640
8529,479960145,307292,480267437,0,3,0,386048,35,4287066449
8530,479970641,575974,480546615,0,8,0,457216,40,3341133539
8531,480025795,263696,480289491,0,4,0,4096,28,7266425948
8532,480057654,12308,480069962,0,9,1,20480,3,232861254
8533,480138457,13083,480151540,0,7,1,22016,37,4953430139
8534,480276842,11016,480287858,0,7,1,17920,37,7725746351
8535,480422420,246904,480669324,0,6,1,403968,28,10017999177
8536,480428123,26221,480454344,0,7,1,47616,37,3227294999
8537,480454177,149156,480603333,0,2,0,139264,41,8162892214
8538,480455882,22862,480478744,0,7,1,40960,37,5073951310
8539,480511311,68216,480579527,0,4,0,9728,28,1263006524
8540,480521543,7230,480528773,0,7,1,7680,37,7624063719
8541,480619238,114333,480733571,0,6,1,185856,28,5667375530
8542,480630288,23466,480653754,0,7,1,38912,37,10073178795
8543,480655124,48980,480704104,0,1,0,2048,37,3035541683
8544,480696693,2870,480699563,0,7,1,8704,37,2391949048
8545,480730195,3128,480733323,0,9,1,9216,3,2508109687
8546,480739313,45596,480784909,0,5,0,1024,48,7176491738
8547,480742150,48980,480791130,0,4,0,2048,28,10551566709
8548,480750766,5326,480756092,0,7,1,5632,37,3670662684
8549,480771504,68996,480840500,0,4,0,12288,28,2477883728
8550,480776757,1518,480778275,0,9,1,1536,3,2339645581
8551,480781361,314249,481095610,0,4,1,508416,28,1274726441
8552,480809327,130520,480939847,0,3,0,128512,35,1582494862
8553,480823206,3645,480826851,0,9,1,10240,3,233365978
8554,480874923,81632,480956555,0,6,1,132096,28,3164794791
8555,480903979,4937,480908916,0,9,1,12800,3,7606826770
8556,480952041,47288,480999329,0,8,0,1536,40,10431559621
8557,480986321,14287,481000608,0,9,1,27648,3,5520203399
8558,480994183,117287,481111470,0,4,1,59392,28,8902598674
8559,481011373,45596,481056969,0,1,0,1024,37,6412745725
8560,481062925,47600,481110525,0,1,0,2560,37,4613137116
8561,481071006,214616,481285622,0,7,0,243200,37,3779902621
8562,481113604,105670,481219274,0,4,1,175616,28,5540323434
8563,481192516,98185,481290701,0,4,0,6144,28,2161807259
8564,481203729,86384,481290113,0,8,0,18944,40,8739655536
8565,481224024,48980,481273004,0,1,0,2048,37,9253315904
8566,481370566,150380,481520946,0,3,0,138240,35,3755840756
8567,481392247,45596,481437843,0,4,0,1024,28,9736025049
8568,481407228,3422,481410650,0,9,1,3584,3,3258730948
8569,481431493,76587,481508080,0,4,1,129024,28,2919889622
8570,481499966,111020,481610986,0,7,0,64512,37,7243917721
8571,481501211,301187,481802398,0,7,0,55296,37,10655238052
8572,481528691,426506,481955197,0,7,0,241664,37,10331151833
8573,481541999,3128,481545127,0,7,1,9216,37,3081438768
8574,481569392,312158,481881550,0,7,0,163840,37,603335444
8575,481605166,247460,481852626,0,2,0,270336,41,5914055621
8576,481609694,177500,481787194,0,8,0,156672,40,2926862790
8577,481627549,286716,481914265,0,6,1,464896,28,1210909084
8578,481675369,47288,481722657,0,9,0,1536,3,2636195448
8579,481708556,189812,481898368,0,3,0,161792,35,4326546478
8580,481735294,53753,481789047,0,4,1,91136,28,2974792189
8581,481849388,100100,481949488,0,8,0,28672,40,1994454641
8582,481891975,272697,482164672,0,8,0,273920,40,9403014814
8583,481928830,2470,481931300,0,6,1,2560,28,9907191724
8584,481973774,65429,482039203,0,6,1,110592,28,2188708779
8585,482001034,53620,482054654,0,6,1,57344,28,2712133382
8586,482003404,47288,482050692,0,1,0,1536,37,4624772195
8587,482017815,45596,482063411,0,5,0,1024,48,2178268646
8588,482036482,7706,482044188,0,9,1,8192,3,5133473812
8589,482066774,566,482067340,0,7,1,512,37,7148814196
8590,482211824,43904,482255728,0,1,0,512,37,7049022440
8591,482239673,14545,482254218,0,9,1,28160,3,1123123056
8592,482247297,123656,482370953,0,2,0,105984,41,9837884119
8593,482269074,4162,482273236,0,6,1,11264,28,4640723142
8594,482382193,100100,482482293,0,8,0,28672,40,8983786675
8595,482402919,44145,482447064,0,4,1,75776,28,4204666903
8596,482408989,359571,482768560,0,6,1,586752,28,3803775137
8597,482413014,116012,482529026,0,2,0,80896,41,9271348529
8598,482448217,55748,482503965,0,4,0,4096,28,10442367932
8599,482479705,54992,482534697,0,9,0,6656,3,9973631669
8600,482581874,207372,482789246,0,6,1,66048,28,4174817426
8601,482602421,203709,482806130,0,6,1,56320,28,4675859986
8602,482614065,10241,482624306,0,9,1,16384,3,2178556995
8603,482614186,10786,482624972,0,9,1,1024,3,10140347254
8604,482625022,14804,482639826,0,4,1,28672,28,4962250966
8605,482704815,139760,482844575,0,8,0,133632,40,6134963428
8606,482773045,4850,482777895,0,7,1,5120,37,1755890304
8607,482776229,34108,482810337,0,9,1,56320,3,1229338647
8608,482800696,3898,482804594,0,5,1,4096,48,4102917181
8609,482839980,1994,482841974,0,9,1,2048,3,5931485250
8610,482874253,106808,482981061,0,2,0,50688,41,6583141741
8611,482936098,65837,483001935,0,9,0,3584,3,50000474
8612,482949776,52033,483001809,0,6,1,84480,28,177018036
8613,482968938,62516,483031454,0,5,0,6144,48,433809523
8614,483004694,3128,483007822,0,9,1,9216,3,8266615168
8615,483007767,45596,483053363,0,1,0,1024,37,5771950387
8616,483013153,7706,483020859,0,9,1,8192,3,2419642853
8617,483052999,45596,483098595,0,2,0,1024,41,10284162646
8618,483068104,36087,483104191,0,3,1,63488,35,9832980223
8619,483156208,43904,483200112,0,1,0,512,37,679842901
8620,483161507,45596,483207103,0,9,0,1024,3,4591537326
8621,483189207,340613,483529820,0,6,1,556544,28,9823397803
8622,483194303,30749,483225052,0,9,1,49664,3,8320766180
8623,483202435,566,483203001,0,3,1,512,35,1562688117
8624,483241076,2470,483243546,0,3,1,2560,35,1534345501
8625,483259927,755414,484015341,0,2,0,983552,41,1125375086
8626,483370603,47288,483417891,0,5,0,1536,48,8713480348
8627,483379553,16613,483396166,0,7,1,32256,37,435162369
8628,483415730,50828,483466558,0,1,0,3072,37,1584645503
8629,483462805,113984,483576789,0,8,0,74240,40,4881812273
8630,483481784,54552,483536336,0,6,1,31232,28,6436322435
8631,483616922,22174,483639096,0,9,1,36352,3,4434876856
8632,483625995,15837,483641832,0,7,1,30720,37,3714270469
8633,483648020,47288,483695308,0,1,0,1536,37,3260786198
8634,483658897,440387,484099284,0,2,0,275456,41,1673975725
8635,483666393,235575,483901968,0,4,1,381952,28,4689801522
8636,483667869,58532,483726401,0,1,0,8192,37,1676555705
8637,483820482,128180,483948662,0,7,0,120832,37,10558269332
8638,483834192,162874,483997066,0,4,0,512,28,6309670709
8639,483858580,123941,483982521,0,6,1,201216,28,2023467249
8640,483919754,230194,484149948,0,2,0,2560,41,9407702016
8641,483976924,10757,483987681,0,0,1,17408,2,3136317186
8642,484067467,45596,484113063,0,9,0,1024,3,3194536457
8643,484112810,13070,484125880,0,9,1,21504,3,4510043651
8644,484124766,48980,484173746,0,4,0,2048,28,8412090124
8645,484150073,94556,484244629,0,4,0,25600,28,4335238785
8646,484197349,43904,484241253,0,1,0,512,37,4755619007
8647,484234322,308384,484542706,0,8,0,389632,40,3894366021
8648,484291091,113360,484404451,0,7,0,72192,37,2136174305
8649,484310730,45596,484356326,0,1,0,1024,37,6658646338
8650,484347330,3422,484350752,0,9,1,3584,3,8344316435
8651,484395117,48980,484444097,0,5,0,2048,48,6636362350
8652,484403683,51744,484455427,0,7,0,3584,37,2979175485
8653,484421574,299648,484721222,0,7,0,360960,37,6376766473
8654,484495169,258401,484753570,0,8,0,230912,40,7262395574
8655,484532867,101816,484634683,0,2,0,34304,41,6908154596
8656,484566438,185531,484751969,0,7,0,100864,37,2159096752
8657,484579368,354856,484934224,0,8,0,293376,40,9859593026
8658,484642470,43904,484686374,0,5,0,512,48,3516151231
8659,484659223,14804,484674027,0,9,1,28672,3,10568986565
8660,484725105,389521,485114626,0,8,0,334848,40,3337563141
8661,484792581,62516,484855097,0,9,0,6144,3,1418316044
8662,484863433,4162,484867595,0,9,1,11264,3,2975164472
8663,484904684,83958,484988642,0,6,1,136704,28,3351397927
8664,484941703,383900,485325603,0,2,0,476160,41,6942490865
8665,484968583,112580,485081163,0,7,0,69632,37,3857598418
8666,484975252,12049,484987301,0,9,1,19968,3,6820623028
8667,485026897,50672,485077569,0,1,0,2560,37,1472429529
8668,485088258,182264,485270522,0,7,0,157184,37,3109200419
8669,485140743,50828,485191571,0,1,0,3072,37,5132301085
8670,485151515,59132,485210647,0,9,0,5120,3,58138162
8671,485198073,6488,485204561,0,9,1,15872,3,6811481615
8672,485229882,45596,485275478,0,1,0,1024,37,6278310500
8673,485271358,50672,485322030,0,1,0,2560,37,10343035677
8674,485415746,55748,485471494,0,5,0,4096,48,6905335857
8675,485424887,211028,485635915,0,8,0,231424,40,120458908
8676,485452773,55748,485508521,0,9,0,4096,3,2203236142
8677,485507908,109460,485617368,0,7,0,59392,37,6936159641
8678,485508840,43904,485552744,0,5,0,512,48,1450180654
8679,485516642,147869,485664511,0,8,0,25600,40,525255669
8680,485609694,143629,485753323,0,8,0,85504,40,1583613004
8681,485628521,66543,485695064,0,8,0,5120,40,7336942110
8682,485635808,43904,485679712,0,5,0,512,48,4093408675
8683,485660309,54368,485714677,0,2,0,4608,41,1882036574
8684,485739854,208844,485948698,0,2,0,224256,41,2493460360
8685,485748141,48980,485797121,0,1,0,2048,37,1239962991
8686,485790776,47288,485838064,0,5,0,1536,48,3168458756
8687,485819376,12825,485832201,0,6,1,21504,28,7001299291
8688,485857423,85448,485942871,0,4,0,15872,28,42001863
8689,485859955,283580,486143535,0,8,0,308224,40,9952061855
8690,485894607,192464,486087071,0,7,0,170496,37,9985961899
8691,485996425,62672,486059097,0,9,0,6656,3,1862367455
8692,486021133,10499,486031632,0,9,1,16896,3,4111536071
8693,486078471,48980,486127451,0,1,0,2048,37,2636417261
8694,486096606,50672,486147278,0,9,0,2560,3,6715464320
8695,486186747,48980,486235727,0,4,0,2048,28,3975929361
8696,486190205,1994,486192199,0,4,1,2048,28,1679932965
8697,486204188,60824,486265012,0,4,0,5632,28,10066297840
8698,486245705,338240,486583945,0,8,0,401920,40,950283624
8699,486267331,1518,486268849,0,4,1,1536,28,4944048851
8700,486307627,10757,486318384,0,9,1,17408,3,10643826115
8701,486419207,43904,486463111,0,5,0,512,48,6831748744
8702,486423249,59132,486482381,0,9,0,5120,3,7839916445
8703,486454049,11274,486465323,0,7,1,18432,37,3428460279
8704,486575662,52291,486627953,0,6,1,84992,28,10598996404
8705,486625471,48980,486674451,0,1,0,2048,37,428297783
8706,486681853,183658,486865511,0,6,1,297472,28,9297593307
8707,486682930,54056,486736986,0,8,0,3584,40,2765727812
8708,486701777,50672,486752449,0,2,0,2560,41,6052804096
8709,486725397,299336,487024733,0,2,0,359936,41,6459795482
8710,486728375,47288,486775663,0,1,0,1536,37,4791852177
8711,486844247,45752,486889999,0,4,0,1536,28,2868125789
8712,486849252,157329,487006581,0,6,1,259584,28,7595121464
8713,486881322,165266,487046588,0,2,0,71680,41,9458185168
8714,487053389,43904,487097293,0,1,0,512,37,2031045044
8715,487138102,107432,487245534,0,2,0,52736,41,3674579032
8716,487183221,189188,487372409,0,8,0,159744,40,6703495880
8717,487269264,396878,487666142,0,7,0,517632,37,2369520538
8718,487277661,106340,487384001,0,2,0,49152,41,6824822949
8719,487427140,55748,487482888,0,4,0,4096,28,702945986
8720,487489141,13600,487502741,0,5,1,23040,48,6404628604
8721,487667114,43904,487711018,0,1,0,512,37,9054087890
8722,487742546,45596,487788142,0,1,0,1024,37,8039327321
8723,487795230,45596,487840826,0,1,0,1024,37,2624720983
8724,487825783,109460,487935243,0,7,0,59392,37,2083356731
8725,487875761,43904,487919665,0,5,0,512,48,9387557512
8726,487998699,61292,488059991,0,5,0,7168,48,7149612882
8727,488005892,45596,488051488,0,1,0,1024,37,8919134584
8728,488220680,110084,488330764,0,2,0,61440,41,8974952104
8729,488225454,127556,488353010,0,7,0,118784,37,6256121351
8730,488305055,313913,488618968,0,2,0,385024,41,8707370843
8731,488348505,201797,488550302,0,7,0,186368,37,8238661737
8732,488384483,24242,488408725,0,5,1,40448,48,3516830933
8733,488388426,48980,488437406,0,9,0,2048,3,61724780
8734,488609518,54056,488663574,0,5,0,3584,48,1906486245
8735,488710874,47288,488758162,0,4,0,1536,28,2570317247
8736,488741146,47288,488788434,0,4,0,1536,28,1367408154
8737,488763143,396878,489160021,0,2,0,517632,41,1057989364
8738,488889154,494172,489383326,0,2,0,191488,41,1674423180
8739,488894657,52364,488947021,0,5,0,3072,48,1792595066
8740,488951567,373400,489324967,0,2,0,276480,41,4541812587
8741,488954664,227780,489182444,0,7,0,266240,37,6262067769
8742,488989764,43904,489033668,0,9,0,512,3,2076300771
8743,489006305,43904,489050209,0,4,0,512,28,2897119986
8744,489026794,11016,489037810,0,5,1,17920,48,9393187715
8745,489110287,70976,489181263,0,9,0,8704,3,9185369611
8746,489112928,257604,489370532,0,7,0,156160,37,10537730160
8747,489122071,43904,489165975,0,5,0,512,48,4355479379
8748,489124184,66368,489190552,0,1,0,8704,37,2561807377
8749,489190166,44282,489234448,0,1,0,512,37,5870603718
8750,489191494,22950,489214444,0,5,1,37888,48,3321166546
8751,489567562,1518,489569080,0,5,1,1536,48,6841928557
8752,489574381,89168,489663549,0,7,0,23040,37,6413858723
8753,489621712,3898,489625610,0,5,1,4096,48,10455851041
8754,489687541,52364,489739905,0,4,0,3072,28,9788518257
8755,489715495,45752,489761247,0,1,0,1536,37,5307875869
8756,489766791,46988,489813779,0,8,1,81408,40,1773020189
8757,489872250,106808,489979058,0,7,0,50688,37,7106396087
8758,489896637,48980,489945617,0,4,0,2048,28,888388698
8759,489926187,54992,489981179,0,9,0,6656,3,3453426009
8760,489975268,3645,489978913,0,0,1,10240,2,10010764839
8761,490087195,45596,490132791,0,1,0,1024,37,67935510
8762,490097244,3387,490100631,0,5,1,9728,48,5818084788
8763,490109608,289196,490398804,0,8,0,326656,40,7563892126
8764,490160480,48980,490209460,0,9,0,2048,3,4459065342
8765,490180711,6488,490187199,0,5,1,15872,48,10365518777
8766,490222241,86828,490309069,0,7,0,15360,37,4835934980
8767,490248560,3904,490252464,0,0,1,10752,2,932447145
8768,490281640,45596,490327236,0,4,0,1024,28,9067040675
8769,490359817,127556,490487373,0,7,0,118784,37,9114760128
8770,490443888,1042,490444930,0,5,1,1024,48,7864098003
8771,490457083,12049,490469132,0,5,1,19968,48,6906286940
8772,490503718,244256,490747974,0,2,0,274944,41,6474135216
8773,490666389,45596,490711985,0,9,0,1024,3,4229828343
8774,490666607,49292,490715899,0,1,0,3072,37,7900430617
8775,490791705,13858,490805563,0,0,1,23552,2,8526464288
8776,490885925,65924,490951849,0,5,0,12288,48,2067351828
8777,490994475,34367,491028842,0,0,1,56832,2,2197465914
8778,491003491,45596,491049087,0,5,0,1024,48,2552030842
8779,491068324,100412,491168736,0,2,0,29696,41,6830469999
8780,491101797,181172,491282969,0,7,0,153600,37,6603797729
8781,491264636,48980,491313616,0,9,0,2048,3,7573253481
8782,491278438,47600,491326038,0,5,0,2560,48,4035904475
8783,491326862,52364,491379226,0,9,0,3072,3,9978821128
8784,491404566,47288,491451854,0,9,0,1536,3,3252592002
8785,491430464,50672,491481136,0,1,0,2560,37,10014687374
8786,491432462,178232,491610694,0,7,0,148992,37,1097647589
8787,491583652,118976,491702628,0,2,0,90624,41,5176840929
8788,491648905,97916,491746821,0,8,0,21504,40,6095751095
8789,491745543,57440,491802983,0,1,0,4608,37,1808046182
8790,491804151,2946,491807097,0,2,1,3072,41,4663212063
8791,491842866,43904,491886770,0,5,0,512,48,2263853581
8792,491850446,43904,491894350,0,4,0,512,28,10539074754
8793,491859577,48980,491908557,0,5,0,2048,48,247280177
8794,491863046,44060,491907106,0,4,0,1024,28,6066838812
8795,491882119,47288,491929407,0,4,0,1536,28,705530136
8796,491904661,47288,491951949,0,5,0,1536,48,472340196
8797,491931787,13600,491945387,0,0,1,23040,2,8479133032
8798,491996756,289352,492286108,0,2,0,327168,41,8630788312
8799,492131221,45596,492176817,0,4,0,1024,28,8100968930
8800,492286177,57596,492343773,0,9,0,5120,3,1495724671
8801,492294717,43904,492338621,0,5,0,512,48,10006781135
8802,492329027,51514,492380541,0,9,0,2560,3,2392691193
8803,492384940,103376,492488316,0,8,0,39424,40,9631220832
8804,492415024,78392,492493416,0,7,0,17920,37,7363854670
8805,492426490,115388,492541878,0,2,0,78848,41,1285191707
8806,492427375,45596,492472971,0,9,0,1024,3,695587727
8807,492480752,47288,492528040,0,1,0,1536,37,3490734157
8808,492529113,99273,492628386,0,2,0,14336,41,1751633566
8809,492590121,68684,492658805,0,9,0,11264,3,9970911189
8810,492608795,215841,492824636,0,8,1,350208,40,4736771328
8811,492617408,72303,492689711,0,9,0,10752,3,10564783541
8812,492667779,75296,492743075,0,7,0,12800,37,9782300873
8813,492853307,125404,492978711,0,8,1,207360,40,6918421634
8814,492874268,2470,492876738,0,2,1,2560,41,1120854027
8815,492907506,133365,493040871,0,8,1,199168,40,2840552476
8816,492920335,62516,492982851,0,5,0,6144,48,2747578121
8817,492936295,131521,493067816,0,8,1,96256,40,3512918309
8818,492961442,45596,493007038,0,5,0,1024,48,8170195698
8819,493060672,13512,493074184,0,0,1,26112,2,6418165833
8820,493066447,428973,493495420,0,8,0,278528,40,10394206089
8821,493141252,144362,493285614,0,8,1,237568,40,7445107454
8822,493163706,4850,493168556,0,2,1,5120,41,815922285
8823,493177249,339714,493516963,0,8,0,70656,40,492630760
8824,493211049,100256,493311305,0,5,0,29184,48,2158034519
8825,493231370,14545,493245915,0,0,1,28160,2,7790170157
8826,493231443,45752,493277195,0,1,0,1536,37,4087429949
8827,493332815,47288,493380103,0,5,0,1536,48,10503348394
8828,493374490,52364,493426854,0,4,0,3072,28,7527398446
8829,493491943,5454,493497397,0,0,1,13824,2,5528843414
8830,493733125,119444,493852569,0,2,0,92160,41,7072504636
8831,493748784,12049,493760833,0,0,1,19968,2,7520973775
8832,493786562,67772,493854334,0,9,0,13312,3,2321119761
8833,493819085,30749,493849834,0,8,1,49664,40,6553459250
8834,493857165,4679,493861844,0,2,1,12288,41,10540936749
8835,493859855,22244,493882099,0,2,1,34304,41,7195745481
8836,493882088,5712,493887800,0,0,1,14336,2,2251374288
8837,493915720,45596,493961316,0,1,0,1024,37,3542021951
8838,493990512,52676,494043188,0,4,0,4096,28,6526649303
8839,493995021,3898,493998919,0,2,1,4096,41,3882511646
8840,494068119,62516,494130635,0,9,0,6144,3,9183993097
8841,494111110,45596,494156706,0,1,0,1024,37,1943966053
8842,494209544,4420,494213964,0,0,1,11776,2,389075689
8843,494216355,23466,494239821,0,0,1,38912,2,10719434456
8844,494255784,14029,494269813,0,7,1,27136,37,9515764351
8845,494265587,43904,494309491,0,5,0,512,48,1501518305
8846,494287684,3904,494291588,0,7,1,10752,37,9582276057
8847,494449909,1994,494451903,0,7,1,2048,37,5754453122
8848,494729486,10499,494739985,0,0,1,16896,2,9378024140
8849,494843518,49292,494892810,0,5,0,3072,48,3070127741
8850,494852638,128255,494980893,0,2,0,10752,41,5275891465
8851,494853997,109148,494963145,0,2,0,58368,41,9681587689
8852,494893717,144191,495037908,0,8,1,233984,40,8356391386
8853,494928570,101192,495029762,0,2,0,32256,41,5314901866
8854,494936496,62516,494999012,0,9,0,6144,3,986627953
8855,494938770,44662,494983432,0,7,1,76800,37,1390462037
8856,495041116,171705,495212821,0,8,0,116736,40,6939613010
8857,495047758,20624,495068382,0,0,1,33280,2,7603321585
8858,495054647,16001,495070648,0,0,1,3584,2,10527109837
8859,495072259,98384,495170643,0,7,0,23040,37,472903645
8860,495080623,224398,495305021,0,8,0,91136,40,3842423239
8861,495111073,43904,495154977,0,5,0,512,48,2156566679
8862,495149741,2470,495152211,0,0,1,2560,2,9569028264
8863,495297960,566,495298526,0,0,1,512,2,5022250046
8864,495387924,55748,495443672,0,9,0,4096,3,7221921170
8865,495488829,60824,495549653,0,9,0,5632,3,6064954632
8866,495500348,25187,495525535,0,0,1,45568,2,6172707454
8867,495573910,165920,495739830,0,7,0,143872,37,1030466075
8868,495600591,151653,495752244,0,7,0,32256,37,243077616
8869,495641527,14029,495655556,0,0,1,27136,2,2332890831
8870,495740421,59132,495799553,0,4,0,5120,28,3660109230
8871,495916254,99164,496015418,0,2,0,25600,41,1806569273
8872,495999184,47288,496046472,0,5,0,1536,48,3348205410
8873,496086031,14287,496100318,0,0,1,27648,2,10721712382
8874,496134623,7706,496142329,0,0,1,8192,2,2743233656
8875,496134859,113516,496248375,0,8,0,72704,40,3824411133
8876,496198332,78992,496277324,0,9,0,14848,3,5217058761
8877,496249728,35312,496285040,0,7,1,61952,37,8482166553
8878,496548183,119288,496667471,0,7,0,91648,37,1340891827
8879,496591031,52364,496643395,0,5,0,3072,48,9727087977
8880,496626232,48980,496675212,0,9,0,2048,3,2469915810
8881,496689577,22862,496712439,0,7,1,40960,37,6162076130
8882,496708716,16096,496724812,0,0,1,31232,2,1133879939
8883,496753163,48980,496802143,0,9,0,2048,3,6041764460
8884,496836468,3387,496839855,0,7,1,9728,37,10682517964
8885,496879127,110084,496989211,0,8,0,61440,40,5938196305
8886,496991046,24929,497015975,0,0,1,45056,2,2254268791
8887,497003434,70844,497074278,0,2,0,13312,41,1441565008
8888,497023609,43904,497067513,0,4,0,512,28,839304202
8889,497084397,200264,497284661,0,8,0,196096,40,10473308287
8890,497177932,101348,497279280,0,7,0,32768,37,1966454278
8891,497221234,11791,497233025,0,7,1,19456,37,10646620962
8892,497239076,99320,497338396,0,2,0,26112,41,3065363103
8893,497282425,5326,497287751,0,7,1,5632,37,10221687500
8894,497345461,566,497346027,0,0,1,512,2,86063027
8895,497346389,11533,497357922,0,0,1,18944,2,2018469298
8896,497351988,54056,497406044,0,4,0,3584,28,6267518788
8897,497358208,149912,497508120,0,2,0,136704,41,10354283899
8898,497375993,52364,497428357,0,9,0,3072,3,2384759910
8899,497512772,12737,497525509,0,9,1,24576,3,1227706302
8900,497536421,43904,497580325,0,4,0,512,28,8025299112
8901,497538436,45596,497584032,0,4,0,1024,28,1988408382
8902,497619733,4850,497624583,0,7,1,5120,37,1143402384
8903,497740532,54056,497794588,0,5,0,3584,48,3250915306
8904,497763896,53144,497817040,0,9,0,5632,3,8309126199
8905,497924144,192620,498116764,0,7,0,171008,37,1491324692
8906,497948872,52520,498001392,0,9,0,3584,3,10383492090
8907,498014884,2946,498017830,0,0,1,3072,2,6096430836
8908,498044036,106028,498150064,0,7,0,48128,37,3664370205
8909,498100694,47288,498147982,0,9,0,1536,3,8263414108
8910,498319586,3645,498323231,0,7,1,10240,37,3750122982
8911,498327791,13858,498341649,0,0,1,23552,2,6024931068
8912,498369315,10241,498379556,0,0,1,16384,2,6869797195
8913,498402192,43904,498446096,0,5,0,512,48,5343135341
8914,498437290,6754,498444044,0,0,1,7168,2,7757109112
8915,498442039,3898,498445937,0,7,1,4096,37,3061422892
8916,498481666,11533,498493199,0,5,1,18944,48,8740143716
8917,498535165,3128,498538293,0,1,1,9216,37,642038184
8918,498543200,50672,498593872,0,9,0,2560,3,6867357315
8919,498639044,1518,498640562,0,0,1,1536,2,10006623643
8920,498667415,64208,498731623,0,5,0,6656,48,1833315168
8921,498699802,48980,498748782,0,9,0,2048,3,4849709796
8922,498728254,7230,498735484,0,0,1,7680,2,4456079713
8923,498736393,12737,498749130,0,0,1,24576,2,976595878
8924,498789588,21141,498810729,0,7,1,34304,37,6221940198
8925,498807138,52364,498859502,0,5,0,3072,48,7366732350
8926,498867343,63140,498930483,0,5,0,8192,48,1462547388
8927,498891529,213992,499105521,0,8,0,241152,40,7925127783
8928,498916013,287324,499203337,0,2,0,320512,41,1677176747
8929,498950272,23466,498973738,0,7,1,38912,37,718278094
8930,498953017,45596,498998613,0,9,0,1024,3,8937802392
8931,499054223,54056,499108279,0,5,0,3584,48,4691116677
8932,499089365,47288,499136653,0,5,0,1536,48,9828900345
8933,499151179,108056,499259235,0,8,0,54784,40,2753279937
8934,499192325,52520,499244845,0,5,0,3584,48,10686242165
8935,499387049,163448,499550497,0,2,0,140800,41,2109061516
8936,499409402,45596,499454998,0,9,0,1024,3,7952417630
8937,499420547,106808,499527355,0,8,0,50688,40,5380596696
8938,499432850,57440,499490290,0,9,0,4608,3,3799557321
8939,499459642,108507,499568149,0,2,0,25088,41,4825395143
8940,499642980,50672,499693652,0,5,0,2560,48,4841989740
8941,499720913,5326,499726239,0,9,1,5632,3,9723005492
8942,499721702,2470,499724172,0,7,1,2560,37,7537540138
8943,499757669,50672,499808341,0,4,0,2560,28,1792685681
8944,499811074,5196,499816270,0,0,1,13312,2,5412371266
8945,499817211,43904,499861115,0,5,0,512,48,8313005904
8946,499974522,69284,500043806,0,5,0,8192,48,4765635976
8947,500016829,54056,500070885,0,9,0,3584,3,3936390168
8948,500243584,79304,500322888,0,5,0,15872,48,7461712488
8949,500303374,108524,500411898,0,7,0,56320,37,3362630419
8950,500309046,274007,500583053,0,8,1,443392,40,365112533
8951,500339143,112268,500451411,0,2,0,68608,41,5437082903
8952,500378574,14287,500392861,0,7,1,27648,37,6932723250
8953,500435010,43904,500478914,0,4,0,512,28,10217790165
8954,500471897,50984,500522881,0,5,0,3584,48,620147678
8955,500477133,305108,500782241,0,7,0,378880,37,7330815615
8956,500483149,78524,500561673,0,4,0,13312,28,6197957064
8957,500511875,5802,500517677,0,0,1,6144,2,6379850647
8958,500570733,4420,500575153,0,0,1,11776,2,7193556316
8959,500580208,368492,500948700,0,8,1,597504,40,3712650507
8960,500602338,5712,500608050,0,7,1,14336,37,5202377217
8961,500699186,50672,500749858,0,5,0,2560,48,8699288764
8962,500752075,401421,501153496,0,8,0,231424,40,4460851597
8963,500764033,389486,501153519,0,8,1,481280,40,6010970628
8964,500767297,403709,501171006,0,8,0,57344,40,2982459016
8965,500798415,5802,500804217,0,9,1,6144,3,2822019591
8966,500877330,619905,501497235,0,8,0,116224,40,7128762043
8967,500934442,7230,500941672,0,9,1,7680,3,3379068606
8968,501021452,64208,501085660,0,4,0,6656,28,9276977903
8969,501084585,199679,501284264,0,8,1,183808,40,4410500843
8970,501173747,457352,501631099,0,8,0,65024,40,7188980719
8971,501203692,2470,501206162,0,7,1,2560,37,4933487443
8972,501218623,34279,501252902,0,9,1,59904,3,221592343
8973,501241383,64208,501305591,0,5,0,6656,48,4538913758
8974,501279523,74471,501353994,0,9,0,1536,3,10731548954
8975,501473223,47288,501520511,0,4,0,1536,28,9695945474
8976,501520088,13600,501533688,0,7,1,23040,37,1234961987
8977,501522131,28751,501550882,0,7,1,39424,37,9452286774
8978,501524733,11016,501535749,0,8,1,17920,40,2773211470
8979,501586515,229754,501816269,0,7,0,173568,37,3754381995
8980,501594821,13770,501608591,0,0,1,26624,2,9614973862
8981,501629791,360416,501990207,0,2,0,414208,41,5523350674
8982,501690800,45596,501736396,0,5,0,1024,48,3397436577
8983,501762474,57752,501820226,0,9,0,5632,3,1437355998
8984,501777655,50672,501828327,0,4,0,2560,28,3683236678
8985,501826402,14287,501840689,0,0,1,27648,2,5660101336
8986,501863016,43904,501906920,0,5,0,512,48,9659559883
8987,501871281,12049,501883330,0,0,1,19968,2,8743106996
8988,501891983,102114,501994097,0,2,1,4096,41,10003942383
8989,501919653,12737,501932390,0,7,1,24576,37,9978050786
8990,501933698,112007,502045705,0,8,1,181248,40,301885585
8991,502073548,20882,502094430,0,0,1,33792,2,8093382162
8992,502119355,146946,502266301,0,8,1,242688,40,10393487834
8993,502198004,50672,502248676,0,5,0,2560,48,9674044947
8994,502276152,93995,502370147,0,8,1,156160,40,7818923701
8995,502344623,3422,502348045,0,0,1,3584,2,5220488957
8996,502378366,189656,502568022,0,7,0,161280,37,8682951728
8997,502452707,14545,502467252,0,8,1,28160,40,1717994051
8998,502547589,11274,502558863,0,5,1,18432,48,7063947471
8999,502592676,157055,502749731,0,8,0,91648,40,3129063145
9000,502650247,69284,502719531,0,4,0,8192,28,10703398015
9001,502654647,56840,502711487,0,2,0,7680,41,6735635254
9002,502695880,11274,502707154,0,7,1,18432,37,9285712089
9003,502750993,55748,502806741,0,5,0,4096,48,4822675108
9004,502764289,47288,502811577,0,4,0,1536,28,3151781397
9005,502837372,24154,502861526,0,0,1,43520,2,191559736
9006,502922878,47288,502970166,0,4,0,1536,28,1051228253
9007,502934765,217892,503152657,0,8,0,253952,40,394813190
9008,502977423,60824,503038247,0,4,0,5632,28,7785037579
9009,502977874,12308,502990182,0,7,1,20480,37,6713067264
9010,503024277,13253,503037530,0,9,1,25600,3,10141312491
9011,503131290,110864,503242154,0,7,0,64000,37,1488446907
9012,503191549,58376,503249925,0,5,0,7680,48,6481816375
9013,503200795,62672,503263467,0,9,0,6656,3,10120829615
9014,503260379,48980,503309359,0,8,0,2048,40,1711295661
9015,503320073,5454,503325527,0,7,1,13824,37,7289160652
9016,503348251,566,503348817,0,9,1,512,3,5963885307
9017,503399037,43904,503442941,0,4,0,512,28,5040529544
9018,503451654,12308,503463962,0,9,1,20480,3,10242792868
9019,503513017,45596,503558613,0,5,0,1024,48,4307753704
9020,503525085,101504,503626589,0,7,0,33280,37,10600052748
9021,503639333,50672,503690005,0,5,0,2560,48,578510082
9022,503662743,45596,503708339,0,9,0,1024,3,1255836648
9023,503761446,4420,503765866,0,9,1,11776,3,2376854523
9024,503792391,51176,503843567,0,9,0,2048,3,203109642
9025,503823247,32299,503855546,0,2,1,52736,41,2682441701
9026,503965174,25962,503991136,0,9,1,47104,3,5430088933
9027,504001204,45596,504046800,0,5,0,1024,48,7495608829
9028,504003229,32299,504035528,0,7,1,52736,37,5188308585
9029,504095971,408904,504504875,0,8,1,666112,40,4172336163
9030,504329426,202599,504532025,0,8,1,97280,40,298953517
9031,504364277,171614,504535891,0,8,1,6144,40,3276956420
9032,504373558,22950,504396508,0,9,1,37888,3,2533987330
9033,504400108,4374,504404482,0,9,1,4608,3,6706556398
9034,504467525,54056,504521581,0,9,0,3584,3,9202935025
9035,504534019,72283,504606302,0,8,1,117248,40,5590981053
9036,504559600,23120,504582720,0,9,1,41472,3,8434657982
9037,504574052,14117,504588169,0,7,1,24064,37,8692067726
9038,504576034,55904,504631938,0,5,0,4608,48,8698571675
9039,504637513,266796,504904309,0,8,0,11776,40,2657412495
9040,504640433,59132,504699565,0,4,0,5120,28,10247231147
9041,504640825,2946,504643771,0,2,1,3072,41,7683290915
9042,504721037,3898,504724935,0,8,1,4096,40,6075920688
9043,504728222,14545,504742767,0,9,1,28160,3,10649319803
9044,504784781,108992,504893773,0,8,0,57856,40,4746489679
9045,504909198,60824,504970022,0,9,0,5632,3,9671357359
9046,504909725,156037,505065762,0,8,1,257024,40,8300835956
9047,504936930,5971,504942901,0,7,1,14848,37,6239101290
9048,504962158,303424,505265582,0,8,0,120320,40,441989241
9049,504995929,13770,505009699,0,9,1,26624,3,8646882061
9050,505025852,25446,505051298,0,2,1,46080,41,3715200575
9051,505241537,43904,505285441,0,9,0,512,3,8857350529
9052,505253210,60824,505314034,0,4,0,5632,28,4493914413
9053,505265986,12737,505278723,0,9,1,24576,3,2104762866
9054,505456401,13858,505470259,0,7,1,23552,37,5916769458
9055,505531459,5454,505536913,0,7,1,13824,37,510123628
9056,505565021,102752,505667773,0,2,0,37376,41,323323517
9057,505625096,23208,505648304,0,7,1,38400,37,6186329769
9058,505631694,83288,505714982,0,9,0,13824,3,3170093287
9059,505650934,49582,505700516,0,9,0,512,3,5198933524
9060,505691874,179768,505871642,0,2,0,148992,41,8084424640
9061,505817544,286544,506104088,0,2,0,317952,41,6755014541
9062,505909562,364164,506273726,0,2,0,324096,41,5225521262
9063,505954324,57113,506011437,0,7,1,97792,37,3494641154
9064,506079451,31383,506110834,0,2,1,7168,41,4190403677
9065,506122887,312860,506435747,0,7,0,394240,37,2907394317
9066,506148457,265862,506414319,0,8,1,434176,40,7886514899
9067,506216056,5454,506221510,0,5,1,13824,48,6926001087
9068,506216975,233763,506450738,0,7,0,49152,37,9116677967
9069,506224646,67904,506292550,0,9,0,8704,3,7586491918
9070,506255497,429107,506684604,0,8,0,156672,40,4655057679
9071,506313953,132035,506445988,0,8,1,110592,40,7024744989
9072,506328067,60824,506388891,0,4,0,5632,28,7932930187
9073,506337505,197300,506534805,0,4,0,186368,28,9232610762
9074,506344155,377600,506721755,0,8,0,121856,40,4168711717
9075,506362900,171920,506534820,0,4,1,208896,28,1552577367
9076,506374010,7706,506381716,0,1,1,8192,37,9641067886
9077,506420975,234543,506655518,0,7,0,210944,37,2787842082
9078,506428795,5802,506434597,0,2,1,6144,41,7144626593
9079,506500080,6754,506506834,0,7,1,7168,37,10418455985
9080,506569020,50672,506619692,0,9,0,2560,3,2166486266
9081,506577901,4420,506582321,0,1,1,11776,37,9557508679
9082,506624108,5326,506629434,0,2,1,5632,41,10348869709
9083,506667550,126447,506793997,0,8,1,117248,40,1167598299
9084,506686910,1994,506688904,0,2,1,2048,41,9000928690
9085,506702328,43904,506746232,0,9,0,512,3,1526783243
9086,506730920,3898,506734818,0,2,1,4096,41,5842505013
9087,506745861,268743,507014604,0,8,1,417280,40,10649080407
9088,506809126,50672,506859798,0,9,0,2560,3,4325512723
9089,506887565,170240,507057805,0,2,0,147968,41,390395082
9090,506901455,43904,506945359,0,5,0,512,48,2591398281
9091,506902044,15062,506917106,0,0,1,29184,2,1130882255
9092,507045653,23418,507069071,0,2,1,18432,41,2603283384
9093,507085907,7706,507093613,0,1,1,8192,37,1045639789
9094,507101235,33591,507134826,0,4,1,55296,28,1366278138
9095,507154384,151604,507305988,0,7,0,137216,37,1298797414
9096,507228593,23208,507251801,0,2,1,38400,41,813711425
9097,507248711,217127,507465838,0,2,0,202240,41,1076686193
9098,507274051,38207,507312258,0,7,1,6656,37,9739394164
9099,507276535,101624,507378159,0,8,1,164352,40,4377572015
9100,507289769,93984,507383753,0,8,1,26624,40,8602249622
9101,507291160,3387,507294547,0,2,1,9728,41,5928781638
9102,507336088,339176,507675264,0,4,0,404992,28,9479223595
9103,507337252,52300,507389552,0,8,1,27648,40,1914804271
9104,507347192,550604,507897796,0,7,0,668160,37,10459078990
9105,507363565,355082,507718647,0,4,0,142336,28,1857716380
9106,507401025,1518,507402543,0,1,1,1536,37,2388350276
9107,507450605,34537,507485142,0,1,1,60416,37,7511731214
9108,507493495,47288,507540783,0,9,0,1536,3,1355031282
9109,507644505,21141,507665646,0,0,1,34304,2,8700760131
9110,507656684,242383,507899067,0,7,0,4096,37,1769709901
9111,507718117,4420,507722537,0,1,1,11776,37,8552883419
9112,507719805,210745,507930550,0,7,1,51200,37,1270024326
9113,507728919,59132,507788051,0,2,0,5120,41,4199723114
9114,507874133,61382,507935515,0,8,1,99328,40,8809797741
9115,507905459,6488,507911947,0,2,1,15872,41,2501450634
9116,507942912,43904,507986816,0,5,0,512,48,7037271923
9117,507990271,43904,508034175,0,5,0,512,48,1746552433
9118,508009359,52364,508061723,0,9,0,3072,3,833906804
9119,508040614,7706,508048320,0,9,1,8192,3,5893270214
9120,508054672,90236,508144908,0,8,0,21504,40,7856751970
9121,508054807,2946,508057753,0,9,1,3072,3,4112619529
9122,508120109,68372,508188481,0,2,0,10240,41,10296053324
9123,508248694,77104,508325798,0,8,1,130048,40,9646312056
9124,508282779,57440,508340219,0,5,0,4608,48,6149916237
9125,508306993,21399,508328392,0,1,1,34816,37,9775583628
9126,508314406,1518,508315924,0,2,1,1536,41,1814603657
9127,508438458,2946,508441404,0,7,1,3072,37,7142500223
9128,508501279,47288,508548567,0,5,0,1536,48,5548538614
9129,508543581,291692,508835273,0,4,0,334848,28,1250713933
9130,508556874,308522,508865396,0,4,0,98816,28,6912784514
9131,508580211,1042,508581253,0,1,1,1024,37,6907228867
9132,508598586,4850,508603436,0,1,1,5120,37,7401821916
9133,508602122,41649,508643771,0,1,1,67584,37,7494719064
9134,508608842,14287,508623129,0,7,1,27648,37,4286192172
9135,508667243,388892,509056135,0,8,0,492544,40,10666386035
9136,508686259,2946,508689205,0,2,1,3072,41,2796323517
9137,508786061,196208,508982269,0,7,0,182784,37,886478338
9138,508795130,125684,508920814,0,2,0,112640,41,426977065
9139,508865851,322566,509188417,0,7,0,163328,37,3626250187
9140,508907347,6229,508913576,0,7,1,15360,37,7744858082
9141,508913930,68354,508982284,0,7,1,74752,37,3422000312
9142,508925034,14029,508939063,0,0,1,27136,2,8091637998
9143,508979511,381791,509361302,0,8,1,494080,40,5102298152
9144,508990383,397352,509387735,0,8,1,93696,40,7070452955
9145,509017014,13253,509030267,0,1,1,25600,37,5916658566
9146,509121730,353830,509475560,0,8,1,281088,40,7848315713
9147,509216065,1042,509217107,0,0,1,1024,2,7531022984
9148,509236167,4679,509240846,0,2,1,12288,41,4342596544
9149,509334734,213764,509548498,0,8,1,234496,40,5189687974
9150,509350459,30749,509381208,0,1,1,49664,37,6390674450
9151,509352489,108056,509460545,0,7,0,54784,37,3574028443
9152,509363562,7230,509370792,0,2,1,7680,41,2732275852
9153,509389629,100197,509489826,0,2,0,18432,41,3466136547
9154,509396025,243200,509639225,0,7,0,180224,37,7432070287
9155,509520076,49722,509569798,0,8,1,77312,40,496969203
9156,509526229,45596,509571825,0,5,0,1024,48,8843289373
9157,509536968,102896,509639864,0,7,0,2048,37,3971254649
9158,509670152,5454,509675606,0,1,1,13824,37,8011473439
9159,509693406,43904,509737310,0,5,0,512,48,8553432328
9160,509706299,4162,509710461,0,1,1,11264,37,2412989094
9161,509763015,21141,509784156,0,2,1,34304,41,7818599293
9162,509834727,42683,509877410,0,8,1,69632,40,5272500936
9163,509984933,52364,510037297,0,7,0,3072,37,9232347880
9164,510026494,125840,510152334,0,4,0,113152,28,5133056650
9165,510051216,5326,510056542,0,1,1,5632,37,9925515729
9166,510070292,6754,510077046,0,2,1,7168,41,4366094805
9167,510196339,279212,510475551,0,8,0,293888,40,2481189090
9168,510245241,76388,510321629,0,4,0,16384,28,3866796434
9169,510517056,50672,510567728,0,5,0,2560,48,8104212389
9170,510540824,16096,510556920,0,2,1,31232,41,7784465663
9171,510569978,123968,510693946,0,4,0,107008,28,9434251557
9172,510590338,284204,510874542,0,8,0,310272,40,9612038381
9173,510660208,109758,510769966,0,4,0,56832,28,22975544
9174,510667068,158896,510825964,0,4,0,68096,28,8846800588
9175,510759098,109436,510868534,0,4,0,13824,28,3331495879
9176,510888631,10241,510898872,0,4,1,16384,28,593245683
9177,510895219,93440,510988659,0,7,0,16896,37,927198621
9178,511006354,50672,511057026,0,7,0,2560,37,10055546124
9179,511014292,50672,511064964,0,7,0,2560,37,9028975678
9180,511103147,5802,511108949,0,8,1,6144,40,9377141814
9181,511138513,4679,511143192,0,1,1,12288,37,9418942885
9182,511156532,47288,511203820,0,7,0,1536,37,4817250058
9183,511211203,47444,511258647,0,7,0,2048,37,861583295
9184,511283969,2946,511286915,0,2,1,3072,41,6402121823
9185,511309324,279524,511588848,0,8,0,294912,40,1105476330
9186,511386354,244325,511630679,0,8,0,137216,40,7209307688
9187,511402156,5326,511407482,0,1,1,5632,37,10551367649
9188,511437883,199847,511637730,0,8,0,23040,40,4001740633
9189,511483123,102284,511585407,0,4,0,35840,28,6115270980
9190,511529885,121144,511651029,0,8,1,32768,40,5961995544
9191,511583195,92255,511675450,0,8,1,60928,40,6761002273
9192,511694577,172429,511867006,0,8,0,6656,40,2860811584
9193,511773839,104000,511877839,0,2,0,41472,41,4589680404
9194,511926881,5454,511932335,0,5,1,13824,48,9441825858
9195,511991765,130988,512122753,0,2,0,130048,41,10189776804
9196,512026568,113672,512140240,0,8,0,73216,40,6459718861
9197,512178691,5326,512184017,0,2,1,5632,41,4277761988
9198,512193728,3898,512197626,0,0,1,4096,2,1841481710
9199,512268514,13341,512281855,0,2,1,22528,41,8517431154
9200,512278704,1042,512279746,0,0,1,1024,2,1572285060
9201,512353474,12995,512366469,0,2,1,25088,41,4965371083
9202,512512613,11016,512523629,0,0,1,17920,2,2074218067
9203,512574995,3387,512578382,0,0,1,9728,2,8483576049
9204,512634430,21658,512656088,0,8,1,35328,40,1946565746
9205,512646277,6754,512653031,0,5,1,7168,48,4991962540
9206,512669573,51516,512721089,0,2,1,83456,41,8104894477
9207,512696667,3422,512700089,0,5,1,3584,48,5634660912
9208,512750103,249144,512999247,0,2,0,70656,41,8831876933
9209,512798512,10499,512809011,0,2,1,16896,41,8605980769
9210,512820554,127088,512947642,0,8,0,117248,40,9956580487
9211,512840615,12308,512852923,0,1,1,20480,37,3135894994
9212,512935388,288491,513223879,0,8,1,451072,40,8188240977
9213,512947202,11791,512958993,0,0,1,19456,2,1312648276
9214,512964348,144450,513108798,0,4,1,234496,28,10518517808
9215,512984614,352755,513337369,0,8,1,371200,40,10456111977
9216,513025354,6488,513031842,0,2,1,15872,41,6650851196
9217,513039643,3898,513043541,0,2,1,4096,41,3245067698
9218,513040315,233588,513273903,0,2,0,211456,41,6335100155
9219,513067874,281096,513348970,0,4,0,74752,28,5696958125
9220,513086741,35829,513122570,0,1,1,62976,37,5562964815
9221,513106451,22174,513128625,0,5,1,36352,48,5171042016
9222,513162827,1518,513164345,0,0,1,1536,2,3422501203
9223,513191314,108524,513299838,0,2,0,56320,41,7204041286
9224,513274727,12995,513287722,0,1,1,25088,37,3002228420
9225,513290052,42941,513332993,0,0,1,70144,2,10604242950
9226,513364459,69152,513433611,0,4,0,12800,28,9964704690
9227,513464542,4937,513469479,0,0,1,12800,2,8133461403
9228,513489868,124904,513614772,0,2,0,110080,41,946178932
9229,513554273,13858,513568131,0,5,1,23552,48,9469005010
9230,513601760,1518,513603278,0,0,1,1536,2,9401318101
9231,513674165,7706,513681871,0,2,1,8192,41,2912454647
9232,513747913,12566,513760479,0,0,1,20992,2,5017638930
9233,513809351,118664,513928015,0,4,0,89600,28,7029804486
9234,513928967,91952,514020919,0,2,0,27136,41,7553371330
9235,514183299,106652,514289951,0,8,0,50176,40,4877488108
9236,514253072,2870,514255942,0,5,1,8704,48,6321606154
9237,514357950,1994,514359944,0,1,1,2048,37,10343705789
9238,514434885,10241,514445126,0,2,1,16384,41,7930396659
9239,514460240,22691,514482931,0,1,1,37376,37,860159489
9240,514527301,22433,514549734,0,1,1,36864,37,9868086591
9241,514550271,10757,514561028,0,1,1,17408,37,4163104204
9242,514558428,1042,514559470,0,5,1,1024,48,4290330898
9243,514570804,15579,514586383,0,0,1,30208,2,8743460010
9244,514757286,4420,514761706,0,5,1,11776,48,3475706049
9245,514888476,195428,515083904,0,4,0,180224,28,7735296090
9246,514928787,4374,514933161,0,0,1,4608,2,3909828037
9247,515001357,5454,515006811,0,1,1,13824,37,1701078012
9248,515101449,308696,515410145,0,2,0,390656,41,1446497783
9249,515134556,11016,515145572,0,1,1,17920,37,7033080061
9250,515185881,4679,515190560,0,1,1,12288,37,6604593506
9251,515229487,101816,515331303,0,4,0,34304,28,9987265356
9252,515257727,32987,515290714,0,0,1,57344,2,7594890928
9253,515304491,131300,515435791,0,8,0,131072,40,3698894000
9254,515344298,158933,515503231,0,8,0,52736,40,6834735002
9255,515389185,54787,515443972,0,0,1,93184,2,8607208828
9256,515563645,127088,515690733,0,4,0,117248,28,5480026013
9257,515696931,123166,515820097,0,8,1,199680,40,10640439265
9258,515716381,42424,515758805,0,0,1,69120,2,2813883470
9259,515791140,306084,516097224,0,8,0,74240,40,4164988381
9260,515814562,196976,516011538,0,8,0,20992,40,1117696522
9261,515875662,2870,515878532,0,5,1,8704,48,1917776969
9262,515889176,3645,515892821,0,5,1,10240,48,7819275717
9263,515994396,7706,516002102,0,1,1,8192,37,9527567335
9264,516085885,102284,516188169,0,2,0,35840,41,5859975619
9265,516112445,11274,516123719,0,1,1,18432,37,9511828236
9266,516137598,5454,516143052,0,1,1,13824,37,2535746756
9267,516159642,212276,516371918,0,8,0,235520,40,9735887869
9268,516386079,6488,516392567,0,1,1,15872,37,9645194355
9269,516435639,102440,516538079,0,8,0,36352,40,3474616809
9270,516636152,12737,516648889,0,0,1,24576,2,2643706538
9271,516692226,114920,516807146,0,4,0,77312,28,6954544427
9272,516766641,196832,516963473,0,2,0,184832,41,8191260126
9273,516773817,41649,516815466,0,4,1,67584,28,8204927839
9274,516804560,24154,516828714,0,5,1,43520,48,3418827314
9275,516835653,179654,517015307,0,2,0,126976,41,6932485184
9276,516839465,104312,516943777,0,4,0,42496,28,245832902
9277,516889266,15579,516904845,0,1,1,30208,37,10145157139
9278,517024623,102128,517126751,0,4,0,35328,28,4594227026
9279,517095741,449330,517545071,0,8,0,533504,40,6705626923
9280,517188197,24412,517212609,0,1,1,44032,37,1268935796
9281,517219273,122720,517341993,0,2,0,102912,41,3709866441
9282,517229491,22174,517251665,0,0,1,36352,2,6115230150
9283,517299267,3898,517303165,0,1,1,4096,37,10573379624
9284,517303024,2946,517305970,0,5,1,3072,48,7654437516
9285,517313642,232536,517546178,0,8,0,3584,40,6038719126
9286,517432030,53583,517485613,0,5,1,87552,48,2091476489
9287,517439720,22433,517462153,0,1,1,36864,37,3302186077
9288,517471493,32987,517504480,0,1,1,57344,37,3299417019
9289,517514429,320469,517834898,0,8,0,325120,40,7903940890
9290,517534362,371888,517906250,0,2,0,436736,41,8963450340
9291,517544759,1518,517546277,0,5,1,1536,48,2631172393
9292,517676744,13858,517690602,0,4,1,23552,28,10685490094
9293,517678808,12308,517691116,0,6,1,20480,28,3711750000
9294,517704553,216064,517920617,0,2,0,47104,41,6754035295
9295,517739443,10241,517749684,0,6,1,16384,28,1472370264
9296,517757305,83612,517840917,0,4,1,139264,28,2711634882
9297,517779090,312076,518091166,0,4,0,333824,28,796820532
9298,517829184,124975,517954159,0,4,1,203264,28,6031812846
9299,517900143,31007,517931150,0,5,1,50176,48,2887337499
9300,517951219,4850,517956069,0,5,1,5120,48,9253572237
9301,517993458,192776,518186234,0,8,0,171520,40,10341156474
9302,518121074,110916,518231990,0,8,0,22016,40,6133360087
9303,518157952,112268,518270220,0,2,0,68608,41,4698015399
9304,518198037,143933,518341970,0,4,1,233472,28,9575848342
9305,518335612,99320,518434932,0,2,0,26112,41,6409970073
9306,518340346,107237,518447583,0,2,0,41472,41,8926520847
9307,518368505,1994,518370499,0,5,1,2048,48,1810110749
9308,518385910,167971,518553881,0,6,1,276992,28,10614365592
9309,518549762,258321,518808083,0,6,1,422912,28,2173520092
9310,518621291,4162,518625453,0,4,1,11264,28,6679774302
9311,518638831,4374,518643205,0,1,1,4608,37,8032091671
9312,518682875,42941,518725816,0,0,1,70144,2,7258873857
9313,518697420,64208,518761628,0,8,0,6656,40,3478718632
9314,518702693,223226,518925919,0,4,0,204800,28,3575203155
9315,518723029,84216,518807245,0,4,1,137216,28,3257307682
9316,518825485,100449,518925934,0,4,1,119296,28,4813554716
9317,518844920,14029,518858949,0,0,1,27136,2,4913996881
9318,518857466,57113,518914579,0,5,1,97792,48,9557259264
9319,518902815,110552,519013367,0,0,0,62976,2,6019628189
9320,518922064,10241,518932305,0,1,1,16384,37,6183565015
9321,518925836,8095,518933931,0,1,1,2560,37,872163543
9322,518941709,11791,518953500,0,5,1,19456,48,635358996
9323,519002692,13795,519016487,0,0,1,9216,2,1209064419
9324,519008744,11791,519020535,0,5,1,19456,48,9766563029
9325,519034189,5712,519039901,0,1,1,14336,37,4978814068
9326,519054214,31524,519085738,0,4,1,51200,28,4789515213
9327,519065858,189900,519255758,0,4,1,305152,28,2257420506
9328,519104226,43458,519147684,0,6,1,71168,28,3102524809
9329,519252042,233487,519485529,0,4,0,105984,28,389571624
9330,519355443,78680,519434123,0,8,0,13824,40,15113515
9331,519422200,95189,519517389,0,4,0,6656,28,9810361286
9332,519432284,166076,519598360,0,0,0,144384,2,8613614966
9333,519452509,5326,519457835,0,0,1,5632,2,3434393621
9334,519502046,15358,519517404,0,4,1,23552,28,6061927844
9335,519606762,114764,519721526,0,8,0,76800,40,5001417353
9336,519615135,267154,519882289,0,4,1,436736,28,8139418600
9337,519705506,1994,519707500,0,1,1,2048,37,9485118624
9338,519708108,34020,519742128,0,5,1,59392,48,8041876580
9339,519711049,440552,520151601,0,4,0,277504,28,8237343839
9340,519746010,2870,519748880,0,5,1,8704,48,401146077
9341,519782226,6754,519788980,0,0,1,7168,2,2435462651
9342,519805941,23208,519829149,0,5,1,38400,48,5908694837
9343,519840639,2470,519843109,0,0,1,2560,2,5030838491
9344,519924176,3898,519928074,0,5,1,4096,48,28201732
9345,519937225,365831,520303056,0,4,0,208384,28,9704050951
9346,520211645,11791,520223436,0,6,1,19456,28,215680213
9347,520220910,20882,520241792,0,6,1,33792,28,5149200767
9348,520253007,1042,520254049,0,5,1,1024,48,6213090634
9349,520297089,4162,520301251,0,0,1,11264,2,9917187833
9350,520353906,206532,520560438,0,0,0,128000,2,628563648
9351,520432880,45179,520478059,0,5,1,77824,48,6197596848
9352,520482264,130208,520612472,0,4,0,127488,28,7606788159
9353,520524259,35312,520559571,0,6,1,61952,28,9126529438
9354,520574798,529120,521103918,0,4,1,800256,28,1565088323
9355,520579318,388736,520968054,0,0,0,492032,2,7441546626
9356,520584705,2870,520587575,0,0,1,8704,2,7318993086
9357,520664597,439987,521104584,0,4,1,1024,28,5129046442
9358,520674657,3898,520678555,0,0,1,4096,2,456661607
9359,520728764,3898,520732662,0,6,1,4096,28,4773699019
9360,520774777,212893,520987670,0,4,0,3072,28,1531982722
9361,520875018,14804,520889822,0,5,1,28672,48,10601255598
9362,520877353,227897,521105250,0,4,1,11264,28,10459299172
9363,520916354,44662,520961016,0,5,1,76800,48,8199467286
9364,520930007,32635,520962642,0,5,1,2560,48,8644829812
9365,520946556,277214,521223770,0,4,1,387072,28,4147982855
9366,520983150,157304,521140454,0,2,0,140800,41,8699336952
9367,521016234,3387,521019621,0,5,1,9728,48,4058288112
9368,521076956,112268,521189224,0,8,0,68608,40,1279048000
9369,521309031,205796,521514827,0,4,0,12800,28,8587881941
9370,521540316,1042,521541358,0,5,1,1024,48,3767508595
9371,521593692,83612,521677304,0,4,1,139264,28,10594988782
9372,521706285,107390,521813675,0,4,0,48640,28,6011157100
9373,521813887,85316,521899203,0,4,0,20480,28,4286159174
9374,521874900,199328,522074228,0,8,0,193024,40,2228114578
9375,521932513,566,521933079,0,5,1,512,48,896004183
9376,521937604,1518,521939122,0,4,1,1536,28,9456604086
9377,521943816,255649,522199465,0,4,0,213504,28,6255251909
9378,521999379,97916,522097295,0,2,0,21504,41,5477836509
9379,522042071,157409,522199480,0,4,1,248320,28,10384069805
9380,522094792,62516,522157308,0,8,0,6144,40,5876886927
9381,522108500,129198,522237698,0,4,1,145408,28,6438797339
9382,522114039,363521,522477560,0,4,0,408064,28,1084103736
9383,522147137,6229,522153366,0,5,1,15360,48,2110916643
9384,522165401,34367,522199768,0,5,1,56832,48,4812644973
9385,522215018,3645,522218663,0,5,1,10240,48,1845603432
9386,522241741,101504,522343245,0,8,0,33280,40,8563671530
9387,522294647,45596,522340243,0,2,0,1024,41,3664654128
9388,522369176,1042,522370218,0,5,1,1024,48,612126584
9389,522585931,3387,522589318,0,5,1,9728,48,6866422108
9390,522655113,99320,522754433,0,4,0,26112,28,6372620272
9391,522714126,13600,522727726,0,5,1,23040,48,10686958831
9392,522721843,14117,522735960,0,5,1,24064,48,4553349834
9393,522875490,202916,523078406,0,0,0,204800,2,4241234833
9394,522930359,6754,522937113,0,5,1,7168,48,187512696
9395,522954185,5712,522959897,0,5,1,14336,48,7604554989
9396,522977828,160688,523138516,0,8,0,141824,40,3070588859
9397,523271101,123656,523394757,0,2,0,105984,41,10284999813
9398,523422469,32987,523455456,0,5,1,57344,48,9627926694
9399,523441696,196676,523638372,0,4,0,184320,28,1866216404
9400,523469391,361812,523831203,0,4,0,125952,28,3639178669
9401,523566309,226503,523792812,0,4,0,250368,28,9109641456
9402,523798258,103844,523902102,0,2,0,40960,41,8864432959
9403,523888763,293876,524182639,0,2,0,342016,41,5470248143
9404,523922904,198236,524121140,0,4,0,189440,28,1875800827
9405,524327580,122096,524449676,0,8,0,100864,40,2508872392
9406,524420179,2470,524422649,0,2,1,2560,41,2079414743
9407,524425783,310429,524736212,0,8,0,317952,40,4634160316
9408,524438483,296060,524734543,0,2,0,349184,41,387696009
9409,524602515,13512,524616027,0,4,1,26112,28,8830224418
9410,524603293,263826,524867119,0,2,0,272896,41,2448373068
9411,524654101,81493,524735594,0,2,1,1024,41,3591450318
9412,524706565,31427,524737992,0,2,1,9216,41,3631465132
9413,524785442,209069,524994511,0,2,0,118272,41,3782058375
9414,524834807,277028,525111835,0,8,0,286720,40,4749125948
9415,525289459,280928,525570387,0,2,0,299520,41,9792722464
9416,525332463,124436,525456899,0,8,0,108544,40,5706398338
9417,525440366,38183,525478549,0,8,1,35328,40,8290104336
9418,525521206,221081,525742287,0,2,0,143360,41,10037336924
9419,525807546,111644,525919190,0,8,0,66560,40,1896862278
9420,526061312,113672,526174984,0,2,0,73216,41,1423743907
9421,526278417,288260,526566677,0,8,0,323584,40,9824699106
9422,526596805,109928,526706733,0,4,0,60928,28,8897258902
9423,526924464,2946,526927410,0,0,1,3072,2,6007868448
9424,527023529,26221,527049750,0,0,1,47616,2,4366877137
9425,527658850,185336,527844186,0,2,0,157184,41,3256566881
9426,527894850,129740,528024590,0,4,0,125952,28,1504355477
9427,528245045,498446,528743491,0,2,0,624128,41,329460640
9428,528295997,102128,528398125,0,8,0,35328,40,3081026069
9429,528358524,3645,528362169,0,0,1,10240,2,8635195879
9430,528430373,97604,528527977,0,8,0,20480,40,5887790362
9431,528469858,81776,528551634,0,8,0,18944,40,5146745704
9432,528501792,10499,528512291,0,0,1,16896,2,10534276800
9433,528512553,61791,528574344,0,8,0,6656,40,1928802965
9434,528838645,52364,528891009,0,8,0,3072,40,4812056016
9435,528965534,57440,529022974,0,8,0,4608,40,725205974
9436,529008749,2470,529011219,0,0,1,2560,2,8256193841
9437,529069959,303860,529373819,0,4,0,374784,28,9403717149
9438,529171559,20624,529192183,0,0,1,33280,2,6630180643
9439,529230704,10757,529241461,0,0,1,17408,2,5983789950
9440,529319726,61641,529381367,0,0,1,99840,2,6874603256
9441,529452991,1518,529454509,0,0,1,1536,2,5115348501
9442,529669064,43904,529712968,0,8,0,512,40,1217390791
9443,529681485,12049,529693534,0,1,1,19968,37,5930717861
9444,529869000,7230,529876230,0,0,1,7680,2,1838374479
9445,530123938,13512,530137450,0,0,1,26112,2,172990126
9446,530165837,2470,530168307,0,0,1,2560,2,1974738036
9447,530195262,213524,530408786,0,4,0,239616,28,7447391071
9448,530254062,13341,530267403,0,0,1,22528,2,5147331810
9449,530422301,175083,530597384,0,8,1,284160,40,2185504747
9450,530432949,169927,530602876,0,8,1,17920,40,6185745110
9451,530448917,331472,530780389,0,2,0,399872,41,9714729322
9452,530516065,317379,530833444,0,2,0,174080,41,960260570
9453,530556362,297620,530853982,0,4,0,354304,28,7690688277
9454,530564951,167661,530732612,0,8,0,3072,40,10323554207
9455,530613167,7706,530620873,0,0,1,8192,2,8640554784
9456,530646549,14029,530660578,0,8,1,27136,40,1673269858
9457,530925880,207128,531133008,0,4,0,218624,28,4461075155
9458,531083942,155779,531239721,0,8,1,256512,40,8336574812
9459,531104220,5802,531110022,0,0,1,6144,2,3611074007
9460,531175808,7706,531183514,0,0,1,8192,2,1936313100
9461,531335389,51257,531386646,0,0,1,82944,2,5373902907
9462,531341444,154745,531496189,0,8,1,254464,40,9291912389
9463,531354890,309747,531664637,0,8,1,401408,40,727546114
9464,531457041,206477,531663518,0,8,0,9216,40,8724178272
9465,531554691,7230,531561921,0,0,1,7680,2,7463101121
9466,531619152,4937,531624089,0,0,1,12800,2,9163617706
9467,531751795,50984,531802779,0,4,0,3584,28,1099103070
9468,531838602,267320,532105922,0,4,0,280064,28,779842693
9469,531895429,45908,531941337,0,8,0,2048,40,9586335194
9470,531946711,148688,532095399,0,2,0,137728,41,4465692443
9471,532186920,105248,532292168,0,4,0,45568,28,7320300910
9472,532272163,125216,532397379,0,4,0,111104,28,8652427711
9473,532308618,7230,532315848,0,1,1,7680,37,3552505200
9474,532430376,120224,532550600,0,2,0,94720,41,1794118095
9475,532451094,304016,532755110,0,4,0,375296,28,10693717641
9476,532516093,253696,532769789,0,4,0,48128,28,9215758007
9477,532616480,43904,532660384,0,8,0,512,40,933327150
9478,532713276,15321,532728597,0,1,1,29696,37,3643433476
9479,532876413,101348,532977761,0,4,0,32768,28,327982547
9480,533023218,6278,533029496,0,1,1,6656,37,8912209839
9481,533051498,12049,533063547,0,1,1,19968,37,4563390696
9482,533163792,6278,533170070,0,6,1,6656,28,406149612
9483,533198811,13512,533212323,0,6,1,26112,28,5398231356
9484,533298414,566,533298980,0,6,1,512,28,8952443281
9485,533408686,4420,533413106,0,1,1,11776,37,1826086764
9486,533615990,20624,533636614,0,1,1,33280,37,2297437897
9487,533764947,4850,533769797,0,1,1,5120,37,636585958
9488,533849664,16096,533865760,0,6,1,31232,28,5292396218
9489,533883808,109148,533992956,0,4,0,58368,28,8708665783
9490,533929824,143046,534072870,0,4,0,92672,28,8450085173
9491,533987146,3898,533991044,0,6,1,4096,28,4537381076
9492,534141827,11274,534153101,0,6,1,18432,28,1612765262
9493,534146071,184736,534330807,0,4,0,160256,28,1952533028
9494,534152073,441120,534593193,0,4,0,455680,28,792908184
9495,534217448,491947,534709395,0,4,0,236032,28,9692309232
9496,534222217,645899,534868116,0,4,0,42496,28,2650289087
9497,534248214,178558,534426772,0,2,0,114176,41,5378411723
9498,534260351,12995,534273346,0,2,1,25088,41,8447594048
9499,534273651,581502,534855153,0,4,0,390656,28,8202272511
9500,534281223,15579,534296802,0,2,1,30208,41,7222924686
9501,534283627,22945,534306572,0,2,1,31232,41,2750310268
9502,534289952,16613,534306565,0,6,1,32256,28,8240686600
9503,534345153,45596,534390749,0,8,0,1024,40,9344140674
9504,534366348,566,534366914,0,2,1,512,41,6686900637
9505,534382325,16354,534398679,0,1,1,31744,37,1219177152
9506,534454089,4850,534458939,0,2,1,5120,41,2010812473
9507,534603525,3904,534607429,0,6,1,10752,28,5245822896
9508,534610999,47288,534658287,0,8,0,1536,40,644977549
9509,534659846,77768,534737614,0,8,0,15872,40,7282550825
9510,534685805,197144,534882949,0,2,0,185856,41,8617158126
9511,534753484,141024,534894508,0,2,0,37888,41,6924926289
9512,535021444,24154,535045598,0,2,1,43520,41,7991059925
9513,535056329,235616,535291945,0,4,0,266752,28,1548521351
9514,535072922,374309,535447231,0,4,0,225792,28,9302841615
9515,535086383,437162,535523545,0,4,0,243200,28,5053076532
9516,535090846,202760,535293606,0,2,0,204288,41,741585736
9517,535125246,409176,535534422,0,2,0,412672,41,8639473635
9518,535210194,5326,535215520,0,6,1,5632,28,6317559194
9519,535272819,3128,535275947,0,6,1,9216,28,9456650712
9520,535284012,3898,535287910,0,6,1,4096,28,5227693040
9521,535338863,110567,535449430,0,4,0,7168,28,907487731
9522,535487285,4162,535491447,0,6,1,11264,28,1357488181
9523,535594453,2946,535597399,0,6,1,3072,28,9354034122
9524,535680461,5971,535686432,0,2,1,14848,41,8728543840
9525,535702588,241234,535943822,0,2,0,159744,41,8880563508
9526,535830372,4374,535834746,0,6,1,4608,28,7091236189
9527,535878577,118976,535997553,0,4,0,90624,28,5285870048
9528,535907660,252018,536159678,0,2,0,247296,41,9586737273
9529,535911210,165795,536077005,0,4,0,51712,28,3198934515
9530,535935857,29381,535965238,0,2,1,34816,41,10317172426
9531,536033525,566,536034091,0,2,1,512,41,3010982989
9532,536111617,54807,536166424,0,2,1,7168,41,6036359241
9533,536299375,3898,536303273,0,1,1,4096,37,120004779
9534,536388095,47600,536435695,0,4,0,2560,28,2016680988
9535,536525649,190124,536715773,0,4,0,162816,28,9885260380
9536,536611615,566,536612181,0,2,1,512,41,751512748
9537,536688845,234204,536923049,0,4,0,219136,28,4505155049
9538,537051288,4850,537056138,0,2,1,5120,41,4323319687
9539,537125775,203852,537329627,0,4,0,207872,28,1117608570
9540,537137644,50672,537188316,0,8,0,2560,40,3198483290
9541,537313003,31266,537344269,0,6,1,50688,28,8536749819
9542,537321015,29258,537350273,0,6,1,20480,28,3588859106
9543,537359391,4374,537363765,0,6,1,4608,28,8243389876
9544,537381706,1042,537382748,0,2,1,1024,41,9399960726
9545,537389303,1994,537391297,0,6,1,2048,28,2522674236
9546,537436373,14117,537450490,0,6,1,24064,28,864200048
9547,537625561,64208,537689769,0,8,0,6656,40,4001992273
9548,537790229,4374,537794603,0,1,1,4608,37,6498039311
9549,537808742,3422,537812164,0,6,1,3584,28,7963112695
9550,537843136,6754,537849890,0,6,1,7168,28,8941679886
9551,537887533,53841,537941374,0,6,1,88064,28,6451821400
9552,537890287,45596,537935883,0,8,0,1024,40,9272548751
9553,537955842,99008,538054850,0,2,0,25088,41,8367605905
9554,537977357,60824,538038181,0,8,0,5632,40,6121201247
9555,538058164,13083,538071247,0,2,1,22016,41,8865002423
9556,538067751,15837,538083588,0,1,1,30720,37,6331047916
9557,538123247,33591,538156838,0,2,1,55296,41,9757042468
9558,538187019,47288,538234307,0,8,0,1536,40,4442117534
9559,538276355,131144,538407499,0,2,0,130560,41,1512704448
9560,538306137,5326,538311463,0,6,1,5632,28,2000152429
9561,538316117,151628,538467745,0,4,0,142336,28,2707452212
9562,538371339,98602,538469941,0,4,0,6144,28,31986657
9563,538451801,111020,538562821,0,2,0,64512,41,5038964812
9564,538597432,245924,538843356,0,2,0,270336,41,10434399674
9565,538605128,14287,538619415,0,2,1,27648,41,3688936213
9566,538761408,66056,538827464,0,8,0,7680,40,10513786842
9567,539011763,7230,539018993,0,1,1,7680,37,8151767331
9568,539022269,50672,539072941,0,8,0,2560,40,4203025475
9569,539029073,113828,539142901,0,2,0,73728,41,3348472830
9570,539039155,188876,539228031,0,4,0,158720,28,8780774709
9571,539291734,3387,539295121,0,1,1,9728,37,10188798536
9572,539369012,55748,539424760,0,4,0,4096,28,8001806406
9573,539544277,3128,539547405,0,2,1,9216,41,7167852284
9574,539719778,15837,539735615,0,1,1,30720,37,7984997595
9575,539767625,1042,539768667,0,2,1,1024,41,4069080739
9576,539908531,194648,540103179,0,2,0,177664,41,6177265106
9577,539991842,156463,540148305,0,2,0,97792,41,439542395
9578,540068047,41402,540109449,0,2,1,6656,41,10465301020
9579,540180657,62516,540243173,0,8,0,6144,40,3865766112
9580,540260027,66368,540326395,0,4,0,8704,28,2700237884
9581,540287872,4374,540292246,0,1,1,4608,37,7851463726
9582,540305125,4162,540309287,0,2,1,11264,41,1457733118
9583,540620996,65900,540686896,0,8,0,7168,40,1456731214
9584,540656028,25704,540681732,0,1,1,46592,37,5207991266
9585,540669479,34279,540703758,0,2,1,59904,41,2887429375
9586,540729678,25446,540755124,0,2,1,46080,41,4351959421
9587,540751539,22691,540774230,0,2,1,37376,41,6754063559
9588,540893752,212276,541106028,0,2,0,235520,41,6392012417
9589,540909174,4374,540913548,0,1,1,4608,37,8016050631
9590,540976464,12049,540988513,0,6,1,19968,28,1587577999
9591,541022875,4374,541027249,0,2,1,4608,41,8876189976
9592,541094627,5196,541099823,0,6,1,13312,28,8888639210
9593,541119990,13600,541133590,0,6,1,23040,28,6389629942
9594,541122209,17587,541139796,0,6,1,24576,28,5416080120
9595,541164970,69464,541234434,0,2,0,13824,41,9589970637
9596,541249063,6754,541255817,0,6,1,7168,28,996054376
9597,541256936,12825,541269761,0,1,1,21504,37,8157568004
9598,541353511,12995,541366506,0,1,1,25088,37,3131701872
9599,541371957,1042,541372999,0,2,1,1024,41,1468935726
9600,541458510,15062,541473572,0,2,1,29184,41,8555522618
9601,541543990,2470,541546460,0,6,1,2560,28,6174548483
9602,541684286,5326,541689612,0,6,1,5632,28,4312114927
9603,541687599,192620,541880219,0,2,0,171008,41,6389261277
9604,541718283,35829,541754112,0,2,1,62976,41,108566389
9605,541723892,378825,542102717,0,2,0,345600,41,173926376
9606,541836299,189188,542025487,0,8,0,159744,40,10610986586
9607,541851676,25187,541876863,0,1,1,45568,37,2469796763
9608,542057791,4374,542062165,0,6,1,4608,28,6800501890
9609,542246495,566,542247061,0,6,1,512,28,7716449565
9610,542246607,109616,542356223,0,2,0,59904,41,2788843899
9611,542352995,5712,542358707,0,6,1,14336,28,6362414918
9612,542446860,118196,542565056,0,4,0,88064,28,3485701943
9613,542457133,657122,543114255,0,8,0,822272,40,3105182380
9614,542461347,666339,543127686,0,8,0,44032,40,9524126206
9615,542538777,322331,542861108,0,4,0,349184,28,7478837420
9616,542623529,4374,542627903,0,4,1,4608,28,7420354281
9617,542723195,285444,543008639,0,4,0,120832,28,8313691639
9618,542739705,232103,542971808,0,4,0,226304,28,7752721068
9619,542754771,372930,543127701,0,8,1,344064,40,10344610025
9620,542765646,406530,543172176,0,8,0,145920,40,5310631867
9621,542793906,2470,542796376,0,2,1,2560,41,7142675895
9622,542821715,353284,543174999,0,8,0,9216,40,5098805635
9623,543035959,11791,543047750,0,0,1,19456,2,1803717838
9624,543054659,24929,543079588,0,0,1,45056,2,439971712
9625,543079064,185177,543264241,0,8,0,9728,40,6856444838
9626,543212521,566,543213087,0,2,1,512,41,7728903578
9627,543341405,11016,543352421,0,0,1,17920,2,2986187678
9628,543671251,104780,543776031,0,8,0,44032,40,1536921722
9629,543693082,255071,543948153,0,8,0,219648,40,5924705173
9630,543697414,11533,543708947,0,6,1,18944,28,8415546782
9631,543700755,23378,543724133,0,0,1,41984,2,8175147318
9632,543840328,165140,544005468,0,4,0,141312,28,5280177706
9633,543866774,11016,543877790,0,6,1,17920,28,3683471195
9634,544000536,103688,544104224,0,8,0,40448,40,4114404365
9635,544034609,11016,544045625,0,6,1,17920,28,444897394
9636,544066592,2870,544069462,0,6,1,8704,28,10370729328
9637,544227376,109148,544336524,0,4,0,58368,28,6580733309
9638,544239032,16613,544255645,0,0,1,32256,2,9786444113
9639,544275432,1994,544277426,0,2,1,2048,41,976909753
9640,544289602,206816,544496418,0,8,0,217600,40,5496077800
9641,544306034,230698,544536732,0,4,0,254464,28,3004127642
9642,544411838,124909,544536747,0,4,1,106496,28,9559571356
9643,544515396,5454,544520850,0,6,1,13824,28,237611658
9644,544598321,6754,544605075,0,0,1,7168,2,6033321348
9645,544602558,3645,544606203,0,6,1,10240,28,10719917852
9646,544799600,108992,544908592,0,2,0,57856,41,8538596317
9647,544819194,80372,544899566,0,8,0,14336,40,4534935848
9648,544970599,15321,544985920,0,5,1,29696,48,1273905081
9649,545230457,4420,545234877,0,0,1,11776,2,5303414961
9650,545476650,13512,545490162,0,0,1,26112,2,6602041027
9651,545533883,12308,545546191,0,0,1,20480,2,4035129430
9652,545570179,6488,545576667,0,0,1,15872,2,59627238
9653,545703336,24242,545727578,0,6,1,40448,28,854399074
9654,545737786,116012,545853798,0,2,0,80896,41,1295233747
9655,546003321,16613,546019934,0,5,1,32256,48,2068991974
9656,546255991,127244,546383235,0,8,0,117760,40,4418226243
9657,546339051,3904,546342955,0,6,1,10752,28,8283481256
9658,546399275,186380,546585655,0,4,0,150528,28,5118072958
9659,546435387,524440,546959827,0,4,0,594944,28,1395253715
9660,546521683,3898,546525581,0,6,1,4096,28,6430098207
9661,546895724,5326,546901050,0,0,1,5632,2,7724686171
9662,546911634,43904,546955538,0,2,0,512,41,782510332
9663,546915327,164092,547079419,0,4,0,92672,28,10477020921
9664,547038976,25962,547064938,0,6,1,47104,28,10637317
9665,547198110,6278,547204388,0,0,1,6656,2,7281342825
9666,547209661,1042,547210703,0,0,1,1024,2,3391952901
9667,547259522,3422,547262944,0,6,1,3584,28,1603286182
9668,547306218,32987,547339205,0,0,1,57344,2,920368655
9669,547489416,87896,547577312,0,8,0,13824,40,1632766724
9670,547548267,275672,547823939,0,4,0,292352,28,1677533666
9671,547731676,566,547732242,0,0,1,512,2,3178856034
9672,547804678,11533,547816211,0,6,1,18944,28,2111559961
9673,547851286,1042,547852328,0,0,1,1024,2,9918091984
9674,547944296,287792,548232088,0,4,0,322048,28,6729297782
9675,548013437,20366,548033803,0,0,1,32768,2,9342883190
9676,548042374,5971,548048345,0,0,1,14848,2,7265684280
9677,548100993,290444,548391437,0,8,0,330752,40,9521231024
9678,548224173,189656,548413829,0,2,0,161280,41,5871668041
9679,548282034,179669,548461703,0,2,0,110592,41,6778378145
9680,548283172,64742,548347914,0,4,1,105984,28,1452886980
9681,548289189,287012,548576201,0,8,0,319488,40,9277514805
9682,548291780,97736,548389516,0,4,1,123904,28,7525601488
9683,548331105,13253,548344358,0,1,1,25600,37,10341667177
9684,548433068,130911,548563979,0,2,0,35840,41,2223192640
9685,548461516,86196,548547712,0,4,1,144384,28,8779007223
9686,548807990,380780,549188770,0,8,0,465920,40,2846059260
9687,548916753,50672,548967425,0,4,0,2560,28,2479442034
9688,549150499,165632,549316131,0,4,0,147968,28,3795262860
9689,549198509,145738,549344247,0,4,0,36352,28,3958246583
9690,549200151,7706,549207857,0,0,1,8192,2,8886743148
9691,549226637,407612,549634249,0,4,1,663552,28,4893971604
9692,549242592,114452,549357044,0,2,0,75776,41,4787581289
9693,549299203,12995,549312198,0,0,1,25088,2,883089855
9694,549329545,396069,549725614,0,4,0,116736,28,8226583180
9695,549336327,134069,549470396,0,2,0,72192,41,10491425260
9696,549336921,87132,549424053,0,2,0,10752,41,9895370894
9697,549409425,119132,549528557,0,8,0,91136,40,10597076759
9698,549446736,170063,549616799,0,8,0,132608,40,482048038
9699,549510274,128481,549638755,0,4,1,7168,28,1720788392
9700,549575772,172757,549748529,0,4,1,279552,28,4878336076
9701,549599163,221463,549820626,0,4,0,15360,28,1989122531
9702,549626548,13770,549640318,0,0,1,26624,2,3607182762
9703,549633503,222351,549855854,0,4,1,315904,28,2939566363
9704,549636689,25446,549662135,0,0,1,46080,2,1772364374
9705,549774216,93184,549867400,0,4,1,47104,28,9001342949
9706,549781001,202604,549983605,0,2,0,203776,41,316661250
9707,549806766,207769,550014535,0,2,0,77312,41,325983429
9708,549866381,372913,550239294,0,4,0,13824,28,5545988109
9709,549942976,276850,550219826,0,4,1,449024,28,5926074718
9710,550271303,1994,550273297,0,0,1,2048,2,7421840726
9711,550307888,48980,550356868,0,2,0,2048,41,3775503360
9712,550313165,181599,550494764,0,4,0,43008,28,10115917145
9713,550355522,105872,550461394,0,8,0,47616,40,4552898389
9714,550427738,126776,550554514,0,8,0,116224,40,1886984539
9715,550556126,208376,550764502,0,2,0,222720,41,251302458
9716,550596766,2470,550599236,0,4,1,2560,28,6477117774
9717,550610779,15837,550626616,0,4,1,30720,28,4876677246
9718,550780523,13253,550793776,0,0,1,25600,2,7803200099
9719,550896707,382808,551279515,0,2,0,472576,41,6298615382
9720,550944803,232232,551177035,0,8,0,265728,40,10008572331
9721,550947229,376613,551323842,0,2,0,145408,41,3461008891
9722,551002930,30491,551033421,0,4,1,49152,28,1380021643
9723,551087483,94879,551182362,0,8,0,17408,40,8128798123
9724,551119334,267941,551387275,0,8,0,228864,40,8827784669
9725,551140389,212878,551353267,0,2,0,12800,41,4889647479
9726,551189058,505243,551694301,0,4,0,528896,28,5900366906
9727,551197854,335276,551533130,0,4,0,25600,28,1318543855
9728,551207993,4420,551212413,0,4,1,11776,28,8214297395
9729,551217527,508309,551725836,0,4,0,103424,28,822086332
9730,551288256,15321,551303577,0,0,1,29696,2,3628278318
9731,551352774,22950,551375724,0,4,1,37888,28,981120191
9732,551357075,339356,551696431,0,8,0,392192,40,3721685859
9733,551371693,2470,551374163,0,0,1,2560,2,10105388093
9734,551372177,21399,551393576,0,4,1,34816,28,928126296
9735,551414359,14287,551428646,0,8,1,27648,40,5899968864
9736,551526339,234125,551760464,0,4,1,112128,28,67004481
9737,551732538,300584,552033122,0,8,0,364032,40,324286037
9738,551745651,132862,551878513,0,4,0,30208,28,3445412787
9739,552094015,213680,552307695,0,8,0,240128,40,4790972853
9740,552113942,54617,552168559,0,4,1,89600,28,1782507071
9741,552196825,165733,552362558,0,4,1,269312,28,7027240050
9742,552256665,127808,552384473,0,4,1,80384,28,6483202145
9743,552362698,444244,552806942,0,4,0,219136,28,860989919
9744,552521223,218936,552740159,0,4,0,99840,28,9482012292
9745,552626935,566,552627501,0,0,1,512,2,4813755137
9746,552729662,95180,552824842,0,8,0,27648,40,7311963136
9747,552998634,101972,553100606,0,8,0,34816,40,3705876488
9748,553143690,13512,553157202,0,0,1,26112,2,880102499
9749,553346288,10241,553356529,0,0,1,16384,2,1503065977
9750,553397450,302300,553699750,0,8,0,369664,40,5411876423
9751,554341197,115700,554456897,0,8,0,79872,40,3976548855
9752,554819349,117884,554937233,0,8,0,87040,40,8813693070
9753,556129281,4850,556134131,0,1,1,5120,37,10619642356
9754,556341210,192776,556533986,0,8,0,171520,40,2728667519
9755,556504539,10499,556515038,0,1,1,16896,37,5457994317
9756,556650092,210560,556860652,0,8,0,229888,40,6621722629
9757,556670341,2870,556673211,0,1,1,8704,37,1730489983
9758,556795389,5971,556801360,0,1,1,14848,37,4988765643
9759,556806831,44060,556850891,0,5,0,1024,48,4364095965
9760,556813273,157143,556970416,0,8,0,60416,40,2830931503
9761,556828358,4374,556832732,0,0,1,4608,2,5286522257
9762,557286311,112580,557398891,0,8,0,69632,40,8910036336
9763,557366824,15837,557382661,0,1,1,30720,37,2443410127
9764,557392529,23983,557416512,0,1,1,39936,37,1049508842
9765,557980945,177164,558158109,0,8,0,150528,40,7881860305
9766,558139020,84981,558224001,0,8,0,7168,40,482329455
9767,558181136,215143,558396279,0,8,0,183296,40,3790312995
9768,558212450,223807,558436257,0,8,0,86528,40,10619956543
9769,558525748,7230,558532978,0,1,1,7680,37,9149443768
9770,558557972,5712,558563684,0,1,1,14336,37,1151600544
9771,558589893,118352,558708245,0,8,0,88576,40,3503361521
9772,558615511,7230,558622741,0,0,1,7680,2,6054984099
9773,558860869,122876,558983745,0,8,0,103424,40,1771194587
9774,558980925,34795,559015720,0,0,1,60928,2,6634540759
9775,559069445,14117,559083562,0,0,1,24064,2,9324716613
9776,559237003,10757,559247760,0,1,1,17408,37,6083706455
9777,559375437,124436,559499873,0,8,0,108544,40,6330417159
9778,559429666,11016,559440682,0,1,1,17920,37,2759569718
9779,559631266,92972,559724238,0,8,0,15360,40,8009501501
9780,559640725,23725,559664450,0,1,1,39424,37,8792228696
9781,560131574,97916,560229490,0,8,0,21504,40,10509740306
9782,560173123,4420,560177543,0,1,1,11776,37,6752960416
9783,560233061,11016,560244077,0,1,1,17920,37,8928164875
9784,560286439,16613,560303052,0,1,1,32256,37,10673901010
9785,560627966,117884,560745850,0,8,0,87040,40,93475952
9786,560646357,21141,560667498,0,1,1,34304,37,3277292672
9787,560775762,21399,560797161,0,6,1,34816,28,6617931799
9788,560943650,12825,560956475,0,1,1,21504,37,3067481049
9789,561155374,187472,561342846,0,8,0,154112,40,4064385756
9790,561509982,2946,561512928,0,6,1,3072,28,5650288025
9791,561617618,53144,561670762,0,8,0,5632,40,6146323512
9792,561684201,33850,561718051,0,6,1,55808,28,10046607016
9793,561878357,13341,561891698,0,1,1,22528,37,4460520349
9794,561908188,84980,561993168,0,8,0,14336,40,3254263974
9795,561947005,13253,561960258,0,6,1,25600,28,2864015854
9796,561953661,2470,561956131,0,1,1,2560,37,8869780281
9797,562066516,2946,562069462,0,6,1,3072,28,1440786222
9798,562096927,4850,562101777,0,6,1,5120,28,4938221821
9799,562162080,13083,562175163,0,6,1,22016,28,10555551611
9800,562353529,1042,562354571,0,6,1,1024,28,7649202848
9801,562474918,12995,562487913,0,1,1,25088,37,2572471347
9802,562675235,1042,562676277,0,6,1,1024,28,8168018650
9803,562923835,2870,562926705,0,6,1,8704,28,100215072
9804,562926136,69284,562995420,0,8,0,8192,40,3562585183
9805,562932134,22950,562955084,0,6,1,37888,28,6538289000
9806,563258671,15579,563274250,0,1,1,30208,37,694932538
9807,563401264,21141,563422405,0,6,1,34304,28,9834892449
9808,563550979,21658,563572637,0,6,1,35328,28,8499133472
9809,563587437,3422,563590859,0,1,1,3584,37,1535162131
9810,564008602,5326,564013928,0,0,1,5632,2,4437582209
9811,564212732,10499,564223231,0,6,1,16896,28,8105196585
9812,564431943,135358,564567301,0,6,1,220160,28,4186499742
9813,564501695,6754,564508449,0,1,1,7168,37,8769139608
9814,564544743,581117,565125860,0,6,1,941568,28,942936137
9815,564574655,25446,564600101,0,1,1,46080,37,6069876920
9816,564639409,523150,565162559,0,6,1,126464,28,9523132497
9817,564857385,4937,564862322,0,1,1,12800,37,6935274186
9818,565166379,7230,565173609,0,1,1,7680,37,6631381393
9819,565554090,11016,565565106,0,1,1,17920,37,5995025510
9820,565573604,216617,565790221,0,6,1,351744,28,1325086138
9821,565612019,204328,565816347,0,6,1,92160,28,7561470930
9822,565747155,407183,566154338,0,6,1,659456,28,9498374679
9823,565804965,824420,566629385,0,6,1,1106432,28,3797802226
9824,565975847,670422,566646269,0,6,1,64512,28,6368467835
9825,566093900,14029,566107929,0,1,1,27136,37,1750880356
9826,566172345,103064,566275409,0,8,0,38400,40,102184385
9827,566241350,12995,566254345,0,1,1,25088,37,1930592653
9828,566302527,106340,566408867,0,8,0,49152,40,2603473616
9829,566312790,5196,566317986,0,1,1,13312,37,4999626649
9830,566497742,14287,566512029,0,1,1,27648,37,4531717166
9831,566655251,22433,566677684,0,6,1,36864,28,3396939960
9832,566696844,15579,566712423,0,6,1,30208,28,9768375012
9833,566752019,21916,566773935,0,1,1,35840,37,5563442528
9834,566762859,36992,566799851,0,1,1,65024,37,5171278303
9835,566829380,14287,566843667,0,6,1,27648,28,1882510136
9836,567066350,5712,567072062,0,1,1,14336,37,3595848094
9837,567425802,4937,567430739,0,6,1,12800,28,10253474220
9838,567562266,1042,567563308,0,1,1,1024,37,3144266570
9839,567603517,109928,567713445,0,8,0,60928,40,5832594998
9840,567736287,6229,567742516,0,1,1,15360,37,9914709787
9841,567782128,23120,567805248,0,1,1,41472,37,4108054514
9842,567858502,15062,567873564,0,1,1,29184,37,2038583458
9843,568674552,14545,568689097,0,5,1,28160,48,9657692240
9844,568702109,3422,568705531,0,1,1,3584,37,1042452093
9845,569226657,102752,569329409,0,8,0,37376,40,7009027168
9846,569247844,186848,569434692,0,8,0,152064,40,8129268726
9847,569430857,4162,569435019,0,1,1,11264,37,8291546339
9848,569619474,54270,569673744,0,1,1,92160,37,6073762350
9849,569624858,49654,569674512,0,1,1,11776,37,5259353711
9850,569734452,219296,569953748,0,8,0,258560,40,5390279283
9851,570183830,3898,570187728,0,1,1,4096,37,10204477914
9852,570516977,22950,570539927,0,1,1,37888,37,9700315386
9853,571021289,3128,571024417,0,1,1,9216,37,9545801772
9854,571302422,2470,571304892,0,1,1,2560,37,7164031415
9855,571753807,43716,571797523,0,1,1,71680,37,1279556969
9856,571877323,21141,571898464,0,1,1,34304,37,9620400825
9857,571967244,121160,572088404,0,8,0,97792,40,5933871946
9858,572016269,4937,572021206,0,1,1,12800,37,6232165922
9859,572188818,15321,572204139,0,1,1,29696,37,9605337728
9860,572367140,14029,572381169,0,1,1,27136,37,4576833780
9861,572676139,3898,572680037,0,1,1,4096,37,8167373263
9862,573886246,3128,573889374,0,1,1,9216,37,768773444
9863,574065288,3645,574068933,0,1,1,10240,37,8649330264
9864,574780724,439334,575220058,0,8,0,530944,40,10196782895
9865,575329728,4420,575334148,0,1,1,11776,37,4512895963
9866,575412504,43628,575456132,0,1,1,74752,37,9702722759
9867,575774354,1994,575776348,0,1,1,2048,37,4478083663
9868,576176380,16354,576192734,0,5,1,31744,48,604541328
9869,576415836,13083,576428919,0,1,1,22016,37,5848312482
9870,576613838,43904,576657742,0,8,0,512,40,5132126541
9871,576711640,106808,576818448,0,8,0,50688,40,992172979
9872,576820203,3387,576823590,0,1,1,9728,37,3840874614
9873,576907320,5712,576913032,0,5,1,14336,48,10561115736
9874,576912955,4162,576917117,0,1,1,11264,37,7466145451
9875,577058585,4420,577063005,0,1,1,11776,37,10158416730
9876,577457135,12566,577469701,0,1,1,20992,37,1182694213
9877,577609927,11791,577621718,0,5,1,19456,48,5137972181
9878,577695453,4162,577699615,0,1,1,11264,37,3214820728
9879,577720726,5196,577725922,0,5,1,13312,48,9840022903
9880,577805473,23637,577829110,0,5,1,42496,48,251001913
9881,577936539,23466,577960005,0,0,1,38912,2,10310107063
9882,578057085,108368,578165453,0,8,0,55808,40,5445215465
9883,578329812,21399,578351211,0,1,1,34816,37,2803877579
9884,578562615,15321,578577936,0,5,1,29696,48,9193685871
9885,578576669,34795,578611464,0,1,1,60928,37,3149913654
9886,578670979,5712,578676691,0,5,1,14336,48,5421874145
9887,578680679,11791,578692470,0,5,1,19456,48,4442078447
9888,578707048,11016,578718064,0,0,1,17920,2,3491056957
9889,578950834,3128,578953962,0,0,1,9216,2,6845998764
9890,579176024,23466,579199490,0,5,1,38912,48,8140896222
9891,579247766,2946,579250712,0,5,1,3072,48,1372115261
9892,579298406,23637,579322043,0,5,1,42496,48,4171841871
9893,579387500,12737,579400237,0,5,1,24576,48,7326171396
9894,579547298,109304,579656602,0,8,0,58880,40,2772269361
9895,579679566,7230,579686796,0,5,1,7680,48,2691537850
9896,579711932,99788,579811720,0,8,0,27648,40,3165406587
9897,580129374,24242,580153616,0,5,1,40448,48,8184348361
9898,580196023,3128,580199151,0,0,1,9216,2,8770427702
9899,580206661,16096,580222757,0,0,1,31232,2,1430454655
9900,580250332,4850,580255182,0,5,1,5120,48,1091935414
9901,580521702,193088,580714790,0,8,0,172544,40,10211392323
9902,580580039,560439,581140478,0,8,0,629760,40,8534958019
9903,580630177,26479,580656656,0,5,1,48128,48,9017297083
9904,580639098,1304816,581943914,0,8,0,1376768,40,10620125596
9905,580949654,995211,581944865,0,8,0,3072,40,3489638247
9906,581027955,1994,581029949,0,0,1,2048,2,1026999884
9907,581071470,41908,581113378,0,5,1,68096,48,8008278713
9908,581087090,871206,581958296,0,8,0,44032,40,1457588976
9909,581128911,1042,581129953,0,5,1,1024,48,3205829740
9910,581163360,843467,582006827,0,8,0,159232,40,9488936363
9911,581732052,382667,582114719,0,8,0,54272,40,6482530426
9912,581773514,92016,581865530,0,6,1,148992,28,4969573265
9913,581895783,23466,581919249,0,1,1,38912,37,8236341272
9914,581934026,14029,581948055,0,1,1,27136,37,7523772469
9915,581985847,14029,581999876,0,1,1,27136,37,4721716079
9916,581990852,10330,582001182,0,1,1,2048,37,4841247441
9917,582060330,52549,582112879,0,1,1,85504,37,9711166366
9918,582208435,158372,582366807,0,8,0,139264,40,6896861032
9919,582291081,14117,582305198,0,1,1,24064,37,3412355742
9920,582363550,20882,582384432,0,1,1,33792,37,919894428
9921,582578717,11533,582590250,0,8,1,18944,40,10322812722
9922,582645476,14545,582660021,0,8,1,28160,40,10160063813
9923,582822051,376412,583198463,0,8,0,451584,40,4072344695
9924,583077161,305933,583383094,0,6,1,495616,28,5246723207
9925,584114988,14545,584129533,0,5,1,28160,48,694534227
9926,584360162,4374,584364536,0,5,1,4608,48,6317371604
9927,584683770,15579,584699349,0,5,1,30208,48,10363141710
9928,584753999,10499,584764498,0,5,1,16896,48,2177583800
9929,584814728,7706,584822434,0,1,1,8192,37,8822440148
9930,585146325,16096,585162421,0,8,1,31232,40,1400716953
9931,587982763,52291,588035054,0,6,1,84992,28,10629022985
9932,588037438,1518,588038956,0,1,1,1536,37,8704080271
9933,588124242,122908,588247150,0,6,1,199168,28,7470897124
9934,588183503,79814,588263317,0,6,1,60928,28,4122455698
9935,588328204,1042,588329246,0,1,1,1024,37,4705153949
9936,588792180,274783,589066963,0,6,1,444928,28,1239586200
9937,588857754,229895,589087649,0,6,1,66048,28,156930657
9938,588917474,6488,588923962,0,1,1,15872,37,1941001704
9939,589142780,176287,589319067,0,6,1,289792,28,3305611117
9940,589302761,18892,589321653,0,6,1,4096,28,4691706450
9941,589485807,178096,589663903,0,6,1,293376,28,9714389593
9942,589554439,268501,589822940,0,6,1,405504,28,8754646450
9943,589557775,438138,589995913,0,6,1,481792,28,10515260575
9944,589820799,6754,589827553,0,1,1,7168,37,9856349678
9945,589922965,12566,589935531,0,1,1,20992,37,5294804137
9946,590164996,24154,590189150,0,1,1,43520,37,1240469249
9947,590708683,23208,590731891,0,1,1,38400,37,1932994032
9948,590847769,25704,590873473,0,1,1,46592,37,6655483206
9949,590913673,3898,590917571,0,1,1,4096,37,7606757977
9950,591043407,11791,591055198,0,1,1,19456,37,1653186504
9951,592730171,15062,592745233,0,1,1,29184,37,8575035730
9952,595143774,75295,595219069,0,6,1,126464,28,5490819990
9953,595289385,50741,595340126,0,6,1,81920,28,10064956152
9954,595920401,5454,595925855,0,6,1,13824,28,7081117295
9955,596024395,197829,596222224,0,6,1,325120,28,10619463781
9956,596195416,32300,596227716,0,6,1,26112,28,2983007506
9957,596278117,5971,596284088,0,6,1,14848,28,8655566801
9958,596884339,33075,596917414,0,6,1,54272,28,7772072783
9959,596924185,26479,596950664,0,6,1,48128,28,6807551116
9960,597286331,103691,597390022,0,6,1,168448,28,3650185506
9961,597377427,415241,597792668,0,6,1,671744,28,5892372369
9962,598006396,185208,598191604,0,6,1,300544,28,4684269971
9963,598218973,13858,598232831,0,6,1,23552,28,2511502682
9964,598301171,44404,598345575,0,6,1,76288,28,10081412861
9965,598963711,166937,599130648,0,6,1,274944,28,3658402668
9966,599011515,12049,599023564,0,1,1,19968,37,1434432322
9967,599103068,49290,599152358,0,6,1,79360,28,834442069
9968,599241810,22433,599264243,0,5,1,36864,48,2177569697
9969,599388456,44662,599433118,0,5,1,76800,48,201559966
9970,599417582,41908,599459490,0,1,1,68096,37,8842233863
9971,599480479,12995,599493474,0,5,1,25088,48,2748388480
9972,599569851,1042,599570893,0,1,1,1024,37,9966008163
9973,599637293,21658,599658951,0,1,1,35328,37,7278420096
9974,599640548,5326,599645874,0,6,1,5632,28,10045530747
9975,599714640,10757,599725397,0,5,1,17408,48,3980716292
9976,599831200,215753,600046953,0,6,1,353280,28,3530655975
9977,599891827,43904,599935731,0,5,0,512,48,10084990037
9978,599939015,118563,600057578,0,6,1,34304,28,3512179245
9979,599940029,25704,599965733,0,5,1,46592,48,6346448770
9980,599964750,107212,600071962,0,5,0,9728,48,10292804863
9981,600186211,43904,600230115,0,5,0,512,48,2783374579
9982,600914119,5802,600919921,0,1,1,6144,37,5171866461
9983,601226399,1042,601227441,0,1,1,1024,37,7044246280
9984,601434000,3898,601437898,0,1,1,4096,37,10238629989
9985,602091956,4850,602096806,0,1,1,5120,37,8910096997
9986,602198915,4374,602203289,0,1,1,4608,37,3164513124
9987,602879695,2946,602882641,0,1,1,3072,37,9729978312
9988,603236768,7230,603243998,0,1,1,7680,37,8888360951
9989,603710729,6754,603717483,0,1,1,7168,37,1977644651
9990,604082408,12308,604094716,0,1,1,20480,37,10398993487
9991,604378343,12566,604390909,0,1,1,20992,37,785855829
9992,604895346,7706,604903052,0,1,1,8192,37,9429093233
9993,605548825,11791,605560616,0,1,1,19456,37,154969818
9994,605551841,12961,605564802,0,1,1,6656,37,4224074952
9995,605794213,32558,605826771,0,1,1,53248,37,134030532
9996,607123340,6278,607129618,0,6,1,6656,28,10444952603
9997,607682400,6229,607688629,0,1,1,15360,37,1200595915
9998,607696276,1994,607698270,0,1,1,2048,37,5897724051
9999,620889963,3422,620893385,0,6,1,3584,28,6054770202
