RequestID,ArrivalTime,DelayTime,FinishTime,InitiatorID,TargetID,IOType,Size,VolumeID,Offset
0,1727564466,4850,1727569316,38,0,1,5120,38,5696006063
1,1727595376,113360,1727708736,37,0,0,72192,37,8167396396
2,1727601780,54992,1727656772,23,0,0,6656,23,5614242295
3,1727646590,123856,1727770446,3,0,0,56832,3,5222738157
4,1727669476,245428,1727914904,26,0,0,27648,26,5621002454
5,1727680506,274848,1727955354,13,0,0,22528,13,5925315709
6,1727697628,250831,1727948459,34,0,0,110080,34,9532405888
7,1727712823,121985,1727834808,10,0,0,2560,10,3937708235
8,1727715994,288392,1728004386,14,0,0,159744,14,6759716538
9,1727740608,2946,1727743554,28,0,1,3072,28,4711955097
10,1727747549,137583,1727885132,36,0,0,512,36,10327961395
11,1727748189,22272,1727770461,20,0,1,5632,20,1952605130
12,1727763411,18833,1727782244,1,0,1,19456,1,4926213567
13,1727794164,217310,1728011474,14,0,0,22016,14,1165812850
14,1727824451,4162,1727828613,7,0,1,11264,7,8506011245
15,1727842049,4162,1727846211,2,0,1,11264,2,10223492784
16,1727855901,1042,1727856943,9,0,1,1024,9,6380203509
17,1727869209,2946,1727872155,10,0,1,3072,10,1641363666
18,1727891292,113459,1728004751,33,0,0,1024,33,9371702299
19,1727912902,91499,1728004401,32,0,1,11264,32,1219685303
20,1727922187,82229,1728004416,21,0,1,3584,21,5706273350
21,1727973149,176664,1728149813,32,0,0,17408,32,1405603990
22,1728001491,45029,1728046520,3,0,1,61440,3,7898313105
23,1728021097,25884,1728046981,30,0,1,10240,30,9067805424
24,1728044925,204438,1728249363,17,0,0,15360,17,5859159161
25,1728071264,6754,1728078018,24,0,1,7168,24,5883275975
26,1728081991,4420,1728086411,11,0,1,11776,11,4833975763
27,1728085902,45596,1728131498,0,0,0,1024,0,4202597157
28,1728088506,156162,1728244668,39,0,0,81408,39,2565042892
29,1728108563,368320,1728476883,29,0,0,48640,29,4958970090
30,1728116772,1994,1728118766,27,0,1,2048,27,4444899656
31,1728154562,3898,1728158460,11,0,1,4096,11,1644284828
32,1728195320,145658,1728340978,10,0,0,116224,10,3658359090
33,1728255721,205368,1728461089,19,0,0,141824,19,2395539027
34,1728262235,10757,1728272992,8,0,1,17408,8,6981091308
35,1728278897,82376,1728361273,10,0,0,15872,10,6826772262
36,1728279579,1994,1728281573,20,0,1,2048,20,1405126670
37,1728287995,191430,1728479425,23,0,0,512,23,5764241958
38,1728297447,164593,1728462040,20,0,0,3072,20,8157111911
39,1728331884,15364,1728347248,35,0,1,6656,35,8541075012
40,1728363322,150724,1728514046,14,0,0,9728,14,7023945213
41,1728369819,566,1728370385,17,0,1,512,17,7245785182
42,1728376890,1042,1728377932,35,0,1,1024,35,9333636847
43,1728377403,107879,1728485282,9,0,0,1024,9,2768168541
44,1728386993,92245,1728479238,1,0,0,7680,1,6337214089
45,1728393078,13253,1728406331,19,0,1,25600,19,420237603
46,1728394524,12153,1728406677,15,0,1,512,15,111355359
47,1728402135,136626,1728538761,37,0,0,25600,37,1019397759
48,1728412928,85655,1728498583,11,0,0,6656,11,7716663325
49,1728435984,44255,1728480239,38,0,1,1024,38,10008362803
50,1728462077,20335,1728482412,20,0,1,8704,20,2287929114
51,1728502217,4374,1728506591,20,0,1,4608,20,2615347194
52,1728505259,23983,1728529242,36,0,1,39936,36,9025989899
53,1728590306,174499,1728764805,17,0,0,26112,17,8499761285
54,1728594791,16096,1728610887,36,0,1,31232,36,4076656306
55,1728612252,232650,1728844902,25,0,0,42496,25,4620232471
56,1728640440,11016,1728651456,3,0,1,17920,3,9181046973
57,1728674148,5454,1728679602,21,0,1,13824,21,6824696985
58,1728703947,1518,1728705465,0,0,1,1536,0,6500457072
59,1728744902,161944,1728906846,11,0,0,84480,11,1035525674
60,1728762086,9006,1728771092,34,0,1,6656,34,1529667524
61,1728763277,253246,1729016523,23,0,0,28672,23,1398874222
62,1728780910,237043,1729017953,5,0,1,388096,5,8162871687
63,1728783974,234229,1729018203,7,0,1,9216,7,1519356733
64,1728787664,291920,1729079584,26,0,0,2560,26,1644545282
65,1728792805,256239,1729049044,14,0,0,8192,14,10485216398
66,1728812403,399412,1729211815,17,0,0,56320,17,148695348
67,1728818089,353774,1729171863,35,0,0,37888,35,3818445158
68,1728826179,528575,1729354754,2,0,0,41984,2,3091478346
69,1728850282,209344,1729059626,8,0,1,140800,8,1574051655
70,1728859416,200876,1729060292,24,0,1,1024,24,3310103857
71,1728871175,189783,1729060958,15,0,1,11264,15,7112502712
72,1728884933,296632,1729181565,28,0,0,31744,28,8631282386
73,1728889349,182541,1729071890,8,0,1,35840,8,3594541040
74,1728901632,473090,1729374722,24,0,0,25088,24,6233816357
75,1728916167,157349,1729073516,24,0,1,2560,24,6815241516
76,1728927177,289792,1729216969,36,0,0,1536,36,838243487
77,1728935904,314415,1729250319,5,0,0,512,5,8057018137
78,1728951018,123164,1729074182,27,0,1,1024,27,3520972151
79,1728953506,123262,1729076768,16,0,1,4096,16,651123536
80,1728966035,114599,1729080634,26,0,1,6144,26,5880363173
81,1729017922,164906,1729182828,25,0,0,4096,25,9484078790
82,1729042262,216026,1729258288,0,0,0,512,0,8884455070
83,1729048341,416243,1729464584,18,0,0,134144,18,4531070464
84,1729048356,109028,1729157384,25,0,0,10752,25,4026664900
85,1729058339,355661,1729414000,21,0,0,1536,21,257153444
86,1729067438,14182,1729081620,11,0,1,1536,11,1502254373
87,1729090784,566,1729091350,24,0,1,512,24,2951244633
88,1729104037,6278,1729110315,27,0,1,6656,27,6786065493
89,1729110602,208154,1729318756,8,0,0,7168,8,2421113340
90,1729112616,2946,1729115562,11,0,1,3072,11,9783982746
91,1729121161,7706,1729128867,2,0,1,8192,2,6877920536
92,1729152489,261028,1729413517,28,0,0,39424,28,1897022328
93,1729153054,173691,1729326745,18,0,0,15360,18,2166332892
94,1729158041,13837,1729171878,12,0,1,2560,12,6684704973
95,1729228760,12049,1729240809,22,0,1,19968,22,6621257538
96,1729231160,13835,1729244995,26,0,1,6656,26,10633782502
97,1729301380,358971,1729660351,6,0,0,33280,6,5234073783
98,1729321209,151306,1729472515,39,0,0,25600,39,1729045486
99,1729330997,469645,1729800642,21,0,0,108544,21,8332075634
100,1729352089,6079,1729358168,10,0,1,3584,10,7176053547
101,1729357394,292794,1729650188,23,0,0,169984,23,3935974819
102,1729411518,251516,1729663034,38,0,0,8704,38,8288887518
103,1729425337,47193,1729472530,10,0,1,4608,10,5905900679
104,1729434710,39133,1729473843,18,0,1,7680,18,4085182882
105,1729439419,286076,1729725495,26,0,0,21504,26,1156363418
106,1729452721,30470,1729483191,19,0,1,28672,19,6804935591
107,1729476504,10233,1729486737,28,0,1,5632,28,1215613040
108,1729509701,1994,1729511695,32,0,1,2048,32,739509047
109,1729528964,2470,1729531434,16,0,1,2560,16,6635126495
110,1729549853,5802,1729555655,17,0,1,6144,17,10465345052
111,1729551946,4375,1729556321,33,0,1,1024,33,7645538830
112,1729553535,214020,1729767555,3,0,0,48640,3,1979236695
113,1729554652,253726,1729808378,37,0,0,15360,37,9116921503
114,1729568663,264854,1729833517,34,0,0,44032,34,3417366507
115,1729570702,142542,1729713244,37,0,0,25600,37,5121624024
116,1729574678,88683,1729663361,27,0,0,1024,27,6782690678
117,1729586806,1994,1729588800,16,0,1,2048,16,9547475141
118,1729593375,1518,1729594893,27,0,1,1536,27,3025515360
119,1729606596,59670,1729666266,25,0,1,3072,25,5795403411
120,1729608133,248732,1729856865,13,0,0,23040,13,7254207109
121,1729621098,49461,1729670559,16,0,1,6656,16,2473708689
122,1729652525,20013,1729672538,18,0,1,15360,18,935365111
123,1729680269,264404,1729944673,2,0,0,18432,2,9103099339
124,1729696426,354842,1730051268,8,0,0,21504,8,10293829275
125,1729704563,206242,1729910805,30,0,0,28672,30,9125826694
126,1729711335,169846,1729881181,19,0,0,33280,19,8242305052
127,1729717339,211577,1729928916,6,0,0,59392,6,2445226945
128,1729737134,2470,1729739604,38,0,1,2560,38,7194386178
129,1729778844,29557,1729808401,33,0,1,14336,33,2868363267
130,1729787293,95893,1729883186,38,0,0,1536,38,10619806780
131,1729802913,151143,1729954056,20,0,0,7168,20,2039672987
132,1729812546,4850,1729817396,38,0,1,5120,38,10012373536
133,1729814254,238804,1730053058,5,0,0,512,5,4945734617
134,1729842435,1042,1729843477,20,0,1,1024,20,2353725125
135,1729846727,82204,1729928931,36,0,1,110080,36,7895095262
136,1729876422,52524,1729928946,26,0,1,512,26,2322419394
137,1729913706,181722,1730095428,6,0,0,33280,6,9206560240
138,1729917645,11901,1729929546,15,0,1,512,15,8611225480
139,1729918133,410253,1730328386,34,0,0,19968,34,6004738205
140,1729986332,4850,1729991182,26,0,1,5120,26,7874978411
141,1729987124,5684,1729992808,34,0,1,2560,34,263380535
142,1729988128,5986,1729994114,10,0,1,2048,10,2003055841
143,1729998356,142450,1730140806,38,0,0,39936,38,2995313961
144,1730017516,566,1730018082,34,0,1,512,34,6630133829
145,1730027195,566,1730027761,32,0,1,512,32,10517854520
146,1730029179,256198,1730285377,6,0,0,46080,6,1539451708
147,1730043506,7785,1730051291,11,0,1,8192,11,4653250638
148,1730046178,269534,1730315712,34,0,0,95744,34,9591419368
149,1730085237,296859,1730382096,14,0,0,65024,14,4512507210
150,1730097761,12995,1730110756,1,0,1,25088,1,3037043180
151,1730100349,15592,1730115941,21,0,1,16384,21,1629749999
152,1730125550,566,1730126116,4,0,1,512,4,8751665777
153,1730130832,203364,1730334196,20,0,0,18432,20,2662469659
154,1730131971,103545,1730235516,14,0,0,4608,14,6834298757
155,1730154137,3422,1730157559,26,0,1,3584,26,623942405
156,1730160163,162116,1730322279,25,0,0,21504,25,7588972784
157,1730166273,3645,1730169918,35,0,1,10240,35,3738806239
158,1730173433,155124,1730328557,9,0,0,512,9,2869282721
159,1730181384,362162,1730543546,14,0,0,106496,14,9569413628
160,1730198670,46729,1730245399,19,0,1,80896,19,3279666578
161,1730205451,235088,1730440539,23,0,0,7680,23,5005972851
162,1730213297,35328,1730248625,12,0,1,5120,12,7166292542
163,1730215677,38542,1730254219,28,0,1,18432,28,1863084938
164,1730217037,39768,1730256805,37,0,1,4096,37,4278484470
165,1730220418,37373,1730257791,1,0,1,1536,1,1340017638
166,1730227785,270959,1730498744,21,0,0,31744,21,4818523581
167,1730238421,24196,1730262617,24,0,1,7680,24,7522058905
168,1730243739,24984,1730268723,0,0,1,20992,0,7314972962
169,1730266435,244648,1730511083,26,0,0,40448,26,1870447810
170,1730271981,363065,1730635046,2,0,0,69632,2,9313895372
171,1730279309,295294,1730574603,29,0,0,29184,29,9184710311
172,1730297564,285186,1730582750,20,0,0,6656,20,8362608929
173,1730315942,547399,1730863341,22,0,0,96256,22,7663026130
174,1730326449,239207,1730565656,11,0,0,71680,11,7362167885
175,1730337915,583340,1730921255,23,0,0,186368,23,10245299772
176,1730363376,396926,1730760302,14,0,0,22528,14,8194557481
177,1730374907,267092,1730641999,38,0,0,1024,38,22023029
178,1730389528,317943,1730707471,19,0,0,1024,19,8484221201
179,1730405023,749594,1731154617,13,0,0,86528,13,2320223958
180,1730419603,123966,1730543569,19,0,1,135168,19,6781176335
181,1730441992,101600,1730543592,24,0,1,4608,24,5988354950
182,1730444488,99119,1730543607,20,0,1,4096,20,8700219641
183,1730461010,82791,1730543801,13,0,0,512,13,7000921600
184,1730469356,74266,1730543622,3,0,1,35328,3,1454486685
185,1730473626,345240,1730818866,21,0,0,27136,21,3844483099
186,1730486239,257617,1730743856,28,0,0,18432,28,10217573249
187,1730500979,73639,1730574618,20,0,1,1536,20,9199391211
188,1730504556,70093,1730574649,11,0,1,1536,11,6786832544
189,1730520302,54362,1730574664,2,0,1,2560,2,8815557779
190,1730549205,26890,1730576095,24,0,1,1536,24,7628238895
191,1730551046,50737,1730601783,3,0,1,48640,3,5611604333
192,1730577780,241257,1730819037,0,0,0,512,0,9584919137
193,1730582134,19803,1730601937,28,0,1,8704,28,1377311172
194,1730591014,242010,1730833024,22,0,0,5120,22,10611718786
195,1730598671,265777,1730864448,14,0,0,3584,14,10150318019
196,1730600518,3685,1730604203,16,0,1,3584,16,9099014498
197,1730610407,1518,1730611925,11,0,1,1536,11,2488835733
198,1730637859,4850,1730642709,7,0,1,5120,7,9144790837
199,1730638682,731285,1731369967,3,0,0,70144,3,5787618268
200,1730652305,4937,1730657242,15,0,1,12800,15,6255114087
201,1730680813,24412,1730705225,3,0,1,44032,3,1808864921
202,1730699905,10505,1730710410,8,0,1,16384,8,3999237936
203,1730721560,397629,1731119189,18,0,0,38912,18,5587112655
204,1730726205,1518,1730727723,25,0,1,1536,25,3530910677
205,1730754927,539437,1731294364,22,0,0,94208,22,3745573545
206,1730756943,579118,1731336061,18,0,0,37888,18,8739357874
207,1730770926,12308,1730783234,29,0,1,20480,29,10435059368
208,1730790469,2870,1730793339,11,0,1,8704,11,2463239055
209,1730795448,180663,1730976111,25,0,0,3072,25,4066895749
210,1730803420,1518,1730804938,34,0,1,1536,34,5134470455
211,1730814494,404783,1731219277,2,0,0,23040,2,6737256027
212,1730815000,7000,1730822000,37,0,1,3072,37,6674249854
213,1730831781,491770,1731323551,34,0,0,95744,34,4994143305
214,1730833731,377207,1731210938,36,0,0,3072,36,9098284323
215,1730845067,725405,1731570472,24,0,0,196608,24,10107413077
216,1730867718,58446,1730926164,24,0,1,5120,24,2859957009
217,1730868179,62171,1730930350,7,0,1,6656,7,4734199093
218,1730868734,377057,1731245791,11,0,0,3072,11,3597451623
219,1730870409,64767,1730935176,28,0,1,7680,28,8664586054
220,1730929293,646692,1731575985,21,0,0,16896,21,3174258342
221,1730930843,8199,1730939042,5,0,1,6144,5,10506860995
222,1730980055,344447,1731324502,8,0,0,3072,8,9752203121
223,1730982041,847459,1731829500,34,0,0,227328,34,8087063431
224,1730994607,353957,1731348564,1,0,0,40960,1,2584341775
225,1730994611,1539,1730996150,24,0,1,1536,24,9119706849
226,1730998151,1042,1730999193,2,0,1,1024,2,9905685101
227,1731017805,13083,1731030888,8,0,1,22016,8,835310109
228,1731122286,112814,1731235100,3,0,0,5632,3,3430090774
229,1731136436,265221,1731401657,14,0,0,8704,14,5519325959
230,1731154560,311190,1731465750,3,0,0,71680,3,1236496251
231,1731162777,5802,1731168579,27,0,1,6144,27,4319060514
232,1731170828,1518,1731172346,38,0,1,1536,38,2955855008
233,1731192986,2470,1731195456,32,0,1,2560,32,4003020692
234,1731195297,4374,1731199671,2,0,1,4608,2,9025920918
235,1731220197,1042,1731221239,20,0,1,1024,20,9434859947
236,1731223661,360615,1731584276,6,0,0,27136,6,4258525403
237,1731224011,3898,1731227909,9,0,1,4096,9,9633425349
238,1731229095,248622,1731477717,21,0,0,3584,21,6171075713
239,1731237522,3422,1731240944,2,0,1,3584,2,406678424
240,1731239360,478702,1731718062,26,0,0,111104,26,2257150885
241,1731261245,566,1731261811,5,0,1,512,5,2280112618
242,1731280480,89526,1731370006,38,0,1,9216,38,9735678030
243,1731327377,46021,1731373398,11,0,1,3584,11,6525063962
244,1731345090,28654,1731373744,7,0,1,512,7,3255725914
245,1731346381,288781,1731635162,21,0,0,512,21,382517023
246,1731357611,17759,1731375370,20,0,1,2560,20,5241559401
247,1731377393,193429,1731570822,27,0,0,1024,27,2495969730
248,1731377396,453063,1731830459,0,0,0,3072,0,1800370913
249,1731408082,15837,1731423919,3,0,1,30720,3,1007298567
250,1731443538,22227,1731465765,38,0,1,10752,38,8723448648
251,1731448780,311425,1731760205,11,0,0,138240,11,6212291660
252,1731454599,388753,1731843352,17,0,0,21504,17,1568562528
253,1731457053,412062,1731869115,37,0,0,84480,37,1374293500
254,1731457079,10271,1731467350,28,0,1,1536,28,8998865677
255,1731468095,414154,1731882249,23,0,0,2048,23,7789342189
256,1731483766,5802,1731489568,14,0,1,6144,14,10030449576
257,1731484291,5943,1731490234,15,0,1,1024,15,4422265704
258,1731484423,7757,1731492180,10,0,1,3072,10,3262966537
259,1731509017,61470,1731570487,33,0,1,2048,33,10526218962
260,1731536762,49968,1731586730,33,0,1,2560,33,116910017
261,1731557698,328996,1731886694,11,0,0,7168,11,9736705418
262,1731566760,21276,1731588036,37,0,1,2048,37,6364521232
263,1731571535,265218,1731836753,29,0,0,17408,29,8346432746
264,1731612759,268851,1731881610,1,0,0,40960,1,1399853669
265,1731615916,268540,1731884456,31,0,0,7168,31,10200153877
266,1731616569,279485,1731896054,14,0,0,3072,14,5670939191
267,1731621474,288737,1731910211,19,0,0,2048,19,4960319368
268,1731625806,205620,1731831426,11,0,0,3072,11,5238724064
269,1731638784,5326,1731644110,24,0,1,5632,24,2279539349
270,1731676857,217216,1731894073,15,0,0,24064,15,6911070492
271,1731684380,200115,1731884495,20,0,1,4096,20,4351684799
272,1731699980,194755,1731894735,0,0,0,512,0,6666669214
273,1731707536,352592,1732060128,18,0,0,107520,18,2183874237
274,1731746894,147662,1731894556,5,0,0,1536,5,6877977002
275,1731747705,147061,1731894766,30,0,1,8192,30,7848303301
276,1731757176,137605,1731894781,18,0,1,1024,18,8506954797
277,1731776512,237931,1732014443,28,0,0,39424,28,6562413659
278,1731780836,306477,1732087313,4,0,0,45568,4,10695622236
279,1731784670,111399,1731896069,20,0,1,4096,20,3879162198
280,1731791618,104466,1731896084,37,0,1,1024,37,9164221335
281,1731799903,98082,1731897985,7,0,1,3072,7,4972817474
282,1731811063,171902,1731982965,1,0,0,30720,1,10028106975
283,1731832457,66834,1731899291,20,0,1,2048,20,3441573503
284,1731878554,23323,1731901877,21,0,1,4096,21,1980590101
285,1731888799,201664,1732090463,37,0,0,9216,37,2054453535
286,1731899129,341330,1732240459,27,0,0,2048,27,3307262972
287,1731906745,180895,1732087640,27,0,0,1024,27,9936515661
288,1731912535,566,1731913101,35,0,1,512,35,7110617287
289,1731929968,5454,1731935422,28,0,1,13824,28,2651412210
290,1731942135,151569,1732093704,29,0,0,6656,29,1041537243
291,1731949774,171616,1732121390,22,0,0,7168,22,7090073395
292,1731951850,250144,1732201994,22,0,0,23552,22,5575079458
293,1731957295,3645,1731960940,10,0,1,10240,10,8621513576
294,1731960095,226238,1732186333,22,0,0,128000,22,5092866304
295,1731964313,222191,1732186504,0,0,0,512,0,3014610137
296,1731964588,5454,1731970042,25,0,1,13824,25,1846521251
297,1731997864,282292,1732280156,26,0,0,5632,26,7586325807
298,1732000739,13719,1732014458,32,0,1,2048,32,8976533414
299,1732034909,159878,1732194787,19,0,0,27136,19,4487807703
300,1732093682,148956,1732242638,31,0,0,4608,31,10048293149
301,1732102692,215866,1732318558,21,0,0,46592,21,3103919827
302,1732117094,187253,1732304347,10,0,0,65536,10,10199926168
303,1732130565,136653,1732267218,11,0,0,38400,11,3923383619
304,1732140152,208366,1732348518,33,0,0,512,33,7241100496
305,1732169786,166894,1732336680,3,0,0,38400,3,7925745725
306,1732177390,26131,1732203521,26,0,1,1536,26,8192891447
307,1732184564,25613,1732210177,18,0,1,8192,18,7912395590
308,1732191539,23784,1732215323,2,0,1,8192,2,1938652409
309,1732275628,61691,1732337319,28,0,0,2048,28,56400357
310,1732298328,24162,1732322490,10,0,1,4096,10,6115966987
311,1732303768,108934,1732412702,29,0,0,20992,29,4922545544
312,1732310805,12163,1732322968,14,0,1,9216,14,9882060155
313,1732319508,17826,1732337334,37,0,1,3584,37,6097809313
314,1732324754,114840,1732439594,6,0,0,23552,6,7674604716
315,1732326356,177118,1732503474,17,0,0,12800,17,9155513716
316,1732334107,5238,1732339345,10,0,1,2048,10,10383424514
317,1732341856,156964,1732498820,21,0,0,35328,21,9479704430
318,1732346828,354508,1732701336,23,0,0,11776,23,10197946350
319,1732354283,4162,1732358445,14,0,1,11264,14,7701191483
320,1732381869,188151,1732570020,24,0,0,61952,24,7660867021
321,1732398077,222985,1732621062,18,0,0,31744,18,9167215363
322,1732420186,161011,1732581197,3,0,0,14336,3,7652835675
323,1732431988,7621,1732439609,0,0,1,14336,0,1731025587
324,1732438015,207242,1732645257,30,0,0,79360,30,1283642392
325,1732502633,72340,1732574973,36,0,1,115712,36,959674184
326,1732507220,73992,1732581212,35,0,1,16896,35,2613627909
327,1732520215,61991,1732582206,38,0,1,3072,38,6400711617
328,1732523850,167454,1732691304,14,0,0,34304,14,8000178153
329,1732525000,57872,1732582872,32,0,1,1024,32,8777154445
330,1732526566,56652,1732583218,1,0,1,512,1,1276341178
331,1732528842,54632,1732583474,35,0,1,9216,35,7269115073
332,1732558894,192166,1732751060,35,0,0,60416,35,9004349772
333,1732559457,25963,1732585420,9,0,1,3072,9,7153439855
334,1732567379,23430,1732590809,3,0,1,17408,3,4898545665
335,1732587301,5454,1732592755,12,0,1,3072,12,9832623145
336,1732600438,248485,1732848923,17,0,0,40960,17,881013226
337,1732604537,1518,1732606055,1,0,1,1536,1,6774182825
338,1732606719,3645,1732610364,16,0,1,10240,16,9443995579
339,1732686353,182301,1732868654,29,0,0,17408,29,2545539291
340,1732702384,49494,1732751878,18,0,0,2560,18,2824836445
341,1732708138,125505,1732833643,38,0,0,5120,38,5156735245
342,1732710617,4679,1732715296,5,0,1,12288,5,2509607406
343,1732713890,104676,1732818566,8,0,0,22528,8,7234506111
344,1732722408,2470,1732724878,7,0,1,2560,7,6049845666
345,1732730270,20813,1732751083,0,0,1,9728,0,10252892044
346,1732730939,121439,1732852378,29,0,0,11264,29,1929255061
347,1732759512,64965,1732824477,36,0,0,512,36,9834077658
348,1732761410,5802,1732767212,17,0,1,6144,17,9660134529
349,1732766157,197874,1732964031,2,0,0,3072,2,6410287528
350,1732782716,124605,1732907321,0,0,0,512,0,2446802687
351,1732801102,1518,1732802620,1,0,1,1536,1,9818452307
352,1732805653,227280,1733032933,29,0,0,52224,29,3943295261
353,1732819940,115868,1732935808,29,0,0,40960,29,9895622812
354,1732823201,88263,1732911464,0,0,0,512,0,6293683697
355,1732823656,2470,1732826126,24,0,1,2560,24,4965474631
356,1732847326,101310,1732948636,6,0,0,11264,6,9015959941
357,1732862248,12566,1732874814,3,0,1,20992,3,207301961
358,1732884227,309780,1733194007,20,0,0,23552,20,460594024
359,1732902720,1518,1732904238,22,0,1,1536,22,9822998849
360,1732904097,227912,1733132009,20,0,0,19968,20,54938466
361,1732908174,2470,1732910644,33,0,1,2560,33,10593315991
362,1732929438,10277,1732939715,4,0,1,4096,4,2737968612
363,1732933636,58614,1732992250,5,0,0,1024,5,5299176426
364,1732943844,43628,1732987472,3,0,1,74752,3,5531995115
365,1732950425,48184,1732998609,3,0,1,36864,3,625041549
366,1732963823,299833,1733263656,29,0,0,16384,29,10437408273
367,1732963848,37347,1733001195,33,0,1,4096,33,2876414276
368,1732985453,208725,1733194178,5,0,0,512,5,3286774265
369,1732998288,7413,1733005701,26,0,1,7168,26,4623568564
370,1733012227,20721,1733032948,34,0,1,5120,34,5233403545
371,1733016990,335741,1733352731,34,0,0,95744,34,712338476
372,1733018962,37770,1733056732,8,0,1,39424,8,8479169810
373,1733025732,161084,1733186816,35,0,0,40960,35,5495941884
374,1733027271,34607,1733061878,38,0,1,8192,38,6953144182
375,1733032853,30331,1733063184,4,0,1,2048,4,7794265249
376,1733059669,6741,1733066410,20,0,1,5120,20,7193411792
377,1733095368,1042,1733096410,14,0,1,1024,14,2528737562
378,1733096601,263009,1733359610,35,0,0,22528,35,7827876929
379,1733118200,269277,1733387477,37,0,0,14336,37,3758114153
380,1733119653,1042,1733120695,37,0,1,1024,37,6685291003
381,1733138813,1042,1733139855,29,0,1,1024,29,1416917518
382,1733150091,163067,1733313158,23,0,0,51200,23,6838655574
383,1733204802,156227,1733361029,13,0,0,4608,13,127667044
384,1733215401,2870,1733218271,1,0,1,8704,1,2985850063
385,1733217806,13896,1733231702,14,0,1,23040,14,5044028822
386,1733232785,1518,1733234303,7,0,1,1536,7,5625298845
387,1733298250,20243,1733318493,12,0,1,5632,12,603213591
388,1733311390,235811,1733547201,21,0,0,56320,21,9494290468
389,1733313435,9884,1733323319,7,0,1,7680,7,10250373329
390,1733355681,244002,1733599683,13,0,0,8704,13,4062740881
391,1733355712,18587,1733374299,8,0,1,25600,8,6229976234
392,1733377963,2470,1733380433,35,0,1,2560,35,9892808164
393,1733380274,1994,1733382268,25,0,1,2048,25,4221141810
394,1733394091,4420,1733398511,29,0,1,11776,29,212781336
395,1733411369,136843,1733548212,29,0,0,3072,29,5916868591
396,1733426382,228639,1733655021,2,0,0,70656,2,1316837770
397,1733438828,308655,1733747483,23,0,0,35328,23,7425793175
398,1733458768,566,1733459334,10,0,1,512,10,8851627340
399,1733479200,189408,1733668608,19,0,0,44544,19,7911528709
400,1733482999,81674,1733564673,11,0,0,512,11,10345982753
401,1733484841,251847,1733736688,1,0,0,74240,1,5549712161
402,1733485116,62100,1733547216,5,0,1,80896,5,7621585541
403,1733498955,48276,1733547231,15,0,1,12288,15,294278277
404,1733499492,105243,1733604735,15,0,0,2048,15,10303640913
405,1733508229,39017,1733547246,29,0,1,9216,29,7088029326
406,1733513012,96362,1733609374,5,0,0,512,5,5689262821
407,1733517329,29932,1733547261,30,0,1,8192,30,4484377426
408,1733518794,155979,1733674773,0,0,0,4096,0,4178943642
409,1733541614,7156,1733548770,28,0,1,512,28,6630363578
410,1733560468,229753,1733790221,8,0,0,34304,8,4767086298
411,1733567240,1994,1733569234,26,0,1,2048,26,1680539973
412,1733569451,178695,1733748146,36,0,0,2048,36,4617675556
413,1733585154,22174,1733607328,36,0,1,36352,36,602280503
414,1733597992,10642,1733608634,9,0,1,2048,9,9977202721
415,1733627288,566,1733627854,28,0,1,512,28,5238390771
416,1733643204,216392,1733859596,36,0,0,512,36,4348734440
417,1733656720,466499,1734123219,38,0,0,77824,38,5464694106
418,1733657994,144466,1733802460,36,0,0,512,36,7199019965
419,1733693469,197376,1733890845,36,0,0,1536,36,6451687456
420,1733708257,220003,1733928260,37,0,0,26624,37,5834641736
421,1733721534,377950,1734099484,25,0,0,85504,25,7907104516
422,1733722917,205826,1733928743,0,0,0,1536,0,8082534741
423,1733729965,271657,1734001622,26,0,0,39424,26,6017565772
424,1733731488,177232,1733908720,19,0,0,44544,19,9672184197
425,1733738655,180979,1733919634,11,0,0,20992,11,6565631227
426,1733759499,2470,1733761969,25,0,1,2560,25,4593993095
427,1733770436,1042,1733771478,10,0,1,1024,10,6452356157
428,1733825568,247826,1734073394,14,0,0,113664,14,65558947
429,1733837556,2470,1733840026,10,0,1,2560,10,6205679279
430,1733872688,138470,1734011158,5,0,0,1536,5,2501102864
431,1733874255,1042,1733875297,21,0,1,1024,21,3681543306
432,1733883442,241360,1734124802,4,0,0,5120,4,2334942365
433,1733904218,8868,1733913086,16,0,1,4608,16,5957128024
434,1733910447,9202,1733919649,27,0,1,8704,27,2136380922
435,1733910795,8869,1733919664,26,0,1,5120,26,7785393293
436,1733911405,223248,1734134653,37,0,0,32256,37,3403301420
437,1733923956,7725,1733931681,38,0,1,3072,38,7044428679
438,1733939536,2470,1733942006,11,0,1,2560,11,6781654774
439,1733959351,191739,1734151090,23,0,0,19968,23,7926936251
440,1734026391,6754,1734033145,1,0,1,7168,1,7377583519
441,1734027632,45785,1734073417,36,0,1,17408,36,208246869
442,1734037857,245984,1734283841,35,0,0,23552,35,3345602034
443,1734038742,154911,1734193653,31,0,0,5120,31,1268217789
444,1734042502,92726,1734135228,17,0,1,512,17,654773319
445,1734057336,161080,1734218416,31,0,0,23040,31,5119580359
446,1734081664,57102,1734138766,9,0,1,4096,9,8291881656
447,1734091526,47906,1734139432,18,0,1,1024,18,872396004
448,1734093246,284497,1734377743,15,0,0,42496,15,1138726610
449,1734121703,20635,1734142338,2,0,1,4608,2,2262840813
450,1734121911,31866,1734153777,8,0,1,30720,8,3746987427
451,1734125223,312095,1734437318,30,0,0,57856,30,7344245500
452,1734128730,29233,1734157963,15,0,1,6656,15,3364728863
453,1734130098,189878,1734319976,9,0,0,1536,9,6574465433
454,1734131882,93030,1734224912,0,0,0,512,0,3592123007
455,1734134858,175793,1734310651,21,0,0,31232,21,6705695386
456,1734144968,183462,1734328430,18,0,0,10240,18,7482124258
457,1734145809,55789,1734201598,13,0,0,2048,13,7227314104
458,1734191828,1840,1734193668,37,0,1,1024,37,7695825034
459,1734253892,566,1734254458,7,0,1,512,7,8022645745
460,1734272069,212880,1734484949,23,0,0,38400,23,9928569356
461,1734293339,3387,1734296726,37,0,1,9728,37,3696400034
462,1734296504,218532,1734515036,1,0,0,10752,1,9928052936
463,1734306235,80179,1734386414,27,0,0,3072,27,2824472239
464,1734306568,82357,1734388925,8,0,0,8192,8,1426142654
465,1734313072,160162,1734473234,25,0,0,46080,25,8839974335
466,1734324638,3898,1734328536,24,0,1,4096,24,8716935202
467,1734349793,151032,1734500825,17,0,0,15360,17,9470417440
468,1734366761,119607,1734486368,1,0,0,4608,1,3976493192
469,1734382976,5964,1734388940,9,0,1,5632,9,8805308250
470,1734398796,5971,1734404767,35,0,1,14848,35,8204045484
471,1734398999,10698,1734409697,30,0,1,6656,30,10369259189
472,1734401106,8937,1734410043,10,0,1,512,10,1146387548
473,1734402349,9640,1734411989,27,0,1,3072,27,7936946164
474,1734415059,71356,1734486415,3,0,1,114688,3,5131605152
475,1734420572,86471,1734507043,5,0,1,67584,5,7347942653
476,1734434976,74333,1734509309,14,0,1,3584,14,6778631605
477,1734435557,118249,1734553806,27,0,0,1536,27,8925994241
478,1734448522,66529,1734515051,36,0,1,5632,36,2140022306
479,1734450616,67065,1734517681,29,0,1,7680,29,9364385408
480,1734465193,52744,1734517937,38,0,1,9216,38,9675966998
481,1734471197,48366,1734519563,26,0,1,2560,26,3819593401
482,1734483504,36418,1734519922,11,0,1,9728,11,6662489327
483,1734486970,93569,1734580539,1,0,0,6656,1,7452664302
484,1734501574,22854,1734524428,22,0,1,7168,22,9823641533
485,1734503153,27381,1734530534,35,0,1,20992,35,8607437795
486,1734507061,207412,1734714473,2,0,0,29184,2,8904944678
487,1734549467,152997,1734702464,5,0,0,512,5,4903354290
488,1734555733,249919,1734805652,20,0,0,30720,20,1960240439
489,1734588557,1518,1734590075,18,0,1,1536,18,5342073925
490,1734597478,81531,1734679009,5,0,0,512,5,2844625611
491,1734598514,2470,1734600984,30,0,1,2560,30,10516224377
492,1734598598,2732,1734601330,7,0,1,512,7,6965002430
493,1734629205,234412,1734863617,9,0,0,11264,9,1774153711
494,1734638456,97698,1734736154,30,0,0,4096,30,491499937
495,1734643584,261916,1734905500,24,0,0,15872,24,4985817166
496,1734650673,3128,1734653801,17,0,1,9216,17,3316007931
497,1734683096,177074,1734860170,28,0,0,19456,28,956056670
498,1734707421,306541,1735013962,31,0,0,60416,31,5013166518
499,1734732817,148959,1734881776,35,0,0,15872,35,5086707864
500,1734741854,202712,1734944566,14,0,0,34304,14,9325754737
501,1734746598,3422,1734750020,34,0,1,3584,34,3486465194
502,1734755187,3898,1734759085,17,0,1,4096,17,8892537592
503,1734765606,4679,1734770285,17,0,1,12288,17,856019133
504,1734773662,277750,1735051412,13,0,0,111104,13,6747972847
505,1734801541,260665,1735062206,24,0,0,25088,24,2873180541
506,1734812756,566,1734813322,24,0,1,512,24,9793391730
507,1734829734,566,1734830300,24,0,1,512,24,1133426994
508,1734865703,3422,1734869125,37,0,1,3584,37,7755455384
509,1734885707,2946,1734888653,35,0,1,3072,35,5548724904
510,1734890373,1518,1734891891,17,0,1,1536,17,7001279666
511,1734897543,157004,1735054547,24,0,0,10240,24,7043954670
512,1734925188,3904,1734929092,33,0,1,10752,33,114264065
513,1734947970,137338,1735085308,2,0,0,54272,2,3128981784
514,1734975443,1042,1734976485,7,0,1,1024,7,10047876795
515,1735057287,8298,1735065585,10,0,1,9728,10,455041677
516,1735064106,106131,1735170237,13,0,0,38912,13,7051155413
517,1735082838,115391,1735198229,21,0,0,25088,21,7978354475
518,1735082986,17918,1735100904,19,0,1,30208,19,783997298
519,1735097400,4170,1735101570,18,0,1,11264,18,9912272273
520,1735099611,3296,1735102907,2,0,1,2048,2,3626522045
521,1735099621,282538,1735382159,13,0,0,98304,13,1660012473
522,1735108472,10241,1735118713,18,0,1,16384,18,1585976991
523,1735130154,375508,1735505662,34,0,0,163328,34,292756764
524,1735132538,446783,1735579321,29,0,0,58368,29,6424255825
525,1735169207,286668,1735455875,39,0,0,33280,39,10678917112
526,1735170019,368548,1735538567,26,0,0,71168,26,9079967194
527,1735191810,18477,1735210287,30,0,1,19968,30,7170631653
528,1735193199,21274,1735214473,15,0,1,6656,15,3542547832
529,1735206311,12988,1735219299,25,0,1,7680,25,1903574080
530,1735207752,299657,1735507409,14,0,0,5632,14,2924503742
531,1735209751,9894,1735219645,34,0,1,512,34,2384754377
532,1735222921,5802,1735228723,1,0,1,6144,1,2528293605
533,1735237910,3898,1735241808,35,0,1,4096,35,10492040624
534,1735239465,322057,1735561522,19,0,0,75264,19,8690252895
535,1735278868,4162,1735283030,3,0,1,11264,3,7858750252
536,1735281342,2674,1735284016,14,0,1,1536,14,3909303506
537,1735296843,5196,1735302039,26,0,1,13312,26,10505342472
538,1735318508,1042,1735319550,10,0,1,1024,10,918681928
539,1735333202,249878,1735583080,30,0,0,12288,30,1452644946
540,1735340060,1518,1735341578,16,0,1,1536,16,708708160
541,1735359123,35870,1735394993,15,0,1,21504,15,3681957208
542,1735369039,30780,1735399819,29,0,1,7680,29,848807621
543,1735386409,15036,1735401445,29,0,1,2560,29,710012802
544,1735408804,199265,1735608069,19,0,0,20992,19,8712173410
545,1735448758,135913,1735584671,10,0,0,5120,10,5273950280
546,1735452211,58629,1735510840,17,0,1,3584,17,9722535852
547,1735454269,57237,1735511506,33,0,1,1024,33,4416434739
548,1735476418,140640,1735617058,31,0,0,16896,31,3424002075
549,1735499381,13111,1735512492,25,0,1,1536,25,6949543787
550,1735522578,186406,1735708984,11,0,0,90624,11,3701973675
551,1735547150,168892,1735716042,18,0,0,23040,18,8573972890
552,1735559163,29371,1735588534,30,0,1,10752,30,1593066121
553,1735597681,178274,1735775955,8,0,0,5120,8,8214948620
554,1735602122,14959,1735617081,33,0,1,8192,33,1849089690
555,1735611067,6029,1735617096,15,0,1,1024,15,5338900941
556,1735612439,205262,1735817701,2,0,0,17408,2,2156803370
557,1735651822,175709,1735827531,27,0,0,512,27,8571787265
558,1735665320,218770,1735884090,9,0,0,20480,9,2960873760
559,1735678960,30039,1735708999,22,0,1,3584,22,10530244640
560,1735686184,93138,1735779322,19,0,0,512,19,1543080986
561,1735704543,15437,1735719980,2,0,1,10752,2,1302186010
562,1735713436,6890,1735720326,32,0,1,512,32,10418011656
563,1735715161,112184,1735827345,1,0,0,16384,1,4266036976
564,1735742919,2870,1735745789,0,0,1,8704,0,3321360516
565,1735743639,4468,1735748107,34,0,1,2560,34,3271922196
566,1735744228,4545,1735748773,25,0,1,1024,25,167137007
567,1735757294,70066,1735827360,19,0,1,110592,19,4426266511
568,1735766143,218272,1735984415,36,0,0,512,36,6430163158
569,1735766962,60584,1735827546,20,0,1,2560,20,1499095362
570,1735769410,178104,1735947514,0,0,0,512,0,3948238983
571,1735774309,173034,1735947343,25,0,0,55808,25,8671964381
572,1735778232,49329,1735827561,37,0,1,3584,37,172074507
573,1735792229,36972,1735829201,11,0,1,4096,11,6921834069
574,1735807311,23836,1735831147,1,0,1,3072,1,10495438169
575,1735831617,234163,1736065780,23,0,0,1536,23,5482891569
576,1735852110,194044,1736046154,18,0,0,114688,18,5553268239
577,1735852350,10757,1735863107,38,0,1,17408,38,9665275270
578,1735854076,327284,1736181360,18,0,0,37376,18,5663206376
579,1735865648,1518,1735867166,33,0,1,1536,33,9291039119
580,1735896227,1518,1735897745,33,0,1,1536,33,8174692805
581,1735912972,142778,1736055750,2,0,0,19456,2,6711278834
582,1735925399,261808,1736187207,11,0,0,18944,11,1840032794
583,1735971591,105153,1736076744,0,0,0,1536,0,5613363279
584,1735979925,260044,1736239969,20,0,0,105984,20,4956338880
585,1735990482,394873,1736385355,3,0,0,250880,3,9425979024
586,1736056859,85679,1736142538,19,0,1,143360,19,2453644842
587,1736084161,79780,1736163941,36,0,1,77824,36,5567035097
588,1736095280,73948,1736169228,24,0,1,16896,24,6825018543
589,1736114483,66892,1736181375,12,0,1,2560,12,761063093
590,1736121856,59534,1736181390,34,0,1,2048,34,522407899
591,1736129389,52016,1736181405,32,0,1,1024,32,2053147238
592,1736141399,40021,1736181420,33,0,1,1536,33,10115155682
593,1736154104,237070,1736391174,2,0,0,18944,2,697385545
594,1736157812,267880,1736425692,1,0,0,1024,1,8825913928
595,1736160850,79142,1736239992,36,0,1,105472,36,8344411409
596,1736167217,236893,1736404110,5,0,0,512,5,396826990
597,1736178912,61095,1736240007,37,0,1,2048,37,10400240989
598,1736187880,450127,1736638007,6,0,0,63488,6,1071756221
599,1736194835,45187,1736240022,37,0,1,4608,37,5964368850
600,1736206969,347462,1736554431,14,0,0,33792,14,4224015506
601,1736210911,31565,1736242476,27,0,1,2560,27,1377864498
602,1736236135,9071,1736245206,35,0,1,11776,35,4021041674
603,1736255428,223365,1736478793,11,0,0,39424,11,2462103848
604,1736273828,5454,1736279282,10,0,1,13824,10,8918342188
605,1736279749,237330,1736517079,21,0,0,19456,21,3997805243
606,1736301881,3422,1736305303,18,0,1,3584,18,9617861773
607,1736313880,78370,1736392250,10,0,1,1024,10,2601887128
608,1736326515,66081,1736392596,12,0,1,512,12,5098406470
609,1736344959,509508,1736854467,8,0,0,51200,8,7155251928
610,1736345678,208924,1736554602,24,0,0,512,24,6043278552
611,1736354328,322538,1736676866,6,0,0,127488,6,3481951581
612,1736355151,123657,1736478808,19,0,1,140288,19,9428603270
613,1736370835,243853,1736614688,15,0,0,6656,15,3763935760
614,1736387881,92774,1736480655,25,0,1,7680,25,27664590
615,1736400900,82021,1736482921,22,0,1,3584,22,1442375440
616,1736415283,70544,1736485827,2,0,1,4608,2,8097243872
617,1736415664,74349,1736490013,21,0,1,6656,21,9273004793
618,1736418793,72206,1736490999,2,0,1,1536,2,7274960821
619,1736428716,260536,1736689252,21,0,0,24576,21,10193532764
620,1736429899,63046,1736492945,2,0,1,3072,2,1249532679
621,1736494527,344317,1736838844,2,0,0,144896,2,6627807550
622,1736513525,168208,1736681733,23,0,0,15872,23,2541743029
623,1736515706,3860,1736519566,21,0,1,2560,21,2311714331
624,1736527783,1518,1736529301,27,0,1,1536,27,2830345871
625,1736532899,2946,1736535845,26,0,1,3072,26,4412609219
626,1736551397,7571,1736558968,26,0,1,4608,26,233189313
627,1736576993,317641,1736894634,13,0,0,15872,13,1763106097
628,1736583565,2470,1736586035,24,0,1,2560,24,8802366700
629,1736602215,157773,1736759988,19,0,0,12288,19,8618142632
630,1736630815,226069,1736856884,21,0,0,5120,21,3928429255
631,1736635365,60600,1736695965,9,0,1,7168,9,1488136722
632,1736662542,192767,1736855309,33,0,0,1536,33,5800250862
633,1736672407,24544,1736696951,1,0,1,1536,1,4510174651
634,1736710281,33850,1736744131,19,0,1,55808,19,9692292702
635,1736734625,13692,1736748317,9,0,1,6656,9,10279449423
636,1736743806,6777,1736750583,27,0,1,3584,27,10475763730
637,1736744092,139330,1736883422,6,0,0,6144,6,8284917598
638,1736744461,110349,1736854810,5,0,0,1024,5,8235750190
639,1736755773,4230,1736760003,28,0,1,1024,28,689818997
640,1736770623,87688,1736858311,22,0,0,4608,22,5583088814
641,1736778074,229297,1737007371,11,0,0,25088,11,10361600626
642,1736797765,61948,1736859713,35,0,1,8704,35,1264699221
643,1736808024,191688,1736999712,25,0,0,11776,25,98755399
644,1736820203,567008,1737387211,30,0,0,69120,30,1047769865
645,1736827670,32925,1736860595,2,0,1,1024,2,5789504914
646,1736829041,179840,1737008881,36,0,0,512,36,4637742589
647,1736842551,331378,1737173929,1,0,0,35328,1,1969683882
648,1736850284,312866,1737163150,38,0,0,150528,38,3601459758
649,1736870309,242641,1737112950,11,0,0,44544,11,5133460782
650,1736892825,2367,1736895192,37,0,1,512,37,3270603545
651,1736901174,4374,1736905548,35,0,1,4608,35,2146164062
652,1736916859,566,1736917425,17,0,1,512,17,3581855120
653,1736917807,355004,1737272811,29,0,0,1536,29,4323391029
654,1736937867,314299,1737252166,31,0,0,64000,31,2868540928
655,1736939342,259091,1737198433,15,0,0,10240,15,1692536400
656,1736955679,2870,1736958549,0,0,1,8704,0,390435084
657,1736955944,249992,1737205936,31,0,0,24576,31,8142551482
658,1736961601,309924,1737271525,22,0,0,63488,22,9205906161
659,1736979327,5326,1736984653,33,0,1,5632,33,8703846004
660,1737015845,174437,1737190282,27,0,0,2048,27,9528484070
661,1737019139,1994,1737021133,21,0,1,2048,21,6575947831
662,1737023650,5802,1737029452,27,0,1,6144,27,1911822382
663,1737059694,287832,1737347526,26,0,0,8704,26,10600363897
664,1737061982,228168,1737290150,18,0,0,56832,18,10461180508
665,1737068449,6278,1737074727,21,0,1,6656,21,8755376179
666,1737078676,193644,1737272320,5,0,0,2560,5,7549142424
667,1737126197,64170,1737190367,0,0,1,31744,0,6814341408
668,1737128733,203007,1737331740,27,0,0,512,27,3813891477
669,1737132940,57786,1737190726,38,0,1,9728,38,4992553927
670,1737135607,55375,1737190982,14,0,1,9216,14,7721926622
671,1737147128,47008,1737194136,26,0,1,12288,26,4588254943
672,1737174260,33843,1737208103,5,0,1,28672,5,3927242745
673,1737185716,159143,1737344859,19,0,0,43008,19,5700874784
674,1737205667,11301,1737216968,28,0,1,17920,28,10217685477
675,1737205935,188311,1737394246,29,0,0,23040,29,1372691626
676,1737214274,221566,1737435840,17,0,0,42496,17,3001742200
677,1737215644,238151,1737453795,9,0,0,58880,9,8699873603
678,1737218274,2946,1737221220,27,0,1,3072,27,2798148809
679,1737255740,304031,1737559771,23,0,0,2560,23,5654573298
680,1737263883,28220,1737292103,14,0,1,2048,14,993937289
681,1737285250,200184,1737485434,33,0,0,1024,33,1616014211
682,1737317312,241664,1737558976,6,0,0,13312,6,10157691702
683,1737317434,3128,1737320562,25,0,1,9216,25,877210527
684,1737320753,3422,1737324175,28,0,1,3584,28,10165601448
685,1737343054,5030,1737348084,32,0,1,512,32,4303046051
686,1737355680,1042,1737356722,11,0,1,1024,11,1797077531
687,1737358739,36346,1737395085,3,0,1,64000,3,5377751457
688,1737372520,243408,1737615928,10,0,0,38912,10,9063797014
689,1737378592,144173,1737522765,6,0,0,7680,6,2707869735
690,1737401144,53150,1737454294,8,0,0,1536,8,8331265166
691,1737404935,68256,1737473191,5,0,0,512,5,3747182029
692,1737421091,1042,1737422133,18,0,1,1024,18,9603024175
693,1737422064,206871,1737628935,11,0,0,15360,11,8462668689
694,1737432087,192153,1737624240,36,0,0,512,36,6773436609
695,1737436485,142438,1737578923,37,0,0,3072,37,7102792959
696,1737463007,566,1737463573,37,0,1,512,37,6816622404
697,1737484693,1994,1737486687,30,0,1,2048,30,5945504871
698,1737489035,566,1737489601,20,0,1,512,20,8454545409
699,1737506175,79516,1737585691,19,0,0,5120,19,3906153907
700,1737507126,205604,1737712730,4,0,0,21504,4,5781139346
701,1737538331,225208,1737763539,8,0,0,10240,8,3988702427
702,1737543689,73814,1737617503,1,0,0,5120,1,5861525511
703,1737558747,2058,1737560805,32,0,1,1024,32,3749937702
704,1737617572,5454,1737623026,14,0,1,13824,14,3467737124
705,1737631359,398427,1738029786,30,0,0,58368,30,4151657132
706,1737632693,259888,1737892581,21,0,0,39424,21,1173082532
707,1737643004,151980,1737794984,35,0,0,63488,35,3812002710
708,1737648809,7230,1737656039,22,0,1,7680,22,9037421130
709,1737671595,1518,1737673113,10,0,1,1536,10,7540512674
710,1737685306,1518,1737686824,10,0,1,1536,10,6962042896
711,1737697864,232704,1737930568,29,0,0,33792,29,3644871766
712,1737698133,96866,1737794999,19,0,1,134656,19,2884528592
713,1737707164,289080,1737996244,15,0,0,2048,15,9786273040
714,1737724652,363424,1738088076,9,0,0,160256,9,9537169648
715,1737733842,359177,1738093019,27,0,0,2048,27,1486539268
716,1737766307,321940,1738088247,33,0,0,512,33,9092955866
717,1737767647,342932,1738110579,10,0,0,24064,10,753865188
718,1737774636,20378,1737795014,11,0,1,1536,11,6826177784
719,1737797491,2870,1737800361,21,0,1,8704,21,4822614547
720,1737800249,331885,1738132134,25,0,0,53248,25,5477491057
721,1737838411,255091,1738093502,30,0,0,1536,30,10246969474
722,1737851176,342488,1738193664,21,0,0,33280,21,756892055
723,1737852283,6229,1737858512,27,0,1,15360,27,7372372459
724,1737864786,227407,1738092193,1,0,0,11776,1,6751713165
725,1737872197,220167,1738092364,36,0,0,512,36,98218463
726,1737898621,140612,1738039233,5,0,0,2048,5,10334438235
727,1737901855,4374,1737906229,11,0,1,4608,11,8981651350
728,1737906719,1994,1737908713,34,0,1,2048,34,9233048351
729,1737928549,187346,1738115895,21,0,0,11264,21,1599281136
730,1737931116,13512,1737944628,18,0,1,26112,18,10160509911
731,1737932946,155628,1738088574,33,0,0,1024,33,8431179258
732,1737951199,1042,1737952241,10,0,1,1024,10,8673990483
733,1737953309,380209,1738333518,3,0,0,68608,3,3131750401
734,1737979301,160681,1738139982,10,0,0,17408,10,4501605702
735,1737987102,115367,1738102469,5,0,1,187904,5,9812713534
736,1737989528,206179,1738195707,9,0,0,6656,9,689030497
737,1738023200,79935,1738103135,11,0,1,1024,11,4109574792
738,1738071592,392146,1738463738,33,0,0,512,33,8971572843
739,1738073170,343557,1738416727,0,0,0,512,0,1247766738
740,1738084910,281184,1738366094,18,0,0,55296,18,3811126018
741,1738125980,277949,1738403929,26,0,0,30208,26,1317027010
742,1738129178,277044,1738406222,33,0,0,512,33,2967658359
743,1738138204,310538,1738448742,1,0,0,31232,1,218059886
744,1738138935,480972,1738619907,25,0,0,125952,25,6838726516
745,1738185669,12041,1738197710,29,0,1,2048,29,5925223690
746,1738186985,15157,1738202142,14,0,1,6144,14,8465080556
747,1738221985,4162,1738226147,17,0,1,11264,17,1080135128
748,1738224890,530136,1738755026,34,0,0,13824,34,9607358673
749,1738225900,11556,1738237456,30,0,1,18944,30,3812598048
750,1738225914,16048,1738241962,20,0,1,7168,20,7523667650
751,1738250522,470240,1738720762,23,0,0,61440,23,2202486168
752,1738259530,14029,1738273559,5,0,1,27136,5,5715755934
753,1738264985,8920,1738273905,29,0,1,512,29,7462852231
754,1738272789,5326,1738278115,26,0,1,5632,26,5652718901
755,1738301628,228305,1738529933,30,0,0,1024,30,8202106666
756,1738314296,22678,1738336974,38,0,1,3584,38,6201157255
757,1738319729,18231,1738337960,9,0,1,1536,9,10447718813
758,1738332988,342623,1738675611,15,0,0,147456,15,4405530521
759,1738350400,28939,1738379339,36,0,1,25600,36,331114412
760,1738367336,13309,1738380645,35,0,1,2048,35,1830803410
761,1738380999,566,1738381565,37,0,1,512,37,89362058
762,1738408830,396804,1738805634,39,0,0,14336,39,5447214753
763,1738438179,566,1738438745,0,0,1,512,0,8719932087
764,1738452190,2946,1738455136,16,0,1,3072,16,6799150347
765,1738463575,103925,1738567500,5,0,0,1024,5,2613495074
766,1738464310,13600,1738477910,32,0,1,23040,32,5119867540
767,1738467674,19284,1738486958,29,0,1,30208,29,2192103680
768,1738474545,12759,1738487304,9,0,1,512,9,102900240
769,1738476442,11848,1738488290,8,0,1,1536,8,5718596441
770,1738507571,232394,1738739965,10,0,0,62976,10,3952505384
771,1738514862,5971,1738520833,5,0,1,14848,5,4652494858
772,1738527238,323225,1738850463,25,0,0,23040,25,6462490060
773,1738559223,197386,1738756609,17,0,0,5120,17,1035083496
774,1738577829,566,1738578395,32,0,1,512,32,497724665
775,1738577962,41960,1738619922,16,0,1,4096,16,7135431715
776,1738592491,28582,1738621073,7,0,1,1024,7,6277967030
777,1738594154,262685,1738856839,4,0,0,12288,4,3627300616
778,1738596992,149868,1738746860,28,0,0,22528,28,5205647439
779,1738603995,146780,1738750775,18,0,0,12800,18,1372235720
780,1738606307,352282,1738958589,6,0,0,13824,6,2842353607
781,1738614505,10258,1738624763,27,0,1,11776,27,6120636218
782,1738625059,50583,1738675642,5,0,1,32256,5,10690002645
783,1738628076,346337,1738974413,18,0,0,37888,18,4578065955
784,1738636885,314753,1738951638,4,0,0,35840,4,8702800305
785,1738643563,35111,1738678674,28,0,1,3072,28,5117027176
786,1738643887,514036,1739157923,39,0,0,316416,39,4748280807
787,1738644157,36411,1738680568,10,0,1,10752,10,7887997603
788,1738651747,375492,1739027239,20,0,0,77824,20,10579834397
789,1738711379,63559,1738774938,3,0,1,43520,3,6129094239
790,1738724514,193467,1738917981,20,0,0,1536,20,4549260232
791,1738732388,484926,1739217314,29,0,0,2560,29,1665368674
792,1738732560,429178,1739161738,30,0,0,12288,30,6144084620
793,1738749715,25889,1738775604,15,0,1,1024,15,6198116548
794,1738766815,398385,1739165200,1,0,0,3584,1,5093512779
795,1738788117,239502,1739027619,5,0,0,1024,5,8312455084
796,1738891986,566,1738892552,28,0,1,512,28,9496233199
797,1738900759,566,1738901325,2,0,1,512,2,7365654551
798,1738916192,268547,1739184739,24,0,0,64000,24,7251118643
799,1738933369,5326,1738938695,17,0,1,5632,17,745251625
800,1738949552,214541,1739164093,30,0,0,7680,30,7161448370
801,1738951962,75292,1739027254,36,0,1,91648,36,6682341957
802,1738954352,262004,1739216356,36,0,0,1536,36,7204504763
803,1738954737,72532,1739027269,4,0,1,3072,4,4912047444
804,1739002826,24458,1739027284,0,0,1,5120,0,6573685433
805,1739016055,180743,1739196798,38,0,0,39424,38,7052844277
806,1739052414,5326,1739057740,32,0,1,5632,32,3797791790
807,1739062373,284836,1739347209,9,0,0,38400,9,4312987159
808,1739064097,296066,1739360163,3,0,0,9216,3,3178721294
809,1739072849,138328,1739211177,5,0,1,48128,5,2674665861
810,1739079788,134935,1739214723,24,0,1,5632,24,10322935928
811,1739090073,172418,1739262491,17,0,0,4608,17,3674895889
812,1739095865,288694,1739384559,39,0,0,26624,39,7925458177
813,1739096568,108785,1739205353,8,0,0,1536,8,8600048631
814,1739148210,118149,1739266359,27,0,0,1024,27,4963985188
815,1739149850,84650,1739234500,13,0,0,5632,13,6394594753
816,1739155623,60086,1739215709,17,0,1,1536,17,9518484564
817,1739161069,85010,1739246079,36,0,1,73216,36,4063326141
818,1739186574,207454,1739394028,30,0,0,13312,30,7513875846
819,1739221308,27037,1739248345,20,0,1,3584,20,7591448489
820,1739226096,25475,1739251571,20,0,1,5120,20,7746027088
821,1739227134,308913,1739536047,4,0,0,10240,4,9458520019
822,1739232949,19928,1739252877,7,0,1,2048,7,6853246808
823,1739263257,97233,1739360490,10,0,0,1024,10,3333219267
824,1739268844,115894,1739384738,8,0,0,512,8,5658808637
825,1739277637,171533,1739449170,38,0,0,1024,38,4100009534
826,1739291017,33075,1739324092,3,0,1,54272,3,9452209520
827,1739298074,28284,1739326358,38,0,1,3584,38,8759208244
828,1739306981,96870,1739403851,10,0,0,20992,10,3611975648
829,1739316889,216023,1739532912,39,0,0,39936,39,62598570
830,1739339338,217232,1739556570,27,0,0,512,27,3756088893
831,1739349928,254219,1739604147,18,0,0,35328,18,9369140533
832,1739359513,4391,1739363904,34,0,1,3584,34,8034012172
833,1739360706,257988,1739618694,18,0,0,34304,18,8255302273
834,1739364594,2870,1739367464,9,0,1,8704,9,4410614927
835,1739376662,474326,1739850988,18,0,0,62976,18,6616237128
836,1739382635,6945,1739389580,32,0,1,5120,32,1916927305
837,1739388952,974,1739389926,21,0,1,512,21,1863537860
838,1739392113,238709,1739630822,3,0,0,20480,3,9780215015
839,1739392710,273325,1739666035,30,0,0,76288,30,4284592289
840,1739424208,1518,1739425726,0,0,1,1536,0,9447133880
841,1739425012,3422,1739428434,16,0,1,3584,16,3081500381
842,1739431045,2946,1739433991,33,0,1,3072,33,5124020831
843,1739440586,346540,1739787126,29,0,0,38912,29,2693610989
844,1739452748,409347,1739862095,37,0,0,36352,37,1358439079
845,1739490874,1994,1739492868,28,0,1,2048,28,2760066529
846,1739495098,60866,1739555964,36,0,1,98304,36,6954853012
847,1739513737,43853,1739557590,11,0,1,2560,11,1319421064
848,1739575586,2470,1739578056,17,0,1,2560,17,1018651608
849,1739584731,19439,1739604170,24,0,1,18432,24,6590792883
850,1739593862,366275,1739960137,6,0,0,54784,6,8651823500
851,1739603498,490553,1740094051,5,0,0,1024,5,8053127845
852,1739604208,261958,1739866166,4,0,0,13312,4,9650747301
853,1739606946,110074,1739717020,22,0,0,4096,22,7748224327
854,1739613896,9744,1739623640,20,0,1,12800,20,278605857
855,1739616246,49812,1739666058,8,0,1,54784,8,6683099117
856,1739621824,350915,1739972739,10,0,0,17408,10,6970187430
857,1739641017,190768,1739831785,25,0,0,39424,25,9418050046
858,1739641701,24372,1739666073,14,0,1,1024,14,7814093352
859,1739649149,19356,1739668505,15,0,1,2560,15,7748198862
860,1739690509,230184,1739920693,19,0,0,18944,19,1113143830
861,1739694037,3904,1739697941,0,0,1,10752,0,9595949094
862,1739705732,350329,1740056061,36,0,0,4096,36,2691742970
863,1739712240,286525,1739998765,34,0,0,70656,34,407771818
864,1739724481,330317,1740054798,13,0,0,5120,13,6552988316
865,1739757075,1518,1739758593,37,0,1,1536,37,6140900440
866,1739765589,380613,1740146202,9,0,0,33280,9,911178984
867,1739796253,1042,1739797295,35,0,1,1024,35,3320147900
868,1739801806,251409,1740053215,11,0,0,69632,11,10543421379
869,1739804576,197792,1740002368,4,0,0,11776,4,2936668661
870,1739805251,11533,1739816784,3,0,1,18944,3,5651044933
871,1739825289,82336,1739907625,14,0,0,3584,14,3250971717
872,1739834847,268750,1740103597,19,0,0,11264,19,10122200296
873,1739917482,182653,1740100135,21,0,0,19456,21,5145324517
874,1739919020,359192,1740278212,33,0,0,1024,33,3444265260
875,1739924656,393351,1740318007,30,0,0,130560,30,1901134890
876,1739928670,434513,1740363183,18,0,0,25088,18,1538156056
877,1739946125,19848,1739965973,4,0,1,6144,4,9783713932
878,1739947209,370985,1740318194,36,0,0,512,36,9705929970
879,1739955118,12161,1739967279,33,0,1,2048,33,2670610878
880,1739964096,426885,1740390981,39,0,0,10752,39,3467749886
881,1739995112,13050,1740008162,11,0,1,6144,11,4004579128
882,1740012378,318935,1740331313,35,0,0,43008,35,10561955956
883,1740017593,241705,1740259298,26,0,0,59904,26,7041077415
884,1740038948,220863,1740259811,38,0,0,1536,38,6039782745
885,1740081728,5971,1740087699,1,0,1,14848,1,9140985724
886,1740091458,1042,1740092500,15,0,1,1024,15,1142980977
887,1740092799,7351,1740100150,21,0,1,2560,21,2228748156
888,1740124012,263678,1740387690,3,0,0,80384,3,1372018997
889,1740129045,210558,1740339603,22,0,0,19968,22,8823131974
890,1740135544,73745,1740209289,8,0,1,123392,8,7896135009
891,1740155230,266779,1740422009,34,0,0,9728,34,4685112616
892,1740166877,224454,1740391331,33,0,0,1024,33,4404084946
893,1740176339,313258,1740489597,34,0,0,4608,34,4089772393
894,1740177962,32953,1740210915,34,0,1,2560,34,9208013068
895,1740188700,22574,1740211274,14,0,1,9728,14,305966322
896,1740214214,45099,1740259313,8,0,1,49664,8,10447369643
897,1740227041,227174,1740454215,1,0,0,512,1,6486547572
898,1740230058,322481,1740552539,13,0,0,94208,13,5173639366
899,1740235634,23694,1740259328,32,0,1,18432,32,7987583587
900,1740256128,297065,1740553193,38,0,0,2048,38,10207852297
901,1740268579,212656,1740481235,19,0,0,21504,19,9902789669
902,1740270183,2470,1740272653,9,0,1,2560,9,10048497306
903,1740276246,295214,1740571460,4,0,0,59904,4,5744934248
904,1740289396,50246,1740339642,15,0,1,7168,15,6359596312
905,1740297101,518636,1740815737,6,0,0,29184,6,5974477973
906,1740335226,286046,1740621272,20,0,0,17920,20,8701903688
907,1740336410,6181,1740342591,37,0,1,3072,37,3191467991
908,1740337992,5585,1740343577,38,0,1,1536,38,7466718071
909,1740343938,47058,1740390996,38,0,1,58880,38,3742396582
910,1740380036,16104,1740396140,25,0,1,5120,25,7399080195
911,1740433548,138083,1740571631,36,0,0,512,36,8219992802
912,1740435786,330394,1740766180,0,0,0,1024,0,4844188570
913,1740451948,220848,1740672796,24,0,0,49664,24,6864740019
914,1740478296,170115,1740648411,24,0,0,36352,24,10500660844
915,1740494197,1042,1740495239,4,0,1,1024,4,518589645
916,1740497205,151533,1740648738,8,0,0,1024,8,5286663158
917,1740516026,36528,1740552554,30,0,1,16384,30,6101029242
918,1740552762,276085,1740828847,5,0,0,512,5,1267145908
919,1740553878,25042,1740578920,35,0,1,7680,35,7559755532
920,1740555883,137555,1740693438,33,0,0,512,33,1244180222
921,1740561682,19824,1740581506,20,0,1,4096,20,7353323369
922,1740572242,350304,1740922546,24,0,0,124928,24,7340551159
923,1740575229,9503,1740584732,29,0,1,5120,29,364612087
924,1740586373,438296,1741024669,29,0,0,87552,29,9233060984
925,1740602265,455668,1741057933,1,0,0,105984,1,4435645356
926,1740614846,357023,1740971869,3,0,0,31744,3,2410549514
927,1740629024,159783,1740788807,29,0,0,16896,29,6553271141
928,1740634433,566,1740634999,32,0,1,512,32,3509322578
929,1740643791,347186,1740990977,34,0,0,24576,34,1769322903
930,1740655124,17687,1740672811,37,0,1,10240,37,3380603213
931,1740671651,4098,1740675749,11,0,1,3072,11,6551381290
932,1740676854,141238,1740818092,22,0,0,7680,22,9444226170
933,1740692348,368891,1741061239,21,0,0,10752,21,6572901799
934,1740694589,267593,1740962182,22,0,0,93696,22,10707901215
935,1740706496,5802,1740712298,24,0,1,6144,24,233813661
936,1740724221,3128,1740727349,37,0,1,9216,37,9139992876
937,1740765183,4850,1740770033,37,0,1,5120,37,7616125583
938,1740779886,245110,1741024996,36,0,0,1024,36,7665575373
939,1740791306,183106,1740974412,2,0,0,8192,2,4780229715
940,1740792047,465576,1741257623,11,0,0,91136,11,1003903066
941,1740813491,337299,1741150790,10,0,0,25600,10,9001528191
942,1740847096,416002,1741263098,17,0,0,17920,17,7239132802
943,1740856631,168692,1741025323,0,0,0,1024,0,3747803929
944,1740915559,10401,1740925960,17,0,1,3584,17,1637435061
945,1740957309,19056,1740976365,34,0,1,2048,34,5992113319
946,1740957607,139188,1741096795,17,0,0,10752,17,1496047223
947,1740964356,108038,1741072394,37,0,0,20992,37,1182507504
948,1740966086,11265,1740977351,33,0,1,1536,33,3972018739
949,1740974092,370404,1741344496,38,0,0,1536,38,8116991884
950,1740979986,1042,1740981028,2,0,1,1024,2,384110352
951,1741004186,182280,1741186466,3,0,0,24064,3,4779219675
952,1741005604,52344,1741057948,37,0,1,512,37,810911739
953,1741006573,65836,1741072409,36,0,1,78336,36,5596261135
954,1741017950,389754,1741407704,6,0,0,159744,6,7151595255
955,1741018785,124190,1741142975,13,0,0,20992,13,8860795438
956,1741075096,188517,1741263613,25,0,0,1536,25,5713224004
957,1741093179,175711,1741268890,14,0,0,1536,14,5074353277
958,1741100360,207150,1741307510,15,0,0,58880,15,8824366097
959,1741172683,6278,1741178961,4,0,1,6656,4,1708942827
960,1741196907,3128,1741200035,9,0,1,9216,9,331087706
961,1741204801,294466,1741499267,2,0,0,63488,2,5475485369
962,1741236656,30303,1741266959,30,0,1,9728,30,9252184524
963,1741249922,106914,1741356836,0,0,0,1536,0,8298632938
964,1741251761,15864,1741267625,9,0,1,1024,9,7143890306
965,1741252527,19258,1741271785,37,0,1,12800,37,3460644197
966,1741325763,82128,1741407891,36,0,0,512,36,6991449434
967,1741330681,7230,1741337911,9,0,1,7680,9,1996052457
968,1741339700,5802,1741345502,17,0,1,6144,17,9884092353
969,1741364644,46227,1741410871,30,0,1,3072,30,4471900757
970,1741365804,47477,1741413281,4,0,1,11776,4,5632236569
971,1741400724,217139,1741617863,36,0,0,1024,36,3586023966
972,1741401918,112784,1741514702,25,0,0,6144,25,7660159192
973,1741404602,194269,1741598871,25,0,0,11776,25,3037335553
974,1741419217,132576,1741551793,10,0,0,3584,10,10063155556
975,1741420263,160196,1741580459,28,0,0,31744,28,4040581927
976,1741425690,138409,1741564099,10,0,0,11264,10,4474476983
977,1741512775,106624,1741619399,36,0,0,1024,36,7290770930
978,1741522752,130124,1741652876,27,0,0,1024,27,644480486
979,1741523622,128927,1741652549,24,0,0,35328,24,2328632115
980,1741559076,5038,1741564114,22,0,1,4096,22,2781462153
981,1741583274,2470,1741585744,18,0,1,2560,18,2144688667
982,1741601548,54056,1741655604,26,0,0,3584,26,3706792966
983,1741614717,53138,1741667855,10,0,0,1536,10,3787108855
984,1741626240,2946,1741629186,30,0,1,3072,30,9971664883
985,1741633783,271827,1741905610,33,0,0,512,33,6432323598
986,1741659616,45596,1741705212,27,0,0,1024,27,8900058548
987,1741659723,94948,1741754671,31,0,0,15872,31,10709471195
988,1741662594,333850,1741996444,34,0,0,70656,34,4623870705
989,1741680027,382493,1742062520,6,0,0,128000,6,4174228249
990,1741692538,1518,1741694056,14,0,1,1536,14,5311309859
991,1741706135,246779,1741952914,25,0,0,112640,25,5665906568
992,1741714010,1518,1741715528,0,0,1,1536,0,6392596355
993,1741714543,2611,1741717154,35,0,1,2560,35,2134705085
994,1741722110,182513,1741904623,5,0,0,1536,5,9545261742
995,1741724947,6754,1741731701,35,0,1,7168,35,7660592590
996,1741735818,271433,1742007251,24,0,0,22528,24,4518544670
997,1741740356,418533,1742158889,10,0,0,2560,10,7564302900
998,1741769555,5802,1741775357,26,0,1,6144,26,532465879
999,1741771030,297613,1742068643,21,0,0,19968,21,6119984920
1000,1741796953,6278,1741803231,22,0,1,6656,22,5304927646
1001,1741799880,5971,1741805851,25,0,1,14848,25,7825401072
1002,1741813863,2470,1741816333,28,0,1,2560,28,5720742444
1003,1741833286,119823,1741953109,27,0,0,512,27,9345002836
1004,1741859554,14545,1741874099,5,0,1,28160,5,6491006274
1005,1741861042,100264,1741961306,8,0,0,512,8,10171880265
1006,1741873783,43904,1741917687,0,0,0,512,0,1731456170
1007,1741920358,33301,1741953659,24,0,1,512,24,4614477216
1008,1741929116,34374,1741963490,0,0,1,16384,0,6625681140
1009,1741939238,218677,1742157915,3,0,0,103424,3,3060755932
1010,1741949034,18002,1741967036,24,0,1,5632,24,7582655478
1011,1741958836,224872,1742183708,26,0,0,81408,26,4294877759
1012,1741974724,210466,1742185190,26,0,0,2048,26,1618321522
1013,1741975778,213179,1742188957,29,0,0,12288,29,1650543341
1014,1741989730,7297,1741997027,20,0,1,512,20,9327938893
1015,1742017296,140798,1742158094,36,0,0,512,36,2715323592
1016,1742026970,48170,1742075140,29,0,1,15872,29,1556261532
1017,1742030389,48295,1742078684,11,0,1,13312,11,3200043391
1018,1742034668,44682,1742079350,0,0,1,1024,0,62646700
1019,1742056726,127777,1742184503,38,0,0,2560,38,3695724185
1020,1742059138,55846,1742114984,27,0,0,512,27,426587667
1021,1742063956,446504,1742510460,15,0,0,15872,15,6474332030
1022,1742080168,147215,1742227383,29,0,0,31744,29,6877472830
1023,1742080660,166595,1742247255,14,0,0,11264,14,6083866225
1024,1742080744,1518,1742082262,33,0,1,1536,33,10694660454
1025,1742102568,5802,1742108370,30,0,1,6144,30,1883903877
1026,1742103824,195841,1742299665,23,0,0,10752,23,6522591844
1027,1742124416,151633,1742276049,10,0,0,15872,10,5759054603
1028,1742127013,220479,1742347492,0,0,0,1024,0,617891846
1029,1742133898,113372,1742247270,8,0,1,95744,8,9102527815
1030,1742134286,106359,1742240645,11,0,0,1536,11,2932957913
1031,1742141619,106947,1742248566,14,0,1,5632,14,4976862705
1032,1742143368,108104,1742251472,17,0,1,4608,17,1384558913
1033,1742143831,112467,1742256298,30,0,1,7680,30,3822532088
1034,1742154318,102966,1742257284,10,0,1,1536,10,6607253838
1035,1742159164,98376,1742257540,18,0,1,9216,18,740265238
1036,1742180653,78193,1742258846,25,0,1,2048,25,1956000464
1037,1742188301,115257,1742303558,26,0,0,6144,26,8973762351
1038,1742194238,287326,1742481564,22,0,0,77312,22,251051784
1039,1742213929,69481,1742283410,0,0,0,512,0,9925307954
1040,1742269757,566,1742270323,10,0,1,512,10,3239488972
1041,1742270271,5801,1742276072,35,0,1,11776,35,8792541291
1042,1742271802,7909,1742279711,28,0,1,10240,28,7654066264
1043,1742275322,10618,1742285940,12,0,1,7168,12,8939038288
1044,1742278976,121309,1742400285,14,0,0,512,14,4442197498
1045,1742283543,331217,1742614760,19,0,0,18432,19,2906059887
1046,1742305788,11274,1742317062,4,0,1,18432,4,10558680655
1047,1742312082,295760,1742607842,3,0,0,95232,3,6375668987
1048,1742321522,5326,1742326848,16,0,1,5632,16,5614073121
1049,1742322504,5330,1742327834,34,0,1,1536,34,1748586465
1050,1742323124,4966,1742328090,32,0,1,9216,32,6397126487
1051,1742338052,100632,1742438684,2,0,0,7680,2,3536742950
1052,1742357201,5712,1742362913,36,0,1,14336,36,3504755265
1053,1742420886,119240,1742540126,5,0,0,1024,5,1893650865
1054,1742443538,247523,1742691061,13,0,0,44544,13,10275938152
1055,1742447263,230173,1742677436,11,0,0,57344,11,6655041700
1056,1742459686,347137,1742806823,30,0,0,37888,30,799996178
1057,1742481029,5402,1742486431,1,0,1,5120,1,3414520500
1058,1742489922,1042,1742490964,2,0,1,1024,2,9823113300
1059,1742493059,116062,1742609121,38,0,0,4096,38,607193259
1060,1742495295,3898,1742499193,20,0,1,4096,20,3073754175
1061,1742495905,4594,1742500499,34,0,1,2048,34,5103816184
1062,1742495996,8689,1742504685,25,0,1,6656,25,4028546544
1063,1742496272,36097,1742532369,19,0,1,54272,19,4664009973
1064,1742502787,292469,1742795256,18,0,0,89088,18,4455188084
1065,1742503696,57994,1742561690,36,0,1,78848,36,9732384436
1066,1742506100,56256,1742562356,38,0,1,1024,38,613663342
1067,1742511708,53554,1742565262,33,0,1,4608,33,4466911235
1068,1742518854,46754,1742565608,0,0,1,512,0,6144853628
1069,1742520914,45040,1742565954,28,0,1,512,28,7253630250
1070,1742529652,36968,1742566620,33,0,1,1024,33,7337724142
1071,1742535390,32856,1742568246,27,0,1,2560,27,3408194059
1072,1742539192,113975,1742653167,4,0,0,5632,4,9483115297
1073,1742539365,29854,1742569219,14,0,1,12800,14,5292661218
1074,1742540583,436901,1742977484,24,0,0,94208,24,7328847624
1075,1742540750,33295,1742574045,28,0,1,7680,28,4912526685
1076,1742546106,28285,1742574391,37,0,1,512,37,4776487246
1077,1742556797,18900,1742575697,21,0,1,2048,21,2119568719
1078,1742566388,278548,1742844936,39,0,0,23040,39,8518661203
1079,1742566854,241012,1742807866,38,0,0,1536,38,709063402
1080,1742578917,37345,1742616262,25,0,1,1536,25,7306674514
1081,1742588439,409310,1742997749,18,0,0,11264,18,6205442962
1082,1742601718,324607,1742926325,14,0,0,63488,14,91652006
1083,1742606257,71194,1742677451,38,0,1,88576,38,5947819936
1084,1742618126,59340,1742677466,14,0,1,2048,14,5151045507
1085,1742671992,329696,1743001688,26,0,0,12800,26,10637159536
1086,1742683956,310331,1742994287,21,0,0,38400,21,10432603359
1087,1742703186,417260,1743120446,30,0,0,30720,30,2741952855
1088,1742703618,2946,1742706564,2,0,1,3072,2,10345465673
1089,1742736521,3128,1742739649,35,0,1,9216,35,154336863
1090,1742761969,262061,1743024030,20,0,0,24576,20,5253549882
1091,1742774290,44541,1742818831,12,0,1,19968,12,4754128000
1092,1742795534,234283,1743029817,34,0,0,18944,34,4981123099
1093,1742801666,18471,1742820137,4,0,1,2048,4,8475065481
1094,1742826096,226455,1743052551,19,0,0,11776,19,2535002789
1095,1742826816,221256,1743048072,20,0,0,1536,20,3245604684
1096,1742828792,306801,1743135593,19,0,0,49664,19,893958478
1097,1742831285,239608,1743070893,15,0,0,42496,15,3040792494
1098,1742842221,241110,1743083331,2,0,0,1536,2,5069837554
1099,1742861336,4851,1742866187,29,0,1,5120,29,8099719178
1100,1742861378,275478,1743136856,28,0,0,4096,28,3435187308
1101,1742932966,4850,1742937816,24,0,1,5120,24,573056554
1102,1742954382,39920,1742994302,8,0,1,14336,8,505047193
1103,1742956467,319410,1743275877,4,0,0,38400,4,8383064045
1104,1742962621,214475,1743177096,10,0,0,24064,10,1024125020
1105,1742986137,49435,1743035572,38,0,1,55808,38,7383806944
1106,1742987445,276717,1743264162,9,0,0,11264,9,9058484061
1107,1742988933,218300,1743207233,23,0,0,28160,23,5833102513
1108,1742991548,239981,1743231529,4,0,0,60928,4,1862045091
1109,1742996514,41644,1743038158,9,0,1,4096,9,524340586
1110,1742996824,238308,1743235132,31,0,0,11776,31,1825886565
1111,1743030134,179766,1743209900,13,0,0,8704,13,2806136103
1112,1743048538,374237,1743422775,20,0,0,2048,20,28181102
1113,1743065112,6339,1743071451,0,0,1,512,0,7815131831
1114,1743091111,357962,1743449073,33,0,0,1536,33,1430058618
1115,1743100781,566,1743101347,26,0,1,512,26,7676663140
1116,1743134080,43031,1743177111,5,0,1,60928,5,597088084
1117,1743135896,41358,1743177254,38,0,1,26624,38,10679160983
1118,1743138966,39594,1743178560,17,0,1,2048,17,1876100668
1119,1743139070,41436,1743180506,9,0,1,3072,9,9530897103
1120,1743142584,215577,1743358161,1,0,0,35328,1,3376140639
1121,1743159910,275563,1743435473,39,0,0,18944,39,3324532860
1122,1743163622,142768,1743306390,21,0,0,17920,21,10153974049
1123,1743207114,262935,1743470049,6,0,0,19968,6,7563066432
1124,1743244007,5971,1743249978,35,0,1,14848,35,586611935
1125,1743262276,124047,1743386323,9,0,0,13312,9,10257164276
1126,1743293057,1042,1743294099,15,0,1,1024,15,10342911862
1127,1743313540,86971,1743400511,36,0,1,145920,36,4926228606
1128,1743325817,113423,1743439240,31,0,0,12288,31,64594972
1129,1743338138,64639,1743402777,21,0,1,3584,21,7063102113
1130,1743343639,205856,1743549495,37,0,0,52736,37,9295278656
1131,1743351108,54895,1743406003,18,0,1,5120,18,333098719
1132,1743356936,52293,1743409229,10,0,1,5120,10,9919304905
1133,1743370848,211842,1743582690,27,0,0,1024,27,10299178078
1134,1743377256,32959,1743410215,0,0,1,1536,0,6134878863
1135,1743390735,423607,1743814342,15,0,0,109056,15,121345243
1136,1743400946,278858,1743679804,17,0,0,48128,17,8672623966
1137,1743431498,40259,1743471757,38,0,1,53248,38,9923739126
1138,1743445024,27399,1743472423,20,0,1,1024,20,8281897342
1139,1743478886,5326,1743484212,20,0,1,5632,20,707497471
1140,1743486403,566,1743486969,24,0,1,512,24,2305120252
1141,1743489020,15579,1743504599,38,0,1,30208,38,5668738938
1142,1743514915,4374,1743519289,18,0,1,4608,18,4890053432
1143,1743528959,56337,1743585296,36,0,1,96256,36,7284123309
1144,1743530225,392572,1743922797,5,0,0,1024,5,1161005755
1145,1743554053,393952,1743948005,8,0,0,512,8,1429542442
1146,1743581593,497998,1744079591,22,0,0,101376,22,2679764468
1147,1743589939,382680,1743972619,29,0,0,45056,29,645654508
1148,1743590631,150361,1743740992,27,0,0,512,27,2366173135
1149,1743598678,323784,1743922462,9,0,0,10752,9,6683218846
1150,1743617507,618750,1744236257,26,0,0,59904,26,7955184679
1151,1743621061,4850,1743625911,1,0,1,5120,1,4809782991
1152,1743625459,198914,1743824373,34,0,0,32768,34,1034007211
1153,1743635405,290226,1743925631,2,0,0,2048,2,9684737753
1154,1743637773,830300,1744468073,10,0,0,248832,10,7571757779
1155,1743641279,334163,1743975442,13,0,0,9216,13,5517630269
1156,1743645060,14287,1743659347,36,0,1,27648,36,2964734705
1157,1743646577,385004,1744031581,36,0,0,512,36,8402304528
1158,1743649974,9719,1743659693,16,0,1,512,16,4606991640
1159,1743650528,553447,1744203975,20,0,0,55808,20,2907087126
1160,1743663179,16640,1743679819,11,0,1,3072,11,694440294
1161,1743678066,494010,1744172076,8,0,0,512,8,7176164088
1162,1743696835,420375,1744117210,1,0,0,123392,1,3125843068
1163,1743699287,566,1743699853,37,0,1,512,37,8755634164
1164,1743716500,402785,1744119285,24,0,0,6656,24,1529280050
1165,1743742408,2870,1743745278,28,0,1,8704,28,10602629055
1166,1743757825,497621,1744255446,10,0,0,30720,10,9863449433
1167,1743766410,4374,1743770784,33,0,1,4608,33,4710231403
1168,1743771093,848188,1744619281,10,0,0,45568,10,2984399456
1169,1743774692,364658,1744139350,4,0,0,11776,4,9078810753
1170,1743777881,3128,1743781009,34,0,1,9216,34,2797333479
1171,1743785502,470754,1744256256,8,0,0,2560,8,441860233
1172,1743791472,839155,1744630627,5,0,0,1024,5,3906986607
1173,1743800007,583804,1744383811,17,0,0,47616,17,9575137187
1174,1743804253,24929,1743829182,37,0,1,5120,37,5515227463
1175,1743872142,443489,1744315631,1,0,0,24064,1,8648377344
1176,1743895963,79650,1743975613,5,0,0,512,5,1032757062
1177,1743906378,2470,1743908848,29,0,1,2560,29,9972519746
1178,1743907584,214064,1744121648,6,0,0,7680,6,9699254487
1179,1743907938,338110,1744246048,31,0,0,10752,31,8166279847
1180,1743921291,2983,1743924274,15,0,1,1536,15,4104032097
1181,1743970276,772822,1744743098,29,0,0,55296,29,5903658849
1182,1743971310,5855,1743977165,10,0,1,1536,10,3823955930
1183,1743972188,5643,1743977831,12,0,1,1024,12,10350314386
1184,1743977421,544891,1744522312,29,0,0,31744,29,678603767
1185,1743977426,260109,1744237535,2,0,0,4096,2,4633272515
1186,1743999968,530853,1744530821,31,0,0,2560,31,3757039867
1187,1744005711,330004,1744335715,13,0,0,58368,13,4941981637
1188,1744007821,645312,1744653133,14,0,0,71168,14,2129641699
1189,1744023422,4374,1744027796,30,0,1,4608,30,10448452618
1190,1744060798,427258,1744488056,25,0,0,65536,25,2710017850
1191,1744062314,278423,1744340737,25,0,0,14848,25,6957100812
1192,1744069797,65347,1744135144,8,0,1,26112,8,7067819421
1193,1744075091,60207,1744135298,9,0,1,8704,9,5823774788
1194,1744082586,53071,1744135657,26,0,1,9728,26,8488731751
1195,1744089811,251409,1744341220,5,0,0,1536,5,6359417193
1196,1744101839,37526,1744139365,26,0,1,1536,26,6231876757
1197,1744137099,375526,1744512625,25,0,0,50176,25,865802803
1198,1744139162,7926,1744147088,28,0,1,8192,28,7489868072
1199,1744167145,169053,1744336198,36,0,0,1536,36,6892893388
1200,1744181842,4162,1744186004,30,0,1,11264,30,6328076843
1201,1744185471,94268,1744279739,37,0,0,2048,37,8449890097
1202,1744186482,17508,1744203990,34,0,1,1024,34,2925299977
1203,1744188541,47731,1744236272,30,0,1,28672,30,6678139939
1204,1744193865,121937,1744315802,27,0,0,512,27,6960213991
1205,1744194063,149354,1744343417,0,0,0,1024,0,248089453
1206,1744205825,31733,1744237558,37,0,1,3072,37,2022365764
1207,1744210783,26790,1744237573,29,0,1,1536,29,9906969124
1208,1744214897,22691,1744237588,22,0,1,7168,22,9530869904
1209,1744220530,20712,1744241242,17,0,1,10240,17,5733874479
1210,1744228195,294484,1744522679,5,0,0,1024,5,2737608273
1211,1744228493,588488,1744816981,21,0,0,47104,21,4298586574
1212,1744237937,483074,1744721011,6,0,0,60928,6,2184734934
1213,1744241157,4906,1744246063,24,0,1,2560,24,9261831327
1214,1744241566,13895,1744255461,15,0,1,9728,15,5488075870
1215,1744244277,139705,1744383982,5,0,0,512,5,9212493007
1216,1744253201,242054,1744495255,37,0,0,23552,37,9666654621
1217,1744254330,242992,1744497322,20,0,0,6656,20,7049006055
1218,1744299694,54968,1744354662,13,0,0,1536,13,4764394234
1219,1744303384,256781,1744560165,0,0,0,512,0,8643222649
1220,1744347222,6278,1744353500,15,0,1,6656,15,6950355834
1221,1744351538,33591,1744385129,5,0,1,55296,5,4443895120
1222,1744354831,205163,1744559994,39,0,0,7680,39,9609966986
1223,1744368882,161144,1744530026,25,0,0,24064,25,8512427514
1224,1744386176,386356,1744772532,26,0,0,93184,26,2175557253
1225,1744415668,115176,1744530844,28,0,1,1024,28,4702185955
1226,1744441082,164224,1744605306,39,0,0,6656,39,4873915013
1227,1744449489,81378,1744530867,21,0,1,8704,21,2552175899
1228,1744452538,150725,1744603263,29,0,0,20480,29,3079660977
1229,1744478531,56411,1744534942,10,0,1,11264,10,4977827617
1230,1744495272,390849,1744886121,31,0,0,92160,31,1551025421
1231,1744495745,84429,1744580174,8,0,1,79360,8,7127605192
1232,1744536586,43934,1744580520,34,0,1,512,34,247302953
1233,1744543745,37134,1744580879,0,0,1,9728,0,7403852502
1234,1744563773,439311,1745003084,27,0,0,512,27,2026757937
1235,1744564216,475787,1745040003,31,0,0,89088,31,4155733
1236,1744586880,3422,1744590302,12,0,1,3584,12,2264325699
1237,1744594009,332375,1744926384,33,0,0,1024,33,4950890795
1238,1744606565,16137,1744622702,30,0,1,9728,30,9701137251
1239,1744608367,374360,1744982727,31,0,0,181248,31,8375101256
1240,1744611863,589193,1745201056,1,0,0,102912,1,1832119350
1241,1744625113,101034,1744726147,21,0,0,10240,21,8331368383
1242,1744626192,502640,1745128832,20,0,0,22528,20,8436214914
1243,1744633760,19948,1744653708,0,0,1,512,0,2173545141
1244,1744651875,331227,1744983102,38,0,0,1024,38,1414093881
1245,1744673389,478500,1745151889,37,0,0,57856,37,1628099863
1246,1744676326,13600,1744689926,38,0,1,23040,38,10284454385
1247,1744677943,13609,1744691552,14,0,1,2560,14,9765198122
1248,1744692640,28386,1744721026,4,0,1,18944,4,8883661904
1249,1744715427,635557,1745350984,25,0,0,100864,25,9665385876
1250,1744720919,5243,1744726162,34,0,1,3072,34,5197679512
1251,1744747156,31923,1744779079,32,0,1,15872,32,8316275402
1252,1744756305,284361,1745040666,5,0,0,2048,5,351148846
1253,1744758882,31798,1744790680,36,0,1,25600,36,6219694301
1254,1744764661,485680,1745250341,10,0,0,57344,10,1232288622
1255,1744801785,15211,1744816996,7,0,1,4608,7,7268290372
1256,1744832355,4374,1744836729,14,0,1,4608,14,4991640306
1257,1744832598,372544,1745205142,9,0,0,13312,9,9445864127
1258,1744834400,74091,1744908491,36,0,1,120832,36,6896785598
1259,1744839409,393445,1745232854,19,0,0,40448,19,2912555762
1260,1744840081,379466,1745219547,27,0,0,512,27,1268117186
1261,1744862191,356538,1745218729,24,0,0,44544,24,5893922568
1262,1744894360,17357,1744911717,10,0,1,5120,10,6067803280
1263,1744900446,456659,1745357105,1,0,0,15360,1,3537570567
1264,1744951938,35021,1744986959,37,0,1,4096,37,4265099415
1265,1744955554,300681,1745256235,9,0,0,9216,9,9277867495
1266,1744958019,338188,1745296207,20,0,0,13824,20,1242660613
1267,1744965731,507371,1745473102,26,0,0,154624,26,5839106043
1268,1744969990,17315,1744987305,26,0,1,512,26,10654473588
1269,1744975215,244153,1745219368,38,0,0,2048,38,7830747097
1270,1744985565,4937,1744990502,14,0,1,12800,14,1961237315
1271,1744994296,568751,1745563047,9,0,0,95232,9,1817540064
1272,1745001643,349824,1745351467,0,0,0,1536,0,9552269447
1273,1745008998,248656,1745257654,39,0,0,4608,39,622990260
1274,1745019155,277379,1745296534,36,0,0,1024,36,6483778329
1275,1745025567,266413,1745291980,13,0,0,20992,13,4592035937
1276,1745030180,14819,1745044999,9,0,1,4608,9,1427422166
1277,1745101642,200683,1745302325,22,0,0,9216,22,1251343400
1278,1745107627,2470,1745110097,25,0,1,2560,25,10087703351
1279,1745117291,190829,1745308120,29,0,0,512,29,1520311170
1280,1745128086,230962,1745359048,10,0,0,4096,10,5706418378
1281,1745134230,379851,1745514081,13,0,0,76800,13,1626206286
1282,1745165459,35612,1745201071,14,0,1,7680,14,4643142066
1283,1745198559,287069,1745485628,13,0,0,16896,13,1578461829
1284,1745233603,17338,1745250941,25,0,1,512,25,158437080
1285,1745233891,256440,1745490331,11,0,0,15360,11,3131316265
1286,1745236023,244434,1745480457,6,0,0,24064,6,1481090017
1287,1745285025,312889,1745597914,19,0,0,80896,19,9317004862
1288,1745299413,263992,1745563405,0,0,0,1024,0,4776133644
1289,1745327250,163416,1745490666,27,0,0,1024,27,8024010746
1290,1745332814,24472,1745357286,25,0,1,6144,25,9654603198
1291,1745352921,312985,1745665906,25,0,0,6656,25,10383960274
1292,1745365075,4679,1745369754,17,0,1,12288,17,3112251285
1293,1745390961,21399,1745412360,36,0,1,34816,36,9022011075
1294,1745393555,223478,1745617033,37,0,0,3584,37,8468670748
1295,1745418887,219242,1745638129,14,0,0,5632,14,2100583921
1296,1745427518,384333,1745811851,3,0,0,36352,3,6215575385
1297,1745435165,237641,1745672806,17,0,0,4096,17,4526287609
1298,1745455702,180696,1745636398,35,0,0,35840,35,6678304479
1299,1745471086,127039,1745598125,29,0,0,512,29,7648600203
1300,1745529736,33326,1745563062,32,0,1,6656,32,2930060344
1301,1745536295,348165,1745884460,18,0,0,16896,18,1759543192
1302,1745537461,407302,1745944763,39,0,0,31744,39,6429409069
1303,1745574349,218797,1745793146,39,0,0,5632,39,702582312
1304,1745575003,275083,1745850086,19,0,0,125440,19,5314657118
1305,1745575199,30641,1745605840,22,0,1,8192,22,8722893373
1306,1745577585,44703,1745622288,5,0,1,35328,5,6663926414
1307,1745579572,299725,1745879297,2,0,0,95744,2,3247734128
1308,1745594452,28182,1745622634,29,0,1,512,29,6278099652
1309,1745594460,28840,1745623300,12,0,1,11264,12,10685182467
1310,1745651457,5802,1745657259,12,0,1,6144,12,9411206037
1311,1745660111,262321,1745922432,35,0,0,37888,35,9164257135
1312,1745663389,465533,1746128922,22,0,0,43520,22,9190112282
1313,1745710016,518860,1746228876,24,0,0,46080,24,2914205992
1314,1745728871,10241,1745739112,0,0,1,16384,0,1023694082
1315,1745733842,381805,1746115647,30,0,0,132608,30,6034522449
1316,1745759461,4850,1745764311,20,0,1,5120,20,5504972372
1317,1745769364,305864,1746075228,10,0,0,48128,10,6284223621
1318,1745771371,249432,1746020803,0,0,0,512,0,1265523852
1319,1745773321,2470,1745775791,34,0,1,2560,34,7670768902
1320,1745808916,340355,1746149271,21,0,0,59392,21,9585944758
1321,1745814352,477732,1746292084,19,0,0,25600,19,6468120807
1322,1745816245,461341,1746277586,25,0,0,159744,25,1172757737
1323,1745852126,336809,1746188935,18,0,0,2048,18,956534240
1324,1745854750,31362,1745886112,12,0,1,1536,12,3056281109
1325,1745856983,324223,1746181206,14,0,0,24064,14,4862159397
1326,1745859755,466560,1746326315,22,0,0,34816,22,5438744603
1327,1745869231,22109,1745891340,36,0,1,6656,36,4811991322
1328,1745874668,283752,1746158420,14,0,0,1536,14,3990320325
1329,1745878386,399371,1746277757,33,0,0,512,33,5156946825
1330,1745911942,219202,1746131144,15,0,0,6144,15,10025925210
1331,1745914062,129227,1746043289,22,0,0,512,22,364901419
1332,1745932789,196460,1746129249,5,0,0,1024,5,10032442260
1333,1745946594,4850,1745951444,29,0,1,5120,29,3371970634
1334,1745958196,7230,1745965426,22,0,1,7680,22,2320269594
1335,1745990572,3898,1745994470,0,0,1,4096,0,10270878028
1336,1745991475,360982,1746352457,37,0,0,33792,37,1918770717
1337,1746005858,1518,1746007376,21,0,1,1536,21,9385215499
1338,1746016430,179446,1746195876,38,0,0,512,38,8201520706
1339,1746029982,1518,1746031500,18,0,1,1536,18,10521557712
1340,1746035711,365233,1746400944,11,0,0,69632,11,7102825850
1341,1746037165,23378,1746060543,5,0,1,41984,5,6077688107
1342,1746058611,268031,1746326642,5,0,0,1024,5,9827381077
1343,1746084431,418148,1746502579,11,0,0,7680,11,10324083522
1344,1746122918,158645,1746281563,36,0,0,512,36,6253466315
1345,1746125289,156079,1746281368,20,0,0,11776,20,7663769527
1346,1746128852,180662,1746309514,24,0,0,1024,24,3617753280
1347,1746130927,29911,1746160838,15,0,1,18944,15,7760747155
1348,1746134069,232584,1746366653,23,0,0,14848,23,3869400018
1349,1746152081,9743,1746161824,28,0,1,1536,28,3112311940
1350,1746173213,8008,1746181221,33,0,1,1536,33,10588844069
1351,1746186789,214326,1746401115,5,0,0,512,5,5224888540
1352,1746211350,17549,1746228899,0,0,1,12288,0,3475904149
1353,1746215638,118415,1746334053,38,0,1,96256,38,5324489009
1354,1746238783,218968,1746457751,9,0,0,10752,9,5942417516
1355,1746250893,180405,1746431298,22,0,0,16896,22,2643777550
1356,1746255533,79826,1746335359,11,0,1,2048,11,952417280
1357,1746281178,55487,1746336665,0,0,1,2048,0,5008134004
1358,1746300036,38255,1746338291,1,0,1,2560,1,4268228798
1359,1746300184,38773,1746338957,12,0,1,1024,12,1839070305
1360,1746315146,26397,1746341543,17,0,1,4096,17,6444888733
1361,1746354957,229096,1746584053,14,0,0,47104,14,6902709259
1362,1746357229,101005,1746458234,36,0,0,1536,36,7959650333
1363,1746398894,2779,1746401673,15,0,1,512,15,10375565441
1364,1746415744,83457,1746499201,5,0,0,512,5,3157912258
1365,1746428698,3634,1746432332,20,0,1,1024,20,8013300313
1366,1746432261,6229,1746438490,30,0,1,15360,30,5803198947
1367,1746447661,566,1746448227,20,0,1,512,20,1735220604
1368,1746460428,4850,1746465278,35,0,1,5120,35,10526804990
1369,1746465924,6754,1746472678,9,0,1,7168,9,2164785372
1370,1746466032,81561,1746547593,3,0,0,11264,3,7742082179
1371,1746470395,286079,1746756474,39,0,0,51712,39,2052561658
1372,1746479627,5196,1746484823,10,0,1,13312,10,5344156995
1373,1746487752,5326,1746493078,25,0,1,5632,25,5048571357
1374,1746489107,204799,1746693906,18,0,0,7680,18,6585582654
1375,1746493890,409447,1746903337,11,0,0,102912,11,3628457436
1376,1746494908,174169,1746669077,35,0,0,10240,35,9250655511
1377,1746508158,258159,1746766317,20,0,0,32256,20,7654621202
1378,1746510390,5802,1746516192,33,0,1,6144,33,4969438301
1379,1746532075,110998,1746643073,8,0,0,512,8,449739553
1380,1746537146,5326,1746542472,15,0,1,5632,15,7736962949
1381,1746556501,5454,1746561955,20,0,1,13824,20,10296443968
1382,1746568068,16000,1746584068,14,0,1,2048,14,2278590278
1383,1746578785,9173,1746587958,33,0,1,4096,33,264968512
1384,1746594007,363942,1746957949,1,0,0,120832,1,1627318666
1385,1746601987,4850,1746606837,26,0,1,5120,26,7733401705
1386,1746622580,2870,1746625450,7,0,1,8704,7,2697853818
1387,1746629224,200898,1746830122,0,0,0,1024,0,8439322289
1388,1746656445,4374,1746660819,2,0,1,4608,2,8732800731
1389,1746656751,168106,1746824857,34,0,0,6656,34,2026230089
1390,1746665858,330494,1746996352,14,0,0,512,14,10599137864
1391,1746685313,219287,1746904600,25,0,0,4096,25,1649374820
1392,1746692209,299442,1746991651,23,0,0,61440,23,6885722286
1393,1746703801,269115,1746972916,26,0,0,32256,26,9527109545
1394,1746727424,318818,1747046242,35,0,0,52224,35,5398402785
1395,1746789757,6754,1746796511,0,0,1,7168,0,6138001461
1396,1746792271,5015,1746797286,1,0,1,11776,1,7292391224
1397,1746792775,5170,1746797945,29,0,1,1024,29,10700408665
1398,1746797255,293703,1747090958,18,0,0,24576,18,3866627853
1399,1746802333,2946,1746805279,29,0,1,3072,29,3424963277
1400,1746816354,104533,1746920887,13,0,0,3072,13,190223637
1401,1746821975,233486,1747055461,13,0,0,30208,13,1592556484
1402,1746852089,5802,1746857891,11,0,1,6144,11,5881221651
1403,1746854594,5563,1746860157,17,0,1,3584,17,6867725237
1404,1746907205,50767,1746957972,36,0,1,29696,36,6840672432
1405,1746921620,204080,1747125700,22,0,0,7168,22,4157252590
1406,1746945396,249635,1747195031,19,0,0,95744,19,3180988851
1407,1746961825,406905,1747368730,21,0,0,58368,21,515755304
1408,1746971608,232330,1747203938,28,0,0,29184,28,8946818099
1409,1746979397,12854,1746992251,27,0,1,512,27,9095765227
1410,1746991192,310610,1747301802,18,0,0,51200,18,6995918548
1411,1746999501,235652,1747235153,19,0,0,102400,19,4147121252
1412,1747009420,1994,1747011414,24,0,1,2048,24,4863866241
1413,1747021924,395820,1747417744,10,0,0,109056,10,1395058603
1414,1747038616,406561,1747445177,34,0,0,27136,34,3588608188
1415,1747039271,303120,1747342391,20,0,0,28672,20,9034419088
1416,1747039930,622625,1747662555,19,0,0,29696,19,9901203327
1417,1747045892,14056,1747059948,26,0,1,11776,26,10493997060
1418,1747093018,227678,1747320696,24,0,0,11264,24,9417035981
1419,1747098224,286277,1747384501,22,0,0,51712,22,7965565285
1420,1747103017,218940,1747321957,37,0,0,1024,37,1915580538
1421,1747109428,391603,1747501031,22,0,0,7680,22,8034485179
1422,1747120461,395092,1747515553,24,0,0,29184,24,2116376465
1423,1747156166,6278,1747162444,26,0,1,6656,26,3664428108
1424,1747179537,373828,1747553365,35,0,0,19968,35,9352405976
1425,1747180475,244320,1747424795,28,0,0,23040,28,4945010589
1426,1747190839,47810,1747238649,4,0,1,9728,4,945578928
1427,1747203460,36760,1747240220,27,0,1,2048,27,6193343029
1428,1747212992,247488,1747460480,13,0,0,50176,13,178998888
1429,1747229721,11165,1747240886,22,0,1,1024,22,4035175085
1430,1747268593,1518,1747270111,35,0,1,1536,35,5085050586
1431,1747289314,364178,1747653492,6,0,0,35328,6,2453995750
1432,1747328682,1518,1747330200,0,0,1,1536,0,4759602161
1433,1747343604,6278,1747349882,18,0,1,6656,18,9338268252
1434,1747379180,47643,1747426823,8,0,1,2048,8,4738777875
1435,1747384161,48998,1747433159,27,0,1,8192,27,9371205235
1436,1747391940,155326,1747547266,37,0,0,16384,37,867041494
1437,1747397494,144757,1747542251,20,0,0,34304,20,214306327
1438,1747397797,211641,1747609438,39,0,0,512,39,6873117956
1439,1747434747,25756,1747460503,21,0,1,14336,21,6419154580
1440,1747439218,23749,1747462967,11,0,1,2560,11,1282917089
1441,1747452672,297911,1747750583,34,0,0,95744,34,9532425978
1442,1747478157,373985,1747852142,22,0,0,192000,22,9688147838
1443,1747486279,188779,1747675058,11,0,0,40960,11,7958961178
1444,1747490253,15062,1747505315,20,0,1,29184,20,2491674751
1445,1747497896,295731,1747793627,37,0,0,70656,37,10690111765
1446,1747532548,225615,1747758163,30,0,0,20992,30,4213265080
1447,1747545490,10337,1747555827,35,0,1,2560,35,3431127575
1448,1747555537,13512,1747569049,5,0,1,26112,5,5463570138
1449,1747555876,202622,1747758498,33,0,0,1024,33,8583461016
1450,1747556335,118926,1747675261,27,0,0,512,27,23116468
1451,1747600715,150530,1747751245,0,0,0,2048,0,8739201515
1452,1747607688,566,1747608254,34,0,1,512,34,8762519618
1453,1747617026,245332,1747862358,35,0,0,23040,35,4276092619
1454,1747618541,3898,1747622439,30,0,1,4096,30,9977210335
1455,1747642301,212040,1747854341,13,0,0,7168,13,6153585854
1456,1747657492,21924,1747679416,21,0,1,4608,21,8109042653
1457,1747661441,90303,1747751744,26,0,0,1536,26,3270173697
1458,1747668527,11875,1747680402,0,0,1,1536,0,2731930592
1459,1747672919,15586,1747688505,1,0,1,18944,1,9007603421
1460,1747680419,174896,1747855315,33,0,0,2048,33,7930341848
1461,1747690139,207947,1747898086,14,0,0,31744,14,4825992093
1462,1747694942,4374,1747699316,21,0,1,4608,21,4194779894
1463,1747719093,31513,1747750606,37,0,1,4608,37,7895218272
1464,1747721515,39553,1747761068,24,0,1,3072,24,3180175064
1465,1747728961,139522,1747868483,17,0,0,8192,17,5148012637
1466,1747736288,360723,1748097011,11,0,0,40960,11,5170760245
1467,1747739739,114937,1747854676,27,0,0,1024,27,726273578
1468,1747751489,114332,1747865821,35,0,0,11264,35,645174119
1469,1747752448,9286,1747761734,37,0,1,1024,37,2166220680
1470,1747757354,6003,1747763357,21,0,1,10752,21,2441248758
1471,1747760456,314537,1748074993,35,0,0,145920,35,10565492762
1472,1747802079,202573,1748004652,24,0,0,17408,24,9952029
1473,1747806657,389250,1748195907,28,0,0,49152,28,2938910121
1474,1747819264,49938,1747869202,4,0,1,3584,4,646345284
1475,1747821522,299511,1748121033,17,0,0,41472,17,3986496670
1476,1747872193,566,1747872759,21,0,1,512,21,7717422176
1477,1747909869,24670,1747934539,8,0,1,44544,8,5731040514
1478,1747934851,193528,1748128379,29,0,0,512,29,1840909355
1479,1747938393,369984,1748308377,13,0,0,114688,13,1327919935
1480,1747957076,566,1747957642,10,0,1,512,10,7587824863
1481,1747963297,7230,1747970527,16,0,1,7680,16,9297929712
1482,1747980822,3904,1747984726,4,0,1,10752,4,6210145606
1483,1747989512,110478,1748099990,28,0,0,9728,28,9015257480
1484,1747990993,3898,1747994891,32,0,1,4096,32,7138941690
1485,1748021147,79022,1748100169,0,0,0,512,0,6770787191
1486,1748038012,233911,1748271923,8,0,0,1024,8,3444220680
1487,1748047194,539242,1748586436,11,0,0,16384,11,10717697497
1488,1748056639,20983,1748077622,2,0,1,2560,2,10431487857
1489,1748057252,345801,1748403053,30,0,0,64000,30,5135831782
1490,1748064448,16080,1748080528,4,0,1,4608,4,56077670
1491,1748067647,13547,1748081194,2,0,1,1024,2,2498840478
1492,1748068152,13708,1748081860,29,0,1,1024,29,9041519740
1493,1748074888,8784,1748083672,19,0,1,14336,19,4792732647
1494,1748083050,235638,1748318688,18,0,0,33792,18,3704952159
1495,1748099475,123762,1748223237,15,0,0,6656,15,7853100265
1496,1748134379,4679,1748139058,26,0,1,12288,26,9744439075
1497,1748170519,173367,1748343886,2,0,0,11264,2,6659864375
1498,1748182483,339281,1748521764,20,0,0,14848,20,5122388012
1499,1748183152,16261,1748199413,29,0,1,3584,29,7372465666
1500,1748185462,194869,1748380331,29,0,0,512,29,1773832325
1501,1748191942,133872,1748325814,23,0,0,23040,23,563525220
1502,1748194267,227643,1748421910,13,0,0,13312,13,9693027604
1503,1748200487,118216,1748318703,38,0,1,139264,38,5184369671
1504,1748204137,114581,1748318718,21,0,1,4096,21,508458007
1505,1748219571,99162,1748318733,38,0,1,7168,38,9030665037
1506,1748232545,86203,1748318748,9,0,1,9728,9,3982618668
1507,1748238321,229142,1748467463,3,0,0,67584,3,3555989731
1508,1748248951,69820,1748318771,29,0,1,8192,29,6236927153
1509,1748255719,303669,1748559388,34,0,0,78848,34,1009134560
1510,1748266372,139972,1748406344,10,0,0,10752,10,3386046569
1511,1748292349,360321,1748652670,0,0,0,1024,0,3745102661
1512,1748296700,394799,1748691499,9,0,0,69120,9,4387559494
1513,1748324579,300168,1748624747,6,0,0,14848,6,9488609792
1514,1748369746,5802,1748375548,11,0,1,6144,11,7532620842
1515,1748370445,125881,1748496326,35,0,0,9728,35,5386189463
1516,1748381920,45596,1748427516,0,0,0,1024,0,5427491536
1517,1748396357,412516,1748808873,26,0,0,35840,26,1385769531
1518,1748397511,206655,1748604166,35,0,0,49664,35,218812182
1519,1748401717,250626,1748652343,24,0,0,44032,24,3078595726
1520,1748432359,259311,1748691670,8,0,0,512,8,2375073547
1521,1748432842,203801,1748636643,38,0,0,1024,38,6957256360
1522,1748466748,166823,1748633571,0,0,0,1024,0,4556963751
1523,1748492136,4205,1748496341,8,0,1,3584,8,7970181927
1524,1748508137,51266,1748559403,36,0,1,80384,36,1450438045
1525,1748508367,379947,1748888314,36,0,0,512,36,8598516723
1526,1748517226,61981,1748579207,5,0,1,80384,5,5041255037
1527,1748521869,260380,1748782249,4,0,0,78848,4,3514835951
1528,1748567139,321004,1748888143,6,0,0,127488,6,5795928435
1529,1748572088,9065,1748581153,30,0,1,3072,30,1037457447
1530,1748590178,305327,1748895505,9,0,0,23552,9,2039929549
1531,1748617312,1994,1748619306,20,0,1,2048,20,1767314302
1532,1748668200,280201,1748948401,10,0,0,97280,10,7167851010
1533,1748669030,242901,1748911931,24,0,0,40448,24,3045673374
1534,1748695622,12308,1748707930,36,0,1,20480,36,8346388878
1535,1748703342,4844,1748708186,30,0,1,9216,30,7439566459
1536,1748720397,179187,1748899584,3,0,0,13312,3,3654412553
1537,1748726069,274683,1749000752,18,0,0,16384,18,2014538010
1538,1748751664,244057,1748995721,33,0,0,512,33,10597254871
1539,1748764125,21079,1748785204,12,0,1,3072,12,3384145129
1540,1748771573,37315,1748808888,36,0,1,42496,36,6615179867
1541,1748797403,198147,1748995550,26,0,0,74752,26,6197166179
1542,1748806896,294726,1749101622,15,0,0,59392,15,7888317911
1543,1748820568,209283,1749029851,33,0,0,512,33,4828780390
1544,1748880418,243348,1749123766,25,0,0,48640,25,3500251200
1545,1748889465,23943,1748913408,37,0,1,1536,37,6696791650
1546,1748918629,325029,1749243658,37,0,0,7680,37,2667867665
1547,1748919911,30017,1748949928,9,0,1,1536,9,455701650
1548,1748942750,8484,1748951234,17,0,1,2048,17,103307021
1549,1748952943,115746,1749068689,10,0,0,3584,10,7255554697
1550,1748981003,178803,1749159806,39,0,0,9728,39,3734129805
1551,1748984311,27182,1749011493,25,0,1,17408,25,6036401665
1552,1748985100,171727,1749156827,9,0,0,35840,9,5215020506
1553,1748993693,131032,1749124725,4,0,0,3072,4,192672481
1554,1749000338,11821,1749012159,21,0,1,1024,21,3660223937
1555,1749009281,6744,1749016025,7,0,1,6144,7,2240978472
1556,1749022938,85993,1749108931,2,0,0,1536,2,5213978826
1557,1749025026,6754,1749031780,0,0,1,7168,0,9692658618
1558,1749032849,301619,1749334468,6,0,0,7168,6,9155083516
1559,1749033789,4374,1749038163,27,0,1,4608,27,2434843261
1560,1749043546,183370,1749226916,15,0,0,9216,15,6811228790
1561,1749049956,52250,1749102206,0,0,0,1536,0,22799460
1562,1749057762,4374,1749062136,11,0,1,4608,11,9048195071
1563,1749093769,133723,1749227492,33,0,0,1024,33,9706148465
1564,1749096780,215842,1749312622,15,0,0,72704,15,2819447542
1565,1749116476,11361,1749127837,37,0,1,9216,37,7324147414
1566,1749119788,9748,1749129536,12,0,1,2048,12,2038751701
1567,1749124169,268031,1749392200,2,0,0,35328,2,10602841847
1568,1749128236,2286,1749130522,11,0,1,1536,11,9986093044
1569,1749132765,149096,1749281861,34,0,0,14848,34,5269654648
1570,1749150121,10243,1749160364,14,0,1,512,14,7182279041
1571,1749206954,327453,1749534407,20,0,0,76288,20,8047996404
1572,1749225413,7297,1749232710,37,0,1,6144,37,10612238325
1573,1749261915,3128,1749265043,18,0,1,9216,18,10290679822
1574,1749267649,6229,1749273878,4,0,1,15360,4,4082871013
1575,1749276551,101192,1749377743,23,0,0,32256,23,8925448268
1576,1749286887,25750,1749312637,2,0,1,8192,2,5234926826
1577,1749295087,331982,1749627069,17,0,0,118272,17,1792836518
1578,1749311222,2474,1749313696,1,0,1,1024,1,4658216248
1579,1749317646,225564,1749543210,36,0,0,2048,36,3219370166
1580,1749332791,6043,1749338834,27,0,1,4608,27,3365802540
1581,1749335688,6713,1749342401,21,0,1,15872,21,10697201894
1582,1749338998,288554,1749627552,5,0,0,1536,5,5986811271
1583,1749350539,186550,1749537089,19,0,0,8704,19,4651255696
1584,1749362282,1518,1749363800,30,0,1,1536,30,5416946697
1585,1749375348,354798,1749730146,15,0,0,37376,15,1378478928
1586,1749384236,414853,1749799089,20,0,0,14336,20,3222995085
1587,1749399390,293202,1749692592,25,0,0,27648,25,6993694364
1588,1749406430,74867,1749481297,36,0,1,122368,36,9199906090
1589,1749440689,44474,1749485163,9,0,1,6144,9,7160712562
1590,1749441146,107166,1749548312,5,0,0,1024,5,7888777186
1591,1749474878,243865,1749718743,2,0,0,69632,2,7030725882
1592,1749491231,43191,1749534422,36,0,1,38912,36,10185199647
1593,1749502847,243390,1749746237,3,0,0,52736,3,1662984938
1594,1749505809,186954,1749692763,0,0,0,512,0,3644263100
1595,1749522770,59490,1749582260,38,0,1,77824,38,4945006576
1596,1749555865,31221,1749587086,2,0,1,7680,2,9652834491
1597,1749606157,22922,1749629079,9,0,1,1536,9,7365572560
1598,1749621438,9267,1749630705,34,0,1,2560,34,2377643786
1599,1749631817,21658,1749653475,19,0,1,35328,19,10406325851
1600,1749645688,14287,1749659975,38,0,1,27648,38,3730584527
1601,1749647967,14914,1749662881,17,0,1,4608,17,4941748916
1602,1749713767,456833,1750170600,5,0,0,1024,5,4172150628
1603,1749740675,7114,1749747789,12,0,1,1536,12,7376333159
1604,1749741270,137869,1749879139,38,0,0,1024,38,9204766558
1605,1749743239,426994,1750170233,4,0,0,20480,4,6810727516
1606,1749756820,121011,1749877831,2,0,0,16896,2,8120698950
1607,1749761551,173766,1749935317,14,0,0,17920,14,9978930758
1608,1749772002,196915,1749968917,11,0,0,19456,11,10704681854
1609,1749782461,381517,1750163978,9,0,0,144896,9,5989886396
1610,1749804076,1042,1749805118,1,0,1,1024,1,10257887152
1611,1749819959,1042,1749821001,28,0,1,1024,28,1662178436
1612,1749822048,351546,1750173594,19,0,0,9728,19,8790509865
1613,1749838157,2870,1749841027,27,0,1,8704,27,10218970391
1614,1749846777,110207,1749956984,33,0,0,2048,33,8066600866
1615,1749877412,3833,1749881245,33,0,1,3584,33,3352062165
1616,1749883168,1994,1749885162,15,0,1,2048,15,369698931
1617,1749886084,58849,1749944933,19,0,0,3584,19,6600643122
1618,1749889102,91836,1749980938,20,0,0,20992,20,3175879154
1619,1749895672,6229,1749901901,29,0,1,15360,29,8629433595
1620,1749921468,166935,1750088403,22,0,0,47104,22,7502129582
1621,1749945870,128166,1750074036,5,0,0,1536,5,8494956925
1622,1749987300,197924,1750185224,37,0,0,16896,37,10584814806
1623,1750014173,163336,1750177509,11,0,0,12800,11,4710577097
1624,1750050382,1994,1750052376,22,0,1,2048,22,7856519959
1625,1750097488,2470,1750099958,10,0,1,2560,10,3754267103
1626,1750102612,68003,1750170615,31,0,1,73216,31,1453432698
1627,1750121306,63933,1750185239,7,0,1,6656,7,20162249
1628,1750125248,284354,1750409602,24,0,0,83456,24,4915436575
1629,1750135901,154901,1750290802,9,0,0,18432,9,8207092075
1630,1750139083,186549,1750325632,35,0,0,35840,35,3003926934
1631,1750146455,120797,1750267252,33,0,0,512,33,10007127893
1632,1750158730,308062,1750466792,22,0,0,54784,22,4214551827
1633,1750198850,1518,1750200368,17,0,1,1536,17,2360920035
1634,1750224424,76052,1750300476,23,0,0,10240,23,9372884767
1635,1750245722,13341,1750259063,34,0,1,22528,34,9075430051
1636,1750258216,22174,1750280390,8,0,1,36352,8,5564971567
1637,1750269590,487703,1750757293,28,0,0,45056,28,9081641256
1638,1750273689,193274,1750466963,29,0,0,512,29,5484238660
1639,1750276103,32041,1750308144,5,0,1,52224,5,10009068548
1640,1750300147,243259,1750543406,4,0,0,73216,4,4235783977
1641,1750300577,11433,1750312010,34,0,1,6144,34,4565094029
1642,1750329076,283086,1750612162,38,0,0,1024,38,1151208788
1643,1750334618,277193,1750611811,10,0,0,101376,10,4937926928
1644,1750353101,138992,1750492093,8,0,0,512,8,5072679989
1645,1750354661,4937,1750359598,35,0,1,12800,35,9114603114
1646,1750357912,14556,1750372468,19,0,1,23552,19,898977047
1647,1750361108,12986,1750374094,17,0,1,2560,17,135475855
1648,1750373299,3898,1750377197,18,0,1,4096,18,317911565
1649,1750379460,2470,1750381930,35,0,1,2560,35,4518929840
1650,1750383292,438775,1750822067,34,0,0,151040,34,6657913203
1651,1750430718,547598,1750978316,10,0,0,31232,10,5873181473
1652,1750438040,1042,1750439082,34,0,1,1024,34,4018880466
1653,1750447221,19757,1750466978,25,0,1,5120,25,6652959687
1654,1750469379,359614,1750828993,24,0,0,9216,24,10637410170
1655,1750515039,493462,1751008501,35,0,0,22528,35,1350977115
1656,1750518275,205971,1750724246,24,0,0,4096,24,6757177464
1657,1750519000,356211,1750875211,10,0,0,93184,10,8891768882
1658,1750523384,23010,1750546394,10,0,1,3072,10,2835744879
1659,1750523743,597991,1751121734,30,0,0,17408,30,9852226933
1660,1750529222,22392,1750551614,37,0,1,7680,37,6124685205
1661,1750543441,11079,1750554520,22,0,1,4608,22,3141167235
1662,1750544430,281708,1750826138,22,0,0,13312,22,6223582521
1663,1750548743,9003,1750557746,24,0,1,5120,24,81283165
1664,1750588184,25931,1750614115,16,0,1,2048,16,9730843621
1665,1750594312,396039,1750990351,3,0,0,39424,3,2973365082
1666,1750594557,374228,1750968785,37,0,0,72704,37,7016565443
1667,1750621290,4374,1750625664,25,0,1,4608,25,8326739581
1668,1750658727,706250,1751364977,19,0,0,230912,19,2661894441
1669,1750700109,6754,1750706863,37,0,1,7168,37,7671104988
1670,1750710184,331837,1751042021,3,0,0,66048,3,1303024062
1671,1750715012,429635,1751144647,35,0,0,59904,35,3477829480
1672,1750720177,299146,1751019323,5,0,0,512,5,6997500645
1673,1750735042,566,1750735608,0,0,1,512,0,3486913250
1674,1750747746,264217,1751011963,10,0,0,11264,10,4906516843
1675,1750763409,302540,1751065949,27,0,0,3584,27,9820181535
1676,1750765695,3128,1750768823,18,0,1,9216,18,7013429582
1677,1750793679,47581,1750841260,34,0,1,20480,34,1092497610
1678,1750798609,43624,1750842233,17,0,1,12800,17,2269348965
1679,1750809204,33695,1750842899,20,0,1,1024,20,3013344159
1680,1750812119,63107,1750875226,4,0,1,17408,4,6501211578
1681,1750836843,38398,1750875241,7,0,1,512,7,3693380256
1682,1750837337,237378,1751074715,19,0,0,20992,19,6032079780
1683,1750843791,31465,1750875256,18,0,1,512,18,6450772378
1684,1750880628,1042,1750881670,1,0,1,1024,1,3275423033
1685,1750891628,22174,1750913802,5,0,1,36352,5,9296280048
1686,1750895272,266794,1751162066,25,0,0,3072,25,8920950481
1687,1750928758,3904,1750932662,12,0,1,10752,12,6302109852
1688,1750936898,469933,1751406831,37,0,0,135680,37,7976014829
1689,1750940043,50339,1750990382,19,0,1,60928,19,259615825
1690,1750953388,44686,1750998074,10,0,1,8192,10,10488774174
1691,1750966748,201698,1751168446,29,0,0,512,29,3097608986
1692,1750967726,462263,1751429989,25,0,0,74752,25,6085994788
1693,1750987520,292822,1751280342,5,0,0,3072,5,10245231139
1694,1750995127,13389,1751008516,30,0,1,7168,30,4606988410
1695,1751045082,199699,1751244781,31,0,0,2048,31,7918247919
1696,1751067837,7706,1751075543,32,0,1,8192,32,7790343144
1697,1751069756,200085,1751269841,29,0,0,512,29,8512021918
1698,1751071150,223441,1751294591,30,0,0,46592,30,2163120297
1699,1751076881,10241,1751087122,17,0,1,16384,17,2874543256
1700,1751076976,378471,1751455447,22,0,0,83456,22,2215543691
1701,1751107388,299786,1751407174,11,0,0,1024,11,1366530470
1702,1751124227,360685,1751484912,24,0,0,22528,24,3776681936
1703,1751126617,529322,1751655939,39,0,0,14848,39,3993859040
1704,1751135002,33946,1751168948,5,0,1,40448,5,9279729126
1705,1751135817,36357,1751172174,21,0,1,5120,21,6564932636
1706,1751144108,33251,1751177359,19,0,1,16384,19,10681794185
1707,1751194845,13083,1751207928,10,0,1,22016,10,9741313156
1708,1751195913,411315,1751607228,18,0,0,185856,18,904838876
1709,1751218551,2946,1751221497,12,0,1,3072,12,795536607
1710,1751220193,309031,1751529224,21,0,0,8704,21,7042487600
1711,1751244754,305831,1751550585,13,0,0,61952,13,1123504637
1712,1751247413,118063,1751365476,33,0,0,1536,33,9304624591
1713,1751275387,19219,1751294606,20,0,1,6144,20,3205454940
1714,1751290020,139984,1751430004,1,0,1,3584,1,7672955862
1715,1751308008,304438,1751612446,31,0,0,16384,31,909709854
1716,1751365166,477223,1751842389,18,0,0,150528,18,1653016823
1717,1751385808,221599,1751607407,27,0,0,512,27,9182771145
1718,1751395809,339462,1751735271,34,0,0,47104,34,5674371875
1719,1751396078,298474,1751694552,23,0,0,12288,23,8337876174
1720,1751431625,30209,1751461834,37,0,1,6656,37,3314653395
1721,1751436862,277311,1751714173,23,0,0,15360,23,10020054903
1722,1751437141,26319,1751463460,16,0,1,2560,16,1464850443
1723,1751445155,23131,1751468286,0,0,1,7680,0,8456036742
1724,1751450625,63920,1751514545,19,0,1,88064,19,1625287790
1725,1751450810,66321,1751517131,37,0,1,4096,37,3263165750
1726,1751473556,44561,1751518117,21,0,1,1536,21,22563681
1727,1751488844,381809,1751870653,17,0,0,67584,17,7761059382
1728,1751492243,29740,1751521983,33,0,1,6144,33,2991800635
1729,1751509930,226010,1751735940,33,0,0,2048,33,2693190702
1730,1751558029,59226,1751617255,33,0,1,5120,33,10724828540
1731,1751574485,43436,1751617921,22,0,1,1024,22,5398050123
1732,1751593189,367916,1751961105,4,0,0,33792,4,7061228809
1733,1751594383,24314,1751618697,30,0,1,11776,30,1349993969
1734,1751597486,24541,1751622027,9,0,1,11264,9,3881582777
1735,1751631392,154335,1751785727,36,0,0,1536,36,8073483015
1736,1751642353,383663,1752026016,28,0,0,30720,28,2502786866
1737,1751645351,440513,1752085864,17,0,0,83456,17,2774083651
1738,1751658373,4420,1751662793,35,0,1,11776,35,5324894949
1739,1751659754,438413,1752098167,39,0,0,11264,39,3201012542
1740,1751660594,7719,1751668313,21,0,1,6656,21,10577165959
1741,1751705471,354950,1752060421,11,0,0,64512,11,1653548061
1742,1751715860,19426,1751735286,0,0,1,13824,0,4514299257
1743,1751719141,16160,1751735301,35,0,1,4608,35,4982290858
1744,1751732849,357756,1752090605,4,0,0,8704,4,267436406
1745,1751733015,457186,1752190201,1,0,0,75264,1,8411806221
1746,1751747729,4850,1751752579,16,0,1,5120,16,8252256886
1747,1751752334,3422,1751755756,1,0,1,3584,1,5228743405
1748,1751761226,3128,1751764354,38,0,1,9216,38,5110662136
1749,1751769158,192118,1751961276,33,0,0,512,33,10467631158
1750,1751780777,319557,1752100334,33,0,0,512,33,4849459095
1751,1751795593,111331,1751906924,20,0,0,5632,20,4377133069
1752,1751809923,34118,1751844041,33,0,1,1536,33,4484968065
1753,1751810691,37150,1751847841,20,0,1,5120,20,6775310396
1754,1751819107,51561,1751870668,14,0,1,4608,14,2444971505
1755,1751824919,45764,1751870683,20,0,1,1024,20,4801452536
1756,1751830318,40380,1751870698,26,0,1,2048,26,9108331488
1757,1751835204,35509,1751870713,34,0,1,3072,34,4096721737
1758,1751840736,420056,1752260792,31,0,0,42496,31,3813839632
1759,1751844367,26361,1751870728,27,0,1,12800,27,1574635929
1760,1751867878,4360,1751872238,17,0,1,1536,17,5014243978
1761,1751896350,235982,1752132332,23,0,0,3584,23,685875607
1762,1751897015,309501,1752206516,33,0,0,512,33,9024934497
1763,1751900807,3422,1751904229,33,0,1,3584,33,806702025
1764,1751904738,186046,1752090784,27,0,0,512,27,10199837815
1765,1751905496,7222,1751912718,14,0,1,6144,14,5079375448
1766,1751910089,282779,1752192868,31,0,0,8704,31,1661735785
1767,1751934971,566,1751935537,4,0,1,512,4,5830197179
1768,1751945708,15583,1751961291,5,0,1,16384,5,8766152679
1769,1751957338,6415,1751963753,1,0,1,2560,1,466755137
1770,1751965503,191225,1752156728,6,0,0,35328,6,2355829926
1771,1751978571,109359,1752087930,21,0,0,6656,21,5074706381
1772,1751994811,4374,1751999185,37,0,1,4608,37,9962834023
1773,1752002239,33075,1752035314,31,0,1,54272,31,5599666001
1774,1752019122,21581,1752040703,14,0,1,17408,14,7577603325
1775,1752029261,56618,1752085879,17,0,1,3584,17,1591271749
1776,1752045430,52752,1752098182,18,0,1,11264,18,479909213
1777,1752054216,261267,1752315483,17,0,0,52736,17,8166220722
1778,1752085487,12710,1752098197,18,0,1,2560,18,9694166708
1779,1752109902,4420,1752114322,12,0,1,11776,12,9930743164
1780,1752123948,150312,1752274260,36,0,0,512,36,4057506671
1781,1752131464,224960,1752356424,35,0,0,28160,35,2146655796
1782,1752190284,3618,1752193902,16,0,1,1024,16,8715678702
1783,1752227763,33044,1752260807,38,0,1,53248,38,5012554723
1784,1752228161,110956,1752339117,29,0,0,1536,29,9599631628
1785,1752238915,37704,1752276619,38,0,1,53248,38,8923719385
1786,1752265121,11754,1752276875,21,0,1,9216,21,8873885031
1787,1752278813,166098,1752444911,9,0,0,11776,9,9355041957
1788,1752286291,77588,1752363879,36,0,0,1024,36,6400285972
1789,1752306827,12310,1752319137,33,0,1,10240,33,3483678774
1790,1752307064,150842,1752457906,20,0,0,19968,20,1218469099
1791,1752316735,6776,1752323511,20,0,1,5120,20,10624903089
1792,1752320592,3073,1752323665,36,0,1,8704,36,1522353960
1793,1752330872,4850,1752335722,25,0,1,5120,25,1134539864
1794,1752339121,237285,1752576406,0,0,0,2048,0,5093960770
1795,1752350465,209333,1752559798,26,0,0,49664,26,5755852218
1796,1752357639,211690,1752569329,3,0,0,31232,3,9406703133
1797,1752362229,3904,1752366133,2,0,1,10752,2,10692963357
1798,1752376261,240481,1752616742,25,0,0,39424,25,7891450087
1799,1752381956,566,1752382522,34,0,1,512,34,7279359940
1800,1752388763,129931,1752518694,28,0,0,14848,28,10603219645
1801,1752399354,131904,1752531258,13,0,0,1536,13,2939493642
1802,1752403087,167201,1752570288,9,0,0,3072,9,10642606734
1803,1752452179,140523,1752592702,37,0,0,5120,37,2803158344
1804,1752455180,5213,1752460393,24,0,1,2560,24,2424530546
1805,1752462441,1518,1752463959,30,0,1,1536,30,461239990
1806,1752477014,3387,1752480401,36,0,1,9728,36,3751798968
1807,1752484139,87256,1752571395,31,0,0,3584,31,8717175211
1808,1752503587,1994,1752505581,12,0,1,2048,12,9419185755
1809,1752504484,372468,1752876952,6,0,0,120320,6,8812366494
1810,1752554760,136841,1752691601,26,0,0,10752,26,4278879776
1811,1752611009,101027,1752712036,4,0,0,14848,4,6787269350
1812,1752648471,1994,1752650465,9,0,1,2048,9,9273434538
1813,1752653159,144394,1752797553,26,0,0,14848,26,10571530105
1814,1752661155,1518,1752662673,15,0,1,1536,15,2937538200
1815,1752669174,169187,1752838361,4,0,0,11264,4,6973835947
1816,1752673101,1042,1752674143,33,0,1,1024,33,7385823541
1817,1752675675,222679,1752898354,9,0,0,34304,9,6785766475
1818,1752679358,106887,1752786245,38,0,0,1536,38,958062624
1819,1752683233,71756,1752754989,9,0,0,11264,9,7938177656
1820,1752692605,218554,1752911159,33,0,0,2048,33,10375962827
1821,1752695886,3387,1752699273,29,0,1,9728,29,7258823139
1822,1752696999,190888,1752887887,18,0,0,35840,18,1812900276
1823,1752701449,279728,1752981177,30,0,0,28672,30,8842391499
1824,1752701545,1518,1752703063,28,0,1,1536,28,325073599
1825,1752704649,108389,1752813038,36,0,0,512,36,7068353315
1826,1752710481,261937,1752972418,39,0,0,64512,39,1098847612
1827,1752718691,5802,1752724493,20,0,1,6144,20,4774049081
1828,1752736454,165503,1752901957,1,0,0,11776,1,2750674946
1829,1752745812,195185,1752940997,30,0,0,3072,30,6622456787
1830,1752779526,123078,1752902604,27,0,0,2048,27,3350141079
1831,1752813612,230632,1753044244,9,0,0,77312,9,8903210719
1832,1752827032,169358,1752996390,4,0,0,1536,4,8604660833
1833,1752828261,115020,1752943281,38,0,1,190464,38,8878319198
1834,1752877082,67825,1752944907,33,0,1,2560,33,243909406
1835,1752905100,256297,1753161397,4,0,0,19968,4,10690993381
1836,1752917203,193695,1753110898,34,0,0,68096,34,8356664264
1837,1752929148,17039,1752946187,7,0,1,14336,7,1867872678
1838,1752935564,12249,1752947813,5,0,1,2560,5,7135097018
1839,1752938171,13188,1752951359,0,0,1,5632,0,4357644785
1840,1752962179,157626,1753119805,0,0,0,4096,0,5371213616
1841,1752969890,16171,1752986061,28,0,1,5120,28,8023324989
1842,1752972695,16272,1752988967,37,0,1,4608,37,6248301008
1843,1752974996,142955,1753117951,29,0,0,512,29,6045466044
1844,1752987825,1808,1752989633,37,0,1,1024,37,548211998
1845,1752998675,288008,1753286683,17,0,0,8704,17,106114906
1846,1753002084,189208,1753191292,39,0,0,7168,39,1658327679
1847,1753039465,154426,1753193891,5,0,0,512,5,6237303836
1848,1753057993,190704,1753248697,18,0,0,6144,18,7252585063
1849,1753069902,566,1753070468,1,0,1,512,1,719608436
1850,1753070471,112040,1753182511,35,0,0,37376,35,2710201131
1851,1753085200,3898,1753089098,0,0,1,4096,0,4891614203
1852,1753093216,138453,1753231669,25,0,0,10752,25,3248802137
1853,1753154884,44277,1753199161,27,0,0,512,27,10042374917
1854,1753156466,6917,1753163383,1,0,1,2048,1,6275791079
1855,1753166211,159323,1753325534,35,0,0,45056,35,9518313708
1856,1753174339,63168,1753237507,20,0,0,3584,20,4214812848
1857,1753181087,2483,1753183570,11,0,1,1024,11,10554987340
1858,1753223689,4374,1753228063,2,0,1,4608,2,6509219781
1859,1753285692,4405,1753290097,24,0,1,3584,24,9936459863
1860,1753291774,49414,1753341188,36,0,0,2048,36,155569397
1861,1753313026,76637,1753389663,31,0,1,108032,31,629372656
1862,1753327613,199080,1753526693,10,0,0,63488,10,7470433231
1863,1753345986,44023,1753390009,26,0,1,512,26,2935495360
1864,1753373426,16929,1753390355,2,0,1,512,2,4615117872
1865,1753383797,6712,1753390509,12,0,1,8704,12,2457372547
1866,1753390318,161549,1753551867,5,0,0,512,5,7045349990
1867,1753400793,5196,1753405989,27,0,1,13312,27,8437040391
1868,1753416321,149320,1753565641,31,0,0,4608,31,9110635432
1869,1753426717,106075,1753532792,9,0,0,19968,9,971668514
1870,1753434669,2946,1753437615,12,0,1,3072,12,8377405876
1871,1753438901,2870,1753441771,22,0,1,8704,22,634713311
1872,1753446122,4374,1753450496,25,0,1,4608,25,4120565693
1873,1753485903,2946,1753488849,16,0,1,3072,16,3775506961
1874,1753501916,180789,1753682705,6,0,0,31744,6,7192710474
1875,1753506527,196950,1753703477,35,0,0,39424,35,7459810481
1876,1753521479,116321,1753637800,5,0,0,1024,5,615092470
1877,1753558968,197519,1753756487,10,0,0,35840,10,1109666428
1878,1753570400,60664,1753631064,0,0,0,1024,0,10699206943
1879,1753590149,6278,1753596427,32,0,1,6656,32,7165649379
1880,1753593213,63191,1753656404,8,0,1,102912,8,6490718849
1881,1753616974,236857,1753853831,14,0,0,67584,14,10533636527
1882,1753619039,63993,1753683032,27,0,0,1024,27,5234506379
1883,1753649707,7363,1753657070,4,0,1,1024,4,7083901880
1884,1753685661,4420,1753690081,38,0,1,11776,38,7887770180
1885,1753692064,14827,1753706891,0,0,1,3584,0,5535454894
1886,1753708792,50672,1753759464,29,0,0,2560,29,1469286758
1887,1753737109,210428,1753947537,26,0,0,8192,26,2934565152
1888,1753740201,16309,1753756510,37,0,1,18432,37,10143507021
1889,1753749406,258956,1754008362,6,0,0,19456,6,1052785361
1890,1753776657,127856,1753904513,13,0,0,26112,13,2080130051
1891,1753814417,6278,1753820695,4,0,1,6656,4,906981486
1892,1753818508,7706,1753826214,27,0,1,8192,27,1507515669
1893,1753841729,100362,1753942091,22,0,0,7168,22,3841042177
1894,1753855329,566,1753855895,2,0,1,512,2,2150267385
1895,1753878613,15321,1753893934,19,0,1,29696,19,5061155245
1896,1753890113,14415,1753904528,8,0,1,17408,8,5447182312
1897,1753903636,5734,1753909370,37,0,1,5120,37,742380450
1898,1753905150,279236,1754184386,34,0,0,5120,34,4339347440
1899,1753908756,251011,1754159767,35,0,0,49152,35,1981600717
1900,1753938006,13600,1753951606,8,0,1,23040,8,1315717842
1901,1753942254,10658,1753952912,2,0,1,2048,2,10000005503
1902,1753962781,6754,1753969535,27,0,1,7168,27,7599613517
1903,1753968445,207405,1754175850,28,0,0,52736,28,3387223441
1904,1753994319,134211,1754128530,20,0,0,6656,20,5608116349
1905,1754000882,95698,1754096580,15,0,0,13824,15,6738759011
1906,1754021532,190372,1754211904,15,0,0,38912,15,4862934298
1907,1754033305,64481,1754097786,2,0,0,1536,2,6256857218
1908,1754121489,54696,1754176185,35,0,0,1024,35,2910189922
1909,1754127915,48597,1754176512,33,0,0,1024,33,7793300928
1910,1754164023,17644,1754181667,4,0,1,13312,4,9906683813
1911,1754200710,156399,1754357109,30,0,0,55808,30,2082122228
1912,1754205370,54758,1754260128,29,0,0,512,29,4750428347
1913,1754206588,30287,1754236875,38,0,1,45056,38,6416140993
1914,1754242384,190008,1754432392,17,0,0,81408,17,10706439259
1915,1754269487,2946,1754272433,20,0,1,3072,20,7973483641
1916,1754293455,6278,1754299733,15,0,1,6656,15,3081879407
1917,1754294404,234706,1754529110,17,0,0,25088,17,2658322067
1918,1754294710,5279,1754299989,27,0,1,9216,27,7514585791
1919,1754295073,6862,1754301935,14,0,1,3072,14,5228924868
1920,1754317192,115527,1754432719,36,0,0,1024,36,47240475
1921,1754328660,5454,1754334114,27,0,1,13824,27,6897887922
1922,1754339725,17399,1754357124,10,0,1,2048,10,8943061657
1923,1754342806,178645,1754521451,23,0,0,23552,23,8394717864
1924,1754348657,360656,1754709313,9,0,0,47616,9,8128027147
1925,1754366430,1994,1754368424,14,0,1,2048,14,1070903481
1926,1754394470,114474,1754508944,5,0,0,512,5,2712373721
1927,1754394573,3422,1754397995,1,0,1,3584,1,4253924054
1928,1754415407,19298,1754434705,7,0,1,2048,7,2075102032
1929,1754436826,145629,1754582455,8,0,0,512,8,6116113528
1930,1754449523,84900,1754534423,6,0,0,7680,6,3465785569
1931,1754456005,3645,1754459650,10,0,1,10240,10,8446814799
1932,1754521994,209681,1754731675,5,0,0,1024,5,7404104680
1933,1754526957,7489,1754534446,2,0,1,4608,2,4347161060
1934,1754532251,3206,1754535457,22,0,1,1024,22,8703614612
1935,1754558213,45596,1754603809,0,0,0,1024,0,5697743436
1936,1754583088,4374,1754587462,15,0,1,4608,15,133964270
1937,1754586464,144860,1754731324,9,0,0,72192,9,7367467907
1938,1754589208,182401,1754771609,1,0,0,4096,1,7610576826
1939,1754591412,210647,1754802059,24,0,0,3072,24,3798469951
1940,1754605697,11274,1754616971,20,0,1,18432,20,1641957411
1941,1754608449,11428,1754619877,26,0,1,4608,26,5569359475
1942,1754621578,132287,1754753865,38,0,0,512,38,4776522231
1943,1754624016,4162,1754628178,21,0,1,11264,21,10463205149
1944,1754645886,85937,1754731823,8,0,1,143872,8,4529370129
1945,1754667612,133496,1754801108,1,0,0,18944,1,5012002036
1946,1754677462,411227,1755088689,9,0,0,129536,9,1458514368
1947,1754679270,58659,1754737929,10,0,1,29184,10,5582869741
1948,1754680046,256801,1754936847,39,0,0,20480,39,4141183064
1949,1754699578,44252,1754743830,38,0,1,19968,38,8157862927
1950,1754711861,381279,1755093140,0,0,0,512,0,2839620844
1951,1754712024,377030,1755089054,33,0,0,512,33,464956745
1952,1754720291,27405,1754747696,4,0,1,6144,4,8097792997
1953,1754736304,247250,1754983554,34,0,0,21504,34,1518406079
1954,1754745780,5142,1754750922,20,0,1,5120,20,10143261545
1955,1754749257,284698,1755033955,30,0,0,14336,30,3322601264
1956,1754757687,3422,1754761109,26,0,1,3584,26,4802825010
1957,1754760878,4162,1754765040,25,0,1,11264,25,7434187374
1958,1754808361,2946,1754811307,32,0,1,3072,32,6954671632
1959,1754842163,256140,1755098303,23,0,0,16896,23,5595576864
1960,1754844313,499420,1755343733,35,0,0,120832,35,10694905409
1961,1754853498,4374,1754857872,7,0,1,4608,7,6981325526
1962,1754861251,299935,1755161186,29,0,0,512,29,633293391
1963,1754894404,241137,1755135541,22,0,0,18944,22,7232477206
1964,1754909309,11791,1754921100,31,0,1,19456,31,3481997760
1965,1754910849,463767,1755374616,20,0,0,74752,20,3416928168
1966,1754913895,8793,1754922688,18,0,1,15872,18,453464027
1967,1754940337,152632,1755092969,18,0,0,12800,18,10725985559
1968,1754949992,15579,1754965571,36,0,1,30208,36,1399353081
1969,1754976992,111891,1755088883,29,0,0,512,29,6509663127
1970,1754984159,157979,1755142138,0,0,0,1536,0,280947082
1971,1754987030,532553,1755519583,20,0,0,142848,20,2373217055
1972,1755003833,392893,1755396726,22,0,0,65536,22,1823586946
1973,1755034413,12825,1755047238,30,0,1,21504,30,7535141159
1974,1755047228,41476,1755088704,21,0,1,5632,21,2220966449
1975,1755054936,251934,1755306870,14,0,0,80384,14,3851294156
1976,1755092739,282219,1755374958,38,0,0,1024,38,7089325815
1977,1755098279,183057,1755281336,5,0,0,512,5,4574592339
1978,1755107653,3645,1755111298,4,0,1,10240,4,5089214474
1979,1755109100,4592,1755113692,16,0,1,8704,16,10506272082
1980,1755134303,4652,1755138955,28,0,1,3584,28,2884088097
1981,1755153286,257419,1755410705,36,0,0,1536,36,2718548151
1982,1755154184,388129,1755542313,39,0,0,66048,39,7577404204
1983,1755184138,335974,1755520112,29,0,0,1024,29,1979731437
1984,1755208691,191464,1755400155,15,0,0,2560,15,2052635616
1985,1755210319,265664,1755475983,22,0,0,90112,22,5017201064
1986,1755223502,11533,1755235035,34,0,1,18944,34,7181461909
1987,1755229508,188611,1755418119,29,0,0,1024,29,489235081
1988,1755260975,82797,1755343772,36,0,1,102912,36,8333773445
1989,1755264314,110317,1755374631,31,0,1,18432,31,1567216355
1990,1755273377,476387,1755749764,39,0,0,117760,39,6579723148
1991,1755277913,241872,1755519785,27,0,0,512,27,9871551399
1992,1755282055,511261,1755793316,31,0,0,20992,31,2114348326
1993,1755312313,163701,1755476014,8,0,1,183296,8,1712113635
1994,1755320829,155200,1755476029,18,0,1,7168,18,5183669260
1995,1755332868,317812,1755650680,4,0,0,17408,4,1303486705
1996,1755396099,454278,1755850377,22,0,0,138752,22,7719829820
1997,1755413333,62711,1755476044,9,0,1,5632,9,9085805936
1998,1755416465,218292,1755634757,0,0,0,512,0,130159014
1999,1755426687,454718,1755881405,17,0,0,75776,17,6769686844
2000,1755430142,240034,1755670176,15,0,0,18432,15,4138317774
2001,1755447708,71890,1755519598,36,0,1,25088,36,6418121957
2002,1755447845,94483,1755542328,7,0,1,11264,7,2439579506
2003,1755451039,306149,1755757188,5,0,0,512,5,2660962311
2004,1755482561,464690,1755947251,29,0,0,512,29,2343121723
2005,1755513961,141355,1755655316,37,0,0,14336,37,7267892067
2006,1755531416,16723,1755548139,32,0,1,6144,32,833685274
2007,1755534810,496983,1756031793,39,0,0,31744,39,9559566629
2008,1755546982,1503,1755548485,7,0,1,512,7,8949849970
2009,1755626720,223828,1755850548,36,0,0,512,36,2409650586
2010,1755635310,121037,1755756347,25,0,0,21504,25,7168309590
2011,1755648440,271335,1755919775,30,0,0,29184,30,2366582570
2012,1755648697,298383,1755947080,3,0,0,48128,3,10587332821
2013,1755664247,5944,1755670191,4,0,1,3584,4,10361021925
2014,1755677889,315871,1755993760,22,0,0,45056,22,6729641892
2015,1755685316,166823,1755852139,26,0,0,5120,26,132819312
2016,1755688513,119090,1755807603,0,0,0,1536,0,9750485420
2017,1755704868,176880,1755881748,33,0,0,1024,33,10508651126
2018,1755714766,43058,1755757824,20,0,1,1536,20,6463843578
2019,1755726795,40736,1755767531,38,0,1,17408,38,3813110693
2020,1755754546,14470,1755769016,21,0,1,15360,21,5068248460
2021,1755768876,1518,1755770394,18,0,1,1536,18,86688661
2022,1755783094,10499,1755793593,25,0,1,16896,25,10519457394
2023,1755790910,220617,1756011527,2,0,0,15360,2,5122499777
2024,1755828018,25598,1755853616,22,0,1,1536,22,2244927318
2025,1755837000,323859,1756160859,25,0,0,66048,25,4336064054
2026,1755858965,349046,1756208011,17,0,0,67072,17,7105746189
2027,1755870337,14498,1755884835,31,0,1,9216,31,3944151401
2028,1755883340,45111,1755928451,31,0,1,75264,31,5519590424
2029,1755893851,53423,1755947274,19,0,1,47104,19,8439870904
2030,1755896564,323786,1756220350,3,0,0,40448,3,2954793378
2031,1755896773,190757,1756087530,0,0,0,512,0,10263420192
2032,1755905646,410202,1756315848,4,0,0,71168,4,6507420381
2033,1755912257,381377,1756293634,4,0,0,73728,4,1362855106
2034,1755934849,15816,1755950665,25,0,1,3584,25,1446528987
2035,1755951849,225632,1756177481,38,0,0,512,38,1627096852
2036,1755955707,7230,1755962937,21,0,1,7680,21,3160416257
2037,1755997626,253323,1756250949,10,0,0,43008,10,10226464840
2038,1756001588,9954,1756011542,4,0,1,5632,4,8444968691
2039,1756014924,16916,1756031840,31,0,1,25600,31,1225294925
2040,1756016392,346236,1756362628,28,0,0,6656,28,779321647
2041,1756017149,26760,1756043909,36,0,1,19968,36,7728571762
2042,1756017571,205914,1756223485,37,0,0,10240,37,5651891281
2043,1756025431,294200,1756319631,30,0,0,12288,30,8136274582
2044,1756061072,392744,1756453816,20,0,0,146944,20,6324350685
2045,1756064017,230108,1756294125,27,0,0,1536,27,7763477775
2046,1756113163,157318,1756270481,29,0,0,1024,29,6552954883
2047,1756132270,321717,1756453987,33,0,0,512,33,7802835686
2048,1756149412,25726,1756175138,19,0,1,27648,19,9483081215
2049,1756234511,242806,1756477317,27,0,0,1024,27,4362601841
2050,1756243980,12763,1756256743,29,0,1,6144,29,9688262145
2051,1756255612,286534,1756542146,6,0,0,36864,6,8143653642
2052,1756266673,1518,1756268191,7,0,1,1536,7,1365116623
2053,1756271955,77872,1756349827,31,0,1,59392,31,4469234540
2054,1756274823,283925,1756558748,19,0,0,7168,19,1814593238
2055,1756275592,405597,1756681189,22,0,0,10752,22,9446819288
2056,1756278745,73348,1756352093,37,0,1,3584,37,806313553
2057,1756297095,294033,1756591128,37,0,0,31744,37,632983994
2058,1756326699,128239,1756454938,17,0,0,3072,17,846571888
2059,1756346022,289059,1756635081,38,0,0,512,38,5911783648
2060,1756361687,414040,1756775727,21,0,0,10752,21,6362131655
2061,1756365663,269231,1756634894,20,0,0,89600,20,9262342721
2062,1756369063,323849,1756692912,34,0,0,38400,34,4922426218
2063,1756390377,287521,1756677898,35,0,0,67072,35,3672367458
2064,1756402934,325940,1756728874,8,0,0,2048,8,5201980459
2065,1756463032,7230,1756470262,7,0,1,7680,7,2243225358
2066,1756481869,11274,1756493143,10,0,1,18432,10,6733819985
2067,1756494210,286000,1756780210,33,0,0,1024,33,584843644
2068,1756500730,215058,1756715788,17,0,0,27648,17,8070007097
2069,1756502888,269540,1756772428,6,0,0,52224,6,216415070
2070,1756520497,306288,1756826785,27,0,0,512,27,4182841185
2071,1756544427,113020,1756657447,38,0,0,2048,38,7069644363
2072,1756564052,3645,1756567697,1,0,1,10240,1,7010420323
2073,1756569613,223215,1756792828,28,0,0,39424,28,2149980570
2074,1756593767,208535,1756802302,25,0,0,28160,25,4923651376
2075,1756608233,27849,1756636082,21,0,1,1024,21,5124976569
2076,1756619001,21677,1756640678,17,0,1,5632,17,2788262211
2077,1756639549,62403,1756701952,30,0,0,512,30,896531744
2078,1756676607,30122,1756706729,5,0,1,23552,5,7250129755
2079,1756693046,85988,1756779034,13,0,0,10752,13,2200676601
2080,1756696253,172682,1756868935,30,0,0,6656,30,10671841888
2081,1756702235,358085,1757060320,34,0,0,44544,34,9539885081
2082,1756724552,120468,1756845020,31,0,0,24064,31,9432198302
2083,1756737155,11533,1756748688,29,0,1,18944,29,1582262336
2084,1756749609,2946,1756752555,15,0,1,3072,15,9696391918
2085,1756760285,18772,1756779057,21,0,1,1024,21,4194442638
2086,1756765211,46081,1756811292,36,0,1,52736,36,3745301708
2087,1756778793,32858,1756811651,32,0,1,9728,32,10509702164
2088,1756779372,33585,1756812957,10,0,1,2048,10,5103955489
2089,1756780712,33013,1756813725,29,0,1,11776,29,5927261192
2090,1756848327,1994,1756850321,7,0,1,2048,7,9572708685
2091,1756871828,4850,1756876678,29,0,1,5120,29,2898277979
2092,1756881059,46988,1756928047,19,0,1,81408,19,1649577717
2093,1756901650,235878,1757137528,13,0,0,131584,13,462827647
2094,1756920183,384346,1757304529,11,0,0,82944,11,561094271
2095,1756936985,7230,1756944215,17,0,1,7680,17,8956620001
2096,1756939808,31783,1756971591,19,0,1,51712,19,8677387951
2097,1756951190,247877,1757199067,34,0,0,5120,34,7862091888
2098,1756974091,188058,1757162149,26,0,0,1024,26,9901570679
2099,1756976014,1042,1756977056,30,0,1,1024,30,5675794155
2100,1756978650,164041,1757142691,10,0,0,16896,10,629956071
2101,1756988401,3387,1756991788,33,0,1,9728,33,7337667634
2102,1757024659,5326,1757029985,4,0,1,5632,4,7178003857
2103,1757026074,151506,1757177580,1,0,0,27648,1,6309707041
2104,1757082328,194469,1757276797,13,0,0,32256,13,7751391325
2105,1757082381,6754,1757089135,28,0,1,7168,28,7359485190
2106,1757083855,6560,1757090415,2,0,1,14336,2,7766476887
2107,1757086802,163029,1757249831,0,0,0,1024,0,6011104490
2108,1757096377,51257,1757147634,36,0,1,82944,36,6497473142
2109,1757102591,54963,1757157554,5,0,1,28672,5,9676733774
2110,1757109212,399420,1757508632,6,0,0,11264,6,1588601006
2111,1757113044,49120,1757162164,27,0,1,7168,27,8324043659
2112,1757135097,239268,1757374365,3,0,0,19456,3,8603321922
2113,1757173095,9327,1757182422,34,0,1,5120,34,5647743836
2114,1757193476,5606,1757199082,37,0,1,5120,37,10023117779
2115,1757196160,4432,1757200592,5,0,1,3584,5,7132625845
2116,1757200336,1518,1757201854,1,0,1,1536,1,5301761917
2117,1757216972,3898,1757220870,12,0,1,4096,12,6224080340
2118,1757237725,267273,1757504998,14,0,0,119808,14,4610288998
2119,1757253402,1042,1757254444,28,0,1,1024,28,9334696557
2120,1757254931,4850,1757259781,10,0,1,5120,10,10685938140
2121,1757267064,11260,1757278324,9,0,1,1536,9,3675364903
2122,1757276262,228923,1757505185,5,0,0,512,5,1908249197
2123,1757283084,25828,1757308912,12,0,1,4608,12,304357090
2124,1757284179,25079,1757309258,9,0,1,512,9,3868523090
2125,1757313671,3422,1757317093,22,0,1,3584,22,1886928176
2126,1757322807,4850,1757327657,7,0,1,5120,7,10367820062
2127,1757328935,1042,1757329977,2,0,1,1024,2,2949513014
2128,1757347896,337475,1757685371,11,0,0,22016,11,4943774821
2129,1757350787,3898,1757354685,29,0,1,4096,29,8803255454
2130,1757351937,3094,1757355031,18,0,1,512,18,3906476116
2131,1757371536,10068,1757381604,9,0,1,7680,9,10335367444
2132,1757373813,192853,1757566666,25,0,0,41472,25,10602066094
2133,1757394459,14117,1757408576,38,0,1,24064,38,4991885450
2134,1757396577,13945,1757410522,31,0,1,3072,31,5338051472
2135,1757397610,13898,1757411508,29,0,1,1536,29,4213703036
2136,1757421436,34367,1757455803,38,0,1,56832,38,3010462764
2137,1757444126,222643,1757666769,11,0,0,43520,11,1600395546
2138,1757455863,414139,1757870002,35,0,0,21504,35,6704804886
2139,1757471172,40906,1757512078,7,0,1,9728,7,1024576534
2140,1757479960,125177,1757605137,24,0,0,2560,24,9932848161
2141,1757486783,28294,1757515077,10,0,1,3584,10,3220376248
2142,1757497438,455027,1757952465,33,0,0,512,33,5684317656
2143,1757499928,16135,1757516063,2,0,1,1536,2,6293359946
2144,1757502825,138511,1757641336,13,0,0,84992,13,3710126433
2145,1757509377,690618,1758199995,28,0,0,353792,28,8605337931
2146,1757509669,335992,1757845661,4,0,0,98304,4,832521857
2147,1757528163,1042,1757529205,29,0,1,1024,29,4950695670
2148,1757528328,3066,1757531394,33,0,1,8704,33,3537436872
2149,1757530040,483938,1758013978,1,0,0,83456,1,4361515665
2150,1757562531,8025,1757570556,1,0,1,4096,1,2530039220
2151,1757582026,5326,1757587352,1,0,1,5632,1,2715024062
2152,1757600285,6754,1757607039,8,0,1,7168,8,5800235036
2153,1757603857,488319,1758092176,26,0,0,112128,26,1105912495
2154,1757615375,25976,1757641351,9,0,1,512,9,2809439161
2155,1757619423,226425,1757845848,33,0,0,512,33,6564874248
2156,1757620310,268089,1757888399,0,0,0,512,0,1909808514
2157,1757631218,12169,1757643387,32,0,1,2048,32,2878036257
2158,1757643488,4850,1757648338,24,0,1,5120,24,186525777
2159,1757644407,4917,1757649324,20,0,1,1536,20,223370221
2160,1757695065,5802,1757700867,7,0,1,6144,7,5783457235
2161,1757743873,487712,1758231585,18,0,0,29184,18,6494252886
2162,1757744888,535002,1758279890,30,0,0,95232,30,7365980549
2163,1757753945,1518,1757755463,10,0,1,1536,10,8766207328
2164,1757762404,6754,1757769158,25,0,1,7168,25,9061373298
2165,1757802095,212366,1758014461,0,0,0,1536,0,4760415668
2166,1757807425,2946,1757810371,33,0,1,3072,33,7881349255
2167,1757823991,25486,1757849477,38,0,1,10240,38,9232924295
2168,1757827202,423657,1758250859,9,0,0,20992,9,6156879990
2169,1757830083,392555,1758222638,24,0,0,74240,24,2174982413
2170,1757856858,21658,1757878516,19,0,1,35328,19,4336438217
2171,1757863614,380786,1758244400,13,0,0,41984,13,8719030513
2172,1757881344,5454,1757886798,29,0,1,13824,29,358036627
2173,1757915614,5712,1757921326,5,0,1,14336,5,9740371428
2174,1757972107,343873,1758315980,28,0,0,14336,28,7709198889
2175,1757975236,5454,1757980690,27,0,1,13824,27,3303426181
2176,1757996791,20532,1758017323,27,0,1,8704,27,2697450024
2177,1758043702,2946,1758046648,0,0,1,3072,0,8378294935
2178,1758064180,225139,1758289319,34,0,0,30720,34,4989587426
2179,1758075020,204901,1758279921,30,0,1,2048,30,5680526968
2180,1758120557,276578,1758397135,38,0,0,512,38,5347516043
2181,1758132473,147471,1758279944,33,0,1,2048,33,2575083256
2182,1758153187,207276,1758360463,25,0,0,9728,25,4657925620
2183,1758163951,304783,1758468734,31,0,0,121344,31,7195085256
2184,1758178156,111178,1758289334,30,0,1,5120,30,10202135184
2185,1758183716,333954,1758517670,10,0,0,79360,10,6631064926
2186,1758211398,77959,1758289357,25,0,1,3584,25,4226199174
2187,1758213604,274660,1758488264,24,0,0,64000,24,8462976478
2188,1758223555,65825,1758289380,30,0,1,5120,30,6260017664
2189,1758239416,280493,1758519909,26,0,0,7168,26,5975583198
2190,1758276163,129396,1758405559,35,0,0,6144,35,632675670
2191,1758285864,4562,1758290426,15,0,1,1024,15,4909817159
2192,1758286637,108875,1758395512,5,0,0,512,5,6438333030
2193,1758292204,329485,1758621689,21,0,0,23552,21,20053718
2194,1758315686,13111,1758328797,26,0,1,21504,26,2863699995
2195,1758343054,70476,1758413530,27,0,0,512,27,5425520600
2196,1758348333,3898,1758352231,17,0,1,4096,17,667014856
2197,1758353264,140195,1758493459,34,0,0,16896,34,4608763035
2198,1758386284,219624,1758605908,20,0,0,67072,20,9587532000
2199,1758409673,14287,1758423960,29,0,1,27648,29,3986464102
2200,1758430847,37902,1758468749,32,0,1,1536,32,8241602543
2201,1758443742,76182,1758519924,16,0,1,1024,16,10673210208
2202,1758449104,71783,1758520887,22,0,1,3072,22,8414035994
2203,1758456480,235613,1758692093,18,0,0,38400,18,5027353751
2204,1758465117,57716,1758522833,12,0,1,3072,12,3608162242
2205,1758468313,64066,1758532379,31,0,1,20992,31,927834534
2206,1758480201,58871,1758539072,5,0,0,1024,5,6815062014
2207,1758493508,186699,1758680207,17,0,0,10752,17,4221553507
2208,1758519994,142238,1758662232,33,0,0,512,33,7570415324
2209,1758521802,228411,1758750213,6,0,0,12800,6,4493537107
2210,1758527936,125412,1758653348,14,0,0,17920,14,6536102491
2211,1758539333,170930,1758710263,37,0,0,4608,37,5730231762
2212,1758548415,1518,1758549933,18,0,1,1536,18,8841016369
2213,1758572510,261459,1758833969,1,0,0,29696,1,10472742560
2214,1758597132,9827,1758606959,34,0,1,1024,34,10576037144
2215,1758598249,78652,1758676901,31,0,0,8704,31,7359874278
2216,1758659849,65116,1758724965,8,0,0,512,8,4269305209
2217,1758670472,6444,1758676916,27,0,1,5120,27,7730800844
2218,1758680983,193865,1758874848,37,0,0,80896,37,5548827177
2219,1758684397,240989,1758925386,22,0,0,74240,22,9295593511
2220,1758727347,298286,1759025633,18,0,0,41472,18,351726708
2221,1758740681,189298,1758929979,36,0,0,512,36,2717321523
2222,1758741328,367954,1759109282,38,0,0,512,38,4446640258
2223,1758749904,317819,1759067723,2,0,0,67584,2,4042393984
2224,1758766571,11791,1758778362,19,0,1,19456,19,4161177344
2225,1758770832,8401,1758779233,11,0,1,12288,11,10067455604
2226,1758785512,261295,1759046807,28,0,0,29184,28,10531204046
2227,1758787061,322050,1759109111,35,0,0,82432,35,7259355045
2228,1758791847,142991,1758934838,35,0,0,15872,35,649019062
2229,1758793314,136486,1758929800,3,0,0,14336,3,1145623172
2230,1758855339,440307,1759295646,6,0,0,142848,6,9193169929
2231,1758888072,7230,1758895302,14,0,1,7680,14,4246186837
2232,1758891776,33625,1758925401,8,0,1,18432,8,2264591683
2233,1758905636,517538,1759423174,4,0,0,95232,4,7319034720
2234,1758908108,26745,1758934853,7,0,1,1536,7,1885077532
2235,1758918043,403769,1759321812,1,0,0,15872,1,5299744400
2236,1758949412,160509,1759109921,29,0,0,2048,29,6116526797
2237,1758951670,196052,1759147722,11,0,0,10240,11,10708681445
2238,1758959885,65763,1759025648,5,0,1,109056,5,1804099080
2239,1758975718,265235,1759240953,38,0,0,1536,38,534176130
2240,1758979238,253448,1759232686,23,0,0,74752,23,5988994375
2241,1759009683,16162,1759025845,2,0,1,2048,2,4685122795
2242,1759075594,226487,1759302081,35,0,0,20992,35,7481126321
2243,1759114411,191289,1759305700,4,0,0,11776,4,3123893224
2244,1759121091,273052,1759394143,15,0,0,29696,15,84318798
2245,1759127456,379552,1759507008,10,0,0,132096,10,3669282052
2246,1759132487,31007,1759163494,5,0,1,50176,5,304301000
2247,1759165206,1994,1759167200,32,0,1,2048,32,5634989938
2248,1759190120,566,1759190686,7,0,1,512,7,6296834990
2249,1759204366,315532,1759519898,2,0,0,1536,2,2858577157
2250,1759230876,339546,1759570422,23,0,0,77312,23,6749678513
2251,1759238461,185064,1759423525,28,0,0,1024,28,4557367566
2252,1759252527,418642,1759671169,28,0,0,97792,28,10560295106
2253,1759267588,38127,1759305715,30,0,1,512,30,8480483822
2254,1759288134,18436,1759306570,2,0,1,4608,2,8990955591
2255,1759305370,7091,1759312461,25,0,1,7168,25,1107404053
2256,1759306952,6815,1759313767,10,0,1,2048,10,9962671673
2257,1759307906,31949,1759339855,5,0,1,50688,5,3765766105
2258,1759313827,31174,1759345001,37,0,1,8192,37,5648100169
2259,1759327990,17997,1759345987,34,0,1,1536,34,920318431
2260,1759328746,364953,1759693699,25,0,0,14336,25,7255381779
2261,1759332083,20113,1759352196,7,0,1,21504,7,3702676513
2262,1759346542,224059,1759570601,33,0,0,512,33,7420687025
2263,1759362495,247849,1759610344,10,0,0,85504,10,9942931748
2264,1759363945,266135,1759630080,14,0,0,50176,14,7788091225
2265,1759368936,2946,1759371882,14,0,1,3072,14,3007928463
2266,1759375588,566,1759376154,22,0,1,512,22,3501900193
2267,1759391154,219673,1759610827,36,0,0,1536,36,6869329780
2268,1759398210,30650,1759428860,1,0,1,5632,1,8839936061
2269,1759398782,33944,1759432726,30,0,1,6144,30,5013619597
2270,1759415001,21271,1759436272,24,0,1,5632,24,7718156825
2271,1759417983,21195,1759439178,16,0,1,4608,16,5028909683
2272,1759432576,261450,1759694026,19,0,0,1024,19,9357003575
2273,1759432834,11490,1759444324,28,0,1,8192,28,2871474575
2274,1759437842,10988,1759448830,10,0,1,7168,10,9104050703
2275,1759439037,192009,1759631046,31,0,0,3072,31,9936567228
2276,1759459664,47359,1759507023,36,0,1,54784,36,1018856183
2277,1759496516,189109,1759685625,3,0,0,22528,3,8117369981
2278,1759505771,1835,1759507606,0,0,1,512,0,3579917421
2279,1759537714,6754,1759544468,21,0,1,7168,21,1697749935
2280,1759560451,17339,1759577790,7,0,1,7680,7,7850982875
2281,1759606409,23686,1759630095,21,0,1,13312,21,4431534989
2282,1759660533,12622,1759673155,12,0,1,2048,12,7762975802
2283,1759672437,1704,1759674141,1,0,1,1536,1,5405820995
2284,1759675789,9851,1759685640,26,0,1,5120,26,10480964961
2285,1759684015,132769,1759816784,11,0,0,23040,11,5436414538
2286,1759687352,216182,1759903534,2,0,0,57344,2,4222885198
2287,1759696458,3898,1759700356,18,0,1,4096,18,5972682055
2288,1759736436,167745,1759904181,36,0,0,2048,36,8832590604
2289,1759750154,251335,1760001489,25,0,0,10240,25,7699697238
2290,1759754539,1994,1759756533,28,0,1,2048,28,6746786879
2291,1759777823,4850,1759782673,12,0,1,5120,12,7424022127
2292,1759791956,246041,1760037997,20,0,0,33280,20,6910676026
2293,1759792939,287498,1760080437,23,0,0,108032,23,3331594418
2294,1759810047,7788,1759817835,9,0,1,1024,9,3926127589
2295,1759814609,4532,1759819141,24,0,1,2048,24,1551583908
2296,1759837614,4374,1759841988,10,0,1,4608,10,10624940993
2297,1759859285,302302,1760161587,31,0,0,111104,31,1905452687
2298,1759866397,1518,1759867915,21,0,1,1536,21,2202262647
2299,1759897565,9997,1759907562,20,0,1,3584,20,1423981918
2300,1759911088,10757,1759921845,14,0,1,17408,14,10113869114
2301,1759913214,208785,1760121999,25,0,0,21504,25,4628660319
2302,1759991480,10024,1760001504,20,0,1,8192,20,9504720265
2303,1760022831,4850,1760027681,22,0,1,5120,22,2967536739
2304,1760029157,228300,1760257457,35,0,0,49152,35,8685167909
2305,1760054312,130957,1760185269,30,0,0,11264,30,6029157219
2306,1760079629,184088,1760263717,21,0,0,6144,21,7702470176
2307,1760106964,135502,1760242466,24,0,0,45568,24,4927501548
2308,1760125116,36502,1760161618,38,0,1,64000,38,639715236
2309,1760131120,32954,1760164074,33,0,1,2560,33,3489291619
2310,1760146922,114013,1760260935,18,0,0,11264,18,1387720447
2311,1760162335,5424,1760167759,15,0,1,5632,15,2232545553
2312,1760165376,146776,1760312152,28,0,0,27136,28,7297952081
2313,1760174335,12825,1760187160,14,0,1,21504,14,5437133256
2314,1760184560,111718,1760296278,36,0,0,512,36,3573208204
2315,1760196067,223468,1760419535,15,0,0,35328,15,1069454314
2316,1760207392,231691,1760439083,19,0,0,62976,19,6395728407
2317,1760212073,5326,1760217399,32,0,1,5632,32,7686411607
2318,1760227822,211744,1760439566,27,0,0,1536,27,8739021601
2319,1760228198,29274,1760257472,1,0,1,6656,1,6936731035
2320,1760238917,28465,1760267382,31,0,1,15872,31,10096183267
2321,1760241394,28574,1760269968,18,0,1,4096,18,2347508503
2322,1760268326,173751,1760442077,22,0,0,8192,22,10461875913
2323,1760271899,15837,1760287736,19,0,1,30720,19,7499954483
2324,1760297822,279286,1760577108,18,0,0,4608,18,3059336449
2325,1760298066,437508,1760735574,14,0,0,216064,14,3183797113
2326,1760314927,55763,1760370690,0,0,0,512,0,3410980248
2327,1760317419,566,1760317985,7,0,1,512,7,9875192263
2328,1760318979,303327,1760622306,22,0,0,5632,22,10003863304
2329,1760351209,1994,1760353203,21,0,1,2048,21,7862570148
2330,1760374136,193025,1760567161,22,0,0,7168,22,8812822873
2331,1760379733,160115,1760539848,5,0,0,512,5,9489464781
2332,1760385933,216771,1760602704,31,0,0,76800,31,7672045509
2333,1760394786,5712,1760400498,5,0,1,14336,5,8410452387
2334,1760436974,17144,1760454118,38,0,1,19968,38,4301531545
2335,1760476347,278320,1760754667,22,0,0,9728,22,6167263535
2336,1760477721,283817,1760761538,22,0,0,14336,22,1503323719
2337,1760484563,154707,1760639270,10,0,0,15872,10,2386404890
2338,1760502032,4850,1760506882,32,0,1,5120,32,4815520687
2339,1760514067,237621,1760751688,3,0,0,50688,3,1395903286
2340,1760560008,219164,1760779172,0,0,0,512,0,7430818129
2341,1760570206,166023,1760736229,29,0,0,2048,29,2220712197
2342,1760570635,2946,1760573581,28,0,1,3072,28,4865419597
2343,1760612672,6278,1760618950,20,0,1,6656,20,4231271403
2344,1760620033,2288,1760622321,0,0,1,2048,0,1174586185
2345,1760678225,83328,1760761553,0,0,1,2560,0,7987400995
2346,1760685917,133287,1760819204,5,0,0,1536,5,8122526516
2347,1760699775,107248,1760807023,2,0,0,3072,2,8320801318
2348,1760730812,103816,1760834628,33,0,0,512,33,3162803332
2349,1760733559,183290,1760916849,22,0,0,43520,22,7363438770
2350,1760780450,1994,1760782444,1,0,1,2048,1,8979424419
2351,1760786030,76104,1760862134,6,0,0,10240,6,154424371
2352,1760826895,157319,1760984214,24,0,0,20992,24,2751253298
2353,1760829710,148093,1760977803,2,0,0,54272,2,9789915190
2354,1760835750,84874,1760920624,31,0,0,12288,31,10553562549
2355,1760837619,95585,1760933204,6,0,0,25600,6,2120110597
2356,1760847882,158074,1761005956,18,0,0,45568,18,6407494511
2357,1760864067,210600,1761074667,20,0,0,27136,20,5062993830
2358,1760885759,5454,1760891213,8,0,1,13824,8,2619438166
2359,1760904224,206634,1761110858,13,0,0,17408,13,569659733
2360,1760909947,153291,1761063238,17,0,0,35840,17,1720771924
2361,1760923153,10074,1760933227,19,0,1,7680,19,8764179979
2362,1760929379,6788,1760936167,9,0,1,3072,9,2323416362
2363,1760931451,6662,1760938113,25,0,1,3072,25,5117155952
2364,1761008827,79382,1761088209,19,0,0,1536,19,2741476363
2365,1761015215,1994,1761017209,33,0,1,2048,33,2945468589
2366,1761022310,2470,1761024780,23,0,1,2560,23,3481119115
2367,1761063666,11016,1761074682,16,0,1,3072,16,4630182217
2368,1761065319,206706,1761272025,11,0,0,25088,11,5679324755
2369,1761068204,11166,1761079370,24,0,1,12288,24,6060114693
2370,1761069608,139054,1761208662,4,0,0,27136,4,762309170
2371,1761083436,1994,1761085430,34,0,1,2048,34,3638676804
2372,1761143198,121160,1761264358,34,0,0,97792,34,1120210296
2373,1761169970,1994,1761171964,18,0,1,2048,18,8889585978
2374,1761196387,1994,1761198381,32,0,1,2048,32,373070728
2375,1761211138,98696,1761309834,25,0,0,24064,25,2736600894
2376,1761221538,169310,1761390848,30,0,0,61440,30,4814253325
2377,1761227044,45176,1761272220,8,0,0,512,8,9428442648
2378,1761242780,32676,1761275456,16,0,1,3584,16,7079666904
2379,1761248876,79328,1761328204,5,0,1,93696,5,830602101
2380,1761254751,66271,1761321022,36,0,0,2048,36,7474622911
2381,1761270790,58962,1761329752,15,0,0,1536,15,2412937377
2382,1761284909,47481,1761332390,4,0,1,6656,4,9159804046
2383,1761286374,114776,1761401150,21,0,0,1024,21,6686425525
2384,1761320143,51970,1761372113,38,0,0,1024,38,10332137880
2385,1761322352,15837,1761338189,9,0,1,27648,9,7410792357
2386,1761340430,63966,1761404396,36,0,1,104448,36,4821955206
2387,1761341565,254370,1761595935,20,0,0,7680,20,6400696118
2388,1761349072,236568,1761585640,14,0,0,131584,14,9423753619
2389,1761354864,182343,1761537207,5,0,0,512,5,3470845281
2390,1761364675,40694,1761405369,29,0,1,12800,29,10235661527
2391,1761370836,389535,1761760371,26,0,0,25600,26,2198397689
2392,1761374688,31961,1761406649,19,0,1,14336,19,7437821161
2393,1761384463,231076,1761615539,10,0,0,14848,10,1624894631
2394,1761386735,23460,1761410195,28,0,1,5632,28,9190717324
2395,1761433151,3128,1761436279,20,0,1,9216,20,6928539027
2396,1761453745,132854,1761586599,33,0,0,3072,33,972550060
2397,1761456057,64742,1761520799,8,0,1,105984,8,5187923137
2398,1761493196,29549,1761522745,26,0,1,3072,26,3209952205
2399,1761522579,2870,1761525449,27,0,1,8704,27,6317736015
2400,1761569850,19729,1761589579,37,0,1,3072,37,5125947746
2401,1761575893,32042,1761607935,15,0,1,32768,15,3823297033
2402,1761580058,235398,1761815456,5,0,0,512,5,1300662458
2403,1761582720,83674,1761666394,27,0,0,512,27,9763369247
2404,1761602511,6090,1761608601,18,0,1,1024,18,117716912
2405,1761631145,192625,1761823770,34,0,0,4608,34,727429087
2406,1761645982,3387,1761649369,38,0,1,9728,38,6824921577
2407,1761646172,498409,1762144581,22,0,0,38400,22,2018549655
2408,1761646350,167628,1761813978,31,0,1,267776,31,9057529587
2409,1761688383,126466,1761814849,33,0,1,12288,33,1060678869
2410,1761720672,94331,1761815003,12,0,1,8704,12,3015283003
2411,1761728354,46281,1761774635,0,0,0,512,0,1733591690
2412,1761735832,124462,1761860294,29,0,0,2560,29,7692787790
2413,1761759606,61196,1761820802,34,0,1,19456,34,5170601856
2414,1761760069,61194,1761821263,15,0,1,10240,15,3273199287
2415,1761849058,1994,1761851052,0,0,1,2048,0,8969103431
2416,1761850410,988,1761851398,32,0,1,512,32,7706414717
2417,1761861706,2470,1761864176,14,0,1,2560,14,8516497431
2418,1761879361,115689,1761995050,33,0,0,512,33,4255099955
2419,1761891079,318849,1762209928,10,0,0,160768,10,10618260924
2420,1761897584,99158,1761996742,8,0,0,1024,8,5422982169
2421,1761922872,293186,1762216058,23,0,0,15872,23,1094436916
2422,1761930532,163352,1762093884,15,0,0,34816,15,6677985669
2423,1761943519,419615,1762363134,11,0,0,43008,11,3571872923
2424,1761947039,163128,1762110167,33,0,0,512,33,4051136172
2425,1761972621,4937,1761977558,4,0,1,12800,4,3027730339
2426,1761975214,321604,1762296818,2,0,0,109056,2,1426190132
2427,1761982927,1042,1761983969,23,0,1,1024,23,4527335237
2428,1761984182,439421,1762423603,35,0,0,76288,35,3718745114
2429,1761991371,118625,1762109996,23,0,0,3072,23,10521741644
2430,1762016645,289720,1762306365,22,0,0,31232,22,10127083167
2431,1762019486,3645,1762023131,23,0,1,10240,23,2812268816
2432,1762034887,228680,1762263567,1,0,0,28672,1,6171181322
2433,1762042645,193831,1762236476,5,0,0,2560,5,8108667196
2434,1762068248,142959,1762211207,22,0,0,4096,22,9265681112
2435,1762098798,1042,1762099840,22,0,1,1024,22,9145145521
2436,1762148931,3422,1762152353,27,0,1,3584,27,4353045542
2437,1762176599,39984,1762216583,25,0,1,512,25,6599418752
2438,1762184427,37548,1762221975,33,0,1,6144,33,9773420773
2439,1762235857,6889,1762242746,27,0,1,6656,27,4507369265
2440,1762242239,345990,1762588229,4,0,0,87552,4,2204861652
2441,1762242932,201434,1762444366,18,0,0,68096,18,9305159853
2442,1762257867,271060,1762528927,19,0,0,29184,19,10291099050
2443,1762263031,266067,1762529098,36,0,0,512,36,6590772141
2444,1762274933,169612,1762444545,5,0,0,512,5,2694920433
2445,1762282809,27310,1762310119,21,0,1,10240,21,2570499448
2446,1762290792,338096,1762628888,3,0,0,4096,3,4734552891
2447,1762295245,15540,1762310785,20,0,1,1024,20,277285103
2448,1762302465,143851,1762446316,25,0,0,512,25,6370862687
2449,1762305187,350262,1762655449,31,0,0,23552,31,3316376124
2450,1762305938,20581,1762326519,31,0,1,32256,31,4916393247
2451,1762306901,320724,1762627625,30,0,0,100864,30,5180443301
2452,1762321019,6486,1762327505,15,0,1,1536,15,1764769126
2453,1762322052,8679,1762330731,12,0,1,5120,12,6455391702
2454,1762329312,265507,1762594819,19,0,0,15360,19,5385847140
2455,1762331885,566,1762332451,20,0,1,512,20,2393500489
2456,1762341891,254979,1762596870,28,0,0,6656,28,4131190257
2457,1762369824,3898,1762373722,3,0,1,4096,3,62327083
2458,1762371930,4378,1762376308,29,0,1,4096,29,9251624045
2459,1762374887,185843,1762560730,0,0,0,1536,0,5844180199
2460,1762392049,2946,1762394995,20,0,1,3072,20,2371191773
2461,1762405117,43861,1762448978,28,0,1,4608,28,7951149692
2462,1762415296,34348,1762449644,9,0,1,1024,9,9366555587
2463,1762433148,197330,1762630478,31,0,0,5120,31,2986020968
2464,1762436847,263243,1762700090,31,0,0,29184,31,2096501259
2465,1762439678,11579,1762451257,0,0,1,12800,0,5094464645
2466,1762449366,4817,1762454183,23,0,1,4096,23,145788223
2467,1762457895,43975,1762501870,5,0,1,72192,5,3809714274
2468,1762467899,122217,1762590116,26,0,0,6144,26,4370533029
2469,1762476510,154607,1762631117,31,0,0,2048,31,3678671558
2470,1762485665,20391,1762506056,7,0,1,6656,7,6390028895
2471,1762491247,291240,1762782487,18,0,0,12800,18,5790968227
2472,1762498778,133602,1762632380,39,0,0,4096,39,3696422297
2473,1762508506,4374,1762512880,32,0,1,4608,32,4259876501
2474,1762569644,59259,1762628903,9,0,1,512,9,1220710497
2475,1762578750,289279,1762868029,39,0,0,100864,39,5842781426
2476,1762640308,15172,1762655480,5,0,1,26112,5,5365430811
2477,1762648255,221855,1762870110,36,0,0,512,36,5916546149
2478,1762650986,133422,1762784408,29,0,0,512,29,9618680418
2479,1762690198,9907,1762700105,16,0,1,7168,16,1432892894
2480,1762707554,162377,1762869931,35,0,0,6144,35,6628783157
2481,1762708590,161707,1762870297,8,0,0,512,8,9200101313
2482,1762747416,4374,1762751790,11,0,1,4608,11,4861167380
2483,1762765501,10241,1762775742,29,0,1,16384,29,1924235188
2484,1762783356,141642,1762924998,17,0,0,35840,17,8736657532
2485,1762802555,11016,1762813571,8,0,1,17920,8,10689342873
2486,1762824907,566,1762825473,12,0,1,512,12,6327135345
2487,1762833211,34833,1762868044,3,0,1,11264,3,883366174
2488,1762847293,301169,1763148462,15,0,0,67584,15,3326632951
2489,1762858057,23473,1762881530,8,0,1,18432,8,9314517589
2490,1762864332,18184,1762882516,25,0,1,1536,25,6337398900
2491,1762880673,5971,1762886644,23,0,1,14848,23,6893011677
2492,1762881482,197387,1763078869,38,0,0,10240,38,9047921859
2493,1762881542,7132,1762888674,27,0,1,9728,27,7217628113
2494,1762894659,3422,1762898081,17,0,1,3584,17,10710063059
2495,1762904597,4374,1762908971,16,0,1,4608,16,115764130
2496,1762923771,7973,1762931744,1,0,1,7168,1,9877521932
2497,1762926854,115959,1763042813,28,0,0,16384,28,2654880038
2498,1762930322,6229,1762936551,17,0,1,15360,17,4185372055
2499,1762940344,5326,1762945670,28,0,1,5632,28,2927783699
2500,1762943861,169337,1763113198,22,0,0,5632,22,2021245148
2501,1762951774,206529,1763158303,9,0,0,7680,9,8488473906
2502,1762952751,1518,1762954269,0,0,1,1536,0,4752501920
2503,1763013323,212564,1763225887,19,0,0,10752,19,1648900997
2504,1763022879,25962,1763048841,8,0,1,47104,8,1368930770
2505,1763060167,154470,1763214637,31,0,0,25088,31,8575411337
2506,1763063101,266254,1763329355,20,0,0,11776,20,9479247523
2507,1763065977,84848,1763150825,20,0,0,7680,20,6480411267
2508,1763088680,5326,1763094006,34,0,1,5632,34,7831793441
2509,1763089484,4868,1763094352,15,0,1,512,15,6538070633
2510,1763126457,128302,1763254759,1,0,0,9728,1,8108373377
2511,1763128734,25472,1763154206,1,0,1,3584,1,7835109964
2512,1763154051,1042,1763155093,25,0,1,1024,25,5361376
2513,1763184542,165987,1763350529,2,0,0,47104,2,3785326253
2514,1763205835,45596,1763251431,5,0,0,1024,5,7879497806
2515,1763214078,15355,1763229433,1,0,1,28672,1,4941288064
2516,1763225789,5910,1763231699,7,0,1,3584,7,10398847319
2517,1763231597,1994,1763233591,22,0,1,2048,22,9258692858
2518,1763234481,2470,1763236951,12,0,1,2560,12,3594962313
2519,1763309618,178833,1763488451,4,0,0,101888,4,5566092585
2520,1763313947,2946,1763316893,4,0,1,3072,4,6008310363
2521,1763320622,566,1763321188,7,0,1,512,7,2516429259
2522,1763327324,174711,1763502035,4,0,0,36864,4,7486170851
2523,1763339856,294635,1763634491,2,0,0,66048,2,9532448058
2524,1763349283,5942,1763355225,9,0,1,12288,9,8070575565
2525,1763350646,106746,1763457392,29,0,0,2560,29,213720400
2526,1763353029,2542,1763355571,17,0,1,512,17,9196325515
2527,1763363332,178087,1763541419,26,0,0,50176,26,692696789
2528,1763366931,2470,1763369401,33,0,1,2560,33,3962278997
2529,1763380976,282710,1763663686,10,0,0,95744,10,583941895
2530,1763427505,6754,1763434259,0,0,1,7168,0,1691550942
2531,1763429888,4717,1763434605,12,0,1,512,12,9362262893
2532,1763434343,54131,1763488474,3,0,1,48128,3,2031065195
2533,1763447874,257616,1763705490,21,0,0,54784,21,6598708446
2534,1763448357,40132,1763488489,7,0,1,5120,7,9627620201
2535,1763460619,153640,1763614259,2,0,0,9728,2,1284057134
2536,1763480335,303251,1763783586,6,0,0,69120,6,9914782823
2537,1763506388,209974,1763716362,10,0,0,24576,10,10510773385
2538,1763530719,14590,1763545309,12,0,1,4096,12,9998590695
2539,1763547120,3422,1763550542,9,0,1,3584,9,2739340926
2540,1763548040,4768,1763552808,9,0,1,3584,9,8249758718
2541,1763563317,3387,1763566704,30,0,1,9728,30,9186498855
2542,1763565616,345860,1763911476,3,0,0,67072,3,7072880258
2543,1763569145,318319,1763887464,24,0,0,80896,24,6761221122
2544,1763572230,5326,1763577556,24,0,1,5632,24,2458688806
2545,1763615503,345791,1763961294,15,0,0,95232,15,4607620797
2546,1763622194,44948,1763667142,10,0,1,3584,10,4808041442
2547,1763649220,277575,1763926795,9,0,0,50176,9,1096604774
2548,1763663000,124813,1763787813,31,0,0,13824,31,3117596681
2549,1763699287,262841,1763962128,35,0,0,2560,35,3639224890
2550,1763762164,25672,1763787836,24,0,1,15872,24,8283338668
2551,1763766429,95171,1763861600,5,0,1,123392,5,5771099816
2552,1763778369,323566,1764101935,15,0,0,15872,15,5373865873
2553,1763787569,99910,1763887479,0,0,1,5120,0,1407473908
2554,1763806138,266073,1764072211,20,0,0,23552,20,2384223775
2555,1763845209,42301,1763887510,12,0,1,8192,12,4725660523
2556,1763848767,231103,1764079870,28,0,0,25088,28,9661440501
2557,1763868694,388683,1764257377,4,0,0,106496,4,4246895362
2558,1763868956,21410,1763890366,15,0,1,8704,15,1686666336
2559,1763890258,304277,1764194535,39,0,0,30720,39,8780719238
2560,1763901733,181621,1764083354,5,0,0,1536,5,597177193
2561,1763903259,58050,1763961309,2,0,1,17920,2,10163235012
2562,1763945149,378872,1764324021,6,0,0,56320,6,9617006718
2563,1763946183,29504,1763975687,23,0,1,23040,23,3188994798
2564,1763953186,203529,1764156715,38,0,0,4096,38,4873781392
2565,1763964965,17033,1763981998,5,0,1,21504,5,5285070152
2566,1763966737,392982,1764359719,11,0,0,43008,11,8099260788
2567,1763985231,397383,1764382614,24,0,0,41472,24,9551369469
2568,1763990026,6278,1763996304,0,0,1,6656,0,3609000949
2569,1764013386,257785,1764271171,2,0,0,28672,2,1219481309
2570,1764019403,567704,1764587107,2,0,0,108032,2,1268848007
2571,1764084899,1994,1764086893,11,0,1,2048,11,1524332900
2572,1764088871,7230,1764096101,4,0,1,7680,4,8454664262
2573,1764108519,10757,1764119276,4,0,1,17408,4,8193421214
2574,1764121670,7230,1764128900,1,0,1,7680,1,4648218572
2575,1764125737,943619,1765069356,13,0,0,37888,13,556291296
2576,1764133739,842200,1764975939,26,0,0,185856,26,5821173180
2577,1764158700,6754,1764165454,21,0,1,7168,21,9101894505
2578,1764160346,249894,1764410240,36,0,0,512,36,658935138
2579,1764165781,55562,1764221343,36,0,1,94720,36,8076446160
2580,1764175061,363344,1764538405,21,0,0,17920,21,8351339805
2581,1764178752,78640,1764257392,22,0,1,6656,22,5235054434
2582,1764199679,431496,1764631175,36,0,0,1024,36,9984276783
2583,1764200383,57024,1764257407,27,0,1,3584,27,5180318636
2584,1764231296,30049,1764261345,18,0,1,10752,18,8708756215
2585,1764237855,35857,1764273712,31,0,1,25088,31,5775617762
2586,1764242801,396229,1764639030,24,0,0,25600,24,2010288364
2587,1764279350,422575,1764701925,3,0,0,6656,3,730396079
2588,1764287987,43628,1764331615,5,0,1,74752,5,9431997053
2589,1764311200,313518,1764624718,20,0,0,123392,20,3381545069
2590,1764323508,307340,1764630848,36,0,0,3584,36,7979321488
2591,1764330582,29152,1764359734,5,0,1,34816,5,9648454019
2592,1764340902,61727,1764402629,31,0,1,99328,31,3958912932
2593,1764349138,56077,1764405215,12,0,1,4096,12,2833826346
2594,1764351853,644621,1764996474,35,0,0,35328,35,6500025595
2595,1764356726,49475,1764406201,9,0,1,1536,9,2185011529
2596,1764362353,45474,1764407827,20,0,1,2560,20,3426117291
2597,1764364398,326224,1764690622,2,0,0,39936,2,7588913291
2598,1764382981,246760,1764629741,25,0,0,16384,25,7896961975
2599,1764388138,20035,1764408173,24,0,1,512,24,4962309442
2600,1764390325,20114,1764410439,37,0,1,3584,37,2096171586
2601,1764426613,4850,1764431463,2,0,1,5120,2,6132568094
2602,1764432009,430220,1764862229,11,0,0,1024,11,1165522402
2603,1764437773,6278,1764444051,32,0,1,6656,32,9791881573
2604,1764453362,7706,1764461068,20,0,1,8192,20,6622761090
2605,1764481914,4850,1764486764,33,0,1,5120,33,9527366535
2606,1764482381,254488,1764736869,26,0,0,39936,26,4876560907
2607,1764515822,295213,1764811035,24,0,0,60416,24,10309273596
2608,1764517391,479254,1764996645,0,0,0,512,0,9115856688
2609,1764523218,15202,1764538420,36,0,1,18432,36,7359246005
2610,1764527222,11213,1764538435,7,0,1,1536,7,829668459
2611,1764547155,625253,1765172408,19,0,0,27136,19,6220781568
2612,1764551489,367807,1764919296,19,0,0,81408,19,2824679615
2613,1764553408,341069,1764894477,25,0,0,68608,25,7777199439
2614,1764565553,78373,1764643926,15,0,1,12800,15,9302965408
2615,1764576472,425576,1765002048,14,0,0,15872,14,6947078047
2616,1764599791,47021,1764646812,17,0,1,4096,17,4285613540
2617,1764602815,44343,1764647158,17,0,1,512,17,497552968
2618,1764602924,239508,1764842432,36,0,0,3072,36,3185783884
2619,1764612510,35195,1764647705,23,0,1,9728,23,8312620433
2620,1764617274,367432,1764984706,10,0,0,28672,10,1002600051
2621,1764627048,370149,1764997197,5,0,0,1024,5,4360781884
2622,1764634895,13503,1764648398,17,0,1,1024,17,1401684359
2623,1764637627,53010,1764690637,31,0,1,64000,31,7548737516
2624,1764663367,333457,1764996824,27,0,0,512,27,240133193
2625,1764666651,24001,1764690652,21,0,1,1024,21,423801311
2626,1764694111,4374,1764698485,32,0,1,4608,32,9694765548
2627,1764703433,282262,1764985695,5,0,0,512,5,1708124159
2628,1764714840,374808,1765089648,30,0,0,34304,30,2216992890
2629,1764731817,253536,1764985353,34,0,0,2048,34,10426619073
2630,1764733148,6684,1764739832,15,0,1,3072,15,1369007111
2631,1764743032,242492,1764985524,30,0,0,512,30,10525632417
2632,1764753429,7706,1764761135,2,0,1,8192,2,224486778
2633,1764758539,261288,1765019827,39,0,0,19968,39,4007361536
2634,1764826140,4850,1764830990,12,0,1,5120,12,2984774271
2635,1764826209,334929,1765161138,1,0,0,40960,1,7199265907
2636,1764828658,2678,1764831336,10,0,1,512,10,9362558856
2637,1764842717,3128,1764845845,17,0,1,9216,17,1059029718
2638,1764842978,7496,1764850474,5,0,1,5120,5,2195307623
2639,1764843119,153720,1764996839,8,0,1,185856,8,1404637302
2640,1764844840,152014,1764996854,9,0,1,3584,9,5227502340
2641,1764873581,128498,1765002079,32,0,1,1024,32,8110236379
2642,1764876208,125886,1765002094,12,0,1,5120,12,3397959661
2643,1764922698,80351,1765003049,24,0,1,1024,24,9640781515
2644,1764956425,259362,1765215787,9,0,0,14848,9,5802277425
2645,1764987726,317995,1765305721,13,0,0,56832,13,5936178341
2646,1765006169,5326,1765011495,10,0,1,5632,10,10191966884
2647,1765008426,4695,1765013121,1,0,1,2560,1,4109170875
2648,1765008455,355469,1765363924,31,0,0,13824,31,2310039535
2649,1765015529,107059,1765122588,38,0,0,8704,38,1174964278
2650,1765022274,1042,1765023316,7,0,1,1024,7,1411391763
2651,1765026608,13770,1765040378,10,0,1,26624,10,7735296073
2652,1765039640,5971,1765045611,28,0,1,14848,28,2837121894
2653,1765057258,106859,1765164117,28,0,0,9728,28,1013023632
2654,1765085202,11192,1765096394,11,0,1,7168,11,5116629639
2655,1765097286,219994,1765317280,13,0,0,37888,13,10554373536
2656,1765099943,1518,1765101461,24,0,1,1536,24,10088739043
2657,1765104962,7706,1765112668,21,0,1,8192,21,8878889973
2658,1765126773,3387,1765130160,18,0,1,9728,18,8060650675
2659,1765146189,254040,1765400229,28,0,0,70144,28,2072310205
2660,1765154659,22132,1765176791,28,0,1,4608,28,564029172
2661,1765161290,252058,1765413348,20,0,0,43008,20,3595311997
2662,1765162496,17841,1765180337,33,0,1,5632,33,8741187562
2663,1765187556,4679,1765192235,23,0,1,12288,23,5253617805
2664,1765223730,219346,1765443076,2,0,0,16896,2,380380847
2665,1765235350,96031,1765331381,38,0,0,24576,38,3007161639
2666,1765256971,3898,1765260869,29,0,1,4096,29,1670981019
2667,1765261182,203029,1765464211,25,0,0,29184,25,10718552537
2668,1765282620,185662,1765468282,20,0,0,13312,20,4003607068
2669,1765306427,12363,1765318790,15,0,1,1536,15,9768547457
2670,1765323235,8161,1765331396,33,0,1,1024,33,1211353430
2671,1765326276,174583,1765500859,29,0,0,1024,29,9100526809
2672,1765333008,1042,1765334050,21,0,1,1024,21,703741370
2673,1765365067,194192,1765559259,15,0,0,24576,15,2842100597
2674,1765376242,100608,1765476850,19,0,0,5632,19,9533883052
2675,1765447567,205022,1765652589,4,0,0,39424,4,7533308892
2676,1765462419,10229,1765472648,1,0,1,4608,1,3287044333
2677,1765483419,138582,1765622001,17,0,0,32768,17,3664240924
2678,1765486689,50439,1765537128,22,0,0,1024,22,117607281
2679,1765494156,6229,1765500385,30,0,1,15360,30,3838036720
2680,1765523340,1994,1765525334,26,0,1,2048,26,216715325
2681,1765526645,2946,1765529591,11,0,1,3072,11,6770749545
2682,1765549210,313896,1765863106,6,0,0,24576,6,4387597680
2683,1765554564,10013,1765564577,8,0,1,5632,8,2508025715
2684,1765575900,258498,1765834398,11,0,0,18432,11,8177503758
2685,1765610972,319579,1765930551,9,0,0,77312,9,467082396
2686,1765619569,311153,1765930722,17,0,0,512,17,4138045450
2687,1765623347,66088,1765689435,21,0,0,1024,21,376545188
2688,1765637062,1994,1765639056,3,0,1,2048,3,9401759196
2689,1765642507,210946,1765853453,23,0,0,17408,23,10392542880
2690,1765659836,6754,1765666590,24,0,1,7168,24,5071250274
2691,1765684765,1994,1765686759,15,0,1,2048,15,3451931771
2692,1765700865,11791,1765712656,36,0,1,19456,36,7391353251
2693,1765710184,2818,1765713002,21,0,1,512,21,2292485026
2694,1765727376,101391,1765828767,17,0,0,22528,17,2444531720
2695,1765728838,207827,1765936665,17,0,0,19456,17,3133238369
2696,1765751741,3422,1765755163,25,0,1,3584,25,3092580625
2697,1765757977,566,1765758543,27,0,1,512,27,8765613790
2698,1765798542,67592,1765866134,30,0,0,7680,30,10601545794
2699,1765828938,10906,1765839844,14,0,1,13824,14,2333311775
2700,1765853225,9904,1765863129,20,0,1,8192,20,6606359023
2701,1765856656,80336,1765936992,27,0,0,1024,27,2136014854
2702,1765888155,3422,1765891577,20,0,1,3584,20,8291466457
2703,1765946807,4420,1765951227,17,0,1,11776,17,7641158751
2704,1765950458,3387,1765953845,0,0,1,9728,0,4512107854
2705,1765970792,152424,1766123216,15,0,0,60416,15,6016255452
2706,1765983092,1994,1765985086,2,0,1,2048,2,8288794345
2707,1766036477,3128,1766039605,25,0,1,9216,25,7596243324
2708,1766061880,1994,1766063874,30,0,1,2048,30,5099936181
2709,1766063841,145212,1766209053,34,0,0,53248,34,7623716811
2710,1766072335,2470,1766074805,12,0,1,2560,12,1692243590
2711,1766083038,102056,1766185094,5,0,0,512,5,2637523825
2712,1766090846,2946,1766093792,0,0,1,3072,0,3425966706
2713,1766098285,66946,1766165231,27,0,0,1536,27,3373547312
2714,1766146294,4850,1766151144,10,0,1,5120,10,4572822517
2715,1766146494,62730,1766209224,0,0,0,512,0,922531071
2716,1766179216,66126,1766245342,25,0,0,2560,25,3454184082
2717,1766182136,2973,1766185109,27,0,1,8704,27,4868267432
2718,1766182263,6472,1766188735,37,0,1,4096,37,6329201706
2719,1766229414,566,1766229980,18,0,1,512,18,2980343060
2720,1766231956,45437,1766277393,36,0,1,78336,36,9059094135
2721,1766233825,48074,1766281899,16,0,1,7168,16,6861740555
2722,1766255421,96733,1766352154,25,0,0,26112,25,3464563722
2723,1766259149,93644,1766352793,8,0,0,2048,8,5641772594
2724,1766263358,130832,1766394190,27,0,0,512,27,4819114950
2725,1766308072,1518,1766309590,27,0,1,1536,27,8394084260
2726,1766318928,174286,1766493214,17,0,0,88576,17,3586844105
2727,1766324028,4850,1766328878,0,0,1,5120,0,3438800950
2728,1766327669,176043,1766503712,6,0,0,34304,6,10453005991
2729,1766329792,208777,1766538569,20,0,0,13312,20,6605792436
2730,1766387866,5326,1766393192,11,0,1,5632,11,8161682028
2731,1766402385,168001,1766570386,17,0,0,52736,17,2083720455
2732,1766414318,132980,1766547298,10,0,0,11776,10,1419221989
2733,1766429579,195893,1766625472,27,0,0,512,27,8550136653
2734,1766464300,28929,1766493229,31,0,1,12800,31,4772263365
2735,1766474671,239656,1766714327,1,0,0,72704,1,5299119124
2736,1766476462,298855,1766775317,20,0,0,90624,20,2522102445
2737,1766491167,230865,1766722032,27,0,0,3584,27,8111817849
2738,1766491726,124302,1766616028,31,0,0,19456,31,1715265507
2739,1766517636,3422,1766521058,26,0,1,3584,26,2834146394
2740,1766523951,168193,1766692144,3,0,0,102912,3,10690814313
2741,1766528453,192449,1766720902,10,0,0,21504,10,9660458347
2742,1766568850,7499,1766576349,8,0,1,14848,8,9631621585
2743,1766628232,168547,1766796779,23,0,0,8704,23,7471445507
2744,1766633967,271404,1766905371,21,0,0,66560,21,7755912472
2745,1766634145,4850,1766638995,7,0,1,5120,7,1439743253
2746,1766667538,217530,1766885068,10,0,0,119296,10,7230294669
2747,1766669619,51306,1766720925,24,0,1,10240,24,5342032437
2748,1766716461,220964,1766937425,9,0,0,55808,9,791584702
2749,1766735570,4850,1766740420,11,0,1,5120,11,3661452184
2750,1766764104,15901,1766780005,0,0,1,12288,0,5553655466
2751,1766767757,17591,1766785348,1,0,1,6656,1,5404897204
2752,1766811234,134747,1766945981,3,0,0,13312,3,9467398640
2753,1766850518,114052,1766964570,6,0,0,5120,6,5091379277
2754,1766853093,96174,1766949267,13,0,0,512,13,2528330375
2755,1766857381,51202,1766908583,12,0,1,9216,12,10612787983
2756,1766862825,155265,1767018090,1,0,0,19456,1,3750281273
2757,1766873057,76381,1766949438,33,0,0,512,33,5033650427
2758,1766876232,32697,1766908929,27,0,1,512,27,3923347477
2759,1766918755,175739,1767094494,14,0,0,58368,14,5526556270
2760,1766921515,16944,1766938459,12,0,1,1024,12,1409913883
2761,1766955793,8792,1766964585,3,0,1,7680,3,5421224125
2762,1766956711,9858,1766966569,7,0,1,5632,7,8668355384
2763,1766984828,123379,1767108207,28,0,0,9728,28,20631958
2764,1766989157,12308,1767001465,31,0,1,20480,31,7612871157
2765,1767022993,1042,1767024035,9,0,1,1024,9,6866498526
2766,1767030756,237893,1767268649,35,0,0,155648,35,1290566251
2767,1767060248,338106,1767398354,19,0,0,72704,19,4404105436
2768,1767063488,3387,1767066875,26,0,1,9728,26,1360434239
2769,1767070180,5802,1767075982,26,0,1,6144,26,3697870109
2770,1767073400,21109,1767094509,34,0,1,2048,34,6691886985
2771,1767081866,22876,1767104742,18,0,1,16384,18,6684376554
2772,1767096887,234541,1767331428,33,0,0,512,33,5131772027
2773,1767119409,7706,1767127115,1,0,1,8192,1,4086188564
2774,1767164274,357833,1767522107,4,0,0,70656,4,6861857611
2775,1767167398,5326,1767172724,9,0,1,5632,9,6528503780
2776,1767169412,149364,1767318776,24,0,0,44544,24,5253480886
2777,1767195855,566,1767196421,2,0,1,512,2,1365741706
2778,1767196814,3128,1767199942,18,0,1,9216,18,3842333878
2779,1767202746,156281,1767359027,2,0,0,62976,2,6080312339
2780,1767230130,42451,1767272581,14,0,1,4096,14,10633507864
2781,1767253025,19776,1767272801,4,0,1,8704,4,7224219918
2782,1767258605,14544,1767273149,1,0,1,512,1,10467912048
2783,1767271975,194399,1767466374,21,0,0,44032,21,7315044669
2784,1767277060,2470,1767279530,28,0,1,2560,28,1885894876
2785,1767287001,456295,1767743296,26,0,0,86528,26,1051431513
2786,1767287770,178775,1767466545,36,0,0,512,36,3004215018
2787,1767315593,4217,1767319810,32,0,1,1024,32,5166093645
2788,1767321764,1042,1767322806,7,0,1,1024,7,1968207618
2789,1767328520,314053,1767642573,10,0,0,45056,10,237120983
2790,1767342725,23541,1767366266,11,0,1,7680,11,1704272132
2791,1767357889,428749,1767786638,30,0,0,9216,30,9704942733
2792,1767362910,4982,1767367892,21,0,1,2560,21,4244822267
2793,1767366177,262138,1767628315,20,0,0,93184,20,6754067513
2794,1767370531,4850,1767375381,15,0,1,5120,15,5001037882
2795,1767371237,310085,1767681322,37,0,0,20480,37,3770621744
2796,1767390917,298532,1767689449,4,0,0,26624,4,8198064874
2797,1767405531,1518,1767407049,37,0,1,1536,37,1347907705
2798,1767408824,33503,1767442327,3,0,1,58368,3,4968161125
2799,1767417509,211289,1767628798,0,0,0,1536,0,1989675632
2800,1767423206,238565,1767661771,17,0,0,32256,17,823746497
2801,1767429964,428182,1767858146,34,0,0,512,34,5045443456
2802,1767431230,270381,1767701611,0,0,0,1024,0,1280609973
2803,1767434384,9223,1767443607,2,0,1,14336,2,137169063
2804,1767437487,157898,1767595385,34,0,0,32768,34,8844853253
2805,1767440318,8435,1767448753,22,0,1,8192,22,3102636155
2806,1767452071,264846,1767716917,25,0,0,25600,25,1174051508
2807,1767475035,381989,1767857024,23,0,0,88576,23,1228692207
2808,1767485388,289276,1767774664,28,0,0,46080,28,6939933385
2809,1767509736,233731,1767743467,8,0,0,512,8,3284752207
2810,1767565220,365662,1767930882,4,0,0,34816,4,5258210652
2811,1767567682,7230,1767574912,0,0,1,7680,0,2416986194
2812,1767581825,63966,1767645791,36,0,1,104448,36,3213220015
2813,1767588341,311551,1767899892,38,0,0,50176,38,5835130894
2814,1767598200,145766,1767743966,27,0,0,1536,27,465442893
2815,1767611283,35494,1767646777,17,0,1,1536,17,6117425262
2816,1767613619,36704,1767650323,4,0,1,5632,4,2604599913
2817,1767640700,142799,1767783499,0,0,0,1024,0,955973099
2818,1767644054,7255,1767651309,20,0,1,1536,20,4132521185
2819,1767662772,97189,1767759961,36,0,0,512,36,5713585892
2820,1767686518,18760,1767705278,38,0,1,30720,38,7648173040
2821,1767698494,220148,1767918642,23,0,0,61440,23,6116987237
2822,1767703484,154491,1767857975,28,0,0,3072,28,1540134044
2823,1767716196,222498,1767938694,0,0,0,3584,0,8089257468
2824,1767723106,135219,1767858325,0,0,0,512,0,3117802009
2825,1767739224,8173,1767747397,34,0,1,3584,34,3757130208
2826,1767740755,9868,1767750623,29,0,1,5120,29,6250499826
2827,1767769763,167824,1767937587,28,0,0,8192,28,1776473119
2828,1767771951,5200,1767777151,34,0,1,2560,34,9953093110
2829,1767805869,112960,1767918829,0,0,0,512,0,6537654682
2830,1767852294,227079,1768079373,39,0,0,88064,39,5916710096
2831,1767857231,242781,1768100012,25,0,0,67584,25,3609243166
2832,1767877917,21990,1767899907,2,0,1,8192,2,9414654855
2833,1767900096,345894,1768245990,21,0,0,18944,21,13082606
2834,1767900225,152301,1768052526,31,0,0,38912,31,2525053571
2835,1767917692,13205,1767930897,25,0,1,18432,25,2845019766
2836,1767948495,273352,1768221847,30,0,0,56832,30,10559480488
2837,1767974578,179333,1768153911,38,0,0,25600,38,2335902848
2838,1767976920,3904,1767980824,15,0,1,10752,15,8127932444
2839,1767992183,281450,1768273633,31,0,0,54272,31,1165255083
2840,1767992942,185773,1768178715,38,0,0,41472,38,8814008463
2841,1767998898,1518,1768000416,29,0,1,1536,29,1183815110
2842,1768026650,84634,1768111284,20,0,0,1536,20,7019082566
2843,1768028360,4850,1768033210,20,0,1,5120,20,1175328687
2844,1768042474,416818,1768459292,24,0,0,133120,24,10165457941
2845,1768056971,339680,1768396651,21,0,0,43520,21,8038029879
2846,1768062286,410289,1768472575,10,0,0,43520,10,301332599
2847,1768070710,169453,1768240163,35,0,0,57856,35,1578362127
2848,1768080752,337910,1768418662,34,0,0,72192,34,811962861
2849,1768103538,142795,1768246333,8,0,0,1024,8,7984228
2850,1768120098,242124,1768362222,11,0,0,17408,11,3443637728
2851,1768144989,16354,1768161343,3,0,1,31744,3,10703464003
2852,1768224704,584938,1768809642,34,0,0,69632,34,5678473508
2853,1768230491,356312,1768586803,27,0,0,4608,27,9209752803
2854,1768230539,18356,1768248895,11,0,1,3072,11,5930829011
2855,1768233520,16041,1768249561,33,0,1,1024,33,1650714008
2856,1768233758,258372,1768492130,2,0,0,11776,2,3835662514
2857,1768253155,328094,1768581249,31,0,0,101888,31,6176035140
2858,1768278193,2946,1768281139,25,0,1,3072,25,6698103101
2859,1768298779,429476,1768728255,8,0,0,512,8,10636412044
2860,1768304657,5454,1768310111,16,0,1,13824,16,4629836465
2861,1768320370,407706,1768728076,11,0,0,46592,11,8880414918
2862,1768337198,1518,1768338716,20,0,1,1536,20,10320183961
2863,1768347771,6278,1768354049,22,0,1,6656,22,1737497608
2864,1768363365,1994,1768365359,9,0,1,2048,9,5018565875
2865,1768379375,39318,1768418693,38,0,1,26112,38,3666208839
2866,1768388273,547511,1768935784,23,0,0,7680,23,10086148661
2867,1768388379,103774,1768492153,3,0,1,49152,3,5276143118
2868,1768393285,240518,1768633803,2,0,0,95232,2,8595765121
2869,1768394272,275087,1768669359,19,0,0,16896,19,2036100953
2870,1768416979,469713,1768886692,9,0,0,133632,9,7285785269
2871,1768433995,499379,1768933374,26,0,0,115200,26,5933206426
2872,1768435793,297712,1768733505,3,0,0,11264,3,80582424
2873,1768452030,43818,1768495848,36,0,1,20992,36,8079583949
2874,1768453048,44080,1768497128,12,0,1,14336,12,40995865
2875,1768465990,32418,1768498408,24,0,1,14336,24,9182266823
2876,1768486013,15941,1768501954,27,0,1,5632,27,4091823321
2877,1768490155,512554,1769002709,34,0,0,117760,34,4472157494
2878,1768514679,3898,1768518577,17,0,1,4096,17,5400059034
2879,1768526556,71766,1768598322,8,0,1,116224,8,10480270812
2880,1768550427,53080,1768603507,5,0,1,16384,5,7953619756
2881,1768554250,267938,1768822188,36,0,0,512,36,9164088371
2882,1768556980,76838,1768633818,10,0,1,2560,10,9881005381
2883,1768558409,75424,1768633833,3,0,1,1024,3,10554899902
2884,1768565001,68847,1768633848,20,0,1,3072,20,6942812290
2885,1768573822,376096,1768949918,27,0,0,43008,27,10333696963
2886,1768573866,59997,1768633863,9,0,1,512,9,1857758584
2887,1768577469,320790,1768898259,1,0,0,37888,1,10409820320
2888,1768623514,381589,1769005103,35,0,0,7680,35,1224487600
2889,1768623700,11715,1768635415,9,0,1,1536,9,8629885963
2890,1768630009,306734,1768936743,19,0,0,3072,19,5350470447
2891,1768641420,5712,1768647132,11,0,1,14336,11,1411873887
2892,1768680732,4162,1768684894,12,0,1,11264,12,7926325558
2893,1768698611,34909,1768733520,23,0,1,57856,23,2888758369
2894,1768713536,21226,1768734762,20,0,1,4608,20,8274109911
2895,1768738312,6278,1768744590,32,0,1,6656,32,4607133456
2896,1768750680,3898,1768754578,0,0,1,4096,0,10710751201
2897,1768753900,3898,1768757798,0,0,1,4096,0,1190867634
2898,1768763449,12737,1768776186,5,0,1,24576,5,388972524
2899,1768766622,18701,1768785323,3,0,1,27648,3,8604746726
2900,1768769028,40629,1768809657,9,0,1,7680,9,4764722038
2901,1768770054,39626,1768809680,36,0,1,33792,36,5796818171
2902,1768772766,571674,1769344440,21,0,0,36864,21,4011876546
2903,1768810945,346329,1769157274,25,0,0,46592,25,4433770620
2904,1768811024,2946,1768813970,32,0,1,3072,32,3383759126
2905,1768813501,353031,1769166532,14,0,0,18944,14,9826695728
2906,1768820727,11791,1768832518,8,0,1,19456,8,3035383317
2907,1768827174,431720,1769258894,39,0,0,22528,39,5988918266
2908,1768831094,102303,1768933397,5,0,1,65536,5,3265797331
2909,1768854511,288552,1769143063,24,0,0,48128,24,6587577832
2910,1768866615,385400,1769252015,38,0,0,102400,38,10365034964
2911,1768872157,236757,1769108914,8,0,0,512,8,4362670434
2912,1768873277,76688,1768949965,15,0,1,512,15,8465858763
2913,1768879561,70435,1768949996,7,0,1,8192,7,8185270236
2914,1768883228,434399,1769317627,33,0,0,512,33,1984796360
2915,1768895897,421543,1769317440,1,0,0,53760,1,9647428863
2916,1768920239,30680,1768950919,31,0,1,1024,31,3746292784
2917,1768924540,30975,1768955515,33,0,1,5632,33,10267571664
2918,1768927365,28496,1768955861,20,0,1,512,20,3275437061
2919,1768928191,74549,1769002740,36,0,1,65024,36,3770485497
2920,1768933481,462123,1769395604,24,0,0,27648,24,4892290218
2921,1768939697,66393,1769006090,29,0,1,3584,29,4016791771
2922,1768943805,455294,1769399099,19,0,0,8192,19,508783287
2923,1768987348,19088,1769006436,37,0,1,512,37,6337168614
2924,1768990025,18357,1769008382,20,0,1,3072,20,4824830938
2925,1768998138,162591,1769160729,39,0,0,11264,39,7375906996
2926,1769042858,575122,1769617980,17,0,0,22528,17,2571209297
2927,1769054211,616542,1769670753,24,0,0,112128,24,5338734099
2928,1769062107,214324,1769276431,37,0,0,19456,37,9533574470
2929,1769073123,295583,1769368706,6,0,0,31232,6,7167724494
2930,1769085183,316660,1769401843,36,0,0,2048,36,6708192656
2931,1769088945,33245,1769122190,31,0,1,57856,31,6552625449
2932,1769134368,502206,1769636574,37,0,0,59392,37,10018616222
2933,1769147240,20293,1769167533,2,0,1,1024,2,6400442619
2934,1769149264,49322,1769198586,31,0,1,51712,31,845424864
2935,1769162357,41055,1769203412,0,0,1,7680,0,6705344379
2936,1769180322,24370,1769204692,8,0,1,14336,8,4899064206
2937,1769194928,351990,1769546918,11,0,0,21504,11,8378273549
2938,1769199522,96062,1769295584,38,0,1,160256,38,5378564614
2939,1769199578,98592,1769298170,20,0,1,4096,20,2008572706
2940,1769223440,356735,1769580175,10,0,0,69632,10,6614934026
2941,1769229540,381553,1769611093,37,0,0,6656,37,1825182885
2942,1769239921,60515,1769300436,37,0,1,3584,37,8205142660
2943,1769247662,250602,1769498264,9,0,0,4096,9,5337662209
2944,1769263524,474190,1769737714,22,0,0,26112,22,1386163021
2945,1769272448,431786,1769704234,26,0,0,51200,26,10303144455
2946,1769283408,325642,1769609050,22,0,0,94720,22,1891971471
2947,1769295922,375050,1769670972,5,0,0,512,5,7106017810
2948,1769305558,312905,1769618463,36,0,0,1536,36,6724368289
2949,1769314259,357048,1769671307,8,0,0,1024,8,6073373130
2950,1769318358,411370,1769729728,3,0,0,30720,3,8170788514
2951,1769322319,46402,1769368721,23,0,1,74240,23,5465455722
2952,1769348238,20498,1769368736,4,0,1,1024,4,3830949377
2953,1769372757,474407,1769847164,10,0,0,86528,10,2818589833
2954,1769406192,566,1769406758,11,0,1,512,11,8668116981
2955,1769445831,3128,1769448959,10,0,1,9216,10,1095440733
2956,1769455954,303720,1769759674,39,0,0,22016,39,10734113688
2957,1769458538,5326,1769463864,7,0,1,5632,7,6768695524
2958,1769464816,7706,1769472522,33,0,1,8192,33,7675186899
2959,1769476483,7706,1769484189,37,0,1,8192,37,7153320199
2960,1769504921,3422,1769508343,18,0,1,3584,18,6478421273
2961,1769510133,6278,1769516411,11,0,1,6656,11,8878259329
2962,1769514498,265540,1769780038,6,0,0,8192,6,9659505093
2963,1769527916,566,1769528482,30,0,1,512,30,2642689302
2964,1769575505,243072,1769818577,3,0,0,14848,3,8088293017
2965,1769613245,403914,1770017159,21,0,0,94208,21,8114856083
2966,1769620068,55877,1769675945,25,0,1,12288,25,1221785749
2967,1769622631,54300,1769676931,12,0,1,1536,12,4912033026
2968,1769623399,88425,1769711824,23,0,1,64000,23,5799760360
2969,1769626137,86993,1769713130,34,0,1,2048,34,840039821
2970,1769638203,157902,1769796105,0,0,0,2048,0,5665443832
2971,1769647957,207342,1769855299,4,0,0,26624,4,8521935434
2972,1769670899,276577,1769947476,27,0,0,9216,27,7535575388
2973,1769690075,280809,1769970884,2,0,0,11264,2,10600287904
2974,1769699079,245574,1769944653,14,0,0,32768,14,237841487
2975,1769699405,30338,1769729743,36,0,1,37888,36,2452320501
2976,1769729886,184400,1769914286,37,0,0,3072,37,1903082934
2977,1769770437,257481,1770027918,36,0,0,512,36,5374396517
2978,1769770525,6278,1769776803,9,0,1,6656,9,1500791900
2979,1769842348,273607,1770115955,25,0,0,149504,25,6251420636
2980,1769892795,227425,1770120220,30,0,0,13824,30,8031582891
2981,1769923734,198217,1770121951,20,0,0,5632,20,2921305309
2982,1769941333,9081,1769950414,20,0,1,3072,20,2482356070
2983,1769979672,267572,1770247244,22,0,0,27648,22,318855900
2984,1769980057,84811,1770064868,8,0,0,1024,8,284052548
2985,1769991868,30779,1770022647,38,0,1,13824,38,9678071510
2986,1770004702,156684,1770161386,13,0,0,12800,13,4023113756
2987,1770016328,197988,1770214316,28,0,0,80896,28,9450738782
2988,1770040002,313166,1770353168,14,0,0,65536,14,3304791940
2989,1770051261,64717,1770115978,8,0,1,58368,8,4086385169
2990,1770055636,60357,1770115993,4,0,1,14336,4,3255819840
2991,1770081328,44019,1770125347,24,0,1,9728,24,5606247684
2992,1770107911,217346,1770325257,23,0,0,20480,23,3013514162
2993,1770109748,38642,1770148390,8,0,1,38912,8,9744992859
2994,1770124502,25834,1770150336,4,0,1,3072,4,5977645681
2995,1770168667,10499,1770179166,5,0,1,16896,5,1830623980
2996,1770171211,9581,1770180792,12,0,1,2560,12,8881370632
2997,1770189027,283051,1770472078,3,0,0,92160,3,1565849286
2998,1770209726,277970,1770487696,1,0,0,6656,1,8430734091
2999,1770212725,6304,1770219029,11,0,1,12288,11,6577626689
3000,1770213196,141889,1770355085,14,0,0,6144,14,5582774356
3001,1770252839,72753,1770325592,8,0,0,1024,8,10313503954
3002,1770287652,3904,1770291556,29,0,1,10752,29,5372910
3003,1770289117,6234,1770295351,37,0,1,4608,37,9441330685
3004,1770297445,2946,1770300391,11,0,1,3072,11,3235919684
3005,1770302812,50371,1770353183,3,0,1,61440,3,10597917842
3006,1770304447,89914,1770394361,11,0,0,2560,11,448965478
3007,1770328443,24755,1770353198,25,0,1,10240,25,2465303942
3008,1770347183,12761,1770359944,17,0,1,5120,17,10535218170
3009,1770351551,9699,1770361250,34,0,1,2048,34,628082466
3010,1770367810,65218,1770433028,28,0,0,3584,28,9951759657
3011,1770380188,253909,1770634097,22,0,0,512,22,4901305852
3012,1770384005,239577,1770623582,8,0,0,512,8,5042145654
3013,1770397483,115446,1770512929,11,0,0,27136,11,8981771067
3014,1770402570,5326,1770407896,0,0,1,5632,0,8355555698
3015,1770407030,156342,1770563372,26,0,0,40960,26,820473186
3016,1770429791,175197,1770604988,4,0,0,40448,4,1326345449
3017,1770449755,331424,1770781179,31,0,0,92672,31,4629435924
3018,1770458247,19174,1770477421,22,0,1,5632,22,4170337266
3019,1770472397,9530,1770481927,16,0,1,7168,16,4182900179
3020,1770481506,145460,1770626966,26,0,0,1536,26,6427642272
3021,1770489728,176117,1770665845,3,0,1,286208,3,7410175681
3022,1770491675,176116,1770667791,32,0,1,3072,32,1940746539
3023,1770493603,176454,1770670057,32,0,1,3584,32,5935509983
3024,1770508159,243700,1770751859,4,0,0,4096,4,2118520893
3025,1770527306,143417,1770670723,20,0,1,1024,20,10435187030
3026,1770535318,137351,1770672669,25,0,1,3072,25,8588162197
3027,1770548717,125335,1770674052,14,0,1,14848,14,5501585896
3028,1770550768,124270,1770675038,7,0,1,1536,7,6036344157
3029,1770552988,361218,1770914206,17,0,0,106496,17,3817548696
3030,1770560790,114914,1770675704,9,0,1,1024,9,1444963085
3031,1770617946,132642,1770750588,10,0,0,27648,10,6710991808
3032,1770619785,57545,1770677330,25,0,1,2560,25,769134760
3033,1770653966,23723,1770677689,17,0,1,9728,17,8921195835
3034,1770687198,14117,1770701315,31,0,1,24064,31,4262744597
3035,1770704877,461689,1771166566,17,0,0,28672,17,2072625057
3036,1770713279,4937,1770718216,22,0,1,12800,22,8371553973
3037,1770725993,204606,1770930599,20,0,0,3072,20,8113797820
3038,1770730959,4374,1770735333,22,0,1,4608,22,2116236146
3039,1770742322,38880,1770781202,38,0,1,20992,38,6607600033
3040,1770759895,23295,1770783190,9,0,1,2048,9,6908559080
3041,1770780427,3429,1770783856,18,0,1,1024,18,8730097440
3042,1770782334,227526,1771009860,19,0,0,27648,19,3636917862
3043,1770786398,566,1770786964,32,0,1,512,32,6732161686
3044,1770826963,166377,1770993340,4,0,0,5632,4,331254341
3045,1770851712,1994,1770853706,27,0,1,2048,27,1637937894
3046,1770852890,237811,1771090701,38,0,0,6144,38,517980955
3047,1770854743,3422,1770858165,11,0,1,3584,11,8794031249
3048,1770870348,341290,1771211638,3,0,0,38400,3,6700471023
3049,1770888510,32459,1770920969,29,0,1,7168,29,4525533119
3050,1770900095,188719,1771088814,2,0,0,53760,2,8946984741
3051,1770919582,4850,1770924432,17,0,1,5120,17,7559351457
3052,1770925458,5802,1770931260,12,0,1,6144,12,9606375371
3053,1770935739,82963,1771018702,29,0,0,2048,29,2848323412
3054,1770944167,255748,1771199915,26,0,0,33792,26,8731353417
3055,1770960779,5802,1770966581,23,0,1,6144,23,2254504733
3056,1770997397,43370,1771040767,36,0,1,74240,36,2873591855
3057,1771000499,42854,1771043353,0,0,1,4096,0,7975978928
3058,1771003065,261368,1771264433,23,0,0,6144,23,1518021897
3059,1771016912,96260,1771113172,2,0,0,13312,2,5649453077
3060,1771024292,289369,1771313661,28,0,0,90112,28,4172686515
3061,1771032152,295268,1771327420,31,0,0,45056,31,5134365068
3062,1771039394,306252,1771345646,23,0,0,42496,23,3084436440
3063,1771087337,174660,1771261997,3,0,0,2048,3,5239123345
3064,1771114936,3898,1771118834,25,0,1,4096,25,3434409122
3065,1771174853,336283,1771511136,28,0,0,91136,28,369487415
3066,1771176728,211798,1771388526,36,0,0,512,36,7645200010
3067,1771192712,139971,1771332683,3,0,0,3584,3,9974415524
3068,1771221893,105713,1771327606,5,0,0,512,5,856962251
3069,1771257006,98555,1771355561,29,0,0,512,29,5082161156
3070,1771270419,5454,1771275873,34,0,1,13824,34,2353688704
3071,1771273552,3947,1771277499,22,0,1,2560,22,1605221527
3072,1771278519,48916,1771327435,31,0,1,65024,31,7672459488
3073,1771296976,243501,1771540477,0,0,0,2048,0,8246306842
3074,1771300353,144208,1771444561,17,0,0,2048,17,2053935397
3075,1771343142,15596,1771358738,36,0,1,22016,36,1076099892
3076,1771344455,20991,1771365446,23,0,1,22016,23,10700507490
3077,1771363635,256674,1771620309,27,0,0,16896,27,6402142187
3078,1771373788,1042,1771374830,32,0,1,1024,32,5041135947
3079,1771374083,202016,1771576099,30,0,0,39424,30,6177725462
3080,1771383618,397884,1771781502,30,0,0,13824,30,8903696609
3081,1771384967,6754,1771391721,14,0,1,7168,14,2176845453
3082,1771394555,7706,1771402261,26,0,1,8192,26,8660241113
3083,1771396534,218612,1771615146,11,0,0,35328,11,8335283997
3084,1771408935,2946,1771411881,9,0,1,3072,9,7251788225
3085,1771413574,2470,1771416044,7,0,1,2560,7,177755721
3086,1771414293,360463,1771774756,9,0,0,25088,9,5868381273
3087,1771414714,352383,1771767097,11,0,0,207360,11,7192466128
3088,1771438202,217930,1771656132,29,0,0,1536,29,4282770064
3089,1771439277,337990,1771777267,34,0,0,8192,34,3853351024
3090,1771463285,2946,1771466231,17,0,1,3072,17,511604834
3091,1771488395,445643,1771934038,20,0,0,160256,20,187380702
3092,1771521864,280051,1771801915,2,0,0,58368,2,2030669406
3093,1771521933,74403,1771596336,33,0,0,512,33,9171823809
3094,1771531523,279686,1771811209,1,0,0,2048,1,9979963219
3095,1771552139,1994,1771554133,3,0,1,2048,3,9604490211
3096,1771565652,15331,1771580983,16,0,1,5120,16,6907205613
3097,1771566785,216316,1771783101,26,0,0,5120,26,8894772380
3098,1771574655,6674,1771581329,12,0,1,512,12,1033777086
3099,1771581027,250220,1771831247,19,0,0,1024,19,1332203488
3100,1771598220,232295,1771830515,28,0,0,8704,28,9823425237
3101,1771617078,260381,1771877459,10,0,0,32256,10,1289616855
3102,1771625836,228244,1771854080,26,0,0,23552,26,6400960625
3103,1771646256,2470,1771648726,10,0,1,2560,10,5794048826
3104,1771656124,4937,1771661061,1,0,1,12800,1,10578552420
3105,1771670265,163730,1771833995,29,0,0,512,29,5578890002
3106,1771686183,3128,1771689311,5,0,1,9216,5,3989265179
3107,1771686995,7757,1771694752,38,0,1,14336,38,6032376319
3108,1771702599,182596,1771885195,28,0,0,16896,28,26230592
3109,1771740912,61018,1771801930,11,0,1,4096,11,4663938407
3110,1771750694,287294,1772037988,31,0,0,23040,31,9407824121
3111,1771768624,33321,1771801945,4,0,1,1024,4,7723515616
3112,1771783599,18361,1771801960,16,0,1,7680,16,7349650881
3113,1771834440,5454,1771839894,36,0,1,13824,36,6477940080
3114,1771846288,112359,1771958647,25,0,0,8704,25,6796417842
3115,1771860222,89053,1771949275,25,0,0,8192,25,2577865791
3116,1771865928,137222,1772003150,19,0,0,16384,19,9943597262
3117,1771876636,218034,1772094670,21,0,0,16384,21,5041996790
3118,1771877299,56754,1771934053,10,0,1,10240,10,4699450446
3119,1771912813,26686,1771939499,17,0,1,13824,17,6521701363
3120,1771937596,6036,1771943632,22,0,1,5632,22,3939686808
3121,1771953579,5091,1771958670,37,0,1,4096,37,2863489526
3122,1771956076,69585,1772025661,2,0,0,2048,2,1977813293
3123,1771994148,191405,1772185553,3,0,0,59392,3,8042073977
3124,1772002320,237623,1772239943,13,0,0,55296,13,5620779496
3125,1772014006,320934,1772334940,8,0,0,1024,8,8272035067
3126,1772014710,143947,1772158657,23,0,0,57344,23,6104411982
3127,1772017347,1994,1772019341,0,0,1,2048,0,4573017537
3128,1772030967,8055,1772039022,15,0,1,1024,15,726069676
3129,1772039364,277840,1772317204,28,0,0,7168,28,10661603773
3130,1772040662,3898,1772044560,36,0,1,4096,36,9050782484
3131,1772054615,566,1772055181,26,0,1,512,26,10131439992
3132,1772063175,124280,1772187455,31,0,0,6144,31,5590979389
3133,1772079380,566,1772079946,22,0,1,512,22,45992512
3134,1772091307,375566,1772466873,34,0,0,53760,34,2841626905
3135,1772100967,2470,1772103437,29,0,1,2560,29,5373906688
3136,1772126185,431495,1772557680,23,0,0,186368,23,3727448283
3137,1772126444,566,1772127010,7,0,1,512,7,7308107168
3138,1772133129,316728,1772449857,6,0,0,64512,6,1799510521
3139,1772156132,206947,1772363079,39,0,0,7680,39,9638810927
3140,1772157153,28415,1772185568,32,0,1,20992,32,5188728158
3141,1772159453,48107,1772207560,8,0,1,69120,8,4338068356
3142,1772162474,49272,1772211746,34,0,1,6656,34,3838522453
3143,1772188188,23904,1772212092,20,0,1,512,20,6524458283
3144,1772238875,262006,1772500881,26,0,0,70656,26,1015484099
3145,1772240841,3387,1772244228,25,0,1,9728,25,9921850623
3146,1772251479,198549,1772450028,0,0,0,512,0,9471503941
3147,1772257911,92647,1772350558,10,0,0,4608,10,2028186578
3148,1772262481,143955,1772406436,8,0,0,512,8,3097931663
3149,1772264193,296646,1772560839,22,0,0,10240,22,2176005894
3150,1772264823,1042,1772265865,1,0,1,1024,1,1196512455
3151,1772265540,340526,1772606066,25,0,0,62464,25,3812217154
3152,1772280882,169473,1772450355,28,0,0,1024,28,8960317864
3153,1772287166,1042,1772288208,2,0,1,1024,2,2262382527
3154,1772312709,266485,1772579194,33,0,0,1024,33,982510903
3155,1772324448,15062,1772339510,5,0,1,29184,5,7479156199
3156,1772336231,11274,1772347505,32,0,1,18432,32,78471042
3157,1772345216,3275,1772348491,7,0,1,1536,7,2367582195
3158,1772359030,4162,1772363192,4,0,1,11264,4,3151347927
3159,1772368829,2946,1772371775,38,0,1,3072,38,3795220226
3160,1772421140,150584,1772571724,22,0,0,5632,22,4002747601
3161,1772425386,566,1772425952,34,0,1,512,34,6500795889
3162,1772450833,133437,1772584270,30,0,0,2560,30,2905402105
3163,1772476005,195887,1772671892,27,0,0,40448,27,2427600956
3164,1772509091,345595,1772854686,37,0,0,16896,37,5368125894
3165,1772538222,25998,1772564220,20,0,1,3584,20,3136059198
3166,1772539839,135968,1772675807,19,0,0,12800,19,6579760057
3167,1772565954,3904,1772569858,37,0,1,10752,37,10091410354
3168,1772597691,226077,1772823768,17,0,0,113152,17,4664172818
3169,1772620009,222282,1772842291,31,0,0,5632,31,3149942926
3170,1772637414,117207,1772754621,0,0,0,1024,0,6760897492
3171,1772640151,53583,1772693734,8,0,1,87552,8,2463793418
3172,1772642844,54756,1772697600,30,0,1,6144,30,10629763728
3173,1772725317,214363,1772939680,14,0,0,59392,14,10735055726
3174,1772726363,326963,1773053326,21,0,0,512,21,3962195328
3175,1772730573,97890,1772828463,34,0,0,15360,34,1597655535
3176,1772749900,7230,1772757130,2,0,1,7680,2,5519517197
3177,1772758039,2470,1772760509,32,0,1,2560,32,6465583573
3178,1772765035,258921,1773023956,10,0,0,1024,10,10655191427
3179,1772768051,99751,1772867802,0,0,0,1024,0,7771840860
3180,1772788949,424079,1773213028,30,0,0,49664,30,10225021100
3181,1772826497,6332,1772832829,33,0,1,4608,33,413731668
3182,1772831979,180789,1773012768,6,0,0,2048,6,6621253783
3183,1772854465,177483,1773031948,39,0,0,2048,39,8626469244
3184,1772854901,157220,1773012121,1,0,0,50176,1,6201431999
3185,1772863641,245491,1773109132,23,0,0,18432,23,9016416707
3186,1772888676,108142,1772996818,23,0,0,18944,23,4339295646
3187,1772893855,207453,1773101308,39,0,0,118784,39,7422308892
3188,1772923298,19261,1772942559,26,0,1,8704,26,2041538293
3189,1772932749,395797,1773328546,1,0,0,110080,1,5541244063
3190,1772940225,321171,1773261396,37,0,0,3584,37,3762365178
3191,1772950385,6754,1772957139,23,0,1,7168,23,4595298894
3192,1772963711,7230,1772970941,10,0,1,7680,10,8680852060
3193,1772972685,6278,1772978963,7,0,1,6656,7,9699253539
3194,1772977787,364571,1773342358,20,0,0,9216,20,6294809304
3195,1772989379,413969,1773403348,27,0,0,102400,27,1656945272
3196,1772997893,15876,1773013769,11,0,1,1024,11,8831597483
3197,1773043390,249816,1773293206,1,0,0,74752,1,3733005773
3198,1773051415,3387,1773054802,0,0,1,9728,0,8984009310
3199,1773071844,40022,1773111866,5,0,1,16896,5,8630847842
3200,1773077900,39372,1773117272,15,0,1,17408,15,9030905597
3201,1773094552,442578,1773537130,22,0,0,61440,22,9028268686
3202,1773095453,23445,1773118898,30,0,1,2560,30,3744238332
3203,1773143320,185397,1773328717,8,0,0,512,8,5663290128
3204,1773179023,41649,1773220672,38,0,1,67584,38,5271525664
3205,1773216603,23637,1773240240,5,0,1,42496,5,240969215
3206,1773236716,189318,1773426034,13,0,0,19456,13,6130684841
3207,1773239956,630,1773240586,23,0,1,512,23,474705184
3208,1773257310,242126,1773499436,0,0,0,512,0,7693884004
3209,1773260809,3525,1773264334,34,0,1,3072,34,7884852522
3210,1773263401,356023,1773619424,11,0,0,71680,11,4401656675
3211,1773282274,46458,1773328732,3,0,1,32256,3,2906929768
3212,1773282302,205880,1773488182,4,0,0,19968,4,6468257558
3213,1773293189,176984,1773470173,14,0,0,2560,14,7143278475
3214,1773324569,120984,1773445553,8,0,1,194048,8,7634394673
3215,1773331528,330771,1773662299,3,0,0,24576,3,1377822163
3216,1773352324,93383,1773445707,37,0,1,8704,37,4910793838
3217,1773371571,343365,1773714936,23,0,0,13824,23,7365875253
3218,1773379124,304781,1773683905,33,0,0,1536,33,5836519823
3219,1773384928,197452,1773582380,33,0,0,512,33,4269167185
3220,1773418850,27216,1773446066,37,0,1,9728,37,1451890534
3221,1773422064,223629,1773645693,6,0,0,86016,6,7600483052
3222,1773432013,222743,1773654756,19,0,0,29696,19,3854454198
3223,1773447690,352163,1773799853,34,0,0,63488,34,5024355792
3224,1773471872,358602,1773830474,33,0,0,1024,33,10449852259
3225,1773484409,68977,1773553386,8,0,1,110080,8,106058294
3226,1773485618,397787,1773883405,22,0,0,13824,22,4123539814
3227,1773487485,67489,1773554974,37,0,1,15872,37,3908995045
3228,1773493411,347234,1773840645,25,0,0,33280,25,2745220706
3229,1773493702,329254,1773822956,11,0,0,75776,11,7602645578
3230,1773495791,435779,1773931570,5,0,0,1024,5,6795620743
3231,1773507393,82629,1773590022,5,0,1,86016,5,3157029591
3232,1773525047,65961,1773591008,15,0,1,1536,15,1606345897
3233,1773554152,377091,1773931243,14,0,0,53760,14,9161950611
3234,1773564747,410019,1773974766,10,0,0,91648,10,4883935327
3235,1773565658,185812,1773751470,33,0,0,1536,33,4105788836
3236,1773584908,34531,1773619439,33,0,1,25088,33,5590410577
3237,1773596055,23399,1773619454,32,0,1,1024,32,9316325527
3238,1773605123,249758,1773854881,5,0,0,512,5,4215725595
3239,1773605529,90343,1773695872,5,0,1,66560,5,7754495408
3240,1773617189,79669,1773696858,12,0,1,1536,12,6152183126
3241,1773620017,398383,1774018400,38,0,0,8704,38,9074518667
3242,1773624547,475951,1774100498,19,0,0,50176,19,10667495253
3243,1773625948,71256,1773697204,4,0,1,512,4,2052716516
3244,1773669964,160183,1773830147,21,0,0,23552,21,5768154854
3245,1773670453,311082,1773981535,37,0,0,19968,37,3367402381
3246,1773676597,23833,1773700430,22,0,1,5120,22,794900004
3247,1773688971,11715,1773700686,36,0,1,9216,36,6245554950
3248,1773729138,1042,1773730180,29,0,1,1024,29,5971298501
3249,1773749924,2946,1773752870,26,0,1,3072,26,6849593450
3250,1773765265,305251,1774070516,31,0,0,54784,31,8951056357
3251,1773770206,2946,1773773152,4,0,1,3072,4,4861624353
3252,1773817432,311213,1774128645,4,0,0,36352,4,8891338431
3253,1773818141,315199,1774133340,24,0,0,15360,24,10535803216
3254,1773828227,242631,1774070858,1,0,0,1024,1,3159624276
3255,1773833022,278879,1774111901,27,0,0,37376,27,3291868973
3256,1773840657,340740,1774181397,4,0,0,57344,4,5282618846
3257,1773859511,1994,1773861505,25,0,1,2048,25,10211585694
3258,1773885554,566,1773886120,15,0,1,512,15,6724518337
3259,1773890945,429987,1774320932,2,0,0,53248,2,2364063640
3260,1773910529,21056,1773931585,24,0,1,8192,24,8306874187
3261,1773957806,456312,1774414118,20,0,0,100864,20,3832374212
3262,1774015730,7599,1774023329,24,0,1,12800,24,9580055033
3263,1774024468,328147,1774352615,10,0,0,103936,10,8772907805
3264,1774030444,234683,1774265127,4,0,0,17408,4,2148530587
3265,1774032719,219937,1774252656,10,0,0,42496,10,1319412931
3266,1774052476,18055,1774070531,33,0,1,4608,33,2112776036
3267,1774139114,132460,1774271574,30,0,0,7680,30,2994890678
3268,1774146252,1042,1774147294,7,0,1,1024,7,7815527269
3269,1774152948,100363,1774253311,1,0,0,2048,1,2425669024
3270,1774161560,566,1774162126,26,0,1,512,26,7745763720
3271,1774173949,10386,1774184335,25,0,1,3072,25,6205634937
3272,1774186248,6278,1774192526,20,0,1,6656,20,8589191683
3273,1774197979,11016,1774208995,5,0,1,17920,5,9531828151
3274,1774200995,221734,1774422729,2,0,0,28160,2,2186215598
3275,1774235668,2946,1774238614,11,0,1,3072,11,9223021563
3276,1774239882,248819,1774488701,26,0,0,37376,26,6025785848
3277,1774242749,22401,1774265150,9,0,1,16896,9,4350597713
3278,1774260817,165085,1774425902,24,0,0,10240,24,6229628663
3279,1774278289,13858,1774292147,8,0,1,23552,8,150106604
3280,1774292978,4374,1774297352,30,0,1,4608,30,1120232139
3281,1774298307,62416,1774360723,38,0,1,101376,38,394464700
3282,1774323617,38092,1774361709,1,0,1,1536,1,7049986623
3283,1774324293,430567,1774754860,14,0,0,65024,14,7199503818
3284,1774329746,92998,1774422744,16,0,1,74752,16,5539948099
3285,1774347320,75447,1774422767,23,0,1,39936,23,10546127354
3286,1774375303,388479,1774763782,39,0,0,29184,39,6239913046
3287,1774375730,311838,1774687568,10,0,0,512,10,3038031825
3288,1774407170,284858,1774692028,8,0,0,1024,8,4726941060
3289,1774421933,6924,1774428857,20,0,1,3072,20,4089411127
3290,1774424086,294806,1774718892,33,0,0,1024,33,201479679
3291,1774426113,7061,1774433174,37,0,1,6656,37,6580099079
3292,1774430592,256773,1774687365,35,0,0,113664,35,1412767794
3293,1774433585,3422,1774437007,2,0,1,3584,2,6892959560
3294,1774440257,294776,1774735033,11,0,0,42496,11,9846281089
3295,1774451643,433386,1774885029,11,0,0,15360,11,8032719067
3296,1774452777,4850,1774457627,22,0,1,5120,22,188623857
3297,1774474504,14212,1774488716,34,0,1,8192,34,8467520447
3298,1774475180,13551,1774488731,11,0,1,4608,11,10255141545
3299,1774510699,4679,1774515378,3,0,1,12288,3,3137678321
3300,1774524735,1994,1774526729,9,0,1,2048,9,1456808625
3301,1774524826,4956,1774529782,24,0,1,4608,24,4909787621
3302,1774547607,328777,1774876384,37,0,0,93696,37,2651484711
3303,1774555293,277929,1774833222,35,0,0,13824,35,3014901690
3304,1774569895,462415,1775032310,24,0,0,48640,24,10431454686
3305,1774576820,13083,1774589903,23,0,1,22016,23,8469587860
3306,1774603155,315503,1774918658,21,0,0,47104,21,4152579837
3307,1774604640,160617,1774765257,21,0,0,4608,21,10660895844
3308,1774618503,389337,1775007840,4,0,0,57856,4,6497373967
3309,1774636162,3387,1774639549,18,0,1,9728,18,2663353302
3310,1774661889,374039,1775035928,20,0,0,10752,20,9560723659
3311,1774665717,33343,1774699060,11,0,1,18944,11,7325226240
3312,1774678631,23015,1774701646,18,0,1,4096,18,4805075667
3313,1774680600,74275,1774754875,3,0,1,62464,3,5676180589
3314,1774695688,71281,1774766969,3,0,1,87040,3,9688918425
3315,1774714652,54263,1774768915,26,0,1,3072,26,4505424531
3316,1774721475,411149,1775132624,24,0,0,64512,24,3505854676
3317,1774724793,376863,1775101656,34,0,0,35840,34,288582733
3318,1774726989,43067,1774770056,7,0,1,10752,7,767750810
3319,1774735752,34970,1774770722,9,0,1,1024,9,7368488884
3320,1774741504,34990,1774776494,26,0,1,7168,26,9799917370
3321,1774745031,272444,1775017475,14,0,0,9216,14,2760120779
3322,1774788710,219325,1775008035,0,0,0,512,0,9340195641
3323,1774803659,2470,1774806129,0,0,1,2560,0,2520058761
3324,1774838649,1994,1774840643,14,0,1,2048,14,3031189219
3325,1774856250,20692,1774876942,24,0,1,512,24,10042701917
3326,1774876903,3422,1774880325,11,0,1,3584,11,1900315969
3327,1774878531,6513,1774885044,4,0,1,1024,4,7080144637
3328,1774884681,7585,1774892266,31,0,1,7680,31,4399040517
3329,1774898251,265434,1775163685,13,0,0,1536,13,3833217256
3330,1774905039,180395,1775085434,33,0,0,1024,33,3484714962
3331,1774969169,566,1774969735,17,0,1,512,17,1744028121
3332,1774972609,60028,1775032637,33,0,0,1024,33,10000719514
3333,1774996547,238278,1775234825,34,0,0,37376,34,8371965016
3334,1774997932,276221,1775274153,27,0,0,20992,27,2112408378
3335,1774998704,13194,1775011898,32,0,1,10752,32,8480504566
3336,1775011604,211818,1775223422,2,0,0,19968,2,6925306319
3337,1775033651,2835,1775036486,17,0,1,512,17,24334986
3338,1775041821,340579,1775382400,3,0,0,91648,3,5272185204
3339,1775046463,566,1775047029,25,0,1,512,25,3653877935
3340,1775052641,50741,1775103382,23,0,1,81920,23,8417843481
3341,1775055608,98705,1775154313,36,0,0,1024,36,4136518146
3342,1775060314,48560,1775108874,23,0,1,17920,23,9709240148
3343,1775080923,351276,1775432199,35,0,0,59904,35,2152639788
3344,1775081442,169734,1775251176,28,0,0,15872,28,10204437238
3345,1775096465,117283,1775213748,33,0,0,4096,33,9478177325
3346,1775119712,18706,1775138418,12,0,1,6144,12,10294659158
3347,1775135141,3533,1775138674,38,0,1,9216,38,9410251971
3348,1775162954,1994,1775164948,29,0,1,2048,29,10467166454
3349,1775209817,4162,1775213979,23,0,1,11264,23,7273111144
3350,1775213475,24248,1775237723,16,0,1,39936,16,2599184658
3351,1775221555,166967,1775388522,17,0,0,19968,17,8270608135
3352,1775237139,5802,1775242941,12,0,1,6144,12,5981769398
3353,1775258292,3898,1775262190,14,0,1,4096,14,1655148581
3354,1775263614,10554,1775274168,0,0,1,5120,0,2304608523
3355,1775264302,286084,1775550386,25,0,0,137216,25,4091310818
3356,1775284048,14117,1775298165,38,0,1,24064,38,8004216747
3357,1775321294,1042,1775322336,2,0,1,1024,2,3732002345
3358,1775325468,7706,1775333174,20,0,1,8192,20,4970575668
3359,1775353826,28597,1775382423,17,0,1,5632,17,2097859023
3360,1775354942,37184,1775392126,0,0,1,10240,0,4540315549
3361,1775390008,160573,1775550581,8,0,0,512,8,1219051174
3362,1775432560,280403,1775712963,21,0,0,11264,21,6447207883
3363,1775443216,25704,1775468920,16,0,1,46592,16,2768987846
3364,1775471158,141984,1775613142,34,0,0,3584,34,6085288058
3365,1775478660,220821,1775699481,35,0,0,58880,35,2222094228
3366,1775480039,150905,1775630944,3,0,0,15360,3,670346533
3367,1775480922,566,1775481488,11,0,1,512,11,9844025148
3368,1775491457,3387,1775494844,34,0,1,9728,34,7057824502
3369,1775509253,54024,1775563277,3,0,1,24576,3,7142717617
3370,1775518851,48612,1775567463,26,0,1,6656,26,1421619926
3371,1775519280,49489,1775568769,32,0,1,2048,32,10729332794
3372,1775605077,229147,1775834224,2,0,0,46592,2,1022934040
3373,1775615008,6278,1775621286,1,0,1,6656,1,9867673670
3374,1775626425,7933,1775634358,2,0,1,3584,2,8063528852
3375,1775660738,125317,1775786055,33,0,0,25088,33,8630674182
3376,1775665604,253184,1775918788,10,0,0,114176,10,1929624771
3377,1775680774,18722,1775699496,4,0,1,6656,4,7059306246
3378,1775693785,226578,1775920363,24,0,0,5120,24,8427180094
3379,1775697430,114277,1775811707,38,0,0,9216,38,7053317234
3380,1775749742,84833,1775834575,10,0,0,1024,10,9043793258
3381,1775751292,34786,1775786078,31,0,1,49664,31,4712985404
3382,1775757823,28270,1775786093,36,0,1,10752,36,2463039476
3383,1775768079,201865,1775969944,36,0,0,2560,36,9619221965
3384,1775769666,108609,1775878275,20,0,0,2560,20,815242208
3385,1775781352,64371,1775845723,36,0,0,1536,36,8188771072
3386,1775807718,305601,1776113319,0,0,0,512,0,3434896666
3387,1775815489,197850,1776013339,39,0,0,11776,39,266820924
3388,1775816121,105677,1775921798,4,0,0,4608,4,2882393224
3389,1775820734,347573,1776168307,34,0,0,59392,34,9318484207
3390,1775828693,11167,1775839860,29,0,1,5632,29,4543391173
3391,1775831619,31369,1775862988,38,0,1,48640,38,6976292498
3392,1775855547,10027,1775865574,18,0,1,4096,18,1725014031
3393,1775878242,220159,1776098401,1,0,0,62976,1,8883374325
3394,1775880422,189368,1776069790,23,0,0,61952,23,5222119371
3395,1775904861,21270,1775926131,10,0,1,4608,10,3437963672
3396,1775906352,20445,1775926797,2,0,1,1024,2,5826737826
3397,1775995023,189554,1776184577,19,0,0,5632,19,3616608334
3398,1776020419,271999,1776292418,31,0,0,40960,31,6560357954
3399,1776024322,158516,1776182838,31,0,0,47616,31,8605066613
3400,1776049991,205176,1776255167,24,0,0,2048,24,9902445561
3401,1776064163,6185,1776070348,32,0,1,512,32,9095165360
3402,1776072243,1994,1776074237,2,0,1,2048,2,9816074206
3403,1776072344,49724,1776122068,8,0,0,512,8,2720067894
3404,1776077988,106612,1776184600,16,0,1,152576,16,3825985666
3405,1776093715,166753,1776260468,0,0,0,512,0,3764163072
3406,1776096927,245618,1776342545,2,0,0,55808,2,6504280726
3407,1776134058,50557,1776184615,0,0,1,16384,0,7135604428
3408,1776136941,97832,1776234773,30,0,0,16896,30,647307482
3409,1776157621,27481,1776185102,34,0,1,512,34,6540162945
3410,1776165391,20384,1776185775,20,0,1,1024,20,112395814
3411,1776179744,244812,1776424556,20,0,0,16896,20,6221904523
3412,1776204073,4850,1776208923,32,0,1,5120,32,4467397447
3413,1776214323,79046,1776293369,30,0,0,3072,30,1143435872
3414,1776220314,305155,1776525469,38,0,0,134656,38,6808733811
3415,1776232737,8257,1776240994,22,0,1,15360,22,1837156930
3416,1776239214,6082,1776245296,10,0,1,6144,10,8263127636
3417,1776250484,4698,1776255182,24,0,1,4608,24,9306133608
3418,1776257188,101575,1776358763,39,0,0,2048,39,7703856111
3419,1776272602,1042,1776273644,37,0,1,1024,37,7143824339
3420,1776287344,310159,1776597503,6,0,0,16384,6,4015944188
3421,1776346061,1042,1776347103,33,0,1,1024,33,2621295549
3422,1776359795,6229,1776366024,1,0,1,15360,1,2240437990
3423,1776373183,152472,1776525655,0,0,0,512,0,6507360870
3424,1776374505,248229,1776622734,1,0,0,52224,1,2521858702
3425,1776383458,5802,1776389260,12,0,1,6144,12,1718075548
3426,1776390982,189092,1776580074,26,0,0,28160,26,1143426857
3427,1776410058,2946,1776413004,11,0,1,3072,11,7283747284
3428,1776411185,279055,1776690240,4,0,0,78848,4,2012602041
3429,1776414997,566,1776415563,28,0,1,512,28,5693499607
3430,1776421009,5533,1776426542,11,0,1,2048,11,7854832715
3431,1776427696,272013,1776699709,22,0,0,3584,22,9326018105
3432,1776467052,7230,1776474282,15,0,1,7680,15,7747933897
3433,1776473506,3422,1776476928,26,0,1,3584,26,9426730003
3434,1776482273,43211,1776525484,17,0,1,8704,17,6859659421
3435,1776487825,231478,1776719303,2,0,0,29184,2,827660708
3436,1776495770,31462,1776527232,37,0,1,1536,37,9439621178
3437,1776508701,22807,1776531508,14,0,1,5632,14,4545917397
3438,1776520433,127620,1776648053,9,0,0,8192,9,812834251
3439,1776538903,4420,1776543323,25,0,1,11776,25,2597049237
3440,1776562595,5196,1776567791,18,0,1,13312,18,8202089034
3441,1776566249,132329,1776698578,30,0,0,27136,30,3094300779
3442,1776579523,194433,1776773956,33,0,0,10240,33,5201756338
3443,1776579663,204925,1776784588,28,0,0,21504,28,9682255464
3444,1776589247,153895,1776743142,37,0,0,10752,37,5218992771
3445,1776597143,44239,1776641382,3,0,1,75264,3,1953152642
3446,1776627420,24894,1776652314,3,0,1,44032,3,9140184600
3447,1776632535,26192,1776658727,36,0,1,30720,36,4554674952
3448,1776638240,24353,1776662593,37,0,1,6144,37,704044932
3449,1776647409,414795,1777062204,21,0,0,53248,21,8739392973
3450,1776656771,192639,1776849410,27,0,0,8192,27,4557150328
3451,1776659821,212314,1776872135,1,0,0,32768,1,379260677
3452,1776659873,30414,1776690287,5,0,1,46592,5,9763786367
3453,1776661241,81916,1776743157,8,0,1,71680,8,6035475003
3454,1776671194,333133,1777004327,9,0,0,18432,9,9442091862
3455,1776680315,63116,1776743431,20,0,1,13824,20,4647923250
3456,1776682602,283722,1776966324,24,0,0,28160,24,3972559715
3457,1776687896,56201,1776744097,24,0,1,1024,24,5513576856
3458,1776696844,50799,1776747643,7,0,1,5632,7,9064146312
3459,1776696933,52656,1776749589,22,0,1,3072,22,9974334849
3460,1776699438,55336,1776754774,37,0,1,24576,37,4384101533
3461,1776707867,47573,1776755440,7,0,1,1024,7,2725375449
3462,1776713609,45057,1776758666,34,0,1,5120,34,7456063940
3463,1776776598,54787,1776831385,23,0,1,93184,23,5874446100
3464,1776780727,484012,1777264739,23,0,0,82944,23,7931013965
3465,1776805566,46710,1776852276,38,0,1,67072,38,9211573936
3466,1776808902,201144,1777010046,26,0,0,9216,26,4174383790
3467,1776811010,404224,1777215234,20,0,0,55296,20,3414195679
3468,1776814836,38413,1776853249,25,0,1,12800,25,2422159233
3469,1776821391,376902,1777198293,20,0,0,150528,20,572846837
3470,1776865664,50608,1776916272,31,0,1,75776,31,3206186530
3471,1776886455,423901,1777310356,20,0,0,53760,20,8236340832
3472,1776905192,333465,1777238657,20,0,0,76800,20,5579810174
3473,1776908745,8513,1776917258,32,0,1,1536,32,201928570
3474,1776914082,325370,1777239452,27,0,0,2560,27,6988882134
3475,1776927564,1042,1776928606,25,0,1,1024,25,1504261550
3476,1776982003,46471,1777028474,3,0,1,80384,3,10601030176
3477,1777003047,363637,1777366684,28,0,0,77312,28,3344475426
3478,1777055445,369723,1777425168,34,0,0,41984,34,6033363345
3479,1777084651,1994,1777086645,20,0,1,2048,20,4975807016
3480,1777125806,72542,1777198348,23,0,1,102912,23,2988787576
3481,1777145461,304074,1777449535,2,0,0,79872,2,6829306825
3482,1777164082,425366,1777589448,2,0,0,41472,2,9811423758
3483,1777177125,235228,1777412353,20,0,0,29184,20,4477072543
3484,1777185576,79178,1777264754,23,0,1,16384,23,5042243127
3485,1777187620,211703,1777399323,23,0,0,512,23,5651612541
3486,1777240814,28369,1777269183,0,0,1,11776,0,2741924967
3487,1777251119,20654,1777271773,7,0,1,3584,7,3084209479
3488,1777268792,335530,1777604322,3,0,0,29184,3,7140157350
3489,1777280402,315005,1777595407,22,0,0,19456,22,1934263185
3490,1777284347,272526,1777556873,22,0,0,49664,22,9189277587
3491,1777284387,191371,1777475758,5,0,0,2048,5,5035074918
3492,1777286585,496598,1777783183,21,0,0,48128,21,5550719937
3493,1777302659,8731,1777311390,9,0,1,1024,9,2415126348
3494,1777316310,496291,1777812601,34,0,0,92160,34,1296714834
3495,1777351742,410580,1777762322,24,0,0,85504,24,2917193478
3496,1777385433,566,1777385999,38,0,1,512,38,5653043101
3497,1777387423,303318,1777690741,30,0,0,28160,30,80352930
3498,1777403868,259732,1777663600,33,0,0,39936,33,6771813539
3499,1777413017,86849,1777499866,29,0,0,512,29,26264334
3500,1777414323,51550,1777465873,3,0,1,31744,3,4181324919
3501,1777418823,48330,1777467153,24,0,1,14336,24,7049659045
3502,1777439038,293385,1777732423,1,0,0,32768,1,1126696661
3503,1777451046,107099,1777558145,23,0,1,157184,23,6197503492
3504,1777490420,381467,1777871887,17,0,0,67072,17,10483241462
3505,1777498449,65495,1777563944,3,0,1,19456,3,10090224207
3506,1777499217,381009,1777880226,17,0,0,27136,17,7950393382
3507,1777513123,51167,1777564290,17,0,1,512,17,4866715191
3508,1777514652,52224,1777566876,23,0,1,4096,23,7875968560
3509,1777521233,83112,1777604345,8,0,1,85504,8,1840013270
3510,1777536852,635376,1778172228,14,0,0,95232,14,4816698734
3511,1777550633,266530,1777817163,21,0,0,4096,21,8266117677
3512,1777554576,291443,1777846019,23,0,0,11776,23,1289034249
3513,1777559402,207623,1777767025,25,0,0,15360,25,10226804968
3514,1777582200,473563,1778055763,26,0,0,71680,26,6694479045
3515,1777583148,21212,1777604360,32,0,1,14336,32,1252222918
3516,1777592911,222981,1777815892,33,0,0,10752,33,7610488202
3517,1777617486,1518,1777619004,1,0,1,1536,1,5962422341
3518,1777668506,12308,1777680814,26,0,1,20480,26,8445758141
3519,1777678055,394415,1778072470,1,0,0,54784,1,4475330253
3520,1777679349,1811,1777681160,26,0,1,512,26,1009041624
3521,1777721760,10686,1777732446,34,0,1,5632,34,8208764407
3522,1777726260,56938,1777783198,5,0,1,65536,5,2953089875
3523,1777742040,495317,1778237357,1,0,0,47616,1,10534148548
3524,1777761408,357283,1778118691,9,0,0,43008,9,4100920679
3525,1777790682,718617,1778509299,27,0,0,86528,27,8959922275
3526,1777801983,438302,1778240285,10,0,0,1536,10,5395076226
3527,1777817068,94712,1777911780,5,0,1,154112,5,5358835362
3528,1777828834,393183,1778222017,3,0,0,19968,3,9013338503
3529,1777831233,102155,1777933388,8,0,1,70656,8,2139220183
3530,1777843302,95232,1777938534,34,0,1,8192,34,10600786756
3531,1777844564,495165,1778339729,4,0,0,80896,4,6602949360
3532,1777845825,417593,1778263418,35,0,0,14848,35,415812338
3533,1777846125,742188,1778588313,35,0,0,158208,35,893127650
3534,1777848540,90980,1777939520,5,0,1,1536,5,9855025433
3535,1777876911,63915,1777940826,14,0,1,2048,14,2601844731
3536,1777884095,59637,1777943732,23,0,1,4608,23,2771352897
3537,1777901666,42322,1777943988,34,0,1,9216,34,740136454
3538,1777918603,465249,1778383852,5,0,0,1024,5,2538577815
3539,1777925569,19725,1777945294,0,0,1,2048,0,3547459526
3540,1777940880,274331,1778215211,10,0,0,1024,10,2529205404
3541,1777944712,3422,1777948134,24,0,1,3584,24,6337404096
3542,1777951374,566,1777951940,33,0,1,512,33,8088621684
3543,1777981910,198059,1778179969,29,0,0,1024,29,7876971105
3544,1777990575,403923,1778394498,17,0,0,33792,17,8378985185
3545,1777995268,5712,1778000980,24,0,1,14336,24,536125129
3546,1777999162,384363,1778383525,1,0,0,53760,1,7469406779
3547,1778026010,261077,1778287087,36,0,0,512,36,8072884652
3548,1778032045,143972,1778176017,28,0,0,12288,28,4795381130
3549,1778047583,301518,1778349101,31,0,0,15872,31,3569122931
3550,1778064224,11685,1778075909,10,0,1,3584,10,2921960455
3551,1778075551,129541,1778205092,29,0,0,1024,29,9491458608
3552,1778084750,7706,1778092456,18,0,1,8192,18,4129926351
3553,1778099042,517857,1778616899,3,0,0,74752,3,3961686789
3554,1778103439,350602,1778454041,4,0,0,40448,4,4141436028
3555,1778112219,12742,1778124961,2,0,1,6656,2,10474546840
3556,1778122284,49959,1778172243,5,0,1,45568,5,9123552952
3557,1778128748,43510,1778172258,22,0,1,6656,22,2059243663
3558,1778140210,527516,1778667726,25,0,0,12288,25,7608966886
3559,1778166119,218068,1778384187,0,0,0,1024,0,7297148570
3560,1778172567,16737,1778189304,38,0,1,25600,38,8113333101
3561,1778175233,16337,1778191570,33,0,1,3584,33,4297667866
3562,1778186026,6517,1778192543,9,0,1,12800,9,8191113668
3563,1778190762,2767,1778193529,9,0,1,1536,9,10719409011
3564,1778211513,25867,1778237380,3,0,1,32768,3,2984251537
3565,1778218204,19191,1778237395,17,0,1,3584,17,3356046434
3566,1778226630,367470,1778594100,15,0,0,18944,15,79977360
3567,1778285200,4937,1778290137,0,0,1,12800,0,10258492519
3568,1778290052,2946,1778292998,20,0,1,3072,20,5900960895
3569,1778302737,4374,1778307111,1,0,1,4608,1,3775656162
3570,1778320235,391023,1778711258,0,0,0,512,0,4687276435
3571,1778323248,18509,1778341757,15,0,1,2048,15,10243367505
3572,1778324414,292672,1778617086,29,0,0,512,29,5181889698
3573,1778342041,463034,1778805075,38,0,0,8704,38,10579688127
3574,1778357032,3645,1778360677,4,0,1,10240,4,5333679230
3575,1778368077,30278,1778398355,28,0,1,4096,28,3283443687
3576,1778385851,12850,1778398701,10,0,1,512,10,3937717202
3577,1778413643,3387,1778417030,34,0,1,9728,34,6982266315
3578,1778415736,2914,1778418650,17,0,1,2048,17,626351256
3579,1778418349,1042,1778419391,22,0,1,1024,22,7449675049
3580,1778435721,275358,1778711079,2,0,0,98816,2,7139679610
3581,1778449127,6424,1778455551,4,0,1,1536,4,4883513317
3582,1778465401,3898,1778469299,28,0,1,4096,28,1289651562
3583,1778470435,2946,1778473381,32,0,1,3072,32,5690528742
3584,1778472987,146306,1778619293,35,0,0,7168,35,2943388291
3585,1778500251,14236,1778514487,31,0,1,13312,31,6062812034
3586,1778549567,163466,1778713033,29,0,0,3072,29,5220686883
3587,1778555196,77447,1778632643,17,0,1,22528,17,5676316771
3588,1778557828,76761,1778634589,31,0,1,3072,31,9833798604
3589,1778597058,65098,1778662156,16,0,1,61440,16,7932170519
3590,1778603438,208518,1778811956,28,0,0,7168,28,4122801004
3591,1778610792,56949,1778667741,14,0,1,4096,14,4958070050
3592,1778637627,30137,1778667764,30,0,1,3072,30,7749122024
3593,1778661884,5895,1778667779,1,0,1,1024,1,635882056
3594,1778665670,232548,1778898218,13,0,0,24576,13,1411874746
3595,1778683632,30581,1778714213,2,0,1,3072,2,5481577603
3596,1778700841,15266,1778716107,29,0,1,10752,29,9551980689
3597,1778708609,8164,1778716773,25,0,1,1024,25,6123824979
3598,1778719310,1042,1778720352,33,0,1,1024,33,10450903570
3599,1778725871,24154,1778750025,31,0,1,43520,31,10547832877
3600,1778740182,259544,1778999726,3,0,0,30720,3,517158397
3601,1778758679,364006,1779122685,1,0,0,94208,1,9700995287
3602,1778768765,3904,1778772669,30,0,1,10752,30,9221413374
3603,1778805813,256188,1779062001,36,0,0,512,36,2463949980
3604,1778809684,202684,1779012368,10,0,0,512,10,8829167080
3605,1778814296,339523,1779153819,23,0,0,44032,23,951495695
3606,1778848347,213483,1779061830,5,0,0,512,5,6110787252
3607,1778924813,321172,1779245985,33,0,0,103424,33,396468173
3608,1778947783,364387,1779312170,3,0,0,22016,3,2743919319
3609,1778968349,361183,1779329532,28,0,0,22016,28,8742919778
3610,1778969706,1994,1778971700,7,0,1,2048,7,1886627293
3611,1778982014,434071,1779416085,23,0,0,13824,23,1763019214
3612,1779009057,237115,1779246172,36,0,0,512,36,9216124039
3613,1779018603,51612,1779070215,26,0,0,1536,26,10382187624
3614,1779067261,5326,1779072587,12,0,1,5632,12,3780643418
3615,1779077982,191911,1779269893,2,0,0,5120,2,8167941237
3616,1779085656,428631,1779514287,31,0,0,17408,31,2742855390
3617,1779100262,24409,1779124671,25,0,1,2048,25,5201667732
3618,1779123980,181459,1779305439,33,0,0,65536,33,7036046055
3619,1779127391,278614,1779406005,6,0,0,26112,6,9046572220
3620,1779147661,278423,1779426084,23,0,0,32768,23,1883507613
3621,1779175046,1042,1779176088,28,0,1,1024,28,7962020026
3622,1779182642,185687,1779368329,27,0,0,18432,27,6777485159
3623,1779224222,35446,1779259668,25,0,1,26112,25,10294461775
3624,1779228085,178715,1779406800,8,0,0,2560,8,6330964649
3625,1779235508,256645,1779492153,25,0,0,77312,25,7470190033
3626,1779252335,7999,1779260334,24,0,1,1024,24,8377459803
3627,1779281269,342182,1779623451,22,0,0,63488,22,1937943413
3628,1779292343,103984,1779396327,0,0,0,1024,0,10234552748
3629,1779314010,282831,1779596841,28,0,0,25088,28,4469083863
3630,1779318662,23378,1779342040,31,0,1,41984,31,4936627680
3631,1779356943,167628,1779524571,25,0,0,15872,25,8737952757
3632,1779367902,12985,1779380887,28,0,1,20992,28,3119376766
3633,1779379443,120288,1779499731,27,0,0,15360,27,7042028592
3634,1779430277,269704,1779699981,31,0,0,40960,31,2475788245
3635,1779435294,230199,1779665493,22,0,0,89088,22,5447279507
3636,1779437995,232988,1779670983,13,0,0,15360,13,1887157785
3637,1779467728,233532,1779701260,5,0,0,4096,5,2681271529
3638,1779482036,500274,1779982310,25,0,0,4096,25,8759798264
3639,1779493333,546397,1780039730,9,0,0,182784,9,3935526720
3640,1779497734,291466,1779789200,34,0,0,36864,34,6419567317
3641,1779526385,139903,1779666288,13,0,0,2560,13,5624496658
3642,1779568847,10499,1779579346,14,0,1,16896,14,2719170805
3643,1779577446,196077,1779773523,10,0,0,2048,10,9633617970
3644,1779577866,2146,1779580012,28,0,1,1024,28,3731067111
3645,1779584594,327150,1779911744,25,0,0,30720,25,6553951501
3646,1779588979,254996,1779843975,5,0,0,1024,5,7366929103
3647,1779597107,584277,1780181384,17,0,0,49664,17,157206250
3648,1779638168,32830,1779670998,8,0,1,41984,8,2600633078
3649,1779667482,420423,1780087905,28,0,0,66048,28,7349894287
3650,1779669056,516766,1780185822,35,0,0,1024,35,4788553314
3651,1779672394,2470,1779674864,20,0,1,2560,20,769527977
3652,1779684446,202566,1779887012,25,0,0,30208,25,8998071524
3653,1779688035,526628,1780214663,15,0,0,40960,15,4574158112
3654,1779690423,15992,1779706415,3,0,1,13312,3,428594550
3655,1779702304,524525,1780226829,10,0,0,512,10,8445359896
3656,1779704195,347562,1780051757,38,0,0,39424,38,1753106740
3657,1779705069,5509,1779710578,22,0,1,13312,22,8914862298
3658,1779710081,133006,1779843087,27,0,0,8192,27,7041548475
3659,1779713339,472124,1780185463,38,0,0,13312,38,2737171222
3660,1779713386,76921,1779790307,38,0,0,3584,38,4585560720
3661,1779713802,22862,1779736664,23,0,1,40960,23,3878876171
3662,1779734180,608563,1780342743,8,0,0,182272,8,9841646069
3663,1779763143,36346,1779799489,38,0,1,64000,38,3066498740
3664,1779768443,32672,1779801115,1,0,1,2560,1,8028714813
3665,1779776690,275418,1780052108,10,0,0,1024,10,9815096150
3666,1779778093,611160,1780389253,19,0,0,17920,19,2292343800
3667,1779781467,23514,1779804981,0,0,1,6144,0,2475518886
3668,1779783260,23027,1779806287,22,0,1,2048,22,4080783786
3669,1779790027,376210,1780166237,9,0,0,104960,9,8213253048
3670,1779794932,12021,1779806953,20,0,1,1024,20,10391129446
3671,1779798621,11558,1779810179,3,0,1,5120,3,7075524527
3672,1779832518,430341,1780262859,34,0,0,81408,34,6557333597
3673,1779842784,1813,1779844597,29,0,1,1536,29,2393303423
3674,1779845641,1994,1779847635,0,0,1,2048,0,2755648322
3675,1779852583,530665,1780383248,25,0,0,84480,25,10319646436
3676,1779864219,47540,1779911759,8,0,1,77312,8,6266782535
3677,1779867109,395921,1780263030,5,0,0,512,5,9541056525
3678,1779873596,38178,1779911774,4,0,1,13312,4,4248968916
3679,1779914204,5454,1779919658,30,0,1,13824,30,7528768543
3680,1779928514,492974,1780421488,6,0,0,13824,6,10725262045
3681,1780002115,280126,1780282241,1,0,0,62976,1,5128578902
3682,1780014291,40296,1780054587,28,0,1,2560,28,6171655850
3683,1780022058,165027,1780187085,38,0,0,4096,38,2164030149
3684,1780044644,20302,1780064946,16,0,1,19968,16,9556044365
3685,1780050003,37925,1780087928,9,0,1,8192,9,6680227219
3686,1780062687,25256,1780087943,28,0,1,3584,28,777087924
3687,1780068150,24742,1780092892,23,0,1,12800,23,2783084297
3688,1780073322,24335,1780097657,3,0,1,6144,3,7250900999
3689,1780075438,24485,1780099923,33,0,1,3584,33,7882999825
3690,1780110225,247228,1780357453,23,0,0,48128,23,7196994128
3691,1780113138,281278,1780394416,4,0,0,16896,4,4088391310
3692,1780141891,347570,1780489461,25,0,0,90624,25,10613159480
3693,1780158172,225606,1780383778,25,0,0,1536,25,7543975022
3694,1780162716,64944,1780227660,16,0,1,65536,16,2291106312
3695,1780170593,58373,1780228966,25,0,1,2048,25,5398403318
3696,1780172693,109883,1780282576,10,0,0,1024,10,339666958
3697,1780189599,45883,1780235482,1,0,1,31232,1,4115482254
3698,1780222770,266862,1780489632,29,0,0,512,29,229914974
3699,1780223632,177351,1780400983,2,0,0,21504,2,5207883565
3700,1780253753,302797,1780556550,0,0,0,512,0,4574830202
3701,1780269463,73311,1780342774,33,0,1,23552,33,1357270275
3702,1780282837,211407,1780494244,1,0,0,5120,1,2840727339
3703,1780288713,94582,1780383295,33,0,1,3584,33,2657776830
3704,1780307827,93187,1780401014,9,0,1,29184,9,6356161573
3705,1780310094,357017,1780667111,17,0,0,49152,17,9126957796
3706,1780330247,70782,1780401029,1,0,1,14336,1,6998338611
3707,1780333638,448251,1780781889,30,0,0,182272,30,9410711489
3708,1780347223,149590,1780496813,36,0,0,512,36,6190881263
3709,1780353188,48320,1780401508,28,0,1,512,28,6725136255
3710,1780397464,4390,1780401854,30,0,1,512,30,735456422
3711,1780405077,220818,1780625895,20,0,0,39424,20,1121501126
3712,1780427805,281185,1780708990,27,0,0,24064,27,598113063
3713,1780438147,261383,1780699530,27,0,0,13824,27,2461679450
3714,1780443253,188117,1780631370,15,0,0,17920,15,9307312515
3715,1780444691,393166,1780837857,30,0,0,15872,30,403271611
3716,1780483866,8721,1780492587,29,0,1,3072,29,3867919426
3717,1780484756,9503,1780494259,10,0,1,1536,10,5601455460
3718,1780499831,282229,1780782060,0,0,0,512,0,7077157851
3719,1780528984,5802,1780534786,25,0,1,6144,25,9129791379
3720,1780546722,1042,1780547764,30,0,1,1024,30,9461818912
3721,1780554822,236332,1780791154,24,0,0,29184,24,5107300142
3722,1780569682,233499,1780803181,17,0,0,39424,17,1182000081
3723,1780571145,73316,1780644461,5,0,1,119296,5,2287406303
3724,1780610392,35695,1780646087,32,0,1,2560,32,1800584285
3725,1780640866,6527,1780647393,18,0,1,2048,18,735280982
3726,1780645238,344983,1780990221,4,0,0,67072,4,2338433077
3727,1780658525,123722,1780782247,29,0,0,512,29,10310449856
3728,1780681734,233785,1780915519,27,0,0,512,27,2357029305
3729,1780694108,5437,1780699545,23,0,1,4608,23,1160732769
3730,1780706828,179908,1780886736,8,0,0,21504,8,5133550698
3731,1780712328,194622,1780906950,29,0,0,1024,29,7554028166
3732,1780733315,80091,1780813406,0,0,1,16384,0,3219454390
3733,1780737323,79949,1780817272,4,0,1,6144,4,9523287232
3734,1780779321,42777,1780822098,5,0,1,7680,5,408013628
3735,1780816198,9126,1780825324,14,0,1,5120,14,6788062655
3736,1780841472,348698,1781190170,23,0,0,29696,23,10389698042
3737,1780856416,4850,1780861266,33,0,1,5120,33,5798715733
3738,1780864176,333513,1781197689,30,0,0,24576,30,6728594395
3739,1780868623,7706,1780876329,18,0,1,8192,18,5513278260
3740,1780879841,158784,1781038625,0,0,0,1024,0,3185464574
3741,1780881070,8604,1780889674,17,0,1,3072,17,2128455610
3742,1780923701,1994,1780925695,37,0,1,2048,37,3303129798
3743,1780925880,33245,1780959125,3,0,1,57856,3,3588191968
3744,1780952504,8887,1780961391,12,0,1,3584,12,5334147661
3745,1780959494,255909,1781215403,27,0,0,1536,27,5033027893
3746,1780965438,566,1780966004,4,0,1,512,4,7989619945
3747,1780998418,199598,1781198016,29,0,0,1024,29,389278227
3748,1780999295,378333,1781377628,15,0,0,20992,15,2166062140
3749,1781004363,176744,1781181107,4,0,0,79360,4,58148729
3750,1781014172,7230,1781021402,38,0,1,7680,38,7386935361
3751,1781014819,129274,1781144093,31,0,0,19456,31,8489702163
3752,1781043279,21916,1781065195,8,0,1,35840,8,2640229021
3753,1781043864,26157,1781070021,15,0,1,7680,15,4446074674
3754,1781056045,14962,1781071007,14,0,1,1536,14,5002606437
3755,1781057723,17150,1781074873,2,0,1,6144,2,5669042896
3756,1781089429,110326,1781199755,30,0,0,5632,30,9092242416
3757,1781099845,239569,1781339414,1,0,0,13824,1,4455121182
3758,1781111095,417392,1781528487,17,0,0,105472,17,2705519613
3759,1781117766,471354,1781589120,3,0,0,46592,3,3163814855
3760,1781134108,155253,1781289361,0,0,0,1536,0,4291709130
3761,1781136342,230551,1781366893,23,0,0,90112,23,4639659488
3762,1781137195,197992,1781335187,31,0,0,68608,31,8079100552
3763,1781165312,203975,1781369287,37,0,0,7168,37,478048508
3764,1781166287,386863,1781553150,39,0,0,80896,39,4512220135
3765,1781190327,9953,1781200280,25,0,1,512,25,718943181
3766,1781199144,233808,1781432952,22,0,0,5120,22,802416142
3767,1781241189,125891,1781367080,10,0,0,512,10,7772222617
3768,1781245774,3128,1781248902,5,0,1,9216,5,149649827
3769,1781255019,33333,1781288352,3,0,1,54784,3,4800588002
3770,1781283642,5734,1781289376,17,0,1,1536,17,3530102868
3771,1781330102,47541,1781377643,18,0,1,6656,18,10601705867
3772,1781339102,300355,1781639457,8,0,0,80384,8,8638052145
3773,1781365582,16917,1781382499,26,0,1,25600,26,1540429666
3774,1781368609,17436,1781386045,18,0,1,5632,18,2018659756
3775,1781371477,185916,1781557393,38,0,0,13824,38,9769315746
3776,1781389322,13858,1781403180,33,0,1,23552,33,3621102148
3777,1781393794,247246,1781641040,39,0,0,5120,39,9737191143
3778,1781399041,7685,1781406726,12,0,1,5632,12,511741802
3779,1781412723,349958,1781762681,11,0,0,118272,11,4998073985
3780,1781432541,3349,1781435890,24,0,1,3072,24,4255347241
3781,1781436240,6229,1781442469,38,0,1,15360,38,9037286229
3782,1781487067,341795,1781828862,1,0,0,46592,1,1607486268
3783,1781516044,198731,1781714775,31,0,0,18944,31,9555817509
3784,1781530029,233143,1781763172,9,0,0,1536,9,7763461384
3785,1781547494,468105,1782015599,9,0,0,225792,9,6419966958
3786,1781552394,6058,1781558452,22,0,1,1024,22,1880262737
3787,1781580259,10847,1781591106,0,0,1,2048,0,7932082827
3788,1781596838,208859,1781805697,35,0,0,53248,35,2505620643
3789,1781602094,344678,1781946772,23,0,0,22016,23,5865212191
3790,1781623840,23437,1781647277,25,0,1,6656,25,4016641161
3791,1781652748,366002,1782018750,27,0,0,10240,27,7641937947
3792,1781652786,7233,1781660019,25,0,1,7680,25,10031117946
3793,1781665601,54358,1781719959,8,0,1,89088,8,5532825648
3794,1781682139,38793,1781720932,18,0,1,12800,18,7964679211
3795,1781690295,367368,1782057663,24,0,0,31232,24,5226626614
3796,1781713190,8203,1781721393,25,0,1,10240,25,8187237742
3797,1781749932,190117,1781940049,21,0,0,28160,21,8188979651
3798,1781755874,275097,1782030971,14,0,0,2560,14,3502346548
3799,1781797184,12420,1781809604,11,0,1,4096,11,10276609529
3800,1781805246,221631,1782026877,14,0,0,26624,14,5990839782
3801,1781816976,346838,1782163814,39,0,0,28160,39,5903848716
3802,1781835272,309764,1782145036,1,0,0,94208,1,10220448614
3803,1781837996,307999,1782145995,36,0,0,3072,36,3718096655
3804,1781840882,3422,1781844304,32,0,1,3584,32,2126092796
3805,1781845173,185003,1782030176,23,0,0,10752,23,8058409742
3806,1781850444,355118,1782205562,3,0,0,53248,3,4810068483
3807,1781853535,409501,1782263036,23,0,0,18944,23,8062530590
3808,1781857066,392595,1782249661,25,0,0,54784,25,10552131402
3809,1781888333,35829,1781924162,3,0,1,62976,3,5194242715
3810,1781897587,138735,1782036322,1,0,0,10752,1,4072151976
3811,1781899460,28248,1781927708,31,0,1,5632,31,9844366636
3812,1781903692,24682,1781928374,17,0,1,1024,17,5222174481
3813,1781914287,16673,1781930960,34,0,1,4096,34,8724454715
3814,1781920221,11085,1781931306,29,0,1,512,29,10621068844
3815,1781920404,148034,1782068438,29,0,0,4096,29,6033588386
3816,1781931361,297739,1782229100,33,0,0,27136,33,5510780788
3817,1781932474,129555,1782062029,5,0,1,80384,5,982189111
3818,1781933778,133397,1782067175,28,0,1,8192,28,10496768152
3819,1781976916,91537,1782068453,30,0,1,1536,30,10141706846
3820,1782032915,132435,1782165350,29,0,0,512,29,987886532
3821,1782035855,169893,1782205748,10,0,0,512,10,4843836012
3822,1782036987,35040,1782072027,17,0,1,6144,17,6660827283
3823,1782053127,21486,1782074613,26,0,1,4096,26,9947657296
3824,1782102513,240942,1782343455,38,0,0,18432,38,9659904038
3825,1782112934,209299,1782322233,39,0,0,33792,39,1442532175
3826,1782118417,206795,1782325212,25,0,0,9728,25,3358140014
3827,1782131046,281789,1782412835,14,0,0,10752,14,4514055001
3828,1782133807,71770,1782205577,31,0,1,90112,31,6639058377
3829,1782145066,412843,1782557909,19,0,0,52224,19,4303965978
3830,1782186709,179402,1782366111,30,0,0,15360,30,8627615532
3831,1782213023,5326,1782218349,11,0,1,5632,11,8469097124
3832,1782243477,8663,1782252140,22,0,1,2560,22,5159136475
3833,1782249339,372061,1782621400,34,0,0,103424,34,7770099919
3834,1782254799,11533,1782266332,9,0,1,18944,9,1019376108
3835,1782271625,117875,1782389500,30,0,0,45568,30,5886793138
3836,1782281459,308406,1782589865,19,0,0,20992,19,3491816465
3837,1782292836,157625,1782450461,29,0,0,2048,29,10607164065
3838,1782308688,2946,1782311634,11,0,1,3072,11,1429429874
3839,1782332576,5196,1782337772,24,0,1,13312,24,7410240764
3840,1782333745,16189,1782349934,5,0,1,25600,5,10644435555
3841,1782346904,5296,1782352200,14,0,1,3584,14,5510372182
3842,1782382671,8815,1782391486,32,0,1,2048,32,7712546209
3843,1782427000,5326,1782432326,31,0,1,5632,31,336122703
3844,1782444098,237384,1782681482,15,0,0,71680,15,6133757548
3845,1782464531,1994,1782466525,24,0,1,2048,24,8647548321
3846,1782472257,241576,1782713833,3,0,0,44032,3,5938307098
3847,1782480011,4679,1782484690,30,0,1,12288,30,7054206455
3848,1782480149,9933,1782490082,20,0,1,6656,20,2218217391
3849,1782489620,1128,1782490748,12,0,1,1024,12,8691111801
3850,1782495062,316958,1782812020,15,0,0,88576,15,4059576457
3851,1782510309,1518,1782511827,32,0,1,1536,32,1537647843
3852,1782526771,2946,1782529717,25,0,1,3072,25,450151325
3853,1782541086,80345,1782621431,16,0,1,83968,16,7441892652
3854,1782561364,349988,1782911352,38,0,0,48128,38,5740440726
3855,1782583592,38809,1782622401,17,0,1,1024,17,4039778117
3856,1782591019,256216,1782847235,35,0,0,8192,35,4418561817
3857,1782641833,39672,1782681505,38,0,1,56320,38,5424343239
3858,1782660577,158443,1782819020,19,0,0,11776,19,10209057237
3859,1782694496,184908,1782879404,39,0,0,48640,39,4170128302
3860,1782704607,505366,1783209973,39,0,0,5632,39,462522904
3861,1782708813,242927,1782951740,3,0,0,31744,3,4888314525
3862,1782710784,468649,1783179433,30,0,0,124416,30,8482147863
3863,1782715555,22174,1782737729,8,0,1,36352,8,383396562
3864,1782717679,21676,1782739355,15,0,1,2560,15,4843381093
3865,1782754070,101107,1782855177,14,0,0,4608,14,597941312
3866,1782754589,305864,1783060453,23,0,0,52736,23,6985061215
3867,1782778773,4850,1782783623,30,0,1,5120,30,4766908109
3868,1782780262,361248,1783141510,23,0,0,55296,23,5727044131
3869,1782784228,27807,1782812035,9,0,1,25088,9,9764351250
3870,1782803500,15543,1782819043,33,0,1,6656,33,1389565540
3871,1782817270,511721,1783328991,28,0,0,35840,28,6954047835
3872,1782827933,163306,1782991239,30,0,0,56832,30,8468373765
3873,1782871637,385240,1783256877,35,0,0,94208,35,10284589343
3874,1782872040,316300,1783188340,39,0,0,29184,39,5613617988
3875,1782873696,493943,1783367639,15,0,0,66560,15,256069595
3876,1782892918,328274,1783221192,36,0,0,2048,36,6153370863
3877,1782897216,420824,1783318040,22,0,0,11264,22,8876889565
3878,1782912733,2470,1782915203,14,0,1,2560,14,8073833300
3879,1782914965,399628,1783314593,28,0,0,109568,28,10346282368
3880,1782927463,419865,1783347328,6,0,0,58368,6,8278348793
3881,1782928046,279575,1783207621,1,0,0,9216,1,7380693442
3882,1782934600,346594,1783281194,34,0,0,71168,34,1726762337
3883,1783004302,2946,1783007248,34,0,1,3072,34,2381807113
3884,1783025615,3422,1783029037,0,0,1,3584,0,2601145244
3885,1783053590,275728,1783329318,10,0,0,1024,10,8273634006
3886,1783112303,217186,1783329489,10,0,0,512,10,2953278585
3887,1783169244,200750,1783369994,34,0,0,7680,34,9021908856
3888,1783222311,262236,1783484547,2,0,0,28672,2,7119652904
3889,1783226561,243701,1783470262,10,0,0,512,10,3686910057
3890,1783278548,162715,1783441263,38,0,0,47616,38,3319653722
3891,1783298932,171159,1783470091,8,0,0,64512,8,9099096535
3892,1783307504,62513,1783370017,31,0,1,22016,31,10016748426
3893,1783307798,62234,1783370032,26,0,1,15872,26,6690784215
3894,1783308828,115377,1783424205,23,0,0,8192,23,7611366101
3895,1783315596,126478,1783442074,0,0,0,2560,0,9369045363
3896,1783325847,243080,1783568927,33,0,0,9728,33,5008405465
3897,1783351009,310546,1783661555,3,0,0,29184,3,10273122751
3898,1783363492,310866,1783674358,3,0,0,35328,3,9453640228
3899,1783407773,6488,1783414261,38,0,1,15872,38,9809833470
3900,1783414922,70420,1783485342,27,0,0,2560,27,10241667111
3901,1783429741,18288,1783448029,32,0,1,14848,32,2103025892
3902,1783432928,37357,1783470285,8,0,1,34816,8,8645063287
3903,1783435172,35128,1783470300,16,0,1,9216,16,9073979896
3904,1783462580,8724,1783471304,2,0,1,1024,2,6960874790
3905,1783502400,1518,1783503918,33,0,1,1536,33,2541167967
3906,1783520908,237367,1783758275,13,0,0,23552,13,3140094527
3907,1783541999,2946,1783544945,20,0,1,3072,20,3990581279
3908,1783553990,4374,1783558364,24,0,1,4608,24,2581075830
3909,1783566477,4436,1783570913,15,0,1,2048,15,10380390386
3910,1783623754,159831,1783783585,14,0,0,81920,14,6132571757
3911,1783629908,3898,1783633806,14,0,1,4096,14,5183863404
3912,1783639415,6278,1783645693,7,0,1,6656,7,1250991031
3913,1783641683,84387,1783726070,38,0,1,140800,38,9863963556
3914,1783652926,255187,1783908113,8,0,0,17920,8,4661654115
3915,1783656622,161667,1783818289,38,0,0,4608,38,4611075788
3916,1783678863,169964,1783848827,3,0,0,26112,3,9648891230
3917,1783681783,45913,1783727696,33,0,1,2560,33,7922684275
3918,1783691147,187304,1783878451,20,0,0,19456,20,200655584
3919,1783701219,57383,1783758602,39,0,0,1024,39,6207040903
3920,1783722111,164311,1783886422,21,0,0,26112,21,701192357
3921,1783751866,174836,1783926702,16,0,1,231936,16,9044266478
3922,1783763010,189613,1783952623,16,0,1,91136,16,568837318
3923,1783837686,435759,1784273445,31,0,0,73728,31,506865747
3924,1783843553,217186,1784060739,10,0,0,1536,10,348621048
3925,1783846274,107937,1783954211,16,0,1,15872,16,1236590036
3926,1783847974,362538,1784210512,30,0,0,54784,30,2890061164
3927,1783858080,101277,1783959357,3,0,1,8192,3,5713828739
3928,1783872541,320345,1784192886,6,0,0,18944,6,4770891782
3929,1783887844,71872,1783959716,0,0,1,9728,0,7938537618
3930,1783920874,318201,1784239075,1,0,0,12288,1,9780386104
3931,1783925145,224599,1784149744,29,0,0,1536,29,1209794613
3932,1783937103,484804,1784421907,20,0,0,51200,20,474902595
3933,1783964389,627921,1784592310,33,0,0,6656,33,4069726848
3934,1783964924,529520,1784494444,29,0,0,3072,29,8983943762
3935,1783965476,1994,1783967470,34,0,1,2048,34,7232572553
3936,1783967974,1518,1783969492,12,0,1,1536,12,7989954410
3937,1783977108,3898,1783981006,32,0,1,4096,32,2005011887
3938,1783985824,348428,1784334252,39,0,0,44032,39,2094805167
3939,1783985981,4850,1783990831,1,0,1,5120,1,4590417704
3940,1783998267,4374,1784002641,14,0,1,4608,14,390181956
3941,1783999782,212617,1784212399,1,0,0,6144,1,5554869957
3942,1784004387,277179,1784281566,38,0,0,18432,38,8037150371
3943,1784012054,6278,1784018332,4,0,1,6656,4,5795934177
3944,1784031219,449414,1784480633,14,0,0,99328,14,3327192582
3945,1784034315,756889,1784791204,33,0,0,159232,33,4413936018
3946,1784045965,189351,1784235316,24,0,0,16896,24,6323395890
3947,1784054384,249101,1784303485,3,0,0,5120,3,624233444
3948,1784063676,362949,1784426625,34,0,0,15360,34,1710139896
3949,1784085908,4374,1784090282,14,0,1,4608,14,6408212052
3950,1784089345,161621,1784250966,38,0,0,5120,38,5447578995
3951,1784106995,471540,1784578535,30,0,0,71680,30,10246986215
3952,1784113910,368142,1784482052,4,0,0,4608,4,2900031701
3953,1784122164,3645,1784125809,1,0,1,10240,1,3930710638
3954,1784132528,764858,1784897386,19,0,0,43520,19,4655703403
3955,1784143043,3422,1784146465,20,0,1,3584,20,4341623633
3956,1784154732,558305,1784713037,19,0,0,53248,19,6178391152
3957,1784157316,2946,1784160262,29,0,1,3072,29,1329512925
3958,1784183260,90208,1784273468,3,0,1,120320,3,5297182481
3959,1784193412,212880,1784406292,19,0,0,12288,19,6418265096
3960,1784220505,52978,1784273483,29,0,1,1536,29,1985353587
3961,1784251440,387485,1784638925,33,0,0,36864,33,4137856279
3962,1784283892,600211,1784884103,37,0,0,68608,37,143864905
3963,1784289638,213040,1784502678,6,0,0,17920,6,2243711231
3964,1784299596,657533,1784957129,11,0,0,75264,11,10577002818
3965,1784320961,257745,1784578706,0,0,0,512,0,5149833488
3966,1784324227,521631,1784845858,38,0,0,130560,38,1242541257
3967,1784325701,588704,1784914405,35,0,0,55808,35,2374599207
3968,1784333235,2126,1784335361,33,0,1,1024,33,7765013086
3969,1784346874,2470,1784349344,28,0,1,2560,28,3249435568
3970,1784351877,4850,1784356727,34,0,1,5120,34,2466865501
3971,1784353003,622707,1784975710,35,0,0,20992,35,3522111044
3972,1784368942,4937,1784373879,2,0,1,12800,2,6039504015
3973,1784398804,23118,1784421922,24,0,1,5632,24,2505846859
3974,1784411102,331301,1784742403,15,0,0,24576,15,2235894254
3975,1784425075,380988,1784806063,1,0,0,48640,1,815058526
3976,1784470365,13214,1784483579,7,0,1,1536,7,8189723182
3977,1784478184,8719,1784486903,1,0,1,4608,1,6995945152
3978,1784491219,601719,1785092938,30,0,0,114176,30,9607285870
3979,1784604064,243548,1784847612,15,0,0,5632,15,5558634782
3980,1784625683,15837,1784641520,5,0,1,30720,5,7511092861
3981,1784633120,8684,1784641804,10,0,1,8704,10,5298407273
3982,1784635074,8982,1784644056,17,0,1,2560,17,4702402183
3983,1784656130,7706,1784663836,7,0,1,8192,7,8959375072
3984,1784679469,2946,1784682415,34,0,1,3072,34,7348463484
3985,1784684243,1994,1784686237,28,0,1,2048,28,1586113183
3986,1784702952,395165,1785098117,8,0,0,16896,8,10361629268
3987,1784713401,2946,1784716347,33,0,1,3072,33,1843228774
3988,1784715491,142379,1784857870,33,0,0,512,33,3574994767
3989,1784727052,118829,1784845881,3,0,1,134656,3,756293129
3990,1784758296,299839,1785058135,6,0,0,87040,6,753400784
3991,1784761867,269733,1785031600,37,0,0,28160,37,142751261
3992,1784764221,86792,1784851013,37,0,1,13312,37,3061372926
3993,1784837559,333143,1785170702,6,0,0,35328,6,9661228593
3994,1784874011,224753,1785098764,37,0,0,2048,37,8545890382
3995,1784886408,34235,1784920643,7,0,1,15360,7,560866960
3996,1784892317,31232,1784923549,26,0,1,4608,26,2482138252
3997,1784940536,18596,1784959132,14,0,1,2048,14,1863549441
3998,1784948618,15898,1784964516,1,0,1,7168,1,1704631717
3999,1784995950,1518,1784997468,20,0,1,1536,20,3799502451
4000,1785000875,341360,1785342235,24,0,0,186880,24,4953917777
4001,1785022549,107847,1785130396,6,0,0,52736,6,6590289582
4002,1785061392,349969,1785411361,13,0,0,115200,13,2685687960
4003,1785067840,155535,1785223375,25,0,0,6144,25,3470394623
4004,1785084090,16627,1785100717,22,0,1,2048,22,7953010144
4005,1785138592,276996,1785415588,13,0,0,13824,13,1351117144
4006,1785141499,7706,1785149205,34,0,1,8192,34,1614538673
4007,1785143216,326104,1785469320,20,0,0,58880,20,10542115311
4008,1785152134,46212,1785198346,38,0,1,79872,38,3531813588
4009,1785216668,153898,1785370566,28,0,0,3072,28,4308003134
4010,1785228273,10499,1785238772,10,0,1,16896,10,6647816951
4011,1785228716,15202,1785243918,22,0,1,8192,22,627697816
4012,1785229712,257847,1785487559,8,0,0,58368,8,9565194875
4013,1785238220,6044,1785244264,26,0,1,512,26,6016999359
4014,1785241685,421267,1785662952,14,0,0,15360,14,4450689655
4015,1785275608,5454,1785281062,30,0,1,13824,30,9803239311
4016,1785283422,134810,1785418232,36,0,0,1536,36,4316857886
4017,1785319840,257041,1785576881,13,0,0,7680,13,9939480664
4018,1785321543,169478,1785491021,39,0,0,11264,39,821502009
4019,1785333453,178120,1785511573,9,0,0,17920,9,8736825561
4020,1785344583,160540,1785505123,25,0,0,18944,25,8929091743
4021,1785363647,1518,1785365165,33,0,1,1536,33,4131462339
4022,1785384948,107960,1785492908,37,0,0,6144,37,7650961038
4023,1785411438,4733,1785416171,0,0,1,512,0,1870787939
4024,1785420128,264897,1785685025,9,0,0,27648,9,3709921868
4025,1785439651,218558,1785658209,38,0,0,137216,38,6555541783
4026,1785457155,30419,1785487574,2,0,1,512,2,3503892776
4027,1785481672,13715,1785495387,18,0,1,2560,18,6122344729
4028,1785484910,20228,1785505138,5,0,1,7680,5,5920097423
4029,1785517012,353469,1785870481,37,0,0,168960,37,1338684693
4030,1785520790,4374,1785525164,33,0,1,4608,33,6866058818
4031,1785536032,251913,1785787945,21,0,0,59392,21,9953666026
4032,1785547618,2870,1785550488,37,0,1,8704,37,7059297707
4033,1785574202,316902,1785891104,34,0,0,67584,34,10284111341
4034,1785577389,3898,1785581287,20,0,1,4096,20,3374562007
4035,1785629302,188805,1785818107,9,0,0,35328,9,5144636033
4036,1785633009,37157,1785670166,28,0,1,7680,28,9733634843
4037,1785637368,115102,1785752470,3,0,0,13312,3,4769049291
4038,1785645465,26327,1785671792,17,0,1,2560,17,5893665449
4039,1785648536,27762,1785676298,29,0,1,7168,29,8821929945
4040,1785651597,419930,1786071527,13,0,0,131072,13,1946335546
4041,1785656186,20266,1785676452,0,0,1,8704,0,8881544382
4042,1785672007,219300,1785891307,29,0,0,512,29,7854126921
4043,1785676989,316379,1785993368,21,0,0,9728,21,303145111
4044,1785699646,1042,1785700688,28,0,1,1024,28,7685730670
4045,1785706272,284117,1785990389,25,0,0,97792,25,9103712413
4046,1785736153,6229,1785742382,33,0,1,15360,33,8266043841
4047,1785746675,5810,1785752485,9,0,1,4096,9,7357988749
4048,1785747601,4899,1785752500,10,0,1,512,10,1230613814
4049,1785796205,445131,1786241336,33,0,0,100352,33,10593763741
4050,1785800770,3898,1785804668,1,0,1,4096,1,10665967046
4051,1785801273,3741,1785805014,2,0,1,512,2,4875595940
4052,1785832161,272531,1786104692,11,0,0,48640,11,10532658415
4053,1785862900,31033,1785893933,29,0,1,8704,29,792199886
4054,1785873824,537972,1786411796,27,0,0,12288,27,4769661772
4055,1785876164,21056,1785897220,31,0,1,3584,31,10657031657
4056,1785880130,204220,1786084350,28,0,0,41984,28,7975235208
4057,1785897527,192298,1786089825,6,0,0,17920,6,7806495310
4058,1785919657,6754,1785926411,24,0,1,7168,24,7873762894
4059,1785950150,229188,1786179338,25,0,0,22528,25,9002061584
4060,1785956712,237655,1786194367,14,0,0,25600,14,1921967273
4061,1785976952,282666,1786259618,13,0,0,32768,13,195716047
4062,1785978181,271438,1786249619,19,0,0,27136,19,2469322016
4063,1785990913,3539,1785994452,24,0,1,1024,24,10413365693
4064,1785999308,134153,1786133461,29,0,0,1024,29,3054477578
4065,1786020559,123373,1786143932,36,0,0,512,36,10728516813
4066,1786031209,494589,1786525798,34,0,0,139776,34,4756106523
4067,1786033807,70900,1786104707,16,0,1,22016,16,6580421125
4068,1786041563,144981,1786186544,8,0,0,11264,8,8936449528
4069,1786056123,516049,1786572172,6,0,0,51200,6,6674960458
4070,1786058006,225654,1786283660,27,0,0,20992,27,788025385
4071,1786062661,302697,1786365358,17,0,0,41472,17,6699679902
4072,1786119803,32987,1786152790,8,0,1,57344,8,9153359519
4073,1786131555,310963,1786442518,17,0,0,70656,17,9690112538
4074,1786141450,176100,1786317550,8,0,0,512,8,9416774562
4075,1786160715,239389,1786400104,28,0,0,8192,28,9433980636
4076,1786161688,566,1786162254,34,0,1,512,34,8015450344
4077,1786184109,104470,1786288579,31,0,1,156672,31,6578565435
4078,1786195187,355702,1786550889,19,0,0,5120,19,8649525034
4079,1786204439,327957,1786532396,25,0,0,21504,25,9668696927
4080,1786217914,71433,1786289347,14,0,1,11776,14,7368101358
4081,1786265513,181544,1786447057,34,0,0,14848,34,5426373595
4082,1786277287,195335,1786472622,27,0,0,4608,27,5199726716
4083,1786294996,379954,1786674950,9,0,0,61440,9,10341791235
4084,1786350107,15266,1786365373,7,0,1,7680,7,807285894
4085,1786386078,4850,1786390928,16,0,1,5120,16,9644666484
4086,1786390962,5712,1786396674,17,0,1,14336,17,1949050285
4087,1786395585,4534,1786400119,7,0,1,1536,7,5087132943
4088,1786407452,4359,1786411811,2,0,1,1536,2,9271655287
4089,1786444370,326683,1786771053,2,0,0,100352,2,2590925189
4090,1786446229,79600,1786525829,8,0,1,83968,8,3112595195
4091,1786494585,77626,1786572211,38,0,1,50688,38,3794885608
4092,1786496953,153450,1786650403,22,0,0,27136,22,3053145007
4093,1786515916,337459,1786853375,20,0,0,10240,20,2230894890
4094,1786520801,51433,1786572234,2,0,1,3584,2,9177264422
4095,1786556413,214811,1786771224,14,0,0,512,14,581141188
4096,1786558385,380045,1786938430,1,0,0,159232,1,5047408998
4097,1786560075,26459,1786586534,3,0,1,27648,3,3702105532
4098,1786560921,221310,1786782231,23,0,0,16896,23,5895239745
4099,1786564776,22526,1786587302,26,0,1,11776,26,9626211194
4100,1786602316,338641,1786940957,6,0,0,8192,6,9666977234
4101,1786614031,7230,1786621261,14,0,1,7680,14,5117581320
4102,1786617463,7344,1786624807,5,0,1,5632,5,694295449
4103,1786630977,2946,1786633923,12,0,1,3072,12,6502655796
4104,1786651273,4850,1786656123,7,0,1,5120,7,8376801619
4105,1786685471,6278,1786691749,2,0,1,6656,2,9054962767
4106,1786695155,277515,1786972670,39,0,0,88576,39,1695847844
4107,1786732054,213613,1786945667,0,0,0,1024,0,4028956201
4108,1786745813,29090,1786774903,20,0,1,10240,20,7871890735
4109,1786749177,33069,1786782246,24,0,1,3584,24,9672514870
4110,1786757396,187944,1786945340,3,0,0,14336,3,10585225586
4111,1786778794,8770,1786787564,8,0,1,5632,8,6614696737
4112,1786831941,566,1786832507,24,0,1,512,24,934576589
4113,1786853849,142904,1786996753,37,0,0,20480,37,1089045923
4114,1786868519,1518,1786870037,24,0,1,1536,24,1334882841
4115,1786877327,1518,1786878845,29,0,1,1536,29,10610522971
4116,1786882608,107890,1786990498,35,0,0,10752,35,3464815129
4117,1786898081,78922,1786977003,7,0,1,4608,7,9513675924
4118,1786900031,80198,1786980229,22,0,1,5120,22,5820945169
4119,1786943506,40909,1786984415,11,0,1,6656,11,2659669901
4120,1786960934,158135,1787119069,22,0,0,48640,22,9219449163
4121,1786971412,25356,1786996768,3,0,1,23552,3,4310752190
4122,1787023240,404681,1787427921,28,0,0,118272,28,5880184752
4123,1787031916,94335,1787126251,5,0,0,512,5,2513751187
4124,1787044680,126799,1787171479,28,0,0,48128,28,8122984468
4125,1787047157,281071,1787328228,28,0,0,60416,28,10018822436
4126,1787067330,300060,1787367390,38,0,0,39424,38,4619808119
4127,1787088098,124857,1787212955,15,0,0,29696,15,629047810
4128,1787090894,371229,1787462123,36,0,0,1024,36,7996979463
4129,1787096396,256347,1787352743,24,0,0,80384,24,1491518844
4130,1787101646,251276,1787352922,29,0,0,512,29,3623011271
4131,1787107440,16087,1787123527,12,0,1,4608,12,9733646674
4132,1787107843,180490,1787288333,24,0,0,13824,24,8476002604
4133,1787112537,111237,1787223774,36,0,0,1024,36,4820455743
4134,1787114037,347751,1787461788,1,0,0,111104,1,230512639
4135,1787118645,7148,1787125793,24,0,1,3584,24,4511603027
4136,1787131878,5454,1787137332,0,0,1,13824,0,9860782098
4137,1787156260,15234,1787171494,12,0,1,5632,12,6434521454
4138,1787210055,274983,1787485038,34,0,0,65536,34,3726803657
4139,1787254346,1042,1787255388,32,0,1,1024,32,1834560418
4140,1787258342,2470,1787260812,29,0,1,2560,29,2817259661
4141,1787299905,5802,1787305707,18,0,1,6144,18,6410249921
4142,1787313142,209504,1787522646,38,0,0,27648,38,2812263354
4143,1787335971,204594,1787540565,8,0,0,16896,8,1546472162
4144,1787345948,306631,1787652579,9,0,0,133632,9,8948674409
4145,1787346349,475175,1787821524,35,0,0,171008,35,7471417876
4146,1787379366,1042,1787380408,15,0,1,1024,15,371028306
4147,1787383021,122801,1787505822,30,0,0,32768,30,327971455
4148,1787387931,223917,1787611848,9,0,0,11776,9,1715961554
4149,1787410034,53741,1787463775,11,0,1,1536,11,8210075466
4150,1787421121,335666,1787756787,11,0,0,17408,11,6543966550
4151,1787421926,319900,1787741826,30,0,0,44032,30,8582548900
4152,1787427511,414026,1787841537,28,0,0,65536,28,3546767573
4153,1787428404,525725,1787954129,3,0,0,37888,3,1573239583
4154,1787441714,43339,1787485053,29,0,1,5632,29,1746506145
4155,1787442239,260857,1787703096,2,0,0,7168,2,7299371833
4156,1787448408,36668,1787485076,26,0,1,8192,26,9517916451
4157,1787472803,450961,1787923764,25,0,0,31232,25,6024268719
4158,1787525913,1518,1787527431,7,0,1,1536,7,5324487312
4159,1787535032,693668,1788228700,3,0,0,47616,3,10347189925
4160,1787540179,179489,1787719668,34,0,0,3072,34,4218302118
4161,1787543499,3422,1787546921,0,0,1,3584,0,8761994318
4162,1787544450,331037,1787875487,25,0,0,12800,25,1454383141
4163,1787548961,1518,1787550479,30,0,1,1536,30,3528147497
4164,1787554385,7706,1787562091,4,0,1,8192,4,473530995
4165,1787582562,2946,1787585508,37,0,1,3072,37,9129885650
4166,1787584245,136179,1787720424,29,0,0,512,29,4960915359
4167,1787587382,254794,1787842176,5,0,0,2048,5,10270110789
4168,1787613724,240176,1787853900,8,0,0,3584,8,1773708122
4169,1787630359,363599,1787993958,17,0,0,23552,17,6353899196
4170,1787632312,453608,1788085920,38,0,0,83968,38,8424417367
4171,1787647113,347484,1787994597,35,0,0,2048,35,9113112808
4172,1787650967,26633,1787677600,23,0,1,45056,23,9008127880
4173,1787662565,186802,1787849367,19,0,0,23552,19,1900958216
4174,1787687967,1994,1787689961,12,0,1,2048,12,9077267891
4175,1787702657,511512,1788214169,29,0,0,4608,29,10487671212
4176,1787720036,394455,1788114491,31,0,0,64000,31,1079603975
4177,1787729355,471611,1788200966,4,0,0,146944,4,3768035627
4178,1787736881,323440,1788060321,22,0,0,82944,22,5150318667
4179,1787746263,259280,1788005543,23,0,0,29184,23,4337111669
4180,1787752959,7718,1787760677,37,0,1,4096,37,4337115994
4181,1787757181,514687,1788271868,30,0,0,28672,30,4716716687
4182,1787757989,3034,1787761023,26,0,1,512,26,2936147062
4183,1787762176,59363,1787821539,12,0,1,19456,12,3319608026
4184,1787768322,53232,1787821554,25,0,1,9728,25,10048506502
4185,1787858611,447008,1788305619,8,0,0,33280,8,10603840868
4186,1787880827,478947,1788359774,20,0,0,64000,20,904823972
4187,1787893727,6229,1787899956,2,0,1,15360,2,5475174797
4188,1787913947,175576,1788089523,19,0,0,11776,19,5059642750
4189,1787914335,10004,1787924339,22,0,1,512,22,2049267168
4190,1787922323,290411,1788212734,36,0,0,1024,36,1154595646
4191,1787925139,307164,1788232303,30,0,0,11776,30,6871751456
4192,1787939658,14486,1787954144,26,0,1,11264,26,697446943
4193,1787948879,263528,1788212407,20,0,0,37376,20,4120214556
4194,1788020305,3904,1788024209,2,0,1,10752,2,4807160167
4195,1788023057,421743,1788444800,0,0,0,1024,0,4039189183
4196,1788089066,25440,1788114506,22,0,1,23552,22,9992056044
4197,1788116907,174839,1788291746,0,0,0,2048,0,7835850175
4198,1788126045,1518,1788127563,18,0,1,1536,18,10632615667
4199,1788126267,74714,1788200981,5,0,1,51200,5,4772989314
4200,1788149061,51935,1788200996,26,0,1,9728,26,415272912
4201,1788161569,70765,1788232334,32,0,1,2048,32,6420404218
4202,1788173697,59131,1788232828,14,0,1,512,14,4161909186
4203,1788193312,112330,1788305642,38,0,1,110080,38,7875855260
4204,1788229952,78568,1788308520,8,0,1,35840,8,563028410
4205,1788238293,72173,1788310466,18,0,1,3072,18,2816081684
4206,1788256600,58052,1788314652,10,0,1,6656,10,2956309971
4207,1788271690,288415,1788560105,28,0,0,19968,28,578195959
4208,1788284454,300002,1788584456,23,0,0,43520,23,3405861626
4209,1788296974,20904,1788317878,38,0,1,5120,38,9692613228
4210,1788305780,155955,1788461735,35,0,0,46080,35,915659515
4211,1788328947,185741,1788514688,8,0,0,14336,8,10454297438
4212,1788331107,260548,1788591655,25,0,0,23552,25,8189547316
4213,1788354863,10747,1788365610,22,0,1,6144,22,3935469828
4214,1788356834,10082,1788366916,2,0,1,2048,2,1080238316
4215,1788358911,151394,1788510305,13,0,0,12800,13,6395121411
4216,1788363716,361610,1788725326,33,0,0,104448,33,1847173735
4217,1788377655,3645,1788381300,2,0,1,10240,2,7326642240
4218,1788430715,2470,1788433185,34,0,1,2560,34,795052432
4219,1788456021,20010,1788476031,29,0,1,27648,29,2223272765
4220,1788458686,17806,1788476492,25,0,1,10240,25,10142106149
4221,1788512576,180903,1788693479,21,0,0,80384,21,2336759303
4222,1788571654,179000,1788750654,15,0,0,3584,15,4405747727
4223,1788614698,1042,1788615740,10,0,1,1024,10,10590582226
4224,1788619898,5326,1788625224,17,0,1,5632,17,3868410039
4225,1788625076,100445,1788725521,0,0,0,512,0,6485810738
4226,1788653652,1042,1788654694,1,0,1,1024,1,8883420161
4227,1788669646,113370,1788783016,17,0,0,11264,17,811377661
4228,1788693423,154951,1788848374,17,0,0,3072,17,4573831217
4229,1788694125,34508,1788728633,29,0,1,9216,29,7206090731
4230,1788702358,26997,1788729355,32,0,1,1024,32,6248506809
4231,1788713348,66221,1788779569,25,0,0,3584,25,263338359
4232,1788733653,271897,1789005550,34,0,0,41472,34,1897212116
4233,1788773721,219178,1788992899,23,0,0,37888,23,10439358615
4234,1788779018,202314,1788981332,14,0,0,32768,14,10271529275
4235,1788796356,107900,1788904256,23,0,0,54272,23,7299284622
4236,1788826014,2946,1788828960,11,0,1,3072,11,5019464138
4237,1788835817,1042,1788836859,18,0,1,1024,18,1892964724
4238,1788854052,62468,1788916520,10,0,0,1536,10,1781832166
4239,1788888317,47989,1788936306,16,0,1,52224,16,6474675032
4240,1788897433,276979,1789174412,22,0,0,41472,22,1722485463
4241,1788906038,179883,1789085921,11,0,0,14848,11,5338217562
4242,1788915073,193621,1789108694,17,0,0,53760,17,10105114799
4243,1788936526,257398,1789193924,22,0,0,9728,22,6059738846
4244,1788943503,62086,1789005589,23,0,1,92672,23,3419150732
4245,1788945073,64598,1789009671,2,0,1,11264,2,5098533055
4246,1788994116,416507,1789410623,39,0,0,65536,39,7478873182
4247,1788994482,120638,1789115120,6,0,0,7680,6,196178760
4248,1789005749,107016,1789112765,38,0,0,13312,38,7986662584
4249,1789009001,3018,1789012019,32,0,1,3072,32,3701788784
4250,1789014036,1042,1789015078,33,0,1,1024,33,8739960181
4251,1789028120,566,1789028686,9,0,1,512,9,864354179
4252,1789121740,7230,1789128970,14,0,1,7680,14,3014020686
4253,1789123229,382635,1789505864,13,0,0,40960,13,2647955862
4254,1789128212,26479,1789154691,31,0,1,48128,31,3808114179
4255,1789153211,21216,1789174427,38,0,1,25600,38,1844765579
4256,1789201681,16096,1789217777,31,0,1,31232,31,10439491034
4257,1789219625,3422,1789223047,29,0,1,3584,29,2073328699
4258,1789222856,260574,1789483430,39,0,0,97280,39,2656464069
4259,1789223720,152850,1789376570,14,0,0,56320,14,6746930729
4260,1789228743,196271,1789425014,14,0,0,47104,14,7928671393
4261,1789233564,150509,1789384073,9,0,0,24576,9,2920980683
4262,1789240705,5326,1789246031,12,0,1,5632,12,3105732016
4263,1789248667,141973,1789390640,23,0,0,21504,23,5000461869
4264,1789268564,566,1789269130,29,0,1,512,29,7535431591
4265,1789286963,219072,1789506035,29,0,0,512,29,9130257987
4266,1789385324,40215,1789425539,32,0,1,512,32,6077277104
4267,1789389835,36370,1789426205,31,0,1,1024,31,6608038814
4268,1789393782,44654,1789438436,26,0,1,25088,26,7372751857
4269,1789440864,74522,1789515386,5,0,0,512,5,2496088777
4270,1789453508,145044,1789598552,33,0,0,40448,33,6459598642
4271,1789472622,13270,1789485892,25,0,1,2560,25,9432209604
4272,1789488044,43904,1789531948,36,0,0,512,36,1197309833
4273,1789542604,124966,1789667570,8,0,0,27136,8,7614012663
4274,1789567096,106261,1789673357,19,0,0,18944,19,5820621127
4275,1789582302,16265,1789598567,30,0,1,4608,30,6605060311
4276,1789590891,118421,1789709312,24,0,0,28672,24,263994442
4277,1789673661,137164,1789810825,37,0,0,77824,37,1166115163
4278,1789732570,79687,1789812257,3,0,0,1536,3,4107358627
4279,1789794703,118086,1789912789,35,0,0,34816,35,49414752
4280,1789800868,179949,1789980817,23,0,0,96768,23,10734058815
4281,1789832930,1518,1789834448,37,0,1,1536,37,10479296287
4282,1789856221,6278,1789862499,1,0,1,6656,1,16275884
4283,1789872356,1518,1789873874,9,0,1,1536,9,7375865426
4284,1789876146,123920,1790000066,20,0,0,21504,20,7422718166
4285,1789892925,201521,1790094446,20,0,0,134656,20,10701381857
4286,1789942366,1994,1789944360,10,0,1,2048,10,9000037995
4287,1789945762,566,1789946328,14,0,1,512,14,6366509368
4288,1789947452,33388,1789980840,31,0,1,18944,31,8149122156
4289,1789953382,28995,1789982377,0,0,1,1536,0,6553822516
4290,1789964325,19998,1789984323,0,0,1,3072,0,7138884538
4291,1789979172,161600,1790140772,10,0,0,1024,10,7150771695
4292,1790009910,87662,1790097572,8,0,0,7680,8,3408276189
4293,1790017124,188201,1790205325,28,0,0,5632,28,5038150254
4294,1790025693,325323,1790351016,17,0,0,43520,17,3699500806
4295,1790043744,5802,1790049546,2,0,1,6144,2,9434253915
4296,1790057328,274650,1790331978,25,0,0,46080,25,10555423072
4297,1790058777,198255,1790257032,26,0,0,23040,26,8425740451
4298,1790060033,37554,1790097587,15,0,1,1536,15,3232655072
4299,1790107881,1518,1790109399,34,0,1,1536,34,4259781709
4300,1790141241,131920,1790273161,23,0,0,50688,23,4412697355
4301,1790168149,1994,1790170143,26,0,1,2048,26,6986332944
4302,1790188474,16866,1790205340,38,0,1,30208,38,6992823068
4303,1790226676,145330,1790372006,14,0,0,8704,14,2779812635
4304,1790235137,3128,1790238265,15,0,1,9216,15,6738498543
4305,1790255882,270315,1790526197,8,0,0,65024,8,9734610025
4306,1790269226,8864,1790278090,37,0,1,12800,37,6790953475
4307,1790296406,98696,1790395102,25,0,0,24064,25,1880306847
4308,1790304519,171169,1790475688,26,0,0,5120,26,2523003807
4309,1790324294,93992,1790418286,5,0,0,512,5,1476564713
4310,1790326239,6322,1790332561,37,0,1,512,37,8705205588
4311,1790332367,18664,1790351031,3,0,1,6656,3,5916629280
4312,1790336967,14079,1790351046,15,0,1,6656,15,5572736910
4313,1790351033,61130,1790412163,31,0,1,98816,31,3856982937
4314,1790362619,53090,1790415709,34,0,1,5632,34,1167194695
4315,1790385281,231730,1790617011,3,0,0,52736,3,1902830929
4316,1790386706,30309,1790417015,11,0,1,2048,11,10416997596
4317,1790387570,162751,1790550321,14,0,0,16896,14,4260360946
4318,1790421175,149228,1790570403,11,0,0,1024,11,6083727946
4319,1790430327,188457,1790618784,38,0,0,512,38,2329116626
4320,1790438479,1994,1790440473,15,0,1,2048,15,9275529790
4321,1790451394,303256,1790754650,23,0,0,61440,23,305309410
4322,1790472241,245112,1790717353,39,0,0,51712,39,7315751281
4323,1790519275,7522,1790526797,11,0,1,512,11,772762358
4324,1790519276,298372,1790817648,35,0,0,48640,35,910521964
4325,1790526014,154359,1790680373,20,0,0,11776,20,9126589496
4326,1790542529,7807,1790550336,23,0,1,11264,23,5586119270
4327,1790557820,566,1790558386,14,0,1,512,14,4898601583
4328,1790558313,78346,1790636659,8,0,0,14848,8,3840449196
4329,1790572534,2946,1790575480,34,0,1,3072,34,5641788749
4330,1790627978,72541,1790700519,38,0,1,117760,38,6765329259
4331,1790632604,193483,1790826087,23,0,0,27648,23,1932031986
4332,1790633067,94090,1790727157,3,0,1,94720,3,4582968631
4333,1790659388,95909,1790755297,10,0,0,2048,10,9137875445
4334,1790701415,27048,1790728463,17,0,1,2048,17,7856344333
4335,1790710604,192406,1790903010,15,0,0,52736,15,5273131508
4336,1790729645,2470,1790732115,33,0,1,2560,33,2660023839
4337,1790737636,264206,1791001842,25,0,0,40448,25,7447445991
4338,1790752911,13669,1790766580,29,0,1,18432,29,8387541535
4339,1790755212,16194,1790771406,1,0,1,7680,1,772549257
4340,1790774470,2870,1790777340,25,0,1,8704,25,1122740438
4341,1790794620,276802,1791071422,27,0,0,6144,27,9861059104
4342,1790795701,30401,1790826102,8,0,1,20992,8,5248721125
4343,1790796724,107164,1790903888,0,0,0,512,0,2441234015
4344,1790800256,25861,1790826117,11,0,1,9216,11,4597117027
4345,1790811252,281836,1791093088,29,0,0,512,29,7745186757
4346,1790865120,143689,1791008809,10,0,0,512,10,5552709442
4347,1790876431,1518,1790877949,11,0,1,1536,11,9559871003
4348,1790883125,199303,1791082428,1,0,0,29184,1,5369287535
4349,1790911126,5196,1790916322,14,0,1,13312,14,9223209921
4350,1790935749,86637,1791022386,29,0,0,1024,29,3120760048
4351,1790948733,158722,1791107455,17,0,0,47104,17,7324922810
4352,1790963460,70776,1791034236,11,0,0,1024,11,3760686973
4353,1790966090,64565,1791030655,38,0,0,512,38,1075839296
4354,1790975035,1994,1790977029,8,0,1,2048,8,3773612158
4355,1790980459,139691,1791120150,5,0,0,2048,5,265036010
4356,1791001611,400666,1791402277,19,0,0,26112,19,10385891206
4357,1791041902,31007,1791072909,3,0,1,50176,3,4830580953
4358,1791041933,40510,1791082443,23,0,1,15360,23,119642180
4359,1791051015,231214,1791282229,6,0,0,88064,6,9722728074
4360,1791054081,28377,1791082458,15,0,1,3072,15,6218341173
4361,1791071592,10881,1791082473,29,0,1,5632,29,1004319761
4362,1791080455,131718,1791212173,13,0,0,19456,13,8651060636
4363,1791084316,23154,1791107470,4,0,1,21504,4,712452992
4364,1791106400,1628,1791108028,0,0,1,512,0,5160260251
4365,1791122328,163816,1791286144,21,0,0,12800,21,10407316312
4366,1791128072,3387,1791131459,25,0,1,9728,25,7462238201
4367,1791156811,216342,1791373153,30,0,0,20480,30,9756777457
4368,1791167374,2946,1791170320,34,0,1,3072,34,9276646843
4369,1791179441,332609,1791512050,24,0,0,108544,24,434138056
4370,1791195169,565162,1791760331,21,0,0,37888,21,8284896488
4371,1791224721,165730,1791390451,5,0,0,512,5,1653777417
4372,1791241776,162560,1791404336,30,0,0,6656,30,5454766271
4373,1791245442,4850,1791250292,11,0,1,5120,11,4949337286
4374,1791253447,297655,1791551102,3,0,0,62464,3,2879351171
4375,1791261652,217311,1791478963,26,0,0,59904,26,7630564934
4376,1791270575,17597,1791288172,12,0,1,2048,12,6910591764
4377,1791274550,18530,1791293080,2,0,1,6656,2,7077329399
4378,1791289762,359129,1791648891,25,0,0,28672,25,7598180279
4379,1791301823,2946,1791304769,15,0,1,3072,15,2625351704
4380,1791303004,3071,1791306075,34,0,1,2048,34,5832765476
4381,1791315851,5326,1791321177,26,0,1,5632,26,2672160833
4382,1791333293,286708,1791620001,37,0,0,81920,37,1622986572
4383,1791334222,245486,1791579708,21,0,0,41984,21,3011106730
4384,1791340735,370277,1791711012,17,0,0,22016,17,7499825855
4385,1791354636,285504,1791640140,34,0,0,66048,34,780880893
4386,1791358143,236875,1791595018,19,0,0,23040,19,4744162865
4387,1791388727,15624,1791404351,16,0,1,18432,16,8556005164
4388,1791395622,328532,1791724154,26,0,0,35328,26,10169958364
4389,1791398531,294845,1791693376,1,0,0,10240,1,5195912077
4390,1791436398,229996,1791666394,31,0,0,57344,31,2351354755
4391,1791448954,358972,1791807926,21,0,0,512,21,5204389149
4392,1791464335,88956,1791553291,31,0,1,66560,31,7422468388
4393,1791465653,88611,1791554264,30,0,1,12800,30,2072645497
4394,1791468357,89133,1791557490,15,0,1,5120,15,3854796868
4395,1791488957,73820,1791562777,23,0,1,25088,23,208771817
4396,1791504452,61871,1791566323,32,0,1,5632,32,1270832896
4397,1791506387,73336,1791579723,26,0,1,24576,26,984046295
4398,1791522015,272922,1791794937,25,0,0,38912,25,5057053480
4399,1791563358,16380,1791579738,24,0,1,5632,24,1085059243
4400,1791589112,122071,1791711183,11,0,0,512,11,8680741082
4401,1791629966,268807,1791898773,1,0,0,29184,1,2989832155
4402,1791635825,31094,1791666919,9,0,1,512,9,2295916004
4403,1791657317,283832,1791941149,15,0,0,99840,15,8889934304
4404,1791663925,4636,1791668561,26,0,1,2048,26,7631414830
4405,1791670600,150236,1791820836,4,0,0,7168,4,6996675771
4406,1791674612,97107,1791771719,10,0,0,1024,10,2501461142
4407,1791676971,177714,1791854685,4,0,0,56320,4,1887273076
4408,1791687209,259698,1791946907,26,0,0,13824,26,6594578789
4409,1791714909,25333,1791740242,8,0,1,31232,8,6769411027
4410,1791724224,18284,1791742508,9,0,1,3584,9,1187531208
4411,1791733239,13135,1791746374,34,0,1,6144,34,5423926078
4412,1791751021,12689,1791763710,7,0,1,9728,7,612640685
4413,1791764901,3898,1791768799,30,0,1,4096,30,9860519135
4414,1791773803,129665,1791903468,35,0,0,15360,35,6107029444
4415,1791806333,2470,1791808803,0,0,1,2560,0,8833732585
4416,1791809723,1994,1791811717,14,0,1,2048,14,4601323753
4417,1791812253,2946,1791815199,25,0,1,3072,25,1690327520
4418,1791824556,3422,1791827978,30,0,1,3584,30,7411296676
4419,1791853681,112602,1791966283,25,0,0,14848,25,10283765544
4420,1791878949,4850,1791883799,12,0,1,5120,12,3640947389
4421,1791881622,434047,1792315669,13,0,0,192512,13,3251262076
4422,1791900584,5839,1791906423,1,0,1,3072,1,6475923499
4423,1791902550,4859,1791907409,26,0,1,1536,26,7468777309
4424,1791909952,31212,1791941164,30,0,1,5120,30,6595879827
4425,1791920883,20856,1791941739,28,0,1,512,28,8707532378
4426,1791928510,190957,1792119467,20,0,0,35840,20,7835234057
4427,1791945022,197098,1792142120,30,0,0,13824,30,3354642736
4428,1791958878,370301,1792329179,26,0,0,44032,26,9547779675
4429,1791980742,212698,1792193440,4,0,0,26624,4,2790046860
4430,1791986328,235237,1792221565,19,0,0,10240,19,4090968118
4431,1791987545,158872,1792146417,0,0,0,1536,0,3273371757
4432,1791993739,220448,1792214187,25,0,0,1024,25,3411508249
4433,1792005079,1994,1792007073,18,0,1,2048,18,8413776351
4434,1792024599,389751,1792414350,17,0,0,118784,17,3679301213
4435,1792033757,115576,1792149333,0,0,0,1024,0,6365669217
4436,1792043781,15321,1792059102,16,0,1,29696,16,2634345271
4437,1792046542,387908,1792434450,37,0,0,1024,37,2262951595
4438,1792046815,190754,1792237569,0,0,0,1024,0,6590665227
4439,1792049533,310549,1792360082,9,0,0,101376,9,751582495
4440,1792093700,566,1792094266,11,0,1,512,11,2367682371
4441,1792154097,206156,1792360253,29,0,0,512,29,2937932402
4442,1792168516,195609,1792364125,23,0,0,1024,23,5264380824
4443,1792173660,23378,1792197038,8,0,1,41984,8,6184108697
4444,1792201590,5802,1792207392,34,0,1,6144,34,2273868689
4445,1792216422,212014,1792428436,26,0,0,46080,26,2395114948
4446,1792231265,280640,1792511905,3,0,0,55296,3,1109064250
4447,1792244896,70804,1792315700,16,0,1,33792,16,9590199581
4448,1792250927,275704,1792526631,17,0,0,10240,17,6106623748
4449,1792259205,103978,1792363183,18,0,1,3072,18,8381961736
4450,1792261356,427805,1792689161,11,0,0,3584,11,6558585809
4451,1792270032,175896,1792445928,17,0,0,24576,17,7074710467
4452,1792286121,463110,1792749231,39,0,0,133120,39,3534896980
4453,1792289918,124463,1792414381,23,0,1,37376,23,3726969360
4454,1792299762,128697,1792428459,3,0,1,18432,3,8170986817
4455,1792301102,347078,1792648180,6,0,0,109568,6,6100688003
4456,1792307495,120979,1792428474,4,0,1,2560,4,8514538963
4457,1792315648,112841,1792428489,10,0,1,5120,10,506553575
4458,1792321872,344457,1792666329,25,0,0,56320,25,2203509675
4459,1792335765,255364,1792591129,10,0,0,512,10,10089214869
4460,1792347872,80656,1792428528,1,0,1,512,1,6055018599
4461,1792380168,49372,1792429540,25,0,1,1024,25,8959136417
4462,1792387121,415500,1792802621,27,0,0,76288,27,1892079747
4463,1792396165,38300,1792434465,12,0,1,5632,12,2485523022
4464,1792404188,30967,1792435155,28,0,1,1536,28,3671827329
4465,1792416787,21594,1792438381,9,0,1,5120,9,5224072950
4466,1792490880,158251,1792649131,24,0,0,3072,24,9420093057
4467,1792503705,9727,1792513432,24,0,1,1536,24,1593853693
4468,1792509587,6693,1792516280,10,0,1,4096,10,2064536814
4469,1792535060,6488,1792541548,33,0,1,15872,33,3916998591
4470,1792554018,2470,1792556488,25,0,1,2560,25,4362566234
4471,1792568276,288818,1792857094,26,0,0,14848,26,6533788874
4472,1792585600,3422,1792589022,25,0,1,3584,25,4397057133
4473,1792593349,566,1792593915,32,0,1,512,32,4114744267
4474,1792604970,4850,1792609820,34,0,1,5120,34,10074599938
4475,1792606277,42877,1792649154,23,0,1,30720,23,859269160
4476,1792621762,238483,1792860245,37,0,0,1024,37,10559227743
4477,1792669119,14117,1792683236,17,0,1,24064,17,37316387
4478,1792679087,134625,1792813712,14,0,0,36352,14,8695830366
4479,1792683219,146256,1792829475,5,0,0,1024,5,2354978195
4480,1792689499,163048,1792852547,26,0,0,25088,26,8090150211
4481,1792711175,38614,1792749789,7,0,1,512,7,2243401201
4482,1792759364,2946,1792762310,24,0,1,3072,24,472141800
4483,1792769399,57004,1792826403,26,0,0,1024,26,9073786758
4484,1792782691,34911,1792817602,37,0,1,4096,37,1286228544
4485,1792844948,16003,1792860951,34,0,1,4096,34,2390133576
4486,1792857884,224464,1793082348,33,0,0,8704,33,6588268296
4487,1792872165,164926,1793037091,29,0,0,512,29,6725454196
4488,1792873110,206571,1793079681,28,0,0,103936,28,1616952222
4489,1792883754,153158,1793036912,34,0,0,45056,34,1101803975
4490,1792893056,6278,1792899334,24,0,1,6656,24,9955424146
4491,1792915502,566,1792916068,25,0,1,512,25,10702808557
4492,1792916255,1042,1792917297,6,0,1,1024,6,8658760820
4493,1792945760,95402,1793041162,33,0,0,13312,33,6735701594
4494,1792965900,4679,1792970579,5,0,1,12288,5,6811282052
4495,1792966723,10676,1792977399,17,0,1,8192,17,7777294442
4496,1792982719,6278,1792988997,15,0,1,6656,15,1763973431
4497,1792988403,169519,1793157922,29,0,0,512,29,2340258390
4498,1793025399,16288,1793041687,28,0,1,512,28,9419836696
4499,1793044239,2470,1793046709,4,0,1,2560,4,4230515467
4500,1793047897,34466,1793082363,22,0,1,27136,22,6515330271
4501,1793069545,46443,1793115988,23,0,1,55296,23,5270347745
4502,1793077854,42000,1793119854,28,0,1,6144,28,10490254498
4503,1793080913,262386,1793343299,30,0,0,90112,30,6871704381
4504,1793084568,37872,1793122440,9,0,1,4096,9,3669389620
4505,1793092195,80536,1793172731,6,0,0,2560,6,7252788029
4506,1793099542,352833,1793452375,11,0,0,512,11,6260691602
4507,1793100426,37465,1793137891,31,0,1,49152,31,10345845843
4508,1793115068,237621,1793352689,22,0,0,30208,22,1436684847
4509,1793117315,108692,1793226007,3,0,0,16896,3,3540693512
4510,1793121325,247767,1793369092,28,0,0,53760,28,7363011952
4511,1793134105,209365,1793343470,37,0,0,512,37,2906242632
4512,1793151369,219509,1793370878,36,0,0,2560,36,4858211108
4513,1793153560,297279,1793450839,0,0,0,512,0,1849328026
4514,1793161798,318661,1793480459,25,0,0,74240,25,8357600456
4515,1793167361,338119,1793505480,4,0,0,28672,4,863184787
4516,1793173118,7706,1793180824,32,0,1,8192,32,1251745425
4517,1793185031,1994,1793187025,18,0,1,2048,18,3241836902
4518,1793188003,265005,1793453008,11,0,0,512,11,1446315547
4519,1793219996,150071,1793370067,21,0,0,3072,21,918796479
4520,1793220615,189334,1793409949,23,0,0,99328,23,10114918517
4521,1793246181,179721,1793425902,33,0,0,512,33,8182086076
4522,1793288588,150077,1793438665,17,0,0,32256,17,3713369471
4523,1793290126,270902,1793561028,9,0,0,49664,9,5607000733
4524,1793295266,566,1793295832,1,0,1,512,1,9535467933
4525,1793319864,55966,1793375830,9,0,1,7168,9,1776446062
4526,1793348929,28847,1793377776,28,0,1,3072,28,3751381613
4527,1793354517,55447,1793409964,0,0,1,3584,0,2284687224
4528,1793359911,133735,1793493646,27,0,0,26624,27,1937456943
4529,1793375177,232610,1793607787,21,0,0,44544,21,6870856249
4530,1793376797,72643,1793449440,11,0,0,1024,11,2311341247
4531,1793408861,2137,1793410998,7,0,1,1024,7,7923004692
4532,1793413507,25173,1793438680,5,0,1,31232,5,2144956658
4533,1793434870,151474,1793586344,27,0,0,16384,27,2158600499
4534,1793437410,8517,1793445927,16,0,1,7680,16,8047686054
4535,1793442953,190345,1793633298,4,0,0,58880,4,9474996570
4536,1793452821,310898,1793763719,27,0,0,50688,27,2746527977
4537,1793467728,225880,1793693608,8,0,0,20480,8,4837618890
4538,1793468356,189256,1793657612,38,0,0,1024,38,8479734360
4539,1793474068,160972,1793635040,33,0,0,2560,33,4673741643
4540,1793510034,351599,1793861633,35,0,0,58368,35,10075780379
4541,1793515589,12049,1793527638,28,0,1,19968,28,3586680296
4542,1793526047,1937,1793527984,10,0,1,512,10,9331754391
4543,1793538293,300576,1793838869,26,0,0,98816,26,8717121647
4544,1793571368,135054,1793706422,30,0,0,18944,30,2028751184
4545,1793573482,4679,1793578161,2,0,1,12288,2,8666076909
4546,1793576484,31318,1793607802,38,0,1,37888,38,86106205
4547,1793577959,29858,1793607817,31,0,1,6656,31,7079685534
4548,1793606905,4326,1793611231,7,0,1,3584,7,701852736
4549,1793611381,266717,1793878098,24,0,0,51712,24,771443803
4550,1793616109,327721,1793943830,19,0,0,24576,19,3010385712
4551,1793632048,4706,1793636754,0,0,1,3584,0,7076755708
4552,1793633162,17875,1793651037,8,0,1,32256,8,6547552652
4553,1793647552,5111,1793652663,37,0,1,2560,37,2407497208
4554,1793653426,89080,1793742506,25,0,0,16384,25,10321977411
4555,1793656458,404308,1794060766,4,0,0,23040,4,1232726141
4556,1793697365,9072,1793706437,7,0,1,4608,7,7258814008
4557,1793702538,333550,1794036088,30,0,0,103424,30,4368222961
4558,1793706687,172876,1793879563,23,0,0,4608,23,6592465180
4559,1793742830,310901,1794053731,17,0,0,57856,17,2256853841
4560,1793751065,193404,1793944469,29,0,0,2048,29,7290176422
4561,1793767456,337053,1794104509,19,0,0,18944,19,1571795046
4562,1793775262,3645,1793778907,29,0,1,10240,29,8866723496
4563,1793825770,14150,1793839920,30,0,1,1024,30,8308643705
4564,1793826794,14432,1793841226,4,0,1,2048,4,4076627390
4565,1793842318,35811,1793878129,5,0,1,57856,5,1818992791
4566,1793847214,30930,1793878144,34,0,1,1024,34,9579171334
4567,1793869664,192179,1794061843,10,0,0,1024,10,10072618621
4568,1793874748,5365,1793880113,1,0,1,512,1,3191869150
4569,1793876967,4254,1793881221,37,0,1,1536,37,3821646747
4570,1793880839,2470,1793883309,12,0,1,2560,12,9757933978
4571,1793919676,3387,1793923063,25,0,1,9728,25,8204275800
4572,1793963851,152686,1794116537,39,0,0,512,39,10017524425
4573,1793980398,125145,1794105543,5,0,1,206848,5,6683436159
4574,1794008605,404816,1794413421,6,0,0,35840,6,1217310812
4575,1794019988,86221,1794106209,34,0,1,1024,34,3802706576
4576,1794050107,56768,1794106875,34,0,1,1024,34,4268703659
4577,1794084105,23116,1794107221,2,0,1,512,2,8589564090
4578,1794086191,25216,1794111407,34,0,1,6656,34,3926073453
4579,1794090394,26159,1794116553,37,0,1,8192,37,7629257652
4580,1794093575,288279,1794381854,22,0,0,98304,22,7661730816
4581,1794101938,55629,1794157567,3,0,1,86528,3,4703096894
4582,1794134708,24485,1794159193,11,0,1,2560,11,10336319391
4583,1794138728,100540,1794239268,13,0,0,512,13,3527337167
4584,1794146307,13552,1794159859,1,0,1,1024,1,5236284508
4585,1794163194,262718,1794425912,23,0,0,19968,23,9191727059
4586,1794163499,4374,1794167873,11,0,1,4608,11,6405604486
4587,1794171811,120102,1794291913,26,0,0,10752,26,5552125698
4588,1794173506,4937,1794178443,16,0,1,12800,16,2184585327
4589,1794177979,266204,1794444183,22,0,0,4608,22,4406244988
4590,1794237885,336465,1794574350,9,0,0,27136,9,8730353775
4591,1794247943,5712,1794253655,2,0,1,14336,2,4755347711
4592,1794284269,2946,1794287215,15,0,1,3072,15,111832131
4593,1794286796,127576,1794414372,3,0,0,3072,3,10133106567
4594,1794297156,268264,1794565420,21,0,0,27136,21,6464283436
4595,1794301672,195090,1794496762,39,0,0,34816,39,5162922542
4596,1794301825,2946,1794304771,4,0,1,3072,4,2094692635
4597,1794365269,19047,1794384316,22,0,1,2560,22,5402323046
4598,1794386855,1518,1794388373,2,0,1,1536,2,961827377
4599,1794413154,209288,1794622442,38,0,0,2048,38,1246520976
4600,1794417952,298963,1794716915,34,0,0,142848,34,1201074434
4601,1794479658,174346,1794654004,31,0,0,3072,31,9723692346
4602,1794486841,126991,1794613832,38,0,0,2560,38,10595871927
4603,1794513603,52456,1794566059,38,0,0,2048,38,5854987710
4604,1794563592,509897,1795073489,31,0,0,61440,31,5677669843
4605,1794572476,215807,1794788283,4,0,0,17920,4,2910269359
4606,1794614918,3898,1794618816,14,0,1,4096,14,5972788995
4607,1794626424,90506,1794716930,38,0,1,125952,38,6009881194
4608,1794660337,56608,1794716945,14,0,1,6656,14,5287861223
4609,1794706693,10810,1794717503,2,0,1,512,2,7281249798
4610,1794719113,69653,1794788766,29,0,0,1536,29,794171123
4611,1794738605,153535,1794892140,37,0,0,512,37,7957888381
4612,1794741519,3904,1794745423,15,0,1,10752,15,7290350954
4613,1794767518,41132,1794808650,8,0,1,66560,8,7313783075
4614,1794772860,170605,1794943465,17,0,0,10752,17,1999518047
4615,1794786711,189240,1794975951,4,0,0,89600,4,2834828721
4616,1794804173,250557,1795054730,28,0,0,67584,28,9952728327
4617,1794816582,123592,1794940174,4,0,0,12800,4,4806307834
4618,1794897133,176551,1795073684,11,0,0,512,11,5588540220
4619,1794941682,2341,1794944023,30,0,1,512,30,6312777488
4620,1794948839,30067,1794978906,38,0,1,3072,38,3011991660
4621,1794969461,285786,1795255247,3,0,0,78336,3,1101054118
4622,1795012290,3387,1795015677,38,0,1,9728,38,8063572113
4623,1795017852,56003,1795073855,36,0,0,512,36,1025855842
4624,1795036140,147089,1795183229,17,0,0,24576,17,675995077
4625,1795037677,38742,1795076419,26,0,1,3072,26,9703471289
4626,1795040269,41370,1795081639,6,0,1,7680,6,10194802290
4627,1795047031,152694,1795199725,9,0,0,16896,9,3980019862
4628,1795069922,13343,1795083265,4,0,1,2560,4,1715061297
4629,1795083668,171914,1795255582,10,0,0,1024,10,8414167417
4630,1795089683,7706,1795097389,34,0,1,8192,34,9965275188
4631,1795090283,103944,1795194227,9,0,0,24064,9,2625641281
4632,1795124673,69889,1795194562,29,0,0,1024,29,5195309111
4633,1795132342,209498,1795341840,39,0,0,23040,39,5238335326
4634,1795162620,2470,1795165090,37,0,1,2560,37,6658182231
4635,1795164016,35740,1795199756,23,0,1,60416,23,2008925758
4636,1795172158,96343,1795268501,4,0,0,14848,4,3022184328
4637,1795190251,195929,1795386180,25,0,0,66048,25,8667068228
4638,1795192986,62611,1795255597,16,0,1,72192,16,418944798
4639,1795197435,58177,1795255612,30,0,1,14336,30,4405996552
4640,1795206338,49289,1795255627,29,0,1,2048,29,5055660827
4641,1795209093,46549,1795255642,31,0,1,14336,31,4062344728
4642,1795225869,29788,1795255657,15,0,1,2048,15,831933302
4643,1795229477,249594,1795479071,28,0,0,26624,28,9222067842
4644,1795256983,144560,1795401543,22,0,0,5120,22,10612781927
4645,1795270514,4850,1795275364,0,0,1,5120,0,160112124
4646,1795274017,2333,1795276350,24,0,1,1536,24,3744012673
4647,1795285399,566,1795285965,28,0,1,512,28,2194528322
4648,1795306991,43904,1795350895,5,0,0,512,5,5970914508
4649,1795314226,2946,1795317172,31,0,1,3072,31,5164126462
4650,1795338174,100362,1795438536,25,0,0,13824,25,5368322516
4651,1795348926,283367,1795632293,38,0,0,512,38,8854969330
4652,1795382737,218665,1795601402,4,0,0,29184,4,320970497
4653,1795415904,107628,1795523532,0,0,0,512,0,2937477501
4654,1795418862,4374,1795423236,14,0,1,4608,14,8056807446
4655,1795429239,2946,1795432185,28,0,1,3072,28,1622061034
4656,1795439342,163792,1795603134,6,0,0,2048,6,6529157230
4657,1795461494,4420,1795465914,1,0,1,11776,1,469588682
4658,1795473052,53299,1795526351,36,0,0,1536,36,6155565382
4659,1795491080,1518,1795492598,4,0,1,1536,4,1732554071
4660,1795498533,192470,1795691003,28,0,0,31232,28,488705499
4661,1795503769,12825,1795516594,38,0,1,21504,38,9613765294
4662,1795504497,51272,1795555769,11,0,0,512,11,8867698267
4663,1795507837,9423,1795517260,15,0,1,11264,15,6308549769
4664,1795510886,67198,1795578084,8,0,0,6656,8,1754543205
4665,1795514008,144995,1795659003,10,0,0,3072,10,4827022909
4666,1795547352,263446,1795810798,28,0,0,67072,28,9041800537
4667,1795554299,5971,1795560270,22,0,1,14848,22,9365580292
4668,1795556672,233675,1795790347,26,0,0,52736,26,635487334
4669,1795581765,4374,1795586139,10,0,1,4608,10,4025404473
4670,1795633167,92603,1795725770,11,0,0,2048,11,9584335882
4671,1795633935,7230,1795641165,32,0,1,7680,32,6644101424
4672,1795642900,226718,1795869618,38,0,0,2560,38,9975099918
4673,1795666016,3898,1795669914,18,0,1,4096,18,10283328569
4674,1795687273,274251,1795961524,2,0,0,12288,2,4077183346
4675,1795716337,1994,1795718331,4,0,1,2048,4,5688585209
4676,1795729479,184493,1795913972,9,0,0,25088,9,5511472748
4677,1795732288,6754,1795739042,32,0,1,7168,32,10048095764
4678,1795746130,111016,1795857146,11,0,0,1024,11,4771653226
4679,1795753289,85993,1795839282,29,0,0,1024,29,10636747602
4680,1795753479,57366,1795810845,5,0,1,94720,5,6949366980
4681,1795759626,54185,1795813811,6,0,1,3072,6,5222609372
4682,1795759870,59161,1795819031,1,0,1,7680,1,6050810813
4683,1795786306,178706,1795965012,0,0,0,512,0,4260979656
4684,1795805307,246777,1796052084,17,0,0,94720,17,3412780794
4685,1795821547,4850,1795826397,22,0,1,5120,22,6855214933
4686,1795836909,133547,1795970456,38,0,0,1536,38,5631308140
4687,1795862839,81650,1795944489,15,0,0,17408,15,7055585741
4688,1795904020,1042,1795905062,33,0,1,1024,33,10126093162
4689,1795909028,6947,1795915975,24,0,1,2048,24,6282068723
4690,1795910622,10471,1795921093,24,0,1,15872,24,1816748074
4691,1795937098,34020,1795971118,3,0,1,59392,3,2447028583
4692,1795949305,193199,1796142504,2,0,0,93696,2,4600869390
4693,1795951027,191656,1796142683,14,0,0,512,14,8586825822
4694,1795953345,136550,1796089895,4,0,0,1024,4,9765651350
4695,1795989925,566,1795990491,16,0,1,512,16,6666221722
4696,1796003679,4850,1796008529,3,0,1,5120,3,3772474820
4697,1796017397,1518,1796018915,12,0,1,1536,12,825876943
4698,1796042020,53323,1796095343,31,0,1,70656,31,2150416511
4699,1796046049,49960,1796096009,28,0,1,1024,28,6628435346
4700,1796047606,49479,1796097085,10,0,1,13312,10,9274787973
4701,1796049177,49188,1796098365,1,0,1,14336,1,1788540719
4702,1796083128,291311,1796374439,39,0,0,28160,39,1784296061
4703,1796117680,342005,1796459685,34,0,0,18432,34,7800376716
4704,1796140722,9183,1796149905,33,0,1,7680,33,5257698490
4705,1796154873,3645,1796158518,38,0,1,10240,38,10099606717
4706,1796166541,137694,1796304235,5,0,0,2048,5,330136141
4707,1796175296,3898,1796179194,30,0,1,4096,30,7344504566
4708,1796190007,296684,1796486691,39,0,0,5120,39,8778512021
4709,1796207297,80552,1796287849,8,0,0,19968,8,8344069415
4710,1796210490,3422,1796213912,10,0,1,3584,10,3116275650
4711,1796214455,112404,1796326859,31,0,0,3072,31,10505110853
4712,1796218354,220748,1796439102,2,0,0,41472,2,7860957614
4713,1796224452,6278,1796230730,5,0,1,6656,5,3593937511
4714,1796232903,6278,1796239181,6,0,1,6656,6,6549200416
4715,1796286449,1958,1796288407,29,0,1,512,29,1186325525
4716,1796291920,3904,1796295824,15,0,1,10752,15,8639770809
4717,1796306773,197223,1796503996,13,0,0,24576,13,4038348335
4718,1796320391,97158,1796417549,15,0,0,3584,15,7690386928
4719,1796339083,128131,1796467214,1,0,0,24064,1,6767146915
4720,1796340332,3904,1796344236,1,0,1,10752,1,6631189891
4721,1796352415,128309,1796480724,37,0,0,512,37,1523465692
4722,1796352429,3404,1796355833,16,0,1,9728,16,7473440845
4723,1796362705,79696,1796442401,24,0,0,10752,24,1125699450
4724,1796415759,139399,1796555158,1,0,0,11264,1,7703506994
4725,1796426835,20375,1796447210,1,0,1,5120,1,6316956810
4726,1796509212,5326,1796514538,1,0,1,5632,1,9021291691
4727,1796527811,71162,1796598973,10,0,0,512,10,9974579284
4728,1796535709,5196,1796540905,4,0,1,13312,4,5661197911
4729,1796544681,5326,1796550007,9,0,1,5632,9,9848095126
4730,1796546284,4287,1796550571,24,0,1,10752,24,5849449075
4731,1796547768,51034,1796598802,5,0,0,1024,5,2475454451
4732,1796565341,566,1796565907,25,0,1,512,25,8751642226
4733,1796566701,46986,1796613687,38,0,0,512,38,9100253101
4734,1796593213,119357,1796712570,14,0,0,3072,14,7415503793
4735,1796636332,155728,1796792060,26,0,0,28672,26,1918196053
4736,1796645277,566,1796645843,4,0,1,512,4,9296636486
4737,1796655138,1518,1796656656,18,0,1,1536,18,4623635328
4738,1796663093,566,1796663659,6,0,1,512,6,1792296586
4739,1796670759,3904,1796674663,8,0,1,10752,8,2073600394
4740,1796678656,271699,1796950355,17,0,0,237568,17,8162790588
4741,1796681607,3422,1796685029,1,0,1,3584,1,10138890287
4742,1796687528,1994,1796689522,28,0,1,2048,28,9646894766
4743,1796699996,12589,1796712585,16,0,1,20480,16,9510863051
4744,1796701021,16468,1796717489,17,0,1,16384,17,1928510812
4745,1796722355,46729,1796769084,3,0,1,80896,3,8317609122
4746,1796746009,233821,1796979830,25,0,0,29696,25,6018107230
4747,1796797737,238619,1797036356,30,0,0,22528,30,4892706891
4748,1796844595,111078,1796955673,6,0,0,13824,6,5308856765
4749,1796907107,119253,1797026360,10,0,0,1536,10,1316635101
4750,1796907761,106090,1797013851,8,0,1,106496,8,5198597959
4751,1796912652,103465,1797016117,17,0,1,3584,17,8721930398
4752,1796926607,90176,1797016783,7,0,1,1024,7,3469126731
4753,1796944513,233425,1797177938,33,0,0,138240,33,8080663015
4754,1796946860,401350,1797348210,23,0,0,68608,23,7527772143
4755,1796947918,117431,1797065349,5,0,0,512,5,7144322692
4756,1796952796,97573,1797050369,8,0,1,111616,8,10548538005
4757,1796970026,147316,1797117342,11,0,0,512,11,4657020385
4758,1796986445,207201,1797193646,5,0,0,1024,5,9065673839
4759,1797011977,538080,1797550057,24,0,0,118784,24,1084634934
4760,1797018521,159588,1797178109,0,0,0,512,0,7374978889
4761,1797020803,247168,1797267971,25,0,0,9216,25,7440277201
4762,1797023080,157384,1797180464,34,0,0,7680,34,1751509415
4763,1797053051,308882,1797361933,9,0,0,13312,9,5092166328
4764,1797053522,560510,1797614032,24,0,0,209920,24,5695844817
4765,1797064246,251891,1797316137,34,0,0,36864,34,6143375131
4766,1797075867,2946,1797078813,9,0,1,3072,9,4487527940
4767,1797080376,5802,1797086178,38,0,1,6144,38,2862620511
4768,1797090401,7706,1797098107,11,0,1,8192,11,7866940481
4769,1797101030,360346,1797461376,17,0,0,8192,17,7453675127
4770,1797114915,7230,1797122145,30,0,1,7680,30,4234537691
4771,1797118406,4405,1797122811,8,0,1,11264,8,356223706
4772,1797118554,13574,1797132128,34,0,1,16384,34,10001818796
4773,1797123901,381188,1797505089,34,0,0,117248,34,399768062
4774,1797126598,254069,1797380667,38,0,0,512,38,6752488526
4775,1797132899,216730,1797349629,31,0,0,4608,31,1813360051
4776,1797142869,289751,1797432620,0,0,0,1024,0,8627371941
4777,1797202247,1042,1797203289,7,0,1,1024,7,4105100866
4778,1797240704,566,1797241270,10,0,1,512,10,5023843789
4779,1797315598,11288,1797326886,24,0,1,17408,24,7895870565
4780,1797323526,32816,1797356342,3,0,1,53760,3,7516386310
4781,1797355849,1159,1797357008,5,0,1,1024,5,9923608502
4782,1797356862,5086,1797361948,32,0,1,1536,32,4118465160
4783,1797387953,226406,1797614359,38,0,0,1024,38,4268533054
4784,1797442276,192412,1797634688,22,0,0,10752,22,10595512559
4785,1797461348,209292,1797670640,21,0,0,18432,21,6412873815
4786,1797492088,122778,1797614866,38,0,0,1536,38,7875084709
4787,1797498388,9188,1797507576,26,0,1,2560,26,5209486336
4788,1797555023,75948,1797630971,4,0,1,31232,4,5108839006
4789,1797569395,66761,1797636156,11,0,1,16384,11,6567646191
4790,1797572810,176169,1797748979,27,0,0,11264,27,9318880104
4791,1797599739,423468,1798023207,19,0,0,64512,19,589317018
4792,1797612828,23674,1797636502,32,0,1,512,32,3744516907
4793,1797618676,86598,1797705274,0,0,0,1024,0,9284096683
4794,1797636277,196583,1797832860,11,0,0,1536,11,4498112338
4795,1797639965,3904,1797643869,9,0,1,10752,9,10457199694
4796,1797640589,259972,1797900561,20,0,0,37888,20,8014409639
4797,1797675508,213486,1797888994,39,0,0,89600,39,4315187109
4798,1797679825,323703,1798003528,35,0,0,71168,35,8138243512
4799,1797681345,6278,1797687623,11,0,1,6656,11,1344986932
4800,1797686926,24242,1797711168,23,0,1,40448,23,3575499630
4801,1797689254,24180,1797713434,33,0,1,3584,33,1386057546
4802,1797692179,243780,1797935959,26,0,0,74752,26,2016440604
4803,1797718180,566,1797718746,17,0,1,512,17,449009137
4804,1797722392,3645,1797726037,25,0,1,10240,25,836048435
4805,1797766959,86181,1797853140,37,0,0,2560,37,5572703808
4806,1797769167,211203,1797980370,2,0,0,5632,2,9888285905
4807,1797772547,11016,1797783563,23,0,1,17920,23,651566642
4808,1797777059,188275,1797965334,1,0,0,41984,1,4790546160
4809,1797790493,258182,1798048675,35,0,0,47616,35,1714026128
4810,1797830014,305090,1798135104,0,0,0,512,0,8725984901
4811,1797838689,1042,1797839731,25,0,1,1024,25,2288746406
4812,1797856027,1042,1797857069,30,0,1,1024,30,5694571089
4813,1797858479,407507,1798265986,39,0,0,14336,39,6673314220
4814,1797867247,306786,1798174033,22,0,0,79360,22,2276378177
4815,1797872494,499602,1798372096,28,0,0,146944,28,9511244960
4816,1797886495,167176,1798053671,29,0,0,1536,29,6623721566
4817,1797895632,365948,1798261580,9,0,0,92160,9,2676850359
4818,1797898870,6195,1797905065,37,0,1,11776,37,446665875
4819,1797900038,133072,1798033110,0,0,0,512,0,1124082159
4820,1797905658,5326,1797910984,24,0,1,5632,24,3439814845
4821,1797934850,442565,1798377415,24,0,0,17408,24,2347042501
4822,1797941792,23895,1797965687,8,0,1,43008,8,7546647149
4823,1797967668,3898,1797971566,7,0,1,4096,7,4678812577
4824,1797970817,1735,1797972552,0,0,1,1536,0,4582045616
4825,1797979370,43852,1798023222,8,0,1,25088,8,3358242588
4826,1797979833,406424,1798386257,10,0,0,512,10,4679038039
4827,1797981932,424308,1798406240,13,0,0,65536,13,661087853
4828,1798017462,6318,1798023780,10,0,1,512,10,8487116622
4829,1798025062,160944,1798186006,14,0,0,512,14,3233480163
4830,1798030375,247512,1798277887,6,0,0,3584,6,10385312067
4831,1798037983,136251,1798174234,37,0,0,512,37,6266449816
4832,1798045619,431374,1798476993,13,0,0,512,13,8797170872
4833,1798090447,83601,1798174048,31,0,1,101888,31,3334115892
4834,1798104790,69273,1798174063,4,0,1,512,4,10501941203
4835,1798167318,7474,1798174792,9,0,1,512,9,7720731063
4836,1798187226,340525,1798527751,8,0,0,61952,8,10466684785
4837,1798189529,196557,1798386086,23,0,0,16384,23,9317531449
4838,1798217975,5326,1798223301,32,0,1,5632,32,6245596936
4839,1798233217,28378,1798261595,14,0,1,3584,14,10511589331
4840,1798246730,131020,1798377750,11,0,0,1024,11,1294253429
4841,1798254725,13289,1798268014,28,0,1,2048,28,2655710627
4842,1798261736,8224,1798269960,29,0,1,3072,29,4447029218
4843,1798265510,4796,1798270306,22,0,1,512,22,3762071974
4844,1798291464,290421,1798581885,26,0,0,14848,26,10296507812
4845,1798308740,159108,1798467848,2,0,0,51712,2,6015823156
4846,1798338247,68008,1798406255,18,0,1,16384,18,1333687643
4847,1798348281,263577,1798611858,30,0,0,9728,30,7761908176
4848,1798350494,55776,1798406270,32,0,1,11264,32,5023865467
4849,1798365204,163818,1798529022,17,0,0,4096,17,3889004763
4850,1798374940,158465,1798533405,1,0,0,14336,1,3820178835
4851,1798399217,84763,1798483980,5,0,0,512,5,3458993236
4852,1798403879,286010,1798689889,17,0,0,56832,17,4103386819
4853,1798409783,58276,1798468059,4,0,0,512,4,9451487783
4854,1798416493,84645,1798501138,31,0,1,141312,31,8754510312
4855,1798417480,86884,1798504364,29,0,1,5120,29,4625120340
4856,1798419548,88042,1798507590,38,0,1,5120,38,5222700294
4857,1798434075,99345,1798533420,16,0,1,56320,16,4128242567
4858,1798436651,96792,1798533443,22,0,1,7680,22,2835456820
4859,1798448033,261515,1798709548,11,0,0,1024,11,5950833623
4860,1798499571,33887,1798533458,32,0,1,1024,32,4020318249
4861,1798502955,124626,1798627581,15,0,0,8192,15,1430427876
4862,1798510901,28756,1798539657,4,0,1,6656,4,9568057839
4863,1798538911,99944,1798638855,20,0,0,15360,20,7671009055
4864,1798543561,1518,1798545079,26,0,1,1536,26,8158486492
4865,1798577082,10757,1798587839,38,0,1,17408,38,6188180975
4866,1798632584,186070,1798818654,38,0,0,512,38,5605639315
4867,1798634456,273568,1798908024,24,0,0,50688,24,4554249890
4868,1798645397,1518,1798646915,38,0,1,1536,38,1268763285
4869,1798647364,116829,1798764193,31,0,1,194048,31,1948933755
4870,1798662555,323858,1798986413,28,0,0,7168,28,3701595344
4871,1798667174,98965,1798766139,24,0,1,3072,24,3609820636
4872,1798668063,259036,1798927099,2,0,0,5120,2,8099724697
4873,1798677444,329780,1799007224,39,0,0,5632,39,5543944500
4874,1798684338,85667,1798770005,9,0,1,6144,9,1040487439
4875,1798685148,86803,1798771951,0,0,1,3072,0,10504265689
4876,1798687795,174324,1798862119,39,0,0,20992,39,5948437314
4877,1798715624,66849,1798782473,5,0,1,33792,5,1040779350
4878,1798718751,64388,1798783139,4,0,1,1024,4,10567818401
4879,1798724066,61019,1798785085,1,0,1,3072,1,373810874
4880,1798732198,189800,1798921998,11,0,0,512,11,2520998428
4881,1798738487,50784,1798789271,17,0,1,6656,17,9944599784
4882,1798777012,12605,1798789617,18,0,1,512,18,9212442866
4883,1798781194,127017,1798908211,10,0,0,512,10,6473819414
4884,1798784834,123578,1798908412,37,0,0,512,37,1676817310
4885,1798806015,244115,1799050130,21,0,0,9216,21,4072913200
4886,1798818778,1994,1798820772,29,0,1,2048,29,545297807
4887,1798835474,566,1798836040,24,0,1,512,24,3663248525
4888,1798837674,1042,1798838716,23,0,1,1024,23,4218648794
4889,1798866090,42136,1798908226,31,0,1,54272,31,6157773913
4890,1798875438,32803,1798908241,9,0,1,512,9,2531119869
4891,1798882637,25790,1798908427,7,0,1,6656,7,5887634729
4892,1798892591,476071,1799368662,33,0,0,10752,33,339696294
4893,1798897370,121530,1799018900,10,0,0,512,10,1846910797
4894,1798910423,218983,1799129406,14,0,0,512,14,3295485740
4895,1798915213,87448,1799002661,0,0,0,1024,0,1803262747
4896,1798915331,11783,1798927114,10,0,1,18432,10,8845058043
4897,1798933164,236442,1799169606,9,0,0,56832,9,1282611761
4898,1798953937,147404,1799101341,5,0,0,3584,5,1974114340
4899,1798955540,21399,1798976939,23,0,1,34816,23,2927425701
4900,1798967762,209535,1799177297,9,0,0,25088,9,4188714734
4901,1798984009,2419,1798986428,32,0,1,1536,32,5553023447
4902,1798996617,3128,1798999745,28,0,1,9216,28,10350517661
4903,1798999082,348525,1799347607,9,0,0,7680,9,8400345892
4904,1799012123,2470,1799014593,15,0,1,2560,15,7387521049
4905,1799018931,1518,1799020449,18,0,1,1536,18,9457221291
4906,1799036467,293170,1799329637,23,0,0,109056,23,5320504600
4907,1799042962,158304,1799201266,20,0,0,20992,20,8241427954
4908,1799046455,298797,1799345252,35,0,0,51200,35,6962299873
4909,1799059006,293312,1799352318,9,0,0,15360,9,6067684666
4910,1799079182,3422,1799082604,1,0,1,3584,1,135804764
4911,1799100417,4044,1799104461,14,0,1,9216,14,2753520681
4912,1799119041,4850,1799123891,37,0,1,5120,37,6138716096
4913,1799131460,345551,1799477011,19,0,0,49664,19,6164486679
4914,1799142157,347505,1799489662,22,0,0,41472,22,5044899820
4915,1799153548,26679,1799180227,11,0,1,3072,11,9770267266
4916,1799153619,30474,1799184093,12,0,1,6144,12,10578379888
4917,1799154522,304014,1799458536,20,0,0,72704,20,7106164077
4918,1799155585,202353,1799357938,36,0,0,1024,36,4560319862
4919,1799167329,221240,1799388569,5,0,0,1024,5,3388382731
4920,1799175824,38594,1799214418,23,0,1,59904,23,4662503037
4921,1799176278,39130,1799215408,38,0,1,1536,38,684891309
4922,1799191977,195411,1799387388,15,0,0,512,15,10045095071
4923,1799194679,302303,1799496982,9,0,0,19456,9,962060862
4924,1799202632,17278,1799219910,30,0,1,7168,30,9329982456
4925,1799215344,5552,1799220896,9,0,1,1536,9,9203545203
4926,1799220411,306568,1799526979,9,0,0,26112,9,7412884138
4927,1799232832,1994,1799234826,26,0,1,2048,26,4914199383
4928,1799239329,7230,1799246559,1,0,1,7680,1,4699858524
4929,1799279162,7230,1799286392,18,0,1,7680,18,5110254851
4930,1799321940,137391,1799459331,0,0,0,2560,0,3928144736
4931,1799329366,241299,1799570665,5,0,0,512,5,857235539
4932,1799370017,193781,1799563798,17,0,0,42496,17,6483490622
4933,1799375682,280540,1799656222,9,0,0,18432,9,6658303982
4934,1799376460,2870,1799379330,2,0,1,8704,2,6452281599
4935,1799385234,223784,1799609018,20,0,0,64000,20,7813061090
4936,1799400028,128549,1799528577,13,0,0,5120,13,4389503358
4937,1799400925,6754,1799407679,35,0,1,7168,35,5932967732
4938,1799412543,6754,1799419297,23,0,1,7168,23,10506828764
4939,1799415882,151059,1799566941,1,0,0,10240,1,2283900596
4940,1799431654,183931,1799615585,30,0,0,21504,30,2515534321
4941,1799503867,1518,1799505385,0,0,1,1536,0,3306131242
4942,1799517653,9349,1799527002,12,0,1,10240,12,4567060018
4943,1799520017,161045,1799681062,24,0,0,9216,24,2681133826
4944,1799540914,298392,1799839306,8,0,0,67584,8,2579532074
4945,1799547168,2470,1799549638,7,0,1,2560,7,2879902681
4946,1799555420,14902,1799570322,12,0,1,3584,12,3730316708
4947,1799572516,134196,1799706712,38,0,0,1536,38,4362758161
4948,1799613685,4838,1799618523,26,0,1,3072,26,2025718412
4949,1799619243,4162,1799623405,15,0,1,11264,15,6962682490
4950,1799623363,242147,1799865510,3,0,0,31744,3,8514661864
4951,1799623959,566,1799624525,22,0,1,512,22,7147987997
4952,1799636544,162375,1799798919,2,0,0,38912,2,10217234436
4953,1799637377,566,1799637943,33,0,1,512,33,3611630238
4954,1799643077,566,1799643643,18,0,1,512,18,284585187
4955,1799647683,252892,1799900575,39,0,0,66560,39,1970804521
4956,1799653167,227089,1799880256,34,0,0,14336,34,8617448957
4957,1799671433,99821,1799771254,29,0,0,512,29,9138460315
4958,1799695701,269136,1799964837,17,0,0,8192,17,7005000093
4959,1799713727,261770,1799975497,1,0,0,1024,1,9520890132
4960,1799715110,2946,1799718056,7,0,1,3072,7,8027524581
4961,1799719772,5802,1799725574,11,0,1,6144,11,7130504240
4962,1799724557,128506,1799853063,34,0,0,7680,34,2932132018
4963,1799726161,360294,1800086455,20,0,0,63488,20,5768743162
4964,1799727052,3128,1799730180,30,0,1,9216,30,22407167
4965,1799727139,5240,1799732379,18,0,1,2560,18,6840145675
4966,1799734642,276803,1800011445,34,0,0,37376,34,4429052478
4967,1799763264,76213,1799839477,36,0,0,512,36,1057147139
4968,1799765597,296485,1800062082,25,0,0,11264,25,5369373076
4969,1799770868,84955,1799855823,39,0,0,6656,39,4026700477
4970,1799779772,312329,1800092101,9,0,0,5632,9,10525009661
4971,1799794038,221478,1800015516,1,0,0,13312,1,5767115121
4972,1799804485,1994,1799806479,0,0,1,2048,0,1484978261
4973,1799876112,251985,1800128097,15,0,0,39936,15,8204131644
4974,1799878223,229505,1800107728,27,0,0,34816,27,9329791182
4975,1799878317,26115,1799904432,28,0,1,4096,28,7917411908
4976,1799882200,52448,1799934648,3,0,1,53760,3,9905315422
4977,1799898389,168707,1800067096,35,0,0,13824,35,8486546823
4978,1799932859,43716,1799976575,3,0,1,71680,3,3828101009
4979,1799943678,193302,1800136980,2,0,0,1024,2,8613794625
4980,1799949190,32774,1799981964,37,0,1,17408,37,4913809404
4981,1799964002,20868,1799984870,14,0,1,4608,14,8679071835
4982,1799971185,119185,1800090370,3,0,0,12800,3,1826726037
4983,1799973231,14545,1799987776,23,0,1,4608,23,8840677057
4984,1799975476,302675,1800278151,9,0,0,80384,9,4058549868
4985,1799986996,351338,1800338334,3,0,0,31232,3,832812738
4986,1799988770,4420,1799993190,10,0,1,11776,10,8841030343
4987,1799992145,225928,1800218073,30,0,0,50688,30,3502021910
4988,1799994542,1518,1799996060,11,0,1,1536,11,2720594976
4989,1800014939,363377,1800378316,35,0,0,71680,35,5846857089
4990,1800046494,1994,1800048488,11,0,1,2048,11,10107418519
4991,1800059208,32908,1800092116,31,0,1,31232,31,656124165
4992,1800060042,261147,1800321189,25,0,0,50688,25,10406505082
4993,1800079934,307647,1800387581,20,0,0,30208,20,8409690089
4994,1800087490,100705,1800188195,5,0,1,160256,5,1565254541
4995,1800101940,88841,1800190781,4,0,1,4096,4,6657658049
4996,1800106409,88878,1800195287,35,0,1,7168,35,9045464487
4997,1800107682,437556,1800545238,6,0,0,17408,6,8712463060
4998,1800150877,366119,1800516996,17,0,0,127488,17,7412483602
4999,1800151793,84370,1800236163,25,0,0,3072,25,5901926721
5000,1800195725,221930,1800417655,11,0,0,512,11,4126626115
5001,1800196426,566,1800196992,7,0,1,512,7,4370266142
5002,1800197274,36863,1800234137,8,0,1,65024,8,645220431
5003,1800206176,393992,1800600168,2,0,0,118272,2,5918042794
5004,1800228655,7523,1800236178,24,0,1,2560,24,7998748924
5005,1800254638,27094,1800281732,12,0,1,3584,12,4336597924
5006,1800256090,344561,1800600651,36,0,0,1536,36,7205880680
5007,1800259411,463471,1800722882,20,0,0,77824,20,5478243637
5008,1800263883,345090,1800608973,25,0,0,24576,25,815155363
5009,1800273494,10845,1800284339,2,0,1,12800,2,8430245718
5010,1800274658,179813,1800454471,22,0,0,14848,22,6937656428
5011,1800275645,9360,1800285005,16,0,1,1024,16,2021631034
5012,1800277692,8619,1800286311,33,0,1,2048,33,9713428292
5013,1800292840,3898,1800296738,29,0,1,4096,29,8550760186
5014,1800318468,305364,1800623832,26,0,0,48640,26,1859276782
5015,1800321075,5585,1800326660,25,0,1,13824,25,2644877509
5016,1800324136,54203,1800378339,16,0,1,54784,16,585378937
5017,1800334170,216785,1800550955,25,0,0,12288,25,3967939677
5018,1800352783,25571,1800378354,14,0,1,6656,14,1454032613
5019,1800357090,401021,1800758111,38,0,0,512,38,941381549
5020,1800364540,279148,1800643688,36,0,0,512,36,7034435182
5021,1800380424,19474,1800399898,0,0,1,20480,0,8011509122
5022,1800385715,215731,1800601446,27,0,0,2560,27,9998242611
5023,1800387888,13316,1800401204,30,0,1,2048,30,4666686181
5024,1800390073,14357,1800404430,0,0,1,5120,0,75721272
5025,1800408142,1994,1800410136,37,0,1,2048,37,1813940741
5026,1800412152,315121,1800727273,17,0,0,14336,17,2605845156
5027,1800413501,32558,1800446059,3,0,1,53248,3,3291926976
5028,1800458595,1042,1800459637,23,0,1,1024,23,6110812820
5029,1800489858,30842,1800520700,29,0,1,10240,29,5990721073
5030,1800509980,313632,1800823612,11,0,0,512,11,6626610310
5031,1800511829,310508,1800822337,11,0,0,2560,11,4673257655
5032,1800514352,299681,1800814033,29,0,0,512,29,5860124328
5033,1800521217,4937,1800526154,29,0,1,12800,29,2937240478
5034,1800562543,61312,1800623855,23,0,1,82944,23,7343943620
5035,1800562636,195304,1800757940,17,0,0,53760,17,8348601793
5036,1800568227,55643,1800623870,29,0,1,1536,29,4890166681
5037,1800577911,45982,1800623893,31,0,1,22016,31,1442437353
5038,1800589654,40415,1800630069,2,0,1,6656,2,9921748597
5039,1800611750,150644,1800762394,11,0,0,512,11,10548153101
5040,1800632870,156572,1800789442,27,0,0,11776,27,8883838167
5041,1800693475,4937,1800698412,4,0,1,12800,4,10259425280
5042,1800693899,170198,1800864097,3,0,0,4096,3,9305599883
5043,1800711837,195757,1800907594,33,0,0,26624,33,866930650
5044,1800723349,200283,1800923632,31,0,1,318976,31,6961780343
5045,1800734860,264773,1800999633,17,0,0,32256,17,2562480954
5046,1800750931,327658,1801078589,21,0,0,25600,21,5994157564
5047,1800756685,168893,1800925578,14,0,1,3072,14,7875510153
5048,1800765665,173756,1800939421,11,0,0,1024,11,6806108107
5049,1800777527,148717,1800926244,33,0,1,1024,33,343519467
5050,1800781796,174960,1800956756,21,0,0,53248,21,1339733342
5051,1800813825,112765,1800926590,15,0,1,512,15,6122903925
5052,1800862834,69043,1800931877,32,0,1,16896,32,5643448674
5053,1800892432,43311,1800935743,6,0,1,6144,6,8606236717
5054,1800898781,37833,1800936614,25,0,1,12288,25,890170549
5055,1800900625,267898,1801168523,25,0,0,12288,25,2815780714
5056,1800909035,29167,1800938202,31,0,1,15872,31,9171128175
5057,1800911117,27431,1800938548,9,0,1,512,9,9196586015
5058,1800929946,214909,1801144855,30,0,0,9728,30,6458832421
5059,1800967308,12737,1800980045,18,0,1,24576,18,10437685413
5060,1800968769,299404,1801268173,2,0,0,25600,2,1136155734
5061,1800973596,200575,1801174171,10,0,0,512,10,4602987090
5062,1800983910,168453,1801152363,5,0,0,512,5,2915104407
5063,1801008423,321948,1801330371,37,0,0,512,37,2641321097
5064,1801033037,566,1801033603,11,0,1,512,11,7625155167
5065,1801033098,285255,1801318353,26,0,0,32768,26,8061886289
5066,1801033162,26067,1801059229,31,0,1,47104,31,503998180
5067,1801034233,244063,1801278296,2,0,0,18432,2,3493568282
5068,1801044391,15824,1801060215,16,0,1,1536,16,3461128605
5069,1801055159,190465,1801245624,38,0,0,512,38,642082027
5070,1801086653,191814,1801278467,11,0,0,512,11,9470809300
5071,1801099470,1042,1801100512,38,0,1,1024,38,9186299096
5072,1801108407,350528,1801458935,26,0,0,95744,26,9602192912
5073,1801129889,190039,1801319928,2,0,0,5120,2,1928454064
5074,1801167134,33422,1801200556,5,0,1,52224,5,4742179011
5075,1801217757,241677,1801459434,10,0,0,1536,10,4555997946
5076,1801244452,2470,1801246922,2,0,1,2560,2,6339053872
5077,1801282330,6278,1801288608,22,0,1,6656,22,1336135769
5078,1801285538,6936,1801292474,24,0,1,6144,24,8054510107
5079,1801305155,199260,1801504415,30,0,0,35328,30,9612108713
5080,1801367635,32558,1801400193,5,0,1,53248,5,1147753497
5081,1801396798,5021,1801401819,29,0,1,2560,29,5636319377
5082,1801398633,123606,1801522239,15,0,0,512,15,4118160615
5083,1801400839,5326,1801406165,32,0,1,5632,32,4406320539
5084,1801403545,162386,1801565931,13,0,0,512,13,2626212839
5085,1801430379,324638,1801755017,25,0,0,51712,25,880695510
5086,1801447080,105072,1801552152,39,0,0,2048,39,3187833223
5087,1801461077,305975,1801767052,31,0,0,39424,31,10310960905
5088,1801466045,3898,1801469943,28,0,1,4096,28,3136706146
5089,1801506199,2946,1801509145,35,0,1,3072,35,8625602755
5090,1801508883,230355,1801739238,17,0,0,107008,17,3621662743
5091,1801524855,23637,1801548492,16,0,1,42496,16,658973324
5092,1801537200,241895,1801779095,6,0,0,39424,6,1132154695
5093,1801574045,205229,1801779274,29,0,0,512,29,6713486363
5094,1801583109,1518,1801584627,24,0,1,1536,24,1180127282
5095,1801601327,183594,1801784921,22,0,0,18432,22,3099147940
5096,1801613053,326994,1801940047,9,0,0,136704,9,6020447863
5097,1801619101,321117,1801940218,11,0,0,512,11,10624765964
5098,1801628153,256248,1801884401,1,0,0,7680,1,1252378940
5099,1801629841,318056,1801947897,8,0,0,24576,8,1979927151
5100,1801641594,1042,1801642636,7,0,1,1024,7,10221903714
5101,1801652744,1994,1801654738,25,0,1,2048,25,3230162589
5102,1801659097,5971,1801665068,12,0,1,14848,12,5612776505
5103,1801672770,566,1801673336,11,0,1,512,11,337575728
5104,1801682735,2470,1801685205,35,0,1,2560,35,2401053331
5105,1801685287,1042,1801686329,29,0,1,1024,29,1515937240
5106,1801689490,566,1801690056,12,0,1,512,12,4763457468
5107,1801699932,372495,1802072427,13,0,0,205312,13,20732518
5108,1801714970,69966,1801784936,25,0,1,4608,25,4619748132
5109,1801718516,229582,1801948098,37,0,0,512,37,6653437258
5110,1801738730,46237,1801784967,4,0,1,4608,4,8372666831
5111,1801745814,45860,1801791674,29,0,1,7168,29,3536327413
5112,1801767095,317158,1802084253,11,0,0,1024,11,6178755712
5113,1801778368,14612,1801792980,29,0,1,2048,29,8268391415
5114,1801799971,1518,1801801489,26,0,1,1536,26,8830825167
5115,1801813038,6488,1801819526,17,0,1,15872,17,3112334863
5116,1801894571,181171,1802075742,30,0,0,10752,30,8392729951
5117,1801896213,1518,1801897731,28,0,1,1536,28,4454810375
5118,1801921540,26372,1801947912,35,0,1,5120,35,3451877237
5119,1801926777,21150,1801947927,34,0,1,2560,34,4322226351
5120,1801928325,283548,1802211873,30,0,0,87040,30,283949032
5121,1801965365,117202,1802082567,4,0,0,1536,4,107951901
5122,1801969662,301849,1802271511,22,0,0,192512,22,7807200929
5123,1801976403,1994,1801978397,9,0,1,2048,9,764574954
5124,1802019049,69389,1802088438,31,0,1,24576,31,6352780128
5125,1802023352,189472,1802212824,5,0,0,3072,5,1545184622
5126,1802053302,128295,1802181597,2,0,0,17920,2,3254720687
5127,1802105665,76586,1802182251,15,0,0,2048,15,1884785456
5128,1802122042,5326,1802127368,37,0,1,5632,37,1295375155
5129,1802167867,155696,1802323563,26,0,0,76288,26,1379001166
5130,1802173408,8204,1802181612,30,0,1,3072,30,8498250028
5131,1802192935,164181,1802357116,26,0,0,22528,26,4056470256
5132,1802192938,79574,1802272512,7,0,1,1024,7,8911552010
5133,1802214675,109231,1802323906,36,0,0,1024,36,4587479684
5134,1802232339,44455,1802276794,23,0,1,12800,23,9937938903
5135,1802260869,20214,1802281083,34,0,1,5632,34,7405512414
5136,1802273988,7659,1802281647,28,0,1,10752,28,4774656222
5137,1802293912,45596,1802339508,38,0,0,1024,38,10677943987
5138,1802296651,2870,1802299521,26,0,1,8704,26,4654539686
5139,1802307522,19988,1802327510,32,0,1,10240,32,6844487928
5140,1802320842,147337,1802468179,39,0,0,103424,39,9858418576
5141,1802332174,6278,1802338452,30,0,1,6656,30,3678753464
5142,1802346422,33333,1802379755,3,0,1,54784,3,4311427743
5143,1802350346,214332,1802564678,21,0,0,38912,21,2250205894
5144,1802399994,2870,1802402864,16,0,1,8704,16,6954885072
5145,1802405991,3422,1802409413,6,0,1,3584,6,5718481514
5146,1802411978,4850,1802416828,30,0,1,5120,30,10513376686
5147,1802452859,209161,1802662020,36,0,0,512,36,4557335560
5148,1802455299,226453,1802681752,1,0,0,40448,1,8161550537
5149,1802494552,236352,1802730904,34,0,0,40448,34,2900590534
5150,1802503853,1518,1802505371,26,0,1,1536,26,5042732577
5151,1802527426,6278,1802533704,6,0,1,6656,6,5174190056
5152,1802565806,566,1802566372,38,0,1,512,38,7453131109
5153,1802566204,233230,1802799434,24,0,0,18944,24,9868159688
5154,1802581867,43904,1802625771,14,0,0,512,14,10068207404
5155,1802624527,63620,1802688147,3,0,1,107008,3,8811824269
5156,1802635050,98521,1802733571,9,0,0,8704,9,8772311918
5157,1802636154,248669,1802884823,6,0,0,23040,6,9874333870
5158,1802668159,71717,1802739876,35,0,0,1024,35,3958840980
5159,1802668524,71025,1802739549,6,0,0,9728,6,1285448632
5160,1802698645,343120,1803041765,2,0,0,512,2,8987047227
5161,1802703514,5802,1802709316,33,0,1,6144,33,1315354928
5162,1802704633,173155,1802877788,31,0,0,48128,31,7847546305
5163,1802711633,3904,1802715537,12,0,1,10752,12,1860771799
5164,1802717940,262967,1802980907,3,0,0,33792,3,10263849452
5165,1802734585,226367,1802960952,25,0,0,66560,25,7279497802
5166,1802740663,1518,1802742181,18,0,1,1536,18,7504528410
5167,1802752828,4374,1802757202,28,0,1,4608,28,5112665888
5168,1802754357,56596,1802810953,8,0,1,96768,8,9091571214
5169,1802771050,40249,1802811299,17,0,1,512,17,3940288899
5170,1802776727,35443,1802812170,14,0,1,12288,14,3648454753
5171,1802804042,8474,1802812516,11,0,1,512,11,8037525359
5172,1802809018,79931,1802888949,37,0,0,1536,37,9970600603
5173,1802814696,414449,1803229145,6,0,0,227328,6,9068044583
5174,1802817891,187232,1803005123,8,0,0,22528,8,9416262720
5175,1802853162,1042,1802854204,2,0,1,1024,2,6647303203
5176,1802883492,222604,1803106096,27,0,0,15360,27,10679461584
5177,1802919083,376434,1803295517,9,0,0,84992,9,5344335089
5178,1802931417,324512,1803255929,1,0,0,84992,1,1470378712
5179,1802976587,8732,1802985319,15,0,1,11776,15,46084224
5180,1802981283,248345,1803229628,36,0,0,1536,36,2225666224
5181,1803000091,18124,1803018215,5,0,1,22016,5,5868497355
5182,1803004188,361524,1803365712,11,0,0,512,11,816288445
5183,1803006946,149243,1803156189,21,0,0,1536,21,7678395197
5184,1803016146,139560,1803155706,25,0,0,41984,25,4918947700
5185,1803042651,290547,1803333198,0,0,0,3584,0,9111316082
5186,1803059375,289639,1803349014,35,0,0,17408,35,8171013779
5187,1803080334,215362,1803295696,4,0,0,512,4,9134988155
5188,1803084146,15837,1803099983,31,0,1,30720,31,1621393509
5189,1803096392,9727,1803106119,35,0,1,8192,35,6417452879
5190,1803104351,125651,1803230002,0,0,0,1024,0,2111888177
5191,1803105568,3940,1803109508,24,0,1,9728,24,3598584480
5192,1803115182,385965,1803501147,21,0,0,67584,21,8631652063
5193,1803117417,216912,1803334329,5,0,0,1024,5,398659846
5194,1803149688,79971,1803229659,16,0,1,40448,16,7837677115
5195,1803172070,165784,1803337854,25,0,0,5632,25,10509605072
5196,1803173472,414921,1803588393,8,0,0,79360,8,9872515773
5197,1803205633,296785,1803502418,23,0,0,4096,23,6355097355
5198,1803209462,177545,1803387007,30,0,0,38400,30,8300785660
5199,1803217655,42395,1803260050,1,0,1,11264,1,1243472720
5200,1803228340,37258,1803265598,30,0,1,6656,30,1834779109
5201,1803273491,23707,1803297198,24,0,1,1536,24,2645215861
5202,1803294098,4086,1803298184,6,0,1,1536,6,6347699589
5203,1803330404,258168,1803588572,5,0,0,512,5,118148853
5204,1803338581,24242,1803362823,3,0,1,40448,3,10213648575
5205,1803343033,20354,1803363387,23,0,1,10752,23,6326814466
5206,1803347668,216530,1803564198,13,0,0,67072,13,6390036064
5207,1803383136,10617,1803393753,3,0,1,7168,3,5546400310
5208,1803400270,1518,1803401788,9,0,1,1536,9,2151147470
5209,1803402340,217501,1803619841,39,0,0,37376,39,991016585
5210,1803428889,245249,1803674138,22,0,0,14336,22,8477689817
5211,1803438306,566,1803438872,2,0,1,512,2,7876883587
5212,1803480906,23515,1803504421,30,0,1,2048,30,1326934718
5213,1803487405,191930,1803679335,25,0,0,16896,25,3610932385
5214,1803488118,100625,1803588743,37,0,0,512,37,6814149880
5215,1803508032,161723,1803669755,25,0,0,28672,25,3104950154
5216,1803516556,5326,1803521882,28,0,1,5632,28,4465985873
5217,1803544376,185202,1803729578,22,0,0,5632,22,7048112011
5218,1803577128,214711,1803791839,8,0,0,16384,8,10585309992
5219,1803612443,11288,1803623731,16,0,1,4096,16,5568126505
5220,1803637482,74153,1803711635,1,0,0,2560,1,8576665990
5221,1803641033,1994,1803643027,25,0,1,2048,25,550034807
5222,1803679706,2470,1803682176,15,0,1,2560,15,3678328783
5223,1803684782,2870,1803687652,37,0,1,8704,37,1894797421
5224,1803709184,137383,1803846567,3,0,0,21504,3,10590408957
5225,1803729621,4374,1803733995,1,0,1,4608,1,619219341
5226,1803751606,11791,1803763397,23,0,1,19456,23,3066458844
5227,1803756928,10335,1803767263,37,0,1,6144,37,75584180
5228,1803775434,113844,1803889278,8,0,0,1024,8,2227456670
5229,1803784215,257272,1804041487,30,0,0,38400,30,1052433879
5230,1803793449,7230,1803800679,26,0,1,7680,26,2024736389
5231,1803802425,4850,1803807275,18,0,1,5120,18,4756917524
5232,1803803747,4191,1803807938,38,0,1,10752,38,3850722958
5233,1803819179,1518,1803820697,14,0,1,1536,14,9911389828
5234,1803851353,25446,1803876799,3,0,1,46080,3,4706238305
5235,1803862355,152673,1804015028,5,0,0,2560,5,10502150151
5236,1803867058,105539,1803972597,33,0,0,40448,33,8507295613
5237,1803876496,222825,1804099321,22,0,0,15360,22,616041694
5238,1803884921,174816,1804059737,19,0,0,12800,19,4083283491
5239,1803889153,3063,1803892216,4,0,1,3072,4,845451836
5240,1803893358,256255,1804149613,19,0,0,94720,19,9832616244
5241,1803924609,240025,1804164634,5,0,0,512,5,3939969332
5242,1803930253,233883,1804164136,21,0,0,47616,21,8889058304
5243,1803950841,213622,1804164463,10,0,0,1024,10,10263579617
5244,1803984664,6278,1803990942,4,0,1,6656,4,1603748612
5245,1804004061,74624,1804078685,4,0,0,1536,4,2987180408
5246,1804021183,169221,1804190404,17,0,0,24064,17,5273443409
5247,1804031349,13552,1804044901,31,0,1,3584,31,8657992203
5248,1804052676,7076,1804059752,25,0,1,4096,25,1267877723
5249,1804055251,178825,1804234076,11,0,0,512,11,530507183
5250,1804063661,2470,1804066131,14,0,1,2560,14,1363774912
5251,1804085243,566,1804085809,6,0,1,512,6,304342489
5252,1804101075,261619,1804362694,19,0,0,73216,19,6178573422
5253,1804106913,57900,1804164813,29,0,0,512,29,9764567339
5254,1804149459,19687,1804169146,9,0,1,4608,9,9720780892
5255,1804165154,152156,1804317310,17,0,0,51200,17,4723943671
5256,1804179274,11145,1804190419,7,0,1,7168,7,4230133709
5257,1804198034,126527,1804324561,28,0,0,23552,28,1979544549
5258,1804199870,169235,1804369105,13,0,0,20992,13,10594414963
5259,1804214622,53495,1804268117,16,0,1,90624,16,6798481237
5260,1804215833,54870,1804270703,35,0,1,4096,35,5355882706
5261,1804218040,212177,1804430217,17,0,0,60416,17,7923741640
5262,1804221394,165179,1804386573,23,0,0,23040,23,6307830463
5263,1804227480,47409,1804274889,24,0,1,6656,24,3142940781
5264,1804234636,43799,1804278435,7,0,1,5632,7,9723881615
5265,1804252431,47509,1804299940,3,0,1,70144,3,9535474358
5266,1804254665,62660,1804317325,23,0,1,30208,23,9920866612
5267,1804261666,55674,1804317340,35,0,1,4608,35,2711479954
5268,1804261951,253669,1804515620,33,0,0,22528,33,1254693042
5269,1804273470,192934,1804466404,24,0,0,1024,24,2917660758
5270,1804286725,30630,1804317355,22,0,1,2560,22,6361389708
5271,1804295899,21471,1804317370,33,0,1,6144,33,1494793337
5272,1804326841,76236,1804403077,2,0,0,4608,2,2179917321
5273,1804353540,23263,1804376803,5,0,1,8192,5,9466921797
5274,1804379982,9546,1804389528,29,0,1,3072,29,7102100623
5275,1804385716,4158,1804389874,11,0,1,512,11,1741563522
5276,1804398822,1518,1804400340,10,0,1,1536,10,979152070
5277,1804421615,285016,1804706631,25,0,0,63488,25,6677504461
5278,1804437881,4162,1804442043,4,0,1,11264,4,2456490634
5279,1804456598,230674,1804687272,2,0,0,57344,2,4110575358
5280,1804470335,136765,1804607100,38,0,0,512,38,6705973170
5281,1804486956,287535,1804774491,0,0,0,1024,0,9775075607
5282,1804500800,3904,1804504704,23,0,1,10752,23,6644457104
5283,1804503969,82182,1804586151,34,0,0,9728,34,8886262699
5284,1804528513,334440,1804862953,25,0,0,57856,25,3927412726
5285,1804546199,566,1804546765,6,0,1,512,6,4654664917
5286,1804587061,258249,1804845310,2,0,0,22016,2,6182770365
5287,1804591804,4420,1804596224,38,0,1,11776,38,7181090097
5288,1804594478,7241,1804601719,2,0,1,6656,2,8661930990
5289,1804602696,171468,1804774164,17,0,0,32768,17,7544460517
5290,1804617019,6754,1804623773,15,0,1,7168,15,2825052776
5291,1804621196,171598,1804792794,2,0,0,2048,2,1914209968
5292,1804626293,2870,1804629163,22,0,1,8704,22,7671632874
5293,1804629221,3898,1804633119,26,0,1,4096,26,6416360942
5294,1804633081,5802,1804638883,24,0,1,6144,24,3608580660
5295,1804634775,5734,1804640509,35,0,1,2560,35,2522584779
5296,1804634861,13246,1804648107,4,0,1,20480,4,649665579
5297,1804640291,10082,1804650373,15,0,1,3584,15,2916559391
5298,1804678666,219283,1804897949,19,0,0,40960,19,7235349578
5299,1804687965,143413,1804831378,20,0,0,31744,20,5296352188
5300,1804693516,228121,1804921637,4,0,0,512,4,1075014945
5301,1804697289,22146,1804719435,16,0,1,24576,16,4201768223
5302,1804711843,151304,1804863147,14,0,0,512,14,9577013641
5303,1804714258,8723,1804722981,15,0,1,5632,15,4824598092
5304,1804716305,185826,1804902131,6,0,0,8192,6,4103446583
5305,1804744747,566,1804745313,32,0,1,512,32,6654252898
5306,1804744934,124156,1804869090,17,0,0,19456,17,3202025627
5307,1804780356,7230,1804787586,12,0,1,7680,12,4406266720
5308,1804806033,3898,1804809931,10,0,1,4096,10,8406571283
5309,1804810341,6754,1804817095,32,0,1,7168,32,1135432047
5310,1804836602,26366,1804862968,1,0,1,16384,1,8710434387
5311,1804859813,9802,1804869615,28,0,1,512,28,8102634570
5312,1804863133,291156,1805154289,39,0,0,52224,39,4575477748
5313,1804873688,4850,1804878538,15,0,1,5120,15,10435536833
5314,1804878949,19015,1804897964,6,0,1,8192,6,7343160939
5315,1804888971,112449,1805001420,15,0,0,28160,15,895547095
5316,1804889947,12199,1804902146,28,0,1,10752,28,8958137822
5317,1804918894,102554,1805021448,35,0,0,8192,35,6819181293
5318,1804927842,54744,1804982586,0,0,0,512,0,10505764438
5319,1804928597,7231,1804935828,1,0,1,7680,1,1751190316
5320,1804928639,8495,1804937134,34,0,1,2048,34,7906662041
5321,1804947419,214217,1805161636,3,0,0,24064,3,4032426157
5322,1804959432,2946,1804962378,6,0,1,3072,6,614966930
5323,1804986766,3904,1804990670,10,0,1,10752,10,4611353490
5324,1805030667,45596,1805076263,10,0,0,1024,10,10318556868
5325,1805031324,72424,1805103748,6,0,0,512,6,6412208928
5326,1805044589,4162,1805048751,22,0,1,11264,22,1219220283
5327,1805052444,5454,1805057898,23,0,1,13824,23,6629300699
5328,1805067331,219453,1805286784,23,0,0,49152,23,6952181822
5329,1805068354,1042,1805069396,10,0,1,1024,10,3851960658
5330,1805074197,197596,1805271793,30,0,0,50176,30,2053527287
5331,1805078683,216149,1805294832,35,0,0,13824,35,3713266250
5332,1805087868,74267,1805162135,14,0,0,1536,14,4978220822
5333,1805100444,4162,1805104606,25,0,1,11264,25,10496667912
5334,1805151845,242894,1805394739,26,0,0,41984,26,9816277340
5335,1805156010,183073,1805339083,33,0,0,12800,33,6813116469
5336,1805187865,3898,1805191763,39,0,1,4096,39,3484512191
5337,1805202922,95362,1805298284,13,0,0,1024,13,6983688109
5338,1805204534,23895,1805228429,23,0,1,43008,23,701062682
5339,1805220315,126556,1805346871,28,0,0,3072,28,1612142152
5340,1805235180,135829,1805371009,2,0,0,512,2,3500952387
5341,1805245487,53066,1805298553,5,0,1,86528,5,9963514077
5342,1805270869,147605,1805418474,31,0,0,77824,31,4451998370
5343,1805301026,3904,1805304930,35,0,1,10752,35,6868270562
5344,1805308861,7230,1805316091,17,0,1,7680,17,8513318821
5345,1805318108,101473,1805419581,26,0,0,3584,26,5389609089
5346,1805342077,4809,1805346886,6,0,1,4608,6,5693662373
5347,1805350664,21916,1805372580,5,0,1,35840,5,1119062046
5348,1805373097,182032,1805555129,23,0,0,113664,23,4120450517
5349,1805381406,310694,1805692100,36,0,0,1536,36,902454866
5350,1805384197,218888,1805603085,34,0,0,53760,34,8337240971
5351,1805422112,269170,1805691282,28,0,0,78336,28,5428517866
5352,1805427341,44145,1805471486,8,0,1,75776,8,10005896074
5353,1805457229,14603,1805471832,33,0,1,512,33,7182804129
5354,1805491984,199633,1805691617,10,0,0,1024,10,4646312774
5355,1805495155,2470,1805497625,4,0,1,2560,4,9219379087
5356,1805505671,161728,1805667399,25,0,0,36864,25,1597295752
5357,1805528516,29092,1805557608,1,0,1,2560,1,4544077483
5358,1805546711,13483,1805560194,1,0,1,4096,1,1925287905
5359,1805558982,4850,1805563832,33,0,1,5120,33,9730357697
5360,1805581618,1994,1805583612,22,0,1,2048,22,2405384536
5361,1805587655,16957,1805604612,37,0,1,1536,37,1436714680
5362,1805598833,106095,1805704928,3,0,1,163840,3,7537595002
5363,1805654077,51197,1805705274,6,0,1,512,6,7672299361
5364,1805674793,191221,1805866014,17,0,0,76800,17,6534401237
5365,1805716610,154255,1805870865,33,0,0,15872,33,2461316079
5366,1805719936,332149,1806052085,35,0,0,4608,35,3888618930
5367,1805735317,24412,1805759729,16,0,1,44032,16,1756575548
5368,1805741308,18575,1805759883,29,0,1,8704,29,8508280975
5369,1805743485,81009,1805824494,14,0,0,1024,14,4024172872
5370,1805758745,127685,1805886430,22,0,0,7168,22,4566531541
5371,1805777135,123643,1805900778,35,0,0,7168,35,6040805620
5372,1805790526,2946,1805793472,5,0,1,3072,5,3568284353
5373,1805793106,324617,1806117723,19,0,0,109568,19,8553277313
5374,1805797048,394933,1806191981,30,0,0,12800,30,8072324949
5375,1805801810,248742,1806050552,8,0,0,118272,8,9145713872
5376,1805809511,4937,1805814448,29,0,1,12800,29,10291434021
5377,1805814147,4162,1805818309,25,0,1,11264,25,7915969880
5378,1805900331,232757,1806133088,15,0,0,49152,15,3517517682
5379,1805910751,3898,1805914649,2,0,1,4096,2,313383515
5380,1805911883,206206,1806118089,5,0,0,512,5,711601692
5381,1805935168,375481,1806310649,20,0,0,33792,20,2590315987
5382,1805946742,103841,1806050583,23,0,1,143360,23,2950291921
5383,1805957301,93297,1806050598,32,0,1,3584,32,5099718218
5384,1805957673,92940,1806050613,22,0,1,11264,22,3480625252
5385,1805961448,89188,1806050636,11,0,1,5120,11,9456013421
5386,1805965715,84936,1806050651,11,0,1,3072,11,7392016691
5387,1805972965,77701,1806050666,37,0,1,3584,37,256251785
5388,1805975117,248274,1806223391,39,0,0,5632,39,850430945
5389,1805977619,76206,1806053825,31,0,1,36352,31,10173514509
5390,1805989576,205273,1806194849,3,0,0,2048,3,6491906377
5391,1805990239,127679,1806117918,37,0,0,512,37,8545150676
5392,1805995702,211249,1806206951,35,0,0,37376,35,4054196423
5393,1806021408,231367,1806252775,37,0,0,1024,37,825271372
5394,1806021413,33718,1806055131,1,0,1,2048,1,10590073418
5395,1806037980,276428,1806314408,22,0,0,12288,22,52020070
5396,1806049521,7556,1806057077,22,0,1,3072,22,4544064491
5397,1806054085,3387,1806057472,4,0,1,9728,4,8777204683
5398,1806055005,274277,1806329282,19,0,0,22016,19,4267704214
5399,1806065748,264040,1806329788,37,0,0,1024,37,6410424954
5400,1806071448,258005,1806329453,2,0,0,512,2,4078248641
5401,1806085006,307309,1806392315,34,0,0,40448,34,3777940409
5402,1806089542,167739,1806257281,2,0,0,512,2,6901092244
5403,1806095149,39441,1806134590,10,0,1,1536,10,119355491
5404,1806106049,29527,1806135576,22,0,1,1536,22,1629623123
5405,1806114210,208333,1806322543,1,0,0,26624,1,10491979001
5406,1806122022,18297,1806140319,35,0,1,6656,35,741842160
5407,1806139114,3898,1806143012,14,0,1,4096,14,7655686076
5408,1806195372,11594,1806206966,28,0,1,3072,28,7774381141
5409,1806258649,1518,1806260167,39,0,1,1536,39,8727350547
5410,1806289988,182736,1806472724,32,0,0,1024,32,9929277641
5411,1806291727,1042,1806292769,22,0,1,1024,22,7595767078
5412,1806303643,26168,1806329811,12,0,1,6656,12,5088015682
5413,1806310298,256602,1806566900,39,0,0,37888,39,3664116508
5414,1806325311,9690,1806335001,9,0,1,13312,9,801170769
5415,1806326833,78964,1806405797,30,0,0,10752,30,903279261
5416,1806328956,12135,1806341091,39,0,1,7680,39,3555866164
5417,1806340463,88118,1806428581,0,0,0,512,0,5339207468
5418,1806351508,202379,1806553887,1,0,0,54272,1,8763306226
5419,1806373219,76795,1806450014,35,0,0,13312,35,4305396145
5420,1806383774,13400,1806397174,29,0,1,5120,29,10014909490
5421,1806383783,348405,1806732188,25,0,0,148480,25,3549693891
5422,1806393042,293891,1806686933,24,0,0,512,24,7426245955
5423,1806399836,262122,1806661958,19,0,0,91648,19,5784117848
5424,1806406898,1042,1806407940,4,0,1,1024,4,9656817222
5425,1806407876,278886,1806686762,23,0,0,41984,23,1871669543
5426,1806420645,331602,1806752247,14,0,0,3072,14,6428443541
5427,1806428464,3754,1806432218,2,0,1,10240,2,10112153349
5428,1806434251,3898,1806438149,30,0,1,4096,30,2323686029
5429,1806438605,156365,1806594970,22,0,0,11776,22,7549077354
5430,1806456507,148178,1806604685,10,0,0,1024,10,2608118145
5431,1806458478,1518,1806459996,7,0,1,1536,7,175954068
5432,1806480445,15321,1806495766,4,0,1,29696,4,8871090648
5433,1806496159,342976,1806839135,25,0,0,8704,25,8765557904
5434,1806533714,239101,1806772815,15,0,0,23552,15,2129590047
5435,1806538659,212629,1806751288,8,0,0,38912,8,1654628693
5436,1806558112,174582,1806732694,11,0,0,1536,11,4492713515
5437,1806562564,245943,1806808507,8,0,0,29184,8,7671616382
5438,1806586091,153326,1806739417,34,0,0,22016,34,7157949922
5439,1806630827,31146,1806661973,9,0,1,5120,9,9646616522
5440,1806648901,150699,1806799600,33,0,0,29696,33,6532784069
5441,1806650297,81914,1806732211,31,0,1,43008,31,2350557966
5442,1806657027,163006,1806820033,29,0,0,3584,29,8273974011
5443,1806685586,154125,1806839711,24,0,0,512,24,7034781847
5444,1806726874,219559,1806946433,17,0,0,4608,17,5312453071
5445,1806735274,104032,1806839306,5,0,0,512,5,9301525384
5446,1806751057,2249,1806753306,6,0,1,1024,6,7934723170
5447,1806766339,12746,1806779085,28,0,1,6656,28,5132711605
5448,1806784380,106012,1806890392,28,0,0,17920,28,8003261660
5449,1806786845,138788,1806925633,8,0,0,70656,8,7804775427
5450,1806806330,6543,1806812873,30,0,1,4608,30,9464205303
5451,1806814892,219161,1807034053,17,0,0,51200,17,5285065776
5452,1806834990,5196,1806840186,10,0,1,13312,10,6889513240
5453,1806839788,2946,1806842734,14,0,1,3072,14,6816763834
5454,1806842261,254300,1807096561,26,0,0,19968,26,9957013715
5455,1806842623,10241,1806852864,35,0,1,16384,35,5349723432
5456,1806850041,209156,1807059197,20,0,0,10752,20,413176921
5457,1806875620,122648,1806998268,15,0,0,1024,15,4722665096
5458,1806896618,305159,1807201777,22,0,0,46592,22,7551458536
5459,1806897215,274112,1807171327,14,0,0,37376,14,5323448794
5460,1806908685,172622,1807081307,20,0,0,1536,20,6710130507
5461,1806931065,256501,1807187566,14,0,0,53248,14,8102197970
5462,1806997325,43200,1807040525,16,0,1,70656,16,4324026884
5463,1807005983,295514,1807301497,25,0,0,54784,25,5947818468
5464,1807016400,230429,1807246829,8,0,0,4608,8,1376938630
5465,1807121399,3422,1807124821,34,0,1,3584,34,2060485798
5466,1807140237,196265,1807336502,14,0,0,26624,14,2183011455
5467,1807153929,47871,1807201800,31,0,1,51712,31,2081916755
5468,1807157043,47196,1807204239,39,0,1,2560,39,8392086497
5469,1807233956,67728,1807301684,38,0,0,512,38,2059915355
5470,1807238964,4374,1807243338,39,0,1,4608,39,5024782344
5471,1807247582,148710,1807396292,30,0,0,60416,30,7646210874
5472,1807268516,5971,1807274487,0,0,1,14848,0,1272153022
5473,1807282172,1518,1807283690,34,0,1,1536,34,5010883649
5474,1807290688,256647,1807547335,39,0,0,48640,39,10274380731
5475,1807294867,8770,1807303637,33,0,1,2048,33,6458867475
5476,1807305502,1522,1807307024,18,0,1,1536,18,3381402488
5477,1807305547,133529,1807439076,37,0,0,512,37,7687339817
5478,1807331181,9211,1807340392,6,0,1,4096,6,4864460821
5479,1807344082,371518,1807715600,28,0,0,10240,28,8029820419
5480,1807353715,94597,1807448312,27,0,0,512,27,6576322743
5481,1807358418,2470,1807360888,8,0,1,2560,8,221168835
5482,1807358613,147693,1807506306,10,0,0,1024,10,2039445378
5483,1807364785,4850,1807369635,11,0,1,5120,11,6617301727
5484,1807369057,296379,1807665436,34,0,0,108544,34,634246061
5485,1807369267,714,1807369981,25,0,1,512,25,7755588618
5486,1807411604,155322,1807566926,0,0,0,512,0,2520802379
5487,1807424365,207893,1807632258,34,0,0,58368,34,10683363841
5488,1807436354,30491,1807466845,3,0,1,49152,3,10326580417
5489,1807446383,25288,1807471671,14,0,1,7680,14,2411176740
5490,1807447388,29109,1807476497,35,0,1,7680,35,8323262150
5491,1807450183,30500,1807480683,39,0,1,6656,39,7194519936
5492,1807459479,206651,1807666130,38,0,0,1536,38,48831263
5493,1807462220,22969,1807485189,1,0,1,7168,1,4625932250
5494,1807474996,10539,1807485535,4,0,1,512,4,1337163178
5495,1807484774,3422,1807488196,8,0,1,3584,8,5531059544
5496,1807490460,141813,1807632273,8,0,1,205824,8,5590552377
5497,1807507905,275822,1807783727,6,0,0,51200,6,5880716881
5498,1807508952,321545,1807830497,29,0,0,512,29,4655704903
5499,1807509330,122958,1807632288,32,0,1,7680,32,2448677372
5500,1807526426,257940,1807784366,38,0,0,2048,38,10485294972
5501,1807536955,287164,1807824119,39,0,0,56320,39,8908017948
5502,1807537990,94313,1807632303,32,0,1,1024,32,8432964038
5503,1807546123,119492,1807665615,2,0,0,512,2,8186659015
5504,1807562254,70064,1807632318,23,0,1,5120,23,1486119108
5505,1807575724,135544,1807711268,38,0,0,512,38,2462296365
5506,1807593553,38780,1807632333,35,0,1,14848,35,9882970031
5507,1807596042,308661,1807904703,1,0,0,39424,1,3953351335
5508,1807626670,43404,1807670074,35,0,1,12288,35,452373367
5509,1807631752,105802,1807737554,36,0,0,512,36,21150654
5510,1807649455,293582,1807943037,30,0,0,17920,30,3890897836
5511,1807653670,251212,1807904882,17,0,0,512,17,9855955834
5512,1807656350,16327,1807672677,34,0,1,3584,34,6642320535
5513,1807659729,305339,1807965068,14,0,0,48640,14,6013691124
5514,1807700091,189288,1807889379,27,0,0,26624,27,7309881692
5515,1807766227,566,1807766793,18,0,1,512,18,9685285571
5516,1807783073,6997,1807790070,7,0,1,14336,7,1715049760
5517,1807795476,2870,1807798346,30,0,1,8704,30,4317241442
5518,1807812400,12770,1807825170,1,0,1,1024,1,1876134156
5519,1807816799,13919,1807830718,10,0,1,6656,10,185072083
5520,1807841393,134290,1807975683,0,0,0,512,0,5176426519
5521,1807854380,566,1807854946,15,0,1,512,15,6643146340
5522,1807855250,3645,1807858895,33,0,1,10240,33,6003675570
5523,1807889487,2946,1807892433,33,0,1,3072,33,9709294722
5524,1807896141,11170,1807907311,22,0,1,2560,22,5216201184
5525,1807908406,3898,1807912304,6,0,1,4096,6,7640030904
5526,1807918872,159213,1808078085,24,0,0,512,24,37077483
5527,1807926619,3128,1807929747,10,0,1,9216,10,2399718548
5528,1807945463,217684,1808163147,31,0,0,51712,31,3684686369
5529,1807951250,16756,1807968006,33,0,1,3072,33,2919810751
5530,1807999504,61292,1808060796,26,0,0,7168,26,122309205
5531,1808000705,2870,1808003575,37,0,1,8704,37,4587325900
5532,1808019697,43941,1808063638,2,0,0,512,2,7751471159
5533,1808024522,67730,1808092252,37,0,0,2560,37,2660320570
5534,1808051348,1518,1808052866,0,0,1,1536,0,9708249702
5535,1808074773,1994,1808076767,30,0,1,2048,30,5861061552
5536,1808117742,56727,1808174469,39,0,0,2048,39,9744482644
5537,1808120029,566,1808120595,7,0,1,512,7,7269228638
5538,1808126458,5326,1808131784,11,0,1,5632,11,6545430281
5539,1808147064,16098,1808163162,18,0,1,512,18,376699105
5540,1808153127,328278,1808481405,24,0,0,512,24,8819125084
5541,1808160895,3802,1808164697,9,0,1,1536,9,584300906
5542,1808167912,1042,1808168954,33,0,1,1024,33,4332384202
5543,1808176629,115537,1808292166,3,0,1,191488,3,6634743732
5544,1808193266,101806,1808295072,24,0,1,4608,24,1012113245
5545,1808195701,259352,1808455053,2,0,0,512,2,7358472096
5546,1808211068,243355,1808454423,39,0,0,70144,39,5526818109
5547,1808238623,152296,1808390919,35,0,0,23040,35,1624627854
5548,1808249123,304576,1808553699,0,0,0,512,0,7518329852
5549,1808261287,339660,1808600947,17,0,0,71168,17,9159156102
5550,1808288501,8517,1808297018,10,0,1,3072,10,5657283151
5551,1808297164,185854,1808483018,4,0,0,512,4,7447733967
5552,1808299579,231626,1808531205,21,0,0,58880,21,5823287736
5553,1808325562,7230,1808332792,29,0,1,7680,29,1809392387
5554,1808331270,325284,1808656554,31,0,0,25088,31,3204110779
5555,1808366395,241275,1808607670,1,0,0,22016,1,8411329480
5556,1808378067,119272,1808497339,10,0,0,1536,10,3325811258
5557,1808384030,11255,1808395285,22,0,1,4608,22,7788795542
5558,1808391144,78075,1808469219,10,0,0,512,10,7529708340
5559,1808451325,205400,1808656725,0,0,0,512,0,4807167441
5560,1808457993,171904,1808629897,6,0,0,13824,6,8176707342
5561,1808459492,160673,1808620165,1,0,0,40960,1,836249881
5562,1808462456,1994,1808464450,8,0,1,2048,8,8176745067
5563,1808473407,3645,1808477052,38,0,1,10240,38,8630751374
5564,1808481296,271432,1808752728,23,0,0,22016,23,8332269217
5565,1808504222,116278,1808620500,36,0,0,1024,36,4408688715
5566,1808534804,7230,1808542034,34,0,1,7680,34,831827655
5567,1808544893,330873,1808875766,6,0,0,155136,6,4828358103
5568,1808587040,184944,1808771984,35,0,0,42496,35,7586971482
5569,1808597639,32273,1808629912,28,0,1,7168,28,6685446313
5570,1808615676,55549,1808671225,37,0,0,1024,37,8524007427
5571,1808623926,6001,1808629927,18,0,1,4096,18,3359945828
5572,1808656256,2931,1808659187,39,0,1,2560,39,4295341458
5573,1808686529,5802,1808692331,0,0,1,6144,0,5817844820
5574,1808693058,501326,1809194384,23,0,0,111104,23,5891943463
5575,1808696875,83958,1808780833,23,0,1,136704,23,194503497
5576,1808697033,104691,1808801724,31,0,1,67072,31,6512090112
5577,1808702100,178845,1808880945,6,0,0,16896,6,8789907074
5578,1808707762,95140,1808802902,30,0,1,13824,30,5701877972
5579,1808709847,217708,1808927555,39,0,0,8192,39,7741495750
5580,1808720398,85090,1808805488,26,0,1,4096,26,3425159368
5581,1808727105,79049,1808806154,22,0,1,1024,22,7288638700
5582,1808755723,227584,1808983307,39,0,0,19456,39,2975869295
5583,1808809536,104769,1808914305,30,0,0,2048,30,10130914745
5584,1808849069,33353,1808882422,6,0,1,1536,6,1669238171
5585,1808859331,234091,1809093422,1,0,0,4096,1,2808364711
5586,1808875899,342859,1809218758,14,0,0,54784,14,389581130
5587,1808899054,302997,1809202051,35,0,0,25088,35,9186816455
5588,1808903222,140791,1809044013,27,0,0,43520,27,3629763326
5589,1808903252,6289,1808909541,7,0,1,6656,7,8379973702
5590,1808915858,324045,1809239903,21,0,0,34304,21,5003154248
5591,1808918897,381864,1809300761,15,0,0,114176,15,3710487631
5592,1808930900,189106,1809120006,6,0,0,5120,6,8774805454
5593,1808941650,3898,1808945548,22,0,1,4096,22,9595728153
5594,1808947551,6278,1808953829,7,0,1,6656,7,4966110625
5595,1808973446,9876,1808983322,35,0,1,5120,35,6968491225
5596,1809001742,22862,1809024604,3,0,1,40960,3,8251016482
5597,1809042323,5327,1809047650,6,0,1,10240,6,9821258748
5598,1809053998,2870,1809056868,0,0,1,8704,0,3385306295
5599,1809056915,162358,1809219273,4,0,0,1536,4,7338254568
5600,1809128329,566,1809128895,37,0,1,512,37,9317530197
5601,1809135686,5802,1809141488,5,0,1,6144,5,5903713323
5602,1809162625,61079,1809223704,1,0,1,12800,1,1949527429
5603,1809180654,181788,1809362442,33,0,0,40960,33,5881537079
5604,1809189912,34458,1809224370,26,0,1,1024,26,9809984583
5605,1809205893,248075,1809453968,15,0,0,73216,15,7296335966
5606,1809232516,13248,1809245764,2,0,1,6144,2,6677219774
5607,1809233593,16677,1809250270,1,0,1,7168,1,576151973
5608,1809235662,19114,1809254776,15,0,1,7168,15,9225054811
5609,1809237872,310816,1809548688,3,0,0,60928,3,3549834006
5610,1809246556,9526,1809256082,11,0,1,2048,11,1897930191
5611,1809248984,207659,1809456643,25,0,0,8704,25,2082712776
5612,1809253180,87175,1809340355,10,0,0,1024,10,9133680489
5613,1809264835,35941,1809300776,38,0,1,3584,38,6301396611
5614,1809276181,29053,1809305234,10,0,1,4608,10,8125639586
5615,1809277273,51212,1809328485,16,0,1,47616,16,4730061757
5616,1809291435,40596,1809332031,31,0,1,5632,31,5569017771
5617,1809294894,263645,1809558539,25,0,0,32256,25,7900872890
5618,1809300223,36314,1809336537,26,0,1,7168,26,8879531986
5619,1809311868,107833,1809419701,10,0,0,14848,10,5133697596
5620,1809339926,90548,1809430474,28,0,0,22528,28,10179228074
5621,1809345377,136032,1809481409,14,0,0,2560,14,9324791445
5622,1809358173,5320,1809363493,39,0,1,1024,39,429155971
5623,1809359602,118216,1809477818,37,0,0,512,37,3200554921
5624,1809385203,1994,1809387197,39,0,1,2048,39,8723055785
5625,1809409790,287404,1809697194,25,0,0,179200,25,4857833500
5626,1809409896,333692,1809743588,28,0,0,30208,28,6503599578
5627,1809435442,22227,1809457669,15,0,1,1024,15,10258303907
5628,1809451712,6943,1809458655,12,0,1,1536,12,308674086
5629,1809467010,155940,1809622950,21,0,0,27648,21,3806789765
5630,1809477263,227309,1809704572,36,0,0,512,36,5249888751
5631,1809486414,6754,1809493168,26,0,1,7168,26,10179889470
5632,1809503955,193433,1809697388,2,0,0,512,2,3145927136
5633,1809519803,184583,1809704386,39,0,0,17920,39,1001928128
5634,1809534199,26293,1809560492,26,0,1,2048,26,2667774290
5635,1809554503,232771,1809787274,9,0,0,36352,9,6249148034
5636,1809565455,566,1809566021,33,0,1,512,33,3396087839
5637,1809569638,348128,1809917766,22,0,0,51712,22,888809038
5638,1809575419,2470,1809577889,30,0,1,2560,30,2910709803
5639,1809581251,269329,1809850580,24,0,0,1024,24,4421067975
5640,1809582760,1994,1809584754,9,0,1,2048,9,5966088224
5641,1809614297,180324,1809794621,28,0,0,24064,28,6782901605
5642,1809615161,179631,1809794792,21,0,0,512,21,4649493486
5643,1809632614,4420,1809637034,3,0,1,11776,3,2758369795
5644,1809637787,59422,1809697209,9,0,1,5120,9,2737123811
5645,1809643560,288573,1809932133,22,0,0,47104,22,6529421380
5646,1809652114,320517,1809972631,23,0,0,11776,23,7325172924
5647,1809653451,210383,1809863834,0,0,0,512,0,6041976093
5648,1809658647,45754,1809704401,16,0,1,2048,16,8487028233
5649,1809662178,97350,1809759528,5,0,1,99328,5,10152369968
5650,1809665235,222468,1809887703,0,0,0,2048,0,4024814880
5651,1809689275,401672,1810090947,17,0,0,117760,17,26252374
5652,1809696541,150299,1809846840,2,0,0,1536,2,1069611897
5653,1809706325,55469,1809761794,25,0,1,3584,25,2780879266
5654,1809719605,234404,1809954009,15,0,0,16896,15,10594584597
5655,1809734304,32675,1809766979,5,0,1,24576,5,5668498841
5656,1809757547,272582,1810030129,19,0,0,18944,19,6676366540
5657,1809775065,566,1809775631,33,0,1,512,33,1327989956
5658,1809784727,12093,1809796820,25,0,1,2048,25,10492899650
5659,1809792170,308152,1810100322,27,0,0,30720,27,6367137930
5660,1809792299,7313,1809799612,22,0,1,11264,22,6149685811
5661,1809797303,303190,1810100493,20,0,0,512,20,7460463284
5662,1809799761,6488,1809806249,11,0,1,15872,11,6291367594
5663,1809817191,7706,1809824897,35,0,1,8192,35,5005553978
5664,1809821416,111676,1809933092,9,0,0,3072,9,4237124774
5665,1809870824,5454,1809876278,22,0,1,13824,22,10621846171
5666,1809887543,3574,1809891117,25,0,1,3584,25,5428554025
5667,1809895473,93702,1809989175,38,0,0,512,38,6824270611
5668,1809909164,210213,1810119377,21,0,0,18944,21,1418432470
5669,1809931518,22506,1809954024,32,0,1,31232,32,6661303568
5670,1809933879,346660,1810280539,28,0,0,40448,28,5665029341
5671,1809950858,69011,1810019869,11,0,0,1024,11,1029506660
5672,1809952196,2411,1809954607,11,0,1,512,11,7180968700
5673,1810040493,566,1810041059,38,0,1,512,38,2899522637
5674,1810094098,98895,1810192993,3,0,0,2560,3,3438491924
5675,1810109268,153643,1810262911,19,0,0,18944,19,346377142
5676,1810109719,120754,1810230473,27,0,0,13312,27,2417036215
5677,1810134410,35571,1810169981,31,0,1,62464,31,9406568410
5678,1810145076,226420,1810371496,28,0,0,14848,28,8238756539
5679,1810145141,29026,1810174167,2,0,1,6656,2,5911098359
5680,1810151844,215113,1810366957,15,0,0,20480,15,6040763474
5681,1810168917,135526,1810304443,21,0,0,28160,21,6129439818
5682,1810201339,249127,1810450466,33,0,0,22528,33,1048213462
5683,1810204396,52728,1810257124,29,0,0,1024,29,9566429850
5684,1810209804,5326,1810215130,0,0,1,5632,0,7588763031
5685,1810251282,58201,1810309483,39,0,0,7168,39,2286888439
5686,1810281319,69689,1810351008,11,0,0,512,11,2964890162
5687,1810294460,183165,1810477625,15,0,0,89088,15,4336786670
5688,1810296622,119664,1810416286,29,0,0,3072,29,6006828622
5689,1810309202,1315,1810310517,28,0,1,1024,28,4000314222
5690,1810326811,178170,1810504981,26,0,0,13312,26,4087938264
5691,1810333932,192386,1810526318,29,0,0,2048,29,3557309924
5692,1810343409,2470,1810345879,2,0,1,2560,2,10327719397
5693,1810353108,2470,1810355578,38,0,1,2560,38,6920595574
5694,1810356363,43904,1810400267,24,0,0,512,24,8778078913
5695,1810370965,3469,1810374434,25,0,1,3072,25,10630527093
5696,1810381525,6278,1810387803,0,0,1,6656,0,3186877303
5697,1810395799,1042,1810396841,24,0,1,1024,24,2840197059
5698,1810421162,79748,1810500910,3,0,0,12288,3,5895020488
5699,1810431484,566,1810432050,7,0,1,512,7,7982577762
5700,1810455688,23489,1810479177,38,0,1,1536,38,6943791123
5701,1810457703,189086,1810646789,20,0,0,47104,20,7149445426
5702,1810477428,102260,1810579688,20,0,0,9728,20,2121034220
5703,1810482284,7230,1810489514,8,0,1,7680,8,9250194084
5704,1810484628,67309,1810551937,24,0,0,512,24,4741036448
5705,1810502149,112825,1810614974,22,0,0,17408,22,9525301282
5706,1810502328,5540,1810507868,28,0,1,8704,28,8563415416
5707,1810520375,1994,1810522369,37,0,1,2048,37,3758688336
5708,1810522245,132194,1810654439,36,0,0,512,36,1993412223
5709,1810568288,1518,1810569806,26,0,1,1536,26,6431157333
5710,1810586848,60424,1810647272,29,0,0,1536,29,6695633639
5711,1810599888,6278,1810606166,22,0,1,6656,22,1027811444
5712,1810601949,5523,1810607472,6,0,1,2048,6,4780775734
5713,1810646475,23480,1810669955,3,0,1,37376,3,8670121276
5714,1810718119,220401,1810938520,31,0,0,117760,31,1163128888
5715,1810728772,104249,1810833021,11,0,0,512,11,6319909546
5716,1810730249,82930,1810813179,5,0,0,2048,5,5419710720
5717,1810741846,5326,1810747172,38,0,1,5632,38,5611846634
5718,1810764378,10499,1810774877,8,0,1,16896,8,5904914001
5719,1810769373,7770,1810777143,15,0,1,3584,15,681793896
5720,1810787229,313663,1811100892,15,0,0,73728,15,9606971380
5721,1810792400,227072,1811019472,33,0,0,11776,33,687177253
5722,1810795023,1042,1810796065,26,0,1,1024,26,290362786
5723,1810822710,3128,1810825838,6,0,1,9216,6,9383756197
5724,1810823744,12081,1810835825,39,0,1,16384,39,8610066097
5725,1810824524,311989,1811136513,8,0,0,31744,8,5259359030
5726,1810831191,184614,1811015805,33,0,0,149504,33,6165664159
5727,1810837428,2946,1810840374,8,0,1,3072,8,3763633620
5728,1810867002,566,1810867568,11,0,1,512,11,3642352453
5729,1810876854,566,1810877420,35,0,1,512,35,8806990361
5730,1810878984,566,1810879550,18,0,1,512,18,5945685193
5731,1810920586,24722,1810945308,17,0,1,7168,17,933090366
5732,1810921111,29343,1810950454,1,0,1,8192,1,9636686838
5733,1810923991,267405,1811191396,3,0,0,48128,3,8628508231
5734,1810939416,358289,1811297705,5,0,0,113664,5,761758941
5735,1810948855,1945,1810950800,22,0,1,512,22,8862604618
5736,1810979038,41435,1811020473,32,0,1,1024,32,5469442554
5737,1810987020,136829,1811123849,29,0,0,5120,29,6747477282
5738,1810987760,332268,1811320028,8,0,0,73216,8,299394416
5739,1810989805,239277,1811229082,23,0,0,41984,23,8137063317
5740,1810990091,364308,1811354399,28,0,0,26624,28,8596189832
5741,1810999379,22400,1811021779,39,0,1,2048,39,4938894979
5742,1811006407,161429,1811167836,21,0,0,10240,21,8028881865
5743,1811010275,219914,1811230189,19,0,0,3584,19,6752028269
5744,1811055885,13341,1811069226,33,0,1,22528,33,4825321791
5745,1811086703,238964,1811325667,14,0,0,18432,14,988937848
5746,1811090436,18196,1811108632,15,0,1,8192,15,6309995748
5747,1811093338,394243,1811487581,31,0,0,54272,31,4674243672
5748,1811133509,235569,1811369078,19,0,0,48128,19,1671522623
5749,1811155610,248565,1811404175,13,0,0,29696,13,4417335044
5750,1811172026,446068,1811618094,28,0,0,28160,28,9148210598
5751,1811176375,15036,1811191411,4,0,1,512,4,7570613306
5752,1811183288,193495,1811376783,5,0,0,25088,5,6231110860
5753,1811184439,18780,1811203219,3,0,1,19456,3,3068530916
5754,1811209617,212313,1811421930,5,0,0,54272,5,4503878042
5755,1811211832,1994,1811213826,17,0,1,2048,17,4050062139
5756,1811223061,321446,1811544507,30,0,0,91648,30,7603901273
5757,1811273737,57290,1811331027,11,0,1,5632,11,3720638108
5758,1811279656,51627,1811331283,30,0,1,9216,30,3991983229
5759,1811293580,221728,1811515308,39,0,0,11776,39,296154793
5760,1811294129,37820,1811331949,1,0,1,1024,1,8285993316
5761,1811320297,14710,1811335007,11,0,1,11776,11,8174086856
5762,1811325323,145334,1811470657,15,0,0,3072,15,2605974512
5763,1811340280,28813,1811369093,39,0,1,7168,39,6584325449
5764,1811343340,25768,1811369108,14,0,1,6656,14,5322704178
5765,1811355329,515851,1811871180,14,0,0,55296,14,8478190051
5766,1811363717,16670,1811380387,32,0,1,10240,32,5679655394
5767,1811371615,9438,1811381053,6,0,1,1024,6,9296726112
5768,1811408026,14479,1811422505,34,0,1,512,34,6031379616
5769,1811408976,16541,1811425517,31,0,1,3584,31,3090553411
5770,1811460858,249574,1811710432,5,0,0,5632,5,4804835813
5771,1811463331,128449,1811591780,25,0,0,35328,25,5239520963
5772,1811494341,1994,1811496335,9,0,1,2048,9,3569958437
5773,1811523955,357380,1811881335,30,0,0,33280,30,10681520437
5774,1811548432,5454,1811553886,15,0,1,13824,15,3130118796
5775,1811550294,235684,1811785978,3,0,0,25600,3,7693046490
5776,1811562082,4374,1811566456,30,0,1,4608,30,731591169
5777,1811583684,14859,1811598543,11,0,1,7168,11,7120054462
5778,1811587045,249597,1811836642,14,0,0,86016,14,2413601809
5779,1811617374,1754,1811619128,17,0,1,1024,17,4234473086
5780,1811626932,227369,1811854301,30,0,0,57856,30,10582738261
5781,1811627804,299275,1811927079,22,0,0,2560,22,9453307215
5782,1811649718,3128,1811652846,7,0,1,9216,7,6613600211
5783,1811662415,1042,1811663457,24,0,1,1024,24,302877486
5784,1811677377,2946,1811680323,24,0,1,3072,24,1588230678
5785,1811679595,361334,1812040929,25,0,0,98304,25,5483963412
5786,1811683621,4850,1811688471,10,0,1,5120,10,2361572958
5787,1811684618,4007,1811688625,31,0,1,8704,31,3596619825
5788,1811723938,3898,1811727836,16,0,1,4096,16,4889353944
5789,1811724701,5721,1811730422,17,0,1,4096,17,3101806962
5790,1811741439,222944,1811964383,39,0,0,48128,39,10351134630
5791,1811744863,233746,1811978609,34,0,0,46592,34,894856368
5792,1811767056,5712,1811772768,3,0,1,14336,3,6382982597
5793,1811768672,174735,1811943407,26,0,0,50688,26,2700018445
5794,1811816188,131454,1811947642,21,0,0,13824,21,6277612946
5795,1811816303,65055,1811881358,10,0,1,1024,10,4739173220
5796,1811834715,51429,1811886144,32,0,1,5120,32,1637546548
5797,1811864251,24799,1811889050,26,0,1,4608,26,7986045227
5798,1811879380,13856,1811893236,17,0,1,6656,17,5507933742
5799,1811885381,9801,1811895182,17,0,1,3072,17,10390263319
5800,1811912838,223057,1812135895,1,0,0,121344,1,2534839259
5801,1811915156,163387,1812078543,3,0,0,6656,3,2893659143
5802,1811936751,27647,1811964398,1,0,1,4096,1,956029190
5803,1811985466,4420,1811989886,3,0,1,11776,3,9593348258
5804,1812037829,6055,1812043884,28,0,1,3072,28,9285467062
5805,1812038567,109830,1812148397,30,0,0,11264,30,2798987666
5806,1812046551,110353,1812156904,37,0,0,512,37,5634672487
5807,1812060410,137944,1812198354,35,0,0,38400,35,9822528289
5808,1812076824,2277,1812079101,8,0,1,512,8,40151611
5809,1812082698,5326,1812088024,2,0,1,5632,2,7438127748
5810,1812083473,65483,1812148956,27,0,0,1536,27,937191818
5811,1812124258,14516,1812138774,14,0,1,8704,14,7355696824
5812,1812129567,20522,1812150089,4,0,1,18944,4,7119407123
5813,1812140923,9422,1812150345,6,0,1,9216,6,9917874390
5814,1812150766,4374,1812155140,39,0,1,4608,39,4205157938
5815,1812183536,1518,1812185054,26,0,1,1536,26,4483499954
5816,1812218670,373965,1812592635,5,0,0,59904,5,1504149817
5817,1812228784,55821,1812284605,16,0,1,95232,16,6895017191
5818,1812240460,46091,1812286551,38,0,1,3072,38,4913974329
5819,1812240885,45922,1812286807,29,0,1,9216,29,2090306162
5820,1812267188,35582,1812302770,23,0,1,51712,23,7515655550
5821,1812292303,14653,1812306956,5,0,1,6656,5,9827307584
5822,1812313137,154151,1812467288,29,0,0,512,29,8725776113
5823,1812321116,68438,1812389554,37,0,0,512,37,2108035225
5824,1812338763,295536,1812634299,30,0,0,35328,30,8877943360
5825,1812375220,134405,1812509625,39,0,0,20480,39,748709457
5826,1812381699,3387,1812385086,32,0,1,9728,32,6026448745
5827,1812406322,503203,1812909525,23,0,0,65024,23,2193531402
5828,1812421189,401474,1812822663,5,0,0,23040,5,7903752285
5829,1812427158,166748,1812593906,15,0,0,4096,15,6129579203
5830,1812454067,257776,1812711843,26,0,0,128512,26,2616846381
5831,1812519606,6278,1812525884,17,0,1,6656,17,6041966631
5832,1812524490,5802,1812530292,6,0,1,6144,6,4494083214
5833,1812530216,207194,1812737410,30,0,0,6656,30,7706550590
5834,1812536908,190194,1812727102,24,0,0,3072,24,3944542474
5835,1812542980,6278,1812549258,17,0,1,6656,17,6262620003
5836,1812572622,700868,1813273490,5,0,0,164352,5,2679492433
5837,1812576768,171615,1812748383,29,0,0,1024,29,8348058767
5838,1812578266,133600,1812711866,31,0,1,164352,31,3343011666
5839,1812592831,119050,1812711881,14,0,1,5120,14,1947464672
5840,1812600167,237223,1812837390,31,0,0,26624,31,9742846191
5841,1812602900,108996,1812711896,25,0,1,1536,25,9629910273
5842,1812603013,108898,1812711911,33,0,1,7168,33,6181639690
5843,1812626958,297010,1812923968,27,0,0,36352,27,9541093262
5844,1812632758,79168,1812711926,9,0,1,3584,9,2113440796
5845,1812663061,48880,1812711941,34,0,1,4608,34,10192771271
5846,1812687407,34992,1812722399,29,0,1,16896,29,5998384226
5847,1812759880,222784,1812982664,10,0,0,6144,10,9499870975
5848,1812764935,15837,1812780772,23,0,1,30720,23,3745273281
5849,1812769725,266643,1813036368,27,0,0,3072,27,7390034275
5850,1812794013,153743,1812947756,15,0,0,45056,15,4259040775
5851,1812798901,158165,1812957066,1,0,0,1024,1,7006211258
5852,1812819715,3506,1812823221,24,0,1,512,24,9273016076
5853,1812827590,9823,1812837413,35,0,1,9728,35,4251924617
5854,1812830810,11509,1812842319,6,0,1,12800,6,2558932806
5855,1812855642,4374,1812860016,32,0,1,4608,32,2666263343
5856,1812856890,3792,1812860682,4,0,1,1024,4,8743284602
5857,1812884434,282082,1813166516,23,0,0,23040,23,4974525576
5858,1812894024,195936,1813089960,14,0,0,32768,14,7532366649
5859,1812895744,14406,1812910150,1,0,1,512,1,2345949309
5860,1812903952,6544,1812910496,29,0,1,512,29,10005619492
5861,1812907796,16187,1812923983,5,0,1,4608,5,9269737078
5862,1812932900,162535,1813095435,3,0,0,17920,3,6927040929
5863,1812946313,2477,1812948790,1,0,1,1024,1,9542906126
5864,1812954263,566,1812954829,33,0,1,512,33,7713588761
5865,1812977455,118939,1813096394,21,0,0,3072,21,4941935027
5866,1813006635,216764,1813223399,24,0,0,1024,24,8053906260
5867,1813007114,7706,1813014820,3,0,1,8192,3,5390767386
5868,1813016735,43904,1813060639,2,0,0,512,2,2591582923
5869,1813025988,12049,1813038037,23,0,1,19968,23,10029591679
5870,1813030101,436329,1813466430,39,0,0,31232,39,8648920697
5871,1813033004,7619,1813040623,32,0,1,4096,32,1532593446
5872,1813062264,212801,1813275065,39,0,0,5120,39,3040242235
5873,1813083196,139876,1813223072,26,0,0,14848,26,8269755963
5874,1813123174,4850,1813128024,32,0,1,5120,32,7672277217
5875,1813125249,3761,1813129010,0,0,1,1536,0,10538236601
5876,1813125988,251135,1813377123,23,0,0,81408,23,3578846040
5877,1813162707,145296,1813308003,3,0,0,15872,3,7765091161
5878,1813165982,150330,1813316312,37,0,0,1024,37,7144143906
5879,1813174811,13512,1813188323,29,0,1,26112,29,2895941811
5880,1813176036,280847,1813456883,26,0,0,72192,26,6845711847
5881,1813183315,304454,1813487769,13,0,0,37888,13,7764331039
5882,1813184007,157446,1813341453,26,0,0,11776,26,6493140174
5883,1813200107,293490,1813493597,15,0,0,13312,15,7685163719
5884,1813236884,171360,1813408244,37,0,0,3072,37,8078508057
5885,1813238618,372913,1813611531,17,0,0,120320,17,8071227051
5886,1813260798,174074,1813434872,17,0,0,14848,17,1459903762
5887,1813275092,1574,1813276666,38,0,1,1536,38,7423018960
5888,1813293510,232066,1813525576,34,0,0,5632,34,9360383042
5889,1813302810,5208,1813308018,1,0,1,5120,1,6652626566
5890,1813325988,11533,1813337521,3,0,1,18944,3,6368282825
5891,1813335558,186233,1813521791,37,0,0,1536,37,10637400590
5892,1813336523,163677,1813500200,29,0,0,2048,29,5522417133
5893,1813343242,297403,1813640645,5,0,0,16896,5,6610281022
5894,1813373254,5855,1813379109,7,0,1,2048,7,8713081148
5895,1813379784,192311,1813572095,5,0,0,14848,5,2665915733
5896,1813382827,4850,1813387677,2,0,1,5120,2,6927395556
5897,1813394575,6229,1813400804,5,0,1,15360,5,9913895316
5898,1813433771,128806,1813562577,29,0,0,2048,29,436082343
5899,1813436085,204988,1813641073,24,0,0,512,24,7905962211
5900,1813462644,4344,1813466988,37,0,1,512,37,3330539903
5901,1813469795,275625,1813745420,23,0,0,125440,23,4000221735
5902,1813522493,315608,1813838101,34,0,0,101888,34,2541099213
5903,1813543798,204149,1813747947,34,0,0,8192,34,1073735339
5904,1813547229,2470,1813549699,29,0,1,2560,29,5045502461
5905,1813564807,234316,1813799123,20,0,0,23552,20,9344901045
5906,1813570037,312523,1813882560,19,0,0,20480,19,9442227330
5907,1813575936,36629,1813612565,32,0,1,1024,32,6025622607
5908,1813626245,30491,1813656736,23,0,1,49152,23,2612352035
5909,1813628192,53793,1813681985,31,0,1,65536,31,2657990499
5910,1813629190,219082,1813848272,14,0,0,33280,14,8402919583
5911,1813635758,112384,1813748142,11,0,0,512,11,3348734410
5912,1813639599,208844,1813848443,4,0,0,512,4,5819783762
5913,1813657361,25930,1813683291,1,0,1,2048,1,7775353843
5914,1813665841,20356,1813686197,31,0,1,4608,31,6694765811
5915,1813670293,107098,1813777391,22,0,0,3584,22,9117856465
5916,1813700636,5802,1813706438,24,0,1,6144,24,2685867230
5917,1813716713,358076,1814074789,39,0,0,60928,39,3370369929
5918,1813722296,27323,1813749619,7,0,1,1536,7,3367141711
5919,1813734374,15911,1813750285,37,0,1,1024,37,9832238144
5920,1813735232,19927,1813755159,18,0,1,6656,18,1403080393
5921,1813741239,207949,1813949188,14,0,0,11776,14,10458784661
5922,1813776628,177107,1813953735,28,0,0,14848,28,2544721755
5923,1813784716,115298,1813900014,0,0,0,1024,0,9329107839
5924,1813809082,63215,1813872297,31,0,1,43008,31,6863631770
5925,1813819415,63160,1813882575,22,0,1,8192,22,6463331551
5926,1813869613,103048,1813972661,29,0,0,512,29,1524731513
5927,1813920278,43904,1813964182,4,0,0,512,4,8427325606
5928,1813947768,228023,1814175791,39,0,0,36352,39,7218790956
5929,1813966214,1994,1813968208,17,0,1,2048,17,4861021511
5930,1813984633,3422,1813988055,1,0,1,3584,1,4606851296
5931,1813992094,5196,1813997290,24,0,1,13312,24,798609362
5932,1814018548,2470,1814021018,26,0,1,2560,26,1044787183
5933,1814021034,5326,1814026360,38,0,1,5632,38,4647810275
5934,1814024166,3387,1814027553,22,0,1,9728,22,8326176915
5935,1814028784,5326,1814034110,32,0,1,5632,32,3005883723
5936,1814033052,43904,1814076956,10,0,0,512,10,3119758726
5937,1814044106,3387,1814047493,33,0,1,9728,33,8978242167
5938,1814047005,188212,1814235217,22,0,0,4096,22,1901913710
5939,1814061173,17047,1814078220,38,0,1,3584,38,17176554
5940,1814070876,357642,1814428518,27,0,0,32256,27,8819018476
5941,1814078845,14545,1814093390,17,0,1,28160,17,3157115396
5942,1814118716,115238,1814233954,14,0,0,19968,14,3666478303
5943,1814145043,231105,1814376148,5,0,0,54784,5,8973922016
5944,1814156744,5454,1814162198,11,0,1,13824,11,3737454134
5945,1814159328,165810,1814325138,5,0,0,12800,5,918044913
5946,1814164903,13350,1814178253,25,0,1,2560,25,7837056744
5947,1814185916,3387,1814189303,35,0,1,9728,35,1526896064
5948,1814190265,115793,1814306058,3,0,0,5632,3,2657236248
5949,1814210634,1994,1814212628,18,0,1,2048,18,249345194
5950,1814223409,160464,1814383873,27,0,0,6656,27,5759650901
5951,1814226579,269836,1814496415,15,0,0,87552,15,7843255048
5952,1814253788,122687,1814376475,11,0,0,1024,11,8669728145
5953,1814262467,63006,1814325473,11,0,0,1024,11,2143176451
5954,1814264873,83957,1814348830,10,0,0,1536,10,4640093540
5955,1814272434,3898,1814276332,2,0,1,4096,2,9253352486
5956,1814273457,155544,1814429001,8,0,0,1536,8,6360041376
5957,1814292372,22174,1814314546,16,0,1,36352,16,5012021544
5958,1814300693,20062,1814320755,3,0,1,21504,3,9309857518
5959,1814310382,237933,1814548315,22,0,0,3584,22,8022006781
5960,1814323698,385752,1814709450,27,0,0,11264,27,7002488604
5961,1814380534,13341,1814393875,7,0,1,22528,7,2081995434
5962,1814398167,1518,1814399685,15,0,1,1536,15,3366176704
5963,1814411737,402730,1814814467,30,0,0,47616,30,7415461559
5964,1814451994,4850,1814456844,34,0,1,5120,34,7387754472
5965,1814452293,4807,1814457100,1,0,1,9216,1,1470471756
5966,1814470568,455443,1814926011,34,0,0,117760,34,4756997889
5967,1814470875,247325,1814718200,6,0,0,18432,6,771440186
5968,1814472663,233324,1814705987,22,0,0,100352,22,4250696539
5969,1814479146,146168,1814625314,0,0,0,1024,0,6854958116
5970,1814481805,346279,1814828084,20,0,0,25088,20,1340806580
5971,1814505655,314599,1814820254,39,0,0,18944,39,1730042409
5972,1814552042,268383,1814820425,37,0,0,512,37,557724945
5973,1814553509,3128,1814556637,0,0,1,9216,0,5377077193
5974,1814569297,267985,1814837282,24,0,0,512,24,6330814440
5975,1814574514,172294,1814746808,19,0,0,26624,19,9107680483
5976,1814583920,253161,1814837081,27,0,0,28160,27,8258356596
5977,1814585605,360193,1814945798,27,0,0,20992,27,4099254316
5978,1814593518,33850,1814627368,5,0,1,55808,5,6612176349
5979,1814596186,36879,1814633065,3,0,1,18944,3,5142425574
5980,1814597513,202431,1814799944,20,0,0,41472,20,4932779844
5981,1814605407,30564,1814635971,10,0,1,4608,10,9591817791
5982,1814607182,33615,1814640797,34,0,1,7680,34,3289358293
5983,1814628856,351753,1814980609,25,0,0,29696,25,7210305733
5984,1814633899,8524,1814642423,39,0,1,2560,39,3140586505
5985,1814672957,216660,1814889617,31,0,0,68608,31,1910311654
5986,1814678562,211546,1814890108,0,0,0,1536,0,1167786073
5987,1814688870,21105,1814709975,10,0,1,512,10,8513233345
5988,1814721866,333130,1815054996,9,0,0,57344,9,1490219772
5989,1814810637,303993,1815114630,19,0,0,25088,19,6712325596
5990,1814812221,24875,1814837096,28,0,1,1536,28,5551370611
5991,1814817824,19287,1814837111,3,0,1,10240,3,716526548
5992,1814819773,316271,1815136044,27,0,0,46080,27,8412906369
5993,1814821562,204952,1815026514,35,0,0,50688,35,3395749860
5994,1814823392,13905,1814837297,7,0,1,4096,7,640295397
5995,1814825240,433421,1815258661,9,0,0,61952,9,1179649532
5996,1814843393,7230,1814850623,7,0,1,7680,7,5195994931
5997,1814868764,234898,1815103662,21,0,0,6144,21,9321382752
5998,1814871900,273215,1815145115,33,0,0,29696,33,7370647308
5999,1814892241,273710,1815165951,33,0,0,29696,33,2668802779
6000,1814897305,259583,1815156888,14,0,0,3584,14,2166917941
6001,1814907252,23175,1814930427,12,0,1,4608,12,8082344313
6002,1814941031,8146,1814949177,25,0,1,9728,25,4020043956
6003,1814977379,3788,1814981167,29,0,1,512,29,10182836861
6004,1814984273,182005,1815166278,36,0,0,1024,36,5575301683
6005,1814994399,238510,1815232909,33,0,0,7680,33,9018389497
6006,1815029728,195515,1815225243,28,0,0,2560,28,5086613659
6007,1815036312,566,1815036878,18,0,1,512,18,1791911286
6008,1815050264,97674,1815147938,3,0,0,9216,3,1219739240
6009,1815060823,173130,1815233953,8,0,0,1024,8,6844163038
6010,1815065134,104102,1815169236,38,0,0,1536,38,2097739372
6011,1815123026,101422,1815224448,31,0,0,25600,31,3750685862
6012,1815144801,6075,1815150876,9,0,1,3072,9,1936884029
6013,1815159736,168359,1815328095,6,0,0,36864,6,8578126792
6014,1815203388,1042,1815204430,38,0,1,1024,38,2156633173
6015,1815211171,105677,1815316848,28,0,0,29184,28,299795317
6016,1815234638,60898,1815295536,14,0,0,4608,14,2218582436
6017,1815276043,2470,1815278513,35,0,1,2560,35,7309897939
6018,1815293224,4374,1815297598,7,0,1,4608,7,1937189909
6019,1815300814,164013,1815464827,38,0,0,2560,38,9552005662
6020,1815352373,104000,1815456373,28,0,0,41472,28,3540750116
6021,1815358355,7230,1815365585,15,0,1,7680,15,7876844995
6022,1815369702,120655,1815490357,27,0,0,16896,27,3935982149
6023,1815371758,93552,1815465310,29,0,0,1536,29,8231398130
6024,1815379853,2946,1815382799,17,0,1,3072,17,5790237370
6025,1815383535,173913,1815557448,38,0,0,1024,38,4158076183
6026,1815396255,4374,1815400629,39,0,1,4608,39,7336599049
6027,1815451721,51932,1815503653,2,0,0,1536,2,3306653680
6028,1815487949,134155,1815622104,27,0,0,53248,27,7362063236
6029,1815488238,5006,1815493244,15,0,1,8704,15,1016762040
6030,1815491518,5931,1815497449,7,0,1,4608,7,5578947413
6031,1815507868,3387,1815511255,18,0,1,9728,18,9238443185
6032,1815530853,1994,1815532847,1,0,1,2048,1,1481911324
6033,1815566839,248688,1815815527,2,0,0,1024,2,10253004054
6034,1815570876,5802,1815576678,10,0,1,6144,10,7440283922
6035,1815580716,202848,1815783564,28,0,0,115200,28,3678063678
6036,1815589460,2946,1815592406,18,0,1,3072,18,10207517657
6037,1815611639,12944,1815624583,17,0,1,2560,17,9037296894
6038,1815621009,88984,1815709993,10,0,0,512,10,1471040445
6039,1815640965,297562,1815938527,26,0,0,39936,26,4713012144
6040,1815692609,10757,1815703366,31,0,1,17408,31,3751790339
6041,1815710602,5196,1815715798,33,0,1,13312,33,8311776687
6042,1815725335,58292,1815783627,16,0,1,93696,16,4918591922
6043,1815726965,225763,1815952728,21,0,0,44032,21,8792110816
6044,1815733768,234662,1815968430,3,0,0,44032,3,7150327063
6045,1815752733,243727,1815996460,11,0,0,512,11,4365345862
6046,1815759363,360704,1816120067,34,0,0,71680,34,3036102735
6047,1815774308,313243,1816087551,26,0,0,61440,26,6796673127
6048,1815778294,7381,1815785675,4,0,1,2048,4,1584366257
6049,1815799343,243476,1816042819,9,0,0,9728,9,4199564835
6050,1815801018,294839,1816095857,9,0,0,27136,9,6903512877
6051,1815819103,4420,1815823523,30,0,1,11776,30,7800682062
6052,1815826719,2470,1815829189,28,0,1,2560,28,8657912167
6053,1815846973,6278,1815853251,35,0,1,6656,35,4520298138
6054,1815863411,414336,1816277747,17,0,0,41984,17,9030924996
6055,1815874710,1994,1815876704,34,0,1,2048,34,1817893232
6056,1815875198,3132,1815878330,22,0,1,2560,22,6774399904
6057,1815879413,106962,1815986375,5,0,1,178176,5,8944876228
6058,1815897952,114959,1816012911,5,0,1,94208,5,4843968031
6059,1815898359,222191,1816120550,11,0,0,1536,11,8324237573
6060,1815907452,105818,1816013270,15,0,1,9728,15,3093407018
6061,1815916514,316816,1816233330,15,0,0,58880,15,4501574040
6062,1815917254,286012,1816203266,35,0,0,27648,35,8688397930
6063,1815921245,176967,1816098212,31,0,0,7680,31,8382696011
6064,1815959082,109734,1816068816,1,0,0,7168,1,7734454655
6065,1815984580,30636,1816015216,30,0,1,3072,30,8724131703
6066,1815997725,20077,1816017802,33,0,1,4096,33,5461767424
6067,1816003781,15967,1816019748,9,0,1,3072,9,877571570
6068,1816017982,4352,1816022334,1,0,1,4096,1,6897911166
6069,1816020934,474164,1816495098,11,0,0,512,11,5433954708
6070,1816030902,3645,1816034547,24,0,1,10240,24,7642504848
6071,1816038435,26738,1816065173,23,0,1,48640,23,5990674196
6072,1816042561,291909,1816334470,39,0,0,54784,39,1617417797
6073,1816044241,43325,1816087566,25,0,1,5632,25,4703132753
6074,1816056587,279489,1816336076,20,0,0,5120,20,4720183944
6075,1816066126,326995,1816393121,6,0,0,6144,6,3416857573
6076,1816073032,309573,1816382605,10,0,0,2048,10,3493460866
6077,1816100802,259636,1816360438,22,0,0,23552,22,5230572046
6078,1816105135,276585,1816381720,2,0,0,1536,2,9653049349
6079,1816112801,14545,1816127346,37,0,1,7168,37,3494066877
6080,1816124106,153968,1816278074,0,0,0,1024,0,9226185833
6081,1816124651,370268,1816494919,24,0,0,1024,24,278672970
6082,1816136306,358286,1816494592,33,0,0,178688,33,1249462504
6083,1816170937,5802,1816176739,15,0,1,6144,15,7015027061
6084,1816173065,363976,1816537041,28,0,0,22528,28,1136977225
6085,1816175406,5326,1816180732,22,0,1,5632,22,10603059501
6086,1816196217,9928,1816206145,2,0,1,8704,2,3615166711
6087,1816201255,7800,1816209055,2,0,1,9216,2,2453371180
6088,1816208845,3422,1816212267,30,0,1,3584,30,4715736008
6089,1816295714,6278,1816301992,33,0,1,6656,33,6992391917
6090,1816303013,224029,1816527042,36,0,0,512,36,5558496607
6091,1816312403,280924,1816593327,3,0,0,50176,3,7761929350
6092,1816315504,18981,1816334485,14,0,1,11776,14,7952072609
6093,1816321338,15263,1816336601,14,0,1,512,14,1231728342
6094,1816322425,14842,1816337267,2,0,1,1024,2,568218125
6095,1816350486,20882,1816371368,5,0,1,33792,5,3848531775
6096,1816350738,21501,1816372239,23,0,1,12288,23,2417175160
6097,1816358199,14399,1816372598,38,0,1,9728,38,2956997105
6098,1816358827,136442,1816495269,29,0,0,512,29,9033631551
6099,1816393764,6754,1816400518,8,0,1,7168,8,5991373317
6100,1816403155,197987,1816601142,25,0,0,25600,25,9127761138
6101,1816417497,309700,1816727197,23,0,0,67584,23,4311877265
6102,1816453597,42197,1816495794,26,0,1,512,26,7145403284
6103,1816500786,321480,1816822266,6,0,0,45056,6,5079664402
6104,1816510086,124204,1816634290,2,0,0,512,2,8318539459
6105,1816510926,2870,1816513796,34,0,1,8704,34,6150270403
6106,1816547573,12995,1816560568,31,0,1,25088,31,4105128759
6107,1816550707,11487,1816562194,0,0,1,2560,0,5197304146
6108,1816552732,215478,1816768210,30,0,0,53248,30,1872666506
6109,1816553055,125242,1816678297,35,0,0,23040,35,8498790910
6110,1816559290,121050,1816680340,20,0,0,6656,20,3139255139
6111,1816564050,163498,1816727548,37,0,0,1024,37,1555177588
6112,1816595445,10385,1816605830,16,0,1,12288,16,9936114378
6113,1816598891,209624,1816808515,33,0,0,106496,33,8757448055
6114,1816611356,73316,1816684672,23,0,1,119296,23,9854400756
6115,1816644504,42434,1816686938,6,0,1,3584,6,10686539480
6116,1816651364,39120,1816690484,12,0,1,5632,12,5316244415
6117,1816652457,38898,1816691355,28,0,1,12288,28,9148065133
6118,1816683355,195602,1816878957,36,0,0,512,36,5889880610
6119,1816707727,172906,1816880633,27,0,0,2560,27,6443892800
6120,1816707922,235509,1816943431,1,0,0,39936,1,9755139175
6121,1816713255,109182,1816822437,35,0,0,512,35,6768586484
6122,1816726035,13813,1816739848,4,0,1,20480,4,2735243014
6123,1816734793,10201,1816744994,12,0,1,8192,12,5482206238
6124,1816741433,217307,1816958740,28,0,0,28160,28,5814262829
6125,1816747103,254015,1817001118,33,0,0,40448,33,1838673245
6126,1816763415,109225,1816872640,14,0,0,15360,14,7147893424
6127,1816771501,193650,1816965151,17,0,0,20992,17,8622911460
6128,1816777664,208839,1816986503,0,0,0,1024,0,48225833
6129,1816821312,2159,1816823471,12,0,1,1024,12,7908244498
6130,1816827958,395300,1817223258,30,0,0,133632,30,8093820744
6131,1816849047,3898,1816852945,2,0,1,4096,2,4396463471
6132,1816872283,410732,1817283015,36,0,0,4096,36,1822807358
6133,1816872483,4548,1816877031,17,0,1,4608,17,1717519753
6134,1816887263,11274,1816898537,5,0,1,18432,5,2038922241
6135,1816910388,65170,1816975558,3,0,1,110080,3,5611931986
6136,1816918275,350292,1817268567,13,0,0,31232,13,144197160
6137,1816919991,58793,1816978784,15,0,1,5120,15,6165600550
6138,1816922894,58796,1816981690,8,0,1,4608,8,3895059634
6139,1816957023,162650,1817119673,10,0,0,1536,10,4753219749
6140,1816968193,274892,1817243085,22,0,0,65024,22,2574400473
6141,1816981110,277910,1817259020,9,0,0,52224,9,1114461301
6142,1816992998,310771,1817303769,37,0,0,512,37,9171001676
6143,1817003361,266173,1817269534,14,0,0,3072,14,3714617397
6144,1817033433,1042,1817034475,9,0,1,1024,9,6957736600
6145,1817035673,22174,1817057847,16,0,1,36352,16,5020942187
6146,1817066003,54894,1817120897,36,0,0,512,36,556062121
6147,1817074042,195663,1817269705,36,0,0,512,36,4643402776
6148,1817081343,258379,1817339722,34,0,0,56832,34,7444769512
6149,1817103165,247648,1817350813,21,0,0,36352,21,8085932219
6150,1817108083,7706,1817115789,29,0,1,8192,29,8891086437
6151,1817118500,235479,1817353979,1,0,0,10240,1,8160845361
6152,1817166425,263452,1817429877,35,0,0,24576,35,7509586150
6153,1817169366,346309,1817515675,34,0,0,69632,34,5507840410
6154,1817174428,1042,1817175470,33,0,1,1024,33,7373982590
6155,1817189918,82686,1817272604,5,0,1,23040,5,4403117447
6156,1817221438,54072,1817275510,25,0,1,4608,25,7135326601
6157,1817246273,194273,1817440546,36,0,0,512,36,5070097808
6158,1817249538,453476,1817703014,15,0,0,33280,15,7694336775
6159,1817283587,67241,1817350828,16,0,1,86528,16,2569944906
6160,1817291497,116253,1817407750,26,0,0,5632,26,2619040677
6161,1817293055,70877,1817363932,23,0,1,88064,23,6071046024
6162,1817301796,89034,1817390830,8,0,0,512,8,1783200548
6163,1817303222,61056,1817364278,14,0,1,512,14,5137315136
6164,1817334658,29984,1817364642,33,0,1,9728,33,9190411603
6165,1817335276,34750,1817370026,3,0,1,17408,3,2420492865
6166,1817362829,8183,1817371012,18,0,1,1536,18,10227407040
6167,1817364578,7740,1817372318,7,0,1,2048,7,2471726046
6168,1817370443,43904,1817414347,14,0,0,512,14,6349556081
6169,1817408300,380742,1817789042,17,0,0,154112,17,2396111663
6170,1817436168,4393,1817440561,34,0,1,4608,34,1079782700
6171,1817438445,52033,1817490478,5,0,1,84480,5,7118007055
6172,1817449863,41601,1817491464,26,0,1,1536,26,7261852533
6173,1817450809,78096,1817528905,31,0,1,108032,31,2268605130
6174,1817451394,79777,1817531171,7,0,1,3584,7,4456922692
6175,1817492840,352591,1817845431,26,0,0,61952,26,7987053146
6176,1817549403,180381,1817729784,5,0,0,7168,5,7291804555
6177,1817604963,192274,1817797237,11,0,0,512,11,9674094122
6178,1817607052,22174,1817629226,23,0,1,36352,23,7075855115
6179,1817638136,95613,1817733749,11,0,0,512,11,8484867566
6180,1817696786,10594,1817707380,8,0,1,4608,8,977787809
6181,1817720936,4850,1817725786,28,0,1,5120,28,718177222
6182,1817730378,193605,1817923983,1,0,0,15872,1,9812945672
6183,1817739172,49885,1817789057,10,0,1,3072,10,345178307
6184,1817746269,48148,1817794417,33,0,1,5632,33,6435331655
6185,1817747376,48027,1817795403,32,0,1,1536,32,6450198118
6186,1817749979,45770,1817795749,35,0,1,512,35,7092656048
6187,1817790153,55457,1817845610,29,0,0,512,29,9093124588
6188,1817797100,173201,1817970301,21,0,0,55296,21,8770860855
6189,1817835510,13704,1817849214,5,0,1,10240,5,7230759697
6190,1817845580,126127,1817971707,24,0,0,3072,24,9979146672
6191,1817875861,6278,1817882139,23,0,1,6656,23,2166523398
6192,1817880124,2681,1817882805,8,0,1,1024,8,8135468194
6193,1817899151,1994,1817901145,14,0,1,2048,14,2782749977
6194,1817904542,84512,1817989054,15,0,0,12800,15,1420023745
6195,1817938681,236635,1818175316,13,0,0,205824,13,7748081538
6196,1818029763,4850,1818034613,11,0,1,5120,11,2890546483
6197,1818029864,207642,1818237506,15,0,0,30720,15,43682012
6198,1818030052,6507,1818036559,37,0,1,3072,37,5164271932
6199,1818038790,377999,1818416789,19,0,0,137216,19,7387483382
6200,1818048069,3422,1818051491,37,0,1,3584,37,3835039332
6201,1818075736,143772,1818219508,21,0,0,34816,21,1364357596
6202,1818083432,92086,1818175518,10,0,0,512,10,9336553106
6203,1818097084,78263,1818175347,5,0,1,36352,5,8694830249
6204,1818117765,61635,1818179400,37,0,1,4096,37,8333652446
6205,1818117915,81697,1818199612,16,0,1,40960,16,2713089494
6206,1818135003,367017,1818502020,20,0,0,81920,20,5862169704
6207,1818192270,259790,1818452060,28,0,0,27648,28,1750500851
6208,1818208382,11141,1818219523,12,0,1,2560,12,7020710060
6209,1818218847,132420,1818351267,33,0,0,27136,33,5958165810
6210,1818238730,6229,1818244959,8,0,1,15360,8,2098092920
6211,1818245188,175212,1818420400,30,0,0,11776,30,1439508877
6212,1818260152,2946,1818263098,2,0,1,3072,2,7260189134
6213,1818263858,2946,1818266804,26,0,1,3072,26,9286106221
6214,1818273744,11016,1818284760,30,0,1,17920,30,5351595114
6215,1818307968,113071,1818421039,4,0,0,2048,4,9910821559
6216,1818308872,112346,1818421218,8,0,0,512,8,2930199831
6217,1818320056,250412,1818570468,9,0,0,22016,9,1257186762
6218,1818376758,47339,1818424097,2,0,1,8704,2,4954500117
6219,1818393755,181564,1818575319,17,0,0,15872,17,4132849596
6220,1818408694,144812,1818553506,8,0,0,512,8,9708800578
6221,1818413902,11495,1818425397,25,0,1,1536,25,1686309610
6222,1818429953,225067,1818655020,1,0,0,55296,1,882641336
6223,1818438551,566,1818439117,35,0,1,512,35,437186797
6224,1818440034,112966,1818553000,25,0,0,11776,25,4106045943
6225,1818444716,57483,1818502199,6,0,0,512,6,6704099143
6226,1818452674,4850,1818457524,6,0,1,5120,6,8335691673
6227,1818468109,94054,1818562163,19,0,0,14336,19,10298978590
6228,1818490806,193521,1818684327,20,0,0,8192,20,2713850415
6229,1818500002,224480,1818724482,25,0,0,55296,25,7056986245
6230,1818537889,196406,1818734295,23,0,0,3584,23,1510834430
6231,1818549580,119047,1818668627,23,0,0,42496,23,3192517209
6232,1818589545,4850,1818594395,6,0,1,5120,6,8529751683
6233,1818590490,44568,1818635058,29,0,0,512,29,7440731665
6234,1818628005,51212,1818679217,11,0,0,512,11,513642431
6235,1818633277,228063,1818861340,34,0,0,13312,34,6822455113
6236,1818641955,26695,1818668650,15,0,1,3072,15,8711429820
6237,1818657158,191366,1818848524,35,0,0,3072,35,2994126742
6238,1818677847,51789,1818729636,2,0,0,512,2,10467132631
6239,1818678768,1518,1818680286,7,0,1,1536,7,6140412743
6240,1818685304,133849,1818819153,6,0,0,23552,6,4970678693
6241,1818688357,220881,1818909238,25,0,0,70144,25,6062899600
6242,1818694303,139676,1818833979,11,0,0,512,11,6921097678
6243,1818714175,16312,1818730487,29,0,1,14848,29,3474319475
6244,1818719411,14899,1818734310,11,0,1,4608,11,7461808905
6245,1818722366,216836,1818939202,21,0,0,35840,21,1261461542
6246,1818727911,9369,1818737280,31,0,1,6144,31,6432548745
6247,1818776831,144771,1818921602,0,0,0,1536,0,7713892232
6248,1818800401,4850,1818805251,33,0,1,5120,33,10397698824
6249,1818801805,155767,1818957572,13,0,0,32768,13,1307671708
6250,1818833611,6754,1818840365,34,0,1,7168,34,6762196080
6251,1818838045,5866,1818843911,18,0,1,5632,18,2226967364
6252,1818866682,1042,1818867724,18,0,1,1024,18,468155005
6253,1818883499,25762,1818909261,5,0,1,43008,5,5078738679
6254,1818896634,115348,1819011982,35,0,0,37376,35,3690100398
6255,1818922020,4850,1818926870,37,0,1,5120,37,175524893
6256,1818926908,12317,1818939225,9,0,1,12288,9,6458589114
6257,1818928733,28862,1818957595,5,0,1,16384,5,6613087913
6258,1818933409,24201,1818957610,7,0,1,5120,7,676568278
6259,1818948033,298266,1819246299,3,0,0,26112,3,1613126538
6260,1818958014,78171,1819036185,2,0,0,512,2,9223505531
6261,1818984894,230820,1819215714,28,0,0,28672,28,4683302706
6262,1818985976,250848,1819236824,25,0,0,34816,25,6711946106
6263,1819044445,71444,1819115889,28,0,0,10240,28,745490237
6264,1819049494,256356,1819305850,31,0,0,47616,31,8866261317
6265,1819050972,175229,1819226201,13,0,0,25088,13,1502380663
6266,1819051675,1042,1819052717,0,0,1,1024,0,3803728328
6267,1819066391,239638,1819306029,36,0,0,512,36,2387685296
6268,1819074950,3128,1819078078,24,0,1,9216,24,1294647512
6269,1819096270,7706,1819103976,35,0,1,8192,35,8600346776
6270,1819106605,9299,1819115904,5,0,1,8192,5,3731483484
6271,1819128915,121376,1819250291,21,0,0,12288,21,2914208748
6272,1819134189,157130,1819291319,27,0,0,23040,27,4022431479
6273,1819199475,53043,1819252518,10,0,0,1024,10,4787211640
6274,1819228678,17636,1819246314,37,0,1,4096,37,3918737772
6275,1819241225,9081,1819250306,11,0,1,1024,11,4365589301
6276,1819252041,7230,1819259271,17,0,1,7680,17,6201508453
6277,1819255714,101087,1819356801,24,0,0,512,24,915734730
6278,1819260218,46083,1819306301,4,0,0,512,4,5172431591
6279,1819268526,221413,1819489939,28,0,0,27136,28,4158231060
6280,1819270906,4850,1819275756,4,0,1,5120,4,4857915447
6281,1819273742,51148,1819324890,38,0,0,512,38,9033779873
6282,1819273911,6278,1819280189,8,0,1,6656,8,10332739139
6283,1819287269,21486,1819308755,17,0,1,3072,17,8182590888
6284,1819322381,238389,1819560770,22,0,0,34816,22,6503224557
6285,1819329147,5971,1819335118,12,0,1,14848,12,6838755982
6286,1819342692,300392,1819643084,23,0,0,56832,23,1499615759
6287,1819349689,221704,1819571393,19,0,0,34816,19,7283969980
6288,1819368774,2946,1819371720,10,0,1,3072,10,9860016778
6289,1819371405,230126,1819601531,9,0,0,93696,9,591780113
6290,1819385608,120010,1819505618,2,0,0,1024,2,619064389
6291,1819447266,293859,1819741125,21,0,0,7168,21,6661371704
6292,1819447809,202186,1819649995,26,0,0,22528,26,1095189751
6293,1819455266,117702,1819572968,34,0,0,5120,34,8573035632
6294,1819461867,1042,1819462909,23,0,1,1024,23,5735252965
6295,1819462251,44920,1819507171,3,0,1,77312,3,9584668439
6296,1819469987,37440,1819507427,9,0,1,9216,9,2339957023
6297,1819472719,35054,1819507773,15,0,1,512,15,1499723963
6298,1819479362,237985,1819717347,21,0,0,20992,21,7212831486
6299,1819493525,327358,1819820883,33,0,0,40960,33,8697258004
6300,1819501073,100785,1819601858,37,0,0,1024,37,617368534
6301,1819537689,307596,1819845285,30,0,0,29184,30,843105340
6302,1819585973,265089,1819851062,26,0,0,18432,26,3322252432
6303,1819590357,217596,1819807953,35,0,0,9728,35,10392108101
6304,1819604214,3422,1819607636,5,0,1,3584,5,3312536352
6305,1819618724,566,1819619290,22,0,1,512,22,3652616298
6306,1819626424,56088,1819682512,31,0,1,53248,31,3368487258
6307,1819629328,56730,1819686058,23,0,1,5632,23,1548389465
6308,1819632325,239366,1819871691,17,0,0,18944,17,1571175425
6309,1819635923,54641,1819690564,39,0,1,7168,39,7980579548
6310,1819643575,49575,1819693150,28,0,1,4096,28,9948190605
6311,1819660603,33533,1819694136,23,0,1,1536,23,165063532
6312,1819724129,128196,1819852325,35,0,0,4096,35,6781599892
6313,1819730396,177661,1819908057,24,0,0,1536,24,7846100596
6314,1819744326,173668,1819917994,34,0,0,29696,34,5105453011
6315,1819749290,566,1819749856,35,0,1,512,35,1442299128
6316,1819763872,66533,1819830405,4,0,0,512,4,3776494377
6317,1819781712,1994,1819783706,15,0,1,2048,15,4210991519
6318,1819828166,157226,1819985392,6,0,0,48128,6,9588153825
6319,1819832548,257705,1820090253,34,0,0,18944,34,2781258045
6320,1819848555,69922,1819918477,2,0,0,1536,2,1934119387
6321,1819853789,80878,1819934667,14,0,0,2048,14,6735285868
6322,1819859051,13341,1819872392,5,0,1,22528,5,8113838603
6323,1819862460,10598,1819873058,7,0,1,1024,7,2052923864
6324,1819864128,187303,1820051431,15,0,0,71168,15,4963588838
6325,1819871696,372823,1820244519,39,0,0,186368,39,7540295367
6326,1819887491,566,1819888057,23,0,1,512,23,6943677792
6327,1819919580,340284,1820259864,6,0,0,512,6,9834548675
6328,1819920240,188336,1820108576,21,0,0,14336,21,10067815516
6329,1819933146,6278,1819939424,17,0,1,6656,17,7910231137
6330,1819934186,339994,1820274180,28,0,0,25600,28,10328868579
6331,1819968459,25962,1819994421,31,0,1,47104,31,5276288432
6332,1819971814,24233,1819996047,25,0,1,2560,25,4550534336
6333,1819978976,18057,1819997033,1,0,1,1536,1,8211886525
6334,1819997407,2470,1819999877,10,0,1,2560,10,10062682500
6335,1820006631,74934,1820081565,2,0,0,512,2,8418217777
6336,1820016020,155867,1820171887,16,0,1,253440,16,265342358
6337,1820028325,145508,1820173833,26,0,1,3072,26,9209221032
6338,1820044790,307801,1820352591,17,0,0,41984,17,6894082496
6339,1820082510,346047,1820428557,13,0,0,53248,13,3943241674
6340,1820095833,348730,1820444563,11,0,0,512,11,8641812206
6341,1820119292,384888,1820504180,10,0,0,1536,10,664259320
6342,1820134288,39891,1820174179,11,0,1,512,11,7202813041
6343,1820140480,385140,1820525620,19,0,0,23040,19,5100901332
6344,1820141768,35637,1820177405,14,0,1,5120,14,7881355476
6345,1820150401,222513,1820372914,8,0,0,512,8,10097213069
6346,1820223261,209169,1820432430,1,0,0,3584,1,9414376266
6347,1820228237,18836,1820247073,4,0,1,2560,4,6127462388
6348,1820229074,19625,1820248699,39,0,1,2560,39,2927215509
6349,1820233768,19757,1820253525,6,0,1,7680,6,6150809535
6350,1820242483,13628,1820256111,14,0,1,4096,14,2769884794
6351,1820251970,5127,1820257097,11,0,1,1536,11,6388372088
6352,1820253104,250593,1820503697,6,0,0,44032,6,1969476513
6353,1820261544,132455,1820393999,5,0,0,15872,5,9700557366
6354,1820275033,119309,1820394342,37,0,0,1024,37,2871219463
6355,1820281812,121316,1820403128,33,0,0,3072,33,6663626086
6356,1820305102,185164,1820490266,13,0,0,5632,13,9280904102
6357,1820313184,155018,1820468202,24,0,0,512,24,8427900944
6358,1820365789,262353,1820628142,13,0,0,40960,13,3594014435
6359,1820367213,368546,1820735759,24,0,0,1024,24,6001648101
6360,1820367319,439322,1820806641,1,0,0,219136,1,5155867904
6361,1820370504,4374,1820374878,7,0,1,4608,7,6912099914
6362,1820390123,6172,1820396295,7,0,1,2048,7,10684534260
6363,1820390134,8953,1820399087,35,0,1,11264,35,9815511780
6364,1820399868,104639,1820504507,5,0,0,1024,5,1100333067
6365,1820409246,435106,1820844352,32,0,0,100864,32,4060300138
6366,1820412497,146860,1820559357,33,0,0,39936,33,1133327704
6367,1820442745,1518,1820444263,0,0,1,1536,0,8712241057
6368,1820452062,357316,1820809378,20,0,0,7168,20,3725295325
6369,1820515818,9825,1820525643,23,0,1,4608,23,4714001209
6370,1820519794,108839,1820628633,4,0,0,1536,4,6311459715
6371,1820523924,289681,1820813605,39,0,0,13824,39,2891497413
6372,1820526025,1518,1820527543,29,0,1,1536,29,10269645587
6373,1820573298,2870,1820576168,14,0,1,8704,14,7543226805
6374,1820586030,1518,1820587548,4,0,1,1536,4,1423058753
6375,1820592574,5802,1820598376,0,0,1,6144,0,8634465026
6376,1820608003,236747,1820844750,36,0,0,512,36,3411173092
6377,1820617583,189596,1820807179,21,0,0,1024,21,9539628682
6378,1820633980,1994,1820635974,10,0,1,2048,10,2787420602
6379,1820642078,12737,1820654815,26,0,1,24576,26,564982047
6380,1820656451,210200,1820866651,23,0,0,51200,23,7094108287
6381,1820658984,147852,1820806836,10,0,0,512,10,7939986556
6382,1820673201,171330,1820844531,0,0,0,512,0,9229347884
6383,1820695935,154766,1820850701,34,0,0,19456,34,5569241696
6384,1820715132,5326,1820720458,15,0,1,5632,15,7438885233
6385,1820715576,8748,1820724324,0,0,1,6144,0,4375669791
6386,1820723492,286101,1821009593,6,0,0,101888,6,10251427805
6387,1820731359,119677,1820851036,9,0,0,1024,9,8641827231
6388,1820747454,119220,1820866674,6,0,1,2560,6,6581885555
6389,1820749880,116809,1820866689,17,0,1,5120,17,8667303450
6390,1820755106,111598,1820866704,18,0,1,9728,18,1840305168
6391,1820759473,177904,1820937377,8,0,0,512,8,4717995836
6392,1820760517,106218,1820866735,18,0,1,7680,18,2591662970
6393,1820784466,385394,1821169860,38,0,0,1024,38,7655536397
6394,1820803237,99719,1820902956,16,0,1,64000,16,9016850509
6395,1820808178,97364,1820905542,11,0,1,4096,11,5407090361
6396,1820813564,244409,1821057973,11,0,0,512,11,4079934440
6397,1820833677,72633,1820906310,22,0,1,11776,22,1713746782
6398,1820869118,37538,1820906656,39,0,1,512,39,6848869002
6399,1820885012,25190,1820910202,17,0,1,5632,17,630964716
6400,1820918677,126965,1821045642,21,0,0,33280,21,2498286425
6401,1820935910,1994,1820937904,25,0,1,2048,25,5744584317
6402,1820952421,242130,1821194551,33,0,0,40960,33,10699919126
6403,1820974917,2946,1820977863,24,0,1,3072,24,10652064480
6404,1820987465,207569,1821195034,37,0,0,1536,37,2756707452
6405,1821007444,130376,1821137820,4,0,0,1024,4,9556489633
6406,1821013224,4850,1821018074,26,0,1,5120,26,5885074481
6407,1821034263,370378,1821404641,11,0,0,1024,11,9312380376
6408,1821041486,10919,1821052405,38,0,1,7168,38,699232309
6409,1821043549,251489,1821295038,22,0,0,123392,22,8113456456
6410,1821058202,147871,1821206073,29,0,0,512,29,6955262679
6411,1821063066,299676,1821362742,6,0,0,55296,6,5892894544
6412,1821069529,2946,1821072475,37,0,1,3072,37,4742684628
6413,1821081002,52073,1821133075,37,0,0,512,37,3351489085
6414,1821093962,5326,1821099288,25,0,1,5632,25,4553672153
6415,1821096501,297650,1821394151,39,0,0,98816,39,7449706263
6416,1821100990,381540,1821482530,15,0,0,87552,15,2847708785
6417,1821126050,77131,1821203181,27,0,0,6144,27,3839341509
6418,1821134643,259843,1821394486,0,0,0,1024,0,8925714800
6419,1821135000,269314,1821404314,5,0,0,27648,5,4591018675
6420,1821137410,1994,1821139404,38,0,1,2048,38,5945618972
6421,1821138160,225860,1821364020,33,0,0,3584,33,6192567091
6422,1821161807,283097,1821444904,4,0,0,28672,4,6825998290
6423,1821174659,3898,1821178557,25,0,1,4096,25,7898069378
6424,1821193775,101941,1821295716,21,0,0,2048,21,8175840482
6425,1821194809,1760,1821196569,15,0,1,1536,15,3451996970
6426,1821213071,4679,1821217750,0,0,1,12288,0,8353193483
6427,1821225555,2946,1821228501,24,0,1,3072,24,8489060940
6428,1821234565,6278,1821240843,1,0,1,6656,1,8756751254
6429,1821245191,7706,1821252897,30,0,1,8192,30,6752786399
6430,1821248059,5184,1821253243,7,0,1,512,7,7104320174
6431,1821256127,38934,1821295061,28,0,1,6144,28,1033494972
6432,1821258991,103922,1821362913,26,0,0,512,26,4223629526
6433,1821275233,180606,1821455839,21,0,0,35840,21,8845810936
6434,1821282294,112371,1821394665,24,0,0,512,24,9636332354
6435,1821319229,216878,1821536107,3,0,0,31744,3,2553155271
6436,1821354144,50512,1821404656,38,0,1,6144,38,10270036791
6437,1821375615,107250,1821482865,24,0,0,1024,24,8396704369
6438,1821402419,6620,1821409039,4,0,1,4608,4,2370288008
6439,1821403202,8103,1821411305,30,0,1,3584,30,281082494
6440,1821431571,142336,1821573907,1,0,0,34816,1,7279926961
6441,1821433429,92946,1821526375,38,0,0,1536,38,8823146154
6442,1821452481,205996,1821658477,1,0,0,13824,1,4023700945
6443,1821522456,13666,1821536122,29,0,1,7168,29,3733268514
6444,1821523630,246971,1821770601,34,0,0,148992,34,3756858706
6445,1821538235,261413,1821799648,24,0,0,95232,24,6246890152
6446,1821539803,108717,1821648520,5,0,0,20992,5,7115809379
6447,1821545554,50741,1821596295,5,0,1,81920,5,7980280458
6448,1821570075,26566,1821596641,15,0,1,512,15,4877313199
6449,1821575494,300513,1821876007,3,0,0,129536,3,1733091200
6450,1821576557,21390,1821597947,23,0,1,2048,23,6237237276
6451,1821595625,379925,1821975550,17,0,0,17920,17,4138527673
6452,1821619388,186835,1821806223,28,0,0,21504,28,10631694783
6453,1821619610,257394,1821877004,29,0,0,2560,29,7120037618
6454,1821636520,347001,1821983521,15,0,0,26112,15,3848481871
6455,1821640294,8241,1821648535,39,0,1,4096,39,6911114819
6456,1821658361,217840,1821876201,0,0,0,512,0,7854400649
6457,1821659700,309884,1821969584,5,0,0,78848,5,6372418573
6458,1821676759,2470,1821679229,7,0,1,2560,7,321486724
6459,1821678193,32987,1821711180,5,0,1,57344,5,4295341547
6460,1821698902,17667,1821716569,37,0,1,17408,37,674094660
6461,1821706083,11472,1821717555,10,0,1,1536,10,2632396935
6462,1821711525,329105,1822040630,35,0,0,67584,35,10568329540
6463,1821711769,94789,1821806558,10,0,0,1024,10,10424330052
6464,1821715372,325429,1822040801,38,0,0,512,38,6443224947
6465,1821727791,242284,1821970075,38,0,0,1536,38,2391648792
6466,1821746541,60032,1821806573,16,0,1,6656,16,831436353
6467,1821788603,22303,1821810906,35,0,1,4608,35,9485388195
6468,1821813123,62899,1821876022,5,0,1,43520,5,9315932565
6469,1821841596,41169,1821882765,18,0,1,6144,18,2846777258
6470,1821857487,25739,1821883226,15,0,1,10240,15,3019420805
6471,1821889104,380197,1822269301,39,0,0,157696,39,3633648176
6472,1821908395,4850,1821913245,1,0,1,5120,1,4354536445
6473,1821938199,3898,1821942097,11,0,1,4096,11,2006269542
6474,1821950561,226053,1822176614,36,0,0,2048,36,6169506997
6475,1821986997,7706,1821994703,30,0,1,8192,30,3764624818
6476,1821989653,126613,1822116266,38,0,0,1024,38,1553613418
6477,1822016587,365081,1822381668,13,0,0,75264,13,3307491423
6478,1822018193,1042,1822019235,38,0,1,1024,38,3198910979
6479,1822032659,165009,1822197668,15,0,0,25088,15,7468351234
6480,1822080838,198970,1822279808,33,0,0,34304,33,5113201168
6481,1822089772,293486,1822383258,37,0,0,3584,37,9751973450
6482,1822090382,254467,1822344849,15,0,0,5632,15,2534608712
6483,1822126527,566,1822127093,22,0,1,512,22,3221754609
6484,1822126687,2515,1822129202,24,0,1,2560,24,884263594
6485,1822146616,211427,1822358043,15,0,0,40960,15,533409859
6486,1822148620,5802,1822154422,3,0,1,6144,3,4215005437
6487,1822150002,4881,1822154883,17,0,1,10240,17,6181961042
6488,1822167050,2946,1822169996,37,0,1,3072,37,9100286201
6489,1822167437,190777,1822358214,35,0,0,512,35,6467359846
6490,1822172238,4850,1822177088,35,0,1,5120,35,7333193896
6491,1822187212,318410,1822505622,5,0,0,11776,5,3637903727
6492,1822192402,6776,1822199178,2,0,1,1536,2,4416083438
6493,1822200116,4850,1822204966,8,0,1,5120,8,910430874
6494,1822209593,3898,1822213491,2,0,1,4096,2,10343649769
6495,1822217017,165134,1822382151,28,0,0,1536,28,9622092894
6496,1822217217,1518,1822218735,11,0,1,1536,11,10555194450
6497,1822221820,387942,1822609762,31,0,0,7168,31,6324542209
6498,1822227208,255200,1822482408,5,0,1,327680,5,5646691668
6499,1822227649,256065,1822483714,29,0,1,2048,29,10032585507
6500,1822232036,179389,1822411425,9,0,0,18432,9,1498271058
6501,1822247633,238667,1822486300,12,0,1,4096,12,3731066109
6502,1822267865,222941,1822490806,25,0,1,7168,25,1088745602
6503,1822292202,352370,1822644572,36,0,0,1024,36,500335871
6504,1822298692,195660,1822494352,38,0,1,5632,38,3439565976
6505,1822363313,355971,1822719284,23,0,0,79872,23,8580596742
6506,1822367121,127577,1822494698,32,0,1,512,32,9686725565
6507,1822371559,209055,1822580614,15,0,0,27648,15,4609879058
6508,1822374026,407112,1822781138,33,0,0,23552,33,8723922752
6509,1822379906,245892,1822625798,26,0,0,1024,26,483980420
6510,1822399218,362578,1822761796,3,0,0,36352,3,10685071922
6511,1822417486,397598,1822815084,3,0,0,24064,3,10620809502
6512,1822419051,261743,1822680794,3,0,0,35328,3,5436929437
6513,1822474273,23331,1822497604,37,0,1,4608,37,3435432878
6514,1822568571,182134,1822750705,31,0,0,36864,31,1952947412
6515,1822619994,187687,1822807681,17,0,0,87040,17,9377400388
6516,1822680543,86030,1822766573,30,0,0,3072,30,4295840785
6517,1822754395,217242,1822971637,22,0,0,82432,22,317407001
6518,1822776068,218147,1822994215,23,0,0,9216,23,1773747088
6519,1822778698,42341,1822821039,1,0,1,14848,1,3600042065
6520,1822783737,37968,1822821705,11,0,1,1024,11,5320578800
6521,1822789973,33835,1822823808,35,0,1,10752,35,10399121458
6522,1822793012,34542,1822827554,15,0,1,4608,15,10694361514
6523,1822793729,146499,1822940228,24,0,0,24576,24,10736664260
6524,1822794599,34581,1822829180,7,0,1,2560,7,8488844918
6525,1822797177,175271,1822972448,4,0,0,2560,4,4702899181
6526,1822807129,53543,1822860672,23,0,0,1024,23,6434014702
6527,1822820959,168524,1822989483,39,0,0,55808,39,8828763647
6528,1822923922,3422,1822927344,8,0,1,3584,8,2459834293
6529,1822947028,98961,1823045989,24,0,0,9728,24,10204603679
6530,1822949902,45511,1822995413,4,0,1,14848,4,8795493798
6531,1822960887,132139,1823093026,22,0,0,34304,22,3924005068
6532,1822961304,39892,1823001196,14,0,1,7680,14,523975965
6533,1822974881,222539,1823197420,26,0,0,512,26,7935656160
6534,1822978051,38945,1823016996,3,0,1,33280,3,191420046
6535,1822999157,271659,1823270816,3,0,0,44032,3,7729613229
6536,1823032033,1518,1823033551,24,0,1,1536,24,10045439033
6537,1823040378,135196,1823175574,0,0,0,512,0,6572597472
6538,1823040729,203568,1823244297,6,0,0,26624,6,2480551994
6539,1823052782,566,1823053348,15,0,1,512,15,3265634685
6540,1823067780,3898,1823071678,1,0,1,4096,1,9690630011
6541,1823097401,5326,1823102727,11,0,1,5632,11,3605188301
6542,1823122783,161876,1823284659,17,0,0,11776,17,5500844375
6543,1823125550,566,1823126116,8,0,1,512,8,697753946
6544,1823146908,276847,1823423755,27,0,0,59904,27,1406723883
6545,1823164105,1994,1823166099,18,0,1,2048,18,4331519104
6546,1823167060,3898,1823170958,6,0,1,4096,6,3411393790
6547,1823181976,2470,1823184446,30,0,1,2560,30,9068644220
6548,1823241527,4322,1823245849,2,0,1,1536,2,5875315203
6549,1823241544,5611,1823247155,6,0,1,2048,6,8232874517
6550,1823243919,3582,1823247501,34,0,1,512,34,2378452927
6551,1823245177,232502,1823477679,21,0,0,83456,21,2436140138
6552,1823249866,155606,1823405472,31,0,0,97280,31,6927242984
6553,1823301948,566,1823302514,35,0,1,512,35,2137711400
6554,1823307764,116342,1823424106,11,0,0,1024,11,7030735165
6555,1823308996,124109,1823433105,0,0,0,1024,0,853047023
6556,1823334767,2470,1823337237,1,0,1,2560,1,3812945543
6557,1823355479,77104,1823432583,3,0,1,130048,3,262163753
6558,1823371696,218662,1823590358,25,0,0,39424,25,6004614892
6559,1823384818,92876,1823477694,3,0,1,77312,3,6713896274
6560,1823413907,63810,1823477717,16,0,1,5632,16,3380967637
6561,1823418339,59401,1823477740,2,0,1,6144,2,4123150338
6562,1823434623,43132,1823477755,26,0,1,1024,26,2441568491
6563,1823448504,168165,1823616669,11,0,0,512,11,5158361747
6564,1823471493,234267,1823705760,27,0,0,8192,27,6093002788
6565,1823472176,144322,1823616498,17,0,0,9216,17,150567835
6566,1823483126,292657,1823775783,26,0,0,2560,26,6060240850
6567,1823485321,263646,1823748967,22,0,0,13824,22,2578217605
6568,1823493054,5802,1823498856,37,0,1,6144,37,2882096593
6569,1823547951,5326,1823553277,15,0,1,5632,15,7814954569
6570,1823549769,357122,1823906891,27,0,0,512,27,6158564051
6571,1823561336,5802,1823567138,18,0,1,6144,18,1918159420
6572,1823571595,24670,1823596265,3,0,1,44544,3,2610135213
6573,1823578482,20369,1823598851,0,0,1,4096,0,10286774419
6574,1823590950,341171,1823932121,35,0,0,1536,35,8014245847
6575,1823596005,256393,1823852398,26,0,0,512,26,10717108989
6576,1823606201,2470,1823608671,12,0,1,2560,12,3675742894
6577,1823612432,157557,1823769989,29,0,0,512,29,7653957191
6578,1823625062,6754,1823631816,2,0,1,7168,2,7948301992
6579,1823629264,52364,1823681628,35,0,0,3072,35,3684043247
6580,1823634988,2470,1823637458,17,0,1,2560,17,1525858984
6581,1823650740,3645,1823654385,28,0,1,10240,28,7567552791
6582,1823657122,130448,1823787570,15,0,0,6144,15,9918914592
6583,1823670515,78623,1823749138,26,0,0,512,26,4645714474
6584,1823689537,94008,1823783545,22,0,0,10240,22,591464566
6585,1823696336,566,1823696902,38,0,1,512,38,1487214715
6586,1823697108,1518,1823698626,23,0,1,1536,23,2559406679
6587,1823722386,6754,1823729140,39,0,1,7168,39,4086453608
6588,1823741380,14029,1823755409,3,0,1,27136,3,9547833007
6589,1823746041,10034,1823756075,16,0,1,1024,16,3706853413
6590,1823756476,566,1823757042,15,0,1,512,15,4591474783
6591,1823765711,86516,1823852227,27,0,0,14336,27,8401314042
6592,1823771256,16329,1823787585,16,0,1,29184,16,10602731295
6593,1823775242,14942,1823790184,23,0,1,6144,23,5454059261
6594,1823785468,315039,1824100507,30,0,0,70656,30,7677834256
6595,1823796066,204156,1824000222,36,0,0,2048,36,426438221
6596,1823797880,217629,1824015509,39,0,0,3072,39,10429300578
6597,1823807589,1042,1823808631,32,0,1,1024,32,4368745285
6598,1823812461,13341,1823825802,5,0,1,22528,5,10631869054
6599,1823830252,3422,1823833674,2,0,1,3584,2,6505200208
6600,1823837174,190175,1824027349,29,0,0,3072,29,653185887
6601,1823875058,11533,1823886591,1,0,1,18944,1,2419983602
6602,1823893796,43904,1823937700,36,0,0,512,36,6864816886
6603,1823900831,6278,1823907109,14,0,1,6656,14,2368905793
6604,1823928765,202432,1824131197,25,0,0,24064,25,9866621271
6605,1823928885,3387,1823932272,34,0,1,9728,34,6648651727
6606,1823945703,98931,1824044634,19,0,0,11776,19,6420257232
6607,1823961742,7706,1823969448,37,0,1,8192,37,3094080956
6608,1823966922,170530,1824137452,6,0,0,20480,6,5807824633
6609,1823977194,45942,1824023136,19,0,0,512,19,5789654674
6610,1823990363,126600,1824116963,9,0,0,12288,9,9452685418
6611,1824024576,7230,1824031806,17,0,1,7680,17,10263654770
6612,1824045631,160151,1824205782,31,0,0,34304,31,8371932658
6613,1824054306,208740,1824263046,19,0,0,60928,19,9191551659
6614,1824070998,3387,1824074385,10,0,1,9728,10,10323680914
6615,1824117552,214264,1824331816,25,0,0,43008,25,5314192938
6616,1824131453,7509,1824138962,29,0,1,1536,29,751609074
6617,1824142975,292034,1824435009,39,0,0,4608,39,9818408871
6618,1824157552,107077,1824264629,17,0,0,5120,17,3457048520
6619,1824162584,6278,1824168862,7,0,1,6656,7,1499157853
6620,1824162962,261754,1824424716,17,0,0,9728,17,2447140200
6621,1824185329,3645,1824188974,8,0,1,10240,8,3760477424
6622,1824187592,234122,1824421714,3,0,0,110080,3,6853095493
6623,1824189444,16353,1824205797,3,0,1,28160,3,3415027656
6624,1824210962,1042,1824212004,39,0,1,1024,39,8557538335
6625,1824212502,2470,1824214972,38,0,1,2560,38,5559098105
6626,1824238089,5802,1824243891,23,0,1,6144,23,2981555269
6627,1824250602,46285,1824296887,31,0,1,52736,31,8797544557
6628,1824273745,23488,1824297233,11,0,1,512,11,834783808
6629,1824293331,6808,1824300139,32,0,1,4608,32,10344505140
6630,1824314237,178514,1824492751,19,0,0,12288,19,8225431893
6631,1824338840,345166,1824684006,27,0,0,128000,27,4018148795
6632,1824351290,191219,1824542509,2,0,0,3072,2,8607140032
6633,1824372135,1518,1824373653,18,0,1,1536,18,2241045556
6634,1824385195,36534,1824421729,1,0,1,5120,1,4492397314
6635,1824415156,100773,1824515929,17,0,0,1536,17,9856355952
6636,1824439701,3645,1824443346,31,0,1,10240,31,3402453111
6637,1824453817,5802,1824459619,30,0,1,6144,30,5381722634
6638,1824457409,2876,1824460285,28,0,1,1024,28,2642944748
6639,1824480747,146161,1824626908,8,0,0,2048,8,4952297851
6640,1824488711,4079,1824492790,23,0,1,3584,23,770155240
6641,1824489002,76109,1824565111,36,0,0,512,36,9302900769
6642,1824490090,7077,1824497167,34,0,1,4608,34,4688432089
6643,1824491049,6793,1824497842,37,0,1,10240,37,6129885581
6644,1824516132,93861,1824609993,2,0,0,2048,2,402448949
6645,1824523648,256429,1824780077,19,0,0,9728,19,105171414
6646,1824534159,5971,1824540130,29,0,1,14848,29,9545728894
6647,1824543076,3128,1824546204,32,0,1,9216,32,7680379649
6648,1824552009,23725,1824575734,3,0,1,39424,3,69930016
6649,1824558752,169301,1824728053,1,0,0,3072,1,5381296934
6650,1824577314,3387,1824580701,1,0,1,9728,1,1388718661
6651,1824609987,75940,1824685927,10,0,0,2048,10,6590880763
6652,1824610804,1994,1824612798,28,0,1,2048,28,2485333358
6653,1824621782,2470,1824624252,10,0,1,2560,10,10477499645
6654,1824625916,3422,1824629338,17,0,1,3584,17,2497324462
6655,1824639746,83231,1824722977,38,0,0,1536,38,4151181183
6656,1824641529,213044,1824854573,24,0,0,42496,24,6232165617
6657,1824706404,119699,1824826103,17,0,0,5632,17,7014393361
6658,1824711957,5802,1824717759,13,0,1,6144,13,748819060
6659,1824718223,3422,1824721645,30,0,1,3584,30,4060521090
6660,1824739423,117661,1824857084,15,0,0,8192,15,686026232
6661,1824744784,6754,1824751538,12,0,1,7168,12,1256053415
6662,1824745877,160452,1824906329,33,0,0,40960,33,9442190574
6663,1824758489,195432,1824953921,17,0,0,35840,17,4731664625
6664,1824807696,1518,1824809214,39,0,1,1536,39,2572034655
6665,1824808576,368309,1825176885,21,0,0,69120,21,2438947545
6666,1824818499,13858,1824832357,5,0,1,23552,5,6431456705
6667,1824820223,335587,1825155810,25,0,0,72704,25,4415430974
6668,1824826251,88406,1824914657,10,0,0,512,10,3370206703
6669,1824882694,85981,1824968675,31,0,0,15360,31,5797302642
6670,1824886682,167450,1825054132,34,0,0,94720,34,6009085120
6671,1824901506,7285,1824908791,0,0,1,2560,0,4920505113
6672,1824924906,566,1824925472,30,0,1,512,30,1310800651
6673,1824927283,3645,1824930928,1,0,1,10240,1,1224094973
6674,1824927823,55866,1824983689,3,0,1,90112,3,3710816731
6675,1824945500,150926,1825096426,37,0,0,512,37,3519595123
6676,1824947587,296368,1825243955,33,0,0,70144,33,8283228366
6677,1824966198,19757,1824985955,39,0,1,3584,39,1359298223
6678,1824989647,509604,1825499251,4,0,0,36352,4,994868546
6679,1825044598,10092,1825054690,17,0,1,512,17,6680037309
6680,1825058802,229852,1825288654,24,0,0,16384,24,6313956797
6681,1825070786,3422,1825074208,9,0,1,3584,9,8825444791
6682,1825132853,428648,1825561501,6,0,0,19456,6,9192127721
6683,1825148163,34533,1825182696,10,0,1,6144,10,5655849537
6684,1825166393,17289,1825183682,24,0,1,1536,24,3519096437
6685,1825178282,65696,1825243978,3,0,1,97280,3,5877203249
6686,1825198520,457365,1825655885,34,0,0,66560,34,6988195044
6687,1825203506,284608,1825488114,27,0,0,102912,27,507629158
6688,1825206149,37844,1825243993,34,0,1,14848,34,7028667882
6689,1825217612,26396,1825244008,32,0,1,1536,32,8209033426
6690,1825219247,230042,1825449289,4,0,0,121344,4,9855443382
6691,1825222212,21811,1825244023,9,0,1,2048,9,5146786730
6692,1825227370,293695,1825521065,28,0,0,54272,28,9857837575
6693,1825257754,2470,1825260224,37,0,1,2560,37,9834755088
6694,1825266478,190107,1825456585,36,0,0,1024,36,4305484264
6695,1825278282,4850,1825283132,33,0,1,5120,33,4169590273
6696,1825310429,262833,1825573262,33,0,0,512,33,446992704
6697,1825321590,1518,1825323108,18,0,1,1536,18,2759085216
6698,1825333257,302333,1825635590,6,0,0,84992,6,4903391482
6699,1825335656,1042,1825336698,24,0,1,1024,24,2599412028
6700,1825341082,15837,1825356919,34,0,1,30720,34,6074114072
6701,1825354258,322078,1825676336,30,0,0,67072,30,4636752244
6702,1825378013,3422,1825381435,39,0,1,3584,39,7730647515
6703,1825426436,29123,1825455559,12,0,1,6656,12,2998928246
6704,1825451599,36530,1825488129,14,0,1,4096,14,6747470861
6705,1825454075,34077,1825488152,31,0,1,5632,31,5104620897
6706,1825460578,39198,1825499776,39,0,1,512,39,688473639
6707,1825467101,291257,1825758358,35,0,0,30720,35,9889128019
6708,1825500924,20156,1825521080,7,0,1,10752,7,8225157215
6709,1825509873,15103,1825524976,15,0,1,10752,15,6609696656
6710,1825533517,394727,1825928244,21,0,0,96256,21,8226947321
6711,1825566737,6754,1825573491,12,0,1,7168,12,2939585844
6712,1825570547,3930,1825574477,22,0,1,1536,22,6252909817
6713,1825588516,358603,1825947119,5,0,0,32256,5,1207515226
6714,1825596569,3645,1825600214,37,0,1,10240,37,7542916308
6715,1825628359,91873,1825720232,0,0,0,512,0,4307766208
6716,1825634909,338884,1825973793,11,0,0,512,11,4258811712
6717,1825643745,304356,1825948101,37,0,0,3072,37,367372733
6718,1825654312,24085,1825678397,15,0,1,2048,15,5520519440
6719,1825703716,2470,1825706186,9,0,1,2560,9,1090678841
6720,1825704526,4886,1825709412,33,0,1,5120,33,87256158
6721,1825708812,82149,1825790961,13,0,1,133120,13,5429531788
6722,1825715224,261797,1825977021,38,0,0,1024,38,2279951173
6723,1825730331,236149,1825966480,35,0,0,32256,35,1318991207
6724,1825738073,299399,1826037472,5,0,0,103936,5,5759426526
6725,1825753124,133355,1825886479,8,0,0,1536,8,1526688178
6726,1825754935,179688,1825934623,2,0,0,1024,2,6482495657
6727,1825755040,37867,1825792907,6,0,1,3072,6,10445743811
6728,1825765178,28075,1825793253,15,0,1,512,15,1413249209
6729,1825765818,114333,1825880151,13,0,1,185856,13,5098382077
6730,1825782534,99243,1825881777,35,0,1,2560,35,7889940849
6731,1825785051,98672,1825883723,17,0,1,3072,17,6072714776
6732,1825801022,254567,1826055589,0,0,0,1536,0,3136088488
6733,1825824497,63092,1825887589,38,0,1,6144,38,5211864185
6734,1825837326,200481,1826037807,26,0,0,1024,26,2462599920
6735,1825853149,38626,1825891775,28,0,1,6656,28,1453943063
6736,1825865759,26477,1825892236,29,0,1,10240,29,7680198582
6737,1825872717,22745,1825895462,8,0,1,5120,8,9572564580
6738,1825879524,324211,1826203735,17,0,0,38912,17,7901754017
6739,1825884010,12438,1825896448,2,0,1,1536,2,3192476623
6740,1825889640,7794,1825897434,33,0,1,1536,33,2662370090
6741,1825892954,5044,1825897998,2,0,1,10752,2,943608302
6742,1825901376,31089,1825932465,24,0,1,11264,24,2009777808
6743,1825904756,29925,1825934681,34,0,1,3072,34,1525623720
6744,1825926196,20954,1825947150,1,0,1,15360,1,6387348894
6745,1825926545,306370,1826232915,21,0,0,49152,21,2707621358
6746,1825931732,34763,1825966495,39,0,1,19968,39,3670586072
6747,1825933643,374295,1826307938,31,0,0,66048,31,1717294406
6748,1825952672,13838,1825966510,31,0,1,7168,31,5426983983
6749,1825972872,235246,1826208118,20,0,0,14336,20,788342149
6750,1825993540,2946,1825996486,39,0,1,3072,39,4743564201
6751,1826012685,316995,1826329680,19,0,0,60416,19,6598652684
6752,1826015539,22826,1826038365,8,0,1,512,8,7657128698
6753,1826043523,10499,1826054022,30,0,1,16896,30,4982393458
6754,1826066358,85897,1826152255,14,0,0,1024,14,10502033399
6755,1826066847,3898,1826070745,9,0,1,4096,9,10661568456
6756,1826067550,5141,1826072691,30,0,1,3072,30,3265363881
6757,1826096568,274776,1826371344,27,0,0,35840,27,788773234
6758,1826123671,184750,1826308421,11,0,0,1536,11,8333789868
6759,1826155367,10757,1826166124,9,0,1,17408,9,9018742666
6760,1826191064,117692,1826308756,11,0,0,1024,11,3166478646
6761,1826227598,10159,1826237757,39,0,1,5120,39,629416343
6762,1826239272,165101,1826404373,0,0,0,512,0,7067011813
6763,1826247947,5802,1826253749,28,0,1,6144,28,9009090818
6764,1826256648,73233,1826329881,36,0,0,512,36,3600214327
6765,1826297081,32614,1826329695,6,0,1,3072,6,8387245347
6766,1826304944,165457,1826470401,17,0,0,50176,17,6288501616
6767,1826310063,19647,1826329710,7,0,1,2048,7,3245046481
6768,1826335304,150265,1826485569,4,0,0,9216,4,6016593310
6769,1826353586,154171,1826507757,8,0,0,1536,8,697294401
6770,1826361183,91376,1826452559,11,0,0,16384,11,6321171182
6771,1826397889,2946,1826400835,29,0,1,3072,29,6791192830
6772,1826400115,2470,1826402585,7,0,1,2560,7,2354686374
6773,1826410463,60109,1826470572,8,0,0,512,8,2177026337
6774,1826451799,1794,1826453593,6,0,1,1024,6,2347578650
6775,1826497991,4162,1826502153,38,0,1,11264,38,7742739910
6776,1826537991,3645,1826541636,4,0,1,10240,4,6231419049
6777,1826564721,140701,1826705422,34,0,0,51712,34,8928979546
6778,1826572522,1518,1826574040,33,0,1,1536,33,7827560910
6779,1826606656,5196,1826611852,16,0,1,13312,16,6104360513
6780,1826639692,1518,1826641210,12,0,1,1536,12,5003875266
6781,1826641656,78183,1826719839,2,0,0,512,2,685903610
6782,1826676511,238415,1826914926,2,0,0,1536,2,10475844312
6783,1826679072,3645,1826682717,13,0,1,10240,13,7031512173
6784,1826680679,2704,1826683383,7,0,1,1024,7,2233188684
6785,1826680900,60597,1826741497,2,0,0,512,2,8709316871
6786,1826704247,1733,1826705980,24,0,1,512,24,5084578767
6787,1826711816,566,1826712382,39,0,1,512,39,1643040667
6788,1826749576,5196,1826754772,7,0,1,13312,7,204341314
6789,1826772276,1518,1826773794,28,0,1,1536,28,2633960508
6790,1826793579,120848,1826914427,1,0,0,96768,1,3483626270
6791,1826814921,4850,1826819771,17,0,1,5120,17,5838945510
6792,1826847006,84992,1826931998,5,0,1,138752,5,9901906112
6793,1826876503,162739,1827039242,36,0,0,1536,36,4991036917
6794,1826876673,56298,1826932971,26,0,1,12800,26,779301406
6795,1826909000,98752,1827007752,6,0,0,4608,6,9904618438
6796,1826925061,12416,1826937477,8,0,1,7168,8,5978657507
6797,1826927640,129721,1827057361,5,0,0,11776,5,3458386340
6798,1826929265,119480,1827048745,23,0,0,8704,23,8907168872
6799,1826940107,80030,1827020137,2,0,0,512,2,6048490082
6800,1826946685,3422,1826950107,38,0,1,3584,38,6463367746
6801,1826970886,1518,1826972404,7,0,1,1536,7,8037405790
6802,1826985691,2946,1826988637,8,0,1,3072,8,6180134357
6803,1827004188,96817,1827101005,35,0,0,1536,35,2953087910
6804,1827031976,2946,1827034922,32,0,1,3072,32,6810551667
6805,1827037849,3422,1827041271,1,0,1,3584,1,7611904620
6806,1827096903,113625,1827210528,15,0,0,27136,15,7751371892
6807,1827100151,3898,1827104049,37,0,1,4096,37,8687308334
6808,1827106364,5971,1827112335,13,0,1,14848,13,8773771219
6809,1827136328,3645,1827139973,11,0,1,10240,11,1911753020
6810,1827165084,6754,1827171838,39,0,1,7168,39,957022585
6811,1827203412,52704,1827256116,8,0,0,1024,8,6465136459
6812,1827206815,49628,1827256443,2,0,0,1024,2,8913818404
6813,1827229376,566,1827229942,4,0,1,512,4,4012125359
6814,1827273780,128945,1827402725,9,0,0,9728,9,3790788526
6815,1827286967,1994,1827288961,15,0,1,2048,15,634631349
6816,1827309434,45596,1827355030,14,0,0,1024,14,7449634040
6817,1827320026,3422,1827323448,15,0,1,3584,15,1566457986
6818,1827341921,3898,1827345819,24,0,1,4096,24,4359122208
6819,1827365459,566,1827366025,22,0,1,512,22,8598333414
6820,1827374238,43904,1827418142,8,0,0,512,8,229857928
6821,1827393384,5802,1827399186,15,0,1,6144,15,6404570376
6822,1827398505,4235,1827402740,7,0,1,2048,7,1468060755
6823,1827418183,3898,1827422081,7,0,1,4096,7,10574306873
6824,1827430725,566,1827431291,4,0,1,512,4,333004245
6825,1827431112,47288,1827478400,36,0,0,1536,36,4350305709
6826,1827435676,218431,1827654107,19,0,0,83968,19,3795229237
6827,1827440172,107142,1827547314,27,0,0,25088,27,8241498587
6828,1827501288,1994,1827503282,6,0,1,2048,6,3738124575
6829,1827527417,101091,1827628508,13,0,0,28160,13,3495962730
6830,1827532379,5326,1827537705,9,0,1,5632,9,7298327617
6831,1827548014,106264,1827654278,36,0,0,512,36,10009286293
6832,1827552741,102385,1827655126,29,0,0,512,29,9086230666
6833,1827557979,102859,1827660838,30,0,0,5632,30,5513881895
6834,1827569302,85645,1827654947,29,0,0,512,29,390941540
6835,1827576089,78687,1827654776,14,0,0,1024,14,7158650561
6836,1827579143,75306,1827654449,36,0,0,512,36,5444499650
6837,1827602627,222078,1827824705,35,0,0,39424,35,8928332065
6838,1827638890,148567,1827787457,39,0,0,50688,39,479543291
6839,1827661199,165572,1827826771,20,0,0,5632,20,7944674647
6840,1827668713,103285,1827771998,29,0,0,1536,29,8252474135
6841,1827711878,4162,1827716040,34,0,1,11264,34,6267118352
6842,1827723131,10241,1827733372,38,0,1,16384,38,905323466
6843,1827731699,2339,1827734038,15,0,1,1024,15,1901987150
6844,1827738438,97793,1827836231,2,0,0,512,2,6669011856
6845,1827758001,67031,1827825032,36,0,0,1024,36,1872253728
6846,1827782048,6919,1827788967,17,0,1,1536,17,654270721
6847,1827805859,159592,1827965451,9,0,0,48640,9,10324369694
6848,1827812413,108967,1827921380,23,0,0,24064,23,9835740582
6849,1827817241,94396,1827911637,6,0,0,5632,6,4418713290
6850,1827829221,2870,1827832091,18,0,1,8704,18,4976965292
6851,1827850818,1994,1827852812,7,0,1,2048,7,7571289278
6852,1827857731,2870,1827860601,11,0,1,8704,11,501741488
6853,1827882292,93566,1827975858,5,0,1,152064,5,1637487000
6854,1827890979,132762,1828023741,0,0,0,1024,0,9984396959
6855,1827905868,171129,1828076997,5,0,0,24576,5,5448389182
6856,1827936133,85241,1828021374,5,0,0,4096,5,2342107622
6857,1827940360,36471,1827976831,26,0,1,12800,26,2980272870
6858,1827975846,1331,1827977177,1,0,1,512,1,6270230288
6859,1827992738,5326,1827998064,37,0,1,5632,37,3898378547
6860,1828005309,187454,1828192763,4,0,0,2048,4,2209164937
6861,1828016346,317849,1828334195,33,0,0,97280,33,7420892155
6862,1828043004,1518,1828044522,8,0,1,1536,8,5378365323
6863,1828044798,147311,1828192109,3,0,0,5120,3,108889417
6864,1828056193,127331,1828183524,25,0,0,13312,25,6805958758
6865,1828061979,117474,1828179453,28,0,0,54272,28,8179969129
6866,1828065292,3898,1828069190,11,0,1,4096,11,2104381872
6867,1828066608,10404,1828077012,26,0,1,1536,26,3470181478
6868,1828081250,103669,1828184919,10,0,0,512,10,8932229227
6869,1828087868,131697,1828219565,27,0,0,29696,27,10688473265
6870,1828111725,250608,1828362333,33,0,0,58880,33,5964917736
6871,1828149799,43904,1828193703,37,0,0,512,37,7851290940
6872,1828154984,219643,1828374627,20,0,0,20992,20,1546341390
6873,1828164897,23486,1828188383,10,0,1,5120,10,7181591450
6874,1828176504,15620,1828192124,24,0,1,14848,24,1158901660
6875,1828193095,226736,1828419831,35,0,0,63488,35,8081271335
6876,1828201187,133655,1828334842,14,0,0,2048,14,7575870000
6877,1828214994,175600,1828390594,10,0,0,512,10,6011035758
6878,1828224064,405990,1828630054,28,0,0,148992,28,7158077818
6879,1828264072,7230,1828271302,2,0,1,7680,2,5798405298
6880,1828281582,287270,1828568852,38,0,0,1024,38,8232440540
6881,1828326803,12935,1828339738,32,0,1,12800,32,4034543745
6882,1828345687,30942,1828376629,3,0,1,27648,3,9697296023
6883,1828350810,525716,1828876526,6,0,0,6144,6,3089172905
6884,1828366721,13774,1828380495,24,0,1,6144,24,900264012
6885,1828376856,258236,1828635092,25,0,0,15872,25,10638417300
6886,1828387277,375184,1828762461,35,0,0,7168,35,3888781929
6887,1828389146,371108,1828760254,30,0,0,90112,30,2493335086
6888,1828392074,768888,1829160962,4,0,0,224768,4,2268649656
6889,1828398871,34279,1828433150,31,0,1,59904,31,8469767363
6890,1828409136,287781,1828696917,27,0,0,47104,27,8150637156
6891,1828413116,318433,1828731549,17,0,0,47616,17,4284923593
6892,1828421903,208338,1828630241,0,0,0,512,0,8322746360
6893,1828424765,375922,1828800687,25,0,0,58880,25,5360388268
6894,1828428864,206399,1828635263,14,0,0,512,14,2041378700
6895,1828432585,5326,1828437911,39,0,1,5632,39,5328427479
6896,1828468857,308930,1828777787,30,0,0,35328,30,8552308119
6897,1828470322,3898,1828474220,2,0,1,4096,2,5045794656
6898,1828502543,475005,1828977548,25,0,0,54272,25,3041242506
6899,1828519149,3422,1828522571,6,0,1,3584,6,8634806539
6900,1828531493,6278,1828537771,39,0,1,6656,39,1659369314
6901,1828564834,202166,1828767000,21,0,0,14848,21,10640846166
6902,1828585419,348813,1828934232,20,0,0,33792,20,830858847
6903,1828586765,337156,1828923921,30,0,0,36352,30,3192826979
6904,1828653497,7230,1828660727,32,0,1,7680,32,3120397130
6905,1828676087,236572,1828912659,27,0,0,10752,27,1410653131
6906,1828677787,328800,1829006587,21,0,0,95232,21,3835148998
6907,1828684382,17419,1828701801,23,0,1,5120,23,5972689197
6908,1828686752,19875,1828706627,8,0,1,7680,8,9865085893
6909,1828688081,22092,1828710173,8,0,1,5632,8,2999526925
6910,1828702164,14422,1828716586,3,0,1,22528,3,2794074320
6911,1828737675,175155,1828912830,8,0,0,512,8,9437161666
6912,1828759820,21905,1828781725,26,0,1,10752,26,4848432547
6913,1828764025,36677,1828800702,0,0,1,4096,0,7381706486
6914,1828765053,258561,1829023614,4,0,0,55808,4,6783044131
6915,1828765996,258437,1829024433,38,0,0,2560,38,5647654302
6916,1828791832,114094,1828905926,33,0,0,4608,33,8344080690
6917,1828812130,226942,1829039072,30,0,0,9728,30,6119359269
6918,1828813456,12566,1828826022,26,0,1,20992,26,9301561818
6919,1828844621,247842,1829092463,39,0,0,32768,39,3665471423
6920,1828887956,136500,1829024456,16,0,1,215040,16,5962438011
6921,1828903640,259233,1829162873,38,0,0,6144,38,10314865906
6922,1828914458,299690,1829214148,35,0,0,46592,35,10227718675
6923,1828928041,317742,1829245783,3,0,0,91648,3,8419027682
6924,1828937861,86610,1829024471,6,0,1,5632,6,8119093010
6925,1828938907,89875,1829028782,34,0,1,7168,34,3296196478
6926,1828954379,76349,1829030728,23,0,1,3072,23,4478875623
6927,1828965197,68117,1829033314,38,0,1,4096,38,4472394806
6928,1828982437,387209,1829369646,21,0,0,22528,21,573718447
6929,1829004419,331774,1829336193,9,0,0,11776,9,2534054191
6930,1829009606,174583,1829184189,37,0,0,512,37,211543618
6931,1829012614,21571,1829034185,13,0,1,12288,13,5157671938
6932,1829029615,4826,1829034441,11,0,1,9216,11,5220045577
6933,1829044263,23637,1829067900,16,0,1,42496,16,9262324302
6934,1829097597,67780,1829165377,4,0,1,2560,4,4879223271
6935,1829107283,58760,1829166043,28,0,1,1024,28,2368191814
6936,1829116320,316637,1829432957,39,0,0,13312,39,809521418
6937,1829135830,30879,1829166709,15,0,1,1024,15,5408152356
6938,1829146123,265632,1829411755,2,0,0,1024,2,5657110839
6939,1829157426,19968,1829177394,0,0,1,22016,0,3382944820
6940,1829164033,278760,1829442793,27,0,0,7168,27,7703155690
6941,1829195902,221142,1829417044,9,0,0,5120,9,7226787905
6942,1829227417,43028,1829270445,13,0,1,44544,13,3184187083
6943,1829252894,23248,1829276142,15,0,1,18944,15,231400200
6944,1829255386,21012,1829276398,35,0,1,9216,35,4089746255
6945,1829258340,24062,1829282402,26,0,1,20480,26,4998209556
6946,1829258861,131048,1829389909,9,0,0,1024,9,8391989155
6947,1829265275,18753,1829284028,5,0,1,2560,5,5727222493
6948,1829290473,4679,1829295152,24,0,1,12288,24,3211417657
6949,1829290725,10295,1829301020,37,0,1,7168,37,5334102465
6950,1829314596,14029,1829328625,16,0,1,27136,16,10518897997
6951,1829321185,343139,1829664324,4,0,0,52736,4,6073140172
6952,1829326574,3997,1829330571,18,0,1,3072,18,8146384219
6953,1829333531,3237,1829336768,32,0,1,512,32,2024198146
6954,1829335840,1594,1829337434,34,0,1,1024,34,10343133864
6955,1829377087,169639,1829546726,5,0,0,2048,5,7597910955
6956,1829377300,1994,1829379294,26,0,1,2048,26,7393587947
6957,1829403210,5802,1829409012,11,0,1,6144,11,7077968747
6958,1829411891,236350,1829648241,22,0,0,63488,22,5905317756
6959,1829420429,12543,1829432972,28,0,1,17408,28,6554989568
6960,1829423993,330889,1829754882,10,0,0,512,10,5009237192
6961,1829442015,8000,1829450015,17,0,1,7680,17,3435836856
6962,1829443665,263106,1829706771,24,0,0,139264,24,2429641619
6963,1829464074,243844,1829707918,15,0,0,3584,15,6775046360
6964,1829466533,5326,1829471859,21,0,1,5632,21,3919674755
6965,1829495575,221602,1829717177,15,0,0,19456,15,570028729
6966,1829507201,7706,1829514907,38,0,1,8192,38,9076252713
6967,1829516381,4850,1829521231,10,0,1,5120,10,6816391758
6968,1829521666,16613,1829538279,16,0,1,32256,16,7058912281
6969,1829527271,283124,1829810395,5,0,0,45568,5,606399980
6970,1829539860,224888,1829764748,20,0,0,31232,20,6790754030
6971,1829539963,566,1829540529,37,0,1,512,37,8849471183
6972,1829550830,191253,1829742083,39,0,0,25088,39,1515195753
6973,1829561614,458809,1830020423,13,0,0,13824,13,3426368897
6974,1829567133,293376,1829860509,33,0,0,19456,33,10518597685
6975,1829597826,16096,1829613922,6,0,1,31232,6,9864389150
6976,1829600570,18844,1829619414,39,0,1,17920,39,6789832055
6977,1829605214,18386,1829623600,24,0,1,6656,24,4123534066
6978,1829622145,430639,1830052784,4,0,0,66560,4,7499684905
6979,1829625577,3128,1829628705,38,0,1,9216,38,3340014026
6980,1829638608,561523,1830200131,28,0,0,136192,28,1757300041
6981,1829638728,71644,1829710372,7,0,1,2560,7,5335069309
6982,1829673418,37300,1829710718,15,0,1,512,15,4178110097
6983,1829674399,573318,1830247717,22,0,0,13312,22,5929524978
6984,1829674841,55396,1829730237,3,0,1,34816,3,1208242476
6985,1829701338,511951,1830213289,13,0,0,41984,13,10367431535
6986,1829707956,450619,1830158575,35,0,0,55808,35,8070908772
6987,1829709118,240517,1829949635,17,0,0,83968,17,2688576115
6988,1829713403,428145,1830141548,20,0,0,161280,20,9364746037
6989,1829723299,601805,1830325104,23,0,0,18432,23,6174532286
6990,1829749827,14944,1829764771,24,0,1,17408,24,7141667226
6991,1829754820,13309,1829768129,0,0,1,3584,0,10094946202
6992,1829761257,547406,1830308663,20,0,0,181248,20,7570478340
6993,1829762807,596818,1830359625,39,0,0,9216,39,9938538740
6994,1829771521,5326,1829776847,33,0,1,5632,33,5844694118
6995,1829771939,6214,1829778153,26,0,1,2048,26,9133322176
6996,1829780668,587115,1830367783,2,0,0,512,2,5259475714
6997,1829781693,563862,1830345555,1,0,0,67072,1,7470701691
6998,1829791432,597068,1830388500,39,0,0,5120,39,1281910013
6999,1829795380,682530,1830477910,2,0,0,1536,2,10558797689
7000,1829853980,6552,1829860532,6,0,1,9216,6,2295544389
7001,1829854795,345671,1830200466,37,0,0,1024,37,4577202723
7002,1829859462,4987,1829864449,13,0,1,4096,13,330230771
7003,1829860436,496366,1830356802,35,0,0,36864,35,8672846696
7004,1829887699,33245,1829920944,31,0,1,57856,31,8013354424
7005,1829897058,24232,1829921290,33,0,1,512,33,8565226662
7006,1829911078,539718,1830450796,28,0,0,90112,28,2480714461
7007,1829933768,480250,1830414018,10,0,0,2048,10,9649756413
7008,1829948829,520577,1830469406,29,0,0,1536,29,593626748
7009,1829958802,360671,1830319473,33,0,0,35328,33,7127539512
7010,1829995274,473649,1830468923,13,0,0,59392,13,1343882614
7011,1829999875,367721,1830367596,34,0,0,26112,34,1006889660
7012,1830005405,7706,1830013111,11,0,1,8192,11,8721314345
7013,1830011009,2768,1830013777,29,0,1,1024,29,5734831311
7014,1830030656,127934,1830158590,3,0,1,129024,3,558820420
7015,1830043509,465663,1830509172,11,0,0,76288,11,4995026685
7016,1830058171,419050,1830477221,17,0,0,25600,17,1580967939
7017,1830083122,75483,1830158605,24,0,1,9728,24,824900533
7018,1830085140,73480,1830158620,15,0,1,3072,15,1483637862
7019,1830100741,116669,1830217410,26,0,1,11264,26,3666995378
7020,1830113594,104802,1830218396,22,0,1,1536,22,10177828757
7021,1830126873,93149,1830220022,9,0,1,2560,9,156476075
7022,1830130730,93158,1830223888,29,0,1,6144,29,9340731875
7023,1830168941,225526,1830394467,2,0,0,1536,2,8780462577
7024,1830219987,364948,1830584935,1,0,0,65536,1,9610124440
7025,1830225970,2946,1830228916,15,0,1,3072,15,8614345422
7026,1830234397,372081,1830606478,4,0,0,70656,4,2099932712
7027,1830244804,8231,1830253035,21,0,1,5632,21,9511245695
7028,1830251363,57315,1830308678,21,0,1,2560,21,5435647635
7029,1830261394,345411,1830606805,15,0,0,1024,15,5958297700
7030,1830271740,242870,1830514610,11,0,0,2560,11,4934180124
7031,1830341490,27795,1830369285,28,0,1,1536,28,2955499038
7032,1830345178,26053,1830371231,30,0,1,3072,30,9473168176
7033,1830356886,342194,1830699080,3,0,0,67584,3,4138076520
7034,1830368104,5020,1830373124,6,0,1,10752,6,2223316245
7035,1830401034,3645,1830404679,35,0,1,10240,35,1551634156
7036,1830407571,1042,1830408613,4,0,1,1024,4,7824291008
7037,1830433430,308523,1830741953,1,0,0,31744,1,183888644
7038,1830435831,174035,1830609866,11,0,0,7168,11,7411431651
7039,1830483314,391607,1830874921,26,0,0,512,26,9988553348
7040,1830505260,245860,1830751120,14,0,0,3072,14,9663491255
7041,1830508518,310287,1830818805,6,0,0,41472,6,2471621361
7042,1830533109,73719,1830606828,16,0,1,81408,16,6129499146
7043,1830534385,271730,1830806115,20,0,0,76800,20,10096022611
7044,1830549629,57214,1830606843,0,0,1,4096,0,6902799191
7045,1830558507,142134,1830700641,10,0,0,1024,10,4964281028
7046,1830578412,33293,1830611705,4,0,1,5120,4,5942381776
7047,1830586387,25932,1830612319,14,0,1,10752,14,3608217920
7048,1830589674,161929,1830751603,4,0,0,1536,4,8542990611
7049,1830620630,2870,1830623500,1,0,1,8704,1,2859049921
7050,1830643033,1994,1830645027,0,0,1,2048,0,2477166588
7051,1830643311,7625,1830650936,9,0,1,7680,9,7426726756
7052,1830649750,6278,1830656028,29,0,1,6656,29,3570879721
7053,1830651274,370003,1831021277,4,0,0,164864,4,9928378891
7054,1830656373,418721,1831075094,1,0,0,37888,1,3389803316
7055,1830662386,5326,1830667712,13,0,1,5632,13,4814918073
7056,1830735860,327333,1831063193,5,0,0,88576,5,8163701674
7057,1830762610,566,1830763176,2,0,1,512,2,2991241345
7058,1830768105,5326,1830773431,37,0,1,5632,37,4687109477
7059,1830777211,28935,1830806146,3,0,1,25600,3,2631315515
7060,1830781087,362226,1831143313,19,0,0,40960,19,5855122518
7061,1830789342,274022,1831063364,14,0,0,512,14,9694166494
7062,1830793486,169997,1830963483,9,0,0,46592,9,5274511206
7063,1830813698,18352,1830832050,29,0,1,25600,29,466567368
7064,1830819281,256000,1831075281,8,0,0,512,8,3644721752
7065,1830833340,7230,1830840570,38,0,1,7680,38,7687294136
7066,1830875621,276919,1831152540,4,0,0,30208,4,6328758804
7067,1830876559,33762,1830910321,31,0,1,58880,31,1108458419
7068,1830879461,32806,1830912267,15,0,1,3072,15,1640496982
7069,1830900535,252488,1831153023,36,0,0,1536,36,1755821661
7070,1830902701,160834,1831063535,36,0,0,512,36,10410440556
7071,1830904426,9147,1830913573,37,0,1,2048,37,2304284148
7072,1830914006,7230,1830921236,37,0,1,7680,37,2290375824
7073,1830926130,262772,1831188902,33,0,0,99328,33,6446390121
7074,1830954642,13683,1830968325,6,0,1,5120,6,9854942419
7075,1830972547,143534,1831116081,31,0,1,157696,31,3932409116
7076,1830977392,352754,1831330146,6,0,0,25088,6,4902755754
7077,1831018798,97437,1831116235,17,0,1,8704,17,3033373824
7078,1831046486,323929,1831370415,15,0,0,77824,15,1474608520
7079,1831057013,64792,1831121805,33,0,0,1024,33,9110948025
7080,1831080769,37412,1831118181,39,0,1,3072,39,6821663399
7081,1831091144,231343,1831322487,28,0,0,11264,28,8876394453
7082,1831093930,28757,1831122687,7,0,1,7168,7,5358267071
7083,1831095651,27600,1831123251,14,0,1,10752,14,10664320336
7084,1831102935,21942,1831124877,33,0,1,2560,33,8261865980
7085,1831105157,290085,1831395242,9,0,0,81408,9,8371633830
7086,1831118189,7661,1831125850,0,0,1,12800,0,6566854269
7087,1831125919,270009,1831395928,0,0,0,512,0,8684835670
7088,1831130895,23605,1831154500,15,0,1,1536,15,7322211015
7089,1831150285,5521,1831155806,2,0,1,2048,2,2078983285
7090,1831155201,3422,1831158623,32,0,1,3584,32,7894221548
7091,1831206451,1518,1831207969,15,0,1,1536,15,6340891591
7092,1831215679,11791,1831227470,14,0,1,19456,14,6499078095
7093,1831252831,2946,1831255777,8,0,1,3072,8,7181597876
7094,1831288598,3898,1831292496,15,0,1,4096,15,4413477688
7095,1831325447,7654,1831333101,24,0,1,3072,24,7025507568
7096,1831325564,209191,1831534755,36,0,0,512,36,9807531982
7097,1831340270,3645,1831343915,35,0,1,10240,35,4382264543
7098,1831340808,54941,1831395749,37,0,0,1536,37,9325256732
7099,1831367413,30258,1831397671,24,0,1,2560,24,1965984836
7100,1831386266,286914,1831673180,19,0,0,30720,19,7972105198
7101,1831388360,13514,1831401874,0,0,1,6144,0,9744471865
7102,1831391502,10718,1831402220,15,0,1,512,15,7625524133
7103,1831410923,252882,1831663805,5,0,0,108544,5,5430923532
7104,1831459243,3387,1831462630,9,0,1,9728,9,6484607501
7105,1831472384,10499,1831482883,1,0,1,16896,1,10187220286
7106,1831473883,87886,1831561769,26,0,0,512,26,2337543831
7107,1831518026,3422,1831521448,9,0,1,3584,9,2515230192
7108,1831525527,6278,1831531805,15,0,1,6656,15,4659612930
7109,1831534463,180013,1831714476,28,0,0,5120,28,9220105760
7110,1831544931,83168,1831628099,36,0,0,2560,36,5884910500
7111,1831552724,6278,1831559002,28,0,1,6656,28,7816716646
7112,1831558117,2511,1831560628,11,0,1,2560,11,7819348312
7113,1831578773,566,1831579339,39,0,1,512,39,5658328636
7114,1831592813,131665,1831724478,2,0,0,1536,2,7180078018
7115,1831620159,117987,1831738146,1,0,0,1024,1,1706599991
7116,1831622944,73745,1831696689,13,0,1,123392,13,3741456735
7117,1831632748,65567,1831698315,9,0,1,2560,9,4155350340
7118,1831635766,64815,1831700581,11,0,1,3584,11,5880670677
7119,1831637396,179831,1831817227,34,0,0,25600,34,8762889852
7120,1831637467,236526,1831873993,1,0,0,4096,1,4606170543
7121,1831667304,34263,1831701567,14,0,1,1536,14,249504479
7122,1831684425,20368,1831704793,8,0,1,5120,8,281677304
7123,1831686058,276225,1831962283,27,0,0,55808,27,3744103557
7124,1831688983,19036,1831708019,4,0,1,5120,4,8585749339
7125,1831689201,23004,1831712205,29,0,1,6656,29,9973603112
7126,1831689212,288149,1831977361,31,0,0,24064,31,1430106352
7127,1831698154,17597,1831715751,35,0,1,5632,35,3181462808
7128,1831710407,6970,1831717377,11,0,1,2560,11,2469669938
7129,1831729770,7230,1831737000,18,0,1,7680,18,9974209265
7130,1831730013,7333,1831737346,0,0,1,512,0,6389617844
7131,1831730839,7813,1831738652,28,0,1,2048,28,6103544428
7132,1831737342,1976,1831739318,21,0,1,1024,21,5375911895
7133,1831747764,187431,1831935195,13,0,0,2560,13,2885958903
7134,1831753035,181365,1831934400,27,0,0,32256,27,724292255
7135,1831754108,337583,1832091691,28,0,0,60416,28,2258495975
7136,1831757639,153402,1831911041,34,0,0,9216,34,6208598882
7137,1831776647,4374,1831781021,28,0,1,4608,28,4976464354
7138,1831786145,4850,1831790995,0,0,1,5120,0,4998649366
7139,1831820243,74504,1831894747,2,0,0,512,2,8398395558
7140,1831849127,145449,1831994576,23,0,0,20992,23,1854732677
7141,1831852304,155573,1832007877,28,0,0,13312,28,7474718471
7142,1831852924,129639,1831982563,24,0,0,9216,24,10091558506
7143,1831872557,3904,1831876461,10,0,1,10752,10,4174311130
7144,1831901551,2470,1831904021,18,0,1,2560,18,6028279224
7145,1831903496,244868,1832148364,6,0,0,9216,6,7404373296
7146,1831922540,287861,1832210401,36,0,0,512,36,7123412357
7147,1831947205,15678,1831962883,2,0,1,512,2,4250963698
7148,1831951827,25557,1831977384,28,0,1,16384,28,6073497146
7149,1831954761,22646,1831977407,17,0,1,3072,17,2851813693
7150,1831970875,239355,1832210230,34,0,0,84480,34,6120061940
7151,1831972802,195749,1832168551,38,0,0,1024,38,8955150744
7152,1831985783,80987,1832066770,22,0,0,9728,22,1021624667
7153,1831988518,9965,1831998483,9,0,1,4096,9,5048395632
7154,1831988529,13180,1832001709,5,0,1,5120,5,9349369275
7155,1832007385,1526,1832008911,9,0,1,1024,9,4481161512
7156,1832012182,98286,1832110468,38,0,0,1536,38,9028671692
7157,1832014667,153557,1832168224,13,0,0,18944,13,3669822339
7158,1832058209,8576,1832066785,21,0,1,6144,21,6190115789
7159,1832078814,283468,1832362282,22,0,0,132608,22,7150987272
7160,1832088859,128709,1832217568,34,0,0,12288,34,7900581546
7161,1832119542,1518,1832121060,28,0,1,1536,28,2920983506
7162,1832126526,46262,1832172788,8,0,0,512,8,8583646162
7163,1832150541,6754,1832157295,33,0,1,7168,33,6291942354
7164,1832156887,255210,1832412097,25,0,0,33280,25,5495002031
7165,1832160971,158459,1832319430,35,0,0,43008,35,3567926056
7166,1832168183,5686,1832173869,4,0,1,5632,4,7269544176
7167,1832168567,9168,1832177735,22,0,1,6144,22,6080749356
7168,1832207987,64895,1832272882,14,0,0,512,14,2106551394
7169,1832222286,162862,1832385148,31,0,0,30720,31,7709754931
7170,1832227163,248309,1832475472,4,0,0,24064,4,8172556374
7171,1832264346,14117,1832278463,18,0,1,24064,18,4225564299
7172,1832269642,12687,1832282329,12,0,1,6144,12,6979663862
7173,1832291373,229559,1832520932,19,0,0,4608,19,1673638128
7174,1832295317,133343,1832428660,27,0,0,31744,27,708858188
7175,1832303035,1994,1832305029,37,0,1,2048,37,1907828768
7176,1832314488,198832,1832513320,4,0,0,30720,4,5992675870
7177,1832321867,130025,1832451892,2,0,0,512,2,7865987508
7178,1832325450,210483,1832535933,39,0,0,30208,39,5667185267
7179,1832334640,29219,1832363859,26,0,1,1536,26,2985733217
7180,1832352746,13191,1832365937,0,0,1,9216,0,3813012102
7181,1832373118,566,1832373684,4,0,1,512,4,4276971512
7182,1832383278,92521,1832475799,38,0,0,1024,38,2210556974
7183,1832389055,3128,1832392183,28,0,1,9216,28,5992911369
7184,1832391892,239043,1832630935,1,0,0,19968,1,6530138849
7185,1832428699,220449,1832649148,23,0,0,25600,23,2618425419
7186,1832454313,82103,1832536416,26,0,0,1536,26,9050652505
7187,1832481333,143503,1832624836,3,0,0,81920,3,1877128454
7188,1832514782,3128,1832517910,8,0,1,9216,8,2474116702
7189,1832515166,139940,1832655106,30,0,0,19456,30,4503113756
7190,1832534454,96824,1832631278,14,0,0,1024,14,10608000270
7191,1832538476,1994,1832540470,26,0,1,2048,26,8820586379
7192,1832583958,1042,1832585000,23,0,1,1024,23,2330393755
7193,1832593754,85042,1832678796,22,0,0,10752,22,4616049788
7194,1832595495,45437,1832640932,5,0,1,78336,5,7348651543
7195,1832605598,43565,1832649163,35,0,1,11776,35,6831081439
7196,1832621859,170768,1832792627,33,0,0,28160,33,2278167368
7197,1832631468,96793,1832728261,29,0,0,512,29,3718932783
7198,1832654684,44318,1832699002,29,0,0,512,29,4388030878
7199,1832674410,106470,1832780880,19,0,0,16384,19,8560368879
7200,1832679830,3645,1832683475,17,0,1,10240,17,2823414060
7201,1832680984,273671,1832954655,2,0,0,1024,2,202094414
7202,1832692494,302718,1832995212,30,0,0,64512,30,7811584285
7203,1832699484,196191,1832895675,34,0,0,5632,34,8149597672
7204,1832733041,221287,1832954328,39,0,0,91648,39,10076964332
7205,1832759764,201169,1832960933,23,0,0,18432,23,1026787064
7206,1832770011,185283,1832955294,33,0,0,2048,33,345644458
7207,1832782938,123008,1832905946,37,0,0,512,37,3285721678
7208,1832786663,6998,1832793661,39,0,1,1024,39,4430052762
7209,1832797576,82632,1832880208,27,0,0,5632,27,5780408254
7210,1832810435,4374,1832814809,10,0,1,4608,10,4241729340
7211,1832817848,81586,1832899434,17,0,0,12288,17,7028428710
7212,1832888549,5326,1832893875,28,0,1,5632,28,858024861
7213,1832920876,1042,1832921918,6,0,1,1024,6,10024762252
7214,1832939678,76995,1833016673,13,0,0,4096,13,577231893
7215,1832956727,150841,1833107568,1,0,0,32768,1,3003801866
7216,1832968238,566,1832968804,9,0,1,512,9,6800147839
7217,1832970061,1994,1832972055,1,0,1,2048,1,7365784113
7218,1832970773,1628,1832972401,21,0,1,512,21,4915214854
7219,1832973222,154641,1833127863,1,0,0,66560,1,9238239741
7220,1832978465,190876,1833169341,1,0,0,5632,1,604697502
7221,1832980080,15732,1832995812,15,0,1,512,15,9194717152
7222,1832984587,226637,1833211224,17,0,0,12800,17,9877302772
7223,1833005019,162591,1833167610,9,0,0,87552,9,3551491418
7224,1833009200,260380,1833269580,30,0,0,43008,30,547675129
7225,1833012944,6754,1833019698,32,0,1,7168,32,4446776927
7226,1833021491,1042,1833022533,26,0,1,1024,26,4398057457
7227,1833024234,159366,1833183600,13,0,0,10240,13,6176854027
7228,1833025730,4374,1833030104,0,0,1,4608,0,2357904922
7229,1833042771,168624,1833211395,10,0,0,512,10,2164460072
7230,1833084048,1042,1833085090,6,0,1,1024,6,8738589446
7231,1833117669,157698,1833275367,33,0,0,18944,33,5998998058
7232,1833119190,165864,1833285054,23,0,0,31744,23,1128075835
7233,1833120006,180195,1833300201,3,0,0,49664,3,6915780995
7234,1833129829,3645,1833133474,23,0,1,10240,23,8957021587
7235,1833187467,246566,1833434033,23,0,0,4096,23,2983641600
7236,1833205167,197984,1833403151,25,0,0,9728,25,5660002832
7237,1833211580,101269,1833312849,1,0,0,7168,1,6763555485
7238,1833214316,1518,1833215834,24,0,1,1536,24,7810530553
7239,1833268264,164112,1833432376,17,0,0,3584,17,9279938982
7240,1833275959,155310,1833431269,21,0,0,38400,21,8005567532
7241,1833305375,138030,1833443405,24,0,0,4608,24,6648922874
7242,1833306897,2470,1833309367,22,0,1,2560,22,166269362
7243,1833307943,111603,1833419546,30,0,0,53760,30,10325900156
7244,1833312819,5824,1833318643,14,0,1,6144,14,1243909970
7245,1833314189,224261,1833538450,17,0,0,44544,17,3085276215
7246,1833388561,121137,1833509698,15,0,0,17408,15,3377346320
7247,1833402116,72039,1833474155,28,0,0,3584,28,10517862909
7248,1833413627,20421,1833434048,6,0,1,512,6,9162159284
7249,1833415426,20537,1833435963,11,0,1,3584,11,3194011566
7250,1833475567,4162,1833479729,9,0,1,11264,9,6040971842
7251,1833475891,158322,1833634213,1,0,0,84480,1,6322201342
7252,1833477423,9356,1833486779,29,0,1,8192,29,7781073447
7253,1833485176,271308,1833756484,21,0,0,16384,21,9632804626
7254,1833520544,305734,1833826278,13,0,0,2560,13,2345666606
7255,1833551347,50672,1833602019,14,0,0,2560,14,7081955954
7256,1833551498,3898,1833555396,1,0,1,4096,1,10546665288
7257,1833562818,2470,1833565288,12,0,1,2560,12,1850440792
7258,1833566807,115913,1833682720,28,0,0,23552,28,3347746076
7259,1833573094,566,1833573660,17,0,1,512,17,4910710466
7260,1833575338,67592,1833642930,30,0,0,7680,30,1901924740
7261,1833600105,4374,1833604479,33,0,1,4608,33,1847304990
7262,1833635709,7706,1833643415,11,0,1,8192,11,2175937415
7263,1833638353,180545,1833818898,3,0,0,4096,3,7068837264
7264,1833645176,43904,1833689080,37,0,0,512,37,6693831742
7265,1833657663,3422,1833661085,17,0,1,3584,17,1415125766
7266,1833662453,87403,1833749856,33,0,0,21504,33,2308060750
7267,1833676809,94111,1833770920,21,0,0,14848,21,1961882501
7268,1833706185,4374,1833710559,30,0,1,4608,30,6714654807
7269,1833709923,153428,1833863351,21,0,0,1536,21,2414470154
7270,1833729014,27485,1833756499,5,0,1,44032,5,5302088459
7271,1833729288,27226,1833756514,24,0,1,4096,24,4474249866
7272,1833732849,24648,1833757497,31,0,1,15360,31,6171724523
7273,1833742533,15310,1833757843,34,0,1,512,34,9389312686
7274,1833820068,47288,1833867356,37,0,0,1536,37,6321247641
7275,1833833835,4374,1833838209,15,0,1,4608,15,4262680695
7276,1833839229,14287,1833853516,11,0,1,27648,11,9867455612
7277,1833839837,17865,1833857702,35,0,1,6656,35,9730311383
7278,1833847559,58903,1833906462,2,0,0,1024,2,9271129216
7279,1833851582,9026,1833860608,8,0,1,4608,8,2927263206
7280,1833858896,2698,1833861594,29,0,1,1536,29,3205036743
7281,1833885695,50672,1833936367,34,0,0,2560,34,203676374
7282,1833892769,6754,1833899523,23,0,1,7168,23,3693205652
7283,1833926347,1994,1833928341,7,0,1,2048,7,6560753169
7284,1833935762,103921,1834039683,5,0,0,2048,5,4852459718
7285,1833952623,3387,1833956010,11,0,1,9728,11,1872911563
7286,1833952941,7115,1833960056,12,0,1,11776,12,4403101599
7287,1833959235,110921,1834070156,35,0,0,19456,35,10624691830
7288,1833962935,4850,1833967785,29,0,1,5120,29,1497217150
7289,1833969478,80356,1834049834,38,0,0,2048,38,10440862321
7290,1833980029,6229,1833986258,23,0,1,15360,23,2923622912
7291,1833989318,94388,1834083706,29,0,0,3072,29,8980170487
7292,1833990859,132662,1834123521,14,0,0,2048,14,5887817370
7293,1834001214,87896,1834089110,39,0,0,13824,39,9967368001
7294,1834005499,5802,1834011301,34,0,1,6144,34,8975516147
7295,1834017567,66876,1834084443,0,0,0,512,0,7274825337
7296,1834025773,3128,1834028901,10,0,1,9216,10,7301029648
7297,1834052450,81372,1834133822,14,0,0,2048,14,1525333596
7298,1834064377,11500,1834075877,9,0,1,14336,9,1784972814
7299,1834065692,192550,1834258242,9,0,0,53248,9,8278808219
7300,1834073735,277655,1834351390,22,0,0,93696,22,6168727040
7301,1834078569,1042,1834079611,7,0,1,1024,7,7387139502
7302,1834124341,1994,1834126335,6,0,1,2048,6,6094859872
7303,1834137780,6278,1834144058,2,0,1,6656,2,10369965981
7304,1834140170,6474,1834146644,30,0,1,4096,30,4190791607
7305,1834154920,70632,1834225552,34,0,0,6144,34,8028101028
7306,1834158047,3422,1834161469,22,0,1,3584,22,6411941168
7307,1834188225,7230,1834195455,14,0,1,7680,14,6193359532
7308,1834239960,56609,1834296569,10,0,0,1536,10,6710941481
7309,1834243241,58897,1834302138,36,0,0,512,36,5981564499
7310,1834249315,12848,1834262163,2,0,1,10752,2,564469871
7311,1834315187,99788,1834414975,20,0,0,27648,20,8714408698
7312,1834317490,304386,1834621876,31,0,0,143872,31,5211064589
7313,1834329083,142521,1834471604,28,0,0,14336,28,7967594632
7314,1834331303,27810,1834359113,10,0,1,8192,10,8230501383
7315,1834366202,1042,1834367244,35,0,1,1024,35,6655581985
7316,1834372852,267915,1834640767,33,0,0,61952,33,5512755965
7317,1834402877,15579,1834418456,31,0,1,30208,31,9974148641
7318,1834433471,59132,1834492603,9,0,0,5120,9,8839775839
7319,1834454415,221562,1834675977,31,0,0,7168,31,4314480713
7320,1834464348,7271,1834471619,9,0,1,9216,9,7270954168
7321,1834465790,194663,1834660453,10,0,0,512,10,3378038085
7322,1834467948,4229,1834472177,2,0,1,512,2,8885845093
7323,1834487745,55332,1834543077,13,0,0,3584,13,6347930526
7324,1834488602,171680,1834660282,34,0,0,64000,34,6547162712
7325,1834510580,7706,1834518286,32,0,1,8192,32,6088200134
7326,1834511369,7903,1834519272,1,0,1,1536,1,6643473429
7327,1834514496,6722,1834521218,39,0,1,3072,39,5840843188
7328,1834616525,45981,1834662506,2,0,1,2048,2,6927082693
7329,1834624873,39579,1834664452,22,0,1,3072,22,4386865151
7330,1834629632,35486,1834665118,10,0,1,1024,10,9139659729
7331,1834634850,216886,1834851736,39,0,0,166400,39,2618718223
7332,1834673442,186889,1834860331,9,0,0,28160,9,3517760878
7333,1834681553,198773,1834880326,27,0,0,32256,27,7871367181
7334,1834698931,566,1834699497,6,0,1,512,6,10630840597
7335,1834704494,69392,1834773886,38,0,0,512,38,3071780589
7336,1834759981,5326,1834765307,34,0,1,5632,34,5364671681
7337,1834800604,59742,1834860346,38,0,1,4096,38,4010563342
7338,1834807814,144452,1834952266,11,0,0,22016,11,8129130125
7339,1834836980,161678,1834998658,20,0,0,23040,20,7286956959
7340,1834846436,18326,1834864762,1,0,1,4608,1,5212432533
7341,1834872415,151371,1835023786,1,0,0,9728,1,901945766
7342,1834883467,3422,1834886889,9,0,1,3584,9,347718571
7343,1834898365,279487,1835177852,11,0,0,82432,11,4297904685
7344,1834915833,275839,1835191672,24,0,0,35840,24,8927226970
7345,1834916927,566,1834917493,33,0,1,512,33,3833511050
7346,1834919730,260009,1835179739,17,0,0,6144,17,9872331905
7347,1834922857,7230,1834930087,24,0,1,7680,24,10655882655
7348,1834944064,8217,1834952281,24,0,1,1536,24,6707135291
7349,1834967363,56438,1835023801,13,0,1,96256,13,7491382336
7350,1834970816,133485,1835104301,36,0,0,512,36,4575251147
7351,1834970964,64078,1835035042,31,0,1,46080,31,6071523179
7352,1834980632,200089,1835180721,9,0,0,2560,9,3120979480
7353,1834999297,180621,1835179918,0,0,0,512,0,852695815
7354,1835033638,4679,1835038317,35,0,1,12288,35,7490484910
7355,1835051755,4374,1835056129,1,0,1,4608,1,6077538065
7356,1835058475,14117,1835072592,13,0,1,24064,13,5254550279
7357,1835116168,144105,1835260273,22,0,0,11264,22,9575140746
7358,1835118491,115778,1835234269,37,0,0,1536,37,5480960843
7359,1835148464,248423,1835396887,30,0,0,14848,30,440607976
7360,1835159883,31804,1835191687,9,0,1,9216,9,9769032626
7361,1835163643,28059,1835191702,0,0,1,10240,0,4071474199
7362,1835195581,172224,1835367805,9,0,0,11264,9,9840298240
7363,1835201982,7230,1835209212,30,0,1,7680,30,5518717892
7364,1835213072,3645,1835216717,29,0,1,10240,29,3514486467
7365,1835229307,79521,1835308828,19,0,0,7168,19,4920773818
7366,1835242509,566,1835243075,18,0,1,512,18,2199998670
7367,1835261399,80416,1835341815,4,0,0,12288,4,2342365483
7368,1835265139,62682,1835327821,11,0,0,1024,11,6352299690
7369,1835272047,1518,1835273565,12,0,1,1536,12,2100265855
7370,1835274038,12049,1835286087,13,0,1,19968,13,3172380837
7371,1835336930,10757,1835347687,17,0,1,17408,17,7685103143
7372,1835355182,7706,1835362888,24,0,1,8192,24,1561476522
7373,1835378356,4850,1835383206,24,0,1,5120,24,8898332304
7374,1835392107,147061,1835539168,37,0,0,1024,37,5602504969
7375,1835441680,155131,1835596811,25,0,0,22528,25,5707323566
7376,1835453548,133777,1835587325,3,0,0,37888,3,5189003299
7377,1835466679,48951,1835515630,26,0,0,512,26,1905038602
7378,1835478131,3898,1835482029,26,0,1,4096,26,10131964673
7379,1835494961,10241,1835505202,5,0,1,16384,5,9123331621
7380,1835528727,1518,1835530245,12,0,1,1536,12,4133432497
7381,1835546833,166394,1835713227,24,0,0,63488,24,3534488628
7382,1835574219,109620,1835683839,21,0,0,52736,21,4790992053
7383,1835580352,107090,1835687442,21,0,0,11776,21,308159922
7384,1835589755,7079,1835596834,10,0,1,1536,10,955589332
7385,1835590336,157320,1835747656,15,0,0,7168,15,4491174953
7386,1835618804,6754,1835625558,18,0,1,7168,18,8898956823
7387,1835626273,182082,1835808355,3,0,0,117248,3,263493691
7388,1835631111,5326,1835636437,15,0,1,5632,15,2771943684
7389,1835640530,167996,1835808526,14,0,0,512,14,1986176103
7390,1835640897,50072,1835690969,0,0,0,1536,0,5158330346
7391,1835684071,199746,1835883817,31,0,0,25088,31,3818520300
7392,1835700421,175737,1835876158,30,0,0,54272,30,193631080
7393,1835700471,16688,1835717159,33,0,1,4096,33,6992389171
7394,1835706455,125124,1835831579,38,0,0,2560,38,6556150003
7395,1835727078,158158,1835885236,24,0,0,4608,24,3409656199
7396,1835740982,115946,1835856928,31,0,0,5632,31,6175386818
7397,1835741090,155929,1835897019,14,0,0,512,14,6284231947
7398,1835750157,6754,1835756911,4,0,1,7168,4,1742584601
7399,1835760050,175600,1835935650,3,0,1,285184,3,6738573222
7400,1835771945,164691,1835936636,22,0,1,1536,22,4088793506
7401,1835778077,252824,1836030901,15,0,0,17408,15,4542629483
7402,1835792788,145474,1835938262,39,0,1,2560,39,9660979397
7403,1835796683,142565,1835939248,6,0,1,1536,6,2922546009
7404,1835797492,163988,1835961480,31,0,0,13824,31,1234858046
7405,1835799106,143688,1835942794,15,0,1,5632,15,5273334704
7406,1835803137,141603,1835944740,33,0,1,3072,33,3378450351
7407,1835833244,173556,1836006800,14,0,0,5632,14,5116944880
7408,1835854685,91681,1835946366,17,0,1,2560,17,6010369662
7409,1835887801,60831,1835948632,3,0,1,3584,3,4478406020
7410,1835909414,253340,1836162754,2,0,0,1024,2,3534522256
7411,1835942787,201577,1836144364,20,0,0,17408,20,2492994426
7412,1835949363,6278,1835955641,4,0,1,6656,4,3806379950
7413,1835953567,2740,1835956307,26,0,1,1024,26,4620378943
7414,1835997008,3422,1836000430,17,0,1,3584,17,7626944251
7415,1836017032,5196,1836022228,9,0,1,13312,9,188054803
7416,1836020220,80107,1836100327,35,0,0,11264,35,6547390285
7417,1836023407,7509,1836030916,17,0,1,10240,17,2060604714
7418,1836046248,198740,1836244988,39,0,0,14848,39,3631798774
7419,1836077818,67809,1836145627,13,0,0,4096,13,3261239925
7420,1836099030,90853,1836189883,19,0,0,1536,19,4518553898
7421,1836150118,2946,1836153064,24,0,1,3072,24,6614961437
7422,1836189112,7706,1836196818,7,0,1,8192,7,1570604689
7423,1836195926,159450,1836355376,35,0,0,3584,35,3788721016
7424,1836202238,76052,1836278290,22,0,0,10240,22,1477727046
7425,1836230210,14793,1836245003,13,0,1,25088,13,8144815363
7426,1836236097,226186,1836462283,19,0,0,8192,19,6548080666
7427,1836252168,323965,1836576133,11,0,0,82432,11,1029584134
7428,1836308006,141858,1836449864,11,0,0,8192,11,7797296789
7429,1836324206,66979,1836391185,3,0,1,113664,3,2252713756
7430,1836328847,65884,1836394731,35,0,1,5632,35,8777058910
7431,1836334259,62098,1836396357,38,0,1,2560,38,575253060
7432,1836347576,50407,1836397983,9,0,1,2560,9,7649482493
7433,1836347928,203066,1836550994,39,0,0,112128,39,2646016113
7434,1836353849,45440,1836399289,34,0,1,2048,34,6309623616
7435,1836360466,40449,1836400915,8,0,1,2560,8,1677948148
7436,1836398399,2862,1836401261,14,0,1,512,14,983731908
7437,1836427895,155418,1836583313,10,0,0,512,10,1126559368
7438,1836436160,418555,1836854715,30,0,0,115200,30,724027559
7439,1836442609,7270,1836449879,4,0,1,5120,4,853496617
7440,1836450534,282603,1836733137,34,0,0,105472,34,9089165432
7441,1836463246,6278,1836469524,22,0,1,6656,22,3962686865
7442,1836471478,188752,1836660230,11,0,0,7680,11,2335285594
7443,1836509533,5802,1836515335,15,0,1,6144,15,7368637921
7444,1836524376,612875,1837137251,25,0,0,36864,25,5900118708
7445,1836535446,258105,1836793551,39,0,0,75776,39,8081685866
7446,1836562835,13881,1836576716,4,0,1,512,4,6906314706
7447,1836597903,196036,1836793939,36,0,0,1024,36,1788764359
7448,1836629372,125526,1836754898,2,0,0,512,2,2728579247
7449,1836649640,4420,1836654060,22,0,1,11776,22,6445097577
7450,1836661856,1518,1836663374,28,0,1,1536,28,176599047
7451,1836664346,4850,1836669196,14,0,1,5120,14,10207882928
7452,1836690662,102912,1836793574,31,0,1,158720,31,30753230
7453,1836691787,101810,1836793597,22,0,1,8192,22,6084265881
7454,1836710792,302075,1837012867,1,0,0,74240,1,5607367579
7455,1836728872,126014,1836854886,37,0,0,512,37,8381118558
7456,1836737342,56270,1836793612,22,0,1,9216,22,3485508034
7457,1836752548,444795,1837197343,37,0,0,1024,37,5901513438
7458,1836767304,350364,1837117668,22,0,0,56832,22,2964902595
7459,1836785771,21122,1836806893,35,0,1,25088,35,7784506034
7460,1836787625,287265,1837074890,26,0,0,1024,26,5905949302
7461,1836807915,4850,1836812765,26,0,1,5120,26,4526221836
7462,1836813455,373579,1837187034,9,0,0,26624,9,8779456177
7463,1836831322,120030,1836951352,38,0,0,512,38,331936367
7464,1836851867,5031,1836856898,30,0,1,2048,30,5627580842
7465,1836856834,4374,1836861208,34,0,1,4608,34,10237353330
7466,1836877457,427101,1837304558,30,0,0,22016,30,415785170
7467,1836912238,21141,1836933379,3,0,1,34304,3,4739064291
7468,1836927233,6607,1836933840,1,0,1,10240,1,45032909
7469,1836931569,238265,1837169834,28,0,0,512,28,6505005560
7470,1836935899,1042,1836936941,34,0,1,1024,34,2182783247
7471,1836942757,6278,1836949035,2,0,1,6656,2,4852568905
7472,1836944411,6250,1836950661,12,0,1,2560,12,2670513090
7473,1836945006,6641,1836951647,39,0,1,1536,39,5938747339
7474,1836971902,128435,1837100337,25,0,0,18944,25,3288367915
7475,1836992066,26637,1837018703,0,0,1,6144,0,355892878
7476,1837001868,21021,1837022889,2,0,1,6656,2,9414176748
7477,1837010447,279182,1837289629,15,0,0,38400,15,1006654127
7478,1837051246,3898,1837055144,17,0,1,4096,17,2204864265
7479,1837085257,119833,1837205090,28,0,0,7680,28,4254757705
7480,1837090957,106051,1837197008,33,0,0,27648,33,6121042196
7481,1837112158,9876,1837122034,34,0,1,4608,34,1146703159
7482,1837127638,10171,1837137809,38,0,1,512,38,5662465574
7483,1837142337,5326,1837147663,38,0,1,5632,38,9494434357
7484,1837183116,4952,1837188068,7,0,1,1024,7,9411691032
7485,1837191850,158986,1837350836,1,0,0,58880,1,10536139778
7486,1837201596,200869,1837402465,25,0,0,75776,25,5933904673
7487,1837207077,263422,1837470499,17,0,0,66048,17,6072279034
7488,1837207733,1518,1837209251,0,0,1,1536,0,6570961834
7489,1837222366,221146,1837443512,22,0,0,23040,22,7516652149
7490,1837268986,7230,1837276216,1,0,1,7680,1,8013531534
7491,1837290325,1518,1837291843,12,0,1,1536,12,6540363591
7492,1837299387,144429,1837443816,37,0,0,512,37,3883546196
7493,1837299472,6621,1837306093,34,0,1,1536,34,3680545505
7494,1837305519,173731,1837479250,35,0,0,28672,35,10652839383
7495,1837318368,173073,1837491441,4,0,0,39936,4,10354554007
7496,1837321363,3422,1837324785,14,0,1,3584,14,4490556574
7497,1837327343,4420,1837331763,9,0,1,11776,9,9403844169
7498,1837329458,192510,1837521968,29,0,0,1024,29,2085123175
7499,1837336953,82446,1837419399,33,0,0,2048,33,1065630609
7500,1837342167,245713,1837587880,34,0,0,15872,34,4365056912
7501,1837346159,6237,1837352396,14,0,1,1536,14,10505758150
7502,1837376190,206839,1837583029,31,0,0,46080,31,2905462258
7503,1837379472,344220,1837723692,15,0,0,103424,15,1729924119
7504,1837399338,349303,1837748641,19,0,0,46080,19,8100764331
7505,1837402084,433179,1837835263,11,0,0,102400,11,5885614116
7506,1837409312,1042,1837410354,12,0,1,1024,12,9384804037
7507,1837410661,245629,1837656290,1,0,0,42496,1,10115353645
7508,1837418302,25225,1837443527,5,0,1,33280,5,10565405807
7509,1837419349,24201,1837443550,7,0,1,6144,7,6354584950
7510,1837431240,12591,1837443831,39,0,1,1536,39,5957422821
7511,1837432457,191860,1837624317,13,0,0,24064,13,1337690470
7512,1837433873,13131,1837447004,15,0,1,5120,15,4112616404
7513,1837442009,49775,1837491784,2,0,0,1024,2,568526784
7514,1837444121,74783,1837518904,8,0,0,2560,8,5173482947
7515,1837450180,238413,1837688593,31,0,0,15360,31,4067741372
7516,1837464215,53664,1837517879,16,0,1,48128,16,74855341
7517,1837488874,30045,1837518919,9,0,1,512,9,1354675511
7518,1837512533,270926,1837783459,5,0,0,55296,5,2956837140
7519,1837525196,263738,1837788934,27,0,0,17920,27,3657947659
7520,1837534576,324479,1837859055,25,0,0,24064,25,605330882
7521,1837535024,2870,1837537894,35,0,1,8704,35,6000602128
7522,1837536871,104190,1837641061,36,0,0,512,36,4093986240
7523,1837551979,247386,1837799365,8,0,0,512,8,6876953411
7524,1837562630,289063,1837851693,33,0,0,13824,33,1616952153
7525,1837585510,250088,1837835598,38,0,0,1024,38,6839619882
7526,1837605589,18743,1837624332,38,0,1,19456,38,7987974565
7527,1837607484,324199,1837931683,30,0,0,40448,30,9242412848
7528,1837610680,381617,1837992297,21,0,0,44544,21,236662307
7529,1837613232,11123,1837624355,28,0,1,4608,28,6206247756
7530,1837615138,340778,1837955916,35,0,0,4096,35,4612590031
7531,1837619726,8502,1837628228,7,0,1,10752,7,3235410602
7532,1837625794,12354,1837638148,7,0,1,16896,7,4378421022
7533,1837638150,316495,1837954645,6,0,0,74752,6,1343397516
7534,1837640565,277100,1837917665,38,0,0,512,38,7757203585
7535,1837708121,223733,1837931854,14,0,0,512,14,7966051139
7536,1837723675,2028,1837725703,34,0,1,2048,34,6233250944
7537,1837733406,15250,1837748656,4,0,1,2048,4,6438834881
7538,1837788837,167414,1837956251,8,0,0,1024,8,3986573022
7539,1837807322,44386,1837851708,19,0,1,27648,19,5480182032
7540,1837824544,238185,1838062729,6,0,0,18944,6,5246363689
7541,1837834778,255881,1838090659,4,0,0,43520,4,770798147
7542,1837866056,2870,1837868926,1,0,1,8704,1,8635324847
7543,1837866209,3114,1837869323,1,0,1,512,1,8808406142
7544,1837875599,94064,1837969663,10,0,0,1536,10,3634127767
7545,1837886124,3904,1837890028,17,0,1,10752,17,7928758238
7546,1837894957,157076,1838052033,3,0,0,7680,3,3201608395
7547,1837896039,3422,1837899461,22,0,1,3584,22,9205080871
7548,1837896254,243779,1838140033,0,0,0,1024,0,6374793695
7549,1837908607,104094,1838012701,10,0,0,512,10,9818868297
7550,1837916420,333972,1838250392,29,0,0,512,29,1079672236
7551,1837926693,90433,1838017126,3,0,1,98304,3,2658368846
7552,1837933710,233089,1838166799,0,0,0,2048,0,7449171439
7553,1837949530,70182,1838019712,6,0,1,4096,6,2209152779
7554,1837952138,89079,1838041217,16,0,1,70144,16,1809198893
7555,1837957551,114144,1838071695,0,0,0,512,0,6546165707
7556,1837959340,303052,1838262392,35,0,0,4608,35,4574269220
7557,1837959638,83845,1838043483,30,0,1,3584,30,8932932545
7558,1837967763,345846,1838313609,4,0,0,50176,4,5524168800
7559,1837968018,76771,1838044789,35,0,1,2048,35,260282268
7560,1837980189,306221,1838286410,34,0,0,39424,34,4114102956
7561,1837984676,329120,1838313796,36,0,0,512,36,2539080223
7562,1837992285,225398,1838217683,17,0,0,65536,17,8394063536
7563,1838008535,189134,1838197669,3,0,0,29184,3,2938251537
7564,1838013072,125492,1838138564,13,0,1,204288,13,9679152647
7565,1838025165,119096,1838144261,31,0,1,27136,31,10215973854
7566,1838051089,93838,1838144927,22,0,1,1024,22,4503695493
7567,1838059379,87814,1838147193,12,0,1,3584,12,6474300958
7568,1838134337,14802,1838149139,38,0,1,3072,38,2976381824
7569,1838152478,4374,1838156852,0,0,1,4608,0,3645761790
7570,1838164779,566,1838165345,22,0,1,512,22,9543770910
7571,1838171009,457618,1838628627,20,0,0,85504,20,2401303645
7572,1838176392,110345,1838286737,0,0,0,1024,0,568348671
7573,1838178028,2470,1838180498,8,0,1,2560,8,3538894123
7574,1838182845,2870,1838185715,1,0,1,8704,1,7676735556
7575,1838184905,312420,1838497325,3,0,0,87552,3,7841353630
7576,1838187910,9790,1838197700,14,0,1,6144,14,5128147488
7577,1838188029,30179,1838218208,15,0,1,512,15,7544916704
7578,1838189676,408890,1838598566,39,0,0,76288,39,10308036030
7579,1838199779,192765,1838392544,38,0,0,1024,38,5222879915
7580,1838235932,262188,1838498120,29,0,0,2560,29,1128747836
7581,1838244522,226112,1838470634,9,0,0,49152,9,2376014661
7582,1838266447,248936,1838515383,26,0,0,1024,26,8028218179
7583,1838274209,363177,1838637386,23,0,0,28672,23,5063623485
7584,1838302533,11788,1838314321,17,0,1,512,17,7184693164
7585,1838306712,8275,1838314987,10,0,1,1024,10,663441839
7586,1838315455,12308,1838327763,16,0,1,20480,16,9671721415
7587,1838332053,6278,1838338331,24,0,1,6656,24,5558409438
7588,1838345371,1518,1838346889,17,0,1,1536,17,9268092429
7589,1838350076,455920,1838805996,31,0,0,109568,31,7119459952
7590,1838372476,52033,1838424509,13,0,1,84480,13,4157251972
7591,1838382979,46356,1838429335,34,0,1,7680,34,10217681148
7592,1838422078,8883,1838430961,8,0,1,2560,8,4560773103
7593,1838422673,8634,1838431307,21,0,1,512,21,6167502930
7594,1838425612,6361,1838431973,21,0,1,1024,21,7060396761
7595,1838437201,233414,1838670615,25,0,0,1024,25,4720727014
7596,1838445996,1994,1838447990,21,0,1,2048,21,4657031236
7597,1838447847,2946,1838450793,4,0,1,3072,4,6930291027
7598,1838487648,329315,1838816963,19,0,0,35840,19,4362443651
7599,1838499391,5326,1838504717,33,0,1,5632,33,9432050015
7600,1838501364,3699,1838505063,29,0,1,512,29,5734313987
7601,1838555559,391758,1838947317,24,0,0,51712,24,7018077732
7602,1838560308,212289,1838772597,5,0,0,59904,5,5171215971
7603,1838570956,27633,1838598589,39,0,1,17408,39,6360683660
7604,1838579906,289981,1838869887,35,0,0,55808,35,9692696394
7605,1838585439,15163,1838600602,24,0,1,2048,24,5053707669
7606,1838588276,13312,1838601588,4,0,1,1536,4,2012801057
7607,1838604374,36994,1838641368,21,0,1,4096,21,6408687247
7608,1838614032,219998,1838834030,17,0,0,12800,17,8705785066
7609,1838615417,26297,1838641714,39,0,1,512,39,3525418747
7610,1838620533,22270,1838642803,16,0,1,10752,16,6615689382
7611,1838622819,20330,1838643149,14,0,1,512,14,4996702562
7612,1838625096,375083,1839000179,21,0,0,36864,21,1170844519
7613,1838629169,16584,1838645753,7,0,1,3584,7,913669212
7614,1838641349,32638,1838673987,13,0,1,49152,13,3515129099
7615,1838653354,527208,1839180562,22,0,0,123392,22,9936051195
7616,1838677532,377259,1839054791,21,0,0,54784,21,2987593533
7617,1838684610,2470,1838687080,2,0,1,2560,2,9468466741
7618,1838700549,172955,1838873504,27,0,0,6656,27,4029593397
7619,1838708518,566,1838709084,2,0,1,512,2,5416362213
7620,1838713017,467724,1839180741,38,0,0,512,38,6027193171
7621,1838714019,7706,1838721725,15,0,1,8192,15,9917199262
7622,1838720975,350367,1839071342,13,0,0,54272,13,7761681572
7623,1838732341,1994,1838734335,19,0,1,2048,19,5112112410
7624,1838735186,566,1838735752,39,0,1,512,39,8004639930
7625,1838744632,239228,1838983860,31,0,0,8192,31,6835403058
7626,1838759490,141132,1838900622,13,0,1,136192,13,4993803343
7627,1838765700,455936,1839221636,13,0,0,134144,13,3198003901
7628,1838767548,595489,1839363037,23,0,0,53248,23,6329939297
7629,1838795565,107963,1838903528,18,0,1,4608,18,7793439916
7630,1838854262,51532,1838905794,14,0,1,3584,14,6258602176
7631,1838869754,37346,1838907100,24,0,1,2048,24,6599347688
7632,1838918207,4937,1838923144,31,0,1,12800,31,7423114441
7633,1838927541,215410,1839142951,15,0,0,70144,15,6739143551
7634,1838952207,566,1838952773,21,0,1,512,21,1348724428
7635,1838962457,2470,1838964927,17,0,1,2560,17,7028044193
7636,1838967322,341310,1839308632,5,0,0,71168,5,6821733831
7637,1838975654,5326,1838980980,28,0,1,5632,28,3154824167
7638,1838990585,356213,1839346798,3,0,0,65024,3,6902618995
7639,1839003857,275958,1839279815,1,0,0,39936,1,1883116868
7640,1839012176,212010,1839224186,23,0,0,8192,23,9155412582
7641,1839026974,437091,1839464065,27,0,0,29184,27,5181218485
7642,1839053267,326666,1839379933,4,0,0,48128,4,8981342099
7643,1839073917,421510,1839495427,9,0,0,37888,9,3906899112
7644,1839114605,1994,1839116599,22,0,1,2048,22,10215773025
7645,1839117768,103883,1839221651,16,0,1,99840,16,1884302811
7646,1839155273,68936,1839224209,29,0,1,2560,29,3982106519
7647,1839163738,61328,1839225066,12,0,1,1536,12,229344568
7648,1839184997,270146,1839455143,5,0,0,30208,5,4564535315
7649,1839196573,29479,1839226052,30,0,1,1536,30,6437760769
7650,1839225416,21141,1839246557,5,0,1,34304,5,1200646033
7651,1839236121,230299,1839466420,15,0,0,7680,15,1646066479
7652,1839238148,261194,1839499342,27,0,0,12800,27,272274922
7653,1839280142,4420,1839284562,39,0,1,11776,39,7450221661
7654,1839285725,223946,1839509671,4,0,0,29184,4,10144683472
7655,1839294639,318192,1839612831,17,0,0,46592,17,1377970577
7656,1839295684,17385,1839313069,12,0,1,11776,12,9724672582
7657,1839311768,363577,1839675345,20,0,0,61440,20,5450638430
7658,1839369944,145223,1839515167,13,0,0,8192,13,7230598415
7659,1839392645,325269,1839717914,28,0,0,100352,28,10263261466
7660,1839401655,383752,1839785407,4,0,0,34304,4,9567870516
7661,1839402421,2470,1839404891,2,0,1,2560,2,6050530647
7662,1839431011,3645,1839434656,39,0,1,10240,39,7640826992
7663,1839434099,21059,1839455158,19,0,1,19968,19,2912787106
7664,1839440620,377954,1839818574,14,0,0,1536,14,4010654799
7665,1839444835,402547,1839847382,11,0,0,85504,11,7501046599
7666,1839530806,2470,1839533276,32,0,1,2560,32,5569499264
7667,1839531476,3426,1839534902,16,0,1,2560,16,1903301884
7668,1839541572,276519,1839818091,6,0,0,65024,6,10173607151
7669,1839569568,173174,1839742742,3,0,0,25600,3,5253134602
7670,1839580843,281664,1839862507,39,0,0,17920,39,79473205
7671,1839588136,261638,1839849774,29,0,0,512,29,3726788989
7672,1839590379,177213,1839767592,1,0,0,6144,1,7879858328
7673,1839609012,16806,1839625818,3,0,1,25088,3,5794911345
7674,1839613151,182768,1839795919,14,0,0,1024,14,8953066629
7675,1839633833,311863,1839945696,14,0,0,512,14,2620729701
7676,1839638768,1994,1839640762,38,0,1,2048,38,5565090638
7677,1839665715,16869,1839682584,12,0,1,7680,12,1754956975
7678,1839666960,331043,1839998003,34,0,0,62464,34,157676207
7679,1839693666,269443,1839963109,36,0,0,1024,36,6059140431
7680,1839705932,12565,1839718497,30,0,1,512,30,10117482851
7681,1839723048,215921,1839938969,22,0,0,26112,22,2869294509
7682,1839729583,288220,1840017803,31,0,0,26624,31,5488844721
7683,1839730114,117439,1839847553,24,0,0,512,24,6117607385
7684,1839739099,138388,1839877487,19,0,1,222208,19,193507001
7685,1839747994,135292,1839883286,32,0,1,19456,32,5018115903
7686,1839758780,325832,1840084612,4,0,0,12288,4,8000532439
7687,1839800076,84798,1839884874,3,0,1,15872,3,7082202483
7688,1839815997,188204,1840004201,38,0,0,1024,38,8688727460
7689,1839835698,276273,1840111971,14,0,0,1024,14,2370949212
7690,1839852298,33562,1839885860,10,0,1,1536,10,4600909224
7691,1839860405,165559,1840025964,30,0,0,4608,30,27965947
7692,1839871666,297621,1840169287,23,0,0,107520,23,401009684
7693,1839880589,6897,1839887486,12,0,1,2560,12,9173830059
7694,1839884102,4162,1839888264,8,0,1,11264,8,5182306227
7695,1839892395,13341,1839905736,17,0,1,22528,17,10116198201
7696,1839914506,264476,1840178982,15,0,0,31744,15,4308283015
7697,1839920995,156101,1840077096,2,0,0,1024,2,2569441312
7698,1839979610,146840,1840126450,23,0,0,17408,23,1514188532
7699,1840018430,276442,1840294872,29,0,0,1536,29,2875750493
7700,1840024145,374804,1840398949,3,0,0,30208,3,3967356563
7701,1840060748,5971,1840066719,8,0,1,14848,8,1431727503
7702,1840067211,321711,1840388922,21,0,0,49664,21,253581917
7703,1840077218,244378,1840321596,25,0,0,46592,25,3794940833
7704,1840084349,5192,1840089541,12,0,1,12800,12,6218104578
7705,1840086000,93153,1840179153,37,0,0,512,37,6757593097
7706,1840110769,6229,1840116998,31,0,1,15360,31,3160770947
7707,1840114531,3133,1840117664,0,0,1,1024,0,2216078043
7708,1840164499,16131,1840180630,34,0,1,1536,34,6368311046
7709,1840172446,10037,1840182483,10,0,1,8704,10,7707075904
7710,1840182672,3645,1840186317,29,0,1,10240,29,10179538844
7711,1840197573,86471,1840284044,24,0,0,7680,24,4760843216
7712,1840206191,5802,1840211993,17,0,1,6144,17,1953296246
7713,1840214068,3422,1840217490,7,0,1,3584,7,3440664860
7714,1840223157,43904,1840267061,29,0,0,512,29,9034575933
7715,1840232333,3898,1840236231,28,0,1,4096,28,5140696230
7716,1840240591,182430,1840423021,22,0,0,32768,22,3191158030
7717,1840254794,378265,1840633059,1,0,0,41984,1,10183810026
7718,1840264103,84216,1840348319,5,0,1,137216,5,9830248075
7719,1840295288,103988,1840399276,29,0,0,1024,29,1783565975
7720,1840302704,46793,1840349497,24,0,1,13824,24,9940768189
7721,1840311558,38605,1840350163,7,0,1,11264,7,9487491198
7722,1840337311,174276,1840511587,34,0,0,45056,34,4988311391
7723,1840349154,307343,1840656497,27,0,0,45056,27,798579800
7724,1840352836,1994,1840354830,14,0,1,2048,14,2892958111
7725,1840363393,133879,1840497272,10,0,0,512,10,6057690439
7726,1840370966,17987,1840388953,31,0,1,28160,31,9207979444
7727,1840380083,19208,1840399291,13,0,1,12288,13,9623082018
7728,1840382846,151824,1840534670,2,0,0,2560,2,2138407866
7729,1840401230,170487,1840571717,14,0,0,1024,14,10125293088
7730,1840411115,11929,1840423044,31,0,1,7168,31,1288058905
7731,1840416370,197260,1840613630,20,0,0,14336,20,8962026066
7732,1840425788,191362,1840617150,4,0,0,512,4,7996232761
7733,1840446151,5326,1840451477,34,0,1,5632,34,4121636673
7734,1840446666,9317,1840455983,2,0,1,7168,2,8451692765
7735,1840450113,224178,1840674291,15,0,0,56320,15,1718197162
7736,1840457603,4374,1840461977,39,0,1,4608,39,10021597698
7737,1840460259,3128,1840463387,21,0,1,9216,21,7347997245
7738,1840489070,53017,1840542087,10,0,0,512,10,8835829725
7739,1840494036,17566,1840511602,17,0,1,16896,17,5414950906
7740,1840512028,239527,1840751555,5,0,0,11776,5,705512941
7741,1840524021,2946,1840526967,0,0,1,3072,0,5994539671
7742,1840527807,270375,1840798182,14,0,0,1536,14,6281971561
7743,1840527873,106449,1840634322,26,0,0,4096,26,3773082986
7744,1840544597,1994,1840546591,31,0,1,2048,31,4895388193
7745,1840561944,1994,1840563938,17,0,1,2048,17,4748480389
7746,1840591196,2470,1840593666,14,0,1,2560,14,4250782991
7747,1840602242,223324,1840825566,9,0,0,10752,9,4862585198
7748,1840622713,12167,1840634880,12,0,1,512,12,7628135815
7749,1840642065,179041,1840821106,29,0,0,512,29,3282035087
7750,1840647207,9865,1840657072,26,0,1,512,26,8081423614
7751,1840647269,173495,1840820764,39,0,0,72192,39,5096521015
7752,1840657558,324128,1840981686,35,0,0,8704,35,7311658192
7753,1840663239,13539,1840676778,34,0,1,2560,34,3336735081
7754,1840686841,134094,1840820935,8,0,0,512,8,1477391445
7755,1840687459,171915,1840859374,4,0,0,11264,4,3292528708
7756,1840697705,3645,1840701350,34,0,1,10240,34,2386958075
7757,1840699470,195232,1840894702,31,0,0,11264,31,10579162437
7758,1840721093,257918,1840979011,31,0,0,74240,31,8151371428
7759,1840721947,283840,1841005787,17,0,0,24576,17,7572974349
7760,1840745884,331696,1841077580,19,0,0,71680,19,4231964774
7761,1840747851,22433,1840770284,31,0,1,36864,31,5932779776
7762,1840772030,183687,1840955717,14,0,0,1536,14,9093921886
7763,1840773214,16096,1840789310,19,0,1,31232,19,7236028877
7764,1840789320,153927,1840943247,37,0,0,512,37,10262625529
7765,1840811430,330519,1841141949,17,0,0,29696,17,10025821191
7766,1840832627,195228,1841027855,25,0,0,24064,25,10483537088
7767,1840844458,236740,1841081198,39,0,0,11776,39,876877577
7768,1840867258,566,1840867824,26,0,1,512,26,3653642762
7769,1840874110,6278,1840880388,15,0,1,6656,15,1537629142
7770,1840880995,2470,1840883465,24,0,1,2560,24,7020340861
7771,1840921387,2470,1840923857,8,0,1,2560,8,4159076280
7772,1840926165,83807,1841009972,38,0,0,1024,38,8235414891
7773,1840957278,192998,1841150276,0,0,0,512,0,7762664875
7774,1840988102,225498,1841213600,30,0,0,36864,30,753572568
7775,1841006519,5196,1841011715,28,0,1,13312,28,575185912
7776,1841012619,1042,1841013661,22,0,1,1024,22,2798332947
7777,1841026312,269066,1841295378,17,0,0,76288,17,429204370
7778,1841054724,22871,1841077595,17,0,1,5120,17,10660170820
7779,1841084896,4162,1841089058,35,0,1,11264,35,8234864734
7780,1841118228,96175,1841214403,29,0,0,2560,29,9995719327
7781,1841120061,55601,1841175662,14,0,0,2048,14,3215335326
7782,1841125212,566,1841125778,11,0,1,512,11,536608186
7783,1841126957,3898,1841130855,23,0,1,4096,23,2952222855
7784,1841139547,4388,1841143935,38,0,1,2048,38,5233837343
7785,1841179782,129769,1841309551,15,0,0,11264,15,5853759050
7786,1841190574,1994,1841192568,24,0,1,2048,24,1427873272
7787,1841191726,1188,1841192914,33,0,1,512,33,5242433286
7788,1841202337,12081,1841214418,0,0,1,512,0,775751329
7789,1841247375,3422,1841250797,0,0,1,3584,0,10705053345
7790,1841254606,68463,1841323069,9,0,0,4096,9,9930310538
7791,1841260736,106399,1841367135,17,0,0,45056,17,6074497772
7792,1841262684,4374,1841267058,26,0,1,4608,26,7920360151
7793,1841265553,101753,1841367306,14,0,0,512,14,4894460982
7794,1841284370,13946,1841298316,15,0,1,3072,15,4652394723
7795,1841296609,2373,1841298982,4,0,1,1024,4,4633552146
7796,1841321129,566,1841321695,24,0,1,512,24,4972126064
7797,1841345336,1042,1841346378,38,0,1,1024,38,5506014919
7798,1841362633,15681,1841378314,7,0,1,17920,7,7101715888
7799,1841397766,212818,1841610584,37,0,0,1024,37,7639944625
7800,1841401728,1042,1841402770,38,0,1,1024,38,6661858849
7801,1841434467,154151,1841588618,20,0,0,40960,20,9779494312
7802,1841454015,43904,1841497919,0,0,0,512,0,356810326
7803,1841460660,2946,1841463606,10,0,1,3072,10,6635138719
7804,1841466496,1042,1841467538,38,0,1,1024,38,9751240604
7805,1841469541,4850,1841474391,9,0,1,5120,9,2628309421
7806,1841469601,6096,1841475697,30,0,1,2048,30,6144287584
7807,1841476178,112923,1841589101,38,0,0,1536,38,6697113358
7808,1841486776,214186,1841700962,22,0,0,104960,22,4803918765
7809,1841487821,35594,1841523415,17,0,0,4608,17,10411772252
7810,1841515520,189669,1841705189,21,0,0,13824,21,1924352082
7811,1841522048,3353,1841525401,8,0,1,2048,8,4565710162
7812,1841553436,5326,1841558762,10,0,1,5632,10,3590436914
7813,1841564223,1518,1841565741,34,0,1,1536,34,10244092092
7814,1841598157,4374,1841602531,0,0,1,4608,0,9586788893
7815,1841619316,2470,1841621786,4,0,1,2560,4,1364041718
7816,1841627504,1518,1841629022,12,0,1,1536,12,6141773811
7817,1841641011,64661,1841705672,0,0,0,1536,0,4745893777
7818,1841656644,198568,1841855212,17,0,0,43008,17,4936384245
7819,1841661028,122800,1841783828,8,0,0,512,8,8055665287
7820,1841661901,109753,1841771654,19,0,0,32256,19,10680877678
7821,1841697168,57476,1841754644,26,0,0,2048,26,2307990258
7822,1841706852,69632,1841776484,27,0,0,6656,27,5161639759
7823,1841739999,93486,1841833485,31,0,0,14336,31,5070143540
7824,1841749939,111723,1841861662,28,0,0,20992,28,8610526624
7825,1841754463,3560,1841758023,2,0,1,9728,2,7902607359
7826,1841757913,3422,1841761335,24,0,1,3584,24,1195848032
7827,1841783821,566,1841784387,17,0,1,512,17,6310750267
7828,1841793397,2470,1841795867,10,0,1,2560,10,4784883739
7829,1841805173,122941,1841928114,28,0,0,27136,28,8070285220
7830,1841807738,2470,1841810208,4,0,1,2560,4,8023852885
7831,1841841192,14035,1841855227,17,0,1,2048,17,8890160744
7832,1841844077,41269,1841885346,16,0,1,39424,16,489661613
7833,1841844104,326217,1842170321,19,0,0,20480,19,7775778692
7834,1841845390,82739,1841928129,19,0,1,80384,19,2709511018
7835,1841882409,45735,1841928144,24,0,1,5632,24,5395677997
7836,1841884899,43260,1841928159,32,0,1,4096,32,6044421914
7837,1841897695,198622,1842096317,20,0,0,41984,20,898357340
7838,1841917873,245975,1842163848,17,0,0,38912,17,1952498869
7839,1841933101,122772,1842055873,39,0,0,18432,39,8887626047
7840,1841954367,13083,1841967450,19,0,1,22016,19,36669649
7841,1841967101,5454,1841972555,7,0,1,13824,7,10481917530
7842,1841986082,1994,1841988076,24,0,1,2048,24,7271345614
7843,1841988561,83698,1842072259,14,0,0,512,14,2024315479
7844,1842028358,1042,1842029400,24,0,1,1024,24,4316194926
7845,1842029532,36863,1842066395,3,0,1,65024,3,2632654794
7846,1842033008,118969,1842151977,15,0,0,10240,15,2766933120
7847,1842073842,183239,1842257081,38,0,0,512,38,3358963898
7848,1842082011,280822,1842362833,14,0,0,512,14,9461423863
7849,1842102226,3128,1842105354,23,0,1,9216,23,1915464313
7850,1842132616,202590,1842335206,22,0,0,78336,22,8555230577
7851,1842146218,17645,1842163863,28,0,1,9216,28,6623270887
7852,1842157959,291073,1842449032,24,0,0,6656,24,5886358211
7853,1842160932,9404,1842170336,26,0,1,9728,26,9752018206
7854,1842180705,80395,1842261100,37,0,0,512,37,5123310198
7855,1842235227,159421,1842394648,2,0,0,512,2,8985583228
7856,1842242087,204872,1842446959,24,0,0,48640,24,8298763448
7857,1842251682,3898,1842255580,8,0,1,4096,8,9408654449
7858,1842252520,14059,1842266579,26,0,1,23040,26,10650768592
7859,1842287080,263988,1842551068,25,0,0,59392,25,8646070675
7860,1842292679,184990,1842477669,39,0,0,36864,39,6612046635
7861,1842300734,5326,1842306060,35,0,1,5632,35,5450714857
7862,1842335136,3008,1842338144,11,0,1,3072,11,3300152313
7863,1842347581,14029,1842361610,31,0,1,27136,31,5720846384
7864,1842351916,95058,1842446974,13,0,1,128512,13,6005627856
7865,1842363003,347671,1842710674,31,0,0,22528,31,9686536057
7866,1842403139,43850,1842446989,7,0,1,6656,7,746323528
7867,1842415970,258285,1842674255,31,0,0,20480,31,5908492349
7868,1842426733,422149,1842848882,31,0,0,185344,31,1969200556
7869,1842428609,158357,1842586966,3,0,0,9728,3,6487146731
7870,1842449962,234244,1842684206,8,0,0,1024,8,10182006456
7871,1842464945,13858,1842478803,6,0,1,23552,6,6576789464
7872,1842473315,6474,1842479789,9,0,1,1536,9,7653026758
7873,1842473540,194460,1842668000,34,0,0,24576,34,8057950332
7874,1842476690,129297,1842605987,11,0,0,25600,11,6130029122
7875,1842491394,374951,1842866345,17,0,0,22016,17,222263885
7876,1842515340,344267,1842859607,39,0,0,20480,39,5887160751
7877,1842519429,3898,1842523327,7,0,1,4096,7,9505650529
7878,1842523774,325279,1842849053,2,0,0,512,2,10296406699
7879,1842525909,103691,1842629600,19,0,1,168448,19,8617612796
7880,1842545540,84419,1842629959,33,0,1,9728,33,6832498037
7881,1842579264,274072,1842853336,35,0,0,13824,35,3292629475
7882,1842584075,602121,1843186196,22,0,0,98816,22,4110468273
7883,1842589511,622300,1843211811,34,0,0,83968,34,10587509430
7884,1842606127,24088,1842630215,11,0,1,9216,11,8780351704
7885,1842622054,269616,1842891670,13,0,0,26624,13,2565454339
7886,1842645034,147361,1842792395,4,0,0,30208,4,8893144157
7887,1842674048,209480,1842883528,34,0,0,56320,34,10690476606
7888,1842696383,566,1842696949,2,0,1,512,2,9815470246
7889,1842720484,14117,1842734601,11,0,1,24064,11,7811294251
7890,1842723579,422308,1843145887,28,0,0,95744,28,9553430616
7891,1842736925,6754,1842743679,21,0,1,7168,21,10555287236
7892,1842737207,535561,1843272768,31,0,0,16896,31,9495783516
7893,1842740148,4517,1842744665,33,0,1,1536,33,2859666380
7894,1842749215,110407,1842859622,31,0,1,144896,31,7004338130
7895,1842751719,584483,1843336202,17,0,0,56832,17,5315332066
7896,1842758323,396487,1843154810,30,0,0,29184,30,5875239861
7897,1842765581,553119,1843318700,1,0,0,78336,1,4961922263
7898,1842782163,512654,1843294817,37,0,0,512,37,4581069803
7899,1842788127,495264,1843283391,24,0,0,34816,24,9658078228
7900,1842801065,560339,1843361404,8,0,0,1024,8,1397905905
7901,1842805092,759180,1843564272,25,0,0,132608,25,3565654219
7902,1842817113,202360,1843019473,23,0,0,4608,23,2256214121
7903,1842820583,62960,1842883543,23,0,1,6656,23,2085252799
7904,1842882272,491299,1843373571,22,0,0,4096,22,10276844343
7905,1842898390,6278,1842904668,35,0,1,6656,35,10728449548
7906,1842914173,3128,1842917301,30,0,1,9216,30,4447323272
7907,1842934681,3422,1842938103,8,0,1,3584,8,9402569372
7908,1842947511,268504,1843216015,26,0,0,1024,26,9744550778
7909,1842960812,1518,1842962330,1,0,1,1536,1,1694548570
7910,1842987131,615171,1843602302,1,0,0,10240,1,6704569085
7911,1843003453,357608,1843361061,28,0,0,81408,28,10189346869
7912,1843022411,133662,1843156073,29,0,0,4096,29,968630200
7913,1843028388,2946,1843031334,19,0,1,3072,19,3931554790
7914,1843033349,234256,1843267605,25,0,0,15360,25,6837707818
7915,1843044651,535571,1843580222,20,0,0,27648,20,6986651928
7916,1843048050,270821,1843318871,26,0,0,512,26,3507274742
7917,1843058442,22174,1843080616,3,0,1,36352,3,4053443895
7918,1843085749,1042,1843086791,22,0,1,1024,22,7757542975
7919,1843088306,206332,1843294638,19,0,0,36864,19,1422808445
7920,1843104698,3904,1843108602,34,0,1,10752,34,2177782737
7921,1843118369,93481,1843211850,3,0,1,24064,3,2632339187
7922,1843127403,84462,1843211865,34,0,1,5120,34,1368939428
7923,1843181315,43591,1843224906,13,0,1,25088,13,2788151908
7924,1843184823,196820,1843381643,15,0,0,9728,15,7256144068
7925,1843197151,176903,1843374054,26,0,0,1536,26,1831956905
7926,1843205562,393589,1843599151,9,0,0,45568,9,5016597810
7927,1843210592,313261,1843523853,25,0,0,108032,25,10128047612
7928,1843219639,5613,1843225252,22,0,1,512,22,7365709185
7929,1843245225,387384,1843632609,30,0,0,38912,30,10273147967
7930,1843256240,329012,1843585252,23,0,0,15872,23,10401760786
7931,1843258794,312989,1843571783,27,0,0,24576,27,7487426252
7932,1843281028,135991,1843417019,37,0,0,2048,37,1265985419
7933,1843294421,145244,1843439665,36,0,0,512,36,10004824850
7934,1843294975,315829,1843610804,2,0,0,512,2,9070928416
7935,1843303289,277104,1843580393,2,0,0,512,2,4961725652
7936,1843318217,67473,1843385690,16,0,1,44544,16,5541665033
7937,1843320297,69259,1843389556,1,0,1,6144,1,8466254142
7938,1843364696,36611,1843401307,16,0,1,39936,16,3983214219
7939,1843369856,353734,1843723590,23,0,0,40448,23,5223123832
7940,1843373879,28094,1843401973,15,0,1,1024,15,305916364
7941,1843389012,13627,1843402639,22,0,1,1024,22,427197932
7942,1843413619,484427,1843898046,34,0,0,238080,34,2750499781
7943,1843423673,14287,1843437960,3,0,1,27648,3,3083260112
7944,1843424784,474860,1843899644,5,0,0,5120,5,3610769980
7945,1843426843,11463,1843438306,12,0,1,512,12,9804975786
7946,1843430489,12643,1843443132,29,0,1,7680,29,6334503399
7947,1843437861,34020,1843471881,31,0,1,59392,31,6269556912
7948,1843472278,2870,1843475148,35,0,1,8704,35,54961188
7949,1843474464,236756,1843711220,11,0,0,57856,11,2799848745
7950,1843494031,231142,1843725173,6,0,0,5120,6,8294243241
7951,1843530865,209640,1843740505,31,0,0,1536,31,4100659213
7952,1843557927,346637,1843904564,15,0,0,13312,15,10670900193
7953,1843570666,33113,1843603779,7,0,1,1536,7,2987821217
7954,1843648134,251852,1843899986,2,0,0,512,2,8895253161
7955,1843654057,57186,1843711243,19,0,1,77824,19,6509247306
7956,1843668184,231631,1843899815,10,0,0,512,10,1158953866
7957,1843672285,228184,1843900469,10,0,0,1536,10,3171429259
7958,1843699081,387594,1844086675,14,0,0,2560,14,8348969164
7959,1843700444,24744,1843725188,28,0,1,512,28,313555978
7960,1843735636,341905,1844077541,39,0,0,80384,39,4312428078
7961,1843738855,86196,1843825051,31,0,1,144384,31,5215903186
7962,1843764115,140620,1843904735,14,0,0,512,14,3601492832
7963,1843784846,40551,1843825397,7,0,1,512,7,5796160966
7964,1843788652,171378,1843960030,21,0,0,2048,21,9911995826
7965,1843790097,287615,1844077712,8,0,0,512,8,1781620933
7966,1843793455,180620,1843974075,24,0,0,1536,24,7399116454
7967,1843799927,98134,1843898061,30,0,1,14848,30,8460806743
7968,1843828492,86443,1843914935,5,0,1,16384,5,1973016655
7969,1843846350,186058,1844032408,8,0,0,1536,8,7927534012
7970,1843852252,122604,1843974856,3,0,1,110080,3,460553352
7971,1843853692,284626,1844138318,11,0,0,23552,11,4432890575
7972,1843919229,259127,1844178356,13,0,0,37888,13,3997323902
7973,1843926229,49498,1843975727,0,0,1,12288,0,8806469377
7974,1843941898,34802,1843976700,26,0,1,12800,26,4676590686
7975,1843945714,32612,1843978326,21,0,1,2560,21,5954885841
7976,1843952743,126564,1844079307,8,0,0,3584,8,3569034455
7977,1844037133,264891,1844302024,28,0,0,17408,28,5560754453
7978,1844059574,21143,1844080717,26,0,1,3072,26,7586688367
7979,1844060882,271904,1844332786,28,0,0,46080,28,560980916
7980,1844069113,159990,1844229103,22,0,0,512,22,6860478536
7981,1844076431,241475,1844317906,38,0,0,1024,38,1394663451
7982,1844082748,403933,1844486681,24,0,0,90112,24,1081995108
7983,1844088560,208145,1844296705,39,0,0,29696,39,5851517765
7984,1844097383,260595,1844357978,37,0,0,512,37,4229023047
7985,1844107078,75162,1844182240,10,0,0,512,10,4164730804
7986,1844130164,233982,1844364146,10,0,0,2560,10,9032117165
7987,1844136133,410065,1844546198,21,0,0,31232,21,3800627154
7988,1844143706,12566,1844156272,16,0,1,20992,16,2960874456
7989,1844168538,259226,1844427764,6,0,0,36864,6,2416578631
7990,1844176639,37046,1844213685,13,0,1,61952,13,156831874
7991,1844205590,222345,1844427935,2,0,0,512,2,161038049
7992,1844205696,59003,1844264699,35,0,0,1024,35,4756204857
7993,1844206060,165966,1844372026,9,0,0,12288,9,8450144779
7994,1844235862,2470,1844238332,26,0,1,2560,26,7168355266
7995,1844313399,73037,1844386436,38,0,0,2048,38,2442997041
7996,1844343551,6754,1844350305,17,0,1,7168,17,257124472
7997,1844374611,7230,1844381841,2,0,1,7680,2,6199136616
7998,1844377490,498225,1844875715,33,0,0,154624,33,1613905771
7999,1844379748,184668,1844564416,11,0,0,22016,11,1659789230
8000,1844413824,566,1844414390,30,0,1,512,30,5934879356
8001,1844435258,3645,1844438903,9,0,1,10240,9,2055640530
8002,1844444411,566,1844444977,30,0,1,512,30,9563319582
8003,1844444711,174238,1844618949,0,0,0,512,0,2068524785
8004,1844449758,240635,1844690393,15,0,0,46080,15,1557032532
8005,1844451651,205315,1844656966,6,0,0,97792,6,2048832364
8006,1844487868,63524,1844551392,38,0,0,512,38,1269672246
8007,1844493878,4374,1844498252,8,0,1,4608,8,4711576054
8008,1844511022,87192,1844598214,5,0,0,15872,5,9856809268
8009,1844528590,128555,1844657145,26,0,0,512,26,8727153867
8010,1844535790,10423,1844546213,24,0,1,1536,24,6847002531
8011,1844541585,8524,1844550109,16,0,1,10752,16,3649462462
8012,1844556389,134867,1844691256,36,0,0,2560,36,1984767235
8013,1844557507,268187,1844825694,17,0,0,7168,17,7176847646
8014,1844568357,107966,1844676323,31,0,0,39424,31,8636338689
8015,1844573689,102649,1844676338,19,0,1,162816,19,1705132973
8016,1844578716,111700,1844690416,11,0,1,7680,11,648407479
8017,1844579730,110701,1844690431,7,0,1,14336,7,10405728129
8018,1844595208,95238,1844690446,26,0,1,13824,26,493576113
8019,1844600332,367831,1844968163,39,0,0,37376,39,5976439372
8020,1844602746,118151,1844720897,37,0,0,512,37,7209115776
8021,1844609329,81132,1844690461,6,0,1,2048,6,5994578653
8022,1844613503,127651,1844741154,21,0,0,23040,21,10478498662
8023,1844615116,208379,1844823495,3,0,0,49152,3,3715480386
8024,1844639458,169046,1844808504,1,0,0,31232,1,2056856066
8025,1844673118,21519,1844694637,33,0,1,3584,33,5218341616
8026,1844692399,207278,1844899677,35,0,0,2048,35,5448030365
8027,1844695237,255718,1844950955,29,0,0,512,29,1247835513
8028,1844696167,252400,1844948567,14,0,0,512,14,2463110353
8029,1844707829,356104,1845063933,5,0,0,65024,5,65196101
8030,1844738848,2864,1844741712,34,0,1,512,34,3451062604
8031,1844753259,242334,1844995593,24,0,0,2048,24,4871237815
8032,1844781947,317781,1845099728,22,0,0,117248,22,10367178529
8033,1844782828,257798,1845040626,35,0,0,40448,35,2651349499
8034,1844789578,5802,1844795380,15,0,1,6144,15,5959908187
8035,1844810259,163532,1844973791,1,0,0,7680,1,9571545284
8036,1844862159,263241,1845125400,26,0,0,512,26,10509644935
8037,1844864684,17844,1844882528,17,0,1,7168,17,3536146509
8038,1844872913,14761,1844887674,34,0,1,8192,34,8716133770
8039,1844874920,13420,1844888340,35,0,1,1024,35,10245887869
8040,1844887014,24154,1844911168,19,0,1,43520,19,6918361174
8041,1844894526,17615,1844912141,28,0,1,12800,28,9214732278
8042,1844938095,6278,1844944373,26,0,1,6656,26,4381135618
8043,1844952879,249333,1845202212,15,0,0,148992,15,348673499
8044,1844953326,2470,1844955796,16,0,1,2560,16,9661856340
8045,1844956626,143749,1845100375,39,0,0,2048,39,3560746613
8046,1844975918,144620,1845120538,31,0,1,238080,31,4113350480
8047,1844995525,415239,1845410764,25,0,0,65536,25,1135286843
8048,1844999985,329269,1845329254,37,0,0,512,37,9241945303
8049,1845002838,387616,1845390454,34,0,0,41472,34,3344245336
8050,1845004139,336736,1845340875,31,0,0,3072,31,2798006062
8051,1845006428,114776,1845121204,6,0,1,1024,6,9344072976
8052,1845033463,226772,1845260235,11,0,0,8192,11,159638740
8053,1845037087,165624,1845202711,23,0,0,1536,23,6693172024
8054,1845103224,317227,1845420451,23,0,0,31744,23,9489693157
8055,1845125966,10241,1845136207,22,0,1,16384,22,592696335
8056,1845139371,1994,1845141365,17,0,1,2048,17,9138991285
8057,1845147150,92313,1845239463,10,0,0,512,10,10447189963
8058,1845164423,188369,1845352792,14,0,0,1024,14,8832687052
8059,1845185321,18416,1845203737,17,0,1,1024,17,6192788863
8060,1845187841,59828,1845247669,31,0,1,76800,31,6492857715
8061,1845233310,157471,1845390781,8,0,0,1024,8,1840599091
8062,1845264630,1518,1845266148,35,0,1,1536,35,9460265371
8063,1845280375,145723,1845426098,6,0,0,18432,6,724131900
8064,1845308747,1994,1845310741,9,0,1,2048,9,8294490008
8065,1845317795,566,1845318361,11,0,1,512,11,10693098033
8066,1845361569,2870,1845364439,30,0,1,8704,30,3715375001
8067,1845373682,131870,1845505552,38,0,0,1536,38,3608093507
8068,1845401322,235113,1845636435,34,0,0,28160,34,9314107126
8069,1845402067,285050,1845687117,4,0,0,100864,4,5880422816
8070,1845414223,14379,1845428602,6,0,1,2560,6,172535604
8071,1845415638,14402,1845430040,34,0,1,9216,34,6757858896
8072,1845423898,283853,1845707751,13,0,0,6144,13,802575259
8073,1845434918,4374,1845439292,15,0,1,4608,15,7720099864
8074,1845439199,566,1845439765,38,0,1,512,38,4002449734
8075,1845444698,81036,1845525734,5,0,0,3072,5,7837151525
8076,1845452174,343742,1845795916,4,0,0,49664,4,1465834904
8077,1845452427,566,1845452993,38,0,1,512,38,230952978
8078,1845471712,2470,1845474182,11,0,1,2560,11,2801441690
8079,1845484690,263597,1845748287,4,0,0,20992,4,6177936400
8080,1845488870,368864,1845857734,9,0,0,24576,9,6070049913
8081,1845505303,186220,1845691523,34,0,0,9216,34,4963763720
8082,1845505563,1064,1845506627,15,0,1,1024,15,7948963386
8083,1845524701,11791,1845536492,32,0,1,19456,32,9400834070
8084,1845559247,215489,1845774736,39,0,0,20480,39,8766377847
8085,1845572701,1518,1845574219,33,0,1,1536,33,7426524913
8086,1845579312,1042,1845580354,12,0,1,1024,12,3074839048
8087,1845581449,241015,1845822464,33,0,0,5632,33,5905628644
8088,1845601426,13770,1845615196,13,0,1,26624,13,5258048816
8089,1845605890,82810,1845688700,19,0,0,5120,19,2149899505
8090,1845609726,6136,1845615862,34,0,1,1024,34,7069635646
8091,1845619172,1042,1845620214,32,0,1,1024,32,6548312503
8092,1845663725,33728,1845697453,29,0,1,14848,29,10192613151
8093,1845687197,67294,1845754491,39,0,0,1024,39,1701034919
8094,1845716784,5326,1845722110,21,0,1,5632,21,6919337632
8095,1845719804,4572,1845724376,28,0,1,3584,28,7260764699
8096,1845726597,93757,1845820354,22,0,0,8192,22,4790054344
8097,1845728148,3904,1845732052,35,0,1,10752,35,3525054277
8098,1845747065,289357,1846036422,25,0,0,71168,25,8603807320
8099,1845778576,298796,1846077372,23,0,0,17920,23,3480970100
8100,1845796053,176088,1845972141,23,0,0,58880,23,9191153984
8101,1845810118,1518,1845811636,10,0,1,1536,10,6054695589
8102,1845822142,6116,1845828258,9,0,1,6144,9,4431915602
8103,1845830767,1994,1845832761,39,0,1,2048,39,9149156546
8104,1845853482,5286,1845858768,7,0,1,1024,7,2531900039
8105,1845901132,3387,1845904519,33,0,1,9728,33,10017599319
8106,1845903640,13242,1845916882,14,0,1,24576,14,1716150771
8107,1845942703,62416,1846005119,13,0,1,101376,13,3924740118
8108,1845971472,36553,1846008025,1,0,1,4608,1,2132868783
8109,1845980114,179921,1846160035,28,0,0,4608,28,7283477327
8110,1846054709,4679,1846059388,1,0,1,12288,1,1789922952
8111,1846072677,96310,1846168987,1,0,0,13824,1,927972534
8112,1846074391,7485,1846081876,7,0,1,11776,7,3323154313
8113,1846074867,7675,1846082542,33,0,1,1024,33,9829652349
8114,1846076238,165485,1846241723,5,0,0,30208,5,6783118802
8115,1846077073,246994,1846324067,22,0,0,13312,22,1406663489
8116,1846097120,1518,1846098638,17,0,1,1536,17,2825753282
8117,1846104349,6278,1846110627,4,0,1,6656,4,7022941450
8118,1846114149,143923,1846258072,5,0,0,10752,5,170494179
8119,1846117161,6278,1846123439,8,0,1,6656,8,6449944781
8120,1846136925,176851,1846313776,1,0,0,32256,1,5613734355
8121,1846140944,12825,1846153769,22,0,1,21504,22,529002057
8122,1846152312,3904,1846156216,7,0,1,10752,7,2654777001
8123,1846215992,3898,1846219890,35,0,1,4096,35,5030042516
8124,1846258616,5196,1846263812,3,0,1,13312,3,8358509221
8125,1846259389,4769,1846264158,32,0,1,512,32,5656434184
8126,1846262325,204603,1846466928,1,0,0,58368,1,1293310847
8127,1846267319,138251,1846405570,5,0,0,512,5,7003761924
8128,1846271483,566,1846272049,10,0,1,512,10,7251404346
8129,1846285518,1042,1846286560,13,0,1,1024,13,3580088188
8130,1846292615,4374,1846296989,34,0,1,4608,34,10146960467
8131,1846304386,14319,1846318705,16,0,1,12800,16,2410023417
8132,1846319786,247239,1846567025,28,0,0,68608,28,1036298498
8133,1846329596,2870,1846332466,17,0,1,8704,17,737769037
8134,1846348502,345405,1846693907,17,0,0,95744,17,5673900705
8135,1846349707,156101,1846505808,6,0,0,29696,6,7421120824
8136,1846354780,160169,1846514949,2,0,0,512,2,1887295705
8137,1846397065,566,1846397631,15,0,1,512,15,4590262328
8138,1846402910,337219,1846740129,39,0,0,151552,39,7590860373
8139,1846414137,11791,1846425928,34,0,1,19456,34,4998296604
8140,1846416704,444470,1846861174,1,0,0,22528,1,392892743
8141,1846435032,12566,1846447598,5,0,1,20992,5,3530620240
8142,1846437659,29284,1846466943,18,0,1,3584,18,7860144956
8143,1846440667,149209,1846589876,22,0,0,16384,22,1306940001
8144,1846442249,163390,1846605639,37,0,0,2048,37,616888555
8145,1846447012,19946,1846466958,14,0,1,1536,14,4670278281
8146,1846475449,512502,1846987951,33,0,0,117760,33,10369453441
8147,1846502521,8129,1846510650,30,0,1,5120,30,4054119883
8148,1846525436,557945,1847083381,24,0,0,87040,24,6774631467
8149,1846538460,1042,1846539502,4,0,1,1024,4,46087774
8150,1846543957,286402,1846830359,37,0,0,512,37,7525384029
8151,1846560744,10647,1846571391,38,0,1,4608,38,4499420112
8152,1846581378,288398,1846869776,28,0,0,14336,28,6285981174
8153,1846586936,304254,1846891190,11,0,0,49152,11,761165592
8154,1846600492,229696,1846830188,22,0,0,51712,22,5350045701
8155,1846600622,12566,1846613188,14,0,1,20992,14,5009586397
8156,1846624601,551749,1847176350,23,0,0,26112,23,5524416293
8157,1846625669,205549,1846831218,37,0,0,2560,37,9356162086
8158,1846626546,5326,1846631872,6,0,1,5632,6,6982023302
8159,1846652005,41933,1846693938,3,0,1,39424,3,3255972560
8160,1846668243,74973,1846743216,34,0,1,9216,34,9039268916
8161,1846672917,76733,1846749650,30,0,1,7168,30,2041670592
8162,1846701238,68283,1846769521,19,0,1,40448,19,9072453939
8163,1846702530,78333,1846780863,3,0,1,37888,3,3884179634
8164,1846706454,76035,1846782489,33,0,1,2560,33,2293145336
8165,1846717169,281561,1846998730,20,0,0,35328,20,4677092935
8166,1846726708,59647,1846786355,0,0,1,6144,0,8676192432
8167,1846728409,61812,1846790221,23,0,1,6144,23,8674797377
8168,1846737025,55142,1846792167,21,0,1,3072,21,2525615436
8169,1846743326,51107,1846794433,26,0,1,3584,26,4447800997
8170,1846744844,51215,1846796059,9,0,1,2560,9,2561259521
8171,1846745797,361908,1847107705,13,0,0,512,13,9994934587
8172,1846745874,50441,1846796315,15,0,1,9216,15,4703962708
8173,1846772300,88889,1846861189,13,0,1,131584,13,6977123657
8174,1846777358,87974,1846865332,39,0,1,7168,39,1519183770
8175,1846779596,304424,1847084020,37,0,0,2048,37,4190898076
8176,1846780957,380509,1847161466,33,0,0,78848,33,10057068521
8177,1846793800,97405,1846891205,31,0,1,38912,31,3641865855
8178,1846798179,106432,1846904611,13,0,0,512,13,3434370507
8179,1846805515,85907,1846891422,8,0,0,512,8,6145386939
8180,1846818241,72979,1846891220,29,0,1,1536,29,3489798277
8181,1846823244,68007,1846891251,18,0,1,4608,18,2231562116
8182,1846862599,336191,1847198790,27,0,0,29184,27,9682858574
8183,1846879605,137089,1847016694,6,0,0,6656,6,5565127654
8184,1846880085,231430,1847111515,5,0,0,6144,5,3016197644
8185,1846913264,3904,1846917168,9,0,1,10752,9,5321846877
8186,1846917481,5326,1846922807,2,0,1,5632,2,1066638093
8187,1846943475,427069,1847370544,20,0,0,92160,20,8317235032
8188,1847014510,98517,1847113027,8,0,0,1024,8,5387309326
8189,1847038075,148257,1847186332,1,0,0,15872,1,5858805522
8190,1847072701,168028,1847240729,17,0,0,24576,17,2914566584
8191,1847088577,293428,1847382005,13,0,0,2048,13,3955641566
8192,1847109020,149607,1847258627,36,0,0,1536,36,4136667085
8193,1847112160,4420,1847116580,3,0,1,11776,3,9523797140
8194,1847117905,1042,1847118947,38,0,1,1024,38,3152722327
8195,1847149383,177182,1847326565,24,0,0,3584,24,6930668275
8196,1847157333,250640,1847407973,19,0,0,14336,19,7713069857
8197,1847158045,5457,1847163502,16,0,1,2048,16,6641532484
8198,1847167823,235767,1847403590,20,0,0,69120,20,5957386929
8199,1847169589,162788,1847332377,36,0,0,512,36,52328817
8200,1847174248,3161,1847177409,10,0,1,1024,10,8881656107
8201,1847185263,382971,1847568234,30,0,0,138752,30,3709182898
8202,1847192959,182608,1847375567,31,0,0,16384,31,3508943505
8203,1847252701,128536,1847381237,2,0,0,1536,2,1053595130
8204,1847279146,182317,1847461463,35,0,0,36864,35,3079033273
8205,1847292447,566,1847293013,1,0,1,512,1,9562867870
8206,1847306549,4374,1847310923,14,0,1,4608,14,561450079
8207,1847307614,3975,1847311589,39,0,1,1024,39,10045899847
8208,1847324746,5326,1847330072,4,0,1,5632,4,10502468264
8209,1847328465,134261,1847462726,29,0,0,4096,29,3719861200
8210,1847350803,29919,1847380722,12,0,1,13312,12,563393320
8211,1847364480,211960,1847576440,39,0,0,12288,39,8311517543
8212,1847382292,275083,1847657375,9,0,0,154624,9,8867515704
8213,1847419276,4162,1847423438,26,0,1,11264,26,2070817312
8214,1847432889,235897,1847668786,3,0,0,37376,3,9401227889
8215,1847441411,128406,1847569817,33,0,0,5120,33,4219001396
8216,1847474971,6754,1847481725,29,0,1,7168,29,4321863307
8217,1847509655,2946,1847512601,12,0,1,3072,12,10424094009
8218,1847546214,249908,1847796122,26,0,0,512,26,8443913694
8219,1847566380,135815,1847702195,11,0,0,2048,11,7769533900
8220,1847568772,116041,1847684813,39,0,0,36864,39,4138011666
8221,1847570763,33762,1847604525,31,0,1,58880,31,5174946686
8222,1847575632,29252,1847604884,4,0,1,9728,4,363726362
8223,1847579411,204649,1847784060,13,0,0,512,13,1142256606
8224,1847590331,19059,1847609390,14,0,1,7168,14,10720367604
8225,1847613724,56564,1847670288,39,0,1,1536,39,8591028597
8226,1847656181,56023,1847712204,19,0,1,70144,19,9240952411
8227,1847658865,221126,1847879991,11,0,0,34304,11,706278283
8228,1847692821,30008,1847722829,19,0,1,42496,19,5328652000
8229,1847694858,174666,1847869524,8,0,0,1024,8,4903292447
8230,1847707746,15749,1847723495,31,0,1,11264,31,1618456933
8231,1847720021,25187,1847745208,19,0,1,45568,19,4733866200
8232,1847732032,13432,1847745464,15,0,1,9216,15,6632438369
8233,1847744073,4374,1847748447,8,0,1,4608,8,10626070077
8234,1847759936,62952,1847822888,24,0,0,1536,24,7449453033
8235,1847778574,90623,1847869197,36,0,0,10752,36,8931005977
8236,1847784677,7230,1847791907,17,0,1,7680,17,782855830
8237,1847813362,5802,1847819164,9,0,1,6144,9,8231678774
8238,1847817700,129467,1847947167,25,0,0,23552,25,74962462
8239,1847846677,205136,1848051813,31,0,0,65536,31,2207734242
8240,1847886848,566,1847887414,26,0,1,512,26,9751586364
8241,1847901923,161315,1848063238,33,0,0,15872,33,6292927607
8242,1847903637,1042,1847904679,26,0,1,1024,26,10058089759
8243,1847933523,1042,1847934565,10,0,1,1024,10,8269417814
8244,1847938610,8572,1847947182,24,0,1,1536,24,8211714614
8245,1847962043,4162,1847966205,24,0,1,11264,24,9018792071
8246,1847968359,133464,1848101823,2,0,0,1024,2,888021341
8247,1847993011,212345,1848205356,13,0,0,34304,13,1633400043
8248,1847993540,201349,1848194889,13,0,0,88576,13,4919062336
8249,1848004042,2870,1848006912,23,0,1,8704,23,5068188663
8250,1848020863,142383,1848163246,33,0,0,4096,33,2235512203
8251,1848095570,167106,1848262676,25,0,0,104448,25,8215285415
8252,1848180275,83064,1848263339,29,0,0,2048,29,836645795
8253,1848193747,118963,1848312710,5,0,0,1024,5,10628017025
8254,1848206388,247484,1848453872,27,0,0,132608,27,611868988
8255,1848206849,167469,1848374318,11,0,0,36864,11,1392094237
8256,1848232413,33755,1848266168,0,0,1,8704,0,5261666546
8257,1848232605,142352,1848374957,8,0,0,2048,8,9293831039
8258,1848242446,24070,1848266516,12,0,1,512,12,924432002
8259,1848263368,19146,1848282514,31,0,1,31744,31,4635215257
8260,1848267515,18865,1848286380,9,0,1,6144,9,1208925968
8261,1848285471,89657,1848375128,14,0,0,512,14,387863166
8262,1848305308,4162,1848309470,13,0,1,11264,13,2088344141
8263,1848329103,81215,1848410318,37,0,0,1536,37,3720060544
8264,1848352498,143277,1848495775,37,0,0,36352,37,2604413649
8265,1848381117,125584,1848506701,2,0,0,512,2,2325039893
8266,1848385280,23120,1848408400,5,0,1,41472,5,9050357003
8267,1848420047,39185,1848459232,21,0,1,5632,21,1096781169
8268,1848426258,37480,1848463738,18,0,1,7168,18,7283669673
8269,1848448655,15749,1848464404,30,0,1,1024,30,3580901650
8270,1848466059,4374,1848470433,1,0,1,4608,1,2061541181
8271,1848498414,227892,1848726306,1,0,0,22528,1,6342093094
8272,1848499833,43904,1848543737,4,0,0,512,4,4042478772
8273,1848503113,7706,1848510819,6,0,1,8192,6,6737794615
8274,1848505489,6956,1848512445,15,0,1,2560,15,5946146822
8275,1848517968,213095,1848731063,33,0,0,1536,33,10735117139
8276,1848521175,288633,1848809808,6,0,0,68608,6,291003105
8277,1848529310,159948,1848689258,2,0,0,1024,2,1384708117
8278,1848577053,2470,1848579523,2,0,1,2560,2,4381815101
8279,1848584144,72668,1848656812,37,0,0,9216,37,1883741387
8280,1848586971,1042,1848588013,1,0,1,1024,1,2153459652
8281,1848589762,1518,1848591280,39,0,1,1536,39,10366712540
8282,1848590410,307900,1848898310,6,0,0,68096,6,8511975639
8283,1848594753,3898,1848598651,32,0,1,4096,32,9878393678
8284,1848620047,5712,1848625759,17,0,1,14336,17,3533216994
8285,1848642601,4937,1848647538,19,0,1,12800,19,9138826999
8286,1848645302,3862,1848649164,24,0,1,2560,24,10273307273
8287,1848648220,202768,1848850988,37,0,0,9216,37,7359892400
8288,1848662750,298782,1848961532,13,0,0,47616,13,2275943951
8289,1848678896,1518,1848680414,14,0,1,1536,14,3664839445
8290,1848684323,2470,1848686793,33,0,1,2560,33,10202530444
8291,1848696843,566,1848697409,14,0,1,512,14,8714225460
8292,1848705329,5712,1848711041,2,0,1,14336,2,9861832782
8293,1848705924,6743,1848712667,34,0,1,2560,34,2539018408
8294,1848720338,93896,1848814234,6,0,0,11776,6,670983012
8295,1848735029,5326,1848740355,24,0,1,5632,24,5096019004
8296,1848750542,180320,1848930862,26,0,0,1024,26,5128906151
8297,1848766441,163004,1848929445,20,0,0,512,20,8378201057
8298,1848769305,82634,1848851939,25,0,0,3072,25,10653526421
8299,1848795037,19212,1848814249,5,0,1,1024,5,5642458266
8300,1848854337,7230,1848861567,28,0,1,7680,28,5925026954
8301,1848888256,11105,1848899361,38,0,1,1024,38,7951791993
8302,1848894101,6246,1848900347,8,0,1,1536,8,8142559636
8303,1848898399,102513,1849000912,4,0,0,28160,4,6380490402
8304,1848906059,4937,1848910996,12,0,1,12800,12,2007417056
8305,1848934061,152565,1849086626,36,0,0,34816,36,7670095499
8306,1848954031,84961,1849038992,28,0,0,5632,28,2450026267
8307,1848968607,96415,1849065022,0,0,0,512,0,337440939
8308,1848981257,105548,1849086805,29,0,0,512,29,1453252146
8309,1849015916,111123,1849127039,5,0,0,8704,5,9833156996
8310,1849018265,2870,1849021135,2,0,1,8704,2,9824449625
8311,1849026949,566,1849027515,30,0,1,512,30,7195873991
8312,1849051305,1994,1849053299,0,0,1,2048,0,6457797625
8313,1849056755,122365,1849179120,37,0,0,32256,37,6758664259
8314,1849071138,1994,1849073132,16,0,1,2048,16,6519552159
8315,1849074869,92541,1849167410,37,0,0,512,37,10055380545
8316,1849080989,8721,1849089710,4,0,1,3072,4,9366138499
8317,1849090436,138882,1849229318,5,0,0,67584,5,7496703188
8318,1849095651,149073,1849244724,25,0,0,11264,25,7062956912
8319,1849100880,48976,1849149856,10,0,0,1024,10,3289658322
8320,1849141561,91056,1849232617,19,0,0,10752,19,7609765425
8321,1849142636,566,1849143202,6,0,1,512,6,1610698499
8322,1849158663,4162,1849162825,31,0,1,11264,31,1243744047
8323,1849161560,2578,1849164138,9,0,1,2048,9,8391912418
8324,1849172727,214648,1849387375,6,0,0,91136,6,9417520238
8325,1849172908,186684,1849359592,36,0,0,47104,36,8999208517
8326,1849211951,24047,1849235998,15,0,1,3584,15,5273055023
8327,1849236174,151528,1849387702,30,0,0,1024,30,2500397573
8328,1849247600,41649,1849289249,31,0,1,67584,31,3382775009
8329,1849252215,40900,1849293115,23,0,1,6144,23,7744916717
8330,1849255971,37810,1849293781,21,0,1,1024,21,5021475600
8331,1849262872,71595,1849334467,0,0,0,1024,0,6480489954
8332,1849267011,28076,1849295087,39,0,1,2048,39,1701139407
8333,1849308008,11791,1849319799,39,0,1,19456,39,72594582
8334,1849341353,100882,1849442235,14,0,0,512,14,5836493095
8335,1849365535,206349,1849571884,1,0,0,9216,1,3874168310
8336,1849380390,116013,1849496403,24,0,0,22016,24,6884465210
8337,1849384067,47581,1849431648,14,0,0,512,14,4565295372
8338,1849409016,113111,1849522127,34,0,0,9216,34,6429585279
8339,1849422399,11791,1849434190,21,0,1,19456,21,3225223137
8340,1849426183,10273,1849436456,22,0,1,3584,22,4540015133
8341,1849428599,8523,1849437122,2,0,1,1024,2,3227055908
8342,1849431099,9249,1849440348,1,0,1,5120,1,4659332035
8343,1849443667,6278,1849449945,30,0,1,6656,30,8076953545
8344,1849461977,113521,1849575498,34,0,0,5632,34,10638468566
8345,1849466402,6754,1849473156,18,0,1,7168,18,1512192528
8346,1849484188,256144,1849740332,5,0,0,62464,5,7789142159
8347,1849493300,48791,1849542091,3,0,1,78848,3,204102434
8348,1849501528,132814,1849634342,23,0,0,3072,23,7931061760
8349,1849533687,292090,1849825777,20,0,0,32256,20,9309043101
8350,1849557026,6278,1849563304,12,0,1,6656,12,5937108543
8351,1849576472,1518,1849577990,17,0,1,1536,17,1512209986
8352,1849582664,133034,1849715698,19,0,0,61952,19,1684378832
8353,1849603480,5712,1849609192,6,0,1,14336,6,3885509520
8354,1849619607,273589,1849893196,21,0,0,42496,21,9471951565
8355,1849628748,1518,1849630266,10,0,1,1536,10,2601747785
8356,1849642014,238204,1849880218,25,0,0,162304,25,4335348002
8357,1849644438,6488,1849650926,13,0,1,15872,13,7632701566
8358,1849687990,1042,1849689032,2,0,1,1024,2,9676327346
8359,1849741844,3387,1849745231,12,0,1,9728,12,5880379306
8360,1849793667,4850,1849798517,29,0,1,5120,29,9281846144
8361,1849809378,5326,1849814704,9,0,1,5632,9,6163384656
8362,1849809601,116451,1849926052,27,0,0,23040,27,1929801671
8363,1849818260,61973,1849880233,28,0,1,5632,28,10297700780
8364,1849828030,65181,1849893211,3,0,1,61952,3,6281049814
8365,1849864015,139993,1850004008,13,0,0,20992,13,8133310195
8366,1849900484,251374,1850151858,31,0,0,69120,31,8791826751
8367,1849910582,103113,1850013695,21,0,0,31744,21,3188990549
8368,1849930134,2946,1849933080,38,0,1,3072,38,9100255277
8369,1849936706,194077,1850130783,1,0,0,46592,1,3978876904
8370,1849958917,199664,1850158581,24,0,0,22016,24,3301804149
8371,1849967978,190938,1850158916,24,0,0,1024,24,8425054004
8372,1849968681,4374,1849973055,33,0,1,4608,33,10010638398
8373,1850019293,184390,1850203683,3,0,0,17920,3,10335967696
8374,1850022301,4850,1850027151,34,0,1,5120,34,2082584944
8375,1850055136,142875,1850198011,15,0,0,27648,15,4286191406
8376,1850074166,333331,1850407497,36,0,0,75264,36,8427105311
8377,1850085968,566,1850086534,21,0,1,512,21,3623610671
8378,1850101760,282447,1850384207,3,0,0,128000,3,5145655072
8379,1850108666,208067,1850316733,36,0,0,17920,36,7272155676
8380,1850126754,216361,1850343115,21,0,0,2560,21,1816372800
8381,1850159505,566,1850160071,9,0,1,512,9,9256642419
8382,1850161781,407529,1850569310,27,0,0,36864,27,3126384157
8383,1850179072,255771,1850434843,5,0,0,78336,5,10074426307
8384,1850213729,226337,1850440066,10,0,0,512,10,2200604797
8385,1850214655,220359,1850435014,10,0,0,512,10,6182047594
8386,1850236379,174581,1850410960,19,0,0,11264,19,8848468168
8387,1850237268,300948,1850538216,1,0,0,2560,1,1823046675
8388,1850253395,131155,1850384550,8,0,0,1024,8,669666480
8389,1850255952,234635,1850490587,0,0,0,1024,0,2535173798
8390,1850288023,6278,1850294301,26,0,1,6656,26,5762380395
8391,1850290718,368940,1850659658,5,0,0,28672,5,9982743799
8392,1850304310,566,1850304876,1,0,1,512,1,4920258106
8393,1850319778,289450,1850609228,4,0,0,25600,4,9894475001
8394,1850327056,566,1850327622,23,0,1,512,23,460444344
8395,1850337411,140762,1850478173,27,0,0,47104,27,8073976810
8396,1850338893,3387,1850342280,17,0,1,9728,17,7612254340
8397,1850350648,84397,1850435045,2,0,1,9728,2,8348490530
8398,1850352300,232896,1850585196,20,0,0,30720,20,2223208412
8399,1850390947,96342,1850487289,19,0,1,84992,19,1852317070
8400,1850396718,90917,1850487635,14,0,1,512,14,3981375287
8401,1850413876,76345,1850490221,26,0,1,4096,26,6780225915
8402,1850425175,162016,1850587191,14,0,0,512,14,9963867305
8403,1850440799,253095,1850693894,37,0,0,48128,37,854294379
8404,1850464303,30744,1850495047,23,0,1,7680,23,2978515528
8405,1850474763,22870,1850497633,33,0,1,4096,33,5839614319
8406,1850507398,2946,1850510344,35,0,1,3072,35,6716650788
8407,1850507968,5922,1850513890,38,0,1,5632,38,10332802103
8408,1850520222,303630,1850823852,14,0,0,512,14,5375051255
8409,1850528993,5326,1850534319,29,0,1,5632,29,2464870410
8410,1850529714,293320,1850823034,4,0,0,27136,4,9581430694
8411,1850539634,184907,1850724541,28,0,0,10752,28,4350110729
8412,1850543874,270877,1850814751,1,0,0,78848,1,3135258031
8413,1850547746,566,1850548312,7,0,1,512,7,9173257160
8414,1850549083,375378,1850924461,11,0,0,229376,11,3383185469
8415,1850574239,10980,1850585219,21,0,1,7680,21,1983288198
8416,1850577406,246275,1850823681,13,0,0,2048,13,6738621475
8417,1850588061,4420,1850592481,13,0,1,11776,13,10524312667
8418,1850589111,265447,1850854558,21,0,0,4096,21,1327908388
8419,1850636912,4850,1850641762,4,0,1,5120,4,7643187879
8420,1850637507,4511,1850642018,19,0,1,9216,19,5566173334
8421,1850669547,5802,1850675349,39,0,1,6144,39,324155105
8422,1850688823,9437,1850698260,7,0,1,4608,7,3935133445
8423,1850699436,226788,1850926224,25,0,0,5632,25,7979291770
8424,1850704695,229196,1850933891,9,0,0,25088,9,2396905679
8425,1850752292,4850,1850757142,22,0,1,5120,22,7993543626
8426,1850806497,195363,1851001860,36,0,0,52224,36,579419119
8427,1850822249,2161,1850824410,4,0,1,512,4,1122091927
8428,1850846442,179309,1851025751,22,0,0,78336,22,1451369852
8429,1850847331,2946,1850850277,14,0,1,3072,14,4573158185
8430,1850857997,242428,1851100425,21,0,0,69632,21,8908878892
8431,1850858364,78457,1850936821,14,0,1,3072,14,6133876937
8432,1850878886,334382,1851213268,4,0,0,116224,4,7872014675
8433,1850879668,184309,1851063977,34,0,0,81920,34,736757288
8434,1850894309,131743,1851026052,19,0,1,147456,19,2935625359
8435,1850900434,129484,1851029918,23,0,1,6144,23,10554898877
8436,1850948210,83014,1851031224,30,0,1,2048,30,10226821679
8437,1850953726,83502,1851037228,17,0,1,20480,17,146986575
8438,1850957426,106566,1851063992,8,0,1,6656,8,524184039
8439,1850959621,374100,1851333721,6,0,0,121856,6,347582079
8440,1850970343,93664,1851064007,10,0,1,3072,10,10084520706
8441,1850985729,78293,1851064022,11,0,1,1536,11,8759583184
8442,1851008820,460212,1851469032,34,0,0,21504,34,9584442834
8443,1851049033,329181,1851378214,17,0,0,68608,17,2044260513
8444,1851054247,159044,1851213291,3,0,1,232960,3,6002609474
8445,1851077420,135886,1851213306,8,0,1,3584,8,5702729911
8446,1851077723,301940,1851379663,20,0,0,3584,20,10066012262
8447,1851096949,281592,1851378541,38,0,0,1024,38,9495013363
8448,1851130597,203623,1851334220,0,0,0,1536,0,7987877151
8449,1851171134,216109,1851387243,10,0,0,1024,10,7069996962
8450,1851173042,64087,1851237129,19,0,1,97280,19,4637066458
8451,1851186438,242514,1851428952,1,0,0,3072,1,8703526516
8452,1851227115,12920,1851240035,33,0,1,4608,33,10552142507
8453,1851228158,12223,1851240381,4,0,1,512,4,5149403255
8454,1851262875,300954,1851563829,30,0,0,18944,30,2015360899
8455,1851281200,566,1851281766,21,0,1,512,21,6008560223
8456,1851286323,69679,1851356002,29,0,0,2048,29,5724659546
8457,1851290160,353346,1851643506,27,0,0,100864,27,5870086500
8458,1851304797,33280,1851338077,17,0,1,4096,17,6747887317
8459,1851311881,370455,1851682336,23,0,0,14336,23,8900121137
8460,1851341362,227850,1851569212,3,0,0,13312,3,6880696884
8461,1851353784,24772,1851378556,19,0,1,23040,19,7735092442
8462,1851382970,307081,1851690051,26,0,0,3584,26,8590896010
8463,1851383602,64654,1851448256,5,0,1,109056,5,10116622524
8464,1851399542,54206,1851453748,12,0,1,17920,12,6888738301
8465,1851432249,489137,1851921386,37,0,0,81920,37,9956811584
8466,1851459694,9353,1851469047,34,0,1,4608,34,1498295191
8467,1851471573,6488,1851478061,31,0,1,15872,31,7060882550
8468,1851487358,817278,1852304636,6,0,0,23552,6,10211256443
8469,1851492105,615844,1852107949,28,0,0,214528,28,1479682914
8470,1851504397,6278,1851510675,18,0,1,6656,18,155352671
8471,1851517777,357669,1851875446,11,0,0,47104,11,5388437626
8472,1851568072,230206,1851798278,38,0,0,512,38,1506367112
8473,1851575179,4420,1851579599,36,0,1,11776,36,8595131025
8474,1851596277,344187,1851940464,17,0,0,54784,17,5091928124
8475,1851626442,297307,1851923749,1,0,0,7680,1,9452958418
8476,1851679178,6037,1851685215,36,0,1,8704,36,3949806438
8477,1851681719,697304,1852379023,39,0,0,512,39,4632950158
8478,1851705697,265997,1851971694,11,0,0,29696,11,2153399470
8479,1851706049,248804,1851954853,0,0,0,512,0,5630587380
8480,1851715349,413685,1852129034,34,0,0,30208,34,7736501639
8481,1851719079,2946,1851722025,7,0,1,3072,7,798388201
8482,1851722679,3387,1851726066,15,0,1,9728,15,1023498752
8483,1851731202,311368,1852042570,31,0,0,99328,31,9954641411
8484,1851741516,5802,1851747318,35,0,1,6144,35,3210352589
8485,1851776706,21141,1851797847,5,0,1,34304,5,9271650835
8486,1851792251,10985,1851803236,11,0,1,17408,11,10003009493
8487,1851837047,302321,1852139368,19,0,0,33792,19,4049860916
8488,1851884001,2946,1851886947,0,0,1,3072,0,8143644699
8489,1851887791,52688,1851940479,19,0,1,49152,19,2313710794
8490,1851898739,313620,1852212359,17,0,0,118784,17,5979876911
8491,1851913698,28258,1851941956,1,0,1,1536,1,366695890
8492,1851950106,216056,1852166162,17,0,0,52224,17,6803845611
8493,1851951904,615928,1852567832,37,0,0,9728,37,4293975435
8494,1851953424,531901,1852485325,33,0,0,23552,33,7212385885
8495,1851963664,146688,1852110352,20,0,0,7680,20,7679194323
8496,1851966692,330729,1852297421,6,0,0,104448,6,9467493412
8497,1851975307,4374,1851979681,6,0,1,4608,6,6849054452
8498,1851980895,1994,1851982889,1,0,1,2048,1,6917391250
8499,1851983365,15837,1851999202,39,0,1,30720,39,3331999408
8500,1852025394,88896,1852114290,7,0,1,10752,7,6201116105
8501,1852039627,78409,1852118036,31,0,1,4608,31,6512084636
8502,1852049607,68775,1852118382,15,0,1,512,15,2557943577
8503,1852052348,66700,1852119048,16,0,1,1024,16,9957543509
8504,1852083223,252656,1852335879,8,0,0,512,8,5493382649
8505,1852086167,292669,1852378836,1,0,0,76288,1,5790247428
8506,1852091595,263974,1852355569,31,0,0,13312,31,1192722835
8507,1852096736,367739,1852464475,35,0,0,79360,35,1182865096
8508,1852101470,277724,1852379194,39,0,0,512,39,635596957
8509,1852115853,13204,1852129057,16,0,1,4608,16,8577281609
8510,1852119643,420039,1852539682,13,0,0,41984,13,9411458597
8511,1852121278,428744,1852550022,38,0,0,1024,38,4893237528
8512,1852140244,300020,1852440264,30,0,0,45568,30,6819880419
8513,1852181717,327841,1852509558,9,0,0,9728,9,5356497434
8514,1852187007,30286,1852217293,33,0,1,5120,33,5989857600
8515,1852198310,279752,1852478062,28,0,0,44544,28,4922902318
8516,1852208105,13054,1852221159,32,0,1,6144,32,5293168872
8517,1852209037,124442,1852333479,13,0,1,195584,13,3738830698
8518,1852242818,443263,1852686081,1,0,0,112128,1,7572118672
8519,1852259470,381935,1852641405,9,0,0,87552,9,9402190156
8520,1852276967,312117,1852589084,33,0,0,44032,33,1516046947
8521,1852336472,315430,1852651902,13,0,0,34304,13,2331156450
8522,1852342354,225805,1852568159,38,0,0,1024,38,4333652546
8523,1852354167,29002,1852383169,17,0,1,4608,17,10142478952
8524,1852359048,340020,1852699068,30,0,0,23040,30,5377963277
8525,1852426598,458230,1852884828,21,0,0,80896,21,2711608031
8526,1852428894,366396,1852795290,27,0,0,7168,27,9129223764
8527,1852440735,344997,1852785732,37,0,0,52736,37,9273301868
8528,1852447593,40985,1852488578,22,0,1,16896,22,8627200612
8529,1852505656,285083,1852790739,28,0,0,16384,28,3068409707
8530,1852513382,3422,1852516804,39,0,1,3584,39,8011814207
8531,1852547928,5454,1852553382,2,0,1,13824,2,2781429527
8532,1852568560,177334,1852745894,37,0,0,43520,37,5714451321
8533,1852582017,317875,1852899892,1,0,0,10240,1,9552107106
8534,1852587403,3233,1852590636,12,0,1,1536,12,4476858265
8535,1852588992,257110,1852846102,19,0,0,26112,19,932228737
8536,1852589672,163363,1852753035,29,0,0,512,29,9655365094
8537,1852596706,15062,1852611768,3,0,1,29184,3,9235650863
8538,1852597836,43584,1852641420,6,0,1,7680,6,9009113269
8539,1852598198,162778,1852760976,29,0,0,1536,29,3563773006
8540,1852608640,105698,1852714338,8,0,0,1024,8,6760050901
8541,1852611785,29650,1852641435,21,0,1,3072,21,5600859832
8542,1852667340,192825,1852860165,19,0,0,46080,19,5917309621
8543,1852702525,253535,1852956060,20,0,0,51200,20,10015619843
8544,1852740763,11094,1852751857,4,0,1,14848,4,6794652269
8545,1852761180,338190,1853099370,5,0,0,104448,5,2673995457
8546,1852772150,144040,1852916190,3,0,0,5632,3,1056061853
8547,1852778435,18123,1852796558,32,0,1,6144,32,7186690045
8548,1852827020,112761,1852939781,37,0,0,9728,37,1054751564
8549,1852833200,2470,1852835670,29,0,1,2560,29,6720993694
8550,1852845112,40241,1852885353,15,0,1,512,15,7218513681
8551,1852846660,188875,1853035535,0,0,0,1024,0,1914809954
8552,1852866173,194874,1853061047,25,0,0,18432,25,4322626875
8553,1852880413,10842,1852891255,18,0,1,15360,18,3389608768
8554,1852898870,155664,1853054534,14,0,0,512,14,5889569217
8555,1852906619,115159,1853021778,8,0,0,1024,8,10718775008
8556,1852936084,99124,1853035208,27,0,0,13824,27,1770799051
8557,1852955452,2118,1852957570,35,0,1,1536,35,9978732962
8558,1852957358,4420,1852961778,14,0,1,11776,14,6929851073
8559,1852959119,140906,1853100025,26,0,0,2048,26,5825089679
8560,1852965467,32299,1852997766,19,0,1,52736,19,3520586508
8561,1852982539,16533,1852999072,22,0,1,2048,22,6156255369
8562,1853009786,7706,1853017492,28,0,1,8192,28,867970005
8563,1853010825,180620,1853191445,38,0,0,512,38,10669795585
8564,1853016458,1380,1853017838,9,0,1,512,9,1373234183
8565,1853017827,5805,1853023632,26,0,1,6144,26,8820559000
8566,1853026449,82408,1853108857,13,0,1,133632,13,670055761
8567,1853058301,51862,1853110163,35,0,1,2048,35,6908039251
8568,1853072255,216018,1853288273,31,0,0,70656,31,6079015667
8569,1853086371,25738,1853112109,15,0,1,3072,15,3602923187
8570,1853104754,213787,1853318541,30,0,0,54272,30,7738539890
8571,1853109868,213889,1853323757,39,0,0,512,39,9064418188
8572,1853122782,3645,1853126427,21,0,1,10240,21,9646214590
8573,1853147252,346781,1853494033,19,0,0,44544,19,8043878172
8574,1853148486,153504,1853301990,29,0,0,1536,29,5083609834
8575,1853195065,133567,1853328632,31,0,0,3584,31,9359125619
8576,1853200907,179765,1853380672,3,0,0,15872,3,1512145031
8577,1853232818,5971,1853238789,39,0,1,14848,39,10608035418
8578,1853251581,124240,1853375821,6,0,0,47616,6,4264285437
8579,1853257114,87523,1853344637,29,0,0,512,29,101774874
8580,1853259976,1518,1853261494,33,0,1,1536,33,46954830
8581,1853266848,197701,1853464549,20,0,0,19456,20,6910540410
8582,1853296193,22363,1853318556,14,0,1,14336,14,5615363942
8583,1853322997,74857,1853397854,0,0,0,512,0,563149065
8584,1853363059,22948,1853386007,17,0,1,5632,17,5616595694
8585,1853373040,233498,1853606538,37,0,0,61440,37,7662272020
8586,1853385307,7230,1853392537,8,0,1,7680,8,8368658040
8587,1853388180,167793,1853555973,0,0,0,1024,0,1480237591
8588,1853440915,212621,1853653536,37,0,0,46592,37,9680901330
8589,1853447521,4374,1853451895,26,0,1,4608,26,3477212384
8590,1853502555,2946,1853505501,39,0,1,3072,39,6282891042
8591,1853510413,12566,1853522979,33,0,1,20992,33,3926251804
8592,1853511476,274432,1853785908,17,0,0,25088,17,2042510562
8593,1853526633,215979,1853742612,33,0,0,29184,33,280961240
8594,1853530636,12308,1853542944,9,0,1,20480,9,1914569926
8595,1853535646,9884,1853545530,29,0,1,4096,29,6382706619
8596,1853536071,395721,1853931792,27,0,0,68096,27,4317222515
8597,1853537093,13900,1853550993,9,0,1,24576,9,10204827452
8598,1853537192,70305,1853607497,2,0,0,3072,2,4720390538
8599,1853540804,15184,1853555988,17,0,1,7680,17,153479871
8600,1853589058,153725,1853742783,38,0,0,512,38,7596303759
8601,1853613276,319334,1853932610,39,0,0,2560,39,97180125
8602,1853650468,52688,1853703156,38,0,0,512,38,5237208445
8603,1853681689,5971,1853687660,32,0,1,14848,32,4452905830
8604,1853687192,6278,1853693470,33,0,1,6656,33,1394680331
8605,1853732544,149952,1853882496,25,0,0,37376,25,9190829005
8606,1853739676,4617,1853744293,7,0,1,1536,7,10654642615
8607,1853757566,4162,1853761728,32,0,1,11264,32,3831110741
8608,1853767105,1042,1853768147,34,0,1,1024,34,1234859460
8609,1853790485,31266,1853821751,13,0,1,50688,13,6903082884
8610,1853854987,13512,1853868499,5,0,1,26112,5,5072580015
8611,1853864576,6189,1853870765,14,0,1,3584,14,9478654682
8612,1853868698,13813,1853882511,16,0,1,512,16,4492637643
8613,1853885231,110973,1853996204,0,0,0,2048,0,7167410681
8614,1853887860,6754,1853894614,15,0,1,7168,15,9333352961
8615,1853889021,42794,1853931815,3,0,1,41984,3,1448679358
8616,1853893694,298774,1854192468,28,0,0,31744,28,4186189181
8617,1853906792,25833,1853932625,7,0,1,7168,7,1393450740
8618,1853907065,137481,1854044546,28,0,0,18432,28,2401722353
8619,1853912838,269943,1854182781,5,0,0,58880,5,3692716950
8620,1853921728,197675,1854119403,11,0,0,48128,11,6025923861
8621,1853931288,3348,1853934636,10,0,1,2048,10,586933083
8622,1853950719,1042,1853951761,17,0,1,1024,17,8686610587
8623,1853955756,21916,1853977672,32,0,1,35840,32,3834291397
8624,1853974505,224182,1854198687,25,0,0,4096,25,5158927816
8625,1853985008,2470,1853987478,1,0,1,2560,1,9490236052
8626,1854005986,13600,1854019586,10,0,1,23040,10,10132344375
8627,1854016906,68440,1854085346,26,0,0,1536,26,5803713294
8628,1854025409,115966,1854141375,26,0,0,512,26,8911253383
8629,1854040873,175716,1854216589,29,0,0,512,29,648001520
8630,1854053518,86477,1854139995,39,0,0,1024,39,2301358734
8631,1854089240,5802,1854095042,7,0,1,6144,7,7256776720
8632,1854098239,330229,1854428468,9,0,0,20480,9,3178355504
8633,1854109800,12482,1854122282,18,0,1,8704,18,8871008737
8634,1854114692,9842,1854124534,34,0,1,2560,34,989831588
8635,1854133250,7230,1854140480,7,0,1,7680,7,4738007028
8636,1854147417,98852,1854246269,27,0,0,24576,27,9928203098
8637,1854184050,9928,1854193978,23,0,1,1536,23,6277905739
8638,1854201138,91354,1854292492,14,0,0,1024,14,4888628356
8639,1854252514,4850,1854257364,39,0,1,5120,39,9927631962
8640,1854285869,13858,1854299727,38,0,1,23552,38,4471525984
8641,1854299900,87048,1854386948,30,0,0,10240,30,9495189812
8642,1854315258,185138,1854500396,6,0,0,95232,6,8764544791
8643,1854342993,2470,1854345463,26,0,1,2560,26,1891071872
8644,1854343670,4379,1854348049,28,0,1,4096,28,8907929949
8645,1854354319,99859,1854454178,0,0,0,1536,0,1425978903
8646,1854389428,2946,1854392374,10,0,1,3072,10,8450521286
8647,1854400402,4679,1854405081,8,0,1,12288,8,5903044396
8648,1854409052,1042,1854410094,8,0,1,1024,8,2947231088
8649,1854427805,152573,1854580378,0,0,0,512,0,8139382493
8650,1854450914,49669,1854500583,0,0,0,512,0,4462047160
8651,1854462293,149456,1854611749,26,0,0,512,26,7025866791
8652,1854466386,3645,1854470031,8,0,1,10240,8,981050748
8653,1854481820,22367,1854504187,16,0,1,10240,16,10416074227
8654,1854487785,18823,1854506608,29,0,1,3072,29,9270251240
8655,1854502516,92670,1854595186,22,0,0,13824,22,4264313195
8656,1854513099,158201,1854671300,36,0,0,37376,36,4470512439
8657,1854546443,129105,1854675548,38,0,0,512,38,2989861550
8658,1854591881,5291,1854597172,10,0,1,2048,10,7687054940
8659,1854606319,308898,1854915217,9,0,0,130048,9,7204857731
8660,1854631232,566,1854631798,35,0,1,512,35,8066325582
8661,1854686673,173639,1854860312,13,0,0,7680,13,9832466156
8662,1854692178,294151,1854986329,28,0,0,179712,28,5660593672
8663,1854726278,566,1854726844,39,0,1,512,39,3565214443
8664,1854760192,164571,1854924763,30,0,0,30720,30,7243143823
8665,1854776901,6754,1854783655,8,0,1,7168,8,3845332288
8666,1854779087,145847,1854924934,38,0,0,512,38,4511570974
8667,1854782839,72799,1854855638,19,0,1,118272,19,8174866720
8668,1854790133,125255,1854915388,26,0,0,512,26,934199545
8669,1854806324,266352,1855072676,31,0,0,67584,31,63914532
8670,1854813919,42590,1854856509,13,0,1,12288,13,8194009425
8671,1854816790,43585,1854860375,34,0,1,6144,34,528444042
8672,1854825024,161484,1854986508,29,0,0,512,29,2965354421
8673,1854840083,23198,1854863281,4,0,1,4608,4,8167631952
8674,1854843349,233569,1855076918,33,0,0,13312,33,6330150872
8675,1854855748,14804,1854870552,31,0,1,28672,31,10473139218
8676,1854901962,114379,1855016341,6,0,0,13824,6,5148514044
8677,1854957537,177545,1855135082,9,0,0,4096,9,4861502049
8678,1854970265,66317,1855036582,8,0,0,1024,8,4488537258
8679,1854993123,566,1854993689,30,0,1,512,30,7968054593
8680,1855006807,66040,1855072847,33,0,0,512,33,266786854
8681,1855012992,174508,1855187500,31,0,0,107520,31,8536428346
8682,1855016801,267485,1855284286,27,0,0,136704,27,6468852937
8683,1855021129,566,1855021695,15,0,1,512,15,6114874760
8684,1855025375,80218,1855105593,38,0,0,3072,38,51745040
8685,1855028991,165115,1855194106,29,0,0,2048,29,4391533392
8686,1855037661,256476,1855294137,36,0,0,32256,36,4875420092
8687,1855073600,441505,1855515105,33,0,0,82432,33,10551872224
8688,1855086247,262176,1855348423,35,0,0,49664,35,7346637540
8689,1855100294,566,1855100860,21,0,1,512,21,2697147794
8690,1855109215,566,1855109781,0,0,1,512,0,1459673908
8691,1855123329,322857,1855446186,25,0,0,27648,25,9188778451
8692,1855128925,239780,1855368705,28,0,0,35328,28,6234052961
8693,1855135490,1994,1855137484,4,0,1,2048,4,151286633
8694,1855150976,286585,1855437561,33,0,0,79872,33,5887232749
8695,1855158444,30132,1855188576,13,0,1,1024,13,9512277018
8696,1855160337,135054,1855295391,33,0,0,2560,33,4972138268
8697,1855163164,28104,1855191268,26,0,1,3584,26,4217609081
8698,1855206997,245311,1855452308,34,0,0,17920,34,4571938869
8699,1855216036,12566,1855228602,26,0,1,20992,26,5558714199
8700,1855221040,312385,1855533425,4,0,0,512,4,3438211829
8701,1855231500,3898,1855235398,7,0,1,4096,7,10310626855
8702,1855244793,56558,1855301351,34,0,1,7680,34,8632548408
8703,1855263389,174343,1855437732,29,0,0,512,29,6184102971
8704,1855291321,241933,1855533254,30,0,0,18944,30,9186453901
8705,1855296501,185335,1855481836,38,0,0,1024,38,7042493817
8706,1855301946,12566,1855314512,23,0,1,20992,23,4470048064
8707,1855302829,224638,1855527467,2,0,0,512,2,5303548019
8708,1855305198,47365,1855352563,26,0,0,512,26,6477843335
8709,1855318834,10241,1855329075,4,0,1,16384,4,7757709189
8710,1855324835,202461,1855527296,27,0,0,39936,27,4968243591
8711,1855332467,220342,1855552809,6,0,0,17408,6,2002380485
8712,1855338285,14826,1855353111,0,0,1,12288,0,8412780281
8713,1855345426,101407,1855446833,13,0,0,2048,13,9191017212
8714,1855381257,433136,1855814393,31,0,0,76288,31,10106876949
8715,1855396888,40859,1855437747,13,0,1,44032,13,6701828217
8716,1855436806,237989,1855674795,39,0,0,1024,39,5329504585
8717,1855449751,6464,1855456215,21,0,1,4096,21,3728224721
8718,1855450746,5815,1855456561,28,0,1,512,28,6234028932
8719,1855453345,203762,1855657107,23,0,0,10752,23,617381169
8720,1855454627,2280,1855456907,0,0,1,512,0,5785839370
8721,1855475348,58404,1855533752,29,0,0,1024,29,8606369836
8722,1855493007,232829,1855725836,27,0,0,12800,27,3197202116
8723,1855521051,18019,1855539070,32,0,1,5632,32,1846653541
8724,1855545291,165592,1855710883,1,0,0,55808,1,9032459307
8725,1855580102,14117,1855594219,13,0,1,24064,13,6500493596
8726,1855590658,70595,1855661253,38,0,0,3072,38,7970738181
8727,1855599630,186746,1855786376,33,0,0,50176,33,2648512946
8728,1855612636,309510,1855922146,37,0,0,77312,37,405923265
8729,1855625696,165399,1855791095,1,0,0,15360,1,9242800539
8730,1855668622,226557,1855895179,1,0,0,25088,1,8206383827
8731,1855675643,211869,1855887512,9,0,0,16896,9,3129779105
8732,1855677640,395391,1856073031,9,0,0,97280,9,3784998439
8733,1855678811,11791,1855690602,18,0,1,19456,18,10163098835
8734,1855682207,28691,1855710898,32,0,1,5632,32,8719294463
8735,1855690418,382784,1856073202,8,0,0,512,8,430992346
8736,1855708671,288814,1855997485,11,0,0,77312,11,7130067368
8737,1855716354,211137,1855927491,37,0,0,1024,37,10378410302
8738,1855726340,64770,1855791110,36,0,1,81920,36,2917671365
8739,1855766358,262505,1856028863,34,0,0,58368,34,9726359797
8740,1855774073,40343,1855814416,33,0,1,6656,33,2941830173
8741,1855774120,225905,1856000025,0,0,0,1024,0,9312417612
8742,1855776471,37960,1855814431,6,0,1,2560,6,8679552847
8743,1855780348,248850,1856029198,26,0,0,1024,26,10254872043
8744,1855792498,24415,1855816913,10,0,1,2560,10,1970513078
8745,1855802196,26280,1855828476,3,0,1,25600,3,3694075727
8746,1855803165,27577,1855830742,14,0,1,3584,14,1989392988
8747,1855842216,242631,1856084847,8,0,0,1024,8,4007769664
8748,1855852704,305934,1856158638,29,0,0,1024,29,864477125
8749,1855863626,2946,1855866572,35,0,1,3072,35,8634621364
8750,1855880369,14833,1855895202,11,0,1,17408,11,2675912887
8751,1855885663,344138,1856229801,14,0,0,512,14,1932927949
8752,1855887607,285554,1856173161,3,0,0,47616,3,3921867604
8753,1855908825,249486,1856158311,24,0,0,37888,24,4910962337
8754,1855913450,233302,1856146752,33,0,0,48640,33,7560675360
8755,1855935863,145000,1856080863,31,0,0,3072,31,1440023116
8756,1855939131,136449,1856075580,31,0,0,7680,31,8688954669
8757,1855947664,238772,1856186436,9,0,0,43520,9,9793351289
8758,1855958299,6229,1855964528,10,0,1,15360,10,10397404780
8759,1855994397,6026,1856000423,21,0,1,3072,21,6599783733
8760,1856019553,53672,1856073225,19,0,1,36352,19,9602435778
8761,1856033497,168056,1856201553,25,0,0,11264,25,3476333066
8762,1856050171,49635,1856099806,13,0,1,40448,13,7185785991
8763,1856069789,31195,1856100984,4,0,1,13824,4,8051969571
8764,1856078960,214119,1856293079,4,0,0,43520,4,700135601
8765,1856088662,320171,1856408833,15,0,0,43520,15,8582356198
8766,1856187861,87896,1856275757,22,0,0,13824,22,8938303230
8767,1856210754,176733,1856387487,2,0,0,512,2,7682193143
8768,1856236690,5326,1856242016,9,0,1,5632,9,2000869549
8769,1856255038,140520,1856395558,1,0,0,11776,1,2277429692
8770,1856278756,14338,1856293094,10,0,1,2048,10,9606152387
8771,1856301282,4374,1856305656,35,0,1,4608,35,7614454692
8772,1856303287,4635,1856307922,23,0,1,3584,23,9717975747
8773,1856320867,1042,1856321909,1,0,1,1024,1,7079705336
8774,1856323861,159568,1856483429,5,0,0,68608,5,5708412952
8775,1856330911,2470,1856333381,35,0,1,2560,35,3834992987
8776,1856333062,2946,1856336008,14,0,1,3072,14,4065565933
8777,1856357001,11533,1856368534,19,0,1,18944,19,9532756022
8778,1856366666,228389,1856595055,24,0,0,7680,24,49741215
8779,1856371248,3645,1856374893,28,0,1,10240,28,3787577891
8780,1856375564,133100,1856508664,14,0,0,1536,14,9078875049
8781,1856387699,204346,1856592045,31,0,0,99328,31,3833118576
8782,1856389388,129272,1856518660,34,0,0,4096,34,2860333074
8783,1856389921,320559,1856710480,23,0,0,72704,23,7137967957
8784,1856391424,17424,1856408848,9,0,1,4608,9,9767279604
8785,1856411148,181544,1856592692,26,0,0,2048,26,7374244410
8786,1856434816,170324,1856605140,3,0,0,14848,3,4408711480
8787,1856444445,91131,1856535576,39,0,0,512,39,5008463937
8788,1856456646,2870,1856459516,12,0,1,8704,12,2337455998
8789,1856457986,147497,1856605483,26,0,0,1024,26,5183975350
8790,1856461349,198317,1856659666,39,0,0,2560,39,1614027234
8791,1856475735,9697,1856485432,8,0,1,2048,8,10594136814
8792,1856478941,12351,1856491292,14,0,1,7680,14,5217309240
8793,1856498357,144409,1856642766,35,0,0,6144,35,9697926856
8794,1856503304,105932,1856609236,2,0,0,2048,2,4410685822
8795,1856534821,6278,1856541099,8,0,1,6656,8,2702808544
8796,1856564620,345164,1856909784,37,0,0,8704,37,1596094876
8797,1856572619,235709,1856808328,23,0,0,20992,23,4232362692
8798,1856578841,28514,1856607355,39,0,1,20480,39,3929476041
8799,1856596493,12758,1856609251,3,0,1,9728,3,2511029018
8800,1856596982,85598,1856682580,29,0,0,1024,29,1778217960
8801,1856616985,1042,1856618027,39,0,1,1024,39,8594556320
8802,1856629305,187790,1856817095,27,0,0,20480,27,3440018055
8803,1856674605,127312,1856801917,30,0,0,57344,30,1262500753
8804,1856699521,16294,1856715815,9,0,1,5632,9,4953410615
8805,1856707610,25219,1856732829,19,0,1,33280,19,5449786104
8806,1856715065,18110,1856733175,17,0,1,512,17,10234006049
8807,1856740389,111824,1856852213,3,0,0,5120,3,10045501377
8808,1856749599,5326,1856754925,1,0,1,5632,1,7615894735
8809,1856760800,4420,1856765220,21,0,1,11776,21,8952602790
8810,1856783459,140941,1856924400,31,0,0,1024,31,6132841250
8811,1856790250,26860,1856817110,14,0,1,11264,14,3691126721
8812,1856791894,25231,1856817125,2,0,1,2560,2,2276328707
8813,1856805540,18308,1856823848,31,0,1,18432,31,1614325200
8814,1856829891,12049,1856841940,5,0,1,19968,5,5174271297
8815,1856841488,3422,1856844910,10,0,1,3584,10,4451164469
8816,1856843332,66467,1856909799,19,0,1,108032,19,3720438528
8817,1856875221,259096,1857134317,5,0,0,74240,5,8416551562
8818,1856877402,226327,1857103729,8,0,0,4096,8,5533826417
8819,1856898976,109379,1857008355,6,0,0,12800,6,2682891869
8820,1856924822,351490,1857276312,10,0,0,3072,10,4055732985
8821,1856962629,1518,1856964147,31,0,1,1536,31,3422509273
8822,1856963182,1951,1856965133,17,0,1,1536,17,5496905163
8823,1856966331,55045,1857021376,31,0,1,93696,31,5524183760
8824,1856977071,176596,1857153667,39,0,0,512,39,2189226331
8825,1856996333,138467,1857134800,38,0,0,1536,38,1979114931
8826,1857000824,138515,1857139339,33,0,0,14848,33,2311415869
8827,1857004677,21845,1857026522,9,0,1,8192,9,9071069352
8828,1857006350,165297,1857171647,36,0,0,1024,36,8939523743
8829,1857029339,1042,1857030381,10,0,1,1024,10,9240397716
8830,1857037997,31524,1857069521,31,0,1,51200,31,6559616466
8831,1857044271,26236,1857070507,33,0,1,1536,33,1518838799
8832,1857047214,24919,1857072133,19,0,1,2560,19,183539423
8833,1857056220,16579,1857072799,35,0,1,1024,35,4749959806
8834,1857057417,182943,1857240360,10,0,0,1024,10,7204781775
8835,1857065469,7586,1857073055,17,0,1,9216,17,315045654
8836,1857081380,1994,1857083374,16,0,1,2048,16,7512631050
8837,1857089175,343890,1857433065,21,0,0,44032,21,4395454661
8838,1857136610,4732,1857141342,9,0,1,2048,9,10215023144
8839,1857137780,9898,1857147678,12,0,1,8192,12,3136207395
8840,1857152642,238421,1857391063,15,0,0,73728,15,2915223291
8841,1857158629,452544,1857611173,37,0,0,105984,37,8302757957
8842,1857172759,1994,1857174753,29,0,1,2048,29,10429360316
8843,1857207773,211861,1857419634,17,0,0,93696,17,946631732
8844,1857210839,368027,1857578866,9,0,0,84480,9,3993643773
8845,1857215780,51257,1857267037,19,0,1,82944,19,7022553942
8846,1857238344,30319,1857268663,35,0,1,2560,35,4184455409
8847,1857254481,20493,1857274974,16,0,1,22016,16,8678392928
8848,1857258962,417438,1857676400,1,0,0,37888,1,7184688320
8849,1857260608,172472,1857433080,13,0,1,204800,13,1028702887
8850,1857293035,255930,1857548965,10,0,0,512,10,2999813673
8851,1857296460,136635,1857433095,11,0,1,1536,11,7621253175
8852,1857310878,301277,1857612155,17,0,0,2560,17,395183174
8853,1857332686,286520,1857619206,11,0,0,23040,11,5603980016
8854,1857333911,277433,1857611344,39,0,0,512,39,9425242862
8855,1857367670,65440,1857433110,0,0,1,2048,0,3871461596
8856,1857368625,65486,1857434111,16,0,1,1024,16,8562446464
8857,1857401292,33805,1857435097,11,0,1,1536,11,6647272597
8858,1857411280,253561,1857664841,36,0,0,12800,36,6898783575
8859,1857415096,328075,1857743171,21,0,0,36864,21,9597061693
8860,1857431379,226961,1857658340,20,0,0,32256,20,10140643296
8861,1857458968,1994,1857460962,35,0,1,2048,35,7035446489
8862,1857459673,6278,1857465951,32,0,1,6656,32,7381288981
8863,1857481797,218272,1857700069,23,0,0,19968,23,10293962000
8864,1857493389,289010,1857782399,22,0,0,2048,22,4712067675
8865,1857504503,240734,1857745237,24,0,0,6656,24,6030076380
8866,1857525596,1518,1857527114,38,0,1,1536,38,3101559386
8867,1857527578,193479,1857721057,35,0,0,8192,35,5994135837
8868,1857533583,2946,1857536529,38,0,1,3072,38,2514453547
8869,1857543827,302583,1857846410,30,0,0,18432,30,10736222273
8870,1857547349,306252,1857853601,30,0,0,23552,30,6845305292
8871,1857567619,52588,1857620207,21,0,1,1024,21,6335143574
8872,1857576291,46314,1857622605,15,0,1,9216,15,9000013493
8873,1857601684,23071,1857624755,14,0,1,2560,14,9353602976
8874,1857604364,218530,1857822894,20,0,0,62976,20,3978037665
8875,1857634664,3898,1857638562,30,0,1,4096,30,4836645355
8876,1857642177,286737,1857928914,36,0,0,8704,36,2846896399
8877,1857652416,23999,1857676415,35,0,1,10752,35,9469445492
8878,1857707338,90562,1857797900,34,0,0,1536,34,3547689606
8879,1857714525,3645,1857718170,10,0,1,10240,10,10110506914
8880,1857723970,5196,1857729166,8,0,1,13312,8,113270850
8881,1857728051,15135,1857743186,30,0,1,6144,30,7556489
8882,1857737662,209234,1857946896,9,0,0,48640,9,8095284049
8883,1857749232,5802,1857755034,2,0,1,6144,2,7787546460
8884,1857753760,1940,1857755700,7,0,1,1024,7,4582624340
8885,1857757873,102399,1857860272,19,0,1,165888,19,5211564211
8886,1857776296,464738,1858241034,27,0,0,46592,27,7978156807
8887,1857794059,192605,1857986664,0,0,0,512,0,1827648198
8888,1857807140,53286,1857860426,23,0,1,8704,23,6295983931
8889,1857808387,52193,1857860580,14,0,1,8704,14,10458802553
8890,1857815684,288646,1858104330,1,0,0,105472,1,3866324146
8891,1857819530,285127,1858104657,14,0,0,1024,14,6038387029
8892,1857824220,402587,1858226807,15,0,0,22016,15,613056428
8893,1857827353,318815,1858146168,34,0,0,136192,34,6710893498
8894,1857856557,11791,1857868348,39,0,1,19456,39,9355946932
8895,1857856762,363314,1858220076,11,0,0,103936,11,1498923682
8896,1857858225,417635,1858275860,35,0,0,114176,35,4488810085
8897,1857873972,1042,1857875014,1,0,1,1024,1,5667333657
8898,1857942154,339969,1858282123,13,0,0,20480,13,9901798838
8899,1857951897,2946,1857954843,12,0,1,3072,12,2282983391
8900,1857972706,365783,1858338489,15,0,0,86016,15,9286542608
8901,1858010381,1518,1858011899,21,0,1,1536,21,4910818790
8902,1858018533,1994,1858020527,31,0,1,2048,31,3799800709
8903,1858065216,1042,1858066258,21,0,1,1024,21,2889811673
8904,1858100440,47280,1858147720,31,0,1,1536,31,10482964868
8905,1858129563,358529,1858488092,33,0,0,74240,33,7683213116
8906,1858142637,466289,1858608926,36,0,0,50688,36,5279724164
8907,1858153219,142190,1858295409,9,0,0,5120,9,7198171736
8908,1858165599,116703,1858282302,38,0,0,512,38,10633534314
8909,1858179042,286415,1858465457,26,0,0,512,26,1451761595
8910,1858180227,275636,1858455863,15,0,0,53248,15,398338751
8911,1858182016,283238,1858465254,20,0,0,30720,20,8280884467
8912,1858199336,41721,1858241057,35,0,1,4096,35,9046373927
8913,1858216698,282032,1858498730,25,0,0,34816,25,6364169557
8914,1858228642,426870,1858655512,24,0,0,17920,24,9728665968
8915,1858239899,581348,1858821247,33,0,0,49152,33,4535804477
8916,1858252632,33324,1858285956,0,0,1,10240,0,9199574462
8917,1858263114,264861,1858527975,37,0,0,18944,37,1731343609
8918,1858273319,18390,1858291709,17,0,1,6656,17,2747089476
8919,1858284810,348422,1858633232,0,0,0,18432,0,9275252831
8920,1858292779,475917,1858768696,31,0,0,1024,31,8580921612
8921,1858297182,294735,1858591917,22,0,0,20992,22,5364710147
8922,1858321298,20895,1858342193,2,0,1,10240,2,264613194
8923,1858327754,16860,1858344614,15,0,1,3072,15,1234088661
8924,1858327896,415943,1858743839,30,0,0,46592,30,4267015787
8925,1858337469,11413,1858348882,14,0,1,6656,14,6795234384
8926,1858345008,13083,1858358091,13,0,1,22016,13,5111610437
8927,1858349812,8945,1858358757,21,0,1,1024,21,2273697985
8928,1858349986,224219,1858574205,3,0,0,55808,3,6805836351
8929,1858357511,3387,1858360898,11,0,1,9728,11,6826845251
8930,1858360163,140797,1858500960,34,0,0,2048,34,5867859270
8931,1858364027,136278,1858500305,21,0,0,5120,21,8616903904
8932,1858412815,3898,1858416713,6,0,1,4096,6,8138283572
8933,1858439763,48344,1858488107,7,0,1,10240,7,8816790854
8934,1858452173,50955,1858503128,13,0,1,60928,13,9651445624
8935,1858456583,509652,1858966235,36,0,0,28160,36,4292729482
8936,1858462658,42096,1858504754,39,0,1,2560,39,7734330750
8937,1858487682,57299,1858544981,38,0,0,512,38,7799697391
8938,1858498614,8467,1858507081,36,0,1,14848,36,4595640412
8939,1858506015,262175,1858768190,23,0,0,79872,23,10718781357
8940,1858516326,268974,1858785300,3,0,0,35328,3,7081218262
8941,1858520975,7023,1858527998,12,0,1,7168,12,8722311494
8942,1858521105,285151,1858806256,27,0,0,34304,27,9341360403
8943,1858532582,76367,1858608949,36,0,1,118272,36,9264963112
8944,1858537038,71926,1858608964,39,0,1,2048,39,1391200410
8945,1858547412,61567,1858608979,23,0,1,9216,23,2610227016
8946,1858551646,57348,1858608994,14,0,1,9728,14,8255080406
8947,1858555711,320787,1858876498,36,0,0,36864,36,9096504297
8948,1858556186,52823,1858609009,17,0,1,512,17,2100784910
8949,1858560129,211736,1858771865,13,0,0,8192,13,9647529759
8950,1858572209,196152,1858768361,14,0,0,512,14,2747490760
8951,1858576784,275397,1858852181,20,0,0,17920,20,5987869563
8952,1858600864,9622,1858610486,9,0,1,1536,9,7752121824
8953,1858624556,265185,1858889741,9,0,0,35328,9,7772310920
8954,1858641781,22433,1858664214,19,0,1,36864,19,5236021539
8955,1858668169,153873,1858822042,10,0,0,2560,10,6626925994
8956,1858668402,256938,1858925340,27,0,0,5120,27,4377504107
8957,1858693987,238876,1858932863,33,0,0,19456,33,4975841676
8958,1858700224,345437,1859045661,1,0,0,72192,1,215135892
8959,1858712642,72673,1858785315,13,0,1,113664,13,902175263
8960,1858741568,80489,1858822057,13,0,1,62464,13,8520699679
8961,1858795007,157002,1858952009,19,0,0,5120,19,4168902165
8962,1858809482,14102,1858823584,30,0,1,1536,30,3283088304
8963,1858810977,143694,1858954671,8,0,0,1536,8,6045419696
8964,1858857229,1518,1858858747,22,0,1,1536,22,7946952636
8965,1858869752,8732,1858878484,32,0,1,2048,32,4514027176
8966,1858878259,71115,1858949374,34,0,0,2048,34,1966156348
8967,1858893364,4420,1858897784,13,0,1,11776,13,9205338928
8968,1858917970,14908,1858932878,29,0,1,22528,29,4346239948
8969,1858947632,1757,1858949389,39,0,1,1536,39,5997015849
8970,1858953411,12847,1858966258,9,0,1,20992,9,5535453795
8971,1858962776,4493,1858967269,15,0,1,1024,15,204983235
8972,1858988515,344872,1859333387,31,0,0,45056,31,1804853389
8973,1858990598,176716,1859167314,21,0,0,3584,21,1777468843
8974,1858996906,23983,1859020889,31,0,1,39936,31,2430843672
8975,1859019375,4100,1859023475,10,0,1,4096,10,8800277014
8976,1859050293,384817,1859435110,24,0,0,146432,24,3904410660
8977,1859062185,4850,1859067035,18,0,1,5120,18,8520570826
8978,1859070777,64851,1859135628,8,0,0,1536,8,5244299180
8979,1859088085,3898,1859091983,35,0,1,4096,35,5418227318
8980,1859103931,1994,1859105925,31,0,1,2048,31,9856791652
8981,1859118442,566,1859119008,18,0,1,512,18,5548749294
8982,1859123060,1518,1859124578,7,0,1,1536,7,7666063168
8983,1859127225,3387,1859130612,14,0,1,9728,14,8027212550
8984,1859127793,320446,1859448239,24,0,0,21504,24,6272099467
8985,1859128353,6284,1859134637,9,0,1,4608,9,2476892274
8986,1859133355,3898,1859137253,18,0,1,4096,18,6870114277
8987,1859142370,4850,1859147220,7,0,1,5120,7,10145384934
8988,1859155357,2470,1859157827,2,0,1,2560,2,9931162241
8989,1859193256,150097,1859343353,2,0,0,1024,2,9705819261
8990,1859216398,1518,1859217916,33,0,1,1536,33,7223469098
8991,1859223722,299127,1859522849,21,0,0,38400,21,7332618582
8992,1859248534,7230,1859255764,1,0,1,7680,1,2932887036
8993,1859249609,477943,1859727552,28,0,0,60416,28,8955391066
8994,1859251891,8379,1859260270,23,0,1,7168,23,3414525405
8995,1859282941,336754,1859619695,5,0,0,113152,5,8375170556
8996,1859294398,6754,1859301152,15,0,1,7168,15,5295710194
8997,1859309884,344812,1859654696,30,0,0,60416,30,2968928567
8998,1859311557,123763,1859435320,2,0,0,512,2,5705020273
8999,1859318958,14444,1859333402,16,0,1,5632,16,4156674658
9000,1859327342,201799,1859529141,2,0,0,1536,2,9580007896
9001,1859339874,203508,1859543382,20,0,0,44544,20,2011890163
9002,1859362607,131807,1859494414,39,0,0,1536,39,2600170455
9003,1859363435,328594,1859692029,5,0,0,1536,5,9607634214
9004,1859366701,177032,1859543733,10,0,0,1024,10,8347549625
9005,1859376737,246561,1859623298,6,0,0,11776,6,2599363941
9006,1859384508,4679,1859389187,7,0,1,12288,7,5633115893
9007,1859389849,45284,1859435133,6,0,1,6656,6,179234373
9008,1859391464,137194,1859528658,13,0,0,16384,13,6554071513
9009,1859400897,38619,1859439516,2,0,1,11264,2,6998265397
9010,1859400902,47352,1859448254,34,0,1,3584,34,4504827912
9011,1859413861,34408,1859448269,4,0,1,1024,4,2689392836
9012,1859422274,40349,1859462623,31,0,1,36864,31,4132249278
9013,1859432305,236973,1859669278,8,0,0,512,8,7770159789
9014,1859445360,132428,1859577788,36,0,0,3072,36,10612626470
9015,1859445887,357765,1859803652,30,0,0,37888,30,7264541467
9016,1859484821,262256,1859747077,35,0,0,29184,35,5435710806
9017,1859496386,2470,1859498856,30,0,1,2560,30,7874871932
9018,1859504755,2470,1859507225,14,0,1,2560,14,8287607237
9019,1859530703,340560,1859871263,22,0,0,49664,22,7042654726
9020,1859533623,16347,1859549970,34,0,1,6656,34,8732556966
9021,1859535688,89357,1859625045,15,0,0,5632,15,1781481474
9022,1859549124,1512,1859550636,39,0,1,1024,39,4618109101
9023,1859556813,4162,1859560975,29,0,1,11264,29,4292760345
9024,1859575674,79037,1859654711,13,0,1,115712,13,10444368800
9025,1859594846,59888,1859654734,0,0,1,1024,0,7383797821
9026,1859605515,49234,1859654749,11,0,1,9216,11,2454279980
9027,1859616982,230100,1859847082,20,0,0,23040,20,9323551157
9028,1859620755,34009,1859654764,18,0,1,2048,18,1409280465
9029,1859647280,208836,1859856116,36,0,0,23040,36,4224116727
9030,1859665942,10241,1859676183,13,0,1,16384,13,963362531
9031,1859667338,348486,1860015824,2,0,0,18944,2,2033604674
9032,1859672979,3665,1859676644,31,0,1,10240,31,5770942734
9033,1859677915,127287,1859805202,39,0,0,1536,39,2796565745
9034,1859683189,445974,1860129163,37,0,0,40960,37,5866746960
9035,1859684275,1042,1859685317,33,0,1,1024,33,4962569386
9036,1859688183,200987,1859889170,1,0,0,54784,1,5327797052
9037,1859693769,3422,1859697191,2,0,1,3584,2,10159958149
9038,1859724044,6922,1859730966,12,0,1,3584,12,7464986813
9039,1859737807,9293,1859747100,29,0,1,10240,29,9672079379
9040,1859739105,14218,1859753323,31,0,1,15360,31,10327526248
9041,1859742353,43788,1859786141,3,0,1,56832,3,3293455555
9042,1859767369,220104,1859987473,39,0,0,512,39,4083641956
9043,1859773384,15023,1859788407,30,0,1,3584,30,7755632642
9044,1859791197,357511,1860148708,38,0,0,1024,38,8252778111
9045,1859796218,423362,1860219580,34,0,0,38400,34,3677442192
9046,1859825245,1994,1859827239,33,0,1,2048,33,6272644768
9047,1859840972,227051,1860068023,28,0,0,6656,28,8778923092
9048,1859866249,5572,1859871821,7,0,1,512,7,2823094745
9049,1859895114,564408,1860459522,17,0,0,88064,17,4750804561
9050,1859895698,345031,1860240729,6,0,0,63488,6,3898173379
9051,1859897924,11791,1859909715,2,0,1,19456,2,376341003
9052,1859904211,513764,1860417975,24,0,0,18432,24,5939649845
9053,1859912729,278336,1860191065,29,0,0,1024,29,9059273326
9054,1859928200,14545,1859942745,36,0,1,28160,36,2796652138
9055,1859933438,664233,1860597671,31,0,0,130048,31,3458808213
9056,1859935364,179381,1860114745,27,0,0,48128,27,2662267461
9057,1859936474,432755,1860369229,28,0,0,11776,28,3658158372
9058,1859943441,468895,1860412336,27,0,0,62464,27,4043242482
9059,1859958889,4679,1859963568,39,0,1,12288,39,697631391
9060,1859960848,13367,1859974215,36,0,1,18944,36,8297661960
9061,1859970340,338352,1860308692,4,0,0,117760,4,1989941331
9062,1859977478,566,1859978044,14,0,1,512,14,3685752337
9063,1859983466,480766,1860464232,38,0,0,2560,38,8232703499
9064,1859994910,3898,1859998808,11,0,1,4096,11,6775935662
9065,1860003129,126057,1860129186,3,0,1,186368,3,10491735753
9066,1860027349,101852,1860129201,15,0,1,4096,15,4811872182
9067,1860028341,622651,1860650992,21,0,0,72192,21,6781726235
9068,1860031701,567545,1860599246,23,0,0,5120,23,4897032854
9069,1860039010,90206,1860129216,28,0,1,4608,28,4453813834
9070,1860040301,611056,1860651357,29,0,0,1024,29,4362160862
9071,1860059616,569292,1860628908,24,0,0,17408,24,3742060024
9072,1860059701,69530,1860129231,4,0,1,7168,4,9871244231
9073,1860085144,665811,1860750955,26,0,0,512,26,4377356659
9074,1860088707,442715,1860531422,2,0,0,45568,2,152172130
9075,1860089331,424663,1860513994,14,0,0,16896,14,3652502622
9076,1860093478,369959,1860463437,17,0,0,12800,17,7202630671
9077,1860098101,31145,1860129246,19,0,1,8704,19,10527331015
9078,1860117040,13232,1860130272,33,0,1,1024,33,6936321099
9079,1860128762,24934,1860153696,31,0,1,43520,31,1500574565
9080,1860163800,1518,1860165318,9,0,1,1536,9,7690246733
9081,1860170448,3422,1860173870,39,0,1,3584,39,4544040018
9082,1860189696,4374,1860194070,21,0,1,4608,21,8102039110
9083,1860197184,4850,1860202034,15,0,1,5120,15,4275821886
9084,1860205142,566,1860205708,11,0,1,512,11,3918420965
9085,1860206707,13083,1860219790,26,0,1,22016,26,5132346857
9086,1860207253,101494,1860308747,36,0,1,146432,36,2019391138
9087,1860226229,82533,1860308762,7,0,1,11264,7,10572830708
9088,1860236576,230175,1860466751,22,0,0,8192,22,3393591015
9089,1860280942,31237,1860312179,17,0,1,9728,17,4010516235
9090,1860281922,88810,1860370732,13,0,0,1536,13,9718786420
9091,1860285847,26998,1860312845,29,0,1,1024,29,6023558152
9092,1860286365,31505,1860317870,38,0,1,6144,38,5848118594
9093,1860294227,456541,1860750768,17,0,0,112640,17,2066469155
9094,1860322068,1042,1860323110,6,0,1,1024,6,3798324425
9095,1860358231,4374,1860362605,3,0,1,4608,3,8361995464
9096,1860359261,4650,1860363911,34,0,1,2048,34,8320689184
9097,1860387733,2946,1860390679,22,0,1,3072,22,9231832095
9098,1860399635,351491,1860751126,38,0,0,512,38,7714463027
9099,1860452063,517065,1860969128,36,0,0,49664,36,1328488008
9100,1860490580,289667,1860780247,31,0,0,17920,31,10712312393
9101,1860494704,280068,1860774772,6,0,0,52736,6,8533078645
9102,1860524493,336603,1860861096,0,0,0,50176,0,5779493408
9103,1860525139,358025,1860883164,0,0,0,11776,0,3277480230
9104,1860526751,253667,1860780418,13,0,0,512,13,1521581228
9105,1860558002,287775,1860845777,36,0,0,93696,36,7946023357
9106,1860572382,652440,1861224822,9,0,0,122880,9,466794836
9107,1860596290,331009,1860927299,36,0,0,12288,36,490631904
9108,1860623958,27049,1860651007,15,0,1,1536,15,3665647148
9109,1860624418,26604,1860651022,30,0,1,1536,30,3239881309
9110,1860639588,23519,1860663107,13,0,1,19456,13,4579034432
9111,1860652408,264613,1860917021,22,0,0,7680,22,2296885141
9112,1860682542,477783,1861160325,9,0,0,168448,9,4513311518
9113,1860685998,381225,1861067223,0,0,0,40448,0,3102190411
9114,1860699273,407244,1861106517,14,0,0,9216,14,8598035696
9115,1860703210,95019,1860798229,29,0,0,512,29,6752230595
9116,1860704396,391744,1861096140,31,0,0,48128,31,7225558217
9117,1860707014,238453,1860945467,20,0,0,21504,20,5969632756
9118,1860718809,317498,1861036307,13,0,0,19968,13,5462836119
9119,1860722003,32980,1860754983,7,0,1,4096,7,3609604554
9120,1860821456,365911,1861187367,22,0,0,46592,22,5545617122
9121,1860823698,347207,1861170905,34,0,0,22016,34,529170870
9122,1860826825,272317,1861099142,21,0,0,9728,21,5100055154
9123,1860834537,30992,1860865529,22,0,1,4608,22,9940594969
9124,1860841600,385140,1861226740,17,0,0,4096,17,138958710
9125,1860852152,43394,1860895546,36,0,1,57344,36,6460512389
9126,1860877032,21420,1860898452,9,0,1,4608,9,4388961012
9127,1861006991,218478,1861225469,3,0,0,2048,3,3291127427
9128,1861012639,149549,1861162188,26,0,0,1024,26,10100439401
9129,1861049098,2870,1861051968,4,0,1,8704,4,8782544552
9130,1861049324,123616,1861172940,8,0,0,512,8,9272789541
9131,1861051432,2386,1861053818,10,0,1,2048,10,4497321656
9132,1861061033,8652,1861069685,35,0,1,2560,35,8819087982
9133,1861080272,15883,1861096155,1,0,1,3584,1,3688419709
9134,1861092969,282769,1861375738,34,0,0,17408,34,1422923192
9135,1861107125,313100,1861420225,11,0,0,20992,11,5343740492
9136,1861108418,118805,1861227223,10,0,0,1536,10,6031437450
9137,1861113759,57161,1861170920,19,0,1,14336,19,9088674627
9138,1861144545,26390,1861170935,34,0,1,11264,34,1980738808
9139,1861149662,150047,1861299709,6,0,0,43008,6,9566105300
9140,1861183003,47626,1861230629,29,0,1,3584,29,3211012925
9141,1861190998,179421,1861370419,1,0,0,47104,1,2473636780
9142,1861218733,43157,1861261890,31,0,1,55296,31,1924822226
9143,1861237652,24699,1861262351,0,0,1,10240,0,6801010934
9144,1861249793,209424,1861459217,33,0,0,8704,33,5018270289
9145,1861255839,6858,1861262697,35,0,1,512,35,2256988450
9146,1861258822,12566,1861271388,0,0,1,20992,0,8795873631
9147,1861267981,153359,1861421340,0,0,0,3584,0,9593287602
9148,1861270865,185685,1861456550,22,0,0,29696,22,8184272052
9149,1861277922,1042,1861278964,6,0,1,1024,6,3503890703
9150,1861297721,6400,1861304121,2,0,1,11776,2,2364279338
9151,1861378286,566,1861378852,1,0,1,512,1,9656191190
9152,1861400042,85227,1861485269,29,0,0,2048,29,7913835618
9153,1861401660,2470,1861404130,11,0,1,2560,11,5706737187
9154,1861416797,8400,1861425197,38,0,1,4096,38,7103014346
9155,1861457131,5024,1861462155,34,0,1,3072,34,579756442
9156,1861510976,23725,1861534701,3,0,1,39424,3,7031027187
9157,1861515706,153351,1861669057,36,0,0,22528,36,2289427422
9158,1861531365,123142,1861654507,22,0,0,1536,22,5100442354
9159,1861545500,108524,1861654024,3,0,0,56320,3,10579201033
9160,1861546351,1518,1861547869,32,0,1,1536,32,6288114994
9161,1861551992,1042,1861553034,34,0,1,1024,34,305508277
9162,1861586306,3422,1861589728,2,0,1,3584,2,5046457465
9163,1861606972,1518,1861608490,23,0,1,1536,23,1814416825
9164,1861615412,77243,1861692655,25,0,0,3072,25,4204719307
9165,1861634192,20330,1861654522,28,0,1,16384,28,5290631069
9166,1861657890,111989,1861769879,23,0,0,46080,23,5735311902
9167,1861698717,2470,1861701187,12,0,1,2560,12,3589014128
9168,1861703060,138261,1861841321,0,0,0,42496,0,8842096080
9169,1861706245,190804,1861897049,19,0,0,68608,19,711297318
9170,1861711099,6754,1861717853,11,0,1,7168,11,7077195731
9171,1861711273,160101,1861871374,11,0,0,24576,11,7166728410
9172,1861734522,4374,1861738896,39,0,1,4608,39,9525997558
9173,1861741090,184974,1861926064,23,0,0,33792,23,5574570649
9174,1861746474,2870,1861749344,20,0,1,8704,20,2956385752
9175,1861820731,20605,1861841336,8,0,1,17408,8,6079688220
9176,1861841878,55342,1861897220,26,0,0,512,26,6217580918
9177,1861843045,2946,1861845991,5,0,1,3072,5,3831970835
9178,1861843127,3530,1861846657,32,0,1,1024,32,782857587
9179,1861857420,13969,1861871389,15,0,1,7168,15,7045263398
9180,1861887624,63644,1861951268,8,0,0,3584,8,150809669
9181,1861888545,122641,1862011186,10,0,0,512,10,418062561
9182,1861907266,3128,1861910394,10,0,1,9216,10,9638703170
9183,1861917347,12607,1861929954,34,0,1,4096,34,8107416864
9184,1861932399,2946,1861935345,14,0,1,3072,14,7796253494
9185,1861939316,6754,1861946070,16,0,1,7168,16,3191147396
9186,1861951511,7230,1861958741,11,0,1,7680,11,1662905587
9187,1861957270,101192,1862058462,22,0,0,32256,22,5176317327
9188,1861959587,3128,1861962715,8,0,1,9216,8,8817119490
9189,1861983096,194082,1862177178,3,0,0,10240,3,8067838507
9190,1861990223,127141,1862117364,24,0,0,18944,24,1612347569
9191,1861994196,11274,1862005470,1,0,1,18432,1,1872185028
9192,1862019182,209717,1862228899,31,0,0,17408,31,1576966797
9193,1862020310,105731,1862126041,23,0,0,3584,23,321466007
9194,1862039222,92496,1862131718,28,0,0,18432,28,7550460178
9195,1862081971,116243,1862198214,30,0,0,45056,30,776233079
9196,1862088999,283138,1862372137,21,0,0,21504,21,5840420563
9197,1862091234,67238,1862158472,3,0,1,114176,3,6047933959
9198,1862108423,51035,1862159458,9,0,1,1536,9,9136449553
9199,1862114695,47029,1862161724,35,0,1,3584,35,1720840936
9200,1862123344,53933,1862177277,3,0,1,49664,3,10706187797
9201,1862131885,190092,1862321977,9,0,0,50688,9,8875320487
9202,1862158930,194643,1862353573,22,0,0,9728,22,2218325550
9203,1862163596,34633,1862198229,28,0,1,32768,28,4666389815
9204,1862171125,177008,1862348133,31,0,0,20992,31,2133103460
9205,1862174953,23291,1862198244,16,0,1,2048,16,8153162520
9206,1862196148,3130,1862199278,1,0,1,1024,1,1781710991
9207,1862200593,4937,1862205530,0,0,1,12800,0,1504998651
9208,1862207504,1042,1862208546,0,0,1,1024,0,3880718243
9209,1862233851,3422,1862237273,35,0,1,3584,35,9286497959
9210,1862244312,3898,1862248210,23,0,1,4096,23,1441188278
9211,1862283129,4374,1862287503,2,0,1,4608,2,5426570379
9212,1862286971,308123,1862595094,11,0,0,88576,11,9815351943
9213,1862288678,5454,1862294132,33,0,1,13824,33,5457468163
9214,1862304381,17619,1862322000,29,0,1,3072,29,4498880579
9215,1862307113,17326,1862324439,9,0,1,2560,9,3139231510
9216,1862326084,62450,1862388534,10,0,0,1024,10,9449297952
9217,1862330771,566,1862331337,23,0,1,512,23,6226976603
9218,1862359228,249039,1862608267,38,0,0,512,38,730415622
9219,1862364436,11016,1862375452,18,0,1,17920,18,22314622
9220,1862402262,11016,1862413278,10,0,1,17920,10,3598454222
9221,1862402340,332328,1862734668,35,0,0,95744,35,7504588534
9222,1862408216,6048,1862414264,4,0,1,1536,4,6390936666
9223,1862414242,86988,1862501230,39,0,0,512,39,9096566748
9224,1862417116,187221,1862604337,14,0,0,30208,14,4698215963
9225,1862446504,121587,1862568091,2,0,0,5120,2,4444697073
9226,1862447377,5971,1862453348,15,0,1,14848,15,6266985884
9227,1862465832,4374,1862470206,1,0,1,4608,1,1851361174
9228,1862466245,141851,1862608096,14,0,0,12288,14,4735991221
9229,1862475932,14287,1862490219,28,0,1,27648,28,1112443591
9230,1862510501,4937,1862515438,23,0,1,12800,23,5619199477
9231,1862510957,5467,1862516424,22,0,1,1536,22,5940783154
9232,1862515694,3387,1862519081,26,0,1,9728,26,1270578800
9233,1862523746,166546,1862690292,8,0,0,512,8,9905528469
9234,1862524746,3128,1862527874,38,0,1,9216,38,5875447189
9235,1862551071,216507,1862767578,22,0,0,31232,22,9682384372
9236,1862553116,1994,1862555110,7,0,1,2048,7,6897486618
9237,1862556618,1994,1862558612,26,0,1,2048,26,1345595008
9238,1862558466,322392,1862880858,35,0,0,103936,35,2431357129
9239,1862558661,209556,1862768217,26,0,0,2048,26,1505617507
9240,1862570279,39014,1862609293,0,0,1,1024,0,6340922366
9241,1862571096,277440,1862848536,22,0,0,52736,22,6478045774
9242,1862575173,39361,1862614534,10,0,1,14848,10,2446158957
9243,1862591301,87090,1862678391,14,0,0,512,14,8049531222
9244,1862605139,294165,1862899304,3,0,0,32768,3,8775110124
9245,1862606782,298816,1862905598,24,0,0,13824,24,9157790775
9246,1862613807,4850,1862618657,9,0,1,5120,9,9623073973
9247,1862693400,106354,1862799754,36,0,0,3584,36,6156815779
9248,1862733009,294225,1863027234,22,0,0,64512,22,4734779822
9249,1862733180,3065,1862736245,9,0,1,1536,9,2121215719
9250,1862733870,155427,1862889297,20,0,0,27648,20,9906998949
9251,1862734155,115020,1862849175,30,0,0,2048,30,8413197616
9252,1862746281,155074,1862901355,11,0,0,6656,11,4715619634
9253,1862768453,233860,1863002313,4,0,0,33280,4,5806061569
9254,1862777018,215140,1862992158,17,0,0,19968,17,6189469224
9255,1862796564,3387,1862799951,23,0,1,9728,23,1560765700
9256,1862805499,165900,1862971399,3,0,0,42496,3,986002829
9257,1862817999,189406,1863007405,19,0,0,10240,19,7319788430
9258,1862825613,117792,1862943405,36,0,0,7680,36,1372645442
9259,1862856826,218163,1863074989,5,0,0,1024,5,1280873165
9260,1862876183,349634,1863225817,3,0,0,91648,3,9892043767
9261,1862881544,262561,1863144105,17,0,0,13824,17,4495617320
9262,1862883949,218070,1863102019,2,0,0,34304,2,8599665187
9263,1862898236,20366,1862918602,3,0,1,25088,3,4531121482
9264,1862899312,20161,1862919473,0,0,1,12288,0,4985483903
9265,1862912940,333680,1863246620,15,0,0,21504,15,6516988152
9266,1862917922,403416,1863321338,36,0,0,94208,36,460771883
9267,1862946422,1994,1862948416,39,0,1,2048,39,7881715846
9268,1862946511,192885,1863139396,1,0,0,27136,1,7450834877
9269,1862946964,5006,1862951970,32,0,1,5120,32,3883399742
9270,1862948762,115559,1863064321,8,0,0,1536,8,9441144295
9271,1862949021,4162,1862953183,28,0,1,11264,28,8793413647
9272,1862975981,2470,1862978451,17,0,1,2560,17,4458908706
9273,1862983318,19010,1863002328,7,0,1,8192,7,1661068514
9274,1862983632,18711,1863002343,21,0,1,10240,21,1074008599
9275,1863041501,566,1863042067,22,0,1,512,22,517749990
9276,1863098142,14110,1863112252,19,0,1,16384,19,8889436557
9277,1863103515,233484,1863336999,9,0,0,49664,9,6265664410
9278,1863104250,122050,1863226300,8,0,0,1536,8,199575876
9279,1863106011,6395,1863112406,2,0,1,8704,2,6876763662
9280,1863131737,12383,1863144120,26,0,1,9216,26,5288262139
9281,1863136093,211159,1863347252,30,0,0,11776,30,10491747111
9282,1863162589,4374,1863166963,35,0,1,4608,35,1249861925
9283,1863208755,133587,1863342342,31,0,0,17408,31,7988551552
9284,1863209005,22508,1863231513,4,0,1,13312,4,8202077516
9285,1863236824,2946,1863239770,29,0,1,3072,29,7121375109
9286,1863237672,243647,1863481319,27,0,0,18432,27,5785928215
9287,1863250065,71779,1863321844,3,0,0,1536,3,2753334977
9288,1863265577,7230,1863272807,33,0,1,7680,33,10411792696
9289,1863272622,3422,1863276044,23,0,1,3584,23,6481178621
9290,1863278751,566,1863279317,5,0,1,512,5,9967960650
9291,1863280312,41041,1863321353,3,0,1,23552,3,9992575459
9292,1863297222,45143,1863342365,23,0,1,2560,23,8725414164
9293,1863304592,37788,1863342380,10,0,1,4608,10,7317834610
9294,1863309900,180802,1863490702,14,0,0,30720,14,2581726622
9295,1863334471,8437,1863342908,18,0,1,512,18,3394538818
9296,1863348063,3422,1863351485,38,0,1,3584,38,5996758664
9297,1863378579,4850,1863383429,18,0,1,5120,18,114682221
9298,1863407628,3904,1863411532,1,0,1,10752,1,9471727689
9299,1863414126,157196,1863571322,21,0,0,74752,21,7133720056
9300,1863415757,2470,1863418227,33,0,1,2560,33,5721012441
9301,1863416139,96713,1863512852,10,0,0,512,10,916841955
9302,1863447264,127484,1863574748,39,0,0,1024,39,8337768997
9303,1863448847,566,1863449413,7,0,1,512,7,3395038494
9304,1863450781,120891,1863571672,8,0,0,1024,8,1076991461
9305,1863453717,179129,1863632846,8,0,0,512,8,6549722125
9306,1863457084,49604,1863506688,11,0,0,4096,11,3182996891
9307,1863467806,1994,1863469800,34,0,1,2048,34,1636318885
9308,1863476673,27329,1863504002,22,0,1,22528,22,3179977859
9309,1863488482,21114,1863509596,18,0,1,18432,18,9337322179
9310,1863504963,66382,1863571345,31,0,1,101888,31,4717634378
9311,1863525699,134227,1863659926,38,0,0,2560,38,4169958876
9312,1863561418,226086,1863787504,35,0,0,47104,35,4964557457
9313,1863580993,337560,1863918553,20,0,0,12288,20,914372538
9314,1863600048,11016,1863611064,2,0,1,17920,2,822091098
9315,1863609317,228362,1863837679,23,0,0,35328,23,5361752845
9316,1863628773,109176,1863737949,4,0,0,30720,4,3828220946
9317,1863647594,315129,1863962723,37,0,0,41984,37,8299176930
9318,1863649302,417349,1864066651,1,0,0,109056,1,10066267548
9319,1863676628,234614,1863911242,4,0,0,58880,4,8582622902
9320,1863681622,6278,1863687900,16,0,1,6656,16,10402282617
9321,1863686847,333287,1864020134,28,0,0,77312,28,7114428548
9322,1863702521,401762,1864104283,10,0,0,2560,10,6112974785
9323,1863743277,2470,1863745747,35,0,1,2560,35,8753939522
9324,1863766002,6754,1863772756,5,0,1,7168,5,2158129697
9325,1863770697,75295,1863845992,13,0,1,126464,13,3474104214
9326,1863803411,350379,1864153790,19,0,0,45568,19,8232683424
9327,1863815965,133951,1863949916,3,0,0,32256,3,4318488899
9328,1863826643,23215,1863849858,2,0,1,6144,2,3162933686
9329,1863833054,275231,1864108285,35,0,0,1024,35,6783625123
9330,1863851036,442285,1864293321,35,0,0,61952,35,664347906
9331,1863872107,503413,1864375520,23,0,0,104960,23,10328088453
9332,1863886102,214120,1864100222,24,0,0,20992,24,1259720419
9333,1863888219,3645,1863891864,22,0,1,10240,22,6835380446
9334,1863891299,129630,1864020929,38,0,0,2560,38,9349912811
9335,1863897326,89720,1863987046,13,0,1,127488,13,7322370130
9336,1863914393,304598,1864218991,10,0,0,3072,10,10565356622
9337,1863928136,398177,1864326313,22,0,0,4096,22,5516195141
9338,1863935346,378021,1864313367,24,0,0,5632,24,9361413116
9339,1863958005,30027,1863988032,11,0,1,1536,11,7374523615
9340,1863964553,111391,1864075944,8,0,0,512,8,3181482819
9341,1863969766,295005,1864264771,13,0,0,37376,13,10355400829
9342,1864014273,9594,1864023867,23,0,1,3072,23,6904291074
9343,1864030275,349487,1864379762,22,0,0,13312,22,2986268166
9344,1864039310,34129,1864073439,10,0,1,7168,10,3355726066
9345,1864062681,12064,1864074745,4,0,1,2048,4,3157965216
9346,1864063805,243912,1864307717,17,0,0,15360,17,10548425287
9347,1864070160,8131,1864078291,33,0,1,5632,33,6612278315
9348,1864072028,354294,1864426322,3,0,0,21504,3,4450120398
9349,1864077576,3904,1864081480,15,0,1,10752,15,5190430400
9350,1864085889,316481,1864402370,36,0,0,23552,36,2030733499
9351,1864090308,566,1864090874,9,0,1,512,9,7069504388
9352,1864090348,872,1864091220,1,0,1,512,1,3111498196
9353,1864092907,7330,1864100237,6,0,1,10752,6,10117374324
9354,1864109640,371453,1864481093,3,0,0,179712,3,5841675658
9355,1864126389,1518,1864127907,1,0,1,1536,1,3809199079
9356,1864172048,211029,1864383077,11,0,0,10752,11,4071531302
9357,1864176408,354209,1864530617,21,0,0,15872,21,2210672606
9358,1864200002,175689,1864375691,8,0,0,512,8,1613820311
9359,1864218198,274383,1864492581,2,0,0,12800,2,5219353574
9360,1864240262,1994,1864242256,20,0,1,2048,20,2769198892
9361,1864243763,337640,1864581403,14,0,0,18944,14,3576819868
9362,1864244072,244594,1864488666,21,0,0,15872,21,7192147559
9363,1864246896,4850,1864251746,2,0,1,5120,2,1127431881
9364,1864255327,13856,1864269183,38,0,1,11776,38,8785782950
9365,1864265805,3724,1864269529,15,0,1,512,15,9932324770
9366,1864288903,194912,1864483815,2,0,0,8704,2,1251436559
9367,1864308903,1042,1864309945,4,0,1,1024,4,3159887071
9368,1864316992,66412,1864383404,38,0,0,1024,38,8808450374
9369,1864351730,191780,1864543510,23,0,0,15360,23,5977851902
9370,1864358411,27422,1864385833,14,0,1,2560,14,10239225571
9371,1864365715,21424,1864387139,32,0,1,2048,32,5635177704
9372,1864385585,5802,1864391387,39,0,1,6144,39,247208746
9373,1864403024,248049,1864651073,37,0,0,38400,37,3714584776
9374,1864410801,70323,1864481124,28,0,1,68096,28,10594876090
9375,1864433519,153523,1864587042,3,0,0,18432,3,424298298
9376,1864446738,72565,1864519303,13,0,1,48640,13,6477790785
9377,1864456231,431927,1864888158,28,0,0,111104,28,2736499870
9378,1864458045,274662,1864732707,31,0,0,36352,31,6043464620
9379,1864466276,483661,1864949937,24,0,0,46592,24,6346775092
9380,1864480355,41854,1864522209,38,0,1,4608,38,4982565567
9381,1864499961,465138,1864965099,26,0,0,512,26,814850727
9382,1864517146,447782,1864964928,35,0,0,49152,35,9579203111
9383,1864522539,1994,1864524533,23,0,1,2048,23,6768672928
9384,1864537470,24154,1864561624,36,0,1,43520,36,1426338717
9385,1864555798,7772,1864563570,30,0,1,3072,30,10232048262
9386,1864557521,246962,1864804483,8,0,0,512,8,6989505964
9387,1864563240,1042,1864564282,35,0,1,1024,35,9588134090
9388,1864577453,358273,1864935726,2,0,0,100864,2,2934930015
9389,1864594114,22433,1864616547,3,0,1,36864,3,9044921737
9390,1864594180,194276,1864788456,24,0,0,16896,24,7447041203
9391,1864598008,22085,1864620093,0,0,1,5632,0,4119504185
9392,1864609595,11804,1864621399,14,0,1,2048,14,7802377397
9393,1864615827,10718,1864626545,5,0,1,8192,5,5968526222
9394,1864624976,410045,1865035021,4,0,0,37376,4,8956929600
9395,1864637912,532551,1865170463,30,0,0,25088,30,6217345911
9396,1864668689,85130,1864753819,37,0,0,5632,37,10301978641
9397,1864696907,376373,1865073280,21,0,0,125440,21,8741958992
9398,1864712155,4374,1864716529,6,0,1,4608,6,7567036762
9399,1864736640,1518,1864738158,15,0,1,1536,15,7753387958
9400,1864746912,469090,1865216002,39,0,0,512,39,8580354978
9401,1864752406,12679,1864765085,5,0,1,18432,5,1762766318
9402,1864764189,361477,1865125666,30,0,0,53248,30,10066326201
9403,1864764268,526376,1865290644,0,0,0,27136,0,8717116018
9404,1864783812,432011,1865215823,25,0,0,130048,25,9029339627
9405,1864785350,7497,1864792847,22,0,1,4608,22,10694466679
9406,1864796455,1994,1864798449,39,0,1,2048,39,686579106
9407,1864800144,2470,1864802614,20,0,1,2560,20,4143504919
9408,1864802732,220886,1865023618,23,0,0,9728,23,5688860431
9409,1864809543,264491,1865074034,13,0,0,2048,13,3725486293
9410,1864810184,5326,1864815510,3,0,1,5632,3,4456913293
9411,1864852106,36091,1864888197,8,0,1,20480,8,2224873046
9412,1864853662,111476,1864965138,3,0,1,104960,3,3004156701
9413,1864853963,111190,1864965153,12,0,1,2048,12,10029540515
9414,1864863813,358616,1865222429,0,0,0,20992,0,9097336196
9415,1864870639,94529,1864965168,17,0,1,1536,17,8864894307
9416,1864942548,130779,1865073327,36,0,1,114688,36,3105753501
9417,1864948765,124577,1865073342,28,0,1,11264,28,3098874589
9418,1864949824,123533,1865073357,7,0,1,3584,7,7712528443
9419,1864978005,95367,1865073372,32,0,1,10240,32,4550929983
9420,1864982096,91291,1865073387,22,0,1,3072,22,6914189902
9421,1864988720,347773,1865336493,38,0,0,2048,38,4361365882
9422,1865012137,431997,1865444134,28,0,0,167936,28,1197611951
9423,1865019283,474504,1865493787,28,0,0,162816,28,10723817303
9424,1865023390,56653,1865080043,21,0,1,7168,21,7012401176
9425,1865023880,56624,1865080504,39,0,1,10240,39,8110396537
9426,1865025896,350497,1865376393,3,0,0,19968,3,7992227011
9427,1865033234,51970,1865085204,11,0,1,15872,11,10071537392
9428,1865034696,55134,1865089830,17,0,1,6656,17,7421355008
9429,1865044108,46081,1865090189,23,0,1,9728,23,8927447052
9430,1865054105,37710,1865091815,21,0,1,2560,21,6384219140
9431,1865073251,429045,1865502296,23,0,0,18432,23,558078035
9432,1865079387,265627,1865345014,6,0,0,13312,6,5924641250
9433,1865110454,386211,1865496665,15,0,0,9216,15,8875835120
9434,1865118997,7728,1865126725,34,0,1,1024,34,5596066946
9435,1865140543,573988,1865714531,13,0,0,72192,13,5906368235
9436,1865147162,4850,1865152012,29,0,1,5120,29,2472472897
9437,1865169306,186172,1865355478,25,0,0,17408,25,4087761912
9438,1865186699,328784,1865515483,13,0,0,19456,13,293897769
9439,1865197738,92921,1865290659,19,0,1,112640,19,5967238867
9440,1865199455,404319,1865603774,6,0,0,72192,6,9547767807
9441,1865203135,89091,1865292226,18,0,1,5120,18,9934206183
9442,1865208320,87452,1865295772,1,0,1,5632,1,6921023561
9443,1865210234,435924,1865646158,39,0,0,1536,39,9335045116
9444,1865211816,115522,1865327338,13,0,1,101888,13,8528609213
9445,1865212895,430557,1865643452,31,0,0,87040,31,9689559689
9446,1865214547,367216,1865581763,9,0,0,16896,9,8806728512
9447,1865224908,277559,1865502467,3,0,0,512,3,8836401637
9448,1865235340,93176,1865328516,20,0,1,13824,20,1575425914
9449,1865238547,94795,1865333342,9,0,1,7680,9,2204889257
9450,1865277899,367752,1865645651,1,0,0,7168,1,6496735359
9451,1865305885,306268,1865612153,20,0,0,4608,20,6821821762
9452,1865308355,382902,1865691257,31,0,0,102912,31,5628058892
9453,1865310113,24535,1865334648,6,0,1,2048,6,1538565381
9454,1865312074,27080,1865339154,20,0,1,7168,20,5188553333
9455,1865330159,14870,1865345029,30,0,1,5632,30,6209135820
9456,1865334980,57113,1865392093,36,0,1,97792,36,8880546326
9457,1865339983,502526,1865842509,31,0,0,11264,31,10104697152
9458,1865357316,86833,1865444149,7,0,1,1536,7,4819107667
9459,1865384657,59507,1865444164,4,0,1,13824,4,10380793501
9460,1865388049,105761,1865493810,32,0,1,3072,32,248880849
9461,1865396013,443049,1865839062,21,0,0,51200,21,6041334368
9462,1865401294,369703,1865770997,30,0,0,19968,30,8610900104
9463,1865402466,103407,1865505873,12,0,1,3584,12,9200706213
9464,1865411654,94565,1865506219,32,0,1,512,32,6366158566
9465,1865439947,68858,1865508805,7,0,1,4096,7,5322671397
9466,1865473039,590828,1866063867,24,0,0,15872,24,8870421552
9467,1865503326,295383,1865798709,4,0,0,11264,4,7116000789
9468,1865535861,2870,1865538731,15,0,1,8704,15,8506831735
9469,1865539919,152601,1865692520,15,0,0,4096,15,6123613991
9470,1865541229,487134,1866028363,28,0,0,104448,28,4860590696
9471,1865543011,60778,1865603789,28,0,1,77312,28,7291947760
9472,1865554277,49535,1865603812,22,0,1,4096,22,6939240717
9473,1865558003,363150,1865921153,24,0,0,29184,24,3841661874
9474,1865589699,16176,1865605875,4,0,1,2048,4,3033402065
9475,1865591327,16823,1865608150,35,0,1,10240,35,9722060968
9476,1865593346,121208,1865714554,36,0,1,107008,36,274392276
9477,1865593977,496448,1866090425,28,0,0,40960,28,7688323124
9478,1865602824,283872,1865886696,28,0,0,14848,28,7471554137
9479,1865605702,189560,1865795262,2,0,0,6144,2,8023970002
9480,1865611473,103096,1865714569,3,0,1,1536,3,5782528915
9481,1865626414,285832,1865912246,36,0,0,25088,36,1997133332
9482,1865649064,65520,1865714584,21,0,1,2560,21,3013884655
9483,1865654324,389209,1866043533,34,0,0,49664,34,2013271122
9484,1865670792,45344,1865716136,26,0,1,1536,26,10390418231
9485,1865703466,374464,1866077930,13,0,0,46080,13,7455977448
9486,1865710028,147404,1865857432,14,0,0,3584,14,6521336310
9487,1865710904,348096,1866059000,15,0,0,50688,15,3692400835
9488,1865722465,3422,1865725887,7,0,1,3584,7,5965803566
9489,1865723932,5196,1865729128,4,0,1,13312,4,6950718105
9490,1865758569,1994,1865760563,18,0,1,2048,18,7783787987
9491,1865801172,1518,1865802690,11,0,1,1536,11,3886327853
9492,1865803976,118284,1865922260,27,0,0,3584,27,961157595
9493,1865806728,2470,1865809198,9,0,1,2560,9,6922898795
9494,1865811144,1042,1865812186,6,0,1,1024,6,6952125880
9495,1865894095,262012,1866156107,9,0,0,46592,9,2517815043
9496,1865922554,288789,1866211343,15,0,0,66560,15,5625188852
9497,1865925864,1994,1865927858,5,0,1,2048,5,8643912037
9498,1865950869,3128,1865953997,12,0,1,9216,12,8683907255
9499,1865962335,279867,1866242202,30,0,0,40448,30,1119330978
9500,1865964266,225812,1866190078,39,0,0,2048,39,7037188409
9501,1865987867,263753,1866251620,31,0,0,4096,31,8348805945
9502,1865993710,34668,1866028378,21,0,1,5120,21,9916401275
9503,1866007060,301344,1866308404,27,0,0,18432,27,2002231002
9504,1866009317,335970,1866345287,31,0,0,15872,31,7489349553
9505,1866027441,67342,1866094783,2,0,1,4608,2,8920015017
9506,1866034287,63402,1866097689,23,0,1,4608,23,2469711564
9507,1866042824,56491,1866099315,8,0,1,2560,8,405705878
9508,1866058570,340464,1866399034,33,0,0,5632,33,4982847045
9509,1866096411,5170,1866101581,32,0,1,3584,32,10682816893
9510,1866107583,4850,1866112433,7,0,1,5120,7,4382565182
9511,1866110737,2682,1866113419,28,0,1,1536,28,6783056083
9512,1866125239,143979,1866269218,8,0,0,1536,8,6448724338
9513,1866129878,5196,1866135074,28,0,1,13312,28,6331110775
9514,1866149631,138054,1866287685,22,0,0,9728,22,355026300
9515,1866153690,235456,1866389146,22,0,0,26112,22,10255790302
9516,1866154907,8489,1866163396,8,0,1,7680,8,8593407964
9517,1866155834,10468,1866166302,30,0,1,4608,30,8462520331
9518,1866174493,172369,1866346862,25,0,0,5120,25,9608844694
9519,1866179006,236084,1866415090,24,0,0,27136,24,6689422401
9520,1866190913,20445,1866211358,4,0,1,1536,4,8829686575
9521,1866217577,305953,1866523530,13,0,0,14336,13,3018843434
9522,1866220677,96951,1866317628,17,0,0,2048,17,5430945712
9523,1866232737,248443,1866481180,15,0,0,90112,15,9749001372
9524,1866238248,58552,1866296800,8,0,0,512,8,588658449
9525,1866247111,4524,1866251635,2,0,1,3584,2,2896047396
9526,1866247354,4296,1866251650,14,0,1,512,14,5725627465
9527,1866274095,566,1866274661,9,0,1,512,9,8710585637
9528,1866275531,130247,1866405778,0,0,0,2560,0,1701558105
9529,1866297661,188847,1866486508,6,0,0,14336,6,10724461124
9530,1866299159,140801,1866439960,21,0,0,12800,21,6068767318
9531,1866299541,152460,1866452001,0,0,0,1536,0,5777497304
9532,1866305779,288126,1866593905,36,0,0,5632,36,8261387855
9533,1866329107,118442,1866447549,2,0,0,2048,2,7016906968
9534,1866336730,2470,1866339200,18,0,1,2560,18,205265077
9535,1866363852,3422,1866367274,21,0,1,3584,21,1019266322
9536,1866366716,1224,1866367940,0,0,1,1024,0,6136424487
9537,1866404883,240655,1866645538,29,0,0,1536,29,6733902811
9538,1866405661,9444,1866415105,1,0,1,7168,1,9957830472
9539,1866430650,415629,1866846279,24,0,0,133632,24,8983905944
9540,1866466698,224581,1866691279,0,0,0,127488,0,6280360612
9541,1866490857,1042,1866491899,14,0,1,1024,14,5010273858
9542,1866492000,428814,1866920814,34,0,0,86528,34,5796094120
9543,1866516549,1042,1866517591,10,0,1,1024,10,3674826002
9544,1866516910,580923,1867097833,19,0,0,31744,19,4305634564
9545,1866520862,9414,1866530276,38,0,1,7168,38,10292895210
9546,1866530971,501372,1867032343,15,0,0,43008,15,5458992120
9547,1866531920,471904,1867003824,15,0,0,60416,15,4166359311
9548,1866536270,6229,1866542499,30,0,1,15360,30,3752134101
9549,1866551771,566,1866552337,4,0,1,512,4,5409870415
9550,1866557803,5712,1866563515,32,0,1,14336,32,9311488359
9551,1866560458,305226,1866865684,27,0,0,62464,27,1997157299
9552,1866564779,3898,1866568677,10,0,1,4096,10,3024126608
9553,1866581398,1042,1866582440,6,0,1,1024,6,5496416367
9554,1866584432,197753,1866782185,22,0,0,3584,22,2067511910
9555,1866610171,194539,1866804710,31,0,0,26112,31,3805530584
9556,1866613557,35054,1866648611,28,0,1,61440,28,5157562269
9557,1866644628,5609,1866650237,22,0,1,2560,22,6351310599
9558,1866687375,234242,1866921617,10,0,0,2560,10,8494345614
9559,1866696352,150285,1866846637,37,0,0,512,37,348888641
9560,1866708629,137821,1866846450,39,0,0,512,39,6920002388
9561,1866714797,2870,1866717667,22,0,1,8704,22,8614711246
9562,1866717717,207191,1866924908,33,0,0,10752,33,325166775
9563,1866735896,6754,1866742650,39,0,1,7168,39,7103238115
9564,1866739280,6276,1866745556,8,0,1,4608,8,5695972304
9565,1866742507,4995,1866747502,15,0,1,3072,15,2975570942
9566,1866778903,3898,1866782801,1,0,1,4096,1,7112361288
9567,1866788824,298839,1867087663,0,0,0,101376,0,1782230197
9568,1866792037,357636,1867149673,36,0,0,51712,36,4984180012
9569,1866838142,117359,1866955501,2,0,0,2560,2,5042792655
9570,1866841897,308883,1867150780,22,0,0,3584,22,10114669537
9571,1866848636,96968,1866945604,2,0,0,17920,2,10111319885
9572,1866857776,10871,1866868647,8,0,1,3072,8,8479785990
9573,1866888016,3422,1866891438,30,0,1,3584,30,5480626374
9574,1866895940,192206,1867088146,38,0,0,1536,38,2521040895
9575,1866924650,2720,1866927370,39,0,1,2560,39,9979330469
9576,1866934416,324543,1867258959,3,0,0,13312,3,2444849095
9577,1866949721,566,1866950287,14,0,1,512,14,7783945712
9578,1866960827,1042,1866961869,16,0,1,1024,16,6886321700
9579,1866963805,10757,1866974562,39,0,1,17408,39,10676219016
9580,1866977339,2946,1866980285,12,0,1,3072,12,6708701317
9581,1867046561,85610,1867132171,0,0,0,13312,0,6860418958
9582,1867062954,40239,1867103193,6,0,1,5632,6,819667995
9583,1867080219,23640,1867103859,32,0,1,1024,32,2261709579
9584,1867087414,138893,1867226307,34,0,0,27136,34,2355579568
9585,1867099394,7371,1867106765,7,0,1,4608,7,8728256381
9586,1867110378,166679,1867277057,31,0,1,274432,31,370558981
9587,1867140550,141013,1867281563,14,0,1,7168,14,4383653790
9588,1867145356,128968,1867274324,31,0,0,13824,31,7685227640
9589,1867184511,355412,1867539923,34,0,0,7168,34,4397972685
9590,1867185011,206194,1867391205,19,0,0,50688,19,5587094752
9591,1867223774,63486,1867287260,30,0,1,27136,30,7352040661
9592,1867226645,296880,1867523525,11,0,0,7680,11,10547213386
9593,1867228656,265295,1867493951,28,0,0,75776,28,9677493159
9594,1867243212,380405,1867623617,22,0,0,124928,22,4680048981
9595,1867248316,40570,1867288886,36,0,1,2560,36,3377685559
9596,1867286109,4723,1867290832,28,0,1,3072,28,1254247906
9597,1867287981,361418,1867649399,27,0,0,16384,27,3722412361
9598,1867303537,228739,1867532276,11,0,0,28672,11,4951752001
9599,1867342900,177011,1867519911,8,0,0,512,8,1145658289
9600,1867357444,566,1867358010,16,0,1,512,16,10149656430
9601,1867374640,566,1867375206,22,0,1,512,22,8504802247
9602,1867393507,1518,1867395025,33,0,1,1536,33,8686038129
9603,1867420058,2870,1867422928,35,0,1,8704,35,8277493745
9604,1867423002,3128,1867426130,20,0,1,9216,20,10065496004
9605,1867426356,4374,1867430730,11,0,1,4608,11,4679604886
9606,1867428352,106435,1867534787,30,0,0,8192,30,8090532490
9607,1867432174,674992,1868107166,17,0,0,512,17,10632385827
9608,1867439460,249658,1867689118,24,0,0,59904,24,8548618738
9609,1867447530,538172,1867985702,14,0,0,88064,14,4669426161
9610,1867449939,566,1867450505,4,0,1,512,4,6367068690
9611,1867461160,4374,1867465534,23,0,1,4608,23,3725860196
9612,1867466555,335169,1867801724,2,0,0,50176,2,4616066091
9613,1867494082,292339,1867786421,30,0,0,76800,30,273330973
9614,1867501857,155045,1867656902,19,0,0,24576,19,9226936691
9615,1867512297,566,1867512863,11,0,1,512,11,10345788712
9616,1867543287,10241,1867553528,36,0,1,16384,36,5995800078
9617,1867544328,396707,1867941035,4,0,0,23552,4,9401994030
9618,1867577671,45977,1867623648,22,0,1,17920,22,5650954715
9619,1867586044,42465,1867628509,5,0,1,5120,5,8955316758
9620,1867588350,41465,1867629815,34,0,1,2048,34,9116852459
9621,1867589577,437586,1868027163,2,0,0,1536,2,4357217289
9622,1867627416,177771,1867805187,25,0,0,11264,25,3125361344
9623,1867629740,402952,1868032692,10,0,0,2048,10,4327870492
9624,1867629909,110090,1867739999,3,0,0,29184,3,6181604532
9625,1867639710,254101,1867893811,30,0,0,7168,30,10155575805
9626,1867650922,8842,1867659764,33,0,1,8704,33,9906299147
9627,1867667773,21360,1867689133,34,0,1,9216,34,5567331037
9628,1867669114,20034,1867689148,28,0,1,23040,28,8686976698
9629,1867688783,541838,1868230621,19,0,0,10240,19,4250836497
9630,1867698411,349314,1868047725,0,0,0,14848,0,7870475715
9631,1867708853,316556,1868025409,35,0,0,120832,35,2864956061
9632,1867726810,15321,1867742131,3,0,1,29696,3,2618606103
9633,1867737715,5722,1867743437,22,0,1,2048,22,446410434
9634,1867756011,4374,1867760385,18,0,1,4608,18,4451626558
9635,1867767493,264544,1868032037,25,0,0,15872,25,5480668095
9636,1867774293,46174,1867820467,19,0,1,29696,19,9822576107
9637,1867802445,19008,1867821453,26,0,1,1536,26,10061457414
9638,1867834421,4374,1867838795,2,0,1,4608,2,6783546967
9639,1867840729,325598,1868166327,19,0,0,25600,19,10007499713
9640,1867843681,144703,1867988384,11,0,0,8704,11,5817535631
9641,1867846178,186693,1868032871,5,0,0,512,5,2721929493
9642,1867846667,380811,1868227478,1,0,0,15872,1,708981299
9643,1867854234,608473,1868462707,25,0,0,38912,25,4043253419
9644,1867862556,274109,1868136665,30,0,0,79360,30,9448541948
9645,1867869404,411133,1868280537,17,0,0,1536,17,8065433357
9646,1867873346,396408,1868269754,23,0,0,2560,23,8951906851
9647,1867898924,127748,1868026672,38,0,0,4096,38,1359688845
9648,1867911273,230087,1868141360,37,0,0,15360,37,4807812433
9649,1867913437,75118,1867988555,8,0,0,512,8,1118711407
9650,1867914456,12825,1867927281,31,0,1,21504,31,297323034
9651,1867917384,68333,1867985717,3,0,1,83968,3,6073912534
9652,1867924627,138862,1868063489,17,0,0,512,17,5420727325
9653,1867928125,294502,1868222627,9,0,0,93184,9,960585128
9654,1867929378,145311,1868074689,35,0,0,14848,35,753731938
9655,1867934447,54123,1867988570,10,0,1,24576,10,3723574173
9656,1867940200,86978,1868027178,13,0,1,50176,13,6064699277
9657,1867983277,296675,1868279952,15,0,0,23040,15,758636379
9658,1867992234,247629,1868239863,20,0,0,30208,20,5437041431
9659,1868002700,541833,1868544533,25,0,0,33280,25,4386096883
9660,1868005716,293707,1868299423,9,0,0,16896,9,4259475089
9661,1868012427,26941,1868039368,19,0,1,15872,19,3255962969
9662,1868016720,434100,1868450820,31,0,0,144896,31,6603358675
9663,1868020276,60052,1868080328,17,0,0,512,17,4093478278
9664,1868026915,15221,1868042136,2,0,1,11776,2,6559615191
9665,1868038960,3522,1868042482,2,0,1,512,2,2849084094
9666,1868091883,218767,1868310650,10,0,0,1024,10,10427662582
9667,1868112142,364823,1868476965,35,0,0,19456,35,8257588596
9668,1868129076,126363,1868255439,33,0,0,2560,33,7789661336
9669,1868153906,76730,1868230636,13,0,1,104448,13,1700613190
9670,1868172708,298290,1868470998,13,0,0,27136,13,2226287138
9671,1868179968,302940,1868482908,27,0,0,19456,27,4283002094
9672,1868205899,41153,1868247052,14,0,1,7680,14,3426803415
9673,1868226113,23205,1868249318,4,0,1,3584,4,8140410463
9674,1868232475,20389,1868252864,26,0,1,5632,26,2054854468
9675,1868232977,276008,1868508985,1,0,0,65536,1,6612601404
9676,1868239997,14173,1868254170,32,0,1,2048,32,4246913963
9677,1868252590,3206,1868255796,26,0,1,2560,26,2516562806
9678,1868254009,408872,1868662881,29,0,0,512,29,3102253239
9679,1868282071,304250,1868586321,11,0,0,33792,11,658764563
9680,1868299446,459960,1868759406,20,0,0,36864,20,9103336704
9681,1868300562,1994,1868302556,38,0,1,2048,38,1115005656
9682,1868303370,1518,1868304888,29,0,1,1536,29,5577275707
9683,1868314912,405837,1868720749,22,0,0,27136,22,7152632648
9684,1868317166,2946,1868320112,9,0,1,3072,9,3011639791
9685,1868321514,3128,1868324642,8,0,1,9216,8,6455379399
9686,1868377095,332860,1868709955,31,0,0,122368,31,9078987290
9687,1868383084,4850,1868387934,15,0,1,5120,15,3218867158
9688,1868385398,7362,1868392760,21,0,1,7680,21,1824329578
9689,1868386356,448879,1868835235,28,0,0,44032,28,8414760740
9690,1868394544,403303,1868797847,35,0,0,80384,35,7879393093
9691,1868394989,317477,1868712466,31,0,0,8192,31,1505590295
9692,1868395786,6754,1868402540,35,0,1,7168,35,4561640957
9693,1868400931,271725,1868672656,23,0,0,26112,23,5513869802
9694,1868411600,196033,1868607633,17,0,0,1024,17,8094506892
9695,1868416059,452790,1868868849,25,0,0,49152,25,6869404928
9696,1868418716,90284,1868509000,2,0,1,7168,2,6212549390
9697,1868447450,215191,1868662641,13,0,0,14848,13,9216594072
9698,1868454668,269848,1868724516,23,0,0,12288,23,10648642510
9699,1868455604,346790,1868802394,11,0,0,14848,11,2524139548
9700,1868496974,228361,1868725335,24,0,0,2560,24,6652013165
9701,1868499873,112524,1868612397,13,0,0,1536,13,608144025
9702,1868518773,10499,1868529272,31,0,1,16896,31,9951215721
9703,1868526336,3922,1868530258,2,0,1,1536,2,3300078679
9704,1868540612,442055,1868982667,15,0,0,33280,15,7326413099
9705,1868543436,3584,1868547020,9,0,1,2560,9,1691834942
9706,1868554691,566,1868555257,38,0,1,512,38,2551973080
9707,1868566015,33503,1868599518,13,0,1,58368,13,7126792904
9708,1868566127,406370,1868972497,34,0,0,24576,34,2946776116
9709,1868568992,30872,1868599864,11,0,1,512,11,8468743386
9710,1868595011,457402,1869052413,37,0,0,4096,37,6067716385
9711,1868603735,1518,1868605253,23,0,1,1536,23,4501137577
9712,1868609636,1518,1868611154,30,0,1,1536,30,2526521629
9713,1868643394,5802,1868649196,11,0,1,6144,11,5452316233
9714,1868644243,103916,1868748159,13,0,0,32256,13,3524511871
9715,1868696600,440679,1869137279,23,0,0,151552,23,3922901988
9716,1868698740,27120,1868725860,1,0,1,512,1,1951396065
9717,1868700104,71300,1868771404,10,0,1,79360,10,7672593767
9718,1868707764,64946,1868772710,39,0,1,2048,39,4387192727
9719,1868725990,76419,1868802409,36,0,1,35840,36,2447802499
9720,1868734732,420547,1869155279,1,0,0,58880,1,5319798006
9721,1868750253,285116,1869035369,37,0,0,45056,37,2247701750
9722,1868774612,72701,1868847313,19,0,1,77312,19,1028110683
9723,1868787463,399157,1869186620,31,0,0,38912,31,8717927514
9724,1868804056,397555,1869201611,25,0,0,49152,25,10332087979
9725,1868805879,399182,1869205061,36,0,0,7680,36,9238786983
9726,1868819204,702194,1869521398,27,0,0,61440,27,4625805440
9727,1868848400,654248,1869502648,1,0,0,1024,1,3128756080
9728,1868874955,566,1868875521,6,0,1,512,6,7383165392
9729,1868875947,3422,1868879369,23,0,1,3584,23,6525519925
9730,1868891760,537589,1869429349,1,0,0,34816,1,6891230665
9731,1868905128,347366,1869252494,37,0,0,27136,37,9093243980
9732,1868910590,295994,1869206584,17,0,0,512,17,4213455902
9733,1868925450,15837,1868941287,3,0,1,30720,3,9642436108
9734,1868941825,4420,1868946245,18,0,1,11776,18,9258511655
9735,1868951238,3128,1868954366,19,0,1,9216,19,5471500458
9736,1868958224,2470,1868960694,11,0,1,2560,11,1133993831
9737,1868961144,11368,1868972512,29,0,1,12288,29,4268205320
9738,1868963182,683718,1869646900,14,0,0,103936,14,1461189293
9739,1868975422,282805,1869258227,9,0,0,4608,9,4456446103
9740,1868981028,5554,1868986582,21,0,1,4096,21,8602964463
9741,1868989056,1042,1868990098,8,0,1,1024,8,1758090800
9742,1869014179,289607,1869303786,36,0,0,5632,36,7600785583
9743,1869032996,341361,1869374357,34,0,0,48640,34,3360133576
9744,1869034296,4053,1869038349,31,0,1,3072,31,9485951642
9745,1869034796,383424,1869418220,34,0,0,50688,34,6654464815
9746,1869036705,216116,1869252821,29,0,0,1024,29,1518545854
9747,1869040076,97218,1869137294,13,0,1,84992,13,4617175481
9748,1869045996,456317,1869502313,24,0,0,9216,24,2000813364
9749,1869052320,502797,1869555117,3,0,0,110592,3,6441483182
9750,1869073393,63916,1869137309,32,0,1,3072,32,4058863880
9751,1869090320,47004,1869137324,5,0,1,15360,5,10257205092
9752,1869142131,17531,1869159662,0,0,1,4608,0,896660481
9753,1869146426,272121,1869418547,29,0,0,1024,29,9294470511
9754,1869159661,274285,1869433946,17,0,0,512,17,8420170066
9755,1869168570,186222,1869354792,17,0,0,512,17,3365768120
9756,1869192561,16765,1869209326,5,0,1,8192,5,4097964208
9757,1869197656,15216,1869212872,16,0,1,5632,16,3324556850
9758,1869216371,283119,1869499490,22,0,0,79360,22,6262516299
9759,1869217122,2946,1869220068,11,0,1,3072,11,2431354938
9760,1869223131,566,1869223697,12,0,1,512,12,3743246727
9761,1869286158,426512,1869712670,3,0,0,52736,3,7957122301
9762,1869287985,391352,1869679337,15,0,0,78848,15,2035243111
9763,1869321203,245033,1869566236,10,0,0,512,10,638084348
9764,1869322639,96087,1869418726,5,0,0,512,5,2185155000
9765,1869335566,393967,1869729533,36,0,0,55296,36,847066821
9766,1869341544,6754,1869348298,26,0,1,7168,26,1311236088
9767,1869352764,215881,1869568645,39,0,0,1024,39,7307387571
9768,1869396256,1518,1869397774,4,0,1,1536,4,4427382934
9769,1869399565,209696,1869609261,19,0,0,2560,19,2284519814
9770,1869408999,26587,1869435586,8,0,1,6656,8,3674250925
9771,1869421951,17501,1869439452,22,0,1,6144,22,6934547067
9772,1869424155,16782,1869440937,23,0,1,15360,23,5900420640
9773,1869424575,17348,1869441923,17,0,1,1536,17,8601642678
9774,1869443279,407831,1869851110,2,0,0,65024,2,7945416164
9775,1869469920,1518,1869471438,4,0,1,1536,4,5186287972
9776,1869472644,30019,1869502663,33,0,1,7680,33,9954587337
9777,1869478321,132689,1869611010,38,0,0,1024,38,7567503568
9778,1869515085,232633,1869747718,11,0,0,36352,11,7029482557
9779,1869519532,127547,1869647079,38,0,0,512,38,5217253540
9780,1869529025,29573,1869558598,8,0,1,3584,8,9018775926
9781,1869529517,32627,1869562144,32,0,1,5632,32,6324002543
9782,1869552683,11272,1869563955,2,0,1,14848,2,3832316669
9783,1869566239,124345,1869690584,1,0,0,36864,1,4427133775
9784,1869580500,10241,1869590741,34,0,1,16384,34,6952310190
9785,1869619276,304255,1869923531,23,0,0,77824,23,9449892438
9786,1869632516,58115,1869690631,31,0,1,69120,31,1798864885
9787,1869642845,216870,1869859715,39,0,0,2048,39,1814567754
9788,1869644668,46495,1869691163,11,0,1,2560,11,6249235383
9789,1869649969,229778,1869879747,35,0,0,35840,35,3396338296
9790,1869668887,192674,1869861561,38,0,0,1536,38,10541492215
9791,1869673962,357755,1870031717,30,0,0,20992,30,8993779517
9792,1869688214,266793,1869955007,10,0,0,2560,10,1477508089
9793,1869701986,285547,1869987533,19,0,0,32256,19,8261970484
9794,1869709712,23778,1869733490,23,0,1,4096,23,8955450129
9795,1869718684,15792,1869734476,36,0,1,1536,36,381895907
9796,1869724973,11129,1869736102,38,0,1,2560,38,2066288846
9797,1869732616,286006,1870018622,2,0,0,10752,2,6243164577
9798,1869770276,1518,1869771794,33,0,1,1536,33,4332848109
9799,1869775989,280016,1870056005,33,0,0,23040,33,4789214048
9800,1869780113,1518,1869781631,1,0,1,1536,1,960256720
9801,1869794669,133581,1869928250,36,0,0,15360,36,5095580577
9802,1869800116,3898,1869804014,26,0,1,4096,26,2584223112
9803,1869800993,214338,1870015331,13,0,0,20480,13,2405454394
9804,1869804251,186596,1869990847,2,0,0,10752,2,5870979028
9805,1869856461,1042,1869857503,8,0,1,1024,8,7657257328
9806,1869856889,134909,1869991798,35,0,0,3072,35,2082205937
9807,1869867718,12044,1869879762,8,0,1,1536,8,10433851676
9808,1869880543,5802,1869886345,16,0,1,6144,16,1926371610
9809,1869904465,25262,1869929727,38,0,1,1536,38,9488567255
9810,1869913090,19961,1869933051,14,0,1,4608,14,6938101475
9811,1869917905,17732,1869935637,3,0,1,4096,3,8531347237
9812,1869929926,5967,1869935893,34,0,1,9216,34,482405355
9813,1869931873,5006,1869936879,32,0,1,1536,32,5207047337
9814,1869950518,281037,1870231555,25,0,0,129536,25,8399957403
9815,1869969355,278595,1870247950,11,0,0,53760,11,7127012054
9816,1869971287,16261,1869987548,16,0,1,7168,16,10423812370
9817,1869978704,23552,1870002256,31,0,1,16896,31,108095461
9818,1869991324,13838,1870005162,20,0,1,4608,20,9590912735
9819,1870009753,314062,1870323815,36,0,0,32768,36,6849580780
9820,1870010117,133278,1870143395,38,0,0,1024,38,8869246024
9821,1870013793,9721,1870023514,23,0,1,5120,23,7508604861
9822,1870038933,230738,1870269671,23,0,0,16384,23,9588358643
9823,1870041853,213608,1870255461,30,0,0,24576,30,3560952402
9824,1870070319,94909,1870165228,35,0,0,5632,35,6217959052
9825,1870081364,177544,1870258908,36,0,0,11264,36,9009753096
9826,1870176947,11274,1870188221,13,0,1,18432,13,6396984356
9827,1870180226,170942,1870351168,9,0,0,8704,9,10182367448
9828,1870180263,123365,1870303628,28,0,0,37376,28,1347608463
9829,1870187321,2526,1870189847,39,0,1,2560,39,2707997676
9830,1870189782,200033,1870389815,27,0,0,88064,27,5820787931
9831,1870215863,46674,1870262537,18,0,1,10240,18,10704460967
9832,1870232826,30704,1870263530,26,0,1,1536,26,6045056186
9833,1870259568,10118,1870269686,16,0,1,2560,16,5600230640
9834,1870293634,16740,1870310374,18,0,1,7168,18,6323176721
9835,1870313754,10076,1870323830,22,0,1,2560,22,4886778003
9836,1870337099,1994,1870339093,8,0,1,2048,8,10014861330
9837,1870340153,202402,1870542555,13,0,0,6144,13,3321115499
9838,1870354104,566,1870354670,17,0,1,512,17,3005736015
9839,1870380296,51677,1870431973,31,0,1,68608,31,7815869168
9840,1870402526,30113,1870432639,34,0,1,1024,34,7082369940
9841,1870404240,29065,1870433305,35,0,1,1024,35,7053028892
9842,1870406096,190767,1870596863,1,0,0,22528,1,9048385021
9843,1870415439,19454,1870434893,26,0,1,15872,26,2263909514
9844,1870430569,72026,1870502595,34,0,0,1024,34,2259980984
9845,1870456951,3898,1870460849,23,0,1,4096,23,7333945049
9846,1870469564,566,1870470130,5,0,1,512,5,4292246654
9847,1870470551,247463,1870718014,0,0,0,107008,0,894709194
9848,1870471184,164785,1870635969,17,0,0,512,17,4765818243
9849,1870471190,250739,1870721929,25,0,0,12800,25,10073013628
9850,1870476918,245198,1870722116,10,0,0,512,10,8496453402
9851,1870491700,6278,1870497978,8,0,1,6656,8,1948867859
9852,1870509947,4937,1870514884,39,0,1,12800,39,8985227673
9853,1870523710,2946,1870526656,12,0,1,3072,12,3859359751
9854,1870537377,21141,1870558518,19,0,1,34304,19,10398296765
9855,1870538070,184997,1870723067,0,0,0,3072,0,7529526216
9856,1870558178,12737,1870570915,31,0,1,24576,31,7031830306
9857,1870581084,1042,1870582126,14,0,1,1024,14,5043842185
9858,1870598507,180828,1870779335,19,0,0,71680,19,4266149912
9859,1870604473,566,1870605039,1,0,1,512,1,5481944934
9860,1870612610,2470,1870615080,22,0,1,2560,22,6070349071
9861,1870621129,1042,1870622171,34,0,1,1024,34,3120588374
9862,1870641236,278543,1870919779,11,0,0,50176,11,4047707776
9863,1870644134,10499,1870654633,3,0,1,16896,3,4151412685
9864,1870703263,20329,1870723592,6,0,1,512,6,6660006652
9865,1870715898,10412,1870726310,23,0,1,9216,23,8860199163
9866,1870746874,53237,1870800111,10,0,1,90112,10,425263133
9867,1870754786,47591,1870802377,5,0,1,3584,5,3633139101
9868,1870778017,25346,1870803363,32,0,1,1536,32,5307712993
9869,1870785158,141335,1870926493,10,0,0,512,10,4836284666
9870,1870791545,13444,1870804989,29,0,1,2560,29,954529263
9871,1870821042,75699,1870896741,29,0,0,2048,29,10043888236
9872,1870844726,1042,1870845768,0,0,1,1024,0,6825592059
9873,1870853444,1994,1870855438,18,0,1,2048,18,4408514937
9874,1870859514,4374,1870863888,22,0,1,4608,22,5926387040
9875,1870894307,4679,1870898986,22,0,1,12288,22,6080803779
9876,1870898991,101952,1871000943,24,0,0,32768,24,9333605990
9877,1870899919,19875,1870919794,23,0,1,7168,23,3505413947
9878,1870918705,219697,1871138402,31,0,0,123904,31,6681284270
9879,1870922330,83575,1871005905,17,0,0,2560,17,7339453809
9880,1870925035,3422,1870928457,4,0,1,3584,4,2360173415
9881,1870953407,566,1870953973,39,0,1,512,39,8423063384
9882,1870985105,91174,1871076279,29,0,0,512,29,2207058548
9883,1871015889,566,1871016455,2,0,1,512,2,10529607158
9884,1871028237,1042,1871029279,17,0,1,1024,17,3033160688
9885,1871032552,346289,1871378841,3,0,0,43008,3,5602017010
9886,1871037740,143424,1871181164,15,0,0,31232,15,4683094397
9887,1871045066,26479,1871071545,28,0,1,48128,28,9251963120
9888,1871046541,27270,1871073811,6,0,1,3584,6,8078976946
9889,1871069067,96969,1871166036,3,0,0,11264,3,8200495198
9890,1871079787,1042,1871080829,5,0,1,1024,5,6775850576
9891,1871083093,3387,1871086480,32,0,1,9728,32,8807230889
9892,1871096957,41460,1871138417,6,0,1,5632,6,4591564059
9893,1871112191,42331,1871154522,15,0,1,31232,15,5871165349
9894,1871137460,17523,1871154983,11,0,1,10240,11,10321752616
9895,1871144860,209448,1871354308,38,0,0,512,38,8341828440
9896,1871145973,309765,1871455738,6,0,0,4608,6,2028145951
9897,1871147879,118573,1871266452,35,0,0,9728,35,5111204492
9898,1871152910,117071,1871269981,23,0,0,2560,23,6163446724
9899,1871209096,31783,1871240879,19,0,1,51712,19,1354135549
9900,1871210694,151869,1871362563,14,0,0,3584,14,6379111331
9901,1871224073,22707,1871246780,14,0,1,19968,14,5377788734
9902,1871230897,17829,1871248726,11,0,1,3072,11,7003567735
9903,1871241670,7402,1871249072,23,0,1,512,23,2449995487
9904,1871261393,117627,1871379020,8,0,0,512,8,1048965349
9905,1871263406,3061,1871266467,16,0,1,8704,16,496889798
9906,1871268013,21141,1871289154,36,0,1,34304,36,7754638540
9907,1871281732,8728,1871290460,12,0,1,2048,12,7768528842
9908,1871306412,246099,1871552511,25,0,0,3072,25,3287547147
9909,1871309083,1518,1871310601,26,0,1,1536,26,2627680828
9910,1871338317,3898,1871342215,18,0,1,4096,18,1974724019
9911,1871348234,63043,1871411277,10,0,0,1024,10,6802630584
9912,1871349093,4850,1871353943,35,0,1,5120,35,5461739450
9913,1871350233,121226,1871471459,35,0,0,14848,35,5626055921
9914,1871355488,86672,1871442160,14,0,0,14848,14,5826444155
9915,1871357844,2946,1871360790,7,0,1,3072,7,2482700539
9916,1871361112,17923,1871379035,5,0,1,21504,5,8657937386
9917,1871368241,140712,1871508953,3,0,0,10752,3,10645449713
9918,1871377022,86133,1871463155,36,0,1,140288,36,4438733257
9919,1871389750,178136,1871567886,15,0,0,6656,15,10440813524
9920,1871414523,49298,1871463821,28,0,1,1024,28,6343035007
9921,1871423934,47540,1871471474,3,0,1,5120,3,4189964972
9922,1871425144,219974,1871645118,13,0,0,98816,13,5915631925
9923,1871457856,13633,1871471489,32,0,1,3072,32,1019777105
9924,1871460349,227562,1871687911,5,0,0,2048,5,8487719401
9925,1871461363,369354,1871830717,25,0,0,116736,25,7533482001
9926,1871508591,369596,1871878187,21,0,0,22528,21,6620754759
9927,1871518592,1518,1871520110,1,0,1,1536,1,3464062744
9928,1871518798,4685,1871523483,38,0,1,4608,38,7988187673
9929,1871565314,176920,1871742234,25,0,0,27136,25,10700413336
9930,1871569165,3422,1871572587,7,0,1,3584,7,1245544033
9931,1871578629,292671,1871871300,27,0,0,133120,27,1388942974
9932,1871581525,3904,1871585429,39,0,1,10752,39,8715613247
9933,1871583088,3327,1871586415,1,0,1,1536,1,7997155814
9934,1871604361,287155,1871891516,11,0,0,43520,11,7453088426
9935,1871637771,10467,1871648238,6,0,1,9216,6,4119268384
9936,1871691418,3387,1871694805,2,0,1,9728,2,443779373
9937,1871693550,1923,1871695473,23,0,1,1024,23,4410047973
9938,1871734124,144078,1871878202,28,0,1,124928,28,9003929867
9939,1871772066,171964,1871944030,31,0,0,15872,31,4857840282
9940,1871773851,104366,1871878217,38,0,1,4608,38,3339513784
9941,1871801078,90461,1871891539,2,0,1,3584,2,7681973339
9942,1871812401,181195,1871993596,4,0,0,31232,4,1090441331
9943,1871838724,59505,1871898229,0,0,1,7168,0,8921155613
9944,1871860053,200716,1872060769,14,0,0,19456,14,4986009412
9945,1871890088,318808,1872208896,9,0,0,107008,9,8289057925
9946,1871911823,3128,1871914951,15,0,1,9216,15,8394715579
9947,1871918670,365170,1872283840,15,0,0,86016,15,4944030674
9948,1871935480,1042,1871936522,0,0,1,1024,0,256844110
9949,1871936461,287300,1872223761,15,0,0,48128,15,6719125952
9950,1871940697,268370,1872209067,17,0,0,512,17,6713506686
9951,1871941388,15242,1871956630,5,0,1,20992,5,8125032407
9952,1871941945,15761,1871957706,39,0,1,13312,39,2273982195
9953,1871964145,147816,1872111961,14,0,0,13824,14,3013018489
9954,1871970226,287360,1872257586,4,0,0,99328,4,9443782766
9955,1871978154,171821,1872149975,26,0,0,512,26,6324238957
9956,1871987189,10314,1871997503,39,0,1,4096,39,10283019044
9957,1871988361,10448,1871998809,0,0,1,2048,0,672787849
9958,1871999738,113117,1872112855,38,0,0,512,38,4845003364
9959,1872022268,85030,1872107298,17,0,0,1536,17,1747247925
9960,1872165043,4162,1872169205,26,0,1,11264,26,4723877483
9961,1872165678,43404,1872209082,10,0,1,50688,10,6356105636
9962,1872219655,37962,1872257617,31,0,1,24064,31,5072861130
9963,1872230821,55848,1872286669,29,0,1,8704,29,3683891026
9964,1872237167,49850,1872287017,10,0,1,512,10,7775467132
9965,1872261047,170258,1872431305,5,0,0,512,5,8340398750
9966,1872263195,109566,1872372761,33,0,0,23040,33,9929238788
9967,1872273308,19660,1872292968,12,0,1,6656,12,73524089
9968,1872381611,54056,1872435667,20,0,0,3584,20,9306786834
9969,1872382516,130497,1872513013,3,0,0,25088,3,2598791978
9970,1872410997,123763,1872534760,31,0,0,4608,31,3391242734
9971,1872412105,45596,1872457701,0,0,0,1024,0,1733176549
9972,1872423103,6278,1872429381,18,0,1,6656,18,5234345068
9973,1872435144,47803,1872482947,39,0,0,1536,39,4289930385
9974,1872474427,81128,1872555555,34,0,0,11776,34,10049580063
9975,1872478509,3128,1872481637,8,0,1,9216,8,5717364417
9976,1872517105,1518,1872518623,0,0,1,1536,0,7987560800
9977,1872520365,7230,1872527595,2,0,1,7680,2,2978005766
9978,1872523345,11430,1872534775,23,0,1,18432,23,7748799489
9979,1872528463,228079,1872756542,15,0,0,73728,15,4659656395
9980,1872542127,4850,1872546977,7,0,1,5120,7,394641092
9981,1872543543,309761,1872853304,35,0,0,163328,35,1281907845
9982,1872636031,120838,1872756869,29,0,0,1024,29,3713823963
9983,1872646615,110737,1872757352,10,0,0,1536,10,9908225895
9984,1872666210,5971,1872672181,9,0,1,14848,9,3754426462
9985,1872678364,1994,1872680358,5,0,1,2048,5,8639436190
9986,1872702208,100231,1872802439,15,0,0,1536,15,10499010140
9987,1872717376,141715,1872859091,25,0,0,18944,25,3444156321
9988,1872726868,70361,1872797229,26,0,0,512,26,3508584717
9989,1872728902,169316,1872898218,22,0,0,75776,22,444813933
9990,1872758724,202064,1872960788,6,0,0,1536,6,10583177980
9991,1872762056,2946,1872765002,3,0,1,3072,3,10027661786
9992,1872763126,6754,1872769880,8,0,1,7168,8,4759689838
9993,1872764058,8728,1872772786,15,0,1,4608,15,547565123
9994,1872796363,265135,1873061498,9,0,0,114176,9,6829429178
9995,1872801399,114212,1872915611,25,0,0,12800,25,4253842018
9996,1872808714,56407,1872865121,30,0,1,14848,30,2133224236
9997,1872810622,152948,1872963570,8,0,0,1536,8,7260954849
9998,1872832462,37183,1872869645,32,0,1,14848,32,6458816931
9999,1872833191,126995,1872960186,29,0,0,512,29,113018196
