RequestID,ArrivalTime,DelayTime,FinishTime,InitiatorID,TargetID,IOType,Size,VolumeID,Offset
0,0,195981,195981,0,0,0,69632,14,319097445
1,1,52633,52634,8,0,0,3584,12,2790868094
2,2,174725,174727,9,0,0,30208,3,9478984424
3,3,154979,154982,1,0,0,47104,6,1320237526
4,4,3699,3703,2,0,1,3584,12,623020484
5,5,337024,337029,7,0,0,19968,9,1976797948
6,6,60695,60701,3,0,0,4608,9,10687688290
7,7,246113,246120,6,0,0,87040,12,9857843213
8,8,101416,101424,5,0,0,2560,7,7434285987
9,9,285052,285061,4,0,0,31232,12,2434637944
10,13590,55821,69411,0,0,1,95232,14,6295866088
11,15810,291718,307528,0,0,0,19968,14,5397205015
12,45670,24919,70589,2,0,1,13824,12,5553107965
13,47470,155741,203211,4,0,0,23552,12,2112310062
14,76730,731573,808303,0,0,0,44032,14,2657353611
15,79050,567717,646767,4,0,0,145920,12,5871759449
16,81079,5196,86275,1,0,1,13312,6,7560502737
17,81130,456189,537319,1,0,0,14848,6,4786310842
18,96860,584525,681385,1,0,0,8192,6,886345502
19,106190,363775,469965,4,0,0,20480,12,1933355501
20,115450,229972,345422,8,0,0,4096,12,9635553268
21,120949,16613,137562,8,0,1,32256,12,5649680789
22,121801,285218,407019,2,0,0,1536,12,2073670400
23,124180,279879,404059,9,0,0,43520,3,8977485173
24,134479,40263,174742,6,0,1,52736,12,2713901001
25,135520,1202796,1338316,7,0,0,189440,9,1323633834
26,157410,38586,195996,9,0,1,29696,3,8944170828
27,166999,36259,203258,1,0,1,4096,6,9287397399
28,176860,479774,656634,8,0,0,32256,12,3619248483
29,187180,30585,217765,9,0,1,28160,3,5585593529
30,190660,1542508,1733168,9,0,0,129024,3,10023421989
31,191210,27528,218738,5,0,1,12800,7,1534333262
32,197920,615078,812998,9,0,0,15360,3,3279633098
33,209070,527659,736729,4,0,0,4096,12,4734654635
34,211120,524330,735450,7,0,0,7168,9,9992794464
35,213430,1231563,1444993,3,0,0,151040,9,5133412153
36,216680,1133750,1350430,1,0,0,36352,6,8072219664
37,223410,701769,925179,6,0,0,22016,12,8451284409
38,229700,437120,666820,5,0,0,13312,7,9501697309
39,236220,747610,983830,7,0,0,52736,9,1537282548
40,236390,665653,902043,7,0,0,1536,9,7533865657
41,240560,967822,1208382,5,0,0,142848,7,6326739271
42,240710,422023,662733,1,0,0,19968,6,9485069728
43,244470,1405030,1649500,5,0,0,8192,7,5713751590
44,266740,1090757,1357497,8,0,0,23040,12,3858836611
45,268740,464511,733251,1,0,0,34304,6,3333678622
46,272920,12156,285076,5,0,1,4096,7,9002982967
47,282490,1790224,2072714,4,0,0,54784,12,7853843214
48,283790,215126,498916,3,0,0,24576,9,265954543
49,288990,935194,1224184,0,0,0,30208,14,5055922025
50,292479,15064,307543,1,0,1,23040,6,2642566669
51,309250,1491654,1800904,3,0,0,15360,9,9914335274
52,311600,567692,879292,0,0,0,8192,14,281694957
53,336511,1169703,1506214,2,0,0,6144,12,7403025877
54,347210,472201,819411,4,0,0,2560,12,8893636556
55,349700,2797463,3147163,7,0,0,7168,9,2867174590
56,351870,1046886,1398756,8,0,0,55296,12,5062961647
57,356920,744611,1101531,6,0,0,44032,12,10727352667
58,358720,650292,1009012,0,0,0,6656,14,5010951207
59,359460,1573984,1933444,7,0,0,64000,9,7753341042
60,365730,1657651,2023381,5,0,0,16896,7,9502574202
61,366120,1405190,1771310,6,0,0,58368,12,8274421906
62,371410,307464,678874,5,0,0,4096,7,10018284783
63,374590,862301,1236891,6,0,0,41472,12,10021474190
64,381100,1405939,1787039,9,0,0,12288,3,8020205057
65,393430,2331679,2725109,5,0,0,265216,7,7753935142
66,394170,1701031,2095201,9,0,0,73728,3,8773967336
67,394230,1174627,1568857,8,0,0,41984,12,4432471868
68,398960,1699540,2098500,3,0,0,10752,9,7008586387
69,407980,990962,1398942,1,0,0,512,6,4899305248
70,442010,1235971,1677981,6,0,0,17408,12,6092335442
71,454020,673011,1127031,6,0,0,11776,12,1481679012
72,456910,537425,994335,1,0,0,11776,6,7030940412
73,456930,1190059,1646989,3,0,0,96768,9,10261145351
74,487420,1266059,1753479,4,0,0,66560,12,4209077179
75,512449,25962,538411,7,0,1,47104,9,7638448821
76,526800,1782741,2309541,4,0,0,109568,12,8708812220
77,528359,13918,542277,4,0,1,6144,12,2691537422
78,542010,1693586,2235596,9,0,0,18944,3,4133750309
79,543440,1846217,2389657,9,0,0,22016,3,4409408641
80,545270,2010207,2555477,6,0,0,29184,12,3872573349
81,552169,3645,555814,6,0,1,10240,12,1562272457
82,558790,2768411,3327201,6,0,0,19456,12,9274643329
83,561100,653849,1214949,9,0,0,21504,3,3945096197
84,568909,4162,573071,7,0,1,11264,9,133924881
85,572230,1187,573417,5,0,1,512,7,3459995939
86,585330,931809,1517139,6,0,0,19968,12,1735855191
87,598100,2154652,2752752,0,0,0,90624,14,2066042725
88,606410,2486315,3092725,5,0,0,87040,7,9276521799
89,607540,2950171,3557711,5,0,0,112128,7,2690598897
90,610090,2763583,3373673,0,0,0,85504,14,6845755592
91,633510,1545105,2178615,9,0,0,28672,3,9552998964
92,641861,1135628,1777489,2,0,0,3584,12,5123544983
93,651220,1544274,2195494,9,0,0,55296,3,4130391902
94,677040,1784105,2461145,0,0,0,96768,14,9477085431
95,680120,1157403,1837523,0,0,0,1536,14,6578763269
96,689320,1480544,2169864,5,0,0,64000,7,8445673227
97,689959,7706,697665,7,0,1,8192,9,3205935601
98,690110,8221,698331,3,0,1,1024,9,8726615244
99,694380,4617,698997,3,0,1,1024,9,5100069721
100,711570,2219701,2931271,8,0,0,520704,12,5499544189
101,715400,4570870,5286270,3,0,0,19456,9,6022690103
102,717290,2055243,2772533,1,0,0,37888,6,1022911940
103,730000,1816570,2546570,6,0,0,95744,12,10008434672
104,731600,2973209,3704809,1,0,0,64512,6,8090699136
105,741790,2266153,3007943,7,0,0,138752,9,3868235620
106,748610,2714676,3463286,5,0,0,94720,7,73776617
107,750800,1668537,2419337,8,0,0,57856,12,9236685783
108,752330,2260890,3013220,4,0,0,2048,12,42289780
109,760841,770574,1531415,2,0,0,37888,12,1533084846
110,799320,2393586,3192906,7,0,0,15360,9,4447373603
111,809101,1405703,2214804,2,0,0,50176,12,9941018913
112,811500,2367697,3179197,7,0,0,81408,9,8595229464
113,814750,1824838,2639588,6,0,0,37376,12,8491170097
114,824080,1298408,2122488,7,0,0,54272,9,10429121755
115,830200,35312,865512,5,0,1,61952,7,9403919517
116,831041,1929861,2760902,2,0,0,21504,12,781038303
117,835190,2110433,2945623,7,0,0,4096,9,6260396662
118,836780,1675326,2512106,1,0,0,13312,6,5655245646
119,839320,2216043,3055363,5,0,0,138240,7,2224239046
120,839940,204931,1044871,0,0,0,1536,14,10548477335
121,843440,1372963,2216403,7,0,0,5120,9,10474516736
122,850940,2365225,3216165,3,0,0,76288,9,2443411283
123,861810,4048,865858,9,0,1,512,3,7993851984
124,867970,2378948,3246918,3,0,0,23040,9,10455556068
125,869280,3128,872408,3,0,1,9216,9,9294464551
126,876580,3069326,3945906,4,0,0,76288,12,8948546999
127,892380,2387182,3279562,1,0,0,67072,6,550771556
128,896660,2696806,3593466,9,0,0,117248,3,2172185360
129,905310,2197000,3102310,4,0,0,8704,12,4297667716
130,917540,2494718,3412258,7,0,0,73216,9,1563145593
131,921220,2988908,3910128,0,0,0,34304,14,2175033404
132,936480,402787,1339267,7,0,0,3072,9,5082587128
133,940000,2159643,3099643,1,0,0,13824,6,7185812916
134,942960,2580548,3523508,7,0,0,24064,9,1845391099
135,948591,1542814,2491405,2,0,0,3072,12,9520583561
136,952710,3318269,4270979,7,0,0,62976,9,882608478
137,973130,2949509,3922639,6,0,0,40960,12,10730691560
138,974490,3644757,4619247,6,0,0,10240,12,8806413768
139,974710,13066,987776,9,0,1,10752,3,5361657950
140,990039,4420,994459,7,0,1,11776,9,4882447462
141,994890,2150044,3144934,5,0,0,131584,7,10353634523
142,997641,3024773,4022414,2,0,0,22528,12,3066723305
143,1003360,3809508,4812868,8,0,0,5632,12,148212079
144,1011970,1042,1013012,5,0,1,1024,7,6774065599
145,1032160,1916810,2948970,0,0,0,10752,14,7261420595
146,1059210,2330702,3389912,6,0,0,53248,12,4804675132
147,1065060,2439015,3504075,8,0,0,64000,12,1826447929
148,1068750,987249,2055999,0,0,0,64512,14,1284690041
149,1070500,2613835,3684335,9,0,0,98304,3,10727425106
150,1070810,2671374,3742184,6,0,0,29696,12,2580739123
151,1077580,10499,1088079,2,0,1,16896,12,4423027999
152,1081740,2549714,3631454,8,0,0,9216,12,5500618207
153,1083721,1928776,3012497,2,0,0,14848,12,5316709085
154,1094961,452911,1547872,2,0,0,5632,12,4787336918
155,1095330,1849006,2944336,4,0,0,42496,12,530538716
156,1107030,2710085,3817115,7,0,0,14848,9,277441191
157,1109880,2789781,3899661,5,0,0,88576,7,5072008544
158,1126890,3684068,4810958,1,0,0,67072,6,7571211339
159,1135460,3486142,4621602,9,0,0,7680,3,8666786962
160,1141710,3207420,4349130,8,0,0,18432,12,2189107817
161,1149290,1916852,3066142,0,0,0,35328,14,5627444061
162,1150290,3024280,4174570,0,0,0,73216,14,7654792693
163,1160290,3091486,4251776,3,0,0,23040,9,2329971657
164,1202710,34228,1236938,9,0,1,20480,3,558390269
165,1205960,3577489,4783449,1,0,0,89600,6,2156097575
166,1209210,1264667,2473877,7,0,0,27648,9,4740351752
167,1210120,2741917,3952037,5,0,0,19968,7,4321942854
168,1211480,26888,1238368,5,0,1,1536,7,4444518566
169,1213880,3696093,4909973,4,0,0,77824,12,1270407501
170,1214159,37276,1251435,1,0,1,24064,6,726606159
171,1215110,1880298,3095408,7,0,0,8704,9,10260500976
172,1228290,438354,1666644,3,0,0,9728,9,1404794410
173,1229220,3729440,4958660,6,0,0,159744,12,513779044
174,1250779,7230,1258009,7,0,1,7680,9,6230008707
175,1258890,3926759,5185649,7,0,0,88064,9,6305022996
176,1261750,2453567,3715317,4,0,0,17920,12,991107467
177,1289830,3728687,5018517,8,0,0,38912,12,10041407840
178,1290691,4312187,5602878,2,0,0,78336,12,9337130549
179,1295799,61713,1357512,4,0,1,4096,12,4029122723
180,1296050,2013819,3309869,1,0,0,7168,6,7347886034
181,1296550,1852126,3148676,0,0,0,3072,14,6431853853
182,1303190,3664900,4968090,6,0,0,18432,12,10273917288
183,1319609,37918,1357527,8,0,1,12800,12,9670631451
184,1325629,34758,1360387,6,0,1,5120,12,6881216590
185,1328040,2451093,3779133,4,0,0,66048,12,2629750389
186,1340280,3152129,4492409,7,0,0,110592,9,8667028196
187,1360469,12825,1373294,1,0,1,21504,6,1497001877
188,1378220,3412279,4790499,0,0,0,23040,14,9942995673
189,1380190,18581,1398771,3,0,1,2560,9,8000755102
190,1385020,4268768,5653788,8,0,0,82944,12,9366354183
191,1389290,2222617,3611907,7,0,0,17408,9,7889005967
192,1409130,2276000,3685130,6,0,0,2560,12,9781538310
193,1412570,4031020,5443590,0,0,0,38400,14,8465902881
194,1422250,3772314,5194564,0,0,0,29184,14,5246101104
195,1423020,2182512,3605532,6,0,0,38912,12,4309195686
196,1463369,5326,1468695,4,0,1,5632,12,1168784118
197,1470769,5802,1476571,6,0,1,6144,12,593297563
198,1480919,5971,1486890,6,0,1,14848,12,2199602306
199,1497581,2495495,3993076,2,0,0,38912,12,397847596
200,1498560,306454,1805014,0,0,0,1536,14,6723295713
201,1507230,3809369,5316599,9,0,0,32768,3,4397413313
202,1508630,4264677,5773307,8,0,0,6656,12,7985168666
203,1510650,2714903,4225553,9,0,0,79360,3,7142484116
204,1525410,1228917,2754327,5,0,0,5120,7,9870653069
205,1528480,4468343,5996823,1,0,0,38912,6,6330795988
206,1532430,21141,1553571,3,0,1,34304,9,7445398999
207,1540160,4128027,5668187,7,0,0,47104,9,3049064620
208,1546940,2810971,4357911,8,0,0,28672,12,5469150121
209,1557829,13966,1571795,6,0,1,3072,12,10100943646
210,1577000,2697910,4274910,7,0,0,11776,9,258170726
211,1582310,3892293,5474603,9,0,0,94720,3,7706204722
212,1588330,3843537,5431867,5,0,0,196608,7,5954677146
213,1602560,3916224,5518784,4,0,0,29696,12,8385197851
214,1610160,3899561,5509721,9,0,0,35328,3,5592184731
215,1622210,2944628,4566838,8,0,0,512,12,2121911398
216,1624190,1609951,3234141,3,0,0,16896,9,5918534722
217,1626370,2881076,4507446,1,0,0,35840,6,9995528179
218,1628530,27382,1655912,5,0,1,6656,7,4491609824
219,1628570,5246645,6875215,1,0,0,2048,6,2212925952
220,1645370,2987201,4632571,7,0,0,6656,9,5378701945
221,1648790,2650561,4299351,4,0,0,18432,12,1512264129
222,1652709,16354,1669063,7,0,1,31744,9,5524122046
223,1654851,4212003,5866854,2,0,0,45568,12,2812979490
224,1663080,4081001,5744081,4,0,0,83456,12,5832076859
225,1695590,4881137,6576727,0,0,0,27648,14,3280351879
226,1702180,4176648,5878828,0,0,0,9728,14,8424730353
227,1714320,2815769,4530089,3,0,0,5632,9,492102075
228,1717619,59885,1777504,6,0,1,14336,12,3137307395
229,1719890,3091239,4811129,9,0,0,512,3,4552159
230,1723930,3111332,4835262,7,0,0,41472,9,400347487
231,1772760,3049803,4822563,0,0,0,31744,14,8040187464
232,1777869,23050,1800919,6,0,1,33280,12,4730945562
233,1802820,4142983,5945803,9,0,0,14848,3,7767339197
234,1805800,3822693,5628493,7,0,0,83968,9,8935237463
235,1810710,4899565,6710275,0,0,0,304640,14,8472129948
236,1820480,3950760,5771240,1,0,0,89088,6,747436299
237,1824231,4251716,6075947,2,0,0,79360,12,8891796648
238,1839280,2441382,4280662,1,0,0,15872,6,6856045584
239,1841800,3120635,4962435,9,0,0,12288,3,4215043923
240,1842930,33333,1876263,3,0,1,54784,9,10289730407
241,1849570,4230916,6080486,8,0,0,14848,12,7702966355
242,1850860,27029,1877889,5,0,1,2560,7,2861639924
243,1857319,26471,1883790,8,0,1,28160,12,10176345686
244,1862250,4188191,6050441,0,0,0,118784,14,8964310942
245,1868710,19586,1888296,3,0,1,7168,9,10434577458
246,1890360,4273236,6163596,6,0,0,39936,12,879535592
247,1897900,1883900,3781800,9,0,0,8704,3,6783538729
248,1900829,4420,1905249,1,0,1,11776,6,1659169483
249,1924600,4341608,6266208,5,0,0,2560,7,10464173439
250,1933421,4469087,6402508,2,0,0,51712,12,7357774621
251,1934130,4909887,6844017,3,0,0,43520,9,9966932375
252,1946240,4819023,6765263,3,0,0,26624,9,3468894522
253,1946570,4494641,6441211,8,0,0,126976,12,577264020
254,1969030,5203983,7173013,0,0,0,58880,14,8193520988
255,1983450,12995,1996445,2,0,1,25088,12,10701485682
256,1983480,4576467,6559947,1,0,0,18944,6,3153825154
257,1984601,4876084,6860685,2,0,0,27648,12,7482076277
258,1996370,3449350,5445720,8,0,0,5632,12,1494522868
259,2002171,4748342,6750513,2,0,0,58880,12,5450057361
260,2008180,3567247,5575427,3,0,0,25088,9,1020617055
261,2012830,2483665,4496495,8,0,0,13312,12,6829978535
262,2016800,4199004,6215804,1,0,0,16896,6,1262538859
263,2044270,1578405,3622675,3,0,0,1024,9,1111821250
264,2054940,2928321,4983261,6,0,0,49664,12,3986529134
265,2080939,20723,2101662,8,0,1,9216,12,7367013619
266,2091210,5144999,7236209,6,0,0,24576,12,9609355634
267,2092090,4378550,6470640,1,0,0,54272,6,7035685923
268,2094410,4430245,6524655,8,0,0,59392,12,2855302498
269,2102220,5389377,7491597,8,0,0,62976,12,4368063405
270,2104639,17880,2122519,6,0,1,7680,12,5454165531
271,2104700,5775833,7880533,0,0,0,37376,14,4833504185
272,2110710,13839,2124549,2,0,1,2048,12,3346761202
273,2115960,13497,2129457,3,0,1,6656,9,1914834077
274,2117540,5037518,7155058,3,0,0,31744,9,7615961582
275,2123740,5521463,7645203,0,0,0,25088,14,405469403
276,2130080,1463557,3593637,9,0,0,512,3,9349945934
277,2146520,5070235,7216755,4,0,0,89088,12,4011852515
278,2160521,4551173,6711694,2,0,0,4608,12,2930629455
279,2171500,5555430,7726930,8,0,0,89600,12,3998159953
280,2176370,4788465,6964835,5,0,0,21504,7,10059048305
281,2199800,3652659,5852459,7,0,0,20480,9,3614258265
282,2208150,4937221,7145371,1,0,0,51200,6,5165486700
283,2210440,5898793,8109233,5,0,0,244736,7,8370403140
284,2223750,4094009,6317759,9,0,0,512,3,8406378300
285,2244660,5700808,7945468,5,0,0,9216,7,335538930
286,2245490,4030038,6275528,5,0,0,11264,7,9951564105
287,2262409,12049,2274458,1,0,1,19968,6,9866434447
288,2262710,4465130,6727840,0,0,0,9728,14,2888236823
289,2279650,5998844,8278494,7,0,0,219136,9,1993836515
290,2297670,6379190,8676860,4,0,0,623616,12,10446592864
291,2301620,4792052,7093672,9,0,0,51712,3,5097034721
292,2312139,5454,2317593,6,0,1,13824,12,9459005769
293,2321420,3348810,5670230,5,0,0,6656,7,133475502
294,2328810,4162,2332972,2,0,1,11264,12,3334832583
295,2340881,3625701,5966582,2,0,0,68096,12,8081497953
296,2364000,3901397,6265397,1,0,0,76800,6,774451933
297,2373000,3424317,5797317,6,0,0,5120,12,157303987
298,2373220,3755226,6128446,7,0,0,6144,9,8860254193
299,2382350,4170392,6552742,6,0,0,14336,12,6351244900
300,2386650,4067439,6454089,8,0,0,26624,12,7420251729
301,2389750,757896,3147646,3,0,0,1536,9,9587497666
302,2397700,5189227,7586927,8,0,0,156160,12,458899325
303,2409600,7220968,9630568,4,0,0,45568,12,4076906395
304,2412020,3639716,6051736,8,0,0,4096,12,6630205567
305,2435620,4858665,7294285,3,0,0,58880,9,9339576904
306,2440810,7888739,10329549,7,0,0,52736,9,9630704967
307,2453430,7428065,9881495,5,0,0,67584,7,3997087655
308,2478480,4867374,7345854,6,0,0,45568,12,4723302378
309,2495510,2255277,4750787,1,0,0,18432,6,7176125267
310,2496630,6960159,9456789,3,0,0,972288,9,7442977725
311,2502190,5168019,7670209,0,0,0,32768,14,10410649662
312,2516999,38509,2555508,7,0,1,39936,9,319401356
313,2520090,3421150,5941240,4,0,0,53248,12,4058569932
314,2526861,3266799,5793660,2,0,0,7680,12,8106948135
315,2553470,5185669,7739139,0,0,0,19456,14,4550854598
316,2554550,6435544,8990094,3,0,0,127488,9,10314066848
317,2561860,5248242,7810102,0,0,0,39936,14,4748387784
318,2574980,4459113,7034093,1,0,0,512,6,10289825802
319,2577090,4147747,6724837,3,0,0,43008,9,839956487
320,2579740,3904,2583644,2,0,1,10752,12,2582655889
321,2580520,2508799,5089319,7,0,0,25088,9,5708653261
322,2585470,2763851,5349321,4,0,0,4096,12,8941041222
323,2586140,7467707,10053847,7,0,0,44544,9,3136354964
324,2603330,5561330,8164660,4,0,0,24064,12,1965071866
325,2616600,5854579,8471179,0,0,0,6656,14,7878964242
326,2617260,6121693,8738953,4,0,0,3072,12,3862108779
327,2621350,2403038,5024388,6,0,0,10240,12,9542848293
328,2622190,6064677,8686867,7,0,0,32768,9,908287594
329,2623510,3475243,6098753,8,0,0,5120,12,9329009536
330,2635820,6358509,8994329,4,0,0,13824,12,9775266147
331,2640610,6871971,9512581,4,0,0,20992,12,9209491698
332,2655500,117080,2772580,5,0,1,11776,7,10176559460
333,2657590,5685552,8343142,5,0,0,49152,7,466177484
334,2689830,3756124,6445954,5,0,0,15360,7,5370046270
335,2708200,3766239,6474439,9,0,0,12288,3,2380737557
336,2710560,5702798,8413358,1,0,0,33792,6,6889368893
337,2719970,2723995,5443965,3,0,0,1024,9,6225803216
338,2730601,5579935,8310536,2,0,0,100864,12,6428414813
339,2736970,1305941,4042911,3,0,0,11776,9,5661063999
340,2739440,4778082,7517522,3,0,0,22016,9,3369886817
341,2743269,188017,2931286,8,0,1,2048,12,5216170122
342,2756660,174657,2931317,5,0,1,9216,7,4086701499
343,2758660,6769411,9528071,9,0,0,42496,3,9405185394
344,2758950,4038383,6797333,3,0,0,12288,9,9793877630
345,2765401,3055846,5821247,2,0,0,13824,12,8032393292
346,2765800,6740362,9506162,4,0,0,65536,12,8881730263
347,2767669,240289,3007958,6,0,1,66048,12,1251352871
348,2775280,1277494,4052774,1,0,0,11264,6,8683440863
349,2777340,6144981,8922321,0,0,0,46080,14,7037497283
350,2778360,3457191,6235551,6,0,0,18432,12,3304735143
351,2783930,4912242,7696172,8,0,0,17408,12,8487534451
352,2786519,226009,3012528,6,0,1,19456,12,1741218978
353,2794100,3094911,5889011,4,0,0,19456,12,5350058310
354,2810661,4625670,7436331,2,0,0,58368,12,9202762566
355,2822720,6932675,9755395,5,0,0,118272,7,7359145192
356,2824040,188503,3012543,5,0,1,4096,7,10052729842
357,2826660,2416691,5243351,4,0,0,4096,12,8973226183
358,2828550,6017915,8846465,6,0,0,35840,12,7001097746
359,2854910,4169325,7024235,5,0,0,45056,7,7421860221
360,2868561,5136886,8005447,2,0,0,34304,12,6191683992
361,2893860,5071658,7965518,5,0,0,28160,7,7311014237
362,2903400,5207416,8110816,0,0,0,5120,14,6257898334
363,2904960,3681478,6586438,7,0,0,31744,9,4480870729
364,2914479,98079,3012558,1,0,1,2560,6,10122975430
365,2917500,2131579,5049079,4,0,0,11264,12,4733285890
366,2923270,6105805,9029075,6,0,0,1024,12,6358388132
367,2935191,8339040,11274231,2,0,0,107520,12,2577865253
368,2956510,5781484,8737994,5,0,0,44544,7,4996778646
369,2956539,56034,3012573,4,0,1,3584,12,771782577
370,2976860,5231232,8208092,4,0,0,61952,12,2803086092
371,2977680,5485927,8463607,7,0,0,13312,9,854264712
372,2986230,6630431,9616661,5,0,0,71168,7,5927142646
373,2999861,6657920,9657781,2,0,0,47616,12,4369408742
374,3020320,124629,3144949,3,0,1,27136,9,10583132594
375,3040030,5171673,8211703,1,0,0,11776,6,2318627494
376,3041780,5836920,8878700,5,0,0,25088,7,5522364751
377,3044300,7508277,10552577,9,0,0,5120,3,9699292588
378,3045980,6102461,9148441,5,0,0,151552,7,1619530561
379,3055740,8546009,11601749,7,0,0,28672,9,4793965447
380,3080590,5639863,8720453,9,0,0,90112,3,1415128203
381,3087949,57015,3144964,6,0,1,13824,12,6649006314
382,3092880,6626456,9719336,8,0,0,8192,12,6130096603
383,3093920,3940002,7033922,5,0,0,31744,7,5023818429
384,3094499,53210,3147709,1,0,1,40960,6,4644069059
385,3095500,4532965,7628465,3,0,0,50176,9,10124969135
386,3097870,6582421,9680291,8,0,0,48128,12,2211478400
387,3105460,48371,3153831,9,0,1,13312,3,3567094560
388,3107810,6667794,9775604,7,0,0,31744,9,9567800670
389,3121120,3983198,7104318,5,0,0,32256,7,459572383
390,3124480,7678173,10802653,8,0,0,26112,12,4782442350
391,3125020,6469934,9594954,7,0,0,54272,9,2480107132
392,3128130,1724329,4852459,8,0,0,1024,12,4958334552
393,3130271,4771220,7901491,2,0,0,40960,12,10273162627
394,3141210,5633521,8774731,6,0,0,65536,12,2289952805
395,3158760,22064,3180824,2,0,1,1536,12,6893575710
396,3160180,4436286,7596466,7,0,0,31232,9,7386125074
397,3161730,6387112,9548842,8,0,0,68096,12,299232364
398,3163460,6897742,10061202,3,0,0,24064,9,5063264373
399,3170120,5584612,8754732,6,0,0,51712,12,6512265626
400,3170580,45632,3216212,3,0,1,46592,9,8164973859
401,3184150,5686883,8871033,1,0,0,40448,6,4129427033
402,3185100,4679744,7864844,6,0,0,87040,12,9313638405
403,3187660,3569436,6757096,5,0,0,21504,7,6888058805
404,3203140,18418,3221558,5,0,1,5632,7,461322186
405,3224100,8833885,12057985,5,0,0,35840,7,5659364235
406,3233460,4561357,7794817,9,0,0,3072,3,7311727267
407,3246180,4768650,8014830,7,0,0,30720,9,9673239081
408,3249640,3621162,6870802,3,0,0,27136,9,4463510034
409,3251040,8108707,11359747,9,0,0,9216,3,10413158048
410,3252510,5769789,9022299,7,0,0,83456,9,5814602208
411,3275520,2847732,6123252,3,0,0,18432,9,4145601324
412,3303060,6656128,9959188,1,0,0,3072,6,4939923320
413,3309560,4327976,7637536,3,0,0,29696,9,7631965497
414,3310811,6647418,9958229,2,0,0,24064,12,9930109637
415,3314330,1042,3315372,5,0,1,1024,7,173134122
416,3319070,8945808,12264878,1,0,0,138240,6,2632985141
417,3324190,6702667,10026857,6,0,0,121344,12,8728009365
418,3326940,5500269,8827209,0,0,0,25600,14,9170058678
419,3337009,52918,3389927,4,0,1,39424,12,482721013
420,3373090,6320382,9693472,8,0,0,30720,12,2165754388
421,3376151,7540432,10916583,2,0,0,7680,12,311507221
422,3381889,33549,3415438,8,0,1,3072,12,7699230384
423,3392240,6303611,9695851,3,0,0,7680,9,8621468356
424,3393070,6857654,10250724,4,0,0,44544,12,5633959157
425,3395340,3335175,6730515,0,0,0,8704,14,9940309995
426,3395959,38351,3434310,6,0,1,33792,12,8975294250
427,3400660,62641,3463301,9,0,1,512,3,6567028516
428,3408760,6533511,9942271,6,0,0,6656,12,3327289955
429,3411091,5650749,9061840,2,0,0,40448,12,8997669727
430,3411470,6567273,9978743,3,0,0,27136,9,9193987462
431,3411590,6526735,9938325,7,0,0,148992,9,1536244683
432,3415520,6301289,9716809,0,0,0,58880,14,8739508356
433,3418930,3675545,7094475,1,0,0,2560,6,4976508481
434,3428350,6403928,9832278,1,0,0,149504,6,8181359689
435,3434669,32645,3467314,8,0,1,10752,12,9371834808
436,3439091,6909380,10348471,2,0,0,54272,12,8077136632
437,3456270,6184305,9640575,4,0,0,32768,12,5515485056
438,3456470,6705426,10161896,7,0,0,90624,9,9526049115
439,3458660,5492567,8951227,5,0,0,90112,7,2412557410
440,3462610,5461138,8923748,0,0,0,4608,14,1288904989
441,3478220,6376233,9854453,6,0,0,72704,12,9720457026
442,3486030,6807773,10293803,8,0,0,141312,12,2938958707
443,3500670,6954327,10454997,4,0,0,141824,12,1822932570
444,3512940,6561657,10074597,6,0,0,37888,12,8398826752
445,3516980,8872696,12389676,7,0,0,99328,9,8098481403
446,3520610,3071007,6591617,8,0,0,16896,12,1316425557
447,3521780,6159634,9681414,5,0,0,3584,7,273302136
448,3527170,5630365,9157535,4,0,0,6656,12,9626826943
449,3531400,7136233,10667633,9,0,0,25088,3,8217726175
450,3561850,5924321,9486171,0,0,0,67072,14,8416658270
451,3568770,5155138,8723908,0,0,0,11264,14,5141997012
452,3571930,7419344,10991274,9,0,0,203776,3,5936819967
453,3584480,6965294,10549774,4,0,0,43520,12,522174748
454,3590199,21723,3611922,4,0,1,4608,12,5320365512
455,3605090,7099766,10704856,9,0,0,52224,3,1978489539
456,3610870,2226141,5837011,3,0,0,6656,9,271767314
457,3611280,6249592,9860872,6,0,0,20992,12,10471949109
458,3627100,7409749,11036849,0,0,0,149504,14,1004182269
459,3632300,3898,3636198,9,0,1,4096,3,4406925288
460,3641150,4304497,7945647,3,0,0,512,9,2883575797
461,3641520,7832133,11473653,8,0,0,50688,12,9255885502
462,3643610,7693604,11337214,5,0,0,60416,7,8481323188
463,3645860,4704169,8350029,0,0,0,22528,14,1473488443
464,3648180,9028870,12677050,1,0,0,218112,6,2234640815
465,3653210,3844650,7497860,7,0,0,20480,9,5977267742
466,3660940,5191788,8852728,3,0,0,20480,9,4485944295
467,3673730,6986236,10659966,1,0,0,120832,6,4841628643
468,3679400,7386332,11065732,0,0,0,94720,14,3094279153
469,3695089,22629,3717718,6,0,1,21504,12,1680581387
470,3700520,5207738,8908258,9,0,0,51712,3,6127263590
471,3703550,3029008,6732558,4,0,0,6656,12,3269295151
472,3714110,5864285,9578395,3,0,0,38400,9,10417747431
473,3724520,7733666,11458186,1,0,0,90112,6,6226408809
474,3725550,22174,3747724,2,0,1,36352,12,6504369052
475,3730360,6958561,10688921,1,0,0,59392,6,10029552471
476,3732540,6849831,10582371,7,0,0,91136,9,8356110157
477,3735080,6244934,9980014,9,0,0,4096,3,1119704898
478,3741220,7499493,11240713,0,0,0,8192,14,7456020565
479,3742629,11533,3754162,7,0,1,18944,9,1559677861
480,3763270,7313873,11077143,4,0,0,37376,12,5477149801
481,3781770,7730453,11512223,7,0,0,71680,9,2167412092
482,3782050,7938309,11720359,0,0,0,25600,14,6982231040
483,3787040,7320646,11107686,9,0,0,28160,3,3836159905
484,3787720,6803351,10591071,9,0,0,13824,3,10400265333
485,3798570,5667142,9465712,1,0,0,29184,6,5510074924
486,3803770,4937,3808707,9,0,1,12800,3,5456013085
487,3809920,4982156,8792076,7,0,0,7168,9,194853077
488,3810050,7813741,11623791,8,0,0,4608,12,6606999993
489,3810580,4626153,8436733,7,0,0,68096,9,3577303207
490,3817390,6277986,10095376,6,0,0,68096,12,3785849881
491,3838490,5322032,9160522,7,0,0,9728,9,5352580897
492,3842720,8654380,12497100,9,0,0,8704,3,3515784036
493,3845600,1042,3846642,3,0,1,1024,9,4698121232
494,3854830,6180006,10034836,3,0,0,26112,9,2579038959
495,3855220,6381909,10237129,3,0,0,118272,9,2355680093
496,3855840,7967209,11823049,0,0,0,5632,14,7678080405
497,3857390,7812666,11670056,4,0,0,40448,12,6350625817
498,3858160,6319671,10177831,0,0,0,52224,14,2168986948
499,3861210,7882618,11743828,4,0,0,67584,12,4842657767
500,3866370,8951405,12817775,6,0,0,54272,12,7735601286
501,3887110,7651324,11538434,4,0,0,17920,12,3419917941
502,3892740,7487333,11380073,8,0,0,61952,12,8811144721
503,3912480,47268,3959748,2,0,1,23552,12,1196376727
504,3922130,8433640,12355770,8,0,0,103424,12,5330405313
505,3927430,7164743,11092173,3,0,0,29184,9,3075365195
506,3934970,7472137,11407107,8,0,0,28160,12,3506366606
507,3961450,5064639,9026089,1,0,0,5632,6,5395395516
508,3962310,9616400,13578710,7,0,0,30720,9,6090318934
509,3971210,8126961,12098171,5,0,0,18944,7,3865253383
510,3972530,4937,3977467,2,0,1,12800,12,3873272963
511,3997720,7418770,11416490,7,0,0,30720,9,1418392449
512,3999500,2341791,6341291,8,0,0,7168,12,9418235714
513,4004850,7672912,11677762,4,0,0,14336,12,4120238310
514,4010370,8828800,12839170,0,0,0,70144,14,5701164079
515,4011320,7940093,11951413,7,0,0,138752,9,3216360715
516,4025000,4971848,8996848,3,0,0,8192,9,3379573039
517,4029350,8177583,12206933,8,0,0,47104,12,6753342481
518,4032910,8039294,12072204,0,0,0,46592,14,10049267836
519,4038070,4856,4042926,9,0,1,3584,3,10513390033
520,4044590,8666560,12711150,8,0,0,38400,12,10058950136
521,4054550,3865891,7920441,7,0,0,23552,9,6110328739
522,4061220,7985822,12047042,1,0,0,154112,6,4951087725
523,4069799,10241,4080040,1,0,1,16384,6,7395915550
524,4071850,8538721,12610571,4,0,0,218112,12,4141494266
525,4081000,8134068,12215068,4,0,0,26624,12,10494452268
526,4110280,6265758,10376038,6,0,0,7680,12,8427016022
527,4113619,4374,4117993,1,0,1,4608,6,9038352492
528,4120980,8633068,12754048,3,0,0,20992,9,7552340631
529,4129730,8283213,12412943,8,0,0,76288,12,6095048672
530,4131770,8603941,12735711,3,0,0,60416,9,661066385
531,4131820,6454062,10585882,5,0,0,512,7,6056403231
532,4141690,6190222,10331912,9,0,0,7680,3,9635476234
533,4146750,9062069,13208819,4,0,0,7168,12,48394601
534,4147461,7139897,11287358,2,0,0,43008,12,7127460421
535,4157660,5541186,9698846,0,0,0,9728,14,2203613960
536,4166550,7141134,11307684,5,0,0,30720,7,7251308639
537,4166690,10494590,14661280,4,0,0,58880,12,9130361
538,4171800,4107981,8279781,8,0,0,4096,12,9084264650
539,4173220,8696025,12869245,5,0,0,47616,7,9171501288
540,4181050,9017115,13198165,9,0,0,48128,3,2013936289
541,4192070,9632254,13824324,1,0,0,7168,6,9484587360
542,4192890,32718,4225608,2,0,1,28672,12,8845154966
543,4194990,8858788,13053778,4,0,0,43520,12,9033413196
544,4198490,5694416,9892906,1,0,0,37376,6,6227808173
545,4200990,27883,4228873,3,0,1,9216,9,2955967983
546,4202870,8831842,13034712,5,0,0,3584,7,5552355228
547,4207670,8575939,12783609,4,0,0,38400,12,1253741394
548,4210660,5454944,9665604,5,0,0,25600,7,10165982978
549,4212760,6261964,10474724,9,0,0,7168,3,7015224541
550,4213390,6922369,11135759,4,0,0,21504,12,10240694166
551,4220750,9066880,13287630,7,0,0,11264,9,4865083471
552,4230340,5556363,9786703,7,0,0,36352,9,8403743701
553,4255550,8731123,12986673,3,0,0,128000,9,9671491413
554,4259340,4182876,8442216,8,0,0,17920,12,4586855949
555,4268490,9225541,13494031,4,0,0,120832,12,8975782580
556,4273780,5764846,10038626,1,0,0,3072,6,5162678730
557,4289130,4776165,9065295,1,0,0,11264,6,3680290097
558,4290560,9389909,13680469,0,0,0,45056,14,10077123401
559,4294030,9125402,13419432,4,0,0,11264,12,6393857397
560,4295530,8945839,13241369,5,0,0,53248,7,5509087635
561,4296800,5740867,10037667,6,0,0,9216,12,8450824834
562,4309050,4501751,8810801,0,0,0,6656,14,9987211693
563,4318379,24242,4342621,1,0,1,40448,6,3481800977
564,4327890,6533556,10861446,6,0,0,19456,12,8389730840
565,4328080,21065,4349145,5,0,1,7680,7,4847731916
566,4328950,3484139,7813089,6,0,0,9728,12,4053247418
567,4330810,18350,4349160,2,0,1,10240,12,10278842276
568,4333580,10683706,15017286,5,0,0,30208,7,5192423284
569,4339480,3979667,8319147,9,0,0,28160,3,2899300645
570,4342140,15786,4357926,2,0,1,10240,12,3350385429
571,4359640,10757,4370397,5,0,1,17408,7,4638068960
572,4378060,4777424,9155484,1,0,0,23040,6,6425687824
573,4391750,9476612,13868362,8,0,0,129024,12,7096214145
574,4394370,7164320,11558690,6,0,0,13824,12,7581360208
575,4395230,7727791,12123021,8,0,0,48640,12,7237339612
576,4400770,4292204,8692974,1,0,0,19968,6,8409261226
577,4401570,8610733,13012303,4,0,0,70656,12,8320710407
578,4403080,32987,4436067,2,0,1,57344,12,6850325613
579,4404270,9722701,14126971,6,0,0,29696,12,2702760549
580,4405330,6357995,10763325,7,0,0,119296,9,6810844492
581,4423200,6771150,11194350,4,0,0,61440,12,10518251824
582,4431580,5324626,9756206,7,0,0,2560,9,3790531008
583,4439640,9621929,14061569,4,0,0,159232,12,1250102159
584,4442560,4281839,8724399,6,0,0,1536,12,2706591980
585,4445050,10378536,14823586,8,0,0,43008,12,8076366189
586,4448720,9773895,14222615,1,0,0,76800,6,3257804862
587,4457829,34595,4492424,1,0,1,11776,6,9047690930
588,4471671,7611476,12083147,2,0,0,35840,12,4425708374
589,4478960,11290613,15769573,3,0,0,49664,9,6169068641
590,4498840,9682,4508522,3,0,1,1024,9,5387203745
591,4498910,7051389,11550299,4,0,0,35328,12,4973812469
592,4500590,11704780,16205370,5,0,0,131584,7,4619822847
593,4511470,11492048,16003518,6,0,0,159744,12,1448750369
594,4517990,5672968,10190958,0,0,0,43008,14,6299811284
595,4536110,12566,4548676,9,0,1,20992,3,3674067533
596,4536780,5229129,9765909,9,0,0,31744,3,9988666710
597,4537050,8482140,13019190,9,0,0,22528,3,986701277
598,4576101,6780815,11356916,2,0,0,51712,12,2085051869
599,4580450,8526425,13106875,7,0,0,77312,9,1303514790
600,4584450,7172037,11756487,9,0,0,41472,3,4193951498
601,4596330,3795806,8392136,3,0,0,11776,9,286102756
602,4597439,2946,4600385,4,0,1,3072,12,1613518715
603,4603750,11776948,16380698,0,0,0,33280,14,10315612773
604,4604749,74262,4679011,7,0,1,124416,9,891187821
605,4607529,73108,4680637,1,0,1,2560,6,2287831975
606,4629140,10837718,15466858,3,0,0,154624,9,4360578999
607,4632440,7531250,12163690,0,0,0,31232,14,8301575280
608,4638090,44032,4682122,3,0,1,15360,9,10002198937
609,4639611,8108010,12747621,2,0,0,26624,12,2738712607
610,4653781,7500370,12154151,2,0,0,65024,12,9849377824
611,4667630,15158,4682788,7,0,1,11264,9,4058588628
612,4673290,4103492,8776782,1,0,0,6656,6,6172740292
613,4687201,4827899,9515100,2,0,0,8192,12,9215005892
614,4707610,7292453,12000063,1,0,0,107008,6,6325628253
615,4708539,33850,4742389,7,0,1,55808,9,4807459567
616,4719590,11166247,15885837,9,0,0,25088,3,4075543452
617,4719970,11541548,16261518,5,0,0,67584,7,2367793846
618,4736740,5214134,9950874,5,0,0,28160,7,8429938668
619,4747170,6875194,11622364,1,0,0,67584,6,9192088675
620,4754840,28624,4783464,2,0,1,2048,12,9982978063
621,4760820,5550604,10311424,6,0,0,13312,12,3906983212
622,4771430,7650896,12422326,7,0,0,30720,9,760268896
623,4772050,10629055,15401105,9,0,0,82944,3,812500731
624,4792790,11916208,16708998,9,0,0,15360,3,10225009245
625,4795400,51612,4847012,9,0,1,19456,3,9731454097
626,4799810,7512858,12312668,5,0,0,94720,7,4887446322
627,4812980,4753692,9566672,4,0,0,47616,12,6342449919
628,4818150,31768,4849918,5,0,1,4608,7,4906334690
629,4818779,6006985,10825764,8,0,0,75776,12,3917533883
630,4827380,23716,4851096,3,0,1,13824,9,4973117234
631,4875500,7408285,12283785,3,0,0,61952,9,6569162711
632,4875651,7347084,12222735,2,0,0,25088,12,3055256017
633,4879660,8040233,12919893,3,0,0,70144,9,3667972945
634,4891340,7468049,12359389,6,0,0,11776,12,8851320343
635,4902299,93771,4996070,4,0,1,21504,12,4861279009
636,4909960,2277084,7187044,6,0,0,15360,12,5602950432
637,4919180,8369565,13288745,7,0,0,3584,9,10459659784
638,4930150,5785805,10715955,7,0,0,36352,9,2706706810
639,4933430,4750659,9684089,5,0,0,8704,7,2715549004
640,4938140,7170038,12108178,1,0,0,32768,6,10612666812
641,4953730,10827410,15781140,7,0,0,37888,9,9208590797
642,4954630,7744797,12699427,7,0,0,67072,9,5451728480
643,4964300,8956703,13921003,9,0,0,53248,3,3535413078
644,4973430,8810283,13783713,3,0,0,248832,9,2226004612
645,4979149,24509,5003658,4,0,1,26624,12,5432137138
646,4987920,6310381,11298301,6,0,0,35840,12,9426476022
647,4989009,15315,5004324,4,0,1,11264,12,6496113329
648,5003000,8258534,13261534,4,0,0,29696,12,1601857864
649,5016970,8016595,13033565,7,0,0,47104,9,908644058
650,5020070,11791,5031861,3,0,1,19456,9,2327503310
651,5035690,8772318,13808008,0,0,0,25600,14,8086577431
652,5036070,5712,5041782,3,0,1,14336,9,5407893892
653,5056119,11274,5067393,4,0,1,18432,12,8644792838
654,5060299,8720,5069019,8,0,1,2560,12,4081985119
655,5081600,10593276,15674876,8,0,0,71168,12,6233856170
656,5091690,8559561,13651251,0,0,0,81920,14,5810964077
657,5095990,10557179,15653169,8,0,0,39936,12,7578899661
658,5100320,5993280,11093600,8,0,0,4608,12,1804977274
659,5119331,11167068,16286399,2,0,0,78848,12,6539737308
660,5120300,7764629,12884929,5,0,0,18432,7,7328758797
661,5151269,2870,5154139,6,0,1,8704,12,6102029158
662,5151550,11983992,17135542,8,0,0,214016,12,10488779170
663,5155940,8301252,13457192,5,0,0,26112,7,4919685426
664,5159379,35860,5195239,4,0,1,512,12,10158247845
665,5172670,3851680,9024350,0,0,0,6656,14,3237364260
666,5173960,6912460,12086420,8,0,0,5632,12,3947366964
667,5175641,8969495,14145136,2,0,0,41472,12,8449341795
668,5177110,9552659,14729769,7,0,0,33280,9,4142481778
669,5180500,6138283,11318783,3,0,0,36352,9,7011295743
670,5182249,17567,5199816,6,0,1,12800,12,9646047312
671,5187609,27007,5214616,8,0,1,30720,12,2982169562
672,5191671,8257542,13449213,2,0,0,45056,12,9581970598
673,5197230,8746953,13944183,5,0,0,52736,7,10621603711
674,5197650,5702479,10900129,5,0,0,20992,7,6782314025
675,5199040,7571567,12770607,9,0,0,54272,3,2403218718
676,5215300,9358653,14573953,8,0,0,26624,12,1559567645
677,5246130,12141906,17388036,9,0,0,110592,3,8837120185
678,5251290,8548895,13800185,7,0,0,13312,9,7271940569
679,5252440,6703208,11955648,3,0,0,13824,9,6083752891
680,5272360,10352381,15624741,9,0,0,8192,3,8749621135
681,5273549,566,5274115,1,0,1,512,6,9289987866
682,5281039,6265,5287304,1,0,1,1024,6,5832441959
683,5311900,9646797,14958697,0,0,0,90112,14,5333173120
684,5314439,3737,5318176,4,0,1,1536,12,8066819636
685,5315220,10032901,15348121,5,0,0,57344,7,6965634423
686,5315731,4236410,9552141,2,0,0,10752,12,4801940979
687,5317100,9098371,14415471,9,0,0,65024,3,7051851722
688,5323319,12566,5335885,1,0,1,20992,6,1233510406
689,5333080,8571676,13904756,8,0,0,25600,12,2749464685
690,5337860,6003277,11341137,0,0,0,12800,14,10542453212
691,5339450,9374494,14713944,5,0,0,16384,7,9057479955
692,5357520,9115694,14473214,9,0,0,96768,3,665120385
693,5363500,8329871,13693371,1,0,0,33280,6,4164095277
694,5373520,9070187,14443707,3,0,0,26624,9,574425350
695,5379210,12254774,17633984,6,0,0,16384,12,5743867722
696,5379800,9911156,15290956,9,0,0,267776,3,2996276299
697,5386730,5851464,11238194,4,0,0,62976,12,1478604247
698,5389860,9253449,14643309,7,0,0,33280,9,10585542496
699,5395910,6361536,11757446,0,0,0,3072,14,2900264481
700,5405060,69566,5474626,9,0,1,1024,3,8715107636
701,5414611,4709418,10124029,2,0,0,1536,12,5758821791
702,5422120,7993857,13415977,3,0,0,63488,9,6620003132
703,5430140,8124378,13554518,8,0,0,112640,12,5839015461
704,5443920,9750871,15194791,9,0,0,22528,3,10039702029
705,5452880,8660005,14112885,1,0,0,128000,6,1174508394
706,5462230,10386839,15849069,5,0,0,84992,7,4186965308
707,5471690,8324416,13796106,9,0,0,13312,3,5189057211
708,5474570,6172888,11647458,4,0,0,1024,12,6826336034
709,5480710,4819044,10299754,5,0,0,19456,7,5070261523
710,5488150,4703299,10191449,6,0,0,1536,12,10736460960
711,5494300,17375588,22869888,7,0,1,73216,9,10343367771
712,5496540,1835407,7331947,5,0,0,5120,7,4973993484
713,5503390,9808649,15312039,8,0,0,69120,12,948766210
714,5520090,7819716,13339806,6,0,0,1024,12,3493082469
715,5520110,6953523,12473633,4,0,0,4096,12,5956227267
716,5522560,7632618,13155178,1,0,0,48640,6,6163447593
717,5530850,9370280,14901130,7,0,0,136192,9,1375970567
718,5536600,11210285,16746885,0,0,0,99840,14,3665955899
719,5543890,9875833,15419723,7,0,0,45568,9,7245705406
720,5548090,8464940,14013030,4,0,0,53248,12,6968427388
721,5549620,9638284,15187904,8,0,0,26624,12,7835551093
722,5554179,18244445,23798624,8,0,1,34304,12,1354675307
723,5564790,5833714,11398504,6,0,0,60416,12,5318279584
724,5579280,20424970,26004250,7,0,1,40960,9,3935143884
725,5586291,6322823,11909114,2,0,0,34816,12,5798875630
726,5591380,11354517,16945897,7,0,0,22016,9,5644480884
727,5601030,10962447,16563477,3,0,0,207872,9,6862358660
728,5608160,22863561,28471721,9,0,1,71680,3,2420985654
729,5609130,4331090,9940220,4,0,0,6144,12,5599352394
730,5664290,22809057,28473347,7,0,1,2560,9,5423723845
731,5670550,8250944,13921494,4,0,0,1536,12,2646498704
732,5679260,22796033,28475293,5,0,1,3072,7,2069183521
733,5680889,23040307,28721196,1,0,1,51200,6,1599980785
734,5689300,10981573,16670873,7,0,0,9728,9,5417656476
735,5693860,386969,6080829,9,0,0,1024,3,3013444823
736,5696540,6727369,12423909,9,0,0,5120,3,7845198723
737,5702200,5396883,11099083,1,0,0,17920,6,1537495065
738,5736890,22984329,28721219,2,0,1,7680,12,4791466422
739,5743300,9436469,15179769,3,0,0,57344,9,2028062175
740,5761581,6562654,12324235,2,0,0,37888,12,9425964990
741,5787260,5124046,10911306,5,0,0,6656,7,6897211921
742,5790250,8468498,14258748,6,0,0,36864,12,9766662258
743,5805281,9053548,14858829,2,0,0,24576,12,4708542207
744,5822530,4635610,10458140,9,0,0,10240,3,3816108236
745,5825940,22895302,28721242,7,0,1,1536,9,1901443689
746,5828200,6715892,12544092,3,0,0,72192,9,2936845027
747,5854070,8219792,14073862,5,0,0,1536,7,5719319770
748,5889260,7777458,13666718,4,0,0,50688,12,7653825435
749,5893430,22830666,28724096,5,0,1,7168,7,2966475935
750,5896340,11392856,17289196,3,0,0,89088,9,9088980618
751,5899660,10055147,15954807,7,0,0,61952,9,5098992582
752,5901600,23056366,28957966,3,0,1,14336,9,1289521819
753,5933970,11261511,17195481,9,0,0,34304,3,7695766747
754,5935470,6951042,12886512,9,0,0,5120,3,941639227
755,5936130,7991962,13928092,6,0,0,20992,12,1171559204
756,5939520,9269022,15208542,6,0,0,45056,12,6714137997
757,5939890,8764648,14704538,3,0,0,88064,9,8652220940
758,5961900,6216523,12178423,1,0,0,33280,6,2124076434
759,5968110,6198411,12166521,7,0,0,9216,9,6721427987
760,5983530,9770888,15754418,5,0,0,56832,7,5644584060
761,5987990,23967135,29955125,9,0,1,8192,3,7722796253
762,5988011,8438715,14426726,2,0,0,36864,12,8155024506
763,6009870,8555948,14565818,7,0,0,28160,9,7166707959
764,6011820,11157354,17169174,6,0,0,11776,12,489305987
765,6013750,10779582,16793332,5,0,0,26624,7,9754981820
766,6015450,6724028,12739478,7,0,0,12288,9,5357572341
767,6019820,27739693,33759513,7,0,1,25600,9,890674978
768,6025140,6689777,12714917,6,0,0,12288,12,6296394593
769,6027390,7281541,13308931,8,0,0,12288,12,2585659831
770,6028850,7359675,13388525,6,0,0,20480,12,8661120206
771,6034020,6683260,12717280,1,0,0,7680,6,5749424334
772,6046609,28249542,34296151,6,0,1,19456,12,633638854
773,6069439,28226735,34296174,1,0,1,2048,6,4208956681
774,6079240,7749787,13829027,9,0,0,15360,3,6033452024
775,6080150,8527834,14607984,0,0,0,111616,14,7430685436
776,6086970,8045507,14132477,8,0,0,16896,12,3750269671
777,6102920,6031356,12134276,7,0,0,36864,9,10079341567
778,6103410,8090361,14193771,5,0,0,45056,7,5299309799
779,6112290,9895486,16007776,1,0,0,6656,6,7876757883
780,6112920,11301135,17414055,6,0,0,26624,12,3738382040
781,6132530,8971036,15103566,7,0,0,152064,9,9287882990
782,6142420,7930951,14073371,0,0,0,4096,14,8403856859
783,6146780,6531541,12678321,9,0,0,4096,3,2925004917
784,6147070,11258850,17405920,0,0,0,24576,14,9328043680
785,6149460,12219159,18368619,4,0,0,26624,12,5827761540
786,6151269,29632519,35783788,1,0,1,70656,6,4355906915
787,6183200,11373293,17556493,0,0,0,51200,14,8336678774
788,6183900,8525029,14708929,8,0,0,14336,12,10647689830
789,6184310,29651237,35835547,5,0,1,5120,7,552008625
790,6185190,29650380,35835570,5,0,1,12800,7,2328316800
791,6185600,8443935,14629535,3,0,0,70656,9,4772855425
792,6214311,4618340,10832651,2,0,0,22528,12,3200659676
793,6216039,29662259,35878298,1,0,1,3584,6,4531374137
794,6218709,29720167,35938876,4,0,1,9216,12,10322739712
795,6233470,6445498,12678968,6,0,0,2048,12,2755476628
796,6249100,9387395,15636495,9,0,0,2560,3,9868277656
797,6254430,4828828,11083258,8,0,0,19968,12,1861383102
798,6272860,8658358,14931218,3,0,0,10240,9,6401242340
799,6285190,8219403,14504593,4,0,0,102912,12,9584733735
800,6288839,29650060,35938899,1,0,1,8192,6,1266716488
801,6293750,11827750,18121500,7,0,0,10752,9,5236973941
802,6299660,11894744,18194404,7,0,0,10752,9,5409118040
803,6312280,8365403,14677683,7,0,0,53760,9,9193353917
804,6335680,29636898,35972578,2,0,1,1536,12,6552395879
805,6338780,29635424,35974204,2,0,1,2560,12,5709473867
806,6340940,11438061,17779001,7,0,0,45568,9,4053526604
807,6343280,9897623,16240903,1,0,0,51712,6,7016475940
808,6348230,8415332,14763562,8,0,0,82944,12,4779426291
809,6361141,7449386,13810527,2,0,0,8192,12,1413051426
810,6384680,11744175,18128855,7,0,0,24064,9,4786478200
811,6400401,12308595,18708996,2,0,0,28160,12,6764737609
812,6401420,11227549,17628969,0,0,0,29696,14,8648856235
813,6401819,29673176,36074995,6,0,1,20992,12,5834635670
814,6407000,7665100,14072100,4,0,0,34304,12,4391656952
815,6409640,8373133,14782773,6,0,0,62976,12,6837541374
816,6411070,11297050,17708120,4,0,0,3584,12,6081758311
817,6417100,9889625,16306725,7,0,0,47616,9,8876129815
818,6439640,8563222,15002862,0,0,0,33280,14,7376964439
819,6441240,12076765,18518005,3,0,0,10240,9,390736793
820,6445490,8885136,15330626,6,0,0,60928,12,8371724311
821,6446980,6759632,13206612,0,0,0,27648,14,3964067835
822,6460640,11497581,17958221,3,0,0,67584,9,509855491
823,6464249,29642344,36106593,4,0,1,7168,12,801913172
824,6471220,9265859,15737079,0,0,0,91648,14,7652429047
825,6482320,29625259,36107579,5,0,1,1536,7,7157884178
826,6486710,12010166,18496876,7,0,0,134144,9,4273112748
827,6488931,8473377,14962308,2,0,0,11776,12,7083422139
828,6504420,7287607,13792027,8,0,0,15360,12,9820098382
829,6507700,10657863,17165563,9,0,0,34816,3,3144653635
830,6508770,11889703,18398473,5,0,0,16384,7,10165354386
831,6511370,9352558,15863928,7,0,0,48640,9,6048139883
832,6531210,5104835,11636045,6,0,0,12800,12,838321468
833,6538091,12080048,18618139,2,0,0,45568,12,10126903215
834,6543510,1611167,8154677,9,0,0,7680,3,521603011
835,6554760,8352321,14907081,3,0,0,19456,9,4201049431
836,6558871,4159455,10718326,2,0,0,7680,12,7629626183
837,6560610,8223593,14784203,3,0,0,4608,9,4086212247
838,6563640,10213110,16776750,3,0,0,19968,9,2926296905
839,6564230,7730298,14294528,6,0,0,39936,12,2870497519
840,6569229,29538811,36108040,1,0,1,10240,6,4974270140
841,6571721,6507617,13079338,2,0,0,32768,12,5932725689
842,6572290,7622596,14194886,9,0,0,3584,3,4909882664
843,6573440,10223659,16797099,3,0,0,12288,9,1234294302
844,6587100,12385234,18972334,4,0,0,7680,12,3995794605
845,6607030,9314174,15921204,0,0,0,72192,14,8961200235
846,6609630,4821077,11430707,5,0,0,15872,7,4021953006
847,6614120,29702299,36316419,3,0,1,11776,9,7114277767
848,6630880,10978387,17609267,4,0,0,137728,12,2009708050
849,6634441,9001243,15635684,2,0,0,35840,12,79236153
850,6645320,7176797,13822117,3,0,0,14848,9,8887207644
851,6651750,29664692,36316442,7,0,1,1024,9,7126281916
852,6656789,29659676,36316465,4,0,1,6144,12,8691847030
853,6663050,9366179,16029229,9,0,0,15360,3,9812521276
854,6667060,29665737,36332797,5,0,1,9728,7,2011203402
855,6688880,9660502,16349382,1,0,0,24064,6,10112764218
856,6694020,7423880,14117900,7,0,0,16384,9,2679818517
857,6712670,9611394,16324064,4,0,0,56832,12,5230312170
858,6717520,7100050,13817570,8,0,0,23040,12,642094764
859,6717540,10849740,17567280,5,0,0,35328,7,9222211384
860,6733940,8814287,15548227,4,0,0,53248,12,6972961321
861,6753350,4134025,10887375,1,0,0,1024,6,8239840659
862,6757890,11140077,17897967,6,0,0,27648,12,9121608147
863,6758111,4946455,11704566,2,0,0,27136,12,8692397085
864,6784840,10549174,17334014,9,0,0,64000,3,7680553240
865,6786480,10869725,17656205,1,0,0,56320,6,2774498957
866,6799220,7709483,14508703,7,0,0,10752,9,2708001660
867,6804960,12406741,19211701,5,0,0,165376,7,10242092651
868,6850919,29617508,36468427,1,0,1,6144,6,1447382131
869,6858240,29610210,36468450,3,0,1,2560,9,5874021808
870,6864020,9729744,16593764,8,0,0,99328,12,866930782
871,6865850,12986163,19852013,3,0,0,44032,9,1147551369
872,6868710,6407043,13275753,3,0,0,46592,9,1270734797
873,6880470,5604947,12485417,1,0,0,3072,6,2294724013
874,6881571,8494239,15375810,2,0,0,25088,12,4891911844
875,6890940,2752310,9643250,6,0,0,8704,12,5532635596
876,6907780,8005876,14913656,9,0,0,21504,3,3128934888
877,6914950,8963220,15878170,0,0,0,44032,14,7801959319
878,6922910,11530388,18453298,3,0,0,41472,9,1113985413
879,6926709,29636165,36562874,8,0,1,26112,12,6570108737
880,6952990,8663485,15616475,4,0,0,10752,12,6508430258
881,6954340,7551064,14505404,8,0,0,2560,12,1651034145
882,6994690,7638456,14633146,8,0,0,11776,12,9142603222
883,7032440,12679787,19712227,7,0,0,40448,9,7745441187
884,7044400,8433276,15477676,1,0,0,31744,6,7811790300
885,7050480,8846940,15897420,3,0,0,14336,9,4953166389
886,7053950,6733374,13787324,4,0,0,11776,12,5147174202
887,7054539,30338733,37393272,4,0,1,17408,12,331707465
888,7074999,30318296,37393295,4,0,1,13824,12,5815201437
889,7085890,30393921,37479811,5,0,1,8192,7,6220811166
890,7093500,11097605,18191105,6,0,0,121344,12,73779645
891,7097580,10256737,17354317,8,0,0,66560,12,10552789802
892,7107900,8586054,15693954,6,0,0,43520,12,2452034798
893,7114930,12135528,19250458,0,0,0,93696,14,488304864
894,7119510,8561161,15680671,0,0,0,18944,14,468759337
895,7120909,30382098,37503007,4,0,1,20480,12,10292465511
896,7128020,7677082,14805102,0,0,0,4096,14,2661889311
897,7129589,30408337,37537926,4,0,1,36864,12,6612828959
898,7142310,9305202,16447512,9,0,0,41984,3,2586839456
899,7146000,6191043,13337043,8,0,0,10752,12,5519665432
900,7170100,9325758,16495858,8,0,0,9728,12,4529780318
901,7174100,9422027,16596127,6,0,0,7680,12,1040738565
902,7175040,30914032,38089072,9,0,1,6656,3,6988557046
903,7179430,8743357,15922787,8,0,0,5120,12,1758921556
904,7185160,31175567,38360727,2,0,1,25600,12,6360276055
905,7188309,31172441,38360750,4,0,1,4096,12,3350149492
906,7195880,9428108,16623988,0,0,0,22528,14,7478317960
907,7204210,11523529,18727739,7,0,0,61440,9,4338790315
908,7209199,31157993,38367192,8,0,1,2048,12,7600798929
909,7225580,9209117,16434697,0,0,0,58368,14,2109411293
910,7229280,31137935,38367215,3,0,1,1536,9,10322507380
911,7238601,6658332,13896933,2,0,0,93696,12,4011690357
912,7247919,31151650,38399569,6,0,1,6144,12,1337102575
913,7265510,11799469,19064979,6,0,0,39936,12,6795405448
914,7269050,8550801,15819851,3,0,0,126976,9,10156852652
915,7271780,12795049,20066829,1,0,0,65024,6,9828193927
916,7274140,31303434,38577574,7,0,1,24576,9,9952188929
917,7281980,9523418,16805398,0,0,0,27136,14,538476667
918,7294850,12289800,19584650,0,0,0,52224,14,8489914710
919,7304230,9634936,16939166,3,0,0,16384,9,1521686614
920,7317400,31343258,38660658,3,0,1,26624,9,10589972173
921,7320990,9395172,16716162,0,0,0,3584,14,7816872041
922,7325430,9278832,16604262,4,0,0,26624,12,6740312239
923,7329359,31419693,38749052,8,0,1,13312,12,3805143785
924,7334550,4290208,11624758,3,0,0,3072,9,10119775797
925,7341590,8731216,16072806,6,0,0,34304,12,6891638544
926,7347790,6573883,13921673,9,0,0,512,3,10299920394
927,7353810,31395265,38749075,2,0,1,20992,12,8138264370
928,7358930,31470062,38828992,2,0,1,9216,12,10685656148
929,7364959,31473485,38838444,6,0,1,11776,12,5743084361
930,7368260,9775573,17143833,8,0,0,27136,12,6479106162
931,7374700,31535455,38910155,9,0,1,23552,3,9400208441
932,7375559,31719296,39094855,1,0,1,56320,6,2321547149
933,7387220,5955909,13343129,0,0,0,2560,14,5028100552
934,7395190,10936328,18331518,3,0,0,77312,9,3708101250
935,7399330,31725655,39124985,9,0,1,14336,3,7766957788
936,7419000,31826367,39245367,5,0,1,25088,7,2779455452
937,7419970,11120123,18540093,3,0,0,16896,9,1860225557
938,7429250,7289397,14718647,3,0,0,15360,9,5954774509
939,7435780,9023767,16459547,3,0,0,39424,9,3006063850
940,7439610,9376263,16815873,3,0,0,34304,9,1687847680
941,7442640,31922226,39364866,9,0,1,2048,3,1136778529
942,7452510,6709871,14162381,4,0,0,17920,12,5942861735
943,7455151,12328921,19784072,2,0,0,55296,12,8248774918
944,7456150,9160943,16617093,8,0,0,41984,12,3591730216
945,7476400,12561804,20038204,3,0,0,89600,9,1672314157
946,7481961,9980444,17462405,2,0,0,512,12,4706146301
947,7485959,32247673,39733632,8,0,1,31232,12,9014501902
948,7490869,32593873,40084742,8,0,1,10240,12,7663027096
949,7493630,32641060,40134690,9,0,1,37376,3,3367013231
950,7494250,32679977,40174227,7,0,1,18944,9,7870278831
951,7503270,32685401,40188671,3,0,1,20992,9,2732205250
952,7507610,3005199,10512809,3,0,0,2560,9,4870192601
953,7546720,7808132,15354852,7,0,0,22016,9,7137224224
954,7558500,9755991,17314491,7,0,0,82944,9,3838433617
955,7564130,12151459,19715589,8,0,0,9216,12,2503949012
956,7573370,8893563,16466933,9,0,0,16384,3,8136641063
957,7579170,12637385,20216555,9,0,0,38400,3,336932484
958,7590480,9361836,16952316,8,0,0,20992,12,963507432
959,7594110,8411615,16005725,4,0,0,7168,12,4946481019
960,7594900,11962325,19557225,9,0,0,33792,3,7336281256
961,7602489,32604519,40207008,6,0,1,12288,12,6557481397
962,7607260,9041312,16648572,7,0,0,60416,9,5742641594
963,7609800,9401596,17011396,9,0,0,6656,3,2463473754
964,7613620,11669675,19283295,9,0,0,61952,3,3000849986
965,7629330,3731844,11361174,1,0,0,4608,6,468502768
966,7650011,9135186,16785197,2,0,0,27648,12,7161294809
967,7706460,9329521,17035981,5,0,0,8704,7,2501634445
968,7712460,10335685,18048145,6,0,0,1536,12,6884218263
969,7717660,32519993,40237653,3,0,1,11776,9,3938312101
970,7726800,12165555,19892355,9,0,0,28672,3,8255407529
971,7732490,10951869,18684359,3,0,0,50688,9,699017087
972,7735990,10344470,18080460,3,0,0,83968,9,8394516807
973,7743920,12959043,20702963,1,0,0,61440,6,8543290747
974,7752729,32527214,40279943,8,0,1,23040,12,9186222660
975,7764660,9760332,17524992,4,0,0,10752,12,1306785887
976,7774950,11373014,19147964,9,0,0,66048,3,5623305525
977,7793870,32486096,40279966,2,0,1,16384,12,360627512
978,7797619,32495364,40292983,8,0,1,11264,12,6421521962
979,7798540,3681844,11480384,3,0,0,22016,9,2527269056
980,7803260,12448192,20251452,1,0,0,19968,6,1012728129
981,7810860,10994851,18805711,9,0,0,29696,3,5584944119
982,7827190,7870063,15697253,7,0,0,10752,9,4480194280
983,7851990,12669702,20521692,4,0,0,166912,12,1157000439
984,7860551,11086598,18947149,2,0,0,230400,12,9986739137
985,7861660,7179142,15040802,4,0,0,57344,12,220000226
986,7863629,32429377,40293006,1,0,1,2560,6,10254195402
987,7863790,9291142,17154932,3,0,0,36352,9,9559577760
988,7864880,6854726,14719606,6,0,0,3072,12,9162607018
989,7875870,9586870,17462740,0,0,0,1024,14,3836036161
990,7883991,11455946,19339937,2,0,0,76288,12,2816945149
991,7885330,11595332,19480662,9,0,0,93184,3,9723649416
992,7889180,9509229,17398409,7,0,0,8192,9,4934674521
993,7889720,5404976,13294696,6,0,0,19456,12,9838017481
994,7900570,9342092,17242662,7,0,0,41472,9,5803167471
995,7902960,32390077,40293037,5,0,1,2048,7,4139983211
996,7904690,9527016,17431706,9,0,0,57856,3,6894845326
997,7905390,12529669,20435059,5,0,0,33792,7,2788670342
998,7915329,32377731,40293060,4,0,1,1024,12,4793680964
999,7916780,7906370,15823150,0,0,0,10752,14,7177337809
1000,7926910,10494830,18421740,3,0,0,76288,9,3358224395
1001,7927470,8900438,16827908,3,0,0,39424,9,1081725997
1002,7933970,8408057,16342027,3,0,0,58880,9,3259137083
1003,7941310,12640983,20582293,0,0,0,11776,14,6916126116
1004,7946690,13048201,20994891,0,0,0,98816,14,8420712993
1005,7956001,11444244,19400245,2,0,0,21504,12,1676013070
1006,7957319,32337246,40294565,7,0,1,7680,9,1823375287
1007,7961759,32352327,40314086,1,0,1,14336,6,10617248998
1008,7962240,11165577,19127817,7,0,0,74240,9,1866992066
1009,7968040,9540688,17508728,4,0,0,34304,12,2941899648
1010,7972420,32497010,40469430,5,0,1,11776,7,5389392785
1011,7974330,10539261,18513591,9,0,0,54784,3,5360948308
1012,7977540,9661482,17639022,0,0,0,10240,14,10021998973
1013,7978480,9943915,17922395,6,0,0,74240,12,4491325618
1014,7978841,7885890,15864731,2,0,0,2560,12,3411693013
1015,7986909,32489431,40476340,1,0,1,20480,6,3947621265
1016,7987750,7418066,15405816,6,0,0,15360,12,6265153121
1017,8003099,32636951,40640050,8,0,1,11776,12,5010519580
1018,8027620,8809203,16836823,8,0,0,29184,12,10034234326
1019,8030230,12862233,20892463,1,0,0,121344,6,2120952482
1020,8043640,32695781,40739421,7,0,1,10752,9,6637255175
1021,8046250,12658631,20704881,0,0,0,512,14,3762806697
1022,8055650,11042181,19097831,4,0,0,2048,12,8550610404
1023,8056181,6372284,14428465,2,0,0,5632,12,7682340631
1024,8069650,2553477,10623127,6,0,0,5632,12,1486414851
1025,8073910,32755298,40829208,9,0,1,13824,3,2262242154
1026,8093961,9355396,17449357,2,0,0,57856,12,9197279506
1027,8138550,11687521,19826071,0,0,0,84480,14,10684402762
1028,8152720,13076128,21228848,8,0,0,18432,12,437104091
1029,8154230,10938563,19092793,3,0,0,52736,9,8507833938
1030,8154830,11460208,19615038,4,0,0,8704,12,447676911
1031,8162120,10278519,18440639,4,0,0,61952,12,3444846924
1032,8168170,9093859,17262029,0,0,0,63488,14,7591595711
1033,8178210,32712498,40890708,5,0,1,18944,7,1602869169
1034,8186070,9641951,17828021,0,0,0,13312,14,2826956171
1035,8187230,11933291,20120521,1,0,0,92160,6,3097286373
1036,8194450,32914162,41108612,5,0,1,18432,7,7088710873
1037,8196840,13026369,21223209,4,0,0,218112,12,5914316766
1038,8206790,12882893,21089683,7,0,0,150016,9,6128019298
1039,8210230,11580435,19790665,6,0,0,14336,12,742187413
1040,8242120,4838957,13081077,7,0,0,5632,9,8427903942
1041,8245339,33229536,41474875,6,0,1,84480,12,7853565380
1042,8257360,8751985,17009345,4,0,0,75776,12,7437383264
1043,8264230,9371649,17635879,0,0,0,6144,14,6319176786
1044,8265060,11969681,20234741,0,0,0,1536,14,556297860
1045,8286770,33709092,41995862,7,0,1,37888,9,7664876381
1046,8287940,13176169,21464109,7,0,0,85504,9,2539993754
1047,8290850,33705035,41995885,9,0,1,25088,3,6421267050
1048,8291300,13027717,21319017,0,0,0,75776,14,1397101884
1049,8304610,8747249,17051859,7,0,0,7680,9,3729907658
1050,8309510,10205352,18514862,0,0,0,4096,14,2082807312
1051,8312260,12942154,21254414,8,0,0,16896,12,1537691269
1052,8315240,9169566,17484806,3,0,0,19968,9,7928258336
1053,8317940,12015208,20333148,1,0,0,212480,6,5795799919
1054,8334831,7815100,16149931,2,0,0,2048,12,1406447953
1055,8352080,4419798,12771878,1,0,0,4096,6,7985082341
1056,8367239,34549646,42916885,1,0,1,92160,6,7237470491
1057,8368990,11981832,20350822,4,0,0,52736,12,7185104136
1058,8370640,11354529,19725169,4,0,0,11776,12,727135758
1059,8373030,13284986,21658016,3,0,0,121344,9,8005776618
1060,8380899,34570196,42951095,4,0,1,9728,12,8014970895
1061,8389941,6737921,15127862,2,0,0,11776,12,1838569065
1062,8399350,3768910,12168260,8,0,0,5632,12,2473889094
1063,8399960,12438785,20838745,4,0,0,47616,12,4497728839
1064,8409370,34541748,42951118,5,0,1,20992,7,9858508915
1065,8419500,13087459,21506959,1,0,0,71680,6,3129933665
1066,8424210,34541516,42965726,7,0,1,3584,9,2724787368
1067,8426320,10242572,18668892,9,0,0,57856,3,6384669465
1068,8428399,34578939,43007338,4,0,1,15872,12,977965429
1069,8439050,4551702,12990752,7,0,0,13312,9,741870342
1070,8441530,12710653,21152183,1,0,0,512,6,5654450583
1071,8451741,7840453,16292194,2,0,0,18944,12,4877446371
1072,8457210,9660991,18118201,3,0,0,70144,9,2858427206
1073,8466250,9012425,17478675,9,0,0,52224,3,1219701454
1074,8469510,12214710,20684220,3,0,0,7168,9,6835516666
1075,8470240,34715348,43185588,9,0,1,2048,3,1193064325
1076,8474040,9833899,18307939,0,0,0,6144,14,1693271692
1077,8476150,34709461,43185611,2,0,1,11264,12,1085392390
1078,8477960,10221365,18699325,8,0,0,23552,12,2525964214
1079,8480690,12199740,20680430,9,0,0,188416,3,8532528155
1080,8489090,11878915,20368005,7,0,0,56320,9,6539004141
1081,8494690,11034854,19529544,7,0,0,150016,9,2057554113
1082,8495270,12050781,20546051,9,0,0,79872,3,4130516825
1083,8497750,8256178,16753928,4,0,0,23040,12,6519250402
1084,8516720,8702184,17218904,6,0,0,76800,12,4529809761
1085,8533370,10048959,18582329,3,0,0,40448,9,9939048233
1086,8540230,5777533,14317763,4,0,0,5120,12,5730545227
1087,8544960,34686006,43230966,9,0,1,14848,3,9485076349
1088,8546550,7715794,16262344,8,0,0,2048,12,5224329129
1089,8547660,13013944,21561604,1,0,0,16384,6,6508439621
1090,8554579,34799739,43354318,4,0,1,3072,12,3615240181
1091,8555830,9804646,18360476,4,0,0,50688,12,9216559093
1092,8570780,12678284,21249064,7,0,0,23552,9,10385627287
1093,8576220,10734125,19310345,3,0,0,45056,9,10465588753
1094,8576490,6891491,15467981,3,0,0,3584,9,2427153423
1095,8586780,34784787,43371567,5,0,1,14336,7,9919478202
1096,8588490,13126909,21715399,0,0,0,71680,14,5525399638
1097,8611290,13009731,21621021,0,0,0,43520,14,5002913174
1098,8646580,6476943,15123523,8,0,0,2560,12,133995333
1099,8657361,10074145,18731506,2,0,0,12288,12,6543400499
1100,8659470,9303610,17963080,8,0,0,15872,12,6003283557
1101,8672790,6316857,14989647,9,0,0,3072,3,100289492
1102,8696800,7349745,16046545,4,0,0,6656,12,5374443336
1103,8703351,10843555,19546906,2,0,0,42496,12,6410038127
1104,8704170,10930951,19635121,0,0,0,3584,14,5245161241
1105,8712520,10509367,19221887,3,0,0,13312,9,1140951081
1106,8716011,9739962,18455973,2,0,0,8704,12,5637850039
1107,8716240,5236392,13952632,1,0,0,8192,6,3839617053
1108,8720380,12431624,21152004,0,0,0,70144,14,1085295153
1109,8723170,13121949,21845119,8,0,0,79360,12,3288582837
1110,8726400,9843582,18569982,7,0,0,30208,9,5301170688
1111,8726560,9795680,18522240,6,0,0,13824,12,4807564645
1112,8740400,9794522,18534922,8,0,0,31744,12,5105608747
1113,8745330,7716588,16461918,1,0,0,7680,6,1980987789
1114,8763110,6605025,15368135,9,0,0,43520,3,5478153661
1115,8784700,11920002,20704702,7,0,0,5632,9,7971519755
1116,8788560,10181411,18969971,4,0,0,45568,12,3521201131
1117,8802720,12706290,21509010,3,0,0,6656,9,8403353242
1118,8806419,34731261,43537680,6,0,1,7168,12,3891937724
1119,8828060,5299246,14127306,9,0,0,1024,3,6877359152
1120,8834040,12296569,21130609,9,0,0,113152,3,1039849831
1121,8842810,13278474,22121284,6,0,0,70656,12,5342252071
1122,8846040,12747463,21593503,0,0,0,33792,14,4029962304
1123,8847500,35257101,44104601,9,0,1,22016,3,1938182652
1124,8856880,13095647,21952527,9,0,0,29696,3,6678363346
1125,8867190,13076266,21943456,6,0,0,61440,12,2989779820
1126,8874440,13205903,22080343,4,0,0,72192,12,8870559393
1127,8883880,10816000,19699880,6,0,0,51200,12,1732655182
1128,8901860,13087061,21988921,1,0,0,16384,6,2795195246
1129,8916209,35253754,44169963,6,0,1,36864,12,9882782463
1130,8922791,11043953,19966744,2,0,0,16384,12,756243558
1131,8929800,12457546,21387346,9,0,0,40448,3,6123135030
1132,8937650,9327721,18265371,3,0,0,11264,9,10576993212
1133,8947170,10692607,19639777,9,0,0,5632,3,326607681
1134,8954200,8498955,17453155,0,0,0,11776,14,7333041161
1135,8955769,35350038,44305807,7,0,1,1536,9,2521900118
1136,8956340,7814303,16770643,1,0,0,54784,6,9941213948
1137,8957590,10999149,19956739,0,0,0,81920,14,475697963
1138,8982330,35323500,44305830,2,0,1,11264,12,1278728401
1139,8982550,12823835,21806385,6,0,0,59904,12,3271749693
1140,8984210,13191812,22176022,4,0,0,65024,12,76254667
1141,8995140,9608527,18603667,7,0,0,1536,9,4168495228
1142,9019329,36887029,45906358,1,0,1,217088,6,2661285500
1143,9020340,10244056,19264396,0,0,0,29184,14,896213097
1144,9026450,11013961,20040411,7,0,0,7168,9,1195188477
1145,9035170,9961811,18996981,8,0,0,32768,12,1363165318
1146,9037540,13249131,22286671,6,0,0,50176,12,6160988519
1147,9045240,13079655,22124895,9,0,0,11776,3,10521640810
1148,9052000,12364201,21416201,0,0,0,36352,14,8045325798
1149,9052380,12974393,22026773,3,0,0,67584,9,9382234984
1150,9054630,36853034,45907664,3,0,1,2048,9,2082316678
1151,9056180,8740710,17796890,3,0,0,9216,9,728041250
1152,9057510,36871051,45928561,2,0,1,13824,12,6923336357
1153,9060030,6649102,15709132,7,0,0,38912,9,5332792584
1154,9066590,37147344,46213934,5,0,1,27136,7,9615777238
1155,9071270,9453957,18525227,9,0,0,9728,3,9451789558
1156,9078890,13370215,22449105,1,0,0,65024,6,8691599757
1157,9082710,10281898,19364608,1,0,0,80896,6,6217198210
1158,9083400,11340139,20423539,0,0,0,84992,14,3244512479
1159,9085891,3755798,12841689,2,0,0,8192,12,9497854978
1160,9091640,37201922,46293562,5,0,1,18432,7,515610486
1161,9094280,11110552,20204832,0,0,0,68608,14,1182623772
1162,9107400,11227331,20334731,1,0,0,5120,6,3287826265
1163,9110410,12497320,21607730,3,0,0,46592,9,5003817994
1164,9113220,11106166,20219386,4,0,0,9216,12,9467635981
1165,9116380,12562274,21678654,4,0,0,59904,12,2414403324
1166,9136621,8909256,18045877,2,0,0,9216,12,1201506449
1167,9141000,8028985,17169985,8,0,0,2560,12,9230162354
1168,9153960,11316853,20470813,3,0,0,95232,9,10714465748
1169,9168380,12970179,22138559,8,0,0,9728,12,9894133633
1170,9171150,11226470,20397620,5,0,0,55808,7,1601189832
1171,9176400,5927813,15104213,8,0,0,2048,12,3692464157
1172,9178661,12514867,21693528,2,0,0,9728,12,7405621458
1173,9183670,5923530,15107200,9,0,0,9728,3,948618153
1174,9205939,37324572,46530511,4,0,1,38400,12,4544107163
1175,9205981,6003364,15209345,2,0,0,2560,12,3207939766
1176,9230669,39061841,48292510,4,0,1,362496,12,1619646876
1177,9231260,8266985,17498245,9,0,0,44032,3,6778390016
1178,9231380,9724684,18956064,0,0,0,29184,14,3115996635
1179,9239260,13136029,22375289,6,0,0,15360,12,2311837824
1180,9240540,10143435,19383975,6,0,0,63488,12,9001255077
1181,9265910,40662997,49928907,0,0,1,453632,14,5297233952
1182,9273170,13283060,22556230,4,0,0,45056,12,7738832024
1183,9292700,11257742,20550442,6,0,0,14336,12,2237684564
1184,9296780,9263148,18559928,3,0,0,65024,9,3365552488
1185,9303600,12702558,22006158,3,0,0,20480,9,2449991353
1186,9310490,40941265,50251755,5,0,1,18944,7,6487899101
1187,9311280,10757288,20068568,0,0,0,5632,14,7202635785
1188,9315811,6827844,16143655,2,0,0,6656,12,1572575315
1189,9329760,40974536,50304296,9,0,1,40960,3,7578473226
1190,9346680,6915017,16261697,9,0,0,512,3,253872930
1191,9347480,13289970,22637450,4,0,0,139776,12,8005795374
1192,9356949,41096285,50453234,6,0,1,14336,12,3155762108
1193,9363030,5656463,15019493,4,0,0,7168,12,1840886930
1194,9363589,41235977,50599566,6,0,1,11264,12,1605311077
1195,9370590,13474917,22845507,6,0,0,72192,12,1305909867
1196,9381010,6631937,16012947,0,0,0,16896,14,6569314111
1197,9404590,13169455,22574045,6,0,0,58368,12,6732763559
1198,9406590,13416898,22823488,3,0,0,35840,9,1655358854
1199,9412060,13248384,22660444,3,0,0,49152,9,6056091872
1200,9413501,8961849,18375350,2,0,0,22016,12,4049369428
1201,9416970,13274587,22691557,0,0,0,97280,14,1432511757
1202,9429960,6933447,16363407,9,0,0,1024,3,2518624471
1203,9434020,12936566,22370586,0,0,0,51200,14,9150078409
1204,9440090,13593865,23033955,1,0,0,57856,6,5303743571
1205,9448000,10004247,19452247,6,0,0,166400,12,3759549571
1206,9453529,41199512,50653041,7,0,1,26112,9,7512011955
1207,9507410,11093412,20600822,9,0,0,46080,3,1230837807
1208,9512700,11250790,20763490,8,0,0,34304,12,8671145079
1209,9514880,12565954,22080834,7,0,0,1536,9,9168252430
1210,9516280,6833281,16349561,6,0,0,512,12,6025004910
1211,9517639,41460760,50978399,1,0,1,142336,6,9691431224
1212,9521750,13727539,23249289,0,0,0,244224,14,4077227011
1213,9525809,41580147,51105956,6,0,1,20992,12,1468212010
1214,9543290,13368379,22911669,5,0,0,51200,7,983738756
1215,9557030,12263886,21820916,8,0,0,47616,12,2154547749
1216,9558520,7109366,16667886,6,0,0,2560,12,7560058601
1217,9566139,41582185,51148324,4,0,1,49152,12,1244228568
1218,9577600,8042298,17619898,4,0,0,34816,12,3587016109
1219,9584190,7101033,16685223,7,0,0,4096,9,10407501131
1220,9586250,11320276,20906526,1,0,0,46080,6,8750780423
1221,9617230,13501815,23119045,3,0,0,130560,9,2370270924
1222,9618929,41545361,51164290,4,0,1,6656,12,8429962716
1223,9627281,8572606,18199887,2,0,0,17920,12,4207462685
1224,9634410,7880164,17514574,9,0,0,17920,3,3655983073
1225,9644739,42849277,52494016,1,0,1,1030656,6,662731156
1226,9686890,42863543,52550433,5,0,1,22528,7,7423593465
1227,9688470,42885371,52573841,3,0,1,1024,9,3857216528
1228,9707340,42868127,52575467,2,0,1,2560,12,8841429524
1229,9737570,11306374,21043944,6,0,0,18944,12,347281481
1230,9738560,12397012,22135572,6,0,0,26112,12,6371813492
1231,9742810,11208199,20951009,7,0,0,145920,9,9777452800
1232,9757550,10289436,20046986,1,0,0,21504,6,7350791235
1233,9774850,13584900,23359750,6,0,0,27136,12,9956870561
1234,9777420,10061154,19838574,1,0,0,40960,6,1853138249
1235,9805841,7590049,17395890,2,0,0,23040,12,1960356659
1236,9812160,11957360,21769520,1,0,0,39936,6,841300073
1237,9825630,13228963,23054593,0,0,0,23552,14,85527442
1238,9835790,42740753,52576543,2,0,1,13312,12,3885923717
1239,9837630,13889885,23727515,6,0,0,14848,12,628744857
1240,9839180,42783993,52623173,2,0,1,24064,12,9549135740
1241,9856150,6261615,16117765,8,0,0,8192,12,3089069729
1242,9867960,11487771,21355731,7,0,0,51200,9,6592130043
1243,9869490,11167700,21037190,1,0,0,138752,6,5416484443
1244,9877470,42759327,52636797,3,0,1,17408,9,5100995432
1245,9882359,43319064,53201423,1,0,1,204800,6,5791104512
1246,9885520,9191182,19076702,6,0,0,38400,12,8627243577
1247,9888180,13677238,23565418,9,0,0,87552,3,5045683047
1248,9912530,43370078,53282608,5,0,1,22016,7,10315131217
1249,9932959,43413646,53346605,7,0,1,20480,9,5802652153
1250,9937160,10284129,20221289,3,0,0,6144,9,5908031240
1251,9953920,12691509,22645429,4,0,0,26112,12,4123203402
1252,9971300,13672091,23643391,0,0,0,130560,14,5261665321
1253,9977740,9672345,19650085,7,0,0,17408,9,239680793
1254,9979259,43411241,53390500,1,0,1,31232,6,5249986288
1255,9988790,10571191,20559981,6,0,0,31232,12,6585580070
1256,9990509,43414830,53405339,4,0,1,20992,12,6390938943
1257,9991530,12415028,22406558,0,0,0,512,14,7839606015
1258,9992010,7237993,17230003,4,0,0,36352,12,9902202793
1259,9995670,9488135,19483805,8,0,0,10240,12,1820201834
1260,10004470,13312280,23316750,3,0,0,184832,9,10556001190
1261,10008791,11287115,21295906,2,0,0,62976,12,5752518196
1262,10023300,13307076,23330376,6,0,0,19968,12,9064972161
1263,10026950,10828510,20855460,0,0,0,54784,14,2342093077
1264,10043370,8752566,18795936,8,0,0,23040,12,8464417514
1265,10046649,43908668,53955317,4,0,1,169472,12,3583930239
1266,10052810,9340860,19393670,9,0,0,31744,3,4112715449
1267,10053070,11352032,21405102,9,0,0,40448,3,3528884440
1268,10053280,14014188,24067468,7,0,0,20480,9,2479362749
1269,10058449,43896891,53955340,6,0,1,1024,12,4972168148
1270,10078280,11834710,21912990,6,0,0,15872,12,991152244
1271,10087139,43904908,53992047,6,0,1,24064,12,10157513720
1272,10094370,12828866,22923236,3,0,0,37888,9,8640624084
1273,10095690,10718004,20813694,3,0,0,14336,9,4898843737
1274,10109179,43885134,53994313,4,0,1,3584,12,7875321695
1275,10129820,10092373,20222193,0,0,0,1024,14,6908861522
1276,10131360,12600280,22731640,8,0,0,45568,12,6925165623
1277,10133120,8075943,18209063,8,0,0,4608,12,3964333405
1278,10143120,11517259,21660379,6,0,0,7680,12,5196411433
1279,10148070,43995924,54143994,3,0,1,14848,9,10421794539
1280,10150901,13878628,24029529,2,0,0,98304,12,804989447
1281,10166391,12989256,23155647,2,0,0,89600,12,10005385781
1282,10179610,8917574,19097184,8,0,0,14336,12,4884021523
1283,10194820,8077271,18272091,7,0,0,3072,9,2828099539
1284,10198990,14212260,24411250,5,0,0,11264,7,2973692855
1285,10200570,14008948,24209518,9,0,0,6656,3,2397305555
1286,10205200,13309465,23514665,1,0,0,52736,6,8392224567
1287,10206781,13049863,23256644,2,0,0,24064,12,1192103442
1288,10216630,7468968,17685598,8,0,0,17408,12,6303483608
1289,10234580,7227646,17462226,0,0,0,29696,14,1702921409
1290,10247190,9286745,19533935,7,0,0,14336,9,2476733456
1291,10255490,13652595,23908085,9,0,0,29184,3,3524063052
1292,10259910,43884107,54144017,2,0,1,2048,12,473145608
1293,10261660,11722246,21983906,9,0,0,102912,3,3868369088
1294,10264621,9031957,19296578,2,0,0,43520,12,8542410449
1295,10284840,11908856,22193696,8,0,0,39936,12,2730773734
1296,10290800,8735533,19026333,9,0,0,3072,3,39643546
1297,10295170,14353228,24648398,8,0,0,295424,12,824953003
1298,10303760,14610861,24914621,3,0,0,8704,9,9677656761
1299,10332269,44090300,54422569,4,0,1,9728,12,437569938
1300,10334430,14447072,24781502,8,0,0,44544,12,8571539095
1301,10350740,7578542,17929282,1,0,0,22528,6,1671540665
1302,10367680,11322861,21690541,0,0,0,38912,14,3057164432
1303,10371090,44204659,54575749,2,0,1,23552,12,6310693963
1304,10383720,11341686,21725406,7,0,0,32768,9,6058622911
1305,10399690,12002610,22402300,6,0,0,88576,12,9776187309
1306,10402630,14005165,24407795,8,0,0,175616,12,6413067559
1307,10404519,44263780,54668299,6,0,1,1024,12,2845693866
1308,10432420,14762006,25194426,6,0,0,110080,12,6100789561
1309,10433670,6955169,17388839,9,0,0,2560,3,7149224621
1310,10436110,11663623,22099733,4,0,0,61952,12,6377802491
1311,10437951,13399050,23837001,2,0,0,73728,12,3423496226
1312,10443370,7893951,18337321,9,0,0,18944,3,1574140923
1313,10483001,13015573,23498574,2,0,0,26112,12,4184066963
1314,10489210,11406248,21895458,8,0,0,44032,12,10647962383
1315,10521330,11333819,21855149,0,0,0,26624,14,4825329435
1316,10525050,11602543,22127593,7,0,0,1536,9,6565446524
1317,10526040,6923496,17449536,3,0,0,512,9,2857976372
1318,10538521,11876827,22415348,2,0,0,22528,12,3558605591
1319,10547319,45085711,55633030,1,0,1,339968,6,9031534971
1320,10555300,45105402,55660702,9,0,1,39936,3,1695525784
1321,10570440,45191108,55761548,2,0,1,11264,12,1353054972
1322,10579580,11420315,21999895,1,0,0,22016,6,5850610769
1323,10580140,8978824,19558964,8,0,0,5632,12,7598041925
1324,10603770,9071448,19675218,9,0,0,34816,3,4775879932
1325,10606490,45155081,55761571,2,0,1,20992,12,7729399880
1326,10634070,45330214,55964284,5,0,1,21504,7,2478132837
1327,10639820,14083885,24723705,7,0,0,76288,9,5955127158
1328,10651470,11943369,22594839,5,0,0,61952,7,4615873052
1329,10675950,12648319,23324269,9,0,0,24576,3,580211728
1330,10678291,7666718,18345009,2,0,0,19456,12,626930617
1331,10706349,45579275,56285624,1,0,1,476672,6,8796022771
1332,10720830,13778028,24498858,9,0,0,97792,3,6424506917
1333,10724300,9399520,20123820,0,0,0,10752,14,729475885
1334,10736590,12912284,23648874,9,0,0,17920,3,7291106577
1335,10747191,12055035,22802226,2,0,0,190464,12,10230571186
1336,10758340,10398390,21156730,1,0,0,14848,6,9332224923
1337,10810121,14599122,25409243,2,0,0,47616,12,1425669822
1338,10846640,12232602,23079242,8,0,0,27648,12,549803030
1339,10850630,12955340,23805970,9,0,0,7680,3,4782458924
1340,10850740,11305447,22156187,8,0,0,49152,12,4151393617
1341,10862300,10102460,20964760,0,0,0,45056,14,1196387319
1342,10870550,13829888,24700438,6,0,0,69632,12,5596443968
1343,10870921,14175852,25046773,2,0,0,50688,12,4821565732
1344,10885950,45399697,56285647,9,0,1,25600,3,7492691738
1345,10889299,45638402,56527701,1,0,1,275968,6,8520265936
1346,10905920,13773279,24679199,3,0,0,56320,9,7498250557
1347,10911570,14788261,25699831,9,0,0,83456,3,9702996758
1348,10913980,45645279,56559259,2,0,1,9216,12,3130497979
1349,10928940,10411160,21340100,3,0,0,69120,9,6197563868
1350,10929181,8288627,19217808,2,0,0,19968,12,8255207369
1351,10930100,14806593,25736693,7,0,0,80384,9,4255806507
1352,10931820,11126496,22058316,3,0,0,103424,9,140264662
1353,10932359,45626923,56559282,7,0,1,8192,9,4923676302
1354,10935640,10911374,21847014,9,0,0,6144,3,1768251095
1355,10937120,13526436,24463556,8,0,0,166912,12,3498199431
1356,10941160,12823219,23764379,3,0,0,62976,9,2480884928
1357,10941559,45617746,56559305,7,0,1,2048,9,658930289
1358,10941790,13218445,24160235,6,0,0,96256,12,1880920362
1359,10942610,14569872,25512482,9,0,0,76800,3,8228414133
1360,10964751,9717262,20682013,2,0,0,5120,12,9027301109
1361,10975120,14604533,25579653,8,0,0,13312,12,10548969348
1362,10991880,13902860,24894740,6,0,0,62976,12,6918524151
1363,11006670,7554077,18560747,6,0,0,2560,12,8931677966
1364,11007150,14374412,25381562,4,0,0,175104,12,8734911167
1365,11013650,14964947,25978597,1,0,0,137728,6,578229839
1366,11013980,45580471,56594451,0,0,1,42496,14,7153209856
1367,11016300,11515860,22532160,1,0,0,30720,6,2649048387
1368,11022281,8379243,19401524,2,0,0,4096,12,2956523041
1369,11032180,14263357,25295537,4,0,0,331776,12,9128490019
1370,11036661,13521702,24558363,2,0,0,89600,12,609625388
1371,11044961,11363500,22408461,2,0,0,6144,12,6755480402
1372,11056290,8939917,19996207,9,0,0,12288,3,704943525
1373,11058841,9979308,21038149,2,0,0,3072,12,6887643060
1374,11061480,45532994,56594474,5,0,1,9216,7,571906683
1375,11073019,45593354,56666373,1,0,1,177152,6,7280221656
1376,11073380,45625267,56698647,3,0,1,13824,9,2224152463
1377,11076320,13880338,24956658,8,0,0,48640,12,3124771397
1378,11078090,11639292,22717382,4,0,0,50688,12,9102954606
1379,11078700,45624133,56702833,3,0,1,6656,9,9227602027
1380,11079760,14305257,25385017,5,0,0,11264,7,7200604386
1381,11080169,45698313,56778482,8,0,1,33792,12,5830509365
1382,11087490,10161753,21249243,1,0,0,512,6,7867350912
1383,11097420,10269410,21366830,1,0,0,36352,6,9523957508
1384,11127829,45653507,56781336,8,0,1,2560,12,4429659669
1385,11130660,10105231,21235891,3,0,0,23040,9,4020707562
1386,11136880,45828835,56965715,2,0,1,44544,12,2030519225
1387,11138670,45827068,56965738,9,0,1,512,3,4443043924
1388,11161820,45865501,57027321,2,0,1,23040,12,4770817224
1389,11174560,11030693,22205253,6,0,0,28160,12,7542339009
1390,11175210,10817954,21993164,4,0,0,13824,12,6941453357
1391,11176390,14311858,25488248,5,0,0,116224,7,6831314035
1392,11182370,12750746,23933116,8,0,0,25600,12,8996788251
1393,11196469,45832158,57028627,9,0,1,2048,3,4816988500
1394,11204700,10312458,21517158,6,0,0,25088,12,10381376567
1395,11206140,11251435,22457575,4,0,0,17920,12,2423322578
1396,11212940,14938445,26151385,9,0,0,22016,3,10479393653
1397,11214700,11722424,22937124,8,0,0,31744,12,8905509982
1398,11223610,15066563,26290173,0,0,0,39424,14,4936606807
1399,11238649,45831476,57070125,6,0,1,28160,12,7229123844
1400,11239260,10942245,22181505,5,0,0,17920,7,7220607966
1401,11247690,14312971,25560661,5,0,0,17920,7,3176639210
1402,11264030,6550943,17814973,8,0,0,4096,12,3818517685
1403,11300190,10282994,21583184,4,0,0,9728,12,5497705695
1404,11306510,14323489,25629999,1,0,0,14848,6,712745630
1405,11312920,11848210,23161130,9,0,0,17920,3,3436773718
1406,11318800,45807219,57126019,3,0,1,3072,9,7286797473
1407,11335080,7920401,19255481,9,0,0,16384,3,2357297406
1408,11340850,14214312,25555162,3,0,0,79360,9,5441514197
1409,11343770,14080940,25424710,4,0,0,50688,12,2106206838
1410,11350840,14180119,25530959,4,0,0,30208,12,10306274179
1411,11351879,45774163,57126042,8,0,1,17920,12,7453164899
1412,11363850,10054090,21417940,8,0,0,5632,12,770247708
1413,11382430,13269891,24652321,1,0,0,12800,6,5597625527
1414,11397080,11650314,23047394,5,0,0,44032,7,7296049205
1415,11404830,11287538,22692368,6,0,0,2560,12,6907710489
1416,11409660,11166280,22575940,9,0,0,6144,3,9101800753
1417,11416389,45771389,57187778,6,0,1,21504,12,3310874744
1418,11419430,14505287,25924717,3,0,0,68608,9,730086274
1419,11433930,45765029,57198959,5,0,1,19456,7,4775285152
1420,11434710,8935042,20369752,1,0,0,5632,6,9526986706
1421,11455470,9119206,20574676,0,0,0,48128,14,474775456
1422,11455850,10950529,22406379,0,0,0,13312,14,7813845003
1423,11465490,11076989,22542479,6,0,0,33792,12,6611044369
1424,11465720,9772534,21238254,3,0,0,7680,9,5737090739
1425,11468310,11249407,22717717,5,0,0,1024,7,5212740429
1426,11482960,14157594,25640554,6,0,0,3584,12,10598279896
1427,11485560,45714065,57199625,5,0,1,1024,7,8459536215
1428,11490790,10994246,22485036,8,0,0,37376,12,3244909598
1429,11513090,9221179,20734269,4,0,0,46080,12,975355651
1430,11522790,7454411,18977201,3,0,0,15872,9,1981227761
1431,11527030,14185148,25712178,6,0,0,40448,12,8775595338
1432,11538709,45664142,57202851,4,0,1,5120,12,9604915966
1433,11545410,15554268,27099678,0,0,0,633856,14,664509105
1434,11557820,12441734,23999554,1,0,0,35840,6,2190217434
1435,11560251,12570633,24130884,2,0,0,146944,12,6110445395
1436,11563480,14951407,26514887,4,0,0,93696,12,3356704569
1437,11565439,45648780,57214219,8,0,1,7680,12,8635654887
1438,11571530,45660878,57232408,2,0,1,13824,12,3607089971
1439,11575699,45773608,57349307,9,0,1,73728,3,7434183653
1440,11581180,12773084,24354264,0,0,0,76288,14,2890102107
1441,11585810,13487038,25072848,1,0,0,85504,6,7099344538
1442,11598110,15013342,26611452,4,0,0,125952,12,10707336609
1443,11621979,45806609,57428588,9,0,1,39936,3,261348785
1444,11631160,13205456,24836616,9,0,0,111104,3,10062777667
1445,11636650,11714809,23351459,3,0,0,69120,9,1523018863
1446,11650280,11872570,23522850,6,0,0,19968,12,4012974684
1447,11657330,14620808,26278138,8,0,0,49664,12,4154343384
1448,11658710,13253236,24911946,5,0,0,39424,7,8981137485
1449,11673810,11185300,22859110,4,0,0,44544,12,6241112008
1450,11673900,15539016,27212916,5,0,0,202240,7,5485631641
1451,11713980,10703575,22417555,6,0,0,7168,12,8401083108
1452,11714029,45727141,57441170,9,0,1,16896,3,9261664572
1453,11718290,14182981,25901271,8,0,0,35328,12,3205912195
1454,11720140,14460801,26180941,6,0,0,68608,12,6579816883
1455,11721920,14047587,25769507,6,0,0,60928,12,3004878760
1456,11723270,14296782,26020052,6,0,0,7680,12,8679424450
1457,11751170,8957790,20708960,3,0,0,13312,9,5536384482
1458,11760020,45684148,57444168,2,0,1,3584,12,4181061719
1459,11775411,15550360,27325771,2,0,0,72192,12,7504254396
1460,11783300,10918607,22701907,9,0,0,31232,3,7830898599
1461,11795250,9446615,21241865,6,0,0,11776,12,6549171959
1462,11801079,45793287,57594366,1,0,1,58368,6,2768720618
1463,11806369,45853134,57659503,6,0,1,30208,12,1470083910
1464,11807040,14522491,26329531,1,0,0,104448,6,9454743384
1465,11813090,14438318,26251408,9,0,0,141824,3,5909561006
1466,11822000,12945907,24767907,5,0,0,73728,7,9675678777
1467,11835789,45870922,57706711,8,0,1,9216,12,3851759287
1468,11837060,14730411,26567471,7,0,0,26624,9,1269410662
1469,11852530,15053997,26906527,1,0,0,124928,6,4905473304
1470,11861809,45844925,57706734,4,0,1,1024,12,8919405722
1471,11862650,11855303,23717953,3,0,0,160256,9,1012589701
1472,11868330,14990160,26858490,9,0,0,63488,3,5603633978
1473,11870760,14033030,25903790,1,0,0,8192,6,6287624411
1474,11880680,9876649,21757329,4,0,0,37376,12,10213955751
1475,11882340,12626883,24509223,1,0,0,24064,6,8706397712
1476,11890070,45816687,57706757,2,0,1,3072,12,1463097207
1477,11907140,45799640,57706780,2,0,1,6656,12,9505656323
1478,11913230,14524202,26437432,0,0,0,32256,14,5382075326
1479,11917940,9852695,21770635,0,0,0,3584,14,3864833501
1480,11918170,11572425,23490595,8,0,0,72704,12,7524644691
1481,11921459,45785344,57706803,4,0,1,9728,12,7233935485
1482,11936399,45794157,57730556,7,0,1,1536,9,9632485574
1483,11938310,15420470,27358780,9,0,0,78848,3,5938699360
1484,11944179,45949436,57893615,1,0,1,91648,6,4439667585
1485,11945100,11831065,23776165,3,0,0,5632,9,8280120729
1486,11953139,45940499,57893638,9,0,1,8704,3,6318006522
1487,11964810,11399487,23364297,1,0,0,14848,6,7144487959
1488,11982350,11740618,23722968,4,0,0,16384,12,3021372809
1489,11992580,9875635,21868215,9,0,0,27136,3,2544907469
1490,11996109,45913696,57909805,1,0,1,10240,6,4633053237
1491,12003100,9921613,21924713,4,0,0,38400,12,5762372263
1492,12008210,15578978,27587188,8,0,0,39424,12,7592293752
1493,12015790,11379936,23395726,6,0,0,11776,12,1164507866
1494,12034510,45916710,57951220,3,0,1,16896,9,3167945457
1495,12040580,45914186,57954766,2,0,1,5632,12,148971191
1496,12043930,15761975,27805905,3,0,0,196608,9,140594562
1497,12049410,15340601,27390011,6,0,0,102400,12,5045471031
1498,12051599,45904403,57956002,7,0,1,9216,9,1039333695
1499,12054520,10214999,22269519,5,0,0,1024,7,7134858182
1500,12057830,14687437,26745267,1,0,0,126464,6,669950630
1501,12075650,10051452,22127102,3,0,0,7168,9,4248983254
1502,12096690,15459252,27555942,9,0,0,24064,3,10476630587
1503,12104929,45889959,57994888,6,0,1,11264,12,7201551790
1504,12114949,45917816,58032765,8,0,1,38912,12,4505450199
1505,12127070,15116780,27243850,5,0,0,6144,7,202752342
1506,12128030,15826127,27954157,5,0,0,39424,7,9244813975
1507,12135720,11631022,23766742,0,0,0,7680,14,3824322497
1508,12152880,12772684,24925564,5,0,0,35840,7,3677639937
1509,12177370,12484646,24662016,1,0,0,31744,6,4226831139
1510,12184770,9711179,21895949,4,0,0,1536,12,3110950763
1511,12192529,45840259,58032788,4,0,1,1024,12,3161603991
1512,12202659,45914006,58116665,4,0,1,20480,12,6185265398
1513,12204900,15979735,28184635,3,0,0,114176,9,3016424154
1514,12212691,9252065,21464756,2,0,0,2048,12,1924169751
1515,12216460,15895212,28111672,9,0,0,69120,3,9275909630
1516,12241590,45881603,58123193,3,0,1,69120,9,544873268
1517,12242710,14999245,27241955,3,0,0,95232,9,8872897952
1518,12270769,45900837,58171606,8,0,1,34304,12,8592291042
1519,12271410,45905585,58176995,5,0,1,17408,7,7429423223
1520,12272070,9922445,22194515,5,0,0,2560,7,507991277
1521,12276480,11300817,23577297,0,0,0,38912,14,9699200240
1522,12291780,11760236,24052016,0,0,0,73728,14,4838193388
1523,12292470,15973978,28266448,1,0,0,28160,6,7434827191
1524,12293470,15576716,27870186,5,0,0,70144,7,360021292
1525,12293580,10158512,22452092,0,0,0,9728,14,9524521759
1526,12296861,12674045,24970906,2,0,0,3072,12,1640585764
1527,12298309,46173169,58471478,8,0,1,61440,12,5305424231
1528,12299149,46173917,58473066,7,0,1,15872,9,8812445085
1529,12303370,13024170,25327540,9,0,0,104960,3,3743847665
1530,12320379,46320449,58640828,4,0,1,17408,12,987442182
1531,12333070,14970682,27303752,3,0,0,19968,9,6408631527
1532,12342631,15802699,28145330,2,0,0,512,12,1258757760
1533,12342859,46380458,58723317,9,0,1,25600,3,9752301339
1534,12366559,46371221,58737780,4,0,1,10752,12,3287128242
1535,12396350,11182553,23578903,9,0,0,512,3,6444076132
1536,12402050,11863796,24265846,4,0,0,30208,12,6543176142
1537,12404459,46335907,58740366,6,0,1,4096,12,3926152532
1538,12411890,16705840,29117730,0,0,0,26624,14,1142657632
1539,12415090,46328487,58743577,5,0,1,14336,7,9382424438
1540,12415600,12459929,24875529,3,0,0,69632,9,1105896759
1541,12418759,46923663,59342422,1,0,1,220672,6,2248884871
1542,12426000,8670110,21096110,1,0,0,20992,6,7286434276
1543,12426840,15693770,28120610,1,0,0,10752,6,3703941718
1544,12432930,16828033,29260963,3,0,0,2560,9,2899434382
1545,12434010,16219134,28653144,5,0,0,361472,7,10674035419
1546,12439220,12062157,24501377,9,0,0,8192,3,5192132250
1547,12447441,17010204,29457645,2,0,0,106496,12,4435307524
1548,12448009,46925708,59373717,8,0,1,12288,12,4296604238
1549,12453380,10603531,23056911,5,0,0,7168,7,9173886865
1550,12456330,17148676,29605006,1,0,0,28160,6,6983141777
1551,12466140,46912723,59378863,2,0,1,8192,12,7431221087
1552,12468190,15076500,27544690,8,0,0,69120,12,4931618713
1553,12475791,13880684,26356475,2,0,0,3072,12,6268598465
1554,12488089,46906144,59394233,8,0,1,1024,12,8734097030
1555,12495771,12591764,25087535,2,0,0,48128,12,5302214716
1556,12504170,10157724,22661894,3,0,0,3072,9,8080666645
1557,12515270,13678381,26193651,3,0,0,19968,9,3377494678
1558,12535280,14611111,27146391,6,0,0,11776,12,8014521808
1559,12541079,46908231,59449310,1,0,1,46080,6,469894158
1560,12546340,46910458,59456798,5,0,1,7680,7,21957307
1561,12548339,46910037,59458376,7,0,1,2048,9,4296652817
1562,12551560,12452210,25003770,0,0,0,72192,14,9632549097
1563,12568731,13004152,25572883,2,0,0,16384,12,5820662626
1564,12572090,9695809,22267899,5,0,0,15872,7,3020842177
1565,12578520,15641432,28219952,0,0,0,13824,14,10687696604
1566,12587259,46964514,59551773,7,0,1,13312,9,3601497640
1567,12605680,15820436,28426116,3,0,0,71680,9,1436102022
1568,12614170,15021510,27635680,1,0,0,74240,6,9044819396
1569,12616460,16643692,29260152,3,0,0,179200,9,9592854890
1570,12618810,11126358,23745168,6,0,0,57856,12,10200663053
1571,12620610,47041796,59662406,5,0,1,65536,7,4909475704
1572,12630961,15600410,28231371,2,0,0,37376,12,8523498843
1573,12635830,11263340,23899170,6,0,0,37888,12,10176652387
1574,12639139,47028305,59667444,9,0,1,1536,3,1929753426
1575,12640551,12881181,25521732,2,0,0,22528,12,4732281403
1576,12640801,13353263,25994064,2,0,0,50688,12,8416260176
1577,12641990,10170555,22812545,9,0,0,33792,3,9111592112
1578,12663309,47004158,59667467,1,0,1,14336,6,4541494283
1579,12671570,10288096,22959666,5,0,0,26624,7,10251982848
1580,12678050,9670447,22348497,1,0,0,32256,6,7671978670
1581,12681820,12479043,25160863,5,0,0,69120,7,7273629634
1582,12682101,15802101,28484202,2,0,0,4096,12,4006614003
1583,12686101,12939351,25625452,2,0,0,43520,12,3314558179
1584,12697780,46969710,59667490,3,0,1,11776,9,8637336086
1585,12705710,12862150,25567860,1,0,0,23552,6,6005149462
1586,12709029,46958484,59667513,8,0,1,9728,12,2350988863
1587,12709150,10295921,23005071,5,0,0,13824,7,10175376845
1588,12718609,46948927,59667536,4,0,1,15872,12,8626520300
1589,12732420,15587388,28319808,4,0,0,55296,12,711196924
1590,12737620,13312550,26050170,6,0,0,11264,12,8254063720
1591,12741870,12158041,24899911,1,0,0,16896,6,9528470661
1592,12743940,12916051,25659991,9,0,0,5632,3,5368841115
1593,12748310,9740805,22489115,8,0,0,13312,12,6370746023
1594,12748390,13591826,26340216,3,0,0,8704,9,3658886497
1595,12754140,47032628,59786768,2,0,1,31744,12,8015295682
1596,12756010,15786975,28542985,4,0,0,8192,12,8343121394
1597,12776260,47010969,59787229,5,0,1,10240,7,3272882313
1598,12786811,13772525,26559336,2,0,0,116224,12,601613375
1599,12789050,13146454,25935504,6,0,0,35328,12,10548375827
1600,12792910,11952502,24745412,5,0,0,71168,7,262164645
1601,12802390,15882320,28684710,8,0,0,49664,12,6047758337
1602,12804070,47094691,59898761,3,0,1,5120,9,2690366144
1603,12807310,14592552,27399862,0,0,0,32256,14,4519039373
1604,12809150,15992524,28801674,6,0,0,146432,12,3554005472
1605,12816369,47137216,59953585,6,0,1,57856,12,9193916859
1606,12816420,10762304,23578724,0,0,0,4608,14,2550527454
1607,12817269,47136339,59953608,1,0,1,2048,6,6592543464
1608,12821049,47132582,59953631,8,0,1,4608,12,7903596441
1609,12821300,12631513,25452813,5,0,0,92160,7,3779731843
1610,12824360,11088124,23912484,1,0,0,14336,6,2843241946
1611,12832569,47124492,59957061,1,0,1,1024,6,6479883663
1612,12854950,13954856,26809806,8,0,0,65024,12,7977576270
1613,12855281,12927665,25782946,2,0,0,44032,12,5849373434
1614,12858260,13404715,26262975,4,0,0,37888,12,7044906724
1615,12866690,14468027,27334717,8,0,0,4096,12,6891221265
1616,12876510,11093599,23970109,9,0,0,2560,3,3721436495
1617,12881589,47160409,60041998,8,0,1,35840,12,5253666345
1618,12888340,10372071,23260411,0,0,0,12288,14,2012309561
1619,12899680,47193741,60093421,5,0,1,29184,7,2930485248
1620,12909490,14680864,27590354,8,0,0,3584,12,9541061499
1621,12916960,15022235,27939195,0,0,0,17920,14,1924950935
1622,12921960,13137670,26059630,4,0,0,24576,12,7147487310
1623,12935890,10512761,23448651,9,0,0,5120,3,5412433796
1624,12939460,17233308,30172768,4,0,0,714240,12,1089019464
1625,12948260,15808775,28757035,8,0,0,108032,12,7373468576
1626,12950470,12189310,25139780,5,0,0,65536,7,10551053245
1627,12976050,11537119,24513169,9,0,0,11776,3,2421108160
1628,12976240,47147344,60123584,2,0,1,11264,12,1539379513
1629,12996370,12023129,25019499,0,0,0,512,14,2004356051
1630,13008020,47129481,60137501,3,0,1,6656,9,1952373023
1631,13008251,14123118,27131369,2,0,0,103936,12,1123023067
1632,13017520,17351647,30369167,4,0,0,256000,12,3556805455
1633,13050950,17444089,30495039,1,0,0,8704,6,3793310619
1634,13063109,47126716,60189825,1,0,1,19456,6,1315160731
1635,13064744,47225923,60290667,4,0,1,29184,12,5542646864
1636,13069721,17369784,30439505,2,0,0,6144,12,4898401401
1637,13083021,15824286,28907307,2,0,0,83968,12,4426325836
1638,13106330,15029013,28135343,3,0,0,29184,9,8577462115
1639,13154070,47323828,60477898,3,0,1,36352,9,275132423
1640,13162571,9498364,22660935,2,0,0,1536,12,5912426924
1641,13169929,47425613,60595542,9,0,1,1024,3,3489667561
1642,13184090,14896781,28080871,7,0,0,193536,9,432202823
1643,13184459,47417525,60601984,1,0,1,38400,6,4175502171
1644,13204381,10455171,23659552,2,0,0,7168,12,7672147507
1645,13212840,47724928,60937768,0,0,1,120832,14,5212217999
1646,13215450,10583151,23798601,5,0,0,16384,7,5452654034
1647,13218249,47722769,60941018,4,0,1,13312,12,6043933126
1648,13223670,11289702,24513372,6,0,0,512,12,6679825541
1649,13236900,14235594,27472494,6,0,0,124928,12,10560682274
1650,13240549,47753822,60994371,4,0,1,7680,12,559270849
1651,13263229,47838054,61101283,7,0,1,73728,9,4484350145
1652,13263869,47845300,61109169,9,0,1,3584,3,4811004217
1653,13266000,12874117,26140117,5,0,0,10240,7,6227511464
1654,13268320,12126392,25394712,6,0,0,31744,12,1260087516
1655,13280600,47828915,61109515,3,0,1,512,9,8931026884
1656,13283140,16519191,29802331,3,0,0,20992,9,628592292
1657,13283870,10589791,23873661,9,0,0,20992,3,10117530749
1658,13303200,11544359,24847559,1,0,0,35840,6,2714434000
1659,13308460,14808851,28117311,3,0,0,18432,9,7305315156
1660,13313530,13837743,27151273,0,0,0,11776,14,2252879421
1661,13314601,15609733,28924334,2,0,0,55808,12,8353570401
1662,13334320,10629497,23963817,7,0,0,22016,9,9834855376
1663,13354330,12221228,25575558,8,0,0,8704,12,10113244111
1664,13364460,15603053,28967513,4,0,0,31232,12,8979614801
1665,13369400,16907627,30277027,7,0,0,12288,9,7590301094
1666,13383750,14191403,27575153,1,0,0,62976,6,1443956969
1667,13385150,15572793,28957943,4,0,0,15360,12,8384122308
1668,13392731,10474511,23867242,2,0,0,37376,12,8317451014
1669,13394889,47714972,61109861,6,0,1,512,12,9259225923
1670,13397530,15272017,28669547,8,0,0,53760,12,9515998297
1671,13401460,12784808,26186268,8,0,0,17408,12,10369947013
1672,13408610,13889035,27297645,5,0,0,67072,7,6347132625
1673,13410030,14789159,28199189,4,0,0,12288,12,1698129793
1674,13413899,47697268,61111167,8,0,1,2048,12,530291384
1675,13417030,12880654,26297684,0,0,0,24576,14,7732864298
1676,13436320,16029772,29466092,4,0,0,27648,12,3197749141
1677,13438230,15537730,28975960,7,0,0,27648,9,9387708872
1678,13444569,47669850,61114419,7,0,1,5120,9,5564122617
1679,13445821,14242664,27688485,2,0,0,40448,12,3843430170
1680,13447500,15661448,29108948,6,0,0,144896,12,3683751396
1681,13449729,47665036,61114765,4,0,1,512,12,8601502536
1682,13450490,15711508,29161998,4,0,0,51200,12,9013081211
1683,13461120,15841470,29302590,8,0,0,46592,12,2992005404
1684,13461660,12542567,26004227,3,0,0,33280,9,8761868494
1685,13463249,47654653,61117902,9,0,1,15872,3,2075598407
1686,13466040,15548685,29014725,4,0,0,63488,12,9285334287
1687,13474380,15731149,29205529,9,0,0,71168,3,3393589462
1688,13487400,47894063,61381463,3,0,1,100864,9,7470320232
1689,13488730,14961839,28450569,6,0,0,4096,12,2644641929
1690,13492070,17167420,30659490,0,0,0,48640,14,8401400459
1691,13510300,14374596,27884896,7,0,0,20992,9,3564655226
1692,13512180,48319202,61831382,0,0,1,290304,14,8280524708
1693,13515689,48330025,61845714,4,0,1,1024,12,4739111191
1694,13516110,15982921,29499031,5,0,0,108032,7,2761657643
1695,13518780,11283961,24802741,3,0,0,69632,9,4659121504
1696,13524019,48336815,61860834,7,0,1,19968,9,3762499451
1697,13527360,14668062,28195422,1,0,0,35328,6,8123467166
1698,13529210,10634324,24163534,0,0,0,10752,14,9216738103
1699,13543360,17212019,30755379,8,0,0,65536,12,5141092365
1700,13554030,13067741,26621771,5,0,0,33792,7,1527878818
1701,13558799,48366116,61924915,6,0,1,33792,12,1812398891
1702,13587269,48337669,61924938,6,0,1,2560,12,1508792331
1703,13589080,11516885,25105965,7,0,0,56320,9,8360271796
1704,13600010,14761895,28361905,4,0,0,62464,12,968335281
1705,13605659,48402337,62007996,8,0,1,27648,12,4800546573
1706,13606549,48407109,62013658,7,0,1,13824,9,6551733015
1707,13614530,48405132,62019662,3,0,1,20480,9,5624945332
1708,13640750,11213540,24854290,5,0,0,22016,7,5730236897
1709,13659830,12230654,25890484,5,0,0,25088,7,10033691925
1710,13667350,15982185,29649535,0,0,0,58880,14,593271885
1711,13672399,48465742,62138141,9,0,1,23040,3,6002077279
1712,13674979,48524172,62199151,1,0,1,54784,6,4331532818
1713,13678640,10734037,24412677,5,0,0,4608,7,5023703065
1714,13678909,48595243,62274152,8,0,1,32256,12,8002053115
1715,13680370,48622798,62303168,3,0,1,11264,9,5145127878
1716,13691310,17332511,31023821,4,0,0,43008,12,2846958461
1717,13694820,12381005,26075825,8,0,0,35328,12,3390872050
1718,13696720,15441358,29138078,7,0,0,27648,9,5480392639
1719,13696889,48629370,62326259,8,0,1,10752,12,2558316156
1720,13706239,48657988,62364227,1,0,1,23040,6,2788887107
1721,13721710,48643257,62364967,2,0,1,16896,12,9138813483
1722,13724690,13698774,27423464,0,0,0,44544,14,9614115698
1723,13729209,48648606,62377815,9,0,1,12800,3,4367382184
1724,13740420,16811959,30552379,6,0,0,30720,12,6683436463
1725,13757040,14261553,28018593,6,0,0,36864,12,5202633734
1726,13758019,48646344,62404363,4,0,1,16384,12,5334737031
1727,13758930,13513069,27271999,9,0,0,84992,3,6514332577
1728,13761119,48644550,62405669,4,0,1,2048,12,2129492701
1729,13764790,13480175,27244965,4,0,0,3584,12,10321484167
1730,13779350,17372881,31152231,0,0,0,39936,14,2451881855
1731,13790329,48617606,62407935,8,0,1,3584,12,1477605835
1732,13801371,11982386,25783757,2,0,0,2560,12,3106995672
1733,13810240,48602841,62413081,3,0,1,8192,9,10570324001
1734,13829470,14891703,28721173,1,0,0,23040,6,1677597571
1735,13834551,10133329,23967880,2,0,0,3584,12,4738490671
1736,13838189,48604259,62442448,1,0,1,25600,6,8802869429
1737,13857050,16904124,30761174,3,0,0,18944,9,5790516399
1738,13862830,15447115,29309945,7,0,0,24064,9,8830320081
1739,13866190,48577884,62444074,5,0,1,14848,7,7474999393
1740,13866730,14961175,28827905,3,0,0,86016,9,3288032794
1741,13877681,14977788,28855469,2,0,0,27648,12,3268834401
1742,13879530,48666634,62546164,3,0,1,45056,9,3760095567
1743,13882070,12496899,26378969,7,0,0,39936,9,9223287013
1744,13888710,17528253,31416963,1,0,0,73216,6,8830740997
1745,13889640,15989239,29878879,9,0,0,119296,3,9855762500
1746,13895680,10387989,24283669,8,0,0,1024,12,10144671566
1747,13897750,15095557,28993307,6,0,0,56832,12,164620173
1748,13901800,14469956,28371756,1,0,0,32256,6,10095884873
1749,13902630,14223798,28126428,5,0,0,1536,7,1282762097
1750,13926030,14358411,28284441,4,0,0,14848,12,2036272922
1751,13929950,17645821,31575771,1,0,0,71680,6,2972199763
1752,13930139,48616048,62546187,6,0,1,1024,12,1192949744
1753,13938680,17723604,31662284,8,0,0,16384,12,285675150
1754,13955130,12062559,26017689,8,0,0,44032,12,4105991880
1755,13956480,14737769,28694249,6,0,0,31232,12,5407216147
1756,13968440,12671206,26639646,9,0,0,32256,3,8614834433
1757,13969200,15059900,29029100,1,0,0,47104,6,7496088699
1758,13970000,13307186,27277186,0,0,0,16896,14,4457733337
1759,13970461,11780451,25750912,2,0,0,46592,12,2743221425
1760,13973490,48572720,62546210,0,0,1,1536,14,1519132317
1761,13976130,48570103,62546233,0,0,1,19456,14,5105502373
1762,14005860,11483199,25489059,8,0,0,2560,12,4676648309
1763,14014290,13682798,27697088,9,0,0,28160,3,6844922769
1764,14026500,10442539,24469039,6,0,0,17920,12,5644099852
1765,14026780,13383089,27409869,0,0,0,32768,14,9762811603
1766,14032010,16189499,30221509,8,0,0,23552,12,9742159721
1767,14033120,13628947,27662067,3,0,0,86528,9,1630494502
1768,14033760,14804019,28837779,3,0,0,2560,9,1189842985
1769,14038280,48507976,62546256,2,0,1,16384,12,6895021310
1770,14043760,15587812,29631572,1,0,0,78848,6,10422958208
1771,14055630,15255274,29310904,0,0,0,3072,14,7460321393
1772,14071640,16166295,30237935,1,0,0,26624,6,10050435450
1773,14078620,10430938,24509558,0,0,0,1024,14,9722167038
1774,14081040,14633090,28714130,9,0,0,50176,3,5410415384
1775,14094880,16147758,30242638,1,0,0,15360,6,5070869859
1776,14111110,12097063,26208173,1,0,0,26624,6,313516234
1777,14113830,14266217,28380047,9,0,0,27136,3,8578176538
1778,14120820,16299873,30420693,6,0,0,79360,12,9503434792
1779,14126991,15828111,29955102,2,0,0,86528,12,4115745225
1780,14130870,14084847,28215717,6,0,0,13824,12,5790932796
1781,14134761,16428093,30562854,2,0,0,14848,12,10349987149
1782,14161670,14685336,28847006,1,0,0,30208,6,4046511111
1783,14165840,16230650,30396490,0,0,0,89600,14,248501982
1784,14187860,16301501,30489361,5,0,0,22528,7,775561273
1785,14188810,15338994,29527804,8,0,0,40448,12,8458613041
1786,14204630,48341649,62546279,2,0,1,14848,12,8781772060
1787,14213230,14176044,28389274,5,0,0,30208,7,207829284
1788,14225340,48320962,62546302,3,0,1,4608,9,5737307877
1789,14230589,48513691,62744280,6,0,1,37376,12,7935383998
1790,14231730,10270138,24501868,5,0,0,1536,7,892477259
1791,14231890,15308417,29540307,3,0,0,40960,9,3156050553
1792,14235170,48537707,62772877,3,0,1,8704,9,1555343800
1793,14249720,16232754,30482474,5,0,0,110080,7,4552041741
1794,14253800,12083242,26337042,3,0,0,24576,9,9448977615
1795,14258840,48609048,62867888,2,0,1,14336,12,10142198254
1796,14269049,48630736,62899785,6,0,1,35840,12,9865112755
1797,14280610,16233694,30514304,9,0,0,27136,3,2178262155
1798,14292249,48656361,62948610,7,0,1,2048,9,8832245781
1799,14307049,48881210,63188259,9,0,1,26624,3,3568270468
1800,14323180,12922900,27246080,6,0,0,3584,12,1021466696
1801,14327930,14958587,29286517,5,0,0,5120,7,1935662132
1802,14342511,13802640,28145151,2,0,0,31232,12,5456035476
1803,14348130,15060133,29408263,1,0,0,50688,6,7241308880
1804,14360140,13728554,28088694,5,0,0,25600,7,3466050185
1805,14374230,16577952,30952182,7,0,0,55296,9,10280941890
1806,14374301,15294133,29668434,2,0,0,61952,12,4505397717
1807,14377271,17595148,31972419,2,0,0,166400,12,1471856251
1808,14386820,10941367,25328187,6,0,0,2048,12,3168836066
1809,14397240,48877939,63275179,5,0,1,2560,7,3866052169
1810,14403380,16725868,31129248,1,0,0,40448,6,2745056529
1811,14404720,48876156,63280876,2,0,1,18944,12,2021380824
1812,14412150,13678439,28090589,7,0,0,6144,9,5509124289
1813,14417289,48916350,63333639,9,0,1,5120,3,4610809090
1814,14426660,12011575,26438235,9,0,0,2560,3,2783197
1815,14435070,11902471,26337541,0,0,0,1536,14,7398287079
1816,14436500,13547621,27984121,1,0,0,8192,6,5912985802
1817,14436610,15267906,29704516,5,0,0,115200,7,10237449824
1818,14437180,13238950,27676130,3,0,0,46080,9,5892236764
1819,14464871,12677909,27142780,2,0,0,37376,12,3199546532
1820,14465819,48976226,63442045,4,0,1,31744,12,7330982768
1821,14468320,12017996,26486316,7,0,0,37888,9,409843499
1822,14481710,15401092,29882802,7,0,0,12800,9,9645080632
1823,14507630,15701821,30209451,1,0,0,120320,6,4936964747
1824,14514370,17514707,32029077,7,0,0,23552,9,6216432993
1825,14519040,16775255,31294295,4,0,0,94208,12,5611111881
1826,14544880,14408360,28953240,0,0,0,53760,14,7716589616
1827,14565670,13937347,28503017,0,0,0,8192,14,6684734602
1828,14569640,15188208,29757848,7,0,0,54784,9,7179083895
1829,14585750,10929095,25514845,7,0,0,7680,9,10617776169
1830,14592330,16767741,31360071,9,0,0,512,3,7566355301
1831,14592350,14971068,29563418,0,0,0,75776,14,8264375632
1832,14596960,10515886,25112846,1,0,0,2048,6,10374722563
1833,14597690,12109022,26706712,8,0,0,21504,12,2037575660
1834,14628400,48813668,63442068,0,0,1,7168,14,988181005
1835,14633410,12800997,27434407,0,0,0,35840,14,2716571807
1836,14638099,48832072,63470171,1,0,1,8192,6,10250349254
1837,14645960,15196548,29842508,0,0,0,25600,14,2871236239
1838,14655350,13069118,27724468,6,0,0,43008,12,363294639
1839,14663530,16974208,31637738,8,0,0,76800,12,7779067771
1840,14679880,13198597,27878477,0,0,0,27136,14,5999287016
1841,14680670,12129627,26810297,0,0,0,1536,14,4827029305
1842,14690720,14190980,28881700,7,0,0,86016,9,4013144408
1843,14693140,16020497,30713637,0,0,0,80896,14,8178538275
1844,14703870,48824955,63528825,3,0,1,9728,9,8323667283
1845,14736770,14302961,29039731,4,0,0,34816,12,10132988680
1846,14748560,12399102,27147662,5,0,0,4096,7,243063643
1847,14753690,17492473,32246163,4,0,0,59392,12,9117832778
1848,14758490,16062733,30821223,9,0,0,120320,3,8648067772
1849,14765770,17006744,31772514,7,0,0,33792,9,2924537128
1850,14783411,13507974,28291385,2,0,0,19968,12,5180303844
1851,14784370,15469211,30253581,5,0,0,35840,7,9710433565
1852,14787470,17842555,32630025,5,0,0,284672,7,4431723518
1853,14789850,48780159,63570009,2,0,1,13312,12,8045663361
1854,14798080,16240919,31038999,4,0,0,23552,12,6214288016
1855,14806350,15076943,29883293,0,0,0,1536,14,6940532987
1856,14807870,17516940,32324810,5,0,0,258048,7,8530666467
1857,14808840,48794934,63603774,0,0,1,7680,14,6522857015
1858,14831109,48798185,63629294,4,0,1,2560,12,991516431
1859,14841879,48816633,63658512,1,0,1,16896,6,8799809944
1860,14853959,48820846,63674805,6,0,1,22016,12,5754355294
1861,14854240,17149616,32003856,4,0,0,30720,12,6373056311
1862,14857140,17542001,32399141,8,0,0,15360,12,5552519769
1863,14863110,15629246,30492356,0,0,0,9728,14,3650682493
1864,14889420,15340380,30229800,1,0,0,27136,6,5122972622
1865,14889700,13809119,28698819,1,0,0,3584,6,4959127034
1866,14891599,48789842,63681441,1,0,1,512,6,2390645364
1867,14892140,13831933,28724073,4,0,0,9216,12,1308216241
1868,14905890,14823678,29729568,9,0,0,6656,3,676734464
1869,14912061,15302249,30214310,2,0,0,15872,12,7106142319
1870,14912290,15378846,30291136,3,0,0,20992,9,5337812952
1871,14917700,15523700,30441400,8,0,0,6144,12,3379964661
1872,14921970,16313421,31235391,6,0,0,151552,12,1804256983
1873,14937000,14184809,29121809,4,0,0,13312,12,7846864810
1874,14945520,15327740,30273260,1,0,0,64512,6,3476637230
1875,14969689,48713340,63683029,4,0,1,15872,12,8976633097
1876,14971630,14809641,29781271,9,0,0,76800,3,7386838961
1877,14993649,48780832,63774481,6,0,1,25600,12,9377281765
1878,15003960,48825791,63829751,0,0,1,2560,14,10225436017
1879,15007490,18026078,33033568,7,0,0,1024,9,4211142844
1880,15019710,14559799,29579509,8,0,0,52736,12,5365046930
1881,15020520,18722388,33742908,5,0,0,482816,7,4398304580
1882,15049910,16564405,31614315,8,0,0,36864,12,773184382
1883,15067700,14267208,29334908,7,0,0,2048,9,4760164840
1884,15072260,18498667,33570927,5,0,0,1267200,7,379109960
1885,15085900,18786723,33872623,6,0,0,42496,12,7781116232
1886,15097150,17676293,32773443,4,0,0,38400,12,2299139194
1887,15098271,12235175,27333446,2,0,0,25088,12,5329277205
1888,15103620,15769929,30873549,6,0,0,6144,12,8369723865
1889,15117019,48733766,63850785,7,0,1,47104,9,7357672949
1890,15121390,18687447,33808837,5,0,0,49152,7,4211347583
1891,15136600,17983630,33120230,9,0,0,26112,3,9260616818
1892,15138370,17889479,33027849,8,0,0,40448,12,10674764909
1893,15148270,18943832,34092102,9,0,0,101888,3,7183979767
1894,15153240,15857454,31010694,9,0,0,86016,3,736990520
1895,15155950,48704863,63860813,2,0,1,15360,12,4601377467
1896,15176700,15931130,31107830,0,0,0,12288,14,6775153834
1897,15178120,13997048,29175168,6,0,0,2560,12,9077685869
1898,15178140,48781410,63959550,5,0,1,35840,7,10240302742
1899,15188610,16153475,31342085,0,0,0,100352,14,7956092000
1900,15189130,48774384,63963514,5,0,1,17920,7,9584898828
1901,15189760,13068085,28257845,1,0,0,40960,6,6260756968
1902,15207650,18955726,34163376,5,0,0,42496,7,9233806972
1903,15224690,15419957,30644647,4,0,0,35328,12,840855830
1904,15228769,48753671,63982440,6,0,1,14848,12,9345834225
1905,15241020,19084349,34325369,1,0,0,95744,6,1180324386
1906,15241469,48745311,63986780,6,0,1,8704,12,1835603976
1907,15246381,15523240,30769621,2,0,0,27648,12,1925126435
1908,15247960,16263973,31511933,5,0,0,33792,7,9363482623
1909,15265330,18510187,33775517,6,0,0,34304,12,4536595819
1910,15266409,48721357,63987766,4,0,1,1536,12,1016162113
1911,15272540,48765729,64038269,2,0,1,18432,12,9950269484
1912,15279080,15553866,30832946,1,0,0,38400,6,1864955128
1913,15291510,14045227,29336737,7,0,0,3584,9,3098662718
1914,15294439,48975007,64269446,1,0,1,8704,6,5818354873
1915,15302080,13198418,28500498,7,0,0,7168,9,1308721910
1916,15306700,16083213,31389913,6,0,0,47104,12,5326584587
1917,15307560,19066893,34374453,9,0,0,31744,3,8142549591
1918,15311801,14972916,30284717,2,0,0,7168,12,1264406390
1919,15319519,48955081,64274600,8,0,1,7168,12,671128799
1920,15327540,15173762,30501302,4,0,0,20480,12,9414868331
1921,15328461,13369243,28697704,2,0,0,11264,12,7341524447
1922,15331090,15922264,31253354,6,0,0,58880,12,4531520211
1923,15336040,14446814,29782854,7,0,0,5120,9,4497512913
1924,15336689,48993536,64330225,4,0,1,41984,12,5001088219
1925,15346910,16666033,32012943,8,0,0,17920,12,5128860834
1926,15347740,12241499,27589239,4,0,0,6656,12,9379532006
1927,15349930,12479517,27829447,3,0,0,2048,9,2601668667
1928,15358110,16017428,31375538,1,0,0,50688,6,6351288568
1929,15362750,14526814,29889564,9,0,0,20480,3,4370978208
1930,15371339,49004529,64375868,1,0,1,25600,6,2830868569
1931,15373689,49044272,64417961,7,0,1,7168,9,4533503643
1932,15402189,49207210,64609399,9,0,1,26112,3,7692184469
1933,15409010,49343665,64752675,2,0,1,15360,12,4383107590
1934,15419509,49333189,64752698,1,0,1,2048,6,2603936044
1935,15421410,15890076,31311486,6,0,0,56320,12,6192930786
1936,15422860,18339328,33762188,4,0,0,8704,12,10685620579
1937,15428440,18545496,33973936,4,0,0,140800,12,1074090814
1938,15430040,49323341,64753381,5,0,1,6656,7,3599653001
1939,15436160,19242223,34678383,1,0,0,46080,6,4866839656
1940,15453120,19146390,34599510,6,0,0,64000,12,4591696942
1941,15457380,12668557,28125937,3,0,0,17408,9,3623204889
1942,15479200,15994390,31473590,5,0,0,26624,7,1124102582
1943,15482180,14966731,30448911,4,0,0,24576,12,7165855181
1944,15482700,13626895,29109595,5,0,0,2048,7,2927723054
1945,15491230,14334125,29825355,0,0,0,2560,14,9056289713
1946,15497970,18433043,33931013,0,0,0,109056,14,6773195503
1947,15514391,14922260,30436651,2,0,0,18944,12,7937229951
1948,15518090,13997367,29515457,1,0,0,12800,6,7887053835
1949,15525500,16131769,31657269,7,0,0,64000,9,3130742500
1950,15539960,16248829,31788789,0,0,0,13824,14,5779736532
1951,15544029,49209698,64753727,6,0,1,512,12,9744451478
1952,15564110,18575196,34139306,5,0,0,72704,7,997571338
1953,15583971,18651764,34235735,2,0,0,99328,12,4355566942
1954,15595330,19377665,34972995,7,0,0,32768,9,8610398816
1955,15596249,49302549,64898798,8,0,1,30720,12,262468335
1956,15602651,13993752,29596403,2,0,0,4608,12,2158848677
1957,15607339,50160823,65768162,1,0,1,26112,6,1490208233
1958,15641310,13295527,28936837,9,0,0,40960,3,5187697910
1959,15647851,15853763,31501614,2,0,0,59392,12,3859001837
1960,15656500,14071017,29727517,4,0,0,31232,12,10680377960
1961,15661420,16050026,31711446,4,0,0,29696,12,6326917202
1962,15663240,15755774,31419014,6,0,0,6656,12,3112769288
1963,15667380,50300907,65968287,0,0,1,33280,14,9050103071
1964,15675729,50352998,66028727,9,0,1,37888,3,5487030581
1965,15681230,14756380,30437610,5,0,0,3072,7,6820866418
1966,15688670,15216232,30904902,8,0,0,61440,12,1330171752
1967,15688960,13148016,28836976,5,0,0,29696,7,2591144979
1968,15695590,16168665,31864255,5,0,0,46592,7,10543716872
1969,15715550,13953843,29669393,9,0,0,3072,3,5480273467
1970,15717371,15538190,31255561,2,0,0,7168,12,5148109172
1971,15768089,50343012,66111101,1,0,1,16896,6,4888741950
1972,15774891,18519030,34293921,2,0,0,7680,12,4449658231
1973,15775060,13942918,29717978,7,0,0,7680,9,432862477
1974,15778210,15581682,31359892,8,0,0,58368,12,4529621234
1975,15806691,16283998,32090689,2,0,0,60928,12,5508079394
1976,15807220,14004819,29812039,1,0,0,10752,6,9379744007
1977,15811771,19525196,35336967,2,0,0,5120,12,10444317585
1978,15812970,15869310,31682280,5,0,0,26112,7,7849689201
1979,15825020,19314445,35139465,9,0,0,18432,3,115219037
1980,15832600,14752211,30584811,9,0,0,34816,3,10075067596
1981,15834600,15226039,31060639,1,0,0,512,6,6205719474
1982,15834870,18265835,34100705,1,0,0,28160,6,8733699132
1983,15839500,13672034,29511534,4,0,0,40960,12,3502217474
1984,15851790,50266377,66118167,3,0,1,7680,9,9801779905
1985,15868250,14977717,30845967,1,0,0,27648,6,2934283447
1986,15871449,50341316,66212765,9,0,1,12800,3,9356984980
1987,15881960,15094873,30976833,4,0,0,52736,12,5138597348
1988,15887260,16302039,32189299,0,0,0,37376,14,8292152662
1989,15889300,16096457,31985757,3,0,0,40960,9,6449944299
1990,15901330,13094028,28995358,9,0,0,6656,3,5159947486
1991,15934770,18316440,34251210,0,0,0,50688,14,6217834237
1992,15938470,14578205,30516675,3,0,0,7680,9,4036968640
1993,15942970,19610123,35553093,5,0,0,229376,7,8191437049
1994,15961040,15304528,31265568,1,0,0,32768,6,9829150869
1995,15961529,50379512,66341041,8,0,1,46080,12,7789593512
1996,15973370,14747021,30720391,6,0,0,17920,12,8117675963
1997,15976930,19601816,35578746,5,0,0,1536,7,5719315581
1998,15980020,16832732,32812752,9,0,0,9216,3,1522518383
1999,15984420,18355012,34339432,5,0,0,46080,7,1332275228
2000,15991710,50349354,66341064,5,0,1,1024,7,7915401905
2001,15992529,50393632,66386161,7,0,1,20992,9,6419101381
2002,15994030,15110033,31104063,6,0,0,55808,12,9258733470
2003,15994660,16178909,32173569,3,0,0,34304,9,798697918
2004,16004050,13179772,29183822,0,0,0,21504,14,9998101468
2005,16007919,50378265,66386184,7,0,1,1536,9,7160083775
2006,16026819,50359388,66386207,9,0,1,9216,3,3763842696
2007,16028220,18419247,34447467,6,0,0,6144,12,2710677876
2008,16036470,16320576,32357046,3,0,0,10752,9,2152340179
2009,16041260,16855867,32897127,0,0,0,18944,14,8367313342
2010,16045080,19738685,35783765,3,0,0,190976,9,3343952511
2011,16045510,18351118,34396628,9,0,0,72704,3,5485104380
2012,16046080,13669535,29715615,5,0,0,36352,7,5394342126
2013,16047630,14234880,30282510,0,0,0,17920,14,5053362955
2014,16050530,16917793,32968323,6,0,0,50688,12,6045634594
2015,16057460,13537516,29594976,7,0,0,50688,9,8603094766
2016,16059430,13064274,29123704,7,0,0,6144,9,4079608535
2017,16066980,50421211,66488191,2,0,1,3072,12,5202769871
2018,16072859,50420926,66493785,7,0,1,18432,9,8033257287
2019,16073500,16623491,32696991,8,0,0,34816,12,4237972423
2020,16074720,17036720,33111440,0,0,0,61440,14,6177340493
2021,16081170,18376772,34457942,0,0,0,34304,14,5264231808
2022,16090780,16298292,32389072,1,0,0,91648,6,2344975414
2023,16095410,16387381,32482791,6,0,0,15360,12,2449502503
2024,16109130,18918009,35027139,5,0,0,49152,7,441153403
2025,16123960,17704602,33828562,6,0,0,23552,12,6266937510
2026,16127490,20078115,36205605,4,0,0,72704,12,7283090813
2027,16140660,14290196,30430856,3,0,0,33280,9,5896244976
2028,16141890,17453887,33595777,8,0,0,39936,12,1274927551
2029,16144930,19902437,36047367,1,0,0,204800,6,3796466264
2030,16163019,50361779,66524798,7,0,1,43008,9,9205230174
2031,16166440,18341032,34507472,7,0,0,121344,9,2255959113
2032,16168480,15296975,31465455,8,0,0,32256,12,6442521663
2033,16169109,50428301,66597410,7,0,1,18944,9,1435523230
2034,16171350,16495767,32667117,5,0,0,9216,7,2713799996
2035,16179360,18252118,34431478,6,0,0,94720,12,6792286641
2036,16188770,18417003,34605773,4,0,0,20480,12,4335792512
2037,16197030,20958621,37155651,1,0,0,730112,6,2582259427
2038,16220320,15174296,31394616,1,0,0,15360,6,5741034740
2039,16229639,50400662,66630301,7,0,1,7168,9,7134406445
2040,16233490,19049726,35283216,7,0,0,133632,9,7608741309
2041,16239490,13368035,29607525,5,0,0,8192,7,9324350674
2042,16239919,50408803,66648722,4,0,1,14336,12,9737321247
2043,16258000,16075881,32333881,0,0,0,29696,14,8736330706
2044,16272870,18301634,34574504,8,0,0,139776,12,9737825221
2045,16282189,50415422,66697611,8,0,1,7168,12,4819869555
2046,16285050,20996764,37281814,1,0,0,129536,6,3771912084
2047,16309331,15393044,31702375,2,0,0,35328,12,8848190638
2048,16326660,21146241,37472901,5,0,0,222208,7,6748274897
2049,16328290,15541315,31869605,5,0,0,3584,7,1216694460
2050,16356180,50362161,66718341,3,0,1,5632,9,7941091538
2051,16368630,15703472,32072102,7,0,0,31744,9,4557484238
2052,16375060,17658762,34033822,1,0,0,22016,6,4119709654
2053,16391410,50326954,66718364,2,0,1,1024,12,5404696683
2054,16392090,17505672,33897762,1,0,0,82432,6,6754880489
2055,16399110,15151495,31550605,6,0,0,7168,12,5360009109
2056,16404099,50596149,67000248,6,0,1,19968,12,10360175038
2057,16404260,21151801,37556061,9,0,0,59392,3,10252292877
2058,16416350,50786419,67202769,0,0,1,19456,14,7724258952
2059,16427700,15055242,31482942,0,0,0,8192,14,419118929
2060,16440630,21367233,37807863,9,0,0,35840,3,6885497191
2061,16441100,17406049,33847149,3,0,0,60928,9,4753140035
2062,16478600,19403933,35882533,1,0,0,13824,6,6946807223
2063,16485920,21167545,37653465,9,0,0,51712,3,5100711018
2064,16489150,19331812,35820962,1,0,0,107520,6,5459083639
2065,16491850,14014155,30506005,4,0,0,15360,12,5212532800
2066,16522140,17242902,33765042,5,0,0,3584,7,4185042807
2067,16523770,17516003,34039773,9,0,0,19456,3,1356024143
2068,16531330,15810686,32342016,0,0,0,26624,14,2100914580
2069,16542810,17647140,34189950,5,0,0,41984,7,3895394952
2070,16557921,15834762,32392683,2,0,0,11776,12,3244986565
2071,16581930,18038538,34620468,3,0,0,48128,9,6855884659
2072,16600190,15924928,32525118,6,0,0,29184,12,918142793
2073,16602190,19336663,35938853,4,0,0,122368,12,10009599927
2074,16611560,17663572,34275132,3,0,0,68608,9,9345346893
2075,16612020,17593428,34205448,7,0,0,48128,9,745363209
2076,16624640,15736485,32361125,4,0,0,13312,12,6354774521
2077,16656920,19397357,36054277,7,0,0,15872,9,106406797
2078,16657470,18162642,34820112,6,0,0,10240,12,3094874470
2079,16662070,17634058,34296128,3,0,0,7168,9,2292156499
2080,16665330,21420724,38086054,7,0,0,501248,9,2477558248
2081,16668969,50692686,67361655,6,0,1,30208,12,7896469966
2082,16670060,17861833,34531893,1,0,0,34304,6,5615114185
2083,16671989,50819859,67491848,9,0,1,12288,3,8496207756
2084,16680790,14351010,31031800,4,0,0,26112,12,3433260502
2085,16693930,21505457,38199387,7,0,0,361984,9,446696648
2086,16700769,50846106,67546875,7,0,1,19968,9,8576646307
2087,16706021,16211230,32917251,2,0,0,19456,12,820826867
2088,16707430,15161060,31868490,4,0,0,13824,12,2831066919
2089,16712319,50834579,67546898,8,0,1,8192,12,9766091646
2090,16728000,16089455,32817455,3,0,0,15360,9,6369131260
2091,16744210,18734744,35478954,6,0,0,97280,12,8664348604
2092,16761830,21637708,38399538,5,0,0,105984,7,4096776327
2093,16772420,16320277,33092697,7,0,0,19456,9,5768952057
2094,16777880,21712791,38490671,6,0,0,29184,12,9219755664
2095,16782990,51000239,67783229,3,0,1,19968,9,3032857821
2096,16783460,18282132,35065592,4,0,0,68096,12,9494727009
2097,16785990,16977937,33763927,5,0,0,5632,7,6199034361
2098,16797110,16996728,33793838,5,0,0,16384,7,10541164702
2099,16805730,17206472,34012202,5,0,0,14336,7,1306856189
2100,16807790,18904754,35712544,6,0,0,65024,12,9434510436
2101,16811910,13902998,30714908,3,0,0,4096,9,10136251870
2102,16822710,18369356,35192066,3,0,0,73728,9,7874197663
2103,16830000,19562384,36392384,8,0,0,66048,12,4724417835
2104,16849000,17176352,34025352,3,0,0,39424,9,8772080601
2105,16855130,17997888,34853018,5,0,0,77312,7,2057790045
2106,16859850,16173383,33033233,6,0,0,15360,12,5024405382
2107,16861310,21772651,38633961,7,0,0,39424,9,8475215442
2108,16863290,18496002,35359292,4,0,0,56832,12,4990503798
2109,16879770,16979882,33859652,1,0,0,40960,6,1813046179
2110,16881961,16046516,32928477,2,0,0,12800,12,6012131853
2111,16899860,18978415,35878275,4,0,0,23552,12,4470919799
2112,16907490,17269637,34177127,7,0,0,45056,9,1391867894
2113,16912239,50877367,67789606,1,0,1,2048,6,5314141583
2114,16927490,17360769,34288259,4,0,0,43008,12,8480601383
2115,16954720,17195685,34150405,8,0,0,36352,12,1689770747
2116,16956959,51079035,68035994,4,0,1,38400,12,9455900933
2117,16957959,51100412,68058371,9,0,1,11264,3,9364572598
2118,16963080,19889407,36852487,8,0,0,1536,12,3596981161
2119,16964870,16147381,33112251,0,0,0,2560,14,4606952932
2120,16964949,51234556,68199505,1,0,1,45568,6,9020920143
2121,16976330,18595974,35572304,5,0,0,62976,7,2620271211
2122,16984020,16171619,33155639,4,0,0,37888,12,10685821340
2123,16989350,51212101,68201451,5,0,1,3072,7,3543487874
2124,16996810,17367948,34364758,8,0,0,23552,12,7693244687
2125,17000800,17253405,34254205,0,0,0,9728,14,10407478562
2126,17003610,14426553,31430163,1,0,0,9728,6,1200976096
2127,17007421,17183340,34190761,2,0,0,2560,12,673497819
2128,17013520,16730035,33743555,4,0,0,2048,12,1153031100
2129,17023250,16736240,33759490,9,0,0,52224,3,7155895223
2130,17023400,14115463,31138863,5,0,0,8704,7,981377278
2131,17055009,51147180,68202189,4,0,1,10752,12,4265185903
2132,17056361,17692303,34748664,2,0,0,37888,12,8493724494
2133,17056600,19006280,36062880,4,0,0,28160,12,1891146850
2134,17058600,21851532,38910132,7,0,0,21504,9,201355897
2135,17073680,17283871,34357551,5,0,0,59392,7,47039458
2136,17079570,14506988,31586558,6,0,0,35328,12,10595911122
2137,17093889,51108966,68202855,1,0,1,1024,6,6705331582
2138,17095681,16687815,33783496,2,0,0,26112,12,2112067621
2139,17104640,17416770,34521410,3,0,0,25088,9,916527645
2140,17107879,51186970,68294849,1,0,1,9728,6,10120939252
2141,17111190,16938746,34049936,7,0,0,33280,9,6307568104
2142,17125900,18741526,35867426,8,0,0,72704,12,4301121394
2143,17136910,16651913,33788823,6,0,0,17408,12,698146125
2144,17144431,16868886,34013317,2,0,0,3584,12,1395372854
2145,17162020,16845791,34007811,3,0,0,111104,9,4782786275
2146,17200900,21878423,39079323,4,0,0,66048,12,6567509297
2147,17205790,22036067,39241857,6,0,0,64000,12,2073299757
2148,17208701,17442374,34651075,2,0,0,100352,12,3444924844
2149,17213250,17232314,34445564,3,0,0,5120,9,4556538410
2150,17213940,22105325,39319265,5,0,0,6144,7,3252854671
2151,17234259,51060613,68294872,6,0,1,10240,12,6896315922
2152,17234699,51060196,68294895,4,0,1,9728,12,4427185697
2153,17248701,17650515,34899216,2,0,0,108544,12,8734756048
2154,17250650,17263085,34513735,3,0,0,20480,9,9831924756
2155,17250750,51044168,68294918,2,0,1,18432,12,7643337698
2156,17294480,18754938,36049418,6,0,0,6656,12,1256414672
2157,17299290,19161759,36461049,7,0,0,92160,9,2482006085
2158,17301170,16808138,34109308,9,0,0,28160,3,4578263333
2159,17305100,18975994,36281094,6,0,0,240128,12,6242657956
2160,17327810,22180615,39508425,5,0,0,130048,7,4012640213
2161,17330269,50964672,68294941,8,0,1,5632,12,5277794239
2162,17332950,50962014,68294964,3,0,1,18432,9,5110602161
2163,17343030,15010709,32353739,5,0,0,38400,7,8326160614
2164,17343170,18964779,36307949,1,0,0,88064,6,2572304967
2165,17353540,51362262,68715802,0,0,1,24064,14,3617742837
2166,17354550,17966331,35320881,4,0,0,37888,12,1130678582
2167,17354580,18480936,35835516,7,0,0,10752,9,4199553015
2168,17369210,19039109,36408319,6,0,0,52224,12,7714071402
2169,17375200,17204787,34579987,4,0,0,17920,12,10486850508
2170,17383290,15257834,32641124,3,0,0,36352,9,3331384821
2171,17386200,16674835,34061035,5,0,0,36352,7,3181614239
2172,17386499,51652693,69039192,6,0,1,19456,12,9027556773
2173,17386980,17083473,34470453,8,0,0,40960,12,9402760901
2174,17388090,17014489,34402579,3,0,0,19456,9,2367313312
2175,17409240,17528609,34937849,5,0,0,4608,7,7175710889
2176,17413849,51640833,69054682,7,0,1,1024,9,9675782814
2177,17417330,17825147,35242477,1,0,0,165376,6,9862918900
2178,17425809,51761599,69187408,8,0,1,18432,12,5852146516
2179,17461770,19143297,36605067,9,0,0,39424,3,3722818693
2180,17470850,52075267,69546117,0,0,1,35840,14,4092010911
2181,17493940,16797618,34291558,3,0,0,10752,9,3917902869
2182,17496110,18876127,36372237,5,0,0,74240,7,4556672863
2183,17522440,14871990,32394430,7,0,0,5632,9,824763411
2184,17537430,15203205,32740635,8,0,0,6656,12,10249786874
2185,17545220,18180318,35725538,8,0,0,9728,12,10329307786
2186,17569340,18940148,36509488,4,0,0,8192,12,6820241606
2187,17572600,17757664,35330264,4,0,0,30720,12,3489879832
2188,17580670,22142129,39722799,6,0,0,67072,12,10377297750
2189,17582150,16239213,33821363,3,0,0,14848,9,1238078007
2190,17583470,16000116,33583586,1,0,0,41472,6,4558590680
2191,17590460,19595033,37185493,9,0,0,93184,3,1611006895
2192,17591900,18910683,36502583,7,0,0,34304,9,7940455669
2193,17594270,19798979,37393249,3,0,0,110080,9,1987613723
2194,17616450,22468261,40084711,6,0,0,805888,12,10058291611
2195,17620910,18799444,36420354,3,0,0,39424,9,3799010015
2196,17622260,16194556,33816816,6,0,0,26112,12,701375734
2197,17649710,19887694,37537404,6,0,0,81408,12,10222313764
2198,17650630,51895510,69546140,5,0,1,33280,7,696006713
2199,17687020,20246287,37933307,0,0,0,27648,14,10034332579
2200,17690000,19927843,37617843,1,0,0,19968,6,3481286002
2201,17693940,17335874,35029814,4,0,0,8704,12,5628971847
2202,17694859,51984860,69679719,6,0,1,6656,12,10717803081
2203,17706590,20006152,37712742,9,0,0,22528,3,6340274042
2204,17713320,51966422,69679742,3,0,1,6656,9,7272258582
2205,17720050,16307041,34027091,7,0,0,5632,9,2535479627
2206,17733470,52203685,69937155,2,0,1,52224,12,6312303649
2207,17740900,17183281,34924181,9,0,0,5120,3,4020149911
2208,17762340,18755077,36517417,4,0,0,9216,12,312425897
2209,17790190,18526206,36316396,0,0,0,27648,14,4807886702
2210,17801170,20500957,38302127,4,0,0,110080,12,8818395819
2211,17801760,17986419,35788179,1,0,0,14336,6,3757348774
2212,17803140,22362461,40165601,6,0,0,101376,12,4124038275
2213,17813820,20111040,37924860,6,0,0,47104,12,5016665666
2214,17814110,52123068,69937178,5,0,1,14336,7,7176396011
2215,17825520,17483794,35309314,5,0,0,76288,7,10196768143
2216,17829970,18846073,36676043,0,0,0,68096,14,1316784615
2217,17838280,16278851,34117131,4,0,0,25600,12,1046387928
2218,17861910,19003360,36865270,3,0,0,28160,9,765374879
2219,17876099,52061102,69937201,8,0,1,1024,12,5951838210
2220,17884100,22322885,40206985,8,0,0,53760,12,2682849162
2221,17888589,52048635,69937224,4,0,1,11776,12,6362244612
2222,17900309,52040705,69941014,6,0,1,8192,12,8476495101
2223,17928800,18681126,36609926,6,0,0,15872,12,4482123781
2224,17930200,19429486,37359686,1,0,0,160256,6,7526124575
2225,17936399,52004638,69941037,7,0,1,4096,9,7715883714
2226,17937620,19262248,37199868,5,0,0,47104,7,2342462043
2227,17943649,52056643,70000292,9,0,1,13312,3,2824069001
2228,17947130,17745579,35692709,7,0,0,22528,9,10670917018
2229,17949620,22510373,40459993,7,0,0,478720,9,8448208742
2230,17956490,22521121,40477611,7,0,0,4096,9,6990848379
2231,17956810,20377788,38334598,5,0,0,106496,7,9810373662
2232,17994780,17876296,35871076,9,0,0,9216,3,3954388055
2233,18007830,19559205,37567035,8,0,0,16896,12,10283265670
2234,18014270,18641002,36655272,9,0,0,23040,3,4573414221
2235,18015990,20409186,38425176,3,0,0,83968,9,2317426019
2236,18023680,22562115,40585795,8,0,0,99840,12,10197757668
2237,18026910,19476058,37502968,6,0,0,30720,12,1374394733
2238,18032470,17690081,35722551,7,0,0,32768,9,369422077
2239,18032630,16411351,34443981,7,0,0,40960,9,5857464028
2240,18034960,16961489,34996449,7,0,0,10752,9,9023415074
2241,18036330,20180708,38217038,5,0,0,57856,7,4183402481
2242,18037750,19801648,37839398,6,0,0,103424,12,5123870542
2243,18039100,19752615,37791715,8,0,0,113152,12,2893538783
2244,18043499,51956816,70000315,9,0,1,16384,3,2233108226
2245,18046270,52137854,70184124,2,0,1,29184,12,8206599091
2246,18063360,22613929,40677289,3,0,0,81408,9,7859909005
2247,18068600,20490520,38559120,9,0,0,158208,3,4266223019
2248,18069230,20622345,38691575,4,0,0,19968,12,6813989300
2249,18069830,18253990,36323820,9,0,0,24064,3,835799768
2250,18073280,52199477,70272757,0,0,1,22528,14,8961088596
2251,18077489,52228259,70305748,9,0,1,9728,3,9893453100
2252,18097060,20341719,38438779,1,0,0,44544,6,6033594589
2253,18100110,16902290,35002400,7,0,0,19456,9,6378434245
2254,18101080,18367324,36468404,7,0,0,24064,9,8939369479
2255,18118760,21720384,39839144,4,0,0,27136,12,5908991938
2256,18120000,20565468,38685468,5,0,0,61440,7,4009838443
2257,18125090,20694916,38820006,5,0,0,17920,7,1643988471
2258,18125129,52846337,70971466,9,0,1,34304,3,6432445056
2259,18126800,20233896,38360696,9,0,0,60416,3,10383932993
2260,18141360,20636442,38777802,3,0,0,94208,9,2367594820
2261,18142630,18283207,36425837,8,0,0,17920,12,2927536086
2262,18145840,18653823,36799663,7,0,0,4608,9,610965673
2263,18154510,16968280,35122790,9,0,0,7680,3,9046987992
2264,18168240,16996299,35164539,1,0,0,39424,6,7492453027
2265,18172299,52802393,70974692,1,0,1,5120,6,1411388012
2266,18179690,20852314,39032004,7,0,0,61952,9,1985208793
2267,18182149,52844966,71027115,6,0,1,8704,12,9789445819
2268,18183110,22619522,40802632,7,0,0,33792,9,9135959631
2269,18207280,19526818,37734098,6,0,0,24576,12,4521805841
2270,18219369,52827047,71046416,8,0,1,12800,12,1448848747
2271,18219580,17719810,35939390,6,0,0,1536,12,6496597108
2272,18220990,19266644,37487634,1,0,0,25600,6,9630809248
2273,18227049,52844741,71071790,8,0,1,15360,12,2484947148
2274,18233990,17708806,35942796,7,0,0,3072,9,514516572
2275,18240730,22893333,41134063,9,0,0,83456,3,2174151440
2276,18242629,52968963,71211592,7,0,1,35840,9,9714477118
2277,18249049,53131238,71380287,6,0,1,31232,12,8055551458
2278,18259790,19219998,37479788,8,0,0,22528,12,2324685971
2279,18260420,20643137,38903557,3,0,0,50688,9,1035134633
2280,18266700,17895491,36162191,5,0,0,61952,7,7531825120
2281,18271120,20765587,39036707,0,0,0,15360,14,9718418512
2282,18283550,17348730,35632280,9,0,0,17920,3,93173970
2283,18293740,23285094,41578834,8,0,0,228864,12,3890453228
2284,18295809,53087064,71382873,4,0,1,4096,12,6223537098
2285,18303130,22587555,40890685,7,0,0,43520,9,10099098451
2286,18310820,18931503,37242323,7,0,0,139264,9,2938729882
2287,18326990,18546883,36873873,1,0,0,28160,6,2385698039
2288,18329220,18402533,36731753,7,0,0,4608,9,5244537735
2289,18330640,53157421,71488061,0,0,1,10240,14,489230414
2290,18341760,53218650,71560410,5,0,1,10240,7,7229491448
2291,18343870,16942177,35286047,1,0,0,9216,6,7493639188
2292,18344060,21358280,39702340,8,0,0,41984,12,8574724781
2293,18350450,19253432,37603882,5,0,0,120832,7,5088728409
2294,18369180,23384538,41753718,5,0,0,128000,7,164723179
2295,18372860,20470763,38843623,6,0,0,14848,12,9809867182
2296,18374890,20792038,39166928,1,0,0,68096,6,9722526710
2297,18385760,17034039,35419799,8,0,0,5120,12,1318873019
2298,18385829,53174927,71560756,7,0,1,512,9,8824261394
2299,18393610,19211387,37604997,0,0,0,3584,14,2102443989
2300,18397800,23553129,41950929,9,0,0,463360,3,3201027555
2301,18400120,18212793,36612913,7,0,0,9728,9,5363026267
2302,18408149,53153478,71561627,4,0,1,12288,12,3630978016
2303,18415890,22136353,40552243,3,0,0,29696,9,397344170
2304,18438449,53300485,71738934,9,0,1,64000,3,1442908525
2305,18438559,53327500,71766059,1,0,1,9728,6,9729138890
2306,18454020,16950378,35404398,3,0,0,1536,9,5261374214
2307,18459770,17118485,35578255,9,0,0,19456,3,7463770122
2308,18463940,22232092,40696032,6,0,0,61440,12,5460432834
2309,18471790,23513418,41985208,9,0,0,3584,3,569563781
2310,18493610,18911564,37405174,9,0,0,38912,3,8557235501
2311,18495360,17336857,35832217,0,0,0,36864,14,9183391499
2312,18506130,22283976,40790106,4,0,0,70144,12,1804452202
2313,18511700,18993054,37504754,0,0,0,5632,14,5861411377
2314,18541090,53260256,71801346,0,0,1,25600,14,3842881900
2315,18555450,53264285,71819735,2,0,1,14848,12,10424253055
2316,18572170,19516879,38089049,4,0,0,9728,12,9468368764
2317,18574240,20873416,39447656,9,0,0,140288,3,10352893256
2318,18575950,18154376,36730326,4,0,0,36352,12,4097784151
2319,18604259,53220622,71824881,9,0,1,8192,3,3694326061
2320,18605409,53221738,71827147,8,0,1,3584,12,2789388228
2321,18612070,22290361,40902431,6,0,0,38400,12,9014179252
2322,18621530,23471758,42093288,1,0,0,59904,6,9321213516
2323,18637110,19618795,38255905,7,0,0,127488,9,3858559964
2324,18649040,20133309,38782349,6,0,0,14848,12,7896820999
2325,18652500,19069469,37721969,3,0,0,30208,9,3260493184
2326,18665630,17498612,36164242,1,0,0,6656,6,9512683720
2327,18668099,53199758,71867857,7,0,1,9216,9,1582912056
2328,18674710,17193535,35868245,0,0,0,2560,14,7277536580
2329,18675340,17390536,36065876,4,0,0,1024,12,6456074270
2330,18679150,18958536,37637686,1,0,0,65024,6,5706656165
2331,18686700,20907315,39594015,3,0,0,83968,9,3981433023
2332,18709369,53176173,71885542,4,0,1,24576,12,3139163168
2333,18715019,53287519,72002538,9,0,1,9216,3,7800813908
2334,18732180,21379463,40111643,5,0,0,3072,7,2592519073
2335,18736540,23503800,42240340,8,0,0,79872,12,1220532874
2336,18737230,22371359,41108589,7,0,0,74240,9,7843915990
2337,18742290,21436484,40178774,4,0,0,14848,12,10624205733
2338,18744220,18960058,37704278,5,0,0,16896,7,5134020141
2339,18774559,53493388,72267947,1,0,1,21504,6,8086279511
2340,18776990,53490980,72267970,5,0,1,2048,7,2585439263
2341,18789979,53478014,72267993,4,0,1,4096,12,2341547169
2342,18792740,20875523,39668263,5,0,0,47616,7,1373205889
2343,18796520,22409608,41206128,0,0,0,30720,14,6121120981
2344,18820590,20833142,39653732,6,0,0,67072,12,9647119326
2345,18823879,53560876,72384755,1,0,1,53760,6,7822519539
2346,18831820,21275565,40107385,5,0,0,74240,7,1611639773
2347,18848210,21394505,40242715,0,0,0,11264,14,2802818987
2348,18904519,53632349,72536868,4,0,1,16896,12,5847948483
2349,18921210,17598413,36519623,6,0,0,512,12,4382643780
2350,18922270,53614621,72536891,2,0,1,16896,12,3147363705
2351,18927679,53611442,72539121,1,0,1,6656,6,766289938
2352,18930830,21257015,40187845,7,0,0,29696,9,9701025885
2353,18945170,18349505,37294675,3,0,0,27136,9,10336539624
2354,18945890,20869254,39815144,9,0,0,38400,3,1317440911
2355,18948780,53590372,72539152,3,0,1,7168,9,10039141333
2356,18960920,19512514,38473434,5,0,0,113664,7,3899061318
2357,18962630,21351433,40314063,4,0,0,57856,12,7803904766
2358,18963779,53575396,72539175,1,0,1,17408,6,1646628889
2359,18967630,53673270,72640900,0,0,1,47616,14,7320614240
2360,18982460,18325030,37307490,0,0,0,41984,14,3143879756
2361,18993540,19275024,38268564,4,0,0,41472,12,8717579222
2362,19000400,17332358,36332758,6,0,0,25600,12,4151553306
2363,19007550,18302638,37310188,7,0,0,7680,9,9643988514
2364,19014290,17310645,36324935,0,0,0,3584,14,3517682880
2365,19014550,18142528,37157078,7,0,0,4608,9,1318508689
2366,19015490,21238644,40254134,7,0,0,37376,9,6445212467
2367,19042390,21890218,40932608,0,0,0,40448,14,6870672149
2368,19045830,19449076,38494906,8,0,0,13824,12,10197047417
2369,19046710,18446875,37493585,7,0,0,19456,9,10196703217
2370,19047610,18564118,37611728,9,0,0,22016,3,6526180919
2371,19049890,17801641,36851531,6,0,0,13824,12,6554021420
2372,19072630,19676399,38749029,5,0,0,29184,7,4938184207
2373,19074870,23207058,42281928,5,0,0,105472,7,51494537
2374,19080440,18227385,37307825,9,0,0,1024,3,1605715835
2375,19089890,18196494,37286384,8,0,0,2048,12,4759729669
2376,19093000,18468864,37561864,0,0,0,18944,14,10038865728
2377,19103950,19636164,38740114,4,0,0,159232,12,5985810646
2378,19112080,19480360,38592440,0,0,0,2560,14,7521540010
2379,19118560,18548812,37667372,1,0,0,45568,6,5224573254
2380,19119790,53548768,72668558,3,0,1,30208,9,1273122566
2381,19121539,53652584,72774123,9,0,1,22528,3,10474271181
2382,19131000,23543365,42674365,6,0,0,623616,12,1852642321
2383,19135540,22459229,41594769,3,0,0,52224,9,2495568632
2384,19157070,19757320,38914390,9,0,0,13824,3,4924716427
2385,19167570,23579318,42746888,6,0,0,81920,12,5433601170
2386,19179730,23686332,42866062,0,0,0,6144,14,5455967374
2387,19180710,19668720,38849430,0,0,0,1536,14,6962655689
2388,19193280,22451788,41645068,9,0,0,7168,3,4663565297
2389,19197880,22594172,41792052,5,0,0,53760,7,221524396
2390,19203650,18107185,37310835,5,0,0,2048,7,10565109806
2391,19263390,19562411,38825801,7,0,0,18944,9,8599037102
2392,19268320,17561876,36830196,3,0,0,1024,9,8897081613
2393,19271380,19847799,39119179,0,0,0,39936,14,7751515722
2394,19277130,22231941,41509071,8,0,0,35328,12,10605576507
2395,19278450,20895754,40174204,7,0,0,28160,9,10736104060
2396,19278600,19313037,38591637,4,0,0,46080,12,8760427823
2397,19282460,18003277,37285737,6,0,0,12800,12,2176679103
2398,19289610,18248285,37537895,0,0,0,1536,14,2886420052
2399,19291350,23668535,42959885,9,0,0,28672,3,1927686775
2400,19295890,22313308,41609198,1,0,0,34304,6,7669111600
2401,19296199,54361574,73657773,9,0,1,303104,3,4174141926
2402,19310799,54421241,73732040,8,0,1,23552,12,8923354850
2403,19314750,18197827,37512577,6,0,0,25600,12,2792993797
2404,19321290,54410773,73732063,3,0,1,1536,9,9296332756
2405,19326900,20029551,39356451,3,0,0,25600,9,3106014343
2406,19337700,18417962,37755662,9,0,0,4608,3,7331957506
2407,19347670,22357018,41704688,5,0,0,77312,7,3055810827
2408,19353670,19659435,39013105,5,0,0,86016,7,7205083009
2409,19354270,19125903,38480173,9,0,0,22016,3,5949811079
2410,19356470,22680098,42036568,8,0,0,60416,12,9012685187
2411,19370970,18470167,37841137,9,0,0,5632,3,226152262
2412,19381270,23778197,43159467,0,0,0,72704,14,4467368072
2413,19396800,23677485,43074285,1,0,0,219648,6,8612515163
2414,19402690,18462410,37865100,8,0,0,12288,12,1674532704
2415,19442530,22531845,41974375,3,0,0,72192,9,705314903
2416,19443420,23950355,43393775,3,0,0,56320,9,7830434125
2417,19449310,21255660,40704970,3,0,0,9728,9,91167401
2418,19455630,20233895,39689525,7,0,0,13312,9,4330167823
2419,19459950,18907219,38367169,4,0,0,20992,12,5175930078
2420,19478860,19563486,39042346,9,0,0,18432,3,4580452191
2421,19491860,21493784,40985644,7,0,0,74240,9,1104761152
2422,19491980,20311441,39803421,3,0,0,67584,9,10548620821
2423,19492810,22956199,42449009,1,0,0,32256,6,6441611466
2424,19496949,54286914,73783863,8,0,1,56832,12,1977853086
2425,19502070,54300255,73802325,2,0,1,3072,12,7864460612
2426,19503010,22565405,42068415,5,0,0,104448,7,4598531659
2427,19510940,22705041,42215981,9,0,0,271360,3,5878232481
2428,19511819,54290529,73802348,8,0,1,10240,12,475285184
2429,19544540,21541406,41085946,0,0,0,99840,14,6710719495
2430,19549020,19986930,39535950,9,0,0,45056,3,4006609286
2431,19558870,20271983,39830853,1,0,0,16896,6,7036467481
2432,19560260,54346503,73906763,3,0,1,49664,9,6018328799
2433,19569890,18225436,37795326,3,0,0,11776,9,2615979835
2434,19597700,19952945,39550645,0,0,0,48128,14,5058608344
2435,19599580,54307206,73906786,0,0,1,14336,14,4969786592
2436,19619009,54414250,74033259,7,0,1,11776,9,4555332855
2437,19621740,23062515,42684255,4,0,0,20992,12,9264771511
2438,19634390,18943161,38577551,0,0,0,60416,14,2671168630
2439,19634830,21637653,41272483,5,0,0,41472,7,5178674361
2440,19642670,20486514,40129184,7,0,0,24576,9,4122983269
2441,19646430,21972844,41619274,0,0,0,3072,14,2979458747
2442,19650859,54382423,74033282,4,0,1,5120,12,717675452
2443,19655500,54445164,74100664,3,0,1,6656,9,6180590912
2444,19655970,20567753,40223723,8,0,0,54784,12,10401835438
2445,19658330,18683935,38342265,9,0,0,25088,3,603140306
2446,19681990,54418697,74100687,0,0,1,7680,14,10512387795
2447,19682570,54430393,74112963,2,0,1,2560,12,988109020
2448,19688340,23885885,43574225,5,0,0,42496,7,5957405843
2449,19691560,22658251,42349811,0,0,0,222720,14,1924982618
2450,19699200,18782556,38481756,3,0,0,5120,9,9548911574
2451,19720990,21622359,41343349,5,0,0,46080,7,3838108599
2452,19748940,19984669,39733609,4,0,0,29184,12,2941448288
2453,19749470,22689688,42439158,0,0,0,131584,14,5332651490
2454,19750520,22008377,41758897,4,0,0,16896,12,5295255449
2455,19752560,19135530,38888090,8,0,0,78848,12,3431595097
2456,19753769,54360167,74113936,8,0,1,12800,12,5401917248
2457,19755469,54572098,74327567,6,0,1,22528,12,9759727038
2458,19764850,20528110,40292960,9,0,0,32768,3,7053650370
2459,19765920,23185152,42951072,1,0,0,112128,6,3395660007
2460,19780550,20341123,40121673,7,0,0,9216,9,4492233735
2461,19796630,23000981,42797611,9,0,0,166400,3,2603635935
2462,19799860,19379415,39179275,1,0,0,40448,6,4120426879
2463,19808499,54616576,74425075,1,0,1,20480,6,637703886
2464,19811780,54614921,74426701,2,0,1,2560,12,8650669526
2465,19813700,54672803,74486503,0,0,1,5632,14,6408733989
2466,19834290,23019862,42854152,4,0,0,53248,12,1808491983
2467,19853100,23063762,42916862,6,0,0,91648,12,4847036223
2468,19865450,23958876,43824326,0,0,0,365568,14,8359808663
2469,19867330,20602077,40469407,4,0,0,19968,12,2110790924
2470,19877710,21363385,41241095,7,0,0,114688,9,3785706922
2471,19884650,19222338,39106988,7,0,0,27648,9,4013475137
2472,19911470,19610082,39521552,3,0,0,43008,9,1941918629
2473,19943899,54589860,74533759,6,0,1,10752,12,1320211293
2474,19962789,54859622,74822411,7,0,1,52224,9,1340184013
2475,19968649,58067090,78035739,9,0,1,1428992,3,8642574982
2476,19983960,23896516,43880476,7,0,0,13824,9,2339095454
2477,20016860,22000630,42017490,7,0,0,13312,9,674188679
2478,20017580,19041259,39058839,9,0,0,31744,3,1090968810
2479,20027869,58129157,78157026,4,0,1,8704,12,9094100056
2480,20033500,21280833,41314333,6,0,0,16384,12,9092953230
2481,20038720,19483479,39522199,1,0,0,2048,6,4902553089
2482,20064780,58092269,78157049,3,0,1,8192,9,3054665850
2483,20068450,22181319,42249769,7,0,0,20992,9,1489559928
2484,20070820,22651085,42721905,3,0,0,51200,9,6768940096
2485,20099750,20019092,40118842,7,0,0,23552,9,6184972240
2486,20107670,19220332,39328002,8,0,0,20992,12,2771299380
2487,20116280,21901857,42018137,5,0,0,2048,7,5277801422
2488,20125280,22979159,43104439,1,0,0,19968,6,5222155244
2489,20125320,18994350,39119670,5,0,0,1536,7,804988739
2490,20129929,58253962,78383891,9,0,1,89600,3,6844739283
2491,20132160,22828372,42960532,1,0,0,2048,6,10281779944
2492,20132200,19624601,39756801,4,0,0,37376,12,6091031841
2493,20151819,58233833,78385652,6,0,1,4608,12,2966386409
2494,20152080,19165290,39317370,8,0,0,46592,12,4580774945
2495,20154900,20125020,40279920,6,0,0,45568,12,8968076796
2496,20155960,22224652,42380612,7,0,0,65536,9,1202079067
2497,20161940,21456375,41618315,1,0,0,23552,6,6759897994
2498,20163830,20075414,40239244,3,0,0,5120,9,4223180492
2499,20178490,19546204,39724694,1,0,0,6144,6,4669568525
2500,20193610,21449251,41642861,9,0,0,77312,3,5465727310
2501,20197420,23215277,43412697,8,0,0,50688,12,1794077088
2502,20200229,58259185,78459414,8,0,1,1536,12,3493892371
2503,20201710,20804931,41006641,0,0,0,12800,14,5999880061
2504,20215929,58347581,78563510,7,0,1,57344,9,7996559029
2505,20224239,59339322,79563561,9,0,1,424448,3,2771660162
2506,20229690,20773028,41002718,6,0,0,54272,12,8410438610
2507,20241220,18948104,39189324,7,0,0,512,9,9696894755
2508,20248420,20227897,40476317,6,0,0,22528,12,151439872
2509,20253100,19380173,39633273,9,0,0,20992,3,697804061
2510,20270940,21327783,41598723,4,0,0,10240,12,8301836164
2511,20280260,21130319,41410579,7,0,0,28672,9,4231517836
2512,20283750,19826934,40110684,8,0,0,10752,12,7452144681
2513,20294220,22843048,43137268,6,0,0,9216,12,755855486
2514,20298780,23833502,44132282,4,0,0,60928,12,3030920020
2515,20316990,59262373,79579363,3,0,1,6144,9,1134389452
2516,20327540,23281184,43608724,9,0,0,113152,3,6549903017
2517,20332540,19858042,40190582,0,0,0,6144,14,319323157
2518,20333369,59246017,79579386,8,0,1,2048,12,10419961335
2519,20336830,20401757,40738587,8,0,0,63488,12,2970330
2520,20343030,21371665,41714695,0,0,0,32768,14,5252784766
2521,20344420,24006601,44351021,5,0,0,104960,7,2778060678
2522,20347310,23890917,44238227,8,0,0,68608,12,10223611756
2523,20360860,19324586,39685446,4,0,0,56320,12,2386955238
2524,20361080,24184569,44545649,1,0,0,60928,6,1837296217
2525,20363980,19770687,40134667,1,0,0,17920,6,7579344403
2526,20377920,22839694,43217614,5,0,0,104960,7,4666995580
2527,20395360,19385214,39780574,4,0,0,27648,12,5701146044
2528,20401280,59182855,79584135,3,0,1,27136,9,7410555428
2529,20410150,59232127,79642277,5,0,1,22528,7,5264671936
2530,20421600,23406992,43828592,1,0,0,3584,6,581552226
2531,20423260,22564485,42987745,8,0,0,72192,12,9699729717
2532,20425860,20975691,41401551,4,0,0,4608,12,1854868622
2533,20429440,59212860,79642300,2,0,1,20992,12,9755884056
2534,20437640,20605234,41042874,9,0,0,7680,3,9252134951
2535,20470450,24313489,44783939,6,0,0,131072,12,5646749784
2536,20470699,59267356,79738055,6,0,1,58880,12,6865344298
2537,20488000,21464356,41952356,8,0,0,4608,12,3564390558
2538,20499950,24710256,45210206,0,0,0,12800,14,9860314767
2539,20501420,24655536,45156956,7,0,0,38912,9,1724039763
2540,20510150,21465028,41975178,7,0,0,2560,9,10620939664
2541,20515600,59268388,79783988,3,0,1,7680,9,9021987916
2542,20528440,22756135,43284575,6,0,0,6144,12,1800336816
2543,20531170,21079946,41611116,0,0,0,4096,14,1073572999
2544,20545490,19737463,40282953,8,0,0,9728,12,5409956154
2545,20549620,19688010,40237630,0,0,0,45568,14,5325016497
2546,20580030,21070521,41650551,3,0,0,17920,9,6350391388
2547,20593950,19869350,40463300,5,0,0,10752,7,5248165157
2548,20596460,20105523,40701983,1,0,0,19456,6,10594342072
2549,20608360,22912822,43521182,0,0,0,4096,14,3501075172
2550,20635300,21374024,42009324,3,0,0,44032,9,8015891609
2551,20639400,19626613,40266013,6,0,0,38912,12,6148423332
2552,20640910,59143101,79784011,0,0,1,1024,14,9746656130
2553,20643250,22358574,43001824,9,0,0,46080,3,4672918691
2554,20653900,59225075,79878975,3,0,1,23552,9,5667175848
2555,20655680,22566637,43222317,9,0,0,15360,3,9131346028
2556,20662579,59235942,79898521,7,0,1,24064,9,10231220647
2557,20673669,59235834,79909503,8,0,1,2560,12,2834552843
2558,20682490,22634815,43317305,4,0,0,1536,12,3815124642
2559,20684580,19504068,40188648,9,0,0,2560,3,1689688809
2560,20698510,20047974,40746484,1,0,0,22528,6,7123634854
2561,20704449,59287817,79992266,8,0,1,24576,12,5035564096
2562,20721410,22991509,43712919,6,0,0,19968,12,2007445190
2563,20729180,19990032,40719212,3,0,0,32768,9,60605204
2564,20731190,59290816,80022006,0,0,1,23552,14,3856830826
2565,20747970,20208356,40956326,6,0,0,5632,12,7197953295
2566,20756889,59488840,80245729,8,0,1,44544,12,7403953850
2567,20761310,23284855,44046165,4,0,0,281088,12,10138496124
2568,20765060,22846807,43611867,0,0,0,10240,14,33482195
2569,20767350,19972040,40739390,1,0,0,2560,6,5239550390
2570,20769520,20216639,40986159,5,0,0,1536,7,471598850
2571,20773200,23186605,43959805,9,0,0,20480,3,214249878
2572,20776840,23099401,43876241,0,0,0,24576,14,7427564662
2573,20783699,59923721,80707420,7,0,1,91136,9,2409328667
2574,20795910,19956993,40752903,1,0,0,20992,6,4701687578
2575,20796840,20215939,41012779,8,0,0,6144,12,5613660178
2576,20801290,22318460,43119750,1,0,0,50176,6,7745378733
2577,20803129,60078400,80881529,6,0,1,27648,12,10176632246
2578,20819290,60272804,81092094,3,0,1,46080,9,7279820473
2579,20825340,24875322,45700662,8,0,0,104448,12,4619770994
2580,20846879,60275571,81122450,4,0,1,35328,12,3433951884
2581,20851950,22852361,43704311,6,0,0,63488,12,5599707974
2582,20863290,19942485,40805775,7,0,0,10240,9,8639246182
2583,20863890,20634394,41498284,9,0,0,28160,3,1506794406
2584,20895070,19584904,40479974,4,0,0,7680,12,2545413388
2585,20900150,19809055,40709205,6,0,0,13824,12,10519767105
2586,20903230,60264608,81167838,2,0,1,11776,12,1205114474
2587,20932790,19938328,40871118,9,0,0,15872,3,10111694930
2588,20967919,60650706,81618625,9,0,1,116736,3,10389652628
2589,20970970,23334814,44305784,7,0,0,3584,9,9278106040
2590,20982709,60664198,81646907,6,0,1,10752,12,10132178238
2591,21042630,23148432,44191062,4,0,0,69120,12,87136244
2592,21054620,60592310,81646930,5,0,1,6144,7,5871578669
2593,21058710,19494024,40552734,8,0,0,1536,12,2910512106
2594,21067560,23422840,44490400,0,0,0,44032,14,6135948423
2595,21074570,20413288,41487858,4,0,0,3584,12,2200816950
2596,21074870,21058408,42133278,5,0,0,108032,7,9746603846
2597,21075070,21168280,42243350,7,0,0,2560,9,6831495812
2598,21076970,19843291,40920261,7,0,0,53760,9,10098945011
2599,21096909,60550044,81646953,1,0,1,3584,6,9196730531
2600,21103500,19659791,40763291,4,0,0,2048,12,8064354088
2601,21110360,60536624,81646984,5,0,1,8704,7,7195549396
2602,21111969,60535038,81647007,6,0,1,14336,12,1000113879
2603,21121660,23146194,44267854,9,0,0,26112,3,5254928949
2604,21123130,19831457,40954587,9,0,0,53760,3,350927105
2605,21124540,60522490,81647030,2,0,1,11776,12,2983995486
2606,21126121,19833166,40959287,2,0,0,2048,12,6841211736
2607,21128810,21577464,42706274,0,0,0,72192,14,3404145700
2608,21130470,19630002,40760472,4,0,0,11776,12,8783782477
2609,21130810,20006396,41137206,3,0,0,10240,9,6878685457
2610,21142290,21217840,42360130,9,0,0,33792,3,8134587241
2611,21145820,24704186,45850006,4,0,0,87552,12,8334905976
2612,21160540,19631773,40792313,4,0,0,7168,12,2459839961
2613,21166780,19771404,40938184,6,0,0,9216,12,2332112321
2614,21166920,60480133,81647053,0,0,1,2048,14,8929076577
2615,21176800,19727058,40903858,6,0,0,4608,12,2280818476
2616,21183110,23464339,44647449,0,0,0,36352,14,7046845602
2617,21184510,20889076,42073586,7,0,0,16896,9,9489518282
2618,21190839,60456237,81647076,1,0,1,7168,6,5202323404
2619,21192760,24823471,46016231,0,0,0,32768,14,2126498670
2620,21196400,23743760,44940160,1,0,0,30208,6,3643188531
2621,21196720,23427287,44624007,5,0,0,79872,7,7340156761
2622,21207019,60440080,81647099,7,0,1,8192,9,4393959943
2623,21211701,19799183,41010884,2,0,0,13824,12,139999074
2624,21229410,22275437,43504847,6,0,0,91648,12,1713296034
2625,21236410,23227613,44464023,4,0,0,76288,12,9431532656
2626,21256849,60428381,81685230,8,0,1,8704,12,690141426
2627,21256860,21581045,42837905,0,0,0,61952,14,7495827050
2628,21264660,23836090,45100750,1,0,0,72192,6,8267513954
2629,21276100,23519741,44795841,6,0,0,13312,12,8363253844
2630,21289691,19986258,41275949,2,0,0,9216,12,9901119832
2631,21290539,60779612,82070151,9,0,1,331264,3,10267378313
2632,21295680,21593235,42888915,9,0,0,52736,3,10210360396
2633,21317040,21781292,43098332,9,0,0,78848,3,8052246255
2634,21333080,23973680,45306760,8,0,0,71680,12,9798730806
2635,21337929,60770692,82108621,8,0,1,6656,12,3261324559
2636,21339060,22561898,43900958,4,0,0,5632,12,4654732273
2637,21348351,20046717,41395068,2,0,0,18432,12,6381127150
2638,21348970,22550249,43899219,6,0,0,61440,12,3588772767
2639,21380009,60734104,82114113,7,0,1,17920,9,8934708720
2640,21383280,60787365,82170645,0,0,1,6144,14,10524738653
2641,21390570,20219275,41609845,7,0,0,2048,9,2327838313
2642,21397410,20198170,41595580,5,0,0,2560,7,3884402247
2643,21403411,21950884,43354295,2,0,0,88064,12,2395468247
2644,21405080,60765588,82170668,5,0,1,7168,7,3908219908
2645,21444260,19906600,41350860,4,0,0,24576,12,6111895085
2646,21453141,24204107,45657248,2,0,0,162816,12,313347965
2647,21472010,23953043,45425053,7,0,0,28160,9,6036485995
2648,21484080,19969931,41454011,6,0,0,43008,12,3636342321
2649,21484110,22625506,44109616,4,0,0,16384,12,9188108771
2650,21517770,21744258,43262028,7,0,0,29184,9,7292276296
2651,21518770,20494633,42013403,0,0,0,13312,14,741643088
2652,21519050,23320704,44839754,8,0,0,66048,12,9827832145
2653,21531689,60639077,82170766,6,0,1,2048,12,9590418419
2654,21539260,60633452,82172712,5,0,1,3072,7,7035842966
2655,21543739,60639067,82182806,4,0,1,23040,12,8925586557
2656,21545840,22101519,43647359,4,0,0,37888,12,9037945015
2657,21559200,22527860,44087060,0,0,0,134144,14,7623953831
2658,21579989,60760999,82340988,6,0,1,39424,12,9672224103
2659,21591350,24143218,45734568,3,0,0,54272,9,10652559603
2660,21591729,60851386,82443115,7,0,1,13312,9,6652424354
2661,21598389,60869811,82468200,8,0,1,14336,12,2726877843
2662,21605720,20378373,41984093,9,0,0,29184,3,4792490467
2663,21635189,60884352,82519541,9,0,1,7168,3,5367260426
2664,21640580,20459751,42100331,0,0,0,23040,14,6215132963
2665,21641650,20433363,42075013,4,0,0,4608,12,1179428204
2666,21641910,22226017,43867927,5,0,0,129024,7,6648302116
2667,21645669,61030789,82676458,4,0,1,30208,12,10062450605
2668,21652839,61031841,82684680,9,0,1,5120,3,10593330528
2669,21662510,21565758,43228268,8,0,0,19456,12,10113619107
2670,21666960,20575587,42242547,8,0,0,7168,12,3112169157
2671,21667630,22535232,44202862,9,0,0,15360,3,8976519643
2672,21667900,22445795,44113695,3,0,0,13312,9,3018251167
2673,21675930,21458507,43134437,5,0,0,48128,7,8049757882
2674,21683879,61002747,82686626,7,0,1,3072,9,6738628328
2675,21692040,23453037,45145077,5,0,0,145408,7,9834004794
2676,21696400,22242332,43938732,5,0,0,26112,7,5604659568
2677,21702900,20292939,41995839,1,0,0,34816,6,8032985333
2678,21713790,24071593,45785383,1,0,0,3584,6,8407502962
2679,21714200,23256488,44970688,4,0,0,17920,12,10295118459
2680,21716219,61052184,82768403,7,0,1,33792,9,2869672981
2681,21717131,22452809,44169940,2,0,0,109056,12,9304397626
2682,21728480,61065108,82793588,2,0,1,36352,12,2986443207
2683,21729690,22747271,44476961,0,0,0,33792,14,675633607
2684,21731000,20668043,42399043,3,0,0,60416,9,8126868991
2685,21735141,22524734,44259875,2,0,0,33792,12,3541500042
2686,21746960,20736259,42483219,1,0,0,75776,6,8946087173
2687,21750129,61303714,83053843,6,0,1,71168,12,9124890909
2688,21750360,21118065,42868425,9,0,0,7680,3,1580381168
2689,21754600,22554217,44308817,9,0,0,9728,3,7774797236
2690,21778490,24219287,45997777,1,0,0,93696,6,1676151763
2691,21786300,20891528,42677828,6,0,0,11264,12,8571717621
2692,21791990,24421921,46213911,6,0,0,135168,12,8288260587
2693,21791991,22579512,44371503,2,0,0,54272,12,1713039254
2694,21807260,23409833,45217093,0,0,0,22528,14,2422364789
2695,21819100,20641008,42460108,1,0,0,36352,6,7282898
2696,21823560,21362005,43185565,4,0,0,66560,12,8035181269
2697,21824370,20536251,42360621,6,0,0,1536,12,4867526206
2698,21846090,24484390,46330480,6,0,0,68096,12,544715349
2699,21855839,61206786,83062625,8,0,1,35840,12,1136211444
2700,21859240,23739191,45598431,9,0,0,11776,3,82147756
2701,21866670,24764264,46630934,3,0,0,144896,9,592689540
2702,21867430,22730803,44598233,4,0,0,72192,12,10355341422
2703,21868710,22062043,43930753,9,0,0,81408,3,2241263803
2704,21870460,20613874,42484334,5,0,0,3584,7,4669920840
2705,21874140,20944866,42819006,1,0,0,70144,6,1654581446
2706,21897190,21068513,42965703,1,0,0,16896,6,9523709470
2707,21911430,22327756,44239186,6,0,0,3072,12,941554614
2708,21912660,22906939,44819599,6,0,0,61952,12,397744969
2709,21944120,23848774,45792894,3,0,0,24576,9,122812837
2710,21945810,22440581,44386391,1,0,0,8192,6,8940435852
2711,21955950,20908209,42864159,7,0,0,32768,9,2123704838
2712,21962891,24779201,46742092,2,0,0,45568,12,7693115736
2713,21972980,22974886,44947866,1,0,0,21504,6,8889181
2714,21976591,20896225,42872816,2,0,0,14336,12,1839867943
2715,21988170,21019137,43007307,8,0,0,17920,12,5334998069
2716,21991120,21877610,43868730,1,0,0,2560,6,104516790
2717,22012379,61148188,83160567,4,0,1,15872,12,6381687062
2718,22026961,22171198,44198159,2,0,0,512,12,5163659949
2719,22037089,61126823,83163912,8,0,1,2048,12,10715989678
2720,22047739,61167472,83215211,7,0,1,36352,9,5070908572
2721,22054130,22050448,44104578,3,0,0,52224,9,3414232271
2722,22065380,25069348,47134728,1,0,0,302592,6,9743089975
2723,22065760,21165183,43230943,9,0,0,8704,3,6959921933
2724,22083429,61135104,83218533,6,0,1,18432,12,10556895540
2725,22084560,24892222,46976782,6,0,0,199680,12,5595040629
2726,22099250,21414324,43513574,5,0,0,19456,7,3300399330
2727,22099899,61152654,83252553,1,0,1,16896,6,2757994712
2728,22108220,24177964,46286184,6,0,0,83456,12,2905610849
2729,22114670,61161394,83276064,2,0,1,25088,12,9908124428
2730,22119440,25085753,47205193,7,0,0,23040,9,6822272399
2731,22124220,23979870,46104090,6,0,0,41472,12,7698627679
2732,22132050,61229704,83361754,0,0,1,13312,14,9571470247
2733,22135480,24104997,46240477,5,0,0,87040,7,7780428485
2734,22150590,61211187,83361777,0,0,1,3584,14,5751304432
2735,22162870,23968426,46131296,8,0,0,7680,12,7508551534
2736,22163180,22727302,44890482,3,0,0,34816,9,8296552788
2737,22214680,25405822,47620502,7,0,0,114176,9,5078345774
2738,22221570,23049624,45271194,8,0,0,72192,12,7712805498
2739,22224500,24069039,46293539,7,0,0,24064,9,5511769697
2740,22245090,20920172,43165262,0,0,0,18944,14,1246237976
2741,22247409,62002658,84250067,8,0,1,325632,12,473872822
2742,22267920,24377085,46645005,4,0,0,46080,12,2439904578
2743,22286940,24987300,47274240,6,0,0,17920,12,7648376155
2744,22303930,24123747,46427677,5,0,0,7168,7,160983124
2745,22304590,20948523,43253113,9,0,0,3584,3,2295410958
2746,22306660,24385573,46692233,5,0,0,19968,7,3906604351
2747,22308650,20943348,43251998,4,0,0,41984,12,5232862463
2748,22308910,23142374,45451284,8,0,0,86016,12,580137791
2749,22315940,61934150,84250090,0,0,1,13824,14,3897139137
2750,22318850,22234016,44552866,6,0,0,12800,12,8194515880
2751,22319929,61981905,84301834,1,0,1,2560,6,9302068752
2752,22320459,62001304,84321763,4,0,1,10240,12,10017509432
2753,22325091,25360336,47685427,2,0,0,97280,12,6629240163
2754,22331360,24349907,46681267,9,0,0,73216,3,1327939966
2755,22336290,23381711,45718001,9,0,0,56832,3,8030403480
2756,22355851,21116382,43472233,2,0,0,6144,12,939671587
2757,22364180,21832521,44196701,9,0,0,18432,3,5684461376
2758,22373210,24208070,46581280,4,0,0,134144,12,5029323604
2759,22374240,24073735,46447975,9,0,0,60928,3,7950835883
2760,22380610,24478898,46859508,3,0,0,105472,9,9700869373
2761,22388650,24639704,47028354,9,0,0,28160,3,3160119930
2762,22389049,61942276,84331325,4,0,1,25600,12,2161054090
2763,22389760,21160863,43550623,0,0,0,10240,14,2631737636
2764,22397320,22954281,45351601,0,0,0,70656,14,1907714324
2765,22398280,20998950,43397230,3,0,0,11264,9,8988421945
2766,22417800,61928793,84346593,5,0,1,20480,7,4001000970
2767,22427201,22294583,44721784,2,0,0,61952,12,10679761092
2768,22436539,61911437,84347976,9,0,1,14848,3,6606396442
2769,22437200,21390269,43827469,0,0,0,10240,14,9083224344
2770,22438920,22352842,44791762,5,0,0,25600,7,653385643
2771,22457770,24333730,46791500,8,0,0,27136,12,1504525371
2772,22464939,61944243,84409182,1,0,1,3584,6,9417014729
2773,22469740,23280318,45750058,9,0,0,43008,3,4219805067
2774,22471290,25342967,47814257,4,0,0,58368,12,4392087639
2775,22472219,61936986,84409205,4,0,1,2048,12,9186073622
2776,22478940,24540811,47019751,1,0,0,49152,6,6348533542
2777,22481130,24049358,46530488,0,0,0,130560,14,260420265
2778,22485500,21819169,44304669,1,0,0,62976,6,10313456021
2779,22495509,61913719,84409228,1,0,1,12800,6,6773665850
2780,22505981,25449139,47955120,2,0,0,31744,12,3655258973
2781,22506750,21696291,44203041,6,0,0,512,12,3022116804
2782,22507800,61959938,84467738,0,0,1,25088,14,3028905332
2783,22527870,23408158,45936028,6,0,0,15872,12,6540719211
2784,22528940,21669040,44197980,3,0,0,4096,9,3352738646
2785,22555600,25084361,47639961,4,0,0,18432,12,7634365587
2786,22572860,21515783,44088643,6,0,0,5120,12,10223926861
2787,22573550,23498846,46072396,4,0,0,140800,12,2534807604
2788,22580740,61889158,84469898,2,0,1,7680,12,1700265847
2789,22580780,21704533,44285313,8,0,0,24576,12,2186966551
2790,22588610,21790412,44379022,4,0,0,24576,12,565680165
2791,22602290,24595860,47198150,8,0,0,52736,12,1424321577
2792,22604661,22360544,44965205,2,0,0,56832,12,9050131648
2793,22606210,21530463,44136673,5,0,0,14336,7,8655094055
2794,22607640,23760604,46368244,4,0,0,30720,12,6474249832
2795,22622220,25102409,47724629,4,0,0,58880,12,9448114490
2796,22625170,24678095,47303265,3,0,0,12288,9,5125743197
2797,22632440,21722504,44354944,1,0,0,12800,6,10485411788
2798,22647230,21983976,44631206,1,0,0,23552,6,8790653689
2799,22659570,22141130,44800700,5,0,0,15872,7,2582806984
2800,22673620,24912071,47585691,8,0,0,388608,12,1030009471
2801,22692910,21727806,44420716,3,0,0,8704,9,4855040194
2802,22697929,62207120,84905049,8,0,1,190976,12,4536170430
2803,22715229,62215808,84931037,6,0,1,2048,12,3696488133
2804,22720749,62802371,85523120,8,0,1,340480,12,2937960095
2805,22735910,21986053,44721963,4,0,0,512,12,3549863334
2806,22747960,62804967,85552927,0,0,1,12288,14,6074832340
2807,22757610,22782333,45539943,6,0,0,20992,12,4665382321
2808,22776190,22391397,45167587,8,0,0,34816,12,7117192242
2809,22778819,62774131,85552950,6,0,1,6144,12,6203374801
2810,22793289,62759684,85552973,9,0,1,9216,3,62766246
2811,22794160,25056210,47850370,0,0,0,79360,14,2500899507
2812,22797210,24362844,47160054,3,0,0,69632,9,7678580133
2813,22800860,22792514,45593374,9,0,0,38400,3,2335320532
2814,22813190,22092102,44905292,9,0,0,41472,3,8342530562
2815,22814400,22512195,45326595,1,0,0,65024,6,7058359269
2816,22824070,25235181,48059251,1,0,0,72704,6,6636407872
2817,22829961,25257393,48087354,2,0,0,92160,12,4771243162
2818,22835401,22389983,45225384,2,0,0,27136,12,3859639243
2819,22836249,62716747,85552996,1,0,1,1536,6,979822412
2820,22848241,21725053,44573294,2,0,0,1536,12,10052580425
2821,22858670,21698587,44557257,6,0,0,14336,12,284481094
2822,22861190,62707626,85568816,5,0,1,18944,7,7802126664
2823,22864780,24005442,46870222,1,0,0,11264,6,4582940533
2824,22869470,22585113,45454583,7,0,0,10752,9,3027799476
2825,22899320,22083635,44982955,5,0,0,12800,7,3646147057
2826,22901200,23056783,45957983,8,0,0,35840,12,2651243219
2827,22907350,23559756,46467106,0,0,0,11264,14,7610804359
2828,22908499,62695802,85604301,9,0,1,1536,3,7697458926
2829,22926460,25293585,48220045,8,0,0,96256,12,2395988716
2830,22935080,62669244,85604324,3,0,1,25088,9,4269719485
2831,22936420,22393630,45330050,5,0,0,11264,7,9441518788
2832,22943910,22840358,45784268,8,0,0,85504,12,2757757393
2833,22948069,62669277,85617346,7,0,1,28160,9,8391854832
2834,22948500,24048273,46996773,0,0,0,65536,14,10253642749
2835,22962490,22496952,45459442,4,0,0,15872,12,4493044563
2836,22964380,24691368,47655748,7,0,0,51712,9,6293171974
2837,22980970,62652654,85633624,5,0,1,4096,7,3334225109
2838,23022080,22156138,45178218,9,0,0,34816,3,9849710815
2839,23030729,62602918,85633647,9,0,1,5632,3,3387036510
2840,23033450,22172833,45206283,0,0,0,27648,14,10712454156
2841,23036850,25302974,48339824,6,0,0,36352,12,9329833367
2842,23038840,24757610,47796450,8,0,0,108032,12,7259207441
2843,23046210,23958542,47004752,4,0,0,26112,12,9657333066
2844,23051330,22364541,45415871,0,0,0,20480,14,1797081848
2845,23051420,21966960,45018380,4,0,0,2048,12,8431644503
2846,23058150,25090697,48148847,1,0,0,31232,6,8640073070
2847,23062551,23110153,46172704,2,0,0,71168,12,9432040613
2848,23062860,22289864,45352724,5,0,0,3584,7,1183682609
2849,23105200,62528470,85633670,3,0,1,11776,9,5275417752
2850,23144520,25335869,48480389,0,0,0,275456,14,4815688827
2851,23159650,22373874,45533524,4,0,0,19968,12,10348653616
2852,23160309,62485032,85645341,4,0,1,11776,12,5946895979
2853,23170680,25339114,48509794,3,0,0,25600,9,2087494300
2854,23177510,22491305,45668815,3,0,0,37888,9,9053466373
2855,23179781,25432628,48612409,2,0,0,113152,12,10328013567
2856,23190890,24989711,48180601,3,0,0,92160,9,1678525367
2857,23192109,62453898,85646007,4,0,1,1024,12,461005087
2858,23193450,25451507,48644957,9,0,0,25600,3,2016154480
2859,23205620,23042064,46247684,3,0,0,23552,9,754952362
2860,23221290,22636250,45857540,7,0,0,15360,9,6809451178
2861,23238370,25586834,48825204,0,0,0,139776,14,7545131282
2862,23242180,23100468,46342648,8,0,0,36864,12,8386218697
2863,23264700,22588137,45852837,8,0,0,9216,12,4983031027
2864,23266940,25879837,49146777,1,0,0,79872,6,1643381088
2865,23267480,22490713,45758193,1,0,0,26624,6,2066727726
2866,23269080,22542260,45811340,6,0,0,26624,12,1321837341
2867,23274900,25736467,49011367,0,0,0,44544,14,8889749857
2868,23291070,25037655,48328725,3,0,0,118784,9,9987874038
2869,23296119,62407386,85703505,8,0,1,53248,12,5997033453
2870,23299400,23386726,46686126,7,0,0,15872,9,2226643394
2871,23301340,23239045,46540385,6,0,0,16384,12,357514450
2872,23318770,62461461,85780231,5,0,1,69632,7,8875968594
2873,23327450,23127440,46454890,4,0,0,20992,12,7966044607
2874,23351680,62564285,85915965,3,0,1,36352,9,10175153211
2875,23355451,23454735,46810186,2,0,0,10240,12,6637489115
2876,23368810,23495245,46864055,4,0,0,14848,12,6439104754
2877,23392621,24314045,47706666,2,0,0,69632,12,10043224206
2878,23399860,24221757,47621617,3,0,0,3584,9,6601859715
2879,23424440,22312491,45736931,0,0,0,7680,14,6875623496
2880,23435890,25561882,48997772,1,0,0,91136,6,8073897547
2881,23437740,62478248,85915988,0,0,1,2560,14,2935742090
2882,23452329,62463682,85916011,7,0,1,11776,9,6502317918
2883,23454420,62704381,86158801,5,0,1,41984,7,4649005455
2884,23456360,22549864,46006224,1,0,0,27648,6,2014016793
2885,23465089,62788549,86253638,1,0,1,44544,6,2694658190
2886,23467780,25017008,48484788,7,0,0,14336,9,9539037292
2887,23475760,25578382,49054142,3,0,0,17920,9,524230274
2888,23477361,25737383,49214744,2,0,0,95232,12,7277262072
2889,23495370,25071098,48566468,8,0,0,144896,12,10121402597
2890,23502620,23539889,47042509,8,0,0,9728,12,2845894370
2891,23530910,24293978,47824888,3,0,0,34816,9,2052347035
2892,23532880,23227890,46760770,6,0,0,19456,12,9969434311
2893,23533950,22603598,46137548,6,0,0,18432,12,9821911038
2894,23542180,22948505,46490685,7,0,0,77312,9,6826339295
2895,23554580,62920395,86474975,0,0,1,69632,14,8455227356
2896,23563619,62931287,86494906,9,0,1,7680,3,9777624686
2897,23587960,62968330,86556290,0,0,1,38400,14,10311284712
2898,23590760,26000171,49590931,5,0,0,52736,7,6108422253
2899,23590960,25939514,49530474,8,0,0,166912,12,9943833739
2900,23623819,62951081,86574900,4,0,1,512,12,7026184539
2901,23664439,62918011,86582450,9,0,1,25088,3,355621604
2902,23672560,23668089,47340649,1,0,0,28160,6,8121104867
2903,23679569,63045912,86725481,4,0,1,6144,12,6156128120
2904,23680980,23675393,47356373,0,0,0,38912,14,7066842049
2905,23683371,23033855,46717226,2,0,0,16384,12,449129809
2906,23689910,25002970,48692880,0,0,0,157184,14,7305072239
2907,23696280,26324436,50020716,4,0,0,72704,12,3327142494
2908,23696980,63028524,86725504,2,0,1,17408,12,8653844125
2909,23701560,25593218,49294778,7,0,0,89600,9,7374698813
2910,23701660,22550348,46252008,0,0,0,8192,14,5556886849
2911,23712960,23055165,46768125,5,0,0,24064,7,8644394814
2912,23719500,25183239,48902739,6,0,0,122368,12,5468960364
2913,23721111,22814259,46535370,2,0,0,15872,12,3699717372
2914,23746699,62978828,86725527,4,0,1,8192,12,6363101990
2915,23754520,22703876,46458396,6,0,0,512,12,9386310987
2916,23756979,62997298,86754277,1,0,1,2048,6,8447704266
2917,23765530,62988770,86754300,3,0,1,1536,9,7059774611
2918,23784740,23015831,46800571,0,0,0,29696,14,6281589231
2919,23789989,62964334,86754323,9,0,1,3584,3,10432847222
2920,23793190,25938479,49731669,4,0,0,13824,12,6906475677
2921,23806770,23091764,46898534,5,0,0,14336,7,788705119
2922,23817810,22768953,46586763,3,0,0,17920,9,2574965289
2923,23827021,26039774,49866795,2,0,0,62976,12,9684815241
2924,23843160,24938006,48781166,4,0,0,77824,12,157914239
2925,23858930,24254420,48113350,6,0,0,44544,12,2202580036
2926,23859910,25173366,49033276,6,0,0,25088,12,9816959037
2927,23864430,24225131,48089561,4,0,0,7168,12,9807888584
2928,23869320,26287391,50156711,8,0,0,16384,12,10470278786
2929,23870430,23294327,47164757,3,0,0,15360,9,10327757981
2930,23873760,24409633,48283393,0,0,0,142848,14,6332612063
2931,23901850,23236965,47138815,6,0,0,13312,12,6270104051
2932,23915450,25234626,49150076,1,0,0,10752,6,8594900071
2933,23922680,22904669,46827349,6,0,0,31744,12,7281093351
2934,23923790,24578181,48501971,4,0,0,56320,12,7785565844
2935,23941699,62812647,86754346,1,0,1,5632,6,4997116881
2936,23954130,23432365,47386495,4,0,0,6656,12,5896958374
2937,23955380,22951781,46907161,1,0,0,19968,6,9726736130
2938,23957770,24675745,48633515,3,0,0,5120,9,6538960293
2939,23958330,23280265,47238595,0,0,0,22016,14,8046753733
2940,23961150,24178158,48139308,4,0,0,30720,12,5019323068
2941,23969010,24427412,48396422,6,0,0,80384,12,9712317580
2942,23982660,25352724,49335384,0,0,0,85504,14,6814025520
2943,23984540,63183438,87167978,5,0,1,152576,7,4953914371
2944,23986390,25493205,49479595,8,0,0,139264,12,3800534186
2945,23989570,24588332,48577902,6,0,0,13824,12,8957797594
2946,24012000,63163574,87175574,0,0,1,1536,14,9140101943
2947,24015040,23253717,47268757,6,0,0,29184,12,7931373592
2948,24040900,23178067,47218967,6,0,0,2560,12,5484410646
2949,24044410,25392730,49437140,7,0,0,76800,9,4581614608
2950,24056050,23258115,47314165,4,0,0,16896,12,9102466588
2951,24071169,63104751,87175920,7,0,1,512,9,2473983000
2952,24077230,23549714,47626944,1,0,0,17408,6,1835371224
2953,24078270,23139894,47218164,1,0,0,42496,6,10558482414
2954,24079330,23554992,47634322,5,0,0,17408,7,7066093287
2955,24079500,23310817,47390317,7,0,0,9216,9,3135655764
2956,24095230,24635612,48730842,8,0,0,121856,12,403443436
2957,24101200,24530732,48631932,0,0,0,64000,14,9736435457
2958,24106710,24831464,48938174,5,0,0,116224,7,5651943591
2959,24108510,63164023,87272533,0,0,1,34816,14,1336587431
2960,24115870,23631741,47747611,5,0,0,54784,7,4799411952
2961,24118250,26309947,50428197,8,0,0,334336,12,9058858093
2962,24129439,63143760,87273199,4,0,1,1024,12,5160040995
2963,24135290,24882652,49017942,5,0,0,21504,7,5468391604
2964,24148750,23480245,47628995,4,0,0,6656,12,7511600394
2965,24149350,24909651,49059001,3,0,0,15872,9,4864072034
2966,24152140,25760749,49912889,1,0,0,24576,6,4804694106
2967,24160510,26439033,50599543,5,0,0,65024,7,362067359
2968,24203370,24035673,48239043,8,0,0,23552,12,6069096921
2969,24207790,63124689,87332479,0,0,1,9216,14,6808038060
2970,24216300,24968553,49184853,4,0,0,43520,12,3048919967
2971,24228691,23597468,47826159,2,0,0,4096,12,9030611928
2972,24243620,24980195,49223815,6,0,0,29696,12,9736683414
2973,24251780,25464598,49716378,1,0,0,14848,6,10036656465
2974,24256970,23470958,47727928,6,0,0,10752,12,6612589662
2975,24257461,25051848,49309309,2,0,0,47616,12,5652669730
2976,24261150,24521443,48782593,0,0,0,4608,14,1762055570
2977,24264390,63075787,87340177,0,0,1,5632,14,1480976483
2978,24274459,63297990,87572449,6,0,1,24064,12,7668345019
2979,24278001,25290248,49568249,2,0,0,123904,12,5116120363
2980,24286690,63371720,87658410,3,0,1,18432,9,3170997695
2981,24289680,23805676,48095356,8,0,0,18944,12,3077840914
2982,24299440,23920940,48220380,4,0,0,1024,12,1818192600
2983,24301890,25540540,49842430,4,0,0,16896,12,9675476085
2984,24314480,23785275,48099755,5,0,0,14336,7,5422177064
2985,24323420,23675735,47999155,1,0,0,32768,6,3065832465
2986,24325730,26479675,50805405,0,0,0,148480,14,8938861946
2987,24333830,24925705,49259535,4,0,0,10240,12,6115188153
2988,24336361,23784976,48121337,2,0,0,26112,12,10303729217
2989,24338400,24183897,48522297,4,0,0,40960,12,10196228121
2990,24338810,23848741,48187551,5,0,0,15872,7,7019894999
2991,24346699,64104674,88451373,8,0,1,310784,12,8057788304
2992,24348960,25310369,49659329,6,0,0,46592,12,4722014527
2993,24359389,64092007,88451396,4,0,1,12288,12,8938001986
2994,24369700,23919800,48289500,7,0,0,19968,9,4279431957
2995,24380290,64071129,88451419,3,0,1,23552,9,7918154108
2996,24391120,23901367,48292487,7,0,0,9728,9,4791628091
2997,24400989,64050453,88451442,4,0,1,14848,12,2440478674
2998,24404119,64618220,89022339,1,0,1,412672,6,7372195160
2999,24404490,23784644,48189134,3,0,0,5120,9,910839389
3000,24423910,65349366,89773276,5,0,1,425984,7,9736852056
3001,24452039,65337932,89789971,6,0,1,5632,12,10678686455
3002,24456820,24282157,48738977,0,0,0,26624,14,821422218
3003,24457380,65338128,89795508,2,0,1,17408,12,4783600463
3004,24461221,24296210,48757431,2,0,0,41984,12,476695319
3005,24474009,65329572,89803581,9,0,1,512,3,4767461326
3006,24490040,25804487,50294527,1,0,0,72704,6,4685068313
3007,24490780,25660916,50151696,7,0,0,95232,9,9868131092
3008,24494050,24143084,48637134,0,0,0,11776,14,9987019026
3009,24502290,24242326,48744616,8,0,0,18432,12,9195279312
3010,24505130,25991058,50496188,8,0,0,54784,12,7900716372
3011,24506080,24067587,48573667,7,0,0,23552,9,1605983996
3012,24507830,25421054,49928884,8,0,0,37376,12,5116762652
3013,24536550,25788061,50324611,4,0,0,35328,12,9633467218
3014,24564039,65356446,89920485,8,0,1,135168,12,4537495481
3015,24569760,65383675,89953435,2,0,1,6656,12,10593221703
3016,24574780,24118911,48693691,1,0,0,2560,6,612697318
3017,24578010,25673722,50251732,0,0,0,51200,14,2545377550
3018,24592870,65360588,89953458,3,0,1,17408,9,484682433
3019,24597930,24252480,48850410,8,0,0,52736,12,10584341200
3020,24610420,24246253,48856673,3,0,0,20480,9,10567986163
3021,24613810,24213445,48827255,8,0,0,6656,12,8420615483
3022,24618780,25462546,50081326,8,0,0,143360,12,83426277
3023,24630780,65327464,89958244,0,0,1,37888,14,8838822268
3024,24636250,25816961,50453211,4,0,0,52224,12,1915596863
3025,24644031,24295570,48939601,2,0,0,4608,12,1614241221
3026,24655919,65317279,89973198,4,0,1,6656,12,1210539011
3027,24663079,65312705,89975784,9,0,1,4096,3,8345275888
3028,24676800,24348809,49025609,3,0,0,25088,9,8477408807
3029,24689900,25961366,50651266,0,0,0,66048,14,3118590104
3030,24701520,25878188,50579708,7,0,0,189440,9,2734884991
3031,24707340,65269430,89976770,0,0,1,1536,14,4733841438
3032,24709310,26698204,51407514,4,0,0,135168,12,8636449207
3033,24713200,26372742,51085942,0,0,0,169472,14,5467616494
3034,24736530,24838294,49574824,4,0,0,21504,12,263312517
3035,24763770,24580841,49344611,7,0,0,30208,9,8485655527
3036,24809440,26323995,51133435,8,0,0,90112,12,2713155238
3037,24813150,26122740,50935890,4,0,0,143872,12,6308156021
3038,24821281,26121059,50942340,2,0,0,12288,12,8456681905
3039,24823150,26387862,51211012,3,0,0,122368,9,732587718
3040,24827480,26709010,51536490,6,0,0,33280,12,2592921240
3041,24827660,24207979,49035639,3,0,0,7680,9,2029691470
3042,24831900,26060131,50892031,3,0,0,203776,9,7502919416
3043,24837940,25160601,49998541,8,0,0,15872,12,1099170858
3044,24843120,24407312,49250432,7,0,0,22016,9,1134933238
3045,24857939,65662493,90520432,1,0,1,445952,6,1349380615
3046,24858881,26495368,51354249,2,0,0,182784,12,7059302034
3047,24863110,25966810,50829920,3,0,0,80384,9,3530955564
3048,24866530,25633581,50500111,6,0,0,12800,12,1888471783
3049,24872999,65658430,90531429,4,0,1,25600,12,7238539189
3050,24876400,24994630,49871030,8,0,0,13824,12,3467722721
3051,24877880,65668475,90546355,3,0,1,10240,9,2448914962
3052,24894580,24804584,49699164,3,0,0,16896,9,1171506927
3053,24905720,24456929,49362649,0,0,0,15360,14,4334886207
3054,24907650,26126633,51034283,4,0,0,167424,12,7930272425
3055,24908000,26911640,51819640,0,0,0,202752,14,1292753115
3056,24908110,26720990,51629100,6,0,0,89088,12,3469646520
3057,24912609,65633769,90546378,6,0,1,8192,12,1006367100
3058,24919620,24696104,49615724,8,0,0,13824,12,7350905369
3059,24920321,27185413,52105734,2,0,0,635392,12,10027172210
3060,24927429,66348256,91275685,8,0,1,986624,12,2014648595
3061,24937800,25042861,49980661,1,0,0,2560,6,7172216392
3062,24939381,26929913,51869294,2,0,0,162304,12,1010074443
3063,24944779,66339915,91284694,8,0,1,2560,12,3049920134
3064,24947589,66348150,91295739,4,0,1,45568,12,9302491885
3065,24949320,26702322,51651642,3,0,0,12288,9,9382301592
3066,24952120,25134364,50086484,0,0,0,11776,14,5069457668
3067,24953260,25677859,50631119,3,0,0,22016,9,4480432622
3068,24954590,26343944,51298534,5,0,0,75776,7,7174054228
3069,24958270,25479006,50437276,8,0,0,29696,12,6914361042
3070,24968839,66344283,91313122,9,0,1,2048,3,3168107468
3071,24982920,27295831,52278751,1,0,0,125952,6,9342706920
3072,24994010,25523969,50517979,0,0,0,54784,14,4369532354
3073,25000440,26163819,51164259,8,0,0,52224,12,4893497469
3074,25002940,25935633,50938573,0,0,0,8704,14,8760782572
3075,25004049,66311019,91315068,9,0,1,3072,3,2440374481
3076,25005780,25473685,50479465,4,0,0,86016,12,2586107605
3077,25006340,26629803,51636143,6,0,0,23040,12,4602234470
3078,25007350,27228900,52236250,5,0,0,152576,7,8721145451
3079,25010020,26477593,51487613,4,0,0,107520,12,4822019030
3080,25021669,66335507,91357176,6,0,1,78848,12,7894867677
3081,25024091,27117858,52141949,2,0,0,118784,12,6775231105
3082,25038760,27128960,52167720,1,0,0,84480,6,8784177239
3083,25039860,27200001,52239861,5,0,0,11776,7,2822895982
3084,25041360,27333405,52374765,7,0,0,31744,9,7959699616
3085,25051530,66314855,91366385,3,0,1,6144,9,8748997133
3086,25051650,26167965,51219615,4,0,0,28160,12,4670190226
3087,25072140,26685701,51757841,1,0,0,52736,6,9803413058
3088,25073039,66343499,91416538,1,0,1,72192,6,6428412830
3089,25074760,26031173,51105933,5,0,0,65536,7,7037123833
3090,25112399,66315174,91427573,7,0,1,37376,9,6569174051
3091,25113780,25487065,50600845,4,0,0,4096,12,2585952205
3092,25127379,66305148,91432527,4,0,1,18432,12,856101609
3093,25130799,66395264,91526063,1,0,1,188928,6,8219896909
3094,25134210,66392519,91526729,3,0,1,1024,9,758046412
3095,25135180,27166728,52301908,4,0,0,13824,12,1026345032
3096,25136169,66393146,91529315,6,0,1,4096,12,7035515056
3097,25142220,26291883,51434103,3,0,0,55296,9,7844255217
3098,25142889,66391572,91534461,9,0,1,8192,3,909296781
3099,25162060,25986241,51148301,7,0,0,45056,9,7286973709
3100,25181070,25768666,50949736,7,0,0,5120,9,440662516
3101,25188989,66362791,91551780,4,0,1,5632,12,10135977933
3102,25224310,66365904,91590214,2,0,1,11776,12,7058347786
3103,25229200,25717375,50946575,3,0,0,13824,9,1190152145
3104,25257199,66339326,91596525,8,0,1,22016,12,1140295316
3105,25271830,27079131,52350961,0,0,0,72192,14,8925469557
3106,25275180,27193597,52468777,5,0,0,56832,7,456590709
3107,25284861,27166569,52451430,2,0,0,35328,12,2661343376
3108,25292729,66378173,91670902,7,0,1,26624,9,7957394423
3109,25308440,27181287,52489727,1,0,0,49152,6,214943608
3110,25330169,66340756,91670925,8,0,1,1536,12,4973678581
3111,25345450,27129278,52474728,3,0,0,19456,9,10276468396
3112,25350240,27337334,52687574,4,0,0,46592,12,9011173221
3113,25363929,66430805,91794734,7,0,1,47104,9,4060842957
3114,25364130,25770420,51134550,8,0,0,3584,12,7551320292
3115,25366730,27509967,52876697,4,0,0,32768,12,39551862
3116,25373970,66422070,91796040,0,0,1,2048,14,466405200
3117,25381930,26165971,51547901,1,0,0,37376,6,7580681655
3118,25388610,26048636,51437246,1,0,0,10240,6,4434397140
3119,25390220,27160158,52550378,0,0,0,81408,14,4472729493
3120,25399370,25966937,51366307,7,0,0,38400,9,5854710404
3121,25403330,27398262,52801592,6,0,0,29184,12,5715276677
3122,25423800,25993432,51417232,6,0,0,18944,12,3115826243
3123,25427351,25984086,51411437,2,0,0,12800,12,1893150260
3124,25442709,66360512,91803221,9,0,1,34304,3,2924619416
3125,25446360,26226744,51673104,6,0,0,6656,12,7735357104
3126,25459690,25981011,51440701,8,0,0,11264,12,7191802157
3127,25461640,26450467,51912107,0,0,0,56320,14,6035427618
3128,25469970,25884614,51354584,1,0,0,1024,6,1184316413
3129,25483360,26095916,51579276,6,0,0,71680,12,4584204514
3130,25496759,66544272,92041031,1,0,1,71680,6,3836691139
3131,25504439,66602025,92106464,7,0,1,8192,9,2067109096
3132,25505890,26823052,52328942,0,0,0,30720,14,9137263248
3133,25521581,26352884,51874465,2,0,0,16896,12,676616733
3134,25528770,26884394,52413164,4,0,0,125952,12,10364474111
3135,25536881,26903762,52440643,2,0,0,90112,12,6275672797
3136,25538380,26281439,51819819,4,0,0,512,12,2011186108
3137,25539251,26986300,52525551,2,0,0,103424,12,2183587610
3138,25544590,66561897,92106487,5,0,1,10240,7,5529327339
3139,25556940,26337984,51894924,0,0,0,67072,14,10498216427
3140,25603810,27587755,53191565,5,0,0,15360,7,9714954113
3141,25626030,27456209,53082239,7,0,0,161792,9,10707310663
3142,25636400,26065752,51702152,6,0,0,25600,12,122430960
3143,25641560,26548179,52189739,0,0,0,72192,14,553661617
3144,25645480,27674384,53319864,0,0,0,5632,14,9820641141
3145,25649970,26637228,52287198,0,0,0,27648,14,5424922093
3146,25659190,27843140,53502330,4,0,0,28672,12,6720829003
3147,25664421,26700649,52365070,2,0,0,11264,12,9473982477
3148,25687029,66535617,92222646,1,0,1,154624,6,9700940279
3149,25691919,66532110,92224029,7,0,1,14848,9,5425787509
3150,25707460,66680077,92387537,2,0,1,28160,12,7610129768
3151,25708450,26645342,52353792,7,0,0,9216,9,3210335663
3152,25722231,26639384,52361615,2,0,0,25600,12,6647117075
3153,25728450,26569223,52297673,3,0,0,34304,9,8410491159
3154,25732209,66665620,92397829,8,0,1,16384,12,1865834832
3155,25739540,26580019,52319559,1,0,0,57856,6,4406468610
3156,25742870,26497482,52240352,4,0,0,1536,12,4606391241
3157,25743839,66656576,92400415,7,0,1,4096,9,9235440079
3158,25746190,27960734,53706924,7,0,0,15872,9,359032696
3159,25748560,26874255,52622815,7,0,0,138240,9,3121168569
3160,25751311,26742191,52493502,2,0,0,12288,12,6908394782
3161,25752960,27016391,52769351,3,0,0,15360,9,1487888395
3162,25763580,26730413,52493993,7,0,0,1536,9,7063020497
3163,25770790,27392494,53163284,7,0,0,104960,9,6357715080
3164,25788380,26856730,52645110,6,0,0,15872,12,9202257717
3165,25793280,26841554,52634834,1,0,0,34816,6,9552772749
3166,25794500,27083156,52877656,8,0,0,3072,12,8923388197
3167,25807750,26842687,52650437,8,0,0,17408,12,8481782776
3168,25835300,27021878,52857178,1,0,0,57344,6,4641936330
3169,25879999,67104665,92984664,4,0,1,264192,12,4970779235
3170,25887791,27957539,53845330,2,0,0,131584,12,2533732413
3171,25890980,27085284,52976264,1,0,0,27648,6,2680580074
3172,25899340,27281283,53180623,8,0,0,56832,12,896725636
3173,25904781,27103190,53007971,2,0,0,79360,12,4278519936
3174,25907020,26932663,52839683,0,0,0,101888,14,4311945936
3175,25922930,26700220,52623150,3,0,0,1024,9,1435221605
3176,25930720,67058450,92989170,0,0,1,7168,14,9611327934
3177,25931261,26838269,52769530,2,0,0,512,12,6362563612
3178,25931830,28023464,53955294,6,0,0,175616,12,8651488027
3179,25934319,67218820,93153139,4,0,1,105984,12,9021850615
3180,25937049,67446221,93383270,4,0,1,177664,12,237423757
3181,25945020,27460296,53405316,3,0,0,16896,9,10353544385
3182,25948250,26970903,52919153,4,0,0,16896,12,9696202988
3183,25949430,28166118,54115548,7,0,0,78336,9,2973400143
3184,25962179,67425597,93387776,6,0,1,7168,12,41644090
3185,25967239,67756383,93723622,4,0,1,464896,12,2658604622
3186,25972960,26983888,52956848,5,0,0,54784,7,7342912372
3187,25974910,28680286,54655196,6,0,0,91648,12,1520421676
3188,25976130,28580518,54556648,3,0,0,275456,9,3248558983
3189,25978330,27747851,53726181,1,0,0,7680,6,5510860447
3190,25982030,27823185,53805215,3,0,0,67584,9,7893954012
3191,25983270,28832562,54815832,1,0,0,144384,6,2910338139
3192,26001509,68256214,94257723,4,0,1,838656,12,8427862957
3193,26009989,68263821,94273810,9,0,1,7680,3,1505094806
3194,26010121,28999269,55009390,2,0,0,74240,12,8191784750
3195,26016159,68325217,94341376,6,0,1,89600,12,7944882255
3196,26038580,27683811,53722391,8,0,0,50688,12,2139680936
3197,26053441,27648608,53702049,2,0,0,173056,12,4524303349
3198,26054160,27336317,53390477,0,0,0,126464,14,10249633391
3199,26057749,68287086,94344835,9,0,1,24576,3,10425970369
3200,26061950,27567178,53629128,6,0,0,196608,12,5988164173
3201,26063520,29367947,55431467,0,0,0,27648,14,10081029201
3202,26066429,68315756,94382185,6,0,1,5632,12,10214609727
3203,26075550,27573748,53649298,9,0,0,31744,3,4076484580
3204,26076700,28115081,54191781,0,0,0,101888,14,2877629673
3205,26099950,27539653,53639603,0,0,0,34304,14,7832161369
3206,26104479,68279972,94384451,8,0,1,3584,12,5742852997
3207,26123920,27777843,53901763,7,0,0,55296,9,6230731706
3208,26130150,29150259,55280409,6,0,0,24064,12,8867781462
3209,26174710,27549108,53723818,3,0,0,4608,9,5301621615
3210,26189970,27676778,53866748,7,0,0,68608,9,7692462346
3211,26192420,27653401,53845821,3,0,0,1536,9,151238941
3212,26193280,27679731,53873011,6,0,0,20480,12,3506196462
3213,26206280,27885377,54091657,5,0,0,122880,7,100661251
3214,26215270,27514522,53729792,1,0,0,11776,6,10294821559
3215,26218530,27753548,53972078,8,0,0,47104,12,3042820624
3216,26226100,27731603,53957703,3,0,0,7680,9,5532683804
3217,26229990,29319652,55549642,4,0,0,8704,12,2665592980
3218,26233689,68171914,94405603,9,0,1,16384,3,560459392
3219,26238240,27993895,54232135,1,0,0,3072,6,7172706226
3220,26238949,68206541,94445490,1,0,1,55296,6,6059400350
3221,26239340,68209056,94448396,2,0,1,4608,12,7870831535
3222,26246341,28176205,54422546,2,0,0,71168,12,4495545009
3223,26248880,28075924,54324804,8,0,0,11776,12,4983728066
3224,26259910,68192317,94452227,2,0,1,4096,12,4146953907
3225,26272349,68219802,94492151,9,0,1,69120,3,2188632359
3226,26282580,28344669,54627249,1,0,0,140800,6,9297270800
3227,26285370,27858601,54143971,7,0,0,93184,9,8483199270
3228,26287969,68204205,94492174,7,0,1,4608,9,7565851328
3229,26293219,68278122,94571341,1,0,1,108544,6,1324766188
3230,26300010,27746981,54046991,5,0,0,22016,7,7698523939
3231,26302990,28053002,54355992,6,0,0,13312,12,4494187722
3232,26305090,29657432,55962522,6,0,0,659456,12,4802796944
3233,26305110,28466707,54771817,1,0,0,25600,6,9195246849
3234,26311700,28264026,54575726,8,0,0,58880,12,8506875289
3235,26321540,28129789,54451329,4,0,0,13824,12,1666589415
3236,26325011,28406176,54731187,2,0,0,4096,12,553500723
3237,26326560,28231203,54557763,1,0,0,3584,6,607432457
3238,26334010,29874084,56208094,8,0,0,624640,12,9552535894
3239,26357490,28219998,54577488,1,0,0,5632,6,9521912367
3240,26363621,28294718,54658339,2,0,0,10240,12,6455887676
3241,26369290,28612643,54981933,8,0,0,39936,12,3009179878
3242,26379480,28712788,55092268,7,0,0,24064,9,1237999770
3243,26387980,29373545,55761525,0,0,0,182272,14,1507126379
3244,26413950,68157414,94571364,3,0,1,11264,9,7191032648
3245,26414590,29826154,56240744,5,0,0,57344,7,956331853
3246,26414709,68156678,94571387,7,0,1,3072,9,8225621935
3247,26420910,28548832,54969742,5,0,0,41472,7,5590826854
3248,26422390,28950180,55372570,5,0,0,206848,7,9995279766
3249,26422450,28288838,54711288,0,0,0,2560,14,1141861057
3250,26424919,68164159,94589078,8,0,1,40960,12,7819030087
3251,26434469,68168678,94603147,7,0,1,9728,9,1593142428
3252,26439079,68164734,94603813,7,0,1,1024,9,1084335330
3253,26450770,29182237,55633007,1,0,0,135680,6,5700634070
3254,26472710,28634688,55107398,5,0,0,24576,7,5179842043
3255,26486440,68129854,94616294,3,0,1,4608,9,8724605314
3256,26503220,28637141,55140361,6,0,0,59392,12,9499576807
3257,26503721,28319907,54823628,2,0,0,3072,12,794886005
3258,26509399,69114190,95623589,4,0,1,631808,12,3258195087
3259,26512069,69111543,95623612,8,0,1,2560,12,5181924372
3260,26512730,28605299,55118029,0,0,0,34816,14,5883979903
3261,26513600,69110035,95623635,3,0,1,1024,9,2042872724
3262,26544421,28688223,55232644,2,0,0,12288,12,1490803195
3263,26561469,69072292,95633761,7,0,1,31744,9,1949346340
3264,26566810,29718791,56285601,8,0,0,128000,12,9186843447
3265,26574810,28637790,55212600,8,0,0,33280,12,7560912418
3266,26575640,28669146,55244786,5,0,0,10752,7,3354619477
3267,26586500,28809762,55396262,3,0,0,15360,9,1688486840
3268,26590510,28952534,55543044,6,0,0,133632,12,8629806493
3269,26593901,29720340,56314241,2,0,0,57344,12,8417417046
3270,26598610,29724569,56323179,6,0,0,23040,12,5522902410
3271,26609340,69379698,95989038,5,0,1,79872,7,7450285154
3272,26610050,28663004,55273054,7,0,0,46592,9,8044441633
3273,26632090,29744237,56376327,4,0,0,30720,12,10180706383
3274,26638320,29337843,55976163,6,0,0,38912,12,4216280791
3275,26641310,28860995,55502305,8,0,0,50176,12,10532115722
3276,26646840,28744719,55391559,3,0,0,20480,9,2662285300
3277,26647120,29370631,56017751,4,0,0,38912,12,8598418524
3278,26653010,28893957,55546967,8,0,0,12800,12,8568882972
3279,26653950,29052016,55705966,7,0,0,126464,9,4771930141
3280,26658030,29335160,55993190,1,0,0,55808,6,7882800812
3281,26676530,28974355,55650885,8,0,0,12800,12,7961312719
3282,26726369,69788464,96514833,6,0,1,479744,12,1880790172
3283,26731629,70206018,96937647,1,0,1,176128,6,4266499756
3284,26735480,29270392,56005872,4,0,0,37888,12,7665278922
3285,26771620,29222685,55994305,6,0,0,3584,12,2375689865
3286,26792330,70145340,96937670,2,0,1,7168,12,3960241757
3287,26825479,70119881,96945360,8,0,1,66560,12,8400355977
3288,26831370,29132891,55964261,7,0,0,5632,9,4115525210
3289,26831709,70113674,96945383,6,0,1,316416,12,3626653759
3290,26840399,70113142,96953541,9,0,1,25088,3,1577481229
3291,26848600,70104964,96953564,0,0,1,2048,14,280757984
3292,26852959,70100628,96953587,9,0,1,51200,3,6356786252
3293,26872930,29350319,56223249,1,0,0,49664,6,5773386665
3294,26876099,70218301,97094400,4,0,1,402944,12,9873615046
3295,26878970,29417776,56296746,5,0,0,36352,7,10619911904
3296,26880920,29360487,56241407,0,0,0,2048,14,1703435772
3297,26887350,29467231,56354581,9,0,0,86016,3,6378254007
3298,26888560,29358018,56246578,8,0,0,16896,12,3489729325
3299,26904180,29424170,56328350,6,0,0,16896,12,10229917280
3300,26912890,29614788,56527678,6,0,0,254976,12,5911961481
3301,26922640,29674860,56597500,7,0,0,1024,9,8451378811
3302,26923499,70230958,97154457,1,0,1,120320,6,1036446667
3303,26927050,29439894,56366944,5,0,0,40448,7,3601986820
3304,26930030,29386106,56316136,1,0,0,6144,6,2265274803
3305,26948120,29611116,56559236,6,0,0,103424,12,10438686784
3306,26950230,29644198,56594428,3,0,0,115200,9,2941675743
3307,26951659,70233970,97185629,4,0,1,30720,12,3229180868
3308,26955140,29891425,56846565,6,0,0,22528,12,4873746387
3309,26968861,29628288,56597149,2,0,0,8704,12,8672648149
3310,26974480,29806833,56781313,4,0,0,9216,12,4196890301
3311,26984160,29981484,56965644,7,0,0,54784,9,5501069968
3312,26985970,29684638,56670608,8,0,0,13824,12,842027546
3313,26989210,29613929,56603139,0,0,0,18432,14,7027172852
3314,27018499,70183265,97201764,7,0,1,50176,9,2890510348
3315,27018810,29901969,56920779,5,0,0,39424,7,2014985513
3316,27033000,29738572,56771572,8,0,0,121344,12,8300150835
3317,27040291,29752142,56792433,2,0,0,23040,12,3604901773
3318,27057750,29608600,56666350,1,0,0,94720,6,4183591433
3319,27069369,70165079,97234448,6,0,1,71680,12,1611823250
3320,27091860,29618475,56710335,3,0,0,14336,9,4413934413
3321,27109770,29668689,56778459,6,0,0,22528,12,10363790501
3322,27147140,70095752,97242892,3,0,1,2560,9,3402621660
3323,27151650,70103915,97255565,3,0,1,58368,9,828914501
3324,27158720,29967276,57125996,6,0,0,183296,12,2607318575
3325,27159610,30182007,57341617,4,0,0,330240,12,10419204922
3326,27171360,70089753,97261113,2,0,1,10752,12,4003011124
3327,27172670,29767849,56940519,1,0,0,18944,6,4503992227
3328,27174020,29848489,57022509,1,0,0,23040,6,6607802822
3329,27176339,70497259,97673598,6,0,1,539136,12,4173753302
3330,27189580,29880522,57070102,1,0,0,86528,6,5749840293
3331,27194149,70986771,98180920,6,0,1,609792,12,4266093414
3332,27201880,30263993,57465873,7,0,0,54272,9,7212850782
3333,27205690,30155215,57360905,1,0,0,4608,6,10419124426
3334,27231701,30127769,57359470,2,0,0,33280,12,9253261383
3335,27245490,30103794,57349284,8,0,0,25088,12,9990988572
3336,27247669,70989042,98236711,9,0,1,83456,3,2569809261
3337,27272400,29864928,57137328,8,0,0,31232,12,9896563357
3338,27272419,71115709,98388128,4,0,1,249856,12,5625096030
3339,27295899,71307208,98603107,1,0,1,315904,6,5478493763
3340,27299231,30215073,57514304,2,0,0,97792,12,7875052733
3341,27302520,29904788,57207308,6,0,0,1024,12,4991012251
3342,27304759,71393995,98698754,4,0,1,128512,12,3810949205
3343,27307060,30586532,57893592,3,0,0,89088,9,1727641512
3344,27307530,30113600,57421130,3,0,0,19968,9,9055267830
3345,27310361,30089001,57399362,2,0,0,29184,12,3813072574
3346,27319460,71380677,98700137,3,0,1,14848,9,6462578943
3347,27322720,30383968,57706688,4,0,0,134656,12,10221440129
3348,27329029,71371774,98700803,8,0,1,1024,12,4727388763
3349,27335710,30281938,57617648,4,0,0,30720,12,8199304407
3350,27346990,30097155,57444145,8,0,0,4096,12,6513842012
3351,27367190,30205063,57572253,6,0,0,138752,12,10248640850
3352,27372490,29995870,57368360,1,0,0,3072,6,4398019719
3353,27381290,30854554,58235844,6,0,0,86016,12,8060986349
3354,27387261,30389960,57777221,2,0,0,7680,12,9882832841
3355,27402510,30305408,57707918,7,0,0,3584,9,3225484306
3356,27418240,30510992,57929232,0,0,0,19968,14,5324892772
3357,27421110,30152882,57573992,6,0,0,5632,12,9445812955
3358,27421580,30156179,57577759,3,0,0,12288,9,10472057932
3359,27425291,30344958,57770249,2,0,0,60416,12,2916829035
3360,27457760,30390485,57848245,0,0,0,16896,14,6820454239
3361,27462540,30013869,57476409,5,0,0,8192,7,4929369769
3362,27462660,30681300,58143960,5,0,0,45056,7,8951433112
3363,27464459,71242796,98707255,9,0,1,10240,3,8547383185
3364,27468211,30648431,58116642,2,0,0,188416,12,7779809788
3365,27468331,30654839,58123170,2,0,0,9728,12,1028864084
3366,27490439,71238726,98729165,7,0,1,37888,9,3491719751
3367,27493449,71237304,98730753,8,0,1,15872,12,3231045115
3368,27503849,71237401,98741250,7,0,1,28672,9,6146451410
3369,27510250,30238685,57748935,1,0,0,35840,6,2030661080
3370,27516870,30892362,58409232,8,0,0,31232,12,10531171439
3371,27534700,71226099,98760799,0,0,1,3584,14,457007889
3372,27536910,30408300,57945210,1,0,0,36352,6,6182560937
3373,27549680,30759502,58309182,3,0,0,26624,9,3125852289
3374,27551450,30826531,58377981,3,0,0,19968,9,1185538125
3375,27552200,30945772,58497972,4,0,0,56832,12,9559042066
3376,27555149,71732017,99287166,6,0,1,646144,12,9497057442
3377,27561680,30333818,57895498,7,0,0,4096,9,6164074116
3378,27567451,30465291,58032742,2,0,0,81408,12,7904237615
3379,27573610,71717918,99291528,0,0,1,22016,14,249570758
3380,27577129,71720872,99298001,9,0,1,25600,3,3407750654
3381,27577920,30429987,58007907,3,0,0,42496,9,7263394260
3382,27581411,30246347,57827758,2,0,0,13824,12,7507320151
3383,27581560,30322197,57903757,1,0,0,12288,6,7617615906
3384,27582520,30412345,57994865,5,0,0,80896,7,3735085042
3385,27583909,72007774,99591683,4,0,1,372736,12,7618683674
3386,27593910,30356783,57950693,3,0,0,17920,9,313503395
3387,27598310,30268115,57866425,0,0,0,10752,14,8251759924
3388,27610099,72446834,100056933,1,0,1,869888,6,8520172357
3389,27610340,30709005,58319345,3,0,0,33280,9,10602761195
3390,27613119,72444736,100057855,7,0,1,10240,9,1219103838
3391,27643080,31301998,58945078,9,0,0,21504,3,548060504
3392,27649430,72412291,100061721,0,0,1,6144,14,9330189901
3393,27656570,31118074,58774644,0,0,0,101888,14,9678254217
3394,27658820,31010974,58669794,4,0,0,70144,12,1597084675
3395,27668710,72393677,100062387,3,0,1,1024,9,9672389207
3396,27678280,30662762,58341042,8,0,0,41984,12,8689191489
3397,27679821,31149781,58829602,2,0,0,30208,12,1939596004
3398,27703231,30639082,58342313,2,0,0,4096,12,3314809587
3399,27708150,30459992,58168142,4,0,0,12288,12,5863608598
3400,27708760,31357609,59066369,4,0,0,6144,12,1785677549
3401,27712390,30673873,58386263,9,0,0,23040,3,6696544689
3402,27713630,30927159,58640789,9,0,0,71168,3,9897280880
3403,27721980,31202429,58924409,9,0,0,90112,3,7007547189
3404,27727051,30840747,58567798,2,0,0,34304,12,7937924027
3405,27736630,30985147,58721777,6,0,0,31744,12,3028641816
3406,27745630,30702732,58448362,6,0,0,14336,12,8455945958
3407,27756890,31063485,58820375,9,0,0,150016,3,1655226769
3408,27759900,30834958,58594858,3,0,0,40960,9,6742554108
3409,27762570,30856512,58619082,8,0,0,65024,12,10260086859
3410,27763280,30783080,58546360,3,0,0,24064,9,9506770959
3411,27763420,30608454,58371874,7,0,0,64000,9,4453571209
3412,27781670,72285872,100067542,3,0,1,1024,9,10611047501
3413,27785259,72313251,100098510,6,0,1,56832,12,489159028
3414,27793660,30852495,58646155,5,0,0,17408,7,6851552046
3415,27813769,72439807,100253576,4,0,1,293376,12,160573752
3416,27817991,30738755,58556746,2,0,0,3072,12,7704088336
3417,27819691,30660873,58480564,2,0,0,11264,12,499763462
3418,27823799,72730003,100553802,1,0,1,360448,6,2332503420
3419,27830061,31165412,58995473,2,0,0,45568,12,785170495
3420,27831061,31298255,59129316,2,0,0,38912,12,5406862621
3421,27832220,31061723,58893943,1,0,0,41472,6,9588834270
3422,27838810,72716286,100555096,0,0,1,5120,14,6706116012
3423,27845719,72709400,100555119,9,0,1,10240,3,4683542632
3424,27870770,31365639,59236409,9,0,0,11776,3,9386174870
3425,27881690,72673452,100555142,0,0,1,12288,14,3404432920
3426,27883890,30950571,58834461,7,0,0,15872,9,4534382910
3427,27887121,30636799,58523920,2,0,0,4096,12,4102782701
3428,27891810,72673250,100565060,0,0,1,13312,14,9452917295
3429,27905921,30975363,58881284,2,0,0,153600,12,5909535663
3430,27913300,31253959,59167259,0,0,0,16896,14,966395024
3431,27913460,72653546,100567006,2,0,1,3072,12,5772438255
3432,27919589,72653558,100573147,8,0,1,6656,12,5330360910
3433,27927760,31739661,59667421,0,0,0,16384,14,5773798987
3434,27936010,72637496,100573506,3,0,1,9728,9,10447232039
3435,27940290,30707760,58648050,8,0,0,6144,12,10612996261
3436,27957850,31274948,59232798,5,0,0,86528,7,9397041129
3437,27963700,31776633,59740333,1,0,0,62464,6,9139753009
3438,27963990,31215922,59179912,6,0,0,40448,12,4377161954
3439,27967090,31645234,59612324,4,0,0,198656,12,7038672402
3440,27989849,72999758,100989607,6,0,1,526848,12,965062275
3441,27991660,31961395,59953055,5,0,0,32256,7,9008680973
3442,27994181,31876610,59870791,2,0,0,197120,12,4598336067
3443,27997460,30899470,58896930,6,0,0,9728,12,7999298886
3444,27999170,31930198,59929368,6,0,0,100352,12,1180701814
3445,28003490,72997053,101000543,3,0,1,23552,9,1450786157
3446,28007999,73088087,101096086,1,0,1,101376,6,5509987915
3447,28008800,31277482,59286282,7,0,0,45568,9,4733224314
3448,28013190,31523561,59536751,1,0,0,169984,6,1944329563
3449,28013380,31623178,59636558,5,0,0,56832,7,5598668564
3450,28040680,31621703,59662383,3,0,0,52736,9,7105337982
3451,28048170,31294229,59342399,4,0,0,100864,12,1279827557
3452,28084680,31467070,59551750,9,0,0,49152,3,4033570049
3453,28100019,73099171,101199190,6,0,1,98304,12,2861073077
3454,28107939,73153112,101261051,4,0,1,184832,12,5732388775
3455,28108260,31312909,59421169,0,0,0,32256,14,425571234
3456,28111740,32278102,60389842,9,0,0,22016,3,6310053740
3457,28123490,32167154,60290644,3,0,0,100864,9,754394161
3458,28142120,32326940,60469060,9,0,0,29184,3,8094622878
3459,28147630,31090518,59238148,7,0,0,5632,9,10612527984
3460,28148550,31497742,59646292,3,0,0,26112,9,10300495683
3461,28149770,31297420,59447190,9,0,0,16384,3,6545953139
3462,28151090,31468121,59619211,5,0,0,22528,7,3788561370
3463,28160080,31234130,59394210,6,0,0,50176,12,10410813953
3464,28180800,31218916,59399716,1,0,0,17920,6,5741444449
3465,28181780,31286278,59468058,5,0,0,5120,7,4795822825
3466,28182020,31750046,59932066,3,0,0,6144,9,472592391
3467,28195750,73097428,101293178,2,0,1,14336,12,8011436212
3468,28204070,32467052,60671122,1,0,0,136704,6,919362492
3469,28260730,32547828,60808558,0,0,0,15872,14,5836079803
3470,28268660,73024541,101293201,2,0,1,6144,12,7672212307
3471,28302159,73190722,101492881,1,0,1,327680,6,5096401631
3472,28322660,32592263,60914923,9,0,0,44032,3,8998853798
3473,28327960,31349115,59677075,4,0,0,31232,12,859348740
3474,28329839,73172523,101502362,7,0,1,39936,9,1361592781
3475,28333100,32696151,61029251,4,0,0,81408,12,5532837440
3476,28351480,31101998,59453478,3,0,0,7680,9,7212038865
3477,28359709,73176314,101536023,1,0,1,27648,6,1126425786
3478,28361310,31568861,59930171,0,0,0,2560,14,1458850747
3479,28361580,73176389,101537969,3,0,1,3072,9,10234383795
3480,28372439,73166606,101539045,9,0,1,13312,3,7118674196
3481,28379259,73162052,101541311,7,0,1,3584,9,6717197933
3482,28390840,73172190,101563030,2,0,1,14336,12,4735846438
3483,28400330,73165926,101566256,2,0,1,5120,12,9025884495
3484,28425501,31212812,59638313,2,0,0,5632,12,1626840037
3485,28432569,73139499,101572068,6,0,1,19456,12,9102217900
3486,28434220,31464518,59898738,0,0,0,91648,14,2321547912
3487,28439900,31502805,59942705,6,0,0,34816,12,1594476247
3488,28468990,31556542,60025532,1,0,0,32256,6,8571044817
3489,28469280,31546401,60015681,5,0,0,138752,7,451151528
3490,28484890,31541601,60026491,3,0,0,3072,9,3189747741
3491,28486210,33551783,62037993,9,0,0,47104,3,3677988191
3492,28500240,31442956,59943196,9,0,0,1536,3,4590892497
3493,28500329,73077653,101577982,1,0,1,19968,6,5894061735
3494,28500959,73079680,101580639,9,0,1,1536,3,8289354606
3495,28504939,73083156,101588095,1,0,1,36864,6,2818051246
3496,28518120,32025873,60543993,5,0,0,115712,7,9899652779
3497,28522050,32064866,60586916,3,0,0,140800,9,3608991822
3498,28530160,31816919,60347079,0,0,0,25088,14,1298074279
3499,28536240,32365244,60901484,7,0,0,84992,9,807994127
3500,28548101,32681460,61229561,2,0,0,339456,12,901353019
3501,28548299,73093578,101641877,8,0,1,16384,12,5465836811
3502,28555049,73093498,101648547,9,0,1,31744,3,10230599126
3503,28555550,32403801,60959351,4,0,0,13312,12,1853762459
3504,28586730,32008789,60595519,1,0,0,28160,6,4170753418
3505,28588649,73065615,101654264,7,0,1,4096,9,4182235264
3506,28588920,32843368,61432288,7,0,0,9728,9,7633328027
3507,28590169,73209702,101799871,4,0,1,79360,12,5494892176
3508,28598670,32003291,60601961,1,0,0,20992,6,9362661313
3509,28612740,32651694,61264434,0,0,0,9216,14,3915173244
3510,28618470,31519008,60137478,7,0,0,33792,9,6698633518
3511,28624930,31328632,59953562,7,0,0,1536,9,4843946721
3512,28631480,32171378,60802858,0,0,0,12288,14,8480458636
3513,28632169,73167725,101799894,9,0,1,512,3,8546380007
3514,28637760,73162157,101799917,0,0,1,23040,14,6924087172
3515,28647650,31458544,60106194,3,0,0,11776,9,7526476829
3516,28661479,73138461,101799940,9,0,1,6656,3,270109318
3517,28673209,73143432,101816641,7,0,1,31744,9,8677265780
3518,28676450,73204000,101880450,2,0,1,13824,12,3818667245
3519,28679670,32173175,60852845,6,0,0,58368,12,6019812854
3520,28695470,31731224,60426694,6,0,0,52224,12,5921873804
3521,28699540,31541525,60241065,7,0,0,26112,9,10708703924
3522,28721540,31901546,60623086,6,0,0,24064,12,6885954963
3523,28723290,32040082,60763372,1,0,0,59904,6,9721732878
3524,28723690,32214055,60937745,6,0,0,36864,12,10041981230
3525,28724080,31733703,60457783,3,0,0,35840,9,9572566825
3526,28724400,31779579,60503979,4,0,0,18944,12,3774736656
3527,28730400,32090037,60820437,3,0,0,38912,9,4072233878
3528,28733100,31593010,60326110,5,0,0,24576,7,8068450947
3529,28734830,31763354,60498184,3,0,0,58880,9,5817541682
3530,28764770,31925318,60690088,0,0,0,46592,14,2484086446
3531,28773360,73111275,101884635,3,0,1,16896,9,4391101478
3532,28803611,34272412,63076023,2,0,0,17408,12,3452629396
3533,28816280,33400111,62216391,9,0,0,21504,3,1811320995
3534,28816530,33576291,62392821,7,0,0,34816,9,8838829161
3535,28817430,32044041,60861471,3,0,0,27648,9,1262549442
3536,28827359,73062102,101889461,9,0,1,7680,3,3764057725
3537,28842540,32447189,61289729,0,0,0,82944,14,3751057486
3538,28842670,31760585,60603255,1,0,0,4096,6,10359878958
3539,28862270,32101940,60964210,0,0,0,15872,14,4225501043
3540,28902621,32191948,61094569,2,0,0,49664,12,236559808
3541,28902700,31891968,60794668,9,0,0,25600,3,937039494
3542,28935050,31917974,60853024,3,0,0,512,9,4642202791
3543,28939220,31987270,60926490,5,0,0,37888,7,8847322049
3544,28940320,73034702,101975022,3,0,1,40960,9,430751266
3545,28945529,73047210,101992739,1,0,1,6144,6,9799330953
3546,28951970,31923595,60875565,7,0,0,4096,9,10418153568
3547,28960730,31913556,60874286,5,0,0,41984,7,2201368527
3548,28963060,32298527,61261587,6,0,0,104448,12,5082402557
3549,28968650,31811068,60779718,5,0,0,1024,7,8644202491
3550,28970530,31816315,60786845,0,0,0,3072,14,9618885190
3551,28988171,32359877,61348048,2,0,0,64512,12,8572129077
3552,28998900,32382540,61381440,9,0,0,55296,3,8682621508
3553,29000000,31831962,60831962,5,0,0,18432,7,9670042134
3554,29017250,32300948,61318198,0,0,0,2560,14,1067541723
3555,29041741,32187999,61229740,2,0,0,512,12,2231619022
3556,29042150,34505341,63547491,4,0,0,23040,12,646697141
3557,29044481,34614008,63658489,2,0,0,95744,12,9639225322
3558,29049559,73026108,102075667,1,0,1,39424,6,7869592411
3559,29053280,31912045,60965325,7,0,0,3584,9,3200908016
3560,29086090,32343211,61429301,6,0,0,67072,12,4431752002
3561,29092650,32216758,61309408,4,0,0,64512,12,598667753
3562,29096989,72979850,102076839,7,0,1,12288,9,1700423720
3563,29097160,73018613,102115773,3,0,1,38400,9,926644042
3564,29099500,34674958,63774458,7,0,0,83456,9,7960005410
3565,29107650,32610383,61718033,0,0,0,44544,14,7141471341
3566,29112620,32293432,61406052,9,0,0,30208,3,9594067830
3567,29125220,32192167,61317387,9,0,0,26112,3,3377481462
3568,29133839,73465119,102598958,4,0,1,188928,12,7612865536
3569,29149660,32325194,61474854,0,0,0,53248,14,1379679926
3570,29152750,32437454,61590204,4,0,0,12288,12,7930677650
3571,29155060,32391230,61546290,4,0,0,121344,12,5427783995
3572,29167050,32581152,61748202,7,0,0,91136,9,7117825421
3573,29167720,73438491,102606211,0,0,1,5632,14,8818637207
3574,29167970,32465050,61633020,3,0,0,36864,9,8630299498
3575,29168081,32160280,61328361,2,0,0,33280,12,4497496820
3576,29200800,32161719,61362519,6,0,0,10752,12,8611639012
3577,29205310,32377565,61582875,0,0,0,13312,14,2084827462
3578,29207680,34751847,63959527,3,0,0,30208,9,4362565238
3579,29208420,74281594,103490014,0,0,1,721408,14,3644771292
3580,29208670,32348719,61557389,3,0,0,36352,9,4975905023
3581,29210480,32714412,61924892,0,0,0,13312,14,8924542357
3582,29240200,74249837,103490037,3,0,1,3072,9,9510741322
3583,29249800,32625845,61875645,7,0,0,30720,9,1356461718
3584,29252700,32306428,61559128,3,0,0,5632,9,9163182538
3585,29263511,32648023,61911534,2,0,0,15872,12,5642838233
3586,29268201,32683091,61951292,2,0,0,9216,12,7877574020
3587,29276140,32477978,61754118,9,0,0,9728,3,3041150121
3588,29284400,32543850,61828250,4,0,0,14848,12,475689371
3589,29298270,32287592,61585862,9,0,0,9728,3,9451383313
3590,29303710,32816115,62119825,5,0,0,49664,7,3183848368
3591,29305960,32665931,61971891,1,0,0,43008,6,87327347
3592,29309510,32183619,61493129,1,0,0,59904,6,6915134697
3593,29310269,74179791,103490060,1,0,1,8192,6,4344015071
3594,29331330,32673438,62004768,7,0,0,73728,9,3050496967
3595,29333570,32771100,62104670,0,0,0,118272,14,7366846403
3596,29334999,74810845,104145844,6,0,1,1041920,12,8976628488
3597,29336160,74968312,104304472,0,0,1,179200,14,4827952504
3598,29343530,32326209,61669739,4,0,0,8192,12,9084149596
3599,29363260,74981720,104344980,0,0,1,77824,14,9749105546
3600,29366459,74980006,104346465,8,0,1,15360,12,4944642623
3601,29381410,32636402,62017812,6,0,0,13312,12,2754706168
3602,29381781,32773953,62155734,2,0,0,36352,12,1394301441
3603,29383309,75216825,104600134,4,0,1,368128,12,38166901
3604,29415490,32441956,61857446,7,0,0,29184,9,53523946
3605,29421560,32623788,62045348,6,0,0,24064,12,5161024857
3606,29433300,32480441,61913741,3,0,0,7168,9,5379469221
3607,29444000,75212777,104656777,0,0,1,25088,14,9652255981
3608,29448310,32817922,62266232,7,0,0,138240,9,938183911
3609,29457680,33065327,62523007,4,0,0,89088,12,207530554
3610,29457689,75290783,104748472,4,0,1,36352,12,3692343168
3611,29458830,75290308,104749138,3,0,1,1024,9,2900822037
3612,29466640,34731448,64198088,1,0,0,8192,6,7459434406
3613,29472981,32920955,62393936,2,0,0,3584,12,7619467792
3614,29475760,32883897,62359657,5,0,0,29696,7,7941362149
3615,29479820,75270394,104750214,3,0,1,13312,9,3045064566
3616,29481070,32836949,62318019,9,0,0,42496,3,9319591582
3617,29483660,32702556,62186216,7,0,0,41984,9,9187865477
3618,29489669,75265934,104755603,9,0,1,17408,3,7995660424
3619,29491860,75268569,104760429,2,0,1,7680,12,9605308157
3620,29500260,32995580,62495840,1,0,0,132608,6,9278579909
3621,29508090,33036936,62545026,7,0,0,72192,9,8024360637
3622,29522690,33239502,62762192,5,0,0,5120,7,10360700594
3623,29526500,33148781,62675281,9,0,0,68096,3,8865504127
3624,29532000,32667128,62199128,6,0,0,1536,12,597146449
3625,29533259,75230396,104763655,6,0,1,5120,12,1646956481
3626,29537020,33194110,62731130,0,0,0,39424,14,2199693968
3627,29539510,32763460,62302970,6,0,0,47104,12,5017153269
3628,29548490,32815714,62364204,5,0,0,14848,7,603748247
3629,29550650,33151614,62702264,5,0,0,87040,7,5954856078
3630,29552110,33208499,62760609,3,0,0,52736,9,9314250600
3631,29556040,32710839,62266879,7,0,0,2048,9,8099620669
3632,29566230,32990396,62556626,0,0,0,23552,14,8194157251
3633,29590499,75680441,105270940,4,0,1,687104,12,6122964080
3634,29600921,33841101,63442022,2,0,0,15360,12,1812346642
3635,29614330,75665275,105279605,2,0,1,34304,12,4810255691
3636,29625891,34865262,64491153,2,0,0,9728,12,230735029
3637,29627990,33142493,62770483,5,0,0,27136,7,7903528447
3638,29641080,75642071,105283151,0,0,1,5632,14,9502012813
3639,29649320,33421376,63070696,4,0,0,161280,12,9532361298
3640,29659590,33240172,62899762,9,0,0,9728,3,5609361345
3641,29683579,75992396,105675975,4,0,1,565248,12,2660346388
3642,29692190,75988637,105680827,2,0,1,7680,12,4505221938
3643,29705409,75976903,105682312,9,0,1,15360,3,8389568425
3644,29707989,76008697,105716686,8,0,1,36352,12,7568275396
3645,29722171,32823970,62546141,2,0,0,3584,12,7439466238
3646,29724690,75995222,105719912,0,0,1,5120,14,8537348175
3647,29725340,76003930,105729270,0,0,1,24064,14,5308834491
3648,29730560,75999171,105729731,0,0,1,10240,14,155123098
3649,29736200,33449876,63186076,5,0,0,96256,7,5628497093
3650,29758930,32881673,62640603,4,0,0,35840,12,2556260918
3651,29770210,33313636,63083846,9,0,0,25600,3,7453043073
3652,29776670,33845402,63622072,9,0,0,50176,3,1021851372
3653,29777390,75957186,105734576,3,0,1,14336,9,3040634368
3654,29792320,33315916,63108236,4,0,0,15872,12,5064253042
3655,29792470,32980384,62772854,0,0,0,7680,14,7355276678
3656,29796209,75940614,105736823,1,0,1,9216,6,4042771673
3657,29813630,33623689,63437319,5,0,0,71168,7,5288617042
3658,29818249,75981549,105799798,4,0,1,93696,12,6933287974
3659,29820690,76003498,105824188,2,0,1,92160,12,218820319
3660,29827530,32916727,62744257,5,0,0,43008,7,1704689739
3661,29833730,76251324,106085054,2,0,1,288256,12,3864793385
3662,29833741,32820769,62654510,2,0,0,45568,12,6196722391
3663,29843890,76241187,106085077,0,0,1,14336,14,10143141334
3664,29869810,33759461,63629271,1,0,0,23552,6,6028887413
3665,29872990,33730761,63603751,5,0,0,67072,7,10170363731
3666,29876350,33053440,62929790,6,0,0,3584,12,4401523586
3667,29885720,33112908,62998628,9,0,0,1536,3,4607431059
3668,29895660,33374596,63270256,6,0,0,14848,12,4738837385
3669,29902730,33200639,63103369,4,0,0,64000,12,4545184587
3670,29903860,33086016,62989876,4,0,0,57344,12,8190154166
3671,29906700,33365139,63271839,3,0,0,5120,9,4196548827
3672,29913779,76175490,106089269,6,0,1,22016,12,1362099429
3673,29926310,34651230,64577540,8,0,0,89600,12,6943140600
3674,29934300,33192598,63126898,8,0,0,57344,12,354118117
3675,29935160,33252811,63187971,5,0,0,6144,7,10182979247
3676,29942120,34096126,64038246,3,0,0,105472,9,794836585
3677,29944850,33965693,63910543,4,0,0,40448,12,5611857148
3678,29953970,33731096,63685066,1,0,0,2560,6,7005793743
3679,29970910,33858818,63829728,0,0,0,181248,14,8270316315
3680,29975540,33180534,63156074,1,0,0,28160,6,8235821960
3681,29977520,76153883,106131403,0,0,1,30208,14,6763874635
3682,29979340,34176205,64155545,5,0,0,23040,7,4266972772
3683,29981111,33602181,63583292,2,0,0,43520,12,3776987454
3684,29992330,33839940,63832270,4,0,0,8192,12,4470742151
3685,29997700,34744321,64742021,9,0,0,101888,3,8484946101
3686,30015180,33250529,63265709,4,0,0,122368,12,9900149013
3687,30033810,33335920,63369730,4,0,0,40448,12,9825137155
3688,30036460,34764532,64800992,7,0,0,38400,9,8313317500
3689,30036929,76111863,106148792,9,0,1,16384,3,4748786323
3690,30043170,33085467,63128637,9,0,0,5632,3,8311032891
3691,30066370,33401946,63468316,5,0,0,60416,7,5770096330
3692,30070470,33157315,63227785,8,0,0,3584,12,388646260
3693,30074351,33495635,63569986,2,0,0,50176,12,2307842547
3694,30076100,76142494,106218594,2,0,1,62464,12,294263424
3695,30081280,34012569,64093849,4,0,0,64000,12,8418991893
3696,30085239,76138456,106223695,1,0,1,1024,6,9269448903
3697,30103630,34795145,64898775,3,0,0,87040,9,5951141392
3698,30114290,33560492,63674782,4,0,0,45568,12,8748961581
3699,30117270,33271258,63388528,7,0,0,17408,9,889850099
3700,30118360,34118439,64236799,1,0,0,126976,6,8242775804
3701,30121759,76156360,106278119,9,0,1,16896,3,8885299374
3702,30128660,33400142,63528802,7,0,0,17920,9,7907392505
3703,30140640,33703821,63844461,9,0,0,39936,3,468574182
3704,30141180,33606244,63747424,0,0,0,81920,14,2240690687
3705,30163020,34912607,65075627,6,0,0,109568,12,5231169024
3706,30166370,33794451,63960821,1,0,0,4096,6,5979576632
3707,30168330,33365978,63534308,6,0,0,17920,12,3150635661
3708,30168400,33369060,63537460,6,0,0,5120,12,7666172904
3709,30172020,33297099,63469119,3,0,0,2560,9,9574193758
3710,30190690,33863763,64054453,0,0,0,24576,14,6355894062
3711,30192030,76540157,106732187,2,0,1,548352,12,1962995437
3712,30202861,33403900,63606761,2,0,0,9728,12,5094707365
3713,30207360,33798727,64006087,4,0,0,59392,12,5000885048
3714,30214890,33753625,63968515,4,0,0,14336,12,1879373239
3715,30232849,76507860,106740709,4,0,1,32256,12,4618535027
3716,30256010,33635799,63891809,4,0,0,6656,12,6315526866
3717,30258960,33490047,63749007,5,0,0,5120,7,3126412840
3718,30277501,33898536,64176037,2,0,0,28160,12,2317890864
3719,30290340,34850981,65141321,3,0,0,26624,9,9641699440
3720,30300320,33360555,63660875,7,0,0,7680,9,4006737389
3721,30307730,77265646,107573376,2,0,1,1226240,12,4980395901
3722,30313480,33576198,63889678,9,0,0,78848,3,6457191501
3723,30316360,77356921,107673281,2,0,1,198144,12,9077087464
3724,30319339,77360100,107679439,6,0,1,29184,12,10690579318
3725,30321480,33993282,64314762,1,0,0,32768,6,7172664447
3726,30321620,33937016,64258636,8,0,0,32256,12,1695342627
3727,30325069,77357407,107682476,9,0,1,12800,3,3486945211
3728,30337430,33931993,64269423,0,0,0,35328,14,2530267341
3729,30358070,34036658,64394728,4,0,0,17920,12,2291910657
3730,30359790,34309426,64669216,7,0,0,33280,9,2413168910
3731,30363410,77637575,108000985,5,0,1,250880,7,7568609496
3732,30369600,33960602,64330202,7,0,0,37376,9,993298295
3733,30371651,33751573,64123224,2,0,0,16896,12,1589572631
3734,30375181,34427550,64802731,2,0,0,5632,12,10056744608
3735,30380201,33737852,64118053,2,0,0,31744,12,4037915806
3736,30386070,33762432,64148502,9,0,0,4096,3,6964574823
3737,30392660,77608348,108001008,3,0,1,8704,9,8214172687
3738,30394089,77606942,108001031,1,0,1,5120,6,8044337652
3739,30402021,34015917,64417938,2,0,0,41472,12,2832745070
3740,30413699,77587355,108001054,9,0,1,3072,3,1194605645
3741,30431220,34982492,65413712,8,0,0,8704,12,10147501487
3742,30433151,34055015,64488166,2,0,0,86528,12,4728905931
3743,30444820,33702411,64147231,4,0,0,41472,12,723943678
3744,30446300,33597377,64043677,0,0,0,10240,14,8386449732
3745,30458251,33597473,64055724,2,0,0,4096,12,10069086373
3746,30458710,35349511,65808221,8,0,0,23040,12,4813977268
3747,30484530,33673846,64158376,1,0,0,9216,6,3519659091
3748,30507120,35521584,66028704,9,0,0,36864,3,4465401502
3749,30514059,77487018,108001077,6,0,1,3072,12,4207287588
3750,30514540,35122723,65637263,5,0,0,62976,7,6087293851
3751,30530800,33664292,64195092,5,0,0,62464,7,1610542956
3752,30533250,77916781,108450031,5,0,1,734720,7,2226318279
3753,30539360,33958524,64497884,3,0,0,22016,9,8506004495
3754,30541550,34114516,64656066,9,0,0,153088,3,4436067363
3755,30548230,34061146,64609376,8,0,0,32768,12,9060172156
3756,30558039,77892015,108450054,8,0,1,10240,12,996975999
3757,30560670,33729766,64290436,9,0,0,4096,3,3230257415
3758,30577250,77872827,108450077,3,0,1,8192,9,5641010552
3759,30586860,34750461,65337321,4,0,0,27648,12,3477250459
3760,30605980,35773419,66379399,4,0,0,36864,12,6066635693
3761,30608860,34201981,64810841,9,0,0,11776,3,765694906
3762,30647230,34178160,64825390,7,0,0,21504,9,9313278989
3763,30656140,77841201,108497341,3,0,1,64000,9,848576416
3764,30656700,35711444,66368144,5,0,0,39424,7,8696051783
3765,30663480,33770726,64434206,4,0,0,12800,12,7667370590
3766,30670380,34249813,64920193,7,0,0,70144,9,978399724
3767,30695140,33975971,64671111,9,0,0,6144,3,1940158303
3768,30696949,77821151,108518100,9,0,1,2048,3,6078069676
3769,30701320,34248130,64949450,3,0,0,23040,9,3133918411
3770,30701819,77824914,108526733,1,0,1,21504,6,5692133385
3771,30729080,34498076,65227156,3,0,0,34816,9,6245556897
3772,30731670,36106947,66838617,4,0,0,161280,12,4038237852
3773,30740350,35370728,66111078,9,0,0,38912,3,3780107620
3774,30757540,34031729,64789269,3,0,0,64512,9,3114178039
3775,30768230,33984422,64752652,0,0,0,34816,14,9074257515
3776,30768980,34315273,65084253,4,0,0,23040,12,157682106
3777,30785150,35510231,66295381,9,0,0,34816,3,6023828358
3778,30786140,33896895,64683035,4,0,0,10240,12,8641722014
3779,30788640,77751740,108540380,2,0,1,10240,12,5983790764
3780,30792380,34243352,65035732,9,0,0,12800,3,9606096699
3781,30794330,34148069,64942399,3,0,0,70656,9,2269469247
3782,30807190,33594310,64401500,5,0,0,9728,7,6491001283
3783,30835720,34404282,65240002,0,0,0,34304,14,8848248141
3784,30836270,33822783,64659053,9,0,0,9728,3,4310745901
3785,30881520,34039328,64920848,1,0,0,2048,6,5389807148
3786,30892230,36165711,67057941,0,0,0,5632,14,8181140663
3787,30893150,34184060,65077210,3,0,0,5120,9,3587610814
3788,30897160,34193356,65090516,9,0,0,20480,3,4218358310
3789,30897861,34318664,65216525,2,0,0,112128,12,5937849229
3790,30898171,35773974,66672145,2,0,0,76800,12,7187989226
3791,30901300,34328219,65229519,1,0,0,7680,6,826511674
3792,30942470,33899635,64842105,5,0,0,54784,7,10002956267
3793,30945220,33927012,64872232,9,0,0,12800,3,9654534390
3794,30947970,34380904,65328874,5,0,0,86528,7,8451112439
3795,30962990,34812402,65775392,0,0,0,3072,14,4596415322
3796,30964469,77576577,108541046,8,0,1,1024,12,6899847424
3797,30985530,34610944,65596474,0,0,0,110592,14,8403173868
3798,31006210,36272309,67278519,0,0,0,104448,14,685941937
3799,31011360,34399677,65411037,9,0,0,33792,3,5715162205
3800,31013181,34149793,65162974,2,0,0,51200,12,871404238
3801,31014080,77528272,108542352,0,0,1,2048,14,2105350214
3802,31014570,34097000,65111570,9,0,0,512,3,2242769651
3803,31017290,34083007,65100297,1,0,0,14336,6,7914153312
3804,31032100,34725564,65757664,0,0,0,149504,14,9742053934
3805,31035720,34641023,65676743,1,0,0,31232,6,2353134224
3806,31048420,36443405,67491825,8,0,0,153088,12,7737733885
3807,31048910,34880336,65929246,0,0,0,177152,14,4317394819
3808,31059000,34380646,65439646,1,0,0,26624,6,6436952814
3809,31062030,34884399,65946429,8,0,0,56320,12,267426746
3810,31075200,35137526,66212726,0,0,0,310272,14,5597385731
3811,31085460,34578113,65663573,0,0,0,20992,14,1451249370
3812,31093870,34674269,65768139,0,0,0,34304,14,3097278158
3813,31095710,34935692,66031402,4,0,0,8704,12,9654481942
3814,31098581,34737330,65835911,2,0,0,46080,12,409270978
3815,31124380,34419064,65543444,0,0,0,36864,14,81606689
3816,31128090,34430821,65558911,0,0,0,50688,14,7305765993
3817,31133550,36649009,67782559,4,0,0,180224,12,5354451489
3818,31148400,34456936,65605336,8,0,0,27648,12,6179812916
3819,31152659,77406338,108558997,9,0,1,11776,3,5007303780
3820,31175261,34522721,65697982,2,0,0,69632,12,5533645121
3821,31181471,36464380,67645851,2,0,0,72704,12,2177212733
3822,31202771,34633631,65836402,2,0,0,1536,12,9808263687
3823,31207170,35048275,66255445,5,0,0,51712,7,5457946664
3824,31229730,35009936,66239666,7,0,0,64512,9,5568662940
3825,31233880,36675038,67908918,9,0,0,60928,3,5747665580
3826,31235749,77341729,108577478,6,0,1,23040,12,5991501506
3827,31247720,34969280,66217000,8,0,0,13824,12,10565382004
3828,31279329,77315392,108594721,6,0,1,31232,12,4641445689
3829,31279340,34801284,66080624,1,0,0,4096,6,2556192703
3830,31286450,35052673,66339123,3,0,0,75264,9,3180772485
3831,31291929,77306018,108597947,6,0,1,5120,12,4133261218
3832,31300520,35388184,66688704,3,0,0,54272,9,7445107816
3833,31304210,34470215,65774425,7,0,0,20480,9,4312918316
3834,31306010,34995790,66301800,5,0,0,20992,7,5012699140
3835,31308150,34911837,66219987,9,0,0,9728,3,4631627696
3836,31323780,34692909,66016689,7,0,0,14848,9,9586843684
3837,31342530,36721324,68063854,6,0,0,17920,12,7586549684
3838,31355650,34985368,66341018,8,0,0,6144,12,2180165398
3839,31363460,36808064,68171524,8,0,0,1024,12,2350245278
3840,31364110,36958489,68322599,0,0,0,90624,14,6709282624
3841,31368379,77230132,108598511,8,0,1,10752,12,284080249
3842,31370120,77230337,108600457,3,0,1,3072,9,6914729826
3843,31370540,35076397,66446937,6,0,0,32768,12,2782649821
3844,31375410,35273289,66648699,0,0,0,58880,14,8648442067
3845,31378640,37163434,68542074,9,0,0,59904,3,3197444427
3846,31387059,77242582,108629641,6,0,1,71168,12,8584367642
3847,31402729,77232058,108634787,8,0,1,8192,12,9824061689
3848,31413250,35023680,66436930,8,0,0,28160,12,5056829516
3849,31416790,34860690,66277480,3,0,0,9216,9,10676478269
3850,31423881,34850673,66274554,2,0,0,34304,12,9812903601
3851,31423940,34837456,66261396,3,0,0,19456,9,7261985816
3852,31426440,35024264,66450704,1,0,0,12288,6,5978724392
3853,31430780,34559947,65990727,5,0,0,21504,7,6612640322
3854,31433040,35116103,66549143,1,0,0,29184,6,5317126700
3855,31433520,35441156,66874676,5,0,0,118272,7,2844347961
3856,31437920,35020334,66458254,9,0,0,10240,3,7837203204
3857,31440110,37161037,68601147,0,0,0,58368,14,7818957711
3858,31450029,77187664,108637693,6,0,1,4608,12,6556963076
3859,31455530,35518621,66974151,9,0,0,35328,3,9357303206
3860,31463670,34891636,66355306,3,0,0,14848,9,2458832362
3861,31464530,35677171,67141701,8,0,0,120320,12,4922891162
3862,31472391,34645753,66118144,2,0,0,23040,12,8628666246
3863,31499180,34886950,66386130,8,0,0,22016,12,834050534
3864,31507450,34756629,66264079,5,0,0,8704,7,4955961750
3865,31521921,34875674,66397595,2,0,0,23040,12,10501978690
3866,31545480,35047312,66592792,5,0,0,110080,7,1917459026
3867,31551830,34798929,66350759,7,0,0,31744,9,4793445743
3868,31579360,35726840,67306200,7,0,0,54272,9,8924467526
3869,31582429,77057210,108639639,9,0,1,3072,3,2853197353
3870,31585010,77069107,108654117,0,0,1,37888,14,5998543901
3871,31593070,35321207,66914277,0,0,0,4608,14,5935506140
3872,31593959,77095061,108689020,6,0,1,35328,12,2262492028
3873,31601520,35154196,66755716,9,0,0,60416,3,5175297430
3874,31611999,77080887,108692886,7,0,1,6144,9,759947089
3875,31612269,77088699,108700968,8,0,1,39424,12,9150203812
3876,31618190,35100128,66718318,3,0,0,65024,9,2411605528
3877,31621940,34734169,66356109,8,0,0,2560,12,1959717666
3878,31630970,34979204,66610174,9,0,0,9728,3,9802624859
3879,31648890,34803241,66452131,0,0,0,4608,14,10563360724
3880,31650730,35410042,67060772,1,0,0,9216,6,706644174
3881,31655669,77056659,108712328,1,0,1,512,6,3984495321
3882,31682871,37119750,68802621,2,0,0,73216,12,126020698
3883,31687600,35842514,67530114,4,0,0,41472,12,3275983507
3884,31690151,35029796,66719947,2,0,0,5120,12,963545344
3885,31692209,77020273,108712482,4,0,1,8704,12,4436212519
3886,31692509,77040337,108732846,1,0,1,23040,6,6149650834
3887,31698931,37258731,68957662,2,0,0,88064,12,3008130492
3888,31708099,77027924,108736023,8,0,1,12800,12,10159408423
3889,31722370,36290779,68013149,4,0,0,342016,12,835593412
3890,31723980,37308770,69032750,4,0,0,9728,12,10481947063
3891,31729400,37640593,69369993,9,0,0,136192,3,4139305556
3892,31730360,35419632,67149992,0,0,0,27136,14,1678960430
3893,31732571,35024884,66757455,2,0,0,5632,12,1046083332
3894,31741150,34865838,66606988,9,0,0,13312,3,1618701807
3895,31742860,77009933,108752793,2,0,1,10240,12,2221048435
3896,31752230,35144465,66896695,9,0,0,72192,3,10706963460
3897,31752260,34936779,66689039,8,0,0,1024,12,8867690179
3898,31769200,77001274,108770474,0,0,1,40448,14,8886221497
3899,31778040,76993282,108771322,2,0,1,1536,12,7508043559
3900,31794060,34896406,66690466,0,0,0,4608,14,6078629644
3901,31796090,35931534,67727624,3,0,0,4096,9,7304603528
3902,31825030,76950824,108775854,2,0,1,7168,12,4823957843
3903,31831150,76954416,108785566,2,0,1,34304,12,884879063
3904,31848530,36246624,68095154,4,0,0,35328,12,5242495892
3905,31850490,35467791,67318281,4,0,0,23552,12,2391001168
3906,31864490,35446413,67310903,3,0,0,15360,9,9156523544
3907,31865889,76993233,108859122,9,0,1,18944,3,8394132216
3908,31867940,35033302,66901242,8,0,0,14848,12,9027112615
3909,31874910,35292981,67167891,4,0,0,34304,12,10478825635
3910,31900940,35116969,67017909,4,0,0,27136,12,10087327882
3911,31909759,76950336,108860095,4,0,1,12800,12,6951143224
3912,31927481,37601266,69528747,2,0,0,82944,12,3217018214
3913,31933880,35480598,67414478,3,0,0,10752,9,1161747974
3914,31935431,35393949,67329380,2,0,0,36352,12,4735099291
3915,31945759,76940110,108885869,1,0,1,13824,6,9562852768
3916,31954100,76945970,108900070,2,0,1,6656,12,116911642
3917,31978570,36066807,68045377,0,0,0,30720,14,3770234201
3918,32020430,35035772,67056202,0,0,0,61440,14,4024520884
3919,32036180,35510672,67546852,4,0,0,9216,12,3669406679
3920,32051870,35229948,67281818,7,0,0,10752,9,9111654709
3921,32055690,36132837,68188527,1,0,0,44544,6,3551507131
3922,32057530,35459925,67517455,9,0,0,83968,3,4078287148
3923,32069740,35219901,67289641,8,0,0,25600,12,3663854493
3924,32077110,35596064,67673174,5,0,0,89600,7,8183552789
3925,32094480,36264309,68358789,8,0,0,52736,12,9609784731
3926,32099040,76801491,108900531,3,0,1,10240,9,7782919676
3927,32100330,35305641,67405971,1,0,0,52224,6,4159102051
3928,32101840,35253260,67355100,1,0,0,9728,6,3492720198
3929,32106950,35754671,67861621,5,0,0,153600,7,6336629053
3930,32108370,76794080,108902450,0,0,1,2560,14,5471861453
3931,32119370,35502001,67621371,7,0,0,15872,9,1434136281
3932,32122690,35188392,67311082,5,0,0,512,7,10249728642
3933,32126750,35941963,68068713,9,0,0,15872,3,10017885096
3934,32129260,35208879,67338139,1,0,0,28672,6,1921668067
3935,32135150,36155753,68290903,4,0,0,128512,12,4142599246
3936,32145890,76757021,108902911,0,0,1,10240,14,5307473658
3937,32146570,35427377,67573947,3,0,0,3072,9,7416065710
3938,32148441,35577912,67726353,2,0,0,20992,12,714884846
3939,32151430,35392591,67544021,0,0,0,45568,14,3122924344
3940,32187230,35025500,67212730,3,0,0,1024,9,7984172343
3941,32197840,35973349,68171189,4,0,0,61952,12,8747557126
3942,32205160,36089666,68294826,7,0,0,12800,9,1696057563
3943,32210650,35816718,68027368,1,0,0,46592,6,9951196649
3944,32215131,35650413,67865544,2,0,0,12800,12,10205522062
3945,32216650,35857234,68073884,3,0,0,16896,9,6254591559
3946,32219329,76706387,108925716,1,0,1,14848,6,2267617602
3947,32222170,35565762,67787932,9,0,0,15360,3,2373693977
3948,32242010,35842349,68084359,0,0,0,34304,14,3026276123
3949,32258320,37583997,69842317,8,0,0,533504,12,3181258046
3950,32283910,36239889,68523799,4,0,0,154624,12,5446259919
3951,32284379,76651451,108935830,6,0,1,2560,12,2758951837
3952,32285290,36266502,68551792,3,0,0,1536,9,10714641356
3953,32288490,76813699,109102189,5,0,1,84992,7,4619750495
3954,32288860,35494346,67783206,0,0,0,2048,14,1399740487
3955,32298251,35737720,68035971,2,0,0,28160,12,4191124747
3956,32305579,76797174,109102753,9,0,1,10752,3,7751954723
3957,32310650,36858529,69169179,4,0,0,32768,12,9131065714
3958,32311750,36654687,68966437,0,0,0,28672,14,8528248190
3959,32332510,35865244,68197754,3,0,0,30208,9,6110630200
3960,32337760,35552571,67890331,5,0,0,4096,7,9522362676
3961,32354280,35896533,68250813,1,0,0,20992,6,3631659172
3962,32377980,76754761,109132741,2,0,1,17920,12,705099836
3963,32385220,36294002,68679222,9,0,0,52736,3,9021342379
3964,32392559,76772410,109164969,1,0,1,3072,6,8360154345
3965,32392850,37163921,69556771,1,0,0,34816,6,6497587321
3966,32397339,76772230,109169569,1,0,1,24064,6,8959529669
3967,32408800,36007315,68416115,8,0,0,25600,12,9750062366
3968,32409400,76888843,109298243,2,0,1,10240,12,4274480410
3969,32411581,35990154,68401735,2,0,0,44544,12,6823023172
3970,32438471,36552504,68990975,2,0,0,26112,12,10606496360
3971,32442710,35615638,68058348,5,0,0,42496,7,6642279143
3972,32470250,36192881,68663131,9,0,0,23040,3,9723883356
3973,32470370,37466762,69937132,6,0,0,142848,12,9835271556
3974,32489880,76809029,109298909,2,0,1,11264,12,1919746659
3975,32496670,36058273,68554943,8,0,0,10240,12,4570383497
3976,32498090,76903883,109401973,2,0,1,14336,12,217801225
3977,32499020,35872107,68371127,0,0,0,29184,14,629609224
3978,32522571,36460425,68982996,2,0,0,54272,12,2314639431
3979,32564650,76837346,109401996,0,0,1,10240,14,6246644950
3980,32574960,36177909,68752869,7,0,0,76288,9,7334368939
3981,32581261,36198168,68779429,2,0,0,20480,12,6584760952
3982,32592680,36301109,68893789,1,0,0,59904,6,8888747703
3983,32627881,35579940,68207821,2,0,0,4096,12,6566230116
3984,32632280,36298527,68930807,7,0,0,81408,9,2741787789
3985,32638880,36415779,69054659,7,0,0,50688,9,4288166
3986,32646380,35989442,68635822,7,0,0,15360,9,9699124341
3987,32652960,36422025,69074985,8,0,0,66560,12,9610207964
3988,32663360,36355304,69018664,3,0,0,29696,9,2829781022
3989,32665280,35886021,68551301,0,0,0,30208,14,338980879
3990,32700000,37240991,69940991,4,0,0,12288,12,8010201229
3991,32709009,76693010,109402019,6,0,1,1024,12,3221208682
3992,32716219,76775822,109492041,9,0,1,47104,3,9429859191
3993,32716250,36478262,69194512,9,0,0,12800,3,9687425770
3994,32736330,37304123,70040453,3,0,0,46592,9,422235540
3995,32736491,37289743,70026234,2,0,0,84992,12,6779911981
3996,32743029,76820829,109563858,1,0,1,19968,6,3474352712
3997,32743960,37408693,70152653,6,0,0,156160,12,2635937390
3998,32744009,76822755,109566764,8,0,1,4608,12,3832048404
3999,32759110,36049930,68809040,3,0,0,20992,9,4393983456
4000,32766620,35847654,68614274,7,0,0,43008,9,3359577567
4001,32767920,36236182,69004102,4,0,0,43008,12,8091973170
4002,32779009,76788114,109567123,6,0,1,9728,12,9559184134
4003,32783950,36122030,68905980,0,0,0,39936,14,6301685570
4004,32783960,36363062,69147022,4,0,0,14336,12,3378673682
4005,32791510,37663044,70454554,9,0,0,12288,3,10162848184
4006,32794960,36708492,69503452,9,0,0,41472,3,674578125
4007,32801221,37391818,70193039,2,0,0,29184,12,8436990136
4008,32825200,35932372,68757572,9,0,0,15360,3,2831718126
4009,32859081,37400468,70259549,2,0,0,65536,12,10256756357
4010,32873421,36806275,69679696,2,0,0,128000,12,6191449444
4011,32885910,37823003,70708913,0,0,0,338944,14,10245550956
4012,32888070,36151099,69039169,5,0,0,20992,7,2248696147
4013,32893210,36136553,69029763,1,0,0,36352,6,3730700478
4014,32905541,35718651,68624192,2,0,0,5120,12,405740850
4015,32913509,76726570,109640079,6,0,1,7680,12,6722974463
4016,32915300,35736096,68651396,4,0,0,8704,12,8036292131
4017,32916400,37405633,70322033,8,0,0,34304,12,8822858166
4018,32975969,76664133,109640102,1,0,1,6144,6,2045926
4019,33006900,37539923,70546823,3,0,0,206336,9,9008619806
4020,33011320,36173602,69184922,3,0,0,2048,9,10059109679
4021,33012800,76627325,109640125,3,0,1,3072,9,5456886707
4022,33024150,35985443,69009593,3,0,0,17920,9,2090516267
4023,33024270,36521816,69546086,7,0,0,56832,9,10385803758
4024,33024630,36613813,69638443,8,0,0,154112,12,7359636672
4025,33033770,76606378,109640148,3,0,1,24576,9,9508688143
4026,33045240,36138745,69183985,3,0,0,22016,9,2435492062
4027,33053330,37906335,70959665,0,0,0,111104,14,808745977
4028,33054170,36060810,69114980,3,0,0,30720,9,7529544735
4029,33059290,37717552,70776842,5,0,0,41984,7,5372090036
4030,33059970,77914916,110974886,5,0,1,734720,7,6530421021
4031,33070850,36787254,69858104,0,0,0,51712,14,4795741748
4032,33072581,38218485,71291066,2,0,0,10752,12,7780548518
4033,33075250,77944251,111019501,0,0,1,50688,14,2258181950
4034,33085540,37154010,70239550,7,0,0,152576,9,9893812710
4035,33086200,38355283,71441483,5,0,0,116224,7,4582853082
4036,33098070,36891069,69989139,8,0,0,95232,12,1897552508
4037,33108461,36451453,69559914,2,0,0,10240,12,7525356088
4038,33113109,77936204,111049313,9,0,1,30208,3,2649366120
4039,33132100,36433254,69565354,3,0,0,1536,9,3216239372
4040,33141070,37638447,70779517,9,0,0,8704,3,1674112428
4041,33150370,36728037,69878407,9,0,0,66560,3,5174694206
4042,33171150,77880429,111051579,2,0,1,3584,12,4001121856
4043,33181620,38355858,71537478,4,0,0,30720,12,10187497871
4044,33224160,36414930,69639090,5,0,0,2048,7,9302015169
4045,33227340,36732760,69960100,8,0,0,62464,12,7405902555
4046,33269460,36779292,70048752,3,0,0,27136,9,140059342
4047,33274971,36993493,70268464,2,0,0,29184,12,73976262
4048,33275330,37741443,71016773,5,0,0,137216,7,4188554040
4049,33277619,77779644,111057263,8,0,1,7168,12,2200326934
4050,33279520,36894707,70174227,9,0,0,3072,3,8192653708
4051,33291940,36892161,70184101,1,0,0,21504,6,4050891957
4052,33298369,77759458,111057827,8,0,1,10752,12,3822472499
4053,33301209,77757924,111059133,1,0,1,2048,6,823165863
4054,33309160,36583778,69892938,6,0,0,47616,12,9432383763
4055,33334920,37250701,70585621,1,0,0,45568,6,9462454906
4056,33339580,37044979,70384559,3,0,0,70656,9,4321653871
4057,33343240,37044150,70387390,9,0,0,9216,3,896728532
4058,33352830,36287843,69640673,5,0,0,5120,7,3119315434
4059,33384959,77899670,111284629,4,0,1,71168,12,1560606341
4060,33385799,77898853,111284652,6,0,1,2048,12,3114943996
4061,33387791,36505794,69893585,2,0,0,2048,12,7810700601
4062,33405639,77879036,111284675,8,0,1,12288,12,7123616441
4063,33427670,38373653,71801323,7,0,0,79872,9,4487629430
4064,33453480,37428527,70882007,5,0,0,60416,7,10089608978
4065,33467870,36527532,69995402,0,0,0,20480,14,3129163530
4066,33468129,77824236,111292365,6,0,1,27648,12,3324169725
4067,33470790,36702478,70173268,1,0,0,67584,6,1584321551
4068,33474140,36526129,70000269,7,0,0,15872,9,10347554272
4069,33497331,36576856,70074187,2,0,0,13824,12,3743927755
4070,33498370,36679156,70177526,7,0,0,10752,9,8460703813
4071,33507880,38494635,72002515,9,0,0,27136,3,8160279695
4072,33509259,77788768,111298027,1,0,1,7680,6,486679228
4073,33513360,38749393,72262753,5,0,0,486912,7,1020767688
4074,33514580,36894517,70409097,4,0,0,71168,12,444454160
4075,33518719,77779331,111298050,9,0,1,2560,3,659411890
4076,33528280,37022154,70550434,7,0,0,11776,9,8939775337
4077,33531540,37495552,71027092,0,0,0,33792,14,6158852147
4078,33541570,77756503,111298073,0,0,1,8192,14,9412566580
4079,33547460,37711557,71259017,8,0,0,87040,12,7863180527
4080,33548150,36907207,70455357,4,0,0,2560,12,8484759493
4081,33569010,37805201,71374211,8,0,0,45568,12,5135241331
4082,33610110,36840677,70450787,5,0,0,67584,7,562412398
4083,33611490,36955919,70567409,0,0,0,35840,14,2381618309
4084,33623070,37474829,71097899,8,0,0,4096,12,2753351320
4085,33627981,38014761,71642742,2,0,0,38400,12,8804462143
4086,33638680,37739477,71378157,0,0,0,11776,14,8216316622
4087,33653790,37312606,70966396,5,0,0,22016,7,990641445
4088,33660800,37625228,71286028,9,0,0,88576,3,2254264467
4089,33662209,77635887,111298096,4,0,1,24576,12,5197836612
4090,33663190,37067898,70731088,0,0,0,72704,14,8778310650
4091,33670670,37457768,71128438,5,0,0,36864,7,1720870885
4092,33686731,37077296,70764027,2,0,0,108032,12,42598120
4093,33688080,37227201,70915281,4,0,0,97792,12,7323749005
4094,33689490,37232399,70921889,3,0,0,17408,9,6387571472
4095,33693710,39096683,72790393,0,0,0,50176,14,9941090436
4096,33699910,38810494,72510404,1,0,0,356864,6,7238265115
4097,33699930,37185532,70885462,1,0,0,11264,6,346529517
4098,33706670,38932780,72639450,8,0,0,72192,12,7779866550
4099,33726070,37648476,71374546,4,0,0,1024,12,7627648648
4100,33731920,37476489,71208409,9,0,0,23552,3,10045478508
4101,33737640,38001271,71738911,4,0,0,36352,12,139187098
4102,33756509,77566772,111323281,8,0,1,21504,12,4060093966
4103,33759990,39076344,72836334,5,0,0,48128,7,1982070852
4104,33770381,38317254,72087635,2,0,0,68608,12,2501707872
4105,33786940,37711440,71498380,8,0,0,33792,12,2962526275
4106,33789229,77534075,111323304,8,0,1,512,12,8345811804
4107,33790980,37030751,70821731,9,0,0,22528,3,2849927954
4108,33791771,39065918,72857689,2,0,0,33280,12,8139788388
4109,33820520,37662815,71483335,3,0,0,45056,9,2775430470
4110,33831240,38216093,72047333,7,0,0,146944,9,912011867
4111,33868160,38435580,72303740,1,0,0,117248,6,10227157726
4112,33873400,37232322,71105722,8,0,0,25600,12,3610769419
4113,33883970,39195180,73079150,5,0,0,17408,7,5104830099
4114,33884060,38182648,72066708,4,0,0,63488,12,9522436861
4115,33892320,37200209,71092529,3,0,0,2560,9,6626204372
4116,33904500,39341768,73246268,0,0,0,10240,14,9535312050
4117,33943470,38603848,72547318,4,0,0,26624,12,10276580188
4118,33943789,77478706,111422495,8,0,1,34816,12,3869213045
4119,33944640,38829460,72774100,3,0,0,317952,9,5023554407
4120,33948830,38435902,72384732,1,0,0,37888,6,4541280412
4121,33965830,37251650,71217480,8,0,0,2048,12,9335949041
4122,33998020,37596282,71594302,1,0,0,6656,6,5906319999
4123,34004660,38098740,72103400,9,0,0,13312,3,1216729807
4124,34004900,37292482,71297382,5,0,0,1024,7,5545748731
4125,34010640,77411878,111422518,0,0,1,18432,14,7755468844
4126,34013030,77409511,111422541,3,0,1,13824,9,5957611955
4127,34026340,37565911,71592251,0,0,0,18944,14,731637335
4128,34037789,77384775,111422564,8,0,1,14336,12,9196729691
4129,34043910,38306699,72350609,8,0,0,99328,12,5886774492
4130,34053720,38563711,72617431,3,0,0,158720,9,8274527907
4131,34058769,77380533,111439302,9,0,1,4608,3,872905702
4132,34061910,38331136,72393046,7,0,0,27136,9,4260275513
4133,34070260,38942781,73013041,8,0,0,69632,12,9526796816
4134,34071730,37898536,71970266,9,0,0,33280,3,2436577575
4135,34082140,37803044,71885184,7,0,0,11264,9,3217415550
4136,34089270,37198497,71287767,0,0,0,5632,14,6232843000
4137,34090669,77348656,111439325,6,0,1,2560,12,3068682255
4138,34096330,77371222,111467552,2,0,1,26624,12,5776259070
4139,34122070,37586042,71708112,3,0,0,32768,9,1195374047
4140,34122780,37463676,71586456,9,0,0,18944,3,571475342
4141,34156140,37331898,71488038,8,0,0,15360,12,3136766656
4142,34162440,37288270,71450710,5,0,0,30208,7,3644683779
4143,34166980,37294259,71461239,7,0,0,11264,9,8537087458
4144,34169760,38507409,72677169,7,0,0,28160,9,483836764
4145,34169910,37375548,71545458,4,0,0,9216,12,2582437365
4146,34177220,39188286,73365506,0,0,0,143360,14,2802877641
4147,34180840,38132127,72312967,9,0,0,30208,3,10517034325
4148,34195940,37564301,71760241,1,0,0,48128,6,8981345539
4149,34196750,77292066,111488816,3,0,1,7168,9,6939038522
4150,34211970,37676957,71888927,8,0,0,2048,12,5879762475
4151,34218500,37639389,71857889,4,0,0,7168,12,6717310507
4152,34223141,37662378,71885519,2,0,0,1024,12,5229981728
4153,34226949,78169861,112396810,8,0,1,221184,12,1816631734
4154,34242620,38287486,72530106,6,0,0,43008,12,4525790474
4155,34242860,37473387,71716247,5,0,0,5632,7,9851740912
4156,34243500,38295598,72539098,9,0,0,7168,3,6479680051
4157,34250650,38150999,72401649,8,0,0,28160,12,4616984151
4158,34255220,37510816,71766036,8,0,0,18944,12,1339157498
4159,34270290,38905765,73176055,0,0,0,38912,14,4510386313
4160,34272650,38574868,72847518,4,0,0,10752,12,6679383
4161,34281170,39035183,73316353,3,0,0,44544,9,9090981516
4162,34287800,39184783,73472583,9,0,0,22016,3,5385524315
4163,34302330,37576315,71878645,1,0,0,19968,6,9016358317
4164,34318840,37949084,72267924,7,0,0,16896,9,8488901050
4165,34350270,37453907,71804177,8,0,0,9216,12,2658921701
4166,34357420,78039413,112396833,0,0,1,1024,14,7331878341
4167,34382170,37974702,72356872,9,0,0,20480,3,5279858250
4168,34386950,37933372,72320322,7,0,0,24064,9,7751929043
4169,34393110,39048843,73441953,8,0,0,66048,12,5632271036
4170,34398260,38138577,72536837,7,0,0,22016,9,6981831460
4171,34449180,38067799,72516979,4,0,0,21504,12,7275695229
4172,34453769,77943087,112396856,4,0,1,5120,12,8442659548
4173,34456480,38101469,72557949,9,0,0,34816,3,161217571
4174,34457830,39258362,73716192,4,0,0,130048,12,10080509228
4175,34466890,38102158,72569048,5,0,0,36352,7,5050349843
4176,34469690,39264424,73734114,0,0,0,6656,14,5935983285
4177,34477150,38191385,72668535,5,0,0,90624,7,3950603717
4178,34484920,37888245,72373165,8,0,0,6656,12,6291207211
4179,34488860,39077515,73566375,0,0,0,34816,14,4188367543
4180,34491640,37875551,72367191,4,0,0,33792,12,4050531103
4181,34494400,77948366,112442766,0,0,1,7680,14,3136530595
4182,34494560,38626660,73121220,5,0,0,24064,7,8928798427
4183,34506769,77936519,112443288,9,0,1,31744,3,185961848
4184,34518740,39073398,73592138,1,0,0,84480,6,4925931624
4185,34541780,38549608,73091388,9,0,0,21504,3,10351285359
4186,34544059,77950156,112494215,9,0,1,4096,3,945609085
4187,34552310,39333659,73885969,4,0,0,179712,12,5729572266
4188,34553370,39917766,74471136,4,0,0,68608,12,997821532
4189,34554449,78360879,112915328,8,0,1,300544,12,7701744302
4190,34567550,78449418,113016968,0,0,1,20992,14,944116403
4191,34575930,39425405,74001335,7,0,0,94720,9,8401091657
4192,34576220,37794894,72371114,8,0,0,12800,12,2988779487
4193,34591679,78465184,113056863,6,0,1,10240,12,10659943558
4194,34603220,39495370,74098590,7,0,0,24064,9,8947719337
4195,34605149,78451737,113056886,8,0,1,19456,12,5615007213
4196,34608640,38166442,72775082,4,0,0,3072,12,10234435358
4197,34623730,38017147,72640877,3,0,0,4608,9,4321210280
4198,34623970,38782837,73406807,1,0,0,5120,6,2433569235
4199,34635879,78524339,113160218,8,0,1,80896,12,5604545127
4200,34652930,39987079,74640009,0,0,0,34816,14,4958077554
4201,34659220,38213140,72872360,5,0,0,18432,7,6306707738
4202,34692780,39027959,73720739,1,0,0,14848,6,2640042451
4203,34694220,38127427,72821647,7,0,0,5120,9,7949566969
4204,34717430,38687794,73405224,8,0,0,107008,12,878488239
4205,34722500,38097564,72820064,8,0,0,97280,12,10182302222
4206,34725360,78515431,113240791,0,0,1,58368,14,8818036811
4207,34726410,38790679,73517089,9,0,0,118784,3,5242859807
4208,34746210,38788108,73534318,1,0,0,17408,6,6349773782
4209,34753399,78487415,113240814,9,0,1,26624,3,4159169393
4210,34757950,38663856,73421806,1,0,0,49152,6,5426986475
4211,34762730,38531610,73294340,5,0,0,66560,7,7470120696
4212,34791491,38932079,73723570,2,0,0,9216,12,6902060427
4213,34792640,38260757,73053397,5,0,0,29696,7,7833777132
4214,34792960,78447877,113240837,0,0,1,4096,14,2510381324
4215,34802440,38057924,72860364,5,0,0,8704,7,8954611080
4216,34803261,39103479,73906740,2,0,0,68096,12,9449683470
4217,34812240,39530482,74342722,3,0,0,49664,9,10102270801
4218,34814430,38027855,72842285,3,0,0,19456,9,7877377258
4219,34821160,38023051,72844211,9,0,0,3584,3,6105709933
4220,34828739,78412831,113241570,4,0,1,12800,12,6882368023
4221,34852370,37990718,72843088,5,0,0,2560,7,10099869760
4222,34859690,38793201,73652891,5,0,0,95744,7,9225233373
4223,34879979,78395083,113275062,1,0,1,16896,6,3844215193
4224,34900710,39190525,74091235,1,0,0,180736,6,1390139723
4225,34904420,78454276,113358696,3,0,1,30720,9,7688352675
4226,34906190,78452529,113358719,2,0,1,12800,12,8602934208
4227,34906860,38461009,73367869,4,0,0,7680,12,8369842182
4228,34931740,78427002,113358742,0,0,1,20992,14,9385609671
4229,34937590,38686106,73623696,5,0,0,50688,7,9528864601
4230,34939750,38119340,73059090,0,0,0,3584,14,8007055939
4231,34950010,37948986,72898996,9,0,0,4096,3,871065856
4232,34955840,38111600,73067440,0,0,0,10240,14,390472696
4233,34960860,38822980,73783840,9,0,0,19968,3,5346073125
4234,34963060,39858312,74821372,3,0,0,73216,9,7091704731
4235,34963290,78445807,113409097,3,0,1,21504,9,261031337
4236,34979101,38078866,73057967,2,0,0,12800,12,10412123329
4237,34994140,38770121,73764261,4,0,0,98816,12,1714006850
4238,35011190,39981260,74992450,1,0,0,124416,6,5603960450
4239,35023429,78426567,113449996,9,0,1,46592,3,747336186
4240,35032371,38893158,73925529,2,0,0,61440,12,10591352059
4241,35048379,78402590,113450969,6,0,1,12800,12,282979495
4242,35069280,78499787,113569067,2,0,1,41984,12,7221689850
4243,35072390,39507031,74579421,3,0,0,90624,9,6651452624
4244,35084730,38647287,73732017,9,0,0,27648,3,8072224766
4245,35087070,39594093,74681163,9,0,0,30208,3,837413500
4246,35094920,37959124,73054044,3,0,0,2048,9,6997973522
4247,35113480,38858972,73972452,3,0,0,78336,9,9432741667
4248,35126190,38339662,73465852,4,0,0,78336,12,4599397245
4249,35137110,38391881,73528991,4,0,0,23552,12,8567828150
4250,35142810,37991317,73134127,9,0,0,7168,3,2697483912
4251,35144449,78905645,114050094,8,0,1,251904,12,6564609947
4252,35165710,38492040,73657750,0,0,0,15872,14,1973419571
4253,35180189,78874091,114054280,1,0,1,6656,6,8708435637
4254,35181540,39953896,75135436,8,0,0,31232,12,9948338280
4255,35192060,78863846,114055906,2,0,1,2560,12,3723247344
4256,35195340,38285534,73480874,7,0,0,27136,9,7212036280
4257,35195750,38412479,73608229,7,0,0,52736,9,7571423275
4258,35200600,40142171,75342771,0,0,0,23552,14,5559248539
4259,35206590,38734874,73941464,7,0,0,52224,9,10601388656
4260,35211210,38591084,73802294,1,0,0,60416,6,1872102892
4261,35234060,38585507,73819567,4,0,0,42496,12,124380513
4262,35251110,38270682,73521792,1,0,0,15360,6,731763605
4263,35264170,39126763,74390933,8,0,0,10752,12,4612625017
4264,35299150,78760942,114060092,2,0,1,6656,12,3719025728
4265,35316889,79020564,114337453,7,0,1,4096,9,10235204993
4266,35319310,40628743,75948053,9,0,0,154624,3,315705333
4267,35333530,40261681,75595211,5,0,0,49664,7,1107590322
4268,35344420,38983124,74327544,0,0,0,74752,14,5607753586
4269,35347750,79070933,114418683,0,0,1,31232,14,4072767994
4270,35362420,38405928,73768348,4,0,0,13312,12,1909805505
4271,35397060,39631712,75028772,4,0,0,46592,12,6307768658
4272,35398231,38629826,74028057,2,0,0,60928,12,982070591
4273,35402300,40227957,75630257,7,0,0,6144,9,6643829663
4274,35416740,38592730,74009470,9,0,0,26624,3,2453090247
4275,35421560,38742754,74164314,3,0,0,73216,9,825094817
4276,35430790,38680330,74111120,0,0,0,20992,14,8804898043
4277,35446760,40647519,76094279,7,0,0,47616,9,8037319835
4278,35459860,40738738,76198598,1,0,0,512,6,5677527734
4279,35471780,39110004,74581784,3,0,0,7680,9,10712010477
4280,35481320,38551908,74033228,3,0,0,16896,9,3066372913
4281,35484860,38638308,74123168,9,0,0,11776,3,2085385949
4282,35498020,39385918,74883938,1,0,0,121856,6,3202944684
4283,35501270,38599371,74100641,1,0,0,6656,6,1071561450
4284,35503660,39875344,75379004,1,0,0,69632,6,8039842413
4285,35509490,39669348,75178838,8,0,0,104448,12,3834530509
4286,35511460,38761064,74272524,0,0,0,49152,14,471578294
4287,35514520,78917937,114432457,0,0,1,512,14,8086670223
4288,35517690,78914790,114432480,2,0,1,12288,12,6977521631
4289,35534990,40804695,76339685,4,0,0,47616,12,8217334951
4290,35536539,78916899,114453438,8,0,1,2560,12,1861911139
4291,35539220,38662234,74201454,9,0,0,33792,3,536229775
4292,35539400,39363569,74902969,0,0,0,29696,14,7260578004
4293,35553900,38959033,74512933,5,0,0,67072,7,3265220532
4294,35557220,38786929,74344149,3,0,0,4608,9,9141191267
4295,35562150,79006673,114568823,5,0,1,43008,7,6809345422
4296,35569650,40912624,76482274,1,0,0,96768,6,9317845053
4297,35584919,79056583,114641502,1,0,1,23040,6,6988802747
4298,35585650,39813969,75399619,4,0,0,67584,12,4659145422
4299,35589530,39911988,75501518,4,0,0,16896,12,10438540156
4300,35614130,38658885,74273015,5,0,0,1536,7,6698190513
4301,35623250,40035702,75658952,9,0,0,73728,3,9108220476
4302,35633800,39474904,75108704,1,0,0,26112,6,9763380665
4303,35637770,38749864,74387634,5,0,0,22528,7,76258212
4304,35657590,39283622,74941212,8,0,0,125440,12,7204834957
4305,35664429,79019740,114684169,6,0,1,7680,12,9580193519
4306,35664961,38998104,74663065,2,0,0,33280,12,2009725913
4307,35665290,39430598,75095888,8,0,0,45056,12,944469046
4308,35666039,79018284,114684323,1,0,1,8704,6,5088139509
4309,35674110,40099977,75774087,5,0,0,40960,7,5046005856
4310,35677990,40205213,75883203,5,0,0,15872,7,9503266454
4311,35679630,40400118,76079748,7,0,0,114688,9,8236741120
4312,35718230,38896771,74615001,4,0,0,73728,12,10328218662
4313,35732600,40819264,76551864,5,0,0,42496,7,9338440865
4314,35736940,40996808,76733748,1,0,0,32256,6,625402003
4315,35761030,39574542,75335572,8,0,0,56320,12,2597014224
4316,35763561,39441219,75204780,2,0,0,44032,12,3491103493
4317,35765010,39703036,75468046,8,0,0,31232,12,7181555912
4318,35766830,39813226,75580056,3,0,0,7168,9,969324023
4319,35769470,38848674,74618144,4,0,0,10240,12,9829437188
4320,35770220,40877374,76647594,9,0,0,108544,3,9791651940
4321,35773140,39051804,74824944,3,0,0,5120,9,9780719436
4322,35773890,38972688,74746578,3,0,0,6144,9,6921529937
4323,35798251,38918420,74716671,2,0,0,69120,12,6403810320
4324,35799540,39826025,75625565,0,0,0,86528,14,3875926972
4325,35812219,78872450,114684669,9,0,1,512,3,4143233003
4326,35820290,39621446,75441736,3,0,0,58880,9,4222024165
4327,35825420,39407354,75232774,9,0,0,84992,3,5178462613
4328,35829320,41179406,77008726,8,0,0,274944,12,3917066331
4329,35833380,78974866,114808246,3,0,1,30208,9,4113826088
4330,35857060,39431401,75288461,9,0,0,74240,3,9780680457
4331,35871400,78936869,114808269,3,0,1,5632,9,9238933866
4332,35871840,39706009,75577849,8,0,0,48640,12,218467298
4333,35872410,39475064,75347474,3,0,0,15360,9,5211229376
4334,35885980,78922312,114808292,0,0,1,2048,14,914509366
4335,35889630,39774181,75663811,3,0,0,15872,9,5211463190
4336,35898500,38995398,74893898,7,0,0,18432,9,68042615
4337,35913670,41189582,77103252,7,0,0,54272,9,1167415436
4338,35920010,78888305,114808315,0,0,1,512,14,5628470658
4339,35926160,41321809,77247969,6,0,0,84480,12,8278504470
4340,35931870,41433939,77365809,4,0,0,8704,12,6344292243
4341,35937070,79073900,115010970,3,0,1,53760,9,10557093999
4342,35942120,39060337,75002457,5,0,0,32768,7,8970256755
4343,35951220,39460434,75411654,9,0,0,39424,3,6072347129
4344,35952480,39238861,75191341,7,0,0,40960,9,7309068317
4345,35956840,39153915,75110755,3,0,0,6656,9,263617115
4346,35962429,79056888,115019317,9,0,1,15872,3,8727650414
4347,35971000,40227419,76198419,1,0,0,93696,6,4134159358
4348,35973780,40008491,75982271,7,0,0,8704,9,717421230
4349,35979570,39321729,75301299,9,0,0,37376,3,9429386550
4350,35983180,39579791,75562971,6,0,0,158208,12,9985607389
4351,35986440,39303448,75289888,4,0,0,4608,12,2316918286
4352,35990770,40541856,76532626,0,0,0,35328,14,2794207127
4353,36013710,40406228,76419938,7,0,0,189952,9,3354753766
4354,36014990,79091051,115106041,0,0,1,15872,14,2484141318
4355,36023961,41528002,77551963,2,0,0,19456,12,3740394911
4356,36026749,79079315,115106064,8,0,1,4608,12,8284915912
4357,36030060,39391289,75421349,4,0,0,31744,12,9984859521
4358,36030840,40013941,76044781,0,0,0,40448,14,1056687936
4359,36033060,39920008,75953068,6,0,0,16384,12,10315327214
4360,36034480,41710737,77745217,0,0,0,148480,14,2237937019
4361,36039570,40449903,76489473,1,0,0,23552,6,2869491755
4362,36040420,41775291,77815711,8,0,0,40960,12,7480308579
4363,36041890,41007621,77049511,6,0,0,76288,12,3023031375
4364,36049170,40828901,76878071,3,0,0,10240,9,2779562028
4365,36074150,79170414,115244564,5,0,1,51712,7,4575031626
4366,36074590,41195733,77270323,0,0,0,44544,14,8833748785
4367,36081971,39814019,75895990,2,0,0,10240,12,294265747
4368,36096270,40356497,76452767,1,0,0,75776,6,10380693616
4369,36101030,40216301,76317331,1,0,0,65024,6,282966947
4370,36104351,39581190,75685541,2,0,0,36352,12,4270909301
4371,36113031,39893310,76006341,2,0,0,4608,12,10048205985
4372,36113150,39583242,75696392,8,0,0,21504,12,4647458871
4373,36137140,41438446,77575586,0,0,0,45056,14,8889763647
4374,36144651,39524793,75669444,2,0,0,3072,12,1513095951
4375,36150330,40760928,76911258,1,0,0,52224,6,1453750831
4376,36150590,39854324,76004914,8,0,0,63488,12,5464097229
4377,36156570,41820595,77977165,8,0,0,42496,12,5936318088
4378,36157460,40533589,76691049,3,0,0,13312,9,2619786599
4379,36174761,39847951,76022712,2,0,0,51200,12,5239775145
4380,36182980,39695364,75878344,7,0,0,37376,9,3748660769
4381,36183600,41973403,78157003,5,0,0,90112,7,5506940466
4382,36190230,40236751,76426981,7,0,0,23040,9,7958068718
4383,36203439,79056126,115259565,6,0,1,14336,12,9963687963
4384,36205219,79055972,115261191,1,0,1,2560,6,3697022954
4385,36213330,40400467,76613797,7,0,0,38400,9,10004285664
4386,36214830,40447295,76662125,1,0,0,47616,6,1004258527
4387,36222430,41541865,77764295,5,0,0,36864,7,1828018945
4388,36234760,39866562,76101322,7,0,0,23040,9,1875279101
4389,36236630,39871579,76108209,0,0,0,22528,14,5992964385
4390,36238280,40848405,77086685,4,0,0,82944,12,6370241774
4391,36255040,79024726,115279766,2,0,1,18432,12,5756631587
4392,36258920,40237018,76495938,7,0,0,5632,9,538541735
4393,36265840,39937617,76203457,9,0,0,15872,3,5868704834
4394,36280889,79001622,115282511,1,0,1,10240,6,10128628879
4395,36283400,40057868,76341268,6,0,0,5120,12,2947621701
4396,36297710,40064329,76362039,1,0,0,68096,6,9414794532
4397,36300199,78986818,115287017,1,0,1,7168,6,8926427268
4398,36303650,39851345,76154995,5,0,0,1024,7,1833642971
4399,36309460,39963668,76273128,6,0,0,2048,12,9006777268
4400,36320460,40173560,76494020,9,0,0,14848,3,7539286774
4401,36320940,40108716,76429656,6,0,0,8704,12,6167416504
4402,36325630,39952563,76278193,8,0,0,13312,12,2581771044
4403,36346980,39978174,76325154,0,0,0,25600,14,9663860969
4404,36359810,40833592,77193402,3,0,0,92672,9,3549658838
4405,36361570,40138915,76500485,1,0,0,14848,6,8460421833
4406,36364200,40157639,76521839,9,0,0,41472,3,8550647149
4407,36365130,40129069,76494199,1,0,0,512,6,9747484783
4408,36367920,40644417,77012337,8,0,0,11776,12,10012611967
4409,36395049,78937396,115332445,6,0,1,17408,12,3390977300
4410,36417960,40371728,76789688,1,0,0,23040,6,6771702401
4411,36429561,40353084,76782645,2,0,0,76800,12,5758584278
4412,36430770,40328452,76759222,8,0,0,70656,12,183460137
4413,36451631,41542717,77994348,2,0,0,56320,12,2213794801
4414,36452731,41906680,78359411,2,0,0,12288,12,3526758465
4415,36453350,41839391,78292741,0,0,0,40448,14,5571044977
4416,36470330,40193178,76663508,7,0,0,4096,9,1845533552
4417,36478261,41129956,77608217,2,0,0,66048,12,6286025091
4418,36488430,40077408,76565838,6,0,0,1536,12,10211064742
4419,36489100,40379443,76868543,5,0,0,19456,7,6292286443
4420,36494760,40662693,77157453,4,0,0,76800,12,3763447046
4421,36495790,40961389,77457179,6,0,0,95744,12,5098984426
4422,36515271,40741457,77256728,2,0,0,28672,12,5764920035
4423,36520080,40180449,76700529,9,0,0,4096,3,2242021001
4424,36521909,78810559,115332468,9,0,1,2048,3,1516912199
4425,36522640,40680925,77203565,0,0,0,33280,14,7970153466
4426,36523291,40502953,77026244,2,0,0,45568,12,4048404498
4427,36525030,40279033,76804063,6,0,0,47104,12,4138142929
4428,36525530,40212141,76737671,0,0,0,12800,14,9671293375
4429,36541470,40772447,77313917,9,0,0,14848,3,2786693475
4430,36550640,40510750,77061390,7,0,0,38912,9,1840544749
4431,36550890,40742723,77293613,9,0,0,75776,3,5711278871
4432,36552000,40611716,77163716,6,0,0,20480,12,5861569379
4433,36554940,40557695,77112635,6,0,0,30720,12,5713475754
4434,36559280,40574750,77134030,9,0,0,70144,3,1360319977
4435,36565090,40798044,77363134,7,0,0,19968,9,4142717470
4436,36578070,40757569,77335639,7,0,0,22528,9,2450045613
4437,36583350,40687152,77270502,0,0,0,512,14,7133583385
4438,36589710,40632488,77222198,3,0,0,34304,9,8567019516
4439,36609700,40781673,77391373,0,0,0,43008,14,2440147635
4440,36609910,41189539,77799449,3,0,0,32768,9,506010232
4441,36616590,40792532,77409122,6,0,0,10752,12,6730902524
4442,36622310,40788866,77411176,1,0,0,5120,6,10425006111
4443,36622890,40587406,77210296,6,0,0,22016,12,770351687
4444,36625820,40539323,77165143,7,0,0,4608,9,1272375268
4445,36626310,41833081,78459391,1,0,0,97280,6,5297157709
4446,36639311,42263333,78902644,2,0,0,143360,12,9611559903
4447,36644840,40566883,77211723,3,0,0,4608,9,7505173837
4448,36651410,78681081,115332491,3,0,1,4096,9,3561870770
4449,36660440,42280851,78941291,3,0,0,12288,9,10255210916
4450,36670380,40791346,77461726,3,0,0,14848,9,5964749382
4451,36672561,41208068,77880629,2,0,0,512,12,1571181816
4452,36683230,42001996,78685226,1,0,0,53248,6,7663605305
4453,36698450,40916498,77614948,6,0,0,22016,12,3707241122
4454,36705830,40930715,77636545,1,0,0,38400,6,5092442281
4455,36709401,40915421,77624822,2,0,0,16384,12,7853341294
4456,36723130,40680174,77403304,5,0,0,29696,7,7616207154
4457,36725361,40894446,77619807,2,0,0,15872,12,4448055898
4458,36728340,41611057,78339397,5,0,0,48128,7,2026263373
4459,36730280,41354261,78084541,7,0,0,55808,9,9312432665
4460,36746560,78585954,115332514,0,0,1,26624,14,5706544549
4461,36751541,41257806,78009347,2,0,0,49152,12,1400891015
4462,36751630,41093014,77844644,0,0,0,1536,14,57100129
4463,36756720,41766731,78523451,7,0,0,150528,9,723866452
4464,36759600,41029834,77789434,0,0,0,82432,14,431312294
4465,36760490,78694493,115454983,2,0,1,22016,12,3300704030
4466,36766950,40986090,77753040,3,0,0,25600,9,4908095332
4467,36777940,41777069,78555009,5,0,0,54272,7,2588052272
4468,36789869,78717789,115507658,6,0,1,2560,12,2225945975
4469,36794900,41403767,78198667,8,0,0,65536,12,2203499137
4470,36795140,41224549,78019689,8,0,0,13312,12,4771416458
4471,36802220,41815985,78618205,4,0,0,38400,12,3656607625
4472,36805840,41149103,77954943,4,0,0,88064,12,7133308080
4473,36817370,41198240,78015610,6,0,0,20480,12,7493982525
4474,36826169,78755005,115581174,1,0,1,24064,6,5064757245
4475,36832690,78770299,115602989,2,0,1,13824,12,9677397636
4476,36847150,41117044,77964194,4,0,0,19456,12,3613073915
4477,36847480,41982734,78830214,8,0,0,125440,12,2591730686
4478,36848840,41185536,78034376,8,0,0,48128,12,5011945746
4479,36853620,41199459,78053079,9,0,0,512,3,3311383417
4480,36858790,41240894,78099684,9,0,0,15360,3,2795357387
4481,36872110,41483534,78355644,3,0,0,53248,9,10567405162
4482,36881930,41910041,78791971,3,0,0,87552,9,9287185877
4483,36889570,40976191,77865761,7,0,0,7168,9,7135518172
4484,36896500,41314347,78210847,8,0,0,9728,12,9614630556
4485,36913310,41625140,78538450,1,0,0,49152,6,10259286957
4486,36916349,78711542,115627891,1,0,1,16896,6,6546156992
4487,36928340,42165055,79093395,7,0,0,10752,9,8077333661
4488,36930270,42352715,79282985,0,0,0,74752,14,2543448462
4489,36956369,78672188,115628557,6,0,1,11264,12,2242563006
4490,36961830,41601649,78563479,5,0,0,17408,7,8678255295
4491,36962451,41896490,78858941,2,0,0,94208,12,3084989533
4492,36965510,41512054,78477564,9,0,0,47616,3,3182484138
4493,36979280,41319100,78298380,6,0,0,18432,12,4886402024
4494,36984180,41399688,78383868,8,0,0,46592,12,3365523668
4495,36984440,42425327,79409767,8,0,0,17408,12,7000467348
4496,36985600,41930015,78915615,5,0,0,42496,7,6798496845
4497,37001731,41556421,78558152,2,0,0,10240,12,5667484016
4498,37018620,41565870,78584490,6,0,0,35328,12,1830657964
4499,37029260,41340389,78369649,7,0,0,29184,9,1575009840
4500,37031220,42532318,79563538,4,0,0,195072,12,2283804073
4501,37032090,41931220,78963310,5,0,0,72192,7,697869906
4502,37049300,41413725,78463025,0,0,0,11776,14,4578829357
4503,37062950,41540447,78603397,5,0,0,7680,7,8428265047
4504,37065030,41642371,78707401,9,0,0,72704,3,3363649015
4505,37076610,41927867,79004477,0,0,0,2048,14,4190547077
4506,37077590,42613152,79690742,4,0,0,49152,12,7147112309
4507,37084719,78570018,115654737,8,0,1,1024,12,3724387239
4508,37099280,42071923,79171203,0,0,0,40960,14,5280700547
4509,37113000,41804042,78917042,1,0,0,4608,6,6286945359
4510,37114850,42760179,79875029,1,0,0,251904,6,5108455024
4511,37121980,78553368,115675348,3,0,1,4096,9,3705818998
4512,37124789,78591898,115716687,1,0,1,41472,6,7790638868
4513,37130830,41991113,79121943,9,0,0,7168,3,8961212174
4514,37136540,78596070,115732610,0,0,1,17920,14,3980051741
4515,37143660,42244221,79387881,8,0,0,120832,12,9819310670
4516,37144670,41859152,79003822,1,0,0,49152,6,1830467246
4517,37169520,41768004,78937524,6,0,0,42496,12,4605295046
4518,37175240,41808708,78983948,4,0,0,49664,12,4910843169
4519,37185660,41803163,78988823,7,0,0,15872,9,1849947615
4520,37189899,78729439,115919338,6,0,1,18432,12,10721556115
4521,37200130,41768663,78968793,6,0,0,17920,12,6196938704
4522,37226840,41885213,79112053,8,0,0,20992,12,1709525295
4523,37234580,41791671,79026251,3,0,0,7680,9,5999968371
4524,37242479,78715951,115958430,1,0,1,26112,6,5925965021
4525,37255550,41669003,78924553,0,0,0,24576,14,6543754551
4526,37266870,78693946,115960816,0,0,1,13312,14,7261667687
4527,37276970,41743470,79020440,8,0,0,10752,12,8286623287
4528,37284610,41975576,79260186,8,0,0,125952,12,1659702063
4529,37288370,42016821,79305191,1,0,0,39936,6,5821911481
4530,37294529,78666310,115960839,6,0,1,8704,12,8443956783
4531,37298480,42610984,79909464,6,0,0,35840,12,8184284322
4532,37317010,42481220,79798230,9,0,0,46592,3,7224459249
4533,37322520,78652942,115975462,3,0,1,38912,9,10310699678
4534,37324070,42724891,80048961,1,0,0,20480,6,1013680279
4535,37327250,41894537,79221787,0,0,0,47104,14,6426849381
4536,37344510,42101963,79446473,0,0,0,85504,14,7710779948
4537,37348390,42056050,79404440,0,0,0,54272,14,2854560478
4538,37358310,42145769,79504079,8,0,0,86528,12,788522826
4539,37386480,41926222,79312702,8,0,0,24576,12,7392248284
4540,37397310,42182030,79579340,9,0,0,51712,3,669974296
4541,37402740,78582760,115985500,0,0,1,8192,14,7102481839
4542,37418659,78581266,115999925,6,0,1,20992,12,8823930552
4543,37421910,42220344,79642254,8,0,0,79872,12,229243571
4544,37423660,41869340,79293000,9,0,0,32768,3,4904891987
4545,37430369,78581187,116011556,8,0,1,4608,12,285411902
4546,37445490,42141320,79586810,6,0,0,7168,12,6484403573
4547,37460100,42495882,79955982,1,0,0,12800,6,3758899724
4548,37466050,42117883,79583933,9,0,0,14848,3,5859622878
4549,37475940,42300982,79776922,3,0,0,127488,9,10342221485
4550,37476560,41846461,79323021,5,0,0,33792,7,3308032600
4551,37483350,41994342,79477692,9,0,0,19968,3,6999220055
4552,37497510,41922888,79420398,3,0,0,34816,9,452150310
4553,37499240,78516502,116015742,0,0,1,6656,14,7820431247
4554,37519120,42359832,79878952,3,0,0,12800,9,3398065202
4555,37532880,41915020,79447900,5,0,0,4608,7,5417453329
4556,37569960,78482592,116052552,3,0,1,23040,9,5880470268
4557,37573361,42210604,79783965,2,0,0,23040,12,1431130507
4558,37584591,42415654,80000245,2,0,0,26112,12,1426019429
4559,37584690,78467885,116052575,2,0,1,7168,12,6982314180
4560,37593081,41991031,79584112,2,0,0,512,12,1652290327
4561,37596550,42425425,80021975,1,0,0,70656,6,8787739180
4562,37607710,42384533,79992243,6,0,0,512,12,5627241193
4563,37613390,42338669,79952059,3,0,0,84992,9,9290082132
4564,37618410,42280088,79898498,9,0,0,64000,3,6456499950
4565,37623720,42607870,80231590,6,0,0,35840,12,4550043050
4566,37625160,42544383,80169543,1,0,0,37376,6,6148848570
4567,37637150,42100882,79738032,1,0,0,27136,6,6981940323
4568,37637990,42520142,80158132,4,0,0,68096,12,10531625452
4569,37638710,42342723,79981433,9,0,0,83456,3,10374417519
4570,37643241,43146038,80789279,2,0,0,12288,12,10368892058
4571,37644210,42734998,80379208,8,0,0,30208,12,2117193904
4572,37652360,42824153,80476513,7,0,0,128000,9,1260886088
4573,37657370,42393018,80050388,8,0,0,4608,12,168827019
4574,37658610,42908588,80567198,8,0,0,87552,12,3335630967
4575,37658910,42426601,80085511,7,0,0,115200,9,5156756750
4576,37668219,78530935,116199154,8,0,1,70656,12,8277590372
4577,37690450,78565655,116256105,3,0,1,45568,9,5903818478
4578,37693661,42541325,80234986,2,0,0,6656,12,7238229976
4579,37706820,42833679,80540499,3,0,0,67584,9,251700276
4580,37722790,42849891,80572681,5,0,0,17920,7,768654548
4581,37729270,42708220,80437490,9,0,0,124416,3,8937059984
4582,37730180,42270244,80000424,4,0,0,512,12,3413336675
4583,37731750,42260314,79992064,0,0,0,34816,14,3209261742
4584,37741220,42460513,80201733,1,0,0,25600,6,2539273853
4585,37752829,78504736,116257565,6,0,1,10752,12,9792591480
4586,37762010,78568712,116330722,3,0,1,26112,9,6884073400
4587,37779739,78603200,116382939,6,0,1,17920,12,2161170986
4588,37784920,42614639,80399559,9,0,0,48640,3,1469674904
4589,37819910,43215464,81035374,5,0,0,182272,7,1968101950
4590,37822060,42782909,80604969,1,0,0,51200,6,7775649891
4591,37828860,42491305,80320165,9,0,0,25088,3,6906985743
4592,37832390,42787266,80619656,6,0,0,48128,12,8057538358
4593,37837069,78606195,116443264,1,0,1,21504,6,3678801974
4594,37845569,78602841,116448410,8,0,1,8192,12,8211086371
4595,37861500,42924012,80785512,3,0,0,143872,9,2896982587
4596,37864020,42617976,80481996,1,0,0,17920,6,10585901574
4597,37870780,43238185,81108965,9,0,0,55296,3,9563566628
4598,37904640,43233597,81138237,7,0,0,51712,9,4597086621
4599,37933409,78590873,116524282,7,0,1,7680,9,8753326184
4600,37944051,42897312,80841363,2,0,0,44544,12,7903554439
4601,37944469,78579836,116524305,1,0,1,8704,6,4395237124
4602,37962190,42919137,80881327,0,0,0,49664,14,7447855623
4603,37968039,78693865,116661904,9,0,1,37376,3,3374384553
4604,37972641,42678138,80650779,2,0,0,19968,12,10123796921
4605,37982490,78706220,116688710,3,0,1,6144,9,8501625426
4606,37984430,79529556,117513986,3,0,1,44544,9,10717023570
4607,37987360,42978847,80966207,1,0,0,17408,6,6822222451
4608,37989060,43273595,81262655,0,0,0,84992,14,2692622487
4609,37995090,42629686,80624776,3,0,0,4096,9,8564403702
4610,38005601,42684684,80690285,2,0,0,33792,12,1958647361
4611,38007540,43286673,81294213,7,0,0,78848,9,5043662884
4612,38024970,43377430,81402400,9,0,0,77824,3,2017509678
4613,38033720,43321400,81355120,1,0,0,83968,6,10680782842
4614,38042490,42812093,80854583,5,0,0,23552,7,565234310
4615,38052830,43103526,81156356,5,0,0,59392,7,7513701308
4616,38066620,43055807,81122427,1,0,0,39424,6,9168361696
4617,38068670,43540214,81608884,9,0,0,8704,3,2124895668
4618,38070340,43007200,81077540,9,0,0,47104,3,7054915969
4619,38093800,42640795,80734595,9,0,0,17408,3,10204539854
4620,38095830,42716321,80812151,1,0,0,15360,6,4688520059
4621,38096520,42966645,81063165,4,0,0,91136,12,8489287338
4622,38121150,42833631,80954781,3,0,0,36352,9,7038958060
4623,38138400,42789218,80927618,7,0,0,1024,9,8739138313
4624,38146489,79431221,117577710,1,0,1,22016,6,2785715386
4625,38149820,42942251,81092071,3,0,0,47616,9,6433212416
4626,38158489,79419477,117577966,1,0,1,9216,6,1275600101
4627,38167610,42713896,80881506,1,0,0,512,6,3224408681
4628,38167930,43438279,81606209,1,0,0,91648,6,2294591645
4629,38169030,43067706,81236736,0,0,0,130560,14,9411772990
4630,38175170,42625237,80800407,6,0,0,9728,12,1091245538
4631,38189490,79414431,117603921,0,0,1,1024,14,215762172
4632,38202470,42954237,81156707,1,0,0,1024,6,7200365631
4633,38204960,43065206,81270166,6,0,0,24576,12,6879064483
4634,38217930,42892462,81110392,3,0,0,4608,9,10341540472
4635,38227820,43725658,81953478,7,0,0,246272,9,3606888584
4636,38235190,43537346,81772536,4,0,0,56832,12,8425568130
4637,38241130,79480505,117721635,2,0,1,15360,12,2931598963
4638,38244340,43411050,81655390,5,0,0,27136,7,1719614426
4639,38248281,43058146,81306427,2,0,0,30208,12,10732727335
4640,38255460,43204247,81459707,4,0,0,2560,12,1058566239
4641,38256460,43202444,81458904,5,0,0,77824,7,9728053900
4642,38257740,79775696,118033436,3,0,1,89600,9,4314083644
4643,38276430,43020770,81297200,8,0,0,9728,12,9380675968
4644,38286010,43292252,81578262,0,0,0,151040,14,6933349537
4645,38295060,43713647,82008707,9,0,0,1024,3,3549442467
4646,38301560,43230659,81532219,3,0,0,69120,9,8951996729
4647,38302469,79910627,118213096,1,0,1,35328,6,3130522957
4648,38304870,43374852,81679722,1,0,0,8192,6,5547226326
4649,38304909,79908648,118213557,6,0,1,10240,12,2315163883
4650,38309889,79922101,118231990,7,0,1,7168,9,1036558313
4651,38312130,80003686,118315816,3,0,1,36864,9,4307582684
4652,38317511,43690861,82008372,2,0,0,22016,12,5504954771
4653,38318360,43328524,81646884,0,0,0,92672,14,7416982468
4654,38318870,43349812,81668682,8,0,0,12288,12,5682728906
4655,38328670,43403324,81731994,9,0,0,5120,3,7430607572
4656,38341540,43466733,81808273,3,0,0,56320,9,4631609811
4657,38341720,43276882,81618602,9,0,0,11264,3,5055274619
4658,38347800,43814687,82162487,4,0,0,37888,12,3418676330
4659,38349100,43266047,81615147,6,0,0,20480,12,5072127962
4660,38351790,79968212,118320002,2,0,1,6656,12,3722281532
4661,38355569,80029882,118385451,9,0,1,48640,3,9829185060
4662,38355700,43922385,82278085,7,0,0,26624,9,6108910219
4663,38367029,80086379,118453408,1,0,1,20992,6,944863105
4664,38369300,43607179,81976479,1,0,0,19968,6,585826294
4665,38372820,43747423,82120243,0,0,0,13824,14,1121478306
4666,38374150,43356261,81730411,1,0,0,33792,6,5798975210
4667,38374750,43340530,81715280,7,0,0,28160,9,2468428372
4668,38383440,43586932,81970372,4,0,0,28672,12,6702479759
4669,38383530,44018623,82402153,0,0,0,33280,14,5286693626
4670,38388721,43952244,82340965,2,0,0,71680,12,5952818743
4671,38415279,80071766,118487045,9,0,1,35840,3,8185194759
4672,38417470,43329182,81746652,4,0,0,7168,12,5091733867
4673,38452870,44262424,82715294,1,0,0,82944,6,10330035638
4674,38453120,43781172,82234292,5,0,0,47104,7,2904553759
4675,38471620,43699002,82170622,1,0,0,26624,6,6996975547
4676,38507769,80301019,118808788,1,0,1,29696,6,8342803456
4677,38509569,80391195,118900764,7,0,1,35840,9,1770450775
4678,38515160,80444843,118960003,0,0,1,3584,14,4450987403
4679,38524741,43731258,82255999,2,0,0,71168,12,5240392819
4680,38525810,43435803,81961613,7,0,0,26624,9,5516701194
4681,38537360,43506939,82044299,9,0,0,50176,3,5726337262
4682,38544070,43606850,82150920,7,0,0,20992,9,5212135172
4683,38561140,80453757,119014897,3,0,1,27648,9,7673152087
4684,38561700,43950307,82512007,8,0,0,45056,12,3970223038
4685,38569651,43650266,82219917,2,0,0,46592,12,7735026228
4686,38570570,43842485,82413055,6,0,0,9728,12,5572546713
4687,38571310,43407064,81978374,3,0,0,6144,9,7984455501
4688,38572410,43739788,82312198,3,0,0,50688,9,1665668416
4689,38576850,44322122,82898972,6,0,0,135168,12,7826854802
4690,38579200,43791297,82370497,8,0,0,1536,12,9583087813
4691,38583490,43841673,82425163,9,0,0,4096,3,9676520349
4692,38597120,43901136,82498256,8,0,0,7680,12,10034556371
4693,38645879,80397167,119043046,1,0,1,20480,6,6476822112
4694,38653490,44103635,82757125,9,0,0,137216,3,3821180759
4695,38666349,80379083,119045432,6,0,1,6656,12,10524357368
4696,38667210,43769974,82437184,0,0,0,1024,14,9116426837
4697,38680441,44109825,82790266,2,0,0,71680,12,5749677512
4698,38686991,44106574,82793565,2,0,0,10752,12,9307213621
4699,38691250,44109693,82800943,5,0,0,24064,7,6833286556
4700,38709430,80336025,119045455,2,0,1,512,12,8930277853
4701,38713840,43782053,82495893,9,0,0,88064,3,8506762545
4702,38727620,43657443,82385063,4,0,0,4608,12,8382645990
4703,38758070,44247331,83005401,1,0,0,12800,6,1289742525
4704,38761870,44387107,83148977,6,0,0,206336,12,9389711748
4705,38764139,80281339,119045478,6,0,1,1024,12,7314608631
4706,38767510,43685902,82453412,8,0,0,25600,12,8346513414
4707,38769940,43749578,82519518,8,0,0,24576,12,6412539504
4708,38779240,44158522,82937762,1,0,0,14336,6,1732819625
4709,38801630,44260972,83062602,5,0,0,28672,7,5084812043
4710,38815970,44509610,83325580,0,0,0,112640,14,10529906059
4711,38817820,44103517,82921337,8,0,0,26624,12,10501075287
4712,38828141,43752009,82580150,2,0,0,22016,12,2385760546
4713,38836610,80209226,119045836,2,0,1,6144,12,2604451289
4714,38837970,44163508,83001478,4,0,0,108544,12,7474526244
4715,38841520,43842382,82683902,7,0,0,5120,9,7506114200
4716,38842260,80203599,119045859,0,0,1,6656,14,6969612112
4717,38848540,43959157,82807697,7,0,0,3584,9,8000201811
4718,38859380,44351534,83210914,3,0,0,44032,9,1392139550
4719,38867660,43938922,82806582,0,0,0,18432,14,838731379
4720,38870589,80175293,119045882,6,0,1,7168,12,5766839274
4721,38873420,44193128,83066548,6,0,0,12800,12,5766197815
4722,38885720,43882660,82768380,3,0,0,36864,9,6974463264
4723,38896230,44347763,83243993,0,0,0,41984,14,7505589189
4724,38900000,43919889,82819889,4,0,0,21504,12,7329089250
4725,38902349,80143556,119045905,7,0,1,6144,9,9801376534
4726,38909490,44287985,83197475,9,0,0,110080,3,9099666894
4727,38909880,44172890,83082770,5,0,0,43008,7,661056947
4728,38910029,80135899,119045928,8,0,1,29184,12,8485334914
4729,38920080,44548799,83468879,9,0,0,91648,3,2123594067
4730,38925350,44302064,83227414,0,0,0,18432,14,1190986428
4731,38929850,44496068,83425918,0,0,0,120832,14,1384922018
4732,38935130,44225414,83160544,6,0,0,37888,12,10634154587
4733,38939630,44419582,83359212,4,0,0,20992,12,7064123379
4734,38946090,44107730,83053820,8,0,0,109056,12,130160431
4735,38949099,80133916,119083015,7,0,1,19456,9,8221438593
4736,38958810,44521012,83479822,9,0,0,35840,3,6887778043
4737,38960370,80123783,119084153,3,0,1,16896,9,1339134079
4738,38963420,44299444,83262864,4,0,0,29184,12,10517329531
4739,38964060,44199829,83163889,7,0,0,2048,9,4898475008
4740,38965890,44300429,83266319,5,0,0,11264,7,8087505712
4741,38970440,44361403,83331843,3,0,0,20480,9,7385789297
4742,38974360,44387371,83361731,3,0,0,8192,9,10255008205
4743,38982440,44230681,83213121,6,0,0,7168,12,4713364515
4744,38982670,44355904,83338574,4,0,0,22016,12,747764142
4745,38998251,44380093,83378344,2,0,0,54272,12,8612116781
4746,39002990,44160252,83163242,5,0,0,8704,7,5944736614
4747,39010590,44207920,83218510,7,0,0,10752,9,772146219
4748,39019500,44483854,83503354,0,0,0,40960,14,2378609131
4749,39021229,80062955,119084184,1,0,1,6656,6,6718888945
4750,39023749,80060458,119084207,4,0,1,3584,12,7700460094
4751,39032890,44182298,83215188,4,0,0,6656,12,619744963
4752,39036351,44657984,83694335,2,0,0,37888,12,4755011218
4753,39050410,44484297,83534707,6,0,0,7680,12,3783838336
4754,39075630,44492185,83567815,7,0,0,25600,9,6159786379
4755,39075700,44358220,83433920,9,0,0,25088,3,1068640451
4756,39077410,44348843,83426253,1,0,0,1024,6,2460996482
4757,39082780,44270013,83352793,7,0,0,46592,9,9511171608
4758,39084590,44668580,83753170,5,0,0,60928,7,1049661007
4759,39085230,44749128,83834358,9,0,0,71680,3,1406006333
4760,39087390,44955510,84042900,0,0,0,111616,14,1956679778
4761,39094490,44427393,83521883,3,0,0,25088,9,8925951787
4762,39114980,44695460,83810440,1,0,0,86528,6,9297495794
4763,39115380,44514514,83629894,6,0,0,52736,12,2893915174
4764,39128570,44511992,83640562,1,0,0,21504,6,4285099855
4765,39144350,44639703,83784053,7,0,0,41472,9,10223267401
4766,39150330,79933900,119084230,0,0,1,9216,14,1085810770
4767,39152639,79931614,119084253,9,0,1,8192,3,907601172
4768,39158200,45019969,84178169,6,0,0,63488,12,6204435268
4769,39170430,44263669,83434099,9,0,0,512,3,7598488693
4770,39207430,45201729,84409159,6,0,0,151552,12,9812584443
4771,39223350,45844967,85068317,5,0,0,77824,7,822764706
4772,39231100,44503483,83734583,7,0,0,38912,9,9434795697
4773,39233180,44841590,84074770,6,0,0,49152,12,1464462703
4774,39235760,45063048,84298808,1,0,0,64512,6,4776574499
4775,39241750,45721214,84962964,3,0,0,57856,9,9017106548
4776,39244690,44567021,83811711,6,0,0,4096,12,5117742872
4777,39256859,79827417,119084276,4,0,1,7168,12,3275321682
4778,39259540,44436378,83695918,1,0,0,5120,6,7773748974
4779,39261630,45447315,84708945,8,0,0,81920,12,8211222665
4780,39279019,79805280,119084299,4,0,1,2048,12,291005952
4781,39291460,44948866,84240326,5,0,0,54784,7,7749946433
4782,39291530,45537915,84829445,3,0,0,35328,9,3656236447
4783,39297030,45335207,84632237,3,0,0,53248,9,1867846661
4784,39306580,44753191,84059771,3,0,0,55296,9,6824038890
4785,39308699,79775623,119084322,7,0,1,512,9,6318750837
4786,39314170,44560885,83875055,7,0,0,16384,9,5820475729
4787,39322150,44980643,84302793,8,0,0,3072,12,4015528497
4788,39367129,79720835,119087964,8,0,1,12288,12,6942684943
4789,39374850,44867527,84242377,0,0,0,6656,14,2868323646
4790,39378710,44705786,84084496,8,0,0,6656,12,8364131045
4791,39380301,79707686,119087987,3,0,1,9728,9,6008749338
4792,39382100,45328896,84710996,1,0,0,6656,6,791572593
4793,39402440,44738143,84140583,8,0,0,26624,12,3834624583
4794,39403120,44807052,84210172,0,0,0,104960,14,6398974476
4795,39409670,45495356,84905026,3,0,0,155136,9,7286955995
4796,39428511,44821533,84250044,2,0,0,25088,12,6639623228
4797,39428590,45039125,84467715,7,0,0,58368,9,5132734360
4798,39439699,79670798,119110497,1,0,1,28672,6,3960991360
4799,39447440,44776171,84223611,7,0,0,44032,9,6514512109
4800,39462730,45773018,85235748,5,0,0,73728,7,3437126045
4801,39508260,45842118,85350378,7,0,0,67584,9,5058416268
4802,39513049,79597471,119110520,8,0,1,16384,12,2824268851
4803,39513680,44568757,84082437,6,0,0,25088,12,6025110720
4804,39520890,45008571,84529461,3,0,0,17920,9,118785386
4805,39523789,79610489,119134278,6,0,1,3584,12,6853741512
4806,39528590,44561077,84089667,3,0,0,16896,9,3404628993
4807,39556850,45996054,85552904,0,0,0,47104,14,4570929833
4808,39557810,45100971,84658781,9,0,0,14336,3,2745088604
4809,39564590,44714539,84279129,5,0,0,95232,7,8084583260
4810,39567171,46110457,85677628,2,0,0,59392,12,3891015009
4811,39579410,44722385,84301795,0,0,0,9728,14,2372395024
4812,39583771,79550530,119134301,3,0,1,28160,9,747259770
4813,39588850,46191358,85780208,0,0,0,125440,14,5594222006
4814,39596160,79538164,119134324,0,0,1,33280,14,6405994811
4815,39600750,44883903,84484653,5,0,0,15360,7,7564069342
4816,39635640,45373205,85008845,9,0,0,19456,3,7524734786
4817,39637100,45102534,84739634,7,0,0,17408,9,1592145637
4818,39651200,45206527,84857727,9,0,0,62976,3,4926950111
4819,39662030,45176486,84838516,9,0,0,29696,3,271691132
4820,39677740,44802210,84479950,6,0,0,14848,12,9889938951
4821,39704220,45340362,85044582,8,0,0,41984,12,6412303015
4822,39710360,45023947,84734307,5,0,0,53760,7,915902252
4823,39725710,45553431,85279141,9,0,0,123904,3,648413961
4824,39750680,79429242,119179922,5,0,1,138752,7,8175514281
4825,39754429,79437083,119191512,8,0,1,4096,12,2155000031
4826,39760810,44816661,84577471,1,0,0,18432,6,7727495367
4827,39779120,45000790,84779910,6,0,0,58368,12,5462692808
4828,39788209,79585417,119373626,8,0,1,31744,12,7921937768
4829,39793130,79689078,119482208,0,0,1,1024,14,9533237660
4830,39801610,45272034,85073644,6,0,0,17408,12,9944148303
4831,39806090,44974467,84780557,6,0,0,2048,12,4686917419
4832,39818299,79670069,119488368,1,0,1,5632,6,1052554971
4833,39828489,80964216,120792705,9,0,1,40448,3,529548928
4834,39830070,81057419,120887489,2,0,1,19456,12,9513117543
4835,39836561,46160232,85996793,2,0,0,46080,12,10139623814
4836,39844270,45238297,85082567,9,0,0,29184,3,5683233714
4837,39849809,81067054,120916863,9,0,1,9728,3,4076327095
4838,39851689,81065197,120916886,4,0,1,8704,12,7186072264
4839,39860160,45129734,84989894,7,0,0,13312,9,65375531
4840,39863929,81052980,120916909,4,0,1,13824,12,6225774559
4841,39895969,81319269,121215238,1,0,1,34816,6,6573179231
4842,39896630,45399850,85296480,3,0,0,56832,9,7295434784
4843,39910130,45020884,84931014,6,0,0,61952,12,3246621729
4844,39914240,44997072,84911312,8,0,0,20480,12,2666290342
4845,39915781,44996334,84912115,2,0,0,2560,12,3678696982
4846,39918831,45077482,84996313,2,0,0,20992,12,1354445701
4847,39922240,81338788,121261028,0,0,1,10752,14,5727965995
4848,39923030,45577081,85500111,0,0,0,91648,14,5052245358
4849,39931891,45440974,85372865,2,0,0,73728,12,7766620183
4850,39956671,45479397,85436068,2,0,0,207360,12,3603164117
4851,39974280,45055268,85029548,5,0,0,11264,7,3783763734
4852,39975690,45195394,85171084,5,0,0,65024,7,4378333245
4853,39982340,46129419,86111759,1,0,0,54272,6,5015153319
4854,40000710,81265810,121266520,3,0,1,17920,9,9933619093
4855,40007490,46515963,86523453,7,0,0,31232,9,6037062522
4856,40013411,46712047,86725458,2,0,0,53248,12,8730942577
4857,40015280,45588998,85604278,9,0,0,85504,3,4006560208
4858,40017670,45497752,85515422,7,0,0,50176,9,6625518642
4859,40019711,45722181,85741892,2,0,0,6144,12,1356551290
4860,40024530,45768828,85793358,5,0,0,43008,7,8511553518
4861,40035810,45266153,85301963,7,0,0,17920,9,6724435951
4862,40037371,45412011,85449382,2,0,0,9728,12,9994589815
4863,40049550,45396837,85446387,0,0,0,33792,14,1836210797
4864,40057949,81300899,121358848,1,0,1,3584,6,21120975
4865,40075709,81283805,121359514,9,0,1,1024,3,1542675564
4866,40102390,45202918,85305308,9,0,0,4096,3,6400528880
4867,40103091,45514232,85617323,2,0,0,39424,12,1402550302
4868,40137489,81524961,121662450,7,0,1,52736,9,4531755593
4869,40144760,81718972,121863732,2,0,1,9216,12,9211875024
4870,40146310,81717445,121863755,2,0,1,1024,12,343413674
4871,40148070,45555412,85703482,0,0,0,45056,14,9887552536
4872,40156789,81706989,121863778,9,0,1,2048,3,3412670348
4873,40176070,45347027,85523097,7,0,0,25088,9,3066575338
4874,40194579,81669222,121863801,9,0,1,1536,3,8681964269
4875,40214660,45444849,85659509,3,0,0,20480,9,3627997001
4876,40225061,45313430,85538491,2,0,0,512,12,740660889
4877,40228430,45405163,85633593,9,0,0,53248,3,3509906576
4878,40231721,45610101,85841822,2,0,0,35840,12,5028741172
4879,40232589,81685644,121918233,6,0,1,53760,12,1918003699
4880,40233520,46565550,86799070,8,0,0,49152,12,1554850992
4881,40244220,45632208,85876428,8,0,0,56832,12,4377141180
4882,40244240,45575874,85820114,5,0,0,13312,7,4050809277
4883,40247059,82191086,122438145,1,0,1,2560,6,2300610373
4884,40249840,45696147,85945987,9,0,0,9728,3,6004037309
4885,40253361,45689639,85943000,2,0,0,33792,12,10508437094
4886,40259419,82178749,122438168,1,0,1,4096,6,5829470803
4887,40261080,45826955,86088035,7,0,0,137728,9,5510025417
4888,40274670,82163521,122438191,2,0,1,512,12,6089834680
4889,40277779,82160435,122438214,4,0,1,6144,12,10454602623
4890,40287539,82236058,122523597,4,0,1,27136,12,1830126463
4891,40293600,46874355,87167955,1,0,0,58880,6,6971474751
4892,40303699,82265097,122568796,6,0,1,4096,12,9587283208
4893,40316620,45866546,86183166,6,0,0,2048,12,6832208237
4894,40335020,45467747,85802767,3,0,0,9728,9,9580660765
4895,40335159,82301160,122636319,1,0,1,512,6,4374394564
4896,40355010,45560753,85915763,8,0,0,83456,12,2830868388
4897,40392049,82283557,122675606,4,0,1,29184,12,3671131090
4898,40399200,45574118,85973318,3,0,0,6144,9,1317016209
4899,40416700,45514399,85931099,7,0,0,12800,9,30523625
4900,40423970,45585705,86009675,6,0,0,1536,12,1044556486
4901,40424260,45991568,86415828,0,0,0,51200,14,3226037359
4902,40441939,82234977,122676916,7,0,1,24576,9,8652343757
4903,40443630,45738889,86182519,5,0,0,34304,7,4319279461
4904,40452910,45905814,86358724,5,0,0,122368,7,1064546858
4905,40455590,82328714,122784304,0,0,1,55808,14,2743662971
4906,40472040,82312287,122784327,2,0,1,512,12,283610089
4907,40478431,45660371,86138802,2,0,0,7168,12,4579934233
4908,40488710,45932985,86421695,3,0,0,4096,9,7341191533
4909,40493420,46215791,86709211,9,0,0,173568,3,3971063751
4910,40496430,45419512,85915942,8,0,0,512,12,8352128996
4911,40516259,82268091,122784350,7,0,1,3584,9,7953537237
4912,40517670,45957274,86474944,1,0,0,39424,6,7605474779
4913,40520870,45879335,86400205,6,0,0,29696,12,3741208548
4914,40521330,45594976,86116306,5,0,0,14848,7,3283448737
4915,40523050,46231204,86754254,0,0,0,94208,14,5459432222
4916,40530530,45932379,86462909,1,0,0,69120,6,4201639750
4917,40531480,46015552,86547032,3,0,0,77312,9,2410643220
4918,40533750,45961133,86494883,0,0,0,30208,14,9124164982
4919,40534270,46040607,86574877,5,0,0,60928,7,697130736
4920,40535540,45889407,86424947,6,0,0,9728,12,5654564172
4921,40537690,45715707,86253397,7,0,0,23040,9,10560205575
4922,40546230,45683658,86229888,9,0,0,1536,3,5621984152
4923,40546669,82237704,122784373,1,0,1,5632,6,7663091788
4924,40553350,45922428,86475778,8,0,0,2560,12,9979787472
4925,40565620,45796715,86362335,6,0,0,11776,12,1209482030
4926,40599350,46155955,86755305,9,0,0,3072,3,23990953
4927,40602580,46037323,86639903,6,0,0,38912,12,4984801992
4928,40607790,46171094,86778884,4,0,0,77312,12,6905287220
4929,40611511,45944756,86556267,2,0,0,30208,12,7389863427
4930,40624190,46032114,86656304,1,0,0,38912,6,836546217
4931,40634940,45947471,86582411,5,0,0,24576,7,8269790596
4932,40641820,45968051,86609871,4,0,0,11264,12,1155012512
4933,40646710,46137353,86784063,0,0,0,16896,14,3308430986
4934,40669830,46231777,86901607,1,0,0,19456,6,7154632331
4935,40679909,82115438,122795347,7,0,1,1024,9,9038800883
4936,40680980,46197408,86878388,6,0,0,36864,12,7055014570
4937,40685570,82109800,122795370,0,0,1,10752,14,7812136930
4938,40696621,82100051,122796672,3,0,1,27136,9,9421566744
4939,40724780,46193855,86918635,0,0,0,14848,14,1036769647
4940,40726330,46447287,87173617,5,0,0,18432,7,7173420152
4941,40762320,46049721,86812041,7,0,0,42496,9,5359881453
4942,40767760,46088274,86856034,6,0,0,63488,12,8457237933
4943,40774280,82875703,123649983,2,0,1,16384,12,5273434787
4944,40779189,83042967,123822156,9,0,1,26624,3,1586394320
4945,40782830,47024200,87807030,4,0,0,146944,12,1052979101
4946,40793230,46268566,87061796,1,0,0,22528,6,4265896295
4947,40795451,46220019,87015470,2,0,0,43008,12,5615178600
4948,40803390,46063743,86867133,7,0,0,36352,9,5396587238
4949,40820880,46471594,87292474,6,0,0,58368,12,3792400284
4950,40861850,83148643,124010493,2,0,1,36864,12,6236157639
4951,40891040,46467412,87358452,6,0,0,59904,12,4721371788
4952,40894390,83116126,124010516,0,0,1,5120,14,859180185
4953,40898739,83117462,124016201,1,0,1,29184,6,6769283281
4954,40899809,83219095,124118904,8,0,1,6144,12,10467106127
4955,40911370,46408427,87319797,1,0,0,89600,6,3124017126
4956,40921900,47017898,87939798,0,0,0,3584,14,9778010277
4957,40926760,46185276,87112036,7,0,0,41984,9,3985835949
4958,40959210,46268436,87227646,5,0,0,23040,7,2797648437
4959,40969309,83149618,124118927,4,0,1,18944,12,4767163122
4960,40981470,46412775,87394245,8,0,0,31232,12,1531090297
4961,40981750,46513061,87494811,3,0,0,123392,9,6287217195
4962,40999030,46075349,87074379,1,0,0,18944,6,226524808
4963,41017400,46315056,87332456,5,0,0,41472,7,8379779612
4964,41018240,83155519,124173759,2,0,1,25600,12,10175873251
4965,41019531,46102127,87121658,2,0,0,7168,12,7959366346
4966,41022059,83218665,124240724,8,0,1,13824,12,8515156307
4967,41051610,46645293,87696903,8,0,0,33280,12,142648143
4968,41064390,46351869,87416259,9,0,0,12800,3,9742598076
4969,41065640,46494001,87559641,1,0,0,52736,6,3631117461
4970,41070040,46578046,87648086,3,0,0,49664,9,8317955864
4971,41080350,47421838,88502188,7,0,0,53248,9,3171983680
4972,41082670,46158989,87241659,6,0,0,35840,12,595731518
4973,41090440,46996520,88086960,3,0,0,104960,9,4759732897
4974,41105611,46279095,87384706,2,0,0,50176,12,5905729792
4975,41127340,46300205,87427545,3,0,0,14848,9,3553256461
4976,41136841,46232554,87369395,2,0,0,35840,12,1868886267
4977,41144140,83148234,124292374,3,0,1,2560,9,7159388977
4978,41162241,46976589,88138830,2,0,0,22016,12,7341668279
4979,41179930,83526282,124706212,3,0,1,26112,9,3238894720
4980,41220840,47220347,88441187,5,0,0,207360,7,1071009903
4981,41228571,46111583,87340154,2,0,0,25088,12,7104620754
4982,41235280,46673382,87908662,9,0,0,297472,3,1656859056
4983,41238759,83482342,124721101,7,0,1,15872,9,4457548836
4984,41253910,83467214,124721124,3,0,1,3072,9,4618789415
4985,41257720,46238050,87495770,9,0,0,3072,3,197966089
4986,41281789,83543149,124824938,1,0,1,13824,6,4289429649
4987,41282320,46158542,87440862,7,0,0,11776,9,3314558196
4988,41282969,83541992,124824961,7,0,1,6144,9,8490244284
4989,41284940,47294739,88579679,5,0,0,124416,7,3823560124
4990,41292560,46637208,87929768,9,0,0,56320,3,10710618957
4991,41294661,46644022,87938683,2,0,0,29184,12,3123568706
4992,41299460,83532107,124831567,2,0,1,44544,12,849483133
4993,41313681,46937668,88251349,2,0,0,70656,12,8250059768
4994,41314660,46597925,87912585,7,0,0,12800,9,4074353177
4995,41322479,83509290,124831769,4,0,1,8192,12,9331639302
4996,41335871,46762968,88098839,2,0,0,38912,12,1345978760
4997,41342750,47143191,88485941,7,0,0,113152,9,5524843796
4998,41342831,46412281,87755112,2,0,0,18944,12,5145933385
4999,41361870,46974861,88336731,7,0,0,176128,9,9301420235
5000,41362680,47165138,88527818,5,0,0,69632,7,3005443769
5001,41382800,46795166,88177966,5,0,0,35328,7,1844383177
5002,41398990,46410871,87809861,8,0,0,9216,12,3744934091
5003,41401229,83486621,124887850,7,0,1,19456,9,8025674462
5004,41403640,46318838,87722478,5,0,0,11264,7,10214085630
5005,41404320,83483553,124887873,3,0,1,1024,9,807632648
5006,41406501,46971483,88377984,2,0,0,37888,12,9977550272
5007,41409530,47312306,88721836,7,0,0,4608,9,2641050046
5008,41415251,47197748,88612999,2,0,0,35840,12,7518330807
5009,41418070,46790594,88208664,7,0,0,27648,9,5978291544
5010,41441750,47194524,88636274,6,0,0,76288,12,8510409901
5011,41445380,46549060,87994440,5,0,0,12288,7,1694571242
5012,41457420,46707240,88164660,9,0,0,44544,3,1604602130
5013,41477100,47478064,88955164,8,0,0,31744,12,9506171032
5014,41480520,46686659,88167179,5,0,0,8192,7,10205583009
5015,41486419,83401477,124887896,6,0,1,7680,12,2174452150
5016,41499019,83388900,124887919,9,0,1,9728,3,5581736203
5017,41517600,47651691,89169291,6,0,0,124416,12,3652602084
5018,41526250,46840167,88366417,1,0,0,60416,6,6092538350
5019,41554990,46896360,88451350,8,0,0,33280,12,9933006708
5020,41555040,47710833,89265873,8,0,0,11776,12,7077786534
5021,41567981,47089103,88657084,2,0,0,48128,12,5912706998
5022,41595660,46910919,88506579,6,0,0,14336,12,9993541428
5023,41602340,46995949,88598289,3,0,0,49152,9,8424238848
5024,41650550,46891198,88541748,9,0,0,15360,3,9855199067
5025,41652729,83235213,124887942,7,0,1,4608,9,10057499791
5026,41653350,46694636,88347986,9,0,0,36864,3,3309101617
5027,41684030,47036379,88720409,3,0,0,44544,9,2419999454
5028,41701289,83202143,124903432,6,0,1,14848,12,240707650
5029,41702880,46880410,88583290,1,0,0,11776,6,9758126576
5030,41710310,46891746,88602056,8,0,0,12288,12,2984258611
5031,41727420,46809625,88537045,6,0,0,30208,12,10469363447
5032,41749910,47684522,89434432,9,0,0,38400,3,9018602644
5033,41750950,47097857,88848807,5,0,0,9216,7,8569193900
5034,41754290,47008838,88763128,3,0,0,22016,9,5274436803
5035,41759480,47017599,88777079,7,0,0,2560,9,9204832212
5036,41768550,47030188,88798738,1,0,0,39424,6,5273387828
5037,41794400,47490803,89285203,7,0,0,26112,9,3367275969
5038,41822150,46820239,88642389,6,0,0,19968,12,397286453
5039,41830611,46830084,88660695,2,0,0,11776,12,9374309343
5040,41854641,47213385,89068026,2,0,0,34304,12,3273446384
5041,41863761,47158555,89022316,2,0,0,48128,12,3537191847
5042,41882580,46951829,88834409,0,0,0,107520,14,1349624572
5043,41886700,47058769,88945469,5,0,0,41472,7,3176458233
5044,41886790,46959186,88845976,8,0,0,37888,12,9953090403
5045,41889640,47117989,89007629,8,0,0,18432,12,10486373440
5046,41897929,83005526,124903455,7,0,1,1536,9,2145844496
5047,41905000,46851397,88756397,6,0,0,12800,12,8427848247
5048,41905881,46960733,88866614,2,0,0,58368,12,3004160229
5049,41914419,82992686,124907105,8,0,1,8192,12,2298362708
5050,41929370,47062852,88992222,1,0,0,5632,6,1378417081
5051,41944410,47520064,89464474,7,0,0,50176,9,3524476223
5052,41945260,82961868,124907128,3,0,1,10240,9,1636179231
5053,41973640,47285731,89259371,6,0,0,20480,12,3130116361
5054,41984700,47112873,89097573,6,0,0,10240,12,4078535927
5055,41992850,47098749,89091599,6,0,0,66048,12,10489079038
5056,41997619,82912675,124910294,7,0,1,7168,9,6805087846
5057,42007930,47215539,89223469,7,0,0,128512,9,4943514447
5058,42009220,47175070,89184290,0,0,0,49152,14,9882548973
5059,42022959,82887358,124910317,7,0,1,25600,9,3753702202
5060,42029490,47681975,89711465,1,0,0,50176,6,3423320427
5061,42031359,83055368,125086727,8,0,1,49152,12,4284805005
5062,42043541,47365428,89408969,2,0,0,54784,12,10492385185
5063,42059230,47270018,89329248,8,0,0,123904,12,1658165850
5064,42061560,47275979,89337539,8,0,0,27136,12,2665861803
5065,42070500,83016250,125086750,5,0,1,512,7,4312183350
5066,42070839,83015934,125086773,8,0,1,7680,12,5238315597
5067,42071181,47023249,89094430,2,0,0,9216,12,7480934058
5068,42074410,47408214,89482624,1,0,0,16384,6,6915303868
5069,42090680,47248598,89339278,6,0,0,5632,12,2349031352
5070,42100329,82986467,125086796,4,0,1,8704,12,9464352504
5071,42111300,47470926,89582226,8,0,0,70656,12,1592143240
5072,42137209,83058616,125195825,6,0,1,14336,12,4315440360
5073,42148350,47396089,89544439,7,0,0,2560,9,9597159643
5074,42151800,47101308,89253108,0,0,0,35328,14,1925651941
5075,42155069,83446545,125601614,8,0,1,16896,12,10314914537
5076,42185220,47292381,89477601,5,0,0,43008,7,6090758752
5077,42216140,47557113,89773253,3,0,0,91648,9,7207744530
5078,42239459,83725136,125964595,9,0,1,1024,3,9403830468
5079,42240900,47319757,89560657,9,0,0,4096,3,4746101573
5080,42282840,47405006,89687846,1,0,0,37376,6,2900099526
5081,42285600,47331511,89617111,8,0,0,39424,12,1134480032
5082,42286560,47597663,89884223,9,0,0,66560,3,605152582
5083,42289300,47527363,89816663,5,0,0,6144,7,9177967778
5084,42292420,83673481,125965901,2,0,1,2048,12,7220211616
5085,42292910,47903590,90196500,3,0,0,336896,9,7868527083
5086,42316210,47965699,90281909,6,0,0,89088,12,1980622903
5087,42322570,47314654,89637224,8,0,0,1024,12,2556825179
5088,42324799,83685905,126010704,9,0,1,17920,3,3204296805
5089,42326170,83684557,126010727,2,0,1,10240,12,433453705
5090,42326909,83899509,126226418,8,0,1,10240,12,8549936554
5091,42330660,47648522,89979182,1,0,0,6144,6,4752897567
5092,42330851,47989219,90320070,2,0,0,50688,12,450265700
5093,42340210,47613202,89953412,8,0,0,53760,12,1317937150
5094,42347289,83883955,126231244,9,0,1,7680,3,8497213399
5095,42366681,47649505,90016186,2,0,0,64000,12,1200121772
5096,42399030,47507213,89906243,0,0,0,12800,14,6013472160
5097,42399479,83857518,126256997,7,0,1,5632,9,1909940679
5098,42399791,47854951,90254742,2,0,0,154624,12,929864939
5099,42401430,47555483,89956913,8,0,0,11264,12,3920139026
5100,42424750,48233908,90658658,6,0,0,36352,12,1286341236
5101,42428570,47904182,90332752,5,0,0,29184,7,7494714510
5102,42428831,48117501,90546332,2,0,0,47616,12,6438057365
5103,42467349,83789671,126257020,7,0,1,11776,9,10226487966
5104,42473820,47810483,90284303,1,0,0,1536,6,5141881634
5105,42474000,47733599,90207599,3,0,0,36352,9,4544334
5106,42476319,83780724,126257043,4,0,1,5120,12,4171959438
5107,42481980,47801832,90283812,5,0,0,6144,7,1410741083
5108,42516300,83741215,126257515,3,0,1,26624,9,2959033010
5109,42522121,47930960,90453081,2,0,0,32256,12,970549201
5110,42526940,84681447,127208387,5,0,1,168960,7,169172368
5111,42528631,48413027,90941658,2,0,0,36352,12,10615590803
5112,42566210,48236936,90803146,0,0,0,139776,14,5562711008
5113,42571830,84636580,127208410,0,0,1,12288,14,9426947354
5114,42579370,47744467,90323837,3,0,0,12288,9,3193484632
5115,42580720,47833930,90414650,8,0,0,95232,12,6985325219
5116,42587219,84699353,127286572,7,0,1,42496,9,10614316487
5117,42589510,47796101,90385611,9,0,0,65024,3,3191872525
5118,42596330,48051229,90647559,1,0,0,86528,6,383814526
5119,42605549,84785234,127390783,9,0,1,19456,3,6415948253
5120,42612119,84782112,127394231,1,0,1,6144,6,3218767026
5121,42652560,47872800,90525360,1,0,0,10240,6,3709861598
5122,42665779,85015102,127680881,8,0,1,55296,12,7644313194
5123,42665969,85181827,127847796,4,0,1,6144,12,2821138539
5124,42673770,85174049,127847819,3,0,1,4608,9,4122264046
5125,42712140,48309073,91021213,1,0,0,48128,6,8025384341
5126,42714280,48371061,91085341,9,0,0,97280,3,1831594523
5127,42720450,85997494,128717944,5,0,1,295936,7,3550663153
5128,42727560,48085749,90813309,5,0,0,33280,7,3500302456
5129,42733979,85988300,128722279,6,0,1,8704,12,8794286300
5130,42755221,48165659,90920880,2,0,0,68608,12,8052488967
5131,42760750,48139203,90899953,6,0,0,15872,12,5530225367
5132,42763219,85976987,128740206,4,0,1,1536,12,7058795397
5133,42764929,85991121,128756050,1,0,1,14848,6,8742895512
5134,42765269,86127263,128892532,6,0,1,14336,12,483633941
5135,42769620,48093241,90862861,8,0,0,17408,12,157526500
5136,42788580,47890380,90678960,5,0,0,10752,7,8688227367
5137,42820150,48037253,90857403,5,0,0,12288,7,4525532965
5138,42830530,48333374,91163904,6,0,0,68608,12,590164474
5139,42837140,48345819,91182959,9,0,0,62464,3,2499950001
5140,42846970,86253279,129100249,2,0,1,22528,12,5811219038
5141,42861399,86250754,129112153,8,0,1,18944,12,1578692932
5142,42862190,48588526,91450716,8,0,0,50176,12,3627631112
5143,42895620,48380042,91275662,5,0,0,47104,7,1504817805
5144,42898180,48238415,91136595,8,0,0,21504,12,73884235
5145,42898659,86563747,129462406,9,0,1,37376,3,4659927750
5146,42924310,48360361,91284671,9,0,0,27136,3,4939332297
5147,42924510,48293956,91218466,5,0,0,17920,7,10544121070
5148,42929971,48691383,91621354,2,0,0,36352,12,5097822005
5149,42931970,48539117,91471087,3,0,0,7680,9,8716712130
5150,42944440,86997395,129941835,5,0,1,116736,7,2801026631
5151,42957830,48652425,91610255,8,0,0,42496,12,1739037291
5152,42966000,48585757,91551757,5,0,0,39424,7,5318912684
5153,42979280,48972167,91951447,8,0,0,21504,12,4562469820
5154,42994529,86960894,129955423,1,0,1,9728,6,8840932301
5155,43038270,48815182,91853452,6,0,0,31232,12,6112767817
5156,43052770,48671978,91724748,9,0,0,70144,3,1844213991
5157,43056230,86900576,129956806,2,0,1,14848,12,8542800975
5158,43061380,48424208,91485588,6,0,0,18432,12,822755897
5159,43072730,87230888,130303618,5,0,1,257536,7,4140793092
5160,43078000,48592879,91670879,6,0,0,130560,12,2356712553
5161,43081030,48838850,91919880,8,0,0,128512,12,21019802
5162,43081719,87249310,130331029,6,0,1,5120,12,592239363
5163,43087280,48953728,92041008,8,0,0,87552,12,426290419
5164,43100470,48942924,92043394,5,0,0,7680,7,369960299
5165,43110530,48770171,91880701,1,0,0,52736,6,7702808196
5166,43120299,87210753,130331052,1,0,1,8192,6,1039983638
5167,43134519,87196556,130331075,6,0,1,6656,12,5130390151
5168,43149579,87198162,130347741,4,0,1,36352,12,2018770899
5169,43161580,48944861,92106441,1,0,0,206848,6,2903142353
5170,43177620,48936542,92114162,1,0,0,25088,6,1117511537
5171,43179870,48974937,92154807,5,0,0,64512,7,8935203766
5172,43181090,48744897,91925987,1,0,0,19968,6,8317489309
5173,43181229,87219194,130400423,7,0,1,22528,9,3333084903
5174,43184530,49275786,92460316,1,0,0,75776,6,8136247321
5175,43201520,48933592,92135112,1,0,0,1536,6,8699496181
5176,43233820,48900801,92134621,0,0,0,67072,14,9230204961
5177,43237860,48974899,92212759,0,0,0,73728,14,1608448849
5178,43239760,49002884,92242644,6,0,0,7168,12,2419449105
5179,43251660,49004729,92256389,6,0,0,14336,12,8414377350
5180,43256030,87237461,130493491,3,0,1,29696,9,3985675242
5181,43263380,49156313,92419693,9,0,0,40960,3,2757492903
5182,43265520,87235849,130501369,0,0,1,61952,14,5288310847
5183,43270240,49377534,92647774,1,0,0,30720,6,3128834785
5184,43272501,49217030,92489531,2,0,0,67584,12,10274337372
5185,43281690,49308277,92589967,6,0,0,84480,12,2875961393
5186,43284770,49307716,92592486,9,0,0,8192,3,9604724364
5187,43286029,87235255,130521284,9,0,1,16384,3,10418384013
5188,43292850,49577986,92870836,3,0,0,292864,9,6302952487
5189,43317000,49059132,92376132,0,0,0,55296,14,8169926274
5190,43321251,49201531,92522782,2,0,0,109056,12,5960311328
5191,43339540,49559757,92899297,1,0,0,10240,6,1127065017
5192,43341069,87244512,130585581,4,0,1,14848,12,1963356164
5193,43341890,49397129,92739019,0,0,0,31232,14,2847897794
5194,43345590,49268503,92614093,0,0,0,36352,14,1980039352
5195,43359749,87229378,130589127,7,0,1,5632,9,2130181088
5196,43362779,87257252,130620031,9,0,1,46592,3,6043108773
5197,43387810,49542866,92930676,5,0,0,102912,7,9270062160
5198,43401440,88706854,132108294,5,0,1,917504,7,5263259790
5199,43408130,49792768,93200898,9,0,0,156672,3,9302508042
5200,43419770,49179039,92598809,9,0,0,15360,3,3808707649
5201,43423500,49456251,92879751,1,0,0,29184,6,3702820110
5202,43444140,49452014,92896154,9,0,0,53760,3,9959744849
5203,43461430,49958887,93420317,1,0,0,27136,6,8139721297
5204,43468790,49508931,92977721,5,0,0,49664,7,7719807455
5205,43469720,49792914,93262634,1,0,0,14336,6,7032888669
5206,43469989,88716669,132186658,1,0,1,28672,6,1682467246
5207,43490170,49533176,93023346,6,0,0,47104,12,1422920098
5208,43502091,49277577,92779668,2,0,0,77312,12,4410897656
5209,43517360,49212120,92729480,9,0,0,20992,3,4191744500
5210,43533030,49424501,92957531,0,0,0,88064,14,9428985049
5211,43534850,49180066,92714916,0,0,0,26112,14,3415791399
5212,43535170,49616675,93151845,9,0,0,123904,3,7923877955
5213,43538939,88647742,132186681,6,0,1,3072,12,1069658101
5214,43561199,88625505,132186704,6,0,1,10752,12,7791580740
5215,43567880,49433613,93001493,1,0,0,6656,6,360982200
5216,43575160,49413656,92988816,8,0,0,13312,12,10113027682
5217,43578470,49507845,93086315,1,0,0,33792,6,1660469769
5218,43581210,49446839,93028049,5,0,0,15360,7,6588354009
5219,43585391,49654850,93240241,2,0,0,129024,12,10029674756
5220,43588731,49700252,93288983,2,0,0,1024,12,6702244664
5221,43589001,49369489,92958490,2,0,0,3072,12,8235248703
5222,43594240,49948387,93542627,0,0,0,109056,14,8313547885
5223,43596420,49556696,93153116,6,0,0,4096,12,6329412064
5224,43605450,49652777,93258227,5,0,0,52224,7,9521921787
5225,43614450,49627842,93242292,5,0,0,6656,7,8047138290
5226,43629941,49643201,93273142,2,0,0,17920,12,3383165042
5227,43647759,88538968,132186727,4,0,1,17408,12,2277128954
5228,43649330,88601021,132250351,2,0,1,4096,12,9760603843
5229,43658000,49812908,93470908,1,0,0,10240,6,776680481
5230,43658439,88592578,132251017,7,0,1,1024,9,2343892865
5231,43662650,88599694,132262344,3,0,1,23552,9,1755477339
5232,43678230,50002941,93681171,8,0,0,50688,12,6396384777
5233,43681200,49690571,93371771,8,0,0,30208,12,4303253398
5234,43684090,49647360,93331450,6,0,0,9216,12,8961800137
5235,43688560,49673984,93362544,0,0,0,54272,14,1644472769
5236,43712801,49745993,93458794,2,0,0,19456,12,1850491115
5237,43712930,49754181,93467111,0,0,0,22528,14,2868622501
5238,43714770,88550480,132265250,0,0,1,4608,14,4704229191
5239,43716650,49897257,93613907,8,0,0,89088,12,4132929997
5240,43723400,49854052,93577452,7,0,0,59904,9,6506896632
5241,43724639,88544718,132269357,6,0,1,4608,12,337601560
5242,43747699,88523604,132271303,4,0,1,3072,12,8881961534
5243,43750990,49793220,93544210,0,0,0,5120,14,8599087433
5244,43758639,88513125,132271764,1,0,1,10240,6,7429740416
5245,43760920,49958183,93719103,9,0,0,49152,3,9214163893
5246,43760979,88512731,132273710,7,0,1,3072,9,7710935165
5247,43774119,88506158,132280277,1,0,1,31232,6,5571349719
5248,43774179,88526645,132300824,9,0,1,5632,3,2816704079
5249,43786920,49827634,93614554,1,0,0,2048,6,10146799683
5250,43798670,50005267,93803937,9,0,0,30720,3,9343362230
5251,43808170,49849576,93657746,0,0,0,28672,14,1165758762
5252,43834820,91083731,134918551,5,0,1,1780224,7,5678348883
5253,43836360,50694594,94530954,9,0,0,97280,3,3384700519
5254,43847431,50454582,94302013,2,0,0,67584,12,7428086583
5255,43847851,50557729,94405580,2,0,0,61440,12,10564493275
5256,43889880,50424208,94314088,9,0,0,28672,3,1415044372
5257,43891170,50600958,94492128,1,0,0,112640,6,600150968
5258,43904240,91014465,134918705,2,0,1,8704,12,5342908402
5259,43917809,91029047,134946856,1,0,1,25088,6,338562148
5260,43929640,91043441,134973081,2,0,1,19968,12,5298606381
5261,43955511,50385842,94341353,2,0,0,13312,12,8487928845
5262,43959820,50611498,94571318,9,0,0,112128,3,260808241
5263,43974470,50219875,94194345,0,0,0,55296,14,4074980775
5264,43990840,50634681,94625521,5,0,0,30208,7,10219488932
5265,44006740,50346129,94352869,5,0,0,512,7,7098389411
5266,44028020,50954183,94982203,9,0,0,44544,3,5887829156
5267,44028179,90951920,134980099,1,0,1,2048,6,786919712
5268,44042470,90950935,134993405,2,0,1,36864,12,6439453013
5269,44072379,90937618,135009997,6,0,1,7168,12,4481691549
5270,44073709,90937056,135010765,9,0,1,11776,3,3875764087
5271,44077350,51185291,95262641,0,0,0,96256,14,3236708998
5272,44081870,50534401,94616271,8,0,0,38912,12,2719166463
5273,44093170,50753869,94847039,0,0,0,57856,14,9821634703
5274,44104260,90910909,135015169,3,0,1,2048,9,9423559609
5275,44111770,50747460,94859230,8,0,0,39936,12,7048653831
5276,44112600,51108788,95221388,0,0,0,289280,14,4901131156
5277,44155241,50830729,94985970,2,0,0,12288,12,6265437446
5278,44155771,50975666,95131437,2,0,0,114688,12,571767939
5279,44168220,51060367,95228587,1,0,0,23552,6,1531199703
5280,44176690,50722224,94898914,8,0,0,2560,12,5915755543
5281,44182980,91385338,135568318,3,0,1,29696,9,1000594856
5282,44186330,50679194,94865524,0,0,0,16384,14,9474368458
5283,44190970,51087918,95278888,9,0,0,53248,3,4887719577
5284,44216270,50550886,94767156,5,0,0,2048,7,3739824602
5285,44222740,50722582,94945322,5,0,0,45568,7,618416193
5286,44233239,91335102,135568341,4,0,1,8704,12,7007665121
5287,44237430,50513438,94750868,9,0,0,9728,3,8770529125
5288,44252050,50629068,94881118,5,0,0,12800,7,2170549311
5289,44277790,91310253,135588043,2,0,1,14336,12,3349462043
5290,44282870,51032964,95315834,8,0,0,48640,12,3910372532
5291,44290920,50569581,94860501,9,0,0,4096,3,9016776581
5292,44291339,91296727,135588066,4,0,1,6656,12,7194750601
5293,44337950,50609111,94947061,8,0,0,5632,12,5528858119
5294,44338240,51079054,95417294,8,0,0,19456,12,10371901985
5295,44341460,51085685,95427145,8,0,0,32256,12,7973512361
5296,44342210,50699474,95041684,9,0,0,41472,3,8957403679
5297,44344839,91369098,135713937,7,0,1,36864,9,274133024
5298,44352029,91464625,135816654,8,0,1,24064,12,6364218582
5299,44352760,50880530,95233290,9,0,0,15360,3,7070232638
5300,44382330,91434347,135816677,2,0,1,20480,12,8853134252
5301,44393610,50996330,95389940,8,0,0,49664,12,7319901741
5302,44393720,50887242,95280962,8,0,0,6144,12,7721433224
5303,44426580,51192907,95619487,9,0,0,273920,3,8454205905
5304,44444159,91372541,135816700,6,0,1,3584,12,8961233199
5305,44446411,50832656,95279067,2,0,0,512,12,8931458149
5306,44459410,50951925,95411335,4,0,0,70144,12,3005851992
5307,44473169,91384823,135857992,4,0,1,3072,12,8435938125
5308,44474320,51763621,96237941,0,0,0,245760,14,997923840
5309,44503900,51248684,95752584,0,0,0,33280,14,3287542192
5310,44504559,91353456,135858015,9,0,1,9728,3,3844364232
5311,44513630,51475385,95989015,8,0,0,219136,12,8414926226
5312,44513701,51159485,95673186,2,0,0,76288,12,1798512301
5313,44529961,51093605,95623566,2,0,0,13312,12,3000166654
5314,44553149,91304889,135858038,6,0,1,14848,12,8322667201
5315,44576269,91294942,135871211,7,0,1,26112,9,3837914022
5316,44578699,91292535,135871234,9,0,1,5632,3,8592011443
5317,44583680,91287577,135871257,2,0,1,9728,12,5868860984
5318,44584410,91287845,135872255,0,0,1,9728,14,9474915601
5319,44593590,91339481,135933071,5,0,1,110080,7,7389325954
5320,44634110,51682825,96316935,0,0,0,46592,14,9331084819
5321,44648040,52289584,96937624,6,0,0,1028608,12,7464780705
5322,44666530,51447423,96113953,1,0,0,7680,6,5198022252
5323,44689719,91243375,135933094,1,0,1,10240,6,887850810
5324,44695910,51548606,96244516,8,0,0,21504,12,1476157825
5325,44696180,51549786,96245966,1,0,0,512,6,3803412789
5326,44721010,51398295,96119305,4,0,0,13824,12,7245473644
5327,44721899,91217239,135939138,9,0,1,42496,3,1563666511
5328,44722580,51580136,96302716,9,0,0,50688,3,9756178320
5329,44725311,51520476,96245787,2,0,0,4096,12,6734882296
5330,44738560,91246274,135984834,2,0,1,25600,12,3892339504
5331,44766419,91218761,135985180,9,0,1,512,3,3752344631
5332,44769080,51594453,96363533,5,0,0,5120,7,7604455602
5333,44789360,91196806,135986166,0,0,1,1536,14,6924667518
5334,44792100,51808751,96600851,7,0,0,24576,9,2543747652
5335,44821550,91168802,135990352,0,0,1,6656,14,2063531195
5336,44870359,91120979,135991338,8,0,1,1536,12,1616242621
5337,44873631,51719709,96593340,2,0,0,135168,12,10535037021
5338,44882490,52062847,96945337,9,0,0,25088,3,1946913427
5339,44905720,91088524,135994244,2,0,1,4608,12,1757445902
5340,44911669,91083958,135995627,1,0,1,14848,6,7185183358
5341,44924029,91074184,135998213,7,0,1,4096,9,7566488137
5342,44942180,52011338,96953518,9,0,0,26624,3,4896302080
5343,44944410,91058565,136002975,2,0,1,16384,12,6667430095
5344,44965750,52216205,97181955,9,0,0,14336,3,4493866314
5345,44981381,52331012,97312393,2,0,0,71168,12,5931104865
5346,45003310,91022587,136025897,2,0,1,29184,12,1259855541
5347,45015660,91329540,136345200,5,0,1,131072,7,4078610225
5348,45017040,52570938,97587978,5,0,0,32768,7,7163715244
5349,45020800,52438120,97458920,9,0,0,92160,3,1593080602
5350,45043229,91301994,136345223,7,0,1,8192,9,7940748076
5351,45045751,52294530,97340281,2,0,0,56832,12,3132493450
5352,45082131,52382116,97464247,2,0,0,17408,12,50871765
5353,45148109,91282037,136430146,6,0,1,106496,12,1172399750
5354,45149819,91312187,136462006,1,0,1,18944,6,8422233205
5355,45163129,91301136,136464265,6,0,1,26624,12,3294658146
5356,45185340,52333183,97518523,9,0,0,13312,3,566228635
5357,45204060,52264578,97468638,8,0,0,14336,12,6521906508
5358,45205750,52287247,97492997,3,0,0,79872,9,5088636694
5359,45216780,52523149,97739929,1,0,0,45056,6,7298580083
5360,45221140,52655439,97876579,1,0,0,39936,6,1811631165
5361,45223100,52354871,97577971,1,0,0,47104,6,3700071549
5362,45228620,52717119,97945739,5,0,0,66048,7,5837087067
5363,45229851,52466245,97696096,2,0,0,9728,12,6900141282
5364,45230451,52417628,97648079,2,0,0,27136,12,654258548
5365,45231049,91342487,136573536,7,0,1,63488,9,2225062473
5366,45233290,52863160,98096450,4,0,0,79360,12,3551476797
5367,45282350,52582038,97864388,1,0,0,68096,6,4240706616
5368,45287580,52632068,97919648,9,0,0,27648,3,10481147311
5369,45303951,52896352,98200303,2,0,0,27648,12,2759988080
5370,45312529,91352932,136665461,1,0,1,9216,6,9046121454
5371,45319451,52724103,98043554,2,0,0,67072,12,1653146156
5372,45333540,52868658,98202198,8,0,0,6144,12,8796208016
5373,45348940,52665601,98014541,8,0,0,53760,12,5573726705
5374,45378900,53027347,98406247,8,0,0,59392,12,6007966043
5375,45378921,53006977,98385898,2,0,0,73728,12,48985937
5376,45395650,52962279,98357929,8,0,0,49664,12,5183072242
5377,45400530,91266237,136666767,3,0,1,2048,9,10496306979
5378,45404290,92459881,137864171,5,0,1,531968,7,4529486259
5379,45437640,53086891,98524531,1,0,0,43520,6,8905386006
5380,45440631,52947474,98388105,2,0,0,7168,12,4154679630
5381,45462859,92419454,137882313,7,0,1,36864,9,6506738763
5382,45468640,53056694,98525334,9,0,0,2560,3,8925894801
5383,45476000,92412911,137888911,0,0,1,10240,14,2670286317
5384,45479011,53523184,99002195,2,0,0,53760,12,8853266089
5385,45493090,53035543,98528633,7,0,0,10752,9,1813125803
5386,45493640,52919510,98413150,1,0,0,22528,6,8194839007
5387,45503610,53595813,99099423,9,0,0,109056,3,6332138820
5388,45514269,92385764,137900033,9,0,1,44032,3,10044093281
5389,45520390,92419055,137939445,2,0,1,34816,12,5081079892
5390,45534720,53508526,99043246,8,0,0,134656,12,2761508429
5391,45549600,53211176,98760776,9,0,0,36864,3,10155838662
5392,45552660,53255693,98808353,9,0,0,37376,3,7130664264
5393,45567260,53210725,98777985,0,0,0,3072,14,1248142119
5394,45606850,53350562,98957412,8,0,0,131072,12,10371060381
5395,45609401,53456771,99066172,2,0,0,15872,12,6137645403
5396,45613439,92376884,137990323,1,0,1,10240,6,5381396178
5397,45622169,92372980,137995149,9,0,1,7680,3,7098357057
5398,45624500,53359591,98984091,7,0,0,10752,9,7326867866
5399,45625971,53526665,99152636,2,0,0,50688,12,5959104507
5400,45628050,53425032,99053082,1,0,0,8192,6,7975495578
5401,45628941,53416231,99045172,2,0,0,3584,12,3051542762
5402,45640019,92356410,137996429,7,0,1,14336,9,2707762875
5403,45643250,92356725,137999975,2,0,1,5632,12,10627598215
5404,45677790,53366267,99044057,5,0,0,2560,7,9090332881
5405,45684499,92319880,138004379,1,0,1,18944,6,2956843765
5406,45694829,92355690,138050519,6,0,1,15360,12,8115908288
5407,45753060,53502253,99255313,7,0,0,78336,9,4597393571
5408,45755510,92373684,138129194,3,0,1,31744,9,5191368206
5409,45769260,53748130,99517390,7,0,0,45056,9,1273259169
5410,45790929,92338288,138129217,7,0,1,18432,9,276497241
5411,45807000,92366879,138173879,3,0,1,9728,9,3015080806
5412,45813450,93055643,138869093,5,0,1,526848,7,6366643178
5413,45821550,53770110,99591660,9,0,0,138240,3,9205620286
5414,45859900,53623387,99483287,4,0,0,13824,12,9029849481
5415,45870260,53529634,99399894,8,0,0,18432,12,6282997544
5416,45873020,53566805,99439825,4,0,0,12288,12,9041566335
5417,45873220,53738477,99611697,1,0,0,37376,6,8529760449
5418,45886220,53714066,99600286,4,0,0,28160,12,973105668
5419,45895220,93040935,138936155,3,0,1,32256,9,2951592517
5420,45923769,93021059,138944828,8,0,1,10752,12,5026140014
5421,45925230,53799567,99724797,5,0,0,22528,7,3354577338
5422,45930800,93041609,138972409,3,0,1,13824,9,3376188212
5423,45940430,54011934,99952364,5,0,0,32256,7,792604604
5424,45942650,53860356,99803006,1,0,0,35328,6,8230697866
5425,45949390,53916209,99865599,1,0,0,61952,6,240299501
5426,45957431,53913495,99870926,2,0,0,17408,12,2711599096
5427,45958140,54007195,99965335,5,0,0,42496,7,3984253273
5428,45959510,53970473,99929983,9,0,0,8704,3,471790241
5429,45963849,93008583,138972432,8,0,1,9216,12,6907174342
5430,45980159,92992296,138972455,4,0,1,34304,12,2015245749
5431,45992680,54131368,100124048,5,0,0,10752,7,10600642940
5432,45994390,54102455,100096845,8,0,0,512,12,8954322532
5433,46001950,54384107,100386057,1,0,0,104448,6,4160758603
5434,46005170,54231125,100236295,4,0,0,94208,12,10218139274
5435,46012890,93054929,139067819,5,0,1,64512,7,2070380642
5436,46021740,54532039,100553779,7,0,0,75776,9,4502166479
5437,46025470,93087366,139112836,0,0,1,41472,14,6627715216
5438,46029631,54230654,100260285,2,0,0,12288,12,551187558
5439,46033660,54383807,100417467,9,0,0,14848,3,5989744471
5440,46034690,54520383,100555073,4,0,0,4096,12,1507931092
5441,46035011,54355125,100390136,2,0,0,13312,12,2574898085
5442,46036430,54832717,100869147,5,0,0,126464,7,8397968220
5443,46058480,54522539,100581019,9,0,0,6656,3,1412678125
5444,46066550,54429683,100496233,9,0,0,29184,3,8207904696
5445,46066699,93047763,139114462,9,0,1,2560,3,8798098709
5446,46069170,93118789,139187959,2,0,1,4096,12,2603089968
5447,46079890,54328593,100408483,7,0,0,512,9,2470728625
5448,46082129,93105853,139187982,4,0,1,1024,12,9930814206
5449,46086820,54566303,100653123,8,0,0,23040,12,7443850282
5450,46088399,93099606,139188005,4,0,1,5632,12,8882563174
5451,46096080,54817903,100913983,7,0,0,50176,9,3508951715
5452,46099230,93089445,139188675,0,0,1,4096,14,1527849430
5453,46104160,55108625,101212785,9,0,0,44544,3,8377067737
5454,46124830,93063868,139188698,2,0,1,18432,12,6060102076
5455,46127870,93060851,139188721,3,0,1,512,9,5603069566
5456,46128730,54563332,100692062,8,0,0,3584,12,3684578560
5457,46131570,55161585,101293155,3,0,0,69120,9,5639236917
5458,46133850,93054894,139188744,1,0,1,2560,6,4583792167
5459,46151520,54581300,100732820,9,0,0,14336,3,8346459700
5460,46162620,54814865,100977485,4,0,0,33792,12,8480764754
5461,46165510,55062586,101228096,8,0,0,50176,12,4607041169
5462,46174990,55024177,101199167,7,0,0,288256,9,5793820626
5463,46179369,93009398,139188767,7,0,1,6656,9,6302551620
5464,46184020,93004770,139188790,0,0,1,4608,14,6647417537
5465,46195280,93006245,139201525,3,0,1,29696,9,20546607
5466,46200710,93143216,139343926,3,0,1,103424,9,1957331427
5467,46210940,55165293,101376233,5,0,0,62976,7,1509521505
5468,46214100,93166874,139380974,0,0,1,7680,14,9753030786
5469,46224240,55193359,101417599,7,0,0,2560,9,3518221739
5470,46226620,55083026,101309646,5,0,0,24576,7,7745737926
5471,46233549,93148536,139382085,7,0,1,5632,9,5291681075
5472,46244119,93159837,139403956,9,0,1,1024,3,9302494044
5473,46247959,93156823,139404782,9,0,1,6656,3,4189459334
5474,46255520,55237338,101492858,9,0,0,15360,3,3781928836
5475,46267310,55320762,101588072,7,0,0,21504,9,3112152786
5476,46284309,93135926,139420235,6,0,1,11776,12,5835147255
5477,46295531,55480106,101775637,2,0,0,29696,12,4592437008
5478,46297730,93124093,139421823,0,0,1,15872,14,4277486590
5479,46303399,93187346,139490745,7,0,1,12288,9,9318262788
5480,46310209,93271726,139581935,6,0,1,1024,12,9124706991
5481,46311240,55488600,101799840,7,0,0,79360,9,9983543037
5482,46311671,55453156,101764827,2,0,0,190976,12,3265631118
5483,46312650,55252564,101565214,7,0,0,4096,9,4815518290
5484,46322360,93474378,139796738,0,0,1,57344,14,4557357969
5485,46328870,55547104,101875974,9,0,0,19456,3,8454148213
5486,46345160,55613240,101958400,7,0,0,146944,9,1075265938
5487,46347739,93632654,139980393,4,0,1,51712,12,4938163229
5488,46351449,93628967,139980416,4,0,1,1024,12,1978527082
5489,46383670,93610964,139994634,2,0,1,12288,12,10243373028
5490,46393031,55576332,101969363,2,0,0,26112,12,1668935680
5491,46398149,93599391,139997540,1,0,1,4608,6,2956780452
5492,46400200,55643132,102043332,4,0,0,129024,12,5225954677
5493,46418679,93615828,140034507,9,0,1,12288,3,8075012833
5494,46424170,55342396,101766566,1,0,0,5632,6,1550510124
5495,46430150,55652106,102082256,9,0,0,1024,3,7237453025
5496,46432160,55706102,102138262,8,0,0,4096,12,7178159567
5497,46452560,55743033,102195593,4,0,0,64512,12,1725483405
5498,46478620,55571131,102049751,4,0,0,20992,12,5407131228
5499,46500461,55661138,102161599,2,0,0,13824,12,4270736336
5500,46508620,55555685,102064305,1,0,0,29696,6,2879432516
5501,46521480,55820051,102341531,5,0,0,83968,7,3011773170
5502,46523480,93511050,140034530,0,0,1,1536,14,2916596523
5503,46526710,55528524,102055234,5,0,0,17920,7,8730072065
5504,46548700,55411751,101960451,9,0,0,6656,3,6341476150
5505,46550060,55564539,102114599,7,0,0,45568,9,5576772446
5506,46551160,55656374,102207534,9,0,0,9216,3,1571847827
5507,46578751,56147776,102726527,2,0,0,9728,12,5175028333
5508,46585450,55993524,102578974,1,0,0,48128,6,9159992661
5509,46587790,55727635,102315425,9,0,0,89600,3,2363161605
5510,46599420,55688682,102288102,7,0,0,92160,9,9121692777
5511,46600321,56110624,102710945,2,0,0,35328,12,1522029892
5512,46623090,55797476,102420566,5,0,0,37888,7,8016462620
5513,46637660,55771339,102408999,5,0,0,47104,7,327774509
5514,46640250,56137923,102778173,5,0,0,44032,7,8109443115
5515,46661299,93462524,140123823,6,0,1,43520,12,2222917245
5516,46666820,56021618,102688438,8,0,0,15360,12,9798720077
5517,46677389,93502022,140179411,6,0,1,16384,12,4301582899
5518,46699551,55757404,102456955,2,0,0,28160,12,348887227
5519,46705530,55788227,102493757,5,0,0,117760,7,3105820489
5520,46707240,56246055,102953295,9,0,0,71168,3,6512447288
5521,46709740,56054994,102764734,4,0,0,104448,12,4677189813
5522,46710880,55947811,102658691,1,0,0,103424,6,6608347361
5523,46711429,93495800,140207229,4,0,1,5632,12,8682478086
5524,46713550,55602374,102315924,1,0,0,1536,6,1586369844
5525,46724440,55881748,102606188,9,0,0,20480,3,9605306591
5526,46731819,93475433,140207252,9,0,1,9728,3,6469542076
5527,46737850,56240387,102978237,4,0,0,22016,12,7814755827
5528,46767320,56117745,102885065,7,0,0,98816,9,4790490199
5529,46772320,55786296,102558616,1,0,0,37888,6,4261832206
5530,46772560,56387150,103159710,7,0,0,8704,9,9679408724
5531,46796390,55625429,102421819,4,0,0,3584,12,4946261476
5532,46806720,93400555,140207275,1,0,1,2560,6,7902626417
5533,46844269,93363029,140207298,8,0,1,512,12,5795764105
5534,46848520,56202156,103050676,9,0,0,34816,3,5283740313
5535,46856320,55862355,102718675,7,0,0,13312,9,7364808702
5536,46866380,93340941,140207321,3,0,1,1536,9,649165543
5537,46891860,56469101,103360961,6,0,0,134144,12,7705364223
5538,46894480,56293868,103188348,7,0,0,15872,9,471763525
5539,46900250,56233055,103133305,5,0,0,50688,7,10125929756
5540,46915740,93291604,140207344,0,0,1,12288,14,57668999
5541,46929550,56027356,102956906,5,0,0,11776,7,6560478360
5542,46941720,55878722,102820442,8,0,0,30720,12,3888324338
5543,46945959,93516064,140462023,9,0,1,63488,3,6631425573
5544,46960150,55968139,102928289,5,0,0,79360,7,1445165875
5545,46972460,56517531,103489991,9,0,0,324608,3,1557305965
5546,46975051,56160617,103135668,2,0,0,7680,12,7157948221
5547,46981070,93597710,140578780,3,0,1,20992,9,892238792
5548,46983151,56216790,103199941,2,0,0,12288,12,9602153086
5549,46989290,55942298,102931588,4,0,0,10752,12,2629235487
5550,46998310,56527208,103525518,9,0,0,74240,3,2567142807
5551,47000559,93777400,140777959,6,0,1,25600,12,8442074703
5552,47006040,93810232,140816272,0,0,1,13824,14,93750094
5553,47012410,56897829,103910239,5,0,0,107008,7,7755122910
5554,47012730,56362294,103375024,9,0,0,46080,3,5667883907
5555,47014180,93802115,140816295,3,0,1,10240,9,7997074480
5556,47038070,56257054,103295124,9,0,0,40448,3,6483509155
5557,47040120,56505280,103545400,4,0,0,53248,12,4936495477
5558,47046410,56456465,103502875,4,0,0,41984,12,4314603246
5559,47057470,93857529,140914999,2,0,1,19968,12,2190413585
5560,47067680,56662995,103730675,9,0,0,70656,3,8034239840
5561,47067699,93851197,140918896,9,0,1,1536,3,1037973078
5562,47079139,93840218,140919357,8,0,1,10240,12,5991814900
5563,47117030,94072845,141189875,1,0,1,40448,6,3188864337
5564,47132520,56433228,103565748,7,0,0,10240,9,4685825539
5565,47177120,56438683,103615803,5,0,0,6144,7,6152190222
5566,47180620,56348533,103529153,1,0,0,11776,6,6641844351
5567,47189931,56402177,103592108,2,0,0,74752,12,10626933467
5568,47193280,93996618,141189898,1,0,1,5120,6,8068720339
5569,47198391,56460301,103658692,2,0,0,30208,12,4625611112
5570,47200409,94005198,141205607,4,0,1,12800,12,6937257702
5571,47202009,94007903,141209912,8,0,1,10752,12,10621647196
5572,47207399,94025039,141232438,9,0,1,6144,3,6082858041
5573,47208350,56855785,104064135,9,0,0,74240,3,9404043798
5574,47222590,56703428,103926018,9,0,0,51712,3,2396087440
5575,47236579,94152310,141388889,9,0,1,39424,3,539956837
5576,47241241,56523466,103764707,2,0,0,17920,12,838524087
5577,47249270,94155523,141404793,3,0,1,2560,9,2967546511
5578,47249630,56496753,103746383,8,0,0,8192,12,1614202792
5579,47283860,56642672,103926532,5,0,0,512,7,10225132880
5580,47302780,56929914,104232694,4,0,0,92672,12,6617310710
5581,47314970,56611383,103926353,4,0,0,1024,12,2318506856
5582,47336730,94243645,141580375,5,0,1,51200,7,8115844959
5583,47338231,56963289,104301520,2,0,0,120832,12,10004921257
5584,47350800,94229598,141580398,1,0,1,11264,6,3470597281
5585,47368330,56888552,104256882,8,0,0,5120,12,5903584156
5586,47382300,56952946,104335246,8,0,0,27136,12,10298270760
5587,47385300,56788152,104173452,5,0,0,27648,7,306610931
5588,47394800,56726536,104121336,9,0,0,17920,3,4579166212
5589,47414659,94165762,141580421,4,0,1,8704,12,1534492189
5590,47416800,57400907,104817707,4,0,0,166400,12,4572607263
5591,47419230,57237524,104656754,9,0,0,129024,3,10028382164
5592,47423169,94251321,141674490,6,0,1,10240,12,564895315
5593,47438350,57455102,104893452,6,0,0,136192,12,7465094861
5594,47444630,57247457,104692087,7,0,0,95232,9,6425190489
5595,47446290,57405627,104851917,1,0,0,75776,6,10586300021
5596,47452500,57210540,104663040,4,0,0,20480,12,5579383366
5597,47467340,57457629,104924969,9,0,0,11264,3,1035204987
5598,47471961,57356845,104828806,2,0,0,36352,12,6423166491
5599,47484680,57653196,105137876,6,0,0,46080,12,1463900407
5600,47496180,57480082,104976262,6,0,0,13312,12,4709878461
5601,47503781,57482682,104986463,2,0,0,15360,12,7610951800
5602,47509530,94192567,141702097,1,0,1,7168,6,4840664353
5603,47509980,94359287,141869267,2,0,1,17408,12,3471937124
5604,47513590,57757327,105270917,8,0,0,128512,12,6814638014
5605,47555600,57568213,105123813,1,0,0,52224,6,3387940997
5606,47576660,57634719,105211379,7,0,0,28672,9,4014570412
5607,47579170,57575413,105154583,4,0,0,3584,12,5773470420
5608,47588570,57734142,105322712,5,0,0,89600,7,411138217
5609,47598971,57508907,105107878,2,0,0,35328,12,3854236685
5610,47611560,57359235,104970795,8,0,0,6144,12,6113642531
5611,47617409,94251881,141869290,9,0,1,9216,3,5109826572
5612,47624499,94244814,141869313,9,0,1,7168,3,2464398692
5613,47632319,94351836,141984155,8,0,1,38912,12,7486580970
5614,47637890,57657499,105295389,7,0,0,32768,9,2911034481
5615,47660789,94496353,142157142,6,0,1,46080,12,393106158
5616,47669569,94490799,142160368,7,0,1,5120,9,10709557500
5617,47690060,57694973,105385033,9,0,0,30720,3,8438564852
5618,47716970,57744994,105461964,8,0,0,114176,12,5270453089
5619,47736559,94476064,142212623,4,0,1,11776,12,3216673513
5620,47764570,57558797,105323367,8,0,0,2048,12,5876377672
5621,47774230,57742319,105516549,4,0,0,58368,12,1200294712
5622,47777321,57745092,105522413,2,0,0,5120,12,8755831048
5623,47786000,57927969,105713969,7,0,0,61440,9,10173882515
5624,47792320,57942233,105734553,9,0,0,11776,3,7357290197
5625,47800010,57763952,105563962,7,0,0,512,9,9733261567
5626,47812850,57761967,105574817,7,0,0,1024,9,8255033167
5627,47818000,57745783,105563783,9,0,0,8704,3,4381402618
5628,47825720,94386926,142212646,3,0,1,9728,9,6738631012
5629,47840549,94973912,142814461,4,0,1,20480,12,10123903710
5630,47864859,95485882,143350741,7,0,1,70144,9,2938591286
5631,47869490,95538295,143407785,3,0,1,15360,9,6540449535
5632,47899260,57738347,105637607,4,0,0,19456,12,4297055536
5633,47911250,57888525,105799775,8,0,0,51200,12,8269498340
5634,47918130,58049856,105967986,6,0,0,128000,12,5184280483
5635,47919170,58049775,105968945,7,0,0,3072,9,7548947443
5636,47919380,95552754,143472134,1,0,1,35328,6,113744362
5637,47923421,57962617,105886038,2,0,0,19456,12,10130820332
5638,47929330,58066304,105995634,3,0,0,8704,9,617852160
5639,47931760,95612899,143544659,0,0,1,8192,14,2619329397
5640,47957450,58127581,106085031,8,0,0,56832,12,5498911792
5641,47960289,95662400,143622689,6,0,1,13824,12,8779466812
5642,47972120,58176649,106148769,7,0,0,55296,9,5262411542
5643,47975440,58042859,106018299,8,0,0,16384,12,7482010219
5644,47987740,58079846,106067586,7,0,0,33280,9,3686178714
5645,47992950,58273249,106266199,8,0,0,5632,12,9155059961
5646,48009849,95627246,143637095,6,0,1,16384,12,8312161118
5647,48022360,58303870,106326230,0,0,0,56320,14,9990751247
5648,48058290,58484199,106542489,6,0,0,34816,12,8865054392
5649,48072210,57856753,105928963,8,0,0,11776,12,4872914513
5650,48075880,58120989,106196869,1,0,0,1024,6,3664921109
5651,48091170,58248351,106339521,8,0,0,43520,12,8238862790
5652,48093960,58282244,106376204,6,0,0,120320,12,9197800902
5653,48094250,58592702,106686952,6,0,0,67584,12,8053628249
5654,48105440,58301101,106406541,1,0,0,59392,6,4262624633
5655,48109080,58337337,106446417,8,0,0,67072,12,2844258569
5656,48110200,58198847,106309047,1,0,0,30720,6,8898393174
5657,48112459,95542710,143655169,6,0,1,23040,12,2223610989
5658,48112729,95577065,143689794,8,0,1,17408,12,4067715059
5659,48116001,58583142,106699143,2,0,0,39936,12,4491770029
5660,48126350,58320714,106447064,5,0,0,2048,7,2720202352
5661,48138890,58636808,106775698,3,0,0,11776,9,6762305626
5662,48160690,95600790,143761480,1,0,1,8704,6,2511653872
5663,48160700,58319225,106479925,9,0,0,17408,3,838426348
5664,48167850,58981582,107149432,9,0,0,124928,3,1883886071
5665,48170250,58733619,106903869,9,0,0,31744,3,9875394167
5666,48170400,95643531,143813931,3,0,1,14336,9,2212515883
5667,48190629,95639950,143830579,7,0,1,17408,9,10055090814
5668,48194690,58470338,106665028,7,0,0,10752,9,8614281294
5669,48199070,58419152,106618222,9,0,0,10752,3,5136267127
5670,48216979,95616826,143833805,4,0,1,5120,12,4639280947
5671,48226790,58296613,106523403,5,0,0,5120,7,9739476091
5672,48238189,95602787,143840976,1,0,1,16896,6,4552811095
5673,48238559,95608909,143847468,4,0,1,1536,12,7351874071
5674,48244920,95603009,143847929,0,0,1,10240,14,7633785608
5675,48246380,59130677,107377057,4,0,0,133632,12,2791965559
5676,48246640,58714961,106961601,7,0,0,59904,9,2777234582
5677,48248379,95602456,143850835,8,0,1,4608,12,3445927046
5678,48264250,95601361,143865611,2,0,1,1024,12,5178051149
5679,48280550,95588310,143868860,5,0,1,26624,7,9004113419
5680,48284780,59341706,107626486,5,0,0,158720,7,4115594899
5681,48290110,95622280,143912390,1,0,1,25088,6,4945704175
5682,48291060,58784764,107075824,1,0,0,47616,6,4590661453
5683,48299089,95617167,143916256,4,0,1,6144,12,4024825478
5684,48310610,95613026,143923636,3,0,1,19456,9,6203879737
5685,48316730,58957413,107274143,6,0,0,80384,12,5863184145
5686,48329069,95597153,143926222,4,0,1,4096,12,6914340661
5687,48335730,59000588,107336318,8,0,0,103936,12,1773625285
5688,48343400,58767945,107111345,6,0,0,34304,12,9957025363
5689,48344909,95756814,144101723,7,0,1,12288,9,7957002143
5690,48346410,95846944,144193354,5,0,1,186368,7,8353014920
5691,48347550,59118566,107466116,7,0,0,85504,9,8346547135
5692,48348900,59052308,107401208,5,0,0,33792,7,3545913316
5693,48357300,59145541,107502841,5,0,0,27136,7,4337750126
5694,48369190,59267147,107636337,5,0,0,32256,7,352804216
5695,48399540,96515513,144915053,2,0,1,13312,12,4941143714
5696,48400770,59241830,107642600,9,0,0,20480,3,4665033761
5697,48401780,59286216,107687996,6,0,0,14336,12,7266583203
5698,48402430,59593829,107996259,4,0,0,235008,12,10545732323
5699,48408220,59483161,107891381,9,0,0,3072,3,9296187804
5700,48412290,59512342,107924632,6,0,0,109056,12,8489216114
5701,48415240,59609688,108024928,6,0,0,25088,12,1656539482
5702,48428989,96648252,145077241,8,0,1,1024,12,9091381152
5703,48430409,96650058,145080467,8,0,1,5120,12,6645988551
5704,48435020,59410315,107845335,6,0,0,2560,12,7824995446
5705,48473960,59531508,108005468,6,0,0,14336,12,5764781397
5706,48480391,59528540,108008931,2,0,0,11264,12,6657981316
5707,48491421,59509541,108000962,2,0,0,15360,12,500256792
5708,48504880,96662886,145167766,0,0,1,49664,14,4368371394
5709,48535070,59960977,108496047,7,0,0,107008,9,6980184063
5710,48548360,59901648,108450008,9,0,0,48128,3,2866153373
5711,48571889,96647146,145219035,4,0,1,33792,12,27855235
5712,48573901,59861420,108435321,2,0,0,135680,12,6679363662
5713,48575779,96643922,145219701,8,0,1,1024,12,7227772076
5714,48593640,59707018,108300658,8,0,0,16384,12,4600578278
5715,48657260,96562595,145219855,0,0,1,8704,14,7763412388
5716,48658960,59838358,108497318,0,0,0,4096,14,988658172
5717,48688310,60371714,109060024,6,0,0,80896,12,6137652323
5718,48693570,59580324,108273894,9,0,0,8192,3,10056224784
5719,48709871,60060580,108770451,2,0,0,48128,12,10101670474
5720,48735179,96516489,145251668,7,0,1,7680,9,406291928
5721,48760570,60528730,109289300,4,0,0,88576,12,10636398098
5722,48773450,60391496,109164946,1,0,0,76288,6,5886266280
5723,48776790,59933899,108710689,5,0,0,5632,7,6482284562
5724,48784389,96468688,145253077,4,0,1,3584,12,501302279
5725,48794400,60403439,109197839,7,0,0,2048,9,4653592705
5726,48798679,96461520,145260199,8,0,1,8192,12,10249129627
5727,48799010,60119091,108918101,8,0,0,23552,12,5249180116
5728,48802770,60095606,108898376,6,0,0,18944,12,8912313443
5729,48809800,60280542,109090342,4,0,0,58880,12,8982572888
5730,48819920,60681415,109501335,7,0,0,14848,9,5030212307
5731,48838660,60134143,108972803,5,0,0,20480,7,1237097379
5732,48858351,60518273,109376624,2,0,0,49664,12,931193413
5733,48859899,96490824,145350723,9,0,1,20480,3,3164564188
5734,48872210,60527369,109399579,7,0,0,75264,9,8931983455
5735,48884570,60607448,109492018,4,0,0,139264,12,3396832897
5736,48888100,60789324,109677424,7,0,0,49152,9,8129364201
5737,48892330,59879785,108772115,9,0,0,1024,3,4632655993
5738,48896120,96454626,145350746,1,0,1,31744,6,6717473182
5739,48928179,96464640,145392819,9,0,1,2048,3,7673340608
5740,48935640,60136731,109072371,4,0,0,40448,12,10279427651
5741,48948250,60413219,109361469,6,0,0,81408,12,9351450426
5742,48981591,60434160,109415751,2,0,0,21504,12,4432497353
5743,49002570,60755933,109758503,9,0,0,36864,3,6365175498
5744,49008000,60972061,109980061,1,0,0,15360,6,1265003757
5745,49012189,96385282,145397471,7,0,1,17408,9,7697327329
5746,49024860,59916782,108941642,6,0,0,7168,12,9245185573
5747,49034820,60603653,109638473,5,0,0,121344,7,2551201470
5748,49039000,59910691,108949691,4,0,0,5120,12,839097810
5749,49044360,60217929,109262289,9,0,0,17920,3,1355248752
5750,49046610,96626798,145673408,5,0,1,129536,7,9826333222
5751,49056299,96617623,145673922,8,0,1,14848,12,1982207713
5752,49057479,96627409,145684888,8,0,1,3584,12,6499301621
5753,49062460,60498307,109560767,4,0,0,60416,12,2109963420
5754,49063870,96621041,145684911,2,0,1,3072,12,4288506448
5755,49078211,60797910,109876121,2,0,0,93696,12,10676829514
5756,49078829,96631865,145710694,4,0,1,14336,12,10569850061
5757,49082729,96632791,145715520,6,0,1,7680,12,3465872860
5758,49088289,96691706,145779995,7,0,1,4096,9,2781027712
5759,49098890,60028632,109127522,6,0,0,31744,12,7916666098
5760,49098950,60216373,109315323,4,0,0,12800,12,634642444
5761,49104150,60643098,109747248,9,0,0,42496,3,10454245724
5762,49104190,60391930,109496120,4,0,0,13312,12,4071571556
5763,49109680,60795191,109904871,6,0,0,41984,12,8849971559
5764,49136430,60030278,109166708,5,0,0,5632,7,7413825619
5765,49138829,96678762,145817591,7,0,1,19456,9,1280658685
5766,49140020,60450423,109590443,8,0,0,40448,12,6455170142
5767,49141169,96677805,145818974,9,0,1,14848,3,7531723627
5768,49145180,60972644,110117824,9,0,0,46592,3,3655328921
5769,49169930,60529380,109699310,5,0,0,43008,7,2583880970
5770,49172950,60930655,110103605,1,0,0,112128,6,8664197323
5771,49190530,60764182,109954712,5,0,0,102912,7,4664379790
5772,49195020,60491163,109686183,1,0,0,28672,6,10168609089
5773,49201350,60461075,109662425,9,0,0,53760,3,6158363040
5774,49202270,60624263,109826533,4,0,0,26624,12,8916550806
5775,49204770,96658778,145863548,0,0,1,1024,14,10150127756
5776,49204830,97080640,146285470,5,0,1,148480,7,7585209479
5777,49210900,97074593,146285493,1,0,1,2048,6,2855074260
5778,49217510,97068006,146285516,1,0,1,1536,6,5277452881
5779,49231381,60887090,110118471,2,0,0,2048,12,9075730617
5780,49234370,60807948,110042318,7,0,0,68608,9,616322131
5781,49244560,60157390,109401950,6,0,0,7680,12,6727025725
5782,49248840,60321178,109570018,1,0,0,1024,6,5187299552
5783,49253830,60666204,109920034,9,0,0,49664,3,2356905506
5784,49254260,97209393,146463653,3,0,1,6144,9,9581875423
5785,49254409,97209267,146463676,6,0,1,23040,12,7752842382
5786,49254540,60938564,110193104,5,0,0,14336,7,7238716089
5787,49270060,97529188,146799248,5,0,1,34816,7,9424363909
5788,49271230,60547168,109818398,7,0,0,32768,9,6913557229
5789,49294070,97561157,146855227,2,0,1,17408,12,8194387587
5790,49302870,60669181,109972051,5,0,0,56832,7,3257438473
5791,49323940,61191195,110515135,7,0,0,69632,9,3911223704
5792,49326241,60313815,109640056,2,0,0,5120,12,2739912691
5793,49330850,97524400,146855250,0,0,1,8192,14,468872752
5794,49336700,60715789,110052489,1,0,0,33280,6,1635520819
5795,49398830,97457098,146855928,5,0,1,3584,7,5541620580
5796,49403700,97452251,146855951,0,0,1,2560,14,2173979745
5797,49410870,61200440,110611310,5,0,0,20992,7,9968344181
5798,49432660,61284387,110717047,6,0,0,62464,12,9065065548
5799,49442949,97455199,146898148,8,0,1,37376,12,10699130767
5800,49445430,60446626,109892056,5,0,0,52224,7,1915047630
5801,49448480,60572732,110021212,6,0,0,57344,12,92298808
5802,49478370,60444963,109923333,4,0,0,10752,12,1650792179
5803,49493999,97575960,147069959,7,0,1,30720,9,6404936657
5804,49516970,60194076,109711046,7,0,0,3072,9,1267811839
5805,49520719,97553498,147074217,8,0,1,6144,12,8765512676
5806,49526800,60734221,110261021,1,0,0,17408,6,1833230939
5807,49562030,60663076,110225106,9,0,0,77824,3,9967605460
5808,49562701,60441016,110003717,2,0,0,41984,12,5362741571
5809,49565810,60759118,110324928,7,0,0,1024,9,8507831160
5810,49566399,97547428,147113827,8,0,1,1536,12,9252284820
5811,49569610,60405748,109975358,5,0,0,10752,7,1295395899
5812,49577569,97567035,147144604,6,0,1,9728,12,6897793387
5813,49579030,60745492,110324522,1,0,0,26112,6,10123570081
5814,49597730,97547642,147145372,2,0,1,11776,12,184889526
5815,49611680,61239423,110851103,7,0,0,73728,9,6112261490
5816,49633880,61296156,110930036,6,0,0,17408,12,6832236262
5817,49636520,60532858,110169378,5,0,0,13824,7,6442863695
5818,49656690,61318173,110974863,7,0,0,57856,9,10526837059
5819,49657450,60515695,110173145,6,0,0,12288,12,3358473793
5820,49672950,97486834,147159784,0,0,1,13312,14,9384092229
5821,49674470,60490673,110165143,5,0,0,63488,7,10625143436
5822,49677081,60843381,110520462,2,0,0,17408,12,284884834
5823,49681441,60812455,110493896,2,0,0,41472,12,10590375845
5824,49690659,97572287,147262946,8,0,1,16896,12,9300631964
5825,49693430,61135186,110828616,5,0,0,28672,7,9347149998
5826,49705029,97563063,147268092,4,0,1,8192,12,10423895032
5827,49706420,61291648,110998068,1,0,0,13312,6,177686476
5828,49706850,61284314,110991164,6,0,0,6144,12,7197389714
5829,49717360,60304031,110021391,6,0,0,512,12,9406853158
5830,49725919,97544759,147270678,6,0,1,4096,12,80873296
5831,49756120,60766773,110522893,1,0,0,2048,6,628949875
5832,49779750,97529415,147309165,3,0,1,3584,9,2639150058
5833,49782819,97558925,147341744,8,0,1,21504,12,6208491563
5834,49786480,60652508,110438988,5,0,0,52736,7,2204550683
5835,49804820,60760553,110565373,7,0,0,20480,9,9199917412
5836,49822620,60432125,110254745,0,0,0,22016,14,7574563877
5837,49837199,97504568,147341767,1,0,1,2048,6,1869691633
5838,49846940,60899196,110746136,0,0,0,61952,14,6716459089
5839,49847790,60764970,110612760,1,0,0,4096,6,10018951430
5840,49867700,61416906,111284606,9,0,0,497664,3,10567431652
5841,49890571,61205426,111095997,2,0,0,92672,12,8580053316
5842,49892751,60584678,110477429,2,0,0,8704,12,2503614433
5843,49895340,61233850,111129190,5,0,0,32768,7,9738673820
5844,49904780,97437010,147341790,0,0,1,9216,14,10594861346
5845,49913229,97562752,147475981,8,0,1,11776,12,4452545039
5846,49913240,60698249,110611489,4,0,0,512,12,2542086821
5847,49923320,60857531,110780851,7,0,0,44544,9,6868434921
5848,49925159,97605225,147530384,7,0,1,34304,9,3699299709
5849,49925429,97604978,147530407,4,0,1,512,12,7998238901
5850,49934580,61487892,111422472,0,0,0,91136,14,9033773749
5851,49942599,97587831,147530430,8,0,1,4608,12,10385756365
5852,49946489,97664047,147610536,6,0,1,40960,12,3763259692
5853,49947090,61440704,111387794,4,0,0,146432,12,5062047409
5854,49948170,60924962,110873132,5,0,0,65024,7,1671586293
5855,49960390,61478889,111439279,5,0,0,54784,7,7190765413
5856,49964540,61050857,111015397,1,0,0,34816,6,7762926827
5857,49973740,61015521,110989261,5,0,0,47104,7,6138817329
5858,49976309,97695549,147671858,6,0,1,21504,12,6115216396
5859,49980160,97721929,147702089,5,0,1,9216,7,10675558417
5860,49988051,61479462,111467513,2,0,0,48640,12,7771840652
5861,49989250,61334008,111323258,0,0,0,64512,14,2753202451
5862,49989850,60902878,110892728,4,0,0,18432,12,10138627053
5863,49995960,61020240,111016200,9,0,0,2560,3,7990332154
5864,50006420,61285922,111292342,4,0,0,25088,12,6982762012
5865,50012539,97785626,147798165,6,0,1,29184,12,9562129065
5866,50021829,97777104,147798933,9,0,1,11776,3,2525670469
5867,50051271,61252308,111303579,2,0,0,17920,12,8107014169
5868,50052100,97893733,147945833,0,0,1,2048,14,1253446430
5869,50063690,61425103,111488793,1,0,0,46080,6,7320834093
5870,50071859,97877034,147948893,7,0,1,5120,9,7079286824
5871,50074940,61268215,111343155,9,0,0,65024,3,9047359184
5872,50082060,61215944,111298004,5,0,0,18432,7,8616731726
5873,50085820,61694622,111780442,5,0,0,43008,7,6993957284
5874,50099660,61472588,111572248,0,0,0,96256,14,3837096937
5875,50102020,61344816,111446836,9,0,0,24576,3,2471651690
5876,50110300,61341239,111451539,9,0,0,15360,3,1675438945
5877,50117561,61559483,111677044,2,0,0,12288,12,7685862854
5878,50124090,61462065,111586155,0,0,0,45568,14,4895338205
5879,50147320,61385322,111532642,0,0,0,48640,14,9577105822
5880,50155800,61238881,111394681,4,0,0,22528,12,10017377490
5881,50155820,61791277,111947097,0,0,0,8192,14,5709287541
5882,50157110,61356120,111513230,5,0,0,23552,7,1418525688
5883,50165490,61428956,111594446,6,0,0,27136,12,6343523182
5884,50208220,61847651,112055871,4,0,0,6144,12,6150131096
5885,50213670,61239000,111452670,4,0,0,3584,12,7685231126
5886,50215870,61739467,111955337,7,0,0,13312,9,9271876531
5887,50220020,61409760,111629780,0,0,0,41984,14,1032681363
5888,50221870,61782440,112004310,0,0,0,25088,14,6207281945
5889,50233681,61479913,111713594,2,0,0,23552,12,9884029935
5890,50239450,61637153,111876603,4,0,0,50176,12,1978818640
5891,50240920,61664277,111905197,6,0,0,62464,12,3562177548
5892,50247669,98479024,148726693,4,0,1,48128,12,9528810955
5893,50254100,61487598,111741698,7,0,0,55296,9,10309052795
5894,50257570,61356598,111614168,8,0,0,20992,12,6865151464
5895,50289250,61373360,111662610,0,0,0,70144,14,10259219071
5896,50295489,98505394,148800883,8,0,1,1024,12,808626564
5897,50337980,61380362,111718342,5,0,0,512,7,6894956760
5898,50340980,61290539,111631519,4,0,0,5632,12,7978610347
5899,50357460,61111207,111468667,8,0,0,3584,12,404126292
5900,50368360,61270804,111639164,1,0,0,22016,6,1764340773
5901,50369241,61760862,112130103,2,0,0,27648,12,6294795033
5902,50376981,61864939,112241920,2,0,0,53760,12,1064688935
5903,50381199,98517960,148899159,6,0,1,30720,12,1722368336
5904,50385689,98653218,149038907,7,0,1,15872,9,1316204451
5905,50397580,61564176,111961756,5,0,0,20992,7,5908220579
5906,50404890,61716766,112121656,6,0,0,87040,12,806743815
5907,50405130,61481012,111886142,0,0,0,31232,14,7927030761
5908,50405510,61531215,111936725,0,0,0,39424,14,2042875813
5909,50420960,98620177,149041137,0,0,1,11264,14,4033384754
5910,50426610,61214605,111641215,9,0,0,6656,3,494184941
5911,50437030,61842491,112279521,1,0,0,54272,6,1369327102
5912,50453019,98634690,149087709,1,0,1,1536,6,10033098735
5913,50463950,61288691,111752641,3,0,0,35840,9,5926551398
5914,50464110,98623622,149087732,3,0,1,11264,9,5003266824
5915,50477070,98681940,149159010,5,0,1,8704,7,290103591
5916,50479110,61963633,112442743,5,0,0,150528,7,2222641748
5917,50487450,61560785,112048235,6,0,0,20480,12,10706897890
5918,50493971,61457287,111951258,2,0,0,12288,12,1695084304
5919,50495580,61589937,112085517,7,0,0,34816,9,5516941262
5920,50496690,61659070,112155760,7,0,0,39936,9,4342687321
5921,50514800,61535174,112049974,7,0,0,5632,9,3436006564
5922,50522150,61483587,112005737,6,0,0,4608,12,4855877618
5923,50534870,61936656,112471526,6,0,0,31232,12,2690563664
5924,50545309,98742368,149287677,7,0,1,4096,9,3627279178
5925,50570090,61640259,112210349,6,0,0,92672,12,2371281806
5926,50577480,61475637,112053117,4,0,0,10240,12,6842183558
5927,50591271,61669571,112260842,2,0,0,26112,12,239146558
5928,50594330,61852725,112447055,0,0,0,12288,14,4140035739
5929,50595720,61775094,112370814,7,0,0,111616,9,8946626416
5930,50609800,98698515,149308315,5,0,1,1536,7,2961746768
5931,50610470,61642393,112252863,8,0,0,35840,12,10159856047
5932,50622201,61521368,112143569,2,0,0,34816,12,8787384846
5933,50636560,61757544,112394104,9,0,0,19968,3,3653676233
5934,50641551,61746446,112387997,2,0,0,56320,12,10174363414
5935,50654160,61629128,112283288,7,0,0,12288,9,783083586
5936,50654561,61909057,112563618,2,0,0,54784,12,9754783467
5937,50658901,61737878,112396779,2,0,0,8704,12,9373598542
5938,50711411,61813871,112525282,2,0,0,101888,12,4074617242
5939,50724579,98583759,149308338,4,0,1,22016,12,5433490543
5940,50726240,61801257,112527497,7,0,0,7168,9,10400972175
5941,50731390,61835059,112566449,4,0,0,9216,12,2704801183
5942,50744730,61740235,112484965,5,0,0,44032,7,10705807041
5943,50755730,98554838,149310568,3,0,1,2048,9,2277471617
5944,50765860,61677405,112443265,9,0,0,1536,3,3278183128
5945,50772020,61966179,112738199,9,0,0,13312,3,9153561392
5946,50795300,61846924,112642224,6,0,0,14848,12,6888198827
5947,50801440,61774982,112576422,1,0,0,17920,6,2359828486
5948,50805890,61688302,112494192,0,0,0,30208,14,9413441817
5949,50808870,62307004,113115874,7,0,0,14848,9,9524180503
5950,50809780,98718907,149528687,0,0,1,9728,14,477652627
5951,50830750,61878194,112708944,3,0,0,92672,9,259939334
5952,50833610,62076078,112909688,0,0,0,21504,14,7481028131
5953,50840300,61698920,112539220,9,0,0,38400,3,7370398861
5954,50850550,61762768,112613318,1,0,0,20480,6,9237157238
5955,50861509,99036087,149897596,7,0,1,20480,9,9943622571
5956,50872500,61674403,112546903,1,0,0,25088,6,10436744697
5957,50888860,61713365,112602225,6,0,0,5632,12,1755609555
5958,50890540,99391641,150282181,5,0,1,48128,7,1262927736
5959,50890780,62315645,113206425,1,0,0,70656,6,2727533255
5960,50892810,62347958,113240768,4,0,0,112640,12,6462669268
5961,50912819,99369385,150282204,9,0,1,4608,3,10535015689
5962,50935380,62097026,113032406,7,0,0,45056,9,5753841946
5963,50940921,61628515,112569436,2,0,0,9728,12,7121318779
5964,50952559,99329668,150282227,9,0,1,2560,3,5833236419
5965,50954260,62357544,113311804,4,0,0,20992,12,1798628824
5966,50955280,61823936,112779216,0,0,0,7168,14,2095234301
5967,50955630,61870659,112826289,5,0,0,8192,7,10493125048
5968,50962920,62580041,113542961,9,0,0,126976,3,6185117206
5969,50970000,61874285,112844285,6,0,0,8192,12,10377784998
5970,50984330,99297920,150282250,1,0,1,12288,6,6924904013
5971,50990000,61860812,112850812,7,0,0,7168,9,4815381362
5972,51006490,61806493,112812983,7,0,0,88064,9,7960461214
5973,51015700,62313131,113328831,4,0,0,55808,12,9763865395
5974,51020269,99262004,150282273,6,0,1,7680,12,4139299987
5975,51036950,61904481,112941431,9,0,0,2560,3,7549104980
5976,51036970,62007835,113044805,1,0,0,38912,6,4690229954
5977,51047649,99254707,150302356,9,0,1,20480,3,2787919167
5978,51055040,99459503,150514543,0,0,1,49152,14,5888076952
5979,51066750,61845769,112912519,6,0,0,9216,12,1873991696
5980,51070120,61827380,112897500,9,0,0,42496,3,8927535801
5981,51075960,62329183,113405143,5,0,0,92160,7,7245156534
5982,51084400,61739370,112823770,0,0,0,35328,14,7342946295
5983,51085420,62021828,113107248,5,0,0,4608,7,6829139670
5984,51091620,62179964,113271584,6,0,0,95232,12,918576259
5985,51105330,62253747,113359077,0,0,0,1024,14,7969236696
5986,51119520,61937320,113056840,9,0,0,39424,3,1089126743
5987,51148781,61936126,113084907,2,0,0,32256,12,5020661142
5988,51153210,62199668,113352878,6,0,0,78848,12,5787276641
5989,51153960,62279856,113433816,4,0,0,25600,12,7596239578
5990,51164420,62404624,113569044,1,0,0,85504,6,7865174138
5991,51172230,61939097,113111327,9,0,0,13312,3,8052668999
5992,51186789,99579400,150766189,8,0,1,49152,12,8453500555
5993,51192690,99573522,150766212,3,0,1,1536,9,3895570262
5994,51197399,99570687,150768086,1,0,1,5632,6,1013229535
5995,51201010,62381706,113582716,7,0,0,19456,9,10605577773
5996,51201110,99581531,150782641,0,0,1,26112,14,9641638533
5997,51202789,99726804,150929593,8,0,1,4608,12,6321675669
5998,51224000,62078520,113302520,6,0,0,32768,12,3617812270
5999,51229980,62128693,113358673,5,0,0,18944,7,9224121497
6000,51241119,99692020,150933139,7,0,1,5632,9,10573858404
6001,51242030,62135010,113377040,4,0,0,58880,12,333454550
6002,51247879,99686438,150934317,6,0,1,13824,12,1076274308
6003,51249701,62025338,113275039,2,0,0,11264,12,9344685795
6004,51251349,99685554,150936903,1,0,1,4096,6,7442916266
6005,51251360,62157714,113409074,5,0,0,12800,7,3668483371
6006,51253260,99792049,151045309,2,0,1,28672,12,7312188584
6007,51254160,99791172,151045332,0,0,1,5120,14,10367361648
6008,51277650,62693985,113971635,7,0,0,53248,9,6443348169
6009,51283400,99761955,151045355,3,0,1,4608,9,6880465685
6010,51284750,99909227,151193977,8,0,1,28160,12,1385434521
6011,51293030,62211220,113504250,6,0,0,13824,12,223774882
6012,51293660,62381212,113674872,7,0,0,23040,9,525030889
6013,51295950,62452369,113748319,9,0,0,38400,3,2620368261
6014,51303020,62553303,113856323,1,0,0,31232,6,4166304668
6015,51310770,62800115,114110885,4,0,0,74752,12,9142282776
6016,51334550,62605215,113939765,9,0,0,62976,3,8390122744
6017,51343210,62233547,113576757,6,0,0,16384,12,3042726424
6018,51346910,62573644,113920554,4,0,0,126976,12,3090400289
6019,51347770,62309174,113656944,9,0,0,27648,3,10664635467
6020,51360760,99981519,151342279,2,0,1,3584,12,8854106303
6021,51363900,62320637,113684537,1,0,0,1024,6,6661032137
6022,51370020,62201722,113571742,1,0,0,8704,6,2976769510
6023,51375340,62921293,114296633,9,0,0,86528,3,3196192519
6024,51378370,62301655,113680025,5,0,0,1024,7,3066777920
6025,51380091,62799073,114179164,2,0,0,29184,12,10133309901
6026,51383750,63009124,114392874,7,0,0,117760,9,8540565681
6027,51395840,62411835,113807675,1,0,0,7680,6,2036815305
6028,51404770,62364476,113769246,1,0,0,68608,6,242396837
6029,51411090,62361143,113772233,0,0,0,9728,14,10709158133
6030,51414519,99927783,151342302,6,0,1,12800,12,6084963125
6031,51422630,62352122,113774752,1,0,0,8192,6,8690916023
6032,51458360,62128132,113586492,6,0,0,10240,12,4125801952
6033,51461630,62493758,113955388,6,0,0,51200,12,6756147030
6034,51472849,100374390,151847239,9,0,1,11264,3,9934637422
6035,51476529,100373616,151850145,1,0,1,4608,6,2454396761
6036,51488610,62943824,114432434,6,0,0,45056,12,333825159
6037,51497870,100363448,151861318,2,0,1,25600,12,10686841158
6038,51511539,100543149,152054688,9,0,1,14848,3,4176263666
6039,51516290,62467380,113983670,4,0,0,39424,12,8011567089
6040,51526249,100655442,152181691,4,0,1,3072,12,4587668771
6041,51534070,62730529,114264599,9,0,0,71168,3,3163777331
6042,51546460,62696432,114242892,0,0,0,93184,14,10090484855
6043,51563030,62920131,114483161,7,0,0,49152,9,5030053881
6044,51564280,62763331,114327611,0,0,0,43520,14,3715812290
6045,51565340,62835201,114400541,1,0,0,25088,6,4164958681
6046,51604230,63228756,114832986,7,0,0,80896,9,206694547
6047,51608050,100694216,152302266,5,0,1,28672,7,2803651539
6048,51615699,100688193,152303892,9,0,1,2560,3,6944540949
6049,51631380,63175416,114806796,4,0,0,287744,12,9010846023
6050,51633590,63331370,114964960,4,0,0,50176,12,4178238482
6051,51644130,62924670,114568800,8,0,0,89088,12,6330348519
6052,51645720,100769657,152415377,5,0,1,43520,7,6897451199
6053,51646310,62772350,114418660,9,0,0,59392,3,2908138754
6054,51650960,62802455,114453415,6,0,0,68608,12,6320394348
6055,51655540,62808841,114464381,5,0,0,35840,7,5753770243
6056,51667590,62660512,114328102,9,0,0,1536,3,646353569
6057,51677120,63248763,114925883,9,0,0,192512,3,7880846084
6058,51682060,62588178,114270238,7,0,0,18432,9,5226883147
6059,51693910,62947569,114641479,0,0,0,36352,14,7522328114
6060,51705190,62995347,114700537,6,0,0,12288,12,9380781886
6061,51705840,62640813,114346653,9,0,0,17920,3,538236808
6062,51723730,63382288,115106018,6,0,0,49664,12,1924560356
6063,51738020,63070203,114808223,8,0,0,4608,12,10708859849
6064,51758640,63108564,114867204,4,0,0,92672,12,10659286038
6065,51758830,63397674,115156504,7,0,0,63488,9,9452826566
6066,51766540,100710320,152476860,3,0,1,9216,9,6975080380
6067,51785730,63291600,115077330,0,0,0,45568,14,5753345185
6068,51786250,100749574,152535824,5,0,1,12288,7,2981774345
6069,51789200,63532279,115321479,6,0,0,112640,12,8469546407
6070,51812880,63655542,115468422,5,0,0,44032,7,8237193146
6071,51839591,63110050,114949641,2,0,0,72192,12,7332993405
6072,51851640,63075982,114927622,5,0,0,5632,7,3670659351
6073,51865150,100671980,152537130,8,0,1,2048,12,6380525584
6074,51870200,62848901,114719101,6,0,0,7680,12,8648456271
6075,51893750,100648526,152542276,0,0,1,8192,14,4515117895
6076,51897690,63184500,115082190,7,0,0,1024,9,9882530256
6077,51902010,63188853,115090863,7,0,0,4096,9,10378785134
6078,51912690,63217194,115129884,1,0,0,10240,6,3423936443
6079,51914850,62924087,114838937,1,0,0,19456,6,9815822460
6080,51915689,100626933,152542622,7,0,1,512,9,5085184018
6081,51917970,63757355,115675325,7,0,0,38400,9,8556433325
6082,51918960,63521571,115440531,0,0,0,198656,14,431700076
6083,51953820,63965495,115919315,8,0,0,439808,12,8937257460
6084,51955350,100588578,152543928,5,0,1,2048,7,7926044609
6085,51964561,63161476,115126037,2,0,0,6656,12,7794421433
6086,51974621,63197995,115172616,2,0,0,6144,12,6613177751
6087,51998451,63203958,115202409,2,0,0,52736,12,10389401638
6088,52001869,101409547,153411416,7,0,1,54784,9,7294586987
6089,52003670,62985165,114988835,6,0,0,6144,12,9677900449
6090,52010229,101664760,153674989,8,0,1,7680,12,1230427609
6091,52035189,101639823,153675012,7,0,1,2048,9,199606897
6092,52037910,101637125,153675035,0,0,1,4608,14,814148577
6093,52038290,63294132,115332422,5,0,0,35840,7,8147992156
6094,52055290,63189251,115244541,9,0,0,29696,3,5072703793
6095,52061980,63450537,115512517,5,0,0,15872,7,6662713607
6096,52065630,63214113,115279743,1,0,0,49664,6,8245809009
6097,52071479,101607707,153679186,4,0,1,17408,12,6768038786
6098,52084920,63361718,115446638,6,0,0,19968,12,291948351
6099,52086130,62991847,115077977,0,0,0,2048,14,4288669042
6100,52087130,63002462,115089592,9,0,0,10240,3,1369750240
6101,52095060,63558537,115653597,5,0,0,65024,7,4758307742
6102,52096260,63071356,115167616,5,0,0,9216,7,2879004134
6103,52103089,101755418,153858507,7,0,1,2560,9,2348990365
6104,52109680,63362041,115471721,5,0,0,10752,7,1782975768
6105,52118280,63336672,115454952,6,0,0,2048,12,1830299480
6106,52118530,63839877,115958407,9,0,0,53248,3,6650999021
6107,52137180,102123185,154260365,3,0,1,15360,9,4237658084
6108,52159430,63294875,115454305,1,0,0,25088,6,10451078475
6109,52165741,63320438,115486179,2,0,0,40960,12,4135218369
6110,52170910,63814559,115985469,5,0,0,32768,7,10025600214
6111,52174890,63541774,115716664,6,0,0,46592,12,10092193893
6112,52180821,63159196,115340017,2,0,0,7680,12,9835049860
6113,52187220,63778790,115966010,5,0,0,16896,7,8345821639
6114,52188490,63786949,115975439,6,0,0,18432,12,2083504960
6115,52189690,63905683,116095373,7,0,0,107520,9,3645488849
6116,52194670,63438311,115632981,9,0,0,3584,3,4731645551
6117,52223800,63283835,115507635,7,0,0,68096,9,2302304517
6118,52231631,63335328,115566959,2,0,0,20480,12,7015838261
6119,52240951,63686522,115927473,2,0,0,26624,12,1643775671
6120,52242670,63748779,115991449,9,0,0,7168,3,9222139784
6121,52256810,63795719,116052529,5,0,0,30720,7,4839037393
6122,52264400,102029410,154293810,5,0,1,14336,7,4794119015
6123,52264410,102029746,154294156,2,0,1,512,12,7396758324
6124,52266400,63910034,116176434,6,0,0,109568,12,5212162544
6125,52267910,63833734,116101644,6,0,0,20480,12,8710750664
6126,52279240,63911592,116190832,0,0,0,46592,14,536416107
6127,52294969,102000058,154295027,6,0,1,12288,12,9716542364
6128,52298100,63662693,115960793,0,0,0,7680,14,9802863473
6129,52309670,63889453,116199123,9,0,0,27136,3,5591599091
6130,52316310,63726836,116043146,9,0,0,74240,3,9564824220
6131,52320760,102036105,154356865,3,0,1,1536,9,8450648635
6132,52333460,63908796,116242256,5,0,0,120320,7,1230407213
6133,52336440,102024611,154361051,5,0,1,6656,7,4557641248
6134,52350349,102118567,154468916,9,0,1,6656,3,9083909801
6135,52357530,63584630,115942160,6,0,0,48128,12,6179604502
6136,52360550,63606731,115967281,5,0,0,4096,7,8843423264
6137,52382951,63941173,116324124,2,0,0,53760,12,5833288082
6138,52409260,63840351,116249611,7,0,0,24064,9,4997948499
6139,52416070,63241199,115657269,9,0,0,7680,3,1461951851
6140,52423640,102135979,154559619,3,0,1,25088,9,4854663888
6141,52427740,64096519,116524259,0,0,0,29696,14,7894813099
6142,52457910,63980653,116438563,9,0,0,26624,3,4746217435
6143,52479571,63726002,116205573,2,0,0,20992,12,5163348861
6144,52503660,102067174,154570834,0,0,1,2560,14,10673995972
6145,52503910,64003761,116507671,5,0,0,99328,7,7644995196
6146,52505419,102377884,154883303,8,0,1,1536,12,4307640426
6147,52509920,64061753,116571673,9,0,0,15872,3,4201032940
6148,52589610,64309545,116899155,7,0,0,31232,9,1661418178
6149,52597030,102286296,154883326,3,0,1,8192,9,2885272508
6150,52598430,64063451,116661881,5,0,0,87040,7,5136612457
6151,52630020,63986414,116616434,5,0,0,26112,7,122550812
6152,52634510,102346165,154980675,5,0,1,6656,7,5671137371
6153,52665770,63510843,116176613,7,0,0,512,9,10731203450
6154,52669150,63713766,116382916,1,0,0,23552,6,4736876728
6155,52686720,63375862,116062582,1,0,0,32768,6,3542538847
6156,52687789,102499518,155187307,7,0,1,56320,9,8051529654
6157,52709150,63260650,115969800,1,0,0,8192,6,4976873060
6158,52713600,102473730,155187330,2,0,1,24576,12,4651824682
6159,52746350,102441003,155187353,0,0,1,13312,14,2548232261
6160,52755050,102472417,155227467,3,0,1,6656,9,8179160820
6161,52757370,102470120,155227490,3,0,1,13312,9,3938607809
6162,52759839,102497153,155256992,7,0,1,10752,9,7464141162
6163,52765290,64045891,116811181,6,0,0,62464,12,5820474825
6164,52765370,63660418,116425788,5,0,0,1536,7,2535279461
6165,52766441,64401363,117167804,2,0,0,31744,12,9450544139
6166,52785849,102471604,155257453,1,0,1,10240,6,7719986663
6167,52791280,102606842,155398122,5,0,1,24576,7,3266699798
6168,52797210,63533489,116330699,1,0,0,21504,6,2892778573
6169,52837260,63413934,116251194,1,0,0,5120,6,9666062144
6170,52854331,63691151,116545482,2,0,0,35328,12,6392190051
6171,52883090,63980264,116863354,6,0,0,126464,12,1414252864
6172,52884810,63370410,116255220,3,0,0,12800,9,9405917487
6173,52892410,64454560,117346970,6,0,0,104448,12,1216899131
6174,52899610,63654007,116553617,7,0,0,26624,9,7560817009
6175,52901269,102496876,155398145,8,0,1,6656,12,4483708607
6176,52920560,63660982,116581542,5,0,0,27648,7,9343973491
6177,52938361,63522234,116460595,2,0,0,10752,12,2627396884
6178,52943930,102480313,155424243,0,0,1,1024,14,2409482192
6179,52946750,63954932,116901682,9,0,0,8192,3,3301309760
6180,52958090,63931518,116889608,7,0,0,57856,9,4208279622
6181,52964140,63601394,116565534,5,0,0,20480,7,10369130306
6182,52972191,63819935,116792126,2,0,0,74240,12,4084103429
6183,52973390,64570572,117543962,1,0,0,7680,6,4044697141
6184,53003489,102420777,155424266,6,0,1,15872,12,9366455249
6185,53009120,64392496,117401616,3,0,0,132096,9,1638036891
6186,53019830,63852127,116871957,6,0,0,28160,12,8372277372
6187,53039000,63560313,116599313,4,0,0,43008,12,10030139040
6188,53040000,102736552,155776552,2,0,1,46080,12,1317584589
6189,53059660,63339386,116399046,1,0,0,5632,6,6762218085
6190,53070410,63924468,116994878,1,0,0,71168,6,6416676059
6191,53083700,63949155,117032855,3,0,0,40960,9,4491209898
6192,53099540,102716111,155815651,5,0,1,3072,7,9798715599
6193,53117230,63569941,116687171,1,0,0,2560,6,5328845527
6194,53146751,63896423,117043174,2,0,0,33792,12,5797438760
6195,53146900,64214445,117361345,5,0,0,47104,7,5820499090
6196,53161531,63663268,116824799,2,0,0,35840,12,4898218022
6197,53173780,64332664,117506444,0,0,0,98304,14,10713730712
6198,53174540,64490952,117665492,7,0,0,7168,9,9845257300
6199,53189440,64057816,117247256,3,0,0,119808,9,5186741301
6200,53197851,63982612,117180463,2,0,0,41472,12,4679310282
6201,53199190,63718215,116917405,6,0,0,29184,12,7963555534
6202,53212050,63451173,116663223,6,0,0,3584,12,3465515185
6203,53221470,64482577,117704047,1,0,0,39424,6,10620572322
6204,53221830,64187632,117409462,4,0,0,16896,12,1243583884
6205,53222550,63538274,116760824,9,0,0,19968,3,9911566557
6206,53224190,63793487,117017677,1,0,0,74752,6,4485308186
6207,53226300,64572590,117798890,9,0,0,66048,3,1497526752
6208,53236490,63577366,116813856,7,0,0,8704,9,10253224309
6209,53258720,102602460,155861180,3,0,1,11776,9,4658072242
6210,53262130,63862030,117124160,9,0,0,20480,3,8056802548
6211,53263141,63885169,117148310,2,0,0,23040,12,4196119409
6212,53265871,63661129,116927000,2,0,0,3584,12,3760872843
6213,53274959,102691657,155966616,7,0,1,8192,9,9037906734
6214,53275440,64238515,117513955,3,0,0,24576,9,2454357793
6215,53284169,102753394,156037563,6,0,1,27136,12,8755862378
6216,53289280,65507739,118797019,8,0,0,985088,12,3029709409
6217,53293470,64802593,118096063,8,0,0,52736,12,6602566960
6218,53295390,64129416,117424806,0,0,0,6144,14,6952268443
6219,53302320,102808228,156110548,8,0,1,23040,12,42889339
6220,53302710,64880767,118183477,5,0,0,146944,7,918228792
6221,53303989,103715541,157019530,4,0,1,1536,12,2352009684
6222,53306030,63714322,117020352,9,0,0,8704,3,739229455
6223,53310100,64343079,117653179,7,0,0,33792,9,9271130318
6224,53319810,63950552,117270362,5,0,0,14336,7,517306176
6225,53321430,64940653,118262083,3,0,0,9216,9,561100847
6226,53329040,64738240,118067280,4,0,0,13312,12,9259770476
6227,53343219,103935481,157278700,6,0,1,29696,12,10311498828
6228,53348820,64355718,117704538,9,0,0,1536,3,552548041
6229,53350600,64779126,118129726,4,0,0,18432,12,8105299355
6230,53360720,63903274,117263994,5,0,0,17408,7,5005392240
6231,53361440,65681583,119043023,3,0,0,70144,9,10206622336
6232,53363190,65596790,118959980,8,0,0,104960,12,4668045147
6233,53364220,65723713,119087933,6,0,0,11776,12,7766619372
6234,53365560,63816642,117182202,0,0,0,5632,14,5780986118
6235,53370600,65073068,118443668,1,0,0,78848,6,4722223605
6236,53376250,104013800,157390050,5,0,1,11264,7,6320428818
6237,53393839,104019890,157413729,6,0,1,17920,12,2557595175
6238,53395930,64203319,117599249,0,0,0,56832,14,7763833368
6239,53410900,64328817,117739717,9,0,0,39424,3,1671881850
6240,53414040,63990251,117404291,9,0,0,8704,3,2928735244
6241,53428460,104407060,157835520,3,0,1,16896,9,1398902439
6242,53429680,65473603,118903283,8,0,0,8192,12,4183013401
6243,53430470,64284544,117715014,5,0,0,3584,7,2541287611
6244,53450351,64907590,118357941,2,0,0,32768,12,1855450486
6245,53455870,65421893,118877763,9,0,0,226304,3,6089865632
6246,53457480,65522248,118979728,1,0,0,5632,6,6788825931
6247,53457940,64801312,118259252,6,0,0,86528,12,5156931712
6248,53460300,65517689,118977989,3,0,0,40960,9,648317463
6249,53475590,65604571,119080161,8,0,0,89088,12,6060834573
6250,53477400,64646687,118124087,5,0,0,31744,7,590883816
6251,53479711,64722197,118201908,2,0,0,60416,12,4296369345
6252,53489080,64471555,117960635,1,0,0,15360,6,3589110843
6253,53492370,65686998,119179368,5,0,0,26624,7,4099605449
6254,53506559,104473488,157980047,4,0,1,5632,12,5029662038
6255,53511710,65453776,118965486,0,0,0,17920,14,4433746858
6256,53516700,64900977,118417677,1,0,0,9728,6,7319942452
6257,53519789,104521790,158041579,7,0,1,8192,9,315314132
6258,53544650,64265585,117810235,6,0,0,2560,12,1151352024
6259,53547240,65813837,119361077,3,0,0,356352,9,1478956043
6260,53548620,64842851,118391471,5,0,0,9728,7,10061393160
6261,53564130,104480355,158044485,5,0,1,4608,7,5709186169
6262,53564670,65318264,118882934,9,0,0,16896,3,980704869
6263,53568170,64882853,118451023,4,0,0,24064,12,874804944
6264,53599780,65300961,118900741,9,0,0,58368,3,642356917
6265,53616670,65428739,119045409,3,0,0,7680,9,9948729751
6266,53619150,65795360,119414510,4,0,0,92672,12,1676795274
6267,53625640,104418999,158044639,2,0,1,8704,12,8531254074
6268,53636161,65447969,119084130,2,0,0,3584,12,987167278
6269,53638410,64858442,118496852,5,0,0,21504,7,6619359567
6270,53640620,65493635,119134255,7,0,0,77824,9,3415862482
6271,53646090,64739330,118385420,5,0,0,90112,7,929997976
6272,53652940,65400054,119052994,6,0,0,2048,12,4931665846
6273,53655160,64577687,118232847,9,0,0,2560,3,4931321531
6274,53671530,104374287,158045817,8,0,1,13824,12,9576445817
6275,53677650,64533901,118211551,3,0,0,1024,9,6020914757
6276,53692990,65314217,119007207,5,0,0,90112,7,4762056874
6277,53705610,65841053,119546663,0,0,0,68608,14,3081931376
6278,53745640,65337352,119082992,8,0,0,9216,12,6017315271
6279,53747400,65061365,118808765,0,0,0,4096,14,7883557301
6280,53761900,65386198,119148098,3,0,0,5120,9,3110386301
6281,53762930,104657817,158420747,3,0,1,23552,9,2606649052
6282,53770380,104722227,158492607,8,0,1,512,12,10576279750
6283,53779330,65142540,118921870,3,0,0,60928,9,5676393154
6284,53794980,104732819,158527799,2,0,1,15872,12,9678489298
6285,53794990,65315484,119110474,0,0,0,73728,14,4744715288
6286,53817980,65196894,119014874,7,0,0,25088,9,7998046950
6287,53825690,65220123,119045813,3,0,0,1024,9,2068350848
6288,53838470,104689352,158527822,3,0,1,8704,9,405745043
6289,53844300,65177328,119021628,9,0,0,22016,3,7900387985
6290,53845130,104693970,158539100,0,0,1,13312,14,991402322
6291,53849090,104720382,158569472,0,0,1,22016,14,1369011593
6292,53872110,64935384,118807494,1,0,0,34304,6,9029921072
6293,53873260,65054717,118927977,6,0,0,19968,12,7523179579
6294,53875600,65360475,119236075,6,0,0,43520,12,7972782560
6295,53881979,104701602,158583581,4,0,1,1536,12,10043778024
6296,53885650,104697954,158583604,5,0,1,9216,7,8174999427
6297,53886460,104704717,158591177,3,0,1,15360,9,2606086669
6298,53886830,65284379,119171209,3,0,0,75776,9,8297413649
6299,53894870,65862948,119757818,8,0,0,113152,12,3297091197
6300,53908521,65465082,119373603,2,0,0,17408,12,442462997
6301,53913380,105384316,159297696,0,0,1,54784,14,1984673516
6302,53917410,65262481,119179891,1,0,0,1536,6,1259879497
6303,53927160,65125187,119052347,0,0,0,20992,14,10178542989
6304,53934591,65484778,119419369,2,0,0,15872,12,736347899
6305,53941770,65310708,119252478,0,0,0,53760,14,8084647722
6306,53945250,65435465,119380715,7,0,0,1536,9,6860092621
6307,53948810,65197705,119146515,4,0,0,39936,12,1373521510
6308,53954240,65414036,119368276,4,0,0,23552,12,7380078630
6309,53955529,105342190,159297719,7,0,1,9216,9,3308163083
6310,53963130,65585607,119548737,9,0,0,4608,3,9057763089
6311,53963480,65990206,119953686,9,0,0,2560,3,9145826806
6312,53967361,65224128,119191489,2,0,0,37888,12,8949892763
6313,53968660,65890843,119859503,3,0,0,88064,9,4946757612
6314,53972760,105522365,159495125,2,0,1,40448,12,8896962077
6315,53996120,65529616,119525736,3,0,0,2048,9,10536834742
6316,53998360,65381529,119379889,5,0,0,20480,7,10392734729
6317,54000010,65488335,119488345,7,0,0,13824,9,6418911529
6318,54011610,65601917,119613527,7,0,0,16896,9,8370786470
6319,54015040,65759828,119774868,5,0,0,15360,7,3936695882
6320,54049120,65331104,119380224,7,0,0,1024,9,8903599962
6321,54060820,66354989,120415809,3,0,0,77312,9,4202701347
6322,54062040,65556658,119618698,5,0,0,16896,7,554779365
6323,54064600,65384727,119449327,0,0,0,53248,14,3485073863
6324,54080880,66305220,120386100,3,0,0,11776,9,2810064856
6325,54081270,65605092,119686362,6,0,0,512,12,1686368307
6326,54082950,65937883,120020833,5,0,0,9216,7,1886839964
6327,54092880,65593303,119686183,1,0,0,72192,6,5519085617
6328,54093651,65766187,119859838,2,0,0,1024,12,8476637486
6329,54100879,105397724,159498603,6,0,1,17408,12,4020108503
6330,54112610,66279620,120392230,8,0,0,5120,12,3485529608
6331,54148030,65399280,119547310,1,0,0,2048,6,6002070912
6332,54152279,105459481,159611760,1,0,1,34816,6,1153601618
6333,54165289,105446494,159611783,1,0,1,5120,6,443759312
6334,54207210,65745673,119952883,5,0,0,22016,7,2849784683
6335,54222130,66159712,120381842,9,0,0,411648,3,456010434
6336,54244660,65525505,119770165,9,0,0,40448,3,5273493741
6337,54260030,66233122,120493152,1,0,0,85504,6,1335010689
6338,54265370,65559143,119824513,4,0,0,56832,12,9509158763
6339,54268500,65564148,119832648,5,0,0,26624,7,6499017601
6340,54275959,105373057,159649016,9,0,1,5632,3,3531014452
6341,54277160,66732719,121009879,9,0,0,11776,3,2853764851
6342,54284259,105467570,159751829,6,0,1,1536,12,7200771755
6343,54288550,65967845,120256395,4,0,0,30208,12,3786299929
6344,54294750,65917908,120212658,3,0,0,33792,9,7766448968
6345,54297590,65784826,120082416,7,0,0,7168,9,1896588887
6346,54303910,65221179,119525089,6,0,0,73216,12,4039499594
6347,54315280,105436572,159751852,0,0,1,512,14,2241168634
6348,54319280,66432395,120751675,0,0,0,58880,14,5568314307
6349,54321530,66358101,120679631,3,0,0,30720,9,2682276252
6350,54329270,65688732,120018002,7,0,0,62464,9,737730272
6351,54334769,105417106,159751875,9,0,1,2560,3,3948976335
6352,54336090,65744119,120080209,8,0,0,45568,12,7520880645
6353,54338980,65884431,120223411,1,0,0,15360,6,7193869647
6354,54350530,65896638,120247168,3,0,0,19968,9,1222772147
6355,54350600,65697233,120047833,9,0,0,53248,3,401824524
6356,54356680,66087388,120444068,8,0,0,92672,12,10254797310
6357,54367149,105614842,159981991,1,0,1,12288,6,557998314
6358,54388610,65843716,120232326,6,0,0,29184,12,3763653946
6359,54394700,66791225,121185925,6,0,0,8704,12,4392791041
6360,54400200,66143106,120543306,3,0,0,154112,9,2628181224
6361,54420300,65566561,119986861,8,0,0,2048,12,3972700959
6362,54425580,66123833,120549413,3,0,0,19968,9,3647979125
6363,54430570,66015237,120445807,8,0,0,5632,12,228399712
6364,54431570,65770769,120202339,3,0,0,22528,9,5403773442
6365,54437550,65776387,120213937,9,0,0,4096,3,5676564357
6366,54440350,66011720,120452070,3,0,0,20480,9,4061455268
6367,54443630,65139225,119582855,3,0,0,27136,9,8598794148
6368,54463230,65927417,120390647,3,0,0,14848,9,7404915774
6369,54465010,67827958,122292968,7,0,0,1229824,9,7048501300
6370,54467730,65999347,120467077,3,0,0,49152,9,9214073803
6371,54472200,65702157,120174357,9,0,0,9216,3,8101516854
6372,54484720,66070020,120554740,1,0,0,17408,6,2292239168
6373,54485950,67176477,121662427,7,0,0,422912,9,1959496798
6374,54487039,105494975,159982014,9,0,1,1024,3,2961940481
6375,54502560,65289970,119792530,8,0,0,13312,12,10183210428
6376,54510591,66282091,120792682,2,0,0,113152,12,9203365115
6377,54515049,105797280,160312329,4,0,1,19456,12,7975167523
6378,54518900,66397940,120916840,1,0,0,54272,6,7632727445
6379,54530910,66416197,120947107,8,0,0,11776,12,3045193651
6380,54535389,105776963,160312352,4,0,1,7680,12,1775133342
6381,54540090,105773400,160313490,0,0,1,3584,14,1058169223
6382,54545010,67152765,121697775,3,0,0,77312,9,917728846
6383,54582409,105731104,160313513,9,0,1,2560,3,1775374850
6384,54583550,66355103,120938653,9,0,0,61440,3,5931519392
6385,54599230,66706273,121305503,9,0,0,23552,3,8898555053
6386,54627030,67116031,121743061,7,0,0,47616,9,1550764401
6387,54633390,66866439,121499829,6,0,0,71168,12,8959219936
6388,54639891,67714679,122354570,2,0,0,39424,12,9964680637
6389,54644660,67219049,121863709,1,0,0,123392,6,4442096382
6390,54647699,105807162,160454861,9,0,1,18432,3,2366165603
6391,54665130,105789754,160454884,1,0,1,2560,6,6006375351
6392,54671190,106378335,161049525,8,0,1,15360,12,2360634872
6393,54676390,65706099,120382489,8,0,0,2048,12,1684181944
6394,54676730,66552614,121229344,6,0,0,23552,12,6206000982
6395,54681911,66571584,121253495,2,0,0,33792,12,1132591826
6396,54688920,67751189,122440109,4,0,0,6144,12,89319951
6397,54693290,65803013,120496303,0,0,0,10240,14,223398816
6398,54707600,66552002,121259602,0,0,0,19968,14,4999262779
6399,54716510,66383201,121099711,5,0,0,39424,7,3093330163
6400,54724220,66651877,121376097,4,0,0,27136,12,10654232617
6401,54735360,106470569,161205929,0,0,1,19968,14,9265103674
6402,54743610,106610751,161354361,1,0,1,36864,6,6915171164
6403,54745190,66007444,120752634,0,0,0,3072,14,8633490193
6404,54753980,67014305,121768285,0,0,0,45056,14,7444183382
6405,54769550,66984984,121754534,8,0,0,21504,12,1696211339
6406,54773120,67624841,122397961,0,0,0,142336,14,6252627813
6407,54778500,67085792,121864292,0,0,0,1536,14,2293615337
6408,54795360,66738188,121533548,8,0,0,110592,12,2615465994
6409,54795490,67705574,122501064,3,0,0,6144,9,1912398339
6410,54804010,66608587,121412597,7,0,0,24064,9,3850189787
6411,54808290,106554853,161363143,0,0,1,11264,14,8339939638
6412,54810290,106763397,161573687,3,0,1,12288,9,4985743858
6413,54816460,106757250,161573710,8,0,1,7168,12,4212885764
6414,54837041,67662128,122499169,2,0,0,40448,12,6777208867
6415,54842210,66429710,121271920,8,0,0,9216,12,3878954255
6416,54844840,67791456,122636296,7,0,0,58880,9,536874516
6417,54868850,67693972,122562822,8,0,0,4608,12,7840181273
6418,54875540,66787557,121663097,1,0,0,2048,6,2427994006
6419,54880210,106731243,161611453,3,0,1,14848,9,5130533007
6420,54880890,66847640,121728530,7,0,0,100864,9,8387164797
6421,54887900,66859724,121747624,1,0,0,14848,6,2921662392
6422,54891400,67431566,122322966,1,0,0,55808,6,1822468495
6423,54893300,106740583,161633883,3,0,1,14848,9,641313531
6424,54908160,106760171,161668331,1,0,1,9728,6,10638344511
6425,54910560,107042683,161953243,3,0,1,28160,9,1117292542
6426,54911420,67601055,122512475,6,0,0,37376,12,5695779872
6427,54918309,107310140,162228449,9,0,1,64512,3,2903397478
6428,54925300,67801278,122726578,3,0,0,80384,9,2733730477
6429,54928440,67414095,122342535,5,0,0,17920,7,177268033
6430,54930640,66266952,121197592,9,0,0,5120,3,9647300717
6431,54932789,107295683,162228472,7,0,1,4608,9,3317003307
6432,54941330,66877249,121818579,0,0,0,80384,14,7938779648
6433,54944230,67851086,122795316,4,0,0,35840,12,3135540994
6434,54944240,66341187,121285427,6,0,0,33280,12,9156960131
6435,54946580,67942273,122888853,9,0,0,111104,3,7722972395
6436,54957180,67348759,122305939,8,0,0,42496,12,8426581148
6437,54965271,66860819,121826090,2,0,0,24576,12,2317848951
6438,54971589,107298791,162270380,6,0,1,30208,12,8778344765
6439,54972610,67626964,122599574,0,0,0,75776,14,1752944954
6440,54981029,107348198,162329227,9,0,1,18944,3,10622721723
6441,54985540,68049359,123034899,6,0,0,65024,12,9722322435
6442,54986320,107438679,162424999,8,0,1,8192,12,2123079310
6443,55004390,107420632,162425022,5,0,1,4608,7,8315179904
6444,55020180,107418844,162439024,3,0,1,14336,9,316221296
6445,55027209,107513747,162540956,4,0,1,31232,12,5220262908
6446,55028380,66449742,121478122,9,0,0,49664,3,8903956429
6447,55039830,67536633,122576463,0,0,0,25088,14,8109268289
6448,55039990,66878220,121918210,8,0,0,96768,12,9638117050
6449,55043410,67431533,122474943,0,0,0,107008,14,2247959437
6450,55058460,67383856,122442316,8,0,0,7168,12,10034799237
6451,55071500,66602696,121674196,7,0,0,36352,9,6786657993
6452,55101599,107455749,162557348,6,0,1,13824,12,5689717657
6453,55103890,68301599,123405489,4,0,0,55296,12,4584651828
6454,55104720,68199263,123303983,3,0,0,92672,9,10683861676
6455,55117570,67451203,122568773,3,0,0,19456,9,7877841036
6456,55119630,67521571,122641201,4,0,0,3072,12,5928721441
6457,55125120,66668936,121794056,1,0,0,84480,6,1290952678
6458,55134380,67301691,122436071,4,0,0,52224,12,4589137497
6459,55143330,67276806,122420136,7,0,0,72704,9,7374137912
6460,55148600,66599359,121747959,6,0,0,1024,12,6020243166
6461,55156380,67483862,122640242,4,0,0,12800,12,6396300503
6462,55169630,67158507,122328137,0,0,0,16896,14,459891476
6463,55190870,67427463,122618333,9,0,0,61440,3,769799897
6464,55191150,67145902,122337052,5,0,0,29184,7,10198002014
6465,55209319,107609502,162818821,9,0,1,24576,3,1301120002
6466,55211280,67226842,122438122,7,0,0,6656,9,3473128711
6467,55214160,107748994,162963154,3,0,1,11776,9,962761489
6468,55218640,67483415,122702055,7,0,0,82432,9,7062703003
6469,55250500,67273074,122523574,6,0,0,36352,12,5517081147
6470,55271369,107720285,162991654,7,0,1,5120,9,1962558455
6471,55273211,68038291,123311502,2,0,0,24576,12,9172381168
6472,55287219,107704458,162991677,7,0,1,3584,9,4073800817
6473,55304400,67372477,122676877,1,0,0,4096,6,3585139108
6474,55306410,68245472,123551882,1,0,0,85504,6,9765568086
6475,55306500,67249880,122556380,8,0,0,107520,12,6723674870
6476,55325740,67349827,122675567,8,0,0,20992,12,3423623148
6477,55327941,67158881,122486822,2,0,0,38912,12,2013290706
6478,55329810,67231585,122561395,9,0,0,16384,3,3950452734
6479,55367620,68201491,123569111,9,0,0,11264,3,10274238275
6480,55400329,107591371,162991700,7,0,1,12288,9,7086929675
6481,55416300,68233660,123649960,8,0,0,41472,12,3246123869
6482,55427670,67325786,122753456,1,0,0,52736,6,6043045927
6483,55430520,67238628,122669148,7,0,0,91648,9,1932939216
6484,55439470,107553384,162992854,1,0,1,17920,6,8417412998
6485,55453730,67330551,122784281,1,0,0,27136,6,6191857574
6486,55454120,67283245,122737365,1,0,0,35328,6,3320238999
6487,55459980,67349975,122809955,7,0,0,43520,9,5044891270
6488,55470971,67355410,122826381,2,0,0,16896,12,9215648766
6489,55473561,67302413,122775974,2,0,0,33792,12,10531386428
6490,55488109,107504768,162992877,9,0,1,3584,3,392722697
6491,55497280,67268375,122765655,3,0,0,39936,9,2668298453
6492,55511089,107481811,162992900,7,0,1,12288,9,7818952751
6493,55512320,67551150,123063470,9,0,0,93696,3,3872693733
6494,55513290,68348669,123861959,7,0,0,94720,9,949305840
6495,55517790,67551542,123069332,1,0,0,17408,6,8658400544
6496,55525490,107480614,163006104,2,0,1,38400,12,7556644684
6497,55531000,67577396,123108396,6,0,0,512,12,6408817867
6498,55548080,67273130,122821210,4,0,0,36864,12,9902627610
6499,55555781,68425463,123981244,2,0,0,153088,12,4358337538
6500,55557010,67517805,123074815,1,0,0,17920,6,3151982452
6501,55561790,68551608,124113398,3,0,0,113664,9,5402602362
6502,55564449,107452473,163016922,7,0,1,8192,9,2894296947
6503,55566540,67561830,123128370,6,0,0,35840,12,2512633948
6504,55570300,107464695,163034995,1,0,1,21504,6,8609305268
6505,55576150,67252602,122828752,7,0,0,7680,9,959299896
6506,55576550,67346011,122922561,3,0,0,60416,9,5639640514
6507,55583490,107468118,163051608,3,0,1,14336,9,100103349
6508,55608590,67188059,122796649,4,0,0,4096,12,6963005310
6509,55616659,107434972,163051631,6,0,1,512,12,9982782118
6510,55625770,67900037,123525807,7,0,0,79872,9,8706244227
6511,55642810,67632914,123275724,5,0,0,39424,7,9554144148
6512,55644611,68103922,123748533,2,0,0,18944,12,9721665214
6513,55660710,68040804,123701514,0,0,0,52224,14,4260419871
6514,55662480,69007448,124669928,1,0,0,882176,6,1156910556
6515,55679560,68319343,123998903,4,0,0,57856,12,9668260185
6516,55682669,107410543,163093212,7,0,1,15360,9,5102486386
6517,55698160,68236417,123934577,7,0,0,6144,9,2586237972
6518,55698910,68311941,124010851,7,0,0,1024,9,1297439407
6519,55703190,107399851,163103041,0,0,1,8704,14,8142316903
6520,55711519,107512673,163224192,7,0,1,2560,9,7667658230
6521,55715740,67785708,123501448,9,0,0,60416,3,1180241129
6522,55723861,68208821,123932682,2,0,0,102912,12,6050891349
6523,55724621,67628857,123353478,2,0,0,6144,12,641600909
6524,55734820,68657459,124392279,8,0,0,74752,12,3433598195
6525,55751480,68969598,124721078,5,0,0,36352,7,9423062610
6526,55758040,107502300,163260340,2,0,1,15872,12,7883177049
6527,55769830,67795826,123565656,0,0,0,35328,14,4528621284
6528,55771590,107658796,163430386,8,0,1,11776,12,3887418991
6529,55779870,67549526,123329396,8,0,0,6656,12,10183670055
6530,55780150,67630510,123410660,5,0,0,16896,7,7200655251
6531,55782341,67772528,123554869,2,0,0,9728,12,4263961501
6532,55789020,67780426,123569446,1,0,0,1024,6,7979046487
6533,55793380,68222798,124016178,5,0,0,17408,7,2907504894
6534,55796820,67925309,123722129,3,0,0,67584,9,6657240001
6535,55808040,68432661,124240701,5,0,0,22016,7,8851167226
6536,55817371,68996890,124814261,2,0,0,1536,12,8357747226
6537,55827000,68251743,124078743,0,0,0,15872,14,4058222858
6538,55849169,107655892,163505061,4,0,1,5120,12,10002812559
6539,55851960,67495098,123347058,4,0,0,45568,12,10499994946
6540,55861171,68345042,124206213,2,0,0,70144,12,10724711425
6541,55864621,67744594,123609215,2,0,0,24576,12,6437056394
6542,55872860,68246021,124118881,3,0,0,17920,9,10273511342
6543,55885190,67845698,123730888,8,0,0,28672,12,7682470848
6544,55892340,68400011,124292351,0,0,0,25600,14,3972708220
6545,55897480,68980964,124878444,6,0,0,153088,12,1412905212
6546,55900029,107605055,163505084,4,0,1,14848,12,9919412014
6547,55902570,68911200,124813770,6,0,0,118784,12,3598523169
6548,55904131,67868887,123773018,2,0,0,30720,12,4927915696
6549,55905740,67826263,123732003,6,0,0,3584,12,10318664065
6550,55911630,68372898,124284528,6,0,0,122368,12,3705961880
6551,55913600,68142472,124056072,7,0,0,13824,9,7008947415
6552,55914869,107773206,163688075,9,0,1,37888,3,7579030657
6553,55926050,67936400,123862450,5,0,0,1536,7,4123812166
6554,55938540,68126127,124064667,4,0,0,20992,12,364307572
6555,55970790,107926206,163896996,1,0,1,14848,6,2728387620
6556,55978940,108150688,164129628,0,0,1,22016,14,8643885563
6557,55982620,68723569,124706189,3,0,0,2048,9,4699999499
6558,55984310,68041118,124025428,1,0,0,30208,6,5773474503
6559,56003060,108137955,164141015,5,0,1,5120,7,7437021817
6560,56006190,68175553,124181743,1,0,0,18944,6,334766501
6561,56008770,108206962,164215732,5,0,1,11776,7,7450772499
6562,56009459,108252939,164262398,6,0,1,512,12,8461242097
6563,56014050,68743000,124757050,6,0,0,18432,12,4570661754
6564,56014730,68802050,124816780,6,0,0,8192,12,6248060341
6565,56033700,68364062,124397762,1,0,0,17920,6,10459895712
6566,56042750,68923167,124965917,8,0,0,45568,12,4203499524
6567,56048101,68703310,124751411,2,0,0,99328,12,1587976040
6568,56061440,68648539,124709979,5,0,0,12288,7,3984737209
6569,56061740,108211322,164273062,0,0,1,14848,14,9392567376
6570,56063769,108300030,164363799,6,0,1,40960,12,8735682178
6571,56069930,108317384,164387314,2,0,1,512,12,1647540394
6572,56074750,68243837,124318587,1,0,0,49664,6,2104851910
6573,56087150,67923320,124010470,1,0,0,37888,6,5768289699
6574,56105010,68107934,124212944,4,0,0,22016,12,1312877
6575,56107390,108283262,164390652,2,0,1,7168,12,5675927356
6576,56125860,68120582,124246442,1,0,0,7168,6,1920317901
6577,56128810,108262713,164391523,8,0,1,12288,12,5589483069
6578,56135980,68204730,124340710,5,0,0,20992,7,3073659067
6579,56138780,68947916,125086696,9,0,0,176128,3,8615977503
6580,56148100,68755309,124903409,7,0,0,50688,9,10292013026
6581,56155070,68877939,125033009,9,0,0,104448,3,5111145706
6582,56159830,68545712,124705542,9,0,0,64512,3,5203622480
6583,56160960,108347895,164508855,9,0,1,30720,3,2863411881
6584,56161650,69243401,125405051,4,0,0,87040,12,3165133462
6585,56166730,68920869,125087599,6,0,0,2560,12,5910968584
6586,56169040,69614739,125783779,6,0,0,13824,12,4422675430
6587,56169650,68516213,124685863,4,0,0,52224,12,4000189174
6588,56170931,69102272,125273203,2,0,0,52736,12,4931590538
6589,56173770,69502159,125675929,9,0,0,114688,3,7199770877
6590,56183540,68594015,124777555,8,0,0,26624,12,1898061952
6591,56185040,68913190,125098230,3,0,0,34816,9,3515092032
6592,56197580,68034104,124231684,8,0,0,2048,12,4840073959
6593,56207820,69132822,125340642,9,0,0,11776,3,3895434165
6594,56217300,69232896,125450196,5,0,0,12288,7,6428861861
6595,56218120,68132315,124350435,7,0,0,10240,9,4610861969
6596,56238461,68668621,124907082,2,0,0,11776,12,4809017455
6597,56240200,68584715,124824915,3,0,0,26624,9,2101797141
6598,56256870,68961563,125218433,5,0,0,30208,7,1845227233
6599,56259000,69166957,125425957,8,0,0,28672,12,353886035
6600,56280249,108310317,164590566,4,0,1,28672,12,2438122140
6601,56280540,68643684,124924224,9,0,0,45568,3,6575578997
6602,56295740,68536006,124831746,7,0,0,512,9,3825021253
6603,56298160,68589667,124887827,1,0,0,30720,6,1147732923
6604,56303090,69398602,125701692,0,0,0,84480,14,5547850851
6605,56303840,68527696,124831536,8,0,0,21504,12,10614159423
6606,56321091,69641686,125962777,2,0,0,116224,12,8532146556
6607,56327630,68441790,124769420,9,0,0,27136,3,3165965666
6608,56359870,68401259,124761129,9,0,0,13312,3,6882572330
6609,56361330,69497965,125859295,8,0,0,100352,12,9102973688
6610,56366620,69644061,126010681,8,0,0,112128,12,7064466908
6611,56384490,69770089,126154579,3,0,0,33792,9,9455243999
6612,56384980,108373395,164758375,0,0,1,2560,14,3718999083
6613,56386020,108397156,164783176,1,0,1,9216,6,1411131338
6614,56421300,69309593,125730893,5,0,0,57344,7,2871327573
6615,56422260,70119980,126542240,4,0,0,2560,12,7761271446
6616,56428920,70009018,126437938,8,0,0,200704,12,302135969
6617,56445130,68465141,124910271,5,0,0,10240,7,8248068325
6618,56451520,68896188,125347708,5,0,0,22528,7,1912265513
6619,56469880,68807558,125277438,4,0,0,13824,12,5589551404
6620,56470200,108314228,164784428,8,0,1,4608,12,394733662
6621,56472440,68723362,125195802,1,0,0,46080,6,10480378523
6622,56474020,68450399,124924419,1,0,0,512,6,10042857814
6623,56474230,69295397,125769627,1,0,0,4096,6,5113201725
6624,56479490,68965990,125445480,1,0,0,64000,6,9260423199
6625,56479510,68749089,125228599,3,0,0,7168,9,3594168194
6626,56480330,69625877,126106207,9,0,0,36352,3,5319218148
6627,56484390,68616047,125100437,1,0,0,7168,6,2182036957
6628,56485080,108435198,164920278,9,0,1,18432,3,6778339003
6629,56486580,69226818,125713398,9,0,0,11264,3,5290625327
6630,56506310,68636764,125143074,8,0,0,4096,12,1417866473
6631,56507200,70109487,126616687,3,0,0,53760,9,7596898806
6632,56509850,70313981,126823831,5,0,0,104448,7,5478635888
6633,56521840,69269486,125791326,6,0,0,19456,12,4256303804
6634,56522730,69923343,126446073,6,0,0,26624,12,1800479661
6635,56525010,108612106,165137116,5,0,1,33792,7,4102332249
6636,56529569,108735804,165265373,6,0,1,9216,12,311223086
6637,56531480,69501055,126032535,4,0,0,43008,12,2181071675
6638,56532900,70586117,127119017,5,0,0,237056,7,4692582384
6639,56551751,69725921,126277672,2,0,0,43520,12,7042143921
6640,56561870,68778951,125340821,4,0,0,512,12,3074545126
6641,56582491,70299909,126882400,2,0,0,81408,12,8738795216
6642,56584150,68895410,125479560,0,0,0,6144,14,8082092075
6643,56590840,108712700,165303540,1,0,1,20992,6,2074945727
6644,56598710,70750302,127349012,6,0,0,20992,12,2845191292
6645,56602040,70676819,127278859,3,0,0,98816,9,9854512983
6646,56625950,68913676,125539626,5,0,0,6656,7,8610427245
6647,56630870,69745885,126376755,0,0,0,325120,14,2775781670
6648,56631309,108803850,165435159,7,0,1,5632,9,8780303632
6649,56644880,68992294,125637174,9,0,0,33280,3,331936749
6650,56656760,70078722,126735482,4,0,0,36864,12,7512268049
6651,56666850,69910798,126577648,0,0,0,71680,14,10602659594
6652,56686120,71410830,128096950,7,0,0,97280,9,8302237487
6653,56710220,68746239,125456459,7,0,0,20480,9,8889366525
6654,56713020,70412416,127125436,8,0,0,20992,12,7174430210
6655,56719630,70467339,127186969,4,0,0,5632,12,8626011007
6656,56721670,69159488,125881158,6,0,0,71680,12,8863633626
6657,56724930,108710252,165435182,0,0,1,14848,14,3714305597
6658,56749850,70107723,126857573,7,0,0,89088,9,1781670306
6659,56750239,108737974,165488213,6,0,1,3584,12,7528950637
6660,56779390,108708846,165488236,8,0,1,7168,12,9351091898
6661,56785211,70995135,127780346,2,0,0,36864,12,834189147
6662,56785571,68622623,125408194,2,0,0,10240,12,7697728564
6663,56790020,69343936,126133956,5,0,0,52224,7,6010814192
6664,56793141,70862711,127655852,2,0,0,27648,12,9396285328
6665,56800270,69263800,126064070,3,0,0,103424,9,8788668425
6666,56802490,70501311,127303801,6,0,0,28672,12,424000278
6667,56837540,70718574,127556114,7,0,0,155136,9,6417346000
6668,56849380,68461850,125311230,1,0,0,2560,6,4947084249
6669,56856710,68922556,125779266,5,0,0,29696,7,791851383
6670,56874550,108832978,165707528,3,0,1,25088,9,3117536425
6671,56880600,70076930,126957530,4,0,0,119296,12,2505278002
6672,56880860,70301695,127182555,9,0,0,187392,3,3871983107
6673,56893080,69077835,125970915,4,0,0,5120,12,1135695201
6674,56906720,70585163,127491883,1,0,0,15360,6,5531398404
6675,56915250,69584119,126499369,4,0,0,10240,12,1991266779
6676,56926270,69569948,126496218,4,0,0,61440,12,10246688982
6677,56927130,108792814,165719944,8,0,1,7168,12,9608711107
6678,56932500,70294185,127226685,3,0,0,59904,9,3149427429
6679,56934710,69288116,126222826,4,0,0,90624,12,704144673
6680,56943560,69533915,126477475,9,0,0,101376,3,968724585
6681,56945010,68629818,125574828,0,0,0,5120,14,5869325925
6682,56945510,68649599,125595109,3,0,0,10752,9,7540427773
6683,56953511,69493053,126446564,2,0,0,1536,12,2688897230
6684,56967830,70879943,127847773,7,0,0,71168,9,6666913230
6685,56978070,108793060,165771130,1,0,1,1024,6,9182538212
6686,56979500,71336527,128316027,6,0,0,102400,12,2075097081
6687,56982990,108918605,165901595,3,0,1,19968,9,2658121035
6688,56994700,70982282,127976982,1,0,0,48128,6,8227797732
6689,57002990,108983829,165986819,8,0,1,7168,12,2931403955
6690,57006190,109051069,166057259,0,0,1,20480,14,9273904810
6691,57007620,69533817,126541437,7,0,0,26112,9,4807766551
6692,57011370,71619544,128630914,6,0,0,70144,12,1528190665
6693,57013311,70812755,127826066,2,0,0,512,12,4896018848
6694,57027100,70334259,127361359,9,0,0,40448,3,8352464367
6695,57028460,70301722,127330182,9,0,0,61952,3,4463198283
6696,57035840,69034360,126070200,7,0,0,19456,9,616683812
6697,57042010,109507205,166549215,5,0,1,22528,7,7265326507
6698,57043799,109606275,166650074,7,0,1,25088,9,10074751637
6699,57052370,69453114,126505484,7,0,0,19968,9,9528797363
6700,57064021,70615410,127679431,2,0,0,77312,12,9639236183
6701,57070330,70755557,127825887,7,0,0,54272,9,1697746566
6702,57081550,69175424,126256974,7,0,0,76800,9,8802682081
6703,57083730,69472055,126555785,5,0,0,9728,7,7671742181
6704,57092420,70371249,127463669,9,0,0,74752,3,414923331
6705,57094390,69681405,126775795,7,0,0,17408,9,2496041354
6706,57095260,71343038,128438298,6,0,0,70144,12,863359857
6707,57095600,69437173,126532773,7,0,0,64000,9,1332039985
6708,57107321,69616906,126724227,2,0,0,71168,12,338815271
6709,57119580,69629047,126748627,1,0,0,18944,6,8011166319
6710,57126040,70159394,127285434,5,0,0,21504,7,7197032990
6711,57146900,71675877,128822777,8,0,0,30720,12,8154676988
6712,57147120,69450046,126597166,3,0,0,55296,9,8127833230
6713,57161380,72023108,129184488,1,0,0,80896,6,5332096146
6714,57168370,69720761,126889131,0,0,0,22016,14,8557102219
6715,57168400,109512358,166680758,9,0,1,16896,3,9014126623
6716,57178890,69443436,126622326,3,0,0,18432,9,6620708021
6717,57180140,109500641,166680781,2,0,1,4608,12,4897537391
6718,57188820,69576789,126765609,0,0,0,44544,14,4334110586
6719,57189640,71322215,128511855,8,0,0,28160,12,6430562951
6720,57192150,69550638,126742788,6,0,0,3584,12,6676578005
6721,57196190,69574278,126770468,5,0,0,15872,7,9845013498
6722,57197450,71475684,128673134,1,0,0,1536,6,7136063131
6723,57215670,109465134,166680804,2,0,1,2048,12,7228826974
6724,57216551,69991813,127208364,2,0,0,70144,12,2255382788
6725,57229460,72120203,129349663,5,0,0,61440,7,10513655942
6726,57236210,70807153,128043363,6,0,0,20480,12,567126714
6727,57237159,109464127,166701286,7,0,1,19456,9,5620766308
6728,57262640,72268098,129530738,1,0,0,153600,6,8087486048
6729,57264989,109436328,166701317,6,0,1,10240,12,848804631
6730,57266090,109435258,166701348,0,0,1,3072,14,5480614856
6731,57269180,69979548,127248728,1,0,0,72192,6,5589540696
6732,57280880,69709179,126990059,4,0,0,61952,12,2692594272
6733,57282460,69761073,127043533,9,0,0,9216,3,851268034
6734,57282710,109435220,166717930,2,0,1,8192,12,1076328554
6735,57283210,71876607,129159817,1,0,0,69632,6,1434802035
6736,57291710,70099050,127390760,1,0,0,13312,6,8512730051
6737,57301880,69588366,126890246,0,0,0,3584,14,4817782897
6738,57302300,69528106,126830406,5,0,0,21504,7,1236269258
6739,57321830,69587462,126909292,0,0,0,7168,14,6738975558
6740,57323120,69642077,126965197,7,0,0,25088,9,3600422156
6741,57342190,72537852,129880042,9,0,0,13824,3,8552284903
6742,57359860,70516752,127876612,5,0,0,52736,7,7722335497
6743,57365360,70355703,127721063,3,0,0,4096,9,6509377222
6744,57372500,70527950,127900450,8,0,0,18944,12,5250215904
6745,57376639,109384174,166760813,6,0,1,11264,12,985353325
6746,57392250,70644754,128037004,8,0,0,12288,12,3973807856
6747,57416071,69878971,127295042,2,0,0,23040,12,1690994100
6748,57423670,72376000,129799670,8,0,0,101376,12,8066787093
6749,57427420,69859129,127286549,6,0,0,3584,12,4479077499
6750,57433970,69751260,127185230,3,0,0,8704,9,6539722574
6751,57437550,69850449,127287999,7,0,0,4608,9,4856355777
6752,57475820,72152029,129627849,5,0,0,27136,7,9273634668
6753,57477740,70968849,128446589,4,0,0,27136,12,1339284282
6754,57484819,109276017,166760836,7,0,1,9728,9,8800243997
6755,57523560,72463718,129987278,5,0,0,99840,7,6738118981
6756,57573860,69867010,127440870,0,0,0,82432,14,10377834744
6757,57606560,71059321,128665881,4,0,0,114688,12,5150695374
6758,57619830,70187291,127807121,0,0,0,60928,14,1805919279
6759,57623570,70068841,127692411,8,0,0,29696,12,5691667942
6760,57642350,70166978,127809328,5,0,0,7168,7,9887388280
6761,57643050,70314074,127957124,9,0,0,13824,3,5028468260
6762,57650690,109154144,166804834,9,0,1,27648,3,7531940473
6763,57652979,109213693,166866672,7,0,1,9728,9,2979751888
6764,57665380,109282995,166948375,1,0,1,3072,6,2205628103
6765,57666480,70286409,127952889,1,0,0,172032,6,3043491142
6766,57671710,71168845,128840555,6,0,0,50176,12,698525301
6767,57682580,70206691,127889271,3,0,0,41472,9,1725107397
6768,57682760,109356466,167039226,1,0,1,22016,6,4514263192
6769,57683490,70780929,128464419,4,0,0,57856,12,197238189
6770,57692949,109346300,167039249,4,0,1,5120,12,993547380
6771,57707761,70298620,128006381,2,0,0,22016,12,341869655
6772,57728190,70669939,128398129,7,0,0,120320,9,6328110109
6773,57728340,70161266,127889606,1,0,0,1024,6,165214837
6774,57731120,70231175,127962295,4,0,0,16896,12,3403937886
6775,57746160,70615286,128361446,6,0,0,148992,12,6134069180
6776,57758140,72070904,129829044,9,0,0,23040,3,8122411882
6777,57759350,70350103,128109453,4,0,0,40960,12,4538542737
6778,57760450,71475379,129235829,1,0,0,8192,6,5108134316
6779,57761030,70733931,128494961,4,0,0,78336,12,10400857530
6780,57767090,69913768,127680858,0,0,0,4608,14,3484468192
6781,57776991,70254836,128031827,2,0,0,3584,12,9136880244
6782,57790890,72110477,129901367,3,0,0,12800,9,294055798
6783,57799420,70780496,128579916,6,0,0,95744,12,12780966
6784,57811480,109261893,167073373,0,0,1,21504,14,10363580620
6785,57816730,70304719,128121449,0,0,0,4096,14,6149949891
6786,57817810,70212697,128030507,7,0,0,512,9,9323047928
6787,57821000,70592760,128413760,6,0,0,51200,12,9074865481
6788,57824420,70172330,127996750,5,0,0,17408,7,8122505209
6789,57851130,72315916,130167046,5,0,0,69120,7,7839912545
6790,57864611,70806293,128670904,2,0,0,16384,12,8589921626
6791,57866260,109265033,167131293,5,0,1,28672,7,3241944966
6792,57881370,72264593,130145963,7,0,0,22528,9,6772400635
6793,57883640,72417982,130301622,7,0,0,16384,9,633079573
6794,57885350,70698021,128583371,8,0,0,11264,12,5874904887
6795,57889950,70719569,128609519,4,0,0,65024,12,2052691372
6796,57890450,70892379,128782829,7,0,0,60928,9,9451483617
6797,57908650,70642071,128550721,4,0,0,30720,12,684432668
6798,57911061,72427080,130338141,2,0,0,18944,12,1157229441
6799,57915631,72986016,130901647,2,0,0,184832,12,9864257287
6800,57950000,73103778,131053778,3,0,0,34816,9,3740303469
6801,57952270,72760978,130713248,0,0,0,104448,14,5045693817
6802,57976240,72500912,130477152,0,0,0,198656,14,6558724229
6803,57997700,109886937,167884637,1,0,1,11776,6,6529488322
6804,58001689,109981876,167983565,7,0,1,7168,9,10539862925
6805,58010020,70436748,128446768,9,0,0,512,3,596253752
6806,58010130,70944213,128954343,7,0,0,33792,9,9435524895
6807,58011940,110018783,168030723,1,0,1,5632,6,2528871664
6808,58014020,110027201,168041221,0,0,1,1536,14,2033332071
6809,58015860,70525478,128541338,6,0,0,49664,12,4725549526
6810,58016150,110116479,168132629,5,0,1,47616,7,561041984
6811,58031571,70660462,128692033,2,0,0,61952,12,3140987475
6812,58081760,70335143,128416903,7,0,0,10240,9,4376173658
6813,58084060,70419192,128503252,7,0,0,27136,9,2520828416
6814,58111870,70352728,128464598,9,0,0,512,3,10695296074
6815,58121030,70162838,128283868,0,0,0,3584,14,10724940297
6816,58124820,71093141,129217961,3,0,0,30208,9,2862189424
6817,58127070,70590851,128717921,1,0,0,9216,6,3052558848
6818,58139030,110041836,168180866,5,0,1,512,7,8216261111
6819,58140050,71226069,129366119,1,0,0,41472,6,5439571072
6820,58148680,70952372,129101052,1,0,0,2560,6,8760392913
6821,58157200,70598827,128756027,0,0,0,50176,14,4101067322
6822,58163130,71062851,129225981,9,0,0,15360,3,10709440829
6823,58172620,110008400,168181020,8,0,1,8704,12,7565533613
6824,58175210,71411289,129586499,6,0,0,58880,12,1789949539
6825,58179380,70920846,129100226,3,0,0,62976,9,9885020100
6826,58179690,70515486,128695176,6,0,0,10240,12,3945687142
6827,58185820,73119760,131305580,8,0,0,366080,12,6525662730
6828,58198950,110035856,168234806,0,0,1,17408,14,9900913392
6829,58201190,72755742,130956932,5,0,0,91648,7,3001050054
6830,58204330,72437082,130641412,7,0,0,19456,9,4604147940
6831,58206300,70466343,128672643,4,0,0,5632,12,5455304286
6832,58206970,110348884,168555854,5,0,1,89088,7,10496260321
6833,58244510,70721776,128966286,8,0,0,21504,12,5744124362
6834,58264339,110393400,168657739,4,0,1,69632,12,2365710002
6835,58267530,71176616,129444146,8,0,0,30720,12,10729297689
6836,58272650,71101989,129374639,9,0,0,14336,3,4604862958
6837,58275980,71292556,129568536,3,0,0,115712,9,8800681969
6838,58281800,70913741,129195541,7,0,0,31232,9,2376485077
6839,58299201,72382200,130681401,2,0,0,42496,12,7192588957
6840,58300491,70979067,129279558,2,0,0,26624,12,5657785063
6841,58306860,70718899,129025759,7,0,0,18944,9,210096536
6842,58307950,71379622,129687572,6,0,0,75264,12,599402467
6843,58309180,70771835,129081015,0,0,0,121856,14,3344838160
6844,58310420,71305812,129616232,7,0,0,34816,9,10456709851
6845,58313270,71393298,129706568,7,0,0,12800,9,1909891286
6846,58354511,73276941,131631452,2,0,0,537088,12,8881035559
6847,58355980,110525370,168881350,5,0,1,41472,7,10667856980
6848,58363400,71366361,129729761,8,0,0,6144,12,9451455031
6849,58385950,71499130,129885080,7,0,0,12800,9,8051080183
6850,58390390,71431611,129822001,9,0,0,73216,3,5839485493
6851,58392920,72636187,131029107,9,0,0,10752,3,9934191533
6852,58396700,110487028,168883728,5,0,1,13312,7,10323912281
6853,58397100,71478707,129875807,3,0,0,91136,9,5838758885
6854,58398510,71134747,129533257,8,0,0,8192,12,9624741182
6855,58402850,71430764,129833614,1,0,0,5632,6,4548716161
6856,58413230,71528582,129941812,0,0,0,61952,14,1888231760
6857,58427791,71588393,130016184,2,0,0,53248,12,5697055608
6858,58430940,71614848,130045788,8,0,0,7680,12,9663448058
6859,58435729,110508793,168944522,4,0,1,1536,12,9398134069
6860,58449120,73242359,131691479,9,0,0,76288,3,988158811
6861,58449160,71253485,129702645,4,0,0,27648,12,5589801247
6862,58453820,71546117,129999937,3,0,0,41472,9,5979457488
6863,58469250,73270860,131740110,0,0,0,66560,14,4133362053
6864,58501280,71786210,130287490,4,0,0,62976,12,6990169085
6865,58532040,71736239,130268279,9,0,0,251904,3,10508208467
6866,58555781,71571494,130127275,2,0,0,18432,12,7700321701
6867,58577290,71909245,130486535,9,0,0,30720,3,2528308445
6868,58586541,71250839,129837380,2,0,0,5120,12,8405263588
6869,58611510,73169767,131781277,7,0,0,65536,9,7363431038
6870,58624800,71671807,130296607,6,0,0,13824,12,9765496202
6871,58625460,71206415,129831875,9,0,0,9216,3,4550749249
6872,58658381,71094801,129753182,2,0,0,7168,12,7024864730
6873,58669520,110277908,168947428,9,0,1,4608,3,1009381806
6874,58680090,110339077,169019167,5,0,1,21504,7,1141663555
6875,58681520,71930819,130612339,0,0,0,18944,14,5741136782
6876,58711120,110323229,169034349,0,0,1,9216,14,8643940848
6877,58728970,71671430,130400400,6,0,0,67072,12,2800374361
6878,58736490,71817480,130553970,3,0,0,31232,9,5845441258
6879,58740151,71592195,130332346,2,0,0,4096,12,188344579
6880,58766280,110280996,169047276,5,0,1,14848,7,7215128410
6881,58773590,71107567,129881157,0,0,0,3584,14,7449526764
6882,58773810,71726484,130500294,1,0,0,16384,6,4885342735
6883,58786601,71544405,130331006,2,0,0,44544,12,686302838
6884,58788800,110308821,169097621,0,0,1,1024,14,4821614531
6885,58789460,73093369,131882829,8,0,0,87040,12,4534167929
6886,58803390,110294254,169097644,8,0,1,4608,12,7450692061
6887,58812500,72616967,131429467,9,0,0,28160,3,4569361653
6888,58830250,71242749,130072999,8,0,0,6656,12,1551827108
6889,58838481,71652468,130490949,2,0,0,9728,12,1921170077
6890,58840400,110257267,169097667,5,0,1,4608,7,10550083406
6891,58844660,72821657,131666317,8,0,0,27136,12,8714001147
6892,58844899,111225980,170070879,9,0,1,70656,3,1581862909
6893,58850590,111457741,170308331,8,0,1,44032,12,8222984741
6894,58860630,71431742,130292372,3,0,0,3584,9,4759763155
6895,58864720,73127326,131992046,7,0,0,5120,9,8278112137
6896,58865230,71940329,130805559,7,0,0,45568,9,8123347302
6897,58874250,71417007,130291257,4,0,0,12288,12,8591225446
6898,58875310,72037592,130912902,7,0,0,36864,9,2713827802
6899,58897810,71737651,130635461,8,0,0,13312,12,4194011592
6900,58903749,111404605,170308354,4,0,1,22016,12,6332287542
6901,58923560,71439917,130363477,1,0,0,23552,6,5287817212
6902,58929310,111379067,170308377,8,0,1,14336,12,1067751053
6903,58934350,111419570,170353920,2,0,1,24064,12,5602970339
6904,58942620,72026191,130968811,4,0,0,38912,12,9611572653
6905,58944141,72797084,131741225,2,0,0,3584,12,3997403388
6906,58945110,73240878,132185988,9,0,0,185344,3,8597773076
6907,58959630,71755201,130714831,7,0,0,5120,9,8473990509
6908,58969831,72368141,131337972,2,0,0,14336,12,6972755131
6909,58977270,72079495,131056765,6,0,0,9728,12,7432965298
6910,59012000,111341943,170353943,8,0,1,7680,12,4044668680
6911,59012250,71481218,130493468,7,0,0,8192,9,3094690650
6912,59033141,71454821,130487962,2,0,0,4608,12,8792079437
6913,59043090,73500360,132543450,9,0,0,45568,3,4548775351
6914,59066080,111477232,170543312,1,0,1,25088,6,8033205593
6915,59069570,73379465,132449035,6,0,0,95232,12,9651473201
6916,59070910,71593034,130663944,3,0,0,18432,9,5764017786
6917,59090380,71825041,130915421,3,0,0,8192,9,6069602017
6918,59097670,111461803,170559473,8,0,1,8704,12,326399493
6919,59101500,73252970,132354470,4,0,0,25600,12,1236884397
6920,59104360,71682091,130786451,3,0,0,28672,9,9724881720
6921,59108060,71965310,131073370,3,0,0,28160,9,9264446744
6922,59113230,73659566,132772796,6,0,0,179712,12,813557327
6923,59129269,111441342,170570611,7,0,1,34304,9,3287512830
6924,59168940,111406817,170575757,5,0,1,8192,7,3659501318
6925,59177810,72858563,132036373,5,0,0,145408,7,2144458478
6926,59200470,111435991,170636461,0,0,1,24576,14,5764391019
6927,59202780,71887802,131090582,6,0,0,54784,12,8888887432
6928,59224550,72839492,132064042,1,0,0,8704,6,8559537916
6929,59224920,71958603,131183523,3,0,0,23040,9,2236991755
6930,59225050,111477600,170702650,1,0,1,20992,6,8075751503
6931,59232050,71832717,131064767,4,0,0,1536,12,10138533569
6932,59245691,71404062,130649753,2,0,0,4608,12,10069588817
6933,59259400,72080663,131340063,3,0,0,3584,9,1065682186
6934,59284930,72357785,131642715,0,0,0,36864,14,7862774902
6935,59286360,111531934,170818294,2,0,1,30720,12,6465014648
6936,59312290,71864190,131176480,9,0,0,64512,3,7875011938
6937,59318720,71993747,131312467,1,0,0,22528,6,9914525932
6938,59323310,71740966,131064276,8,0,0,24576,12,533618878
6939,59332950,111507122,170840072,5,0,1,3072,7,8315058267
6940,59335060,71762409,131097469,4,0,0,22528,12,1256229197
6941,59351600,73569810,132921410,7,0,0,152576,9,9135076198
6942,59357980,71449474,130807454,4,0,0,6144,12,7532744743
6943,59364331,72355476,131719807,2,0,0,43008,12,10641708707
6944,59366180,71967393,131333573,1,0,0,62464,6,7048988938
6945,59377360,72063839,131441199,7,0,0,1536,9,6174918874
6946,59377631,72006033,131383664,2,0,0,30208,12,9220388521
6947,59378390,71972921,131351311,6,0,0,4096,12,10187961410
6948,59384591,72046927,131431518,2,0,0,6656,12,3681077522
6949,59386140,72081645,131467785,9,0,0,78848,3,1205250160
6950,59394880,71919638,131314518,4,0,0,6656,12,5268866850
6951,59398650,72308030,131706680,0,0,0,22016,14,1729673814
6952,59399270,72348569,131747839,8,0,0,19968,12,9187638875
6953,59407290,72013574,131420864,1,0,0,51712,6,3168068430
6954,59408990,73722470,133131460,0,0,0,70656,14,6164354618
6955,59414120,72243906,131658026,3,0,0,50176,9,2438185431
6956,59416641,73556868,132973509,2,0,0,13312,12,1033562011
6957,59420051,71942745,131362796,2,0,0,2048,12,9889264096
6958,59425530,73803758,133229288,1,0,0,29184,6,9376695192
6959,59427300,111413745,170841045,1,0,1,12800,6,6227151863
6960,59430900,72268246,131699146,4,0,0,25088,12,2950541793
6961,59439350,72228862,131668212,6,0,0,6144,12,9183829101
6962,59449430,111397687,170847117,8,0,1,26624,12,10569041150
6963,59480290,72341063,131821353,8,0,0,46592,12,9408843414
6964,59483101,73770961,133254062,2,0,0,5120,12,3258276995
6965,59493720,111434536,170928256,5,0,1,17408,7,1072291306
6966,59496759,111441714,170938473,4,0,1,9728,12,2459572781
6967,59497950,74143533,133641483,9,0,0,206848,3,324326913
6968,59499730,111444994,170944724,8,0,1,8192,12,9129001567
6969,59512520,111590905,171103425,9,0,1,10752,3,9244986359
6970,59525350,72174599,131699949,4,0,0,2560,12,6867397759
6971,59526810,73961655,133488465,3,0,0,43520,9,10411005056
6972,59541650,72448813,131990463,6,0,0,71168,12,715347544
6973,59542590,72199126,131741716,7,0,0,1536,9,6943263286
6974,59566880,72194406,131761286,5,0,0,44032,7,7740620566
6975,59571809,111531639,171103448,6,0,1,16384,12,10315825185
6976,59574400,73041166,132615566,4,0,0,44032,12,189570639
6977,59580070,74221041,133801111,1,0,0,43008,6,7761143370
6978,59583230,72640109,132223339,0,0,0,49152,14,1395366056
6979,59588990,72747338,132336328,8,0,0,65024,12,65243835
6980,59590710,73203839,132794549,8,0,0,11264,12,8251724392
6981,59597139,111736326,171333465,7,0,1,29184,9,3406048020
6982,59611051,72918492,132529543,2,0,0,198144,12,5569519198
6983,59629319,111704169,171333488,4,0,1,5632,12,2029073439
6984,59634830,111700108,171334938,2,0,1,12288,12,8763570414
6985,59642030,72428431,132070461,9,0,0,20992,3,4644627074
6986,59648180,72538455,132186635,9,0,0,2048,3,4950080725
6987,59669950,72381310,132051260,1,0,0,41984,6,2745665063
6988,59678371,72689070,132367441,2,0,0,42496,12,10078959958
6989,59681179,111725056,171406235,4,0,1,16384,12,2204202688
6990,59683489,111722769,171406258,4,0,1,4096,12,680155913
6991,59689140,72503561,132192701,7,0,0,15872,9,9680590401
6992,59689469,111774671,171464140,6,0,1,31232,12,7745766868
6993,59689991,72497851,132187842,2,0,0,3584,12,5983777075
6994,59696550,72536165,132232715,7,0,0,19456,9,5211772414
6995,59697420,72571816,132269236,1,0,0,6144,6,10272960206
6996,59700180,73251586,132951766,7,0,0,26624,9,8941317717
6997,59702149,111783432,171485581,4,0,1,24576,12,7318170853
6998,59723600,72850901,132574501,6,0,0,82432,12,3521291673
6999,59731210,111754394,171485604,0,0,1,11776,14,1537847338
7000,59762840,72583807,132346647,9,0,0,33792,3,2482732070
7001,59767520,73018715,132786235,9,0,0,44032,3,4195291422
7002,59774970,74148729,133923699,1,0,0,64000,6,8013031219
7003,59787240,72893118,132680358,4,0,0,37376,12,7531122685
7004,59809520,73276082,133085602,4,0,0,36864,12,4316512557
7005,59819550,111726283,171545833,2,0,1,23040,12,1645341114
7006,59835760,73039139,132874899,9,0,0,109568,3,665034796
7007,59839670,72797324,132636994,8,0,0,37888,12,6507238945
7008,59848780,73085913,132934693,9,0,0,43520,3,1109403979
7009,59861760,72588234,132449994,1,0,0,3072,6,5471882433
7010,59873350,72917744,132791094,8,0,0,15872,12,6435047451
7011,59887929,111790809,171678738,4,0,1,23040,12,4156112502
7012,59901220,73124854,133026074,3,0,0,31232,9,8106051141
7013,59923210,73019462,132942672,8,0,0,26112,12,1468223645
7014,59928050,72723024,132651074,9,0,0,4608,3,2225325561
7015,59946021,73274352,133220373,2,0,0,95232,12,6260936022
7016,59954290,73006703,132960993,0,0,0,30208,14,1751933357
7017,59959759,111810306,171770065,6,0,1,25600,12,3622521174
7018,59966790,72842134,132808924,3,0,0,47104,9,7180101833
7019,59971540,72869952,132841492,8,0,0,104448,12,8567915934
7020,59994110,73076626,133070736,3,0,0,12800,9,7266262194
7021,59997830,113436743,173434573,9,0,1,252416,3,8516111858
7022,59997970,113442442,173440412,8,0,1,28160,12,8524057184
7023,60000680,72656918,132657598,3,0,0,9728,9,5307644452
7024,60046650,72896981,132943631,4,0,0,3072,12,753635776
7025,60055310,73011503,133066813,8,0,0,133632,12,1809638379
7026,60058819,113459882,173518701,7,0,1,6144,9,1344159929
7027,60063611,73010736,133074347,2,0,0,11776,12,3498688060
7028,60067830,73628950,133696780,9,0,0,123392,3,2451194036
7029,60083760,113434964,173518724,1,0,1,6144,6,3678597423
7030,60084240,73168239,133252479,7,0,0,28672,9,8874536328
7031,60094560,113567885,173662445,2,0,1,26624,12,5643502368
7032,60099361,72861967,132961328,2,0,0,1024,12,5210742730
7033,60137310,73879574,134016884,6,0,0,25600,12,827915104
7034,60137679,113683565,173821244,7,0,1,47104,9,2065072193
7035,60138421,73227343,133365764,2,0,0,34304,12,8898483306
7036,60145380,73268200,133413580,9,0,0,23552,3,5553813407
7037,60157150,73280329,133437479,6,0,0,78336,12,3969944837
7038,60158410,73020698,133179108,6,0,0,18944,12,5574006594
7039,60167230,113760867,173928097,2,0,1,18944,12,6319940157
7040,60169849,113935946,174105795,4,0,1,37888,12,1026492019
7041,60171820,73217823,133389643,4,0,0,51712,12,6334593764
7042,60180610,73536028,133716638,9,0,0,20992,3,6251927288
7043,60196220,73909987,134106207,9,0,0,90112,3,9030301715
7044,60201729,113916303,174118032,4,0,1,17920,12,3182342293
7045,60202621,73098845,133301466,2,0,0,31232,12,10475613500
7046,60208430,74003755,134212185,6,0,0,116736,12,9830069013
7047,60214650,73140639,133355289,9,0,0,77824,3,5151832025
7048,60223800,73006603,133230403,0,0,0,3584,14,3157788424
7049,60225630,114240866,174466496,5,0,1,66048,7,6261763938
7050,60228840,73315585,133544425,6,0,0,4608,12,2881110889
7051,60228850,73429082,133657932,5,0,0,34304,7,4854428219
7052,60237860,73168521,133406381,9,0,0,38912,3,8449659364
7053,60256720,114210758,174467478,0,0,1,29184,14,120260324
7054,60257790,114432098,174689888,9,0,1,95232,3,4705959243
7055,60269240,73125262,133394502,0,0,0,15872,14,1430587846
7056,60276500,73500385,133776885,0,0,0,71680,14,5939209827
7057,60283110,114423360,174706470,5,0,1,512,7,5957903432
7058,60292520,73175057,133467577,3,0,0,4608,9,1699447769
7059,60305740,73339666,133645406,8,0,0,12800,12,9957909929
7060,60312900,73334557,133647457,7,0,0,6656,9,1159497039
7061,60314980,114391513,174706493,2,0,1,6144,12,809171063
7062,60320160,73390059,133710219,7,0,0,44032,9,1777176029
7063,60327150,74313899,134641049,3,0,0,15360,9,7546624785
7064,60331860,73525901,133857761,9,0,0,13824,3,6822650355
7065,60344680,73388440,133733120,6,0,0,25600,12,6752316799
7066,60366611,73421373,133787984,2,0,0,36352,12,7813282991
7067,60371510,114389758,174761268,2,0,1,28160,12,3677731793
7068,60372220,73636841,134009061,0,0,0,49664,14,8874981129
7069,60379670,73868305,134247975,4,0,0,5120,12,7072458369
7070,60405689,114509446,174915135,4,0,1,40448,12,9441447036
7071,60415981,73470663,133886644,2,0,0,94720,12,7468689676
7072,60428130,73593301,134021431,8,0,0,14848,12,2229458337
7073,60430701,73422825,133853526,2,0,0,49152,12,10350321126
7074,60440010,73540719,133980729,1,0,0,33280,6,9680188031
7075,60447560,74276614,134724174,9,0,0,32256,3,379916318
7076,60451720,73775308,134227028,6,0,0,48640,12,411943473
7077,60454900,73438943,133893843,6,0,0,23552,12,10176214069
7078,60459380,73717214,134176594,7,0,0,110080,9,7565540248
7079,60461989,114459120,174921109,4,0,1,9216,12,46833256
7080,60477290,73758445,134235735,7,0,0,15360,9,7011021196
7081,60484670,74390864,134875534,3,0,0,92160,9,6087089913
7082,60499020,114883889,175382909,0,0,1,48128,14,1546035709
7083,60500430,74043706,134544136,3,0,0,99840,9,6385327451
7084,60533220,73769534,134302754,8,0,0,47616,12,10481573870
7085,60544790,73685381,134230171,8,0,0,10240,12,10611154249
7086,60555230,74485869,135041099,8,0,0,62464,12,6570897037
7087,60558800,74667465,135226265,1,0,0,38912,6,5940870638
7088,60570550,74997745,135568295,0,0,0,449536,14,4086256932
7089,60587280,74049066,134636346,7,0,0,70656,9,5842185773
7090,60588590,73965241,134553831,4,0,0,31744,12,10714919060
7091,60593190,73694335,134287525,7,0,0,34816,9,373784059
7092,60596790,73796788,134393578,9,0,0,38400,3,1002338372
7093,60604620,74356251,134960871,4,0,0,39936,12,10286633386
7094,60618841,73966329,134585170,2,0,0,17920,12,1188474338
7095,60634180,74185800,134819980,8,0,0,14848,12,8459732878
7096,60636930,115014148,175651078,1,0,1,4608,6,7174699433
7097,60639900,75176731,135816631,6,0,0,105472,12,1346707490
7098,60641340,73935871,134577211,6,0,0,7680,12,10191766120
7099,60643230,74944790,135588020,1,0,0,64512,6,8951096429
7100,60643801,75052298,135696099,2,0,0,249344,12,4758406169
7101,60658619,114992482,175651101,6,0,1,8192,12,6022422853
7102,60668720,74634619,135303339,9,0,0,77824,3,7902629780
7103,60672430,74126004,134798434,8,0,0,12288,12,5441305
7104,60672990,115067221,175740211,5,0,1,31744,7,9014432994
7105,60676780,74943324,135620104,9,0,0,60928,3,10005010875
7106,60680040,116651635,177331675,9,0,1,358912,3,7356009635
7107,60683370,74379904,135063274,3,0,0,72704,9,4277926838
7108,60694460,74372269,135066729,3,0,0,11264,9,3974923791
7109,60695720,75192782,135888502,7,0,0,53248,9,7497576263
7110,60699390,74431427,135130817,4,0,0,43520,12,3224817758
7111,60703000,75552830,136255830,0,0,0,697344,14,6507902369
7112,60703850,75161699,135865549,7,0,0,24576,9,1154210890
7113,60706829,116628178,177335007,4,0,1,32256,12,667584344
7114,60715279,116626773,177342052,7,0,1,1024,9,5587681568
7115,60725109,116617507,177342616,6,0,1,10752,12,2725800479
7116,60725221,75189980,135915201,2,0,0,87552,12,995611890
7117,60756171,75028301,135784472,2,0,0,231424,12,1638649131
7118,60757680,116616710,177374390,1,0,1,12800,6,4469484569
7119,60762429,116622024,177384453,7,0,1,14336,9,9553246432
7120,60764270,116693658,177457928,9,0,1,133632,3,5338896408
7121,60764340,75083310,135847650,7,0,0,59392,9,1831575193
7122,60773340,75097848,135871188,7,0,0,18432,9,1002906401
7123,60777041,75521579,136298620,2,0,0,44544,12,4853048837
7124,60804670,75053299,135857969,1,0,0,33792,6,3803017044
7125,60806819,116674529,177481348,4,0,1,6144,12,2152194716
7126,60818500,75011031,135829531,4,0,0,41984,12,10069851232
7127,60861680,74852234,135713914,0,0,0,58368,14,2724465402
7128,60888530,74983686,135872216,4,0,0,3072,12,2835149993
7129,60900980,75032068,135933048,0,0,0,58368,14,1326409331
7130,60903290,116656255,177559545,9,0,1,81920,3,7794331821
7131,60913130,75371895,136285025,3,0,0,95744,9,3625711532
7132,60932730,116936147,177868877,2,0,1,31744,12,3496761959
7133,60936680,75104426,136041106,8,0,0,31744,12,8359860472
7134,60936760,75672380,136609140,8,0,0,19968,12,3427454231
7135,60940840,75008091,135948931,8,0,0,9728,12,2496418172
7136,60944649,116924251,177868900,6,0,1,6656,12,327406217
7137,60955329,116913594,177868923,4,0,1,13824,12,7771469344
7138,60964500,75334923,136299423,0,0,0,2560,14,3041047510
7139,60973660,116895286,177868946,2,0,1,10240,12,4804945166
7140,60978490,75440199,136418689,7,0,0,79360,9,1176452365
7141,60992980,75437143,136430123,8,0,0,14848,12,1588493588
7142,60999720,116870988,177870708,9,0,1,28160,3,9897089142
7143,61005390,75332276,136337666,6,0,0,125440,12,2681563673
7144,61010249,116914706,177924955,4,0,1,64000,12,7823412823
7145,61025090,75455812,136480902,8,0,0,7168,12,9807989085
7146,61041229,116933894,177975123,4,0,1,2048,12,7812892830
7147,61049619,116948350,177997969,6,0,1,14848,12,4429850215
7148,61049759,116948233,177997992,6,0,1,10240,12,5910957758
7149,61054580,75290597,136345177,9,0,0,24576,3,1992372059
7150,61055820,75323902,136379722,1,0,0,113152,6,9249091939
7151,61067320,116935897,178003217,0,0,1,28672,14,1036670710
7152,61067909,116943310,178011219,4,0,1,9728,12,3488873930
7153,61071970,75320746,136392716,3,0,0,41984,9,7185396949
7154,61084220,75835697,136919917,9,0,0,226816,3,521694548
7155,61085090,75482956,136568046,9,0,0,40448,3,945875520
7156,61095621,75329955,136425576,2,0,0,22528,12,5222864988
7157,61111880,75645874,136757754,1,0,0,19456,6,10458237588
7158,61134560,75259918,136394478,8,0,0,1536,12,8220334602
7159,61134729,116902799,178037528,4,0,1,54784,12,4077940153
7160,61141460,75298159,136439619,4,0,0,11776,12,4413997336
7161,61145321,75368572,136513893,2,0,0,22528,12,9540124438
7162,61174610,116881216,178055826,8,0,1,7168,12,496929680
7163,61186739,116869118,178055857,6,0,1,512,12,1769193243
7164,61198560,116857320,178055880,2,0,1,1024,12,7414903912
7165,61200530,75179371,136379901,0,0,0,512,14,3559096273
7166,61201729,116854174,178055903,7,0,1,9216,9,9262622676
7167,61213810,75891188,137104998,4,0,0,61952,12,4935518019
7168,61217170,75821709,137038879,9,0,0,34304,3,6156496757
7169,61228680,75702492,136931172,4,0,0,36864,12,6273199986
7170,61230940,75759768,136990708,9,0,0,16384,3,10283980446
7171,61248180,75145807,136393987,7,0,0,4096,9,593797375
7172,61262210,75438856,136701066,3,0,0,27648,9,2754376017
7173,61278250,75200177,136478427,4,0,0,13312,12,2879337194
7174,61279670,75426879,136706549,7,0,0,17920,9,9047749648
7175,61295720,116822317,178118037,8,0,1,24576,12,686684218
7176,61301360,75656199,136957559,6,0,0,86528,12,5372148899
7177,61313790,75843529,137157319,9,0,0,5632,3,2156592898
7178,61317350,75471355,136788705,3,0,0,45056,9,5150514208
7179,61333420,75269613,136603033,6,0,0,10752,12,10183632984
7180,61334970,75276065,136611035,1,0,0,6144,6,3029256734
7181,61340390,75731490,137071880,7,0,0,52736,9,6260188440
7182,61366700,75406381,136773081,6,0,0,26112,12,8861905401
7183,61370160,75815053,137185213,6,0,0,87040,12,2101668295
7184,61376770,75438771,136815541,7,0,0,45568,9,3246942502
7185,61382580,117104566,178487146,9,0,1,95232,3,1921608831
7186,61394900,75590793,136985693,8,0,0,43008,12,792439008
7187,61396620,76066945,137463565,0,0,0,45568,14,4346961775
7188,61398610,75294009,136692619,0,0,0,76800,14,4788581683
7189,61404280,75359825,136764105,3,0,0,11776,9,9730267341
7190,61407870,75678229,137086099,1,0,0,46592,6,2807435087
7191,61419970,75910593,137330563,0,0,0,89088,14,5406531387
7192,61422730,75806232,137228962,3,0,0,92672,9,6402721599
7193,61425050,117091317,178516367,0,0,1,5632,14,2642020211
7194,61444121,75528437,136972558,2,0,0,49152,12,6563287799
7195,61446880,75748028,137194908,7,0,0,31744,9,7808191458
7196,61451700,76092074,137543774,3,0,0,45056,9,8140641694
7197,61463920,75650001,137113921,9,0,0,29184,3,8133142549
7198,61471239,117075157,178546396,7,0,1,26624,9,4213322973
7199,61483311,75894589,137377900,2,0,0,64000,12,3717548331
7200,61490861,76142114,137632975,2,0,0,79360,12,2081963743
7201,61492020,75866357,137358377,4,0,0,53248,12,275815429
7202,61494910,117128928,178623838,8,0,1,3584,12,7123446231
7203,61503760,117360591,178864351,9,0,1,140288,3,9238099457
7204,61513390,117350984,178864374,2,0,1,7168,12,2597731664
7205,61514850,76203782,137718632,3,0,0,17920,9,8847312283
7206,61538670,76325478,137864148,4,0,0,240128,12,8908338650
7207,61555599,117331561,178887160,7,0,1,6656,9,1436558284
7208,61560819,117359973,178920792,4,0,1,36352,12,8250411150
7209,61564070,75816817,137380887,7,0,0,9728,9,6096299953
7210,61571990,75545230,137117220,6,0,0,10752,12,4345651938
7211,61577160,75972409,137549569,1,0,0,18944,6,3645561557
7212,61588130,75612573,137200703,9,0,0,18944,3,3536871291
7213,61590600,75819374,137409974,0,0,0,34816,14,8331432720
7214,61601090,75654225,137255315,4,0,0,42496,12,6869177006
7215,61606260,117392250,178998510,5,0,1,46592,7,308393090
7216,61610239,117431927,179042166,6,0,1,22528,12,20211368
7217,61611300,75890485,137501785,1,0,0,17920,6,8991512630
7218,61618230,75819955,137438185,7,0,0,37888,9,10584038752
7219,61639850,75702280,137342130,8,0,0,37888,12,10081988762
7220,61688370,76315155,138003525,5,0,0,8704,7,9180911661
7221,61689290,75991791,137681081,7,0,0,21504,9,6511016507
7222,61703700,117361763,179065463,5,0,1,4096,7,66219366
7223,61715660,117353125,179068785,1,0,1,17408,6,9776825508
7224,61723400,75871596,137594996,4,0,0,34304,12,3768183912
7225,61725150,75945589,137670739,9,0,0,41984,3,8793493540
7226,61727870,76161018,137888888,4,0,0,21504,12,642922532
7227,61756290,75800478,137556768,5,0,0,23552,7,8384090345
7228,61763930,76359290,138123220,1,0,0,100864,6,8872875595
7229,61768320,76506645,138274965,0,0,0,17920,14,5952330813
7230,61773710,75866932,137640642,1,0,0,25088,6,2337926862
7231,61786790,76142296,137929086,4,0,0,28672,12,9454449181
7232,61791421,75853144,137644565,2,0,0,12800,12,7561028081
7233,61794500,76105510,137900010,8,0,0,36352,12,3845743124
7234,61812540,75861966,137674506,0,0,0,12288,14,5658814968
7235,61817800,117330520,179148320,5,0,1,71680,7,9454942753
7236,61818030,76368999,138187029,6,0,0,18944,12,8596057599
7237,61828400,76345456,138173856,5,0,0,146432,7,2571338933
7238,61829970,76052320,137882290,8,0,0,59392,12,10413162137
7239,61833780,76249458,138083238,6,0,0,107008,12,4475128533
7240,61838710,76473550,138312260,1,0,0,53248,6,4386935653
7241,61841540,76454473,138296013,4,0,0,51712,12,7319386847
7242,61842780,76338454,138181234,9,0,0,24064,3,8765516041
7243,61857630,76380508,138238138,6,0,0,58368,12,3612396071
7244,61859970,117321729,179181699,8,0,1,3584,12,5924616278
7245,61866000,76382457,138248457,9,0,0,33792,3,3579903358
7246,61881661,76210804,138092465,2,0,0,30208,12,8178515107
7247,61886521,76052901,137939422,2,0,0,13312,12,10611303137
7248,61890890,76483765,138374655,8,0,0,11264,12,10623648840
7249,61897720,76432058,138329778,8,0,0,53248,12,5569148178
7250,61899170,76076509,137975679,0,0,0,5632,14,4158226785
7251,61907150,76222021,138129171,6,0,0,19456,12,3065687763
7252,61920110,76765594,138685704,3,0,0,99840,9,2795174766
7253,61936190,76658367,138594557,1,0,0,47616,6,4721109267
7254,61947600,76648540,138596140,1,0,0,5120,6,10545346866
7255,61948480,76365051,138313531,4,0,0,4096,12,1964652152
7256,61953310,117228645,179181955,2,0,1,9216,12,1507110125
7257,61960280,117384808,179345088,8,0,1,2560,12,6409855289
7258,61965100,76600497,138565597,0,0,0,177152,14,6745238479
7259,61966680,77072638,139039318,7,0,0,83456,9,6860855741
7260,61974700,76830284,138804984,9,0,0,65536,3,2096935844
7261,61976030,117569835,179545865,0,0,1,20992,14,1780913595
7262,61989350,76584850,138574200,6,0,0,28160,12,1945503308
7263,61989700,76877727,138867427,7,0,0,31232,9,3425504317
7264,61991151,76706596,138697747,2,0,0,39424,12,6671634422
7265,61999280,76478386,138477666,1,0,0,24576,6,82142525
7266,62003830,77304869,139308699,5,0,0,41984,7,9855505234
7267,62004460,76496112,138500572,9,0,0,25088,3,1005272262
7268,62013600,76986194,138999794,4,0,0,16384,12,5108465987
7269,62032480,77155456,139187936,0,0,0,234496,14,5150951742
7270,62036689,117590009,179626698,6,0,1,7680,12,3566569331
7271,62054581,76666288,138720869,2,0,0,23040,12,7509978278
7272,62065280,76749445,138814725,7,0,0,12288,9,921831128
7273,62066230,76947637,139013867,5,0,0,22016,7,4126163340
7274,62067930,76743028,138810958,1,0,0,9728,6,6146320391
7275,62069610,77311341,139380951,0,0,0,9728,14,7289577033
7276,62069890,77726825,139796715,3,0,0,53760,9,7186850335
7277,62079680,76500338,138580018,5,0,0,8704,7,6522139393
7278,62098430,76709541,138807971,4,0,0,9728,12,8921605576
7279,62110619,117516110,179626729,4,0,1,27136,12,4721109089
7280,62123090,76694862,138817952,7,0,0,6144,9,8116698632
7281,62124500,76530761,138655261,8,0,0,13312,12,2042885339
7282,62125460,76574494,138699954,1,0,0,7168,6,9042474015
7283,62137340,77444572,139581912,0,0,0,98816,14,3226011586
7284,62147020,76430323,138577343,4,0,0,10240,12,10539496812
7285,62148280,76486789,138635069,8,0,0,26112,12,542321185
7286,62151779,117510020,179661799,7,0,1,15872,9,9551890889
7287,62152370,77813469,139965839,7,0,0,104448,9,8753053436
7288,62155430,117560781,179716211,8,0,1,22528,12,3040576475
7289,62172010,76800376,138972386,1,0,0,78336,6,9565042897
7290,62190540,77316564,139507104,1,0,0,5120,6,4158826883
7291,62192720,118277306,180470026,9,0,1,267264,3,9313547366
7292,62194590,76732279,138926869,5,0,0,3072,7,6076536726
7293,62202430,76695579,138898009,9,0,0,19456,3,8042420873
7294,62204969,118271379,180476348,7,0,1,17920,9,9416143374
7295,62205160,76983492,139188652,0,0,0,2048,14,9821468735
7296,62213390,118809356,181022746,1,0,1,193536,6,10014374089
7297,62213560,77501624,139715184,9,0,0,45568,3,7523951225
7298,62217540,76847059,139064599,9,0,0,46080,3,8650712083
7299,62223600,76826936,139050536,7,0,0,31232,9,859472080
7300,62226230,77969074,140195304,9,0,0,42496,3,1481245432
7301,62227720,118795180,181022900,0,0,1,8704,14,5314155742
7302,62240480,76871694,139112174,0,0,0,512,14,5960862224
7303,62244739,118839877,181084616,6,0,1,2560,12,7844819751
7304,62259650,76941852,139201502,8,0,0,40960,12,10591809856
7305,62273949,118811333,181085282,4,0,1,1024,12,4635548568
7306,62274180,77038450,139312630,5,0,0,12800,7,4410182888
7307,62300040,76995836,139295876,4,0,0,112640,12,818585054
7308,62304910,76902552,139207462,9,0,0,16896,3,1081846775
7309,62307670,118781798,181089468,8,0,1,6656,12,8640277685
7310,62309329,118863164,181172493,4,0,1,44032,12,8368248379
7311,62315771,77088162,139403933,2,0,0,34304,12,2200052112
7312,62334760,76979268,139314028,1,0,0,2560,6,5460625912
7313,62335250,77278603,139613853,9,0,0,27648,3,846749803
7314,62345610,77025969,139371579,1,0,0,74752,6,3046456121
7315,62377550,77027209,139404759,8,0,0,2560,12,325777018
7316,62383430,118887304,181270734,2,0,1,31744,12,6523785062
7317,62385780,77244768,139630548,3,0,0,21504,9,561147199
7318,62400851,77298929,139699780,2,0,0,18944,12,3995067370
7319,62410059,118860698,181270757,6,0,1,512,12,1338141408
7320,62433140,77469538,139902678,6,0,0,59904,12,9020546910
7321,62448920,76999600,139448520,7,0,0,24576,9,2012055168
7322,62450100,77080535,139530635,3,0,0,55808,9,5873139369
7323,62456780,77652703,140109483,7,0,0,24576,9,6594538096
7324,62458900,77636214,140095114,1,0,0,22528,6,21641673
7325,62466030,77083012,139549042,1,0,0,14336,6,5541678292
7326,62476000,77304312,139780312,6,0,0,73216,12,992773245
7327,62482640,77339445,139822085,3,0,0,5120,9,7435574108
7328,62493870,76923508,139417378,4,0,0,23040,12,3874728130
7329,62510809,119192433,181703242,9,0,1,223744,3,4726883480
7330,62513370,77070772,139584142,3,0,0,7168,9,2123717930
7331,62516559,119214245,181730804,6,0,1,6144,12,9001407799
7332,62521430,119297991,181819421,2,0,1,51712,12,2010005480
7333,62529750,119290657,181820407,8,0,1,1536,12,6185278639
7334,62533580,77868726,140402306,5,0,0,45568,7,5288298781
7335,62537310,77695630,140232940,4,0,0,25088,12,3627666100
7336,62549410,77747816,140297226,7,0,0,118784,9,3756779357
7337,62553180,77427190,139980370,7,0,0,47616,9,257956021
7338,62553900,78024857,140578757,3,0,0,360960,9,6412832635
7339,62576840,77457644,140034484,0,0,0,42496,14,462923857
7340,62585750,119384890,181970640,1,0,1,71680,6,7631391881
7341,62594240,119522123,182116363,1,0,1,98816,6,3201375987
7342,62596890,77242596,139839486,7,0,0,13824,9,8227358320
7343,62618801,77180612,139799413,2,0,0,8704,12,8877891178
7344,62626520,119489866,182116386,2,0,1,3584,12,3615308576
7345,62629440,77128523,139757963,0,0,0,8192,14,8933358512
7346,62632939,119617720,182250659,7,0,1,48128,9,1784906736
7347,62645230,77510892,140156122,5,0,0,61440,7,2745481133
7348,62645310,77361298,140006608,4,0,0,12800,12,6601509613
7349,62647740,77419228,140066968,3,0,0,33792,9,5668020684
7350,62648560,77554567,140203127,3,0,0,25600,9,10071345300
7351,62657350,77663010,140320360,4,0,0,36864,12,9899845796
7352,62662389,119588293,182250682,6,0,1,12800,12,10071727496
7353,62693320,76844005,139537325,7,0,0,1024,9,7074101431
7354,62693430,77559111,140252541,6,0,0,34816,12,6360896176
7355,62695200,77693199,140388399,5,0,0,76288,7,9833371767
7356,62700470,119570418,182270888,8,0,1,37376,12,8976806698
7357,62706170,77114332,139820502,3,0,0,27136,9,4798322532
7358,62710420,77598685,140309105,3,0,0,38912,9,8896635593
7359,62725900,119874424,182600324,9,0,1,59392,3,4503749377
7360,62728900,119871447,182600347,5,0,1,3584,7,3197692712
7361,62731500,77628808,140360308,3,0,0,36864,9,1768292405
7362,62733820,77311110,140044930,7,0,0,21504,9,10349562897
7363,62734470,119880935,182615405,8,0,1,26624,12,3651188519
7364,62740550,77728204,140468754,7,0,0,22016,9,10460351800
7365,62743130,77243237,139986367,1,0,0,19456,6,6025819311
7366,62754780,119951321,182706101,5,0,1,5120,7,10147201444
7367,62764520,77693401,140457921,9,0,0,56320,3,7641523929
7368,62771620,77407768,140179388,8,0,0,35840,12,855731769
7369,62772320,77689680,140462000,5,0,0,13312,7,7189978500
7370,62783790,119922334,182706124,2,0,1,2560,12,3896935397
7371,62794090,77872874,140666964,8,0,0,27648,12,2956723399
7372,62806540,77400666,140207206,1,0,0,13312,6,2560214517
7373,62806930,77523135,140330065,0,0,0,10240,14,4345697014
7374,62842980,77973269,140816249,7,0,0,33792,9,9948497385
7375,62849250,77803924,140653174,6,0,0,57344,12,4359334855
7376,62853070,77976303,140829373,3,0,0,33280,9,1344827470
7377,62856230,77779449,140635679,7,0,0,68608,9,4204140083
7378,62857390,77754664,140612054,6,0,0,102912,12,7138028832
7379,62860140,77798369,140658509,0,0,0,17408,14,4680937594
7380,62861690,77275533,140137223,3,0,0,10752,9,2160835626
7381,62872570,77897699,140770269,6,0,0,72704,12,982521520
7382,62876290,78135327,141011617,0,0,0,62464,14,4531248106
7383,62928221,77397318,140325539,2,0,0,16896,12,10074422087
7384,62932640,121254843,184187483,9,0,1,528384,3,10596539494
7385,62932670,77679875,140612545,8,0,0,1536,12,5960054315
7386,62946631,77859275,140805906,2,0,0,91648,12,353569665
7387,62955390,121232116,184187506,8,0,1,3584,12,5760086220
7388,62960240,77817696,140777936,5,0,0,25088,7,7716790241
7389,62962370,121225159,184187529,1,0,1,6144,6,8289797731
7390,62973820,77753169,140726989,1,0,0,14848,6,3545690496
7391,62975120,77639632,140614752,8,0,0,7168,12,2263717689
7392,62975490,78321903,141297393,9,0,0,105472,3,10349726622
7393,63003291,78092838,141096129,2,0,0,77312,12,8570541
7394,63003450,77864347,140867797,8,0,0,38400,12,2569247276
7395,63003860,77730975,140734835,9,0,0,24064,3,5486259729
7396,63004450,77663785,140668235,1,0,0,4096,6,4999758881
7397,63018270,78179451,141197721,5,0,0,25600,7,784377976
7398,63051170,77671272,140722442,3,0,0,49664,9,1343426241
7399,63059800,77952308,141012108,1,0,0,1536,6,3818172412
7400,63062731,78432282,141495013,2,0,0,36352,12,906639079
7401,63078270,78790974,141869244,6,0,0,124928,12,5774850269
7402,63108750,77471925,140580675,3,0,0,6144,9,5423893348
7403,63112760,77594527,140707287,4,0,0,13312,12,5553825468
7404,63114050,78464251,141578301,0,0,0,12800,14,3203792853
7405,63120570,121066982,184187552,5,0,1,15360,7,8194807265
7406,63126860,78221213,141348073,7,0,0,95232,9,10314631489
7407,63138640,78170788,141309428,3,0,0,39424,9,4481787852
7408,63138830,77680272,140819102,4,0,0,1536,12,2262097439
7409,63143970,78027998,141171968,6,0,0,150528,12,7146742764
7410,63147420,121088093,184235513,5,0,1,23040,7,7701925550
7411,63157310,78018269,141175579,3,0,0,11776,9,3836526001
7412,63171670,77954411,141126081,3,0,0,44544,9,7545243331
7413,63184620,78449851,141634471,8,0,0,59392,12,2689753763
7414,63186740,78184779,141371519,9,0,0,53248,3,10469197861
7415,63195630,78063528,141259158,6,0,0,19968,12,2295346462
7416,63208890,121026646,184235536,0,0,1,21504,14,8908817069
7417,63208980,78190349,141399329,8,0,0,27136,12,7198738144
7418,63209250,78763926,141973176,0,0,0,44032,14,5154473584
7419,63214590,78549007,141763597,3,0,0,8192,9,3521393391
7420,63222660,77504820,140727480,4,0,0,1536,12,879935880
7421,63239111,78292758,141531869,2,0,0,45056,12,4798173744
7422,63239900,77779875,141019775,1,0,0,25088,6,10195778199
7423,63241660,77725005,140966665,0,0,0,12800,14,4445860981
7424,63243640,78274478,141518118,6,0,0,46080,12,1912868761
7425,63253950,78189593,141443543,5,0,0,84992,7,1258138390
7426,63254959,121007338,184262297,7,0,1,53248,9,9477585667
7427,63257680,78316690,141574370,6,0,0,39424,12,793702357
7428,63260619,121212106,184472725,9,0,1,331264,3,4581393926
7429,63283220,77903169,141186389,4,0,0,22016,12,2378956457
7430,63300630,78054642,141355272,9,0,0,23552,3,2070460172
7431,63307340,78081518,141388858,3,0,0,56832,9,4667611984
7432,63318490,121241753,184560243,5,0,1,52224,7,8998915911
7433,63336140,78338327,141674467,6,0,0,43008,12,10705435790
7434,63359170,121235616,184594786,8,0,1,35328,12,7659129221
7435,63364720,78443127,141807847,9,0,0,36352,3,6226183414
7436,63371530,78190805,141562335,4,0,0,84992,12,6834076211
7437,63385500,77658871,141044371,0,0,0,19968,14,6842466313
7438,63389900,78720344,142110244,8,0,0,61952,12,5802633380
7439,63393750,77796094,141189844,6,0,0,11264,12,7796278585
7440,63394890,121216132,184611022,0,0,1,12800,14,4825709039
7441,63400759,121261376,184662135,9,0,1,57344,3,6020479420
7442,63400800,77914735,141315535,5,0,0,19968,7,571887474
7443,63402611,77704837,141107448,2,0,0,4608,12,2125296759
7444,63406719,121255672,184662391,7,0,1,9216,9,5974991238
7445,63410960,78049454,141460414,7,0,0,55296,9,6859727971
7446,63414100,77795789,141209889,8,0,0,13824,12,10558767007
7447,63429140,78530597,141959737,0,0,0,24576,14,2301097710
7448,63432331,78104085,141536416,2,0,0,14848,12,4347148767
7449,63441950,121266958,184708908,5,0,1,5632,7,4994214401
7450,63445530,78350151,141795681,5,0,0,79360,7,1112346552
7451,63454540,77774244,141228784,7,0,0,6656,9,5731146850
7452,63456891,77722767,141179658,2,0,0,13312,12,10508736030
7453,63468550,78597562,142066112,7,0,0,45568,9,3491280295
7454,63469290,78411434,141880724,1,0,0,37376,6,4649293190
7455,63470670,78641001,142111671,8,0,0,4608,12,4422476266
7456,63474790,77844044,141318834,5,0,0,10752,7,4329742021
7457,63479810,121232165,184711975,1,0,1,31744,6,5510757624
7458,63484970,77926437,141411407,3,0,0,18944,9,8531168579
7459,63485200,78018855,141504055,0,0,0,18944,14,1721976881
7460,63491139,121231922,184723061,7,0,1,4096,9,2125317361
7461,63493770,78759856,142253626,6,0,0,26112,12,1560460954
7462,63522049,121316703,184838752,7,0,1,5120,9,5051373211
7463,63526879,121311896,184838775,7,0,1,4608,9,10316648649
7464,63533640,77927109,141460749,0,0,0,1024,14,2476517190
7465,63541361,78071492,141612853,2,0,0,74752,12,8565985554
7466,63555720,78024632,141580352,7,0,0,6656,9,8795732254
7467,63578180,121260618,184838798,1,0,1,4096,6,7789837374
7468,63580100,78471645,142051745,0,0,0,8704,14,4926787568
7469,63587171,78891726,142478897,2,0,0,130560,12,3375785239
7470,63589411,77874013,141463424,2,0,0,8704,12,3047239786
7471,63597800,78647847,142245647,3,0,0,63488,9,8141809772
7472,63611670,78991906,142603576,9,0,0,164864,3,4357814624
7473,63630000,78069935,141699935,4,0,0,11776,12,7851486258
7474,63639950,79119788,142759738,7,0,0,66048,9,7751240477
7475,63641209,121240722,184881931,7,0,1,2560,9,2123557963
7476,63649510,78606011,142255521,6,0,0,6144,12,8429663433
7477,63654650,78260134,141914784,8,0,0,20480,12,9780023804
7478,63657641,78080400,141738041,2,0,0,13824,12,5373291630
7479,63660130,121221824,184881954,8,0,1,4096,12,5444725221
7480,63690130,121191847,184881977,8,0,1,16384,12,958348333
7481,63701549,121200333,184901882,4,0,1,32768,12,2141185192
7482,63707899,121197209,184905108,6,0,1,5120,12,6694622195
7483,63721620,78182535,141904155,5,0,0,76800,7,10092418557
7484,63757850,78073307,141831157,3,0,0,68096,9,1409416965
7485,63764960,79049478,142814438,8,0,0,30720,12,10407653700
7486,63773490,78222372,141995862,3,0,0,8192,9,3577620984
7487,63791420,78761901,142553321,4,0,0,46080,12,3123222663
7488,63793190,77932607,141725797,0,0,0,8704,14,8188325287
7489,63810990,78530818,142341808,9,0,0,98816,3,10536786836
7490,63815180,78397420,142212600,3,0,0,68096,9,5492895495
7491,63817510,78621584,142439094,7,0,0,54272,9,8363477733
7492,63817899,121119164,184937063,6,0,1,29184,12,6156423062
7493,63818310,79140715,142959025,0,0,0,73728,14,7727284062
7494,63818890,78920701,142739591,4,0,0,126976,12,6482551330
7495,63821870,78227200,142049070,8,0,0,21504,12,6132102397
7496,63823390,79776313,143599703,9,0,0,39424,3,7995266962
7497,63844540,78833273,142677813,9,0,0,16384,3,5866162415
7498,63857000,78750811,142607811,8,0,0,13824,12,1447429334
7499,63857760,79194223,143051983,1,0,0,105472,6,5549252011
7500,63861320,78811470,142672790,9,0,0,5632,3,48842424
7501,63865900,79140199,143006099,0,0,0,16384,14,8132074639
7502,63866120,78627027,142493147,1,0,0,9216,6,7451042634
7503,63874150,121080882,184955032,1,0,1,15360,6,1601432447
7504,63876619,121115772,184992391,7,0,1,19968,9,1119437455
7505,63879240,78347040,142226280,5,0,0,37376,7,1321305542
7506,63880650,78954582,142835232,4,0,0,68096,12,3394098087
7507,63883880,121205556,185089436,8,0,1,7680,12,1231556317
7508,63904720,78278103,142182823,0,0,0,32256,14,7770438733
7509,63909589,121233805,185143394,9,0,1,51200,3,3380632661
7510,63918491,79186794,143105285,2,0,0,33280,12,1821966474
7511,63927940,78344336,142272276,5,0,0,4608,7,7207798266
7512,63928010,78472270,142400280,6,0,0,16384,12,2632667918
7513,63967130,78703921,142671051,1,0,0,167424,6,420899045
7514,63969550,79791907,143761457,8,0,0,100352,12,2695031908
7515,63970510,78649506,142620016,3,0,0,26624,9,2393684649
7516,63972720,121236402,185209122,1,0,1,14336,6,2845208691
7517,63995370,78860032,142855402,4,0,0,1536,12,173817053
7518,64000030,78490286,142490316,5,0,0,37376,7,1571203396
7519,64000820,79277823,143278643,8,0,0,46592,12,8844089460
7520,64005030,78756759,142761789,8,0,0,6656,12,9815885603
7521,64024370,121246607,185270977,2,0,1,5632,12,1452173965
7522,64042390,78762665,142805055,9,0,0,77312,3,270235041
7523,64047231,79267013,143314244,2,0,0,10752,12,3540785395
7524,64052510,79355252,143407762,9,0,0,171520,3,9452363025
7525,64061509,121209491,185271000,4,0,1,9216,12,9912996675
7526,64070340,80031360,144101700,6,0,0,562688,12,10092324191
7527,64075230,79213618,143288848,8,0,0,9216,12,10298396114
7528,64085520,78776161,142861681,1,0,0,13824,6,4657035487
7529,64089280,80094668,144183948,7,0,0,13312,9,874099619
7530,64103870,79368241,143472111,4,0,0,87040,12,4243097326
7531,64109280,78672188,142781468,0,0,0,64512,14,35132991
7532,64109420,80212714,144322134,6,0,0,118272,12,10356964348
7533,64111890,80017959,144129849,3,0,0,81408,9,8144511382
7534,64112400,121174991,185287391,5,0,1,5120,7,3713179808
7535,64136740,78771742,142908482,1,0,0,8192,6,1405961604
7536,64140550,79076560,143217110,3,0,0,35840,9,4544023365
7537,64157200,121130550,185287750,1,0,1,9728,6,2640642578
7538,64158560,79459871,143618431,5,0,0,50176,7,6944846979
7539,64164560,79001507,143166067,0,0,0,27648,14,6458545715
7540,64171760,78940100,143111860,9,0,0,21504,3,1147255464
7541,64173290,121116406,185289696,8,0,1,3072,12,2549841713
7542,64174489,121156649,185331138,6,0,1,2048,12,8952077461
7543,64184650,80264326,144448976,9,0,0,84480,3,8037192027
7544,64188550,79257010,143445560,7,0,0,123904,9,5886843982
7545,64194260,78919807,143114067,5,0,0,7168,7,1051156773
7546,64200800,121131926,185332726,2,0,1,15872,12,1381690550
7547,64203440,80212504,144415944,9,0,0,36864,3,2362663074
7548,64215350,80058396,144273746,6,0,0,65024,12,4514991005
7549,64233049,122062851,186295900,6,0,1,227840,12,5018746728
7550,64233530,80299505,144533035,5,0,0,65024,7,2943004789
7551,64247040,79390024,143637064,8,0,0,47104,12,5184003574
7552,64248380,79565528,143813908,7,0,0,18944,9,3247835056
7553,64254240,122045846,186300086,2,0,1,6656,12,6386737675
7554,64256830,80839370,145096200,9,0,0,31744,3,5807146410
7555,64258910,80531746,144790656,4,0,0,236032,12,2096681851
7556,64260581,80654449,144915030,2,0,0,88576,12,232361887
7557,64297209,122018432,186315641,7,0,1,11776,9,7533448869
7558,64308540,81292692,145601232,8,0,0,66560,12,8255296414
7559,64333450,79474663,143808113,1,0,0,92160,6,7409744745
7560,64344130,79223804,143567934,0,0,0,17920,14,8182122234
7561,64352990,80965528,145318518,8,0,0,69632,12,5428552031
7562,64355100,79824761,144179861,0,0,0,91648,14,2607239992
7563,64378580,122050605,186429185,5,0,1,45056,7,2076300843
7564,64384320,79809011,144193331,1,0,0,30720,6,5655281814
7565,64384710,122048021,186432731,0,0,1,5632,14,3219839840
7566,64403550,79363428,143766978,7,0,0,2048,9,3308864094
7567,64415500,81258399,145673899,0,0,0,1536,14,6623643295
7568,64418200,80148250,144566450,8,0,0,5120,12,6420038869
7569,64433420,80047715,144481135,4,0,0,105472,12,4236834807
7570,64460250,79364884,143825134,0,0,0,3072,14,5944030813
7571,64464180,79158486,143622666,8,0,0,13824,12,8027095668
7572,64467520,79411868,143879388,1,0,0,5120,6,6259673858
7573,64474810,79867159,144341969,7,0,0,65024,9,1746621097
7574,64482770,79007353,143490123,3,0,0,8704,9,7302922566
7575,64487810,80122476,144610286,0,0,0,17920,14,5952684228
7576,64497640,79367948,143865588,6,0,0,10240,12,898804492
7577,64502090,122092862,186594952,1,0,1,47104,6,6971614034
7578,64504319,122095652,186599971,4,0,1,6656,12,5486118977
7579,64521980,79620707,144142687,8,0,0,38912,12,1245293728
7580,64529349,122086186,186615535,4,0,1,3072,12,9497669468
7581,64532209,122088715,186620924,4,0,1,17408,12,10546434169
7582,64545331,79559691,144105022,2,0,0,10752,12,5922749958
7583,64547519,122094369,186641888,4,0,1,2560,12,8049077169
7584,64548510,79582298,144130808,9,0,0,3072,3,6093557005
7585,64551470,122104173,186655643,5,0,1,8192,7,9171458418
7586,64560670,79591244,144151914,1,0,0,30208,6,379482134
7587,64561300,79633013,144194313,5,0,0,3072,7,5122562196
7588,64567551,81237399,145804950,2,0,0,20992,12,5150021011
7589,64569040,79291628,143860668,9,0,0,6656,3,8709148281
7590,64574750,81269374,145844124,3,0,0,47616,9,5530366279
7591,64598331,80211871,144810202,2,0,0,2048,12,10203693762
7592,64599670,79607926,144207596,9,0,0,43520,3,9045333022
7593,64619969,123659031,188279000,9,0,1,492544,3,831528891
7594,64623590,123707430,188331020,2,0,1,14336,12,8190531724
7595,64632590,79854184,144486774,7,0,0,18432,9,2576832143
7596,64646481,80687504,145333985,2,0,0,50688,12,1999048354
7597,64657630,80711561,145369191,8,0,0,20992,12,7888902856
7598,64657650,79712335,144369985,0,0,0,11776,14,9961901168
7599,64668610,80991157,145659767,7,0,0,103424,9,6821182900
7600,64675270,123765542,188440812,2,0,1,5120,12,6830530075
7601,64690980,123770238,188461218,5,0,1,48128,7,6205145442
7602,64692960,80370495,145063455,8,0,0,118784,12,7887966361
7603,64703619,123758265,188461884,7,0,1,11264,9,5908352017
7604,64706720,81509716,146216436,4,0,0,195584,12,129945278
7605,64708910,81403180,146112090,4,0,0,386560,12,4059682104
7606,64709370,81754260,146463630,3,0,0,524800,9,2870302674
7607,64710381,81437993,146148374,2,0,0,8704,12,3615663041
7608,64711780,123877796,188589576,5,0,1,56320,7,8067967952
7609,64717270,80092285,144809555,6,0,0,61952,12,9880195236
7610,64739020,80711961,145450981,1,0,0,57344,6,5427721470
7611,64746940,79766260,144513200,3,0,0,32768,9,6318430181
7612,64756420,80250174,145006594,8,0,0,99328,12,4080622209
7613,64765910,81926380,146692290,4,0,0,430592,12,2534948408
7614,64767690,80762449,145530139,0,0,0,28672,14,6048586259
7615,64768040,80338442,145106482,8,0,0,26112,12,1793754395
7616,64787030,123802569,188589599,1,0,1,15872,6,861781539
7617,64808150,81019862,145828012,4,0,0,2048,12,9822934718
7618,64813840,81331368,146145208,5,0,0,53248,7,6363719841
7619,64818560,80010800,144829360,0,0,0,23552,14,7763521863
7620,64819051,80573274,145392325,2,0,0,46080,12,686070854
7621,64833120,80517580,145350700,8,0,0,54784,12,3078420889
7622,64841600,81081874,145923474,6,0,0,14336,12,6861713882
7623,64854879,124079075,188933954,6,0,1,202240,12,1058052082
7624,64856700,81392284,146248984,3,0,0,27648,9,6641939601
7625,64857670,80611484,145469154,0,0,0,12288,14,6498485393
7626,64862700,124150151,189012851,8,0,1,8192,12,2613373033
7627,64886190,80787195,145673385,8,0,0,39936,12,2213908476
7628,64886820,81373107,146259927,9,0,0,35840,3,9591205501
7629,64903740,81375733,146279473,6,0,0,49664,12,8636727766
7630,64905620,81599754,146505374,1,0,0,59904,6,7683541173
7631,64914210,80099914,145014124,8,0,0,11776,12,1721087505
7632,64920890,80274302,145195192,3,0,0,3584,9,7076403251
7633,64923169,124211495,189134664,6,0,1,149504,12,2139930185
7634,64929859,124274949,189204808,4,0,1,3072,12,2201820595
7635,64945810,82108035,147053845,1,0,0,320000,6,7293579435
7636,64946600,80305045,145251645,5,0,0,23040,7,10090766913
7637,64963610,80414652,145378262,5,0,0,29696,7,6059780157
7638,64963800,80196581,145160381,8,0,0,25088,12,8377658945
7639,64989610,124215221,189204831,1,0,1,1024,6,9948022063
7640,65005120,124199734,189204854,1,0,1,1536,6,9727439981
7641,65007380,124283577,189290957,0,0,1,35840,14,5424420405
7642,65020660,80745074,145765734,0,0,0,8704,14,5642905886
7643,65032610,81509851,146542461,7,0,0,16896,9,7312038120
7644,65039870,80644995,145684865,3,0,0,35840,9,9342981248
7645,65043190,80654247,145697437,0,0,0,36352,14,425263271
7646,65050271,80868812,145919083,2,0,0,56832,12,608413751
7647,65057061,80296360,145353421,2,0,0,8704,12,8632774496
7648,65061490,125135592,190197082,9,0,1,678912,3,673271665
7649,65071640,81663167,146734807,0,0,0,49152,14,10725341799
7650,65077110,82036694,147113804,7,0,0,50688,9,1544780714
7651,65101681,80526551,145628232,2,0,0,6144,12,759221093
7652,65104570,80824387,145928957,4,0,0,17920,12,3502635227
7653,65108880,81412897,146521777,3,0,0,53760,9,118713488
7654,65112340,125103933,190216273,1,0,1,15872,6,4493415477
7655,65122820,81691614,146814434,4,0,0,29696,12,2550149767
7656,65125860,80623854,145749714,5,0,0,1024,7,761605794
7657,65128560,81135758,146264318,8,0,0,14336,12,9540401262
7658,65134540,81092995,146227535,6,0,0,36352,12,1992421153
7659,65148910,80512284,145661194,6,0,0,4608,12,3391249306
7660,65155830,80635307,145791137,7,0,0,7680,9,3589596235
7661,65156211,82044294,147200505,2,0,0,23552,12,2059188940
7662,65161740,80524598,145686338,0,0,0,4608,14,9577654627
7663,65162980,81619008,146781988,4,0,0,64000,12,8085400034
7664,65171320,80432275,145603595,7,0,0,7680,9,9249212774
7665,65172149,125055244,190227393,4,0,1,2560,12,2823280831
7666,65172810,80801087,145973897,7,0,0,20480,9,3860465726
7667,65185870,81613347,146799217,7,0,0,20480,9,5877674154
7668,65190610,81602344,146792954,5,0,0,2048,7,9446429144
7669,65190700,125037666,190228366,8,0,1,12800,12,8271695714
7670,65202140,125053791,190255931,2,0,1,8704,12,609010299
7671,65217331,80911630,146128961,2,0,0,55296,12,7616617293
7672,65218940,82232402,147451342,4,0,0,31744,12,2449732283
7673,65220590,81312130,146532720,6,0,0,35840,12,4562283174
7674,65221170,81016536,146237706,9,0,0,33280,3,6373352382
7675,65228390,81258709,146487099,6,0,0,76800,12,1396650274
7676,65229800,80915899,146145699,1,0,0,1536,6,4026540916
7677,65250450,80628540,145878990,6,0,0,5120,12,6994788655
7678,65255740,81026252,146281992,6,0,0,8192,12,3354232924
7679,65261620,81993647,147255267,1,0,0,64000,6,2111339679
7680,65292591,80499037,145791628,2,0,0,1536,12,268291641
7681,65294090,81408831,146702921,9,0,0,34816,3,6817064771
7682,65305670,80628302,145933972,5,0,0,16384,7,1048908354
7683,65305710,81228437,146534147,7,0,0,4608,9,8338529502
7684,65314660,82027061,147341721,9,0,0,84480,3,10363894860
7685,65324530,82343850,147668380,4,0,0,188416,12,10283976151
7686,65325800,82555802,147881602,4,0,0,73216,12,5989118831
7687,65360330,82434746,147795076,5,0,0,37376,7,7143656649
7688,65365570,82164791,147530361,5,0,0,40960,7,1503977381
7689,65371310,124941128,190312438,0,0,1,44544,14,5971008676
7690,65372680,81389785,146762465,4,0,0,77824,12,8119602156
7691,65385260,82316798,147702058,1,0,0,5632,6,2406969043
7692,65386510,81448227,146834737,8,0,0,66560,12,9597895962
7693,65391710,80765111,146156821,4,0,0,27648,12,6190791011
7694,65408679,124911765,190320444,6,0,1,11264,12,2495237987
7695,65417570,82609202,148026772,0,0,0,135168,14,4716532444
7696,65418800,81993115,147411915,8,0,0,11264,12,1254151063
7697,65437150,80803387,146240537,4,0,0,9216,12,1668358204
7698,65440810,125003811,190444621,0,0,1,44032,14,9540078341
7699,65456390,81348965,146805355,0,0,0,19968,14,8457330946
7700,65461120,81436997,146898117,8,0,0,35328,12,9954167108
7701,65471700,81415630,146887330,6,0,0,102912,12,3545219459
7702,65480470,82338755,147819225,6,0,0,14336,12,4194965498
7703,65483000,81076332,146559332,9,0,0,55296,3,451426315
7704,65484690,81371207,146855897,6,0,0,2048,12,8189206650
7705,65486731,82657693,148144424,2,0,0,6656,12,5987732408
7706,65493170,82212218,147705388,4,0,0,10752,12,4929907086
7707,65499260,80786187,146285447,7,0,0,11264,9,9787750051
7708,65503280,81216528,146719808,0,0,0,55296,14,6765803014
7709,65504470,82336150,147840620,7,0,0,70144,9,6210595470
7710,65518940,82762208,148281148,4,0,0,221696,12,7159606156
7711,65522760,82788565,148311325,0,0,0,22016,14,2534419105
7712,65524310,81036761,146561071,7,0,0,5632,9,4905666812
7713,65525850,81329354,146855204,5,0,0,67072,7,2137392974
7714,65526630,124918014,190444644,8,0,1,11264,12,9630379769
7715,65531650,81260657,146792307,7,0,0,33792,9,1766930000
7716,65538000,80999290,146537290,3,0,0,10240,9,6782665501
7717,65550850,81187880,146738730,4,0,0,12800,12,6234299200
7718,65551790,82571193,148122983,6,0,0,138240,12,2827747316
7719,65553570,81516366,147069936,4,0,0,52736,12,10436502505
7720,65557449,124964764,190522213,7,0,1,78848,9,2327590690
7721,65562970,124996786,190559756,2,0,1,24064,12,10002980560
7722,65564740,83065193,148629933,7,0,0,83456,9,2624112720
7723,65568010,82593191,148161201,8,0,0,23040,12,9415607210
7724,65570760,81503434,147074194,6,0,0,13824,12,4127833965
7725,65570861,82849288,148420149,2,0,0,91136,12,2852134054
7726,65575950,81979187,147555137,0,0,0,29184,14,2686470536
7727,65577810,125060341,190638151,5,0,1,36352,7,1599231564
7728,65580131,82120188,147700319,2,0,0,46080,12,792126423
7729,65586110,83416380,149002490,4,0,0,201216,12,459245330
7730,65587881,82180820,147768701,2,0,0,92672,12,4211136020
7731,65592100,83566887,149158987,6,0,0,53760,12,3683104872
7732,65592160,125057363,190649523,5,0,1,5632,7,6278441582
7733,65630090,81598232,147228322,7,0,0,22528,9,6139902710
7734,65639260,125016314,190655574,9,0,1,7168,3,8860563125
7735,65655720,83615523,149271243,8,0,0,58880,12,9210488696
7736,65664780,83120769,148785549,9,0,0,73216,3,9643094918
7737,65665670,82792479,148458149,4,0,0,38912,12,3854010013
7738,65679220,82925262,148604482,7,0,0,135168,9,4694688440
7739,65685010,82022117,147707127,8,0,0,5632,12,3230014582
7740,65691379,124968701,190660080,4,0,1,7168,12,4780827390
7741,65721280,82983612,148704892,4,0,0,19968,12,5101110204
7742,65725729,124960301,190686030,4,0,1,32768,12,5761035022
7743,65726700,82607907,148334607,1,0,0,3072,6,3241564849
7744,65728580,125196510,190925090,2,0,1,1024,12,8162550564
7745,65732040,81954216,147686256,8,0,0,9216,12,2273894763
7746,65735790,83333782,149069572,7,0,0,45056,9,2566402725
7747,65739040,83773510,149512550,0,0,0,161792,14,425038754
7748,65753220,83632444,149385664,0,0,0,26624,14,4515444693
7749,65757390,83173936,148931326,3,0,0,51200,9,9910580600
7750,65761649,125164427,190926076,4,0,1,1536,12,10019658739
7751,65772840,82531754,148304594,5,0,0,29184,7,6445419401
7752,65782700,82348886,148131586,9,0,0,28160,3,6316189516
7753,65790460,81570758,147361218,7,0,0,34304,9,270765850
7754,65802740,81418695,147221435,7,0,0,37376,9,1983092420
7755,65811070,83442210,149253280,9,0,0,6144,3,1655080391
7756,65820630,81694770,147515400,4,0,0,34304,12,9472502361
7757,65822920,82347227,148170147,7,0,0,17920,9,6858858410
7758,65826730,82662061,148488791,4,0,0,91136,12,6730617592
7759,65836830,125237671,191074501,1,0,1,30720,6,3714724760
7760,65837180,81369256,147206436,5,0,0,12800,7,5760497439
7761,65843830,83748642,149592472,6,0,0,8704,12,2972134584
7762,65846440,125360472,191206912,9,0,1,9728,3,2744054205
7763,65851270,82225023,148076293,1,0,0,18944,6,1699528733
7764,65864880,82074629,147939509,9,0,0,25600,3,4322725386
7765,65879861,82330152,148210013,2,0,0,13824,12,8372695058
7766,65890630,81839870,147730500,0,0,0,32256,14,6707185014
7767,65913850,83096463,149010313,9,0,0,25600,3,8711082930
7768,65918820,83602957,149521777,3,0,0,30208,9,8377828747
7769,65926010,82424721,148350731,1,0,0,10752,6,2083420432
7770,65930280,83746936,149677216,4,0,0,114176,12,2637002245
7771,65932670,82505621,148438291,9,0,0,37888,3,4502101015
7772,65952700,82342979,148295679,5,0,0,47616,7,2279566150
7773,65964130,82102757,148066887,8,0,0,131584,12,7332764949
7774,65967860,81835182,147803042,0,0,0,7680,14,2291591960
7775,65975480,125266476,191241956,8,0,1,15360,12,10322216292
7776,65977590,125292060,191269650,0,0,1,16896,14,4980668092
7777,65995190,125420881,191416071,1,0,1,15360,6,8630744719
7778,65996229,125420828,191417057,7,0,1,1536,9,2510417930
7779,65998410,83042704,149041114,5,0,0,7168,7,8621106116
7780,65999400,81684025,147683425,5,0,0,37888,7,2581274117
7781,66012520,125488878,191501398,2,0,1,49152,12,7113042081
7782,66015190,81656645,147671835,8,0,0,11264,12,2504454245
7783,66018331,82514603,148532934,2,0,0,51712,12,10000512856
7784,66018800,81866569,147885369,9,0,0,12288,3,8092719180
7785,66022620,125583346,191605966,8,0,1,6656,12,10116836241
7786,66033870,82118385,148152255,4,0,0,25600,12,7179256240
7787,66043490,82707774,148751264,5,0,0,27648,7,1582702162
7788,66057000,82023840,148080840,6,0,0,14848,12,4268258674
7789,66063910,82362814,148426724,8,0,0,21504,12,694549339
7790,66068470,83739792,149808262,7,0,0,79360,9,7648179280
7791,66076610,83231682,149308292,5,0,0,67584,7,3542280945
7792,66103589,125511920,191615509,4,0,1,27136,12,1793980522
7793,66105270,81965228,148070498,3,0,0,11776,9,4602914842
7794,66113270,81698407,147811677,0,0,0,9728,14,7504295889
7795,66125250,83573852,149699102,3,0,0,55296,9,1466608526
7796,66137170,83749460,149886630,0,0,0,47104,14,7798907011
7797,66137810,81808000,147945810,1,0,0,3584,6,6136376404
7798,66138780,83398853,149537633,9,0,0,16896,3,6411321717
7799,66159770,125468020,191627790,5,0,1,10752,7,6565219900
7800,66162930,81979443,148142373,3,0,0,35328,9,6187569114
7801,66184890,83248504,149433394,9,0,0,10752,3,322037703
7802,66194420,81959730,148154150,6,0,0,6144,12,314490714
7803,66209550,81955106,148164656,3,0,0,11264,9,9804819736
7804,66212040,84149307,150361347,4,0,0,193536,12,2609459927
7805,66219311,84037506,150256817,2,0,0,417280,12,2503060685
7806,66223671,82815213,149038884,2,0,0,93696,12,10706795796
7807,66248130,83881524,150129654,0,0,0,56832,14,8128355631
7808,66258079,125961520,192219599,7,0,1,146944,9,10543760864
7809,66262860,84136488,150399348,1,0,0,101888,6,5871309676
7810,66273880,125945742,192219622,8,0,1,8704,12,3099255306
7811,66283591,83580061,149863652,2,0,0,35328,12,4148895122
7812,66287810,82513050,148800860,3,0,0,50176,9,8132998108
7813,66300231,82146039,148446270,2,0,0,26112,12,8404345622
7814,66302890,83807842,150110732,8,0,0,302592,12,8073981545
7815,66304200,125945154,192249354,2,0,1,1024,12,4541319631
7816,66318410,83693060,150011470,3,0,0,116736,9,6514510088
7817,66321099,125928278,192249377,4,0,1,11264,12,114636317
7818,66322710,83015295,149338005,6,0,0,78336,12,8373200082
7819,66329450,82958196,149287646,5,0,0,53760,7,5439139615
7820,66330280,82832341,149162621,0,0,0,11776,14,7635837033
7821,66333051,82180464,148513515,2,0,0,13824,12,3906830803
7822,66343180,83075033,149418213,5,0,0,36864,7,5528410842
7823,66358770,82350825,148709595,7,0,0,15360,9,9382864935
7824,66360920,83921238,150282158,6,0,0,19456,12,3792076962
7825,66369319,125899783,192269102,9,0,1,6144,3,420787616
7826,66371900,83923234,150295134,1,0,0,16384,6,7227343573
7827,66374839,125937404,192312243,7,0,1,105472,9,4114244570
7828,66381130,82706556,149087686,1,0,0,23040,6,8341691903
7829,66383880,84222990,150606870,9,0,0,96768,3,5829187485
7830,66415780,125896486,192312266,1,0,1,16896,6,7348472105
7831,66422190,83880143,150302333,1,0,0,23552,6,3816802433
7832,66424990,82441144,148866134,0,0,0,15360,14,6901787737
7833,66429370,125882919,192312289,2,0,1,6144,12,2766107419
7834,66474340,84565931,151040271,1,0,0,123904,6,7330228347
7835,66481740,84373457,150855197,9,0,0,10240,3,5885611941
7836,66482450,84012805,150495255,3,0,0,97280,9,5922862162
7837,66482730,84060735,150543465,5,0,0,71680,7,6068500859
7838,66485720,84132093,150617813,5,0,0,35840,7,6904942949
7839,66491280,82760105,149251385,0,0,0,47616,14,8005100688
7840,66492181,82650403,149142584,2,0,0,12800,12,3862178376
7841,66499439,126645823,193145262,7,0,1,553472,9,9064663521
7842,66501090,84251579,150752669,7,0,0,48640,9,9557762579
7843,66514700,84156432,150671132,5,0,0,42496,7,10469247845
7844,66532549,126612736,193145285,4,0,1,4096,12,2002917921
7845,66534020,82579479,149113499,0,0,0,65024,14,10210997246
7846,66536060,126609248,193145308,8,0,1,11776,12,9133105422
7847,66537590,84335312,150872902,0,0,0,46080,14,1429424681
7848,66558900,82163525,148722425,7,0,0,9216,9,8353861377
7849,66566000,126579331,193145331,9,0,1,10240,3,74497820
7850,66571510,126573844,193145354,5,0,1,8192,7,3512371217
7851,66573999,126571378,193145377,6,0,1,16384,12,1867619265
7852,66576360,82244402,148820762,5,0,0,2560,7,1103039595
7853,66589330,82549331,149138661,0,0,0,54272,14,6946947593
7854,66589919,126555481,193145400,6,0,1,11264,12,10678504152
7855,66590940,82615906,149206846,6,0,0,12288,12,8373663988
7856,66595531,83866606,150462137,2,0,0,148992,12,372302488
7857,66597081,82525021,149122102,2,0,0,28160,12,8479474755
7858,66607640,82782103,149389743,6,0,0,13312,12,5385941653
7859,66615930,83800788,150416718,3,0,0,48128,9,6829464271
7860,66625030,83057201,149682231,5,0,0,16384,7,2112674780
7861,66643310,126502113,193145423,9,0,1,10240,3,5513575319
7862,66646220,83196697,149842917,9,0,0,113664,3,595279875
7863,66654900,82896016,149550916,8,0,0,43520,12,1527501987
7864,66662259,126528934,193191193,7,0,1,108032,9,4324179169
7865,66663381,83978354,150641735,2,0,0,64000,12,1466498928
7866,66673930,82636615,149310545,8,0,0,7168,12,2523895910
7867,66675260,83300619,149975879,7,0,0,100864,9,3935633730
7868,66675870,82903678,149579548,3,0,0,29696,9,3490018831
7869,66682310,82666297,149348607,4,0,0,6144,12,7769072181
7870,66683310,83029489,149712799,5,0,0,24064,7,4243350069
7871,66690620,126500596,193191216,9,0,1,4608,3,6886035893
7872,66704180,82885617,149589797,9,0,0,7168,3,9777152094
7873,66705980,84429066,151135046,8,0,0,61952,12,1211470126
7874,66706020,126485219,193191239,2,0,1,21504,12,7641711401
7875,66709440,82819224,149528664,4,0,0,22528,12,467839742
7876,66720310,82812144,149532454,7,0,0,12288,9,5246361899
7877,66725410,83172163,149897573,9,0,0,35840,3,390290936
7878,66727230,83674801,150402031,6,0,0,8704,12,509428833
7879,66729200,83383115,150112315,7,0,0,5120,9,1060200619
7880,66729880,83546327,150276207,6,0,0,33280,12,208824382
7881,66741970,83625016,150366986,1,0,0,18432,6,4786586194
7882,66763569,126433800,193197369,4,0,1,17408,12,2077878137
7883,66765670,84000496,150766166,0,0,0,40448,14,5544792471
7884,66794789,126620126,193414915,7,0,1,172032,9,6005332920
7885,66795050,84547206,151342256,8,0,0,120832,12,8055099717
7886,66798760,84258162,151056922,7,0,0,37888,9,9877487193
7887,66799090,84203406,151002496,7,0,0,142336,9,2839025734
7888,66814430,84044401,150858831,7,0,0,6144,9,1910839253
7889,66827320,83438724,150266044,5,0,0,30208,7,6764973295
7890,66838360,84506929,151345289,0,0,0,9728,14,6459449687
7891,66844410,84364902,151209312,4,0,0,45568,12,10616157010
7892,66850670,82719807,149570477,4,0,0,14336,12,1092698973
7893,66851810,126584187,193435997,1,0,1,512,6,2935976231
7894,66877100,84316854,151193954,6,0,0,13312,12,6863652499
7895,66883240,84708090,151591330,3,0,0,92672,9,2179772910
7896,66884570,84468918,151353488,1,0,0,26624,6,8964091810
7897,66907661,82964594,149872255,2,0,0,28160,12,4963365078
7898,66910730,84646367,151557097,3,0,0,31232,9,4726728767
7899,66914879,126521374,193436253,4,0,1,9216,12,5640352872
7900,66920731,83600871,150521602,2,0,0,23040,12,942008383
7901,66925759,126552078,193477837,9,0,1,7168,3,4816446652
7902,66926630,83091883,150018513,1,0,0,23040,6,1904636212
7903,66941330,84135271,151076601,1,0,0,64512,6,594717332
7904,66947799,126561268,193509067,4,0,1,3072,12,6072815926
7905,66962731,83606497,150569228,2,0,0,84480,12,3621226736
7906,66965420,84216594,151182014,3,0,0,32768,9,119754385
7907,66975510,83601853,150577363,5,0,0,26624,7,8081119575
7908,66984021,84745553,151729574,2,0,0,118272,12,1727384781
7909,66990889,126519356,193510245,6,0,1,13824,12,7765703457
7910,66991540,83730974,150722514,7,0,0,1536,9,4890677130
7911,66998229,127490362,194488591,7,0,1,362496,9,2387338985
7912,66998660,84260187,151258847,5,0,0,59904,7,7434227291
7913,67011640,83453952,150465592,8,0,0,11264,12,7045985222
7914,67017390,127541998,194559388,1,0,1,15872,6,8952978661
7915,67019521,84742890,151762411,2,0,0,31232,12,6091442580
7916,67023540,84916907,151940447,1,0,0,66560,6,1885094501
7917,67027380,127535234,194562614,9,0,1,5120,3,3033792165
7918,67040840,83473680,150514520,9,0,0,6656,3,2088188317
7919,67045160,85009497,152054657,8,0,0,43520,12,6826107011
7920,67048290,83457604,150505894,5,0,0,34816,7,9648748369
7921,67050470,83239314,150289784,0,0,0,24576,14,2261671690
7922,67052730,83237389,150290119,5,0,0,1024,7,7394438151
7923,67053030,85166904,152219934,4,0,0,125440,12,1479366211
7924,67056870,83455599,150512469,1,0,0,21504,6,1637398277
7925,67057460,83600701,150658161,8,0,0,11776,12,9922304707
7926,67068480,83299777,150368257,9,0,0,4096,3,4181466789
7927,67087900,85093768,152181668,7,0,0,93184,9,7781258455
7928,67132390,83715897,150848287,0,0,0,102912,14,9331608666
7929,67136700,84979844,152116544,3,0,0,8704,9,5933605779
7930,67159570,85255784,152415354,8,0,0,19968,12,8705296045
7931,67178409,127403536,194581945,6,0,1,7168,12,2752662764
7932,67185400,83671536,150856936,7,0,0,5632,9,3800522055
7933,67193330,83428874,150622204,0,0,0,14336,14,3986677298
7934,67198060,127453374,194651434,0,0,1,22016,14,10168754525
7935,67215070,127436387,194651457,8,0,1,12288,12,5264956452
7936,67224450,84816924,152041374,4,0,0,5632,12,7630203231
7937,67228840,84318718,151547558,5,0,0,264192,7,7060582851
7938,67241070,85415079,152656149,4,0,0,37888,12,9371992754
7939,67247440,127404040,194651480,5,0,1,6144,7,4333718644
7940,67255170,83399380,150654550,4,0,0,41984,12,1794069276
7941,67259541,84013809,151273350,2,0,0,2560,12,2040765796
7942,67267349,127384154,194651503,6,0,1,3584,12,3352158441
7943,67287500,83863425,151150925,8,0,0,14336,12,7260197810
7944,67288989,127376935,194665924,4,0,1,22528,12,2356525814
7945,67294390,83397350,150691740,6,0,0,42496,12,5279567642
7946,67298220,127413302,194711522,2,0,1,37376,12,4928326347
7947,67310810,84963036,152273846,7,0,0,70144,9,7279679647
7948,67318020,84073464,151391484,5,0,0,31232,7,4038493811
7949,67321760,84048357,151370117,6,0,0,512,12,8744681664
7950,67329040,84126727,151455767,0,0,0,13312,14,7116422823
7951,67341290,83569932,150911222,1,0,0,5120,6,5115013784
7952,67341480,85043229,152384709,3,0,0,43520,9,2872749703
7953,67356870,84889878,152246748,1,0,0,6656,6,4189470821
7954,67381730,85366566,152748296,3,0,0,32256,9,1134797439
7955,67387880,83429028,150816908,6,0,0,40960,12,5757295375
7956,67415190,83537322,150952512,0,0,0,22528,14,4893794018
7957,67430470,127281075,194711545,9,0,1,2048,3,6903703087
7958,67431640,83372765,150804405,6,0,0,2048,12,1197733691
7959,67447661,83404393,150852054,2,0,0,12288,12,752534251
7960,67452541,83787924,151240465,2,0,0,86528,12,8439174369
7961,67468540,85022508,152491048,6,0,0,20480,12,6652504236
7962,67482930,127228638,194711568,3,0,1,5632,9,7938219523
7963,67519091,83565029,151084120,2,0,0,24576,12,8083965156
7964,67521680,84225857,151747537,3,0,0,58880,9,7500348611
7965,67522270,83649737,151172007,7,0,0,32768,9,10502776045
7966,67532510,83512776,151045286,3,0,0,16384,9,5201617425
7967,67533730,83386454,150920184,7,0,0,4608,9,202537003
7968,67534040,84028384,151562424,3,0,0,17408,9,954292333
7969,67534699,127231797,194766496,4,0,1,49152,12,10710692182
7970,67537520,84105117,151642637,4,0,0,91136,12,9241439072
7971,67538010,85049609,152587619,1,0,0,57856,6,3370396216
7972,67562969,127203550,194766519,4,0,1,29696,12,6895306434
7973,67582430,84092446,151674876,8,0,0,16384,12,3290727791
7974,67589370,84450265,152039635,9,0,0,104960,3,1452202043
7975,67593220,85093489,152686709,6,0,0,54272,12,5384594328
7976,67597460,127175236,194772696,5,0,1,5120,7,1154427114
7977,67600531,84152341,151752872,2,0,0,17408,12,3410587864
7978,67613150,84839182,152452332,0,0,0,38912,14,9307321910
7979,67619020,83523217,151142237,0,0,0,512,14,10145853436
7980,67619760,127155522,194775282,1,0,1,4096,6,3318149094
7981,67623931,83664698,151288629,2,0,0,1024,12,5144181746
7982,67627160,127175525,194802685,8,0,1,24064,12,4444376190
7983,67631731,84441411,152073142,2,0,0,20992,12,3408711037
7984,67647870,85014550,152662420,1,0,0,20480,6,7166250334
7985,67660110,83739509,151399619,0,0,0,26624,14,4767998695
7986,67665950,127156869,194822819,1,0,1,8192,6,5113345145
7987,67676211,85244246,152920457,2,0,0,32768,12,7606232241
7988,67680660,83605037,151285697,1,0,0,40448,6,1516561226
7989,67683960,85382843,153066803,7,0,0,83456,9,303368890
7990,67692650,83910871,151603521,8,0,0,39936,12,1933877012
7991,67692710,84716537,152409247,4,0,0,20480,12,1674982475
7992,67694330,85652185,153346515,1,0,0,585728,6,2390665770
7993,67705790,85188697,152894487,0,0,0,42496,14,5953548390
7994,67712350,127112095,194824445,5,0,1,2560,7,8164067636
7995,67713530,84529515,152243045,0,0,0,75776,14,5746474620
7996,67718629,127111205,194829834,6,0,1,17408,12,9262238033
7997,67726000,84676984,152402984,7,0,0,59904,9,9801385111
7998,67728580,84224580,151953160,7,0,0,6656,9,9940178398
7999,67741290,84178854,151920144,5,0,0,27648,7,751209308
8000,67741640,83821431,151563071,9,0,0,2048,3,9960643959
8001,67742780,83909333,151652113,8,0,0,28160,12,4666964501
8002,67749340,84201769,151951109,7,0,0,31232,9,5944807643
8003,67757419,127092404,194849823,4,0,1,6144,12,3925851756
8004,67764331,84321969,152086300,2,0,0,27648,12,2709686493
8005,67774530,85622777,153397307,8,0,0,77824,12,7360251279
8006,67775190,84869392,152644582,8,0,0,186880,12,6529265443
8007,67778780,83830692,151609472,0,0,0,19456,14,550157846
8008,67804070,83855785,151659855,3,0,0,6144,9,1500823550
8009,67805700,127044146,194849846,2,0,1,5632,12,9756561590
8010,67806670,84333924,152140594,7,0,0,39936,9,1000769852
8011,67809140,127040729,194849869,8,0,1,4096,12,4541019274
8012,67819970,84121600,151941570,3,0,0,3584,9,7684173942
8013,67821431,84331822,152153253,2,0,0,41472,12,731626485
8014,67837890,127012461,194850351,9,0,1,2048,3,2721019600
8015,67844420,84233433,152077853,3,0,0,15360,9,4041161919
8016,67852850,84213873,152066723,5,0,0,39424,7,10456602107
8017,67860419,126990752,194851171,6,0,1,19968,12,9303853322
8018,67870060,126996931,194866991,5,0,1,28160,7,3748243503
8019,67877800,84408081,152285881,5,0,0,39424,7,3106085102
8020,67886550,85627302,153513852,3,0,0,264192,9,5260116475
8021,67893800,85737534,153631334,4,0,0,167424,12,9868662874
8022,67901690,84827372,152729062,3,0,0,73728,9,886455247
8023,67905860,85467712,153373572,7,0,0,74240,9,261310990
8024,67907210,85115539,153022749,8,0,0,2048,12,9594268640
8025,67923280,84529231,152452511,6,0,0,512,12,6791405344
8026,67926181,85485212,153411393,2,0,0,42496,12,1140965937
8027,67935770,84569933,152505703,1,0,0,1536,6,5571599168
8028,67948350,85210873,153159223,4,0,0,79360,12,8977956015
8029,67955560,84925956,152881516,4,0,0,83968,12,2276126888
8030,67965940,126901717,194867657,5,0,1,1024,7,7056495353
8031,67972090,85581315,153553405,3,0,0,34816,9,6962720044
8032,67979460,85368794,153348254,7,0,0,5632,9,6020491137
8033,67980000,83872831,151852831,1,0,0,8704,6,8588135974
8034,67982270,85451055,153433325,0,0,0,64000,14,3145715985
8035,67987390,84997070,152984460,9,0,0,21504,3,1419712595
8036,67989610,84339213,152328823,3,0,0,8704,9,2141731601
8037,67992860,84816140,152809000,8,0,0,16384,12,3879079438
8038,68002019,126874330,194876349,4,0,1,13824,12,1113703859
8039,68003210,84336796,152340006,9,0,0,4096,3,4377541477
8040,68012210,84742840,152755050,9,0,0,12288,3,8052158688
8041,68033050,84925080,152958130,3,0,0,71168,9,3635309068
8042,68042290,85632021,153674311,7,0,0,14848,9,7772454758
8043,68043470,126866527,194909997,8,0,1,21504,12,6090582838
8044,68050500,84236652,152287152,1,0,0,4096,6,4916389234
8045,68058320,126851700,194910020,1,0,1,2048,6,1442862304
8046,68071530,85615157,153686687,0,0,0,11264,14,1144847790
8047,68079490,126830553,194910043,1,0,1,4096,6,6552138221
8048,68079940,85589824,153669764,1,0,0,124928,6,7528332579
8049,68086560,85025380,153111940,9,0,0,10240,3,4743456568
8050,68090810,85307612,153398422,9,0,0,3584,3,5671571289
8051,68091970,85939499,154031469,5,0,0,53760,7,5648614262
8052,68104880,85308922,153413802,8,0,0,6656,12,506647639
8053,68106501,85244428,153350929,2,0,0,8704,12,1298556898
8054,68109870,85748614,153858484,8,0,0,116224,12,4900612851
8055,68124990,85506679,153631669,9,0,0,1024,3,3736200112
8056,68125360,126884919,195010279,5,0,1,6144,7,8444558418
8057,68137590,126980619,195118209,8,0,1,35840,12,6361625180
8058,68160990,85007038,153168028,3,0,0,13824,9,3698657549
8059,68172871,85547566,153720437,2,0,0,5120,12,5062542515
8060,68195149,126923083,195118232,4,0,1,10752,12,6834033503
8061,68202740,84548543,152751283,4,0,0,9728,12,3723787588
8062,68205490,85605368,153810858,4,0,0,56320,12,9719856671
8063,68215550,86018373,154233923,6,0,0,38400,12,1441393039
8064,68220130,85841665,154061795,6,0,0,62976,12,4680654881
8065,68221180,85359111,153580291,0,0,0,43520,14,4582061450
8066,68225990,85316121,153542111,5,0,0,92672,7,2654931091
8067,68230280,85859774,154090054,4,0,0,92672,12,4095392875
8068,68241240,84497205,152738445,1,0,0,30720,6,8312998762
8069,68241330,85652300,153893630,9,0,0,115200,3,515877504
8070,68246320,85320688,153567008,1,0,0,44544,6,8494388547
8071,68247559,126910655,195158214,4,0,1,1024,12,2630533722
8072,68254480,84767622,153022102,4,0,0,85504,12,3104106514
8073,68268150,86256185,154524335,0,0,0,112128,14,6628401256
8074,68272110,85742621,154014731,3,0,0,82432,9,3034507457
8075,68276100,126915520,195191620,8,0,1,11776,12,8900632493
8076,68280731,85888765,154169496,2,0,0,69120,12,7796574035
8077,68289250,86528395,154817645,8,0,0,680448,12,3054427428
8078,68313260,86587093,154900353,1,0,0,55808,6,2032749163
8079,68316060,85832353,154148413,8,0,0,10240,12,4418304520
8080,68320080,85694986,154015066,8,0,0,1024,12,3277695607
8081,68326530,126990258,195316788,1,0,1,36864,6,622995877
8082,68337460,86760681,155098141,6,0,0,155648,12,8654647702
8083,68337620,127061039,195398659,0,0,1,14848,14,538990548
8084,68369060,86755834,155124894,3,0,0,70656,9,3073368764
8085,68370261,86034500,154404761,2,0,0,38400,12,835539605
8086,68371790,85170976,153542766,0,0,0,2048,14,1928213032
8087,68373250,85962781,154336031,7,0,0,96768,9,7961269132
8088,68376060,127199296,195575356,3,0,1,71168,9,9004839728
8089,68379070,85592247,153971317,4,0,0,26112,12,2991312099
8090,68380990,85442059,153823049,0,0,0,39936,14,7448057833
8091,68383080,85898178,154281258,5,0,0,3072,7,5053577052
8092,68400390,85642194,154042584,9,0,0,36352,3,10246806002
8093,68412209,127235238,195647447,6,0,1,12288,12,10358097118
8094,68417011,86153800,154570811,2,0,0,33280,12,5426533014
8095,68435690,85239276,153674966,7,0,0,2048,9,3788410167
8096,68443410,127343423,195786833,3,0,1,37888,9,6122395147
8097,68459310,86471486,154930796,1,0,0,99840,6,9681884708
8098,68462860,86754834,155217694,0,0,0,40960,14,4652567378
8099,68463341,86517311,154980652,2,0,0,77312,12,499773062
8100,68497040,84914711,153411751,6,0,0,1024,12,4515169644
8101,68521430,85394693,153916123,0,0,0,6656,14,3916539204
8102,68535270,85183576,153718846,6,0,0,105472,12,5847853309
8103,68550680,85540489,154091169,9,0,0,3584,3,5914247912
8104,68559930,86934270,155494200,1,0,0,200192,6,10460563015
8105,68560230,85703354,154263584,9,0,0,3584,3,9973013687
8106,68562970,127223961,195786931,2,0,1,5120,12,10591210740
8107,68566770,127220827,195787597,1,0,1,1024,6,844817698
8108,68569620,85710679,154280299,8,0,0,54784,12,7493221031
8109,68573430,86466617,155040047,8,0,0,6656,12,6553835881
8110,68576630,86847590,155424220,3,0,0,85504,9,3329001173
8111,68584640,85404952,153989592,3,0,0,59904,9,6068063801
8112,68594590,127368452,195963042,2,0,1,70656,12,4370275215
8113,68594980,127530296,196125276,2,0,1,6144,12,6149615763
8114,68598370,85870523,154468893,4,0,0,16896,12,8742675628
8115,68606700,86253781,154860481,3,0,0,27648,9,1414007895
8116,68622140,127523391,196145531,9,0,1,2048,3,220451683
8117,68624161,85816444,154440605,2,0,0,50688,12,9938731890
8118,68632300,86889243,155521543,6,0,0,44544,12,10068719289
8119,68643790,127543886,196187676,9,0,1,17408,3,5189822901
8120,68651740,127574167,196225907,9,0,1,3584,3,10114582511
8121,68655370,85636074,154291444,3,0,0,29696,9,1784290178
8122,68661400,127571074,196232474,0,0,1,31232,14,2477063097
8123,68666750,85444131,154110881,9,0,0,44544,3,1589761870
8124,68667400,127625907,196293307,5,0,1,12288,7,2617387119
8125,68674240,86209040,154883280,7,0,0,74752,9,8768712134
8126,68678990,86457829,155136819,8,0,0,9216,12,840470906
8127,68700910,86337086,155037996,7,0,0,80896,9,2758672491
8128,68704970,85392173,154097143,9,0,0,18432,3,5970269414
8129,68744160,127553690,196297850,0,0,1,512,14,5718159047
8130,68746250,86955251,155701501,8,0,0,89600,12,3951713829
8131,68747969,127553425,196301394,4,0,1,23552,12,367341065
8132,68772380,85579355,154351735,3,0,0,9728,9,2596166453
8133,68781850,85309654,154091504,0,0,0,1024,14,9506572866
8134,68785030,86058846,154843876,1,0,0,86016,6,805025732
8135,68797260,85646488,154443748,5,0,0,10240,7,10619799089
8136,68813331,85422955,154236286,2,0,0,7680,12,7049358914
8137,68820290,85528458,154348748,6,0,0,27648,12,2511021006
8138,68824680,87141913,155966593,8,0,0,196608,12,2657876490
8139,68829260,127489669,196318929,1,0,1,14848,6,667623060
8140,68839990,127483752,196323742,2,0,1,512,12,5195993978
8141,68854180,85428193,154282373,3,0,0,3584,9,10071679478
8142,68862210,86908033,155770243,3,0,0,1536,9,9188029856
8143,68870980,86128750,154999730,3,0,0,62464,9,3529158847
8144,68871360,87350245,156221605,3,0,0,62976,9,7903978649
8145,68879310,86063388,154942698,8,0,0,9216,12,10164400362
8146,68891440,86048427,154939867,0,0,0,29696,14,9954001422
8147,68891830,87153873,156045703,9,0,0,26624,3,7847134582
8148,68904850,85506174,154411024,5,0,0,20480,7,10416963605
8149,68905970,86857376,155763346,0,0,0,65536,14,4542826559
8150,68926320,87431731,156358051,6,0,0,66048,12,2239175212
8151,68931220,87106320,156037540,0,0,0,65024,14,823647657
8152,68939679,127524163,196463842,6,0,1,59904,12,5997271305
8153,68948080,127683993,196632073,0,0,1,20992,14,819210008
8154,68975740,87687483,156663223,8,0,0,173056,12,4129780458
8155,68991580,86205936,155197516,0,0,0,33280,14,1697495918
8156,68994250,86019075,155013325,3,0,0,44544,9,1242480779
8157,68996260,85853567,154849827,5,0,0,19456,7,9218911011
8158,69006550,86217751,155224301,1,0,0,21504,6,2762938539
8159,69019260,86084075,155103335,6,0,0,4608,12,375994674
8160,69031640,86550316,155581956,5,0,0,85504,7,6363116959
8161,69052991,86827616,155880607,2,0,0,12288,12,3829009024
8162,69053989,127587186,196641175,6,0,1,14336,12,29887494
8163,69055410,85796624,154852034,1,0,0,7168,6,3525303589
8164,69060270,86683085,155743355,4,0,0,25088,12,3424785329
8165,69068380,85888693,154957073,1,0,0,47104,6,6027016727
8166,69073269,127593559,196666828,4,0,1,7168,12,2414580926
8167,69091080,86096204,155187284,1,0,0,127488,6,5159076419
8168,69091230,86253112,155344342,6,0,0,19968,12,5736878053
8169,69097130,86300969,155398099,6,0,0,135680,12,1316844364
8170,69109340,127789688,196899028,1,0,1,40960,6,6356477582
8171,69112331,86015082,155127413,2,0,0,8192,12,8746541167
8172,69116000,127783051,196899051,9,0,1,13312,3,7216986449
8173,69137970,128821621,197959591,3,0,1,154112,9,3621389485
8174,69142340,128921971,198064311,1,0,1,6656,6,6691018052
8175,69150190,87361371,156511561,7,0,0,34816,9,781113962
8176,69151140,85950768,155101908,6,0,0,12288,12,8594331881
8177,69159810,85890884,155050694,1,0,0,34816,6,8039624382
8178,69190990,86014201,155205191,3,0,0,25088,9,1406226246
8179,69203060,86049665,155252725,6,0,0,62976,12,2237072863
8180,69204510,85929478,155133988,6,0,0,21504,12,7784704575
8181,69204870,86292325,155497195,4,0,0,9728,12,9044527595
8182,69219090,86072971,155292061,7,0,0,13824,9,8453532767
8183,69237210,85906652,155143862,3,0,0,23040,9,427682560
8184,69250760,128843222,198093982,8,0,1,4608,12,8275475886
8185,69256260,85971184,155227444,1,0,0,10240,6,2471619144
8186,69259150,85889267,155148417,6,0,0,14848,12,4690904795
8187,69261210,129093420,198354630,1,0,1,47616,6,3910184543
8188,69262020,86473668,155735688,0,0,0,112128,14,9222756281
8189,69269140,86234474,155503614,0,0,0,20992,14,5199467567
8190,69274450,87531111,156805561,1,0,0,155136,6,4731342670
8191,69277580,86025099,155302679,0,0,0,8192,14,6992817483
8192,69279589,129177709,198457298,4,0,1,29184,12,597839737
8193,69285911,86499030,155784941,2,0,0,9728,12,5450304306
8194,69294060,87704599,156998659,9,0,0,56832,3,7995154738
8195,69303700,86129481,155433181,3,0,0,29184,9,601081059
8196,69314970,86782873,156097843,8,0,0,111616,12,5769806990
8197,69318900,86293639,155612539,4,0,0,38912,12,3458867498
8198,69323809,129222149,198545958,4,0,1,27136,12,5019722396
8199,69329170,86226711,155555881,3,0,0,50688,9,1836732453
8200,69335750,87518685,156854435,1,0,0,2560,6,7387688303
8201,69338430,87936929,157275359,0,0,0,40960,14,7538676061
8202,69341161,86886863,156228024,2,0,0,20992,12,4083113147
8203,69343701,86756661,156100362,2,0,0,8192,12,484166972
8204,69349610,87876107,157225717,8,0,0,90112,12,4998344535
8205,69352120,129193861,198545981,1,0,1,4608,6,9982870459
8206,69365080,87612147,156977227,5,0,0,2048,7,8455080563
8207,69370660,129175344,198546004,0,0,1,25600,14,534083074
8208,69377120,129248165,198625285,5,0,1,6656,7,8130810041
8209,69394910,129241071,198635981,8,0,1,10240,12,5859239899
8210,69404180,86400518,155804698,0,0,0,59392,14,1060553602
8211,69405330,129325601,198730931,1,0,1,12288,6,10116699527
8212,69412490,87550817,156963307,5,0,0,16384,7,1623213506
8213,69413630,86644888,156058518,7,0,0,41984,9,10376574110
8214,69426421,87296382,156722803,2,0,0,40960,12,8081887917
8215,69432040,87175316,156607356,1,0,0,7680,6,6409388438
8216,69443760,86091690,155535450,3,0,0,45568,9,9985266854
8217,69448590,87686575,157135165,7,0,0,100864,9,1734092410
8218,69455120,86321409,155776529,1,0,0,17408,6,8147980346
8219,69465640,129265314,198730954,3,0,1,21504,9,1672524491
8220,69467679,129263298,198730977,4,0,1,14848,12,9171643195
8221,69476400,86525339,156001739,4,0,0,115200,12,9590302501
8222,69485140,86532557,156017697,5,0,0,16384,7,10544950613
8223,69498010,86315654,155813664,5,0,0,6656,7,4382716715
8224,69498210,86514472,156012682,0,0,0,35840,14,8648067897
8225,69501700,86728375,156230075,1,0,0,6656,6,4682466798
8226,69505760,87980833,157486593,6,0,0,96256,12,6849543448
8227,69514070,86801986,156316056,8,0,0,89088,12,7224348614
8228,69520030,88070492,157590522,1,0,0,24576,6,7719210334
8229,69531550,87858477,157390027,6,0,0,73728,12,651433316
8230,69543270,129237661,198780931,9,0,1,30720,3,2853318113
8231,69544470,129285294,198829764,0,0,1,27136,14,5489569307
8232,69549850,129506629,199056479,9,0,1,31744,3,5612504168
8233,69557470,86249280,155806750,4,0,0,5632,12,5878392558
8234,69559490,86260979,155820469,3,0,0,2560,9,2535634063
8235,69563891,86546634,156110525,2,0,0,33280,12,2566505579
8236,69568959,129487543,199056502,4,0,1,512,12,2855789580
8237,69575050,86562825,156137875,6,0,0,31232,12,10375299541
8238,69576030,86712859,156288889,4,0,0,127488,12,7156428601
8239,69578950,86607687,156186637,3,0,0,4096,9,8284457845
8240,69588620,129495742,199084362,0,0,1,27648,14,865321050
8241,69616940,129478412,199095352,2,0,1,33280,12,3708339923
8242,69629190,129567685,199196875,8,0,1,25600,12,6537671392
8243,69635421,88235222,157870643,2,0,0,115200,12,6461377785
8244,69645680,86751095,156396775,0,0,0,67072,14,949290079
8245,69659300,87602753,157262053,6,0,0,43008,12,2577145745
8246,69664630,87952747,157617377,6,0,0,88064,12,836591005
8247,69665410,87996913,157662323,1,0,0,4096,6,6165612907
8248,69674090,88305934,157980024,7,0,0,120832,9,4321058694
8249,69674810,87011212,156686022,7,0,0,74752,9,9944146634
8250,69676900,86928093,156604993,7,0,0,209920,9,9972172706
8251,69680190,87173442,156853632,8,0,0,157696,12,9467548357
8252,69682370,129602113,199284483,1,0,1,7168,6,8220475915
8253,69690480,87286027,156976507,1,0,0,14336,6,8997701331
8254,69691211,87403607,157094818,2,0,0,39936,12,2823105758
8255,69691461,86831667,156523128,2,0,0,37888,12,2050930809
8256,69703390,129581116,199284506,8,0,1,5120,12,8498280535
8257,69715280,88786866,158502146,3,0,0,31232,9,6562942330
8258,69718350,88593972,158312322,8,0,0,650752,12,6950403916
8259,69723070,87586245,157309315,4,0,0,55808,12,7182048212
8260,69741410,87715832,157457242,4,0,0,42496,12,1775414776
8261,69743860,87316345,157060205,4,0,0,32256,12,5249711829
8262,69747050,88645681,158392731,9,0,0,169984,3,8124110470
8263,69754680,129529865,199284545,2,0,1,10752,12,6722018298
8264,69757040,129553470,199310510,2,0,1,51712,12,4866659529
8265,69763580,129672250,199435830,8,0,1,37376,12,8927184202
8266,69773309,129662544,199435853,4,0,1,11264,12,3476785990
8267,69778850,89174249,158953099,7,0,0,600064,9,3085877911
8268,69789790,87348830,157138620,9,0,0,11264,3,5461587308
8269,69802030,88653528,158455558,4,0,0,114176,12,8788605564
8270,69803060,87779951,157583011,7,0,0,69632,9,1588505695
8271,69805830,129945186,199751016,5,0,1,33280,7,1269940339
8272,69807010,87428714,157235724,7,0,0,32768,9,1151502220
8273,69811110,87696878,157507988,3,0,0,70144,9,7078183571
8274,69822351,87488547,157310898,2,0,0,5120,12,6751793995
8275,69830530,88004967,157835497,8,0,0,186368,12,4024471072
8276,69832370,88104869,157937239,0,0,0,60416,14,2219019730
8277,69836730,87598010,157434740,5,0,0,31232,7,1067401277
8278,69842220,88099722,157941942,3,0,0,15360,9,1924244752
8279,69843580,129956061,199799641,1,0,1,11776,6,2931639020
8280,69844291,87097163,156941454,2,0,0,2048,12,5400767576
8281,69850940,87411916,157262856,7,0,0,2560,9,6298539284
8282,69858450,87842533,157700983,9,0,0,1536,3,531136897
8283,69865900,88661876,158527776,7,0,0,36864,9,3063558105
8284,69867030,87494239,157361269,0,0,0,2048,14,6152489871
8285,69870210,88470706,158340916,5,0,0,78336,7,7450598339
8286,69876450,89278416,159154866,3,0,0,66560,9,6436254883
8287,69882450,88519976,158402426,7,0,0,31744,9,9854934308
8288,69898910,89106838,159005748,9,0,0,50688,3,2311337679
8289,69926100,88643162,158569262,4,0,0,74752,12,7258772474
8290,69931050,88561534,158492584,4,0,0,14848,12,2182673135
8291,69958830,89326465,159285295,8,0,0,11264,12,5729657780
8292,69964210,88352815,158317025,1,0,0,15360,6,3097400878
8293,69967151,89253258,159220409,2,0,0,215040,12,4357780477
8294,69969040,87731452,157700492,3,0,0,54272,9,1223824368
8295,69972060,88784589,158756649,6,0,0,260608,12,10538803230
8296,69993320,129845239,199838559,2,0,1,16896,12,8210516315
8297,70001960,87536603,157538563,6,0,0,3072,12,2195414422
8298,70007610,88003626,158011236,9,0,0,61952,3,5889288536
8299,70008090,88056816,158064906,9,0,0,9728,3,3878012176
8300,70013140,130012097,200025237,5,0,1,20992,7,3256007274
8301,70014320,88585507,158599827,1,0,0,12800,6,599854745
8302,70016320,130097224,200113544,2,0,1,30208,12,3565800178
8303,70030260,88960013,158990273,4,0,0,120320,12,10052259678
8304,70047130,89250535,159297665,8,0,0,29696,12,8500487649
8305,70047260,88491817,158539077,8,0,0,36864,12,10546768254
8306,70055829,130435024,200490853,6,0,1,53248,12,6063839591
8307,70056281,88431756,158488037,2,0,0,106496,12,9595825075
8308,70059820,89258358,159318178,6,0,0,67072,12,3802394583
8309,70075600,89170447,159246047,5,0,0,43008,7,4862231601
8310,70090530,89176288,159266818,4,0,0,68096,12,9704390238
8311,70097221,88323503,158420724,2,0,0,38400,12,10697720094
8312,70109840,89370053,159479893,7,0,0,243200,9,9531259907
8313,70114180,89234932,159349112,6,0,0,98816,12,7641409504
8314,70126890,130510851,200637741,9,0,1,9216,3,8965115000
8315,70142601,88910305,159052906,2,0,0,106496,12,6159261504
8316,70151860,89387230,159539090,6,0,0,32256,12,3474500288
8317,70151980,130593695,200745675,9,0,1,8704,3,9955260767
8318,70153080,88416361,158569441,7,0,0,512,9,2606182727
8319,70161581,88354940,158516521,2,0,0,47104,12,417479414
8320,70165710,89240060,159405770,6,0,0,41984,12,10219262828
8321,70180851,88402707,158583558,2,0,0,38912,12,7912179330
8322,70195190,88879914,159075104,7,0,0,47104,9,8763135088
8323,70225620,88183381,158409001,3,0,0,21504,9,9688223276
8324,70230830,88315625,158546455,0,0,0,24064,14,3169905911
8325,70231211,89441655,159672866,2,0,0,15360,12,6260785398
8326,70232250,88537994,158770244,9,0,0,44544,3,2355499288
8327,70255860,130584795,200840655,5,0,1,10752,7,6962812821
8328,70297270,88723165,159020435,3,0,0,48128,9,887683906
8329,70308190,88263489,158571679,6,0,0,7168,12,9872008223
8330,70309080,130572869,200881949,0,0,1,5632,14,10587722449
8331,70310830,89300907,159611737,4,0,0,27648,12,6240855271
8332,70316500,88818063,159134563,1,0,0,195072,6,804348704
8333,70316520,130565452,200881972,8,0,1,6656,12,7798371503
8334,70318540,88963300,159281840,5,0,0,9728,7,6867818088
8335,70321240,88739489,159060729,1,0,0,25600,6,8054445577
8336,70324201,88954652,159278853,2,0,0,39424,12,7329701577
8337,70362010,88870910,159232920,6,0,0,40960,12,2065335599
8338,70365660,89820092,160185752,9,0,0,77824,3,9635922606
8339,70378250,130504784,200883034,0,0,1,4608,14,382087585
8340,70389550,89132002,159521552,5,0,0,34816,7,10707129275
8341,70398729,131039228,201437957,4,0,1,6144,12,1304067693
8342,70405500,88883094,159288594,3,0,0,10752,9,1687187400
8343,70406000,88547590,158953590,9,0,0,1536,3,7276155869
8344,70416210,89559339,159975549,6,0,0,595968,12,10385529375
8345,70417230,88975725,159392955,9,0,0,35328,3,357215264
8346,70419440,89079140,159498580,5,0,0,11264,7,1609640031
8347,70419810,88962358,159382168,5,0,0,5120,7,9663082340
8348,70453280,88904014,159357294,4,0,0,21504,12,5231138054
8349,70457270,89294536,159751806,1,0,0,122880,6,6521560752
8350,70459570,89577581,160037151,4,0,0,104448,12,10683495065
8351,70459800,130980855,201440655,0,0,1,8192,14,1326784808
8352,70472880,88907697,159380577,0,0,0,76288,14,7085294424
8353,70486431,89116859,159603290,2,0,0,65024,12,1686739084
8354,70491730,130955679,201447409,9,0,1,4096,3,6858420460
8355,70501960,88993134,159495094,8,0,0,26112,12,5560853274
8356,70503150,88847569,159350719,0,0,0,5120,14,3725155373
8357,70505310,89725580,160230890,5,0,0,17408,7,2871873254
8358,70520380,89628728,160149108,1,0,0,38400,6,6938580136
8359,70527740,89469429,159997169,9,0,0,49664,3,8749280256
8360,70542540,89171803,159714343,9,0,0,22528,3,525237263
8361,70587020,89846556,160433576,5,0,0,192512,7,9625468292
8362,70590480,130856952,201447432,0,0,1,1024,14,1770305411
8363,70594900,130852555,201447455,9,0,1,20480,3,10580664198
8364,70596980,89408324,160005304,5,0,0,26624,7,873044178
8365,70609820,89845018,160454838,1,0,0,23040,6,4703926482
8366,70635980,89143576,159779556,9,0,0,3072,3,3423519585
8367,70644450,89134147,159778597,8,0,0,10752,12,2670781199
8368,70648370,89333598,159981968,6,0,0,20992,12,8603815032
8369,70651101,88667880,159318981,2,0,0,2560,12,3270934605
8370,70652160,88831500,159483660,0,0,0,12288,14,3455515796
8371,70663349,132294070,202957419,7,0,1,396800,9,8943003810
8372,70666770,88820345,159487115,9,0,0,11264,3,6218776174
8373,70670940,89466445,160137385,8,0,0,71680,12,9171097536
8374,70671079,132286596,202957675,6,0,1,9216,12,4302429835
8375,70672859,132289322,202962181,4,0,1,7168,12,9516633305
8376,70672960,132436519,203109479,2,0,1,37376,12,8213765583
8377,70673680,89699718,160373398,4,0,0,35840,12,6981772400
8378,70693340,132456464,203149804,5,0,1,16384,7,9695898968
8379,70706489,132460552,203167041,4,0,1,9728,12,1321297620
8380,70711040,89064258,159775298,1,0,0,76800,6,324806444
8381,70711510,132491478,203202988,9,0,1,32768,3,190134321
8382,70730690,89816783,160547473,4,0,0,8704,12,4151952417
8383,70732811,89811987,160544798,2,0,0,122880,12,9407910262
8384,70735400,89507984,160243384,4,0,0,34304,12,6789597483
8385,70760780,132446394,203207174,2,0,1,6656,12,354870437
8386,70780740,89542936,160323676,4,0,0,33280,12,6421758561
8387,70794790,89653005,160447795,5,0,0,46592,7,7909784053
8388,70806510,89829362,160635872,6,0,0,63488,12,7205562696
8389,70812741,89971999,160784740,2,0,0,308736,12,5082504123
8390,70814200,89975087,160789287,6,0,0,14848,12,8524648126
8391,70818601,89234814,160053415,2,0,0,7168,12,884018014
8392,70820701,90317445,161138146,2,0,0,83968,12,530029879
8393,70830120,89753013,160583133,3,0,0,64000,9,2937046373
8394,70830700,89217929,160048629,1,0,0,16896,6,10504689794
8395,70850220,89463247,160313467,4,0,0,3584,12,970667360
8396,70876870,89617878,160494748,1,0,0,35328,6,6657149720
8397,70885190,132393076,203278266,9,0,1,22016,3,4019291562
8398,70886170,89668190,160554360,5,0,0,22528,7,4313173234
8399,70889420,89926338,160815758,5,0,0,77312,7,1107264932
8400,70899019,132379270,203278289,4,0,1,37376,12,753619603
8401,70911170,132512578,203423748,9,0,1,31744,3,6464809547
8402,70938400,132485371,203423771,8,0,1,4608,12,5991794404
8403,70956380,89996384,160952764,3,0,0,61440,9,2975141457
8404,70958630,89353676,160312306,1,0,0,148480,6,606476343
8405,70959140,90264068,161223208,9,0,0,4096,3,3659632317
8406,70965030,90580344,161545374,6,0,0,598016,12,4983561638
8407,70975220,89612928,160588148,8,0,0,16384,12,8225242175
8408,70979890,90027913,161007803,4,0,0,48640,12,1290955604
8409,70980200,132513033,203493233,8,0,1,21504,12,2900192684
8410,70987050,90329872,161316922,0,0,0,109568,14,8615355330
8411,70999600,89991678,160991278,4,0,0,33280,12,5916449316
8412,71029610,90333510,161363120,0,0,0,28672,14,3103479150
8413,71029830,90140446,161170276,0,0,0,70144,14,3298924830
8414,71044900,90140219,161185119,9,0,0,48640,3,7862119022
8415,71057330,90819133,161876463,0,0,0,434176,14,277424939
8416,71058220,90878106,161936326,1,0,0,19968,6,3312423231
8417,71061100,90826462,161887562,0,0,0,36352,14,10300191013
8418,71064280,132471960,203536240,5,0,1,11776,7,4278131614
8419,71069609,132890773,203960382,7,0,1,125952,9,1330971157
8420,71090870,90611366,161702236,5,0,0,93184,7,3418645821
8421,71091300,90263038,161354338,1,0,0,73216,6,903298563
8422,71093029,133973644,205066673,4,0,1,70144,12,10692868996
8423,71093360,90190155,161283515,3,0,0,57856,9,10651535214
8424,71105210,134033130,205138340,9,0,1,48128,3,4360154005
8425,71113810,91074782,162188592,8,0,0,144896,12,1484090202
8426,71118300,89708580,160826880,4,0,0,30208,12,2881836061
8427,71119431,90454233,161573664,2,0,0,54784,12,4862439482
8428,71131100,134026209,205157309,8,0,1,6144,12,7757725194
8429,71135860,89681793,160817653,3,0,0,6144,9,5782012070
8430,71141130,90788910,161930040,0,0,0,111104,14,4233171245
8431,71143180,89960429,161103609,3,0,0,83968,9,607306994
8432,71148770,90955513,162104283,8,0,0,393216,12,1543117070
8433,71149940,91078486,162228426,9,0,0,81920,3,8326456786
8434,71154100,90990321,162144421,8,0,0,73216,12,2033274716
8435,71182710,91087639,162270349,1,0,0,74752,6,10059015415
8436,71189950,90408054,161598004,0,0,0,73728,14,5457354773
8437,71192200,90073664,161265864,9,0,0,15360,3,318800377
8438,71195560,91051990,162247550,0,0,0,53760,14,5398697963
8439,71195690,91115084,162310774,0,0,0,17920,14,4313968234
8440,71207361,89661858,160869219,2,0,0,26624,12,7963270192
8441,71209811,91331122,162540933,2,0,0,85504,12,2315056941
8442,71219400,90747906,161967306,9,0,0,46080,3,9820001941
8443,71223160,91573588,162796748,8,0,0,420864,12,2556282583
8444,71227720,133930575,205158295,8,0,1,1536,12,6899441727
8445,71228739,134094558,205323297,7,0,1,144384,9,1872966022
8446,71228820,134136117,205364937,8,0,1,1024,12,9851600717
8447,71248570,89815567,161064137,1,0,0,512,6,3515886207
8448,71257790,91243207,162500997,0,0,0,11264,14,8078689713
8449,71257980,89930282,161188262,7,0,0,10240,9,991761685
8450,71266240,91113138,162379378,1,0,0,60928,6,2956627135
8451,71268359,134163050,205431409,6,0,1,41472,12,5851687542
8452,71273740,90679480,161953220,0,0,0,12288,14,372170709
8453,71279090,91218452,162497542,3,0,0,42496,9,5302410249
8454,71293410,134202779,205496189,1,0,1,11776,6,902070161
8455,71305750,90624469,161930219,8,0,0,512,12,3764685926
8456,71308950,90397989,161706939,1,0,0,15360,6,850595993
8457,71328800,90567365,161896165,9,0,0,28160,3,9451525251
8458,71329990,134166222,205496212,0,0,1,12800,14,3282710692
8459,71333040,134172889,205505929,0,0,1,56832,14,6980195310
8460,71335270,90614183,161949453,9,0,0,43008,3,7824433642
8461,71349010,134461961,205810971,1,0,1,2048,6,977687130
8462,71362950,134448044,205810994,8,0,1,512,12,7681314636
8463,71366610,91195168,162561778,5,0,0,7680,7,48107645
8464,71367400,90921933,162289333,1,0,0,31744,6,10034143298
8465,71370869,134465333,205836202,6,0,1,28672,12,7286555499
8466,71373210,90183739,161556949,4,0,0,37888,12,9246758200
8467,71387070,90904010,162291080,5,0,0,5632,7,7763307114
8468,71398950,91040051,162439001,5,0,0,38912,7,1031857013
8469,71410130,90793305,162203435,3,0,0,48640,9,10708163560
8470,71415960,134434952,205850912,5,0,1,55808,7,10002999269
8471,71429960,134540875,205970835,5,0,1,54272,7,9490156285
8472,71433910,90797237,162231147,9,0,0,8704,3,8843872189
8473,71435780,90958285,162394065,4,0,0,48128,12,7395870213
8474,71435920,91539893,162975813,1,0,0,41472,6,5417164330
8475,71460590,90661500,162122090,8,0,0,58368,12,79036713
8476,71467009,134503849,205970858,4,0,1,1536,12,1657294413
8477,71477850,91413273,162891123,0,0,0,51712,14,9942145141
8478,71480480,91369743,162850223,8,0,0,52736,12,8010973357
8479,71481290,90943686,162424976,0,0,0,101376,14,1465403555
8480,71490700,91371003,162861703,1,0,0,18432,6,3452606849
8481,71514519,134456362,205970881,4,0,1,8192,12,975326923
8482,71518330,91150163,162668493,3,0,0,118784,9,9787706949
8483,71519820,90981980,162501800,3,0,0,2560,9,453834583
8484,71520630,134470444,205991074,0,0,1,39936,14,1983152424
8485,71520790,91090629,162611419,3,0,0,48128,9,9568733641
8486,71536671,91319393,162856064,2,0,0,11264,12,4411115707
8487,71559380,91389064,162948444,4,0,0,166400,12,4472850563
8488,71570090,91422725,162992815,5,0,0,3584,7,9008277659
8489,71574560,90705078,162279638,5,0,0,14336,7,5109305325
8490,71584630,91234168,162818798,5,0,0,68096,7,3184535120
8491,71598360,91276984,162875344,6,0,0,38912,12,4419373433
8492,71617450,90657789,162275239,8,0,0,15872,12,794595614
8493,71618010,90741857,162359867,5,0,0,7168,7,3802568324
8494,71628360,91388531,163016891,7,0,0,35328,9,2467246509
8495,71631870,91359761,162991631,4,0,0,51200,12,5206649724
8496,71632700,134361852,205994552,5,0,1,18432,7,5873125030
8497,71639961,91922430,163562391,2,0,0,133632,12,4888183612
8498,71642390,90900773,162543163,7,0,0,7168,9,9465206531
8499,71643430,91332578,162976008,7,0,0,512,9,5058599810
8500,71646259,134348316,205994575,7,0,1,4608,9,2940892925
8501,71689390,92071571,163760961,7,0,0,118784,9,10247138962
8502,71700350,91151144,162851494,7,0,0,4096,9,7866154016
8503,71706940,134287658,205994598,5,0,1,18432,7,10397035163
8504,71723170,90757162,162480332,5,0,0,2560,7,5920458460
8505,71732230,91491292,163223522,0,0,0,85504,14,6650962871
8506,71742890,134251731,205994621,9,0,1,17920,3,4186201783
8507,71748420,91558361,163306781,4,0,0,55296,12,5043032647
8508,71758470,92359880,164118350,4,0,0,44032,12,5933174661
8509,71764120,91241961,163006081,6,0,0,9728,12,10373374865
8510,71768790,91372310,163141100,8,0,0,31744,12,3714233659
8511,71774880,91077729,162852609,8,0,0,3584,12,1716196896
8512,71777750,134232057,206009807,2,0,1,2048,12,10050752921
8513,71792230,91259355,163051585,0,0,0,30720,14,5323390772
8514,71798220,91195483,162993703,4,0,0,2560,12,1825529378
8515,71803530,91059935,162863465,1,0,0,2048,6,7478720873
8516,71808630,91154501,162963131,7,0,0,48128,9,2853871829
8517,71811670,91219271,163030941,0,0,0,13312,14,2341970826
8518,71817260,90980767,162798027,6,0,0,4096,12,5439644912
8519,71818030,91340189,163158219,7,0,0,26624,9,6862684568
8520,71821630,134188200,206009830,1,0,1,18944,6,3626034715
8521,71821761,91012371,162834132,2,0,0,50176,12,4541092272
8522,71826920,91066566,162893486,7,0,0,7680,9,7990745373
8523,71830151,91172935,163003086,2,0,0,30720,12,1763049370
8524,71844620,91230450,163075070,8,0,0,43008,12,1145058845
8525,71871670,91026051,162897721,0,0,0,13824,14,964246347
8526,71878020,90984798,162862818,4,0,0,3584,12,1933131506
8527,71882730,91303418,163186148,5,0,0,30208,7,6072372916
8528,71887190,91599885,163487075,0,0,0,7680,14,9246491729
8529,71895351,91197838,163093189,2,0,0,59392,12,2967652462
8530,71900400,134109453,206009853,2,0,1,3072,12,1265240982
8531,71901270,91583442,163484712,1,0,0,114688,6,5816555160
8532,71913610,134096266,206009876,2,0,1,3584,12,2692873632
8533,71924290,91135437,163059727,8,0,0,22016,12,9661012184
8534,71934661,91355249,163289910,2,0,0,10752,12,6531274990
8535,71937420,92421341,164358761,8,0,0,172032,12,7705159764
8536,71947000,91676834,163623834,8,0,0,131584,12,8501927005
8537,71947040,91472508,163419548,0,0,0,4608,14,2956567158
8538,71948180,134061735,206009915,9,0,1,34304,3,3993474266
8539,71956680,91311581,163268261,0,0,0,512,14,8623190043
8540,71957430,91697913,163655343,6,0,0,13824,12,9682823766
8541,71971499,134050630,206022129,6,0,1,30720,12,8383249055
8542,71974300,91402394,163376694,9,0,0,26112,3,4100766104
8543,71981980,91523058,163505038,9,0,0,58880,3,705808978
8544,71983540,91403697,163387237,4,0,0,8704,12,274870889
8545,71984999,134037153,206022152,4,0,1,26624,12,5428122506
8546,71987940,134054070,206042010,9,0,1,48640,3,6251726277
8547,72002300,91415821,163418121,7,0,0,34304,9,4910576083
8548,72012200,91621664,163633864,3,0,0,7168,9,4706875533
8549,72015229,134069899,206085128,4,0,1,49664,12,5083595413
8550,72024540,92699111,164723651,4,0,0,56832,12,8267778523
8551,72028530,91258081,163286611,6,0,0,40960,12,224729313
8552,72030511,91328151,163358662,2,0,0,12288,12,3608697634
8553,72031170,91754520,163785690,9,0,0,10240,3,4903249568
8554,72034040,91544465,163578505,4,0,0,43520,12,9242464325
8555,72040800,91862779,163903579,8,0,0,21504,12,7682724751
8556,72050370,91637682,163688052,4,0,0,28672,12,8175412336
8557,72058350,134026809,206085159,0,0,1,6144,14,7915145905
8558,72078310,92480667,164558977,8,0,0,115200,12,1971759440
8559,72104440,91597657,163702097,8,0,0,18432,12,1049805034
8560,72105741,92264165,164369906,2,0,0,19968,12,10647331243
8561,72121889,133963293,206085182,6,0,1,12288,12,8043721642
8562,72126390,91722177,163848567,9,0,0,30720,3,7545912099
8563,72129390,91094779,163224169,6,0,0,2048,12,10251505732
8564,72141010,91125115,163266125,6,0,0,3584,12,2905567246
8565,72141359,133943846,206085205,4,0,1,24064,12,10363004852
8566,72148990,92664884,164813874,8,0,0,17920,12,6223029466
8567,72157520,133928979,206086499,5,0,1,33280,7,6453865588
8568,72161890,91066381,163228271,0,0,0,13312,14,3781898784
8569,72167240,91780669,163947909,3,0,0,48128,9,9931915256
8570,72167870,91790046,163957916,6,0,0,32768,12,9201879302
8571,72173810,92012518,164186328,8,0,0,31232,12,6320225159
8572,72203690,92446983,164650673,0,0,0,60416,14,6087794907
8573,72208410,91613170,163821580,3,0,0,15872,9,4073469967
8574,72214060,91653562,163867622,6,0,0,62464,12,4663882451
8575,72219340,91457924,163677264,5,0,0,53760,7,5217693106
8576,72222430,92629915,164852345,4,0,0,38912,12,2492198517
8577,72233770,91331452,163565222,7,0,0,9216,9,423352248
8578,72243160,133934877,206178037,9,0,1,42496,3,6256781607
8579,72246799,133931261,206178060,4,0,1,512,12,8293100713
8580,72248621,92730818,164979439,2,0,0,140288,12,9910184176
8581,72271140,91944569,164215709,4,0,0,81408,12,10628746360
8582,72275260,92217739,164492999,5,0,0,12800,7,10266673801
8583,72287380,91363364,163650744,8,0,0,32256,12,3781563303
8584,72298840,91834095,164132935,4,0,0,10752,12,10041568416
8585,72307949,133898656,206206605,6,0,1,9216,12,1473219540
8586,72308730,91746794,164055524,7,0,0,50688,9,2924696670
8587,72331390,91565583,163896973,7,0,0,96256,9,3101798267
8588,72334111,92154965,164489076,2,0,0,115200,12,3859726544
8589,72345361,91286296,163631657,2,0,0,25600,12,4510309650
8590,72401240,91559351,163960591,1,0,0,8704,6,9795245160
8591,72407110,91899212,164306322,4,0,0,30720,12,10358196371
8592,72408350,91690954,164099304,6,0,0,12800,12,5661716618
8593,72410620,92021792,164432412,3,0,0,19968,9,120454031
8594,72411800,133825215,206237015,8,0,1,17920,12,8719983727
8595,72412280,92673656,165085936,3,0,0,72704,9,1358710190
8596,72417911,92167609,164585520,2,0,0,87040,12,9320087356
8597,72435190,91705802,164140992,6,0,0,18432,12,7932253544
8598,72435900,92829450,165265350,8,0,0,76288,12,2089449157
8599,72453721,91309915,163763636,2,0,0,8704,12,9704295250
8600,72458260,92382206,164840466,1,0,0,50176,6,3247232894
8601,72469491,92199333,164668824,2,0,0,42496,12,7499871614
8602,72469540,91520399,163989939,7,0,0,39936,9,4266514656
8603,72472060,134131407,206603467,5,0,1,63488,7,6041990953
8604,72486580,134189814,206676394,8,0,1,26112,12,3219855623
8605,72490600,91892121,164382721,7,0,0,41984,9,4001306627
8606,72491670,92507010,164998680,8,0,0,44032,12,4574059942
8607,72517410,92076299,164593709,6,0,0,10240,12,1221367412
8608,72523291,92231271,164754562,2,0,0,101376,12,7397609109
8609,72550160,91958664,164508824,3,0,0,17408,9,3969340277
8610,72553590,91832898,164386488,0,0,0,12288,14,5264182810
8611,72558881,91935857,164494738,2,0,0,5632,12,154055714
8612,72573950,91586919,164160869,7,0,0,47616,9,1307790037
8613,72587100,134113045,206700145,0,0,1,9728,14,5889238310
8614,72593850,91996685,164590535,1,0,0,16384,6,2688710922
8615,72612030,91517575,164129605,6,0,0,36864,12,6748360788
8616,72626370,91636005,164262375,6,0,0,14336,12,882477868
8617,72626809,134080892,206707701,7,0,1,13312,9,4813198416
8618,72627930,92357304,164985234,4,0,0,18944,12,6362707359
8619,72638760,134110482,206749242,1,0,1,16896,6,7540918905
8620,72649260,91951024,164600284,8,0,0,21504,12,4741370525
8621,72652090,91773409,164425499,4,0,0,20480,12,6782026976
8622,72663020,91553271,164216291,0,0,0,1536,14,4370042130
8623,72674860,92347052,165021912,0,0,0,19456,14,4121738124
8624,72676950,92555125,165232075,6,0,0,98816,12,8232970129
8625,72686670,91837184,164523854,7,0,0,49152,9,1420565011
8626,72692340,91671436,164363776,8,0,0,16384,12,7818608643
8627,72695920,92452088,165148008,4,0,0,2560,12,9747602092
8628,72698290,134488716,207187006,2,0,1,11264,12,2676579882
8629,72705830,134488554,207194384,8,0,1,8192,12,10157735672
8630,72706880,91796617,164503497,3,0,0,28672,9,8705171139
8631,72714010,92064720,164778730,1,0,0,17408,6,4082439544
8632,72726130,134497363,207223493,1,0,1,19456,6,771129852
8633,72729500,91657791,164387291,7,0,0,2560,9,4059491089
8634,72729570,92606286,165335856,4,0,0,69632,12,23149996
8635,72770260,92664876,165435136,8,0,0,59392,12,2156674095
8636,72801740,92501746,165303486,3,0,0,2560,9,5749284269
8637,72812760,92092432,164905192,1,0,0,53248,6,8698227249
8638,72835160,134555768,207390928,5,0,1,26624,7,6322241146
8639,72836980,92638395,165475375,6,0,0,126976,12,10427326121
8640,72838430,92076146,164914576,5,0,0,23552,7,9535790938
8641,72854339,134647813,207502152,4,0,1,26112,12,1992456029
8642,72860720,134665512,207526232,5,0,1,5120,7,4143806090
8643,72871220,92703490,165574710,6,0,0,144384,12,794692390
8644,72897540,91957168,164854708,8,0,0,7680,12,8687141192
8645,72898170,92456392,165354562,3,0,0,32768,9,7327979285
8646,72898960,92615998,165514958,7,0,0,48640,9,3639837921
8647,72910110,92590005,165500115,0,0,0,38912,14,6284364130
8648,72939141,92203358,165142499,2,0,0,7680,12,7153299477
8649,72951101,92185992,165137093,2,0,0,139776,12,4797281844
8650,72974400,91808753,164783153,0,0,0,13824,14,3390522381
8651,72983200,134558656,207541856,1,0,1,6656,6,3625712421
8652,72996800,92236546,165233346,8,0,0,4096,12,10461444388
8653,73000700,92343855,165344555,8,0,0,8192,12,4782048279
8654,73003750,92484440,165488190,6,0,0,41984,12,5675646669
8655,73009930,92406596,165416526,7,0,0,131584,9,7548982188
8656,73017890,134535046,207552936,1,0,1,11776,6,5110645003
8657,73047760,92540152,165587912,7,0,0,27136,9,3932316911
8658,73051170,91707182,164758352,5,0,0,11264,7,1383522886
8659,73052820,91972547,165025367,3,0,0,11264,9,2235715177
8660,73054540,92956898,166011438,3,0,0,25600,9,7408582019
8661,73064500,92837072,165901572,6,0,0,24064,12,7259025802
8662,73077160,91986601,165063761,3,0,0,27648,9,5904765956
8663,73090860,134492162,207583022,1,0,1,6656,6,9233550680
8664,73091530,92075829,165167359,8,0,0,8704,12,2394653007
8665,73096720,92571770,165668490,6,0,0,129536,12,2490143279
8666,73117070,91919876,165036946,4,0,0,5632,12,5458063992
8667,73122220,93053372,166175592,5,0,0,72704,7,8026202232
8668,73138350,91616547,164754897,8,0,0,1024,12,1759765327
8669,73141630,92629477,165771107,1,0,0,77824,6,3534287374
8670,73150350,92812338,165962688,8,0,0,53248,12,82098489
8671,73158990,92523142,165682132,1,0,0,15360,6,9066030700
8672,73162761,92893591,166056352,2,0,0,11264,12,8682721428
8673,73177930,93230928,166408858,6,0,0,739328,12,8074283910
8674,73180460,134435688,207616148,2,0,1,24576,12,6708692886
8675,73181940,92545442,165727382,7,0,0,19968,9,6397466663
8676,73186150,134430021,207616171,0,0,1,7680,14,3112086701
8677,73204180,91997764,165201944,7,0,0,44032,9,4724505828
8678,73212850,134541514,207754364,0,0,1,32256,14,10004975973
8679,73221529,93295013,166516542,3,0,0,45568,9,6294554565
8680,73235560,93187673,166423233,7,0,0,47104,9,10047168913
8681,73240461,92286050,165526511,2,0,0,13312,12,6038803202
8682,73246400,92783393,166029793,1,0,0,18432,6,447237128
8683,73248260,92897950,166146210,8,0,0,20480,12,4659596177
8684,73251510,134502877,207754387,0,0,1,11776,14,1982476387
8685,73252400,92164617,165417017,6,0,0,1536,12,4467615728
8686,73255700,134577317,207833017,1,0,1,5632,6,4866413373
8687,73258781,92616413,165875194,2,0,0,37888,12,7711166801
8688,73264470,92875477,166139947,4,0,0,146944,12,3383073876
8689,73279020,92395265,165674285,7,0,0,18944,9,2856819300
8690,73287841,93183525,166471366,2,0,0,141312,12,78629747
8691,73311189,134631837,207943026,7,0,1,48640,9,3109086164
8692,73312080,93252001,166564081,8,0,0,37888,12,9792494013
8693,73317289,134690546,208007835,4,0,1,25088,12,9692332312
8694,73327229,134680629,208007858,7,0,1,6144,9,9406952542
8695,73328990,92824419,166153409,5,0,0,23552,7,5441235398
8696,73349180,92426341,165775521,5,0,0,14336,7,7210331407
8697,73355240,92240335,165595575,7,0,0,512,9,905860861
8698,73357310,93145325,166502635,0,0,0,39936,14,6672991290
8699,73360350,93114315,166474665,3,0,0,10752,9,9442421266
8700,73370820,93197223,166568043,5,0,0,5632,7,6096603936
8701,73374330,92607142,165981472,5,0,0,27648,7,7901621345
8702,73381520,93268523,166650043,6,0,0,141312,12,5639013080
8703,73385530,134732088,208117618,5,0,1,4096,7,8046418619
8704,73390831,93158361,166549192,2,0,0,46080,12,9040697320
8705,73394660,93178242,166572902,5,0,0,15872,7,3730479744
8706,73400710,93272506,166673216,0,0,0,27648,14,635845092
8707,73404110,134750532,208154642,1,0,1,23552,6,1302691323
8708,73414590,92617878,166032468,4,0,0,8704,12,9828710733
8709,73429810,93299999,166729809,8,0,0,38912,12,10497099402
8710,73431390,93286517,166717907,1,0,0,54272,6,34742720
8711,73434581,92748990,166183571,2,0,0,26112,12,7361470525
8712,73438070,93303478,166741548,5,0,0,38400,7,3362838978
8713,73488750,92939537,166428287,1,0,0,5120,6,301548898
8714,73518660,92523844,166042504,3,0,0,6144,9,5404007807
8715,73526010,93138759,166664769,6,0,0,48128,12,3313384698
8716,73537070,92535382,166072452,0,0,0,7168,14,7726624872
8717,73537890,93266921,166804811,4,0,0,78848,12,1837631912
8718,73553059,134601828,208154887,6,0,1,9216,12,5482917984
8719,73559050,92931394,166490444,0,0,0,51712,14,8954758022
8720,73561950,134640130,208202080,0,0,1,3584,14,9447189199
8721,73582400,92844304,166426704,8,0,0,11264,12,6545148133
8722,73590770,92095521,165686291,0,0,0,6144,14,6723581439
8723,73590870,92944259,166535129,0,0,0,60928,14,8880648774
8724,73592180,134612806,208204986,9,0,1,4608,3,405492543
8725,73608930,134597541,208206471,1,0,1,15360,6,5878067839
8726,73616460,92949828,166566288,6,0,0,7168,12,3838956775
8727,73617270,93356134,166973404,0,0,0,16384,14,10604530324
8728,73629220,92977744,166606964,6,0,0,103936,12,9938427610
8729,73640959,134599874,208240833,7,0,1,512,9,3260552708
8730,73659059,134590114,208249173,6,0,1,5632,12,646103669
8731,73665000,93036263,166701263,3,0,0,67072,9,7201828591
8732,73706599,134641543,208348142,4,0,1,26112,12,2435086052
8733,73707630,92373865,166081495,6,0,0,13312,12,4523004740
8734,73710191,93056136,166766327,2,0,0,17920,12,1118859199
8735,73714540,94054275,167768815,6,0,0,59904,12,2452209203
8736,73715200,93045590,166760790,6,0,0,37376,12,7840846472
8737,73739241,93215865,166955106,2,0,0,22016,12,3085971615
8738,73745560,92806954,166552514,4,0,0,10752,12,6605668823
8739,73746480,93267686,167014166,1,0,0,61440,6,7740735701
8740,73760140,93188212,166948352,5,0,0,119808,7,1213628420
8741,73766320,93145505,166911825,5,0,0,42496,7,6316798965
8742,73768090,92807175,166575265,3,0,0,7680,9,1003549335
8743,73770430,93287897,167058327,1,0,0,47104,6,8375760007
8744,73774110,93269842,167043952,9,0,0,15360,3,1894930950
8745,73783689,134567463,208351152,6,0,1,4608,12,1768387230
8746,73790120,92890615,166680735,4,0,0,24576,12,3630261164
8747,73796630,134554545,208351175,8,0,1,4096,12,10553423045
8748,73800320,134564161,208364481,0,0,1,7680,14,6262629379
8749,73813930,134640295,208454225,8,0,1,36352,12,2436253488
8750,73815221,93083633,166898854,2,0,0,104448,12,9687145443
8751,73816800,94224398,168041198,3,0,0,34304,9,4250990423
8752,73820770,134661519,208482289,1,0,1,9216,6,8257040900
8753,73834010,134665218,208499228,1,0,1,9216,6,1909274495
8754,73837071,93262298,167099369,2,0,0,40960,12,2326985484
8755,73841009,134727337,208568346,4,0,1,17920,12,6589872785
8756,73844189,134888935,208733124,4,0,1,18944,12,2897440941
8757,73848210,93390930,167239140,6,0,0,44544,12,1371079651
8758,73865050,92903172,166768222,0,0,0,6144,14,10059899001
8759,73867940,134912107,208780047,5,0,1,14848,7,4654949487
8760,73876410,92990239,166866649,1,0,0,96256,6,6543881588
8761,73880449,135038019,208918468,6,0,1,21504,12,3542400649
8762,73895890,135047228,208943118,5,0,1,18432,7,6298937468
8763,73896700,135056445,208953145,2,0,1,24064,12,6661572813
8764,73907340,93196896,167104236,3,0,0,15872,9,7459731136
8765,73907670,93060719,166968389,6,0,0,43520,12,6679336222
8766,73908790,93086633,166995423,6,0,0,72192,12,6165698897
8767,73919640,92829739,166749379,3,0,0,25600,9,7922634590
8768,73919821,94237635,168157456,2,0,0,81408,12,434654481
8769,73933860,93238162,167172022,1,0,0,41472,6,1843195307
8770,73950350,93082122,167032472,8,0,0,1024,12,7164234135
8771,73954470,93084733,167039203,6,0,0,22016,12,6011027505
8772,73967360,93306300,167273660,5,0,0,11776,7,6041044250
8773,73975460,135036503,209011963,8,0,1,33280,12,2267532411
8774,73977490,135044932,209022422,2,0,1,1024,12,5438161934
8775,74006810,92860197,166867007,4,0,0,1024,12,808023192
8776,74007130,93124140,167131270,4,0,0,76800,12,9153151792
8777,74018060,135094735,209112795,5,0,1,46080,7,9760306992
8778,74020550,135094191,209114741,2,0,1,3072,12,2797194110
8779,74022930,93009207,167032137,4,0,0,58880,12,2664320039
8780,74023220,93084627,167107847,6,0,0,11776,12,7258646973
8781,74028130,94395561,168423691,9,0,0,18944,3,2621519500
8782,74056760,93308901,167365661,0,0,0,36864,14,922802744
8783,74065760,92997122,167062882,6,0,0,14848,12,3695438310
8784,74068350,93018516,167086866,4,0,0,19456,12,3570869573
8785,74070990,94309701,168380691,9,0,0,57344,3,9008317776
8786,74081960,135040328,209122288,2,0,1,6144,12,1295867951
8787,74084700,93285508,167370208,5,0,0,14848,7,8104790646
8788,74112290,135010021,209122311,0,0,1,1024,14,4317397179
8789,74129430,93524376,167653806,8,0,0,55808,12,8265486394
8790,74133640,134992667,209126307,0,0,1,7680,14,6441599104
8791,74134850,93219556,167354406,0,0,0,63488,14,3471366435
8792,74139350,93348142,167487492,1,0,0,22016,6,1559016308
8793,74141710,93070250,167211960,6,0,0,25600,12,6621728578
8794,74143140,93268736,167411876,9,0,0,58368,3,1093409463
8795,74147590,93985008,168132598,0,0,0,128000,14,2750059576
8796,74150400,93833142,167983542,6,0,0,97280,12,2367079812
8797,74158130,93349511,167507641,7,0,0,55808,9,7132438143
8798,74161730,93353734,167515464,9,0,0,25600,3,9008137261
8799,74175230,94727696,168902926,9,0,0,32256,3,7234125901
8800,74177491,93651594,167829085,2,0,0,170496,12,7260782933
8801,74181370,94425198,168606568,0,0,0,43008,14,1238367568
8802,74198410,93364419,167562829,9,0,0,13824,3,8205410882
8803,74203020,95655651,169858671,3,0,0,3584,9,1978422685
8804,74209340,93710950,167920290,1,0,0,88064,6,1359619911
8805,74211879,134933825,209145704,6,0,1,6144,12,322927103
8806,74221920,94585987,168807907,9,0,0,45568,3,6768374913
8807,74252500,93215272,167467772,3,0,0,21504,9,827862545
8808,74264920,92975212,167240132,0,0,0,2560,14,9158872366
8809,74269940,94749204,169019144,9,0,0,190976,3,5329632141
8810,74271690,93286904,167558594,0,0,0,24576,14,7856351685
8811,74286220,134866269,209152489,5,0,1,20992,7,8353612150
8812,74289850,94105216,168395066,8,0,0,47104,12,5661123584
8813,74295570,93735130,168030700,0,0,0,154624,14,2326260470
8814,74299260,94969809,169269069,8,0,0,70144,12,5946757921
8815,74330940,94113717,168444657,9,0,0,28160,3,3830166278
8816,74333370,93088444,167421814,3,0,0,2048,9,3465783712
8817,74340760,93512083,167852843,0,0,0,77312,14,3093119308
8818,74349080,134804715,209153795,9,0,1,2048,3,10627787864
8819,74350200,93479064,167829264,5,0,0,512,7,2616501610
8820,74350250,94012946,168363196,4,0,0,136704,12,1602172502
8821,74361750,95051925,169413675,4,0,0,44544,12,10530751018
8822,74381170,93569273,167950443,8,0,0,3072,12,10322861061
8823,74391020,93930501,168321521,9,0,0,12288,3,6068515880
8824,74408670,93989539,168398209,3,0,0,10240,9,2242214503
8825,74458070,95307902,169765972,8,0,0,83968,12,5217835892
8826,74474820,94031911,168506731,5,0,0,195584,7,9729884868
8827,74479040,94114401,168593441,5,0,0,55296,7,6548956461
8828,74484460,94295047,168779507,4,0,0,73728,12,3063898858
8829,74488230,93729345,168217575,6,0,0,25600,12,1025242850
8830,74490871,93826883,168317754,2,0,0,77824,12,10148016430
8831,74491190,93602050,168093240,6,0,0,62976,12,6421827318
8832,74515670,93261436,167777106,4,0,0,27136,12,10136889830
8833,74516650,134684627,209201277,5,0,1,14848,7,2261594890
8834,74523030,95557812,170080842,4,0,0,24576,12,3509172856
8835,74537380,93556195,168093575,9,0,0,1024,3,5434094216
8836,74541210,94622521,169163731,5,0,0,13824,7,908191167
8837,74541650,93677508,168219158,8,0,0,5120,12,3567786126
8838,74546330,93729743,168276073,1,0,0,52736,6,550495345
8839,74553290,93993684,168546974,5,0,0,12800,7,5780749142
8840,74573950,94297867,168871817,8,0,0,84480,12,3885345539
8841,74580759,134838278,209419037,7,0,1,23552,9,6590846777
8842,74585059,135010081,209595140,7,0,1,32768,9,7310495626
8843,74590080,135509324,210099404,8,0,1,37888,12,8384164887
8844,74608560,93809328,168417888,9,0,0,64512,3,1776753293
8845,74614700,93933294,168547994,0,0,0,1024,14,154227582
8846,74614890,135490644,210105534,2,0,1,8704,12,1806418256
8847,74621630,95633027,170254657,4,0,0,109568,12,2360935851
8848,74626680,94092956,168719636,9,0,0,139776,3,110757692
8849,74637270,94255805,168893075,6,0,0,26624,12,6488167352
8850,74639010,93797036,168436046,4,0,0,40448,12,6140856256
8851,74639729,135465828,210105557,7,0,1,2560,9,4628225706
8852,74642461,94095184,168737645,2,0,0,512,12,1517134453
8853,74643090,93891811,168534901,8,0,0,7680,12,6951032717
8854,74643780,95673044,170316824,1,0,0,27648,6,4777319244
8855,74644669,135460911,210105580,4,0,1,11264,12,2233827730
8856,74662940,95820461,170483401,3,0,0,73216,9,5665451835
8857,74666221,94071245,168737466,2,0,0,18432,12,315159737
8858,74666630,94430968,169097598,5,0,0,121344,7,4404287422
8859,74667250,135494046,210161296,5,0,1,15872,7,7390952996
8860,74677680,94232843,168910523,5,0,0,13312,7,4117353424
8861,74683711,94099563,168783274,2,0,0,12288,12,3212607968
8862,74684750,96130511,170815261,5,0,0,207360,7,5181097727
8863,74688970,95936241,170625211,9,0,0,139264,3,7865535548
8864,74696290,94463206,169159496,8,0,0,132096,12,9179666000
8865,74713669,135448545,210162214,7,0,1,20992,9,191066285
8866,74713710,94880811,169594521,8,0,0,82432,12,860158465
8867,74717720,95083414,169801134,8,0,0,71680,12,10449317660
8868,74722440,135527031,210249471,0,0,1,4608,14,503885126
8869,74725930,94005897,168731827,3,0,0,39936,9,2100029414
8870,74728411,94028609,168757020,2,0,0,63488,12,1812866931
8871,74736020,135513474,210249494,2,0,1,2048,12,8367842070
8872,74757580,135491937,210249517,9,0,1,3072,3,3051001214
8873,74762020,94591887,169353907,4,0,0,17408,12,9231457445
8874,74770600,96264694,171035294,6,0,0,183296,12,10644738404
8875,74785790,95157873,169943663,7,0,0,97792,9,5641168875
8876,74788200,94054007,168842207,0,0,0,20992,14,762346408
8877,74798831,94153167,168951998,2,0,0,11776,12,1876461689
8878,74811440,94369029,169180469,0,0,0,34304,14,6047362487
8879,74818460,136116364,210934824,3,0,1,121856,9,5707162969
8880,74823810,95346983,170170793,9,0,0,79872,3,2693265086
8881,74829901,95316533,170146434,2,0,0,123904,12,3163928456
8882,74834220,95186661,170020881,1,0,0,5120,6,3081039648
8883,74840400,94329594,169169994,1,0,0,20480,6,1575165048
8884,74847950,136142167,210990117,3,0,1,15872,9,3096801159
8885,74850200,95444357,170294557,9,0,0,105984,3,5296186466
8886,74855470,94946935,169802405,5,0,0,4096,7,3977172734
8887,74858351,94999205,169857556,2,0,0,10752,12,4725156688
8888,74891681,94648386,169540067,2,0,0,4096,12,7358085396
8889,74912940,94406432,169319372,5,0,0,31232,7,4129838467
8890,74920310,94428270,169348580,6,0,0,84992,12,7687705356
8891,74923860,136240920,211164780,0,0,1,10240,14,3250474502
8892,74935950,94597760,169533710,3,0,0,37888,9,3301639596
8893,74942030,94798335,169740365,3,0,0,65024,9,2591346619
8894,74943100,94777096,169720196,3,0,0,99328,9,187542583
8895,74946920,94337304,169284224,3,0,0,49664,9,10200053931
8896,74955850,95398047,170353897,1,0,0,24576,6,3200145255
8897,74960440,136397882,211358322,8,0,1,512,12,10476445431
8898,74961940,94331447,169293387,6,0,0,7680,12,8057059207
8899,74967900,95034271,170002171,5,0,0,178688,7,8222058401
8900,74994110,95417472,170411582,4,0,0,51200,12,739612183
8901,75004350,94906663,169911013,8,0,0,137728,12,1185935408
8902,75012440,136349748,211362188,9,0,1,6144,3,9748142362
8903,75018940,94469359,169488299,8,0,0,35840,12,4168059340
8904,75024360,94889484,169913844,1,0,0,9216,6,6089728728
8905,75028030,95015139,170043169,9,0,0,4608,3,7826122700
8906,75030880,94613106,169643986,8,0,0,102400,12,9260417779
8907,75031430,95511859,170543289,6,0,0,47616,12,2875114322
8908,75034930,94479943,169514873,9,0,0,4608,3,7545862717
8909,75049480,95158799,170208279,4,0,0,100864,12,5259554049
8910,75057790,96071623,171129413,6,0,0,58880,12,8225020315
8911,75064540,94773030,169837570,6,0,0,28672,12,8778555411
8912,75088210,95133040,170221250,0,0,0,42496,14,1107973343
8913,75092080,94512448,169604528,1,0,0,32768,6,3106585590
8914,75093540,136381787,211475327,1,0,1,19968,6,1853325994
8915,75093970,94934283,170028253,1,0,0,1024,6,7952694985
8916,75132221,94714264,169846485,2,0,0,29184,12,10307385459
8917,75132510,94886788,170019298,9,0,0,36352,3,6163149613
8918,75145680,95957722,171103402,6,0,0,139776,12,6613101736
8919,75152500,95532040,170684540,3,0,0,127488,9,8788488697
8920,75154601,94674210,169828811,2,0,0,16896,12,2835363835
8921,75164780,136387580,211552360,1,0,1,3072,6,8076003537
8922,75169100,95527032,170696132,3,0,0,18944,9,10534331299
8923,75177769,136377817,211555586,7,0,1,5120,9,390857882
8924,75179220,95167166,170346386,4,0,0,78848,12,5222407840
8925,75182700,95684269,170866969,9,0,0,45568,3,2768834247
8926,75185059,136458839,211643898,4,0,1,11776,12,1485275251
8927,75202490,96075457,171277947,5,0,0,450560,7,774405608
8928,75206790,96120990,171327780,4,0,0,79360,12,3106132594
8929,75208520,94969004,170177524,3,0,0,22016,9,525679588
8930,75212230,95096078,170308308,3,0,0,45056,9,5614820656
8931,75213280,95200509,170413789,8,0,0,7168,12,4222581081
8932,75224870,95192226,170417096,4,0,0,10752,12,3157183670
8933,75230350,96305688,171536038,1,0,0,134656,6,4050929757
8934,75237480,95019384,170256864,0,0,0,7168,14,9646432246
8935,75264240,95554031,170818271,8,0,0,4096,12,9789855135
8936,75268090,96100099,171368189,8,0,0,109056,12,564648543
8937,75273531,95837919,171111450,2,0,0,22016,12,3902924579
8938,75283421,96410279,171693700,2,0,0,37888,12,4484054121
8939,75301980,95243383,170545363,5,0,0,6656,7,1612422367
8940,75306860,95613943,170920803,8,0,0,67072,12,1569712959
8941,75319040,95497960,170817000,9,0,0,5632,3,1266775529
8942,75350440,95337867,170688307,0,0,0,12288,14,5942747761
8943,75352190,95474774,170826964,8,0,0,21504,12,6005464532
8944,75356669,136287690,211644359,4,0,1,10240,12,4827941671
8945,75366030,96128957,171494987,3,0,0,30720,9,3057720225
8946,75375460,96060001,171435461,9,0,0,95744,3,374444245
8947,75399070,136263747,211662817,9,0,1,9216,3,3462135344
8948,75412090,96357952,171770042,5,0,0,3584,7,8648879747
8949,75420810,96186452,171607262,0,0,0,2048,14,3153810362
8950,75425660,96544427,171970087,4,0,0,24576,12,6179366215
8951,75426210,95634581,171060791,1,0,0,45568,6,9280489273
8952,75447160,95856417,171303577,4,0,0,82944,12,349718222
8953,75453460,95471274,170924734,4,0,0,12800,12,314783020
8954,75484890,95557135,171042025,3,0,0,22016,9,10583787498
8955,75484960,95969096,171454056,5,0,0,60928,7,3790825105
8956,75488721,95358373,170847094,2,0,0,15872,12,8846001659
8957,75527400,136148775,211676175,0,0,1,22528,14,7270906638
8958,75528150,95606278,171134428,1,0,0,16384,6,8588094301
8959,75554920,95298142,170853062,1,0,0,17408,6,10076938783
8960,75558130,95816634,171374764,0,0,0,21504,14,1100752767
8961,75561300,95401791,170963091,0,0,0,44544,14,5515344434
8962,75573370,95704912,171278282,8,0,0,1024,12,8458133987
8963,75578290,95317718,170896008,8,0,0,95232,12,9094789165
8964,75580810,136239384,211820194,5,0,1,5632,7,2104915585
8965,75590030,136746904,212336934,2,0,1,2048,12,1562584151
8966,75591689,136746551,212338240,7,0,1,2048,9,2547019496
8967,75601180,95863295,171464475,3,0,0,1024,9,1038187916
8968,75618120,136721426,212339546,1,0,1,2048,6,4907386759
8969,75629590,95315111,170944701,4,0,0,10240,12,9399829768
8970,75646870,95457849,171104719,4,0,0,4096,12,8220857040
8971,75659790,95387094,171046884,7,0,0,15872,9,8019343640
8972,75660080,96013842,171673922,5,0,0,47104,7,5410076846
8973,75667210,95666232,171333442,6,0,0,15360,12,102729203
8974,75672489,137073910,212746399,6,0,1,55808,12,8529441279
8975,75674540,137095039,212769579,5,0,1,22528,7,1350816328
8976,75688870,96406695,172095565,8,0,0,39424,12,6180940119
8977,75693750,95203225,170896975,0,0,0,3072,14,8277566495
8978,75696750,137105317,212802067,0,0,1,36864,14,3276542625
8979,75709460,95619279,171328739,0,0,0,3072,14,10384039262
8980,75710980,95688189,171399169,7,0,0,61952,9,1509293981
8981,75714220,96127356,171841576,6,0,0,47104,12,1741335955
8982,75718680,95687532,171406212,4,0,0,23040,12,7278163106
8983,75720180,95954701,171674881,8,0,0,3072,12,3320365252
8984,75729310,95734807,171464117,4,0,0,18944,12,6362466100
8985,75754380,95701111,171455491,8,0,0,4608,12,3697064060
8986,75765230,96568424,172333654,0,0,0,79360,14,1927740891
8987,75768720,95994256,171762976,3,0,0,103936,9,9825697547
8988,75784490,95593729,171378219,9,0,0,11264,3,3928497736
8989,75818640,95839636,171658276,0,0,0,82944,14,3965467136
8990,75819500,137063632,212883132,5,0,1,20480,7,837879090
8991,75832430,95625892,171458322,4,0,0,9216,12,7181868691
8992,75834421,95545849,171380270,2,0,0,6656,12,7080788701
8993,75840240,137042915,212883155,0,0,1,2560,14,1177160184
8994,75843850,95491065,171334915,7,0,0,4608,9,7732443646
8995,75847940,95637618,171485558,3,0,0,69120,9,3714302294
8996,75854150,137029028,212883178,9,0,1,2560,3,7740051795
8997,75884680,96137310,172021990,1,0,0,58368,6,10374063713
8998,75890350,96448795,172339145,9,0,0,17920,3,2362586014
8999,75898370,96526884,172425254,8,0,0,33792,12,8158572070
9000,75924320,136988232,212912552,1,0,1,1024,6,7118813134
9001,75926900,95888866,171815766,4,0,0,37888,12,2525069457
9002,75927560,95841367,171768927,5,0,0,19456,7,5734873646
9003,75928550,96380901,172309451,5,0,0,60928,7,4308492069
9004,75929420,96667243,172596663,0,0,0,93696,14,5265080429
9005,75966399,136946176,212912575,6,0,1,12288,12,1868002248
9006,75966760,136953973,212920733,5,0,1,54784,7,5290805360
9007,75967210,95650514,171617724,5,0,0,12288,7,9128723261
9008,75975190,136974996,212950186,1,0,1,5120,6,850539073
9009,76001129,136949080,212950209,6,0,1,5632,12,5264196674
9010,76004350,136964937,212969287,2,0,1,10752,12,111149611
9011,76009610,96456893,172466503,7,0,0,77824,9,3514545783
9012,76016930,95925286,171942216,8,0,0,8704,12,5369474073
9013,76018280,95785919,171804199,7,0,0,27136,9,2859061794
9014,76029490,96154521,172184011,5,0,0,101888,7,8819700630
9015,76030580,95954974,171985554,8,0,0,50688,12,886363197
9016,76039220,95690423,171729643,1,0,0,14336,6,7931871804
9017,76060050,96870266,172930316,3,0,0,274944,9,48606581
9018,76071480,96725630,172797110,5,0,0,94720,7,1260318322
9019,76072200,136948881,213021081,9,0,1,16896,3,9045760991
9020,76083260,96310254,172393514,6,0,0,72704,12,2618527933
9021,76099220,95560327,171659547,1,0,0,4096,6,5842339024
9022,76099530,96018013,172117543,9,0,0,45056,3,6806064677
9023,76102500,96165854,172268354,7,0,0,119296,9,10400783345
9024,76104049,136921083,213025132,7,0,1,8192,9,9733638559
9025,76109290,96502224,172611514,8,0,0,48640,12,681826384
9026,76111790,95705255,171817045,3,0,0,4096,9,6377443849
9027,76116140,96451952,172568092,1,0,0,113152,6,4311443747
9028,76136310,96702833,172839143,1,0,0,98304,6,3430412244
9029,76139229,136887388,213026617,7,0,1,15360,9,5957212787
9030,76142470,96531378,172673848,0,0,0,34816,14,7397579420
9031,76145470,96249783,172395253,5,0,0,5632,7,4015437392
9032,76154080,96815975,172970055,8,0,0,25600,12,5565726840
9033,76166320,96124544,172290864,4,0,0,17920,12,4642757605
9034,76170560,96492657,172663217,4,0,0,62464,12,8001922994
9035,76170880,95791696,171962576,6,0,0,21504,12,4634493903
9036,76175130,95928266,172103396,4,0,0,25600,12,2708121351
9037,76180820,96351756,172532576,6,0,0,16896,12,6941205345
9038,76182960,96808178,172991138,5,0,0,69120,7,4922716334
9039,76184240,96619913,172804153,8,0,0,23040,12,1231265711
9040,76198740,95791361,171990101,1,0,0,14848,6,4394690384
9041,76199930,96568297,172768227,3,0,0,90624,9,5864909338
9042,76200830,96912667,173113497,8,0,0,96256,12,8029773730
9043,76201310,96749777,172951087,4,0,0,68096,12,5994383826
9044,76217610,95625081,171842691,3,0,0,3584,9,3906719207
9045,76219490,97143890,173363380,4,0,0,307200,12,8454069690
9046,76225591,97293087,173518678,2,0,0,104960,12,327729796
9047,76227540,96498076,172725616,9,0,0,17920,3,1404256634
9048,76232240,95894062,172126302,7,0,0,28672,9,5408358144
9049,76247200,96958241,173205441,0,0,0,23040,14,2746408098
9050,76252380,96703254,172955634,0,0,0,14848,14,9863598834
9051,76266350,96580171,172846521,4,0,0,6656,12,9635314046
9052,76269530,96539638,172809168,8,0,0,16384,12,1442747517
9053,76275289,136764572,213039861,6,0,1,10240,12,7082079105
9054,76281170,96004211,172285381,3,0,0,55808,9,3503147478
9055,76297990,95785540,172083530,3,0,0,28160,9,3808463277
9056,76301300,136834299,213135599,9,0,1,44032,3,10711129969
9057,76301771,97086771,173388542,2,0,0,19456,12,5671884914
9058,76307010,97438567,173745577,0,0,0,150016,14,6398265478
9059,76317560,96311591,172629151,3,0,0,3072,9,9042811656
9060,76345380,97452881,173798261,1,0,0,55808,6,1750442959
9061,76346459,136915992,213262451,7,0,1,43008,9,8805550586
9062,76351770,96090998,172442768,5,0,0,30208,7,540024130
9063,76359370,96602862,172962232,8,0,0,14336,12,5580572595
9064,76366970,97015621,173382591,8,0,0,62976,12,9496507291
9065,76377260,96778614,173155874,0,0,0,94720,14,9459516703
9066,76377310,137146396,213523706,0,0,1,8192,14,8268151681
9067,76380100,137143629,213523729,1,0,1,1024,6,4835588237
9068,76384961,97526638,173911599,2,0,0,167936,12,5188505746
9069,76386830,97153233,173540063,1,0,0,9728,6,10384049194
9070,76390690,96723766,173114456,9,0,0,3072,3,10469656514
9071,76396890,137126862,213523752,2,0,1,2560,12,9621881103
9072,76408859,137224909,213633768,6,0,1,28672,12,4037379333
9073,76425221,96581727,173006948,2,0,0,27648,12,6958717166
9074,76427560,96786997,173214557,0,0,0,22528,14,8436539075
9075,76431070,96413400,172844470,7,0,0,17408,9,6499226392
9076,76441919,137745325,214187244,7,0,1,59904,9,4303187169
9077,76453060,97297087,173750147,4,0,0,3584,12,4648240545
9078,76457270,137748677,214205947,0,0,1,7680,14,294594054
9079,76457790,96792636,173250426,5,0,0,29184,7,4759941169
9080,76461701,97398707,173860408,2,0,0,42496,12,8578242332
9081,76464840,97623125,174087965,5,0,0,113664,7,1643544059
9082,76469680,97854682,174324362,8,0,0,21504,12,6758386037
9083,76495540,97948914,174444454,8,0,0,145408,12,248585917
9084,76499810,97278125,173777935,7,0,0,24576,9,7162975516
9085,76509230,137696740,214205970,5,0,1,3584,7,7071707738
9086,76510950,97188896,173699846,5,0,0,114176,7,3790825070
9087,76518911,97459297,173978208,2,0,0,111104,12,8236238273
9088,76525180,96432661,172957841,5,0,0,7168,7,469341512
9089,76528210,96875690,173403900,0,0,0,10240,14,234640786
9090,76528400,137796431,214324831,5,0,1,17408,7,6124861283
9091,76549630,97765014,174314644,1,0,0,10752,6,7277142377
9092,76559830,97757957,174317787,9,0,0,10240,3,1783891756
9093,76561430,96437063,172998493,4,0,0,24064,12,9349076984
9094,76562060,97548126,174110186,0,0,0,14336,14,4202710451
9095,76564830,98013148,174577978,9,0,0,67584,3,8007090739
9096,76572650,96586835,173159485,1,0,0,11776,6,4833322571
9097,76574080,97341153,173915233,9,0,0,1536,3,3024474890
9098,76601210,96585825,173187035,1,0,0,12800,6,1840754720
9099,76606161,97650294,174256455,2,0,0,23040,12,7309871782
9100,76619670,96507321,173126991,3,0,0,18432,9,2018095700
9101,76619700,96464166,173083866,0,0,0,3072,14,9299941343
9102,76626120,97840353,174466473,9,0,0,72192,3,252847037
9103,76639260,97841501,174480761,5,0,0,43520,7,5285684484
9104,76640940,97117662,173758602,4,0,0,27648,12,2156128355
9105,76642800,137786598,214429398,5,0,1,6144,7,4982641932
9106,76649490,98136784,174786274,0,0,0,20480,14,4578759938
9107,76650720,98055727,174706447,5,0,0,54272,7,7960794597
9108,76654230,137775191,214429421,5,0,1,11264,7,4686019246
9109,76667010,96963896,173630906,1,0,0,12288,6,347055559
9110,76667860,96766690,173434550,3,0,0,80896,9,8878344334
9111,76676260,97104974,173781234,0,0,0,10752,14,5352854124
9112,76682730,98211698,174894428,0,0,0,311296,14,740084602
9113,76684340,137762578,214446918,0,0,1,9728,14,1398062150
9114,76686350,97419422,174105772,4,0,0,58368,12,6128907369
9115,76690990,96887950,173578940,9,0,0,1536,3,8565443676
9116,76692029,137825520,214517549,7,0,1,34304,9,7226372685
9117,76693760,97959555,174653315,1,0,0,98304,6,6214180074
9118,76695600,97219142,173914742,8,0,0,10240,12,4815971886
9119,76697010,98083001,174780011,8,0,0,61440,12,4173667465
9120,76701390,97526502,174227892,5,0,0,146944,7,5818749679
9121,76702430,98200803,174903233,3,0,0,3072,9,680245019
9122,76732180,137788595,214520775,0,0,1,5120,14,6962291003
9123,76740110,97550152,174290262,1,0,0,108544,6,4568135455
9124,76752100,96996932,173749032,9,0,0,11264,3,10169575711
9125,76770181,98311216,175081397,2,0,0,108544,12,1578240582
9126,76797910,98321441,175119351,7,0,0,53248,9,9724219065
9127,76802880,97597247,174400127,1,0,0,178688,6,8245982438
9128,76804510,98164573,174969083,6,0,0,43520,12,554659435
9129,76804611,97207662,174012273,2,0,0,1024,12,3230551617
9130,76815879,137878208,214694087,7,0,1,10240,9,1055912644
9131,76817970,137876140,214694110,9,0,1,18944,3,7064259468
9132,76821620,97296389,174118009,0,0,0,25600,14,247229471
9133,76823171,97938074,174761245,2,0,0,119808,12,7843324615
9134,76825669,137881614,214707283,7,0,1,512,9,1328357999
9135,76830950,138089988,214920938,8,0,1,48640,12,1660330428
9136,76834570,97500285,174334855,3,0,0,5632,9,1283926532
9137,76846100,97465245,174311345,1,0,0,69120,6,2811314531
9138,76853129,138068795,214921924,7,0,1,1536,9,3894560898
9139,76859260,97634940,174494200,1,0,0,44032,6,7166128387
9140,76861450,98153430,175014880,5,0,0,18432,7,3036261419
9141,76881530,97675833,174557363,8,0,0,34816,12,5532259181
9142,76892790,97574665,174467455,9,0,0,3072,3,5289657025
9143,76897640,97605163,174502803,7,0,0,28160,9,8608670839
9144,76902080,97327239,174229319,4,0,0,4608,12,6453303742
9145,76906120,97683928,174590048,7,0,0,26624,9,6831689713
9146,76912739,138013051,214925790,6,0,1,6144,12,716559537
9147,76917271,98296153,175213424,2,0,0,29184,12,6256275963
9148,76919280,97770585,174689865,0,0,0,54272,14,3213541020
9149,76923600,97801118,174724718,6,0,0,44032,12,9740621076
9150,76944970,97728336,174673306,7,0,0,65536,9,9876353123
9151,76945910,97600822,174546732,4,0,0,8704,12,6832249170
9152,76947020,97575790,174522810,3,0,0,65536,9,8324714488
9153,76948400,97595657,174544057,9,0,0,69632,3,4386545312
9154,76964190,97835367,174799557,5,0,0,43520,7,9418896549
9155,76965430,97949682,174915112,3,0,0,38912,9,2054241498
9156,76975360,138045956,215021316,2,0,1,33280,12,6677873608
9157,76977320,97924954,174902274,6,0,0,21504,12,9414558698
9158,76998660,138026446,215025106,0,0,1,6656,14,1003153471
9159,77002580,98100524,175103104,0,0,0,71168,14,10157688193
9160,77005800,138302019,215307819,2,0,1,25600,12,10535001212
9161,77005820,97915266,174921086,4,0,0,19456,12,6687561621
9162,77009190,138298652,215307842,0,0,1,2560,14,9531178713
9163,77030000,97944878,174974878,5,0,0,18944,7,8649360217
9164,77037770,98007015,175044785,4,0,0,10240,12,3941433196
9165,77039390,98225136,175264526,5,0,0,6656,7,3640277923
9166,77048770,138259095,215307865,2,0,1,9728,12,4206657157
9167,77050240,97890868,174941108,7,0,0,65536,9,8162684268
9168,77053530,97888693,174942223,9,0,0,3584,3,5447647477
9169,77067010,138346759,215413769,1,0,1,33792,6,6606552892
9170,77072740,138341052,215413792,2,0,1,9216,12,3881022793
9171,77104860,97904381,175009241,8,0,0,29696,12,4175798862
9172,77126680,98126701,175253381,4,0,0,50688,12,3480094287
9173,77126970,98372940,175499910,4,0,0,90112,12,10585172912
9174,77142220,138314766,215456986,5,0,1,20992,7,1280581281
9175,77144551,97751148,174895699,2,0,0,4096,12,2561323762
9176,77146180,138359829,215506009,3,0,1,18944,9,4793614407
9177,77146601,98377847,175524448,2,0,0,42496,12,3422964702
9178,77152911,98214257,175367168,2,0,0,80896,12,8523619828
9179,77154690,98470423,175625113,3,0,0,140800,9,8265138644
9180,77173120,98089355,175262475,8,0,0,20992,12,4593476688
9181,77178510,98359075,175537585,7,0,0,14848,9,4488670084
9182,77206100,98450484,175656584,0,0,0,17920,14,2700112920
9183,77207270,97839254,175046524,4,0,0,5632,12,3657214109
9184,77207570,98532618,175740188,3,0,0,23040,9,5663601908
9185,77207631,97944545,175152176,2,0,0,73216,12,2994070804
9186,77212450,98257616,175470066,9,0,0,47616,3,8736495008
9187,77233010,98583377,175816387,1,0,0,76800,6,182148715
9188,77245940,98265537,175511477,7,0,0,37888,9,10200120458
9189,77248240,98445360,175693600,1,0,0,60928,6,3412445984
9190,77255660,97907927,175163587,4,0,0,37376,12,3687313936
9191,77258740,98522520,175781260,7,0,0,3584,9,9128063619
9192,77262160,98875582,176137742,5,0,0,149504,7,2551481058
9193,77264660,138815490,216080150,2,0,1,14848,12,564406678
9194,77266330,99149840,176416170,7,0,0,175616,9,275484012
9195,77277870,98041270,175319140,3,0,0,11776,9,1326547126
9196,77281310,98441641,175722951,9,0,0,96256,3,6319490710
9197,77284460,98699845,175984305,5,0,0,76800,7,1324228099
9198,77300600,98344504,175645104,0,0,0,65536,14,8283482245
9199,77313990,98141128,175455118,9,0,0,13312,3,5798389203
9200,77318750,97937306,175256056,3,0,0,8704,9,7068393496
9201,77330089,138750084,216080173,6,0,1,4096,12,10263246787
9202,77331490,98401655,175733145,9,0,0,29696,3,5857679382
9203,77335010,138745186,216080196,9,0,1,3072,3,868788618
9204,77336511,98420159,175756670,2,0,0,16896,12,113005103
9205,77336890,138903558,216240448,5,0,1,37888,7,5550688500
9206,77339530,98621352,175960882,6,0,0,171520,12,6944473977
9207,77361920,98177560,175539480,3,0,0,6144,9,733364153
9208,77368260,138971406,216339666,9,0,1,11776,3,9637734966
9209,77368461,98669557,176038018,2,0,0,114176,12,5080395088
9210,77371900,98394298,175766198,6,0,0,17920,12,1659134723
9211,77378390,98453186,175831576,1,0,0,22528,6,10294141054
9212,77382300,98461604,175843904,6,0,0,39936,12,10686377718
9213,77391500,99047024,176438524,6,0,0,42496,12,5887228954
9214,77396630,98254425,175651055,4,0,0,19456,12,8238742873
9215,77416400,98896175,176312575,8,0,0,38400,12,896914888
9216,77425361,99123639,176549000,2,0,0,109568,12,10232030928
9217,77433540,99017487,176451027,9,0,0,40960,3,8675493300
9218,77435121,98706388,176141509,2,0,0,12288,12,2228476030
9219,77439870,98718510,176158380,3,0,0,55296,9,3313429923
9220,77444810,98279264,175724074,9,0,0,3584,3,7851757661
9221,77458760,138967428,216426188,9,0,1,16384,3,3930083832
9222,77461610,98901029,176362639,3,0,0,110080,9,6846861808
9223,77472711,99244045,176716756,2,0,0,99840,12,6847294872
9224,77473100,98985198,176458298,7,0,0,17408,9,7558581431
9225,77479630,99122748,176602378,1,0,0,53248,6,3871100574
9226,77480150,98338331,175818481,9,0,0,3072,3,1858602242
9227,77494810,99150018,176644828,6,0,0,25088,12,74669442
9228,77495060,98834016,176329076,3,0,0,47104,9,4153497840
9229,77496270,98349061,175845331,7,0,0,4608,9,7218330494
9230,77504010,139176632,216680642,9,0,1,15872,3,2362404283
9231,77508110,98720166,176228276,0,0,0,38912,14,10580906503
9232,77509730,99303225,176812955,3,0,0,90624,9,2533939849
9233,77515929,139314435,216830364,4,0,1,21504,12,495778249
9234,77538499,139307667,216846166,4,0,1,14336,12,2621453074
9235,77544590,139407206,216951796,1,0,1,36864,6,8288698246
9236,77544980,100274220,177819200,4,0,0,825856,12,9425799724
9237,77551110,98963722,176514832,9,0,0,67584,3,313741371
9238,77565120,100409980,177975100,4,0,0,140288,12,3841235798
9239,77571870,98853683,176425553,5,0,0,30720,7,1684414620
9240,77577840,99150974,176728814,8,0,0,25600,12,8362804772
9241,77591120,139465843,217056963,8,0,1,19456,12,925018155
9242,77595520,99083632,176679152,1,0,0,49664,6,3591480680
9243,77595750,99148753,176744503,9,0,0,2048,3,5909929928
9244,77607180,139627453,217234633,8,0,1,6656,12,10374940394
9245,77617841,99239758,176857599,2,0,0,60928,12,10158576336
9246,77632340,99231834,176864174,3,0,0,21504,9,4953228923
9247,77648050,99015947,176663997,6,0,0,26624,12,3049939433
9248,77651289,139619249,217270538,7,0,1,6656,9,5672406542
9249,77652350,98897609,176549959,1,0,0,3072,6,9545702228
9250,77661540,99412103,177073643,0,0,0,81920,14,3813586482
9251,77667590,139718617,217386207,5,0,1,20480,7,883330601
9252,77685069,139812768,217497837,7,0,1,512,9,4539142486
9253,77685430,139832109,217517539,2,0,1,17920,12,5883259871
9254,77692660,139824902,217517562,0,0,1,1536,14,4396036655
9255,77696210,99534480,177230690,8,0,0,13312,12,3152693908
9256,77701470,100309726,178011196,1,0,0,26112,6,6495330688
9257,77713600,139803985,217517585,8,0,1,13312,12,9777833405
9258,77717300,99316057,177033357,6,0,0,32256,12,7306183549
9259,77727790,139809965,217537755,9,0,1,2560,3,1973535226
9260,77730690,98955075,176685765,9,0,0,12288,3,5768981280
9261,77733730,98987261,176720991,3,0,0,13824,9,8061642737
9262,77738490,99285016,177023506,9,0,0,76288,3,6065252268
9263,77742300,99589352,177331652,3,0,0,33792,9,7169248426
9264,77743620,99357867,177101487,4,0,0,7168,12,10545316648
9265,77744700,99083566,176828266,1,0,0,50176,6,10599389418
9266,77755630,100631989,178387619,3,0,0,104448,9,1025450490
9267,77757940,99197682,176955622,5,0,0,3584,7,3227299979
9268,77759250,99178726,176937976,4,0,0,23552,12,7690094051
9269,77761500,99382700,177144200,0,0,0,34304,14,7479429312
9270,77766590,99307388,177073978,0,0,0,1024,14,1972923762
9271,77770630,99199092,176969722,9,0,0,5632,3,8025217596
9272,77783340,99420940,177204280,5,0,0,122880,7,1746804453
9273,77785960,99440651,177226611,7,0,0,73216,9,10589815293
9274,77787590,99693735,177481325,0,0,0,64512,14,4330441523
9275,77800421,99454168,177254589,2,0,0,78336,12,8995917715
9276,77823090,99498243,177321333,4,0,0,16384,12,6206170083
9277,77837181,99479137,177316318,2,0,0,74752,12,8963782353
9278,77845519,139692259,217537778,7,0,1,10240,9,7654251843
9279,77852670,99508720,177361390,5,0,0,56320,7,100216855
9280,77861470,100007384,177868854,9,0,0,114688,3,2587943343
9281,77871630,99498860,177370490,4,0,0,11264,12,3565073730
9282,77874070,99578683,177452753,8,0,0,31232,12,6280788522
9283,77889310,100031699,177921009,5,0,0,18432,7,8863568182
9284,77899160,100003707,177902867,5,0,0,105472,7,7354569803
9285,77928330,139623558,217551888,0,0,1,8192,14,498950580
9286,77933540,99900347,177833887,8,0,0,48128,12,7623677830
9287,77950359,139720940,217671299,6,0,1,28672,12,10524557761
9288,77967010,99965323,177932333,5,0,0,19968,7,2035845332
9289,77970321,99548255,177518576,2,0,0,512,12,10102489760
9290,77994271,99572859,177567130,2,0,0,4608,12,6605592345
9291,77999170,99871515,177870685,5,0,0,5632,7,3615076750
9292,78007940,100047863,178055803,7,0,0,59904,9,1482892470
9293,78009000,100139324,178148324,0,0,0,99328,14,7928786633
9294,78013800,100006030,178019830,3,0,0,28160,9,9801009876
9295,78015800,99982146,177997946,0,0,0,74752,14,8993282758
9296,78019610,100098404,178118014,0,0,0,203776,14,8455054090
9297,78023230,140692374,218715604,3,0,1,301568,9,9471987444
9298,78025060,99978134,178003194,4,0,0,2560,12,3019931593
9299,78027529,140716574,218744103,7,0,1,6656,9,6092986429
9300,78033720,99891212,177924932,4,0,0,12800,12,1100933476
9301,78034350,99891876,177926226,7,0,0,4096,9,2003306316
9302,78060800,99854570,177915370,5,0,0,40960,7,4060186267
9303,78063850,140705800,218769650,0,0,1,27136,14,1370238977
9304,78066820,100094506,178161326,8,0,0,40448,12,4396721807
9305,78073939,140697977,218771916,7,0,1,3584,9,9976725801
9306,78074341,99963148,178037489,2,0,0,57856,12,10581044949
9307,78078620,100277152,178355772,8,0,0,110592,12,543947809
9308,78091660,99910723,178002383,5,0,0,14336,7,9919779270
9309,78098220,100346141,178444361,9,0,0,80896,3,7334196069
9310,78105960,100493708,178599668,6,0,0,165376,12,1682437695
9311,78107170,140793619,218900789,9,0,1,26112,3,4889688500
9312,78107501,100041478,178148979,2,0,0,2048,12,975287326
9313,78109570,100431662,178541232,4,0,0,79872,12,2855310693
9314,78122970,140777842,218900812,1,0,1,3584,6,6705013634
9315,78124319,140776516,218900835,7,0,1,4096,9,623673625
9316,78144790,100554441,178699231,8,0,0,34816,12,394621113
9317,78147640,100657420,178805060,5,0,0,25600,7,1947685543
9318,78153920,141223866,219377786,5,0,1,47616,7,5529719015
9319,78180780,100052543,178233323,4,0,0,20480,12,5087659792
9320,78183820,100118324,178302144,7,0,0,54272,9,6376628956
9321,78198780,100220910,178419690,3,0,0,46592,9,7284362725
9322,78207690,100416117,178623807,8,0,0,19456,12,9261162403
9323,78209860,100534212,178744072,0,0,0,83456,14,4381165616
9324,78220810,141158282,219379092,2,0,1,2048,12,10175022789
9325,78222290,100294054,178516344,9,0,0,81408,3,7733206191
9326,78235550,141144208,219379758,9,0,1,1024,3,10128071823
9327,78240460,141255634,219496094,8,0,1,57344,12,10082732832
9328,78242780,100644357,178887137,9,0,0,72704,3,7690008367
9329,78243200,100207291,178450491,0,0,0,16384,14,7788457301
9330,78253280,141343331,219596611,0,0,1,14848,14,7101847876
9331,78254220,100371201,178625421,4,0,0,5120,12,139803775
9332,78259989,141337595,219597584,6,0,1,12800,12,1631571134
9333,78266420,100055633,178322053,8,0,0,60416,12,2119532135
9334,78268610,100482973,178751583,5,0,0,24576,7,7427355307
9335,78271380,100544648,178816028,1,0,0,23040,6,2815527411
9336,78283540,100108626,178392166,4,0,0,14848,12,3732867235
9337,78283880,100333976,178617856,7,0,0,9216,9,1924458115
9338,78284670,141350620,219635290,9,0,1,4096,3,1736293116
9339,78296430,100422191,178718621,3,0,0,56832,9,7012198404
9340,78296601,100336275,178632876,2,0,0,14848,12,7949097250
9341,78305961,100139515,178445476,2,0,0,3584,12,7728233662
9342,78307121,100307904,178615025,2,0,0,34816,12,5307400246
9343,78315000,100549328,178864328,9,0,0,53760,3,7973783166
9344,78328030,100143811,178471841,6,0,0,24064,12,1702750989
9345,78341000,100589331,178930331,6,0,0,31232,12,71100655
9346,78362640,100646797,179009437,8,0,0,23040,12,10299409579
9347,78363850,100529417,178893267,9,0,0,19968,3,7982113486
9348,78364500,100091006,178455506,6,0,0,16384,12,373718413
9349,78373430,141261911,219635341,5,0,1,6144,7,3989863772
9350,78375320,100227647,178602967,9,0,0,10752,3,9424004417
9351,78379900,100600882,178980782,4,0,0,51712,12,1575666043
9352,78407600,100350870,178758470,8,0,0,22528,12,7261692366
9353,78409450,100217396,178626846,7,0,0,3072,9,9498422666
9354,78416160,100188234,178604394,9,0,0,4608,3,8097447955
9355,78429790,100478788,178908578,5,0,0,50176,7,3163483980
9356,78434649,141208738,219643387,7,0,1,12800,9,9078849360
9357,78435119,141210534,219645653,6,0,1,3584,12,9949519232
9358,78447600,100321501,178769101,7,0,0,34816,9,10672430812
9359,78453410,141196455,219649865,5,0,1,6656,7,10646307856
9360,78464760,100573460,179038220,1,0,0,42496,6,8817903269
9361,78473390,100664406,179137796,3,0,0,69632,9,8221773122
9362,78485560,100215722,178701282,3,0,0,6656,9,1903598451
9363,78492470,141159341,219651811,8,0,1,3072,12,7982869569
9364,78493380,100575382,179068762,7,0,0,10752,9,9277521804
9365,78496459,141156338,219652797,6,0,1,1536,12,6100934625
9366,78497200,100326412,178823612,8,0,0,2560,12,782746081
9367,78498990,100421779,178920769,3,0,0,39936,9,5666942714
9368,78513210,100444581,178957791,7,0,0,78336,9,6451447543
9369,78520890,100553846,179074736,6,0,0,19456,12,10108141763
9370,78537770,100527670,179065440,1,0,0,72704,6,5511515098
9371,78544861,100930931,179475792,2,0,0,94208,12,9558962092
9372,78549350,100669847,179219197,9,0,0,28672,3,10569114792
9373,78554080,100488063,179042143,7,0,0,12800,9,2573883367
9374,78574880,143191980,221766860,3,0,1,1068544,9,5720883905
9375,78584820,101418228,180003048,1,0,0,24064,6,7156875066
9376,78614380,143153466,221767846,1,0,1,1536,6,9911598591
9377,78615081,101206011,179821092,2,0,0,11776,12,4090914985
9378,78630291,101295670,179925961,2,0,0,24064,12,10579072238
9379,78647050,101065215,179712265,4,0,0,99840,12,4265547865
9380,78653500,100700659,179354159,9,0,0,29696,3,452806791
9381,78667169,143130296,221797465,7,0,1,17920,9,5097161243
9382,78673820,100805895,179479715,7,0,0,12800,9,8428159206
9383,78674870,100486770,179161640,4,0,0,11776,12,1343091896
9384,78676329,143122416,221798745,6,0,1,14336,12,2161734070
9385,78678701,100666364,179345065,2,0,0,62976,12,1940761824
9386,78694919,143190133,221885052,7,0,1,32256,9,3993942047
9387,78712600,100547308,179259908,1,0,0,27136,6,807379435
9388,78732010,100886374,179618384,6,0,0,99840,12,6841312398
9389,78733060,100781067,179514127,3,0,0,10240,9,5942956250
9390,78736450,101488497,180224947,9,0,0,37376,3,10464039275
9391,78756410,101116364,179872774,3,0,0,161792,9,9771835271
9392,78765400,100681545,179446945,0,0,0,37888,14,2208003238
9393,78767000,101129548,179896548,3,0,0,33280,9,2627926204
9394,78767620,100739549,179507169,1,0,0,12800,6,4083600997
9395,78769710,101047771,179817481,0,0,0,301056,14,2635054347
9396,78773441,100859456,179632897,2,0,0,12288,12,8711645919
9397,78785140,101300925,180086065,3,0,0,83968,9,146449
9398,78789540,100692694,179482234,3,0,0,8192,9,517014835
9399,78790440,101423096,180213536,7,0,0,95744,9,10345653500
9400,78794700,143090375,221885075,2,0,1,13312,12,1811524859
9401,78797880,101120718,179918598,6,0,0,38400,12,4935586762
9402,78814410,100541176,179355586,6,0,0,4608,12,9615435590
9403,78819450,101564854,180384304,5,0,0,137728,7,7941825135
9404,78832490,101265298,180097788,8,0,0,38400,12,6273726424
9405,78834190,101320065,180154255,8,0,0,31232,12,1292067806
9406,78838760,100984695,179823455,3,0,0,7680,9,4215390671
9407,78840361,100786314,179626675,2,0,0,27136,12,4106740981
9408,78857340,101049527,179906867,0,0,0,33792,14,8711826794
9409,78862460,143025157,221887617,1,0,1,30720,6,4547731243
9410,78864131,101569965,180434096,2,0,0,56320,12,4415301181
9411,78871950,100844238,179716188,5,0,0,12800,7,10067952165
9412,78874210,143013430,221887640,2,0,1,18944,12,10106332580
9413,78883660,101624471,180508131,4,0,0,4608,12,5222597162
9414,78890660,101169798,180060458,7,0,0,118272,9,1483008365
9415,78893120,100993265,179886385,6,0,0,44544,12,5696190679
9416,78894870,101079020,179973890,0,0,0,512,14,3314710041
9417,78901220,101345153,180246373,9,0,0,18432,3,6707495914
9418,78911220,101084473,179995693,8,0,0,61440,12,9318474367
9419,78916790,100808940,179725730,6,0,0,15872,12,3102879801
9420,78917080,101647566,180564646,9,0,0,16384,3,1173084217
9421,78933351,101729467,180662818,2,0,0,174080,12,3257612638
9422,78935200,101376413,180311613,7,0,0,72192,9,7285138487
9423,78940230,101514789,180455019,9,0,0,16896,3,1330372000
9424,78941440,101884841,180826281,6,0,0,74240,12,5930915406
9425,78943070,142944593,221887663,1,0,1,25600,6,1774195491
9426,78947910,101150392,180098302,6,0,0,1024,12,3267694475
9427,78951810,101923144,180874954,6,0,0,51712,12,3174054374
9428,78962340,142925346,221887686,5,0,1,8192,7,2663944611
9429,78962780,101431687,180394467,7,0,0,33280,9,2001706886
9430,78965750,101323844,180289594,0,0,0,86016,14,3509340009
9431,78967960,101130007,180097967,3,0,0,512,9,5172873579
9432,78969340,102023133,180992473,6,0,0,47616,12,278243500
9433,78974020,101266714,180240734,1,0,0,51712,6,9372879156
9434,78974520,101710005,180684525,9,0,0,71168,3,6421896503
9435,78980870,101782606,180763476,5,0,0,49152,7,8719636245
9436,78988740,142902272,221891012,1,0,1,512,6,2324388270
9437,79004040,142906815,221910855,5,0,1,37888,7,3771445685
9438,79004660,101929917,180934577,1,0,0,66560,6,9019025037
9439,79009470,101466595,180476065,9,0,0,10240,3,6452409157
9440,79020060,142890818,221910878,0,0,1,15360,14,699332946
9441,79025700,142886487,221912187,5,0,1,10752,7,10179570074
9442,79031150,101227258,180258408,3,0,0,39424,9,1669563941
9443,79051530,143086999,222138529,3,0,1,126976,9,6979504856
9444,79054410,101258630,180313040,1,0,0,4608,6,3565922884
9445,79066650,101736988,180803638,9,0,0,54272,3,2311660839
9446,79068590,143079414,222148004,8,0,1,5632,12,5685792866
9447,79072010,101894156,180966166,6,0,0,1024,12,9229875872
9448,79083050,101627908,180710958,8,0,0,37376,12,965334965
9449,79088180,101818911,180907091,8,0,0,17408,12,5304816194
9450,79095520,143052507,222148027,5,0,1,5120,7,6990323621
9451,79096760,143051290,222148050,0,0,1,1024,14,5001704195
9452,79098551,101634208,180732759,2,0,0,8704,12,8125228947
9453,79103260,143044813,222148073,2,0,1,12288,12,8107430795
9454,79116400,101834424,180950824,8,0,0,53248,12,3540240340
9455,79117570,101897383,181014953,5,0,0,17408,7,5839958629
9456,79125840,101560580,180686420,1,0,0,6144,6,9690850926
9457,79126540,101881314,181007854,4,0,0,41472,12,7422315209
9458,79131581,101470529,180602110,2,0,0,13312,12,3295785766
9459,79133790,101423477,180557267,6,0,0,13824,12,5926107651
9460,79136810,102173594,181310404,8,0,0,130048,12,9391884960
9461,79139550,101585903,180725453,6,0,0,7168,12,2180891505
9462,79161330,101538217,180699547,3,0,0,43008,9,9239808347
9463,79165630,101800201,180965831,3,0,0,49152,9,6643517592
9464,79173540,102158415,181331955,5,0,0,70656,7,3437775249
9465,79181070,101655842,180836912,0,0,0,34816,14,8603610115
9466,79182390,101543242,180725632,8,0,0,512,12,8267077482
9467,79186951,101561526,180748477,2,0,0,20480,12,7480163071
9468,79187689,142960407,222148096,6,0,1,20992,12,2557721323
9469,79196490,142982430,222178920,2,0,1,14848,12,6421278150
9470,79198160,101768809,180966969,9,0,0,2560,3,4503234979
9471,79204460,102235414,181439874,5,0,0,165376,7,5082630098
9472,79211950,101647225,180859175,9,0,0,51712,3,9335103816
9473,79215410,102297150,181512560,1,0,0,56832,6,4580631615
9474,79216971,101663466,180880437,2,0,0,17920,12,4261622587
9475,79254230,101965093,181219323,5,0,0,14336,7,3100405165
9476,79262160,101872528,181134688,6,0,0,58368,12,8956534701
9477,79273780,102180789,181454569,7,0,0,48128,9,8137135311
9478,79292260,101746831,181039091,0,0,0,14848,14,972970053
9479,79294250,102086454,181380704,0,0,0,32768,14,4777520273
9480,79305970,102288494,181594464,6,0,0,61952,12,3493753051
9481,79311620,102183601,181495221,1,0,0,61952,6,5578852879
9482,79317160,101651392,180968552,9,0,0,5120,3,5741083945
9483,79328930,142854229,222183159,5,0,1,2560,7,4819387085
9484,79336650,102020600,181357250,1,0,0,82944,6,1472180652
9485,79343740,102263899,181607639,9,0,0,27648,3,6611816878
9486,79345950,142962610,222308560,9,0,1,49152,3,7318227682
9487,79346000,102372011,181718011,7,0,0,39936,9,4030380514
9488,79348360,102541684,181890044,7,0,0,65024,9,8428520399
9489,79357299,143181515,222538814,6,0,1,38912,12,8204093900
9490,79358000,102103924,181461924,1,0,0,24064,6,3546142405
9491,79372950,102394930,181767880,6,0,0,74752,12,9795669282
9492,79398880,101871831,181270711,7,0,0,72192,9,4204984089
9493,79400120,101989343,181389463,6,0,0,28672,12,3720850852
9494,79401520,102074802,181476322,8,0,0,17408,12,7237689121
9495,79403760,102543076,181946836,6,0,0,48640,12,801514840
9496,79413151,102703189,182116340,2,0,0,59392,12,1639785386
9497,79415849,143122988,222538837,7,0,1,11776,9,5737491834
9498,79416750,102138857,181555607,4,0,0,25088,12,5173579585
9499,79420220,102324861,181745081,8,0,0,15872,12,6774028502
9500,79422980,102415011,181837991,1,0,0,57344,6,691758454
9501,79431121,102039874,181470995,2,0,0,29696,12,10722758212
9502,79439130,143179855,222618985,0,0,1,6656,14,4112536413
9503,79442110,101928579,181370689,8,0,0,44032,12,5475268637
9504,79454440,102516177,181970617,4,0,0,54272,12,4352941933
9505,79460030,102431958,181891988,6,0,0,2048,12,9333284237
9506,79463540,102586667,182050207,7,0,0,86016,9,4029588350
9507,79477970,102424067,181902037,4,0,0,11264,12,8142507676
9508,79494540,102366161,181860701,5,0,0,25600,7,3584305911
9509,79505130,102028063,181533193,7,0,0,12800,9,2626848800
9510,79515230,102438828,181954058,3,0,0,5632,9,4615305020
9511,79524380,143094628,222619008,5,0,1,1024,7,3680541139
9512,79530950,102247428,181778378,7,0,0,33792,9,6116921945
9513,79539620,143081755,222621375,2,0,1,23552,12,3099422715
9514,79542180,102718326,182260506,7,0,0,17920,9,4485139326
9515,79546450,102405869,181952319,8,0,0,17920,12,10404810483
9516,79546750,102698091,182244841,4,0,0,114176,12,1475115826
9517,79550950,102251433,181802383,5,0,0,9728,7,9913122390
9518,79552810,102130806,181683616,3,0,0,10240,9,9929655871
9519,79555850,102212209,181768059,9,0,0,512,3,7950784981
9520,79557711,102161259,181718970,2,0,0,3072,12,10471742974
9521,79559820,102533060,182092880,8,0,0,22016,12,4839990230
9522,79572200,102488950,182061150,4,0,0,35840,12,172953516
9523,79577870,102092699,181670569,0,0,0,3584,14,9455465093
9524,79580350,143057781,222638131,0,0,1,3584,14,8530221806
9525,79587850,102225577,181813427,4,0,0,27136,12,1912997981
9526,79594950,102825152,182420102,5,0,0,44032,7,7104409838
9527,79596430,102525751,182122181,0,0,0,18944,14,3484349427
9528,79604560,102708112,182312672,9,0,0,5120,3,900173790
9529,79622821,102627815,182250636,2,0,0,18944,12,686063526
9530,79629200,102678986,182308186,7,0,0,53760,9,8422126671
9531,79639380,102690828,182330208,0,0,0,3584,14,10438978225
9532,79649550,102427535,182077085,4,0,0,52224,12,9090184033
9533,79668200,102355776,182023976,8,0,0,49664,12,159446721
9534,79670280,142985221,222655501,0,0,1,10752,14,5647950133
9535,79680270,102818138,182498408,8,0,0,25600,12,6521770127
9536,79684300,102644740,182329040,7,0,0,33280,9,5427377822
9537,79689710,103016368,182706078,4,0,0,51200,12,5009626048
9538,79693610,142961914,222655524,9,0,1,4608,3,3788404180
9539,79708620,102891681,182600301,3,0,0,138752,9,7452168967
9540,79709270,102432832,182142102,1,0,0,4608,6,260096339
9541,79710509,143005374,222715883,4,0,1,1536,12,8953397988
9542,79720259,142995647,222715906,6,0,1,7168,12,1559748847
9543,79740761,102469269,182210030,2,0,0,102912,12,9688696450
9544,79748141,102995831,182743972,2,0,0,98816,12,7043014575
9545,79748710,143204300,222953010,0,0,1,48640,14,3442811831
9546,79750740,102759726,182510466,3,0,0,32256,9,2339117627
9547,79753520,102737065,182490585,9,0,0,98304,3,10607132614
9548,79776660,102487932,182264592,3,0,0,12288,9,4163049309
9549,79778500,143244097,223022597,9,0,1,1536,3,7728937768
9550,79779720,102680890,182460610,3,0,0,22016,9,2674490459
9551,79798730,102989479,182788209,8,0,0,69632,12,9554108484
9552,79813180,102687435,182500615,9,0,0,7168,3,2441113299
9553,79814039,143208904,223022943,8,0,1,512,12,9526296241
9554,79815550,102874905,182690455,7,0,0,47616,9,7275373894
9555,79825110,102850814,182675924,7,0,0,97280,9,7690694312
9556,79855830,103041297,182897127,5,0,0,32768,7,8872541276
9557,79874350,103297267,183171617,9,0,0,113664,3,5980575472
9558,79891990,103230947,183122937,4,0,0,61952,12,6444000069
9559,79909340,102920000,182829340,6,0,0,118784,12,10443329227
9560,79921440,143102169,223023609,8,0,1,11264,12,9712130697
9561,79933410,102712851,182646261,5,0,0,47616,7,8746521233
9562,79933839,143093316,223027155,6,0,1,5632,12,6890832106
9563,79935790,143139451,223075241,2,0,1,13824,12,1854706363
9564,79936110,102911996,182848106,9,0,0,22016,3,9237935999
9565,79939490,103255706,183195196,0,0,0,77312,14,5107027962
9566,79939950,103032064,182972014,4,0,0,97792,12,584735886
9567,79946110,143185748,223131858,8,0,1,12288,12,4114680498
9568,79947030,103041298,182988328,0,0,0,8192,14,7244994862
9569,79952220,103314672,183266892,1,0,0,24064,6,10481936021
9570,79956750,102884625,182841375,1,0,0,39424,6,3148497998
9571,79963310,103331281,183294591,1,0,0,39424,6,4540520002
9572,79966220,143252517,223218737,8,0,1,4096,12,10182000435
9573,79970010,143252593,223222603,0,0,1,6144,14,10409355172
9574,79994160,103039593,183033753,9,0,0,36864,3,7458285958
9575,80003041,102920200,182923241,2,0,0,61952,12,3883758053
9576,80004190,143219399,223223589,2,0,1,1536,12,2415964150
9577,80005171,103276509,183281680,2,0,0,20992,12,4853017905
9578,80011130,103190641,183201771,9,0,0,21504,3,7150262908
9579,80013860,104041082,184054942,8,0,0,858112,12,7468842654
9580,80015821,103232367,183248188,2,0,0,52224,12,10585154394
9581,80024290,103557365,183581655,6,0,0,16896,12,2541265016
9582,80029970,103523542,183553512,4,0,0,16896,12,7090038434
9583,80030870,104231396,184262266,5,0,0,87040,7,73013307
9584,80033511,104122790,184156301,2,0,0,80384,12,2648494446
9585,80033910,103285750,183319660,4,0,0,2560,12,989090283
9586,80042910,104258457,184301367,4,0,0,55296,12,1067221186
9587,80059200,103455879,183515079,1,0,0,35328,6,8501909876
9588,80071390,104052417,184123807,3,0,0,12800,9,5273294240
9589,80086170,103364451,183450621,5,0,0,4608,7,2346461754
9590,80095169,143129086,223224255,7,0,1,1024,9,5572403513
9591,80107010,103996159,184103169,9,0,0,158208,3,9364348252
9592,80123370,103527397,183650767,6,0,0,19968,12,4821223730
9593,80127090,103458020,183585110,7,0,0,11264,9,5532912661
9594,80138810,143104503,223243313,9,0,1,4608,3,5489701270
9595,80145790,103608243,183754033,4,0,0,55296,12,3996420327
9596,80152570,103584166,183736736,4,0,0,33792,12,4766591091
9597,80153260,104018086,184171346,6,0,0,3584,12,9353535407
9598,80165940,103965846,184131786,9,0,0,26112,3,6875230771
9599,80172080,104152174,184324254,4,0,0,11264,12,4265049823
9600,80179351,103519682,183699033,2,0,0,31232,12,9772638715
9601,80187760,143240605,223428365,1,0,1,50688,6,3971509101
9602,80198250,103921634,184119884,6,0,0,54784,12,8660974201
9603,80200810,104031693,184232503,0,0,0,147456,14,8155440706
9604,80203150,103966590,184169740,9,0,0,44032,3,7065748249
9605,80217730,103258975,183476705,7,0,0,8704,9,10635397384
9606,80220490,103949741,184170231,9,0,0,1536,3,2585998803
9607,80226710,103948091,184174801,8,0,0,11264,12,6652533682
9608,80229790,104054690,184284480,9,0,0,72704,3,3570810669
9609,80232640,143197671,223430311,8,0,1,3072,12,4709692459
9610,80232680,143217061,223449741,1,0,1,18944,6,8240712270
9611,80248979,143346928,223595907,6,0,1,2048,12,10579682246
9612,80266370,103921090,184187460,0,0,0,41472,14,9731219936
9613,80269649,143415879,223685528,7,0,1,24064,9,6345221111
9614,80269720,104290500,184560220,3,0,0,168448,9,7315081075
9615,80276170,104536773,184812943,6,0,0,148992,12,8834765959
9616,80296790,103938700,184235490,1,0,0,9728,6,626039284
9617,80298140,103937575,184235715,5,0,0,512,7,10644008205
9618,80300781,104020018,184320799,2,0,0,45056,12,4768655157
9619,80301050,104175286,184476336,1,0,0,11776,6,6077955419
9620,80301161,104198278,184499439,2,0,0,40448,12,1581119470
9621,80301630,143388084,223689714,2,0,1,6656,12,408843474
9622,80302610,104584070,184886680,8,0,0,15360,12,9893723348
9623,80303830,143507733,223811563,8,0,1,30720,12,6520574785
9624,80310520,104398365,184708885,0,0,0,11776,14,3941034415
9625,80324670,104377036,184701706,4,0,0,30720,12,7417805244
9626,80328480,104510249,184838729,1,0,0,64512,6,4018096525
9627,80332240,143718295,224050535,2,0,1,18944,12,4335111782
9628,80341590,103962582,184304172,3,0,0,6656,9,8841590124
9629,80348550,104296131,184644681,7,0,0,12288,9,10291854928
9630,80350630,104341693,184692323,5,0,0,19968,7,8644516428
9631,80350880,104531020,184881900,6,0,0,85504,12,1356482166
9632,80354460,103979377,184333837,5,0,0,1024,7,7170196561
9633,80376279,143784108,224160387,6,0,1,20480,12,1221445093
9634,80391921,104080781,184472702,2,0,0,78336,12,10289849875
9635,80410690,104038121,184448811,5,0,0,20480,7,8340701992
9636,80412190,104164342,184576532,9,0,0,33280,3,6709054703
9637,80440830,143786580,224227410,9,0,1,12288,3,5209541327
9638,80446500,104321024,184767524,8,0,0,98304,12,698221968
9639,80452020,104367030,184819050,4,0,0,19968,12,973012411
9640,80461230,104529750,184990980,4,0,0,55296,12,10585030596
9641,80469410,104096784,184566194,4,0,0,19456,12,1239918024
9642,80473350,104382475,184855825,7,0,0,55808,9,6075208732
9643,80483650,104437240,184920890,6,0,0,40960,12,7263790829
9644,80491430,144734234,225225664,3,0,1,328704,9,6859862491
9645,80521110,104568303,185089413,1,0,0,107520,6,201116096
9646,80527761,104409279,184937040,2,0,0,49664,12,9755152541
9647,80553280,104561162,185114442,9,0,0,56320,3,6176604655
9648,80570210,104556446,185126656,0,0,0,17408,14,7418617637
9649,80575300,104314991,184890291,7,0,0,11776,9,9421506951
9650,80576150,144820962,225397112,2,0,1,24576,12,6939409082
9651,80600810,104670144,185270954,7,0,0,22528,9,1081962723
9652,80626530,104516841,185143371,8,0,0,54784,12,8977662517
9653,80630820,104324189,184955009,9,0,0,45056,3,6901698641
9654,80655730,104237528,184893258,9,0,0,2048,3,292406228
9655,80680390,144734227,225414617,8,0,1,512,12,10159888952
9656,80686830,144779297,225466127,9,0,1,67584,3,346836966
9657,80694650,144969095,225663745,9,0,1,76800,3,10138375582
9658,80698879,144964889,225663768,7,0,1,9728,9,9269803768
9659,80704840,104392419,185097259,3,0,0,25600,9,1413723675
9660,80709530,144974149,225683679,1,0,1,16896,6,5982168544
9661,80715390,104341240,185056630,1,0,0,58368,6,8351307621
9662,80716000,104405329,185121329,8,0,0,22528,12,155523476
9663,80727010,104537057,185264067,3,0,0,12288,9,9928703576
9664,80732930,104472657,185205587,7,0,0,79872,9,9622002439
9665,80739491,104514546,185254037,2,0,0,121856,12,4799922047
9666,80740600,104689751,185430351,8,0,0,125952,12,4053325817
9667,80741930,104439298,185181228,0,0,0,27136,14,7291347629
9668,80743389,144941276,225684665,7,0,1,1536,9,3938237089
9669,80748410,104511890,185260300,1,0,0,20480,6,7385310228
9670,80756000,105146212,185902212,9,0,0,49664,3,3396154240
9671,80782260,104545487,185327747,3,0,0,45056,9,10538384781
9672,80783040,105041407,185824447,0,0,0,109568,14,1551208838
9673,80811910,104469263,185281173,7,0,0,4096,9,6516220977
9674,80823830,144861501,225685331,2,0,1,11264,12,4456891661
9675,80824760,104384339,185209099,0,0,0,10240,14,2674490725
9676,80825410,146636780,227462190,3,0,1,1422848,9,6979396275
9677,80827970,104930578,185758548,1,0,0,32256,6,6340077902
9678,80838241,104608748,185446989,2,0,0,6656,12,5167113989
9679,80842010,104665803,185507813,9,0,0,80384,3,4573255269
9680,80853810,105167988,186021798,0,0,0,184320,14,1160845587
9681,80873040,105446368,186319408,6,0,0,12288,12,3465375632
9682,80881709,146625122,227506831,7,0,1,11264,9,7817379462
9683,80883390,104581432,185464822,3,0,0,4096,9,5184019868
9684,80884399,146622455,227506854,4,0,1,20480,12,8793249641
9685,80885530,105054528,185940058,4,0,0,70656,12,4889447861
9686,80892480,104944470,185836950,8,0,0,40960,12,7716440742
9687,80910310,146596567,227506877,3,0,1,20992,9,2277987697
9688,80910350,104633469,185543819,5,0,0,20992,7,10636568549
9689,80918191,105040165,185958356,2,0,0,40960,12,2695664836
9690,80924560,105114862,186039422,1,0,0,4096,6,8833181029
9691,80936840,105718780,186655620,7,0,0,18432,9,1708818930
9692,80943810,104741492,185685302,1,0,0,3584,6,4482100595
9693,80951240,104684097,185635337,1,0,0,7680,6,6134528485
9694,80958990,104731988,185690978,1,0,0,2048,6,5536401245
9695,80979920,105381225,186361145,5,0,0,10240,7,3791713534
9696,80997970,146557506,227555476,9,0,1,58368,3,2480493421
9697,81002110,105022363,186024473,1,0,0,8704,6,1314132900
9698,81004710,104882339,185887049,0,0,0,164352,14,9121187634
9699,81028700,104935139,185963839,5,0,0,17920,7,2488188366
9700,81033870,105449895,186483765,6,0,0,49664,12,8911584314
9701,81070340,105285283,186355623,3,0,0,118784,9,6168385256
9702,81073550,105751216,186824766,4,0,0,345600,12,7318115111
9703,81077020,146502375,227579395,0,0,1,2560,14,9993958251
9704,81084301,105764379,186848680,2,0,0,75776,12,6867305024
9705,81098491,105294033,186392524,2,0,0,102912,12,10024234151
9706,81103820,105916621,187020441,8,0,0,137728,12,763579168
9707,81111560,105061418,186172978,8,0,0,56320,12,1338083787
9708,81116610,105483338,186599948,6,0,0,11264,12,1620239280
9709,81126999,146452419,227579418,6,0,1,1024,12,8101835429
9710,81136000,105399723,186535723,6,0,0,40448,12,7900952894
9711,81138290,105017505,186155795,8,0,0,29184,12,7427049065
9712,81141310,105275916,186417226,6,0,0,23552,12,1511838158
9713,81145510,104800343,185945853,6,0,0,18944,12,1619179146
9714,81147421,105732864,186880285,2,0,0,46592,12,1535077798
9715,81169020,105065071,186234091,4,0,0,12800,12,5158262279
9716,81175040,146410409,227585449,1,0,1,13824,6,5363292133
9717,81184991,105793455,186978446,2,0,0,20992,12,5158483900
9718,81186060,105509109,186695169,1,0,0,102912,6,8761570241
9719,81195150,105500354,186695504,1,0,0,1024,6,6845772643
9720,81217990,104693449,185911439,9,0,0,30208,3,3344202242
9721,81230590,104883641,186114231,1,0,0,25088,6,8227503353
9722,81243810,105728038,186971848,7,0,0,54784,9,9801955346
9723,81247930,105162089,186410019,8,0,0,57344,12,8887208268
9724,81266240,105248459,186514699,4,0,0,79360,12,7483053433
9725,81267140,105621280,186888420,6,0,0,26624,12,8650930509
9726,81274230,146322817,227597047,2,0,1,38912,12,8810070608
9727,81281480,105791222,187072702,7,0,0,67072,9,10735923446
9728,81281960,105208536,186490496,4,0,0,22016,12,883275063
9729,81325140,104990478,186315618,8,0,0,49664,12,2114621470
9730,81326700,105805023,187131723,6,0,0,33792,12,5631282535
9731,81336650,105210640,186547290,7,0,0,37888,9,5656019601
9732,81336690,105974169,187310859,9,0,0,28672,3,4201312653
9733,81343690,146258183,227601873,9,0,1,7680,3,5270556424
9734,81344350,105744087,187088437,6,0,0,36864,12,4620509160
9735,81353110,105004892,186358002,5,0,0,7680,7,68206800
9736,81360850,104890040,186250890,9,0,0,3584,3,246996230
9737,81379709,146223444,227603153,7,0,1,14336,9,2539208428
9738,81393230,105638778,187032008,7,0,0,37888,9,1234076757
9739,81396360,105905740,187302100,3,0,0,47616,9,4689768942
9740,81398780,105880631,187279411,7,0,0,269312,9,6791117869
9741,81405960,106111335,187517295,5,0,0,39936,7,3122382422
9742,81437460,146187131,227624591,8,0,1,33280,12,3551910121
9743,81449250,105726112,187175362,7,0,0,7680,9,4702026638
9744,81452290,146250100,227702390,0,0,1,33792,14,1026348070
9745,81477970,146255200,227733170,8,0,1,3072,12,5645827028
9746,81490080,105834249,187324329,0,0,0,14336,14,6213598411
9747,81491350,105452655,186944005,3,0,0,33792,9,9278553763
9748,81522950,106307654,187830604,6,0,0,62464,12,10008222210
9749,81524860,146208333,227733193,9,0,1,10240,3,577406593
9750,81543100,105613404,187156504,3,0,0,37376,9,7291064115
9751,81543740,105836215,187379955,3,0,0,50688,9,8239295993
9752,81544091,105308044,186852135,2,0,0,11264,12,2663154199
9753,81546480,106128010,187674490,1,0,0,25088,6,10703237724
9754,81548470,105739099,187287569,3,0,0,12288,9,10431136633
9755,81554800,105897490,187452290,3,0,0,22016,9,3344028313
9756,81570539,146167297,227737836,7,0,1,51200,9,5680297842
9757,81577120,105544284,187121404,4,0,0,93696,12,8943411794
9758,81593290,105911814,187505104,7,0,0,87040,9,4857899974
9759,81599620,105372407,186972027,4,0,0,512,12,6448261782
9760,81602870,105222699,186825569,8,0,0,2560,12,7198898706
9761,81609120,105674682,187283802,8,0,0,14336,12,10357036839
9762,81612340,106418964,188031304,7,0,0,129024,9,6772724679
9763,81614470,105732822,187347292,9,0,0,75264,3,9021259758
9764,81623130,105413604,187036734,7,0,0,3072,9,1486626598
9765,81629830,105290436,186920266,8,0,0,2560,12,4120829721
9766,81631010,106360959,187991969,9,0,0,7168,3,3311679124
9767,81633230,106522010,188155240,0,0,0,97280,14,7796309004
9768,81643210,105775890,187419100,1,0,0,50176,6,5897148798
9769,81643290,105392485,187035775,0,0,0,12288,14,9324572797
9770,81648050,105716438,187364488,8,0,0,32256,12,6310651264
9771,81654040,105665898,187319938,7,0,0,29696,9,4531665311
9772,81658260,106326331,187984591,1,0,0,61952,6,5803490215
9773,81662890,105507642,187170532,1,0,0,6144,6,10555240506
9774,81663480,146202061,227865541,3,0,1,133632,9,5540331637
9775,81665070,105516175,187181245,0,0,0,3584,14,8436116179
9776,81669200,106609598,188278798,8,0,0,168960,12,1513599011
9777,81680060,146207858,227887918,5,0,1,15360,7,4377448093
9778,81688830,146232387,227921217,2,0,1,34816,12,6134209459
9779,81693621,106226808,187920429,2,0,0,214528,12,4359611553
9780,81703400,106012124,187715524,3,0,0,4096,9,9896374749
9781,81715470,146292744,228008214,3,0,1,46592,9,8739895533
9782,81731491,105733239,187464730,2,0,0,12288,12,4049582756
9783,81736190,106229502,187965692,0,0,0,148480,14,5019765849
9784,81737230,146739499,228476729,3,0,1,292352,9,8505005656
9785,81742480,146735235,228477715,2,0,1,1536,12,2341983855
9786,81744240,106291923,188036163,0,0,0,15872,14,8944480182
9787,81757590,146771027,228528617,8,0,1,17408,12,7027104034
9788,81769950,105845935,187615885,8,0,0,8192,12,566808333
9789,81819530,105718490,187538020,0,0,0,9728,14,3914321296
9790,81825781,105870728,187696509,2,0,0,72192,12,9765840844
9791,81850960,105709446,187560406,7,0,0,33792,9,5898496091
9792,81859550,105845582,187705132,4,0,0,15360,12,3572087254
9793,81864520,146664120,228528640,2,0,1,15360,12,2401321725
9794,81873371,106183103,188056474,2,0,0,66560,12,10444982638
9795,81875840,147291876,229167716,3,0,1,148992,9,4368964287
9796,81880940,106405571,188286511,3,0,0,24576,9,2949770365
9797,81884370,105824641,187709011,1,0,0,10240,6,3884086289
9798,81895560,105959482,187855042,3,0,0,72704,9,6067409860
9799,81897640,105715506,187613146,4,0,0,45568,12,2051717185
9800,81901150,106292753,188193903,4,0,0,79872,12,4209086856
9801,81919370,106198612,188117982,7,0,0,100864,9,4763800515
9802,81926100,106063662,187989762,5,0,0,16896,7,2080393583
9803,81937690,147230049,229167739,2,0,1,7168,12,9632175153
9804,81946030,106478980,188425010,0,0,0,80384,14,8712458069
9805,81947190,106493599,188440789,4,0,0,51712,12,6150723816
9806,81950550,106624068,188574618,0,0,0,191488,14,2367183664
9807,81981360,106226762,188208122,9,0,0,46592,3,9643026086
9808,81984230,106416265,188400495,3,0,0,30720,9,8590468725
9809,81986520,106469767,188456287,3,0,0,50688,9,6208967964
9810,81986880,106227927,188214807,1,0,0,17408,6,8626109588
9811,81987310,147201535,229188845,3,0,1,40960,9,3007556867
9812,81991890,106086898,188078788,7,0,0,7680,9,7585416045
9813,81996720,106063061,188059781,1,0,0,10752,6,5223473687
9814,81998950,147201508,229200458,0,0,1,3584,14,6811597086
9815,82005220,106647442,188652662,0,0,0,28160,14,4823822453
9816,82026110,106617949,188644059,0,0,0,171520,14,3892525183
9817,82028260,106485628,188513888,8,0,0,17920,12,832753244
9818,82044431,106021936,188066367,2,0,0,1024,12,5956842840
9819,82045260,106345852,188391112,0,0,0,102912,14,405972976
9820,82045861,106530028,188575889,2,0,0,4096,12,6318134886
9821,82063860,147136621,229200481,2,0,1,6144,12,1902773031
9822,82096280,106412125,188508405,1,0,0,75264,6,3586879040
9823,82108520,106556044,188664564,1,0,0,6144,6,1098134171
9824,82116800,106459892,188576692,3,0,0,2560,9,3408218531
9825,82122180,147078324,229200504,8,0,1,3072,12,5974930863
9826,82132990,147067537,229200527,3,0,1,11264,9,10124002356
9827,82142361,106909298,189051659,2,0,0,29184,12,6771244408
9828,82148600,106440953,188589553,4,0,0,34816,12,9465901490
9829,82151120,106706027,188857147,5,0,0,138752,7,10463458063
9830,82151200,106837808,188989008,5,0,0,133632,7,4290104743
9831,82162730,106116247,188278977,5,0,0,512,7,8239258064
9832,82168140,106494529,188662669,1,0,0,32768,6,938874562
9833,82172941,106585509,188758450,2,0,0,12800,12,3749770178
9834,82178960,106337291,188516251,1,0,0,7680,6,10018123507
9835,82190910,147019982,229210892,8,0,1,6656,12,8918359692
9836,82192100,106576739,188768839,5,0,0,10240,7,10015480472
9837,82196490,106739376,188935866,4,0,0,4608,12,9989426169
9838,82207190,106371732,188578922,1,0,0,5120,6,5280328683
9839,82207940,107089904,189297844,3,0,0,22528,9,4394152075
9840,82214860,106362479,188577339,8,0,0,2048,12,10448566750
9841,82230340,107053473,189283813,7,0,0,259072,9,6959926576
9842,82241480,146969435,229210915,1,0,1,19456,6,9565857261
9843,82256940,106539114,188796054,3,0,0,11776,9,8647831522
9844,82266270,146961383,229227653,2,0,1,18944,12,7716625256
9845,82287451,106378056,188665507,2,0,0,1536,12,5297346901
9846,82309370,146918306,229227676,8,0,1,7168,12,1907952891
9847,82310550,106612615,188923165,5,0,0,18944,7,2662648063
9848,82317050,107314277,189631327,9,0,0,77312,3,1311082342
9849,82322490,107212998,189535488,3,0,0,163328,9,2223100799
9850,82337200,106655887,188993087,4,0,0,13312,12,2542273846
9851,82350820,106521817,188872637,0,0,0,46592,14,7109839744
9852,82354961,107095783,189450744,2,0,0,41472,12,7433499066
9853,82358460,107189398,189547858,1,0,0,10240,6,3675670428
9854,82359820,106843538,189203358,8,0,0,34304,12,2092525309
9855,82365760,107092232,189457992,8,0,0,7168,12,10224070601
9856,82367580,146869970,229237550,5,0,1,10240,7,2073745442
9857,82368810,106366337,188735147,5,0,0,3072,7,4047629095
9858,82370250,106488168,188858418,1,0,0,4096,6,5491081717
9859,82373030,106819845,189192875,7,0,0,190976,9,6908092287
9860,82380730,106929016,189309746,5,0,0,25088,7,3430291442
9861,82387110,107293135,189680245,9,0,0,19968,3,10417246109
9862,82389450,107013055,189402505,0,0,0,6144,14,2660529246
9863,82398690,106892041,189290731,3,0,0,512,9,4497165514
9864,82405210,146832371,229237581,8,0,1,14848,12,10434672201
9865,82412081,106878463,189290544,2,0,0,22016,12,3219882377
9866,82412600,106878334,189290934,1,0,0,512,6,8156600708
9867,82420470,146817134,229237604,8,0,1,25088,12,10248758660
9868,82423969,146844779,229268748,6,0,1,14336,12,4024820052
9869,82433740,106700901,189134641,5,0,0,19968,7,1938564298
9870,82433900,106770885,189204785,5,0,0,4608,7,7136249715
9871,82449160,106944926,189394086,3,0,0,53248,9,10367573588
9872,82449911,107094804,189544715,2,0,0,30208,12,7461313634
9873,82472950,106848527,189321477,5,0,0,38400,7,9460478093
9874,82481060,146872737,229353797,9,0,1,116224,3,9239760843
9875,82481900,106930767,189412667,9,0,0,22016,3,6028944354
9876,82486580,106815499,189302079,0,0,0,13824,14,3547861254
9877,82506480,106946783,189453263,9,0,0,8192,3,9728666350
9878,82527860,146828250,229356110,0,0,1,32256,14,1257134946
9879,82540160,106792260,189332420,1,0,0,35840,6,1260213002
9880,82540529,146816247,229356776,4,0,1,1024,12,1916820198
9881,82543690,106891214,189434904,9,0,0,4608,3,3955505851
9882,82546889,146810041,229356930,7,0,1,8704,9,9432763434
9883,82556180,107469399,190025579,1,0,0,38400,6,2022686900
9884,82559599,146829179,229388778,6,0,1,7680,12,3848084491
9885,82567561,146822523,229390084,3,0,1,2048,9,2141114037
9886,82614130,107250662,189864792,7,0,0,63488,9,3831902157
9887,82632730,107080922,189713652,7,0,0,109568,9,1098521293
9888,82645550,107352450,189998000,5,0,0,151040,7,9589952161
9889,82646441,107233727,189880168,2,0,0,8704,12,10495511828
9890,82651280,146781714,229432994,2,0,1,27136,12,1880464035
9891,82651710,107351617,190003327,5,0,0,17408,7,4647830661
9892,82652510,107126185,189778695,7,0,0,47104,9,7628222154
9893,82653350,106926077,189579427,0,0,0,7168,14,9869172102
9894,82655620,146783573,229439193,8,0,1,7168,12,8176911273
9895,82669580,107403519,190073099,9,0,0,90112,3,6658841315
9896,82676570,107488276,190164846,7,0,0,15872,9,5665793555
9897,82677260,107336417,190013677,1,0,0,13824,6,4735544551
9898,82681001,107050568,189731569,2,0,0,16384,12,2869219706
9899,82690890,106982381,189673271,3,0,0,13824,9,8196589063
9900,82692580,107421882,190114462,0,0,0,135680,14,5801381990
9901,82718630,106999569,189718199,0,0,0,14848,14,9915674798
9902,82727960,146735517,229463477,3,0,1,3584,9,9169330320
9903,82732500,107304712,190037212,9,0,0,15872,3,5932966499
9904,82757580,107251854,190009434,6,0,0,19968,12,8608900931
9905,82777150,146689873,229467023,0,0,1,5632,14,4497548092
9906,82797720,107620023,190417743,9,0,0,117248,3,2098720572
9907,82798750,107215106,190013856,1,0,0,512,6,5203688950
9908,82803701,107558239,190361940,2,0,0,112128,12,2700490883
9909,82810150,107406100,190216250,8,0,0,18944,12,10608669881
9910,82831530,107690660,190522190,0,0,0,77824,14,8921685622
9911,82833381,107409971,190243352,2,0,0,26112,12,2187679676
9912,82837081,107282716,190119797,2,0,0,17408,12,8363349590
9913,82850480,107633821,190484301,3,0,0,117248,9,5900433836
9914,82850980,146619589,229470569,2,0,1,5632,12,9334646253
9915,82857370,107410168,190267538,5,0,0,24576,7,1673180781
9916,82882910,146651368,229534278,3,0,1,512,9,2810940781
9917,82884870,107898334,190783204,3,0,0,9216,9,7995891380
9918,82900100,146639004,229539104,2,0,1,7680,12,337595212
9919,82901770,107542828,190444598,8,0,0,88064,12,131797207
9920,82911209,146632721,229543930,6,0,1,7680,12,5723177303
9921,82924600,107855773,190780373,6,0,0,175104,12,2599221993
9922,82933970,107704158,190638128,6,0,0,64000,12,169153535
9923,82938670,146915149,229853819,9,0,1,12800,3,6455734377
9924,82943330,147073016,230016346,9,0,1,8192,3,9244049270
9925,82944130,107543782,190487912,4,0,0,11776,12,5576384451
9926,82950900,147140252,230091152,3,0,1,24576,9,6989824630
9927,82962610,107610922,190573532,7,0,0,8192,9,4836817489
9928,82982681,108120319,191103000,2,0,0,49664,12,7880020352
9929,82989400,107737598,190726998,7,0,0,74240,9,10704889240
9930,82994401,107879693,190874094,2,0,0,15360,12,4163343495
9931,82996639,147323725,230320364,4,0,1,55296,12,6222693021
9932,82998800,147321587,230320387,5,0,1,1024,7,975817304
9933,83023270,107468097,190491367,4,0,0,11264,12,1763846051
9934,83027889,147294104,230321993,6,0,1,4096,12,7481711197
9935,83036580,107771246,190807826,8,0,0,50176,12,9734197149
9936,83048100,107492544,190540644,8,0,0,60416,12,7384972237
9937,83057060,108169535,191226595,7,0,0,37888,9,3577318275
9938,83072261,109007613,192079874,2,0,0,1036800,12,7966689929
9939,83072510,108120262,191192772,3,0,0,36352,9,4578001115
9940,83091930,108367946,191459876,1,0,0,39936,6,6240076063
9941,83102510,107787987,190890497,5,0,0,53760,7,6929583960
9942,83130580,107729334,190859914,6,0,0,30208,12,1250290220
9943,83136260,107881867,191018127,9,0,0,61440,3,8882289533
9944,83137800,108221310,191359110,4,0,0,26624,12,787048110
9945,83148030,147199977,230348007,9,0,1,13824,3,3074561812
9946,83148720,147316987,230465707,1,0,1,53760,6,8249628235
9947,83154609,147440788,230595397,6,0,1,13312,12,527870673
9948,83155960,109043088,192199048,8,0,0,82944,12,6541854055
9949,83164990,108231329,191396319,3,0,0,3072,9,5984596625
9950,83170410,147444556,230614966,3,0,1,3072,9,5565099889
9951,83174610,108303652,191478262,5,0,0,36352,7,8134208061
9952,83177560,108054136,191231696,0,0,0,5632,14,8052140532
9953,83182620,109066711,192249331,9,0,0,77824,3,4851708091
9954,83199320,108035638,191234958,3,0,0,1024,9,5120716682
9955,83215460,108343686,191559146,7,0,0,24064,9,5345513386
9956,83216950,107782434,190999384,8,0,0,23040,12,7555461166
9957,83226150,147388839,230614989,2,0,1,2048,12,8612252094
9958,83232930,108154436,191387366,6,0,0,27136,12,1411493762
9959,83238031,108875148,192113179,2,0,0,38400,12,8297765283
9960,83241560,108373926,191615486,3,0,0,16896,9,3959036981
9961,83242330,108859126,192101456,8,0,0,66048,12,4603606243
9962,83247561,108348559,191596120,2,0,0,29696,12,2515719
9963,83255100,107959349,191214449,9,0,0,16896,3,8550740309
9964,83266000,108278746,191544746,6,0,0,27136,12,9892208604
9965,83287190,109130477,192417667,6,0,0,310784,12,6745611481
9966,83289161,108015552,191304713,2,0,0,5632,12,10589027667
9967,83292230,108186367,191478597,7,0,0,1024,9,4076023138
9968,83297450,108924691,192222141,8,0,0,8192,12,9121981856
9969,83324250,108954399,192278649,3,0,0,31232,9,3815931577
9970,83327220,147287792,230615012,3,0,1,15360,9,3084988302
9971,83331440,147283595,230615035,8,0,1,3072,12,1842863565
9972,83339510,147465223,230804733,3,0,1,29696,9,1279407735
9973,83341340,108218765,191560105,0,0,0,3072,14,8121387340
9974,83343890,109146932,192490822,6,0,0,31744,12,3282355074
9975,83352040,108411911,191763951,7,0,0,18944,9,253441233
9976,83353410,108820343,192173753,9,0,0,162816,3,311128999
9977,83373290,108889526,192262816,3,0,0,44032,9,7716719223
9978,83373330,108269114,191642444,3,0,0,11776,9,1533695520
9979,83388520,108735602,192124122,3,0,0,35840,9,802688529
9980,83395380,108808683,192204063,8,0,0,16384,12,3686298811
9981,83405230,108917690,192322920,3,0,0,34816,9,5789532052
9982,83418640,108798238,192216878,3,0,0,41984,9,3188539772
9983,83420170,147384586,230804756,5,0,1,5120,7,1807606226
9984,83438991,108642318,192081309,2,0,0,4608,12,9255258998
9985,83445740,108275388,191721128,9,0,0,5120,3,1514152830
9986,83455530,147370846,230826376,2,0,1,3584,12,9585081961
9987,83456500,108855720,192312220,3,0,0,110080,9,8716627879
9988,83468880,108749581,192218461,3,0,0,5120,9,7857777977
9989,83477569,147353705,230831274,7,0,1,24064,9,8364680669
9990,83481040,108744556,192225596,3,0,0,11264,9,2187175010
9991,83482760,108242795,191725555,7,0,0,5632,9,10426733931
9992,83488670,108966312,192454982,7,0,0,122368,9,2348946573
9993,83492320,108981585,192473905,0,0,0,61952,14,8674731822
9994,83505990,108972150,192478140,0,0,0,13824,14,1389938100
9995,83516769,147320947,230837716,6,0,1,14848,12,8039651703
9996,83525660,108743419,192269079,5,0,0,20480,7,7748976648
9997,83534930,108684646,192219576,1,0,0,3584,6,9979893231
9998,83550440,147310901,230861341,5,0,1,16896,7,3127798263
9999,83569369,147482766,231052135,7,0,1,2560,9,3184600555
10000,83579200,109257721,192836921,6,0,0,78336,12,9097068571
10001,83586450,108894677,192481127,8,0,0,9728,12,6773426449
10002,83588110,147468531,231056641,8,0,1,7168,12,3276313586
10003,83588290,109058492,192646782,7,0,0,95744,9,7638432343
10004,83598140,109547099,193145239,6,0,0,452608,12,5125689154
10005,83610851,109175787,192786638,2,0,0,29184,12,3890678634
10006,83620580,109839417,193459997,4,0,0,40448,12,3377948953
10007,83625830,147432194,231058024,2,0,1,14848,12,10356856759
10008,83638590,109552564,193191154,8,0,0,150016,12,10114317361
10009,83640150,147608093,231248243,3,0,1,41984,9,2007326852
10010,83656570,108864404,192520974,9,0,0,41472,3,6834591777
10011,83662150,147792384,231454534,2,0,1,28160,12,2555049819
10012,83666880,109146150,192813030,4,0,0,39936,12,667937891
10013,83667660,108999420,192667080,9,0,0,40960,3,6455122975
10014,83670650,110092713,193763363,0,0,0,89600,14,2361165072
10015,83684139,147771163,231455302,6,0,1,11776,12,6964496710
10016,83701030,109239034,192940064,5,0,0,17408,7,10116965014
10017,83703390,147956306,231659696,3,0,1,7168,9,7554242023
10018,83715690,109185758,192901448,4,0,0,36864,12,7894855585
10019,83719501,109594980,193314481,2,0,0,67584,12,2865827049
10020,83725330,109015542,192740872,4,0,0,20992,12,339762416
10021,83729540,147978295,231707835,3,0,1,2048,9,8053106376
10022,83732960,109106012,192838972,3,0,0,6656,9,3917089372
10023,83740280,147971741,231712021,2,0,1,6656,12,5132410606
10024,83744730,109457053,193201783,3,0,0,512,9,3926091059
10025,83756879,147955501,231712380,6,0,1,9728,12,7559578676
10026,83763320,109167965,192931285,5,0,0,17408,7,348046662
10027,83765590,109241722,193007312,3,0,0,76800,9,7521011038
10028,83776400,109065715,192842115,8,0,0,10240,12,6146726221
10029,83778691,109435093,193213784,2,0,0,28160,12,1103973010
10030,83789829,150540709,234330538,4,0,1,1520128,12,6430408236
10031,83793910,108976445,192770355,0,0,0,8704,14,5736641217
10032,83796180,150539901,234336081,5,0,1,26112,7,889873983
10033,83801500,109514252,193315752,7,0,0,4096,9,10363501119
10034,83811090,109599471,193410561,5,0,0,5120,7,6210568113
10035,83817660,150565469,234383129,1,0,1,20992,6,7578716795
10036,83822340,150560812,234383152,0,0,1,5632,14,1642743568
10037,83826720,109370626,193197346,3,0,0,19968,9,8997735614
10038,83863400,109565401,193428801,9,0,0,29696,3,9946911157
10039,83872750,109328854,193201604,8,0,0,13824,12,1135021858
10040,83878170,109489622,193367792,6,0,0,35328,12,1272298351
10041,83878691,109411251,193289942,2,0,0,14848,12,782778517
10042,83887870,150510156,234398026,3,0,1,17920,9,5999904813
10043,83897030,109676404,193573434,0,0,0,94208,14,8001280578
10044,83909470,109437607,193347077,0,0,0,36864,14,4218209008
10045,83917660,109994806,193912466,3,0,0,2560,9,6750908217
10046,83925961,109367905,193293866,2,0,0,10240,12,10239742242
10047,83936990,109463871,193400861,7,0,0,7680,9,8062901058
10048,83940750,109851051,193791801,7,0,0,61952,9,4288191217
10049,83960750,110106379,194067129,5,0,0,65024,7,6574181062
10050,83964540,150433509,234398049,0,0,1,6656,14,1148519384
10051,83966499,150917279,234883778,4,0,1,620544,12,4833911466
10052,83968720,109767320,193736040,9,0,0,238592,3,7459245115
10053,83977590,109408544,193386134,9,0,0,9216,3,1636466514
10054,83986520,109591773,193578293,9,0,0,15872,3,8132827515
10055,83989230,109902296,193891526,5,0,0,65024,7,9810141731
10056,83997820,110127182,194125002,9,0,0,23040,3,10370863963
10057,84008400,109764502,193772902,9,0,0,31232,3,2166630851
10058,84032210,110001929,194034139,6,0,0,15360,12,7985681267
10059,84061080,150850711,234911791,2,0,1,14336,12,7784347395
10060,84073171,109956265,194029436,2,0,0,118272,12,7225211077
10061,84074201,109895622,193969823,2,0,0,16384,12,2732615368
10062,84078840,150837701,234916541,2,0,1,17408,12,2366641170
10063,84080770,110246289,194327059,6,0,0,62464,12,6291674459
10064,84087280,109848516,193935796,1,0,0,69120,6,3589165103
10065,84096480,109695656,193792136,5,0,0,1024,7,2249211444
10066,84111360,109748898,193860258,1,0,0,50176,6,3003859297
10067,84114890,150877629,234992519,8,0,1,118784,12,9199753346
10068,84119980,151492570,235612550,8,0,1,612352,12,1249616730
10069,84120060,109997899,194117959,1,0,0,31232,6,567911876
10070,84135490,110576009,194711499,9,0,0,149504,3,8400720522
10071,84137820,109834054,193971874,5,0,0,6656,7,1161012102
10072,84157050,109704167,193861217,9,0,0,3072,3,1182697198
10073,84158520,110691280,194849800,8,0,0,56832,12,6004727147
10074,84173090,109627181,193800271,5,0,0,26624,7,8428367041
10075,84212850,110020653,194233503,9,0,0,62976,3,9342582869
10076,84214700,109681217,193895917,6,0,0,14336,12,2171322839
10077,84219280,110210445,194429725,6,0,0,100864,12,4661810169
10078,84220310,109623568,193843878,7,0,0,5632,9,3407238679
10079,84241800,109925465,194167265,3,0,0,21504,9,10204605026
10080,84245260,110129176,194374436,6,0,0,58368,12,9498740162
10081,84245790,109862630,194108420,9,0,0,19456,3,7758033182
10082,84258670,110287786,194546456,1,0,0,87040,6,1892143764
10083,84262090,110037707,194299797,6,0,0,42496,12,10501903621
10084,84265060,110073254,194338314,5,0,0,36864,7,683478809
10085,84292740,151319833,235612573,9,0,1,4096,3,378813789
10086,84297360,151315236,235612596,0,0,1,4096,14,3156196980
10087,84304650,110342682,194647332,3,0,0,214528,9,9691859080
10088,84305810,110209712,194515522,0,0,0,44544,14,5303927053
10089,84314190,109733104,194047294,6,0,0,23040,12,5945253312
10090,84320710,110404297,194725007,5,0,0,44032,7,9716246960
10091,84339610,110242312,194581922,6,0,0,61440,12,4576103769
10092,84345780,110320121,194665901,8,0,0,39424,12,2654339698
10093,84348390,110090250,194438640,6,0,0,29184,12,4824250590
10094,84353789,151395068,235748857,4,0,1,113152,12,2241133984
10095,84363289,151441597,235804886,7,0,1,1536,9,9364782760
10096,84370450,109929838,194300288,8,0,0,1536,12,10491151958
10097,84370820,110017735,194388555,0,0,0,30208,14,5646308879
10098,84383890,110570022,194953912,1,0,0,3072,6,407689886
10099,84391111,110346167,194737278,2,0,0,39936,12,4269064653
10100,84392260,151418220,235810480,0,0,1,18432,14,1305925108
10101,84400460,110366013,194766473,6,0,0,95744,12,5951643285
10102,84409090,110040432,194449522,6,0,0,32768,12,7734789751
10103,84424260,110485714,194909974,9,0,0,107008,3,4310884499
10104,84428050,110225816,194653866,9,0,0,7680,3,5615721965
10105,84431530,110219881,194651411,3,0,0,13312,9,6761453650
10106,84443530,110850160,195293690,8,0,0,80896,12,6716993891
10107,84450760,152579855,237030615,8,0,1,1335808,12,4928639901
10108,84465890,110692301,195158191,9,0,0,131072,3,10281751309
10109,84474820,111818464,196293284,1,0,0,32768,6,1734487738
10110,84478550,111044871,195523421,9,0,0,66048,3,9942506112
10111,84483450,152643651,237127101,8,0,1,157696,12,7075117983
10112,84492370,152635090,237127460,5,0,1,9728,7,6262683170
10113,84496440,111628813,196125253,9,0,0,122880,3,6904287486
10114,84503210,111322703,195825913,6,0,0,4608,12,6640020892
10115,84510249,152626798,237137047,4,0,1,19456,12,1584435415
10116,84511440,152637068,237148508,0,0,1,3584,14,2526431687
10117,84529060,110332998,194862058,0,0,0,10240,14,4868085613
10118,84538920,152619582,237158502,3,0,1,19968,9,9555534432
10119,84559791,110306650,194866441,2,0,0,8704,12,1710240043
10120,84578830,110539356,195118186,8,0,0,56320,12,10575465217
10121,84591780,152571080,237162860,2,0,1,13312,12,6185103400
10122,84593249,152634005,237227254,4,0,1,70144,12,4567470570
10123,84599199,152928965,237528164,7,0,1,3584,9,7396562886
10124,84599620,152931450,237531070,9,0,1,4608,3,3425352247
10125,84599640,111187170,195786810,3,0,0,35840,9,8313297788
10126,84603770,112007353,196611123,3,0,0,73216,9,1293426240
10127,84610470,110892804,195503274,5,0,0,85504,7,82976725
10128,84621000,152911376,237532376,9,0,1,2048,3,5913932850
10129,84631210,110335305,194966515,8,0,0,18432,12,6867800622
10130,84647540,110814070,195461610,7,0,0,46592,9,2326916375
10131,84685091,111228821,195913912,2,0,0,23552,12,139334278
10132,84697600,110999416,195697016,0,0,0,11776,14,5455364252
10133,84701400,111230088,195931488,9,0,0,25600,3,5231525323
10134,84703960,110660934,195364894,0,0,0,125440,14,9041844521
10135,84705970,110941454,195647424,3,0,0,159232,9,2382343256
10136,84707640,111480013,196187653,9,0,0,43008,3,9935698530
10137,84711311,110846526,195557837,2,0,0,29696,12,9306897713
10138,84715589,152861730,237577319,6,0,1,16384,12,1189485732
10139,84718020,110575849,195293869,5,0,0,512,7,8607169448
10140,84721250,152859295,237580545,1,0,1,5120,6,6806798921
10141,84746800,111311460,196058260,9,0,0,66048,3,7006715594
10142,84765020,111089241,195854261,9,0,0,42496,3,5158109942
10143,84771920,152838066,237609986,5,0,1,7168,7,10454872950
10144,84782560,110385863,195168423,1,0,0,4096,6,8520840316
10145,84795500,110975991,195771491,3,0,0,32256,9,6572344506
10146,84806470,152822567,237629037,1,0,1,8704,6,7427611859
10147,84815820,110382428,195198248,5,0,0,10752,7,3987547561
10148,84820360,111574901,196395261,0,0,0,27648,14,2157084542
10149,84833270,110326683,195159953,0,0,0,5632,14,5509053827
10150,84837130,110869639,195706769,8,0,0,27648,12,6644207340
10151,84868259,152795434,237663693,7,0,1,3584,9,7789207172
10152,84874500,110292652,195167152,3,0,0,23552,9,4881077991
10153,84880900,110494469,195375369,3,0,0,34304,9,9738678549
10154,84883410,110412198,195295608,4,0,0,5632,12,4144453294
10155,84887820,110780554,195668374,4,0,0,68608,12,5673494174
10156,84892559,152781443,237674002,7,0,1,18944,9,3863629220
10157,84894010,110781251,195675261,0,0,0,22528,14,10067459146
10158,84904309,152773559,237677868,6,0,1,6144,12,9050755998
10159,84915380,152774077,237689457,0,0,1,19968,14,4760667638
10160,84915440,110483196,195398636,5,0,0,76288,7,5094130920
10161,84916520,111598256,196514776,5,0,0,79360,7,9774108626
10162,84923860,111015919,195939779,0,0,0,27136,14,2945796818
10163,84928200,111830377,196758577,9,0,0,28160,3,9223931792
10164,84931640,152773581,237705221,8,0,1,13312,12,1078063691
10165,84951060,111357163,196308223,6,0,0,16384,12,10605471466
10166,84952670,111085443,196038113,8,0,0,6656,12,8621866012
10167,84955280,111422915,196378195,6,0,0,99840,12,3260053730
10168,84964781,111785006,196749787,2,0,0,81920,12,3905216377
10169,84972370,112058433,197030803,0,0,0,137728,14,7597554323
10170,84972680,153012275,237984955,0,0,1,7680,14,973752740
10171,84972890,110933823,195906713,9,0,0,13824,3,4810732116
10172,84978900,111056827,196035727,8,0,0,79872,12,8117517436
10173,84986890,111912115,196899005,7,0,0,216576,9,5404886809
10174,85007320,111080470,196087790,7,0,0,77824,9,3271345765
10175,85007760,111707303,196715063,9,0,0,158208,3,9898298352
10176,85013200,152971778,237984978,9,0,1,21504,3,388059105
10177,85016630,111115051,196131681,8,0,0,18944,12,2570965351
10178,85029500,111528779,196558279,9,0,0,26112,3,6143913780
10179,85035820,111919927,196955747,7,0,0,124416,9,4953377782
10180,85037140,110713537,195750677,5,0,0,30208,7,9004654334
10181,85039970,152945031,237985001,5,0,1,1024,7,8529639343
10182,85043490,111780866,196824356,6,0,0,15872,12,3686241507
10183,85045910,111220727,196266637,0,0,0,5120,14,6721248275
10184,85058260,111996902,197055162,7,0,0,79872,9,3780115329
10185,85059330,110976732,196036062,7,0,0,1024,9,224773014
10186,85062290,152922734,237985024,2,0,1,2560,12,7413225017
10187,85066910,111419346,196486256,1,0,0,57856,6,4333491104
10188,85069959,152918075,237988034,7,0,1,7680,9,7410351071
10189,85071760,110886259,195958019,9,0,0,34816,3,7767230549
10190,85076680,112092810,197169490,0,0,0,24576,14,851139495
10191,85084760,112043948,197128708,1,0,0,24576,6,2304569588
10192,85088870,111543180,196632050,6,0,0,68608,12,8920658328
10193,85097220,111073775,196170995,9,0,0,5632,3,2246313596
10194,85100680,153315742,238416422,8,0,1,322048,12,3521907479
10195,85100960,111677103,196778063,6,0,0,47616,12,9059679361
10196,85106160,111171301,196277461,3,0,0,20480,9,6802144537
10197,85112490,112236249,197348739,8,0,0,27136,12,640903857
10198,85139939,153368877,238508816,4,0,1,7168,12,2554661203
10199,85144930,112195518,197340448,5,0,0,50176,7,950345648
10200,85146870,110917185,196064055,9,0,0,18944,3,8072478529
10201,85147760,112452345,197600105,5,0,0,6656,7,1953302493
10202,85151190,112043282,197194472,5,0,0,6144,7,1191137276
10203,85153310,153355529,238508839,3,0,1,14848,9,2350242833
10204,85156650,153352212,238508862,2,0,1,3584,12,10345920268
10205,85162230,111006096,196168326,5,0,0,24064,7,4809927977
10206,85162770,111504035,196666805,1,0,0,33280,6,2085419452
10207,85164100,154181779,239345879,8,0,1,658944,12,10361092386
10208,85169600,111254683,196424283,8,0,0,4608,12,9264725373
10209,85171370,112065663,197237033,6,0,0,47104,12,4860170759
10210,85173350,112211011,197384361,5,0,0,59392,7,4420102333
10211,85181221,112686766,197867987,2,0,0,294912,12,4294257588
10212,85205510,154151551,239357061,5,0,1,31232,7,4262145927
10213,85205520,112281733,197487253,9,0,0,65536,3,2659827619
10214,85214700,154146547,239361247,5,0,1,6656,7,3637189891
10215,85218880,154147513,239366393,1,0,1,8192,6,8682817620
10216,85221411,112334992,197556403,2,0,0,64512,12,2878597007
10217,85234320,111422322,196656642,5,0,0,50688,7,4413635780
10218,85239980,154135425,239375405,1,0,1,14336,6,132411572
10219,85243210,111397934,196641144,4,0,0,29696,12,9832434200
10220,85255860,111130954,196386814,4,0,0,3072,12,944093720
10221,85287991,111901390,197189381,2,0,0,6656,12,3201055754
10222,85288159,154094978,239383137,6,0,1,12288,12,3042967025
10223,85309080,111679736,196988816,7,0,0,53760,9,2028400429
10224,85316860,111256133,196572993,5,0,0,7680,7,200787257
10225,85332050,154053993,239386043,9,0,1,4608,3,2528156244
10226,85335120,112381544,197716664,5,0,0,31744,7,9422613954
10227,85348900,111375904,196724804,0,0,0,25600,14,8674319697
10228,85350350,154039879,239390229,0,0,1,6656,14,3048604089
10229,85350669,154039714,239390383,4,0,1,8704,12,8181120427
10230,85370900,154035428,239406328,5,0,1,5632,7,3833696577
10231,85381940,112666121,198048061,5,0,0,30208,7,2755670766
10232,85382420,112577148,197959568,1,0,0,212992,6,6894379186
10233,85392190,112292509,197684699,7,0,0,106496,9,10352879553
10234,85421970,111902507,197324477,5,0,0,47616,7,7030048550
10235,85448810,111267212,196716022,4,0,0,3072,12,1889909834
10236,85450730,111299244,196749974,7,0,0,512,9,2764202133
10237,85455170,111261811,196716981,1,0,0,3072,6,2949166743
10238,85456259,153952118,239408377,4,0,1,26112,12,4696192417
10239,85461830,111503144,196964974,4,0,0,30208,12,4344614247
10240,85463180,112874978,198338158,4,0,0,229888,12,5880299604
10241,85463520,112527473,197990993,5,0,0,38400,7,6489282895
10242,85470591,111496122,196966713,2,0,0,5632,12,2786014623
10243,85475830,153989071,239464901,2,0,1,31232,12,9671033495
10244,85484940,112211795,197696735,3,0,0,19968,9,9129329667
10245,85510180,112715965,198226145,0,0,0,145408,14,2128601789
10246,85515870,153949054,239464924,3,0,1,2048,9,236818218
10247,85541890,112699410,198241300,1,0,0,49664,6,5018310593
10248,85558630,111949862,197508492,5,0,0,69632,7,9891161115
10249,85558850,111690530,197249380,1,0,0,40448,6,10124124250
10250,85565220,153899727,239464947,2,0,1,38912,12,4844296367
10251,85565890,111800344,197366234,4,0,0,57344,12,2220497218
10252,85579121,112774192,198353313,2,0,0,49664,12,4946585681
10253,85590920,111530277,197121197,6,0,0,9728,12,8958512387
10254,85594760,111480237,197074997,3,0,0,65024,9,235862215
10255,85597840,111698312,197296152,1,0,0,23040,6,642754362
10256,85602339,153862631,239464970,6,0,1,19456,12,7740739063
10257,85609060,112268622,197877682,6,0,0,31744,12,10582659342
10258,85617950,112736478,198354428,3,0,0,3584,9,7340221665
10259,85630861,112860123,198490984,2,0,0,8192,12,820006562
10260,85634190,111801801,197435991,5,0,0,29696,7,3394053478
10261,85635300,111812570,197447870,6,0,0,38912,12,4118725640
10262,85641400,112904535,198545935,7,0,0,70656,9,169051624
10263,85651510,112439677,198091187,4,0,0,22016,12,1262161820
10264,85660950,112604310,198265260,9,0,0,19968,3,6026722647
10265,85662430,113167311,198829741,5,0,0,40960,7,2619093936
10266,85667730,112311540,197979270,7,0,0,64512,9,9877900259
10267,85680080,111709140,197389220,3,0,0,15872,9,8169664845
10268,85683411,111905538,197588949,2,0,0,16384,12,10530345332
10269,85686660,111887862,197574522,1,0,0,59392,6,8258506936
10270,85698820,111833985,197532805,9,0,0,19968,3,8193603119
10271,85700430,112184919,197885349,6,0,0,25088,12,5267669780
10272,85709400,112034213,197743613,3,0,0,51712,9,713598118
10273,85725990,154205556,239931546,8,0,1,243712,12,2558254023
10274,85726600,113321565,199048165,1,0,0,321536,6,8216406096
10275,85734660,112890602,198625262,7,0,0,66560,9,8104126926
10276,85735830,112618777,198354607,5,0,0,512,7,8659486349
10277,85746090,111768041,197514131,1,0,0,18432,6,501772636
10278,85753200,154180612,239933812,2,0,1,3584,12,1845422168
10279,85781620,113075950,198857570,5,0,0,65536,7,589231538
10280,85782790,113312515,199095305,5,0,0,35840,7,9276238479
10281,85785260,111970388,197755648,6,0,0,39424,12,10494568531
10282,85786459,154238697,240025156,7,0,1,36864,9,5945960677
10283,85796230,113468239,199264469,3,0,0,217088,9,3450653583
10284,85798350,112383468,198181818,4,0,0,4608,12,46444254
10285,85805060,112683405,198488465,4,0,0,49664,12,1247476486
10286,85808210,113026606,198834816,0,0,0,12288,14,596855547
10287,85809420,112906458,198715878,7,0,0,107008,9,4131850512
10288,85811810,112456281,198268091,6,0,0,9216,12,10600556375
10289,85815090,112429977,198245067,9,0,0,12288,3,4761369116
10290,85834299,154301258,240135557,4,0,1,72192,12,9612688664
10291,85847100,112186706,198033806,7,0,0,22016,9,2294604142
10292,85854420,154286936,240141356,2,0,1,19456,12,1706467122
10293,85857630,113216367,199073997,3,0,0,57344,9,9898390000
10294,85887010,112360108,198247118,5,0,0,6656,7,4381777926
10295,85890980,113305872,199196852,5,0,0,124928,7,4173896491
10296,85899120,113051054,198950174,7,0,0,79872,9,4786570649
10297,85900260,112457825,198358085,5,0,0,11264,7,6002715439
10298,85908251,113380217,199288468,2,0,0,12800,12,661781272
10299,85927951,112331202,198259153,2,0,0,39424,12,426562673
10300,85935920,112057124,197993044,3,0,0,6656,9,10554331596
10301,85935951,113482159,199418110,2,0,0,270848,12,7861563594
10302,85939100,113145239,199084339,3,0,0,17920,9,3740677336
10303,85943730,112648361,198592091,6,0,0,21504,12,3171228469
10304,85980250,113695997,199676247,1,0,0,8704,6,9137819284
10305,85982830,112438005,198420835,3,0,0,14336,9,7670054334
10306,85989310,113067146,199056456,5,0,0,27136,7,4858279571
10307,86008851,112772057,198780908,2,0,0,93696,12,4092296756
10308,86010580,112737556,198748136,9,0,0,36352,3,3968864014
10309,86021200,154198071,240219271,2,0,1,3072,12,10098949837
10310,86030289,154189005,240219294,7,0,1,35328,9,6032990251
10311,86039351,113271136,199310487,2,0,0,72192,12,8536932227
10312,86042840,113949133,199991973,0,0,0,127488,14,2481039129
10313,86061730,112864085,198925815,5,0,0,8192,7,1815224961
10314,86083620,113773029,199856649,4,0,0,50176,12,4019954816
10315,86090580,113819237,199909817,3,0,0,5120,9,10536764182
10316,86106050,113329757,199435807,9,0,0,48640,3,4007905252
10317,86126760,112749458,198876218,4,0,0,57344,12,10567504651
10318,86128880,112602020,198730900,7,0,0,24576,9,1068564880
10319,86129850,154105656,240235506,0,0,1,40448,14,7672123524
10320,86135090,154562842,240697932,8,0,1,499712,12,6399308932
10321,86136740,114025814,200162554,3,0,0,108032,9,1340391997
10322,86141130,113307226,199448356,6,0,0,40960,12,4786073876
10323,86149890,113932012,200081902,0,0,0,77824,14,5056308137
10324,86161020,114158740,200319760,6,0,0,17920,12,8867792523
10325,86161570,112917286,199078856,5,0,0,15872,7,7990052546
10326,86163110,112971577,199134687,4,0,0,129024,12,9093126178
10327,86163210,154534745,240697955,1,0,1,1024,6,3298413121
10328,86164460,114000769,200165229,5,0,0,8704,7,3600492348
10329,86180340,154517638,240697978,0,0,1,1024,14,526612222
10330,86185550,113268913,199454463,0,0,0,19968,14,8574650317
10331,86199830,154527887,240727717,0,0,1,33280,14,10125344398
10332,86210460,112512929,198723389,9,0,0,24576,3,10103328804
10333,86219420,112597818,198817238,0,0,0,25088,14,955489592
10334,86223139,154520836,240743975,7,0,1,6656,9,1820514900
10335,86229160,113424822,199653982,0,0,0,40960,14,7887498176
10336,86229890,113233994,199463884,6,0,0,28160,12,9891653878
10337,86275519,154477211,240752730,7,0,1,26624,9,3970589429
10338,86280080,112918222,199198302,0,0,0,4608,14,3870404025
10339,86287470,112871295,199158765,9,0,0,73216,3,984345888
10340,86294100,112629196,198923296,7,0,0,12288,9,9913600606
10341,86301930,112982530,199284460,5,0,0,65536,7,5901102370
10342,86315899,154437177,240753076,7,0,1,512,9,10220954924
10343,86321310,114037792,200359102,6,0,0,52736,12,4695792641
10344,86330740,112805694,199136434,9,0,0,5632,3,425168731
10345,86339549,154435214,240774763,6,0,1,28672,12,10144743152
10346,86341440,112973929,199315369,6,0,0,15872,12,9777779485
10347,86345690,114451676,200797366,1,0,0,74752,6,2040677148
10348,86358470,155523363,241881833,9,0,1,748032,3,5193275880
10349,86376749,155531663,241908412,4,0,1,6656,12,3698225797
10350,86391189,155522624,241913813,7,0,1,28160,9,9551166975
10351,86422030,112997819,199419849,9,0,0,5632,3,1268258498
10352,86425020,113528086,199953106,6,0,0,72704,12,630682967
10353,86431020,112989944,199420964,9,0,0,3584,3,8387970099
10354,86442810,113085626,199528436,5,0,0,41472,7,10097871049
10355,86463420,155673104,242136524,9,0,1,79872,3,5542415054
10356,86465450,113636026,200101476,6,0,0,2560,12,9265143317
10357,86470341,113223889,199694230,2,0,0,41984,12,8780496292
10358,86471020,113276830,199747850,7,0,0,49664,9,6977041053
10359,86471640,114166078,200637718,6,0,0,133120,12,10206843532
10360,86479650,155659416,242139066,5,0,1,53248,7,8576767824
10361,86495680,113726345,200222025,5,0,0,83968,7,2947686551
10362,86502140,113834161,200336301,7,0,0,3072,9,9136571337
10363,86508020,113498172,200006192,4,0,0,46592,12,8250176840
10364,86513370,113079031,199592401,0,0,0,8192,14,3290907512
10365,86533790,113304746,199838536,7,0,0,116224,9,9990408638
10366,86536200,113135271,199671471,4,0,0,48640,12,535327501
10367,86540330,114341596,200881926,0,0,0,48128,14,7029755293
10368,86546510,155592579,242139089,3,0,1,7168,9,1777880086
10369,86548360,114197292,200745652,0,0,0,17408,14,8014293513
10370,86557150,155648822,242205972,8,0,1,59392,12,7726452174
10371,86567380,113207503,199774883,5,0,0,44544,7,2585750583
10372,86571521,113712401,200283922,2,0,0,82432,12,7223949209
10373,86587520,113873109,200460629,4,0,0,63488,12,9292397763
10374,86593741,113813474,200407215,2,0,0,17920,12,7912520392
10375,86596210,114584679,201180889,0,0,0,83456,14,10013911934
10376,86596630,113135455,199732085,7,0,0,69632,9,4475815461
10377,86597840,155608155,242205995,5,0,1,512,7,1580989046
10378,86610470,114470144,201080614,1,0,0,422400,6,2692414949
10379,86621829,155584189,242206018,4,0,1,1536,12,2264704845
10380,86628040,113791024,200419064,0,0,0,16896,14,1330671220
10381,86630670,113559106,200189776,4,0,0,47616,12,9778601761
10382,86639210,113823626,200462836,0,0,0,7168,14,5858413522
10383,86645490,155560551,242206041,2,0,1,12800,12,2584402082
10384,86655960,113633133,200289093,6,0,0,16896,12,5721160973
10385,86656491,114736469,201392960,2,0,0,261120,12,10226141809
10386,86658109,155547955,242206064,6,0,1,7168,12,452593273
10387,86664449,155552581,242217030,6,0,1,34304,12,4282481292
10388,86675560,113345319,200020879,3,0,0,48128,9,5158925895
10389,86679191,114459345,201138536,2,0,0,147968,12,10553996506
10390,86680460,114776854,201457314,5,0,0,32256,7,1202800269
10391,86705800,113830556,200536356,6,0,0,13824,12,2605273100
10392,86731311,113521477,200252788,2,0,0,50176,12,9018511446
10393,86739530,155479106,242218636,5,0,1,17408,7,6401567338
10394,86740550,113292500,200033050,4,0,0,5632,12,9024059550
10395,86746650,114187935,200934585,9,0,0,107008,3,418985912
10396,86767471,114428596,201196067,2,0,0,38400,12,7566372512
10397,86775201,113886585,200661786,2,0,0,26112,12,4785754397
10398,86776360,113989213,200765573,5,0,0,58880,7,8262569339
10399,86779390,114859778,201639168,9,0,0,54784,3,10663677777
10400,86782850,156016515,242799365,8,0,1,496128,12,4212360153
10401,86786960,114360959,201147919,4,0,0,30720,12,4704874455
10402,86793240,115025833,201819073,5,0,0,252928,7,4621967544
10403,86821770,114405520,201227290,7,0,0,102400,9,4391607194
10404,86833400,113744960,200578360,0,0,0,22528,14,2205454718
10405,86839130,115109189,201948319,0,0,0,30720,14,9920106134
10406,86843870,156268510,243112380,8,0,1,220160,12,9564264841
10407,86847180,114590754,201437934,3,0,0,65536,9,1295576019
10408,86848460,156584363,243432823,8,0,1,164352,12,10570825888
10409,86850040,113463030,200313070,1,0,0,62976,6,5908196096
10410,86852060,114703992,201556052,0,0,0,43520,14,3970469009
10411,86859870,156694387,243554257,8,0,1,134656,12,5963254911
10412,86861980,113609006,200470986,5,0,0,2048,7,9177854997
10413,86868510,114744872,201613382,6,0,0,39936,12,4400175475
10414,86873141,113943899,200817040,2,0,0,37376,12,886827198
10415,86882850,114052850,200935700,9,0,0,3584,3,578165628
10416,86887460,115368581,202256041,4,0,0,107008,12,4533275743
10417,86891300,114832752,201724052,1,0,0,114688,6,3540184251
10418,86909580,113779124,200688704,4,0,0,17408,12,7285498942
10419,86913970,114270374,201184344,0,0,0,11264,14,2457774823
10420,86939970,114330929,201270899,1,0,0,102400,6,129361640
10421,86975270,114465362,201440632,1,0,0,8704,6,6365225262
10422,86987720,114325657,201313377,7,0,0,115200,9,5177305663
10423,86988890,114918504,201907394,7,0,0,83456,9,7326095030
10424,86991940,113875299,200867239,4,0,0,63488,12,10273887814
10425,87000890,114154548,201155438,1,0,0,24576,6,6024014814
10426,87011921,114081508,201093429,2,0,0,41984,12,7307831343
10427,87030080,114512689,201542769,9,0,0,28160,3,2915593175
10428,87031840,115333197,202365037,6,0,0,8704,12,1924979357
10429,87051160,114366783,201417943,8,0,0,81920,12,1394359488
10430,87057979,156528171,243586150,4,0,1,18432,12,8649188646
10431,87061809,156586171,243647980,4,0,1,31232,12,8917749292
10432,87064850,156583153,243648003,1,0,1,512,6,2860335124
10433,87067040,114172620,201239660,5,0,0,13824,7,258562374
10434,87068200,114379186,201447386,0,0,0,22016,14,1357774430
10435,87084700,114449466,201534166,9,0,0,131584,3,3971450336
10436,87089160,156558866,243648026,1,0,1,14848,6,6031273016
10437,87092320,114378277,201470597,7,0,0,43520,9,8056030027
10438,87097000,114397043,201494043,5,0,0,70144,7,2811475657
10439,87098500,156555976,243654476,0,0,1,10240,14,4438774707
10440,87102360,156594047,243696407,8,0,1,54272,12,3972803899
10441,87107770,114364878,201472648,5,0,0,6656,7,5274947393
10442,87117640,114504813,201622453,0,0,0,29696,14,9990565554
10443,87122300,114699448,201821748,8,0,0,8704,12,4692310359
10444,87122590,114721645,201844235,6,0,0,73728,12,9864713613
10445,87129240,114547258,201676498,6,0,0,95232,12,5348681984
10446,87139930,114095495,201235425,5,0,0,26624,7,8311386206
10447,87163570,114114684,201278254,9,0,0,24064,3,3758160262
10448,87165800,115317395,202483195,6,0,0,42496,12,6609624410
10449,87173960,156524073,243698033,5,0,1,2560,7,7204109473
10450,87178180,114393963,201572143,5,0,0,52736,7,5571352371
10451,87188730,114458729,201647459,6,0,0,27136,12,2877756220
10452,87189090,114692853,201881943,5,0,0,87040,7,266195946
10453,87191290,114730317,201921607,8,0,0,27648,12,2676296746
10454,87192950,114485287,201678237,6,0,0,5632,12,6225630539
10455,87196260,156513136,243709396,0,0,1,5632,14,8047989200
10456,87200220,156536690,243736910,8,0,1,17408,12,10448192725
10457,87219650,114363984,201583634,7,0,0,17920,9,9033622960
10458,87219851,114949168,202169019,2,0,0,38912,12,6708355767
10459,87220520,114765205,201985725,5,0,0,3072,7,3599893727
10460,87225881,114365888,201591769,2,0,0,26624,12,1563171690
10461,87239810,115423697,202663507,8,0,0,64000,12,8302116404
10462,87245330,156685919,243931249,9,0,1,185856,3,7553885892
10463,87291540,115472480,202764020,4,0,0,50176,12,4346734696
10464,87309620,114745229,202054849,7,0,0,35328,9,6721458980
10465,87312300,114799668,202111968,7,0,0,187392,9,67361850
10466,87314510,114410969,201725479,4,0,0,4608,12,3855511662
10467,87318030,114527944,201845974,0,0,0,5632,14,10163783786
10468,87323449,156620021,243943470,6,0,1,1024,12,8566214969
10469,87327230,114683927,202011157,1,0,0,53248,6,3100307422
10470,87327570,114413023,201740593,0,0,0,25600,14,3709515416
10471,87332500,114601097,201933597,0,0,0,23552,14,6248961276
10472,87340690,115205752,202546442,5,0,0,16896,7,4766255729
10473,87341160,114957913,202299073,7,0,0,53248,9,4225592371
10474,87349000,114769239,202118239,8,0,0,20480,12,9525296041
10475,87361450,115805568,203167018,0,0,0,47104,14,488853065
10476,87378930,115070579,202449509,1,0,0,37888,6,2071842949
10477,87385060,114838354,202223414,7,0,0,62976,9,4951242592
10478,87390699,156552794,243943493,7,0,1,12800,9,602695716
10479,87397250,116109175,203506425,9,0,0,4096,3,5058127024
10480,87413690,114857373,202271063,4,0,0,7168,12,3377358804
10481,87416010,115680444,203096454,8,0,0,425984,12,7421386471
10482,87418191,114850665,202268856,2,0,0,41984,12,2406770723
10483,87429541,114947983,202377524,2,0,0,33280,12,5152368486
10484,87434250,114845416,202279666,6,0,0,28160,12,1299794380
10485,87441470,115052200,202493670,9,0,0,34304,3,895117230
10486,87442040,114963431,202405471,7,0,0,91648,9,3270811653
10487,87471070,115240866,202711936,9,0,0,41472,3,7313928054
10488,87472390,115940704,203413094,6,0,0,133632,12,5766622282
10489,87478310,115206748,202685058,9,0,0,70656,3,10693264464
10490,87480090,115219187,202699277,1,0,0,46592,6,4279689680
10491,87487860,114977150,202465010,6,0,0,11776,12,1267077521
10492,87505600,115597593,203103193,0,0,0,22016,14,9470652568
10493,87531160,115401534,202932694,1,0,0,32768,6,5017771615
10494,87534240,116073987,203608227,7,0,0,120320,9,10657692357
10495,87551070,115317229,202868299,8,0,0,45568,12,5050656770
10496,87567070,156376446,243943516,5,0,1,12288,7,9719583917
10497,87569540,114887529,202457069,6,0,0,11776,12,5155400945
10498,87573250,115070734,202643984,0,0,0,109056,14,1771227346
10499,87594390,115555383,203149773,3,0,0,98816,9,7593429726
10500,87594880,115644386,203239266,3,0,0,45056,9,37144497
10501,87598951,114907744,202506695,2,0,0,7680,12,758898385
10502,87601160,115614687,203215847,4,0,0,1024,12,1980016796
10503,87605730,156339398,243945128,9,0,1,4608,3,8729561615
10504,87606540,156376575,243983115,3,0,1,20992,9,1250748525
10505,87631700,156351438,243983138,9,0,1,512,3,8495886634
10506,87631941,115158364,202790305,2,0,0,81920,12,8901168338
10507,87638210,114964653,202602863,7,0,0,10240,9,822815454
10508,87639280,115305861,202945141,3,0,0,14336,9,3379840813
10509,87641270,115883045,203524315,4,0,0,44544,12,9707387877
10510,87645710,114848139,202493849,7,0,0,512,9,3071068890
10511,87646580,115266716,202913296,7,0,0,43520,9,9851048689
10512,87652570,115090643,202743213,3,0,0,25088,9,9069326829
10513,87654439,156332243,243986682,4,0,1,7168,12,1048434090
10514,87658750,156390925,244049675,8,0,1,30720,12,6609717290
10515,87683520,115216493,202900013,7,0,0,54784,9,6115254220
10516,87693600,115933907,203627507,5,0,0,13312,7,6733497031
10517,87701320,115259963,202961283,1,0,0,9216,6,775161586
10518,87705910,115717815,203423725,3,0,0,34816,9,4576409238
10519,87709920,115613507,203323427,0,0,0,49664,14,1927738476
10520,87729990,115153308,202883298,1,0,0,49152,6,7071008763
10521,87736881,115055163,202792044,2,0,0,5632,12,1360057803
10522,87738770,115183917,202922687,0,0,0,30720,14,267885883
10523,87742710,115072473,202815183,1,0,0,3072,6,1071851524
10524,87767260,115668390,203435650,6,0,0,38912,12,3306326324
10525,87769930,115339526,203109456,0,0,0,20480,14,3312357143
10526,87778910,116121280,203900190,5,0,0,122880,7,5487770039
10527,87783590,115336052,203119642,8,0,0,33280,12,6482343580
10528,87791820,156260241,244052061,0,0,1,2048,14,258466789
10529,87797789,156254295,244052084,4,0,1,8192,12,659296230
10530,87809021,115892210,203701231,2,0,0,23040,12,915850176
10531,87809570,115343073,203152643,7,0,0,9216,9,9238144409
10532,87829760,115448483,203278243,3,0,0,121856,9,6035508276
10533,87838060,156214047,244052107,8,0,1,512,12,9614495232
10534,87839840,115914996,203754836,0,0,0,107008,14,2658324745
10535,87843660,115779768,203623428,6,0,0,26112,12,4396428891
10536,87851610,115456654,203308264,3,0,0,98304,9,4126411731
10537,87858470,156193660,244052130,3,0,1,45568,9,4012969476
10538,87858931,115496863,203355794,2,0,0,26624,12,4468254667
10539,87866320,115782940,203649260,5,0,0,18432,7,5364442061
10540,87872840,116326419,204199259,1,0,0,91136,6,1042498035
10541,87881790,115733659,203615449,8,0,0,18432,12,4604564498
10542,87886000,156260558,244146558,9,0,1,36864,3,2529236552
10543,87887299,156283736,244171035,7,0,1,20992,9,5222225280
10544,87888680,116071679,203960359,1,0,0,140288,6,812706271
10545,87896470,116210041,204106511,8,0,0,28672,12,5790100918
10546,87899060,116403117,204302177,8,0,0,20480,12,9560237727
10547,87900750,156277924,244178674,8,0,1,15872,12,1203134082
10548,87903220,115631102,203534322,9,0,0,32768,3,7931913279
10549,87912150,116719835,204631985,0,0,0,77312,14,3277513647
10550,87942380,156237120,244179500,0,0,1,12288,14,5273348764
10551,87946600,156245648,244192248,8,0,1,8192,12,448590567
10552,87951990,116097381,204049371,3,0,0,138240,9,5348803138
10553,87953460,116292391,204245851,7,0,0,16384,9,9542309848
10554,87959569,156648784,244608353,6,0,1,1024,12,10316281868
10555,87962500,115679226,203641726,0,0,0,46592,14,2341066182
10556,87974510,156905492,244880002,3,0,1,11776,9,9995934951
10557,87977290,115795373,203772663,8,0,0,54272,12,2087416529
10558,87981560,156962181,244943741,0,0,1,14848,14,10252144520
10559,87982490,115553727,203536217,7,0,0,6144,9,1777611330
10560,87991830,115617980,203609810,1,0,0,5120,6,10631318095
10561,87994959,156969349,244964308,7,0,1,9728,9,6776208558
10562,87996040,115562119,203558159,9,0,0,9216,3,6108572233
10563,87999080,116076942,204076022,9,0,0,53760,3,2358398502
10564,88004160,115815864,203820024,5,0,0,6144,7,4622469493
10565,88006790,115636831,203643621,7,0,0,6144,9,2135944197
10566,88008980,115853747,203862727,3,0,0,4096,9,3007139004
10567,88015140,157477363,245492503,5,0,1,59392,7,7526367954
10568,88018389,157476032,245494421,7,0,1,8192,9,6646546795
10569,88019280,115635697,203654977,1,0,0,13824,6,5518702625
10570,88019850,116862329,204882179,6,0,0,196608,12,1969573227
10571,88037050,116134418,204171468,0,0,0,3072,14,9986157429
10572,88053660,115942771,203996431,4,0,0,36864,12,6781511855
10573,88073670,115843922,203917592,7,0,0,13824,9,429841447
10574,88096580,116663135,204759715,4,0,0,147968,12,8450704675
10575,88116020,115702109,203818129,8,0,0,17408,12,3911657439
10576,88134250,116036259,204170509,9,0,0,138240,3,4840989581
10577,88141010,116811967,204952977,5,0,0,40448,7,1657421284
10578,88143490,116246708,204390198,6,0,0,111104,12,8823170047
10579,88149470,116206853,204356323,6,0,0,56320,12,8458767828
10580,88164170,115799199,203963369,9,0,0,9728,3,6134010322
10581,88174790,115795313,203970103,3,0,0,11264,9,8936566313
10582,88182390,116022828,204205218,6,0,0,19456,12,2960357754
10583,88191661,116331948,204523609,2,0,0,19456,12,7304506579
10584,88203430,116223807,204427237,5,0,0,5632,7,2688522463
10585,88203940,116373077,204577017,4,0,0,56832,12,9373107304
10586,88210060,115887045,204097105,7,0,0,69120,9,9415423703
10587,88220990,115876762,204097752,7,0,0,2048,9,3708704966
10588,88240370,116699769,204940139,4,0,0,55808,12,6118546268
10589,88243351,116164818,204408169,2,0,0,58880,12,2998026320
10590,88247790,115963847,204211637,9,0,0,20992,3,4805802368
10591,88254120,157240324,245494444,3,0,1,9216,9,3022695179
10592,88255460,115794090,204049550,4,0,0,512,12,6383633199
10593,88265749,157253903,245519652,6,0,1,37376,12,6616158039
10594,88270000,117540948,205810948,6,0,0,987648,12,5098790050
10595,88286710,157232965,245519675,1,0,1,8704,6,8420437088
10596,88287870,116893859,205181729,8,0,0,31744,12,5465557630
10597,88295260,117636327,205931587,5,0,0,264704,7,1854706665
10598,88298460,157260284,245558744,0,0,1,7168,14,806171026
10599,88301130,157257637,245558767,3,0,1,11776,9,3545440874
10600,88306970,117189196,205496166,9,0,0,94720,3,8287325597
10601,88321700,116618930,204940630,8,0,0,1536,12,907944722
10602,88322530,116445008,204767538,7,0,0,25600,9,6265243114
10603,88330311,117505868,205836179,2,0,0,48128,12,9370059138
10604,88330630,116592482,204923112,3,0,0,46592,9,10648857715
10605,88330850,116564456,204895306,4,0,0,43008,12,7262241358
10606,88332539,157226251,245558790,4,0,1,5632,12,6512614609
10607,88339430,117025484,205364914,4,0,0,122880,12,10146640773
10608,88347400,157232831,245580231,3,0,1,33792,9,8009096746
10609,88357090,116895509,205252599,4,0,0,194560,12,3058323250
10610,88358360,116697995,205056355,6,0,0,1024,12,3072339742
10611,88376470,157203792,245580262,3,0,1,59392,9,3418919216
10612,88381480,116811816,205193296,3,0,0,37888,9,8092379115
10613,88400710,157179575,245580285,8,0,1,4608,12,7627570243
10614,88402760,117568052,205970812,4,0,0,120320,12,8891360327
10615,88403260,157199714,245602974,8,0,1,11264,12,3249440663
10616,88413950,117580579,205994529,5,0,0,11264,7,5238204016
10617,88416500,157327169,245743669,3,0,1,182784,9,7958001272
10618,88417430,157330497,245747927,5,0,1,2560,7,5638523267
10619,88421501,116713052,205134553,2,0,0,29696,12,7059294493
10620,88424790,117391531,205816321,4,0,0,17408,12,2323335093
10621,88428010,157319940,245747950,0,0,1,13824,14,4580926645
10622,88444920,157945801,246390721,3,0,1,442368,9,8545594479
10623,88452610,117398279,205850889,6,0,0,48128,12,3420213906
10624,88454590,158023071,246477661,3,0,1,47616,9,862870363
10625,88458419,158019265,246477684,7,0,1,1024,9,7623612835
10626,88469620,116906104,205375724,8,0,0,35328,12,1586645592
10627,88480100,116910121,205390221,0,0,0,7168,14,10602240552
10628,88481470,117540636,206022106,7,0,0,39936,9,10048110933
10629,88484820,116975888,205460708,8,0,0,45568,12,5124863490
10630,88501781,117540206,206041987,2,0,0,65024,12,8255583255
10631,88507530,116880484,205388014,0,0,0,37376,14,6014552710
10632,88516610,116950673,205467283,9,0,0,21504,3,2942674893
10633,88530170,116890890,205421060,6,0,0,40448,12,8660377804
10634,88534430,157943277,246477707,8,0,1,6656,12,4841307851
10635,88538200,157939530,246477730,8,0,1,38400,12,5082615420
10636,88554340,157928351,246482691,8,0,1,2048,12,4639905641
10637,88588640,157899338,246487978,1,0,1,16896,6,5713719864
10638,88626320,157896698,246523018,5,0,1,36352,7,9205822952
10639,88639080,117351971,205991051,3,0,0,38912,9,1582790037
10640,88643190,117178302,205821492,0,0,0,16896,14,1191412963
10641,88676370,157851307,246527677,0,0,1,5632,14,10664967480
10642,88703280,117275892,205979172,3,0,0,27136,9,1261695676
10643,88706100,157832419,246538519,1,0,1,19968,6,8835338371
10644,88722510,157824808,246547318,5,0,1,13312,7,4150489033
10645,88728730,117281054,206009784,4,0,0,49664,12,2406913526
10646,88735750,117349355,206085105,4,0,0,141312,12,8221436900
10647,88735790,157815714,246551504,0,0,1,6656,14,2497868770
10648,88736050,117198079,205934129,4,0,0,2560,12,2377303025
10649,88739009,157825521,246564530,6,0,1,2048,12,6574709248
10650,88742440,117190886,205933326,8,0,0,5632,12,2729847988
10651,88755410,117442487,206197897,1,0,0,12288,6,9015607961
10652,88756240,117421774,206178014,5,0,0,150528,7,191883672
10653,88759280,117327196,206086476,1,0,0,4096,6,2686029838
10654,88781890,117306660,206088550,1,0,0,6656,6,9020032356
10655,88791889,157774267,246566156,7,0,1,2560,9,1361718830
10656,88795220,117746513,206541733,8,0,0,69632,12,8939340297
10657,88805340,117502461,206307801,3,0,0,4096,9,10491284260
10658,88814219,157752501,246566720,7,0,1,10752,9,8121899584
10659,88817690,157780617,246598307,8,0,1,44032,12,2807443667
10660,88819340,117361240,206180580,4,0,0,5632,12,2248683585
10661,88819470,117623250,206442720,9,0,0,11776,3,6045400124
10662,88831901,117425847,206257748,2,0,0,48128,12,10509295875
10663,88834961,117740380,206575341,2,0,0,48128,12,9590507712
10664,88844920,117607922,206452842,8,0,0,10752,12,2414291674
10665,88851400,117868936,206720336,3,0,0,23552,9,1738812482
10666,88872730,118169674,207042404,0,0,0,71680,14,10395067401
10667,88876360,117495065,206371425,1,0,0,11264,6,10493197619
10668,88878250,117910594,206788844,1,0,0,28160,6,6071415325
10669,88886020,118462719,207348739,5,0,0,130560,7,7416616899
10670,88892500,118690499,207582999,3,0,0,87040,9,9065160367
10671,88892711,117627783,206520494,2,0,0,160256,12,7533935955
10672,88892870,117710574,206603444,3,0,0,92160,9,7734641359
10673,88896589,157740026,246636615,7,0,1,20480,9,6307885879
10674,88898080,157739841,246637921,0,0,1,2048,14,386857468
10675,88916160,117781867,206698027,0,0,0,44032,14,2144794045
10676,88925500,118616333,207541833,9,0,0,39424,3,4703849092
10677,88947271,118432847,207380118,2,0,0,102912,12,708584447
10678,88962260,118232101,207194361,8,0,0,24064,12,3701881141
10679,88964340,117331222,206295562,6,0,0,27136,12,8545865671
10680,88965680,118202202,207167882,8,0,0,385024,12,4356293666
10681,88966750,117782469,206749219,4,0,0,94720,12,7764765682
10682,88975840,118247614,207223454,9,0,0,59392,3,4362176717
10683,88977569,157660506,246638075,7,0,1,8704,9,5617349908
10684,88979770,117773692,206753462,6,0,0,5120,12,7404260704
10685,88983160,117568024,206551184,4,0,0,1536,12,3334500425
10686,88986540,118267995,207254535,5,0,0,33792,7,6515986905
10687,88987140,118766554,207753694,6,0,0,110592,12,5231168080
10688,88989770,118215565,207205335,4,0,0,35840,12,8758248989
10689,88997990,118401572,207399562,7,0,0,11776,9,8652525375
10690,89008600,118617803,207626403,9,0,0,18432,3,9236887747
10691,89012420,117877603,206890023,5,0,0,95744,7,383023676
10692,89019560,118838284,207857844,1,0,0,81408,6,897306627
10693,89020800,157626253,246647053,9,0,1,1024,3,3881174412
10694,89026640,118364265,207390905,0,0,0,35328,14,4168039439
10695,89026989,157621344,246648333,7,0,1,14336,9,7911741905
10696,89052330,157603532,246655862,9,0,1,3584,3,4222253675
10697,89055110,118200852,207255962,6,0,0,4608,12,5305050617
10698,89073540,157584908,246658448,8,0,1,4096,12,63510007
10699,89075220,157583574,246658794,5,0,1,512,7,7141635083
10700,89077950,118631464,207709414,8,0,0,35840,12,5435277620
10701,89083810,118217866,207301676,5,0,0,46080,7,2260785730
10702,89090070,118984423,208074493,7,0,0,218624,9,3218256969
10703,89091550,118090863,207182413,9,0,0,47616,3,3256103803
10704,89093060,119215610,208308670,4,0,0,33280,12,9205666921
10705,89094971,119059648,208154619,2,0,0,54272,12,2251177332
10706,89109430,118895551,208004981,7,0,0,203264,9,2185443204
10707,89115750,118500367,207616117,5,0,0,108544,7,8406957526
10708,89119460,119262604,208382064,3,0,0,22528,9,5552740915
10709,89122270,119376474,208498744,9,0,0,12288,3,3775424834
10710,89131230,119219899,208351129,0,0,0,9728,14,4017408633
10711,89138421,118993424,208131845,2,0,0,46592,12,700629749
10712,89142360,119098450,208240810,6,0,0,26112,12,5781793322
10713,89162580,119470510,208633090,7,0,0,124416,9,4221943111
10714,89163920,118554721,207718641,8,0,0,30208,12,6816341385
10715,89170200,118117413,207287613,6,0,0,5120,12,4748773383
10716,89184880,118753716,207938596,6,0,0,210432,12,8404638006
10717,89185291,118210652,207395943,2,0,0,16384,12,9029241327
10718,89198140,119269980,208468120,7,0,0,32768,9,7078019646
10719,89202860,117984123,207186983,0,0,0,7680,14,2478577349
10720,89206490,117978130,207184620,7,0,0,7168,9,1164341642
10721,89209810,157450610,246660420,9,0,1,2560,3,8164974439
10722,89216130,118427111,207643241,0,0,0,2048,14,6896828933
10723,89219510,119428424,208647934,4,0,0,47104,12,6938314564
10724,89230560,118602434,207832994,8,0,0,50688,12,4541577593
10725,89238290,119575778,208814068,1,0,0,92160,6,2423754698
10726,89242809,157421477,246664286,4,0,1,6144,12,3423750405
10727,89244671,118872924,208117595,2,0,0,107520,12,137060923
10728,89251700,119804661,209056361,0,0,0,47104,14,9763578603
10729,89261901,119705918,208967819,2,0,0,39936,12,3317024063
10730,89265150,157415094,246680244,8,0,1,2560,12,5756939176
10731,89308530,157396313,246704843,0,0,1,35840,14,6858476912
10732,89311560,118696252,208007812,9,0,0,9216,3,12717249
10733,89330159,157399675,246729834,7,0,1,1536,9,259524732
10734,89335970,118447753,207783723,6,0,0,62976,12,2380542506
10735,89338700,158225609,247564309,3,0,1,272384,9,3166037936
10736,89338870,118530104,207868974,8,0,0,11264,12,7377042538
10737,89344330,118828156,208172486,3,0,0,36864,9,10451455840
10738,89351940,118316422,207668362,6,0,0,18432,12,10368654489
10739,89358430,118726382,208084812,1,0,0,33792,6,832250537
10740,89365780,158499616,247865396,3,0,1,137728,9,7332243207
10741,89379210,118486309,207865519,0,0,0,25088,14,9321214222
10742,89391070,119488618,208879688,1,0,0,40960,6,7020016417
10743,89410820,118343521,207754341,5,0,0,2048,7,799854913
10744,89414470,158473615,247888085,9,0,1,9216,3,5539817697
10745,89423121,118769980,208193101,2,0,0,67584,12,6173416432
10746,89434030,118811506,208245536,3,0,0,15360,9,8353332511
10747,89435680,118783312,208218992,5,0,0,22016,7,1650668684
10748,89444230,118852796,208297026,5,0,0,5632,7,2762693917
10749,89449830,158438278,247888108,1,0,1,14336,6,3530851264
10750,89452800,118490187,207942987,8,0,0,14336,12,4185955214
10751,89455040,120324380,209779420,4,0,0,23552,12,9777767461
10752,89465350,120120962,209586312,3,0,0,90624,9,2049591464
10753,89471221,118403236,207874457,2,0,0,17920,12,1874740822
10754,89479820,118814508,208294328,7,0,0,102912,9,8507012612
10755,89487810,118858570,208346380,4,0,0,94208,12,4177359566
10756,89500709,158387422,247888131,4,0,1,7168,12,3295156669
10757,89508879,158439553,247948432,6,0,1,9216,12,3573455247
10758,89511420,119338262,208849682,9,0,0,50688,3,3044615775
10759,89512690,119405755,208918445,5,0,0,102400,7,4411572930
10760,89527810,118767477,208295287,4,0,0,3072,12,4673908170
10761,89530750,120099391,209630141,4,0,0,35328,12,8682020927
10762,89537180,119762344,209299524,1,0,0,105984,6,7708124665
10763,89538730,120371469,209910199,8,0,0,26624,12,1591533615
10764,89546510,118590038,208136548,4,0,0,15360,12,8650608095
10765,89547930,158439392,247987322,1,0,1,23040,6,1015634167
10766,89552870,119912806,209465676,4,0,0,7168,12,2210167887
10767,89570500,158710290,248280790,3,0,1,268800,9,4759834811
10768,89570980,158709833,248280813,9,0,1,14848,3,5448767489
10769,89586280,118778178,208364458,5,0,0,43520,7,6717063611
10770,89591990,118801865,208393855,3,0,0,37888,9,10118001856
10771,89593580,118974743,208568323,6,0,0,18432,12,10556099788
10772,89595110,119527155,209122265,0,0,0,19456,14,2421357919
10773,89595440,119833864,209429304,6,0,0,2560,12,636002411
10774,89634980,158672838,248307818,1,0,1,3584,6,4560965760
10775,89636710,119580814,209217524,8,0,0,53248,12,5607366241
10776,89653170,119436933,209090103,8,0,0,60928,12,3380081219
10777,89669390,118759110,208428500,1,0,0,28160,6,568781001
10778,89674751,118735390,208410141,2,0,0,18944,12,6602478060
10779,89680820,118667299,208348119,8,0,0,5632,12,5886049338
10780,89683870,119564565,209248435,0,0,0,101376,14,3233938938
10781,89686630,119195577,208882207,4,0,0,8192,12,6312871709
10782,89690019,158618145,248308164,7,0,1,512,9,3446068205
10783,89709760,118710137,208419897,1,0,0,27648,6,8254915207
10784,89725220,119787583,209512803,7,0,0,6656,9,5050013019
10785,89734780,158591501,248326281,1,0,1,35328,6,1190713627
10786,89739970,119147252,208887222,5,0,0,16384,7,8720541624
10787,89742099,158609647,248351746,6,0,1,7680,12,6873656183
10788,89744270,119844896,209589166,6,0,0,6144,12,6167828019
10789,89752340,119699250,209451590,7,0,0,37888,9,9460492664
10790,89767700,119162861,208930561,4,0,0,29184,12,10573926605
10791,89771640,119095537,208867177,1,0,0,57344,6,9421051559
10792,89786210,120221652,210007862,3,0,0,59392,9,8890245399
10793,89794400,120107664,209902064,5,0,0,40960,7,7160950868
10794,89799770,119186540,208986310,6,0,0,15872,12,5169466530
10795,89802550,158599181,248401731,3,0,1,93696,9,7727679388
10796,89808780,119902910,209711690,9,0,0,38400,3,2683724392
10797,89814331,119019884,208834215,2,0,0,66048,12,1215661194
10798,89825069,158576685,248401754,6,0,1,1024,12,4585822364
10799,89850750,118814367,208665117,4,0,0,56320,12,7795962060
10800,89856280,119408714,209264994,4,0,0,54272,12,1718667158
10801,89857011,120392437,210249448,2,0,0,33280,12,6346724445
10802,89858070,119213446,209071516,3,0,0,49664,9,7155354026
10803,89880080,118857092,208737172,3,0,0,6144,9,5423277119
10804,89887200,120582286,210469486,6,0,0,106496,12,5375896339
10805,89891670,158510107,248401777,0,0,1,9216,14,9490464147
10806,89893650,119806317,209699967,8,0,0,53760,12,1399191830
10807,89895300,120427753,210323053,1,0,0,38400,6,2166533779
10808,89904090,120335195,210239285,1,0,0,129536,6,7613955727
10809,89906370,118861355,208767725,7,0,0,18432,9,9915809295
10810,89917591,119022509,208940100,2,0,0,31232,12,7112974256
10811,89920220,158497958,248418178,9,0,1,7680,3,6084599668
10812,89922490,120173725,210096215,0,0,0,220672,14,9916690215
10813,89946250,158523342,248469592,3,0,1,44544,9,6512996069
10814,89954370,119405536,209359906,3,0,0,19456,9,2766760637
10815,89956230,119245024,209201254,3,0,0,70656,9,73405057
10816,89961670,120060099,210021769,7,0,0,45568,9,3703348763
10817,89965500,119343282,209308782,8,0,0,10240,12,10655298029
10818,89989199,158505688,248494887,6,0,1,1536,12,7284271024
10819,89992260,158503293,248495553,5,0,1,11264,7,8074798403
10820,90011990,120402154,210414144,8,0,0,65024,12,6265598691
10821,90021910,119488842,209510752,5,0,0,14336,7,9647486375
10822,90023259,158486249,248509508,7,0,1,4096,9,5647653015
10823,90023900,158485631,248509531,8,0,1,9216,12,10330825755
10824,90046520,119745461,209791981,8,0,0,1536,12,7363073752
10825,90048260,119044206,209092466,6,0,0,7680,12,5262371869
10826,90055530,119211679,209267209,7,0,0,7168,9,6738149822
10827,90064160,119399309,209463469,3,0,0,38912,9,5824972488
10828,90067569,158478215,248545784,4,0,1,15360,12,8238478667
10829,90068740,120495404,210564144,7,0,0,54272,9,4451224074
10830,90073780,119598529,209672309,8,0,0,52736,12,7033181166
10831,90089930,119505187,209595117,4,0,0,19456,12,7354520185
10832,90093820,120043250,210137070,3,0,0,26112,9,8123140425
10833,90122960,119746706,209869666,1,0,0,14336,6,2332063406
10834,90129319,158418800,248548119,4,0,1,2560,12,5712551537
10835,90130800,119427877,209558677,1,0,0,84992,6,1142454819
10836,90132560,119278343,209410903,9,0,0,90112,3,1315062315
10837,90136620,158420952,248557572,5,0,1,22016,7,1045771425
10838,90140960,119631261,209772221,8,0,0,19456,12,6975216141
10839,90149870,119327997,209477867,7,0,0,39936,9,4607221998
10840,90151521,119154118,209305639,2,0,0,19968,12,3843182978
10841,90154419,158620113,248774532,6,0,1,31744,12,9923984992
10842,90158490,119195068,209353558,1,0,0,8704,6,2339587510
10843,90188120,158586668,248774788,5,0,1,9216,7,2987720921
10844,90199680,119828820,210028500,6,0,0,22016,12,3304738477
10845,90200141,119938338,210138479,2,0,0,1024,12,1407601058
10846,90203031,119735979,209939010,2,0,0,37376,12,1398356883
10847,90212370,158562674,248775044,5,0,1,9216,7,3329463140
10848,90241500,119932169,210173669,0,0,0,8192,14,1188854735
10849,90251410,120185605,210437015,5,0,0,18944,7,9538201431
10850,90253000,119908273,210161273,1,0,0,34816,6,5209724250
10851,90259769,158519366,248779135,4,0,1,9216,12,4145114223
10852,90263820,119519051,209782871,1,0,0,6144,6,2214772300
10853,90270160,119413404,209683564,1,0,0,36864,6,4579142787
10854,90271680,120428611,210700291,5,0,0,48128,7,8424594775
10855,90283710,158496501,248780211,8,0,1,13312,12,6822486434
10856,90291360,120698734,210990094,1,0,0,158720,6,8920616946
10857,90296010,120251575,210547585,9,0,0,16896,3,1303306599
10858,90298770,120051035,210349805,7,0,0,1024,9,7802877502
10859,90307460,159323369,249630829,3,0,1,262144,9,638059170
10860,90313231,121016218,211329449,2,0,0,159232,12,9548618670
10861,90317360,159326380,249643740,0,0,1,37376,14,2339896051
10862,90321970,120513849,210835819,9,0,0,18432,3,6843715102
10863,90327930,119942395,210270325,7,0,0,40960,9,8125045153
10864,90338059,159383264,249721323,6,0,1,16896,12,4721172163
10865,90344050,121008954,211353004,3,0,0,20992,9,1056780410
10866,90344910,159386016,249730926,8,0,1,12800,12,10714674711
10867,90347230,119170003,209517233,4,0,0,6144,12,4443714049
10868,90347760,120509142,210856902,3,0,0,69120,9,9983890674
10869,90362881,120571920,210934801,2,0,0,131072,12,1262466203
10870,90367310,119738201,210105511,5,0,0,19968,7,4884799669
10871,90379860,119207411,209587271,3,0,0,3072,9,404995554
10872,90398710,119367560,209766270,0,0,0,71680,14,3957104389
10873,90399260,120400899,210800159,1,0,0,240640,6,992266765
10874,90406381,120114924,210521305,2,0,0,25600,12,1523190185
10875,90418100,119691091,210109191,6,0,0,11776,12,2064741630
10876,90423660,119675721,210099381,3,0,0,9728,9,8874832756
10877,90426690,120648984,211075674,4,0,0,181760,12,4827096226
10878,90427350,120699904,211127254,7,0,0,99840,9,5833353113
10879,90440730,119655664,210096394,4,0,0,512,12,5790796843
10880,90449850,119729614,210179464,0,0,0,18944,14,7494792063
10881,90460010,120117284,210577294,6,0,0,12800,12,6843390769
10882,90503630,120717140,211220770,1,0,0,33280,6,4210329468
10883,90503850,120952180,211456030,8,0,0,5120,12,4259413608
10884,90504420,119925071,210429491,6,0,0,19456,12,2348372764
10885,90504620,120359949,210864569,1,0,0,25088,6,6017599137
10886,90518940,119984743,210503683,4,0,0,9728,12,10645781799
10887,90521840,120066575,210588415,4,0,0,3584,12,7463782018
10888,90528190,119997818,210526008,1,0,0,15360,6,8020501816
10889,90529630,159223862,249753492,5,0,1,16896,7,7765557935
10890,90535431,120484840,211020271,2,0,0,97280,12,7771097738
10891,90538911,119828042,210366953,2,0,0,5120,12,6557934790
10892,90548360,159234506,249782866,5,0,1,34304,7,2566537134
10893,90549810,120631807,211181617,1,0,0,25600,6,1017030540
10894,90550890,121059034,211609924,7,0,0,60416,9,7152921323
10895,90552750,120657857,211210607,1,0,0,86016,6,7519828478
10896,90555741,120535431,211091172,2,0,0,37376,12,2502613080
10897,90559010,120867659,211426669,5,0,0,56320,7,7648189054
10898,90579340,119994031,210573371,7,0,0,30208,9,8158924435
10899,90590050,159218288,249808338,9,0,1,25600,3,564607460
10900,90598700,119877985,210476685,9,0,0,23552,3,4418900694
10901,90604420,120772422,211376842,6,0,0,20992,12,9202966911
10902,90606220,120674690,211280910,3,0,0,7168,9,9741840202
10903,90622350,121004000,211626350,8,0,0,1536,12,9436893096
10904,90641940,121153069,211795009,0,0,0,222208,14,2861238452
10905,90656590,159599455,250256045,5,0,1,144384,7,2210502196
10906,90659019,159625470,250284489,7,0,1,9728,9,8066147857
10907,90666660,120159262,210825922,5,0,0,84480,7,10367708990
10908,90673490,120052647,210726137,5,0,0,37376,7,4520683135
10909,90681540,120025973,210707513,0,0,0,23040,14,3372010196
10910,90688270,121146322,211834592,7,0,0,45056,9,4642952809
10911,90704860,119966767,210671627,1,0,0,32768,6,6763717342
10912,90712590,120913269,211625859,8,0,0,52224,12,5609409765
10913,90720000,120747091,211467091,5,0,0,21504,7,8507952552
10914,90735120,120095060,210830180,9,0,0,2048,3,624166489
10915,90739759,159550375,250290134,4,0,1,26624,12,5515460124
10916,90757760,120381217,211138977,6,0,0,38400,12,627802735
10917,90760630,120181081,210941711,6,0,0,22528,12,3383118691
10918,90761760,120112839,210874599,0,0,0,30208,14,2701174687
10919,90763520,120758666,211522186,1,0,0,60928,6,217027851
10920,90765069,159569844,250334913,4,0,1,11264,12,8927130130
10921,90782910,119917560,210700470,3,0,0,512,9,5379749346
10922,90784140,120888713,211672853,0,0,0,25088,14,430327129
10923,90785590,121034581,211820171,3,0,0,18944,9,3574938297
10924,90803930,121212260,212016190,4,0,0,135168,12,1022374871
10925,90835599,159499660,250335259,6,0,1,512,12,9488960531
10926,90842560,120022812,210865372,4,0,0,2560,12,4658705917
10927,90850990,119978543,210829533,3,0,0,11776,9,2803696590
10928,90869160,120398501,211267661,7,0,0,25600,9,2470178223
10929,90869200,119736547,210605747,5,0,0,3072,7,1421509869
10930,90874450,159531359,250405809,1,0,1,11264,6,2962675275
10931,90880630,159525202,250405832,5,0,1,41984,7,7251721992
10932,90881790,121216750,212098540,9,0,0,1024,3,1109644386
10933,90886861,120756562,211643423,2,0,0,45568,12,6846291304
10934,90890620,120824471,211715091,7,0,0,40448,9,7742481916
10935,90896681,120382022,211278703,2,0,0,20480,12,643413680
10936,90898990,120091618,210990608,0,0,0,1536,14,2888682027
10937,90915610,120905231,211820841,9,0,0,2048,3,3650186897
10938,90916690,120897686,211814376,5,0,0,63488,7,9639965220
10939,90919970,120221058,211141028,7,0,0,6656,9,10266683963
10940,90929830,159507003,250436833,1,0,1,10752,6,8382186393
10941,90932660,120164151,211096811,1,0,0,18432,6,5279858629
10942,90933990,121116231,212050221,0,0,0,111616,14,7206613633
10943,90958040,121340908,212298948,8,0,0,129536,12,1115854680
10944,90962100,159478279,250440379,3,0,1,5632,9,5641366536
10945,90966240,121527078,212493318,1,0,0,463872,6,6641705680
10946,90974830,121608413,212583243,0,0,0,82944,14,7121989085
10947,90980670,120947459,211928129,5,0,0,8704,7,6768081302
10948,91003280,120076473,211079753,7,0,0,13312,9,8534495740
10949,91003850,120142661,211146511,9,0,0,17920,3,9733049625
10950,91015400,121897129,212912529,5,0,0,96256,7,1496761660
10951,91038030,159488900,250526930,8,0,1,34816,12,9538331058
10952,91042920,121183937,212226857,9,0,0,54272,3,10598297184
10953,91047140,120680142,211727282,1,0,0,39936,6,10130920349
10954,91051480,121656942,212708422,9,0,0,67584,3,7163662817
10955,91075690,121945368,213021058,6,0,0,34816,12,6575839321
10956,91086646,120439018,211525664,3,0,0,3584,9,8683025165
10957,91089870,120784606,211874476,3,0,0,37376,9,1988374199
10958,91103570,120229646,211333216,3,0,0,12288,9,1847303774
10959,91115230,121486756,212601986,9,0,0,61440,3,2985639122
10960,91122010,159420410,250542420,9,0,1,10240,3,4286395143
10961,91136241,121387364,212523605,2,0,0,99328,12,5195840595
10962,91164410,121804854,212969264,3,0,0,62464,9,3763202567
10963,91179500,120892949,212072449,8,0,0,21504,12,10408077443
10964,91197140,121038008,212235148,1,0,0,27136,6,6489606780
10965,91220080,121022290,212242370,7,0,0,8192,9,1022180999
10966,91221560,121441335,212662895,7,0,0,39936,9,5618733430
10967,91225440,120181339,211406779,8,0,0,5120,12,3181569779
10968,91239860,120284689,211524549,8,0,0,7680,12,5114306563
10969,91241100,120199100,211440200,6,0,0,4608,12,6579034381
10970,91261929,159309078,250571007,6,0,1,15872,12,2322370433
10971,91269090,120433638,211702728,6,0,0,72704,12,842772614
10972,91278720,121049651,212328371,4,0,0,5120,12,6949973490
10973,91279490,120396662,211676152,4,0,0,10752,12,706019302
10974,91300400,121350304,212650704,5,0,0,48128,7,9275949735
10975,91303210,121834596,213137806,5,0,0,7168,7,1463288220
10976,91303800,121332217,212636017,3,0,0,111616,9,1757922762
10977,91304040,120935811,212239851,7,0,0,15360,9,2581304274
10978,91306070,159425039,250731109,5,0,1,38400,7,2026928130
10979,91315780,121430596,212746376,4,0,0,66560,12,8249084586
10980,91319290,120518133,211837423,6,0,0,9216,12,219605176
10981,91319370,159411762,250731132,9,0,1,4608,3,3087386691
10982,91327741,121230207,212557948,2,0,0,112640,12,7383858026
10983,91344800,159401005,250745805,8,0,1,28160,12,3467450912
10984,91347160,121915268,213262428,3,0,0,110080,9,3791076922
10985,91352450,122157326,213509776,3,0,0,47104,9,4938191702
10986,91355629,159396321,250751950,4,0,1,6656,12,8456688207
10987,91366880,159878632,251245512,3,0,1,192512,9,620506165
10988,91373131,121352942,212726073,2,0,0,57856,12,7192273194
10989,91375470,121312337,212687807,7,0,0,13824,9,10476112277
10990,91378360,122337960,213716320,7,0,0,84992,9,8420426076
10991,91383920,121499189,212883109,7,0,0,258048,9,3520679892
10992,91385400,122608579,213993979,1,0,0,87040,6,1042822399
10993,91389500,122747310,214136810,8,0,0,64512,12,2620125753
10994,91389580,160192126,251581706,3,0,1,196096,9,4046917810
10995,91393730,121271216,212664946,6,0,0,6656,12,2394423735
10996,91394620,121390426,212785046,7,0,0,50688,9,8692917201
10997,91406320,160182452,251588772,0,0,1,15872,14,9616626605
10998,91412830,121528574,212941404,9,0,0,67584,3,2329132034
10999,91422110,160901544,252323654,3,0,1,512000,9,10415069638
11000,91431350,120643652,212075002,0,0,0,512,14,4388887928
11001,91432630,121336926,212769556,3,0,0,47616,9,521342190
11002,91440530,120611430,212051960,6,0,0,5632,12,1609612305
11003,91456440,121859105,213315545,7,0,0,115712,9,608533661
11004,91459160,121491003,212950163,7,0,0,28672,9,4392890014
11005,91486520,121722799,213209319,6,0,0,147456,12,15656404
11006,91495530,122806431,214301961,7,0,0,4608,9,10298750609
11007,91506530,121577225,213083755,7,0,0,32256,9,4800021204
11008,91510229,160866705,252376934,4,0,1,26624,12,3937886198
11009,91514900,122290844,213805744,9,0,0,18432,3,4412068080
11010,91516030,121582100,213098130,8,0,0,47104,12,3653570506
11011,91523990,121157679,212681669,0,0,0,54784,14,5452713949
11012,91527820,121859553,213387373,6,0,0,89088,12,2836607648
11013,91529950,121269783,212799733,9,0,0,48128,3,4975044057
11014,91578290,121455413,213033703,8,0,0,9216,12,753628318
11015,91578790,121764297,213343087,8,0,0,78336,12,6628890058
11016,91595771,121764435,213360206,2,0,0,5632,12,8562918738
11017,91597000,160793291,252390291,0,0,1,26112,14,3047133739
11018,91618099,160855509,252473608,6,0,1,17920,12,6758217090
11019,91625650,121506159,213131809,4,0,0,61440,12,4803871049
11020,91628120,121408726,213036846,5,0,0,10240,7,1241944377
11021,91634360,121049204,212683564,7,0,0,6144,9,4051406922
11022,91634480,121847774,213482254,3,0,0,4608,9,5624630114
11023,91640170,160848536,252488706,0,0,1,26112,14,7205369327
11024,91644400,122310474,213954874,6,0,0,7680,12,8528654031
11025,91651480,160953298,252604778,5,0,1,21504,7,9675645490
11026,91653950,121574915,213228865,3,0,0,62464,9,6776651409
11027,91655210,121099815,212755025,8,0,0,7680,12,296083113
11028,91662099,160950392,252612491,7,0,1,11776,9,6818921306
11029,91664780,121087882,212752662,3,0,0,20480,9,8947085350
11030,91676361,122689000,214365361,2,0,0,4096,12,4003555205
11031,91684990,162698815,254383805,3,0,1,748032,9,9428254860
11032,91688380,121232330,212920710,6,0,0,26624,12,3562091309
11033,91689810,162696261,254386071,9,0,1,3584,3,13186973
11034,91695400,121780281,213475681,0,0,0,34816,14,9045925298
11035,91713210,121393523,213106733,5,0,0,28160,7,1800136984
11036,91744780,122014572,213759352,0,0,0,33792,14,9379526604
11037,91745850,121749046,213494896,4,0,0,25088,12,4784332194
11038,91761660,121518598,213280258,5,0,0,58368,7,9893114367
11039,91762659,162632281,254394940,6,0,1,13824,12,1805491467
11040,91766059,162631147,254397206,6,0,1,3584,12,9882376119
11041,91768010,122152484,213920494,6,0,0,62464,12,10075951183
11042,91785630,162775792,254561422,5,0,1,39424,7,10157250672
11043,91789100,121784888,213573988,4,0,0,37376,12,5971019547
11044,91794210,121821961,213616171,6,0,0,15872,12,655867304
11045,91796920,121338656,213135576,3,0,0,12288,9,7290121458
11046,91807830,122425132,214232962,9,0,0,57344,3,6798802599
11047,91808560,121549907,213358467,7,0,0,4608,9,1994877810
11048,91809880,121547160,213357040,6,0,0,21504,12,998472937
11049,91812729,162748716,254561445,7,0,1,8192,9,4749458212
11050,91821740,162740063,254561803,0,0,1,49152,14,5505842675
11051,91835129,162726697,254561826,7,0,1,2048,9,8359850297
11052,91839300,121370510,213209810,7,0,0,1536,9,6836805420
11053,91844200,121554607,213398807,8,0,0,22016,12,1334773428
11054,91847840,122452694,214300534,1,0,0,117760,6,4248382987
11055,91850990,122588960,214439950,0,0,0,2560,14,5607594876
11056,91851549,162710300,254561849,7,0,1,13312,9,3562223896
11057,91851900,121498565,213350465,3,0,0,20480,9,3252664734
11058,91863970,121826431,213690401,0,0,0,60416,14,443221201
11059,91871520,122125602,213997122,1,0,0,10240,6,78325050
11060,91873221,121650462,213523683,2,0,0,45568,12,4117951209
11061,91875990,121468212,213344202,5,0,0,3584,7,5515904811
11062,91876450,121618625,213495075,1,0,0,512,6,5077636809
11063,91898699,162663173,254561872,7,0,1,5632,9,9553019809
11064,91902970,121261398,213164368,7,0,0,4608,9,7676954501
11065,91912850,122165760,214078610,9,0,0,34816,3,4812310170
11066,91918219,162643676,254561895,6,0,1,6144,12,7246610906
11067,91924870,121528422,213453292,0,0,0,23040,14,2969893227
11068,91934360,122582706,214517066,5,0,0,15872,7,4424259428
11069,91937830,162624088,254561918,3,0,1,3584,9,4937038139
11070,91943770,122243451,214187221,1,0,0,165376,6,7491208460
11071,91948810,122724304,214673114,7,0,0,169984,9,5064654510
11072,91961240,122279857,214241097,8,0,0,26624,12,269016372
11073,91962340,122344948,214307288,8,0,0,17408,12,6371196067
11074,91963120,121708850,213671970,1,0,0,82432,6,7156785665
11075,91967370,121465168,213432538,5,0,0,48128,7,4581062944
11076,91970351,122878345,214848696,2,0,0,72192,12,2475947669
11077,91970510,122393580,214364090,0,0,0,72192,14,554668186
11078,91975130,162630925,254606055,5,0,1,77312,7,4275362379
11079,91975990,162640938,254616928,1,0,1,11776,6,502771894
11080,91977979,162642815,254620794,7,0,1,6144,9,4578365953
11081,91978110,121413966,213392076,5,0,0,15360,7,2857201508
11082,91986170,122040977,214027147,5,0,0,87040,7,5695307006
11083,92001480,121823353,213824833,1,0,0,24064,6,3028417439
11084,92003201,122426174,214429375,2,0,0,37888,12,6411730612
11085,92004220,122260411,214264631,5,0,0,68096,7,7521241509
11086,92015980,162608680,254624660,0,0,1,6144,14,4596456945
11087,92018000,122170850,214188850,9,0,0,4096,3,511630233
11088,92034080,162596622,254630702,1,0,1,7168,6,920685063
11089,92036960,121592204,213629164,9,0,0,8192,3,10373871739
11090,92044170,122963349,215007519,7,0,0,198144,9,7953569643
11091,92066780,122432595,214499375,3,0,0,160768,9,7808707890
11092,92082890,122673807,214756697,5,0,0,114688,7,3531021271
11093,92084080,122534076,214618156,0,0,0,27648,14,1562694611
11094,92085490,122332310,214417800,4,0,0,172032,12,3474118352
11095,92086160,123041790,215127950,7,0,0,66560,9,1045681559
11096,92095351,122464120,214559471,2,0,0,23040,12,1438866103
11097,92111581,122593940,214705521,2,0,0,37376,12,3885820782
11098,92114400,122449930,214564330,0,0,0,15872,14,4562457770
11099,92128630,122965391,215094021,3,0,0,104960,9,9435541013
11100,92129610,122930669,215060279,1,0,0,74240,6,2602767059
11101,92148910,162486188,254635098,8,0,1,11776,12,4768774252
11102,92151301,122420443,214571744,2,0,0,14336,12,1213711477
11103,92151350,122036229,214187579,6,0,0,1024,12,3862888413
11104,92155940,122637463,214793403,5,0,0,70656,7,1528514117
11105,92156800,122715818,214872618,4,0,0,59904,12,3341704149
11106,92162090,122385738,214547828,5,0,0,9216,7,6510985228
11107,92162250,122276889,214439139,0,0,0,12800,14,5239935801
11108,92165590,122346617,214512207,1,0,0,32256,6,2275072850
11109,92166900,122659442,214826342,8,0,0,108032,12,8905343030
11110,92170610,122601242,214771852,0,0,0,49664,14,3867969001
11111,92173600,122981080,215154680,7,0,0,55808,9,4106587047
11112,92174580,123133216,215307796,6,0,0,117248,12,9905724825
11113,92176890,122444409,214621299,7,0,0,10240,9,7381524645
11114,92189500,122018677,214208177,3,0,0,7168,9,3057023321
11115,92204160,122489904,214694064,7,0,0,64000,9,422714907
11116,92214820,122503830,214718650,4,0,0,28672,12,2404010171
11117,92223550,122884089,215107639,9,0,0,27648,3,652989059
11118,92243141,122772669,215015810,2,0,0,27136,12,3589900472
11119,92253490,121952434,214205924,7,0,0,23040,9,9200696165
11120,92253780,162382394,254636174,0,0,1,13312,14,8116584386
11121,92257600,123121593,215379193,3,0,0,16896,9,7097710824
11122,92266870,122795148,215062018,9,0,0,5632,3,5549981756
11123,92282460,122152756,214435216,7,0,0,18944,9,3250203893
11124,92286430,162393295,254679725,3,0,1,44544,9,9995715481
11125,92287970,123136187,215424157,5,0,0,29696,7,3242148805
11126,92291590,123100441,215392031,9,0,0,3072,3,2525454240
11127,92296850,122840795,215137645,8,0,0,31744,12,3617387357
11128,92302760,122575653,214878413,0,0,0,18944,14,8256580500
11129,92307380,123032455,215339835,5,0,0,33280,7,5742249426
11130,92317470,123136662,215454132,5,0,0,98304,7,3653974543
11131,92326880,122907386,215234266,7,0,0,93184,9,1527498708
11132,92343340,123158923,215502263,1,0,0,28160,6,6422611188
11133,92348640,162336752,254685392,2,0,1,12288,12,5731107260
11134,92353910,122745282,215099192,7,0,0,16896,9,8760217736
11135,92364190,162359650,254723840,1,0,1,39936,6,4856395282
11136,92367250,162365076,254732326,9,0,1,28672,3,6064962349
11137,92374010,122480333,214854343,6,0,0,18432,12,7624433542
11138,92383780,122888261,215272041,8,0,0,123904,12,2837032205
11139,92398641,123169310,215567951,2,0,0,82432,12,1018528359
11140,92401350,122273191,214674541,4,0,0,4608,12,10293987375
11141,92402130,122909658,215311788,9,0,0,12800,3,7581578574
11142,92414259,162321905,254736164,4,0,1,7168,12,10362249390
11143,92421930,123199631,215621561,9,0,0,75776,3,6995791950
11144,92433090,122588203,215021293,7,0,0,17920,9,5251394383
11145,92443500,122263760,214707260,9,0,0,5632,3,3650032057
11146,92450430,122376247,214826677,6,0,0,1024,12,6638958127
11147,92450780,162287970,254738750,8,0,1,4096,12,2860734907
11148,92451770,122473446,214925216,7,0,0,3072,9,5080810346
11149,92455320,122066726,214522046,0,0,0,3584,14,227195784
11150,92465499,162319245,254784744,7,0,1,12800,9,2289960231
11151,92469480,162315287,254784767,3,0,1,2560,9,2417245435
11152,92481640,123170988,215652628,1,0,0,101888,6,1078296837
11153,92485000,122889022,215374022,6,0,0,112128,12,3446065553
11154,92491610,162293180,254784790,3,0,1,11264,9,1311554496
11155,92494630,122530453,215025083,4,0,0,12288,12,174007638
11156,92495110,122918628,215413738,6,0,0,71168,12,5696089555
11157,92498880,122534577,215033457,6,0,0,12288,12,2274643510
11158,92499350,122397624,214896974,4,0,0,22528,12,2010244148
11159,92500811,122914275,215415086,2,0,0,1024,12,6574671986
11160,92504230,162280583,254784813,5,0,1,10752,7,2828633642
11161,92512330,122974337,215486667,9,0,0,49152,3,4575739337
11162,92519050,122872022,215391072,4,0,0,38912,12,8088121499
11163,92519090,123255023,215774113,6,0,0,8192,12,1179567596
11164,92525360,123145075,215670435,0,0,0,58368,14,1639843511
11165,92525850,123191403,215717253,7,0,0,54272,9,67123780
11166,92536559,162317972,254854531,4,0,1,6656,12,8612315667
11167,92538540,122927681,215466221,1,0,0,30208,6,9763215937
11168,92562140,162479969,255042109,1,0,1,15360,6,2652093541
11169,92566331,122848420,215414751,2,0,0,3072,12,5031122445
11170,92574430,162605982,255180412,5,0,1,27648,7,2598278544
11171,92599100,123188764,215787864,1,0,0,45056,6,10200190537
11172,92615700,123238484,215854184,4,0,0,84480,12,8095540788
11173,92619140,123209281,215828421,7,0,0,2560,9,2734536336
11174,92641361,122829803,215471164,2,0,0,2560,12,1417140499
11175,92641610,162707015,255348625,8,0,1,34816,12,7124939190
11176,92641690,122953003,215594693,3,0,0,12800,9,6594618326
11177,92651981,123168438,215820419,2,0,0,56832,12,5584947427
11178,92653730,123335859,215989589,6,0,0,61440,12,3555114715
11179,92660880,123521880,216182760,3,0,0,8192,9,7780012173
11180,92662230,123417897,216080127,9,0,0,26112,3,5041974128
11181,92664910,123928474,216593384,7,0,0,36352,9,5409219426
11182,92669910,123435557,216105467,6,0,0,2048,12,191301102
11183,92672740,123795278,216468018,8,0,0,23552,12,5928754046
11184,92685530,162850273,255535803,3,0,1,7168,9,2990912148
11185,92687930,123341139,216029069,5,0,0,29696,7,4931945682
11186,92689320,123011374,215700694,1,0,0,74752,6,10404886820
11187,92690620,123686019,216376639,5,0,0,18944,7,1803443595
11188,92696450,123176641,215873091,4,0,0,37888,12,10066054174
11189,92701600,122755363,215456963,6,0,0,9216,12,2980576570
11190,92719930,123352218,216072148,0,0,0,141312,14,10484994223
11191,92739370,123088248,215827618,3,0,0,23552,9,9730961664
11192,92745930,123023613,215769543,4,0,0,115712,12,1281226539
11193,92749950,123477192,216227142,5,0,0,31744,7,4599811913
11194,92752270,123019324,215771594,3,0,0,6656,9,464166129
11195,92760930,162774896,255535826,9,0,1,8704,3,9531539221
11196,92761450,122550517,215311967,1,0,0,512,6,6209015376
11197,92763599,162772250,255535849,4,0,1,8192,12,3221103520
11198,92769220,123085619,215854839,1,0,0,2048,6,6360719019
11199,92771040,123341858,216112898,5,0,0,11264,7,9816099131
11200,92782410,162794255,255576665,2,0,1,39424,12,7236501634
11201,92783000,123397203,216180203,7,0,0,86016,9,8141597375
11202,92792440,162784248,255576688,1,0,1,6144,6,10690453778
11203,92792581,123943956,216736537,2,0,0,28160,12,24558963
11204,92792760,123578084,216370844,4,0,0,98304,12,7816395678
11205,92794530,123410649,216205179,7,0,0,56832,9,10358930441
11206,92799980,123837144,216637124,7,0,0,37376,9,6723344404
11207,92801030,123104252,215905282,8,0,0,22528,12,8256085002
11208,92808810,123344611,216153421,5,0,0,4608,7,6735590951
11209,92813459,162763252,255576711,4,0,1,3584,12,6379219266
11210,92814640,123463028,216277668,6,0,0,54784,12,9222039015
11211,92824930,123855689,216680619,8,0,0,135680,12,1902276187
11212,92833080,162821661,255654741,3,0,1,9216,9,6280571225
11213,92833481,123498688,216332169,2,0,0,74240,12,6656284128
11214,92842430,123162470,216004900,1,0,0,50176,6,6844749478
11215,92848040,123301591,216149631,3,0,0,35840,9,4236987398
11216,92862161,123909834,216771995,2,0,0,17408,12,5432202470
11217,92869230,123713055,216582285,3,0,0,71168,9,1504020291
11218,92875340,123617193,216492533,8,0,0,80384,12,5922117325
11219,92879580,123253672,216133252,1,0,0,29184,6,4800511113
11220,92882960,123543205,216426165,7,0,0,512,9,4924268517
11221,92900090,162754674,255654764,3,0,1,8704,9,7617784553
11222,92905230,123001791,215907021,5,0,0,5632,7,7893993280
11223,92915769,162825394,255741163,6,0,1,1024,12,7229933157
11224,92916180,123604869,216521049,3,0,0,16384,9,6902254653
11225,92923320,123900158,216823478,3,0,0,103424,9,1703052425
11226,92927290,162814334,255741624,9,0,1,10240,3,8647981241
11227,92929520,123076963,216006483,6,0,0,5120,12,5763927081
11228,92932250,163098147,256030397,1,0,1,12288,6,3919732661
11229,92946050,163158563,256104613,9,0,1,34304,3,3288347706
11230,92966570,123968739,216935309,7,0,0,17920,9,3696942038
11231,92969760,123270665,216240425,0,0,0,43520,14,4896377357
11232,92998180,123973157,216971337,1,0,0,37888,6,6568577336
11233,93001719,163104328,256106047,6,0,1,13824,12,767109381
11234,93025590,163091596,256117186,5,0,1,512,7,1029977027
11235,93027070,123233883,216260953,8,0,0,35840,12,5596333498
11236,93034740,123243107,216277847,4,0,0,512,12,5825761545
11237,93042210,123782851,216825061,0,0,0,5120,14,211314068
11238,93050720,123101274,216151994,8,0,0,7680,12,366088136
11239,93051210,124334974,217386184,4,0,0,77312,12,6965358818
11240,93060500,163056709,256117209,5,0,1,14848,7,9768809726
11241,93080480,123345506,216425986,7,0,0,26112,9,10032992354
11242,93082490,163077237,256159727,8,0,1,22016,12,4644889043
11243,93082660,124071371,217154031,7,0,0,141312,9,7585176494
11244,93090160,123523143,216613303,9,0,0,58368,3,9730257050
11245,93090530,123440526,216531056,5,0,0,32768,7,86762570
11246,93091930,123686796,216778726,7,0,0,10240,9,190045541
11247,93096360,123653304,216749664,0,0,0,43008,14,394046458
11248,93119410,123373458,216492868,4,0,0,1024,12,6000209609
11249,93129770,124232835,217362605,9,0,0,100352,3,9726318923
11250,93137560,124331839,217469399,3,0,0,33280,9,5395314892
11251,93151231,124143250,217294481,2,0,0,14848,12,1762493162
11252,93170010,123387333,216557343,4,0,0,68608,12,8546252693
11253,93170080,163119708,256289788,1,0,1,2560,6,531297683
11254,93179139,163110672,256289811,7,0,1,4608,9,2021069935
11255,93183510,123439576,216623086,9,0,0,17408,3,9165761551
11256,93184690,163172153,256356843,9,0,1,28160,3,5785354351
11257,93206150,123543849,216749999,1,0,0,1024,6,3707966033
11258,93212700,124472057,217684757,3,0,0,28160,9,6435797461
11259,93223860,163138489,256362349,5,0,1,17408,7,1191848729
11260,93227510,123670515,216898025,6,0,0,26624,12,4803900402
11261,93231060,124440216,217671276,6,0,0,216576,12,10383999215
11262,93241210,124330669,217571879,1,0,0,65536,6,9026901572
11263,93244840,123445341,216690181,4,0,0,31232,12,2046653609
11264,93255230,124282502,217537732,4,0,0,66048,12,1584278844
11265,93257960,163113571,256371531,8,0,1,14848,12,8399378896
11266,93266800,124568752,217835552,4,0,0,67584,12,8868821645
11267,93267720,123439020,216706740,0,0,0,54272,14,7757665823
11268,93271869,163104721,256376590,7,0,1,6144,9,9091410758
11269,93274980,124679185,217954165,0,0,0,36864,14,652560118
11270,93279370,124535567,217814937,1,0,0,97792,6,10188368573
11271,93279671,123777269,217056940,2,0,0,14848,12,8721677711
11272,93289050,124386484,217675534,9,0,0,13824,3,5091560297
11273,93310260,123969349,217279609,3,0,0,29696,9,7549094116
11274,93310900,123714775,217025675,9,0,0,86528,3,7854986900
11275,93351840,163079290,256431130,1,0,1,28160,6,9181133273
11276,93368550,124227394,217595944,9,0,0,29696,3,9774576959
11277,93370501,123533943,216904444,2,0,0,20992,12,7944067814
11278,93373340,123897175,217270515,6,0,0,73728,12,5311492545
11279,93384770,123856208,217240978,9,0,0,11776,3,2353208519
11280,93387730,124459545,217847275,7,0,0,38400,9,10261484167
11281,93388020,163043133,256431153,5,0,1,1024,7,2826170332
11282,93391750,124316135,217707885,1,0,0,15872,6,3614871179
11283,93393740,123397295,216791035,7,0,0,14336,9,2496035718
11284,93395520,163070725,256466245,3,0,1,32256,9,672261068
11285,93411430,124573278,217984708,0,0,0,27136,14,1602977452
11286,93411900,124105616,217517516,1,0,0,64512,6,9631293628
11287,93413140,123425754,216838894,4,0,0,2560,12,6390837525
11288,93415590,123767657,217183247,3,0,0,57344,9,8976778405
11289,93417149,163062361,256479510,7,0,1,5632,9,419793520
11290,93431250,124636287,218067537,6,0,0,2048,12,3780703037
11291,93435130,124507780,217942910,6,0,0,10752,12,8652545577
11292,93436550,124738108,218174658,7,0,0,71168,9,5808429243
11293,93437400,123485218,216922618,7,0,0,21504,9,9151681367
11294,93451330,124536053,217987383,5,0,0,8704,7,2799203961
11295,93463549,163020787,256484336,4,0,1,7680,12,5493468167
11296,93471700,124026114,217497814,1,0,0,93184,6,6925993730
11297,93490390,124250903,217741293,4,0,0,17408,12,1000481858
11298,93491610,124661006,218152616,4,0,0,109056,12,3402126210
11299,93503810,123891780,217395590,3,0,0,30720,9,8542835932
11300,93507251,124464409,217971660,2,0,0,57344,12,4599881624
11301,93521780,124030077,217551857,4,0,0,46080,12,10342540476
11302,93538050,124770914,218308964,5,0,0,101888,7,9642016444
11303,93558010,123671340,217229350,3,0,0,3072,9,4059163798
11304,93560690,162924517,256485207,3,0,1,12288,9,1204783185
11305,93561180,124698123,218259303,3,0,0,75776,9,9481228778
11306,93574860,124852558,218427418,3,0,0,46592,9,3373612609
11307,93577790,124541575,218119365,0,0,0,138752,14,4767262385
11308,93583850,124355761,217939611,7,0,0,112640,9,7800431404
11309,93608280,162877913,256486193,1,0,1,1536,6,6800511534
11310,93612790,124800401,218413191,7,0,0,74752,9,164507131
11311,93636180,162881223,256517403,8,0,1,2048,12,1610109340
11312,93637641,124407000,218044641,2,0,0,98304,12,3925230743
11313,93662480,124816446,218478926,6,0,0,78848,12,917185222
11314,93673739,162844637,256518376,7,0,1,12800,9,8606577122
11315,93679810,124916613,218596423,9,0,0,68608,3,2826414065
11316,93688190,124175176,217863366,7,0,0,52736,9,8239179959
11317,93693910,162828972,256522882,3,0,1,7168,9,1662481985
11318,93726070,124319686,218045756,6,0,0,3584,12,2490892006
11319,93731720,124133853,217865573,9,0,0,7168,3,8060789782
11320,93734670,124418281,218152951,6,0,0,1024,12,4962030571
11321,93738030,124238200,217976230,7,0,0,512,9,2075737578
11322,93739750,162848771,256588521,9,0,1,1536,3,1477753640
11323,93751870,124992210,218744080,0,0,0,82432,14,6243526111
11324,93753270,162835815,256589085,8,0,1,10752,12,1117844382
11325,93764849,162834368,256599217,4,0,1,22528,12,7423488425
11326,93768670,163002194,256770864,8,0,1,40448,12,8127731706
11327,93769090,124232695,218001785,4,0,0,13824,12,3737866375
11328,93776340,124442210,218218550,4,0,0,88576,12,6804266722
11329,93778210,124197841,217976051,7,0,0,14336,9,4679470107
11330,93799540,162990439,256789979,0,0,1,3072,14,5381787096
11331,93799740,124579796,218379536,1,0,0,163840,6,4340078964
11332,93802330,163005996,256808326,1,0,1,9216,6,7102946063
11333,93816490,124736831,218553321,5,0,0,116736,7,8287053057
11334,93821081,124569311,218390392,2,0,0,22528,12,9305477975
11335,93825850,124238805,218064655,7,0,0,61952,9,3284987071
11336,93831119,162981816,256812935,4,0,1,15872,12,7348087714
11337,93831320,125056155,218887475,0,0,0,74240,14,3752058866
11338,93858431,124117978,217976409,2,0,0,512,12,8844214164
11339,93863109,163003607,256866716,4,0,1,17408,12,5092080086
11340,93881380,163153333,257034713,8,0,1,50688,12,4522100170
11341,93893749,163146337,257040086,6,0,1,4096,12,2350011715
11342,93894420,125124845,219019265,4,0,0,205824,12,2738478997
11343,93902230,124586882,218489112,3,0,0,27136,9,2032346401
11344,93912110,124952722,218864832,1,0,0,95232,6,3679556638
11345,93924669,163121918,257046587,6,0,1,6144,12,5694091439
11346,93928920,125142526,219071446,1,0,0,70656,6,6644261365
11347,93936150,124706806,218642956,7,0,0,62976,9,352286658
11348,93939660,163107593,257047253,9,0,1,1024,3,2536027213
11349,93945060,124630436,218575496,7,0,0,72704,9,9646337583
11350,93945390,124435596,218380986,6,0,0,3072,12,5949801183
11351,93967680,124253233,218220913,9,0,0,7680,3,3703767409
11352,93981040,124244264,218225304,1,0,0,14336,6,3960068965
11353,94011739,163055917,257067656,7,0,1,17920,9,2621796427
11354,94018990,124210861,218229851,6,0,0,14848,12,2110722557
11355,94023390,124306203,218329593,3,0,0,14848,9,364494462
11356,94036570,124346935,218383505,5,0,0,8192,7,268524696
11357,94043450,124273805,218317255,9,0,0,27136,3,2427036012
11358,94047630,124394943,218442573,3,0,0,49664,9,10295756473
11359,94048381,125281915,219330296,2,0,0,17408,12,6376110556
11360,94049720,124551250,218600970,1,0,0,14848,6,4767903490
11361,94058530,163009472,257068002,9,0,1,512,3,4537228568
11362,94063679,163050849,257114528,4,0,1,23552,12,5285587683
11363,94063949,163457627,257521576,4,0,1,60928,12,9057354283
11364,94064190,125431126,219495316,3,0,0,46592,9,7120588241
11365,94065130,124314897,218380027,9,0,0,1536,3,8219957792
11366,94073320,125402736,219476056,5,0,0,1024,7,4720770318
11367,94076699,163445236,257521935,4,0,1,9728,12,9738569757
11368,94077680,164082047,258159727,5,0,1,11264,7,2014152010
11369,94080880,164078870,258159750,0,0,1,4608,14,9197583742
11370,94102340,124501461,218603801,7,0,0,9216,9,2819785363
11371,94119220,125516047,219635267,4,0,0,65024,12,4228591755
11372,94121670,164251584,258373254,8,0,1,32256,12,10518363061
11373,94139830,124340991,218480821,7,0,0,6144,9,8387864441
11374,94141169,164368152,258509321,4,0,1,26112,12,5442352396
11375,94151350,124601980,218753330,0,0,0,30208,14,6066819754
11376,94151830,164358259,258510089,5,0,1,11776,7,1393165104
11377,94165610,125573011,219738621,7,0,0,34304,9,5366460671
11378,94174979,164506971,258681950,4,0,1,14336,12,6177066215
11379,94182320,124509099,218691419,5,0,0,22528,7,8841162647
11380,94194000,124904176,219098176,5,0,0,43520,7,6345506760
11381,94199110,124566879,218765989,0,0,0,41472,14,1151246978
11382,94208781,124876112,219084893,2,0,0,44032,12,10660671104
11383,94219450,125157945,219377395,5,0,0,113152,7,9070066886
11384,94220510,124568918,218789428,9,0,0,8192,3,10087159884
11385,94222111,124678647,218900758,2,0,0,43520,12,5833561169
11386,94222670,124827217,219049887,7,0,0,84992,9,1517569947
11387,94233100,125012444,219245544,5,0,0,67072,7,7224991653
11388,94251020,164430953,258681973,1,0,1,12800,6,9392734658
11389,94278690,124859118,219137808,7,0,0,16384,9,8709866382
11390,94282630,124741338,219023968,5,0,0,15360,7,1242452105
11391,94283600,125410946,219694546,0,0,0,83968,14,5865527370
11392,94285291,125119323,219404614,2,0,0,4608,12,3212568058
11393,94291200,124814027,219105227,5,0,0,23040,7,2703565237
11394,94300410,124517928,218818338,5,0,0,14336,7,3254143759
11395,94310650,164371354,258682004,2,0,1,1024,12,2458017975
11396,94316390,125832790,220149180,4,0,0,579584,12,6903759933
11397,94320919,164396516,258717435,7,0,1,40960,9,3262994503
11398,94325320,125993685,220319005,9,0,0,270848,3,4558908566
11399,94333280,125437032,219770312,5,0,0,103936,7,454897199
11400,94338180,125481520,219819700,1,0,0,50176,6,9823024468
11401,94339470,125493848,219833318,4,0,0,35840,12,7871293864
11402,94351620,125358705,219710325,4,0,0,51712,12,6442945581
11403,94356450,124795694,219152144,5,0,0,512,7,9114035248
11404,94357621,124895122,219252743,2,0,0,23552,12,9490799098
11405,94362619,164402470,258765089,6,0,1,10240,12,9468990288
11406,94364851,125607714,219972565,2,0,0,126976,12,4666417901
11407,94369581,124932626,219302207,2,0,0,5632,12,4750212431
11408,94374471,125429918,219804389,2,0,0,83456,12,7797498709
11409,94394080,125183767,219577847,4,0,0,37888,12,7263296720
11410,94397430,164446370,258843800,5,0,1,50176,7,4367850540
11411,94402410,125453344,219855754,0,0,0,20992,14,1108858056
11412,94412180,164454442,258866622,2,0,1,1024,12,8045083000
11413,94415680,164456229,258871909,3,0,1,16896,9,612610920
11414,94430680,164453628,258884308,5,0,1,512,7,7210782340
11415,94469150,125308517,219777667,1,0,0,24064,6,6888798043
11416,94472750,125248247,219720997,9,0,0,9216,3,671792832
11417,94493040,125218546,219711586,4,0,0,2048,12,7125751986
11418,94501970,164386204,258888174,2,0,1,6144,12,8013901440
11419,94523400,125866396,220389796,4,0,0,70656,12,7770537427
11420,94547710,125878334,220426044,4,0,0,28160,12,137982732
11421,94548950,164340300,258889250,2,0,1,13312,12,1563414189
11422,94564470,124931025,219495495,0,0,0,512,14,6179744573
11423,94586760,125008507,219595267,5,0,0,10240,7,770385460
11424,94596220,125630341,220226561,6,0,0,88576,12,2741564796
11425,94602200,125176738,219778938,3,0,0,4096,9,6115489806
11426,94609550,125287655,219897205,1,0,0,40960,6,7233396587
11427,94614510,125746068,220360578,3,0,0,68096,9,1956512773
11428,94625270,125238151,219863421,6,0,0,25088,12,2643533721
11429,94642380,164285650,258928030,3,0,1,15360,9,8362019528
11430,94648150,125195379,219843529,0,0,0,26112,14,2848700513
11431,94673710,164254343,258928053,5,0,1,15872,7,7922246576
11432,94674839,164270033,258944872,6,0,1,512,12,3326818562
11433,94676740,125522810,220199550,8,0,0,54784,12,1432339472
11434,94679150,125935528,220614678,4,0,0,121856,12,7263742228
11435,94682170,164262725,258944895,9,0,1,8192,3,7628768008
11436,94692180,125538639,220230819,1,0,0,12800,6,8655636783
11437,94699250,125453564,220152814,0,0,0,11264,14,4787504221
11438,94704969,164240151,258945120,6,0,1,3584,12,4368217477
11439,94737800,164228481,258966281,0,0,1,6656,14,5285545786
11440,94764470,125057905,219822375,5,0,0,8704,7,4991591334
11441,94776140,125397780,220173920,3,0,0,62464,9,6932861876
11442,94786031,125396804,220182835,2,0,0,29184,12,95417123
11443,94789501,125550306,220339807,2,0,0,21504,12,5479342417
11444,94791570,125357789,220149359,1,0,0,512,6,5670127093
11445,94795300,164171135,258966435,2,0,1,8704,12,7950509363
11446,94809950,126054270,220864220,5,0,0,9216,7,6921691641
11447,94817879,164180372,258998251,7,0,1,8704,9,9254850035
11448,94818201,125408695,220226896,2,0,0,1024,12,2575190278
11449,94829330,125325535,220154865,4,0,0,6656,12,6109649524
11450,94842790,125393668,220236458,3,0,0,18432,9,3842874536
11451,94852080,125839440,220691520,1,0,0,25088,6,7090334179
11452,94853590,126170346,221023936,5,0,0,94720,7,10283745084
11453,94862990,125534340,220397330,3,0,0,4096,9,4304304669
11454,94864450,125531609,220396059,4,0,0,20480,12,10236936890
11455,94871170,125462062,220333232,4,0,0,46592,12,237542866
11456,94878510,125489735,220368245,7,0,0,25088,9,937539440
11457,94909820,126343665,221253485,6,0,0,9728,12,7619011023
11458,94913009,164085265,258998274,8,0,1,1024,12,5419960527
11459,94915380,125738032,220653412,1,0,0,71680,6,10420884136
11460,94916380,125569967,220486347,1,0,0,161792,6,739659019
11461,94932590,125467259,220399849,3,0,0,8192,9,7518065022
11462,94937150,125549844,220486994,4,0,0,2048,12,714309558
11463,94944250,126564003,221508253,5,0,0,197120,7,6536778917
11464,94946171,125685378,220631549,2,0,0,55296,12,7511653079
11465,94950410,126711882,221662292,4,0,0,271872,12,2012225172
11466,94951340,164059421,259010761,2,0,1,9728,12,3407944441
11467,94956270,125548204,220504474,0,0,0,11264,14,3005502349
11468,94988900,126048415,221037315,5,0,0,34816,7,2608892426
11469,94995571,126738297,221733868,2,0,0,56320,12,1488467677
11470,95017400,126870194,221887594,6,0,0,8192,12,9340026584
11471,95017470,125843919,220861389,1,0,0,63488,6,920438306
11472,95028760,125376572,220405332,5,0,0,17920,7,216760661
11473,95034430,125729798,220764228,5,0,0,102400,7,7916872367
11474,95038561,125904989,220943550,2,0,0,110080,12,392439730
11475,95051370,125753416,220804786,7,0,0,2560,9,6650467177
11476,95051480,126153014,221204494,5,0,0,61952,7,7803430091
11477,95055470,126016418,221071888,0,0,0,26112,14,2914007866
11478,95063141,125590918,220654059,2,0,0,2048,12,967602128
11479,95071650,125872235,220943885,3,0,0,1024,9,6303328967
11480,95094520,127000853,222095373,4,0,0,196096,12,4093113519
11481,95098550,126173965,221272515,0,0,0,28160,14,3178150663
11482,95099420,126588525,221687945,5,0,0,19456,7,4159614220
11483,95106230,125667693,220773923,0,0,0,31744,14,2533316032
11484,95108170,126817679,221925849,1,0,0,2048,6,73251551
11485,95111420,126799412,221910832,9,0,0,38400,3,2207432176
11486,95122240,126094624,221216864,1,0,0,27136,6,4270592537
11487,95123480,126633088,221756568,1,0,0,32256,6,8938942231
11488,95136330,126092569,221228899,3,0,0,39424,9,543684431
11489,95145370,163865561,259010931,5,0,1,10752,7,9263108501
11490,95150010,163899587,259049597,3,0,1,15872,9,1148109623
11491,95152020,126221771,221373791,0,0,0,40448,14,5886058627
11492,95160760,126874842,222035602,7,0,0,204800,9,1090276618
11493,95163110,125940409,221103519,3,0,0,18432,9,6886068877
11494,95170250,125870520,221040770,3,0,0,11264,9,1672389748
11495,95188590,126934761,222123351,6,0,0,87040,12,6685884448
11496,95190420,126018153,221208573,0,0,0,13312,14,4574053981
11497,95204000,126121431,221325431,6,0,0,47104,12,7613858653
11498,95216520,163834508,259051028,2,0,1,1536,12,2286900714
11499,95220470,126651565,221872035,5,0,0,146944,7,10249458696
11500,95226790,126325732,221552522,6,0,0,15360,12,3373954861
11501,95239040,126306638,221545678,4,0,0,5120,12,1263041531
11502,95249781,126290589,221540370,2,0,0,39424,12,10268760396
11503,95258290,126694404,221952694,3,0,0,66560,9,1024836361
11504,95277550,126235094,221512644,5,0,0,14336,7,8387465404
11505,95280750,126401244,221681994,6,0,0,57344,12,10210363181
11506,95281970,164015385,259297355,9,0,1,38400,3,8698398584
11507,95284240,126854266,222138506,6,0,0,49664,12,4502673658
11508,95290300,126426385,221716685,4,0,0,29696,12,4256113135
11509,95295310,126278162,221573472,7,0,0,15872,9,1592072307
11510,95319630,126440705,221760335,7,0,0,12288,9,933870253
11511,95321600,126342899,221664499,5,0,0,7168,7,6684762362
11512,95321810,126563219,221885029,7,0,0,41472,9,10703319343
11513,95321990,163975388,259297378,0,0,1,25088,14,8327581810
11514,95330930,126541440,221872370,5,0,0,1024,7,4285454219
11515,95330981,126927064,222258045,2,0,0,512,12,8204074783
11516,95339519,164223040,259562559,4,0,1,2048,12,5169930967
11517,95339940,126835658,222175598,0,0,0,84480,14,255439621
11518,95341460,126583742,221925202,5,0,0,20480,7,10338171797
11519,95341820,164220762,259562582,3,0,1,9216,9,3959829106
11520,95342761,126800182,222142943,2,0,0,8704,12,3856529524
11521,95347430,127013216,222360646,6,0,0,100352,12,4163240577
11522,95351150,126789118,222140268,6,0,0,5632,12,3199020995
11523,95358940,126846828,222205768,5,0,0,13824,7,2012228880
11524,95360770,126944786,222305556,5,0,0,50688,7,9162608722
11525,95376970,126772865,222149835,4,0,0,5632,12,10700618885
11526,95377260,127362302,222739562,6,0,0,14336,12,1914283324
11527,95389400,126789497,222178897,3,0,0,10752,9,745935570
11528,95406590,164467663,259874253,5,0,1,34304,7,1348431874
11529,95411640,126685160,222096800,0,0,0,4608,14,10375416496
11530,95412000,126845866,222257866,7,0,0,12288,9,6754548503
11531,95412310,126735671,222147981,6,0,0,14848,12,2398219910
11532,95413130,127076467,222489597,7,0,0,16896,9,6154602814
11533,95430590,164575095,260005685,5,0,1,23552,7,4262345436
11534,95430610,127149766,222580376,1,0,0,15872,6,10531408758
11535,95446380,164978878,260425258,8,0,1,18944,12,8186239792
11536,95450750,165080208,260530958,8,0,1,512,12,3528837072
11537,95472170,127012256,222484426,0,0,0,62976,14,9994276894
11538,95476119,165058759,260534878,7,0,1,19968,9,842258412
11539,95485520,127230340,222715860,0,0,0,162816,14,4467363844
11540,95502580,126897828,222400408,4,0,0,70656,12,5647157712
11541,95510050,127008898,222518948,9,0,0,96256,3,3910722376
11542,95515780,126627654,222143434,6,0,0,1536,12,9915874227
11543,95539140,126643259,222182399,7,0,0,11264,9,408881578
11544,95572660,126833860,222406520,9,0,0,5120,3,3783327675
11545,95580880,126957911,222538791,7,0,0,65024,9,7623768811
11546,95598110,127020852,222618962,9,0,0,16896,3,8999034816
11547,95604630,127130541,222735171,6,0,0,30720,12,2515692516
11548,95610830,165119757,260730587,2,0,1,10752,12,3687806641
11549,95612901,126994315,222607216,2,0,0,36352,12,279478243
11550,95620050,126993741,222613791,3,0,0,21504,9,7888136616
11551,95624490,127281114,222905604,3,0,0,142848,9,3333221847
11552,95624850,127030620,222655470,0,0,0,56832,14,8277853667
11553,95629950,126910626,222540576,3,0,0,5632,9,6510927701
11554,95634160,127121866,222756026,1,0,0,14336,6,5450335701
11555,95638580,127131197,222769777,5,0,0,45056,7,6770121844
11556,95640390,165090863,260731253,5,0,1,11264,7,4221246286
11557,95647030,165221456,260868486,0,0,1,44032,14,4199110325
11558,95665430,127159480,222824910,4,0,0,55808,12,4986508597
11559,95672380,127337532,223009912,3,0,0,24576,9,2305430507
11560,95676620,127110660,222787280,9,0,0,57344,3,5136623119
11561,95679040,127183017,222862057,0,0,0,75776,14,6538215575
11562,95685131,127390087,223075218,2,0,0,28160,12,9982550319
11563,95693600,165250902,260944502,2,0,1,14336,12,6694804723
11564,95696460,127394653,223091113,3,0,0,3584,9,10717471743
11565,95706530,127264037,222970567,6,0,0,17408,12,6074330352
11566,95715860,127211630,222927490,5,0,0,57344,7,4327753818
11567,95719450,127261041,222980491,9,0,0,4608,3,5175888137
11568,95722960,127234761,222957721,6,0,0,15360,12,4084742179
11569,95725850,127227137,222952987,9,0,0,8192,3,4221442830
11570,95727420,126993033,222720453,6,0,0,14848,12,7757165120
11571,95730740,126907368,222638108,4,0,0,44032,12,4736286074
11572,95735920,127690760,223426680,7,0,0,43008,9,5654715625
11573,95745780,127357582,223103362,5,0,0,9216,7,8254413995
11574,95760580,165297001,261057581,1,0,1,15872,6,2357479505
11575,95761290,165571189,261332479,1,0,1,8704,6,3431938945
11576,95763820,126961960,222725780,9,0,0,17408,3,10142643902
11577,95766440,127143555,222909995,6,0,0,14336,12,4913702017
11578,95773600,165706865,261480465,0,0,1,23040,14,3022484849
11579,95774770,127012845,222787615,3,0,0,1024,9,2494189922
11580,95775140,127175328,222950468,7,0,0,41472,9,5425543017
11581,95798670,127393141,223191811,7,0,0,114688,9,607951225
11582,95807840,127244898,223052738,0,0,0,35328,14,10605905769
11583,95812210,127601343,223413553,9,0,0,50176,3,2699649550
11584,95815540,165786291,261601831,5,0,1,3584,7,6719515468
11585,95827200,128106010,223933210,6,0,0,207360,12,2689555461
11586,95851700,127086109,222937809,9,0,0,33792,3,10017800263
11587,95863079,165738775,261601854,4,0,1,5120,12,3169485537
11588,95867780,127251144,223118924,3,0,0,24576,9,7457542256
11589,95878270,127933262,223811532,9,0,0,52736,3,1711097687
11590,95881820,165727435,261609255,9,0,1,18432,3,2287497140
11591,95883930,165757085,261641015,3,0,1,23040,9,1980822920
11592,95886440,127407010,223293450,9,0,0,27136,3,1999592285
11593,95891270,165767933,261659203,9,0,1,1536,3,9646918075
11594,95891630,127168619,223060249,4,0,0,24576,12,4033257937
11595,95914870,165772856,261687726,5,0,1,16384,7,6977219588
11596,95922180,127294637,223216817,1,0,0,25088,6,6830919659
11597,95938440,165801662,261740102,1,0,1,33280,6,8346643733
11598,95961940,127692753,223654693,5,0,0,44032,7,8669423287
11599,95971800,127237350,223209150,7,0,0,56832,9,2533521670
11600,95975400,165765840,261741240,2,0,1,4608,12,734842721
11601,95977020,127308139,223285159,7,0,0,39424,9,9019302848
11602,95979630,128070874,224050504,4,0,0,34816,12,4475186509
11603,95992590,165749320,261741910,0,0,1,7680,14,8289757848
11604,96004280,127591604,223595884,9,0,0,174592,3,2485537032
11605,96012579,165756077,261768656,6,0,1,17408,12,5839715824
11606,96014441,127341334,223355775,2,0,0,14848,12,906710194
11607,96044520,127734198,223778718,6,0,0,13824,12,4461742394
11608,96047330,128119253,224166583,7,0,0,13312,9,5980088296
11609,96074030,128201243,224275273,6,0,0,34304,12,3190206540
11610,96088310,127893774,223982084,4,0,0,123904,12,3884986558
11611,96090540,127762097,223852637,5,0,0,123904,7,6422399308
11612,96094040,165739971,261834011,9,0,1,22528,3,6408538151
11613,96105570,127389082,223494652,5,0,0,32768,7,6343923386
11614,96125120,127479546,223604666,0,0,0,28672,14,1012240477
11615,96126710,127647773,223774483,6,0,0,61440,12,2387449203
11616,96132470,127863053,223995523,6,0,0,44032,12,3175232213
11617,96137130,165729562,261866692,9,0,1,3584,3,5910926240
11618,96140930,127287333,223428263,3,0,0,5120,9,239687456
11619,96144690,127895183,224039873,0,0,0,52736,14,4765873247
11620,96147410,127722589,223869999,6,0,0,42496,12,2597393842
11621,96182079,165781596,261963675,6,0,1,18944,12,2918516167
11622,96182160,127632702,223814862,5,0,0,10752,7,2438194586
11623,96185860,127898394,224084254,3,0,0,110592,9,6683060898
11624,96191470,128225778,224417248,5,0,0,89088,7,5492678080
11625,96192500,127664528,223857028,4,0,0,14336,12,2572118356
11626,96197600,127597833,223795433,9,0,0,54784,3,1700740386
11627,96227390,127796392,224023782,7,0,0,92672,9,9719776818
11628,96261430,127682879,223944309,5,0,0,36352,7,8424273115
11629,96262870,127833115,224095985,3,0,0,38400,9,7640217560
11630,96273770,127465346,223739116,9,0,0,36352,3,5683790007
11631,96278810,127835348,224114158,3,0,0,7680,9,7098634080
11632,96293391,127838628,224132019,2,0,0,36352,12,277565312
11633,96293699,165751037,262044736,4,0,1,10240,12,7839634131
11634,96299750,127451597,223751347,5,0,0,12288,7,1971425792
11635,96302870,128031347,224334217,3,0,0,1024,9,3905393135
11636,96326270,165794783,262121053,2,0,1,4608,12,8098014075
11637,96335320,127871562,224206882,5,0,0,24064,7,933937957
11638,96338850,127925948,224264798,3,0,0,40960,9,8739476933
11639,96339980,165781841,262121821,0,0,1,11776,14,9840760820
11640,96340380,127202285,223542665,4,0,0,18432,12,8149753217
11641,96350330,127761465,224111795,5,0,0,45056,7,1386969391
11642,96354840,128132002,224486842,3,0,0,84480,9,4971365941
11643,96357420,128100283,224457703,9,0,0,57344,3,4830085868
11644,96359440,127363130,223722570,4,0,0,13312,12,3842290358
11645,96362810,127996351,224359161,0,0,0,15360,14,9869681685
11646,96371380,127979253,224350633,9,0,0,29696,3,4902861817
11647,96392789,165775071,262167860,7,0,1,14848,9,9302087030
11648,96393661,127332134,223725795,2,0,0,4096,12,2112529235
11649,96405910,128020721,224426631,5,0,0,30720,7,3516480790
11650,96406790,127691254,224098044,1,0,0,6656,6,842350742
11651,96408590,127974359,224382949,1,0,0,11776,6,2794759067
11652,96410070,127710351,224120421,0,0,0,20480,14,1835472434
11653,96412331,127778651,224190982,2,0,0,72704,12,8458230332
11654,96420780,127821878,224242658,6,0,0,21504,12,10186502029
11655,96421100,128145432,224566532,4,0,0,29696,12,4037026270
11656,96421510,128422114,224843624,0,0,0,276480,14,9074338772
11657,96430560,128220242,224650802,4,0,0,43008,12,9887945652
11658,96433520,128464538,224898058,4,0,0,3072,12,5759141435
11659,96433870,127841746,224275616,0,0,0,1024,14,2208466767
11660,96434710,128495295,224930005,7,0,0,65024,9,2076478087
11661,96435719,165782524,262218243,7,0,1,8192,9,6263363747
11662,96437919,165863247,262301166,4,0,1,29696,12,7889372895
11663,96449290,127905168,224354458,3,0,0,2048,9,3334047815
11664,96458750,128482354,224941104,4,0,0,36352,12,4389859828
11665,96463639,165873423,262337062,7,0,1,512,9,709970938
11666,96474980,128414897,224889877,3,0,0,79360,9,1471419533
11667,96477890,128015861,224493751,7,0,0,16384,9,5574338444
11668,96479770,128045277,224525047,0,0,0,73728,14,10580449044
11669,96499330,127621582,224120912,1,0,0,1536,6,483546486
11670,96505370,128235888,224741258,0,0,0,43008,14,10568376659
11671,96505680,165835248,262340928,1,0,1,6144,6,678188013
11672,96508130,128530565,225038695,1,0,0,44032,6,6840158118
11673,96508420,165910778,262419198,2,0,1,19456,12,2326144384
11674,96510810,165908734,262419544,2,0,1,512,12,2920061327
11675,96526520,127837020,224363540,4,0,0,13824,12,7338103914
11676,96534860,127765869,224300729,4,0,0,3584,12,1762115859
11677,96542480,128319731,224862211,7,0,0,60928,9,5415214892
11678,96553230,128654916,225208146,5,0,0,74240,7,6589651604
11679,96557189,165865044,262422233,7,0,1,13824,9,1259486
11680,96561850,127969255,224531105,0,0,0,5120,14,4822916156
11681,96565140,165993509,262558649,9,0,1,30208,3,5921620065
11682,96579340,128780727,225360067,6,0,0,37888,12,2274239156
11683,96589410,128692196,225281606,3,0,0,55296,9,8540359569
11684,96590620,128354727,224945347,1,0,0,13824,6,10539100832
11685,96595110,128040746,224635856,3,0,0,28160,9,9482125193
11686,96603950,128124181,224728131,9,0,0,84992,3,1310826135
11687,96607010,165951662,262558672,2,0,1,8192,12,652641698
11688,96610520,128574983,225185503,0,0,0,130048,14,4691260311
11689,96648270,127904369,224552639,4,0,0,4096,12,4347802941
11690,96653010,128759223,225412233,1,0,0,17920,6,1247840227
11691,96655900,128578401,225234301,1,0,0,19456,6,10601546469
11692,96680489,165878206,262558695,6,0,1,2048,12,3709816105
11693,96697749,166084360,262782109,7,0,1,8192,9,7574173600
11694,96707500,128158166,224865666,1,0,0,11264,6,4793085404
11695,96710030,128185018,224895048,0,0,0,16896,14,499731368
11696,96736640,129010219,225746859,1,0,0,144896,6,3449432175
11697,96738130,128015455,224753585,0,0,0,34816,14,9859405617
11698,96756030,127812553,224568583,9,0,0,6656,3,3006643785
11699,96758150,166046950,262805100,2,0,1,18944,12,4898509231
11700,96760901,129359255,226120156,2,0,0,161792,12,5584036054
11701,96815029,166234421,263049450,4,0,1,13312,12,1477711915
11702,96817580,128264334,225081914,1,0,0,21504,6,5842998579
11703,96823480,129085520,225909000,9,0,0,70144,3,8576860097
11704,96829700,128316156,225145856,3,0,0,135168,9,3407743760
11705,96847040,128585141,225432181,8,0,0,46592,12,1061906127
11706,96860360,128036739,224897099,0,0,0,6656,14,4101747357
11707,96861800,129646770,226508570,0,0,0,5120,14,9032668170
11708,96864931,128702148,225567079,2,0,0,79872,12,3259943903
11709,96886100,129469138,226355238,5,0,0,41472,7,7898362614
11710,96892570,128333071,225225641,8,0,0,57344,12,36197568
11711,96896090,128806065,225702155,4,0,0,50688,12,944583329
11712,96904161,128697417,225601578,2,0,0,113152,12,1657831178
11713,96904640,128005530,224910170,1,0,0,12800,6,6238378355
11714,96912760,166184536,263097296,3,0,1,29184,9,1746468019
11715,96937790,128357134,225294924,0,0,0,2560,14,10552762309
11716,96948190,128986885,225935075,4,0,0,85504,12,1869616818
11717,96965300,166183904,263149204,0,0,1,15360,14,9758454515
11718,96974470,128513163,225487633,0,0,0,47104,14,3055895266
11719,96984710,128885213,225869923,4,0,0,86016,12,9449492871
11720,96985340,128258753,225244093,3,0,0,1536,9,5013966692
11721,97013951,128367651,225381602,2,0,0,9728,12,9532107283
11722,97018140,129050060,226068200,0,0,0,13824,14,483478266
11723,97020350,128624941,225645291,5,0,0,39936,7,8580058605
11724,97038330,128950017,225988347,7,0,0,125440,9,8398419258
11725,97039480,166175196,263214676,9,0,1,28672,3,32244077
11726,97045170,128618552,225663722,5,0,0,60416,7,8569399355
11727,97057999,166221395,263279394,6,0,1,12800,12,9730378134
11728,97073240,128295030,225368270,0,0,0,16384,14,179779872
11729,97077900,128388204,225466104,1,0,0,13824,6,7708514641
11730,97086410,129149415,226235825,3,0,0,66560,9,9320028840
11731,97096040,129040854,226136894,9,0,0,11264,3,2058477354
11732,97097550,128955784,226053334,7,0,0,49664,9,8177626555
11733,97102240,128657746,225759986,1,0,0,43008,6,570085290
11734,97124180,128251184,225375364,5,0,0,9216,7,8614262373
11735,97144770,128791732,225936502,4,0,0,4608,12,7663171314
11736,97145380,128459653,225605033,3,0,0,11264,9,8511211690
11737,97145470,129350907,226496377,9,0,0,130048,3,2032558909
11738,97148650,128737208,225885858,1,0,0,52224,6,10094960489
11739,97149160,166240436,263389596,2,0,1,28160,12,8217099220
11740,97149520,128460224,225609744,1,0,0,15360,6,8365159276
11741,97167540,129117240,226284780,7,0,0,79360,9,7510064285
11742,97174730,166262703,263437433,0,0,1,58880,14,4437323752
11743,97184060,128580941,225765001,4,0,0,16384,12,2397013345
11744,97186420,129434414,226620834,3,0,0,147456,9,5191148684
11745,97199000,166421189,263620189,8,0,1,2560,12,5840366829
11746,97206960,166423733,263630693,0,0,1,31232,14,2007518752
11747,97210120,128677477,225887597,3,0,0,5632,9,8896237256
11748,97212310,166666679,263878989,3,0,1,48640,9,8320507598
11749,97220379,166715026,263935405,6,0,1,4096,12,6927021495
11750,97230290,129174511,226404801,3,0,0,76800,9,6833610029
11751,97238330,166697098,263935428,9,0,1,7680,3,6783592604
11752,97245919,166694859,263940778,7,0,1,6656,9,10361191281
11753,97263110,166677691,263940801,5,0,1,1536,7,5444534424
11754,97263630,128502642,225766272,1,0,0,4096,6,3692846278
11755,97279250,166661574,263940824,5,0,1,12288,7,4395285714
11756,97305670,129265042,226570712,9,0,0,81920,3,8964957200
11757,97315540,128748425,226063965,7,0,0,34816,9,4057890145
11758,97316700,166654948,263971648,5,0,1,2048,7,6290558957
11759,97332231,129010147,226342378,2,0,0,15360,12,8106499749
11760,97357030,128857561,226214591,0,0,0,90624,14,3077984298
11761,97375030,128575074,225950104,9,0,0,27136,3,521844976
11762,97380389,166596453,263976842,4,0,1,23552,12,3387025249
11763,97393200,166645868,264039068,5,0,1,16896,7,10550989623
11764,97396210,129378232,226774442,3,0,0,45568,9,3179875571
11765,97400120,128733319,226133439,3,0,0,43520,9,9431090220
11766,97407249,166631842,264039091,7,0,1,1024,9,5104159039
11767,97421681,128888724,226310405,2,0,0,5120,12,10661084523
11768,97429510,128992185,226421695,3,0,0,27136,9,7618205094
11769,97440350,128813847,226254197,4,0,0,20992,12,7802158793
11770,97446101,128842290,226288391,2,0,0,11776,12,4331099586
11771,97446530,129484362,226930892,1,0,0,54272,6,7236863648
11772,97451969,166587145,264039114,4,0,1,22528,12,7389209726
11773,97468189,166645061,264113250,7,0,1,50688,9,2280655159
11774,97470770,166785985,264256755,5,0,1,512,7,4372136781
11775,97491270,166765508,264256778,5,0,1,512,7,7746335342
11776,97496960,166762984,264259944,2,0,1,38400,12,9028318503
11777,97505210,166771651,264276861,0,0,1,39424,14,999801943
11778,97507410,166769474,264276884,5,0,1,2560,7,7073588863
11779,97538950,128907683,226446633,0,0,0,1536,14,8437139965
11780,97576791,128836613,226413404,2,0,0,28160,12,1091782905
11781,97587011,128846703,226433714,2,0,0,2048,12,1694101157
11782,97589440,166715882,264305322,9,0,1,18432,3,1726120972
11783,97591300,128984583,226575883,8,0,0,16896,12,4116846255
11784,97599730,129359070,226958800,0,0,0,15872,14,9529894916
11785,97600470,129313863,226914333,1,0,0,203776,6,5297212147
11786,97603910,129454928,227058838,3,0,0,116224,9,3587413176
11787,97608860,129566268,227175128,5,0,0,81408,7,9176545313
11788,97613260,129448721,227061981,3,0,0,10240,9,8256458714
11789,97633050,129215361,226848411,9,0,0,51200,3,9601301137
11790,97636000,129587846,227223846,3,0,0,104960,9,2855099485
11791,97640440,129345851,226986291,5,0,0,49664,7,4691070100
11792,97647190,129706876,227354066,0,0,0,51200,14,25968611
11793,97650210,129500091,227150301,8,0,0,164352,12,2773965391
11794,97657370,129891226,227548596,1,0,0,33792,6,10561729851
11795,97673620,129518223,227191843,4,0,0,54784,12,6430000543
11796,97676520,129395156,227071676,0,0,0,31744,14,6831258523
11797,97678240,166627105,264305345,9,0,1,21504,3,9917369471
11798,97688220,129599968,227288188,0,0,0,50176,14,1563572877
11799,97691479,166613889,264305368,7,0,1,1536,9,2114386241
11800,97698660,129808148,227506808,4,0,0,122880,12,10113541190
11801,97703040,129568141,227271181,0,0,0,27648,14,1353699036
11802,97709880,129701906,227411786,5,0,0,44032,7,251598273
11803,97711470,166593921,264305391,9,0,1,1024,3,1034177732
11804,97716590,129806065,227522655,5,0,0,18432,7,7507440617
11805,97720330,130012817,227733147,9,0,0,81920,3,10027934157
11806,97724620,130027645,227752265,5,0,0,43008,7,7379695830
11807,97725940,130103636,227829576,9,0,0,71680,3,5567004391
11808,97734220,129951439,227685659,5,0,0,62464,7,7213364707
11809,97736060,129843312,227579372,7,0,0,38400,9,5584248788
11810,97746440,130141455,227887895,8,0,0,68608,12,2639357843
11811,97749070,130228755,227977825,0,0,0,63488,14,6931661800
11812,97768480,129930805,227699285,8,0,0,5632,12,6505776188
11813,97771750,130226194,227997944,4,0,0,3072,12,7702248980
11814,97781770,166523644,264305414,2,0,1,5120,12,6627713504
11815,97785219,166520218,264305437,6,0,1,5632,12,4180973782
11816,97802610,130245992,228048602,9,0,0,22016,3,1768132064
11817,97808591,130423341,228231932,2,0,0,35328,12,10488815335
11818,97821310,130315243,228136553,8,0,0,50688,12,8773144172
11819,97829060,130003503,227832563,1,0,0,9728,6,8758246947
11820,97830030,166494641,264324671,5,0,1,8704,7,9187858872
11821,97848870,130206775,228055645,3,0,0,23040,9,10022033432
11822,97850340,166474354,264324694,9,0,1,1024,3,4027755687
11823,97879370,130054187,227933557,0,0,0,24064,14,10388414656
11824,97897910,130465939,228363849,1,0,0,59392,6,3161069755
11825,97898380,130050956,227949336,8,0,0,51712,12,267294741
11826,97899781,129837647,227737428,2,0,0,13824,12,1390903866
11827,97904411,130292690,228197101,2,0,0,92160,12,815940591
11828,97912650,166428002,264340652,3,0,1,17408,9,505410649
11829,97914230,166427436,264341666,2,0,1,1024,12,2001551143
11830,97917161,129890552,227807713,2,0,0,26624,12,3541480039
11831,97930890,130450766,228381656,8,0,0,58368,12,9152939897
11832,97941990,166402686,264344676,2,0,1,9728,12,4411960344
11833,97950570,130250922,228201492,9,0,0,14336,3,2816110483
11834,97954370,130338042,228292412,3,0,0,90112,9,2273340397
11835,97961900,130159186,228121086,9,0,0,16384,3,3173387486
11836,97963960,130331907,228295867,0,0,0,11264,14,6913967896
11837,97972880,130248265,228221145,1,0,0,1536,6,2988571842
11838,97977860,130256903,228234763,1,0,0,9216,6,3894240403
11839,97978110,130587725,228565835,1,0,0,27648,6,8135916527
11840,97981121,130239533,228220654,2,0,0,32768,12,1877934682
11841,97983160,166361547,264344707,9,0,1,4608,3,5165994875
11842,97983440,130731489,228714929,0,0,0,107520,14,3668390959
11843,98007910,130593576,228601486,4,0,0,4096,12,4326485564
11844,98038240,130361543,228399783,8,0,0,59392,12,4546998998
11845,98049490,130613744,228663234,1,0,0,43520,6,5237111542
11846,98056680,166297833,264354513,8,0,1,45568,12,7346631450
11847,98061369,166311972,264373341,6,0,1,6656,12,5762267007
11848,98068750,130256022,228324772,4,0,0,86016,12,8600873539
11849,98071000,166342196,264413196,2,0,1,1024,12,10421384330
11850,98072280,130717037,228789317,4,0,0,14336,12,8221029346
11851,98072740,130260728,228333468,0,0,0,23040,14,9175680312
11852,98073980,130414187,228488167,7,0,0,15360,9,3664765114
11853,98096060,166317159,264413219,8,0,1,10240,12,2928523224
11854,98109740,130133920,228243660,9,0,0,6144,3,1820538288
11855,98114530,131113100,229227630,9,0,0,54784,3,2194312384
11856,98123859,166308965,264432824,6,0,1,27136,12,7665584325
11857,98141050,131212724,229353774,3,0,0,76800,9,218690556
11858,98150631,131017062,229167693,2,0,0,520192,12,722482107
11859,98152670,130756299,228908969,7,0,0,2560,9,7519612077
11860,98164780,130363814,228528594,4,0,0,132608,12,8827426078
11861,98179710,166553960,264733670,1,0,1,6144,6,9867035047
11862,98202580,130353873,228556453,5,0,0,26112,7,3925048456
11863,98223000,166541658,264764658,2,0,1,3072,12,1043612221
11864,98224250,130425701,228649951,5,0,0,9216,7,6817031585
11865,98225140,130589977,228815117,5,0,0,30720,7,1733470471
11866,98231820,130607177,228838997,5,0,0,61440,7,6764953468
11867,98238079,166526602,264764681,6,0,1,2048,12,7656143098
11868,98238550,130972319,229210869,5,0,0,32768,7,1030569782
11869,98241240,130959195,229200435,3,0,0,34304,9,10702537382
11870,98246210,130942612,229188822,5,0,0,69120,7,5912479710
11871,98251860,166676947,264928807,8,0,1,15360,12,10564453164
11872,98255220,131323626,229578846,7,0,0,72192,9,1139754884
11873,98255520,131008806,229264326,8,0,0,9728,12,1372678064
11874,98266790,130923170,229189960,8,0,0,3584,12,7217746430
11875,98298700,130902162,229200862,5,0,0,1024,7,8618840497
11876,98310380,130698794,229009174,0,0,0,7168,14,7605234052
11877,98312980,131591145,229904125,1,0,0,126976,6,4855716281
11878,98316950,130690017,229006967,0,0,0,72192,14,9571983596
11879,98320041,130941298,229261339,2,0,0,77824,12,6142582736
11880,98341160,130896367,229237527,8,0,0,32256,12,7748643626
11881,98344560,130985624,229330184,4,0,0,45568,12,389564450
11882,98357940,131701951,230059891,9,0,0,57344,3,2333264006
11883,98358240,130910485,229268725,3,0,0,14336,9,5304152312
11884,98358451,130952333,229310784,2,0,0,22528,12,7742241725
11885,98366499,166585896,264952395,7,0,1,512,9,357466269
11886,98374710,131140986,229515696,1,0,0,3584,6,1677555642
11887,98378760,131858413,230237173,6,0,0,23040,12,1231704015
11888,98384750,131557583,229942333,1,0,0,47104,6,4588362460
11889,98387870,166564548,264952418,5,0,1,6656,7,7070191433
11890,98390370,131420113,229810483,9,0,0,47616,3,7028598010
11891,98395650,132001051,230396701,9,0,0,60416,3,8992787224
11892,98403950,132191416,230595366,4,0,0,425472,12,8837410496
11893,98405601,131107359,229512960,2,0,0,9728,12,4177227978
11894,98407641,131070156,229477797,2,0,0,6144,12,8597627818
11895,98414530,166834446,265248976,5,0,1,17408,7,5698202
11896,98423810,131347532,229771342,3,0,0,65536,9,9116002088
11897,98426080,131413955,229840035,4,0,0,14336,12,9957515495
11898,98429330,131644468,230073798,9,0,0,45568,3,2308617231
11899,98451760,131151047,229602807,4,0,0,27136,12,5190008725
11900,98452750,131892681,230345431,9,0,0,9216,3,8539975664
11901,98502120,131201820,229703940,0,0,0,39424,14,970706119
11902,98516960,131453788,229970748,0,0,0,93184,14,9752271313
11903,98527610,131488713,230016323,0,0,0,149504,14,8237733891
11904,98532270,131687435,230219705,8,0,0,35840,12,8871962143
11905,98535200,131661839,230197039,5,0,0,184832,7,1151324556
11906,98575330,131562921,230138251,9,0,0,6656,3,5217187281
11907,98595480,131431809,230027289,8,0,0,35840,12,8928488047
11908,98602850,131717491,230320341,3,0,0,119808,9,10059528764
11909,98605840,131772430,230378270,0,0,0,9216,14,3562502449
11910,98613420,166985001,265598421,9,0,1,17920,3,1107738071
11911,98613690,131290614,229904304,8,0,0,512,12,2256109740
11912,98623540,131063204,229686744,5,0,0,8192,7,2603564631
11913,98625360,132173805,230799165,8,0,0,19968,12,705661942
11914,98628430,167072707,265701137,3,0,1,9728,9,3062595633
11915,98632260,131486841,230119101,0,0,0,5120,14,2217327230
11916,98635089,167172163,265807252,7,0,1,31232,9,8401177965
11917,98655961,132059792,230715753,2,0,0,43520,12,9980203035
11918,98661480,131547282,230208762,8,0,0,38400,12,1121657977
11919,98672940,132077936,230750876,5,0,0,115200,7,8638831983
11920,98672980,167424141,266097121,5,0,1,44544,7,5887385764
11921,98676970,131989591,230666561,0,0,0,146944,14,9769783118
11922,98689680,131583781,230273461,7,0,0,40960,9,6418258844
11923,98692120,167669934,266362054,9,0,1,26112,3,2087206208
11924,98696520,132129833,230826353,3,0,0,12800,9,4903418152
11925,98710821,131977337,230688158,2,0,0,24064,12,5091543458
11926,98729030,132132288,230861318,0,0,0,72704,14,3257306359
11927,98730230,167645876,266376106,0,0,1,17408,14,7902997426
11928,98740491,132062628,230803119,2,0,0,12288,12,1483321391
11929,98746770,131955700,230702470,5,0,0,10752,7,7174197805
11930,98748111,131573859,230321970,2,0,0,5120,12,9846202491
11931,98749411,131617207,230366618,2,0,0,46592,12,4481200330
11932,98751681,131653155,230404836,2,0,0,26624,12,2385910579
11933,98752970,131521294,230274264,3,0,0,2560,9,60210626
11934,98755480,131483588,230239068,4,0,0,6144,12,1420653744
11935,98757650,131853526,230611176,4,0,0,51712,12,8072176813
11936,98762890,131858876,230621766,9,0,0,22016,3,3806873373
11937,98767230,131698454,230465684,4,0,0,37888,12,3596804079
11938,98775290,132039785,230815075,0,0,0,33792,14,6811356321
11939,98778910,131920261,230699171,9,0,0,24064,3,7586056488
11940,98781550,167669616,266451166,9,0,1,11776,3,5488608135
11941,98783190,167964811,266748001,2,0,1,38400,12,10387211869
11942,98795110,168137985,266933095,5,0,1,20480,7,5054143644
11943,98797220,131425472,230222692,0,0,0,9728,14,6366161948
11944,98803850,131811093,230614943,1,0,0,12288,6,7741478900
11945,98805961,132242959,231048920,2,0,0,11776,12,7362086688
11946,98810960,132106794,230917754,1,0,0,57856,6,5434137915
11947,98814520,131873973,230688493,0,0,0,1024,14,9235283756
11948,98823090,131999340,230822430,0,0,0,24064,14,7650808101
11949,98825200,131967842,230793042,9,0,0,10240,3,4599001137
11950,98828510,131961389,230789899,0,0,0,128000,14,8986652754
11951,98840650,131443164,230283814,3,0,0,23040,9,8427140431
11952,98856980,131974255,230831235,3,0,0,15872,9,8020352389
11953,98863361,132001747,230865108,2,0,0,12288,12,9547738682
11954,98867990,131969703,230837693,7,0,0,20992,9,6958400735
11955,98885650,131919060,230804710,1,0,0,5120,6,4540376832
11956,98888721,131783635,230672356,2,0,0,18944,12,2283679689
11957,98894250,132151035,231045285,9,0,0,33792,3,4791741762
11958,98897250,168035868,266933118,3,0,1,13312,9,5366063427
11959,98899700,132275007,231174707,8,0,0,40960,12,5671177415
11960,98913070,131767733,230680803,1,0,0,27648,6,2037961057
11961,98935841,132177660,231113501,2,0,0,32768,12,8864994996
11962,98952080,132022386,230974466,3,0,0,67584,9,8812026480
11963,98956810,131734982,230691792,0,0,0,10752,14,2540328581
11964,98973390,131954527,230927917,4,0,0,33280,12,5964483988
11965,98996110,167954214,266950324,1,0,1,3072,6,9682267458
11966,99003170,167951108,266954278,9,0,1,512,3,6543923751
11967,99007469,167964951,266972420,7,0,1,24064,9,2968754129
11968,99019150,168001005,267020155,5,0,1,8192,7,8981133329
11969,99019250,168015303,267034553,5,0,1,28160,7,411309238
11970,99019960,132207443,231227403,1,0,0,80896,6,2679729213
11971,99036910,131762434,230799344,1,0,0,512,6,4497074890
11972,99039040,132141774,231180814,0,0,0,19968,14,4998771249
11973,99044990,132240771,231285761,3,0,0,1024,9,5027835078
11974,99069120,131928633,230997753,1,0,0,18944,6,393798
11975,99074140,168008398,267082538,3,0,1,2560,9,1155562658
11976,99088730,132037274,231126004,7,0,0,40960,9,5785784424
11977,99093930,132316030,231409960,7,0,0,133632,9,7540885704
11978,99111580,132246051,231357631,4,0,0,95744,12,10196378950
11979,99111920,132779024,231890944,8,0,0,219648,12,4954178285
11980,99115200,167967361,267082561,9,0,1,1024,3,183386891
11981,99155160,167965199,267120359,1,0,1,22528,6,4132683524
11982,99160119,167960263,267120382,4,0,1,2560,12,4106570263
11983,99166470,132081750,231248220,1,0,0,5632,6,9571230311
11984,99168130,131930666,231098796,8,0,0,5632,12,3397656042
11985,99170380,167950025,267120405,2,0,1,16384,12,3376834536
11986,99173870,167980682,267154552,1,0,1,23040,6,3159650570
11987,99189520,132046642,231236162,8,0,0,28672,12,3483522177
11988,99190810,132291197,231482007,9,0,0,52224,3,7132705
11989,99194931,132167871,231362802,2,0,0,16896,12,6319294672
11990,99196730,132131706,231328436,0,0,0,54784,14,3455149259
11991,99197100,132546419,231743519,0,0,0,17920,14,3438963658
11992,99208600,168072632,267281232,5,0,1,4096,7,10136638262
11993,99215910,168844377,268060287,3,0,1,74752,9,2511252120
11994,99219580,132222791,231442371,7,0,0,83456,9,2270123566
11995,99235350,132768808,232004158,1,0,0,181760,6,9383921078
11996,99239600,132129621,231369221,1,0,0,20992,6,2410616
11997,99245899,168814411,268060310,4,0,1,1536,12,10576994103
11998,99247090,132876942,232124032,5,0,0,24576,7,9517213222
11999,99250170,168839746,268089916,1,0,1,9216,6,4922754706
12000,99262480,132316351,231578831,9,0,0,17408,3,8803365964
12001,99277080,132820060,232097140,8,0,0,8704,12,8503809711
12002,99279810,132537959,231817769,1,0,0,84480,6,4798127684
12003,99290100,131956381,231246481,1,0,0,33792,6,4735914682
12004,99301190,169080878,268382068,0,0,1,31744,14,10482755248
12005,99301200,132731708,232032908,8,0,0,46592,12,1089479389
12006,99314400,132137198,231451598,7,0,0,30208,9,9171727399
12007,99324710,133292414,232617124,5,0,0,84480,7,7836167426
12008,99327060,131979537,231306597,7,0,0,27136,9,6066742807
12009,99337070,132603459,231940529,8,0,0,63488,12,6148811116
12010,99338070,132119101,231457171,4,0,0,3072,12,2486330116
12011,99367670,133081538,232449208,1,0,0,207360,6,5931786014
12012,99375030,132275926,231650956,7,0,0,15872,9,5458883569
12013,99382380,133443203,232825583,0,0,0,349184,14,7815297267
12014,99408150,132820211,232228361,9,0,0,91648,3,10706101284
12015,99409880,132344838,231754718,5,0,0,8704,7,10307538458
12016,99424860,169090325,268515185,9,0,1,18432,3,4557981905
12017,99429430,169102174,268531604,0,0,1,3072,14,8671806222
12018,99448410,132599832,232048242,7,0,0,26112,9,212998429
12019,99449530,133512919,232962449,8,0,0,81408,12,7472754895
12020,99458150,132187947,231646097,3,0,0,40448,9,10146592882
12021,99467020,132665209,232132229,3,0,0,8192,9,5981657184
12022,99479940,132304566,231784506,0,0,0,42496,14,1530817706
12023,99494640,132398199,231892839,8,0,0,6144,12,10579629127
12024,99500800,169031150,268531950,0,0,1,512,14,1943915803
12025,99512700,132807969,232320669,9,0,0,6656,3,14164722
12026,99521330,169044300,268565630,1,0,1,23552,6,9483649340
12027,99530720,132076168,231606888,9,0,0,5120,3,173801701
12028,99552790,132359784,231912574,9,0,0,42496,3,1139922248
12029,99590740,132449523,232040263,5,0,0,24064,7,303052611
12030,99598030,133248214,232846244,8,0,0,2560,12,3653332744
12031,99616910,133063499,232680409,7,0,0,27136,9,10683147978
12032,99656730,132871950,232528680,9,0,0,26624,3,2683347685
12033,99678040,168887797,268565837,8,0,1,15360,12,2912078580
12034,99679830,169083073,268762903,3,0,1,51200,9,614870010
12035,99680230,132414235,232094465,4,0,0,22016,12,10426517157
12036,99684040,132334649,232018689,1,0,0,47616,6,4114458275
12037,99684660,132866663,232551323,3,0,0,74240,9,2492028821
12038,99685270,132231383,231916653,1,0,0,13312,6,9980021527
12039,99688020,132046638,231734658,8,0,0,25088,12,8660543463
12040,99712720,132906143,232618863,8,0,0,5632,12,2190979814
12041,99715890,169047839,268763729,0,0,1,16384,14,3493840942
12042,99722390,132596228,232318618,3,0,0,59392,9,9070104719
12043,99777930,132397239,232175169,3,0,0,47616,9,3848270019
12044,99792040,168971712,268763752,1,0,1,4608,6,4668599559
12045,99799700,132358107,232157807,4,0,0,74752,12,9353860356
12046,99801940,132248361,232050301,9,0,0,6656,3,4699060695
12047,99802140,132533874,232336014,5,0,0,14848,7,1167922612
12048,99828440,132231556,232059996,0,0,0,31744,14,3389412618
12049,99831029,168932746,268763775,4,0,1,5120,12,6761774555
12050,99876700,132685254,232561954,8,0,0,34816,12,2886151736
12051,99886599,168960812,268847411,6,0,1,18432,12,2637004858
12052,99894450,168959761,268854211,3,0,1,15872,9,3346788636
12053,99912580,132797921,232710501,5,0,0,4096,7,3311865381
12054,99917290,168936944,268854234,5,0,1,3072,7,211320189
12055,99924850,168953298,268878148,8,0,1,23040,12,5465533168
12056,99933490,132337441,232270931,5,0,0,2048,7,5838138940
12057,99952960,132207678,232160638,0,0,0,9216,14,8985788227
12058,99955620,132301014,232256634,6,0,0,69120,12,3494402278
12059,99956530,168935103,268891633,2,0,1,3072,12,532243878
12060,99956960,132105875,232062835,6,0,0,9216,12,1577796142
12061,99969430,132287539,232256969,1,0,0,1024,6,10170107679
12062,99974890,132290705,232265595,7,0,0,20480,9,2721486268
12063,100007070,132442629,232449699,7,0,0,1536,9,8989548619
12064,100009040,168886102,268895142,1,0,1,4608,6,8801965668
12065,100016540,132356200,232372740,4,0,0,1536,12,5916237172
12066,100029470,132974603,233004073,8,0,0,83968,12,6877876344
12067,100032320,168862845,268895165,0,0,1,6656,14,2716259170
12068,100041880,132549481,232591361,0,0,0,55808,14,406271603
12069,100041900,132428194,232470094,6,0,0,2560,12,23583815
12070,100055870,168839318,268895188,5,0,1,2560,7,9051374071
12071,100064950,132194382,232259332,7,0,0,7680,9,5078621676
12072,100075710,132216736,232292446,5,0,0,13824,7,7948935933
12073,100107740,133140920,233248660,5,0,0,41984,7,10551122697
12074,100110160,132381827,232491987,8,0,0,6144,12,2161802260
12075,100113620,132534116,232647736,5,0,0,45056,7,3308526853
12076,100118420,132983858,233102278,5,0,0,32256,7,2033722935
12077,100124830,168770381,268895211,1,0,1,20992,6,10275942736
12078,100130050,133105795,233235845,6,0,0,64000,12,5633261643
12079,100132990,168833419,268966409,3,0,1,3072,9,2495854391
12080,100135600,133195578,233331178,5,0,0,90624,7,7422599105
12081,100146010,168865187,269011197,2,0,1,5632,12,156596167
12082,100146670,132223202,232369872,7,0,0,12288,9,8869866076
12083,100192900,132652541,232845441,8,0,0,59392,12,13349504
12084,100215900,132235694,232451594,0,0,0,6144,14,10051823013
12085,100236289,168982015,269218304,7,0,1,14336,9,4393751555
12086,100245040,133312116,233557156,4,0,0,42496,12,8709199133
12087,100248000,169011325,269259325,9,0,1,13824,3,5639312170
12088,100261000,132205780,232466780,4,0,0,2048,12,10184463776
12089,100271110,168997724,269268834,5,0,1,2560,7,7175691437
12090,100277450,133305713,233583163,9,0,0,83456,3,9346072141
12091,100281030,132377061,232658091,6,0,0,4608,12,1860592174
12092,100286180,132395656,232681836,6,0,0,4608,12,5733371758
12093,100290880,133444516,233735396,1,0,0,197632,6,6005344388
12094,100294060,132726429,233020489,5,0,0,47104,7,10608887817
12095,100296490,169105162,269401652,9,0,1,30208,3,4253932358
12096,100297420,132724028,233021448,3,0,0,3072,9,6304073448
12097,100306129,169097789,269403918,6,0,1,3584,12,6806189905
12098,100326270,132501052,232827322,3,0,0,5632,9,1915799465
12099,100331040,133640809,233971849,3,0,0,195072,9,2023959858
12100,100332470,132833886,233166356,1,0,0,5120,6,5095868564
12101,100333681,132814773,233148454,2,0,0,30208,12,7039553255
12102,100341099,169063280,269404379,4,0,1,10240,12,6300457443
12103,100348120,133167514,233515634,8,0,0,49664,12,6285949685
12104,100349380,169966374,270315754,9,0,1,19456,3,1854050235
12105,100356570,132606370,232962940,4,0,0,1536,12,9665992582
12106,100358460,170226745,270585205,8,0,1,39936,12,1771020889
12107,100359770,133946508,234306278,7,0,0,62464,9,251634937
12108,100362830,132923628,233286458,9,0,0,39424,3,2659086304
12109,100374220,132765007,233139227,1,0,0,70656,6,6301145679
12110,100376640,134399665,234776305,3,0,0,568832,9,10021600471
12111,100377030,134052653,234429683,1,0,0,60928,6,4995265218
12112,100409829,170820435,271230264,6,0,1,60928,12,313833750
12113,100410580,132748379,233158959,1,0,0,1024,6,6453146818
12114,100418650,133390033,233808683,0,0,0,96256,14,10112498697
12115,100421290,133024045,233445335,4,0,0,24064,12,8785093523
12116,100421630,134404040,234825670,0,0,0,46080,14,5574525739
12117,100423830,133161228,233585058,4,0,0,6144,12,375173998
12118,100435290,133591953,234027243,4,0,0,140800,12,2751235029
12119,100436550,170795980,271232530,3,0,1,3584,9,5463826821
12120,100448660,133446273,233894933,1,0,0,58368,6,2554509403
12121,100454470,133132171,233586641,4,0,0,5120,12,941558591
12122,100463610,132941195,233404805,7,0,0,3072,9,10267710859
12123,100463850,133136670,233600520,7,0,0,40960,9,5247260824
12124,100464569,170783034,271247603,4,0,1,4608,12,8816194479
12125,100472340,133592100,234064440,1,0,0,67072,6,10125990693
12126,100480490,133194667,233675157,1,0,0,16384,6,1550060766
12127,100483771,133412589,233896360,2,0,0,4608,12,1338133395
12128,100487810,134461477,234949287,3,0,0,96768,9,7448557556
12129,100489560,134616110,235105670,4,0,0,68096,12,1392473320
12130,100518460,170783300,271301760,3,0,1,36864,9,4382345060
12131,100523410,133602759,234126169,5,0,0,17408,7,3229438183
12132,100530870,133615290,234146160,4,0,0,65536,12,3459256014
12133,100550450,133484616,234035066,0,0,0,25600,14,3297297000
12134,100554270,133687722,234241992,5,0,0,65536,7,3168455377
12135,100568260,133405640,233973900,8,0,0,6656,12,4981631350
12136,100589580,133454401,234043981,9,0,0,29184,3,7147831709
12137,100598790,134632643,235231433,3,0,0,41472,9,5650379562
12138,100600330,133770897,234371227,9,0,0,104960,3,592017191
12139,100600600,133797395,234397995,3,0,0,48640,9,1746550270
12140,100605190,133543177,234148367,7,0,0,7168,9,4244971210
12141,100623760,133697540,234321300,0,0,0,8192,14,5040627559
12142,100625780,170727980,271353760,0,0,1,39424,14,2382791677
12143,100637890,133868483,234506373,6,0,0,75776,12,6192957238
12144,100641050,133677731,234318781,5,0,0,40960,7,10007132544
12145,100646370,133736736,234383106,9,0,0,38912,3,6050492360
12146,100648450,170727828,271376278,0,0,1,20480,14,10471801389
12147,100648480,170813537,271462017,3,0,1,1024,9,5257571521
12148,100648560,134182281,234830841,4,0,0,16896,12,2802650801
12149,100657559,170804481,271462040,6,0,1,3072,12,3461573356
12150,100672660,134136740,234809400,4,0,0,108544,12,681971650
12151,100685570,134151222,234836792,1,0,0,19456,6,4513759044
12152,100691460,134293454,234984914,7,0,0,102912,9,6672694344
12153,100694510,133898870,234593380,0,0,0,13312,14,9893038736
12154,100698200,170763863,271462063,0,0,1,12288,14,4815576932
12155,100700720,170825012,271525732,9,0,1,9728,3,4741008354
12156,100701100,134441477,235142577,7,0,0,70656,9,3172756176
12157,100703900,134107707,234811607,7,0,0,7168,9,4290520706
12158,100707750,134466674,235174424,3,0,0,104448,9,7000993886
12159,100709499,171052191,271761690,6,0,1,27648,12,3273005426
12160,100712050,134609486,235321536,8,0,0,9216,12,6158186534
12161,100736400,133866470,234602870,5,0,0,9728,7,6003310943
12162,100743080,134341819,235084899,4,0,0,28672,12,7368218787
12163,100749640,134134115,234883755,5,0,0,43008,7,9994480887
12164,100755600,134081995,234837595,5,0,0,2560,7,10176161898
12165,100761460,171000486,271761946,8,0,1,9216,12,1985227988
12166,100761510,134489781,235251291,7,0,0,6144,9,6939040158
12167,100770730,134419317,235190047,5,0,0,51200,7,8815319644
12168,100785750,134433024,235218774,1,0,0,94208,6,8611642092
12169,100801660,134559055,235360715,5,0,0,34304,7,7014656366
12170,100827430,134821614,235649044,1,0,0,19968,6,5122478881
12171,100831460,134470306,235301766,5,0,0,70144,7,3559688915
12172,100834500,134414896,235249396,9,0,0,58880,3,6299899972
12173,100847990,134688164,235536154,8,0,0,94208,12,6230805543
12174,100848040,134410138,235258178,4,0,0,22528,12,5841212451
12175,100855260,135053540,235908800,4,0,0,34304,12,3891068459
12176,100860559,171037111,271897670,6,0,1,83968,12,10561631819
12177,100875930,134389447,235265377,5,0,0,23552,7,7278994070
12178,100887979,171009714,271897693,4,0,1,13824,12,135473189
12179,100899190,134581866,235481056,5,0,0,49664,7,3024848575
12180,100912580,134985745,235898325,8,0,0,71680,12,8034760550
12181,100913840,134802588,235716428,9,0,0,147968,3,9492117084
12182,100915330,134709659,235624989,8,0,0,14848,12,10010889907
12183,100933010,134564078,235497088,3,0,0,25088,9,3111460207
12184,100936150,135095836,236031986,8,0,0,44032,12,4949200247
12185,100951140,134661387,235612527,5,0,0,104960,7,1718471317
12186,100974960,134947112,235922072,6,0,0,3072,12,10206484541
12187,100977650,134802936,235780586,5,0,0,33792,7,5742486050
12188,100999860,135091959,236091819,7,0,0,73216,9,9443913449
12189,101008470,170949746,271958216,1,0,1,26112,6,5008981224
12190,101020359,170950703,271971062,7,0,1,5632,9,9287853313
12191,101022610,134995937,236018547,1,0,0,152576,6,7421673862
12192,101025020,134808738,235833758,7,0,0,29696,9,4819045883
12193,101028540,134774100,235802640,7,0,0,54272,9,9858338152
12194,101029200,135032084,236061284,4,0,0,60928,12,10080396105
12195,101030510,135145411,236175921,7,0,0,50688,9,1805605758
12196,101031270,135074144,236105414,5,0,0,44544,7,198738536
12197,101090430,135030139,236120569,9,0,0,49664,3,108612613
12198,101095660,135243258,236338918,4,0,0,19456,12,3791950779
12199,101114620,134671461,235786081,1,0,0,10240,6,7451706221
12200,101123650,135036344,236159994,9,0,0,2048,3,2743763837
12201,101129810,134739174,235868984,5,0,0,19968,7,3584076465
12202,101151290,134818470,235969760,9,0,0,18432,3,1637712197
12203,101154310,135069930,236224240,5,0,0,7168,7,4203065774
12204,101164370,135018727,236183097,7,0,0,7680,9,4507077466
12205,101177000,170843834,272020834,1,0,1,21504,6,5960433368
12206,101179840,134854977,236034817,0,0,0,9216,14,1388471051
12207,101189810,170831047,272020857,9,0,1,5632,3,10029802201
12208,101201820,135078612,236280432,5,0,0,18432,7,4879120429
12209,101202680,170825559,272028239,9,0,1,6144,3,6028769289
12210,101213280,135044628,236257908,3,0,0,9728,9,1869761150
12211,101215140,134988018,236203158,7,0,0,23040,9,8235397278
12212,101219560,135055063,236274623,7,0,0,54784,9,9253596232
12213,101230350,170801115,272031465,3,0,1,5120,9,9873746792
12214,101233640,135193378,236427018,6,0,0,99840,12,175989211
12215,101243640,135413451,236657091,8,0,0,5632,12,3858638719
12216,101262240,135534322,236796562,9,0,0,110080,3,95533413
12217,101262470,170784406,272046876,3,0,1,10240,9,4149028560
12218,101263990,135573200,236837190,9,0,0,56320,3,9854622462
12219,101273230,135382122,236655352,0,0,0,113664,14,1024850782
12220,101277670,135199226,236476896,7,0,0,5632,9,4155442989
12221,101278670,135303924,236582594,6,0,0,50688,12,4100871057
12222,101287031,135263851,236550882,2,0,0,3584,12,9979602785
12223,101293671,135383573,236677244,2,0,0,64000,12,6541800332
12224,101304190,170788486,272092676,9,0,1,3584,3,4542530313
12225,101339520,135634325,236973845,1,0,0,102400,6,9973006040
12226,101346599,170868940,272215539,7,0,1,14336,9,3799128462
12227,101348430,170883498,272231928,9,0,1,1536,3,4378173312
12228,101354300,135453205,236807505,0,0,0,35840,14,9674611366
12229,101354950,135337472,236692422,8,0,0,16896,12,9318114483
12230,101379370,170857384,272236754,0,0,1,7680,14,4636335823
12231,101393980,135505132,236899112,7,0,0,20992,9,5042545340
12232,101403580,135283671,236687251,7,0,0,32768,9,5535002377
12233,101406160,135413847,236820007,4,0,0,29696,12,8103829358
12234,101413550,170824830,272238380,8,0,1,2560,12,773915264
12235,101416830,135674240,237091070,4,0,0,14336,12,2890657508
12236,101417800,135596267,237014067,8,0,0,48128,12,1246107848
12237,101420850,135432555,236853405,3,0,0,25600,9,6761156340
12238,101424960,135561388,236986348,5,0,0,40960,7,6289902417
12239,101432610,135715875,237148485,0,0,0,36352,14,5811707694
12240,101434740,135648833,237083573,8,0,0,20992,12,5720499140
12241,101440900,135853762,237294662,9,0,0,80384,3,2081247246
12242,101459610,135843187,237302797,8,0,0,26624,12,8040490980
12243,101460110,135676914,237137024,7,0,0,12800,9,6110578444
12244,101460180,170887981,272348161,5,0,1,9216,7,7281979566
12245,101463200,170999643,272462843,2,0,1,4096,12,8457925866
12246,101485510,136747063,238232573,8,0,0,242688,12,792974491
12247,101488280,136496652,237984932,8,0,0,906240,12,4713647276
12248,101489570,136640282,238129852,9,0,0,18944,3,5923016420
12249,101490730,136522778,238013508,6,0,0,23552,12,9764050871
12250,101505469,171013594,272519063,6,0,1,25600,12,1992951137
12251,101507840,136480171,237988011,3,0,0,9728,9,3270541017
12252,101511279,171016767,272528046,4,0,1,5120,12,7656540634
12253,101530710,136763754,238294464,1,0,0,26624,6,4108420913
12254,101551780,136064687,237616467,6,0,0,6144,12,3373450547
12255,101559270,171106019,272665289,5,0,1,37888,7,7716877912
12256,101559430,136446879,238006309,8,0,0,59904,12,7036034247
12257,101568750,171307537,272876287,0,0,1,17920,14,1009783650
12258,101583860,136499458,238083318,0,0,0,105984,14,5020872185
12259,101584360,136012115,237596475,4,0,0,1024,12,3065690161
12260,101593790,136686097,238279887,6,0,0,55808,12,1970293911
12261,101604729,171271581,272876310,6,0,1,4096,12,3071464078
12262,101609580,136514477,238124057,0,0,0,133632,14,4348652468
12263,101613810,136410375,238024185,3,0,0,13312,9,1866219971
12264,101617120,171259213,272876333,1,0,1,3072,6,3326516718
12265,101621820,136886973,238508793,8,0,0,178688,12,4285029588
12266,101625340,136637520,238262860,9,0,0,99328,3,8437913317
12267,101627300,137084588,238711888,7,0,0,60416,9,9162066942
12268,101634880,136711445,238346325,4,0,0,105472,12,10522428058
12269,101637340,136801932,238439272,0,0,0,24576,14,4371681115
12270,101638030,136778369,238416399,4,0,0,41472,12,4428166568
12271,101652020,136634309,238286329,6,0,0,1536,12,7234253772
12272,101658740,171265444,272924184,1,0,1,2048,6,1073784060
12273,101660140,171297313,272957453,1,0,1,34816,6,378463742
12274,101661810,172395820,274057630,1,0,1,88576,6,9850963152
12275,101669840,136784486,238454326,5,0,0,31744,7,3955619511
12276,101675510,136701414,238376924,1,0,0,100352,6,1420678696
12277,101676770,172510114,274186884,0,0,1,48640,14,8639640625
12278,101677199,172645112,274322311,6,0,1,17920,12,4121262576
12279,101686720,136616156,238302876,8,0,0,5632,12,2660849686
12280,101697780,136832477,238530257,7,0,0,70144,9,6913456599
12281,101707860,136961297,238669157,1,0,0,11264,6,2540410993
12282,101710700,136836896,238547596,8,0,0,56832,12,6483187364
12283,101711729,172674211,274385940,4,0,1,7680,12,2376535592
12284,101721499,172697184,274418683,7,0,1,24576,9,5231078532
12285,101727500,136558338,238285838,9,0,0,19456,3,4489303652
12286,101732970,136832872,238565842,1,0,0,50688,6,7269708858
12287,101733690,136710941,238444631,9,0,0,8704,3,5151321702
12288,101738370,137530999,239269369,9,0,0,388608,3,6869640313
12289,101739070,136947503,238686573,6,0,0,17408,12,1783569102
12290,101741580,136981985,238723565,7,0,0,14848,9,2803589909
12291,101746080,137124377,238870457,8,0,0,2560,12,9041127322
12292,101754240,136837903,238592143,7,0,0,23552,9,3438353916
12293,101759490,173029266,274788756,8,0,1,47616,12,7045510340
12294,101779260,137221482,239000742,8,0,0,18432,12,791713684
12295,101791610,137154356,238945966,8,0,0,116736,12,1676384283
12296,101797560,136752571,238550131,0,0,0,8192,14,10282676747
12297,101804240,137093546,238897786,0,0,0,45056,14,8202221812
12298,101829760,137516096,239345856,9,0,0,38400,3,9118698003
12299,101833210,172955569,274788779,3,0,1,40448,9,1373224319
12300,101835020,137151681,238986701,9,0,0,4096,3,1915146775
12301,101843780,137490353,239334133,7,0,0,114688,9,4243667440
12302,101853430,137425657,239279087,7,0,0,30720,9,5873640424
12303,101856330,136874735,238731065,0,0,0,12800,14,8367221108
12304,101868650,172920152,274788802,0,0,1,16384,14,5559300841
12305,101882460,137249887,239132347,1,0,0,18432,6,5795562858
12306,101885090,173111714,274996804,0,0,1,47104,14,9582056665
12307,101887950,137576928,239464878,3,0,0,122880,9,7379594282
12308,101892830,137076548,238969378,0,0,0,32256,14,6538097682
12309,101924170,137226764,239150934,1,0,0,60928,6,3398536186
12310,101925930,137047215,238973145,9,0,0,12288,3,7787970262
12311,101927760,137565552,239493312,8,0,0,21504,12,1537616932
12312,101951350,173047429,274998779,2,0,1,9728,12,2379524074
12313,101954590,173098375,275052965,9,0,1,3072,3,8605214389
12314,101958640,137628445,239587085,1,0,0,12288,6,9671566833
12315,101967289,173091387,275058676,8,0,1,6144,12,996064279
12316,101972921,137296783,239269704,2,0,0,1024,12,2795639949
12317,101974410,137744322,239718732,8,0,0,123904,12,5822474608
12318,102004270,137785591,239789861,5,0,0,23552,7,2594927348
12319,102019060,137564258,239583318,3,0,0,78848,9,4297545188
12320,102028549,173031407,275059956,7,0,1,14336,9,5568342799
12321,102033400,137247582,239280982,0,0,0,6144,14,5704999306
12322,102034880,137795998,239830878,8,0,0,22016,12,9396628506
12323,102068870,137929445,239998315,1,0,0,13312,6,7197489949
12324,102077869,173038292,275116161,4,0,1,13824,12,7445372920
12325,102090579,173038374,275128953,7,0,1,14848,9,3377792318
12326,102091360,138127888,240219248,6,0,0,115712,12,684746653
12327,102092080,137902156,239994236,0,0,0,37376,14,5805738372
12328,102092340,173180129,275272469,0,0,1,34816,14,7440618410
12329,102093080,138191574,240284654,4,0,0,102400,12,4290493464
12330,102094640,138276796,240371436,7,0,0,152064,9,4785926416
12331,102103429,173410524,275513953,8,0,1,48640,12,5273723699
12332,102119160,173564590,275683750,1,0,1,5120,6,4997228077
12333,102125600,137651758,239777358,4,0,0,7680,12,8043616030
12334,102135120,173548653,275683773,5,0,1,37376,7,10085828757
12335,102139980,137763061,239903041,1,0,0,14336,6,2913745492
12336,102140580,173827287,275967867,3,0,1,31744,9,3086236853
12337,102141680,138330975,240472655,9,0,0,23040,3,3226588449
12338,102143179,174026399,276169578,7,0,1,27136,9,4289448756
12339,102146720,138318876,240465596,5,0,0,204800,7,2017128128
12340,102151990,137695571,239847561,0,0,0,20992,14,635121847
12341,102152990,137979798,240132788,9,0,0,216576,3,8743415877
12342,102160959,174018984,276179943,4,0,1,16896,12,2939389227
12343,102163330,138335142,240498472,8,0,0,66048,12,6602092840
12344,102184610,173995356,276179966,5,0,1,512,7,6426482180
12345,102192580,138132501,240325081,8,0,0,132608,12,3931389360
12346,102201760,137763443,239965203,3,0,0,43008,9,9696485057
12347,102226500,138426141,240652641,3,0,0,60416,9,885758498
12348,102245360,138295239,240540599,4,0,0,68096,12,5151729058
12349,102261359,173918630,276179989,8,0,1,8192,12,4875260698
12350,102265530,138311596,240577126,4,0,0,119808,12,4727660310
12351,102270050,173909962,276180012,5,0,1,18944,7,9096629366
12352,102275980,137876173,240152153,9,0,0,17920,3,3746991170
12353,102277199,174005685,276282884,8,0,1,11776,12,6614358386
12354,102284010,137940767,240224777,8,0,0,17920,12,7018535545
12355,102285759,173997148,276282907,6,0,1,8704,12,10297607887
12356,102325210,137848652,240173862,9,0,0,7168,3,10248771259
12357,102342550,173940380,276282930,3,0,1,22016,9,6074122694
12358,102348480,138054693,240403173,5,0,0,12288,7,1562818828
12359,102350780,138652448,241003228,4,0,0,60416,12,5400125452
12360,102358710,138231722,240590432,9,0,0,11264,3,3354427508
12361,102360930,173929623,276290553,5,0,1,8704,7,8908659551
12362,102372230,138728024,241100254,1,0,0,9728,6,2341301043
12363,102376560,138022846,240399406,9,0,0,62464,3,10535028032
12364,102384869,174001155,276386024,6,0,1,4608,12,1562845616
12365,102388050,138087436,240475486,7,0,0,9216,9,8887500667
12366,102392600,137987751,240380351,3,0,0,29184,9,10130119292
12367,102394930,138083387,240478317,3,0,0,9216,9,6435659510
12368,102409180,138321637,240730817,1,0,0,7168,6,3629228868
12369,102411120,138214000,240625120,8,0,0,13312,12,5402853784
12370,102414740,138200698,240615438,4,0,0,72192,12,10359935906
12371,102429570,138893806,241323376,4,0,0,32768,12,9862927856
12372,102445030,138055969,240500999,8,0,0,8192,12,10183217609
12373,102451100,138135877,240586977,4,0,0,32256,12,6024450145
12374,102452640,138231510,240684150,1,0,0,15360,6,4837327784
12375,102453540,138244361,240697901,3,0,0,45056,9,5377547550
12376,102463100,138130319,240593419,3,0,0,9728,9,4653455234
12377,102482770,138037058,240519828,9,0,0,11264,3,1876223960
12378,102516810,174406851,276923661,2,0,1,36352,12,2066347636
12379,102528960,174446432,276975392,1,0,1,512,6,9869076272
12380,102534079,174552716,277086795,6,0,1,21504,12,2817199257
12381,102534210,138333114,240867324,9,0,0,43008,3,5863348290
12382,102535220,138208724,240743944,6,0,0,43008,12,2982615386
12383,102561749,174525069,277086818,6,0,1,7680,12,8910102579
12384,102573740,138771655,241345395,9,0,0,72192,3,8683697184
12385,102574980,138437787,241012767,9,0,0,31232,3,3878544722
12386,102579250,138436972,241016222,9,0,0,11264,3,1931303371
12387,102608260,138302977,240911237,5,0,0,12288,7,5940371253
12388,102610700,138567273,241177973,1,0,0,21504,6,8382238875
12389,102618510,138552880,241171390,5,0,0,78848,7,4056489363
12390,102627170,138871388,241498558,3,0,0,130048,9,5383901111
12391,102630569,174456272,277086841,7,0,1,3072,9,4321567382
12392,102658280,138655089,241313369,6,0,0,64512,12,9997273578
12393,102680681,138705921,241386602,2,0,0,135168,12,8674180860
12394,102690940,174462231,277153171,5,0,1,19968,7,3075586425
12395,102691380,174632991,277324371,1,0,1,38400,6,8066054792
12396,102693430,138699591,241393021,1,0,0,20992,6,9283277505
12397,102696430,138938911,241635341,1,0,0,55296,6,1345314098
12398,102698740,138448603,241147343,9,0,0,75264,3,9733052623
12399,102701250,139138575,241839825,8,0,0,29184,12,5756130332
12400,102710740,139425753,242136493,4,0,0,605696,12,2882147179
12401,102716710,174607684,277324394,0,0,1,1024,14,7476022629
12402,102756080,139430167,242186247,4,0,0,136704,12,8920896100
12403,102758420,138918605,241677025,4,0,0,20992,12,1003450474
12404,102760380,138951616,241711996,5,0,0,100352,7,10718792380
12405,102774170,139370402,242144572,8,0,0,17920,12,698156548
12406,102797110,139341933,242139043,4,0,0,8192,12,6253562312
12407,102844780,138681454,241526234,5,0,0,8192,7,9287873563
12408,102851170,138948049,241799219,3,0,0,4096,9,2949872201
12409,102863250,138933353,241796603,6,0,0,35840,12,1239039777
12410,102863930,174460487,277324417,1,0,1,11776,6,427995542
12411,102871160,138630433,241501593,1,0,0,3072,6,247665005
12412,102879980,138903131,241783111,4,0,0,35328,12,1105589296
12413,102917059,174599640,277516699,8,0,1,39936,12,3378695216
12414,102933980,139344999,242278979,5,0,0,21504,7,190804481
12415,102935440,139263310,242198750,0,0,0,40960,14,5707337781
12416,102947510,138706406,241653916,1,0,0,12288,6,3135882708
12417,102965800,138942589,241908389,4,0,0,28672,12,8603895928
12418,102967070,139238879,242205949,1,0,0,23552,6,3708615639
12419,102973920,138829878,241803798,4,0,0,14336,12,1422761
12420,102985620,138948930,241934550,7,0,0,52736,9,392121650
12421,102986530,174645481,277632011,9,0,1,38400,3,968226657
12422,102989550,139229063,242218613,4,0,0,5120,12,1847162562
12423,102996130,174650336,277646466,2,0,1,26112,12,10655052217
12424,102999560,139217447,242217007,9,0,0,35840,3,4977475940
12425,103037560,174628602,277666162,9,0,1,10240,3,7177075707
12426,103045599,174669640,277715239,7,0,1,13824,9,10575900263
12427,103048740,174666522,277715262,2,0,1,512,12,1533236800
12428,103049060,139258094,242307154,1,0,0,85504,6,1411708496
12429,103059790,139567903,242627693,1,0,0,37888,6,905278995
12430,103060300,139419854,242480154,4,0,0,124928,12,3971069697
12431,103064770,138887152,241951922,3,0,0,7680,9,3731660285
12432,103068200,139547926,242616126,6,0,0,68096,12,2687309705
12433,103086400,139811133,242897533,1,0,0,37376,6,8162153977
12434,103086980,139657285,242744265,8,0,0,19456,12,10362144559
12435,103095850,139160200,242256050,8,0,0,37376,12,9415284930
12436,103110660,139133979,242244639,4,0,0,55808,12,3360640579
12437,103135490,139378227,242513717,9,0,0,110080,3,429458086
12438,103136070,174741361,277877431,0,0,1,11264,14,10665745895
12439,103183190,139584678,242767868,4,0,0,11264,12,2474424835
12440,103192630,139119851,242312481,6,0,0,17408,12,9749273903
12441,103194160,139584518,242778678,7,0,0,9728,9,10233069604
12442,103200840,140085663,243286503,9,0,0,79872,3,1055752095
12443,103201480,139373214,242574694,3,0,0,46080,9,6115947092
12444,103210260,139597869,242808129,1,0,0,12288,6,1393424421
12445,103213370,139444246,242657616,4,0,0,30720,12,5284998401
12446,103216810,139669312,242886122,4,0,0,65536,12,668768447
12447,103220590,139455769,242676359,3,0,0,61440,9,8071020774
12448,103227890,139570518,242798408,9,0,0,5632,3,4158080264
12449,103243480,139294998,242538478,3,0,0,5632,9,863011278
12450,103247250,174798917,278046167,2,0,1,86016,12,9060940216
12451,103257120,139468929,242726049,9,0,0,40960,3,6018995809
12452,103261960,139333395,242595355,6,0,0,30208,12,7047310817
12453,103263810,174785375,278049185,0,0,1,8704,14,3608497713
12454,103278560,139307568,242586128,4,0,0,4096,12,4084353624
12455,103291920,139292937,242584857,4,0,0,33280,12,5269741664
12456,103303090,174746118,278049208,9,0,1,10240,3,2719494772
12457,103303199,174746032,278049231,4,0,1,16896,12,8893841550
12458,103314530,139327904,242642434,6,0,0,512,12,8861634663
12459,103317040,139410436,242727476,3,0,0,4608,9,726907630
12460,103317880,140086645,243404525,6,0,0,92160,12,8406557624
12461,103323960,139191184,242515144,7,0,0,4608,9,9504476333
12462,103326520,139358513,242685033,6,0,0,7168,12,7478808477
12463,103331190,174718064,278049254,2,0,1,10240,12,1245844106
12464,103346570,139484890,242831460,7,0,0,33280,9,9239449029
12465,103357370,139433302,242790672,5,0,0,15360,7,957888692
12466,103363630,139412061,242775691,9,0,0,25600,3,6857418059
12467,103364020,139773834,243137854,4,0,0,40960,12,412091828
12468,103381170,139535867,242917037,1,0,0,41984,6,7351384431
12469,103396560,139865584,243262144,6,0,0,107008,12,2278428226
12470,103408920,139951703,243360623,3,0,0,6144,9,1361124669
12471,103432500,140215457,243647957,5,0,0,202752,7,6708924130
12472,103444460,139638364,243082824,9,0,0,2048,3,673357090
12473,103447460,139782057,243229517,7,0,0,74752,9,8846344568
12474,103451230,139904209,243355439,1,0,0,27648,6,4433315049
12475,103471370,139504999,242976369,1,0,0,7680,6,7263101218
12476,103482030,139554805,243036835,1,0,0,3584,6,7979066490
12477,103482110,139809260,243291370,9,0,0,15872,3,9196086976
12478,103490380,140397565,243887945,7,0,0,25600,9,1291369394
12479,103493810,139483603,242977413,1,0,0,1024,6,9290528553
12480,103501400,174547877,278049277,8,0,1,12288,12,6928045853
12481,103511150,139865272,243376422,7,0,0,26624,9,7043541908
12482,103529020,174531212,278060232,0,0,1,4608,14,3046922728
12483,103533920,139399842,242933762,1,0,0,6144,6,7609198173
12484,103550790,139573282,243124072,3,0,0,35328,9,2128456554
12485,103556840,140311046,243867886,8,0,0,136704,12,9432042286
12486,103557640,139996586,243554226,7,0,0,175104,9,9205605521
12487,103560980,174568361,278129341,9,0,1,16384,3,3925321678
12488,103567520,139859625,243427145,9,0,0,14848,3,1741313766
12489,103568890,140167038,243735928,5,0,0,14336,7,7511532203
12490,103574140,139992152,243566292,3,0,0,39424,9,6006458347
12491,103604950,174585032,278189982,5,0,1,6144,7,3237514882
12492,103608729,174614704,278223433,8,0,1,3584,12,9392752052
12493,103617820,139883031,243500851,6,0,0,77824,12,185279035
12494,103621020,174602436,278223456,9,0,1,3072,3,2013406648
12495,103630390,140106497,243736887,9,0,0,3072,3,10183338934
12496,103638810,140410842,244049652,1,0,0,130560,6,3575281848
12497,103646720,139939407,243586127,8,0,0,65024,12,6716039322
12498,103658479,174581723,278240202,4,0,1,5632,12,2217568342
12499,103666940,140702901,244369841,7,0,0,53248,9,2171275478
12500,103679180,140146088,243825268,7,0,0,75264,9,4483892334
12501,103681930,140021523,243703453,3,0,0,3584,9,9847322350
12502,103690100,140228756,243918856,4,0,0,101376,12,4447439407
12503,103694460,140078068,243772528,8,0,0,51712,12,8946164217
12504,103714860,140016677,243731537,3,0,0,21504,9,10505123867
12505,103718590,140873785,244592375,1,0,0,71680,6,5178676640
12506,103720580,139933865,243654445,5,0,0,20992,7,9044112743
12507,103735120,174505105,278240225,5,0,1,6656,7,9179867936
12508,103751040,174490339,278241379,5,0,1,1024,7,4563292923
12509,103773630,140482818,244256448,7,0,0,60928,9,4614399334
12510,103784140,174457905,278242045,1,0,1,11264,6,698142239
12511,103794930,140148517,243943447,7,0,0,38400,9,7646662969
12512,103799280,140122875,243922155,1,0,0,10752,6,7944478670
12513,103800870,174446001,278246871,8,0,1,7680,12,7402675816
12514,103808590,140197836,244006426,7,0,0,7168,9,9936915775
12515,103811930,140171162,243983092,4,0,0,44032,12,1978946912
12516,103821600,140171770,243993370,7,0,0,1024,9,1590635640
12517,103823500,140309680,244133180,9,0,0,23552,3,3329104445
12518,103824720,140098550,243923270,3,0,0,3584,9,8409029185
12519,103834510,140251586,244086096,1,0,0,8192,6,6691674316
12520,103854960,140149259,244004219,6,0,0,18432,12,9888484606
12521,103857990,140249795,244107785,4,0,0,19456,12,606944523
12522,103863450,140648681,244512131,4,0,0,77824,12,5041025669
12523,103866529,174387063,278253592,4,0,1,6144,12,5345769140
12524,103904970,140368079,244273049,1,0,0,48640,6,5416388251
12525,103926170,140125868,244052038,3,0,0,7680,9,1288561229
12526,103933600,140245877,244179477,4,0,0,2560,12,10339422765
12527,103939739,174316759,278256498,7,0,1,4608,9,392160527
12528,103940870,140262668,244203538,3,0,0,1024,9,3020292365
12529,103970750,140232453,244203203,7,0,0,18944,9,518652651
12530,103983150,174297915,278281065,9,0,1,25088,3,4685185278
12531,103984670,140874309,244858979,7,0,0,112640,9,6820233758
12532,103986920,140734473,244721393,7,0,0,30208,9,8751008677
12533,103990680,174304279,278294959,1,0,1,9728,6,4836423388
12534,103991090,140187561,244178651,1,0,0,24064,6,2458473200
12535,104002030,174321880,278323910,2,0,1,1536,12,4992917097
12536,104002130,174323726,278325856,9,0,1,3072,3,4891667647
12537,104017110,140044763,244061873,5,0,0,2560,7,2090178295
12538,104031260,140721529,244752789,7,0,0,44032,9,4918223860
12539,104077500,174248702,278326202,3,0,1,512,9,6683442999
12540,104080189,174246359,278326548,7,0,1,512,9,10021477078
12541,104105230,140413788,244519018,4,0,0,22528,12,10106107773
12542,104114610,174301150,278415760,0,0,1,10752,14,6494214672
12543,104119680,140554397,244674077,1,0,0,48640,6,6188844988
12544,104120620,140893525,245014145,6,0,0,46080,12,4038044049
12545,104124980,140179957,244304937,4,0,0,3072,12,4761073441
12546,104133549,174326881,278460430,6,0,1,16384,12,3412501219
12547,104142230,141350250,245492480,6,0,0,94208,12,2662099753
12548,104145700,141413021,245558721,1,0,0,89600,6,1438109673
12549,104150750,140726242,244876992,5,0,0,31232,7,9485271743
12550,104174420,174288596,278463016,0,0,1,4096,14,8502982663
12551,104176980,141419708,245596688,5,0,0,53760,7,6643657386
12552,104178639,174507243,278685882,4,0,1,25600,12,5733168883
12553,104182860,140811106,244993966,6,0,0,47616,12,6139716803
12554,104212340,141221259,245433599,7,0,0,917504,9,2349213961
12555,104218009,174526718,278744727,4,0,1,512,12,1632473248
12556,104230630,140649349,244879979,3,0,0,9728,9,6834224168
12557,104234760,141284869,245519629,4,0,0,67584,12,5371468914
12558,104238140,141783695,246021835,1,0,0,12800,6,5693715932
12559,104242640,141406308,245648948,4,0,0,96768,12,4126217533
12560,104257670,140537251,244794921,1,0,0,20992,6,400892700
12561,104261480,140817870,245079350,8,0,0,2048,12,2328344326
12562,104265360,141229038,245494398,8,0,0,6144,12,8335362315
12563,104287830,140493737,244781567,9,0,0,14848,3,1982350817
12564,104289710,174459203,278748913,3,0,1,6656,9,10149027085
12565,104290210,174691824,278982034,0,0,1,31232,14,225240007
12566,104307290,141473326,245780616,4,0,0,74240,12,2807630981
12567,104337010,174647610,278984620,5,0,1,4096,7,10428967567
12568,104345130,141757198,246102328,6,0,0,121856,12,1678036950
12569,104345510,140761082,245106592,6,0,0,48128,12,3455550996
12570,104348160,141115593,245463753,8,0,0,16384,12,3454961524
12571,104359660,141494882,245854542,7,0,0,13824,9,5648160185
12572,104366410,141132604,245499014,5,0,0,512,7,8160131239
12573,104367620,141091118,245458738,1,0,0,82432,6,3683775838
12574,104378570,141201638,245580208,7,0,0,68608,9,7276188934
12575,104385590,141233803,245619393,3,0,0,53760,9,4779903315
12576,104388910,140730653,245119563,7,0,0,42496,9,3919888360
12577,104392020,140757479,245149499,9,0,0,31232,3,4335032904
12578,104402440,140737520,245139960,8,0,0,50176,12,9454961004
12579,104412760,141118638,245531398,4,0,0,38400,12,6113879037
12580,104412840,141330806,245743646,5,0,0,125952,7,5592995013
12581,104416850,141732284,246149134,8,0,0,7168,12,3814360311
12582,104433700,141314204,245747904,5,0,0,13824,7,7064834719
12583,104467940,141135011,245602951,8,0,0,20480,12,454461967
12584,104469880,141207795,245677675,1,0,0,94208,6,679226621
12585,104474220,141024615,245498835,7,0,0,14336,9,9212091860
12586,104480220,141079061,245559281,9,0,0,1536,3,6347685043
12587,104492900,141194798,245687698,1,0,0,32768,6,355494709
12588,104494350,141502323,245996673,5,0,0,83456,7,3660301366
12589,104517520,174612004,279129524,5,0,1,14848,7,3180956397
12590,104520029,174609854,279129883,7,0,1,9728,9,1985070468
12591,104521140,141184107,245705247,7,0,0,25088,9,5183087310
12592,104531350,141682523,246213873,8,0,0,2560,12,492557277
12593,104538510,141159070,245697580,1,0,0,28672,6,9559054524
12594,104558640,174578913,279137553,8,0,1,1536,12,8832971976
12595,104564960,141346160,245911120,6,0,0,6656,12,1165603229
12596,104594740,141279378,245874118,7,0,0,17408,9,7459112091
12597,104607499,174530720,279138219,4,0,1,1024,12,5978264673
12598,104612410,141176201,245788611,7,0,0,26112,9,7800403906
12599,104614970,141402942,246017912,7,0,0,69632,9,10383898180
12600,104621030,141067791,245688821,8,0,0,3584,12,5472914710
12601,104636110,141121847,245757957,1,0,0,32768,6,7581786148
12602,104665400,141387978,246053378,5,0,0,103424,7,1298344002
12603,104689730,174521010,279210740,9,0,1,46592,3,5121629605
12604,104692720,174688624,279381344,8,0,1,52224,12,5747652140
12605,104692890,141154210,245847100,9,0,0,32768,3,8117877508
12606,104707600,174754379,279461979,8,0,1,2560,12,6397435388
12607,104718379,174748326,279466705,4,0,1,33280,12,8623728294
12608,104722190,141202678,245924868,1,0,0,1536,6,107826907
12609,104730570,141200705,245931275,9,0,0,5120,3,3592942867
12610,104732750,174867943,279600693,8,0,1,36352,12,4172424529
12611,104742759,174859540,279602299,4,0,1,11264,12,9198023168
12612,104761659,174888329,279649988,7,0,1,24576,9,7661380222
12613,104763420,141188547,245951967,7,0,0,17920,9,6314461540
12614,104763979,174928377,279692356,7,0,1,9216,9,9391269589
12615,104765010,141378700,246143710,6,0,0,29696,12,3310786502
12616,104772170,174920209,279692379,8,0,1,3584,12,9349278192
12617,104772210,174956608,279728818,9,0,1,20992,3,7675956969
12618,104777730,141111939,245889669,9,0,0,6144,3,4143800938
12619,104807320,141163902,245971222,8,0,0,45568,12,2162918367
12620,104813260,141475589,246288849,9,0,0,86528,3,8909620787
12621,104813840,174946429,279760269,9,0,1,14848,3,3935832188
12622,104813910,141250887,246064797,6,0,0,37376,12,2203038394
12623,104827820,141649818,246477638,5,0,0,188928,7,1226441580
12624,104828810,141379634,246208444,8,0,0,4096,12,6752602618
12625,104835300,175005542,279840842,3,0,1,17920,9,10491235876
12626,104858140,141730755,246588895,8,0,0,31744,12,6790228577
12627,104863230,141399232,246262462,7,0,0,72704,9,319520029
12628,104867400,175217261,280084661,5,0,1,22528,7,2589188151
12629,104875710,141651944,246527654,7,0,0,10240,9,7379827299
12630,104875840,141433342,246309182,9,0,0,63488,3,9002618719
12631,104886760,141326310,246213070,3,0,0,13824,9,6352865875
12632,104888260,175205247,280093507,3,0,1,3584,9,9636303603
12633,104896660,175411381,280308041,1,0,1,52736,6,4262006120
12634,104903510,141826301,246729811,3,0,0,63488,9,9366138646
12635,104905880,141625409,246531289,7,0,0,7168,9,2943483159
12636,104909509,175398555,280308064,7,0,1,4096,9,8145626636
12637,104920180,141271770,246191950,1,0,0,30208,6,7954176353
12638,104934590,141587602,246522192,6,0,0,89088,12,667518480
12639,104937680,141459920,246397600,4,0,0,10240,12,3632400664
12640,104938400,175369687,280308087,5,0,1,6144,7,5675295878
12641,104940650,141412070,246352720,7,0,0,19968,9,2816030351
12642,104942770,141445385,246388155,3,0,0,50688,9,9800600301
12643,104943760,141957471,246901231,1,0,0,124928,6,5544188296
12644,104950200,175411689,280361889,3,0,1,13312,9,9776375297
12645,104955080,141411553,246366633,9,0,0,12800,3,9594848730
12646,104958490,176094351,281052841,8,0,1,66560,12,3210315873
12647,104978400,141619884,246598284,1,0,0,27648,6,6140755862
12648,105001580,176051284,281052864,1,0,1,5120,6,9773762408
12649,105003830,141519523,246523353,1,0,0,1024,6,4809136169
12650,105033250,141355396,246388646,1,0,0,1536,6,10341356397
12651,105035530,176017357,281052887,8,0,1,1024,12,6976263243
12652,105057989,176355765,281413754,7,0,1,43520,9,6972416963
12653,105070719,176722509,281793228,7,0,1,47616,9,5311985751
12654,105097040,176884347,281981387,2,0,1,26112,12,2052236307
12655,105098560,141424435,246522995,5,0,0,2560,7,8999759294
12656,105099910,141438578,246538488,3,0,0,23552,9,7146418549
12657,105126170,141635519,246761689,7,0,0,14336,9,9903997755
12658,105150400,141406139,246556539,5,0,0,3072,7,165531983
12659,105150740,141886760,247037500,5,0,0,61440,7,10317348964
12660,105152600,141483916,246636516,3,0,0,12800,9,1443257578
12661,105153780,177123324,282277104,0,0,1,47616,14,5143018591
12662,105157610,141943787,247101397,7,0,0,74240,9,747138229
12663,105198960,141565092,246764052,1,0,0,7680,6,5816928512
12664,105223100,141761603,246984703,3,0,0,90624,9,7625244566
12665,105224290,141792104,247016394,9,0,0,103936,3,431224309
12666,105277990,141864430,247142420,6,0,0,3584,12,3400219793
12667,105319420,141741214,247060634,5,0,0,39936,7,1915250507
12668,105330000,176952298,282282298,0,0,1,3072,14,4636287030
12669,105343670,142059843,247403513,7,0,0,46592,9,310660283
12670,105377720,141444888,246822608,6,0,0,26112,12,3179933452
12671,105379220,141745320,247124540,7,0,0,67072,9,1345212985
12672,105401850,142147218,247549068,7,0,0,48128,9,10407798187
12673,105407540,176874781,282282321,9,0,1,8192,3,9714687514
12674,105421600,141855411,247277011,3,0,0,47104,9,10331425569
12675,105434110,141429034,246863144,7,0,0,23040,9,2557436172
12676,105435570,141612873,247048443,7,0,0,35840,9,7857138479
12677,105460370,141765295,247225665,9,0,0,104960,3,1076124593
12678,105473010,176819520,282292530,8,0,1,10752,12,10323228440
12679,105473430,142034159,247507589,9,0,0,65536,3,6633228712
12680,105494050,141798097,247292147,7,0,0,19968,9,1800717590
12681,105519631,176818836,282338467,3,0,1,3584,9,8921285180
12682,105523800,141713120,247236920,5,0,0,36864,7,5837384480
12683,105527759,176987873,282515632,6,0,1,58368,12,4950889476
12684,105530230,141386263,246916493,1,0,0,11264,6,5129346298
12685,105550790,177019159,282569949,5,0,1,1536,7,3682841203
12686,105568060,141805535,247373595,7,0,0,34816,9,2442014292
12687,105568160,142311143,247879303,5,0,0,45568,7,2391246411
12688,105568540,141851694,247420234,3,0,0,25088,9,2198111100
12689,105570410,141769353,247339763,7,0,0,10752,9,1784066021
12690,105572880,141865665,247438545,5,0,0,55296,7,9704670165
12691,105576300,142245214,247821514,3,0,0,111104,9,10119083541
12692,105619189,176972161,282591350,4,0,1,10240,12,3227614920
12693,105629100,141611275,247240375,1,0,0,11264,6,2149836810
12694,105656410,141586796,247243206,7,0,0,9216,9,4565755708
12695,105659400,177141475,282800875,1,0,1,10752,6,5022546591
12696,105666620,141680407,247347027,3,0,0,3072,9,4387885651
12697,105668429,177149496,282817925,7,0,1,2048,9,10276679960
12698,105677310,141878021,247555331,6,0,0,20480,12,10621613850
12699,105682580,141849284,247531864,6,0,0,35328,12,9889691804
12700,105685470,177197778,282883248,5,0,1,32256,7,8150502789
12701,105697990,141617638,247315628,3,0,0,39936,9,4228969100
12702,105701260,142286039,247987299,7,0,0,127488,9,6654443640
12703,105705750,142451913,248157663,6,0,0,17408,12,9264393560
12704,105708140,177227156,282935296,0,0,1,44032,14,4686271592
12705,105715820,141302937,247018757,5,0,0,7680,7,8349336397
12706,105738690,141903438,247642128,1,0,0,76288,6,2940467170
12707,105748010,177223391,282971401,8,0,1,29696,12,4590998917
12708,105758460,141563119,247321579,9,0,0,19456,3,6627931809
12709,105772280,142013498,247785778,6,0,0,24064,12,5029838085
12710,105773810,142417534,248191344,3,0,0,35840,9,1270858994
12711,105775400,142576323,248351723,5,0,0,66048,7,559779052
12712,105777600,142731885,248509485,5,0,0,36352,7,7092129806
12713,105820090,141442546,247262636,6,0,0,7168,12,1956947918
12714,105821660,142043713,247865373,3,0,0,143872,9,6540178576
12715,105822220,141770416,247592636,3,0,0,14848,9,2130584412
12716,105844100,141620396,247464496,3,0,0,54272,9,7031213643
12717,105851960,142434526,248286486,7,0,0,1024,9,7268159486
12718,105861170,142148678,248009848,5,0,0,69120,7,7253212342
12719,105875900,141868336,247744236,5,0,0,8192,7,7397824704
12720,105885390,142658827,248544217,4,0,0,9216,12,2967211627
12721,105885900,142002162,247888062,1,0,0,28672,6,6779125980
12722,105899639,177071793,282971432,7,0,1,22016,9,4287493141
12723,105902170,142785048,248687218,3,0,0,46592,9,5401299760
12724,105919530,177085783,283005313,2,0,1,21504,12,1668835361
12725,105925949,177102771,283028720,4,0,1,47616,12,6888374723
12726,105932210,177100696,283032906,0,0,1,6656,14,866325955
12727,105941670,177150419,283092089,0,0,1,5120,14,5423093492
12728,105948860,141621001,247569861,0,0,0,17920,14,7716050786
12729,105949830,142438021,248387851,6,0,0,71680,12,7043049345
12730,105953440,141809071,247762511,9,0,0,59904,3,4731296851
12731,105958990,141974568,247933558,1,0,0,148992,6,3315869655
12732,105966240,141720744,247686984,3,0,0,10752,9,8170405281
12733,105971460,142017305,247988765,5,0,0,4608,7,356205305
12734,105978070,177114042,283092112,1,0,1,9728,6,7921673912
12735,105996040,141592049,247588089,9,0,0,7168,3,6102576261
12736,106008110,141940299,247948409,7,0,0,48640,9,2647893885
12737,106023139,177071176,283094315,6,0,1,38912,12,2938043375
12738,106028070,141739808,247767878,3,0,0,2048,9,1692971068
12739,106029430,142884399,248913829,5,0,0,76800,7,1916637418
12740,106032180,142111256,248143436,9,0,0,121344,3,143242735
12741,106037690,177099721,283137411,5,0,1,11264,7,5987576424
12742,106045500,142055822,248101322,5,0,0,15360,7,4376848680
12743,106045720,177268030,283313750,9,0,1,34816,3,7836422405
12744,106046439,177267334,283313773,4,0,1,14848,12,781173746
12745,106068490,141979052,248047542,6,0,0,67584,12,1562623038
12746,106068850,177364602,283433452,1,0,1,18944,6,8350464402
12747,106071510,143062583,249134093,6,0,0,56832,12,9562079520
12748,106078910,177358550,283437460,0,0,1,5632,14,1252786857
12749,106080870,142250706,248331576,6,0,0,11776,12,225703954
12750,106081520,142569200,248650720,9,0,0,512,3,1562252591
12751,106091060,142189707,248280767,9,0,0,89088,3,3571718186
12752,106128110,142125490,248253600,7,0,0,78848,9,1283811829
12753,106135480,177617657,283753137,2,0,1,20480,12,6712671818
12754,106143430,177733682,283877112,5,0,1,1024,7,9018741011
12755,106160110,142198055,248358165,1,0,0,20992,6,6790435995
12756,106160790,142046937,248207727,0,0,0,22528,14,5486608270
12757,106167510,142234198,248401708,9,0,0,25600,3,2842582665
12758,106251610,177634130,283885740,8,0,1,12288,12,4944913562
12759,106256480,142208028,248464508,6,0,0,20480,12,7929284996
12760,106265830,177685276,283951106,8,0,1,3584,12,10675308073
12761,106309370,142216252,248525622,3,0,0,52736,9,8908993348
12762,106311600,142054388,248365988,6,0,0,25600,12,10127934593
12763,106319970,177631159,283951129,3,0,1,15360,9,5228742123
12764,106327071,142765449,249092520,2,0,0,11264,12,2137162337
12765,106328030,141978057,248306087,9,0,0,5632,3,5527150775
12766,106335310,142193611,248528921,3,0,0,10752,9,3903427748
12767,106338730,142119515,248458245,5,0,0,29696,7,3226739515
12768,106343670,142186210,248529880,7,0,0,3072,9,5808247479
12769,106343790,142139930,248483720,7,0,0,12800,9,2200493997
12770,106354900,142895107,249250007,1,0,0,37888,6,2298370605
12771,106364160,143039801,249403961,6,0,0,7680,12,8896225615
12772,106375110,142094413,248469523,8,0,0,16384,12,3951295138
12773,106378220,177572932,283951152,8,0,1,8704,12,8761571529
12774,106381890,142268651,248650541,1,0,0,33792,6,3352854944
12775,106387080,142535664,248922744,5,0,0,29184,7,7078056708
12776,106394620,142487160,248881780,6,0,0,66560,12,8903669452
12777,106413080,177538095,283951175,1,0,1,7168,6,9840123866
12778,106427120,142164175,248591295,0,0,0,16384,14,6468290899
12779,106435770,142005045,248440815,6,0,0,8704,12,7332498770
12780,106444320,142417157,248861477,9,0,0,216576,3,2559537060
12781,106462060,142627005,249089065,0,0,0,58368,14,3633747036
12782,106462380,142765018,249227398,8,0,0,52736,12,9990259848
12783,106462770,142427636,248890406,1,0,0,6144,6,3577787502
12784,106470120,142418391,248888511,7,0,0,22016,9,4614712392
12785,106470249,177486282,283956531,7,0,1,7680,9,934051973
12786,106488500,142928412,249416912,1,0,0,31232,6,2948534899
12787,106493030,142578228,249071258,7,0,0,60416,9,6118504929
12788,106513810,142746745,249260555,0,0,0,27136,14,2650349331
12789,106514220,142808433,249322653,7,0,0,18432,9,6089352891
12790,106530380,142461624,248992004,0,0,0,82944,14,2104282925
12791,106531879,178366125,284898004,6,0,1,388096,12,8307302441
12792,106533660,142395035,248928695,1,0,0,19456,6,5613849162
12793,106546260,143254257,249800517,9,0,0,57856,3,2801680143
12794,106561739,178345536,284907275,7,0,1,18432,9,10097739036
12795,106562300,178349481,284911781,1,0,1,7168,6,5516276996
12796,106573040,142910174,249483214,3,0,0,22528,9,7154744296
12797,106576670,144109887,250686557,8,0,0,225792,12,2735212377
12798,106584800,142864508,249449308,5,0,0,18432,7,326575784
12799,106586679,179679598,286266277,6,0,1,572416,12,1729905304
12800,106588240,179713442,286301682,2,0,1,6656,12,3311996574
12801,106596090,142615217,249211307,7,0,0,71680,9,1871701625
12802,106611220,143886151,250497371,9,0,0,14336,3,2830984023
12803,106616780,179755683,286372463,2,0,1,57856,12,1606719608
12804,106629170,143124299,249753469,5,0,0,31232,7,9207618813
12805,106637020,179736109,286373129,8,0,1,1024,12,10315207828
12806,106643530,142778865,249422395,9,0,0,17920,3,2018550309
12807,106653950,143054169,249708119,5,0,0,64000,7,5244078433
12808,106657720,142032485,248690205,9,0,0,9728,3,8175348170
12809,106659940,144136267,250796207,1,0,0,115712,6,3251083994
12810,106664530,143015147,249679677,8,0,0,61440,12,5862318329
12811,106665430,144369613,251035043,9,0,0,196608,3,7888966798
12812,106672620,142947678,249620298,9,0,0,76800,3,8455029437
12813,106674920,142480880,249155800,7,0,0,71168,9,7271678707
12814,106677109,179700206,286377315,7,0,1,6656,9,6795692713
12815,106686190,142801780,249487970,5,0,0,11264,7,4631275129
12816,106691940,143166403,249858343,1,0,0,147456,6,10219020720
12817,106698150,179751445,286449595,2,0,1,38912,12,8196008984
12818,106705140,142403231,249108371,9,0,0,1024,3,4134474441
12819,106712940,143229039,249941979,8,0,0,29184,12,2545704806
12820,106724170,144396751,251120921,5,0,0,28672,7,8793329200
12821,106731890,179718678,286450568,8,0,1,12800,12,848160806
12822,106738850,143327766,250066616,8,0,0,89600,12,3812417021
12823,106744640,143038203,249782843,1,0,0,96256,6,4538915680
12824,106749200,179856602,286605802,8,0,1,24576,12,5543560829
12825,106752290,142525377,249277667,5,0,0,7680,7,4314969150
12826,106758140,142972763,249730903,5,0,0,18432,7,1726202671
12827,106758200,142957898,249716098,0,0,0,26112,14,7758296936
12828,106786340,144481383,251267723,7,0,0,45568,9,281509470
12829,106798640,143240653,250039293,5,0,0,39936,7,7065474145
12830,106803460,143418639,250222099,0,0,0,73728,14,662887577
12831,106806340,142820712,249627052,5,0,0,19456,7,7853063305
12832,106816450,143065940,249882390,9,0,0,78848,3,4499707349
12833,106819110,142801991,249621101,0,0,0,2560,14,9481696019
12834,106820260,142988055,249808315,1,0,0,19456,6,3455898706
12835,106843400,143519752,250363152,5,0,0,14336,7,3400385041
12836,106852759,180146996,286999755,6,0,1,115712,12,6631699921
12837,106862289,180287115,287149404,6,0,1,76288,12,9462211911
12838,106873880,143011997,249885877,1,0,0,10752,6,5828442414
12839,106878040,180346510,287224550,9,0,1,21504,3,6611270840
12840,106888810,180337366,287226176,2,0,1,2560,12,10405501577
12841,106889860,180336662,287226522,2,0,1,512,12,7766380523
12842,106908080,180319428,287227508,5,0,1,1536,7,9578681503
12843,106909310,143945185,250854495,8,0,0,512,12,7256561667
12844,106926180,180315261,287241441,5,0,1,4608,7,2272831207
12845,106926680,143225474,250152154,1,0,0,73216,6,6866042337
12846,106949010,143448485,250397495,8,0,0,112640,12,237145028
12847,106966220,144584194,251550414,7,0,0,532480,9,4145944543
12848,106970250,143435536,250405786,8,0,0,27136,12,4298756985
12849,106973430,143507031,250480461,8,0,0,15360,12,1467954891
12850,106974410,143180003,250154413,8,0,0,3584,12,1865875502
12851,106980020,143562377,250542397,5,0,0,50688,7,1745199861
12852,106983080,143341525,250324605,5,0,0,5120,7,9818556300
12853,106985970,143237556,250223526,3,0,0,4608,9,8006960549
12854,106988340,180282951,287271291,0,0,1,18432,14,6536825677
12855,107009580,143517327,250526907,0,0,0,85504,14,8648365980
12856,107011301,144593562,251604863,2,0,0,52736,12,3361102636
12857,107015170,143547763,250562933,0,0,0,12800,14,1358246589
12858,107025430,180252351,287277781,5,0,1,2048,7,510437737
12859,107026540,143522611,250549151,1,0,0,22016,6,6396722025
12860,107029440,143152644,250182084,3,0,0,21504,9,367365006
12861,107034240,143696846,250731086,3,0,0,16384,9,9786227329
12862,107034289,180243851,287278140,7,0,1,9728,9,4133147192
12863,107036390,143202785,250239175,0,0,0,13824,14,9365378552
12864,107036750,143685866,250722616,3,0,0,118272,9,4749494798
12865,107038390,143520612,250559002,1,0,0,32256,6,1611005764
12866,107048321,143240797,250289118,2,0,0,8704,12,2336148641
12867,107049490,144189657,251239147,9,0,0,45568,3,3840911896
12868,107054140,143750202,250804342,1,0,0,26624,6,7055150686
12869,107068819,180460263,287529082,6,0,1,139264,12,38056907
12870,107091140,143475799,250566939,8,0,0,2560,12,2491414704
12871,107093060,143797231,250890291,6,0,0,40960,12,2854032653
12872,107106880,144481869,251588749,0,0,0,23040,14,2208434586
12873,107110910,143615161,250726071,5,0,0,11264,7,3059133653
12874,107113431,143498415,250611846,2,0,0,10752,12,793558472
12875,107121460,143930641,251052101,8,0,0,5632,12,1777805336
12876,107128330,143480217,250608547,1,0,0,33792,6,5056004049
12877,107148360,144061287,251209647,1,0,0,66560,6,6947544890
12878,107155230,144557942,251713172,1,0,0,55296,6,3948714776
12879,107156020,144144273,251300293,3,0,0,73728,9,7487195148
12880,107158810,143659283,250818093,3,0,0,45056,9,7369496439
12881,107159130,180493263,287652393,9,0,1,8192,3,6806769387
12882,107165640,143785541,250951181,5,0,0,512,7,2671496655
12883,107179190,143871164,251050354,7,0,0,50176,9,9358500685
12884,107189990,144452506,251642496,7,0,0,6656,9,2481490333
12885,107192350,144503951,251696301,1,0,0,4608,6,21862566
12886,107193690,143640381,250834071,3,0,0,28160,9,6981916821
12887,107195080,143994264,251189344,8,0,0,103424,12,2934077471
12888,107199030,144025171,251224201,3,0,0,3072,9,3114667318
12889,107200310,180452597,287652907,3,0,1,8704,9,6209660571
12890,107228060,143626256,250854316,0,0,0,14336,14,10454797176
12891,107239220,143627955,250867175,8,0,0,3584,12,8416477004
12892,107240390,144328322,251568712,9,0,0,10240,3,6939974294
12893,107247720,144505800,251753520,7,0,0,51200,9,5074293329
12894,107256030,180396900,287652930,8,0,1,22528,12,1727719498
12895,107267940,144522887,251790827,8,0,0,122368,12,6771719513
12896,107269471,144706547,251976018,2,0,0,35840,12,308814382
12897,107272900,144768718,252041618,7,0,0,15360,9,7864638348
12898,107292470,180457896,287750366,2,0,1,9216,12,6986393812
12899,107295020,180455369,287750389,2,0,1,7168,12,10424470090
12900,107299160,144653550,251952710,6,0,0,107520,12,94751130
12901,107300920,144844094,252145014,6,0,0,70144,12,4418328581
12902,107321140,144561996,251883136,1,0,0,127488,6,4587567472
12903,107327170,144292380,251619550,9,0,0,48128,3,8841127716
12904,107332450,144336950,251669400,8,0,0,61440,12,3015235062
12905,107353760,143869482,251223242,1,0,0,44544,6,7581793687
12906,107360339,180390073,287750412,6,0,1,7680,12,4768267959
12907,107378970,143998007,251376977,3,0,0,30208,9,1517470041
12908,107399670,180358120,287757790,8,0,1,31232,12,5456728754
12909,107401730,143978702,251380432,3,0,0,11264,9,3221292554
12910,107418670,144276204,251694874,6,0,0,18944,12,8100567668
12911,107422200,144859468,252281668,3,0,0,126464,9,2757958022
12912,107432990,144290197,251723187,1,0,0,32768,6,3486902405
12913,107437151,143906700,251343851,2,0,0,8704,12,6968683700
12914,107441980,144981791,252423771,1,0,0,54272,6,2194566556
12915,107444790,144136893,251581683,0,0,0,42496,14,1110115252
12916,107451450,144237629,251689079,1,0,0,64512,6,477503808
12917,107473530,180298666,287772196,8,0,1,12288,12,2921115627
12918,107474920,144154684,251629604,9,0,0,512,3,9886721915
12919,107475870,180300584,287776454,1,0,1,17408,6,8771496365
12920,107486160,143814468,251300628,8,0,0,1024,12,10181826586
12921,107500330,144065239,251565569,9,0,0,49664,3,1313348259
12922,107505440,144512397,252017837,6,0,0,111104,12,6579017186
12923,107517801,144301201,251819002,2,0,0,15360,12,6511023747
12924,107538020,144366534,251904554,3,0,0,69632,9,895571239
12925,107554260,144491281,252045541,6,0,0,12800,12,5251782378
12926,107567420,144061997,251629417,9,0,0,32256,3,4230350297
12927,107576600,144455612,252032212,6,0,0,47104,12,9148848121
12928,107581260,144330376,251911636,9,0,0,14336,3,4229093137
12929,107588850,144959283,252548133,6,0,0,68096,12,9106131107
12930,107594661,144288654,251883315,2,0,0,512,12,927550707
12931,107611600,180202523,287814123,1,0,1,51712,6,1294652320
12932,107627630,180227039,287854669,3,0,1,22528,9,3775328106
12933,107635570,144738856,252374426,6,0,0,27136,12,9378205918
12934,107646439,180209779,287856218,7,0,1,12288,9,7202775780
12935,107657370,144249859,251907229,6,0,0,8704,12,8587463283
12936,107668940,144477969,252146909,3,0,0,6144,9,8355754035
12937,107674200,144613107,252287307,6,0,0,18432,12,1552948083
12938,107688330,180171434,287859764,1,0,1,5632,6,4680769631
12939,107693920,180664958,288358878,1,0,1,36352,6,5993216887
12940,107696990,144268067,251965057,3,0,0,40448,9,274595265
12941,107707500,180652044,288359544,0,0,1,1024,14,46606448
12942,107708380,144328535,252036915,7,0,0,15360,9,3446474922
12943,107709670,144455498,252165168,3,0,0,4096,9,4730275911
12944,107722160,144349278,252071438,9,0,0,23040,3,5266873353
12945,107753950,144837834,252591784,1,0,0,137216,6,1723334260
12946,107764190,144889861,252654051,9,0,0,46592,3,9393849439
12947,107782240,144137687,251919927,6,0,0,27136,12,7807721977
12948,107787940,180572590,288360530,2,0,1,1536,12,4963154581
12949,107796230,144808525,252604755,3,0,0,42496,9,8311893557
12950,107798460,144814008,252612468,8,0,0,14848,12,8959947819
12951,107802120,144424368,252226488,9,0,0,44032,3,7511842340
12952,107803990,144978947,252782937,0,0,0,75264,14,2855971145
12953,107806620,145296550,253103170,1,0,0,560640,6,2531604744
12954,107813560,144272860,252086420,0,0,0,512,14,4992655627
12955,107817421,144611833,252429254,2,0,0,17920,12,3264362765
12956,107822600,180629222,288451822,9,0,1,26624,3,5856438397
12957,107824050,180728942,288552992,9,0,1,1536,3,1384428850
12958,107839960,144960628,252800588,9,0,0,57856,3,362154660
12959,107852081,145080246,252932327,2,0,0,58880,12,7603973511
12960,107855540,144752381,252607921,6,0,0,10240,12,10439102118
12961,107859500,144967909,252827409,9,0,0,59904,3,6028851338
12962,107879560,145227065,253106625,6,0,0,11264,12,5882390872
12963,107884009,180671249,288555258,6,0,1,3584,12,5812072544
12964,107885930,145240062,253125992,9,0,0,63488,3,4929068111
12965,107887390,144832425,252719815,9,0,0,35328,3,10558488356
12966,107892770,144944764,252837534,1,0,0,9216,6,3764095972
12967,107915130,144569942,252485072,8,0,0,31232,12,7367924930
12968,107922880,145382671,253305551,3,0,0,27648,9,3930167025
12969,107930100,145359135,253289235,9,0,0,210432,3,1250025749
12970,107961430,145263666,253225096,9,0,0,94720,3,3835800770
12971,107972860,144515823,252488683,9,0,0,11776,3,6251747039
12972,107976910,145219287,253196197,7,0,0,25600,9,204334925
12973,107978330,180583034,288561364,5,0,1,20992,7,8134335691
12974,107987310,180607616,288594926,9,0,1,5120,3,8473825198
12975,108000180,145153961,253154141,3,0,0,53248,9,4512040445
12976,108024230,144496650,252520880,3,0,0,512,9,1206572400
12977,108028890,144461399,252490289,1,0,0,5120,6,6299733687
12978,108047240,145513697,253560937,9,0,0,135168,3,2420823670
12979,108047921,145248692,253296613,2,0,0,20480,12,2180748374
12980,108058890,145380290,253439180,9,0,0,65024,3,9161990950
12981,108085000,145585858,253670858,6,0,0,65024,12,9773026049
12982,108085681,145052213,253137894,2,0,0,31232,12,9297314400
12983,108086760,145041595,253128355,1,0,0,7680,6,928682898
12984,108088220,145695504,253783724,0,0,0,13312,14,4079856978
12985,108095410,145092964,253188374,1,0,0,68096,6,4360012483
12986,108124930,144786357,252911287,9,0,0,71680,3,7429709771
12987,108130330,145027110,253157440,3,0,0,10752,9,3556121408
12988,108135400,180606562,288741962,8,0,1,48640,12,6582673106
12989,108170190,144997413,253167603,3,0,0,33280,9,128873201
12990,108175540,145150672,253326212,0,0,0,57856,14,10415401229
12991,108182640,144695091,252877731,3,0,0,7168,9,5195980205
12992,108183650,145808496,253992146,7,0,0,159232,9,6024057004
12993,108186690,145565608,253752298,0,0,0,49152,14,4389029865
12994,108189200,145754407,253943607,9,0,0,56832,3,6747152862
12995,108198530,180543455,288741985,1,0,1,9216,6,6519708839
12996,108203130,180542740,288745870,2,0,1,15360,12,2694335143
12997,108203250,145105311,253308561,6,0,0,3072,12,2392500915
12998,108207230,145212115,253419345,3,0,0,54272,9,2171713395
12999,108210890,145096712,253307602,9,0,0,6656,3,9445211392
13000,108211590,145078760,253290350,6,0,0,3584,12,9800033479
13001,108215150,145081954,253297104,9,0,0,1536,3,8971412527
13002,108232530,180551980,288784510,5,0,1,512,7,4939266348
13003,108254370,145371314,253625684,3,0,0,31232,9,6808642372
13004,108263520,145755441,254018961,9,0,0,35840,3,2872082433
13005,108272940,145316550,253589490,1,0,0,36352,6,3749652144
13006,108286370,180610519,288896889,9,0,1,44032,3,3484496465
13007,108301420,145035283,253336703,1,0,0,34304,6,4151918242
13008,108315510,145792815,254108325,8,0,0,164864,12,6906428550
13009,108325620,145970759,254296379,9,0,0,146944,3,8353326407
13010,108330850,180575145,288905995,9,0,1,16896,3,5116875090
13011,108332871,146228528,254561399,2,0,0,444928,12,2241045274
13012,108350200,145870099,254220299,6,0,0,81920,12,3292399650
13013,108351130,145359429,253710559,3,0,0,2048,9,9620372851
13014,108355200,145211064,253566264,7,0,0,17408,9,6325214666
13015,108368700,145137664,253506364,8,0,0,17408,12,677831850
13016,108375780,145489192,253864972,6,0,0,21504,12,719281887
13017,108378551,145523877,253902428,2,0,0,13312,12,6372374866
13018,108384580,180692572,289077152,9,0,1,47616,3,4777647239
13019,108395090,145481022,253876112,8,0,0,2560,12,9386463579
13020,108401189,180675986,289077175,7,0,1,12288,9,9566747176
13021,108409180,145699324,254108504,9,0,0,512,3,8086900313
13022,108432190,145415478,253847668,0,0,0,2048,14,9792576126
13023,108437430,146398803,254836233,0,0,0,39936,14,5263137100
13024,108439030,145595250,254034280,9,0,0,17408,3,1180987292
13025,108451160,146148221,254599381,6,0,0,122880,12,40251057
13026,108454800,180668356,289123156,9,0,1,33792,3,7657627951
13027,108459590,145544934,254004524,9,0,0,20992,3,1453517180
13028,108476230,145762976,254239206,3,0,0,61952,9,5624097869
13029,108484900,145439040,253923940,9,0,0,29696,3,7568192229
13030,108487370,145510735,253998105,3,0,0,19456,9,7871902594
13031,108495960,145401255,253897215,3,0,0,27648,9,5441208094
13032,108503370,146228925,254732295,0,0,0,27648,14,5312578550
13033,108504430,145744627,254249057,1,0,0,32256,6,6714681826
13034,108532020,145653289,254185309,1,0,0,36864,6,7326099379
13035,108532439,180680811,289213250,7,0,1,3584,9,999034163
13036,108541750,180671523,289213273,2,0,1,1024,12,3198230155
13037,108542020,145790894,254332914,8,0,0,119808,12,6178296764
13038,108552250,146302258,254854508,1,0,0,59904,6,8070691366
13039,108574140,145621176,254195316,1,0,0,32768,6,10410631446
13040,108580820,146420162,255000982,9,0,0,87552,3,8067769780
13041,108582840,180838621,289421461,5,0,1,47616,7,463100920
13042,108593040,145769381,254362421,8,0,0,96768,12,3731580034
13043,108603290,180819909,289423199,2,0,1,3584,12,2360372148
13044,108608760,146280705,254889465,9,0,0,11264,3,7669900840
13045,108627720,180897066,289524786,3,0,1,2048,9,4059660523
13046,108629720,145735376,254365096,9,0,0,8704,3,7184494820
13047,108634200,146075063,254709263,3,0,0,59904,9,8194459500
13048,108636710,145614866,254251576,6,0,0,8192,12,8861299656
13049,108637590,145924190,254561780,1,0,0,1024,6,1758847880
13050,108647789,181309423,289957212,7,0,1,35328,9,683014018
13051,108650580,181310818,289961398,2,0,1,6656,12,6925189577
13052,108668780,146155262,254824042,5,0,0,103936,7,2277870078
13053,108671880,181375546,290047426,9,0,1,4608,3,9792235220
13054,108695780,181575389,290271169,2,0,1,45056,12,7615499382
13055,108702010,146576085,255278095,1,0,0,12288,6,20442673
13056,108713990,146552203,255266193,9,0,0,52224,3,8025746639
13057,108714871,146394009,255108880,2,0,0,62464,12,10051236601
13058,108716050,146307293,255023343,6,0,0,56320,12,8835678974
13059,108721950,181689932,290411882,9,0,1,20480,3,2521369784
13060,108743650,146041071,254784721,6,0,0,27136,12,38898634
13061,108757220,146663397,255420617,3,0,0,53760,9,8436581565
13062,108775280,145881175,254656455,6,0,0,3072,12,5560298929
13063,108777570,145944352,254721922,1,0,0,41472,6,3772883876
13064,108784860,145938957,254723817,1,0,0,6144,6,848966024
13065,108789060,146865658,255654718,9,0,0,17408,3,8372448880
13066,108794790,146814657,255609447,6,0,0,38912,12,9184695118
13067,108808920,181858866,290667786,0,0,1,51200,14,8427882602
13068,108827250,182067772,290895022,1,0,1,28160,6,3321790945
13069,108834090,146125370,254959460,7,0,0,4096,9,5190813828
13070,108870800,182024245,290895045,1,0,1,15872,6,9870906458
13071,108878200,146818555,255696755,6,0,0,137216,12,1009035818
13072,108880550,146768841,255649391,6,0,0,92672,12,1559916706
13073,108889660,146642977,255532637,8,0,0,260096,12,2966688425
13074,108894780,146163984,255058764,8,0,0,8704,12,193418705
13075,108898711,146143375,255042086,2,0,0,61440,12,10267215230
13076,108918980,146160392,255079372,3,0,0,39424,9,5445082511
13077,108924980,146349348,255274328,0,0,0,26624,14,3558152869
13078,108934680,181965582,290900262,9,0,1,2560,3,3010005548
13079,108968180,146979277,255947457,7,0,0,16384,9,9179498764
13080,108986350,146590292,255576642,0,0,0,44032,14,322953053
13081,108990280,181910005,290900285,5,0,1,15360,7,9115675366
13082,108996250,146561150,255557400,6,0,0,70656,12,1848965768
13083,109007750,146776827,255784577,8,0,0,56320,12,8611651073
13084,109028730,146507050,255535780,8,0,0,10240,12,5170675639
13085,109031430,146151032,255182462,7,0,0,4608,9,7845798677
13086,109040700,147161707,256202407,3,0,0,92672,9,2929040304
13087,109046780,181853536,290900316,1,0,1,3584,6,5788609123
13088,109048990,146893452,255942442,0,0,0,31744,14,5492740380
13089,109051340,181848999,290900339,8,0,1,9216,12,9372129581
13090,109052261,147107443,256159704,2,0,0,62976,12,4305338398
13091,109052440,146332365,255384805,4,0,0,8704,12,2166185953
13092,109059660,147297160,256356820,1,0,0,173568,6,4347304042
13093,109076281,147354826,256431107,2,0,0,47616,12,7794448973
13094,109089690,146160568,255250258,7,0,0,22016,9,8673749045
13095,109133640,181902144,291035784,0,0,1,10752,14,7045518037
13096,109133960,146871307,256005267,6,0,0,4096,12,6086968722
13097,109137560,146310224,255447784,7,0,0,89088,9,5100030537
13098,109147310,146415885,255563195,6,0,0,18944,12,6095871943
13099,109163310,146557336,255720646,0,0,0,78336,14,9035995457
13100,109167250,147129136,256296386,3,0,0,21504,9,7531693366
13101,109170000,181865807,291035807,0,0,1,512,14,10435208138
13102,109170430,181865400,291035830,3,0,1,1024,9,6476492764
13103,109182310,145975406,255157716,7,0,0,15872,9,107915200
13104,109184680,146733380,255918060,8,0,0,187904,12,8308116352
13105,109188170,181847683,291035853,5,0,1,24064,7,932657020
13106,109199360,146534413,255733773,6,0,0,43008,12,53206470
13107,109206050,181829826,291035876,2,0,1,3072,12,665548708
13108,109210140,181876950,291087090,0,0,1,22528,14,6232326931
13109,109217101,146235375,255452476,2,0,0,512,12,775584797
13110,109233151,147177630,256410781,2,0,0,56832,12,8106938841
13111,109236489,181926829,291163318,7,0,1,38400,9,2370331293
13112,109263329,181900012,291163341,9,0,1,2048,3,6279128538
13113,109270191,147284065,256554256,2,0,0,35328,12,4894849316
13114,109275970,146656777,255932747,1,0,0,48128,6,8352229025
13115,109277130,147196184,256473314,0,0,0,13312,14,2863272734
13116,109282381,146774945,256057326,2,0,0,20480,12,9655510278
13117,109282710,147480501,256763211,1,0,0,72704,6,8269595075
13118,109283450,146314118,255597568,8,0,0,5632,12,6875625460
13119,109286440,146699875,255986315,3,0,0,24576,9,1993014981
13120,109295551,147711747,257007298,2,0,0,423936,12,9867589023
13121,109302370,146800625,256102995,3,0,0,59904,9,656841887
13122,109303269,181868238,291171507,7,0,1,6144,9,8382577786
13123,109304220,181916987,291221207,1,0,1,2048,6,1231887717
13124,109305810,146933147,256238957,8,0,0,87552,12,7860262630
13125,109309750,146771671,256081421,6,0,0,64000,12,6105552496
13126,109315310,146988603,256303913,3,0,0,24576,9,8787963655
13127,109318770,146765950,256084720,0,0,0,10752,14,9810036127
13128,109331830,181889400,291221230,5,0,1,9728,7,4485432837
13129,109339350,146777813,256117163,3,0,0,13824,9,6178251094
13130,109342280,147363248,256705528,3,0,0,49664,9,5279830736
13131,109349370,146862888,256212258,3,0,0,32256,9,7696123743
13132,109361600,181880299,291241899,8,0,1,11264,12,9166232120
13133,109368059,182050997,291419056,6,0,1,20992,12,7325101467
13134,109369370,146889890,256259260,7,0,0,66560,9,621053236
13135,109401830,147014746,256416576,6,0,0,18944,12,2507640713
13136,109402610,146887147,256289757,8,0,0,56320,12,7983276046
13137,109405210,147447512,256852722,7,0,0,56832,9,6796800957
13138,109407800,182011279,291419079,9,0,1,9728,3,9738747892
13139,109414900,146629417,256044317,1,0,0,12800,6,4754136649
13140,109422590,181996512,291419102,0,0,1,1536,14,6723096009
13141,109442781,146919545,256362326,2,0,0,17920,12,6787787917
13142,109448550,181970575,291419125,0,0,1,10240,14,8661710583
13143,109461640,146673307,256134947,6,0,0,6656,12,6376197743
13144,109475730,147550045,257025775,9,0,0,30720,3,2763789386
13145,109487100,147010007,256497107,3,0,0,26112,9,7798517643
13146,109494950,146868982,256363932,6,0,0,5120,12,1219118051
13147,109502470,147332913,256835383,0,0,0,26112,14,9416330062
13148,109510660,146751119,256261779,6,0,0,8192,12,7152286038
13149,109522000,181897148,291419148,1,0,1,1536,6,10444473085
13150,109528880,147505810,257034690,7,0,0,29184,9,8414032423
13151,109536760,181884774,291421534,2,0,1,1024,12,9770736271
13152,109543400,147499361,257042761,7,0,0,8704,9,317936921
13153,109546780,146922455,256469235,6,0,0,4608,12,9011417751
13154,109568781,147538993,257107774,2,0,0,117248,12,3049670724
13155,109577920,147436889,257014809,8,0,0,24576,12,4582970816
13156,109587461,147061680,256649141,2,0,0,45056,12,8745387191
13157,109588439,181833118,291421557,7,0,1,7680,9,4373007391
13158,109593970,146846282,256440252,3,0,0,13312,9,10100375696
13159,109616050,146656516,256272566,1,0,0,35328,6,4772374017
13160,109627370,147200034,256827404,8,0,0,36352,12,9258512775
13161,109655110,181766470,291421580,5,0,1,2048,7,5274621147
13162,109657520,181797802,291455322,5,0,1,27136,7,3154734675
13163,109657620,147478847,257136467,8,0,0,32256,12,2470375036
13164,109669799,181868365,291538164,6,0,1,23552,12,10494989490
13165,109670450,147093564,256764014,9,0,0,2560,3,3614692396
13166,109687460,146775836,256463296,8,0,0,8192,12,4944898999
13167,109699420,147041616,256741036,7,0,0,20992,9,2626990401
13168,109703590,147612462,257316052,6,0,0,174592,12,8530107094
13169,109720130,147336644,257056774,0,0,0,19456,14,8162911748
13170,109724460,181977694,291702154,3,0,1,13824,9,8177264938
13171,109734910,182512775,292247685,1,0,1,41984,6,5704708635
13172,109736350,182768384,292504734,0,0,1,1536,14,2659076321
13173,109738190,182766567,292504757,8,0,1,2560,12,6431342029
13174,109747210,147451015,257198225,4,0,0,27136,12,4508712833
13175,109753440,147819514,257572954,9,0,0,40448,3,5383319596
13176,109758280,147258112,257016392,8,0,0,5120,12,8784539428
13177,109774120,147368298,257142418,3,0,0,19456,9,9597764328
13178,109780400,147259663,257040063,1,0,0,5120,6,7247268457
13179,109786340,146942275,256728615,4,0,0,2560,12,2678658225
13180,109791750,182917756,292709506,9,0,1,45056,3,6432446074
13181,109793460,147673551,257467011,1,0,0,38400,6,1210863969
13182,109797999,182947011,292745010,7,0,1,4096,9,3227513516
13183,109802430,147556256,257358686,1,0,0,69632,6,7876574381
13184,109809870,147602992,257412862,0,0,0,12288,14,7898655307
13185,109823830,147330935,257154765,3,0,0,40448,9,8119886750
13186,109828020,147032837,256860857,6,0,0,26624,12,6540802904
13187,109828139,182947251,292775390,7,0,1,1024,9,3238281279
13188,109831981,147869190,257701171,2,0,0,82944,12,2838673211
13189,109839460,147586997,257426457,9,0,0,44544,3,9542228211
13190,109846100,147609188,257455288,0,0,0,25088,14,8288494528
13191,109846800,182928613,292775413,2,0,1,2048,12,9142094919
13192,109848810,147670204,257519014,1,0,0,48128,6,2112646721
13193,109854831,147183649,257038480,2,0,0,12288,12,8655906386
13194,109887880,147752382,257640262,3,0,0,91648,9,3973833861
13195,109894641,147366061,257260702,2,0,0,26112,12,10717158945
13196,109895590,147441857,257337447,3,0,0,70144,9,8154800802
13197,109897200,147778676,257675876,6,0,0,34304,12,978185012
13198,109904290,147141507,257045797,3,0,0,8192,9,4448014963
13199,109914930,182927654,292842584,0,0,1,1024,14,8797350978
13200,109922850,147797220,257720070,9,0,0,61952,3,6827032660
13201,109925160,183081353,293006513,5,0,1,42496,7,3382356786
13202,109963360,147200187,257163547,5,0,0,20480,7,8367499343
13203,109970030,147761326,257731356,6,0,0,35840,12,10694052888
13204,109987850,183019726,293007576,8,0,1,2560,12,3503169769
13205,109996720,147916339,257913059,0,0,0,18432,14,5348968331
13206,109998570,148055289,258053859,1,0,0,62464,6,9184517479
13207,110000410,147216137,257216547,7,0,0,10240,9,2489261577
13208,110005770,148759296,258765066,9,0,0,128512,3,8099280774
13209,110015010,147834123,257849133,8,0,0,65024,12,9875024767
13210,110018921,148463521,258482442,2,0,0,45056,12,10574022865
13211,110032650,148111587,258144237,9,0,0,167424,3,2209587978
13212,110040560,147190583,257231143,5,0,0,8192,7,9932787047
13213,110041970,147787328,257829298,8,0,0,35840,12,1185125670
13214,110057450,147385035,257442485,6,0,0,19968,12,3704128938
13215,110084890,147453721,257538611,8,0,0,6656,12,6085376950
13216,110091580,147092337,257183917,9,0,0,512,3,7862652770
13217,110092290,147573111,257665401,3,0,0,82432,9,2595735799
13218,110098960,147994242,258093202,9,0,0,103936,3,2340555794
13219,110101610,182912823,293014433,0,0,1,6144,14,7636704103
13220,110116630,183195694,293312324,3,0,1,20480,9,10661117347
13221,110120860,183356163,293477023,3,0,1,2048,9,940577527
13222,110123230,147893713,258016943,7,0,0,53760,9,4025181202
13223,110129361,149082915,259212276,2,0,0,74752,12,7573367394
13224,110129970,148038539,258168509,8,0,0,28672,12,6526920296
13225,110149651,147318943,257468594,2,0,0,5120,12,2477197206
13226,110153530,147207542,257361072,1,0,0,2560,6,8381573649
13227,110166470,147239882,257406352,3,0,0,5632,9,10286816199
13228,110182200,147691444,257873644,8,0,0,5632,12,8660082744
13229,110190140,147660576,257850716,1,0,0,5120,6,748459811
13230,110193890,147166379,257360269,8,0,0,5120,12,8447725815
13231,110197450,183279596,293477046,5,0,1,2048,7,7329334259
13232,110202150,147957554,258159704,6,0,0,50688,12,5657061568
13233,110202450,148008982,258211432,7,0,0,140800,9,9130450036
13234,110205130,147783687,257988817,5,0,0,94720,7,8963372001
13235,110226480,183351024,293577504,3,0,1,33280,9,1998518522
13236,110231120,148124024,258355144,8,0,0,26624,12,9677768029
13237,110250470,147750070,258000540,1,0,0,38400,6,4250937166
13238,110262200,147630056,257892256,3,0,0,10240,9,3904861201
13239,110273911,149004514,259278425,2,0,0,28160,12,9257908138
13240,110276850,148016511,258293361,4,0,0,35840,12,4879674602
13241,110281499,183478294,293759793,6,0,1,25088,12,4614083498
13242,110292010,147956089,258248099,6,0,0,77312,12,6729738379
13243,110297850,147736946,258034796,8,0,0,36864,12,4581433479
13244,110315690,183769543,294085233,1,0,1,39424,6,3240247708
13245,110327510,148285631,258613141,1,0,0,153600,6,10533167664
13246,110346630,149215906,259562536,1,0,0,400896,6,9646236063
13247,110350000,147945724,258295724,6,0,0,7680,12,5416272436
13248,110358181,148466338,258824519,2,0,0,38912,12,3974014609
13249,110363830,149260808,259624638,5,0,0,41984,7,8996436866
13250,110370910,148157640,258528550,3,0,0,48128,9,1269020329
13251,110372939,183971554,294344493,7,0,1,33792,9,5318685383
13252,110380140,147340265,257720405,3,0,0,1024,9,5544242255
13253,110381500,184012160,294393660,0,0,1,23040,14,3651171006
13254,110398741,147948268,258347009,2,0,0,2560,12,8267291801
13255,110400480,147621010,258021490,6,0,0,14848,12,7647772865
13256,110403520,147620021,258023541,3,0,0,6656,9,10443970524
13257,110404020,148523987,258928007,4,0,0,91136,12,2966620581
13258,110405170,148272054,258677224,0,0,0,29696,14,10650623081
13259,110408050,183985633,294393683,8,0,1,10240,12,6678652548
13260,110408280,148259865,258668145,8,0,0,82432,12,790130227
13261,110421200,148812049,259233249,0,0,0,32768,14,629464430
13262,110423961,148765516,259189477,2,0,0,257536,12,7933655065
13263,110435210,147817503,258252713,0,0,0,512,14,6047344022
13264,110442330,148200676,258643006,0,0,0,67584,14,2565568890
13265,110449450,184099470,294548920,5,0,1,24064,7,6945045433
13266,110450900,148231027,258681927,6,0,0,15360,12,9846160541
13267,110459470,149385361,259844831,9,0,0,62464,3,1285545806
13268,110480340,149525322,260005662,6,0,0,211456,12,5174968519
13269,110482180,184256475,294738655,3,0,1,14848,9,8509424576
13270,110486230,148856793,259343023,6,0,0,78336,12,491684202
13271,110486270,148207803,258694073,5,0,0,5120,7,4169106847
13272,110514070,147949753,258463823,0,0,0,11776,14,854930597
13273,110525720,148096671,258622391,0,0,0,15360,14,480410405
13274,110528480,184229004,294757484,9,0,1,12800,3,6094141221
13275,110533201,148247667,258780868,2,0,0,51712,12,9037505667
13276,110539520,184219137,294758657,2,0,1,21504,12,1077618447
13277,110565900,147645711,258211611,5,0,0,512,7,3123618307
13278,110591251,148758534,259349785,2,0,0,1024,12,2503099570
13279,110594010,148516976,259110986,7,0,0,136192,9,4302128131
13280,110596200,148021488,258617688,4,0,0,14848,12,8268364856
13281,110605460,184376645,294982105,9,0,1,512,3,7364860498
13282,110609620,147716955,258326575,7,0,0,5120,9,6749771112
13283,110627990,147689949,258317939,6,0,0,14336,12,797665508
13284,110632930,184349198,294982128,3,0,1,12288,9,3636633888
13285,110652860,184435166,295088026,3,0,1,3072,9,8417563154
13286,110657660,148908556,259566216,4,0,0,2048,12,1083151271
13287,110664030,148633302,259297332,7,0,0,61952,9,10482133506
13288,110672160,148768205,259440365,9,0,0,113664,3,8808506738
13289,110673290,148928632,259601922,5,0,0,36864,7,9337525663
13290,110682840,148907827,259590667,1,0,0,16384,6,1085793653
13291,110684080,147799321,258483401,4,0,0,3072,12,4443924167
13292,110696490,148248359,258944849,9,0,0,44544,3,1888622707
13293,110713070,148898414,259611484,4,0,0,3072,12,8762764209
13294,110722480,148499179,259221659,5,0,0,30720,7,151677403
13295,110723580,148139712,258863292,8,0,0,6144,12,10638695377
13296,110727401,148657686,259385087,2,0,0,101888,12,8325179960
13297,110749540,148473702,259223242,9,0,0,5120,3,3635021428
13298,110753110,185004438,295757548,2,0,1,239616,12,6431806119
13299,110756960,148808609,259565569,0,0,0,9728,14,583582465
13300,110757060,148853465,259610525,3,0,0,28160,9,670921494
13301,110758120,148560497,259318617,4,0,0,69632,12,417101928
13302,110760840,185402118,296162958,2,0,1,169984,12,1327727237
13303,110763230,149054099,259817329,9,0,0,153600,3,1816754482
13304,110769030,149413167,260182197,9,0,0,104960,3,6688633794
13305,110770130,148089222,258859352,3,0,0,19456,9,343896346
13306,110773480,185391744,296165224,9,0,1,3584,3,5773791561
13307,110774201,148811451,259585652,2,0,0,41984,12,67829888
13308,110775930,149236330,260012260,7,0,0,21504,9,3567147640
13309,110776750,148221478,258998228,4,0,0,9216,12,6004340751
13310,110778021,148491801,259269822,2,0,0,67584,12,9022303840
13311,110787620,185388299,296175919,3,0,1,1024,9,5678951492
13312,110790999,185479876,296270875,6,0,1,17920,12,9970573568
13313,110804440,148206298,259010738,4,0,0,37888,12,167668518
13314,110828220,148490912,259319132,8,0,0,1536,12,774137545
13315,110847590,148777695,259625285,3,0,0,2048,9,9092870464
13316,110859221,149725451,260584672,2,0,0,32256,12,7612901460
13317,110866590,148891505,259758095,3,0,0,24576,9,2113170408
13318,110867020,149528079,260395099,8,0,0,2560,12,9286092168
13319,110876060,148970198,259846258,8,0,0,4608,12,2629427629
13320,110887540,148863044,259750584,4,0,0,32256,12,2724212095
13321,110901670,148972560,259874230,5,0,0,22016,7,8725829347
13322,110905490,149225181,260130671,0,0,0,52224,14,3205964467
13323,110910480,149166467,260076947,4,0,0,24576,12,6095194003
13324,110915770,148653901,259569671,3,0,0,11264,9,9791207142
13325,110925030,149353517,260278547,6,0,0,60416,12,39769224
13326,110928800,148308216,259237016,3,0,0,12288,9,1158408054
13327,110929150,185341748,296270898,9,0,1,11264,3,6841002654
13328,110929450,148319757,259249207,0,0,0,39936,14,5885458992
13329,110933460,150083868,261017328,5,0,0,53760,7,2371651938
13330,110934980,149490255,260425235,6,0,0,91648,12,4179990192
13331,110935460,149214734,260150194,5,0,0,64000,7,2244129718
13332,110949261,148400189,259349450,2,0,0,20992,12,3130451258
13333,110954940,148399080,259354020,0,0,0,13824,14,8142088995
13334,110962770,149067788,260030558,8,0,0,49152,12,8425607870
13335,110965910,148859866,259825776,9,0,0,27648,3,6772242032
13336,110970630,149604191,260574821,3,0,0,112640,9,4170066424
13337,110970680,149793395,260764075,4,0,0,92160,12,6491687964
13338,110975570,148597267,259572837,4,0,0,5632,12,5068499425
13339,110976440,148594658,259571098,6,0,0,4608,12,446675995
13340,110977850,185293071,296270921,0,0,1,2560,14,7629155650
13341,110978870,149508244,260487114,5,0,0,98304,7,6639460983
13342,110979770,150344653,261324423,3,0,0,295424,9,9843770591
13343,111001900,149286654,260288554,5,0,0,32768,7,7242663558
13344,111002660,149188920,260191580,5,0,0,30720,7,2630916261
13345,111006880,149107856,260114736,6,0,0,109568,12,4119974193
13346,111010810,185260134,296270944,8,0,1,13824,12,7608360352
13347,111012020,148728713,259740733,7,0,0,72704,9,200844831
13348,111013670,150359617,261373287,4,0,0,44544,12,5213175684
13349,111015050,149588552,260603602,5,0,0,48640,7,5336409309
13350,111023460,149473817,260497277,0,0,0,33280,14,4894324076
13351,111027400,149649816,260677216,7,0,0,100864,9,2278748309
13352,111033160,149226956,260260116,8,0,0,45056,12,415572595
13353,111043120,148994653,260037773,6,0,0,23552,12,648546814
13354,111049931,150489548,261539479,2,0,0,173568,12,9215361389
13355,111057350,185213617,296270967,0,0,1,4608,14,10707177952
13356,111060760,148954799,260015559,6,0,0,10752,12,1609136789
13357,111066100,148592625,259658725,1,0,0,10240,6,6311469872
13358,111069100,187033521,298102621,2,0,1,1276416,12,239480162
13359,111069760,187048610,298118370,9,0,1,2560,3,2206604306
13360,111072460,187350801,298423261,2,0,1,422912,12,6676965940
13361,111073710,150567282,261640992,3,0,0,39424,9,8635203994
13362,111090240,149730644,260820884,0,0,0,125440,14,9473568605
13363,111097020,187327227,298424247,8,0,1,1536,12,7398066797
13364,111108090,149425146,260533236,3,0,0,7168,9,10491557618
13365,111118710,149248290,260367000,9,0,0,37888,3,2961551076
13366,111137000,150324356,261461356,4,0,0,177152,12,4905178025
13367,111137070,149699304,260836374,3,0,0,11776,9,4518180091
13368,111158480,187270837,298429317,8,0,1,11776,12,9401144705
13369,111178970,149512933,260691903,0,0,0,48128,14,2642502372
13370,111193270,150166422,261359692,7,0,0,22528,9,8028792972
13371,111200759,187232744,298433503,6,0,1,6656,12,4008658431
13372,111204390,149722488,260926878,8,0,0,50176,12,133316095
13373,111208461,149827641,261036102,2,0,0,15360,12,543607276
13374,111209730,150022919,261232649,5,0,0,336384,7,5359246489
13375,111221120,149425333,260646453,6,0,0,37888,12,8956187910
13376,111250940,149749985,261000925,6,0,0,4096,12,10630327699
13377,111251560,150076006,261327566,5,0,0,10240,7,9750654576
13378,111258600,149239792,260498392,7,0,0,3584,9,268944257
13379,111259550,187182209,298441759,8,0,1,35328,12,8504990603
13380,111262620,149673173,260935793,8,0,0,29184,12,5409267864
13381,111271410,150393128,261664538,6,0,0,17408,12,10398685791
13382,111273900,187174107,298448007,0,0,1,17920,14,6364869191
13383,111276460,149582610,260859070,1,0,0,58368,6,2302976517
13384,111279740,149332309,260612049,9,0,0,27648,3,4005857846
13385,111282660,149248275,260530935,6,0,0,60928,12,4307005980
13386,111283100,149094843,260377943,6,0,0,35840,12,6110524713
13387,111288980,149410653,260699633,3,0,0,21504,9,2990155297
13388,111296620,150110721,261407341,3,0,0,63488,9,554335760
13389,111303750,150024931,261328681,7,0,0,3584,9,346863980
13390,111311650,149200698,260512348,8,0,0,37888,12,6360222250
13391,111312670,187136003,298448673,0,0,1,1024,14,27771608
13392,111320711,149268040,260588751,2,0,0,13312,12,4678735990
13393,111340560,148950825,260291385,8,0,0,9216,12,4152470219
13394,111344180,149088918,260433098,5,0,0,3072,7,1494960973
13395,111344540,149567027,260911567,7,0,0,19456,9,3973988702
13396,111352620,187100559,298453179,8,0,1,7168,12,4866194912
13397,111361680,149341876,260703556,1,0,0,12800,6,7415950887
13398,111363570,187109502,298473072,3,0,1,12800,9,5029909550
13399,111387840,150098732,261486572,4,0,0,19968,12,10491471227
13400,111391710,149243176,260634886,9,0,0,21504,3,9051124999
13401,111397530,149949636,261347166,5,0,0,48128,7,4559419729
13402,111403810,149830578,261234388,9,0,0,5632,3,2379381501
13403,111405690,149576406,260982096,9,0,0,7680,3,7752036638
13404,111416710,150063732,261480442,3,0,0,7168,9,5058662826
13405,111420751,149412012,260832763,2,0,0,38912,12,1401694188
13406,111442460,150159348,261601808,6,0,0,10240,12,4651638419
13407,111457790,150124152,261581942,9,0,0,139264,3,9978326502
13408,111474360,150184820,261659180,4,0,0,30208,12,2203087280
13409,111489880,150126262,261616142,3,0,0,22528,9,4692207029
13410,111495710,186977708,298473418,8,0,1,512,12,5620717254
13411,111497630,150106119,261603749,1,0,0,6144,6,10490512144
13412,111499500,150150453,261649953,5,0,0,12288,7,4001376396
13413,111508420,150243667,261752087,3,0,0,29184,9,1657630877
13414,111513740,149362335,260876075,5,0,0,4608,7,9728470840
13415,111514130,150192386,261706516,1,0,0,54784,6,925059977
13416,111516860,149514531,261031391,6,0,0,46080,12,2285539541
13417,111518690,150310809,261829499,1,0,0,61440,6,4338278737
13418,111521620,150523093,262044713,6,0,0,156672,12,8976428876
13419,111548180,149784268,261332448,7,0,0,12288,9,8695041703
13420,111555259,186919798,298475057,7,0,1,24064,9,2843694025
13421,111562350,149551241,261113591,6,0,0,512,12,10316288852
13422,111572199,186910595,298482794,6,0,1,4608,12,8636579589
13423,111573120,186910238,298483358,9,0,1,10752,3,8657445442
13424,111573440,150334569,261908009,5,0,0,91136,7,9697315853
13425,111583280,150158607,261741887,0,0,0,2048,14,7028897936
13426,111585810,186921083,298506893,3,0,1,1024,9,2800159596
13427,111589920,149798054,261387974,0,0,0,48128,14,8586780911
13428,111608960,149474434,261083394,8,0,0,16384,12,497492236
13429,111609720,186898479,298508199,5,0,1,2048,7,531127538
13430,111617170,149341418,260958588,4,0,0,6144,12,7261436973
13431,111625680,186897907,298523587,1,0,1,42496,6,3736491482
13432,111628890,150292254,261921144,6,0,0,43008,12,5873847108
13433,111646420,149831815,261478235,7,0,0,55296,9,124545723
13434,111675140,186848601,298523741,9,0,1,8704,3,8718864517
13435,111679590,150060489,261740079,5,0,0,110080,7,3780190969
13436,111680960,150484670,262165630,4,0,0,50176,12,9171458181
13437,111684250,149668555,261352805,9,0,0,18432,3,3536360730
13438,111687230,150820851,262508081,7,0,0,37376,9,1342872693
13439,111708080,149890577,261598657,3,0,0,54784,9,9213188107
13440,111723370,150227319,261950689,0,0,0,22016,14,5232473207
13441,111725750,150832876,262558626,3,0,0,36864,9,9417736028
13442,111728990,149945898,261674888,8,0,0,33280,12,6562719155
13443,111730099,187391043,299121142,6,0,1,412160,12,5422249491
13444,111735280,150410625,262145905,6,0,0,70656,12,379212087
13445,111749990,149859242,261609232,7,0,0,17920,9,9272716721
13446,111762260,149925443,261687703,4,0,0,41984,12,3186791715
13447,111762629,187473490,299236119,6,0,1,73728,12,8421580859
13448,111766210,149898515,261664725,9,0,0,512,3,1035033614
13449,111772960,149968257,261741217,8,0,0,3584,12,8877556737
13450,111773740,150477699,262251439,0,0,0,98304,14,2533736938
13451,111779410,187500192,299279602,3,0,1,28672,9,476114709
13452,111791980,150826483,262618463,1,0,0,50688,6,3793947027
13453,111796180,187483445,299279625,3,0,1,18432,9,7224980824
13454,111818580,150331739,262150319,5,0,0,8704,7,5871675506
13455,111821500,150924469,262745969,9,0,0,79872,3,9133266969
13456,111824550,149865235,261689785,6,0,0,6656,12,10333289274
13457,111834190,149794767,261628957,8,0,0,41984,12,3639772669
13458,111835000,187444648,299279648,8,0,1,512,12,3667707093
13459,111838130,150861521,262699651,9,0,0,77824,3,4380370242
13460,111838390,187441281,299279671,9,0,1,4608,3,6729899237
13461,111840840,150115956,261956796,0,0,0,19968,14,9590639267
13462,111846080,151191936,263038016,5,0,0,168448,7,2588675219
13463,111852980,187437019,299289999,8,0,1,6144,12,9248439921
13464,111860570,187571085,299431655,2,0,1,101888,12,9093644555
13465,111870690,187586751,299457441,3,0,1,10240,9,9669245505
13466,111877630,151215748,263093378,6,0,0,17408,12,939243701
13467,111888760,150046361,261935121,3,0,0,15360,9,5169595307
13468,111892720,149753466,261646186,0,0,0,16896,14,9278981875
13469,111905560,151175136,263080696,3,0,0,81920,9,6292308481
13470,111910830,150029774,261940604,5,0,0,17920,7,4925346284
13471,111921790,187581914,299503704,8,0,1,5632,12,1295186791
13472,111923370,151291283,263214653,7,0,0,60928,9,3067164094
13473,111926660,187584849,299511509,3,0,1,6656,9,3900389716
13474,111931480,149991739,261923219,8,0,0,6656,12,8005138652
13475,111933690,151258646,263192336,6,0,0,33280,12,1495998353
13476,111944620,149985798,261930418,1,0,0,23552,6,7236743359
13477,111953300,151335939,263289239,1,0,0,7168,6,6696570803
13478,111961160,150444171,262405331,6,0,0,2560,12,10492594045
13479,111966980,187545515,299512495,8,0,1,1536,12,8267999800
13480,111980571,150135912,262116483,2,0,0,46592,12,3207839700
13481,112012230,150272761,262284991,0,0,0,47104,14,193145454
13482,112012620,150247266,262259886,7,0,0,27648,9,9292234741
13483,112017341,149966242,261983583,2,0,0,20992,12,6601924822
13484,112017570,150379268,262396838,4,0,0,99328,12,5054752621
13485,112020270,150155101,262175371,7,0,0,24576,9,4409879475
13486,112031590,188584148,300615738,2,0,1,721920,12,9563938043
13487,112031850,151473839,263505689,6,0,0,5632,12,345251773
13488,112033240,150037228,262070468,0,0,0,44544,14,1205991191
13489,112040480,150016204,262056684,9,0,0,2560,3,7194455158
13490,112057610,188564132,300621742,3,0,1,20480,9,6686600578
13491,112077410,151285365,263362775,6,0,0,31744,12,757640091
13492,112087890,151549973,263637863,0,0,0,14848,14,1425580960
13493,112101660,188521260,300622920,1,0,1,13824,6,5208943626
13494,112103340,188536143,300639483,0,0,1,8192,14,7748643026
13495,112111040,188538415,300649455,0,0,1,15872,14,6241120013
13496,112112780,150034864,262147644,1,0,0,5632,6,2467499541
13497,112114450,150290078,262404528,7,0,0,20480,9,8523278349
13498,112142800,150533116,262675916,0,0,0,74240,14,90971744
13499,112149471,151261730,263411201,2,0,0,33280,12,10512160169
13500,112161470,150656601,262818071,6,0,0,42496,12,8930109989
13501,112200340,149855060,262055400,1,0,0,23552,6,3930115154
13502,112210770,150332210,262542980,9,0,0,57856,3,6921038846
13503,112218780,150049399,262268179,8,0,0,9216,12,6258169599
13504,112238440,150026908,262265348,1,0,0,17408,6,4973880798
13505,112259710,188401177,300660887,0,0,1,36864,14,4700373335
13506,112273271,149807017,262080288,2,0,0,24576,12,303176251
13507,112280800,188392213,300673013,9,0,1,10752,3,1218462736
13508,112283880,151573340,263857220,1,0,0,23040,6,990591892
13509,112292120,188380916,300673036,9,0,1,1536,3,9965206132
13510,112296060,150690609,262986669,9,0,0,201728,3,13842819
13511,112299750,150480909,262780659,9,0,0,26112,3,2432141851
13512,112306520,151663054,263969574,5,0,0,17408,7,8651383739
13513,112319160,150228211,262547371,1,0,0,14336,6,4570800233
13514,112344830,150358143,262702973,6,0,0,6144,12,10215461714
13515,112352360,150279744,262632104,0,0,0,13312,14,1353107895
13516,112361330,150820843,263182173,6,0,0,49664,12,2424849213
13517,112362690,149805147,262167837,0,0,0,7168,14,7399999553
13518,112375359,188628924,301004283,6,0,1,422912,12,9126504002
13519,112395489,188625212,301020701,7,0,1,6144,9,7305811010
13520,112395520,151143991,263539511,4,0,0,4608,12,3209913770
13521,112396340,188630621,301026961,5,0,1,29696,7,8104259611
13522,112403640,188632743,301036383,0,0,1,17920,14,7761207507
13523,112417070,150284008,262701078,9,0,0,4608,3,5934559415
13524,112424390,150631323,263055713,5,0,0,20480,7,1632129310
13525,112431390,149990820,262422210,8,0,0,8192,12,7468809723
13526,112435569,189054172,301489741,6,0,1,382976,12,2630445395
13527,112447200,150838815,263286015,9,0,0,11264,3,1790659227
13528,112473281,150153785,262627066,2,0,0,28160,12,5763442508
13529,112484439,189270931,301755370,6,0,1,316928,12,7167789479
13530,112494821,150593230,263088051,2,0,0,24064,12,1570072284
13531,112511900,150293177,262805077,7,0,0,18944,9,9215863046
13532,112530260,149868005,262398265,7,0,0,4608,9,5118896452
13533,112534450,150948390,263482840,1,0,0,36864,6,7326301539
13534,112566510,150061515,262628025,1,0,0,3072,6,3905406626
13535,112569440,151687228,264256668,3,0,0,386048,9,8331122952
13536,112574700,150697107,263271807,6,0,0,83456,12,6124136902
13537,112580870,150468557,263049427,6,0,0,37376,12,1907366341
13538,112592530,150229620,262822150,4,0,0,13312,12,2987182042
13539,112599200,189217292,301816492,0,0,1,7168,14,3912997448
13540,112624951,151305416,263930367,2,0,0,147456,12,48127116
13541,112636320,151092233,263728553,7,0,0,119808,9,3299791054
13542,112636481,149769341,262405822,2,0,0,1536,12,701355908
13543,112641390,150157892,262799282,4,0,0,39424,12,9233641876
13544,112655640,150255273,262910913,9,0,0,18944,3,2689258776
13545,112672200,150195597,262867797,8,0,0,28672,12,1862108964
13546,112687669,189569081,302256750,6,0,1,502784,12,4788081893
13547,112690520,189567486,302258006,0,0,1,1024,14,8536876246
13548,112690620,189571252,302261872,0,0,1,6144,14,2877464845
13549,112722120,189553454,302275574,9,0,1,26112,3,2701325896
13550,112740869,189653073,302393942,6,0,1,186880,12,1924273756
13551,112747820,150034266,262782086,8,0,0,4608,12,4524216578
13552,112759840,150455327,263215167,4,0,0,1536,12,4606046115
13553,112764410,189650674,302415084,0,0,1,54272,14,2282833919
13554,112766640,189662296,302428936,5,0,1,3072,7,10146980354
13555,112776270,150843896,263620166,7,0,0,25600,9,5863880126
13556,112781340,151042138,263823478,3,0,0,84992,9,1776079171
13557,112783350,150688235,263471585,0,0,0,70144,14,8671569227
13558,112795850,151139532,263935382,5,0,0,16384,7,5508302271
13559,112797910,189632332,302430242,3,0,1,2048,9,6215227870
13560,112801960,189628628,302430588,5,0,1,512,7,9265055093
13561,112802400,151236645,264039045,7,0,0,66048,9,5017647759
13562,112805090,150500421,263305511,4,0,0,5120,12,6097788074
13563,112831860,152059225,264891085,9,0,0,75264,3,7544303494
13564,112840209,189616267,302456476,6,0,1,47616,12,5889402305
13565,112842690,189622593,302465283,3,0,1,6656,9,884296960
13566,112848220,150949331,263797551,6,0,0,218112,12,10727528138
13567,112848510,150763833,263612343,8,0,0,27648,12,130512436
13568,112849270,151158350,264007620,3,0,0,75264,9,2858511158
13569,112851400,150704646,263556046,3,0,0,16384,9,9430053117
13570,112853010,151111237,263964247,7,0,0,76800,9,8750267811
13571,112857279,189608027,302465306,7,0,1,9216,9,10350825416
13572,112860860,150826568,263687428,5,0,0,23552,7,9270912701
13573,112906270,150315383,263221653,5,0,0,17920,7,4137476475
13574,112910830,151355689,264266519,3,0,0,21504,9,6983837849
13575,112936181,151004574,263940755,2,0,0,17408,12,384384486
13576,112936240,151141498,264077738,9,0,0,23552,3,7242335447
13577,112944040,150787032,263731072,5,0,0,8192,7,8434485488
13578,112945240,151039425,263984665,9,0,0,25600,3,4035464385
13579,112952229,189577762,302529991,7,0,1,62976,9,7909618462
13580,112953160,151117379,264070539,6,0,0,89600,12,918444312
13581,112958980,150918707,263877687,1,0,0,67072,6,4849625282
13582,112963090,150915868,263878958,7,0,0,4096,9,8541653252
13583,112980920,150293718,263274638,7,0,0,9216,9,2807426137
13584,112992810,151420363,264413173,5,0,0,101888,7,2568130135
13585,113011341,151007557,264018898,2,0,0,10240,12,10411993276
13586,113011770,150290798,263302568,8,0,0,4096,12,4246665235
13587,113016390,151089162,264105552,0,0,0,13312,14,4373803479
13588,113018561,151241360,264259921,2,0,0,10240,12,7478134236
13589,113021860,151117153,264139013,6,0,0,84480,12,1570805227
13590,113035640,189854615,302890255,2,0,1,314880,12,986879462
13591,113048280,150617453,263665733,1,0,0,43008,6,6993805879
13592,113048660,189859269,302907929,9,0,1,6144,3,6146434630
13593,113062260,189866463,302928723,5,0,1,34816,7,5921296295
13594,113074340,150414763,263489103,9,0,0,20480,3,3581911136
13595,113076760,151228539,264305299,1,0,0,93184,6,8930675213
13596,113102941,150998532,264101473,2,0,0,77824,12,2545255941
13597,113116810,150898945,264015755,4,0,0,26624,12,10328117753
13598,113139370,189860705,303000075,3,0,1,21504,9,7286987672
13599,113141620,150434459,263576079,0,0,0,25088,14,3752703204
13600,113167880,151537560,264705440,6,0,0,112128,12,3809337822
13601,113173980,189863841,303037821,1,0,1,39424,6,9726818021
13602,113176019,189890025,303066044,6,0,1,48128,12,9088807181
13603,113194460,150782359,263976819,4,0,0,16896,12,1943014976
13604,113204990,150908237,264113227,3,0,0,25088,9,415694121
13605,113210540,150639637,263850177,0,0,0,87552,14,1427106545
13606,113211250,189882703,303093953,9,0,1,6144,3,4527324057
13607,113211799,189909755,303121554,7,0,1,41984,9,5454508099
13608,113215030,189929533,303144563,9,0,1,7680,3,1547503349
13609,113233250,151107379,264340629,4,0,0,52224,12,10600263538
13610,113234911,151041927,264276838,2,0,0,33792,12,10561196485
13611,113237990,151553784,264791774,7,0,0,41472,9,4462870389
13612,113241661,151177009,264418670,2,0,0,17408,12,6208415137
13613,113251780,150791436,264043216,4,0,0,12800,12,4897502230
13614,113257610,151087043,264344653,8,0,0,9728,12,756943513
13615,113280120,189864466,303144586,8,0,1,1024,12,138865523
13616,113284050,151474634,264758684,7,0,0,15872,9,9550360228
13617,113287620,150597788,263885408,4,0,0,20992,12,2033115362
13618,113288871,151207240,264496111,2,0,0,48128,12,162174562
13619,113292280,151636504,264928784,5,0,0,66560,7,7128653982
13620,113297060,150674565,263971625,1,0,0,6656,6,4570430974
13621,113299010,150740283,264039293,5,0,0,512,7,8698719565
13622,113302910,151021738,264324648,3,0,0,62976,9,9249976508
13623,113306540,151689042,264995582,5,0,0,22528,7,2392454526
13624,113316219,189831150,303147369,6,0,1,19968,12,2803364009
13625,113319530,190692270,304011800,0,0,1,675328,14,3822700587
13626,113329060,190890962,304220022,0,0,1,183808,14,36755934
13627,113339830,151786498,265126328,3,0,0,22016,9,341377183
13628,113342460,190877585,304220045,3,0,1,25600,9,9168776552
13629,113354520,151390134,264744654,3,0,0,27648,9,220605438
13630,113388150,190831918,304220068,3,0,1,11776,9,5844968678
13631,113414040,190870252,304284292,9,0,1,8192,3,4925552397
13632,113441860,151351029,264792889,6,0,0,3584,12,4536551598
13633,113443499,190840816,304284315,7,0,1,25088,9,1062264120
13634,113444930,151554449,264999379,7,0,0,8192,9,7211066710
13635,113456640,190843243,304299883,3,0,1,2048,9,7563217919
13636,113456950,151821306,265278256,4,0,0,34304,12,9589859503
13637,113457300,151410830,264868130,7,0,0,91648,9,5552583620
13638,113467120,151602129,265069249,5,0,0,17408,7,4253468703
13639,113470650,150870961,264341611,3,0,0,3072,9,8371258437
13640,113486060,151577862,265063922,8,0,0,85504,12,10471507534
13641,113499811,151264824,264764635,2,0,0,19456,12,9578613358
13642,113500060,150871434,264371494,5,0,0,6144,7,10293655907
13643,113501840,190799989,304301829,3,0,1,3072,9,8977300006
13644,113506270,151003615,264509885,4,0,0,32768,12,6044965637
13645,113508000,151444372,264952372,0,0,0,54784,14,7288332047
13646,113548840,150951038,264499878,0,0,0,12288,14,4497503591
13647,113556710,152031034,265587744,9,0,0,103936,3,9570740641
13648,113564441,151418072,264982513,2,0,0,54784,12,4906020612
13649,113592060,150933315,264525375,0,0,0,18432,14,5887531269
13650,113592720,151225265,264817985,6,0,0,36352,12,9318234162
13651,113594011,151008126,264602137,2,0,0,23552,12,4846846251
13652,113603610,190699397,304303007,9,0,1,13824,3,6660707534
13653,113604980,151383328,264988308,8,0,0,18944,12,3663277001
13654,113605430,151222562,264827992,5,0,0,32768,7,5475059538
13655,113609090,190826467,304435557,1,0,1,33792,6,8711881767
13656,113627220,190863607,304490827,9,0,1,72192,3,8641284105
13657,113632669,190858181,304490850,7,0,1,18944,9,1270815302
13658,113635850,190924758,304560608,9,0,1,61952,3,7316816062
13659,113646121,151251653,264897774,2,0,0,8704,12,3868991510
13660,113649740,150869996,264519736,5,0,0,32256,7,10411785698
13661,113650250,151449609,265099859,1,0,0,4096,6,1135666215
13662,113656560,151519734,265176294,5,0,0,135680,7,6337853057
13663,113688200,151338586,265026786,8,0,0,38912,12,6665575644
13664,113689460,151531816,265221276,3,0,0,71168,9,2539434772
13665,113689520,152205728,265895248,0,0,0,126464,14,4356339143
13666,113697410,152463951,266161361,3,0,0,76288,9,5431731798
13667,113700300,152000814,265701114,1,0,0,197632,6,3269378464
13668,113702860,151395728,265098588,1,0,0,46592,6,10722267128
13669,113710560,150835241,264545801,0,0,0,13312,14,8251734303
13670,113716420,151551361,265267781,0,0,0,28160,14,2765393859
13671,113720470,190846405,304566875,1,0,1,512,6,469713329
13672,113741921,152157562,265899483,2,0,0,13824,12,3654888207
13673,113756969,190852296,304609265,7,0,1,18944,9,1771468766
13674,113764900,152852264,266617164,5,0,0,35328,7,8374848647
13675,113771170,151707933,265479103,5,0,0,32768,7,1883867146
13676,113772799,190836812,304609611,6,0,1,512,12,5525540203
13677,113777430,150971927,264749357,3,0,0,15360,9,2743228454
13678,113778910,152359184,266138094,4,0,0,47616,12,2132243139
13679,113785460,152187530,265972990,1,0,0,42496,6,4214236778
13680,113789291,151511572,265300863,2,0,0,31232,12,6570614897
13681,113792310,190819887,304612197,5,0,1,4096,7,10052129781
13682,113803640,151707876,265511516,0,0,0,45056,14,172226240
13683,113805540,151453638,265259178,0,0,0,23040,14,4323277065
13684,113807830,151384133,265191963,8,0,0,26624,12,10704403269
13685,113819580,190813222,304632802,0,0,1,38912,14,6348965173
13686,113842860,152008506,265851366,5,0,0,123904,7,2985620601
13687,113851660,190786284,304637944,9,0,1,23552,3,4746918731
13688,113857790,152569246,266427036,3,0,0,23552,9,7329530777
13689,113868170,190773000,304641170,9,0,1,5120,3,9904427122
13690,113869110,151729288,265598398,6,0,0,16384,12,9608634068
13691,113877540,191204653,305082193,0,0,1,208384,14,8711930666
13692,113877720,151978973,265856693,7,0,0,17408,9,4887770074
13693,113885720,152378997,266264717,4,0,0,17408,12,6137830274
13694,113899980,152344560,266244540,5,0,0,73216,7,9269333396
13695,113902370,151169346,265071716,9,0,0,4096,3,10602288303
13696,113905750,152567240,266472990,7,0,0,22016,9,5610482306
13697,113906169,191219615,305125784,6,0,1,20480,12,9148776180
13698,113906310,151228621,265134931,0,0,0,28160,14,2539265517
13699,113910760,151471491,265382251,9,0,0,47616,3,4885819132
13700,113913680,152485840,266399520,9,0,0,25088,3,7329176799
13701,113915510,151502039,265417549,4,0,0,1024,12,6730770259
13702,113926120,152255076,266181196,6,0,0,65024,12,6010252600
13703,113930440,151098553,265028993,5,0,0,7168,7,1848886099
13704,113934170,152016874,265951044,5,0,0,81920,7,2801970430
13705,113945090,151648293,265593383,6,0,0,18432,12,2010329657
13706,113946420,151957766,265904186,5,0,0,15360,7,7007278789
13707,113970070,152625126,266595196,9,0,0,55808,3,6155031772
13708,113975490,152996907,266972397,0,0,0,59392,14,4937053796
13709,113989011,151497135,265486146,2,0,0,23040,12,9347566362
13710,113990010,151758884,265748894,4,0,0,4096,12,3881750458
13711,114001040,153130472,267131512,5,0,0,36352,7,6603817849
13712,114009350,152830132,266839482,6,0,0,204288,12,7645243029
13713,114017571,151786500,265804071,2,0,0,5632,12,1924212832
13714,114034120,151735260,265769380,6,0,0,8192,12,1932121231
13715,114039290,151137807,265177097,0,0,0,2560,14,3477795964
13716,114041870,191435012,305476882,0,0,1,349696,14,8029902522
13717,114047700,191431436,305479136,3,0,1,16896,9,4417200127
13718,114072780,153047556,267120336,9,0,0,123904,3,2286442879
13719,114079130,151647839,265726969,3,0,0,11264,9,821273902
13720,114080270,151103558,265183828,6,0,0,22016,12,10463292486
13721,114082940,152230769,266313709,5,0,0,8192,7,6375565103
13722,114083050,151719282,265802332,9,0,0,79872,3,2333452760
13723,114085900,153861447,267947347,0,0,0,89600,14,5922330246
13724,114095530,192157839,306253369,2,0,1,728576,12,4559493867
13725,114108260,151799248,265907508,8,0,0,7168,12,4865680959
13726,114112150,151611364,265723514,3,0,0,43520,9,514451317
13727,114113410,153996497,268109907,1,0,0,65536,6,5718559414
13728,114113450,152160494,266273944,5,0,0,30208,7,9962899743
13729,114119930,151832541,265952471,4,0,0,4608,12,5583266259
13730,114125610,152404962,266530572,6,0,0,18432,12,10485131542
13731,114162071,151548160,265710231,2,0,0,25600,12,838290819
13732,114182730,153492146,267674876,7,0,0,112128,9,8743169017
13733,114189400,153127311,267316711,3,0,0,96256,9,7840811885
13734,114193770,152064827,266258597,7,0,0,11776,9,5602711253
13735,114198630,151131639,265330269,5,0,0,5632,7,3783064745
13736,114202550,151702751,265905301,4,0,0,3584,12,4904354982
13737,114204930,152000519,266205449,8,0,0,44032,12,6367710582
13738,114215230,192072219,306287449,1,0,1,53248,6,9438908468
13739,114235900,192052051,306287951,3,0,1,13312,9,3182874768
13740,114245910,151851188,266097098,4,0,0,86016,12,2409298755
13741,114251860,151450548,265702408,0,0,0,4096,14,5852064879
13742,114275620,192090843,306366463,3,0,1,17920,9,4457722570
13743,114283891,154226077,268509968,2,0,0,45568,12,1111072929
13744,114286591,152730866,267017457,2,0,0,106496,12,4166387120
13745,114293100,153150433,267443533,3,0,0,77824,9,7898911555
13746,114294401,154008302,268302703,2,0,0,58880,12,1548868689
13747,114299910,151985445,266285355,0,0,0,37376,14,3012169892
13748,114317680,152320628,266638308,4,0,0,30208,12,3484163849
13749,114330140,152387602,266717742,9,0,0,10752,3,7747177150
13750,114334620,152008186,266342806,6,0,0,33280,12,7550914564
13751,114348620,192038503,306387123,9,0,1,2048,3,1895286724
13752,114349500,152524371,266873871,8,0,0,56832,12,164112811
13753,114352970,151958220,266311190,4,0,0,12800,12,924845280
13754,114353800,151679326,266033126,5,0,0,37376,7,9924801930
13755,114354380,154310182,268664562,8,0,0,79872,12,3972028703
13756,114361970,151557077,265919047,4,0,0,26624,12,2079247201
13757,114382240,151947260,266329500,4,0,0,45568,12,5469676658
13758,114397280,152847832,267245112,9,0,0,34816,3,7473338145
13759,114425050,151561535,265986585,0,0,0,44544,14,502861617
13760,114425260,152525041,266950301,0,0,0,56320,14,3160616720
13761,114453810,191940393,306394203,5,0,1,33792,7,1035476054
13762,114474740,154521951,268996691,0,0,0,13312,14,6492407710
13763,114478080,152012520,266490600,5,0,0,43520,7,6435372559
13764,114480630,154692287,269172917,9,0,0,81408,3,4963918362
13765,114489670,154711417,269201087,8,0,0,21504,12,5741556356
13766,114510360,152473159,266983519,1,0,0,36352,6,108004866
13767,114518640,192104864,306623504,2,0,1,322048,12,1879236944
13768,114529780,152046182,266575962,6,0,0,133120,12,5376606280
13769,114540980,151642267,266183247,6,0,0,6656,12,8202475952
13770,114546140,154802479,269348619,0,0,0,7168,14,9062415544
13771,114552441,155017388,269569829,2,0,0,53760,12,7378064201
13772,114558880,152374192,266933072,9,0,0,128512,3,4979850942
13773,114558960,152461172,267020132,5,0,0,8704,7,6222844160
13774,114570291,151527789,266098080,2,0,0,3072,12,1832525460
13775,114576110,151773083,266349193,7,0,0,6144,9,8136113539
13776,114583150,192044131,306627281,3,0,1,16896,9,10421014955
13777,114583210,192115399,306698609,0,0,1,68608,14,2998525376
13778,114599350,192099282,306698632,1,0,1,1536,6,2963226289
13779,114609710,152276352,266886062,8,0,0,39936,12,8466195317
13780,114618220,151999747,266617967,0,0,0,2560,14,7555095099
13781,114625040,152529489,267154529,3,0,0,57344,9,9936494048
13782,114629900,152861417,267491317,6,0,0,3584,12,533107773
13783,114637780,155371783,270009563,3,0,0,26624,9,3653190041
13784,114638020,153142113,267780133,4,0,0,31744,12,4119600665
13785,114643660,152310587,266954247,0,0,0,12800,14,6444569122
13786,114659450,151918719,266578169,6,0,0,7168,12,6596569112
13787,114663980,153099808,267763788,5,0,0,91136,7,7946220720
13788,114665090,192067044,306732134,0,0,1,59904,14,1114648461
13789,114666360,155064995,269731355,7,0,0,33280,9,3054448056
13790,114670090,152866957,267537047,9,0,0,13824,3,1459276326
13791,114689050,152387334,267076384,4,0,0,137216,12,6750242176
13792,114691001,152048239,266739240,2,0,0,33792,12,9356162304
13793,114694180,155174364,269868544,9,0,0,62976,3,437250145
13794,114695150,152008179,266703329,1,0,0,7680,6,9531598304
13795,114701120,152044227,266745347,9,0,0,19968,3,2357302120
13796,114713730,152180163,266893893,9,0,0,25600,3,9240942988
13797,114719050,152137482,266856532,5,0,0,25088,7,5368755376
13798,114720730,152128135,266848865,0,0,0,30720,14,952051137
13799,114741160,152293370,267034530,6,0,0,47104,12,10544529518
13800,114753930,152721260,267475190,6,0,0,38400,12,6287035590
13801,114767720,155407725,270175445,4,0,0,50688,12,8920293505
13802,114776710,152959287,267735997,3,0,0,44032,9,5212589986
13803,114786170,153008057,267794227,3,0,0,7168,9,7259452380
13804,114790890,152618183,267409073,3,0,0,114176,9,5193312553
13805,114792790,152412763,267205553,8,0,0,63488,12,10011547639
13806,114793770,153088313,267882083,3,0,0,9728,9,2997415718
13807,114795930,153256511,268052441,5,0,0,103936,7,3612686984
13808,114803670,152406430,267210100,1,0,0,14848,6,3686819671
13809,114806760,152521549,267328309,0,0,0,18944,14,7743757012
13810,114810290,191922190,306732480,5,0,1,512,7,10284962297
13811,114815120,191966629,306781749,0,0,1,54784,14,9091430472
13812,114820760,191985637,306806397,5,0,1,10752,7,5221074604
13813,114829460,154023145,268852605,3,0,0,15360,9,7060603756
13814,114829761,152987276,267817037,2,0,0,62976,12,9223639363
13815,114837400,152245091,267082491,5,0,0,19968,7,5208670001
13816,114847940,153351891,268199831,0,0,0,16896,14,8968048185
13817,114850140,191959483,306809623,1,0,1,5120,6,5379736071
13818,114855950,153526095,268382045,7,0,0,150016,9,6488769586
13819,114856320,152378161,267234481,8,0,0,59392,12,8675785329
13820,114861260,191949643,306810903,5,0,1,14336,7,3910611298
13821,114867300,153089297,267956597,0,0,0,15360,14,9415975979
13822,114869880,154035205,268905085,8,0,0,13312,12,326017145
13823,114873500,192214745,307088245,0,0,1,84480,14,4785417884
13824,114877130,153751662,268628792,3,0,0,14848,9,10439707418
13825,114877490,155712574,270590064,7,0,0,15872,9,10200921483
13826,114886400,152465075,267351475,9,0,0,8704,3,8306826903
13827,114890280,152554836,267445116,1,0,0,5120,6,6579674234
13828,114892580,152748109,267640689,9,0,0,4096,3,5198717273
13829,114902680,153378095,268280775,9,0,0,24576,3,3379884603
13830,114906320,155409411,270315731,4,0,0,86528,12,6496526256
13831,114929190,192161321,307090511,3,0,1,3584,9,6197924421
13832,114943370,152619130,267562500,5,0,0,51200,7,8598916366
13833,114950320,152665207,267615527,0,0,0,110080,14,7744933232
13834,114979770,153474269,268454039,3,0,0,2048,9,4223942692
13835,114987300,153072964,268060264,9,0,0,25600,3,10504784156
13836,114991040,192243623,307234663,5,0,1,14848,7,5658249478
13837,115003810,192230876,307234686,1,0,1,10752,6,633000968
13838,115008660,152756087,267764747,7,0,0,3072,9,8555003999
13839,115018090,192255204,307273294,8,0,1,23552,12,707630516
13840,115050880,152438966,267489846,1,0,0,25600,6,8637070172
13841,115053270,152362066,267415336,6,0,0,20480,12,4962269380
13842,115060740,192420354,307481094,9,0,1,40960,3,5142835386
13843,115063240,153502367,268565607,3,0,0,46592,9,6219029514
13844,115063690,152628917,267692607,1,0,0,27648,6,7702938595
13845,115067260,152382871,267450131,6,0,0,16384,12,5581703668
13846,115070120,152569298,267639418,4,0,0,78336,12,7669973575
13847,115075280,153180269,268255549,4,0,0,30720,12,10555268758
13848,115093820,154009895,269103715,7,0,0,113152,9,792887809
13849,115095590,152423499,267519089,9,0,0,12288,3,437886599
13850,115102560,153130186,268232746,8,0,0,25088,12,4845658669
13851,115111810,153722919,268834729,0,0,0,226816,14,9364641258
13852,115116970,153412434,268529404,9,0,0,46592,3,682556852
13853,115122170,152401195,267523365,0,0,0,7680,14,8536420357
13854,115131660,153508543,268640203,8,0,0,37376,12,6828535818
13855,115145491,153589731,268735222,2,0,0,104448,12,4632413554
13856,115146810,152805084,267951894,6,0,0,14848,12,10330266653
13857,115149150,153272276,268421426,3,0,0,78336,9,8935772084
13858,115153720,152714624,267868344,0,0,0,9216,14,8969302122
13859,115158570,192323662,307482232,3,0,1,14336,9,10622990151
13860,115161160,152669823,267830983,7,0,0,16896,9,4032312522
13861,115164520,192341002,307505522,3,0,1,4096,9,6878207977
13862,115171030,153970225,269141255,7,0,0,50176,9,7581108530
13863,115183601,153568648,268752249,2,0,0,55808,12,1568285007
13864,115200910,155578862,270779772,5,0,0,43520,7,8605163617
13865,115205791,152758074,267963865,2,0,0,13312,12,1724557015
13866,115206791,152883102,268089893,2,0,0,65536,12,2314350600
13867,115218620,192373889,307592509,2,0,1,210944,12,6817505411
13868,115224860,154121552,269346412,8,0,0,26624,12,3710481202
13869,115235581,152880129,268115710,2,0,0,18944,12,2077634668
13870,115236400,154007751,269244151,3,0,0,42496,9,5397491736
13871,115241530,152556296,267797826,7,0,0,9728,9,8964836065
13872,115242980,152982099,268225079,7,0,0,29184,9,5512440051
13873,115247400,153179665,268427065,1,0,0,18432,6,3694133328
13874,115253320,153370925,268624245,6,0,0,70144,12,3537153937
13875,115255790,152878445,268134235,8,0,0,11776,12,10595995558
13876,115260341,153617784,268878125,2,0,0,78336,12,5429010854
13877,115279120,152700768,267979888,5,0,0,2560,7,795918320
13878,115286890,153667201,268954091,6,0,0,76800,12,8450267311
13879,115287140,153228022,268515162,4,0,0,6144,12,1512842320
13880,115294610,152832632,268127242,4,0,0,6144,12,8266776546
13881,115298281,152959024,268257305,2,0,0,5120,12,4454028435
13882,115298370,152860671,268159041,6,0,0,14336,12,3842371395
13883,115310840,153185221,268496061,9,0,0,70144,3,4181725278
13884,115315381,153387986,268703367,2,0,0,53248,12,7090980303
13885,115316360,153081175,268397535,9,0,0,50688,3,1947464067
13886,115319550,152917710,268237260,3,0,0,5632,9,7940409189
13887,115320560,152986378,268306938,3,0,0,13824,9,3287577184
13888,115324431,153278419,268602850,2,0,0,34304,12,6920592924
13889,115325780,153924634,269250414,3,0,0,20480,9,7010722658
13890,115329700,153006235,268335935,1,0,0,2048,6,9512673009
13891,115330940,154204871,269535811,1,0,0,120320,6,8135992779
13892,115332480,155600924,270933404,9,0,0,116736,3,9056256982
13893,115337330,153349742,268687072,3,0,0,54272,9,4469339033
13894,115357550,192234982,307592532,0,0,1,5632,14,5172470649
13895,115373720,192218835,307592555,8,0,1,4096,12,5457838727
13896,115375250,153295263,268670513,0,0,0,19456,14,9286885226
13897,115383020,153130247,268513267,4,0,0,10752,12,8208569197
13898,115387910,153459478,268847388,0,0,0,41472,14,4680180885
13899,115388300,153374580,268762880,1,0,0,34816,6,7645458649
13900,115423130,153994431,269417561,7,0,0,13824,9,873175166
13901,115424750,153690867,269115617,7,0,0,29184,9,4318144299
13902,115435240,192328480,307763720,0,0,1,228352,14,286847186
13903,115440780,153450830,268891610,7,0,0,33792,9,2340071095
13904,115450521,153818290,269268811,2,0,0,27648,12,9763161129
13905,115456180,153011006,268467186,3,0,0,8704,9,7874533376
13906,115479560,193191295,308670855,2,0,1,1272320,12,6040319782
13907,115481170,153064601,268545771,3,0,0,512,9,2169783918
13908,115481439,193192002,308673441,7,0,1,4096,9,480574004
13909,115483841,153417165,268901006,2,0,0,18944,12,7277011953
13910,115494550,153547981,269042531,6,0,0,27648,12,847143590
13911,115501520,154310327,269811847,7,0,0,141824,9,4849380218
13912,115511500,193162287,308673787,5,0,1,512,7,3121497333
13913,115520810,193159083,308679893,1,0,1,22016,6,1855758084
13914,115525150,153668431,269193581,4,0,0,17920,12,407607715
13915,115537319,193178204,308715523,6,0,1,19456,12,10148698750
13916,115544150,153303752,268847902,5,0,0,1536,7,3405274632
13917,115549580,153214126,268763706,7,0,0,2560,9,6028628968
13918,115549780,155502253,271052033,8,0,0,102912,12,5367105164
13919,115550370,153406535,268956905,0,0,0,2048,14,10407624044
13920,115555860,193165207,308721067,5,0,1,26112,7,6253788746
13921,115560350,154432547,269992897,9,0,0,59392,3,4554655760
13922,115562131,154148998,269711129,2,0,0,7168,12,1624002681
13923,115563410,153416420,268979830,5,0,0,8192,7,5091473922
13924,115595870,153846009,269441879,7,0,0,12800,9,8323287497
13925,115600130,153409220,269009350,8,0,0,14336,12,7675267083
13926,115601840,153252348,268854188,4,0,0,5120,12,4052833553
13927,115603701,153766631,269370332,2,0,0,10752,12,6560128060
13928,115610110,153782931,269393041,8,0,0,46080,12,2763204868
13929,115612500,153725777,269338277,8,0,0,36864,12,222048997
13930,115617310,193166628,308783938,0,0,1,104448,14,9693325167
13931,115623661,154036524,269660185,2,0,0,38400,12,3698362399
13932,115626800,153286888,268913688,5,0,0,28160,7,2751017161
13933,115626910,153268209,268895119,9,0,0,8704,3,2140441725
13934,115647220,153385824,269033044,9,0,0,38912,3,5053882269
13935,115653570,153490056,269143626,3,0,0,7680,9,1700529242
13936,115679441,153918180,269597621,2,0,0,18944,12,245758356
13937,115689770,193125550,308815320,5,0,1,27648,7,3747892675
13938,115729330,153814951,269544281,6,0,0,17408,12,8403390475
13939,115734780,154619612,270354392,9,0,0,65024,3,7152405258
13940,115743991,153704619,269448610,2,0,0,22016,12,7488035976
13941,115753020,153128271,268881291,6,0,0,10240,12,6639216736
13942,115755050,153562536,269317586,8,0,0,5120,12,5484371279
13943,115771580,153975794,269747374,5,0,0,30208,7,3213935093
13944,115777540,153852392,269629932,7,0,0,29696,9,6495067151
13945,115778380,153114064,268892444,7,0,0,2560,9,399904591
13946,115779780,153841081,269620861,9,0,0,70656,3,5110669222
13947,115781750,153507225,269288975,1,0,0,27648,6,9757512346
13948,115784690,154142934,269927624,7,0,0,86016,9,6893242313
13949,115786270,153320432,269106702,6,0,0,9728,12,6090591601
13950,115789100,153749854,269538954,9,0,0,10240,3,8237175732
13951,115791381,155340506,271131887,2,0,0,26112,12,402730170
13952,115798060,154314316,270112376,4,0,0,65024,12,6799985643
13953,115814590,193028522,308843112,2,0,1,41472,12,7607719552
13954,115820750,153555447,269376197,0,0,0,4096,14,9613507459
13955,115831370,154404299,270235669,8,0,0,128000,12,7367177512
13956,115833190,154201146,270034336,7,0,0,15872,9,605549050
13957,115849480,153459948,269309428,0,0,0,12800,14,3435915502
13958,115860300,154188287,270048587,6,0,0,28672,12,6587527550
13959,115861910,154378774,270240684,5,0,0,16384,7,5718657037
13960,115897620,192945748,308843368,3,0,1,9216,9,2272951520
13961,115905520,192961999,308867519,1,0,1,17408,6,9728132880
13962,115934840,153802154,269736994,7,0,0,18432,9,10278418040
13963,115935970,153913363,269849333,4,0,0,81408,12,7161112078
13964,115936381,155359284,271295665,2,0,0,30208,12,1425174640
13965,115944750,153762548,269707298,6,0,0,14336,12,2597832237
13966,115952360,192919491,308871851,5,0,1,26112,7,10488510503
13967,115970071,153155873,269125944,2,0,0,33792,12,5434979732
13968,115983730,153511729,269495459,3,0,0,22528,9,7401003418
13969,115985980,153779419,269765399,9,0,0,54272,3,6330019244
13970,115999490,153825016,269824506,7,0,0,41472,9,3811246155
13971,116009050,192885343,308894393,8,0,1,11264,12,579202484
13972,116015911,153161553,269177464,2,0,0,14848,12,10073345339
13973,116030000,192883845,308913845,5,0,1,12288,7,7650244999
13974,116032400,192889450,308921850,8,0,1,14336,12,8234205276
13975,116036131,153420027,269456158,2,0,0,14336,12,3790334202
13976,116038130,153597285,269635415,6,0,0,17920,12,9258214078
13977,116044810,154204656,270249466,9,0,0,12800,3,5212361654
13978,116061560,153839813,269901373,7,0,0,58368,9,9183822446
13979,116061919,192859954,308921873,9,0,1,4608,3,6141369118
13980,116066300,154472964,270539264,0,0,0,125440,14,2539293220
13981,116068170,192853726,308921896,8,0,1,12288,12,2430660677
13982,116071150,153589682,269660832,8,0,0,2048,12,3393279840
13983,116073200,154063847,270137047,3,0,0,80896,9,4317196591
13984,116078170,192844673,308922843,8,0,1,2048,12,6658615949
13985,116080381,153490563,269570944,2,0,0,3584,12,4803753703
13986,116088550,154289265,270377815,5,0,0,76800,7,2398652000
13987,116092670,153790896,269883566,3,0,0,37888,9,5134926317
13988,116118150,192808879,308927029,0,0,1,6656,14,8278485955
13989,116128660,153870032,269998692,7,0,0,18944,9,9514733561
13990,116131560,192800981,308932541,1,0,1,19968,6,8290159654
13991,116141960,154527435,270669395,4,0,0,115712,12,10227399171
13992,116154770,192791082,308945852,8,0,1,13312,12,308755119
13993,116165250,153972132,270137382,8,0,0,1024,12,7422290503
13994,116177570,154510880,270688450,4,0,0,62464,12,7971050256
13995,116178330,192784998,308963328,9,0,1,21504,3,1920171511
13996,116179880,154321141,270501021,7,0,0,39936,9,3649081098
13997,116186250,192777744,308963994,8,0,1,11264,12,3218614763
13998,116195010,155248709,271443719,3,0,0,114688,9,10210578730
13999,116198169,192766491,308964660,6,0,1,11264,12,1519241222
14000,116203000,153668999,269871999,5,0,0,11264,7,4504322494
14001,116209200,154036343,270245543,9,0,0,15872,3,7348870656
14002,116212650,192766866,308979516,1,0,1,23040,6,6377460410
14003,116216160,155441335,271657495,6,0,0,138752,12,9173796926
14004,116221290,154408123,270629413,4,0,0,127488,12,9783410527
14005,116240740,154822548,271063288,5,0,0,36864,7,4594119186
14006,116258140,154508349,270766489,4,0,0,133120,12,7335262836
14007,116269860,155579061,271848921,4,0,0,65024,12,1864518702
14008,116270810,192899708,309170518,0,0,1,179200,14,4425936630
14009,116271840,154541027,270812867,4,0,0,108544,12,2049565373
14010,116273930,153789501,270063431,5,0,0,5632,7,4279479174
14011,116281150,154929724,271210874,9,0,0,38912,3,6444223245
14012,116281330,154122585,270403915,3,0,0,33792,9,9494860564
14013,116289570,192885454,309175024,9,0,1,7168,3,6784124619
14014,116300721,155242194,271542915,2,0,0,56320,12,8272841708
14015,116303520,154637715,270941235,5,0,0,25600,7,6971497598
14016,116307040,155375594,271682634,0,0,0,82432,14,10496981125
14017,116313901,155062346,271376247,2,0,0,73728,12,10260678817
14018,116324910,154821687,271146597,6,0,0,27136,12,5529756254
14019,116328080,154397826,270725906,5,0,0,6144,7,8555342154
14020,116328190,154305926,270634116,3,0,0,15360,9,10594941030
14021,116388130,154303330,270691460,3,0,0,5120,9,8555646787
14022,116397050,154188132,270585182,9,0,0,113664,3,3455723371
14023,116401180,154707581,271108761,3,0,0,60416,9,9750085974
14024,116402870,192824871,309227741,2,0,1,14848,12,4238329449
14025,116403500,154429514,270833014,8,0,0,66048,12,1741619906
14026,116413561,154136958,270550519,2,0,0,36864,12,1469786947
14027,116413590,154053834,270467424,7,0,0,17920,9,4988673872
14028,116413680,154276197,270689877,6,0,0,4608,12,7926355231
14029,116414160,155505196,271919356,4,0,0,16896,12,5635262113
14030,116418620,153972759,270391379,4,0,0,37376,12,3049592740
14031,116444530,154715506,271160036,9,0,0,44032,3,9669641546
14032,116445510,155383576,271829086,9,0,0,38400,3,8922758130
14033,116448990,192778774,309227764,1,0,1,9216,6,9398440201
14034,116453160,153878868,270332028,6,0,0,2048,12,5496568938
14035,116460051,154780525,271240576,2,0,0,3072,12,1393244155
14036,116463660,154890077,271353737,4,0,0,128000,12,6609300599
14037,116467170,153942742,270409912,6,0,0,6144,12,6292244466
14038,116468150,154538280,271006430,5,0,0,61952,7,5963450662
14039,116468910,192758877,309227787,3,0,1,9216,9,1917816056
14040,116482940,154803498,271286438,6,0,0,4096,12,3054757265
14041,116492610,155215179,271707789,0,0,0,22528,14,2025439560
14042,116493840,155526971,272020811,7,0,0,14848,9,10571120039
14043,116496931,154987384,271484315,2,0,0,9728,12,6031228798
14044,116507360,154609403,271116763,4,0,0,14336,12,8460509609
14045,116507420,154954574,271461994,0,0,0,59904,14,1671353143
14046,116526920,154611386,271138306,7,0,0,20992,9,855982787
14047,116527140,154596377,271123517,7,0,0,1024,9,5427880342
14048,116555690,192672120,309227810,8,0,1,26112,12,2674150803
14049,116588820,154113612,270702432,5,0,0,35840,7,7544922475
14050,116600490,155589731,272190221,3,0,0,136192,9,462937132
14051,116615320,154669847,271285167,5,0,0,109568,7,7565562325
14052,116623430,154466892,271090322,8,0,0,82944,12,4647186530
14053,116654360,155571186,272225546,3,0,0,32768,9,6959271745
14054,116669121,155647326,272316447,2,0,0,104960,12,3134636270
14055,116677730,154036633,270714363,3,0,0,1536,9,9912539378
14056,116678331,154504512,271182843,2,0,0,74752,12,1619162653
14057,116695970,154822376,271518346,8,0,0,111616,12,10637970186
14058,116697110,155200537,271897647,3,0,0,100352,9,8206152388
14059,116700431,155020870,271721301,2,0,0,36864,12,2884917350
14060,116707169,192544488,309251657,8,0,1,5120,12,1198984210
14061,116712401,155026574,271738975,2,0,0,7168,12,18937365
14062,116712640,154410542,271123182,0,0,0,20992,14,8781976031
14063,116721270,155367304,272088574,6,0,0,17920,12,1851553677
14064,116731450,154794251,271525701,0,0,0,24064,14,3495444403
14065,116731860,154165953,270897813,7,0,0,1536,9,241094876
14066,116735761,155548683,272284444,2,0,0,101376,12,7231318644
14067,116771900,155132836,271904736,1,0,0,23040,6,9074370069
14068,116785320,154689581,271474901,9,0,0,25088,3,9974743614
14069,116799050,155067998,271867048,7,0,0,59392,9,7081779522
14070,116800270,154312102,271112372,0,0,0,11776,14,7471532159
14071,116810930,154796287,271607217,3,0,0,49664,9,3808443396
14072,116812300,155570094,272382394,0,0,0,31232,14,386990254
14073,116813880,155534258,272348138,8,0,0,103936,12,2606742715
14074,116820590,154660730,271481320,6,0,0,20992,12,9378274702
14075,116826900,154182205,271009105,9,0,0,8704,3,6512054495
14076,116827600,192479621,309307221,3,0,1,8192,9,3636766104
14077,116851800,154213227,271065027,8,0,0,5632,12,6876364264
14078,116861570,192462100,309323670,3,0,1,27136,9,5152991630
14079,116863440,155873262,272736702,1,0,0,93184,6,9496666053
14080,116865860,155543965,272409825,8,0,0,32256,12,4936967553
14081,116880470,192493876,309374346,3,0,1,11264,9,5467960633
14082,116882780,155887352,272770132,6,0,0,105472,12,8644293341
14083,116888160,155079603,271967763,8,0,0,2048,12,9102694550
14084,116890440,155598441,272488881,6,0,0,53248,12,4960098614
14085,116898860,192605860,309504720,5,0,1,31232,7,6069549786
14086,116899500,154888276,271787776,3,0,0,14848,9,4401405408
14087,116899690,154567544,271467234,6,0,0,16896,12,5473207073
14088,116928220,155631188,272559408,4,0,0,40960,12,8155488411
14089,116929250,155075859,272005109,7,0,0,71168,9,8830592627
14090,116933459,192575641,309509100,8,0,1,10752,12,2721513502
14091,116946450,155977711,272924161,7,0,0,97280,9,3885064320
14092,116947620,192597023,309544643,1,0,1,57856,6,104849273
14093,116960419,192600089,309560508,7,0,1,34816,9,6982806680
14094,116962300,154652896,271615196,4,0,0,26112,12,7354562778
14095,116963280,154721093,271684373,4,0,0,5632,12,9156686825
14096,116966980,155039088,272006068,6,0,0,3072,12,9220233126
14097,116987340,155145198,272132538,6,0,0,45568,12,5497660358
14098,116988600,155152697,272141297,7,0,0,28672,9,9813461959
14099,117001800,155892698,272894498,4,0,0,37888,12,7748368976
14100,117011710,154971193,271982903,3,0,0,21504,9,7090158000
14101,117011821,156428037,273439858,2,0,0,25088,12,6427873938
14102,117021840,154714928,271736768,0,0,0,50688,14,10611733131
14103,117021970,155193546,272215516,4,0,0,82944,12,6241757635
14104,117025860,156251332,273277192,4,0,0,97280,12,10096492672
14105,117026200,156046199,273072399,0,0,0,66560,14,7524469524
14106,117029600,192545466,309575066,2,0,1,6656,12,1073206074
14107,117031100,155051991,272083091,8,0,0,53760,12,110625344
14108,117036980,155584330,272621310,6,0,0,1024,12,4750423730
14109,117040600,192565015,309605615,2,0,1,10752,12,7859241524
14110,117051560,155180249,272231809,8,0,0,20480,12,6082931145
14111,117056520,155310072,272366592,9,0,0,60416,3,1288229443
14112,117058490,155440398,272498888,4,0,0,32768,12,3683142981
14113,117062840,155399980,272462820,9,0,0,46592,3,8641287826
14114,117064700,192567795,309632495,5,0,1,19968,7,8232914042
14115,117086400,155523635,272610035,4,0,0,2560,12,4797425289
14116,117092420,155516812,272609232,6,0,0,25600,12,4381326400
14117,117094380,155378254,272472634,8,0,0,14336,12,4963974471
14118,117103210,192618174,309721384,2,0,1,65024,12,2859437791
14119,117112210,155663673,272775883,6,0,0,4096,12,3178309555
14120,117157820,156449272,273607092,0,0,0,46080,14,2069090351
14121,117185651,155510177,272695828,2,0,0,64000,12,9285185063
14122,117197560,155191729,272389289,3,0,0,22528,9,4475240710
14123,117200880,155675376,272876256,0,0,0,95232,14,10165369709
14124,117222340,155150515,272372855,6,0,0,20480,12,8848646666
14125,117223670,155548677,272772347,5,0,0,7168,7,5096733313
14126,117226070,155621147,272847217,5,0,0,75776,7,8318453418
14127,117232860,193202593,310435453,0,0,1,490496,14,1897863893
14128,117239360,155812736,273052096,7,0,0,31232,9,5114001015
14129,117245380,154847273,272092653,0,0,0,13312,14,851699157
14130,117245980,155900958,273146938,5,0,0,38912,7,10323224974
14131,117256190,155745652,273001842,0,0,0,18432,14,2337885218
14132,117266560,156322858,273589418,1,0,0,118272,6,9050048488
14133,117273339,193172166,310445505,7,0,1,19968,9,6946976191
14134,117297150,155585781,272882931,7,0,0,18432,9,8506337211
14135,117299060,155128610,272427670,9,0,0,23040,3,3590041146
14136,117300230,156472761,273772991,7,0,0,157184,9,6436596098
14137,117302900,155216140,272519040,0,0,0,65536,14,2625716934
14138,117310430,155703464,273013894,6,0,0,11776,12,1456656195
14139,117311480,155669510,272980990,1,0,0,7680,6,7719850707
14140,117312750,155716477,273029227,6,0,0,17408,12,4834742871
14141,117324880,155488920,272813800,0,0,0,61952,14,2996422222
14142,117330430,155546862,272877292,9,0,0,3072,3,1189306998
14143,117337790,193120014,310457804,5,0,1,23552,7,10701890520
14144,117338300,193191900,310530200,1,0,1,76800,6,7207106204
14145,117362160,155290433,272652593,9,0,0,2048,3,10148801221
14146,117366690,155298576,272665266,7,0,0,25088,9,9264513571
14147,117387831,156127231,273515062,2,0,0,110592,12,1417981038
14148,117389730,155789791,273179521,8,0,0,9728,12,5918385589
14149,117407430,155556846,272964276,4,0,0,11776,12,2049402833
14150,117414170,156545913,273960083,5,0,0,12800,7,446445437
14151,117432071,156384022,273816093,2,0,0,99328,12,7959213842
14152,117451250,193136101,310587351,0,0,1,102912,14,400848916
14153,117460300,155926659,273386959,9,0,0,122368,3,6568340654
14154,117461640,193152415,310614055,3,0,1,8192,9,2833895732
14155,117465780,155650636,273116416,7,0,0,19456,9,3753826649
14156,117467370,156852292,274319662,1,0,0,45568,6,9868959617
14157,117482290,155813217,273295507,7,0,0,6144,9,3743396772
14158,117482510,155620322,273102832,4,0,0,5120,12,10410985558
14159,117488390,155445333,272933723,5,0,0,31232,7,1192554031
14160,117534680,193079398,310614078,0,0,1,8704,14,3638455032
14161,117537350,156286901,273824251,9,0,0,14848,3,8333267069
14162,117541380,156051649,273593029,1,0,0,11776,6,4249898118
14163,117546911,156272793,273819704,2,0,0,11776,12,2110228323
14164,117548510,156004841,273553351,1,0,0,116224,6,7089275180
14165,117555460,156329575,273885035,1,0,0,28160,6,6715046744
14166,117565231,157081683,274646914,2,0,0,52736,12,5954631031
14167,117569626,156487981,274057607,7,0,0,88064,9,4704699397
14168,117587920,155559665,273147585,0,0,0,2048,14,9028053318
14169,117596580,157192153,274788733,1,0,0,71680,6,3232264311
14170,117597090,155426810,273023900,9,0,0,24064,3,6891613934
14171,117597590,155804212,273401802,6,0,0,48640,12,5231689515
14172,117599570,156431174,274030744,3,0,0,61440,9,1499652179
14173,117602780,193011321,310614101,9,0,1,12288,3,7356330466
14174,117612730,156020982,273633712,3,0,0,7680,9,8899231647
14175,117613040,157340190,274953230,7,0,0,50176,9,9269980961
14176,117616650,155707430,273324080,3,0,0,54272,9,4666746602
14177,117618900,193040099,310658999,5,0,1,20992,7,6115412009
14178,117624100,156289100,273913200,3,0,0,30720,9,1987777545
14179,117639490,155442292,273081782,5,0,0,30720,7,458502380
14180,117642040,155760409,273402449,1,0,0,2048,6,5003951182
14181,117646010,156433841,274079851,1,0,0,33280,6,2904758549
14182,117669720,155068253,272737973,6,0,0,4096,12,6249013251
14183,117678200,155727236,273405436,8,0,0,9728,12,7659826734
14184,117690399,193026634,310717033,6,0,1,57344,12,4119272138
14185,117700839,193040098,310740937,8,0,1,1024,12,3522368034
14186,117706370,156197439,273903809,3,0,0,36864,9,1101874821
14187,117719080,155728445,273447525,7,0,0,25088,9,3930593025
14188,117730489,193017771,310748260,9,0,1,18944,3,5393346509
14189,117751330,155479287,273230617,6,0,0,3584,12,8420914033
14190,117764850,156459949,274224799,3,0,0,44544,9,889846774
14191,117771490,156014316,273785806,3,0,0,41984,9,7229555366
14192,117777970,156376625,274154595,7,0,0,27136,9,162773557
14193,117785949,192963284,310749233,6,0,1,12800,12,7385759716
14194,117809950,157205412,275015362,3,0,0,7168,9,9805151092
14195,117822019,192967071,310789090,9,0,1,4096,3,8952952047
14196,117830640,156002690,273833330,3,0,0,29696,9,1908722652
14197,117833480,156036065,273869545,9,0,0,118784,3,316509535
14198,117839660,192952016,310791676,3,0,1,4096,9,3047886355
14199,117840910,156461234,274302144,4,0,0,25600,12,4546094182
14200,117872280,192964056,310836336,2,0,1,22016,12,2119201118
14201,117888190,192955456,310843646,5,0,1,22528,7,1700785656
14202,117896180,156489737,274385917,3,0,0,133632,9,7968102065
14203,117909740,156619538,274529278,6,0,0,43520,12,3218286345
14204,117928090,157178546,275106636,5,0,0,512,7,10590491772
14205,117935570,155717972,273653542,1,0,0,7168,6,4704561870
14206,117940870,156722961,274663831,7,0,0,34304,9,2240211275
14207,117945380,156635298,274580678,3,0,0,163840,9,9799427618
14208,117979600,156088505,274068105,0,0,0,34304,14,2981180340
14209,117982360,156029641,274012001,7,0,0,94720,9,415782092
14210,117993400,156300921,274294321,5,0,0,155648,7,4175973108
14211,117994220,156622228,274616448,4,0,0,78336,12,3245800758
14212,117997789,192867764,310865553,9,0,1,65024,3,7607398715
14213,118005270,156829329,274834599,9,0,0,29184,3,3632139051
14214,118007740,156694397,274702137,4,0,0,26112,12,8434733548
14215,118008021,155623328,273631349,2,0,0,69120,12,3906802157
14216,118009250,155639717,273648967,0,0,0,2048,14,10295667814
14217,118011950,155268229,273280179,5,0,0,9728,7,10376712861
14218,118020170,192855288,310875458,2,0,1,12288,12,9468343947
14219,118030520,156907399,274937919,1,0,0,183808,6,90875870
14220,118031720,155486196,273517916,5,0,0,7680,7,1220077313
14221,118046819,192845299,310892118,8,0,1,35328,12,9491137192
14222,118069640,156252541,274322181,3,0,0,8192,9,5083158002
14223,118081430,155434123,273515553,5,0,0,1536,7,379679433
14224,118083919,192853873,310937792,6,0,1,512,12,10060832609
14225,118093709,192844106,310937815,9,0,1,2560,3,8160833326
14226,118097580,155561322,273658902,6,0,0,17408,12,2930893536
14227,118114540,155528083,273642623,0,0,0,9216,14,9202392812
14228,118124920,155817487,273942407,8,0,0,17920,12,566967535
14229,118131600,155744832,273876432,3,0,0,22528,9,9633757661
14230,118134380,157092230,275226610,8,0,0,2560,12,407840643
14231,118143980,156825052,274969032,5,0,0,34816,7,8745585199
14232,118154290,155738264,273892554,1,0,0,24576,6,3071039529
14233,118168280,156801735,274970015,8,0,0,3072,12,7123366188
14234,118176970,156687966,274864936,1,0,0,15872,6,8839399493
14235,118179140,157326788,275505928,7,0,0,207360,9,4317369497
14236,118192851,155790267,273983118,2,0,0,60928,12,3429075608
14237,118200190,156044254,274244444,7,0,0,26624,9,9726062535
14238,118213781,156185910,274399691,2,0,0,45056,12,9834687135
14239,118222760,156860898,275083658,0,0,0,18432,14,5445467189
14240,118266379,192671459,310937838,6,0,1,16896,12,6836572853
14241,118272250,157138062,275410312,5,0,0,77824,7,6942738569
14242,118272330,155889901,274162231,7,0,0,512,9,10424476719
14243,118272350,192712391,310984741,0,0,1,25088,14,4451929436
14244,118277021,155862194,274139215,2,0,0,10240,12,9858873045
14245,118282040,157272698,275554738,4,0,0,68608,12,474327601
14246,118286730,157467460,275754190,8,0,0,96256,12,3489855435
14247,118292780,156813677,275106457,6,0,0,74752,12,8296176213
14248,118296579,192688185,310984764,8,0,1,6656,12,9878064650
14249,118318410,155751278,274069688,6,0,0,5120,12,6447716824
14250,118318680,156704098,275022778,3,0,0,16384,9,1669084259
14251,118324710,157456959,275781669,7,0,0,90112,9,3332071155
14252,118336049,192648738,310984787,6,0,1,6656,12,6409852037
14253,118341940,155800574,274142514,8,0,0,10752,12,3685611012
14254,118366060,155859854,274225914,7,0,0,3584,9,6584261628
14255,118376940,155928815,274305755,7,0,0,11776,9,10385529163
14256,118385620,192599190,310984810,2,0,1,2560,12,9065355334
14257,118387779,192602278,310990057,7,0,1,9728,9,4708930798
14258,118397600,156233223,274630823,4,0,0,47104,12,5522354426
14259,118399190,157229520,275628710,1,0,0,25088,6,5227810934
14260,118404390,157563454,275967844,8,0,0,400896,12,5385067114
14261,118409600,192581737,310991337,2,0,1,14336,12,8373231221
14262,118410220,192582552,310992772,5,0,1,23040,7,7879852904
14263,118415180,156923100,275338280,6,0,0,4096,12,4910701641
14264,118422930,156878104,275301034,8,0,0,85504,12,6920264457
14265,118424290,156168267,274592557,6,0,0,38912,12,3990501380
14266,118434450,192596153,311030603,1,0,1,35840,6,4119835408
14267,118436110,156215039,274651149,9,0,0,13824,3,340451144
14268,118441840,156548851,274990691,6,0,0,36864,12,6162823661
14269,118444090,156071905,274515995,4,0,0,30720,12,3359825383
14270,118458969,192586702,311045671,7,0,1,43008,9,9086363524
14271,118462930,157527424,275990354,4,0,0,73728,12,10455012181
14272,118472129,192580095,311052224,6,0,1,3584,12,8819566562
14273,118475640,156782582,275258222,6,0,0,27136,12,4819608741
14274,118500420,157547053,276047473,6,0,0,187392,12,802006856
14275,118501351,157623035,276124386,2,0,0,145920,12,699846218
14276,118503980,156254015,274757995,7,0,0,12288,9,8416627084
14277,118507770,192560542,311068312,5,0,1,38400,7,2151439835
14278,118528810,155973243,274502053,6,0,0,19968,12,1787477957
14279,118533310,156884201,275417511,0,0,0,23552,14,4621994218
14280,118534760,157662146,276196906,8,0,0,21504,12,2947254039
14281,118541370,156279064,274820434,8,0,0,15872,12,10507138767
14282,118547660,157019932,275567592,7,0,0,33280,9,5496182885
14283,118549400,157174689,275724089,0,0,0,6656,14,8415573679
14284,118549610,156700321,275249931,3,0,0,33792,9,238825494
14285,118550590,157714589,276265179,9,0,0,124928,3,5736908724
14286,118550701,156494554,275045255,2,0,0,25600,12,7487940301
14287,118571370,156081986,274653356,0,0,0,7168,14,8767701352
14288,118579710,157080898,275660608,3,0,0,62464,9,2013441329
14289,118581149,192491669,311072818,7,0,1,7168,9,1759095400
14290,118585860,157494043,276079903,7,0,0,5632,9,10316552309
14291,118589430,157809721,276399151,8,0,0,43008,12,5597898795
14292,118595681,157704536,276300217,2,0,0,512,12,5515934799
14293,118609310,156924501,275533811,9,0,0,34304,3,9887664883
14294,118611140,157009903,275621043,9,0,0,77824,3,9855240104
14295,118612631,156465388,275078019,2,0,0,45568,12,4288018237
14296,118612770,157070949,275683719,9,0,0,75776,3,6467004875
14297,118635270,156701739,275337009,7,0,0,60416,9,10067876295
14298,118641391,157516121,276157512,2,0,0,78848,12,589582972
14299,118647110,156518775,275165885,5,0,0,15872,7,2579992790
14300,118657720,156300681,274958401,8,0,0,16896,12,10241342126
14301,118668839,192406565,311075404,8,0,1,4096,12,2297538470
14302,118678380,156634065,275312445,0,0,0,37376,14,2900361684
14303,118679590,156743248,275422838,9,0,0,17408,3,8754046443
14304,118685800,156951981,275637781,1,0,0,29696,6,2700380392
14305,118694930,157528059,276222989,4,0,0,85504,12,8418648699
14306,118704350,157082022,275786372,5,0,0,15360,7,7711770513
14307,118705860,157784385,276490245,9,0,0,12800,3,8389534235
14308,118713831,157456394,276170225,2,0,0,2048,12,9457201776
14309,118716339,192364352,311080691,7,0,1,16896,9,8677986185
14310,118723340,157564480,276287820,3,0,0,13312,9,4655889640
14311,118731430,192349415,311080845,8,0,1,8704,12,10126829134
14312,118733800,192371645,311105445,0,0,1,12800,14,3839209868
14313,118740160,192370431,311110591,9,0,1,8192,3,6107061634
14314,118746780,156761511,275508291,5,0,0,7680,7,9501645751
14315,118747740,157900776,276648516,5,0,0,78848,7,6502200470
14316,118751080,157049542,275800622,1,0,0,30720,6,9933188139
14317,118751450,156561330,275312780,8,0,0,1024,12,9476921758
14318,118776630,156945408,275722038,4,0,0,18944,12,1450195958
14319,118784240,156739096,275523336,1,0,0,30720,6,5472277165
14320,118808560,157249879,276058439,0,0,0,14848,14,3789716880
14321,118810600,157264889,276075489,3,0,0,29184,9,10156055768
14322,118813799,192297048,311110847,6,0,1,9216,12,5370644298
14323,118816020,192295493,311111513,8,0,1,1024,12,4692319376
14324,118824580,157610497,276435077,4,0,0,20992,12,1969262275
14325,118831780,157724721,276556501,3,0,0,76800,9,4198898870
14326,118831860,157941903,276773763,3,0,0,29696,9,2628819751
14327,118833520,156680410,275513930,5,0,0,18432,7,2043937231
14328,118844570,156712859,275557429,4,0,0,8704,12,7283011541
14329,118844880,156590929,275435809,4,0,0,42496,12,8147226969
14330,118853741,156743567,275597308,2,0,0,26112,12,5845654428
14331,118873130,157317201,276190331,7,0,0,33792,9,7267742280
14332,118880290,192231684,311111974,2,0,1,10240,12,5402741107
14333,118951840,193070699,312022539,1,0,1,13312,6,3284045003
14334,118952100,156748882,275700982,0,0,0,35328,14,5632008966
14335,118965160,157088732,276053892,6,0,0,20992,12,7214030043
14336,118978300,157942195,276920495,6,0,0,89600,12,10590593836
14337,118979839,193046566,312026405,6,0,1,6144,12,3264903395
14338,118991200,157631271,276622471,0,0,0,19968,14,9261231811
14339,118992960,156723283,275716243,4,0,0,11776,12,946438597
14340,118993740,157782074,276775814,6,0,0,6656,12,4793631997
14341,119009870,157345532,276355402,7,0,0,169472,9,7056176679
14342,119011050,156795679,275806729,6,0,0,19968,12,10712294029
14343,119018980,156772251,275791231,1,0,0,15872,6,5619356407
14344,119024201,157361800,276386001,2,0,0,100352,12,8758052066
14345,119026320,157435932,276462252,9,0,0,89088,3,6177127354
14346,119053170,157375488,276428658,8,0,0,96768,12,6685209305
14347,119056010,157420617,276476627,7,0,0,47104,9,10070794688
14348,119056440,157688921,276745361,0,0,0,20992,14,5007623248
14349,119056759,193532112,312588871,9,0,1,45568,3,1753840820
14350,119062980,193552511,312615491,2,0,1,39936,12,7772231571
14351,119063190,157163886,276227076,6,0,0,13312,12,2866511228
14352,119063260,193673658,312736918,3,0,1,32768,9,6931084556
14353,119071600,157097947,276169547,7,0,0,39424,9,8622571647
14354,119079020,157877138,276956158,1,0,0,11776,6,6368771536
14355,119089470,157043987,276133457,6,0,0,29696,12,5916112577
14356,119116930,193620027,312736957,5,0,1,8704,7,6480916558
14357,119121139,193615849,312736988,7,0,1,29696,9,8136468455
14358,119126580,193610431,312737011,2,0,1,9216,12,3776343507
14359,119127000,157757725,276884725,8,0,0,49152,12,569565767
14360,119131069,193605965,312737034,9,0,1,8704,3,5311279799
14361,119132709,193653051,312785760,7,0,1,49664,9,6196497731
14362,119160030,157019890,276179920,0,0,0,31744,14,712367573
14363,119178790,156899374,276078164,4,0,0,8704,12,3740347458
14364,119187800,193636740,312824540,8,0,1,40448,12,10500741713
14365,119204050,156862524,276066574,6,0,0,26624,12,4952751520
14366,119206020,193629486,312835506,1,0,1,5120,6,3714579398
14367,119209810,157059456,276269266,0,0,0,13312,14,5391767435
14368,119213160,157788111,277001271,6,0,0,3584,12,10425129804
14369,119262809,193593047,312855856,6,0,1,57344,12,146247445
14370,119265710,157220612,276486322,4,0,0,31744,12,1118922859
14371,119279870,157002991,276282861,6,0,0,44544,12,7523009716
14372,119285451,156998290,276283741,2,0,0,2560,12,780107478
14373,119293700,157445242,276738942,7,0,0,61952,9,7560131556
14374,119304260,157884445,277188705,0,0,0,10240,14,3761795867
14375,119304950,157588222,276893172,3,0,0,27648,9,2520711795
14376,119308310,157877252,277185562,8,0,0,46592,12,2001017768
14377,119316210,193539669,312855879,0,0,1,9728,14,5779015770
14378,119321140,157829177,277150317,6,0,0,138752,12,4055980043
14379,119323870,157936288,277260158,6,0,0,7168,12,3057081142
14380,119326530,157257918,276584448,1,0,0,91648,6,10223348812
14381,119327689,193562268,312889957,9,0,1,38400,3,8749754750
14382,119327959,193562021,312889980,6,0,1,10752,12,4766666487
14383,119329280,193701742,313031022,1,0,1,53248,6,10359449734
14384,119331540,157821608,277153148,8,0,0,9216,12,7500188694
14385,119343510,158670319,278013829,7,0,0,71168,9,8975140331
14386,119348699,193693683,313042382,8,0,1,38400,12,10447398052
14387,119348751,157488142,276836893,2,0,0,11776,12,7065903059
14388,119349370,157415322,276764692,6,0,0,37376,12,4519638379
14389,119350289,193744366,313094655,7,0,1,1024,9,9555795978
14390,119350330,157625039,276975369,0,0,0,62976,14,154182447
14391,119364880,158151796,277516676,7,0,0,459776,9,2456869562
14392,119365830,157618789,276984619,5,0,0,30208,7,6278752291
14393,119365940,158349276,277715216,6,0,0,84992,12,5232029677
14394,119373180,193741725,313114905,9,0,1,4096,3,9167495419
14395,119406311,158449023,277855334,2,0,0,150528,12,7700249763
14396,119407680,193707248,313114928,2,0,1,5120,12,6834539780
14397,119428220,157495418,276923638,4,0,0,10240,12,3848996912
14398,119450870,158661858,278112728,0,0,0,70656,14,9272849902
14399,119455930,157321631,276777561,7,0,0,5632,9,6863285258
14400,119462481,157815691,277278172,2,0,0,36864,12,3337362097
14401,119463090,157377258,276840348,7,0,0,11264,9,854658891
14402,119465360,193649591,313114951,8,0,1,5632,12,10152142979
14403,119487020,157335845,276822865,6,0,0,57856,12,1685753938
14404,119517940,157568832,277086772,5,0,0,83968,7,5643502989
14405,119522760,158005529,277528289,3,0,0,34816,9,5920832700
14406,119544929,193576566,313121495,6,0,1,1024,12,3692346865
14407,119552070,158089012,277641082,7,0,0,29696,9,9861773751
14408,119561700,193599554,313161254,0,0,1,3072,14,1517635117
14409,119564160,157595254,277159414,3,0,0,8704,9,1756317325
14410,119609161,158766860,278376021,2,0,0,114688,12,7821036748
14411,119625540,157574264,277199804,5,0,0,36352,7,8572203848
14412,119630200,157398696,277028896,5,0,0,22528,7,3339497951
14413,119635910,158581393,278217303,1,0,0,78848,6,2219803288
14414,119646010,157409145,277055155,7,0,0,10752,9,7386184230
14415,119672470,158109174,277781644,7,0,0,1024,9,6126302448
14416,119678000,158487306,278165306,9,0,0,19968,3,1108773324
14417,119679390,157584379,277263769,1,0,0,11776,6,3926467129
14418,119687210,157957647,277644857,0,0,0,12288,14,9286836951
14419,119694550,157307056,277001606,6,0,0,1024,12,465165320
14420,119696280,158851808,278548088,7,0,0,23040,9,6393965915
14421,119696520,159070150,278766670,4,0,0,50176,12,7464678626
14422,119717689,193444231,313161920,6,0,1,1024,12,4666978953
14423,119720610,193457338,313177948,9,0,1,49664,3,8071510552
14424,119731760,158508419,278240179,1,0,0,54784,6,3409755779
14425,119740260,158136203,277876463,5,0,0,5120,7,5731250278
14426,119753080,157836960,277590040,7,0,0,67584,9,4838894423
14427,119754680,157797968,277552648,5,0,0,79872,7,10501788836
14428,119756560,159365149,279121709,8,0,0,96768,12,6879485230
14429,119764840,158110040,277874880,0,0,0,24576,14,411453147
14430,119768310,157556038,277324348,3,0,0,59904,9,3213154432
14431,119775220,157856768,277631988,5,0,0,128000,7,2287132930
14432,119785960,193711826,313497786,5,0,1,2560,7,4290004460
14433,119795280,157770362,277565642,1,0,0,34816,6,4145607492
14434,119798171,157719487,277517658,2,0,0,3072,12,6276561003
14435,119799990,157755021,277555011,7,0,0,7680,9,9534270791
14436,119806690,158121250,277927940,8,0,0,9728,12,4898709626
14437,119807129,193723798,313530927,6,0,1,23040,12,2389362863
14438,119810120,158066522,277876642,4,0,0,512,12,1252736014
14439,119818320,157914414,277732734,4,0,0,18944,12,9447873555
14440,119829990,158571326,278401316,3,0,0,82944,9,9443676526
14441,119846620,193909481,313756101,3,0,1,16896,9,4346395196
14442,119863740,157705669,277569409,3,0,0,12288,9,7792752537
14443,119877140,193927693,313804833,1,0,1,5632,6,1047680590
14444,119877620,194364306,314241926,1,0,1,22528,6,1910497785
14445,119882860,159370040,279252900,1,0,0,15872,6,8524045877
14446,119888830,158157314,278046144,5,0,0,105984,7,1005535467
14447,119894330,157829573,277723903,4,0,0,11776,12,843522210
14448,119896960,159761787,279658747,1,0,0,28672,6,9206987292
14449,119898060,159662203,279560263,3,0,0,34816,9,4001380407
14450,119902360,194339589,314241949,3,0,1,3072,9,3477805441
14451,119903100,158089022,277992122,6,0,0,146944,12,6403381790
14452,119916371,159291671,279208042,2,0,0,20992,12,3632213838
14453,119916410,157981820,277898230,5,0,0,59904,7,3170631151
14454,119926700,158232491,278159191,0,0,0,71168,14,1316754684
14455,119935590,157809838,277745428,0,0,0,12288,14,3582825621
14456,119939210,158149274,278088484,7,0,0,25088,9,1041850753
14457,119945890,194296082,314241972,3,0,1,9216,9,2476118143
14458,119963331,159841889,279805220,2,0,0,147456,12,9805982137
14459,119975490,158642938,278618428,8,0,0,68096,12,918268277
14460,119978130,194432544,314410674,0,0,1,38912,14,345792788
14461,119985790,158429947,278415737,1,0,0,1024,6,483607878
14462,119994540,157872829,277867369,3,0,0,39424,9,7172424499
14463,119998580,158929164,278927744,8,0,0,78848,12,5220638472
14464,119999170,194569610,314568780,0,0,1,7680,14,2910812199
14465,119999580,194569223,314568803,9,0,1,6144,3,5111199750
14466,120020321,158203089,278223410,2,0,0,19968,12,7935871929
14467,120033920,158380523,278414443,5,0,0,43008,7,4003349716
14468,120041900,194663676,314705576,2,0,1,18944,12,1533092738
14469,120044530,194664592,314709122,1,0,1,5632,6,8151572737
14470,120044800,194709635,314754435,9,0,1,1024,3,5975544898
14471,120070160,158096893,278167053,6,0,0,5632,12,1899253015
14472,120072480,159817415,279889895,0,0,0,45056,14,159960587
14473,120082090,194767347,314849437,1,0,1,27136,6,4830949337
14474,120089361,159879047,279968408,2,0,0,32768,12,7438369063
14475,120094550,157954612,278049162,4,0,0,9728,12,4597828091
14476,120111890,158429155,278541045,4,0,0,42496,12,9856687401
14477,120120680,194730063,314850743,1,0,1,2048,6,10670467969
14478,120122880,158006438,278129318,0,0,0,40448,14,3131777257
14479,120125290,158180844,278306134,0,0,0,19456,14,3298271678
14480,120126981,159914549,280041530,2,0,0,59904,12,4143129514
14481,120132700,157984263,278116963,6,0,0,13824,12,173564071
14482,120141329,194710720,314852049,6,0,1,2048,12,10021520109
14483,120148000,160017412,280165412,5,0,0,102400,7,8431391100
14484,120166510,194912106,315078616,5,0,1,19968,7,559455836
14485,120174100,194905080,315079180,5,0,1,10752,7,957351689
14486,120181480,158586305,278767785,0,0,0,3584,14,7601079370
14487,120187780,159264013,279451793,9,0,0,99328,3,9839070446
14488,120210750,157926726,278137476,5,0,0,26624,7,6494329677
14489,120225540,159886416,280111956,4,0,0,32256,12,4048385088
14490,120227040,158676657,278903697,8,0,0,168448,12,3296875538
14491,120239900,194930167,315170067,0,0,1,41472,14,1693067640
14492,120241560,158464898,278706458,8,0,0,22528,12,313375623
14493,120268210,195363473,315631683,2,0,1,14336,12,5796937705
14494,120268770,195414687,315683457,1,0,1,20480,6,4578404254
14495,120273230,158199626,278472856,1,0,0,13312,6,3442338131
14496,120276190,158307994,278584184,7,0,0,7168,9,4112132596
14497,120278130,195449746,315727876,2,0,1,36352,12,7218610290
14498,120280920,195456830,315737750,0,0,1,5120,14,164064265
14499,120285360,158492272,278777632,0,0,0,3584,14,6103321060
14500,120287290,195486721,315774011,3,0,1,41472,9,10654972669
14501,120298640,158999786,279298426,3,0,0,18432,9,5522305989
14502,120299320,195474714,315774034,0,0,1,7680,14,8384742364
14503,120305660,195566099,315871759,3,0,1,45568,9,2029887277
14504,120324940,159275075,279600015,7,0,0,126976,9,6454372338
14505,120346480,158181594,278528074,5,0,0,34816,7,4898090707
14506,120348400,195523382,315871782,1,0,1,23552,6,4472029696
14507,120349530,158382379,278731909,8,0,0,83456,12,5027039647
14508,120368310,195503495,315871805,1,0,1,17408,6,6644640859
14509,120389250,158660395,279049645,1,0,0,15360,6,9520264904
14510,120394490,158543885,278938375,6,0,0,34816,12,1509041182
14511,120397060,158018342,278415402,8,0,0,3072,12,2887039910
14512,120398700,195497354,315896054,5,0,1,4608,7,5176336950
14513,120400860,158736022,279136882,3,0,0,9728,9,2312629202
14514,120403990,159062692,279466682,8,0,0,15360,12,8466984411
14515,120407570,158324830,278732400,8,0,0,1536,12,10153861519
14516,120411991,158538436,278950427,2,0,0,34816,12,535408881
14517,120415890,159590002,280005892,5,0,0,116224,7,10108484048
14518,120422101,158548874,278970975,2,0,0,65536,12,6031745564
14519,120433850,159915584,280349434,6,0,0,74240,12,7167481045
14520,120435570,158185377,278620947,4,0,0,8192,12,4455293046
14521,120436140,158760148,279196288,8,0,0,18432,12,2792103159
14522,120465700,158709789,279175489,1,0,0,87040,6,5830718806
14523,120472510,159966213,280438723,4,0,0,95232,12,389487192
14524,120474830,159175135,279649965,0,0,0,7680,14,8687976868
14525,120486700,158558242,279044942,3,0,0,46080,9,6477388637
14526,120494660,158926838,279421498,5,0,0,51712,7,7985477187
14527,120499670,158906049,279405719,6,0,0,26112,12,1956730181
14528,120504850,158800592,279305442,3,0,0,10752,9,3439075868
14529,120505780,158301780,278807560,6,0,0,512,12,10663411791
14530,120507300,159333519,279840819,8,0,0,116736,12,7576614966
14531,120522360,159163398,279685758,1,0,0,88576,6,8532821916
14532,120531670,158835386,279367056,3,0,0,40448,9,8433220831
14533,120535050,158996859,279531909,5,0,0,66048,7,4339570205
14534,120538601,158801657,279340258,2,0,0,29696,12,8288974523
14535,120544340,159995094,280539434,7,0,0,15872,9,8882014769
14536,120562210,159071485,279633695,6,0,0,59392,12,10390547579
14537,120582030,158890882,279472912,4,0,0,10240,12,10357782498
14538,120609029,195287048,315896077,7,0,1,7680,9,1597865398
14539,120611220,158850736,279461956,8,0,0,33280,12,5067522805
14540,120615471,158394549,279010020,2,0,0,30208,12,246587296
14541,120624700,158866099,279490799,0,0,0,6144,14,5533506949
14542,120625630,159224907,279850537,7,0,0,31744,9,2464462092
14543,120636450,159438916,280075366,4,0,0,20480,12,3163375240
14544,120642500,158331774,278974274,5,0,0,10752,7,8488357373
14545,120666830,158543887,279210717,6,0,0,8704,12,8066749654
14546,120668270,160099152,280767422,6,0,0,105472,12,4169531314
14547,120699840,159060406,279760246,6,0,0,99840,12,265253655
14548,120702210,195193898,315896108,5,0,1,18432,7,3552161874
14549,120710110,159572925,280283035,7,0,0,71168,9,7268803629
14550,120718340,195177791,315896131,3,0,1,3584,9,4204161832
14551,120722050,158893526,279615576,0,0,0,40960,14,10715036147
14552,120732560,160144236,280876796,8,0,0,5632,12,8002469423
14553,120741540,158605948,279347488,7,0,0,2048,9,5371129440
14554,120751510,158492775,279244285,7,0,0,27648,9,8954119310
14555,120755740,158570120,279325860,5,0,0,1024,7,6045077305
14556,120759421,158888181,279647602,2,0,0,45568,12,2294723517
14557,120764841,158629782,279394623,2,0,0,14848,12,2495233028
14558,120776430,195201888,315978318,2,0,1,55296,12,8882824784
14559,120783720,158601640,279385360,5,0,0,10240,7,7967872738
14560,120788700,195200303,315989003,2,0,1,68608,12,10066208004
14561,120800320,195188706,315989026,8,0,1,33280,12,10400022336
14562,120801660,195196015,315997675,3,0,1,13824,9,7784963634
14563,120801681,159933582,280735263,2,0,0,26624,12,8261476765
14564,120805150,158795520,279600670,3,0,0,2048,9,10599667249
14565,120810710,159583070,280393780,8,0,0,55808,12,8083412313
14566,120811280,158535553,279346833,0,0,0,21504,14,2684936080
14567,120815470,160134279,280949749,5,0,0,2560,7,2501607254
14568,120817350,195183959,316001309,9,0,1,34304,3,8192782309
14569,120845660,159273183,280118843,8,0,0,22528,12,1468418244
14570,120848851,159027293,279876144,2,0,0,83968,12,31259816
14571,120849390,195151942,316001332,1,0,1,1024,6,5564735201
14572,120851570,159373534,280225104,6,0,0,1024,12,1729232220
14573,120854100,159239384,280093484,6,0,0,27648,12,2834687549
14574,120856010,160326208,281182218,6,0,0,26624,12,6443139364
14575,120867601,160185217,281052818,2,0,0,62976,12,606572967
14576,120868630,159439388,280308018,7,0,0,81920,9,8590485645
14577,120869020,160270651,281139671,7,0,0,107520,9,8049474803
14578,120869820,195185425,316055245,5,0,1,31232,7,8717443399
14579,120877170,159029775,279906945,3,0,0,34304,9,8073094872
14580,120883290,158718986,279602276,1,0,0,5120,6,2633657759
14581,120884790,195172217,316057007,1,0,1,12288,6,9864668826
14582,120884980,159613086,280498066,5,0,0,12800,7,867498221
14583,120885479,195171551,316057030,6,0,1,1024,12,8535146292
14584,120887050,158674254,279561304,5,0,0,2560,7,10092393357
14585,120903331,160077574,280980905,2,0,0,61440,12,10512957077
14586,120906500,160445253,281351753,1,0,0,33792,6,2054263603
14587,120909700,160533162,281442862,0,0,0,50688,14,3053405821
14588,120922540,159404251,280326791,7,0,0,25600,9,8500571498
14589,120927460,158764873,279692333,1,0,0,21504,6,1155369796
14590,120946170,195110883,316057053,0,0,1,17920,14,6585714640
14591,120948370,159276391,280224761,7,0,0,151552,9,5190624583
14592,120957750,159711202,280668952,6,0,0,23040,12,3727450553
14593,120991320,159073040,280064360,1,0,0,55296,6,10177727851
14594,121006030,159172532,280178562,6,0,0,1536,12,3840141945
14595,121014680,195042396,316057076,2,0,1,3584,12,7235017027
14596,121021701,158874769,279896470,2,0,0,21504,12,7813009066
14597,121023300,159338566,280361866,6,0,0,36864,12,1579228842
14598,121024720,159561447,280586167,7,0,0,12800,9,239490785
14599,121030030,160510123,281540153,3,0,0,54272,9,3071321783
14600,121032370,159413240,280445610,0,0,0,22528,14,7494685788
14601,121036129,195020970,316057099,7,0,1,4608,9,6072403806
14602,121040961,158965890,280006851,2,0,0,3072,12,4113315387
14603,121055930,159122141,280178071,0,0,0,41472,14,6266528093
14604,121073490,159187838,280261328,1,0,0,85504,6,3084847249
14605,121081510,194975612,316057122,5,0,1,4096,7,6389843883
14606,121082800,158964681,280047481,1,0,0,19456,6,10217108864
14607,121087900,158839514,279927414,6,0,0,6656,12,5496990057
14608,121090630,159636498,280727128,3,0,0,47616,9,8214506182
14609,121091891,159374848,280466739,2,0,0,1536,12,7778132924
14610,121092210,160480892,281573102,3,0,0,41984,9,6132403456
14611,121097660,159742646,280840306,7,0,0,34816,9,8460555485
14612,121109511,159009667,280119178,2,0,0,1024,12,7758106184
14613,121110660,159471584,280582244,0,0,0,47616,14,9416584139
14614,121113490,194943655,316057145,2,0,1,17408,12,10113469000
14615,121115760,159350488,280466248,0,0,0,65536,14,8019370941
14616,121125990,159106157,280232147,1,0,0,23040,6,8208419597
14617,121128079,195008251,316136330,7,0,1,5120,9,5079334544
14618,121129729,195006624,316136353,7,0,1,2048,9,6133944417
14619,121130740,159574629,280705369,8,0,0,512,12,7780911833
14620,121135380,160594026,281729406,8,0,0,57344,12,4854890440
14621,121137830,160710706,281848536,3,0,0,17920,9,9232133509
14622,121145190,159229022,280374212,0,0,0,1536,14,8182340369
14623,121158250,160255481,281413731,7,0,0,7680,9,7219751157
14624,121161260,160511472,281672732,4,0,0,120832,12,1568101762
14625,121172160,159624386,280796546,3,0,0,9216,9,1490059219
14626,121172310,159273947,280446257,1,0,0,2048,6,1385880951
14627,121174300,159526499,280700799,8,0,0,104448,12,5416701449
14628,121174390,159530800,280705190,8,0,0,14336,12,1582060852
14629,121192091,160691812,281883903,2,0,0,108544,12,572066199
14630,121202981,160208387,281411368,2,0,0,195584,12,3379629088
14631,121206960,159591793,280798753,5,0,0,7168,7,5091980084
14632,121208910,194927466,316136376,5,0,1,16384,7,9462135842
14633,121210630,159431623,280642253,4,0,0,29184,12,6425058713
14634,121214240,160945689,282159929,8,0,0,115712,12,9995168585
14635,121214780,159732450,280947230,1,0,0,32256,6,7165009612
14636,121214949,194921498,316136447,7,0,1,1024,9,8424754304
14637,121218841,159556256,280775097,2,0,0,25088,12,3826672725
14638,121221310,160865332,282086642,8,0,0,286208,12,6906036442
14639,121227210,159937646,281164856,5,0,0,21504,7,6100781790
14640,121241920,159617044,280858964,3,0,0,2560,9,8963057973
14641,121248001,160311519,281559520,2,0,0,63488,12,8298532785
14642,121268079,194868391,316136470,6,0,1,5632,12,6301776300
14643,121278510,159502234,280780744,3,0,0,18432,9,3296555324
14644,121282790,159610013,280892803,7,0,0,13824,9,10312206440
14645,121298240,160157905,281456145,6,0,0,43520,12,1232977598
14646,121314780,159843501,281158281,3,0,0,44032,9,10654459761
14647,121315710,160396201,281711911,5,0,0,128512,7,9236719444
14648,121324210,159291079,280615289,1,0,0,11264,6,6254907289
14649,121331940,159542227,280874167,7,0,0,7680,9,8377302832
14650,121352710,194783783,316136493,9,0,1,13824,3,4798666104
14651,121370090,160456248,281826338,3,0,0,16384,9,10440318199
14652,121375950,159932545,281308495,7,0,0,54272,9,6980888943
14653,121381060,194770455,316151515,5,0,1,13312,7,2306165065
14654,121381530,159763312,281144842,6,0,0,16896,12,2278315492
14655,121411110,160480616,281891726,0,0,0,25600,14,8400227293
14656,121413550,159504187,280917737,6,0,0,20480,12,7569474426
14657,121416480,194796128,316212608,0,0,1,31232,14,279149369
14658,121421500,159284828,280706328,6,0,0,3072,12,10317205973
14659,121427000,195351232,316778232,1,0,1,33792,6,9515645740
14660,121441630,160683012,282124642,3,0,0,26112,9,1183660546
14661,121445860,159347855,280793715,8,0,0,42496,12,7396353858
14662,121450560,159890874,281341434,6,0,0,108032,12,8134325411
14663,121451149,195334321,316785470,7,0,1,6144,9,4166820765
14664,121457200,160033202,281490402,3,0,0,69632,9,3187282995
14665,121458280,160514560,281972840,3,0,0,129536,9,1493026991
14666,121472581,159701502,281174083,2,0,0,30208,12,5653928230
14667,121478180,195307313,316785493,9,0,1,9216,3,7277040569
14668,121484420,195368589,316853009,0,0,1,12800,14,8639988420
14669,121492970,160784111,282277081,5,0,0,11776,7,1353673201
14670,121493200,160137318,281630518,7,0,0,75776,9,5277804258
14671,121498520,159731874,281230394,1,0,0,1536,6,4482210776
14672,121499269,195356326,316855595,6,0,1,4096,12,311097015
14673,121503060,159449316,280952376,6,0,0,4608,12,3856015722
14674,121520390,159947322,281467712,3,0,0,37888,9,762388740
14675,121526720,195479600,317006320,5,0,1,29184,7,8822578569
14676,121533990,195472353,317006343,8,0,1,4096,12,4202892515
14677,121553540,160738967,282292507,8,0,0,29184,12,6265341173
14678,121564530,195496618,317061148,0,0,1,29696,14,1031831476
14679,121570210,160272843,281843053,6,0,0,54784,12,10632518542
14680,121579670,160624944,282204614,4,0,0,52736,12,9102762923
14681,121591060,159823341,281414401,8,0,0,2048,12,6821788104
14682,121593710,195499428,317093138,2,0,1,8704,12,1602708831
14683,121602381,159476759,281079140,2,0,0,2048,12,8410932280
14684,121608850,160856148,282464998,8,0,0,25088,12,8654179790
14685,121613830,159417434,281031264,5,0,0,9216,7,6558031711
14686,121619430,160828946,282448376,5,0,0,64512,7,2898693917
14687,121626090,160595043,282221133,7,0,0,18944,9,7979261722
14688,121641270,160451479,282092749,8,0,0,19968,12,2140700659
14689,121641950,159867593,281509543,1,0,0,1536,6,9356473690
14690,121656531,160666747,282323278,2,0,0,49664,12,749223931
14691,121665010,159762385,281427395,0,0,0,27136,14,2465076278
14692,121668590,195426494,317095084,9,0,1,3072,3,8043870927
14693,121669870,159824151,281494021,5,0,0,11776,7,9324727122
14694,121670000,160946607,282616607,8,0,0,3072,12,8083293610
14695,121689290,160681016,282370306,4,0,0,26624,12,7402943652
14696,121693860,160861036,282554896,3,0,0,92160,9,3187297847
14697,121715040,159781344,281496384,4,0,0,7680,12,769499025
14698,121720270,160468253,282188523,3,0,0,67072,9,190618712
14699,121721290,160856944,282578234,1,0,0,9728,6,10126779178
14700,121721380,159747775,281469155,6,0,0,4608,12,2972498514
14701,121738320,160378343,282116663,5,0,0,58880,7,8670148922
14702,121757190,160516280,282273470,4,0,0,131584,12,10441760060
14703,121757690,159661414,281419104,9,0,0,15360,3,6123643750
14704,121762390,161038462,282800852,1,0,0,406528,6,10136189727
14705,121768280,160457088,282225368,4,0,0,13824,12,163336303
14706,121769590,161113635,282883225,3,0,0,163328,9,3721989354
14707,121786620,161124294,282910914,4,0,0,41984,12,9621569008
14708,121791620,160028915,281820535,4,0,0,11264,12,6386672241
14709,121798070,161035368,282833438,8,0,0,23552,12,1610064952
14710,121798670,161019232,282817902,6,0,0,55808,12,5933542577
14711,121802460,160412870,282215330,7,0,0,11264,9,2284664096
14712,121814851,160481134,282295985,2,0,0,11264,12,2653126017
14713,121815621,160164730,281980351,2,0,0,24576,12,10218945119
14714,121828549,195309159,317137708,7,0,1,7680,9,4447935651
14715,121828789,195308942,317137731,6,0,1,1024,12,834468941
14716,121837210,195300544,317137754,5,0,1,13312,7,3993543097
14717,121849470,160144891,281994361,0,0,0,26112,14,9880371055
14718,121866950,195458930,317325880,1,0,1,33280,6,6247509373
14719,121876360,160291704,282168064,4,0,0,26624,12,8963086190
14720,121876690,195450918,317327608,0,0,1,25088,14,10254594121
14721,121884221,160707106,282591327,2,0,0,19968,12,10456832283
14722,121887839,195442355,317330194,7,0,1,4096,9,4647705323
14723,121896760,195588996,317485756,9,0,1,16896,3,10162595515
14724,121898910,160309034,282207944,3,0,0,8704,9,6545234606
14725,121901919,195618590,317520509,8,0,1,14848,12,10326002272
14726,121928380,160276881,282205261,0,0,0,2048,14,6411943186
14727,121928910,161022477,282951387,4,0,0,52736,12,5341756276
14728,121935290,161036088,282971378,4,0,0,65536,12,10006066372
14729,121952600,159980749,281933349,4,0,0,32768,12,5813128476
14730,121957690,160324585,282282275,7,0,0,16896,9,2954084255
14731,121962230,160136470,282098700,3,0,0,19456,9,8347472647
14732,121967450,161020588,282988038,8,0,0,43520,12,9280672817
14733,121977810,161114256,283092066,3,0,0,70656,9,4762049652
14734,121985080,160950193,282935273,7,0,0,79872,9,5027319870
14735,121989300,160244047,282233347,7,0,0,26112,9,440717508
14736,121994820,160288772,282283592,1,0,0,4096,6,5103737264
14737,121999990,161682706,283682696,0,0,0,44032,14,102404839
14738,122008280,161049881,283058161,6,0,0,33792,12,10115095867
14739,122010230,160201645,282211875,3,0,0,12800,9,1113674592
14740,122010460,161865854,283876314,4,0,0,41984,12,504736490
14741,122018140,160320304,282338444,6,0,0,45568,12,9098723075
14742,122039710,160786529,282826239,8,0,0,17920,12,6258388990
14743,122047340,195579821,317627161,5,0,1,15360,7,1894948712
14744,122048510,162117618,284166128,1,0,0,368128,6,4058414175
14745,122059990,161115308,283175298,6,0,0,59904,12,2456409843
14746,122066130,195562481,317628611,2,0,1,14848,12,8662438387
14747,122083030,195592972,317676002,9,0,1,1536,3,10483774911
14748,122114150,160442329,282556479,3,0,0,5120,9,3153752129
14749,122115841,161226627,283342468,2,0,0,29184,12,5069870604
14750,122132879,195558058,317690937,6,0,1,19968,12,6910214057
14751,122140160,161417705,283557865,1,0,0,51712,6,7470211909
14752,122143899,195589921,317733820,7,0,1,22016,9,9935100864
14753,122156540,161144840,283301380,5,0,0,45568,7,8500858380
14754,122168220,161090599,283258819,8,0,0,12288,12,4186151576
14755,122169940,162070825,284240765,0,0,0,10752,14,8846258935
14756,122185681,160264278,282449959,2,0,0,5120,12,9663797902
14757,122187540,161229871,283417411,0,0,0,13824,14,6230710130
14758,122204540,161283035,283487575,6,0,0,36864,12,390240805
14759,122243410,160577346,282820756,8,0,0,9216,12,2765660608
14760,122262211,160759891,283022102,2,0,0,5120,12,4747378457
14761,122294170,160753672,283047842,8,0,0,29696,12,7616534708
14762,122304600,161497286,283801886,0,0,0,53248,14,1336578650
14763,122306850,162025240,284332090,6,0,0,4096,12,66245340
14764,122321170,161327393,283648563,5,0,0,36864,7,5242007168
14765,122324080,195419322,317743402,3,0,1,6656,9,9823187094
14766,122328730,160828293,283157023,1,0,0,10752,6,7025550369
14767,122342909,195471552,317814461,6,0,1,22016,12,9663800547
14768,122356860,161280448,283637308,1,0,0,31744,6,8967964761
14769,122359360,160273350,282632710,4,0,0,19456,12,4847923947
14770,122364869,195449623,317814492,6,0,1,5120,12,675712512
14771,122371679,195442836,317814515,7,0,1,5632,9,8744669999
14772,122384700,160513391,282898091,3,0,0,48640,9,712490824
14773,122399450,195415088,317814538,9,0,1,2560,3,5769204578
14774,122403270,161086512,283489782,4,0,0,7168,12,1450020398
14775,122405450,160748274,283153724,1,0,0,33280,6,7123801203
14776,122413550,161062770,283476320,4,0,0,86016,12,5206158008
14777,122417660,195462007,317879667,5,0,1,5120,7,1698422724
14778,122420390,195608343,318028733,3,0,1,26624,9,4892065752
14779,122430490,161433009,283863499,3,0,0,71680,9,10362078540
14780,122433620,195663104,318096724,3,0,1,29696,9,7170288367
14781,122437920,160893098,283331018,8,0,0,34304,12,2635881058
14782,122455400,160858327,283313727,3,0,0,40448,9,670642139
14783,122457000,195779987,318236987,9,0,1,47104,3,5356732371
14784,122468460,160506271,282974731,3,0,0,10752,9,5612309951
14785,122470551,160710706,283181257,2,0,0,19456,12,4123432312
14786,122477450,195759560,318237010,5,0,1,5632,7,6541076518
14787,122488200,160629929,283118129,1,0,0,12800,6,7533195800
14788,122492071,161459012,283951083,2,0,0,48128,12,2626874742
14789,122502310,160998179,283500489,8,0,0,11264,12,6893577657
14790,122506120,161864976,284371096,0,0,0,60416,14,10179919718
14791,122532730,160880446,283413176,0,0,0,55808,14,4488053117
14792,122551600,161372035,283923635,1,0,0,26112,6,9762283093
14793,122556130,161897048,284453178,7,0,0,31232,9,9130779341
14794,122564970,160711424,283276394,6,0,0,46592,12,4725907868
14795,122574980,161674076,284249056,6,0,0,27136,12,2425232153
14796,122578510,161470115,284048625,0,0,0,74752,14,6187686702
14797,122597480,195639553,318237033,1,0,1,512,6,7465629526
14798,122610900,195626156,318237056,9,0,1,3584,3,6888051434
14799,122613380,195623699,318237079,3,0,1,6656,9,1808425218
14800,122629850,195607252,318237102,9,0,1,3072,3,745317509
14801,122650020,160769286,283419306,0,0,0,6144,14,5474104419
14802,122652279,195587989,318240268,7,0,1,4608,9,4071975343
14803,122655580,161062164,283717744,1,0,0,32256,6,1871043936
14804,122655660,161581806,284237466,5,0,0,205312,7,4092308858
14805,122664390,195589378,318253768,9,0,1,12800,3,9360264276
14806,122672070,161239202,283911272,0,0,0,44544,14,4522742461
14807,122687180,160590641,283277821,7,0,0,4608,9,1605329141
14808,122688040,160674446,283362486,6,0,0,33280,12,8892194578
14809,122688670,161921334,284610004,3,0,0,353280,9,8791322839
14810,122699940,160842146,283542086,3,0,0,18432,9,3262501413
14811,122713489,195558295,318271784,6,0,1,9216,12,1797317373
14812,122717380,161611842,284329222,4,0,0,46080,12,7789641
14813,122724270,161569448,284293718,8,0,0,123904,12,4687128944
14814,122727640,160972179,283699819,6,0,0,18432,12,3277170307
14815,122730340,161713299,284443639,7,0,0,89088,9,7149501304
14816,122741020,195556898,318297918,1,0,1,512,6,6143041526
14817,122745440,162065900,284811340,8,0,0,79360,12,6215108061
14818,122745500,161994191,284739691,7,0,0,47104,9,3009345939
14819,122746430,161930278,284676708,7,0,0,25600,9,6550631916
14820,122752920,161015937,283768857,0,0,0,2560,14,5588283348
14821,122760900,161651263,284412163,3,0,0,96256,9,4662269349
14822,122763441,161873886,284637327,2,0,0,89600,12,8599480443
14823,122768230,160882228,283650458,8,0,0,6144,12,3339667149
14824,122771579,195586978,318358557,7,0,1,22528,9,7492172084
14825,122776521,161880797,284657318,2,0,0,65536,12,4799711205
14826,122781140,195736210,318517350,9,0,1,3584,3,3028990890
14827,122800260,161968105,284768365,4,0,0,29696,12,6464883499
14828,122801180,162332218,285133398,1,0,0,75264,6,1280687075
14829,122811500,161240790,284052290,7,0,0,9728,9,7736094771
14830,122822370,162213105,285035475,0,0,0,165376,14,6408780524
14831,122827870,196047714,318875584,2,0,1,29184,12,4749423347
14832,122844870,162362968,285207838,5,0,0,52736,7,4640785851
14833,122848150,161087742,283935892,5,0,0,17408,7,4379124663
14834,122850410,161975773,284826183,4,0,0,48640,12,5144754242
14835,122887840,161951782,284839622,0,0,0,44032,14,10443747630
14836,122896390,162353154,285249544,0,0,0,94208,14,8052614844
14837,122906930,161267957,284174887,8,0,0,28672,12,7888524496
14838,122907509,196087566,318995075,6,0,1,20480,12,8042135266
14839,122932350,161943460,284875810,0,0,0,31744,14,8017034186
14840,122938580,196195176,319133756,3,0,1,9728,9,7813245826
14841,122973890,196483466,319457356,8,0,1,76800,12,9644383360
14842,122978970,162461298,285440268,7,0,0,87040,9,1439038459
14843,122989610,196531657,319521267,5,0,1,12288,7,3692342671
14844,123014320,161287689,284302009,3,0,0,27136,9,922983777
14845,123016360,161297684,284314044,8,0,0,39424,12,10344333365
14846,123029340,161226603,284255943,0,0,0,22528,14,3901204137
14847,123038839,196482774,319521613,6,0,1,512,12,3282241917
14848,123047450,161895302,284942752,5,0,0,18432,7,6332311289
14849,123054060,162486891,285540951,8,0,0,13824,12,3716155691
14850,123073440,161241719,284315159,5,0,0,3584,7,8206133754
14851,123074350,161264325,284338675,4,0,0,16384,12,1577972548
14852,123082520,162095118,285177638,5,0,0,12800,7,8551060622
14853,123082700,196470530,319553230,9,0,1,15360,3,4762212356
14854,123083280,196500925,319584205,2,0,1,8704,12,5957020880
14855,123084800,161378541,284463341,1,0,0,33280,6,610347920
14856,123087230,196496998,319584228,2,0,1,12288,12,8184885198
14857,123090610,161578275,284668885,1,0,0,37888,6,8208469794
14858,123096840,196601835,319698675,2,0,1,8704,12,7840058573
14859,123097360,162295750,285393110,7,0,0,66048,9,9581722314
14860,123102830,161937535,285040365,9,0,0,9728,3,8771833841
14861,123153850,161890750,285044600,1,0,0,13824,6,6452660128
14862,123162960,162800365,285963325,3,0,0,107008,9,2949379238
14863,123178980,196519718,319698698,1,0,1,9216,6,606896827
14864,123190801,162631980,285822781,2,0,0,228864,12,1255823100
14865,123191770,161981945,285173715,4,0,0,38400,12,8723820321
14866,123198170,161963822,285161992,8,0,0,69120,12,6322030521
14867,123200750,162085845,285286595,3,0,0,62464,9,2575837200
14868,123216850,162889577,286106427,8,0,0,19456,12,779091007
14869,123236700,161519607,284756307,3,0,0,31744,9,3976062432
14870,123240380,162785570,286025950,7,0,0,7168,9,9014163530
14871,123242101,162048105,285290206,2,0,0,11776,12,10247928181
14872,123242250,161742814,284985064,7,0,0,66560,9,5232629516
14873,123242830,162606361,285849191,5,0,0,53760,7,1427285693
14874,123248520,161936005,285184525,0,0,0,22528,14,7170068167
14875,123267070,161770308,285037378,1,0,0,6144,6,7084192284
14876,123269070,162381524,285650594,5,0,0,127488,7,7821007100
14877,123269650,162868029,286137679,9,0,0,62976,3,7215508160
14878,123277810,161481484,284759294,5,0,0,9728,7,7197381707
14879,123282619,196631070,319913689,4,0,1,31232,12,9126780752
14880,123290080,161785743,285075823,9,0,0,102400,3,121567504
14881,123300350,196792136,320092486,9,0,1,19456,3,6665008590
14882,123325400,162947296,286272696,3,0,0,20992,9,3921159500
14883,123326300,162996428,286322728,5,0,0,65536,7,8551600064
14884,123330420,162600278,285930698,3,0,0,66560,9,8442149570
14885,123347449,197028928,320376377,7,0,1,19968,9,1227826461
14886,123352710,162671033,286023743,1,0,0,61952,6,6143825400
14887,123356700,163080001,286436701,7,0,0,40448,9,7345633074
14888,123362090,161858727,285220817,9,0,0,42496,3,2244736503
14889,123394310,162071634,285465944,8,0,0,31744,12,8606742432
14890,123396630,162482473,285879103,9,0,0,6144,3,2780765219
14891,123405270,161735639,285140909,8,0,0,24576,12,8497778562
14892,123413781,163150070,286563851,2,0,0,25600,12,311943207
14893,123421380,161664310,285085690,0,0,0,32256,14,7666719942
14894,123443310,196942254,320385564,9,0,1,20480,3,7062862715
14895,123445260,161746487,285191747,0,0,0,19968,14,487649477
14896,123464150,161949575,285413725,1,0,0,67584,6,1882801390
14897,123469290,162398232,285867522,1,0,0,31232,6,44720236
14898,123469450,196966172,320435622,5,0,1,8192,7,10134912593
14899,123488890,196946755,320435645,0,0,1,3584,14,10474311553
14900,123530000,196905668,320435668,5,0,1,1536,7,7423391949
14901,123554710,161893092,285447802,5,0,0,12800,7,5390568815
14902,123560329,196875362,320435691,7,0,1,2048,9,5353356230
14903,123563330,196879271,320442601,8,0,1,6656,12,6852624060
14904,123585610,161949523,285535133,8,0,0,90624,12,2683988504
14905,123603340,196839284,320442624,8,0,1,12288,12,7186111474
14906,123607040,162047789,285654829,4,0,0,13824,12,8361331972
14907,123626380,161953496,285579876,9,0,0,63488,3,261900815
14908,123627400,163230244,286857644,1,0,0,73728,6,6819457762
14909,123631660,163161670,286793330,3,0,0,65536,9,239165372
14910,123634389,196902659,320537048,4,0,1,29696,12,8942357134
14911,123665670,196967934,320633604,0,0,1,36864,14,2572052702
14912,123667661,161922280,285589941,2,0,0,3584,12,7706216344
14913,123679820,196954789,320634609,9,0,1,5120,3,3011798947
14914,123684900,161758979,285443879,5,0,0,11776,7,10032734048
14915,123685240,162036650,285721890,1,0,0,29184,6,4981612403
14916,123690300,161846416,285536716,9,0,0,5120,3,9596175865
14917,123691120,162558419,286249539,3,0,0,328192,9,7637980056
14918,123692431,162140357,285832788,2,0,0,32768,12,1809434495
14919,123693560,162594314,286287874,5,0,0,23552,7,2782190533
14920,123698700,163261171,286959871,3,0,0,73728,9,6693669718
14921,123701120,163540298,287241418,3,0,0,37888,9,6411117301
14922,123703880,163274913,286978793,5,0,0,43008,7,6279663331
14923,123709790,163357314,287067104,4,0,0,8192,12,1660621903
14924,123719521,162313316,286032837,2,0,0,22528,12,700308327
14925,123723900,162185394,285909294,4,0,0,8704,12,8606812067
14926,123726930,162277914,286004844,0,0,0,136192,14,7207115775
14927,123752150,162127600,285879750,8,0,0,2048,12,9405808072
14928,123758520,162275128,286033648,1,0,0,2560,6,2431441409
14929,123762630,162105383,285868013,1,0,0,1536,6,8238557681
14930,123767751,162643164,286410915,2,0,0,38912,12,8055908004
14931,123770930,196979913,320750843,2,0,1,3584,12,1650049634
14932,123786701,162282915,286069616,2,0,0,12288,12,528437883
14933,123788370,162477884,286266254,6,0,0,54784,12,522967535
14934,123789040,162710129,286499169,4,0,0,50176,12,556527279
14935,123802520,162803259,286605779,3,0,0,107008,9,2559803984
14936,123807780,162472895,286280675,6,0,0,26112,12,9556784807
14937,123808810,164409554,288218364,7,0,0,59904,9,9630200793
14938,123817021,162522422,286339443,2,0,0,54784,12,3001586334
14939,123829370,163055285,286884655,0,0,0,88576,14,3636642404
14940,123837170,162214957,286052127,4,0,0,2560,12,8216185668
14941,123837500,163501635,287339135,1,0,0,84992,6,5543185822
14942,123840960,162583394,286424354,1,0,0,44032,6,6143892844
14943,123844810,162990347,286835157,6,0,0,81920,12,5897694407
14944,123854510,196994593,320849103,5,0,1,38400,7,2709984552
14945,123887760,162769829,286657589,6,0,0,44032,12,5712944105
14946,123889850,197064071,320953921,2,0,1,5120,12,10167528609
14947,123892590,162475731,286368321,3,0,0,24576,9,197531449
14948,123894790,162913227,286808017,0,0,0,48128,14,10611587756
14949,123898239,197118015,321016254,4,0,1,8704,12,3790507218
14950,123898541,162391876,286290417,2,0,0,8192,12,8588883109
14951,123898570,162568241,286466811,8,0,0,24064,12,747553097
14952,123902940,162535188,286438128,0,0,0,4608,14,7417570270
14953,123907970,197119949,321027919,8,0,1,8192,12,2238315270
14954,123915470,197113755,321029225,2,0,1,2048,12,7827859403
14955,123929410,197236116,321165526,5,0,1,28160,7,8684196126
14956,123932600,162726104,286658704,0,0,0,3584,14,6244264870
14957,123937710,163098264,287035974,6,0,0,60416,12,9707543780
14958,123941211,163565315,287506526,2,0,0,290816,12,1751640139
14959,123941420,162719784,286661204,1,0,0,1024,6,8003303714
14960,123949240,163050492,286999732,0,0,0,63488,14,6093204938
14961,123949460,162779163,286728623,6,0,0,82432,12,6794024496
14962,123951121,164445785,288396906,2,0,0,65024,12,421015565
14963,123951850,197278863,321230713,5,0,1,41472,7,4893653919
14964,123963910,164586453,288550363,1,0,0,13312,6,1048970291
14965,123975150,162931997,286907147,4,0,0,10752,12,4241441098
14966,123978570,163292690,287271260,8,0,0,97792,12,834645125
14967,123980490,162776975,286757465,8,0,0,34816,12,2575074131
14968,124000130,197295405,321295535,3,0,1,3584,9,3534573196
14969,124015980,162921404,286937384,1,0,0,35328,6,6847792242
14970,124016430,197324877,321341307,5,0,1,33792,7,556419303
14971,124025050,163288166,287313216,3,0,0,62464,9,2914174668
14972,124025129,197419374,321444503,4,0,1,7168,12,10244489967
14973,124027360,163017685,287045045,1,0,0,29696,6,9094514801
14974,124027650,162898947,286926597,4,0,0,31232,12,10386525039
14975,124035360,162851510,286886870,3,0,0,7168,9,8947453631
14976,124044980,164647427,288692407,7,0,0,98816,9,9783340069
14977,124067350,162898316,286965666,4,0,0,18944,12,4908310949
14978,124070509,197566195,321636704,6,0,1,15360,12,3832038871
14979,124071820,163046910,287118730,5,0,0,79872,7,2593521644
14980,124090240,197949163,322039403,3,0,1,14336,9,7855609551
14981,124096790,198041380,322138170,2,0,1,22016,12,6536737183
14982,124099101,162963999,287063100,2,0,0,7168,12,2531725571
14983,124100971,163039403,287140374,2,0,0,2560,12,10355535886
14984,124121110,198074614,322195724,9,0,1,13312,3,7345638675
14985,124135890,164716328,288852218,0,0,0,126976,14,9720461223
14986,124148930,162944855,287093785,8,0,0,17408,12,6613324968
14987,124174390,163173215,287347605,1,0,0,24064,6,9509967964
14988,124176100,163226054,287402154,8,0,0,78848,12,3429613348
14989,124179940,162943649,287123589,0,0,0,15872,14,8153371207
14990,124182850,164796764,288979614,7,0,0,40448,9,9961031699
14991,124186210,163341110,287527320,5,0,0,44544,7,3303799190
14992,124193371,163100790,287294161,2,0,0,35840,12,1693213507
14993,124198290,163141960,287340250,6,0,0,3584,12,6964924787
14994,124200550,198094908,322295458,9,0,1,33280,3,6019030758
14995,124212020,198083557,322295577,5,0,1,15872,7,2999280401
14996,124227100,163455586,287682686,6,0,0,9728,12,5396085049
14997,124231990,163281735,287513725,8,0,0,23552,12,1903859168
14998,124232050,163363124,287595174,7,0,0,114688,9,8290555562
14999,124232500,198079313,322311813,3,0,1,3072,9,9550587337
15000,124238760,163401723,287640483,1,0,0,78336,6,8072632485
15001,124240020,198121035,322361055,2,0,1,16384,12,7101566024
15002,124248770,163501573,287750343,4,0,0,7168,12,8752743768
15003,124252849,198126972,322379821,6,0,1,7168,12,6806157636
15004,124263380,163638559,287901939,8,0,0,30208,12,4241433888
15005,124267280,163480856,287748136,3,0,0,150528,9,10454124173
15006,124270920,163345672,287616592,4,0,0,66048,12,6106104442
15007,124290420,163361950,287652370,8,0,0,38912,12,2369692653
15008,124325269,198054575,322379844,7,0,1,1536,9,8158079476
15009,124342140,163186919,287529059,1,0,0,5632,6,7270706330
15010,124343780,198036087,322379867,9,0,1,31232,3,1296040610
15011,124348480,163792643,288141123,9,0,0,21504,3,8101342516
15012,124350380,163492119,287842499,4,0,0,29696,12,2701913534
15013,124354130,163876425,288230555,1,0,0,39936,6,7986359325
15014,124355130,163241315,287596445,6,0,0,4096,12,3442132735
15015,124357930,163414235,287772165,4,0,0,47104,12,6699944914
15016,124364210,163408945,287773155,8,0,0,3072,12,9538543113
15017,124378660,163711283,288089943,0,0,0,14848,14,9016675388
15018,124380440,163272444,287652884,3,0,0,1536,9,701851421
15019,124382050,163375717,287757767,0,0,0,24064,14,1182735730
15020,124394420,163273782,287668202,7,0,0,32768,9,10505076519
15021,124397560,164035091,288432651,6,0,0,38400,12,1158906181
15022,124404129,197975761,322379890,7,0,1,2048,9,5410778469
15023,124406050,163764779,288170829,0,0,0,27136,14,1887535965
15024,124408890,163576924,287985814,5,0,0,35328,7,8073983638
15025,124415620,165385593,289801213,9,0,0,260096,3,9280579329
15026,124435280,164943245,289378525,9,0,0,74752,3,6978985771
15027,124448150,163789144,288237294,9,0,0,22016,3,5509453449
15028,124467110,198366599,322833709,5,0,1,58880,7,5444811885
15029,124468590,164702166,289170756,0,0,0,112128,14,6809876102
15030,124469540,165055223,289524763,4,0,0,200704,12,8492805867
15031,124474409,198359761,322834170,7,0,1,10240,9,1478119943
15032,124477640,198427581,322905221,8,0,1,4096,12,5955360850
15033,124483040,164329187,288812227,7,0,0,59904,9,5501610681
15034,124486990,163541731,288028721,1,0,0,27648,6,5401788567
15035,124501040,163375268,287876308,1,0,0,45056,6,5115844984
15036,124501760,164749990,289251750,5,0,0,49152,7,2672486691
15037,124505090,163649345,288154435,0,0,0,24576,14,2736920460
15038,124519190,164805737,289324927,8,0,0,29696,12,2733752665
15039,124524450,164428689,288953139,0,0,0,93696,14,6633554395
15040,124526150,198379094,322905244,8,0,1,1536,12,2446023013
15041,124534970,164000995,288535965,5,0,0,149504,7,10594413155
15042,124536170,164540959,289077129,9,0,0,111104,3,9024567029
15043,124553910,163349612,287903522,9,0,0,5120,3,8051229131
15044,124556260,163706117,288262377,7,0,0,15872,9,6792422926
15045,124563650,163791072,288354722,9,0,0,135168,3,1415553492
15046,124567070,164452137,289019207,0,0,0,80384,14,9744300165
15047,124579761,165319024,289898785,2,0,0,114176,12,7633104593
15048,124583780,163903369,288487149,3,0,0,23040,9,1992852157
15049,124585250,164006269,288591519,7,0,0,33280,9,1688323585
15050,124590040,164306826,288896866,3,0,0,43008,9,3530075338
15051,124594640,198479870,323074510,0,0,1,35840,14,3433371072
15052,124595510,163964203,288559713,8,0,0,5632,12,10549027387
15053,124600279,198475221,323075500,7,0,1,4608,9,5442222085
15054,124612800,163933484,288546284,9,0,0,33792,3,1483251148
15055,124621240,198928995,323550235,3,0,1,40448,9,6298904495
15056,124649500,165374130,290023630,5,0,0,26624,7,7723928332
15057,124660959,199416276,324077235,6,0,1,120832,12,4220561385
15058,124670790,164071149,288741939,7,0,0,43008,9,9693778208
15059,124682050,164200524,288882574,4,0,0,24576,12,10217042908
15060,124682430,199478786,324161216,5,0,1,1536,7,2793170853
15061,124684990,164189894,288874884,4,0,0,32256,12,9192846675
15062,124692689,199468550,324161239,7,0,1,3072,9,5525830564
15063,124704950,199456312,324161262,9,0,1,4608,3,956435788
15064,124707480,165457708,290165188,1,0,0,71680,6,2303282490
15065,124721900,164387473,289109373,4,0,0,79872,12,10254028707
15066,124726529,199521394,324247923,7,0,1,34816,9,2448802538
15067,124728220,164236471,288964691,7,0,0,17408,9,9563887500
15068,124790640,164294358,289084998,6,0,0,25600,12,4588151748
15069,124796120,164509105,289305225,9,0,0,46080,3,228907833
15070,124800500,164113412,288913912,1,0,0,2048,6,4424983998
15071,124801570,164241684,289043254,3,0,0,78848,9,9844054421
15072,124803860,164153665,288957525,6,0,0,6144,12,7884024150
15073,124809280,164055753,288865033,0,0,0,41984,14,9796663810
15074,124811600,164515557,289327157,3,0,0,4608,9,2351861141
15075,124815360,199478171,324293531,8,0,1,10240,12,6386374085
15076,124815379,199479778,324295157,7,0,1,2560,9,7304441268
15077,124828630,164506662,289335292,8,0,0,26624,12,7018010812
15078,124833450,164041613,288875063,1,0,0,512,6,9640524205
15079,124833749,199466234,324299983,7,0,1,7680,9,9687635898
15080,124840450,165529680,290370130,9,0,0,72704,3,7764383446
15081,124845110,164749957,289595067,7,0,0,56320,9,415512388
15082,124872710,165616286,290488996,1,0,0,28160,6,1027939313
15083,124879120,164312651,289191771,9,0,0,32768,3,6020488249
15084,124886450,165863456,290749906,4,0,0,172544,12,147500827
15085,124891010,164725920,289616930,8,0,0,71680,12,5578589289
15086,124897401,164418455,289315856,2,0,0,34816,12,2693558425
15087,124897850,164378822,289276672,6,0,0,20992,12,10566875969
15088,124906570,164306657,289213227,9,0,0,12288,3,95408323
15089,124911870,164413860,289325730,8,0,0,2560,12,5810577245
15090,124915670,165312889,290228559,4,0,0,15872,12,124222259
15091,124920290,165326544,290246834,3,0,0,59904,9,5915960921
15092,124925591,164514070,289439661,2,0,0,512,12,7036489963
15093,124927360,164915060,289842420,3,0,0,135168,9,3044094731
15094,124929140,164612568,289541708,4,0,0,8192,12,10594249741
15095,124955190,199590523,324545713,0,0,1,46592,14,6228042436
15096,124955890,164465548,289421438,3,0,0,16896,9,5566455061
15097,124960800,164600619,289561419,6,0,0,15872,12,10427732699
15098,124982480,164433787,289416267,3,0,0,36352,9,6531126566
15099,124983900,199623961,324607861,3,0,1,26624,9,644356979
15100,124992969,199614915,324607884,4,0,1,2560,12,8519568050
15101,124997630,164434501,289432131,6,0,0,12800,12,5837736745
15102,124998880,164713211,289712091,8,0,0,117760,12,10088031705
15103,125008330,164713612,289721942,1,0,0,32256,6,551016026
15104,125008640,164545677,289554317,3,0,0,36352,9,7301525092
15105,125010180,165388544,290398724,3,0,0,48128,9,5192893745
15106,125022020,199598078,324620098,8,0,1,13312,12,9335316866
15107,125033090,199680030,324713120,1,0,1,512,6,3787532583
15108,125045921,164493268,289539189,2,0,0,5120,12,3872032631
15109,125049030,164890845,289939875,9,0,0,30720,3,3349391292
15110,125062300,165958205,291020505,8,0,0,378368,12,6381421332
15111,125063130,165475832,290538962,9,0,0,19968,3,2256503781
15112,125070530,165153170,290223700,3,0,0,102400,9,9746299037
15113,125085281,164963893,290049174,2,0,0,4608,12,8435980507
15114,125088860,164438757,289527617,6,0,0,9216,12,4039891200
15115,125090930,164812402,289903332,6,0,0,14848,12,4162641685
15116,125094840,164890283,289985123,6,0,0,5120,12,3985882778
15117,125097700,165286337,290384037,3,0,0,45568,9,3612763043
15118,125111980,165299871,290411851,7,0,0,43008,9,8752861281
15119,125113420,166049875,291163295,0,0,0,158720,14,330799012
15120,125113430,165736027,290849457,6,0,0,326656,12,10519176565
15121,125127200,199585943,324713143,0,0,1,9728,14,4408423800
15122,125138170,165747602,290885772,4,0,0,35328,12,4664190541
15123,125152850,164698352,289851202,5,0,0,15872,7,4777388058
15124,125157950,165474058,290632008,9,0,0,129536,3,4170320711
15125,125162241,164684102,289846343,2,0,0,12800,12,5980644397
15126,125194061,165271565,290465626,2,0,0,63488,12,8654544400
15127,125216130,165870937,291087067,0,0,0,167936,14,1921106623
15128,125222220,165678019,290900239,3,0,0,12800,9,1797985023
15129,125225309,199487857,324713166,7,0,1,2560,9,1104065333
15130,125227420,165972034,291199454,9,0,0,91648,3,10172353641
15131,125230660,165437095,290667755,0,0,0,117248,14,4777162673
15132,125235530,165084073,290319603,0,0,0,39936,14,5309516733
15133,125237441,165295414,290532855,2,0,0,40448,12,3295159143
15134,125241360,165653639,290894999,9,0,0,30208,3,5677312110
15135,125244280,165617079,290861359,1,0,0,14336,6,9276260713
15136,125252300,165604668,290856968,9,0,0,24576,3,10628503631
15137,125253700,166008127,291261827,3,0,0,7168,9,305838100
15138,125275760,165271181,290546941,8,0,0,26112,12,6496373782
15139,125278299,199507320,324785619,6,0,1,11776,12,3492880139
15140,125282630,165832274,291114904,5,0,0,28160,7,4520848455
15141,125288860,165744202,291033062,9,0,0,10240,3,2469066594
15142,125314410,165556488,290870898,5,0,0,31232,7,2396888576
15143,125331941,165697978,291029919,2,0,0,20992,12,648716538
15144,125344750,165761551,291106301,5,0,0,62976,7,5176173327
15145,125369170,166168971,291538141,5,0,0,47104,7,8917323722
15146,125387780,165487197,290874977,0,0,0,13312,14,7062418859
15147,125392640,199393002,324785642,9,0,1,512,3,5705680130
15148,125392760,165080845,290473605,3,0,0,26112,9,1656307337
15149,125403810,164942021,290345831,8,0,0,2048,12,9913200532
15150,125408921,165496277,290905198,2,0,0,15872,12,2611153851
15151,125450200,199335465,324785665,5,0,1,20480,7,2850501369
15152,125450710,166251421,291702131,4,0,0,146944,12,3630822439
15153,125466071,165755113,291221184,2,0,0,40448,12,2295926231
15154,125466600,199374857,324841457,3,0,1,17408,9,6255950528
15155,125468211,165006977,290475188,2,0,0,5120,12,2900503676
15156,125508950,165910083,291419033,7,0,0,395776,9,10675809724
15157,125514580,199353715,324868295,5,0,1,52224,7,3156451597
15158,125536380,166241897,291778277,5,0,0,32768,7,8845029410
15159,125543530,165698338,291241868,1,0,0,13824,6,10089514328
15160,125554370,165683263,291237633,4,0,0,53760,12,5764347545
15161,125555810,199455495,325011305,2,0,1,15360,12,3216203913
15162,125572570,165450930,291023500,4,0,0,9728,12,1287200990
15163,125575860,165320456,290896316,0,0,0,4096,14,2450499621
15164,125592020,199419308,325011328,2,0,1,9728,12,2603880279
15165,125601940,165915407,291517347,0,0,0,68096,14,2805594591
15166,125602320,165569164,291171484,5,0,0,26624,7,10617532131
15167,125607090,165601747,291208837,5,0,0,30720,7,787870033
15168,125616580,165643032,291259612,8,0,0,512,12,6786247501
15169,125623960,165411801,291035761,0,0,0,8704,14,2856969641
15170,125625160,199688924,325314084,0,0,1,175616,14,7538648181
15171,125634410,165962144,291596554,0,0,0,152064,14,5839285004
15172,125639110,165816189,291455299,4,0,0,110592,12,6690917670
15173,125640920,199844846,325485766,0,0,1,96768,14,4248644402
15174,125650860,199836109,325486969,0,0,1,512,14,3505267162
15175,125669040,199818083,325487123,1,0,1,8704,6,566150990
15176,125678179,199822654,325500833,6,0,1,26112,12,6763210746
15177,125697720,199803136,325500856,1,0,1,11264,6,8675133925
15178,125705800,199799010,325504810,0,0,1,4096,14,4334629814
15179,125720650,166021600,291742250,5,0,0,14848,7,8337750656
15180,125722480,165760189,291482669,4,0,0,89600,12,1060464142
15181,125750740,165862708,291613448,0,0,0,23040,14,3428862320
15182,125757480,199749941,325507421,1,0,1,5120,6,6966272276
15183,125758560,166370411,292128971,3,0,0,81408,9,2695728392
15184,125761820,199756404,325518224,5,0,1,4608,7,1683191176
15185,125770630,199771023,325541653,8,0,1,9728,12,10442738064
15186,125777930,165471324,291249254,4,0,0,24064,12,9278183841
15187,125789780,165947915,291737695,8,0,0,59904,12,1975950609
15188,125789870,165733896,291523766,9,0,0,20992,3,1567960187
15189,125794240,165468858,291263098,3,0,0,4096,9,2760236247
15190,125822020,165784385,291606405,8,0,0,32256,12,2701742956
15191,125826950,166148943,291975893,8,0,0,3584,12,3275218235
15192,125830460,165666116,291496576,4,0,0,45568,12,3744185240
15193,125833940,199810227,325644167,1,0,1,29696,6,2159367666
15194,125838871,165437542,291276413,2,0,0,1024,12,459715031
15195,125839400,165880020,291719420,5,0,0,23040,7,9280535228
15196,125872571,165386862,291259433,2,0,0,33280,12,1501091586
15197,125879140,166036915,291916055,4,0,0,25088,12,2997522948
15198,125885700,165959345,291845045,4,0,0,73728,12,8728031784
15199,125886020,166105139,291991159,0,0,0,34816,14,429022506
15200,125886690,165742484,291629174,1,0,0,5120,6,7906544522
15201,125887030,199757160,325644190,0,0,1,12288,14,5117885684
15202,125891820,165920521,291812341,1,0,0,3584,6,2643789398
15203,125894210,165655989,291550199,0,0,0,39424,14,5827289529
15204,125896030,165525481,291421511,9,0,0,7680,3,1230356724
15205,125902489,199742527,325645016,7,0,1,5632,9,309909256
15206,125903210,166303070,292206280,9,0,0,6144,3,6906257171
15207,125905970,165939410,291845380,8,0,0,1024,12,3500196247
15208,125910650,165963912,291874562,4,0,0,16896,12,2060005351
15209,125911080,199759900,325670980,5,0,1,8704,7,5835574865
15210,125917830,166033832,291951662,4,0,0,7680,12,5360054904
15211,125932961,166143279,292076240,2,0,0,108032,12,1115151994
15212,125934720,166482539,292417259,7,0,0,324608,9,2290989348
15213,125947660,199723343,325671003,2,0,1,2048,12,5534057314
15214,125966150,165794710,291760860,9,0,0,53760,3,952677718
15215,125968490,165775967,291744457,7,0,0,7168,9,6640813226
15216,125982430,166437660,292420090,5,0,0,9216,7,808742159
15217,125995290,199675736,325671026,9,0,1,3072,3,3762920225
15218,125995650,166208735,292204385,7,0,0,40448,9,153903931
15219,125996659,199972667,325969326,4,0,1,81408,12,1321024568
15220,125997750,165969527,291967277,3,0,0,512,9,10158455844
15221,126011180,166074443,292085623,1,0,0,30720,6,1751234044
15222,126012520,166022403,292034923,7,0,0,6144,9,9769805748
15223,126017520,165606692,291624212,9,0,0,14848,3,507776234
15224,126020250,166541145,292561395,5,0,0,45568,7,5457091728
15225,126033150,166466702,292499852,4,0,0,261120,12,9589132815
15226,126038510,200069549,326108059,3,0,1,11776,9,6071227289
15227,126049000,166455711,292504711,1,0,0,15872,6,2103417902
15228,126049360,200272694,326322054,2,0,1,5632,12,3993648180
15229,126049810,165960597,292010407,3,0,0,12288,9,8295831883
15230,126059360,166360909,292420269,5,0,0,512,7,7011559776
15231,126060061,166448174,292508235,2,0,0,9728,12,2099681848
15232,126068560,200253517,326322077,1,0,1,7680,6,2496586057
15233,126077780,166199898,292277678,0,0,0,69120,14,521867680
15234,126078060,166493654,292571714,9,0,0,33792,3,7194190740
15235,126096400,166619213,292715613,9,0,0,19968,3,2653976135
15236,126142680,200179420,326322100,8,0,1,14848,12,8960912074
15237,126145620,167005584,293151204,5,0,0,62976,7,10275074040
15238,126151520,166556536,292708056,4,0,0,403456,12,3439181929
15239,126152240,166012923,292165163,5,0,0,3584,7,221754935
15240,126155270,166123367,292278637,9,0,0,3072,3,5589694924
15241,126158040,166617327,292775367,1,0,0,48640,6,1436126165
15242,126161831,166588998,292750829,2,0,0,18944,12,8146945795
15243,126162380,167107390,293269770,7,0,0,52736,9,342198927
15244,126187970,166545294,292733264,5,0,0,57856,7,6000999569
15245,126191110,166651451,292842561,4,0,0,181760,12,9701507160
15246,126200920,166748134,292949054,8,0,0,89600,12,4722191020
15247,126206180,166368833,292575013,5,0,0,10752,7,7090894960
15248,126207740,166643158,292850898,1,0,0,18432,6,2320932904
15249,126210650,166294598,292505248,5,0,0,1536,7,4495184577
15250,126213800,166662216,292876016,8,0,0,21504,12,7999556637
15251,126216680,167228606,293445286,5,0,0,35840,7,96894693
15252,126219300,200103421,326322721,0,0,1,6144,14,7633839270
15253,126219390,200105277,326324667,9,0,1,3072,3,8376552019
15254,126223809,200101524,326325333,4,0,1,11264,12,1997210533
15255,126231530,166528994,292760524,9,0,0,31744,3,6377822411
15256,126237990,166506997,292744987,9,0,0,38400,3,5088671857
15257,126240580,166468903,292709483,8,0,0,4608,12,1769836665
15258,126242231,166544694,292786925,2,0,0,28672,12,12425619
15259,126248600,166267770,292516370,3,0,0,26624,9,1125759913
15260,126249090,166848409,293097499,3,0,0,154624,9,6901739149
15261,126256350,200158063,326414413,8,0,1,2560,12,6167730406
15262,126256510,200157926,326414436,0,0,1,3072,14,10708919816
15263,126293110,166918992,293212102,4,0,0,34304,12,3176390201
15264,126305269,200111553,326416822,4,0,1,15360,12,10233228137
15265,126314090,166555351,292869441,7,0,0,39936,9,5354782671
15266,126316440,200106512,326422952,0,0,1,26112,14,9448444446
15267,126323009,200099966,326422975,6,0,1,4608,12,9251707150
15268,126331369,200128496,326459865,4,0,1,2048,12,1495298833
15269,126335420,167085149,293420569,7,0,0,100352,9,4512574229
15270,126373640,166972751,293346391,1,0,0,21504,6,1724569640
15271,126375910,166825717,293201627,8,0,0,58880,12,213172179
15272,126378160,167337301,293715461,4,0,0,29696,12,7661543424
15273,126379640,166729426,293109066,7,0,0,37888,9,2511957111
15274,126385870,167191611,293577481,7,0,0,62976,9,4440007155
15275,126391190,166125827,292517017,0,0,0,2048,14,7127713341
15276,126395020,200066151,326461171,3,0,1,2048,9,7582263414
15277,126398270,166785394,293183664,9,0,0,86016,3,10492679792
15278,126403030,167503032,293906062,4,0,0,136704,12,9217647796
15279,126415240,166591250,293006490,5,0,0,86528,7,4548739655
15280,126445650,167260740,293706390,9,0,0,17408,3,8143653260
15281,126451100,167573372,294024472,0,0,0,205312,14,7449719847
15282,126480800,166980109,293460909,1,0,0,51200,6,8674255732
15283,126482390,166762641,293245031,7,0,0,21504,9,2774734986
15284,126483340,167129079,293612419,9,0,0,19456,3,6982844892
15285,126499800,166345459,292845259,8,0,0,8704,12,5996527177
15286,126506220,199955412,326461632,8,0,1,10240,12,6867540296
15287,126517090,199945515,326462605,2,0,1,12800,12,10361716398
15288,126523560,166495883,293019443,1,0,0,14336,6,6835152797
15289,126542680,167389644,293932324,7,0,0,66560,9,5567696743
15290,126550700,166429403,292980103,8,0,0,29184,12,10292898243
15291,126551410,167090014,293641424,6,0,0,16896,12,9987845705
15292,126553810,166460600,293014410,8,0,0,18432,12,5967190505
15293,126567590,200036238,326603828,0,0,1,94720,14,8052724860
15294,126569410,200043724,326613134,9,0,1,6144,3,1174949948
15295,126571660,167772810,294344470,4,0,0,123392,12,8589756714
15296,126593339,200024621,326617960,7,0,1,7680,9,4817768316
15297,126605000,166552433,293157433,8,0,0,5120,12,3651778502
15298,126609040,166822472,293431512,4,0,0,35840,12,5955389498
15299,126619580,167453595,294073175,7,0,0,159744,9,6548471924
15300,126622610,167464518,294087128,9,0,0,6144,3,104106492
15301,126637640,200009453,326647093,8,0,1,7680,12,10263244952
15302,126640250,166963650,293603900,4,0,0,39936,12,2111020046
15303,126650660,200040462,326691122,3,0,1,4096,9,13043545
15304,126652111,167048952,293701063,2,0,0,139776,12,3196410955
15305,126654030,166822970,293477000,4,0,0,52736,12,2256652302
15306,126654789,200038929,326693718,6,0,1,1536,12,3552436455
15307,126661680,166668668,293330348,0,0,0,7680,14,4849039992
15308,126664560,167080693,293745253,9,0,0,5632,3,8634696423
15309,126671740,200042063,326713803,9,0,1,22016,3,7776487885
15310,126674261,167583404,294257665,2,0,0,304640,12,5074162369
15311,126681440,166708530,293389970,7,0,0,5632,9,4848433266
15312,126688220,167262722,293950942,1,0,0,27136,6,3499539333
15313,126704030,167257855,293961885,7,0,0,35840,9,2313437972
15314,126709539,200116972,326826511,7,0,1,26112,9,4847838527
15315,126726510,167425381,294151891,7,0,0,212480,9,9754203916
15316,126728730,167796744,294525474,3,0,0,46592,9,8443223876
15317,126729550,166597510,293327060,0,0,0,27136,14,850744160
15318,126748200,167337010,294085210,5,0,0,39424,7,1835860525
15319,126753120,167092836,293845956,0,0,0,94720,14,6069478008
15320,126757190,166677153,293434343,4,0,0,9216,12,76420812
15321,126758750,167529202,294287952,8,0,0,99328,12,3136426100
15322,126759640,200077610,326837250,5,0,1,1536,7,6526760107
15323,126761250,167700522,294461772,7,0,0,111616,9,754159958
15324,126772030,167382536,294154566,1,0,0,8704,6,4300398932
15325,126776140,166735947,293512087,5,0,0,12800,7,4468579055
15326,126778370,167864553,294642923,5,0,0,116736,7,98060622
15327,126782860,167766037,294548897,4,0,0,76800,12,4456079387
15328,126807541,167056846,293864387,2,0,0,60416,12,8744541266
15329,126810589,200029887,326840476,4,0,1,5120,12,4920617910
15330,126818899,200074401,326893300,4,0,1,19456,12,746075756
15331,126822060,168068874,294890934,3,0,0,239104,9,10463690261
15332,126824060,167087953,293912013,1,0,0,19456,6,3044256181
15333,126827690,166968452,293796142,1,0,0,1536,6,3946718678
15334,126828060,168078809,294906869,3,0,0,52224,9,4778150983
15335,126841530,167669725,294511255,9,0,0,162304,3,4141675569
15336,126857940,168124142,294982082,3,0,0,61952,9,1848813223
15337,126860030,166931684,293791714,8,0,0,7168,12,5728914880
15338,126872890,167433961,294306851,3,0,0,61952,9,8859155504
15339,126876810,200092965,326969775,8,0,1,4608,12,7217413583
15340,126883890,167058761,293942651,9,0,0,33792,3,4854672073
15341,126902900,200066898,326969798,5,0,1,7168,7,4150792350
15342,126912190,167757890,294670080,7,0,0,22528,9,5705177087
15343,126940890,168188412,295129302,4,0,0,15872,12,10037826143
15344,126942500,167795157,294737657,5,0,0,99328,7,3712036854
15345,126942600,167996474,294939074,1,0,0,42496,6,5253366868
15346,126961090,168002085,294963175,5,0,0,14848,7,10351413910
15347,126965469,200143380,327108849,7,0,1,22528,9,5828566203
15348,126985010,167719685,294704695,5,0,0,16896,7,8504095250
15349,126988730,168099273,295088003,4,0,0,254464,12,3567221546
15350,126991769,200139557,327131326,4,0,1,17920,12,1911500240
15351,126998470,168310761,295309231,1,0,0,39424,6,9306110262
15352,127004970,168379059,295384029,7,0,0,82944,9,8810066474
15353,127007881,168202046,295209927,2,0,0,41984,12,8270647963
15354,127024559,200177186,327201745,7,0,1,19968,9,3265634644
15355,127027410,167366227,294393637,1,0,0,68096,6,6043748121
15356,127036609,200228706,327265315,6,0,1,11264,12,852495080
15357,127046080,200632740,327678820,2,0,1,70144,12,1040842976
15358,127046770,167380971,294427741,0,0,0,45056,14,3067935123
15359,127051540,168547665,295599205,9,0,0,96768,3,2858841522
15360,127064790,200707807,327772597,3,0,1,83456,9,818609244
15361,127070110,167855993,294926103,5,0,0,30720,7,4213455839
15362,127071980,200749028,327821008,0,0,1,14336,14,8781556858
15363,127078700,168321280,295399980,1,0,0,5632,6,2084785800
15364,127083490,168006275,295089765,8,0,0,5632,12,689529273
15365,127092240,167725819,294818059,4,0,0,116736,12,9412540494
15366,127094950,167850699,294945649,1,0,0,21504,6,1771373336
15367,127095720,168174781,295270501,1,0,0,24576,6,8065600148
15368,127107160,167631464,294738624,7,0,0,3072,9,9141522557
15369,127111760,167595610,294707370,8,0,0,8704,12,7023025372
15370,127141490,167775230,294916720,7,0,0,32256,9,180572090
15371,127142000,200688398,327830398,1,0,1,3072,6,9394650599
15372,127165370,167793258,294958628,5,0,0,42496,7,3864352123
15373,127167690,167831214,294998904,9,0,0,28672,3,1553141572
15374,127173930,168548756,295722686,5,0,0,49152,7,4505082717
15375,127175900,168275135,295451035,1,0,0,31744,6,8914951764
15376,127193770,168139227,295332997,8,0,0,35840,12,3565946546
15377,127197080,167912364,295109444,7,0,0,64512,9,9217105923
15378,127199570,200631494,327831064,8,0,1,11264,12,9117592634
15379,127202400,167928345,295130745,4,0,0,4608,12,1645844316
15380,127210370,167983882,295194252,3,0,0,70656,9,859271629
15381,127215540,168225800,295441340,0,0,0,114688,14,7266771788
15382,127230550,168032440,295262990,7,0,0,84992,9,8540173250
15383,127240720,168484850,295725570,9,0,0,7168,3,10691851911
15384,127244630,168223228,295467858,6,0,0,6656,12,10090324778
15385,127276710,168551034,295827744,3,0,0,38912,9,41705875
15386,127276800,167949181,295225981,7,0,0,14336,9,3317876808
15387,127286780,200552406,327839186,3,0,1,9216,9,6901215701
15388,127298130,200632463,327930593,5,0,1,29696,7,4426450660
15389,127303660,167680363,294984023,5,0,0,6144,7,1868505867
15390,127308290,167816153,295124443,4,0,0,49152,12,3363374524
15391,127324481,168480047,295804528,2,0,0,92160,12,3864116259
15392,127328550,200647429,327975979,8,0,1,11776,12,4381649473
15393,127331240,168682051,296013291,9,0,0,114176,3,3145012730
15394,127337949,200647064,327985013,4,0,1,4608,12,5961044560
15395,127344620,168686010,296030630,8,0,0,56832,12,1558036326
15396,127347130,168154421,295501551,4,0,0,79360,12,8600817806
15397,127382020,200727108,328109128,8,0,1,29184,12,9149341124
15398,127383230,168857023,296240253,8,0,0,192512,12,9390373196
15399,127390170,168908455,296298625,0,0,0,16384,14,9883048240
15400,127398450,168999501,296397951,5,0,0,34304,7,145373509
15401,127400030,168893580,296293610,8,0,0,74240,12,4054703036
15402,127408690,168633819,296042509,1,0,0,38912,6,4922827553
15403,127414340,168630844,296045184,1,0,0,8704,6,7981486969
15404,127414990,167907056,295322046,7,0,0,41984,9,5914590896
15405,127417350,168520578,295937928,4,0,0,25088,12,3056505047
15406,127439600,168622455,296062055,1,0,0,55296,6,6324819199
15407,127448390,169291416,296739806,7,0,0,46592,9,2775059754
15408,127452809,200656342,328109151,6,0,1,1024,12,2994019778
15409,127463991,168180207,295644198,2,0,0,2048,12,9290683387
15410,127475220,200662096,328137316,3,0,1,29184,9,1230623125
15411,127503850,200669727,328173577,3,0,1,7680,9,8747114543
15412,127507450,168062248,295569698,7,0,0,30720,9,101672028
15413,127538380,168072579,295610959,7,0,0,35840,9,3560559569
15414,127540190,168906019,296446209,4,0,0,85504,12,4576728576
15415,127541839,200671583,328213422,6,0,1,5632,12,9292213819
15416,127543361,169064104,296607465,2,0,0,191488,12,1737609207
15417,127547071,168052945,295600016,2,0,0,2560,12,5425715400
15418,127551970,168345658,295897628,9,0,0,26112,3,5453408293
15419,127560889,200657039,328217928,7,0,1,7168,9,5998513262
15420,127569870,169155717,296725587,1,0,0,53760,6,1690476890
15421,127573249,200649505,328222754,7,0,1,7680,9,2365479900
15422,127575931,168176765,295752696,2,0,0,19456,12,4997429594
15423,127592520,168324248,295916768,7,0,0,40960,9,5354120883
15424,127598391,168508650,296107041,2,0,0,25600,12,2535167265
15425,127603680,169280436,296884116,9,0,0,56320,3,9701916719
15426,127611660,168532580,296144240,1,0,0,11776,6,1719441539
15427,127614250,168461608,296075858,0,0,0,33280,14,5929753039
15428,127619510,200653249,328272759,5,0,1,7680,7,2934035701
15429,127619511,169350486,296969997,2,0,0,53248,12,7130639335
15430,127622071,168753699,296375770,2,0,0,101376,12,10234395335
15431,127637500,169304693,296942193,3,0,0,52736,9,6094148661
15432,127646000,200627745,328273745,3,0,1,1536,9,8056281401
15433,127658809,200619762,328278571,7,0,1,7680,9,8444621724
15434,127660850,168610002,296270852,7,0,0,100352,9,8853467866
15435,127669011,168304414,295973425,2,0,0,14336,12,9661232637
15436,127669550,200644507,328314057,2,0,1,27136,12,4117900307
15437,127680140,168250121,295930261,3,0,0,13824,9,8589798642
15438,127683541,168457088,296140629,2,0,0,53248,12,6752410988
15439,127684880,168860370,296545250,9,0,0,86016,3,4296624113
15440,127693250,168825769,296519019,9,0,0,28672,3,189244893
15441,127696890,200754059,328450949,2,0,1,38912,12,9756564355
15442,127710060,169191395,296901455,9,0,0,56832,3,8292359531
15443,127717160,169025321,296742481,9,0,0,8704,3,3787676465
15444,127725760,169452167,297177927,8,0,0,134656,12,10038718018
15445,127736140,168564536,296300676,3,0,0,6656,9,8151192499
15446,127737810,169344084,297081894,9,0,0,265728,3,3499855797
15447,127751760,201124601,328876361,9,0,1,12288,3,9463696372
15448,127754340,168665786,296420126,5,0,0,72704,7,6244735409
15449,127758410,169446551,297204961,4,0,0,44544,12,2722852629
15450,127761260,168695953,296457213,0,0,0,20992,14,7944609346
15451,127772300,168856412,296628712,8,0,0,12800,12,2675390431
15452,127782100,169409266,297191366,7,0,0,44032,9,8823075951
15453,127792019,201144489,328936508,6,0,1,10752,12,2141553058
15454,127800120,169553245,297353365,8,0,0,44544,12,314526573
15455,127805269,201285498,329090767,4,0,1,1024,12,3678458395
15456,127819230,169890935,297710165,7,0,0,50688,9,352298542
15457,127832350,169862348,297694698,3,0,0,679936,9,2407631946
15458,127837099,201257214,329094313,7,0,1,5632,9,2727795887
15459,127845660,168999684,296845344,8,0,0,12288,12,510585832
15460,127851320,169354452,297205772,8,0,0,2560,12,8130335311
15461,127852980,169251401,297104381,8,0,0,73728,12,4645713984
15462,127856490,168753494,296609984,7,0,0,8192,9,2001681560
15463,127858749,201236870,329095619,6,0,1,2048,12,8439442492
15464,127866491,169110393,296976884,2,0,0,22528,12,2572142308
15465,127871140,169583822,297454962,4,0,0,1536,12,1672861011
15466,127871810,201498502,329370312,5,0,1,33280,7,7831372681
15467,127875339,201528229,329403568,4,0,1,15360,12,131389179
15468,127895860,169888208,297784068,0,0,0,27648,14,2020220039
15469,127896460,201553390,329449850,1,0,1,4608,6,4951902815
15470,127897310,168743275,296640585,0,0,0,3072,14,8852872455
15471,127898020,169441750,297339770,5,0,0,49152,7,6759485168
15472,127928951,169369791,297298742,2,0,0,43008,12,10396355406
15473,127930220,201536585,329466805,1,0,1,13824,6,10054566698
15474,127952310,169521418,297473728,5,0,0,43008,7,1569448883
15475,127963351,169867430,297830781,2,0,0,81920,12,4096930025
15476,127977600,169483001,297460601,3,0,0,18432,9,3426218873
15477,127982660,169471811,297454471,5,0,0,59392,7,7509280394
15478,128009620,169766001,297775621,8,0,0,21504,12,3307884365
15479,128016231,169094725,297110956,2,0,0,21504,12,4885050686
15480,128016970,169752076,297769046,9,0,0,127488,3,6714788815
15481,128030110,169694274,297724384,7,0,0,46592,9,3373244619
15482,128036330,169277567,297313897,5,0,0,49664,7,316747989
15483,128041020,169689159,297730179,1,0,0,18944,6,7675593566
15484,128046480,201456816,329503296,3,0,1,6656,9,943357937
15485,128055850,169332132,297387982,4,0,0,1536,12,200961468
15486,128059480,201456509,329515989,1,0,1,2048,6,7962362255
15487,128070830,201451163,329521993,3,0,1,20480,9,1899321574
15488,128081160,201493689,329574849,5,0,1,12800,7,4577580643
15489,128087219,201521865,329609084,6,0,1,5120,12,4753495947
15490,128097140,169708658,297805798,1,0,0,70144,6,1265382321
15491,128103010,169745274,297848284,7,0,0,57344,9,6381078906
15492,128130329,201480240,329610569,4,0,1,15360,12,7645012849
15493,128144800,201498352,329643152,5,0,1,13312,7,4608277185
15494,128150440,169743107,297893547,0,0,0,148480,14,2513637692
15495,128150530,201504212,329654742,8,0,1,3072,12,7978087434
15496,128157581,169757914,297915495,2,0,0,23040,12,7958799680
15497,128163370,169740223,297903593,4,0,0,24064,12,4900736104
15498,128163610,169732628,297896238,5,0,0,8704,7,821772562
15499,128180530,169603873,297784403,9,0,0,1024,3,7231622041
15500,128185710,169722742,297908452,4,0,0,15872,12,6107673252
15501,128193489,201461276,329654765,6,0,1,5120,12,10191883954
15502,128199080,169825362,298024442,9,0,0,44032,3,4242659090
15503,128201860,169853896,298055756,4,0,0,2048,12,864941811
15504,128203719,201664415,329868134,7,0,1,6656,9,2607527647
15505,128209070,170072293,298281363,8,0,0,87040,12,7219109059
15506,128217510,203260257,331477767,0,0,1,216064,14,7525212709
15507,128218369,203259421,331477790,6,0,1,11776,12,3875598242
15508,128219280,169791723,298011003,5,0,0,49664,7,7726773228
15509,128222310,169991148,298213458,7,0,0,2560,9,6899165492
15510,128244850,169945359,298190209,1,0,0,17920,6,589682476
15511,128252461,169850137,298102598,2,0,0,23552,12,2721130967
15512,128260530,169994290,298254820,7,0,0,102400,9,5432295544
15513,128265200,169939439,298204639,4,0,0,31744,12,1337887817
15514,128269640,203362393,331632033,2,0,1,9216,12,5441218565
15515,128287660,169919834,298207494,4,0,0,8192,12,8488829202
15516,128297720,203377219,331674939,1,0,1,14336,6,2759044806
15517,128305650,204162656,332468306,0,0,1,232448,14,915167793
15518,128317450,204150879,332468329,2,0,1,22016,12,6708081296
15519,128318970,204188047,332507017,2,0,1,1024,12,5108558217
15520,128327779,204183296,332511075,7,0,1,7168,9,4265258377
15521,128329820,169985578,298315398,9,0,0,20992,3,8893746481
15522,128339550,170128933,298468483,9,0,0,43008,3,5626988684
15523,128339910,169960921,298300831,4,0,0,14336,12,7368535002
15524,128348130,204203101,332551231,8,0,1,33792,12,2935138427
15525,128360400,204394648,332755048,0,0,1,170496,14,3919687917
15526,128362820,170286965,298649785,7,0,0,68608,9,4188506642
15527,128365760,170221607,298587367,8,0,0,96768,12,1883191314
15528,128369220,170248296,298617516,8,0,0,26112,12,8070652545
15529,128378520,204383337,332761857,2,0,1,11776,12,3921022471
15530,128396400,170474773,298871173,9,0,0,78848,3,7265465663
15531,128410370,170359926,298770296,5,0,0,9728,7,7965063943
15532,128411110,170380693,298791803,7,0,0,65024,9,9375816669
15533,128421770,170980511,299402281,1,0,0,169472,6,6789528212
15534,128426000,170323343,298749343,1,0,0,1024,6,640617286
15535,128437760,204578473,333016233,5,0,1,56832,7,8568588324
15536,128444930,170650734,299095664,1,0,0,77312,6,10689682206
15537,128469660,170630083,299099743,3,0,0,13312,9,7777306556
15538,128479830,170407902,298887732,0,0,0,54272,14,8752319584
15539,128481821,170470502,298952323,2,0,0,16384,12,4653715821
15540,128491410,170403989,298895399,4,0,0,25088,12,4123729711
15541,128493070,170472843,298965913,8,0,0,25088,12,2700194884
15542,128518570,170595134,299113704,1,0,0,5632,6,6825518658
15543,128522440,170951500,299473940,7,0,0,4096,9,2524819614
15544,128529110,170513717,299042827,7,0,0,62976,9,975584955
15545,128531649,204540703,333072352,7,0,1,6144,9,6550068147
15546,128534360,204538015,333072375,1,0,1,23552,6,3723268832
15547,128535950,170152960,298688910,9,0,0,4096,3,9491425774
15548,128546600,204525798,333072398,1,0,1,1024,6,7708115364
15549,128556710,170722869,299279579,6,0,0,76800,12,8494381075
15550,128560190,170559309,299119499,1,0,0,18944,6,4977086155
15551,128568960,204503461,333072421,2,0,1,14848,12,3622383404
15552,128575490,171075120,299650610,8,0,0,134144,12,3932224545
15553,128600901,170509473,299110374,2,0,0,34816,12,1931291932
15554,128606920,170629176,299236096,4,0,0,23552,12,7973480871
15555,128618850,170542850,299161700,1,0,0,8192,6,7340240142
15556,128622649,204478389,333101038,4,0,1,38912,12,9357544644
15557,128634830,170477127,299111957,9,0,0,5120,3,1077872488
15558,128640971,170790661,299431632,2,0,0,96256,12,6338816781
15559,128666740,170663137,299329877,1,0,0,15872,6,3296446730
15560,128666839,204473680,333140519,4,0,1,4608,12,10195677206
15561,128669260,170655758,299325018,4,0,0,40448,12,5728820642
15562,128673520,170783898,299457418,4,0,0,84480,12,10113051041
15563,128682089,204458453,333140542,6,0,1,1024,12,6906968188
15564,128683770,170780246,299464016,9,0,0,21504,3,10732928476
15565,128685210,204455355,333140565,5,0,1,9728,7,7560773330
15566,128700800,171225536,299926336,9,0,0,132096,3,1700157144
15567,128706010,170881867,299587877,9,0,0,55296,3,3318297537
15568,128711850,170848183,299560033,8,0,0,100352,12,6403083510
15569,128728480,170927792,299656272,1,0,0,13824,6,10067037351
15570,128737321,170866023,299603344,2,0,0,50688,12,9433579781
15571,128746090,171232552,299978642,1,0,0,133632,6,9371095463
15572,128754530,171039328,299793858,8,0,0,13824,12,9810230179
15573,128778430,171079197,299857627,4,0,0,33280,12,5147849942
15574,128780211,171379903,300160114,2,0,0,144896,12,4068591383
15575,128780901,171425256,300206157,2,0,0,151040,12,7940106689
15576,128784000,171294784,300078784,3,0,0,61440,9,7209991863
15577,128806720,171218940,300025660,5,0,0,97280,7,8681221578
15578,128808330,204342117,333150447,3,0,1,3072,9,1906735071
15579,128825870,204352430,333178300,0,0,1,38912,14,9670977945
15580,128841950,204347644,333189594,3,0,1,11264,9,1317501008
15581,128842790,171032504,299875294,3,0,0,32768,9,3999981083
15582,128847430,171178409,300025839,3,0,0,512,9,8492185602
15583,128858559,204337633,333196192,6,0,1,15360,12,5396301033
15584,128863320,170788717,299652037,9,0,0,4608,3,4911746341
15585,128884170,171053733,299937903,9,0,0,37888,3,6117760084
15586,128888080,171390552,300278632,5,0,0,98816,7,9028271705
15587,128893950,171456543,300350493,9,0,0,34816,3,5111319604
15588,128949560,171046437,299995997,3,0,0,56832,9,7381238185
15589,128956370,171262446,300218816,3,0,0,41472,9,6516987397
15590,128959570,171147475,300107045,8,0,0,9216,12,9096672129
15591,128979220,171253815,300233035,5,0,0,46592,7,8909084827
15592,129033300,171494603,300527903,1,0,0,94720,6,5092544522
15593,129040009,204238852,333278861,7,0,1,51200,9,3362676551
15594,129040671,171253272,300293943,2,0,0,50176,12,1187158390
15595,129050170,171187724,300237894,3,0,0,15872,9,3451590251
15596,129057280,171002761,300060041,9,0,0,49664,3,8798686493
15597,129061350,171381668,300443018,3,0,0,96256,9,7962119013
15598,129087560,204193247,333280807,2,0,1,3072,12,8994569395
15599,129092930,171238238,300331168,1,0,0,116736,6,1891255351
15600,129100799,204187087,333287886,7,0,1,33792,9,9905233680
15601,129120419,204696443,333816862,4,0,1,1536,12,8036997677
15602,129123870,171330575,300454445,1,0,0,37376,6,7013722908
15603,129152921,171234387,300387308,2,0,0,42496,12,5672150788
15604,129176290,204640595,333816885,1,0,1,6144,6,5561335186
15605,129183610,205166968,334350578,2,0,1,65024,12,1698914272
15606,129185400,171313620,300499020,4,0,0,46592,12,9608081689
15607,129212080,171026929,300239009,9,0,0,3584,3,5310086106
15608,129212400,206929360,336141760,0,0,1,1060352,14,7687915778
15609,129227160,171561615,300788775,8,0,0,43520,12,7486835470
15610,129234730,171588167,300822897,9,0,0,8192,3,2852118626
15611,129235300,171532283,300767583,1,0,0,49152,6,5572388797
15612,129247960,171474135,300722095,4,0,0,33792,12,10243526013
15613,129252490,171539740,300792230,9,0,0,11264,3,7884698220
15614,129252640,171543981,300796621,3,0,0,14336,9,4020137498
15615,129254280,206887503,336141783,2,0,1,6656,12,5975231801
15616,129279740,171568237,300847977,4,0,0,54784,12,9085469115
15617,129282320,207639457,336921777,0,0,1,758784,14,3245670203
15618,129282640,171446186,300728826,9,0,0,22016,3,4825554219
15619,129286350,171579825,300866175,8,0,0,3584,12,8314103350
15620,129330800,171342190,300672990,5,0,0,26112,7,6071653755
15621,129349360,207714916,337064276,0,0,1,126464,14,3611049865
15622,129350930,171943360,301294290,5,0,0,112128,7,6545101449
15623,129360100,172135333,301495433,5,0,0,9216,7,1731647546
15624,129380750,207683549,337064299,5,0,1,1024,7,8011199553
15625,129382249,207682073,337064322,4,0,1,48128,12,5475681604
15626,129388780,171973244,301362024,9,0,0,5632,3,7150895943
15627,129404780,171696445,301101225,1,0,0,31232,6,1477979199
15628,129407040,171624415,301031455,3,0,0,7680,9,8576542322
15629,129423700,171503950,300927650,8,0,0,26112,12,4388605502
15630,129427090,207637255,337064345,3,0,1,5120,9,1781110983
15631,129431079,207633289,337064368,7,0,1,9216,9,3844101574
15632,129436230,171812679,301248909,8,0,0,110080,12,2383388451
15633,129438540,172193736,301632276,9,0,0,118272,3,9867493343
15634,129476540,172362751,301839291,5,0,0,74752,7,8849258553
15635,129485250,171387812,300873062,5,0,0,13312,7,3222278209
15636,129503500,207562961,337066461,5,0,1,28672,7,787472132
15637,129505051,172187297,301692348,2,0,0,47616,12,4205354599
15638,129524440,171495509,301019949,3,0,0,4096,9,7359372751
15639,129535550,171945828,301481378,8,0,0,40960,12,972312124
15640,129542390,171530440,301072830,9,0,0,512,3,7264963615
15641,129559160,171634017,301193177,1,0,0,14336,6,8169918224
15642,129572810,171782996,301355806,8,0,0,51712,12,7330712158
15643,129600080,171971049,301571129,3,0,0,10240,9,3076802797
15644,129603540,171964446,301567986,8,0,0,33792,12,6676026965
15645,129633050,172323610,301956660,8,0,0,66560,12,7246043871
15646,129635671,171659422,301295093,2,0,0,2560,12,8571242136
15647,129642800,207434575,337077375,5,0,1,19456,7,1181032073
15648,129643040,172240530,301883570,1,0,0,33280,6,4712250827
15649,129648130,171677005,301325135,1,0,0,1536,6,4087902245
15650,129653890,172162579,301816469,8,0,0,194560,12,1808664194
15651,129662341,172069560,301731901,2,0,0,78848,12,8799126673
15652,129681080,171772471,301453551,5,0,0,16384,7,7026872357
15653,129693400,172059245,301752645,3,0,0,56832,9,5054405368
15654,129708230,172140311,301848541,5,0,0,3584,7,7816232584
15655,129733770,172113656,301847426,5,0,0,26624,7,2028967854
15656,129735260,172303261,302038521,6,0,0,36864,12,9095575547
15657,129750160,171784741,301534901,9,0,0,7168,3,9155106208
15658,129753240,172136172,301889412,1,0,0,7168,6,9081278287
15659,129759590,172111142,301870732,4,0,0,72704,12,2267011617
15660,129762220,171971755,301733975,9,0,0,2048,3,1729822095
15661,129770530,172102877,301873407,8,0,0,8704,12,3865573894
15662,129780629,207303890,337084519,7,0,1,9728,9,10042217207
15663,129783360,171949968,301733328,1,0,0,4608,6,6025006381
15664,129803670,172334272,302137942,8,0,0,112640,12,700130890
15665,129808580,172113586,301922166,4,0,0,24064,12,926332490
15666,129809079,207307953,337117032,6,0,1,17408,12,6787577984
15667,129823150,172079730,301902880,3,0,0,5120,9,5759183592
15668,129828610,172321363,302149973,7,0,0,1024,9,2131127269
15669,129839980,207281558,337121538,8,0,1,7168,12,2333556248
15670,129859690,172117488,301977178,3,0,0,20992,9,8680249554
15671,129872280,172154986,302027266,9,0,0,24064,3,2874703579
15672,129897559,207224325,337121884,7,0,1,512,9,4444215555
15673,129899550,207313286,337212836,2,0,1,30208,12,4067390079
15674,129930500,207282359,337212859,1,0,1,17920,6,2357822963
15675,129940020,172396441,302336461,8,0,0,55296,12,2919521626
15676,129960780,172079332,302040112,3,0,0,5120,9,10480415263
15677,129986310,172220613,302206923,4,0,0,67584,12,9661643847
15678,129993141,172536827,302529968,2,0,0,104960,12,7363012767
15679,130006260,172136415,302142675,4,0,0,1536,12,9804623920
15680,130009280,172142283,302151563,5,0,0,1024,7,4074032916
15681,130020660,172236067,302256727,4,0,0,26624,12,4109259363
15682,130024950,172336662,302361612,5,0,0,22528,7,10056228138
15683,130045549,207167333,337212882,6,0,1,3072,12,2455252913
15684,130050640,172326303,302376943,3,0,0,512,9,6765157230
15685,130063280,172283561,302346841,4,0,0,24064,12,3340412340
15686,130075579,207137326,337212905,6,0,1,23040,12,6476538916
15687,130092479,207244901,337337380,6,0,1,53760,12,6525706702
15688,130094820,172357528,302452348,1,0,0,45568,6,7857192550
15689,130097510,172655536,302753046,3,0,0,88064,9,2750731467
15690,130101180,172305185,302406365,1,0,0,24064,6,1244872387
15691,130111680,172817020,302928700,1,0,0,68096,6,7338647805
15692,130119309,207256931,337376240,6,0,1,11264,12,2400039495
15693,130120160,172345100,302465260,9,0,0,16896,3,7180399223
15694,130123121,172720276,302843397,2,0,0,19968,12,2866672505
15695,130131759,207263823,337395582,4,0,1,19456,12,2644140575
15696,130134020,207264788,337398808,1,0,1,5120,6,7373643405
15697,130141809,207290344,337432153,6,0,1,7168,12,9098734923
15698,130150029,207282147,337432176,4,0,1,1536,12,6422312385
15699,130165810,172724422,302890232,5,0,0,15872,7,1246181239
15700,130207910,172545760,302753670,8,0,0,1024,12,4083038668
15701,130208510,207228357,337436867,8,0,1,38400,12,7945782257
15702,130227220,172890939,303118159,1,0,0,57344,6,7421350181
15703,130236740,172600550,302837290,4,0,0,48640,12,4008221914
15704,130255280,207232460,337487740,3,0,1,36864,9,6559044003
15705,130256730,207239319,337496049,2,0,1,33280,12,4814729539
15706,130261310,173048171,303309481,3,0,0,200192,9,190389902
15707,130267190,172540084,302807274,9,0,0,83968,3,10515877155
15708,130274851,172633055,302907906,2,0,0,57856,12,4697810311
15709,130276810,172608563,302885373,8,0,0,106496,12,4336202500
15710,130285050,172319940,302604990,3,0,0,2048,9,7209798812
15711,130302360,173042638,303344998,4,0,0,61440,12,6874886454
15712,130305119,207192995,337498114,7,0,1,2048,9,5960919079
15713,130306230,172503875,302810105,6,0,0,9216,12,9432296162
15714,130310230,172808264,303118494,5,0,0,1024,7,230528847
15715,130332310,172812230,303144540,4,0,0,33792,12,2993708087
15716,130346230,207582860,337929090,0,0,1,459776,14,9629741091
15717,130353761,172774308,303128069,2,0,0,15360,12,7499598523
15718,130362050,172859715,303221765,9,0,0,67072,3,7064141940
15719,130374040,173186689,303560729,8,0,0,26112,12,4579879566
15720,130384420,207544693,337929113,1,0,1,1536,6,4308876403
15721,130384430,173048408,303432838,1,0,0,188416,6,5187650921
15722,130394320,173043533,303437853,9,0,0,16384,3,6635370355
15723,130397370,173298058,303695428,3,0,0,18944,9,7013823341
15724,130418470,172803965,303222435,8,0,0,1024,12,4559308068
15725,130421900,172599750,303021650,9,0,0,1024,3,1533656326
15726,130434170,207494966,337929136,5,0,1,1024,7,8926322301
15727,130435340,172728195,303163535,4,0,0,4608,12,1499569622
15728,130442450,172867678,303310128,4,0,0,2048,12,3186798981
15729,130454590,172746716,303201306,9,0,0,20480,3,6931918857
15730,130462340,173070176,303532516,4,0,0,39424,12,542164311
15731,130464340,172974160,303438500,3,0,0,2048,9,6706192244
15732,130498960,173337221,303836181,8,0,0,50688,12,8602306699
15733,130507859,207421300,337929159,4,0,1,23552,12,8828620330
15734,130509100,172713000,303222100,8,0,0,1024,12,2208718628
15735,130518150,207411032,337929182,2,0,1,3072,12,2428115126
15736,130537240,207418766,337956006,5,0,1,5120,7,2749804950
15737,130546801,173439733,303986534,2,0,0,41984,12,9819162721
15738,130547379,207413453,337960832,7,0,1,7680,9,5253868441
15739,130547680,173000459,303548139,5,0,0,51200,7,2049741947
15740,130552461,173218531,303770992,2,0,0,21504,12,638817603
15741,130562610,172802462,303365072,6,0,0,2560,12,483829808
15742,130569910,208025381,338595291,0,0,1,548864,14,3715251286
15743,130572341,173560314,304132655,2,0,0,140800,12,3900961849
15744,130581189,208083759,338664948,6,0,1,56832,12,4180386833
15745,130584310,173331760,303916070,6,0,0,54784,12,7085702698
15746,130599770,173269782,303869552,3,0,0,38400,9,10154874069
15747,130613620,173587012,304200632,8,0,0,194048,12,6188043815
15748,130615430,173820104,304435534,9,0,0,199680,3,6929972925
15749,130620290,208044681,338664971,3,0,1,512,9,6195669078
15750,130625571,173454484,304080055,2,0,0,8704,12,7048501166
15751,130636660,208028334,338664994,8,0,1,1024,12,6187665259
15752,130637400,173248654,303886054,3,0,0,50176,9,1069511913
15753,130655220,173181452,303836672,3,0,0,1536,9,10679541392
15754,130658680,208006337,338665017,5,0,1,33792,7,8661506649
15755,130663409,208025627,338689036,7,0,1,14336,9,7119000905
15756,130667960,208021742,338689702,5,0,1,11264,7,8361234163
15757,130673100,208032654,338705754,8,0,1,3072,12,4996666382
15758,130673861,173610408,304284269,2,0,0,160256,12,9863298619
15759,130677430,173542569,304219999,6,0,0,63488,12,2512762462
15760,130678700,173881885,304560585,8,0,0,76800,12,7321127420
15761,130697780,173676891,304374671,6,0,0,138240,12,514442054
15762,130701130,173300855,304001985,8,0,0,19968,12,2543578571
15763,130711480,207994428,338705908,1,0,1,8704,6,2205524479
15764,130716850,173511509,304228359,5,0,0,27136,7,613839153
15765,130720750,173940692,304661442,8,0,0,54784,12,2726515519
15766,130721200,173769604,304490804,8,0,0,181248,12,7692847211
15767,130727244,173857528,304584772,4,0,0,25088,12,8231904666
15768,130735930,173781174,304517104,3,0,0,60928,9,7604653300
15769,130738790,207970984,338709774,0,0,1,6144,14,4670150087
15770,130750150,174049440,304799590,3,0,0,52736,9,5137644562
15771,130751270,173989618,304740888,1,0,0,8192,6,10161235533
15772,130754940,173964686,304719626,6,0,0,34304,12,7625144015
15773,130774700,174008799,304783499,6,0,0,139776,12,8132224827
15774,130781250,174062763,304844013,4,0,0,12800,12,9846711095
15775,130802230,174137878,304940108,3,0,0,68096,9,10592855575
15776,130818730,173919639,304738369,4,0,0,61440,12,5416471686
15777,130842790,173655727,304498517,6,0,0,25088,12,7583691812
15778,130846100,173830798,304676898,6,0,0,9728,12,6587700809
15779,130852430,173780349,304632779,8,0,0,7680,12,413435074
15780,130859780,207850340,338710120,9,0,1,512,3,10688598239
15781,130873171,173723051,304596222,2,0,0,2048,12,802138455
15782,130873180,173933645,304806825,5,0,0,5632,7,5890759136
15783,130874680,174106666,304981346,1,0,0,20480,6,845176361
15784,130874920,174110661,304985581,5,0,0,13824,7,3756920179
15785,130875110,174099973,304975083,5,0,0,114688,7,8885632961
15786,130882830,173823707,304706537,5,0,0,6656,7,717968327
15787,130919320,174121778,305041098,3,0,0,27648,9,2017866654
15788,130923599,207787187,338710786,4,0,1,1024,12,4029590775
15789,130924440,207808147,338732587,1,0,1,34816,6,4664965578
15790,130937660,173981677,304919337,6,0,0,34816,12,741276527
15791,130938570,207801675,338740245,2,0,1,1536,12,4838721038
15792,130940490,174165881,305106371,4,0,0,57856,12,1004125449
15793,130944260,174181501,305125761,6,0,0,53248,12,10592814969
15794,130944470,207804914,338749384,5,0,1,15360,7,10165219314
15795,130951990,174445915,305397905,1,0,0,29696,6,1089743379
15796,130980431,174303521,305283952,2,0,0,46592,12,7491149004
15797,131005670,207747855,338753525,8,0,1,5120,12,4726805997
15798,131007430,174058027,305065457,6,0,0,79872,12,9463465343
15799,131010439,207777531,338787970,4,0,1,47104,12,2085400882
15800,131030159,207762159,338792318,7,0,1,5632,9,8513675079
15801,131036810,173861249,304898059,9,0,0,4096,3,2948054546
15802,131067929,207741397,338809326,6,0,1,24576,12,1415940591
15803,131097229,207713275,338810504,6,0,1,13824,12,3018636603
15804,131106490,207764007,338870497,3,0,1,37376,9,3028820037
15805,131119381,173990133,305109514,2,0,0,10240,12,6351036960
15806,131126230,174127130,305253360,8,0,0,15872,12,9801326938
15807,131136480,174083095,305219575,5,0,0,131072,7,10518816628
15808,131165610,173826818,304992428,6,0,0,5632,12,7470306
15809,131183940,173945299,305129239,5,0,0,11264,7,6157080885
15810,131195090,207683144,338878234,2,0,1,10240,12,7636442851
15811,131210130,173872040,305082170,8,0,0,6656,12,4591260126
15812,131212520,174143686,305356206,9,0,0,71168,3,5244811547
15813,131215900,207702606,338918506,9,0,1,18944,3,7813777322
15814,131217960,174091482,305309442,6,0,0,12288,12,2555990083
15815,131236970,174292987,305529957,9,0,0,49664,3,2110537728
15816,131242250,173909223,305151473,4,0,0,4608,12,9575027974
15817,131246339,207705203,338951542,4,0,1,1024,12,10695584935
15818,131247839,207703905,338951744,6,0,1,3584,12,8152326942
15819,131264300,207687467,338951767,9,0,1,7680,3,2400700866
15820,131272230,174376629,305648859,3,0,0,15360,9,7011325513
15821,131272790,174116044,305388834,9,0,0,52224,3,5122774832
15822,131286030,174248942,305534972,6,0,0,16384,12,7489204502
15823,131290320,174181315,305471635,7,0,0,23040,9,9645438997
15824,131307510,174207292,305514802,9,0,0,50688,3,2511651456
15825,131310060,174115616,305425676,4,0,0,5632,12,8465713162
15826,131320040,174144552,305464592,4,0,0,34304,12,3268038540
15827,131334510,174164178,305498688,3,0,0,39424,9,8203687133
15828,131342080,174058859,305400939,8,0,0,9728,12,9020926920
15829,131349060,174240292,305589352,9,0,0,13824,3,2535293968
15830,131351810,174292346,305644156,8,0,0,72704,12,8974597156
15831,131363999,207587791,338951790,7,0,1,1536,9,3264667724
15832,131369200,174470386,305839586,4,0,0,83456,12,7554266835
15833,131382100,174684502,306066602,1,0,0,57856,6,3717207330
15834,131395550,174103785,305499335,1,0,0,2048,6,977146051
15835,131400001,174444132,305844133,2,0,0,14848,12,6968959883
15836,131421780,174627171,306048951,6,0,0,8704,12,7120911646
15837,131424210,174509668,305933878,1,0,0,65024,6,5141651210
15838,131425090,174674247,306099337,5,0,0,49664,7,281473988
15839,131427240,174386895,305814135,5,0,0,97792,7,455995719
15840,131430210,174418314,305848524,8,0,0,14336,12,6503951668
15841,131436190,174290080,305726270,6,0,0,24576,12,5773145254
15842,131457250,174498393,305955643,1,0,0,65536,6,7349109600
15843,131457920,174247970,305705890,5,0,0,5632,7,8759331006
15844,131460690,174585586,306046276,4,0,0,41472,12,9127854448
15845,131476340,174407988,305884328,6,0,0,39936,12,3903415505
15846,131491770,174469044,305960814,4,0,0,16896,12,5348279090
15847,131493720,174364655,305858375,1,0,0,32256,6,4952675473
15848,131494710,174648701,306143411,3,0,0,512,9,10649732364
15849,131501880,207449933,338951813,2,0,1,1536,12,5090513212
15850,131504110,174624457,306128567,3,0,0,39424,9,10461707997
15851,131508510,174575672,306084182,6,0,0,41472,12,10380485008
15852,131521430,174813889,306335319,8,0,0,9216,12,5559004664
15853,131525740,174608281,306134021,9,0,0,13312,3,5386165815
15854,131529830,174575163,306104993,6,0,0,13824,12,8134470442
15855,131541990,174745436,306287426,4,0,0,104960,12,3010247299
15856,131553500,174778988,306332488,4,0,0,120320,12,3567987052
15857,131566700,174786917,306353617,9,0,0,24064,3,494808091
15858,131568070,174778192,306346262,4,0,0,35840,12,5724571708
15859,131572400,207379436,338951836,1,0,1,9728,6,6302405504
15860,131582090,207369769,338951859,2,0,1,14336,12,7829113105
15861,131586160,174780280,306366440,3,0,0,41984,9,8959921309
15862,131586490,174782364,306368854,7,0,0,6656,9,2772712160
15863,131607530,174850466,306457996,1,0,0,10752,6,4407215091
15864,131611090,174629611,306240701,9,0,0,6144,3,6147188749
15865,131615740,175007741,306623481,8,0,0,7680,12,10144190449
15866,131619520,174765706,306385226,3,0,0,15360,9,9705402667
15867,131623360,174977459,306600819,6,0,0,26624,12,5324833771
15868,131662670,207360742,339023412,0,0,1,19456,14,5394052666
15869,131667250,174951349,306618599,3,0,0,1536,9,6885482807
15870,131685020,174936098,306621118,1,0,0,8192,6,8874196546
15871,131725120,174827297,306552417,3,0,0,30208,9,9590693817
15872,131726750,174686129,306412879,5,0,0,1536,7,7196556092
15873,131729210,207294225,339023435,1,0,1,15872,6,1218140439
15874,131743090,174955496,306698586,9,0,0,40960,3,9076632789
15875,131763160,175010005,306773165,6,0,0,23040,12,3746914249
15876,131774400,174965275,306739675,1,0,0,4608,6,10194187100
15877,131784000,207307549,339091549,1,0,1,32768,6,10509635393
15878,131801070,174817038,306618108,9,0,0,41472,3,9640629575
15879,131808140,174674377,306482517,8,0,0,9728,12,7255771944
15880,131833660,174991660,306825320,5,0,0,39936,7,5094830905
15881,131836050,175391992,307228042,5,0,0,172032,7,2326997873
15882,131842649,208469882,340312531,7,0,1,687104,9,2393707198
15883,131855360,175226141,307081501,1,0,0,3072,6,2604082216
15884,131873510,175085066,306958576,3,0,0,102400,9,5442820601
15885,131875620,175538138,307413758,4,0,0,342016,12,4078488369
15886,131914360,175566711,307481071,1,0,0,80384,6,8773105609
15887,131981880,175022678,307004558,6,0,0,4096,12,4902929845
15888,131983140,175097402,307080542,5,0,0,92160,7,7310002006
15889,131984079,208625426,340609505,7,0,1,250368,9,10326838143
15890,131984620,208624908,340609528,8,0,1,14336,12,9526050866
15891,131988950,175031073,307020023,8,0,0,4096,12,9738332289
15892,132002380,175437609,307439989,8,0,0,86016,12,7399327330
15893,132003660,174917373,306921033,6,0,0,25600,12,8036540384
15894,132020310,208677037,340697347,0,0,1,55808,14,9861802513
15895,132027440,208670061,340697501,8,0,1,8704,12,4075578532
15896,132045490,175460009,307505499,1,0,0,76288,6,10175736469
15897,132053990,208644610,340698600,2,0,1,9728,12,7958749246
15898,132093720,175362836,307456556,5,0,0,54272,7,6231220123
15899,132119760,175143304,307263064,1,0,0,33792,6,6265533524
15900,132121010,175361199,307482209,3,0,0,3584,9,3667827881
15901,132130610,175102135,307232745,8,0,0,15360,12,9826186502
15902,132132099,208567807,340699906,6,0,1,2048,12,158459028
15903,132133020,208567040,340700060,0,0,1,8704,14,632311325
15904,132137800,208583725,340721525,1,0,1,5632,6,2847266153
15905,132154870,175079770,307234640,8,0,0,6144,12,6992180104
15906,132185619,208772057,340957676,7,0,1,136704,9,4399511237
15907,132187680,175111208,307298888,9,0,0,36352,3,5173831859
15908,132200990,175108529,307309519,9,0,0,34816,3,9392653302
15909,132203170,175389316,307592486,1,0,0,79872,6,3963536151
15910,132225150,208732549,340957699,8,0,1,10240,12,4360854513
15911,132230710,175277339,307508049,5,0,0,8192,7,7421363422
15912,132264229,208693493,340957722,4,0,1,3072,12,7904975163
15913,132282400,175460268,307742668,8,0,0,33792,12,5372320847
15914,132290630,175665490,307956120,5,0,0,221696,7,1608427834
15915,132301860,175248973,307550833,3,0,0,31232,9,6786224874
15916,132309140,175316690,307625830,1,0,0,17920,6,2896824327
15917,132324860,175238006,307562866,3,0,0,4096,9,5650507430
15918,132338510,175422263,307760773,6,0,0,29696,12,5747839170
15919,132344610,208641261,340985871,8,0,1,22528,12,9497580017
15920,132370129,208645795,341015924,4,0,1,56320,12,5053037442
15921,132373380,175245014,307618394,9,0,0,1536,3,5034988733
15922,132378950,175303312,307682262,9,0,0,7168,3,6721974465
15923,132385150,208630797,341015947,8,0,1,12288,12,8960169962
15924,132393600,208700943,341094543,3,0,1,43008,9,7269524675
15925,132397120,208716083,341113203,2,0,1,27648,12,5565057729
15926,132411299,208743623,341154922,6,0,1,40448,12,2379488473
15927,132413940,175181290,307595230,3,0,0,8704,9,4634059303
15928,132422370,175396294,307818664,8,0,0,27648,12,1989031932
15929,132442660,175523802,307966462,5,0,0,7168,7,5918674074
15930,132470510,175579459,308049969,6,0,0,58368,12,5292678118
15931,132485680,208677689,341163369,1,0,1,11776,6,2598267117
15932,132497430,175312787,307810217,5,0,0,29184,7,6473585238
15933,132498210,175292125,307790335,8,0,0,4608,12,8432923373
15934,132540290,208625985,341166275,0,0,1,4608,14,7064536572
15935,132559160,175411537,307970697,6,0,0,13824,12,10301692483
15936,132570470,175179241,307749711,3,0,0,23040,9,5787292433
15937,132585200,175395512,307980712,5,0,0,32768,7,147206127
15938,132591550,175828269,308419819,8,0,0,45568,12,9478126170
15939,132603900,175738680,308342580,6,0,0,36352,12,9951066695
15940,132614020,175350235,307964255,9,0,0,26624,3,9553826351
15941,132633100,175358978,307992078,6,0,0,10752,12,3063021474
15942,132645540,208586439,341231979,3,0,1,50176,9,3146997350
15943,132660610,175218757,307879367,6,0,0,2048,12,8595423188
15944,132665590,175501097,308166687,5,0,0,47104,7,8485599762
15945,132669920,175400857,308070777,9,0,0,3072,3,10693031141
15946,132683700,175676081,308359781,1,0,0,16384,6,6427223740
15947,132700600,175951062,308651662,1,0,0,7680,6,1329506925
15948,132702079,208532130,341234209,6,0,1,24576,12,8739643645
15949,132717750,208536228,341253978,5,0,1,15360,7,2081691466
15950,132717790,175496557,308214347,5,0,0,1536,7,9282634818
15951,132725020,175579777,308304797,5,0,0,78848,7,9267041602
15952,132728750,175485106,308213856,6,0,0,89088,12,1772251966
15953,132732929,209453353,342186282,7,0,1,583680,9,5353247207
15954,132741380,209486032,342227412,3,0,1,1024,9,5298629835
15955,132747720,175725528,308473248,3,0,0,53760,9,9053534024
15956,132749970,175769740,308519710,3,0,0,48640,9,3830753854
15957,132752570,209479028,342231598,2,0,1,6656,12,8528330307
15958,132755770,175882279,308638049,6,0,0,11264,12,6800125014
15959,132781080,209459876,342240956,3,0,1,24064,9,748669981
15960,132782070,175776821,308558891,9,0,0,1536,3,688803501
15961,132787480,176071855,308859335,5,0,0,39936,7,6836393172
15962,132791370,175778633,308570003,6,0,0,12800,12,6652644024
15963,132800270,176012508,308812778,1,0,0,88064,6,7212472272
15964,132808030,175884277,308692307,8,0,0,8192,12,3935630033
15965,132815520,209428662,342244182,0,0,1,5120,14,3105907907
15966,132818410,175830889,308649299,5,0,0,34816,7,8558238746
15967,132830940,175866999,308697939,6,0,0,4608,12,9751615369
15968,132834770,175942599,308777369,4,0,0,59392,12,9728459209
15969,132841239,209403929,342245168,4,0,1,1536,12,2284903388
15970,132854160,175961137,308815297,4,0,0,8192,12,8478016055
15971,132855320,176279189,309134509,8,0,0,22528,12,384370421
15972,132859850,209390170,342250020,3,0,1,7680,9,8468548881
15973,132863680,176295877,309159557,6,0,0,61440,12,10034263248
15974,132865220,176056607,308921827,1,0,0,23040,6,8742653197
15975,132866730,176452854,309319584,9,0,0,26624,3,4105428635
15976,132874890,209375694,342250584,3,0,1,10752,9,346154730
15977,132875590,209378877,342254467,8,0,1,6144,12,6470839192
15978,132877140,209406103,342283243,0,0,1,3072,14,204157354
15979,132878700,176349018,309227718,1,0,0,129536,6,2275680578
15980,132906639,209381430,342288069,4,0,1,7680,12,6374232924
15981,132906750,176191087,309097837,6,0,0,63488,12,2684527241
15982,132907030,176624246,309531276,6,0,0,40448,12,4820120738
15983,132922510,209375539,342298049,0,0,1,18944,14,2860496240
15984,132962300,176279399,309241699,6,0,0,10240,12,7154590204
15985,132965440,176201012,309166452,1,0,0,22528,6,7435531574
15986,132965750,209333605,342299355,1,0,1,2048,6,7556951106
15987,132973109,209344171,342317280,4,0,1,4608,12,1401136497
15988,132974770,209350229,342324999,0,0,1,14336,14,5250597510
15989,132976040,176191527,309167567,3,0,0,3584,9,848378897
15990,132980580,176091973,309072553,9,0,0,10752,3,9238963464
15991,132984060,176156754,309140814,3,0,0,5632,9,7169524363
15992,133005910,209321675,342327585,3,0,1,4096,9,8797826995
15993,133021270,176622194,309643464,4,0,0,32768,12,5442579031
15994,133022670,176390732,309413402,1,0,0,4608,6,3215047137
15995,133040970,176332394,309373364,1,0,0,121344,6,6894682082
15996,133057990,176800208,309858198,6,0,0,88576,12,10708647703
15997,133067490,209268139,342335629,3,0,1,512,9,10272092859
15998,133106170,176276935,309383105,4,0,0,28672,12,694419516
15999,133110770,209565575,342676345,5,0,1,62464,7,1039439506
16000,133114820,176545798,309660618,3,0,0,37376,9,5063171754
16001,133129050,176335464,309464514,6,0,0,102912,12,441717094
16002,133136400,176584961,309721361,3,0,0,3584,9,8234390185
16003,133143810,176373459,309517269,9,0,0,17408,3,9708781115
16004,133175430,176198893,309374323,4,0,0,3072,12,847605673
16005,133200250,209489734,342689984,8,0,1,14336,12,10205961969
16006,133222700,176497546,309720246,6,0,0,132096,12,3967359928
16007,133259970,176486542,309746512,1,0,0,27648,6,5649561194
16008,133274700,176192177,309466877,9,0,0,7680,3,10528669266
16009,133278370,176581454,309859824,1,0,0,4608,6,8816305274
16010,133291030,209518865,342809895,3,0,1,49152,9,1250322607
16011,133294250,176570937,309865187,4,0,0,12800,12,3032493030
16012,133298299,210077687,343375986,7,0,1,202752,9,3643976059
16013,133300980,210153550,343454530,0,0,1,3584,14,9564726001
16014,133312890,176230752,309543642,1,0,0,27136,6,1312283588
16015,133321050,176680315,310001365,1,0,0,25088,6,3898470262
16016,133322190,210174268,343496458,1,0,1,19968,6,591781703
16017,133332530,176445162,309777692,3,0,0,49664,9,10401063902
16018,133335980,176224505,309560485,1,0,0,26624,6,7667119119
16019,133349150,176186201,309535351,6,0,0,8704,12,2404426335
16020,133357060,210141664,343498724,0,0,1,3584,14,6367672523
16021,133364610,176373455,309738065,8,0,0,20480,12,7325053176
16022,133375570,176563236,309938806,1,0,0,48640,6,2909732238
16023,133407320,210150707,343558027,8,0,1,11264,12,3239581742
16024,133407750,176091336,309499086,9,0,0,4608,3,4292315203
16025,133412660,176487933,309900593,6,0,0,6144,12,7798183506
16026,133423600,210134450,343558050,2,0,1,1024,12,1001102010
16027,133426159,210439451,343865610,7,0,1,278016,9,8501583487
16028,133441999,210427477,343869476,6,0,1,6144,12,8960660646
16029,133442380,176671097,310113477,3,0,0,73728,9,971229016
16030,133473640,176499986,309973626,1,0,0,58880,6,53712362
16031,133485930,177084564,310570494,4,0,0,102400,12,4840441205
16032,133489440,210476261,343965701,8,0,1,30208,12,2571750588
16033,133533310,176902120,310435430,3,0,0,73728,9,6603444986
16034,133533320,176757959,310291279,4,0,0,44032,12,6196082313
16035,133546230,176866713,310412943,9,0,0,5120,3,7536109134
16036,133550460,176466108,310016568,3,0,0,37376,9,1207820701
16037,133573469,210641409,344214878,7,0,1,118784,9,4246585314
16038,133580340,176745206,310325546,5,0,0,100864,7,743626345
16039,133589089,210628948,344218037,6,0,1,23552,12,97103833
16040,133641330,176499064,310140394,3,0,0,11264,9,9889734657
16041,133642540,176621530,310264070,5,0,0,60416,7,2829327933
16042,133675350,176461581,310136931,6,0,0,52736,12,5345599619
16043,133680680,176536279,310216959,4,0,0,89600,12,880430925
16044,133682890,176262335,309945225,5,0,0,20992,7,9579626237
16045,133689150,176952799,310641949,9,0,0,31744,3,609730529
16046,133699380,176421452,310120832,6,0,0,24064,12,61679102
16047,133711750,176818427,310530177,8,0,0,89600,12,8316467986
16048,133715329,210532721,344248050,1,0,1,512,6,100727583
16049,133715920,176511822,310227742,8,0,0,5120,12,9935077862
16050,133723660,210598301,344321961,8,0,1,19456,12,624034774
16051,133738910,176435908,310174818,9,0,0,17408,3,4289967892
16052,133741850,210580134,344321984,2,0,1,12800,12,10075067176
16053,133746420,177191349,310937769,5,0,0,116224,7,5588784494
16054,133755240,210566767,344322007,5,0,1,18432,7,7371776258
16055,133768930,176890046,310658976,8,0,0,55808,12,8762168130
16056,133792049,211067088,344859137,7,0,1,220672,9,3206284790
16057,133800320,176907463,310707783,3,0,0,56320,9,3348088795
16058,133801179,211057981,344859160,1,0,1,18944,6,120392956
16059,133805880,211053303,344859183,3,0,1,12800,9,6914725757
16060,133812190,176539587,310351777,3,0,0,86016,9,10534030065
16061,133829609,211032116,344861725,4,0,1,19968,12,10170315967
16062,133835040,176567725,310402765,4,0,0,32256,12,2951086811
16063,133851090,211026749,344877839,5,0,1,35840,7,5978639661
16064,133883769,211058065,344941834,7,0,1,46080,9,2818908073
16065,133886960,176570821,310457781,6,0,0,13312,12,6700594591
16066,133887510,176651761,310539271,5,0,0,29696,7,5734613692
16067,133919640,211023833,344943473,2,0,1,13824,12,3437653606
16068,133969210,210977809,344947019,3,0,1,5632,9,1297841732
16069,133972400,176390601,310363001,8,0,0,4608,12,5389372286
16070,133979370,210972795,344952165,8,0,1,8192,12,3251729645
16071,133988060,176583861,310571921,8,0,0,4608,12,8960937437
16072,134003290,176610742,310614032,3,0,0,63488,9,7844820248
16073,134004320,176676091,310680411,6,0,0,16896,12,10077115172
16074,134008670,176577707,310586377,1,0,0,5632,6,5726290134
16075,134012380,176560368,310572748,9,0,0,2560,3,4608831173
16076,134033180,177207674,311240854,5,0,0,147456,7,3597378557
16077,134039100,176945618,310984718,4,0,0,100864,12,5121549293
16078,134039550,176677460,310717010,5,0,0,30208,7,5526825483
16079,134043869,211499578,345543447,7,0,1,320000,9,1173552303
16080,134055500,211492133,345547633,5,0,1,6656,7,8805355401
16081,134057080,211491936,345549016,5,0,1,14848,7,6127409176
16082,134059890,176928687,310988577,9,0,0,12288,3,281529460
16083,134068989,211481103,345550092,4,0,1,13312,12,3456721151
16084,134080160,177278635,311358795,1,0,0,72704,6,3492108222
16085,134096469,211629490,345725959,7,0,1,150528,9,7530402579
16086,134098119,212732498,346830617,7,0,1,858624,9,2912490371
16087,134105169,212725471,346830640,6,0,1,1024,12,8548792009
16088,134112350,212718313,346830663,8,0,1,15360,12,9345346391
16089,134120130,177646671,311766801,1,0,0,10752,6,5527296930
16090,134127690,212705865,346833555,3,0,1,20480,9,2505475212
16091,134156440,178144859,312301299,3,0,0,898048,9,5100317580
16092,134201190,177265840,311467030,8,0,0,50688,12,5826208197
16093,134202280,177133317,311335597,6,0,0,34304,12,10614501843
16094,134203380,177195709,311399089,9,0,0,35328,3,10152933105
16095,134212980,178348959,312561939,6,0,0,13312,12,3684453798
16096,134236110,178206328,312442438,9,0,0,104960,3,4909458983
16097,134239740,177148562,311388302,3,0,0,96768,9,8473994125
16098,134256020,177222613,311478633,8,0,0,6144,12,3065477198
16099,134261380,178417360,312678740,9,0,0,40448,3,1834141536
16100,134269370,177250556,311519926,9,0,0,62976,3,3233934762
16101,134275380,178129081,312404461,3,0,0,78848,9,8238068762
16102,134297560,178249981,312547541,6,0,0,60416,12,9272839215
16103,134316080,177601717,311917797,5,0,0,28672,7,821163331
16104,134316960,176841301,311158261,8,0,0,23040,12,6119955198
16105,134329760,177355639,311685399,6,0,0,134144,12,10367943606
16106,134338120,178230082,312568202,6,0,0,20480,12,5899262427
16107,134339420,177551699,311891119,3,0,0,34304,9,6814671749
16108,134351180,178168079,312519259,4,0,0,6144,12,2762286162
16109,134353140,177520058,311873198,4,0,0,4096,12,3987115877
16110,134358060,178022354,312380414,3,0,0,259584,9,7743083570
16111,134363870,177534995,311898865,0,0,0,14336,14,9133156348
16112,134364660,178193200,312557860,9,0,0,33792,3,8348497350
16113,134377790,178032645,312410435,6,0,0,10752,12,3160244885
16114,134385349,212457408,346842757,8,0,1,3584,12,2990185570
16115,134413199,212445589,346858788,1,0,1,25088,6,1554944831
16116,134415959,212596928,347012887,1,0,1,109056,6,2125978234
16117,134422780,177221589,311644369,5,0,0,1024,7,6293716021
16118,134428810,178182868,312611678,9,0,0,74752,3,8665206318
16119,134438740,212574403,347013143,2,0,1,9216,12,4363499129
16120,134446590,178347172,312793762,0,0,0,11776,14,6778597609
16121,134471180,177935956,312407136,9,0,0,8704,3,1633406675
16122,134475170,178022203,312497373,9,0,0,180224,3,2727411888
16123,134475510,178139958,312615468,8,0,0,8704,12,9822434428
16124,134476390,178052720,312529110,6,0,0,32256,12,1606128260
16125,134477490,178102131,312579621,4,0,0,37376,12,5410879068
16126,134499090,212515129,347014219,5,0,1,13312,7,7925039685
16127,134504900,178231995,312736895,5,0,0,32256,7,6821425505
16128,134508290,178147316,312655606,8,0,0,131584,12,341499126
16129,134509290,178346535,312855825,8,0,0,66560,12,613402077
16130,134514470,178002894,312517364,3,0,0,65536,9,3102570276
16131,134514770,178175225,312689995,8,0,0,36864,12,9673063094
16132,134534130,178174296,312708426,3,0,0,60416,9,4882193073
16133,134540129,212502682,347042811,6,0,1,11264,12,6812788811
16134,134544191,178044657,312588848,2,0,0,30208,12,1990917489
16135,134561260,178224469,312785729,6,0,0,159744,12,410281686
16136,134597050,178125751,312722801,3,0,0,47104,9,9053816726
16137,134625990,212452578,347078568,2,0,1,22016,12,5702905355
16138,134635710,178030683,312666393,5,0,0,35328,7,129042465
16139,134645599,212433221,347078820,1,0,1,13824,6,5405751848
16140,134650050,178276659,312926709,6,0,0,58880,12,1562291574
16141,134694140,178195794,312889934,8,0,0,111616,12,229137411
16142,134698750,177914043,312612793,9,0,0,3584,3,9436340902
16143,134720680,178114803,312835483,9,0,0,35840,3,8566996890
16144,134731319,212366299,347097618,1,0,1,56320,6,5047752815
16145,134744430,178241337,312985767,8,0,0,27136,12,6073398144
16146,134774580,178128371,312902951,6,0,0,42496,12,7549123283
16147,134791649,212361370,347153019,6,0,1,7680,12,885005126
16148,134792010,177998141,312790151,6,0,0,14336,12,4877493317
16149,134793930,178568361,313362291,8,0,0,71168,12,949400706
16150,134803480,212349562,347153042,0,0,1,34816,14,7100045123
16151,134808430,177918606,312727036,9,0,0,13824,3,9059269979
16152,134813880,178094866,312908746,3,0,0,18944,9,207885401
16153,134821630,212331435,347153065,2,0,1,5632,12,7145258455
16154,134836640,178705082,313541722,6,0,0,35328,12,7116556153
16155,134842210,212310878,347153088,3,0,1,13312,9,4267384960
16156,134851369,212431161,347282530,6,0,1,43520,12,10301515958
16157,134856560,178102290,312958850,5,0,0,48128,7,1491411922
16158,134858940,177965577,312824517,3,0,0,100864,9,1498322176
16159,134864360,178073292,312937652,9,0,0,35840,3,482464035
16160,134874090,178726881,313600971,3,0,0,20480,9,6338633652
16161,134874720,212582883,347457603,0,0,1,40448,14,2642907656
16162,134887379,212572467,347459846,1,0,1,16896,6,5175788807
16163,134895820,212606198,347502018,8,0,1,14336,12,5920096922
16164,134898260,178225119,313123379,6,0,0,5120,12,749373982
16165,134905550,178619871,313525421,6,0,0,90624,12,10054294067
16166,134932280,212571364,347503644,5,0,1,2560,7,6404582739
16167,134944360,178142956,313087316,5,0,0,2560,7,8303459969
16168,134970040,178007436,312977476,5,0,0,47104,7,9519983299
16169,134975250,178400572,313375822,4,0,0,40448,12,8641765752
16170,134983300,178271813,313255113,8,0,0,118784,12,10523972700
16171,134996990,178073298,313070288,8,0,0,15872,12,5212315482
16172,134997620,178008559,313006179,5,0,0,20992,7,3688112810
16173,134997630,212609799,347607429,5,0,1,4608,7,5928124630
16174,135018350,178012416,313030766,6,0,0,7168,12,3796774161
16175,135026920,178087962,313114882,8,0,0,58368,12,8160344511
16176,135055210,178031303,313086513,3,0,0,46592,9,817238373
16177,135072060,177942506,313014566,3,0,0,24576,9,6172410392
16178,135083980,178482459,313566439,5,0,0,26624,7,10125640219
16179,135121090,178192874,313313964,3,0,0,37376,9,1382411236
16180,135128420,212492879,347621299,0,0,1,3584,14,5748622971
16181,135134570,178012482,313147052,6,0,0,34816,12,7695945221
16182,135143150,178066479,313209629,3,0,0,14848,9,4625654535
16183,135143530,212496151,347639681,0,0,1,31744,14,395177553
16184,135191430,178022336,313213766,3,0,0,5632,9,5317499124
16185,135221510,178100277,313321787,6,0,0,25600,12,6596360387
16186,135224080,178273683,313497763,3,0,0,69632,9,2478705370
16187,135249490,178308814,313558304,6,0,0,25088,12,9855546786
16188,135301040,178175484,313476524,3,0,0,74240,9,8800981860
16189,135304870,212411181,347716051,5,0,1,27648,7,4257886923
16190,135336089,213414528,348750617,7,0,1,332800,9,4169007964
16191,135344150,178358034,313702184,6,0,0,29696,12,3019786425
16192,135375100,213376183,348751283,2,0,1,11264,12,608405519
16193,135407580,178343600,313751180,8,0,0,24576,12,951858362
16194,135438840,213316629,348755469,3,0,1,6656,9,7757632443
16195,135440720,178252393,313693113,8,0,0,74752,12,6381494658
16196,135455910,177830908,313286818,3,0,0,14336,9,10471262312
16197,135480850,177850476,313331326,8,0,0,31232,12,5472558821
16198,135489430,178410161,313899591,5,0,0,10240,7,2808990115
16199,135508800,178201675,313710475,6,0,0,27136,12,7715062860
16200,135520610,178542374,314062984,8,0,0,56832,12,189119932
16201,135525620,178218049,313743669,5,0,0,79360,7,9667785529
16202,135534040,178707863,314241903,6,0,0,43008,12,1934405749
16203,135593740,213169715,348763455,2,0,1,18432,12,10485628190
16204,135604550,178484977,314089527,4,0,0,87040,12,843815983
16205,135607980,177942657,313550637,3,0,0,29184,9,1838537974
16206,135625830,213151257,348777087,8,0,1,6144,12,1750624807
16207,135639480,178304674,313944154,3,0,0,76288,9,3429637752
16208,135661550,178802983,314464533,5,0,0,86528,7,9576053886
16209,135667790,178167373,313835163,8,0,0,60928,12,5288790067
16210,135687270,178068792,313756062,8,0,0,2048,12,378257514
16211,135692480,213086548,348779028,8,0,1,9728,12,4677706912
16212,135697920,177957226,313655146,8,0,0,72704,12,9560799961
16213,135725270,178075986,313801256,8,0,0,25600,12,9482563119
16214,135744090,178145061,313889151,6,0,0,76800,12,3138810984
16215,135757579,213074341,348831920,4,0,1,8704,12,4225599183
16216,135796820,177776743,313573563,6,0,0,17408,12,9758265935
16217,135810740,177643141,313453881,8,0,0,18944,12,9131034437
16218,135813240,177456322,313269562,3,0,0,3072,9,3708388224
16219,135816779,213941119,349757898,7,0,1,435712,9,8271798781
16220,135824790,178154450,313979240,4,0,0,52736,12,4211561152
16221,135829330,177701574,313530904,6,0,0,17920,12,3800887612
16222,135861820,213896101,349757921,0,0,1,1536,14,6526618984
16223,135900510,178109979,314010489,8,0,0,35328,12,10123386732
16224,135902719,213855225,349757944,4,0,1,5632,12,10681309218
16225,135913300,178315468,314228768,5,0,0,122880,7,9852126832
16226,135922790,178776262,314699052,3,0,0,32256,9,6121358251
16227,135925070,178262936,314188006,8,0,0,113152,12,4944866749
16228,135946970,214045088,349992058,3,0,1,50176,9,5900061979
16229,135951580,214040501,349992081,3,0,1,7680,9,3033924996
16230,135967050,214025054,349992104,3,0,1,19968,9,5373713740
16231,135967080,178950516,314917596,0,0,0,207872,14,5597352398
16232,135988949,214003178,349992127,1,0,1,512,6,7996634336
16233,135988970,177959263,313948233,3,0,0,13312,9,7984853768
16234,135991120,214001030,349992150,2,0,1,7680,12,6570736783
16235,135994220,178490775,314484995,8,0,0,24064,12,1438321598
16236,135998520,177756895,313755415,5,0,0,13824,7,9153710952
16237,136029480,178106066,314135546,3,0,0,65536,9,5410204498
16238,136044950,178146355,314191305,8,0,0,10752,12,9206012767
16239,136053600,177904016,313957616,5,0,0,30720,7,1488276221
16240,136055710,179575950,315631660,4,0,0,1114624,12,5470216666
16241,136057980,213934193,349992173,5,0,1,12800,7,2841944513
16242,136075780,178287619,314363399,6,0,0,62464,12,10225115164
16243,136080740,178488017,314568757,8,0,0,50176,12,2467956345
16244,136114619,213889620,350004239,6,0,1,12288,12,1034139531
16245,136114790,177991608,314106398,5,0,0,55296,7,552492775
16246,136129010,178134298,314263308,0,0,0,24064,14,9266212192
16247,136135579,213868683,350004262,8,0,1,7168,12,7334335024
16248,136154710,178272154,314426864,8,0,0,30208,12,1141973471
16249,136158899,213845885,350004784,1,0,1,31232,6,1942255509
16250,136159840,179128118,315287958,8,0,0,28672,12,5403249305
16251,136160590,213899726,350060316,3,0,1,29696,9,9717943740
16252,136167090,178841736,315008826,9,0,0,53248,3,1318071754
16253,136169730,213915459,350085189,5,0,1,55808,7,2837865328
16254,136178610,178636142,314814752,6,0,0,35328,12,4480533216
16255,136202140,178972653,315174793,1,0,0,11264,6,7327095610
16256,136203000,213882220,350085220,5,0,1,10240,7,6624062369
16257,136207889,214285246,350493135,7,0,1,110592,9,6667999059
16258,136241090,179630646,315871736,1,0,0,204800,6,465342211
16259,136243570,179432330,315675900,8,0,0,92672,12,5367064026
16260,136246349,214334603,350580952,1,0,1,6656,6,5283649369
16261,136250770,214353700,350604470,8,0,1,25088,12,4565166875
16262,136262739,214464178,350726917,7,0,1,24576,9,154859743
16263,136283590,179429420,315713010,1,0,0,45056,6,9569994922
16264,136284210,178758098,315042308,0,0,0,3584,14,7934531350
16265,136294170,178937348,315231518,1,0,0,23552,6,7826891795
16266,136333060,178320722,314653782,8,0,0,28672,12,4418989859
16267,136345010,178826328,315171338,7,0,0,4096,9,7546312334
16268,136346710,179300931,315647641,3,0,0,14336,9,8611411399
16269,136351350,178570481,314921831,3,0,0,13824,9,2114789562
16270,136358530,179450783,315809313,6,0,0,115712,12,1407777837
16271,136363140,179615155,315978295,8,0,0,46592,12,7572882352
16272,136363730,178806314,315170044,6,0,0,80896,12,8179659275
16273,136379570,214481053,350860623,8,0,1,25088,12,1707997117
16274,136380170,214481119,350861289,0,0,1,1024,14,8274115511
16275,136386130,179387211,315773341,1,0,0,116736,6,5119341545
16276,136387700,214474255,350861955,3,0,1,1024,9,9876810392
16277,136388540,178288209,314676749,7,0,0,56320,9,9505303128
16278,136396919,214903864,351300783,7,0,1,286208,9,10022258173
16279,136406939,214925321,351332260,1,0,1,21504,6,3723580614
16280,136422460,178507573,314930033,3,0,0,8192,9,3270697828
16281,136423510,179270110,315693620,0,0,0,33280,14,8929807205
16282,136432930,179459802,315892732,9,0,0,68608,3,155055543
16283,136437169,214909099,351346268,4,0,1,11776,12,5135752208
16284,136447960,179471602,315919562,9,0,0,76800,3,7386463915
16285,136463710,214949488,351413198,3,0,1,38400,9,4581893440
16286,136471890,179516911,315988801,6,0,0,34304,12,4331949565
16287,136500039,214913182,351413221,6,0,1,1024,12,4691441786
16288,136505920,179137330,315643250,9,0,0,37888,3,4476552313
16289,136506060,179491592,315997652,7,0,0,17920,9,2851745157
16290,136521239,214892005,351413244,6,0,1,10752,12,4629514570
16291,136525110,179428647,315953757,6,0,0,112128,12,1488688863
16292,136541920,179594387,316136307,5,0,0,218112,7,6262374070
16293,136549039,214864228,351413267,4,0,1,5632,12,1404706086
16294,136559170,178425577,314984747,3,0,0,512,9,324204067
16295,136561010,179166843,315727853,5,0,0,48640,7,1027343946
16296,136564380,179173347,315737727,5,0,0,32256,7,10496835211
16297,136579100,179460163,316039263,9,0,0,124416,3,5324703956
16298,136583139,214830151,351413290,1,0,1,36352,6,10001225505
16299,136587960,178686547,315274507,7,0,0,36864,9,2672978539
16300,136596980,179299051,315896031,5,0,0,10752,7,8030136946
16301,136597470,179472342,316069812,8,0,0,41472,12,10714107168
16302,136624930,179074329,315699259,7,0,0,18432,9,9022157606
16303,136668700,179482792,316151492,3,0,0,49152,9,877574127
16304,136674050,179009384,315683434,1,0,0,20480,6,4776362231
16305,136681550,179307430,315988980,5,0,0,512,7,5483564126
16306,136705970,179068018,315773988,0,0,0,2048,14,7987282512
16307,136714210,179249866,315964076,7,0,0,33792,9,5204134900
16308,136726659,214686654,351413313,1,0,1,15360,6,6038673917
16309,136730980,179324218,316055198,8,0,0,52224,12,5120755412
16310,136733719,214687752,351421471,1,0,1,31744,6,6188459124
16311,136749280,179252006,316001286,1,0,0,11776,6,3776465153
16312,136749840,178927331,315677171,3,0,0,4096,9,2897463957
16313,136754439,214667055,351421494,7,0,1,1024,9,2283605409
16314,136756690,214664835,351421525,0,0,1,18944,14,5524055359
16315,136756910,179235259,315992169,6,0,0,10240,12,5284649035
16316,136760530,179791319,316551849,1,0,0,199680,6,42422792
16317,136760960,179805108,316566068,1,0,0,46592,6,6220891817
16318,136767030,214654518,351421548,0,0,1,1536,14,1395399169
16319,136771630,179987033,316758663,6,0,0,109568,12,2993566942
16320,136780380,179944229,316724609,6,0,0,154624,12,3667769536
16321,136797409,214648364,351445773,1,0,1,24064,6,97351250
16322,136802770,179975439,316778209,7,0,0,46080,9,661043668
16323,136803530,214666334,351469864,3,0,1,20992,9,7850074419
16324,136816310,179798678,316614988,5,0,0,49664,7,1919749355
16325,136822640,179429364,316252004,5,0,0,13312,7,10205107569
16326,136836599,214653822,351490421,1,0,1,1536,6,9586914107
16327,136838890,179455198,316294088,1,0,0,45568,6,16114059
16328,136845500,179211484,316056984,7,0,0,5632,9,9132950648
16329,136849550,179376942,316226492,5,0,0,10240,7,8043635583
16330,136856640,179743193,316599833,3,0,0,18944,9,3393144084
16331,136860340,179952967,316813307,0,0,0,8192,14,778673074
16332,136870980,180135317,317006297,7,0,0,119296,9,3660680843
16333,136879670,179332915,316212585,0,0,0,26112,14,2578194385
16334,136887530,179285304,316172834,5,0,0,6656,7,4808390546
16335,136893130,180076796,316969926,5,0,0,143360,7,9324107949
16336,136893139,214604361,351497500,4,0,1,33792,12,5232956274
16337,136907990,179744905,316652895,7,0,0,44032,9,7596630171
16338,136936869,214562262,351499131,7,0,1,9216,9,9554875182
16339,136952590,214547207,351499797,8,0,1,1024,12,8693347346
16340,136957361,179955426,316912787,2,0,0,37888,12,3335453877
16341,136959790,180675175,317634965,5,0,0,16896,7,3015709455
16342,136963050,179762206,316725256,7,0,0,2048,9,1779530181
16343,136966450,180975212,317941662,1,0,0,76288,6,3952783013
16344,136966660,179797486,316764146,9,0,0,17920,3,9257218085
16345,136982140,180168764,317150904,0,0,0,39424,14,9520627377
16346,136990190,180016956,317007146,6,0,0,2560,12,2974350266
16347,137001370,179913289,316914659,9,0,0,5120,3,773502333
16348,137002370,214517468,351519838,8,0,1,13312,12,7996260519
16349,137003090,214519175,351522265,2,0,1,18432,12,2278955240
16350,137005610,180132075,317137685,5,0,0,134656,7,10141194411
16351,137009780,179584258,316594038,3,0,0,88064,9,7484664314
16352,137012440,179361119,316373559,1,0,0,18944,6,9665851123
16353,137016550,179768881,316785431,7,0,0,23552,9,7589191760
16354,137019570,179852934,316872504,0,0,0,42496,14,1349805312
16355,137020200,179991516,317011716,9,0,0,7168,3,6753750993
16356,137022301,179788487,316810788,2,0,0,82944,12,10619884560
16357,137045060,180769378,317814438,3,0,0,40448,9,4337809444
16358,137055060,180131382,317186442,8,0,0,50176,12,9132739794
16359,137068670,180179571,317248241,1,0,0,202752,6,5499280191
16360,137074080,214460697,351534777,8,0,1,7680,12,2151557269
16361,137083250,179940266,317023516,9,0,0,30208,3,623016459
16362,137087680,179479503,316567183,3,0,0,3584,9,8045781892
16363,137097320,180320000,317417320,7,0,0,7680,9,2540033208
16364,137108430,179711000,316819430,0,0,0,19968,14,5388641587
16365,137108460,214444804,351553264,2,0,1,24064,12,8749105382
16366,137109870,180478089,317587959,8,0,0,87552,12,4143724103
16367,137115129,214459934,351575063,6,0,1,17408,12,545710368
16368,137131070,214445838,351576908,2,0,1,31744,12,3091186553
16369,137142819,214503311,351646130,7,0,1,20480,9,7677757633
16370,137151460,214595969,351747429,3,0,1,3584,9,4438405941
16371,137153560,180260126,317413686,0,0,0,106496,14,5891748917
16372,137163190,214587887,351751077,2,0,1,16896,12,852653589
16373,137178080,214591672,351769752,0,0,1,8704,14,7540477522
16374,137179390,214688804,351868194,2,0,1,69120,12,393338675
16375,137181960,214814185,351996145,0,0,1,25600,14,9335956719
16376,137196630,179456444,316653074,5,0,0,512,7,6163134956
16377,137208920,180352340,317561260,6,0,0,31232,12,10462770890
16378,137226190,179834935,317061125,7,0,0,63488,9,1085606954
16379,137227859,214868306,352096165,1,0,1,18944,6,6627761056
16380,137257250,214917966,352175216,5,0,1,7680,7,3328129970
16381,137260040,180207878,317467918,7,0,0,78848,9,7524456432
16382,137262590,180518387,317780977,5,0,0,10752,7,10181050855
16383,137263370,214912205,352175575,5,0,1,9728,7,2007185019
16384,137275680,214963809,352239489,3,0,1,42496,9,4573844529
16385,137302550,214941445,352243995,8,0,1,7168,12,7515784781
16386,137306280,179832589,317138869,4,0,0,3584,12,3719233846
16387,137308210,179701299,317009509,3,0,0,7680,9,7065545463
16388,137309650,180792721,318102371,5,0,0,18432,7,2063059729
16389,137318610,180906631,318225241,3,0,0,151552,9,8569535754
16390,137319520,180549173,317868693,1,0,0,22016,6,6261398503
16391,137321390,180389807,317711197,0,0,0,20992,14,381027266
16392,137331530,180207122,317538652,1,0,0,32768,6,6194313249
16393,137339820,180958075,318297895,7,0,0,46080,9,1520413167
16394,137342170,180904985,318247155,8,0,0,22528,12,10078518761
16395,137355540,180713308,318068848,7,0,0,131584,9,2862638507
16396,137369120,180127111,317496231,3,0,0,34304,9,5290838952
16397,137371090,179895386,317266476,3,0,0,2560,9,680544560
16398,137382140,179943717,317325857,1,0,0,33792,6,1507193466
16399,137383280,180060583,317443863,8,0,0,87040,12,2295137147
16400,137402780,180374898,317777678,4,0,0,38912,12,7768845446
16401,137404999,214996850,352401849,6,0,1,12800,12,3608873614
16402,137425260,214976612,352401872,8,0,1,12800,12,5094433107
16403,137437560,180480835,317918395,4,0,0,44544,12,5119916467
16404,137442869,215010443,352453312,4,0,1,43520,12,8189321129
16405,137447589,215005746,352453335,1,0,1,2560,6,3203923836
16406,137456630,215017117,352473747,2,0,1,33280,12,5139990006
16407,137462420,179788504,317250924,0,0,0,8704,14,6417953658
16408,137467790,215094951,352562741,5,0,1,22528,7,5530527609
16409,137473570,180322718,317796288,8,0,0,50176,12,2561976875
16410,137477180,180524005,318001185,4,0,0,98304,12,4827750189
16411,137479550,180931463,318411013,1,0,0,95232,6,5528690270
16412,137490090,181068427,318558517,0,0,0,33280,14,2986062562
16413,137501229,215152381,352653610,1,0,1,14848,6,10124940185
16414,137501910,179983823,317485733,1,0,0,58368,6,10367039438
16415,137502770,180188144,317690914,8,0,0,36864,12,7542153082
16416,137510580,180118008,317628588,3,0,0,4608,9,4058581768
16417,137512430,180443630,317956060,6,0,0,20480,12,8576985051
16418,137517430,180942501,318459931,4,0,0,61440,12,7246863585
16419,137520490,180106648,317627138,4,0,0,128512,12,5640888421
16420,137521130,215138976,352660106,8,0,1,9216,12,6705442637
16421,137556090,215125989,352682079,2,0,1,4096,12,5544885773
16422,137559239,215123159,352682398,4,0,1,23552,12,5748980612
16423,137564730,180276136,317840866,0,0,0,53248,14,7017275149
16424,137584190,179830767,317414957,9,0,0,4096,3,10379988202
16425,137591440,180786158,318377598,3,0,0,8192,9,6145750278
16426,137603970,215079889,352683859,2,0,1,14848,12,1675794221
16427,137607100,215141677,352748777,5,0,1,24576,7,999143575
16428,137614480,180913657,318528137,8,0,0,35328,12,6857602993
16429,137617579,215133024,352750603,1,0,1,9216,6,10538749658
16430,137623260,180503685,318126945,5,0,0,9728,7,8542037337
16431,137642900,180159183,317802083,9,0,0,18944,3,2513291407
16432,137650959,215181488,352832447,4,0,1,28672,12,3151649312
16433,137652450,180444251,318096701,0,0,0,30720,14,8693865736
16434,137652750,181086764,318739514,4,0,0,116224,12,2043574065
16435,137658610,180291187,317949797,0,0,0,26624,14,7139652187
16436,137662410,180358789,318021199,8,0,0,16896,12,9148309392
16437,137665870,180421432,318087302,3,0,0,55808,9,8480872461
16438,137668270,215205730,352874000,2,0,1,18944,12,8671074570
16439,137673420,181105375,318778795,0,0,0,29696,14,8684956213
16440,137679570,215214444,352894014,0,0,1,7168,14,10388286698
16441,137690150,180592444,318282594,8,0,0,5632,12,8696368448
16442,137696810,215224082,352920892,5,0,1,24064,7,6787863024
16443,137705020,180948993,318654013,0,0,0,179712,14,4696613476
16444,137712500,180568355,318280855,5,0,0,29696,7,3941131960
16445,137735730,180434613,318170343,3,0,0,19968,9,9544352084
16446,137742630,180149762,317892392,7,0,0,26112,9,5051110046
16447,137743820,215177095,352920915,5,0,1,14336,7,6694934225
16448,137747730,180794517,318542247,8,0,0,31232,12,6558889039
16449,137748350,180321925,318070275,9,0,0,4608,3,2469077315
16450,137753690,180090787,317844477,8,0,0,11776,12,9060462302
16451,137759330,180397633,318156963,0,0,0,16384,14,7846365984
16452,137765110,180056426,317821536,5,0,0,4608,7,690504749
16453,137770730,180245298,318016028,9,0,0,48640,3,2569702300
16454,137811909,215145021,352956930,4,0,1,39936,12,6454968153
16455,137819580,180209130,318028710,5,0,0,24576,7,1015762895
16456,137824920,180320218,318145138,0,0,0,22528,14,9296423071
16457,137826689,215198549,353025238,6,0,1,21504,12,1256867388
16458,137834600,180713754,318548354,4,0,0,19968,12,997440876
16459,137849120,180272125,318121245,0,0,0,6144,14,6714236497
16460,137855090,180416671,318271761,9,0,0,54272,3,8578678793
16461,137863130,180988286,318851416,1,0,0,18432,6,4446509090
16462,137863789,215210087,353073876,1,0,1,10240,6,8245244726
16463,137877810,180375414,318253224,7,0,0,6656,9,608605200
16464,137879129,215194770,353073899,4,0,1,3584,12,9580244433
16465,137879220,180465825,318345045,7,0,0,10240,9,293250135
16466,137904849,215186123,353090972,6,0,1,21504,12,8654828070
16467,137905220,180750064,318655284,7,0,0,4096,9,4949813806
16468,137906430,215254354,353160784,8,0,1,11264,12,6259392851
16469,137919000,180921138,318840138,0,0,0,185856,14,1356239914
16470,137934989,215225818,353160807,6,0,1,512,12,2324374607
16471,137941840,180295124,318236964,4,0,0,38400,12,9249309364
16472,137941990,180298255,318240245,9,0,0,10240,3,1274917715
16473,137942110,180203363,318145473,4,0,0,1024,12,2178389712
16474,137952650,215350153,353302803,5,0,1,27648,7,3398729788
16475,137960459,215423489,353383948,7,0,1,2048,9,1440326049
16476,137961730,180142083,318103813,3,0,0,4096,9,8036191121
16477,137982400,215479621,353462021,3,0,1,26624,9,5895653414
16478,138008390,180739259,318747649,5,0,0,26624,7,8645343277
16479,138017630,181209090,319226720,9,0,0,158208,3,3201213148
16480,138023890,215529654,353553544,3,0,1,20992,9,5515707012
16481,138032450,181002485,319034935,7,0,0,66560,9,10041059080
16482,138037890,180957162,318995052,9,0,0,130048,3,9688688853
16483,138038140,180374768,318412908,1,0,0,6144,6,7535848125
16484,138056690,180460637,318517327,8,0,0,83456,12,4670092553
16485,138062590,215737931,353800521,8,0,1,7680,12,10348754963
16486,138086989,215888682,353975671,7,0,1,19456,9,1019224326
16487,138102490,215940196,354042686,2,0,1,27648,12,1000397416
16488,138107130,180211251,318318381,4,0,0,22016,12,8688752471
16489,138125820,216042450,354168270,5,0,1,4096,7,7082759792
16490,138129340,180654147,318783487,3,0,0,14848,9,762465339
16491,138130870,180398234,318529104,4,0,0,3072,12,3103865583
16492,138131970,216092736,354224706,3,0,1,13824,9,1451254790
16493,138134450,181121043,319255493,1,0,0,8704,6,6934291223
16494,138149850,180897715,319047565,1,0,0,30208,6,3669365409
16495,138156810,180688967,318845777,1,0,0,18432,6,8499917209
16496,138171751,180408534,318580285,2,0,0,17920,12,3685289832
16497,138192700,181060118,319252818,9,0,0,76288,3,2906333319
16498,138202230,216093985,354296215,5,0,1,16896,7,418360899
16499,138211060,180493019,318704079,4,0,0,34304,12,7219996528
16500,138218440,216081001,354299441,8,0,1,5120,12,1980431209
16501,138225760,181472892,319698652,0,0,0,122880,14,8326497845
16502,138238450,181085604,319324054,4,0,0,77312,12,512790984
16503,138252030,180280061,318532091,1,0,0,9728,6,2878842404
16504,138253660,181253878,319507538,3,0,0,78336,9,6447720627
16505,138273059,216028328,354301387,4,0,1,3072,12,8621815949
16506,138276720,180863780,319140500,5,0,0,14848,7,3671961928
16507,138281080,181118998,319400078,1,0,0,9728,6,8931771946
16508,138285310,180848423,319133733,4,0,0,74752,12,205058199
16509,138288810,180803611,319092421,1,0,0,25600,6,10136899298
16510,138289079,216046996,354336075,7,0,1,2048,9,1971595769
16511,138296530,181028795,319325325,3,0,0,4096,9,8744855610
16512,138306520,180648885,318955405,9,0,0,30208,3,1197491122
16513,138309950,181297866,319607816,8,0,0,33280,12,5140876835
16514,138313160,181713606,320026766,9,0,0,356352,3,6970232607
16515,138317940,181459718,319777658,7,0,0,19968,9,1326697982
16516,138329470,216136347,354465817,2,0,1,6656,12,3031991353
16517,138335790,180716946,319052736,5,0,0,16896,7,308319173
16518,138340370,180225623,318565993,7,0,0,5120,9,5092883761
16519,138344649,216366028,354710677,7,0,1,60928,9,7334994467
16520,138373810,181045258,319419068,7,0,0,20992,9,4975986217
16521,138375170,180911858,319287028,3,0,0,103424,9,4398805109
16522,138381089,216354288,354735377,4,0,1,8704,12,3300810694
16523,138385500,181271298,319656798,0,0,0,26624,14,9723707853
16524,138393910,180355322,318749232,7,0,0,5120,9,7910226513
16525,138404029,216401733,354805762,6,0,1,25088,12,5327830207
16526,138413550,180743398,319156948,7,0,0,29696,9,3325856131
16527,138420199,216386024,354806223,1,0,1,10240,6,9450502141
16528,138424670,180804881,319229551,9,0,0,9216,3,1945220267
16529,138427570,180715605,319143175,1,0,0,8704,6,1344174431
16530,138431760,181043794,319475554,5,0,0,28672,7,9582695659
16531,138456880,181096327,319553207,4,0,0,83456,12,4639623300
16532,138463590,181404535,319868125,5,0,0,29696,7,936706495
16533,138467450,180929641,319397091,4,0,0,86016,12,3288562627
16534,138475360,181103643,319579003,7,0,0,73728,9,6454752586
16535,138475860,180854012,319329872,0,0,0,14848,14,1669697678
16536,138488110,181173079,319661189,0,0,0,14336,14,9584000061
16537,138489350,216374924,354864274,0,0,1,5632,14,2307751087
16538,138498910,181230007,319728917,4,0,0,28160,12,1968825978
16539,138499180,181014465,319513645,4,0,0,19968,12,5569705869
16540,138514020,181695081,320209101,4,0,0,54784,12,10220121856
16541,138536210,181529937,320066147,6,0,0,32256,12,8359347614
16542,138543230,216390671,354933901,2,0,1,4608,12,3882411568
16543,138545290,181541986,320087276,9,0,0,23552,3,7238468853
16544,138551400,181217164,319768564,4,0,0,130048,12,4606723458
16545,138555660,180744815,319300475,4,0,0,44032,12,5596783371
16546,138559300,181329604,319888904,5,0,0,68096,7,750330446
16547,138562660,180956380,319519040,3,0,0,17408,9,3561944433
16548,138566310,181258542,319824852,1,0,0,28160,6,10558585491
16549,138569480,181613188,320182668,5,0,0,227328,7,6717209314
16550,138583600,180817749,319401349,8,0,0,4096,12,5490915156
16551,138590460,180993714,319584174,5,0,0,16896,7,1599204275
16552,138593950,181112748,319706698,3,0,0,8704,9,6742184917
16553,138604439,216389950,354994389,4,0,1,25088,12,789333567
16554,138615140,181229859,319844999,5,0,0,66048,7,9852290223
16555,138615970,216439561,355055531,0,0,1,19968,14,10158904653
16556,138633970,181624514,320258484,9,0,0,26112,3,1114152641
16557,138640680,181719399,320360079,3,0,0,36352,9,5645012033
16558,138657490,181114061,319771551,3,0,0,9728,9,7668098096
16559,138659280,181420797,320080077,1,0,0,21504,6,10315674941
16560,138663839,216391715,355055554,4,0,1,11264,12,8849409347
16561,138664080,181696490,320360570,0,0,0,1536,14,4171593653
16562,138673210,181222581,319895791,4,0,0,22528,12,7111204898
16563,138685820,181609285,320295105,7,0,0,116736,9,355762656
16564,138717180,180839336,319556516,8,0,0,1024,12,5398726966
16565,138726530,181608045,320334575,1,0,0,84480,6,3711092286
16566,138753520,181338943,320092463,1,0,0,16896,6,7613197258
16567,138762960,181293336,320056296,5,0,0,41984,7,5447311052
16568,138768030,182003459,320771489,0,0,0,64512,14,2034640678
16569,138778530,181080524,319859054,7,0,0,15872,9,10054214019
16570,138787900,182061180,320849080,6,0,0,69120,12,4944972794
16571,138793040,216304158,355097198,2,0,1,6144,12,3631510327
16572,138814560,181628018,320442578,3,0,0,22528,9,813649287
16573,138820350,181410154,320230504,8,0,0,70144,12,6344866534
16574,138828900,216268321,355097221,8,0,1,512,12,8875097914
16575,138836960,181353531,320190491,4,0,0,25600,12,2235978993
16576,138837230,216260014,355097244,2,0,1,2560,12,1291208485
16577,138846450,181539091,320385541,4,0,0,6144,12,2679877592
16578,138855620,181924963,320780583,4,0,0,24064,12,3087950580
16579,138860290,181213212,320073502,4,0,0,24064,12,1159018631
16580,138870180,182060019,320930199,5,0,0,15360,7,5976881265
16581,138870789,216292752,355163541,6,0,1,21504,12,7579147340
16582,138903839,216278162,355182001,1,0,1,1024,6,3105003227
16583,138904120,181725694,320629814,0,0,0,79872,14,321780017
16584,138910280,216276867,355187147,5,0,1,8192,7,2086409842
16585,138916900,180982034,319898934,5,0,0,10240,7,2328551636
16586,138920040,181590212,320510252,9,0,0,93184,3,2005944638
16587,138925060,181118421,320043481,1,0,0,54784,6,8965301056
16588,138929500,181417788,320347288,4,0,0,20992,12,3086815483
16589,138951450,181785284,320736734,1,0,0,265728,6,3036963867
16590,138997770,181830227,320827997,5,0,0,23552,7,1817473576
16591,139012830,181179556,320192386,3,0,0,6144,9,4066952032
16592,139031190,181304820,320336010,1,0,0,4608,6,5701945687
16593,139037920,181270892,320308812,0,0,0,24064,14,9736926081
16594,139058220,181452679,320510899,4,0,0,2048,12,7742935516
16595,139068180,182473918,321542098,4,0,0,121344,12,6584936660
16596,139076839,216110462,355187301,4,0,1,8704,12,10331432661
16597,139081890,182184856,321266746,7,0,0,81920,9,5007329304
16598,139087770,181347829,320435599,7,0,0,46080,9,5064432050
16599,139094220,181307457,320401677,4,0,0,1024,12,4943087972
16600,139122509,216076578,355199087,6,0,1,7680,12,5044938483
16601,139130440,181106327,320236767,7,0,0,20480,9,2857642609
16602,139141360,182458896,321600256,3,0,0,3584,9,6911649171
16603,139142839,216878541,356021380,1,0,1,43008,6,4490250159
16604,139143920,182021583,321165503,1,0,0,47104,6,1210516988
16605,139146920,181274616,320421536,3,0,0,49152,9,10702577172
16606,139153840,216900270,356054110,5,0,1,7680,7,7638736945
16607,139163799,216893217,356057016,7,0,1,4608,9,743879944
16608,139168020,181345554,320513574,3,0,0,8704,9,8849846600
16609,139172000,181637466,320809466,9,0,0,94720,3,5401820738
16610,139187970,181718529,320906499,5,0,0,38400,7,6588524381
16611,139189840,181256403,320446243,7,0,0,11776,9,4596616577
16612,139192240,181214297,320406537,0,0,0,11264,14,2569930120
16613,139198320,217318226,356516546,2,0,1,10240,12,8798570830
16614,139202730,181138139,320340869,0,0,0,15872,14,9445868314
16615,139224390,217292179,356516569,3,0,1,3072,9,6989505543
16616,139236750,182033295,321270045,4,0,0,10752,12,7249105232
16617,139239590,181511230,320750820,3,0,0,13312,9,4360531
16618,139240630,181511172,320751802,5,0,0,3072,7,371697032
16619,139243910,217272682,356516592,8,0,1,9728,12,2427350283
16620,139269270,181742933,321012203,7,0,0,65536,9,9451511057
16621,139275400,181471341,320746741,9,0,0,32768,3,7394827711
16622,139279430,181871698,321151128,7,0,0,70144,9,4993877841
16623,139281090,217235525,356516615,8,0,1,25600,12,3949595737
16624,139281850,181589321,320871171,3,0,0,40448,9,4429682854
16625,139298680,181670951,320969631,0,0,0,40960,14,9497658274
16626,139305640,182395944,321701584,9,0,0,34816,3,5254263870
16627,139314330,181319251,320633581,8,0,0,12288,12,8089553719
16628,139333780,182473188,321806968,4,0,0,79872,12,8934522382
16629,139338760,181639630,320978390,7,0,0,28672,9,3710842162
16630,139355940,181417288,320773228,8,0,0,5632,12,592394447
16631,139360049,217156589,356516638,1,0,1,2560,6,2959174153
16632,139372359,217144302,356516661,4,0,1,3584,12,8908083505
16633,139375690,181805622,321181312,1,0,0,49664,6,9046035069
16634,139375710,181854980,321230690,7,0,0,133120,9,501233482
16635,139385390,182380717,321766107,4,0,0,51712,12,4010772421
16636,139390800,182038656,321429456,0,0,0,89088,14,8938611008
16637,139393679,217315657,356709336,7,0,1,36352,9,2036319649
16638,139393710,182481471,321875181,0,0,0,100864,14,2228586140
16639,139398860,182084196,321483056,5,0,0,111104,7,1970736977
16640,139405910,182541435,321947345,0,0,0,134656,14,9656807059
16641,139417400,182132209,321549609,5,0,0,24576,7,1589729788
16642,139422840,182452832,321875672,0,0,0,1536,14,5002075484
16643,139426990,181919916,321346906,4,0,0,14336,12,1215014617
16644,139430800,182604166,322034966,8,0,0,94208,12,6356503856
16645,139434820,182009660,321444480,9,0,0,17408,3,4954497446
16646,139444400,181846030,321290430,1,0,0,27136,6,1083758508
16647,139448360,217746402,357194762,3,0,1,13824,9,4204207231
16648,139459439,217813172,357272611,7,0,1,2048,9,8375332612
16649,139463700,181971076,321434776,5,0,0,9216,7,8590635457
16650,139465670,182573710,322039380,3,0,0,11776,9,6153049457
16651,139498240,182005142,321503382,7,0,0,17920,9,2119688508
16652,139501800,181731432,321233232,7,0,0,8192,9,6720234314
16653,139504039,217768595,357272634,4,0,1,1024,12,2245729677
16654,139511140,181725547,321236687,1,0,0,11264,6,9555966257
16655,139531880,182104801,321636681,3,0,0,29184,9,1760764775
16656,139543050,181787978,321331028,8,0,0,2560,12,7167947846
16657,139547070,182559542,322106612,0,0,0,101376,14,7916938737
16658,139573490,182567511,322141001,3,0,0,9216,9,9518273070
16659,139580030,181972098,321552128,0,0,0,8192,14,195936296
16660,139584149,217793432,357377581,4,0,1,25088,12,3568100563
16661,139592090,181320845,320912935,1,0,0,4096,6,8741158128
16662,139606130,182119221,321725351,9,0,0,15360,3,2228681373
16663,139610930,182079532,321690462,3,0,0,116736,9,8466912222
16664,139622720,182642553,322265273,3,0,0,18944,9,4572747818
16665,139627080,217909049,357536129,3,0,1,48640,9,7688596797
16666,139643940,181915566,321559506,9,0,0,12800,3,9380329904
16667,139670100,182050548,321720648,9,0,0,21504,3,6795613420
16668,139671650,182234644,321906294,9,0,0,24064,3,5543911319
16669,139677820,182504419,322182239,4,0,0,32768,12,338572905
16670,139687470,182003483,321690953,8,0,0,1536,12,3781532044
16671,139691790,181704550,321396340,1,0,0,30208,6,9233870063
16672,139698910,181798989,321497899,4,0,0,48640,12,8539718346
16673,139700080,182263980,321964060,0,0,0,23552,14,2641292689
16674,139706329,217829823,357536152,6,0,1,8704,12,10138013728
16675,139719220,182031108,321750328,8,0,0,55296,12,7522257819
16676,139721770,217814405,357536175,2,0,1,2048,12,2006043510
16677,139723810,217930961,357654771,0,0,1,32768,14,157766773
16678,139749010,182080133,321829143,7,0,0,72704,9,2118464981
16679,139750279,217904515,357654794,7,0,1,1536,9,7515952196
16680,139760950,181794633,321555583,7,0,0,11264,9,6336521365
16681,139761970,182136969,321898939,7,0,0,76288,9,4640369046
16682,139771320,182264449,322035769,4,0,0,2560,12,9671651236
16683,139785040,182059386,321844426,4,0,0,35328,12,10271264135
16684,139794309,217860508,357654817,6,0,1,2560,12,921097018
16685,139795550,182376674,322172224,5,0,0,102400,7,5763535673
16686,139807120,182416395,322223515,0,0,0,91136,14,6751806844
16687,139808890,217845950,357654840,3,0,1,15872,9,7909771765
16688,139808960,182546121,322355081,8,0,0,58368,12,5280023510
16689,139826040,182312107,322138147,0,0,0,103424,14,9755661311
16690,139834160,182798880,322633040,4,0,0,90112,12,5987136589
16691,139869530,182510268,322379798,9,0,0,61440,3,1222956905
16692,139879410,182573651,322453061,9,0,0,88576,3,6985545029
16693,139880430,182819968,322700398,5,0,0,98304,7,4584332774
16694,139882050,217844806,357726856,2,0,1,8704,12,9796597429
16695,139904310,182476071,322380381,0,0,0,1536,14,8315005485
16696,139913119,217857518,357770637,7,0,1,34816,9,1199319764
16697,139916780,182143238,322060018,7,0,0,67584,9,5649410775
16698,139924270,182803942,322728212,7,0,0,72704,9,6337522865
16699,139927650,182493983,322421633,9,0,0,23552,3,3009703545
16700,139937620,182258081,322195701,7,0,0,28160,9,3384583260
16701,139945510,182613930,322559440,7,0,0,115712,9,4345671323
16702,139954459,217937831,357892290,1,0,1,41472,6,2477831921
16703,139956040,182108213,322064253,8,0,0,13824,12,9954149110
16704,139963300,182521159,322484459,1,0,0,16896,6,7923956642
16705,139970230,182548363,322518593,9,0,0,16896,3,9821926580
16706,139971770,182323018,322294788,4,0,0,25600,12,7830870995
16707,139991130,217901183,357892313,5,0,1,6144,7,2141793758
16708,140001949,217890387,357892336,6,0,1,23552,12,6173840205
16709,140004989,217888329,357893318,7,0,1,22528,9,6331384655
16710,140005410,181943830,321949240,3,0,0,6144,9,3339149452
16711,140019370,182764002,322783372,3,0,0,94208,9,2695011619
16712,140031240,182833983,322865223,7,0,0,10752,9,1916700207
16713,140036210,182275580,322311790,9,0,0,29696,3,9398362352
16714,140039360,182759530,322798890,9,0,0,39424,3,1469410823
16715,140044940,182923789,322968729,1,0,0,97280,6,973285881
16716,140056570,182698075,322754645,7,0,0,8192,9,3489130968
16717,140057220,182245499,322302719,3,0,0,4608,9,609754439
16718,140062990,182124108,322187098,0,0,0,15872,14,844356369
16719,140066170,182432605,322498775,0,0,0,35840,14,427868413
16720,140075000,182262274,322337274,9,0,0,33280,3,417900226
16721,140075170,182425968,322501138,8,0,0,7680,12,10420591637
16722,140077250,182283782,322361032,3,0,0,19456,9,9007706469
16723,140096600,182481271,322577871,1,0,0,60416,6,5207222733
16724,140107900,182218236,322326136,8,0,0,11264,12,1709732202
16725,140109370,217783971,357893341,3,0,1,512,9,3599655360
16726,140113430,182862498,322975928,9,0,0,23552,3,6349352195
16727,140125720,182454982,322580702,3,0,0,9216,9,6613135364
16728,140141740,182763458,322905198,7,0,0,82944,9,4452998649
16729,140142110,182644745,322786855,7,0,0,2560,9,2622101971
16730,140148360,182441881,322590241,0,0,0,31232,14,5045309265
16731,140148690,182359170,322507860,3,0,0,16896,9,10093593536
16732,140154619,217738745,357893364,4,0,1,13312,12,5320509536
16733,140163420,182588706,322752126,7,0,0,15872,9,6579981561
16734,140165010,182130425,322295435,4,0,0,2048,12,864857974
16735,140175220,182609579,322784799,0,0,0,4608,14,3330883893
16736,140182800,182817042,322999842,4,0,0,69632,12,3324753274
16737,140183310,182668312,322851622,8,0,0,2560,12,10468033149
16738,140192510,217707327,357899837,2,0,1,30720,12,2254420758
16739,140198750,217716132,357914882,2,0,1,3072,12,2177513133
16740,140203430,217867747,358071177,5,0,1,22016,7,2626384568
16741,140215820,182855524,323071344,8,0,0,89600,12,2779043463
16742,140217600,182604473,322822073,8,0,0,27648,12,8054298498
16743,140226520,217844680,358071200,8,0,1,4096,12,1390399400
16744,140229240,217841983,358071223,0,0,1,1024,14,9347671498
16745,140232290,182514977,322747267,8,0,0,62464,12,1335063370
16746,140240200,182465837,322706037,7,0,0,18432,9,2737407556
16747,140242570,183007374,323249944,8,0,0,52736,12,2739413353
16748,140296080,182533987,322830067,8,0,0,13312,12,1750068677
16749,140307680,182813166,323120846,7,0,0,80896,9,494166874
16750,140313890,183075303,323389193,1,0,0,135168,6,10286886288
16751,140319870,183015538,323335408,9,0,0,34304,3,3795665538
16752,140327240,182651363,322978603,8,0,0,8704,12,3284963609
16753,140333500,183215909,323549409,3,0,0,35328,9,7325112193
16754,140354740,182874254,323228994,0,0,0,126976,14,3381607079
16755,140356810,217726650,358083460,8,0,1,25600,12,3135565907
16756,140372290,217711193,358083483,8,0,1,11264,12,3104318455
16757,140373110,183227403,323600513,3,0,0,62976,9,6171867436
16758,140376000,183090303,323466303,0,0,0,235520,14,9784592729
16759,140377130,182747015,323124145,4,0,0,10752,12,8120084755
16760,140379940,183090286,323470226,4,0,0,12800,12,1002859718
16761,140381430,183013090,323394520,1,0,0,17408,6,9252884996
16762,140382490,183490332,323872822,3,0,0,51712,9,431468027
16763,140395000,183082893,323477893,9,0,0,25088,3,2304148377
16764,140396110,217687396,358083506,8,0,1,8192,12,8719416426
16765,140415560,183406338,323821898,4,0,0,54784,12,10660324023
16766,140421821,182580072,323001893,2,0,0,6656,12,5300742879
16767,140427050,183267855,323694905,4,0,0,32256,12,792754811
16768,140428851,182827044,323255895,2,0,0,19456,12,10719439050
16769,140431800,217802563,358234363,0,0,1,43008,14,2815489522
16770,140447630,183347078,323794708,1,0,0,45056,6,7557979959
16771,140450840,183099372,323550212,9,0,0,2560,3,9661014457
16772,140451810,182698297,323150107,0,0,0,6656,14,4103890736
16773,140459020,182615467,323074487,4,0,0,10240,12,6426742874
16774,140466570,183338613,323805183,1,0,0,34304,6,2225903470
16775,140481870,182751983,323233853,9,0,0,15872,3,8494594044
16776,140483770,183054852,323538622,5,0,0,109056,7,2178950305
16777,140485640,182785936,323271576,9,0,0,28672,3,10097676517
16778,140506010,182642046,323148056,3,0,0,36352,9,6367492644
16779,140516570,182558907,323075477,9,0,0,3072,3,2651834603
16780,140517481,183375066,323892547,2,0,0,30720,12,9990609225
16781,140519659,217714727,358234386,7,0,1,26112,9,8088432372
16782,140521869,217728661,358250530,6,0,1,29184,12,2984802122
16783,140548700,183083803,323632503,8,0,0,10240,12,10196154565
16784,140554099,218635545,359189644,4,0,1,44544,12,2492636361
16785,140558401,183342336,323900737,2,0,0,13312,12,2466653082
16786,140586740,218606450,359193190,5,0,1,5632,7,9994158983
16787,140613670,183481166,324094836,8,0,0,41984,12,3063913170
16788,140623150,182958152,323581302,9,0,0,101888,3,3376977952
16789,140654690,183470121,324124811,1,0,0,98304,6,3474095943
16790,140660720,182825308,323486028,4,0,0,26624,12,2881903643
16791,140672340,183404872,324077212,9,0,0,168448,3,5089279347
16792,140673570,183089367,323762937,8,0,0,74240,12,5034363191
16793,140673830,182662693,323336523,8,0,0,3584,12,6935549940
16794,140679010,183086914,323765924,8,0,0,9728,12,5543548858
16795,140679470,218516306,359195776,3,0,1,4096,9,7855540962
16796,140687150,183208072,323895222,4,0,0,8704,12,3604680781
16797,140707010,182909149,323616159,4,0,0,30208,12,3324855763
16798,140708950,183685256,324394206,9,0,0,40960,3,2097130359
16799,140717030,218565350,359282380,3,0,1,23552,9,861108144
16800,140726649,218825818,359552467,1,0,1,10240,6,831110226
16801,140736621,183871217,324607838,2,0,0,184320,12,7856006527
16802,140737700,183749985,324487685,9,0,0,48640,3,46673802
16803,140744260,218808230,359552490,9,0,1,7680,3,7052336415
16804,140764400,182842532,323606932,8,0,0,20992,12,2864984042
16805,140782070,183101094,323883164,1,0,0,22016,6,2218050833
16806,140793441,182826501,323619942,2,0,0,12288,12,5289556478
16807,140796370,182907300,323703670,3,0,0,13312,9,2234732900
16808,140801360,218972584,359773944,9,0,1,23040,3,9956820492
16809,140806600,183322914,324129514,5,0,0,15360,7,396854856
16810,140812390,183199208,324011598,3,0,0,57856,9,3287945899
16811,140818880,183894217,324713097,6,0,0,210432,12,8208145145
16812,140819701,183102409,323922110,2,0,0,28672,12,5127556055
16813,140820040,183056393,323876433,3,0,0,11776,9,6908998879
16814,140826630,183334563,324161193,1,0,0,93696,6,9912131871
16815,140844620,183512758,324357378,9,0,0,81408,3,6954980489
16816,140852641,184010140,324862781,2,0,0,34304,12,9886824322
16817,140875160,184112801,324987961,9,0,0,176128,3,8728987379
16818,140889851,183600821,324490672,2,0,0,9728,12,10209382038
16819,140892320,183900708,324793028,8,0,0,24064,12,3027134367
16820,140893030,184234459,325127489,1,0,0,80384,6,4272406913
16821,140905839,218876918,359782757,4,0,1,26112,12,3523119111
16822,140908140,218888882,359797022,0,0,1,7168,14,8839959223
16823,140914100,183356730,324270830,0,0,0,8192,14,6466250952
16824,140927690,183604195,324531885,9,0,0,42496,3,5745865241
16825,140959920,218838084,359798004,3,0,1,5120,9,1885302441
16826,140966640,183051610,324018250,4,0,0,17920,12,10502416375
16827,140977530,183100352,324077882,1,0,0,2048,6,10009003361
16828,140983980,183229665,324213645,0,0,0,28672,14,2274822146
16829,140984910,183780539,324765449,0,0,0,171520,14,5291236083
16830,140988169,218832368,359820537,7,0,1,14848,9,4837755397
16831,140993059,219205899,360198958,7,0,1,61952,9,8784716798
16832,140999111,183248743,324247854,2,0,0,8704,12,3276633388
16833,141002910,219196071,360198981,8,0,1,3584,12,8468224706
16834,141021830,184210238,325232068,9,0,0,56832,3,9633481487
16835,141025650,183984205,325009855,1,0,0,57856,6,9143245737
16836,141063720,219135284,360199004,0,0,1,19968,14,10073248592
16837,141067230,184246831,325314061,3,0,0,57344,9,6003812948
16838,141069991,183306664,324376655,2,0,0,28160,12,8586359950
16839,141085230,183783042,324868272,3,0,0,17920,9,2279578253
16840,141086750,183924532,325011282,8,0,0,4608,12,984070175
16841,141093200,183523184,324616384,9,0,0,20992,3,6609381967
16842,141106610,183306495,324413105,5,0,0,61952,7,3753513407
16843,141112310,219086717,360199027,5,0,1,2048,7,8052157984
16844,141113380,183398577,324511957,1,0,0,7168,6,1464544812
16845,141117210,219189718,360306928,0,0,1,29184,14,4886193132
16846,141146970,183638626,324785596,0,0,0,66048,14,5918288857
16847,141155510,183652829,324808339,8,0,0,50176,12,9515633891
16848,141191150,183650284,324841434,3,0,0,108544,9,7610362844
16849,141212120,183720563,324932683,3,0,0,17920,9,8078211015
16850,141224080,219118181,360342261,2,0,1,11264,12,1925193845
16851,141227971,183837927,325065898,2,0,0,7680,12,6648393472
16852,141234990,219107294,360342284,5,0,1,2048,7,8077296659
16853,141244130,183683070,324927200,9,0,0,67584,3,9257581785
16854,141250281,184522021,325772302,2,0,0,77312,12,10120161311
16855,141262710,183643867,324906577,4,0,0,111104,12,9142868585
16856,141266390,183581665,324848055,7,0,0,4608,9,10193603346
16857,141272910,183336401,324609311,7,0,0,4608,9,6055508218
16858,141277130,219065177,360342307,3,0,1,13824,9,3618341027
16859,141292759,219090208,360382967,7,0,1,14848,9,8190959207
16860,141307430,183334886,324642316,9,0,0,15360,3,9930303819
16861,141312551,183713682,325026233,2,0,0,28672,12,10271228901
16862,141325330,184160413,325485743,3,0,0,50176,9,7992468301
16863,141332140,183540554,324872694,4,0,0,14336,12,6220088143
16864,141360160,184531044,325891204,0,0,0,73216,14,9476797213
16865,141365550,183871533,325237083,9,0,0,16384,3,6396675656
16866,141367300,183479328,324846628,8,0,0,16896,12,2332796207
16867,141367890,219015295,360383185,2,0,1,9216,12,341406899
16868,141394820,184199381,325594201,3,0,0,87040,9,7657868961
16869,141395450,183456840,324852290,8,0,0,13824,12,7045325278
16870,141405900,218991691,360397591,5,0,1,6656,7,3545079060
16871,141406340,183585864,324992204,9,0,0,13824,3,3325895066
16872,141430660,183741925,325172585,8,0,0,67072,12,9709944908
16873,141435070,183659587,325094657,7,0,0,66048,9,7109279853
16874,141438910,183495356,324934266,3,0,0,5120,9,727377250
16875,141452619,218946578,360399197,1,0,1,25088,6,9824211014
16876,141457569,218943398,360400967,1,0,1,33280,6,5857380636
16877,141476030,183539689,325015719,4,0,0,14336,12,6940849609
16878,141481250,184587896,326069146,8,0,0,81408,12,1721260863
16879,141492051,183864674,325356725,2,0,0,122368,12,9392368873
16880,141501080,183767907,325268987,8,0,0,20480,12,9492887534
16881,141502059,218928701,360430760,1,0,1,14336,6,5426223307
16882,141506570,218952304,360458874,2,0,1,27136,12,6281972606
16883,141507280,184682760,326190040,7,0,0,43520,9,3527229565
16884,141513410,183774351,325287761,7,0,0,57344,9,6023472028
16885,141535009,218955865,360490874,1,0,1,26624,6,4348839740
16886,141538190,218982808,360520998,5,0,1,5632,7,9992578768
16887,141542480,184962419,326504899,4,0,0,49152,12,6529457736
16888,141562900,218958121,360521021,5,0,1,21504,7,8471764558
16889,141584980,184776780,326361760,0,0,0,13312,14,4376245611
16890,141587870,183912940,325500810,8,0,0,43008,12,8363474191
16891,141588699,219009195,360597894,1,0,1,29696,6,849432987
16892,141605990,183961668,325567658,0,0,0,31232,14,8858771235
16893,141626410,183799316,325425726,4,0,0,48640,12,5556087824
16894,141630330,183991171,325621501,4,0,0,48640,12,9952424163
16895,141639960,184022862,325662822,7,0,0,32256,9,8225503169
16896,141641950,183572779,325214729,4,0,0,74752,12,2892594973
16897,141643880,219024360,360668240,2,0,1,11776,12,10533910471
16898,141656350,183727285,325383635,7,0,0,23040,9,2321003431
16899,141658470,219011716,360670186,8,0,1,3072,12,9948322241
16900,141668920,219150910,360819830,3,0,1,28160,9,1250588117
16901,141693420,183777012,325470432,7,0,0,43008,9,4046160827
16902,141718220,219175666,360893886,3,0,1,7680,9,2908371404
16903,141729460,185245353,326974813,8,0,0,16384,12,3214241939
16904,141731700,184829420,326561120,9,0,0,18944,3,1658984376
16905,141742910,185171154,326914064,1,0,0,35328,6,3512222849
16906,141759320,219353114,361112434,0,0,1,18432,14,3331709188
16907,141762230,219350227,361112457,9,0,1,12800,3,6046334422
16908,141810450,183877717,325688167,8,0,0,9216,12,519012670
16909,141817999,219294481,361112480,1,0,1,1536,6,5158037457
16910,141819370,183698831,325518201,0,0,0,28160,14,3791300965
16911,141827320,219285183,361112503,3,0,1,2560,9,6489637838
16912,141829209,219283317,361112526,4,0,1,13824,12,1335689156
16913,141837219,219384626,361221845,1,0,1,10240,6,4553477942
16914,141840281,185210367,327050648,2,0,0,27648,12,2937729110
16915,141843640,183827317,325670957,9,0,0,26624,3,4656055322
16916,141847570,183796574,325644144,3,0,0,74240,9,3481375979
16917,141860790,183643989,325504779,8,0,0,12800,12,8603093419
16918,141865260,183939361,325804621,1,0,0,72704,6,2418417109
16919,141867130,183837187,325704317,9,0,0,38912,3,8600601179
16920,141886419,219375202,361261621,6,0,1,13312,12,6227140563
16921,141895089,219366555,361261644,4,0,1,4608,12,6957240581
16922,141898270,219392124,361290394,9,0,1,5120,3,2965195249
16923,141908680,184116188,326024868,0,0,0,12288,14,7477196230
16924,141929600,219423274,361352874,2,0,1,31744,12,165837629
16925,141944940,184702130,326647070,4,0,0,62976,12,6300777139
16926,141950470,184047684,325998154,0,0,0,9728,14,4761804953
16927,141975620,185226102,327201722,0,0,0,103936,14,10372670551
16928,141977291,184130745,326108036,2,0,0,74752,12,8057050639
16929,141985660,219496794,361482454,0,0,1,2048,14,2850416361
16930,141986080,184316272,326302352,8,0,0,184320,12,794405062
16931,141986370,183658623,325644993,3,0,0,2560,9,8576077826
16932,141989109,219657399,361646508,4,0,1,32256,12,2961913151
16933,141989890,184404041,326393931,7,0,0,79872,9,7094749893
16934,141995930,183833174,325829104,5,0,0,30720,7,10231941726
16935,141998441,183946157,325944598,2,0,0,20480,12,10027128187
16936,142000729,219671143,361671872,1,0,1,20992,6,7814457056
16937,142014991,184130640,326145631,2,0,0,6656,12,8725853978
16938,142037350,184085240,326122590,4,0,0,47616,12,4513435291
16939,142041660,184372730,326414390,7,0,0,67072,9,9626068422
16940,142045260,184039977,326085237,3,0,0,52736,9,6580851183
16941,142057070,184566220,326623290,1,0,0,14848,6,4427505945
16942,142060420,184294422,326354842,7,0,0,33792,9,6472243578
16943,142060590,184356209,326416799,7,0,0,7680,9,750831372
16944,142062200,184170857,326233057,0,0,0,5120,14,5180537865
16945,142080960,184092266,326173226,7,0,0,24064,9,1772241142
16946,142083350,184238681,326322031,1,0,0,64512,6,5639972439
16947,142101380,184720062,326821442,5,0,0,152064,7,8485963158
16948,142106411,184855206,326961617,2,0,0,88064,12,9976625665
16949,142107380,219564515,361671895,5,0,1,5120,7,5540061851
16950,142121270,185144022,327265292,8,0,0,59392,12,1564821265
16951,142127370,185378181,327505551,1,0,0,60416,6,686647162
16952,142133180,184966575,327099755,7,0,0,157184,9,368018699
16953,142137020,184785933,326922953,9,0,0,11264,3,7580229564
16954,142147690,184209983,326357673,3,0,0,9216,9,2046945618
16955,142156870,219602334,361759204,3,0,1,7168,9,983190897
16956,142157911,185575133,327733044,2,0,0,23552,12,3393292407
16957,142159901,185125314,327285215,2,0,0,57856,12,1536590397
16958,142160510,185761920,327922430,0,0,0,45056,14,6503358053
16959,142161350,184261579,326422929,1,0,0,19968,6,3408927174
16960,142186680,184280541,326467221,8,0,0,3584,12,1384359616
16961,142204040,219555187,361759227,5,0,1,1536,7,7210621359
16962,142212660,184643180,326855840,9,0,0,512,3,943686296
16963,142221661,184452419,326674080,2,0,0,29184,12,6434523662
16964,142229120,184227165,326456285,3,0,0,10752,9,8427037729
16965,142232820,185903966,328136786,0,0,0,90624,14,480617298
16966,142237720,184337093,326574813,9,0,0,10240,3,1031081470
16967,142241910,219554727,361796637,2,0,1,31232,12,3990145818
16968,142244990,184756185,327001175,3,0,0,45056,9,2707191125
16969,142250760,184519780,326770540,9,0,0,82944,3,10180310948
16970,142254370,185382596,327636966,9,0,0,168960,3,5699325559
16971,142275810,219520850,361796660,3,0,1,9216,9,6976966112
16972,142296180,219500503,361796683,0,0,1,512,14,4086863253
16973,142302750,184243898,326546648,5,0,0,11776,7,8097531559
16974,142303030,184472057,326775087,4,0,0,14848,12,2348523857
16975,142305530,219491176,361796706,0,0,1,512,14,5909249848
16976,142308930,219487799,361796729,9,0,1,1024,3,5038252386
16977,142311240,184292265,326603505,5,0,0,1536,7,7608737781
16978,142329300,184563977,326893277,1,0,0,25088,6,8947752211
16979,142353630,184340065,326693695,9,0,0,6144,3,3853067641
16980,142369360,184457128,326826488,9,0,0,3072,3,9045931207
16981,142374740,184370505,326745245,9,0,0,60416,3,10160019054
16982,142383300,185941172,328324472,3,0,0,5120,9,8239453076
16983,142385870,184278099,326663969,9,0,0,9216,3,5568824609
16984,142388530,184436991,326825521,3,0,0,13312,9,7231457355
16985,142389950,184741353,327131303,3,0,0,36352,9,8862892118
16986,142401049,219441468,361842517,6,0,1,13312,12,3389539837
16987,142411730,219430810,361842540,2,0,1,8192,12,7096800354
16988,142436870,219618113,362054983,5,0,1,26112,7,6885201695
16989,142437129,219617877,362055006,4,0,1,6144,12,6957812986
16990,142445790,184979454,327425244,4,0,0,65024,12,4312584807
16991,142449130,219620492,362069622,2,0,1,26624,12,841880162
16992,142480390,184682366,327162756,8,0,0,33280,12,10564371654
16993,142487120,186157356,328644476,4,0,0,100352,12,753335154
16994,142497700,185228145,327725845,7,0,0,3072,9,8500715432
16995,142501791,184467961,326969752,2,0,0,26624,12,9364371890
16996,142503710,219565935,362069645,3,0,1,4096,9,6666515285
16997,142518430,184590396,327108826,3,0,0,29696,9,2178113508
16998,142520380,184413382,326933762,1,0,0,3072,6,8689104511
16999,142529870,186213576,328743446,8,0,0,71168,12,2241487001
17000,142532070,184472946,327005016,1,0,0,1024,6,6721029114
17001,142545500,184905686,327451186,6,0,0,38912,12,4067401243
17002,142552170,184767612,327319782,3,0,0,3072,9,3227849991
17003,142552860,185125937,327678797,1,0,0,137216,6,5012869234
17004,142565840,184472817,327038657,6,0,0,5632,12,5186852016
17005,142568990,184918122,327487112,5,0,0,89088,7,2058552055
17006,142571570,186430193,329001763,4,0,0,134144,12,735578962
17007,142572550,184327170,326899720,0,0,0,9216,14,3548695366
17008,142574480,184453492,327027972,3,0,0,22528,9,2798282423
17009,142589920,184579693,327169613,6,0,0,12288,12,8510767386
17010,142591020,184445700,327036720,0,0,0,14336,14,4109145068
17011,142592340,184789325,327381665,6,0,0,15360,12,7128835875
17012,142597890,184841417,327439307,6,0,0,46080,12,5208507487
17013,142610960,219488105,362099065,2,0,1,2048,12,901585836
17014,142611690,185160876,327772566,8,0,0,71680,12,2326054309
17015,142614340,219484748,362099088,5,0,1,9216,7,5343967121
17016,142627270,219471841,362099111,3,0,1,9728,9,860069278
17017,142630630,184517528,327148158,3,0,0,36864,9,10361503741
17018,142630890,219487968,362118858,3,0,1,7168,9,1539546326
17019,142634009,219521279,362155288,7,0,1,8192,9,10571801524
17020,142637870,184916265,327554135,9,0,0,7168,3,10321055962
17021,142641280,185553247,328194527,0,0,0,52736,14,933655612
17022,142644370,186429796,329074166,8,0,0,27648,12,6555638353
17023,142650650,185256880,327907530,3,0,0,6144,9,3570099618
17024,142650940,219504371,362155311,3,0,1,2048,9,4832690922
17025,142652980,185061431,327714411,7,0,0,116736,9,7108568387
17026,142656650,184452846,327109496,6,0,0,2048,12,5656317829
17027,142663730,185210484,327874214,3,0,0,48128,9,4976161875
17028,142676620,219478714,362155334,9,0,1,4096,3,8203964520
17029,142680080,219924520,362604600,5,0,1,51200,7,5411937632
17030,142683360,185469267,328152627,8,0,0,50176,12,368966770
17031,142706370,184813076,327519446,8,0,0,512,12,10658861869
17032,142710430,220292512,363002942,2,0,1,32256,12,4000948005
17033,142715591,185373812,328089403,2,0,0,16896,12,3278204720
17034,142728431,184996455,327724886,2,0,0,34304,12,3138326279
17035,142728480,185777342,328505822,1,0,0,38400,6,5731863168
17036,142736610,185876846,328613456,7,0,0,22528,9,5071854269
17037,142748489,220392366,363140855,7,0,1,33792,9,9636602245
17038,142761740,185322492,328084232,6,0,0,181760,12,6087015686
17039,142779820,220361058,363140878,5,0,1,15872,7,9890628497
17040,142780251,184768553,327548804,2,0,0,4608,12,8807011720
17041,142780850,184969845,327750695,5,0,0,57856,7,9401780959
17042,142795620,186586103,329381723,7,0,0,37376,9,455464787
17043,142797680,184662265,327459945,3,0,0,28672,9,3488781935
17044,142802900,185966309,328769209,7,0,0,84480,9,1269441596
17045,142803730,185369824,328173554,5,0,0,68608,7,1441732950
17046,142807410,186827896,329635306,7,0,0,45568,9,5350014283
17047,142827610,186949854,329777464,5,0,0,22016,7,6659846757
17048,142830340,185306937,328137277,8,0,0,1536,12,1472894159
17049,142836880,185048354,327885234,6,0,0,34304,12,7508625450
17050,142839330,185176477,328015807,1,0,0,10752,6,9682835254
17051,142846070,185539896,328385966,7,0,0,71680,9,3657510413
17052,142846600,185806791,328653391,0,0,0,29184,14,5022619418
17053,142850320,220291696,363142016,5,0,1,23552,7,1530795272
17054,142855420,185350861,328206281,6,0,0,20992,12,7260485623
17055,142875780,185233325,328109105,8,0,0,57856,12,5112155611
17056,142879380,185661728,328541108,0,0,0,65536,14,5352283957
17057,142882999,220405736,363288735,1,0,1,54784,6,2212000775
17058,142904349,220827579,363731928,7,0,1,22016,9,9448040536
17059,142906299,221020639,363926938,6,0,1,38912,12,6265488245
17060,142908920,186051948,328960868,3,0,0,66560,9,9758554214
17061,142923610,185496505,328420115,5,0,0,54784,7,6800712190
17062,142925400,185872411,328797811,3,0,0,65024,9,4329252559
17063,142935990,185934800,328870790,9,0,0,55296,3,2654848487
17064,142937490,186340676,329278166,7,0,0,210432,9,4433931821
17065,142940860,185578489,328519349,6,0,0,18944,12,488275784
17066,142947330,185144124,328091454,9,0,0,6656,3,2981476672
17067,142955180,185302878,328258058,0,0,0,65536,14,7522303336
17068,142957510,220969451,363926961,8,0,1,6656,12,1950193587
17069,142968300,185231554,328199854,0,0,0,17408,14,6980787981
17070,142976830,221120194,364097024,8,0,1,5120,12,8577311311
17071,142978860,185199576,328178436,0,0,0,15872,14,5416205244
17072,142983610,185321559,328305169,3,0,0,31232,9,5029337525
17073,142986660,185791308,328777968,0,0,0,28672,14,2635101255
17074,143008100,185421777,328429877,3,0,0,2560,9,4743544417
17075,143012810,186562842,329575652,9,0,0,2560,3,4389847880
17076,143022069,221096529,364118598,4,0,1,27136,12,5501897789
17077,143034830,186294385,329329215,8,0,0,101376,12,2929289522
17078,143035590,186863778,329899368,3,0,0,512,9,4719500699
17079,143042650,185216055,328258705,0,0,0,2048,14,5439210005
17080,143050360,186228609,329278969,6,0,0,2560,12,644520156
17081,143062591,185873894,328936485,2,0,0,95744,12,3214334818
17082,143064550,186760428,329824978,5,0,0,69632,7,2273659375
17083,143074470,185477003,328551473,1,0,0,20992,6,2305088515
17084,143075020,221092677,364167697,9,0,1,1024,3,10326155112
17085,143075479,221092241,364167720,4,0,1,512,12,3750475111
17086,143082859,221084884,364167743,4,0,1,16896,12,9279128167
17087,143110280,187014026,330124306,3,0,0,96256,9,1300028294
17088,143120401,185543238,328663639,2,0,0,9216,12,2109518343
17089,143125140,185532642,328657782,4,0,0,14336,12,3483556693
17090,143135931,186143685,329279616,2,0,0,2048,12,7924519956
17091,143141040,185982553,329123593,1,0,0,68608,6,1726168038
17092,143141330,186298802,329440132,8,0,0,85504,12,9938361457
17093,143159931,186898622,330058553,2,0,0,44544,12,6335745080
17094,143167280,185860714,329027994,6,0,0,86016,12,4424324288
17095,143170330,186381557,329551887,3,0,0,43520,9,1285079220
17096,143171850,185252344,328424194,3,0,0,13312,9,6715774200
17097,143178080,221014209,364192289,0,0,1,2048,14,9796036344
17098,143179040,185886679,329065719,4,0,0,100352,12,6219287768
17099,143182600,185724027,328906627,1,0,0,58368,6,6329226404
17100,143188180,187100047,330288227,8,0,0,137728,12,873208136
17101,143194930,185646193,328841123,3,0,0,25600,9,775375526
17102,143218259,220974053,364192312,4,0,1,15872,12,10533183152
17103,143232649,220992999,364225648,4,0,1,3072,12,7797667924
17104,143241921,186465708,329707629,2,0,0,99840,12,6157675367
17105,143262420,186968143,330230563,7,0,0,90112,9,8400015056
17106,143267870,220963590,364231460,0,0,1,9216,14,6010501911
17107,143269790,186012189,329281979,6,0,0,7680,12,6722552949
17108,143270320,185429074,328699394,3,0,0,31232,9,8649273275
17109,143272510,185917931,329190441,1,0,0,59904,6,1618769466
17110,143274970,187051562,330326532,4,0,0,54784,12,6691063443
17111,143296370,186530971,329827341,4,0,0,7680,12,5950335663
17112,143315880,186180928,329496808,3,0,0,96256,9,7803285901
17113,143322710,186091347,329414057,1,0,0,22528,6,4675156853
17114,143340161,187560495,330900656,2,0,0,62976,12,4810026842
17115,143340670,185864770,329205440,3,0,0,49152,9,10220398271
17116,143342520,186021506,329364026,1,0,0,114176,6,8634679719
17117,143345300,186818848,330164148,1,0,0,47616,6,4574500527
17118,143347370,186022919,329370289,5,0,0,20480,7,405191175
17119,143350190,186645091,329995281,6,0,0,109056,12,9275671632
17120,143367450,185716733,329084183,1,0,0,24576,6,6428411565
17121,143370230,188053736,331423966,9,0,0,60928,3,289816900
17122,143372630,186077875,329450505,9,0,0,2048,3,8093207080
17123,143382290,186997484,330379774,0,0,0,173056,14,9285586864
17124,143453000,186967114,330420114,4,0,0,53248,12,3591548958
17125,143459280,220772436,364231716,5,0,1,9216,7,6514756276
17126,143480330,186273112,329753442,4,0,0,21504,12,10187300856
17127,143481730,220799295,364281025,0,0,1,54784,14,3584938783
17128,143483591,187013562,330497153,2,0,0,80384,12,6641661487
17129,143484040,220929357,364413397,9,0,1,17408,3,2118974083
17130,143495440,186305720,329801160,8,0,0,28160,12,1488394605
17131,143496210,186371893,329868103,0,0,0,72704,14,220846017
17132,143498820,187066284,330565104,3,0,0,40960,9,5244971393
17133,143503830,186150889,329654719,7,0,0,37888,9,126545359
17134,143513470,185623021,329136491,6,0,0,9728,12,163825096
17135,143517110,220900233,364417343,3,0,1,8704,9,6659035247
17136,143518410,185931417,329449827,9,0,0,31744,3,4951900760
17137,143523480,186051346,329574826,9,0,0,32256,3,10420336934
17138,143524040,186119089,329643129,1,0,0,25600,6,6674485027
17139,143533130,186492149,330025279,9,0,0,5632,3,3867573436
17140,143539920,186366354,329906274,1,0,0,6656,6,3064516631
17141,143545970,186299958,329845928,7,0,0,60928,9,1187358226
17142,143549530,187192904,330742434,4,0,0,16896,12,5074518379
17143,143551330,186002837,329554167,4,0,0,5632,12,9560567219
17144,143553919,220865658,364419577,4,0,1,26624,12,10508782107
17145,143557640,185896525,329454165,4,0,0,11264,12,3274371999
17146,143560500,185966629,329527129,0,0,0,12288,14,3343078384
17147,143570300,186138288,329708588,1,0,0,3072,6,10134268764
17148,143578491,186445049,330023540,2,0,0,92672,12,3315461985
17149,143602110,186585663,330187773,5,0,0,31744,7,3689380315
17150,143603290,186910422,330513712,3,0,0,54272,9,9094903950
17151,143606120,220855762,364461882,0,0,1,7680,14,2498543139
17152,143607010,186292179,329899189,8,0,0,24064,12,2548609782
17153,143612710,186536899,330149609,5,0,0,82944,7,1306315120
17154,143615680,186856950,330472630,8,0,0,40448,12,10566508545
17155,143619080,186475875,330094955,0,0,0,82432,14,2084770754
17156,143621191,187901997,331523188,2,0,0,140288,12,9743980628
17157,143630060,186548018,330178078,8,0,0,16896,12,3827100837
17158,143639520,186758685,330398205,8,0,0,60416,12,8406788859
17159,143649890,186553194,330203084,6,0,0,50176,12,1255202296
17160,143650691,186595549,330246240,2,0,0,512,12,3758682629
17161,143660240,220906038,364566278,5,0,1,22016,7,9290859915
17162,143670000,187095142,330765142,0,0,0,9728,14,6011450282
17163,143671350,186501557,330172907,6,0,0,28672,12,6041852236
17164,143685430,188084371,331769801,0,0,0,18944,14,5402221349
17165,143708689,220857612,364566301,4,0,1,10240,12,8448664508
17166,143710750,221043441,364754191,9,0,1,48640,3,5505963391
17167,143712700,187216059,330928759,5,0,0,92160,7,4090187076
17168,143732310,221021904,364754214,9,0,1,22528,3,7946700945
17169,143741999,221022440,364764439,6,0,1,7168,12,3707863036
17170,143756091,186313717,330069808,2,0,0,36864,12,3091348716
17171,143761240,188269297,332030537,7,0,0,100864,9,1291094332
17172,143765100,186542814,330307914,3,0,0,64512,9,2558073663
17173,143770381,186896882,330667263,2,0,0,36864,12,1919332589
17174,143780820,186460686,330241506,3,0,0,35840,9,1363092139
17175,143781320,220983142,364764462,3,0,1,16384,9,4620396306
17176,143793540,221042729,364836269,8,0,1,43008,12,3032379952
17177,143799280,187256411,331055691,4,0,0,58880,12,6698728060
17178,143809250,186592722,330401972,3,0,0,12288,9,352450833
17179,143809500,186436553,330246053,3,0,0,14848,9,2203983559
17180,143809590,186235368,330044958,1,0,0,64512,6,8786423838
17181,143814160,221027255,364841415,2,0,1,8192,12,6107274895
17182,143837280,187389885,331227165,0,0,0,72192,14,1629764459
17183,143841249,221004032,364845281,7,0,1,6144,9,3538116429
17184,143842710,221018799,364861509,8,0,1,1536,12,8666778997
17185,143842779,221051258,364894037,1,0,1,2560,6,8324587137
17186,143850660,186584297,330434957,5,0,0,48640,7,866564710
17187,143855740,221091789,364947529,9,0,1,1536,3,2395161172
17188,143861780,186589736,330451516,3,0,0,54272,9,62315922
17189,143865380,186538487,330403867,1,0,0,6144,6,1978764931
17190,143867710,187520798,331388508,5,0,0,216064,7,1374179876
17191,143867980,186441837,330309817,7,0,0,6144,9,8042012660
17192,143870560,221076992,364947552,5,0,1,13824,7,6021063062
17193,143877560,186983715,330861275,1,0,0,24064,6,6935894730
17194,143882859,221064716,364947575,6,0,1,25088,12,7841609732
17195,143893020,186567255,330460275,3,0,0,28672,9,550935039
17196,143900890,186858878,330759768,0,0,0,34304,14,1275533274
17197,143925621,186689822,330615443,2,0,0,31232,12,4684131346
17198,143925660,188143501,332069161,6,0,0,16896,12,9120588121
17199,143928970,186398053,330327023,8,0,0,1536,12,4472929256
17200,143931180,222052182,365983362,2,0,1,48640,12,7774275558
17201,143957840,186558703,330516543,9,0,0,9216,3,8768204069
17202,143967940,186637964,330605904,5,0,0,28672,7,708376677
17203,143970950,222021591,365992541,8,0,1,20480,12,1368397909
17204,143985059,222322295,366307354,9,0,1,34816,3,8344343300
17205,143987730,186643452,330631182,7,0,0,32768,9,9360488808
17206,143992470,186795354,330787824,3,0,0,51712,9,8672333425
17207,143992741,187442386,331435127,2,0,0,6144,12,7575334518
17208,143995820,186985174,330980994,9,0,0,71680,3,5799590913
17209,144000330,186524586,330524916,7,0,0,12800,9,8124813154
17210,144007930,222317331,366325261,8,0,1,7680,12,9582890509
17211,144015779,222309828,366325607,4,0,1,512,12,10159199972
17212,144018560,222666850,366685410,5,0,1,37888,7,1226894982
17213,144027730,186976554,331004284,7,0,0,50176,9,7483050874
17214,144030700,187597075,331627775,8,0,0,216064,12,4640505073
17215,144032780,186688957,330721737,3,0,0,17920,9,5798622693
17216,144038330,186913252,330951582,0,0,0,16384,14,4524152348
17217,144049860,186755760,330805620,1,0,0,18432,6,7683067066
17218,144081920,186795914,330877834,7,0,0,54272,9,8064417522
17219,144085181,186796264,330881445,2,0,0,11776,12,7458515927
17220,144087270,187186740,331274010,7,0,0,78336,9,6096336677
17221,144087410,186997690,331085100,0,0,0,24064,14,3133798764
17222,144102020,188171643,332273663,4,0,0,176128,12,3863287337
17223,144110699,222774813,366885512,4,0,1,27136,12,2169645007
17224,144118850,186820384,330939234,3,0,0,2560,9,10108289254
17225,144133580,222751955,366885535,9,0,1,9728,3,3559786654
17226,144138000,186899728,331037728,9,0,0,56320,3,4431725457
17227,144139000,187266379,331405379,5,0,0,55296,7,1973810200
17228,144162670,187042476,331205146,3,0,0,80384,9,4673093555
17229,144172440,222713134,366885574,9,0,1,32256,3,6262123170
17230,144175430,187257794,331433224,9,0,0,3584,3,73482411
17231,144176960,187268650,331445610,9,0,0,34304,3,7018212171
17232,144188910,186800063,330988973,0,0,0,26112,14,6078413386
17233,144197870,187116375,331314245,1,0,0,35328,6,539661781
17234,144215200,186941318,331156518,0,0,0,15360,14,568972957
17235,144225030,187584027,331809057,8,0,0,34304,12,4017786917
17236,144241960,187190141,331432101,3,0,0,26624,9,3665723638
17237,144243540,187234196,331477736,3,0,0,79360,9,6303799570
17238,144250190,187287225,331537415,0,0,0,46592,14,553301554
17239,144253980,187307940,331561920,5,0,0,77312,7,9723048930
17240,144273620,222611977,366885597,0,0,1,2560,14,4292924681
17241,144274200,222611420,366885620,5,0,1,5120,7,5191558858
17242,144277120,222608523,366885643,2,0,1,22016,12,5937738541
17243,144278630,222652954,366931584,8,0,1,19968,12,2453366748
17244,144280180,187518394,331798574,6,0,0,56320,12,2721435753
17245,144281340,188410393,332691733,1,0,0,41472,6,9789847843
17246,144285630,187478376,331764006,4,0,0,189952,12,5097714078
17247,144289920,187487704,331777624,0,0,0,25600,14,733906562
17248,144292451,188676133,332968584,2,0,0,635392,12,9525291019
17249,144292490,187001726,331294216,9,0,0,3584,3,6961511591
17250,144296250,187378666,331674916,4,0,0,33280,12,8703906314
17251,144297660,187522831,331820491,7,0,0,35328,9,10637615280
17252,144311640,188746782,333058422,5,0,0,36864,7,6084828210
17253,144313470,186934408,331247878,5,0,0,4096,7,5635945812
17254,144317220,187746123,332063343,8,0,0,95232,12,1981976991
17255,144321121,187310889,331632010,2,0,0,13824,12,9814707399
17256,144328470,187573247,331901717,5,0,0,49152,7,509285729
17257,144332680,187806320,332139000,6,0,0,40960,12,9201166969
17258,144338530,187641908,331980438,4,0,0,5632,12,7802686874
17259,144357850,187328658,331686508,7,0,0,15872,9,408646453
17260,144367640,187504986,331872626,3,0,0,51200,9,7068108942
17261,144373210,187661094,332034304,7,0,0,12288,9,9891770229
17262,144379520,188002801,332382321,9,0,0,84480,3,6234243831
17263,144388270,188726698,333114968,1,0,0,35840,6,3266591279
17264,144413990,188092996,332506986,8,0,0,29184,12,8589454421
17265,144421119,222542842,366963961,1,0,1,56320,6,9962757997
17266,144426839,222566839,366993678,7,0,1,30720,9,4484124904
17267,144444190,187483948,331928138,3,0,0,1536,9,8269198768
17268,144452300,222642042,367094342,2,0,1,44544,12,3650683027
17269,144452690,222641675,367094365,3,0,1,5632,9,9621951213
17270,144455239,222678958,367134197,6,0,1,15360,12,10426368448
17271,144478590,188671834,333150424,6,0,0,32256,12,8395625804
17272,144479000,187302391,331781391,6,0,0,12288,12,6007417327
17273,144489010,222745194,367234204,3,0,1,7168,9,8558930865
17274,144494920,187314784,331809704,8,0,0,2048,12,5250860339
17275,144515950,222769300,367285250,5,0,1,17408,7,7225432965
17276,144517750,187830205,332347955,1,0,0,18432,6,6497267214
17277,144520920,187543070,332063990,0,0,0,2048,14,2315841199
17278,144522250,187804732,332326982,7,0,0,39424,9,158457471
17279,144533320,187774732,332308052,4,0,0,55808,12,2482248650
17280,144533740,222778511,367312251,0,0,1,20480,14,1040005156
17281,144542110,188505057,333047167,6,0,0,79872,12,7570626346
17282,144545241,188078772,332624013,2,0,0,64512,12,8032349327
17283,144573410,187646566,332219976,6,0,0,145408,12,8324855556
17284,144573589,222752838,367326427,9,0,1,1536,3,6947658708
17285,144577150,187713875,332291025,0,0,0,9216,14,6608630803
17286,144577750,188740495,333318245,1,0,0,71168,6,1029994782
17287,144583180,187731759,332314939,9,0,0,22528,3,3385073104
17288,144589080,187872472,332461552,9,0,0,133632,3,7451620632
17289,144613170,187675024,332288194,8,0,0,47616,12,1868614565
17290,144614230,188821465,333435695,3,0,0,52224,9,1460003087
17291,144616961,187739597,332356558,2,0,0,28160,12,3464446642
17292,144649320,188873279,333522599,1,0,0,27648,6,10684900877
17293,144658040,187840031,332498071,6,0,0,49152,12,8689870651
17294,144671230,187910129,332581359,8,0,0,8704,12,7691415463
17295,144677060,187660553,332337613,5,0,0,34816,7,4518118375
17296,144677090,187665226,332342316,3,0,0,15360,9,688302950
17297,144677610,187743203,332420813,5,0,0,32256,7,2555315383
17298,144678300,187946516,332624816,8,0,0,2560,12,6717300272
17299,144684099,222649610,367333709,9,0,1,512,3,9414485603
17300,144686171,188088794,332774965,2,0,0,38400,12,2429235837
17301,144689941,188037542,332727483,2,0,0,45056,12,8914210315
17302,144702801,187765482,332468283,2,0,0,22016,12,8060561436
17303,144703060,187807370,332510430,9,0,0,4096,3,289229563
17304,144714690,222667626,367382316,5,0,1,6144,7,3365254969
17305,144747800,187965932,332713732,8,0,0,40960,12,1026177887
17306,144757790,187873601,332631391,1,0,0,21504,6,5855776735
17307,144789210,188196713,332985923,4,0,0,56832,12,8610969347
17308,144800311,188272018,333072329,2,0,0,45568,12,8222198748
17309,144807680,188293335,333101015,8,0,0,27136,12,255881298
17310,144810610,188282114,333092724,1,0,0,66560,6,3929039819
17311,144814600,188314930,333129530,0,0,0,4608,14,8562573113
17312,144814870,187935359,332750229,3,0,0,14336,9,470111703
17313,144826870,188189340,333016210,5,0,0,99328,7,8016619942
17314,144834240,188404247,333238487,3,0,0,37376,9,623680302
17315,144838950,188357219,333196169,1,0,0,21504,6,10695884844
17316,144839770,188288325,333128095,4,0,0,43008,12,6121491804
17317,144853720,222528619,367382339,3,0,1,13824,9,5805139166
17318,144876250,188313321,333189571,5,0,0,36864,7,6165513961
17319,144877440,222576444,367453884,3,0,1,43008,9,4994984321
17320,144886900,188135908,333022808,7,0,0,21504,9,5122649448
17321,144888210,222567300,367455510,8,0,1,2560,12,1658912503
17322,144889380,188214645,333104025,8,0,0,9728,12,8255244258
17323,144900031,188916808,333816839,2,0,0,116224,12,2353659885
17324,144908331,188781188,333689519,2,0,0,20992,12,1734739263
17325,144914220,188241562,333155782,4,0,0,17408,12,10368546176
17326,144914390,188226106,333140496,5,0,0,15872,7,7306520545
17327,144919830,188428553,333348383,7,0,0,59904,9,4141382002
17328,144932949,222562415,367495364,6,0,1,3072,12,4920466064
17329,144937729,223116947,368054676,1,0,1,26112,6,1746041231
17330,144938341,188699080,333637421,2,0,0,88064,12,3898426320
17331,144956240,188258383,333214623,6,0,0,60416,12,8608243367
17332,144958100,188721464,333679564,6,0,0,1024,12,3209664561
17333,144964331,188213938,333178269,2,0,0,73728,12,5378499633
17334,144973330,188866188,333839518,5,0,0,71168,7,5505488026
17335,144978540,188157097,333135637,8,0,0,19968,12,1412800939
17336,144979560,188528477,333508037,7,0,0,33280,9,4916750803
17337,144986400,188909369,333895769,0,0,0,71680,14,2334632458
17338,145004070,188240212,333244282,6,0,0,18944,12,518487402
17339,145023189,223087404,368110593,6,0,1,6144,12,1496062559
17340,145039570,188874285,333913855,5,0,0,11264,7,4514647502
17341,145039900,188474244,333514144,8,0,0,19968,12,2982602519
17342,145049219,223248298,368297517,6,0,1,3584,12,6090946322
17343,145075850,189069740,334145590,1,0,0,110592,6,9529375393
17344,145097531,189121848,334219379,2,0,0,111104,12,2002353501
17345,145118100,189483370,334601470,0,0,0,137216,14,7491642670
17346,145122430,189312433,334434863,1,0,0,7680,6,5703184213
17347,145125810,188522909,333648719,4,0,0,16384,12,2656858456
17348,145128000,189704285,334832285,6,0,0,569856,12,4836056368
17349,145129410,223184959,368314369,3,0,1,7680,9,3199649859
17350,145143850,188803434,333947284,3,0,0,50688,9,7735176661
17351,145146950,189128313,334275263,8,0,0,87040,12,9563078203
17352,145150110,188345689,333495799,9,0,0,2560,3,2335919270
17353,145151870,189002814,334154684,1,0,0,19968,6,1041509195
17354,145160010,189753487,334913497,3,0,0,97280,9,6918789701
17355,145160380,223282362,368442742,2,0,1,4096,12,9812504570
17356,145165260,189163690,334328950,1,0,0,176128,6,4782799498
17357,145167060,223280508,368447568,8,0,1,7680,12,1378816298
17358,145172360,223466555,368638915,2,0,1,39424,12,8311902506
17359,145173170,188845545,334018715,6,0,0,28672,12,8975506782
17360,145194721,189870288,335065009,2,0,0,37376,12,9843537746
17361,145201360,189352552,334553912,8,0,0,89088,12,978650723
17362,145203160,189795893,334999053,1,0,0,24576,6,3194162208
17363,145204960,189128701,334333661,5,0,0,15360,7,7735473032
17364,145210939,223445346,368656285,9,0,1,4608,3,204834569
17365,145216330,189341817,334558147,8,0,0,13824,12,1304803516
17366,145234091,188914486,334148577,2,0,0,9728,12,6357184473
17367,145240540,190407475,335648015,5,0,0,116224,7,2465195936
17368,145242090,223518519,368760609,3,0,1,3072,9,4835170384
17369,145260211,189151918,334412129,2,0,0,15872,12,8713900664
17370,145261830,189999075,335260905,8,0,0,182784,12,4103612582
17371,145282590,190315584,335598174,5,0,0,522752,7,2893077457
17372,145293160,223525866,368819026,2,0,1,40448,12,7191971192
17373,145295800,189908835,335204635,6,0,0,90112,12,5594216537
17374,145304440,188778973,334083413,3,0,0,1536,9,1366993896
17375,145306020,188543661,333849681,1,0,0,33280,6,3689095437
17376,145318530,190444511,335763041,8,0,0,81920,12,2213620725
17377,145322600,189061827,334384427,5,0,0,11776,7,3328759391
17378,145339830,223582589,368922419,8,0,1,22528,12,7932005595
17379,145340329,223766574,369106903,7,0,1,2048,9,9929234253
17380,145348330,189296454,334644784,0,0,0,94720,14,5678847428
17381,145349440,189001115,334350555,9,0,0,21504,3,6627473403
17382,145353550,223753376,369106926,2,0,1,2048,12,9241646360
17383,145359101,189591601,334950702,2,0,0,113664,12,2259043639
17384,145360850,189513734,334874584,9,0,0,138752,3,1028639765
17385,145362300,188981680,334343980,0,0,0,33792,14,9330742753
17386,145365740,189548872,334914612,6,0,0,3584,12,3253880240
17387,145372960,223733997,369106957,5,0,1,6144,7,2670869470
17388,145378235,189505599,334883834,7,0,0,29184,9,1429063988
17389,145386931,189570658,334957589,2,0,0,22528,12,1178947202
17390,145394920,189725648,335120568,3,0,0,58880,9,10549717808
17391,145399500,189885498,335284998,0,0,0,26624,14,2994682707
17392,145403280,189611552,335014832,3,0,0,51712,9,897481734
17393,145404690,189202285,334606975,9,0,0,15872,3,4981237951
17394,145434150,189481889,334916039,5,0,0,4608,7,4433660678
17395,145445430,189857825,335303255,5,0,0,59392,7,6099821175
17396,145449720,189425199,334874919,8,0,0,1024,12,431580880
17397,145454150,189709666,335163816,9,0,0,44544,3,10176258396
17398,145455570,189160331,334615901,8,0,0,20992,12,9463379501
17399,145455990,190436405,335892395,1,0,0,112128,6,3058867147
17400,145462910,223675971,369138881,8,0,1,20992,12,8251400300
17401,145466420,189919274,335385694,8,0,0,77312,12,4783898742
17402,145478130,190599468,336077598,8,0,0,117760,12,5943458005
17403,145487540,190237901,335725441,6,0,0,38400,12,1424183028
17404,145494610,223688823,369183433,2,0,1,14336,12,705887854
17405,145510380,190152041,335662421,7,0,0,1024,9,460676915
17406,145511000,189454116,334965116,8,0,0,24576,12,2864530634
17407,145533240,189455159,334988399,3,0,0,76288,9,7483335627
17408,145534770,223648686,369183456,5,0,1,9216,7,9836679829
17409,145544210,189504527,335048737,7,0,0,39424,9,979248455
17410,145561709,223926243,369487952,6,0,1,16896,12,5771452265
17411,145580620,190030057,335610677,5,0,0,40960,7,4734735425
17412,145583619,223905930,369489549,6,0,1,13312,12,8031214628
17413,145603310,189388232,334991542,3,0,0,10240,9,1479799425
17414,145609590,224060659,369670249,8,0,1,31744,12,3184459019
17415,145622050,224052350,369674400,5,0,1,4608,7,1873933916
17416,145633149,224041274,369674423,4,0,1,11776,12,7682046709
17417,145648669,224132028,369780697,6,0,1,1536,12,9177255589
17418,145657910,189513417,335171327,9,0,0,24576,3,5677435817
17419,145659589,224121131,369780720,7,0,1,12800,9,9780045109
17420,145684010,189592853,335276863,9,0,0,46080,3,6215170810
17421,145686649,224247510,369934159,6,0,1,67584,12,4229180546
17422,145691250,189571550,335262800,0,0,0,6144,14,2210770854
17423,145695430,189722743,335418173,0,0,0,23040,14,5470392029
17424,145707350,189987596,335694946,1,0,0,15872,6,7414184546
17425,145709920,224265299,369975219,0,0,1,43008,14,7457664141
17426,145721050,189586596,335307646,9,0,0,14336,3,5133498236
17427,145748079,224254207,370002286,4,0,1,6656,12,6667245060
17428,145755040,189908028,335663068,5,0,0,2048,7,2011607917
17429,145770890,190448710,336219600,6,0,0,159232,12,689174216
17430,145782209,224239820,370022029,6,0,1,6656,12,1103711445
17431,145810300,189628575,335438875,8,0,0,67072,12,8533843375
17432,145811531,189964637,335776168,2,0,0,43008,12,2003013391
17433,145813810,189899908,335713718,8,0,0,20992,12,5375711434
17434,145816009,224206043,370022052,6,0,1,11776,12,7883925211
17435,145823420,189789152,335612572,1,0,0,6144,6,6161718276
17436,145826350,189863737,335690087,8,0,0,88576,12,9382098111
17437,145843459,224368645,370212104,1,0,1,10240,6,4267064001
17438,145851830,190299336,336151166,6,0,0,30720,12,8464748283
17439,145855319,224604948,370460267,1,0,1,22016,6,9044391833
17440,145872560,190456259,336328819,7,0,0,76800,9,7976951310
17441,145878419,224930656,370809075,4,0,1,5120,12,3320854733
17442,145879730,189970282,335850012,7,0,0,92672,9,2639194391
17443,145884090,189777988,335662078,7,0,0,46080,9,1618013098
17444,145888069,224923272,370811341,6,0,1,3584,12,1704330220
17445,145904340,224907667,370812007,2,0,1,11264,12,10037794428
17446,145906510,190245927,336152437,3,0,0,4096,9,3135256714
17447,145910900,224941459,370852359,0,0,1,2560,14,6905126066
17448,145915930,190225807,336141737,0,0,0,210432,14,2760511846
17449,145927030,190416320,336343350,8,0,0,47616,12,450008113
17450,145928790,190223842,336152632,5,0,0,512,7,2877258269
17451,145936030,190331021,336267051,3,0,0,28160,9,5941034378
17452,145936300,224916082,370852382,3,0,1,17920,9,4082182122
17453,145946330,190277349,336223679,1,0,0,13312,6,4157571942
17454,145970340,190407665,336378005,7,0,0,113664,9,10412309612
17455,145972310,190032539,336004849,9,0,0,29696,3,6039307060
17456,145972769,224884777,370857546,6,0,1,15360,12,3887607200
17457,145973530,190475054,336448584,3,0,0,39424,9,6873043556
17458,145983350,190433210,336416560,0,0,0,126464,14,2204355934
17459,145999190,190463314,336462504,0,0,0,18432,14,4682307134
17460,146034230,190591852,336626082,7,0,0,51200,9,8543734575
17461,146050470,190654404,336704874,1,0,0,148480,6,6720362113
17462,146051960,224940929,370992889,0,0,1,17408,14,2404189062
17463,146057330,224955959,371013289,2,0,1,11264,12,3336590849
17464,146060720,190735624,336796344,8,0,0,59392,12,5652565261
17465,146068510,224945445,371013955,8,0,1,1024,12,8392992491
17466,146070430,190490567,336560997,7,0,0,45568,9,1795587596
17467,146074020,191133622,337207642,1,0,0,188416,6,2543544889
17468,146080529,224964879,371045408,9,0,1,6656,3,1829963305
17469,146081770,190508078,336589848,8,0,0,44544,12,5759370951
17470,146092730,190820765,336913495,8,0,0,54272,12,5402359849
17471,146113710,190730538,336844248,9,0,0,55296,3,1227930694
17472,146133920,224964450,371098370,2,0,1,12288,12,3102129483
17473,146137410,190471877,336609287,9,0,0,8704,3,9517451210
17474,146141699,224956694,371098393,6,0,1,1536,12,8229005325
17475,146143500,190604468,336747968,3,0,0,5632,9,8443038744
17476,146154080,190707730,336861810,9,0,0,3584,3,5189304992
17477,146173210,190891043,337064253,1,0,0,122368,6,1342660631
17478,146173520,191039293,337212813,0,0,0,16896,14,10066619762
17479,146180400,191446649,337627049,6,0,0,161792,12,7286835037
17480,146184530,224913886,371098416,2,0,1,7680,12,2651380439
17481,146211060,191126297,337337357,9,0,0,114176,3,98556860
17482,146211640,190808651,337020291,3,0,0,18432,9,10273525195
17483,146213680,224884759,371098439,5,0,1,4096,7,5156180254
17484,146214690,191042896,337257586,1,0,0,29696,6,9234252581
17485,146226209,224872253,371098462,1,0,1,2560,6,5315122813
17486,146233280,191069266,337302546,7,0,0,131072,9,10307584673
17487,146243990,191529426,337773416,5,0,0,91136,7,9117231487
17488,146250909,224847576,371098485,1,0,1,24064,6,1384750159
17489,146264690,191362538,337627228,9,0,0,512,3,3968946259
17490,146268190,191376408,337644598,9,0,0,34816,3,7792334713
17491,146281939,224908052,371189991,4,0,1,19968,12,5659553489
17492,146286650,191270801,337557451,1,0,0,144896,6,7206258069
17493,146289500,191142630,337432130,3,0,0,34304,9,6446958722
17494,146289950,225470999,371760949,8,0,1,25088,12,3470600987
17495,146302060,225754785,372056845,5,0,1,28160,7,653715711
17496,146310250,191172870,337483120,3,0,0,37888,9,10502063552
17497,146311570,225949835,372261405,5,0,1,28672,7,5284497865
17498,146320020,225941408,372261428,5,0,1,6656,7,202289291
17499,146334970,225938828,372273798,5,0,1,15360,7,2251728098
17500,146338670,191314687,337653357,7,0,0,28672,9,10507599743
17501,146343930,191526006,337869936,5,0,0,36864,7,631087403
17502,146345919,225927902,372273821,1,0,1,2048,6,2530378412
17503,146346239,226012981,372359220,1,0,1,44032,6,6496761469
17504,146351410,191217163,337568573,9,0,0,17408,3,4194555314
17505,146355010,191386248,337741258,7,0,0,62464,9,2798159100
17506,146358780,226003666,372362446,2,0,1,5120,12,6260386250
17507,146366110,191450596,337816706,8,0,0,45568,12,3285055069
17508,146374680,191188566,337563246,1,0,0,18944,6,7164809735
17509,146396470,226112002,372508472,2,0,1,9216,12,3791720564
17510,146404480,191337737,337742217,0,0,0,3072,14,3099070087
17511,146413750,191614520,338028270,6,0,0,56320,12,6290064374
17512,146419180,191214600,337633780,5,0,0,9216,7,8554846893
17513,146420570,191239986,337660556,8,0,0,23552,12,4245691394
17514,146429150,226203032,372632182,2,0,1,41472,12,6769980529
17515,146455449,226181239,372636688,4,0,1,7168,12,6205782542
17516,146477009,226196169,372673178,4,0,1,13824,12,5208719580
17517,146486051,191364537,337850588,2,0,0,24576,12,3723694770
17518,146490300,226264512,372754812,0,0,1,22528,14,5341502678
17519,146498280,226328228,372826508,3,0,1,33792,9,7356242031
17520,146517150,191407994,337925144,9,0,0,37376,3,714239922
17521,146528240,191535199,338063439,9,0,0,30208,3,8077346668
17522,146551020,226317682,372868702,3,0,1,7680,9,6151635787
17523,146589130,191690569,338279699,6,0,0,133632,12,69059062
17524,146593490,191400367,337993857,9,0,0,1536,3,6663191723
17525,146599080,191342282,337941362,8,0,0,9216,12,2072882946
17526,146603320,191465758,338069078,3,0,0,18432,9,9708933694
17527,146605450,191344359,337949809,9,0,0,27648,3,4875586845
17528,146609350,191319717,337929067,0,0,0,12800,14,9334455747
17529,146615700,191377666,337993366,9,0,0,42496,3,7552335570
17530,146623280,226718241,373341521,5,0,1,4608,7,5216131475
17531,146627350,191573395,338200745,9,0,0,84480,3,9189758685
17532,146640330,191732615,338372945,6,0,0,59904,12,3508098851
17533,146644200,191741004,338385204,1,0,0,17920,6,10466336187
17534,146646310,191557578,338203888,3,0,0,10240,9,3423844958
17535,146646930,191647612,338294542,3,0,0,48640,9,2928430960
17536,146647770,191657234,338305004,3,0,0,7168,9,9402404682
17537,146652310,191472846,338125156,7,0,0,16896,9,432838929
17538,146669690,191684980,338354670,5,0,0,81408,7,8147189617
17539,146678760,191648954,338327714,5,0,0,1024,7,2506748319
17540,146698140,191833965,338532105,0,0,0,18432,14,7911832558
17541,146699141,191711893,338411034,2,0,0,29184,12,1693892165
17542,146704360,191514591,338218951,7,0,0,23040,9,7790327673
17543,146712500,226629044,373341544,8,0,1,4096,12,6169746553
17544,146713060,191726047,338439107,8,0,0,2560,12,2753906888
17545,146725480,191392219,338117699,7,0,0,8192,9,4998381984
17546,146779760,226561807,373341567,8,0,1,9728,12,9701903587
17547,146781140,191883785,338664925,0,0,0,91136,14,6723053397
17548,146805669,226548424,373354093,9,0,1,19456,3,153193530
17549,146827689,226806969,373634658,6,0,1,6656,12,4294102997
17550,146828500,191572545,338401045,5,0,0,40448,7,7104292033
17551,146838060,191550612,338388672,3,0,0,4096,9,1012046587
17552,146849230,191599212,338448442,8,0,0,12800,12,5173273971
17553,146869470,191368588,338238058,5,0,0,6144,7,5480199870
17554,146873390,191552290,338425680,3,0,0,512,9,445089400
17555,146884400,191648508,338532908,7,0,0,2560,9,5770320731
17556,146889519,227072098,373961617,6,0,1,43520,12,4530649503
17557,146891330,191720016,338611346,1,0,0,20480,6,5067839122
17558,146891530,227122381,374013911,2,0,1,4096,12,9103037260
17559,146901070,191655899,338556969,1,0,0,9728,6,118885750
17560,146907410,191639059,338546469,0,0,0,30720,14,915922738
17561,146918040,227115885,374033925,3,0,1,33792,9,7081148442
17562,146919460,191662450,338581910,6,0,0,1024,12,1298667010
17563,146922050,227675733,374597783,5,0,1,58368,7,2035970514
17564,146941400,191846547,338787947,9,0,0,64000,3,6684114939
17565,146943090,191694044,338637134,3,0,0,51200,9,1728784134
17566,146945250,191774184,338719434,3,0,0,10752,9,7572966882
17567,146947229,227650577,374597806,6,0,1,1024,12,5319550015
17568,146955010,191774137,338729147,3,0,0,4608,9,2470653583
17569,146962000,191989519,338951519,0,0,0,64000,14,241447681
17570,146964820,191960871,338925691,1,0,0,16896,6,1199721013
17571,146968980,227628849,374597829,2,0,1,3584,12,9596918585
17572,146971160,191641613,338612773,1,0,0,4608,6,3430463620
17573,146986640,191766862,338753502,5,0,0,9728,7,7334643229
17574,146990790,192628838,339619628,3,0,0,125440,9,3316868385
17575,146991520,192410686,339402206,9,0,0,71680,3,2882420165
17576,146993490,227641582,374635072,8,0,1,17920,12,6655792798
17577,147007050,192234851,339241901,3,0,0,25600,9,2081649696
17578,147015830,192216698,339232528,3,0,0,54784,9,3883018652
17579,147016670,192006719,339023389,3,0,0,44032,9,146428382
17580,147017760,227650054,374667814,8,0,1,16384,12,866846987
17581,147062770,227605067,374667837,2,0,1,11776,12,5196277676
17582,147072030,192910600,339982630,1,0,0,71680,6,2832616792
17583,147098250,191853471,338951721,0,0,0,512,14,11890003
17584,147102710,192446048,339548758,7,0,0,181248,9,6339076432
17585,147106760,227561100,374667860,0,0,1,8704,14,4104975534
17586,147107139,227603440,374710579,1,0,1,35328,6,5124485661
17587,147122950,227587660,374710610,0,0,1,17408,14,6518078890
17588,147125820,191940809,339066629,7,0,0,37376,9,5549007151
17589,147128960,192240947,339369907,1,0,0,119296,6,5361412157
17590,147130780,192293760,339424540,3,0,0,1536,9,10126546981
17591,147163941,191912653,339076594,2,0,0,4608,12,43436228
17592,147165240,192024733,339189973,1,0,0,13824,6,4432812843
17593,147165580,192415805,339581385,1,0,0,107008,6,5707604802
17594,147183029,227527604,374710633,6,0,1,8704,12,3127876574
17595,147187129,227539158,374726287,7,0,1,1536,9,2886938993
17596,147200539,227672971,374873510,4,0,1,21504,12,3093824352
17597,147203750,192448032,339651782,0,0,0,44544,14,3565887341
17598,147208890,192486641,339695531,5,0,0,12800,7,2220911119
17599,147210330,193048439,340258769,6,0,0,30720,12,3478638897
17600,147218090,227655443,374873533,3,0,1,25088,9,8665063485
17601,147231440,193350540,340581980,8,0,0,114176,12,4634182227
17602,147231829,227662966,374894795,9,0,1,24576,3,8809520480
17603,147232090,192561519,339793609,5,0,0,116224,7,8697708104
17604,147237020,192138994,339376014,5,0,0,19968,7,5290458072
17605,147246120,228341553,375587673,5,0,1,22528,7,2859449539
17606,147247560,228433675,375681235,8,0,1,11776,12,10341296971
17607,147248880,193708773,340957653,9,0,0,320000,3,8369688272
17608,147253940,193161824,340415764,8,0,0,34816,12,229545169
17609,147255540,192592396,339847936,6,0,0,30208,12,6226174172
17610,147260460,228429173,375689633,8,0,1,3072,12,8610725003
17611,147264000,228425656,375689656,8,0,1,9728,12,6966792223
17612,147281270,193440232,340721502,0,0,0,33280,14,8652970050
17613,147285010,192390195,339675205,4,0,0,76800,12,8531410321
17614,147288040,191927773,339215813,6,0,0,44032,12,9101640641
17615,147291501,193195873,340487374,2,0,0,11776,12,3053045254
17616,147295040,228436850,375731890,8,0,1,11776,12,2423793586
17617,147298541,192595864,339894405,2,0,0,64512,12,8095909628
17618,147309090,192417647,339726737,0,0,0,10240,14,3856151391
17619,147313719,228444041,375757760,7,0,1,9728,9,2713532307
17620,147321020,192301127,339622147,6,0,0,8192,12,154362785
17621,147326901,192674312,340001213,2,0,0,512,12,5958168814
17622,147329200,192299686,339628886,1,0,0,22016,6,8312689600
17623,147335009,228520997,375856006,1,0,1,10240,6,1698278742
17624,147345350,192549390,339894740,0,0,0,1024,14,643234499
17625,147370669,228608524,375979193,7,0,1,25088,9,4502458577
17626,147372920,228748352,376121272,5,0,1,21504,7,9841574299
17627,147378420,192826332,340204752,5,0,0,116736,7,9059476173
17628,147379370,192438309,339817679,8,0,0,30208,12,1231490928
17629,147382931,192425521,339808452,2,0,0,48640,12,10630453865
17630,147383100,192556355,339939455,8,0,0,11264,12,9577658484
17631,147396200,228741979,376138179,5,0,1,3584,7,3401031727
17632,147426840,192509160,339936000,7,0,0,37376,9,9819154945
17633,147431170,229255982,376687152,3,0,1,53760,9,1085772283
17634,147467110,192391030,339858140,7,0,0,3072,9,7901733577
17635,147468981,192986055,340455036,2,0,0,75776,12,1583821455
17636,147483950,192790130,340274080,8,0,0,50176,12,4863074191
17637,147484490,192744865,340229355,7,0,0,43008,9,510033356
17638,147493090,192493307,339986397,7,0,0,12288,9,7286944410
17639,147494670,192547847,340042517,5,0,0,5632,7,8820476854
17640,147498540,192902670,340401210,1,0,0,167424,6,8970160621
17641,147511430,192620974,340132404,5,0,0,21504,7,1154995796
17642,147531170,229156005,376687175,3,0,1,1024,9,3690979733
17643,147532881,193540369,341073250,2,0,0,50688,12,2169825552
17644,147537110,193083205,340620315,6,0,0,35328,12,6854311420
17645,147542390,193471896,341014286,9,0,0,93184,3,3217391759
17646,147542790,192862343,340405133,0,0,0,12800,14,7066074450
17647,147547090,192792848,340339938,1,0,0,8192,6,7147066776
17648,147547440,193119152,340666592,1,0,0,76288,6,9902873863
17649,147570990,193403915,340974905,9,0,0,56320,3,8699188982
17650,147571390,193660566,341231956,0,0,0,56320,14,2838683995
17651,147576091,192907672,340483763,2,0,0,94208,12,17059120
17652,147577140,193131511,340708651,3,0,0,16384,9,8576077842
17653,147582540,193200074,340782614,8,0,0,47616,12,9165587711
17654,147589790,193091238,340681028,8,0,0,43008,12,1107150268
17655,147590220,193019262,340609482,1,0,0,89600,6,10496409244
17656,147592670,192989489,340582159,1,0,0,512,6,8820739649
17657,147595420,193499092,341094512,3,0,0,53248,9,10256423927
17658,147596009,229091189,376687198,1,0,1,18944,6,2716738960
17659,147601519,229108057,376709576,9,0,1,11264,3,7875751339
17660,147603651,193121173,340724824,2,0,0,10752,12,3589217460
17661,147610450,193233172,340843622,9,0,0,86528,3,6336258198
17662,147628539,229081060,376709599,6,0,1,8192,12,4776757544
17663,147635570,193442695,341078265,9,0,0,16384,3,6758871333
17664,147638390,193516509,341154899,0,0,0,74240,14,519667882
17665,147645950,193339898,340985848,3,0,0,35840,9,1086708332
17666,147651450,193778822,341430272,9,0,0,152576,3,8783596550
17667,147661400,193553373,341214773,8,0,0,19456,12,3871138270
17668,147678930,229220769,376899699,0,0,1,55296,14,9225185047
17669,147686400,193547786,341234186,5,0,0,7168,7,8927190524
17670,147689450,229210272,376899722,8,0,1,4096,12,6543999383
17671,147700870,193314999,341015869,6,0,0,5120,12,4214017454
17672,147701480,193738955,341440435,8,0,0,33280,12,1260497258
17673,147702830,193320274,341023104,1,0,0,4608,6,3249839673
17674,147710811,194166189,341877000,2,0,0,99840,12,2012927670
17675,147715690,193776818,341492508,5,0,0,6656,7,2607164002
17676,147718850,193803403,341522253,9,0,0,75264,3,10015870487
17677,147737971,194000791,341738762,2,0,0,33792,12,8479388138
17678,147742860,193802786,341545646,3,0,0,51200,9,2637513037
17679,147748341,193568702,341317043,2,0,0,71680,12,454921735
17680,147761530,193558344,341319874,9,0,0,9216,3,1205820553
17681,147772769,229187525,376960294,6,0,1,64512,12,7179130458
17682,147772820,229210327,376983147,3,0,1,3584,9,4719871814
17683,147773030,193385659,341158689,9,0,0,12288,3,1041413869
17684,147773230,193386886,341160116,6,0,0,4608,12,7828849570
17685,147778420,193406304,341184724,9,0,0,1536,3,1088697536
17686,147780609,229253907,377034516,9,0,1,18944,3,3254750404
17687,147796830,229324435,377121265,3,0,1,60928,9,1507302081
17688,147804120,229668563,377472683,0,0,1,72704,14,1172885728
17689,147812060,193889661,341701721,7,0,0,62976,9,4092208863
17690,147814450,193896342,341710792,6,0,0,29696,12,4546297730
17691,147816130,229656576,377472706,2,0,1,5632,12,9357182524
17692,147821730,229854818,377676548,8,0,1,22016,12,8396020635
17693,147830510,194162669,341993179,9,0,0,69120,3,1598789049
17694,147845170,193506865,341352035,9,0,0,24064,3,9069580481
17695,147850320,193953239,341803559,0,0,0,53248,14,4690481215
17696,147862359,229814212,377676571,6,0,1,19456,12,6617940841
17697,147862890,194079029,341941919,6,0,0,212992,12,4177032472
17698,147869690,193760697,341630387,1,0,0,24064,6,3294115863
17699,147869800,193917504,341787304,3,0,0,115712,9,7761737459
17700,147875080,193853363,341728443,0,0,0,57856,14,1588678435
17701,147889529,229846337,377735866,4,0,1,12288,12,9767561913
17702,147920830,193893851,341814681,0,0,0,12800,14,10660894106
17703,147926179,229981862,377908041,7,0,1,15360,9,10099010694
17704,147931970,194152060,342084030,8,0,0,10752,12,8352560724
17705,147951041,194271301,342222342,2,0,0,55296,12,1630494231
17706,147955980,229953687,377909667,5,0,1,2560,7,5838287604
17707,147957520,194067397,342024917,9,0,0,19968,3,8810036831
17708,147977219,229952683,377929902,4,0,1,28160,12,639577034
17709,147978100,193773925,341752025,1,0,0,13824,6,8402941721
17710,147987741,193666649,341654390,2,0,0,2560,12,4201177158
17711,147993390,193570253,341563643,5,0,0,6656,7,9207952643
17712,147993700,194356581,342350281,9,0,0,34304,3,8179286498
17713,147998339,229933829,377932168,1,0,1,3584,6,2186952542
17714,148002070,193941432,341943502,9,0,0,5120,3,1928653577
17715,148003020,194050352,342053372,6,0,0,17408,12,2753098647
17716,148007330,194162925,342170255,8,0,0,66048,12,1078652911
17717,148023840,194096543,342120383,1,0,0,11264,6,9957038589
17718,148024129,229992965,378017094,1,0,1,23552,6,3963263231
17719,148029460,193614821,341644281,5,0,0,1536,7,7308647353
17720,148067530,193951280,342018810,3,0,0,23552,9,9395956816
17721,148075311,193892394,341967705,2,0,0,79360,12,7593112604
17722,148077020,193733738,341810758,3,0,0,23552,9,10397233307
17723,148085359,229932721,378018080,9,0,1,1536,3,4237846494
17724,148087610,194387448,342475058,1,0,0,88064,6,7287786121
17725,148089440,194060668,342150108,0,0,0,86528,14,10692614636
17726,148097420,194087568,342184988,9,0,0,29696,3,3136016073
17727,148099600,193872496,341972096,8,0,0,14336,12,254263135
17728,148103399,230090764,378194163,7,0,1,10752,9,9753384779
17729,148117200,194054014,342171214,5,0,0,3072,7,7246769966
17730,148129020,194133367,342262387,5,0,0,23040,7,5316154459
17731,148133610,230181870,378315480,8,0,1,6656,12,1717278684
17732,148137920,193979008,342116928,3,0,0,41984,9,8009240332
17733,148138710,194037207,342175917,7,0,0,15360,9,249385195
17734,148140360,194643570,342783930,7,0,0,39936,9,6963842833
17735,148141261,194044998,342186259,2,0,0,4096,12,8818875975
17736,148141500,194098262,342239762,9,0,0,10752,3,2937847958
17737,148153900,194286099,342439999,7,0,0,84480,9,9084189240
17738,148165340,194604652,342769992,1,0,0,68096,6,1609347515
17739,148172451,194778851,342951302,2,0,0,137728,12,9717941480
17740,148173740,194377919,342551659,9,0,0,18944,3,6264078775
17741,148173930,194306455,342480385,1,0,0,17408,6,752172974
17742,148181880,194187875,342369755,9,0,0,512,3,5213519630
17743,148187780,194561441,342749221,1,0,0,117760,6,7674010450
17744,148192680,194817740,343010420,7,0,0,93696,9,2066845279
17745,148196790,194113395,342310185,8,0,0,7680,12,6639045492
17746,148208720,194467602,342676322,7,0,0,22016,9,8374293584
17747,148220240,195238369,343458609,7,0,0,13312,9,3588741650
17748,148224070,195414189,343638259,6,0,0,16384,12,6742436867
17749,148231700,194644738,342876438,8,0,0,25600,12,1672155560
17750,148232520,194662505,342895025,6,0,0,60928,12,5967102937
17751,148238450,195079260,343317710,7,0,0,12800,9,7314657717
17752,148240360,194418683,342659043,9,0,0,43520,3,10458185099
17753,148248320,194383586,342631906,0,0,0,12288,14,3731635038
17754,148249300,194559925,342809225,5,0,0,82944,7,7385919935
17755,148284921,194613715,342898636,2,0,0,11776,12,6775854923
17756,148286210,195574213,343860423,0,0,0,31232,14,5726924520
17757,148289920,195783258,344073178,3,0,0,147456,9,5114565336
17758,148298981,194510891,342809872,2,0,0,2048,12,7541836082
17759,148314720,194553895,342868615,9,0,0,146944,3,7232530965
17760,148321810,194497164,342818974,5,0,0,29696,7,761993311
17761,148334171,194691908,343026079,2,0,0,19456,12,9564321927
17762,148345390,194842801,343188191,5,0,0,48640,7,1861445044
17763,148360540,194411191,342771731,7,0,0,5632,9,1869324105
17764,148364320,194601692,342966012,6,0,0,33280,12,10541007771
17765,148365610,194948177,343313787,0,0,0,129536,14,5784980293
17766,148367960,195001205,343369165,0,0,0,4608,14,8638131688
17767,148378800,194635543,343014343,9,0,0,12800,3,1359893074
17768,148394250,195814498,344208748,6,0,0,82432,12,528711951
17769,148403600,194614666,343018266,0,0,0,12800,14,4255107771
17770,148403630,194234409,342638039,0,0,0,3584,14,7644978320
17771,148407010,195984369,344391379,1,0,0,68608,6,8033014955
17772,148429040,194526809,342955849,5,0,0,14848,7,1260512010
17773,148435030,229949758,378384788,5,0,1,2560,7,815523707
17774,148448739,229936072,378384811,9,0,1,1024,3,4619427683
17775,148450620,194628230,343078850,0,0,0,4608,14,2868675931
17776,148456770,195376955,343833725,1,0,0,60416,6,6916203573
17777,148464220,194709128,343173348,5,0,0,31744,7,8778906109
17778,148486120,194974228,343460348,0,0,0,5632,14,3048508965
17779,148500410,194867328,343367738,9,0,0,31232,3,6561478952
17780,148503029,229881805,378384834,1,0,1,6144,6,8348615769
17781,148507110,195465942,343973052,7,0,0,11264,9,1242729834
17782,148526660,195895318,344421978,9,0,0,5632,3,2596494875
17783,148531020,194514653,343045673,3,0,0,40448,9,10634515682
17784,148531150,194632503,343163653,1,0,0,100864,6,3796705285
17785,148536900,194889481,343426381,3,0,0,106496,9,1217247967
17786,148541720,195205057,343746777,0,0,0,20480,14,8354077205
17787,148547949,229966173,378514122,1,0,1,49152,6,8657462489
17788,148552771,195625043,344177814,2,0,0,137728,12,6371389506
17789,148560090,194561887,343121977,8,0,0,8192,12,3520571818
17790,148564060,230202012,378766072,8,0,1,51712,12,872718167
17791,148567130,194990874,343558004,0,0,0,79872,14,3261951984
17792,148575630,194765702,343341332,1,0,0,25088,6,7461264287
17793,148585979,230284367,378870346,7,0,1,18944,9,8517078113
17794,148618170,194833038,343451208,7,0,0,81408,9,9357940515
17795,148621910,194406064,343027974,3,0,0,6144,9,3774317407
17796,148626990,194562940,343189930,1,0,0,5632,6,5738042904
17797,148641430,194813077,343454507,5,0,0,10752,7,5787755760
17798,148658961,194696364,343355325,2,0,0,37888,12,9130987443
17799,148678190,195944967,344623157,1,0,0,144896,6,9477614722
17800,148687080,194919792,343606872,1,0,0,57856,6,2872848524
17801,148704899,230167713,378872612,4,0,1,3584,12,9150571086
17802,148711770,194980561,343692331,5,0,0,54272,7,5537590639
17803,148714840,195288497,344003337,8,0,0,48640,12,2119067445
17804,148716650,230159508,378876158,0,0,1,5632,14,8788300483
17805,148726450,230171894,378898344,0,0,1,12288,14,552289894
17806,148741800,194933972,343675772,5,0,0,70144,7,756601945
17807,148747210,230528957,379276167,3,0,1,32256,9,6200313285
17808,148750569,230525854,379276423,6,0,1,9216,12,7956151720
17809,148774340,195668116,344442456,5,0,0,6656,7,2375425623
17810,148783179,230537358,379320537,9,0,1,5632,3,9056028529
17811,148803010,194815897,343618907,1,0,0,39424,6,421663430
17812,148807900,230647515,379455415,2,0,1,20992,12,10214842372
17813,148815370,230668877,379484247,0,0,1,11776,14,2683731445
17814,148818269,230686867,379505136,6,0,1,10752,12,3140619685
17815,148826530,194805400,343631930,7,0,0,1536,9,4120664460
17816,148832070,230752917,379584987,8,0,1,13824,12,8894907489
17817,148837751,196002863,344840614,2,0,0,85504,12,3621605785
17818,148844519,230755693,379600212,4,0,1,6656,12,9075113107
17819,148850130,194710439,343560569,7,0,0,8192,9,2529950074
17820,148860570,194978014,343838584,9,0,0,15872,3,4089540981
17821,148871240,194760199,343631439,9,0,0,31232,3,53207783
17822,148879690,195998126,344877816,9,0,0,52736,3,2644345329
17823,148882000,194930303,343812303,6,0,0,32768,12,6222341880
17824,148883940,194978690,343862630,8,0,0,7168,12,7903766963
17825,148885309,230716529,379601838,7,0,1,2560,9,5672033676
17826,148892930,195477522,344370452,5,0,0,2560,7,6822321330
17827,148894670,195684316,344578986,9,0,0,60416,3,6956227652
17828,148896189,230832506,379728695,1,0,1,30720,6,5979181938
17829,148896499,230866014,379762513,7,0,1,6656,9,5146095253
17830,148897140,195424798,344321938,7,0,0,50176,9,6480813434
17831,148903110,195216009,344119119,6,0,0,48640,12,4895734382
17832,148905510,230918581,379824091,3,0,1,13824,9,5043161157
17833,148918030,195377334,344295364,1,0,0,107008,6,1726891995
17834,148923343,230900771,379824114,3,0,1,13824,9,10705465914
17835,148933660,195000342,343934002,7,0,0,13312,9,6008963588
17836,148935760,195433873,344369633,7,0,0,136704,9,124882845
17837,148938180,194953662,343891842,5,0,0,10240,7,9497186233
17838,148939629,230928505,379868134,6,0,1,1024,12,7283213000
17839,148957620,195225989,344183609,3,0,0,18944,9,3739090857
17840,148971570,231028688,380000258,3,0,1,29184,9,8491292729
17841,148971730,195881566,344853296,8,0,0,36352,12,587601211
17842,148973460,195289277,344262737,9,0,0,48128,3,2581418081
17843,148975540,196063070,345038610,1,0,0,29184,6,6440780796
17844,148977120,195350838,344327958,6,0,0,19456,12,434823085
17845,148984220,196166236,345150456,9,0,0,92672,3,8889425019
17846,148990590,195429649,344420239,8,0,0,27648,12,5176310253
17847,148995090,195219765,344214855,5,0,0,19968,7,6897220049
17848,148997070,195309549,344306619,9,0,0,36864,3,6529205060
17849,149006639,230993642,380000281,6,0,1,5120,12,6454327611
17850,149019739,231182435,380202174,4,0,1,10752,12,1127424724
17851,149022151,195225876,344248027,2,0,0,77824,12,1046983107
17852,149043750,195356240,344399990,1,0,0,28160,6,2605480058
17853,149070871,195366245,344437116,2,0,0,14336,12,300776548
17854,149079369,231122828,380202197,7,0,1,7168,9,10675085163
17855,149084860,195575636,344660496,1,0,0,9216,6,10622663778
17856,149086380,195315817,344402197,9,0,0,7168,3,2308573922
17857,149089250,195691570,344780820,5,0,0,283136,7,9070910027
17858,149096630,195363653,344460283,6,0,0,17920,12,7313826290
17859,149120170,196139852,345260022,5,0,0,62976,7,88795325
17860,149129910,195712287,344842197,3,0,0,5120,9,1719444668
17861,149139171,195906482,345045653,2,0,0,23040,12,9510533651
17862,149146240,195765524,344911764,7,0,0,53248,9,3423957596
17863,149168190,231123244,380291434,2,0,1,37376,12,5569025366
17864,149188510,195822320,345010830,6,0,0,99328,12,2949238940
17865,149200340,195614199,344814539,3,0,0,110592,9,2648488063
17866,149203680,195419664,344623344,7,0,0,512,9,7286798936
17867,149214170,231077287,380291457,3,0,1,4096,9,6007606217
17868,149236130,195625572,344861702,6,0,0,8192,12,3092166767
17869,149240189,231232879,380473068,9,0,1,32256,3,1445925987
17870,149242850,195786255,345029105,4,0,0,59904,12,3099578424
17871,149242939,231230152,380473091,6,0,1,9216,12,2172336216
17872,149288280,196169943,345458223,5,0,0,18944,7,7422064657
17873,149299750,195769384,345069134,4,0,0,20992,12,4678209381
17874,149300760,195556615,344857375,1,0,0,13312,6,1657634541
17875,149323751,195571766,344895517,2,0,0,46592,12,826080003
17876,149332410,195526704,344859114,0,0,0,5632,14,8191010386
17877,149348400,195624539,344972939,8,0,0,33792,12,6131585707
17878,149352510,196243449,345595959,0,0,0,19968,14,1542313195
17879,149356149,231254116,380610265,9,0,1,5120,3,7856287567
17880,149363550,195553643,344917193,8,0,0,15360,12,3210150088
17881,149373049,231241318,380614367,4,0,1,8704,12,5297927669
17882,149373350,195716379,345089729,0,0,0,9728,14,4522049017
17883,149391709,231222681,380614390,9,0,1,2560,3,1535898397
17884,149394340,196313625,345707965,7,0,0,6144,9,6937327627
17885,149401330,195697852,345099182,1,0,0,2560,6,3633837018
17886,149406231,196400463,345806694,2,0,0,32256,12,4554998840
17887,149408240,195567062,344975302,7,0,0,7680,9,5975254643
17888,149434870,196406529,345841399,3,0,0,54784,9,7104927732
17889,149439521,196357322,345796843,2,0,0,28672,12,8932055546
17890,149439630,195717245,345156875,5,0,0,20992,7,3895805603
17891,149456171,196501026,345957197,2,0,0,14848,12,254095629
17892,149458659,231155754,380614413,6,0,1,7680,12,10724099728
17893,149462540,196490110,345952650,1,0,0,46592,6,8272433695
17894,149468941,195830705,345299646,2,0,0,61952,12,7685395614
17895,149498570,195875956,345374526,8,0,0,16384,12,7866425247
17896,149500790,196354984,345855774,1,0,0,47104,6,6523095326
17897,149502090,195996460,345498550,5,0,0,16384,7,9214572890
17898,149507740,195569137,345076877,6,0,0,15872,12,7452070588
17899,149531509,231104056,380635565,7,0,1,9216,9,3657041024
17900,149538270,195656903,345195173,0,0,0,58368,14,1128938151
17901,149540140,231117334,380657474,3,0,1,4096,9,5346906286
17902,149540990,195683938,345224928,0,0,0,15872,14,2893888743
17903,149541900,195821250,345363150,5,0,0,109056,7,2676262830
17904,149561250,231105786,380667036,8,0,1,4608,12,3883096079
17905,149565070,231101989,380667059,8,0,1,11776,12,8623692162
17906,149567211,195885217,345452428,2,0,0,121344,12,7805884840
17907,149567320,196515991,346083311,7,0,0,60416,9,6483270608
17908,149567861,196294488,345862349,2,0,0,21504,12,5896788623
17909,149585310,196030210,345615520,1,0,0,26112,6,1369183552
17910,149585480,196038143,345623623,1,0,0,5632,6,2005228982
17911,149585970,196003882,345589852,7,0,0,88064,9,8033106678
17912,149586860,196229560,345816420,1,0,0,19456,6,2490091122
17913,149599370,196176055,345775425,8,0,0,154624,12,6193431088
17914,149616280,195926553,345542833,3,0,0,13824,9,465843360
17915,149634450,195868048,345502498,9,0,0,512,3,9143920473
17916,149636650,196151434,345788084,1,0,0,41472,6,7772745591
17917,149654531,196223000,345877531,2,0,0,21504,12,2831042120
17918,149663520,195860824,345524344,6,0,0,512,12,8094412119
17919,149665000,196502689,346167689,9,0,0,96256,3,5966747665
17920,149682400,196297790,345980190,5,0,0,56320,7,2603261921
17921,149693700,195987913,345681613,3,0,0,14336,9,10060131657
17922,149697309,230987759,380685068,7,0,1,16384,9,97130784
17923,149707350,196103119,345810469,0,0,0,12288,14,5408898486
17924,149713730,196244122,345957852,3,0,0,2048,9,4595229696
17925,149719269,230968661,380687930,6,0,1,8192,12,3869978431
17926,149737090,196592672,346329762,5,0,0,29696,7,843330892
17927,149746229,231093162,380839391,4,0,1,51200,12,1496212418
17928,149749970,196347427,346097397,3,0,0,4608,9,8158139761
17929,149752810,231141819,380894629,0,0,1,7168,14,3637262776
17930,149756050,195943071,345699121,5,0,0,1536,7,528451277
17931,149780230,196352313,346132543,3,0,0,7168,9,9217643488
17932,149783661,196504827,346288488,2,0,0,125440,12,9387576525
17933,149785760,196410679,346196439,5,0,0,88064,7,6020728210
17934,149785910,196571440,346357350,7,0,0,62976,9,6604486607
17935,149802760,196327576,346130336,8,0,0,86528,12,10460463275
17936,149807790,196178819,345986609,3,0,0,20992,9,1295338183
17937,149810650,196788603,346599253,0,0,0,11264,14,7166562873
17938,149813020,196551537,346364557,5,0,0,23552,7,1408802586
17939,149817890,196200708,346018598,9,0,0,5120,3,2426101668
17940,149832860,196366574,346199434,3,0,0,9728,9,3456789335
17941,149833780,196231100,346064880,9,0,0,15872,3,3996879780
17942,149836469,231058183,380894652,7,0,1,4096,9,2093151381
17943,149854910,196314674,346169584,7,0,0,6144,9,8918519964
17944,149855790,196631802,346487592,1,0,0,151552,6,2638962949
17945,149859830,196278508,346138338,3,0,0,18944,9,2902317489
17946,149863970,196543274,346407244,5,0,0,24576,7,5247822647
17947,149865040,196829632,346694672,8,0,0,17920,12,5544071460
17948,149889110,196206860,346095970,0,0,0,41472,14,10308265085
17949,149890860,196429831,346320691,3,0,0,29184,9,7816404188
17950,149891900,231002775,380894675,0,0,1,7680,14,8036854555
17951,149903970,231085006,380988976,8,0,1,6144,12,9595710200
17952,149932259,231056740,380988999,1,0,1,5120,6,3037794181
17953,149956440,231160220,381116660,0,0,1,6656,14,3719868509
17954,149981390,196534461,346515851,7,0,0,92672,9,1470147635
17955,149981799,231164875,381146674,7,0,1,10752,9,5178406015
17956,149991620,196540212,346531832,7,0,0,6144,9,567682064
17957,150011940,196517997,346529937,1,0,0,36352,6,5264540023
17958,150015040,196412720,346427760,6,0,0,37888,12,6092319417
17959,150018340,197089240,347107580,3,0,0,30720,9,4052768716
17960,150027950,231171891,381199841,2,0,1,16384,12,9667219683
17961,150032120,231223494,381255614,0,0,1,20480,14,9959424848
17962,150033530,196759579,346793109,1,0,0,39936,6,1346001351
17963,150040210,197036284,347076494,1,0,0,91136,6,5313380131
17964,150050020,196483239,346533259,1,0,0,4608,6,3797285398
17965,150052070,196614462,346666532,6,0,0,64512,12,8067140802
17966,150066239,234579004,384645243,9,0,1,482304,3,4018327555
17967,150066510,196764084,346830594,8,0,0,41472,12,9409327097
17968,150068690,196855260,346923950,7,0,0,36864,9,642145267
17969,150078420,197181398,347259818,7,0,0,125952,9,6046940316
17970,150081150,196437688,346518838,5,0,0,9728,7,10648504940
17971,150087910,234557356,384645266,5,0,1,8704,7,9256484932
17972,150088250,197064746,347152996,1,0,0,103424,6,10445058313
17973,150089390,234555899,384645289,0,0,1,4096,14,8552466771
17974,150098020,196760745,346858765,8,0,0,24064,12,4400141653
17975,150108770,234634326,384743096,2,0,1,69632,12,5586578681
17976,150116300,196847925,346964225,9,0,0,24064,3,6575671345
17977,150120321,197359133,347479454,2,0,0,43008,12,261580164
17978,150123000,196691295,346814295,8,0,0,12800,12,2074873337
17979,150124200,196676264,346800464,8,0,0,24064,12,5035918196
17980,150141500,196896833,347038333,5,0,0,37888,7,10380336327
17981,150141749,234601370,384743119,4,0,1,1024,12,1714036724
17982,150148520,197041374,347189894,8,0,0,2560,12,1639733762
17983,150152071,196841771,346993842,2,0,0,47104,12,4845662887
17984,150158010,197120106,347278116,7,0,0,51712,9,7270168159
17985,150169010,196948098,347117108,9,0,0,5120,3,1304806489
17986,150171080,196825125,346996205,6,0,0,7680,12,2937950953
17987,150173900,197389506,347563406,0,0,0,165888,14,1132653033
17988,150187370,197500056,347687426,7,0,0,19456,9,10722977444
17989,150191160,197091347,347282507,9,0,0,14336,3,9128128921
17990,150192070,197265510,347457580,0,0,0,77312,14,9886457950
17991,150203180,196875365,347078545,9,0,0,6656,3,9553365673
17992,150205510,197190946,347396456,7,0,0,38912,9,4571230599
17993,150208981,197126674,347335655,2,0,0,103424,12,4498890151
17994,150209130,234534012,384743142,0,0,1,24576,14,956062949
17995,150216060,234527105,384743165,0,0,1,6144,14,7738012501
17996,150228530,197591297,347819827,6,0,0,57344,12,8603421072
17997,150244290,197189711,347434001,5,0,0,6656,7,5524444640
17998,150247010,197015327,347262337,3,0,0,8192,9,559323883
17999,150248410,197467618,347716028,6,0,0,80896,12,6867249893
18000,150268220,197235375,347503595,8,0,0,3584,12,8321274019
18001,150290719,234455083,384745802,7,0,1,18432,9,3207318107
18002,150292740,197505661,347798401,8,0,0,48128,12,5100887143
18003,150294459,234470593,384765052,6,0,1,12288,12,244955957
18004,150296171,197647919,347944090,2,0,0,174080,12,3873614358
18005,150299570,234592079,384891649,9,0,1,136704,3,876208436
18006,150302210,197481504,347783714,3,0,0,29696,9,1916516432
18007,150302350,197584286,347886636,7,0,0,83968,9,3834509438
18008,150305030,234890051,385195081,0,0,1,60416,14,9448169574
18009,150312260,197524905,347837165,6,0,0,36352,12,3780218990
18010,150331099,234889947,385221046,4,0,1,87040,12,8371377572
18011,150334010,197231759,347565769,8,0,0,7680,12,5057233407
18012,150353860,197395991,347749851,9,0,0,6656,3,7917961340
18013,150355610,197446722,347802332,4,0,0,12800,12,3623767478
18014,150356930,197130035,347486965,1,0,0,24576,6,4911755111
18015,150358000,197703989,348061989,3,0,0,4096,9,6840994010
18016,150367419,234853650,385221069,6,0,1,30208,12,4197051798
18017,150368940,197522087,347891027,0,0,0,14336,14,6430452625
18018,150371370,197118434,347489804,6,0,0,9216,12,4728587509
18019,150377631,197444559,347822190,2,0,0,7680,12,2808071813
18020,150379149,234841943,385221092,6,0,1,3584,12,7114114190
18021,150388660,197577545,347966205,3,0,0,50176,9,1977442865
18022,150412360,197762064,348174424,7,0,0,83456,9,1624407396
18023,150419820,198202731,348622551,5,0,0,233472,7,617822202
18024,150424260,197631014,348055274,7,0,0,46592,9,3385778568
18025,150435400,197701199,348136599,7,0,0,53760,9,1235675725
18026,150438700,234782415,385221115,8,0,1,6144,12,3898664157
18027,150438910,197671661,348110571,6,0,0,2560,12,7194084377
18028,150486390,197615508,348101898,9,0,0,12800,3,3253844401
18029,150492689,234728449,385221138,1,0,1,18944,6,5010903289
18030,150495311,198281753,348777064,2,0,0,33280,12,4990224146
18031,150504020,197740226,348244246,8,0,0,29184,12,121586135
18032,150506090,197268142,347774232,0,0,0,28160,14,5473193998
18033,150515990,197807689,348323679,3,0,0,26112,9,1188610298
18034,150544719,234676442,385221161,1,0,1,3072,6,9529805104
18035,150552080,197434546,347986626,9,0,0,43008,3,4443078883
18036,150553670,234667514,385221184,0,0,1,1024,14,4926699803
18037,150564750,234680995,385245745,8,0,1,24064,12,5180731268
18038,150565760,197704446,348270206,5,0,0,8704,7,3124247447
18039,150570260,197788093,348358353,8,0,0,69632,12,10322494248
18040,150573070,197930798,348503868,9,0,0,14848,3,10174995874
18041,150580319,234665449,385245768,6,0,1,5632,12,2908365602
18042,150583760,198664406,349248166,0,0,0,603136,14,2889968885
18043,150589110,197843252,348432362,9,0,0,15360,3,7738319060
18044,150597610,234648181,385245791,2,0,1,13824,12,2097424971
18045,150602609,234649959,385252568,7,0,1,4096,9,9978490391
18046,150607840,198713027,349320867,9,0,0,89088,3,4630241933
18047,150609380,197567134,348176514,8,0,0,5120,12,1103663908
18048,150615800,197781473,348397273,9,0,0,5632,3,932471115
18049,150616191,198764099,349380290,2,0,0,83456,12,9639810269
18050,150619490,197808169,348427659,1,0,0,69120,6,1316697862
18051,150622881,198874368,349497249,2,0,0,46592,12,3317956041
18052,150629110,197838965,348468075,3,0,0,40448,9,2285483627
18053,150632219,234620372,385252591,6,0,1,14848,12,9885457019
18054,150655260,234597354,385252614,5,0,1,7168,7,10274499162
18055,150662420,198156933,348819353,5,0,0,80384,7,5213848012
18056,150669981,197958677,348628658,2,0,0,19968,12,4294261222
18057,150682950,198910659,349593609,8,0,0,76288,12,6748412809
18058,150692550,234587316,385279866,8,0,1,32256,12,7660656904
18059,150693920,197966897,348660817,8,0,0,105472,12,8854739293
18060,150694991,197594559,348289550,2,0,0,6656,12,4502197639
18061,150702120,199246961,349949081,0,0,0,477696,14,4165444173
18062,150711040,199040572,349751612,7,0,0,231936,9,8382798893
18063,150713120,234566777,385279897,0,0,1,11776,14,6778608173
18064,150720600,199339693,350060293,9,0,0,168448,3,5250675340
18065,150730510,197962827,348693337,7,0,0,9728,9,3345393672
18066,150742039,234537881,385279920,7,0,1,7168,9,900568858
18067,150746530,235896191,386642721,9,0,1,435200,3,6866640418
18068,150766540,198586486,349353026,7,0,0,105472,9,921223579
18069,150768910,198514760,349283670,8,0,0,14848,12,6812386004
18070,150777840,198499388,349277228,1,0,0,9216,6,4433963110
18071,150782880,199342923,350125803,6,0,0,133120,12,3861225662
18072,150796920,198477477,349274397,8,0,0,86016,12,2286649277
18073,150801450,198477673,349279123,6,0,0,6144,12,6870458653
18074,150814549,236193819,387008368,9,0,1,183296,3,4550882164
18075,150817880,198475820,349293700,7,0,0,7680,9,4328111130
18076,150827809,236226039,387053848,1,0,1,7680,6,3157805391
18077,150838330,198453007,349291337,9,0,0,25088,3,10731730994
18078,150843040,236224939,387067979,3,0,1,5120,9,7101917478
18079,150859869,236292664,387152533,7,0,1,35328,9,7979594238
18080,150886410,198538952,349425362,4,0,0,65024,12,6062676198
18081,150908030,198687197,349595227,7,0,0,4608,9,10158101264
18082,150925280,198462053,349387333,8,0,0,23040,12,5991919280
18083,150934300,198083130,349017430,3,0,0,7168,9,4234202668
18084,150944311,198626031,349570342,2,0,0,128512,12,6878456320
18085,150948590,199271202,350219792,3,0,0,270848,9,4249194258
18086,150954690,198472723,349427413,5,0,0,6656,7,1483346811
18087,150966060,199295789,350261849,5,0,0,95232,7,5580676655
18088,150970550,199388283,350358833,3,0,0,49664,9,10107001362
18089,150978320,198789787,349768107,1,0,0,33280,6,7133375553
18090,150978780,198552383,349531163,6,0,0,8192,12,4680505558
18091,150985670,198772205,349757875,0,0,0,20480,14,2626817902
18092,150987610,199465897,350453507,7,0,0,15360,9,10444488214
18093,150987710,199088073,350075783,1,0,0,50688,6,5047609847
18094,150988320,198795458,349783778,9,0,0,17408,3,9139622995
18095,150991450,199000585,349992035,0,0,0,134144,14,1037631318
18096,150996190,199008026,350004216,8,0,0,39424,12,215590536
18097,150998110,199833122,350831232,3,0,0,153600,9,8919637111
18098,151011900,199436904,350448804,6,0,0,45056,12,10346128795
18099,151022040,199210770,350232810,7,0,0,19968,9,6583944042
18100,151023300,198927840,349951140,6,0,0,6656,12,4937091396
18101,151035540,198733682,349769222,6,0,0,3584,12,4361119744
18102,151049670,199363291,350412961,9,0,0,64000,3,2178893000
18103,151049800,198753710,349803510,5,0,0,10240,7,8268063717
18104,151050801,199034365,350085166,2,0,0,30720,12,1421475428
18105,151054340,199172363,350226703,8,0,0,22528,12,10478199560
18106,151063990,198944956,350008946,0,0,0,10240,14,6169171393
18107,151069629,236082919,387152548,1,0,1,30208,6,5385775949
18108,151073960,199059042,350133002,5,0,0,23552,7,8284130539
18109,151079410,199345898,350425308,8,0,0,40448,12,7089228507
18110,151082851,199260827,350343678,2,0,0,72704,12,2178619125
18111,151089160,198915593,350004753,6,0,0,1536,12,1044905447
18112,151093780,199043465,350137245,1,0,0,13824,6,4419424604
18113,151108600,236043963,387152563,9,0,1,13824,3,3620864936
18114,151114410,236044895,387159305,2,0,1,16896,12,5331900256
18115,151118810,199763026,350881836,1,0,0,62464,6,4161845990
18116,151125890,199565556,350691446,1,0,0,72192,6,7075840312
18117,151134490,200074020,351208510,3,0,0,2560,9,6284961746
18118,151142460,200065247,351207707,8,0,0,68096,12,5456276175
18119,151154230,199876123,351030353,5,0,0,284672,7,8579195197
18120,151162880,236000611,387163491,0,0,1,6656,14,6489775494
18121,151165220,199949598,351114818,8,0,0,47104,12,3769408950
18122,151166830,199364498,350531328,9,0,0,13312,3,5835591180
18123,151177390,199591400,350768790,6,0,0,136192,12,4091642667
18124,151179870,199129391,350309261,5,0,0,10240,7,7361766892
18125,151182440,236001558,387183998,3,0,1,6144,9,7581444729
18126,151182690,199377552,350560242,3,0,0,21504,9,82487969
18127,151192040,199103216,350295256,9,0,0,109568,3,7065331111
18128,151208680,199500350,350709030,3,0,0,35840,9,3111759115
18129,151213840,199689391,350903231,9,0,0,70144,3,7686267220
18130,151219561,199242861,350462422,2,0,0,29184,12,713758633
18131,151220370,236009991,387230361,3,0,1,15872,9,3079071585
18132,151254961,199592830,350847791,2,0,0,54272,12,4669786596
18133,151255721,199931215,351186936,2,0,0,212480,12,10502223495
18134,151257409,235972967,387230376,7,0,1,31232,9,9122217814
18135,151260099,235970292,387230391,9,0,1,8192,3,1339865465
18136,151270640,236058106,387328746,3,0,1,30720,9,8657660655
18137,151270840,236057921,387328761,8,0,1,28672,12,4953031769
18138,151285711,199814732,351100443,2,0,0,121344,12,3557840022
18139,151294940,199556626,350851566,3,0,0,12288,9,1749862801
18140,151297480,199606554,350904034,8,0,0,2560,12,4764773004
18141,151297700,199640193,350937893,9,0,0,2048,3,1641619712
18142,151303300,199949310,351252610,1,0,0,27648,6,8555351557
18143,151307710,199814463,351122173,0,0,0,24064,14,5005610934
18144,151314490,199458571,350773061,3,0,0,7168,9,4438646409
18145,151318599,236011284,387329883,7,0,1,5632,9,1636958909
18146,151326130,236003768,387329898,3,0,1,18432,9,2318269710
18147,151326390,199737058,351063448,9,0,0,108544,3,7564677652
18148,151329720,199951679,351281399,7,0,0,25600,9,4905625100
18149,151332880,199952286,351285166,1,0,0,12288,6,9039714869
18150,151342740,199901423,351244163,6,0,0,66048,12,3373123498
18151,151360789,235969124,387329913,1,0,1,11264,6,9177251921
18152,151375379,236005268,387380647,1,0,1,25600,6,5170826743
18153,151393311,199830705,351224016,2,0,0,20992,12,7170765958
18154,151416771,199800826,351217597,2,0,0,29696,12,4412586612
18155,151417980,200003468,351421448,3,0,0,26624,9,5106744324
18156,151425540,235955122,387380662,3,0,1,11264,9,7634746239
18157,151427210,235953467,387380677,2,0,1,1024,12,1581141073
18158,151431019,235949673,387380692,9,0,1,10752,3,10132356386
18159,151434221,199828404,351262625,2,0,0,32768,12,1371864749
18160,151435489,235971583,387407072,9,0,1,37376,3,158555498
18161,151438649,235972253,387410902,4,0,1,1024,12,4515802206
18162,151445681,199827887,351273568,2,0,0,35840,12,3759050303
18163,151446990,235964898,387411888,2,0,1,1536,12,776063732
18164,151448410,236003846,387452256,5,0,1,55296,7,7758072134
18165,151455430,236013446,387468876,3,0,1,36352,9,5884405648
18166,151461490,199942458,351403948,7,0,0,141824,9,1363534632
18167,151510359,235990967,387501326,6,0,1,37376,12,171708627
18168,151513250,199778998,351292248,5,0,0,6656,7,7718524837
18169,151521260,199768921,351290181,1,0,0,16384,6,2375478475
18170,151524970,235984314,387509284,9,0,1,4096,3,615596271
18171,151529490,199883685,351413175,7,0,0,30208,9,6561853536
18172,151531670,199820834,351352504,9,0,0,11264,3,9277570007
18173,151564530,199755661,351320191,5,0,0,9728,7,5595238028
18174,151572779,235952563,387525342,4,0,1,27136,12,6781949779
18175,151596760,235931168,387527928,3,0,1,4096,9,5981687580
18176,151609180,235920131,387529311,8,0,1,14848,12,2346225048
18177,151613580,199855431,351469011,5,0,0,2560,7,7974031788
18178,151618100,235933085,387551185,2,0,1,5632,12,2247463257
18179,151625320,199909255,351534575,3,0,0,30720,9,10266622049
18180,151632670,200030492,351663162,5,0,0,18432,7,3397772689
18181,151661890,235899552,387561442,9,0,1,38400,3,199903695
18182,151666040,199853775,351519815,1,0,0,35840,6,5865395441
18183,151668410,235893732,387562142,5,0,1,512,7,6845169566
18184,151674150,200073256,351747406,9,0,0,14336,3,3081578349
18185,151674890,200417645,352092535,3,0,0,15872,9,4279648162
18186,151675950,199892507,351568457,6,0,0,25600,12,581619429
18187,151692540,235871228,387563768,2,0,1,2560,12,3900664513
18188,151697900,200018556,351716456,1,0,0,48128,6,5808344734
18189,151697929,235871331,387569260,4,0,1,8704,12,6974548814
18190,151702440,199872592,351575032,5,0,0,21504,7,8570930981
18191,151706010,200141390,351847400,5,0,0,87040,7,10678249566
18192,151715540,199819214,351534754,0,0,0,512,14,9092729360
18193,151721620,200227928,351949548,3,0,0,18944,9,10232633902
18194,151723750,200569142,352292892,9,0,0,74752,3,3600140180
18195,151736940,200066141,351803081,5,0,0,27136,7,810765542
18196,151746140,200341536,352087676,0,0,0,142848,14,4769097279
18197,151751520,200171160,351922680,6,0,0,31744,12,2376926769
18198,151761390,200106781,351868171,7,0,0,68096,9,8191393426
18199,151780720,235803186,387583906,9,0,1,29696,3,1966604395
18200,151792990,199760251,351553241,6,0,0,8192,12,8837678859
18201,151802390,200193732,351996122,5,0,0,54784,7,61336533
18202,151804480,200137854,351942334,8,0,0,512,12,1662792389
18203,151812630,200419460,352232090,1,0,0,7168,6,2761059198
18204,151812669,235771583,387584252,1,0,1,512,6,5464206839
18205,151813890,200612497,352426387,1,0,0,80384,6,8232229917
18206,151824840,235760078,387584918,8,0,1,1024,12,4733442644
18207,151825980,199815935,351641915,5,0,0,10752,7,2148792058
18208,151850250,235737254,387587504,3,0,1,4096,9,10646380416
18209,151861860,235737421,387599281,0,0,1,5120,14,8095479049
18210,151863390,200497695,352361085,8,0,0,26112,12,263005746
18211,151865050,200536776,352401826,9,0,0,125440,3,6420184099
18212,151869081,200360802,352229883,2,0,0,136704,12,5307650614
18213,151870800,235729864,387600664,2,0,1,14848,12,1145644502
18214,151874429,235748864,387623293,7,0,1,33792,9,6026914003
18215,151881280,200658402,352539682,3,0,0,34816,9,9219668122
18216,151882120,200060035,351942155,0,0,0,33792,14,2281249704
18217,151898830,200141729,352040559,6,0,0,13312,12,6506575492
18218,151912740,200338968,352251708,9,0,0,5120,3,7020301173
18219,151913889,235722641,387636530,4,0,1,29184,12,287101940
18220,151932920,235709422,387642342,2,0,1,9216,12,9377210037
18221,151942530,200205697,352148227,3,0,0,2560,9,10020217939
18222,151948070,235695501,387643571,5,0,1,22016,7,4226455404
18223,151951900,200642328,352594228,5,0,0,6144,7,6422919115
18224,151955791,200368702,352324493,2,0,0,50176,12,5374835435
18225,151958330,200344447,352302777,8,0,0,16896,12,10687526570
18226,151968050,200477080,352445130,1,0,0,61440,6,4686191115
18227,151974060,200130081,352104141,3,0,0,18944,9,9699504679
18228,151976300,200677287,352653587,0,0,0,180224,14,2383370130
18229,151983980,200469309,352453289,0,0,0,26624,14,8154128899
18230,151984819,235665832,387650651,7,0,1,33792,9,3533904730
18231,151988090,235663867,387651957,0,0,1,2048,14,8607026464
18232,151990689,235740877,387731566,6,0,1,83456,12,2850014183
18233,151997240,200331511,352328751,7,0,0,6656,9,1157244989
18234,152011520,200341586,352353106,8,0,0,34816,12,10248333235
18235,152020990,200452734,352473724,8,0,0,36352,12,4950959007
18236,152022951,200311346,352334297,2,0,0,11776,12,9100195310
18237,152033191,200427195,352460386,2,0,0,23040,12,9321956669
18238,152044140,200771573,352815713,9,0,0,44032,3,503253206
18239,152057300,200269400,352326700,9,0,0,7168,3,940540760
18240,152058150,200597690,352655840,7,0,0,4608,9,6556969111
18241,152065500,200414510,352480010,1,0,0,20480,6,9991417871
18242,152069770,200183762,352253532,8,0,0,1024,12,1737785741
18243,152090361,200830508,352920869,2,0,0,88064,12,7199268702
18244,152092710,200414998,352507708,7,0,0,63488,9,2825945279
18245,152097460,200651294,352748754,5,0,0,45568,7,9688584636
18246,152100060,200169477,352269537,1,0,0,3584,6,6535944868
18247,152104810,200769167,352873977,9,0,0,40448,3,8639326745
18248,152111930,200954724,353066654,1,0,0,112128,6,7906479159
18249,152127890,200358608,352486498,0,0,0,1536,14,6885220028
18250,152138580,201113570,353252150,5,0,0,53248,7,8777572832
18251,152140100,201043412,353183512,7,0,0,19968,9,2334685890
18252,152152280,235592039,387744319,5,0,1,35840,7,2134615385
18253,152173320,200481093,352654413,7,0,0,2560,9,6921953692
18254,152197550,200315797,352513347,7,0,0,18432,9,10406271091
18255,152197610,235551855,387749465,8,0,1,8192,12,6979330619
18256,152204150,200477906,352682056,8,0,0,32256,12,3164521419
18257,152207370,235542351,387749721,3,0,1,9216,9,8971256452
18258,152208650,200454599,352663249,9,0,0,10240,3,2285275629
18259,152210420,200510865,352721285,1,0,0,19968,6,7807893280
18260,152214120,200472222,352686342,9,0,0,2048,3,5613582066
18261,152221190,200438885,352660075,0,0,0,13824,14,9871099695
18262,152234220,200342512,352576732,4,0,0,9216,12,1443295190
18263,152259960,201123965,353383925,5,0,0,83456,7,2187337289
18264,152264200,200692707,352956907,3,0,0,47616,9,3487909393
18265,152286989,235480563,387767552,7,0,1,28672,9,8232942857
18266,152290790,235477223,387768013,5,0,1,10240,7,10584308168
18267,152295859,235474100,387769959,6,0,1,3072,12,2151812101
18268,152296139,235474998,387771137,7,0,1,13824,9,1703360325
18269,152300020,235485848,387785868,8,0,1,14336,12,850496361
18270,152310579,235481581,387792160,4,0,1,24576,12,6420233988
18271,152312770,200371066,352683836,1,0,0,4608,6,718987279
18272,152316880,200384513,352701393,9,0,0,16896,3,8643946389
18273,152334130,201308824,353642954,6,0,0,512,12,1758090741
18274,152335940,235459359,387795299,9,0,1,11264,3,8289011735
18275,152339700,200734153,353073853,4,0,0,23552,12,3083914800
18276,152353040,200540951,352893991,9,0,0,65536,3,2783187020
18277,152357370,201353882,353711252,4,0,0,47104,12,539819511
18278,152364200,200752589,353116789,0,0,0,2560,14,3821905609
18279,152368809,235431316,387800125,6,0,1,7680,12,4772599386
18280,152374240,200716709,353090949,3,0,0,13312,9,5083764795
18281,152377500,200738486,353115986,5,0,0,49152,7,4290088607
18282,152391240,201239707,353630947,8,0,0,13312,12,4693266254
18283,152422360,235398794,387821154,5,0,1,44544,7,6489363538
18284,152426370,235395450,387821820,0,0,1,11264,14,10395627501
18285,152431680,200500365,352932045,0,0,0,6656,14,9510634660
18286,152457131,200827395,353284526,2,0,0,15360,12,1686540705
18287,152460290,200626580,353086870,3,0,0,42496,9,7162971536
18288,152467610,235378452,387846062,8,0,1,32256,12,2130878725
18289,152499040,200430954,352929994,9,0,0,29696,3,10023788506
18290,152515440,235339954,387855394,0,0,1,14848,14,7534939470
18291,152521020,200797784,353318804,5,0,0,44032,7,6237339583
18292,152521220,200579759,353100979,9,0,0,32768,3,3930985824
18293,152522210,200454709,352976919,0,0,0,20480,14,4922856845
18294,152527750,200662252,353190002,1,0,0,512,6,7915344890
18295,152531920,200645485,353177405,9,0,0,36864,3,24178913
18296,152533010,200727933,353260943,4,0,0,9728,12,9449638571
18297,152534140,201203391,353737531,6,0,0,18432,12,1504005462
18298,152557770,200840264,353398034,6,0,0,4608,12,651232081
18299,152569330,200890464,353459794,5,0,0,512,7,8515203442
18300,152570320,200595814,353166134,4,0,0,17408,12,5893268007
18301,152571610,200589151,353160761,8,0,0,75264,12,8947982016
18302,152574970,200896426,353471396,3,0,0,27648,9,10723177107
18303,152586870,200838251,353425121,8,0,0,4608,12,4194723850
18304,152595680,201286578,353882258,9,0,0,82944,3,9330899362
18305,152609290,200730129,353339419,5,0,0,67584,7,603999262
18306,152618370,200884154,353502524,4,0,0,31232,12,7653639165
18307,152633730,200993138,353626868,0,0,0,180736,14,4322870452
18308,152649660,200746947,353396607,0,0,0,41472,14,1629809518
18309,152653100,235203280,387856380,9,0,1,1536,3,3144756823
18310,152657440,200981174,353638614,9,0,0,25088,3,5815541270
18311,152667160,200857288,353524448,3,0,0,40448,9,7326073456
18312,152669270,200689204,353358474,6,0,0,62464,12,10629465886
18313,152676680,201055212,353731892,1,0,0,43520,6,4431186083
18314,152677470,201088746,353766216,9,0,0,25600,3,7869779698
18315,152679950,201955031,354634981,9,0,0,224256,3,8568148756
18316,152683691,201334099,354017790,2,0,0,50176,12,5017723996
18317,152686020,201316459,354002479,1,0,0,5120,6,6811452496
18318,152687820,200854280,353542100,0,0,0,2048,14,8594384717
18319,152689800,201711769,354401569,9,0,0,81408,3,6085493474
18320,152706139,200700038,353406177,0,0,0,26624,14,7985744832
18321,152708430,201216463,353924893,6,0,0,53248,12,8409604332
18322,152722871,201095415,353818286,2,0,0,18432,12,7058557833
18323,152725119,235134167,387859286,7,0,1,4608,9,3269822763
18324,152753710,201466894,354220604,7,0,0,70144,9,1870901845
18325,152755320,201513121,354268441,7,0,0,11776,9,5395982173
18326,152766330,201281234,354047564,6,0,0,15872,12,4765529112
18327,152769980,201193747,353963727,4,0,0,54272,12,4856892440
18328,152773190,201750750,354523940,7,0,0,115712,9,8928421362
18329,152777100,235083492,387860592,3,0,1,2048,9,7254246302
18330,152779570,235086168,387865738,5,0,1,8192,7,9343091853
18331,152780470,201902004,354682474,8,0,0,89088,12,6280863747
18332,152787500,201246537,354034037,9,0,0,53248,3,3860538489
18333,152811021,201413662,354224683,2,0,0,13312,12,6348001738
18334,152812680,200987818,353800498,7,0,0,35840,9,8569938490
18335,152822800,201832507,354655307,6,0,0,56320,12,9850902071
18336,152829240,201881414,354710654,7,0,0,23552,9,5790884025
18337,152843130,201922244,354765374,5,0,0,25088,7,6680358648
18338,152849409,235022435,387871844,6,0,1,20992,12,653179798
18339,152856280,201085980,353942260,1,0,0,12800,6,1506471789
18340,152861541,201139355,354000896,2,0,0,22528,12,2955845605
18341,152864001,201027172,353891173,2,0,0,29184,12,4257009549
18342,152874200,201294047,354168247,4,0,0,29696,12,4557363126
18343,152879359,234995071,387874430,7,0,1,4096,9,1778981497
18344,152881040,201822415,354703455,3,0,0,5632,9,477227734
18345,152888420,201846934,354735354,8,0,0,51712,12,3082217952
18346,152898060,201966183,354864243,5,0,0,138752,7,10204144142
18347,152905550,201555987,354461537,9,0,0,88576,3,4440569838
18348,152915280,201121744,354037024,0,0,0,9728,14,6131281849
18349,152916480,234975092,387891572,5,0,1,43520,7,7044392751
18350,152922160,200932634,353854794,1,0,0,7680,6,91710208
18351,152922850,201398649,354321499,9,0,0,46592,3,6400610247
18352,152933850,202057521,354991371,4,0,0,184832,12,7692627981
18353,152941990,202101117,355043107,5,0,0,86528,7,933378672
18354,152947530,202069190,355016720,6,0,0,73216,12,9916447673
18355,152969410,201805985,354775395,4,0,0,18944,12,1237696161
18356,152970220,201596410,354566630,5,0,0,7680,7,5767876524
18357,152972550,201961328,354933878,8,0,0,173056,12,5021367510
18358,152972580,201186596,354159176,3,0,0,39936,9,2599519591
18359,152977950,201901906,354879856,5,0,0,47104,7,4449150850
18360,152981920,234921336,387903256,0,0,1,35328,14,3129518114
18361,152990320,202295987,355286307,9,0,0,65536,3,4962748863
18362,153032730,201009933,354042663,1,0,0,18432,6,1630896325
18363,153034100,201386391,354420491,9,0,0,46080,3,6965028693
18364,153042940,201145630,354188570,8,0,0,8704,12,9234115383
18365,153046170,202344315,355390485,9,0,0,33280,3,414636992
18366,153053410,201353018,354406428,3,0,0,15872,9,4476703113
18367,153070620,202497087,355567707,7,0,0,150016,9,1912268637
18368,153070800,201172430,354243230,0,0,0,7168,14,5074699943
18369,153072080,201566044,354638124,8,0,0,10240,12,2005292011
18370,153072410,201974932,355047342,9,0,0,13824,3,8040400518
18371,153077340,234836937,387914277,2,0,1,5632,12,8508283817
18372,153094480,201593321,354687801,8,0,0,17408,12,240066706
18373,153111200,201361189,354472389,0,0,0,1536,14,1846044902
18374,153114810,201957670,355072480,3,0,0,1536,9,9075164872
18375,153126260,201414599,354540859,6,0,0,52224,12,4540297495
18376,153130240,202028255,355158495,6,0,0,98304,12,6411987189
18377,153138640,201660692,354799332,1,0,0,7680,6,2876564631
18378,153139230,201657739,354796969,5,0,0,45056,7,7930376737
18379,153143490,201639728,354783218,1,0,0,25600,6,7527503664
18380,153151100,201153781,354304881,5,0,0,1024,7,465429892
18381,153152070,201913655,355065725,9,0,0,33280,3,8139523884
18382,153158750,234756513,387915263,3,0,1,1536,9,156015154
18383,153172110,202080862,355252972,1,0,0,17920,6,1810896539
18384,153179000,201522708,354701708,5,0,0,45568,7,9057491139
18385,153181610,201914762,355096372,9,0,0,73728,3,1518836040
18386,153187021,201976489,355163510,2,0,0,16384,12,4956100391
18387,153203300,202703395,355906695,5,0,0,100864,7,5050646936
18388,153204760,202101965,355306725,4,0,0,29184,12,957578558
18389,153208920,234707009,387915929,2,0,1,1024,12,6036108191
18390,153215960,202130474,355346434,9,0,0,46080,3,2764790707
18391,153216020,202598299,355814319,4,0,0,93696,12,10581273072
18392,153239350,201755008,354994358,7,0,0,9728,9,3876366170
18393,153253010,234665825,387918835,0,0,1,4608,14,6406131968
18394,153268500,201612627,354881127,4,0,0,4096,12,566035951
18395,153270820,202728384,355999204,5,0,0,19968,7,8598716713
18396,153276040,202451873,355727913,6,0,0,44544,12,3972363448
18397,153287430,201647586,354935016,5,0,0,3584,7,10088519805
18398,153290390,201762591,355052981,9,0,0,18432,3,6273469750
18399,153308580,234614441,387923021,9,0,1,6656,3,100458238
18400,153312320,202522013,355834333,3,0,0,60928,9,4283414670
18401,153326430,201477917,354804347,5,0,0,16384,7,3381527922
18402,153338280,234595993,387934273,5,0,1,24576,7,2609078746
18403,153339850,201757325,355097175,0,0,0,2560,14,220173363
18404,153341540,202813387,356154927,3,0,0,57856,9,4571601685
18405,153344760,201783760,355128520,6,0,0,59392,12,10194989711
18406,153358881,201973490,355332371,2,0,0,39424,12,122814822
18407,153369520,202971017,356340537,6,0,0,68096,12,5354238679
18408,153372309,234565607,387937916,7,0,1,14848,9,7460832597
18409,153374440,202095685,355470125,0,0,0,69632,14,7459956227
18410,153382550,201831447,355213997,7,0,0,2560,9,4196263275
18411,153384471,201671029,355055500,2,0,0,8192,12,2121023629
18412,153387561,202013684,355401245,2,0,0,12288,12,9112513923
18413,153400380,201955749,355356129,1,0,0,31744,6,1448564586
18414,153403370,234547147,387950517,3,0,1,15360,9,92297867
18415,153415660,202248631,355664291,7,0,0,65536,9,3262611508
18416,153418400,202559340,355977740,7,0,0,56832,9,3638320075
18417,153421540,234546740,387968280,2,0,1,26624,12,1464540418
18418,153428810,202002110,355430920,7,0,0,19968,9,3299886762
18419,153438340,202167798,355606138,0,0,0,47616,14,2963665245
18420,153444790,202548307,355993097,8,0,0,22528,12,4889953427
18421,153452269,234558141,388010410,4,0,1,51200,12,95894538
18422,153472649,234542908,388015557,9,0,1,7680,3,10470819265
18423,153478161,201808972,355287133,2,0,0,512,12,2532275646
18424,153482949,234539983,388022932,1,0,1,29696,6,9183709159
18425,153491150,202646126,356137276,8,0,0,100352,12,5171565763
18426,153502850,203013673,356516523,7,0,0,281600,9,1436533548
18427,153513149,234520817,388033966,1,0,1,27136,6,7565867286
18428,153513570,234520755,388034325,0,0,1,9728,14,8549321372
18429,153516749,234527050,388043799,4,0,1,7680,12,2101153125
18430,153521360,203365050,356886410,8,0,0,2048,12,8489823206
18431,153523920,202687515,356211435,4,0,0,33280,12,6430397898
18432,153533360,202573317,356106677,4,0,0,69632,12,6933108352
18433,153545910,201814766,355360676,3,0,0,14848,9,8995193344
18434,153554919,234491146,388046065,4,0,1,3584,12,7711067659
18435,153563019,234486912,388049931,1,0,1,6144,6,7660301612
18436,153580270,202108159,355688429,5,0,0,19968,7,10147417748
18437,153588820,202226926,355815746,7,0,0,4608,9,5821993826
18438,153590660,202690754,356281414,6,0,0,86016,12,3670845537
18439,153594770,234456147,388050917,2,0,1,1536,12,6454532959
18440,153600570,203809802,357410372,6,0,0,107520,12,3369958342
18441,153601359,234455050,388056409,4,0,1,17920,12,430034098
18442,153607840,201679114,355286954,1,0,0,2048,6,6580446309
18443,153609170,201982437,355591607,1,0,0,15872,6,718365039
18444,153611240,202410117,356021357,8,0,0,21504,12,7874873452
18445,153623120,203649468,357272588,6,0,0,35328,12,7179059834
18446,153628181,201589271,355217452,2,0,0,11264,12,9576392162
18447,153644770,202315631,355960401,4,0,0,22528,12,5902450228
18448,153672290,201828836,355501126,0,0,0,30208,14,9831676452
18449,153685590,203565222,357250812,8,0,0,116736,12,3106877199
18450,153697229,234383142,388080371,7,0,1,41472,9,1391537957
18451,153703550,203477415,357180965,1,0,0,846336,6,8771791596
18452,153703810,202282400,355986210,8,0,0,26624,12,7064023338
18453,153713420,202522808,356236228,5,0,0,52224,7,3203103564
18454,153736210,202465062,356201272,9,0,0,33280,3,10352623265
18455,153742370,202855193,356597563,3,0,0,37888,9,2265073597
18456,153757630,202079378,355837008,6,0,0,8704,12,1753876731
18457,153759330,202183464,355942794,8,0,0,512,12,10279340516
18458,153769500,203445721,357215221,8,0,0,67072,12,10302224636
18459,153775140,202773405,356548545,9,0,0,27648,3,7946809158
18460,153775700,203745540,357521240,0,0,0,24576,14,1197986715
18461,153778300,203483501,357261801,6,0,0,8704,12,7853136949
18462,153785050,234296735,388081785,5,0,1,1536,7,3293816933
18463,153788300,202376246,356164546,6,0,0,5120,12,8656617006
18464,153798470,203566741,357365211,7,0,0,6656,9,10051024984
18465,153799350,202768451,356567801,5,0,0,1536,7,9014790181
18466,153802710,202175365,355978075,5,0,0,1024,7,8130686300
18467,153809120,203385619,357194739,8,0,0,21504,12,2461329294
18468,153809770,203553390,357363160,1,0,0,232960,6,6303850176
18469,153810740,234282042,388092782,8,0,1,25600,12,1014769649
18470,153833010,234261718,388094728,5,0,1,3072,7,7440026325
18471,153836220,203541338,357377558,0,0,0,40448,14,7177724580
18472,153836830,203676899,357513729,5,0,0,202240,7,3363851585
18473,153841771,202520890,356362661,2,0,0,8192,12,1492327166
18474,153846471,203720459,357566930,2,0,0,100864,12,8903969747
18475,153847450,202506185,356353635,0,0,0,4096,14,2081948500
18476,153856840,202821347,356678187,4,0,0,53760,12,8680453857
18477,153857040,203768927,357625967,3,0,0,131584,9,9733715605
18478,153871850,234229010,388100860,0,0,1,9728,14,3922174129
18479,153871960,202896088,356768048,7,0,0,75776,9,2987105637
18480,153877700,202642875,356520575,9,0,0,3072,3,4107928471
18481,153882160,203687289,357569449,5,0,0,8192,7,933164050
18482,153888200,203697652,357585852,4,0,0,53760,12,1273506908
18483,153894540,203894551,357789091,4,0,0,48128,12,4843295488
18484,153898229,234231617,388129846,6,0,1,34304,12,1922378310
18485,153898770,203871812,357770582,8,0,0,132608,12,7557155584
18486,153900900,203350871,357251771,3,0,0,3072,9,5779066621
18487,153905510,204223640,358129150,6,0,0,48128,12,1528543522
18488,153910710,202732869,356643579,0,0,0,10752,14,9999684423
18489,153917119,234221751,388138870,6,0,1,30208,12,7032572858
18490,153948620,202434827,356383447,1,0,0,19456,6,153495032
18491,153952410,203768472,357720882,4,0,0,179712,12,8165251606
18492,153953140,203928918,357882058,9,0,0,140800,3,4975319721
18493,153953760,203884556,357838316,1,0,0,84992,6,7259950839
18494,153958570,234184342,388142912,5,0,1,1536,7,2920969451
18495,153970630,202803079,356773709,1,0,0,4608,6,2158255152
18496,153974000,234178692,388152692,3,0,1,25088,9,5280262522
18497,153980280,203685823,357666103,4,0,0,36864,12,1186535088
18498,153982379,234170467,388152846,1,0,1,8704,6,4823331229
18499,153986999,234191947,388178946,4,0,1,26112,12,8807577592
18500,153998791,203260335,357259126,2,0,0,24064,12,3138013609
18501,154011360,202904487,356915847,5,0,0,14848,7,3387553625
18502,154011579,234185750,388197329,4,0,1,73216,12,3134199307
18503,154023690,203788707,357812397,8,0,0,42496,12,9401919105
18504,154041670,203250487,357292157,5,0,0,64000,7,3896114949
18505,154046780,234153775,388200555,1,0,1,5120,6,5215534015
18506,154051920,203597813,357649733,0,0,0,27136,14,4785455511
18507,154052599,234154019,388206618,6,0,1,19456,12,5997258762
18508,154070860,203381210,357452070,1,0,0,21504,6,5014094504
18509,154085380,202701936,356787316,1,0,0,16384,6,1725812098
18510,154101920,203086244,357188164,1,0,0,23552,6,6364048619
18511,154118730,203326765,357445495,9,0,0,115200,3,9414785399
18512,154124240,203873469,357997709,5,0,0,16896,7,2301256637
18513,154134570,202701803,356836373,9,0,0,3584,3,6020184363
18514,154135230,204391087,358526317,5,0,0,147456,7,5460773625
18515,154160680,203480762,357641442,9,0,0,50688,3,7880777674
18516,154178870,203720944,357899814,9,0,0,11776,3,7121165047
18517,154193630,203342476,357536106,3,0,0,5632,9,5310875354
18518,154217680,203512475,357730155,4,0,0,10752,12,6370175854
18519,154217970,203316397,357534367,1,0,0,43008,6,5750346700
18520,154230381,203684478,357914859,2,0,0,2560,12,2756649226
18521,154231769,233977435,388209204,6,0,1,4096,12,5701670655
18522,154232380,204511011,358743391,5,0,0,147968,7,112103653
18523,154257639,233951719,388209358,7,0,1,8704,9,10726741796
18524,154258120,203841477,358099597,0,0,0,52736,14,8021694039
18525,154266110,233969168,388235278,2,0,1,38400,12,7792527782
18526,154272630,203526780,357799410,4,0,0,33792,12,9578714610
18527,154272680,203692768,357965448,5,0,0,9216,7,5226505231
18528,154277991,203610041,357888032,2,0,0,2048,12,7354989041
18529,154279420,203447413,357726833,6,0,0,19456,12,9544099569
18530,154287799,233950104,388237903,1,0,1,13312,6,5071818967
18531,154299230,203355518,357654748,9,0,0,16384,3,6749453458
18532,154300080,203769335,358069415,1,0,0,149504,6,7727227349
18533,154328150,233913508,388241658,1,0,1,11776,6,3226133739
18534,154340140,203434264,357774404,4,0,0,12288,12,4700656287
18535,154351870,203544325,357896195,1,0,0,9216,6,3609403393
18536,154352440,233899235,388251675,0,0,1,17920,14,5801206685
18537,154353550,203880782,358234332,5,0,0,142336,7,4057052132
18538,154357200,203530185,357887385,5,0,0,17408,7,7966460558
18539,154366630,203525637,357892267,5,0,0,13824,7,212502035
18540,154367370,204520939,358888309,0,0,0,57856,14,5316241111
18541,154383060,203949379,358332439,5,0,0,61952,7,8632816314
18542,154392680,233904980,388297660,8,0,1,26624,12,1964841522
18543,154414070,203669367,358083437,3,0,0,13312,9,3995734530
18544,154422750,203601090,358023840,5,0,0,79872,7,6749068837
18545,154430379,233898100,388328479,4,0,1,73216,12,700410153
18546,154432591,204642239,359074830,2,0,0,47104,12,6434862151
18547,154456451,203382668,357839119,2,0,0,2560,12,10606764675
18548,154481160,204136676,358617836,3,0,0,14848,9,7873842147
18549,154481360,233851144,388332504,2,0,1,1024,12,10531568002
18550,154497731,203799674,358297405,2,0,0,103424,12,2163340513
18551,154500940,233844040,388344980,0,0,1,33792,14,201616524
18552,154511220,203568138,358079358,4,0,0,26624,12,871892039
18553,154521410,203392646,357914056,1,0,0,46592,6,7157421602
18554,154536059,233838084,388374143,7,0,1,49152,9,9764684682
18555,154538509,233842355,388380864,6,0,1,24064,12,8287822349
18556,154539350,203990110,358529460,9,0,0,10240,3,1483982496
18557,154546290,203371267,357917557,1,0,0,8704,6,4646525010
18558,154557490,203867919,358425409,9,0,0,2048,3,3985429785
18559,154566570,203326725,357893295,1,0,0,3072,6,2554076106
18560,154576900,233804220,388381120,5,0,1,9216,7,7665234305
18561,154583270,203527894,358111164,1,0,0,37888,6,5787887945
18562,154589930,203582401,358172331,0,0,0,65536,14,210385754
18563,154596260,203474894,358071154,0,0,0,5632,14,4563897445
18564,154608470,203738933,358347403,5,0,0,14336,7,2933379302
18565,154626059,233758557,388384616,6,0,1,5120,12,6143583889
18566,154638570,203552371,358190941,5,0,0,42496,7,5410376678
18567,154644330,203470133,358114463,4,0,0,10752,12,5604233108
18568,154664080,233723442,388387522,0,0,1,4608,14,3279807104
18569,154668989,234210659,388879648,4,0,1,870400,12,4170391735
18570,154669960,204123478,358793438,9,0,0,15360,3,1109271792
18571,154672070,203590458,358262528,5,0,0,6656,7,6670299794
18572,154680569,234211459,388892028,4,0,1,6656,12,7680538543
18573,154694270,204086999,358781269,1,0,0,13312,6,4267609581
18574,154697290,203901141,358598431,4,0,0,9216,12,3512876271
18575,154697660,204319404,359017064,9,0,0,37376,3,6553231317
18576,154709840,203661233,358371073,4,0,0,10240,12,1303899421
18577,154711290,203466680,358177970,5,0,0,18432,7,5180585020
18578,154724500,204555026,359279526,3,0,0,10240,9,9351274539
18579,154741640,234151259,388892899,2,0,1,12288,12,2105858809
18580,154741680,204379606,359121286,8,0,0,23552,12,7879318623
18581,154746780,205102695,359849475,3,0,0,23040,9,893878515
18582,154757940,234145544,388903484,3,0,1,4096,9,4709849399
18583,154758709,234150574,388909283,1,0,1,19456,6,2901595663
18584,154760940,204836056,359596996,3,0,0,22016,9,3789567852
18585,154768100,204325601,359093701,3,0,0,33280,9,7517137640
18586,154786020,204804245,359590265,9,0,0,123904,3,2327127336
18587,154793110,204980811,359773921,0,0,0,164352,14,3954463941
18588,154797491,204825782,359623273,2,0,0,41472,12,2272477719
18589,154822060,204474549,359296609,3,0,0,2048,9,2006873139
18590,154840490,204219965,359060455,9,0,0,22016,3,7286173586
18591,154850870,204324716,359175586,9,0,0,40448,3,2944872262
18592,154853320,203725516,358578836,1,0,0,17920,6,3087768778
18593,154860940,205355270,360216210,0,0,0,56320,14,1620597782
18594,154883170,204036273,358919443,4,0,0,57344,12,9604928204
18595,154885539,234028890,388914429,7,0,1,8192,9,10093527498
18596,154888940,204041446,358930386,9,0,0,35840,3,3665703059
18597,154901690,204414386,359316076,9,0,0,21504,3,6554318149
18598,154930109,233987866,388917975,4,0,1,5632,12,7671291101
18599,154939950,204079009,359018959,3,0,0,6144,9,7670524154
18600,154940129,233985028,388925157,4,0,1,42496,12,3022315755
18601,154945690,203439532,358385222,8,0,0,8704,12,358787809
18602,154972820,204579624,359552444,0,0,0,640000,14,4523927248
18603,154978630,204718945,359697575,5,0,0,143360,7,3090299586
18604,154979500,233946003,388925503,5,0,1,512,7,40829308
18605,154997709,233932620,388930329,4,0,1,7680,12,4844767238
18606,155001360,204280997,359282357,6,0,0,9216,12,5114690251
18607,155010710,204785018,359795728,1,0,0,42496,6,8378330452
18608,155018391,204635481,359653872,2,0,0,100352,12,8507679755
18609,155052470,204223913,359276383,4,0,0,167936,12,367221459
18610,155052910,203789775,358842685,3,0,0,4096,9,1721509283
18611,155056381,204554233,359610614,2,0,0,30720,12,5444150453
18612,155059951,205138984,360198935,2,0,0,822784,12,645079617
18613,155060080,233882205,388942285,2,0,1,9728,12,9976840448
18614,155063640,203896405,358960045,5,0,0,6144,7,2125081007
18615,155069920,205338597,360408517,4,0,0,9728,12,7313977094
18616,155075370,205263093,360338463,1,0,0,103424,6,9256248726
18617,155078930,205442045,360520975,0,0,0,89088,14,5924998557
18618,155084940,204712059,359796999,0,0,0,4096,14,6223022101
18619,155092790,203912585,359005375,0,0,0,2560,14,7476023987
18620,155102279,233856244,388958523,4,0,1,19968,12,6890805243
18621,155103150,204620672,359723822,5,0,0,86016,7,1833061118
18622,155166019,233809544,388975563,6,0,1,62464,12,5658835430
18623,155167200,233808517,388975717,2,0,1,8704,12,8990550876
18624,155167700,233834877,389002577,0,0,1,44544,14,808128988
18625,155169420,205236110,360405530,0,0,0,14848,14,5148689498
18626,155176560,204641747,359818307,5,0,0,66560,7,5566066833
18627,155178020,203958599,359136619,9,0,0,6656,3,10654187277
18628,155220830,205054642,360275472,5,0,0,79872,7,1832065165
18629,155228189,233779340,389007529,6,0,1,3584,12,848144503
18630,155228720,233780755,389009475,5,0,1,3072,7,8427473324
18631,155251370,233763802,389015172,8,0,1,18944,12,66036374
18632,155310940,204589787,359900727,6,0,0,39936,12,7328853656
18633,155314260,233706916,389021176,5,0,1,20480,7,4799235305
18634,155323290,204624930,359948220,3,0,0,62464,9,1887126862
18635,155325959,233695883,389021842,1,0,1,11264,6,1498372921
18636,155329810,205053126,360382936,9,0,0,54272,3,7508782972
18637,155333210,204449524,359782734,3,0,0,16896,9,7529611395
18638,155343341,204477173,359820514,2,0,0,7168,12,7297347251
18639,155355450,233669793,389025243,2,0,1,2560,12,9569817206
18640,155359299,233673676,389032975,4,0,1,12288,12,551879892
18641,155360670,205482632,360843302,4,0,0,56832,12,10628315367
18642,155369760,233663881,389033641,0,0,1,1024,14,1333042573
18643,155386570,204974324,360360894,4,0,0,60928,12,9736535930
18644,155391760,204406221,359797981,3,0,0,3072,9,7582237638
18645,155399230,204818095,360217325,3,0,0,3584,9,324607029
18646,155401550,204832692,360234242,6,0,0,16384,12,5768150442
18647,155418490,204359065,359777555,9,0,0,11776,3,8363084565
18648,155433350,205592719,361026069,3,0,0,34304,9,4715510270
18649,155436290,204473040,359909330,5,0,0,28160,7,521962648
18650,155449689,233588138,389037827,7,0,1,6656,9,2459127496
18651,155454100,205036751,360490851,5,0,0,31232,7,6418464076
18652,155460220,204382212,359842432,6,0,0,71680,12,5934808196
18653,155466661,204134570,359601231,2,0,0,13824,12,7842148590
18654,155473359,233567694,389041053,9,0,1,5120,3,3108275937
18655,155473759,233568882,389042641,4,0,1,15872,12,5742423071
18656,155476410,204452755,359929165,4,0,0,65024,12,5362450631
18657,155481070,233574255,389055325,2,0,1,13312,12,2699709331
18658,155481149,233574522,389055671,1,0,1,512,6,9656433024
18659,155522220,205138219,360660439,6,0,0,99328,12,665293314
18660,155548599,233510618,389059217,7,0,1,5632,9,1633278394
18661,155555851,204695262,360251113,2,0,0,55296,12,6450634938
18662,155564140,205689947,361254087,9,0,0,75776,3,575652860
18663,155564600,204664627,360229227,6,0,0,20992,12,5032954500
18664,155568190,204774040,360342230,0,0,0,12288,14,3384363778
18665,155569720,204653088,360222808,9,0,0,17920,3,4078553441
18666,155578570,233498271,389076841,9,0,1,33280,3,4422523462
18667,155581280,205804801,361386081,3,0,0,79360,9,5777143287
18668,155584280,206383345,361967625,3,0,0,265216,9,5297178076
18669,155589190,205141002,360730192,6,0,0,39424,12,9788182124
18670,155601160,204705745,360306905,3,0,0,66560,9,8965049050
18671,155608420,205069243,360677663,4,0,0,3584,12,9679265776
18672,155645120,204721257,360366377,1,0,0,17920,6,920467289
18673,155646799,233431348,389078147,1,0,1,2048,6,9389238847
18674,155650129,233473780,389123909,4,0,1,48128,12,9760741938
18675,155662009,233472257,389134266,4,0,1,24576,12,912857810
18676,155675450,204611144,360286594,1,0,0,23552,6,38852049
18677,155678999,233460413,389139412,9,0,1,8192,3,2010621919
18678,155684890,205783902,361468792,0,0,0,29184,14,6576598801
18679,155686531,204712643,360399174,2,0,0,5120,12,4110573750
18680,155695510,204702050,360397560,6,0,0,47104,12,3295063584
18681,155698259,233442139,389140398,6,0,1,1536,12,9722521711
18682,155699810,233451252,389151062,0,0,1,36352,14,4559094917
18683,155713959,233441289,389155248,7,0,1,6656,9,1928501834
18684,155717560,204561835,360279395,9,0,0,12800,3,1236662026
18685,155728451,204752861,360481312,2,0,0,59392,12,1690363317
18686,155734310,206320642,362054952,0,0,0,38912,14,9982105529
18687,155754420,204646516,360400936,0,0,0,5632,14,2283433165
18688,155755920,204656202,360412122,4,0,0,512,12,1933561558
18689,155758890,233397331,389156221,0,0,1,12800,14,204389319
18690,155760760,205422606,361183366,3,0,0,5632,9,6534070067
18691,155778550,205333861,361112411,9,0,0,110080,3,2291582245
18692,155794930,204588224,360383154,3,0,0,512,9,335381638
18693,155801080,205158746,360959826,4,0,0,17408,12,3046445940
18694,155819631,205352869,361172500,2,0,0,87040,12,552836158
18695,155840379,233320348,389160727,7,0,1,7168,9,7319324748
18696,155849000,206306265,362155265,5,0,0,108544,7,6416435834
18697,155855280,205478047,361333327,1,0,0,512,6,10174676268
18698,155863840,204944844,360808684,0,0,0,63488,14,9174482098
18699,155865139,233300414,389165553,9,0,1,7680,3,300856792
18700,155869090,204883636,360752726,6,0,0,29696,12,10355553943
18701,155877110,233288789,389165899,5,0,1,512,7,7388012959
18702,155883100,205045657,360928757,9,0,0,27136,3,2093916527
18703,155887719,233282686,389170405,1,0,1,7168,6,2165397484
18704,155891390,233283432,389174822,2,0,1,17920,12,9027415172
18705,155893581,206268446,362162027,2,0,0,3584,12,4180060694
18706,155901860,204728292,360630152,4,0,0,36864,12,3755483766
18707,155908651,205170197,361078848,2,0,0,19456,12,5987275494
18708,155909000,205011466,360920466,4,0,0,41984,12,9020473540
18709,155910209,233267199,389177408,1,0,1,4096,6,7317408013
18710,155919750,205726735,361646485,4,0,0,33280,12,1704110265
18711,155924090,205707989,361632079,4,0,0,268800,12,3982232904
18712,155941279,233240200,389181479,1,0,1,19456,6,1467405762
18713,155944030,205128867,361072897,5,0,0,68608,7,7836478780
18714,155945150,233241155,389186305,9,0,1,7680,3,4305820238
18715,155947450,204765538,360712988,0,0,0,18432,14,5448478699
18716,155950500,205523642,361474142,0,0,0,6656,14,9023563811
18717,155955690,233242370,389198060,0,0,1,15360,14,9779307205
18718,155958090,204797296,360755386,5,0,0,5632,7,8563576735
18719,155968370,205018311,360986681,9,0,0,88064,3,267594116
18720,155987850,233215822,389203672,5,0,1,14336,7,8182744252
18721,155999800,233212437,389212237,8,0,1,30208,12,8205168299
18722,156001760,233239949,389241709,2,0,1,30208,12,3924192493
18723,156014350,205443008,361457358,8,0,0,90624,12,4761583255
18724,156017369,233287465,389304834,1,0,1,31232,6,5446582760
18725,156029150,205631733,361660883,5,0,0,47104,7,3787515582
18726,156029260,205173785,361203045,3,0,0,64512,9,1255991593
18727,156038500,204745822,360784322,3,0,0,24576,9,2429181935
18728,156040240,205250131,361290371,6,0,0,94208,12,7952489750
18729,156041641,205715489,361757130,2,0,0,129536,12,9828536552
18730,156042790,233289493,389332283,2,0,1,43520,12,5360404970
18731,156060350,204827726,360888076,0,0,0,26624,14,4852109700
18732,156085220,233254837,389340057,3,0,1,30720,9,4457363447
18733,156099090,205572759,361671849,1,0,0,31744,6,9073774737
18734,156100669,233243254,389343923,1,0,1,6144,6,5963871175
18735,156110430,233235363,389345793,5,0,1,12800,7,358617899
18736,156114110,206242854,362356964,6,0,0,91648,12,1900325780
18737,156125129,233226361,389351490,4,0,1,18944,12,4310644824
18738,156129970,204907113,361037083,6,0,0,10240,12,9538690869
18739,156142350,205183346,361325696,6,0,0,69120,12,4842850679
18740,156143920,205117678,361261598,5,0,0,24576,7,10008225644
18741,156178720,204808452,360987172,6,0,0,1536,12,1915135926
18742,156182180,206146837,362329017,6,0,0,33792,12,8152901802
18743,156185740,205791112,361976852,9,0,0,30208,3,6049896390
18744,156185790,205118823,361304613,3,0,0,46592,9,1371005635
18745,156194540,205875051,362069591,4,0,0,18432,12,2072887782
18746,156214410,205955649,362170059,6,0,0,12288,12,6222325715
18747,156232280,205227597,361459877,4,0,0,8192,12,2672713893
18748,156243300,233108536,389351836,2,0,1,512,12,6584231061
18749,156258250,205291906,361550156,6,0,0,128512,12,6441279891
18750,156260030,205414236,361674266,4,0,0,7680,12,5464375302
18751,156269430,233085312,389354742,0,0,1,4608,14,7039207684
18752,156276429,233080259,389356688,6,0,1,3072,12,8354639849
18753,156277989,233081285,389359274,1,0,1,4096,6,10614424798
18754,156279490,206181013,362460503,1,0,0,93696,6,3761339662
18755,156279510,205517104,361796614,9,0,0,30208,3,10639023151
18756,156280020,205819022,362099042,4,0,0,48640,12,4499650806
18757,156280660,205479994,361760654,1,0,0,4608,6,2249763859
18758,156294110,205744104,362038214,0,0,0,138240,14,3591139096
18759,156317420,206104860,362422280,6,0,0,61952,12,10070252934
18760,156344190,206323451,362667641,5,0,0,71680,7,6693299854
18761,156344219,233298487,389642706,7,0,1,550400,9,2323391586
18762,156347530,205359244,361706774,9,0,0,32768,3,5756409758
18763,156355280,205403901,361759181,1,0,0,6656,6,4660813806
18764,156363690,205719082,362082772,1,0,0,43008,6,854124205
18765,156379090,233268903,389647993,5,0,1,16896,7,6845442419
18766,156379110,205283044,361662154,4,0,0,4096,12,532176854
18767,156383640,233291579,389675219,2,0,1,7680,12,2695240259
18768,156384970,206111446,362496416,5,0,0,26624,7,1803339984
18769,156386210,205677734,362063944,4,0,0,19456,12,1212867654
18770,156388400,205850658,362239058,1,0,0,8704,6,8552362054
18771,156391130,206452147,362843277,9,0,0,169472,3,1507842091
18772,156396690,205239624,361636314,1,0,0,13824,6,4293857090
18773,156398439,233278406,389676845,1,0,1,2560,6,4877172975
18774,156405450,205976029,362381479,1,0,0,80384,6,5047880469
18775,156405830,205887840,362293670,5,0,0,34816,7,3046949928
18776,156414820,233263971,389678791,5,0,1,3072,7,1612671927
18777,156416860,205579211,361996071,9,0,0,62976,3,8105543063
18778,156417390,233262681,389680071,0,0,1,14336,14,2014159574
18779,156418050,205468744,361886794,6,0,0,33792,12,2663335493
18780,156437480,205779387,362216867,5,0,0,37376,7,1589844432
18781,156453880,205604113,362057993,1,0,0,9728,6,1029321227
18782,156454440,205388054,361842494,1,0,0,52224,6,7364758145
18783,156459240,233223021,389682261,3,0,1,13312,9,4486994953
18784,156468610,233214419,389683029,5,0,1,11776,7,9868722231
18785,156479850,205604349,362084199,0,0,0,4608,14,8328916887
18786,156479910,206481823,362961733,5,0,0,24064,7,1677756593
18787,156482450,205949213,362431663,4,0,0,30720,12,10522529780
18788,156490690,205552383,362043073,6,0,0,15872,12,3405659259
18789,156495320,205787719,362283039,5,0,0,33792,7,935122046
18790,156498330,205606359,362104689,9,0,0,4096,3,9712170667
18791,156506511,206832430,363338941,2,0,0,121344,12,309483620
18792,156509981,206713233,363223214,2,0,0,65536,12,3592055173
18793,156518660,233169131,389687791,3,0,1,16384,9,8323860718
18794,156540160,205863205,362403365,3,0,0,33792,9,6292808913
18795,156542480,233148960,389691440,9,0,1,18432,3,6333224928
18796,156543161,206141663,362684824,2,0,0,56320,12,10217314296
18797,156549711,206301510,362851221,2,0,0,21504,12,1949656883
18798,156554770,206576055,363130825,5,0,0,226304,7,6292086156
18799,156555619,233141121,389696740,4,0,1,16896,12,734442671
18800,156556070,205716277,362272347,9,0,0,10240,3,10101063626
18801,156567480,205590167,362157647,4,0,0,4608,12,190551623
18802,156590130,206150752,362740882,3,0,0,44544,9,6050914503
18803,156600810,206890957,363491767,3,0,0,47104,9,989387997
18804,156605820,205630563,362236383,9,0,0,41984,3,1095574434
18805,156615130,206309833,362924963,3,0,0,10752,9,8531932488
18806,156633720,206544791,363178511,3,0,0,18944,9,10269626968
18807,156640490,206784840,363425330,4,0,0,46080,12,7548714872
18808,156645910,205747136,362393046,9,0,0,37888,3,968526471
18809,156655549,233074238,389729787,6,0,1,49152,12,4965111191
18810,156660210,205851735,362511945,3,0,0,23040,9,7871618385
18811,156669359,233230311,389899670,7,0,1,346112,9,326749435
18812,156672010,206768007,363440017,6,0,0,48128,12,5427608878
18813,156673970,233231947,389905917,5,0,1,6144,7,10218292826
18814,156689260,233217643,389906903,0,0,1,1536,14,2175552059
18815,156702601,206024686,362727287,2,0,0,139264,12,8405190006
18816,156704600,205783681,362488281,0,0,0,7168,14,6961218601
18817,156718889,233306730,390025619,7,0,1,249856,9,2646795263
18818,156722410,206148937,362871347,1,0,0,38400,6,1380108799
18819,156735680,206267239,363002919,4,0,0,33280,12,3855225453
18820,156744630,206396202,363140832,4,0,0,32768,12,3310383664
18821,156747390,206166299,362913689,5,0,0,19968,7,677501471
18822,156761829,233267042,390028871,6,0,1,5120,12,1388842040
18823,156772330,207067151,363839481,4,0,0,54272,12,4864059608
18824,156783169,233254957,390038126,6,0,1,23552,12,9321838778
18825,156790161,206229234,363019395,2,0,0,48640,12,4797420696
18826,156796870,206561461,363358331,3,0,0,28672,9,3490721686
18827,156806619,233248445,390055064,1,0,1,64000,6,5786193467
18828,156816310,206846245,363662555,0,0,0,87040,14,7768761876
18829,156823750,233239705,390063455,9,0,1,5120,3,227213698
18830,156829130,206753310,363582440,3,0,0,1024,9,4651966112
18831,156847599,233216202,390063801,1,0,1,512,6,661119040
18832,156848560,206440152,363288712,3,0,0,58880,9,274648674
18833,156849290,206411835,363261125,6,0,0,72192,12,8986129218
18834,156853610,206878295,363731905,4,0,0,27648,12,7270706216
18835,156858420,206865038,363723458,5,0,0,160256,7,2909865345
18836,156869429,233357035,390226464,7,0,1,337408,9,9491129348
18837,156876540,206185310,363061850,9,0,0,139264,3,1294317447
18838,156877900,206471672,363349572,3,0,0,34816,9,5433665560
18839,156882130,206961118,363843248,0,0,0,12288,14,10649257384
18840,156892030,206260413,363152443,5,0,0,14848,7,7734929898
18841,156894990,206645494,363540484,0,0,0,15872,14,1489472123
18842,156900720,207021492,363922212,1,0,0,18944,6,2494525937
18843,156922370,206869953,363792323,3,0,0,48128,9,3710114291
18844,156924609,233303763,390228372,1,0,1,10240,6,8711008989
18845,156934150,233297744,390231894,5,0,1,512,7,3411127190
18846,156937990,205940183,362878173,6,0,0,15360,12,9935551891
18847,156942190,206199803,363141993,0,0,0,3584,14,1825103904
18848,156956200,205998178,362954378,7,0,0,37888,9,6713040336
18849,156959549,233283735,390243284,6,0,1,45056,12,9982700277
18850,156963070,207088778,364051848,0,0,0,379904,14,5276375492
18851,156970120,207126881,364097001,1,0,0,9216,6,2547103306
18852,156974690,207151107,364125797,4,0,0,23552,12,10003123759
18853,156980979,233283002,390263981,1,0,1,31744,6,3007606548
18854,156984880,233293210,390278090,9,0,1,11264,3,2281807362
18855,156993610,206370368,363363978,5,0,0,18432,7,8809985976
18856,157006300,233275939,390282239,5,0,1,13824,7,4016865458
18857,157009780,205956131,362965911,4,0,0,2560,12,808842332
18858,157015880,206490574,363506454,1,0,0,48128,6,6773354263
18859,157032820,206411596,363444416,1,0,0,14336,6,142666729
18860,157039000,207374374,364413374,0,0,0,215552,14,6044092132
18861,157046310,233236275,390282585,2,0,1,512,12,4363800706
18862,157051920,233243109,390295029,0,0,1,46592,14,5794964423
18863,157080580,206742342,363822922,6,0,0,100352,12,7259229486
18864,157095560,207053504,364149064,9,0,0,76288,3,4537081365
18865,157111270,207190274,364301544,4,0,0,40960,12,5097084574
18866,157113330,206980840,364094170,9,0,0,118272,3,5711197243
18867,157125570,206270509,363396079,3,0,0,15360,9,3323045838
18868,157127860,206990715,364118575,7,0,0,70656,9,465112682
18869,157154120,207048745,364202865,1,0,0,1536,6,5142556328
18870,157157050,206478962,363636012,6,0,0,24576,12,1276415507
18871,157170240,206092780,363263020,0,0,0,6144,14,9007370851
18872,157174660,206429224,363603884,3,0,0,20992,9,3547061174
18873,157184440,207923485,365107925,6,0,0,340992,12,8135536387
18874,157185580,233142343,390327923,3,0,1,44032,9,10680822824
18875,157187510,207522566,364710076,3,0,0,336384,9,4630789869
18876,157192479,233182666,390375145,7,0,1,95744,9,8948347938
18877,157201080,207146595,364347675,6,0,0,55808,12,3865704649
18878,157209650,207252209,364461859,3,0,0,64512,9,8863305996
18879,157219211,207015311,364234522,2,0,0,4096,12,2696136591
18880,157242040,207512128,364754168,1,0,0,54784,6,5420222905
18881,157248470,206498416,363746886,1,0,0,2048,6,8378793430
18882,157268640,233113687,390382327,2,0,1,24064,12,622127763
18883,157272260,233110835,390383095,0,0,1,11776,14,4485138525
18884,157278551,207510618,364789169,2,0,0,37888,12,2163859729
18885,157282230,207135090,364417320,6,0,0,12800,12,6672107022
18886,157303410,233083640,390387050,3,0,1,3072,9,5698813181
18887,157315059,233072977,390388036,7,0,1,1536,9,3546147895
18888,157315949,233082444,390398393,1,0,1,24576,6,9471084787
18889,157326280,233076133,390402413,5,0,1,14848,7,9420328171
18890,157334870,233088818,390423688,5,0,1,46080,7,9552666509
18891,157348930,233111801,390460731,2,0,1,6144,12,8507713804
18892,157361500,206696611,364058111,6,0,0,20480,12,23651864
18893,157362310,233112786,390475096,9,0,1,52224,3,2477525835
18894,157369190,206408446,363777636,6,0,0,28672,12,3677835332
18895,157378061,207780321,365158382,2,0,0,103424,12,606708857
18896,157395380,207170867,364566247,0,0,0,28672,14,7330194280
18897,157402650,206524265,363926915,7,0,0,15360,9,7444237648
18898,157413120,206754554,364167674,3,0,0,30720,9,7515270395
18899,157413930,206744361,364158291,5,0,0,30208,7,8297797331
18900,157428739,233051183,390479922,4,0,1,7680,12,1093930763
18901,157436029,233048425,390484454,4,0,1,7168,12,3546391892
18902,157443990,208012217,365456207,1,0,0,38912,6,9414309107
18903,157450160,207868658,365318818,4,0,0,46080,12,1288376560
18904,157459239,233030361,390489600,6,0,1,8192,12,8375826956
18905,157469840,207458583,364928423,6,0,0,29184,12,6295658288
18906,157473740,207653107,365126847,3,0,0,21504,9,4215317006
18907,157474470,206717788,364192258,6,0,0,80384,12,4137680225
18908,157483890,206736315,364220205,7,0,0,20480,9,9292598125
18909,157489520,233021220,390510740,8,0,1,54784,12,7167393199
18910,157497370,207671651,365169021,1,0,0,34816,6,6297799432
18911,157500670,207373043,364873713,5,0,0,22528,7,7699764104
18912,157503280,206965692,364468972,1,0,0,5632,6,9241562223
18913,157504110,207047739,364551849,9,0,0,24064,3,4507453748
18914,157526161,206695471,364221632,2,0,0,4608,12,3847148192
18915,157537370,207070191,364607561,3,0,0,119296,9,2111129396
18916,157542980,206990587,364533567,1,0,0,36864,6,9177948004
18917,157557570,207163480,364721050,5,0,0,18432,7,6168358220
18918,157561090,207176363,364737453,5,0,0,53760,7,654465819
18919,157566850,207782377,365349227,7,0,0,40448,9,5020001809
18920,157567370,207245846,364813216,8,0,0,78848,12,5090665525
18921,157570580,207601584,365172164,7,0,0,10240,9,4517782507
18922,157585850,207333658,364919508,8,0,0,68096,12,6837093633
18923,157586801,207385450,364972251,2,0,0,32256,12,2654856618
18924,157605539,232916965,390522504,7,0,1,31744,9,6845848879
18925,157626300,206931188,364557488,0,0,0,18432,14,9248032699
18926,157629260,207855697,365484957,3,0,0,67072,9,5547520105
18927,157646951,207068452,364715403,2,0,0,17408,12,6996636880
18928,157649730,207171473,364821203,7,0,0,26112,9,3904441119
18929,157656080,232867401,390523481,8,0,1,9216,12,10118303181
18930,157662720,232861222,390523942,8,0,1,10240,12,3472605802
18931,157666769,232868634,390535403,4,0,1,28160,12,2262156898
18932,157672679,232881365,390554044,4,0,1,9728,12,7108517335
18933,157690030,207514950,365204980,1,0,0,30720,6,8896341571
18934,157701490,232856603,390558093,8,0,1,1024,12,1268213042
18935,157714690,232845349,390560039,2,0,1,3072,12,59641635
18936,157717660,207402612,365120272,3,0,0,40448,9,9541374490
18937,157724150,207037263,364761413,8,0,0,23552,12,10512997526
18938,157725530,207598563,365324093,7,0,0,9728,9,928659005
18939,157726880,207508199,365235079,4,0,0,26112,12,3759567311
18940,157750750,207613499,365364249,0,0,0,30720,14,2891267906
18941,157756110,207968981,365725091,0,0,0,157696,14,8910687095
18942,157759680,207595186,365354866,7,0,0,18432,9,3292339960
18943,157760080,207183971,364944051,1,0,0,45568,6,9288985437
18944,157765420,207109408,364874828,4,0,0,3584,12,6650329053
18945,157794150,207834655,365628805,6,0,0,14336,12,257025279
18946,157796010,206968398,364764408,8,0,0,9728,12,4946679051
18947,157803879,232759706,390563585,1,0,1,5632,6,5646329888
18948,157821250,207643248,365464498,7,0,0,27136,9,8348214496
18949,157831479,232736011,390567490,7,0,1,15360,9,7420812946
18950,157850460,207691361,365541821,8,0,0,11264,12,6946742316
18951,157852709,232724045,390576754,4,0,1,33792,12,2124791957
18952,157853870,207967349,365821219,1,0,0,95232,6,4531130984
18953,157864240,208288763,366153003,5,0,0,139264,7,72402901
18954,157868880,206954686,364823566,7,0,0,7680,9,5020527593
18955,157876030,232704932,390580962,8,0,1,16384,12,535431418
18956,157878189,232726635,390604824,6,0,1,23040,12,2558601335
18957,157878910,208231638,366110548,0,0,0,330752,14,8367020916
18958,157879230,207316367,365195597,4,0,0,41984,12,1273281169
18959,157882500,207065006,364947506,5,0,0,11264,7,1754870548
18960,157897450,208046497,365943947,8,0,0,72192,12,9597916072
18961,157927810,207376945,365304755,5,0,0,55808,7,4141206777
18962,157939260,232679455,390618715,3,0,1,11776,9,10205401225
18963,157941350,207478283,365419633,3,0,0,16384,9,8034103292
18964,157943150,207547781,365490931,6,0,0,7168,12,7939876028
18965,157948230,207480911,365429141,7,0,0,9216,9,9018741517
18966,157956690,208257690,366214380,5,0,0,23040,7,3290558931
18967,157957010,232672433,390629443,5,0,1,9728,7,10527097876
18968,157959511,208247826,366207337,2,0,0,164352,12,10064254285
18969,157964800,208341720,366306520,0,0,0,165376,14,198488998
18970,157971900,208264686,366236586,8,0,0,58880,12,8244137423
18971,157974570,207514154,365488724,8,0,0,12288,12,10001451188
18972,157991250,207524161,365515411,4,0,0,46592,12,8853166566
18973,158018129,232619366,390637495,6,0,1,24064,12,4154746069
18974,158019340,207831999,365851339,8,0,0,32768,12,7307270392
18975,158020700,207843298,365863998,1,0,0,41472,6,1326348134
18976,158023410,207633146,365656556,7,0,0,25088,9,3105063125
18977,158028110,208129128,366157238,7,0,0,13824,9,8299544650
18978,158032430,232610519,390642949,2,0,1,22016,12,7959029662
18979,158042510,208642877,366685387,8,0,0,635392,12,10414480843
18980,158053070,207676416,365729486,8,0,0,11264,12,5149838761
18981,158058080,208322806,366380886,5,0,0,53248,7,7307693897
18982,158068090,207883056,365951146,1,0,0,23552,6,4109911862
18983,158074970,208247451,366322421,7,0,0,24576,9,9004223964
18984,158078300,207463856,365542156,6,0,0,1024,12,9241427544
18985,158078619,232569502,390648121,4,0,1,8192,12,5304759704
18986,158085230,207898109,365983339,6,0,0,28160,12,7862449801
18987,158100439,232550908,390651347,1,0,1,5120,6,7957317152
18988,158119990,207294628,365414618,7,0,0,10752,9,2841297855
18989,158126190,208356872,366483062,6,0,0,47104,12,4735104683
18990,158129270,208577691,366706961,1,0,0,70656,6,347997704
18991,158131400,208231812,366363212,6,0,0,71680,12,6841396823
18992,158144220,208586678,366730898,0,0,0,46592,14,2088104409
18993,158173620,208660890,366834510,1,0,0,100352,6,6920917813
18994,158183749,232469544,390653293,7,0,1,3072,9,7319625953
18995,158186460,208601337,366787797,6,0,0,28672,12,2319645059
18996,158193900,232462773,390656673,2,0,1,13824,12,2172664174
18997,158195450,232462708,390658158,8,0,1,15360,12,8130597313
18998,158199580,208107751,366307331,6,0,0,2560,12,10539546426
18999,158201890,208683599,366885489,6,0,0,24576,12,8126126112
19000,158211660,208559064,366770724,3,0,0,24064,9,684035600
19001,158224610,207695529,365920139,8,0,0,39936,12,7034369497
19002,158230320,208863999,367094319,0,0,0,118784,14,7468504898
19003,158255620,207381520,365637140,4,0,0,11776,12,5077515460
19004,158256300,207962315,366218615,6,0,0,13824,12,6642411209
19005,158260500,207638027,365898527,6,0,0,49152,12,8774247227
19006,158264450,208729205,366993655,4,0,0,92672,12,6424749890
19007,158266691,208097948,366364639,2,0,0,4608,12,10470119244
19008,158269170,208525046,366794216,8,0,0,20992,12,7128000538
19009,158278590,208190097,366468687,5,0,0,42496,7,8398943134
19010,158281160,208654363,366935523,0,0,0,12800,14,1232976105
19011,158295500,232383712,390679212,2,0,1,4096,12,1118756129
19012,158299580,208417099,366716679,7,0,0,30720,9,7840313423
19013,158300690,207955419,366256109,4,0,0,64000,12,3120693202
19014,158301580,209067407,367368987,8,0,0,110592,12,3394937279
19015,158352520,208957345,367309865,4,0,0,21504,12,2196747678
19016,158356989,232342392,390699381,6,0,1,45568,12,6268064125
19017,158408970,208759239,367168209,7,0,0,47616,9,127517953
19018,158417490,208345879,366763369,0,0,0,106496,14,5181932850
19019,158429020,208374891,366803911,6,0,0,31744,12,7207474448
19020,158437430,232264217,390701647,2,0,1,3584,12,10365069811
19021,158450361,208410380,366860741,2,0,0,86016,12,7785280559
19022,158459660,208469070,366928730,4,0,0,141312,12,967402965
19023,158460739,232241894,390702633,7,0,1,1536,9,4777788122
19024,158470999,232236448,390707447,4,0,1,20992,12,6083482238
19025,158472580,207842330,366314910,8,0,0,7680,12,8381095768
19026,158480720,207843694,366324414,3,0,0,3584,9,3300190353
19027,158480960,209014381,367495341,3,0,0,90624,9,9342968955
19028,158483620,208223676,366707296,3,0,0,1024,9,3986189953
19029,158487099,232224560,390711659,7,0,1,6656,9,9649014131
19030,158513711,208450227,366963938,2,0,0,93184,12,8032622451
19031,158520280,232194285,390714565,8,0,1,4608,12,6632031831
19032,158522570,208408991,366931561,3,0,0,9216,9,7791055255
19033,158527400,208784828,367312228,6,0,0,7680,12,5760197350
19034,158531330,208339574,366870904,4,0,0,33280,12,7426122158
19035,158538550,208494031,367032581,8,0,0,61440,12,3470607162
19036,158546750,208232288,366779038,8,0,0,13824,12,7616040422
19037,158574381,208626502,367200883,2,0,0,19456,12,6713707585
19038,158576790,232157262,390734052,8,0,1,35328,12,7546750243
19039,158578580,208297963,366876543,8,0,0,18432,12,8667203310
19040,158611170,208266800,366877970,8,0,0,4608,12,2875198306
19041,158617469,232120769,390738238,4,0,1,6656,12,1348261768
19042,158621719,232123145,390744864,6,0,1,26624,12,3704782662
19043,158623460,208151343,366774803,7,0,0,13312,9,9806377396
19044,158631070,232121333,390752403,5,0,1,1024,7,802400829
19045,158633700,208953272,367586972,3,0,0,34304,9,3321629040
19046,158654640,208399523,367054163,5,0,0,5120,7,9144148647
19047,158660390,232092999,390753389,0,0,1,1536,14,1165052277
19048,158661770,208433866,367095636,4,0,0,4096,12,4683655434
19049,158669890,209374132,368044022,3,0,0,195072,9,2066508943
19050,158693880,208835641,367529521,0,0,0,5120,14,1045737725
19051,158704770,208529411,367234181,4,0,0,95744,12,4697181312
19052,158710470,232043380,390753850,0,0,1,10240,14,9688251887
19053,158722210,208243178,366965388,5,0,0,4608,7,10187657616
19054,158730379,232024342,390754721,4,0,1,12288,12,10682589567
19055,158738210,232017382,390755592,3,0,1,12288,9,2095465024
19056,158743400,208926522,367669922,0,0,0,27648,14,7584036083
19057,158745160,208556961,367302121,7,0,0,2560,9,9766623627
19058,158763760,208486581,367250341,7,0,0,24576,9,2740172421
19059,158777640,232002571,390780211,8,0,1,22528,12,5079176998
19060,158789480,208591542,367381022,8,0,0,39424,12,5757642772
19061,158814690,208707921,367522611,4,0,0,68096,12,6507229313
19062,158818471,208833866,367652337,2,0,0,144896,12,1834118894
19063,158827140,209364776,368191916,7,0,0,18944,9,3943907745
19064,158829120,208634664,367463784,4,0,0,3584,12,3822792132
19065,158832110,208431826,367263936,3,0,0,44544,9,9984340716
19066,158832140,208312751,367144891,4,0,0,12288,12,5065571701
19067,158838220,231946817,390785037,3,0,1,7680,9,7096534998
19068,158850549,231934834,390785383,4,0,1,512,12,10282359547
19069,158865220,209018271,367883491,3,0,0,12800,9,4086948896
19070,158884241,208775139,367659380,2,0,0,23040,12,10619968456
19071,158884730,208358100,367242830,3,0,0,20992,9,7879935335
19072,158887870,208823960,367711830,7,0,0,34816,9,2639637722
19073,158894180,208908103,367802283,6,0,0,46080,12,5507343574
19074,158898819,231908551,390807370,6,0,1,33792,12,5269590796
19075,158918940,208480446,367399386,0,0,0,35328,14,3393280145
19076,158920570,208268222,367188792,0,0,0,2048,14,2801284480
19077,158923149,231886820,390809969,4,0,1,15360,12,10325916770
19078,158946050,208436243,367382293,5,0,0,4096,7,2343551953
19079,158953970,208653652,367607622,8,0,0,10752,12,9046513077
19080,158963390,231847399,390810789,5,0,1,19968,7,10699313064
19081,158976039,231851773,390827812,7,0,1,16896,9,7771074595
19082,158989189,231842980,390832169,7,0,1,4608,9,8130540051
19083,158995310,208241101,367236411,0,0,0,7168,14,2901352261
19084,159004140,231828695,390832835,3,0,1,1024,9,2907429795
19085,159004990,231833234,390838224,0,0,1,17408,14,559017850
19086,159009100,208726102,367735202,8,0,0,60928,12,605134145
19087,159024730,209029923,368054653,7,0,0,34816,9,1752416196
19088,159031090,208496848,367527938,4,0,0,17408,12,8120942647
19089,159039100,208522156,367561256,4,0,0,16896,12,6291565885
19090,159040160,231813659,390853819,8,0,1,35840,12,557523181
19091,159044210,209320404,368364614,5,0,0,120320,7,2435427951
19092,159051960,208278988,367330948,0,0,0,2048,14,1245264526
19093,159056140,208705311,367761451,4,0,0,12288,12,1385454727
19094,159057930,209086722,368144652,0,0,0,40448,14,7325588168
19095,159071630,209567262,368638892,5,0,0,102400,7,7473700550
19096,159074260,208895102,367969362,5,0,0,40960,7,3305989011
19097,159094550,208785018,367879568,7,0,0,49664,9,9658953130
19098,159109560,208992251,368101811,0,0,0,154624,14,6227240181
19099,159114260,209968573,369082833,3,0,0,501248,9,3007037819
19100,159118869,231755895,390874764,4,0,1,29184,12,9875542704
19101,159124530,208716189,367840719,5,0,0,20992,7,6213488639
19102,159185770,208963741,368149511,7,0,0,15872,9,1253149593
19103,159186540,209338883,368525423,3,0,0,126464,9,10206185635
19104,159192100,208621750,367813850,4,0,0,37888,12,1828994373
19105,159195340,209018283,368213623,3,0,0,71168,9,301137451
19106,159195440,208732254,367927694,0,0,0,19968,14,2742463376
19107,159202710,209330848,368533558,7,0,0,26624,9,7175855024
19108,159236570,208874000,368110570,4,0,0,28672,12,1929614143
19109,159258950,209906630,369165580,6,0,0,87552,12,6473772724
19110,159263480,209392774,368656254,3,0,0,56832,9,2630368763
19111,159269150,231612822,390881972,5,0,1,9728,7,7542264051
19112,159288680,208867579,368156259,4,0,0,15872,12,7906842635
19113,159316960,208997386,368314346,0,0,0,43008,14,9601128733
19114,159325160,231556966,390882126,0,0,1,8704,14,9968348019
19115,159326550,231570439,390896989,8,0,1,25088,12,2965499986
19116,159356780,209459704,368816484,3,0,0,74752,9,7011124035
19117,159361200,208885304,368246504,0,0,0,31232,14,6119321112
19118,159364040,209819370,369183410,3,0,0,28160,9,5821341399
19119,159364060,209558336,368922396,0,0,0,256000,14,3593423258
19120,159376250,208997279,368373529,5,0,0,29184,7,6916426912
19121,159389400,208985868,368375268,8,0,0,5632,12,591746536
19122,159390900,209010792,368401692,6,0,0,20480,12,8286437747
19123,159393659,231524317,390917976,7,0,1,29184,9,7246897129
19124,159408380,209803420,369211800,6,0,0,28160,12,1710875597
19125,159408430,209713690,369122120,5,0,0,49664,7,3612684089
19126,159410349,231521054,390931403,4,0,1,25600,12,9833474617
19127,159413080,209693800,369106880,6,0,0,78848,12,8301075506
19128,159434550,231501560,390936110,0,0,1,5120,14,8934829710
19129,159438940,209757198,369196138,3,0,0,13312,9,4930717732
19130,159449560,231501601,390951161,3,0,1,26624,9,434601331
19131,159461600,208865028,368326628,3,0,0,1536,9,5144560984
19132,159470740,210150678,369621418,8,0,0,51712,12,3125579265
19133,159488170,209837173,369325343,0,0,0,14848,14,6947415044
19134,159489760,209819305,369309065,4,0,0,180736,12,3147092783
19135,159490110,209648748,369138858,8,0,0,34304,12,2144013974
19136,159506950,231446803,390953753,5,0,1,9216,7,8729729818
19137,159507220,210254376,369761596,7,0,0,7168,9,2209709583
19138,159522450,209731516,369253966,0,0,0,44544,14,7132224338
19139,159532400,231422019,390954419,3,0,1,1024,9,2414446414
19140,159537000,210350494,369887494,6,0,0,176640,12,2130205212
19141,159548790,209579593,369128383,8,0,0,20480,12,6115736389
19142,159548890,209625917,369174807,6,0,0,30208,12,158588030
19143,159558630,231397415,390956045,3,0,1,2560,9,1129868828
19144,159559540,231396851,390956391,3,0,1,512,9,6740668689
19145,159559890,209228338,368788228,4,0,0,75264,12,975709957
19146,159583960,209762218,369346178,5,0,0,23552,7,3231670515
19147,159586540,208983355,368569895,8,0,0,55296,12,9574053528
19148,159587780,209939796,369527576,5,0,0,44544,7,1319252525
19149,159606650,209213491,368820141,6,0,0,3584,12,9340320873
19150,159607689,231385314,390993003,4,0,1,80896,12,6937924746
19151,159626360,209814238,369440598,5,0,0,165376,7,6185262458
19152,159637400,209830122,369467522,3,0,0,42496,9,7367813788
19153,159649790,210325406,369975196,0,0,0,70144,14,5501919933
19154,159650270,209687272,369337542,3,0,0,39936,9,3999412385
19155,159659930,231336839,390996769,8,0,1,3584,12,6767081606
19156,159670690,209259396,368930086,5,0,0,25088,7,6577931879
19157,159674440,209517619,369192059,6,0,0,28160,12,2804868194
19158,159676360,209526829,369203189,0,0,0,23040,14,4840880372
19159,159676960,231323355,391000315,5,0,1,5632,7,7389449833
19160,159700130,209118873,368819003,7,0,0,8192,9,81570019
19161,159705640,209652729,369358369,3,0,0,39936,9,10089320457
19162,159714640,231319113,391033753,0,0,1,35840,14,7431678627
19163,159732050,209588738,369320788,7,0,0,38400,9,5496977331
19164,159737550,210264713,370002263,3,0,0,78848,9,8987990353
19165,159745370,209495001,369240371,0,0,0,93696,14,3045715905
19166,159746450,231290209,391036659,5,0,1,4608,7,2575157396
19167,159758699,231282594,391041293,6,0,1,17920,12,9948245701
19168,159779150,209812371,369591521,6,0,0,91136,12,1453868414
19169,159797000,231253216,391050216,8,0,1,24064,12,565249371
19170,159803410,210404592,370208002,0,0,0,444928,14,1840663227
19171,159808000,209951389,369759389,8,0,0,54272,12,924078525
19172,159828090,209706529,369534619,3,0,0,23040,9,7341572530
19173,159833520,231217042,391050562,5,0,1,512,7,5040749272
19174,159838660,231221337,391059997,8,0,1,26624,12,6184681651
19175,159844970,209810941,369655911,3,0,0,61952,9,4724757624
19176,159862760,231204150,391066910,5,0,1,19456,7,2468933022
19177,159881570,209895025,369776595,3,0,0,49152,9,1840507890
19178,159883030,210433717,370316747,7,0,0,45568,9,2007926923
19179,159889400,209801089,369690489,6,0,0,6144,12,8652486999
19180,159892940,209559716,369452656,5,0,0,31232,7,7266363134
19181,159893000,210349859,370242859,8,0,0,100864,12,4616027055
19182,159894460,209775202,369669662,7,0,0,45056,9,6304556588
19183,159906360,231182859,391089219,5,0,1,52736,7,791569400
19184,159914890,209984327,369899217,5,0,0,38400,7,6179767036
19185,159918440,209906329,369824769,8,0,0,65536,12,5415952476
19186,159928420,209853259,369781679,3,0,0,3072,9,2821566278
19187,159944270,210540578,370484848,7,0,0,9216,9,2402763765
19188,159948900,209494217,369443117,6,0,0,8192,12,1556165220
19189,159949190,209882996,369832186,6,0,0,10240,12,4042101269
19190,159957320,209497231,369454551,8,0,0,6144,12,5949431587
19191,160001160,210254826,370255986,3,0,0,43008,9,156560898
19192,160010250,231102211,391112461,8,0,1,6656,12,3755634386
19193,160012939,231105423,391118362,6,0,1,19968,12,6316388587
19194,160014410,231104413,391118823,0,0,1,10240,14,3657121277
19195,160017890,210284950,370302840,8,0,0,112128,12,2515087684
19196,160061410,231070664,391132074,0,0,1,17920,14,5887311142
19197,160119999,231015941,391135940,6,0,1,6144,12,1433145636
19198,160125740,209547202,369672942,0,0,0,8192,14,8842604682
19199,160151329,230985597,391136926,7,0,1,1536,9,10298684693
19200,160159760,230978549,391138309,3,0,1,14848,9,987122334
19201,160161580,210050501,370212081,7,0,0,13312,9,2956757823
19202,160179270,210138748,370318018,4,0,0,4096,12,9601545758
19203,160207210,209816856,370024066,3,0,0,2560,9,10215598357
19204,160219380,209575035,369794415,5,0,0,20480,7,2011959927
19205,160260920,230879975,391140895,2,0,1,4096,12,4058531300
19206,160262710,209411659,369674369,5,0,0,4608,7,1168501371
19207,160275010,210427836,370702846,7,0,0,43008,9,5068909793
19208,160291120,209489554,369780674,5,0,0,13312,7,7681318481
19209,160319700,210186414,370506114,3,0,0,47104,9,437800449
19210,160337960,209684046,370022006,4,0,0,13824,12,2950410164
19211,160350720,210747627,371098347,6,0,0,121856,12,2814423509
19212,160361950,210524295,370886245,5,0,0,65536,7,748851524
19213,160363500,210681885,371045385,6,0,0,101888,12,5486777283
19214,160371579,230770622,391142201,6,0,1,2048,12,6110472003
19215,160379410,230763252,391142662,0,0,1,10240,14,3118743231
19216,160381660,210347925,370729585,0,0,0,44032,14,9076585467
19217,160439780,230708432,391148212,5,0,1,11776,7,6850945002
19218,160451470,210400866,370852336,6,0,0,43520,12,4873311448
19219,160465390,209441528,369906918,0,0,0,10752,14,3324830004
19220,160488650,210712596,371201246,0,0,0,36864,14,10668531347
19221,160528010,210053032,370581042,7,0,0,2560,9,4222914509
19222,160535890,210298264,370834154,3,0,0,15872,9,5337012903
19223,160537910,210889797,371427707,4,0,0,141824,12,7051393983
19224,160540620,209857808,370398428,4,0,0,46080,12,4004549566
19225,160548610,210031629,370580239,5,0,0,74240,7,9771354008
19226,160575570,210186041,370761611,3,0,0,94208,9,1141279819
19227,160621830,230528089,391149919,5,0,1,1536,7,1517959009
19228,160623700,211356677,371980377,0,0,0,556032,14,658111772
19229,160626920,209641733,370268653,5,0,0,41472,7,9974014824
19230,160631340,210879256,371510596,0,0,0,97280,14,8184075329
19231,160637350,210288465,370925815,3,0,0,21504,9,10343157960
19232,160643610,230511391,391155001,3,0,1,24064,9,1255363817
19233,160647909,230514697,391162606,4,0,1,3584,12,1049403020
19234,160657900,230511070,391168970,2,0,1,18944,12,7657673698
19235,160671339,230498092,391169431,6,0,1,10240,12,4283063079
19236,160686150,210503818,371189968,0,0,0,196608,14,8243979780
19237,160706170,210286696,370992866,7,0,0,19456,9,5694635697
19238,160722720,230456333,391179053,8,0,1,10752,12,5246171257
19239,160725020,210261895,370986915,3,0,0,56320,9,9368665119
19240,160725690,210517192,371242882,5,0,0,35840,7,1991121364
19241,160729500,210003384,370732884,0,0,0,10752,14,262143800
19242,160741640,211431540,372173180,8,0,0,248832,12,5047047953
19243,160742680,210371772,371114452,4,0,0,38912,12,4694949502
19244,160753569,230445760,391199329,4,0,1,35328,12,9961060102
19245,160754841,210680533,371435374,2,0,0,25088,12,8145499171
19246,160763650,210540485,371304135,3,0,0,19968,9,5021825470
19247,160766680,210690112,371456792,7,0,0,52224,9,2693968862
19248,160766780,210617692,371384472,0,0,0,87552,14,5450958179
19249,160777370,210520658,371298028,8,0,0,94720,12,4979246038
19250,160799000,210829555,371628555,5,0,0,133120,7,10219476175
19251,160800890,209982450,370783340,6,0,0,30720,12,6817948237
19252,160802201,210666493,371468694,2,0,0,24576,12,7146472187
19253,160818011,210919356,371737367,2,0,0,36864,12,3392504822
19254,160818560,230388949,391207509,0,0,1,18944,14,8912410595
19255,160841010,230413132,391254142,2,0,1,46080,12,6789828934
19256,160842820,230423484,391266304,5,0,1,39424,7,6924760882
19257,160844030,210085240,370929270,3,0,0,11264,9,1883778975
19258,160848590,230418892,391267482,3,0,1,13824,9,5718889361
19259,160866490,210944063,371810553,5,0,0,23552,7,8643041245
19260,160879340,211396563,372275903,0,0,0,1536,14,1694025135
19261,160885130,210431929,371317059,3,0,0,5632,9,7385283499
19262,160892180,230410404,391302584,3,0,1,35840,9,3992058248
19263,160895210,211378565,372273775,0,0,0,40448,14,6062444690
19264,160903360,210638753,371542113,3,0,0,37376,9,2514605432
19265,160904180,210042585,370946765,8,0,0,3584,12,4318006051
19266,160907750,210412562,371320312,7,0,0,512,9,7403184474
19267,160913140,210762655,371675795,7,0,0,8192,9,5116293759
19268,160948301,211142933,372091234,2,0,0,97792,12,9269946194
19269,160966790,211130551,372097341,6,0,0,19968,12,576850735
19270,160967820,211038008,372005828,8,0,0,83456,12,5468009532
19271,160977330,211079492,372056822,3,0,0,56320,9,3466905058
19272,160994780,210656730,371651510,8,0,0,75264,12,6279358820
19273,160995489,230321798,391317287,6,0,1,22528,12,9893300441
19274,160999760,211506942,372506702,8,0,0,309248,12,2469348895
19275,161001540,210261059,371262599,3,0,0,2560,9,5291399312
19276,161016849,230303984,391320833,7,0,1,5632,9,970525880
19277,161018930,211177993,372196923,8,0,0,77824,12,9642390265
19278,161029520,210999107,372028627,7,0,0,74752,9,7114560281
19279,161046050,211015365,372061415,7,0,0,5632,9,808846362
19280,161057380,210383477,371440857,6,0,0,17920,12,5311607652
19281,161071140,210988536,372059676,8,0,0,9216,12,8846413256
19282,161073700,211516708,372590408,7,0,0,47104,9,946303338
19283,161077880,230252555,391330435,2,0,1,19456,12,6887917755
19284,161107160,230226453,391333613,3,0,1,25600,9,7806956702
19285,161148250,210615119,371763369,0,0,0,5120,14,392483000
19286,161160580,210879059,372039639,8,0,0,16896,12,9114949243
19287,161218089,230122564,391340653,6,0,1,8704,12,6695913453
19288,161224360,230120479,391344839,8,0,1,6656,12,4819879401
19289,161253760,210207423,371461183,7,0,0,14336,9,3184623353
19290,161261121,210489180,371750301,2,0,0,2560,12,8722651037
19291,161262670,210771798,372034468,0,0,0,2560,14,7397585753
19292,161279979,230066038,391346017,4,0,1,13824,12,4333169525
19293,161313911,211262122,372576033,2,0,0,26624,12,9468021718
19294,161330910,210327175,371658085,6,0,0,21504,12,2721483923
19295,161341130,210920244,372261374,6,0,0,211456,12,8337053658
19296,161351219,229996744,391347963,4,0,1,3072,12,10433665454
19297,161351430,211604772,372956202,6,0,0,29696,12,4623241093
19298,161354360,211918984,373273344,0,0,0,513536,14,388439213
19299,161355620,211051040,372406660,8,0,0,115712,12,7115692330
19300,161367780,210664302,372032082,0,0,0,11264,14,7394037337
19301,161369159,229983310,391352469,4,0,1,7168,12,5853965147
19302,161374020,210659645,372033665,8,0,0,5120,12,2450823529
19303,161375571,211180284,372555855,2,0,0,112640,12,3130507051
19304,161377899,229978436,391356335,6,0,1,6144,12,5039059011
19305,161397240,210878164,372275404,6,0,0,5120,12,9956335772
19306,161397410,211956660,373354070,5,0,0,40960,7,818734513
19307,161412369,229947192,391359561,6,0,1,5120,12,1277232984
19308,161417441,211337348,372754789,2,0,0,267776,12,2115250258
19309,161436270,229956800,391393070,5,0,1,18944,7,1362696449
19310,161437930,210907311,372345241,6,0,0,72704,12,10534784471
19311,161446050,211227105,372673155,6,0,0,64512,12,4857376121
19312,161453499,229945729,391399228,7,0,1,29184,9,9360809755
19313,161453790,229946206,391399996,0,0,1,11776,14,4618290549
19314,161468390,210944065,372412455,8,0,0,18944,12,14185272
19315,161500940,211066950,372567890,5,0,0,39424,7,5837754629
19316,161525200,211285185,372810385,8,0,0,52224,12,7594948279
19317,161567490,211379641,372947131,0,0,0,86528,14,2163761641
19318,161606300,211005632,372611932,0,0,0,15872,14,6695909437
19319,161609859,229794181,391404040,7,0,1,18432,9,10118717917
19320,161613850,211476759,373090609,5,0,0,82432,7,10561092059
19321,161636240,211831336,373467576,0,0,0,90112,14,2027163309
19322,161653011,211925235,373578246,2,0,0,33792,12,8857954716
19323,161669061,211093730,372762791,2,0,0,26112,12,7248826358
19324,161671860,210973925,372645785,4,0,0,5120,12,3109311283
19325,161672490,210838189,372510679,6,0,0,7168,12,5408983136
19326,161675780,211686947,373362727,7,0,0,8704,9,550140155
19327,161687690,210829096,372516786,5,0,0,19968,7,8101971605
19328,161701720,210806729,372508449,7,0,0,5632,9,6708734804
19329,161709009,229700177,391409186,4,0,1,8192,12,2663835515
19330,161725730,210873601,372599331,7,0,0,29184,9,6927278918
19331,161736780,210782837,372519617,5,0,0,9216,7,6455716295
19332,161739341,210782171,372521512,2,0,0,6144,12,2523160318
19333,161742100,211567326,373309426,5,0,0,67072,7,4963796605
19334,161751220,229671183,391422403,2,0,1,36352,12,10594165437
19335,161752700,211030550,372783250,5,0,0,67072,7,4393176203
19336,161755350,211269415,373024765,7,0,0,27648,9,4748950034
19337,161757370,211114869,372872239,6,0,0,2048,12,9736015882
19338,161763201,211240072,373003273,2,0,0,62976,12,6521972115
19339,161776530,212060233,373836763,8,0,0,157184,12,2616952321
19340,161785190,210837869,372623059,0,0,0,8192,14,6953767170
19341,161805031,211874719,373679750,2,0,0,124928,12,1969119356
19342,161815840,229626204,391442044,2,0,1,15360,12,2137570737
19343,161818690,210810430,372629120,8,0,0,6656,12,9526896777
19344,161818850,211470117,373288967,6,0,0,51200,12,9863581731
19345,161842240,211946608,373788848,4,0,0,28160,12,1162847498
19346,161842850,211267001,373109851,8,0,0,32768,12,6682902036
19347,161849090,212089861,373938951,7,0,0,49664,9,7517743059
19348,161858260,211460393,373318653,7,0,0,30208,9,1473358937
19349,161860350,210972072,372832422,6,0,0,10240,12,8450438059
19350,161866269,229586738,391453007,4,0,1,11776,12,6541510665
19351,161873120,212210303,374083423,7,0,0,62464,9,10235054544
19352,161874300,229591379,391465679,8,0,1,24064,12,9032968886
19353,161875490,211466008,373341498,5,0,0,4608,7,2287626534
19354,161887411,211452660,373340071,2,0,0,50176,12,3229070422
19355,161890620,211136352,373026972,7,0,0,7168,9,6289967789
19356,161896290,229569953,391466243,2,0,1,10752,12,1538513781
19357,161899570,229567979,391467549,2,0,1,2048,12,4566513890
19358,161930160,212060831,373990991,7,0,0,38400,9,508068268
19359,161952370,211147466,373099836,7,0,0,30208,9,1343745488
19360,161961999,229505704,391467703,4,0,1,8704,12,2622440225
19361,161978760,211346000,373324760,0,0,0,19968,14,741495577
19362,161992400,211119042,373111442,6,0,0,5120,12,10329300746
19363,161993530,211366514,373360044,7,0,0,19456,9,4979555364
19364,162001711,212596049,374597760,2,0,0,979968,12,9361985140
19365,162017220,229491858,391509078,0,0,1,53760,14,3608121888
19366,162023640,211817693,373841333,0,0,0,512,14,8196387874
19367,162030570,211817627,373848197,4,0,0,3072,12,10531210804
19368,162032760,211555595,373588355,6,0,0,20480,12,8845740143
19369,162035600,211594915,373630515,4,0,0,13824,12,5747251405
19370,162043560,229471014,391514574,8,0,1,17920,12,715983252
19371,162063000,211950888,374013888,0,0,0,58880,14,8662054884
19372,162076920,212553582,374630502,0,0,0,14336,14,6470767598
19373,162117680,211977934,374095614,4,0,0,39936,12,2343846455
19374,162124110,212484818,374608928,5,0,0,36352,7,7720010617
19375,162135000,211616156,373751156,6,0,0,15360,12,400177133
19376,162148530,211575671,373724201,7,0,0,26624,9,6996108167
19377,162151060,211810534,373961594,5,0,0,74240,7,2605618217
19378,162151529,229377737,391529266,6,0,1,7168,12,5793754832
19379,162155380,229377554,391532934,0,0,1,9728,14,5197784478
19380,162161910,211902458,374064368,6,0,0,99840,12,4405796157
19381,162166870,211812398,373979268,7,0,0,57856,9,3007956948
19382,162204141,211929944,374134085,2,0,0,31744,12,6896838257
19383,162217570,212408541,374626111,4,0,0,56320,12,7458178149
19384,162237911,212458722,374696633,2,0,0,5632,12,4627115725
19385,162240860,212407050,374647910,5,0,0,12288,7,10700066228
19386,162246350,211594804,373841154,6,0,0,14336,12,3920070419
19387,162284839,229289326,391574165,7,0,1,26112,9,1978491943
19388,162286580,211853456,374140036,8,0,0,19456,12,1415455757
19389,162288090,212379701,374667791,8,0,0,26624,12,307534093
19390,162288671,211929794,374218465,2,0,0,79872,12,8856555166
19391,162292270,212951701,375243971,7,0,0,31232,9,6750714000
19392,162292380,212573596,374865976,6,0,0,19968,12,292679910
19393,162308680,211813808,374122488,5,0,0,14848,7,410074593
19394,162311380,212383514,374694894,4,0,0,59904,12,10527260291
19395,162314660,212541286,374855946,7,0,0,425472,9,2698685329
19396,162328830,213096443,375425273,8,0,0,100864,12,6535314434
19397,162335960,229238359,391574319,0,0,1,8704,14,2919809915
19398,162341380,211768136,374109516,8,0,0,11264,12,6832022393
19399,162352000,212305917,374657917,7,0,0,32768,9,3075721331
19400,162370090,212726458,375096548,5,0,0,30720,7,2878364164
19401,162377380,211656522,374033902,5,0,0,65536,7,2960790356
19402,162404780,211739937,374144717,0,0,0,6144,14,1066492065
19403,162422890,212253729,374676619,7,0,0,28672,9,5352201428
19404,162424820,212435049,374859869,5,0,0,12800,7,2326746872
19405,162429980,212280560,374710540,5,0,0,45568,7,690371013
19406,162466300,212768132,375234432,8,0,0,88576,12,4335818469
19407,162468340,213100006,375568346,7,0,0,159232,9,7163439909
19408,162472080,212907752,375379832,6,0,0,25600,12,4399276755
19409,162472210,213237080,375709290,0,0,0,29696,14,6210224305
19410,162489181,212154962,374644143,2,0,0,29696,12,3122320275
19411,162520421,213055748,375576169,2,0,0,25600,12,1113242787
19412,162525570,212369202,374894772,7,0,0,69632,9,5427506471
19413,162526140,213231597,375757737,8,0,0,60928,12,7464142838
19414,162546371,212179885,374726256,2,0,0,51200,12,3669312493
19415,162546430,213389333,375935763,7,0,0,250880,9,4201207449
19416,162546460,212449630,374996090,4,0,0,70144,12,981072339
19417,162547880,212719218,375267098,6,0,0,34816,12,4831046640
19418,162551739,229025166,391576905,6,0,1,4096,12,330420442
19419,162556680,212650741,375207421,6,0,0,52224,12,1025792728
19420,162581300,228997577,391578877,5,0,1,13312,7,1339245930
19421,162582490,213438048,376020538,6,0,0,16896,12,4509220794
19422,162599690,213341868,375941558,7,0,0,18944,9,9869076653
19423,162600230,228986059,391586289,5,0,1,11776,7,5673343056
19424,162602471,212032578,374635049,2,0,0,14848,12,4079238273
19425,162612780,212046876,374659656,0,0,0,5632,14,4425720128
19426,162620520,213220932,375841452,8,0,0,69120,12,8638814518
19427,162621120,212808076,375429196,6,0,0,12800,12,790780014
19428,162665340,212347793,375013133,4,0,0,10752,12,25994159
19429,162667090,228921145,391588235,0,0,1,3072,14,2950638793
19430,162691620,213576173,376267793,8,0,0,43520,12,102912680
19431,162701229,228887352,391588581,6,0,1,512,12,8553769773
19432,162703640,212475615,375179255,7,0,0,20480,9,2366779555
19433,162704920,213488153,376193073,4,0,0,38400,12,9621912859
19434,162713570,213911356,376624926,4,0,0,29696,12,5257398122
19435,162743150,228850603,391593753,0,0,1,8192,14,3701881495
19436,162759210,212114277,374873487,0,0,0,24576,14,8777428581
19437,162760740,212849842,375610582,0,0,0,41984,14,5450060765
19438,162772441,213309867,376082308,2,0,0,47104,12,3456518826
19439,162798040,212501422,375299462,8,0,0,25088,12,4503911652
19440,162807570,212882040,375689610,7,0,0,25600,9,2412163217
19441,162819171,214053471,376872642,2,0,0,535040,12,10657797598
19442,162831251,213737597,376568848,2,0,0,739328,12,5492859251
19443,162831579,228771967,391603546,6,0,1,32256,12,8690881483
19444,162839631,212634037,375473668,2,0,0,37376,12,9082235550
19445,162871470,212910048,375781518,6,0,0,11776,12,5007661891
19446,162911970,213728267,376640237,8,0,0,50176,12,297014810
19447,162914610,213062872,375977482,5,0,0,7168,7,7305826366
19448,162923631,212865949,375789580,2,0,0,13312,12,289237747
19449,162923970,213021511,375945481,5,0,0,12800,7,2680987811
19450,162925430,213660913,376586343,4,0,0,57344,12,2764802575
19451,162930650,213778903,376709553,5,0,0,73216,7,3134248722
19452,162934190,212794438,375728628,5,0,0,15360,7,7951794000
19453,162938100,212544664,375482764,7,0,0,11776,9,7485552370
19454,162945600,228658932,391604532,8,0,1,1536,12,8452136653
19455,162946600,214049370,376995970,4,0,0,41984,12,4622432191
19456,162955140,228649853,391604993,0,0,1,10240,14,1233376072
19457,162988080,212867903,375855983,6,0,0,47616,12,9266762698
19458,162989801,212505745,375495546,2,0,0,7680,12,6947362140
19459,163001479,228617473,391618952,7,0,1,8192,9,9928582777
19460,163001581,212696084,375697665,2,0,0,25088,12,7275379450
19461,163008670,213678459,376687129,8,0,0,3584,12,4688524997
19462,163046270,213848235,376894505,8,0,0,71680,12,1262833852
19463,163067420,228577192,391644612,2,0,1,27136,12,4244751658
19464,163083420,212694487,375777907,4,0,0,66048,12,8717198912
19465,163086080,212923478,376009558,7,0,0,1024,9,7468290730
19466,163087310,212887965,375975275,7,0,0,26624,9,8839716805
19467,163090631,212876509,375967140,2,0,0,59904,12,4669824528
19468,163125329,228523495,391648824,6,0,1,6656,12,5772350004
19469,163143591,213158467,376302058,2,0,0,28160,12,9167363363
19470,163144979,228504613,391649592,6,0,1,11776,12,4837924811
19471,163154180,214201063,377355243,6,0,0,62976,12,4547136421
19472,163158910,213003078,376161988,0,0,0,71680,14,9518626591
19473,163164750,213976674,377141424,7,0,0,48128,9,5285438388
19474,163170790,213515224,376686014,4,0,0,94720,12,2504570688
19475,163186120,213738810,376924930,8,0,0,22016,12,6982407342
19476,163191740,228461594,391653334,5,0,1,1536,7,4823833451
19477,163224950,213674726,376899676,0,0,0,16896,14,782550263
19478,163270550,213327429,376597979,4,0,0,5632,12,2872824366
19479,163275610,212737811,376013421,8,0,0,5120,12,4526291339
19480,163297500,212649451,375946951,8,0,0,3584,12,2179976501
19481,163312231,214364294,377676525,2,0,0,244224,12,5135386439
19482,163322330,214447723,377770053,7,0,0,112128,9,1598232956
19483,163326780,228331060,391657840,2,0,1,7168,12,8580842834
19484,163334550,228332981,391667531,5,0,1,35840,7,1451743588
19485,163340659,228329877,391670536,6,0,1,12800,12,539401034
19486,163348661,212934763,376283424,2,0,0,51200,12,5132916071
19487,163370091,214102569,377472660,2,0,0,180224,12,5890638566
19488,163371960,213226510,376598470,5,0,0,1536,7,8550125110
19489,163394270,214131859,377526129,4,0,0,51200,12,9275594062
19490,163406351,212848159,376254510,2,0,0,67072,12,8291536845
19491,163406910,214471713,377878623,8,0,0,59904,12,7259680025
19492,163418729,228256313,391675042,4,0,1,7168,12,6231210010
19493,163421570,213191766,376613336,7,0,0,41984,9,4433226221
19494,163424720,213171520,376596240,5,0,0,25600,7,953206655
19495,163424880,213221308,376646188,6,0,0,19456,12,1872905299
19496,163426289,228265074,391691363,4,0,1,37888,12,8562306366
19497,163432010,213551114,376983124,5,0,0,25088,7,3997444865
19498,163459200,213653532,377112732,7,0,0,54784,9,2784857623
19499,163461410,213127007,376588417,7,0,0,1536,9,5896571424
19500,163461650,213828160,377289810,6,0,0,140800,12,9089891396
19501,163478201,214523147,378001348,2,0,0,97792,12,7206683905
19502,163484641,213131214,376615855,2,0,0,8192,12,5187097872
19503,163484810,213172321,376657131,6,0,0,35840,12,4160606287
19504,163503329,228233761,391737090,7,0,1,55808,9,9715902291
19505,163503980,213083946,376587926,6,0,0,5120,12,4277199165
19506,163510250,213397607,376907857,6,0,0,26624,12,4409959613
19507,163515170,213085351,376600521,5,0,0,6656,7,8223122584
19508,163527100,213418788,376945888,8,0,0,45056,12,10549997838
19509,163543650,214841115,378384765,5,0,0,81920,7,3712705247
19510,163549590,213425867,376975457,7,0,0,49664,9,2860439786
19511,163550350,213367849,376918199,5,0,0,17408,7,1519395021
19512,163558890,228183346,391742236,8,0,1,8192,12,8897994991
19513,163588180,213324692,376912872,8,0,0,16384,12,6065042185
19514,163588310,228155750,391744060,2,0,1,21504,12,3515842828
19515,163608380,213351891,376960271,4,0,0,47104,12,5065579674
19516,163628560,213433591,377062151,8,0,0,54784,12,9991842839
19517,163632840,214881259,378514099,0,0,0,73728,14,1074850217
19518,163647730,228101723,391749453,5,0,1,2560,7,8632122779
19519,163652710,214994824,378647534,4,0,0,45568,12,2590728884
19520,163659400,214516261,378175661,4,0,0,66560,12,6698777602
19521,163676730,214631826,378308556,5,0,0,87040,7,5480761076
19522,163716420,228035939,391752359,0,0,1,4608,14,482456806
19523,163735990,214890196,378626186,4,0,0,46080,12,9152130326
19524,163747699,228013458,391761157,7,0,1,39424,9,9947835974
19525,163765280,213261923,377027203,0,0,0,47616,14,3470474060
19526,163767450,214339724,378107174,8,0,0,5120,12,5835332513
19527,163774480,213595793,377370273,0,0,0,18944,14,2422924867
19528,163776441,213538196,377314637,2,0,0,81408,12,3748232390
19529,163781920,213246242,377028162,7,0,0,3072,9,10594914229
19530,163788330,214666642,378454972,4,0,0,18432,12,9084402920
19531,163801681,214678010,378479691,2,0,0,37888,12,2731577999
19532,163810620,213569816,377380436,8,0,0,33280,12,2036401990
19533,163820430,214978047,378798477,6,0,0,49664,12,10316844757
19534,163827761,213104368,376932129,2,0,0,23552,12,9544625132
19535,163836590,213368739,377205329,4,0,0,19456,12,9650314382
19536,163842110,213493922,377336032,5,0,0,70144,7,10312073553
19537,163842960,213521510,377364470,4,0,0,30208,12,7576273790
19538,163849360,213381313,377230673,6,0,0,52224,12,7773945321
19539,163852319,227938273,391790592,7,0,1,52224,9,126906066
19540,163859739,227962271,391822010,4,0,1,59392,12,1601382772
19541,163868490,215163751,379032241,0,0,0,55808,14,10426396401
19542,163869550,214885293,378754843,8,0,0,39936,12,7525691413
19543,163898050,213837793,377735843,5,0,0,58368,7,1805040312
19544,163902380,213625340,377527720,4,0,0,5120,12,8008750769
19545,163906031,213778565,377684596,2,0,0,10752,12,6191614174
19546,163910310,213321478,377231788,0,0,0,3584,14,6617236421
19547,163911070,227925461,391836531,5,0,1,25600,7,10417532681
19548,163918319,227975664,391893983,6,0,1,57344,12,717593195
19549,163918550,215237062,379155612,8,0,0,72704,12,1756815800
19550,163929370,213751927,377681297,6,0,0,4608,12,10564650407
19551,163958470,213643620,377602090,8,0,0,130048,12,8376708801
19552,163963950,213513459,377477409,6,0,0,15360,12,6498409362
19553,163964541,215570083,379534624,2,0,0,54272,12,9580377575
19554,163985720,213874628,377860348,7,0,0,24576,9,9130916174
19555,163999130,213392621,377391751,8,0,0,29696,12,3811687771
19556,164007409,227889480,391896889,4,0,1,4608,12,10436251076
19557,164008890,213779927,377788817,6,0,0,14336,12,7400405538
19558,164052690,213627180,377679870,8,0,0,10752,12,313830087
19559,164067990,227856948,391924938,8,0,1,28672,12,10357273075
19560,164070550,213439956,377510506,5,0,0,59392,7,7790097988
19561,164123151,213925015,378048166,2,0,0,64000,12,7744170339
19562,164140560,227789563,391930123,8,0,1,16384,12,9503091356
19563,164155080,215111979,379267059,5,0,0,125440,7,2972149531
19564,164158120,214943275,379101395,8,0,0,35328,12,1835702632
19565,164170571,213710103,377880674,2,0,0,6656,12,3630970735
19566,164171119,227763830,391934949,4,0,1,7680,12,7610653063
19567,164179590,214010134,378189724,4,0,0,46080,12,10513035247
19568,164185050,214828113,379013163,6,0,0,359936,12,6659857846
19569,164189730,213626140,377815870,5,0,0,4608,7,224351872
19570,164195920,215672191,379868111,8,0,0,25088,12,3132665618
19571,164241440,214118342,378359782,0,0,0,106496,14,8470449772
19572,164257299,227682822,391940121,4,0,1,8192,12,6977074672
19573,164260310,214412854,378673164,5,0,0,19968,7,1742002885
19574,164264780,214137788,378402568,5,0,0,30208,7,6819420502
19575,164266040,214183293,378449333,7,0,0,90624,9,3559531545
19576,164282120,214808488,379090608,0,0,0,191488,14,9470527015
19577,164284600,227657787,391942387,8,0,1,3584,12,2368236480
19578,164288129,227659865,391947994,4,0,1,18432,12,7589040973
19579,164297650,214533298,378830948,7,0,0,106496,9,6447189342
19580,164303840,214924976,379228816,0,0,0,102400,14,9885056303
19581,164308420,214377278,378685698,8,0,0,25600,12,3408654381
19582,164311990,215654792,379966782,0,0,0,84480,14,9822419429
19583,164316071,214289712,378605783,2,0,0,3072,12,4182115377
19584,164329780,213801349,378131129,8,0,0,51712,12,1710990374
19585,164340750,214326307,378667057,4,0,0,64000,12,4026628638
19586,164362930,214994663,379357593,5,0,0,55296,7,688770234
19587,164393580,214980986,379374566,4,0,0,25088,12,9847273110
19588,164393780,215797865,380191645,6,0,0,535552,12,853361356
19589,164395910,213879463,378275373,6,0,0,38912,12,4178975320
19590,164397190,215186776,379583966,0,0,0,61440,14,4594613322
19591,164401180,215890231,380291411,5,0,0,151552,7,2428782134
19592,164402630,214358164,378760794,4,0,0,19456,12,4327903786
19593,164406500,215048892,379455392,4,0,0,57344,12,9853701811
19594,164414270,215250308,379664578,5,0,0,81408,7,10278451607
19595,164415560,215068664,379484224,5,0,0,50176,7,8529204433
19596,164419040,227534446,391953486,2,0,1,17920,12,3450296538
19597,164441200,215238533,379679733,5,0,0,49664,7,5648237711
19598,164458810,214283842,378742652,0,0,0,57344,14,5488704892
19599,164463760,215319157,379782917,6,0,0,44032,12,1249282259
19600,164479030,227481452,391960482,8,0,1,21504,12,5488510348
19601,164492010,215958673,380450683,6,0,0,225280,12,2274183797
19602,164493180,215301460,379794640,0,0,0,38400,14,8299374231
19603,164502409,227475024,391977433,6,0,1,27136,12,6371998083
19604,164514830,227465740,391980570,2,0,1,11776,12,4368291809
19605,164523910,214162123,378686033,0,0,0,1024,14,5809357453
19606,164524591,215474217,379998808,2,0,0,95744,12,8076906155
19607,164527650,214040092,378567742,4,0,0,1536,12,4041195862
19608,164577700,227410160,391987860,8,0,1,9728,12,10603080748
19609,164582169,227406767,391988936,6,0,1,13312,12,5994093456
19610,164588280,214102323,378690603,8,0,0,14336,12,6141841506
19611,164591320,214086555,378677875,0,0,0,15360,14,5783123326
19612,164593990,215159704,379753694,5,0,0,8192,7,3965732854
19613,164595460,214036336,378631796,7,0,0,1024,9,13067382
19614,164653950,227338570,391992520,8,0,1,4096,12,9073485249
19615,164657380,227367100,392024480,5,0,1,48640,7,9253274877
19616,164663769,227366826,392030595,7,0,1,14336,9,4845985658
19617,164667219,227370687,392037906,7,0,1,16896,9,6747145563
19618,164672740,215030359,379703099,0,0,0,10752,14,10496682835
19619,164674730,214011482,378686212,5,0,0,512,7,6859574232
19620,164702860,214312354,379015214,8,0,0,6656,12,9223747496
19621,164704450,215155476,379859926,7,0,0,25600,9,7842863285
19622,164705120,215118948,379824068,5,0,0,3072,7,2027742198
19623,164743970,215275865,380019835,6,0,0,2560,12,9988805279
19624,164750950,215475184,380226134,8,0,0,44032,12,4775128945
19625,164764499,227285491,392049990,7,0,1,21504,9,4139219381
19626,164786800,227276976,392063776,8,0,1,27648,12,8346672125
19627,164798370,214335059,379133429,0,0,0,11264,14,1242975142
19628,164801551,213961294,378762845,2,0,0,6656,12,5084094341
19629,164805359,227261283,392066642,8,0,1,10752,12,8925278498
19630,164814420,214315554,379129974,6,0,0,93696,12,1170571294
19631,164827110,215547399,380374509,0,0,0,17408,14,7334056104
19632,164855160,214729149,379584309,6,0,0,1024,12,3901280050
19633,164864341,215878243,380742584,2,0,0,59904,12,2487816065
19634,164875560,215611906,380487466,8,0,0,47104,12,260956794
19635,164877789,227199241,392077030,8,0,1,15872,12,10036023634
19636,164899820,215824489,380724309,6,0,0,119296,12,1913606617
19637,164922820,215687414,380610234,6,0,0,387072,12,2070424904
19638,164937250,215957356,380894606,8,0,0,91136,12,9027755505
19639,164946890,214218729,379165619,7,0,0,32768,9,1573203776
19640,164948230,214616993,379565223,0,0,0,100352,14,3762986173
19641,164954210,227142529,392096739,8,0,1,6656,12,5331232032
19642,164957620,216031333,380988953,0,0,0,162816,14,4452540528
19643,164959410,215358979,380318389,0,0,0,31744,14,4702235723
19644,164960431,214360083,379320514,2,0,0,29184,12,4897551010
19645,164989350,227121323,392110673,0,0,1,18944,14,6094410750
19646,164993690,214406494,379400184,6,0,0,34816,12,9602312279
19647,164993830,215025202,380019032,6,0,0,61440,12,5677508992
19648,165008390,215231963,380240353,7,0,0,46592,9,2338837962
19649,165012140,227109762,392121902,0,0,1,22016,14,7930261293
19650,165036950,214476894,379513844,4,0,0,4096,12,3052560665
19651,165037760,216078877,381116637,4,0,0,69120,12,5435901973
19652,165064309,227058259,392122568,6,0,1,1024,12,3722486382
19653,165070090,227055531,392125621,8,0,1,14848,12,7965522914
19654,165071930,215615969,380687899,7,0,0,9216,9,126908818
19655,165109510,214395603,379505113,8,0,0,37888,12,6172275270
19656,165117570,215251604,380369174,7,0,0,76800,9,8829931683
19657,165122520,215220228,380342748,4,0,0,79872,12,455797474
19658,165129630,215068130,380197760,7,0,0,19968,9,4902488492
19659,165133240,226992727,392125967,8,0,1,512,12,2797859502
19660,165142840,216003795,381146635,7,0,0,98304,9,3412558744
19661,165143430,214679679,379823109,7,0,0,70656,9,9878968404
19662,165167660,215320609,380488269,0,0,0,2560,14,7819183590
19663,165190690,215494355,380685045,4,0,0,57856,12,1388295325
19664,165194429,226932409,392126838,7,0,1,12288,9,10733444105
19665,165211880,214373084,379584964,6,0,0,2048,12,10603303040
19666,165231870,214768365,380000235,6,0,0,4608,12,5831463576
19667,165233920,215915117,381149037,6,0,0,7680,12,7252727222
19668,165260490,216029435,381289925,0,0,0,16896,14,2944111532
19669,165270530,214974682,380245212,8,0,0,15872,12,7673202358
19670,165275770,226856254,392132024,2,0,1,2048,12,820728325
19671,165281040,226856130,392137170,2,0,1,8192,12,3096067914
19672,165293930,214468560,379762490,8,0,0,7168,12,6501015660
19673,165303421,214567856,379871277,2,0,0,10240,12,8513642871
19674,165346301,214860599,380206900,2,0,0,15360,12,10695100684
19675,165375160,214837535,380212695,7,0,0,18944,9,269492274
19676,165375650,215006370,380382020,6,0,0,24576,12,9772994725
19677,165390050,214579563,379969613,8,0,0,9216,12,5983348064
19678,165398169,226741874,392140043,8,0,1,512,12,9080176116
19679,165430580,214597866,380028446,0,0,0,28160,14,8141858148
19680,165431180,214770971,380202151,4,0,0,14336,12,6462239940
19681,165436860,214857436,380294296,4,0,0,9216,12,8673298895
19682,165443570,214863697,380307267,6,0,0,42496,12,3677430325
19683,165445180,215014738,380459918,4,0,0,30208,12,4868884275
19684,165468300,226699228,392167528,2,0,1,34816,12,2058075053
19685,165472970,215183366,380656336,7,0,0,68096,9,10166180890
19686,165492910,215984870,381477780,7,0,0,49664,9,8075788971
19687,165500060,214845691,380345751,7,0,0,9728,9,1896372375
19688,165507320,215118215,380625535,6,0,0,23040,12,9194056295
19689,165518460,215254683,380773143,8,0,0,12288,12,7797288951
19690,165565820,215069722,380635542,4,0,0,32768,12,8572219429
19691,165569821,214738873,380308694,2,0,0,4608,12,5840221127
19692,165583780,215168257,380752037,8,0,0,16896,12,6234876403
19693,165600850,215977016,381577866,4,0,0,160256,12,1454297793
19694,165611351,214861694,380473045,2,0,0,43008,12,41608294
19695,165632819,226546797,392179616,8,0,1,6656,12,9684547772
19696,165646731,215995989,381642720,2,0,0,29184,12,6001857945
19697,165650159,226531723,392181882,6,0,1,3584,12,6010465548
19698,165666961,215000052,380667013,2,0,0,31232,12,5455368739
19699,165671980,214946512,380618492,8,0,0,13312,12,5643185799
19700,165672350,215329152,381001502,7,0,0,40960,9,400793783
19701,165687660,214979734,380667394,4,0,0,1024,12,8563479451
19702,165703320,226492478,392195798,8,0,1,38400,12,8484598460
19703,165704361,215126292,380830653,2,0,0,55296,12,3073914352
19704,165727430,214764302,380491732,4,0,0,11264,12,9254211772
19705,165740020,226459990,392200010,0,0,1,16896,14,8210127622
19706,165745440,216029606,381775046,4,0,0,3584,12,1810290392
19707,165751050,216227514,381978564,0,0,0,30208,14,5779533984
19708,165753970,215049408,380803378,8,0,0,4608,12,5047825510
19709,165773970,215320263,381094233,7,0,0,40960,9,7721856964
19710,165786350,215001792,380788142,6,0,0,49152,12,7544825136
19711,165800460,215000380,380800840,6,0,0,22528,12,6609504764
19712,165801470,214855981,380657451,8,0,0,3584,12,8084226335
19713,165818380,214975565,380793945,8,0,0,18944,12,860274695
19714,165823289,226385010,392208299,6,0,1,11264,12,668883473
19715,165836350,214777994,380614344,6,0,0,13312,12,8618588544
19716,165842799,226374160,392216959,6,0,1,19456,12,8373643694
19717,165909191,214956041,380865232,2,0,0,23040,12,2110506650
19718,165912851,215003726,380916577,2,0,0,9728,12,2751822116
19719,165923080,226295708,392218788,0,0,1,1536,14,626852739
19720,165928220,216185981,382114201,8,0,0,33280,12,7532541394
19721,165928540,214818326,380746866,0,0,0,13312,14,9097403459
19722,165974880,214767907,380742787,0,0,0,512,14,4037441202
19723,165990280,226230134,392220414,2,0,1,2560,12,2465923822
19724,166000080,215516823,381516903,0,0,0,7168,14,3748832338
19725,166049450,214719926,380769376,7,0,0,56832,9,7464434784
19726,166074810,214792005,380866815,7,0,0,5120,9,6507217252
19727,166105110,215113836,381218946,6,0,0,43520,12,4419507520
19728,166112439,226130698,392243137,7,0,1,19968,9,2268403821
19729,166184410,216047907,382232317,6,0,0,187392,12,4968258638
19730,166224040,215285633,381509673,4,0,0,38912,12,7697114385
19731,166278580,225977491,392256071,0,0,1,20480,14,6932284828
19732,166288481,214991062,381279543,2,0,0,48128,12,7666603533
19733,166302649,225960425,392263074,4,0,1,20992,12,6161054360
19734,166304570,225961730,392266300,0,0,1,5120,14,7360337898
19735,166325240,215337182,381662422,4,0,0,30208,12,311608095
19736,166361740,214709443,381071183,6,0,0,6144,12,682882955
19737,166396500,214840708,381237208,0,0,0,37376,14,580575112
19738,166418190,214837401,381255591,0,0,0,50176,14,10597480943
19739,166436660,215052843,381489503,0,0,0,38400,14,1207043351
19740,166463340,215354569,381817909,0,0,0,15872,14,9612844850
19741,166465440,214795033,381260473,6,0,0,15872,12,588308535
19742,166494821,214868680,381363501,2,0,0,60416,12,4141256355
19743,166519820,225748746,392268566,2,0,1,3584,12,1587829809
19744,166531349,225742363,392273712,6,0,1,8192,12,3876171263
19745,166543470,214984501,381527971,6,0,0,19456,12,9807198206
19746,166575441,215789100,382364541,2,0,0,116736,12,10385744733
19747,166615579,225659004,392274583,4,0,1,12288,12,5149780255
19748,166616390,215001163,381617553,4,0,0,110592,12,5376037759
19749,166637541,214825084,381462625,2,0,0,78336,12,3055892687
19750,166659460,216002457,382661917,6,0,0,7168,12,4876568789
19751,166662870,215866658,382529528,0,0,0,138240,14,5547791534
19752,166674549,225605846,392280395,6,0,1,9216,12,5221985327
19753,166678841,215110522,381789363,2,0,0,23040,12,4076880906
19754,166695930,214718308,381414238,4,0,0,77312,12,8661782374
19755,166700091,214797703,381497794,2,0,0,27136,12,9600669655
19756,166735240,214596214,381331454,6,0,0,49152,12,6795853712
19757,166742930,216067060,382809990,0,0,0,46080,14,4523530368
19758,166744530,215426994,382171524,0,0,0,112128,14,3930609711
19759,166763810,225521411,392285221,0,0,1,7680,14,7492861625
19760,166787540,225513220,392300760,0,0,1,22016,14,5644780171
19761,166792480,215163987,381956467,4,0,0,36864,12,9450511868
19762,166827130,225481697,392308827,0,0,1,2048,14,3714874036
19763,166845861,216136541,382982402,2,0,0,63488,12,3914444622
19764,166881630,214633058,381514688,0,0,0,16384,14,9551616609
19765,166889941,215021876,381911817,2,0,0,55808,12,5226077887
19766,166900039,225409774,392309813,4,0,1,1536,12,7220754317
19767,166954040,214624473,381578513,0,0,0,2048,14,6259322875
19768,167008220,215027923,382036143,4,0,0,29184,12,1362278680
19769,167030191,215280172,382310363,2,0,0,49152,12,5811549462
19770,167039301,214794075,381833376,2,0,0,50688,12,7953648291
19771,167145280,214953587,382098867,0,0,0,73728,14,2045682398
19772,167166710,214607221,381773931,0,0,0,73216,14,6334030813
19773,167173151,215122213,382295364,2,0,0,206848,12,6754074301
19774,167181131,215410940,382592071,2,0,0,10752,12,6829006398
19775,167192701,214620349,381813050,2,0,0,32256,12,4183184863
19776,167194460,215964888,383159348,0,0,0,88576,14,4072417460
19777,167255319,225067411,392322730,4,0,1,28672,12,10647822733
19778,167266851,214386344,381653195,2,0,0,34304,12,9125060639
19779,167279610,215049340,382328950,0,0,0,60928,14,4075109169
19780,167283420,214661792,381945212,0,0,0,6144,14,2509511907
19781,167290939,225035017,392325956,4,0,1,5120,12,3063522754
19782,167334309,224996793,392331102,4,0,1,8192,12,8845910114
19783,167335350,214545421,381880771,0,0,0,9216,14,9196443048
19784,167336900,214053759,381390659,4,0,0,3584,12,4182730710
19785,167356549,224980250,392336799,6,0,1,18944,12,6836974007
19786,167365821,214354522,381720343,2,0,0,9216,12,3369761939
19787,167369470,214468832,381838302,0,0,0,7680,14,9084237913
19788,167387610,214294278,381681888,0,0,0,4608,14,5297919571
19789,167425510,215367890,382793400,6,0,0,36352,12,9663034203
19790,167426651,214271267,381697918,2,0,0,28672,12,2400248157
19791,167451340,224896905,392348245,0,0,1,13312,14,2831416164
19792,167477451,215182259,382659710,2,0,0,174080,12,5004692256
19793,167481639,224873497,392355136,4,0,1,5632,12,5964804148
19794,167496480,214964060,382460540,6,0,0,60928,12,7926963114
19795,167503241,215873365,383376606,2,0,0,109056,12,3591698373
19796,167508600,214595438,382104038,4,0,0,16896,12,3060727026
19797,167526620,215816735,383343355,6,0,0,248832,12,1430728503
19798,167531780,214953350,382485130,0,0,0,64000,14,2434260801
19799,167580510,224779452,392359962,0,0,1,7680,14,7372051223
19800,167606121,214789175,382395296,2,0,0,100864,12,7512630891
19801,167612060,215233521,382845581,6,0,0,116736,12,6031972341
19802,167683820,214370024,382053844,6,0,0,13824,12,1509056876
19803,167710400,224655988,392366388,2,0,1,22528,12,8681523136
19804,167735470,224634464,392369934,2,0,1,5632,12,3325455121
19805,167764450,215742110,383506560,4,0,0,136704,12,5193815112
19806,167791970,224585712,392377682,2,0,1,20992,12,8543114431
19807,167803880,224589010,392392890,0,0,1,21504,14,9934203124
19808,167804109,224589127,392393236,6,0,1,512,12,6513876383
19809,167819871,214200333,382020204,2,0,0,512,12,502066378
19810,167825110,215049510,382874620,6,0,0,95232,12,10715418753
19811,167843999,224566210,392410209,4,0,1,15872,12,4733143045
19812,167847920,215616965,383464885,0,0,0,51712,14,9370900307
19813,167859219,224552475,392411694,4,0,1,15360,12,6479993976
19814,167865080,224574775,392439855,0,0,1,22016,14,9640205337
19815,167897240,224543793,392441033,2,0,1,13824,12,3215147735
19816,167922880,214748755,382671635,0,0,0,28672,14,1403378288
19817,167947070,214637861,382584931,4,0,0,93184,12,4605621186
19818,167975040,215074652,383049692,6,0,0,18944,12,495409462
19819,167993460,214788841,382782301,0,0,0,84480,14,9589426665
19820,168202201,214460675,382662876,2,0,0,3072,12,8017588104
19821,168265629,224184439,392450068,4,0,1,1024,12,5550172898
19822,168272921,215361470,383634391,2,0,0,25600,12,9988414487
19823,168280169,224182215,392462384,6,0,1,44032,12,9684580812
19824,168285340,215510409,383795749,0,0,0,27648,14,3114979402
19825,168298321,214447929,382746250,2,0,0,16384,12,8374578827
19826,168300150,215615945,383916095,6,0,0,28672,12,2632473655
19827,168312380,214483539,382795919,6,0,0,8192,12,3954229262
19828,168329330,214875669,383204999,0,0,0,142336,14,1963603876
19829,168436720,224033076,392469796,2,0,1,11776,12,10248757837
19830,168449110,214763868,383212978,0,0,0,26112,14,6771150841
19831,168492500,215505467,383997967,0,0,0,31744,14,5722199371
19832,168536380,214876004,383412384,6,0,0,67072,12,10541381822
19833,168548741,214843176,383391917,2,0,0,50176,12,8545295289
19834,168602590,215463747,384066337,0,0,0,28160,14,6267408956
19835,168607971,215895704,384503675,2,0,0,44032,12,5192580403
19836,168637260,215825497,384462757,6,0,0,532480,12,1544988500
19837,168645369,223825093,392470462,4,0,1,11264,12,7183261747
19838,168657440,223824446,392481886,0,0,1,40960,14,1372616837
19839,168686961,215958259,384645220,2,0,0,29696,12,3007232053
19840,168723460,216019613,384743073,0,0,0,51712,14,10692359135
19841,168738980,223757641,392496621,0,0,1,46592,14,3731217659
19842,168765020,216430038,385195058,6,0,0,881152,12,8301494919
19843,168772300,216473422,385245722,0,0,0,45056,14,6258906617
19844,168790820,214822777,383613597,6,0,0,89600,12,2339174767
19845,168822470,223725190,392547660,0,0,1,59904,14,1924463599
19846,168837970,215449397,384287367,0,0,0,150016,14,8332947973
19847,168872360,215264520,384136880,4,0,0,48640,12,4689081481
19848,168889620,215214723,384104343,0,0,0,33280,14,4446528967
19849,168929780,214800476,383730256,4,0,0,77824,12,8494049374
19850,168970799,223599588,392570387,6,0,1,43008,12,3407286738
19851,168985520,214445311,383430831,6,0,0,35328,12,4005111827
19852,169000120,214626448,383626568,0,0,0,42496,14,7508888735
19853,169008520,214726794,383735314,0,0,0,2560,14,7242342888
19854,169053340,223523460,392576800,0,0,1,22528,14,4540964843
19855,169145430,214641872,383787302,0,0,0,74240,14,133193040
19856,169148080,215152414,384300494,0,0,0,43008,14,7228830305
19857,169149690,216791138,385940828,4,0,0,1235968,12,2722276183
19858,169185679,223398020,392583699,6,0,1,4608,12,7594010885
19859,169186310,214498868,383685178,4,0,0,10240,12,10694738247
19860,169188640,215042028,384230668,6,0,0,11776,12,4031931879
19861,169198860,223426617,392625477,0,0,1,39936,14,6094533064
19862,169212369,223419351,392631720,4,0,1,4096,12,189113133
19863,169280460,215646099,384926559,4,0,0,73728,12,4825110939
19864,169281050,216077436,385358486,6,0,0,16384,12,4638446002
19865,169283420,215525461,384808881,0,0,0,22528,14,7830607334
19866,169292760,223342826,392635586,0,0,1,6144,14,9259355169
19867,169308760,223329195,392637955,0,0,1,16384,14,3207174050
19868,169318170,215941331,385259501,0,0,0,22528,14,7847219851
19869,169348680,216655732,386004412,6,0,0,92160,12,10508450837
19870,169361650,215483308,384844958,6,0,0,34304,12,117189605
19871,169362359,223280781,392643140,6,0,1,24576,12,8134680744
19872,169385189,223264826,392650015,6,0,1,32768,12,7385599447
19873,169399550,216016144,385415694,0,0,0,47104,14,9733001083
19874,169422740,215067496,384490236,6,0,0,90112,12,6509785067
19875,169424160,214772499,384196659,0,0,0,23040,14,3636093266
19876,169488459,223162786,392651245,6,0,1,22016,12,9379445158
19877,169489590,215719242,385208832,4,0,0,45056,12,7425000600
19878,169493350,215022204,384515554,6,0,0,38912,12,1718057582
19879,169502610,215299384,384801994,0,0,0,56832,14,7087972331
19880,169547400,215008937,384556337,6,0,0,58880,12,6126450577
19881,169578620,215313006,384891626,6,0,0,62464,12,10497162840
19882,169612610,215062253,384674863,0,0,0,17408,14,1653499275
19883,169618620,215881116,385499736,0,0,0,44544,14,1776912311
19884,169656640,214934238,384590878,0,0,0,21504,14,2397386049
19885,169665880,215206691,384872571,0,0,0,57856,14,6084170089
19886,169688160,215127941,384816101,6,0,0,10240,12,9419627650
19887,169693350,215527673,385221023,6,0,0,39936,12,4596721354
19888,169752860,216223449,385976309,0,0,0,27648,14,2852121759
19889,169810030,215484888,385294918,6,0,0,27136,12,4981037508
19890,169815870,215458318,385274188,0,0,0,48128,14,1567652431
19891,169845750,216111481,385957231,6,0,0,53760,12,437281321
19892,169849240,215591616,385440856,4,0,0,1024,12,1151627221
19893,169855410,215045466,384900876,6,0,0,30208,12,7006376797
19894,169964799,222687970,392652769,6,0,1,9216,12,4551311051
19895,170018400,216001190,386019590,4,0,0,1536,12,1744270245
19896,170082709,222606707,392689416,6,0,1,54784,12,7353478024
19897,170100380,215131591,385231971,6,0,0,35328,12,4801791939
19898,170168340,215272181,385440521,4,0,0,81408,12,1818372650
19899,170193390,215059155,385252545,4,0,0,7680,12,10141015501
19900,170200180,215050002,385250182,6,0,0,14336,12,6625244298
19901,170215690,215064153,385279843,4,0,0,18432,12,8490197510
19902,170236480,215287008,385523488,4,0,0,7680,12,3560813514
19903,170242290,215725572,385967862,4,0,0,34816,12,10507621122
19904,170242339,222480848,392723187,4,0,1,21504,12,7184454475
19905,170253360,215130475,385383835,6,0,0,12288,12,5441172502
19906,170321960,215726247,386048207,6,0,0,49152,12,10377998352
19907,170328060,215890232,386218292,6,0,0,39936,12,6735327792
19908,170380070,215069527,385449597,4,0,0,4096,12,2142033624
19909,170387160,214966311,385353471,6,0,0,82944,12,3673375389
19910,170455330,215676427,386131757,4,0,0,36864,12,9301117761
19911,170556030,215507488,386063518,4,0,0,50176,12,5129908649
19912,170683450,215846291,386529741,4,0,0,60416,12,2163574602
19913,170684410,215788166,386472576,4,0,0,609280,12,3868175155
19914,170710990,214791577,385502567,4,0,0,9216,12,621302972
19915,170726989,221996498,392723487,4,0,1,8704,12,2221570992
19916,170791830,215294431,386086261,4,0,0,47616,12,7775267862
19917,170839000,215224853,386063853,4,0,0,1024,12,8578668703
19918,170859049,221864797,392723846,4,0,1,9728,12,6668472126
19919,171017960,215001139,386019099,4,0,0,48128,12,9411887500
19920,171067880,215098134,386166014,4,0,0,50688,12,9307530585
19921,171095260,215485562,386580822,4,0,0,106496,12,1722494839
19922,171137770,214368096,385505866,4,0,0,10752,12,8353919973
19923,171148480,215335819,386484299,4,0,0,38400,12,10162344926
19924,171267819,221464113,392731932,4,0,1,2560,12,1100145910
19925,171368330,214911005,386279335,4,0,0,23552,12,443907799
19926,171406080,214727432,386133512,4,0,0,5632,12,5901806774
19927,171521790,215081550,386603340,4,0,0,33280,12,8805992276
19928,171524830,214508378,386033208,4,0,0,19456,12,4803493624
19929,171776600,214333575,386110175,4,0,0,44032,12,2146818490
19930,171816490,214255240,386071730,4,0,0,6144,12,6995992225
19931,171908550,214158602,386067152,4,0,0,10752,12,6392300338
19932,171936590,214213957,386150547,4,0,0,55808,12,3660743928
19933,171948270,214592102,386540372,4,0,0,34816,12,1237227295
19934,172269750,214539946,386809696,4,0,0,154624,12,1854646995
19935,172327389,220409049,392736438,4,0,1,7168,12,752632006
19936,172482600,213637894,386120494,4,0,0,33792,12,1643519733
19937,172632110,214190237,386822347,4,0,0,41472,12,8670997152
19938,172674460,213961351,386635811,4,0,0,106496,12,8385169914
19939,172709400,213317857,386027257,4,0,0,25088,12,8478853874
19940,172917870,213151965,386069835,4,0,0,8704,12,3325336688
19941,172965849,219805798,392771647,4,0,1,24576,12,451480161
19942,173172870,213587648,386760518,4,0,0,24576,12,9224006938
19943,173274570,213318599,386593169,4,0,0,40448,12,6720967731
19944,173295420,212801316,386096736,4,0,0,34304,12,7171734709
19945,173344239,219429522,392773761,4,0,1,14336,12,5780231159
19946,173396919,219392419,392789338,4,0,1,22016,12,1809570818
19947,173411190,212839754,386250944,4,0,0,27648,12,1300459032
19948,173505240,212675648,386180888,4,0,0,27648,12,4189721250
19949,173698320,212544177,386242497,4,0,0,41984,12,10400335462
19950,173704550,212958840,386663390,4,0,0,56832,12,861352663
19951,173762870,212785481,386548351,4,0,0,26112,12,2418532696
19952,173793510,212378923,386172433,4,0,0,20992,12,9756517871
19953,173824940,213202982,387027922,4,0,0,47616,12,10614949424
19954,173842439,218950445,392792884,4,0,1,5632,12,235583374
19955,173872830,212794795,386667625,4,0,0,13824,12,5072358987
19956,173886970,213006545,386893515,4,0,0,32256,12,6984774660
19957,173976890,212665808,386642698,4,0,0,22528,12,4286962203
19958,174081480,212429830,386511310,4,0,0,88576,12,645503421
19959,174156390,212110539,386266929,4,0,0,11264,12,1805143648
19960,174253549,218544507,392798056,4,0,1,8192,12,2953384023
19961,174387340,212941391,387328731,4,0,0,144896,12,5737735737
19962,174392750,212584807,386977557,4,0,0,135168,12,5418423542
19963,174466850,212214089,386680939,4,0,0,8192,12,10342430726
19964,174511000,212167412,386678412,4,0,0,35328,12,9955989433
19965,174581019,218221863,392802882,4,0,1,7680,12,10499509284
19966,174797140,211965421,386762561,4,0,0,6656,12,2664529529
19967,174835879,217970869,392806748,4,0,1,18432,12,9581397300
19968,175072930,212029155,387102085,4,0,0,89088,12,9847371563
19969,175205109,217611858,392816967,4,0,1,23552,12,9109009332
19970,175214010,212016336,387230346,4,0,0,143872,12,9730594868
19971,175309430,212071202,387380632,4,0,0,98304,12,5125877487
19972,175319120,211659856,386978976,4,0,0,4608,12,7376932679
19973,175373379,217448677,392822056,4,0,1,4096,12,5904924
19974,175482670,211519620,387002290,4,0,0,18944,12,6914833176
19975,175515720,211406495,386922215,4,0,0,12800,12,7160346626
19976,175586569,217240979,392827548,4,0,1,17920,12,1329086269
19977,175682229,217154702,392836931,4,0,1,3584,12,8361533475
19978,175712490,210931190,386643680,4,0,0,3072,12,5309888588
19979,175751760,211319391,387071151,4,0,0,7680,12,835049205
19980,175913880,211238638,387152518,4,0,0,63488,12,6517820071
19981,175917130,210728921,386646051,4,0,0,7680,12,6522870660
19982,176010710,211273858,387284568,4,0,0,28672,12,5885288940
19983,176041739,216811109,392852848,4,0,1,14336,12,434141160
19984,176086250,211303115,387389365,4,0,0,8192,12,10230933075
19985,176100630,210884445,386985075,4,0,0,19968,12,6085735839
19986,176143400,210609615,386753015,4,0,0,14336,12,7864112350
19987,176172660,210888082,387060742,4,0,0,19456,12,7956462815
19988,176191370,210936626,387127996,4,0,0,84992,12,8837322856
19989,176252659,216602711,392855370,4,0,1,12800,12,7069920427
19990,176254080,210749473,387003553,4,0,0,4096,12,3501476293
19991,176326220,210932110,387258330,4,0,0,91648,12,2219238210
19992,176342120,210933697,387275817,4,0,0,57344,12,4933527193
19993,176441759,216415199,392856958,4,0,1,15872,12,10278857387
19994,176443330,210689829,387133159,4,0,0,16896,12,8441224968
19995,176449180,210982158,387431338,4,0,0,1536,12,9368671555
19996,176527840,210526959,387054799,4,0,0,3072,12,423988855
19997,176616590,210437243,387053833,4,0,0,84992,12,6035826825
19998,176673510,210656358,387329868,4,0,0,3584,12,2184636830
19999,176864109,216003846,392867955,4,0,1,25600,12,1841210928
