RequestID,ArrivalTime,DelayTime,FinishTime,InitiatorID,TargetID,IOType,Size,VolumeID,Offset
0,0,43968,43968,0,0,0,512,17,2346748101
1,1,92148,92149,2,0,0,17408,18,2919940986
2,2,5475,5477,9,0,1,13312,17,3886424637
3,3,66897,66900,8,0,0,10240,13,4196531153
4,4,112701,112705,4,0,0,44544,7,5772317485
5,5,8230,8235,1,0,1,4096,0,9666950556
6,6,336238,336244,5,0,0,56832,10,7551407119
7,7,94341,94348,7,0,0,7168,19,10690489599
8,8,233159,233167,6,0,0,45568,19,4508587884
9,9,501196,501205,3,0,0,24576,13,6393051482
10,4240,136050,140290,6,0,0,7680,19,101071678
11,18410,136787,155197,4,0,0,32768,7,2991462515
12,23000,137750,160750,3,0,0,14336,13,3411211823
13,45601,242310,287911,1,0,0,12800,0,5879517723
14,56621,308032,364653,1,0,0,15360,0,2857276856
15,68060,272021,340081,0,0,0,3072,17,3258924174
16,77150,702323,779473,6,0,0,63488,19,1517612563
17,85980,8383,94363,7,0,1,3072,19,2389382378
18,92640,196291,288931,0,0,0,1024,17,5682298640
19,104881,214032,318913,1,0,0,13312,0,7701588869
20,105140,252661,357801,6,0,0,28160,19,8448326019
21,122450,69812,192262,6,0,0,4608,19,8982740241
22,125260,15053,140313,9,0,1,24064,17,5803297774
23,127791,542936,670727,9,0,0,64000,17,10582603314
24,135400,342873,478273,7,0,0,14848,19,1000580243
25,138590,5337,143927,9,0,1,10240,17,3849830007
26,140460,435669,576129,2,0,0,26624,18,4350434224
27,141140,14080,155220,4,0,1,14336,7,4886084472
28,142750,239546,382296,4,0,0,57856,7,1393931419
29,147780,191350,339130,6,0,0,6656,19,8909227274
30,156341,180722,337063,1,0,0,2560,0,4719935359
31,161660,3387,165047,4,0,1,9728,7,1999092246
32,180620,203407,384027,2,0,0,5632,18,931382072
33,187750,4527,192277,4,0,1,4096,7,2582926896
34,210061,307826,517887,1,0,0,28160,0,10538705834
35,210910,427635,638545,6,0,0,81408,19,4486140170
36,218021,249824,467845,9,0,0,51200,17,1190271756
37,238261,153662,391923,9,0,0,5632,17,6534791388
38,242249,1042,243291,0,0,1,1024,17,8067232605
39,255720,334162,589882,0,0,0,17920,17,4140248743
40,257351,307394,564745,9,0,0,512,17,7178724938
41,258361,182289,440650,9,0,0,14336,17,5891407063
42,263610,387586,651196,7,0,0,41472,19,7675013495
43,268590,173635,442225,7,0,0,5120,19,1460545762
44,273939,566,274505,5,0,1,512,10,4673147608
45,277399,5971,283370,0,0,1,14848,17,6096379990
46,298860,3898,302758,3,0,1,4096,13,6069650924
47,318150,264405,582555,4,0,0,16384,7,1057163504
48,321030,148702,469732,2,0,0,6144,18,348850050
49,322290,228382,550672,0,0,0,16384,17,1359486406
50,326070,424279,750349,0,0,0,43520,17,940407145
51,326459,18431,344890,2,0,1,5120,18,8855002412
52,327020,503267,830287,6,0,0,17408,19,7476911210
53,351830,260771,612601,0,0,0,50176,17,2325985525
54,354420,614267,968687,6,0,0,16384,19,3291329871
55,365000,212548,577548,3,0,0,4608,13,4502650523
56,385140,288292,673432,2,0,0,4608,18,8662965503
57,389810,307955,697765,8,0,0,32256,13,6364704354
58,392401,343201,735602,1,0,0,4096,0,3608833720
59,405050,185479,590529,3,0,0,2048,13,6645884124
60,422400,249613,672013,4,0,0,4096,7,9116537247
61,429800,295431,725231,6,0,0,32256,19,3759558650
62,447769,3898,451667,5,0,1,4096,10,8389776586
63,455650,28661,484311,4,0,1,28160,7,9896388436
64,463470,26128,489598,9,0,1,16896,17,1851815954
65,468410,37775,506185,7,0,1,37376,19,9538950754
66,485800,273612,759412,2,0,0,29696,18,7044306391
67,499260,177463,676723,3,0,0,10752,13,8272527414
68,542100,241920,784020,8,0,0,14848,13,1738742296
69,544370,6317,550687,3,0,1,4608,13,6444718093
70,558789,2946,561735,2,0,1,3072,18,10267455549
71,571320,308230,879550,8,0,0,37376,13,10365386943
72,571780,18780,590560,8,0,1,8192,13,1069092642
73,574330,125790,700120,5,0,0,7680,10,2840902361
74,583890,535535,1119425,5,0,0,30208,10,8863397618
75,586490,343674,930164,3,0,0,67072,13,897985290
76,589091,244352,833443,1,0,0,2560,0,472636056
77,591640,457735,1049375,2,0,0,12800,18,10324850719
78,594750,366247,960997,8,0,0,41984,13,9023037768
79,598160,539855,1138015,7,0,0,44544,19,9099092495
80,603971,367227,971198,1,0,0,8192,0,4404570959
81,605909,64841,670750,5,0,1,19456,10,1975973334
82,615230,320269,935499,2,0,0,17408,18,4678220491
83,618390,233119,851509,5,0,0,33280,10,4344888558
84,623170,340510,963680,3,0,0,8704,13,9864451736
85,657940,560901,1218841,8,0,0,18432,13,6198645329
86,659190,140540,799730,7,0,0,5632,19,1341577899
87,680820,259757,940577,0,0,0,9728,17,6924982312
88,682479,2470,684949,5,0,1,2560,10,4219818347
89,716870,11316,728186,9,0,1,3072,17,1387340839
90,724090,144034,868124,0,0,0,19968,17,3456120253
91,729931,604152,1334083,9,0,0,2560,17,10014864127
92,759250,309082,1068332,2,0,0,19456,18,588264389
93,766680,208129,974809,7,0,0,11776,19,10181161231
94,769140,329600,1098740,5,0,0,68608,10,8601703731
95,786420,542789,1329209,7,0,0,73216,19,6048708183
96,794440,512446,1306886,6,0,0,72704,19,10727775548
97,806050,583209,1389259,0,0,0,37888,17,8030479823
98,811210,7230,818440,4,0,1,7680,7,3576006372
99,818570,386623,1205193,6,0,0,45056,19,1278202567
100,831691,273944,1105635,9,0,0,22528,17,6588223117
101,850090,8165,858255,1,0,1,7168,0,407909289
102,860930,7217,868147,7,0,1,5120,19,6296236961
103,863610,282703,1146313,0,0,0,14848,17,7326808105
104,881850,456468,1338318,5,0,0,13824,10,656856457
105,887980,265204,1153184,0,0,0,5632,17,10717494433
106,889149,2470,891619,0,0,1,2560,17,10531241745
107,889340,332636,1221976,2,0,0,10240,18,1914849971
108,890380,3128,893508,4,0,1,9216,7,1843673060
109,895630,12308,907938,1,0,1,20480,0,1683379709
110,899190,9619,908809,4,0,1,12288,7,7442877681
111,908410,329237,1237647,5,0,0,14336,10,1749310917
112,913681,530741,1444422,1,0,0,9728,0,8651013838
113,914971,195227,1110198,9,0,0,14848,17,9453803770
114,929090,619584,1548674,2,0,0,22528,18,1832247998
115,933590,273022,1206612,2,0,0,4608,18,9626370600
116,934611,476971,1411582,9,0,0,73216,17,8071104082
117,936181,397099,1333280,9,0,0,13312,17,502077423
118,939411,313219,1252630,1,0,0,1536,0,2776238652
119,945540,413073,1358613,8,0,0,8704,13,8044886169
120,950330,394251,1344581,4,0,0,20480,7,9763180613
121,950620,403844,1354464,6,0,0,32256,19,9331139753
122,958569,19844,978413,2,0,1,10240,18,3696181812
123,982541,3904,986445,6,0,1,10752,19,7326726041
124,982870,269277,1252147,2,0,0,5632,18,10316599148
125,1000961,462687,1463648,1,0,0,37376,0,4027762939
126,1003851,437569,1441420,9,0,0,36864,17,5740705527
127,1016969,5454,1022423,5,0,1,13824,10,9285830493
128,1025800,397069,1422869,5,0,0,36864,10,1753271094
129,1040460,389713,1430173,5,0,0,9728,10,1804903935
130,1041420,12566,1053986,4,0,1,20992,7,6028875031
131,1048239,6720,1054959,5,0,1,12800,10,3055198027
132,1068790,741395,1810185,5,0,0,53248,10,9994802326
133,1076380,704845,1781225,0,0,0,30720,17,1071604900
134,1078130,733810,1811940,2,0,0,5632,18,9788859970
135,1088061,31387,1119448,6,0,1,6144,19,2598836874
136,1091150,264741,1355891,6,0,0,4608,19,1582176930
137,1103990,364853,1468843,4,0,0,16896,7,945390576
138,1105230,641627,1746857,4,0,0,8192,7,684647486
139,1109020,546964,1655984,0,0,0,35840,17,4653032094
140,1118210,506948,1625158,0,0,0,33792,17,9579451263
141,1129150,372250,1501400,5,0,0,6656,10,8447663240
142,1140350,346522,1486872,4,0,0,13312,7,4558860618
143,1148340,1518,1149858,4,0,1,1536,7,1830484633
144,1168000,3898,1171898,4,0,1,4096,7,6044995493
145,1180020,315446,1495466,8,0,0,9216,13,10349764297
146,1184170,414106,1598276,5,0,0,14336,10,6260005432
147,1184250,587600,1771850,0,0,0,26112,17,2999450711
148,1203451,311568,1515019,1,0,0,14848,0,2599912200
149,1215180,8306,1223486,3,0,1,1536,13,4558358031
150,1232190,639619,1871809,4,0,0,72704,7,7585966822
151,1237650,214595,1452245,5,0,0,25600,10,6217986358
152,1242670,551268,1793938,2,0,0,10240,18,6293909169
153,1242750,596558,1839308,5,0,0,24576,10,1998354466
154,1245310,661749,1907059,5,0,0,15872,10,6305896135
155,1262010,668978,1930988,4,0,0,5632,7,10505875762
156,1269840,693428,1963268,4,0,0,10752,7,1566587454
157,1276731,788407,2065138,9,0,0,60416,17,5445413139
158,1278160,358702,1636862,8,0,0,13824,13,1049157464
159,1311541,212490,1524031,9,0,0,4096,17,2137799695
160,1316380,39566,1355946,4,0,1,12800,7,9235327826
161,1322721,497759,1820480,1,0,0,18944,0,177024208
162,1329150,460358,1789508,2,0,0,27136,18,10716504951
163,1329830,295670,1625500,4,0,0,1024,7,9321941329
164,1330380,750842,2081222,6,0,0,21504,19,4096150036
165,1332370,36783,1369153,7,0,1,25600,19,3473806457
166,1337211,709504,2046715,9,0,0,54272,17,1832859498
167,1342689,27450,1370139,2,0,1,1536,18,7719947210
168,1343130,222782,1565912,3,0,0,24064,13,9224322353
169,1347320,954596,2301916,3,0,0,5120,13,10191562692
170,1349090,394383,1743473,4,0,0,7168,7,4575167782
171,1362930,741295,2104225,0,0,0,60416,17,10091968459
172,1363050,7243,1370293,9,0,1,8704,17,4308647506
173,1363371,554935,1918306,9,0,0,36864,17,7969034229
174,1387550,797614,2185164,2,0,0,49152,18,7564119454
175,1390461,779712,2170173,9,0,0,33792,17,7208669283
176,1399001,42442,1441443,6,0,1,6144,19,7673520075
177,1404040,802994,2207034,6,0,0,71680,19,8734778415
178,1405350,301034,1706384,5,0,0,39936,10,3212023732
179,1426820,363967,1790787,6,0,0,4096,19,9584559663
180,1428520,815817,2244337,7,0,0,84480,19,9715821098
181,1434280,34586,1468866,3,0,1,10240,13,9019658452
182,1438921,668330,2107251,1,0,0,8192,0,7122668133
183,1447960,656772,2104732,3,0,0,1536,13,1184104409
184,1449560,19808,1469368,9,0,1,512,17,2041712131
185,1474741,413814,1888555,9,0,0,512,17,2108392420
186,1475110,3904,1479014,9,0,1,10752,17,7891675457
187,1494221,1803,1496024,6,0,1,512,19,10630966657
188,1495639,1066,1496705,0,0,1,1024,17,10687308984
189,1496231,459975,1956206,9,0,0,9216,17,10186991159
190,1499861,2573,1502434,6,0,1,1024,19,4871760403
191,1502000,7706,1509706,3,0,1,8192,13,7756619990
192,1505840,1119304,2625144,7,0,0,10240,19,2601329750
193,1508310,699527,2207837,6,0,0,2560,19,9678960471
194,1518281,980686,2498967,1,0,0,38400,0,1777512760
195,1525800,374403,1900203,6,0,0,3072,19,6900779916
196,1529800,284823,1814623,8,0,0,8704,13,3849775486
197,1543211,1462950,3006161,1,0,0,70144,0,6649332014
198,1544330,1345881,2890211,5,0,0,48640,10,9467059844
199,1545520,529135,2074655,3,0,0,7680,13,10005503196
200,1547240,806023,2353263,2,0,0,11264,18,6194287493
201,1551010,423551,1974561,6,0,0,6144,19,2718507171
202,1556020,1518,1557538,9,0,1,1536,17,9674916346
203,1563430,1191800,2755230,5,0,0,32768,10,6743466562
204,1571430,310473,1881903,8,0,0,5632,13,6698825122
205,1576991,949861,2526852,9,0,0,512,17,6520791536
206,1587960,847878,2435838,4,0,0,17408,7,4395247710
207,1594110,373650,1967760,8,0,0,9216,13,3907336810
208,1598820,10499,1609319,8,0,1,16896,13,4495579132
209,1602020,911504,2513524,8,0,0,11776,13,8556689101
210,1604990,1530357,3135347,0,0,0,64512,17,3535820667
211,1611210,13963,1625173,1,0,1,11776,0,6113047922
212,1626440,670323,2296763,5,0,0,24576,10,2100419835
213,1637410,870042,2507452,2,0,0,6656,18,1437987661
214,1648681,1297073,2945754,9,0,0,39936,17,736471813
215,1650091,11236,1661327,6,0,1,5632,19,2170232838
216,1666339,12049,1678388,2,0,1,19968,18,9066706361
217,1683130,269721,1952851,3,0,0,512,13,6293072840
218,1689090,4850,1693940,8,0,1,5120,13,5984447481
219,1689650,709673,2399323,0,0,0,87552,17,9743419451
220,1690860,422439,2113299,6,0,0,6656,19,1699452834
221,1705770,2124,1707894,1,0,1,1536,0,532869391
222,1709370,1608618,3317988,6,0,0,54272,19,8094318377
223,1714360,790410,2504770,5,0,0,18944,10,6889387935
224,1729790,341603,2071393,2,0,0,20480,18,1618472352
225,1733900,746317,2480217,8,0,0,53760,13,4811386460
226,1748760,566809,2315569,6,0,0,7168,19,10394842292
227,1759970,325339,2085309,8,0,0,13312,13,1729315586
228,1770651,301649,2072300,1,0,0,2560,0,7884271425
229,1772200,1120857,2893057,3,0,0,9216,13,2574749046
230,1779750,550833,2330583,6,0,0,11776,19,4487823017
231,1785290,1238871,3024161,7,0,0,15872,19,10456832435
232,1792410,893959,2686369,6,0,0,17408,19,5230749307
233,1798631,770544,2569175,9,0,0,36352,17,2032887940
234,1799131,1062167,2861298,9,0,0,53248,17,6897192748
235,1800680,893363,2694043,2,0,0,15872,18,9648074363
236,1805240,34099,1839339,7,0,1,40960,19,7563572869
237,1809970,32620,1842590,4,0,1,8192,7,5658739780
238,1820830,492540,2313370,4,0,0,24064,7,322648316
239,1821820,1269277,3091097,7,0,0,44544,19,9388881995
240,1822580,606007,2428587,5,0,0,21504,10,6305853099
241,1827379,20908,1848287,2,0,1,18944,18,3409075642
242,1831561,1180870,3012431,1,0,0,20480,0,1594864340
243,1835320,36504,1871824,3,0,1,3072,13,5121993688
244,1839310,1433779,3273089,2,0,0,81920,18,10676102004
245,1852001,520631,2372632,1,0,0,50688,0,9979114703
246,1861860,1415969,3277829,3,0,0,11776,13,2436048814
247,1864120,14542,1878662,8,0,1,7168,13,6471983119
248,1869110,12816,1881926,3,0,1,3072,13,6492448690
249,1869880,743517,2613397,0,0,0,22016,17,801820022
250,1880330,1068411,2948741,7,0,0,9728,19,8126830790
251,1882900,798150,2681050,7,0,0,26112,19,8639304653
252,1891549,1994,1893543,2,0,1,2048,18,1658911330
253,1899970,185526,2085496,3,0,0,512,13,333895691
254,1907089,15155,1922244,0,0,1,10752,17,8125512475
255,1908190,866718,2774908,0,0,0,20480,17,8323197136
256,1910969,14034,1925003,5,0,1,9728,10,7889292300
257,1921100,6657,1927757,8,0,1,9216,13,6339275787
258,1936740,277474,2214214,6,0,0,6144,19,4756797713
259,1939860,482160,2422020,3,0,0,20480,13,8538366512
260,1943610,1279466,3223076,4,0,0,36864,7,8039790714
261,1961990,167949,2129939,7,0,1,274432,19,4543527665
262,1964070,750828,2714898,0,0,0,49152,17,1668499754
263,1966960,443503,2410463,7,0,0,17408,19,1194823683
264,1971061,1312578,3283639,9,0,0,6656,17,3178648978
265,1974951,364921,2339872,1,0,0,8704,0,26893260
266,1984920,605105,2590025,2,0,0,10752,18,2522322450
267,1987681,1476170,3463851,1,0,0,20992,0,3744109455
268,1991479,140086,2131565,2,0,1,2560,18,2169941726
269,1996290,530383,2526673,4,0,0,27648,7,2937674423
270,2012551,1444859,3457410,1,0,0,36864,0,6858773094
271,2019681,1665879,3685560,9,0,0,77824,17,9969231469
272,2022550,1378380,3400930,8,0,0,1024,13,5299848585
273,2027220,1319018,3346238,6,0,0,7680,19,969166015
274,2028401,1887121,3915522,1,0,0,17920,0,7269985169
275,2035610,1105368,3140978,4,0,0,18432,7,154054586
276,2064340,1147489,3211829,8,0,0,62464,13,3498055019
277,2064661,493415,2558076,1,0,0,31232,0,3994048026
278,2072959,59592,2132551,2,0,1,1536,18,857205064
279,2075360,328042,2403402,0,0,0,13312,17,3854776040
280,2076490,707306,2783796,3,0,0,27136,13,4094679604
281,2078570,408682,2487252,4,0,0,23040,7,9009841690
282,2086080,963038,3049118,5,0,0,23040,10,3190715167
283,2090100,1154564,3244664,4,0,0,24064,7,816049754
284,2091220,490580,2581800,3,0,0,13312,13,9702708789
285,2103490,1240393,3343883,8,0,0,5632,13,9428538287
286,2103720,338492,2442212,2,0,0,6656,18,7484605968
287,2109720,733436,2843156,2,0,0,52224,18,8582927648
288,2120910,1879041,3999951,8,0,0,28672,13,8310520947
289,2121190,994237,3115427,7,0,0,8192,19,7667026287
290,2128650,376759,2505409,3,0,0,2048,13,786109198
291,2139411,1668639,3808050,1,0,0,67584,0,8409601730
292,2140220,1431910,3572130,0,0,0,4096,17,7903337904
293,2156570,28609,2185179,4,0,1,15872,7,7221825187
294,2170949,39867,2210816,2,0,1,8704,18,7908927481
295,2192220,909641,3101861,7,0,0,14336,19,3024036499
296,2192639,51713,2244352,5,0,1,16384,10,3521237834
297,2196010,244159,2440169,2,0,0,4096,18,6273506474
298,2197250,1974724,4171974,3,0,0,18944,13,98548877
299,2202350,328293,2530643,3,0,0,512,13,1311358216
300,2206090,1380873,3586963,6,0,0,16896,19,8877249412
301,2210330,418573,2628903,8,0,0,12288,13,1477819638
302,2214450,821088,3035538,4,0,0,3072,7,163278882
303,2221480,33172,2254652,4,0,1,16384,7,5885399016
304,2224361,1595568,3819929,9,0,0,38912,17,1683325057
305,2225410,747119,2972529,7,0,0,10240,19,6904477528
306,2234779,20539,2255318,5,0,1,1024,10,3480530985
307,2246830,10754,2257584,3,0,1,3584,13,746083061
308,2252240,354434,2606674,3,0,0,18944,13,9125247392
309,2256600,1430691,3687291,0,0,0,5632,17,1726402396
310,2257980,1355349,3613329,6,0,0,53760,19,8890137792
311,2260861,247542,2508403,9,0,0,3072,17,8064639234
312,2263561,1693525,3957086,1,0,0,84992,0,6384152874
313,2263740,705654,2969394,3,0,0,30208,13,6695697431
314,2266680,546774,2813454,3,0,0,2048,13,5427537004
315,2275550,1342006,3617556,8,0,0,13824,13,9412942698
316,2285680,1878620,4164300,7,0,0,41472,19,574826157
317,2289810,735614,3025424,4,0,0,4096,7,3217014032
318,2291850,397342,2689192,3,0,0,9216,13,9846292894
319,2297580,1779036,4076616,0,0,0,12288,17,7140478415
320,2303890,15837,2319727,3,0,1,30720,13,4008772802
321,2304191,771247,3075438,1,0,0,28160,0,4504593194
322,2304349,17324,2321673,2,0,1,3072,18,1960858159
323,2325830,2148835,4474665,4,0,0,10240,7,4948299957
324,2325910,566,2326476,4,0,1,512,7,1849419972
325,2337390,8703,2346093,4,0,1,15360,7,188111071
326,2343470,2480276,4823746,3,0,0,62976,13,6853194030
327,2345810,481404,2827214,6,0,0,35328,19,444403189
328,2372710,1364264,3736974,3,0,0,67072,13,1589754513
329,2374110,498049,2872159,2,0,0,16896,18,9471536378
330,2374561,470490,2845051,9,0,0,6144,17,5512821802
331,2384651,25827,2410478,6,0,1,3584,19,475377240
332,2403010,517897,2920907,6,0,0,9728,19,6564158217
333,2427460,591850,3019310,2,0,0,22528,18,7765012295
334,2437770,675131,3112901,4,0,0,10240,7,6716011669
335,2443851,1098849,3542700,9,0,0,24576,17,3281951929
336,2482261,660604,3142865,9,0,0,6144,17,10395803180
337,2482940,917663,3400603,0,0,0,22528,17,5592176476
338,2505571,2013417,4518988,9,0,0,9216,17,6240867803
339,2506350,878269,3384619,4,0,0,20480,7,9881000307
340,2512011,519824,3031835,9,0,0,20992,17,3322840268
341,2513380,1772978,4286358,8,0,0,22528,13,6896480663
342,2518100,460224,2978324,4,0,0,18944,7,1205688737
343,2519741,706470,3226211,9,0,0,10240,17,7697988758
344,2527520,621288,3148808,7,0,0,19456,19,799058159
345,2535270,382658,2917928,5,0,0,14336,10,1398413780
346,2547971,1357693,3905664,9,0,0,44032,17,768557257
347,2548090,684844,3232934,3,0,0,22016,13,3344713253
348,2555021,538431,3093452,1,0,0,7680,0,8066181652
349,2572141,1024793,3596934,1,0,0,19968,0,8948235183
350,2573150,2003824,4576974,0,0,0,41472,17,349584048
351,2576950,1118203,3695153,3,0,0,12288,13,2857091729
352,2591450,654097,3245547,4,0,0,2560,7,3603665807
353,2591951,172742,2764693,1,0,0,3072,0,9440056590
354,2599070,1728344,4327414,7,0,0,1536,19,10433136061
355,2607710,1163438,3771148,3,0,0,17920,13,10396855358
356,2613180,1767573,4380753,3,0,0,66560,13,2544405453
357,2619780,1132029,3751809,3,0,0,48640,13,8328755490
358,2631751,526816,3158567,9,0,0,2048,17,5974007539
359,2634990,1518,2636508,4,0,1,1536,7,10407844945
360,2658601,5196,2663797,6,0,1,13312,19,7196332002
361,2660539,9414,2669953,0,0,1,7680,17,1059057975
362,2661390,446682,3108072,8,0,0,3072,13,4706261557
363,2678900,1541481,4220381,7,0,0,41984,19,8129954870
364,2682850,350888,3033738,0,0,0,6144,17,3279359754
365,2683741,1238660,3922401,9,0,0,22528,17,7125898388
366,2708551,58630,2767181,6,0,1,84992,19,6638990481
367,2717400,1135458,3852858,7,0,0,24576,19,5749976137
368,2723451,1923393,4646844,1,0,0,62976,0,4821894308
369,2725920,49019,2774939,4,0,1,20480,7,10229148824
370,2732560,1738635,4471195,6,0,0,4096,19,2524881372
371,2740301,1690307,4430608,1,0,0,21504,0,3661910464
372,2740400,496917,3237317,4,0,0,14336,7,3652248575
373,2743480,1322302,4065782,3,0,0,37888,13,1624670339
374,2744270,1875290,4619560,6,0,0,44544,19,3406545874
375,2755809,28002,2783811,0,0,1,24576,17,8187747607
376,2757870,950287,3708157,4,0,0,10240,7,9644945777
377,2767540,819906,3587446,8,0,0,1536,13,2260868678
378,2772319,11507,2783826,2,0,1,5632,18,775638673
379,2772789,12993,2785782,5,0,1,6144,10,6648996737
380,2785801,856589,3642390,9,0,0,1024,17,6689565666
381,2789959,12995,2802954,5,0,1,25088,10,5384896284
382,2806650,466610,3273260,2,0,0,512,18,8367297310
383,2814660,12569,2827229,8,0,1,3584,13,3210952234
384,2828210,33103,2861313,3,0,1,7680,13,2704356004
385,2859900,325278,3185178,0,0,0,7680,17,9219239019
386,2870529,19697,2890226,5,0,1,9728,10,2995167611
387,2872790,879994,3752784,4,0,0,3072,7,4412946328
388,2879690,16196,2895886,4,0,1,8704,7,7341082620
389,2890380,939392,3829772,4,0,0,32256,7,5880412900
390,2901860,1343313,4245173,0,0,0,22528,17,1049061518
391,2934440,831233,3765673,6,0,0,20992,19,6877064200
392,2940620,701443,3642063,0,0,0,80384,17,7763004586
393,2958421,1244358,4202779,9,0,0,36352,17,3714630442
394,2969590,1589831,4559421,5,0,0,8704,10,1344516294
395,2980250,1340247,4320497,6,0,0,7680,19,4026477740
396,2983920,22256,3006176,3,0,1,5120,13,5797559249
397,3026330,1277686,4304016,0,0,0,39936,17,6697349395
398,3027071,1836057,4863128,9,0,0,9216,17,5552893629
399,3035050,6451,3041501,3,0,1,14848,13,672919079
400,3036911,1073973,4110884,9,0,0,71168,17,8222141187
401,3056239,5326,3061565,0,0,1,5632,17,9288791739
402,3063219,2470,3065689,0,0,1,2560,17,3223830465
403,3065510,1684767,4750277,0,0,0,26624,17,1096259761
404,3065580,1606042,4671622,2,0,0,2560,18,6481856450
405,3070870,853418,3924288,6,0,0,6144,19,5668620241
406,3086210,1932461,5018671,2,0,0,86528,18,65845843
407,3089960,18847,3108807,9,0,1,29696,17,2341989858
408,3090230,22686,3112916,1,0,1,13312,0,10112121382
409,3104280,1781528,4885808,6,0,0,65024,19,1244560091
410,3106310,750640,3856950,2,0,0,12800,18,800873036
411,3133860,46740,3180600,7,0,1,51712,19,7658283159
412,3139590,178413,3318003,7,0,1,240640,19,8300348046
413,3155381,1099756,4255137,1,0,0,16896,0,9428286180
414,3170730,520632,3691362,6,0,0,13312,19,7978896461
415,3173380,1187062,4360442,4,0,0,39936,7,9379002202
416,3184581,846214,4030795,1,0,0,512,0,2536164900
417,3191510,386609,3578119,6,0,0,8704,19,5510998568
418,3193941,846071,4040012,1,0,0,25088,0,9642486080
419,3202091,229852,3431943,6,0,1,306176,19,8518150071
420,3206259,226657,3432916,0,0,1,12800,17,342800302
421,3211440,1304725,4516165,6,0,0,5632,19,130833022
422,3215471,715704,3931175,1,0,0,22528,0,10527022093
423,3222829,221326,3444155,5,0,1,37376,10,2439925464
424,3240800,1051033,4291833,2,0,0,17920,18,3070267524
425,3247260,1216557,4463817,6,0,0,67584,19,1239902959
426,3251910,205515,3457425,1,0,1,5632,0,564441402
427,3260370,943360,4203730,0,0,0,3072,17,3411963960
428,3262470,1155940,4418410,0,0,0,105472,17,9967157619
429,3264560,192880,3457440,8,0,1,512,13,6602369354
430,3264821,240560,3505381,6,0,1,184320,19,3902435128
431,3273670,1169540,4443210,0,0,0,20992,17,3760015354
432,3284801,769422,4054223,1,0,0,46592,0,1892424140
433,3293100,423415,3716515,0,0,0,27136,17,5489056245
434,3300830,772019,4072849,0,0,0,23040,17,8305534297
435,3315210,190837,3506047,8,0,1,1024,13,8646852723
436,3329721,752526,4082247,1,0,0,18432,0,2740485901
437,3332260,215927,3548187,7,0,1,136192,19,244201110
438,3336320,855368,4191688,6,0,0,22016,19,8382695337
439,3341240,217572,3558812,1,0,1,34304,0,7219719645
440,3341951,1239021,4580972,1,0,0,9216,0,3177497687
441,3347170,1128914,4476084,8,0,0,4608,13,5718151293
442,3371931,960020,4331951,1,0,0,13824,0,4560941685
443,3372510,186968,3559478,3,0,1,1024,13,6281445844
444,3380590,206879,3587469,7,0,1,88576,19,6802327878
445,3390249,197235,3587484,5,0,1,8704,10,39603391
446,3424370,689040,4113410,0,0,0,8192,17,608913871
447,3439840,470207,3910047,8,0,0,14336,13,8586670615
448,3448001,139498,3587499,6,0,1,9728,19,1929679868
449,3460980,1281170,4742150,0,0,0,78336,17,5905698091
450,3479561,1370361,4849922,1,0,0,8192,0,3565932455
451,3501730,1198166,4699896,8,0,0,75776,13,459728953
452,3506510,972553,4479063,3,0,0,9728,13,10247345021
453,3520260,1423690,4943950,6,0,0,52224,19,10684741013
454,3534600,603962,4138562,8,0,0,4608,13,8804707806
455,3536350,421851,3958201,4,0,0,3584,7,1335892015
456,3553710,36235,3589945,3,0,1,4608,13,9269569526
457,3564040,620925,4184965,7,0,0,16384,19,2159913753
458,3571880,441905,4013785,2,0,0,16384,18,10437588276
459,3578480,1583085,5161565,8,0,0,10752,13,2952245179
460,3583550,1316960,4900510,5,0,0,47104,10,7763117578
461,3604251,1446461,5050712,9,0,0,17408,17,7100259794
462,3624150,1414356,5038506,2,0,0,65024,18,9459136601
463,3627210,977587,4604797,3,0,0,2560,13,6523670658
464,3633350,1076092,4709442,0,0,0,27136,17,4201972808
465,3647450,1194018,4841468,5,0,0,36864,10,5996561730
466,3656120,965015,4621135,4,0,0,5120,7,470701309
467,3671960,636479,4308439,4,0,0,14336,7,9998684451
468,3672520,841914,4514434,5,0,0,38400,10,383413692
469,3679911,1426452,5106363,9,0,0,9728,17,6639591887
470,3690460,8814,3699274,3,0,1,11264,13,513444012
471,3710640,759292,4469932,4,0,0,19968,7,1274889610
472,3735760,1111651,4847411,0,0,0,19456,17,999649172
473,3737991,484277,4222268,9,0,0,6144,17,7247429866
474,3739500,426687,4166187,4,0,0,6144,7,1111448945
475,3747341,255423,4002764,1,0,0,8704,0,9484480462
476,3755180,1388877,5144057,2,0,0,44032,18,6460426186
477,3763510,1339866,5103376,7,0,0,82944,19,9436787928
478,3769290,1156040,4925330,0,0,0,16896,17,3478545446
479,3771070,1599091,5370161,4,0,0,16896,7,2480250843
480,3771540,1616108,5387648,0,0,0,57344,17,4342452305
481,3786960,531182,4318142,8,0,0,31744,13,3186738403
482,3792980,804740,4597720,2,0,0,38400,18,4420745161
483,3836130,566,3836696,1,0,1,512,0,3117678486
484,3843790,1201603,5045393,8,0,0,22528,13,6702185039
485,3845270,11695,3856965,1,0,1,16384,0,6062933099
486,3847050,1016561,4863611,5,0,0,1536,10,1989132036
487,3851990,5787,3857777,1,0,1,3584,0,2463293518
488,3864241,522003,4386244,1,0,0,17920,0,10046456086
489,3868910,1091123,4960033,7,0,0,52736,19,10282510920
490,3883940,1691070,5575010,4,0,0,25088,7,4681240764
491,3889120,1571063,5460183,6,0,0,14336,19,10073899456
492,3889890,1518,3891408,4,0,1,1536,7,8268167832
493,3912510,1775972,5688482,0,0,0,2048,17,10369364934
494,3925210,38687,3963897,8,0,1,14336,13,5136815130
495,3955970,12385,3968355,1,0,1,6144,0,5964811327
496,3959890,1683915,5643805,6,0,0,1024,19,4227589851
497,3969580,566,3970146,8,0,1,512,13,802454546
498,3971821,832722,4804543,1,0,0,41984,0,6985948244
499,3972419,7230,3979649,2,0,1,7680,18,9440304667
500,3974570,1836822,5811392,4,0,0,1024,7,6531769281
501,3975771,889727,4865498,9,0,0,6144,17,1600995176
502,3995191,1206529,5201720,9,0,0,8192,17,4679374158
503,4008620,1162738,5171358,5,0,0,10752,10,2072913840
504,4020370,640674,4661044,6,0,0,21504,19,92729831
505,4023490,1050036,5073526,2,0,0,34304,18,10305394155
506,4038201,1270837,5309038,9,0,0,5120,17,8160133966
507,4039019,45231,4084250,2,0,1,2048,18,9069320310
508,4043870,67029,4110899,1,0,1,27136,0,991066244
509,4051060,1059998,5111058,7,0,0,15360,19,9115634026
510,4051320,334939,4386259,7,0,1,156672,19,9750925692
511,4060021,849863,4909884,6,0,1,100864,19,1127724805
512,4064410,1013655,5078065,0,0,0,14848,17,4610134432
513,4084371,13323433,17407804,6,0,1,234496,19,828219758
514,4090060,683308,4773368,2,0,0,14336,18,10188060237
515,4111830,1147082,5258912,8,0,0,12288,13,6901433836
516,4116380,13902489,18018869,4,0,1,5120,7,10601776840
517,4119030,1336762,5455792,8,0,0,5120,13,6851740228
518,4121020,1215443,5336463,6,0,0,37888,19,2590236463
519,4122730,434024,4556754,4,0,0,13312,7,6133744916
520,4126771,344759,4471530,1,0,0,1024,0,5147353872
521,4129720,756423,4886143,6,0,0,1024,19,1967626099
522,4130070,629728,4759798,2,0,0,11776,18,8940913110
523,4138120,924931,5063051,8,0,0,40448,13,9415678853
524,4142440,1264972,5407412,8,0,0,9728,13,796871369
525,4166530,14129284,18295814,3,0,1,37888,13,9243406153
526,4174550,685755,4860305,5,0,0,33792,10,5495075866
527,4178730,1305269,5483999,2,0,0,30720,18,7231242195
528,4179560,1887546,6067106,5,0,0,118272,10,10687824812
529,4206250,1247967,5454217,8,0,0,26112,13,4735783789
530,4227140,14164578,18391718,4,0,1,11264,7,3804690032
531,4228509,14349685,18578194,0,0,1,64000,17,3048866060
532,4231671,729469,4961140,9,0,0,3584,17,6836421310
533,4233129,14454346,18687475,2,0,1,14336,18,9948872739
534,4245360,620621,4865981,5,0,0,1536,10,10282954431
535,4263801,566044,4829845,1,0,0,19968,0,4918042072
536,4268950,723342,4992292,2,0,0,10240,18,4431568877
537,4273569,14424435,18698004,5,0,1,6656,10,2747621302
538,4283080,1502297,5785377,7,0,0,13312,19,2466407464
539,4288670,1105561,5394231,6,0,0,21504,19,3980429147
540,4298000,944886,5242886,2,0,0,1024,18,6662315087
541,4300621,600684,4901305,9,0,0,2560,17,5403481110
542,4303491,2203247,6506738,1,0,0,29184,0,5410282202
543,4314810,1641608,5956418,4,0,0,97792,7,2957737268
544,4320840,986623,5307463,3,0,0,19456,13,8712617330
545,4320960,969707,5290667,3,0,0,85504,13,2605465214
546,4327951,1637857,5965808,9,0,0,22528,17,499906777
547,4345800,580496,4926296,7,0,0,512,19,6921363748
548,4346040,1284467,5630507,4,0,0,15872,7,5012450688
549,4351620,1827655,6179275,2,0,0,1024,18,10455208396
550,4352440,902713,5255153,0,0,0,6656,17,2342281238
551,4367539,14364455,18731994,5,0,1,8704,10,5812130832
552,4373611,1155375,5528986,9,0,0,512,17,6382071944
553,4388990,1703995,6092985,0,0,0,2560,17,10661805187
554,4399540,1730116,6129656,6,0,0,85504,19,4929886827
555,4412310,1091491,5503801,0,0,0,52736,17,1759441204
556,4423931,743497,5167428,1,0,0,7680,0,5028710800
557,4429360,966142,5395502,5,0,0,4096,10,7768973988
558,4442120,922870,5364990,0,0,0,29696,17,4262600660
559,4442190,258969,4701159,3,0,0,4096,13,7098584825
560,4454090,472035,4926125,2,0,0,2560,18,2455956015
561,4479890,1215647,5695537,4,0,0,14336,7,3116112511
562,4485960,924743,5410703,3,0,0,10752,13,7394556814
563,4502021,15083451,19585472,6,0,1,77312,19,2090679329
564,4506980,1021835,5528815,7,0,0,7680,19,10220385679
565,4515230,1266076,5781306,3,0,0,73728,13,9858070065
566,4519501,18619366,23138867,6,0,1,937984,19,8819896003
567,4522210,187871,4710081,8,0,0,2048,13,3903045941
568,4525841,1444662,5970503,1,0,0,15360,0,7534779649
569,4529871,1113599,5643470,1,0,0,42496,0,4288029774
570,4533969,19414381,23948350,0,0,1,304128,17,645317167
571,4537620,1346535,5884155,6,0,0,78848,19,7322051313
572,4552780,1911026,6463806,2,0,0,66560,18,1916298936
573,4553890,2178808,6732698,5,0,0,18432,10,4537637006
574,4554600,363286,4917886,7,0,0,4096,19,2863526126
575,4558471,1190898,5749369,1,0,0,29696,0,7605730404
576,4576879,19374128,23951007,5,0,1,15360,10,4655140500
577,4585071,19368950,23954021,6,0,1,6656,19,3156862720
578,4591530,1300814,5892344,0,0,0,8192,17,6397851633
579,4594540,2131880,6726420,0,0,0,59392,17,1904483115
580,4597010,2150055,6747065,3,0,0,47104,13,8013059596
581,4604700,2002194,6606894,6,0,0,14336,19,9251751599
582,4609311,573707,5183018,9,0,0,4608,17,7883035681
583,4609390,558677,5168067,5,0,0,2048,10,386847812
584,4614571,789838,5404409,1,0,0,29184,0,9468821767
585,4627720,19328247,23955967,4,0,1,3072,7,7846153752
586,4641920,2240223,6882143,3,0,0,100864,13,2065476362
587,4642860,1190595,5833455,0,0,0,61440,17,3990715141
588,4662730,1768469,6431199,2,0,0,10240,18,10212950397
589,4672560,2853180,7525740,3,0,0,37376,13,4899793061
590,4674350,675309,5349659,3,0,0,8192,13,4869195778
591,4678870,3340092,8018962,4,0,0,81408,7,6272288120
592,4686300,1455421,6141721,4,0,0,35840,7,399739016
593,4705910,919698,5625608,7,0,0,33792,19,4027901732
594,4715740,1144360,5860100,4,0,0,39936,7,10349293305
595,4722060,2063264,6785324,3,0,0,125440,13,85013015
596,4722430,1793745,6516175,0,0,0,5632,17,8394302229
597,4733590,1835617,6569207,5,0,0,76800,10,1540298806
598,4737890,1442492,6180382,7,0,0,3584,19,9627006878
599,4748020,755960,5503980,6,0,0,512,19,7654881135
600,4749040,1381746,6130786,3,0,0,512,13,4546068103
601,4749961,2097636,6847597,1,0,0,14848,0,8014858407
602,4757330,19233771,23991101,9,0,1,3584,17,9539799158
603,4761650,1385390,6147040,2,0,0,17408,18,3354675992
604,4764320,1427229,6191549,2,0,0,32768,18,5122344897
605,4770510,19220614,23991124,9,0,1,18944,17,9852799029
606,4771800,1525934,6297734,3,0,0,86528,13,10135435095
607,4774621,19221753,23996374,6,0,1,2560,19,6850117296
608,4790640,683984,5474624,3,0,0,18944,13,10159208718
609,4793970,2005151,6799121,2,0,0,9728,18,6948003697
610,4811050,2596701,7407751,3,0,0,104448,13,2632349493
611,4812200,19195863,24008063,4,0,1,2560,7,10417796920
612,4812779,19199790,24012569,2,0,1,7168,18,9717572233
613,4814951,2154107,6969058,9,0,0,10752,17,4497182393
614,4815380,1071934,5887314,3,0,0,10240,13,7698565713
615,4848771,1110158,5958929,1,0,0,8192,0,6807876725
616,4856660,2759321,7615981,0,0,0,34304,17,8159052467
617,4875240,19144078,24019318,9,0,1,3072,17,2444577972
618,4881631,19148303,24029934,6,0,1,25088,19,6964026650
619,4881720,1185729,6067449,2,0,0,1024,18,7671665585
620,4895581,19141173,24036754,6,0,1,7168,19,8237041798
621,4896790,1722799,6619589,8,0,0,4096,13,4140002973
622,4909170,1221437,6130607,3,0,0,3072,13,2722790008
623,4935650,1242183,6177833,7,0,0,41984,19,458933682
624,4945990,787014,5733004,7,0,0,35328,19,2501467399
625,4949660,1299313,6248973,8,0,0,45568,13,5997079330
626,4972350,1512393,6484743,2,0,0,29696,18,4369982869
627,4986030,19132964,24118994,7,0,1,26112,19,8160899192
628,4998950,19242644,24241594,9,0,1,55296,17,3761927097
629,5022640,626960,5649600,3,0,0,18944,13,5904028628
630,5052500,2050486,7102986,4,0,0,8192,7,8743881312
631,5055400,2730066,7785466,0,0,0,39424,17,306978494
632,5056730,665487,5722217,8,0,0,34816,13,202260923
633,5076220,19170520,24246740,4,0,1,8192,7,6241610
634,5104760,1965524,7070284,0,0,0,22016,17,2685682111
635,5111460,959444,6070904,2,0,0,11264,18,4275179590
636,5111940,1972087,7084027,7,0,0,45056,19,6410216965
637,5119531,852251,5971782,9,0,0,4096,17,1174844454
638,5152950,19258324,24411274,7,0,1,87040,19,124696485
639,5155780,1213283,6369063,0,0,0,23040,17,10526868765
640,5163080,1103848,6266928,7,0,0,58880,19,7854208760
641,5188420,733755,5922175,0,0,0,6144,17,5523253220
642,5194951,1386439,6581390,9,0,0,39936,17,6294200224
643,5197590,1146806,6344396,8,0,0,6656,13,5566736064
644,5199310,1428188,6627498,7,0,0,1536,19,5423833513
645,5218810,1925063,7143873,4,0,0,16896,7,10521986083
646,5223561,3004657,8228218,1,0,0,10752,0,8823255744
647,5224430,3149390,8373820,4,0,0,33792,7,2057928635
648,5241710,3634510,8876220,0,0,0,64000,17,233553596
649,5259480,1048441,6307921,6,0,0,33280,19,4038911823
650,5260170,1136666,6396836,6,0,0,8192,19,1443738523
651,5273750,19152514,24426264,9,0,1,8192,17,4278217858
652,5276759,19591890,24868649,2,0,1,50688,18,6793398138
653,5278620,885439,6164059,4,0,0,55808,7,2128876060
654,5281410,1112915,6394325,2,0,0,55808,18,3336766146
655,5301260,1612029,6913289,2,0,0,35328,18,4979638703
656,5304940,1306189,6611129,2,0,0,13824,18,10654874747
657,5317590,1919130,7236720,6,0,0,25600,19,5907595959
658,5320140,1190849,6510989,4,0,0,13824,7,6355827550
659,5328200,3248639,8576839,4,0,0,19968,7,9169179319
660,5332330,1939562,7271892,3,0,0,35328,13,6676660566
661,5332651,1839005,7171656,1,0,0,91136,0,4299149706
662,5342320,466324,5808644,7,0,0,7168,19,107818062
663,5349000,544451,5893451,6,0,0,3584,19,9217404170
664,5356190,2533262,7889452,2,0,0,15872,18,3242860427
665,5364491,19562136,24926627,6,0,1,13312,19,5750068693
666,5368990,520835,5889825,7,0,0,8192,19,2426581262
667,5375800,1351259,6727059,8,0,0,2048,13,1315169055
668,5385290,1207503,6592793,7,0,0,37376,19,7148433179
669,5391140,1460248,6851388,2,0,0,12288,18,5586275350
670,5396771,2324794,7721565,9,0,0,20480,17,6075319755
671,5398880,1044631,6443511,7,0,0,22528,19,3738929780
672,5406830,1380537,6787367,7,0,0,6656,19,9335200669
673,5408891,19517759,24926650,6,0,1,12800,19,4285500993
674,5425380,19540830,24966210,3,0,1,5632,13,4071209539
675,5449340,19516893,24966233,3,0,1,512,13,5757816021
676,5456830,1721869,7178699,2,0,0,23040,18,3433958709
677,5463110,2520971,7984081,5,0,0,133632,10,9733290975
678,5473750,321157,5794907,5,0,0,2560,10,2976601890
679,5494081,670937,6165018,9,0,0,3072,17,741789120
680,5514530,19451726,24966256,8,0,1,2560,13,4446131924
681,5514661,1087842,6602503,9,0,0,20992,17,4744987358
682,5516220,752595,6268815,7,0,0,6144,19,630915562
683,5528300,960990,6489290,5,0,0,14848,10,5586511906
684,5547011,631929,6178940,1,0,0,3584,0,7391936264
685,5554721,1071636,6626357,9,0,0,6144,17,7436302490
686,5564820,1400947,6965767,2,0,0,84992,18,4174466813
687,5565880,1367299,6933179,6,0,0,59392,19,1638369210
688,5578021,1936292,7514313,9,0,0,91136,17,4549343467
689,5587910,1760431,7348341,7,0,0,18944,19,5566153157
690,5588960,1313478,6902438,3,0,0,66560,13,171022787
691,5595200,2431968,8027168,2,0,0,25088,18,9540543134
692,5596960,1199158,6796118,5,0,0,28672,10,3167726815
693,5600810,1214706,6815516,6,0,0,53760,19,514075155
694,5603449,19552384,25155833,0,0,1,55808,17,4008635578
695,5604790,2841936,8446726,8,0,0,79872,13,4043656211
696,5610890,1212497,6823387,8,0,0,25600,13,9551381942
697,5614670,981414,6596084,8,0,0,10752,13,2839694006
698,5616710,897734,6514444,7,0,0,11264,19,8929961956
699,5617940,1804265,7422205,6,0,0,17408,19,7582942151
700,5621640,1086629,6708269,0,0,0,113664,17,4438074141
701,5629290,1743297,7372587,3,0,0,10240,13,10648456462
702,5637941,1385830,7023771,1,0,0,27136,0,504536587
703,5650050,2233279,7883329,8,0,0,41472,13,84609772
704,5650370,2277053,7927423,3,0,0,3584,13,10663866349
705,5661310,3332390,8993700,2,0,0,44032,18,10283642828
706,5669900,801721,6471621,2,0,0,25600,18,7403710491
707,5674629,19482510,25157139,2,0,1,2048,18,7813149841
708,5684220,19484335,25168555,7,0,1,18432,19,9010203757
709,5687981,1753737,7441718,1,0,0,33792,0,9286632989
710,5698751,2047905,7746656,9,0,0,8192,17,968241181
711,5703950,1275921,6979871,2,0,0,33792,18,10208581961
712,5712380,2482091,8194471,3,0,0,2560,13,9489765429
713,5720910,19493331,25214241,4,0,1,512,7,3632034315
714,5726990,1527275,7254265,5,0,0,5120,10,4472251125
715,5727670,2855432,8583102,2,0,0,20480,18,38821497
716,5731270,1355907,7087177,7,0,0,9728,19,8557255830
717,5736170,1377872,7114042,5,0,0,13312,10,7702084915
718,5741850,1704563,7446413,8,0,0,15360,13,4543635438
719,5742310,19477077,25219387,3,0,1,8192,13,8520017884
720,5744421,1189405,6933826,1,0,0,2048,0,8620446664
721,5753310,1491225,7244535,0,0,0,25600,17,6962345868
722,5755701,1936479,7692180,9,0,0,17408,17,7939610296
723,5757000,2530628,8287628,7,0,0,30720,19,2156108005
724,5765290,19467752,25233042,8,0,1,4608,13,10356521086
725,5776840,2324177,8101017,4,0,0,19456,7,1877654716
726,5778210,1219117,6997327,8,0,0,2048,13,9068212212
727,5778690,2406814,8185504,0,0,0,47616,17,4856129874
728,5782250,2084009,7866259,7,0,0,38912,19,3305420947
729,5790810,2105864,7896674,2,0,0,2560,18,5863040704
730,5800720,671236,6471956,4,0,0,1024,7,1230666399
731,5803010,1802504,7605514,2,0,0,53760,18,1557399476
732,5804220,2742482,8546702,6,0,0,67072,19,6372156324
733,5815380,1285095,7100475,2,0,0,32256,18,6509280265
734,5816929,19424186,25241115,5,0,1,12288,10,6401958634
735,5818901,1501383,7320284,1,0,0,10752,0,4350730144
736,5844780,1406018,7250798,3,0,0,20480,13,4238284773
737,5845460,2912552,8758012,0,0,0,33280,17,521734866
738,5850810,19392571,25243381,7,0,1,3584,19,9700706026
739,5853520,1959885,7813405,3,0,0,33792,13,10266053102
740,5865070,19392393,25257463,2,0,1,3584,18,7566413791
741,5865540,19392896,25258436,3,0,1,12800,13,4725093349
742,5873730,3456183,9329913,2,0,0,17408,18,10198479828
743,5900781,19405706,25306487,6,0,1,13824,19,5906476503
744,5907850,1007178,6915028,5,0,0,5632,10,7372259450
745,5916911,2178155,8095066,9,0,0,29184,17,9087222683
746,5919180,1767681,7686861,0,0,0,22016,17,9305059929
747,5919811,923247,6843058,9,0,0,64512,17,4224326456
748,5925260,688536,6613796,8,0,0,8704,13,8294949999
749,5926400,1414571,7340971,5,0,0,46592,10,6126535833
750,5950170,1140454,7090624,4,0,0,11264,7,7111095297
751,5950760,1793385,7744145,2,0,0,20992,18,4383588970
752,5983820,2326589,8310409,5,0,0,27136,10,6554898934
753,5985190,3814337,9799527,0,0,0,20480,17,2148698012
754,6001821,1827994,7829815,1,0,0,22528,0,2898399052
755,6007690,1815246,7822936,2,0,0,31232,18,26386331
756,6026970,963524,6990494,0,0,0,34816,17,685939005
757,6034400,1543812,7578212,3,0,0,47104,13,8215333948
758,6038490,2215444,8253934,8,0,0,24064,13,8780654469
759,6048761,1652638,7701399,1,0,0,30208,0,10554278662
760,6058270,2268741,8327011,3,0,0,4096,13,10599810206
761,6066700,3844168,9910868,7,0,0,7168,19,2632386507
762,6080490,4291723,10372213,2,0,0,19968,18,9496372896
763,6093051,2460842,8553893,1,0,0,23552,0,3768040734
764,6118051,1368047,7486098,1,0,0,24064,0,5556345670
765,6129930,1085022,7214952,5,0,0,1024,10,8884653492
766,6136340,2520278,8656618,3,0,0,15360,13,8177648257
767,6158130,3989157,10147287,4,0,0,50688,7,4353456295
768,6174589,19132208,25306797,5,0,1,2560,10,7358589450
769,6180370,1605579,7785949,3,0,0,1536,13,5212063365
770,6190150,1829335,8019485,8,0,0,1536,13,3596287176
771,6217020,19093323,25310343,4,0,1,5632,7,3606386579
772,6222820,1417147,7639967,7,0,0,53248,19,5867079532
773,6226519,19133593,25360112,5,0,1,14336,10,9405318188
774,6228260,898646,7126906,2,0,0,5120,18,1371130693
775,6235020,1825112,8060132,2,0,0,26112,18,4044606477
776,6241950,1913003,8154953,7,0,0,49152,19,8782609896
777,6247950,19115708,25363658,9,0,1,5632,17,5818575878
778,6258750,2689802,8948552,8,0,0,15872,13,1705076330
779,6262240,2421912,8684152,3,0,0,57344,13,9330348571
780,6263380,1930296,8193676,3,0,0,12288,13,10362183931
781,6271630,2626808,8898438,6,0,0,45056,19,553461866
782,6275000,2452360,8727360,8,0,0,59392,13,3325531547
783,6278911,2991194,9270105,1,0,0,17920,0,10240052157
784,6280520,1760714,8041234,8,0,0,13824,13,4055539863
785,6286740,740558,7027298,6,0,0,4096,19,1907103569
786,6294710,19069934,25364644,3,0,1,1536,13,7129864445
787,6305940,2703733,9009673,5,0,0,7680,10,4286901370
788,6309230,627575,6936805,2,0,0,9728,18,3973479651
789,6317199,19047701,25364900,2,0,1,9216,18,5285734684
790,6325799,19042993,25368792,5,0,1,6144,10,56939546
791,6343110,19029548,25372658,4,0,1,6144,7,1156415043
792,6350330,2460167,8810497,4,0,0,18944,7,7765110124
793,6354600,3017635,9372235,7,0,0,5632,19,455666391
794,6358060,19328981,25687041,7,0,1,128000,19,62800827
795,6375840,2888774,9264614,0,0,0,34304,17,579946701
796,6377250,1369889,7747139,0,0,0,1536,17,10513090170
797,6396710,1791149,8187859,5,0,0,7680,10,1425265620
798,6397410,1310556,7707966,7,0,0,21504,19,1755980655
799,6399491,1027947,7427438,1,0,0,2048,0,9320268131
800,6402660,2613627,9016287,2,0,0,20480,18,3063251918
801,6416030,1479833,7895863,6,0,0,20992,19,2877284548
802,6420950,1380369,7801319,6,0,0,20992,19,10597395037
803,6422390,2095351,8517741,4,0,0,59904,7,7501344324
804,6429801,2139644,8569445,9,0,0,15360,17,7750224892
805,6459590,1393175,7852765,8,0,0,41984,13,9300244898
806,6468400,2856186,9324586,8,0,0,22528,13,1975540898
807,6476700,1439035,7915735,2,0,0,512,18,2912384748
808,6498120,3681394,10179514,8,0,0,23040,13,9590770381
809,6501970,1606706,8108676,2,0,0,25088,18,9616444484
810,6504419,19182645,25687064,5,0,1,2048,10,1199492086
811,6517610,1197700,7715310,8,0,0,17920,13,6603131468
812,6524540,1418810,7943350,8,0,0,52224,13,7851063819
813,6530850,2743178,9274028,2,0,0,12800,18,5133428818
814,6542010,874844,7416854,4,0,0,29696,7,3983818048
815,6566579,19191702,25758281,5,0,1,9728,10,6086675445
816,6579610,1414493,7994103,0,0,0,30208,17,9469804147
817,6611460,1242880,7854340,3,0,0,5120,13,3867394190
818,6616880,19141424,25758304,3,0,1,1536,13,6501229231
819,6628030,1663981,8292011,8,0,0,14336,13,2778337522
820,6631320,3937034,10568354,0,0,0,86528,17,1051136637
821,6633470,1776003,8409473,8,0,0,35328,13,6474339557
822,6634760,1490334,8125094,0,0,0,17920,17,9619761949
823,6638069,19120258,25758327,5,0,1,2560,10,3901112804
824,6642200,441998,7084198,5,0,0,512,10,3793270090
825,6649210,19109140,25758350,4,0,1,4608,7,5470256112
826,6671810,1518107,8189917,2,0,0,2048,18,8025190362
827,6682191,1345304,8027495,1,0,0,1024,0,5238104097
828,6684611,1879304,8563915,9,0,0,4608,17,6005029600
829,6688610,1764683,8453293,6,0,0,21504,19,4420370059
830,6691050,19080754,25771804,4,0,1,2560,7,4788546090
831,6691240,1922119,8613359,6,0,0,50176,19,9421877261
832,6719330,960808,7680138,3,0,0,18432,13,8406526286
833,6723910,2080784,8804694,2,0,0,111104,18,5435101508
834,6731600,2264143,8995743,3,0,0,6656,13,6064642017
835,6743751,680661,7424412,1,0,0,7168,0,1356200809
836,6746580,3046684,9793264,6,0,0,44032,19,6468940757
837,6749600,592954,7342554,7,0,0,5120,19,8957829545
838,6759670,2285941,9045611,3,0,0,40448,13,5541311074
839,6762070,2175969,8938039,2,0,0,102912,18,545461070
840,6778300,2689414,9467714,2,0,0,105984,18,5184194224
841,6783830,18990240,25774070,7,0,1,3584,19,9092362561
842,6784940,2181249,8966189,4,0,0,30208,7,6364045110
843,6793580,19078726,25872306,4,0,1,15360,7,10609622433
844,6794540,939090,7733630,4,0,0,1536,7,9847383159
845,6832100,2848528,9680628,7,0,0,2560,19,10706587078
846,6835220,2196214,9031434,8,0,0,49664,13,4018431537
847,6840720,2298190,9138910,5,0,0,27136,10,2965912893
848,6853799,19854240,26708039,0,0,1,337408,17,7037326139
849,6856080,1765094,8621174,0,0,0,25600,17,748787333
850,6857590,2149712,9007302,8,0,0,37888,13,7762417907
851,6857931,1331347,8189278,9,0,0,4608,17,1883857719
852,6859940,19886984,26746924,4,0,1,2560,7,9050902980
853,6862340,799237,7661577,7,0,0,2560,19,1525691683
854,6863260,1256351,8119611,5,0,0,35840,10,7952669770
855,6863820,19942408,26806228,7,0,1,22016,19,668266076
856,6863930,2185959,9049889,6,0,0,3072,19,3972720899
857,6869740,3843564,10713304,7,0,0,19456,19,7899254229
858,6901130,2661942,9563072,8,0,0,59904,13,1366427848
859,6907721,2275290,9183011,9,0,0,50688,17,1379870180
860,6912410,2588110,9500520,0,0,0,16384,17,2353656642
861,6916180,2816289,9732469,5,0,0,512,10,2088727742
862,6924050,19882201,26806251,7,0,1,7680,19,9960169052
863,6928949,19883887,26812836,0,0,1,7680,17,5905557500
864,6931280,2435928,9367208,4,0,0,69632,7,2620622665
865,6943779,19904736,26848515,2,0,1,10752,18,3890137451
866,6943790,19916349,26860139,8,0,1,4608,13,7500082604
867,6951960,2300768,9252728,7,0,0,80384,19,8038497226
868,6973230,2626861,9600091,3,0,0,5120,13,7705358822
869,6976770,3014912,9991682,2,0,0,4096,18,2250752453
870,7018540,1576277,8594817,5,0,0,38400,10,5993608745
871,7031560,1106782,8138342,5,0,0,21504,10,8875876780
872,7035380,727291,7762671,5,0,0,512,10,4019545903
873,7041900,1968108,9010008,7,0,0,1024,19,8414342766
874,7042481,2185732,9228213,1,0,0,8192,0,9052138403
875,7044351,2812893,9857244,9,0,0,5120,17,1937402046
876,7080050,839740,7919790,6,0,0,8192,19,8662368709
877,7099899,19760263,26860162,5,0,1,10752,10,1576765110
878,7103610,2637793,9741403,5,0,0,23040,10,1740108534
879,7116130,2379375,9495505,3,0,0,91136,13,3503745518
880,7124750,860134,7984884,5,0,0,2560,10,3130309227
881,7127211,1399040,8526251,9,0,0,19968,17,6056250578
882,7136131,1119846,8255977,1,0,0,6656,0,9118693253
883,7147810,719284,7867094,8,0,0,2560,13,8538320291
884,7170170,3729298,10899468,2,0,0,37376,18,7907192222
885,7176670,19683515,26860185,4,0,1,2048,7,4875652067
886,7180120,1555679,8735799,4,0,0,27648,7,6273311870
887,7182141,2331609,9513750,9,0,0,8192,17,6832085793
888,7193011,1327125,8520136,1,0,0,7680,0,2552322895
889,7193660,1298919,8492579,5,0,0,54784,10,6483282014
890,7201960,19662872,26864832,9,0,1,9216,17,7019160247
891,7209521,1116227,8325748,1,0,0,5120,0,6356375361
892,7218240,1601056,8819296,5,0,0,28672,10,9176338873
893,7220430,3850624,11071054,5,0,0,28672,10,10451388372
894,7225150,2603596,9828746,5,0,0,95744,10,6586194594
895,7234691,2620946,9855637,1,0,0,38912,0,8353655521
896,7240890,2144024,9384914,5,0,0,5632,10,10623461576
897,7242420,1944358,9186778,6,0,0,12288,19,10339541220
898,7259960,2047716,9307676,6,0,0,33792,19,6945298662
899,7273520,1497299,8770819,6,0,0,41984,19,7334797884
900,7285990,19672567,26958557,7,0,1,54272,19,8334815418
901,7295680,2578644,9874324,4,0,0,6144,7,9956206587
902,7322861,2056021,9378882,9,0,0,4608,17,9069026902
903,7323850,871744,8195594,6,0,0,3584,19,3392769540
904,7329480,1233016,8562496,2,0,0,28160,18,1415838040
905,7339420,2086147,9425567,3,0,0,7680,13,4875451401
906,7378310,2353988,9732298,4,0,0,22016,7,7334613765
907,7379340,2707440,10086780,6,0,0,9216,19,9539999638
908,7385550,825359,8210909,3,0,0,3072,13,3679585825
909,7387300,19588935,26976235,9,0,1,2048,17,8049996863
910,7387340,2511050,9898390,5,0,0,21504,10,4983108027
911,7400560,3006671,10407231,3,0,0,49152,13,5506423189
912,7403480,1095978,8499458,4,0,0,22528,7,10401748501
913,7409340,1220273,8629613,3,0,0,27648,13,9042521413
914,7411470,19566071,26977541,8,0,1,2048,13,145022937
915,7442270,19543518,26985788,9,0,1,11776,17,634130700
916,7450750,1492951,8943701,8,0,0,13312,13,4873526318
917,7451140,1248344,8699484,3,0,0,3584,13,7844282993
918,7454340,2428579,9882919,5,0,0,28160,10,2269525283
919,7461871,2830379,10292250,1,0,0,30720,0,6236228246
920,7464820,1474810,8939630,0,0,0,5120,17,1050177423
921,7466080,2118312,9584392,2,0,0,31744,18,3152614702
922,7470381,2722165,10192546,1,0,0,9728,0,5462159063
923,7480440,19505809,26986249,4,0,1,10240,7,2103160418
924,7495250,1794237,9289487,3,0,0,50688,13,2848014670
925,7504209,19637283,27141492,2,0,1,1536,18,7369218309
926,7504730,1888385,9393115,0,0,0,3584,17,7224608501
927,7525780,1791911,9317691,0,0,0,32768,17,4420348357
928,7533660,1349751,8883411,8,0,0,23552,13,6471876730
929,7540580,2925211,10465791,0,0,0,5632,17,1254671285
930,7562861,19606881,27169742,6,0,1,1536,19,168521898
931,7563789,19605976,27169765,2,0,1,512,18,5101532609
932,7564250,1000500,8564750,8,0,0,2560,13,3714028596
933,7567440,495047,8062487,2,0,0,7680,18,2334592547
934,7587821,1705777,9293598,9,0,0,13312,17,4975811471
935,7604450,19565338,27169788,3,0,1,1024,13,6655540569
936,7608070,19561741,27169811,9,0,1,1024,17,3796686510
937,7608250,19561584,27169834,7,0,1,4096,19,3391476609
938,7620849,19766460,27387309,5,0,1,12288,10,6499853734
939,7629120,20740345,28369465,7,0,1,474112,19,4592262261
940,7643120,20847792,28490912,7,0,1,70656,19,8458388091
941,7669521,20858448,28527969,6,0,1,15360,19,9761787334
942,7678471,2093524,9771995,1,0,0,63488,0,4726089525
943,7680060,2099773,9779833,5,0,0,18944,10,4610996275
944,7699150,20886631,28585781,4,0,1,41472,7,415327944
945,7718410,1422855,9141265,6,0,0,7680,19,9425876542
946,7724119,20861685,28585804,2,0,1,14336,18,4645079391
947,7727090,1970019,9697109,8,0,0,1024,13,3079019780
948,7728920,20856931,28585851,9,0,1,5632,17,7217604296
949,7742480,20931932,28674412,7,0,1,36864,19,2402381081
950,7743241,1895501,9638742,1,0,0,48640,0,7871032638
951,7746700,3025162,10771862,3,0,0,19968,13,667713208
952,7750620,527633,8278253,8,0,0,17408,13,8172396307
953,7797240,1713983,9511223,2,0,0,34816,18,9966557263
954,7819680,20876502,28696182,8,0,1,2560,13,2905979790
955,7821879,20874326,28696205,0,0,1,12288,17,1309525937
956,7839040,1386662,9225702,8,0,0,38912,13,6421905421
957,7840590,20869100,28709690,8,0,1,5120,13,1585796435
958,7842460,1576039,9418499,8,0,0,47104,13,10498965557
959,7854300,1052360,8906660,7,0,0,7680,19,9361519685
960,7865220,882629,8747849,6,0,0,32256,19,7632366077
961,7878210,2326706,10204916,8,0,0,14336,13,1273075191
962,7883630,806652,8690282,6,0,0,18944,19,8206724860
963,7888870,2195071,10083941,6,0,0,45568,19,9741653430
964,7892130,1362017,9254147,8,0,0,4608,13,7021567075
965,7896940,2234880,10131820,8,0,0,146944,13,7691427961
966,7906020,664704,8570724,8,0,0,4096,13,3441689617
967,7908940,1770861,9679801,2,0,0,134656,18,6255384645
968,7913990,2052106,9966096,4,0,0,3584,7,4739341877
969,7931721,2257838,10189559,9,0,0,28672,17,4141743185
970,7939561,2231015,10170576,9,0,0,46080,17,4182245160
971,7948649,20761064,28709713,2,0,1,2560,18,3020573122
972,7960021,1748494,9708515,1,0,0,21504,0,7353707402
973,7964460,20745276,28709736,4,0,1,1536,7,2879112401
974,7964540,2263261,10227801,6,0,0,17920,19,2372956804
975,7969510,2252808,10222318,6,0,0,54784,19,6661530452
976,7975941,2488103,10464044,9,0,0,34304,17,6368271106
977,7976190,663365,8639555,5,0,0,10752,10,3292927999
978,7988020,2325352,10313372,4,0,0,39936,7,7380144022
979,7988040,696447,8684487,5,0,0,1024,10,5034681866
980,7996751,2833567,10830318,9,0,0,118784,17,4624290158
981,8007190,20702569,28709759,7,0,1,7680,19,7388172749
982,8008900,20704280,28713180,8,0,1,7168,13,3587691301
983,8012210,2139772,10151982,3,0,0,15360,13,8782546057
984,8023260,20691546,28714806,4,0,1,2560,7,5272076980
985,8027380,2672343,10699723,5,0,0,30720,10,6473615615
986,8037110,1990367,10027477,4,0,0,15872,7,1585420029
987,8039330,2192238,10231568,4,0,0,12288,7,4614612051
988,8041730,3017578,11059308,8,0,0,75776,13,6090852314
989,8042660,2961983,11004643,3,0,0,13824,13,6217668368
990,8044730,2256435,10301165,8,0,0,29184,13,10317757186
991,8045090,692916,8738006,6,0,0,7168,19,10427356258
992,8045890,20669992,28715882,4,0,1,13312,7,10072541818
993,8049250,20720458,28769708,7,0,1,16384,19,1251292693
994,8049720,20720387,28770107,3,0,1,8192,13,1157261751
995,8061801,3386599,11448400,9,0,0,3072,17,10071497162
996,8080820,2426661,10507481,6,0,0,95232,19,9966564827
997,8086171,2245025,10331196,9,0,0,19968,17,1459895846
998,8108730,3047590,11156320,8,0,0,73216,13,704291791
999,8121721,1717828,9839549,9,0,0,35328,17,7517495458
1000,8134090,2298235,10432325,5,0,0,27136,10,1989371215
1001,8135050,2566755,10701805,5,0,0,4608,10,1314203673
1002,8141700,762605,8904305,6,0,0,16384,19,4638815370
1003,8150220,2166763,10316983,3,0,0,11776,13,5725833097
1004,8157021,3203531,11360552,1,0,0,20480,0,8141388479
1005,8161480,2458604,10620084,8,0,0,4608,13,9052958619
1006,8180669,20597946,28778615,2,0,1,3072,18,528290747
1007,8181030,2360945,10541975,3,0,0,48128,13,4660763272
1008,8191420,2161411,10352831,8,0,0,42496,13,1848079795
1009,8192881,1781460,9974341,9,0,0,17920,17,8848563439
1010,8194570,20587911,28782481,9,0,1,6144,17,9775348211
1011,8196200,1984265,10180465,5,0,0,3072,10,9300596144
1012,8196701,2493647,10690348,9,0,0,4608,17,9821944011
1013,8207680,2075179,10282859,4,0,0,31744,7,2617683302
1014,8228110,1287902,9516012,5,0,0,2048,10,9746780161
1015,8230849,20585202,28816051,0,0,1,9216,17,1538179228
1016,8245210,20572326,28817536,9,0,1,15360,17,8060111600
1017,8246740,1706382,9953122,0,0,0,10240,17,293610573
1018,8255210,20709772,28964982,7,0,1,107520,19,9523007623
1019,8259930,1255427,9515357,0,0,0,5120,17,9056629426
1020,8265629,20762667,29028296,2,0,1,2560,18,9648212609
1021,8274890,1658237,9933127,4,0,0,14848,7,3398635736
1022,8275590,2903807,11179397,2,0,0,40448,18,6371933654
1023,8275940,2201355,10477295,5,0,0,1024,10,10012232922
1024,8283880,3042757,11326637,3,0,0,67072,13,7879101819
1025,8306630,20722012,29028642,3,0,1,512,13,1075868378
1026,8313419,20736217,29049636,0,0,1,20480,17,8838607252
1027,8326251,2789452,11115703,1,0,0,8192,0,9559968488
1028,8331120,3158801,11489921,0,0,0,20992,17,8172250594
1029,8332160,2683911,11016071,8,0,0,11776,13,9669785081
1030,8343250,1087350,9430600,2,0,0,9216,18,1838048922
1031,8363420,2012114,10375534,0,0,0,3584,17,1035737425
1032,8363860,3181992,11545852,4,0,0,50688,7,30954102
1033,8373230,2311707,10684937,2,0,0,32256,18,7626235750
1034,8374769,20684764,29059533,0,0,1,5632,17,6486684670
1035,8383080,2990212,11373292,8,0,0,11776,13,4193834520
1036,8388970,908387,9297357,6,0,0,12288,19,630683467
1037,8399980,2382081,10782061,4,0,0,25600,7,6286004427
1038,8401590,1832677,10234267,5,0,0,8704,10,9715220933
1039,8403000,20660947,29063947,9,0,1,12800,17,7737982785
1040,8426349,20662512,29088861,2,0,1,3072,18,10056241464
1041,8428130,2701905,11130035,0,0,0,20480,17,6939545477
1042,8432370,20666217,29098587,9,0,1,3072,17,7118727913
1043,8432821,2453987,10886808,1,0,0,5632,0,6836096674
1044,8435530,2550659,10986189,5,0,0,60928,10,10099444898
1045,8439770,2560630,11000400,8,0,0,46592,13,9545820892
1046,8449380,2405634,10855014,0,0,0,20992,17,3808168342
1047,8462671,20635939,29098610,6,0,1,9728,19,5850347997
1048,8481880,20616753,29098633,8,0,1,6656,13,3593392978
1049,8482260,2283503,10765763,3,0,0,39424,13,8225445824
1050,8497470,2840476,11337946,6,0,0,4608,19,10290042857
1051,8498220,2137795,10636015,0,0,0,6144,17,6956927204
1052,8499110,2727534,11226644,3,0,0,50176,13,5882360959
1053,8502490,20636374,29138864,9,0,1,4096,17,7935403562
1054,8504840,1887384,10392224,4,0,0,25600,7,3518643795
1055,8512280,454936,8967216,2,0,0,512,18,4610240855
1056,8530779,20610031,29140810,2,0,1,3072,18,7368600529
1057,8530880,2418381,10949261,5,0,0,20480,10,7557314279
1058,8530891,2630615,11161506,9,0,0,4608,17,2962318984
1059,8533230,20611446,29144676,9,0,1,6144,17,8667663971
1060,8533661,1666872,10200533,1,0,0,26112,0,5891014394
1061,8550360,1471733,10022093,4,0,0,31232,7,2715487300
1062,8558020,2653321,11211341,3,0,0,24064,13,6062848852
1063,8565929,20579208,29145137,2,0,1,10240,18,5756740246
1064,8572780,1946626,10519406,2,0,0,18432,18,525471029
1065,8587159,20560244,29147403,0,0,1,3584,17,1334443595
1066,8590110,2508500,11098610,8,0,0,26112,13,4843564444
1067,8595380,2921342,11516722,8,0,0,62976,13,9134021632
1068,8613730,2676934,11290664,3,0,0,33280,13,1588304226
1069,8616520,3009627,11626147,2,0,0,26624,18,977550388
1070,8622470,1550009,10172479,8,0,0,6144,13,7280885770
1071,8627000,2819472,11446472,4,0,0,2048,7,3077075356
1072,8652941,20537548,29190489,6,0,1,12288,19,6813512743
1073,8672491,2879928,11552419,1,0,0,21504,0,3232486379
1074,8678099,20521960,29200059,2,0,1,16896,18,5488954484
1075,8687050,1009732,9696782,7,0,0,29184,19,7176354368
1076,8706920,20493162,29200082,4,0,1,1536,7,2221607250
1077,8711041,1880649,10591690,9,0,0,15872,17,2553821122
1078,8729760,20474892,29204652,8,0,1,2560,13,1302115643
1079,8754600,614355,9368955,4,0,0,5632,7,3427454011
1080,8760690,2575837,11336527,2,0,0,9216,18,6665340814
1081,8765080,1569274,10334354,4,0,0,8192,7,2820793155
1082,8779490,1963680,10743170,7,0,0,29696,19,5909820200
1083,8786320,1485285,10271605,3,0,0,13312,13,7092304861
1084,8786370,1795602,10581972,0,0,0,30208,17,7413045336
1085,8788360,20416859,29205219,7,0,1,3072,19,2909074275
1086,8794130,2960854,11754984,7,0,0,13824,19,8247690272
1087,8822130,2634074,11456204,5,0,0,13824,10,8084643224
1088,8822509,20390816,29213325,0,0,1,3072,17,2622123623
1089,8826090,1079491,9905581,7,0,0,23552,19,2677268560
1090,8829811,1783405,10613216,1,0,0,2560,0,8771535448
1091,8833840,2530930,11364770,5,0,0,12288,10,3510149771
1092,8837620,2253011,11090631,5,0,0,11776,10,6361733883
1093,8843280,2083596,10926876,0,0,0,51712,17,7469344103
1094,8843440,2838529,11681969,5,0,0,31232,10,7253838672
1095,8850391,1218713,10069104,1,0,0,12800,0,10593005448
1096,8863680,2407259,11270939,6,0,0,18944,19,941757405
1097,8883550,890496,9774046,4,0,0,6656,7,3165702126
1098,8886230,2808287,11694517,6,0,0,13824,19,5662688862
1099,8888200,2820309,11708509,3,0,0,17408,13,7062426077
1100,8894661,2834291,11728952,9,0,0,54784,17,4386218802
1101,8903050,1083678,9986728,7,0,0,17920,19,10519249794
1102,8909721,2988121,11897842,9,0,0,113664,17,763777608
1103,8911179,20302169,29213348,2,0,1,4096,18,6223571389
1104,8938120,20326496,29264616,9,0,1,20480,17,602669531
1105,8940801,1493525,10434326,1,0,0,512,0,4024335317
1106,8969141,903296,9872437,1,0,0,18432,0,7435605486
1107,8972500,2770210,11742710,6,0,0,16384,19,9172273349
1108,8978931,3068549,12047480,9,0,0,2560,17,10232284124
1109,8990660,2953441,11944101,8,0,0,40960,13,1853253349
1110,8995871,20307224,29303095,6,0,1,3072,19,7629763626
1111,8998310,2423147,11421457,0,0,0,5120,17,1558711796
1112,9001780,20339859,29341639,4,0,1,18432,7,5426314078
1113,9002131,1864789,10866920,9,0,0,11264,17,7329393740
1114,9004990,1611345,10616335,3,0,0,2048,13,5270325993
1115,9007830,2620672,11628502,3,0,0,7680,13,419713223
1116,9036930,2915968,11952898,5,0,0,6656,10,7364909946
1117,9042531,2589106,11631637,1,0,0,10240,0,5923097624
1118,9053880,3100838,12154718,5,0,0,62464,10,9150324802
1119,9057710,2517250,11574960,4,0,0,6144,7,6291004244
1120,9081250,758502,9839752,7,0,0,512,19,2774030403
1121,9097420,2999229,12096649,8,0,0,33792,13,525257402
1122,9106769,20236150,29342919,2,0,1,14336,18,3405582141
1123,9119880,2011939,11131819,2,0,0,5632,18,9078044646
1124,9122811,2652547,11775358,9,0,0,34304,17,7380838360
1125,9139140,2598563,11737703,8,0,0,28672,13,1000984090
1126,9141910,1038890,10180800,4,0,0,1024,7,5045563781
1127,9142680,2877508,12020188,4,0,0,90624,7,2129863458
1128,9169910,575984,9745894,5,0,0,6144,10,3365340708
1129,9188420,20164046,29352466,1,0,1,2048,0,10192562531
1130,9192490,1969515,11162005,8,0,0,1536,13,4149512635
1131,9194980,2849122,12044102,7,0,0,61440,19,8437726427
1132,9196921,2601013,11797934,1,0,0,18432,0,6014649622
1133,9207601,801607,10009208,9,0,0,3072,17,1726777165
1134,9210420,2864996,12075416,4,0,0,18432,7,2499614036
1135,9221440,2034726,11256166,6,0,0,36864,19,1671617381
1136,9232701,673207,9905908,1,0,0,1024,0,3810871364
1137,9238360,2224340,11462700,4,0,0,3584,7,118774695
1138,9248000,3223189,12471189,3,0,0,13312,13,2250657722
1139,9250681,2849735,12100416,9,0,0,12288,17,7074736569
1140,9253410,2998327,12251737,5,0,0,30720,10,2767489363
1141,9258630,897891,10156521,0,0,0,14848,17,6849603054
1142,9262630,2704175,11966805,4,0,0,45568,7,1460819110
1143,9265830,2725671,11991501,7,0,0,25088,19,10631960323
1144,9275720,20079012,29354732,3,0,1,3584,13,10177891979
1145,9287410,2305037,11592447,3,0,0,57344,13,8586165791
1146,9288600,2401051,11689651,0,0,0,2560,17,10288011044
1147,9306211,1280620,10586831,1,0,0,15872,0,7039403637
1148,9310130,1288294,10598424,7,0,0,4096,19,8306109853
1149,9320010,20046225,29366235,1,0,1,5632,0,5016034756
1150,9326390,2602237,11928627,7,0,0,50176,19,4686148078
1151,9342930,1824128,11167058,5,0,0,10240,10,3184823925
1152,9349140,3129465,12478605,3,0,0,1536,13,2297285265
1153,9349890,2734099,12083989,8,0,0,4608,13,3575662902
1154,9364360,1916149,11280509,6,0,0,20992,19,6335383250
1155,9368770,20020322,29389092,7,0,1,8192,19,1005624481
1156,9372860,2277200,11650060,5,0,0,60416,10,8490807099
1157,9374410,2181620,11556030,4,0,0,11776,7,9551696839
1158,9403719,19986244,29389963,2,0,1,12288,18,10501390589
1159,9407610,1292760,10700370,6,0,0,2048,19,7878876367
1160,9410450,2056199,11466649,7,0,0,12288,19,8648815575
1161,9415960,2867022,12282982,7,0,0,32256,19,435871942
1162,9421120,1876579,11297699,2,0,0,23040,18,4544936859
1163,9434781,20040688,29475469,6,0,1,4096,19,9941233722
1164,9435090,2471815,11906905,6,0,0,29696,19,3783145359
1165,9451230,535825,9987055,4,0,0,1024,7,6756034380
1166,9455920,2117137,11573057,0,0,0,55808,17,9091397871
1167,9464400,1384187,10848587,4,0,0,13824,7,5482301187
1168,9466810,3093270,12560080,3,0,0,10752,13,5082687146
1169,9467330,20008485,29475815,1,0,1,512,0,2088010416
1170,9467750,1797370,11265120,2,0,0,9728,18,6567007569
1171,9468160,2482516,11950676,0,0,0,21504,17,601160690
1172,9471060,419552,9890612,6,0,0,11264,19,9417360574
1173,9474450,20001711,29476161,3,0,1,512,13,1628677149
1174,9479430,1680657,11160087,7,0,0,12288,19,9179481722
1175,9479880,1704924,11184804,3,0,0,11264,13,5267269817
1176,9487279,19992748,29480027,0,0,1,6144,17,7212516999
1177,9488121,2709478,12197599,9,0,0,37888,17,1240875033
1178,9495541,710014,10205555,1,0,0,2048,0,152109830
1179,9496340,1464225,10960565,6,0,0,7168,19,1055884568
1180,9511809,19981443,29493252,0,0,1,7168,17,6524637086
1181,9515830,19977445,29493275,3,0,1,7680,13,9421044020
1182,9522870,19970428,29493298,3,0,1,3584,13,2221703424
1183,9529790,1437820,10967610,3,0,0,17920,13,5692134304
1184,9535860,836680,10372540,8,0,0,1024,13,3264281212
1185,9541310,840963,10382273,0,0,0,22016,17,6225279513
1186,9547080,2200021,11747101,8,0,0,14336,13,3652382862
1187,9553230,2630572,12183802,2,0,0,66048,18,7424507020
1188,9555370,2826827,12382197,0,0,0,47616,17,1166554571
1189,9566290,799824,10366114,8,0,0,43520,13,419299059
1190,9571711,802716,10374427,1,0,0,6144,0,5327552780
1191,9573431,1760241,11333672,9,0,0,23040,17,7832563292
1192,9605390,2556066,12161456,4,0,0,13312,7,2979517581
1193,9610281,2610987,12221268,9,0,0,11264,17,3686967438
1194,9615840,1878272,11494112,3,0,0,12800,13,8359127674
1195,9616850,2212444,11829294,4,0,0,3584,7,7922303649
1196,9626331,2737227,12363558,1,0,0,1536,0,10580202903
1197,9626340,2722905,12349245,0,0,0,131072,17,2345461817
1198,9642150,2027433,11669583,0,0,0,64000,17,2317324870
1199,9655820,19888569,29544389,1,0,1,21504,0,4472526000
1200,9669250,1047033,10716283,5,0,0,9728,10,544088935
1201,9672470,19891437,29563907,7,0,1,13312,19,8877448265
1202,9689220,19874710,29563930,1,0,1,2048,0,3376258473
1203,9703610,2481923,12185533,5,0,0,5632,10,8796778991
1204,9704470,3754010,13458480,0,0,0,33280,17,9467445461
1205,9741310,2444730,12186040,2,0,0,1536,18,10730815050
1206,9745300,2753304,12498604,3,0,0,65536,13,6506255552
1207,9752170,1865842,11618012,2,0,0,18944,18,6542587199
1208,9754130,1918308,11672438,0,0,0,9216,17,7642620106
1209,9771070,2179785,11950855,3,0,0,512,13,3201978949
1210,9780460,19783493,29563953,9,0,1,1024,17,4000785241
1211,9781910,790843,10572753,3,0,0,14336,13,6039154205
1212,9792421,2371242,12163663,1,0,0,7168,0,1640302700
1213,9792980,3191033,12984013,8,0,0,43520,13,7935924950
1214,9798160,2980071,12778231,5,0,0,30720,10,7745737468
1215,9798580,1725957,11524537,8,0,0,25600,13,4633123695
1216,9802290,1886558,11688848,0,0,0,22528,17,931842637
1217,9803110,2806684,12609794,6,0,0,24064,19,2112219477
1218,9822631,1264381,11087012,1,0,0,46080,0,9933560636
1219,9832810,2645304,12478114,4,0,0,12288,7,4151603862
1220,9840301,3673205,13513506,9,0,0,1024,17,3548623298
1221,9847060,1756532,11603592,7,0,0,14848,19,8905761048
1222,9848770,19715206,29563976,1,0,1,2560,0,1739487380
1223,9853071,2389275,12242346,9,0,0,50176,17,8867184860
1224,9853141,1841703,11694844,1,0,0,1024,0,6075072880
1225,9858130,650614,10508744,7,0,0,4096,19,8505023266
1226,9887639,19775645,29663284,5,0,1,4608,10,9819108247
1227,9913380,19749927,29663307,7,0,1,3584,19,7418041507
1228,9918470,2440002,12358472,7,0,0,30208,19,5860341492
1229,9924370,552598,10476968,3,0,0,6144,13,7979807525
1230,9939820,2689862,12629682,0,0,0,52736,17,8582814594
1231,9945081,19718249,29663330,6,0,1,5120,19,5378898931
1232,9956310,19817433,29773743,9,0,1,4096,17,10436467591
1233,9968630,19809619,29778249,7,0,1,7168,19,8454987601
1234,9969750,19824848,29794598,4,0,1,10240,7,7934129964
1235,9977940,976866,10954806,0,0,0,6144,17,9714511045
1236,9992820,1766695,11759515,4,0,0,4096,7,9456700415
1237,9997090,3645768,13642858,3,0,0,25088,13,3004035519
1238,9997750,19800380,29798130,8,0,1,4608,13,1343199212
1239,9999541,1970930,11970471,1,0,0,7680,0,5807694585
1240,10010460,3801606,13812066,4,0,0,10752,7,3129842108
1241,10014300,1777044,11791344,8,0,0,47616,13,4308365385
1242,10030110,2368380,12398490,2,0,0,8192,18,8097040857
1243,10034310,2464629,12498939,6,0,0,1024,19,10691886841
1244,10042170,2596457,12638627,4,0,0,7680,7,6379395346
1245,10051170,2158932,12210102,6,0,0,40960,19,1683720870
1246,10059911,347827,10407738,1,0,0,1536,0,2839447429
1247,10062491,2744541,12807032,1,0,0,37888,0,4050722358
1248,10065750,19772988,29838738,8,0,1,7168,13,9396466291
1249,10080130,1164781,11244911,2,0,0,59904,18,3354118146
1250,10082211,2614092,12696303,1,0,0,41472,0,8466602043
1251,10087451,2734424,12821875,1,0,0,48640,0,5674328044
1252,10097251,2671605,12768856,1,0,0,68608,0,500548210
1253,10097390,19792355,29889745,3,0,1,8704,13,3483419475
1254,10116780,1796536,11913316,3,0,0,20992,13,2234281538
1255,10135231,2653643,12788874,9,0,0,18432,17,3628518557
1256,10141040,19824643,29965683,9,0,1,5120,17,8727197870
1257,10147479,19822789,29970268,2,0,1,1024,18,3255947849
1258,10153090,19817201,29970291,1,0,1,4096,0,701138842
1259,10179681,2555056,12734737,9,0,0,29184,17,673759670
1260,10188900,19782621,29971521,7,0,1,4096,19,4261724759
1261,10193170,3864156,14057326,8,0,0,62976,13,852441221
1262,10198791,2164252,12363043,9,0,0,14848,17,3983239766
1263,10211740,2498204,12709944,8,0,0,13824,13,2280559085
1264,10213540,4439610,14653150,5,0,0,40448,10,8019124399
1265,10219070,2795960,13015030,8,0,0,43520,13,5711494536
1266,10221421,3275970,13497391,1,0,0,82944,0,10448562435
1267,10227621,2774134,13001755,1,0,0,2048,0,481691160
1268,10236520,19770588,30007108,9,0,1,11776,17,8681173875
1269,10236630,2266396,12503026,8,0,0,13312,13,1430408235
1270,10237370,797808,11035178,8,0,0,17920,13,9967618849
1271,10244660,19784813,30029473,3,0,1,8192,13,9700315215
1272,10249390,2677561,12926951,6,0,0,19456,19,5248745461
1273,10255039,19788018,30043057,5,0,1,24064,10,3166972220
1274,10259420,2207698,12467118,6,0,0,11264,19,2434028096
1275,10276420,2918204,13194624,5,0,0,101376,10,10211079
1276,10278310,1027876,11306186,8,0,0,27648,13,3339389190
1277,10281741,19783919,30065660,6,0,1,2048,19,5590527359
1278,10287220,19835012,30122232,8,0,1,6656,13,3805558575
1279,10293730,3843434,14137164,4,0,0,5632,7,3298041279
1280,10307910,2155753,12463663,5,0,0,90624,10,2591086559
1281,10309440,2961150,13270590,3,0,0,27136,13,8933095314
1282,10316460,633284,10949744,5,0,0,1536,10,2927420487
1283,10340250,1258787,11599037,4,0,0,19456,7,9309080529
1284,10368020,795895,11163915,4,0,0,5120,7,4878566514
1285,10368300,19763520,30131820,9,0,1,11776,17,746923829
1286,10382310,2993372,13375682,7,0,0,38400,19,9837473848
1287,10387271,1659342,12046613,1,0,0,8192,0,6199575174
1288,10389491,872634,11262125,1,0,0,19456,0,5643130627
1289,10390430,883644,11274074,8,0,0,10240,13,8981745830
1290,10393710,2456548,12850258,0,0,0,27136,17,9303778988
1291,10412371,2580907,12993278,9,0,0,13312,17,2782326703
1292,10413680,2692658,13106338,2,0,0,29696,18,19677866
1293,10419851,2097074,12516925,1,0,0,45568,0,534107542
1294,10427200,1540916,11968116,0,0,0,4096,17,4119609282
1295,10428630,2158976,12587606,4,0,0,13312,7,8706986282
1296,10429600,996132,11425732,4,0,0,2560,7,8557696335
1297,10430651,19701515,30132166,6,0,1,512,19,3718934851
1298,10440540,3656333,14096873,2,0,0,2048,18,4875943482
1299,10448880,713460,11162340,7,0,0,1024,19,1556740281
1300,10457540,19675292,30132832,3,0,1,1024,13,582808493
1301,10462140,3083249,13545389,5,0,0,11776,10,4082479644
1302,10468550,3234369,13702919,3,0,0,23552,13,3077037339
1303,10469610,2945502,13415112,0,0,0,16384,17,5338269089
1304,10488310,584639,11072949,0,0,0,6144,17,5142187313
1305,10488671,573632,11062303,1,0,0,9728,0,10693163003
1306,10489700,1312929,11802629,0,0,0,15360,17,4525519995
1307,10531560,4522514,15054074,0,0,0,19456,17,5286901456
1308,10550030,2646489,13196519,8,0,0,6144,13,3706525042
1309,10559901,4351865,14911766,9,0,0,4096,17,91022533
1310,10569850,19575862,30145712,3,0,1,14336,13,5808289803
1311,10577260,3453345,14030605,5,0,0,46080,10,6912630499
1312,10578229,19568149,30146378,0,0,1,11264,17,3475176284
1313,10597680,1483182,12080862,2,0,0,15360,18,279555727
1314,10603460,3286955,13890415,2,0,0,30720,18,3355741447
1315,10611710,2961172,13572882,4,0,0,79360,7,5153490237
1316,10613089,19552953,30166042,5,0,1,13312,10,6019787405
1317,10617730,2779355,13397085,5,0,0,70144,10,5615705011
1318,10622740,1169555,11792295,0,0,0,3072,17,8801087323
1319,10625701,19542607,30168308,6,0,1,3584,19,700237880
1320,10628340,2459437,13087777,0,0,0,8192,17,10713464584
1321,10634520,3403603,14038123,6,0,0,23040,19,10434016435
1322,10642500,2182682,12825182,6,0,0,10752,19,10125292181
1323,10646110,2072152,12718262,8,0,0,14848,13,8363821413
1324,10659411,4109925,14769336,9,0,0,57344,17,8674775196
1325,10662770,2990530,13653300,3,0,0,24576,13,148829112
1326,10667601,2755794,13423395,1,0,0,27136,0,2364400530
1327,10670240,2013396,12683636,4,0,0,45056,7,1941721438
1328,10683100,2977874,13660974,8,0,0,6656,13,4121267691
1329,10685100,2532361,13217461,5,0,0,51200,10,3078352835
1330,10693840,996450,11690290,4,0,0,2048,7,6138729025
1331,10698460,2005666,12704126,3,0,0,25600,13,9877912852
1332,10699391,2799278,13498669,1,0,0,1536,0,1398935039
1333,10703670,1321681,12025351,3,0,0,16896,13,9237238596
1334,10707249,19523505,30230754,2,0,1,9216,18,7848604045
1335,10712480,19554319,30266799,7,0,1,16896,19,7587840294
1336,10731280,1870453,12601733,0,0,0,8704,17,3981797912
1337,10733320,2959695,13693015,4,0,0,71680,7,4389628880
1338,10742420,1731935,12474355,4,0,0,3072,7,2855155651
1339,10748410,2030812,12779222,4,0,0,3072,7,2206991693
1340,10775971,2946341,13722312,1,0,0,39936,0,3557340089
1341,10777170,3152178,13929348,4,0,0,81408,7,9590208301
1342,10799650,19470055,30269705,9,0,1,4608,17,8738325973
1343,10804070,19468221,30272291,7,0,1,4096,19,110240309
1344,10807350,2947213,13754563,8,0,0,40960,13,3427693315
1345,10808650,1709538,12518188,8,0,0,4096,13,424658398
1346,10809171,1834015,12643186,1,0,0,5120,0,1256283075
1347,10813010,2021563,12834573,6,0,0,30720,19,9809679661
1348,10827510,1329875,12157385,6,0,0,8704,19,2768654402
1349,10839330,1469964,12309294,8,0,0,12800,13,5716794688
1350,10839441,1908182,12747623,1,0,0,512,0,1206541372
1351,10845660,19440536,30286196,9,0,1,8704,17,3222951603
1352,10846940,2074068,12921008,0,0,0,13824,17,9703823762
1353,10848230,1579692,12427922,5,0,0,4096,10,5503575421
1354,10858890,2363336,13222226,6,0,0,1536,19,7863018991
1355,10872220,2625966,13498186,4,0,0,2560,7,9228191206
1356,10883681,1420942,12304623,1,0,0,20992,0,8223977727
1357,10896620,2996634,13893254,7,0,0,9216,19,9261960686
1358,10928490,3337998,14266488,4,0,0,36864,7,1839489063
1359,10938190,19348029,30286219,4,0,1,1536,7,9771438630
1360,10945549,19472835,30418384,2,0,1,8704,18,7872628274
1361,10951920,19467298,30419218,8,0,1,6656,13,7961088737
1362,10956840,2093935,13050775,6,0,0,26624,19,10399972129
1363,10960230,19470779,30431009,1,0,1,18432,0,9121629891
1364,10968670,3328503,14297173,4,0,0,41984,7,9574722496
1365,10974650,1293040,12267690,0,0,0,11264,17,499565209
1366,10984101,1721616,12705717,1,0,0,5120,0,10077247157
1367,10985090,19451065,30436155,3,0,1,8192,13,4499285355
1368,10986110,2677531,13663641,4,0,0,8704,7,6788193112
1369,11000750,4382636,15383386,7,0,0,34304,19,5285678744
1370,11007621,2627578,13635199,1,0,0,22528,0,2648658922
1371,11037820,391500,11429320,4,0,0,4096,7,1608768308
1372,11040630,4148914,15189544,8,0,0,28160,13,1278204075
1373,11059161,753941,11813102,1,0,0,512,0,10511146103
1374,11064490,19373291,30437781,9,0,1,2560,17,1300726038
1375,11072730,2958358,14031088,6,0,0,1536,19,8742514598
1376,11082110,849496,11931606,0,0,0,9728,17,7671435366
1377,11108240,2895433,14003673,7,0,0,75264,19,8111126972
1378,11122480,1601410,12723890,4,0,0,3072,7,3532356226
1379,11131910,461184,11593094,0,0,0,2048,17,7611147806
1380,11135710,3586538,14722248,8,0,0,58368,13,7055803191
1381,11143850,1772923,12916773,7,0,0,20480,19,6511567954
1382,11144610,1800579,12945189,0,0,0,1536,17,4586168216
1383,11150830,2936261,14087091,8,0,0,5120,13,4261624859
1384,11154170,3182876,14337046,6,0,0,31232,19,6017626981
1385,11171800,1851404,13023204,4,0,0,21504,7,4520204110
1386,11182820,19295033,30477853,4,0,1,6656,7,9988281893
1387,11194560,3319804,14514364,5,0,0,7168,10,3526628661
1388,11194660,2570401,13765061,0,0,0,3072,17,6511430936
1389,11210361,19267515,30477876,6,0,1,512,19,3499944631
1390,11211120,1990718,13201838,5,0,0,17408,10,8721848649
1391,11211591,1629424,12841015,1,0,0,8192,0,3193132683
1392,11227899,19250811,30478710,0,0,1,17408,17,9599920474
1393,11227969,19273906,30501875,5,0,1,3072,10,4321876585
1394,11234170,1239218,12473388,4,0,0,7168,7,5087702323
1395,11235700,1157128,12392828,4,0,0,34816,7,7199096393
1396,11237471,19276314,30513785,6,0,1,3072,19,1230317302
1397,11237961,4318434,15556395,9,0,0,44544,17,3005765077
1398,11242120,19272647,30514767,1,0,1,3584,0,2635523795
1399,11250241,2586773,13837014,9,0,0,57344,17,4294631509
1400,11262531,1334555,12597086,9,0,0,4096,17,8724385611
1401,11265280,19249510,30514790,1,0,1,3072,0,8372787099
1402,11299861,2144095,13443956,9,0,0,33280,17,10489290560
1403,11316141,3574821,14890962,1,0,0,26624,0,1911272521
1404,11323940,1620766,12944706,4,0,0,41472,7,6079028944
1405,11338280,1200264,12538544,8,0,0,3072,13,802838426
1406,11365400,4358139,15723539,5,0,0,80896,10,7149597519
1407,11384480,1019649,12404129,5,0,0,18432,10,5697972516
1408,11393070,19121743,30514813,3,0,1,2048,13,2171284042
1409,11395620,19119216,30514836,4,0,1,10752,7,7960278652
1410,11412450,1621472,13033922,5,0,0,6656,10,6411147583
1411,11420100,1677175,13097275,7,0,0,15872,19,3553157855
1412,11420290,4397226,15817516,6,0,0,4608,19,6860984276
1413,11439380,2142877,13582257,8,0,0,30720,13,5572113487
1414,11445311,1879629,13324940,1,0,0,34304,0,427185522
1415,11449720,2561685,14011405,7,0,0,8704,19,8379916527
1416,11455471,2492350,13947821,9,0,0,8704,17,3962987285
1417,11460840,4464958,15925798,2,0,0,15360,18,9775183046
1418,11463280,19111252,30574532,9,0,1,10240,17,5572347172
1419,11469880,19113614,30583494,8,0,1,11264,13,6007696652
1420,11478870,2796868,14275738,4,0,0,24064,7,2608182189
1421,11478890,1817046,13295936,6,0,0,45568,19,4262290546
1422,11480500,1825911,13306411,8,0,0,34304,13,9860321584
1423,11488710,2939850,14428560,0,0,0,27136,17,5419773103
1424,11496451,2699714,14196165,1,0,0,34304,0,1479010762
1425,11513380,19108032,30621412,7,0,1,43520,19,3008072951
1426,11537181,2195488,13732669,9,0,0,33792,17,3988087501
1427,11544000,3373397,14917397,8,0,0,18432,13,8668389430
1428,11558130,2677830,14235960,7,0,0,130560,19,6356370753
1429,11564220,3449607,15013827,6,0,0,3072,19,9327936551
1430,11571911,1829261,13401172,9,0,0,13312,17,7013655905
1431,11586130,19096075,30682205,4,0,1,16384,7,9496454120
1432,11592540,3666119,15258659,5,0,0,17920,10,3744794878
1433,11612740,1608995,13221735,8,0,0,12800,13,7107822696
1434,11634150,19048401,30682551,1,0,1,512,0,5065074829
1435,11638580,3542361,15180941,6,0,0,26112,19,9757102082
1436,11640599,19044538,30685137,5,0,1,4096,10,8961079200
1437,11647151,2838682,14485833,9,0,0,72704,17,5345718304
1438,11705761,1204725,12910486,9,0,0,63488,17,5370336407
1439,11709110,2646515,14355625,4,0,0,60928,7,2656846577
1440,11732800,18953310,30686110,3,0,1,12800,13,1314493214
1441,11764440,4028126,15792566,4,0,0,17920,7,1383999569
1442,11768689,18998109,30766798,5,0,1,12800,10,6359664774
1443,11781301,1802219,13583520,1,0,0,4096,0,1435810202
1444,11815580,4296266,16111846,0,0,0,8704,17,6815620058
1445,11826360,1159548,12985908,8,0,0,6144,13,273892719
1446,11848950,670829,12519779,6,0,0,5120,19,1268816245
1447,11849470,1671920,13521390,2,0,0,11776,18,7314758825
1448,11886470,1114646,13001116,6,0,0,5120,19,98609024
1449,11917071,2158744,14075815,9,0,0,12288,17,13309388
1450,11934680,4469522,16404202,2,0,0,38400,18,6160254861
1451,11947970,2297373,14245343,8,0,0,30720,13,3702668423
1452,11951830,1852487,13804317,5,0,0,28160,10,8460403656
1453,11951991,458721,12410712,1,0,0,21504,0,9547552523
1454,11952790,923936,12876726,7,0,0,2048,19,10674004652
1455,11959350,18807471,30766821,4,0,1,4096,7,9667873972
1456,11959911,2549431,14509342,9,0,0,3072,17,64473085
1457,11961650,2400424,14362074,6,0,0,1024,19,4049643958
1458,11976711,2467265,14443976,1,0,0,5632,0,8198714514
1459,11988520,2537457,14525977,5,0,0,32256,10,7823008762
1460,12007670,2552713,14560383,2,0,0,9216,18,3755142109
1461,12012271,826217,12838488,1,0,0,12800,0,4044041889
1462,12017180,1653980,13671160,7,0,0,24576,19,2306239140
1463,12017800,18749044,30766844,9,0,1,3584,17,2448219920
1464,12020601,2075633,14096234,9,0,0,15872,17,8027644502
1465,12026541,2650220,14676761,1,0,0,4096,0,8132366881
1466,12027900,368063,12395963,8,0,0,10240,13,9633584740
1467,12028450,828172,12856622,3,0,0,11776,13,4293823834
1468,12030860,4506634,16537494,4,0,0,49152,7,7098558322
1469,12037370,710082,12747452,8,0,0,27648,13,10352285734
1470,12042540,1934374,13976914,5,0,0,11264,10,6416555124
1471,12044680,2743610,14788290,8,0,0,31232,13,10175410298
1472,12045910,2655046,14700956,8,0,0,79360,13,9897473754
1473,12052310,1654056,13706366,0,0,0,11264,17,8917179802
1474,12053391,1790814,13844205,1,0,0,23552,0,10216171777
1475,12055550,2555575,14611125,4,0,0,48128,7,5274523682
1476,12058551,18708316,30766867,6,0,1,1024,19,10723469426
1477,12064961,2078146,14143107,1,0,0,19456,0,5146725316
1478,12091720,540886,12632606,7,0,0,8192,19,9693784714
1479,12097061,2699707,14796768,1,0,0,26624,0,8544428703
1480,12101871,897662,12999533,9,0,0,20480,17,7067812316
1481,12103660,3901697,16005357,6,0,0,3584,19,10397431135
1482,12107120,2450432,14557552,8,0,0,14848,13,7977355970
1483,12116691,1783845,13900536,9,0,0,2560,17,184548811
1484,12120100,18646790,30766890,8,0,1,2560,13,9859282007
1485,12142240,3419170,15561410,7,0,0,16384,19,1570778009
1486,12155050,3236783,15391833,8,0,0,27648,13,8022055795
1487,12158590,1814877,13973467,6,0,0,16384,19,2765613021
1488,12162600,1995825,14158425,2,0,0,42496,18,447576429
1489,12178740,2486059,14664799,2,0,0,17920,18,7036965620
1490,12205990,18560923,30766913,8,0,1,8192,13,308587134
1491,12211030,1531014,13742044,4,0,0,30720,7,8123698982
1492,12219310,998486,13217796,2,0,0,1024,18,215571156
1493,12224440,18549274,30773714,4,0,1,10752,7,967370006
1494,12229200,787421,13016621,8,0,0,5120,13,7421708201
1495,12231950,18541787,30773737,7,0,1,9216,19,10305325793
1496,12250210,2528517,14778727,5,0,0,30720,10,2691712788
1497,12256730,1688424,13945154,5,0,0,15872,10,8809157469
1498,12271780,2369023,14640803,4,0,0,96768,7,2863353294
1499,12277410,1126601,13404011,4,0,0,9216,7,7905311817
1500,12278020,18525240,30803260,4,0,1,16896,7,8563521147
1501,12281310,1776695,14058005,4,0,0,2048,7,10605617870
1502,12286950,2581734,14868684,8,0,0,10240,13,372758234
1503,12293010,1046265,13339275,4,0,0,5120,7,7602321438
1504,12302810,1010020,13312830,3,0,0,20992,13,3328986996
1505,12314940,4307496,16622436,8,0,0,9216,13,10096526788
1506,12318680,18518417,30837097,4,0,1,1536,7,5027326718
1507,12326560,2525682,14852242,3,0,0,49664,13,1298599390
1508,12329380,1972527,14301907,7,0,0,3072,19,7544878828
1509,12333920,3414641,15748561,0,0,0,78336,17,1970465666
1510,12346350,1264238,13610588,5,0,0,13312,10,8038175026
1511,12347990,1416112,13764102,7,0,0,31232,19,5852990331
1512,12348571,1123525,13472096,9,0,0,39936,17,1616310019
1513,12351900,2859879,15211779,6,0,0,6656,19,1712739057
1514,12371071,3222169,15593240,1,0,0,14336,0,1535297419
1515,12380821,18621376,31002197,6,0,1,32256,19,5874215132
1516,12385210,2700279,15085489,3,0,0,37376,13,6793048292
1517,12387100,18636706,31023806,7,0,1,6144,19,520614990
1518,12395490,4408885,16804375,5,0,0,127488,10,2542375333
1519,12401970,2335220,14737190,8,0,0,47104,13,1145696656
1520,12407910,2601414,15009324,2,0,0,49664,18,6674249190
1521,12411020,2583157,14994177,8,0,0,45568,13,3446219481
1522,12445760,3541722,15987482,8,0,0,14336,13,6199631501
1523,12451470,1417898,13869368,7,0,0,10240,19,1384467045
1524,12454910,2136893,14591803,5,0,0,512,10,7426822404
1525,12462130,1793087,14255217,5,0,0,25088,10,614250324
1526,12464860,2643174,15108034,6,0,0,59904,19,2870117009
1527,12465490,3715544,16181034,5,0,0,15360,10,4813028933
1528,12471380,2881947,15353327,0,0,0,61440,17,2468137755
1529,12473360,690353,13163713,3,0,0,20480,13,870923026
1530,12474539,18556475,31031014,2,0,1,4096,18,3896272213
1531,12491220,18539817,31031037,4,0,1,3584,7,8606523698
1532,12493100,2019065,14512165,8,0,0,9216,13,6936452746
1533,12501651,2972365,15474016,9,0,0,27648,17,9755071830
1534,12504910,18668807,31173717,1,0,1,36864,0,2205000256
1535,12518230,2093066,14611296,3,0,0,512,13,6496084593
1536,12524730,2028283,14553013,2,0,0,65536,18,9300997478
1537,12525729,18652677,31178406,5,0,1,8192,10,635483770
1538,12534571,738344,13272915,1,0,0,4096,0,7245265438
1539,12543420,18638532,31181952,9,0,1,5632,17,4835806885
1540,12543430,1043240,13586670,7,0,0,7680,19,6692763558
1541,12564730,1966384,14531114,7,0,0,8192,19,8064532632
1542,12564890,18702433,31267323,7,0,1,1024,19,3245835809
1543,12566400,2236943,14803343,2,0,0,21504,18,1400074051
1544,12572890,3775865,16348755,8,0,0,2048,13,8097494113
1545,12580560,3517910,16098470,4,0,0,18432,7,3489766543
1546,12581760,1924680,14506440,5,0,0,67584,10,3147343739
1547,12589400,18678691,31268091,2,0,1,11776,18,4324784342
1548,12590250,2246845,14837095,8,0,0,26624,13,5141238257
1549,12603091,386108,12989199,1,0,0,10752,0,8586071677
1550,12604470,4323633,16928103,8,0,0,45568,13,3104416118
1551,12610160,1766861,14377021,6,0,0,6656,19,8257928253
1552,12613090,3568435,16181525,3,0,0,1536,13,1576524727
1553,12614670,2506031,15120701,3,0,0,41472,13,4581630465
1554,12622520,2338794,14961314,8,0,0,4096,13,595366016
1555,12625850,3858158,16484008,7,0,0,70144,19,5739599410
1556,12630280,4605034,17235314,0,0,0,65536,17,9599533049
1557,12633750,1025181,13658931,6,0,0,18432,19,10115905550
1558,12635419,18657261,31292680,2,0,1,5120,18,6962488012
1559,12640160,3031776,15671936,0,0,0,72704,17,9024731532
1560,12640360,2765026,15405386,8,0,0,16384,13,576750691
1561,12653360,1418428,14071788,7,0,0,12288,19,8817443224
1562,12659410,2044696,14704106,0,0,0,7680,17,3083956988
1563,12672300,1836091,14508391,6,0,0,6144,19,3204309571
1564,12672490,2304106,14976596,7,0,0,13824,19,5958280259
1565,12683650,4791976,17475626,4,0,0,35328,7,10257486126
1566,12692619,18601028,31293647,0,0,1,7168,17,7354344096
1567,12698530,3055826,15754356,2,0,0,18944,18,10705595684
1568,12710510,4613946,17324456,6,0,0,4096,19,6428610404
1569,12720420,18632881,31353301,8,0,1,512,13,3552786805
1570,12725470,1575478,14300948,2,0,0,12288,18,2548430943
1571,12727230,2773375,15500605,8,0,0,3072,13,6754883047
1572,12732770,3274638,16007408,2,0,0,6656,18,4675750427
1573,12733570,2804839,15538409,0,0,0,52736,17,2512945925
1574,12757720,2493481,15251201,5,0,0,53248,10,8107459871
1575,12761150,2328566,15089716,6,0,0,13824,19,7509879024
1576,12763400,2930399,15693799,6,0,0,71680,19,2061875000
1577,12764440,4809905,17574345,3,0,0,27136,13,8479151213
1578,12768341,815974,13584315,9,0,0,2560,17,2008985662
1579,12775820,2516827,15292647,8,0,0,39424,13,6153338174
1580,12784720,18568604,31353324,4,0,1,8192,7,1284170844
1581,12795630,2114865,14910495,7,0,0,25600,19,6483799005
1582,12799861,972425,13772286,9,0,0,5632,17,4690842777
1583,12803551,18575943,31379494,6,0,1,13824,19,5128629270
1584,12810240,4893638,17703878,5,0,0,20992,10,6172787562
1585,12813091,1842953,14656044,9,0,0,3584,17,8502840176
1586,12828020,2896642,15724662,7,0,0,3584,19,3919682888
1587,12840890,18676651,31517541,3,0,1,512,13,9965146080
1588,12846550,18692253,31538803,3,0,1,33280,13,7986121082
1589,12849830,2052850,14902680,0,0,0,15360,17,264565666
1590,12867720,3594885,16462605,6,0,0,45568,19,9327046663
1591,12871090,2947393,15818483,5,0,0,3072,10,7587754831
1592,12889689,18649137,31538826,0,0,1,2048,17,8741681751
1593,12890840,2258497,15149337,4,0,0,29696,7,8605778882
1594,12891940,2877625,15769565,0,0,0,4608,17,2302036822
1595,12894800,2179278,15074078,5,0,0,49664,10,7354327555
1596,12895471,3127923,16023394,9,0,0,46592,17,5041246272
1597,12895700,1479278,14374978,5,0,0,29696,10,4952710973
1598,12900899,18637950,31538849,5,0,1,9216,10,9070989477
1599,12922819,18618572,31541391,5,0,1,12800,10,1918612348
1600,12942121,18656881,31599002,6,0,1,6144,19,9871411177
1601,12945630,18653395,31599025,4,0,1,6656,7,1494894911
1602,12959290,2238412,15197702,7,0,0,10752,19,1612823790
1603,12972140,3336069,16308209,4,0,0,11776,7,6480182921
1604,12979780,1036370,14016150,3,0,0,12288,13,4396098726
1605,12986750,2893398,15880148,7,0,0,5120,19,7054606644
1606,13001601,2571274,15572875,1,0,0,13824,0,2475744332
1607,13008040,4810048,17818088,4,0,0,97280,7,8892709883
1608,13010660,2798667,15809327,0,0,0,23040,17,7534985526
1609,13011900,861116,13873016,4,0,0,2048,7,3714678635
1610,13029350,4041620,17070970,5,0,0,27136,10,6367498175
1611,13050450,18602009,31652459,4,0,1,1536,7,8544638156
1612,13051410,2735673,15787083,3,0,0,31232,13,10591184459
1613,13056470,2593291,15649761,4,0,0,64512,7,3575364470
1614,13059991,1689347,14749338,1,0,0,7680,0,3538126699
1615,13068730,1719903,14788633,2,0,0,1024,18,10465665444
1616,13077860,18574817,31652677,8,0,1,1024,13,7886352725
1617,13091990,18573634,31665624,4,0,1,15360,7,17230152
1618,13094490,18598705,31693195,9,0,1,19968,17,978165032
1619,13095920,2265258,15361178,3,0,0,22528,13,1808935756
1620,13101400,18595518,31696918,9,0,1,1536,17,2646812786
1621,13111300,2123654,15234954,4,0,0,45056,7,9780670227
1622,13131300,1615421,14746721,3,0,0,31232,13,4524619542
1623,13132151,18571792,31703943,6,0,1,15360,19,1449154209
1624,13141949,18619650,31761599,0,0,1,6144,17,3181439627
1625,13153350,4033014,17186364,5,0,0,25600,10,4386946737
1626,13159180,4799125,17958305,4,0,0,37376,7,1047979037
1627,13175281,2019122,15194403,9,0,0,15872,17,1311138825
1628,13185771,3556572,16742343,1,0,0,72704,0,3333871786
1629,13193390,3360507,16553897,4,0,0,53760,7,3060126833
1630,13205431,1737493,14942924,1,0,0,39424,0,9701344546
1631,13210370,1465128,14675498,5,0,0,27136,10,727418655
1632,13212670,1911018,15123688,6,0,0,9728,19,9932722481
1633,13214790,18546832,31761622,4,0,1,7168,7,7802237669
1634,13246031,1136819,14382850,9,0,0,5120,17,4258621291
1635,13250820,2517310,15768130,7,0,0,37376,19,8409425700
1636,13255930,889532,14145462,4,0,0,7680,7,3757433769
1637,13275010,2322322,15597332,0,0,0,2560,17,10226044331
1638,13284900,3599891,16884791,2,0,0,16384,18,9826546557
1639,13291810,3737837,17029647,8,0,0,32256,13,915518386
1640,13299350,2131249,15430599,3,0,0,11776,13,6667731953
1641,13311109,18460973,31772082,2,0,1,9216,18,1486301150
1642,13328940,1372811,14701751,2,0,0,2560,18,3320676007
1643,13329060,939331,14268391,0,0,0,6144,17,6075623424
1644,13340190,18442629,31782819,2,0,1,9216,18,8351080586
1645,13343400,18441164,31784564,4,0,1,4096,7,9078565780
1646,13354160,1563876,14918036,5,0,0,2048,10,8048842199
1647,13361310,2337558,15698868,0,0,0,4608,17,5313566208
1648,13364560,882990,14247550,4,0,0,7168,7,9556765475
1649,13369030,18512573,31881603,8,0,1,512,13,5404865726
1650,13381950,2510902,15892852,4,0,0,31744,7,4402644306
1651,13389680,2718275,16107955,0,0,0,14848,17,3435404077
1652,13390070,470232,13860302,3,0,0,11264,13,1360922241
1653,13405990,2582139,15988129,6,0,0,2048,19,7228529250
1654,13409240,2400898,15810138,3,0,0,2560,13,443892469
1655,13421080,2147560,15568640,6,0,0,6656,19,9225295074
1656,13421240,1330609,14751849,4,0,0,8192,7,7518371970
1657,13427310,18456646,31883956,4,0,1,4608,7,4179768518
1658,13464021,2675877,16139898,9,0,0,21504,17,8184209246
1659,13502740,1822831,15325571,0,0,0,9216,17,9398214149
1660,13505781,857772,14363553,9,0,0,4096,17,8139618074
1661,13520980,1978666,15499646,0,0,0,19968,17,2471169761
1662,13528801,1748799,15277600,9,0,0,51200,17,6478787015
1663,13590150,1690462,15280612,3,0,0,5632,13,1937531597
1664,13605690,2171854,15777544,4,0,0,26112,7,952455301
1665,13609051,2213199,15822250,9,0,0,12288,17,8378936340
1666,13623470,18262432,31885902,3,0,1,3072,13,4159250424
1667,13632540,1171450,14803990,7,0,0,2048,19,520242551
1668,13643470,919128,14562598,6,0,0,7168,19,9905049875
1669,13653040,726029,14379069,7,0,0,4608,19,6827082287
1670,13657681,4590929,18248610,1,0,0,120320,0,9421339679
1671,13702980,1790559,15493539,3,0,0,64000,13,6327344479
1672,13706770,2171795,15878565,2,0,0,36864,18,9591086309
1673,13712560,3114371,16826931,7,0,0,50688,19,147004485
1674,13713600,2191005,15904605,6,0,0,21504,19,8542486462
1675,13732500,2271742,16004242,7,0,0,23040,19,7841593437
1676,13733661,2509588,16243249,9,0,0,34304,17,10155376399
1677,13735460,18153668,31889128,4,0,1,5120,7,4647421046
1678,13752080,3611757,17363837,3,0,0,38400,13,4028714411
1679,13755680,1639764,15395444,7,0,0,11776,19,5513422771
1680,13762801,2556039,16318840,1,0,0,34816,0,4730019131
1681,13764811,3622191,17387002,1,0,0,55808,0,9617493174
1682,13767790,2803812,16571602,0,0,0,9728,17,9807088186
1683,13779520,2080302,15859822,5,0,0,30208,10,4070686601
1684,13783780,18108574,31892354,4,0,1,5120,7,6130217724
1685,13786630,2602173,16388803,2,0,0,47104,18,3469334311
1686,13797540,1717284,15514824,3,0,0,46592,13,8433614431
1687,13802030,2607678,16409708,3,0,0,2560,13,10119407716
1688,13810160,844753,14654913,3,0,0,5632,13,15835932
1689,13852250,18135165,31987415,8,0,1,2048,13,2012707407
1690,13875450,2394833,16270283,5,0,0,37888,10,4897975094
1691,13888410,18099028,31987438,9,0,1,3072,17,5142581802
1692,13889751,1934082,15823833,1,0,0,5120,0,9954659298
1693,13895620,1409085,15304705,4,0,0,25600,7,5755380580
1694,13913250,18155213,32068463,8,0,1,4608,13,9307622927
1695,13913280,1629520,15542800,7,0,0,14336,19,6776966523
1696,13918801,18184030,32102831,6,0,1,5120,19,1198207002
1697,13923350,493786,14417136,4,0,0,9216,7,1175028390
1698,13958720,2299996,16258716,2,0,0,50688,18,217796737
1699,13974620,3449656,17424276,5,0,0,2048,10,1191150518
1700,13995250,2953872,16949122,4,0,0,30208,7,4960892507
1701,14006320,18096534,32102854,4,0,1,9728,7,10507264466
1702,14021350,3618260,17639610,6,0,0,24576,19,2948785318
1703,14032840,2166671,16199511,4,0,0,512,7,8210818207
1704,14040991,1566969,15607960,1,0,0,29184,0,7814399176
1705,14041140,1567623,15608763,0,0,0,2560,17,7940140503
1706,14041170,2296271,16337441,6,0,0,22016,19,9623057579
1707,14052590,18262293,32314883,7,0,1,10240,19,9808141611
1708,14062090,1740194,15802284,3,0,0,25088,13,6782470375
1709,14071290,18243616,32314906,1,0,1,512,0,2201388432
1710,14072481,2494387,16566868,1,0,0,42496,0,4281370943
1711,14084559,18237101,32321660,0,0,1,2560,17,2753998214
1712,14101190,1714899,15816089,3,0,0,19456,13,9433972418
1713,14107460,2380315,16487775,6,0,0,12288,19,5723907951
1714,14132940,2380273,16513213,5,0,0,5632,10,1154077218
1715,14162580,2468374,16630954,0,0,0,16384,17,5340683154
1716,14164610,18157073,32321683,7,0,1,2048,19,10324789627
1717,14174529,18147185,32321714,0,0,1,2048,17,10475058844
1718,14175150,2125364,16300514,4,0,0,5120,7,6269105302
1719,14188710,3359982,17548692,2,0,0,25600,18,6188716964
1720,14190640,18131097,32321737,7,0,1,3072,19,7439540471
1721,14206960,1126144,15333104,0,0,0,9728,17,10132344472
1722,14215020,2537330,16752350,7,0,0,32768,19,27600468
1723,14216210,3460419,17676629,6,0,0,6144,19,5800633047
1724,14227190,2808751,17035941,0,0,0,6656,17,8972459173
1725,14247570,456871,14704441,6,0,0,1024,19,10655246375
1726,14264800,2546664,16811464,4,0,0,8192,7,1208791062
1727,14268150,2716945,16985095,2,0,0,39424,18,2107060858
1728,14269870,18051890,32321760,7,0,1,1536,19,6013351365
1729,14273430,18048353,32321783,1,0,1,8704,0,6513099319
1730,14274180,4021611,18295791,6,0,0,137216,19,5409032825
1731,14276150,2897928,17174078,6,0,0,10752,19,6536996466
1732,14281591,845864,15127455,1,0,0,12288,0,9869590906
1733,14285590,2628606,16914196,0,0,0,23040,17,4198580276
1734,14289480,3546883,17836363,0,0,0,59904,17,1517115323
1735,14292730,18192781,32485511,7,0,1,16896,19,6572971358
1736,14297940,4395338,18693278,4,0,0,18944,7,8965412933
1737,14318540,1620919,15939459,5,0,0,4096,10,7163249873
1738,14322710,18164427,32487137,7,0,1,2560,19,6006267220
1739,14326021,3638726,17964747,9,0,0,11264,17,4195541404
1740,14337091,2752356,17089447,9,0,0,15360,17,9189209262
1741,14345260,18142236,32487496,1,0,1,9728,0,101375745
1742,14351580,18209715,32561295,4,0,1,4096,7,5688317492
1743,14384380,18178221,32562601,7,0,1,2048,19,1913394536
1744,14386400,2109042,16495442,2,0,0,25088,18,3716757481
1745,14388531,2420414,16808945,1,0,0,10240,0,2176946282
1746,14391541,4064492,18456033,1,0,0,29696,0,5873838700
1747,14395040,2512105,16907145,5,0,0,16896,10,10300073024
1748,14402500,1810481,16212981,6,0,0,39424,19,5654705297
1749,14404420,1641624,16046044,2,0,0,35840,18,231227013
1750,14405761,1793571,16199332,9,0,0,58368,17,9622368923
1751,14428221,469536,14897757,9,0,0,21504,17,3991086092
1752,14440540,18217944,32658484,7,0,1,5632,19,5851114519
1753,14453950,1340667,15794617,5,0,0,6656,10,498142842
1754,14456220,1935882,16392102,2,0,0,10752,18,3435966054
1755,14459580,2235431,16695011,6,0,0,51712,19,7603979736
1756,14470550,2460875,16931425,4,0,0,1536,7,7438092080
1757,14474230,4489377,18963607,5,0,0,59904,10,10520469763
1758,14477330,1460858,15938188,2,0,0,30208,18,1220374294
1759,14479751,2159944,16639695,9,0,0,8704,17,10189936604
1760,14482480,2623841,17106321,4,0,0,17408,7,495097233
1761,14483611,1273108,15756719,1,0,0,7680,0,5198822211
1762,14486410,2576269,17062679,7,0,0,26624,19,7989462393
1763,14487160,3635499,18122659,6,0,0,29696,19,7537158778
1764,14505510,2063105,16568615,5,0,0,5632,10,10020450919
1765,14521420,3326065,17847485,4,0,0,15872,7,8018066609
1766,14531480,3842160,18373640,4,0,0,80384,7,9908408096
1767,14538410,18120097,32658507,9,0,1,3584,17,4504811649
1768,14550530,1605620,16156150,0,0,0,23040,17,8226554281
1769,14552239,18106291,32658530,2,0,1,3584,18,979138783
1770,14557121,2454072,17011193,9,0,0,26112,17,6637953339
1771,14558879,18158862,32717741,2,0,1,12800,18,5166392306
1772,14559189,18158575,32717764,5,0,1,9728,10,3352767390
1773,14565410,18164900,32730310,4,0,1,3584,7,9531080762
1774,14570119,18222916,32793035,5,0,1,34304,10,3765035225
1775,14588740,3844861,18433601,6,0,0,32768,19,4246530475
1776,14598130,3418665,18016795,2,0,0,51712,18,4920399481
1777,14608071,4227099,18835170,1,0,0,15360,0,3503394121
1778,14623369,18360210,32983579,5,0,1,26624,10,1895024184
1779,14624990,3247330,17872320,0,0,0,81408,17,8513212361
1780,14625510,1575436,16200946,6,0,0,4608,19,4557915629
1781,14626781,2907699,17534480,1,0,0,8704,0,2987267930
1782,14628600,1820098,16448698,3,0,0,28160,13,1954468289
1783,14632190,2452554,17084744,4,0,0,13824,7,6265323997
1784,14641310,2186892,16828202,7,0,0,4096,19,4719597965
1785,14657840,18381177,33039017,3,0,1,1024,13,3147450744
1786,14662900,2239074,16901974,6,0,0,56320,19,4447416555
1787,14667000,3062300,17729300,2,0,0,5632,18,3185716049
1788,14689400,2876654,17566054,4,0,0,8192,7,5923744439
1789,14693309,18345731,33039040,0,0,1,9216,17,5126820416
1790,14700110,2652004,17352114,7,0,0,45568,19,4137384107
1791,14709400,1969832,16679232,5,0,0,34304,10,4485885878
1792,14713060,2483135,17196195,3,0,0,13824,13,917493099
1793,14726610,1154653,15881263,4,0,0,3584,7,5585609698
1794,14732801,1561739,16294540,9,0,0,47616,17,5487608766
1795,14737080,18687505,33424585,4,0,1,3072,7,5599829732
1796,14744390,2336119,17080509,5,0,0,31232,10,7698178769
1797,14749260,3818816,18568076,4,0,0,2048,7,886340527
1798,14751241,4094724,18845965,9,0,0,35328,17,1730750323
1799,14759320,2243894,17003214,6,0,0,59392,19,4235343971
1800,14768771,2204273,16973044,9,0,0,57856,17,10262156479
1801,14773271,2502235,17275506,1,0,0,39424,0,7203321818
1802,14773910,18651981,33425891,3,0,1,2048,13,10089219167
1803,14779070,3221946,18001016,4,0,0,39424,7,7139011333
1804,14782830,2022972,16805802,4,0,0,4608,7,6271732923
1805,14785200,781381,15566581,7,0,0,16896,19,3685756801
1806,14790921,905241,15696162,1,0,0,7680,0,9172935040
1807,14816260,18610617,33426877,8,0,1,1536,13,7671010753
1808,14817561,1261966,16079527,1,0,0,12288,0,5378281261
1809,14820080,2119636,16939716,2,0,0,27136,18,8193908109
1810,14823181,1083631,15906812,9,0,0,7168,17,9031814461
1811,14843501,3818142,18661643,1,0,0,65024,0,10520478831
1812,14850200,2441635,17291835,0,0,0,19968,17,6834364624
1813,14855720,306618,15162338,6,0,0,7168,19,3888253870
1814,14862831,1574677,16437508,1,0,0,26112,0,6958320191
1815,14866110,18846194,33712304,1,0,1,72704,0,7892612957
1816,14871500,2498475,17369975,6,0,0,1024,19,10169952521
1817,14873930,18840960,33714890,3,0,1,4096,13,2661445835
1818,14874130,3379830,18253960,2,0,0,6656,18,3258910147
1819,14879520,4154727,19034247,3,0,0,17920,13,68978582
1820,14883090,413792,15296882,3,0,0,13824,13,775992995
1821,14886900,18861120,33748020,7,0,1,13312,19,5946984496
1822,14897460,1513363,16410823,7,0,0,3584,19,4499675139
1823,14897941,3063351,17961292,1,0,0,9728,0,5281601910
1824,14900280,2621201,17521481,0,0,0,48640,17,1637741888
1825,14914650,2179508,17094158,6,0,0,15360,19,6287027257
1826,14919621,3027265,17946886,9,0,0,39424,17,5504467224
1827,14920470,4187354,19107824,7,0,0,31744,19,3773643097
1828,14921270,1842179,16763449,7,0,0,36352,19,6942436334
1829,14922550,2333246,17255796,4,0,0,48128,7,3262267134
1830,14923450,1689665,16613115,7,0,0,7168,19,2199284450
1831,14935320,2472461,17407781,6,0,0,68096,19,3463717453
1832,14939670,18811896,33751566,9,0,1,5632,17,437711538
1833,14940190,1358741,16298931,3,0,0,14336,13,2577508928
1834,14942930,3990211,18933141,0,0,0,50176,17,5934497150
1835,14946019,18821670,33767689,0,0,1,10752,17,9588610739
1836,14949970,413883,15363853,7,0,0,8704,19,8725392037
1837,14961910,1993475,16955385,3,0,0,20480,13,883232028
1838,14964490,2448173,17412663,6,0,0,15872,19,8667767502
1839,14971041,3016661,17987702,1,0,0,75264,0,3090438862
1840,14976690,18806090,33782780,3,0,1,2048,13,10548973881
1841,14978601,2478746,17457347,9,0,0,33280,17,1989937137
1842,14984721,2438908,17423629,9,0,0,11776,17,6937809082
1843,15008310,1706568,16714878,6,0,0,29696,19,10070801963
1844,15016020,3008355,18024375,7,0,0,7680,19,1559395931
1845,15038800,3435843,18474643,4,0,0,15872,7,4935117157
1846,15044390,1534408,16578798,5,0,0,5632,10,184897121
1847,15048470,4197181,19245651,4,0,0,13824,7,5269775766
1848,15053350,1666370,16719720,3,0,0,13312,13,9986175845
1849,15053960,2000576,17054536,3,0,0,60928,13,8354588390
1850,15059291,3023355,18082646,1,0,0,47104,0,10311841837
1851,15066350,2458586,17524936,6,0,0,11264,19,833682451
1852,15068890,1103216,16172106,0,0,0,11264,17,3628998751
1853,15075690,2344328,17420018,2,0,0,24064,18,5871645536
1854,15077680,18712345,33790025,4,0,1,5120,7,4846965111
1855,15079750,2594984,17674734,6,0,0,13824,19,3945274781
1856,15097440,2093939,17191379,0,0,0,16384,17,916507300
1857,15102160,3291321,18393481,4,0,0,5632,7,10407979442
1858,15102670,3286616,18389286,7,0,0,18944,19,5791083881
1859,15108231,4556167,19664398,1,0,0,102400,0,224601974
1860,15109981,830593,15940574,1,0,0,3584,0,6862675458
1861,15112810,1160327,16273137,5,0,0,5120,10,4083241253
1862,15115440,4661360,19776800,0,0,0,99328,17,344582940
1863,15116500,3659231,18775731,7,0,0,6656,19,8908803974
1864,15134630,1362863,16497493,4,0,0,6656,7,9506388938
1865,15172450,18649640,33822090,7,0,1,19968,19,4942946143
1866,15173781,2927608,18101389,1,0,0,61440,0,2427081478
1867,15188380,2052729,17241109,6,0,0,18944,19,747120959
1868,15197829,18726849,33924678,0,0,1,17920,17,6777455674
1869,15215980,1803816,17019796,4,0,0,28160,7,7910976509
1870,15219911,2118296,17338207,1,0,0,45056,0,2815347282
1871,15221550,2271005,17492555,6,0,0,1536,19,10009110306
1872,15233839,18833002,34066841,5,0,1,10240,10,10042603209
1873,15247101,2045537,17292638,1,0,0,2560,0,9861573320
1874,15249631,1159274,16408905,1,0,0,15360,0,1934895875
1875,15268380,2295155,17563535,5,0,0,48640,10,2427856812
1876,15283419,18895538,34178957,0,0,1,512,17,9498609378
1877,15292050,2608770,17900820,5,0,0,37376,10,5462031276
1878,15317880,1547754,16865634,0,0,0,37376,17,287993448
1879,15331871,365562,15697433,1,0,0,4096,0,7582723497
1880,15343510,18835470,34178980,8,0,1,7680,13,4260530664
1881,15352341,18850244,34202585,6,0,1,6144,19,7105844327
1882,15352770,18851006,34203776,4,0,1,10240,7,9825012665
1883,15362690,3855636,19218326,4,0,0,5120,7,5063618165
1884,15367230,2131041,17498271,3,0,0,4608,13,1316929008
1885,15367550,3102234,18469784,6,0,0,45056,19,6261018541
1886,15378031,1772653,17150684,9,0,0,1536,17,4341753421
1887,15378130,18850588,34228718,3,0,1,10240,13,6065284528
1888,15381530,1988110,17369640,7,0,0,18944,19,744156976
1889,15381930,1557965,16939895,2,0,0,512,18,10701669861
1890,15397291,18834236,34231527,6,0,1,5632,19,3966833641
1891,15402390,18926527,34328917,9,0,1,15872,17,10532371217
1892,15411501,2477908,17889409,9,0,0,31232,17,3301178611
1893,15417030,2173865,17590895,0,0,0,38400,17,7379057715
1894,15417270,4066556,19483826,2,0,0,7168,18,9305548902
1895,15419240,490871,15910111,7,0,0,10752,19,8864093340
1896,15433360,2555613,17988973,5,0,0,4096,10,9890558958
1897,15437400,2346308,17783708,3,0,0,78336,13,605905596
1898,15467210,2978629,18445839,0,0,0,4608,17,3476972646
1899,15485480,4242111,19727591,6,0,0,23040,19,594469949
1900,15526250,2088978,17615228,3,0,0,31744,13,284560146
1901,15539460,18909237,34448697,1,0,1,20992,0,3955922052
1902,15549090,3003680,18552770,0,0,0,15360,17,4617275755
1903,15570531,2749642,18320173,9,0,0,79872,17,2864823016
1904,15577980,18874261,34452241,7,0,1,1024,19,8139825852
1905,15584520,19015218,34599738,3,0,1,13312,13,1432406798
1906,15619160,1414730,17033890,3,0,0,13824,13,2465912002
1907,15621160,19073375,34694535,7,0,1,16896,19,8227982917
1908,15652870,2455874,18108744,7,0,0,24064,19,3551885341
1909,15653530,1974715,17628245,7,0,0,7168,19,10491482930
1910,15662490,2272361,17934851,6,0,0,111616,19,8536306892
1911,15662970,1980932,17643902,2,0,0,13824,18,1785377114
1912,15692560,2789617,18482177,2,0,0,16896,18,7171448608
1913,15697050,19189749,34886799,1,0,1,34304,0,5650424554
1914,15713131,3018840,18731971,1,0,0,48640,0,10149541595
1915,15716320,555234,16271554,7,0,0,4096,19,9033084303
1916,15717000,2305012,18022012,7,0,0,10240,19,4535517371
1917,15724430,19228431,34952861,4,0,1,11264,7,7363877937
1918,15726360,1537111,17263471,4,0,0,25088,7,7655306206
1919,15739369,19213996,34953365,0,0,1,1024,17,3000369329
1920,15744690,19210941,34955631,9,0,1,3584,17,2293675148
1921,15753709,19256421,35010130,5,0,1,1024,10,9331912271
1922,15761620,2268238,18029858,4,0,0,17920,7,10561947254
1923,15773180,4079357,19852537,5,0,0,14336,10,5165754790
1924,15779241,2604250,18383491,1,0,0,32256,0,5527107857
1925,15785690,3560618,19346308,6,0,0,1536,19,7248091772
1926,15794530,553578,16348108,3,0,0,24064,13,4723777654
1927,15796200,19213953,35010153,9,0,1,1024,17,5536904323
1928,15797240,2597512,18394752,3,0,0,4096,13,5687522857
1929,15803260,4206244,20009504,0,0,0,10240,17,5775554982
1930,15813120,4096770,19909890,2,0,0,39936,18,3503691110
1931,15818390,878204,16696594,2,0,0,5120,18,5856748553
1932,15823350,4091935,19915285,4,0,0,16384,7,6660386432
1933,15824840,19185336,35010176,3,0,1,9216,13,275413762
1934,15848820,2595576,18444396,5,0,0,35328,10,10577047347
1935,15857790,1264493,17122283,6,0,0,7168,19,4793119649
1936,15861780,2836201,18697981,2,0,0,15360,18,7435109295
1937,15861850,3155350,19017200,5,0,0,17920,10,4303968201
1938,15865400,19144799,35010199,7,0,1,7168,19,2409986763
1939,15889100,2502595,18391695,4,0,0,1024,7,2493966980
1940,15895640,1035294,16930934,6,0,0,9216,19,614540048
1941,15904441,1697594,17602035,1,0,0,22528,0,10728895446
1942,15910840,1803878,17714718,2,0,0,14848,18,1131278763
1943,15928010,3863344,19791354,4,0,0,34816,7,8144708722
1944,15943411,1936451,17879862,9,0,0,12288,17,1939534027
1945,15944700,4184868,20129568,6,0,0,43008,19,3790676141
1946,15953851,2795135,18748986,1,0,0,37888,0,6313790388
1947,15957831,876494,16834325,1,0,0,512,0,9012298247
1948,15989029,19021193,35010222,5,0,1,2560,10,8921436750
1949,15992861,2675045,18667906,1,0,0,20480,0,10510281792
1950,16000010,2391171,18391181,2,0,0,6144,18,8246111394
1951,16007740,2388127,18395867,4,0,0,3584,7,7117573399
1952,16011960,18998285,35010245,7,0,1,512,19,4496170374
1953,16012350,2867654,18880004,5,0,0,111616,10,6718686065
1954,16013541,3518877,19532418,9,0,0,11776,17,5228924345
1955,16040769,19062083,35102852,2,0,1,19968,18,9114592473
1956,16046329,19061349,35107678,0,0,1,7680,17,4618304807
1957,16047921,372578,16420499,9,0,0,6144,17,474281645
1958,16057261,2194648,18251909,9,0,0,10752,17,6719727695
1959,16062151,2445349,18507500,9,0,0,7168,17,3089462341
1960,16063771,701729,16765500,1,0,0,6656,0,175055632
1961,16066560,1658913,17725473,7,0,0,3072,19,4914199774
1962,16084241,4182469,20266710,9,0,0,125952,17,9587608331
1963,16084740,19023284,35108024,3,0,1,512,13,7745853676
1964,16105950,1770137,17876087,0,0,0,12288,17,441890581
1965,16114740,2234385,18349125,2,0,0,73216,18,8130450630
1966,16122749,19198898,35321647,2,0,1,14848,18,271055564
1967,16123720,4249651,20373371,4,0,0,10752,7,2052349070
1968,16151930,1866916,18018846,4,0,0,6656,7,3809124402
1969,16154030,2404379,18558409,5,0,0,18432,10,815551533
1970,16165620,19156693,35322313,1,0,1,1024,0,6651360669
1971,16173890,2525853,18699743,4,0,0,5632,7,1648481095
1972,16196700,3971086,20167786,5,0,0,19968,10,4947067509
1973,16198400,3828852,20027252,7,0,0,512,19,2044104057
1974,16204700,626037,16830737,7,0,0,8192,19,4370058022
1975,16220620,2199808,18420428,0,0,0,16384,17,10455564953
1976,16234100,1977827,18211927,6,0,0,101376,19,5963905143
1977,16235450,2915267,19150717,7,0,0,10240,19,293808689
1978,16259940,19076598,35336538,1,0,1,27648,0,4736547857
1979,16260840,2424717,18685557,3,0,0,57856,13,10417035026
1980,16263970,2057474,18321444,7,0,0,4096,19,7819917429
1981,16268650,2058144,18326794,6,0,0,8704,19,667108357
1982,16270740,2053379,18324119,4,0,0,8704,7,1088075515
1983,16278110,19592580,35870690,1,0,1,161792,0,5971833364
1984,16284060,2241162,18525222,6,0,0,26624,19,545171122
1985,16295760,19589833,35885593,9,0,1,5632,17,2430593825
1986,16307560,2749538,19057098,7,0,0,6144,19,1979549879
1987,16316890,3025940,19342830,3,0,0,64512,13,907728086
1988,16319550,2879807,19199357,6,0,0,39424,19,48555485
1989,16342251,2150736,18492987,1,0,0,15360,0,6013460634
1990,16345611,19540005,35885616,6,0,1,1536,19,1150441076
1991,16356240,1169187,17525427,4,0,0,1536,7,4710855801
1992,16360960,932169,17293129,7,0,0,1536,19,7329015260
1993,16361601,4082656,20444257,1,0,0,8192,0,9860865952
1994,16361870,19578417,35940287,8,0,1,4096,13,10686612544
1995,16364181,3260337,19624518,9,0,0,80384,17,5900408541
1996,16370810,3262365,19633175,4,0,0,4608,7,6285279871
1997,16380290,2028860,18409150,4,0,0,43520,7,879599727
1998,16381070,2221537,18602607,7,0,0,512,19,3429491696
1999,16388730,4126820,20515550,7,0,0,67584,19,3189355549
2000,16391390,19548920,35940310,4,0,1,2560,7,3315919918
2001,16392710,1642030,18034740,5,0,0,12288,10,8678367004
2002,16393390,3100310,19493700,3,0,0,24064,13,6521037737
2003,16422631,2784089,19206720,9,0,0,24064,17,3262779190
2004,16428220,19512113,35940333,7,0,1,4096,19,6822741988
2005,16438220,19502136,35940356,4,0,1,2560,7,6317989408
2006,16439550,2277578,18717128,2,0,0,50176,18,6557707378
2007,16441420,1949940,18391360,7,0,0,512,19,1192083598
2008,16443890,2501442,18945332,3,0,0,39936,13,9461593647
2009,16459200,19485570,35944770,3,0,1,13312,13,5568087965
2010,16467181,643988,17111169,1,0,0,3072,0,5168128133
2011,16469230,2361237,18830467,7,0,0,10240,19,4398030723
2012,16479161,4190933,20670094,9,0,0,16896,17,471333777
2013,16483329,19670982,36154311,5,0,1,23552,10,8887218875
2014,16494120,2279560,18773680,6,0,0,64000,19,4136479428
2015,16498990,2883557,19382547,7,0,0,12800,19,2989082334
2016,16504900,3293662,19798562,5,0,0,2560,10,8764819008
2017,16518940,2235217,18754157,0,0,0,16896,17,8036517608
2018,16522571,2800161,19322732,1,0,0,54272,0,2061304846
2019,16529420,19801214,36330634,8,0,1,5120,13,2989678713
2020,16536820,19974939,36511759,1,0,1,26624,0,3498109457
2021,16545480,19995607,36541087,9,0,1,1024,17,4776887948
2022,16548830,3777633,20326463,2,0,0,9728,18,2970043769
2023,16551970,2635352,19187322,5,0,0,65536,10,4119486586
2024,16556721,1474252,18030973,9,0,0,3584,17,2107767765
2025,16570890,1271736,17842626,4,0,0,20480,7,731022871
2026,16581729,20043157,36624886,0,0,1,1024,17,10009752823
2027,16615210,2376477,18991687,3,0,0,18944,13,5301012397
2028,16628010,20248539,36876549,1,0,1,107520,0,3847498960
2029,16649020,1772367,18421387,5,0,0,3072,10,715598865
2030,16650540,2612340,19262880,2,0,0,15872,18,5659358414
2031,16674760,20208231,36882991,8,0,1,8192,13,5916293386
2032,16676471,3740139,20416610,9,0,0,17408,17,8716274809
2033,16697310,1718103,18415413,7,0,0,20480,19,9215050707
2034,16700170,2988587,19688757,5,0,0,79872,10,5971049290
2035,16710970,2300739,19011709,2,0,0,20992,18,9771090202
2036,16721589,20183919,36905508,2,0,1,10240,18,5285070187
2037,16749240,3948968,20698208,4,0,0,18432,7,10158127282
2038,16751740,2234152,18985892,0,0,0,27648,17,8138463613
2039,16765261,3205015,19970276,9,0,0,91136,17,7469246698
2040,16769170,2351216,19120386,5,0,0,7168,10,6759683256
2041,16776640,20138266,36914906,9,0,1,11776,17,2104771421
2042,16780951,4069080,20850031,1,0,0,39936,0,1856338795
2043,16818241,20152108,36970349,6,0,1,1024,19,6023604669
2044,16824730,20145978,36970708,1,0,1,9728,0,9005628053
2045,16836821,782330,17619151,9,0,0,12800,17,271107724
2046,16837280,1941606,18778886,0,0,0,4096,17,7201469546
2047,16839519,20295709,37135228,0,0,1,8192,17,5417599630
2048,16841480,3238181,20079661,3,0,0,13824,13,6300761430
2049,16846591,1641693,18488284,1,0,0,19968,0,5377426159
2050,16847030,1576564,18423594,3,0,0,7168,13,3188218062
2051,16847259,20521866,37369125,0,0,1,17408,17,9428139888
2052,16849609,20572548,37422157,2,0,1,4608,18,7501030395
2053,16872061,2275513,19147574,9,0,0,40448,17,2126891555
2054,16874471,2582041,19456512,1,0,0,23552,0,4730717366
2055,16875731,4157208,21032939,9,0,0,22016,17,10042112132
2056,16879979,20542201,37422180,2,0,1,1536,18,10663529484
2057,16889820,1557134,18446954,4,0,0,3584,7,8261071856
2058,16900341,3577847,20478188,9,0,0,29184,17,9346468908
2059,16910150,20685197,37595347,1,0,1,24576,0,2303853004
2060,16917340,3057038,19974378,7,0,0,12800,19,10564701003
2061,16920521,1984736,18905257,9,0,0,27136,17,10377323004
2062,16922790,2116149,19038939,4,0,0,3072,7,7710249904
2063,16922900,1621109,18544009,3,0,0,512,13,8089602074
2064,16943170,2868820,19811990,5,0,0,16384,10,1323719206
2065,16945671,20688574,37634245,6,0,1,22528,19,3987594526
2066,16953900,20690242,37644142,9,0,1,2048,17,6264579828
2067,16971030,4088383,21059413,4,0,0,4608,7,8808797108
2068,16978681,2767832,19746513,9,0,0,4096,17,8338967749
2069,16984480,20721531,37706011,1,0,1,24576,0,2995219168
2070,16998860,3345410,20344270,3,0,0,58368,13,1090668325
2071,17005730,1821594,18827324,4,0,0,96768,7,5014964357
2072,17007670,3401562,20409232,0,0,0,28672,17,5366601061
2073,17019130,1986152,19005282,5,0,0,44544,10,4425703919
2074,17026200,1615608,18641808,7,0,0,19968,19,1446795200
2075,17033880,2452465,19486345,4,0,0,8192,7,7010277671
2076,17037271,3143161,20180432,9,0,0,17408,17,1830463051
2077,17050920,1993267,19044187,4,0,0,3072,7,5670242089
2078,17059491,3246467,20305958,9,0,0,56832,17,6700220629
2079,17070910,20646397,37717307,9,0,1,4608,17,5632554076
2080,17080881,2626041,19706922,9,0,0,14336,17,6970569296
2081,17092350,2202274,19294624,3,0,0,18432,13,4966147898
2082,17093150,1790153,18883303,5,0,0,10752,10,6391444172
2083,17106100,1674525,18780625,3,0,0,5632,13,7331392247
2084,17112400,3515638,20628038,0,0,0,106496,17,7265606418
2085,17125991,2087460,19213451,1,0,0,22016,0,3874659237
2086,17129070,2751860,19880930,4,0,0,86016,7,10162970590
2087,17142080,2296446,19438526,5,0,0,98304,10,2734637535
2088,17163160,20621525,37784685,4,0,1,2048,7,3398579357
2089,17172200,2427803,19600003,0,0,0,47616,17,1349787996
2090,17173460,2458280,19631740,5,0,0,19968,10,2566431295
2091,17176570,1893065,19069635,3,0,0,21504,13,1559913461
2092,17179500,1792845,18972345,3,0,0,15872,13,3034049759
2093,17182760,20601948,37784708,9,0,1,1536,17,9988271043
2094,17184901,20599830,37784731,6,0,1,3072,19,1898827115
2095,17189220,2607952,19797172,7,0,0,2560,19,10105458362
2096,17191970,20592792,37784762,8,0,1,3584,13,5074952489
2097,17196780,20588278,37785058,7,0,1,3584,19,7546647304
2098,17197600,2251713,19449313,0,0,0,35328,17,417841343
2099,17206470,20579254,37785724,8,0,1,1024,13,9460657208
2100,17236231,3133841,20370072,9,0,0,59904,17,10522088076
2101,17239760,1996752,19236512,4,0,0,33792,7,1599772679
2102,17247500,1439952,18687452,6,0,0,6144,19,7105509249
2103,17257450,20564993,37822443,7,0,1,13824,19,3516356970
2104,17273271,1203735,18477006,1,0,0,7680,0,7445900688
2105,17281650,3713973,20995623,3,0,0,69632,13,8353779268
2106,17282270,2704282,19986552,4,0,0,24064,7,3264564903
2107,17289090,2077100,19366190,3,0,0,34816,13,6265109247
2108,17291481,3240229,20531710,9,0,0,28160,17,5265375293
2109,17295921,3161989,20457910,9,0,0,24576,17,2738128574
2110,17319970,2577386,19897356,6,0,0,23040,19,223144462
2111,17320390,2705950,20026340,4,0,0,2560,7,6185259634
2112,17324160,2566153,19890313,5,0,0,30720,10,9430832508
2113,17330110,20517868,37847978,3,0,1,8704,13,10070146354
2114,17343730,20505554,37849284,7,0,1,2048,19,10706306359
2115,17353220,2970256,20323476,2,0,0,30208,18,8705230351
2116,17369580,1879682,19249262,5,0,0,11776,10,10584474875
2117,17370900,2345725,19716625,8,0,0,31744,13,726904487
2118,17372660,2784426,20157086,4,0,0,67584,7,707649269
2119,17381590,2633162,20014752,6,0,0,10752,19,9978603204
2120,17385220,20466677,37851897,4,0,1,3072,7,4465623197
2121,17394870,2325678,19720548,4,0,0,12800,7,3274367965
2122,17395590,2803008,20198598,7,0,0,33280,19,50923202
2123,17401530,2343712,19745242,3,0,0,57856,13,4535621347
2124,17407951,2751521,20159472,1,0,0,4096,0,1010994630
2125,17422760,3237304,20660064,4,0,0,91648,7,8868927818
2126,17423740,2651686,20075426,7,0,0,36864,19,10037688861
2127,17429490,3090451,20519941,4,0,0,14336,7,8379661181
2128,17454900,20402143,37857043,4,0,1,8192,7,7566736822
2129,17457690,3511826,20969516,2,0,0,24064,18,3948485992
2130,17465790,3704027,21169817,5,0,0,43520,10,2073642778
2131,17471890,20419750,37891640,7,0,1,20992,19,6259610285
2132,17483490,20419797,37903287,9,0,1,25600,17,5985082656
2133,17497300,2071558,19568858,6,0,0,2048,19,4018858561
2134,17510570,3376346,20886916,6,0,0,25088,19,9936082018
2135,17515600,22041992,39557592,1,0,1,543232,0,10517897845
2136,17522630,22136222,39658852,3,0,1,9216,13,632132307
2137,17525430,22133986,39659416,7,0,1,10752,19,3961807742
2138,17525650,2059799,19585449,0,0,0,37376,17,348144327
2139,17529801,2784448,20314249,9,0,0,27136,17,6527199797
2140,17533690,2627989,20161679,3,0,0,7168,13,2628775494
2141,17538831,1921448,19460279,1,0,0,12288,0,58956194
2142,17543260,3548727,21091987,2,0,0,13824,18,3666321545
2143,17554611,2603590,20158201,9,0,0,3584,17,2067562290
2144,17562590,3316659,20879249,3,0,0,85504,13,413972856
2145,17583450,1302528,18885978,7,0,0,8704,19,6810003144
2146,17584100,3120839,20704939,4,0,0,22016,7,7576693555
2147,17585450,22279650,39865100,4,0,1,96768,7,7758002539
2148,17610560,2772506,20383066,7,0,0,31744,19,797816526
2149,17612580,2874523,20487103,3,0,0,29184,13,3589228091
2150,17625360,22313652,39939012,7,0,1,2048,19,4683330859
2151,17643570,22295465,39939035,8,0,1,8192,13,8179106870
2152,17654300,2142069,19796369,5,0,0,16384,10,6466733970
2153,17657640,3625670,21283310,3,0,0,60928,13,8895554468
2154,17662931,1595090,19258021,9,0,0,28672,17,3261312885
2155,17669250,2033281,19702531,2,0,0,28672,18,2947725538
2156,17671870,1617115,19288985,0,0,0,40960,17,7509222083
2157,17673940,3106123,20780063,0,0,0,24576,17,6454352471
2158,17680860,3032570,20713430,5,0,0,5632,10,4485053254
2159,17699911,3475732,21175643,1,0,0,13824,0,5815501212
2160,17700860,3371524,21072384,4,0,0,42496,7,5322370641
2161,17746319,22257284,40003603,0,0,1,15360,17,1712857900
2162,17756000,1811458,19567458,7,0,0,15872,19,7394332563
2163,17770960,3151483,20922443,2,0,0,50688,18,2222461497
2164,17777860,3248348,21026208,4,0,0,32768,7,3821384138
2165,17779681,2195508,19975189,9,0,0,2560,17,7542552102
2166,17780250,2058834,19839084,3,0,0,23040,13,8409105393
2167,17789271,1904501,19693772,9,0,0,16384,17,9363465257
2168,17803961,3866441,21670402,9,0,0,129536,17,539548149
2169,17816099,22195374,40011473,2,0,1,4608,18,3340510182
2170,17816270,3510823,21327093,7,0,0,62976,19,7437591826
2171,17817590,22214677,40032267,9,0,1,7680,17,6934064351
2172,17818670,1686472,19505142,4,0,0,9216,7,6895055868
2173,17820280,3123371,20943651,2,0,0,25088,18,3711529547
2174,17829900,2835023,20664923,4,0,0,15872,7,3684323750
2175,17831000,2139455,19970455,6,0,0,512,19,663162173
2176,17836490,3264835,21101325,0,0,0,2048,17,4221358914
2177,17841340,1939383,19780723,6,0,0,12800,19,152306961
2178,17845371,2271070,20116441,9,0,0,28672,17,10477613065
2179,17846770,3105248,20952018,4,0,0,7168,7,2121818813
2180,17876260,1469557,19345817,5,0,0,9728,10,5420589186
2181,17883691,2388993,20272684,1,0,0,3584,0,10008181396
2182,17890150,3508823,21398973,3,0,0,13824,13,6706925912
2183,17898450,3592038,21490488,7,0,0,24576,19,2936858771
2184,17908560,3707485,21616045,6,0,0,100352,19,5996982967
2185,17922580,1975111,19897691,4,0,0,1024,7,9671421087
2186,17926290,2644326,20570616,7,0,0,10752,19,3221279696
2187,17932349,22106235,40038584,2,0,1,15360,18,4487315588
2188,17932760,22166741,40099501,8,0,1,7680,13,7837567028
2189,17941740,3550955,21492695,7,0,0,7168,19,2278626124
2190,17952840,2465665,20418505,5,0,0,6144,10,9317190164
2191,17968330,2163601,20131931,2,0,0,7680,18,8098143298
2192,17985350,22114174,40099524,8,0,1,10752,13,7007491041
2193,18005671,22096009,40101680,6,0,1,4096,19,3410622851
2194,18024590,22086561,40111151,7,0,1,4096,19,10206120250
2195,18025340,22089357,40114697,3,0,1,5632,13,8409514324
2196,18037540,2516230,20553770,4,0,0,24064,7,10697232446
2197,18070430,2857668,20928098,6,0,0,18432,19,2760360716
2198,18070950,3323049,21393999,4,0,0,11776,7,5036933974
2199,18092871,3063663,21156534,1,0,0,40960,0,6798548937
2200,18093540,22026342,40119882,9,0,1,17408,17,7129025454
2201,18100290,22089713,40190003,9,0,1,6144,17,2455355283
2202,18121820,22662978,40784798,1,0,1,158208,0,631563243
2203,18125270,3348757,21474027,6,0,0,27136,19,4395665186
2204,18141730,2908901,21050631,7,0,0,32256,19,9226910093
2205,18155810,22632854,40788664,9,0,1,6144,17,2093457706
2206,18166680,2185117,20351797,5,0,0,24576,10,7938861851
2207,18197740,1624490,19822230,5,0,0,5120,10,7274199756
2208,18220091,3353398,21573489,1,0,0,4608,0,2519754316
2209,18220220,2068399,20288619,7,0,0,52224,19,1635119161
2210,18250990,23038709,41289699,1,0,1,168448,0,7658273591
2211,18278470,1727891,20006361,0,0,0,17920,17,6710408696
2212,18279090,2474601,20753691,6,0,0,31232,19,8051150174
2213,18300540,22994096,41294636,7,0,1,16384,19,3764357979
2214,18301211,2140527,20441738,1,0,0,58880,0,5208790499
2215,18310750,1314883,19625633,3,0,0,3584,13,1145070104
2216,18320530,2361310,20681840,0,0,0,29184,17,9360054929
2217,18331340,3563821,21895161,4,0,0,95232,7,642302119
2218,18348980,23037667,41386647,7,0,1,52736,19,2986029560
2219,18358330,23052702,41411032,9,0,1,2048,17,10433921779
2220,18367401,2690585,21057986,1,0,0,24064,0,2020052714
2221,18380450,1793357,20173807,3,0,0,4096,13,3758792752
2222,18387770,3324742,21712512,5,0,0,2048,10,9525880757
2223,18408360,23004938,41413298,3,0,1,3584,13,6663759621
2224,18413890,1410028,19823918,3,0,0,5120,13,7196020295
2225,18430250,3682750,22113000,0,0,0,33280,17,7449305107
2226,18437170,1834399,20271569,5,0,0,15872,10,7083242944
2227,18442150,2846331,21288481,4,0,0,16896,7,1368227020
2228,18445720,2340450,20786170,2,0,0,19968,18,1953216194
2229,18449181,3897788,22346969,1,0,0,17408,0,7053848631
2230,18452280,3588315,22040595,5,0,0,16896,10,9162947882
2231,18455590,3250137,21705727,6,0,0,59392,19,5550366099
2232,18461430,2762352,21223782,5,0,0,100352,10,10404036925
2233,18470941,2049179,20520120,1,0,0,512,0,6299567246
2234,18471901,2699499,21171400,1,0,0,5120,0,5213008918
2235,18496040,3029654,21525694,7,0,0,27648,19,8620797444
2236,18512080,2830800,21342880,5,0,0,51712,10,2053103885
2237,18523470,3389232,21912702,5,0,0,29696,10,5559697276
2238,18525210,1886073,20411283,3,0,0,6656,13,8967512030
2239,18533660,2811747,21345407,4,0,0,8192,7,3135808210
2240,18535840,2947137,21482977,5,0,0,20480,10,3959442117
2241,18543600,3255055,21798655,4,0,0,40960,7,3215103145
2242,18546231,3165634,21711865,1,0,0,13312,0,3200893787
2243,18554910,3152876,21707786,3,0,0,6656,13,5079443431
2244,18558460,3217076,21775536,6,0,0,35840,19,5218423716
2245,18559070,1901515,20460585,0,0,0,8704,17,1045994085
2246,18565809,22869264,41435073,2,0,1,3584,18,10128331524
2247,18569720,3013151,21582871,5,0,0,24576,10,4775772087
2248,18577720,2789862,21367582,6,0,0,72704,19,8614704605
2249,18578380,2864390,21442770,7,0,0,10240,19,925477061
2250,18605629,22829706,41435335,0,0,1,3584,17,4567563558
2251,18626420,4220251,22846671,5,0,0,16384,10,1366153546
2252,18631930,1363918,19995848,3,0,0,8704,13,2845127748
2253,18632710,3726036,22358746,0,0,0,3072,17,3109941837
2254,18657130,1790894,20448024,5,0,0,12288,10,252732930
2255,18675140,2365622,21040762,6,0,0,25600,19,4001523036
2256,18686310,2004060,20690370,6,0,0,26112,19,3572535537
2257,18709440,2721860,21431300,0,0,0,7680,17,3311659376
2258,18710250,3767366,22477616,7,0,0,67072,19,6401940472
2259,18714150,3189481,21903631,5,0,0,15872,10,2073968369
2260,18715360,1366847,20082207,6,0,0,3584,19,3648604644
2261,18721240,1361146,20082386,0,0,0,512,17,4020482219
2262,18722400,3266985,21989385,4,0,0,12288,7,4533707741
2263,18723420,2183556,20906976,0,0,0,16896,17,9927071715
2264,18736661,2165144,20901805,1,0,0,30208,0,8577017556
2265,18744050,3797330,22541380,6,0,0,26624,19,3408146957
2266,18746000,22795263,41541263,4,0,1,51712,7,2970960885
2267,18748480,22813206,41561686,7,0,1,3584,19,4473273989
2268,18752259,22810605,41562864,2,0,1,13824,18,9201382324
2269,18752460,2020092,20772552,7,0,0,52736,19,10585408705
2270,18766061,2065208,20831269,1,0,0,9728,0,5269544446
2271,18772880,22825571,41598451,3,0,1,19968,13,4306640337
2272,18774070,22842506,41616576,9,0,1,1024,17,5002987763
2273,18778910,22842996,41621906,4,0,1,8192,7,1485495031
2274,18801159,22823789,41624948,0,0,1,5120,17,2534814438
2275,18802691,3063410,21866101,1,0,0,4096,0,2294274227
2276,18802810,22823521,41626331,3,0,1,14848,13,443106688
2277,18822130,3173830,21995960,2,0,0,21504,18,5924011441
2278,18822160,22914461,41736621,8,0,1,1024,13,4592755277
2279,18830620,22906024,41736644,8,0,1,5632,13,8860406053
2280,18835190,2664392,21499582,6,0,0,22528,19,6923909952
2281,18848840,1739406,20588246,4,0,0,8704,7,1124705313
2282,18854510,2380527,21235037,3,0,0,36864,13,2342113505
2283,18863210,1880942,20744152,5,0,0,14336,10,764626561
2284,18866200,1870786,20736986,3,0,0,5632,13,9299811367
2285,18867880,1698924,20566804,2,0,0,9216,18,8402770570
2286,18879010,22857665,41736675,9,0,1,9216,17,14932864
2287,18881040,22874471,41755511,7,0,1,14848,19,3523826707
2288,18886861,3211585,22098446,9,0,0,32256,17,2153034901
2289,18902680,22856697,41759377,7,0,1,6144,19,6742855780
2290,18902801,22858202,41761003,6,0,1,2560,19,2376231670
2291,18911660,1761265,20672925,3,0,0,9216,13,4104233514
2292,18914350,1577144,20491494,4,0,0,14336,7,597538544
2293,18917290,1605817,20523107,3,0,0,9728,13,9500012128
2294,18919220,4030471,22949691,4,0,0,20480,7,1667080570
2295,18930870,22832073,41762943,8,0,1,10752,13,8688315134
2296,18954430,4084439,23038869,0,0,0,65024,17,6402929657
2297,18984039,22792613,41776652,2,0,1,12288,18,8977437044
2298,19001760,1818398,20820158,3,0,0,18944,13,7535069769
2299,19003090,1458922,20462012,2,0,0,4608,18,8425582350
2300,19007470,22789427,41796897,3,0,1,6144,13,4579840415
2301,19016221,2612171,21628392,9,0,0,40448,17,9349987353
2302,19017460,1875118,20892578,6,0,0,10752,19,8278644344
2303,19035441,3191702,22227143,9,0,0,35328,17,5404076426
2304,19044050,2380114,21424164,6,0,0,1024,19,4542911003
2305,19049300,3097254,22146554,3,0,0,37888,13,3325992639
2306,19055751,1576366,20632117,9,0,0,13312,17,10230810643
2307,19074669,22723854,41798523,0,0,1,2560,17,3165054016
2308,19086190,2178533,21264723,5,0,0,45568,10,10685933419
2309,19090579,22740450,41831029,2,0,1,9216,18,820552698
2310,19092761,1796518,20889279,9,0,0,7680,17,6489442205
2311,19099460,2661990,21761450,2,0,0,47616,18,6883925877
2312,19105380,1612550,20717930,3,0,0,3584,13,3283860535
2313,19129491,3199180,22328671,9,0,0,97792,17,8682870639
2314,19145681,2885978,22031659,1,0,0,13824,0,5697565606
2315,19148920,2791619,21940539,4,0,0,47104,7,5527606329
2316,19149080,1704094,20853174,3,0,0,10240,13,280653561
2317,19153840,2215013,21368853,6,0,0,4096,19,6962807077
2318,19164370,3018952,22183322,3,0,0,16896,13,3723773700
2319,19166730,3132122,22298852,6,0,0,49664,19,9845235167
2320,19177320,1530324,20707644,3,0,0,1024,13,1611585277
2321,19177670,3020045,22197715,6,0,0,28160,19,1230243308
2322,19180289,22660241,41840530,2,0,1,3072,18,1064607500
2323,19189190,1648650,20837840,0,0,0,17920,17,3281815597
2324,19203321,2104561,21307882,1,0,0,13824,0,266788226
2325,19205901,2481707,21687608,1,0,0,1536,0,3499700780
2326,19207540,3959132,23166672,3,0,0,2048,13,4087719797
2327,19218830,2608006,21826836,2,0,0,2048,18,9711198411
2328,19233840,1762118,20995958,5,0,0,1024,10,6219600222
2329,19237801,3119978,22357779,9,0,0,16384,17,4648923146
2330,19257070,2133318,21390388,5,0,0,11264,10,6284680348
2331,19268980,2449373,21718353,5,0,0,6656,10,9409351966
2332,19276670,3172508,22449178,0,0,0,2048,17,7762321705
2333,19285940,2539878,21825818,2,0,0,9216,18,3972500856
2334,19287560,1785635,21073195,5,0,0,2560,10,3351182767
2335,19339550,2634634,21974184,3,0,0,53248,13,5850699316
2336,19342710,2380813,21723523,3,0,0,6656,13,8476402688
2337,19343690,2514617,21858307,0,0,0,8192,17,3082228990
2338,19344301,1786398,21130699,1,0,0,1024,0,8679988752
2339,19351410,2547362,21898772,2,0,0,11776,18,3319408969
2340,19351660,22489856,41841516,7,0,1,1536,19,9309314021
2341,19371321,22470541,41841862,6,0,1,512,19,4827907122
2342,19378380,2974384,22352764,3,0,0,18944,13,4204662876
2343,19378980,3078177,22457157,4,0,0,26112,7,3340103467
2344,19386470,2735952,22122422,2,0,0,28672,18,4468741737
2345,19398900,2714747,22113647,2,0,0,2048,18,2221996757
2346,19403489,22438834,41842323,2,0,1,10240,18,2176479171
2347,19408080,2414907,21822987,0,0,0,16384,17,5463142155
2348,19442290,1932537,21374827,3,0,0,15872,13,9488109242
2349,19451190,2997341,22448531,3,0,0,87040,13,8566547189
2350,19470130,1940072,21410202,0,0,0,9216,17,7088335559
2351,19479731,3954750,23434481,1,0,0,32768,0,6008581181
2352,19480531,1770285,21250816,1,0,0,51712,0,1150580389
2353,19485070,22872919,42357989,4,0,1,71680,7,6681022650
2354,19486510,3065330,22551840,5,0,0,8192,10,8556645299
2355,19488161,2892239,22380400,1,0,0,39936,0,4082034768
2356,19500500,1587120,21087620,2,0,0,8704,18,3977694240
2357,19533500,1999721,21533221,5,0,0,24064,10,4178996446
2358,19536200,2449418,21985618,3,0,0,36864,13,3056378947
2359,19541910,3117126,22659036,4,0,0,52224,7,3009157871
2360,19545230,2264524,21809754,0,0,0,36352,17,5175452869
2361,19545811,3017843,22563654,9,0,0,27648,17,4508460029
2362,19546220,2140897,21687117,0,0,0,54784,17,3028397455
2363,19549469,22808543,42358012,2,0,1,2560,18,8300630049
2364,19552390,22944252,42496642,1,0,1,56832,0,8924816971
2365,19555140,1955842,21510982,6,0,0,7680,19,8934353282
2366,19561790,2069121,21630911,4,0,0,8192,7,9474746419
2367,19595180,2419835,22015015,3,0,0,62464,13,9515648191
2368,19626030,22870635,42496665,8,0,1,2048,13,9187250410
2369,19634060,2082242,21716302,3,0,0,8192,13,10544992368
2370,19636631,3050912,22687543,1,0,0,29184,0,7478923459
2371,19643791,3537256,23181047,1,0,0,47104,0,1327123713
2372,19646730,2569618,22216348,7,0,0,45056,19,10662554913
2373,19660140,2473264,22133404,5,0,0,31232,10,8638707532
2374,19666160,2260004,21926164,4,0,0,36864,7,10040691138
2375,19667220,2247689,21914909,2,0,0,7168,18,9592695679
2376,19675461,22921168,42596629,6,0,1,18944,19,7323651094
2377,19677090,2664552,22341642,6,0,0,42496,19,1225020477
2378,19685879,22960571,42646450,0,0,1,19968,17,5328249870
2379,19691040,3215896,22906936,7,0,0,12288,19,10344072934
2380,19703700,2323716,22027416,7,0,0,2048,19,7105779342
2381,19715910,23050011,42765921,7,0,1,3584,19,6728942185
2382,19721470,3849315,23570785,0,0,0,31744,17,7561878618
2383,19724290,2302479,22026769,4,0,0,29696,7,3786420113
2384,19731720,3073199,22804919,3,0,0,3072,13,6171884787
2385,19734871,2367966,22102837,1,0,0,14336,0,10453095880
2386,19739930,1630038,21369968,7,0,0,3584,19,4975096946
2387,19760671,23023883,42784554,6,0,1,16896,19,10282458103
2388,19761790,2645020,22406810,5,0,0,59904,10,2217160964
2389,19764750,2193187,21957937,2,0,0,21504,18,9792307172
2390,19776550,2290532,22067082,0,0,0,3584,17,1892200471
2391,19788241,1794809,21583050,9,0,0,512,17,391972598
2392,19793770,2149912,21943682,4,0,0,10240,7,6282340290
2393,19795350,1754094,21549444,2,0,0,6656,18,9029730058
2394,19799440,2399858,22199298,2,0,0,5120,18,3358162379
2395,19802560,2914498,22717058,5,0,0,96768,10,6904285786
2396,19814480,23168378,42982858,1,0,1,55808,0,3417296538
2397,19826130,23878993,43705123,4,0,1,251392,7,3170504760
2398,19829460,2963362,22792822,3,0,0,11264,13,8822462996
2399,19831659,23873487,43705146,2,0,1,512,18,9986810647
2400,19835311,2000868,21836179,9,0,0,17920,17,8557773974
2401,19836061,2731048,22567109,9,0,0,11264,17,2366251250
2402,19845191,2172507,22017698,9,0,0,8704,17,9273419441
2403,19846710,2382172,22228882,7,0,0,5632,19,1767802759
2404,19859320,1983590,21842910,7,0,0,22016,19,1702115053
2405,19866880,2553837,22420717,0,0,0,45568,17,2404749778
2406,19877020,2325577,22202597,3,0,0,10752,13,9841069275
2407,19884951,2089412,21974363,9,0,0,512,17,1062776080
2408,19889740,3550894,23440634,0,0,0,512,17,3653581380
2409,19891850,2622560,22514410,3,0,0,14848,13,9813800775
2410,19903200,2370618,22273818,6,0,0,19456,19,2373092857
2411,19905170,23799999,43705169,8,0,1,8704,13,8769034995
2412,19919970,1859497,21779467,7,0,0,12800,19,3487257612
2413,19928770,3750103,23678873,5,0,0,23552,10,6980192368
2414,19938120,3016274,22954394,4,0,0,15360,7,6973209257
2415,19956551,2167298,22123849,9,0,0,4608,17,8853190339
2416,19965380,2212771,22178151,3,0,0,11264,13,4217342421
2417,19971140,1742643,21713783,7,0,0,4096,19,6351537681
2418,19972770,2962048,22934818,6,0,0,22016,19,6461925628
2419,19976740,23728452,43705192,4,0,1,9728,7,9827424679
2420,19989220,2508298,22497518,6,0,0,16384,19,6381523810
2421,19992061,2489486,22481547,1,0,0,12800,0,570626251
2422,19997811,2570413,22568224,9,0,0,3584,17,10082854340
2423,20000730,2282967,22283697,0,0,0,8704,17,2401178310
2424,20002440,4552755,24555195,0,0,0,23552,17,103208280
2425,20002470,3118208,23120678,3,0,0,22528,13,7293079161
2426,20005290,1759303,21764593,5,0,0,10240,10,10143470244
2427,20012721,2603587,22616308,9,0,0,20480,17,3427303493
2428,20041661,23673584,43715245,6,0,1,5632,19,9935282991
2429,20047640,3004691,23052331,2,0,0,27136,18,1261401021
2430,20049521,2668348,22717869,9,0,0,2560,17,7583742297
2431,20057271,23657997,43715268,6,0,1,1536,19,4707934701
2432,20075720,23639571,43715291,9,0,1,2048,17,4117931985
2433,20100610,2479961,22580571,6,0,0,40448,19,3391812959
2434,20104261,23611053,43715314,6,0,1,1536,19,3939927422
2435,20105270,2736386,22841656,4,0,0,41984,7,4813062213
2436,20107551,2480547,22588098,9,0,0,24576,17,10565091139
2437,20121920,2551046,22672966,2,0,0,31232,18,5081749066
2438,20128219,23587453,43715672,0,0,1,3584,17,4255557016
2439,20128591,2692304,22820895,1,0,0,18432,0,1310166129
2440,20131241,2003746,22134987,1,0,0,5120,0,4906481778
2441,20136170,2252365,22388535,2,0,0,26624,18,9882841218
2442,20151300,2724717,22876017,3,0,0,6656,13,10314936694
2443,20153160,23562535,43715695,7,0,1,11264,19,297402889
2444,20161051,3195832,23356883,1,0,0,48640,0,4826521973
2445,20161299,23566259,43727558,0,0,1,14336,17,8499645978
2446,20190680,23545946,43736626,3,0,1,1024,13,7481192320
2447,20191720,2544938,22736658,0,0,0,21504,17,6175056421
2448,20195980,1993132,22189112,5,0,0,17408,10,5073634201
2449,20218280,2785664,23003944,2,0,0,15872,18,1050095058
2450,20221941,2745516,22967457,1,0,0,2048,0,1752280959
2451,20224351,2505732,22730083,9,0,0,12288,17,2930865408
2452,20225790,2818250,23044040,2,0,0,16896,18,6834071853
2453,20232880,2249314,22482194,3,0,0,2048,13,9446554841
2454,20233210,2706311,22939521,3,0,0,15360,13,7484634961
2455,20246430,3332178,23578608,4,0,0,25600,7,7183249034
2456,20267580,23471952,43739532,9,0,1,4608,17,3412512402
2457,20273871,2787535,23061406,9,0,0,11776,17,8085887478
2458,20275790,2646301,22922091,5,0,0,49664,10,2570866742
2459,20280371,2398257,22678628,1,0,0,5632,0,1731593344
2460,20303301,2857241,23160542,9,0,0,61952,17,5745144075
2461,20303681,2624072,22927753,1,0,0,9728,0,1358399007
2462,20321760,23688672,44010432,4,0,1,142336,7,9087377628
2463,20338051,2260834,22598885,1,0,0,35328,0,1075997060
2464,20370450,23645128,44015578,3,0,1,8192,13,2694130765
2465,20372071,2437083,22809154,9,0,0,13824,17,7761137853
2466,20375940,2603339,22979279,3,0,0,3584,13,1858954360
2467,20378750,2955733,23334483,7,0,0,12800,19,1999980245
2468,20385440,4349057,24734497,4,0,0,5120,7,4665963387
2469,20392921,2852493,23245414,1,0,0,73216,0,8893161164
2470,20394410,2105707,22500117,4,0,0,6656,7,2502853113
2471,20419460,23827463,44246923,3,0,1,1536,13,9350062528
2472,20428391,23818555,44246946,6,0,1,12288,19,5910297911
2473,20437340,4489264,24926604,4,0,0,23040,7,348055864
2474,20442569,23842494,44285063,5,0,1,13312,10,5187521495
2475,20446500,23840509,44287009,8,0,1,3072,13,728516630
2476,20461150,2404830,22865980,7,0,0,13312,19,990050830
2477,20477340,23826737,44304077,7,0,1,1024,19,1523816694
2478,20480751,3237716,23718467,1,0,0,34816,0,2242815125
2479,20486011,3428101,23914112,9,0,0,66560,17,4925488508
2480,20489130,2946466,23435596,2,0,0,3584,18,3383028871
2481,20490729,23818533,44309262,5,0,1,16384,10,1124195833
2482,20505630,2171259,22676889,7,0,0,12800,19,6108009639
2483,20507870,23843696,44351566,4,0,1,30720,7,723482414
2484,20512030,1909958,22421988,4,0,0,4096,7,9383687831
2485,20512370,2009250,22521620,4,0,0,3072,7,8202248435
2486,20517050,4351568,24868618,2,0,0,14848,18,2813651540
2487,20524469,23827120,44351589,0,0,1,4608,17,5294303918
2488,20540260,24119993,44660253,4,0,1,99840,7,5554349426
2489,20546540,4653137,25199677,6,0,0,8192,19,10008912506
2490,20553871,4567104,25120975,1,0,0,3072,0,8507591032
2491,20570070,2038065,22608135,7,0,0,21504,19,6846666191
2492,20582690,24078229,44660919,7,0,1,1024,19,7608115813
2493,20583050,2018510,22601560,4,0,0,8704,7,2620783106
2494,20589260,2751977,23341237,5,0,0,1024,10,4876386676
2495,20607611,24057814,44665425,6,0,1,7168,19,1859843376
2496,20621170,2042257,22663427,3,0,0,14336,13,4806106819
2497,20626331,3443771,24070102,1,0,0,14848,0,2988867721
2498,20634431,2739461,23373892,9,0,0,14848,17,5677372751
2499,20637600,2088716,22726316,0,0,0,27648,17,9118874336
2500,20648670,2542236,23190906,7,0,0,32256,19,1169609223
2501,20657790,2146170,22803960,3,0,0,21504,13,9506524172
2502,20667620,1941318,22608938,7,0,0,2560,19,4434444396
2503,20673990,2220063,22894053,7,0,0,18944,19,2073382307
2504,20674360,2491665,23166025,5,0,0,17920,10,10313067865
2505,20696230,24034657,44730887,7,0,1,2048,19,10347535946
2506,20700921,2127641,22828562,9,0,0,25088,17,7334710159
2507,20726700,24601194,45327894,1,0,1,282624,0,10536977400
2508,20729880,2233117,22962997,0,0,0,28160,17,10226654130
2509,20738350,2933316,23671666,0,0,0,6144,17,8613514124
2510,20756131,2694387,23450518,1,0,0,3072,0,10316490558
2511,20762370,24570030,45332400,3,0,1,7168,13,8018803074
2512,20767310,2491435,23258745,3,0,0,33280,13,3156981085
2513,20768900,2451068,23219968,0,0,0,38400,17,7855535579
2514,20769200,2324966,23094166,0,0,0,5120,17,2889100484
2515,20770960,2559600,23330560,0,0,0,109568,17,4794815515
2516,20782660,24551264,45333924,1,0,1,14336,0,5001275875
2517,20794800,2269304,23064104,6,0,0,8704,19,7968671641
2518,20801160,2027581,22828741,7,0,0,512,19,5959593761
2519,20827361,2097405,22924766,9,0,0,8704,17,5041590001
2520,20843241,2145149,22988390,9,0,0,18432,17,1675390085
2521,20843420,2690480,23533900,2,0,0,23552,18,4719778871
2522,20848949,24499279,45348228,5,0,1,5120,10,3018251103
2523,20852641,2261150,23113791,1,0,0,39936,0,8952757252
2524,20869430,24478821,45348251,9,0,1,3584,17,2612866994
2525,20874289,24473993,45348282,0,0,1,3584,17,4022985176
2526,20912541,2860206,23772747,1,0,0,54784,0,8543799893
2527,20915630,2524825,23440455,0,0,0,15872,17,3341093606
2528,20934619,24438040,45372659,2,0,1,16384,18,1954416615
2529,20949230,2746358,23695588,4,0,0,54784,7,3166116601
2530,20964671,1976893,22941564,9,0,0,2048,17,7715025682
2531,20989071,4331193,25320264,1,0,0,5120,0,10730162772
2532,21004920,24368098,45373018,8,0,1,9728,13,5606359842
2533,21015330,2441020,23456350,0,0,0,2048,17,1200271191
2534,21029840,1948324,22978164,6,0,0,11264,19,201446657
2535,21031980,1862876,22894856,8,0,0,2560,13,7649462822
2536,21033200,3203118,24236318,6,0,0,50688,19,2346158209
2537,21033501,2913880,23947381,1,0,0,27136,0,6962933904
2538,21034250,24562621,45596871,4,0,1,130560,7,2627412366
2539,21044650,2056950,23101600,6,0,0,5632,19,10546519367
2540,21059350,2931728,23991078,8,0,0,6144,13,5010217040
2541,21095600,1957378,23052978,6,0,0,2048,19,3257326605
2542,21096790,2111455,23208245,4,0,0,56832,7,2721308037
2543,21096880,24565289,45662169,3,0,1,22528,13,5753351899
2544,21097239,24564953,45662192,2,0,1,5632,18,6415924541
2545,21101731,2628170,23729901,1,0,0,30208,0,685485455
2546,21139920,3148820,24288740,4,0,0,19968,7,1248652174
2547,21161171,2304214,23465385,9,0,0,28672,17,6284271986
2548,21171240,2319249,23490489,7,0,0,10240,19,7805475429
2549,21173930,2940126,24114056,2,0,0,11264,18,9430729655
2550,21201950,24460265,45662215,3,0,1,2560,13,3726180048
2551,21214660,2346430,23561090,4,0,0,7680,7,9815033654
2552,21219390,2046931,23266321,6,0,0,2560,19,6661062189
2553,21250470,2173201,23423671,4,0,0,47616,7,10533103506
2554,21253730,4153923,25407653,5,0,0,45056,10,1695326536
2555,21263290,2990736,24254026,2,0,0,9728,18,7885348990
2556,21273650,2642825,23916475,7,0,0,7680,19,8759994935
2557,21274810,2149664,23424474,7,0,0,2560,19,6640983422
2558,21279391,2416532,23695923,1,0,0,1024,0,2941523028
2559,21282880,2321427,23604307,5,0,0,4608,10,6660487788
2560,21287290,2823311,24110601,4,0,0,34816,7,9090268755
2561,21287860,2054180,23342040,3,0,0,2560,13,8309470396
2562,21287991,4200342,25488333,9,0,0,30720,17,10468730480
2563,21290140,2050762,23340902,7,0,0,20992,19,718759678
2564,21321361,2067786,23389147,9,0,0,16384,17,7728930329
2565,21323071,2235656,23558727,1,0,0,81408,0,10594086200
2566,21328940,24333298,45662238,1,0,1,512,0,8499177953
2567,21331070,2768900,24099970,7,0,0,96256,19,9839367677
2568,21355530,2846388,24201918,5,0,0,5632,10,7958689936
2569,21357060,24656177,46013237,4,0,1,176128,7,2345483320
2570,21373520,2229352,23602872,0,0,0,40448,17,9705383451
2571,21382250,4068430,25450680,4,0,0,57856,7,10508745199
2572,21389720,24623540,46013260,8,0,1,1536,13,10255862708
2573,21398640,24751775,46150415,9,0,1,13312,17,6758190506
2574,21411450,2088991,23500441,5,0,0,27648,10,4235922688
2575,21417581,2549960,23967541,1,0,0,2560,0,1223272346
2576,21433330,24720184,46153514,7,0,1,5632,19,4907020404
2577,21439320,2389584,23828904,7,0,0,46080,19,10490530269
2578,21439761,2892997,24332758,1,0,0,1024,0,1086972479
2579,21440390,1923209,23363599,5,0,0,11776,10,2622176961
2580,21448199,24708541,46156740,5,0,1,5120,10,8218384636
2581,21456590,24704565,46161155,1,0,1,26624,0,480699336
2582,21469820,24753021,46222841,2,0,1,6656,18,2041553057
2583,21475410,2115115,23590525,6,0,0,14848,19,3950972281
2584,21475880,24746984,46222864,9,0,1,3072,17,8298358250
2585,21479480,2440294,23919774,5,0,0,10752,10,3306702922
2586,21504210,2251822,23756032,5,0,0,55296,10,6152391443
2587,21508041,2272747,23780788,1,0,0,19968,0,2399646764
2588,21511571,2553984,24065555,9,0,0,1024,17,8645096995
2589,21512740,24981688,46494428,4,0,1,204288,7,2852635840
2590,21516410,2186107,23702517,6,0,0,9728,19,2515609045
2591,21518651,2976791,24495442,9,0,0,18432,17,5100226460
2592,21520090,2545130,24065220,5,0,0,21504,10,9518849635
2593,21523241,2197433,23720674,9,0,0,7168,17,365762640
2594,21530080,2430873,23960953,4,0,0,6144,7,8376646268
2595,21532570,3031072,24563642,3,0,0,27648,13,3361468187
2596,21533000,2281841,23814841,2,0,0,12800,18,1539274898
2597,21540211,2337039,23877250,1,0,0,53760,0,508498914
2598,21553081,2872825,24425906,1,0,0,45568,0,8252955531
2599,21560290,2109481,23669771,7,0,0,7168,19,8014352643
2600,21574860,25009909,46584769,4,0,1,50688,7,3325969217
2601,21579690,25276017,46855707,4,0,1,143872,7,9648872467
2602,21607431,2907713,24515144,1,0,0,2048,0,4491965504
2603,21610970,2903527,24514497,7,0,0,62464,19,10184392155
2604,21618970,2332014,23950984,8,0,0,6656,13,2880907598
2605,21622590,2271219,23893809,8,0,0,54272,13,7445322117
2606,21623070,2493817,24116887,8,0,0,9216,13,9738083935
2607,21624201,2552215,24176416,9,0,0,13312,17,7687647023
2608,21626940,2362243,23989183,8,0,0,40448,13,8851330467
2609,21631470,3918456,25549926,7,0,0,7168,19,6855045210
2610,21636529,25229166,46865695,2,0,1,19456,18,786228078
2611,21655090,25278281,46933371,4,0,1,11264,7,8570379379
2612,21664960,25268434,46933394,3,0,1,10752,13,8862118327
2613,21672460,25260957,46933417,3,0,1,3072,13,752104361
2614,21672680,2787786,24460466,6,0,0,32768,19,7343217092
2615,21688020,2698879,24386899,4,0,0,118272,7,2546173119
2616,21696260,25237180,46933440,3,0,1,512,13,7753898990
2617,21706770,2980828,24687598,7,0,0,56320,19,250324944
2618,21712571,3888314,25600885,9,0,0,17408,17,3239682641
2619,21724760,2279432,24004192,0,0,0,19968,17,8318198607
2620,21727430,2472749,24200179,7,0,0,21504,19,3012762984
2621,21730790,2508983,24239773,2,0,0,11264,18,3805747137
2622,21736240,2322405,24058645,4,0,0,40448,7,5754858431
2623,21740721,25197428,46938149,6,0,1,8192,19,2275472422
2624,21746140,2728293,24474433,4,0,0,15872,7,3995091295
2625,21748779,25197335,46946114,0,0,1,4096,17,10663391476
2626,21780991,2569849,24350840,1,0,0,16896,0,1508376250
2627,21785010,3186573,24971583,0,0,0,17408,17,3474282529
2628,21788970,2687306,24476276,6,0,0,3072,19,3601788063
2629,21800930,2502590,24303520,6,0,0,9728,19,3907617926
2630,21832620,25116400,46949020,8,0,1,4608,13,3933082127
2631,21839250,3024821,24864071,5,0,0,34816,10,4763014715
2632,21842420,25133460,46975880,2,0,1,2048,18,3040626875
2633,21850900,2332549,24183449,8,0,0,18944,13,4496154362
2634,21863960,2779866,24643826,7,0,0,153600,19,8414201659
2635,21866350,2681646,24547996,7,0,0,48640,19,1311608621
2636,21885570,2374095,24259665,0,0,0,18432,17,3618470409
2637,21895440,3055436,24950876,6,0,0,32768,19,9682519089
2638,21908310,2982735,24891045,0,0,0,27648,17,3941338348
2639,21915140,25060763,46975903,9,0,1,7680,17,3658332386
2640,21926630,2334782,24261412,4,0,0,5632,7,5822604249
2641,21931270,2879375,24810645,7,0,0,10752,19,7462253338
2642,21935250,2723107,24658357,2,0,0,47616,18,10411660178
2643,21939370,2535554,24474924,8,0,0,1536,13,5464519964
2644,21942580,2877292,24819872,6,0,0,30208,19,10582943746
2645,21944930,3775906,25720836,5,0,0,22528,10,5791478585
2646,21953331,2792851,24746182,9,0,0,22528,17,4788467488
2647,21963911,2857879,24821790,1,0,0,3072,0,7833848678
2648,21967150,2973719,24940869,7,0,0,46592,19,10600744118
2649,21980180,2446061,24426241,6,0,0,1024,19,8539973212
2650,21989560,3845792,25835352,4,0,0,102400,7,7944684980
2651,21989640,3243379,25233019,8,0,0,40448,13,3469436915
2652,21998930,2671485,24670415,3,0,0,1536,13,8124095368
2653,22009880,2683357,24693237,2,0,0,18432,18,1544927363
2654,22014710,24970934,46985644,9,0,1,512,17,8973943053
2655,22025520,2644404,24669924,4,0,0,37888,7,8477544040
2656,22052869,24932798,46985667,2,0,1,3072,18,4810498632
2657,22055901,3877251,25933152,9,0,0,16384,17,4178892646
2658,22070180,3001010,25071190,5,0,0,30208,10,9500665115
2659,22073740,2365290,24439030,6,0,0,9728,19,4954461302
2660,22089290,2764150,24853440,3,0,0,48640,13,8137955535
2661,22109811,3284091,25393902,1,0,0,9728,0,7999135539
2662,22116160,24869530,46985690,9,0,1,14848,17,2881755961
2663,22127720,25160650,47288370,4,0,1,132096,7,9640580613
2664,22135400,25167016,47302416,9,0,1,19968,17,2566952490
2665,22138180,2669166,24807346,8,0,0,61952,13,8341183984
2666,22158460,3898322,26056782,5,0,0,103424,10,2019098210
2667,22174950,2716890,24891840,4,0,0,1024,7,8045372715
2668,22179720,25161930,47341650,9,0,1,3584,17,7778911689
2669,22181500,26226752,48408252,4,0,1,705536,7,7987206020
2670,22190480,2630351,24820831,0,0,0,3072,17,7379413618
2671,22198660,2854677,25053337,8,0,0,16384,13,4530713078
2672,22206380,3652597,25858977,7,0,0,2560,19,8737617754
2673,22214780,26198899,48413679,8,0,1,4096,13,698275324
2674,22224430,26189272,48413702,8,0,1,3584,13,9146852092
2675,22244821,3653028,25897849,9,0,0,6656,17,10063090749
2676,22254681,2822647,25077328,1,0,0,12800,0,1952615664
2677,22254700,2878316,25133016,4,0,0,2048,7,1553609594
2678,22267740,26174045,48441785,4,0,1,59392,7,9085838821
2679,22268870,2739906,25008776,5,0,0,58880,10,4087120508
2680,22275990,2873697,25149687,0,0,0,1024,17,4850342687
2681,22289861,2629700,24919561,1,0,0,27648,0,3992891346
2682,22321721,2644466,24966187,9,0,0,50176,17,5603931837
2683,22325260,2842305,25167565,4,0,0,32768,7,1476624022
2684,22343380,26131028,48474408,4,0,1,17920,7,9165472220
2685,22351480,2696834,25048314,5,0,0,88064,10,7257486631
2686,22351660,3756572,26108232,4,0,0,29184,7,689047903
2687,22364060,3401114,25765174,8,0,0,19968,13,7805976014
2688,22368200,3323723,25691923,6,0,0,15872,19,2231687096
2689,22372671,2741281,25113952,1,0,0,27136,0,9868214193
2690,22380250,2641209,25021459,3,0,0,4096,13,564046761
2691,22380790,2787734,25168524,6,0,0,3072,19,2955122073
2692,22383919,26090512,48474431,2,0,1,2560,18,7060340264
2693,22384751,2921713,25306464,9,0,0,105984,17,1498993498
2694,22388530,2688977,25077507,5,0,0,512,10,1987123989
2695,22391110,3147515,25538625,5,0,0,47616,10,1999065324
2696,22403510,3192048,25595558,6,0,0,24576,19,5835174321
2697,22408680,3449494,25858174,0,0,0,43008,17,3791647680
2698,22411730,2608458,25020188,2,0,0,13312,18,40887435
2699,22418720,2713649,25132369,5,0,0,28160,10,611535264
2700,22422770,2669114,25091884,5,0,0,5120,10,4551170276
2701,22429260,2748180,25177440,7,0,0,8192,19,4213255740
2702,22436330,2617810,25054140,5,0,0,2560,10,8412911143
2703,22455890,26018564,48474454,4,0,1,4608,7,201495110
2704,22478830,25995647,48474477,4,0,1,9728,7,2292907612
2705,22481750,3961545,26443295,8,0,0,5632,13,8791510356
2706,22486660,25990102,48476762,1,0,1,5120,0,7726347422
2707,22493770,2708426,25202196,7,0,0,8192,19,4017656610
2708,22501620,3498881,26000501,3,0,0,57856,13,10666277902
2709,22504689,25974339,48479028,5,0,1,3584,10,10650537602
2710,22514610,2723782,25238392,5,0,0,9728,10,10177732979
2711,22516310,2749415,25265725,7,0,0,8704,19,1200211968
2712,22519580,2632560,25152140,6,0,0,512,19,5999134859
2713,22532371,2922856,25455227,9,0,0,14848,17,500468377
2714,22532431,2882889,25415320,1,0,0,25088,0,6065609505
2715,22559530,2675875,25235405,2,0,0,7680,18,209020456
2716,22563871,2915079,25478950,1,0,0,16384,0,1545888830
2717,22564630,3112202,25676832,6,0,0,39424,19,5272853841
2718,22569060,2999322,25568382,2,0,0,12288,18,4193286780
2719,22569680,25910334,48480014,8,0,1,1536,13,9992280517
2720,22585770,3100913,25686683,6,0,0,32256,19,6322522801
2721,22606690,3599463,26206153,5,0,0,32256,10,7919754340
2722,22608630,25894689,48503319,8,0,1,21504,13,1600999395
2723,22610680,2937039,25547719,3,0,0,13824,13,210259071
2724,22651810,25915291,48567101,4,0,1,16896,7,6445129230
2725,22654531,2888953,25543484,1,0,0,15872,0,10603217006
2726,22661770,25948272,48610042,1,0,1,6144,0,9782602204
2727,22669990,25944584,48614574,4,0,1,7168,7,308653498
2728,22680540,2738547,25419087,5,0,0,12288,10,5499130129
2729,22682300,3260509,25942809,8,0,0,14336,13,390871032
2730,22682690,2783659,25466349,0,0,0,12800,17,3877001796
2731,22684640,2892258,25576898,7,0,0,7680,19,1346726029
2732,22694479,25926356,48620835,0,0,1,10240,17,1013652894
2733,22697100,25942100,48639200,8,0,1,2048,13,5595020419
2734,22718310,3369307,26087617,7,0,0,7168,19,4309600597
2735,22719900,2552599,25272499,7,0,0,4608,19,421043620
2736,22726760,25913426,48640186,8,0,1,1536,13,3375458603
2737,22727440,25915972,48643412,4,0,1,5120,7,1578349351
2738,22729000,2787404,25516404,3,0,0,52736,13,9587751420
2739,22736420,25938531,48674951,7,0,1,16384,19,2507349002
2740,22752130,3316843,26068973,6,0,0,39936,19,5460871653
2741,22770281,2692145,25462426,1,0,0,23552,0,217899463
2742,22776000,3407019,26183019,7,0,0,15360,19,1801544375
2743,22776510,2741945,25518455,6,0,0,6656,19,9487778326
2744,22782210,3090073,25872283,6,0,0,30720,19,67476583
2745,22794900,25906379,48701279,7,0,1,15360,19,5180419696
2746,22795460,3132612,25928072,7,0,0,27648,19,847615086
2747,22795531,3372637,26168168,9,0,0,2048,17,26181467
2748,22801751,2686761,25488512,9,0,0,512,17,7689572388
2749,22808610,2949648,25758258,4,0,0,8704,7,1402626070
2750,22814060,2941523,25755583,2,0,0,40960,18,8502568330
2751,22842620,4383401,27226021,8,0,0,56320,13,5298945182
2752,22843201,3823709,26666910,1,0,0,47616,0,2352044669
2753,22846150,25960567,48806717,3,0,1,49664,13,6979263467
2754,22854440,3443442,26297882,0,0,0,43520,17,4775776552
2755,22863590,3093879,25957469,7,0,0,16384,19,2074144470
2756,22899180,25911403,48810583,8,0,1,6144,13,1591454887
2757,22906120,2956780,25862900,0,0,0,12800,17,6779136532
2758,22911031,2613063,25524094,9,0,0,18432,17,5349294778
2759,22919970,2638256,25558226,4,0,0,22016,7,9131579266
2760,22920700,2659029,25579729,7,0,0,9216,19,10170888750
2761,22930880,2722153,25653033,5,0,0,2560,10,4002058656
2762,22934599,25882705,48817304,0,0,1,24064,17,1384161677
2763,22952200,4482675,27434875,4,0,0,37888,7,3473429369
2764,22953070,4359686,27312756,4,0,0,29184,7,10570507212
2765,22954750,2732268,25687018,7,0,0,1024,19,10316881077
2766,22956621,3428674,26385295,9,0,0,73216,17,2487254136
2767,22966070,3016780,25982850,5,0,0,27136,10,6543231597
2768,22967930,2677782,25645712,6,0,0,512,19,1129492122
2769,22975260,2795702,25770962,0,0,0,8192,17,119614185
2770,23003070,25913755,48916825,7,0,1,2560,19,5968863255
2771,23006260,3065544,26071804,6,0,0,9216,19,10345661059
2772,23007900,25937775,48945675,3,0,1,3584,13,5430158203
2773,23015789,25930859,48946648,0,0,1,12800,17,7597107215
2774,23016320,25953889,48970209,3,0,1,12800,13,422292880
2775,23016840,25957947,48974787,9,0,1,9216,17,2635634495
2776,23023210,3128314,26151524,6,0,0,20992,19,641005542
2777,23030830,2712250,25743080,2,0,0,64000,18,4422540254
2778,23036800,2872871,25909671,5,0,0,3584,10,2322258186
2779,23041750,2908783,25950533,2,0,0,6656,18,393565107
2780,23052411,3217269,26269680,1,0,0,17408,0,1278877557
2781,23058970,2599805,25658775,7,0,0,4096,19,2291891207
2782,23061130,3146762,26207892,7,0,0,5632,19,1350408081
2783,23070020,25906784,48976804,4,0,1,4096,7,137491958
2784,23074430,2935477,26009907,0,0,0,7168,17,2298534292
2785,23080270,2704236,25784506,3,0,0,6656,13,8735515195
2786,23086450,3109852,26196302,6,0,0,43520,19,8441265239
2787,23099300,2816047,25915347,8,0,0,2048,13,1836682508
2788,23117600,2673066,25790666,8,0,0,17408,13,5346420468
2789,23138700,2706347,25845047,4,0,0,31744,7,5966601186
2790,23142441,2881610,26024051,1,0,0,19968,0,6220474015
2791,23145379,25870001,49015380,2,0,1,28160,18,6921211038
2792,23148430,2924980,26073410,5,0,0,4608,10,10077820951
2793,23153890,3275407,26429297,2,0,0,41472,18,2207754339
2794,23163100,2844600,26007700,5,0,0,23552,10,7192653847
2795,23176311,2836583,26012894,1,0,0,9728,0,1770781004
2796,23204501,3006690,26211191,1,0,0,10752,0,9991791777
2797,23221170,2934950,26156120,8,0,0,2560,13,1119913367
2798,23235450,2861406,26096856,4,0,0,12800,7,2421742290
2799,23242130,3004608,26246738,3,0,0,26624,13,7728770945
2800,23271480,4600270,27871750,6,0,0,73728,19,265140891
2801,23274960,3055970,26330930,8,0,0,15872,13,8856799297
2802,23280650,3371729,26652379,5,0,0,102400,10,4475515175
2803,23281789,25758371,49040160,0,0,1,6144,17,517700764
2804,23282820,25757363,49040183,3,0,1,4608,13,1716937807
2805,23285200,25824795,49109995,8,0,1,1536,13,5164453047
2806,23286630,2932586,26219216,3,0,0,13312,13,3557581375
2807,23299880,2878436,26178316,0,0,0,19456,17,10165595898
2808,23300390,3103983,26404373,2,0,0,59392,18,7755571427
2809,23304860,3555256,26860116,4,0,0,34304,7,2930392143
2810,23310040,25799978,49110018,9,0,1,512,17,8560804095
2811,23313970,3162852,26476822,7,0,0,28672,19,8582314008
2812,23317680,2774521,26092201,5,0,0,2048,10,8975338814
2813,23324550,2747433,26071983,7,0,0,512,19,8065281121
2814,23328670,2799440,26128110,7,0,0,2560,19,5469830242
2815,23331511,2778460,26109971,9,0,0,5632,17,9269213939
2816,23336491,2988427,26324918,1,0,0,7680,0,8692264876
2817,23339470,3272371,26611841,3,0,0,9216,13,7375042252
2818,23343840,4639984,27983824,0,0,0,13824,17,10320609209
2819,23353570,25756471,49110041,3,0,1,3072,13,6148461064
2820,23359310,3108753,26468063,6,0,0,26112,19,7003611343
2821,23363999,25746065,49110064,2,0,1,9728,18,1793593484
2822,23365050,25830342,49195392,4,0,1,3072,7,4666134576
2823,23368570,2911743,26280313,7,0,0,8704,19,10146286629
2824,23373180,25979653,49352833,7,0,1,4608,19,199639577
2825,23395139,25957717,49352856,0,0,1,4096,17,7382184284
2826,23398320,3401154,26799474,3,0,0,33280,13,3465304651
2827,23401310,2984944,26386254,7,0,0,3072,19,8671301882
2828,23405800,25947079,49352879,9,0,1,12288,17,7683232703
2829,23406480,3135398,26541878,8,0,0,45568,13,3922192184
2830,23413080,3321098,26734178,5,0,0,29184,10,296992692
2831,23414690,2992670,26407360,2,0,0,9728,18,4516529105
2832,23426760,3381854,26808614,2,0,0,7680,18,928642668
2833,23428660,26007303,49435963,7,0,1,9216,19,1874271376
2834,23429080,3031004,26460084,6,0,0,40960,19,305875157
2835,23435110,26000876,49435986,3,0,1,5632,13,9250233179
2836,23458960,3110726,26569686,0,0,0,51712,17,784983231
2837,23460990,3471047,26932037,6,0,0,26112,19,448276027
2838,23462230,3218188,26680418,5,0,0,7680,10,5981126746
2839,23503690,25932319,49436009,1,0,1,1536,0,6305300189
2840,23508531,3653911,27162442,1,0,0,49152,0,7292600436
2841,23511280,3166775,26678055,4,0,0,6656,7,8402734460
2842,23513830,3159655,26673485,7,0,0,21504,19,4415097577
2843,23529110,3590582,27119692,2,0,0,123392,18,3377987694
2844,23531700,3257611,26789311,8,0,0,53248,13,8601865303
2845,23537950,3268255,26806205,6,0,0,22016,19,1127276128
2846,23537999,25951936,49489935,0,0,1,11776,17,9408380134
2847,23545230,3169459,26714689,4,0,0,18432,7,9468553846
2848,23553150,3122854,26676004,7,0,0,8192,19,6744399893
2849,23569320,3039690,26609010,7,0,0,19456,19,3518368440
2850,23576501,3336885,26913386,1,0,0,5120,0,9877393372
2851,23577470,3603494,27180964,0,0,0,24576,17,8818869074
2852,23583500,3297984,26881484,0,0,0,22528,17,171372756
2853,23588540,3119476,26708016,0,0,0,30720,17,4740931532
2854,23597760,3160610,26758370,3,0,0,12800,13,723967193
2855,23597820,3404108,27001928,3,0,0,1536,13,3105978529
2856,23599970,3420429,27020399,7,0,0,27648,19,4365518920
2857,23604070,3474190,27078260,5,0,0,76288,10,1099537334
2858,23642701,3181842,26824543,1,0,0,32768,0,1413887386
2859,23674970,3598833,27273803,3,0,0,79872,13,4845267634
2860,23716250,3148559,26864809,2,0,0,14848,18,7861944190
2861,23723450,2766479,26489929,2,0,0,1536,18,9961157674
2862,23730400,3478438,27208838,2,0,0,39936,18,7985085126
2863,23731900,3714885,27446785,0,0,0,35328,17,8233379638
2864,23732850,3304885,27037735,8,0,0,19456,13,8968341088
2865,23736090,3405379,27141469,8,0,0,56320,13,1188464035
2866,23753120,3634166,27387286,5,0,0,64512,10,6422790123
2867,23754650,3418795,27173445,5,0,0,11776,10,9013181694
2868,23757420,25732538,49489958,7,0,1,2560,19,6207978255
2869,23771920,2964868,26736788,4,0,0,3584,7,10663778875
2870,23774830,3767454,27542284,7,0,0,27648,19,81624395
2871,23785320,3296753,27082073,7,0,0,2048,19,4146363076
2872,23786570,3222438,27009008,7,0,0,15360,19,2819063786
2873,23787540,3166250,26953790,4,0,0,6656,7,8560857559
2874,23790830,3145286,26936116,3,0,0,13312,13,1334113426
2875,23796720,3124903,26921623,8,0,0,3584,13,2281273492
2876,23814201,3267225,27081426,1,0,0,1024,0,8134800410
2877,23841580,3446808,27288388,5,0,0,4608,10,8098927062
2878,23846900,3831026,27677926,5,0,0,88576,10,6203617332
2879,23866800,3300657,27167457,6,0,0,16384,19,6374538287
2880,23869711,3277732,27147443,1,0,0,19456,0,3960435883
2881,23894931,3014878,26909809,1,0,0,9216,0,2274673666
2882,23907421,3262266,27169687,1,0,0,6144,0,8706911893
2883,23925320,3312580,27237900,7,0,0,38912,19,3960847202
2884,23930700,25569810,49500510,1,0,1,4096,0,2023727996
2885,23939490,3471495,27410985,7,0,0,55808,19,444173505
2886,23949741,3792343,27742084,1,0,0,5632,0,8368607601
2887,23957910,3653704,27611614,0,0,0,32256,17,9609924459
2888,23962160,3162126,27124286,2,0,0,7168,18,2986256169
2889,23967250,3087479,27054729,8,0,0,8704,13,3940991530
2890,23976550,3267567,27244117,2,0,0,11264,18,1827702877
2891,23977870,3144201,27122071,2,0,0,7680,18,2558604347
2892,23983360,3202151,27185511,5,0,0,14848,10,5565826618
2893,23984640,3659115,27643755,4,0,0,34816,7,9694441694
2894,23989330,3056023,27045353,3,0,0,2560,13,1611248193
2895,24002709,25506335,49509044,2,0,1,2560,18,7707231541
2896,24004810,3508265,27513075,0,0,0,36864,17,7859457945
2897,24018100,25499472,49517572,2,0,1,3072,18,3288206066
2898,24022580,25522156,49544736,7,0,1,26112,19,5152535174
2899,24027190,3160684,27187874,7,0,0,7680,19,8081486966
2900,24028439,25645022,49673461,2,0,1,9216,18,9753369467
2901,24040740,3040351,27081091,7,0,0,9216,19,7551044296
2902,24041291,3272452,27313743,1,0,0,2048,0,9921563832
2903,24057290,3994220,28051510,2,0,0,66560,18,1420724038
2904,24057960,3496359,27554319,4,0,0,39424,7,3886556874
2905,24069930,3426463,27496393,2,0,0,8704,18,4764477060
2906,24073431,3271298,27344729,1,0,0,7680,0,10694258513
2907,24079101,3088691,27167792,1,0,0,1024,0,8441950781
2908,24104700,3313172,27417872,2,0,0,22528,18,6492431246
2909,24104860,3144584,27249444,7,0,0,17408,19,2292538135
2910,24105910,3342310,27448220,6,0,0,4608,19,877308510
2911,24109680,3945441,28055121,7,0,0,11776,19,2082632660
2912,24112550,3174403,27286953,8,0,0,31232,13,1444537899
2913,24114930,3653488,27768418,4,0,0,26112,7,6604415846
2914,24115220,3232417,27347637,7,0,0,9216,19,5554172399
2915,24121870,3754583,27876453,4,0,0,15360,7,10672869472
2916,24121930,3155484,27277414,3,0,0,11776,13,8672511134
2917,24125999,25547485,49673484,5,0,1,512,10,6991826207
2918,24128460,3327025,27455485,5,0,0,3584,10,8613696449
2919,24141330,4021370,28162700,2,0,0,9216,18,6540528233
2920,24142520,3746307,27888827,5,0,0,31232,10,6988252209
2921,24147080,3486044,27633124,5,0,0,6656,10,3461946764
2922,24157290,3146551,27303841,7,0,0,12288,19,1778018706
2923,24179200,25494307,49673507,4,0,1,1536,7,7635483220
2924,24182440,25612428,49794868,4,0,1,14848,7,3871182794
2925,24188350,3736591,27924941,3,0,0,73728,13,5816796747
2926,24207150,25587741,49794891,1,0,1,3072,0,484281542
2927,24209219,25586237,49795456,0,0,1,1024,17,7344765668
2928,24215770,25623676,49839446,1,0,1,512,0,5237085381
2929,24220420,3737485,27957905,6,0,0,14848,19,7876839496
2930,24222080,25619132,49841212,3,0,1,22528,13,3354196907
2931,24227019,25721375,49948394,2,0,1,5120,18,7992703569
2932,24252770,3339199,27591969,4,0,0,17408,7,8570730464
2933,24264890,25683527,49948417,1,0,1,8704,0,208599306
2934,24270860,3165130,27435990,6,0,0,3584,19,6744536486
2935,24275840,3254541,27530381,7,0,0,14848,19,2102740271
2936,24278490,3140029,27418519,2,0,0,2048,18,6893545512
2937,24283090,3808780,28091870,4,0,0,45056,7,1872486196
2938,24287700,3462711,27750411,6,0,0,27136,19,2968760811
2939,24288630,3342039,27630669,7,0,0,62464,19,10734541550
2940,24289140,3835898,28125038,4,0,0,43008,7,5765902112
2941,24303780,3387453,27691233,8,0,0,28672,13,8852485646
2942,24305650,25704874,50010524,7,0,1,5632,19,7886716944
2943,24312700,4121384,28434084,2,0,0,138240,18,7715178426
2944,24313900,3368574,27682474,2,0,0,14336,18,4916688816
2945,24321039,25796578,50117617,0,0,1,3072,17,7784282977
2946,24322820,3412424,27735244,4,0,0,25088,7,1145714126
2947,24334941,3483838,27818779,1,0,0,7168,0,4648728852
2948,24335220,25782420,50117640,1,0,1,1024,0,1312077285
2949,24336070,3916205,28252275,6,0,0,57856,19,1774861693
2950,24347170,3449989,27797159,6,0,0,2048,19,127740503
2951,24348800,3987516,28336316,4,0,0,37376,7,6869824063
2952,24352890,25764773,50117663,9,0,1,512,17,10056075454
2953,24353660,25766233,50119893,3,0,1,8192,13,1629015533
2954,24354020,3677187,28031207,6,0,0,19968,19,2676288870
2955,24364269,25755647,50119916,0,0,1,4608,17,569805108
2956,24372710,3128074,27500784,5,0,0,14336,10,6207059433
2957,24374240,3636286,28010526,0,0,0,19456,17,2904825322
2958,24387419,25732520,50119939,0,0,1,3584,17,6898557908
2959,24387620,4140326,28527946,0,0,0,67072,17,4631853341
2960,24390780,3328755,27719535,2,0,0,26624,18,3786642609
2961,24393220,4262729,28655949,3,0,0,26624,13,9396934707
2962,24396130,3187970,27584100,0,0,0,1024,17,6761164292
2963,24413830,4033404,28447234,5,0,0,6656,10,3276632016
2964,24416890,3415155,27832045,2,0,0,1024,18,8287881145
2965,24418440,25711125,50129565,3,0,1,10752,13,8346224745
2966,24419840,25711991,50131831,7,0,1,3584,19,1609811751
2967,24441361,3557359,27998720,1,0,0,29696,0,2948630513
2968,24441451,4328234,28769685,1,0,0,49664,0,5803705961
2969,24453110,3909125,28362235,2,0,0,84992,18,8346720850
2970,24454670,3444443,27899113,5,0,0,7168,10,10679384237
2971,24472270,3310974,27783244,3,0,0,3072,13,414831007
2972,24475580,25661077,50136657,3,0,1,7680,13,10220776492
2973,24481329,25656314,50137643,0,0,1,1536,17,4525797585
2974,24490230,25652507,50142737,4,0,1,6144,7,6949157294
2975,24516390,3583074,28099464,0,0,0,12800,17,9341035975
2976,24552500,25595013,50147513,1,0,1,20480,0,5162828236
2977,24564101,3938166,28502267,1,0,0,31744,0,10185424831
2978,24581161,3885128,28466289,1,0,0,62464,0,4637472508
2979,24587090,3483788,28070878,8,0,0,36352,13,202970648
2980,24590450,3854733,28445183,5,0,0,36352,10,837475043
2981,24594960,3464819,28059779,4,0,0,6144,7,1392048945
2982,24606820,3284214,27891034,5,0,0,7168,10,961956929
2983,24634250,3559384,28193634,7,0,0,8192,19,1369001443
2984,24638860,3595756,28234616,2,0,0,41984,18,8242227954
2985,24647280,3521310,28168590,8,0,0,6656,13,10361537012
2986,24647520,25629143,50276663,7,0,1,12800,19,9989797100
2987,24656940,3990874,28647814,5,0,0,28160,10,5595614532
2988,24679660,3984790,28664450,3,0,0,3072,13,4408039028
2989,24688600,3703341,28391941,0,0,0,56832,17,10585562767
2990,24701390,3510381,28211771,8,0,0,55808,13,2015185036
2991,24707510,3387659,28095169,5,0,0,10752,10,5197014519
2992,24724010,3497791,28221801,5,0,0,32256,10,2094264163
2993,24724770,4100901,28825671,5,0,0,25600,10,6690689907
2994,24727090,3583557,28310647,3,0,0,2048,13,7792665136
2995,24727170,3642264,28369434,0,0,0,23552,17,4750325872
2996,24727440,3801176,28528616,5,0,0,2048,10,6079356512
2997,24732760,25543926,50276686,1,0,1,1536,0,6719089223
2998,24743269,25538767,50282036,0,0,1,8192,17,792936137
2999,24761260,4206700,28967960,4,0,0,7168,7,5885746770
3000,24762370,4144415,28906785,2,0,0,53760,18,3929314651
3001,24765070,3806916,28571986,7,0,0,25088,19,6576934997
3002,24775951,3714922,28490873,1,0,0,58368,0,9579846811
3003,24776690,4030969,28807659,8,0,0,16896,13,4582586703
3004,24781990,3690585,28472575,0,0,0,14848,17,3788509894
3005,24793750,25488309,50282059,1,0,1,1536,0,8562283412
3006,24807560,25514019,50321579,1,0,1,12288,0,9634506850
3007,24813789,25631430,50445219,2,0,1,1024,18,9847668642
3008,24838520,3747238,28585758,8,0,0,3584,13,2827474902
3009,24839831,3902561,28742392,1,0,0,37376,0,3663743005
3010,24843569,25610129,50453698,2,0,1,4096,18,7527810288
3011,24844171,3367779,28211950,9,0,0,512,17,676011301
3012,24848130,3815174,28663304,5,0,0,24064,10,6427377050
3013,24861290,25592431,50453721,3,0,1,3584,13,1793318851
3014,24863770,3455483,28319253,0,0,0,19968,17,3258204978
3015,24893550,3691093,28584643,6,0,0,1536,19,3794571042
3016,24901250,25679460,50580710,1,0,1,4608,0,9208484269
3017,24909650,3563416,28473066,0,0,0,1536,17,9932706537
3018,24918110,3549918,28468028,7,0,0,5632,19,7438392648
3019,24920290,25662338,50582628,8,0,1,5632,13,7997021129
3020,24928410,25654268,50582678,3,0,1,6656,13,8912977375
3021,24929760,3779907,28709667,6,0,0,35840,19,6509267209
3022,24931540,3707671,28639211,4,0,0,35328,7,5730321293
3023,24943921,3640231,28584152,1,0,0,37376,0,9867884784
3024,24974230,25755906,50730136,9,0,1,1536,17,2589123581
3025,24986180,3744801,28730981,4,0,0,43008,7,10387019427
3026,24991961,4016898,29008859,9,0,0,34304,17,5814335022
3027,24994860,3701299,28696159,7,0,0,70656,19,5719473853
3028,25006910,3958049,28964959,8,0,0,32768,13,10052831869
3029,25012251,3686473,28698724,1,0,0,8192,0,154511585
3030,25040820,4057744,29098564,6,0,0,28672,19,1830644374
3031,25041060,3671269,28712329,0,0,0,6656,17,3886682710
3032,25056700,3606791,28663491,5,0,0,512,10,10414246095
3033,25068720,25661439,50730159,9,0,1,6144,17,3556456332
3034,25085370,25710229,50795599,7,0,1,1024,19,2703014356
3035,25099190,3940104,29039294,4,0,0,13312,7,7555975025
3036,25100600,3727145,28827745,7,0,0,5632,19,7204345670
3037,25106940,3704587,28811527,3,0,0,11264,13,2052092994
3038,25111520,3714486,28826006,2,0,0,1024,18,10707053367
3039,25112690,3839258,28951948,2,0,0,23552,18,9388359902
3040,25113650,25853222,50966872,1,0,1,10240,0,6458252942
3041,25125621,3933889,29059510,9,0,0,31744,17,330961311
3042,25140530,25849320,50989850,4,0,1,2048,7,4581451583
3043,25143320,25846553,50989873,3,0,1,9728,13,7001692952
3044,25144359,25957973,51102332,2,0,1,12800,18,7009791177
3045,25164480,4100113,29264593,5,0,0,19456,10,6389486586
3046,25175320,4005763,29181083,5,0,0,55808,10,2632706404
3047,25192010,3716826,28908836,2,0,0,6656,18,9493457737
3048,25203700,3674491,28878191,8,0,0,8192,13,679889171
3049,25206750,25916947,51123697,9,0,1,7168,17,3991930951
3050,25210731,3567202,28777933,1,0,0,4096,0,4331749812
3051,25212330,4043599,29255929,8,0,0,6144,13,1311686616
3052,25220360,3724389,28944749,6,0,0,44032,19,3599759552
3053,25222260,4046591,29268851,8,0,0,13824,13,5736867400
3054,25244560,25881643,51126203,3,0,1,25088,13,7983387454
3055,25262140,3762752,29024892,5,0,0,9728,10,5845327073
3056,25262580,4088191,29350771,7,0,0,13824,19,2033657317
3057,25271240,3933389,29204629,5,0,0,14848,10,3777073493
3058,25273780,3775833,29049613,2,0,0,33792,18,279866642
3059,25279921,25969635,51249556,6,0,1,2048,19,3855407509
3060,25285870,4178092,29463962,8,0,0,24576,13,10442763627
3061,25299390,3913912,29213302,8,0,0,25600,13,6360220833
3062,25304830,3710916,29015746,7,0,0,22528,19,5118569118
3063,25315030,4178199,29493229,4,0,0,29184,7,8028973044
3064,25315611,3512313,28827924,1,0,0,512,0,9466213954
3065,25326130,25987914,51314044,3,0,1,25088,13,9852889178
3066,25327870,3736054,29063924,4,0,0,14336,7,2881804916
3067,25349060,3727792,29076852,2,0,0,18944,18,4982258141
3068,25349900,4341489,29691389,4,0,0,31232,7,4110425787
3069,25359340,3831126,29190466,4,0,0,30720,7,2770102669
3070,25364500,25950210,51314710,3,0,1,1024,13,7719749664
3071,25366130,3986068,29352198,3,0,0,4608,13,9356018808
3072,25379310,4255446,29634756,4,0,0,6144,7,3550755040
3073,25382090,25935846,51317936,9,0,1,5120,17,3448836984
3074,25384831,3938335,29323166,1,0,0,18432,0,6983136081
3075,25399480,25949263,51348743,8,0,1,31744,13,5813273616
3076,25407500,3590884,28998384,6,0,0,23552,19,742556136
3077,25419760,3946452,29366212,3,0,0,28672,13,6343574034
3078,25421420,3778608,29200028,6,0,0,31232,19,6563563533
3079,25436681,4139821,29576502,1,0,0,29184,0,3229574608
3080,25448390,3601425,29049815,8,0,0,512,13,3776181247
3081,25473430,3841938,29315368,3,0,0,28160,13,10348713741
3082,25478900,3537181,29016081,6,0,0,1024,19,5202684570
3083,25482970,25962667,51445637,9,0,1,5120,17,5254081657
3084,25493290,4030111,29523401,4,0,0,47104,7,8058285273
3085,25499070,5659408,31158478,6,0,0,38400,19,1606225126
3086,25509480,3820181,29329661,0,0,0,3584,17,7298464137
3087,25509891,3761767,29271658,1,0,0,8192,0,5583555769
3088,25512160,4363476,29875636,8,0,0,56832,13,4684288450
3089,25512330,3882424,29394754,7,0,0,6656,19,1728173496
3090,25518021,3951240,29469261,1,0,0,7680,0,1930064549
3091,25519961,25928378,51448339,6,0,1,8192,19,758163090
3092,25522330,3812358,29334688,6,0,0,12288,19,8587080388
3093,25545420,4022167,29567587,7,0,0,11776,19,4646518040
3094,25553140,4510106,30063246,5,0,0,25088,10,4720948701
3095,25562470,4076989,29639459,5,0,0,15360,10,4740153157
3096,25570170,25946306,51516476,4,0,1,11264,7,5584355445
3097,25571780,3798222,29370002,0,0,0,12288,17,9714161099
3098,25580811,3959405,29540216,1,0,0,31744,0,7402272592
3099,25582270,5710387,31292657,8,0,0,56320,13,4991627995
3100,25621380,3599295,29220675,0,0,0,3072,17,453450069
3101,25625590,3691315,29316905,3,0,0,2048,13,8557759616
3102,25625691,3938193,29563884,1,0,0,31744,0,2297051278
3103,25632710,3692039,29324749,2,0,0,5120,18,5085729706
3104,25632900,4312833,29945733,2,0,0,13312,18,7265083109
3105,25635700,25885398,51521098,1,0,1,18944,0,9938341410
3106,25651091,4469363,30120454,1,0,0,14848,0,8345929393
3107,25681180,3614715,29295895,2,0,0,5120,18,3141474278
3108,25684849,25911152,51596001,0,0,1,7168,17,5752971925
3109,25685650,4504747,30190397,5,0,0,34304,10,860813108
3110,25692100,4337318,30029418,6,0,0,71168,19,115233629
3111,25702510,3930172,29632682,0,0,0,56832,17,2362235201
3112,25708820,3924041,29632861,3,0,0,512,13,6352873870
3113,25738720,3757461,29496181,0,0,0,3584,17,9985726740
3114,25742440,4096275,29838715,0,0,0,18432,17,3434951599
3115,25756210,3907051,29663261,2,0,0,50176,18,8735635203
3116,25756390,3953818,29710208,2,0,0,7680,18,6786458722
3117,25760791,4154838,29915629,1,0,0,2560,0,975690422
3118,25762800,4539816,30302616,7,0,0,15872,19,2849578269
3119,25780170,25818737,51598907,4,0,1,4608,7,2102990006
3120,25787280,5619436,31406716,3,0,0,2560,13,652721391
3121,25795590,4464612,30260202,3,0,0,13312,13,5013034782
3122,25803860,4308436,30112296,3,0,0,49664,13,6943470234
3123,25810490,3940644,29751134,6,0,0,14848,19,10284946033
3124,25815290,3998038,29813328,8,0,0,16384,13,1425233529
3125,25817450,5929751,31747201,4,0,0,6656,7,9644025067
3126,25820991,4435132,30256123,1,0,0,75776,0,9845075841
3127,25834170,5683348,31517518,0,0,0,17408,17,7603184581
3128,25838550,4115630,29954180,7,0,0,27648,19,5825965010
3129,25845130,25771345,51616475,3,0,1,3584,13,1797204352
3130,25856020,4877042,30733062,6,0,0,16384,19,1050462090
3131,25863930,4106315,29970245,3,0,0,14848,13,5329809756
3132,25888130,4478115,30366245,6,0,0,14336,19,9383584560
3133,25888930,3840940,29729870,7,0,0,512,19,5053813097
3134,25893360,4380023,30273383,5,0,0,3072,10,5363247416
3135,25896160,3746450,29642610,7,0,0,10240,19,9482463792
3136,25927950,25806297,51734247,4,0,1,20480,7,2613802661
3137,25946820,4471541,30418361,2,0,0,24064,18,5393040144
3138,25959860,5840236,31800096,4,0,0,14336,7,8931025104
3139,25970360,3710555,29680915,4,0,0,22016,7,6857713798
3140,25996520,3412494,29409014,4,0,0,1024,7,3231773674
3141,25999920,4425312,30425232,6,0,0,2560,19,2434726011
3142,26001061,25733209,51734270,6,0,1,12800,19,9045504632
3143,26003040,3641749,29644789,5,0,0,5120,10,6383043088
3144,26028980,3785619,29814599,7,0,0,4096,19,8637418921
3145,26055020,4446824,30501844,3,0,0,29696,13,3926491129
3146,26063920,4805623,30869543,4,0,0,16896,7,7593280037
3147,26069710,4144715,30214425,2,0,0,30720,18,3917522888
3148,26079181,3682657,29761838,1,0,0,4608,0,1310695016
3149,26079380,4475918,30555298,7,0,0,38400,19,1957481339
3150,26082010,3776287,29858297,8,0,0,27648,13,2266477341
3151,26084310,3805412,29889722,8,0,0,44544,13,697580874
3152,26095800,3984917,30080717,2,0,0,24064,18,1439773117
3153,26103740,3694367,29798107,4,0,0,6144,7,10433482134
3154,26117119,25681097,51798216,0,0,1,10752,17,5931694274
3155,26146600,3994410,30141010,8,0,0,14336,13,6837899385
3156,26165810,3733614,29899424,0,0,0,21504,17,1416930890
3157,26178621,4158565,30337186,1,0,0,5632,0,10334068345
3158,26179490,4364085,30543575,8,0,0,55808,13,2472501814
3159,26182149,25893491,52075640,0,0,1,22528,17,179029784
3160,26185990,3936211,30122201,6,0,0,5632,19,5325372393
3161,26190850,3505237,29696087,3,0,0,512,13,5390144547
3162,26195150,3746504,29941654,7,0,0,29184,19,8108809254
3163,26196939,25882586,52079525,0,0,1,4096,17,3748567849
3164,26198520,5668590,31867110,7,0,0,16384,19,5626846931
3165,26225260,6129310,32354570,5,0,0,55808,10,5259388590
3166,26227270,5841170,32068440,2,0,0,18432,18,2912515540
3167,26232530,25847018,52079548,8,0,1,1536,13,4431743962
3168,26245560,25834011,52079571,8,0,1,512,13,7396419849
3169,26247970,3628157,29876127,7,0,0,1536,19,891389529
3170,26253410,3872106,30125516,8,0,0,8192,13,4359710122
3171,26258160,4256584,30514744,7,0,0,3072,19,3621765740
3172,26268859,26337297,52606156,2,0,1,93696,18,2197502492
3173,26271820,3817968,30089788,7,0,0,10752,19,9176134277
3174,26287300,26325454,52612754,4,0,1,6144,7,4572407432
3175,26289970,5631319,31921289,2,0,0,50176,18,9176155271
3176,26319710,3946607,30266317,7,0,0,19968,19,1509581251
3177,26338051,4154722,30492773,1,0,0,46080,0,2236280086
3178,26341739,26413750,52755489,0,0,1,13312,17,3191236905
3179,26354830,4090841,30445671,8,0,0,25088,13,4659593372
3180,26360830,4429188,30790018,4,0,0,8192,7,4507424730
3181,26361570,4375290,30736860,3,0,0,6656,13,10236389093
3182,26369150,4144604,30513754,4,0,0,38912,7,6366452974
3183,26374670,4656321,31030991,8,0,0,20480,13,1476607772
3184,26389020,5816082,32205102,7,0,0,2048,19,8414717160
3185,26399039,26551774,52950813,2,0,1,40448,18,1852478190
3186,26408120,3723035,30131155,4,0,0,18432,7,3564270417
3187,26411399,27069267,53480666,2,0,1,98816,18,7677706108
3188,26415940,3893719,30309659,5,0,0,23040,10,482436039
3189,26426420,5966846,32393266,3,0,0,8704,13,8249637086
3190,26457789,27043687,53501476,2,0,1,11264,18,7997471039
3191,26461410,27040089,53501499,9,0,1,1536,17,4340566810
3192,26461600,27039922,53501522,8,0,1,3072,13,4029334842
3193,26471439,27030106,53501545,5,0,1,15872,10,6404744979
3194,26485090,4089419,30574509,5,0,0,62976,10,1408855494
3195,26486340,3799833,30286173,6,0,0,26112,19,8851181100
3196,26490760,3625147,30115907,2,0,0,11776,18,3830298277
3197,26505240,4336588,30841828,3,0,0,1024,13,3101907214
3198,26515830,4591522,31107352,2,0,0,43520,18,8264098784
3199,26518329,28143880,54662209,2,0,1,336896,18,3972193232
3200,26523629,28165021,54688650,0,0,1,4096,17,9229499110
3201,26526000,28515346,55041346,8,0,1,327680,13,8766422698
3202,26531770,28542348,55074118,4,0,1,9728,7,3301855072
3203,26539971,4434811,30974782,1,0,0,12800,0,7089871632
3204,26540760,5888738,32429498,2,0,0,2048,18,9620867312
3205,26549540,4250117,30799657,7,0,0,15872,19,5723241848
3206,26562551,28514153,55076704,6,0,1,4096,19,2024615174
3207,26568410,4050982,30619392,7,0,0,28160,19,6160916583
3208,26573520,28518235,55091755,1,0,1,6144,0,1384452661
3209,26578840,28516781,55095621,7,0,1,6144,19,7250130165
3210,26578919,28522843,55101762,2,0,1,8192,18,8546143835
3211,26582740,4201543,30784283,8,0,0,29696,13,10089791998
3212,26601820,3991183,30593003,8,0,0,2560,13,6967439677
3213,26607340,4458416,31065756,8,0,0,31744,13,3310617138
3214,26629310,28474986,55104296,7,0,1,3072,19,3586176075
3215,26632201,28474041,55106242,6,0,1,3072,19,3599831909
3216,26633400,3763808,30397208,3,0,0,34816,13,9841698887
3217,26644360,28462228,55106588,9,0,1,512,17,9318394750
3218,26645160,4287882,30933042,8,0,0,5632,13,9483374955
3219,26663120,3814710,30477830,6,0,0,105472,19,5839537162
3220,26678640,4088127,30766767,2,0,0,59392,18,5398582295
3221,26680140,4552911,31233051,5,0,0,46592,10,9641771575
3222,26690660,28420397,55111057,7,0,1,3584,19,7160799284
3223,26691271,28430395,55121666,6,0,1,17920,19,4966640950
3224,26706641,4216871,30923512,1,0,0,36864,0,5043350494
3225,26712470,4178705,30891175,2,0,0,68096,18,6053085794
3226,26730119,28429471,55159590,0,0,1,10752,17,10524387150
3227,26731151,28480112,55211263,6,0,1,33792,19,7468165711
3228,26734840,28476446,55211286,9,0,1,1536,17,8792700926
3229,26742091,4422338,31164429,1,0,0,19456,0,1404465928
3230,26758110,4754081,31512191,5,0,0,65536,10,10003250152
3231,26761770,4236460,30998230,3,0,0,44032,13,9672376770
3232,26767259,28444050,55211309,5,0,1,2560,10,3604746767
3233,26781380,28678538,55459918,8,0,1,80384,13,2039479877
3234,26796720,4556558,31353278,7,0,0,56320,19,5603300291
3235,26803530,3779917,30583447,3,0,0,29184,13,5900719314
3236,26808060,5745059,32553119,7,0,0,11264,19,9027128535
3237,26811010,28699355,55510365,3,0,1,32768,13,3281205993
3238,26813861,3664826,30478687,1,0,0,2560,0,3639346380
3239,26816260,3932388,30748648,6,0,0,4608,19,2815339239
3240,26816970,28717568,55534538,3,0,1,21504,13,2171073293
3241,26818570,28885652,55704222,7,0,1,47616,19,9990716643
3242,26822530,28914856,55737386,9,0,1,17408,17,479637572
3243,26833299,28943054,55776353,2,0,1,91648,18,4303133724
3244,26833630,28942746,55776376,1,0,1,2048,0,5764767672
3245,26845270,5840481,32685751,7,0,0,65024,19,10573190590
3246,26851930,4385980,31237910,2,0,0,15872,18,8027901137
3247,26855211,28942562,55797773,6,0,1,4096,19,7364760399
3248,26893460,28907539,55800999,4,0,1,5120,7,8751395571
3249,26900330,3518857,30419187,2,0,0,2560,18,6540753085
3250,26938490,4248775,31187265,4,0,0,4608,7,10481238165
3251,26946960,5783327,32730287,8,0,0,13824,13,523592942
3252,26951470,6131698,33083168,7,0,0,12288,19,9874471154
3253,26952419,28856093,55808512,0,0,1,6144,17,9634372415
3254,26964880,28850774,55815654,7,0,1,8192,19,3641990877
3255,26969640,28869693,55839333,4,0,1,5120,7,7368379535
3256,26984089,28855267,55839356,2,0,1,512,18,6453296947
3257,26985980,4419933,31405913,7,0,0,27648,19,7436889126
3258,26992010,28850832,55842842,3,0,1,5632,13,5436128261
3259,26999259,28859234,55858493,0,0,1,8192,17,4909464271
3260,26999620,28909584,55909204,9,0,1,25600,17,6118089179
3261,27010120,4735030,31745150,8,0,0,135168,13,4837968126
3262,27010360,4083701,31094061,3,0,0,10752,13,611078651
3263,27014131,4524649,31538780,9,0,0,69632,17,4334421003
3264,27018330,3752506,30770836,2,0,0,12800,18,5890985385
3265,27023200,4356271,31379471,3,0,0,12288,13,4814416409
3266,27040180,3824192,30864372,7,0,0,43520,19,8874900572
3267,27053390,4408449,31461839,8,0,0,30720,13,7696715994
3268,27058080,28853710,55911790,1,0,1,4096,0,1575895206
3269,27060470,4146992,31207462,5,0,0,3072,10,3717947665
3270,27064760,4141743,31206503,8,0,0,38912,13,1241169593
3271,27073231,4100463,31173694,1,0,0,7680,0,3255846888
3272,27087580,3854358,30941938,7,0,0,24064,19,8580442950
3273,27088279,28830411,55918690,5,0,1,6656,10,8330246444
3274,27090530,3644271,30734801,5,0,0,5632,10,5954948653
3275,27095610,28823103,55918713,1,0,1,12288,0,307309371
3276,27100600,3797150,30897750,0,0,0,21504,17,8102928298
3277,27110430,4651146,31761576,4,0,0,47104,7,1651155517
3278,27123730,3649937,30773667,8,0,0,9216,13,9397434620
3279,27149160,3884519,31033679,8,0,0,4096,13,6435662648
3280,27151710,4447269,31598979,7,0,0,26112,19,667717662
3281,27160740,28757996,55918736,4,0,1,2048,7,1218084611
3282,27170600,4321600,31492200,7,0,0,15872,19,5370690063
3283,27175440,5666151,32841591,7,0,0,18944,19,5752360688
3284,27178011,4604785,31782796,1,0,0,11264,0,7891506518
3285,27191359,28729700,55921059,0,0,1,4608,17,2874009882
3286,27194280,28730645,55924925,3,0,1,6144,13,196990795
3287,27202241,28764094,55966335,6,0,1,41472,19,8884463442
3288,27207610,4124562,31332172,7,0,0,64512,19,4685884792
3289,27221160,3869602,31090762,7,0,0,14848,19,4093582755
3290,27229091,28738230,55967321,6,0,1,1536,19,345580450
3291,27229760,5557605,32787365,2,0,0,59904,18,3908386295
3292,27232941,28736966,55969907,6,0,1,4096,19,8987177833
3293,27233550,28737535,55971085,1,0,1,13824,0,2312897505
3294,27236540,4056943,31293483,7,0,0,2560,19,1462555404
3295,27251050,28733586,55984636,1,0,1,11264,0,1390294
3296,27256851,4105699,31362550,1,0,0,16896,0,7891030673
3297,27262320,28723596,55985916,9,0,1,14336,17,627452692
3298,27269030,3654817,30923847,2,0,0,1024,18,4388446406
3299,27278440,3891160,31169600,0,0,0,16896,17,2013105522
3300,27281130,28711934,55993064,4,0,1,1536,7,2932895370
3301,27286249,28711993,55998242,2,0,1,2560,18,5781224952
3302,27309269,28693159,56002428,5,0,1,6656,10,2374099630
3303,27313400,4877954,32191354,7,0,0,17920,19,7369210196
3304,27321290,3975417,31296707,5,0,0,3072,10,1377476666
3305,27325090,4242932,31568022,8,0,0,61952,13,7562562050
3306,27332789,28674145,56006934,5,0,1,7168,10,8849564262
3307,27348430,4304006,31652436,8,0,0,40448,13,1848302573
3308,27362700,3853674,31216374,5,0,0,10752,10,8795910993
3309,27370710,4600412,31971122,3,0,0,113152,13,5274169321
3310,27373830,28634410,56008240,9,0,1,2048,17,8546681090
3311,27379670,3974465,31354135,5,0,0,2560,10,2358194698
3312,27388790,29316352,56705142,8,0,1,228864,13,2468112630
3313,27401281,3872894,31274175,9,0,0,5120,17,4406971988
3314,27401451,4139917,31541368,1,0,0,8192,0,10039790178
3315,27413120,3607943,31021063,3,0,0,3584,13,8651768270
3316,27413931,4664749,32078680,9,0,0,7168,17,1508087361
3317,27423110,4679698,32102808,2,0,0,65024,18,2225063897
3318,27429560,4476418,31905978,7,0,0,36864,19,1669120102
3319,27461350,4523991,31985341,8,0,0,46592,13,1956482869
3320,27475390,3935717,31411107,3,0,0,14336,13,3131567708
3321,27479500,29337583,56817083,7,0,1,4608,19,10059823168
3322,27480681,3649976,31130657,9,0,0,8704,17,1520397870
3323,27484870,29338195,56823065,3,0,1,4096,13,7511248497
3324,27513620,29309468,56823088,3,0,1,1024,13,2033096765
3325,27514260,29326007,56840267,1,0,1,25600,0,7325424347
3326,27541190,29302814,56844004,4,0,1,4096,7,6509181829
3327,27548999,29298231,56847230,5,0,1,5120,10,3303859420
3328,27584360,4699199,32283559,8,0,0,23552,13,3677182974
3329,27584490,4416426,32000916,3,0,0,3584,13,9539220598
3330,27615110,29232466,56847576,9,0,1,512,17,10605709614
3331,27630350,29253814,56884164,1,0,1,19456,0,2381765733
3332,27647390,29236797,56884187,7,0,1,512,19,731364271
3333,27653771,5595149,33248920,1,0,0,53248,0,9645156512
3334,27671561,3664534,31336095,1,0,0,12800,0,9012757657
3335,27718990,4602647,32321637,2,0,0,22016,18,9849820722
3336,27721681,29162529,56884210,6,0,1,8704,19,5360998573
3337,27723940,4477756,32201696,2,0,0,9728,18,3549780026
3338,27728800,3819790,31548590,8,0,0,23552,13,9957786053
3339,27731520,29173507,56905027,9,0,1,16384,17,2480688501
3340,27788559,29125266,56913825,2,0,1,11264,18,5862284161
3341,27797190,3772259,31569449,3,0,0,4608,13,6800549256
3342,27798941,3667074,31466015,9,0,0,4096,17,5851240950
3343,27808150,4788865,32597015,7,0,0,96768,19,933466898
3344,27811650,4175742,31987392,3,0,0,6656,13,8290883297
3345,27828950,3941431,31770381,5,0,0,28672,10,7523216836
3346,27842441,3833617,31676058,9,0,0,26112,17,8976414668
3347,27859081,3731919,31591000,1,0,0,70656,0,3194167093
3348,27863571,3913833,31777404,1,0,0,9216,0,6311753848
3349,27863770,4526821,32390591,0,0,0,16384,17,8414967556
3350,27864271,4743375,32607646,9,0,0,34816,17,3369901096
3351,27866660,4014920,31881580,2,0,0,25600,18,3586978965
3352,27872940,4591870,32464810,6,0,0,46080,19,4195087380
3353,27882310,4053198,31935508,2,0,0,46592,18,3452795510
3354,27888260,3714867,31603127,8,0,0,10240,13,6188143764
3355,27888921,3592071,31480992,1,0,0,13312,0,8268701073
3356,27897690,3564952,31462642,5,0,0,2560,10,4591543109
3357,27902611,4034012,31936623,9,0,0,3584,17,8424449761
3358,27907160,3756370,31663530,7,0,0,4608,19,1140726132
3359,27910010,3723620,31633630,3,0,0,6656,13,5635734678
3360,27916271,4398589,32314860,1,0,0,33280,0,8697189416
3361,27924720,28989128,56913848,1,0,1,6144,0,2659931409
3362,27944820,4114792,32059612,7,0,0,12800,19,2740895902
3363,27976360,3623624,31599984,4,0,0,3072,7,4700860367
3364,28008830,3990955,31999785,8,0,0,40448,13,10190040863
3365,28016371,28897500,56913871,6,0,1,1024,19,8191893517
3366,28027330,4638578,32665908,2,0,0,3584,18,4939122994
3367,28050851,4103971,32154822,1,0,0,24576,0,9415479366
3368,28051660,4581951,32633611,3,0,0,26112,13,4722200638
3369,28056950,28856944,56913894,3,0,1,3584,13,3753423883
3370,28057060,28856857,56913917,3,0,1,1024,13,8244425760
3371,28060420,4211532,32271952,8,0,0,34304,13,5205965326
3372,28060440,28905969,56966409,3,0,1,7680,13,43672050
3373,28063380,4380918,32444298,3,0,0,26112,13,2614936142
3374,28064690,28901742,56966432,7,0,1,3072,19,1238358762
3375,28072419,28937734,57010153,5,0,1,1536,10,10453349333
3376,28091130,28921929,57013059,9,0,1,4608,17,5910951401
3377,28100750,3770188,31870938,6,0,0,7680,19,4474059449
3378,28101911,4096798,32198709,1,0,0,24064,0,9057955107
3379,28108530,5336615,33445145,3,0,0,43520,13,669769971
3380,28109450,3594470,31703920,2,0,0,19456,18,1703716458
3381,28117650,4100128,32217778,7,0,0,18944,19,10193920074
3382,28139841,4037173,32177014,1,0,0,49152,0,2491838596
3383,28164860,3638535,31803395,4,0,0,10752,7,3533259520
3384,28169301,3973144,32142445,1,0,0,44544,0,9694184419
3385,28182940,4121757,32304697,4,0,0,40448,7,6881368109
3386,28186710,4190148,32376858,0,0,0,60416,17,8451719269
3387,28194040,4037936,32231976,3,0,0,36352,13,1865849502
3388,28207990,4621676,32829666,2,0,0,102912,18,999862935
3389,28220180,4329476,32549656,2,0,0,74240,18,7241751116
3390,28233150,3878326,32111476,3,0,0,5632,13,9667318930
3391,28242100,3936809,32178909,5,0,0,6144,10,3014814141
3392,28258260,5461614,33719874,8,0,0,4096,13,3223769570
3393,28289651,4465486,32755137,9,0,0,81408,17,7774210810
3394,28290191,3530815,31821006,1,0,0,512,0,5034357525
3395,28313520,4155525,32469045,7,0,0,13824,19,2469891409
3396,28317690,4479892,32797582,7,0,0,14848,19,10068218179
3397,28318050,4408002,32726052,2,0,0,26112,18,572349150
3398,28328601,4613757,32942358,9,0,0,77312,17,2606317549
3399,28335980,28678385,57014365,8,0,1,2048,13,1659596867
3400,28340120,5274235,33614355,0,0,0,21504,17,5518869189
3401,28344659,28670167,57014826,5,0,1,10240,10,7531019252
3402,28351710,3855526,32207236,7,0,0,5120,19,5833175718
3403,28358629,28752268,57110897,5,0,1,8192,10,5265122753
3404,28366590,4351128,32717718,4,0,0,35328,7,8569077055
3405,28376690,4688134,33064824,8,0,0,79872,13,6206237159
3406,28389151,3733131,32122282,9,0,0,5632,17,1092027022
3407,28391780,5430287,33822067,8,0,0,27648,13,9430405291
3408,28394140,4222109,32616249,4,0,0,28160,7,1482081258
3409,28409410,4246376,32655786,4,0,0,72704,7,5060492315
3410,28414790,28699653,57114443,9,0,1,5632,17,4452530080
3411,28430880,4257702,32688582,5,0,0,9216,10,4074656980
3412,28459800,28658829,57118629,9,0,1,6656,17,6686812334
3413,28467190,3765121,32232311,7,0,0,1024,19,8471778826
3414,28467210,4301880,32769090,8,0,0,11264,13,3929565103
3415,28467340,4005628,32472968,8,0,0,12800,13,10266309491
3416,28477000,4640682,33117682,4,0,0,47104,7,5320848364
3417,28517330,4449859,32967189,5,0,0,20480,10,6661774134
3418,28521130,28603196,57124326,1,0,1,18944,0,6454605430
3419,28527380,4098252,32625632,5,0,0,30720,10,5852376717
3420,28534330,4021932,32556262,2,0,0,10240,18,4865095884
3421,28534480,4613878,33148358,3,0,0,53248,13,8293291832
3422,28560470,3851956,32412426,7,0,0,22528,19,1487718334
3423,28564590,4566086,33130676,8,0,0,20480,13,10474248792
3424,28579800,5784298,34364098,2,0,0,14848,18,2228696562
3425,28603460,4252084,32855544,2,0,0,37888,18,6258280517
3426,28611080,4365898,32976978,5,0,0,13312,10,5594521500
3427,28612800,28649538,57262338,3,0,1,5632,13,3462065419
3428,28613370,4357921,32971291,8,0,0,9216,13,3472478044
3429,28622140,4250090,32872230,8,0,0,9728,13,128629452
3430,28625360,4335566,32960926,5,0,0,30208,10,3401140475
3431,28631520,5239686,33871206,3,0,0,29696,13,8567844043
3432,28660221,4645652,33305873,1,0,0,5120,0,1574361691
3433,28665780,5513154,34178934,7,0,0,29184,19,4923493063
3434,28665809,28664131,57329940,2,0,1,35840,18,2333429673
3435,28676181,3679036,32355217,1,0,0,2048,0,233616530
3436,28676550,4474483,33151033,0,0,0,8704,17,5415171320
3437,28679470,29612885,58292355,8,0,1,358400,13,7077830178
3438,28682420,29609958,58292378,3,0,1,2048,13,1498740548
3439,28714620,4051015,32765635,7,0,0,27136,19,9168628349
3440,28722540,3804473,32527013,7,0,0,14336,19,6304941814
3441,28723580,3784828,32508408,3,0,0,2048,13,5308474731
3442,28723940,3934521,32658461,3,0,0,8704,13,7362538134
3443,28727711,29566429,58294140,6,0,1,8192,19,5917343197
3444,28739470,4564820,33304290,5,0,0,25600,10,2122501146
3445,28742210,4514720,33256930,2,0,0,16896,18,5038789868
3446,28748590,29546046,58294636,3,0,1,15360,13,6613730572
3447,28749920,4940594,33690514,5,0,0,97280,10,8406983695
3448,28758120,4720166,33478286,5,0,0,33792,10,6588443437
3449,28767711,3897082,32664793,9,0,0,20480,17,3622067890
3450,28768080,5671968,34440048,5,0,0,5632,10,2480745959
3451,28774240,4678572,33452812,4,0,0,25088,7,2875908926
3452,28776010,4398120,33174130,4,0,0,33280,7,5209835021
3453,28778590,4166310,32944900,5,0,0,3072,10,4238633151
3454,28779970,5831982,34611952,7,0,0,18432,19,779823342
3455,28785840,4629676,33415516,7,0,0,45568,19,1229732255
3456,28789460,4276323,33065783,5,0,0,3072,10,1026463820
3457,28793710,4483861,33277571,8,0,0,40448,13,5499568032
3458,28794289,29551104,58345393,0,0,1,3072,17,8825921535
3459,28809001,4354017,33163018,9,0,0,5632,17,5110082860
3460,28817540,4261861,33079401,8,0,0,25088,13,2284528159
3461,28832471,4419280,33251751,9,0,0,9216,17,3513397290
3462,28837070,4106871,32943941,2,0,0,5120,18,3612737918
3463,28854321,4047807,32902128,1,0,0,14336,0,1885245021
3464,28858110,29555568,58413678,3,0,1,27136,13,2980884812
3465,28866490,4774754,33641244,8,0,0,14336,13,9207843302
3466,28873450,3962346,32835796,2,0,0,17920,18,10461619986
3467,28874140,4164854,33038994,7,0,0,5120,19,1777023889
3468,28887380,29570573,58457953,8,0,1,27648,13,2623686972
3469,28919090,4568031,33487121,3,0,0,19968,13,419006941
3470,28933840,3955384,32889224,2,0,0,24064,18,620167866
3471,28941690,3901016,32842706,4,0,0,3584,7,2188355019
3472,28949781,3880532,32830313,9,0,0,2048,17,2090113412
3473,28956220,3917281,32873501,8,0,0,4096,13,3246001940
3474,28956240,29640757,58596997,1,0,1,35840,0,8164379809
3475,28958820,3834192,32793012,3,0,0,18432,13,974210953
3476,28964070,3793274,32757344,5,0,0,7168,10,7713431137
3477,28965590,3980425,32946015,2,0,0,3584,18,2299832471
3478,28967991,4726625,33694616,1,0,0,6656,0,9296753217
3479,28980170,5733472,34713642,2,0,0,10240,18,3560921580
3480,28981601,4297717,33279318,1,0,0,5632,0,7741912705
3481,28988850,4618930,33607780,5,0,0,51712,10,6187575793
3482,28989381,4478586,33467967,1,0,0,49664,0,4488419144
3483,28990370,4934285,33924655,3,0,0,66048,13,2370541284
3484,29001421,3842556,32843977,1,0,0,4096,0,9220228612
3485,29002920,29597232,58600152,9,0,1,6144,17,3311509345
3486,29002940,4560058,33562998,7,0,0,86016,19,4094680185
3487,29016169,29619630,58635799,0,0,1,4608,17,8301623437
3488,29050940,4020794,33071734,7,0,0,19456,19,6410298786
3489,29055820,29580002,58635822,9,0,1,5120,17,3255160088
3490,29065011,4336598,33401609,9,0,0,4096,17,6821088317
3491,29072950,4638247,33711197,3,0,0,1536,13,6999184157
3492,29076100,4626534,33702634,8,0,0,14848,13,3645242009
3493,29079780,4567260,33647040,5,0,0,17920,10,9182668520
3494,29088020,4099432,33187452,3,0,0,11264,13,8863279109
3495,29096090,4564508,33660598,2,0,0,7168,18,9389159751
3496,29098290,3780070,32878360,5,0,0,15872,10,1848710305
3497,29110251,3910793,33021044,9,0,0,15872,17,3834845607
3498,29119660,4245518,33365178,8,0,0,31232,13,3235328371
3499,29121910,4758932,33880842,3,0,0,512,13,10324442125
3500,29125120,3999293,33124413,4,0,0,22016,7,1937315940
3501,29133460,4097756,33231216,5,0,0,8704,10,7568978196
3502,29157991,3699683,32857674,1,0,0,1024,0,907968515
3503,29171440,4207041,33378481,5,0,0,10752,10,2547926156
3504,29172560,29483917,58656477,1,0,1,2048,0,2476978482
3505,29180240,4558052,33738292,7,0,0,5120,19,905200372
3506,29190790,4622830,33813620,7,0,0,77312,19,6752620272
3507,29200840,4018718,33219558,7,0,0,20992,19,8392461998
3508,29201140,4306969,33508109,4,0,0,8192,7,3515553762
3509,29206189,29545346,58751535,2,0,1,24576,18,2496299786
3510,29220350,29532111,58752461,7,0,1,7680,19,7796873944
3511,29235950,29520697,58756647,9,0,1,6656,17,2229755079
3512,29236771,3895332,33132103,9,0,0,4608,17,5625634033
3513,29241350,4158988,33400338,5,0,0,60928,10,5465466993
3514,29241700,4687490,33929190,5,0,0,13312,10,7139512785
3515,29245841,4765699,34011540,9,0,0,10240,17,9460369871
3516,29248281,4815995,34064276,9,0,0,39424,17,3854936651
3517,29250079,29508834,58758913,2,0,1,3584,18,259281641
3518,29261200,4310557,33571757,4,0,0,28672,7,4932646247
3519,29261320,4874832,34136152,5,0,0,4608,10,8851073623
3520,29261911,4958759,34220670,9,0,0,19968,17,4388560865
3521,29272599,29491140,58763739,5,0,1,7680,10,7961009129
3522,29275360,5558006,34833366,2,0,0,37888,18,5301567201
3523,29278860,4503897,33782757,7,0,0,24064,19,1104148560
3524,29280240,4417839,33698079,2,0,0,11264,18,5029338454
3525,29296591,4948515,34245106,1,0,0,8192,0,1982317119
3526,29309670,3658790,32968460,8,0,0,4096,13,954581199
3527,29316660,4451006,33767666,3,0,0,27136,13,6820146307
3528,29324580,29439313,58763893,4,0,1,8704,7,4058465863
3529,29324620,4251528,33576148,7,0,0,14336,19,10007788472
3530,29329590,29465950,58795540,7,0,1,4608,19,4044692909
3531,29331350,5674522,35005872,5,0,0,164352,10,9404269494
3532,29334660,3978100,33312760,3,0,0,22528,13,2959452683
3533,29335310,29460253,58795563,1,0,1,7680,0,6127692416
3534,29363370,4002455,33365825,8,0,0,2048,13,2232565345
3535,29363930,5161834,34525764,8,0,0,148480,13,2319145655
3536,29370390,4608930,33979320,3,0,0,95744,13,4076537824
3537,29376720,5253865,34630585,7,0,0,20480,19,6557454673
3538,29378770,29433706,58812476,9,0,1,3072,17,10139919052
3539,29385180,4594475,33979655,3,0,0,1024,13,4414157202
3540,29389501,4596906,33986407,9,0,0,5632,17,9754124831
3541,29391371,3873853,33265224,1,0,0,23552,0,10511324363
3542,29392950,29420192,58813142,9,0,1,1024,17,9440924237
3543,29412070,4298237,33710307,3,0,0,9216,13,10203783030
3544,29420470,4201563,33622033,7,0,0,16384,19,1644568204
3545,29432180,29381526,58813706,1,0,1,10752,0,756060917
3546,29443131,4249434,33692565,1,0,0,6656,0,7119858860
3547,29448261,4394849,33843110,9,0,0,32768,17,8733730700
3548,29459251,29356401,58815652,6,0,1,3072,19,1712597231
3549,29470770,4680570,34151340,7,0,0,36864,19,3445377618
3550,29473210,4902212,34375422,8,0,0,21504,13,6314515696
3551,29473701,4522906,33996607,9,0,0,18944,17,5989062141
3552,29504410,4598600,34103010,7,0,0,31744,19,1447751127
3553,29511650,4690912,34202562,2,0,0,12288,18,3538377347
3554,29531180,29320105,58851285,3,0,1,7168,13,8353426463
3555,29540309,29311124,58851433,0,0,1,2048,17,7443530189
3556,29544180,4490653,34034833,5,0,0,7168,10,2175076139
3557,29546130,29306289,58852419,3,0,1,1536,13,10306527034
3558,29553929,29298836,58852765,0,0,1,512,17,5109968011
3559,29563600,5508917,35072517,5,0,0,2048,10,2804605416
3560,29565101,29398816,58963917,6,0,1,14848,19,6299122856
3561,29586980,29528348,59115328,8,0,1,63488,13,3430782145
3562,29587120,4819022,34406142,5,0,0,21504,10,4592908488
3563,29610800,4701574,34312374,8,0,0,52736,13,10447282451
3564,29622631,4932725,34555356,9,0,0,61440,17,9451688653
3565,29629890,4818784,34448674,7,0,0,17408,19,5707314183
3566,29633860,29516321,59150181,3,0,1,14336,13,845952194
3567,29646710,4060035,33706745,2,0,0,2048,18,9296733985
3568,29647221,29502983,59150204,6,0,1,512,19,4618556070
3569,29651329,29512384,59163713,0,0,1,14336,17,4256860939
3570,29660710,5421548,35082258,4,0,0,8704,7,10491690481
3571,29660900,4567795,34228695,4,0,0,4608,7,7326931759
3572,29662460,4184312,33846772,3,0,0,2048,13,5414927697
3573,29662911,29509117,59172028,6,0,1,8704,19,8209829447
3574,29663371,6004641,35668012,1,0,0,63488,0,4913457806
3575,29684810,4051899,33736709,3,0,0,22528,13,35877041
3576,29699379,29549709,59249088,2,0,1,12800,18,7382106780
3577,29706551,29651988,59358539,6,0,1,2048,19,3737907454
3578,29725570,4060821,33786391,3,0,0,11776,13,9436040447
3579,29743781,29617664,59361445,6,0,1,4608,19,7968597731
3580,29766690,4341179,34107869,6,0,0,15872,19,6744447545
3581,29775280,4291538,34066818,4,0,0,2048,7,9119734669
3582,29776860,4582691,34359551,2,0,0,43520,18,7726627547
3583,29780421,4825892,34606313,9,0,0,21504,17,6764329175
3584,29784090,4840232,34624322,2,0,0,6144,18,6219819506
3585,29794710,4551558,34346268,8,0,0,24064,13,5831665553
3586,29799210,4681291,34480501,2,0,0,58880,18,5841678819
3587,29809790,4094718,33904508,2,0,0,16384,18,653287554
3588,29815710,4976406,34792116,6,0,0,125440,19,7068827827
3589,29827020,3962982,33790002,4,0,0,11776,7,584963034
3590,29836110,4763605,34599715,8,0,0,55808,13,6286222057
3591,29846910,4184538,34031448,4,0,0,9728,7,4381526529
3592,29852050,5289794,35141844,5,0,0,58880,10,5057798354
3593,29854661,4211510,34066171,1,0,0,6144,0,9277287749
3594,29855410,4767017,34622427,5,0,0,34304,10,1750035840
3595,29866940,4843380,34710320,8,0,0,24064,13,6203268915
3596,29874151,4406585,34280736,1,0,0,35840,0,4303049065
3597,29910971,5895812,35806783,1,0,0,22016,0,7863187394
3598,29913480,29450551,59364031,1,0,1,4096,0,10519595676
3599,29920680,29452616,59373296,9,0,1,10240,17,620284376
3600,29928741,29469826,59398567,6,0,1,4608,19,2762999880
3601,29939210,4140357,34079567,7,0,0,5120,19,5987718585
3602,29942189,29457684,59399873,0,0,1,2048,17,8149322485
3603,29945280,29455259,59400539,9,0,1,1024,17,804404762
3604,29945640,4281293,34226933,8,0,0,20480,13,3445039694
3605,29981321,4403341,34384662,9,0,0,13824,17,4956674989
3606,29989401,4033490,34022891,9,0,0,5632,17,8843158949
3607,29990530,4344962,34335492,2,0,0,21504,18,7255516874
3608,30002880,4883896,34886776,8,0,0,120320,13,10541900949
3609,30012850,4830523,34843373,8,0,0,32768,13,7834767490
3610,30033971,4193297,34227268,1,0,0,1024,0,6476758642
3611,30073371,4629594,34702965,1,0,0,23552,0,2156042842
3612,30080150,4363197,34443347,3,0,0,10752,13,1790933884
3613,30101311,3975568,34076879,9,0,0,21504,17,1432915608
3614,30105330,4687745,34793075,5,0,0,3072,10,5978481460
3615,30108480,4465483,34573963,3,0,0,1536,13,4563762615
3616,30116379,29287029,59403408,5,0,1,12800,10,3326984567
3617,30122130,29366426,59488556,7,0,1,2048,19,5257367782
3618,30126770,4200818,34327588,5,0,0,512,10,2274542662
3619,30131770,5790687,35922457,3,0,0,90112,13,3665503575
3620,30148980,4650514,34799494,2,0,0,20992,18,3906979584
3621,30150470,4757908,34908378,3,0,0,14336,13,201838078
3622,30184710,4726068,34910778,3,0,0,2048,13,6860894978
3623,30185310,3980844,34166154,3,0,0,3584,13,5623280237
3624,30189890,29319693,59509583,3,0,1,13824,13,10044579404
3625,30204980,4223782,34428762,7,0,0,51712,19,117460329
3626,30212840,4512179,34725019,3,0,0,1024,13,945942827
3627,30215801,29293805,59509606,6,0,1,5120,19,67394758
3628,30253569,29323669,59577238,0,0,1,2048,17,7062938542
3629,30258950,4664446,34923396,5,0,0,34816,10,4916728232
3630,30260030,29317231,59577261,1,0,1,5120,0,10033933156
3631,30265581,4804550,35070131,9,0,0,17920,17,5104307667
3632,30271350,5001864,35273214,4,0,0,60416,7,2031896501
3633,30274810,4261601,34536411,2,0,0,34816,18,710519585
3634,30295109,29282175,59577284,0,0,1,11264,17,8492745637
3635,30296550,4136135,34432685,2,0,0,12800,18,6491208607
3636,30304740,4008749,34313489,2,0,0,3584,18,8151670128
3637,30308640,4770943,35079583,3,0,0,10240,13,6486100684
3638,30310731,4765709,35076440,1,0,0,12800,0,9827694610
3639,30314220,5875964,36190184,3,0,0,75264,13,8420303979
3640,30325200,4627638,34952838,8,0,0,35328,13,3633439422
3641,30344779,29275337,59620116,2,0,1,9216,18,9795003754
3642,30345260,4340917,34686177,5,0,0,13824,10,6325052031
3643,30350530,4574761,34925291,4,0,0,6144,7,2537993517
3644,30352720,4055017,34407737,7,0,0,3584,19,8715332444
3645,30367060,29253087,59620147,7,0,1,512,19,8601686199
3646,30374021,5886537,36260558,9,0,0,7680,17,1808377049
3647,30374390,4436287,34810677,2,0,0,18944,18,2226781327
3648,30377290,4687358,35064648,3,0,0,48640,13,2240270096
3649,30385900,6022123,36408023,4,0,0,72192,7,8357157008
3650,30390919,29229251,59620170,5,0,1,6656,10,2261025894
3651,30408721,4750548,35159269,9,0,0,14848,17,9196836886
3652,30421770,29639249,60061019,3,0,1,75776,13,10256402500
3653,30426710,6118092,36544802,4,0,0,10752,7,736779472
3654,30435601,4664670,35100271,1,0,0,20480,0,10503285921
3655,30449760,3985444,34435204,8,0,0,8192,13,1274759492
3656,30453969,29614868,60068837,2,0,1,3072,18,6837790946
3657,30460750,4582480,35043230,8,0,0,41472,13,7055008817
3658,30469990,4334892,34804882,4,0,0,8704,7,10692364376
3659,30475900,4924947,35400847,3,0,0,29696,13,10405835525
3660,30481580,4528527,35010107,2,0,0,13824,18,5999364297
3661,30484030,4692680,35176710,8,0,0,51200,13,777169799
3662,30490929,29869362,60360291,2,0,1,103936,18,7344054844
3663,30506291,4731210,35237501,9,0,0,35840,17,8434900851
3664,30509499,29859587,60369086,5,0,1,13312,10,5606347859
3665,30510920,4234926,34745846,2,0,0,2048,18,6619180247
3666,30513749,29858659,60372408,5,0,1,4608,10,4572588462
3667,30526609,29865821,60392430,5,0,1,1536,10,1568595456
3668,30542570,6274556,36817126,5,0,0,40960,10,2545362377
3669,30551171,6381636,36932807,9,0,0,48640,17,5202219695
3670,30557810,4863953,35421763,2,0,0,2560,18,9583078412
3671,30560130,4879706,35439836,8,0,0,4608,13,5085091353
3672,30579770,4130729,34710499,5,0,0,512,10,5205335718
3673,30588050,6441207,37029257,6,0,0,6144,19,7153281016
3674,30596070,4630488,35226558,0,0,0,68608,17,6548938867
3675,30602800,4339251,34942051,2,0,0,27136,18,2351730705
3676,30605620,5041598,35647218,5,0,0,101888,10,2098849042
3677,30612260,5118111,35730371,6,0,0,73728,19,626366479
3678,30615730,4563655,35179385,6,0,0,8704,19,6773848115
3679,30618279,30039246,60657525,2,0,1,131584,18,1488488457
3680,30618579,30045085,60663664,5,0,1,4096,10,3314967721
3681,30644150,5134609,35778759,8,0,0,26624,13,3087335691
3682,30654390,4863246,35517636,4,0,0,47616,7,9480769160
3683,30658490,4863693,35522183,0,0,0,14848,17,438833688
3684,30667490,4382315,35049805,5,0,0,21504,10,899978808
3685,30671410,30037174,60708584,1,0,1,23040,0,9153606139
3686,30680310,4034447,34714757,8,0,0,3584,13,2836450322
3687,30680840,4737850,35418690,2,0,0,16384,18,1275072968
3688,30682000,4844265,35526265,4,0,0,6656,7,3415543049
3689,30690680,4337996,35028676,4,0,0,60416,7,1086560864
3690,30704450,5084963,35789413,5,0,0,28672,10,3309414600
3691,30705220,4611195,35316415,6,0,0,11776,19,7279044244
3692,30708620,4632777,35341397,6,0,0,15872,19,3521148544
3693,30715030,29993577,60708607,9,0,1,512,17,9025593944
3694,30724550,4563573,35288123,4,0,0,9216,7,5393315477
3695,30725920,30007949,60733869,8,0,1,512,13,4551600861
3696,30731500,4469062,35200562,8,0,0,17920,13,10656534184
3697,30742520,5106203,35848723,4,0,0,28160,7,5419161052
3698,30748540,4956958,35705498,8,0,0,115200,13,5066368985
3699,30755130,4275441,35030571,0,0,0,6144,17,9370034448
3700,30765840,4607417,35373257,3,0,0,10240,13,45568408
3701,30775151,4995294,35770445,1,0,0,32768,0,9479249408
3702,30786360,4396503,35182863,2,0,0,1536,18,6712893737
3703,30802830,6368045,37170875,7,0,0,31232,19,6310353914
3704,30821791,4622124,35443915,1,0,0,13312,0,7522588358
3705,30822160,6600823,37422983,5,0,0,2560,10,5857295088
3706,30828050,6650961,37479011,6,0,0,4608,19,5830277854
3707,30835950,4916307,35752257,5,0,0,43008,10,9820893909
3708,30836550,4235320,35071870,3,0,0,5632,13,8291162878
3709,30842011,4916064,35758075,1,0,0,16384,0,1541968585
3710,30843981,29893621,60737602,6,0,1,26112,19,3115761996
3711,30849300,4513541,35362841,8,0,0,16384,13,3082685536
3712,30850950,6783272,37634222,0,0,0,71168,17,2571249009
3713,30854660,4327712,35182372,5,0,0,9728,10,6138552739
3714,30864410,4282137,35146547,4,0,0,15360,7,7917702690
3715,30892041,4476292,35368333,9,0,0,4608,17,3385859231
3716,30898690,4771685,35670375,4,0,0,7680,7,4432278482
3717,30921350,4887172,35808522,8,0,0,5632,13,4853098536
3718,30921480,4415035,35336515,3,0,0,23552,13,6434737676
3719,30932840,5040890,35973730,2,0,0,3072,18,6475292139
3720,30944779,30893775,61838554,2,0,1,672256,18,6796957001
3721,30960230,4447371,35407601,7,0,0,13312,19,2984337496
3722,30964040,4921530,35885570,2,0,0,5632,18,5901790224
3723,30964280,4642956,35607236,3,0,0,66560,13,8028574270
3724,30964300,4835744,35800044,2,0,0,34816,18,2356236166
3725,30966940,30871637,61838577,3,0,1,18944,13,8430675938
3726,30967950,4738039,35705989,7,0,0,1536,19,378463387
3727,30981200,4834856,35816056,7,0,0,7168,19,5958361653
3728,30996050,4944214,35940264,8,0,0,58368,13,10537535636
3729,30998560,4815289,35813849,0,0,0,17408,17,10515271525
3730,31000880,5078412,36079292,2,0,0,26112,18,10602649558
3731,31006220,7123525,38129745,2,0,0,43520,18,4560002762
3732,31006470,5191872,36198342,2,0,0,16896,18,10626588471
3733,31007370,4700514,35707884,8,0,0,6144,13,8477027077
3734,31010481,30835942,61846423,6,0,1,8192,19,8938223369
3735,31010540,4555890,35566430,7,0,0,19456,19,4494869419
3736,31012090,4999469,36011559,4,0,0,33280,7,7222605108
3737,31021480,4717650,35739130,5,0,0,28672,10,7903660622
3738,31028930,4587221,35616151,8,0,0,29184,13,605449827
3739,31050470,4800951,35851421,4,0,0,6144,7,3042360102
3740,31074370,4574275,35648645,4,0,0,4608,7,4354582219
3741,31080040,6889860,37969900,0,0,0,9728,17,10304281055
3742,31100560,4680094,35780654,2,0,0,6144,18,170576697
3743,31103571,4767096,35870667,9,0,0,44544,17,4267385168
3744,31112381,4742183,35854564,1,0,0,10240,0,1053256357
3745,31115850,4871319,35987169,7,0,0,44032,19,8525721636
3746,31130930,4885401,36016331,3,0,0,5120,13,7078671153
3747,31135220,4927020,36062240,2,0,0,1024,18,7021546809
3748,31156430,30768405,61924835,3,0,1,83456,13,4714239218
3749,31159319,30785869,61945188,0,0,1,6656,17,6024317898
3750,31172581,4580479,35753060,9,0,0,2560,17,841030132
3751,31193999,30764600,61958599,0,0,1,16384,17,575542422
3752,31198600,4204922,35403522,0,0,0,8704,17,719739055
3753,31206221,6836152,38042373,9,0,0,14336,17,9489159393
3754,31207130,4765633,35972763,6,0,0,38912,19,1838730032
3755,31211900,4942223,36154123,5,0,0,24576,10,1510029348
3756,31217961,4310667,35528628,9,0,0,7680,17,3930041992
3757,31224120,4938283,36162403,8,0,0,24576,13,2340453442
3758,31227770,4724355,35952125,8,0,0,24064,13,815214242
3759,31248280,4624172,35872452,4,0,0,2048,7,616840581
3760,31251390,4566116,35817506,2,0,0,4096,18,9123554196
3761,31253660,4595866,35849526,3,0,0,2560,13,9999526035
3762,31255980,7035483,38291463,8,0,0,73216,13,1511771275
3763,31257250,4828610,36085860,4,0,0,2560,7,6557354556
3764,31259490,4209421,35468911,3,0,0,512,13,8117436786
3765,31263810,30723937,61987747,7,0,1,1024,19,7807892781
3766,31270200,4585011,35855211,2,0,0,2048,18,8019729336
3767,31292060,30695710,61987770,9,0,1,28160,17,2181930207
3768,31296790,4463648,35760438,5,0,0,7680,10,2249661856
3769,31298661,4975134,36273795,9,0,0,30208,17,8203208715
3770,31306410,30681383,61987793,7,0,1,7168,19,1133942874
3771,31312221,4834391,36146612,1,0,0,24064,0,1698215563
3772,31314030,4456594,35770624,0,0,0,512,17,6933355018
3773,31316301,4916673,36232974,9,0,0,20480,17,9449912123
3774,31319310,4682086,36001396,2,0,0,46592,18,9040697775
3775,31326740,30674827,62001567,8,0,1,2560,13,3982507146
3776,31328541,4632343,35960884,9,0,0,28672,17,1088922048
3777,31333070,4611677,35944747,8,0,0,14336,13,10173629564
3778,31338990,5047014,36386004,4,0,0,22528,7,5196801315
3779,31343851,4949079,36292930,9,0,0,60416,17,3128312937
3780,31375220,4441015,35816235,6,0,0,512,19,4523916552
3781,31387860,4483945,35871805,8,0,0,3584,13,5867071087
3782,31389410,4672495,36061905,8,0,0,21504,13,548311306
3783,31407860,4646996,36054856,4,0,0,3072,7,6190908806
3784,31408390,5071000,36479390,5,0,0,42496,10,7110403505
3785,31419710,5092018,36511728,4,0,0,86528,7,9568382326
3786,31429690,4985563,36415253,4,0,0,21504,7,10586261433
3787,31431530,4583218,36014748,7,0,0,512,19,490181839
3788,31439170,4754001,36193171,6,0,0,9728,19,8296646962
3789,31442620,4571949,36014569,0,0,0,2048,17,7341647397
3790,31456700,5168163,36624863,3,0,0,40448,13,7261320679
3791,31457620,4754256,36211876,4,0,0,12288,7,7923305298
3792,31459320,5245643,36704963,8,0,0,18944,13,10651924443
3793,31474280,6917505,38391785,0,0,0,17408,17,7008706519
3794,31480460,4742155,36222615,2,0,0,23552,18,5383234822
3795,31483600,4651074,36134674,7,0,0,16896,19,10637553530
3796,31485380,4869606,36354986,4,0,0,36352,7,3461361333
3797,31490521,30511085,62001606,6,0,1,11776,19,1784105869
3798,31506770,4507152,36013922,2,0,0,7680,18,4710636109
3799,31507690,4937904,36445594,8,0,0,19456,13,1039453251
3800,31519110,5020444,36539554,7,0,0,512,19,1181468794
3801,31525790,4700592,36226382,3,0,0,12288,13,2760178076
3802,31533860,5035301,36569161,3,0,0,28672,13,7549604440
3803,31538111,4901532,36439643,1,0,0,23552,0,3843821675
3804,31542971,5185235,36728206,9,0,0,42496,17,2305750610
3805,31556301,4737276,36293577,1,0,0,2048,0,5267898979
3806,31558630,4649130,36207760,4,0,0,3584,7,7053602195
3807,31563030,5321856,36884886,8,0,0,6144,13,6990342008
3808,31567241,4729791,36297032,9,0,0,11264,17,10623089405
3809,31590580,5214043,36804623,3,0,0,30208,13,683875410
3810,31593430,4862951,36456381,4,0,0,35328,7,8852927424
3811,31599380,4652988,36252368,2,0,0,16384,18,2245674156
3812,31600010,4712875,36312885,2,0,0,6144,18,1332113458
3813,31603920,5053591,36657511,6,0,0,13824,19,4242666086
3814,31616150,4845246,36461396,3,0,0,16384,13,7000718873
3815,31616840,4724178,36341018,7,0,0,13824,19,6906655401
3816,31622161,5008543,36630704,1,0,0,2048,0,2125135508
3817,31627740,4857601,36485341,7,0,0,19456,19,7621356184
3818,31632580,4833839,36466419,7,0,0,16384,19,3445929219
3819,31641510,30360119,62001629,7,0,1,9728,19,4029801164
3820,31662670,4769766,36432436,4,0,0,56320,7,1304118820
3821,31663560,30338092,62001652,1,0,1,3584,0,2508615375
3822,31665050,4907098,36572148,6,0,0,9728,19,409156016
3823,31670950,4980548,36651498,4,0,0,22528,7,4618072984
3824,31680580,4909426,36590006,4,0,0,10240,7,5027912850
3825,31681061,5382776,37063837,1,0,0,24064,0,5778789951
3826,31690711,4921805,36612516,1,0,0,51712,0,6413592376
3827,31696581,4890282,36586863,9,0,0,39936,17,4012474136
3828,31704020,5665082,37369102,4,0,0,47104,7,1306738044
3829,31705870,30370612,62076482,3,0,1,49664,13,3736084647
3830,31718490,4641995,36360485,8,0,0,17920,13,3458779657
3831,31719860,5023836,36743696,8,0,0,13312,13,2759136252
3832,31733250,4911361,36644611,2,0,0,45568,18,10523900019
3833,31744861,4851876,36596737,1,0,0,22016,0,3221258462
3834,31749390,4990227,36739617,7,0,0,37376,19,916943509
3835,31752090,5510312,37262402,8,0,0,75264,13,10567531807
3836,31757200,4928501,36685701,4,0,0,15360,7,8199025206
3837,31762370,4867687,36630057,7,0,0,16896,19,2734806608
3838,31763211,5790367,37553578,9,0,0,65536,17,6072022132
3839,31764501,5112025,36876526,1,0,0,10752,0,8345129360
3840,31769610,4976145,36745755,4,0,0,6656,7,3718889359
3841,31771620,30333011,62104631,4,0,1,5120,7,10275174134
3842,31804470,5015845,36820315,4,0,0,5632,7,7229683593
3843,31804880,5013696,36818576,7,0,0,2560,19,8935186724
3844,31811950,4596720,36408670,3,0,0,2048,13,8325697132
3845,31817850,30287767,62105617,1,0,1,1536,0,9852882641
3846,31838491,4994985,36833476,1,0,0,13824,0,3602081641
3847,31844691,4915632,36760323,9,0,0,2048,17,5122069036
3848,31846949,30260934,62107883,5,0,1,3584,10,4429326536
3849,31855000,4804250,36659250,8,0,0,5632,13,1091724810
3850,31857400,4657502,36514902,8,0,0,10240,13,2541763625
3851,31861950,4889621,36751571,6,0,0,17408,19,3776373858
3852,31882240,5643682,37525922,6,0,0,67072,19,5267990046
3853,31884830,30289480,62174310,3,0,1,112128,13,6625767101
3854,31885170,30341944,62227114,8,0,1,26624,13,3229340307
3855,31892470,5204579,37097049,2,0,0,37888,18,4770561841
3856,31903411,6573037,38476448,9,0,0,32768,17,4436374222
3857,31914780,5095265,37010045,3,0,0,69120,13,1672277643
3858,31916570,30809270,62725840,3,0,1,277504,13,5028159908
3859,31927839,30801227,62729066,0,0,1,5120,17,10513802374
3860,31939011,5656313,37595324,1,0,0,19968,0,7820845944
3861,31939170,5377779,37316949,6,0,0,3584,19,8051175235
3862,31945190,4872583,36817773,7,0,0,2048,19,10001650292
3863,31946930,30796070,62743000,7,0,1,24064,19,2979569460
3864,31951480,4804326,36755806,2,0,0,13824,18,22440945
3865,31965750,5678369,37644119,6,0,0,30208,19,1803692442
3866,31974310,6543170,38517480,4,0,0,14336,7,1539640559
3867,31978820,5074831,37053651,7,0,0,27648,19,1202706471
3868,31989771,30756455,62746226,6,0,1,5120,19,7545894376
3869,31993229,30768318,62761547,5,0,1,6656,10,10276338792
3870,31997830,5241617,37239447,6,0,0,37376,19,554711893
3871,32009730,4814733,36824463,3,0,0,13312,13,10253541417
3872,32026860,4624817,36651677,6,0,0,512,19,5903676825
3873,32032799,30768886,62801685,0,0,1,13312,17,8924625301
3874,32040000,5455299,37495299,8,0,0,33280,13,1890662205
3875,32044730,4971913,37016643,4,0,0,17920,7,6250792453
3876,32047220,5783046,37830266,2,0,0,25600,18,7234950003
3877,32054650,4828318,36882968,5,0,0,20992,10,1465893653
3878,32056320,5556195,37612515,2,0,0,22528,18,4294199580
3879,32069409,30774307,62843716,2,0,1,25600,18,5759383225
3880,32070180,5040175,37110355,3,0,0,26624,13,9342786166
3881,32089389,30782297,62871686,0,0,1,2560,17,983201730
3882,32093761,5178648,37272409,1,0,0,32768,0,1166202887
3883,32105970,5353053,37459023,2,0,0,2560,18,8618393908
3884,32118950,4534310,36653260,3,0,0,5120,13,6748992179
3885,32125340,4791686,36917026,7,0,0,4608,19,2354647187
3886,32130600,5044042,37174642,5,0,0,12288,10,9447563898
3887,32147610,4975092,37122702,3,0,0,40448,13,1873224197
3888,32150910,5044615,37195525,4,0,0,12800,7,9550672556
3889,32151840,4917480,37069320,6,0,0,17920,19,8135039887
3890,32171420,4701807,36873227,6,0,0,19456,19,10586083028
3891,32173140,30954152,63127292,3,0,1,235520,13,5608055531
3892,32174320,5101122,37275442,2,0,0,6656,18,10288988767
3893,32193070,30981391,63174461,7,0,1,4608,19,2814743954
3894,32199540,5093645,37293185,6,0,0,512,19,5611321737
3895,32201260,4809900,37011160,3,0,0,3584,13,5430420755
3896,32208690,5661496,37870186,0,0,0,14336,17,4043341577
3897,32220040,5540958,37760998,6,0,0,62464,19,1337086305
3898,32224731,30956328,63181059,6,0,1,3584,19,7508833505
3899,32233600,4901605,37135205,5,0,0,40960,10,10180205266
3900,32238720,5530257,37768977,5,0,0,26112,10,4162263379
3901,32238840,5826663,38065503,2,0,0,62976,18,8883861205
3902,32241310,5032081,37273391,3,0,0,2560,13,2844514036
3903,32252300,4804182,37056482,5,0,0,9216,10,7481569555
3904,32267089,30913993,63181082,0,0,1,5632,17,2181621194
3905,32286820,4985768,37272588,0,0,0,512,17,599227563
3906,32292440,6387829,38680269,5,0,0,123904,10,6257383313
3907,32301461,4981827,37283288,9,0,0,4096,17,9889822125
3908,32317720,4910316,37228036,8,0,0,45056,13,596155933
3909,32325381,4776839,37102220,1,0,0,16896,0,1567766508
3910,32331080,5046314,37377394,3,0,0,13824,13,1957006961
3911,32358201,5276691,37634892,9,0,0,2048,17,2606726547
3912,32359410,4933596,37293006,6,0,0,30208,19,6819002039
3913,32386280,4565689,36951969,3,0,0,2560,13,7289232688
3914,32395160,5026974,37422134,5,0,0,128000,10,182120917
3915,32409240,30771865,63181105,9,0,1,512,17,727241984
3916,32412770,4801515,37214285,2,0,0,11264,18,2091822041
3917,32417350,5030238,37447588,6,0,0,6144,19,8057506698
3918,32435710,5552442,37988152,3,0,0,7168,13,9084203315
3919,32440921,6261771,38702692,9,0,0,4096,17,6451380199
3920,32444190,5145027,37589217,8,0,0,15360,13,3861046048
3921,32449200,4989488,37438688,8,0,0,14848,13,3740703150
3922,32468589,30712539,63181128,5,0,1,1536,10,7067298113
3923,32473610,4684233,37157843,3,0,0,3584,13,363561959
3924,32482460,4813556,37296016,2,0,0,9216,18,8735353017
3925,32495331,4788448,37283779,1,0,0,1536,0,707584964
3926,32503520,4839005,37342525,2,0,0,16896,18,2982823874
3927,32505330,5279332,37784662,3,0,0,27648,13,8516902382
3928,32512921,5188934,37701855,9,0,0,51200,17,2679598887
3929,32517889,30663262,63181151,0,0,1,13312,17,6109630902
3930,32532261,5854197,38386458,9,0,0,19456,17,7543959102
3931,32538010,5578452,38116462,4,0,0,44032,7,5046740743
3932,32544010,5350305,37894315,6,0,0,8704,19,5272581715
3933,32547170,6243465,38790635,5,0,0,2048,10,6151285749
3934,32577031,4704986,37282017,9,0,0,21504,17,8000890797
3935,32582160,4950025,37532185,0,0,0,20480,17,1938119158
3936,32583230,5410093,37993323,6,0,0,16896,19,447189095
3937,32588740,30592442,63181182,9,0,1,2048,17,6651059769
3938,32589160,4978637,37567797,8,0,0,46592,13,6408765855
3939,32591630,5077057,37668687,7,0,0,3584,19,67667669
3940,32604821,4712728,37317549,9,0,0,512,17,2484383040
3941,32626600,5945441,38572041,7,0,0,51200,19,3715728397
3942,32627990,5194430,37822420,2,0,0,51200,18,10314452608
3943,32644860,5437992,38082852,6,0,0,13312,19,5976628825
3944,32645300,4860163,37505463,7,0,0,6144,19,3017603649
3945,32649180,30532025,63181205,8,0,1,15360,13,7782070643
3946,32656070,5120129,37776199,5,0,0,17920,10,1684261581
3947,32664550,6215309,38879859,7,0,0,14848,19,6155338740
3948,32678700,4821614,37500314,6,0,0,16384,19,7232045827
3949,32695121,5379967,38075088,1,0,0,23552,0,10655431038
3950,32705120,4864884,37570004,5,0,0,7168,10,7719494282
3951,32714130,4941416,37655546,2,0,0,4096,18,3546902382
3952,32725760,5543372,38269132,5,0,0,37376,10,3397755437
3953,32730200,5245521,37975721,4,0,0,12288,7,136457381
3954,32735200,5502530,38237730,7,0,0,81920,19,8232138713
3955,32738050,5594317,38332367,8,0,0,38400,13,756599077
3956,32742290,5224623,37966913,4,0,0,48128,7,10724881031
3957,32748400,5093220,37841620,6,0,0,22528,19,9846018819
3958,32754210,5041360,37795570,0,0,0,28160,17,952202662
3959,32758610,5113609,37872219,8,0,0,512,13,8852525126
3960,32759740,4894535,37654275,7,0,0,26112,19,411665445
3961,32766040,5123035,37889075,6,0,0,30720,19,5232043857
3962,32767541,30413687,63181228,6,0,1,7168,19,386512873
3963,32781190,5949684,38730874,0,0,0,12800,17,7219962409
3964,32784200,4932367,37716567,4,0,0,22528,7,7416231636
3965,32795840,5095130,37890970,2,0,0,6144,18,142328374
3966,32805330,4727658,37532988,7,0,0,2560,19,9840705492
3967,32812480,6118071,38930551,7,0,0,7168,19,3590343152
3968,32815730,30468681,63284411,7,0,1,3072,19,3720704680
3969,32828700,5861466,38690166,8,0,0,23552,13,6831476249
3970,32845271,5220879,38066150,1,0,0,2048,0,904878144
3971,32873030,5501838,38374868,7,0,0,14848,19,6901222244
3972,32881969,30417644,63299613,5,0,1,16384,10,7726796706
3973,32897540,5238335,38135875,4,0,0,12288,7,135468596
3974,32900569,30559050,63459619,2,0,1,83968,18,5480971715
3975,32906751,4984866,37891617,1,0,0,2048,0,6428319166
3976,32919021,5538037,38457058,1,0,0,27648,0,4480383752
3977,32922911,6170360,39093271,1,0,0,4608,0,1089856736
3978,32926850,4843866,37770716,7,0,0,5632,19,2896457558
3979,32937220,6326446,39263666,0,0,0,62464,17,9081104578
3980,32937870,30522108,63459978,9,0,1,9728,17,10421844961
3981,32942040,5196354,38138394,0,0,0,8192,17,1551928082
3982,32943620,5101896,38045516,2,0,0,10240,18,6138141396
3983,32952870,5350012,38302882,3,0,0,37376,13,488349235
3984,32958179,30502785,63460964,5,0,1,1536,10,8933470335
3985,32959029,30532402,63491431,0,0,1,2560,17,2993309801
3986,32962449,30529648,63492097,2,0,1,1024,18,10493854535
3987,32978630,4961787,37940417,7,0,0,17408,19,4613569934
3988,32998050,30494611,63492661,7,0,1,10752,19,1860777789
3989,33010090,5347104,38357194,3,0,0,81408,13,5594577794
3990,33025490,4818961,37844451,8,0,0,9216,13,4248403114
3991,33026939,30469934,63496873,0,0,1,6656,17,6349295129
3992,33027070,5105038,38132108,3,0,0,7680,13,6160910254
3993,33027160,5113753,38140913,0,0,0,8192,17,8569298493
3994,33032430,5225291,38257721,0,0,0,65536,17,2681365676
3995,33044980,30452457,63497437,9,0,1,10752,17,10062353333
3996,33047721,30496483,63544204,6,0,1,2560,19,3232445505
3997,33051320,5049831,38101151,0,0,0,24576,17,9544989583
3998,33060599,30483628,63544227,0,0,1,3584,17,10586207033
3999,33061740,5659071,38720811,7,0,0,59392,19,8979513599
4000,33061830,30518330,63580160,1,0,1,23552,0,7858682340
4001,33068951,5311556,38380507,1,0,0,18432,0,6721596544
4002,33084139,30537245,63621384,5,0,1,19456,10,1302647741
4003,33086781,30536549,63623330,6,0,1,3072,19,1465804394
4004,33090530,4997461,38087991,5,0,0,10752,10,4559129416
4005,33103699,30519785,63623484,0,0,1,8704,17,1739863801
4006,33104150,4922359,38026509,4,0,0,1536,7,4076008396
4007,33127991,5074980,38202971,9,0,0,38912,17,8417936996
4008,33137160,5169512,38306672,7,0,0,6144,19,402523746
4009,33152841,6205656,39358497,1,0,0,23552,0,8141384935
4010,33170320,5458891,38629211,3,0,0,42496,13,10479005438
4011,33177500,5415928,38593428,7,0,0,51200,19,5982457941
4012,33182741,5283700,38466441,9,0,0,30720,17,1145985599
4013,33191900,5668484,38860384,3,0,0,24576,13,10027697663
4014,33194090,30436849,63630939,9,0,1,7680,17,4022993845
4015,33196500,5563600,38760100,8,0,0,65536,13,7068562704
4016,33207130,4860759,38067889,7,0,0,5632,19,1608164402
4017,33218790,5085987,38304777,2,0,0,6144,18,10246974791
4018,33237690,5132631,38370321,3,0,0,43008,13,924766062
4019,33252730,5346649,38599379,5,0,0,19456,10,8943386712
4020,33259780,30376305,63636085,2,0,1,8192,18,6211178615
4021,33268210,30770399,64038609,3,0,1,209920,13,7080290675
4022,33275260,5127936,38403196,4,0,0,37376,7,7599411280
4023,33290860,5115963,38406823,3,0,0,11776,13,9108254377
4024,33295850,6130108,39425958,0,0,0,14848,17,6909803467
4025,33318710,5364257,38682967,5,0,0,6144,10,10187059549
4026,33322740,30729335,64052075,2,0,1,6144,18,1780108166
4027,33330930,5474727,38805657,0,0,0,512,17,4067013673
4028,33341870,30712324,64054194,3,0,1,11264,13,1022444757
4029,33343160,5144083,38487243,5,0,0,35328,10,6747359437
4030,33344690,30734173,64078863,7,0,1,7168,19,3008313330
4031,33350090,30732921,64083011,1,0,1,3072,0,2833052500
4032,33357610,5648574,39006184,8,0,0,16896,13,5755181844
4033,33359670,5612927,38972597,7,0,0,5120,19,748717812
4034,33360660,6189684,39550344,6,0,0,33792,19,5207749369
4035,33371550,30728407,64099957,3,0,1,32256,13,8300830159
4036,33372720,5417268,38789988,4,0,0,76288,7,4545221780
4037,33383540,5421938,38805478,5,0,0,48640,10,1884967953
4038,33405780,5275292,38681072,8,0,0,2560,13,7963733324
4039,33406080,30712630,64118710,2,0,1,11264,18,5852302785
4040,33412850,5353871,38766721,5,0,0,2560,10,1473110047
4041,33427231,5184651,38611882,1,0,0,40960,0,7474453249
4042,33445140,5197354,38642494,8,0,0,43520,13,525815125
4043,33455300,4993311,38448611,3,0,0,31232,13,1629342628
4044,33467630,30652110,64119740,9,0,1,5120,17,6707267291
4045,33473449,30647597,64121046,5,0,1,2048,10,4703047020
4046,33494150,5376108,38870258,7,0,0,16896,19,10129258235
4047,33497630,4995246,38492876,0,0,0,12288,17,4463410174
4048,33497691,5330686,38828377,1,0,0,4608,0,1945587192
4049,33502430,5319965,38822395,3,0,0,51712,13,4806894996
4050,33503330,5017071,38520401,7,0,0,3584,19,8431099828
4051,33506110,5233991,38740101,8,0,0,30208,13,8284358782
4052,33508911,5356176,38865087,9,0,0,15360,17,6469265809
4053,33512590,5188831,38701421,5,0,0,36864,10,3796072609
4054,33513880,30650436,64164316,2,0,1,17408,18,2911362788
4055,33529400,5194398,38723798,0,0,0,9728,17,2841100484
4056,33530210,5276406,38806616,6,0,0,3072,19,9247075966
4057,33530400,5415202,38945602,2,0,0,10752,18,7027839281
4058,33534260,5305083,38839343,5,0,0,32256,10,10502740047
4059,33536390,5428361,38964751,8,0,0,15360,13,323666548
4060,33545151,5330145,38875296,9,0,0,10240,17,3793934704
4061,33550880,5329470,38880350,0,0,0,1536,17,8204083256
4062,33557241,5381500,38938741,9,0,0,14336,17,941934164
4063,33564990,5050035,38615025,2,0,0,10240,18,5644418759
4064,33572140,5257352,38829492,8,0,0,3584,13,2763629869
4065,33576439,30587900,64164339,5,0,1,3072,10,10626361916
4066,33581710,30582739,64164449,7,0,1,3584,19,4571750337
4067,33597940,5167978,38765918,4,0,0,16896,7,10447239841
4068,33601870,5123831,38725701,3,0,0,6144,13,7798227137
4069,33601921,5977097,39579018,1,0,0,15872,0,8885626102
4070,33604610,5222332,38826942,5,0,0,14848,10,53245713
4071,33608880,30557515,64166395,2,0,1,3072,18,1091896616
4072,33616170,5144577,38760747,0,0,0,2048,17,283772785
4073,33623620,5577691,39201311,8,0,0,40448,13,9502007993
4074,33625900,5265327,38891227,4,0,0,10752,7,4049617485
4075,33642590,5229563,38872153,6,0,0,6144,19,4861855703
4076,33644720,5205229,38849949,7,0,0,4096,19,1864755727
4077,33648920,30543608,64192528,7,0,1,11776,19,219104923
4078,33649810,30547072,64196882,7,0,1,12800,19,2688431113
4079,33652710,30547398,64200108,9,0,1,5120,17,5003216501
4080,33655780,5315234,38971014,4,0,0,20480,7,2288993366
4081,33657320,5260306,38917626,0,0,0,49664,17,3083899025
4082,33657330,5929937,39587267,6,0,0,11776,19,8007113603
4083,33670470,5502661,39173131,0,0,0,119808,17,144025514
4084,33686670,5373514,39060184,0,0,0,68096,17,2004158131
4085,33689010,5447594,39136604,8,0,0,19456,13,7445458277
4086,33691220,5384952,39076172,8,0,0,5120,13,5805646170
4087,33696620,5399170,39095790,7,0,0,8192,19,5883160767
4088,33705640,6109653,39815293,4,0,0,1536,7,7005943784
4089,33711400,30488862,64200262,1,0,1,8704,0,9902225021
4090,33717311,5986210,39703521,1,0,0,11776,0,4607993596
4091,33718981,30505771,64224752,6,0,1,4096,19,9525398725
4092,33720219,30504556,64224775,2,0,1,9216,18,6570804467
4093,33721991,5957347,39679338,1,0,0,39424,0,4147268975
4094,33722420,30525387,64247807,8,0,1,2560,13,5407625762
4095,33736910,5390544,39127454,5,0,0,14848,10,10265477320
4096,33737551,5451413,39188964,9,0,0,26624,17,8672652946
4097,33738980,5554652,39293632,2,0,0,15360,18,9403987509
4098,33750220,5526908,39277128,7,0,0,29184,19,1308407557
4099,33752400,5617820,39370220,7,0,0,38400,19,3494235375
4100,33752909,30496343,64249252,2,0,1,7168,18,7129012782
4101,33753570,5479120,39232690,4,0,0,102912,7,585562391
4102,33757530,5732868,39490398,5,0,0,65024,10,3186831241
4103,33768680,5412149,39180829,4,0,0,16384,7,3992832014
4104,33773620,5494593,39268213,7,0,0,14848,19,5116071009
4105,33779780,5828868,39608648,7,0,0,28160,19,7071803811
4106,33786980,5498306,39285286,5,0,0,10240,10,1671416116
4107,33821240,30438413,64259653,7,0,1,2560,19,4242394890
4108,33825550,5409971,39235521,6,0,0,9216,19,9216256202
4109,33825740,5414640,39240380,6,0,0,15872,19,607396409
4110,33826660,5609856,39436516,6,0,0,8192,19,7821591327
4111,33827959,30434236,64262195,0,0,1,26112,17,7528676502
4112,33831690,5450453,39282143,0,0,0,16384,17,10046540172
4113,33845490,30423417,64268907,7,0,1,5632,19,1404090910
4114,33851760,5813685,39665445,8,0,0,3072,13,3449483048
4115,33876400,5436143,39312543,7,0,0,14848,19,5535106651
4116,33880540,30392233,64272773,9,0,1,6144,17,6421234042
4117,33889920,5352199,39242119,8,0,0,5632,13,6189107878
4118,33901210,5220873,39122083,0,0,0,10240,17,5122174603
4119,33904300,5786004,39690304,4,0,0,20992,7,2739344316
4120,33905290,5622174,39527464,7,0,0,23552,19,9368665893
4121,33912510,5263304,39175814,3,0,0,8704,13,9807852943
4122,33914940,5717040,39631980,6,0,0,7168,19,564583468
4123,33917640,5326686,39244326,8,0,0,7168,13,1914430451
4124,33921430,5978912,39900342,6,0,0,51712,19,3472523388
4125,33921800,5870655,39792455,2,0,0,87552,18,7453356392
4126,33922401,5539662,39462063,1,0,0,14336,0,1153889870
4127,33939140,5450198,39389338,5,0,0,10752,10,10044308000
4128,33945331,5820425,39765756,9,0,0,84992,17,5091502386
4129,33955080,5762553,39717633,7,0,0,28160,19,9715440671
4130,33958181,5385351,39343532,9,0,0,7680,17,8105964931
4131,33961861,6012669,39974530,1,0,0,96256,0,10711066529
4132,33966890,5891760,39858650,0,0,0,12288,17,9665674747
4133,33967069,30337429,64304498,5,0,1,8192,10,9141943252
4134,33974370,5837289,39811659,5,0,0,58368,10,3599467294
4135,33981541,5648232,39629773,9,0,0,26112,17,5959892965
4136,33981890,5528984,39510874,8,0,0,20992,13,7139992638
4137,33985080,5941805,39926885,5,0,0,87040,10,640906370
4138,33989150,6239757,40228907,5,0,0,58368,10,3281306532
4139,33993811,6099716,40093527,9,0,0,3072,17,3578167284
4140,34004010,5982601,39986611,4,0,0,5632,7,5340251355
4141,34011330,5922777,39934107,2,0,0,2048,18,4601546127
4142,34047620,5472637,39520257,5,0,0,30720,10,7224264802
4143,34049210,5935662,39984872,5,0,0,32768,10,8058909261
4144,34053560,5801323,39854883,8,0,0,38912,13,4878349842
4145,34092820,5940094,40032914,4,0,0,2048,7,9646504187
4146,34094930,5588955,39683885,7,0,0,14848,19,9244104140
4147,34096761,5969149,40065910,1,0,0,25600,0,7900609744
4148,34103800,6182189,40285989,7,0,0,45056,19,1872317077
4149,34104991,30248422,64353413,6,0,1,9728,19,8590740560
4150,34109659,30243777,64353436,0,0,1,7680,17,1216849122
4151,34110430,5529239,39639669,4,0,0,3072,7,8982458179
4152,34126970,5738099,39865069,8,0,0,20992,13,8999317056
4153,34133351,5587581,39720932,1,0,0,10752,0,9811246389
4154,34137270,6229256,40366526,8,0,0,25600,13,2179696577
4155,34144290,5887954,40032244,8,0,0,68096,13,5187567130
4156,34171510,5916511,40088021,6,0,0,25600,19,1610083519
4157,34181951,5757038,39938989,9,0,0,8192,17,541044557
4158,34182021,6199192,40381213,9,0,0,12288,17,608192200
4159,34183299,30188885,64372184,5,0,1,13312,10,5525984079
4160,34184131,6139660,40323791,1,0,0,34816,0,6146932657
4161,34195160,5741310,39936470,6,0,0,7680,19,5305493599
4162,34195710,5984575,40180285,5,0,0,41984,10,6421883861
4163,34200000,5989980,40189980,2,0,0,31744,18,9372113534
4164,34228490,5775090,40003580,4,0,0,7168,7,7681009568
4165,34235390,5503480,39738870,7,0,0,10752,19,669414404
4166,34252760,30125428,64378188,8,0,1,17920,13,1380177419
4167,34256850,5621715,39878565,5,0,0,4608,10,5161386797
4168,34264100,5981527,40245627,0,0,0,35840,17,8923185774
4169,34265421,5549381,39814802,9,0,0,10240,17,9034018793
4170,34266720,6075424,40342144,5,0,0,57344,10,3881425669
4171,34271101,5786986,40058087,1,0,0,15360,0,2578320999
4172,34273600,5659860,39933460,4,0,0,21504,7,2218029725
4173,34305350,5862120,40167470,0,0,0,28160,17,468050434
4174,34323641,6164641,40488282,1,0,0,6144,0,9110044218
4175,34339780,30168037,64507817,3,0,1,15872,13,688809035
4176,34342380,5750188,40092568,3,0,0,14848,13,9950381066
4177,34348940,6220242,40569182,0,0,0,16896,17,414313984
4178,34354360,30163557,64517917,9,0,1,512,17,9126651860
4179,34357170,5654264,40011434,4,0,0,25600,7,1639374658
4180,34361530,30159613,64521143,8,0,1,5120,13,5043684989
4181,34376591,5722887,40099478,9,0,0,19456,17,3037424648
4182,34390990,5610383,40001373,0,0,0,9728,17,4294119551
4183,34404640,5570225,39974865,6,0,0,1024,19,9184173045
4184,34414429,30258412,64672841,2,0,1,1536,18,3558293654
4185,34415999,30257828,64673827,2,0,1,1536,18,3683577103
4186,34417281,5575207,39992488,1,0,0,512,0,4735698282
4187,34421341,5632043,40053384,1,0,0,10752,0,7802677942
4188,34431050,5943626,40374676,4,0,0,17920,7,6133429783
4189,34436641,5835597,40272238,9,0,0,60928,17,5089807616
4190,34439530,5795154,40234684,3,0,0,11776,13,4141340007
4191,34460310,5979190,40439500,3,0,0,11264,13,1036887415
4192,34464620,5582126,40046746,2,0,0,8704,18,8547513622
4193,34466771,6457451,40924222,9,0,0,71680,17,2691791642
4194,34474340,5729294,40203634,6,0,0,7168,19,4377959200
4195,34475791,6001034,40476825,9,0,0,13312,17,9425383721
4196,34478621,5810511,40289132,1,0,0,10240,0,1399678854
4197,34509610,30164883,64674493,9,0,1,11264,17,6547977504
4198,34522800,5997778,40520578,0,0,0,13312,17,5666898801
4199,34531880,5826823,40358703,5,0,0,54272,10,3896648974
4200,34539060,6185468,40724528,7,0,0,63488,19,7988365668
4201,34543760,6187343,40731103,7,0,0,21504,19,3764071438
4202,34556490,5916256,40472746,2,0,0,51200,18,1695538772
4203,34567790,30190457,64758247,8,0,1,11264,13,9393772802
4204,34569980,30193328,64763308,8,0,1,2048,13,2825432033
4205,34575189,30188158,64763347,5,0,1,5632,10,8735268800
4206,34582581,5981430,40564011,9,0,0,48128,17,6239945462
4207,34583240,6000032,40583272,8,0,0,11264,13,7648182394
4208,34596380,5988654,40585034,3,0,0,512,13,3101923558
4209,34596700,5976116,40572816,6,0,0,7168,19,5745624061
4210,34608760,5891778,40500538,8,0,0,16384,13,7947893366
4211,34610791,5905469,40516260,9,0,0,7680,17,574834081
4212,34614410,6047315,40661725,0,0,0,8192,17,10685037139
4213,34626980,5902201,40529181,3,0,0,28160,13,8486404789
4214,34634069,30165644,64799713,2,0,1,5632,18,3401058084
4215,34634530,6297694,40932224,6,0,0,5120,19,8951219907
4216,34652280,6028152,40680432,5,0,0,26112,10,9755353364
4217,34655220,5894104,40549324,5,0,0,4096,10,378047796
4218,34656400,5825596,40481996,8,0,0,16896,13,9077397072
4219,34704080,6108227,40812307,0,0,0,42496,17,7547890041
4220,34705679,5999482,40705161,5,0,0,43520,10,3266836119
4221,34711641,5960812,40672453,1,0,0,29184,0,7965629192
4222,34712320,5535670,40247990,6,0,0,7680,19,9043867068
4223,34722581,30096685,64819266,6,0,1,10752,19,10322787657
4224,34730350,6095478,40825828,4,0,0,27136,7,5880507675
4225,34732820,5852035,40584855,4,0,0,5120,7,6458509972
4226,34744740,5683495,40428235,8,0,0,9216,13,18891968
4227,34753070,5739295,40492365,6,0,0,1024,19,6333792849
4228,34756070,5900594,40656664,0,0,0,89088,17,1941869604
4229,34758861,6260227,41019088,9,0,0,18944,17,9644472861
4230,34789990,5869216,40659206,6,0,0,1536,19,1143555587
4231,34793040,30028492,64821532,8,0,1,3584,13,8915986260
4232,34800060,5811889,40611949,3,0,0,36352,13,6699809723
4233,34808030,5678357,40486387,2,0,0,14336,18,192693700
4234,34808100,6026042,40834142,0,0,0,9216,17,1579585545
4235,34814181,5760530,40574711,1,0,0,6144,0,9151398222
4236,34817100,6329587,41146687,0,0,0,57856,17,7701182660
4237,34823210,5835505,40658715,4,0,0,6656,7,9307468041
4238,34842241,29988196,64830437,6,0,1,16896,19,449324379
4239,34848570,6206110,41054680,4,0,0,9728,7,6905797143
4240,34851980,29979123,64831103,1,0,1,1024,0,2844594226
4241,34860740,5709869,40570609,7,0,0,4608,19,6821552839
4242,34864270,5905434,40769704,0,0,0,14336,17,577599765
4243,34869620,5707618,40577238,5,0,0,8192,10,3827817887
4244,34875171,6132388,41007559,9,0,0,512,17,625002186
4245,34876190,5907276,40783466,2,0,0,27136,18,8185321526
4246,34881940,6169717,41051657,7,0,0,9728,19,5237631465
4247,34887580,5967640,40855220,2,0,0,24576,18,8661116224
4248,34903730,6130670,41034400,7,0,0,8704,19,5944928281
4249,34917010,6023884,40940894,6,0,0,11776,19,8685734645
4250,34918730,6539780,41458510,7,0,0,8704,19,10070899492
4251,34922690,5948465,40871155,8,0,0,52224,13,8153110719
4252,34924430,29909899,64834329,1,0,1,5120,0,5630053585
4253,34930450,5756044,40686494,3,0,0,512,13,9937916909
4254,34950890,6338786,41289676,7,0,0,57856,19,300859123
4255,34951650,5984185,40935835,2,0,0,11776,18,4567194155
4256,34952641,6020703,40973344,1,0,0,25088,0,3609699894
4257,34953919,29945796,64899715,0,0,1,7680,17,567727767
4258,34960390,6426234,41386624,8,0,0,15872,13,5318596401
4259,34974700,6261379,41236079,0,0,0,17408,17,2871008024
4260,34988350,6060320,41048670,6,0,0,26112,19,92509331
4261,35000070,6121588,41121658,8,0,0,102400,13,8230951008
4262,35000970,5929671,40930641,8,0,0,20992,13,10092782783
4263,35003831,5827480,40831311,1,0,0,17920,0,7599478486
4264,35006760,6178527,41185287,6,0,0,5632,19,6931856662
4265,35014630,6114406,41129036,7,0,0,22528,19,86035924
4266,35015500,29889284,64904784,7,0,1,7168,19,6311342582
4267,35015870,6167678,41183548,6,0,0,27136,19,9401627896
4268,35025210,6164780,41189990,5,0,0,15360,10,8543415805
4269,35030190,6121980,41152170,6,0,0,17920,19,8888465509
4270,35030680,6239164,41269844,4,0,0,40960,7,4822321269
4271,35031500,6126465,41157965,2,0,0,18944,18,10000316621
4272,35044141,29965951,65010092,6,0,1,12288,19,8917129261
4273,35049120,6181632,41230752,7,0,0,50688,19,9041886047
4274,35050970,6685620,41736590,6,0,0,18944,19,7644154423
4275,35051230,6675330,41726560,0,0,0,88576,17,8427509279
4276,35061611,29949787,65011398,6,0,1,2048,19,6694611196
4277,35063180,6194161,41257341,2,0,0,38400,18,5040464777
4278,35070100,6052049,41122149,0,0,0,1536,17,2560051016
4279,35080180,6227142,41307322,0,0,0,13824,17,6981711929
4280,35090270,6241289,41331559,5,0,0,41472,10,9861414748
4281,35094350,29939032,65033382,1,0,1,17408,0,5649105122
4282,35099631,6145987,41245618,9,0,0,31232,17,5697935033
4283,35106471,6164956,41271427,9,0,0,5120,17,10279335030
4284,35107091,6360955,41468046,1,0,0,2560,0,4528517081
4285,35109260,6224004,41333264,2,0,0,512,18,10575229321
4286,35111360,29962252,65073612,1,0,1,9728,0,5026854850
4287,35121600,6069903,41191503,8,0,0,4096,13,1118777085
4288,35152260,6674800,41827060,4,0,0,83456,7,2629428867
4289,35159411,6707171,41866582,9,0,0,20480,17,3137359678
4290,35163040,6272010,41435050,3,0,0,17408,13,2130613814
4291,35171330,6229931,41401261,4,0,0,27136,7,4826618265
4292,35173830,6435505,41609335,7,0,0,10240,19,2790364878
4293,35174871,6278440,41453311,9,0,0,15360,17,9789306772
4294,35177201,6199799,41377000,1,0,0,59904,0,1371231170
4295,35180280,29893355,65073635,1,0,1,2048,0,2732609588
4296,35188020,6583282,41771302,5,0,0,20480,10,2797717187
4297,35199880,6406312,41606192,0,0,0,17920,17,9052159872
4298,35238349,29919290,65157639,5,0,1,19456,10,2333041803
4299,35256820,6789810,42046630,0,0,0,44544,17,8978813412
4300,35265390,6150244,41415634,0,0,0,4096,17,10154306847
4301,35275751,6260344,41536095,1,0,0,11264,0,5318429497
4302,35275910,6322518,41598428,4,0,0,11264,7,6730826058
4303,35281940,6198923,41480863,2,0,0,16384,18,52448481
4304,35284970,29872692,65157662,9,0,1,10240,17,10111842272
4305,35289220,6178023,41467243,4,0,0,5632,7,2086945192
4306,35309590,6472085,41781675,3,0,0,16384,13,7188594778
4307,35309850,6333320,41643170,2,0,0,8704,18,901334110
4308,35311451,6226227,41537678,9,0,0,5120,17,4759572710
4309,35336150,6196490,41532640,8,0,0,54272,13,2477497637
4310,35346980,5960521,41307501,6,0,0,512,19,1668285211
4311,35353651,6241322,41594973,1,0,0,17920,0,3048188125
4312,35360960,6385566,41746526,8,0,0,32256,13,2640576620
4313,35363761,6258122,41621883,1,0,0,16896,0,3151101772
4314,35369070,6461133,41830203,7,0,0,10240,19,7514354897
4315,35371310,6269185,41640495,6,0,0,22528,19,5566009683
4316,35401881,6271711,41673592,9,0,0,60928,17,2870714846
4317,35404890,6184600,41589490,8,0,0,17920,13,10219448838
4318,35412420,30158627,65571047,3,0,1,88064,13,8471942929
4319,35417361,30153709,65571070,6,0,1,1536,19,2660067640
4320,35422050,6354579,41776629,4,0,0,17408,7,8783335353
4321,35441000,6747834,42188834,3,0,0,3584,13,3041102564
4322,35441760,6435917,41877677,8,0,0,11264,13,7094043742
4323,35457140,6628310,42085450,7,0,0,35840,19,1752253941
4324,35460500,6119273,41579773,6,0,0,5120,19,5459747540
4325,35462931,6160618,41623549,9,0,0,1536,17,4585686407
4326,35469200,6482491,41951691,8,0,0,48128,13,3030086925
4327,35484091,6375051,41859142,1,0,0,6144,0,9276449828
4328,35485750,6442495,41928245,5,0,0,30208,10,887949782
4329,35560921,6347440,41908361,9,0,0,15360,17,612413896
4330,35564050,6824093,42388143,8,0,0,98816,13,10704982580
4331,35569390,6080726,41650116,6,0,0,512,19,470597474
4332,35575801,5984901,41560702,1,0,0,4096,0,3779382566
4333,35585640,6599404,42185044,3,0,0,74240,13,9554801913
4334,35585641,6897851,42483492,9,0,0,22528,17,8359885265
4335,35590791,6204769,41795560,9,0,0,15360,17,4493924118
4336,35596310,29978706,65575016,9,0,1,512,17,1670591654
4337,35609900,6221106,41831006,5,0,0,2560,10,3160935611
4338,35626260,6621946,42248206,4,0,0,8192,7,6497013778
4339,35629591,6101204,41730795,1,0,0,13824,0,2863867714
4340,35637270,6117546,41754816,2,0,0,1024,18,10216344727
4341,35646220,6290784,41937004,4,0,0,28672,7,4906808962
4342,35651890,30609496,66261386,3,0,1,153600,13,9294858344
4343,35653130,6619216,42272346,0,0,0,15872,17,10488321837
4344,35656310,6300240,41956550,0,0,0,15872,17,1389125336
4345,35659130,6446995,42106125,4,0,0,10240,7,886156388
4346,35660210,6326962,41987172,8,0,0,1536,13,6169105123
4347,35667180,30635478,66302658,1,0,1,2560,0,5881480239
4348,35668571,6333651,42002222,9,0,0,8192,17,10617176433
4349,35668820,6310550,41979370,6,0,0,15360,19,4010377741
4350,35671590,6299709,41971299,8,0,0,14848,13,7217654322
4351,35676491,6106767,41783258,9,0,0,5120,17,7399461611
4352,35688770,6606639,42295409,5,0,0,14848,10,8562827510
4353,35693670,6409312,42102982,6,0,0,6144,19,7365006424
4354,35694029,30611855,66305884,0,0,1,5120,17,9433005465
4355,35712661,30603420,66316081,6,0,1,16384,19,5212057044
4356,35718840,6031323,41750163,4,0,0,7168,7,10533876542
4357,35727260,6540227,42267487,8,0,0,8192,13,4220921493
4358,35747230,6899197,42646427,8,0,0,42496,13,9671826895
4359,35747271,6610695,42357966,1,0,0,48128,0,4154023135
4360,35754190,6433529,42187719,6,0,0,8704,19,9569979961
4361,35756330,30665705,66422035,3,0,1,116224,13,10146684547
4362,35759670,30754128,66513798,1,0,1,15360,0,9219659387
4363,35761029,30782954,66543983,0,0,1,9216,17,8508833446
4364,35761570,6433082,42194652,2,0,0,17408,18,3715258238
4365,35766721,30777285,66544006,6,0,1,512,19,9301117864
4366,35782900,6668740,42451640,6,0,0,43008,19,6718590859
4367,35783450,6540651,42324101,6,0,0,39424,19,217383304
4368,35784580,6311212,42095792,7,0,0,31232,19,10369410951
4369,35798790,6697829,42496619,0,0,0,43008,17,8555481329
4370,35810881,6592261,42403142,1,0,0,49152,0,6025227338
4371,35814710,6246856,42061566,3,0,0,37888,13,5486373552
4372,35826970,6409815,42236785,5,0,0,19456,10,1714359171
4373,35841800,6244453,42086253,6,0,0,2560,19,4170865036
4374,35866130,6958148,42824278,0,0,0,27136,17,5089725417
4375,35898020,6529995,42428015,0,0,0,14848,17,3207254587
4376,35913350,30633666,66547016,8,0,1,12288,13,7042871440
4377,35915629,30631410,66547039,2,0,1,1024,18,679123786
4378,35931691,30627406,66559097,6,0,1,24064,19,6767184248
4379,35977750,6628129,42605879,3,0,0,5120,13,10554066973
4380,35987600,6532802,42520402,0,0,0,9216,17,4593766704
4381,36001971,6113953,42115924,1,0,0,8704,0,6348239639
4382,36010440,6585987,42596427,2,0,0,95232,18,9025175547
4383,36010660,6402801,42413461,3,0,0,33792,13,7092309600
4384,36018920,6404548,42423468,2,0,0,32768,18,628661271
4385,36032620,6229423,42262043,6,0,0,13312,19,801567711
4386,36060881,6282398,42343279,1,0,0,55296,0,8474159717
4387,36069590,6119735,42189325,3,0,0,1536,13,3978295257
4388,36078161,6145585,42223746,9,0,0,18432,17,3594208223
4389,36108761,6571949,42680710,9,0,0,102400,17,6727158733
4390,36117750,30441370,66559120,8,0,1,3584,13,8727858146
4391,36122151,6158560,42280711,1,0,0,11264,0,9536254356
4392,36127580,6585475,42713055,2,0,0,17408,18,7806530616
4393,36134271,6433117,42567388,9,0,0,18944,17,7171727124
4394,36136790,6486413,42623203,4,0,0,6656,7,9932039621
4395,36139230,6333607,42472837,8,0,0,30720,13,7609938576
4396,36148790,6133816,42282606,5,0,0,6144,10,1601660519
4397,36151829,30432192,66584021,2,0,1,27136,18,7807276664
4398,36153880,30430164,66584044,3,0,1,10240,13,6134729304
4399,36157350,6360221,42517571,6,0,0,11776,19,2139490453
4400,36173610,6289129,42462739,8,0,0,36352,13,1794779304
4401,36181300,6584598,42765898,3,0,0,41984,13,8842087217
4402,36181580,6435444,42617024,5,0,0,13824,10,675571599
4403,36182110,6546738,42728848,2,0,0,42496,18,10569671476
4404,36197281,30423835,66621116,6,0,1,16896,19,8223219224
4405,36197721,6696511,42894232,9,0,0,33792,17,84969915
4406,36210410,6224804,42435214,6,0,0,23552,19,3441833297
4407,36211410,6657953,42869363,0,0,0,61440,17,5082689859
4408,36220250,6409455,42629705,8,0,0,5632,13,6407697281
4409,36238250,7466850,43705100,5,0,0,38400,10,6727558344
4410,36240570,6197943,42438513,7,0,0,10752,19,279685809
4411,36245511,6540938,42786449,9,0,0,6144,17,1017536820
4412,36246710,6542882,42789592,7,0,0,10240,19,4287219770
4413,36258491,6637792,42896283,1,0,0,6656,0,4818858393
4414,36271561,6325045,42596606,9,0,0,512,17,8674221409
4415,36321730,6461374,42783104,5,0,0,56320,10,7263530796
4416,36330600,6461519,42792119,8,0,0,8192,13,5511070432
4417,36335230,6269066,42604296,8,0,0,25088,13,4343470300
4418,36339460,6703540,43043000,8,0,0,17408,13,9667257835
4419,36341271,7473717,43814988,1,0,0,25088,0,5021925350
4420,36347420,6707019,43054439,8,0,0,11264,13,8229443413
4421,36347660,6367914,42715574,6,0,0,8192,19,9225155578
4422,36347700,6571444,42919144,5,0,0,24576,10,2408755987
4423,36362070,6245080,42607150,4,0,0,4096,7,973191535
4424,36367410,30253729,66621139,3,0,1,3584,13,4048417683
4425,36396240,6503498,42899738,7,0,0,11264,19,4125307545
4426,36398610,6114435,42513045,3,0,0,10240,13,9775062687
4427,36399030,6330309,42729339,5,0,0,1536,10,1942922166
4428,36399670,6952703,43352373,0,0,0,34304,17,9090934623
4429,36407870,6542744,42950614,8,0,0,46080,13,5308074813
4430,36424200,6188589,42612789,0,0,0,18432,17,3262967210
4431,36424651,6610628,43035279,1,0,0,42496,0,560239809
4432,36446740,6301602,42748342,0,0,0,6656,17,5411716362
4433,36447180,6659800,43106980,6,0,0,94720,19,6700334419
4434,36466950,6640209,43107159,5,0,0,512,10,4507772225
4435,36468140,6546010,43014150,8,0,0,45056,13,6530921087
4436,36484210,6514308,42998518,8,0,0,41984,13,1518994948
4437,36499910,6230099,42730009,7,0,0,1536,19,2143014088
4438,36503980,6378822,42882802,0,0,0,44032,17,8700196106
4439,36526041,6760408,43286449,9,0,0,35840,17,1143038891
4440,36529220,6493088,43022308,3,0,0,24576,13,7899580080
4441,36539450,7153927,43693377,4,0,0,87552,7,5924500785
4442,36543900,6578849,43122749,5,0,0,512,10,767757895
4443,36548490,6236041,42784531,0,0,0,4608,17,4121341635
4444,36549170,7111448,43660618,8,0,0,4608,13,839652284
4445,36551500,6775496,43326996,5,0,0,55808,10,3617369506
4446,36582320,6952122,43534442,3,0,0,25088,13,10582393905
4447,36585580,6429217,43014797,7,0,0,2048,19,1429740686
4448,36590710,6529778,43120488,3,0,0,4096,13,5952439048
4449,36590961,6636110,43227071,9,0,0,37888,17,8585923874
4450,36594241,6135277,42729518,1,0,0,512,0,10664056733
4451,36595441,6518917,43114358,9,0,0,23552,17,6668519482
4452,36597630,6449959,43047589,6,0,0,14848,19,9085169067
4453,36603041,7203520,43806561,9,0,0,3072,17,1585060726
4454,36608310,6635476,43243786,0,0,0,54784,17,10117152146
4455,36611180,6424590,43035770,4,0,0,1536,7,5500934020
4456,36611650,6510109,43121759,5,0,0,4096,10,1146485632
4457,36625079,30007829,66632908,5,0,1,3584,10,5699695863
4458,36630070,6489147,43119217,6,0,0,15872,19,4257355961
4459,36635830,7148765,43784595,3,0,0,43008,13,7102120534
4460,36645810,6598467,43244277,6,0,0,1536,19,3640510854
4461,36646060,7405575,44051635,4,0,0,88576,7,6239203797
4462,36658560,6379113,43037673,0,0,0,6144,17,3717143398
4463,36693909,29939022,66632931,5,0,1,512,10,2439827294
4464,36694901,6666187,43361088,9,0,0,20480,17,3391960302
4465,36703159,29929795,66632954,5,0,1,5120,10,1171656120
4466,36703570,6712106,43415676,8,0,0,33280,13,1476971732
4467,36712400,7183570,43895970,0,0,0,57856,17,6522189975
4468,36723140,6570976,43294116,4,0,0,25088,7,7094216787
4469,36724750,29908227,66632977,9,0,1,6656,17,7649991606
4470,36725480,6397082,43122562,3,0,0,2560,13,884976412
4471,36735640,6567079,43302719,6,0,0,28160,19,3176325542
4472,36750911,6823255,43574166,1,0,0,78336,0,7123467988
4473,36751870,6900728,43652598,3,0,0,512,13,1507549069
4474,36759321,6969664,43728985,1,0,0,4608,0,2033292450
4475,36762660,6483668,43246328,0,0,0,6656,17,6986988027
4476,36769299,29863701,66633000,5,0,1,6144,10,4364284309
4477,36778460,6706050,43484510,8,0,0,8704,13,10249616877
4478,36783740,6824847,43608587,4,0,0,2048,7,2110295252
4479,36805290,6597781,43403071,3,0,0,5120,13,3779840383
4480,36817470,6398034,43215504,0,0,0,10240,17,8463693309
4481,36821210,6764938,43586148,4,0,0,20480,7,9120356458
4482,36824911,6718766,43543677,9,0,0,30208,17,5084521604
4483,36830181,6683557,43513738,1,0,0,11776,0,2039845307
4484,36861690,6688585,43550275,5,0,0,8192,10,7138767868
4485,36867810,6937099,43804909,3,0,0,1536,13,4383454854
4486,36886139,29786481,66672620,5,0,1,34816,10,7289842951
4487,36887950,6252444,43140394,7,0,0,6656,19,7504035152
4488,36895201,6273114,43168315,1,0,0,7168,0,612483753
4489,36896350,6413619,43309969,4,0,0,6656,7,9312595406
4490,36902889,29770397,66673286,5,0,1,1024,10,7428181307
4491,36904300,6937666,43841966,3,0,0,16384,13,5179394662
4492,36908361,6534264,43442625,1,0,0,7680,0,1697640513
4493,36909090,6468363,43377453,8,0,0,10752,13,7521805416
4494,36909570,6418229,43327799,0,0,0,2560,17,6889819190
4495,36910640,7361708,44272348,4,0,0,72704,7,9009685304
4496,36928059,29745893,66673952,5,0,1,1024,10,8292035451
4497,36929920,7222999,44152919,3,0,0,35840,13,711465736
4498,36931070,6550765,43481835,2,0,0,54784,18,1289912682
4499,36937370,6524257,43461627,6,0,0,1536,19,9701742382
4500,36951461,7235701,44187162,9,0,0,20992,17,3706336391
4501,36951960,6377890,43329850,8,0,0,6656,13,7111186563
4502,36953450,6634437,43587887,6,0,0,5632,19,2821469877
4503,36960540,6489043,43449583,7,0,0,6144,19,6576706281
4504,36968330,6558445,43526775,7,0,0,40960,19,962204232
4505,36971710,6629699,43601409,0,0,0,9216,17,4491630341
4506,36978280,6680911,43659191,6,0,0,16896,19,3984561596
4507,36993020,6979524,43972544,0,0,0,45568,17,6074756976
4508,36994300,6720922,43715222,0,0,0,1024,17,9739304734
4509,36999100,6548656,43547756,6,0,0,13312,19,12094016
4510,37013860,7337683,44351543,2,0,0,17408,18,4342101278
4511,37025800,7171979,44197779,5,0,0,7168,10,2274377773
4512,37032940,6681947,43714887,3,0,0,31744,13,9124428301
4513,37036380,6901491,43937871,2,0,0,24576,18,6004179769
4514,37044800,6682735,43727535,5,0,0,27136,10,1023207744
4515,37058640,7080037,44138677,3,0,0,8704,13,62573041
4516,37062700,6961924,44024624,2,0,0,17920,18,976597524
4517,37076641,7019858,44096499,1,0,0,109568,0,10011832012
4518,37078790,7050576,44129366,4,0,0,7680,7,7322134821
4519,37090860,6834062,43924922,6,0,0,512,19,9130930770
4520,37099980,7041996,44141976,8,0,0,10752,13,3178090699
4521,37108610,6607039,43715649,3,0,0,1024,13,5082311926
4522,37119841,29559257,66679098,6,0,1,8192,19,178744579
4523,37138861,7041882,44180743,1,0,0,10752,0,1618856472
4524,37153101,29565179,66718280,6,0,1,10752,19,1376188622
4525,37159590,7582575,44742165,3,0,0,20992,13,10316437610
4526,37170120,6892972,44063092,7,0,0,512,19,8236826139
4527,37175770,29544107,66719877,9,0,1,2560,17,3312381887
4528,37188390,7007182,44195572,0,0,0,12288,17,4573648989
4529,37220780,6583638,43804418,0,0,0,25088,17,331666858
4530,37228391,7222174,44450565,9,0,0,44032,17,7879502065
4531,37233320,29489463,66722783,8,0,1,4608,13,6604240225
4532,37242331,7004569,44246900,1,0,0,93696,0,8829801461
4533,37253610,6808968,44062578,3,0,0,35840,13,8271040658
4534,37267640,29474024,66741664,1,0,1,3072,0,7055757828
4535,37278270,7838138,45116408,6,0,0,101888,19,9981118247
4536,37296990,6690927,43987917,2,0,0,11264,18,1314072928
4537,37297980,7234671,44532651,6,0,0,50176,19,6597100819
4538,37299550,6978281,44277831,5,0,0,17920,10,9243230364
4539,37303530,7164218,44467748,2,0,0,56320,18,6258449842
4540,37306331,7039885,44346216,1,0,0,45056,0,5196958396
4541,37308940,6789922,44098862,4,0,0,7680,7,5196160208
4542,37309510,6987976,44297486,8,0,0,29184,13,157810357
4543,37314570,6799166,44113736,6,0,0,38912,19,366633238
4544,37315450,7483961,44799411,3,0,0,3072,13,4173834347
4545,37318471,7093761,44412232,9,0,0,15360,17,1420149334
4546,37341820,29400510,66742330,3,0,1,1024,13,10708915248
4547,37348211,7551420,44899631,1,0,0,45568,0,8036742006
4548,37350631,6929875,44280506,9,0,0,8704,17,476880183
4549,37353430,6824014,44177444,3,0,0,26624,13,7914465053
4550,37357680,6652598,44010278,4,0,0,16384,7,2896508130
4551,37360140,7356170,44716310,2,0,0,148480,18,3966169732
4552,37361030,6740827,44101857,7,0,0,9728,19,8259848797
4553,37363050,6948478,44311528,3,0,0,5120,13,6580557656
4554,37373750,7887900,45261650,7,0,0,33280,19,2620775224
4555,37376840,7246896,44623736,4,0,0,7680,7,4527518422
4556,37388650,7758712,45147362,7,0,0,46080,19,1943160584
4557,37390671,6672242,44062913,1,0,0,1024,0,10430657457
4558,37393040,7109298,44502338,4,0,0,69120,7,9761848473
4559,37423251,7312495,44735746,1,0,0,15872,0,5646120990
4560,37451891,7459455,44911346,1,0,0,3584,0,10225328315
4561,37477229,29265665,66742894,5,0,1,10752,10,10297983005
4562,37479761,6656241,44136002,1,0,0,19968,0,9722104231
4563,37480360,8028547,45508907,2,0,0,30720,18,2051241024
4564,37492160,6907381,44399541,2,0,0,37888,18,437083403
4565,37503480,7271767,44775247,3,0,0,15360,13,9730899866
4566,37504490,7468982,44973472,3,0,0,24576,13,9930335185
4567,37506680,7545178,45051858,0,0,0,27648,17,3234685133
4568,37506850,7676833,45183683,6,0,0,32768,19,7576669696
4569,37521461,7532604,45054065,1,0,0,7168,0,4090231901
4570,37522130,6837068,44359198,2,0,0,9216,18,2470694236
4571,37530870,29213010,66743880,9,0,1,1536,17,10401107244
4572,37546370,7339175,44885545,4,0,0,46592,7,2552425295
4573,37552631,29213898,66766529,6,0,1,1024,19,505429134
4574,37554060,7311086,44865146,2,0,0,16896,18,7903999768
4575,37565561,7899027,45464588,9,0,0,32768,17,6352272643
4576,37567221,6840299,44407520,1,0,0,26112,0,2173722215
4577,37568130,29202265,66770395,3,0,1,6144,13,5198512737
4578,37569900,8110811,45680711,0,0,0,32768,17,8482123531
4579,37576021,7987556,45563577,1,0,0,31232,0,2521649969
4580,37578430,29215627,66794057,8,0,1,7680,13,10565897016
4581,37585190,29209021,66794211,9,0,1,8704,17,2907864451
4582,37590670,29327660,66918330,3,0,1,4096,13,1433258715
4583,37591971,7962067,45554038,1,0,0,72704,0,5587847388
4584,37594360,8171556,45765916,6,0,0,28160,19,8682499605
4585,37598870,6940356,44539226,2,0,0,21504,18,1741793748
4586,37606830,7436581,45043411,2,0,0,31232,18,10417043746
4587,37608340,6934114,44542454,7,0,0,9216,19,3663216597
4588,37612970,29440281,67053251,3,0,1,8192,13,4977257905
4589,37624850,7095227,44720077,2,0,0,12288,18,1465610438
4590,37630560,29485873,67116433,3,0,1,5120,13,1067909967
4591,37653201,8181434,45834635,1,0,0,21504,0,5384684879
4592,37654350,29534434,67188784,1,0,1,14336,0,7591697866
4593,37655840,8364704,46020544,0,0,0,4608,17,6270429477
4594,37667800,7063064,44730864,6,0,0,35328,19,1694424238
4595,37695850,7071372,44767222,0,0,0,45056,17,5984439874
4596,37703780,6929460,44633240,2,0,0,3584,18,4343508977
4597,37705180,6763499,44468679,2,0,0,1536,18,3184693791
4598,37774230,29414577,67188807,1,0,1,1024,0,1661170492
4599,37785870,6717271,44503141,8,0,0,2560,13,3195099052
4600,37811530,6986922,44798452,6,0,0,15360,19,9543435599
4601,37819220,6951324,44770544,2,0,0,512,18,3955931109
4602,37824220,7409141,45233361,2,0,0,35840,18,7475967149
4603,37829170,29361243,67190413,1,0,1,14848,0,212633587
4604,37838040,7246462,45084502,6,0,0,29184,19,4019867608
4605,37844191,6722427,44566618,1,0,0,11776,0,8048464188
4606,37845040,29380182,67225222,1,0,1,15872,0,9876795599
4607,37848571,6921794,44770365,9,0,0,10240,17,6728965104
4608,37876561,7588986,45465547,9,0,0,3072,17,4063209501
4609,37896060,8025834,45921894,0,0,0,38400,17,1661613819
4610,37897431,7717693,45615124,9,0,0,19456,17,10362010625
4611,37926891,7466427,45393318,1,0,0,26112,0,8370895450
4612,37932650,7285221,45217871,4,0,0,84480,7,5765408933
4613,37934841,7309151,45243992,1,0,0,34816,0,3092761887
4614,37937720,6905160,44842880,6,0,0,10240,19,10169818250
4615,37952200,6681843,44634043,2,0,0,2560,18,9817283485
4616,37962720,8078568,46041288,2,0,0,40960,18,2082300969
4617,37980740,6920162,44900902,0,0,0,4096,17,1562443902
4618,38002670,6963291,44965961,2,0,0,7168,18,10632698176
4619,38024631,7098976,45123607,9,0,0,23552,17,1245485045
4620,38030761,7095634,45126395,1,0,0,8192,0,7770891954
4621,38030931,7239434,45270365,9,0,0,3584,17,9153446472
4622,38042960,29182620,67225580,9,0,1,1536,17,8579627840
4623,38047190,6881520,44928710,2,0,0,5120,18,7089619137
4624,38048790,6836934,44885724,7,0,0,512,19,1693987769
4625,38061550,8167889,46229439,8,0,0,21504,13,7070675482
4626,38065191,8048098,46113289,9,0,0,54784,17,6284131768
4627,38096040,8177362,46273402,8,0,0,4608,13,8842414916
4628,38097600,8323645,46421245,0,0,0,89600,17,6457658906
4629,38123320,7473528,45596848,4,0,0,19968,7,7437763864
4630,38152529,29108264,67260793,0,0,1,6656,17,8007922837
4631,38159000,6912999,45071999,0,0,0,11264,17,8514269244
4632,38159710,7801255,45960965,4,0,0,22528,7,7715029345
4633,38161130,7061288,45222418,4,0,0,14848,7,2824075671
4634,38161870,6844705,45006575,8,0,0,13312,13,1702502051
4635,38184060,6849812,45033872,2,0,0,57856,18,7592648785
4636,38184150,8029269,46213419,7,0,0,76800,19,1996831203
4637,38210460,6979174,45189634,4,0,0,19456,7,2851135837
4638,38214380,7051661,45266041,0,0,0,14336,17,1865366867
4639,38215120,7778362,45993482,0,0,0,4096,17,2865540196
4640,38251041,6897436,45148477,9,0,0,3584,17,8034572740
4641,38254050,6914777,45168827,2,0,0,9216,18,1344592191
4642,38256170,29004777,67260947,8,0,1,8704,13,7555724359
4643,38278020,8208094,46486114,0,0,0,50176,17,7999581924
4644,38279640,7135866,45415506,7,0,0,2560,19,5606079505
4645,38299350,7213972,45513322,8,0,0,4608,13,10630083171
4646,38313361,6971840,45285201,1,0,0,25600,0,8686133600
4647,38315859,28964410,67280269,0,0,1,8704,17,8385013866
4648,38318201,7030004,45348205,9,0,0,16896,17,2038631030
4649,38344570,6900701,45245271,4,0,0,4096,7,1305715975
4650,38351761,8234770,46586531,9,0,0,1536,17,9541950287
4651,38361270,7778749,46140019,0,0,0,44032,17,9931318122
4652,38364620,7048344,45412964,6,0,0,29696,19,7216093197
4653,38365300,8342523,46707823,7,0,0,8192,19,3663351869
4654,38372100,28908323,67280423,8,0,1,8704,13,6399279271
4655,38394080,7131224,45525304,2,0,0,27136,18,1082576171
4656,38397371,6945663,45343034,1,0,0,28160,0,68239385
4657,38406639,28888759,67295398,2,0,1,1024,18,3337589694
4658,38417580,6944455,45362035,7,0,0,23552,19,5134869122
4659,38420130,7045596,45465726,0,0,0,512,17,10005622052
4660,38427470,28869874,67297344,8,0,1,3072,13,6812655226
4661,38431479,28866531,67298010,0,0,1,11264,17,9146850484
4662,38440950,7161366,45602316,5,0,0,6656,10,6173345038
4663,38447210,28868432,67315642,1,0,1,6656,0,5853768157
4664,38461950,7263116,45725066,4,0,0,6656,7,7960675577
4665,38466421,6918918,45385339,1,0,0,14336,0,10393266826
4666,38468919,28847069,67315988,0,0,1,512,17,3068326512
4667,38483960,7098700,45582660,6,0,0,7680,19,1429808403
4668,38501170,6913533,45414703,6,0,0,5632,19,7518694382
4669,38502141,6995347,45497488,9,0,0,14848,17,10580625286
4670,38508000,7570588,46078588,3,0,0,33792,13,7675912455
4671,38530720,7158438,45689158,7,0,0,27648,19,10058552454
4672,38535270,7654718,46189988,0,0,0,9216,17,2332560504
4673,38544370,7117776,45662146,6,0,0,81920,19,5952543545
4674,38548741,28767913,67316654,6,0,1,1024,19,4569213338
4675,38562410,28791396,67353806,9,0,1,5120,17,8291342543
4676,38569321,8416300,46985621,1,0,0,28672,0,5699091779
4677,38571290,28782539,67353829,1,0,1,5632,0,7358882696
4678,38577270,8008770,46586040,4,0,0,4096,7,1951927092
4679,38583731,8301347,46885078,9,0,0,26112,17,9766509337
4680,38615951,28764310,67380261,6,0,1,11264,19,2768734347
4681,38623310,8217592,46840902,6,0,0,15872,19,2701660253
4682,38632220,7084544,45716764,8,0,0,28160,13,3039303200
4683,38638551,7058430,45696981,9,0,0,25600,17,10071242976
4684,38673170,28707114,67380284,3,0,1,8192,13,6640995155
4685,38686241,7818974,46505215,9,0,0,35328,17,722335609
4686,38702130,7100210,45802340,4,0,0,2048,7,7626617362
4687,38714260,7965236,46679496,0,0,0,40960,17,10081131641
4688,38758961,7268231,46027192,1,0,0,16896,0,9328997733
4689,38761940,7035660,45797600,6,0,0,6656,19,4339838962
4690,38787260,7550356,46337616,7,0,0,12288,19,6998964558
4691,38796350,7293493,46089843,8,0,0,36864,13,2661121876
4692,38800970,6943388,45744358,2,0,0,21504,18,2245196146
4693,38809230,28571077,67380307,1,0,1,1536,0,6326453721
4694,38823520,7036128,45859648,7,0,0,512,19,6200275326
4695,38825020,7116982,45942002,0,0,0,34304,17,3504582323
4696,38833811,7311246,46145057,1,0,0,2048,0,6900856449
4697,38865571,7525364,46390935,1,0,0,19456,0,9829933676
4698,38888620,7623022,46511642,0,0,0,20992,17,6607988991
4699,38896499,28483831,67380330,5,0,1,3072,10,5525012020
4700,38898410,7882606,46781016,4,0,0,13312,7,5658669346
4701,38898581,7284497,46183078,1,0,0,38400,0,6557197368
4702,38903710,7084266,45987976,7,0,0,88576,19,8123577325
4703,38924871,7067340,45992211,1,0,0,13824,0,10187476877
4704,38937621,7075593,46013214,9,0,0,44032,17,5229177274
4705,38947151,7094316,46041467,1,0,0,512,0,8065696211
4706,38977080,7119494,46096574,0,0,0,22016,17,2591472111
4707,38980680,8204377,47185057,2,0,0,16896,18,5159414122
4708,38986140,7140432,46126572,2,0,0,43520,18,7075006612
4709,38988350,7260902,46249252,4,0,0,37376,7,1500215560
4710,39000920,6953158,45954078,8,0,0,11264,13,3740828636
4711,39001170,7149222,46150392,4,0,0,17408,7,10570997009
4712,39005271,7230389,46235660,9,0,0,16896,17,9107123083
4713,39024660,28355693,67380353,1,0,1,11776,0,510772485
4714,39037080,7107330,46144410,2,0,0,14336,18,9915864715
4715,39042140,8299487,47341627,0,0,0,86016,17,670480112
4716,39044551,7600064,46644615,1,0,0,38912,0,3791134474
4717,39049010,8421454,47470464,8,0,0,38400,13,258672447
4718,39069509,28418957,67488466,0,0,1,17408,17,6058227652
4719,39071870,7300448,46372318,0,0,0,21504,17,6593630255
4720,39084080,8515302,47599382,0,0,0,25088,17,5628347740
4721,39086261,28469754,67556015,6,0,1,8192,19,8322928369
4722,39096610,7608694,46705304,7,0,0,15872,19,6209246865
4723,39097180,7125638,46222818,3,0,0,30720,13,4890680267
4724,39100441,7086716,46187157,9,0,0,13312,17,4326333951
4725,39101620,28454418,67556038,9,0,1,7168,17,5202275392
4726,39112559,28443502,67556061,5,0,1,512,10,6050799173
4727,39126770,7595098,46721868,2,0,0,10752,18,9316409869
4728,39131631,7155677,46287308,9,0,0,25088,17,3038754175
4729,39144710,28512462,67657172,9,0,1,512,17,2128614403
4730,39151690,8197227,47348917,0,0,0,9216,17,7797760551
4731,39156301,6997042,46153343,9,0,0,2048,17,2754419338
4732,39156360,7228624,46384984,0,0,0,25088,17,4036927671
4733,39156540,28503218,67659758,3,0,1,4096,13,5113845896
4734,39158220,8594156,47752376,8,0,0,16896,13,1925434204
4735,39159290,7148744,46308034,6,0,0,512,19,5269972169
4736,39160449,28500589,67661038,5,0,1,14336,10,2002631803
4737,39164201,7149483,46313684,1,0,0,6656,0,7889821083
4738,39198809,28536963,67735772,0,0,1,12800,17,2112360764
4739,39201321,8347136,47548457,1,0,0,10752,0,6335296063
4740,39204820,7335553,46540373,6,0,0,52736,19,37736384
4741,39207550,7347533,46555083,7,0,0,43520,19,9190948388
4742,39218130,7437139,46655269,4,0,0,23040,7,10489542210
4743,39222390,7362356,46584746,6,0,0,97280,19,4772805093
4744,39233851,7203578,46437429,9,0,0,10240,17,10356678538
4745,39242200,28542400,67784600,7,0,1,3072,19,10420055733
4746,39243511,7250894,46494405,1,0,0,27136,0,4381985471
4747,39244360,7149562,46393922,6,0,0,9728,19,1964015793
4748,39252119,28553243,67805362,5,0,1,9728,10,2428552758
4749,39255799,28554408,67810207,0,0,1,4608,17,5812198146
4750,39257491,28620775,67878266,6,0,1,8704,19,8791691312
4751,39260230,28618059,67878289,1,0,1,3072,0,2831504200
4752,39271261,7387931,46659192,1,0,0,12800,0,4859473516
4753,39271771,7437843,46709614,1,0,0,5120,0,10288445015
4754,39272480,7375746,46648226,8,0,0,11776,13,1520158738
4755,39278949,28599363,67878312,0,0,1,11264,17,7707977533
4756,39280230,7261570,46541800,6,0,0,4608,19,219796038
4757,39285060,7648288,46933348,3,0,0,27136,13,2346787405
4758,39290310,28591840,67882150,8,0,1,18944,13,746697936
4759,39302230,7303446,46605676,2,0,0,23040,18,2346709291
4760,39308550,7602867,46911417,0,0,0,36864,17,503084523
4761,39314750,7529919,46844669,4,0,0,12288,7,5225212287
4762,39314960,7426276,46741236,8,0,0,13824,13,7451012401
4763,39316330,7312216,46628546,6,0,0,32256,19,6810961805
4764,39332320,8067519,47399839,3,0,0,18944,13,5401772292
4765,39340600,7350765,46691365,7,0,0,17920,19,2280983005
4766,39341880,7633977,46975857,8,0,0,87040,13,6897243402
4767,39342671,7391292,46733963,9,0,0,23552,17,9562225850
4768,39345159,28627997,67973156,2,0,1,8704,18,1662025893
4769,39353851,7441280,46795131,9,0,0,8704,17,1675024539
4770,39363841,7296638,46660479,9,0,0,4096,17,4431786656
4771,39371370,28673756,68045126,3,0,1,8704,13,3521491989
4772,39382420,7442774,46825194,2,0,0,18944,18,4914309990
4773,39382480,7837106,47219586,8,0,0,60928,13,9067878840
4774,39384251,8899116,48283367,9,0,0,44032,17,6157207056
4775,39402670,7491167,46893837,4,0,0,28672,7,4452114861
4776,39423770,7471806,46895576,8,0,0,5632,13,8698290048
4777,39440341,7934929,47375270,9,0,0,2560,17,6109835132
4778,39443099,28602050,68045149,0,0,1,2048,17,2328147690
4779,39455791,7294524,46750315,1,0,0,3584,0,10022947343
4780,39455870,7590675,47046545,2,0,0,32256,18,1925132635
4781,39459590,7376453,46836043,0,0,0,25600,17,4982513158
4782,39485590,28559582,68045172,3,0,1,3584,13,4557832649
4783,39497340,8916316,48413656,0,0,0,14848,17,3793401964
4784,39515039,28571409,68086448,2,0,1,9216,18,10088791777
4785,39522229,28612172,68134401,2,0,1,6656,18,2360596053
4786,39528900,9004246,48533146,0,0,0,37888,17,300095311
4787,39529801,7696984,47226785,1,0,0,23552,0,5357718376
4788,39539981,7515479,47055460,9,0,0,29184,17,9785101932
4789,39548730,7347025,46895755,4,0,0,512,7,9698879471
4790,39572230,7404632,46976862,5,0,0,3072,10,4647222795
4791,39578451,7409134,46987585,1,0,0,6144,0,3754946069
4792,39582380,28552044,68134424,1,0,1,4096,0,5597238558
4793,39590480,7418519,47008999,7,0,0,11264,19,10305357799
4794,39597420,8414911,48012331,4,0,0,39424,7,9609754370
4795,39599099,28535348,68134447,5,0,1,512,10,6907455278
4796,39627830,7511543,47139373,6,0,0,29696,19,6928774136
4797,39630980,7426999,47057979,7,0,0,8192,19,7281931771
4798,39640800,7479270,47120070,8,0,0,30720,13,35383217
4799,39657360,7449949,47107309,7,0,0,22016,19,9018063485
4800,39671120,7407431,47078551,2,0,0,11264,18,7126336886
4801,39678421,7873967,47552388,9,0,0,12800,17,3172808458
4802,39678600,7405537,47084137,8,0,0,9728,13,8023105537
4803,39693151,7922646,47615797,9,0,0,512,17,10261672711
4804,39732570,7793666,47526236,7,0,0,88576,19,1783202915
4805,39736240,7531838,47268078,0,0,0,18432,17,8389426175
4806,39763340,28397582,68160922,8,0,1,5120,13,138682969
4807,39771580,28391288,68162868,8,0,1,3072,13,2773322044
4808,39782870,8804424,48587294,8,0,0,13312,13,7270449713
4809,39785811,7272659,47058470,1,0,0,1536,0,2990793416
4810,39794640,9008586,48803226,4,0,0,59392,7,970043139
4811,39795719,28415235,68210954,5,0,1,11776,10,4995835305
4812,39811201,7355082,47166283,9,0,0,16384,17,8999470293
4813,39854491,7551336,47405827,9,0,0,15360,17,3732798591
4814,39855100,7447293,47302393,2,0,0,9728,18,7879944330
4815,39860171,7677788,47537959,1,0,0,38400,0,5996728240
4816,39862911,7434034,47296945,9,0,0,6656,17,6214325763
4817,39867390,7523977,47391367,7,0,0,46592,19,7559584057
4818,39876490,8959863,48836353,2,0,0,4608,18,2207049784
4819,39880120,7729893,47610013,7,0,0,34816,19,4395579405
4820,39888430,7549197,47437627,4,0,0,49152,7,669917588
4821,39901400,7643758,47545158,2,0,0,23552,18,4925142587
4822,39908960,8493442,48402402,0,0,0,13824,17,10615441465
4823,39931180,7873795,47804975,7,0,0,5120,19,3377376138
4824,39936529,28277971,68214500,2,0,1,5632,18,3297515982
4825,39938111,28344058,68282169,6,0,1,10752,19,2634581850
4826,39939920,8377114,48317034,7,0,0,3072,19,5654695239
4827,39947010,7828945,47775955,0,0,0,77312,17,6540075126
4828,39961620,7533978,47495598,6,0,0,9728,19,6714528847
4829,39962270,7776559,47738829,7,0,0,12800,19,4303706653
4830,39974660,7320234,47294894,8,0,0,8192,13,5946525622
4831,39974980,8898500,48873480,8,0,0,41472,13,9766422323
4832,39977270,7481471,47458741,2,0,0,18944,18,5786659917
4833,39982291,7470647,47452938,1,0,0,50176,0,7987919567
4834,39988110,9364700,49352810,6,0,0,30720,19,1549431674
4835,40012481,7622362,47634843,1,0,0,24064,0,6637787168
4836,40023070,9017067,49040137,7,0,0,24064,19,9557762922
4837,40028560,7563155,47591715,5,0,0,16384,10,3835805404
4838,40040680,28242047,68282727,9,0,1,1024,17,1816363782
4839,40043861,28241772,68285633,6,0,1,4608,19,975543150
4840,40052830,7775879,47828709,4,0,0,50176,7,683990455
4841,40055420,7922670,47978090,4,0,0,54784,7,5409138606
4842,40059760,7518573,47578333,2,0,0,13824,18,4993470985
4843,40062291,7631172,47693463,9,0,0,15360,17,725900281
4844,40064341,7548043,47612384,1,0,0,7680,0,8374947952
4845,40074061,7553427,47627488,1,0,0,16896,0,2379274675
4846,40076131,7398724,47474855,1,0,0,14336,0,2862980281
4847,40078670,8141128,48219798,4,0,0,45056,7,3332929326
4848,40085320,28200659,68285979,3,0,1,512,13,7181926510
4849,40100020,28310236,68410256,1,0,1,31744,0,6117947305
4850,40108780,28563890,68672670,8,0,1,60416,13,6093359691
4851,40113240,7533407,47646647,7,0,0,4096,19,3471510180
4852,40119440,7713192,47832632,8,0,0,12800,13,2724108993
4853,40146840,7707811,47854651,7,0,0,72192,19,10274324727
4854,40151350,28595695,68747045,3,0,1,28160,13,5841032436
4855,40152050,7626909,47778959,7,0,0,2560,19,8372987827
4856,40164100,7717256,47881356,4,0,0,50176,7,6291306542
4857,40164310,7701735,47866045,7,0,0,1024,19,3274165070
4858,40167000,28580199,68747199,1,0,1,8704,0,2579331399
4859,40176500,7837258,48013758,2,0,0,4608,18,7992001029
4860,40179980,8294405,48474385,4,0,0,51712,7,5805601870
4861,40182949,28620279,68803228,2,0,1,2048,18,7192409323
4862,40183440,7472900,47656340,6,0,0,9216,19,5345161068
4863,40184301,28619273,68803574,6,0,1,512,19,6725517094
4864,40189720,7810576,48000296,4,0,0,34304,7,9204616541
4865,40210150,7673421,47883571,2,0,0,7168,18,4791397280
4866,40227220,8578244,48805464,4,0,0,3584,7,166183567
4867,40242449,28564671,68807120,2,0,1,5632,18,9749284564
4868,40245660,7693934,47939594,4,0,0,70656,7,7513526099
4869,40250181,7650012,47900193,9,0,0,15872,17,5090662938
4870,40252321,9233044,49485365,9,0,0,6656,17,3552957557
4871,40266510,9153955,49420465,0,0,0,62976,17,6526104043
4872,40271361,7718452,47989813,9,0,0,38400,17,5224960176
4873,40280791,28527507,68808298,6,0,1,13824,19,5031135389
4874,40288540,7885232,48173772,2,0,0,29696,18,3552448093
4875,40297020,7867346,48164366,0,0,0,14336,17,4025487574
4876,40297730,7792282,48090012,4,0,0,21504,7,10237871019
4877,40307350,7852625,48159975,8,0,0,65024,13,5801653864
4878,40307660,7933953,48241613,2,0,0,24064,18,7441740912
4879,40309120,8800844,49109964,4,0,0,15872,7,4444894526
4880,40317821,7739499,48057320,9,0,0,41472,17,9161565131
4881,40329340,7768665,48098005,0,0,0,512,17,163639574
4882,40335960,7784350,48120310,6,0,0,2048,19,3727938691
4883,40339830,7824871,48164701,4,0,0,1024,7,3587520136
4884,40355759,28555810,68911569,5,0,1,8704,10,3809471391
4885,40383150,7864085,48247235,7,0,0,9728,19,67613444
4886,40386291,7806420,48192711,1,0,0,1024,0,5603104652
4887,40392620,7895988,48288608,0,0,0,5120,17,1590062384
4888,40401700,8508353,48910053,0,0,0,21504,17,2223598488
4889,40415330,28514443,68929773,8,0,1,7168,13,542089307
4890,40418750,7787297,48206047,0,0,0,16896,17,6783818419
4891,40434461,8007301,48441762,9,0,0,22016,17,7955483461
4892,40446240,28483556,68929796,1,0,1,20480,0,3929672064
4893,40450230,8410591,48860821,2,0,0,14336,18,5713834576
4894,40456819,28501696,68958515,0,0,1,4096,17,7265194204
4895,40466280,7925524,48391804,0,0,0,38912,17,874154528
4896,40475991,8034714,48510705,9,0,0,9728,17,6844680233
4897,40476440,7837011,48313451,0,0,0,6656,17,9091854684
4898,40482911,8525980,49008891,9,0,0,26624,17,8561326689
4899,40486761,9003151,49489912,9,0,0,14848,17,10616281141
4900,40495960,9210236,49706196,5,0,0,7168,10,1876121427
4901,40511550,28528518,69040068,9,0,1,7680,17,2588993373
4902,40512000,7851008,48363008,7,0,0,17408,19,4923013386
4903,40529390,8999327,49528717,6,0,0,7680,19,3411618933
4904,40533610,8037726,48571336,2,0,0,13824,18,5039738082
4905,40542190,9468132,50010322,0,0,0,108544,17,6869656035
4906,40542700,8040515,48583215,8,0,0,38912,13,7945840109
4907,40562020,8703551,49265571,2,0,0,80384,18,3561244472
4908,40573620,7993458,48567078,7,0,0,68096,19,6736116402
4909,40588491,8314184,48902675,1,0,0,95744,0,9610049641
4910,40595381,8586081,49181462,9,0,0,30720,17,5219681337
4911,40609610,8829386,49438996,4,0,0,9728,7,4160756848
4912,40632940,7970805,48603745,4,0,0,23552,7,6253465802
4913,40633231,28485264,69118495,6,0,1,3072,19,3879522968
4914,40634610,8214320,48848930,0,0,0,7168,17,6872425633
4915,40642099,28478982,69121081,2,0,1,4096,18,10683573724
4916,40650110,8361456,49011566,4,0,0,8704,7,4847395621
4917,40674670,8430435,49105105,2,0,0,13312,18,4683500438
4918,40685771,7919869,48605640,9,0,0,6144,17,4740543011
4919,40687759,28434628,69122387,2,0,1,2048,18,2817979718
4920,40714010,9405860,50119870,2,0,0,7168,18,94349182
4921,40725580,8177898,48903478,6,0,0,2560,19,9325654343
4922,40734641,8437438,49172079,1,0,0,148480,0,8901352610
4923,40750930,9352578,50103508,2,0,0,82432,18,9659205468
4924,40756990,8943216,49700206,4,0,0,87552,7,2740244217
4925,40757260,8172321,48929581,0,0,0,4096,17,2794677679
4926,40766720,8874224,49640944,2,0,0,14336,18,5064041551
4927,40792779,28348079,69140858,5,0,1,7680,10,7393301384
4928,40793631,8648196,49441827,1,0,0,9216,0,361587284
4929,40802500,8706521,49509021,6,0,0,15872,19,9500226194
4930,40803060,8162891,48965951,8,0,0,28672,13,5173257720
4931,40803231,8166955,48970186,1,0,0,13824,0,7677378384
4932,40816070,8141122,48957192,6,0,0,32768,19,8184871864
4933,40830650,7947331,48777981,7,0,0,14848,19,9535112908
4934,40842840,8101569,48944409,7,0,0,7680,19,2075389314
4935,40854071,28324050,69178121,6,0,1,13824,19,4564129928
4936,40858110,28320034,69178144,3,0,1,3584,13,1648310682
4937,40858870,8438484,49297354,7,0,0,49664,19,4785276564
4938,40865620,8497734,49363354,0,0,0,34304,17,9402641649
4939,40869460,8613854,49483314,7,0,0,135680,19,8200950971
4940,40871470,7975131,48846601,6,0,0,11776,19,5795110879
4941,40872151,8184504,49056655,9,0,0,20992,17,4355929614
4942,40877070,8222305,49099375,4,0,0,5632,7,8315541870
4943,40908700,9360071,50268771,4,0,0,29184,7,8841013040
4944,40911199,28272139,69183338,2,0,1,7680,18,4313004177
4945,40911850,8062906,48974756,7,0,0,14848,19,2764251158
4946,40916580,8365619,49282199,8,0,0,49664,13,2388503259
4947,40947190,8277699,49224889,4,0,0,22528,7,221419511
4948,40963541,8340600,49304141,1,0,0,4608,0,5841002449
4949,40995470,28190410,69185880,1,0,1,4608,0,6877056018
4950,40995870,28235301,69231171,8,0,1,28160,13,7215499800
4951,41000910,8194459,49195369,2,0,0,45568,18,6072774281
4952,41014430,8421502,49435932,4,0,0,50688,7,4360663489
4953,41015970,9555623,50571593,7,0,0,56832,19,6919470651
4954,41023080,8472072,49495152,4,0,0,512,7,5335035671
4955,41066141,8133018,49199159,9,0,0,12288,17,1495865492
4956,41067620,9337293,50404913,2,0,0,58880,18,4648909008
4957,41068580,8510638,49579218,2,0,0,34816,18,7037473714
4958,41069931,28295793,69365724,6,0,1,512,19,7533620607
4959,41078690,28287380,69366070,9,0,1,512,17,4376236584
4960,41088970,8411509,49500479,7,0,0,17408,19,5539506769
4961,41096939,28281748,69378687,0,0,1,7680,17,10252237383
4962,41106781,8236646,49343427,9,0,0,43520,17,6230000492
4963,41141720,9359127,50500847,2,0,0,28672,18,1621012322
4964,41145940,9512418,50658358,3,0,0,29696,13,7192082987
4965,41153870,9885218,51039088,4,0,0,17408,7,3447607332
4966,41170970,8127499,49298469,2,0,0,3584,18,5093072417
4967,41176700,8418634,49595334,8,0,0,22016,13,871211158
4968,41193231,28185658,69378889,6,0,1,3072,19,9689463664
4969,41203810,8291163,49494973,6,0,0,16384,19,4619746263
4970,41205100,8613102,49818202,8,0,0,49664,13,214451466
4971,41211870,8459985,49671855,0,0,0,101376,17,6244348002
4972,41216250,9613213,50829463,0,0,0,7680,17,2918262857
4973,41223769,28155143,69378912,5,0,1,6144,10,4594361528
4974,41225770,8569075,49794845,5,0,0,58880,10,421667950
4975,41226999,28214455,69441454,0,0,1,8704,17,2823817041
4976,41240530,8268849,49509379,5,0,0,1024,10,535716328
4977,41242220,8132968,49375188,2,0,0,13824,18,7093676525
4978,41242270,8369467,49611737,0,0,0,53760,17,130160615
4979,41249721,9328135,50577856,1,0,0,20480,0,4550245466
4980,41259970,28435135,69695105,3,0,1,24064,13,5995537691
4981,41264850,9188825,50453675,8,0,0,25088,13,8296785458
4982,41288670,9043421,50332091,5,0,0,21504,10,5038132329
4983,41289541,8252499,49542040,9,0,0,25600,17,9496943101
4984,41313380,28401209,69714589,1,0,1,512,0,7667644291
4985,41313760,8762182,50075942,7,0,0,38912,19,3469762984
4986,41315970,9266635,50582605,0,0,0,6144,17,1180356471
4987,41325880,8413337,49739217,3,0,0,512,13,8094490794
4988,41331150,8298315,49629465,0,0,0,5632,17,3037420065
4989,41357260,8399750,49757010,3,0,0,36352,13,2165163242
4990,41384271,28346920,69731191,6,0,1,11776,19,7977845058
4991,41385490,28369147,69754637,9,0,1,7680,17,7973535041
4992,41413100,8351577,49764677,0,0,0,25088,17,352545820
4993,41414140,8463728,49877868,8,0,0,23552,13,483758031
4994,41416840,8422583,49839423,5,0,0,28160,10,10524602658
4995,41417770,8255668,49673438,3,0,0,5120,13,10354885387
4996,41423570,8347837,49771407,2,0,0,1536,18,1029700926
4997,41434880,8493500,49928380,2,0,0,43008,18,9830675536
4998,41438860,8338022,49776882,7,0,0,15872,19,1001983954
4999,41446231,8502140,49948371,1,0,0,65536,0,10381125249
5000,41448470,8615593,50064063,7,0,0,62464,19,1762351357
5001,41460370,8762671,50223041,6,0,0,46592,19,6459003693
5002,41464740,8239241,49703981,2,0,0,12288,18,5137492955
5003,41468020,8491184,49959204,5,0,0,35328,10,7704452751
5004,41468979,28603364,70072343,0,0,1,5632,17,1950495245
5005,41472041,8258443,49730484,1,0,0,10752,0,10452616371
5006,41489520,8868437,50357957,2,0,0,8704,18,7274085111
5007,41499880,8369633,49869513,5,0,0,27648,10,7640433073
5008,41523720,8598894,50122614,7,0,0,8704,19,9279838170
5009,41532620,8952987,50485607,3,0,0,31744,13,4069106134
5010,41536060,8573867,50109927,7,0,0,20992,19,10302079675
5011,41543211,8632988,50176199,9,0,0,17408,17,2060971285
5012,41545300,9122071,50667371,8,0,0,18432,13,3011883115
5013,41548590,8747555,50296145,5,0,0,45568,10,2885639648
5014,41562420,8580294,50142714,8,0,0,14336,13,8207871151
5015,41563650,28508716,70072366,9,0,1,6144,17,10443987968
5016,41567931,8659501,50227432,9,0,0,14336,17,575990049
5017,41584031,8245691,49829722,9,0,0,16896,17,464292370
5018,41590890,8316298,49907188,3,0,0,3072,13,10134634845
5019,41595950,8521644,50117594,2,0,0,25088,18,1469889679
5020,41597100,28475289,70072389,9,0,1,10752,17,2754894421
5021,41618400,28472722,70091122,4,0,1,2048,7,7421284633
5022,41625100,28468928,70094028,1,0,1,4608,0,7406232669
5023,41653810,8312437,49966247,7,0,0,23040,19,6575285337
5024,41656760,8992527,50649287,6,0,0,59904,19,8531458665
5025,41658950,8611404,50270354,5,0,0,5120,10,1789417124
5026,41661731,9255882,50917613,1,0,0,100352,0,5384939590
5027,41665481,9064632,50730113,9,0,0,9728,17,103012198
5028,41671150,8488718,50159868,3,0,0,39424,13,6292590834
5029,41673200,8688143,50361343,6,0,0,8704,19,797489827
5030,41684740,9590160,51274900,0,0,0,23040,17,6983231042
5031,41690500,8624804,50315304,5,0,0,11776,10,9354975288
5032,41693840,28577363,70271203,9,0,1,4096,17,5013442653
5033,41703921,9356125,51060046,9,0,0,47616,17,8963313263
5034,41732170,9279121,51011291,5,0,0,31232,10,6328338810
5035,41742460,8698087,50440547,6,0,0,26112,19,10550882606
5036,41746550,8504079,50250629,7,0,0,28672,19,4023392499
5037,41772300,28658701,70431001,3,0,1,18432,13,2830950225
5038,41775910,8506103,50282013,3,0,0,17408,13,8780419761
5039,41791340,8483093,50274433,0,0,0,13312,17,8479008302
5040,41794181,8517025,50311206,9,0,0,30720,17,7867869346
5041,41811160,9490836,51301996,7,0,0,26112,19,3641650190
5042,41815519,28662842,70478361,2,0,1,20480,18,4710778417
5043,41816550,8193951,50010501,3,0,0,512,13,6182175839
5044,41820100,8715359,50535459,8,0,0,35328,13,223580902
5045,41820630,8304347,50124977,6,0,0,7680,19,8924409246
5046,41847911,8628001,50475912,9,0,0,17408,17,8560826375
5047,41857831,8529119,50386950,9,0,0,83968,17,303716589
5048,41867950,8712737,50580687,6,0,0,9216,19,4633645313
5049,41870690,8788627,50659317,5,0,0,3072,10,1276663772
5050,41873360,8386496,50259856,7,0,0,30208,19,7610661535
5051,41892640,28662008,70554648,8,0,1,7168,13,536834119
5052,41894560,8236993,50131553,8,0,0,3072,13,6063994897
5053,41895790,8612568,50508358,0,0,0,24576,17,9690682561
5054,41901581,8380657,50282238,9,0,0,512,17,5589083217
5055,41906149,28648522,70554671,0,0,1,2048,17,6765214973
5056,41909380,8367260,50276640,8,0,0,7168,13,4883179223
5057,41915060,9489792,51404852,6,0,0,45568,19,9825565507
5058,41919091,8492553,50411644,9,0,0,22016,17,5401446252
5059,41926390,9880117,51806507,0,0,0,27136,17,10020046917
5060,41928731,9159986,51088717,9,0,0,45056,17,7415471721
5061,41930370,8822861,50753231,6,0,0,20992,19,4132885755
5062,41935750,9204877,51140627,5,0,0,512,10,6119354731
5063,41936060,8869702,50805762,2,0,0,33280,18,5511943980
5064,41952800,8774326,50727126,2,0,0,25088,18,5323466521
5065,41958900,8786885,50745785,8,0,0,27648,13,8408684653
5066,41964500,28764507,70729007,9,0,1,7680,17,4233044087
5067,41965660,8478939,50444599,5,0,0,5120,10,7054123294
5068,41972171,8645241,50617412,1,0,0,9728,0,2492089382
5069,41973540,8853560,50827100,8,0,0,17920,13,7173863246
5070,41980381,9044761,51025142,9,0,0,9728,17,2493186642
5071,41985060,8943721,50928781,0,0,0,11776,17,5975050671
5072,41992230,8532442,50524672,2,0,0,24576,18,7291700099
5073,41995960,8794601,50790561,3,0,0,91648,13,3264707735
5074,42003290,8805943,50809233,7,0,0,11264,19,4462531656
5075,42025530,28709318,70734848,8,0,1,4096,13,8319103977
5076,42049240,8283342,50332582,2,0,0,1536,18,1786406349
5077,42051570,9478164,51529734,3,0,0,5120,13,10131839184
5078,42060359,28766848,70827207,0,0,1,6656,17,422368986
5079,42062830,8938922,51001752,5,0,0,38912,10,2972592301
5080,42069280,9869525,51938805,2,0,0,13312,18,685177684
5081,42083490,8765081,50848571,6,0,0,29184,19,226602242
5082,42083660,28746453,70830113,1,0,1,4608,0,3732317790
5083,42113660,8876167,50989827,7,0,0,75264,19,10448844391
5084,42118610,8732636,50851246,5,0,0,8704,10,6529447085
5085,42119351,8676225,50795576,9,0,0,16384,17,7445753311
5086,42128721,8700921,50829642,1,0,0,512,0,6434637643
5087,42136240,9411475,51547715,6,0,0,16384,19,5888890148
5088,42142230,8740037,50882267,5,0,0,8704,10,3572290573
5089,42157189,28699809,70856998,5,0,1,13312,10,220234453
5090,42165220,28691801,70857021,8,0,1,3584,13,1370805405
5091,42169200,9063626,51232826,8,0,0,5632,13,1394224719
5092,42173690,9090400,51264090,8,0,0,35328,13,8475575906
5093,42176301,8767834,50944135,9,0,0,4096,17,5528193203
5094,42181041,8741275,50922316,9,0,0,15360,17,7156153231
5095,42181571,8261445,50443016,1,0,0,6656,0,9630611590
5096,42192040,8317277,50509317,0,0,0,3072,17,9489613021
5097,42212410,8304751,50517161,7,0,0,9728,19,64119252
5098,42219210,9880955,52100165,0,0,0,34304,17,3608864821
5099,42221220,8711663,50932883,6,0,0,6656,19,8646590534
5100,42221751,8790655,51012406,1,0,0,3584,0,10454739972
5101,42266640,8452819,50719459,6,0,0,42496,19,9304007829
5102,42272121,8658711,50930832,9,0,0,6656,17,8263106861
5103,42284500,8537117,50821617,6,0,0,32256,19,680629426
5104,42319330,28537714,70857044,8,0,1,1024,13,10338248031
5105,42351001,9057625,51408626,9,0,0,7680,17,10050696085
5106,42362090,28494977,70857067,9,0,1,14848,17,884675835
5107,42386361,8754087,51140448,1,0,0,44032,0,3228757588
5108,42405691,28451399,70857090,6,0,1,15360,19,7058075377
5109,42411119,28474776,70885895,5,0,1,5632,10,7161743840
5110,42418200,8692603,51110803,7,0,0,7168,19,8929372423
5111,42418731,8603424,51022155,9,0,0,16896,17,1942597889
5112,42420910,8436337,50857247,5,0,0,12288,10,4781511701
5113,42423960,8542889,50966849,2,0,0,34304,18,3612762342
5114,42430080,8753647,51183727,8,0,0,16896,13,6865379757
5115,42436781,8638185,51074966,1,0,0,24576,0,7606536457
5116,42440140,28449896,70890036,1,0,1,2048,0,4505329266
5117,42454990,28591817,71046807,8,0,1,4096,13,5811049559
5118,42456050,28592383,71048433,1,0,1,2560,0,8232011515
5119,42461440,8765990,51227430,0,0,0,46080,17,50510118
5120,42485851,28565488,71051339,6,0,1,4608,19,2562153514
5121,42492520,8818859,51311379,6,0,0,30720,19,7529264325
5122,42494571,9501836,51996407,1,0,0,57856,0,3102599211
5123,42509320,8524433,51033753,2,0,0,28160,18,10527624627
5124,42519890,28544728,71064618,9,0,1,3584,17,2380913792
5125,42536160,8525469,51061629,6,0,0,5120,19,3232266554
5126,42539850,9139674,51679524,7,0,0,36864,19,8069113757
5127,42568430,8496974,51065404,7,0,0,12288,19,4937184210
5128,42579081,8466434,51045515,9,0,0,20992,17,3074073221
5129,42597310,28486232,71083542,8,0,1,10752,13,3109408568
5130,42597521,8757617,51355138,9,0,0,17920,17,5326462001
5131,42603630,9346716,51950346,8,0,0,19968,13,1790415810
5132,42625670,8299500,50925170,7,0,0,4608,19,6434847505
5133,42631540,28469765,71101305,8,0,1,12800,13,9401056296
5134,42638409,28462927,71101336,5,0,1,17920,10,2832046265
5135,42640210,28463784,71103994,8,0,1,7168,13,6562927208
5136,42645060,8278683,50923743,5,0,0,4608,10,8697138410
5137,42653581,8537680,51191261,9,0,0,7168,17,9577876874
5138,42654080,8838708,51492788,0,0,0,30720,17,10158490494
5139,42654331,8694389,51348720,1,0,0,59904,0,4235779963
5140,42656220,9539447,52195667,2,0,0,18944,18,7710301787
5141,42676440,8904479,51580919,5,0,0,71680,10,9101561058
5142,42692920,8536249,51229169,5,0,0,5632,10,1040054520
5143,42700530,8842025,51542555,2,0,0,29696,18,4065349663
5144,42703500,8385708,51089208,5,0,0,1536,10,9319542265
5145,42714420,9597893,52312313,6,0,0,3072,19,7253772922
5146,42752610,8606607,51359217,0,0,0,13312,17,7114574490
5147,42770790,8615417,51386207,2,0,0,20480,18,6274987790
5148,42771001,8595730,51366731,9,0,0,10240,17,3066911217
5149,42771030,8244207,51015237,2,0,0,9216,18,2100669408
5150,42781790,8540166,51321956,8,0,0,6656,13,4044282282
5151,42789190,28466139,71255329,9,0,1,8704,17,9500773419
5152,42789821,28485497,71275318,6,0,1,4096,19,5141481657
5153,42791050,8712468,51503518,0,0,0,1024,17,9692602418
5154,42807840,28471344,71279184,1,0,1,6144,0,2877854479
5155,42816600,8250855,51067455,7,0,0,6656,19,8548284143
5156,42838380,8178596,51016976,6,0,0,5632,19,7863008001
5157,42847189,28432341,71279530,2,0,1,512,18,4271009556
5158,42852630,8700152,51552782,8,0,0,9728,13,4841939096
5159,42877580,8268709,51146289,4,0,0,6144,7,6710447648
5160,42891890,8252504,51144394,8,0,0,12288,13,4236419656
5161,42898351,8331933,51230284,9,0,0,3584,17,7763701694
5162,42899340,8368517,51267857,3,0,0,12288,13,9459232228
5163,42907160,9480496,52387656,7,0,0,8704,19,8564484957
5164,42920921,8946289,51867210,1,0,0,82432,0,6673605956
5165,42921091,8309996,51231087,9,0,0,2560,17,8477431179
5166,42926971,8262083,51189054,9,0,0,17408,17,9860323303
5167,42934350,8682102,51616452,5,0,0,19456,10,3301495166
5168,42969160,28311356,71280516,9,0,1,1536,17,6496328825
5169,42978260,8639798,51618058,5,0,0,5120,10,8586435930
5170,42979350,8735765,51715115,5,0,0,116736,10,292172919
5171,43004970,8381416,51386386,6,0,0,512,19,5468690656
5172,43006890,8715892,51722782,7,0,0,25088,19,8888652956
5173,43007960,8934635,51942595,8,0,0,9728,13,9090038447
5174,43017421,8794280,51811701,9,0,0,14336,17,519808185
5175,43023080,9143710,52166790,4,0,0,42496,7,383752085
5176,43028310,28268494,71296804,1,0,1,11776,0,5383002351
5177,43029920,9037495,52067415,2,0,0,10240,18,2468304054
5178,43031190,9502828,52534018,8,0,0,12800,13,6920977993
5179,43036199,28260628,71296827,2,0,1,4608,18,3932359058
5180,43043360,8983255,52026615,5,0,0,44544,10,28314303
5181,43050400,28246450,71296850,8,0,1,7680,13,124612926
5182,43057120,28249026,71306146,8,0,1,8704,13,6683126936
5183,43070419,28258073,71328492,0,0,1,512,17,3030616437
5184,43074820,8123751,51198571,6,0,0,5120,19,927618464
5185,43075700,8934926,52010626,5,0,0,46592,10,3687128833
5186,43078340,9038626,52116966,7,0,0,4608,19,7098562968
5187,43088470,8729338,51817808,8,0,0,19968,13,1588539302
5188,43091370,8354244,51445614,6,0,0,13824,19,2047816551
5189,43093071,9525718,52618789,1,0,0,7680,0,4231863654
5190,43095800,8489229,51585029,0,0,0,5120,17,139503654
5191,43097510,8667292,51764802,5,0,0,28672,10,1346166838
5192,43110270,8645773,51756043,7,0,0,45056,19,8949430370
5193,43114471,28214044,71328515,6,0,1,13824,19,600812336
5194,43118280,8465158,51583438,5,0,0,8192,10,3312527839
5195,43119120,9631019,52750139,5,0,0,18944,10,7641753195
5196,43125210,8672983,51798193,6,0,0,27136,19,3584864773
5197,43132780,8801946,51934726,8,0,0,113152,13,5489434099
5198,43138160,8343801,51481961,0,0,0,9216,17,1504377316
5199,43144540,8246405,51390945,6,0,0,4608,19,3196628610
5200,43153181,8350002,51503183,9,0,0,7168,17,4704494845
5201,43165350,9088371,52253721,2,0,0,105472,18,5759421577
5202,43173270,9143122,52316392,2,0,0,13312,18,7112558986
5203,43174570,8600410,51774980,5,0,0,22016,10,3061494716
5204,43193291,8632352,51825643,1,0,0,10240,0,1500882207
5205,43198840,9595785,52794625,6,0,0,17920,19,7118693960
5206,43210081,8439424,51649505,9,0,0,4096,17,3997279020
5207,43221431,28129547,71350978,6,0,1,16896,19,8047174571
5208,43230760,8943050,52173810,5,0,0,7168,10,4009680132
5209,43235470,8828802,52064272,7,0,0,53248,19,2516496617
5210,43248640,8475257,51723897,8,0,0,3584,13,10577083996
5211,43249160,8485056,51734216,5,0,0,33792,10,9484323227
5212,43253771,9109908,52363679,9,0,0,38912,17,7617843664
5213,43255611,8551699,51807310,1,0,0,2560,0,3723668223
5214,43262800,8676808,51939608,7,0,0,2560,19,8353241212
5215,43265929,28129337,71395266,2,0,1,512,18,10442239581
5216,43288450,9168986,52457436,7,0,0,2048,19,5868868891
5217,43291590,8678124,51969714,5,0,0,23040,10,3690675667
5218,43309681,8769821,52079502,1,0,0,5632,0,5387096128
5219,43320520,9324137,52644657,5,0,0,48128,10,8446702263
5220,43322409,28075763,71398172,0,0,1,4608,17,3854131849
5221,43344390,9083520,52427910,4,0,0,2048,7,7903914504
5222,43344771,9339320,52684091,1,0,0,16896,0,1113751313
5223,43347760,28050668,71398428,1,0,1,9216,0,6485380555
5224,43360440,8470903,51831343,6,0,0,13824,19,8346353177
5225,43363070,8764527,52127597,0,0,0,34816,17,2207165664
5226,43385941,8493833,51879774,1,0,0,5120,0,2048028379
5227,43410290,8876237,52286527,0,0,0,82432,17,5617403389
5228,43416980,8594293,52011273,8,0,0,2048,13,8977312504
5229,43418160,8893194,52311354,7,0,0,81408,19,4494440366
5230,43418200,9194531,52612731,5,0,0,21504,10,5187132460
5231,43418731,8950595,52369326,9,0,0,18432,17,5585754638
5232,43420841,8449824,51870665,9,0,0,11264,17,3040617074
5233,43430130,9596295,53026425,7,0,0,60928,19,2272043049
5234,43448540,8564480,52013020,0,0,0,5632,17,5654777758
5235,43451710,8985932,52437642,0,0,0,6656,17,838415060
5236,43469560,28038259,71507819,1,0,1,5120,0,730323741
5237,43472599,28070263,71542862,5,0,1,10752,10,1566355061
5238,43477110,8555462,52032572,2,0,0,8192,18,4497601946
5239,43477910,8596581,52074491,3,0,0,2048,13,1920713711
5240,43503569,28106027,71609596,5,0,1,16384,10,2588491595
5241,43514730,9210178,52724908,8,0,0,19456,13,5220667536
5242,43519300,8596239,52115539,4,0,0,30720,7,5329314453
5243,43519529,28093613,71613142,0,0,1,5632,17,4740320722
5244,43520411,9198546,52718957,9,0,0,28672,17,4899159531
5245,43523020,28091095,71614115,8,0,1,12800,13,2417637094
5246,43523449,28259969,71783418,2,0,1,5120,18,5151236706
5247,43527440,8733948,52261388,6,0,0,25088,19,7060783180
5248,43534890,8816910,52351800,8,0,0,18432,13,3167299012
5249,43549139,28234302,71783441,5,0,1,6144,10,5657442612
5250,43575960,9507569,53083529,6,0,0,6144,19,2597759101
5251,43605470,9573659,53179129,2,0,0,22016,18,6920324689
5252,43624620,9119724,52744344,4,0,0,23040,7,10598828836
5253,43633150,8921953,52555103,0,0,0,37376,17,8174520235
5254,43633930,28170484,71804414,1,0,1,9216,0,1490716059
5255,43634820,9072162,52706982,8,0,0,31744,13,8466346259
5256,43640029,8460627,52100656,5,0,0,1536,10,10285259912
5257,43641610,8827237,52468847,4,0,0,37376,7,5906953993
5258,43646600,8923540,52570140,4,0,0,42496,7,1888902432
5259,43649210,8822780,52471990,4,0,0,10240,7,10486550978
5260,43655200,8832348,52487548,8,0,0,46592,13,2577146091
5261,43656150,9071121,52727271,4,0,0,7680,7,8240551615
5262,43665940,9162248,52828188,0,0,0,110080,17,5505964510
5263,43671591,9218514,52890105,9,0,0,65024,17,2738103212
5264,43680750,9658409,53339159,2,0,0,46592,18,10523928627
5265,43683630,8534634,52218264,4,0,0,38912,7,2232242824
5266,43687889,28116556,71804445,5,0,1,3584,10,3558993666
5267,43692760,9335895,53028655,0,0,0,5632,17,7467043219
5268,43706730,9794707,53501437,4,0,0,68096,7,9612355377
5269,43707160,9074804,52781964,0,0,0,29696,17,5589749520
5270,43708570,8711922,52420492,0,0,0,12800,17,6858305413
5271,43709750,9371884,53081634,7,0,0,105472,19,5375711331
5272,43712891,9261199,52974090,1,0,0,18432,0,1809813250
5273,43713180,28113100,71826280,1,0,1,2560,0,8105863967
5274,43714640,9127524,52842164,2,0,0,1024,18,9020020954
5275,43726830,28103636,71830466,9,0,1,6656,17,445213189
5276,43736930,8765745,52502675,4,0,0,512,7,7814038413
5277,43747440,9260398,53007838,0,0,0,61440,17,4611459804
5278,43752901,9853626,53606527,1,0,0,50176,0,1279889224
5279,43757410,28073312,71830722,3,0,1,9216,13,8578110398
5280,43771671,9131600,52903271,1,0,0,31232,0,8248273847
5281,43795461,8883459,52678920,9,0,0,26112,17,2989827492
5282,43808790,28049871,71858661,3,0,1,15872,13,3152100321
5283,43812469,28046215,71858684,0,0,1,7680,17,421139595
5284,43819631,8831601,52651232,9,0,0,21504,17,632550630
5285,43829941,8776192,52606133,1,0,0,37376,0,8372186521
5286,43839830,9842323,53682153,6,0,0,104960,19,275705497
5287,43862570,8639926,52502496,6,0,0,13824,19,10550915325
5288,43873470,8863496,52736966,6,0,0,31744,19,7327806300
5289,43880430,8321926,52202356,6,0,0,5120,19,2126567213
5290,43896390,8945439,52841829,5,0,0,11264,10,5104702901
5291,43897189,28019418,71916607,5,0,1,3072,10,9008039552
5292,43913140,8847364,52760504,6,0,0,16384,19,8972688365
5293,43916660,8613435,52530095,0,0,0,76288,17,5899236242
5294,43934409,27982221,71916630,0,0,1,1024,17,316037899
5295,43936530,8606165,52542695,2,0,0,13312,18,2593927811
5296,43936880,9048838,52985718,6,0,0,16384,19,4181288651
5297,43937800,8827095,52764895,6,0,0,14336,19,2157279955
5298,43937830,8976696,52914526,0,0,0,36864,17,4512667565
5299,43944520,9152962,53097482,8,0,0,6656,13,7263227317
5300,43951160,9137072,53088232,4,0,0,15360,7,7614656152
5301,43953340,9142091,53095431,5,0,0,23552,10,6662477746
5302,43962070,27955230,71917300,8,0,1,5632,13,8516965572
5303,43971920,8474080,52446000,8,0,0,3584,13,7766502504
5304,43972830,8865544,52838374,4,0,0,29696,7,2671589720
5305,43986691,9210547,53197238,9,0,0,35328,17,508912978
5306,43995950,8951286,52947236,8,0,0,1536,13,10326254330
5307,44004590,9175342,53179932,5,0,0,2560,10,2842414868
5308,44006321,9379855,53386176,1,0,0,31744,0,9220903123
5309,44007040,27910283,71917323,1,0,1,9728,0,5897385931
5310,44016070,27901276,71917346,8,0,1,4096,13,6172654913
5311,44019481,8735985,52755466,9,0,0,17408,17,3371368045
5312,44021600,9238338,53259938,0,0,0,31232,17,1476443329
5313,44027181,9425001,53452182,9,0,0,15360,17,39172261
5314,44041550,9007925,53049475,8,0,0,26112,13,4103455792
5315,44048550,27897927,71946477,1,0,1,15872,0,8027204832
5316,44053760,9376294,53430054,2,0,0,13312,18,9566836426
5317,44065960,8880785,52946745,2,0,0,24064,18,4902138492
5318,44071930,9178469,53250399,6,0,0,64512,19,2110556002
5319,44084350,9240590,53324940,0,0,0,42496,17,354297247
5320,44095781,9049033,53144814,9,0,0,27136,17,3039682227
5321,44113950,8915508,53029458,7,0,0,2560,19,10181766336
5322,44120481,8708822,52829303,9,0,0,3584,17,234863621
5323,44123700,9702050,53825750,0,0,0,48128,17,1421641548
5324,44126561,9455359,53581920,9,0,0,61952,17,3766167442
5325,44133490,9494150,53627640,7,0,0,50688,19,8626358455
5326,44152630,8992363,53144993,4,0,0,512,7,5273969078
5327,44229719,27716781,71946500,0,0,1,1024,17,2763315466
5328,44232669,27732441,71965110,2,0,1,3072,18,1598126738
5329,44237810,8918047,53155857,8,0,0,22528,13,1697898617
5330,44247090,9638195,53885285,5,0,0,66560,10,833849512
5331,44249210,8488091,52737301,0,0,0,1024,17,7561890102
5332,44257790,9258339,53516129,2,0,0,9728,18,8975401620
5333,44258410,9221118,53479528,4,0,0,22016,7,7449466871
5334,44267091,9530658,53797749,1,0,0,46592,0,9369141878
5335,44275570,9783774,54059344,4,0,0,84992,7,4974571644
5336,44276750,9681635,53958385,6,0,0,52224,19,2145283118
5337,44281330,8753455,53034785,5,0,0,17408,10,2150030581
5338,44296171,9604627,53900798,9,0,0,20480,17,447755993
5339,44302030,8724886,53026916,5,0,0,1536,10,8123032957
5340,44321900,9363739,53685639,8,0,0,8192,13,1555289775
5341,44327690,9483365,53811055,0,0,0,37376,17,6416298175
5342,44338070,8927345,53265415,2,0,0,6656,18,9427066474
5343,44342880,9268350,53611230,6,0,0,15360,19,8671584164
5344,44349470,8599505,52948975,7,0,0,5632,19,1246864678
5345,44357570,8914282,53271852,2,0,0,14336,18,1830513180
5346,44358120,9415848,53773968,5,0,0,109568,10,4769908574
5347,44361380,8825071,53186451,7,0,0,20992,19,7413206139
5348,44363350,10278620,54641970,8,0,0,45568,13,4337249477
5349,44377569,27587564,71965133,2,0,1,10240,18,4821438657
5350,44390080,9541051,53931131,8,0,0,9216,13,5147265753
5351,44402090,8633358,53035448,5,0,0,2048,10,2668267886
5352,44423400,8926234,53349634,2,0,0,34304,18,4881294151
5353,44423490,9466030,53889520,7,0,0,13824,19,5158813612
5354,44436150,9658163,54094313,6,0,0,14336,19,318363310
5355,44461690,9018953,53480643,5,0,0,3584,10,569492311
5356,44476080,8996717,53472797,0,0,0,67584,17,349058099
5357,44476541,9556884,54033425,9,0,0,27136,17,2028880922
5358,44492231,8858518,53350749,9,0,0,3584,17,6275685533
5359,44503090,27551046,72054136,9,0,1,6656,17,7535360284
5360,44507519,27560593,72068112,2,0,1,7680,18,9636321610
5361,44507820,10423709,54931529,2,0,0,33792,18,8634630800
5362,44527030,9322304,53849334,2,0,0,21504,18,9291244646
5363,44541580,27646924,72188504,1,0,1,14848,0,7639349336
5364,44547930,8725193,53273123,0,0,0,4096,17,835196469
5365,44553170,9096980,53650150,4,0,0,36352,7,690005095
5366,44557119,27728424,72285543,5,0,1,13312,10,8220978067
5367,44579390,9161171,53740561,7,0,0,54784,19,5284951779
5368,44586619,27771681,72358300,5,0,1,1536,10,8298771977
5369,44602680,9036371,53639051,4,0,0,37376,7,3481019926
5370,44609030,9308487,53917517,5,0,0,34304,10,3062681763
5371,44612150,9357357,53969507,5,0,0,4096,10,9197356530
5372,44616520,9461647,54078167,2,0,0,14336,18,7777476570
5373,44622381,8682021,53304402,1,0,0,4096,0,5930230291
5374,44625730,9076077,53701807,5,0,0,12800,10,4386242140
5375,44645070,9137501,53782571,6,0,0,28160,19,5160204070
5376,44658870,9140774,53799644,5,0,0,6144,10,7016390216
5377,44669830,27747210,72417040,1,0,1,28672,0,5083196971
5378,44676860,9179112,53855972,2,0,0,9728,18,1737477268
5379,44680140,9479707,54159847,2,0,0,56320,18,9497809336
5380,44709811,8838828,53548639,9,0,0,21504,17,5550675808
5381,44764260,9087749,53852009,6,0,0,8704,19,9346049367
5382,44780550,9302343,54082893,0,0,0,4096,17,3552162831
5383,44782490,8651331,53433821,3,0,0,12288,13,6623368961
5384,44783400,9512125,54295525,7,0,0,25088,19,7354773876
5385,44784030,9110505,53894535,2,0,0,16384,18,2658762341
5386,44784760,9426283,54211043,6,0,0,38400,19,2917369286
5387,44787070,8996460,53783530,8,0,0,3072,13,3018987013
5388,44792511,9196604,53989115,1,0,0,31232,0,10428921993
5389,44805300,10222009,55027309,8,0,0,20992,13,3931440087
5390,44808460,9199935,54008395,0,0,0,4608,17,1276585242
5391,44863621,9234227,54097848,1,0,0,1536,0,10332767153
5392,44885270,9188498,54073768,2,0,0,6144,18,6420590972
5393,44887110,9353126,54240236,2,0,0,9216,18,4457810660
5394,44892090,9031664,53923754,2,0,0,12800,18,5951764317
5395,44892789,27626253,72519042,5,0,1,18432,10,6917745559
5396,44908780,10250787,55159567,7,0,0,80896,19,847461938
5397,44921790,8761330,53683120,5,0,0,3072,10,5008957482
5398,44926001,9063449,53989450,9,0,0,1024,17,9143115954
5399,44928350,10398052,55326402,8,0,0,9216,13,6724485557
5400,44942260,9342256,54284516,0,0,0,18432,17,782078437
5401,44949120,27641218,72590338,1,0,1,2048,0,9313800531
5402,44956430,27820889,72777319,8,0,1,46080,13,4685825003
5403,44957860,9040455,53998315,2,0,0,10752,18,1535406181
5404,44964590,9117032,54081622,0,0,0,11264,17,7920898216
5405,44974820,9379602,54354422,2,0,0,14848,18,1489793220
5406,44978760,9088594,54067354,6,0,0,22016,19,10120062346
5407,44986960,27790382,72777342,1,0,1,4096,0,6709499416
5408,44998039,27878107,72876146,5,0,1,9728,10,5131108630
5409,45001230,9605571,54606801,2,0,0,66048,18,3883756325
5410,45007601,8960635,53968236,1,0,0,32256,0,6925690582
5411,45015940,8826819,53842759,0,0,0,26112,17,6130500293
5412,45016870,9055003,54071873,0,0,0,11264,17,7671299765
5413,45022580,9156813,54179393,6,0,0,61440,19,5490600336
5414,45031590,9296530,54328120,2,0,0,9728,18,10605731836
5415,45031799,27880850,72912649,0,0,1,15360,17,2776448123
5416,45041431,9617566,54658997,9,0,0,55808,17,602247945
5417,45048600,9317539,54366139,0,0,0,3584,17,8617004635
5418,45052539,27909083,72961622,0,0,1,14336,17,10131282920
5419,45063700,27897945,72961645,1,0,1,1536,0,9406392594
5420,45066160,8994463,54060623,6,0,0,4096,19,2977138492
5421,45066271,9625522,54691793,9,0,0,10240,17,131448467
5422,45083010,9077640,54160650,8,0,0,2560,13,7156528056
5423,45091620,27870228,72961848,7,0,1,2048,19,5602645723
5424,45121960,9009707,54131667,2,0,0,6144,18,1490823239
5425,45122000,9114705,54236705,7,0,0,512,19,5151497673
5426,45134420,9064618,54199038,4,0,0,19968,7,6451639163
5427,45134920,27829834,72964754,7,0,1,4608,19,6111605631
5428,45146091,9697985,54844076,9,0,0,2048,17,1432088222
5429,45148860,9062362,54211222,7,0,0,512,19,3327663415
5430,45164961,9184756,54349717,9,0,0,46592,17,187276080
5431,45170520,10277956,55448476,5,0,0,29696,10,7294290350
5432,45171790,9544518,54716308,7,0,0,80384,19,5310573271
5433,45184440,9359260,54543700,8,0,0,76288,13,5017786044
5434,45198750,8987460,54186210,2,0,0,3072,18,1903755168
5435,45200500,9156322,54356822,0,0,0,2560,17,2868870907
5436,45203321,27775574,72978895,6,0,1,3072,19,8961166157
5437,45203750,9012513,54216263,4,0,0,5120,7,7939797182
5438,45208800,9208219,54417019,6,0,0,49664,19,706457676
5439,45216630,9093247,54309877,7,0,0,6656,19,8293452710
5440,45221960,9551567,54773527,5,0,0,13824,10,625721582
5441,45222021,27836004,73058025,6,0,1,1024,19,2067097485
5442,45227000,9098133,54325133,8,0,0,23552,13,7386371239
5443,45240740,27889984,73130724,9,0,1,19456,17,10523660165
5444,45246290,9272568,54518858,0,0,0,64000,17,9385443391
5445,45264900,27932199,73197099,8,0,1,512,13,2574447326
5446,45266349,27930773,73197122,2,0,1,7680,18,1032188079
5447,45266571,9320075,54586646,9,0,0,108544,17,6731534957
5448,45271220,9454221,54725441,7,0,0,11264,19,9502134873
5449,45271351,9718534,54989885,1,0,0,56832,0,393290934
5450,45291520,27905625,73197145,3,0,1,4608,13,6219814582
5451,45297181,9440482,54737663,1,0,0,24576,0,6099458893
5452,45298100,9364086,54662186,8,0,0,3072,13,4486491725
5453,45332690,9220861,54553551,4,0,0,32256,7,2439321396
5454,45337890,9287498,54625388,0,0,0,60928,17,9378171133
5455,45354840,9412852,54767692,6,0,0,17408,19,9193145891
5456,45355110,9562801,54917911,8,0,0,76800,13,1982285292
5457,45359820,9361363,54721183,2,0,0,15872,18,5081451803
5458,45374660,9519828,54894488,4,0,0,45568,7,6192210711
5459,45394130,27838696,73232826,7,0,1,12288,19,7625356410
5460,45405141,9357224,54762365,9,0,0,35840,17,1765379010
5461,45408000,9343414,54751414,5,0,0,45056,10,501488457
5462,45423850,9406118,54829968,2,0,0,22016,18,1857231010
5463,45432790,9255837,54688627,0,0,0,47104,17,7890773669
5464,45434060,27890013,73324073,9,0,1,512,17,2746835640
5465,45438250,9556026,54994276,6,0,0,14336,19,9635968174
5466,45441240,9219987,54661227,6,0,0,4096,19,7825782563
5467,45445200,9229044,54674244,2,0,0,39424,18,5147971398
5468,45455140,9329655,54784795,8,0,0,9216,13,8512305507
5469,45461540,27868663,73330203,1,0,1,4608,0,6632935211
5470,45468320,9736025,55204345,0,0,0,15872,17,3081789270
5471,45505350,9216636,54721986,0,0,0,2560,17,1200926009
5472,45517561,27812673,73330234,6,0,1,4608,19,8351559154
5473,45527920,9202232,54730152,6,0,0,15360,19,6265911779
5474,45528200,27802057,73330257,1,0,1,4608,0,2554060674
5475,45533890,9094173,54628063,8,0,0,8704,13,4360773090
5476,45539730,27860612,73400342,1,0,1,3072,0,3030799724
5477,45544350,9115606,54659956,8,0,0,3072,13,1018228550
5478,45545200,27855165,73400365,3,0,1,2048,13,6687120093
5479,45553511,9255397,54808908,1,0,0,18432,0,4870000056
5480,45570199,27841145,73411344,0,0,1,11264,17,3551308492
5481,45600520,9510514,55111034,5,0,0,8704,10,10253356597
5482,45600850,9645377,55246227,8,0,0,28160,13,6999585083
5483,45607360,9313850,54921210,7,0,0,10752,19,5896232091
5484,45607970,27808200,73416170,1,0,1,7680,0,5177023803
5485,45610921,9588565,55199486,1,0,0,35328,0,8106004823
5486,45613790,9320652,54934442,2,0,0,9216,18,435786571
5487,45617080,27963977,73581057,7,0,1,6144,19,8170798341
5488,45618839,9567161,55186000,5,0,0,61440,10,5268844902
5489,45629020,9245942,54874962,0,0,0,1024,17,3324840075
5490,45637210,28053495,73690705,1,0,1,24064,0,7427244183
5491,45648470,9435274,55083744,4,0,0,11264,7,1154958527
5492,45652711,9390868,55043579,1,0,0,1024,0,7627213945
5493,45653839,28036889,73690728,2,0,1,5120,18,7000087870
5494,45658000,9456824,55114824,6,0,0,12288,19,2280953541
5495,45660889,9358349,55019238,5,0,0,7168,10,934285195
5496,45661310,9554725,55216035,8,0,0,12288,13,1529343277
5497,45677859,9782028,55459887,5,0,0,37376,10,4087661628
5498,45682990,9368281,55051271,8,0,0,5120,13,4105075193
5499,45685509,28055987,73741496,5,0,1,1024,10,1014173022
5500,45688271,9274911,54963182,9,0,0,12800,17,3751952696
5501,45734361,9692830,55427191,9,0,0,85504,17,9952075922
5502,45743130,9337159,55080289,8,0,0,10752,13,4338087328
5503,45765060,9244501,55009561,4,0,0,3072,7,10676856514
5504,45767270,9494945,55262215,6,0,0,25600,19,5522259170
5505,45770431,9588365,55358796,1,0,0,41984,0,4662476038
5506,45788530,9422710,55211240,7,0,0,22528,19,5384817042
5507,45790030,9555951,55345981,8,0,0,62464,13,4124958608
5508,45802810,9282507,55085317,8,0,0,2048,13,8091774373
5509,45803920,9384779,55188699,8,0,0,8704,13,2936455914
5510,45818570,9665393,55483963,6,0,0,8704,19,4562941147
5511,45838590,9373678,55212268,0,0,0,3072,17,1861547125
5512,45857940,27910302,73768242,8,0,1,4608,13,3565757813
5513,45877940,9682641,55560581,4,0,0,25088,7,8589139666
5514,45879810,27905090,73784900,9,0,1,16896,17,2086271408
5515,45895251,9272006,55167257,1,0,0,25088,0,441687587
5516,45897700,27912248,73809948,8,0,1,5120,13,10624254937
5517,45901221,9766984,55668205,1,0,0,1024,0,3865727414
5518,45904840,9671254,55576094,0,0,0,18432,17,5162052266
5519,45911420,27916920,73828340,7,0,1,10752,19,189275642
5520,45924730,9369526,55294256,2,0,0,47104,18,7790421219
5521,45945340,9639162,55584502,2,0,0,23040,18,4927227990
5522,45946149,9416650,55362799,5,0,0,5632,10,10572151539
5523,45956040,9781323,55737363,4,0,0,29184,7,2565056305
5524,45964040,9789632,55753672,5,0,0,34816,10,8641237665
5525,45969771,27986521,73956292,6,0,1,512,19,7510989332
5526,45969850,9404632,55374482,8,0,0,16896,13,884161586
5527,45973451,9420462,55393913,1,0,0,32256,0,4699111203
5528,45975420,9463985,55439405,8,0,0,23552,13,1496452187
5529,45983079,27973236,73956315,2,0,1,5632,18,7473390831
5530,45983980,9568934,55552914,7,0,0,58880,19,5805964635
5531,45987480,9576564,55564044,7,0,0,11264,19,4717266469
5532,46001290,9459743,55461033,4,0,0,3584,7,2823903899
5533,46006780,9861712,55868492,2,0,0,6656,18,8601966293
5534,46029430,9233120,55262550,7,0,0,1024,19,5787999749
5535,46029599,27967906,73997505,0,0,1,5120,17,7805413400
5536,46038039,9809675,55847714,5,0,0,7168,10,3384963926
5537,46058310,27941141,73999451,1,0,1,3072,0,9071073174
5538,46081749,28094995,74176744,0,0,1,11264,17,8510703568
5539,46095980,28083670,74179650,9,0,1,4608,17,2835408256
5540,46108440,28075716,74184156,1,0,1,7168,0,3713041350
5541,46117159,28135706,74252865,0,0,1,2048,17,1319016861
5542,46124250,9380305,55504555,5,0,0,10752,10,7641660085
5543,46149340,28103548,74252888,7,0,1,1024,19,10506027538
5544,46151450,9748230,55899680,4,0,0,10240,7,6670140744
5545,46151790,9372278,55524068,0,0,0,42496,17,7017023464
5546,46162151,9215648,55377799,1,0,0,9728,0,1988634879
5547,46164641,9605000,55769641,1,0,0,16384,0,8304400633
5548,46172380,9211682,55384062,5,0,0,20480,10,3564384889
5549,46174839,28131227,74306066,2,0,1,23040,18,4520364318
5550,46175341,9302142,55477483,1,0,0,2560,0,4337802189
5551,46186140,9246066,55432206,6,0,0,16384,19,3388436353
5552,46199140,9285314,55484454,5,0,0,1536,10,10334751518
5553,46223440,9302367,55525807,6,0,0,5632,19,8480452018
5554,46227490,9548840,55776330,0,0,0,11776,17,6618640007
5555,46228921,9438949,55667870,9,0,0,74752,17,7106038751
5556,46250660,9607810,55858470,0,0,0,22528,17,9819222756
5557,46255561,9448638,55704199,9,0,0,45568,17,9268393384
5558,46256411,9472037,55728448,9,0,0,16384,17,4559648405
5559,46257900,9465533,55723433,6,0,0,62976,19,10290983468
5560,46272899,28033190,74306089,5,0,1,2560,10,2327155454
5561,46275460,9290167,55565627,6,0,0,5120,19,6621643472
5562,46280019,9463006,55743025,5,0,0,18432,10,5239745008
5563,46281390,9557912,55839302,4,0,0,15872,7,3011879218
5564,46283060,9520459,55803519,6,0,0,2560,19,7979526683
5565,46292169,28092280,74384449,2,0,1,22528,18,3419912021
5566,46298360,9684075,55982435,4,0,0,512,7,9816489313
5567,46298470,9510019,55808489,2,0,0,15872,18,3110779983
5568,46306360,9448903,55755263,0,0,0,5120,17,9640873632
5569,46325730,28182432,74508162,3,0,1,21504,13,10723763484
5570,46328139,28180046,74508185,2,0,1,3072,18,2439317030
5571,46337739,9448006,55785745,5,0,0,14848,10,5113944171
5572,46342330,9445636,55787966,2,0,0,5632,18,9136029620
5573,46343690,28507394,74851084,3,0,1,44544,13,3571719822
5574,46345620,9930786,56276406,6,0,0,25088,19,6781537741
5575,46357880,9423318,55781198,8,0,0,3584,13,3521106630
5576,46358849,28521592,74880441,5,0,1,7168,10,2878543557
5577,46372189,28508275,74880464,2,0,1,3072,18,6442015882
5578,46372279,28570006,74942285,2,0,1,5632,18,4249763136
5579,46375550,28566766,74942316,7,0,1,8192,19,5575102433
5580,46376050,9444943,55820993,6,0,0,16384,19,2999363333
5581,46399181,9699581,56098762,9,0,0,12288,17,6507624872
5582,46399421,9435022,55834443,1,0,0,13312,0,1156563960
5583,46414550,9492760,55907310,6,0,0,21504,19,6317010651
5584,46415940,28539945,74955885,3,0,1,15360,13,929561389
5585,46442820,28533320,74976140,7,0,1,12288,19,9182406259
5586,46446090,9472577,55918667,0,0,0,10240,17,3366178936
5587,46503360,9737568,56240928,8,0,0,48640,13,4347422990
5588,46523321,9503352,56026673,1,0,0,37376,0,1724188072
5589,46531970,9563025,56094995,2,0,0,23552,18,2157197010
5590,46541371,9723418,56264789,9,0,0,12288,17,2553533120
5591,46549730,28467218,75016948,9,0,1,25600,17,6947614570
5592,46556190,28531077,75087267,4,0,1,5120,7,4312967719
5593,46560620,28529873,75090493,1,0,1,5120,0,7297570030
5594,46568631,9748525,56317156,9,0,0,17408,17,7156297612
5595,46582950,9446554,56029504,0,0,0,9216,17,9627862204
5596,46592610,10013923,56606533,8,0,0,49664,13,1959086563
5597,46617990,9602344,56220334,4,0,0,13312,7,7082592407
5598,46630320,9804047,56434367,2,0,0,7680,18,6914169037
5599,46630801,10091255,56722056,1,0,0,39936,0,1788856403
5600,46657151,9553395,56210546,1,0,0,7680,0,8006434564
5601,46668609,28487394,75156003,2,0,1,2048,18,1258881123
5602,46681520,9881467,56562987,7,0,0,48128,19,7015268889
5603,46688250,9805456,56493706,0,0,0,8192,17,4862076944
5604,46696800,28459226,75156026,3,0,1,14848,13,8276504606
5605,46703651,28524312,75227963,6,0,1,4096,19,4363187606
5606,46713940,9672997,56386937,8,0,0,20480,13,2778371898
5607,46718240,28776071,75494311,8,0,1,1536,13,3012842167
5608,46751309,9640956,56392265,5,0,0,11776,10,4917221062
5609,46753180,9627494,56380674,7,0,0,67584,19,10467117105
5610,46756769,28761259,75518028,5,0,1,19456,10,2368916192
5611,46767639,10146147,56913786,5,0,0,28672,10,4399067837
5612,46769610,9636057,56405667,8,0,0,34816,13,2992793504
5613,46778189,10034160,56812349,5,0,0,113152,10,7066529566
5614,46779090,9395443,56174533,2,0,0,62976,18,9080661247
5615,46780960,9767340,56548300,8,0,0,40448,13,4544615582
5616,46783170,9459185,56242355,8,0,0,4608,13,1321551959
5617,46787990,28731984,75519974,8,0,1,3072,13,10013780133
5618,46792980,9698207,56491187,4,0,0,37888,7,1453190352
5619,46802861,9458161,56261022,9,0,0,1024,17,468923268
5620,46803230,9848273,56651503,0,0,0,15360,17,9686770475
5621,46824151,9946188,56770339,9,0,0,56832,17,2354797302
5622,46829290,10054851,56884141,7,0,0,1024,19,1323630662
5623,46830931,9384029,56214960,1,0,0,12288,0,9261497225
5624,46835679,9777897,56613576,5,0,0,23040,10,1799461034
5625,46840540,10494259,57334799,0,0,0,15872,17,303711317
5626,46850380,10033426,56883806,4,0,0,92672,7,6349321763
5627,46853720,9259400,56113120,3,0,0,20480,13,4344818575
5628,46863080,9959954,56823034,0,0,0,19456,17,10554462355
5629,46871810,28651390,75523200,3,0,1,5120,13,6279770124
5630,46886760,10118239,57004999,3,0,0,62464,13,5250711815
5631,46889880,9798185,56688065,6,0,0,16384,19,5153143978
5632,46896470,9326071,56222541,4,0,0,7168,7,941349494
5633,46934890,9759126,56694016,8,0,0,19456,13,10334238437
5634,46952140,9708359,56660499,7,0,0,22016,19,10671757283
5635,46969870,9847190,56817060,0,0,0,15360,17,8349980703
5636,46971350,9806500,56777850,2,0,0,24576,18,4242840718
5637,46972280,9281867,56254147,4,0,0,512,7,8767883553
5638,46979040,9556913,56535953,3,0,0,77824,13,558777648
5639,46983031,10304052,57287083,1,0,0,15872,0,4046589514
5640,46989380,9900625,56890005,7,0,0,18944,19,5861185119
5641,46989701,9580329,56570030,9,0,0,23040,17,3645167156
5642,46997761,9968625,56966386,1,0,0,6144,0,937116834
5643,47010821,9449329,56460150,9,0,0,7168,17,8526869194
5644,47016081,9441862,56457943,9,0,0,11776,17,9441274896
5645,47016700,28508766,75525466,9,0,1,3584,17,5875713601
5646,47020620,9943871,56964491,0,0,0,73728,17,4388991053
5647,47025680,10069655,57095335,7,0,0,18944,19,5728340289
5648,47045520,10011876,57057396,3,0,0,16896,13,10514888086
5649,47049770,10271989,57321759,8,0,0,32768,13,4844521821
5650,47059180,9998395,57057575,2,0,0,512,18,10005622700
5651,47077800,9627319,56705119,6,0,0,4096,19,6198406178
5652,47082750,10129034,57211784,4,0,0,35328,7,1721692999
5653,47086840,9881955,56968795,8,0,0,7680,13,3885362965
5654,47101439,9524138,56625577,5,0,0,16384,10,2619944978
5655,47102050,9802954,56905004,8,0,0,49152,13,10623363758
5656,47113890,9470475,56584365,3,0,0,40448,13,9734744027
5657,47117120,9555519,56672639,8,0,0,1024,13,881054405
5658,47124780,9552368,56677148,6,0,0,2048,19,1387891065
5659,47126309,28549639,75675948,5,0,1,12288,10,10423678253
5660,47135520,10370550,57506070,6,0,0,126976,19,1293741048
5661,47138690,10190268,57328958,4,0,0,23552,7,4753768801
5662,47149130,9859012,57008142,8,0,0,10240,13,9294938214
5663,47152559,28561700,75714259,5,0,1,5120,10,7397201492
5664,47158430,28559463,75717893,7,0,1,4608,19,8660329095
5665,47158800,10103515,57262315,8,0,0,40448,13,6279223553
5666,47159580,10018019,57177599,6,0,0,48640,19,5691049959
5667,47164470,9884761,57049231,7,0,0,13824,19,6982388005
5668,47165949,10126230,57292179,5,0,0,11776,10,6406624690
5669,47168650,10484256,57652906,8,0,0,47104,13,8029322918
5670,47176230,10436024,57612254,2,0,0,53248,18,3303823607
5671,47179110,10513421,57692531,8,0,0,59392,13,595179144
5672,47190631,9751373,56942004,1,0,0,29696,0,10035750563
5673,47203250,9991840,57195090,4,0,0,24064,7,8693038710
5674,47211040,10427491,57638531,2,0,0,17408,18,6514462977
5675,47218690,28499226,75717916,4,0,1,13312,7,873674657
5676,47222761,9757242,56980003,1,0,0,512,0,1815763974
5677,47229950,10006024,57235974,6,0,0,3072,19,6430687693
5678,47231740,10235619,57467359,6,0,0,90624,19,5297303902
5679,47232310,10170297,57402607,8,0,0,4608,13,2762485818
5680,47237120,28653969,75891089,3,0,1,30208,13,9425517528
5681,47245120,10540001,57785121,3,0,0,21504,13,6180134293
5682,47245289,28700211,75945500,0,0,1,6656,17,7970163485
5683,47245650,10272455,57518105,7,0,0,39424,19,9879354888
5684,47258770,28686753,75945523,4,0,1,10752,7,8633307524
5685,47263690,10299332,57563022,3,0,0,18944,13,9766025055
5686,47284581,10303915,57588496,9,0,0,9728,17,9877892560
5687,47302821,9926629,57229450,9,0,0,13312,17,1175135263
5688,47310419,28726804,76037223,5,0,1,6144,10,850183900
5689,47316771,9925969,57242740,9,0,0,5120,17,6558584341
5690,47319240,10206613,57525853,4,0,0,9728,7,5810816300
5691,47322090,28715156,76037246,3,0,1,17920,13,4812010011
5692,47322830,10234397,57557227,0,0,0,80384,17,1375815022
5693,47336661,10337257,57673918,9,0,0,52736,17,1542669158
5694,47349710,10082048,57431758,3,0,0,7168,13,6933867996
5695,47353640,10066635,57420275,3,0,0,12800,13,3477618906
5696,47358149,28703884,76062033,0,0,1,4096,17,5998347338
5697,47359231,10533996,57893227,9,0,0,77824,17,8172964633
5698,47362950,9948802,57311752,3,0,0,30208,13,6692923364
5699,47383510,28688501,76072011,1,0,1,10240,0,3072411255
5700,47389280,10704150,58093430,2,0,0,73728,18,7146740939
5701,47417519,9823638,57241157,5,0,0,15872,10,4978800420
5702,47431871,9730885,57162756,1,0,0,20992,0,10049362375
5703,47445840,10332706,57778546,6,0,0,41472,19,629758508
5704,47448850,9752147,57200997,0,0,0,16896,17,9906255171
5705,47454270,10454112,57908382,7,0,0,49664,19,8026877610
5706,47466520,10265382,57731902,3,0,0,27136,13,4932625628
5707,47481030,28605563,76086593,1,0,1,1024,0,7237833032
5708,47493040,9836877,57329917,0,0,0,3072,17,8591799295
5709,47499519,9845329,57344848,5,0,0,12800,10,550005539
5710,47500400,10200734,57701134,8,0,0,28160,13,9730893280
5711,47506919,10278857,57785776,5,0,0,2048,10,9857479642
5712,47519679,28566937,76086616,0,0,1,512,17,7891100735
5713,47522609,28564030,76086639,5,0,1,1024,10,2020794450
5714,47524770,10197767,57722537,7,0,0,18432,19,2726523072
5715,47536289,28550373,76086662,5,0,1,13824,10,6225039002
5716,47538550,9737201,57275751,4,0,0,13312,7,4995646353
5717,47543951,10194682,57738633,1,0,0,22016,0,6117087046
5718,47548330,10105543,57653873,0,0,0,3072,17,1669528469
5719,47556320,28549419,76105739,4,0,1,2560,7,6220967442
5720,47575630,10568143,58143773,7,0,0,57856,19,9330987463
5721,47596819,10502874,58099693,5,0,0,20480,10,10484693905
5722,47598540,28577332,76175872,1,0,1,11776,0,6499006167
5723,47603200,10030004,57633204,7,0,0,24576,19,1207840048
5724,47610640,28568072,76178712,9,0,1,4608,17,3565176220
5725,47618700,9726795,57345495,3,0,0,2048,13,2462532243
5726,47625301,10406652,58031953,9,0,0,43008,17,10528189200
5727,47636720,10363202,57999922,2,0,0,8192,18,3517033384
5728,47636899,28544427,76181326,0,0,1,11264,17,64240965
5729,47638790,10017134,57655924,4,0,0,6656,7,2441545759
5730,47644479,28561936,76206415,2,0,1,9728,18,9207025398
5731,47645169,9940340,57585509,5,0,0,73728,10,5004620470
5732,47653701,28599308,76253009,6,0,1,9216,19,1311798496
5733,47657300,10354280,58011580,0,0,0,22528,17,7951748813
5734,47669009,10532640,58201649,5,0,0,32768,10,3563461490
5735,47669410,10313447,57982857,8,0,0,3584,13,227477290
5736,47677950,9918057,57596007,2,0,0,24576,18,9111750662
5737,47683880,10229361,57913241,7,0,0,15872,19,4519312772
5738,47706580,28666330,76372910,3,0,1,8704,13,379011041
5739,47725260,28685236,76410496,7,0,1,10752,19,4770241834
5740,47745880,10182147,57928027,3,0,0,30720,13,147983397
5741,47763659,10352616,58116275,5,0,0,8192,10,2990168251
5742,47767450,10453027,58220477,2,0,0,4096,18,9174785515
5743,47778630,28634772,76413402,4,0,1,4608,7,3855828612
5744,47781531,9844162,57625693,1,0,0,44032,0,3950337649
5745,47785960,10531334,58317294,3,0,0,35840,13,7377566132
5746,47792719,9865108,57657827,5,0,0,6144,10,3183850967
5747,47798170,10383465,58181635,7,0,0,18944,19,5134469186
5748,47805331,9898634,57703965,9,0,0,9216,17,859783265
5749,47810970,28667464,76478434,8,0,1,8192,13,7898194658
5750,47817809,28739623,76557432,2,0,1,1024,18,9444309129
5751,47822940,10812836,58635776,6,0,0,23552,19,8772936326
5752,47826150,10030577,57856727,2,0,0,11264,18,2262585002
5753,47829400,9973981,57803381,0,0,0,8704,17,6921845658
5754,47831240,10622767,58454007,8,0,0,19456,13,2877207475
5755,47838511,9871717,57710228,1,0,0,20480,0,9927148719
5756,47840081,9910907,57750988,1,0,0,40448,0,4611089175
5757,47840890,10483023,58323913,8,0,0,20992,13,8185609763
5758,47861040,9945641,57806681,7,0,0,3072,19,8745367536
5759,47873540,10191437,58064977,0,0,0,10240,17,9707030596
5760,47885280,10150619,58035899,4,0,0,10240,7,249135960
5761,47886420,10358638,58245058,4,0,0,34304,7,10023122321
5762,47895410,10086332,57981742,8,0,0,29184,13,9824611703
5763,47899781,10443694,58343475,9,0,0,62464,17,8388210106
5764,47900040,10839867,58739907,2,0,0,51200,18,2552260500
5765,47904080,28677989,76582069,7,0,1,9216,19,477031112
5766,47904889,28774409,76679298,0,0,1,13824,17,828436522
5767,47917000,10115756,58032756,3,0,0,2560,13,2564905385
5768,47925400,10532530,58457930,0,0,0,12800,17,2436502362
5769,47932690,28773003,76705693,8,0,1,16896,13,7180770451
5770,47935591,10358526,58294117,9,0,0,5632,17,4248223197
5771,47950620,10212971,58163591,4,0,0,32768,7,1314577850
5772,47960170,29017712,76977882,3,0,1,26112,13,6693990702
5773,47963130,9994298,57957428,8,0,0,26624,13,7074463610
5774,47966781,10247862,58214643,1,0,0,23040,0,1133472771
5775,47969979,10322353,58292332,5,0,0,43520,10,10610256165
5776,47973029,10234571,58207600,5,0,0,19456,10,6285454943
5777,47981440,10056214,58037654,3,0,0,5632,13,8573598579
5778,47983820,10207822,58191642,0,0,0,32768,17,7577681603
5779,47994170,29032205,77026375,9,0,1,2048,17,672053475
5780,47994250,10119506,58113756,4,0,0,46080,7,3969709561
5781,47999450,10414205,58413655,8,0,0,27136,13,3612960063
5782,48004690,29021708,77026398,3,0,1,11264,13,8633591070
5783,48004770,10140898,58145668,2,0,0,6144,18,3889476548
5784,48023090,10467554,58490644,4,0,0,31744,7,4040972086
5785,48025050,10194148,58219198,8,0,0,14848,13,5900095220
5786,48036089,29060127,77096216,0,0,1,5120,17,4310103369
5787,48036511,10336502,58373013,1,0,0,32256,0,1481993639
5788,48045851,10005418,58051269,1,0,0,11776,0,8481778429
5789,48051820,29045222,77097042,4,0,1,3072,7,8954756218
5790,48053310,10116076,58169386,4,0,0,18944,7,8889810533
5791,48056440,10536603,58593043,7,0,0,4608,19,4344961487
5792,48061210,10284160,58345370,2,0,0,6144,18,5643590907
5793,48077740,10543482,58621222,0,0,0,60928,17,7988709603
5794,48084911,10727314,58812225,9,0,0,5120,17,9676279450
5795,48091050,29006015,77097065,7,0,1,2560,19,7073999303
5796,48093370,10563084,58656454,7,0,0,40448,19,5710414826
5797,48095090,29001998,77097088,7,0,1,11264,19,2103144088
5798,48095660,29015959,77111619,4,0,1,6656,7,8545725835
5799,48103921,10409531,58513452,9,0,0,55296,17,7203879449
5800,48112870,10275563,58388433,4,0,0,12288,7,10467759853
5801,48122331,29048318,77170649,6,0,1,4096,19,2098574781
5802,48124700,10389734,58514434,7,0,0,512,19,2574507279
5803,48135030,10361551,58496581,4,0,0,15872,7,3038275943
5804,48168460,10293104,58461564,3,0,0,11776,13,2454557804
5805,48215740,10381226,58596966,2,0,0,12800,18,9325070161
5806,48219480,10338862,58558342,0,0,0,57344,17,7211201661
5807,48227169,10343676,58570845,5,0,0,40960,10,5609955330
5808,48241730,10453676,58695406,8,0,0,35840,13,809139623
5809,48244370,10698543,58942913,2,0,0,57856,18,7697102889
5810,48251500,10451105,58702605,3,0,0,23552,13,2662494722
5811,48253591,10194465,58448056,9,0,0,23040,17,3577375749
5812,48272831,28966102,77238933,6,0,1,33280,19,3336345639
5813,48273800,10521717,58795517,8,0,0,27648,13,8653331361
5814,48283719,28957800,77241519,0,0,1,4096,17,5509037581
5815,48291471,10300145,58591616,1,0,0,68096,0,5959706262
5816,48310970,10363425,58674395,0,0,0,7168,17,9754930172
5817,48335290,10178965,58514255,0,0,0,2560,17,7102433389
5818,48342561,28900264,77242825,6,0,1,2048,19,2264389155
5819,48384071,10244506,58628577,9,0,0,24064,17,8789824554
5820,48390360,10563987,58954347,3,0,0,31744,13,5942055068
5821,48418059,28826712,77244771,5,0,1,3072,10,9159504077
5822,48418880,10253039,58671919,8,0,0,8704,13,5838836332
5823,48433561,10317951,58751512,9,0,0,28672,17,595555872
5824,48465541,10601197,59066738,1,0,0,512,0,4444686502
5825,48467930,10339200,58807130,0,0,0,37888,17,70188154
5826,48492029,10709428,59201457,5,0,0,43008,10,6815711642
5827,48500070,10351192,58851262,2,0,0,67584,18,2808527270
5828,48511800,10861473,59373273,7,0,0,14848,19,66080426
5829,48515030,28761085,77276115,8,0,1,4096,13,10615435976
5830,48517990,9919739,58437729,0,0,0,3072,17,1910305415
5831,48529701,10253987,58783688,1,0,0,2048,0,2101904860
5832,48535220,28800193,77335413,7,0,1,26624,19,6470959565
5833,48537000,28808968,77345968,3,0,1,5632,13,4050683159
5834,48537159,10388103,58925262,5,0,0,27136,10,3139613495
5835,48567679,10497921,59065600,5,0,0,42496,10,9334572449
5836,48580420,10419815,59000235,2,0,0,31232,18,4473029302
5837,48589330,10301464,58890794,4,0,0,4608,7,803306213
5838,48594590,10458039,59052629,0,0,0,1536,17,964966345
5839,48624420,10424419,59048839,2,0,0,45056,18,4869771014
5840,48626331,10578737,59205068,1,0,0,11776,0,1420029116
5841,48630100,10243489,58873589,8,0,0,12288,13,3423352326
5842,48635600,10470583,59106183,3,0,0,8704,13,7515605149
5843,48635999,28717971,77353970,0,0,1,4608,17,9072165057
5844,48636791,10141586,58778377,1,0,0,7680,0,6047847248
5845,48678430,10704778,59383208,3,0,0,25088,13,2986752748
5846,48703370,10604605,59307975,7,0,0,18432,19,4611217
5847,48707279,28646714,77353993,0,0,1,6656,17,7245004235
5848,48710100,10521823,59231923,0,0,0,88064,17,5481785169
5849,48727950,10406250,59134200,2,0,0,34816,18,6219954214
5850,48730410,10321728,59052138,2,0,0,10752,18,5832973660
5851,48743060,10220826,58963886,8,0,0,31232,13,1724225564
5852,48750940,10113477,58864417,8,0,0,2048,13,5226121855
5853,48753630,10394633,59148263,4,0,0,46080,7,4073638295
5854,48761660,28698212,77459872,1,0,1,512,0,8659859250
5855,48762570,10588653,59351223,8,0,0,55296,13,3614756327
5856,48763330,10484147,59247477,0,0,0,12288,17,10106384885
5857,48769770,28690125,77459895,9,0,1,3072,17,753675332
5858,48773840,28690001,77463841,4,0,1,12288,7,3763242107
5859,48780400,10246124,59026524,2,0,0,35840,18,3748637528
5860,48785750,10648862,59434612,2,0,0,7168,18,1603232436
5861,48797570,28689956,77487526,3,0,1,512,13,6747249818
5862,48812991,10017386,58830377,1,0,0,1536,0,1080098571
5863,48822311,10984158,59806469,1,0,0,62464,0,6615217552
5864,48824210,10278741,59102951,4,0,0,8192,7,921322871
5865,48826960,10273472,59100432,7,0,0,39936,19,7339887358
5866,48832439,10350614,59183053,5,0,0,11776,10,8424026240
5867,48838650,11001564,59840214,2,0,0,18944,18,10312950714
5868,48840861,10395453,59236314,9,0,0,14336,17,3038702440
5869,48847370,10795118,59642488,0,0,0,36864,17,4823305854
5870,48848660,10217899,59066559,8,0,0,3072,13,6860809156
5871,48849751,10577635,59427386,9,0,0,12288,17,3686093372
5872,48856609,10088043,58944652,5,0,0,5632,10,2837708107
5873,48861030,10514511,59375541,7,0,0,7168,19,7055702930
5874,48862840,10416018,59278858,7,0,0,35328,19,5967409023
5875,48866349,10283809,59150158,5,0,0,6144,10,8431975860
5876,48870310,11206420,60076730,8,0,0,8192,13,4829732519
5877,48879860,11004819,59884679,7,0,0,66560,19,10577692957
5878,48891590,10459968,59351558,0,0,0,1024,17,1826265926
5879,48894260,28605257,77499517,7,0,1,512,19,6151596979
5880,48903890,10364181,59268071,8,0,0,40448,13,3478739138
5881,48906390,10517229,59423619,7,0,0,29696,19,6778403805
5882,48909220,10278861,59188081,7,0,0,3072,19,988076415
5883,48916419,10375974,59292393,5,0,0,29696,10,6724081172
5884,48916591,28636914,77553505,6,0,1,6656,19,7193980597
5885,48920330,10678634,59598964,4,0,0,22016,7,7701396670
5886,48925460,10660827,59586287,8,0,0,1536,13,9890307274
5887,48926451,10156077,59082528,1,0,0,512,0,5542599270
5888,48935550,10477103,59412653,2,0,0,9728,18,1168458437
5889,48936091,10783434,59719525,9,0,0,21504,17,6518910829
5890,48936849,10572711,59509560,5,0,0,67584,10,7942925785
5891,48949710,10522803,59472513,3,0,0,32768,13,4214794670
5892,48959350,28700970,77660320,4,0,1,2560,7,4362404704
5893,48960450,10623409,59583859,2,0,0,21504,18,3436294879
5894,48965811,10609353,59575164,9,0,0,71168,17,9931910382
5895,48972239,11232757,60204996,5,0,0,43008,10,2408393071
5896,48979450,10423935,59403385,2,0,0,7680,18,9769478496
5897,48984689,10698823,59683512,5,0,0,8704,10,5204005882
5898,48989010,10667736,59656746,3,0,0,35328,13,7293481008
5899,48993590,10463351,59456941,8,0,0,18944,13,4006242683
5900,49006669,10906197,59912866,5,0,0,20480,10,9537506798
5901,49049230,10874579,59923809,8,0,0,35840,13,4651168878
5902,49053209,10566884,59620093,5,0,0,38400,10,291287938
5903,49053890,28615118,77669008,8,0,1,9216,13,6975454321
5904,49058040,28612248,77670288,7,0,1,14336,19,1792552088
5905,49081890,28748686,77830576,8,0,1,19456,13,3956130815
5906,49092160,10485055,59577215,0,0,0,6656,17,6724452720
5907,49102349,10503502,59605851,5,0,0,22528,10,5326087505
5908,49133250,10609073,59742323,6,0,0,47616,19,7540124612
5909,49133620,10709760,59843380,8,0,0,9728,13,10004802000
5910,49147140,10759299,59906439,2,0,0,1536,18,5763161698
5911,49165930,10653132,59819062,6,0,0,10240,19,10621033809
5912,49167091,10869121,60036212,1,0,0,22528,0,2474902430
5913,49170309,28660290,77830599,2,0,1,12288,18,8497686045
5914,49174269,10360648,59534917,5,0,0,3584,10,8630226299
5915,49175770,10935825,60111595,8,0,0,43008,13,405038521
5916,49194821,11020190,60215011,1,0,0,32768,0,3804626650
5917,49199280,10424657,59623937,6,0,0,12288,19,7891265911
5918,49199999,28630623,77830622,2,0,1,4608,18,509650947
5919,49213420,10473237,59686657,2,0,0,1536,18,4177186586
5920,49220440,10257712,59478152,3,0,0,18432,13,8773737223
5921,49230880,10737099,59967979,0,0,0,2560,17,8368295225
5922,49234920,10863548,60098468,8,0,0,8192,13,1422845626
5923,49241659,11127396,60369055,5,0,0,28672,10,1703111124
5924,49261351,10512876,59774227,1,0,0,18432,0,7947945328
5925,49274521,10383363,59657884,1,0,0,1024,0,4945592797
5926,49283650,10967021,60250671,7,0,0,1536,19,5260954286
5927,49283791,10857685,60141476,1,0,0,17920,0,4121155726
5928,49286750,11174578,60461328,4,0,0,64000,7,349651934
5929,49290760,10549633,59840393,0,0,0,512,17,9320561977
5930,49296720,10384117,59680837,6,0,0,25600,19,1901381504
5931,49316960,10816529,60133489,2,0,0,36864,18,1231394886
5932,49318190,10459975,59778165,0,0,0,512,17,5059346228
5933,49333760,11058639,60392399,0,0,0,65536,17,10117817641
5934,49340750,11005025,60345775,6,0,0,74240,19,8365653663
5935,49352920,10312182,59665102,2,0,0,4096,18,6264710308
5936,49354550,10253820,59608370,6,0,0,8192,19,10433053802
5937,49355660,11016725,60372385,2,0,0,10752,18,5368367663
5938,49379869,11025936,60405805,5,0,0,28160,10,2291012522
5939,49392691,10471685,59864376,1,0,0,13824,0,204223584
5940,49413080,10244469,59657549,7,0,0,2560,19,10129835806
5941,49413630,11102090,60515720,4,0,0,28672,7,6537351039
5942,49416710,10390874,59807584,0,0,0,3584,17,684571901
5943,49424410,28407616,77832026,3,0,1,6144,13,7746610787
5944,49440470,10494539,59935009,8,0,0,35840,13,6499780186
5945,49452171,10407970,59860141,9,0,0,34304,17,2757416127
5946,49454540,10806762,60261302,4,0,0,34816,7,5410004568
5947,49465869,10368550,59834419,5,0,0,14336,10,7587591272
5948,49474851,10775329,60250180,1,0,0,83968,0,7258257842
5949,49478391,10694399,60172790,1,0,0,10240,0,5080028370
5950,49480410,28413442,77893852,1,0,1,13824,0,3286476874
5951,49482421,28411454,77893875,6,0,1,4096,19,6702766657
5952,49482610,10412367,59894977,8,0,0,27648,13,1660285154
5953,49485680,11322221,60807901,7,0,0,45568,19,9556685427
5954,49487621,11235540,60723161,9,0,0,28672,17,6571014540
5955,49506310,10589631,60095941,6,0,0,62976,19,2628751819
5956,49508980,28473954,77982934,8,0,1,10240,13,1422404483
5957,49525359,28461677,77987036,0,0,1,15360,17,6703299083
5958,49553501,10229584,59783085,9,0,0,1536,17,4193788972
5959,49561840,10560386,60122226,0,0,0,34816,17,4561248568
5960,49574040,11014890,60588930,3,0,0,48128,13,9063810060
5961,49576380,11129342,60705722,4,0,0,26624,7,9111579800
5962,49577041,10643453,60220494,1,0,0,17920,0,9007124218
5963,49597010,28390065,77987075,3,0,1,3072,13,3716556861
5964,49602860,10440623,60043483,0,0,0,2560,17,4180921753
5965,49618891,28370738,77989629,6,0,1,4096,19,5135581112
5966,49626950,28363665,77990615,1,0,1,1536,0,4954063296
5967,49630830,10683769,60314599,4,0,0,11264,7,3270184418
5968,49633530,10385530,60019060,2,0,0,28672,18,4138131743
5969,49639720,10926582,60566302,4,0,0,11264,7,2267207401
5970,49641831,10641383,60283214,9,0,0,1536,17,9945654339
5971,49652060,10356907,60008967,7,0,0,3072,19,9869352552
5972,49653310,11682786,61336096,2,0,0,62976,18,6417291686
5973,49656350,10505686,60162036,4,0,0,22016,7,1958517962
5974,49657631,28333855,77991486,6,0,1,12288,19,2718574776
5975,49677210,28486898,78164108,4,0,1,39936,7,8263424824
5976,49721900,10826660,60548560,6,0,0,17920,19,3217829231
5977,49732620,11290089,61022709,2,0,0,22016,18,3107780518
5978,49735420,10209908,59945328,0,0,0,9728,17,10062283439
5979,49757831,10905810,60663641,9,0,0,15872,17,935003322
5980,49766230,11630028,61396258,0,0,0,12288,17,99002014
5981,49766870,10962429,60729299,0,0,0,3072,17,3431690537
5982,49767590,10387135,60154725,4,0,0,26624,7,5172316012
5983,49768470,28508159,78276629,1,0,1,4096,0,9667639415
5984,49788650,10251641,60040291,8,0,0,13312,13,263920006
5985,49790600,10433973,60224573,3,0,0,13312,13,10372926508
5986,49801000,10829046,60630046,2,0,0,40960,18,2425326332
5987,49803579,11084657,60888236,5,0,0,15360,10,8877214734
5988,49815021,10913311,60728332,1,0,0,16896,0,10149413216
5989,49817719,10532603,60350322,5,0,0,14848,10,4591247640
5990,49830679,28449782,78280461,2,0,1,6144,18,5338706652
5991,49844280,10347589,60191869,0,0,0,29696,17,766576485
5992,49851900,28449628,78301528,9,0,1,8192,17,1084116612
5993,49858500,10406577,60265077,3,0,0,12288,13,6123702304
5994,49860239,28496575,78356814,2,0,1,512,18,2562871945
5995,49869560,10941640,60811200,6,0,0,10752,19,9312061541
5996,49877750,10916244,60793994,3,0,0,4608,13,1108260908
5997,49887260,10433776,60321036,3,0,0,10752,13,2181064304
5998,49904180,10492508,60396688,2,0,0,8192,18,8195535415
5999,49919780,28437057,78356837,9,0,1,2560,17,7700974124
6000,49922070,10667663,60589733,3,0,0,2560,13,5565769219
6001,49937171,11050755,60987926,9,0,0,8704,17,7376211728
6002,49938020,10679188,60617208,4,0,0,44032,7,727614270
6003,49952899,28403961,78356860,0,0,1,9216,17,5363513841
6004,49984440,10724113,60708553,4,0,0,9216,7,9146308319
6005,49994180,10399989,60394169,8,0,0,5632,13,7360850943
6006,49994820,10739026,60733846,7,0,0,14848,19,2237579510
6007,49995681,28428571,78424252,6,0,1,22016,19,8843404519
6008,50003900,28565313,78569213,1,0,1,17408,0,8216284285
6009,50011829,11179259,61191088,5,0,0,14848,10,8468002864
6010,50018480,10893497,60911977,8,0,0,14336,13,4917694038
6011,50038899,28530337,78569236,5,0,1,3584,10,5506045359
6012,50039160,10733510,60772670,3,0,0,22528,13,259784009
6013,50061000,10372584,60433584,8,0,0,19968,13,10736886896
6014,50062191,11040944,61103135,9,0,0,33280,17,9283413982
6015,50066250,11422774,61489024,6,0,0,3072,19,6602328490
6016,50066440,28541751,78608191,7,0,1,2048,19,1423852365
6017,50075329,28533208,78608537,2,0,1,512,18,1680635093
6018,50088501,10403314,60491815,9,0,0,32768,17,8920462654
6019,50092300,10450777,60543077,3,0,0,31744,13,7888212010
6020,50101391,10431991,60533382,9,0,0,27136,17,4132981758
6021,50107771,10569557,60677328,1,0,0,8704,0,4924329978
6022,50110271,10531373,60641644,9,0,0,14848,17,6969824315
6023,50111231,28501812,78613043,6,0,1,7168,19,349068976
6024,50113209,10672296,60785505,5,0,0,3072,10,1700737738
6025,50128371,10553348,60681719,1,0,0,14336,0,2485255997
6026,50147351,10323493,60470844,9,0,0,6144,17,2190136679
6027,50160160,10714370,60874530,4,0,0,11776,7,68065419
6028,50160170,28477184,78637354,3,0,1,9728,13,10491122742
6029,50169130,28493799,78662929,1,0,1,8192,0,6638528199
6030,50183950,10332573,60516523,7,0,0,2560,19,700036967
6031,50194111,28520063,78714174,6,0,1,5120,19,10169206595
6032,50203390,10556546,60759936,2,0,0,3584,18,10441194766
6033,50215161,10421928,60637089,1,0,0,23040,0,8105231215
6034,50218439,28496196,78714635,5,0,1,10240,10,6876298135
6035,50221590,10395953,60617543,6,0,0,1024,19,1297335536
6036,50225601,10523081,60748682,1,0,0,16384,0,2497921910
6037,50228650,10610980,60839630,7,0,0,8192,19,4695031606
6038,50234230,10418714,60652944,6,0,0,29184,19,9679933845
6039,50235590,28551006,78786596,7,0,1,3584,19,1685829767
6040,50252840,28533779,78786619,4,0,1,512,7,1297218710
6041,50275880,28510762,78786642,7,0,1,6656,19,2832502959
6042,50300870,10472135,60773005,3,0,0,1024,13,3252801351
6043,50317480,28469185,78786665,3,0,1,9728,13,7746003494
6044,50319590,10495355,60814945,8,0,0,5632,13,6268396653
6045,50332600,28578801,78911401,8,0,1,2048,13,3082410091
6046,50332850,10381552,60714402,8,0,0,18944,13,9455695627
6047,50342720,10476205,60818925,8,0,0,7680,13,3800013712
6048,50352249,10518670,60870919,5,0,0,20480,10,5289613067
6049,50356890,28608051,78964941,3,0,1,12800,13,8028624068
6050,50363280,28601684,78964964,7,0,1,10752,19,2742389856
6051,50363640,11263523,61627163,6,0,0,13824,19,807627433
6052,50377080,28617796,78994876,3,0,1,6656,13,4866233761
6053,50382990,10534147,60917137,6,0,0,9728,19,5039528709
6054,50386109,28619577,79005686,0,0,1,7680,17,2957333484
6055,50396959,28612571,79009530,0,0,1,2560,17,5086861719
6056,50397991,10455599,60853590,9,0,0,10752,17,2570210985
6057,50403951,11134100,61538051,9,0,0,34816,17,1019732981
6058,50406690,10454148,60860838,2,0,0,512,18,7053903469
6059,50409629,10703981,61113610,5,0,0,34304,10,2715287875
6060,50431170,10429489,60860659,3,0,0,18432,13,9398500933
6061,50434739,10658233,61092972,5,0,0,5120,10,2062924839
6062,50436591,10565473,61002064,9,0,0,12288,17,5141023965
6063,50442990,10674543,61117533,3,0,0,12800,13,6511733687
6064,50445110,28632488,79077598,7,0,1,3072,19,7759177498
6065,50457540,10506771,60964311,2,0,0,23040,18,3056565435
6066,50465570,11505907,61971477,4,0,0,36864,7,580120610
6067,50477620,28600001,79077621,3,0,1,3072,13,2689919986
6068,50478910,10518587,60997497,3,0,0,11776,13,3423056538
6069,50493539,11290431,61783970,5,0,0,46592,10,4525962801
6070,50494060,10578742,61072802,2,0,0,63488,18,3335189953
6071,50497711,10395128,60892839,9,0,0,7168,17,8284911229
6072,50500539,10590850,61091389,5,0,0,60928,10,9322732434
6073,50504000,28646297,79150297,4,0,1,5632,7,1019511373
6074,50504941,10711903,61216844,9,0,0,5632,17,10118444243
6075,50512129,11405796,61917925,5,0,0,44544,10,742804063
6076,50512329,11305408,61817737,5,0,0,65024,10,5671323693
6077,50537880,10865641,61403521,8,0,0,17920,13,5679319492
6078,50543870,11717347,62261217,7,0,0,16384,19,3477328165
6079,50557010,10598772,61155782,7,0,0,512,19,737604546
6080,50561650,10752609,61314259,2,0,0,53760,18,3556008052
6081,50564820,28594282,79159102,9,0,1,17408,17,8553242109
6082,50565491,10563141,61128632,9,0,0,36352,17,10262840383
6083,50567190,10647915,61215105,7,0,0,26112,19,2845646249
6084,50569640,11008643,61578283,2,0,0,35840,18,3040866493
6085,50575260,10611281,61186541,8,0,0,41984,13,1536782068
6086,50582001,10591725,61173726,9,0,0,40448,17,10182618908
6087,50590590,10694461,61285051,8,0,0,20480,13,7164427386
6088,50591279,28567846,79159125,0,0,1,2048,17,3307535525
6089,50597209,11331357,61928566,5,0,0,2048,10,6107398564
6090,50625510,28533638,79159148,7,0,1,10752,19,2697384191
6091,50628791,10738585,61367376,9,0,0,18432,17,4359230855
6092,50630169,11371375,62001544,5,0,0,45056,10,9613178455
6093,50639650,28605342,79244992,3,0,1,13312,13,2887006672
6094,50662990,28582348,79245338,4,0,1,512,7,10545596320
6095,50665500,10716746,61382246,2,0,0,12800,18,2560627064
6096,50667771,10753547,61421318,9,0,0,25088,17,8423526757
6097,50675551,10848123,61523674,9,0,0,24064,17,6123485814
6098,50679740,10950878,61630618,4,0,0,11264,7,5496923530
6099,50699731,10662006,61361737,9,0,0,16896,17,4230033349
6100,50721239,11375100,62096339,5,0,0,2560,10,8794925755
6101,50731719,10968819,61700538,5,0,0,11264,10,3187393046
6102,50735810,10879147,61614957,8,0,0,50688,13,7764965401
6103,50750200,28537421,79287621,4,0,1,28672,7,9017217176
6104,50750280,10729101,61479381,3,0,0,59392,13,3343724260
6105,50771490,10684484,61455974,2,0,0,12800,18,3534950240
6106,50784270,28623325,79407595,3,0,1,8192,13,1346893381
6107,50788880,10860637,61649517,7,0,0,61952,19,7319476198
6108,50790640,10967380,61758020,3,0,0,50688,13,4935323571
6109,50797410,10659110,61456520,2,0,0,1536,18,9748289283
6110,50813850,10839434,61653284,4,0,0,12288,7,9510049022
6111,50817770,10899031,61716801,6,0,0,4608,19,8873202801
6112,50826710,10915843,61742553,7,0,0,58880,19,803509627
6113,50829100,28578518,79407618,3,0,1,3072,13,8865211567
6114,50847069,10922674,61769743,5,0,0,38400,10,636340413
6115,50851630,10767406,61619036,2,0,0,13312,18,8482960198
6116,50852940,28554701,79407641,4,0,1,18944,7,9486642006
6117,50867659,10843666,61711325,5,0,0,35328,10,1300405054
6118,50875111,10959653,61834764,1,0,0,55808,0,6584926122
6119,50900739,28571140,79471879,5,0,1,15360,10,6028376169
6120,50902341,11022471,61924812,9,0,0,22528,17,1677137759
6121,50909771,28562131,79471902,6,0,1,5120,19,10328466013
6122,50943730,10902670,61846400,4,0,0,25600,7,2285764666
6123,50948969,28522956,79471925,5,0,1,3584,10,826983621
6124,50978930,10859601,61838531,6,0,0,12288,19,10513372560
6125,51004390,10983334,61987724,3,0,0,53248,13,10049960550
6126,51004629,28467319,79471948,0,0,1,1024,17,2537718750
6127,51017171,11118513,62135684,9,0,0,38912,17,6827545649
6128,51018849,28454541,79473390,0,0,1,11776,17,10002701808
6129,51026061,10878269,61904330,1,0,0,15872,0,3132368414
6130,51030431,10914734,61945165,9,0,0,25088,17,7745971645
6131,51034170,11021544,62055714,4,0,0,2560,7,1421130325
6132,51037130,11123225,62160355,0,0,0,80896,17,8101493235
6133,51037760,28438856,79476616,8,0,1,5120,13,5428353364
6134,51043810,11164455,62208265,3,0,0,36352,13,7467249894
6135,51060730,11195472,62256202,7,0,0,27136,19,3218433846
6136,51061391,10963461,62024852,1,0,0,22016,0,4543785684
6137,51067280,11021291,62088571,3,0,0,2560,13,3484885550
6138,51072990,10937371,62010361,8,0,0,4096,13,3492651579
6139,51094710,28390979,79485689,9,0,1,2048,17,4970001798
6140,51097110,11225620,62322730,4,0,0,13312,7,1915915818
6141,51113000,28466748,79579748,3,0,1,38400,13,1812344441
6142,51125680,11309848,62435528,4,0,0,90624,7,893479519
6143,51132400,11354816,62487216,3,0,0,6656,13,8456405560
6144,51137980,10891887,62029867,6,0,0,16384,19,10028810464
6145,51152300,28483493,79635793,9,0,1,23552,17,9763957710
6146,51158590,28496700,79655290,3,0,1,14336,13,4688476060
6147,51162350,11059548,62221898,7,0,0,8192,19,3191586394
6148,51174120,11090764,62264884,4,0,0,1024,7,6683509040
6149,51195770,11251192,62446962,8,0,0,23040,13,4049421696
6150,51203849,11344589,62548438,5,0,0,20480,10,6902866746
6151,51223550,28463871,79687421,4,0,1,12800,7,3171362907
6152,51231540,11152127,62383667,3,0,0,3584,13,9124190981
6153,51241171,11215665,62456836,1,0,0,31232,0,5555161044
6154,51252591,10995320,62247911,1,0,0,13824,0,10561952925
6155,51257870,28440024,79697894,4,0,1,3584,7,3514537913
6156,51267720,28430520,79698240,4,0,1,512,7,381009354
6157,51272460,11126986,62399446,4,0,0,51712,7,3925180734
6158,51274580,28425286,79699866,7,0,1,2560,19,9648674262
6159,51281141,28450947,79732088,6,0,1,9728,19,4788060191
6160,51281550,11058707,62340257,0,0,0,5120,17,7815776950
6161,51281940,11008968,62290908,8,0,0,15360,13,1501238663
6162,51284241,11123652,62407893,9,0,0,27648,17,8039122797
6163,51298739,11515053,62813792,5,0,0,20992,10,7459154641
6164,51320310,28507816,79828126,4,0,1,1536,7,273299222
6165,51326440,11056112,62382552,3,0,0,77312,13,7580971003
6166,51336030,10955213,62291243,0,0,0,1024,17,3081583079
6167,51336459,28495213,79831672,5,0,1,5632,10,6864335348
6168,51343570,10957387,62300957,0,0,0,3584,17,10335877586
6169,51346681,11195494,62542175,9,0,0,29184,17,6786017493
6170,51346741,28488797,79835538,6,0,1,6144,19,7188737690
6171,51352011,11328321,62680332,1,0,0,19968,0,4329912314
6172,51362660,28477087,79839747,8,0,1,3072,13,1563551764
6173,51365450,28537055,79902505,4,0,1,11264,7,5023182465
6174,51372929,28531877,79904806,2,0,1,7680,18,9767153877
6175,51385570,28578547,79964117,8,0,1,4096,13,3420820106
6176,51385710,11061587,62447297,3,0,0,1024,13,2016990609
6177,51388000,28605849,79993849,8,0,1,8192,13,5689551873
6178,51388020,11081787,62469807,8,0,0,42496,13,7213089288
6179,51393340,11046579,62439919,6,0,0,14336,19,3688891821
6180,51396410,28599536,79995946,2,0,1,9728,18,249759922
6181,51399301,11071933,62471234,1,0,0,4608,0,10524785923
6182,51399450,11072743,62472193,6,0,0,3072,19,7576999280
6183,51399810,11539977,62939787,7,0,0,47104,19,9512246151
6184,51401850,11192789,62594639,8,0,0,19968,13,6939699115
6185,51404340,11147709,62552049,7,0,0,11776,19,4478870117
6186,51413140,11311642,62724782,4,0,0,4608,7,5825288216
6187,51413979,11260246,62674225,5,0,0,132096,10,382695052
6188,51419949,28576028,79995977,0,0,1,5120,17,8420296014
6189,51425690,11158631,62584321,3,0,0,5120,13,9989321818
6190,51465710,11099950,62565660,4,0,0,10240,7,4397875082
6191,51468850,11215428,62684278,7,0,0,6144,19,6605884109
6192,51478950,11557101,63036051,8,0,0,11776,13,8350463945
6193,51480201,11437224,62917425,1,0,0,39936,0,8529165369
6194,51481631,11420928,62902559,1,0,0,65024,0,2150534896
6195,51486670,11236685,62723355,7,0,0,9216,19,457538690
6196,51491410,11689626,63181036,3,0,0,21504,13,9643107856
6197,51498601,11120416,62619017,9,0,0,3072,17,205915832
6198,51501050,11300612,62801662,4,0,0,16896,7,7730726750
6199,51504079,11506277,63010356,5,0,0,45568,10,8914787348
6200,51533960,11156269,62690229,7,0,0,19456,19,4533580450
6201,51542390,11799640,63342030,0,0,0,6656,17,6031646973
6202,51546530,11135853,62682383,7,0,0,6656,19,3096295036
6203,51550279,28465135,80015414,2,0,1,7168,18,367798818
6204,51552569,28467906,80020475,5,0,1,6144,10,7306475840
6205,51616670,11368955,62985625,6,0,0,16384,19,6064696195
6206,51627740,11368709,62996449,8,0,0,28672,13,5818794757
6207,51646191,11312971,62959162,1,0,0,63488,0,8400763624
6208,51656850,28443117,80099967,8,0,1,34304,13,8073865630
6209,51679191,11488516,63167707,1,0,0,35840,0,7899362092
6210,51682670,11474094,63156764,8,0,0,26624,13,9292894332
6211,51725130,11574444,63299574,0,0,0,49664,17,10138914038
6212,51734691,11376322,63111013,9,0,0,9216,17,2908553257
6213,51737980,11187424,62925404,7,0,0,26112,19,5186104407
6214,51745310,11083880,62829190,8,0,0,512,13,6568918202
6215,51764730,11250953,63015683,0,0,0,17408,17,8199879351
6216,51765720,11139514,62905234,3,0,0,8704,13,10234239687
6217,51785090,11188782,62973872,7,0,0,25600,19,4203014478
6218,51801671,11225111,63026782,9,0,0,36352,17,8799585013
6219,51802250,11477115,63279365,4,0,0,108032,7,5811977474
6220,51809260,11156789,62966049,6,0,0,22528,19,8263520657
6221,51817599,28392481,80210080,2,0,1,29184,18,2617555705
6222,51820270,11354168,63174438,8,0,0,22016,13,181349345
6223,51829940,11535206,63365146,7,0,0,37888,19,2081284405
6224,51837791,11310838,63148629,9,0,0,1024,17,6363854314
6225,51849400,28431344,80280744,4,0,1,9216,7,3186625202
6226,51861620,11193573,63055193,4,0,0,15360,7,6345240318
6227,51863720,11657623,63521343,7,0,0,1536,19,2211482958
6228,51876659,28415006,80291665,0,0,1,7168,17,823443689
6229,51894000,11530719,63424719,4,0,0,3072,7,3132778244
6230,51897230,11334441,63231671,7,0,0,17920,19,9863088367
6231,51900300,11346126,63246426,6,0,0,43008,19,9648071031
6232,51908549,28512898,80421447,0,0,1,2048,17,1440223720
6233,51913130,28563123,80476253,8,0,1,1024,13,8919178086
6234,51924411,11206183,63130594,1,0,0,4096,0,5503659977
6235,51924510,11223784,63148294,0,0,0,11776,17,6177016239
6236,51933670,12051312,63984982,0,0,0,36352,17,8129062172
6237,51940780,11343600,63284380,8,0,0,16384,13,21530543
6238,51967110,11430695,63397805,0,0,0,28672,17,2832173918
6239,52000731,11334660,63335391,1,0,0,12800,0,1748217546
6240,52002140,28558638,80560778,9,0,1,4096,17,3459633622
6241,52002351,11421409,63423760,1,0,0,17408,0,3915875898
6242,52012100,11558063,63570163,0,0,0,4096,17,5177985868
6243,52013150,11366900,63380050,6,0,0,11776,19,9558725404
6244,52016330,11315130,63331460,8,0,0,104448,13,2875996963
6245,52019501,11317161,63336662,9,0,0,4096,17,5076138605
6246,52020521,11684153,63704674,1,0,0,54784,0,3717246657
6247,52029350,28696688,80726038,7,0,1,11264,19,3599449386
6248,52041730,11849945,63891675,3,0,0,11264,13,3716807760
6249,52049011,11986268,64035279,1,0,0,37376,0,2113278523
6250,52055510,11707439,63762949,3,0,0,31744,13,7225407000
6251,52059220,28670684,80729904,8,0,1,6144,13,8333505926
6252,52063240,11728981,63792221,4,0,0,31744,7,3012478286
6253,52065630,11455222,63520852,4,0,0,53760,7,6721820140
6254,52081170,11695842,63777012,7,0,0,46080,19,29742931
6255,52081700,28699096,80780796,8,0,1,2048,13,9648886252
6256,52082910,11656882,63739792,6,0,0,68096,19,7850106138
6257,52091360,28689459,80780819,1,0,1,2048,0,10242961669
6258,52101140,11427246,63528386,3,0,0,23040,13,2195310944
6259,52104309,28676533,80780842,0,0,1,9216,17,1330026550
6260,52123030,12333950,64456980,3,0,0,80896,13,3650027100
6261,52148530,11395643,63544173,6,0,0,51712,19,9694966132
6262,52155060,11493100,63648160,7,0,0,6144,19,4145160478
6263,52156530,11246097,63402627,3,0,0,2560,13,6944048837
6264,52174160,28616594,80790754,9,0,1,2048,17,10067577600
6265,52183911,28608469,80792380,6,0,1,2560,19,8374633230
6266,52185539,28608147,80793686,5,0,1,2048,10,6852475116
6267,52188779,28608453,80797232,5,0,1,5632,10,3329939663
6268,52209060,28591398,80800458,4,0,1,5120,7,3302421582
6269,52216720,11617806,63834526,8,0,0,19968,13,4380930032
6270,52220190,11560597,63780787,3,0,0,12288,13,3716314976
6271,52245150,11774015,64019165,0,0,0,34304,17,9598479178
6272,52250530,11365833,63616363,0,0,0,33792,17,6862342037
6273,52254901,28602892,80857793,6,0,1,3584,19,7825338636
6274,52255010,11863677,64118687,7,0,0,57344,19,1258067690
6275,52258071,11743319,64001390,1,0,0,45056,0,6914231436
6276,52260340,11482439,63742779,6,0,0,9728,19,4614282773
6277,52273690,11593848,63867538,8,0,0,17408,13,7905901297
6278,52283610,11740258,64023868,4,0,0,15360,7,10173069564
6279,52284050,28626290,80910340,2,0,1,2560,18,10529199798
6280,52289000,11425904,63714904,8,0,0,1536,13,8459532552
6281,52304490,11583730,63888220,7,0,0,26112,19,3188408225
6282,52308690,11444564,63753254,0,0,0,34304,17,10225145811
6283,52317060,11820843,64137903,6,0,0,10752,19,5606872057
6284,52323340,11642818,63966158,8,0,0,65536,13,294995411
6285,52344360,11694218,64038578,7,0,0,10752,19,1593673666
6286,52345990,11895999,64241989,3,0,0,53248,13,4928306506
6287,52350800,11431726,63782526,7,0,0,5632,19,5364746123
6288,52366569,28543794,80910363,0,0,1,7680,17,1432885474
6289,52373011,11851718,64224729,1,0,0,77824,0,3261505762
6290,52380020,28559740,80939760,7,0,1,13312,19,9318675723
6291,52381550,12126244,64507794,6,0,0,34816,19,9053537541
6292,52383340,11876290,64259630,6,0,0,30720,19,4336435579
6293,52386370,11689138,64075508,4,0,0,55296,7,7843440815
6294,52394809,28544974,80939783,0,0,1,1536,17,9665500633
6295,52397800,28542006,80939806,9,0,1,5120,17,2942170548
6296,52408530,11895945,64304475,6,0,0,10752,19,8776458779
6297,52418830,11660010,64078840,0,0,0,9728,17,3618742969
6298,52437569,11895819,64333388,5,0,0,29696,10,17597266
6299,52449730,28490099,80939829,9,0,1,1536,17,3639894298
6300,52457860,11642074,64099934,6,0,0,23040,19,5114832492
6301,52459930,11881227,64341157,4,0,0,10752,7,8684108255
6302,52472359,28467493,80939852,2,0,1,12288,18,7671589538
6303,52472450,12151857,64624307,3,0,0,15872,13,8703964499
6304,52485980,11881416,64367396,6,0,0,5632,19,4291986743
6305,52490320,11794340,64284660,6,0,0,7168,19,8082471201
6306,52494140,11548652,64042792,8,0,0,8192,13,4481516580
6307,52497121,11967705,64464826,9,0,0,1536,17,1750370125
6308,52508320,28578957,81087277,9,0,1,4608,17,3349446753
6309,52510790,11714944,64225734,2,0,0,3072,18,827818714
6310,52519080,11834310,64353390,6,0,0,36864,19,679850687
6311,52520170,11672335,64192505,7,0,0,16384,19,8796732329
6312,52524659,11939676,64464335,5,0,0,24064,10,7497140820
6313,52539030,11625263,64164293,4,0,0,14336,7,351218749
6314,52563620,28555556,81119176,3,0,1,1536,13,4833451042
6315,52567330,11680454,64247784,3,0,0,18944,13,4010856522
6316,52574429,28544770,81119199,5,0,1,10752,10,9416318887
6317,52585760,12392100,64977860,3,0,0,26624,13,10452183198
6318,52598070,11801486,64399556,6,0,0,33280,19,9221967458
6319,52599540,11892343,64491883,7,0,0,52224,19,6429166703
6320,52601390,28517832,81119222,1,0,1,1024,0,3574106601
6321,52617050,11875332,64492382,7,0,0,1536,19,4091905302
6322,52619131,11937746,64556877,1,0,0,15872,0,1675030475
6323,52624970,28494275,81119245,8,0,1,6144,13,4347654938
6324,52635240,12358087,64993327,7,0,0,50688,19,8564173127
6325,52636440,11839508,64475948,3,0,0,25600,13,1707107864
6326,52638660,11726997,64365657,6,0,0,13824,19,7412739065
6327,52648000,11820125,64468125,8,0,0,10752,13,8072324362
6328,52667840,12081157,64748997,4,0,0,68608,7,5005077856
6329,52670610,12031940,64702550,6,0,0,89600,19,1632250633
6330,52675350,11712847,64388197,7,0,0,18944,19,2270873558
6331,52680621,11973532,64654153,9,0,0,31744,17,6556283617
6332,52681361,12401056,65082417,1,0,0,2560,0,2867224163
6333,52681960,12183565,64865525,4,0,0,64512,7,7739330861
6334,52683180,12123349,64806529,8,0,0,4608,13,10224949821
6335,52688320,28492298,81180618,1,0,1,28160,0,2919260547
6336,52709880,11934578,64644458,6,0,0,13824,19,4353522266
6337,52710840,12386443,65097283,0,0,0,47616,17,5074221180
6338,52712020,12169954,64881974,2,0,0,40448,18,3757711616
6339,52715810,12317541,65033351,4,0,0,44544,7,7794165086
6340,52724970,11992758,64717728,2,0,0,35840,18,726496018
6341,52732900,28545515,81278415,8,0,1,1024,13,2941877809
6342,52748880,12011262,64760142,8,0,0,6144,13,9426026521
6343,52783619,28494819,81278438,2,0,1,2048,18,2627442496
6344,52786670,11758468,64545138,6,0,0,11776,19,6763157519
6345,52793071,11965153,64758224,1,0,0,30208,0,7602304892
6346,52797020,11795767,64592787,8,0,0,14848,13,766191129
6347,52806740,11921330,64728070,7,0,0,31232,19,7901477304
6348,52807710,11975229,64782939,8,0,0,31744,13,1847885543
6349,52818380,12129872,64948252,0,0,0,49152,17,1737101749
6350,52819409,28459052,81278461,5,0,1,6656,10,5729385636
6351,52823950,12081013,64904963,3,0,0,512,13,9286744190
6352,52835960,12286640,65122600,3,0,0,4096,13,9454831064
6353,52839781,12415330,65255111,1,0,0,6656,0,3622563421
6354,52856390,11906895,64763285,6,0,0,10240,19,5695333756
6355,52863900,12203270,65067170,7,0,0,6656,19,7558783675
6356,52877830,12262597,65140427,0,0,0,512,17,8970146414
6357,52878340,11682928,64561268,3,0,0,14336,13,2304312818
6358,52879901,12193688,65073589,1,0,0,20992,0,7241327235
6359,52880180,28402539,81282719,9,0,1,3584,17,9333274571
6360,52909409,28373333,81282742,2,0,1,1536,18,7562557888
6361,52915840,28415873,81331713,8,0,1,1536,13,7070703739
6362,52918280,11743706,64661986,6,0,0,15360,19,6743548357
6363,52937921,11874161,64812082,9,0,0,6656,17,7512098007
6364,52961590,28370469,81332059,3,0,1,512,13,5786406979
6365,52974090,11599028,64573118,4,0,0,2560,7,7128128418
6366,52974600,11732185,64706785,8,0,0,13824,13,1397925962
6367,52976080,11823610,64799690,6,0,0,23040,19,7395599279
6368,52979460,11572558,64552018,4,0,0,6656,7,1489089765
6369,52980910,12084209,65065119,8,0,0,32768,13,2139638471
6370,52985600,28348725,81334325,9,0,1,3584,17,5734071372
6371,52991890,12063222,65055112,3,0,0,60928,13,3000448933
6372,53010860,12333941,65344801,6,0,0,86528,19,672186134
6373,53016280,11853347,64869627,6,0,0,4608,19,10226129000
6374,53032140,12196553,65228693,6,0,0,47104,19,2784496484
6375,53041310,12116306,65157616,8,0,0,3072,13,8455052235
6376,53046101,12302467,65348568,9,0,0,12288,17,7508545996
6377,53054381,11915336,64969717,9,0,0,16384,17,5359623683
6378,53080240,28256558,81336798,8,0,1,3072,13,8974918270
6379,53092030,11838466,64930496,8,0,0,1536,13,9550550802
6380,53095270,11793911,64889181,7,0,0,23552,19,3150367157
6381,53098920,11619611,64718531,7,0,0,2560,19,1074467914
6382,53118610,11846092,64964702,8,0,0,16896,13,5863411938
6383,53138210,12214304,65352514,2,0,0,12288,18,8352716102
6384,53142030,28227494,81369524,1,0,1,18944,0,2309289517
6385,53154589,28387918,81542507,2,0,1,1536,18,4853569098
6386,53162570,11832766,64995336,6,0,0,2560,19,5480120863
6387,53170560,11912192,65082752,4,0,0,1024,7,8882395534
6388,53175790,11905824,65081614,8,0,0,26112,13,2631681408
6389,53182530,11685670,64868200,2,0,0,8704,18,143578957
6390,53213440,11601093,64814533,3,0,0,4608,13,3655187508
6391,53222950,12227086,65450036,7,0,0,19456,19,6755582639
6392,53224770,11876436,65101206,3,0,0,12800,13,6542150911
6393,53231940,12051424,65283364,0,0,0,3584,17,2944520534
6394,53233200,28336637,81569837,4,0,1,13312,7,3063731605
6395,53249020,11919532,65168552,7,0,0,22528,19,4955432547
6396,53276181,11998274,65274455,1,0,0,4608,0,2691232880
6397,53288359,28294058,81582417,2,0,1,7168,18,6483581364
6398,53295550,12136753,65432303,6,0,0,76800,19,10135584363
6399,53304920,28393534,81698454,1,0,1,11776,0,7535647664
6400,53313140,11723385,65036525,4,0,0,10240,7,10616184839
6401,53321710,12264124,65585834,6,0,0,6656,19,1304691649
6402,53329741,12142032,65471773,9,0,0,2048,17,2576132288
6403,53332300,12402520,65734820,3,0,0,39424,13,1178456958
6404,53353490,11748839,65102329,3,0,0,3584,13,2348590101
6405,53368180,12039087,65407267,8,0,0,39424,13,3573305586
6406,53372409,28326068,81698477,0,0,1,3584,17,4827739346
6407,53374240,28410720,81784960,8,0,1,1024,13,6423502263
6408,53383460,11981089,65364549,6,0,0,39424,19,5610966554
6409,53407160,11497601,64904761,0,0,0,7168,17,5152092485
6410,53444309,28451898,81896207,0,0,1,19456,17,3317724548
6411,53449961,28494507,81944468,6,0,1,5120,19,9250802355
6412,53467340,28480674,81948014,9,0,1,5632,17,8441093634
6413,53472710,12098314,65571024,3,0,0,27648,13,6212476994
6414,53473090,12518765,65991855,8,0,0,35328,13,2808937659
6415,53478700,28519375,81998075,7,0,1,1536,19,7764913071
6416,53486250,28513114,81999364,8,0,1,4096,13,5063480846
6417,53486569,28766998,82253567,0,0,1,30720,17,1875016971
6418,53488620,12110231,65598851,6,0,0,12800,19,9017657179
6419,53492510,12155102,65647612,0,0,0,26624,17,6191150478
6420,53493301,11892267,65385568,9,0,0,23040,17,8116255152
6421,53498171,11682914,65181085,9,0,0,18944,17,7937350943
6422,53505900,11964891,65470791,3,0,0,1024,13,8086983746
6423,53514821,12304091,65818912,1,0,0,52224,0,235344313
6424,53521420,12026938,65548358,7,0,0,121344,19,3719591257
6425,53526241,28835101,82361342,6,0,1,15872,19,738516104
6426,53540510,11608429,65148939,3,0,0,10240,13,10337733190
6427,53557090,11934714,65491804,3,0,0,22016,13,534460953
6428,53563030,11753288,65316318,0,0,0,12800,17,8861240803
6429,53569190,11631509,65200699,6,0,0,1536,19,4765886756
6430,53575620,11894836,65470456,4,0,0,34816,7,894937724
6431,53576870,12128594,65705464,7,0,0,44544,19,5843281394
6432,53580509,28782139,82362648,2,0,1,2048,18,3809405063
6433,53584659,28788320,82372979,0,0,1,1024,17,8237641482
6434,53589379,28783623,82373002,5,0,1,4096,10,3071348099
6435,53599070,11749677,65348747,4,0,0,512,7,5316229271
6436,53601010,11982773,65583783,4,0,0,28672,7,6505411371
6437,53637501,11680913,65318414,9,0,0,4096,17,867954056
6438,53640740,11989630,65630370,4,0,0,21504,7,7149190996
6439,53658880,28802804,82461684,4,0,1,40448,7,3222422656
6440,53674690,28790636,82465326,9,0,1,1536,17,2996933148
6441,53700800,12489412,66190212,0,0,0,60928,17,1839753069
6442,53701231,11534193,65235424,1,0,0,22016,0,8104158396
6443,53704820,12565212,66270032,7,0,0,9728,19,7841206947
6444,53712150,12048403,65760553,3,0,0,5632,13,3099903312
6445,53725270,12255798,65981068,7,0,0,17408,19,10705090403
6446,53727710,11894717,65622427,4,0,0,11264,7,1475413100
6447,53729010,11845983,65574993,6,0,0,12800,19,5640463269
6448,53740460,11864038,65604498,7,0,0,18432,19,2154637201
6449,53750511,11644721,65395232,9,0,0,26112,17,2996500895
6450,53751780,11614999,65366779,4,0,0,4096,7,7930007906
6451,53752480,12179913,65932393,8,0,0,87552,13,4134204958
6452,53756491,11703334,65459825,1,0,0,4608,0,10206618702
6453,53759300,28708443,82467743,4,0,1,8704,7,8641825396
6454,53773110,11698016,65471126,4,0,0,1024,7,5835058585
6455,53780040,11457123,65237163,6,0,0,5632,19,7039571166
6456,53789460,28678949,82468409,8,0,1,1024,13,1745177552
6457,53798040,12579291,66377331,7,0,0,8704,19,1328547741
6458,53799629,28688083,82487712,0,0,1,14336,17,7921142293
6459,53801739,11760838,65562577,5,0,0,46592,10,409237234
6460,53802261,11836712,65638973,9,0,0,28160,17,9212410051
6461,53802500,11563008,65365508,8,0,0,3072,13,911383829
6462,53810769,28834670,82645439,0,0,1,512,17,1256877346
6463,53811460,28834002,82645462,4,0,1,10240,7,2111911618
6464,53812150,11879719,65691869,6,0,0,17920,19,9272416633
6465,53812590,11902583,65715173,8,0,0,8704,13,8199837283
6466,53832390,11945929,65778319,3,0,0,26624,13,3553315227
6467,53846231,11871617,65717848,9,0,0,8704,17,667782365
6468,53848000,28810356,82658356,3,0,1,1024,13,3742520593
6469,53860281,12198458,66058739,9,0,0,40448,17,9270256729
6470,53871500,12104241,65975741,4,0,0,98304,7,50920800
6471,53898000,11690197,65588197,0,0,0,7680,17,746310954
6472,53898530,11696398,65594928,8,0,0,22016,13,4685293626
6473,53898841,12046925,65945766,9,0,0,22016,17,7398022904
6474,53899620,11996046,65895666,3,0,0,49152,13,4654288862
6475,53906271,12246225,66152496,9,0,0,53248,17,3576126728
6476,53912680,11843196,65755876,6,0,0,6656,19,871262422
6477,53916720,28745746,82662466,7,0,1,2560,19,5611717145
6478,53920040,28837136,82757176,1,0,1,3072,0,2206854694
6479,53941001,11770281,65711282,1,0,0,9728,0,10171865872
6480,53945171,11668099,65613270,9,0,0,10752,17,5822525749
6481,53960770,11897131,65857901,8,0,0,1024,13,7215454843
6482,53971820,12093502,66065322,7,0,0,10240,19,7689502527
6483,53980230,11667561,65647791,6,0,0,512,19,9517876461
6484,53981309,28775890,82757199,2,0,1,9216,18,10160027800
6485,53982530,12036506,66019036,2,0,0,1024,18,5750432724
6486,53987471,11720824,65708295,9,0,0,9216,17,8983491882
6487,53992520,12134594,66127114,7,0,0,54784,19,2887900114
6488,53994030,11825529,65819559,8,0,0,2048,13,9923161857
6489,53994560,28762662,82757222,4,0,1,4096,7,3094561846
6490,53994561,12626532,66621093,1,0,0,62464,0,6780926581
6491,54016550,12155075,66171625,7,0,0,23552,19,4251764361
6492,54021960,12217352,66239312,4,0,0,60416,7,2170967231
6493,54024311,12022081,66046392,1,0,0,18432,0,802447921
6494,54025430,12327109,66352539,0,0,0,2560,17,9199087605
6495,54026890,28985043,83011933,7,0,1,32768,19,10469354223
6496,54028110,12104354,66132464,6,0,0,5120,19,782095835
6497,54046231,11773819,65820050,1,0,0,1536,0,2417348450
6498,54049901,11711611,65761512,9,0,0,3072,17,6969312255
6499,54056600,11803806,65860406,7,0,0,4608,19,6645938096
6500,54059130,11975314,66034444,7,0,0,11264,19,1734366898
6501,54065889,29026471,83092360,0,0,1,10240,17,1161207596
6502,54066821,11721842,65788663,9,0,0,5120,17,3340365440
6503,54082300,12418192,66500492,3,0,0,79872,13,2266967218
6504,54087631,12386919,66474550,9,0,0,7680,17,671382262
6505,54091890,12038991,66130881,0,0,0,12288,17,8684263599
6506,54094660,11761261,65855921,8,0,0,4608,13,539835748
6507,54110270,11716158,65826428,6,0,0,5120,19,8452016555
6508,54113630,12400145,66513775,0,0,0,43520,17,674526204
6509,54127030,28981281,83108311,9,0,1,2048,17,5178090802
6510,54132661,12183397,66316058,9,0,0,23552,17,5234961022
6511,54135820,12067074,66202894,4,0,0,39424,7,1700637329
6512,54158670,28992162,83150832,3,0,1,8192,13,6874933266
6513,54169580,12182156,66351736,8,0,0,52224,13,7494796405
6514,54197510,11698959,65896469,4,0,0,2560,7,7201795332
6515,54198170,12385828,66583998,8,0,0,54272,13,8631936788
6516,54199151,12175505,66374656,9,0,0,26624,17,8201909916
6517,54206349,28944506,83150855,0,0,1,512,17,8434454094
6518,54208950,12112893,66321843,7,0,0,5632,19,2422850849
6519,54209500,12633223,66842723,0,0,0,45568,17,10476345481
6520,54213070,12433877,66646947,7,0,0,512,19,5416417561
6521,54213500,12007381,66220881,3,0,0,58880,13,1886943713
6522,54229800,12317193,66546993,6,0,0,9728,19,8621110362
6523,54232780,12239407,66472187,7,0,0,72704,19,2498565527
6524,54265960,12293114,66559074,4,0,0,39424,7,3946850963
6525,54271271,12781957,67053228,1,0,0,43008,0,6300175001
6526,54282870,11959585,66242455,0,0,0,10240,17,1012121390
6527,54286890,12475804,66762694,6,0,0,13824,19,7818816217
6528,54287240,28863638,83150878,4,0,1,1024,7,3079642575
6529,54288710,12429547,66718257,3,0,0,1536,13,7972092444
6530,54300240,11890619,66190859,7,0,0,2048,19,4538751123
6531,54311980,12626747,66938727,6,0,0,4608,19,506707932
6532,54315300,12867190,67182490,4,0,0,94208,7,8865643329
6533,54339180,12332860,66672040,4,0,0,12288,7,3269664666
6534,54349500,12006026,66355526,7,0,0,9728,19,1099802877
6535,54351480,28800410,83151890,8,0,1,5120,13,7561517183
6536,54373580,12152565,66526145,6,0,0,40448,19,3566491075
6537,54386709,28766807,83153516,0,0,1,2560,17,8068682831
6538,54426350,12117610,66543960,7,0,0,58368,19,3595574085
6539,54453819,28850056,83303875,5,0,1,38400,10,5996879683
6540,54478940,28927369,83406309,8,0,1,2560,13,9277771139
6541,54492170,11957842,66450012,0,0,0,30208,17,7839703328
6542,54500071,28909100,83409171,6,0,1,15872,19,1993915759
6543,54521970,11915349,66437319,7,0,0,1536,19,2383167885
6544,54524650,28907546,83432196,9,0,1,3072,17,9933538224
6545,54529309,28937597,83466906,2,0,1,5632,18,4593066959
6546,54541490,28947389,83488879,7,0,1,8192,19,9037003363
6547,54550731,28976407,83527138,6,0,1,5120,19,6421405831
6548,54561280,12035735,66597015,6,0,0,42496,19,646572236
6549,54564620,12068265,66632885,0,0,0,30208,17,4897248099
6550,54567670,11908463,66476133,4,0,0,5120,7,10116332174
6551,54573780,12177316,66751096,7,0,0,22528,19,8776649918
6552,54584661,12498449,67083110,9,0,0,5120,17,2552783073
6553,54585100,12016930,66602030,6,0,0,16384,19,6762447849
6554,54594980,12028678,66623658,7,0,0,8192,19,3241755337
6555,54607730,12036925,66644655,7,0,0,3072,19,7514732826
6556,54616899,28910262,83527161,0,0,1,5632,17,2333252083
6557,54621201,12334997,66956198,9,0,0,13312,17,4140690294
6558,54649730,12405104,67054834,3,0,0,5120,13,9040093132
6559,54662540,28938989,83601529,8,0,1,3584,13,1178838453
6560,54669820,28943200,83613020,9,0,1,29696,17,8351369980
6561,54679210,28955614,83634824,4,0,1,5632,7,3533988695
6562,54685270,12233037,66918307,3,0,0,52736,13,7598408650
6563,54705299,28934807,83640106,5,0,1,18432,10,5910011609
6564,54709020,12228280,66937300,3,0,0,40448,13,671027689
6565,54709790,12150936,66860726,7,0,0,7680,19,807614197
6566,54710541,12493810,67204351,9,0,0,30208,17,397958103
6567,54717500,12040951,66758451,6,0,0,24064,19,5487512670
6568,54721680,12632095,67353775,4,0,0,120832,7,10400675903
6569,54736930,11984199,66721129,0,0,0,1024,17,896857828
6570,54744830,28897837,83642667,4,0,1,13824,7,10080342750
6571,54749240,12175713,66924953,7,0,0,16896,19,6511240326
6572,54754220,12197899,66952119,7,0,0,6656,19,3872744764
6573,54760470,12217613,66978083,0,0,0,12800,17,1619037019
6574,54760989,29011274,83772263,5,0,1,8192,10,2815778900
6575,54765550,12124249,66889799,3,0,0,1536,13,7416234121
6576,54768590,12047216,66815806,3,0,0,5120,13,10250817381
6577,54777080,12218284,66995364,2,0,0,19456,18,56689306
6578,54777600,12329716,67107316,0,0,0,10752,17,5365509483
6579,54778069,29058131,83836200,0,0,1,512,17,10541602894
6580,54789680,12291356,67081036,3,0,0,40448,13,51117360
6581,54792999,29240317,84033316,5,0,1,42496,10,9324012309
6582,54833990,29240782,84074772,9,0,1,2048,17,7512769208
6583,54840190,12227841,67068031,0,0,0,27136,17,2290578368
6584,54844819,29637749,84482568,5,0,1,86528,10,10269621909
6585,54848050,12113159,66961209,6,0,0,10240,19,7974011142
6586,54848340,12031230,66879570,7,0,0,37888,19,7561894884
6587,54849651,12008712,66858363,9,0,0,31744,17,5861060616
6588,54854920,12358525,67213445,2,0,0,25088,18,725463564
6589,54858500,12768218,67626718,3,0,0,38400,13,2835687914
6590,54871239,29614894,84486133,0,0,1,4096,17,5189096973
6591,54871720,12282043,67153763,4,0,0,1536,7,61538715
6592,54880870,29660175,84541045,9,0,1,16384,17,8082910975
6593,54900800,11967203,66868003,7,0,0,3584,19,7359226330
6594,54918190,29628775,84546965,7,0,1,8192,19,1359324128
6595,54927410,29659751,84587161,4,0,1,5632,7,7811795927
6596,54928380,12077554,67005934,0,0,0,16896,17,5635457116
6597,54938321,12049052,66987373,1,0,0,1024,0,7037675462
6598,54942499,29644685,84587184,2,0,1,6656,18,4459540781
6599,54945291,12028026,66973317,9,0,0,4608,17,6998502913
6600,54953530,12159269,67112799,2,0,0,17920,18,6891418104
6601,54955580,12160830,67116410,7,0,0,11776,19,3952583383
6602,54956360,12460218,67416578,7,0,0,12800,19,2713735826
6603,54975360,12177912,67153272,4,0,0,120832,7,6381401923
6604,54983830,29688692,84672522,4,0,1,35328,7,9695188719
6605,54992350,29732761,84725111,9,0,1,1536,17,9255093469
6606,55000500,29725277,84725777,9,0,1,1024,17,7105569127
6607,55002780,12543829,67546609,6,0,0,66560,19,7655212668
6608,55010580,12184536,67195116,0,0,0,15360,17,10305706827
6609,55022230,12059297,67081527,4,0,0,1536,7,111914594
6610,55041810,12857756,67899566,7,0,0,2560,19,454472688
6611,55064391,12745793,67810184,1,0,0,12800,0,4402391528
6612,55085121,12505733,67590854,9,0,0,20992,17,1229555807
6613,55086630,12138569,67225199,2,0,0,10752,18,9341682456
6614,55087070,29755536,84842606,3,0,1,35840,13,9594680077
6615,55100700,29821044,84921744,1,0,1,42496,0,10574315528
6616,55103760,12118140,67221900,4,0,0,27648,7,8634207871
6617,55106320,12099458,67205778,6,0,0,4608,19,8592533844
6618,55110550,12375831,67486381,8,0,0,30208,13,9790279056
6619,55122760,12102797,67225557,2,0,0,1024,18,4453401773
6620,55128651,12061739,67190390,9,0,0,5120,17,7941265985
6621,55135991,12479004,67614995,1,0,0,31744,0,8200150393
6622,55138241,12719379,67857620,1,0,0,59392,0,3919994959
6623,55156610,29786931,84943541,9,0,1,7168,17,7930756381
6624,55159450,12867317,68026767,2,0,0,13312,18,1886525419
6625,55162670,12639582,67802252,3,0,0,44032,13,9929400737
6626,55182909,12229746,67412655,5,0,0,27136,10,4600426257
6627,55183231,12197007,67380238,9,0,0,38912,17,493087451
6628,55186560,12774654,67961214,6,0,0,2048,19,1999568126
6629,55189220,11999533,67188753,7,0,0,20480,19,4842913832
6630,55196620,12302636,67499256,2,0,0,31232,18,6559158366
6631,55201240,12167119,67368359,3,0,0,37376,13,10671790939
6632,55209630,12502784,67712414,4,0,0,35840,7,9788485828
6633,55232431,12729274,67961705,1,0,0,1536,0,6055461871
6634,55234530,29738041,84972571,1,0,1,512,0,7074942365
6635,55240570,12153208,67393778,8,0,0,17920,13,4793808094
6636,55242229,29806400,85048629,2,0,1,36864,18,10311417720
6637,55248270,13147156,68395426,3,0,0,49152,13,4179346069
6638,55248901,12799570,68048471,9,0,0,10752,17,1645543638
6639,55256300,12927878,68184178,7,0,0,53760,19,9039672547
6640,55267110,12409250,67676360,3,0,0,3072,13,2809800039
6641,55275420,12355377,67630797,6,0,0,13312,19,3595390916
6642,55278349,29771045,85049394,0,0,1,2048,17,7960827715
6643,55286660,29846329,85132989,1,0,1,14336,0,8712709679
6644,55293981,12278013,67571994,9,0,0,24576,17,2243407859
6645,55294930,29838725,85133655,8,0,1,1024,13,8238959356
6646,55296200,12845469,68141669,0,0,0,18432,17,4636826018
6647,55303740,12208921,67512661,3,0,0,19456,13,7033387052
6648,55306680,12268769,67575449,3,0,0,11264,13,5007048579
6649,55347081,12208911,67555992,9,0,0,30720,17,3073579088
6650,55357771,12573925,67931696,1,0,0,13824,0,8404514198
6651,55358970,29775044,85134014,7,0,1,9728,19,3582626140
6652,55371420,12411843,67783263,4,0,0,2048,7,6927742566
6653,55389549,29756121,85145670,2,0,1,28672,18,8865763734
6654,55397530,12688895,68086425,3,0,0,88576,13,1592650019
6655,55403701,12228055,67631756,1,0,0,3072,0,9175567865
6656,55408111,29784206,85192317,6,0,1,13824,19,10084682581
6657,55420510,12841836,68262346,4,0,0,19968,7,6330761830
6658,55445110,12664449,68109559,6,0,0,75776,19,3115892420
6659,55449351,13015155,68464506,1,0,0,7168,0,6920057844
6660,55451291,12957730,68409021,9,0,0,44544,17,2074417259
6661,55455860,12844058,68299918,4,0,0,9728,7,3864850110
6662,55476050,12402185,67878235,0,0,0,67584,17,2218521869
6663,55489750,12512937,68002687,3,0,0,33280,13,6718799961
6664,55500990,29691350,85192340,3,0,1,12288,13,3264945930
6665,55501190,13094588,68595778,0,0,0,19456,17,8204501235
6666,55512680,12241085,67753765,7,0,0,12288,19,7759966671
6667,55514561,13094679,68609240,9,0,0,36352,17,7098555040
6668,55519649,29672714,85192363,0,0,1,10752,17,6130333935
6669,55539180,13224607,68763787,0,0,0,49152,17,1450090679
6670,55548290,13066479,68614769,7,0,0,1024,19,6103815145
6671,55548760,12378701,67927461,2,0,0,20480,18,2217577561
6672,55562010,12572312,68134322,0,0,0,6656,17,7346914953
6673,55563600,13252321,68815921,6,0,0,22528,19,8231632064
6674,55573420,12909205,68482625,6,0,0,59392,19,3608823979
6675,55620910,12491503,68112413,3,0,0,1024,13,10699082713
6676,55621700,12682609,68304309,0,0,0,14336,17,4393572722
6677,55640159,29582139,85222298,0,0,1,4608,17,8977662972
6678,55646049,29731151,85377200,5,0,1,82944,10,1754792593
6679,55657120,12697000,68354120,7,0,0,45056,19,9279362377
6680,55657840,29740200,85398040,7,0,1,512,19,1535345405
6681,55661251,11944049,67605300,9,0,0,11776,17,5246318901
6682,55663921,13185360,68849281,1,0,0,25088,0,4532665787
6683,55667810,13114195,68782005,0,0,0,20992,17,5677474204
6684,55673110,29732628,85405738,8,0,1,8704,13,4797213539
6685,55694421,12545880,68240301,1,0,0,41472,0,6528408944
6686,55696280,12264287,67960567,3,0,0,29696,13,8964335319
6687,55697270,12071459,67768729,7,0,0,5632,19,3737982411
6688,55711701,12038297,67749998,1,0,0,14336,0,10539998022
6689,55713760,12106226,67819986,3,0,0,12288,13,9756038683
6690,55719810,12395590,68115400,0,0,0,9728,17,8639042073
6691,55738051,12158502,67896553,9,0,0,6144,17,8108687091
6692,55745290,12613221,68358511,3,0,0,14336,13,1960279735
6693,55745400,12299703,68045103,2,0,0,42496,18,2642907949
6694,55748201,12807359,68555560,1,0,0,64000,0,5990657932
6695,55756361,13173389,68929750,1,0,0,50688,0,10660789318
6696,55777660,12426500,68204160,6,0,0,13824,19,3123432716
6697,55780919,29990217,85771136,5,0,1,102400,10,4879710427
6698,55783851,12348420,68132271,9,0,0,55296,17,2960057639
6699,55784800,12187068,67971868,0,0,0,33280,17,68813880
6700,55788180,12184953,67973133,4,0,0,1536,7,2233216927
6701,55792860,12266554,68059414,6,0,0,35840,19,2078520844
6702,55825180,12069478,67894658,2,0,0,23552,18,8302816426
6703,55838700,29932459,85771159,8,0,1,13312,13,5190198667
6704,55842020,12498349,68340369,3,0,0,5120,13,5325931404
6705,55842900,11938482,67781382,7,0,0,1536,19,3498710560
6706,55849380,12612919,68462299,4,0,0,41472,7,5345781234
6707,55862610,12566298,68428908,6,0,0,40960,19,4519117940
6708,55869271,12242807,68112078,9,0,0,8192,17,7626921476
6709,55878950,12348692,68227642,3,0,0,22016,13,3778118459
6710,55881960,12267238,68149198,6,0,0,13824,19,6119997794
6711,55892950,12594066,68487016,0,0,0,14336,17,7251178935
6712,55894870,29998939,85893809,8,0,1,36352,13,8648504026
6713,55910910,12040586,67951496,2,0,0,30720,18,387013362
6714,55921720,12655916,68577636,6,0,0,52736,19,1742631921
6715,55923460,30053846,85977306,1,0,1,23552,0,10024505676
6716,55941290,12656851,68598141,6,0,0,7680,19,3952332760
6717,55972090,12310056,68282146,2,0,0,6144,18,548721155
6718,55980491,12229152,68209643,1,0,0,17920,0,3759823262
6719,55996930,12188519,68185449,3,0,0,4096,13,10004201182
6720,56000600,12413058,68413658,7,0,0,4096,19,9053788552
6721,56000969,30001034,86002003,0,0,1,6656,17,7806591330
6722,56019870,12968718,68988588,0,0,0,10240,17,3594281123
6723,56021790,12166026,68187816,6,0,0,512,19,3954892849
6724,56022931,12113099,68136030,1,0,0,5120,0,1285590596
6725,56034450,29978173,86012623,8,0,1,4096,13,3319000928
6726,56058480,29955449,86013929,3,0,1,2048,13,7796263747
6727,56060639,31326091,87386730,5,0,1,678400,10,3700308881
6728,56065930,31324346,87390276,4,0,1,5632,7,8347523985
6729,56071050,12306720,68377770,2,0,0,512,18,6577478438
6730,56075590,12514237,68589827,4,0,0,39936,7,2144719109
6731,56075761,12559220,68634981,9,0,0,10752,17,3986076608
6732,56080990,12229344,68310334,4,0,0,3584,7,2146683814
6733,56081890,31309666,87391556,7,0,1,14336,19,2060221052
6734,56096169,31370918,87467087,5,0,1,30208,10,5424992408
6735,56105550,12507925,68613475,0,0,0,13824,17,8652480517
6736,56107870,13066929,69174799,4,0,0,47616,7,2224085441
6737,56123610,13296403,69420013,7,0,0,27648,19,2822011525
6738,56126490,12524420,68650910,6,0,0,9216,19,2749605507
6739,56156190,12486007,68642197,2,0,0,16896,18,1390884874
6740,56156380,31312702,87469082,8,0,1,6656,13,6509397786
6741,56164500,12599778,68764278,0,0,0,1536,17,7068292710
6742,56181300,12716886,68898186,4,0,0,92160,7,8672937646
6743,56191771,12147015,68338786,9,0,0,30720,17,3187582951
6744,56204800,12453808,68658608,2,0,0,14336,18,10293800757
6745,56222571,31254357,87476928,6,0,1,3584,19,505166773
6746,56230559,31279183,87509742,5,0,1,21504,10,5784633756
6747,56233011,12176189,68409200,9,0,0,512,17,4628550653
6748,56242191,12285497,68527688,1,0,0,9216,0,9332448641
6749,56247109,31271694,87518803,2,0,1,3072,18,9002623673
6750,56247339,31272232,87519571,0,0,1,11776,17,3831545792
6751,56260820,12779217,69040037,8,0,0,69120,13,5091568745
6752,56271711,12442992,68714703,9,0,0,16384,17,2213413809
6753,56284910,12420254,68705164,4,0,0,9728,7,2396287315
6754,56290000,12864717,69154717,7,0,0,2560,19,8391346103
6755,56312451,12312013,68624464,9,0,0,31744,17,2104277340
6756,56318860,12335349,68654209,0,0,0,10752,17,8550501240
6757,56322680,12692195,69014875,6,0,0,24064,19,1673607389
6758,56325650,12544433,68870083,3,0,0,43008,13,2987178766
6759,56332250,31216072,87548322,9,0,1,1024,17,7234216778
6760,56341000,12726813,69067813,2,0,0,70656,18,2912253430
6761,56350430,12558433,68908863,7,0,0,23040,19,9771066219
6762,56369960,13114902,69484862,2,0,0,25088,18,8048596894
6763,56385771,12471185,68856956,1,0,0,25088,0,9290861902
6764,56389190,12975006,69364196,6,0,0,13312,19,2919730342
6765,56399251,12596572,68995823,1,0,0,22528,0,4150292806
6766,56400110,12243707,68643817,6,0,0,2048,19,7856721951
6767,56402641,12046999,68449640,1,0,0,5120,0,9839702921
6768,56417540,31174659,87592199,8,0,1,18432,13,6756620
6769,56425750,12188684,68614434,2,0,0,3072,18,7973579486
6770,56429400,13526099,69955499,3,0,0,2048,13,3330021563
6771,56439781,12191901,68631682,9,0,0,7680,17,8426018144
6772,56442270,12828574,69270844,0,0,0,20992,17,4724507358
6773,56443330,31181718,87625048,7,0,1,512,19,5189767842
6774,56444020,11987251,68431271,6,0,0,7680,19,3892339753
6775,56444800,12813651,69258451,6,0,0,39424,19,3927801988
6776,56448170,31196134,87644304,9,0,1,5120,17,10301019406
6777,56457920,31186407,87644327,8,0,1,12800,13,5426169124
6778,56469130,31182860,87651990,3,0,1,512,13,4831293715
6779,56498670,31163797,87662467,3,0,1,7168,13,1877760500
6780,56515950,31149395,87665345,7,0,1,2560,19,6484445707
6781,56531331,12646767,69178098,1,0,0,10752,0,2250223403
6782,56553140,12427867,68981007,6,0,0,23040,19,8389373497
6783,56562560,12482652,69045212,7,0,0,7168,19,4151367044
6784,56564820,13166348,69731168,8,0,0,53760,13,9431115662
6785,56566529,31225397,87791926,5,0,1,32256,10,3956555521
6786,56580060,12120238,68700298,3,0,0,31232,13,5344447076
6787,56581670,12329868,68911538,2,0,0,8704,18,4664443033
6788,56581850,12186338,68768188,8,0,0,4608,13,2525155856
6789,56583860,12703722,69287582,6,0,0,26624,19,3807532815
6790,56600870,13402084,70002954,6,0,0,17920,19,7328228990
6791,56603370,12172216,68775586,6,0,0,17920,19,2684752196
6792,56621731,12819700,69441431,1,0,0,52736,0,2979285724
6793,56641260,12713193,69354453,0,0,0,3584,17,9130889808
6794,56641680,12400439,69042119,4,0,0,6656,7,593133415
6795,56696260,12069445,68765705,4,0,0,4608,7,5702451180
6796,56710510,12601941,69312451,7,0,0,38400,19,1810228472
6797,56712530,31085763,87798293,7,0,1,16384,19,7984049988
6798,56715170,12199113,68914283,7,0,0,4608,19,839960197
6799,56740220,12490928,69231148,6,0,0,42496,19,5140356299
6800,56740670,12217822,68958492,2,0,0,12288,18,3129458580
6801,56753450,12579299,69332749,7,0,0,3072,19,6881878009
6802,56785739,31031359,87817098,2,0,1,6656,18,8174791655
6803,56785941,12718966,69504907,9,0,0,14848,17,734673119
6804,56797560,12044054,68841614,0,0,0,12800,17,1775129735
6805,56798580,12712286,69510866,0,0,0,19456,17,7722108002
6806,56800650,12166778,68967428,0,0,0,8704,17,6064214195
6807,56809671,12870952,69680623,1,0,0,15360,0,10354496958
6808,56828730,12084110,68912840,8,0,0,4096,13,391478566
6809,56832290,12108911,68941201,8,0,0,10240,13,9312635880
6810,56832560,12068145,68900705,6,0,0,8192,19,5214308638
6811,56843620,12058200,68901820,6,0,0,3584,19,9860362389
6812,56849570,12333745,69183315,6,0,0,16896,19,9001036636
6813,56862920,12249037,69111957,6,0,0,19968,19,3222254650
6814,56866249,30964521,87830770,5,0,1,17920,10,5832377298
6815,56874980,12741725,69616705,3,0,0,10240,13,5008144097
6816,56887180,30943613,87830793,1,0,1,11776,0,211217446
6817,56888321,12130633,69018954,9,0,0,13312,17,6226021926
6818,56890331,30952266,87842597,6,0,1,12288,19,4991340483
6819,56892760,12603825,69496585,2,0,0,38400,18,8830767691
6820,56914240,12647540,69561780,3,0,0,14848,13,538452329
6821,56924790,30932936,87857726,3,0,1,8704,13,9960376527
6822,56925229,31399153,88324382,5,0,1,296960,10,5604452027
6823,56925750,12392987,69318737,0,0,0,3584,17,4310488061
6824,56948490,13125326,70073816,2,0,0,4608,18,5196202415
6825,56950711,12010167,68960878,9,0,0,7680,17,11333766
6826,56953390,12801224,69754614,2,0,0,76800,18,8799977857
6827,56967041,12312406,69279447,1,0,0,28160,0,10434074855
6828,56972481,12120456,69092937,9,0,0,6144,17,807838499
6829,56972671,12133179,69105850,1,0,0,25600,0,3041621220
6830,56981010,12216331,69197341,6,0,0,1536,19,6016610928
6831,56982860,13061799,70044659,7,0,0,1536,19,6295578297
6832,56983950,31342058,88326008,8,0,1,2560,13,6239534585
6833,56987240,12513112,69500352,7,0,0,12288,19,7602303151
6834,56988290,12270964,69259254,7,0,0,2560,19,307751713
6835,56988990,12196867,69185857,3,0,0,8192,13,3311459385
6836,56994110,12925045,69919155,2,0,0,44032,18,5642331875
6837,57001700,31326254,88327954,8,0,1,3072,13,8485036660
6838,57015400,31321751,88337151,3,0,1,13824,13,1718970571
6839,57016151,12439233,69455384,1,0,0,43520,0,3755491240
6840,57016300,12525930,69542230,0,0,0,16896,17,9655328926
6841,57031580,12756869,69788449,3,0,0,32256,13,9849521392
6842,57059560,31298816,88358376,1,0,1,19968,0,7442855014
6843,57061961,12833592,69895553,9,0,0,49152,17,7906433518
6844,57066080,12592166,69658246,0,0,0,47104,17,3277242134
6845,57092939,31278377,88371316,2,0,1,5632,18,6370237335
6846,57094051,31277288,88371339,6,0,1,2048,19,7203678331
6847,57126310,12795832,69922142,0,0,0,9728,17,1271801597
6848,57135830,12128595,69264425,2,0,0,16896,18,3220638575
6849,57147760,12712266,69860026,7,0,0,46592,19,1497214451
6850,57158321,12476939,69635260,9,0,0,43520,17,6988868110
6851,57164120,12189218,69353338,3,0,0,21504,13,811786418
6852,57185980,12225316,69411296,7,0,0,1536,19,9219173789
6853,57193960,12842697,70036657,0,0,0,48128,17,1223644305
6854,57199270,12273654,69472924,7,0,0,4608,19,1168419355
6855,57205780,12172884,69378664,0,0,0,30208,17,8122022679
6856,57232190,12429823,69662013,6,0,0,12288,19,454067618
6857,57240420,11997270,69237690,0,0,0,6656,17,9768217487
6858,57244510,12078867,69323377,2,0,0,5120,18,7665983108
6859,57248240,11987399,69235639,8,0,0,5120,13,8138698858
6860,57289850,12346369,69636219,3,0,0,3072,13,6414719217
6861,57293881,12131459,69425340,1,0,0,17408,0,9212180738
6862,57300350,31071012,88371362,9,0,1,2560,17,1215019263
6863,57306280,12852065,70158345,3,0,0,1024,13,619975583
6864,57317941,12060925,69378866,9,0,0,512,17,3468802462
6865,57321911,12140048,69461959,1,0,0,21504,0,8587727701
6866,57326330,11991292,69317622,7,0,0,16896,19,1732670536
6867,57328820,12668651,69997471,0,0,0,10752,17,5878596846
6868,57330660,12225180,69555840,3,0,0,25600,13,8677367899
6869,57332900,12735497,70068397,7,0,0,60928,19,2139868170
6870,57337660,12272050,69609710,8,0,0,4096,13,308536501
6871,57346450,12499357,69845807,2,0,0,102400,18,6841253626
6872,57353950,12231225,69585175,7,0,0,74240,19,7538435780
6873,57371939,30999625,88371564,0,0,1,2048,17,6576173515
6874,57379710,30991877,88371587,4,0,1,10240,7,7565755482
6875,57382240,12059861,69442101,6,0,0,2048,19,5795719032
6876,57400200,12577159,69977359,2,0,0,40960,18,670323791
6877,57405080,12639088,70044168,6,0,0,24576,19,7637413428
6878,57408740,12862432,70271172,6,0,0,37376,19,6196687462
6879,57428730,30948540,88377270,7,0,1,23040,19,7248693722
6880,57439220,12633100,70072320,8,0,0,12800,13,2179565925
6881,57439801,12236119,69675920,9,0,0,45568,17,9671302156
6882,57458900,12340520,69799420,7,0,0,20480,19,3171416336
6883,57467220,12173858,69641078,2,0,0,15872,18,8930636669
6884,57473590,12644433,70118023,3,0,0,31744,13,7256732638
6885,57484340,12392245,69876585,2,0,0,54272,18,10718553699
6886,57495400,12410316,69905716,7,0,0,33280,19,3623215783
6887,57525180,11987737,69512917,7,0,0,6656,19,957146799
6888,57553200,12706561,70259761,8,0,0,16896,13,1308085473
6889,57559140,12531444,70090584,2,0,0,30208,18,7242518711
6890,57561430,12685296,70246726,3,0,0,10752,13,8244039209
6891,57567301,12774366,70341667,9,0,0,17408,17,7653236700
6892,57576320,12368390,69944710,3,0,0,42496,13,2075021520
6893,57592240,12789085,70381325,7,0,0,8704,19,270072752
6894,57595820,12333677,69929497,2,0,0,24064,18,2093816518
6895,57600510,12653922,70254432,6,0,0,6144,19,10629535441
6896,57601361,11794709,69396070,9,0,0,512,17,308544804
6897,57608809,30993559,88602368,5,0,1,145920,10,6458767607
6898,57623891,11909051,69532942,9,0,0,1536,17,10573456580
6899,57631840,11963214,69595054,8,0,0,1024,13,2404731446
6900,57633340,30973453,88606793,7,0,1,3072,19,5671739662
6901,57642880,12645708,70288588,2,0,0,29696,18,7412136252
6902,57655571,12223533,69879104,9,0,0,8192,17,5221455171
6903,57660140,12812247,70472387,0,0,0,39936,17,7578506757
6904,57664699,31047002,88711701,2,0,1,23552,18,6161109735
6905,57694570,12684080,70378650,2,0,0,54784,18,6133514414
6906,57698100,12350950,70049050,6,0,0,14336,19,2372969861
6907,57719550,13070749,70790299,2,0,0,13312,18,4232211155
6908,57720290,12160264,69880554,8,0,0,1536,13,7664678541
6909,57720641,12265334,69985975,1,0,0,24064,0,9832969162
6910,57732300,12485543,70217843,6,0,0,9216,19,6779409927
6911,57743110,12219526,69962636,0,0,0,4608,17,4626865818
6912,57744790,12135273,69880063,8,0,0,3072,13,9324672637
6913,57747810,12357861,70105671,2,0,0,10752,18,9166785697
6914,57749160,12701319,70450479,8,0,0,8704,13,2704829614
6915,57762841,12365499,70128340,1,0,0,26624,0,2359745574
6916,57764511,12839234,70603745,9,0,0,51200,17,620343154
6917,57772710,12571811,70344521,7,0,0,8704,19,1705768487
6918,57801620,12732523,70534143,7,0,0,16896,19,3603998187
6919,57806911,12722053,70528964,1,0,0,20480,0,1253432117
6920,57830429,30996543,88826972,5,0,1,66048,10,10337223689
6921,57835899,31000955,88836854,0,0,1,3072,17,10222264885
6922,57844680,12301538,70146218,6,0,0,14848,19,7776193268
6923,57848560,12293111,70141671,0,0,0,23040,17,10473407092
6924,57929550,30907327,88836877,4,0,1,18432,7,1812526300
6925,57936709,12509942,70446651,5,0,0,9216,10,7076813964
6926,57947580,12358398,70305978,6,0,0,29696,19,429136986
6927,57950120,12004732,69954852,7,0,0,19968,19,1741187707
6928,57962621,12900704,70863325,1,0,0,19968,0,7036554182
6929,57962670,12117619,70080289,0,0,0,9216,17,7276877580
6930,57983730,12220098,70203828,0,0,0,68608,17,4461719654
6931,57988200,12220643,70208843,7,0,0,16384,19,10058277149
6932,57999050,12318798,70317848,7,0,0,6144,19,3876080261
6933,58000509,31047334,89047843,5,0,1,66560,10,1598235902
6934,58008780,12270737,70279517,7,0,0,1536,19,1598976999
6935,58021450,12677996,70699446,3,0,0,38912,13,58261298
6936,58036669,31190106,89226775,5,0,1,126976,10,199068741
6937,58038140,12256418,70294558,7,0,0,9216,19,9353322555
6938,58043389,12184985,70228374,5,0,0,22016,10,1172877914
6939,58043910,11945336,69989246,2,0,0,5120,18,3721008059
6940,58044060,11904105,69948165,8,0,0,11264,13,10481486371
6941,58074890,31169194,89244084,1,0,1,2048,0,1857906364
6942,58082700,31173959,89256659,9,0,1,7168,17,1853848921
6943,58085841,12436860,70522701,1,0,0,5632,0,1885228446
6944,58086570,12128442,70215012,2,0,0,17920,18,1641067458
6945,58098921,12180105,70279026,1,0,0,25600,0,7238345320
6946,58110990,31148921,89259911,4,0,1,5120,7,2428798742
6947,58118470,12639143,70757613,3,0,0,5120,13,1513866139
6948,58123641,12674793,70798434,9,0,0,26624,17,3860274171
6949,58130470,12970812,71101282,3,0,0,6656,13,6986838012
6950,58133080,12208766,70341846,6,0,0,512,19,8624128622
6951,58135411,13057188,71192599,1,0,0,53760,0,8310371530
6952,58146170,12085357,70231527,2,0,0,8192,18,6619753886
6953,58150831,12434616,70585447,9,0,0,38912,17,10196400822
6954,58156791,12834554,70991345,9,0,0,23552,17,7019196982
6955,58160680,12644204,70804884,0,0,0,7168,17,10060738295
6956,58194360,12493207,70687567,3,0,0,43520,13,676600494
6957,58197341,12354609,70551950,9,0,0,58368,17,354206270
6958,58200599,12115354,70315953,5,0,0,7680,10,8016537602
6959,58206259,12522725,70728984,5,0,0,60416,10,8174360998
6960,58206340,12528485,70734825,3,0,0,15360,13,560779261
6961,58215470,12689625,70905095,3,0,0,13824,13,9136312096
6962,58239350,12710653,70950003,7,0,0,15360,19,10652420257
6963,58295690,12182648,70478338,6,0,0,19456,19,9471898887
6964,58297239,30965578,89262817,2,0,1,4608,18,4588516863
6965,58298880,12093427,70392307,2,0,0,32768,18,2463081364
6966,58300200,12180391,70480591,2,0,0,4096,18,9533317099
6967,58302190,30961933,89264123,1,0,1,2048,0,6950630513
6968,58314980,30961311,89276291,8,0,1,20992,13,5057393302
6969,58316430,12535530,70851960,3,0,0,32256,13,34361053
6970,58327820,12226805,70554625,2,0,0,8704,18,8808116046
6971,58339090,11974500,70313590,0,0,0,6144,17,2652721696
6972,58350989,12748242,71099231,5,0,0,28672,10,1635169062
6973,58360840,12118480,70479320,0,0,0,3072,17,9464414820
6974,58363680,12526333,70890013,6,0,0,11776,19,8856203754
6975,58365520,12148430,70513950,0,0,0,2560,17,9038204878
6976,58367240,30909074,89276314,9,0,1,3072,17,10569513997
6977,58374640,12213482,70588122,7,0,0,8704,19,4810314800
6978,58397410,12253577,70650987,0,0,0,37376,17,1680088167
6979,58437120,12729339,71166459,6,0,0,7680,19,8230742950
6980,58456000,11963291,70419291,6,0,0,5120,19,6089968530
6981,58461340,30847362,89308702,7,0,1,23040,19,4622036319
6982,58471699,30837989,89309688,0,0,1,1536,17,2199499234
6983,58472790,11922348,70395138,0,0,0,9216,17,8286723415
6984,58484720,12829841,71314561,8,0,0,14336,13,8461243610
6985,58488240,12516255,71004495,6,0,0,9728,19,4818066404
6986,58493419,12914820,71408239,5,0,0,3072,10,237077747
6987,58504711,11911504,70416215,9,0,0,16896,17,6902739255
6988,58511521,12560124,71071645,1,0,0,5120,0,2782563334
6989,58512431,12092273,70604704,9,0,0,3072,17,6945743012
6990,58513430,11868862,70382292,7,0,0,3072,19,1921612140
6991,58524071,12230183,70754254,1,0,0,10752,0,6147774357
6992,58544550,30776597,89321147,8,0,1,6656,13,674061714
6993,58584920,30744853,89329773,8,0,1,2048,13,8711571182
6994,58586810,11852214,70439024,0,0,0,5632,17,6558156386
6995,58590900,12410608,71001508,3,0,0,33280,13,1267699870
6996,58609009,12893148,71502157,5,0,0,43008,10,10216478160
6997,58618790,12709679,71328469,2,0,0,24064,18,9802264288
6998,58619640,30710156,89329796,1,0,1,7168,0,898807690
6999,58633401,12839759,71473160,9,0,0,69120,17,10350707634
7000,58637230,30694374,89331604,9,0,1,14848,17,4738881103
7001,58638791,13124902,71763693,9,0,0,40448,17,7290111992
7002,58646780,30706449,89353229,7,0,1,4096,19,429825628
7003,58648691,11907571,70556262,1,0,0,5120,0,4261399316
7004,58693911,12057044,70750955,1,0,0,52736,0,4964886361
7005,58697511,13126012,71823523,9,0,0,24064,17,4485385972
7006,58720831,12575942,71296773,1,0,0,46080,0,5439704429
7007,58725509,31077430,89802939,5,0,1,155136,10,2926159977
7008,58729110,12410992,71140102,7,0,0,17920,19,4527043474
7009,58755840,31095704,89851544,3,0,1,3072,13,9674998465
7010,58772390,12311129,71083519,8,0,0,30720,13,9716764626
7011,58781720,11928833,70710553,6,0,0,36352,19,3984988457
7012,58788210,12144405,70932615,0,0,0,24576,17,5798607192
7013,58788610,31063280,89851890,9,0,1,512,17,8971117485
7014,58812480,12309940,71122420,0,0,0,54272,17,10231433530
7015,58840790,31016285,89857075,9,0,1,16384,17,7022294000
7016,58851211,12283400,71134611,1,0,0,39936,0,8206801399
7017,58860229,11942440,70802669,5,0,0,13824,10,5258046491
7018,58870490,12642032,71512522,7,0,0,15360,19,5581358360
7019,58887660,11969315,70856975,6,0,0,16384,19,5555376018
7020,58889940,12680320,71570260,3,0,0,53248,13,2249184477
7021,58896339,11833783,70730122,5,0,0,3584,10,3774053270
7022,58896880,12762009,71658889,8,0,0,65536,13,6290901381
7023,58904050,11938059,70842109,0,0,0,34816,17,6460629413
7024,58913030,31055438,89968468,9,0,1,17920,17,2460348157
7025,58914940,12565895,71480835,8,0,0,25088,13,7306191579
7026,58929440,31047342,89976782,4,0,1,12288,7,4197181776
7027,58936740,31041344,89978084,3,0,1,9728,13,5695850850
7028,58937130,31132441,90069571,9,0,1,5632,17,2774218585
7029,58937669,31227001,90164670,5,0,1,49152,10,8363200650
7030,58960551,13024760,71985311,1,0,0,41984,0,5611213528
7031,58975410,31189516,90164926,4,0,1,9216,7,5576581317
7032,58989921,12712538,71702459,9,0,0,142336,17,6489438432
7033,58992090,12924494,71916584,0,0,0,82432,17,8472895639
7034,58992490,31186070,90178560,9,0,1,11776,17,4727732219
7035,58999250,12816918,71816168,2,0,0,38400,18,2790389131
7036,59002349,13023051,72025400,5,0,0,7680,10,3703995554
7037,59022410,12836228,71858638,7,0,0,22528,19,8014021738
7038,59029700,12021013,71050713,2,0,0,2560,18,10698581846
7039,59035301,12623767,71659068,1,0,0,512,0,10593860861
7040,59041430,31188111,90229541,1,0,1,3072,0,5987935305
7041,59045629,31221344,90266973,5,0,1,19968,10,7219526359
7042,59048999,31294958,90343957,2,0,1,4096,18,10699944587
7043,59064460,12419986,71484446,0,0,0,11776,17,9995901370
7044,59080660,12161501,71242161,8,0,0,28160,13,7103246742
7045,59096550,12323977,71420527,3,0,0,3072,13,7215986417
7046,59126780,31217200,90343980,1,0,1,7168,0,3380791732
7047,59137081,31206922,90344003,6,0,1,1024,19,552452834
7048,59140771,12139230,71280001,9,0,0,512,17,6981442494
7049,59142981,31201045,90344026,6,0,1,5632,19,7334024115
7050,59151080,12860148,72011228,8,0,0,9728,13,2186588629
7051,59166709,11894503,71061212,5,0,0,16384,10,1523175513
7052,59172000,12057517,71229517,7,0,0,11264,19,3710528472
7053,59183379,31163397,90346776,2,0,1,5120,18,4411718042
7054,59185440,12589664,71775104,7,0,0,37376,19,6738340092
7055,59186190,31161150,90347340,9,0,1,10752,17,1935746302
7056,59189320,12751605,71940925,3,0,0,77312,13,9557400909
7057,59197721,12789485,71987206,1,0,0,6144,0,10146800336
7058,59198001,12024226,71222227,1,0,0,9216,0,692835588
7059,59203670,12761417,71965087,2,0,0,60928,18,5872465510
7060,59211930,11981160,71193090,6,0,0,1536,19,6466183812
7061,59214980,12361165,71576145,0,0,0,10752,17,2758842254
7062,59215470,12729846,71945316,8,0,0,14336,13,8858976226
7063,59220750,12350157,71570907,8,0,0,2048,13,5506645763
7064,59253200,12052923,71306123,2,0,0,9216,18,2861982308
7065,59254561,31203914,90458475,6,0,1,11264,19,10027369414
7066,59266751,12104552,71371303,9,0,0,12288,17,7523672332
7067,59279150,12172927,71452077,0,0,0,34304,17,2245720933
7068,59279769,12274244,71554013,5,0,0,20992,10,7207716779
7069,59286120,12436913,71723033,0,0,0,14336,17,3510071741
7070,59330300,31203832,90534132,3,0,1,31232,13,5676204725
7071,59333929,12196742,71530671,5,0,0,49152,10,1810314891
7072,59337161,12730928,72068089,9,0,0,31232,17,6701477060
7073,59337540,12413806,71751346,7,0,0,1536,19,8391128070
7074,59343260,31197324,90540584,9,0,1,10240,17,4379486099
7075,59355539,31186031,90541570,5,0,1,1536,10,8584365951
7076,59356300,31202653,90558953,7,0,1,13312,19,5270196235
7077,59359740,31201576,90561316,3,0,1,3584,13,3273556340
7078,59359820,12147976,71507796,0,0,0,18432,17,9677171026
7079,59385800,12613932,71999732,3,0,0,5120,13,9629536239
7080,59409950,12300690,71710640,3,0,0,22528,13,4243319992
7081,59410850,12173031,71583881,7,0,0,10240,19,5171194424
7082,59419010,12329950,71748960,8,0,0,84992,13,9107653912
7083,59425560,31137285,90562845,4,0,1,2560,7,8017796360
7084,59437290,31126541,90563831,8,0,1,1536,13,3953750808
7085,59443961,12391234,71835195,9,0,0,5632,17,3592601010
7086,59446539,31119238,90565777,2,0,1,3072,18,1596917846
7087,59447240,12669755,72116995,6,0,0,4096,19,103066859
7088,59465880,12408203,71874083,3,0,0,28672,13,8018278451
7089,59468399,11972573,71440972,5,0,0,23552,10,9896649258
7090,59477130,11946639,71423769,6,0,0,2048,19,9806900287
7091,59484879,31367494,90852373,5,0,1,128000,10,6344156669
7092,59488631,12691868,72180499,9,0,0,51200,17,4500299705
7093,59497601,12049993,71547594,9,0,0,10752,17,2937232971
7094,59519490,12103265,71622755,3,0,0,5632,13,10056835362
7095,59523150,12423304,71946454,2,0,0,1024,18,5560470453
7096,59524580,31385478,90910058,7,0,1,8704,19,1790738211
7097,59547340,12156413,71703753,0,0,0,3584,17,7343452641
7098,59575690,31347915,90923605,1,0,1,4608,0,5623290227
7099,59582620,12308178,71890798,6,0,0,54784,19,9689545469
7100,59589140,12122459,71711599,2,0,0,3072,18,9929360220
7101,59608170,31354501,90962671,1,0,1,27648,0,3996932499
7102,59622139,12964624,72586763,5,0,0,13312,10,735362745
7103,59631070,31331624,90962694,4,0,1,4096,7,2451630772
7104,59633520,12003528,71637048,6,0,0,15872,19,5451452236
7105,59639160,12621471,72260631,7,0,0,18944,19,9008639893
7106,59643810,12107045,71750855,8,0,0,6144,13,434227915
7107,59649000,12149752,71798752,7,0,0,50176,19,3855816580
7108,59655190,31307527,90962717,3,0,1,3584,13,9086346314
7109,59660741,12614528,72275269,9,0,0,43520,17,2012130757
7110,59664720,12333429,71998149,8,0,0,35840,13,2357687261
7111,59679730,12641571,72321301,4,0,0,33280,7,6062876883
7112,59693879,12024763,71718642,5,0,0,23040,10,1591938118
7113,59696939,12311286,72008225,5,0,0,2048,10,2803608252
7114,59706990,11931017,71638007,7,0,0,3072,19,9331656507
7115,59710369,12808650,72519019,5,0,0,52224,10,1386536577
7116,59711900,11990738,71702638,4,0,0,512,7,7329276257
7117,59713970,12232149,71946119,2,0,0,2560,18,10388593057
7118,59727760,31238295,90966055,9,0,1,16384,17,5729143443
7119,59731971,12381072,72113043,1,0,0,5632,0,5153993641
7120,59739560,12283469,72023029,6,0,0,26112,19,2155586820
7121,59747559,12829010,72576569,5,0,0,58880,10,10397880021
7122,59764011,12019384,71783395,9,0,0,27136,17,1331375423
7123,59766901,12037490,71804391,9,0,0,18432,17,8436303457
7124,59767130,12760226,72527356,6,0,0,18432,19,8692065473
7125,59775440,31234801,91010241,9,0,1,1024,17,9514580689
7126,59778600,12138677,71917277,6,0,0,2048,19,803534090
7127,59782010,31242503,91024513,4,0,1,4608,7,289707264
7128,59791571,12255966,72047537,1,0,0,14848,0,800302150
7129,59805500,12961633,72767133,2,0,0,90112,18,1432199822
7130,59820800,31205007,91025807,3,0,1,2560,13,1595527969
7131,59827211,12180367,72007578,1,0,0,12288,0,9160647828
7132,59831340,12788822,72620162,8,0,0,15872,13,5546680026
7133,59852860,31176893,91029753,3,0,1,3072,13,5269324328
7134,59861710,31168066,91029776,9,0,1,8192,17,4272701451
7135,59877040,12258019,72135059,8,0,0,33792,13,436061199
7136,59884170,12260185,72144355,7,0,0,512,19,9727477177
7137,59909460,11981985,71891445,3,0,0,2048,13,8009564505
7138,59920030,13037170,72957200,8,0,0,24576,13,7568903109
7139,59934730,31095069,91029799,7,0,1,2048,19,3638867457
7140,59936620,12605942,72542562,7,0,0,12288,19,5331445414
7141,59937031,12285590,72222621,9,0,0,12288,17,2424975628
7142,59940500,12750702,72691202,3,0,0,32256,13,2559905770
7143,59964821,12007675,71972496,9,0,0,24064,17,2411907655
7144,59994850,12059139,72053989,0,0,0,11776,17,1338441993
7145,59996849,31378475,91375324,5,0,1,138240,10,10013721320
7146,60026210,31416231,91442441,7,0,1,18944,19,7631336847
7147,60030310,12629884,72660194,0,0,0,27648,17,2490993385
7148,60059590,31412731,91472321,4,0,1,1024,7,443807319
7149,60070910,12949675,73020585,6,0,0,45056,19,7939451880
7150,60073050,12430034,72503084,2,0,0,15360,18,6465255421
7151,60079250,12530038,72609288,6,0,0,18432,19,9894176897
7152,60094331,11909480,72003811,1,0,0,13312,0,10444310305
7153,60127950,12016226,72144176,2,0,0,28160,18,6757080647
7154,60128581,12101083,72229664,1,0,0,23040,0,5367395655
7155,60140229,12809460,72949689,5,0,0,26624,10,6102677916
7156,60155520,12342861,72498381,0,0,0,73216,17,2731376879
7157,60161120,12475948,72637068,0,0,0,6144,17,5699195146
7158,60161989,31320490,91482479,0,0,1,9728,17,6066228637
7159,60175620,12134564,72310184,0,0,0,6144,17,619187038
7160,60176120,12068625,72244745,3,0,0,29696,13,2962573631
7161,60183020,11891768,72074788,6,0,0,7680,19,5577642107
7162,60185580,12494418,72679998,3,0,0,22528,13,5366739629
7163,60200859,12033714,72234573,5,0,0,6144,10,5838811957
7164,60203580,12683886,72887466,3,0,0,30720,13,2733079927
7165,60204180,12611700,72815880,0,0,0,3584,17,8439066780
7166,60221141,12864118,73085259,9,0,0,72192,17,6325776803
7167,60221501,12909200,73130701,9,0,0,43520,17,7123508125
7168,60232290,12789254,73021544,2,0,0,3072,18,10382949091
7169,60247419,12779959,73027378,5,0,0,5120,10,1870407388
7170,60264490,11807389,72071879,2,0,0,12288,18,6778338641
7171,60277690,12779821,73057511,2,0,0,37376,18,216643337
7172,60280960,12118834,72399794,7,0,0,11776,19,385329023
7173,60300121,12136584,72436705,9,0,0,3072,17,5952035342
7174,60307189,31243193,91550382,2,0,1,2560,18,7891430327
7175,60310130,12530802,72840932,6,0,0,18432,19,4273945556
7176,60313780,31259767,91573547,4,0,1,8192,7,5019994825
7177,60332430,12973245,73305675,6,0,0,57344,19,9623763609
7178,60341601,13086771,73428372,1,0,0,10752,0,2505559436
7179,60347879,12117732,72465611,5,0,0,5120,10,4081682764
7180,60348780,12036845,72385625,6,0,0,20992,19,1534785569
7181,60377780,12775618,73153398,2,0,0,52736,18,6273655979
7182,60378410,11979867,72358277,3,0,0,19968,13,7491150973
7183,60390590,11803673,72194263,7,0,0,5632,19,5773920750
7184,60391129,13185259,73576388,5,0,0,2560,10,2297161121
7185,60392361,12053464,72445825,1,0,0,23552,0,8613001153
7186,60431980,12189453,72621433,7,0,0,4096,19,7919393949
7187,60461760,12059957,72521717,3,0,0,8704,13,3885348388
7188,60468630,31104940,91573570,9,0,1,5120,17,1501063866
7189,60474840,11772112,72246952,3,0,0,7168,13,9060614490
7190,60475109,12745636,73220745,5,0,0,34304,10,6470506469
7191,60480630,13027541,73508171,7,0,0,20992,19,7467587478
7192,60481391,12724669,73206060,1,0,0,29184,0,6644037742
7193,60491611,12679812,73171423,1,0,0,25088,0,3284547535
7194,60498960,12372273,72871233,8,0,0,19456,13,2070398580
7195,60505320,12540780,73046100,2,0,0,15872,18,6389295276
7196,60524619,13216503,73741122,5,0,0,48640,10,5958469196
7197,60528010,12122622,72650632,0,0,0,18432,17,32563502
7198,60591650,12251801,72843451,7,0,0,8192,19,8925466819
7199,60594630,30978963,91573593,3,0,1,8704,13,4718241931
7200,60601730,12175566,72777296,8,0,0,33280,13,5878618221
7201,60603211,12022613,72625824,1,0,0,14336,0,4686648883
7202,60621229,30952387,91573616,2,0,1,29184,18,5152229954
7203,60641560,11941124,72582684,8,0,0,19968,13,9882925447
7204,60651489,30925646,91577135,0,0,1,6144,17,6940957999
7205,60652939,12732987,73385926,5,0,0,19456,10,9348194523
7206,60654860,12011948,72666808,2,0,0,12800,18,9609301797
7207,60659860,30931638,91591498,7,0,1,12800,19,4325008608
7208,60663060,11895546,72558606,8,0,0,52224,13,101013001
7209,60670320,12485597,73155917,8,0,0,8192,13,1840383089
7210,60671140,12705848,73376988,2,0,0,51200,18,10288543580
7211,60671460,12445958,73117418,3,0,0,105472,13,9970205949
7212,60674040,30917481,91591521,1,0,1,2560,0,1930270763
7213,60679699,12720620,73400319,5,0,0,19456,10,3525794504
7214,60686640,13330123,74016763,0,0,0,49664,17,2289002912
7215,60688230,12284820,72973050,0,0,0,11776,17,1869120339
7216,60702590,12677385,73379975,8,0,0,9728,13,5478353820
7217,60722960,12738272,73461232,7,0,0,94720,19,10186488802
7218,60729140,11901009,72630149,0,0,0,4608,17,10310034000
7219,60735640,12943475,73679115,8,0,0,83456,13,8012626241
7220,60746400,11956343,72702743,2,0,0,19456,18,1073832843
7221,60747090,30844454,91591544,9,0,1,4608,17,1048459847
7222,60750621,12440013,73190634,9,0,0,62976,17,9949743883
7223,60784889,30806678,91591567,2,0,1,6144,18,8042712528
7224,60792230,11901417,72693647,7,0,0,1024,19,9134877749
7225,60800160,11892781,72692941,3,0,0,5632,13,5712209197
7226,60806770,12330537,73137307,8,0,0,21504,13,6623416866
7227,60819259,31014023,91833282,5,0,1,22016,10,8829332845
7228,60828350,12945272,73773622,7,0,0,8192,19,7752723695
7229,60836269,12036357,72872626,5,0,0,3072,10,133978411
7230,60859169,11792578,72651747,5,0,0,3584,10,693199784
7231,60866290,12626531,73492821,3,0,0,59904,13,370719062
7232,60866399,31125229,91991628,0,0,1,8704,17,2543243877
7233,60872220,31119562,91991782,7,0,1,8704,19,2843568746
7234,60873950,31177908,92051858,3,0,1,8192,13,9740353604
7235,60875670,12044479,72920149,7,0,0,512,19,9057658735
7236,60876280,11923204,72799484,8,0,0,23552,13,4393612771
7237,60876609,13202813,74079422,5,0,0,14336,10,757379205
7238,60884129,12077470,72961599,5,0,0,14336,10,4087436798
7239,60889139,11773738,72662877,5,0,0,8704,10,423900108
7240,60891521,12418077,73309598,1,0,0,12800,0,4088002726
7241,60895641,11969641,72865282,9,0,0,9216,17,503129109
7242,60896560,12462558,73359118,0,0,0,79360,17,4672658713
7243,60899819,12489733,73389552,5,0,0,11776,10,1890340537
7244,60918810,12323716,73242526,6,0,0,26624,19,8026947859
7245,60929221,12128781,73058002,9,0,0,1536,17,7462369021
7246,60930349,31153519,92083868,2,0,1,9728,18,6900014158
7247,60943659,31140232,92083891,2,0,1,18944,18,1456693338
7248,60954099,11958527,72912626,5,0,0,35840,10,6764695221
7249,60956631,11935998,72892629,9,0,0,10752,17,8728375235
7250,60962100,13259621,74221721,8,0,0,75264,13,6436268940
7251,60965641,13162563,74128204,9,0,0,34304,17,8175512021
7252,60971889,12677087,73648976,5,0,0,5632,10,5461538684
7253,60982831,12214245,73197076,9,0,0,13312,17,5018611495
7254,60986010,31165384,92151394,8,0,1,14336,13,6957577112
7255,60986360,31197840,92184200,7,0,1,3072,19,4211282925
7256,61010180,12320000,73330180,3,0,0,19968,13,8277410107
7257,61017310,12210322,73227632,2,0,0,22528,18,2152640067
7258,61032670,12777255,73809925,6,0,0,29696,19,1046615716
7259,61038489,31386448,92424937,0,0,1,89600,17,2052511030
7260,61044319,31399155,92443474,5,0,1,9216,10,6978662613
7261,61058330,12667941,73726271,0,0,0,13312,17,5396149502
7262,61058551,13193332,74251883,1,0,0,25600,0,2256908986
7263,61060330,11965457,73025787,6,0,0,13824,19,9612328461
7264,61063859,12168944,73232803,5,0,0,16896,10,6345601338
7265,61066970,12655222,73722192,7,0,0,33280,19,5369379044
7266,61076710,31369670,92446380,1,0,1,4608,0,8724236766
7267,61080170,13198013,74278183,6,0,0,82944,19,6893460880
7268,61091891,12156586,73248477,1,0,0,19456,0,6079963409
7269,61094800,13403956,74498756,6,0,0,35840,19,10414620538
7270,61097759,31507253,92605012,2,0,1,9216,18,5659777054
7271,61114300,31491069,92605369,4,0,1,4608,7,764098443
7272,61135201,12620220,73755421,1,0,0,2048,0,5978504142
7273,61136801,12648076,73784877,1,0,0,36864,0,8909969141
7274,61139701,12458759,73598460,1,0,0,7168,0,3554029223
7275,61146470,12060705,73207175,0,0,0,3584,17,6631875259
7276,61148780,31484231,92633011,8,0,1,1536,13,2099541156
7277,61149330,12014418,73163748,6,0,0,25600,19,4480067109
7278,61151461,31485808,92637269,6,0,1,2048,19,5486851318
7279,61155531,12168519,73324050,1,0,0,12288,0,3953687723
7280,61163091,31565449,92728540,6,0,1,12800,19,3399253093
7281,61164231,12028766,73192997,9,0,0,7680,17,4570236384
7282,61187860,12606735,73794595,3,0,0,31744,13,10713949234
7283,61188640,31596619,92785259,4,0,1,1536,7,8915214659
7284,61202741,12656115,73858856,9,0,0,36864,17,6359195738
7285,61211860,31573422,92785282,4,0,1,9216,7,47159073
7286,61213171,12778061,73991232,9,0,0,26624,17,1536851765
7287,61224770,12248349,73473119,2,0,0,38912,18,4481011117
7288,61234930,31557426,92792356,9,0,1,512,17,4794188354
7289,61236999,12122922,73359921,5,0,0,2560,10,1414414337
7290,61240650,12261086,73501736,8,0,0,29184,13,10014294317
7291,61250179,12144189,73394368,5,0,0,8704,10,5733614618
7292,61251060,12036370,73287430,8,0,0,24064,13,4898474530
7293,61256391,13495111,74751502,1,0,0,67072,0,3422826438
7294,61260329,31532050,92792379,2,0,1,3072,18,4436494839
7295,61262990,31529412,92792402,7,0,1,2560,19,1944499178
7296,61275479,31518529,92794008,2,0,1,1024,18,9796001312
7297,61285641,12123035,73408676,1,0,0,5632,0,3524851073
7298,61288119,12258975,73547094,5,0,0,8704,10,7367127111
7299,61290910,31503121,92794031,4,0,1,8704,7,10024440741
7300,61291489,12183057,73474546,5,0,0,4608,10,8376951700
7301,61302510,12786984,74089494,7,0,0,10240,19,555546402
7302,61313931,12398082,73712013,9,0,0,22528,17,6976717165
7303,61317599,31477578,92795177,5,0,1,5120,10,573406394
7304,61368700,13009908,74378608,7,0,0,94208,19,6771350656
7305,61372771,12542349,73915120,9,0,0,7680,17,5800144102
7306,61375989,31419211,92795200,5,0,1,512,10,2741030417
7307,61392260,31402963,92795223,1,0,1,10240,0,48998422
7308,61399669,12751115,74150784,5,0,0,3584,10,4709498168
7309,61401660,12978219,74379879,3,0,0,4096,13,8866560852
7310,61404389,12286293,73690682,5,0,0,37888,10,5453154898
7311,61408140,12164438,73572578,2,0,0,33280,18,3873391445
7312,61409000,31404303,92813303,7,0,1,17408,19,967537862
7313,61419610,12012739,73432349,6,0,0,6144,19,7125879918
7314,61421970,12137145,73559115,2,0,0,11776,18,1983464444
7315,61422040,12278851,73700891,3,0,0,33280,13,1356510113
7316,61427540,12459876,73887416,2,0,0,34816,18,1039227471
7317,61439929,31935723,93375652,0,0,1,174592,17,999915097
7318,61440289,12264837,73705126,5,0,0,13824,10,10290234948
7319,61446001,12493632,73939633,1,0,0,19456,0,137985721
7320,61452140,12422537,73874677,7,0,0,15360,19,4539316654
7321,61455221,12463176,73918397,9,0,0,6656,17,10209783915
7322,61459749,12115820,73575569,5,0,0,5120,10,2206118517
7323,61477590,31898085,93375675,1,0,1,14336,0,3060765268
7324,61484700,13072538,74557238,2,0,0,40960,18,633596342
7325,61489361,31914762,93404123,6,0,1,12800,19,9159928870
7326,61494420,12993393,74487813,0,0,0,103936,17,7118362042
7327,61497960,13191293,74689253,3,0,0,8192,13,10224605271
7328,61499570,31905859,93405429,8,0,1,2048,13,7617082497
7329,61535671,12420598,73956269,9,0,0,25088,17,6068441961
7330,61549820,13284495,74834315,8,0,0,3584,13,8580144826
7331,61551210,31924609,93475819,9,0,1,26624,17,2721574523
7332,61552780,12887093,74439873,3,0,0,68608,13,7319851828
7333,61582390,11930328,73512718,3,0,0,14848,13,2220874176
7334,61584100,12954168,74538268,8,0,0,35328,13,9785215761
7335,61592619,11981230,73573849,5,0,0,4096,10,9261846824
7336,61594600,11999449,73594049,6,0,0,15360,19,9196688968
7337,61596400,13222737,74819137,6,0,0,12800,19,3217496113
7338,61598010,12143455,73741465,3,0,0,1024,13,3561220384
7339,61599080,31877725,93476805,9,0,1,1536,17,3269559873
7340,61614520,13497833,75112353,6,0,0,34816,19,723193480
7341,61624080,12242821,73866901,7,0,0,10240,19,8821280084
7342,61631100,31846166,93477266,4,0,1,10240,7,2821974827
7343,61632990,12699278,74332268,8,0,0,3072,13,3939940049
7344,61635509,31881984,93517493,2,0,1,16896,18,348360435
7345,61639720,13587767,75227487,0,0,0,13312,17,9107904163
7346,61640210,12256745,73896955,2,0,0,31232,18,9293950141
7347,61670140,12971192,74641332,8,0,0,15360,13,253401557
7348,61680319,31848332,93528651,2,0,1,1536,18,7976178712
7349,61682329,32304304,93986633,0,0,1,231424,17,5532592624
7350,61699570,32323571,94023141,4,0,1,2560,7,3818747933
7351,61711670,13168748,74880418,0,0,0,79360,17,9822638844
7352,61717371,12587713,74305084,9,0,0,12800,17,3486360476
7353,61740031,32283133,94023164,6,0,1,4096,19,2513489364
7354,61740071,13320056,75060127,9,0,0,1536,17,5676911962
7355,61764680,12536481,74301161,3,0,0,70656,13,9382069551
7356,61770430,32252757,94023187,4,0,1,15872,7,9968237341
7357,61770750,13271025,75041775,3,0,0,81408,13,749424187
7358,61771670,32269001,94040671,9,0,1,1024,17,770891841
7359,61783019,12761716,74544735,5,0,0,18432,10,6877563800
7360,61787299,32254038,94041337,5,0,1,1024,10,72587577
7361,61788570,32290662,94079232,7,0,1,10752,19,6968662670
7362,61807720,12115701,73923421,3,0,0,1536,13,9285529011
7363,61808540,32274238,94082778,4,0,1,5632,7,4907258003
7364,61828050,12451560,74279610,7,0,0,4608,19,2055043949
7365,61839420,12023359,73862779,6,0,0,12800,19,5425642023
7366,61854310,12905038,74759348,6,0,0,13312,19,459786916
7367,61863570,12104394,73967964,6,0,0,10752,19,7200636195
7368,61874170,32210554,94084724,1,0,1,3072,0,4292854208
7369,61877170,32210140,94087310,1,0,1,4096,0,3089661025
7370,61879900,12700708,74580608,7,0,0,14336,19,9840402384
7371,61885900,12733343,74619243,7,0,0,6144,19,4981167231
7372,61890970,12832398,74723368,3,0,0,102400,13,6323455801
7373,61898290,32190326,94088616,3,0,1,2048,13,9358289389
7374,61900330,32188632,94088962,3,0,1,512,13,4189623846
7375,61906450,32184138,94090588,9,0,1,2560,17,6733541585
7376,61909240,12905974,74815214,0,0,0,60416,17,497237399
7377,61918300,12193324,74111624,3,0,0,2048,13,7086576323
7378,61943869,32191898,94135767,0,0,1,3584,17,7835409485
7379,61948131,12304711,74252842,9,0,0,3072,17,4377284876
7380,61976040,12268012,74244052,3,0,0,73216,13,9867699187
7381,61990670,12393756,74384426,3,0,0,14848,13,4211073099
7382,62004810,32130980,94135790,4,0,1,512,7,10491815994
7383,62017450,12924812,74942262,3,0,0,69632,13,10670300523
7384,62026270,12281246,74307516,0,0,0,4608,17,962248826
7385,62026930,32108883,94135813,1,0,1,7168,0,5380293950
7386,62037300,12614673,74651973,0,0,0,1536,17,10331003542
7387,62044060,13111920,75155980,7,0,0,42496,19,329315159
7388,62068000,12728783,74796783,3,0,0,67072,13,9509120039
7389,62088960,12832063,74921023,3,0,0,81920,13,8120131904
7390,62094209,12899314,74993523,5,0,0,14848,10,4389436051
7391,62101151,13160701,75261852,9,0,0,69120,17,4412647675
7392,62106651,13225908,75332559,9,0,0,33280,17,1818118879
7393,62167631,12910354,75077985,1,0,0,3584,0,8301850805
7394,62182031,12016735,74198766,1,0,0,8704,0,3813945127
7395,62184500,12157944,74342444,3,0,0,14336,13,87481071
7396,62189261,13096336,75285597,9,0,0,42496,17,4020334233
7397,62208361,13215254,75423615,9,0,0,20480,17,10620589477
7398,62238930,12893043,75131973,3,0,0,19456,13,1706828442
7399,62251340,31884496,94135836,3,0,1,5632,13,163311302
7400,62251580,31910050,94161630,4,0,1,1024,7,3452921237
7401,62256601,12803035,75059636,1,0,0,13312,0,3209826184
7402,62256710,31904943,94161653,3,0,1,5120,13,1365083334
7403,62261059,31900617,94161676,2,0,1,2560,18,7885891910
7404,62269700,12036343,74306043,8,0,0,3072,13,4600998968
7405,62274270,12558930,74833200,6,0,0,46080,19,6051360862
7406,62277299,31884400,94161699,5,0,1,12800,10,4472204590
7407,62290530,12440513,74731043,7,0,0,25088,19,3481452644
7408,62297640,12289075,74586715,0,0,0,19968,17,10417704711
7409,62322521,12894047,75216568,9,0,0,103424,17,1714234680
7410,62329070,31832652,94161722,1,0,1,1024,0,496005987
7411,62329570,12425699,74755269,7,0,0,12288,19,5581474036
7412,62345180,12630937,74976117,8,0,0,29696,13,6802723163
7413,62351110,12411225,74762335,6,0,0,9728,19,2830094722
7414,62370041,31795051,94165092,6,0,1,7680,19,2704153321
7415,62376020,12132119,74508139,8,0,0,30720,13,8791528725
7416,62382000,13285641,75667641,3,0,0,76288,13,2482593045
7417,62389380,12491575,74880955,7,0,0,1536,19,6764548210
7418,62401501,12235128,74636629,9,0,0,47616,17,4174810838
7419,62404760,12943422,75348182,3,0,0,51200,13,3544994777
7420,62408570,12158693,74567263,3,0,0,2560,13,5222681643
7421,62422650,13143719,75566369,8,0,0,44544,13,4928157294
7422,62429470,12973534,75403004,6,0,0,32256,19,5137109321
7423,62430040,31739558,94169598,7,0,1,7168,19,1299279666
7424,62446850,12245295,74692145,6,0,0,2560,19,7713727291
7425,62458890,12714100,75172990,2,0,0,27136,18,8904518018
7426,62466470,12946293,75412763,7,0,0,7680,19,3116895279
7427,62476440,12120947,74597387,3,0,0,6144,13,6564097009
7428,62483951,13230285,75714236,9,0,0,40448,17,6422866064
7429,62489181,12277233,74766414,1,0,0,13312,0,9116161979
7430,62503370,13387696,75891066,0,0,0,72704,17,3858160319
7431,62510121,13133762,75643883,9,0,0,29696,17,1120566727
7432,62518190,31700610,94218800,1,0,1,19968,0,6656887962
7433,62537410,31681413,94218823,7,0,1,21504,19,234860851
7434,62549340,12807601,75356941,0,0,0,28672,17,10156214857
7435,62550661,13507551,76058212,1,0,0,39424,0,4000052145
7436,62559040,12868487,75427527,6,0,0,3072,19,6579979423
7437,62563071,12453854,75016925,9,0,0,51200,17,3063264522
7438,62577150,12496104,75073254,0,0,0,43008,17,9576728553
7439,62593950,13032236,75626186,3,0,0,5120,13,6723565741
7440,62611570,12779345,75390915,0,0,0,24064,17,4787055024
7441,62632501,12748274,75380775,1,0,0,30208,0,10730034105
7442,62641210,13337431,75978641,0,0,0,84992,17,4231407420
7443,62645481,12989331,75634812,1,0,0,24064,0,3734850676
7444,62647720,31582444,94230164,3,0,1,2560,13,2540215965
7445,62649531,12535494,75185025,1,0,0,39424,0,1166562311
7446,62661480,12848490,75509970,3,0,0,1536,13,156104631
7447,62664309,31571654,94235963,0,0,1,19456,17,5558157974
7448,62689950,31546996,94236946,9,0,1,9216,17,842797220
7449,62694050,31572508,94266558,9,0,1,11264,17,7558721996
7450,62695470,12597326,75292796,0,0,0,23552,17,8622969891
7451,62697260,12445749,75143009,0,0,0,23040,17,2373353275
7452,62708520,31571459,94279979,9,0,1,15872,17,8577606282
7453,62725951,12680524,75406475,1,0,0,11264,0,3183486250
7454,62739611,13044946,75784557,9,0,0,27136,17,8502572163
7455,62769051,12286506,75055557,9,0,0,26112,17,7556157719
7456,62772310,12447409,75219719,8,0,0,10240,13,5523023965
7457,62773970,12814886,75588856,6,0,0,73728,19,10646263768
7458,62778051,12269527,75047578,1,0,0,18944,0,9441296092
7459,62778330,31515253,94293583,1,0,1,16384,0,10678365455
7460,62780511,12334049,75114560,9,0,0,7168,17,3089641313
7461,62790781,12932774,75723555,9,0,0,18432,17,10531600440
7462,62795980,12828623,75624603,8,0,0,117248,13,3192851256
7463,62799090,13187085,75986175,6,0,0,17408,19,10304143795
7464,62800530,12592615,75393145,7,0,0,2560,19,1249136174
7465,62842831,12519289,75362120,9,0,0,16896,17,10438684767
7466,62843670,12829618,75673288,6,0,0,18432,19,750485066
7467,62848031,13189169,76037200,1,0,0,19456,0,9136536706
7468,62861981,12132993,74994974,1,0,0,2560,0,842166274
7469,62872050,13052446,75924496,3,0,0,109568,13,9103230575
7470,62883660,31412869,94296529,3,0,1,1536,13,6686291035
7471,62914750,13096899,76011649,7,0,0,23040,19,9197593358
7472,62917970,12634804,75552774,0,0,0,23552,17,7438907698
7473,62947620,13207537,76155157,0,0,0,31744,17,6602534120
7474,62965640,31331145,94296785,1,0,1,9216,0,6387403489
7475,62967840,12165560,75133400,7,0,0,4608,19,3085588005
7476,62970340,31361424,94331764,7,0,1,5120,19,6923510932
7477,62974160,12418182,75392342,6,0,0,4608,19,3281516738
7478,62978920,12341630,75320550,6,0,0,33792,19,1993853193
7479,62984030,31369642,94353672,4,0,1,7168,7,5636636781
7480,62990471,13505649,76496120,1,0,0,32256,0,306955450
7481,63013890,12516238,75530128,7,0,0,11264,19,8914566661
7482,63031630,12827356,75858986,8,0,0,163840,13,9821425499
7483,63035720,13280816,76316536,4,0,0,11264,7,3516200691
7484,63043321,12601053,75644374,1,0,0,1536,0,10532971262
7485,63045830,13332419,76378249,7,0,0,5632,19,1629615275
7486,63074601,31307826,94382427,6,0,1,6656,19,9217915122
7487,63079129,13156518,76235647,5,0,0,57856,10,6004421780
7488,63089760,12537697,75627457,0,0,0,4096,17,1021544091
7489,63089890,13011014,76100904,6,0,0,31232,19,2804842537
7490,63098330,31345730,94444060,7,0,1,7680,19,9921923014
7491,63099430,31344653,94444083,9,0,1,2560,17,3504238663
7492,63101150,12616720,75717870,8,0,0,11776,13,140995657
7493,63132010,12729807,75861817,6,0,0,9216,19,5211987995
7494,63138070,12535553,75673623,3,0,0,1024,13,150383911
7495,63149630,13242521,76392151,8,0,0,39936,13,9299800516
7496,63159760,12349719,75509479,3,0,0,32256,13,5812358882
7497,63176560,12759815,75936375,0,0,0,38912,17,10651513699
7498,63178820,31265286,94444106,9,0,1,5120,17,7690999813
7499,63183529,31325410,94508939,2,0,1,3072,18,5423084971
7500,63185450,12489608,75675058,0,0,0,4608,17,9141127373
7501,63187470,12681421,75868891,0,0,0,10240,17,2345703020
7502,63188370,12329394,75517764,6,0,0,512,19,10467070304
7503,63195310,13520312,76715622,0,0,0,7168,17,5159328425
7504,63199000,31421794,94620794,7,0,1,22016,19,4699429355
7505,63203210,12801396,76004606,7,0,0,60416,19,8148615192
7506,63223171,31405999,94629170,6,0,1,9728,19,2380425376
7507,63275140,12977846,76252986,8,0,0,56832,13,4225684716
7508,63280440,12736848,76017288,8,0,0,18432,13,7731050889
7509,63289280,31339921,94629201,4,0,1,512,7,5804124612
7510,63309149,31320075,94629224,2,0,1,8704,18,2585365652
7511,63313070,12849910,76162980,8,0,0,25600,13,1638907964
7512,63343300,31287854,94631154,7,0,1,2560,19,2861514062
7513,63348639,31314497,94663136,2,0,1,28672,18,5335492384
7514,63361690,31344273,94705963,3,0,1,4608,13,6796119176
7515,63367650,31420606,94788256,1,0,1,1536,0,4315307433
7516,63383560,31405302,94788862,1,0,1,4608,0,1411883723
7517,63405989,31399149,94805138,5,0,1,1536,10,193417207
7518,63439680,12505306,75944986,0,0,0,28160,17,7865691178
7519,63459160,31366245,94825405,3,0,1,1024,13,1087318920
7520,63477510,13326228,76803738,6,0,0,27136,19,4740895368
7521,63485640,12532326,76017966,7,0,0,1024,19,10515969201
7522,63486840,12465882,75952722,7,0,0,23552,19,306969531
7523,63487660,31338731,94826391,1,0,1,1536,0,1032385032
7524,63510870,12298173,75809043,3,0,0,39936,13,9562923222
7525,63512750,12800331,76313081,8,0,0,58880,13,8434054924
7526,63524320,31825995,95350315,9,0,1,315392,17,8802520070
7527,63526990,12535020,76062010,7,0,0,11264,19,1738774453
7528,63536680,12480951,76017631,6,0,0,1024,19,5171966457
7529,63538560,12676807,76215367,6,0,0,16384,19,5419251267
7530,63550980,31825712,95376692,3,0,1,2560,13,10386277856
7531,63565350,12493197,76058547,6,0,0,1024,19,6388438933
7532,63588350,12392498,75980848,3,0,0,7168,13,8170147695
7533,63591280,31803511,95394791,3,0,1,1536,13,8822232923
7534,63614039,12251709,75865748,5,0,0,12800,10,4306765733
7535,63618040,12677078,76295118,7,0,0,9728,19,4890722648
7536,63621420,12464035,76085455,7,0,0,44032,19,8787803821
7537,63664190,12367059,76031249,7,0,0,43520,19,8330915522
7538,63667260,13205170,76872430,7,0,0,15872,19,4807504513
7539,63670170,31728487,95398657,8,0,1,6144,13,9642274787
7540,63686190,12359971,76046161,7,0,0,29184,19,9115092334
7541,63686300,12479979,76166279,8,0,0,10752,13,2256546778
7542,63686899,12404466,76091365,5,0,0,15360,10,691990513
7543,63732850,12442991,76175841,0,0,0,13824,17,2383191869
7544,63735909,31664374,95400283,0,0,1,2560,17,972807879
7545,63736710,12208767,75945477,8,0,0,1536,13,2569411246
7546,63738840,12364934,76103774,3,0,0,2560,13,2314416418
7547,63767010,12340330,76107340,6,0,0,4608,19,4478740945
7548,63816170,12286801,76102971,6,0,0,6656,19,2911373250
7549,63845640,12446491,76292131,8,0,0,81920,13,961843098
7550,63871910,12198726,76070636,2,0,0,28160,18,6339868678
7551,63875630,31547243,95422873,7,0,1,23552,19,6806320413
7552,63895790,12743068,76638858,6,0,0,39424,19,6003098903
7553,63912810,12353230,76266040,4,0,0,3584,7,9947060640
7554,63921250,31501646,95422896,7,0,1,512,19,2021869812
7555,63936430,12613712,76550142,0,0,0,1024,17,2115456819
7556,63951581,12220025,76171606,1,0,0,17408,0,24288269
7557,63951760,12503115,76454875,0,0,0,84480,17,9912559458
7558,63954200,12799996,76754196,7,0,0,42496,19,10003972854
7559,63956390,13284066,77240456,3,0,0,1536,13,7881742063
7560,63962671,12295509,76258180,1,0,0,16896,0,1111882110
7561,63969530,31453389,95422919,1,0,1,11264,0,5544841994
7562,63969910,12116660,76086570,8,0,0,3584,13,1315104966
7563,63986380,12346573,76332953,7,0,0,4096,19,1745701769
7564,63986700,12640123,76626823,8,0,0,51712,13,8814059504
7565,64002281,12519026,76521307,1,0,0,12800,0,4326992476
7566,64008260,12461995,76470255,8,0,0,23040,13,242369894
7567,64009300,12451705,76461005,7,0,0,2048,19,10636160130
7568,64025160,31415285,95440445,4,0,1,10240,7,6594684724
7569,64042440,12067668,76110108,3,0,0,3072,13,1328652922
7570,64051440,12425234,76476674,0,0,0,20992,17,7335585156
7571,64054970,12291377,76346347,7,0,0,23040,19,4555544733
7572,64065880,12397332,76463212,8,0,0,7168,13,4228269383
7573,64079860,31360608,95440468,3,0,1,512,13,3936413379
7574,64083280,31373458,95456738,7,0,1,6656,19,8532212469
7575,64097750,12298971,76396721,6,0,0,10240,19,5557332882
7576,64115750,12240317,76356067,0,0,0,2048,17,4651626815
7577,64128081,12834793,76962874,1,0,0,19968,0,1941586444
7578,64130060,12263518,76393578,0,0,0,4608,17,7033714475
7579,64137290,12433049,76570339,6,0,0,27648,19,7143196861
7580,64154910,12394897,76549807,7,0,0,71168,19,6419927007
7581,64168160,12292198,76460358,8,0,0,17920,13,8563565309
7582,64176720,31280041,95456761,8,0,1,12800,13,2046892993
7583,64189050,12387396,76576446,3,0,0,19968,13,1608271432
7584,64199060,12538499,76737559,7,0,0,34816,19,3249628838
7585,64216430,31240354,95456784,7,0,1,13824,19,7636588893
7586,64227351,12848649,77076000,1,0,0,57344,0,7143901012
7587,64231789,31225018,95456807,0,0,1,1536,17,8750366880
7588,64243360,12993000,77236360,7,0,0,52224,19,184787066
7589,64252850,13052571,77305421,7,0,0,11264,19,458376382
7590,64259250,12446036,76705286,0,0,0,19456,17,5357834314
7591,64269709,31187121,95456830,5,0,1,512,10,7964458452
7592,64288251,12728562,77016813,1,0,0,85504,0,2345611063
7593,64295491,12654169,76949660,1,0,0,17920,0,4969609837
7594,64299680,31191305,95490985,7,0,1,37376,19,3093068920
7595,64302491,12337950,76640441,1,0,0,5120,0,3245565065
7596,64314931,12450703,76765634,9,0,0,1024,17,3194540499
7597,64336871,12939221,77276092,9,0,0,29184,17,6867618057
7598,64352901,12343736,76696637,1,0,0,3072,0,7734545438
7599,64353940,12341738,76695678,3,0,0,12288,13,5909439668
7600,64400240,31090768,95491008,1,0,1,3072,0,5312816357
7601,64424060,12659451,77083511,0,0,0,24576,17,1403474464
7602,64444360,12743327,77187687,7,0,0,38400,19,9883534414
7603,64464541,12577644,77042185,9,0,0,18432,17,9000591957
7604,64471530,12897638,77369168,2,0,0,5120,18,67151054
7605,64491801,30999230,95491031,6,0,1,24576,19,10445336998
7606,64511621,12383179,76894800,9,0,0,47104,17,1195841845
7607,64534981,30956073,95491054,6,0,1,4096,19,568095603
7608,64543090,12381706,76924796,7,0,0,22016,19,4066699608
7609,64566840,12096830,76663670,6,0,0,10240,19,7394718808
7610,64572070,12720760,77292830,3,0,0,54784,13,4112068285
7611,64579389,30911688,95491077,2,0,1,9216,18,10405425436
7612,64590711,12056617,76647328,1,0,0,22528,0,9570083524
7613,64593401,12274170,76867571,9,0,0,62464,17,9128225123
7614,64601630,12085355,76686985,0,0,0,1024,17,4391812343
7615,64605390,30954930,95560320,8,0,1,15360,13,9233160195
7616,64610410,12415942,77026352,0,0,0,31232,17,5001346000
7617,64637421,12186482,76823903,9,0,0,3072,17,2585048850
7618,64645470,11958092,76603562,3,0,0,10752,13,2577232575
7619,64670540,12124907,76795447,6,0,0,63488,19,4247776443
7620,64674200,12206225,76880425,3,0,0,26112,13,840841223
7621,64675780,12256218,76931998,7,0,0,19456,19,1062783277
7622,64677940,12170576,76848516,6,0,0,6656,19,8068210336
7623,64701301,12344495,77045796,1,0,0,11776,0,8435397106
7624,64722890,12123575,76846465,3,0,0,28160,13,5994025954
7625,64734631,12708434,77443065,1,0,0,108544,0,7394163354
7626,64735500,12170867,76906367,6,0,0,37888,19,2273693640
7627,64743921,12610026,77353947,9,0,0,26112,17,1055454321
7628,64768470,30938119,95706589,9,0,1,84992,17,10710187611
7629,64789700,12320937,77110637,3,0,0,20992,13,5351522128
7630,64795859,30937667,95733526,2,0,1,5632,18,6780747814
7631,64802380,30931169,95733549,1,0,1,1536,0,3383904321
7632,64803380,31062787,95866167,1,0,1,41472,0,6060427987
7633,64812111,31057846,95869957,6,0,1,13824,19,4503089455
7634,64823420,31046560,95869980,9,0,1,4608,17,9886693798
7635,64828660,12142037,76970697,6,0,0,25600,19,1681885556
7636,64830120,12493763,77323883,7,0,0,36352,19,9945930695
7637,64835480,12257726,77093206,0,0,0,31744,17,8571761033
7638,64842390,12254629,77097019,7,0,0,2560,19,4950590829
7639,64862281,12164452,77026733,9,0,0,1024,17,1064273784
7640,64864251,12372600,77236851,9,0,0,1536,17,1956883581
7641,64884310,12336115,77220425,0,0,0,31232,17,6022751579
7642,64884339,12741835,77626174,5,0,0,27648,10,4388645332
7643,64885230,12511924,77397154,7,0,0,13312,19,1848670286
7644,64898350,12860345,77758695,7,0,0,8704,19,10637722458
7645,64908211,12262415,77170626,1,0,0,18944,0,10611273879
7646,64910760,30959243,95870003,1,0,1,13312,0,5975399522
7647,64910871,12200725,77111596,1,0,0,3072,0,6238938519
7648,64944950,12535357,77480307,3,0,0,17920,13,7467059925
7649,64953460,12142733,77096193,7,0,0,9728,19,5625839873
7650,64969040,12067506,77036546,8,0,0,26112,13,5733527270
7651,64992080,12400995,77393075,6,0,0,4096,19,6328148755
7652,65009820,12929531,77939351,0,0,0,77312,17,406655553
7653,65020920,12291856,77312776,3,0,0,24064,13,236602793
7654,65024450,30908727,95933177,9,0,1,2560,17,2469063951
7655,65026570,12222506,77249076,6,0,0,3072,19,6390356640
7656,65077641,12265317,77342958,1,0,0,20480,0,8191086976
7657,65109030,12593839,77702869,0,0,0,8704,17,10130097362
7658,65161300,12184645,77345945,0,0,0,9728,17,6178352396
7659,65164591,11863257,77027848,1,0,0,3584,0,5016157758
7660,65173240,30759960,95933200,9,0,1,22528,17,4383377923
7661,65177190,30756033,95933223,8,0,1,1536,13,9904441494
7662,65191690,12200114,77391804,0,0,0,13312,17,7449791662
7663,65195460,12330336,77525796,8,0,0,42496,13,10591431574
7664,65238111,12261383,77499494,1,0,0,13312,0,3145150915
7665,65238530,12235030,77473560,0,0,0,31232,17,6496203311
7666,65247450,12452744,77700194,3,0,0,47104,13,9324016284
7667,65249520,11889167,77138687,6,0,0,1024,19,2391649868
7668,65259659,30674237,95933896,5,0,1,2048,10,8515710934
7669,65271740,11879184,77150924,0,0,0,7168,17,8036878602
7670,65278080,12256996,77535076,3,0,0,2560,13,9791526431
7671,65278440,12495349,77773789,6,0,0,1024,19,7552464293
7672,65289101,12746856,78035957,1,0,0,9728,0,1478099516
7673,65306061,12852315,78158376,1,0,0,16384,0,5078954063
7674,65336431,12114301,77450732,1,0,0,25088,0,8726514444
7675,65349040,30585202,95934242,1,0,1,512,0,10711537523
7676,65351361,12308757,77660118,1,0,0,9728,0,4333996757
7677,65389100,30548829,95937929,3,0,1,3072,13,5459369229
7678,65391060,12063439,77454499,0,0,0,12288,17,4932863546
7679,65410750,12451981,77862731,3,0,0,69632,13,5471976903
7680,65413140,11882677,77295817,0,0,0,9728,17,4072539515
7681,65438360,12198601,77636961,0,0,0,35328,17,6187903745
7682,65441241,11855223,77296464,9,0,0,2048,17,3461495190
7683,65456110,11879280,77335390,3,0,0,8192,13,1912133892
7684,65458840,12772296,78231136,2,0,0,59392,18,6013519186
7685,65467090,12486705,77953795,3,0,0,24576,13,8985276570
7686,65475980,30470292,95946272,4,0,1,6656,7,7493174967
7687,65488700,12071068,77559768,3,0,0,20480,13,10072556108
7688,65499969,30459502,95959471,0,0,1,10752,17,10604973534
7689,65524930,11934919,77459849,6,0,0,7168,19,8583922063
7690,65536610,12357211,77893821,0,0,0,28672,17,3718105521
7691,65540250,12482019,78022269,2,0,0,21504,18,5339505308
7692,65545190,12455975,78001165,0,0,0,29184,17,2035651497
7693,65564880,11898938,77463818,6,0,0,12800,19,738232126
7694,65585010,12100006,77685016,4,0,0,23040,7,1874180594
7695,65617349,30359177,95976526,2,0,1,7168,18,3764581953
7696,65627690,30353562,95981252,1,0,1,4096,0,3819713670
7697,65636680,12396290,78032970,0,0,0,26624,17,5431740226
7698,65642190,12013046,77655236,7,0,0,59904,19,6870234665
7699,65660600,11797042,77457642,0,0,0,10240,17,3810330370
7700,65676361,11877121,77553482,1,0,0,29184,0,7647803577
7701,65686341,11970790,77657131,9,0,0,6144,17,7628357350
7702,65694430,11991389,77685819,2,0,0,2560,18,2968185657
7703,65697931,12550937,78248868,1,0,0,25600,0,9195873261
7704,65734199,30247076,95981275,5,0,1,1024,10,1664819415
7705,65744100,12218922,77963022,0,0,0,30208,17,1697821565
7706,65750150,12056097,77806247,6,0,0,45568,19,8088609219
7707,65779421,12342403,78121824,9,0,0,2560,17,8454089386
7708,65789541,11940903,77730444,9,0,0,30208,17,10401071156
7709,65793500,12188296,77981796,2,0,0,52736,18,3497308438
7710,65795110,11955427,77750537,2,0,0,22528,18,3900322132
7711,65804301,12277568,78081869,1,0,0,20480,0,8851911811
7712,65807520,12277336,78084856,7,0,0,9728,19,8680425826
7713,65822809,30163675,95986484,5,0,1,8704,10,723486357
7714,65835550,30168019,96003569,8,0,1,12288,13,8530051083
7715,65841521,30218169,96059690,6,0,1,6144,19,10446823933
7716,65874650,30237928,96112578,3,0,1,5632,13,2860488890
7717,65882729,30230916,96113645,2,0,1,5120,18,9361979186
7718,65902180,12414596,78316776,3,0,0,9728,13,1548432952
7719,65906400,11924153,77830553,6,0,0,31744,19,3816536333
7720,65918020,11742277,77660297,0,0,0,512,17,10700437073
7721,65919401,12046304,77965705,1,0,0,8704,0,5663388651
7722,65922760,30239664,96162424,8,0,1,10752,13,4783564871
7723,65933500,12142106,78075606,0,0,0,32768,17,501040580
7724,65935551,30277994,96213545,6,0,1,2048,19,3616028378
7725,65949931,12037082,77987013,1,0,0,13312,0,7455511835
7726,65965891,11919171,77885062,9,0,0,73216,17,3161414732
7727,65968080,12236802,78204882,2,0,0,18944,18,8000494954
7728,65968520,12085719,78054239,3,0,0,51200,13,1831566364
7729,65979150,30234418,96213568,9,0,1,2560,17,3043370844
7730,65983960,30259826,96243786,8,0,1,27136,13,6282373532
7731,65988209,30255923,96244132,0,0,1,512,17,4330500417
7732,65992920,12347910,78340830,3,0,0,39424,13,8962596645
7733,65999001,30249317,96248318,6,0,1,6656,19,5058686096
7734,66011289,30238015,96249304,5,0,1,1536,10,2160076443
7735,66020360,30232170,96252530,1,0,1,5120,0,8103770195
7736,66032570,12201085,78233655,2,0,0,8192,18,2535368134
7737,66065561,11879140,77944701,9,0,0,12288,17,10131113262
7738,66066490,12437318,78503808,7,0,0,68608,19,6787615395
7739,66068050,11687970,77756020,3,0,0,17920,13,6028776484
7740,66070331,11912580,77982911,9,0,0,3584,17,5153241628
7741,66078290,30178746,96257036,9,0,1,7168,17,1998805411
7742,66083811,12097077,78180888,1,0,0,39424,0,1423093193
7743,66125841,12026384,78152225,9,0,0,26624,17,4096888373
7744,66125910,12230881,78356791,7,0,0,11264,19,9646534797
7745,66128070,30134972,96263042,3,0,1,2560,13,8356846170
7746,66142540,30125328,96267868,4,0,1,7680,7,8048694119
7747,66150681,12121732,78272413,9,0,0,7680,17,10380120471
7748,66152050,11788884,77940934,0,0,0,5120,17,1500192045
7749,66158800,12216008,78374808,7,0,0,3584,19,9243702332
7750,66171980,12675743,78847723,0,0,0,59904,17,9686714459
7751,66190620,11899898,78090518,0,0,0,9728,17,1112861112
7752,66221170,12760220,78981390,2,0,0,11264,18,6378089409
7753,66227941,30232057,96459998,6,0,1,26112,19,2841685095
7754,66236661,30228371,96465032,6,0,1,4096,19,9505292380
7755,66249760,11662316,77912076,0,0,0,4608,17,6332395529
7756,66273321,11742373,78015694,1,0,0,18944,0,2580499319
7757,66273561,12540271,78813832,1,0,0,89088,0,5121799761
7758,66280360,30185018,96465378,1,0,1,512,0,7203558704
7759,66289501,11714963,78004464,1,0,0,10752,0,571402972
7760,66302360,30218862,96521222,1,0,1,21504,0,7958538070
7761,66308560,12343728,78652288,7,0,0,4608,19,4262724680
7762,66348330,11953175,78301505,3,0,0,1024,13,3330909447
7763,66358190,11942980,78301170,2,0,0,34816,18,4498474915
7764,66372811,11719914,78092725,9,0,0,7168,17,7440297455
7765,66403591,11542693,77946284,1,0,0,5120,0,2479892325
7766,66405970,30117838,96523808,4,0,1,4096,7,2163158790
7767,66416479,30165605,96582084,5,0,1,1024,10,6940852254
7768,66420150,30161957,96582107,3,0,1,7168,13,1585300901
7769,66431240,12004983,78436223,0,0,0,2560,17,1535962145
7770,66464620,30117510,96582130,8,0,1,2048,13,3334007582
7771,66467430,11799061,78266491,0,0,0,14848,17,1971085973
7772,66469969,30112184,96582153,0,0,1,9216,17,9873659926
7773,66487089,30154818,96641907,0,0,1,3072,17,7674194988
7774,66493561,12656378,79149939,1,0,0,23040,0,2730101177
7775,66494331,30171467,96665798,6,0,1,14336,19,2456598994
7776,66498260,30177256,96675516,7,0,1,5632,19,2803975209
7777,66509160,30248109,96757269,1,0,1,2048,0,4382212375
7778,66515220,12156576,78671796,2,0,0,6656,18,576392214
7779,66529220,11747386,78276606,7,0,0,4608,19,731430115
7780,66533330,11996553,78529883,7,0,0,85504,19,5647106142
7781,66548820,11664197,78213017,7,0,0,26624,19,1347732352
7782,66557590,12079741,78637331,2,0,0,33792,18,3012462786
7783,66559071,11828025,78387096,1,0,0,8192,0,10026457577
7784,66570729,11839233,78409962,5,0,0,11264,10,451510918
7785,66583730,30175165,96758895,9,0,1,2560,17,2802860080
7786,66594880,30166921,96761801,4,0,1,4608,7,7412963296
7787,66604329,11933541,78537870,5,0,0,16896,10,7865077275
7788,66607790,12357128,78964918,0,0,0,21504,17,2001053449
7789,66626081,30161200,96787281,6,0,1,7680,19,149134879
7790,66637760,11825045,78462805,3,0,0,10240,13,2645187236
7791,66650950,11622507,78273457,3,0,0,1024,13,5922181035
7792,66662580,12092614,78755194,7,0,0,28672,19,6861141300
7793,66673280,12521565,79194845,3,0,0,47104,13,7206844359
7794,66718981,11708975,78427956,9,0,0,6656,17,7148170350
7795,66742720,30046791,96789511,1,0,1,2048,0,3186703895
7796,66757439,30032095,96789534,0,0,1,9216,17,9629346725
7797,66768960,12133679,78902639,2,0,0,136192,18,7769947219
7798,66798100,12495628,79293728,2,0,0,19968,18,10619225506
7799,66842840,12562525,79405365,2,0,0,133632,18,9373638838
7800,66851020,11811140,78662160,3,0,0,16896,13,3319533156
7801,66856310,11465595,78321905,0,0,0,1536,17,4234846011
7802,66863500,11705690,78569190,0,0,0,17408,17,10170105723
7803,66875951,12129712,79005663,1,0,0,35328,0,2907702072
7804,66883200,29957455,96840655,1,0,1,7680,0,8206868313
7805,66888681,11846307,78734988,1,0,0,56320,0,5947346214
7806,66899330,29941502,96840832,8,0,1,3584,13,6179897256
7807,66930140,11856433,78786573,3,0,0,102912,13,2214894446
7808,66935440,12022903,78958343,3,0,0,81920,13,2640498146
7809,66946670,11698975,78645645,3,0,0,27136,13,8297372952
7810,66948380,11869086,78817466,7,0,0,2560,19,600531559
7811,66948510,11912610,78861120,2,0,0,12288,18,7744682055
7812,66958511,11949634,78908145,9,0,0,14336,17,7942028426
7813,66963060,12150922,79113982,2,0,0,28160,18,7375394892
7814,66965820,12184454,79150274,2,0,0,1024,18,67983812
7815,66983560,11994375,78977935,3,0,0,42496,13,2167236275
7816,67028481,11517851,78546332,9,0,0,3072,17,2667759781
7817,67030151,12111934,79142085,9,0,0,92160,17,6867261569
7818,67034230,11700937,78735167,4,0,0,512,7,1193503899
7819,67048311,12475476,79523787,1,0,0,65536,0,9570344107
7820,67051220,12151612,79202832,8,0,0,26112,13,6093950832
7821,67061690,12382579,79444269,8,0,0,82944,13,1542634701
7822,67066400,12298226,79364626,3,0,0,22528,13,3122181746
7823,67080719,29761419,96842138,5,0,1,2048,10,6530784669
7824,67082420,11912409,78994829,2,0,0,44032,18,9803088962
7825,67089500,11988075,79077575,7,0,0,129536,19,10532980788
7826,67097900,12044988,79142888,4,0,0,2560,7,2824397559
7827,67098969,29982464,97081433,0,0,1,15360,17,5554780842
7828,67099550,29981906,97081456,4,0,1,4096,7,10544351426
7829,67101210,30162042,97263252,3,0,1,20480,13,9572163319
7830,67120630,11733824,78854454,4,0,0,22016,7,1747423141
7831,67124180,30140058,97264238,9,0,1,1536,17,2900847599
7832,67146859,30117725,97264584,0,0,1,512,17,5270515259
7833,67149261,12117339,79266600,1,0,0,51712,0,3498946277
7834,67149690,12019655,79169345,3,0,0,6144,13,4007339916
7835,67165261,30102549,97267810,6,0,1,5120,19,8004937543
7836,67190250,11508154,78698404,2,0,0,12800,18,10329799615
7837,67191800,12095798,79287598,4,0,0,45056,7,2894357184
7838,67191819,30095588,97287407,2,0,1,19968,18,5393683117
7839,67201550,11615113,78816663,6,0,0,9216,19,4992775393
7840,67204751,30211534,97416285,6,0,1,13312,19,2893775603
7841,67206610,30210981,97417591,9,0,1,2048,17,8889576868
7842,67211770,12104318,79316088,3,0,0,10240,13,3697940694
7843,67213030,12143095,79356125,2,0,0,16384,18,9918422483
7844,67220110,30198787,97418897,9,0,1,2048,17,8212677671
7845,67230550,12255116,79485666,6,0,0,28160,19,6454576414
7846,67241690,11662064,78903754,8,0,0,3584,13,2585308480
7847,67253370,30296823,97550193,3,0,1,11264,13,8647830904
7848,67261690,30346175,97607865,7,0,1,11264,19,7220837499
7849,67303570,11876900,79180470,7,0,0,19968,19,6771019485
7850,67311111,30365914,97677025,6,0,1,30208,19,7681426545
7851,67312340,12152567,79464907,0,0,0,44032,17,2644962922
7852,67312701,30364347,97677048,6,0,1,2048,19,6500275844
7853,67322541,11782838,79105379,9,0,0,43008,17,4602178709
7854,67332749,30350273,97683022,2,0,1,4096,18,2669054290
7855,67335441,12839968,80175409,9,0,0,54272,17,9890511303
7856,67339000,30592698,97931698,4,0,1,2048,7,8987587805
7857,67340850,11824725,79165575,0,0,0,20992,17,1390721718
7858,67341210,12229077,79570287,7,0,0,56832,19,2978034364
7859,67345830,11810886,79156716,6,0,0,20992,19,9407350373
7860,67370291,11540769,78911060,9,0,0,7168,17,4759070510
7861,67393859,30709567,98103426,0,0,1,4096,17,2049090273
7862,67395800,12226517,79622317,3,0,0,8704,13,2855497459
7863,67422690,11928420,79351110,8,0,0,66048,13,4701055520
7864,67427770,12146440,79574210,0,0,0,12800,17,10456878643
7865,67428430,30677262,98105692,9,0,1,3584,17,8284666022
7866,67439580,12091094,79530674,8,0,0,22528,13,506928694
7867,67453081,11849488,79302569,9,0,0,2560,17,2462382730
7868,67465911,11945332,79411243,1,0,0,7680,0,1025741797
7869,67481830,12530862,80012692,4,0,0,54784,7,1991801049
7870,67482800,12511696,79994496,8,0,0,2048,13,5760916524
7871,67482920,12204478,79687398,6,0,0,48640,19,5786839910
7872,67484370,11985731,79470101,2,0,0,11264,18,1369499963
7873,67493871,12125771,79619642,9,0,0,18432,17,9750940048
7874,67530250,30687794,98218044,3,0,1,50176,13,1591507094
7875,67538600,31629529,99168129,3,0,1,201728,13,8324525772
7876,67539040,11952725,79491765,2,0,0,17408,18,4569643301
7877,67541510,11732337,79273847,8,0,0,10240,13,3395943300
7878,67555640,31614238,99169878,1,0,1,17408,0,703796565
7879,67566219,31605605,99171824,5,0,1,3072,10,8832374257
7880,67578219,31625435,99203654,2,0,1,17408,18,4850578981
7881,67582030,12190322,79772352,3,0,0,44032,13,5165039467
7882,67589080,12222083,79811163,7,0,0,2560,19,8897475955
7883,67594110,12019893,79614003,0,0,0,69632,17,8919022379
7884,67597271,11561808,79159079,1,0,0,7680,0,8165184522
7885,67603010,31600667,99203677,1,0,1,1536,0,10209941225
7886,67605660,31644935,99250595,3,0,1,6656,13,1612956231
7887,67610000,11657559,79267559,6,0,0,3072,19,4427429898
7888,67615669,31637192,99252861,2,0,1,3584,18,3841378349
7889,67622531,12032736,79655267,1,0,0,14848,0,8976705841
7890,67623900,11783672,79407572,7,0,0,7168,19,4744619442
7891,67627580,31880810,99508390,3,0,1,83968,13,171531328
7892,67632020,12149925,79781945,3,0,0,31232,13,8591205608
7893,67646970,11819676,79466646,7,0,0,5632,19,2946838856
7894,67651151,31993328,99644479,6,0,1,23040,19,5437470169
7895,67664271,32010859,99675130,6,0,1,11776,19,2077662321
7896,67668140,12410636,80078776,4,0,0,11264,7,8733430202
7897,67673940,11918552,79592492,8,0,0,14336,13,5692879350
7898,67680620,11770848,79451468,3,0,0,23552,13,6782163827
7899,67682320,12233814,79916134,8,0,0,5120,13,431628177
7900,67684230,12142637,79826867,6,0,0,6144,19,7459230757
7901,67687070,11816386,79503456,3,0,0,20480,13,6909115801
7902,67691080,12176623,79867703,7,0,0,3584,19,10516292197
7903,67694890,12037175,79732065,8,0,0,17408,13,2109707865
7904,67695890,31979493,99675383,7,0,1,2048,19,5861058663
7905,67699060,11797397,79496457,0,0,0,2560,17,2149372238
7906,67701601,11770239,79471840,1,0,0,5632,0,7936659729
7907,67705900,31970149,99676049,8,0,1,1024,13,9837522701
7908,67710750,12242401,79953151,3,0,0,37376,13,8685522272
7909,67711331,11931145,79642476,9,0,0,8192,17,1526629054
7910,67716610,31960003,99676613,3,0,1,10752,13,2226588003
7911,67732400,11896032,79628432,8,0,0,19968,13,4260098694
7912,67733251,11802282,79535533,1,0,0,15872,0,324881665
7913,67759660,11790854,79550514,6,0,0,6144,19,500393575
7914,67762710,31930944,99693654,9,0,1,7168,17,4897676835
7915,67770600,11880011,79650611,7,0,0,26624,19,179983426
7916,67772380,12074340,79846720,3,0,0,13312,13,5707445811
7917,67779790,12140815,79920605,8,0,0,9728,13,7392439664
7918,67791940,31928069,99720009,9,0,1,1536,17,1296293428
7919,67798201,12012159,79810360,1,0,0,93184,0,2947728599
7920,67801440,12343051,80144491,4,0,0,6656,7,10528089776
7921,67807401,12381974,80189375,9,0,0,11776,17,4401252373
7922,67821320,31898712,99720032,9,0,1,4608,17,3631581908
7923,67826340,12248981,80075321,0,0,0,36352,17,9108582989
7924,67833900,12005824,79839724,6,0,0,12288,19,6324129284
7925,67836321,12066161,79902482,1,0,0,4096,0,7674891391
7926,67849850,12343448,80193298,4,0,0,12800,7,10456442317
7927,67865519,31867969,99733488,5,0,1,9728,10,1352127005
7928,67872049,31961726,99833775,0,0,1,13824,17,983406594
7929,67872620,12012680,79885300,4,0,0,29184,7,9459968673
7930,67873250,12455225,80328475,7,0,0,31232,19,2440063659
7931,67873341,12165395,80038736,1,0,0,40960,0,1319987106
7932,67876521,12466268,80342789,1,0,0,30208,0,6600645894
7933,67880659,12113167,79993826,5,0,0,5120,10,9604173781
7934,67890530,32005433,99895963,8,0,1,4096,13,5460641562
7935,67895860,12043032,79938892,8,0,0,3072,13,171165820
7936,67897510,12094733,79992243,3,0,0,80896,13,901781146
7937,67908661,12485723,80394384,1,0,0,57856,0,10208966452
7938,67909980,12618210,80528190,7,0,0,70656,19,3914837788
7939,67911900,12198694,80110594,7,0,0,6656,19,8615430730
7940,67929341,32011219,99940560,6,0,1,32768,19,3090572704
7941,67931770,11969441,79901211,6,0,0,9728,19,10509111783
7942,67939941,11812200,79752141,1,0,0,7680,0,5651429446
7943,67949570,12700354,80649924,7,0,0,15360,19,3363314471
7944,67958270,11918115,79876385,3,0,0,11264,13,7113247275
7945,67960290,12058267,80018557,2,0,0,10240,18,7131486330
7946,67960891,12003203,79964094,9,0,0,35840,17,316918809
7947,67961290,11850988,79812278,0,0,0,3584,17,2803907881
7948,67970650,12389413,80360063,0,0,0,5120,17,2634451222
7949,67971070,12380791,80351861,7,0,0,4608,19,2355019083
7950,67973210,11958725,79931935,8,0,0,33280,13,8371314809
7951,67975910,11956672,79932582,7,0,0,2048,19,7344553962
7952,67977720,12265277,80242997,7,0,0,9728,19,4399019631
7953,67978930,31961653,99940583,4,0,1,6656,7,830848507
7954,67993130,12586004,80579134,7,0,0,15360,19,10338568478
7955,68005911,11935273,79941184,9,0,0,512,17,9255711131
7956,68006820,11989103,79995923,6,0,0,4608,19,3963512080
7957,68033270,12714316,80747586,3,0,0,2048,13,8384214567
7958,68041940,12368446,80410386,3,0,0,6656,13,5705858587
7959,68043991,12036585,80080576,9,0,0,2048,17,5774762639
7960,68055100,31885506,99940606,9,0,1,1024,17,4887261356
7961,68070520,12278376,80348896,6,0,0,19968,19,9164101410
7962,68070910,11896662,79967572,6,0,0,11264,19,6464349227
7963,68080560,32008887,100089447,3,0,1,61440,13,6825445338
7964,68083640,12016304,80099944,3,0,0,5120,13,8468018064
7965,68087091,32013352,100100443,6,0,1,10752,19,4420317795
7966,68091940,11928512,80020452,0,0,0,6144,17,8633961806
7967,68096290,12397420,80493710,0,0,0,24064,17,7962379463
7968,68104671,12047175,80151846,1,0,0,24064,0,4714600877
7969,68110650,12769630,80880280,6,0,0,73728,19,9699030861
7970,68133560,11907539,80041099,8,0,0,7680,13,10498507966
7971,68144370,11994568,80138938,3,0,0,26112,13,4000746320
7972,68146530,12359447,80505977,4,0,0,34304,7,8732051478
7973,68152560,11965488,80118048,0,0,0,3584,17,9256272552
7974,68161970,12412461,80574431,8,0,0,15872,13,5711782196
7975,68169410,31934259,100103669,4,0,1,5120,7,5944684512
7976,68204971,12052018,80256989,1,0,0,27648,0,7598905853
7977,68206081,12058927,80265008,1,0,0,512,0,9778157764
7978,68225580,31881408,100106988,4,0,1,18944,7,4818461610
7979,68233981,13097241,81331222,1,0,0,36864,0,3353675570
7980,68240180,13362629,81602809,0,0,0,50176,17,2460462790
7981,68248790,31962014,100210804,4,0,1,17920,7,9235774355
7982,68250800,11997742,80248542,2,0,0,14336,18,3206087800
7983,68253979,32083919,100337898,0,0,1,1536,17,8545231691
7984,68257240,12221869,80479109,2,0,0,1024,18,4294256229
7985,68258620,12805196,81063816,7,0,0,27648,19,10706156226
7986,68260051,12336196,80596247,1,0,0,16896,0,4707104336
7987,68265521,12644788,80910309,1,0,0,74752,0,5807815621
7988,68277000,11738367,80015367,6,0,0,8704,19,889424134
7989,68287560,32067232,100354792,4,0,1,1536,7,7454258037
7990,68293730,11890906,80184636,2,0,0,30208,18,8871658756
7991,68294530,12417482,80712012,2,0,0,9728,18,1186042980
7992,68297430,32057385,100354815,7,0,1,13312,19,4887110581
7993,68310651,12933976,81244627,1,0,0,155648,0,1665294155
7994,68319501,12861094,81180595,9,0,0,49152,17,6517482060
7995,68321640,32051542,100373182,3,0,1,18944,13,376147026
7996,68335871,13104882,81440753,9,0,0,38400,17,2907779304
7997,68337251,12359118,80696369,1,0,0,4096,0,8177227796
7998,68341890,12112724,80454614,4,0,0,6656,7,7186936765
7999,68347840,32047798,100395638,1,0,1,7680,0,6763606921
8000,68354260,12469815,80824075,7,0,0,4608,19,7679297297
8001,68358130,12480123,80838253,0,0,0,12800,17,4086786117
8002,68368140,32030410,100398550,3,0,1,13824,13,4696858086
8003,68380580,12551022,80931602,2,0,0,69632,18,314604422
8004,68395030,32004506,100399536,8,0,1,1536,13,5796206718
8005,68405971,12475588,80881559,1,0,0,4096,0,3402657054
8006,68413861,11708217,80122078,1,0,0,1024,0,3861697927
8007,68414401,12004956,80419357,9,0,0,12800,17,4808242945
8008,68427390,12162680,80590070,3,0,0,20480,13,2623589808
8009,68437879,31964563,100402442,2,0,1,4608,18,9040858064
8010,68459250,12234577,80693827,3,0,0,53248,13,2343248796
8011,68467699,31947547,100415246,2,0,1,18944,18,2647715322
8012,68475510,12000720,80476230,8,0,0,61440,13,5682683619
8013,68485020,12056700,80541720,8,0,0,2560,13,9446337913
8014,68485700,31991509,100477209,9,0,1,7680,17,5531683337
8015,68486600,32065726,100552326,8,0,1,7168,13,5713112630
8016,68488210,12495406,80983616,7,0,0,8192,19,7822224001
8017,68493940,12625213,81119153,7,0,0,29184,19,6321453211
8018,68502141,32058499,100560640,6,0,1,5120,19,6468231664
8019,68502850,11873883,80376733,6,0,0,29184,19,3564659703
8020,68503271,13016102,81519373,1,0,0,25600,0,2168356095
8021,68504040,12770273,81274313,2,0,0,96256,18,3527068250
8022,68520290,32042728,100563018,4,0,1,7680,7,9701591275
8023,68530329,32052029,100582358,0,0,1,12288,17,2191657478
8024,68531940,13037874,81569814,8,0,0,38912,13,10462628532
8025,68549710,11936625,80486335,2,0,0,7680,18,9641824222
8026,68554210,12226563,80780773,0,0,0,27136,17,6606173643
8027,68556670,13141761,81698431,6,0,0,125952,19,4709199824
8028,68556710,12396604,80953314,3,0,0,6656,13,7098100883
8029,68565800,12578027,81143827,0,0,0,12800,17,7276488005
8030,68615850,12872553,81488403,2,0,0,37888,18,691657142
8031,68616810,12523094,81139904,8,0,0,9728,13,4255122578
8032,68620580,31978628,100599208,7,0,1,4608,19,8045736384
8033,68632070,12225700,80857770,7,0,0,33280,19,5666360945
8034,68633490,12125107,80758597,2,0,0,2560,18,10437938948
8035,68646710,13174519,81821229,6,0,0,53248,19,3132917559
8036,68661220,12153087,80814307,4,0,0,17920,7,5776427275
8037,68663960,13184030,81847990,4,0,0,17408,7,5478119327
8038,68664710,12704791,81369501,3,0,0,54784,13,1673420574
8039,68670870,31996666,100667536,9,0,1,9216,17,6388984161
8040,68673850,11937026,80610876,7,0,0,8192,19,2699366958
8041,68678171,13043261,81721432,9,0,0,75264,17,941370712
8042,68695710,11834377,80530087,7,0,0,2048,19,997343488
8043,68720680,13182882,81903562,2,0,0,24064,18,105298340
8044,68725720,12405923,81131643,0,0,0,15360,17,3949990820
8045,68729330,12781641,81510971,4,0,0,7680,7,2110206620
8046,68734960,12216303,80951263,8,0,0,37376,13,4000202944
8047,68747030,11990042,80737072,3,0,0,5632,13,10471210206
8048,68748480,12859656,81608136,2,0,0,17408,18,10243025861
8049,68752310,12228126,80980436,3,0,0,20480,13,1641379503
8050,68760100,12883630,81643730,2,0,0,9216,18,163320963
8051,68762670,11932428,80695098,0,0,0,4096,17,10315048144
8052,68779870,12966591,81746461,4,0,0,51200,7,5879039303
8053,68798969,31956896,100755865,0,0,1,9728,17,4756459864
8054,68825380,31936310,100761690,4,0,1,512,7,7377887068
8055,68826120,11941652,80767772,7,0,0,21504,19,7417250842
8056,68839800,12554972,81394772,6,0,0,52224,19,10411252605
8057,68855220,12200149,81055369,8,0,0,9216,13,4813117708
8058,68863970,12023540,80887510,8,0,0,19456,13,9825408127
8059,68873401,13124651,81998052,9,0,0,30208,17,3130878725
8060,68886330,12656154,81542484,6,0,0,75776,19,2076185582
8061,68899441,12658494,81557935,9,0,0,19968,17,10489207089
8062,68949980,12332716,81282696,6,0,0,13824,19,8275873793
8063,68950860,31831156,100782016,9,0,1,11264,17,5309336226
8064,68968080,31833342,100801422,3,0,1,4608,13,10300034051
8065,68971580,11968157,80939737,6,0,0,26624,19,1497901338
8066,68979800,12449222,81429022,4,0,0,20992,7,3229527686
8067,68983660,12430184,81413844,2,0,0,37888,18,10236233031
8068,68983930,12294462,81278392,8,0,0,13312,13,4788030288
8069,68998031,11961057,80959088,9,0,0,18432,17,611363984
8070,69001131,12291198,81292329,9,0,0,8192,17,5508954958
8071,69008270,31794458,100802728,3,0,1,2048,13,1779170208
8072,69017580,12759659,81777239,6,0,0,95744,19,7602439815
8073,69021259,31868464,100889723,2,0,1,38400,18,1232107748
8074,69025569,31979052,101004621,5,0,1,4608,10,6645910016
8075,69028130,32078148,101106278,9,0,1,20480,17,5432615337
8076,69037040,12872317,81909357,2,0,0,18944,18,8168030216
8077,69043350,12276617,81319967,0,0,0,8192,17,2166847363
8078,69059491,32067793,101127284,6,0,1,2048,19,6082865868
8079,69103091,32089233,101192324,6,0,1,18944,19,3872004348
8080,69103270,32136481,101239751,8,0,1,14848,13,9660911043
8081,69107051,12938161,82045212,1,0,0,8192,0,7080660241
8082,69109600,12260727,81370327,0,0,0,2560,17,5553632280
8083,69110081,12349021,81459102,9,0,0,22016,17,916096656
8084,69110810,12311793,81422603,0,0,0,28672,17,2700555854
8085,69112009,32128708,101240717,0,0,1,1536,17,2278584162
8086,69115120,32141554,101256674,4,0,1,6656,7,4556581985
8087,69129151,12347522,81476673,1,0,0,31232,0,9959199001
8088,69131150,12022888,81154038,3,0,0,1024,13,4640806319
8089,69161870,12282346,81444216,3,0,0,11264,13,4875487998
8090,69163730,12466916,81630646,4,0,0,13824,7,8363415131
8091,69173040,13028098,82201138,8,0,0,24576,13,887315976
8092,69185501,12651047,81836548,9,0,0,50176,17,3259365363
8093,69205030,12039932,81244962,7,0,0,1024,19,4934337099
8094,69205661,12588682,81794343,9,0,0,30720,17,3484448604
8095,69213720,12103728,81317448,4,0,0,18944,7,8545367635
8096,69215310,12680866,81896176,8,0,0,50176,13,3745946648
8097,69232980,12497055,81730035,8,0,0,28160,13,7468409438
8098,69235370,12101405,81336775,3,0,0,7168,13,9685452331
8099,69238570,32077489,101316059,7,0,1,512,19,7174674591
8100,69245740,12614597,81860337,0,0,0,40448,17,7537782789
8101,69250510,12375901,81626411,3,0,0,59904,13,2116243557
8102,69252921,12294913,81547834,9,0,0,17408,17,6530724853
8103,69257720,12657744,81915464,8,0,0,19968,13,3166539088
8104,69263051,12515927,81778978,9,0,0,5632,17,2899133758
8105,69269071,12390313,81659384,9,0,0,9728,17,10192092153
8106,69272450,12532524,81804974,6,0,0,34816,19,1992230650
8107,69282340,12815516,82097856,4,0,0,7680,7,8557085718
8108,69293460,12749233,82042693,2,0,0,49152,18,2792511116
8109,69295001,12659721,81954722,9,0,0,12800,17,7447494662
8110,69311870,12269859,81581729,3,0,0,22016,13,7897210527
8111,69326510,32004867,101331377,9,0,1,2560,17,3778150190
8112,69327560,12753684,82081244,8,0,0,28672,13,2604412434
8113,69333210,32012876,101346086,7,0,1,5632,19,440191326
8114,69378011,12810422,82188433,9,0,0,30720,17,1673042342
8115,69378320,12116247,81494567,4,0,0,14336,7,150589624
8116,69380380,31965721,101346101,1,0,1,4608,0,8675578997
8117,69399210,12717165,82116375,4,0,0,6656,7,2405086517
8118,69422550,12308288,81730838,3,0,0,2560,13,1230963224
8119,69433740,12435200,81868940,8,0,0,28160,13,10395811964
8120,69433930,12201263,81635193,0,0,0,14848,17,5794266620
8121,69447260,12337677,81784937,4,0,0,19456,7,1654193858
8122,69452890,13066619,82519509,2,0,0,37376,18,4001265369
8123,69454520,12724530,82179050,6,0,0,46080,19,9722991835
8124,69467030,12794161,82261191,0,0,0,1536,17,3997720510
8125,69488280,12626044,82114324,4,0,0,32768,7,2001566857
8126,69506800,12707666,82214466,2,0,0,6144,18,6973259580
8127,69514240,12541782,82056022,3,0,0,23552,13,8991211594
8128,69537071,12490623,82027694,9,0,0,60416,17,7880861246
8129,69539121,12821055,82360176,1,0,0,22016,0,9708025247
8130,69542810,12805606,82348416,3,0,0,44032,13,10558931266
8131,69550020,31803287,101353307,9,0,1,22016,17,7832327008
8132,69551400,12321307,81872707,4,0,0,12288,7,3603782869
8133,69556140,12532771,82088911,4,0,0,25088,7,5709159253
8134,69565100,31825333,101390433,4,0,1,5120,7,1086398877
8135,69568400,12708694,82277094,6,0,0,30208,19,9440015642
8136,69570560,12272095,81842655,8,0,0,19968,13,3654631208
8137,69580860,31830522,101411382,4,0,1,15360,7,2961566535
8138,69585399,31826949,101412348,0,0,1,13824,17,699868630
8139,69588670,31827893,101416563,3,0,1,10240,13,2783321691
8140,69594620,12798269,82392889,3,0,0,54272,13,8654621546
8141,69597810,31873639,101471449,9,0,1,10752,17,7923535552
8142,69597880,12889809,82487689,4,0,0,45568,7,9929556815
8143,69601800,31907025,101508825,4,0,1,26624,7,2798118764
8144,69614570,12133474,81748044,8,0,0,5120,13,129664676
8145,69633900,31876001,101509901,8,0,1,13312,13,10085891228
8146,69648080,12542560,82190640,3,0,0,7168,13,4835627192
8147,69689000,12428654,82117654,4,0,0,4096,7,9150688580
8148,69699180,13127631,82826811,0,0,0,40960,17,1277979902
8149,69714949,31819834,101534783,2,0,1,31744,18,3964928417
8150,69718200,12522186,82240386,6,0,0,8192,19,7813446513
8151,69725310,13024176,82749486,2,0,0,179712,18,191412414
8152,69751020,12797916,82548936,2,0,0,1536,18,6725105717
8153,69757970,12530686,82288656,7,0,0,9216,19,2453301345
8154,69761620,12883796,82645416,0,0,0,95232,17,4973802711
8155,69792810,12606053,82398863,7,0,0,13312,19,9194970650
8156,69803490,12073920,81877410,8,0,0,15360,13,6146857930
8157,69805160,12851869,82657029,4,0,0,37888,7,1372888491
8158,69816060,12645593,82461653,7,0,0,4608,19,2895306328
8159,69822890,12092761,81915651,4,0,0,512,7,9473848256
8160,69828260,12631966,82460226,8,0,0,67072,13,3469202675
8161,69832130,12216693,82048823,3,0,0,11776,13,8512385790
8162,69834970,12957920,82792890,4,0,0,72704,7,7889541211
8163,69835480,31776534,101612014,3,0,1,23040,13,5681016116
8164,69838060,12042805,81880865,7,0,0,11264,19,3508579176
8165,69839180,12668918,82508098,8,0,0,20992,13,5554813253
8166,69846861,31765168,101612029,6,0,1,2048,19,2803791193
8167,69859381,12900984,82760365,1,0,0,10240,0,7346339908
8168,69859481,12513475,82372956,9,0,0,28672,17,4492733581
8169,69864980,13145815,83010795,0,0,0,38400,17,8009363832
8170,69884659,31727385,101612044,0,0,1,1024,17,3278296929
8171,69890720,12333895,82224615,7,0,0,2560,19,2870287675
8172,69890970,13045666,82936636,3,0,0,2560,13,1827782913
8173,69898880,31713179,101612059,9,0,1,512,17,4808598608
8174,69915230,12204631,82119861,3,0,0,7168,13,9742190604
8175,69918760,31693314,101612074,8,0,1,7680,13,1045714783
8176,69919821,12960334,82880155,9,0,0,10752,17,2553047737
8177,69949030,12549441,82498471,6,0,0,14848,19,1660628672
8178,69950170,31661919,101612089,7,0,1,1536,19,783898404
8179,69950770,12861799,82812569,3,0,0,64512,13,533284645
8180,69954811,12575214,82530025,9,0,0,21504,17,6893618583
8181,69965190,12594400,82559590,3,0,0,28672,13,7504312120
8182,69968349,12799995,82768344,5,0,0,26112,10,3833860435
8183,69974560,12256867,82231427,8,0,0,11264,13,1422644381
8184,69987190,12206437,82193627,7,0,0,9728,19,4944436472
8185,69993150,13098383,83091533,6,0,0,10240,19,6428408839
8186,69996600,12615198,82611798,2,0,0,12800,18,5845204323
8187,70005731,12849863,82855594,1,0,0,2560,0,10602609721
8188,70018140,31593964,101612104,3,0,1,1024,13,7121548329
8189,70024820,12235880,82260700,6,0,0,16896,19,1417734763
8190,70027310,12405994,82433304,3,0,0,22528,13,6867486988
8191,70027941,12998367,83026308,1,0,0,47104,0,4870040909
8192,70030350,31582876,101613226,3,0,1,4096,13,8206460644
8193,70031020,12515072,82546092,2,0,0,17408,18,4787431686
8194,70032320,12849886,82882206,2,0,0,6656,18,8703274898
8195,70032540,31580701,101613241,1,0,1,9728,0,2609413716
8196,70045000,12478120,82523120,6,0,0,11776,19,2976738049
8197,70047070,12251125,82298195,4,0,0,31232,7,1506357440
8198,70049110,12077190,82126300,4,0,0,8192,7,3411066083
8199,70052169,31561087,101613256,5,0,1,3584,10,4345856203
8200,70053541,12411754,82465295,1,0,0,11776,0,5710746517
8201,70055070,31558201,101613271,1,0,1,3584,0,840853068
8202,70064140,13075101,83139241,4,0,0,17920,7,1897097679
8203,70067050,31546236,101613286,7,0,1,1536,19,2565205445
8204,70068790,12623793,82692583,2,0,0,24576,18,540876480
8205,70089721,12319276,82408997,1,0,0,1024,0,1314700517
8206,70098600,13251601,83350201,3,0,0,17408,13,884021693
8207,70106141,12960593,83066734,1,0,0,7680,0,3370588226
8208,70107570,12736892,82844462,3,0,0,57856,13,4600891812
8209,70112090,12764766,82876856,3,0,0,27648,13,8117291018
8210,70113100,31500201,101613301,8,0,1,13312,13,381555197
8211,70114781,12192827,82307608,9,0,0,6144,17,4776183785
8212,70114940,13251653,83366593,3,0,0,40960,13,6093349335
8213,70116279,31497037,101613316,2,0,1,4096,18,3484654734
8214,70122831,12539612,82662443,9,0,0,12800,17,7027778022
8215,70123740,13051864,83175604,4,0,0,26112,7,9185563470
8216,70143080,12251704,82394784,0,0,0,6144,17,10251146090
8217,70149290,12387154,82536444,0,0,0,20992,17,3308484053
8218,70153030,12384225,82537255,6,0,0,2560,19,5275254206
8219,70153080,12445391,82598471,8,0,0,11264,13,8916426406
8220,70167200,12862407,83029607,2,0,0,10752,18,6408625595
8221,70182040,12575113,82757153,4,0,0,25088,7,8956216888
8222,70192430,31420901,101613331,4,0,1,1536,7,6747169796
8223,70210220,12997719,83207939,8,0,0,15360,13,9499075850
8224,70213570,12989019,83202589,3,0,0,64512,13,1533908660
8225,70233810,12851248,83085058,4,0,0,17408,7,7797307172
8226,70240580,12530127,82770707,4,0,0,7680,7,3014301613
8227,70248649,31365175,101613824,5,0,1,3072,10,6651243713
8228,70256240,13210643,83466883,8,0,0,31232,13,9748145599
8229,70266260,31375705,101641965,9,0,1,11776,17,4046876470
8230,70273590,31382942,101656532,8,0,1,11264,13,1473499294
8231,70277490,12984882,83262372,7,0,0,24064,19,7737458197
8232,70319291,12903803,83223094,1,0,0,49664,0,8264513427
8233,70327010,12938193,83265203,3,0,0,9216,13,4289572619
8234,70328110,12670962,82999072,6,0,0,129536,19,10695478485
8235,70344010,31330261,101674271,3,0,1,2560,13,5323541642
8236,70356651,12457657,82814308,1,0,0,5632,0,8097464660
8237,70358180,12968852,83327032,2,0,0,6656,18,2000614456
8238,70372070,13069423,83441493,7,0,0,3584,19,1281360142
8239,70379890,12573254,82953144,0,0,0,512,17,572423274
8240,70395291,12455902,82851193,1,0,0,22016,0,2606716289
8241,70404831,12531984,82936815,1,0,0,512,0,9236285397
8242,70413770,13113345,83527115,3,0,0,49152,13,8975592088
8243,70428900,31245386,101674286,8,0,1,3584,13,7129261323
8244,70432079,31242222,101674301,0,0,1,4096,17,9184560773
8245,70434550,12459913,82894463,4,0,0,15872,7,8986864861
8246,70434660,12820357,83255017,3,0,0,75264,13,7063133877
8247,70446010,12422399,82868409,4,0,0,41984,7,1974627851
8248,70458031,31216285,101674316,6,0,1,2048,19,4731185925
8249,70460061,12551849,83011910,9,0,0,3584,17,7356962776
8250,70466940,13417937,83884877,3,0,0,2048,13,3732548557
8251,70488540,13200919,83689459,0,0,0,18432,17,4464186289
8252,70491710,13521239,84012949,4,0,0,63488,7,8594483839
8253,70494940,12440893,82935833,0,0,0,19456,17,7339121601
8254,70496160,12654649,83150809,4,0,0,11264,7,6090108770
8255,70500430,13627849,84128279,2,0,0,7680,18,7706034185
8256,70507000,31193449,101700449,8,0,1,7168,13,9109416591
8257,70510430,13154356,83664786,6,0,0,30720,19,3887148538
8258,70526771,12879515,83406286,9,0,0,112640,17,7781101573
8259,70529730,13594915,84124645,6,0,0,5632,19,8992496310
8260,70532411,12907967,83440378,1,0,0,26112,0,5620113533
8261,70541340,13244986,83786326,6,0,0,46080,19,5636303618
8262,70548850,13008789,83557639,4,0,0,26624,7,1663126440
8263,70550410,31153265,101703675,1,0,1,5120,0,9142726681
8264,70576800,12603039,83179839,6,0,0,13824,19,3286087708
8265,70579650,12688540,83268190,2,0,0,9728,18,9699166287
8266,70591960,13231059,83823019,6,0,0,86016,19,5914701734
8267,70593000,13470494,84063494,6,0,0,72192,19,8976031940
8268,70600960,13634426,84235386,4,0,0,11776,7,5807991557
8269,70615431,13156809,83772240,9,0,0,48128,17,3390086999
8270,70624080,13549185,84173265,3,0,0,9216,13,10179648442
8271,70624310,12408604,83032914,0,0,0,10752,17,6412015904
8272,70633611,12296175,82929786,9,0,0,5632,17,4921455478
8273,70644171,12641681,83285852,9,0,0,22528,17,2035176549
8274,70658901,12297471,82956372,1,0,0,1024,0,4561991545
8275,70667901,13268038,83935939,9,0,0,13312,17,6115884426
8276,70686359,31018596,101704955,5,0,1,14336,10,9841410910
8277,70688660,12348759,83037419,8,0,0,5632,13,1255659684
8278,70719891,12689257,83409148,9,0,0,9216,17,5468542326
8279,70721960,12887112,83609072,4,0,0,19968,7,3541651440
8280,70733270,12960593,83693863,3,0,0,7680,13,2361015514
8281,70750390,12520617,83271007,3,0,0,5632,13,797284554
8282,70754380,13147235,83901615,8,0,0,31744,13,10310278272
8283,70754670,12662053,83416723,3,0,0,12800,13,9554092227
8284,70755571,13553410,84308981,9,0,0,15360,17,8583662851
8285,70757320,12811696,83569016,6,0,0,14848,19,10516473634
8286,70760660,13119179,83879839,2,0,0,51200,18,2889904779
8287,70763430,13776713,84540143,4,0,0,57344,7,915253464
8288,70786470,13167187,83953657,0,0,0,30208,17,9582170525
8289,70810009,30895510,101705519,5,0,1,10752,10,8359003846
8290,70810780,12824021,83634801,4,0,0,7680,7,4680725882
8291,70815931,30894653,101710584,6,0,1,1024,19,10277714675
8292,70824720,30888770,101713490,1,0,1,4608,0,5691457393
8293,70834560,12677556,83512116,7,0,0,40960,19,6540456233
8294,70847950,12830165,83678115,3,0,0,11264,13,8132261607
8295,70867119,30847677,101714796,0,0,1,2048,17,6678567376
8296,70875901,30840201,101716102,6,0,1,2048,19,1487975170
8297,70876280,12779123,83655403,4,0,0,27648,7,89357476
8298,70891950,12844705,83736655,7,0,0,25088,19,6542720637
8299,70912209,30813929,101726138,2,0,1,9728,18,9256285261
8300,70913811,12457173,83370984,9,0,0,14336,17,3672574285
8301,70934510,12766158,83700668,4,0,0,15872,7,6829660657
8302,70937530,12265706,83203236,0,0,0,2048,17,324310401
8303,70961111,12342470,83303581,9,0,0,16384,17,2994660978
8304,70964080,12481960,83446040,4,0,0,14848,7,4791893990
8305,70983320,30745404,101728724,3,0,1,4096,13,8496973172
8306,70987120,12649306,83636426,2,0,0,3072,18,1857593915
8307,70994530,12763023,83757553,6,0,0,54272,19,2096831848
8308,70999110,12918026,83917136,7,0,0,26624,19,7956428684
8309,71004950,12953270,83958220,3,0,0,2560,13,7198163363
8310,71021420,13323151,84344571,0,0,0,76288,17,2271991705
8311,71021991,13643583,84665574,9,0,0,45568,17,8118566164
8312,71026490,12400320,83426810,6,0,0,15872,19,1838631935
8313,71036981,12524425,83561406,9,0,0,12288,17,9565406606
8314,71071970,12529536,83601506,4,0,0,12288,7,2066077962
8315,71072380,12833002,83905382,8,0,0,12288,13,7049838091
8316,71081060,12584217,83665277,0,0,0,1536,17,7421445918
8317,71084150,12644838,83728988,8,0,0,36352,13,6221609708
8318,71115799,30614551,101730350,2,0,1,2560,18,7633185929
8319,71125080,30606576,101731656,9,0,1,2048,17,9942350295
8320,71130290,12241653,83371943,2,0,0,3072,18,3382908549
8321,71150440,12529102,83679542,7,0,0,4608,19,8653264460
8322,71160040,12636748,83796788,0,0,0,16896,17,10603977735
8323,71163210,12929548,84092758,6,0,0,11776,19,1284820944
8324,71169520,12714710,83884230,7,0,0,14336,19,4619672814
8325,71169670,12858177,84027847,7,0,0,5120,19,5240715964
8326,71174541,12235433,83409974,9,0,0,2560,17,7703234922
8327,71193230,13616073,84809303,4,0,0,77312,7,3401287155
8328,71196700,12639477,83836177,2,0,0,12800,18,2476487471
8329,71203000,30536548,101739548,9,0,1,4608,17,5904134360
8330,71203790,30537384,101741174,3,0,1,2560,13,4363996495
8331,71235740,30508340,101744080,9,0,1,4608,17,6549147046
8332,71244730,30500976,101745706,9,0,1,2560,17,7647595302
8333,71249990,12582256,83832246,6,0,0,30208,19,470512962
8334,71254630,12387505,83642135,7,0,0,2560,19,5189299124
8335,71257730,30489052,101746782,4,0,1,13312,7,7483726074
8336,71260710,12865206,84125916,2,0,0,4096,18,3515461816
8337,71270860,12621060,83891920,6,0,0,23040,19,9543428926
8338,71301150,12725114,84026264,7,0,0,31744,19,4717278274
8339,71305080,13112001,84417081,8,0,0,3072,13,6342682181
8340,71305100,13472586,84777686,6,0,0,38912,19,10631838633
8341,71307779,12799602,84107381,5,0,0,2048,10,3622765375
8342,71309120,13199466,84508586,7,0,0,3584,19,2992786526
8343,71310031,12920629,84230660,9,0,0,59392,17,5507867666
8344,71323610,12585391,83909001,8,0,0,11776,13,4258155171
8345,71327480,12840732,84168212,2,0,0,21504,18,1240410434
8346,71333330,12341330,83674660,8,0,0,30720,13,4154341470
8347,71345370,30418470,101763840,3,0,1,12288,13,3481907655
8348,71361380,30414881,101776261,9,0,1,12288,17,90820621
8349,71368179,30408428,101776607,0,0,1,512,17,7512144346
8350,71371490,30440932,101812422,8,0,1,19968,13,5137716977
8351,71378329,13307680,84686009,5,0,0,32256,10,9596522298
8352,71382790,12867322,84250112,0,0,0,28160,17,4320045339
8353,71385340,30427097,101812437,8,0,1,9728,13,10270713634
8354,71395020,12536840,83931860,0,0,0,26624,17,10184901932
8355,71395890,30417981,101813871,3,0,1,27136,13,563357208
8356,71398840,30415046,101813886,3,0,1,6144,13,8809890672
8357,71399930,13423482,84823412,4,0,0,41472,7,1785680604
8358,71406460,12682687,84089147,7,0,0,47104,19,10462343466
8359,71408509,30420452,101828961,2,0,1,10752,18,8921157844
8360,71415129,12837034,84252163,5,0,0,6656,10,6364325367
8361,71416110,12949232,84365342,4,0,0,27136,7,854259268
8362,71428570,13218215,84646785,2,0,0,69120,18,2317693695
8363,71437421,13070050,84507471,9,0,0,11264,17,667053652
8364,71447670,30383557,101831227,1,0,1,3584,0,5424588200
8365,71480490,13509306,84989796,7,0,0,36864,19,4990594206
8366,71489970,12741805,84231775,3,0,0,3584,13,934467250
8367,71507250,30326243,101833493,4,0,1,3584,7,10176522304
8368,71513800,12560949,84074749,2,0,0,36864,18,4387094400
8369,71518110,13677396,85195506,6,0,0,10240,19,2367291348
8370,71522039,13243768,84765807,5,0,0,25088,10,3076478773
8371,71525740,30312259,101837999,8,0,1,7168,13,249947871
8372,71534560,12564640,84099200,4,0,0,17408,7,6833777936
8373,71535371,13656923,85192294,9,0,0,55808,17,8869976798
8374,71536049,30318937,101854986,5,0,1,1024,10,1217064064
8375,71536900,30319392,101856292,3,0,1,2048,13,1022215812
8376,71541669,12565065,84106734,5,0,0,14336,10,5560860281
8377,71542210,12473102,84015312,2,0,0,7680,18,1790699931
8378,71550670,12651267,84201937,0,0,0,3584,17,3715254965
8379,71561910,13607250,85169160,3,0,0,70656,13,7415898576
8380,71570220,12552686,84122906,4,0,0,32768,7,4663588816
8381,71571800,12640741,84212541,3,0,0,32256,13,2163033237
8382,71572269,30284369,101856638,0,0,1,512,17,5522777651
8383,71578920,13298903,84877823,4,0,0,28160,7,2419393506
8384,71579669,30280515,101860184,5,0,1,5632,10,2197833406
8385,71582350,12519993,84102343,3,0,0,10240,13,5967639022
8386,71595749,13347769,84943518,5,0,0,34304,10,6161486109
8387,71596120,13682197,85278317,6,0,0,13824,19,7092030890
8388,71602140,30259350,101861490,4,0,1,2048,7,8327728561
8389,71603130,12577958,84181088,6,0,0,25600,19,9047362655
8390,71609031,12848645,84457676,9,0,0,26624,17,2034020589
8391,71611450,13781864,85393314,3,0,0,49664,13,9181720200
8392,71625070,12468803,84093873,6,0,0,3584,19,4538302316
8393,71626220,13322960,84949180,7,0,0,18432,19,9358786797
8394,71630780,13198302,84829082,3,0,0,17408,13,8342891036
8395,71632249,12890399,84522648,5,0,0,512,10,410669682
8396,71644860,13380775,85025635,2,0,0,57344,18,3752810012
8397,71648551,13400055,85048606,9,0,0,75264,17,392131057
8398,71662200,12642078,84304278,7,0,0,20992,19,8805890420
8399,71682171,30183825,101865996,6,0,1,7168,19,6791970525
8400,71687340,12835129,84522469,8,0,0,42496,13,7561571110
8401,71687620,13001220,84688840,6,0,0,9216,19,9151755890
8402,71687680,12663934,84351614,6,0,0,23040,19,261800035
8403,71692610,12898029,84590639,7,0,0,11264,19,5013252588
8404,71700030,13533523,85233553,2,0,0,36864,18,3356147132
8405,71726800,12569327,84296127,2,0,0,5632,18,4717831083
8406,71747079,12799863,84546942,5,0,0,16896,10,1063278457
8407,71758519,13237095,84995614,5,0,0,14848,10,7291129357
8408,71764410,13456726,85221136,8,0,0,37888,13,5360463077
8409,71770420,13439149,85209569,6,0,0,46080,19,4445847219
8410,71770750,13140969,84911719,2,0,0,2560,18,46511394
8411,71776800,12605498,84382298,4,0,0,512,7,9438265762
8412,71780500,13617517,85398017,6,0,0,15360,19,1132956951
8413,71795100,12856567,84651667,0,0,0,11264,17,7568003042
8414,71796840,13773861,85570701,4,0,0,30208,7,6965580190
8415,71804450,13822837,85627287,4,0,0,3072,7,2290444228
8416,71811430,12902018,84713448,7,0,0,3584,19,9647107702
8417,71818070,30052458,101870528,1,0,1,7168,0,7612316498
8418,71821761,12850738,84672499,9,0,0,16896,17,10652549035
8419,71823391,13413016,85236407,1,0,0,1024,0,10651396085
8420,71832999,30039475,101872474,5,0,1,3072,10,8590272103
8421,71834919,13874908,85709827,5,0,0,4096,10,8557205174
8422,71836090,12751048,84587138,4,0,0,66560,7,9923625334
8423,71848221,13666889,85515110,9,0,0,91648,17,10356895119
8424,71851500,12747274,84598774,7,0,0,26624,19,6322594605
8425,71865650,12964703,84830353,0,0,0,4096,17,7696258755
8426,71866430,30031081,101897511,1,0,1,19456,0,192787432
8427,71867030,13510147,85377177,6,0,0,8704,19,5163598066
8428,71880410,12723379,84603789,6,0,0,16384,19,4448629376
8429,71895000,12914794,84809794,7,0,0,1536,19,10115199301
8430,71896809,30000717,101897526,2,0,1,512,18,635162163
8431,71897550,12814783,84712333,0,0,0,20480,17,954022068
8432,71902660,13978078,85880738,8,0,0,5120,13,5925993688
8433,71904521,13236257,85140778,9,0,0,17920,17,8411401373
8434,71906600,12836235,84742835,7,0,0,20480,19,644811762
8435,71908430,13739608,85648038,0,0,0,43520,17,5324424936
8436,71912580,29984961,101897541,4,0,1,2048,7,6968517977
8437,71920240,13165873,85086113,7,0,0,2048,19,4669495770
8438,71936530,13071610,85008140,0,0,0,39936,17,5983916502
8439,71942200,12706012,84648212,3,0,0,4608,13,4293408901
8440,71953760,13103201,85056961,7,0,0,15360,19,2812849293
8441,71956220,12854533,84810753,6,0,0,3072,19,9798140552
8442,71957470,29943689,101901159,1,0,1,23552,0,8234114671
8443,71970010,13479777,85449787,2,0,0,33792,18,10038019047
8444,71970880,13285335,85256215,0,0,0,51712,17,4402467151
8445,71972530,12749828,84722358,3,0,0,24064,13,4662147002
8446,71972980,13022969,84995949,2,0,0,1024,18,2777549083
8447,71979700,12696458,84676158,2,0,0,10240,18,9886828921
8448,71985280,12968715,84953995,8,0,0,11264,13,1833704315
8449,71994320,12829427,84823747,2,0,0,1024,18,1965184535
8450,72003240,12987827,84991067,7,0,0,4096,19,3324208351
8451,72007280,13073615,85080895,2,0,0,2048,18,529104787
8452,72023470,29877704,101901174,7,0,1,2048,19,6312749004
8453,72034949,13959832,85994781,5,0,0,31232,10,6314907078
8454,72037050,14190720,86227770,4,0,0,3072,7,4183008445
8455,72039450,29861739,101901189,7,0,1,1536,19,9612803719
8456,72056409,29848931,101905340,5,0,1,16384,10,2901247302
8457,72067830,12801390,84869220,3,0,0,18432,13,10671413565
8458,72068460,14105679,86174139,8,0,0,79360,13,3896071026
8459,72070820,14218122,86288942,2,0,0,28672,18,305998486
8460,72073790,13331917,85405707,0,0,0,25088,17,10617674805
8461,72077220,13691998,85769218,6,0,0,80896,19,6677633888
8462,72079410,29854305,101933715,3,0,1,30720,13,7898821453
8463,72080880,13283927,85364807,0,0,0,74240,17,9485064291
8464,72083030,14316441,86399471,0,0,0,1536,17,7638101452
8465,72086940,13291219,85378159,0,0,0,3072,17,4158541466
8466,72087110,29847271,101934381,9,0,1,1024,17,9442093625
8467,72088640,29855842,101944482,3,0,1,30208,13,9884658849
8468,72105800,29853990,101959790,8,0,1,4096,13,6490491132
8469,72107510,13185326,85292836,7,0,0,6144,19,4103065907
8470,72118050,29841755,101959805,4,0,1,8192,7,4972737848
8471,72120330,13773456,85893786,6,0,0,26112,19,367852770
8472,72135260,13799159,85934419,7,0,0,45056,19,7346335209
8473,72138800,29821020,101959820,8,0,1,1024,13,1831003940
8474,72140331,14391798,86532129,9,0,0,16384,17,4978252981
8475,72142410,13079857,85222267,0,0,0,3584,17,5219306953
8476,72157419,29802416,101959835,5,0,1,8704,10,7284532883
8477,72158651,29801659,101960310,6,0,1,12288,19,6599621950
8478,72166380,13008887,85175267,7,0,0,19968,19,5571469888
8479,72171930,29808924,101980854,9,0,1,512,17,2429035644
8480,72176161,29805679,101981840,6,0,1,1536,19,412643951
8481,72178110,13445745,85623855,6,0,0,4096,19,7577990713
8482,72181010,29800984,101981994,7,0,1,8704,19,10035093864
8483,72208620,29779110,101987730,8,0,1,9728,13,348462749
8484,72222510,13038252,85260762,6,0,0,14848,19,4944477613
8485,72244500,13955581,86200081,6,0,0,59392,19,2789533068
8486,72252090,29738226,101990316,4,0,1,4096,7,4170064802
8487,72254171,12816869,85071040,9,0,0,5120,17,3447092851
8488,72269530,13756742,86026272,4,0,0,36352,7,6606242796
8489,72273050,13045801,85318851,3,0,0,14336,13,2636874100
8490,72294970,13625698,85920668,6,0,0,28160,19,5819961002
8491,72298070,29693117,101991187,7,0,1,12288,19,10186498104
8492,72306310,29700119,102006429,7,0,1,1536,19,4680961548
8493,72306449,13166010,85472459,5,0,0,22016,10,7840532395
8494,72314150,13060352,85374502,6,0,0,31744,19,3033030236
8495,72320150,13387603,85707753,3,0,0,36352,13,7974831616
8496,72320380,29710115,102030495,4,0,1,6144,7,3803716725
8497,72331141,13093087,85424228,9,0,0,16896,17,4850581049
8498,72333630,13798822,86132452,8,0,0,20992,13,9400511208
8499,72342251,12957004,85299255,9,0,0,20992,17,7876070541
8500,72361209,12874863,85236072,5,0,0,8192,10,8964496962
8501,72385520,13089302,85474822,3,0,0,7680,13,4539076485
8502,72394430,29640571,102035001,4,0,1,7168,7,5139666221
8503,72396570,12865939,85262509,3,0,0,5632,13,4389747050
8504,72398960,13334644,85733604,0,0,0,46592,17,10220689013
8505,72413151,13074012,85487163,9,0,0,21504,17,8701414974
8506,72426970,13122865,85549835,6,0,0,13824,19,6972226198
8507,72431041,13401228,85832269,9,0,0,15360,17,3011776990
8508,72434541,29601446,102035987,6,0,1,1536,19,1723429296
8509,72439540,14257303,86696843,6,0,0,52736,19,10547207061
8510,72442920,12864201,85307121,2,0,0,6144,18,8098215942
8511,72452461,29584090,102036551,6,0,1,10752,19,7262529052
8512,72463409,14009298,86472707,5,0,0,18432,10,5718710525
8513,72472370,29575116,102047486,9,0,1,18944,17,7712407872
8514,72492239,13278874,85771113,5,0,0,6144,10,1997286494
8515,72494730,12965304,85460034,7,0,0,3072,19,2836606824
8516,72506020,13066587,85572607,7,0,0,6144,19,6554601836
8517,72509560,29559396,102068956,4,0,1,33280,7,479358532
8518,72521300,14239125,86760425,4,0,0,43520,7,2172632011
8519,72521680,12993773,85515453,0,0,0,1024,17,1366989297
8520,72536240,29535942,102072182,7,0,1,5120,19,8918590626
8521,72541800,13003425,85545225,0,0,0,14336,17,9579299395
8522,72552000,13449980,86001980,4,0,0,23552,7,250493771
8523,72555739,13234724,85790463,5,0,0,10752,10,6032014472
8524,72559220,13024967,85584187,6,0,0,18944,19,15807355
8525,72577730,13494408,86072138,2,0,0,50176,18,7284935544
8526,72588060,13105573,85693633,0,0,0,29184,17,9039034428
8527,72606550,14354260,86960810,0,0,0,9216,17,2275929043
8528,72608800,13135747,85744547,4,0,0,35840,7,2623875346
8529,72617601,13097577,85715178,9,0,0,1024,17,2069930862
8530,72631120,13612140,86243260,2,0,0,32256,18,7654743962
8531,72647779,13127966,85775745,5,0,0,10240,10,10499501372
8532,72648550,13148869,85797419,4,0,0,19456,7,6635867536
8533,72659280,29425729,102085009,1,0,1,7680,0,2315349961
8534,72660740,12926590,85587330,3,0,0,10240,13,8043175930
8535,72664239,13122917,85787156,5,0,0,37376,10,8104812451
8536,72674780,13359042,86033822,6,0,0,11776,19,10159114123
8537,72681849,13197306,85879155,5,0,0,46080,10,4645355448
8538,72682820,13229245,85912065,7,0,0,47104,19,8113423322
8539,72701650,29389144,102090794,3,0,1,3072,13,3787480985
8540,72710469,12998087,85708556,5,0,0,2560,10,3759509184
8541,72718980,13505616,86224596,0,0,0,80384,17,7637066984
8542,72726350,13740718,86467068,3,0,0,2048,13,3753116672
8543,72726821,29364639,102091460,6,0,1,1024,19,2181886113
8544,72742041,13508129,86250170,9,0,0,18432,17,5256709868
8545,72743569,29349197,102092766,2,0,1,2048,18,6022451075
8546,72745460,13799983,86545443,7,0,0,35840,19,10124509203
8547,72754210,29340822,102095032,1,0,1,3584,0,968980750
8548,72760330,13623359,86383689,2,0,0,16384,18,8610710680
8549,72766390,13307799,86074189,7,0,0,6656,19,8524619099
8550,72775551,13201332,85976883,1,0,0,3072,0,8585487851
8551,72779010,13447793,86226803,7,0,0,7168,19,4057859088
8552,72780600,13312179,86092779,2,0,0,25088,18,432177581
8553,72782480,13186526,85969006,6,0,0,44032,19,603687277
8554,72784499,13397463,86181962,5,0,0,25600,10,3953230927
8555,72791740,13488443,86280183,3,0,0,70144,13,5094439731
8556,72796490,13260337,86056827,3,0,0,22016,13,6083376815
8557,72811889,13164027,85975916,5,0,0,20480,10,9993438487
8558,72832700,29380625,102213325,9,0,1,211456,17,4909164539
8559,72849779,13583315,86433094,5,0,0,35328,10,919913868
8560,72863090,13633274,86496364,7,0,0,25088,19,8679307444
8561,72864730,14250145,87114875,6,0,0,8704,19,5706327253
8562,72868349,13719821,86588170,5,0,0,7680,10,2748978607
8563,72868480,13364929,86233409,3,0,0,18432,13,4222531681
8564,72872950,13371581,86244531,4,0,0,4096,7,3705117753
8565,72879160,29340567,102219727,4,0,1,4608,7,2088048861
8566,72895170,13074483,85969653,6,0,0,2048,19,4184745342
8567,72898720,29323564,102222284,3,0,1,2560,13,6327374019
8568,72917499,13409487,86326986,5,0,0,18944,10,950438093
8569,72927700,13327040,86254740,7,0,0,11264,19,8828231548
8570,72930240,29292198,102222438,8,0,1,8704,13,707931011
8571,72935229,29298210,102233439,0,0,1,7168,17,3551266392
8572,72935480,13861712,86797192,2,0,0,92672,18,72819718
8573,72944560,13402377,86346937,6,0,0,34816,19,5228661056
8574,72947860,13373331,86321191,7,0,0,36864,19,7505158976
8575,72953371,14082187,87035558,1,0,0,30208,0,3034203579
8576,72954530,13296755,86251285,6,0,0,3584,19,7135987314
8577,72955840,13510581,86466421,3,0,0,16384,13,7034915413
8578,72956590,29277835,102234425,7,0,1,1536,19,788937788
8579,72995689,13382985,86378674,5,0,0,23552,10,2381112835
8580,73002140,13369335,86371475,4,0,0,25600,7,7762790591
8581,73005701,14170668,87176369,9,0,0,71168,17,3852914965
8582,73011279,29227972,102239251,0,0,1,7680,17,9058978048
8583,73012001,13429276,86441277,9,0,0,8704,17,8593176438
8584,73021390,13513110,86534500,7,0,0,7680,19,4217018540
8585,73038550,29207706,102246256,1,0,1,6656,0,603113269
8586,73041941,13685703,86727644,9,0,0,30720,17,3172973022
8587,73046819,29266122,102312941,2,0,1,126464,18,6583261910
8588,73067519,13318481,86386000,5,0,0,5120,10,5519775781
8589,73070270,13446076,86516346,2,0,0,16896,18,5011774346
8590,73071439,13322818,86394257,5,0,0,9728,10,8125875166
8591,73072930,14060989,87133919,3,0,0,33792,13,2419545489
8592,73077090,13568968,86646058,0,0,0,36352,17,3736155788
8593,73080400,14140048,87220448,2,0,0,4096,18,6146205125
8594,73082860,13633038,86715898,0,0,0,62464,17,1293997994
8595,73090071,14290824,87380895,9,0,0,69632,17,3709048653
8596,73103990,29224151,102328141,3,0,1,1024,13,73787470
8597,73108361,14073335,87181696,9,0,0,17408,17,2929818610
8598,73108830,13325535,86434365,0,0,0,4096,17,3105804858
8599,73115951,13602310,86718261,1,0,0,7680,0,2925733048
8600,73123519,13445119,86568638,5,0,0,2560,10,7943588185
8601,73132270,13686839,86819109,4,0,0,18432,7,8804012451
8602,73136800,13495915,86632715,7,0,0,3584,19,383799770
8603,73142880,13368295,86511175,6,0,0,13312,19,2484856121
8604,73148871,14422301,87571172,1,0,0,43520,0,8665306833
8605,73151060,14162594,87313654,3,0,0,16896,13,8794223792
8606,73157319,13696105,86853424,5,0,0,30208,10,6188151162
8607,73170761,13382193,86552954,9,0,0,24576,17,2909440603
8608,73191001,13429551,86620552,9,0,0,23552,17,5088943873
8609,73195469,29136858,102332327,2,0,1,6656,18,8094288524
8610,73205789,13892922,87098711,5,0,0,1024,10,45697235
8611,73207791,13525180,86732971,9,0,0,17408,17,2850740364
8612,73218509,13308605,86527114,5,0,0,20480,10,6073444590
8613,73229300,13797031,87026331,8,0,0,41472,13,1106272449
8614,73231001,13723523,86954524,1,0,0,70656,0,31674336
8615,73231780,13953839,87185619,7,0,0,12800,19,9303340010
8616,73241820,29106574,102348394,9,0,1,51712,17,5656826681
8617,73252459,29097881,102350340,5,0,1,3072,10,9368660875
8618,73254969,29096357,102351326,2,0,1,1536,18,554750404
8619,73257520,29096712,102354232,1,0,1,4608,0,5864696212
8620,73258310,13674663,86932973,3,0,0,72192,13,3292613087
8621,73266410,13334982,86601392,0,0,0,3072,17,2059720055
8622,73267830,13545632,86813462,6,0,0,24064,19,6189263561
8623,73278339,29077173,102355512,5,0,1,14336,10,9808414967
8624,73285460,13597671,86883131,7,0,0,31744,19,5386556354
8625,73286700,13671279,86957979,8,0,0,11264,13,2562384619
8626,73291660,13577946,86869606,6,0,0,1536,19,2380377252
8627,73302700,29063169,102365869,3,0,1,24576,13,2200684567
8628,73309901,13773662,87083563,9,0,0,49664,17,5423116182
8629,73312601,13669686,86982287,1,0,0,1024,0,9901992161
8630,73319850,13578889,86898739,6,0,0,22528,19,3399698218
8631,73329061,13684611,87013672,9,0,0,24576,17,3113084084
8632,73342860,13725548,87068408,7,0,0,34304,19,3013790524
8633,73350980,13843387,87194367,2,0,0,16896,18,5508469782
8634,73362990,29003865,102366855,1,0,1,1536,0,3720091052
8635,73363170,13442937,86806107,7,0,0,29184,19,3930977885
8636,73377219,13587514,86964733,5,0,0,12800,10,4103037045
8637,73387990,14346653,87734643,4,0,0,110592,7,6457998592
8638,73397200,13944813,87342013,2,0,0,22016,18,8954460145
8639,73400000,14345655,87745655,4,0,0,4608,7,7823863247
8640,73402640,13785654,87188294,6,0,0,8704,19,4995028436
8641,73411170,13678823,87089993,3,0,0,11776,13,3932793748
8642,73419010,13720966,87139976,6,0,0,6144,19,4835741666
8643,73420160,13828918,87249078,4,0,0,20480,7,7723748731
8644,73433870,13983279,87417149,8,0,0,32768,13,1226229732
8645,73434650,28934151,102368801,1,0,1,3072,0,5783639639
8646,73437450,28934897,102372347,3,0,1,5632,13,6133050405
8647,73439810,13607120,87046930,2,0,0,18944,18,10254847348
8648,73465269,28907744,102373013,0,0,1,1024,17,6261233428
8649,73466390,13862777,87329167,0,0,0,20480,17,2587595744
8650,73466410,28907909,102374319,1,0,1,2048,0,6851551735
8651,73469660,13997396,87467056,2,0,0,79360,18,5221184854
8652,73472320,13847285,87319605,4,0,0,19456,7,8323207790
8653,73495410,13588644,87084054,6,0,0,1536,19,454336274
8654,73497250,13761679,87258929,8,0,0,32256,13,9562198087
8655,73529910,13712905,87242815,3,0,0,23552,13,5935520559
8656,73532200,28844065,102376265,4,0,1,3072,7,5964560018
8657,73554910,13852232,87407142,3,0,0,4096,13,2989122544
8658,73571241,28809210,102380451,6,0,1,6656,19,4019706182
8659,73578690,13744214,87322904,7,0,0,10752,19,3837980711
8660,73585960,13890945,87476905,4,0,0,8704,7,86469494
8661,73586290,13833386,87419676,6,0,0,8192,19,9090424085
8662,73593529,13741753,87335282,5,0,0,19968,10,1915988397
8663,73609399,14207676,87817075,5,0,0,50688,10,921587675
8664,73615810,13912152,87527962,8,0,0,13312,13,10637607936
8665,73616580,13922797,87539377,3,0,0,9728,13,6864102093
8666,73623190,13818548,87441738,4,0,0,46080,7,9124526938
8667,73637330,14205244,87842574,8,0,0,17920,13,2189289382
8668,73678001,14258218,87936219,9,0,0,27648,17,772274171
8669,73679810,13763043,87442853,7,0,0,3584,19,2049566157
8670,73686130,13719741,87405871,2,0,0,14848,18,6184593976
8671,73700940,28680587,102381527,7,0,1,13312,19,1249519651
8672,73704629,28693351,102397980,2,0,1,12800,18,6662835961
8673,73716549,28681892,102398441,2,0,1,10240,18,672788796
8674,73717300,14033526,87750826,0,0,0,14336,17,4384691217
8675,73720950,28683825,102404775,3,0,1,4096,13,1199373207
8676,73722820,13700049,87422869,4,0,0,6656,7,9475678280
8677,73733559,28672883,102406442,0,0,1,1536,17,1848929341
8678,73735759,13840683,87576442,5,0,0,1024,10,5944006416
8679,73758510,13864027,87622537,7,0,0,7168,19,3324858455
8680,73761859,13712371,87474230,5,0,0,13824,10,476991935
8681,73762959,28644149,102407108,0,0,1,1024,17,8982908862
8682,73775570,13746376,87521946,3,0,0,4608,13,466349154
8683,73775889,13868392,87644281,5,0,0,62976,10,9839788458
8684,73786050,14191989,87978039,6,0,0,66048,19,10151275437
8685,73788180,13816538,87604718,3,0,0,16384,13,5960823505
8686,73790700,13801476,87592176,3,0,0,37376,13,3223559466
8687,73792489,28619765,102412254,2,0,1,8192,18,7528804216
8688,73792590,14238226,88030816,0,0,0,44544,17,10072493073
8689,73794150,28630988,102425138,1,0,1,6144,0,6677013094
8690,73797360,14027717,87825077,2,0,0,26112,18,2993670424
8691,73812480,14171510,87983990,2,0,0,19456,18,5014607404
8692,73855479,13880623,87736102,5,0,0,4608,10,5469721545
8693,73861439,13795046,87656485,5,0,0,7680,10,5700468537
8694,73893980,13752554,87646534,8,0,0,7168,13,2595033238
8695,73899941,28528423,102428364,6,0,1,5120,19,330270961
8696,73904230,13926517,87830747,7,0,0,5632,19,5955241757
8697,73906770,28525486,102432256,4,0,1,6144,7,9026098555
8698,73913480,14337329,88250809,8,0,0,40448,13,3577682906
8699,73929330,28508072,102437402,3,0,1,8192,13,4659502524
8700,73932479,28506549,102439028,0,0,1,2560,17,8822510469
8701,73944030,13856403,87800433,3,0,0,512,13,6977849149
8702,73952400,13748524,87700924,6,0,0,46592,19,6128834903
8703,73966370,13720335,87686705,0,0,0,16384,17,2227352737
8704,73973371,13691951,87665322,1,0,0,4096,0,2913613683
8705,73976081,13893513,87869594,1,0,0,32768,0,3075087142
8706,73976530,28462844,102439374,3,0,1,512,13,9278423751
8707,73988470,28454450,102442920,4,0,1,5632,7,7477183521
8708,73995790,13768443,87764233,8,0,0,6144,13,1320711535
8709,73996041,28447225,102443266,6,0,1,512,19,2091566894
8710,74000560,14114154,88114714,8,0,0,29696,13,4596469456
8711,74008260,28435992,102444252,3,0,1,1536,13,906576236
8712,74009890,13897247,87907137,3,0,0,24064,13,3743760829
8713,74010520,28438558,102449078,1,0,1,7680,0,5862809972
8714,74011509,28442715,102454224,0,0,1,8192,17,3290378494
8715,74031379,13960746,87992125,5,0,0,26624,10,2792143332
8716,74038899,13790109,87829008,5,0,0,12800,10,5546728035
8717,74052351,13838386,87890737,1,0,0,10752,0,10351989341
8718,74058520,28396780,102455300,8,0,1,13312,13,5346946715
8719,74058640,28574253,102632893,9,0,1,240128,17,9292282774
8720,74066850,28566811,102633661,4,0,1,11776,7,3793340999
8721,74069110,14316468,88385578,8,0,0,3584,13,163895045
8722,74069580,28564542,102634122,8,0,1,10240,13,5344982457
8723,74070641,28567027,102637668,6,0,1,5632,19,8023926988
8724,74070950,13867476,87938426,6,0,0,7168,19,7539691885
8725,74073720,13868473,87942193,8,0,0,12288,13,9423002684
8726,74085191,28568558,102653749,6,0,1,11264,19,9580663017
8727,74088449,14071027,88159476,5,0,0,12288,10,1057692525
8728,74089780,28566555,102656335,8,0,1,4096,13,2716545077
8729,74102171,13895133,87997304,9,0,0,16896,17,10004730473
8730,74114950,28550203,102665153,7,0,1,10752,19,9655640279
8731,74116930,13967420,88084350,0,0,0,36352,17,10178729216
8732,74117769,13943737,88061506,5,0,0,16384,10,209422308
8733,74118250,14106274,88224524,8,0,0,9216,13,4898384604
8734,74118549,14085626,88204175,5,0,0,61440,10,5307231072
8735,74127111,28554173,102681284,6,0,1,11264,19,7902613302
8736,74128921,14032090,88161011,1,0,0,2560,0,3975650091
8737,74142780,14005649,88148429,2,0,0,11264,18,7811578960
8738,74144039,28539831,102683870,2,0,1,4096,18,5048667947
8739,74156119,28528417,102684536,0,0,1,1024,17,4558486906
8740,74157240,13973475,88130715,2,0,0,18944,18,46073364
8741,74160880,13928329,88089209,2,0,0,15872,18,3696942766
8742,74164740,13955769,88120509,0,0,0,18944,17,8178943921
8743,74178070,13856045,88034115,3,0,0,10752,13,7730712787
8744,74210720,14027742,88238462,6,0,0,37888,19,9841257282
8745,74212119,14077449,88289568,5,0,0,7680,10,5251661341
8746,74219321,14002372,88221693,9,0,0,22528,17,6252871476
8747,74230881,13996006,88226887,9,0,0,7680,17,10498815795
8748,74231391,14110013,88341404,9,0,0,13824,17,5860222848
8749,74243400,14091828,88335228,4,0,0,16384,7,5235220515
8750,74244320,14168983,88413303,4,0,0,31744,7,4224789383
8751,74258819,13955987,88214806,5,0,0,34816,10,4568581919
8752,74266230,28700027,102966257,9,0,1,424448,17,5358387838
8753,74269910,13984518,88254428,0,0,0,11776,17,8880873956
8754,74275010,14195328,88470338,3,0,0,10752,13,7883289263
8755,74289469,14082072,88371541,5,0,0,512,10,879028017
8756,74299690,13985264,88284954,6,0,0,12288,19,5951608929
8757,74303470,14487491,88790961,4,0,0,48640,7,9680668065
8758,74307179,28659424,102966603,0,0,1,512,17,5848436785
8759,74315580,14055713,88371293,7,0,0,37376,19,10153821596
8760,74324699,28650607,102975306,0,0,1,17920,17,2829020420
8761,74326250,14500699,88826949,4,0,0,39424,7,6721980850
8762,74339899,28655540,102995439,2,0,1,16896,18,6507356350
8763,74345760,14121279,88467039,0,0,0,6656,17,1137762874
8764,74348951,14235971,88584922,1,0,0,40448,0,5586697858
8765,74366700,14098288,88464988,3,0,0,4608,13,10439642438
8766,74384670,14141196,88525866,7,0,0,4608,19,8703220451
8767,74388380,28615563,103003943,3,0,1,17920,13,6813367354
8768,74397100,14006508,88403608,2,0,0,32256,18,3442621248
8769,74401960,28617348,103019308,1,0,1,6144,0,7226027994
8770,74411950,14402948,88814898,2,0,0,49152,18,3182207724
8771,74418220,14041509,88459729,8,0,0,20992,13,3119470010
8772,74418559,14222109,88640668,5,0,0,30720,10,1979012265
8773,74437610,14280978,88718588,4,0,0,22528,7,9823606193
8774,74437890,14080458,88518348,7,0,0,30208,19,1471280368
8775,74458500,14225716,88684216,3,0,0,22528,13,2626417913
8776,74458570,14378253,88836823,3,0,0,32256,13,6759700247
8777,74460250,14616344,89076594,0,0,0,71680,17,5545612773
8778,74461789,14139680,88601469,5,0,0,34304,10,7766732770
8779,74462860,14337039,88799899,6,0,0,20992,19,610814782
8780,74473311,14534243,89007554,9,0,0,9728,17,2971395827
8781,74485430,14701123,89186553,0,0,0,27136,17,1846391256
8782,74499721,14405746,88905467,1,0,0,3072,0,4193203711
8783,74507190,28516304,103023494,3,0,1,6656,13,6925907124
8784,74523580,14412985,88936565,7,0,0,30720,19,2883090340
8785,74537620,14053374,88590994,3,0,0,10752,13,8538835291
8786,74538381,13970740,88509121,1,0,0,11776,0,1879339314
8787,74570060,14141618,88711678,7,0,0,53248,19,6913689905
8788,74579860,28444940,103024800,7,0,1,2048,19,6388849382
8789,74587220,14617810,89205030,3,0,0,41984,13,6791253701
8790,74592970,14683298,89276268,0,0,0,35328,17,4601301891
8791,74607520,14185960,88793480,6,0,0,8192,19,9929375369
8792,74614550,14650753,89265303,3,0,0,3584,13,6230138096
8793,74615810,14156878,88772688,7,0,0,13824,19,9432313403
8794,74650170,14343546,88993716,4,0,0,42496,7,4572939930
8795,74665780,14815322,89481102,2,0,0,4096,18,6626876596
8796,74671350,14414159,89085509,2,0,0,29184,18,1417575824
8797,74679550,14183497,88863047,3,0,0,17408,13,2126558909
8798,74680660,28363927,103044587,1,0,1,34304,0,4521900234
8799,74691611,14656104,89347715,1,0,0,23552,0,2849590493
8800,74697531,14283214,88980745,9,0,0,56320,17,7409982253
8801,74707450,14750098,89457548,7,0,0,25600,19,9085756434
8802,74720170,14818381,89538551,7,0,0,88064,19,8246646755
8803,74724920,14377616,89102536,0,0,0,55808,17,10683546540
8804,74725849,28319404,103045253,2,0,1,1024,18,10446114096
8805,74739081,14471023,89210104,1,0,0,3072,0,2873288515
8806,74742610,14707115,89449725,3,0,0,166912,13,2212479704
8807,74744691,14192365,88937056,1,0,0,1536,0,9185280875
8808,74747160,14431102,89178262,7,0,0,66048,19,5302674772
8809,74753489,14351878,89105367,5,0,0,9216,10,10171616785
8810,74762240,14426988,89189228,2,0,0,8704,18,2332824572
8811,74783800,14354920,89138720,8,0,0,10240,13,10393510687
8812,74787430,14450431,89237861,3,0,0,4608,13,10440351057
8813,74789959,28255640,103045599,5,0,1,512,10,5568936545
8814,74791760,28255785,103047545,8,0,1,3072,13,4115675296
8815,74810570,14412958,89223528,0,0,0,28160,17,8127275061
8816,74810580,14758091,89568671,2,0,0,4096,18,792659376
8817,74814710,28234141,103048851,8,0,1,2048,13,6830203389
8818,74824611,14456331,89280942,1,0,0,13824,0,10006402848
8819,74827071,14494053,89321124,9,0,0,36352,17,8013367968
8820,74832100,14360115,89192215,0,0,0,9728,17,1914624082
8821,74839720,14850301,89690021,0,0,0,24576,17,2158913677
8822,74842900,14772002,89614902,0,0,0,29696,17,6720573148
8823,74845320,14360201,89205521,7,0,0,1536,19,8109385105
8824,74859431,14248143,89107574,1,0,0,7168,0,10571929467
8825,74861300,14904747,89766047,7,0,0,15872,19,5576085928
8826,74868150,28187039,103055189,8,0,1,16896,13,4489297088
8827,74869210,14460540,89329750,7,0,0,28160,19,9533023267
8828,74876689,14593876,89470565,5,0,0,31744,10,1607894520
8829,74878600,14581155,89459755,2,0,0,7168,18,5940948653
8830,74886320,14484319,89370639,8,0,0,2560,13,591874926
8831,74891831,15031297,89923128,1,0,0,34816,0,146495326
8832,74892580,28163915,103056495,3,0,1,2048,13,6632319390
8833,74893361,14567509,89460870,1,0,0,3584,0,3379220298
8834,74914920,14721133,89636053,8,0,0,25088,13,8790251082
8835,74916620,14704780,89621400,4,0,0,8704,7,1490295846
8836,74919740,14552260,89472000,7,0,0,4608,19,4944833584
8837,74929140,14842438,89771578,0,0,0,9216,17,8773177332
8838,74941170,28120471,103061641,7,0,1,8192,19,7292098296
8839,74948110,14697079,89645189,4,0,0,28672,7,269038233
8840,74952520,15002478,89954998,2,0,0,80896,18,1052347374
8841,74973479,14533376,89506855,5,0,0,60928,10,823447803
8842,74978510,14562583,89541093,0,0,0,7680,17,7642754048
8843,74980350,14733848,89714198,3,0,0,16896,13,2582367885
8844,74982441,14497382,89479823,1,0,0,25600,0,8514272331
8845,74986120,14771523,89757643,6,0,0,4608,19,8879855222
8846,74992040,15043856,90035896,2,0,0,155136,18,1202919138
8847,74997020,14547854,89544874,7,0,0,10240,19,1148472574
8848,75050649,14488081,89538730,5,0,0,512,10,5706858297
8849,75051199,14343734,89394933,5,0,0,512,10,9066951545
8850,75072510,14439048,89511558,4,0,0,15360,7,5572839560
8851,75080460,14508937,89589397,2,0,0,33280,18,10085378413
8852,75094070,14945304,90039374,3,0,0,5632,13,8849758163
8853,75094160,14511663,89605823,0,0,0,53248,17,4287270532
8854,75111880,27951906,103063786,4,0,1,3072,7,4543119014
8855,75113181,14454219,89567400,1,0,0,23040,0,5193112581
8856,75116950,28041401,103158351,9,0,1,144384,17,6582301789
8857,75138400,14687683,89826083,6,0,0,11264,19,9048552846
8858,75143250,14702027,89845277,6,0,0,2560,19,6647366041
8859,75145690,14339491,89485181,8,0,0,13312,13,6594200771
8860,75150671,28025648,103176319,6,0,1,6144,19,6574578325
8861,75151780,14557247,89709027,4,0,0,16896,7,4698774292
8862,75154511,28025674,103180185,6,0,1,6144,19,6372166281
8863,75174131,14802628,89976759,1,0,0,27136,0,5075074302
8864,75176560,14801493,89978053,4,0,0,4096,7,10015128951
8865,75198970,14390606,89589576,2,0,0,512,18,6920974454
8866,75203490,14540936,89744426,2,0,0,24576,18,9388491614
8867,75205249,27977202,103182451,0,0,1,3584,17,6241748403
8868,75234240,14499425,89733665,7,0,0,5120,19,1816105808
8869,75241990,14509387,89751377,6,0,0,3584,19,3785819094
8870,75248710,27935367,103184077,7,0,1,2560,19,687317011
8871,75260240,14838104,90098344,6,0,0,48128,19,9656137740
8872,75261230,14610968,89872198,8,0,0,7168,13,2417173147
8873,75262650,27926253,103188903,4,0,1,7680,7,3467174299
8874,75264580,14525878,89790458,4,0,0,14336,7,79230340
8875,75268380,27923429,103191809,8,0,1,4608,13,6421519113
8876,75277379,27916376,103193755,2,0,1,3072,18,6668741299
8877,75279730,27915651,103195381,3,0,1,2560,13,2579159249
8878,75293560,14498325,89791885,0,0,0,4608,17,1593247021
8879,75294781,14753508,90048289,9,0,0,29184,17,9635139716
8880,75295010,14510705,89805715,4,0,0,2048,7,8376541669
8881,75298440,14614057,89912497,8,0,0,20480,13,2047279023
8882,75307951,14766947,90074898,1,0,0,17408,0,3642438552
8883,75315710,27881937,103197647,4,0,1,3584,7,1233756313
8884,75318210,14798509,90116719,4,0,0,16896,7,3214951789
8885,75325830,27872176,103198006,7,0,1,9728,19,10309949396
8886,75346791,15101014,90447805,9,0,0,27136,17,5367658348
8887,75354790,14613655,89968445,7,0,0,44032,19,9286011210
8888,75359130,14978541,90337671,3,0,0,65024,13,284763941
8889,75368170,27840820,103208990,8,0,1,1024,13,10559294386
8890,75385400,14544927,89930327,0,0,0,23552,17,1285493570
8891,75386250,14519984,89906234,3,0,0,43008,13,1979032059
8892,75388979,14648656,90037635,5,0,0,5632,10,8139154030
8893,75410270,15387155,90797425,8,0,0,167936,13,7473015136
8894,75423140,14646408,90069548,4,0,0,43520,7,10545997745
8895,75423411,14660246,90083657,9,0,0,28672,17,9257841914
8896,75427740,14552395,89980135,4,0,0,6656,7,7256667447
8897,75430189,14620151,90050340,5,0,0,6656,10,6299329214
8898,75434320,14694240,90128560,7,0,0,18432,19,859862437
8899,75435961,15168240,90604201,9,0,0,18944,17,6812768359
8900,75447491,15074288,90521779,9,0,0,6656,17,5587981175
8901,75459160,27751136,103210296,3,0,1,2048,13,3044197463
8902,75459261,14947017,90406278,9,0,0,12288,17,4356847286
8903,75460610,27750659,103211269,1,0,1,12800,0,6796725077
8904,75468610,15403371,90871981,0,0,0,13824,17,1245433701
8905,75479721,14838115,90317836,1,0,0,12288,0,2884601739
8906,75485630,14708118,90193748,0,0,0,15360,17,2806432235
8907,75492280,14792271,90284551,3,0,0,56320,13,7247363337
8908,75510881,14540574,90051455,1,0,0,3584,0,6760317006
8909,75515070,14982003,90497073,2,0,0,15872,18,1715970259
8910,75515200,14837838,90353038,8,0,0,7680,13,848038455
8911,75519890,27696973,103216863,1,0,1,19456,0,7411997574
8912,75526630,14955778,90482408,8,0,0,6656,13,8283045086
8913,75534829,14867682,90402511,5,0,0,120832,10,7272545969
8914,75551581,27665641,103217222,6,0,1,9728,19,10256960498
8915,75552010,14661999,90214009,6,0,0,22528,19,2762989900
8916,75552610,15025947,90578557,8,0,0,20480,13,6954909546
8917,75560450,14950005,90510455,4,0,0,41984,7,712772109
8918,75564611,15239389,90804000,9,0,0,21504,17,5648802916
8919,75572519,14771415,90343934,5,0,0,20480,10,197674252
8920,75580891,15381757,90962648,9,0,0,10240,17,172925556
8921,75590090,15313339,90903429,6,0,0,43008,19,7336181147
8922,75592150,14966224,90558374,0,0,0,17920,17,8175737052
8923,75592729,15153505,90746234,5,0,0,29696,10,3227419292
8924,75595910,15049589,90645499,8,0,0,7168,13,4258952079
8925,75598471,14819374,90417845,1,0,0,37888,0,5715365816
8926,75615630,27607532,103223162,7,0,1,18944,19,3247047259
8927,75617489,27607299,103224788,2,0,1,2560,18,7980665630
8928,75623010,15114153,90737163,3,0,0,122368,13,10173624711
8929,75623190,15201581,90824771,2,0,0,68096,18,4563049689
8930,75626050,14865017,90491067,2,0,0,22016,18,8621541363
8931,75630660,27594487,103225147,8,0,1,9728,13,1469699389
8932,75631610,15250378,90881988,4,0,0,32768,7,6603576417
8933,75634270,14927023,90561293,0,0,0,1024,17,3156553552
8934,75652959,27577492,103230451,2,0,1,11264,18,9751515379
8935,75654911,27580472,103235383,6,0,1,2048,19,10505900738
8936,75672670,15195076,90867746,8,0,0,7168,13,8696900812
8937,75673589,27570522,103244111,2,0,1,40448,18,6860557825
8938,75674890,15215412,90890302,0,0,0,20480,17,1116081281
8939,75676350,15182910,90859260,4,0,0,22528,7,5535312586
8940,75684320,14896912,90581232,6,0,0,8704,19,5713851892
8941,75699360,15325130,91024490,2,0,0,37888,18,5655764651
8942,75711819,14857181,90569000,5,0,0,2560,10,2871250090
8943,75717230,15323910,91041140,2,0,0,10752,18,6877951881
8944,75732651,14946317,90678968,9,0,0,27648,17,7312409668
8945,75737050,15103375,90840425,2,0,0,27136,18,24703942
8946,75741019,15316549,91057568,5,0,0,41472,10,1071154816
8947,75741140,27513779,103254919,7,0,1,8704,19,2332984535
8948,75744490,15221542,90966032,6,0,0,9728,19,9515140955
8949,75749710,27513587,103263297,8,0,1,7680,13,10116147891
8950,75751389,15320393,91071782,5,0,0,17920,10,6758808167
8951,75755250,15110273,90865523,2,0,0,20480,18,1486605755
8952,75757220,15166362,90923582,0,0,0,37888,17,2193182016
8953,75757409,15322421,91079830,5,0,0,5120,10,2468888052
8954,75763409,15143943,90907352,5,0,0,12800,10,8541512645
8955,75770240,15182846,90953086,7,0,0,61440,19,4943195328
8956,75771250,15353244,91124494,8,0,0,30720,13,7681054950
8957,75776220,15366764,91142984,0,0,0,28672,17,5782526255
8958,75776500,15150248,90926748,4,0,0,10240,7,7686365433
8959,75791420,15136287,90927707,7,0,0,3072,19,4630246963
8960,75792970,15047790,90840760,8,0,0,1024,13,4411010846
8961,75794171,27474272,103268443,6,0,1,8192,19,981824226
8962,75813651,15030252,90843903,9,0,0,10240,17,8378412380
8963,75840790,14852444,90693234,4,0,0,7168,7,8234661700
8964,75844820,15682272,91527092,4,0,0,70656,7,720328285
8965,75847130,15062905,90910035,3,0,0,8704,13,9767775777
8966,75855111,14997239,90852350,9,0,0,27648,17,2510801157
8967,75859210,15184576,91043786,7,0,0,2560,19,3022170562
8968,75868110,27405289,103273399,7,0,1,6656,19,5200304318
8969,75876620,15007419,90884039,8,0,0,6656,13,4728355385
8970,75888661,14943465,90832126,1,0,0,24064,0,7074318376
8971,75893559,27395216,103288775,0,0,1,24064,17,4539648807
8972,75898910,15130820,91029730,8,0,0,12800,13,5923964147
8973,75901820,15199074,91100894,2,0,0,4096,18,7857601438
8974,75918400,15327482,91245882,2,0,0,15360,18,5756148985
8975,75920520,15189445,91109965,3,0,0,29696,13,8418980201
8976,75922390,27366846,103289236,7,0,1,10240,19,6272792058
8977,75932640,15065480,90998120,3,0,0,7680,13,199302530
8978,75933521,15354554,91288075,9,0,0,27648,17,8447396712
8979,75938860,15020645,90959505,2,0,0,20992,18,9241312812
8980,75940530,15387628,91328158,7,0,0,20992,19,10212437937
8981,75956120,27334742,103290862,1,0,1,2560,0,6474086638
8982,75958460,15392358,91350818,8,0,0,5632,13,5651344565
8983,75970000,15252988,91222988,0,0,0,25600,17,1825761437
8984,75984750,15344991,91329741,8,0,0,5120,13,2168910006
8985,75988179,27304629,103292808,2,0,1,3072,18,4457251046
8986,75995460,15067435,91062895,8,0,0,17408,13,177710395
8987,75998089,27297945,103296034,5,0,1,5120,10,7197536696
8988,76003600,15167147,91170747,2,0,0,17920,18,6485951755
8989,76006030,15567486,91573516,3,0,0,24064,13,524603541
8990,76009040,15715896,91724936,7,0,0,57344,19,9820896842
8991,76013470,15428948,91442418,2,0,0,10240,18,9035840250
8992,76016670,15926765,91943435,3,0,0,51200,13,3995742442
8993,76020659,15334550,91355209,5,0,0,14336,10,7680399877
8994,76026150,14999634,91025784,3,0,0,4096,13,10189817637
8995,76026310,27272310,103298620,4,0,1,4096,7,5121707734
8996,76026920,15144006,91170926,0,0,0,512,17,2265983454
8997,76037740,15512619,91550359,4,0,0,76288,7,150813450
8998,76041991,15206506,91248497,9,0,0,4608,17,2643304638
8999,76060260,15595292,91655552,8,0,0,1024,13,6412149378
9000,76063761,15215867,91279628,9,0,0,50176,17,9960322428
9001,76078780,15220261,91299041,7,0,0,34816,19,2330705140
9002,76099651,15249428,91349079,1,0,0,3584,0,6458220469
9003,76099910,15383684,91483594,2,0,0,3584,18,3166312391
9004,76104680,15269502,91374182,2,0,0,4608,18,4457916255
9005,76109510,27189776,103299286,3,0,1,11264,13,6469820542
9006,76135371,15303904,91439275,1,0,0,61440,0,1803110379
9007,76138470,15840219,91978689,7,0,0,11264,19,32935659
9008,76147751,27153161,103300912,6,0,1,2560,19,3936364394
9009,76174870,15391291,91566161,8,0,0,51712,13,2414370379
9010,76196340,14950388,91146728,4,0,0,1536,7,5864815574
9011,76204701,15386774,91591475,1,0,0,44032,0,4416866591
9012,76211890,15977036,92188926,8,0,0,4096,13,7836082806
9013,76218700,27087064,103305764,4,0,1,7680,7,2187727702
9014,76219590,15634475,91854065,0,0,0,40448,17,6802618955
9015,76228901,15191631,91420532,9,0,0,13312,17,7095458680
9016,76246079,27060351,103306430,2,0,1,1024,18,136413508
9017,76250761,27062147,103312908,6,0,1,19456,19,8771011001
9018,76260200,15334510,91594710,0,0,0,10240,17,5402069652
9019,76269860,15546181,91816041,6,0,0,43008,19,468443645
9020,76273141,15375082,91648223,1,0,0,58880,0,4547036960
9021,76278300,15803650,92081950,8,0,0,41984,13,2892385319
9022,76280630,15600625,91881255,3,0,0,4608,13,5846059494
9023,76302410,15091490,91393900,4,0,0,13824,7,2762144961
9024,76313551,27000983,103314534,6,0,1,2560,19,329319124
9025,76343680,15230903,91574583,3,0,0,3072,13,2764666820
9026,76351940,14936470,91288410,0,0,0,1024,17,9739640862
9027,76357210,16025378,92382588,8,0,0,26624,13,6378573390
9028,76380910,26934290,103315200,4,0,1,1024,7,548069211
9029,76398809,15375879,91774688,5,0,0,6656,10,5207606675
9030,76401350,15548504,91949854,6,0,0,20992,19,57990731
9031,76402289,14999233,91401522,5,0,0,9728,10,5875015166
9032,76416380,15066076,91482456,8,0,0,32256,13,9025200332
9033,76421450,15630385,92051835,3,0,0,24576,13,7484099918
9034,76422921,15256212,91679133,1,0,0,31744,0,1464773816
9035,76447201,15320236,91767437,9,0,0,52736,17,2500583045
9036,76455200,14919161,91374361,4,0,0,512,7,7767034656
9037,76477870,15751045,92228915,6,0,0,41984,19,6368682525
9038,76497740,15160845,91658585,2,0,0,1024,18,4072686459
9039,76498690,26817176,103315866,3,0,1,1024,13,10558655188
9040,76502461,15648910,92151371,1,0,0,27648,0,6743180570
9041,76503290,26812922,103316212,8,0,1,512,13,6654312512
9042,76514010,15287953,91801963,0,0,0,2560,17,4209903627
9043,76535231,15041723,91576954,1,0,0,7680,0,4538750366
9044,76537770,15230314,91768084,6,0,0,2048,19,4982723155
9045,76542111,15487370,92029481,9,0,0,38400,17,4174614446
9046,76562931,15364881,91927812,1,0,0,129024,0,5397877248
9047,76563129,15552703,92115832,5,0,0,99840,10,2443975298
9048,76575419,15411249,91986668,5,0,0,26112,10,8009643028
9049,76578309,26738569,103316878,5,0,1,1024,10,5517377171
9050,76584840,15365817,91950657,0,0,0,2560,17,4081230507
9051,76586950,15301527,91888477,8,0,0,16896,13,5383736508
9052,76588330,26730174,103318504,8,0,1,2560,13,1374456805
9053,76616401,15266905,91883306,1,0,0,6656,0,4047943277
9054,76628890,15883059,92511949,3,0,0,18432,13,10519387247
9055,76641029,15196726,91837755,5,0,0,9216,10,377723115
9056,76644671,15399653,92044324,1,0,0,48640,0,1529766226
9057,76646020,15233808,91879828,8,0,0,84480,13,4376208077
9058,76655931,15528246,92184177,9,0,0,107520,17,9138125957
9059,76661050,15314168,91975218,6,0,0,4096,19,4686334781
9060,76676150,15297797,91973947,8,0,0,7680,13,10398024989
9061,76680150,15291434,91971584,3,0,0,68608,13,67706488
9062,76684300,26636470,103320770,7,0,1,3584,19,2334518455
9063,76690930,26629994,103320924,7,0,1,8704,19,3141844285
9064,76700431,15487224,92187655,9,0,0,11264,17,4308871152
9065,76701630,26621176,103322806,9,0,1,11776,17,5770949708
9066,76710209,15578427,92288636,5,0,0,43008,10,9805590761
9067,76729840,15354005,92083845,6,0,0,6144,19,9626005451
9068,76730380,26607367,103337747,9,0,1,25600,17,7194252981
9069,76756561,15540443,92297004,1,0,0,6144,0,805147832
9070,76760470,15453036,92213506,8,0,0,55808,13,2574194317
9071,76764430,26582737,103347167,3,0,1,2560,13,4358973823
9072,76769080,15626836,92395916,6,0,0,9728,19,4302438705
9073,76779550,15584116,92363666,6,0,0,51200,19,6913373657
9074,76779919,15473407,92253326,5,0,0,26624,10,8561437577
9075,76789990,15400675,92190665,6,0,0,5632,19,9423571263
9076,76804630,26554236,103358866,8,0,1,1024,13,7274101810
9077,76811841,15304950,92116791,9,0,0,3072,17,10124860138
9078,76814640,15379956,92194596,4,0,0,12800,7,1702317160
9079,76816501,15191811,92008312,1,0,0,3072,0,5786386017
9080,76818741,15376658,92195399,1,0,0,2560,0,10217326420
9081,76822000,15299026,92121026,8,0,0,13824,13,7509522522
9082,76831200,15413991,92245191,4,0,0,41472,7,3888178914
9083,76834550,26530448,103364998,4,0,1,9728,7,4296639374
9084,76846470,15790776,92637246,4,0,0,13824,7,2472792174
9085,76850409,15655901,92506310,5,0,0,15360,10,3142517420
9086,76854969,15519484,92374453,5,0,0,35328,10,9721421270
9087,76860970,15135041,91996011,2,0,0,9728,18,5222780065
9088,76865851,15878343,92744194,1,0,0,39424,0,7831970421
9089,76871449,26496455,103367904,0,0,1,4608,17,4887231988
9090,76876780,15624827,92501607,3,0,0,38912,13,4607827877
9091,76883860,15411249,92295109,3,0,0,3584,13,10510620482
9092,76892760,15522021,92414781,6,0,0,37376,19,3353986006
9093,76899970,15832189,92732159,8,0,0,11776,13,2089386923
9094,76903770,15895532,92799302,4,0,0,13312,7,2544718943
9095,76907880,15365663,92273543,8,0,0,27136,13,8215506005
9096,76937120,15320753,92257873,4,0,0,14848,7,3162887347
9097,76952349,15677184,92629533,5,0,0,59392,10,8856720832
9098,76966320,26402570,103368890,1,0,1,1536,0,10295332712
9099,76979211,15653777,92632988,9,0,0,11264,17,10600565401
9100,76983379,26389377,103372756,2,0,1,6144,18,452811717
9101,76983639,26390103,103373742,2,0,1,1536,18,7218708743
9102,76988759,26385854,103374613,0,0,1,12288,17,10001618126
9103,76991959,15239787,92231746,5,0,0,9216,10,2374654227
9104,77001520,15528845,92530365,8,0,0,6144,13,7865902821
9105,77003330,26496843,103500173,9,0,1,176128,17,8767051378
9106,77009640,15846865,92856505,6,0,0,35840,19,8911361581
9107,77015731,15747541,92763272,9,0,0,13824,17,6687144229
9108,77045310,15905269,92950579,6,0,0,10752,19,9175242585
9109,77056570,15671947,92728517,0,0,0,43520,17,10629378761
9110,77061870,15653364,92715234,3,0,0,81920,13,2781285135
9111,77069740,15224246,92293986,3,0,0,6656,13,5816961741
9112,77084980,15710174,92795154,2,0,0,3584,18,10714114766
9113,77086590,15187600,92274190,8,0,0,2048,13,8691744416
9114,77088829,26414890,103503719,0,0,1,5632,17,7271561282
9115,77089601,15695635,92785236,1,0,0,30208,0,10348979663
9116,77094110,15578701,92672811,0,0,0,109568,17,5460682233
9117,77101350,15190585,92291935,4,0,0,10752,7,7682708147
9118,77104210,15811693,92915903,6,0,0,70656,19,3330491026
9119,77109791,15571358,92681149,9,0,0,2560,17,3142728193
9120,77110230,15692543,92802773,3,0,0,11264,13,1303204835
9121,77115930,15643107,92759037,6,0,0,48640,19,8563696155
9122,77136900,15468081,92604981,2,0,0,53248,18,5209847300
9123,77144440,15631569,92776009,8,0,0,19968,13,32580216
9124,77144490,26359575,103504065,4,0,1,512,7,9716544974
9125,77156840,15431894,92588734,6,0,0,22528,19,2446012819
9126,77174249,15506097,92680346,5,0,0,24576,10,4293989060
9127,77176420,15371222,92547642,8,0,0,9728,13,1858045262
9128,77177220,26331351,103508571,1,0,1,7168,0,7637062628
9129,77208510,15968437,93176947,2,0,0,43520,18,3375816378
9130,77227810,26289351,103517161,4,0,1,2560,7,1268937458
9131,77243470,26298252,103541722,8,0,1,25088,13,154937746
9132,77243710,15446354,92690064,2,0,0,29184,18,2065558852
9133,77251830,15540503,92792333,4,0,0,23040,7,2903203980
9134,77252710,15937855,93190565,4,0,0,29184,7,8256156241
9135,77254040,15736141,92990181,2,0,0,10752,18,4233933875
9136,77255180,26287848,103543028,8,0,1,2048,13,4994415191
9137,77261660,15814733,93076393,4,0,0,39424,7,4163838254
9138,77262870,26289939,103552809,4,0,1,29696,7,5517469706
9139,77265811,15750011,93015822,9,0,0,1024,17,10583157444
9140,77278550,16018794,93297344,6,0,0,5632,19,3412108155
9141,77284139,15485763,92769902,5,0,0,10752,10,703611985
9142,77292420,15245446,92537866,6,0,0,16896,19,7267286707
9143,77292860,15272701,92565561,8,0,0,10752,13,9162506467
9144,77292880,15397363,92690243,0,0,0,512,17,6378762081
9145,77306160,26251155,103557315,3,0,1,7168,13,3874272080
9146,77314799,26244462,103559261,2,0,1,3072,18,2182207631
9147,77318530,16049432,93367962,8,0,0,93696,13,3892376240
9148,77337599,15616279,92953878,5,0,0,10752,10,5633649940
9149,77341120,15577146,92918266,8,0,0,7680,13,7426372060
9150,77358740,15509766,92868506,7,0,0,1536,19,621338606
9151,77364181,15672466,93036647,1,0,0,26112,0,966679197
9152,77372321,15546436,92918757,1,0,0,1536,0,5899740639
9153,77373200,15393403,92766603,2,0,0,10752,18,199365798
9154,77375930,15418055,92793985,7,0,0,5120,19,9257680172
9155,77396600,26164927,103561527,4,0,1,3584,7,6094170452
9156,77404669,15525187,92929856,5,0,0,36352,10,7937381183
9157,77406361,15692632,93098993,1,0,0,1536,0,3633116183
9158,77410610,26151071,103561681,3,0,1,8704,13,8663857467
9159,77410950,15630088,93041038,8,0,0,14336,13,3265676506
9160,77422400,16030641,93453041,4,0,0,32768,7,7651920133
9161,77426420,26203874,103630294,9,0,1,110080,17,8871629546
9162,77444740,15736910,93181650,2,0,0,15360,18,2809290626
9163,77460710,26197296,103658006,9,0,1,15872,17,4120362536
9164,77461699,26196653,103658352,0,0,1,512,17,10687482015
9165,77475489,26185769,103661258,5,0,1,4608,10,1598358169
9166,77483350,15532137,93015487,0,0,0,62464,17,6766597953
9167,77486860,16078202,93565062,4,0,0,52736,7,3491537702
9168,77523421,26144366,103667787,6,0,1,23040,19,486170896
9169,77534350,15896678,93431028,6,0,0,72704,19,8905590815
9170,77538230,15585449,93123679,8,0,0,26624,13,4801930246
9171,77548659,26134619,103683278,5,0,1,31232,10,4855869850
9172,77549490,26138000,103687490,7,0,1,6656,19,2351262774
9173,77565690,26126946,103692636,3,0,1,8192,13,507779332
9174,77570701,15641152,93211853,1,0,0,55296,0,4392944018
9175,77571250,26127343,103698593,3,0,1,3584,13,3100654302
9176,77576959,26121993,103698952,2,0,1,9728,18,4024289699
9177,77578351,26123845,103702196,6,0,1,1536,19,10629259351
9178,77580961,15712125,93293086,9,0,0,28160,17,871635267
9179,77581419,26121443,103702862,2,0,1,1024,18,6526311521
9180,77594640,15512821,93107461,8,0,0,15360,13,4773010009
9181,77595810,15631825,93227635,8,0,0,20480,13,1039435606
9182,77598310,15593682,93191992,2,0,0,4608,18,7782740162
9183,77619620,16251361,93870981,2,0,0,76288,18,180780549
9184,77622770,15689019,93311789,8,0,0,32256,13,7989990362
9185,77632890,26070228,103703118,8,0,1,9216,13,7942654844
9186,77676181,15566553,93242734,1,0,0,24576,0,6242645030
9187,77687559,15688070,93375629,5,0,0,25088,10,1945346558
9188,77691579,26038816,103730395,5,0,1,23552,10,7600499658
9189,77696881,15522327,93219208,9,0,0,24064,17,10508687327
9190,77701979,26039337,103741316,5,0,1,2048,10,4556421885
9191,77703710,15490489,93194199,3,0,0,7168,13,6267745152
9192,77710981,15313531,93024512,9,0,0,2560,17,7420328625
9193,77749370,15731242,93480612,7,0,0,2048,19,8829041663
9194,77755510,26019059,103774569,9,0,1,65024,17,7379669746
9195,77760291,15914853,93675144,1,0,0,34816,0,1246167628
9196,77763200,15521283,93284483,3,0,0,10240,13,6640752596
9197,77764001,15563437,93327438,9,0,0,1024,17,3918027365
9198,77770120,26018647,103788767,7,0,1,4096,19,1336426870
9199,77770950,26021069,103792019,7,0,1,15360,19,7462311285
9200,77775250,15611836,93387086,3,0,0,37376,13,9452769238
9201,77775471,15616318,93391789,9,0,0,15360,17,1499748072
9202,77813120,25997482,103810602,1,0,1,2560,0,10226959217
9203,77825360,25987508,103812868,1,0,1,3584,0,5383101823
9204,77830280,15612754,93443034,3,0,0,20992,13,6602086930
9205,77831781,25985246,103817027,6,0,1,3584,19,5132550769
9206,77841439,15471573,93313012,5,0,0,2048,10,7117678416
9207,77841690,15921085,93762775,4,0,0,8192,7,9924069962
9208,77880010,15371606,93251616,7,0,0,9216,19,4795639235
9209,77883899,15874482,93758381,5,0,0,27648,10,761474125
9210,77919420,25899233,103818653,1,0,1,2560,0,10073004776
9211,77922900,15372705,93295605,4,0,0,8192,7,1586203529
9212,77926700,15508742,93435442,2,0,0,5632,18,8108208492
9213,77950930,15307003,93257933,3,0,0,11776,13,9506023685
9214,77951990,15576638,93528628,4,0,0,27136,7,1379433254
9215,77953490,15563980,93517470,3,0,0,57856,13,1658951717
9216,77959701,15977107,93936808,1,0,0,43008,0,4127508527
9217,77960820,15691469,93652289,8,0,0,28672,13,3917843910
9218,77976341,15457362,93433703,1,0,0,8704,0,4154898047
9219,77988480,26059998,104048478,9,0,1,344064,17,3425435183
9220,77995890,15627774,93623664,7,0,0,62464,19,8965540709
9221,77996409,15539421,93535830,5,0,0,10752,10,951662590
9222,78013490,15622521,93636011,2,0,0,40448,18,5004580629
9223,78018780,15958881,93977661,6,0,0,512,19,209037555
9224,78020231,15802642,93822873,9,0,0,24064,17,1756573905
9225,78029560,15924095,93953655,7,0,0,11776,19,1741478148
9226,78032120,15458781,93490901,8,0,0,12800,13,8770892707
9227,78033370,15610160,93643530,8,0,0,24576,13,1941974669
9228,78036149,15675969,93712118,5,0,0,22528,10,2860779141
9229,78036350,15775277,93811627,8,0,0,42496,13,1149613830
9230,78038809,15984309,94023118,5,0,0,98304,10,4934342588
9231,78051120,15552036,93603156,3,0,0,13824,13,5764618760
9232,78054750,15852429,93907179,7,0,0,12288,19,7694834662
9233,78068250,15967048,94035298,6,0,0,10240,19,8261932288
9234,78079070,25970977,104050047,1,0,1,18432,0,4744624331
9235,78079810,15651706,93731516,3,0,0,3072,13,545732568
9236,78089470,25964048,104053518,8,0,1,2048,13,7667091687
9237,78123230,16012514,94135744,4,0,0,98816,7,385244741
9238,78123450,15552497,93675947,2,0,0,2560,18,7696177165
9239,78132730,15652907,93785637,2,0,0,24576,18,3643707050
9240,78146489,16072288,94218777,5,0,0,37888,10,4571789314
9241,78152799,15583169,93735968,5,0,0,2560,10,10281938361
9242,78158680,16305882,94464562,8,0,0,20992,13,9605059099
9243,78161380,15563446,93724826,7,0,0,13824,19,8791386034
9244,78176211,15664626,93840837,1,0,0,4096,0,9296601006
9245,78179099,25875725,104054824,0,0,1,2048,17,8384843450
9246,78179581,16435372,94614953,1,0,0,8192,0,3356685083
9247,78186680,15606249,93792929,3,0,0,4608,13,10668438155
9248,78189560,16505447,94695007,3,0,0,13312,13,9276917044
9249,78205451,16055444,94260895,1,0,0,48128,0,1857510307
9250,78209230,15714052,93923282,6,0,0,11264,19,8071405009
9251,78219240,16108573,94327813,2,0,0,29696,18,3331272122
9252,78223150,15847129,94070279,6,0,0,28672,19,6036156514
9253,78229360,16252216,94481576,4,0,0,7168,7,7737707834
9254,78247819,16426014,94673833,5,0,0,9216,10,5609467912
9255,78248771,16345856,94594627,9,0,0,76288,17,10221164372
9256,78259260,16136116,94395376,3,0,0,11776,13,3940591431
9257,78260840,15800680,94061520,8,0,0,38400,13,3139763321
9258,78264451,15610453,93874904,9,0,0,12800,17,1098985451
9259,78265050,25790440,104055490,3,0,1,1024,13,1465375360
9260,78266411,25790705,104057116,6,0,1,2560,19,172152645
9261,78267969,15893630,94161599,5,0,0,84480,10,10166677907
9262,78282069,25780770,104062839,0,0,1,4096,17,6748393938
9263,78297411,15909799,94207210,9,0,0,2560,17,5412603141
9264,78302840,25764232,104067072,4,0,1,3072,7,1217825261
9265,78303660,16088105,94391765,8,0,0,26624,13,3643951241
9266,78304320,16681339,94985659,7,0,0,53248,19,3858007732
9267,78318040,16570544,94888584,4,0,0,8192,7,8516540977
9268,78322030,25746988,104069018,9,0,1,3072,17,810824560
9269,78335980,16190277,94526257,3,0,0,13312,13,3412881654
9270,78340560,16322553,94663113,2,0,0,9728,18,7312967997
9271,78345730,16269402,94615132,2,0,0,512,18,10512449295
9272,78346960,15682646,94029606,4,0,0,20992,7,4216471741
9273,78349731,15927425,94277156,1,0,0,5632,0,8643247215
9274,78362761,16758420,95121181,9,0,0,28672,17,572510717
9275,78368330,16950990,95319320,4,0,0,41472,7,4134523848
9276,78393980,25675192,104069172,8,0,1,8704,13,499387386
9277,78399770,16819991,95219761,4,0,0,9216,7,7109624814
9278,78412150,17070497,95482647,3,0,0,56320,13,4988328931
9279,78421120,25648206,104069326,8,0,1,8704,13,2841219943
9280,78425220,15841315,94266535,6,0,0,6144,19,3998743538
9281,78439380,25634452,104073832,1,0,1,7168,0,8544323169
9282,78440280,25647740,104088020,1,0,1,19456,0,5174689093
9283,78440830,17117557,95558387,6,0,0,48640,19,5317868567
9284,78494431,16686261,95180692,9,0,0,2048,17,1388328511
9285,78505800,15847849,94353649,6,0,0,11264,19,7630294178
9286,78508089,15842105,94350194,5,0,0,47616,10,10671765782
9287,78508230,25586561,104094791,7,0,1,18432,19,8784447326
9288,78509510,25589147,104098657,9,0,1,6144,17,5725900547
9289,78510140,17154549,95664689,8,0,0,109056,13,8046749194
9290,78516699,15927338,94444037,5,0,0,36864,10,4808037012
9291,78519751,16101020,94620771,1,0,0,18432,0,8011104047
9292,78532550,15707790,94240340,3,0,0,4096,13,3755491915
9293,78544371,16026989,94571360,9,0,0,33280,17,1487350487
9294,78544430,25554483,104098913,3,0,1,9216,13,2374350953
9295,78550741,16282285,94833026,1,0,0,2560,0,1167307037
9296,78582370,25523760,104106130,8,0,1,512,13,6287529420
9297,78584290,16028144,94612434,7,0,0,58368,19,10547591749
9298,78600880,16030083,94630963,6,0,0,5632,19,9480764500
9299,78603590,25521999,104125589,8,0,1,17920,13,1365349346
9300,78608749,25527824,104136573,5,0,1,12800,10,3142481680
9301,78614950,16799913,95414863,7,0,0,30208,19,8376901183
9302,78618341,17115162,95733503,9,0,0,36352,17,9215919546
9303,78622650,25517149,104139799,9,0,1,5120,17,9001736996
9304,78633920,16988268,95622188,8,0,0,14336,13,1493618219
9305,78636811,16647551,95284362,9,0,0,27136,17,3857658735
9306,78644750,17221394,95866144,4,0,0,70656,7,7931994295
9307,78658250,15968682,94626932,7,0,0,17920,19,6257425027
9308,78661471,16092379,94753850,1,0,0,34304,0,81375140
9309,78677300,25462845,104140145,4,0,1,512,7,752757646
9310,78679729,16063646,94743375,5,0,0,31232,10,3035570829
9311,78681140,16107093,94788233,2,0,0,12288,18,1432016056
9312,78698409,16161300,94859709,5,0,0,3584,10,1400072576
9313,78703369,16870081,95573450,5,0,0,11776,10,6808727863
9314,78727090,15628789,94355879,7,0,0,7168,19,4711796491
9315,78766080,15855361,94621441,4,0,0,2048,7,3452275079
9316,78780900,16282695,95063595,4,0,0,107008,7,2015230519
9317,78781671,16177391,94959062,1,0,0,30208,0,2784892301
9318,78791439,16551533,95342972,5,0,0,19968,10,10628126186
9319,78793530,16421518,95215048,7,0,0,15872,19,9477182834
9320,78814011,25328720,104142731,6,0,1,4096,19,2150529893
9321,78817610,25328027,104145637,1,0,1,4608,0,10161673571
9322,78822260,16618154,95440414,8,0,0,57344,13,3708429755
9323,78823880,15847122,94671002,7,0,0,16384,19,9327999686
9324,78826680,16142077,94968757,3,0,0,31744,13,2876974597
9325,78848050,25304167,104152217,7,0,1,19968,19,5092982586
9326,78860101,15992288,94852389,1,0,0,14848,0,6325534589
9327,78883000,25272123,104155123,8,0,1,4608,13,1670867741
9328,78887169,25269580,104156749,5,0,1,2560,10,4301078162
9329,78889410,16507225,95396635,7,0,0,512,19,10176181105
9330,78898050,15760897,94658947,6,0,0,34304,19,10433542376
9331,78900020,25257715,104157735,3,0,1,1536,13,4694887405
9332,78922250,15756858,94679108,7,0,0,4096,19,9437618825
9333,78924200,15789882,94714082,6,0,0,9728,19,398810113
9334,78933659,16354158,95287817,5,0,0,11264,10,9996748392
9335,78943331,15685816,94629147,1,0,0,7168,0,1362476682
9336,78950939,16113147,95064086,5,0,0,1536,10,179985609
9337,78961660,17014843,95976503,8,0,0,55296,13,4617609170
9338,79022651,15652453,94675104,1,0,0,4096,0,9135310662
9339,79038919,16464295,95503214,5,0,0,26112,10,2869808610
9340,79043049,15712230,94755279,5,0,0,3584,10,9350128974
9341,79045140,15721625,94766765,6,0,0,11776,19,1652413288
9342,79054970,15955543,95010513,8,0,0,512,13,6142765357
9343,79063450,15848374,94911824,7,0,0,28160,19,5749357117
9344,79075240,15810825,94886065,3,0,0,30720,13,10519284973
9345,79100630,16713769,95814399,2,0,0,35840,18,3243708873
9346,79136869,16354093,95490962,5,0,0,27136,10,9259905657
9347,79141400,15868934,95010334,6,0,0,25088,19,642204796
9348,79161480,16449681,95611161,3,0,0,32256,13,2927070061
9349,79170150,24990517,104160667,8,0,1,4608,13,1996057178
9350,79220800,15891281,95112081,6,0,0,23040,19,3470564707
9351,79222431,17453062,96675493,1,0,0,31744,0,8660986325
9352,79224640,24937307,104161947,9,0,1,14336,17,9208895611
9353,79235810,24928083,104163893,3,0,1,3072,13,5436196869
9354,79237281,16483060,95720341,1,0,0,9216,0,927454805
9355,79245140,15676909,94922049,2,0,0,31744,18,2196672580
9356,79248570,15872949,95121519,4,0,0,1024,7,5518059294
9357,79260320,16830326,96090646,3,0,0,35840,13,4076629075
9358,79263300,16336271,95599571,6,0,0,16896,19,2361150712
9359,79267969,24896910,104164879,5,0,1,1536,10,9152724892
9360,79277090,15692314,94969404,4,0,0,2048,7,5436170062
9361,79285360,16384188,95669548,6,0,0,15872,19,1417628275
9362,79290279,16621755,95912034,5,0,0,29184,10,6262413281
9363,79325280,16448821,95774101,7,0,0,2048,19,3432471388
9364,79326769,15696972,95023741,5,0,0,16384,10,4699436551
9365,79342420,24823445,104165865,9,0,1,1536,17,7497765284
9366,79356821,16048006,95404827,1,0,0,12288,0,5655678478
9367,79367460,24798751,104166211,3,0,1,512,13,1256293264
9368,79389580,15898728,95288308,6,0,0,1536,19,8315297405
9369,79395120,24772397,104167517,1,0,1,2048,0,5366423004
9370,79411330,24760053,104171383,7,0,1,6144,19,4550371149
9371,79430261,24742108,104172369,6,0,1,1536,19,5771376480
9372,79438779,24734563,104173342,0,0,1,12800,17,9747489086
9373,79438950,15837121,95276071,4,0,0,25600,7,5732007461
9374,79443420,15801128,95244548,7,0,0,48128,19,8602794941
9375,79443599,16013878,95457477,5,0,0,2048,10,8804284032
9376,79446760,16009955,95456715,3,0,0,53248,13,727874874
9377,79457480,16857481,96314961,7,0,0,31744,19,10247945035
9378,79458789,24715219,104174008,5,0,1,1024,10,976571668
9379,79460450,17280706,96741156,2,0,0,1024,18,2273545997
9380,79471020,16217237,95688257,8,0,0,25088,13,7628993264
9381,79489910,15975546,95465456,2,0,0,26112,18,2305351975
9382,79494900,15682202,95177102,6,0,0,15872,19,7689247650
9383,79504950,24676790,104181740,8,0,1,12288,13,6722996401
9384,79508610,24677316,104185926,9,0,1,6656,17,8902904140
9385,79510390,16474184,95984574,8,0,0,10752,13,2097013214
9386,79511209,24676663,104187872,5,0,1,3072,10,6562749022
9387,79543770,16218545,95762315,3,0,0,55296,13,9680725919
9388,79543990,15608536,95152526,3,0,0,19456,13,969806696
9389,79551261,24639197,104190458,6,0,1,4096,19,8644454510
9390,79556460,24634664,104191124,3,0,1,1024,13,8743758595
9391,79557390,16822653,96380043,7,0,0,47616,19,7134746
9392,79568980,15853862,95422842,3,0,0,26112,13,792622345
9393,79582129,24612247,104194376,5,0,1,5120,10,1377417946
9394,79582881,16867547,96450428,1,0,0,18432,0,8902261356
9395,79588230,16118336,95706566,4,0,0,40448,7,10206495313
9396,79595810,16111894,95707704,3,0,0,3584,13,7732851089
9397,79599220,16204236,95803456,7,0,0,29184,19,9884207745
9398,79608690,15981475,95590165,7,0,0,54784,19,2906607230
9399,79612710,15894590,95507300,3,0,0,7168,13,2122276134
9400,79619530,24579058,104198588,7,0,1,6656,19,1129851222
9401,79638060,16231874,95869934,2,0,0,12288,18,2737212452
9402,79639330,24560564,104199894,4,0,1,2048,7,9201514070
9403,79657650,16054289,95711939,3,0,0,13824,13,623800661
9404,79666481,24535039,104201520,6,0,1,2560,19,3572728586
9405,79668249,24536177,104204426,2,0,1,4608,18,7294574185
9406,79672239,17191407,96863646,5,0,0,8704,10,1164650015
9407,79672930,16273319,95946249,4,0,0,20992,7,1598458509
9408,79677340,16642792,96320132,7,0,0,16896,19,2078139176
9409,79685161,16879717,96564878,1,0,0,14848,0,10410211137
9410,79685650,15908750,95594400,4,0,0,13824,7,5906255238
9411,79686180,16954113,96640293,3,0,0,18944,13,4846460988
9412,79689600,16414485,96104085,2,0,0,44032,18,3978539906
9413,79717080,16114548,95831628,7,0,0,44032,19,86371218
9414,79732790,24473902,104206692,7,0,1,3584,19,3629014283
9415,79746830,17436564,97183394,3,0,0,37376,13,937554370
9416,79751140,16290587,96041727,7,0,0,512,19,653959566
9417,79751800,15873086,95624886,2,0,0,2048,18,5164116291
9418,79751960,16092633,95844593,6,0,0,17408,19,2286186197
9419,79758080,24452281,104210361,4,0,1,4096,7,7643634235
9420,79772280,15917092,95689372,3,0,0,3584,13,2665309777
9421,79786290,24429883,104216173,7,0,1,9216,19,659011196
9422,79794301,16023888,95818189,1,0,0,11264,0,1122004397
9423,79815379,16971879,96787258,5,0,0,23040,10,2583400284
9424,79821731,24399729,104221460,6,0,1,25088,19,10152921286
9425,79827100,15939138,95766238,7,0,0,12800,19,9950319729
9426,79832480,15726710,95559190,4,0,0,2560,7,2876127449
9427,79835240,15902769,95738009,4,0,0,2560,7,5850713527
9428,79853530,24368698,104222228,7,0,1,11776,19,4334189118
9429,79874341,24348553,104222894,6,0,1,1024,19,446594783
9430,79877660,16824069,96701729,8,0,0,11776,13,5144303615
9431,79879970,16679534,96559504,7,0,0,8192,19,4742572162
9432,79882700,15911841,95794541,3,0,0,8704,13,266992650
9433,79893460,16241228,96134688,3,0,0,25600,13,7313240001
9434,79897329,24327191,104224520,5,0,1,2560,10,4025155099
9435,79912590,15711649,95624239,7,0,0,6656,19,8563004073
9436,79925620,24302446,104228066,4,0,1,5632,7,2850318596
9437,79927211,15839674,95766885,1,0,0,2048,0,6262131810
9438,79933900,16047329,95981229,4,0,0,15360,7,5133971850
9439,79935219,24296393,104231612,0,0,1,5632,17,7653815646
9440,79945059,15992847,95937906,5,0,0,11264,10,5707905316
9441,79947719,24290460,104238179,2,0,1,31232,18,5595421788
9442,79948770,15652540,95601310,2,0,0,5632,18,4119260484
9443,79957061,24293303,104250364,6,0,1,2048,19,6343142484
9444,79966680,17413448,97380128,4,0,0,9216,7,2568275716
9445,79967239,16231859,96199098,5,0,0,29184,10,4118034111
9446,79990350,16162923,96153273,6,0,0,32768,19,1401237915
9447,79997711,24268451,104266162,6,0,1,19968,19,910107414
9448,80001539,24269449,104270988,0,0,1,7680,17,4162591469
9449,80005659,15809075,95814734,5,0,0,1024,10,506054119
9450,80009150,16103405,96112555,4,0,0,23040,7,7472402943
9451,80023020,15750096,95773116,6,0,0,7680,19,10728972818
9452,80036550,16019033,96055583,8,0,0,15872,13,8831789495
9453,80037800,24258979,104296779,4,0,1,2560,7,1138714654
9454,80043609,15959937,96003546,5,0,0,7680,10,3476149289
9455,80048020,15830186,95878206,3,0,0,21504,13,5483551332
9456,80056740,16021727,96078467,3,0,0,34816,13,1927689185
9457,80066049,24232356,104298405,5,0,1,2560,10,8115191044
9458,80073369,24242492,104315861,5,0,1,30208,10,5336791576
9459,80081830,15818816,95900646,3,0,0,3584,13,1913413555
9460,80088640,15844514,95933154,2,0,0,12800,18,6121646549
9461,80092290,16450017,96542307,6,0,0,23552,19,2289585145
9462,80095730,16538760,96634490,8,0,0,113664,13,2492910821
9463,80123601,16089921,96213522,1,0,0,26112,0,5887636660
9464,80157850,15759494,95917344,8,0,0,7680,13,9535736929
9465,80164239,16075584,96239823,5,0,0,8192,10,5586868098
9466,80177430,15928082,96105512,3,0,0,4608,13,5564931431
9467,80189189,17287053,97476242,5,0,0,91648,10,321601982
9468,80220259,24100248,104320507,5,0,1,1536,10,3679410023
9469,80228680,24096013,104324693,1,0,1,6656,0,3419780251
9470,80230740,15804486,96035226,2,0,0,15360,18,5415357276
9471,80241879,24087640,104329519,2,0,1,7680,18,1088220961
9472,80243250,15881868,96125118,6,0,0,19968,19,7378666695
9473,80259030,16219279,96478309,3,0,0,17920,13,3799843245
9474,80262130,15895222,96157352,6,0,0,13312,19,7692665667
9475,80263359,24066506,104329865,5,0,1,512,10,5571751754
9476,80265619,15814084,96079703,5,0,0,3584,10,5110130437
9477,80271110,16415037,96686147,2,0,0,34816,18,9433975977
9478,80285460,16219736,96505196,3,0,0,36864,13,3888635975
9479,80304480,15966630,96271110,6,0,0,7168,19,7788801795
9480,80323839,17262764,97586603,5,0,0,27136,10,1736868324
9481,80342980,23989471,104332451,4,0,1,4096,7,6157119645
9482,80347620,16046259,96393879,4,0,0,10240,7,6960489302
9483,80371170,16647945,97019115,2,0,0,1536,18,8252305983
9484,80374260,15760607,96134867,4,0,0,512,7,10010539390
9485,80383340,23953297,104336637,3,0,1,6656,13,213537950
9486,80410420,16171641,96582061,6,0,0,56320,19,1931011465
9487,80441919,15899164,96341083,5,0,0,12288,10,9499640236
9488,80456890,16818719,97275609,8,0,0,8192,13,8439935038
9489,80478641,17034906,97513547,1,0,0,5120,0,4999228427
9490,80485270,16111726,96596996,3,0,0,48640,13,306857047
9491,80504240,16007398,96511638,4,0,0,7680,7,5895396940
9492,80519720,23817173,104336893,3,0,1,9216,13,1296657293
9493,80532101,17100516,97632617,1,0,0,5632,0,4849005563
9494,80540720,15968555,96509275,6,0,0,13312,19,5184946098
9495,80543419,15884102,96427521,5,0,0,3584,10,7179014995
9496,80551220,23928137,104479357,8,0,1,232448,13,3118134717
9497,80552970,23950453,104503423,3,0,1,6656,13,7994268593
9498,80599620,23908015,104507635,4,0,1,6656,7,3732616469
9499,80601490,16085328,96686818,6,0,0,2048,19,8799498680
9500,80602170,15625254,96227424,6,0,0,1024,19,5210582809
9501,80602349,23910112,104512461,2,0,1,7680,18,7957234982
9502,80618460,16860301,97478761,3,0,0,8192,13,10258816332
9503,80625630,23888137,104513767,3,0,1,2048,13,9526780546
9504,80627120,15781408,96408528,2,0,0,7168,18,7014202535
9505,80630149,16088687,96718836,5,0,0,27136,10,5349783692
9506,80640141,15819826,96459967,1,0,0,31232,0,2108732603
9507,80655929,15895018,96550947,5,0,0,14336,10,4210082622
9508,80677700,23836413,104514113,4,0,1,512,7,5987443007
9509,80678920,15703798,96382718,3,0,0,8704,13,9710802699
9510,80679850,16307759,96987609,0,0,0,5120,17,6554206803
9511,80685451,15980324,96665775,1,0,0,12288,0,3801357640
9512,80704531,17067616,97772147,1,0,0,44032,0,873935363
9513,80712949,15693372,96406321,5,0,0,28672,10,10557112257
9514,80733940,16055548,96789488,3,0,0,7168,13,6049133495
9515,80773180,16067273,96840453,2,0,0,17408,18,4234648915
9516,80774400,15887600,96662000,6,0,0,50176,19,4307956017
9517,80779750,17120029,97899779,4,0,0,27136,7,7000621289
9518,80780919,16335192,97116111,5,0,0,81920,10,32464761
9519,80788580,16292830,97081410,0,0,0,42496,17,10127376034
9520,80788750,16045911,96834661,4,0,0,6144,7,1766221523
9521,80807530,15792305,96599835,3,0,0,9216,13,10696745947
9522,80821511,23697249,104518760,6,0,1,16896,19,10124262446
9523,80827340,23692393,104519733,9,0,1,12800,17,6073021241
9524,80828579,15595945,96424524,5,0,0,19456,10,5868566282
9525,80830429,16468057,97298486,5,0,0,20480,10,4110742961
9526,80831120,16470889,97302009,6,0,0,4096,19,9068810809
9527,80832639,15629878,96462517,5,0,0,8192,10,5375900991
9528,80838349,23682173,104520522,5,0,1,11776,10,9925707568
9529,80842060,15938155,96780215,8,0,0,59904,13,10285255265
9530,80849410,16232693,97082103,2,0,0,2048,18,5383362512
9531,80851760,16345541,97197301,6,0,0,45568,19,9498170134
9532,80858970,15782914,96641884,4,0,0,5120,7,4523842365
9533,80869470,17145047,98014517,2,0,0,19456,18,4440563712
9534,80890890,15949742,96840632,3,0,0,512,13,6608327643
9535,80892069,23646983,104539052,2,0,1,13824,18,10279175403
9536,80898220,15812325,96710545,6,0,0,19456,19,36998870
9537,80913220,16605035,97518255,2,0,0,9728,18,6748465986
9538,80916850,15885334,96802184,2,0,0,4096,18,660238565
9539,80924619,23620935,104545554,5,0,1,28672,10,727988963
9540,80925209,23628885,104554094,0,0,1,5632,17,4705371724
9541,80929130,16846472,97775602,2,0,0,11264,18,7829363516
9542,80938419,16464126,97402545,5,0,0,16896,10,2189569226
9543,80960750,16647092,97607842,6,0,0,69632,19,7697422023
9544,80978560,15889633,96868193,6,0,0,14848,19,9876774562
9545,81010890,16350202,97361092,4,0,0,86016,7,1641939774
9546,81014040,15509115,96523155,4,0,0,1024,7,2653941561
9547,81018059,15707219,96725278,5,0,0,11264,10,3030857105
9548,81026850,15791808,96818658,2,0,0,4096,18,10042494942
9549,81033289,23532146,104565435,2,0,1,3584,18,864008511
9550,81038810,16248574,97287384,2,0,0,32768,18,4635312790
9551,81047071,16017179,97064250,9,0,0,117248,17,10116667773
9552,81056959,23515800,104572759,5,0,1,7680,10,3734737905
9553,81058170,16453131,97511301,2,0,0,33280,18,9004871486
9554,81097170,16313198,97410368,3,0,0,25600,13,9217233036
9555,81119979,17119564,98239543,5,0,0,47616,10,3336945386
9556,81128830,23483692,104612522,8,0,1,120832,13,1261269451
9557,81133470,16482397,97615867,6,0,0,20992,19,8135647070
9558,81134610,15869851,97004461,4,0,0,6656,7,558768835
9559,81159941,17360979,98520920,9,0,0,22016,17,3701272341
9560,81170740,17622057,98792797,4,0,0,84992,7,437158242
9561,81174590,16326548,97501138,2,0,0,52224,18,3451364804
9562,81192260,15890022,97082282,2,0,0,512,18,1998140256
9563,81217391,15583522,96800913,9,0,0,3584,17,6581958758
9564,81234760,15885898,97120658,2,0,0,14848,18,8675628952
9565,81241149,15734076,96975225,5,0,0,49152,10,8581740083
9566,81265620,15525653,96791273,2,0,0,5632,18,10474995951
9567,81265671,16491337,97757008,9,0,0,9728,17,1170137949
9568,81315070,16168862,97483932,2,0,0,16896,18,9571083484
9569,81319530,23307002,104626532,9,0,1,17408,17,10545568674
9570,81321060,16247577,97568637,3,0,0,45568,13,4416159193
9571,81333440,16099183,97432623,8,0,0,3584,13,8219848653
9572,81355800,15865259,97221059,4,0,0,46592,7,5067549515
9573,81363170,23266268,104629438,4,0,1,4608,7,9871741203
9574,81371901,17456904,98828805,9,0,0,11264,17,499496467
9575,81377020,16548228,97925248,6,0,0,5120,19,7747787361
9576,81417739,17514788,98932527,5,0,0,78336,10,2102527598
9577,81421941,15299882,96721823,9,0,0,9728,17,2221156642
9578,81432199,23246484,104678683,2,0,1,37888,18,324181255
9579,81433669,23253830,104687499,2,0,1,16896,18,5510004106
9580,81435521,16386814,97822335,9,0,0,35328,17,4225689179
9581,81439270,23289752,104729022,8,0,1,78848,13,5670482561
9582,81443850,16608004,98051854,8,0,0,6144,13,4074046823
9583,81460939,23270775,104731714,5,0,1,1536,10,5328202170
9584,81462849,23270950,104733799,5,0,1,10240,10,5704370871
9585,81467630,15739210,97206840,4,0,0,31232,7,497585907
9586,81486389,23261274,104747663,0,0,1,8192,17,9518976764
9587,81514939,23235630,104750569,0,0,1,4608,17,9742812048
9588,81535410,15529331,97064741,8,0,0,1536,13,4192906292
9589,81549199,15882267,97431466,5,0,0,36864,10,1909656313
9590,81567650,15814061,97381711,4,0,0,5120,7,2230089199
9591,81568849,16107350,97676199,5,0,0,79872,10,4038704535
9592,81573060,15808986,97382046,8,0,0,1024,13,3154633117
9593,81578689,23179992,104758681,5,0,1,12288,10,4361309654
9594,81579920,16209515,97789435,2,0,0,3072,18,888760921
9595,81592420,15949835,97542255,3,0,0,17920,13,6072031569
9596,81606140,17841256,99447396,8,0,0,64000,13,2817279705
9597,81609381,16214225,97823606,9,0,0,4096,17,5149153250
9598,81611550,17707828,99319378,4,0,0,128512,7,8326068556
9599,81614280,17513476,99127756,2,0,0,19968,18,9862236689
9600,81617249,16324456,97941705,5,0,0,32768,10,3631065770
9601,81629890,16674360,98304250,4,0,0,42496,7,1670362517
9602,81632070,15382593,97014663,6,0,0,2048,19,4204973887
9603,81632150,15977298,97609448,2,0,0,5120,18,1503587568
9604,81632560,15489213,97121773,8,0,0,3584,13,1777083410
9605,81641730,16521716,98163446,0,0,0,13312,17,9196485077
9606,81671479,17350575,99022054,5,0,0,87552,10,3034934969
9607,81673120,17494978,99168098,2,0,0,91648,18,6821983506
9608,81687170,16447765,98134935,4,0,0,14336,7,3858049863
9609,81689780,15723107,97412887,2,0,0,8192,18,8929265470
9610,81704880,16037254,97742134,2,0,0,62464,18,5282861793
9611,81706340,16581617,98287957,8,0,0,41984,13,8436429654
9612,81737989,23024878,104762867,0,0,1,6656,17,8446476905
9613,81754580,15993216,97747796,3,0,0,9728,13,3964482139
9614,81757930,15768105,97526035,6,0,0,6656,19,4961433459
9615,81768510,16595036,98363546,2,0,0,22528,18,3551926993
9616,81770311,16250648,98020959,9,0,0,13824,17,3427631540
9617,81773330,15909669,97682999,6,0,0,19456,19,4230898513
9618,81774660,17043323,98817983,2,0,0,2560,18,8346714598
9619,81779529,22985284,104764813,2,0,1,3072,18,3696031441
9620,81790669,15996224,97786893,5,0,0,28672,10,2688376027
9621,81803620,16624116,98427736,3,0,0,34304,13,1534004615
9622,81804470,16119151,97923621,4,0,0,74240,7,7776495395
9623,81812449,16119218,97931667,5,0,0,20992,10,5999636342
9624,81836340,15675616,97511956,0,0,0,2048,17,10666478616
9625,81842210,16432924,98275134,6,0,0,116736,19,10732733695
9626,81842530,16174194,98016724,6,0,0,7168,19,9452023959
9627,81864299,16230331,98094630,5,0,0,33280,10,8748221467
9628,81868120,16262424,98130544,6,0,0,37888,19,5466989256
9629,81919750,15803329,97723079,3,0,0,29184,13,4807788289
9630,81922439,22846586,104769025,2,0,1,6656,18,1231080693
9631,81931960,16868200,98800160,4,0,0,24064,7,9019393871
9632,81944350,15865512,97809862,8,0,0,5632,13,3474183789
9633,81946139,16081247,98027386,5,0,0,20992,10,4593035892
9634,81981570,16119133,98100703,3,0,0,5632,13,4890202741
9635,82008620,15852559,97861179,6,0,0,9216,19,8632750003
9636,82014370,15630306,97644676,6,0,0,9216,19,7299915541
9637,82019310,22751981,104771291,4,0,1,3584,7,1188500272
9638,82022329,22757129,104779458,2,0,1,7680,18,2899092467
9639,82024750,16519437,98544187,8,0,0,76288,13,6575559749
9640,82049459,22730870,104780329,2,0,1,12288,18,6913043297
9641,82057250,15619752,97677002,8,0,0,2560,13,8161575662
9642,82064160,15421043,97485203,6,0,0,4096,19,7666427402
9643,82098300,15521825,97620125,0,0,0,9728,17,8024934091
9644,82114410,15502728,97617138,2,0,0,4096,18,4811692456
9645,82115180,16021494,98136674,3,0,0,5632,13,60910206
9646,82119980,16720727,98840707,0,0,0,1024,17,8020103006
9647,82133609,16283652,98417261,5,0,0,29696,10,6730412381
9648,82142890,16245153,98388043,8,0,0,18944,13,1905783001
9649,82148140,16878796,99026936,0,0,0,7168,17,5556641115
9650,82161329,15583480,97744809,5,0,0,8704,10,9891245073
9651,82170219,15914248,98084467,5,0,0,48128,10,4332523663
9652,82175650,15581693,97757343,2,0,0,1024,18,2378640568
9653,82177100,16294898,98471998,2,0,0,15872,18,804382922
9654,82206779,22578315,104785094,2,0,1,512,18,9911560078
9655,82212140,16889384,99101524,4,0,0,16896,7,3028163665
9656,82226430,16814008,99040438,4,0,0,34304,7,1577509755
9657,82227621,15457296,97684917,9,0,0,6144,17,8084019197
9658,82230110,15558366,97788476,8,0,0,5120,13,4298991086
9659,82236210,15754664,97990874,0,0,0,4608,17,8346111344
9660,82239390,16051889,98291279,3,0,0,3584,13,2875250556
9661,82245990,22541050,104787040,3,0,1,3072,13,991754245
9662,82248799,22545973,104794772,0,0,1,12288,17,10512633363
9663,82250920,16401122,98652042,6,0,0,23552,19,5175426967
9664,82254490,15734957,97989447,6,0,0,31232,19,7588997575
9665,82256940,22542658,104799598,4,0,1,7680,7,7946886003
9666,82265089,22535495,104800584,2,0,1,1536,18,5942571558
9667,82271160,16371846,98643006,2,0,0,29184,18,1234560196
9668,82275601,16132589,98408190,9,0,0,66048,17,6242679532
9669,82306080,16377028,98683108,6,0,0,5120,19,10524376514
9670,82325989,16357298,98683287,5,0,0,512,10,4809839577
9671,82336279,15862782,98199061,5,0,0,9728,10,2238650735
9672,82352349,22449221,104801570,0,0,1,1536,17,2583714378
9673,82367089,15575895,97942984,5,0,0,4096,10,7301390794
9674,82377750,15954547,98332297,6,0,0,37376,19,1408719768
9675,82384730,16088071,98472801,6,0,0,2560,19,1517484863
9676,82389219,22413337,104802556,5,0,1,1536,10,7157264011
9677,82396170,15789656,98185826,4,0,0,22528,7,4049675013
9678,82396280,16103833,98500113,6,0,0,3584,19,6008831821
9679,82413950,16188061,98602011,8,0,0,9216,13,10474995539
9680,82433050,15745889,98178939,2,0,0,26624,18,7563592473
9681,82434790,15343271,97778061,2,0,0,2048,18,3108781649
9682,82455349,16147621,98602970,5,0,0,3072,10,1103043387
9683,82458420,16055769,98514189,8,0,0,24576,13,2559823890
9684,82458490,15846563,98305053,8,0,0,2560,13,1425650612
9685,82470480,15849751,98320231,8,0,0,47616,13,1333484801
9686,82477349,17149049,99626398,5,0,0,75264,10,7865380053
9687,82492540,16274338,98766878,8,0,0,32768,13,9699901590
9688,82496229,15886019,98382248,5,0,0,7168,10,2256173266
9689,82538971,22267797,104806768,6,0,1,6656,19,2993295735
9690,82548850,16011139,98559989,0,0,0,48128,17,4820998550
9691,82552930,16020197,98573127,4,0,0,11264,7,1527232744
9692,82562110,15791753,98353863,6,0,0,4096,19,5284769075
9693,82568490,15919600,98488090,6,0,0,13824,19,8898436894
9694,82570689,16128060,98698749,5,0,0,28160,10,3546571347
9695,82603810,22220039,104823849,8,0,1,59392,13,2195085372
9696,82610740,15980653,98591393,2,0,0,10240,18,5031017265
9697,82654939,15443628,98098567,5,0,0,8704,10,628786050
9698,82674660,15764050,98438710,0,0,0,22528,17,1967154471
9699,82675870,16023214,98699084,6,0,0,1024,19,1695169765
9700,82681950,17207571,99889521,6,0,0,71168,19,904413637
9701,82683110,15622590,98305700,0,0,0,2048,17,6531815297
9702,82690480,15651475,98341955,0,0,0,19968,17,1871873381
9703,82696050,16637547,99333597,8,0,0,46592,13,7744669276
9704,82707329,15908285,98615614,5,0,0,6656,10,2915548208
9705,82724769,22109235,104834004,2,0,1,11264,18,5411116058
9706,82745440,16011431,98756871,0,0,0,50176,17,8864492081
9707,82761839,22082964,104844803,5,0,1,18432,10,4218799976
9708,82766270,15523894,98290164,2,0,0,7168,18,814594431
9709,82771410,16207498,98978908,2,0,0,512,18,5230493993
9710,82786050,15955510,98741560,8,0,0,36352,13,1976580341
9711,82806040,15566687,98372727,8,0,0,4096,13,6855365631
9712,82815469,22030307,104845776,2,0,1,12800,18,9373821312
9713,82822689,15722613,98545302,5,0,0,3584,10,4748979861
9714,82827549,22036960,104864509,5,0,1,9216,10,9767213583
9715,82828710,15492176,98320886,4,0,0,2048,7,1449700083
9716,82847460,16546734,99394194,2,0,0,188928,18,3150658237
9717,82850340,15521116,98371456,4,0,0,4608,7,6252913360
9718,82854379,15733871,98588250,5,0,0,7680,10,6323195555
9719,82857190,15957875,98815065,2,0,0,10752,18,10596821575
9720,82881830,16336133,99217963,8,0,0,14336,13,6470286654
9721,82883810,16256333,99140143,8,0,0,23040,13,3533490198
9722,82902960,16190942,99093902,8,0,0,14336,13,4417135731
9723,82906000,15525815,98431815,4,0,0,13312,7,2694284937
9724,82912300,15650676,98562976,8,0,0,9728,13,1231208840
9725,82922829,16022513,98945342,5,0,0,41984,10,2835004939
9726,82925220,16145213,99070433,4,0,0,69120,7,3806732685
9727,82936020,16480240,99416260,8,0,0,64000,13,6274262325
9728,82965320,16083382,99048702,8,0,0,4096,13,6643388401
9729,82971239,15869133,98840372,5,0,0,37888,10,5953118904
9730,83005190,16980319,99985509,8,0,0,7680,13,3250958101
9731,83010880,21856535,104867415,4,0,1,4608,7,9997521490
9732,83016879,16317521,99334400,5,0,0,2560,10,5169235954
9733,83030700,15625109,98655809,4,0,0,12288,7,7408622735
9734,83044820,15911933,98956753,2,0,0,37376,18,57696898
9735,83050370,16375764,99426134,2,0,0,15872,18,1775767397
9736,83074890,15423101,98497991,2,0,0,512,18,8565677427
9737,83080340,16420204,99500544,2,0,0,28160,18,5799657358
9738,83137490,21786959,104924449,8,0,1,68096,13,7069305231
9739,83160420,15798696,98959116,2,0,0,7680,18,10572099717
9740,83177850,15797266,98975116,2,0,0,3072,18,362544446
9741,83187310,16056563,99243873,4,0,0,35328,7,4741615264
9742,83195750,15676600,98872350,0,0,0,59904,17,4269637164
9743,83225880,16304884,99530764,8,0,0,70144,13,7535888908
9744,83233230,21701032,104934262,4,0,1,16384,7,5205594643
9745,83236550,16253496,99490046,4,0,0,73216,7,8373027992
9746,83238030,16183245,99421275,8,0,0,16384,13,931927468
9747,83273100,15537699,98810799,4,0,0,34816,7,7170152236
9748,83278849,15924782,99203631,5,0,0,10240,10,3921585641
9749,83296299,21640248,104936547,2,0,1,15872,18,3363305861
9750,83315529,21625141,104940670,5,0,1,12288,10,9475035720
9751,83330410,15486394,98816804,2,0,0,5632,18,343981326
9752,83331670,15757841,99089511,2,0,0,31744,18,3317327080
9753,83349390,15216277,98565667,0,0,0,8704,17,7146595747
9754,83351170,15608593,98959763,2,0,0,2048,18,4227172100
9755,83355489,15669240,99024729,5,0,0,8704,10,1350335411
9756,83369950,15592176,98962126,8,0,0,7680,13,6883776305
9757,83376160,16306883,99683043,0,0,0,6144,17,6986592886
9758,83405569,16022304,99427873,5,0,0,5632,10,2407363057
9759,83406349,15476957,98883306,5,0,0,8704,10,4927182750
9760,83408440,15785586,99194026,4,0,0,13312,7,3111136529
9761,83422999,21543365,104966364,0,0,1,13312,17,10731850384
9762,83443669,21528449,104972118,5,0,1,512,10,6268617090
9763,83467380,15722567,99189947,2,0,0,45568,18,10069729565
9764,83473510,15635322,99108832,0,0,0,13312,17,3789146625
9765,83479440,21501050,104980490,4,0,1,24576,7,9166837363
9766,83495000,16013367,99508367,0,0,0,25600,17,7719578612
9767,83515050,16035332,99550382,4,0,0,30208,7,10688057722
9768,83515510,15881203,99396713,8,0,0,8192,13,9160970035
9769,83518840,15609719,99128559,4,0,0,2560,7,7008517833
9770,83528060,15326015,98854075,0,0,0,4096,17,802383227
9771,83531950,16112506,99644456,4,0,0,27136,7,1794249252
9772,83559779,15690703,99250482,5,0,0,16384,10,6490592956
9773,83559950,16133681,99693631,8,0,0,13312,13,10696639907
9774,83575720,15386585,98962305,4,0,0,512,7,10216063531
9775,83590729,16227038,99817767,5,0,0,41472,10,2233703072
9776,83591560,16158394,99749954,8,0,0,14336,13,7379688773
9777,83593830,15217928,98811758,0,0,0,3072,17,4209118388
9778,83603479,21377677,104981156,5,0,1,1024,10,10491095543
9779,83608100,16473813,100081913,2,0,0,57856,18,5507623840
9780,83623319,21358810,104982129,2,0,1,12800,18,7618378586
9781,83630209,21356868,104987077,5,0,1,6144,10,9010017916
9782,83634629,21355994,104990623,0,0,1,5632,17,8989734123
9783,83646400,16140260,99786660,0,0,0,49664,17,3856550251
9784,83663879,15610593,99274472,5,0,0,10240,10,4017819533
9785,83679529,21314866,104994395,2,0,1,23040,18,3175419558
9786,83684350,15395466,99079816,8,0,0,30720,13,5592150142
9787,83694979,21313966,105008945,5,0,1,3584,10,8755455380
9788,83703899,21308733,105012632,2,0,1,15360,18,1771547500
9789,83735970,15798873,99534843,0,0,0,13312,17,5864318470
9790,83749879,21263419,105013298,0,0,1,11264,17,725312137
9791,83756990,15871771,99628761,8,0,0,7680,13,7014614571
9792,83788320,15470155,99258475,8,0,0,1024,13,497493393
9793,83850209,15600533,99450742,5,0,0,2560,10,3999800201
9794,83856780,15395551,99252331,4,0,0,1024,7,9970464399
9795,83861130,15271970,99133100,8,0,0,12288,13,7907153310
9796,83881109,15986681,99867790,5,0,0,39424,10,646876969
9797,83885760,15676354,99562114,0,0,0,25600,17,7485876200
9798,83902810,15868695,99771505,4,0,0,70656,7,3075228669
9799,83915110,15790506,99705616,0,0,0,26624,17,697172197
9800,83922260,21092664,105014924,4,0,1,2560,7,8047747061
9801,83943479,15644537,99588016,5,0,0,18432,10,2457729687
9802,83959449,15981088,99940537,5,0,0,104448,10,3801397522
9803,83983249,15353358,99336607,5,0,0,7168,10,2204271191
9804,83985020,15913618,99898638,0,0,0,8704,17,8548056538
9805,84005130,15942831,99947961,0,0,0,24064,17,5249206367
9806,84055889,20960021,105015910,0,0,1,1536,17,275091780
9807,84066330,15469940,99536270,4,0,0,4608,7,4869817961
9808,84087079,15715383,99802462,5,0,0,27136,10,8895506541
9809,84090190,15377517,99467707,0,0,0,52736,17,2600817798
9810,84090460,15448017,99538477,0,0,0,7168,17,3649876175
9811,84094170,20927898,105022068,8,0,1,27136,13,5605931019
9812,84098470,15646380,99744850,4,0,0,33280,7,1681565718
9813,84100019,15575080,99675099,5,0,0,15360,10,2329837426
9814,84152800,15339141,99491941,8,0,0,6144,13,3183067825
9815,84170269,16016460,100186729,5,0,0,7680,10,4786861080
9816,84181149,15714791,99895940,5,0,0,20992,10,3693844933
9817,84185460,20837594,105023054,4,0,1,1536,7,6866872781
9818,84231499,20792541,105024040,5,0,1,1536,10,6052192640
9819,84239679,16180582,100420261,5,0,0,5632,10,4530357245
9820,84253069,15194678,99447747,5,0,0,1024,10,1409596787
9821,84291820,15797604,100089424,0,0,0,24576,17,1455446144
9822,84321190,15339280,99660470,0,0,0,8704,17,6359712989
9823,84334370,20690336,105024706,4,0,1,1024,7,8862659089
9824,84338110,20810644,105148754,8,0,1,198144,13,6982979468
9825,84351990,15985885,100337875,4,0,0,33792,7,425905638
9826,84370730,20799866,105170596,8,0,1,55296,13,8482815625
9827,84373300,15645458,100018758,8,0,0,22528,13,4913446007
9828,84396220,20933278,105329498,8,0,1,279552,13,2066939727
9829,84403040,15316946,99719986,4,0,0,16896,7,1631929752
9830,84422180,15932589,100354769,0,0,0,55296,17,637431601
9831,84425480,15534984,99960464,0,0,0,40960,17,3765368854
9832,84443329,15264338,99707667,5,0,0,6656,10,10486667750
9833,84461430,20872272,105333702,4,0,1,2560,7,3140220421
9834,84467259,20866789,105334048,0,0,1,512,17,444621875
9835,84474460,15548265,100022725,8,0,0,3584,13,980850118
9836,84477229,20858125,105335354,5,0,1,2048,10,9875039578
9837,84496400,15764092,100260492,8,0,0,17920,13,667177536
9838,84499020,16282973,100781993,8,0,0,66560,13,6427250943
9839,84520409,20819131,105339540,5,0,1,6656,10,7185548442
9840,84601450,15959167,100560617,0,0,0,27136,17,6034151942
9841,84614010,15289487,99903497,4,0,0,15872,7,1978891565
9842,84625259,20719453,105344712,0,0,1,8192,17,9154340629
9843,84637579,20712100,105349679,5,0,1,17408,10,339811500
9844,84646130,15924590,100570720,4,0,0,1024,7,8184679935
9845,84663200,14927658,99590858,0,0,0,2048,17,5567625437
9846,84673319,15120852,99794171,5,0,0,24576,10,1467786121
9847,84697069,20654876,105351945,5,0,1,3584,10,9453825934
9848,84755369,16453513,101208882,5,0,0,23552,10,4865744867
9849,84767850,15931921,100699771,4,0,0,19456,7,6074199548
9850,84775500,15288762,100064262,0,0,0,30720,17,5101160802
9851,84782440,15416084,100198524,8,0,0,11776,13,1372733765
9852,84800939,20829541,105630480,0,0,1,542720,17,9843917449
9853,84813230,15161781,99975011,4,0,0,47616,7,3409612094
9854,84842980,15572243,100415223,8,0,0,29696,13,9330497862
9855,84852710,15130436,99983146,0,0,0,26624,17,626499470
9856,84853560,20777074,105630634,4,0,1,8704,7,27938158
9857,84881000,15257050,100138050,0,0,0,32768,17,4153855870
9858,84883320,14862021,99745341,8,0,0,1536,13,8700256894
9859,84888530,15148267,100036797,4,0,0,4096,7,5400510039
9860,84890810,15266009,100156819,4,0,0,19456,7,6309675704
9861,84893910,15354990,100248900,4,0,0,47616,7,4188859262
9862,84924040,14980572,99904612,4,0,0,3584,7,3476087330
9863,84936090,15496268,100432358,0,0,0,9728,17,7272000475
9864,84956169,20947422,105903591,0,0,1,513024,17,6097683975
9865,84985939,20962932,105948871,0,0,1,68096,17,10142542569
9866,84998679,15752927,100751606,5,0,0,11776,10,8572396304
9867,85025950,20924509,105950459,4,0,1,15872,7,2635210506
9868,85047400,15275978,100323378,4,0,0,3584,7,8069200247
9869,85110930,14988805,100099735,4,0,0,8192,7,8516524248
9870,85182010,15448635,100630645,4,0,0,27136,7,6048087348
9871,85200269,15352034,100552303,5,0,0,11776,10,8960561329
9872,85204919,15417435,100622354,5,0,0,43008,10,7210082991
9873,85233770,15314922,100548692,8,0,0,64512,13,10137332906
9874,85241380,20715822,105957202,4,0,1,18944,7,2963507230
9875,85268710,14926203,100194913,4,0,0,22016,7,3170246606
9876,85279110,14827855,100106965,8,0,0,8192,13,2935905962
9877,85279359,15319826,100599185,5,0,0,29184,10,9136239899
9878,85316960,15384748,100701708,4,0,0,4608,7,9099692652
9879,85321050,15806219,101127269,5,0,0,23040,10,3080133168
9880,85324170,15851243,101175413,8,0,0,17408,13,6249632854
9881,85354810,15388440,100743250,5,0,0,40960,10,4176319131
9882,85366620,20590928,105957548,4,0,1,512,7,10424608409
9883,85392820,15263814,100656634,0,0,0,14848,17,5649530249
9884,85403760,15023421,100427181,8,0,0,7680,13,3350957305
9885,85411470,14863933,100275403,8,0,0,18432,13,2037997074
9886,85433490,20528244,105961734,4,0,1,6656,7,8780821879
9887,85449550,15047066,100496616,8,0,0,44544,13,6742693159
9888,85456450,14908779,100365229,8,0,0,4608,13,2332525863
9889,85484980,14875679,100360659,0,0,0,12288,17,8748329949
9890,85492560,14757143,100249703,5,0,0,2560,10,5562943806
9891,85506620,15904747,101411367,5,0,0,26112,10,7127234834
9892,85557370,15693970,101251340,0,0,0,34816,17,2303866419
9893,85574400,14642858,100217258,5,0,0,512,10,8599746020
9894,85585310,15443949,101029259,8,0,0,60416,13,10321627665
9895,85586200,15175467,100761667,0,0,0,18432,17,4062084134
9896,85618680,20346600,105965280,4,0,1,5632,7,10572950309
9897,85646850,14518303,100165153,5,0,0,512,10,507288099
9898,85671359,20305878,105977237,0,0,1,27136,17,9445022614
9899,85705660,15183705,100889365,8,0,0,57344,13,5523767503
9900,85712580,20293188,106005768,8,0,1,69120,13,8643302601
9901,85761150,14619964,100381114,8,0,0,5120,13,8968727194
9902,85766929,14926891,100693820,5,0,0,45056,10,5767750349
9903,85773720,15095608,100869328,8,0,0,191488,13,5574807915
9904,85791090,14923492,100714582,0,0,0,13312,17,10087227905
9905,85791159,20219998,106011157,5,0,1,17408,10,3228999244
9906,85820850,15051020,100871870,0,0,0,5632,17,3961377631
9907,85849940,14935242,100785182,0,0,0,8192,17,5415705074
9908,85854699,20173460,106028159,5,0,1,6656,10,5168688040
9909,85878339,14477903,100356242,5,0,0,4608,10,4177820920
9910,85904609,14882172,100786781,5,0,0,5120,10,2351534628
9911,85950620,15439798,101390418,4,0,0,38400,7,6403780653
9912,85959260,14542670,100501930,4,0,0,13312,7,4127861992
9913,85973609,14896522,100870131,5,0,0,2560,10,8838419002
9914,85979389,20048924,106028313,5,0,1,8704,10,5858931041
9915,85988790,15129323,101118113,5,0,0,2048,10,7672480113
9916,85997970,20053931,106051901,8,0,1,34816,13,10184337406
9917,86002800,14996472,100999272,4,0,0,39424,7,8107768981
9918,86005800,14937674,100943474,4,0,0,34304,7,8459002615
9919,86011469,14957961,100969430,5,0,0,49664,10,3979942695
9920,86014810,15475773,101490583,8,0,0,5632,13,2244938298
9921,86031910,15085564,101117474,0,0,0,28160,17,10246538750
9922,86036849,20019238,106056087,5,0,1,6656,10,10036459209
9923,86050620,20009333,106059953,4,0,1,6144,7,8776181073
9924,86083830,14956052,101039882,8,0,0,34816,13,44795513
9925,86090920,15056257,101147177,0,0,0,52736,17,5913654861
9926,86095530,15202685,101298215,4,0,0,16384,7,1128091790
9927,86099890,14887347,100987237,0,0,0,58368,17,5088493926
9928,86107240,15133462,101240702,8,0,0,3072,13,5904414520
9929,86125169,19936167,106061336,5,0,1,14848,10,5206307702
9930,86125900,15220171,101346071,8,0,0,40448,13,5998355562
9931,86182640,14424489,100607129,0,0,0,5632,17,6731994563
9932,86189700,14710810,100900510,5,0,0,35328,10,5456705997
9933,86213820,14829524,101043344,0,0,0,2560,17,8041343741
9934,86214840,14674860,100889700,5,0,0,1024,10,2332239265
9935,86246829,19816773,106063602,5,0,1,3584,10,8841846701
9936,86253650,15077712,101331362,5,0,0,50176,10,10284834783
9937,86297929,19830033,106127962,0,0,1,105984,17,1951829850
9938,86303520,14739029,101042549,8,0,0,8704,13,10491778871
9939,86313760,15298239,101611999,5,0,0,70656,10,1673887964
9940,86337760,15065636,101403396,5,0,0,42496,10,7702217526
9941,86343740,15068593,101412333,0,0,0,3072,17,8834072155
9942,86385250,14765686,101150936,5,0,0,12288,10,9148996522
9943,86386950,14906258,101293208,5,0,0,103424,10,77510251
9944,86407650,14182115,100589765,8,0,0,4096,13,382683594
9945,86418670,14937148,101355818,0,0,0,8192,17,2462432111
9946,86423549,19710776,106134325,5,0,1,19968,10,6036464728
9947,86506319,19630618,106136937,5,0,1,4096,10,852256989
9948,86513090,14548386,101061476,8,0,0,13312,13,4011273924
9949,86536290,14893738,101430028,0,0,0,22016,17,8736437622
9950,86544100,14238563,100782663,5,0,0,2048,10,4154704779
9951,86549169,19595961,106145130,5,0,1,21504,10,3237834814
9952,86604220,14186823,100791043,8,0,0,3072,13,5847931803
9953,86616210,14689820,101306030,8,0,0,25600,13,9092010532
9954,86647780,14430373,101078153,5,0,0,9728,10,1885107177
9955,86650480,14093105,100743585,8,0,0,1024,13,8997462689
9956,86673630,14330976,101004606,5,0,0,13312,10,2766162566
9957,86710730,19436666,106147396,8,0,1,3584,13,8925187293
9958,86779160,14703576,101482736,8,0,0,15360,13,3774222100
9959,86832790,14580197,101412987,8,0,0,2048,13,9318015529
9960,86878340,14795916,101674256,5,0,0,41472,10,10489869172
9961,86900640,14361041,101261681,5,0,0,16384,10,8535813861
9962,86934010,14076242,101010252,5,0,0,18432,10,5322591769
9963,86980800,14460404,101441204,8,0,0,23040,13,4473849912
9964,87015430,19165854,106181284,8,0,1,86016,13,10529346436
9965,87030440,13895921,100926361,5,0,0,36352,10,9640399691
9966,87060820,14514645,101575465,8,0,0,22016,13,1355891283
9967,87122730,14117006,101239736,5,0,0,8192,10,704178869
9968,87169210,13831325,101000535,5,0,0,4096,10,4435971744
9969,87181280,14235268,101416548,5,0,0,9728,10,5739623037
9970,87226770,14089274,101316044,5,0,0,8704,10,7109568142
9971,87246810,14366401,101613211,8,0,0,3584,13,6801658183
9972,87263570,14633926,101897496,5,0,0,81920,10,2119569926
9973,87269150,14420001,101689151,5,0,0,48640,10,1007378885
9974,87295100,13961559,101256659,8,0,0,17408,13,1112649208
9975,87300550,14511857,101812407,8,0,0,98304,13,4992313104
9976,87335109,18848121,106183230,5,0,1,3072,10,1208390515
9977,87340610,14619165,101959775,5,0,0,47616,10,2964661079
9978,87415220,13820284,101235504,8,0,0,21504,13,8163387427
9979,87416550,14173906,101590456,5,0,0,49152,10,4842976197
9980,87494180,18698899,106193079,8,0,1,12288,13,9152382804
9981,87567390,14057017,101624407,8,0,0,17920,13,9551673114
9982,87634129,18562816,106196945,5,0,1,6144,10,7975320384
9983,87840920,13630474,101471394,5,0,0,38400,10,3479707649
9984,87846010,13324084,101170094,5,0,0,10752,10,4355828167
9985,87899380,13854087,101753467,5,0,0,10752,10,654253851
9986,87961970,18241684,106203654,8,0,1,7168,13,5749559535
9987,87985240,13828616,101813856,5,0,0,4608,10,9482076727
9988,88023080,13878064,101901144,8,0,0,11776,13,4084302892
9989,88113320,13309985,101423305,8,0,0,20992,13,5549998426
9990,88195610,12913269,101108879,8,0,0,3584,13,202780655
9991,88268409,17936871,106205280,5,0,1,2560,10,364374091
9992,88369580,17836161,106205741,8,0,1,10240,13,3732020929
9993,88436790,12916502,101353292,8,0,0,23552,13,5303505282
9994,88438019,12924133,101362152,5,0,0,11264,10,7074660354
9995,88466000,12847377,101313377,8,0,0,24064,13,5590392966
9996,88473970,12859762,101333732,5,0,0,7680,10,1881528000
9997,88724360,12453876,101178236,5,0,0,9216,10,1263515814
9998,88744340,13196421,101940761,5,0,0,5632,10,4922982425
9999,88778900,12599803,101378703,5,0,0,54272,10,4381202893
